recording_id,measurement_id,sample_index,time_seconds,gt_signal,predicted_signal
902,0,0,0.0,0.020772913144310956,0.029818293174848368
902,0,1,0.03333333333333333,-0.014211751492538477,0.072039771020518
902,0,2,0.06666666666666667,-0.03884602046035097,0.10587760692766164
902,0,3,0.1,-0.04798329844168876,0.1260533082988896
902,0,4,0.13333333333333333,-0.0426450522925095,0.12742026643363513
902,0,5,0.16666666666666666,-0.0278298781072649,0.10500231557872142
902,0,6,0.2,-0.008503889485839237,0.06128831290822929
902,0,7,0.23333333333333334,0.01027146176727154,0.0063686844475345505
902,0,8,0.26666666666666666,0.023602487890781072,-0.04941454559917796
902,0,9,0.3,0.02711992046075478,-0.09531846022622827
902,0,10,0.3333333333333333,0.01874570215976521,-0.12793504039084896
902,0,11,0.36666666666666664,0.00037098848420315245,-0.1509074328109587
902,0,12,0.4,-0.024010446921360062,-0.16842205796497156
902,0,13,0.43333333333333335,-0.05154517797378037,-0.184877851497382
902,0,14,0.4666666666666667,-0.08068650897307425,-0.20762723921837625
902,0,15,0.5,-0.11151319862087056,-0.24661460250282635
902,0,16,0.5333333333333333,-0.14691518238767326,-0.30599502233437625
902,0,17,0.5666666666666667,-0.19061819759522872,-0.3837225822709396
902,0,18,0.6,-0.24511082172177234,-0.47452298980771845
902,0,19,0.6333333333333333,-0.30934493191340945,-0.5694991950618573
902,0,20,0.6666666666666666,-0.37794597789014883,-0.6613377575832112
902,0,21,0.7,-0.4441156979886825,-0.7438750302654243
902,0,22,0.7333333333333333,-0.5002451288599428,-0.8006242880913998
902,0,23,0.7666666666666667,-0.5360981628487519,-0.8047202502044466
902,0,24,0.8,-0.5362667312058892,-0.7336694422768222
902,0,25,0.8333333333333334,-0.48040350537789606,-0.5700510664882676
902,0,26,0.8666666666666667,-0.34936150474976774,-0.32239549731312467
902,0,27,0.9,-0.13854743441020098,-0.02620736244554798
902,0,28,0.9333333333333333,0.1228124731121224,0.2762480832126979
902,0,29,0.9666666666666667,0.37134805110918745,0.5349392509016294
902,0,30,1.0,0.544631780153076,0.7195263724651528
902,0,31,1.0333333333333334,0.6213498038489857,0.8182873015571612
902,0,32,1.0666666666666667,0.6232963855782778,0.8391054777601802
902,0,33,1.1,0.5846975505744212,0.8084574796685704
902,0,34,1.1333333333333333,0.5260760580548302,0.7501584312937464
902,0,35,1.1666666666666667,0.4515070316364515,0.6848433345418676
902,0,36,1.2,0.3638254294568635,0.6222897656935164
902,0,37,1.2333333333333334,0.2755574151922176,0.5615827614936247
902,0,38,1.2666666666666666,0.19991243488483307,0.4971951999020295
902,0,39,1.3,0.13806079753890604,0.41959277455350585
902,0,40,1.3333333333333333,0.08309528548014113,0.3295145554863812
902,0,41,1.3666666666666667,0.030831441808298735,0.23854858312191596
902,0,42,1.4,-0.016951329061353514,0.15314721449154461
902,0,43,1.4333333333333333,-0.05416040523889258,0.07515896340995215
902,0,44,1.4666666666666666,-0.0751564761230141,0.0026971276705063524
902,0,45,1.5,-0.07966313822461772,-0.06916306145223793
902,0,46,1.5333333333333334,-0.0725489586198923,-0.1383182882258011
902,0,47,1.5666666666666667,-0.060651478693267126,-0.1950889721417992
902,0,48,1.6,-0.048549918807841756,-0.23279024645632734
902,0,49,1.6333333333333333,-0.0382139167164124,-0.2474225228656371
902,0,50,1.6666666666666667,-0.03096752032324151,-0.24306962521111758
902,0,51,1.7,-0.02790554596146822,-0.23158787821978094
902,0,52,1.7333333333333334,-0.029909162481207015,-0.2218127883709814
902,0,53,1.7666666666666666,-0.03697455189420939,-0.2193125350368358
902,0,54,1.8,-0.04810865724332197,-0.23165782775188243
902,0,55,1.8333333333333333,-0.06486895016172262,-0.2681678953857166
902,0,56,1.8666666666666667,-0.09253013272353187,-0.3314079099789529
902,0,57,1.9,-0.1352415577751236,-0.41682493705183227
902,0,58,1.9333333333333333,-0.19443643895401244,-0.5154928962745774
902,0,59,1.9666666666666666,-0.26972789015319043,-0.6137575660469308
902,0,60,2.0,-0.35709971111335054,-0.6999522080370532
902,0,61,2.033333333333333,-0.4478464545255573,-0.7640589130887729
902,0,62,2.066666666666667,-0.5310004920650648,-0.7898894323620759
902,0,63,2.1,-0.5943061998536313,-0.755149206860424
902,0,64,2.1333333333333333,-0.6211294211331584,-0.6386619781209866
902,0,65,2.1666666666666665,-0.5908415698125054,-0.4213084374932048
902,0,66,2.2,-0.4817383454354268,-0.12515058833493775
902,0,67,2.2333333333333334,-0.27955091613587657,0.18555220891271945
902,0,68,2.2666666666666666,-0.001409875649864724,0.4610787572915055
902,0,69,2.3,0.2933441691110764,0.6653537022621309
902,0,70,2.3333333333333335,0.5307139788777732,0.781654102356034
902,0,71,2.3666666666666667,0.6658281795020895,0.8115359034948079
902,0,72,2.4,0.7033479723418202,0.773446004168648
902,0,73,2.433333333333333,0.6770229234120598,0.7019020913559958
902,0,74,2.466666666666667,0.6169269054747651,0.625177133268116
902,0,75,2.5,0.5354085834149117,0.5649476427213946
902,0,76,2.533333333333333,0.43763239705544255,0.5235708907197112
902,0,77,2.566666666666667,0.3349058929397295,0.48442787718843167
902,0,78,2.6,0.24076982725183266,0.4368504983059726
902,0,79,2.6333333333333333,0.1615024223024258,0.3767187079260685
902,0,80,2.6666666666666665,0.09319733325531794,0.30523001598479177
902,0,81,2.7,0.030556921526610055,0.2293329159656094
902,0,82,2.7333333333333334,-0.02479345095705572,0.15133362258572342
902,0,83,2.7666666666666666,-0.06601707501823467,0.06943339008111157
902,0,84,2.8,-0.08699935226998366,-0.01579884005514015
902,0,85,2.8333333333333335,-0.08605823928983847,-0.10077976818512542
902,0,86,2.8666666666666667,-0.06564276419671942,-0.17739628731326967
902,0,87,2.9,-0.034242152098590814,-0.23254533555704246
902,0,88,2.933333333333333,-0.004225283343083683,-0.25928739758911146
902,0,89,2.966666666666667,0.014363821293838085,-0.25656532363962864
902,0,90,3.0,0.01794743316497121,-0.22665452150884197
902,0,91,3.033333333333333,0.009409193535807839,-0.17503731841788375
902,0,92,3.066666666666667,-0.007990547051160438,-0.12011942361890468
902,0,93,3.1,-0.034529184560528954,-0.09300284073068016
902,0,94,3.1333333333333333,-0.07182290164856997,-0.10747278203145715
902,0,95,3.1666666666666665,-0.12074598412417485,-0.15974661154851857
902,0,96,3.2,-0.1811344885755914,-0.24379328905213962
902,0,97,3.2333333333333334,-0.25153631211807537,-0.3511073118539969
902,0,98,3.2666666666666666,-0.33062654917683837,-0.47360486645366273
902,0,99,3.3,-0.41630265972454866,-0.6030887086935403
902,0,100,3.3333333333333335,-0.5015451754730191,-0.7250889354055937
902,0,101,3.3666666666666667,-0.5762725804508817,-0.8183805560245497
902,0,102,3.4,-0.6308982553128455,-0.8597866320257959
902,0,103,3.433333333333333,-0.6520306883413418,-0.8242324412635286
902,0,104,3.466666666666667,-0.618435550784463,-0.6973802903462964
902,0,105,3.5,-0.5056147378223895,-0.4763743331906488
902,0,106,3.533333333333333,-0.29774283379635147,-0.18280426479688747
902,0,107,3.566666666666667,-0.008379676169802053,0.13624157696367634
902,0,108,3.6,0.30465945502121194,0.43219355211478133
902,0,109,3.6333333333333333,0.5615445189009423,0.6540179468859625
902,0,110,3.6666666666666665,0.710511219959121,0.7811540094854921
902,0,111,3.7,0.7553886293537034,0.8224275001934258
902,0,112,3.7333333333333334,0.7340389416307189,0.7972125047579148
902,0,113,3.7666666666666666,0.6777308557921854,0.7345050999744094
902,0,114,3.8,0.5974931436697506,0.6583244330100091
902,0,115,3.8333333333333335,0.4964086944566636,0.5874224729451198
902,0,116,3.8666666666666667,0.3838558096934968,0.5282274526726639
902,0,117,3.9,0.27697879333593395,0.4751485806229002
902,0,118,3.933333333333333,0.18617177038362076,0.42342021839142097
902,0,119,3.966666666666667,0.10885148927780673,0.3696318377895788
902,0,120,4.0,0.03959943904698436,0.3124357872365326
902,0,121,4.033333333333333,-0.022207493766348757,0.25301209100724353
902,0,122,4.066666666666666,-0.0724729894821229,0.18908076276205624
902,0,123,4.1,-0.10546040388923728,0.11545723498959687
902,0,124,4.133333333333334,-0.11797083344747579,0.03114963317700098
902,0,125,4.166666666666667,-0.11287380579987796,-0.06000444182564611
902,0,126,4.2,-0.09729786577961712,-0.14798965631639333
902,0,127,4.233333333333333,-0.07900907706494448,-0.21615869535858284
902,0,128,4.266666666666667,-0.06537945041512068,-0.25603584354327114
902,0,129,4.3,-0.06075673131317435,-0.266982216445534
902,0,130,4.333333333333333,-0.06643546463787972,-0.25544881164271377
902,0,131,4.366666666666666,-0.08292130056160475,-0.23462865310773018
902,0,132,4.4,-0.1097896889011112,-0.21726423374193304
902,0,133,4.433333333333334,-0.14643757467621446,-0.21535990081131928
902,0,134,4.466666666666667,-0.19190358911290367,-0.23620624125137424
902,0,135,4.5,-0.2447283630591119,-0.28213366775682225
902,0,136,4.533333333333333,-0.30359360190210694,-0.35247855826361557
902,0,137,4.566666666666666,-0.36681264650296797,-0.4432472995872518
902,0,138,4.6,-0.4312574515779613,-0.5458599100225487
902,0,139,4.633333333333334,-0.4899016538432666,-0.6467474624905742
902,0,140,4.666666666666667,-0.5322143859389085,-0.7301780770050853
902,0,141,4.7,-0.5456135689195528,-0.7780148237428587
902,0,142,4.733333333333333,-0.5126814470456436,-0.7682854619624884
902,0,143,4.766666666666667,-0.41152443960491764,-0.6755246733791849
902,0,144,4.8,-0.2269424925829987,-0.4948829620495712
902,0,145,4.833333333333333,0.02849159025226193,-0.24300178248707843
902,0,146,4.866666666666666,0.3015633539114225,0.05593022989980031
902,0,147,4.9,0.5188855117064748,0.36898829901238095
902,0,148,4.933333333333334,0.6345869011700656,0.6545867056353859
902,0,149,4.966666666666667,0.6592272231890662,0.8613526383207593
902,0,150,5.0,0.6328243922088999,0.9712098247575257
902,0,151,5.033333333333333,0.580680259062408,0.9983469011975038
902,0,152,5.066666666666666,0.508809337347421,0.9651079395094349
902,0,153,5.1,0.4231372667272156,0.9011019735023188
902,0,154,5.133333333333334,0.3356466747298041,0.8195036841526548
902,0,155,5.166666666666667,0.25604837815382614,0.7171035308948048
902,0,156,5.2,0.18457613453250496,0.5882373953016299
902,0,157,5.233333333333333,0.11598994683756941,0.42567848087272425
902,0,158,5.266666666666667,0.04835645438408466,0.22599544275454742
902,0,159,5.3,-0.013673366555719109,-0.009168642099411949
902,0,160,5.333333333333333,-0.06217355799615139,-0.2514477099362184
902,0,161,5.366666666666666,-0.09203600424022595,-0.44485577846802615
902,0,162,5.4,-0.10314262606239669,-0.574021072005573
902,0,163,5.433333333333334,-0.09873451826661753,-0.6632081101255253
902,0,164,5.466666666666667,-0.0837282569603769,-0.7205093020711614
902,0,165,5.5,-0.06498416622770528,-0.7369395530111814
902,0,166,5.533333333333333,-0.05031262883982818,-0.6989515644332578
902,0,167,5.566666666666666,-0.04479219615284434,-0.5886825201337522
902,0,168,5.6,-0.05094925125122236,-0.4015102711678817
902,0,169,5.633333333333334,-0.07046011073444852,-0.14696099585483485
902,0,170,5.666666666666667,-0.10402517044057866,0.1366193463106446
902,0,171,5.7,-0.1511809139541693,0.3813508280470343
902,0,172,5.733333333333333,-0.21012769835142783,0.5353226361483536
902,0,173,5.766666666666667,-0.27740554654449523,0.5623306877910637
902,0,174,5.8,-0.34942316177580357,0.45652879260621737
902,0,175,5.833333333333333,-0.42210292515148073,0.2423914945633318
902,0,176,5.866666666666666,-0.48855488686051657,-0.039907233460804964
902,0,177,5.9,-0.540807105835494,-0.3341357290926651
902,0,178,5.933333333333334,-0.5675478940474281,-0.593473094620595
902,0,179,5.966666666666667,-0.5520735293542597,-0.7797745968803822
902,0,180,6.0,-0.4746527140301223,-0.8576592924248443
902,0,181,6.033333333333333,-0.31515411187202774,-0.7942242447955146
902,0,182,6.066666666666666,-0.07206360275537799,-0.5946801229621826
902,0,183,6.1,0.21424679157216805,-0.30268812135672185
902,0,184,6.133333333333334,0.471881983428438,0.03695113268565168
902,0,185,6.166666666666667,0.6400460182263317,0.3774652932006107
902,0,186,6.2,0.7039842867205466,0.6664000812260651
902,0,187,6.233333333333333,0.6906526074032736,0.8446676090602663
902,0,188,6.266666666666667,0.6361630843472859,0.897750178995653
902,0,189,6.3,0.5594577187758166,0.8548323128106934
902,0,190,6.333333333333333,0.46427455311208543,0.7491429724840005
902,0,191,6.366666666666666,0.35782607984434317,0.6173158588392019
902,0,192,6.4,0.2545035482337454,0.48501392343199157
902,0,193,6.433333333333334,0.16444364466875813,0.36716569740916943
902,0,194,6.466666666666667,0.08758216388890655,0.2645963441245798
902,0,195,6.5,0.019168230017225348,0.16489911683796096
902,0,196,6.533333333333333,-0.041428593407915756,0.06578834794578961
902,0,197,6.566666666666666,-0.08940644969415515,-0.02405402425317943
902,0,198,6.6,-0.11925633285172113,-0.09522781498296153
902,0,199,6.633333333333334,-0.130052043259258,-0.1371660488065249
902,0,200,6.666666666666667,-0.12522775873370756,-0.15312511029382736
902,0,201,6.7,-0.10941442485737353,-0.15971270334139825
902,0,202,6.733333333333333,-0.08873256332913816,-0.16440003145377155
902,0,203,6.766666666666667,-0.07014021007801782,-0.16518674702096714
902,0,204,6.8,-0.05985833969522679,-0.16491991498100905
902,0,205,6.833333333333333,-0.06260113810621498,-0.1711456650514825
902,0,206,6.866666666666666,-0.08013734150831038,-0.1930611260119433
902,0,207,6.9,-0.11183698799978548,-0.24116212255814434
902,0,208,6.933333333333334,-0.15593570888210043,-0.31810967688668623
902,0,209,6.966666666666667,-0.21012595412985657,-0.41828884719174486
902,0,210,7.0,-0.272551862342445,-0.5347212868953581
902,0,211,7.033333333333333,-0.34073596278569596,-0.6585549959394206
902,0,212,7.066666666666666,-0.40990815473885817,-0.7759000607199065
902,0,213,7.1,-0.47382655667306445,-0.8673757644522481
902,0,214,7.133333333333334,-0.5233198285304583,-0.9108179811583278
902,0,215,7.166666666666667,-0.5449116030562281,-0.8813226991419898
902,0,216,7.2,-0.5210011571273429,-0.7589638971001855
902,0,217,7.233333333333333,-0.42930642443447997,-0.529660463846589
902,0,218,7.266666666666667,-0.25310288586075147,-0.20617171266314577
902,0,219,7.3,-0.002554846452953846,0.1705332156572232
902,0,220,7.333333333333333,0.27649476592407896,0.545192991148194
902,0,221,7.366666666666666,0.5261613739854334,0.8470517425362507
902,0,222,7.4,0.7009838060287178,1.0400010195809615
902,0,223,7.433333333333334,0.7766496955820466,1.1213727851660489
902,0,224,7.466666666666667,0.764571867883487,1.1057965123958253
902,0,225,7.5,0.6979441801457753,1.0241318349964954
902,0,226,7.533333333333333,0.5983646836295404,0.9080361226268688
902,0,227,7.566666666666666,0.4806355901093765,0.7896037181408362
902,0,228,7.6,0.3680793980305622,0.6793279527367314
902,0,229,7.633333333333334,0.2769435739630979,0.5666454270616603
902,0,230,7.666666666666667,0.19974513237668665,0.44231839805804846
902,0,231,7.7,0.12302760378847942,0.29953637187137605
902,0,232,7.733333333333333,0.04753666604975525,0.14255820612186482
902,0,233,7.766666666666667,-0.01713753980481171,-0.012335141143179573
902,0,234,7.8,-0.060822645376094525,-0.1527795575691882
902,0,235,7.833333333333333,-0.07852979075795631,-0.2695058931848897
902,0,236,7.866666666666666,-0.07631145974600229,-0.3547740390998857
902,0,237,7.9,-0.06814753692914169,-0.4016850987634666
902,0,238,7.933333333333334,-0.06823491170015578,-0.4095932458376995
902,0,239,7.966666666666667,-0.08655810715639117,-0.3837171368705029
902,0,240,8.0,-0.12834804541085412,-0.34191223042492097
902,0,241,8.033333333333333,-0.19373384314588224,-0.3142827217778954
902,0,242,8.066666666666666,-0.2793238492147493,-0.3219663140506172
902,0,243,8.1,-0.38139301909856715,-0.3766831182984334
902,0,244,8.133333333333333,-0.49642222906134253,-0.47470891319964736
902,0,245,8.166666666666666,-0.6193995202649322,-0.59657411042492
902,0,246,8.2,-0.7399540797258143,-0.7211793455914388
902,0,247,8.233333333333333,-0.8429460430322365,-0.8255401182250536
902,0,248,8.266666666666667,-0.9116991486091561,-0.8859408157084163
902,0,249,8.3,-0.9261877666250147,-0.8779057640843837
902,0,250,8.333333333333334,-0.8587991475763028,-0.7833846289186713
902,0,251,8.366666666666667,-0.6739055714118317,-0.5913870891049946
902,0,252,8.4,-0.3455204895375855,-0.3082117745833283
902,0,253,8.433333333333334,0.102822891189435,0.04128853892694456
902,0,254,8.466666666666667,0.5771424425102221,0.4095303605042597
902,0,255,8.5,0.9533040087233426,0.7249916119306905
902,0,256,8.533333333333333,1.1533779201189935,0.9463102756132811
902,0,257,8.566666666666666,1.1858896592379298,1.0611491744239068
902,0,258,8.6,1.1097298019729374,1.0761048373788913
902,0,259,8.633333333333333,0.9749596176428169,1.0156467004104015
902,0,260,8.666666666666666,0.807088639095829,0.9081609851116963
902,0,261,8.7,0.6255336490484259,0.7855444403599204
902,0,262,8.733333333333333,0.4519340366246426,0.6653164697750554
902,0,263,8.766666666666667,0.30069686157404474,0.5510010918275552
902,0,264,8.8,0.17187916522455404,0.44188275139864613
902,0,265,8.833333333333334,0.05627195511132872,0.33388292098097944
902,0,266,8.866666666666667,-0.04924178351811226,0.22238297391639286
902,0,267,8.9,-0.1365329394215969,0.1031918021394757
902,0,268,8.933333333333334,-0.1956686842332927,-0.01822367526602782
902,0,269,8.966666666666667,-0.2226863433548661,-0.12596524227941347
902,0,270,9.0,-0.22147193650236247,-0.21329874903694795
902,0,271,9.033333333333333,-0.20138181405832378,-0.28199275357182907
902,0,272,9.066666666666666,-0.174582379552997,-0.3318932663424301
902,0,273,9.1,-0.15372717024015584,-0.3603557488224787
902,0,274,9.133333333333333,-0.14805608064552084,-0.37194628113334127
902,0,275,9.166666666666666,-0.1632539657575736,-0.378038197272715
902,0,276,9.2,-0.2014025424321324,-0.3927960092218664
902,0,277,9.233333333333333,-0.2608016334271845,-0.43267608425561643
902,0,278,9.266666666666667,-0.3392098927747471,-0.49991770456981716
902,0,279,9.3,-0.4334463799290159,-0.5821714593015035
902,0,280,9.333333333333334,-0.5371606232584184,-0.6695429978983183
902,0,281,9.366666666666667,-0.6419646464806764,-0.7542971765875569
902,0,282,9.4,-0.7373692505348817,-0.8229003321911318
902,0,283,9.433333333333334,-0.8087016566073914,-0.8558417122479831
902,0,284,9.466666666666667,-0.8344762024642862,-0.8329998270073423
902,0,285,9.5,-0.7829920289201451,-0.7340522686363352
902,0,286,9.533333333333333,-0.6166793109712805,-0.5508212598321792
902,0,287,9.566666666666666,-0.31219350578086114,-0.28830502067693625
902,0,288,9.6,0.1056236011709567,0.028486841698450553
902,0,289,9.633333333333333,0.5476180331451053,0.35327545229418283
902,0,290,9.666666666666666,0.8970466132456274,0.6404422033657623
902,0,291,9.7,1.0813975449755207,0.843919854026357
902,0,292,9.733333333333333,1.1118086216939198,0.9532059226870617
902,0,293,9.766666666666667,1.0457138829037453,0.9921251067984274
902,0,294,9.8,0.926573548681723,0.9838359636022302
902,0,295,9.833333333333334,0.7718180718811297,0.9498269733959674
902,0,296,9.866666666666667,0.5979880177638288,0.9007822625912184
902,0,297,9.9,0.43168126791852945,0.836490908038622
902,0,298,9.933333333333334,0.2930430065067061,0.7567282278432095
902,0,299,9.966666666666667,0.18199794822960527,0.6617301935556812
902,0,300,10.0,0.08591468783363246,0.5502743893206524
902,0,301,10.033333333333333,-0.004239952132914851,0.4204348487204713
902,0,302,10.066666666666666,-0.08736060224110115,0.2740292828074792
902,0,303,10.1,-0.15469253170763772,0.11756132014943865
902,0,304,10.133333333333333,-0.1979163697800444,-0.040680175804484034
902,0,305,10.166666666666666,-0.21573323053957388,-0.18965851222909103
902,0,306,10.2,-0.21206281357757178,-0.32247251089494755
902,0,307,10.233333333333333,-0.1937411121129769,-0.4354026962211215
902,0,308,10.266666666666667,-0.17045510620133286,-0.5286062819604705
902,0,309,10.3,-0.15249210749486236,-0.6052247723314845
902,0,310,10.333333333333334,-0.1485123552982793,-0.6708572375044284
902,0,311,10.366666666666667,-0.16648857577123716,-0.7327880633934515
902,0,312,10.4,-0.21030498471456943,-0.79427483653754
902,0,313,10.433333333333334,-0.2772454969215231,-0.8539734596836976
902,0,314,10.466666666666667,-0.3619962612947879,-0.9040947686362213
902,0,315,10.5,-0.4594518745965873,-0.9301930812691324
902,0,316,10.533333333333333,-0.5659710150463277,-0.9144580381556386
902,0,317,10.566666666666666,-0.6759465128766767,-0.8360621654735025
902,0,318,10.6,-0.7747812406565985,-0.675414613119392
902,0,319,10.633333333333333,-0.8353711906590633,-0.41533421977087304
902,0,320,10.666666666666666,-0.8192542612650624,-0.08750521847336387
902,0,321,10.7,-0.6813819458345937,0.226507520535111
902,0,322,10.733333333333333,-0.3916003117954102,0.4855090724159049
902,0,323,10.766666666666667,0.021786134766212047,0.6875398875368599
902,0,324,10.8,0.45837588883628705,0.8247000850904604
902,0,325,10.833333333333334,0.7972843159511531,0.8818627118858073
902,0,326,10.866666666666667,0.9728644341689217,0.8650107555217159
902,0,327,10.9,1.0037938981271761,0.8006035602695856
902,0,328,10.933333333333334,0.9477705866154102,0.7166547814898448
902,0,329,10.966666666666667,0.8451467011273717,0.642358120184293
902,0,330,11.0,0.7109395109384595,0.5848582083342277
902,0,331,11.033333333333333,0.5588471730469918,0.529575413522754
902,0,332,11.066666666666666,0.412591163597352,0.46932008483337073
902,0,333,11.1,0.2899070173139345,0.40492126264068923
902,0,334,11.133333333333333,0.18850256753473182,0.332345521404207
902,0,335,11.166666666666666,0.09558323332274349,0.24332391831532257
902,0,336,11.2,0.005862203678439107,0.14175204329410884
902,0,337,11.233333333333333,-0.07309077970233924,0.04428271327911183
902,0,338,11.266666666666667,-0.12908859839224585,-0.04513919594446823
902,0,339,11.3,-0.1530459354128266,-0.13461518990710936
902,0,340,11.333333333333334,-0.14390199992013794,-0.22397088377113866
902,0,341,11.366666666666667,-0.11195928009963416,-0.30404230649188635
902,0,342,11.4,-0.07283070870001146,-0.36987013808928215
902,0,343,11.433333333333334,-0.04135195372076518,-0.42019947003681907
902,0,344,11.466666666666667,-0.031231722052576058,-0.4565133158842119
902,0,345,11.5,-0.05091897199906171,-0.48257629158511206
902,0,346,11.533333333333333,-0.10144943836239256,-0.5061973998935226
902,0,347,11.566666666666666,-0.18013707662570466,-0.5387883080660002
902,0,348,11.6,-0.28062304560828194,-0.5797584014430234
902,0,349,11.633333333333333,-0.3944081456079568,-0.6162955309132414
902,0,350,11.666666666666666,-0.5140619224280834,-0.6391061044488537
902,0,351,11.7,-0.6307296712173858,-0.6424470679595765
902,0,352,11.733333333333333,-0.733620912149568,-0.6287509486879425
902,0,353,11.766666666666667,-0.8115294499310024,-0.6085850986830273
902,0,354,11.8,-0.8524757912801706,-0.5724612793445968
902,0,355,11.833333333333334,-0.8415165223900606,-0.4913290912166816
902,0,356,11.866666666666667,-0.7548235683175839,-0.34375482973740545
902,0,357,11.9,-0.5584805313721407,-0.11721018012195353
902,0,358,11.933333333333334,-0.2296555681831712,0.16517357159900012
902,0,359,11.966666666666667,0.1995922314312723,0.4435549387337889
902,0,360,12.0,0.6271006931838817,0.6809856053084696
902,0,361,12.033333333333333,0.9340024784541944,0.8623942040716895
902,0,362,12.066666666666666,1.0630475108832171,0.9769058986878694
902,0,363,12.1,1.0435447607809105,1.0167885889267558
902,0,364,12.133333333333333,0.9411895448988613,0.9901311631749177
902,0,365,12.166666666666666,0.8031365768689455,0.9202848512072912
902,0,366,12.2,0.6535398117634239,0.825025984851457
902,0,367,12.233333333333333,0.5107608448948082,0.7165368919403349
902,0,368,12.266666666666667,0.3902173944734804,0.6025523298986751
902,0,369,12.3,0.2942953594238456,0.4869394791986412
902,0,370,12.333333333333334,0.21085225453145187,0.37025566121026404
902,0,371,12.366666666666667,0.12836486061338181,0.2506152884439596
902,0,372,12.4,0.048648272279372885,0.12541103246765947
902,0,373,12.433333333333334,-0.015867499370029042,-0.007677410918497191
902,0,374,12.466666666666667,-0.05294603039820664,-0.14626309561750223
902,0,375,12.5,-0.05988707332345161,-0.2822784818311024
902,0,376,12.533333333333333,-0.04424011498235246,-0.40456022812489506
902,0,377,12.566666666666666,-0.01794459989165488,-0.49810626012347203
902,0,378,12.6,0.00650661665504626,-0.5550720818706248
902,0,379,12.633333333333333,0.017517496770012797,-0.574245369756792
902,0,380,12.666666666666666,0.005998121624147451,-0.562993990613075
902,0,381,12.7,-0.032335144555018125,-0.5368529070474017
902,0,382,12.733333333333333,-0.09670025653399886,-0.5063867986450451
902,0,383,12.766666666666667,-0.1849766332701693,-0.4770337913484833
902,0,384,12.8,-0.2953280841209273,-0.45103120851322687
902,0,385,12.833333333333334,-0.42549258412109237,-0.42755032211274263
902,0,386,12.866666666666667,-0.5721239647725884,-0.4092572420653158
902,0,387,12.9,-0.7286596365615651,-0.4024224234247557
902,0,388,12.933333333333334,-0.8848758385306019,-0.41480399530715895
902,0,389,12.966666666666667,-1.0258014884739242,-0.4555188567289876
902,0,390,13.0,-1.1298711953288731,-0.5027653284600682
902,0,391,13.033333333333333,-1.1680368892779165,-0.5042283858270431
902,0,392,13.066666666666666,-1.1018601972044977,-0.4295150269792723
902,0,393,13.1,-0.8873902635707522,-0.2711047121460093
902,0,394,13.133333333333333,-0.5014327033047962,-0.04546367289622127
902,0,395,13.166666666666666,0.014802440887217914,0.20620152746413362
902,0,396,13.2,0.5451585700231127,0.44409426267887037
902,0,397,13.233333333333333,0.9563568254030729,0.6290808460569688
902,0,398,13.266666666666667,1.1813987834660673,0.7444479734020257
902,0,399,13.3,1.2435742409532304,0.7949813428270187
902,0,400,13.333333333333334,1.2047771492989696,0.7915964438327496
902,0,401,13.366666666666667,1.1091581479494605,0.7506063621926895
902,0,402,13.4,0.9734722126561306,0.6887765299104136
902,0,403,13.433333333333334,0.8099384426236785,0.6231078654621609
902,0,404,13.466666666666667,0.6414165980732138,0.5586128166653737
902,0,405,13.5,0.4888762298665342,0.4886449012592822
902,0,406,13.533333333333333,0.3553918969578058,0.4122564935270968
902,0,407,13.566666666666666,0.23108071439226635,0.33476114656898903
902,0,408,13.6,0.11020251010475426,0.25734109118142207
902,0,409,13.633333333333333,0.0001772063081039027,0.1776284784461019
902,0,410,13.666666666666666,-0.08509538090234516,0.09576274683081307
902,0,411,13.7,-0.13619250604137567,0.01503771481301805
902,0,412,13.733333333333333,-0.15240161932815505,-0.062139606137881206
902,0,413,13.766666666666667,-0.1412860105351937,-0.1336481193444459
902,0,414,13.8,-0.11622240346330998,-0.19568435933583722
902,0,415,13.833333333333334,-0.09138910120885889,-0.2422648363801273
902,0,416,13.866666666666667,-0.07891394265430864,-0.2711906189941517
902,0,417,13.9,-0.0877031665033026,-0.28368787346048385
902,0,418,13.933333333333334,-0.12171559785193631,-0.28611821497580847
902,0,419,13.966666666666667,-0.17914235119222185,-0.2896308443266809
902,0,420,14.0,-0.25621557368299996,-0.30439724823996306
902,0,421,14.033333333333333,-0.3529516560612036,-0.3392390140604336
902,0,422,14.066666666666666,-0.4705122665371184,-0.3987688877373653
902,0,423,14.1,-0.6043322901589763,-0.4829808170885152
902,0,424,14.133333333333333,-0.7454210051978063,-0.5872215868820054
902,0,425,14.166666666666666,-0.8819967538753609,-0.701724136856953
902,0,426,14.2,-0.9967616959110277,-0.8082956104002353
902,0,427,14.233333333333333,-1.0675769219860585,-0.8800546989943424
902,0,428,14.266666666666667,-1.0673589282808609,-0.8928527241795049
902,0,429,14.3,-0.9612058874731124,-0.825517520044566
902,0,430,14.333333333333334,-0.7082081956718593,-0.6652694245221127
902,0,431,14.366666666666667,-0.28869026607131565,-0.40865698313963844
902,0,432,14.4,0.24800777661854145,-0.07957840744495984
902,0,433,14.433333333333334,0.7746529356963485,0.26946985511542093
902,0,434,14.466666666666667,1.151412428596648,0.5884493892430267
902,0,435,14.5,1.3152823359093575,0.8286204362087835
902,0,436,14.533333333333333,1.305201733285386,0.9697885331646456
902,0,437,14.566666666666666,1.2007310027074987,1.0190762816964354
902,0,438,14.6,1.0561188735990819,0.996601896425293
902,0,439,14.633333333333333,0.8918402349915461,0.9344789818266522
902,0,440,14.666666666666666,0.7192034591509241,0.8526741286763034
902,0,441,14.7,0.5553294465372537,0.7588386062121603
902,0,442,14.733333333333333,0.409841008409454,0.6585721855344518
902,0,443,14.766666666666667,0.2735244222701903,0.5559285295483017
902,0,444,14.8,0.1315381483164343,0.4517843166892673
902,0,445,14.833333333333334,-0.019021068553442683,0.34457522067127255
902,0,446,14.866666666666667,-0.16583195188867933,0.23164169472269622
902,0,447,14.9,-0.2902602043109599,0.11012592221315691
902,0,448,14.933333333333334,-0.37465901049311057,-0.015216503118992392
902,0,449,14.966666666666667,-0.41006641194312765,-0.13121212346432737
902,0,450,15.0,-0.40204329395920957,-0.23028719556499228
902,0,451,15.033333333333333,-0.3669052728657062,-0.3097746862919586
902,0,452,15.066666666666666,-0.32348273959797635,-0.36926618541419476
902,0,453,15.1,-0.28590795861335316,-0.40997446898080636
902,0,454,15.133333333333333,-0.2608100304698633,-0.4358695924528823
902,0,455,15.166666666666666,-0.2516889297906971,-0.45320260782648103
902,0,456,15.2,-0.26538311154599326,-0.4649688845571547
902,0,457,15.233333333333333,-0.30873271739059305,-0.4706443565937865
902,0,458,15.266666666666667,-0.38223120253056925,-0.47525143488395477
902,0,459,15.3,-0.48054407646944686,-0.48914279383102105
902,0,460,15.333333333333334,-0.5941816483479823,-0.5185487324511061
902,0,461,15.366666666666667,-0.709525331033567,-0.5652926678067328
902,0,462,15.4,-0.8104988302534708,-0.6162077180128909
902,0,463,15.433333333333334,-0.874775703438122,-0.6432011379458107
902,0,464,15.466666666666667,-0.8656563553730543,-0.6196927035164289
902,0,465,15.5,-0.7356963615178403,-0.5212297605114081
902,0,466,15.533333333333333,-0.44395313827475746,-0.3460227949870672
902,0,467,15.566666666666666,0.005304096832699348,-0.11576211710281832
902,0,468,15.6,0.525129994948556,0.1408146963741222
902,0,469,15.633333333333333,0.9723247247575325,0.3870324175864612
902,0,470,15.666666666666666,1.2349090234329367,0.5846077322517378
902,0,471,15.7,1.29741615020912,0.6929200457566858
902,0,472,15.733333333333333,1.2235140779852172,0.708378374160175
902,0,473,15.766666666666667,1.0854363580924737,0.6636905328467573
902,0,474,15.8,0.9184064594556374,0.5845011377794167
902,0,475,15.833333333333334,0.7342493287926654,0.48893222106273515
902,0,476,15.866666666666667,0.5501150924425742,0.4015133197606615
902,0,477,15.9,0.3877917335980713,0.35314142862581815
902,0,478,15.933333333333334,0.25617322210241317,0.36057486264467115
902,0,479,15.966666666666667,0.14673996516116866,0.42630393382319076
902,0,480,16.0,0.0480668508014539,0.5164560017589178
902,0,481,16.033333333333335,-0.040913822586931936,0.5613315595650726
902,0,482,16.066666666666666,-0.11328978529439471,0.5333481737040143
902,0,483,16.1,-0.16076957547399295,0.4475657075838829
902,0,484,16.133333333333333,-0.17931077462437542,0.32257975869255684
902,0,485,16.166666666666668,-0.17281483731325617,0.18066775514245031
902,0,486,16.2,-0.14875599580778215,0.03442383680731033
902,0,487,16.233333333333334,-0.11587263656361149,-0.1125129818818379
902,0,488,16.266666666666666,-0.08690332102220481,-0.2576441254948058
902,0,489,16.3,-0.07544249021664537,-0.39855885058864826
902,0,490,16.333333333333332,-0.09066789194892948,-0.5324649525667167
902,0,491,16.366666666666667,-0.13881548845695751,-0.6551999808886146
902,0,492,16.4,-0.2252936271339835,-0.7608086054895613
902,0,493,16.433333333333334,-0.3512540437823036,-0.8407962848496103
902,0,494,16.466666666666665,-0.5120201195180332,-0.893971393630901
902,0,495,16.5,-0.6995971520286483,-0.9258955027611651
902,0,496,16.533333333333335,-0.9021748385997348,-0.9337038552114134
902,0,497,16.566666666666666,-1.1012073315057496,-0.9059787274495649
902,0,498,16.6,-1.2671164790394989,-0.8269376320691517
902,0,499,16.633333333333333,-1.3580626936010094,-0.6771353530985004
902,0,500,16.666666666666668,-1.3253817720120968,-0.4556427812597309
902,0,501,16.7,-1.1203951207279503,-0.18121917283035158
902,0,502,16.733333333333334,-0.7131324585013961,0.11127468801592885
902,0,503,16.766666666666666,-0.13179399817103649,0.3698282160261109
902,0,504,16.8,0.5113359195562167,0.5665497329656479
902,0,505,16.833333333333332,1.0580968077980264,0.6965284197673131
902,0,506,16.866666666666667,1.394757343880788,0.7611506245176143
902,0,507,16.9,1.5114079714843265,0.7670486167127449
902,0,508,16.933333333333334,1.4748819844549912,0.7327338769964342
902,0,509,16.966666666666665,1.354780588682798,0.687960845877754
902,0,510,17.0,1.1849954849221664,0.6501785950723825
902,0,511,17.033333333333335,0.983467478031389,0.6243150229928504
902,0,512,17.066666666666666,0.7760220025255579,0.6063347143865508
902,0,513,17.1,0.5879481182915125,0.5835372341667943
902,0,514,17.133333333333333,0.4255161251660355,0.5479034897971096
902,0,515,17.166666666666668,0.278394929607393,0.4965176049971837
902,0,516,17.2,0.13728160656557686,0.4305858039343664
902,0,517,17.233333333333334,0.002754784152085271,0.35582479986006404
902,0,518,17.266666666666666,-0.1165495218536467,0.27162391717870205
902,0,519,17.3,-0.21121901164669474,0.17167443527836923
902,0,520,17.333333333333332,-0.27574437409217645,0.05632771309963003
902,0,521,17.366666666666667,-0.3079113529773577,-0.06661019419407181
902,0,522,17.4,-0.3102576346956215,-0.18878049361945937
902,0,523,17.433333333333334,-0.29180774370690576,-0.3005405872253216
902,0,524,17.466666666666665,-0.2678045330568389,-0.3990949736115602
902,0,525,17.5,-0.25511645189807375,-0.4876921459234087
902,0,526,17.533333333333335,-0.2658786105901597,-0.5719978468283852
902,0,527,17.566666666666666,-0.30520745838807417,-0.6592322264577677
902,0,528,17.6,-0.37086406203092737,-0.7486167695839898
902,0,529,17.633333333333333,-0.45699763938839744,-0.830733018833214
902,0,530,17.666666666666668,-0.557964450840634,-0.8975513484027261
902,0,531,17.7,-0.6698129736278049,-0.9420666102531319
902,0,532,17.733333333333334,-0.7896366300471493,-0.9517371092989467
902,0,533,17.766666666666666,-0.9091531721846734,-0.9085523810742919
902,0,534,17.8,-1.011950774646246,-0.7978713297390032
902,0,535,17.833333333333332,-1.0711254322275854,-0.6092085933439734
902,0,536,17.866666666666667,-1.0434262875605773,-0.3480002022527763
902,0,537,17.9,-0.8756148351850854,-0.03687640075572852
902,0,538,17.933333333333334,-0.5292742369104734,0.28288902572595054
902,0,539,17.966666666666665,-0.0247163370383372,0.5502489533345387
902,0,540,18.0,0.5306619705690712,0.7349234506647317
902,0,541,18.033333333333335,0.9872007147222058,0.8362670655343029
902,0,542,18.066666666666666,1.249347211533622,0.8656592756892096
902,0,543,18.1,1.3245291299677104,0.8453732731896508
902,0,544,18.133333333333333,1.280166852762026,0.7979459023764457
902,0,545,18.166666666666668,1.1766840785618642,0.7456183889878483
902,0,546,18.2,1.042536149875228,0.6959875186419537
902,0,547,18.233333333333334,0.8898639374581889,0.6421345480443478
902,0,548,18.266666666666666,0.734543240668914,0.5808244630320584
902,0,549,18.3,0.5920785244142849,0.5129883263511108
902,0,550,18.333333333333332,0.4625708341770851,0.4397598673395819
902,0,551,18.366666666666667,0.3348050842767117,0.3629609547049928
902,0,552,18.4,0.2041389913091145,0.28394417172001934
902,0,553,18.433333333333334,0.07814406289148787,0.20415997433689861
902,0,554,18.466666666666665,-0.031797032259938574,0.12367814157581375
902,0,555,18.5,-0.11723938812854884,0.04182944605117106
902,0,556,18.533333333333335,-0.1731364657337646,-0.046709549882856444
902,0,557,18.566666666666666,-0.2020117000709851,-0.15109787826640714
902,0,558,18.6,-0.21879272971468008,-0.27155836670321715
902,0,559,18.633333333333333,-0.24343503315324966,-0.39854789455006256
902,0,560,18.666666666666668,-0.2888738836711621,-0.5273511828455555
902,0,561,18.7,-0.3574175926183904,-0.6572447899300111
902,0,562,18.733333333333334,-0.44526434239473145,-0.7827379446028118
902,0,563,18.766666666666666,-0.5493022892413155,-0.8927600723846791
902,0,564,18.8,-0.6689932683336525,-0.9764101071897331
902,0,565,18.833333333333332,-0.8011081218786711,-1.0224701850571873
902,0,566,18.866666666666667,-0.9340366528372395,-1.0194344110795248
902,0,567,18.9,-1.0490958713148393,-0.95552836276646
902,0,568,18.933333333333334,-1.126217198765107,-0.8207178093032338
902,0,569,18.966666666666665,-1.1456184643436873,-0.6075014964328103
902,0,570,19.0,-1.0817844964308145,-0.32571973992371117
902,0,571,19.033333333333335,-0.899121566935905,-0.003865474959344223
902,0,572,19.066666666666666,-0.5634825772768542,0.31907563918037896
902,0,573,19.1,-0.0776624063286535,0.5923645949717653
902,0,574,19.133333333333333,0.4817645110048344,0.7876719240363955
902,0,575,19.166666666666668,0.9800288776060286,0.8978591255061334
902,0,576,19.2,1.303389544759375,0.9323041907102143
902,0,577,19.233333333333334,1.4267477089637424,0.9157778865860686
902,0,578,19.266666666666666,1.400623809644772,0.8694570359032461
902,0,579,19.3,1.2874539193827736,0.8103903837105264
902,0,580,19.333333333333332,1.1237109318354204,0.745299303452987
902,0,581,19.366666666666667,0.9306935470784181,0.6707917899652912
902,0,582,19.4,0.7309118269220858,0.5849348148552667
902,0,583,19.433333333333334,0.5416983387131504,0.4878561258788808
902,0,584,19.466666666666665,0.36481186905511986,0.38060186415855746
902,0,585,19.5,0.1946599080204996,0.26583897653258975
902,0,586,19.533333333333335,0.03449718539514504,0.14620511044746887
902,0,587,19.566666666666666,-0.1023951898629818,0.02511014382789377
902,0,588,19.6,-0.20324652417066344,-0.09648692337204062
902,0,589,19.633333333333333,-0.2631160365872659,-0.2191731674841191
902,0,590,19.666666666666668,-0.28762085106740526,-0.3420721333501521
902,0,591,19.7,-0.2905773213991085,-0.46192548962183033
902,0,592,19.733333333333334,-0.2888217110017192,-0.5741440068810725
902,0,593,19.766666666666666,-0.29720759872349656,-0.6720262620158266
902,0,594,19.8,-0.32662931848731896,-0.7529531164067591
902,0,595,19.833333333333332,-0.3850703898993043,-0.81772493494943
902,0,596,19.866666666666667,-0.4730328357831388,-0.8623949923221248
902,0,597,19.9,-0.5830556815802016,-0.8779053847932436
902,0,598,19.933333333333334,-0.70537004923626,-0.8563861521934683
902,0,599,19.966666666666665,-0.824992379992673,-0.7912821368945555
902,0,600,20.0,-0.917217652123631,-0.675779185260015
902,0,601,20.033333333333335,-0.9502086486915063,-0.5035008194689523
902,0,602,20.066666666666666,-0.8875443708422822,-0.27589027637064506
902,0,603,20.1,-0.6934777978349085,-0.003453559253577959
902,0,604,20.133333333333333,-0.35347212230996083,0.28812010252896625
902,0,605,20.166666666666668,0.0906005310534416,0.5566888934239642
902,0,606,20.2,0.5318468345667446,0.7696129452376963
902,0,607,20.233333333333334,0.8501708669038506,0.9027162492492891
902,0,608,20.266666666666666,0.9857868500996955,0.9554279528113034
902,0,609,20.3,0.964129006844492,0.9498041707010036
902,0,610,20.333333333333332,0.8529340504124427,0.9021937119088852
902,0,611,20.366666666666667,0.7107351212850588,0.822786902367407
902,0,612,20.4,0.5725709485450372,0.722873503898358
902,0,613,20.433333333333334,0.45831485455434645,0.6150899494291493
902,0,614,20.466666666666665,0.3749150032307885,0.5055221777435472
902,0,615,20.5,0.31092637447968063,0.3943294116273485
902,0,616,20.533333333333335,0.24748242588804065,0.2779731847975144
902,0,617,20.566666666666666,0.17545774170134412,0.15016145037211553
902,0,618,20.6,0.09637527171173044,0.00902634806206501
902,0,619,20.633333333333333,0.018763545000660825,-0.14184977244838942
902,0,620,20.666666666666668,-0.04550292044093064,-0.295554533342418
902,0,621,20.7,-0.0888453577105698,-0.44090561849094645
902,0,622,20.733333333333334,-0.11386517444286118,-0.5710430883805155
902,0,623,20.766666666666666,-0.13098699438568234,-0.6825356463820957
902,0,624,20.8,-0.1500399620889313,-0.7713121761074827
902,0,625,20.833333333333332,-0.17983970344958844,-0.8319468635720271
902,0,626,20.866666666666667,-0.22788231981377513,-0.8647933846542692
902,0,627,20.9,-0.2958397312374073,-0.8755295742364971
902,0,628,20.933333333333334,-0.38062859287246675,-0.8613298289344655
902,0,629,20.966666666666665,-0.476012116594537,-0.8108839834458603
902,0,630,21.0,-0.5777776202758441,-0.7140040254844411
902,0,631,21.033333333333335,-0.6819063132764103,-0.5623168607128766
902,0,632,21.066666666666666,-0.7732847084645094,-0.3526292533251056
902,0,633,21.1,-0.8223050054112778,-0.0881621599030468
902,0,634,21.133333333333333,-0.7843542361688517,0.20797960885211114
902,0,635,21.166666666666668,-0.61446917896592,0.4915137958699444
902,0,636,21.2,-0.30744401769595725,0.7206389351604747
902,0,637,21.233333333333334,0.07221155209590246,0.8551443937632048
902,0,638,21.266666666666666,0.4140005811255043,0.8814413981683993
902,0,639,21.3,0.6357246931666232,0.8119398345403387
902,0,640,21.333333333333332,0.7352014185102462,0.6898986088656704
902,0,641,21.366666666666667,0.7619917650609819,0.5886463490127465
902,0,642,21.4,0.7552384493389128,0.5367757640817648
902,0,643,21.433333333333334,0.7243556546972362,0.5180392272735656
902,0,644,21.466666666666665,0.6719650210106891,0.5071127483075906
902,0,645,21.5,0.6080714547442251,0.47047979572767584
902,0,646,21.533333333333335,0.5387173372918819,0.39986845502495755
902,0,647,21.566666666666666,0.45733234682006946,0.3127963040946377
902,0,648,21.6,0.35586994377898523,0.2219591111754693
902,0,649,21.633333333333333,0.23920403948477,0.13555205703305268
902,0,650,21.666666666666668,0.12317833099535987,0.053620396585379385
902,0,651,21.7,0.022901721823735795,-0.031247838737589115
902,0,652,21.733333333333334,-0.05284578660204037,-0.11612632924879175
902,0,653,21.766666666666666,-0.1033611375583052,-0.18714850923542664
902,0,654,21.8,-0.1344162088769829,-0.24303948985900214
902,0,655,21.833333333333332,-0.15426967104963202,-0.2945715809689543
902,0,656,21.866666666666667,-0.17248822148209889,-0.3519450076577406
902,0,657,21.9,-0.19856249764614234,-0.4240672116712911
902,0,658,21.933333333333334,-0.24033719704571502,-0.5124482211058787
902,0,659,21.966666666666665,-0.30355823536245496,-0.6106052170898968
902,0,660,22.0,-0.39029675220293775,-0.7112961736561828
902,0,661,22.033333333333335,-0.4974552646016891,-0.8060182282602742
902,0,662,22.066666666666666,-0.6163426346625481,-0.8830812400528003
902,0,663,22.1,-0.7340681165016928,-0.9272900325893254
902,0,664,22.133333333333333,-0.8360620968148869,-0.9225637224882168
902,0,665,22.166666666666668,-0.9047141516652976,-0.8521367583229981
902,0,666,22.2,-0.917143869839992,-0.7065935005895231
902,0,667,22.233333333333334,-0.8454085701833018,-0.4847241515446336
902,0,668,22.266666666666666,-0.6580402340766717,-0.20099124735961202
902,0,669,22.3,-0.3341332497528637,0.1132004179783479
902,0,670,22.333333333333332,0.10160434241117502,0.4187973286459836
902,0,671,22.366666666666667,0.5591738630979091,0.6678690454428424
902,0,672,22.4,0.9201333848091033,0.835804471218058
902,0,673,22.433333333333334,1.108745912067132,0.9201416700852518
902,0,674,22.466666666666665,1.1316555771868635,0.9319648658651758
902,0,675,22.5,1.046875701682504,0.8949055822972006
902,0,676,22.533333333333335,0.9073837746096933,0.8340191719642875
902,0,677,22.566666666666666,0.7434442356973554,0.7752817363579707
902,0,678,22.6,0.5775325589980145,0.7281629147756953
902,0,679,22.633333333333333,0.43147630349990085,0.6857608029313329
902,0,680,22.666666666666668,0.3143608502116837,0.6387360847863104
902,0,681,22.7,0.21528836900447562,0.57590623393062
902,0,682,22.733333333333334,0.11863296808223575,0.492324954690034
902,0,683,22.766666666666666,0.02360684389453524,0.38992724589862215
902,0,684,22.8,-0.05891224849837212,0.2712164240078288
902,0,685,22.833333333333332,-0.11919961188133586,0.14000215499520374
902,0,686,22.866666666666667,-0.15058427007494415,0.00031773570862843326
902,0,687,22.9,-0.15317006993625126,-0.14266501187185596
902,0,688,22.933333333333334,-0.13849666796520943,-0.2799545107953941
902,0,689,22.966666666666665,-0.12275529317855724,-0.39787972109861824
902,0,690,23.0,-0.1203966808042029,-0.49111387484190794
902,0,691,23.033333333333335,-0.14211036058553517,-0.5618968506082785
902,0,692,23.066666666666666,-0.19095415736445903,-0.6207163311276227
902,0,693,23.1,-0.2640789266231862,-0.6854310123361217
902,0,694,23.133333333333333,-0.3562134870995439,-0.761862385134179
902,0,695,23.166666666666668,-0.4613034874227831,-0.8431228787999293
902,0,696,23.2,-0.5741691684646741,-0.9176505481996454
902,0,697,23.233333333333334,-0.6878409893423713,-0.9689516562706502
902,0,698,23.266666666666666,-0.7926973670137588,-0.981243219679885
902,0,699,23.3,-0.8779591885790647,-0.9395651527531004
902,0,700,23.333333333333332,-0.9274098860088633,-0.8338346051409948
902,0,701,23.366666666666667,-0.9153316318106953,-0.6594899259719519
902,0,702,23.4,-0.8089026314896606,-0.4154341561926967
902,0,703,23.433333333333334,-0.5752947021032773,-0.10539260220463545
902,0,704,23.466666666666665,-0.2034855032887253,0.2440735729383269
902,0,705,23.5,0.26146640174711194,0.5820237704370872
902,0,706,23.533333333333335,0.710386906412038,0.8628444915941142
902,0,707,23.566666666666666,1.0250952589983144,1.0450572598972683
902,0,708,23.6,1.1569228338444992,1.1205430284166633
902,0,709,23.633333333333333,1.1398426277683869,1.1134010539825698
902,0,710,23.666666666666668,1.0358365050881844,1.0490925703946086
902,0,711,23.7,0.8878000952532794,0.9537142273102859
902,0,712,23.733333333333334,0.7212618846205987,0.8454069514166652
902,0,713,23.766666666666666,0.5629401512201173,0.7345034724625776
902,0,714,23.8,0.4324126866120742,0.6229178667285968
902,0,715,23.833333333333332,0.3264771182794903,0.50490360751735
902,0,716,23.866666666666667,0.2307044534645228,0.3765645078641005
902,0,717,23.9,0.14057260419783973,0.23685905887900466
902,0,718,23.933333333333334,0.06351849007173482,0.08835533902606417
902,0,719,23.966666666666665,0.006322957790112535,-0.06177504465050014
902,0,720,24.0,-0.032445965629633644,-0.20472029687946047
902,0,721,24.033333333333335,-0.05738197702416149,-0.3291291150837852
902,0,722,24.066666666666666,-0.07053853182358721,-0.42935508482481366
902,0,723,24.1,-0.07391765948504588,-0.5046506392962364
902,0,724,24.133333333333333,-0.07437648987371694,-0.5578460450284474
902,0,725,24.166666666666668,-0.0822521566066645,-0.5946614800169416
902,0,726,24.2,-0.10593144454420425,-0.6214886455706112
902,0,727,24.233333333333334,-0.1524554956354895,-0.6448949747283235
902,0,728,24.266666666666666,-0.22858611090652825,-0.669314836181198
902,0,729,24.3,-0.334639701090493,-0.6967312483462964
902,0,730,24.333333333333332,-0.46184779263802067,-0.7249313668622771
902,0,731,24.366666666666667,-0.5965762222526841,-0.7473787753079112
902,0,732,24.4,-0.7251983439839371,-0.751208502370489
902,0,733,24.433333333333334,-0.8395340514941296,-0.717468684631302
902,0,734,24.466666666666665,-0.9354926495885639,-0.6300680309060507
902,0,735,24.5,-1.0031047402681887,-0.4765351696779925
902,0,736,24.533333333333335,-1.0194024224678195,-0.2543698662306076
902,0,737,24.566666666666666,-0.9484186462713842,0.027716936840338664
902,0,738,24.6,-0.7485780047234778,0.34569062276831186
902,0,739,24.633333333333333,-0.3952313524048468,0.658793037857258
902,0,740,24.666666666666668,0.07969058213698486,0.9239135013884741
902,0,741,24.7,0.571283941056487,1.0945246800135096
902,0,742,24.733333333333334,0.9503422561918006,1.158356435932316
902,0,743,24.766666666666666,1.1441439924338148,1.1364829912299919
902,0,744,24.8,1.1693618485336015,1.0522260075476324
902,0,745,24.833333333333332,1.0887329905467589,0.9306216329250201
902,0,746,24.866666666666667,0.9549224910353803,0.7880755361401517
902,0,747,24.9,0.7998709802429483,0.6327726348814007
902,0,748,24.933333333333334,0.6498990033882251,0.470189019785593
902,0,749,24.966666666666665,0.5252589830723761,0.30408480599689625
902,0,750,25.0,0.42554494377136515,0.13800487247810556
902,0,751,25.033333333333335,0.3308529869927552,-0.023574820634389648
902,0,752,25.066666666666666,0.2239692319011113,-0.17638008873253808
902,0,753,25.1,0.10749892471867495,-0.3152345336015621
902,0,754,25.133333333333333,-0.001685793373699257,-0.43562301513137125
902,0,755,25.166666666666668,-0.08929577576821847,-0.5327569851919023
902,0,756,25.2,-0.15200171151396183,-0.6052361158487305
902,0,757,25.233333333333334,-0.19398646449141332,-0.6543327553066188
902,0,758,25.266666666666666,-0.22308763716884028,-0.6824252087878611
902,0,759,25.3,-0.25156398032319516,-0.692536174414012
902,0,760,25.333333333333332,-0.29483900542543573,-0.6892644182413978
902,0,761,25.366666666666667,-0.36345175889438747,-0.6785632687058888
902,0,762,25.4,-0.4576610895513684,-0.6643090895763994
902,0,763,25.433333333333334,-0.5703624067361298,-0.6482771142664078
902,0,764,25.466666666666665,-0.6879586349749455,-0.6226654595178633
902,0,765,25.5,-0.7896725671974858,-0.5704720621551296
902,0,766,25.533333333333335,-0.8538893187591295,-0.47892588535610653
902,0,767,25.566666666666666,-0.8644178478074008,-0.3402880650280394
902,0,768,25.6,-0.8053753406956949,-0.1513527027604411
902,0,769,25.633333333333333,-0.65404706997747,0.08539381322599753
902,0,770,25.666666666666668,-0.38880919704055056,0.34764260931117846
902,0,771,25.7,-0.02050118813587355,0.592130363587876
902,0,772,25.733333333333334,0.3799791987774726,0.7809067390589377
902,0,773,25.766666666666666,0.7077238644776537,0.8806029594442524
902,0,774,25.8,0.8906950158436983,0.8846776896748432
902,0,775,25.833333333333332,0.9309885090533695,0.812832623550117
902,0,776,25.866666666666667,0.8823809298734139,0.6953060175767699
902,0,777,25.9,0.7976811361588912,0.5724787480516565
902,0,778,25.933333333333334,0.707072255098446,0.46452513306830767
902,0,779,25.966666666666665,0.629281390894961,0.37169829041660396
902,0,780,26.0,0.5718961837076119,0.29377589286012434
902,0,781,26.033333333333335,0.521204152503114,0.2307419103005107
902,0,782,26.066666666666666,0.45238437319941904,0.17963932719263
902,0,783,26.1,0.35397574639098234,0.13513755981940487
902,0,784,26.133333333333333,0.23789950650449748,0.08996358381015529
902,0,785,26.166666666666668,0.12356652256932246,0.035475652042285116
902,0,786,26.2,0.020389487080748336,-0.03341469661095556
902,0,787,26.233333333333334,-0.07545374285732738,-0.11765249790977728
902,0,788,26.266666666666666,-0.17590406411756832,-0.2181019697499873
902,0,789,26.3,-0.29395915346424795,-0.3348645898489974
902,0,790,26.333333333333332,-0.4365581649024649,-0.45729210091432754
902,0,791,26.366666666666667,-0.5994116558338487,-0.5634100580804907
902,0,792,26.4,-0.7681620073487389,-0.6438002770906476
902,0,793,26.433333333333334,-0.9214592574395712,-0.7010780444756216
902,0,794,26.466666666666665,-1.0402429714949497,-0.7356548802131883
902,0,795,26.5,-1.1154790103108239,-0.7452991891460112
902,0,796,26.533333333333335,-1.141921573074579,-0.72161405863417
902,0,797,26.566666666666666,-1.1077287922255472,-0.6502105371376513
902,0,798,26.6,-0.9904072841467348,-0.5189988044789282
902,0,799,26.633333333333333,-0.7573955599777978,-0.31906366015537097
902,0,800,26.666666666666668,-0.3808328810803743,-0.06897187723807566
902,0,801,26.7,0.11879318764955749,0.18430498449951574
902,0,802,26.733333333333334,0.6443215150060643,0.4141048281148299
902,0,803,26.766666666666666,1.064322339470971,0.6130013517991277
902,0,804,26.8,1.2941176773412364,0.7680485887439179
902,0,805,26.833333333333332,1.33813165092434,0.8597080877871217
902,0,806,26.866666666666667,1.25732016655643,0.8852393029958153
902,0,807,26.9,1.1089912628560359,0.8581144993852095
902,0,808,26.933333333333334,0.9272543697137164,0.7913993505811405
902,0,809,26.966666666666665,0.738992827067119,0.6975812708914924
902,0,810,27.0,0.5710063033969696,0.581473878941354
902,0,811,27.033333333333335,0.43467795824920086,0.44077923031610095
902,0,812,27.066666666666666,0.31795561799573935,0.283687139799281
902,0,813,27.1,0.20194511160401385,0.12969123832803056
902,0,814,27.133333333333333,0.08140344205108073,-0.009067210886014629
902,0,815,27.166666666666668,-0.03421134104510576,-0.12699275976541227
902,0,816,27.2,-0.1353616477005466,-0.22518872292585326
902,0,817,27.233333333333334,-0.21837322430467682,-0.3105266219688415
902,0,818,27.266666666666666,-0.28564286896564534,-0.3869885236064571
902,0,819,27.3,-0.3469798980853892,-0.4548948909717339
902,0,820,27.333333333333332,-0.41687253204531494,-0.5156832411217136
902,0,821,27.366666666666667,-0.5082505004847453,-0.5713501601988135
902,0,822,27.4,-0.6268766018508827,-0.6259534641175077
902,0,823,27.433333333333334,-0.7690344527698326,-0.6850887780870486
902,0,824,27.466666666666665,-0.9207527968143129,-0.7468471776593714
902,0,825,27.5,-1.061988495316985,-0.8014649219786778
902,0,826,27.533333333333335,-1.169344731497547,-0.8335434172171768
902,0,827,27.566666666666666,-1.2157426836317275,-0.8221464468157322
902,0,828,27.6,-1.172180780328408,-0.7490444155109439
902,0,829,27.633333333333333,-1.0062844358342324,-0.599389223009969
902,0,830,27.666666666666668,-0.6850682731586967,-0.36949047032730825
902,0,831,27.7,-0.20783622305586102,-0.06807799507298966
902,0,832,27.733333333333334,0.3523965097074798,0.26541629473030326
902,0,833,27.766666666666666,0.863323753383423,0.5597450484574198
902,0,834,27.8,1.209751151758162,0.7742744143359486
902,0,835,27.833333333333332,1.3615039410504863,0.8979618214236379
902,0,836,27.866666666666667,1.366067298449431,0.939969240150007
902,0,837,27.9,1.2848441835040652,0.9284459484901824
902,0,838,27.933333333333334,1.1479956674091687,0.8872004209314004
902,0,839,27.966666666666665,0.965452344286718,0.8350555839880098
902,0,840,28.0,0.7584751920440074,0.7781369399931749
902,0,841,28.033333333333335,0.5614530348106213,0.7100589992309545
902,0,842,28.066666666666666,0.39738819277488313,0.6261625223862352
902,0,843,28.1,0.2655385989699273,0.524157167656734
902,0,844,28.133333333333333,0.15401476476126252,0.40670933561684414
902,0,845,28.166666666666668,0.057709668835029565,0.2821446558294338
902,0,846,28.2,-0.018968630959842206,0.1559265233755098
902,0,847,28.233333333333334,-0.07229347323235633,0.031460395991487575
902,0,848,28.266666666666666,-0.10333185653128527,-0.0873245506622354
902,0,849,28.3,-0.11670638657253882,-0.19511631160818577
902,0,850,28.333333333333332,-0.12210961734710987,-0.2942220376376932
902,0,851,28.366666666666667,-0.1352327247519849,-0.3936480651919718
902,0,852,28.4,-0.17469844933609086,-0.4947148902914571
902,0,853,28.433333333333334,-0.2559493005793716,-0.5902355047265104
902,0,854,28.466666666666665,-0.38614029574524217,-0.6788493446630953
902,0,855,28.5,-0.5632652189664281,-0.7643251366096802
902,0,856,28.533333333333335,-0.7802709664965621,-0.8485055525905385
902,0,857,28.566666666666666,-1.0239808842248594,-0.9306159596872178
902,0,858,28.6,-1.2606268719720795,-0.9973269817209868
902,0,859,28.633333333333333,-1.4391241619129964,-1.0225540574308865
902,0,860,28.666666666666668,-1.513143516956186,-0.9832939433022223
902,0,861,28.7,-1.4432136217388754,-0.8601392202696662
902,0,862,28.733333333333334,-1.189792380255765,-0.6428852240712867
902,0,863,28.766666666666666,-0.7313513377206822,-0.33176213981904656
902,0,864,28.8,-0.11436589751488968,0.045560086638570356
902,0,865,28.833333333333332,0.527622267791234,0.43247038539049015
902,0,866,28.866666666666667,1.037610212191806,0.7740570131460284
902,0,867,28.9,1.3314718917162605,1.0158463624634804
902,0,868,28.933333333333334,1.430738110540964,1.1390420170496882
902,0,869,28.966666666666665,1.4049565676538505,1.1592735424600298
902,0,870,29.0,1.3050237504096533,1.1012198088261294
902,0,871,29.033333333333335,1.1506664353175526,0.9977135218262491
902,0,872,29.066666666666666,0.9588736938693768,0.8707635967038199
902,0,873,29.1,0.7629207123209328,0.7316501040755511
902,0,874,29.133333333333333,0.5940039235933959,0.5859171366417968
902,0,875,29.166666666666668,0.4564261819343625,0.43422548429903896
902,0,876,29.2,0.33324328104012096,0.27984930377556144
902,0,877,29.233333333333334,0.21170148825106117,0.1297093164617788
902,0,878,29.266666666666666,0.09447917022872755,-0.008562792832474964
902,0,879,29.3,-0.009478566832927166,-0.1257096443391254
902,0,880,29.333333333333332,-0.09447772684011513,-0.2159237298283545
902,0,881,29.366666666666667,-0.15946922864302215,-0.27610726102333466
902,0,882,29.4,-0.20929199445623656,-0.3109465003250544
902,0,883,29.433333333333334,-0.256004291090078,-0.33227782522144067
902,0,884,29.466666666666665,-0.31426450251979543,-0.3524308389511521
902,0,885,29.5,-0.3925809066340056,-0.3836622468903914
902,0,886,29.533333333333335,-0.4902496152031093,-0.43103357070755943
902,0,887,29.566666666666666,-0.6027176595466723,-0.4920010632479582
902,0,888,29.6,-0.7269638403806667,-0.5687295896801737
902,0,889,29.633333333333333,-0.8589812517374212,-0.6675765277770825
902,0,890,29.666666666666668,-0.9874126287305985,-0.7804928703494196
902,0,891,29.7,-1.0944339346477638,-0.8845569246968517
902,0,892,29.733333333333334,-1.1608440318700335,-0.9515422098625693
902,0,893,29.766666666666666,-1.1624348178353487,-0.9480220351610351
902,0,894,29.8,-1.0628314784764132,-0.8524039522692357
902,0,895,29.833333333333332,-0.8170790702854996,-0.6556371629731272
902,0,896,29.866666666666667,-0.4006830422057824,-0.36485198920781503
902,0,897,29.9,0.14309594206542442,-0.004639707697608665
902,0,898,29.933333333333334,0.6932664835729523,0.3840741477542032
902,0,899,29.966666666666665,1.1120773071359973,0.7425480871793098
902,0,900,30.0,1.329907543061083,1.0220878109981772
902,0,901,30.033333333333335,1.3707798072480393,1.1828086224822962
902,0,902,30.066666666666666,1.299961789848846,1.219030651901969
902,0,903,30.1,1.163629465913731,1.1582381164215532
902,0,904,30.133333333333333,0.9830527791078272,1.0339528334187484
902,0,905,30.166666666666668,0.7820958729186639,0.8851785654235748
902,0,906,30.2,0.5959816334894568,0.7351372647062936
902,0,907,30.233333333333334,0.4501055441157351,0.591671390687363
902,0,908,30.266666666666666,0.34182927294891385,0.4536825785218928
902,0,909,30.3,0.25292910859085166,0.312226018195785
902,0,910,30.333333333333332,0.16990813360046836,0.16644524145549805
902,0,911,30.366666666666667,0.0894515872565964,0.024668876309389326
902,0,912,30.4,0.014458528673604504,-0.10471736059466001
902,0,913,30.433333333333334,-0.052954301190804784,-0.21242285079475204
902,0,914,30.466666666666665,-0.11496322770906064,-0.2954505905975564
902,0,915,30.5,-0.17537017048273346,-0.3563334320093175
902,0,916,30.533333333333335,-0.2380476879392798,-0.40027480574448426
902,0,917,30.566666666666666,-0.30723178557450626,-0.4344896957485903
902,0,918,30.6,-0.3857125684309617,-0.4672152914844835
902,0,919,30.633333333333333,-0.47437354852685343,-0.5071704801462438
902,0,920,30.666666666666668,-0.5725389356405942,-0.5599047437284307
902,0,921,30.7,-0.6772271525013529,-0.6273162901338886
902,0,922,30.733333333333334,-0.7856196042013313,-0.7057487926207107
902,0,923,30.766666666666666,-0.8964295655317283,-0.7856052517418515
902,0,924,30.8,-1.0051267063776401,-0.8505718532641834
902,0,925,30.833333333333332,-1.1011689169337942,-0.8775362241480122
902,0,926,30.866666666666667,-1.1687027817900517,-0.8468680004682605
902,0,927,30.9,-1.1857520664708483,-0.7428384250930188
902,0,928,30.933333333333334,-1.1201857812482914,-0.5592849241415095
902,0,929,30.966666666666665,-0.9259528940816701,-0.30060208683297246
902,0,930,31.0,-0.5597680656872566,0.011010089523193094
902,0,931,31.033333333333335,-0.029805111906289983,0.3342528753523604
902,0,932,31.066666666666666,0.5689110583137361,0.6314088557187865
902,0,933,31.1,1.0896863638510343,0.8670333375308428
902,0,934,31.133333333333333,1.4207927202010064,1.0202757919959593
902,0,935,31.166666666666668,1.5442896387905667,1.083725241655839
902,0,936,31.2,1.5124239810577915,1.0657480167387319
902,0,937,31.233333333333334,1.3834796903563438,0.9897471478374582
902,0,938,31.266666666666666,1.1926252929874381,0.8773438626521545
902,0,939,31.3,0.9678955893543331,0.7482827160791551
902,0,940,31.333333333333332,0.7474590882699393,0.6130847283886514
902,0,941,31.366666666666667,0.564229916316898,0.47368273175387426
902,0,942,31.4,0.42312998523029,0.3316839045370245
902,0,943,31.433333333333334,0.3054520092082516,0.18936361587547668
902,0,944,31.466666666666665,0.1926463848261689,0.050660591856265424
902,0,945,31.5,0.08248436077083814,-0.07785414562127331
902,0,946,31.533333333333335,-0.014527958333985111,-0.19223539242649357
902,0,947,31.566666666666666,-0.08727541934812028,-0.290281112252033
902,0,948,31.6,-0.13041488932559764,-0.368763586367315
902,0,949,31.633333333333333,-0.14518288763640924,-0.4227409744666004
902,0,950,31.666666666666668,-0.14012934206337307,-0.44990939905956207
902,0,951,31.7,-0.13180184708291787,-0.45020919568726553
902,0,952,31.733333333333334,-0.13953279759735815,-0.43061130936568964
902,0,953,31.766666666666666,-0.1763623580135573,-0.40485416131431584
902,0,954,31.8,-0.24741351039624854,-0.382853650958182
902,0,955,31.833333333333332,-0.35140429704618714,-0.3705608151699901
902,0,956,31.866666666666667,-0.4820190423712048,-0.36238670088609737
902,0,957,31.9,-0.6333681184819289,-0.34143266546184714
902,0,958,31.933333333333334,-0.800953177153543,-0.29993789114680947
902,0,959,31.966666666666665,-0.9785295217875033,-0.23965807680896692
902,0,960,32.0,-1.1570043382577015,-0.18391708352696937
902,0,961,32.03333333333333,-1.3196542380212404,-0.1773950594122986
902,0,962,32.06666666666667,-1.4374330936436948,-0.22923318854876956
902,0,963,32.1,-1.4705890095566256,-0.3128660269567204
902,0,964,32.13333333333333,-1.3710770992327328,-0.39255736122462737
902,0,965,32.166666666666664,-1.0878425281434172,-0.42389620032372993
902,0,966,32.2,-0.5932087528530506,-0.3815257533414704
902,0,967,32.233333333333334,0.06795663168280186,-0.25972616529762227
902,0,968,32.266666666666666,0.7573423576981448,-0.06853283550306499
902,0,969,32.3,1.3036428424371156,0.16559932747576714
902,0,970,32.333333333333336,1.6087551497375527,0.4013616155036366
902,0,971,32.36666666666667,1.692727170666016,0.5820275001883453
902,0,972,32.4,1.636684665551824,0.6831065096243121
902,0,973,32.43333333333333,1.5031906156311856,0.7116909421447766
902,0,974,32.46666666666667,1.3182689173961557,0.6824311619604707
902,0,975,32.5,1.1023416712863106,0.6168633730593281
902,0,976,32.53333333333333,0.8869914785256781,0.5354927468468237
902,0,977,32.56666666666667,0.6989863947234833,0.4576507193049628
902,0,978,32.6,0.539639678617562,0.39472824276651286
902,0,979,32.63333333333333,0.38848888246916996,0.35040894855985427
902,0,980,32.666666666666664,0.22896238871708063,0.32036574229575343
902,0,981,32.7,0.06504261623855005,0.292730711446843
902,0,982,32.733333333333334,-0.08596036233413393,0.2592417019095964
902,0,983,32.766666666666666,-0.20594296316047242,0.21572631624365407
902,0,984,32.8,-0.28289821154973116,0.15978229878418318
902,0,985,32.833333333333336,-0.3171599643631497,0.09122086413983485
902,0,986,32.86666666666667,-0.32594323766152855,0.012988331270064477
902,0,987,32.9,-0.33742627404708736,-0.06835816661337815
902,0,988,32.93333333333333,-0.37656157781751654,-0.15181186919160505
902,0,989,32.96666666666667,-0.45514237568559607,-0.24129436282208555
902,0,990,33.0,-0.5706195805002863,-0.33650693797469405
902,0,991,33.03333333333333,-0.7110319536793366,-0.43223931876495203
902,0,992,33.06666666666667,-0.8619488617828719,-0.529646183643606
902,0,993,33.1,-1.0124873693955643,-0.6354862479602584
902,0,994,33.13333333333333,-1.155109802446784,-0.7468847999217378
902,0,995,33.166666666666664,-1.2786631930350354,-0.8506392688583619
902,0,996,33.2,-1.362338918309709,-0.9308066732851845
902,0,997,33.233333333333334,-1.3741849482368942,-0.9684264604113846
902,0,998,33.266666666666666,-1.2728828408334931,-0.9436186839376186
902,0,999,33.3,-1.013959871808323,-0.8359192770690005
902,0,1000,33.333333333333336,-0.5692244956799287,-0.6414577361899816
902,0,1001,33.36666666666667,0.031085250826554174,-0.3738926952485963
902,0,1002,33.4,0.6707126070263338,-0.05126408556434567
902,0,1003,33.43333333333333,1.1935466362093106,0.30254545368673585
902,0,1004,33.46666666666667,1.4996922431209063,0.6440294145983853
902,0,1005,33.5,1.5940422649069226,0.9087112885891412
902,0,1006,33.53333333333333,1.5442356652626847,1.0679149914357926
902,0,1007,33.56666666666667,1.4131358373148792,1.1276413107848757
902,0,1008,33.6,1.2372415765319196,1.1030566487095226
902,0,1009,33.63333333333333,1.0428013047477638,1.0175960474219174
902,0,1010,33.666666666666664,0.8583078080536928,0.8930739892061663
902,0,1011,33.7,0.7040190150734663,0.7496635063476641
902,0,1012,33.733333333333334,0.5765310049632943,0.6011199323070193
902,0,1013,33.766666666666666,0.45771174192983743,0.45543637916078605
902,0,1014,33.8,0.33823174675806317,0.31670821513289993
902,0,1015,33.833333333333336,0.2265264936810285,0.18610915758830227
902,0,1016,33.86666666666667,0.13704743857655824,0.0666462151407061
902,0,1017,33.9,0.07609428336039162,-0.035921520115508185
902,0,1018,33.93333333333333,0.039762314777487345,-0.12084805710700498
902,0,1019,33.96666666666667,0.019069036854737348,-0.19160697317911524
902,0,1020,34.0,-0.00022213375376148314,-0.25127957980144
902,0,1021,34.03333333333333,-0.03943117917487712,-0.30187860141235495
902,0,1022,34.06666666666667,-0.12202883652262628,-0.3467768500502736
902,0,1023,34.1,-0.2658947860352599,-0.3901764169653931
902,0,1024,34.13333333333333,-0.47335532611089104,-0.43715279734386286
902,0,1025,34.166666666666664,-0.7213109204036129,-0.4931449790596659
902,0,1026,34.2,-0.969323935763734,-0.5620230874380169
902,0,1027,34.233333333333334,-1.1904797810581922,-0.645548468181902
902,0,1028,34.266666666666666,-1.382657642387295,-0.7390951950365938
902,0,1029,34.3,-1.5475229680568319,-0.8311877792338284
902,0,1030,34.333333333333336,-1.6765734626198006,-0.9055679473973933
902,0,1031,34.36666666666667,-1.7502502264498616,-0.9410376520399742
902,0,1032,34.4,-1.7376513434730863,-0.9199049598494167
902,0,1033,34.43333333333333,-1.5969950073979713,-0.8283032005773554
902,0,1034,34.46666666666667,-1.2778660661655876,-0.6539124597454937
902,0,1035,34.5,-0.7545409821479561,-0.38705692345459364
902,0,1036,34.53333333333333,-0.08496003299922564,-0.04246078395703319
902,0,1037,34.56666666666667,0.591487024654339,0.339165736617073
902,0,1038,34.6,1.1372769859587786,0.70475239129365
902,0,1039,34.63333333333333,1.4960784568566456,0.9875659327560746
902,0,1040,34.666666666666664,1.6958726256009524,1.158396987165934
902,0,1041,34.7,1.7915682479293527,1.2242914668454339
902,0,1042,34.733333333333334,1.8170157035698002,1.2009006532812867
902,0,1043,34.766666666666666,1.7798085729959663,1.1114992969113293
902,0,1044,34.8,1.6824817307980067,0.9784597133025323
902,0,1045,34.833333333333336,1.5313866133211294,0.8232208351957737
902,0,1046,34.86666666666667,1.32294495874176,0.6587495356805335
902,0,1047,34.9,1.0392665275978368,0.49028627618218734
902,0,1048,34.93333333333333,0.6625254192506128,0.323935702598607
902,0,1049,34.96666666666667,0.23621049510536823,0.1677357046782027
902,0,1050,35.0,-0.13984772394357373,0.026620905125017816
902,0,1051,35.03333333333333,-0.41884008809574513,-0.09653836303305567
902,0,1052,35.06666666666667,-0.6073896180607345,-0.199590127821671
902,0,1053,35.1,-0.7144980240834213,-0.28020363120741104
902,0,1054,35.13333333333333,-0.7538585255675896,-0.33678429719864955
902,0,1055,35.166666666666664,-0.7425678873993136,-0.3678608771538143
902,0,1056,35.2,-0.6962538388074098,-0.3780741822642061
902,0,1057,35.233333333333334,-0.6285069292600455,-0.3777449739998732
902,0,1058,35.266666666666666,-0.5547451331867287,-0.3779447702973644
902,0,1059,35.3,-0.4923822455179149,-0.3901176637444037
902,0,1060,35.333333333333336,-0.45672512565200263,-0.4214925377674123
902,0,1061,35.36666666666667,-0.4549174235003378,-0.4747470819820469
902,0,1062,35.4,-0.4818816825057662,-0.5483444964468649
902,0,1063,35.43333333333333,-0.5241007220976787,-0.6361814276838
902,0,1064,35.46666666666667,-0.5676172410125397,-0.7265565143791576
902,0,1065,35.5,-0.598583953635199,-0.8018910899829755
902,0,1066,35.53333333333333,-0.5957621770537989,-0.8408106301647772
902,0,1067,35.56666666666667,-0.5323827358405896,-0.8182602119468616
902,0,1068,35.6,-0.3844327967703327,-0.7190540991949348
902,0,1069,35.63333333333333,-0.14473542480127832,-0.5385359765060538
902,0,1070,35.666666666666664,0.15806689712019573,-0.2774026585265064
902,0,1071,35.7,0.4591658749333551,0.05694798648237478
902,0,1072,35.733333333333334,0.6857277346329193,0.4259001913076363
902,0,1073,35.766666666666666,0.7997980340854,0.7582600455540568
902,0,1074,35.8,0.8127050847927145,1.0072971526377246
902,0,1075,35.833333333333336,0.7574023883714049,1.1496417401535823
902,0,1076,35.86666666666667,0.6613099489604535,1.1837535993572472
902,0,1077,35.9,0.5444301907613548,1.128898707320855
902,0,1078,35.93333333333333,0.4240868621544737,1.0104469510044742
902,0,1079,35.96666666666667,0.3128769429547639,0.8595136928050456
902,0,1080,36.0,0.21597320650666543,0.6940098364536942
902,0,1081,36.03333333333333,0.1312032294161243,0.5192167449165018
902,0,1082,36.06666666666667,0.05378466966090575,0.34202292529596373
902,0,1083,36.1,-0.016816536548578835,0.1720155699316928
902,0,1084,36.13333333333333,-0.07544566414508638,0.01566340719466762
902,0,1085,36.166666666666664,-0.11640833375960197,-0.1225917247984069
902,0,1086,36.2,-0.13808445937342043,-0.23707181559928941
902,0,1087,36.233333333333334,-0.14288368889930092,-0.31996200239916883
902,0,1088,36.266666666666666,-0.13583157555280362,-0.36909692124544025
902,0,1089,36.3,-0.12460453728240083,-0.38735100010806045
902,0,1090,36.333333333333336,-0.11689579919822958,-0.380408137446816
902,0,1091,36.36666666666667,-0.11796705004399574,-0.35639339395783876
902,0,1092,36.4,-0.132491292038289,-0.3243931080909417
902,0,1093,36.43333333333333,-0.16472149263372252,-0.29430350283298157
902,0,1094,36.46666666666667,-0.21602044684558577,-0.2737549197424044
902,0,1095,36.5,-0.2836035565625596,-0.2680639529995758
902,0,1096,36.53333333333333,-0.36135470721771507,-0.2850948040469268
902,0,1097,36.56666666666667,-0.441446704442204,-0.3350520681345938
902,0,1098,36.6,-0.5160395347768771,-0.41535486002786465
902,0,1099,36.63333333333333,-0.5749614257432786,-0.510356226589697
902,0,1100,36.666666666666664,-0.6034885114580204,-0.6028031899984854
902,0,1101,36.7,-0.5854340772104759,-0.6736806546888919
902,0,1102,36.733333333333334,-0.5014227093602516,-0.7013677648034571
902,0,1103,36.766666666666666,-0.3313261525070569,-0.6618026731522364
902,0,1104,36.8,-0.07504024951767137,-0.542150247907781
902,0,1105,36.833333333333336,0.227800597253013,-0.34152207017320096
902,0,1106,36.86666666666667,0.5048281496927458,-0.07319922055376356
902,0,1107,36.9,0.6897473087046395,0.2342368714466804
902,0,1108,36.93333333333333,0.7626873764650153,0.537735367571656
902,0,1109,36.96666666666667,0.7498126262760577,0.7787378702693502
902,0,1110,37.0,0.6883824911878937,0.9237524605805939
902,0,1111,37.03333333333333,0.6010960178856752,0.9635263327798025
902,0,1112,37.06666666666667,0.5001218851642233,0.9077550806361234
902,0,1113,37.1,0.3981789951439817,0.7844714585507967
902,0,1114,37.13333333333333,0.30690194888228683,0.6243672399308648
902,0,1115,37.166666666666664,0.22980330114098393,0.4607693254599597
902,0,1116,37.2,0.16200960974468392,0.3171784204001836
902,0,1117,37.233333333333334,0.09758209566861525,0.20776693756419007
902,0,1118,37.266666666666666,0.03567200952494258,0.14913151044990394
902,0,1119,37.3,-0.01954945309941946,0.16062581425455877
902,0,1120,37.333333333333336,-0.06305104099799944,0.22173081214099183
902,0,1121,37.36666666666667,-0.09312361482982377,0.27261048177515856
902,0,1122,37.4,-0.11256079958865127,0.28973762539932724
902,0,1123,37.43333333333333,-0.1257796371269384,0.28626769313835654
902,0,1124,37.46666666666667,-0.13814632339822663,0.24871835857429933
902,0,1125,37.5,-0.1557036450039389,0.13744914935310165
902,0,1126,37.53333333333333,-0.18325813728668172,-0.04924395536185474
902,0,1127,37.56666666666667,-0.22378687093451677,-0.2742189725717945
902,0,1128,37.6,-0.2761078809312492,-0.5078483506194945
902,0,1129,37.63333333333333,-0.3351994988553038,-0.7272097065432154
902,0,1130,37.666666666666664,-0.3959988261739691,-0.9187671836400938
902,0,1131,37.7,-0.45299603080658385,-1.0771597248900082
902,0,1132,37.733333333333334,-0.4999305651776252,-1.1886724607035095
902,0,1133,37.766666666666666,-0.5332228428296907,-1.2304940022922446
902,0,1134,37.8,-0.5497417859763644,-1.1887780792860647
902,0,1135,37.833333333333336,-0.5387544553823965,-1.058769108888748
902,0,1136,37.86666666666667,-0.48206511580732536,-0.8385195848528526
902,0,1137,37.9,-0.35886385922322495,-0.5299305543744616
902,0,1138,37.93333333333333,-0.15519239573265065,-0.15923718418743588
902,0,1139,37.96666666666667,0.1127020861507339,0.22146421540464678
902,0,1140,38.0,0.38760916732292333,0.5604431244472394
902,0,1141,38.03333333333333,0.5972116617650535,0.805017798138004
902,0,1142,38.06666666666667,0.7004011998980297,0.9392899546571449
902,0,1143,38.1,0.7072007331068486,0.9827755945290552
902,0,1144,38.13333333333333,0.6538068351128412,0.9606664956637898
902,0,1145,38.166666666666664,0.5711489670679618,0.902734386855614
902,0,1146,38.2,0.4759092582970649,0.831364881357002
902,0,1147,38.233333333333334,0.3786811635111549,0.761293982765677
902,0,1148,38.266666666666666,0.2905298264780959,0.6946978313952563
902,0,1149,38.3,0.2174853905220882,0.6216275616991574
902,0,1150,38.333333333333336,0.15492665426748803,0.5356057533840479
902,0,1151,38.36666666666667,0.09571264958194739,0.4343610942905025
902,0,1152,38.4,0.038958877239018024,0.31825002526451246
902,0,1153,38.43333333333333,-0.010807969632869771,0.19102128912561323
902,0,1154,38.46666666666667,-0.0490852186477751,0.0567939319941506
902,0,1155,38.5,-0.07542087035363945,-0.07908262918960723
902,0,1156,38.53333333333333,-0.09007364483242372,-0.20673775008497147
902,0,1157,38.56666666666667,-0.09382009545543825,-0.31101448863214654
902,0,1158,38.6,-0.09240332423258196,-0.3855193920124333
902,0,1159,38.63333333333333,-0.09421639379999483,-0.4319846036934629
902,0,1160,38.666666666666664,-0.10512113910181285,-0.4542853742587193
902,0,1161,38.7,-0.12875352038224241,-0.45793070818663284
902,0,1162,38.733333333333334,-0.16947444018896402,-0.460643418733116
902,0,1163,38.766666666666666,-0.22955968979721175,-0.49177662144662715
902,0,1164,38.8,-0.30577447695007587,-0.5580050385999
902,0,1165,38.833333333333336,-0.3904903219434084,-0.6428864459412136
902,0,1166,38.86666666666667,-0.47286711731135733,-0.7286238103420809
902,0,1167,38.9,-0.5411211031833024,-0.7959731112410936
902,0,1168,38.93333333333333,-0.5836593587568372,-0.8274832894322841
902,0,1169,38.96666666666667,-0.5889213465330885,-0.8075457604110529
902,0,1170,39.0,-0.5447004133760799,-0.720216687848005
902,0,1171,39.03333333333333,-0.4364793202010146,-0.5498703947488852
902,0,1172,39.06666666666667,-0.25344368700524983,-0.29623167363148656
902,0,1173,39.1,-0.006310016796797491,0.0243302666710666
902,0,1174,39.13333333333333,0.2598658954903567,0.37554169854062813
902,0,1175,39.166666666666664,0.4799370214000058,0.6999031267579366
902,0,1176,39.2,0.6064117351167666,0.9511882488811971
902,0,1177,39.233333333333334,0.6369981838717105,1.0933896185545968
902,0,1178,39.266666666666666,0.6029169690168722,1.1235133614440782
902,0,1179,39.3,0.5375316884030652,1.0706022767903924
902,0,1180,39.333333333333336,0.46216796576560276,0.9666508590331606
902,0,1181,39.36666666666667,0.3903558396260387,0.8460434471275737
902,0,1182,39.4,0.33104942577197005,0.7246152806025966
902,0,1183,39.43333333333333,0.2847821852409348,0.6000692245160518
902,0,1184,39.46666666666667,0.24399499494411686,0.4701337969978235
902,0,1185,39.5,0.19964827110205458,0.3335560270772498
902,0,1186,39.53333333333333,0.14784519969343368,0.19028490355285155
902,0,1187,39.56666666666667,0.09241082056831579,0.04250687222473286
902,0,1188,39.6,0.04035201415801747,-0.10451651968548178
902,0,1189,39.63333333333333,-0.004269114243456773,-0.24147432667743143
902,0,1190,39.666666666666664,-0.04133783661663819,-0.360734842573436
902,0,1191,39.7,-0.07302895567510263,-0.4555157298607114
902,0,1192,39.733333333333334,-0.1031234712691406,-0.5268933797263353
902,0,1193,39.766666666666666,-0.1349036315255261,-0.583033197195711
902,0,1194,39.8,-0.1699374769087441,-0.6295660175127
902,0,1195,39.833333333333336,-0.20862804340080734,-0.668981778074063
902,0,1196,39.86666666666667,-0.25122683728820777,-0.7047645704421207
902,0,1197,39.9,-0.29690427502228517,-0.7409922592940944
902,0,1198,39.93333333333333,-0.3421522149500987,-0.771918471035427
902,0,1199,39.96666666666667,-0.38445290191832315,-0.7818885911988663
902,0,1200,40.0,-0.4240731989808477,-0.7604727456644086
902,0,1201,40.03333333333333,-0.45979210231087175,-0.7027320966479862
902,0,1202,40.06666666666667,-0.48518854616312035,-0.6065503610682363
902,0,1203,40.1,-0.4877571298247397,-0.4731687147918583
902,0,1204,40.13333333333333,-0.45142273482783485,-0.2960090674538639
902,0,1205,40.166666666666664,-0.35897325611983805,-0.06189450662740169
902,0,1206,40.2,-0.19599668677688872,0.22390064111433292
902,0,1207,40.233333333333334,0.03146421000262554,0.5360456588471749
902,0,1208,40.266666666666666,0.28118252572093494,0.8277465631806683
902,0,1209,40.3,0.4880101843608633,1.0297852752451466
902,0,1210,40.333333333333336,0.6004877132101567,1.1184201958348614
902,0,1211,40.36666666666667,0.6099742625069117,1.1145683280453873
902,0,1212,40.4,0.5461048456886973,1.043349960879058
902,0,1213,40.43333333333333,0.44930290854575705,0.933364544996639
902,0,1214,40.46666666666667,0.3508406202481775,0.8051028915846069
902,0,1215,40.5,0.27104840663834007,0.6711468920350422
902,0,1216,40.53333333333333,0.22047755756448775,0.5353049612025318
902,0,1217,40.56666666666667,0.19490342223439963,0.39349326067756607
902,0,1218,40.6,0.17834355354778497,0.24327087817632004
902,0,1219,40.63333333333333,0.15733003875077053,0.08498125309625792
902,0,1220,40.666666666666664,0.12725791417687124,-0.0774769655151461
902,0,1221,40.7,0.08847452704702247,-0.23555769708807356
902,0,1222,40.733333333333334,0.04449650659521355,-0.37851636735841426
902,0,1223,40.766666666666666,0.0003895441835830432,-0.492511239262595
902,0,1224,40.8,-0.03906950394792845,-0.5712926625855582
902,0,1225,40.833333333333336,-0.07127003847896196,-0.6154959375407076
902,0,1226,40.86666666666667,-0.09957966592172628,-0.6292055796328679
902,0,1227,40.9,-0.13286359574551146,-0.6194647374751794
902,0,1228,40.93333333333333,-0.1789198552998598,-0.5939896625492329
902,0,1229,40.96666666666667,-0.238009244945872,-0.5609819946958766
902,0,1230,41.0,-0.30455430393625776,-0.5274925898689203
902,0,1231,41.03333333333333,-0.37485272622609983,-0.4994445382863866
902,0,1232,41.06666666666667,-0.4466589397834684,-0.4805765494549174
902,0,1233,41.1,-0.5129522669551477,-0.4725514463543949
902,0,1234,41.13333333333333,-0.5635564643633185,-0.46943400091052867
902,0,1235,41.166666666666664,-0.5887064640976161,-0.4579578835244884
902,0,1236,41.2,-0.5751907358370887,-0.4244599249972882
902,0,1237,41.233333333333334,-0.5026452044991483,-0.3554123902851803
902,0,1238,41.266666666666666,-0.34999012677051244,-0.23549142443029242
902,0,1239,41.3,-0.11406877521249702,-0.048579846534475814
902,0,1240,41.333333333333336,0.17098899177896534,0.19637503855801391
902,0,1241,41.36666666666667,0.4392774931521642,0.46421272943863523
902,0,1242,41.4,0.6271819848275293,0.7157736276698451
902,0,1243,41.43333333333333,0.7083622402057317,0.907050298534832
902,0,1244,41.46666666666667,0.7000076470179032,1.0170305161328665
902,0,1245,41.5,0.6368765542605479,1.0468927876823142
902,0,1246,41.53333333333333,0.5474771113434895,1.0086974548916259
902,0,1247,41.56666666666667,0.4522074460072749,0.9248109086905998
902,0,1248,41.6,0.3670802226621704,0.8102458749505884
902,0,1249,41.63333333333333,0.3007718108271288,0.672843045956967
902,0,1250,41.666666666666664,0.24943701587049763,0.5180743644736046
902,0,1251,41.7,0.20134030591511612,0.3499085079878225
902,0,1252,41.733333333333334,0.1466554739735975,0.17349495670129594
902,0,1253,41.766666666666666,0.08279107583711251,-0.003721290786308451
902,0,1254,41.8,0.014033476497010908,-0.17208717704857684
902,0,1255,41.833333333333336,-0.053839813499557486,-0.31868126005443087
902,0,1256,41.86666666666667,-0.11647820605950004,-0.43725626853318755
902,0,1257,41.9,-0.17268619792564166,-0.5273000151646743
902,0,1258,41.93333333333333,-0.2253575003197232,-0.5904798605239657
902,0,1259,41.96666666666667,-0.27757177206062267,-0.6298910340489354
902,0,1260,42.0,-0.3293408245527225,-0.6549559289803077
902,0,1261,42.03333333333333,-0.37912482987063195,-0.680830772344349
902,0,1262,42.06666666666667,-0.4249617620898637,-0.7115750234519297
902,0,1263,42.1,-0.46488951367909254,-0.7398346083742952
902,0,1264,42.13333333333333,-0.49795892965072547,-0.7577545115987042
902,0,1265,42.166666666666664,-0.5219359697324643,-0.7570159430177358
902,0,1266,42.2,-0.5310977347821281,-0.729612031752465
902,0,1267,42.233333333333334,-0.516237601520474,-0.6681238124819696
902,0,1268,42.266666666666666,-0.464883875207973,-0.5627270645893319
902,0,1269,42.3,-0.3617907987839203,-0.40197759989114557
902,0,1270,42.333333333333336,-0.19185637894518434,-0.18154016200996614
902,0,1271,42.36666666666667,0.04548580745925193,0.09445996212420185
902,0,1272,42.4,0.31588445917835367,0.4001670158274799
902,0,1273,42.43333333333333,0.5533403606735264,0.6866846467774601
902,0,1274,42.46666666666667,0.6972140263976492,0.910031928372733
902,0,1275,42.5,0.7307649833617413,1.0302889035470608
902,0,1276,42.53333333333333,0.6822079658208821,1.041949883073759
902,0,1277,42.56666666666667,0.5924527134467066,0.9731707952166067
902,0,1278,42.6,0.4906531422203866,0.855036895509187
902,0,1279,42.63333333333333,0.39386034988844826,0.7211365029957174
902,0,1280,42.666666666666664,0.31133139683699323,0.5906131435516021
902,0,1281,42.7,0.2416752216864555,0.4685790725981086
902,0,1282,42.733333333333334,0.1762716444566642,0.36546226850586433
902,0,1283,42.766666666666666,0.11007907044076998,0.29761409169056563
902,0,1284,42.8,0.044061440466114495,0.25573142344884825
902,0,1285,42.833333333333336,-0.01851608470368138,0.2056677261968983
902,0,1286,42.86666666666667,-0.07482963096105728,0.1307781048652885
902,0,1287,42.9,-0.1220083201616895,0.032830040141111766
902,0,1288,42.93333333333333,-0.15748534062954175,-0.07775973166506385
902,0,1289,42.96666666666667,-0.18284004163781026,-0.18144470874875157
902,0,1290,43.0,-0.2041405233790825,-0.27534116781449236
902,0,1291,43.03333333333333,-0.2281538002930295,-0.372493289539202
902,0,1292,43.06666666666667,-0.259936744749563,-0.47464046264988147
902,0,1293,43.1,-0.3024983265230775,-0.5714095146595799
902,0,1294,43.13333333333333,-0.35598888762316605,-0.6642317084907731
902,0,1295,43.166666666666664,-0.4162907198577197,-0.7655685369975594
902,0,1296,43.2,-0.4772965749721534,-0.8725683139659736
902,0,1297,43.233333333333334,-0.5312272890405803,-0.9664106427885643
902,0,1298,43.266666666666666,-0.5664232715042934,-1.0281340274947202
902,0,1299,43.3,-0.5694709654234112,-1.0385287242368568
902,0,1300,43.333333333333336,-0.5236997700057419,-0.9784787963164696
902,0,1301,43.36666666666667,-0.4086960787123202,-0.8294861433231744
902,0,1302,43.4,-0.21361251231931755,-0.5864350585723612
902,0,1303,43.43333333333333,0.04563998566738091,-0.2588773910514541
902,0,1304,43.46666666666667,0.31929212923511524,0.12377467699715516
902,0,1305,43.5,0.5396563069734174,0.510666588512859
902,0,1306,43.53333333333333,0.6622639579718013,0.8479070311356333
902,0,1307,43.56666666666667,0.6891664073453561,1.0772663548742427
902,0,1308,43.6,0.6508601097579768,1.1808956525563659
902,0,1309,43.63333333333333,0.5796763656549209,1.1801284795569442
902,0,1310,43.666666666666664,0.49803857482681135,1.1016318039189699
902,0,1311,43.7,0.4205038819103254,0.9765972006614729
902,0,1312,43.733333333333334,0.357503066666373,0.8298587845453457
902,0,1313,43.766666666666666,0.3096196184140828,0.6800566424482278
902,0,1314,43.8,0.26624046956176417,0.5375219125117725
902,0,1315,43.833333333333336,0.21615949176588112,0.40506567032891405
902,0,1316,43.86666666666667,0.15425937428790265,0.2808475872089867
902,0,1317,43.9,0.08210457994670867,0.15941786294143104
902,0,1318,43.93333333333333,0.008329227123787149,0.037462148998564385
902,0,1319,43.96666666666667,-0.05706418272159826,-0.08517337335468549
902,0,1320,44.0,-0.11041020369588425,-0.20209785022375548
902,0,1321,44.03333333333333,-0.15208105839831065,-0.29961100207768465
902,0,1322,44.06666666666667,-0.18391478965637398,-0.3697112518958928
902,0,1323,44.1,-0.21094390176871614,-0.4095564789334167
902,0,1324,44.13333333333333,-0.23927574070576746,-0.42760514483828793
902,0,1325,44.166666666666664,-0.27330987823168795,-0.4430244040794329
902,0,1326,44.2,-0.31520425562916926,-0.4668859334190347
902,0,1327,44.233333333333334,-0.36645886528971694,-0.5016899717090921
902,0,1328,44.266666666666666,-0.4275262957523876,-0.5491007748143453
902,0,1329,44.3,-0.49218328352056406,-0.609624725415874
902,0,1330,44.333333333333336,-0.5489947875718542,-0.6821532295637122
902,0,1331,44.36666666666667,-0.5863688272149077,-0.7635614382592844
902,0,1332,44.4,-0.5911181161874393,-0.8322333584287334
902,0,1333,44.43333333333333,-0.5468845327794877,-0.8481265303126704
902,0,1334,44.46666666666667,-0.4322352562639385,-0.7787951976278964
902,0,1335,44.5,-0.2324349659339919,-0.6002573401449709
902,0,1336,44.53333333333333,0.03589676285218581,-0.3173812337980715
902,0,1337,44.56666666666667,0.3175369200152042,0.03491583320973711
902,0,1338,44.6,0.5411656647495425,0.41082493854470215
902,0,1339,44.63333333333333,0.6656278501439734,0.7523778186815218
902,0,1340,44.666666666666664,0.7017687375900241,1.0147454053269946
902,0,1341,44.7,0.6812304101989839,1.165026517061571
902,0,1342,44.733333333333334,0.6273776846105796,1.2001290472836192
902,0,1343,44.766666666666666,0.5555872041614288,1.1457443318381488
902,0,1344,44.8,0.47860561150324277,1.029892287597798
902,0,1345,44.833333333333336,0.40463142234071603,0.8824902714639531
902,0,1346,44.86666666666667,0.3328583504961773,0.7229482720329198
902,0,1347,44.9,0.25663621294722794,0.5606788129824569
902,0,1348,44.93333333333333,0.17289913221505848,0.39651105634578804
902,0,1349,44.96666666666667,0.08698689547937309,0.22386635040151526
902,0,1350,45.0,0.008553403858427039,0.04376630063363331
902,0,1351,45.03333333333333,-0.05726438524032901,-0.13390587236700763
902,0,1352,45.06666666666667,-0.1141735046110407,-0.29493832314775315
902,0,1353,45.1,-0.1692880087166127,-0.41986558207440317
902,0,1354,45.13333333333333,-0.22733340081858833,-0.5002458016484792
902,0,1355,45.166666666666664,-0.28957456437378915,-0.5379501205066353
902,0,1356,45.2,-0.35450870397638745,-0.5514836920857988
902,0,1357,45.233333333333334,-0.4192867073681398,-0.5751360178571866
902,0,1358,45.266666666666666,-0.4814026765910855,-0.6206679214542543
902,0,1359,45.3,-0.5393730575892648,-0.6767769288675572
902,0,1360,45.333333333333336,-0.5911814717516476,-0.7355063981873063
902,0,1361,45.36666666666667,-0.6319175179981646,-0.7920713882704364
902,0,1362,45.4,-0.6516444102931401,-0.8354630436940274
902,0,1363,45.43333333333333,-0.6343219261528381,-0.8483855541567805
902,0,1364,45.46666666666667,-0.5580023670385035,-0.8056066234064307
902,0,1365,45.5,-0.3995586358840715,-0.6746407419063316
902,0,1366,45.53333333333333,-0.1517463176134841,-0.44360674623353497
902,0,1367,45.56666666666667,0.1560542392697991,-0.12257484756661373
902,0,1368,45.6,0.4574987837422696,0.24585474880563524
902,0,1369,45.63333333333333,0.6819827968154131,0.5854045953325687
902,0,1370,45.666666666666664,0.7968087529128495,0.842347364009805
902,0,1371,45.7,0.8147665801998664,0.9845495959963226
902,0,1372,45.733333333333334,0.7671540079603589,1.0127622253648496
902,0,1373,45.766666666666666,0.6794959532283062,0.9595226312440969
902,0,1374,45.8,0.5686112239946817,0.8553420045549894
902,0,1375,45.833333333333336,0.45088856277941747,0.7281724180268312
902,0,1376,45.86666666666667,0.34260726980849043,0.598407990375838
902,0,1377,45.9,0.2515848697864669,0.4791998113953607
902,0,1378,45.93333333333333,0.17369574419534808,0.3795503307159703
902,0,1379,45.96666666666667,0.09948797183208416,0.30492669327469557
902,0,1380,46.0,0.02366400170112505,0.25180534251190134
902,0,1381,46.03333333333333,-0.05033648597848568,0.20835091300132763
902,0,1382,46.06666666666667,-0.11290513908455672,0.161908433089914
902,0,1383,46.1,-0.156536342461581,0.09974015277413242
902,0,1384,46.13333333333333,-0.18113534997158387,0.022431435957734766
902,0,1385,46.166666666666664,-0.19255216190326857,-0.055609342146566
902,0,1386,46.2,-0.2001328255249894,-0.1281618487811991
902,0,1387,46.233333333333334,-0.21345756221674755,-0.19674086573860305
902,0,1388,46.266666666666666,-0.23792441892708655,-0.26657212106046946
902,0,1389,46.3,-0.27489460734039384,-0.3458847770917073
902,0,1390,46.333333333333336,-0.32348861115756705,-0.4404815090826277
902,0,1391,46.36666666666667,-0.3820990882284415,-0.5529532755109118
902,0,1392,46.4,-0.4483448189956322,-0.6808026635977786
902,0,1393,46.43333333333333,-0.516994238692827,-0.8156829951736476
902,0,1394,46.46666666666667,-0.5791410079048103,-0.9421280843317041
902,0,1395,46.5,-0.6201448036630948,-1.037031674142773
902,0,1396,46.53333333333333,-0.6178385491945004,-1.0763418211052194
902,0,1397,46.56666666666667,-0.5448247848205644,-1.0351022524143763
902,0,1398,46.6,-0.3778521653845214,-0.8932973252707092
902,0,1399,46.63333333333333,-0.11920190163413547,-0.6367772077565987
902,0,1400,46.666666666666664,0.1847518444193479,-0.2793163977888088
902,0,1401,46.7,0.459487249908236,0.1358752662623805
902,0,1402,46.733333333333334,0.6464659659096544,0.5540437432287266
902,0,1403,46.766666666666666,0.7327759489772564,0.907417752454968
902,0,1404,46.8,0.7398385514670156,1.1523543212878387
902,0,1405,46.833333333333336,0.6938967182277855,1.267995139860666
902,0,1406,46.86666666666667,0.6130974671314368,1.2602334003268765
902,0,1407,46.9,0.5131736822890753,1.1606639368200575
902,0,1408,46.93333333333333,0.4138783796125876,1.0017643052652385
902,0,1409,46.96666666666667,0.32952665815102755,0.8166459179282524
902,0,1410,47.0,0.25872161863857046,0.6265375020355708
902,0,1411,47.03333333333333,0.1926653928769903,0.441500661421353
902,0,1412,47.06666666666667,0.1260911296493101,0.26557452408405696
902,0,1413,47.1,0.05981689651685278,0.0980109629551862
902,0,1414,47.13333333333333,-0.0004002845469246244,-0.06025661974236529
902,0,1415,47.166666666666664,-0.04883687990245461,-0.20539499322685634
902,0,1416,47.2,-0.0837132543279417,-0.32676523250877987
902,0,1417,47.233333333333334,-0.10559497679813727,-0.40613430483913404
902,0,1418,47.266666666666666,-0.11877382175064695,-0.43529774655708586
902,0,1419,47.3,-0.1330664103762121,-0.4156908876916155
902,0,1420,47.333333333333336,-0.15800455004059383,-0.36698465669071567
902,0,1421,47.36666666666667,-0.1976190156266377,-0.3266096627991385
902,0,1422,47.4,-0.24816217355254788,-0.3151837942955357
902,0,1423,47.43333333333333,-0.3013997243907008,-0.3361712364444562
902,0,1424,47.46666666666667,-0.35167063536042903,-0.38848307895608714
902,0,1425,47.5,-0.39749082013640863,-0.4663401276139039
902,0,1426,47.53333333333333,-0.44115548803391536,-0.5638333402441786
902,0,1427,47.56666666666667,-0.4859456304621911,-0.6745385700648707
902,0,1428,47.6,-0.5307150748044305,-0.7729371573346082
902,0,1429,47.63333333333333,-0.5664885223713676,-0.8143804917902434
902,0,1430,47.666666666666664,-0.5730859509079649,-0.7685723660666449
902,0,1431,47.7,-0.5194112936410921,-0.6201843379517622
902,0,1432,47.733333333333334,-0.3746815846898011,-0.37050455739990396
902,0,1433,47.766666666666666,-0.1338726644513908,-0.03851375742734766
902,0,1434,47.8,0.1603501708267689,0.34113060707956
902,0,1435,47.833333333333336,0.43086613189051076,0.7166628627259995
902,0,1436,47.86666666666667,0.6114142907598275,1.0241386276211109
902,0,1437,47.9,0.6831850364533263,1.186543765298059
902,0,1438,47.93333333333333,0.6697167996382477,1.1852396139849972
902,0,1439,47.96666666666667,0.6030020107549255,1.059311559112182
902,0,1440,48.0,0.5041934188985526,0.8685286890670643
902,0,1441,48.03333333333333,0.39147934480025975,0.6925233768256368
902,0,1442,48.06666666666667,0.2856765551923775,0.5583975402259881
902,0,1443,48.1,0.20273182052799524,0.44122796718645246
902,0,1444,48.13333333333333,0.14531079925757312,0.3234466873202045
902,0,1445,48.166666666666664,0.10486447428733815,0.19623502550859823
902,0,1446,48.2,0.07327817482270285,0.06353197605707916
902,0,1447,48.233333333333334,0.04915765076718512,-0.057102061783393374
902,0,1448,48.266666666666666,0.036129085581651295,-0.1590565787138378
902,0,1449,48.3,0.036933656547289175,-0.2459224620448289
902,0,1450,48.333333333333336,0.049404101821960526,-0.3175789081284124
902,0,1451,48.36666666666667,0.06859550705578767,-0.36950037232259403
902,0,1452,48.4,0.08803097117999231,-0.4016529472361258
902,0,1453,48.43333333333333,0.09864274817518077,-0.4180586533887716
902,0,1454,48.46666666666667,0.09070780936180986,-0.42447813132848766
902,0,1455,48.5,0.05761945696426617,-0.4280797955217041
902,0,1456,48.53333333333333,-0.003892555820884526,-0.4351325033093181
902,0,1457,48.56666666666667,-0.09494799924950009,-0.45077516830581055
902,0,1458,48.6,-0.21360106240568627,-0.4790314195789215
902,0,1459,48.63333333333333,-0.3522698610268465,-0.5225847878519613
902,0,1460,48.666666666666664,-0.4969868171644962,-0.57588275403524
902,0,1461,48.7,-0.6323056027426355,-0.6250162346772598
902,0,1462,48.733333333333334,-0.7433269255045437,-0.6570101778230621
902,0,1463,48.766666666666666,-0.8123985214399514,-0.6599036942939382
902,0,1464,48.8,-0.8175212368034261,-0.6204345761149529
902,0,1465,48.833333333333336,-0.7351217732304811,-0.5244811124853371
902,0,1466,48.86666666666667,-0.5484811264136362,-0.3642290390213254
902,0,1467,48.9,-0.26547437881023866,-0.13917899826226005
902,0,1468,48.93333333333333,0.0669560430882004,0.13662908999130927
902,0,1469,48.96666666666667,0.3748234300273739,0.4333090400624314
902,0,1470,49.0,0.5939900947461003,0.7096382988865877
902,0,1471,49.03333333333333,0.7035544266547079,0.9120280973725325
902,0,1472,49.06666666666667,0.7226795574604564,1.0192090890980652
902,0,1473,49.1,0.6810650611674995,1.0413204556759763
902,0,1474,49.13333333333333,0.6011798972533489,0.9963572954063054
902,0,1475,49.166666666666664,0.5011379893578349,0.9094470345833381
902,0,1476,49.2,0.4008671020351395,0.7968018287829659
902,0,1477,49.233333333333334,0.3171883271684234,0.665859045064462
902,0,1478,49.266666666666666,0.2529538422795337,0.5213198920512231
902,0,1479,49.3,0.19677426944132484,0.36596900155143874
902,0,1480,49.333333333333336,0.1376763193362785,0.20857327090194422
902,0,1481,49.36666666666667,0.0771934521007911,0.06478749247620748
902,0,1482,49.4,0.02572478526961558,-0.0581431184656252
902,0,1483,49.43333333333333,-0.009232256193581048,-0.16049485788730106
902,0,1484,49.46666666666667,-0.027104314801758365,-0.24406788048883746
902,0,1485,49.5,-0.03178954370583769,-0.3113215388248305
902,0,1486,49.53333333333333,-0.031186157839432724,-0.3612789426702444
902,0,1487,49.56666666666667,-0.033003313660384115,-0.3889898712942076
902,0,1488,49.6,-0.040428020009293825,-0.39370960847030184
902,0,1489,49.63333333333333,-0.05403982038366243,-0.3786428925288212
902,0,1490,49.666666666666664,-0.0757488699076769,-0.3476258138100558
902,0,1491,49.7,-0.1105731711443356,-0.3050555929837613
902,0,1492,49.733333333333334,-0.16434515556823498,-0.259536804523571
902,0,1493,49.766666666666666,-0.23919963645609102,-0.22388728023053883
902,0,1494,49.8,-0.3311667800326023,-0.20135452903193538
902,0,1495,49.833333333333336,-0.43180238763639944,-0.18574617928679793
902,0,1496,49.86666666666667,-0.5315502679522357,-0.1758285234261298
902,0,1497,49.9,-0.6192615867292734,-0.1754640114350324
902,0,1498,49.93333333333333,-0.6839938949224482,-0.1990854998384989
902,0,1499,49.96666666666667,-0.7169718110406725,-0.27129511678369894
902,0,1500,50.0,-0.703525937263068,-0.3812770795143258
902,0,1501,50.03333333333333,-0.6188883486098526,-0.48262479512501033
902,0,1502,50.06666666666667,-0.4385008720950967,-0.5445343372714987
902,0,1503,50.1,-0.16275958450034939,-0.5520167739312023
902,0,1504,50.13333333333333,0.16470656037114947,-0.49804995712609923
902,0,1505,50.166666666666664,0.4695140702548468,-0.38379183611459405
902,0,1506,50.2,0.6852386595965836,-0.21783631362213082
902,0,1507,50.233333333333334,0.7912706513867491,-0.016855818425737204
902,0,1508,50.266666666666666,0.8108944449815445,0.2056528105354321
902,0,1509,50.3,0.7766036403982279,0.4382471285866819
902,0,1510,50.333333333333336,0.7057295327897746,0.6547603149447658
902,0,1511,50.36666666666667,0.6057516545026176,0.8133290056526444
902,0,1512,50.4,0.48937079942948525,0.8976915877116636
902,0,1513,50.43333333333333,0.3735706335176402,0.9164799060153854
902,0,1514,50.46666666666667,0.26924607928268246,0.8827826700038102
902,0,1515,50.5,0.17774665225013567,0.8136179754278364
902,0,1516,50.53333333333333,0.09516457485337138,0.7203345699975018
902,0,1517,50.56666666666667,0.01912050884817032,0.608791988445839
902,0,1518,50.6,-0.04649349128880681,0.48327422711592716
902,0,1519,50.63333333333333,-0.09524948749957975,0.3472028539335141
902,0,1520,50.666666666666664,-0.12391353389183206,0.20665960078200352
902,0,1521,50.7,-0.13406064371997353,0.07124402881322148
902,0,1522,50.733333333333334,-0.1330885352999117,-0.05458086139297759
902,0,1523,50.766666666666666,-0.13116955850614714,-0.1705764687922905
902,0,1524,50.8,-0.13704908019040668,-0.27640048374281856
902,0,1525,50.833333333333336,-0.15576438190340433,-0.3707121881845393
902,0,1526,50.86666666666667,-0.1861362398908759,-0.45222013307551845
902,0,1527,50.9,-0.22263413320417164,-0.5189769942165593
902,0,1528,50.93333333333333,-0.2601114714142244,-0.5705507724101126
902,0,1529,50.96666666666667,-0.2968228994454537,-0.6075080050301918
902,0,1530,51.0,-0.33304254207126693,-0.630610667931638
902,0,1531,51.03333333333333,-0.36755372947318776,-0.640501025930064
902,0,1532,51.06666666666667,-0.39761156821124916,-0.6395376188490247
902,0,1533,51.1,-0.4186981387389282,-0.6316546793493932
902,0,1534,51.13333333333333,-0.42232760722167806,-0.6159327485659537
902,0,1535,51.166666666666664,-0.3972933750899451,-0.5867074155157815
902,0,1536,51.2,-0.33099740539330064,-0.5352591453933329
902,0,1537,51.233333333333334,-0.20884675720427567,-0.45032473815265556
902,0,1538,51.266666666666666,-0.024039555356996877,-0.328941617915027
902,0,1539,51.3,0.20602124920310838,-0.1772120814903963
902,0,1540,51.333333333333336,0.43748322213707475,-0.0032597741160256544
902,0,1541,51.36666666666667,0.6191752649109775,0.18183554269283686
902,0,1542,51.4,0.7138367909407934,0.3608965830552895
902,0,1543,51.43333333333333,0.7023862104682318,0.5097339117761053
902,0,1544,51.46666666666667,0.5943637983581088,0.6133630140483207
902,0,1545,51.5,0.4308994672896044,0.6652945880123565
902,0,1546,51.53333333333333,0.25807683886122257,0.6691224003716627
902,0,1547,51.56666666666667,0.11067528934587853,0.6379897960164251
902,0,1548,51.6,0.009411229910087231,0.5860664668239722
902,0,1549,51.63333333333333,-0.044659804060531876,0.5283291107954855
902,0,1550,51.666666666666664,-0.06931137208266469,0.4719219438777757
902,0,1551,51.7,-0.08883820879940335,0.41635772911364877
902,0,1552,51.733333333333334,-0.11848140135261444,0.3621939727065977
902,0,1553,51.766666666666666,-0.15738399923703847,0.31143613405315645
902,0,1554,51.8,-0.19315387907617726,0.2625042006394555
902,0,1555,51.833333333333336,-0.20902842207715056,0.21068890785308259
902,0,1556,51.86666666666667,-0.19082773842685175,0.15600868975211002
902,0,1557,51.9,-0.13996303801051435,0.10364893053909162
902,0,1558,51.93333333333333,-0.07595623451627802,0.05931950217092975
902,0,1559,51.96666666666667,-0.021189070629171046,0.029549466258263518
902,0,1560,52.0,0.01393624820675118,0.014925138586840983
902,0,1561,52.03333333333333,0.03560591604733774,0.010378946580322249
902,0,1562,52.06666666666667,0.05693539714153068,0.005798730515184605
902,0,1563,52.1,0.08131794877614136,-0.013555286454347823
902,0,1564,52.13333333333333,0.09393995317804162,-0.055519506077538944
902,0,1565,52.166666666666664,0.06907128317761967,-0.12057688130488937
902,0,1566,52.2,-0.013307451515955384,-0.20784110696136696
902,0,1567,52.233333333333334,-0.15559944448626956,-0.314545767500834
902,0,1568,52.266666666666666,-0.34309003786126796,-0.4368425491378865
902,0,1569,52.3,-0.5511792233310419,-0.5691000371266682
902,0,1570,52.333333333333336,-0.7523548966249883,-0.702802929993583
902,0,1571,52.36666666666667,-0.9215075586160841,-0.8258308349973641
902,0,1572,52.4,-1.029194775266452,-0.9240043879578179
902,0,1573,52.43333333333333,-1.0313954244633012,-0.9806255196575827
902,0,1574,52.46666666666667,-0.8704282780826933,-0.9756450404527847
902,0,1575,52.5,-0.5035570882927873,-0.885880096078572
902,0,1576,52.53333333333333,0.04031070873346306,-0.7059371548404645
902,0,1577,52.56666666666667,0.635609642897774,-0.44908446345758524
902,0,1578,52.6,1.1146683579425094,-0.1393180164644892
902,0,1579,52.63333333333333,1.3707735467170579,0.18739497136661493
902,0,1580,52.666666666666664,1.4099768905166132,0.48705414560932375
902,0,1581,52.7,1.3048008966197333,0.7064484575350085
902,0,1582,52.733333333333334,1.1214373068529029,0.8227370163698339
902,0,1583,52.766666666666666,0.897946726905613,0.8424328147735793
902,0,1584,52.8,0.6660621808320919,0.790760375708228
902,0,1585,52.833333333333336,0.4626627061126842,0.7106984282901072
902,0,1586,52.86666666666667,0.31120715688179773,0.6288340185545007
902,0,1587,52.9,0.2038439635083369,0.5551018814026097
902,0,1588,52.93333333333333,0.11559469014478924,0.4927588082026541
902,0,1589,52.96666666666667,0.03193872010035535,0.43877594588318236
902,0,1590,53.0,-0.04300505507905185,0.3864536317646303
902,0,1591,53.03333333333333,-0.09707120672402478,0.3259866175803407
902,0,1592,53.06666666666667,-0.12178943254379476,0.25499521767600447
902,0,1593,53.1,-0.12035576627956196,0.179038478245772
902,0,1594,53.13333333333333,-0.10950895644049174,0.10354545169980289
902,0,1595,53.166666666666664,-0.11187481721968223,0.034236356934500965
902,0,1596,53.2,-0.14598537154786814,-0.021662153238002385
902,0,1597,53.233333333333334,-0.22047822756793345,-0.05507880871446438
902,0,1598,53.266666666666666,-0.33433179111268335,-0.06251382961985397
902,0,1599,53.3,-0.4791526104658963,-0.04584053302349924
902,0,1600,53.333333333333336,-0.6425020389530024,-0.019939054665305433
902,0,1601,53.36666666666667,-0.8117345564577174,-0.012324203636421893
902,0,1602,53.4,-0.9741115653817666,-0.03991684804182642
902,0,1603,53.43333333333333,-1.116894555931,-0.10855182986147746
902,0,1604,53.46666666666667,-1.2280845780434904,-0.22657166348611502
902,0,1605,53.5,-1.2923196948493938,-0.4040455923509935
902,0,1606,53.53333333333333,-1.283089435010655,-0.6227683855661073
902,0,1607,53.56666666666667,-1.1639049140453297,-0.8354803085029711
902,0,1608,53.6,-0.8963137870390531,-0.9956137167208526
902,0,1609,53.63333333333333,-0.4464584403710367,-1.0570972171434176
902,0,1610,53.666666666666664,0.1774024864361065,-0.9975349499062328
902,0,1611,53.7,0.8732245531742351,-0.818418233301972
902,0,1612,53.733333333333334,1.460899668052232,-0.541394417887854
902,0,1613,53.766666666666666,1.7723646870207859,-0.20895095177943734
902,0,1614,53.8,1.7671491676919284,0.1291632298621471
902,0,1615,53.833333333333336,1.5510642245879436,0.41495363860766826
902,0,1616,53.86666666666667,1.251808596599912,0.6212146741015063
902,0,1617,53.9,0.9372154550482716,0.7502280960777704
902,0,1618,53.93333333333333,0.6405087612230931,0.8127394094846804
902,0,1619,53.96666666666667,0.3858036199142508,0.8266932280488515
902,0,1620,54.0,0.18710249749230137,0.8093322765129706
902,0,1621,54.03333333333333,0.04264312303513636,0.7765845732199039
902,0,1622,54.06666666666667,-0.06038932603373204,0.7341147817925855
902,0,1623,54.1,-0.13538641415458047,0.6773987655736948
902,0,1624,54.13333333333333,-0.19324785572065428,0.6043896567755912
902,0,1625,54.166666666666664,-0.24058367123652039,0.51600622675641
902,0,1626,54.2,-0.2778854417067777,0.41437456031679704
902,0,1627,54.233333333333334,-0.3018792911397512,0.30343986691257413
902,0,1628,54.266666666666666,-0.3097049368201147,0.17757865703505807
902,0,1629,54.3,-0.3038653740929555,0.02260567600864216
902,0,1630,54.333333333333336,-0.29473961237174967,-0.16178878635256555
902,0,1631,54.36666666666667,-0.29696137225249,-0.36086793403841516
902,0,1632,54.4,-0.32210971381840336,-0.561753487538777
902,0,1633,54.43333333333333,-0.37484123734672353,-0.7523266538906905
902,0,1634,54.46666666666667,-0.45256796595408505,-0.9215812907408227
902,0,1635,54.5,-0.5438251621765965,-1.0585487578059898
902,0,1636,54.53333333333333,-0.6300677676709482,-1.15143105987273
902,0,1637,54.56666666666667,-0.6915621405824647,-1.1869557661235695
902,0,1638,54.6,-0.7073420785164662,-1.1501404260564405
902,0,1639,54.63333333333333,-0.6534541091091486,-1.0244914701177221
902,0,1640,54.666666666666664,-0.5068407972035118,-0.8068618553218152
902,0,1641,54.7,-0.2572674280414233,-0.50848649715312
902,0,1642,54.733333333333334,0.07088436826899934,-0.1501772649520226
902,0,1643,54.766666666666666,0.4096169113862709,0.23607903993630275
902,0,1644,54.8,0.675586094986806,0.6095488264861625
902,0,1645,54.833333333333336,0.8172150071711851,0.9190936623237236
902,0,1646,54.86666666666667,0.8374549336158618,1.132502931593458
902,0,1647,54.9,0.7755694864440466,1.2351474675744931
902,0,1648,54.93333333333333,0.6745871107257004,1.2319217642065359
902,0,1649,54.96666666666667,0.5657247123338872,1.1463290373322288
902,0,1650,55.0,0.4691391301915063,1.0074461178880572
902,0,1651,55.03333333333333,0.39411671352139044,0.8496851160594473
902,0,1652,55.06666666666667,0.33573771544820813,0.6916322181410349
902,0,1653,55.1,0.2796151000407793,0.5366548298610293
902,0,1654,55.13333333333333,0.21307589145956707,0.3780580206063388
902,0,1655,55.166666666666664,0.13201883259983,0.20042277345460988
902,0,1656,55.2,0.0424769686860534,0.007215123376936444
902,0,1657,55.233333333333334,-0.04315304516069714,-0.17799071730213956
902,0,1658,55.266666666666666,-0.113495800998017,-0.34237686915895976
902,0,1659,55.3,-0.16745597699420284,-0.4828685211375726
902,0,1660,55.333333333333336,-0.21349929081150815,-0.6020434263293607
902,0,1661,55.36666666666667,-0.26126303891267866,-0.7070007513111982
902,0,1662,55.4,-0.3208200746211305,-0.8012732711235118
902,0,1663,55.43333333333333,-0.39800679461797345,-0.8839380025747998
902,0,1664,55.46666666666667,-0.4898073214650587,-0.9540582373634918
902,0,1665,55.5,-0.5857848904314987,-1.0101041497019312
902,0,1666,55.53333333333333,-0.6677685262403209,-1.037878513257403
902,0,1667,55.56666666666667,-0.7136912550329304,-1.0105343899549006
902,0,1668,55.6,-0.6996079856165391,-0.9062268320715716
902,0,1669,55.63333333333333,-0.5999867989295331,-0.7089708707977072
902,0,1670,55.666666666666664,-0.3984943578307017,-0.41733317376234913
902,0,1671,55.7,-0.10708359387433236,-0.04593540167714273
902,0,1672,55.733333333333334,0.22240770402348653,0.3665688860360544
902,0,1673,55.766666666666666,0.5126505771918517,0.7558921146538771
902,0,1674,55.8,0.6967548481123517,1.0702663523670604
902,0,1675,55.833333333333336,0.7528413071371478,1.2690963509499833
902,0,1676,55.86666666666667,0.7064613401723678,1.3432677423603563
902,0,1677,55.9,0.6044384410824566,1.3139526835053954
902,0,1678,55.93333333333333,0.49334274507727116,1.2076293096242388
902,0,1679,55.96666666666667,0.40416749200572244,1.0555205074449563
902,0,1680,56.0,0.3438922198874106,0.8772619401084588
902,0,1681,56.03333333333333,0.2997544994765027,0.6814438816743977
902,0,1682,56.06666666666667,0.2494703111020916,0.47248446244373377
902,0,1683,56.1,0.17559571998448306,0.2519459659758536
902,0,1684,56.13333333333333,0.07513828762645136,0.026734295339699246
902,0,1685,56.166666666666664,-0.042744451198060134,-0.18946434686809527
902,0,1686,56.2,-0.1634310978477075,-0.3895572062190851
902,0,1687,56.233333333333334,-0.27487598112478284,-0.5716408125497399
902,0,1688,56.266666666666666,-0.37248878097452953,-0.7353891788424622
902,0,1689,56.3,-0.457929111439178,-0.8807069846429642
902,0,1690,56.333333333333336,-0.5358355766013206,-1.0040592548719043
902,0,1691,56.36666666666667,-0.6080424869641137,-1.0974987713289435
902,0,1692,56.4,-0.6709596754053607,-1.1531233092194084
902,0,1693,56.43333333333333,-0.7173214582269177,-1.1626262263403884
902,0,1694,56.46666666666667,-0.7353221037228236,-1.1185164361892632
902,0,1695,56.5,-0.7073666136145713,-1.0142868768628626
902,0,1696,56.53333333333333,-0.6084022296637731,-0.8448008152297456
902,0,1697,56.56666666666667,-0.4114476331554775,-0.6072330199153493
902,0,1698,56.6,-0.11044862920958967,-0.30302609826497096
902,0,1699,56.63333333333333,0.2550750676461204,0.060384633576135625
902,0,1700,56.666666666666664,0.6016658756808161,0.4468655342723722
902,0,1701,56.7,0.8445115265550716,0.7899510782947243
902,0,1702,56.733333333333334,0.949198590944786,1.0512966006169338
902,0,1703,56.766666666666666,0.9389630291784062,1.2192605848148574
902,0,1704,56.8,0.8595140534424791,1.2932721124510165
902,0,1705,56.833333333333336,0.7489464679426296,1.2825980015041836
902,0,1706,56.86666666666667,0.6321019601492515,1.203497887268464
902,0,1707,56.9,0.5235099798133269,1.0788129783476856
902,0,1708,56.93333333333333,0.4286910005174291,0.9247967860124535
902,0,1709,56.96666666666667,0.3417369873630552,0.7515505993251077
902,0,1710,57.0,0.24924868692849328,0.5642666720346767
902,0,1711,57.03333333333333,0.14157022933189306,0.36435743936156145
902,0,1712,57.06666666666667,0.018786255266512814,0.155209235356772
902,0,1713,57.1,-0.11154651069331421,-0.05642571965011792
902,0,1714,57.13333333333333,-0.24070574761400387,-0.2667182592197854
902,0,1715,57.166666666666664,-0.36097182197334604,-0.47329013888598337
902,0,1716,57.2,-0.4679540511473385,-0.6707071546081728
902,0,1717,57.233333333333334,-0.5620988021226385,-0.8490927882722947
902,0,1718,57.266666666666666,-0.6466799748763126,-0.9992769872037384
902,0,1719,57.3,-0.7258547396169066,-1.111733964952979
902,0,1720,57.333333333333336,-0.8002371456316909,-1.1780031983763917
902,0,1721,57.36666666666667,-0.8642975211958354,-1.1901022178288014
902,0,1722,57.4,-0.906834231716506,-1.1473853625081838
902,0,1723,57.43333333333333,-0.9088208341055893,-1.0564776006805539
902,0,1724,57.46666666666667,-0.8436795081197095,-0.9123003723690589
902,0,1725,57.5,-0.6821441473525017,-0.6988969515747857
902,0,1726,57.53333333333333,-0.40427454151504433,-0.4100196914942329
902,0,1727,57.56666666666667,-0.023323689971366697,-0.05088595013037034
902,0,1728,57.6,0.398295824573244,0.34912981263844234
902,0,1729,57.63333333333333,0.7666813828852104,0.7347135855140374
902,0,1730,57.666666666666664,1.0051507411354854,1.0583707084164358
902,0,1731,57.7,1.0958955115769002,1.278979772338647
902,0,1732,57.733333333333334,1.073675414151215,1.3785030003287915
902,0,1733,57.766666666666666,0.9854658572365431,1.3608889354696165
902,0,1734,57.8,0.8634652430908794,1.2434060177443356
902,0,1735,57.833333333333336,0.7272707324475062,1.0562584461765423
902,0,1736,57.86666666666667,0.5920093350234306,0.8262212144955843
902,0,1737,57.9,0.4647413071331377,0.5772232664813489
902,0,1738,57.93333333333333,0.3417290246780902,0.329216604764321
902,0,1739,57.96666666666667,0.2154986510810954,0.09942325669897181
902,0,1740,58.0,0.08511895393815533,-0.10366171765816942
902,0,1741,58.03333333333333,-0.04150931779832229,-0.27881355007236674
902,0,1742,58.06666666666667,-0.15398326807972476,-0.42038004072499
902,0,1743,58.1,-0.2444717514765472,-0.5171267287539599
902,0,1744,58.13333333333333,-0.3089997347294162,-0.5642271547778324
902,0,1745,58.166666666666664,-0.34702356478047314,-0.562648373687908
902,0,1746,58.2,-0.36453787475049776,-0.5272943990784332
902,0,1747,58.233333333333334,-0.37728173406961346,-0.48653928028147886
902,0,1748,58.266666666666666,-0.4022322171790245,-0.45670897726323234
902,0,1749,58.3,-0.4489643927999488,-0.44187263110222486
902,0,1750,58.333333333333336,-0.5191976026032867,-0.44116436197235587
902,0,1751,58.36666666666667,-0.606610605277022,-0.4489069339338336
902,0,1752,58.4,-0.7005691148281844,-0.46494004860236604
902,0,1753,58.43333333333333,-0.7877376297481161,-0.4945863577277743
902,0,1754,58.46666666666667,-0.8497774218771031,-0.5299501540865609
902,0,1755,58.5,-0.8632837900883894,-0.5499725592570717
902,0,1756,58.53333333333333,-0.7980280590140424,-0.5314758256524144
902,0,1757,58.56666666666667,-0.6216761898204121,-0.4497470593501022
902,0,1758,58.6,-0.3231380920383129,-0.29709770171333766
902,0,1759,58.63333333333333,0.06357263217848431,-0.0837428963349418
902,0,1760,58.666666666666664,0.4593395629387655,0.15533386452988981
902,0,1761,58.7,0.7745723424719081,0.3597832802445306
902,0,1762,58.733333333333334,0.9630185423758113,0.5127049373082874
902,0,1763,58.766666666666666,1.0346047369394167,0.6395979853756795
902,0,1764,58.8,1.0211912362419984,0.7453169739544105
902,0,1765,58.833333333333336,0.9483764473132792,0.8129659972915797
902,0,1766,58.86666666666667,0.8315844674920055,0.8335187189788245
902,0,1767,58.9,0.6874583088828421,0.8055588165341371
902,0,1768,58.93333333333333,0.5388151999713529,0.738550744506429
902,0,1769,58.96666666666667,0.4024226085728205,0.6527589077765115
902,0,1770,59.0,0.27882081719981333,0.5580864192603281
902,0,1771,59.03333333333333,0.16132244993906097,0.4544230921119946
902,0,1772,59.06666666666667,0.05004884537214521,0.3419823559553558
902,0,1773,59.1,-0.04768002225013526,0.2220805844821549
902,0,1774,59.13333333333333,-0.12469583381289318,0.09785254591316933
902,0,1775,59.166666666666664,-0.1763296658807341,-0.02491896050449198
902,0,1776,59.2,-0.20088755840037764,-0.14046064343495082
902,0,1777,59.233333333333334,-0.20178692204012405,-0.24222453296089091
902,0,1778,59.266666666666666,-0.18465004697913126,-0.3233370861987863
902,0,1779,59.3,-0.1545540688374386,-0.37599623747605193
902,0,1780,59.333333333333336,-0.117356021410285,-0.40427087203982603
902,0,1781,59.36666666666667,-0.0811380371189781,-0.42354232922370383
902,0,1782,59.4,-0.05603036923688989,-0.4417169388359016
902,0,1783,59.43333333333333,-0.052119499445169366,-0.4588117373882327
902,0,1784,59.46666666666667,-0.07531421964293362,-0.4775047103904496
902,0,1785,59.5,-0.12509069117969324,-0.5029081108537822
902,0,1786,59.53333333333333,-0.1969831100962728,-0.5392770074369324
902,0,1787,59.56666666666667,-0.28639516416939376,-0.5897025241334194
902,0,1788,59.6,-0.39145689503542064,-0.6476486014790933
902,0,1789,59.63333333333333,-0.5103712538564271,-0.6968024308234221
902,0,1790,59.666666666666664,-0.6370703074667358,-0.7126162430083007
902,0,1791,59.7,-0.7606042068344699,-0.6627089406684372
902,0,1792,59.733333333333334,-0.8652671031873406,-0.5315102741797546
902,0,1793,59.766666666666666,-0.9310931881146893,-0.3211311657400941
902,0,1794,59.8,-0.9323148032723904,-0.04700748740172247
902,0,1795,59.833333333333336,-0.8369561116610924,0.2609640580228282
902,0,1796,59.86666666666667,-0.6140849078892631,0.5640558013198755
902,0,1797,59.9,-0.25654804381175517,0.8135462957252827
902,0,1798,59.93333333333333,0.18899430023679467,0.9787373689517957
902,0,1799,59.96666666666667,0.6247037017779098,1.045990803114744
902,0,1800,60.0,0.9510739092298228,1.0208906476739048
902,0,1801,60.03333333333333,1.1242114866086172,0.9275609439417578
902,0,1802,60.06666666666667,1.166861569073864,0.7885733987514659
902,0,1803,60.1,1.1264736365338301,0.6249523063865106
902,0,1804,60.13333333333333,1.0341486770643282,0.4513324180274014
902,0,1805,60.166666666666664,0.9032679334347731,0.27672353335229366
902,0,1806,60.2,0.7494330785568653,0.11036352544629753
902,0,1807,60.233333333333334,0.5937034926766508,-0.03725798821010047
902,0,1808,60.266666666666666,0.4489993817876269,-0.15758552595557446
902,0,1809,60.3,0.31387771836634903,-0.24312824886074352
902,0,1810,60.333333333333336,0.18195286787084225,-0.2883859895357726
902,0,1811,60.36666666666667,0.054990745792868875,-0.28932377689975874
902,0,1812,60.4,-0.05768953391628921,-0.2450099199685777
902,0,1813,60.43333333333333,-0.14515116927205507,-0.1575592998699582
902,0,1814,60.46666666666667,-0.2009638957655815,-0.044701341369141376
902,0,1815,60.5,-0.22879096836086418,0.06018037655622922
902,0,1816,60.53333333333333,-0.23910985989028835,0.13092480419085006
902,0,1817,60.56666666666667,-0.24413367572834133,0.148665443606656
902,0,1818,60.6,-0.2538182348371304,0.11103282843899884
902,0,1819,60.63333333333333,-0.27465577556986775,0.032153852126700716
902,0,1820,60.666666666666664,-0.31031879456936784,-0.07588082085333954
902,0,1821,60.7,-0.3618356153125311,-0.20275845617607732
902,0,1822,60.733333333333334,-0.4302621769847421,-0.3364933054685759
902,0,1823,60.766666666666666,-0.5152916037730292,-0.46284290952303375
902,0,1824,60.8,-0.6118508265044814,-0.5755136661357251
902,0,1825,60.833333333333336,-0.7108657856156035,-0.6754425507973486
902,0,1826,60.86666666666667,-0.7992503526175314,-0.7611589485043592
902,0,1827,60.9,-0.8604446587135188,-0.8281448437623696
902,0,1828,60.93333333333333,-0.8760573335890608,-0.8655797932221008
902,0,1829,60.96666666666667,-0.8223420266801277,-0.8562344256110419
902,0,1830,61.0,-0.6678640930852743,-0.7810306161708591
902,0,1831,61.03333333333333,-0.39016404275663247,-0.6197439847983394
902,0,1832,61.06666666666667,-0.007253452021480634,-0.3734383124088832
902,0,1833,61.1,0.4093361703494622,-0.06569317245681355
902,0,1834,61.13333333333333,0.7634948540806317,0.25967824896499797
902,0,1835,61.166666666666664,0.9896124721955929,0.5375774329441674
902,0,1836,61.2,1.082376887766001,0.7338074590940793
902,0,1837,61.233333333333334,1.074144176729801,0.8439638966076646
902,0,1838,61.266666666666666,0.997472567336424,0.879501587250765
902,0,1839,61.3,0.8728814910269538,0.8665297942817028
902,0,1840,61.333333333333336,0.7188905225875387,0.8266362432564731
902,0,1841,61.36666666666667,0.5601937259085072,0.7762997167815703
902,0,1842,61.4,0.41594164148558255,0.7241450815093005
902,0,1843,61.43333333333333,0.28824172626027117,0.6710303175776045
902,0,1844,61.46666666666667,0.17120278047500043,0.6134311125618812
902,0,1845,61.5,0.062174662472654435,0.5439330448920858
902,0,1846,61.53333333333333,-0.03523796944281353,0.46001666691079296
902,0,1847,61.56666666666667,-0.11232994133654294,0.3646712911145985
902,0,1848,61.6,-0.16069808951606668,0.259511870792229
902,0,1849,61.63333333333333,-0.1780216478668315,0.14548650664386542
902,0,1850,61.666666666666664,-0.16984427421858417,0.027663410686387307
902,0,1851,61.7,-0.14717848522440502,-0.08400770652715206
902,0,1852,61.733333333333334,-0.12236214746038199,-0.1833824006990624
902,0,1853,61.766666666666666,-0.10677924974147579,-0.26739814430602316
902,0,1854,61.8,-0.10872025523498183,-0.33705611059405427
902,0,1855,61.833333333333336,-0.13117791390432226,-0.39669050782945664
902,0,1856,61.86666666666667,-0.1731308859217352,-0.44954124843175636
902,0,1857,61.9,-0.2313759377026551,-0.4971435781289034
902,0,1858,61.93333333333333,-0.3022000205963268,-0.5378093198898454
902,0,1859,61.96666666666667,-0.3834791346530362,-0.5662630517910036
902,0,1860,62.0,-0.47457062089849406,-0.5785305246093949
902,0,1861,62.03333333333333,-0.5728818427540463,-0.5718023573111687
902,0,1862,62.06666666666667,-0.6717364638507186,-0.5448844547941998
902,0,1863,62.1,-0.7623452911410439,-0.49826157760183154
902,0,1864,62.13333333333333,-0.8314662988453769,-0.437614973400503
902,0,1865,62.166666666666664,-0.8586071542038528,-0.3740022006498254
902,0,1866,62.2,-0.8156845763050168,-0.3087222513879841
902,0,1867,62.233333333333334,-0.6682030402032375,-0.23376965598260246
902,0,1868,62.266666666666666,-0.3931877824652334,-0.1462328792012766
902,0,1869,62.3,-0.010071838600887338,-0.04897272458105743
902,0,1870,62.333333333333336,0.405634966074562,0.04566660482396258
902,0,1871,62.36666666666667,0.7534716525611377,0.11544328936934192
902,0,1872,62.4,0.9668294135324257,0.14654985876582258
902,0,1873,62.43333333333333,1.0426285154953905,0.1334298601337982
902,0,1874,62.46666666666667,1.019981100286034,0.08852986706373575
902,0,1875,62.5,0.9387857881340602,0.04195323430808873
902,0,1876,62.53333333333333,0.8206569145970752,0.02107089659177626
902,0,1877,62.56666666666667,0.6807537336636382,0.0499919552577371
902,0,1878,62.6,0.5386548750466487,0.13770522165302967
902,0,1879,62.63333333333333,0.41029568718419834,0.2775526681676248
902,0,1880,62.666666666666664,0.29758119348947054,0.4448555933209226
902,0,1881,62.7,0.19268800308723344,0.5965837492931018
902,0,1882,62.733333333333334,0.09034231948018204,0.7039308746871865
902,0,1883,62.766666666666666,-0.0065006094937049355,0.7520430141980102
902,0,1884,62.8,-0.08810279128361992,0.7401408558140384
902,0,1885,62.833333333333336,-0.14343063444793697,0.6812111715161254
902,0,1886,62.86666666666667,-0.16683329005366304,0.5899253363785497
902,0,1887,62.9,-0.16072288065530427,0.48268068115921425
902,0,1888,62.93333333333333,-0.13525173156403317,0.3679758280150126
902,0,1889,62.96666666666667,-0.10411183749290716,0.2470009592729402
902,0,1890,63.0,-0.07817282126981351,0.12035385559398
902,0,1891,63.03333333333333,-0.06406692650601509,-0.011025005724461967
902,0,1892,63.06666666666667,-0.06407510523131564,-0.1400190806747601
902,0,1893,63.1,-0.07717951708910747,-0.25250327163057174
902,0,1894,63.13333333333333,-0.10308828002485144,-0.33849106616665225
902,0,1895,63.166666666666664,-0.1428547137932537,-0.3915186747865894
902,0,1896,63.2,-0.19654008000564185,-0.4118249146606686
902,0,1897,63.233333333333334,-0.2633371746745927,-0.4058743923974433
902,0,1898,63.266666666666666,-0.3432247022321047,-0.38363022274959613
902,0,1899,63.3,-0.43521850872131956,-0.358235237130728
902,0,1900,63.333333333333336,-0.5347703707864101,-0.3528959759551875
902,0,1901,63.36666666666667,-0.6332305446075889,-0.4003435982380739
902,0,1902,63.4,-0.7173864061528233,-0.4995997579949326
902,0,1903,63.43333333333333,-0.7705994984692635,-0.615638361679319
902,0,1904,63.46666666666667,-0.7712608964379146,-0.71753251830955
902,0,1905,63.5,-0.6901748868856593,-0.7785151892038938
902,0,1906,63.53333333333333,-0.4953738949276871,-0.7747073802106864
902,0,1907,63.56666666666667,-0.17384159985023842,-0.6853963452137364
902,0,1908,63.6,0.23838610662363516,-0.5039312702063127
902,0,1909,63.63333333333333,0.6527455477791371,-0.23860347171680843
902,0,1910,63.666666666666664,0.9669312528927526,0.087583318200587
902,0,1911,63.7,1.124462328731471,0.4356118498594084
902,0,1912,63.733333333333334,1.1389336397299001,0.748017871307708
902,0,1913,63.766666666666666,1.0601654091515815,0.9479841601947812
902,0,1914,63.8,0.9310638243003253,1.0098509791529862
902,0,1915,63.833333333333336,0.7767072641709318,0.9583585180257537
902,0,1916,63.86666666666667,0.616707862524712,0.8259017654599754
902,0,1917,63.9,0.4711913277352333,0.6519128815212883
902,0,1918,63.93333333333333,0.3532244024696545,0.46348508828158974
902,0,1919,63.96666666666667,0.2641279555803764,0.27579985902023624
