recording_id,measurement_id,sample_index,time_seconds,gt_signal,predicted_signal
104,0,0,0.0,-0.21995962331805374,-0.21508604566067552
104,0,1,0.03333333333333333,-0.3940603637588179,0.09288586362192977
104,0,2,0.06666666666666667,-0.5730776189122209,0.36073374744141684
104,0,3,0.1,-0.7527618547179594,0.5026907729118479
104,0,4,0.13333333333333333,-0.9289672996304891,0.5142602622939183
104,0,5,0.16666666666666666,-1.088155293429832,0.47132185553685735
104,0,6,0.2,-1.2044304634527516,0.39089647869876804
104,0,7,0.23333333333333334,-1.2431599140566387,0.23094475015854937
104,0,8,0.26666666666666666,-1.1692948073686016,0.04250290132174098
104,0,9,0.3,-0.9565308268044511,-0.030664122965516093
104,0,10,0.3333333333333333,-0.5910043766268225,0.06756405367879482
104,0,11,0.36666666666666664,-0.09186678380333616,0.3045517099500966
104,0,12,0.4,0.45907461203370636,0.5889262815964434
104,0,13,0.43333333333333335,0.9324163924780453,0.7715026967737999
104,0,14,0.4666666666666667,1.2177025884352435,0.8205025204028266
104,0,15,0.5,1.2824592792855638,0.8211639658571921
104,0,16,0.5333333333333333,1.1722601654657194,0.800710101543828
104,0,17,0.5666666666666667,0.9686968805291468,0.7275760017117081
104,0,18,0.6,0.748127028449523,0.5872321135256792
104,0,19,0.6333333333333333,0.5602809782313419,0.3831542192392546
104,0,20,0.6666666666666666,0.4195870532499689,0.12807033073486
104,0,21,0.7,0.3046029813180754,-0.15491042389874327
104,0,22,0.7333333333333333,0.17675173812424197,-0.44650290681631694
104,0,23,0.7666666666666667,0.007748536913837319,-0.7297424725389594
104,0,24,0.8,-0.2057638865966407,-0.9814141462009934
104,0,25,0.8333333333333334,-0.4455527963848168,-1.1706706405686358
104,0,26,0.8666666666666667,-0.6870990937696762,-1.2738364882603355
104,0,27,0.9,-0.9112665717276636,-1.2737295430546065
104,0,28,0.9333333333333333,-1.103648134250583,-1.1728702888141163
104,0,29,0.9666666666666667,-1.2497510367428888,-0.9934253028904589
104,0,30,1.0,-1.3283877544751928,-0.7424824275773477
104,0,31,1.0333333333333334,-1.3090892605071465,-0.41316551573659127
104,0,32,1.0666666666666667,-1.1580235023484744,-0.007916963960736252
104,0,33,1.1,-0.844668087006212,0.4591686802188332
104,0,34,1.1333333333333333,-0.36274163320641717,0.9210894719372671
104,0,35,1.1666666666666667,0.23416453906130885,1.2564736673023955
104,0,36,1.2,0.8244611094311217,1.4137426339825527
104,0,37,1.2333333333333334,1.26711794260078,1.4101562689551772
104,0,38,1.2666666666666666,1.4763082395956038,1.262214472802606
104,0,39,1.3,1.455514695371938,0.9851861017307082
104,0,40,1.3333333333333333,1.2726853461347079,0.6274487230511685
104,0,41,1.3666666666666667,1.018113806463605,0.27107775339415124
104,0,42,1.4,0.7726966241131694,-0.025075528554983392
104,0,43,1.4333333333333333,0.5831051113515346,-0.22451006432864265
104,0,44,1.4666666666666666,0.449353036132272,-0.31434171446598447
104,0,45,1.5,0.33329437172814574,-0.30421656718211554
104,0,46,1.5333333333333334,0.18782216002237206,-0.25285315399867686
104,0,47,1.5666666666666667,-0.00757005944056028,-0.26638860301181766
104,0,48,1.6,-0.23766352648162428,-0.3777285400081397
104,0,49,1.6333333333333333,-0.4736161761082523,-0.5454686483581498
104,0,50,1.6666666666666667,-0.694494783098321,-0.7190399160345254
104,0,51,1.7,-0.8934433976772844,-0.8389370621326635
104,0,52,1.7333333333333334,-1.0708725649411348,-0.8689121918731688
104,0,53,1.7666666666666666,-1.21973659144847,-0.7961434761266396
104,0,54,1.8,-1.3182375349415736,-0.623412043945949
104,0,55,1.8333333333333333,-1.3315096202632275,-0.36953661571031216
104,0,56,1.8666666666666667,-1.2175925299261445,-0.06577464406957126
104,0,57,1.9,-0.9375144340419861,0.24325903028356877
104,0,58,1.9333333333333333,-0.4794939459671897,0.5219569968062285
104,0,59,1.9666666666666666,0.10508106510434959,0.7425292339069934
104,0,60,2.0,0.6962684222406852,0.8939625468910855
104,0,61,2.033333333333333,1.1554636946255838,0.9807602106766828
104,0,62,2.066666666666667,1.3998226247273138,0.9990690891079888
104,0,63,2.1,1.4343890238474915,0.9361803449008448
104,0,64,2.1333333333333333,1.319642134881798,0.7888396915361336
104,0,65,2.1666666666666665,1.1257422605688432,0.563813594404266
104,0,66,2.2,0.9108008421789948,0.28042707766961317
104,0,67,2.2333333333333334,0.7139186939393557,-0.028350949322439818
104,0,68,2.2666666666666666,0.5473901643308454,-0.3331783458438266
104,0,69,2.3,0.3970824291328782,-0.6069405637132885
104,0,70,2.3333333333333335,0.23677501505264884,-0.8262308576759837
104,0,71,2.3666666666666667,0.04643068131247651,-0.9700356875654641
104,0,72,2.4,-0.17802257233965518,-1.0324573538931867
104,0,73,2.433333333333333,-0.4292024555817276,-1.0218371729759963
104,0,74,2.466666666666667,-0.693039412211691,-0.9424852061485475
104,0,75,2.5,-0.9483313847379371,-0.7946305309482138
104,0,76,2.533333333333333,-1.1696546976055053,-0.5883284267496616
104,0,77,2.566666666666667,-1.332024738523942,-0.3442429139387828
104,0,78,2.6,-1.4122292884108374,-0.07580872461044172
104,0,79,2.6333333333333333,-1.3882665187896799,0.20938368609175445
104,0,80,2.6666666666666665,-1.2371239488933004,0.4890791820447622
104,0,81,2.7,-0.9314803673972286,0.7249290964694955
104,0,82,2.7333333333333334,-0.45438912767052564,0.8985218476764627
104,0,83,2.7666666666666666,0.15558674792522945,1.0102012204403827
104,0,84,2.8,0.7804917992157474,1.0577122360539981
104,0,85,2.8333333333333335,1.269998142880055,1.035454299609894
104,0,86,2.8666666666666667,1.5234975770346364,0.9436554344252299
104,0,87,2.9,1.533064212453607,0.7885272188765734
104,0,88,2.933333333333333,1.360309930481848,0.5735988307223544
104,0,89,2.966666666666667,1.092434563596731,0.3007413615587824
104,0,90,3.0,0.8124829321878745,-0.013556856997757502
104,0,91,3.033333333333333,0.575210043246187,-0.3366884783606223
104,0,92,3.066666666666667,0.3889758091229215,-0.636353556195055
104,0,93,3.1,0.22413918531844312,-0.879153568301878
104,0,94,3.1333333333333333,0.04489685704179426,-1.0501576438479299
104,0,95,3.1666666666666665,-0.1643158223581601,-1.1515804724610332
104,0,96,3.2,-0.39482464619762364,-1.1805556675534405
104,0,97,3.2333333333333334,-0.627933951054018,-1.1284939458800225
104,0,98,3.2666666666666666,-0.8468062826293072,-0.9868735598110933
104,0,99,3.3,-1.0351634971844177,-0.7478782768207484
104,0,100,3.3333333333333335,-1.1723072424048258,-0.42855693874386636
104,0,101,3.3666666666666667,-1.233107132730256,-0.07207901996257166
104,0,102,3.4,-1.1904328053381255,0.2815933875965692
104,0,103,3.433333333333333,-1.0196887006184616,0.5942598340320404
104,0,104,3.466666666666667,-0.7029728899322695,0.8464162088177548
104,0,105,3.5,-0.2437374371969498,1.0355335580176441
104,0,106,3.533333333333333,0.30546636361002755,1.1514761883253506
104,0,107,3.566666666666667,0.8360528212490934,1.175404020040644
104,0,108,3.6,1.2196905036305568,1.1015560081346987
104,0,109,3.6333333333333333,1.3753496759754842,0.9372237649709546
104,0,110,3.6666666666666665,1.3079091409469614,0.6955461550311516
104,0,111,3.7,1.0872774349029684,0.3963023561457182
104,0,112,3.7333333333333334,0.806564803857486,0.07051012102923687
104,0,113,3.7666666666666666,0.5435648797077549,-0.23831760249995423
104,0,114,3.8,0.3343375769577166,-0.5080563846190898
104,0,115,3.8333333333333335,0.17124425144291863,-0.7363830894884014
104,0,116,3.8666666666666667,0.020678172599712732,-0.9109553037819014
104,0,117,3.9,-0.15032983477319592,-1.008120691703833
104,0,118,3.933333333333333,-0.35359409086622495,-1.0209074074815219
104,0,119,3.966666666666667,-0.5798669059221007,-0.9585261788061742
104,0,120,4.0,-0.8062033745024283,-0.8327905678961183
104,0,121,4.033333333333333,-1.003288484254093,-0.6582316824654865
104,0,122,4.066666666666666,-1.1463239813925143,-0.44868142148166845
104,0,123,4.1,-1.212200772798711,-0.21814239684151038
104,0,124,4.133333333333334,-1.16950493792243,0.038467275567915876
104,0,125,4.166666666666667,-0.9811076458928877,0.34349324899894035
104,0,126,4.2,-0.618798281796594,0.6744280665763545
104,0,127,4.233333333333333,-0.09564367983821644,0.9623536519353125
104,0,128,4.266666666666667,0.5030227605088474,1.1615585481879998
104,0,129,4.3,1.0350573851587226,1.2487804169794203
104,0,130,4.333333333333333,1.3700855549302848,1.206411240997451
104,0,131,4.366666666666666,1.4582347955727855,1.0223818043547832
104,0,132,4.4,1.3379308562695478,0.7236737723625882
104,0,133,4.433333333333334,1.0926407049298292,0.3768773180661709
104,0,134,4.466666666666667,0.8093772193194407,0.027509677439451447
104,0,135,4.5,0.5541436827220155,-0.29878433598614
104,0,136,4.533333333333333,0.3544992345341811,-0.5775855354822161
104,0,137,4.566666666666666,0.19547766877716555,-0.7840350222081016
104,0,138,4.6,0.038073301533330536,-0.913827145503708
104,0,139,4.633333333333334,-0.14849414756051804,-0.9818273236319313
104,0,140,4.666666666666667,-0.3699338136092312,-0.9903196599581214
104,0,141,4.7,-0.616581435683523,-0.9284374036480171
104,0,142,4.733333333333333,-0.8741749592769275,-0.8026968344704912
104,0,143,4.766666666666667,-1.123523075235671,-0.637250302038293
104,0,144,4.8,-1.3356041410704191,-0.4543382098788873
104,0,145,4.833333333333333,-1.4651921159643577,-0.27484437438103954
104,0,146,4.866666666666666,-1.4550075461159082,-0.0977343668355001
104,0,147,4.9,-1.2538118511807035,0.0986091755945729
104,0,148,4.933333333333334,-0.8393708623878156,0.3232974742056357
104,0,149,4.966666666666667,-0.2459997448180245,0.57124517477136
104,0,150,5.0,0.4215317956101525,0.8103583303770362
104,0,151,5.033333333333333,1.0157763147641727,0.9806673668407202
104,0,152,5.066666666666666,1.4100642557531158,1.0445127213435423
104,0,153,5.1,1.5583567488922356,0.9864070401310632
104,0,154,5.133333333333334,1.4990895025858348,0.8155394428556273
104,0,155,5.166666666666667,1.3079351001311417,0.5659409380136613
104,0,156,5.2,1.0608790361173472,0.2915941752104865
104,0,157,5.233333333333333,0.8149141081339737,0.06669686334639827
104,0,158,5.266666666666667,0.5913212832793272,-0.07440382145350861
104,0,159,5.3,0.37285737889170145,-0.13654594850046806
104,0,160,5.333333333333333,0.12320612529408859,-0.11785571246849885
104,0,161,5.366666666666666,-0.17863506733003215,-0.00930525135213947
104,0,162,5.4,-0.5212969652491732,0.11812555718584788
104,0,163,5.433333333333334,-0.8697602356977683,0.11476732547377537
104,0,164,5.466666666666667,-1.1830841423840328,-0.04628535224027335
104,0,165,5.5,-1.4238664966646128,-0.26833095996941286
104,0,166,5.533333333333333,-1.5360335936521856,-0.494891516853693
104,0,167,5.566666666666666,-1.4583200623403203,-0.7097194616079866
104,0,168,5.6,-1.2006676855300005,-0.8833186495255563
104,0,169,5.633333333333334,-0.8597721682485902,-0.9722460116667259
104,0,170,5.666666666666667,-0.5265217741708534,-0.9637071440692466
104,0,171,5.7,-0.1953917966836255,-0.875302565728737
104,0,172,5.733333333333333,0.1934422685273945,-0.7293028852535075
104,0,173,5.766666666666667,0.6470991852872632,-0.5526793178324969
104,0,174,5.8,1.0982924105799827,-0.37201448826626243
104,0,175,5.833333333333333,1.4561950485454767,-0.2140610752423897
104,0,176,5.866666666666666,1.649068567122033,-0.07362144839548071
104,0,177,5.9,1.6379486606900475,0.08509875511112397
104,0,178,5.933333333333334,1.4293185430551874,0.28323933728092654
104,0,179,5.966666666666667,1.0865535892964464,0.5254635612079475
104,0,180,6.0,0.7119984105857011,0.7896374989550595
104,0,181,6.033333333333333,0.39845465609062974,1.0256628661114215
104,0,182,6.066666666666666,0.184942709736994,1.1857297669654345
104,0,183,6.1,0.05075349381950167,1.2239487127463866
104,0,184,6.133333333333334,-0.060736339540179624,1.1231715679484346
104,0,185,6.166666666666667,-0.21048799007332097,0.8951779209190222
104,0,186,6.2,-0.4355949396107755,0.5877226014708992
104,0,187,6.233333333333333,-0.7333693078111974,0.28478119099688265
104,0,188,6.266666666666667,-1.0655326696461587,0.01079554520874107
104,0,189,6.3,-1.3741198112628323,-0.26785375179548165
104,0,190,6.333333333333333,-1.5961324024679395,-0.5381928217361527
104,0,191,6.366666666666666,-1.6814649595332725,-0.7390134528508318
104,0,192,6.4,-1.6026923313032189,-0.8410665636630765
104,0,193,6.433333333333334,-1.3519793781057994,-0.8464424605894373
104,0,194,6.466666666666667,-0.9354791850712938,-0.7714295594297436
104,0,195,6.5,-0.3774138317763818,-0.645983922212175
104,0,196,6.533333333333333,0.25718974178354004,-0.491651766151878
104,0,197,6.566666666666666,0.8536856750184779,-0.3218289469222265
104,0,198,6.6,1.2902530795633989,-0.15190468412110505
104,0,199,6.633333333333334,1.5023729749527743,-2.0744284662435608e-05
104,0,200,6.666666666666667,1.5025090361772624,0.13081568916586445
104,0,201,6.7,1.3510479938011328,0.2517426076727778
104,0,202,6.733333333333333,1.1239704167242626,0.3734109461556035
104,0,203,6.766666666666667,0.8897144032833162,0.5048251865350142
104,0,204,6.8,0.6887975189797355,0.6569861306303975
104,0,205,6.833333333333333,0.5245616552126319,0.8416515182665707
104,0,206,6.866666666666666,0.3725247803467353,1.0020482014490062
104,0,207,6.9,0.20250165945084478,1.0132105315856441
104,0,208,6.933333333333334,0.00014335382941978864,0.8178012138366
104,0,209,6.966666666666667,-0.23109718949851482,0.4277145293398593
104,0,210,7.0,-0.47798427108149666,-0.09117963959343227
104,0,211,7.033333333333333,-0.7187190251927442,-0.6181060686854734
104,0,212,7.066666666666666,-0.9302589816078098,-1.0645582392994992
104,0,213,7.1,-1.09603884755662,-1.3730456415426855
104,0,214,7.133333333333334,-1.203273735149347,-1.510426366227199
104,0,215,7.166666666666667,-1.2383387902628873,-1.4666358045068797
104,0,216,7.2,-1.185041251731027,-1.2603583499555344
104,0,217,7.233333333333333,-1.0241940719339628,-0.9388014586672344
104,0,218,7.266666666666667,-0.7330548637961564,-0.5396000677761172
104,0,219,7.3,-0.2994019468370136,-0.09204783952784285
104,0,220,7.333333333333333,0.24130417717247404,0.35949071693297524
104,0,221,7.366666666666666,0.78248854597214,0.7536331086327303
104,0,222,7.4,1.1819556939914304,1.0646040239280843
104,0,223,7.433333333333334,1.3503422190431154,1.3001369950469233
104,0,224,7.466666666666667,1.3022689258456683,1.4479451862774204
104,0,225,7.5,1.1160498272022614,1.474380858432014
104,0,226,7.533333333333333,0.8784030148971351,1.365509226107723
104,0,227,7.566666666666666,0.656424196038267,1.127328462429701
104,0,228,7.6,0.4790772346262163,0.7857637599943937
104,0,229,7.633333333333334,0.3386011932530829,0.38764967951855006
104,0,230,7.666666666666667,0.20787675763720204,-0.027687780474273106
104,0,231,7.7,0.05868262285781226,-0.42667982609321486
104,0,232,7.733333333333333,-0.12505735132376192,-0.7818049935476008
104,0,233,7.766666666666667,-0.34230695092150076,-1.0694914248853884
104,0,234,7.8,-0.5777484597468634,-1.2736760791644501
104,0,235,7.833333333333333,-0.808925494491527,-1.3841843934015625
104,0,236,7.866666666666666,-1.011504302322271,-1.4009991971276383
104,0,237,7.9,-1.1625824454988325,-1.333465377722225
104,0,238,7.933333333333334,-1.241747029227254,-1.1878472247304666
104,0,239,7.966666666666667,-1.2306124018793516,-0.967648729463687
104,0,240,8.0,-1.1086577673254738,-0.6755698395022691
104,0,241,8.033333333333333,-0.849621984528809,-0.31504157521595966
104,0,242,8.066666666666666,-0.4359339732296592,0.09274022905507703
104,0,243,8.1,0.10488895955369079,0.5067967168445298
104,0,244,8.133333333333333,0.6767000473004702,0.8842201367996979
104,0,245,8.166666666666666,1.1448416249253313,1.178398111387319
104,0,246,8.2,1.4076759576196425,1.3714001547703611
104,0,247,8.233333333333333,1.4457802709752197,1.4723530901015507
104,0,248,8.266666666666667,1.309253466597415,1.4779245691141185
104,0,249,8.3,1.0760619651157206,1.3716826216226066
104,0,250,8.333333333333334,0.8225273781679793,1.1586327350817662
104,0,251,8.366666666666667,0.603746580391329,0.8658454149820085
104,0,252,8.4,0.4384118037438749,0.5254109328150716
104,0,253,8.433333333333334,0.31079009703120736,0.1756444230955806
104,0,254,8.466666666666667,0.18725550173271305,-0.15520878989458325
104,0,255,8.5,0.036892740546774244,-0.44723554346068906
104,0,256,8.533333333333333,-0.15320112302402275,-0.6904133686162726
104,0,257,8.566666666666666,-0.3750961929402619,-0.8827589051143929
104,0,258,8.6,-0.6094478305612254,-1.0255358837401174
104,0,259,8.633333333333333,-0.8388401887042085,-1.121801342594051
104,0,260,8.666666666666666,-1.049556373527691,-1.1718285126981687
104,0,261,8.7,-1.2252183874212217,-1.1723879646934703
104,0,262,8.733333333333333,-1.3474891481261357,-1.1228303573766674
104,0,263,8.766666666666667,-1.3970395200714882,-1.0251029372318354
104,0,264,8.8,-1.3467900740665235,-0.8665531846670331
104,0,265,8.833333333333334,-1.1623589211923575,-0.6210181192859882
104,0,266,8.866666666666667,-0.8121944343515591,-0.29518326695272645
104,0,267,8.9,-0.29355547354251427,0.06980867171669225
104,0,268,8.933333333333334,0.3302788123775734,0.43605593483029453
104,0,269,8.966666666666667,0.9306219837965529,0.7673241430088504
104,0,270,9.0,1.3705848223920694,1.0282014814929175
104,0,271,9.033333333333333,1.5775339690652856,1.1826974542260322
104,0,272,9.066666666666666,1.5651413007972748,1.2222789753010659
104,0,273,9.1,1.3964774132641156,1.1649733998593912
104,0,274,9.133333333333333,1.1460125769098615,1.0280739962169738
104,0,275,9.166666666666666,0.8828537881418448,0.8280349326139149
104,0,276,9.2,0.6579384628170134,0.5866026834743304
104,0,277,9.233333333333333,0.48744680911845234,0.33162567462818937
104,0,278,9.266666666666667,0.3503079491048026,0.08594769741931561
104,0,279,9.3,0.21086540366033418,-0.13140280938157936
104,0,280,9.333333333333334,0.04524381984042673,-0.3131960839405632
104,0,281,9.366666666666667,-0.15107177910678932,-0.4626199157637096
104,0,282,9.4,-0.37161017263584173,-0.5782219656217416
104,0,283,9.433333333333334,-0.6039259107303669,-0.652844707445926
104,0,284,9.466666666666667,-0.8303380455283706,-0.6895210453852272
104,0,285,9.5,-1.0319595158434107,-0.7008187500582238
104,0,286,9.533333333333333,-1.1930528798483888,-0.6886160026977837
104,0,287,9.566666666666666,-1.302370568999339,-0.6439404400541646
104,0,288,9.6,-1.3490699956240442,-0.55844528290864
104,0,289,9.633333333333333,-1.3155130205922123,-0.4249534644521597
104,0,290,9.666666666666666,-1.1795769637192846,-0.24517400161826697
104,0,291,9.7,-0.920246111275996,-0.030601019933670943
104,0,292,9.733333333333333,-0.5194636392442766,0.20566799236058167
104,0,293,9.766666666666667,0.012869711162480715,0.447775774059463
104,0,294,9.8,0.6053558570684505,0.6659098124919238
104,0,295,9.833333333333334,1.1332307105385269,0.8154303870621387
104,0,296,9.866666666666667,1.4786119695219346,0.8767585719318265
104,0,297,9.9,1.5944104500187526,0.8548771797028014
104,0,298,9.933333333333334,1.509799073297001,0.7600384913411542
104,0,299,9.966666666666667,1.2916548846587987,0.6076402081465047
104,0,300,10.0,1.0141162394322623,0.41500732884313635
104,0,301,10.033333333333333,0.7438194261637295,0.20200471023503913
104,0,302,10.066666666666666,0.5241762705054716,-0.013284791655029587
104,0,303,10.1,0.359608690529879,-0.21353428849306733
104,0,304,10.133333333333333,0.2205343206160701,-0.3865275031387804
104,0,305,10.166666666666666,0.07319907471994702,-0.5240603244310519
104,0,306,10.2,-0.09715925146000975,-0.6243455260530143
104,0,307,10.233333333333333,-0.28864506886626434,-0.6910753735660237
104,0,308,10.266666666666667,-0.4912835965916736,-0.7286501975872409
104,0,309,10.3,-0.6931390221611231,-0.741588036674792
104,0,310,10.333333333333334,-0.8834374996412311,-0.7249643010852672
104,0,311,10.366666666666667,-1.0491105474721723,-0.6644968497619423
104,0,312,10.4,-1.1759027999800935,-0.5571733978776039
104,0,313,10.433333333333334,-1.2493674932245153,-0.4118289958732777
104,0,314,10.466666666666667,-1.25201650999956,-0.24334164575942135
104,0,315,10.5,-1.163154570137221,-0.07332097413531705
104,0,316,10.533333333333333,-0.9579139281903388,0.07620248051628091
104,0,317,10.566666666666666,-0.6113324141087498,0.18210514954529974
104,0,318,10.6,-0.12415135129224902,0.22217527628079684
104,0,319,10.633333333333333,0.441078353664805,0.17490010994887226
104,0,320,10.666666666666666,0.9616319913373743,0.10860299722015428
104,0,321,10.7,1.3139533650140789,0.1797228325752578
104,0,322,10.733333333333333,1.4429982232533396,0.39130581029287453
104,0,323,10.766666666666667,1.3757728692347584,0.5923277173244558
104,0,324,10.8,1.1813351334296298,0.7044521694979483
104,0,325,10.833333333333334,0.9331202647978871,0.7227835953459304
104,0,326,10.866666666666667,0.6934654947060188,0.6569191935072386
104,0,327,10.9,0.498880527787127,0.5304988218381578
104,0,328,10.933333333333334,0.35174115298215347,0.37042416738071837
104,0,329,10.966666666666667,0.22984269890283676,0.206969991585094
104,0,330,11.0,0.1028799169040957,0.06164266710646975
104,0,331,11.033333333333333,-0.04901409334379106,-0.052265800191320065
104,0,332,11.066666666666666,-0.22863615280638144,-0.12267512294268346
104,0,333,11.1,-0.4283903524539152,-0.13822689759435763
104,0,334,11.133333333333333,-0.6360114940519467,-0.11181293588062848
104,0,335,11.166666666666666,-0.8358322885108819,-0.08005549853659807
104,0,336,11.2,-1.0098678917171353,-0.0695666682155726
104,0,337,11.233333333333333,-1.1386131747705284,-0.09636144530342725
104,0,338,11.266666666666667,-1.200316758526467,-0.15912326947685831
104,0,339,11.3,-1.1731669502687463,-0.23899540837535388
104,0,340,11.333333333333334,-1.0376323555808176,-0.3104070677407818
104,0,341,11.366666666666667,-0.7772320075117588,-0.34117975791549837
104,0,342,11.4,-0.38480051228914114,-0.31582305801675703
104,0,343,11.433333333333334,0.11142272391958649,-0.2357011789845635
104,0,344,11.466666666666667,0.6266268141232006,-0.11320750558000782
104,0,345,11.5,1.0433399154199976,0.02807760697000524
104,0,346,11.533333333333333,1.2706167432557784,0.16716733791096136
104,0,347,11.566666666666666,1.2912923689657296,0.28531966368940315
104,0,348,11.6,1.1554657343514474,0.36063874882849745
104,0,349,11.633333333333333,0.9406922065165503,0.36791789561986277
104,0,350,11.666666666666666,0.7169212862826345,0.306326826690913
104,0,351,11.7,0.5269471860780548,0.19944170428312127
104,0,352,11.733333333333333,0.37974377180104846,0.06975326580679907
104,0,353,11.766666666666667,0.2550331465632151,-0.06115843984699262
104,0,354,11.8,0.12292988356055728,-0.17481379499432204
104,0,355,11.833333333333334,-0.035170960759396484,-0.2553743642853317
104,0,356,11.866666666666667,-0.22132041000846747,-0.29634615613481974
104,0,357,11.9,-0.425348652676345,-0.30014121346451816
104,0,358,11.933333333333334,-0.6316121641047675,-0.27105483864732843
104,0,359,11.966666666666667,-0.8234300859059454,-0.2150737173174038
104,0,360,12.0,-0.9811413954381398,-0.14423964940573458
104,0,361,12.033333333333333,-1.0832987185493117,-0.07667135677418467
104,0,362,12.066666666666666,-1.109335840420109,-0.021852968816460094
104,0,363,12.1,-1.0414918722125297,0.01917867282542968
104,0,364,12.133333333333333,-0.8630135789097511,0.046824659482102744
104,0,365,12.166666666666666,-0.5569646127786232,0.0626338771135164
104,0,366,12.2,-0.12676205512784683,0.06885447830097371
104,0,367,12.233333333333333,0.3740222161027242,0.06826413728496396
104,0,368,12.266666666666667,0.8399848708901301,0.06308150541450118
104,0,369,12.3,1.157736019351319,0.05490888637119902
104,0,370,12.333333333333334,1.268894786898714,0.04342761136724705
104,0,371,12.366666666666667,1.1920237906841293,0.026463215320111887
104,0,372,12.4,0.992584157909219,0.0053892386484998625
104,0,373,12.433333333333334,0.7473287544730669,-0.014797509050295676
104,0,374,12.466666666666667,0.5210922551294592,-0.03146878589043313
104,0,375,12.5,0.3492232115683631,-0.044306295036043254
104,0,376,12.533333333333333,0.22912271487684288,-0.050849446842165774
104,0,377,12.566666666666666,0.1293187192676895,-0.046487640431325764
104,0,378,12.6,0.014560377021114866,-0.03050292515111794
104,0,379,12.633333333333333,-0.13397624421190812,-0.006137839997164518
104,0,380,12.666666666666666,-0.3163112528670786,0.023183710174132385
104,0,381,12.7,-0.5195238719282795,0.05376271242264282
104,0,382,12.733333333333333,-0.7240444905653447,0.08137379252450079
104,0,383,12.766666666666667,-0.9090623257448844,0.10114879337860695
104,0,384,12.8,-1.0559228432988286,0.11281441911529616
104,0,385,12.833333333333334,-1.1463052898453965,0.12053866559543644
104,0,386,12.866666666666667,-1.1600025735039412,0.12375643816306005
104,0,387,12.9,-1.0753724691562092,0.11711026362553656
104,0,388,12.933333333333334,-0.8690144064330925,0.0991174318212019
104,0,389,12.966666666666667,-0.5206238327117376,0.07223942396515162
104,0,390,13.0,-0.03851035712618775,0.0393701067351652
104,0,391,13.033333333333333,0.5082519532294518,0.0039226427705378805
104,0,392,13.066666666666666,0.9971590618699461,-0.03179883827071951
104,0,393,13.1,1.3110138358027084,-0.06643647355967487
104,0,394,13.133333333333333,1.402495453531994,-0.0985911696686205
104,0,395,13.166666666666666,1.3042437693431483,-0.1266434374916155
104,0,396,13.2,1.0889906623143863,-0.15264664407148013
104,0,397,13.233333333333333,0.8310781797274316,-0.18210070287100932
104,0,398,13.266666666666667,0.5888713038379032,-0.21287640814970327
104,0,399,13.3,0.3946728235342791,-0.2351055311812278
104,0,400,13.333333333333334,0.24757794034454025,-0.24453529702061025
104,0,401,13.366666666666667,0.12137080818577385,-0.24253745567108195
104,0,402,13.4,-0.014624012569107822,-0.23027464864209327
104,0,403,13.433333333333334,-0.1768571125180427,-0.20873216428007277
104,0,404,13.466666666666667,-0.3617994989065914,-0.17052091795261037
104,0,405,13.5,-0.5554749982427819,-0.1002986495874784
104,0,406,13.533333333333333,-0.7430914727219787,0.0009502903619655525
104,0,407,13.566666666666666,-0.9101879339589618,0.11538617289484447
104,0,408,13.6,-1.041885036794002,0.22316779340209192
104,0,409,13.633333333333333,-1.1221289938772143,0.30215376187018805
104,0,410,13.666666666666666,-1.1331177153556358,0.33881197868952156
104,0,411,13.7,-1.0530902101227264,0.32800038740158327
104,0,412,13.733333333333333,-0.8544604900636461,0.27762437085086644
104,0,413,13.766666666666667,-0.5131756846190456,0.20845354385049852
104,0,414,13.8,-0.03946175068459844,0.13433691339035836
104,0,415,13.833333333333334,0.49174020661618245,0.06227882132487419
104,0,416,13.866666666666667,0.9563526359776576,0.0006665203361572482
104,0,417,13.9,1.244059276647075,-0.04046267192153438
104,0,418,13.933333333333334,1.31609052373229,-0.05505817164462869
104,0,419,13.966666666666667,1.2091536231829934,-0.040929996244644856
104,0,420,14.0,0.997579170620366,-0.0020831464026218847
104,0,421,14.033333333333333,0.7567679999263149,0.051315112552216935
104,0,422,14.066666666666666,0.542149114850868,0.1099164718020851
104,0,423,14.1,0.3782929921974315,0.16510895247535953
104,0,424,14.133333333333333,0.25717442008763114,0.20664858539869457
104,0,425,14.166666666666666,0.15015113850942974,0.22260080111699598
104,0,426,14.2,0.028310078055758303,0.2075028692200993
104,0,427,14.233333333333333,-0.12207610143619493,0.1624582851578409
104,0,428,14.266666666666667,-0.29770406278954986,0.09462039432980174
104,0,429,14.3,-0.48592179288640414,0.017367837179468666
104,0,430,14.333333333333334,-0.6715941817032868,-0.05783584114000723
104,0,431,14.366666666666667,-0.839582071464293,-0.12115542547149946
104,0,432,14.4,-0.973968010454813,-0.16652146479871804
104,0,433,14.433333333333334,-1.0578285601078838,-0.19128635109826686
104,0,434,14.466666666666667,-1.0746794392218855,-0.19519123252582685
104,0,435,14.5,-1.009462889436885,-0.18013246765317414
104,0,436,14.533333333333333,-0.8475560678403258,-0.15135407538467974
104,0,437,14.566666666666666,-0.5709668614910747,-0.11734522684007395
104,0,438,14.6,-0.17451506140547568,-0.08330538523237054
104,0,439,14.633333333333333,0.2988673839797214,-0.05118511962425193
104,0,440,14.666666666666666,0.7524216867536182,-0.02402202331859609
104,0,441,14.7,1.076191722773399,-0.006037865346951242
104,0,442,14.733333333333333,1.2071251333144508,0.0019268408833013335
104,0,443,14.766666666666667,1.1566280320201903,0.002345322611567266
104,0,444,14.8,0.9857367813294815,-0.00242576463513487
104,0,445,14.833333333333334,0.7666839704637627,-0.010188858011095241
104,0,446,14.866666666666667,0.5576507033657707,-0.01883065996310395
104,0,447,14.9,0.39074708024207716,-0.026308005060506665
104,0,448,14.933333333333334,0.268206609018675,-0.032305101994336484
104,0,449,14.966666666666667,0.16769638842977105,-0.03817875647539814
104,0,450,15.0,0.05931023362911086,-0.04384209670912728
104,0,451,15.033333333333333,-0.07583948909879418,-0.047723796335708696
104,0,452,15.066666666666666,-0.2387903332302369,-0.04910010470623845
104,0,453,15.1,-0.418988965666349,-0.048095658261995196
104,0,454,15.133333333333333,-0.6007410250247607,-0.047024608590784764
104,0,455,15.166666666666666,-0.7652518848272212,-0.050347562227122986
104,0,456,15.2,-0.8928029464294673,-0.05794409456422623
104,0,457,15.233333333333333,-0.9641430506156583,-0.06511686744221315
104,0,458,15.266666666666667,-0.9628897355221149,-0.0680037273074264
104,0,459,15.3,-0.876239444758625,-0.06366920032387419
104,0,460,15.333333333333334,-0.6919073572644563,-0.04970352287991336
104,0,461,15.366666666666667,-0.3972328180721613,-0.024360730061990167
104,0,462,15.4,0.0013234700156289775,0.008060191306068358
104,0,463,15.433333333333334,0.4470521376788954,0.037115410001097075
104,0,464,15.466666666666667,0.8375733024613984,0.05944871586628491
104,0,465,15.5,1.0758669247391415,0.0786349077173238
104,0,466,15.533333333333333,1.1241651690333432,0.09670368760363902
104,0,467,15.566666666666666,1.0125776924190577,0.11389721632970995
104,0,468,15.6,0.8081608119041954,0.12971036798331773
104,0,469,15.633333333333333,0.5815872762743137,0.14273555355165501
104,0,470,15.666666666666666,0.38524443346408693,0.150202192548387
104,0,471,15.7,0.24029226336707302,0.14791754864460077
104,0,472,15.733333333333333,0.13592041868938803,0.1310351413656662
104,0,473,15.766666666666667,0.04314792139770061,0.09416626561573012
104,0,474,15.8,-0.06287974028037807,0.03235601034725642
104,0,475,15.833333333333334,-0.19456552859882037,-0.05855342827082666
104,0,476,15.866666666666667,-0.3569540173647986,-0.17490900161447484
104,0,477,15.9,-0.5438186019063125,-0.3047440736733235
104,0,478,15.933333333333334,-0.7328512819139045,-0.4398932376548823
104,0,479,15.966666666666667,-0.8917358330541402,-0.5753409490096022
104,0,480,16.0,-0.9923341555103313,-0.6497812424834247
104,0,481,16.033333333333335,-1.0164508890770458,-0.5464566754586486
104,0,482,16.066666666666666,-0.9513666123848497,-0.2754134919795269
104,0,483,16.1,-0.7837318259812198,0.026006608031318903
104,0,484,16.133333333333333,-0.49832124530249766,0.28047748479194806
104,0,485,16.166666666666668,-0.0965662897915659,0.4707216380612406
104,0,486,16.2,0.37175745150732376,0.5928701888958847
104,0,487,16.233333333333334,0.8043474968149029,0.655186661506485
104,0,488,16.266666666666666,1.093616595707315,0.674785658842028
104,0,489,16.3,1.1882685923989398,0.6766828797773774
104,0,490,16.333333333333332,1.109445240869445,0.6580155467146864
104,0,491,16.366666666666667,0.9210517327023882,0.5881171195129948
104,0,492,16.4,0.6962246590773767,0.4590781048643947
104,0,493,16.433333333333334,0.49247553794390253,0.28649624728312884
104,0,494,16.466666666666665,0.3365713399359907,0.09249350686990805
104,0,495,16.5,0.22289726753138384,-0.09365093216063762
104,0,496,16.533333333333335,0.12630006935131258,-0.25261260861966356
104,0,497,16.566666666666666,0.02036945948624165,-0.37420429291195734
104,0,498,16.6,-0.1116402931102355,-0.46008619573357323
104,0,499,16.633333333333333,-0.2735294234185556,-0.5228061417168137
104,0,500,16.666666666666668,-0.45844557102238537,-0.5704005126082765
104,0,501,16.7,-0.6517768021785321,-0.6056781638840314
104,0,502,16.733333333333334,-0.8337092845837513,-0.6273349402551435
104,0,503,16.766666666666666,-0.981612412765305,-0.6297131370304855
104,0,504,16.8,-1.0710283534948133,-0.6056213217301281
104,0,505,16.833333333333332,-1.0805769502794982,-0.5465105468608625
104,0,506,16.866666666666667,-0.9940918322344159,-0.43936249159337815
104,0,507,16.9,-0.7952502979329612,-0.2674841010418861
104,0,508,16.933333333333334,-0.46878733869428846,-0.03847965948882785
104,0,509,16.966666666666665,-0.026081255758982624,0.21473478155152004
104,0,510,17.0,0.4659565629176731,0.4548595570647765
104,0,511,17.033333333333335,0.8978287012495676,0.639469495502561
104,0,512,17.066666666666666,1.1727766335064405,0.755984961532746
104,0,513,17.1,1.2569504370942874,0.8207152124040454
104,0,514,17.133333333333333,1.179086296519282,0.8309232394565117
104,0,515,17.166666666666668,0.9983063468841074,0.7644549689732364
104,0,516,17.2,0.7786116353435637,0.620823796668203
104,0,517,17.233333333333334,0.5731932330595094,0.42172747735257105
104,0,518,17.266666666666666,0.4105496926342335,0.19896556848642943
104,0,519,17.3,0.2859294963579441,-0.0050120685936539296
104,0,520,17.333333333333332,0.17070373321795973,-0.1718981475254603
104,0,521,17.366666666666667,0.03526580314083729,-0.3065481149833074
104,0,522,17.4,-0.13147755892737417,-0.4093139267029745
104,0,523,17.433333333333334,-0.31986627137129847,-0.47502099509372075
104,0,524,17.466666666666665,-0.5133853471895302,-0.5042294693406216
104,0,525,17.5,-0.6983775318354483,-0.5027021471526618
104,0,526,17.533333333333335,-0.8641709933179363,-0.47430157187211497
104,0,527,17.566666666666666,-1.0009843695992262,-0.42085174729421027
104,0,528,17.6,-1.0957637487313028,-0.3446863943598242
104,0,529,17.633333333333333,-1.1294235381134097,-0.2489361666800124
104,0,530,17.666666666666668,-1.0775904391380917,-0.14031191178039035
104,0,531,17.7,-0.9153506579726126,-0.029578430307673872
104,0,532,17.733333333333334,-0.6246762041343884,0.07393521084449864
104,0,533,17.766666666666666,-0.2078634757501776,0.16182200982064499
104,0,534,17.8,0.28915726955364124,0.22931892074555577
104,0,535,17.833333333333332,0.7694041219320711,0.27481989070504215
104,0,536,17.866666666666667,1.1212319552490513,0.2960142509867154
104,0,537,17.9,1.278840298842392,0.2896299718873528
104,0,538,17.933333333333334,1.2498403929936746,0.25763062378085694
104,0,539,17.966666666666665,1.090625469892352,0.20720643826365423
104,0,540,18.0,0.8688427943238941,0.14540535241368266
104,0,541,18.033333333333335,0.641949013717813,0.07929330561971142
104,0,542,18.066666666666666,0.44938846925225623,0.015199196553263308
104,0,543,18.1,0.3056968088630115,-0.04099163362700936
104,0,544,18.133333333333333,0.19827792906101965,-0.08577790461107343
104,0,545,18.166666666666668,0.09988224355594594,-0.11773935920428495
104,0,546,18.2,-0.012791050986543123,-0.1374713534174634
104,0,547,18.233333333333334,-0.14846700517624012,-0.1473394661981251
104,0,548,18.266666666666666,-0.30107967510869094,-0.14996545177016682
104,0,549,18.3,-0.45701572134727275,-0.14808496215521916
104,0,550,18.333333333333332,-0.6046600365541691,-0.14230346121602816
104,0,551,18.366666666666667,-0.7360383004085158,-0.13110005635405522
104,0,552,18.4,-0.8437852679184238,-0.11318365060208267
104,0,553,18.433333333333334,-0.919754764171008,-0.08762203704993085
104,0,554,18.466666666666665,-0.9542706214495124,-0.05557605333043291
104,0,555,18.5,-0.934469291139178,-0.02046404462065926
104,0,556,18.533333333333335,-0.8425322789566431,0.015475875018761898
104,0,557,18.566666666666666,-0.6577973971765312,0.05098208439487104
104,0,558,18.6,-0.3628405566564338,0.08576075293427057
104,0,559,18.633333333333333,0.0348274636273993,0.1202229340364723
104,0,560,18.666666666666668,0.47613875756029095,0.15063961212170845
104,0,561,18.7,0.8588609571769368,0.16898643543984715
104,0,562,18.733333333333334,1.088351191435435,0.17288946689094267
104,0,563,18.766666666666666,1.132218431867623,0.16554874575923037
104,0,564,18.8,1.0257214623531816,0.1495583770174767
104,0,565,18.833333333333332,0.8364572216845456,0.12687404068524227
104,0,566,18.866666666666667,0.6314055792642472,0.09908614577680841
104,0,567,18.9,0.4592557295959074,0.06752910893074814
104,0,568,18.933333333333334,0.3398311686091759,0.035379137914842346
104,0,569,18.966666666666665,0.2583391134632153,0.007783530988340193
104,0,570,19.0,0.18105105270319477,-0.015002008370474277
104,0,571,19.033333333333335,0.08022615813119127,-0.037427528212176195
104,0,572,19.066666666666666,-0.05393043625970495,-0.06115034669937135
104,0,573,19.1,-0.21400754562863022,-0.08483198964037264
104,0,574,19.133333333333333,-0.3862105821341941,-0.10800360684519264
104,0,575,19.166666666666668,-0.556488404818711,-0.13091766805252486
104,0,576,19.2,-0.7085987184693554,-0.1524659990533411
104,0,577,19.233333333333334,-0.8266283555916367,-0.17005929611344325
104,0,578,19.266666666666666,-0.8983094382882879,-0.1831245735507059
104,0,579,19.3,-0.9151317212930591,-0.1930121496611414
104,0,580,19.333333333333332,-0.8677686728201517,-0.198832826593459
104,0,581,19.366666666666667,-0.7402720757992822,-0.1974340848319852
104,0,582,19.4,-0.5130557163106945,-0.18727615790587068
104,0,583,19.433333333333334,-0.17842804038990595,-0.1685119438073813
104,0,584,19.466666666666665,0.2330235236922146,-0.14083211936678783
104,0,585,19.5,0.6397455567029138,-0.10363639738804871
104,0,586,19.533333333333335,0.9396505049562347,-0.057092343580352034
104,0,587,19.566666666666666,1.0661455553108743,-0.002424695024776182
104,0,588,19.6,1.0208861549294221,0.06743792000276277
104,0,589,19.633333333333333,0.8605125179105482,0.16724348867150418
104,0,590,19.666666666666668,0.6570899181043772,0.28840620318046717
104,0,591,19.7,0.46912687107007905,0.3985215903941803
104,0,592,19.733333333333334,0.3302859932771113,0.4726789373226958
104,0,593,19.766666666666666,0.2405130945092096,0.49338271179262555
104,0,594,19.8,0.16941539350375662,0.4577301271527312
104,0,595,19.833333333333332,0.07960370876431261,0.3773507455929918
104,0,596,19.866666666666667,-0.050246277625680055,0.2678682752786003
104,0,597,19.9,-0.21733737405703848,0.14904231301110354
104,0,598,19.933333333333334,-0.4018868579242898,0.03658943355835071
104,0,599,19.966666666666665,-0.5813444371294829,-0.057392321535947796
104,0,600,20.0,-0.7378684753655818,-0.12879573024918142
104,0,601,20.033333333333335,-0.8584409154339312,-0.18091650699372064
104,0,602,20.066666666666666,-0.9341169236748564,-0.2172695388338955
104,0,603,20.1,-0.9583556798642099,-0.24107807594657923
104,0,604,20.133333333333333,-0.920252948565871,-0.2522124580234798
104,0,605,20.166666666666668,-0.7983819862839386,-0.24698744313655738
104,0,606,20.2,-0.5658560606896009,-0.22455941689949535
104,0,607,20.233333333333334,-0.20859065097624588,-0.18695544323571056
104,0,608,20.266666666666666,0.24289034058631873,-0.13700657011243614
104,0,609,20.3,0.696959170928202,-0.07850795361616357
104,0,610,20.333333333333332,1.0367630153852643,-0.015391599324923073
104,0,611,20.366666666666667,1.18786321497058,0.047989756272394615
104,0,612,20.4,1.1556457747838718,0.10285159661318506
104,0,613,20.433333333333334,0.9987590729662911,0.135792631364073
104,0,614,20.466666666666665,0.7842508996129799,0.13804803650107084
104,0,615,20.5,0.5690602219148093,0.10551619020967815
104,0,616,20.533333333333335,0.3915004391330558,0.04817151707088282
104,0,617,20.566666666666666,0.2626315675522353,-0.009985249903495239
104,0,618,20.6,0.16654190014762285,-0.058357297571121354
104,0,619,20.633333333333333,0.0750269146224924,-0.09964168993418891
104,0,620,20.666666666666668,-0.03453420666139809,-0.13317085303455822
104,0,621,20.7,-0.1711331782874061,-0.15464354439007294
104,0,622,20.733333333333334,-0.3305984439422256,-0.15968535696798689
104,0,623,20.766666666666666,-0.5003874874846022,-0.14383474809006905
104,0,624,20.8,-0.6641961258012143,-0.11061865879319403
104,0,625,20.833333333333332,-0.8065265538330935,-0.07158446021431758
104,0,626,20.866666666666667,-0.9156884713353799,-0.032098326632726215
104,0,627,20.9,-0.9819399650155102,0.00850430983059087
104,0,628,20.933333333333334,-0.9926593027418594,0.049197719025379685
104,0,629,20.966666666666665,-0.9292177507212175,0.0869749512792316
104,0,630,21.0,-0.7692891412528494,0.11831829180145147
104,0,631,21.033333333333335,-0.4915487291675141,0.13899759441076515
104,0,632,21.066666666666666,-0.09459752538031989,0.14593459138053733
104,0,633,21.1,0.370073069996279,0.1371096120569145
104,0,634,21.133333333333333,0.7960264553614642,0.11109323693503256
104,0,635,21.166666666666668,1.0738146955235433,0.06711639067983077
104,0,636,21.2,1.1599126359495677,0.009407130359813286
104,0,637,21.233333333333334,1.0894995846500741,-0.05265042746850071
104,0,638,21.266666666666666,0.9292944601118414,-0.11902176180086216
104,0,639,21.3,0.7420455989644736,-0.19861258106241805
104,0,640,21.333333333333332,0.571570705109439,-0.2484470610356152
104,0,641,21.366666666666667,0.43457524947596937,-0.17436961514242022
104,0,642,21.4,0.32339534176123164,0.004393565347958914
104,0,643,21.433333333333334,0.21579961543927131,0.15522426273074114
104,0,644,21.466666666666665,0.09139273916983612,0.21454929369424872
104,0,645,21.5,-0.05649460259853569,0.18855901692250954
104,0,646,21.533333333333335,-0.2218166088040438,0.09877502956825637
104,0,647,21.566666666666666,-0.395403057154649,-0.01841406031644581
104,0,648,21.6,-0.5682571506398689,-0.13717796441691485
104,0,649,21.633333333333333,-0.7307722093935957,-0.24217722268785666
104,0,650,21.666666666666668,-0.8717755674860932,-0.3232720504476809
104,0,651,21.7,-0.9754361190347525,-0.3750868438296927
104,0,652,21.733333333333334,-1.0247574065169316,-0.39087851343661995
104,0,653,21.766666666666666,-1.0037195548901183,-0.36237946054288367
104,0,654,21.8,-0.8954361518918578,-0.2762608151640475
104,0,655,21.833333333333332,-0.6804642156896107,-0.11473344006222483
104,0,656,21.866666666666667,-0.34355521297093367,0.1182843545627438
104,0,657,21.9,0.09444007558257281,0.39612015463677086
104,0,658,21.933333333333334,0.5552495598584009,0.6803918837498311
104,0,659,21.966666666666665,0.9313114573895367,0.9201351458320293
104,0,660,22.0,1.1402397613998654,1.0696731739864884
104,0,661,22.033333333333335,1.1658649133577894,1.0882446335363827
104,0,662,22.066666666666666,1.0503758053651575,0.9626332477661717
104,0,663,22.1,0.8564664772570779,0.7074629338371846
104,0,664,22.133333333333333,0.6443569525046975,0.36086383359391955
104,0,665,22.166666666666668,0.45891313920937443,-0.014735551575696995
104,0,666,22.2,0.31662830813418097,-0.3637913459808336
104,0,667,22.233333333333334,0.20587213019502895,-0.6364821216788039
104,0,668,22.266666666666666,0.10288270379035364,-0.8122540618702534
104,0,669,22.3,-0.010440557484328601,-0.8983870676251206
104,0,670,22.333333333333332,-0.13991742984168984,-0.905171222636332
104,0,671,22.366666666666667,-0.2846288926791468,-0.8449274934212831
104,0,672,22.4,-0.43802981340241154,-0.7336382110187483
104,0,673,22.433333333333334,-0.5869625773550455,-0.5908643731691
104,0,674,22.466666666666665,-0.717949625722556,-0.4282809144645693
104,0,675,22.5,-0.8202026871881605,-0.2503231852104282
104,0,676,22.533333333333335,-0.8836083030704076,-0.06528482600605245
104,0,677,22.566666666666666,-0.8965819994325487,0.11367392557727421
104,0,678,22.6,-0.8447086693612565,0.2762814591083317
104,0,679,22.633333333333333,-0.7097793539447385,0.4141878110702313
104,0,680,22.666666666666668,-0.4721490586466612,0.5139553779909568
104,0,681,22.7,-0.1274993448678038,0.5564735489396654
104,0,682,22.733333333333334,0.28379057343754605,0.5403116970210693
104,0,683,22.766666666666666,0.6715533032479911,0.48147182876174965
104,0,684,22.8,0.9381476541708302,0.3956903446133818
104,0,685,22.833333333333332,1.0336277069072852,0.29842541767359415
104,0,686,22.866666666666667,0.9733894763254013,0.19799709265253937
104,0,687,22.9,0.812858099082609,0.09606719281458581
104,0,688,22.933333333333334,0.61647838713404,-0.005582951127571132
104,0,689,22.966666666666665,0.43770705893154893,-0.10434863854343535
104,0,690,23.0,0.30310201949899357,-0.19435381030885604
104,0,691,23.033333333333335,0.207016437803316,-0.2658883202871618
104,0,692,23.066666666666666,0.12489254797653053,-0.3120168201774383
104,0,693,23.1,0.03289782528335551,-0.3282451723411536
104,0,694,23.133333333333333,-0.08325422236019608,-0.31646750640882987
104,0,695,23.166666666666668,-0.22597591084115026,-0.2847805708060013
104,0,696,23.2,-0.3843201072232788,-0.24055025366552818
104,0,697,23.233333333333334,-0.5389272780595222,-0.1904190964534695
104,0,698,23.266666666666666,-0.6713196782041078,-0.1364642114339318
104,0,699,23.3,-0.7681993056253682,-0.07649693272417682
104,0,700,23.333333333333332,-0.8202515658021652,-0.010465199778907214
104,0,701,23.366666666666667,-0.8189972201990932,0.05910839985198957
104,0,702,23.4,-0.7515084354407588,0.12719568109476967
104,0,703,23.433333333333334,-0.5976834449080622,0.18589758679915305
104,0,704,23.466666666666665,-0.33863720508743556,0.22974707228942176
104,0,705,23.5,0.017225852715094886,0.25543163157626947
104,0,706,23.533333333333335,0.41386080336729625,0.2628990723152561
104,0,707,23.566666666666666,0.7577610010476501,0.2551595109888133
104,0,708,23.6,0.9602249476649352,0.2369877718278262
104,0,709,23.633333333333333,0.9895557255789162,0.21482549109567783
104,0,710,23.666666666666668,0.8800368685764026,0.18832604641135556
104,0,711,23.7,0.6973288441139149,0.15050689489104846
104,0,712,23.733333333333334,0.5053634488989948,0.09682238131397702
104,0,713,23.766666666666666,0.3478423099637202,0.025547103060725357
104,0,714,23.8,0.2380171870005691,-0.058513685690666964
104,0,715,23.833333333333332,0.16024181235795454,-0.14367486884555078
104,0,716,23.866666666666667,0.08661016069863109,-0.2232801534489975
104,0,717,23.9,-0.004946848568216776,-0.29531396770384827
104,0,718,23.933333333333334,-0.12373650890133403,-0.3572078880330396
104,0,719,23.966666666666665,-0.26772755601358544,-0.40543863929588086
104,0,720,24.0,-0.4268181774909549,-0.43779830887619864
104,0,721,24.033333333333335,-0.5864956532129596,-0.4531639269086532
104,0,722,24.066666666666666,-0.7313483951436146,-0.449030710753889
104,0,723,24.1,-0.8462254195172507,-0.4215371446497441
104,0,724,24.133333333333333,-0.9156390465397799,-0.37318479302723634
104,0,725,24.166666666666668,-0.9235008528357127,-0.31303578718911496
104,0,726,24.2,-0.8530686695611672,-0.2404855190692043
104,0,727,24.233333333333334,-0.6873220054597442,-0.14578911552606397
104,0,728,24.266666666666666,-0.40995529436292755,-0.022059055376119727
104,0,729,24.3,-0.023511158795332082,0.1337801220499601
104,0,730,24.333333333333332,0.42103628588459174,0.30651155929834484
104,0,731,24.366666666666667,0.8237050356076224,0.4618772453630732
104,0,732,24.4,1.0822671424054542,0.5840328462724024
104,0,733,24.433333333333334,1.1539888960515463,0.6748344028849754
104,0,734,24.466666666666665,1.066612250464437,0.7340828229437425
104,0,735,24.5,0.8826223392753307,0.758842189543362
104,0,736,24.533333333333335,0.6674980922865325,0.7344596806294165
104,0,737,24.566666666666666,0.47178869408962415,0.6347964540443041
104,0,738,24.6,0.3221308513813251,0.4733604192103683
104,0,739,24.633333333333333,0.21659371096957933,0.30364066160413866
104,0,740,24.666666666666668,0.1317993504937065,0.15132780280570418
104,0,741,24.7,0.04094090903956199,0.014819979183623912
104,0,742,24.733333333333334,-0.07424634996498353,-0.1071833662085292
104,0,743,24.766666666666666,-0.21721235860339141,-0.21462052261329373
104,0,744,24.8,-0.37680855001773483,-0.30331642020910204
104,0,745,24.833333333333332,-0.5366978169185095,-0.3642788432562087
104,0,746,24.866666666666667,-0.6830977963344975,-0.40002721147852627
104,0,747,24.9,-0.8060028467042406,-0.4240267708994623
104,0,748,24.933333333333334,-0.8974273988782329,-0.44471174561931665
104,0,749,24.966666666666665,-0.9477235920766344,-0.46501753573029936
104,0,750,25.0,-0.9432169208616245,-0.4798760590097354
104,0,751,25.033333333333335,-0.8670727891269102,-0.4761708865750285
104,0,752,25.066666666666666,-0.6983969543442585,-0.4387420596887815
104,0,753,25.1,-0.4153970253458458,-0.35081317884130664
104,0,754,25.133333333333333,-0.01959305615406739,-0.22200768722905
104,0,755,25.166666666666668,0.4336292227199791,-0.08867409295911899
104,0,756,25.2,0.8410801978280136,0.029916494868265597
104,0,757,25.233333333333334,1.1020901237385627,0.13119154140434436
104,0,758,25.266666666666666,1.1735709390111004,0.22364587720191115
104,0,759,25.3,1.0828434810259697,0.32589009232317784
104,0,760,25.333333333333332,0.8943744777227693,0.43507935772596923
104,0,761,25.366666666666667,0.6752093087128972,0.5262827621537981
104,0,762,25.4,0.47802648554870864,0.5760631067849663
104,0,763,25.433333333333334,0.3295177767192264,0.562522730398906
104,0,764,25.466666666666665,0.22580413490561102,0.4850129473491548
104,0,765,25.5,0.14115125911030063,0.36427921175715144
104,0,766,25.533333333333335,0.049627380958481127,0.21785597952224747
104,0,767,25.566666666666666,-0.060653526170308225,0.06046049936897977
104,0,768,25.6,-0.18971155601758855,-0.09309716551934243
104,0,769,25.633333333333333,-0.3311957506025126,-0.22717757889547235
104,0,770,25.666666666666668,-0.4767836045079501,-0.33138212212455115
104,0,771,25.7,-0.6177777206982722,-0.3998587644449431
104,0,772,25.733333333333334,-0.7454893250725095,-0.43005350955694116
104,0,773,25.766666666666666,-0.8492622716275605,-0.4222666954560339
104,0,774,25.8,-0.9158546998614633,-0.3836538091656305
104,0,775,25.833333333333332,-0.9312243871993137,-0.32805820557722987
104,0,776,25.866666666666667,-0.8790478958447832,-0.2632416806987262
104,0,777,25.9,-0.7410660673658658,-0.1910536800935534
104,0,778,25.933333333333334,-0.49933530342816546,-0.11389933092360349
104,0,779,25.966666666666665,-0.1474921943950887,-0.035193259902841695
104,0,780,26.0,0.28100452300542966,0.04223930937956349
104,0,781,26.033333333333335,0.6992684493628774,0.11566412676505977
104,0,782,26.066666666666666,1.001078862718941,0.1805080349205077
104,0,783,26.1,1.1276348686402637,0.2299409096736665
104,0,784,26.133333333333333,1.0962975986856254,0.25638777598002965
104,0,785,26.166666666666668,0.964195017820632,0.25136355447072967
104,0,786,26.2,0.7912377380852416,0.21093279976029428
104,0,787,26.233333333333334,0.6241336609366241,0.13582595807900782
104,0,788,26.266666666666666,0.4851746377959057,0.040707263559822945
104,0,789,26.3,0.36996811438976646,-0.045745510813382406
104,0,790,26.333333333333332,0.2544390410017693,-0.11240990538804856
104,0,791,26.366666666666667,0.11336485423905215,-0.16545821104550584
104,0,792,26.4,-0.06034952823875629,-0.20901194581983604
104,0,793,26.433333333333334,-0.2548102640729316,-0.24468399912878003
104,0,794,26.466666666666665,-0.44881354599767637,-0.2729764491027296
104,0,795,26.5,-0.6198308277972284,-0.29305376018388724
104,0,796,26.533333333333335,-0.7516760131095582,-0.30011752757387095
104,0,797,26.566666666666666,-0.8396587295644139,-0.2854453647888276
104,0,798,26.6,-0.8871994674165312,-0.24718733432965162
104,0,799,26.633333333333333,-0.8967682514869378,-0.1905678992768451
104,0,800,26.666666666666668,-0.8653954652780725,-0.08220415579965806
104,0,801,26.7,-0.7825412032874353,0.14848777511323957
104,0,802,26.733333333333334,-0.6306342644384146,0.46315705811542307
104,0,803,26.766666666666666,-0.3905195692542334,0.7139396518425972
104,0,804,26.8,-0.05380766513274679,0.8338706403755333
104,0,805,26.833333333333332,0.3496266465770759,0.836998376139506
104,0,806,26.866666666666667,0.7351974374317912,0.7454154709990942
104,0,807,26.9,0.9968045493139261,0.5885961196370095
104,0,808,26.933333333333334,1.0725754388538002,0.39599257611652344
104,0,809,26.966666666666665,0.9773317498317629,0.1973203538767369
104,0,810,27.0,0.7772206001727626,0.008145749613116395
104,0,811,27.033333333333335,0.550132335039821,-0.16911819369207615
104,0,812,27.066666666666666,0.357103965790568,-0.32702254954878074
104,0,813,27.1,0.2272264136169445,-0.45200034150392787
104,0,814,27.133333333333333,0.15722080386829948,-0.5385327006340783
104,0,815,27.166666666666668,0.11654514651321579,-0.5883858396321583
104,0,816,27.2,0.06538910846073571,-0.6028520983479441
104,0,817,27.233333333333334,-0.019229039937825543,-0.5823341580253615
104,0,818,27.266666666666666,-0.1362763524672789,-0.5246188376155783
104,0,819,27.3,-0.271677924991524,-0.42507480347148074
104,0,820,27.333333333333332,-0.4095085455807928,-0.2877700361954496
104,0,821,27.366666666666667,-0.5394644121819848,-0.12606376516592088
104,0,822,27.4,-0.6549421726334708,0.04142967323030095
104,0,823,27.433333333333334,-0.747184859307531,0.19021519609488574
104,0,824,27.466666666666665,-0.8033541834864117,0.29606569657151793
104,0,825,27.5,-0.8036223069498107,0.33464632841896347
104,0,826,27.533333333333335,-0.7239630831191545,0.3049347206150453
104,0,827,27.566666666666666,-0.5426755038101763,0.2289655404410902
104,0,828,27.6,-0.24820495159221903,0.13556624487794006
104,0,829,27.633333333333333,0.137131703350862,0.060064803214074904
104,0,830,27.666666666666668,0.5375515930163473,0.021257049783244584
104,0,831,27.7,0.8498808078172304,0.021404777784971303
104,0,832,27.733333333333334,1.00170912598173,0.05905761844503567
104,0,833,27.766666666666666,0.987950945493213,0.12909859229967507
104,0,834,27.8,0.8581022622667103,0.21038176998309177
104,0,835,27.833333333333332,0.677474759602431,0.26585124429559476
104,0,836,27.866666666666667,0.5012852493486754,0.2762936453305869
104,0,837,27.9,0.36225379142895914,0.2405124012433719
104,0,838,27.933333333333334,0.2637253021053798,0.1680173424405389
104,0,839,27.966666666666665,0.18647726032389556,0.07903081165302193
104,0,840,28.0,0.10305011578443235,-0.01231988836116324
104,0,841,28.033333333333335,-0.007299401438152699,-0.09774452600537854
104,0,842,28.066666666666666,-0.15131134912744545,-0.16952626883750122
104,0,843,28.1,-0.3230334161458775,-0.2201032862410679
104,0,844,28.133333333333333,-0.5071945362337367,-0.24839456798828352
104,0,845,28.166666666666668,-0.6868750292540242,-0.25944130843766344
104,0,846,28.2,-0.8468399934881642,-0.25596797691656126
104,0,847,28.233333333333334,-0.9714773567645245,-0.23820070276214622
104,0,848,28.266666666666666,-1.0442749481582785,-0.20880607394242837
104,0,849,28.3,-1.0453273218877959,-0.17292228202376944
104,0,850,28.333333333333332,-0.9500905507530004,-0.1290328191950594
104,0,851,28.366666666666667,-0.7343770008830666,-0.069252715669109
104,0,852,28.4,-0.3846403874795113,0.005544169619569706
104,0,853,28.433333333333334,0.07783350025020375,0.08533262395029756
104,0,854,28.466666666666665,0.5745588368578289,0.15984061580670617
104,0,855,28.5,0.9893066606670411,0.21828165826026802
104,0,856,28.533333333333335,1.2278170314989696,0.2532365595003421
104,0,857,28.566666666666666,1.2673610562644608,0.26045555198382986
104,0,858,28.6,1.1513634922167189,0.2386066029351211
104,0,859,28.633333333333333,0.9495903056440866,0.18926920819829166
104,0,860,28.666666666666668,0.7266628353856681,0.12058583369250647
104,0,861,28.7,0.5274506019280525,0.04738825551378174
104,0,862,28.733333333333334,0.3710647776944438,-0.020554154421310502
104,0,863,28.766666666666666,0.24644346675251513,-0.078284327826832
104,0,864,28.8,0.12462312599042237,-0.1225622634561469
104,0,865,28.833333333333332,-0.012914539849563006,-0.15153917671757508
104,0,866,28.866666666666667,-0.16652325044901814,-0.1660591371993785
104,0,867,28.9,-0.33069203896349575,-0.16942448503750474
104,0,868,28.933333333333334,-0.4989370236896007,-0.16441648455454438
104,0,869,28.966666666666665,-0.6626496704157396,-0.15319245968908352
104,0,870,29.0,-0.8118667016286214,-0.1385236586641627
104,0,871,29.033333333333335,-0.9360640715358244,-0.1238017376448716
104,0,872,29.066666666666666,-1.0223195804677485,-0.11041106279420035
104,0,873,29.1,-1.0563062235499439,-0.09780447920928009
104,0,874,29.133333333333333,-1.0234995523001313,-0.08195994739851312
104,0,875,29.166666666666668,-0.9058112761574298,-0.055600148970471074
104,0,876,29.2,-0.6802181327965773,-0.016568116556916174
104,0,877,29.233333333333334,-0.3278569987479685,0.03190674715096595
104,0,878,29.266666666666666,0.13352222420197804,0.08562018638887214
104,0,879,29.3,0.6237403338731595,0.13915228019109419
104,0,880,29.333333333333332,1.0242482012390859,0.18643926317905585
104,0,881,29.366666666666667,1.2421421281543994,0.22055247347108597
104,0,882,29.4,1.2592547895993969,0.23692089851581194
104,0,883,29.433333333333334,1.1235476877198654,0.23321032865316152
104,0,884,29.466666666666665,0.9096790920930955,0.21074039034640124
104,0,885,29.5,0.6861674138132181,0.1744700282521076
104,0,886,29.533333333333335,0.4980417841911276,0.12840562348300677
104,0,887,29.566666666666666,0.3608920611204883,0.07574742864191106
104,0,888,29.6,0.2636822921979128,0.018671095844726707
104,0,889,29.633333333333333,0.1804731494381488,-0.04135151331224073
104,0,890,29.666666666666668,0.08698485824451094,-0.09840930838103679
104,0,891,29.7,-0.02739572791251743,-0.1418832645232818
104,0,892,29.733333333333334,-0.16249251196414036,-0.16819842557587855
104,0,893,29.766666666666666,-0.31277145121919514,-0.18060543155201736
104,0,894,29.8,-0.46891449586720374,-0.18067653175526693
104,0,895,29.833333333333332,-0.6209776147364869,-0.16816186755728263
104,0,896,29.866666666666667,-0.7599737414097973,-0.14417386059073017
104,0,897,29.9,-0.8772605676828141,-0.11123666706076715
104,0,898,29.933333333333334,-0.965306491324029,-0.07128666007684016
104,0,899,29.966666666666665,-1.017033010779238,-0.025846046965273352
104,0,900,30.0,-1.0200977798502284,0.022003134146719946
104,0,901,30.033333333333335,-0.9526445341471294,0.06738767488607877
104,0,902,30.066666666666666,-0.7844125471619661,0.10602631071451464
104,0,903,30.1,-0.4877961376570354,0.13403300029781287
104,0,904,30.133333333333333,-0.0642864741236668,0.151483078583169
104,0,905,30.166666666666668,0.42956451495874315,0.16221605016956148
104,0,906,30.2,0.8855067753270677,0.16759402516444158
104,0,907,30.233333333333334,1.190653589660654,0.16639222085886207
104,0,908,30.266666666666666,1.2911880333808803,0.15532958498994828
104,0,909,30.3,1.2105635180063061,0.1291794745502934
104,0,910,30.333333333333332,1.0168478430642764,0.08934794187753663
104,0,911,30.366666666666667,0.7855472261580587,0.04402821228478211
104,0,912,30.4,0.5750248095964006,-0.0022523302002553005
104,0,913,30.433333333333334,0.4152439951295992,-0.048431661286097695
104,0,914,30.466666666666665,0.30778136036836196,-0.09264780125466598
104,0,915,30.5,0.23020357855677337,-0.1319587353931907
104,0,916,30.533333333333335,0.14861630818093394,-0.1653857007438522
104,0,917,30.566666666666666,0.038635870082196155,-0.1936622134548054
104,0,918,30.6,-0.10436356312241689,-0.21460573723934423
104,0,919,30.633333333333333,-0.2707104812727432,-0.222987456480307
104,0,920,30.666666666666668,-0.4441148567268895,-0.22479009228556474
104,0,921,30.7,-0.6074939119212359,-0.23699298282559525
104,0,922,30.733333333333334,-0.7473177795787571,-0.2538004140270098
104,0,923,30.766666666666666,-0.8556686377237661,-0.24674658259370907
104,0,924,30.8,-0.9294654113740685,-0.20438121682244836
104,0,925,30.833333333333332,-0.9655979436398393,-0.13268215572952
104,0,926,30.866666666666667,-0.9551918290507689,-0.04536319878148491
104,0,927,30.9,-0.8804552905154388,0.035970593130719514
104,0,928,30.933333333333334,-0.7151960850967514,0.10356503891718538
104,0,929,30.966666666666665,-0.4332375477037772,0.16311943562539108
104,0,930,31.0,-0.03226856450686874,0.21882857862518326
104,0,931,31.033333333333335,0.4362267944008398,0.2727991887560968
104,0,932,31.066666666666666,0.8648552666982512,0.3226782162752848
104,0,933,31.1,1.1387089632692327,0.36130302359106126
104,0,934,31.133333333333333,1.2034045059954939,0.3843476198417294
104,0,935,31.166666666666668,1.087748965330145,0.39014693569315795
104,0,936,31.2,0.8698565504582951,0.3733683582732546
104,0,937,31.233333333333334,0.6337907346255994,0.3251082133115164
104,0,938,31.266666666666666,0.4406419978634699,0.24543724096581693
104,0,939,31.3,0.31160241939403405,0.14373578604489853
104,0,940,31.333333333333332,0.22940794027838848,0.0316566648518624
104,0,941,31.366666666666667,0.15818376867207054,-0.07648590524000887
104,0,942,31.4,0.06689046250652439,-0.17340213274788124
104,0,943,31.433333333333334,-0.057129249695196366,-0.2582650394488978
104,0,944,31.466666666666665,-0.20860950224579833,-0.32926150886820843
104,0,945,31.5,-0.37426906200221566,-0.38304286494648926
104,0,946,31.533333333333335,-0.5414564656633095,-0.4236559335253861
104,0,947,31.566666666666666,-0.6994293976413313,-0.46205419272261145
104,0,948,31.6,-0.83573017924946,-0.4981171814942743
104,0,949,31.633333333333333,-0.934993298111453,-0.520400774368897
104,0,950,31.666666666666668,-0.9805839367681382,-0.509263015048645
104,0,951,31.7,-0.9548571094597282,-0.43730120260869154
104,0,952,31.733333333333334,-0.8393489225318246,-0.29962607321083956
104,0,953,31.766666666666666,-0.6118109336691008,-0.11455598384184806
104,0,954,31.8,-0.257071101793714,0.08861684279969873
104,0,955,31.833333333333332,0.19896773516246707,0.26910367591796147
104,0,956,31.866666666666667,0.6699333333716319,0.39610404938150995
104,0,957,31.9,1.0364974244481513,0.4483618755567065
104,0,958,31.933333333333334,1.2107527599161716,0.4070312004949913
104,0,959,31.966666666666665,1.1839518791228116,0.25581450579232917
104,0,960,32.0,1.0128457231747885,0.07994380630356179
104,0,961,32.03333333333333,0.77650953948951,0.06479130453710913
104,0,962,32.06666666666667,0.5461468822100347,0.22159560790386276
104,0,963,32.1,0.36782659920338867,0.3872454960278088
104,0,964,32.13333333333333,0.2522656699745786,0.48268806030417205
104,0,965,32.166666666666664,0.17597543006586122,0.514036537788654
104,0,966,32.2,0.10190551257548355,0.4931628475950659
104,0,967,32.233333333333334,0.0022638768503511486,0.43716682493472453
104,0,968,32.266666666666666,-0.13359493968999336,0.3555244162603581
104,0,969,32.3,-0.3023831586464553,0.2502683652282639
104,0,970,32.333333333333336,-0.49246658840770285,0.12255597436711223
104,0,971,32.36666666666667,-0.6870894576561716,-0.026544617740965608
104,0,972,32.4,-0.8696965050564641,-0.18380621963776916
104,0,973,32.43333333333333,-1.023314339894789,-0.3230820114347867
104,0,974,32.46666666666667,-1.1274745184941266,-0.42576038761085944
104,0,975,32.5,-1.1615436922803737,-0.48022783603207214
104,0,976,32.53333333333333,-1.1032210126824933,-0.48421423030169797
104,0,977,32.56666666666667,-0.9270728763801793,-0.4443959420028711
104,0,978,32.6,-0.6091817713996674,-0.37334974685943845
104,0,979,32.63333333333333,-0.14824529581758275,-0.28941125264050355
104,0,980,32.666666666666664,0.3987986972876488,-0.2042237122873459
104,0,981,32.7,0.914424721593418,-0.12294930226966264
104,0,982,32.733333333333334,1.2737161562814643,-0.04887884668649007
104,0,983,32.766666666666666,1.4133103849640265,0.016124929853412146
104,0,984,32.8,1.3525408166063104,0.07016114497014343
104,0,985,32.833333333333336,1.157742945587672,0.11091431305108371
104,0,986,32.86666666666667,0.9054151336624882,0.13606814703147546
104,0,987,32.9,0.6646401465344621,0.14310649135924064
104,0,988,32.93333333333333,0.47848406489170386,0.13327497862098187
104,0,989,32.96666666666667,0.3511453064807608,0.11151401874043192
104,0,990,33.0,0.25621045726507163,0.08293992597444279
104,0,991,33.03333333333333,0.15834997012093394,0.052866966107194935
104,0,992,33.06666666666667,0.03254326943015834,0.02528450966455695
104,0,993,33.1,-0.12817065596698193,0.0029659568709374017
104,0,994,33.13333333333333,-0.31641001269596336,-0.013781634215306426
104,0,995,33.166666666666664,-0.5181728017495136,-0.026963040132765594
104,0,996,33.2,-0.7183522003248943,-0.03643222589868627
104,0,997,33.233333333333334,-0.9041791591886166,-0.03980366834244277
104,0,998,33.266666666666666,-1.0637037572950643,-0.034035196937313245
104,0,999,33.3,-1.1807797541373632,-0.01549818360083443
104,0,1000,33.333333333333336,-1.2351203678540652,0.00941162139600758
104,0,1001,33.36666666666667,-1.2051255643174121,0.024313542461834245
104,0,1002,33.4,-1.0687660415587161,0.02514880842587628
104,0,1003,33.43333333333333,-0.8025420241727497,0.020173392358876753
104,0,1004,33.46666666666667,-0.3962462080513196,0.014335732900118536
104,0,1005,33.5,0.11284178937041914,0.00914714876182809
104,0,1006,33.53333333333333,0.6275724139903367,0.004329239147438026
104,0,1007,33.56666666666667,1.031285361800571,-0.002169007981507522
104,0,1008,33.6,1.2565950884674557,-0.012227448143644033
104,0,1009,33.63333333333333,1.309568760706378,-0.0274876308535059
104,0,1010,33.666666666666664,1.236410092289987,-0.04686629469877167
104,0,1011,33.7,1.089543330461326,-0.06651634925547206
104,0,1012,33.733333333333334,0.9147396694761969,-0.08376090232093898
104,0,1013,33.766666666666666,0.7445552027797155,-0.09707420789631371
104,0,1014,33.8,0.5931795169455361,-0.10746023290375836
104,0,1015,33.833333333333336,0.45682988620263426,-0.11837819718097845
104,0,1016,33.86666666666667,0.318624085335496,-0.13232744106527364
104,0,1017,33.9,0.15990079152478973,-0.1507516007869185
104,0,1018,33.93333333333333,-0.029155354500370476,-0.16726166293903275
104,0,1019,33.96666666666667,-0.2480523076902118,-0.16774571973050661
104,0,1020,34.0,-0.48956682625024794,-0.13996929544977502
104,0,1021,34.03333333333333,-0.7398347715399987,-0.073983407347563
104,0,1022,34.06666666666667,-0.9747256646142424,0.0163997045625044
104,0,1023,34.1,-1.1648561526053163,0.09347378250533475
104,0,1024,34.13333333333333,-1.2863412641375689,0.13246351719432534
104,0,1025,34.166666666666664,-1.3252665644492074,0.12163221624158323
104,0,1026,34.2,-1.2735461969118016,0.0700332553331086
104,0,1027,34.233333333333334,-1.1219613952001115,0.007280221397043957
104,0,1028,34.266666666666666,-0.8543888852104347,-0.03820331566081228
104,0,1029,34.3,-0.4515989069808608,-0.039589385566963405
104,0,1030,34.333333333333336,0.07468191021354725,0.01300132552303025
104,0,1031,34.36666666666667,0.6472463568605348,0.11220165285545246
104,0,1032,34.4,1.1378069666423338,0.24295935633620133
104,0,1033,34.43333333333333,1.4309935790019446,0.3822525826987044
104,0,1034,34.46666666666667,1.4876649997441462,0.5013507806838046
104,0,1035,34.5,1.34804073236374,0.5656543689228466
104,0,1036,34.53333333333333,1.0936091830403978,0.5607880566421909
104,0,1037,34.56666666666667,0.8102913386334091,0.4925820331040782
104,0,1038,34.6,0.5632372405148911,0.3722077605483948
104,0,1039,34.63333333333333,0.3824068704942449,0.21638899659596056
104,0,1040,34.666666666666664,0.25592885165113366,0.04556035602232516
104,0,1041,34.7,0.14722927014829865,-0.11554771004376407
104,0,1042,34.733333333333334,0.026232658173330592,-0.24885079719677
104,0,1043,34.766666666666666,-0.11877755241526258,-0.342211669793443
104,0,1044,34.8,-0.2863375326855776,-0.394597876672279
104,0,1045,34.833333333333336,-0.4670815375070229,-0.4153741713071609
104,0,1046,34.86666666666667,-0.6470448772070624,-0.4097060351344969
104,0,1047,34.9,-0.8109016065461326,-0.3781957457860982
104,0,1048,34.93333333333333,-0.9453596738641792,-0.325234444514204
104,0,1049,34.96666666666667,-1.038447342552813,-0.25904101531797363
104,0,1050,35.0,-1.0787621435289796,-0.186461175033575
104,0,1051,35.03333333333333,-1.055062330957598,-0.11319207600176781
104,0,1052,35.06666666666667,-0.9501156184631466,-0.04461450099147335
104,0,1053,35.1,-0.7373276116993073,0.013881241178318965
104,0,1054,35.13333333333333,-0.39218584212441654,0.05832065276590434
104,0,1055,35.166666666666664,0.07110057101697562,0.0858767870657474
104,0,1056,35.2,0.5732254988702289,0.09854001185052266
104,0,1057,35.233333333333334,0.9944294673177749,0.10289319525724265
104,0,1058,35.266666666666666,1.23558761234422,0.10197032261558732
104,0,1059,35.3,1.2694940876613254,0.09516286997513072
104,0,1060,35.333333333333336,1.1384150625710918,0.08294467943578798
104,0,1061,35.36666666666667,0.9192437219732741,0.06692820830903831
104,0,1062,35.4,0.6894200433925777,0.04791302132923395
104,0,1063,35.43333333333333,0.501303757926786,0.02599553960835889
104,0,1064,35.46666666666667,0.37100972941388194,0.0035312626417633277
104,0,1065,35.5,0.27700341651490973,-0.014760776685056947
104,0,1066,35.53333333333333,0.17767105055455373,-0.026269703473803002
104,0,1067,35.56666666666667,0.04136524642843612,-0.030424353816253597
104,0,1068,35.6,-0.13813558367027,-0.029387850793643505
104,0,1069,35.63333333333333,-0.34784737177623115,-0.02795565311625192
104,0,1070,35.666666666666664,-0.5695334670119185,-0.026271989695899993
104,0,1071,35.7,-0.7835503623925697,-0.019828881238086057
104,0,1072,35.733333333333334,-0.9698232574628622,-0.006015353695793914
104,0,1073,35.766666666666666,-1.1111524710119425,0.015765504908533873
104,0,1074,35.8,-1.1908718102126727,0.04334521090772832
104,0,1075,35.833333333333336,-1.1888319416571396,0.07169793920070033
104,0,1076,35.86666666666667,-1.0801374296731736,0.09561912337938015
104,0,1077,35.9,-0.8356083637162416,0.10967122980518947
104,0,1078,35.93333333333333,-0.4353470005579101,0.11331614511161066
104,0,1079,35.96666666666667,0.09490409555048546,0.11082614158412696
104,0,1080,36.0,0.6606446024044269,0.1013801054806043
104,0,1081,36.03333333333333,1.1278631928151248,0.07909779503527731
104,0,1082,36.06666666666667,1.3927087338888322,0.042694089363612645
104,0,1083,36.1,1.4328415138880934,-0.0043359247422313256
104,0,1084,36.13333333333333,1.298285555753758,-0.05649318685492487
104,0,1085,36.166666666666664,1.068295720965397,-0.10611336347142106
104,0,1086,36.2,0.8173819713347836,-0.1479708700984992
104,0,1087,36.233333333333334,0.5980814583647254,-0.179098243134699
104,0,1088,36.266666666666666,0.42850183944259235,-0.19902473129373344
104,0,1089,36.3,0.2908316734255282,-0.20959953369696308
104,0,1090,36.333333333333336,0.1499107282012963,-0.2132642249201163
104,0,1091,36.36666666666667,-0.018860771540116908,-0.21294838073743125
104,0,1092,36.4,-0.21778248772674297,-0.20829463956546268
104,0,1093,36.43333333333333,-0.4379792188067205,-0.19572184922687744
104,0,1094,36.46666666666667,-0.6714057646307977,-0.17520425140497548
104,0,1095,36.5,-0.9089765554672542,-0.15042055899977025
104,0,1096,36.53333333333333,-1.1300931072847225,-0.11992504038830828
104,0,1097,36.56666666666667,-1.30527625433524,-0.07743041461386557
104,0,1098,36.6,-1.40744708434328,-0.022326469211654234
104,0,1099,36.63333333333333,-1.4106305946791131,0.039931918906585095
104,0,1100,36.666666666666664,-1.2871717697599756,0.10749619612603128
104,0,1101,36.7,-1.0092059526524793,0.18166672103087442
104,0,1102,36.733333333333334,-0.5590931240745677,0.2570495717148393
104,0,1103,36.766666666666666,0.03490321616658058,0.3211210550740852
104,0,1104,36.8,0.6709578007023914,0.37076793865380037
104,0,1105,36.833333333333336,1.2058611558048034,0.41186698584834286
104,0,1106,36.86666666666667,1.5298480779480548,0.4425213243020348
104,0,1107,36.9,1.6172167027586122,0.45277999251958
104,0,1108,36.93333333333333,1.5153717213318016,0.4288177735760137
104,0,1109,36.96666666666667,1.2992240070072463,0.353230191823436
104,0,1110,37.0,1.0408812226427882,0.2269442850221442
104,0,1111,37.03333333333333,0.7943521217408566,0.06971306133845591
104,0,1112,37.06666666666667,0.580978685629581,-0.09785897074492964
104,0,1113,37.1,0.390344914423589,-0.2537969981579481
104,0,1114,37.13333333333333,0.19654922353605134,-0.3897125649369302
104,0,1115,37.166666666666664,-0.021878166435701216,-0.509939876118841
104,0,1116,37.2,-0.2689813457795435,-0.6210165466180807
104,0,1117,37.233333333333334,-0.5335609110648221,-0.7306473291024009
104,0,1118,37.266666666666666,-0.7997645101825415,-0.8339734807281667
104,0,1119,37.3,-1.050101476333111,-0.9129444851465456
104,0,1120,37.333333333333336,-1.26236690798715,-0.8996201390903964
104,0,1121,37.36666666666667,-1.4123676635738096,-0.6775822375968898
104,0,1122,37.4,-1.4769077357666611,-0.2693197534759766
104,0,1123,37.43333333333333,-1.4314422341424753,0.16280876088418644
104,0,1124,37.46666666666667,-1.2462144848126697,0.527438474826442
104,0,1125,37.5,-0.8917283897563009,0.8037222127460477
104,0,1126,37.53333333333333,-0.36863173148354395,0.9896913099457832
104,0,1127,37.56666666666667,0.257854994451671,1.100335802184367
104,0,1128,37.6,0.862261600762829,1.1431794146007055
104,0,1129,37.63333333333333,1.3105260279873123,1.117294367652137
104,0,1130,37.666666666666664,1.5274997027154797,1.0139383424912478
104,0,1131,37.7,1.5244780962368276,0.8170405604223505
104,0,1132,37.733333333333334,1.3682457678890985,0.5420227601072017
104,0,1133,37.766666666666666,1.136879276034489,0.2368376318152588
104,0,1134,37.8,0.8951201132140565,-0.05549089813715511
104,0,1135,37.833333333333336,0.6810564805609243,-0.2958308630741785
104,0,1136,37.86666666666667,0.4981742451762166,-0.46600995047394234
104,0,1137,37.9,0.3242915350529896,-0.567518106441307
104,0,1138,37.93333333333333,0.13370515389825627,-0.6106843771712086
104,0,1139,37.96666666666667,-0.08330920350417727,-0.613553265079247
104,0,1140,38.0,-0.31722114530479173,-0.5897857222361432
104,0,1141,38.03333333333333,-0.5521902994950602,-0.5481549303505346
104,0,1142,38.06666666666667,-0.774016723650303,-0.4950916681128108
104,0,1143,38.1,-0.9686877835681827,-0.434722288599524
104,0,1144,38.13333333333333,-1.121635578234495,-0.370312116343267
104,0,1145,38.166666666666664,-1.2187729237367346,-0.30454759035377177
104,0,1146,38.2,-1.2453242087987444,-0.2399502262185155
104,0,1147,38.233333333333334,-1.184436421736808,-0.17923851489188866
104,0,1148,38.266666666666666,-1.015346994391762,-0.12401530891841898
104,0,1149,38.3,-0.7147783830194718,-0.07513841094035169
104,0,1150,38.333333333333336,-0.28056410879594573,-0.03224689220980202
104,0,1151,38.36666666666667,0.2350464804450419,0.005880948704587247
104,0,1152,38.4,0.7251838964790801,0.040900978237416855
104,0,1153,38.43333333333333,1.0760059399287591,0.0745732001566719
104,0,1154,38.46666666666667,1.2292705810024511,0.10775330540347013
104,0,1155,38.5,1.2021986022054678,0.1401100709101663
104,0,1156,38.53333333333333,1.055652039057823,0.1707942435173426
104,0,1157,38.56666666666667,0.8592593502159748,0.19821109445481877
104,0,1158,38.6,0.6700521843580574,0.22252430617564123
104,0,1159,38.63333333333333,0.5157018480728652,0.24543504081420475
104,0,1160,38.666666666666664,0.3910722000972452,0.2614602253766138
104,0,1161,38.7,0.27131543281002213,0.25790973013219537
104,0,1162,38.733333333333334,0.13195203411476467,0.23435463863597975
104,0,1163,38.766666666666666,-0.03677613246541723,0.20265336238232812
104,0,1164,38.8,-0.22868914660163886,0.16954690966563452
104,0,1165,38.833333333333336,-0.4303722540876724,0.13668570907593375
104,0,1166,38.86666666666667,-0.6285411688895314,0.1044554553653946
104,0,1167,38.9,-0.8099827320444749,0.07220036818847178
104,0,1168,38.93333333333333,-0.9594720948913379,0.03709454860759481
104,0,1169,38.96666666666667,-1.0599701191675137,-0.005543021682127645
104,0,1170,39.0,-1.0931163955443413,-0.05310668498236712
104,0,1171,39.03333333333333,-1.0378076776990324,-0.09546975290881932
104,0,1172,39.06666666666667,-0.8696583040727843,-0.1246365829385756
104,0,1173,39.1,-0.5671722047902489,-0.13466640306379907
104,0,1174,39.13333333333333,-0.13542438869023238,-0.12543962456560617
104,0,1175,39.166666666666664,0.3633410083706207,-0.10258965932232
104,0,1176,39.2,0.8153711595573324,-0.07241576179049392
104,0,1177,39.233333333333334,1.1121187648314272,-0.04187069012072081
104,0,1178,39.266666666666666,1.2095230190616877,-0.018066425786295616
104,0,1179,39.3,1.1385148107093226,-0.008300277286524434
104,0,1180,39.333333333333336,0.9699486060560906,-0.014944376203009004
104,0,1181,39.36666666666667,0.7742215577955297,-0.035467301551798565
104,0,1182,39.4,0.6007605940276725,-0.06730601654750165
104,0,1183,39.43333333333333,0.4668468824203728,-0.10782126986135424
104,0,1184,39.46666666666667,0.35509859945823596,-0.15214328564456422
104,0,1185,39.5,0.2318474936964069,-0.19305939057811528
104,0,1186,39.53333333333333,0.07480217373727126,-0.22469995870924753
104,0,1187,39.56666666666667,-0.11395630600976833,-0.24246087238873076
104,0,1188,39.6,-0.316379451179552,-0.24337435061393395
104,0,1189,39.63333333333333,-0.5128894927180293,-0.22612177972297362
104,0,1190,39.666666666666664,-0.6906652006890422,-0.19276169234120877
104,0,1191,39.7,-0.8437228470112355,-0.14885495511118477
104,0,1192,39.733333333333334,-0.9679876305115045,-0.09859935781830247
104,0,1193,39.766666666666666,-1.0574953019660214,-0.04508765216792271
104,0,1194,39.8,-1.0997288787019261,0.008034262120188283
104,0,1195,39.833333333333336,-1.0739892370521913,0.056224743568706284
104,0,1196,39.86666666666667,-0.9534730053433451,0.09579865974546722
104,0,1197,39.9,-0.7088502517896305,0.12362845344324694
104,0,1198,39.93333333333333,-0.3257872581526199,0.14403335024772118
104,0,1199,39.96666666666667,0.16312153443528088,0.1684045358742871
104,0,1200,40.0,0.6654762184691233,0.20285997148818663
104,0,1201,40.03333333333333,1.0619639337307456,0.24785548396161616
104,0,1202,40.06666666666667,1.2696380860688015,0.30224338355291436
104,0,1203,40.1,1.2842084334305262,0.36296143684809457
104,0,1204,40.13333333333333,1.1586097137337266,0.4209387994685869
104,0,1205,40.166666666666664,0.9591380778396768,0.4609191177286375
104,0,1206,40.2,0.743485727419211,0.46645017875455985
104,0,1207,40.233333333333334,0.5500456035941697,0.42008729966549113
104,0,1208,40.266666666666666,0.3941167142563558,0.3229042280965555
104,0,1209,40.3,0.26876434863157156,0.19482801298116587
104,0,1210,40.333333333333336,0.15233181742262064,0.057657481846421624
104,0,1211,40.36666666666667,0.02285587190660593,-0.06459885778586108
104,0,1212,40.4,-0.129593617686216,-0.1618710799277201
104,0,1213,40.43333333333333,-0.29951553730608516,-0.23738362410377004
104,0,1214,40.46666666666667,-0.473378122511508,-0.2928827347693533
104,0,1215,40.5,-0.6373331165280958,-0.3279817472533462
104,0,1216,40.53333333333333,-0.7823718130946898,-0.3434079020020505
104,0,1217,40.56666666666667,-0.9036462399392539,-0.3406664310268285
104,0,1218,40.6,-0.993880513758493,-0.32304116164649455
104,0,1219,40.63333333333333,-1.042133142800141,-0.29545987401090495
104,0,1220,40.666666666666664,-1.0339675158372843,-0.259238778430716
104,0,1221,40.7,-0.9514528172973971,-0.21218877090860053
104,0,1222,40.733333333333334,-0.7726606223629716,-0.15468042414192712
104,0,1223,40.766666666666666,-0.4749044494363504,-0.08992411160626135
104,0,1224,40.8,-0.05869975621298903,-0.019220743970826723
104,0,1225,40.833333333333336,0.4218421155266423,0.05765133241093736
104,0,1226,40.86666666666667,0.8617087359148103,0.1345406985862351
104,0,1227,40.9,1.1556628744647222,0.19858343278012805
104,0,1228,40.93333333333333,1.2586251978226923,0.23834439483859726
104,0,1229,40.96666666666667,1.196857560739688,0.2437179484051356
104,0,1230,41.0,1.0321239386538152,0.21449399020007132
104,0,1231,41.03333333333333,0.8277109255870972,0.16035283661695018
104,0,1232,41.06666666666667,0.6325854922502503,0.091466654172326
104,0,1233,41.1,0.47298700097979907,0.0186193453016029
104,0,1234,41.13333333333333,0.34957763459847435,-0.04676294864512287
104,0,1235,41.166666666666664,0.2428188524944811,-0.09239658182919328
104,0,1236,41.2,0.1284475193287494,-0.1158535517426656
104,0,1237,41.233333333333334,-0.007622856948682005,-0.12428521900798992
104,0,1238,41.266666666666666,-0.16496748661601107,-0.1203479858916895
104,0,1239,41.3,-0.3315004256636212,-0.1020511496357471
104,0,1240,41.333333333333336,-0.49321853611259564,-0.07501973145730242
104,0,1241,41.36666666666667,-0.641439573563844,-0.05245301516410862
104,0,1242,41.4,-0.7705580301007401,-0.04096354224310076
104,0,1243,41.43333333333333,-0.874968034797207,-0.040542734249758565
104,0,1244,41.46666666666667,-0.9493164671066263,-0.04776875686462477
104,0,1245,41.5,-0.9879268039535085,-0.05590725530691643
104,0,1246,41.53333333333333,-0.9823875180063613,-0.057900648020093946
104,0,1247,41.56666666666667,-0.9183164241732669,-0.04651635981698402
104,0,1248,41.6,-0.7725692184819263,-0.020772713270285577
104,0,1249,41.63333333333333,-0.5198093524413616,0.01394484774390559
104,0,1250,41.666666666666664,-0.15079668806579669,0.053480646581924814
104,0,1251,41.7,0.3013697586786272,0.09477132031103036
104,0,1252,41.733333333333334,0.7497137416491902,0.13466715151845773
104,0,1253,41.766666666666666,1.0848411068103723,0.16971756202940694
104,0,1254,41.8,1.234001133187312,0.19527172813542065
104,0,1255,41.833333333333336,1.1981637695936442,0.20535183419996555
104,0,1256,41.86666666666667,1.035572881298816,0.1986788629117535
104,0,1257,41.9,0.8201710015142201,0.17862765988237586
104,0,1258,41.93333333333333,0.6110354370692244,0.14717505193530472
104,0,1259,41.96666666666667,0.440527957727087,0.10497650325009485
104,0,1260,42.0,0.31404537937814403,0.0549624353439017
104,0,1261,42.03333333333333,0.21391045666424777,0.002544241391711938
104,0,1262,42.06666666666667,0.1143174585602032,-0.04851892306155427
104,0,1263,42.1,-0.0032242540678692963,-0.09586864477529058
104,0,1264,42.13333333333333,-0.1456848710098277,-0.1386884689659019
104,0,1265,42.166666666666664,-0.304126010755829,-0.17741016538381715
104,0,1266,42.2,-0.45701415153864977,-0.21176989860703363
104,0,1267,42.233333333333334,-0.5882282291011453,-0.2405688590528708
104,0,1268,42.266666666666666,-0.6938902499355797,-0.2613473782951614
104,0,1269,42.3,-0.774058255024206,-0.27029006063900346
104,0,1270,42.333333333333336,-0.8260742424135077,-0.26544864935607404
104,0,1271,42.36666666666667,-0.8424264672009081,-0.24678557261319292
104,0,1272,42.4,-0.81058398108314,-0.21612800192137224
104,0,1273,42.43333333333333,-0.7132383663998151,-0.1773108558525021
104,0,1274,42.46666666666667,-0.531185295622657,-0.1372391054268198
104,0,1275,42.5,-0.24974320999086003,-0.106037651811978
104,0,1276,42.53333333333333,0.12134702702313548,-0.09249145001140721
104,0,1277,42.56666666666667,0.5220349526794795,-0.10409261593982191
104,0,1278,42.6,0.85256021244649,-0.14835897659114372
104,0,1279,42.63333333333333,1.025453926260106,-0.23261315319068787
104,0,1280,42.666666666666664,1.0146538863329617,-0.2877260603437021
104,0,1281,42.7,0.8630920160512926,-0.16958072932153107
104,0,1282,42.733333333333334,0.6492982701299734,0.11725815425487304
104,0,1283,42.766666666666666,0.4468395227781673,0.41876147090932925
104,0,1284,42.8,0.30077796641939814,0.6494395693590281
104,0,1285,42.833333333333336,0.21727668513424744,0.7925907112764004
104,0,1286,42.86666666666667,0.16671263867027153,0.8472080274071209
104,0,1287,42.9,0.10853973518125067,0.8269468212912778
104,0,1288,42.93333333333333,0.018294199939746673,0.7371623108392811
104,0,1289,42.96666666666667,-0.10697187476982868,0.5748847333665279
104,0,1290,43.0,-0.25628918097645703,0.3473678817010392
104,0,1291,43.03333333333333,-0.412733486382461,0.07304679394841007
104,0,1292,43.06666666666667,-0.5613277816648697,-0.21181420687397665
104,0,1293,43.1,-0.6904623621058132,-0.45218023098274374
104,0,1294,43.13333333333333,-0.7912448896132527,-0.6155241830627115
104,0,1295,43.166666666666664,-0.8568288753583213,-0.691009365667658
104,0,1296,43.2,-0.8759948326691727,-0.6803521450434623
104,0,1297,43.233333333333334,-0.8309179755107785,-0.5971924725625243
104,0,1298,43.266666666666666,-0.6989906066183904,-0.4589113860282226
104,0,1299,43.3,-0.45773692324873305,-0.2866833378706215
104,0,1300,43.333333333333336,-0.10194188562955869,-0.09849544390723133
104,0,1301,43.36666666666667,0.32931393930183994,0.09018185691650535
104,0,1302,43.4,0.745403338435976,0.2656544756964263
104,0,1303,43.43333333333333,1.0399946795262722,0.4150955332180977
104,0,1304,43.46666666666667,1.148278076003204,0.5227396714758107
104,0,1305,43.5,1.0791333261235814,0.5693192639082514
104,0,1306,43.53333333333333,0.8952758528425842,0.5480541727562699
104,0,1307,43.56666666666667,0.6716134615077118,0.4645716754636318
104,0,1308,43.6,0.46695732859585926,0.3333231259167181
104,0,1309,43.63333333333333,0.312360912389225,0.17782920642951963
104,0,1310,43.666666666666664,0.20756063180013534,0.017003250746878952
104,0,1311,43.7,0.12600697953346124,-0.13421333587921838
104,0,1312,43.733333333333334,0.035138670247793345,-0.2641169327863373
104,0,1313,43.766666666666666,-0.08388896082590092,-0.36343023290568965
104,0,1314,43.8,-0.23238118452996587,-0.4277976408520582
104,0,1315,43.833333333333336,-0.39954201516415144,-0.45713926758576334
104,0,1316,43.86666666666667,-0.5687723628132554,-0.4530210201648048
104,0,1317,43.9,-0.7239514884231434,-0.418348300404126
104,0,1318,43.93333333333333,-0.852082218757545,-0.35561811680073296
104,0,1319,43.96666666666667,-0.940758142735066,-0.2670557972361644
104,0,1320,44.0,-0.9750565272111725,-0.16630852107833716
104,0,1321,44.03333333333333,-0.9381514554120464,-0.07865854609784784
104,0,1322,44.06666666666667,-0.8118510590690238,-0.010748168863569937
104,0,1323,44.1,-0.576804209404275,0.04900141472127671
104,0,1324,44.13333333333333,-0.22373105698530207,0.1070516423355739
104,0,1325,44.166666666666664,0.22064786520941823,0.16414215031981777
104,0,1326,44.2,0.6773818098219964,0.21590980070034915
104,0,1327,44.233333333333334,1.0380637784753035,0.2526099597454512
104,0,1328,44.266666666666666,1.2207130955333718,0.2698926136003826
104,0,1329,44.3,1.2132767514961813,0.26866673831254956
104,0,1330,44.333333333333336,1.0635588862179506,0.24994420363562964
104,0,1331,44.36666666666667,0.8397424260748185,0.21482050889867818
104,0,1332,44.4,0.6026754543942657,0.1675647363905068
104,0,1333,44.43333333333333,0.3937525279422883,0.1157490615095815
104,0,1334,44.46666666666667,0.22696306690189724,0.06271451122821084
104,0,1335,44.5,0.08738813852290919,0.007846086448206177
104,0,1336,44.53333333333333,-0.05176125239632074,-0.046131629585283045
104,0,1337,44.56666666666667,-0.2069436355319349,-0.09284175467786479
104,0,1338,44.6,-0.3759834384929025,-0.12855303876964913
104,0,1339,44.63333333333333,-0.5457503111695838,-0.15195841431138668
104,0,1340,44.666666666666664,-0.702696350310521,-0.16489077934934257
104,0,1341,44.7,-0.8346759246789216,-0.17211382897948652
104,0,1342,44.733333333333334,-0.9287355748442557,-0.17444977011653603
104,0,1343,44.766666666666666,-0.9705588414379936,-0.16872218063433164
104,0,1344,44.8,-0.9455148940965303,-0.152854714723343
104,0,1345,44.833333333333336,-0.8366073854041848,-0.12599790652651463
104,0,1346,44.86666666666667,-0.6239481099342695,-0.08831823418426793
104,0,1347,44.9,-0.2946409647561529,-0.041219255934053484
104,0,1348,44.93333333333333,0.13184320012147777,0.009276485797495487
104,0,1349,44.96666666666667,0.5798478625192087,0.05232321818739214
104,0,1350,45.0,0.9384434275446534,0.07789034778455327
104,0,1351,45.03333333333333,1.1226163052530989,0.07669714131977134
104,0,1352,45.06666666666667,1.1177042659660008,0.05057845423630297
104,0,1353,45.1,0.9694895397589456,0.012390396623824504
104,0,1354,45.13333333333333,0.7468579751473533,-0.026397736825810886
104,0,1355,45.166666666666664,0.5159788768204466,-0.0558130314733477
104,0,1356,45.2,0.32192980240761293,-0.07276527942376963
104,0,1357,45.233333333333334,0.17943481051793872,-0.08097936767690564
104,0,1358,45.266666666666666,0.07642387657149549,-0.08040018543630867
104,0,1359,45.3,-0.013506394042002011,-0.06718939786916274
104,0,1360,45.333333333333336,-0.11301446949717824,-0.046843905127295235
104,0,1361,45.36666666666667,-0.2314942349712964,-0.03418452304290193
104,0,1362,45.4,-0.3662438638918774,-0.03183631981342469
104,0,1363,45.43333333333333,-0.5063488091799966,-0.030292580339293388
104,0,1364,45.46666666666667,-0.6363108096618095,-0.02437994024919213
104,0,1365,45.5,-0.7394237194227473,-0.013461734967030653
104,0,1366,45.53333333333333,-0.7993261068037981,0.0011007937048433773
104,0,1367,45.56666666666667,-0.801876213209876,0.015874214251024196
104,0,1368,45.6,-0.7351805398816101,0.03667535399651661
104,0,1369,45.63333333333333,-0.5856476662191785,0.07827307505577022
104,0,1370,45.666666666666664,-0.3388933694462814,0.1515100824019941
104,0,1371,45.7,0.002224280074051406,0.26268056703741904
104,0,1372,45.733333333333334,0.38840442248266965,0.3966347675451739
104,0,1373,45.766666666666666,0.7258350187442322,0.516421599356437
104,0,1374,45.8,0.9237552188715542,0.5922623352625407
104,0,1375,45.833333333333336,0.9481225027636683,0.6015682680959501
104,0,1376,45.86666666666667,0.8295301815727355,0.5351088505644731
104,0,1377,45.9,0.6316485621186181,0.3972432043957863
104,0,1378,45.93333333333333,0.4226040780178665,0.20407675336130032
104,0,1379,45.96666666666667,0.2528528559555928,-0.01597162989885331
104,0,1380,46.0,0.13951068562321867,-0.23316097671678765
104,0,1381,46.03333333333333,0.06534904484934294,-0.41565890430567254
104,0,1382,46.06666666666667,-0.004045468749207956,-0.5462017253409248
104,0,1383,46.1,-0.09635186540717222,-0.6212343359777119
104,0,1384,46.13333333333333,-0.21941296101392876,-0.6427532762581211
104,0,1385,46.166666666666664,-0.36197563168467173,-0.6176667103281953
104,0,1386,46.2,-0.5033093670021064,-0.5566594384295648
104,0,1387,46.233333333333334,-0.6233608629092658,-0.4740286036859735
104,0,1388,46.266666666666666,-0.7070381723573992,-0.379036746213945
104,0,1389,46.3,-0.7421110027414437,-0.27621071235795713
104,0,1390,46.333333333333336,-0.7146622654827308,-0.16921912103025416
104,0,1391,46.36666666666667,-0.6077589213749666,-0.0614857097469315
104,0,1392,46.4,-0.40432052615392605,0.047827947514597166
104,0,1393,46.43333333333333,-0.09996461737127457,0.16303894006645475
104,0,1394,46.46666666666667,0.27119822799469556,0.2853301552073052
104,0,1395,46.5,0.6275904378210893,0.41190270427416503
104,0,1396,46.53333333333333,0.874444977870134,0.5274646277042927
104,0,1397,46.56666666666667,0.957030607893382,0.6037804679425912
104,0,1398,46.6,0.8857369087445772,0.624532354461977
104,0,1399,46.63333333333333,0.7159511419955614,0.5852664818160357
104,0,1400,46.666666666666664,0.512610964957211,0.4934426285962399
104,0,1401,46.7,0.3271007774731947,0.36853234362805565
104,0,1402,46.733333333333334,0.1841324874610306,0.22685338506920896
104,0,1403,46.766666666666666,0.07693932292732247,0.0820338577811588
104,0,1404,46.8,-0.020224222656368383,-0.055083409175091434
104,0,1405,46.833333333333336,-0.1311399123880571,-0.17567203206824208
104,0,1406,46.86666666666667,-0.2672758318711016,-0.27579494746901156
104,0,1407,46.9,-0.4235331332760372,-0.35561047257178197
104,0,1408,46.93333333333333,-0.5826362000474979,-0.41108993869683663
104,0,1409,46.96666666666667,-0.7263217927048321,-0.43352357539030795
104,0,1410,47.0,-0.8357249335843135,-0.4219341847452639
104,0,1411,47.03333333333333,-0.888620324785668,-0.3829153602472757
104,0,1412,47.06666666666667,-0.863558379207257,-0.32398451441123804
104,0,1413,47.1,-0.7433889445645252,-0.2536283457207107
104,0,1414,47.13333333333333,-0.5138013754485864,-0.1764813330864777
104,0,1415,47.166666666666664,-0.1731186594354541,-0.09369122102839585
104,0,1416,47.2,0.24165345399556523,-0.01006512589013419
104,0,1417,47.233333333333334,0.6455700711086414,0.06546922425158395
104,0,1418,47.266666666666666,0.9378095858000964,0.12693354693334608
104,0,1419,47.3,1.0586514679657444,0.17091371561937457
104,0,1420,47.333333333333336,1.0174565652738439,0.19168735474994192
104,0,1421,47.36666666666667,0.8664612143729392,0.18104974643915872
104,0,1422,47.4,0.664265962621211,0.1410589505199499
104,0,1423,47.43333333333333,0.4618477954888267,0.08402349172419052
104,0,1424,47.46666666666667,0.29562610431525027,0.01862675928543156
104,0,1425,47.5,0.17502364917948005,-0.04994749650784701
104,0,1426,47.53333333333333,0.08154829285773738,-0.11362282403923982
104,0,1427,47.56666666666667,-0.013238648898341247,-0.1612069572163644
104,0,1428,47.6,-0.12819338328485752,-0.18555728831293347
104,0,1429,47.63333333333333,-0.2671579494702888,-0.18348270469903408
104,0,1430,47.666666666666664,-0.4222788746172045,-0.15520371513108674
104,0,1431,47.7,-0.5773856342767993,-0.10439813216903127
104,0,1432,47.733333333333334,-0.7141386044584976,-0.03736259276307795
104,0,1433,47.766666666666666,-0.8173672208973597,0.03676924763363604
104,0,1434,47.8,-0.8762069709421507,0.10906060381640861
104,0,1435,47.833333333333336,-0.8815234831629455,0.17046609236655663
104,0,1436,47.86666666666667,-0.821182939639707,0.2137633637627493
104,0,1437,47.9,-0.6761031045169101,0.23329557258519693
104,0,1438,47.93333333333333,-0.4244356688307564,0.220448449654715
104,0,1439,47.96666666666667,-0.06332026872318922,0.16374109978720403
104,0,1440,48.0,0.3604644609825492,0.12724810639539924
104,0,1441,48.03333333333333,0.749152161971663,0.24915230737238986
104,0,1442,48.06666666666667,1.0033310845085213,0.4894783739634912
104,0,1443,48.1,1.080358144876147,0.6303732876105436
104,0,1444,48.13333333333333,1.004973251862756,0.5911595951942116
104,0,1445,48.166666666666664,0.8381125545087902,0.42966088640976197
104,0,1446,48.2,0.6442248585288244,0.2033619239770565
104,0,1447,48.233333333333334,0.47165570858735073,-0.03107414611761257
104,0,1448,48.266666666666666,0.34421293415997706,-0.23262047561563978
104,0,1449,48.3,0.2574541768542779,-0.3753720862119666
104,0,1450,48.333333333333336,0.18601880778009725,-0.45480457099764815
104,0,1451,48.36666666666667,0.10202306940866995,-0.4868699342107836
104,0,1452,48.4,-0.010685221884776754,-0.4868516740743542
104,0,1453,48.43333333333333,-0.15323192245742503,-0.46869332256829294
104,0,1454,48.46666666666667,-0.3172928208724226,-0.44740508465619944
104,0,1455,48.5,-0.4842792709173081,-0.4387744854238709
104,0,1456,48.53333333333333,-0.6327552504469413,-0.44787136143401013
104,0,1457,48.56666666666667,-0.7549824203872669,-0.4689929753823427
104,0,1458,48.6,-0.8521147785974682,-0.4929663535784114
104,0,1459,48.63333333333333,-0.9207154434731651,-0.5073063063485937
104,0,1460,48.666666666666664,-0.9482482031897826,-0.49759293147521516
104,0,1461,48.7,-0.9166325303614965,-0.44784185470200394
104,0,1462,48.733333333333334,-0.8044213436233201,-0.3444792270261335
104,0,1463,48.766666666666666,-0.5875337604927189,-0.17715340606515298
104,0,1464,48.8,-0.2517706202674105,0.04920928449445903
104,0,1465,48.833333333333336,0.1784734486754462,0.3132847391809021
104,0,1466,48.86666666666667,0.6203615338011232,0.5854313963429959
104,0,1467,48.9,0.962138100111688,0.8265995041237065
104,0,1468,48.93333333333333,1.1295781345958937,1.012176929388353
104,0,1469,48.96666666666667,1.121645746967551,1.1309364049470678
104,0,1470,49.0,0.9890925964091528,1.1625258552797184
104,0,1471,49.03333333333333,0.7969891642739546,1.0771948261641646
104,0,1472,49.06666666666667,0.6015324770585919,0.8762056924417848
104,0,1473,49.1,0.4402321963813232,0.592426940447283
104,0,1474,49.13333333333333,0.3246040797554354,0.2713796422854547
104,0,1475,49.166666666666664,0.2402315137838804,-0.02799704935553075
104,0,1476,49.2,0.16141954776037004,-0.2662144101470822
104,0,1477,49.233333333333334,0.06962393180694953,-0.42216328652828927
104,0,1478,49.266666666666666,-0.038844499370220206,-0.49107119463827353
104,0,1479,49.3,-0.15756928238147588,-0.4834468820803275
104,0,1480,49.333333333333336,-0.2765866583303851,-0.4281013880093215
104,0,1481,49.36666666666667,-0.38810066396596365,-0.37129319063684596
104,0,1482,49.4,-0.49009307125795837,-0.33322661406476933
104,0,1483,49.43333333333333,-0.5852266869682125,-0.3078005821409998
104,0,1484,49.46666666666667,-0.674732235944152,-0.2897887264246497
104,0,1485,49.5,-0.7534795365330833,-0.27510449320354197
104,0,1486,49.53333333333333,-0.8114867356911717,-0.2621689264877881
104,0,1487,49.56666666666667,-0.8359295393604156,-0.25200561025944046
104,0,1488,49.6,-0.811132444878162,-0.24040172818556377
104,0,1489,49.63333333333333,-0.718830629261868,-0.21805976369467867
104,0,1490,49.666666666666664,-0.5356566430912592,-0.17937665191871074
104,0,1491,49.7,-0.2425272225225749,-0.1227359225767932
104,0,1492,49.733333333333334,0.14285177198566038,-0.051643691296040406
104,0,1493,49.766666666666666,0.5474303328505905,0.02498409651451071
104,0,1494,49.8,0.8679788637879409,0.09858589929363715
104,0,1495,49.833333333333336,1.028406202148654,0.16066017829527807
104,0,1496,49.86666666666667,1.020866172705833,0.20602229702346875
104,0,1497,49.9,0.8928598142208876,0.2325100179093581
104,0,1498,49.93333333333333,0.7111264419392893,0.2398566858212629
104,0,1499,49.96666666666667,0.534980182050428,0.22950520574595204
104,0,1500,50.0,0.3998107089271018,0.20477944991753114
104,0,1501,50.03333333333333,0.31239044582149217,0.17085554966530228
104,0,1502,50.06666666666667,0.2552609914528132,0.1315074944634207
104,0,1503,50.1,0.1990736654317467,0.08923183930681097
104,0,1504,50.13333333333333,0.12151931160702782,0.045735089402586485
104,0,1505,50.166666666666664,0.016395877126882348,0.0021750382497544678
104,0,1506,50.2,-0.10954987239572901,-0.039425405114297735
104,0,1507,50.233333333333334,-0.24229552998568005,-0.07594054261770421
104,0,1508,50.266666666666666,-0.3694671122971602,-0.10825868340897415
104,0,1509,50.3,-0.4855570437924098,-0.1410161874492484
104,0,1510,50.333333333333336,-0.588995221283149,-0.17423824637956672
104,0,1511,50.36666666666667,-0.6787695229904476,-0.20313112040724446
104,0,1512,50.4,-0.7515747651185698,-0.22113271055244638
104,0,1513,50.43333333333333,-0.7996070958124576,-0.21992949037113177
104,0,1514,50.46666666666667,-0.8099245103174887,-0.19675333445034957
104,0,1515,50.5,-0.7645078526145249,-0.15451210172022056
104,0,1516,50.53333333333333,-0.6417145324088571,-0.09971506963769312
104,0,1517,50.56666666666667,-0.42175347338109254,-0.04263679532076654
104,0,1518,50.6,-0.09884900471688092,0.009887289540169337
104,0,1519,50.63333333333333,0.29764513464681447,0.05419519819720353
104,0,1520,50.666666666666664,0.6885964995152176,0.08246015369828663
104,0,1521,50.7,0.9701353996980587,0.08254219249287481
104,0,1522,50.733333333333334,1.0748602819536672,0.05320676539643514
104,0,1523,50.766666666666666,1.0097018593623106,0.00410293327123798
104,0,1524,50.8,0.8350309980795774,-0.04849156829610219
104,0,1525,50.833333333333336,0.6254953061167507,-0.0818421123335983
104,0,1526,50.86666666666667,0.44188637746343534,-0.08560803737331305
104,0,1527,50.9,0.3120502331343481,-0.061951694141867415
104,0,1528,50.93333333333333,0.2292288987353363,-0.018195281362869627
104,0,1529,50.96666666666667,0.16804760053537668,0.03317754084054405
104,0,1530,51.0,0.10285111257409246,0.0902198943590183
104,0,1531,51.03333333333333,0.017424126434994566,0.1611761629389871
104,0,1532,51.06666666666667,-0.09174571705369583,0.24986720670734058
104,0,1533,51.1,-0.21882896080786746,0.3550501984401263
104,0,1534,51.13333333333333,-0.35449340548305674,0.45602220477259636
104,0,1535,51.166666666666664,-0.48940057202025455,0.5124547259232419
104,0,1536,51.2,-0.6156017837348811,0.4912187211216732
104,0,1537,51.233333333333334,-0.7259223977214645,0.3669402223282998
104,0,1538,51.266666666666666,-0.8135533660627936,0.14884099296920086
104,0,1539,51.3,-0.8696568687054094,-0.11861848748455371
104,0,1540,51.333333333333336,-0.8802971735670695,-0.38383540252308695
104,0,1541,51.36666666666667,-0.827945668050138,-0.5876063479330865
104,0,1542,51.4,-0.6943264301752333,-0.6854673312000147
104,0,1543,51.43333333333333,-0.4599293493990014,-0.6474784577829942
104,0,1544,51.46666666666667,-0.11449088091265845,-0.4831002240336131
104,0,1545,51.5,0.31115930737804687,-0.24115104483939528
104,0,1546,51.53333333333333,0.7292441623719551,0.03752041677962448
104,0,1547,51.56666666666667,1.0314107223917548,0.31952596213108375
104,0,1548,51.6,1.1514433992486097,0.5654668473951603
104,0,1549,51.63333333333333,1.095506277755903,0.729101656039653
104,0,1550,51.666666666666664,0.9213773628123963,0.7791740934246013
104,0,1551,51.7,0.7023157091990061,0.6992009579051394
104,0,1552,51.733333333333334,0.49981324527359217,0.5087430637091158
104,0,1553,51.766666666666666,0.3475953071780787,0.2634807342855749
104,0,1554,51.8,0.24956683267735957,0.012133757130297433
104,0,1555,51.833333333333336,0.18709806101429866,-0.20311526007040862
104,0,1556,51.86666666666667,0.13009521739682262,-0.3583111070405621
104,0,1557,51.9,0.05320841057731464,-0.44680484515089547
104,0,1558,51.93333333333333,-0.05301770296933976,-0.47488643624089255
104,0,1559,51.96666666666667,-0.18399438480296854,-0.4609061378694812
104,0,1560,52.0,-0.32811028517790464,-0.42317036794971796
104,0,1561,52.03333333333333,-0.4745362230104676,-0.3794613987211046
104,0,1562,52.06666666666667,-0.6166167964319429,-0.3384502848438954
104,0,1563,52.1,-0.7494405810662149,-0.2997205063177864
104,0,1564,52.13333333333333,-0.8644115193168713,-0.26211638686763367
104,0,1565,52.166666666666664,-0.9479110995017289,-0.22402862629890466
104,0,1566,52.2,-0.9842254751394812,-0.17904616634413092
104,0,1567,52.233333333333334,-0.9531262700755897,-0.11640213196479424
104,0,1568,52.266666666666666,-0.8301853026554177,-0.03594587484284607
104,0,1569,52.3,-0.5930251923515526,0.05140427481206303
104,0,1570,52.333333333333336,-0.23329919825795953,0.14021696794478142
104,0,1571,52.36666666666667,0.21682018516897208,0.2300709713242158
104,0,1572,52.4,0.6707346545562541,0.31379508623680635
104,0,1573,52.43333333333333,1.019805012314639,0.3770190735431313
104,0,1574,52.46666666666667,1.193314769643079,0.40644668451287363
104,0,1575,52.5,1.189140495076266,0.3897724032957316
104,0,1576,52.53333333333333,1.054064718064907,0.3256652347148485
104,0,1577,52.56666666666667,0.8515243676998735,0.22391360751033546
104,0,1578,52.6,0.6409231388862106,0.10143719456488423
104,0,1579,52.63333333333333,0.4640092106983578,-0.017483545895686268
104,0,1580,52.666666666666664,0.3353752797138283,-0.11380925348286747
104,0,1581,52.7,0.2421590350363449,-0.17345011245518954
104,0,1582,52.733333333333334,0.15734440762103047,-0.19457088789970986
104,0,1583,52.766666666666666,0.05892518344439453,-0.18722993785842362
104,0,1584,52.8,-0.061697118690897806,-0.16384068490873377
104,0,1585,52.833333333333336,-0.20445131841088132,-0.13888316404136822
104,0,1586,52.86666666666667,-0.3629786136113957,-0.12084634578881914
104,0,1587,52.9,-0.5253184643357034,-0.11218330017067357
104,0,1588,52.93333333333333,-0.6782753189130238,-0.1118661400970287
104,0,1589,52.96666666666667,-0.8103479115058129,-0.11550345931590131
104,0,1590,53.0,-0.9142789889982426,-0.11751950757032627
104,0,1591,53.03333333333333,-0.9848021737076987,-0.11131907953309965
104,0,1592,53.06666666666667,-1.0109534682213104,-0.09309550927302758
104,0,1593,53.1,-0.9742238805393397,-0.06201862683757744
104,0,1594,53.13333333333333,-0.850938378552395,-0.020152769734380724
104,0,1595,53.166666666666664,-0.6156727186325675,0.027344192869353377
104,0,1596,53.2,-0.25438148649874237,0.06804109305046543
104,0,1597,53.233333333333334,0.20737385715138276,0.0822154043396539
104,0,1598,53.266666666666666,0.6840821769990295,0.06806309248057059
104,0,1599,53.3,1.0563262100792126,0.041615221079274047
104,0,1600,53.333333333333336,1.2400620394039725,0.058215372456284296
104,0,1601,53.36666666666667,1.2316345215820952,0.21108517028742915
104,0,1602,53.4,1.0859664330990046,0.4547867103013856
104,0,1603,53.43333333333333,0.8730097887662306,0.6054121921515606
104,0,1604,53.46666666666667,0.6539773348864075,0.5922460850487814
104,0,1605,53.5,0.47089512158842795,0.45870487479468963
104,0,1606,53.53333333333333,0.3385606411552576,0.25118841229193545
104,0,1607,53.56666666666667,0.24344173682516707,0.018686386226208735
104,0,1608,53.6,0.1578390304755714,-0.20098859630458032
104,0,1609,53.63333333333333,0.06042522392598508,-0.38063625628407044
104,0,1610,53.666666666666664,-0.05612054061200075,-0.5081432861091479
104,0,1611,53.7,-0.19032891389499787,-0.5855584484855965
104,0,1612,53.733333333333334,-0.3376069106698283,-0.6151399440585489
104,0,1613,53.766666666666666,-0.4917751111096391,-0.598753650166042
104,0,1614,53.8,-0.6437591977279186,-0.5435867794638279
104,0,1615,53.833333333333336,-0.7805831325214966,-0.4620826017330493
104,0,1616,53.86666666666667,-0.8891377341925225,-0.3639519990977137
104,0,1617,53.9,-0.9601258570457459,-0.2565078753563983
104,0,1618,53.93333333333333,-0.9854202371468307,-0.13951056524728228
104,0,1619,53.96666666666667,-0.9533043210150254,-0.005977540584515061
104,0,1620,54.0,-0.8446829705276284,0.1461269566448182
104,0,1621,54.03333333333333,-0.6331633143826102,0.3128456902432066
104,0,1622,54.06666666666667,-0.29800495382877684,0.4794400925560125
104,0,1623,54.1,0.14268186069368735,0.619597359036097
104,0,1624,54.13333333333333,0.6089170836755041,0.7147267391346088
104,0,1625,54.166666666666664,0.9844689635518279,0.7534808910723588
104,0,1626,54.2,1.180446638173139,0.7275711708093038
104,0,1627,54.233333333333334,1.1820772311703918,0.6317349747495055
104,0,1628,54.266666666666666,1.0368599617165346,0.47315865561972165
104,0,1629,54.3,0.8174916698908004,0.2719802064663886
104,0,1630,54.333333333333336,0.594014361603392,0.054662672235766555
104,0,1631,54.36666666666667,0.4143594162778457,-0.14528904247136237
104,0,1632,54.4,0.29375895464984114,-0.3042804844825625
104,0,1633,54.43333333333333,0.2144590646811528,-0.4078265325354067
104,0,1634,54.46666666666667,0.1420208297220994,-0.452795750564944
104,0,1635,54.5,0.04895555868943442,-0.44670516308874564
104,0,1636,54.53333333333333,-0.07420834999110684,-0.3982495258326768
104,0,1637,54.56666666666667,-0.22224754837908808,-0.3170403740767358
104,0,1638,54.6,-0.38292242742825494,-0.21674169782518402
104,0,1639,54.63333333333333,-0.5425307276426551,-0.11520701446698836
104,0,1640,54.666666666666664,-0.6879956979160359,-0.030850810014592674
104,0,1641,54.7,-0.8090018377135635,0.017200642668196486
104,0,1642,54.733333333333334,-0.8972344369743992,0.02882181634401085
104,0,1643,54.766666666666666,-0.9412140536811795,0.02258779769949152
104,0,1644,54.8,-0.9238964801289129,0.015051329433247959
104,0,1645,54.833333333333336,-0.8233648023271405,0.020345670841643
104,0,1646,54.86666666666667,-0.6146521787505062,0.04079081979820531
104,0,1647,54.9,-0.28165531609524386,0.06681877876594541
104,0,1648,54.93333333333333,0.15315812458238176,0.08852452592205826
104,0,1649,54.96666666666667,0.6077982702735746,0.09579030815025688
104,0,1650,55.0,0.9674009567641616,0.08588762855698448
104,0,1651,55.03333333333333,1.1466812738631222,0.0635247726364032
104,0,1652,55.06666666666667,1.1338734434867934,0.0329906537510462
104,0,1653,55.1,0.9824311872545031,-0.001792148040492466
104,0,1654,55.13333333333333,0.7716810977558444,-0.03629293282561569
104,0,1655,55.166666666666664,0.5710195370752602,-0.06524283572234825
104,0,1656,55.2,0.41886245754637785,-0.08646839958709063
104,0,1657,55.233333333333334,0.31699238995030354,-0.1007409529620861
104,0,1658,55.266666666666666,0.24051068337447065,-0.10692821735544579
104,0,1659,55.3,0.1561888299179594,-0.10192484712371776
104,0,1660,55.333333333333336,0.03941250648497949,-0.08737668395837886
104,0,1661,55.36666666666667,-0.11611577042311767,-0.06967556438231486
104,0,1662,55.4,-0.3001335932398055,-0.05366932241643699
104,0,1663,55.43333333333333,-0.49556288563650686,-0.04266133145934108
104,0,1664,55.46666666666667,-0.6869949820264334,-0.04053761117771742
104,0,1665,55.5,-0.8611582566423472,-0.05175151032346919
104,0,1666,55.53333333333333,-1.0044750528764272,-0.07053913512866748
104,0,1667,55.56666666666667,-1.1022017931589794,-0.0810271664383733
104,0,1668,55.6,-1.136202942657895,-0.07272376841259665
104,0,1669,55.63333333333333,-1.0847615105322252,-0.04077074950198064
104,0,1670,55.666666666666664,-0.9262176323848916,0.012939276205109592
104,0,1671,55.7,-0.6409001821099543,0.07956216481663611
104,0,1672,55.733333333333334,-0.2240297657256621,0.15046170664987843
104,0,1673,55.766666666666666,0.2845048413595653,0.2169552828335588
104,0,1674,55.8,0.7864639054833262,0.2723109025610239
104,0,1675,55.833333333333336,1.1628538667269097,0.3114409502525199
104,0,1676,55.86666666666667,1.3414976296146874,0.32942997230295334
104,0,1677,55.9,1.3273470831272505,0.32137499955984505
104,0,1678,55.93333333333333,1.1773707857651283,0.2876917637880421
104,0,1679,55.96666666666667,0.9620226098194192,0.23414212357266784
104,0,1680,56.0,0.7424488115491139,0.16350956815452808
104,0,1681,56.03333333333333,0.5575270526329655,0.07588546310285013
104,0,1682,56.06666666666667,0.4161795752575581,-0.022553511739289628
104,0,1683,56.1,0.30095459376269745,-0.11911439796126208
104,0,1684,56.13333333333333,0.18249345297225386,-0.2080050285747722
104,0,1685,56.166666666666664,0.04037249365964331,-0.289833112459247
104,0,1686,56.2,-0.1274444214131594,-0.3659532168799187
104,0,1687,56.233333333333334,-0.3143457126868579,-0.43787420941000227
104,0,1688,56.266666666666666,-0.5123575961673389,-0.5039242425808772
104,0,1689,56.3,-0.7130153664047688,-0.5588277329241259
104,0,1690,56.333333333333336,-0.9061992095064444,-0.5983588243310347
104,0,1691,56.36666666666667,-1.074651736216647,-0.6191262355073699
104,0,1692,56.4,-1.1992951957133884,-0.613730207296098
104,0,1693,56.43333333333333,-1.2631126094104441,-0.5708943000427491
104,0,1694,56.46666666666667,-1.246585800385006,-0.4787483965093028
104,0,1695,56.5,-1.125529044085328,-0.32555168144887425
104,0,1696,56.53333333333333,-0.867857316249389,-0.11785154966431682
104,0,1697,56.56666666666667,-0.4530012809735214,0.11853346416961744
104,0,1698,56.6,0.08865757377377734,0.3632183670039749
104,0,1699,56.63333333333333,0.6581071745091253,0.6000803197800894
104,0,1700,56.666666666666664,1.1226487556830411,0.8278575337455258
104,0,1701,56.7,1.389166211007521,1.0584416658915248
104,0,1702,56.733333333333334,1.4459365927427086,1.2522940967794312
104,0,1703,56.766666666666666,1.3419258414182973,1.3179116105312827
104,0,1704,56.8,1.1468054063451203,1.2146477080793217
104,0,1705,56.833333333333336,0.9267095256116182,0.9534218589643407
104,0,1706,56.86666666666667,0.7286055346475808,0.5803374959812713
104,0,1707,56.9,0.5678122113732573,0.17726323848274056
104,0,1708,56.93333333333333,0.42869236434943814,-0.19082785260842355
104,0,1709,56.96666666666667,0.28338331111501475,-0.4747797483319995
104,0,1710,57.0,0.11216336402148483,-0.6535515418115281
104,0,1711,57.03333333333333,-0.08910689298327683,-0.7327097761218252
104,0,1712,57.06666666666667,-0.31057933079360467,-0.7200496253736075
104,0,1713,57.1,-0.5372271365911105,-0.6247151709418836
104,0,1714,57.13333333333333,-0.7573733089939242,-0.47335737602455086
104,0,1715,57.166666666666664,-0.960552748765541,-0.3099600663794546
104,0,1716,57.2,-1.1326924462150503,-0.1664890998202358
104,0,1717,57.233333333333334,-1.2571242911619367,-0.06305672228202903
104,0,1718,57.266666666666666,-1.3173791942491315,-0.0006575844934984167
104,0,1719,57.3,-1.294729209430679,0.038197704701148465
104,0,1720,57.333333333333336,-1.1618768300474764,0.061530398838179984
104,0,1721,57.36666666666667,-0.8865581578004511,0.06745528341915637
104,0,1722,57.4,-0.4558283124764546,0.060221125968675834
104,0,1723,57.43333333333333,0.09150438218897688,0.05010898147431397
104,0,1724,57.46666666666667,0.654170459282808,0.042561692940931484
104,0,1725,57.5,1.1040298639938757,0.03815463954721509
104,0,1726,57.53333333333333,1.3544613343171406,0.033388562836029416
104,0,1727,57.56666666666667,1.397686959596407,0.020868718036587127
104,0,1728,57.6,1.2854795663912326,-0.0026279274143468285
104,0,1729,57.63333333333333,1.0891687683082447,-0.035932176247718606
104,0,1730,57.666666666666664,0.8720561102488658,-0.0721411957502631
104,0,1731,57.7,0.6775312133938247,-0.0985501766547207
104,0,1732,57.733333333333334,0.5184842586054157,-0.10733021686123428
104,0,1733,57.766666666666666,0.3770505739491839,-0.09554596325289529
104,0,1734,57.8,0.22534559494252107,-0.06567640992905824
104,0,1735,57.833333333333336,0.04735432291956649,-0.02561944431859442
104,0,1736,57.86666666666667,-0.15675985388324537,0.01232347767751011
104,0,1737,57.9,-0.3763337196500124,0.03151291774537182
104,0,1738,57.93333333333333,-0.5957210780524367,0.023755525616067353
104,0,1739,57.96666666666667,-0.7994493662695926,-0.010609294554540422
104,0,1740,58.0,-0.9731827632422022,-0.06537429458352173
104,0,1741,58.03333333333333,-1.1032285137436646,-0.12841852775967336
104,0,1742,58.06666666666667,-1.1756915188842534,-0.18670443822511223
104,0,1743,58.1,-1.1724260603896,-0.2262322245794764
104,0,1744,58.13333333333333,-1.0688835346045502,-0.2400931751404246
104,0,1745,58.166666666666664,-0.8376061539384311,-0.22842368495663692
104,0,1746,58.2,-0.4618451414356023,-0.1955095578935135
104,0,1747,58.233333333333334,0.034068129107984145,-0.14979017967296232
104,0,1748,58.266666666666666,0.5614435709211812,-0.09511927783335941
104,0,1749,58.3,0.9938863052986107,-0.031028600447484844
104,0,1750,58.333333333333336,1.2354833336767206,0.038188716234839507
104,0,1751,58.36666666666667,1.2702585519663703,0.10309590697919209
104,0,1752,58.4,1.1495348063120603,0.15713269488022075
104,0,1753,58.43333333333333,0.9487574441723057,0.19629689523221555
104,0,1754,58.46666666666667,0.7388420899889102,0.21954391986115135
104,0,1755,58.5,0.5652624909281244,0.22850229008291928
104,0,1756,58.53333333333333,0.43350795150549787,0.22469904437928598
104,0,1757,58.56666666666667,0.3160096831360031,0.20942943304217268
104,0,1758,58.6,0.177438936356986,0.1894965358065502
104,0,1759,58.63333333333333,0.00036346615671986604,0.17711704767003583
104,0,1760,58.666666666666664,-0.2081736134368734,0.22210962891604588
104,0,1761,58.7,-0.43011094584921256,0.410556897065415
104,0,1762,58.733333333333334,-0.6498183394548744,0.6808411710208778
104,0,1763,58.766666666666666,-0.8567186365541529,0.8240937827110985
104,0,1764,58.8,-1.0398601696231522,0.7707993669858935
104,0,1765,58.833333333333336,-1.1829101637813586,0.5918101874447345
104,0,1766,58.86666666666667,-1.2652095029041701,0.34529253091559875
104,0,1767,58.9,-1.2612271557875454,0.07638058444282061
104,0,1768,58.93333333333333,-1.138706619282839,-0.1766530581592795
104,0,1769,58.96666666666667,-0.8639231985387741,-0.38152408658677006
104,0,1770,59.0,-0.42475392406212853,-0.5265490735915451
104,0,1771,59.03333333333333,0.1351453217626122,-0.6194711665535925
104,0,1772,59.06666666666667,0.7078041372020207,-0.6666836671889145
104,0,1773,59.1,1.1616459975414002,-0.672351563057967
104,0,1774,59.13333333333333,1.4104499618600301,-0.6477849718178808
104,0,1775,59.166666666666664,1.4497666652691419,-0.6110656255956044
104,0,1776,59.2,1.3337134235832298,-0.5710752124215533
104,0,1777,59.233333333333334,1.133171624489913,-0.5275212585901992
104,0,1778,59.266666666666666,0.9107244733884745,-0.4805948812724641
104,0,1779,59.3,0.7092222832796888,-0.4313228634441912
104,0,1780,59.333333333333336,0.5392112714674275,-0.3828664956807298
104,0,1781,59.36666666666667,0.37883429995528906,-0.34085389996499116
104,0,1782,59.4,0.197886351492236,-0.29768837269760406
104,0,1783,59.43333333333333,-0.018304991514978254,-0.23315860928859578
104,0,1784,59.46666666666667,-0.2636731535504227,-0.14477405151916153
104,0,1785,59.5,-0.5194824954806002,-0.04840224884515053
104,0,1786,59.53333333333333,-0.7657908972193896,0.04827760987802078
104,0,1787,59.56666666666667,-0.9889814533687584,0.14519795075170547
104,0,1788,59.6,-1.1791351022147816,0.23823999181753192
104,0,1789,59.63333333333333,-1.3232761580891805,0.3185557905283123
104,0,1790,59.666666666666664,-1.3996409406330348,0.37779210067910024
104,0,1791,59.7,-1.3767856488190195,0.4076681110752394
104,0,1792,59.733333333333334,-1.2197584509241064,0.4224175704268815
104,0,1793,59.766666666666666,-0.8985151125662577,0.45810059741960774
104,0,1794,59.8,-0.40914873349117237,0.5201426091201491
104,0,1795,59.833333333333336,0.19393462210047138,0.5828886162357216
104,0,1796,59.86666666666667,0.7912352020818922,0.6316092980966451
104,0,1797,59.9,1.246032717775976,0.6624770296036346
104,0,1798,59.93333333333333,1.4790055444390067,0.6788129548215035
104,0,1799,59.96666666666667,1.495957708433829,0.6908082800086554
104,0,1800,60.0,1.357002862609996,0.7006641349086666
104,0,1801,60.03333333333333,1.1374681082368612,0.7025157675753176
104,0,1802,60.06666666666667,0.9041506988944595,0.6861449304455379
104,0,1803,60.1,0.6988385563669769,0.6373649622513721
104,0,1804,60.13333333333333,0.5280428301545154,0.5401976644312887
104,0,1805,60.166666666666664,0.3697627241411868,0.37780887731000573
104,0,1806,60.2,0.1959374261002245,0.14855590913198158
104,0,1807,60.233333333333334,-0.007533290176368043,-0.13266595063264686
104,0,1808,60.266666666666666,-0.23734060567562898,-0.44275080165391484
104,0,1809,60.3,-0.4809778147184649,-0.7489012211652847
104,0,1810,60.333333333333336,-0.7238464643967076,-1.0200388887693421
104,0,1811,60.36666666666667,-0.9500373458750385,-1.225393139562983
104,0,1812,60.4,-1.142084496877455,-1.3450079516470594
104,0,1813,60.43333333333333,-1.2808899688368938,-1.368763188421041
104,0,1814,60.46666666666667,-1.3457885098184232,-1.299018212979624
104,0,1815,60.5,-1.3141077660563927,-1.1503309071777175
104,0,1816,60.53333333333333,-1.1594976803693515,-0.9432354359578938
104,0,1817,60.56666666666667,-0.8554508782883887,-0.7047159912163591
104,0,1818,60.6,-0.39713644402350007,-0.45653682613351954
104,0,1819,60.63333333333333,0.16473313474479995,-0.2163645843681702
104,0,1820,60.666666666666664,0.7159589651719855,-0.0004315645100780724
104,0,1821,60.7,1.121055276309022,0.1751375801046467
104,0,1822,60.733333333333334,1.3038082900830474,0.31048790265088233
104,0,1823,60.766666666666666,1.2872960796620878,0.4206757922869938
104,0,1824,60.8,1.1478274427711552,0.5075150415403455
104,0,1825,60.833333333333336,0.9618618671523462,0.5586277186303713
104,0,1826,60.86666666666667,0.7842389655049331,0.5680728412346314
104,0,1827,60.9,0.6358894805770364,0.5360438023117506
104,0,1828,60.93333333333333,0.504681041572707,0.47139189338930076
104,0,1829,60.96666666666667,0.3640025698697287,0.3915024061553993
104,0,1830,61.0,0.1962069216741291,0.3098513678367397
104,0,1831,61.03333333333333,0.0005184922224830205,0.23610730163527666
104,0,1832,61.06666666666667,-0.21256616350421453,0.17807538351690438
104,0,1833,61.1,-0.42817909073244403,0.14193905450834565
104,0,1834,61.13333333333333,-0.6318866349344251,0.1258911822972352
104,0,1835,61.166666666666664,-0.8110314352967839,0.12040620379368916
104,0,1836,61.2,-0.9539091877170969,0.12812146663065982
104,0,1837,61.233333333333334,-1.049895001145606,0.1637858454246907
104,0,1838,61.266666666666666,-1.0902383052387494,0.2252020039493042
104,0,1839,61.3,-1.0643510769427993,0.2930434375519265
104,0,1840,61.333333333333336,-0.9558517127069749,0.34707316481789435
104,0,1841,61.36666666666667,-0.7430996803921316,0.366272597127992
104,0,1842,61.4,-0.4078628946799506,0.3446259086997667
104,0,1843,61.43333333333333,0.036797156948483435,0.2912078732896476
104,0,1844,61.46666666666667,0.5183812903623803,0.21501657964588747
104,0,1845,61.5,0.9223094960313445,0.12516522939406283
104,0,1846,61.53333333333333,1.1553959687007114,0.029323610642523312
104,0,1847,61.56666666666667,1.1954792902451457,-0.0657798720533517
104,0,1848,61.6,1.0852919076025878,-0.15664953356440353
104,0,1849,61.63333333333333,0.8949088844291446,-0.2423577989491219
104,0,1850,61.666666666666664,0.6910630588475383,-0.31775981341686754
104,0,1851,61.7,0.5196255417373581,-0.37294550111742336
104,0,1852,61.733333333333334,0.3950856661375549,-0.4013488387062973
104,0,1853,61.766666666666666,0.2990967883368082,-0.39946744114881383
104,0,1854,61.8,0.19646980787352247,-0.37216867184547453
104,0,1855,61.833333333333336,0.06230181187976967,-0.3325014934003019
104,0,1856,61.86666666666667,-0.10541119949912302,-0.2900328824031787
104,0,1857,61.9,-0.29453855922560956,-0.25081100941759793
104,0,1858,61.93333333333333,-0.48900081230277315,-0.21686538659095023
104,0,1859,61.96666666666667,-0.6748009626301239,-0.18640142853048466
104,0,1860,62.0,-0.8406661027845408,-0.15645902924748378
104,0,1861,62.03333333333333,-0.9730444491189084,-0.12320532543160875
104,0,1862,62.06666666666667,-1.0577152340992986,-0.08636937440180456
104,0,1863,62.1,-1.0811392952717014,-0.049493059035146794
104,0,1864,62.13333333333333,-1.0276792315059826,-0.015309372918184648
104,0,1865,62.166666666666664,-0.8781747034181069,0.014054192275785013
104,0,1866,62.2,-0.6107969006048045,0.038417442949616534
104,0,1867,62.233333333333334,-0.2170654650633952,0.059314464294950305
104,0,1868,62.266666666666666,0.2644993701091929,0.07909424985828342
104,0,1869,62.3,0.7358791305598968,0.10066895177333156
104,0,1870,62.333333333333336,1.082078510824786,0.12139282285779532
104,0,1871,62.36666666666667,1.2366101476948503,0.1329462773410493
104,0,1872,62.4,1.2105489911333762,0.1337009525302445
104,0,1873,62.43333333333333,1.065735473132354,0.1286460143752937
104,0,1874,62.46666666666667,0.8734489670502017,0.12112117781620904
104,0,1875,62.5,0.6899427528647011,0.11272109837105052
104,0,1876,62.53333333333333,0.5412282482151406,0.10688736351865526
104,0,1877,62.56666666666667,0.4209624824057623,0.10883796851564702
104,0,1878,62.6,0.30514005634706093,0.12043110283891545
104,0,1879,62.63333333333333,0.17118362842600926,0.14007130753649547
104,0,1880,62.666666666666664,0.008111388164398332,0.15935131691009766
104,0,1881,62.7,-0.1811646451802926,0.16313287378714444
104,0,1882,62.733333333333334,-0.38286046830546144,0.14812865569469497
104,0,1883,62.766666666666666,-0.5797685469177382,0.12295461019608218
104,0,1884,62.8,-0.7575275238370964,0.092812756425501
104,0,1885,62.833333333333336,-0.9066021125362063,0.059510809114480596
104,0,1886,62.86666666666667,-1.0201277974981808,0.022437601753649145
104,0,1887,62.9,-1.0909062425212412,-0.021188841171322345
104,0,1888,62.93333333333333,-1.108798983281703,-0.07565160052310552
104,0,1889,62.96666666666667,-1.05834257504747,-0.14630636312619616
104,0,1890,63.0,-0.9158562018210311,-0.22527243168989472
104,0,1891,63.03333333333333,-0.651567018249135,-0.2911624414350315
104,0,1892,63.06666666666667,-0.24817855290369295,-0.3310479636157646
104,0,1893,63.1,0.25858879100212145,-0.34037191428976854
104,0,1894,63.13333333333333,0.7556135248794957,-0.32058259489652546
104,0,1895,63.166666666666664,1.111969449278725,-0.2790411187226108
104,0,1896,63.2,1.2679473440065807,-0.22278570225406763
104,0,1897,63.233333333333334,1.2441512744885996,-0.15864589787914665
104,0,1898,63.266666666666666,1.1006876571646984,-0.08726520442282527
104,0,1899,63.3,0.9039188677777032,-0.003563015279388711
104,0,1900,63.333333333333336,0.7078173226966111,0.10131371385169931
104,0,1901,63.36666666666667,0.5453823190382655,0.23911607173038946
104,0,1902,63.4,0.4220853750152197,0.40294829948467054
104,0,1903,63.43333333333333,0.3190534729771225,0.5664639669485144
104,0,1904,63.46666666666667,0.21004644662522237,0.6889268408383522
104,0,1905,63.5,0.07923930501323362,0.7152046659151109
104,0,1906,63.53333333333333,-0.0737529713457545,0.6245055935195892
104,0,1907,63.56666666666667,-0.23899075889772642,0.43078842904079206
104,0,1908,63.6,-0.40628835678396613,0.1640467286376632
104,0,1909,63.63333333333333,-0.5699679588820054,-0.12916136270676065
104,0,1910,63.666666666666664,-0.7257420745593276,-0.4045032490317778
104,0,1911,63.7,-0.866904906553082,-0.6190389984835929
104,0,1912,63.733333333333334,-0.9822510864651914,-0.7500553932089982
104,0,1913,63.766666666666666,-1.0592286575705405,-0.7941743589631663
104,0,1914,63.8,-1.085121850409235,-0.7551889786679573
104,0,1915,63.833333333333336,-1.0430638516643713,-0.643632703677433
104,0,1916,63.86666666666667,-0.9101997867871168,-0.482782521727971
104,0,1917,63.9,-0.6592846461291035,-0.3087864272770078
104,0,1918,63.93333333333333,-0.27498589285941044,-0.1428198440407654
104,0,1919,63.96666666666667,0.20847993730329203,0.008276754255254454
104,0,1920,64.0,0.6939996741707175,0.1751892193407352
104,0,1921,64.03333333333333,1.0647742205478585,0.4241642550192668
104,0,1922,64.06666666666666,1.2475083927406823,0.7118290615549122
104,0,1923,64.1,1.243392803395779,0.8846653412785453
104,0,1924,64.13333333333334,1.1077853610607815,0.888024679944794
104,0,1925,64.16666666666667,0.9110048584941779,0.7664846352166217
104,0,1926,64.2,0.710302247095776,0.5706888830030881
104,0,1927,64.23333333333333,0.5392009320639553,0.3567932737299602
104,0,1928,64.26666666666667,0.4059984948980846,0.16036348116452104
104,0,1929,64.3,0.2948498441153276,-0.0030692671856879725
104,0,1930,64.33333333333333,0.17994197980027068,-0.126221139869574
104,0,1931,64.36666666666666,0.044009081318903444,-0.20903608601688062
104,0,1932,64.4,-0.11385048800601177,-0.256549574922391
104,0,1933,64.43333333333334,-0.2812916448507,-0.2780856142189915
104,0,1934,64.46666666666667,-0.4446509422423497,-0.2801082759373372
104,0,1935,64.5,-0.5967186320762411,-0.2658156121783483
104,0,1936,64.53333333333333,-0.7317097506786745,-0.23906917482109075
104,0,1937,64.56666666666666,-0.8421904035176516,-0.20432311280145501
104,0,1938,64.6,-0.9200804039657133,-0.1654412020759239
104,0,1939,64.63333333333334,-0.95605459148078,-0.1257793216969393
104,0,1940,64.66666666666667,-0.9397294262997484,-0.08587121995041298
104,0,1941,64.7,-0.8579186889524165,-0.04365125688747905
104,0,1942,64.73333333333333,-0.6924308931601646,-0.0022686330700021386
104,0,1943,64.76666666666667,-0.42229321618704185,0.029736496026405858
104,0,1944,64.8,-0.04348826457000637,0.047967178576732286
104,0,1945,64.83333333333333,0.39708646668626313,0.05209162171269262
104,0,1946,64.86666666666666,0.8004344550767707,0.04239535395527798
104,0,1947,64.9,1.063545488383021,0.019756583195366
104,0,1948,64.93333333333334,1.1374983877455,-0.012200675673521252
104,0,1949,64.96666666666667,1.0456743774905282,-0.047047470099118485
104,0,1950,65.0,0.8550244575939718,-0.08101864344878333
104,0,1951,65.03333333333333,0.6388983245919637,-0.11288243129033756
104,0,1952,65.06666666666666,0.4536775059848278,-0.14052175989072602
104,0,1953,65.1,0.32591555591177346,-0.16079006326921375
104,0,1954,65.13333333333334,0.24467743753400287,-0.17113721895297904
104,0,1955,65.16666666666667,0.17138082908446334,-0.16957309525154085
104,0,1956,65.2,0.06919038555637168,-0.15674564042861028
104,0,1957,65.23333333333333,-0.0734816231092249,-0.1359801829422907
104,0,1958,65.26666666666667,-0.24332146870196172,-0.10986111721415752
104,0,1959,65.3,-0.41843815904913273,-0.08036301952711632
104,0,1960,65.33333333333333,-0.5806037223000089,-0.055509979758775384
104,0,1961,65.36666666666666,-0.7173879038787438,-0.04942046416573438
104,0,1962,65.4,-0.8200826229696047,-0.06192510226460754
104,0,1963,65.43333333333334,-0.8796093279875419,-0.07868495138479753
104,0,1964,65.46666666666667,-0.884299461052809,-0.0829424108187625
104,0,1965,65.5,-0.8189341385964932,-0.05595536144055844
104,0,1966,65.53333333333333,-0.6650204078405426,0.008047890235332755
104,0,1967,65.56666666666666,-0.40504685199396984,0.10143954797367039
104,0,1968,65.6,-0.04012772306398634,0.20870489605719306
104,0,1969,65.63333333333334,0.38150307424544233,0.3061565191390807
104,0,1970,65.66666666666667,0.7634327727823403,0.3821164159715147
104,0,1971,65.7,1.005430590228598,0.43649985512094014
104,0,1972,65.73333333333333,1.0598638905041422,0.46595348672168363
104,0,1973,65.76666666666667,0.9535920742178567,0.463519639236473
104,0,1974,65.8,0.7634821983745264,0.41645047811738944
104,0,1975,65.83333333333333,0.5682227362023965,0.30656260421401116
104,0,1976,65.86666666666666,0.41182981753298986,0.14498451995860637
104,0,1977,65.9,0.2982237402194593,-0.02739495677178673
104,0,1978,65.93333333333334,0.20505778665945942,-0.17638940857266547
104,0,1979,65.96666666666667,0.10207137037495026,-0.2742734662994818
104,0,1980,66.0,-0.031244860104551297,-0.3126310314519175
104,0,1981,66.03333333333333,-0.19467730449065176,-0.3018989521813059
104,0,1982,66.06666666666666,-0.3728591550807497,-0.2556475862324037
104,0,1983,66.1,-0.5500209123502934,-0.1902660978053709
104,0,1984,66.13333333333334,-0.7154906926184563,-0.12342131120830288
104,0,1985,66.16666666666667,-0.8584492114624055,-0.07401585063478593
104,0,1986,66.2,-0.9619594042148437,-0.054293301451238056
104,0,1987,66.23333333333333,-1.0045564919108794,-0.06983897125371966
104,0,1988,66.26666666666667,-0.9653344624468916,-0.1096403862611198
104,0,1989,66.3,-0.8242864724979402,-0.1462940386820628
104,0,1990,66.33333333333333,-0.562683382820882,-0.15869002823169398
104,0,1991,66.36666666666666,-0.1777402506925491,-0.1323595280598534
104,0,1992,66.4,0.2870504897104544,-0.0728318950610797
104,0,1993,66.43333333333334,0.7345191422373543,-0.005666095474536492
104,0,1994,66.46666666666667,1.0544775259300676,0.055234808783749575
104,0,1995,66.5,1.1847595331400416,0.10754216988033442
104,0,1996,66.53333333333333,1.1390979403537431,0.15134759839127013
104,0,1997,66.56666666666666,0.9788888443722548,0.18878763849787544
104,0,1998,66.6,0.771123049064772,0.21264115048568993
104,0,1999,66.63333333333334,0.5697343031085935,0.20627547355746584
104,0,2000,66.66666666666667,0.40736004029420053,0.164491119191264
104,0,2001,66.7,0.28621274250541856,0.09372884075880597
104,0,2002,66.73333333333333,0.1836270424018474,0.010143219674512972
104,0,2003,66.76666666666667,0.07051051092840308,-0.060338391091532245
104,0,2004,66.8,-0.07232280005352665,-0.10193560307462517
104,0,2005,66.83333333333333,-0.24473779169642088,-0.1089418037487131
104,0,2006,66.86666666666666,-0.43058012974138316,-0.08266023493744827
104,0,2007,66.9,-0.6117696393729579,-0.03128843880876862
104,0,2008,66.93333333333334,-0.7758823109390288,0.03195657466834123
104,0,2009,66.96666666666667,-0.9129134746574452,0.08888327241507632
104,0,2010,67.0,-1.01010333677094,0.1254633938445466
104,0,2011,67.03333333333333,-1.0513936696075123,0.1318643273397182
104,0,2012,67.06666666666666,-1.0192623424168517,0.10843268301863265
104,0,2013,67.1,-0.8928751611423161,0.06567778341976525
104,0,2014,67.13333333333334,-0.6489629170295609,0.01766900095812223
104,0,2015,67.16666666666667,-0.2756347513422535,-0.018021482547016906
104,0,2016,67.2,0.1962718836815021,-0.035975458646274786
104,0,2017,67.23333333333333,0.6756610696155471,-0.042785996469013175
104,0,2018,67.26666666666667,1.0442519926535818,-0.0434996214573356
104,0,2019,67.3,1.2231966552168605,-0.041379022161411025
104,0,2020,67.33333333333333,1.213248317780427,-0.03859106024423372
104,0,2021,67.36666666666666,1.0714881905359637,-0.03611772056870716
104,0,2022,67.4,0.8653923585160209,-0.035308015744823264
104,0,2023,67.43333333333334,0.6509184493403335,-0.03781757171817187
104,0,2024,67.46666666666667,0.4659211307227594,-0.04621068774800796
104,0,2025,67.5,0.32249576662601215,-0.06383279799544472
104,0,2026,67.53333333333333,0.20812919018869308,-0.08540686227369457
104,0,2027,67.56666666666666,0.09861482902909587,-0.09702778755917082
104,0,2028,67.6,-0.02692781976463969,-0.0916601779992833
104,0,2029,67.63333333333334,-0.1752474846422491,-0.0692311922205156
104,0,2030,67.66666666666667,-0.33898353487221333,-0.03578995136179741
104,0,2031,67.7,-0.505911466189271,-0.00347231762988016
104,0,2032,67.73333333333333,-0.6643787086558866,0.021367091921707815
104,0,2033,67.76666666666667,-0.8029006508120335,0.038123353540790855
104,0,2034,67.8,-0.910544551992036,0.04459361543885163
104,0,2035,67.83333333333333,-0.9762635402620348,0.036933064178564026
104,0,2036,67.86666666666666,-0.9892687125755795,0.018252562422239785
104,0,2037,67.9,-0.9374463371465427,-0.001407453737453412
104,0,2038,67.93333333333334,-0.8026247678739633,-0.013700175576281698
104,0,2039,67.96666666666667,-0.5613789076187882,-0.012066884295920092
104,0,2040,68.0,-0.20112947735198544,0.0009071518079072603
104,0,2041,68.03333333333333,0.2480353885614673,0.013557443137668058
104,0,2042,68.06666666666666,0.6979072488479353,0.022504797532205648
104,0,2043,68.1,1.0354801741464434,0.032661166722739395
104,0,2044,68.13333333333334,1.1860394342225427,0.04434585430121647
104,0,2045,68.16666666666667,1.150197009327153,0.053200017448263054
104,0,2046,68.2,0.9847284943087589,0.058419424914057494
104,0,2047,68.23333333333333,0.7608848581966141,0.0627080568113874
104,0,2048,68.26666666666667,0.539811243132735,0.06569098065278058
104,0,2049,68.3,0.3599164231022128,0.06388557906379119
104,0,2050,68.33333333333333,0.22996485180789208,0.05725889422018163
104,0,2051,68.36666666666666,0.1333278068595047,0.04922956759667424
104,0,2052,68.4,0.04210161372988391,0.04149737439514268
104,0,2053,68.43333333333334,-0.0666427871440981,0.03403606588075415
104,0,2054,68.46666666666667,-0.2019175998309794,0.024823818364259048
104,0,2055,68.5,-0.35827181147981146,0.009934477842256907
104,0,2056,68.53333333333333,-0.5215607396269557,-0.012922295631623846
104,0,2057,68.56666666666666,-0.6751354495540792,-0.044254746789286786
104,0,2058,68.6,-0.7996478605486068,-0.08430530199315031
104,0,2059,68.63333333333334,-0.874188589453654,-0.13285264429587124
104,0,2060,68.66666666666667,-0.8840960639310321,-0.18595471028757987
104,0,2061,68.7,-0.8213714334331138,-0.23575621066760302
104,0,2062,68.73333333333333,-0.6771259817082222,-0.2742696655546547
104,0,2063,68.76666666666667,-0.4388268538432182,-0.29329926719771215
104,0,2064,68.8,-0.10085199830195835,-0.28939985476207175
104,0,2065,68.83333333333333,0.3066353235683237,-0.26389886852649774
104,0,2066,68.86666666666666,0.7017063285272648,-0.2171664098209789
104,0,2067,68.9,0.9820298025721238,-0.148853368539919
104,0,2068,68.93333333333334,1.083552336417127,-0.061711750922165014
104,0,2069,68.96666666666667,1.0129381165217892,0.03792463290498713
104,0,2070,69.0,0.826939442985992,0.14377728905189113
104,0,2071,69.03333333333333,0.5942852096758333,0.24901853787022393
104,0,2072,69.06666666666666,0.3744757958631849,0.3428516066456859
104,0,2073,69.1,0.20401436087884775,0.40999886704649596
104,0,2074,69.13333333333334,0.08514922346512391,0.43586580273950654
104,0,2075,69.16666666666667,-0.008767337356215106,0.4064175119039109
104,0,2076,69.2,-0.10953935192369588,0.31157225989274034
104,0,2077,69.23333333333333,-0.23473776611183833,0.14564802062186477
104,0,2078,69.26666666666667,-0.3854996408008679,-0.08475465831045353
104,0,2079,69.3,-0.5489342447454278,-0.35980015379980684
104,0,2080,69.33333333333333,-0.7033914245539974,-0.5904794795258815
104,0,2081,69.36666666666666,-0.8275957846015409,-0.6192410370907616
104,0,2082,69.4,-0.9044509387248534,-0.44713378076320387
104,0,2083,69.43333333333334,-0.918328896159593,-0.23359895636440248
104,0,2084,69.46666666666667,-0.8507057157540163,-0.05781798325678618
104,0,2085,69.5,-0.6808582674020606,0.08202096933194113
104,0,2086,69.53333333333333,-0.3916122694747498,0.1929473305149923
104,0,2087,69.56666666666666,0.009437998153346533,0.2859985472808632
104,0,2088,69.6,0.46096770155269723,0.37191853280492787
104,0,2089,69.63333333333334,0.8559210881736115,0.4601916168608154
104,0,2090,69.66666666666667,1.0965765966681278,0.5433212851235114
104,0,2091,69.7,1.1495776748517212,0.5964416901316079
104,0,2092,69.73333333333333,1.047236803632013,0.6011882916138351
104,0,2093,69.76666666666667,0.8522971330245318,0.545893150702869
104,0,2094,69.8,0.6312943500134147,0.4322624841477773
104,0,2095,69.83333333333333,0.4350907621975585,0.27578808696896473
104,0,2096,69.86666666666666,0.2841614213079036,0.0995626378278477
104,0,2097,69.9,0.16880960756991423,-0.0651861056510179
104,0,2098,69.93333333333334,0.060906073976118906,-0.19855150699411883
104,0,2099,69.96666666666667,-0.06565757260035476,-0.29125425469974925
104,0,2100,70.0,-0.22044556447444985,-0.3445098257386725
104,0,2101,70.03333333333333,-0.39871449995195424,-0.369240194672331
104,0,2102,70.06666666666666,-0.5868437079622654,-0.3781100440433729
104,0,2103,70.1,-0.7677493269298277,-0.38489963997083493
104,0,2104,70.13333333333334,-0.9238937354372556,-0.39355222751959545
104,0,2105,70.16666666666667,-1.0367489918058708,-0.3979357596096267
104,0,2106,70.2,-1.0848251794913073,-0.39128564299727375
104,0,2107,70.23333333333333,-1.041364239249514,-0.36630454082746533
104,0,2108,70.26666666666667,-0.8760594404558949,-0.3194129877297584
104,0,2109,70.3,-0.5659260970303689,-0.2509814572532492
104,0,2110,70.33333333333333,-0.12271544765758521,-0.16264118515240816
104,0,2111,70.36666666666666,0.3844743503207899,-0.0576904212927329
104,0,2112,70.4,0.8428143447470043,0.0534694387209072
104,0,2113,70.43333333333334,1.1464628662662444,0.1529077401479492
104,0,2114,70.46666666666667,1.2522229247397303,0.22850968883140393
104,0,2115,70.5,1.188580161826736,0.2736311915751865
104,0,2116,70.53333333333333,1.018851428463397,0.2868680203420802
104,0,2117,70.56666666666666,0.8068158359795108,0.2717864305321857
104,0,2118,70.6,0.6021313650039976,0.23995829260098414
104,0,2119,70.63333333333334,0.43281302089827506,0.2107469055507528
104,0,2120,70.66666666666667,0.2987917542689857,0.18483929413185848
104,0,2121,70.7,0.17718303043362177,0.14444598582990148
104,0,2122,70.73333333333333,0.04147581318401916,0.08505785344581235
104,0,2123,70.76666666666667,-0.12207346666056047,0.015875215499627837
104,0,2124,70.8,-0.31150280830138855,-0.05257501887663782
104,0,2125,70.83333333333333,-0.5163825997827932,-0.10823817220551119
104,0,2126,70.86666666666666,-0.7221186162585312,-0.1453263781536567
104,0,2127,70.9,-0.9093366161387479,-0.16407983043543128
104,0,2128,70.93333333333334,-1.0581550472181456,-0.16505656179142222
104,0,2129,70.96666666666667,-1.1517089640434786,-0.1489784610961517
104,0,2130,71.0,-1.173420044491673,-0.11870866597383967
104,0,2131,71.03333333333333,-1.103630840132896,-0.0792845644577434
104,0,2132,71.06666666666666,-0.9190548954158334,-0.0339401739830774
104,0,2133,71.1,-0.5990285961364152,0.015700277090211052
104,0,2134,71.13333333333334,-0.14825246505467515,0.06595532409853558
104,0,2135,71.16666666666667,0.37313111577844665,0.11082869135137857
104,0,2136,71.2,0.8517509907534959,0.14617025218989757
104,0,2137,71.23333333333333,1.1763074180406452,0.16946293599161774
104,0,2138,71.26666666666667,1.2980208487070608,0.1785493983391813
104,0,2139,71.3,1.239719043773577,0.17151331120383861
104,0,2140,71.33333333333333,1.0654460905533907,0.14910347761997259
104,0,2141,71.36666666666666,0.8476837730276827,0.11474572750165984
104,0,2142,71.4,0.6449153619867873,0.07265715020784932
104,0,2143,71.43333333333334,0.48533206849564386,0.027950063367431062
104,0,2144,71.46666666666667,0.36259955230680196,-0.01810490729707457
104,0,2145,71.5,0.25063796991040177,-0.06782100498845034
104,0,2146,71.53333333333333,0.12592542994267172,-0.12139496116561996
104,0,2147,71.56666666666666,-0.02242666975799943,-0.17657796621480212
104,0,2148,71.6,-0.19501996270342142,-0.23186455414005763
104,0,2149,71.63333333333334,-0.38375232220046596,-0.2861821177932747
104,0,2150,71.66666666666667,-0.5750511436160842,-0.33702263138598937
104,0,2151,71.7,-0.7530438735323863,-0.3801770692079962
104,0,2152,71.73333333333333,-0.902887652795752,-0.41059734416936167
104,0,2153,71.76666666666667,-1.0131760443964153,-0.4222937147648824
104,0,2154,71.8,-1.0709025007531987,-0.41082779156227167
104,0,2155,71.83333333333333,-1.057648543397687,-0.37342602285842863
104,0,2156,71.86666666666666,-0.9514589466775094,-0.3054559598823336
104,0,2157,71.9,-0.7292816578965104,-0.2009019224879504
104,0,2158,71.93333333333334,-0.37715932474865294,-0.06473618370784061
104,0,2159,71.96666666666667,0.07939946765928005,0.08640130340070247
104,0,2160,72.0,0.5555272645257378,0.2432810044758896
104,0,2161,72.03333333333333,0.9346358562359659,0.4031997516484851
104,0,2162,72.06666666666666,1.130325288201599,0.560948707131102
104,0,2163,72.1,1.1319352429620397,0.7077640093177885
104,0,2164,72.13333333333334,0.992491639318636,0.8250977256804528
104,0,2165,72.16666666666667,0.787213357458814,0.8840656482895297
104,0,2166,72.2,0.58529793466339,0.864464397496265
104,0,2167,72.23333333333333,0.4303940051147972,0.7549184717923942
104,0,2168,72.26666666666667,0.32641169791147456,0.5632538592636849
104,0,2169,72.3,0.24314068623415933,0.31706707005595475
104,0,2170,72.33333333333333,0.14117359964606938,0.05105216992684292
104,0,2171,72.36666666666666,0.0012045453013679042,-0.19220642934505214
104,0,2172,72.4,-0.1704258415528439,-0.3863413660546424
104,0,2173,72.43333333333334,-0.35799202859375917,-0.5201775932120214
104,0,2174,72.46666666666667,-0.5440343130472886,-0.5923906600339488
104,0,2175,72.5,-0.7104807311986764,-0.6105381664145464
104,0,2176,72.53333333333333,-0.8421226135156843,-0.5843696631578165
104,0,2177,72.56666666666666,-0.9259053799614758,-0.5253676735801827
104,0,2178,72.6,-0.9462718678886444,-0.4414508810277849
104,0,2179,72.63333333333334,-0.8828779322727976,-0.3371245498590899
104,0,2180,72.66666666666667,-0.7130345823129421,-0.2178267977066075
104,0,2181,72.7,-0.4186572520182781,-0.09048089796544502
104,0,2182,72.73333333333333,-0.009614853638377455,0.034192566149629934
104,0,2183,72.76666666666667,0.4479842813045028,0.1411053232460658
104,0,2184,72.8,0.8415669415346533,0.22314215346589675
104,0,2185,72.83333333333333,1.069045694482758,0.28062944242054627
104,0,2186,72.86666666666666,1.097593538299529,0.31275754392907423
104,0,2187,72.9,0.9683282204384849,0.31722028305721595
104,0,2188,72.93333333333334,0.7577682004915081,0.29356827355799575
104,0,2189,72.96666666666667,0.5388602161815854,0.24321800186717893
104,0,2190,73.0,0.35742754937572296,0.17110731170065085
104,0,2191,73.03333333333333,0.22570008919403148,0.08594260855708527
104,0,2192,73.06666666666666,0.12653841164093846,-0.002465886641036353
104,0,2193,73.1,0.02691495716629272,-0.08284785018114278
104,0,2194,73.13333333333334,-0.09979585122538259,-0.1475153211135613
104,0,2195,73.16666666666667,-0.2587529656034872,-0.19198092810049483
104,0,2196,73.2,-0.43714394005242585,-0.21606326985718455
104,0,2197,73.23333333333333,-0.6154063643004509,-0.22354927164567773
104,0,2198,73.26666666666667,-0.7770658098657675,-0.21605760099146734
104,0,2199,73.3,-0.91078236091898,-0.1929185144873946
104,0,2200,73.33333333333333,-1.00246721534903,-0.15690172069955535
104,0,2201,73.36666666666666,-1.0295204042443418,-0.11428751351676364
104,0,2202,73.4,-0.9643545240978119,-0.06830972917915537
104,0,2203,73.43333333333334,-0.7817348454488772,-0.019357812359871815
104,0,2204,73.46666666666667,-0.4646383200855388,0.031111196303903323
104,0,2205,73.5,-0.024133141562108593,0.08027024436751497
104,0,2206,73.53333333333333,0.4744046164930271,0.1253453477510896
104,0,2207,73.56666666666666,0.9191601707659693,0.16334730114716495
104,0,2208,73.6,1.202458737387759,0.192777474022015
104,0,2209,73.63333333333334,1.27935179153783,0.21340180082755278
104,0,2210,73.66666666666667,1.1795872344935159,0.22374132317661471
104,0,2211,73.7,0.9720401371994589,0.22097015010539645
104,0,2212,73.73333333333333,0.7275283871591813,0.2043818735084658
104,0,2213,73.76666666666667,0.5003286153488837,0.17543308015702852
104,0,2214,73.8,0.31877472056431055,0.13498073348986342
104,0,2215,73.83333333333333,0.18162833404973633,0.08346758290308685
104,0,2216,73.86666666666666,0.06675979449253827,0.021759469445999595
104,0,2217,73.9,-0.054860980333653844,-0.04851018294609201
104,0,2218,73.93333333333334,-0.2035014425823634,-0.12335326151499097
104,0,2219,73.96666666666667,-0.38132265651053954,-0.1960426737657058
104,0,2220,74.0,-0.5741817215506879,-0.26075639926896454
104,0,2221,74.03333333333333,-0.7594927312586897,-0.3122357513039667
104,0,2222,74.06666666666666,-0.916672736961231,-0.3455466007076705
104,0,2223,74.1,-1.0295902699206783,-0.3558730092768198
104,0,2224,74.13333333333334,-1.0809985373329476,-0.34227593169382
104,0,2225,74.16666666666667,-1.0508510366883335,-0.30767647813381016
104,0,2226,74.2,-0.9187666434372813,-0.25492051377526986
104,0,2227,74.23333333333333,-0.6639806984814123,-0.18698411239001084
104,0,2228,74.26666666666667,-0.2776857495075587,-0.10660827168145506
104,0,2229,74.3,0.20516088205475544,-0.016753583872907644
104,0,2230,74.33333333333333,0.6929030957936292,0.08035458140554243
104,0,2231,74.36666666666666,1.0699988676540897,0.18259534782981787
104,0,2232,74.4,1.2582746214684557,0.2823703190212083
104,0,2233,74.43333333333334,1.2543785523072972,0.3660384597596193
104,0,2234,74.46666666666667,1.1099311531415306,0.421113935938902
104,0,2235,74.5,0.8915232053157358,0.4359779009392257
104,0,2236,74.53333333333333,0.6593521999203804,0.4029413555905298
104,0,2237,74.56666666666666,0.4556430334006364,0.3183172014390043
104,0,2238,74.6,0.2948653804345353,0.1690438886136842
104,0,2239,74.63333333333334,0.16594397437187486,-0.06636846503510023
104,0,2240,74.66666666666667,0.0431295795041488,-0.31575415099144816
104,0,2241,74.7,-0.0974652996221521,-0.4137141847390533
104,0,2242,74.73333333333333,-0.26442686332367127,-0.3331439909574962
104,0,2243,74.76666666666667,-0.4522191342581696,-0.18533672545656335
104,0,2244,74.8,-0.6448898150210766,-0.03414587080277975
104,0,2245,74.83333333333333,-0.8215238595241652,0.10477583598660986
104,0,2246,74.86666666666666,-0.9632180721905793,0.20801721269547563
104,0,2247,74.9,-1.0525247345599644,0.24407281991550522
104,0,2248,74.93333333333334,-1.0730075563466315,0.2008696999450188
104,0,2249,74.96666666666667,-1.0109058523643857,0.08584619266768279
104,0,2250,75.0,-0.8512484903616718,-0.06313103424785627
104,0,2251,75.03333333333333,-0.5745447991746905,-0.17804014594822795
104,0,2252,75.06666666666666,-0.17333497255685698,-0.2285456435800194
104,0,2253,75.1,0.31161784628508776,-0.22205123595489137
104,0,2254,75.13333333333334,0.776579596747847,-0.17501806362698616
104,0,2255,75.16666666666667,1.1023473951401215,-0.11253518123789885
104,0,2256,75.2,1.2262790186084396,-0.0395162520352788
104,0,2257,75.23333333333333,1.1643916096611533,0.05900050625827681
104,0,2258,75.26666666666667,0.9794193107241891,0.17310264247954216
104,0,2259,75.3,0.7430676335201534,0.2675942028423229
104,0,2260,75.33333333333333,0.5158304421422752,0.3163523500202185
104,0,2261,75.36666666666666,0.3322119984868138,0.30241932818905837
104,0,2262,75.4,0.1924441275760648,0.23290991662243424
104,0,2263,75.43333333333334,0.07308042832448505,0.13892830819042135
104,0,2264,75.46666666666667,-0.05139086413793553,0.041625086079318356
104,0,2265,75.5,-0.19333158555439706,-0.0477117161976307
104,0,2266,75.53333333333333,-0.3486370092569673,-0.12078814812122557
104,0,2267,75.56666666666666,-0.5039031131912055,-0.17187249687019193
104,0,2268,75.6,-0.6466169079353083,-0.20734333881630393
104,0,2269,75.63333333333334,-0.7647337525489433,-0.24510708880714285
104,0,2270,75.66666666666667,-0.8442386195583467,-0.28364594936225296
104,0,2271,75.7,-0.8714065119591594,-0.3017578869454082
104,0,2272,75.73333333333333,-0.8326496980580624,-0.28724936274190627
104,0,2273,75.76666666666667,-0.7136144093826408,-0.23712386153266654
104,0,2274,75.8,-0.49683862587761574,-0.15112432486583574
104,0,2275,75.83333333333333,-0.17325686919307567,-0.032066509387387296
104,0,2276,75.86666666666666,0.22631607941044005,0.11175998421051825
104,0,2277,75.9,0.6189982016111785,0.2660122973758577
104,0,2278,75.93333333333334,0.9023740495285156,0.4070459697526492
104,0,2279,75.96666666666667,1.0117618905654688,0.50152908952347
104,0,2280,76.0,0.9541516539920427,0.5308693898040304
104,0,2281,76.03333333333333,0.7891305167830998,0.4911157830112496
104,0,2282,76.06666666666666,0.5872538299957001,0.3927079358092332
104,0,2283,76.1,0.4036362052969197,0.2605080005316174
104,0,2284,76.13333333333334,0.26445620496021127,0.1144666140646869
104,0,2285,76.16666666666667,0.16100606068405912,-0.029953813628978063
104,0,2286,76.2,0.06351671079943243,-0.16056244341179127
104,0,2287,76.23333333333333,-0.053064379684418544,-0.26770549372781366
104,0,2288,76.26666666666667,-0.19428270021183142,-0.3466872985021234
104,0,2289,76.3,-0.3499094273732257,-0.39709070900442334
104,0,2290,76.33333333333333,-0.5060004359678716,-0.41688377389564807
104,0,2291,76.36666666666666,-0.6512761529881655,-0.40207738013874955
104,0,2292,76.4,-0.7720415442284447,-0.3545320665860081
104,0,2293,76.43333333333334,-0.8483622223181289,-0.28198081392309976
104,0,2294,76.46666666666667,-0.8580699185353098,-0.1949786807864539
104,0,2295,76.5,-0.7777995644845824,-0.10709999100971
104,0,2296,76.53333333333333,-0.5857219926681144,-0.026855050004745917
104,0,2297,76.56666666666666,-0.2730065080416069,0.04193328372492519
104,0,2298,76.6,0.1326715152246058,0.09594245067892992
104,0,2299,76.63333333333334,0.5518257950686433,0.1319518983044214
104,0,2300,76.66666666666667,0.8781552423763667,0.14975717776901284
104,0,2301,76.7,1.0335242060162033,0.15190978487281517
104,0,2302,76.73333333333333,1.009354247260601,0.14426873314666505
104,0,2303,76.76666666666667,0.8580785132709585,0.13580353110899157
104,0,2304,76.8,0.6535899124851783,0.12966561334106236
104,0,2305,76.83333333333333,0.45877298473710615,0.12314229426782429
104,0,2306,76.86666666666666,0.30610520651187195,0.11372525413606205
104,0,2307,76.9,0.19302915749859303,0.09921152323941827
104,0,2308,76.93333333333334,0.09432003619522317,0.08098720745578199
104,0,2309,76.96666666666667,-0.019347340331309366,0.06407172532337052
104,0,2310,77.0,-0.16561525605948052,0.049371926059201536
104,0,2311,77.03333333333333,-0.34332979794388435,0.033755205397954915
104,0,2312,77.06666666666666,-0.5347741168138664,0.014743438260422605
104,0,2313,77.1,-0.7143934853770814,-0.009328635196352955
104,0,2314,77.13333333333334,-0.8608670379544988,-0.03623496238315942
104,0,2315,77.16666666666667,-0.960953701475339,-0.05977876128036198
104,0,2316,77.2,-1.001916299576878,-0.07798979187223466
104,0,2317,77.23333333333333,-0.963917302591521,-0.09304657727670147
104,0,2318,77.26666666666667,-0.8242606823575597,-0.10556021840892418
104,0,2319,77.3,-0.5628386235696965,-0.1144893461974714
104,0,2320,77.33333333333333,-0.17594964740348046,-0.12198187631694744
104,0,2321,77.36666666666666,0.29435852038468235,-0.1332966237195498
104,0,2322,77.4,0.7526508519385422,-0.14733944721260503
104,0,2323,77.43333333333334,1.0859995858931435,-0.15666843778546624
104,0,2324,77.46666666666667,1.2271552220952602,-0.15886042958645388
104,0,2325,77.5,1.1847876159674215,-0.15657555435664622
104,0,2326,77.53333333333333,1.0153549635974444,-0.14975161274079515
104,0,2327,77.56666666666666,0.7886233510151303,-0.13568950804228935
104,0,2328,77.6,0.5661327675380008,-0.11537812828580435
104,0,2329,77.63333333333334,0.3841405402269742,-0.09363761436223987
104,0,2330,77.66666666666667,0.2457794592634938,-0.07581371143708242
104,0,2331,77.7,0.12673086127123534,-0.06785158789492549
104,0,2332,77.73333333333333,-0.003927247214649848,-0.06209837016550995
104,0,2333,77.76666666666667,-0.16080800616028787,-0.03765039343292083
104,0,2334,77.8,-0.3385744298342547,0.014970184438301459
104,0,2335,77.83333333333333,-0.5257075253788064,0.09330359037579888
104,0,2336,77.86666666666666,-0.7081339035627843,0.1783338609179556
104,0,2337,77.9,-0.8682387194207762,0.23442194313839676
104,0,2338,77.93333333333334,-0.992277103003844,0.24672946200951107
104,0,2339,77.96666666666667,-1.0677730271036112,0.22120473571229077
104,0,2340,78.0,-1.0745437375058686,0.17746547676989516
104,0,2341,78.03333333333333,-0.9845967204186251,0.14839402271086657
104,0,2342,78.06666666666666,-0.7690411987712743,0.14723115855588537
104,0,2343,78.1,-0.4114415448316794,0.16739994130894909
104,0,2344,78.13333333333334,0.06349939618773306,0.2025925752161554
104,0,2345,78.16666666666667,0.5676416225253763,0.24682546614624942
104,0,2346,78.2,0.977960431883369,0.300748168828923
104,0,2347,78.23333333333333,1.2034544260279365,0.37134668636132345
104,0,2348,78.26666666666667,1.2294227036862582,0.4416331093024284
104,0,2349,78.3,1.103258021040834,0.4706879676822578
104,0,2350,78.33333333333333,0.8946040517670268,0.43682225289251325
104,0,2351,78.36666666666666,0.6692322565007266,0.3380698413583137
104,0,2352,78.4,0.4739118726908588,0.18535406701176968
104,0,2353,78.43333333333334,0.32564801876165556,0.0029687630719482626
104,0,2354,78.46666666666667,0.21187965195769182,-0.1831407759250186
104,0,2355,78.5,0.1050479839875479,-0.34472391136442815
104,0,2356,78.53333333333333,-0.019105776935428295,-0.4639015022304741
104,0,2357,78.56666666666666,-0.1688461473532255,-0.5324289823995038
104,0,2358,78.6,-0.3381264999374175,-0.5490945010446786
104,0,2359,78.63333333333334,-0.5171021982573721,-0.519175166268623
104,0,2360,78.66666666666667,-0.6954108521586252,-0.45402723821643853
104,0,2361,78.7,-0.8583968237915426,-0.37089719959297623
104,0,2362,78.73333333333333,-0.9855452902197542,-0.2791549973947156
104,0,2363,78.76666666666667,-1.05257271582243,-0.18055804616308802
104,0,2364,78.8,-1.0345774463811612,-0.0830157029626707
104,0,2365,78.83333333333333,-0.9104140737349253,-0.0010214905726122093
104,0,2366,78.86666666666666,-0.6642304435304649,0.0569377275199314
104,0,2367,78.9,-0.2921581228051063,0.08807056120545234
104,0,2368,78.93333333333334,0.17421742482084757,0.0946688501002558
104,0,2369,78.96666666666667,0.6503963754418575,0.08383755295338485
104,0,2370,79.0,1.0231458583787592,0.061053548563548735
104,0,2371,79.03333333333333,1.2100800035929142,0.030093665122382346
104,0,2372,79.06666666666666,1.2004198739131398,-0.0011348751877741509
104,0,2373,79.1,1.0420447544586304,-0.020600980488823903
104,0,2374,79.13333333333334,0.8052471036417517,-0.023059670792965968
104,0,2375,79.16666666666667,0.5564149945689384,-0.010071199796210085
104,0,2376,79.2,0.3407824845360483,0.01636864467945976
104,0,2377,79.23333333333333,0.17336867179175983,0.053780167500911795
104,0,2378,79.26666666666667,0.041616215658325746,0.09670634680099315
104,0,2379,79.3,-0.07967591376985107,0.13658532093392123
104,0,2380,79.33333333333333,-0.20939556071329804,0.16595172831543328
104,0,2381,79.36666666666666,-0.3498024042611528,0.17834668106413765
104,0,2382,79.4,-0.48870164330070576,0.16929743343967535
104,0,2383,79.43333333333334,-0.6094300316291476,0.1363361157716452
104,0,2384,79.46666666666667,-0.6978113183386913,0.08163561428671173
104,0,2385,79.5,-0.7423897327559298,0.012160067905100182
104,0,2386,79.53333333333333,-0.7370258204330553,-0.06550913526745812
104,0,2387,79.56666666666666,-0.6836432485214128,-0.14489032850979283
104,0,2388,79.6,-0.5808756154703305,-0.2201713149932606
104,0,2389,79.63333333333334,-0.4117474907442571,-0.2858358440128319
104,0,2390,79.66666666666667,-0.14782791998534495,-0.3378620117666268
104,0,2391,79.7,0.22404569326268758,-0.3733983456236495
104,0,2392,79.73333333333333,0.6639436079022255,-0.39032405889156596
104,0,2393,79.76666666666667,1.073604804686578,-0.3870885179319137
104,0,2394,79.8,1.3381255487486956,-0.36552051084656684
104,0,2395,79.83333333333333,1.3878975874540433,-0.33083197979717527
104,0,2396,79.86666666666666,1.2327573076328298,-0.2823382401257828
104,0,2397,79.9,0.9422237734815184,-0.21375595329677727
104,0,2398,79.93333333333334,0.5944900894133128,-0.1328786174836148
104,0,2399,79.96666666666667,0.23535750671887137,-0.06186414206020763
