recording_id,measurement_id,sample_index,time_seconds,gt_signal,predicted_signal
BH_s08_medium,0,0,0.0,0.1174449548125267,0.071273319990604
BH_s08_medium,0,1,0.03333333333333333,-0.08711177110671997,0.7694844746324124
BH_s08_medium,0,2,0.06666666666666667,-0.18863902986049652,1.4214831577692586
BH_s08_medium,0,3,0.1,-0.1401287168264389,1.983553009931319
BH_s08_medium,0,4,0.13333333333333333,-0.08861398696899414,2.4175323063769576
BH_s08_medium,0,5,0.16666666666666666,-0.1401287168264389,2.6938996389926295
BH_s08_medium,0,6,0.2,-0.2766464054584503,2.790583300564279
BH_s08_medium,0,7,0.23333333333333334,-0.3871869146823883,2.695898428131995
BH_s08_medium,0,8,0.26666666666666666,-0.5402289032936096,2.415703527430592
BH_s08_medium,0,9,0.3,-0.6417561769485474,1.9763858100015554
BH_s08_medium,0,10,0.3333333333333333,-0.7432834506034851,1.4209615078035385
BH_s08_medium,0,11,0.36666666666666664,-0.7932959198951721,0.801988173863795
BH_s08_medium,0,12,0.4,-0.8278467655181885,0.17406464811023975
BH_s08_medium,0,13,0.43333333333333335,-0.6303614974021912,-0.41282217381225433
BH_s08_medium,0,14,0.4666666666666667,-0.14225396513938904,-0.9179003572430187
BH_s08_medium,0,15,0.5,0.4973933696746826,-1.3111231979545956
BH_s08_medium,0,16,0.5333333333333333,0.8936099410057068,-1.5722487757730523
BH_s08_medium,0,17,0.5666666666666667,0.8897264003753662,-1.689604929277958
BH_s08_medium,0,18,0.6,0.662196934223175,-1.6595383696630694
BH_s08_medium,0,19,0.6333333333333333,0.30610039830207825,-1.4861912892372844
BH_s08_medium,0,20,0.6666666666666666,0.02298916131258011,-1.1818657193652156
BH_s08_medium,0,21,0.7,-0.057067569345235825,-0.7687805591483362
BH_s08_medium,0,22,0.7333333333333333,-0.08861398696899414,-0.282067183357764
BH_s08_medium,0,23,0.7666666666666667,-0.03709924966096878,0.2271818013202305
BH_s08_medium,0,24,0.8,-0.05256093665957451,0.6922558882909567
BH_s08_medium,0,25,0.8333333333333334,-0.11653293669223785,1.039339639973493
BH_s08_medium,0,26,0.8666666666666667,-0.2556154429912567,1.2038284228066343
BH_s08_medium,0,27,0.9,-0.408657431602478,1.1486780369599623
BH_s08_medium,0,28,0.9333333333333333,-0.5101847052574158,0.8782655879359081
BH_s08_medium,0,29,0.9666666666666667,-0.6117119789123535,0.44173235367550906
BH_s08_medium,0,30,1.0,-0.6617245078086853,-0.07705217416722976
BH_s08_medium,0,31,1.0333333333333334,-0.753359317779541,-0.5818333284933223
BH_s08_medium,0,32,1.0666666666666667,-0.5934293270111084,-0.9902732078674256
BH_s08_medium,0,33,1.1,-0.18193447589874268,-1.250254432857308
BH_s08_medium,0,34,1.1333333333333333,0.37765613198280334,-1.341883472228526
BH_s08_medium,0,35,1.1666666666666667,0.8354633450508118,-1.2711943994801482
BH_s08_medium,0,36,1.2,0.9416806697845459,-1.0614732071798652
BH_s08_medium,0,37,1.2333333333333334,0.6963081359863281,-0.7464412601271467
BH_s08_medium,0,38,1.2666666666666666,0.39172640442848206,-0.36570501332839056
BH_s08_medium,0,39,1.3,0.08714462071657181,0.04073238056660682
BH_s08_medium,0,40,1.3333333333333333,-0.03709924966096878,0.43784510623203854
BH_s08_medium,0,41,1.3666666666666667,-0.08861398696899414,0.7956389368459513
BH_s08_medium,0,42,1.4,-0.03709924966096878,1.0849229417458326
BH_s08_medium,0,43,1.4333333333333333,-0.03709924966096878,1.2757831793839407
BH_s08_medium,0,44,1.4666666666666666,-0.07403146475553513,1.3414959853571045
BH_s08_medium,0,45,1.5,-0.21098873019218445,1.265582494660444
BH_s08_medium,0,46,1.5333333333333334,-0.3286007046699524,1.0489313696797151
BH_s08_medium,0,47,1.5666666666666667,-0.4816426932811737,0.7138150364814744
BH_s08_medium,0,48,1.6,-0.5831699371337891,0.30296980939665635
BH_s08_medium,0,49,1.6333333333333333,-0.6331824660301208,-0.12636198225257286
BH_s08_medium,0,50,1.6666666666666667,-0.7067908048629761,-0.5122968875061417
BH_s08_medium,0,51,1.7,-0.5760258436203003,-0.7998270047565678
BH_s08_medium,0,52,1.7333333333333334,-0.1185855120420456,-0.9514394494938822
BH_s08_medium,0,53,1.7666666666666666,0.4639778435230255,-0.9542924578972162
BH_s08_medium,0,54,1.8,0.9339861869812012,-0.8220523782262559
BH_s08_medium,0,55,1.8333333333333333,1.0243022441864014,-0.5904320904235546
BH_s08_medium,0,56,1.8666666666666667,0.8008398413658142,-0.30752514754332294
BH_s08_medium,0,57,1.9,0.4773523807525635,-0.021947884283936254
BH_s08_medium,0,58,1.9333333333333333,0.18867187201976776,0.2276161396179161
BH_s08_medium,0,59,1.9666666666666666,1.6422063708887435e-05,0.41790206374692346
BH_s08_medium,0,60,2.0,-0.03709924966096878,0.5405801573222604
BH_s08_medium,0,61,2.033333333333333,-0.025704607367515564,0.597455794815399
BH_s08_medium,0,62,2.066666666666667,-0.03709924966096878,0.5937388075262059
BH_s08_medium,0,63,2.1,-0.04548947140574455,0.531987630044615
BH_s08_medium,0,64,2.1333333333333333,-0.1539047360420227,0.40963426645226636
BH_s08_medium,0,65,2.1666666666666665,-0.3000587224960327,0.22265766062469852
BH_s08_medium,0,66,2.2,-0.40158596634864807,-0.02608633730849369
BH_s08_medium,0,67,2.2333333333333334,-0.5031132102012634,-0.31913401736953784
BH_s08_medium,0,68,2.2666666666666666,-0.6046404838562012,-0.6217141763005282
BH_s08_medium,0,69,2.3,-0.6552760601043701,-0.8866438331498625
BH_s08_medium,0,70,2.3333333333333335,-0.6058865785598755,-1.0654163489222845
BH_s08_medium,0,71,2.3666666666666667,-0.209780752658844,-1.1203604441056918
BH_s08_medium,0,72,2.4,0.39062565565109253,-1.0337238066976395
BH_s08_medium,0,73,2.433333333333333,0.960036039352417,-0.8112881343370312
BH_s08_medium,0,74,2.466666666666667,1.1396055221557617,-0.4803208839257872
BH_s08_medium,0,75,2.5,0.9609532952308655,-0.08375494868313983
BH_s08_medium,0,76,2.533333333333333,0.6660078167915344,0.32765491154039833
BH_s08_medium,0,77,2.566666666666667,0.36142605543136597,0.7038894199268673
BH_s08_medium,0,78,2.6,0.14573082327842712,1.0033464473976952
BH_s08_medium,0,79,2.6333333333333333,0.030060626566410065,1.1979016449608066
BH_s08_medium,0,80,2.6666666666666665,0.048782866448163986,1.2748705306953119
BH_s08_medium,0,81,2.7,0.06593021750450134,1.236598261679892
BH_s08_medium,0,82,2.7333333333333334,0.014415483921766281,1.097864923121328
BH_s08_medium,0,83,2.7666666666666666,-0.06695999950170517,0.8807360373944707
BH_s08_medium,0,84,2.8,-0.19684579968452454,0.608801718148517
BH_s08_medium,0,85,2.8333333333333335,-0.32152923941612244,0.3046780635123345
BH_s08_medium,0,86,2.8666666666666667,-0.4230565130710602,-0.008983162248781446
BH_s08_medium,0,87,2.9,-0.5245837569236755,-0.30833531151786664
BH_s08_medium,0,88,2.933333333333333,-0.5745962858200073,-0.5690346735631684
BH_s08_medium,0,89,2.966666666666667,-0.6037613153457642,-0.7688746780213729
BH_s08_medium,0,90,3.0,-0.4233507513999939,-0.8916697568642915
BH_s08_medium,0,91,3.033333333333333,0.06995915621519089,-0.9310526973530651
BH_s08_medium,0,92,3.066666666666667,0.662781834602356,-0.8924365577879747
BH_s08_medium,0,93,3.1,1.0595488548278809,-0.7913734305377542
BH_s08_medium,0,94,3.1333333333333333,1.0180373191833496,-0.6487643619220985
BH_s08_medium,0,95,3.1666666666666665,0.7516338229179382,-0.48552658318431763
BH_s08_medium,0,96,3.2,0.4470520317554474,-0.3186274918185586
BH_s08_medium,0,97,3.2333333333333334,0.20281480252742767,-0.159326177343232
BH_s08_medium,0,98,3.2666666666666666,0.007087888661772013,-0.013482840041391551
BH_s08_medium,0,99,3.3,-0.03127386420965195,0.11706213114075598
BH_s08_medium,0,100,3.3333333333333335,0.014415483921766281,0.23217890158440094
BH_s08_medium,0,101,3.3666666666666667,0.011594519019126892,0.32953032719541425
BH_s08_medium,0,102,3.4,-0.0384180061519146,0.40105044105785476
BH_s08_medium,0,103,3.433333333333333,-0.19127653539180756,0.43405532403170455
BH_s08_medium,0,104,3.466666666666667,-0.29298725724220276,0.4173614984683474
BH_s08_medium,0,105,3.5,-0.4460292458534241,0.3487459964443479
BH_s08_medium,0,106,3.533333333333333,-0.5007318258285522,0.23934317301705124
BH_s08_medium,0,107,3.566666666666667,-0.5975690484046936,0.11090751275641948
BH_s08_medium,0,108,3.6,-0.6475815773010254,-0.012300417195372292
BH_s08_medium,0,109,3.6333333333333333,-0.6129580140113831,-0.10987465213599344
BH_s08_medium,0,110,3.6666666666666665,-0.24513809382915497,-0.16740205481260448
BH_s08_medium,0,111,3.7,0.3018117845058441,-0.1770768927815086
BH_s08_medium,0,112,3.7333333333333334,0.9246786832809448,-0.1385191760665138
BH_s08_medium,0,113,3.7666666666666666,1.1325340270996094,-0.059957539725347744
BH_s08_medium,0,114,3.8,1.0266109704971313,0.04169745941845707
BH_s08_medium,0,115,3.8333333333333335,0.7387369871139526,0.14456851838583287
BH_s08_medium,0,116,3.8666666666666667,0.4341551959514618,0.22894579690489636
BH_s08_medium,0,117,3.9,0.15987375378608704,0.2843602448101442
BH_s08_medium,0,118,3.933333333333333,0.03713209554553032,0.31292525566926166
BH_s08_medium,0,119,3.966666666666667,0.014415483921766281,0.32594807544680765
BH_s08_medium,0,120,4.0,0.014415483921766281,0.335383684515158
BH_s08_medium,0,121,4.033333333333333,-0.009876009076833725,0.34593640379333007
BH_s08_medium,0,122,4.066666666666666,-0.059888534247875214,0.35150437465200274
BH_s08_medium,0,123,4.1,-0.21293053030967712,0.33674197179005283
BH_s08_medium,0,124,4.133333333333334,-0.36597251892089844,0.28272450565569057
BH_s08_medium,0,125,4.166666666666667,-0.4674997627735138,0.17417354895670908
BH_s08_medium,0,126,4.2,-0.5690270066261292,0.0062844724594384935
BH_s08_medium,0,127,4.233333333333333,-0.6190395355224609,-0.2099425719568287
BH_s08_medium,0,128,4.266666666666667,-0.6690520644187927,-0.44638228224988524
BH_s08_medium,0,129,4.3,-0.6945169568061829,-0.663853022779536
BH_s08_medium,0,130,4.333333333333333,-0.457645446062088,-0.823854017137474
BH_s08_medium,0,131,4.366666666666666,0.027786489576101303,-0.8994255530329605
BH_s08_medium,0,132,4.4,0.7307100892066956,-0.8810090511955418
BH_s08_medium,0,133,4.433333333333334,1.1540045738220215,-0.776433438016133
BH_s08_medium,0,134,4.466666666666667,1.189728856086731,-0.6059331445804882
BH_s08_medium,0,135,4.5,0.9318990707397461,-0.3945934277517233
BH_s08_medium,0,136,4.533333333333333,0.6273172497749329,-0.16509305926710205
BH_s08_medium,0,137,4.566666666666666,0.32299163937568665,0.06647482136328596
BH_s08_medium,0,138,4.6,0.11993711441755295,0.29063071670319474
BH_s08_medium,0,139,4.633333333333334,0.06593021750450134,0.5011762694576309
BH_s08_medium,0,140,4.666666666666667,0.06593021750450134,0.6901850905540703
BH_s08_medium,0,141,4.7,0.06593021750450134,0.8435320601664584
BH_s08_medium,0,142,4.733333333333333,-0.02984432876110077,0.939766267725866
BH_s08_medium,0,143,4.766666666666667,-0.12261445075273514,0.9550456912626256
BH_s08_medium,0,144,4.8,-0.28441357612609863,0.8723498397832361
BH_s08_medium,0,145,4.833333333333333,-0.4256940186023712,0.6890365703390873
BH_s08_medium,0,146,4.866666666666666,-0.5389828085899353,0.41960780387299546
BH_s08_medium,0,147,4.9,-0.5889953374862671,0.0939978040267797
BH_s08_medium,0,148,4.933333333333334,-0.6552760601043701,-0.24753604106793015
BH_s08_medium,0,149,4.966666666666667,-0.7067908048629761,-0.5613621880834871
BH_s08_medium,0,150,5.0,-0.7260633707046509,-0.8078639301383633
BH_s08_medium,0,151,5.033333333333333,-0.3985469937324524,-0.9581621692291975
BH_s08_medium,0,152,5.066666666666666,0.16756471991539001,-0.9989170241114907
BH_s08_medium,0,153,5.1,0.7990052700042725,-0.933903565049031
BH_s08_medium,0,154,5.133333333333334,1.1224582195281982,-0.7820724035740658
BH_s08_medium,0,155,5.166666666666667,1.0467627048492432,-0.5728484005927699
BH_s08_medium,0,156,5.2,0.797250509262085,-0.3394472465104147
BH_s08_medium,0,157,5.233333333333333,0.4643828570842743,-0.11099271452315207
BH_s08_medium,0,158,5.266666666666667,0.2113158106803894,0.09450730591575428
BH_s08_medium,0,159,5.3,0.04720798134803772,0.2732853135432486
BH_s08_medium,0,160,5.333333333333333,0.014415483921766281,0.432909804000248
BH_s08_medium,0,161,5.366666666666666,0.014415483921766281,0.5826999246003132
BH_s08_medium,0,162,5.4,0.00019987743871752173,0.7221553365117226
BH_s08_medium,0,163,5.433333333333334,-0.06252603977918625,0.8363988269955391
BH_s08_medium,0,164,5.466666666666667,-0.214065819978714,0.9010447353657284
BH_s08_medium,0,165,5.5,-0.35589662194252014,0.8917690791687565
BH_s08_medium,0,166,5.533333333333333,-0.5089386105537415,0.7939508572412097
BH_s08_medium,0,167,5.566666666666666,-0.5589511394500732,0.6088973098134144
BH_s08_medium,0,168,5.6,-0.6552760601043701,0.3550722532628897
BH_s08_medium,0,169,5.633333333333334,-0.7104909420013428,0.06485099261839904
BH_s08_medium,0,170,5.666666666666667,-0.758305549621582,-0.222312621790297
BH_s08_medium,0,171,5.7,-0.7562183737754822,-0.46919906369530884
BH_s08_medium,0,172,5.733333333333333,-0.4009283781051636,-0.650093607786304
BH_s08_medium,0,173,5.766666666666667,0.2066221833229065,-0.7564528537550056
BH_s08_medium,0,174,5.8,0.8157857060432434,-0.7963062511988896
BH_s08_medium,0,175,5.833333333333333,1.0909117460250854,-0.7862432940054185
BH_s08_medium,0,176,5.866666666666666,0.9553113579750061,-0.7399425963528096
BH_s08_medium,0,177,5.9,0.6575449109077454,-0.6614173280863319
BH_s08_medium,0,178,5.933333333333334,0.3529631495475769,-0.5457781971029224
BH_s08_medium,0,179,5.966666666666667,0.08857415616512299,-0.38436421041547814
BH_s08_medium,0,180,6.0,-0.03709924966096878,-0.17157482165400817
BH_s08_medium,0,181,6.033333333333333,-0.03709924966096878,0.088166290677851
BH_s08_medium,0,182,6.066666666666666,-0.03709924966096878,0.37553282801068244
BH_s08_medium,0,183,6.1,-0.03709924966096878,0.6560105008943411
BH_s08_medium,0,184,6.133333333333334,-0.12129569798707962,0.8850424311976657
BH_s08_medium,0,185,6.166666666666667,-0.27433767914772034,1.0175372852547264
BH_s08_medium,0,186,6.2,-0.42737966775894165,1.0192098508853729
BH_s08_medium,0,187,6.233333333333333,-0.5289069414138794,0.8761396574196867
BH_s08_medium,0,188,6.266666666666667,-0.6304342150688171,0.6001751944926005
BH_s08_medium,0,189,6.3,-0.6804467439651489,0.2293585197459358
BH_s08_medium,0,190,6.333333333333333,-0.7304592728614807,-0.17791019377692194
BH_s08_medium,0,191,6.366666666666666,-0.7804717421531677,-0.5563145775750229
BH_s08_medium,0,192,6.4,-0.7684922218322754,-0.8506793699012805
BH_s08_medium,0,193,6.433333333333334,-0.45643746852874756,-1.0279804786272528
BH_s08_medium,0,194,6.466666666666667,0.08651803433895111,-1.0801073178809315
BH_s08_medium,0,195,6.5,0.7133793234825134,-1.0184540540545395
BH_s08_medium,0,196,6.533333333333333,1.0593653917312622,-0.8640312888711246
BH_s08_medium,0,197,6.566666666666666,1.005251169204712,-0.6384846239741943
BH_s08_medium,0,198,6.6,0.7006694674491882,-0.3591336272668774
BH_s08_medium,0,199,6.633333333333334,0.34457293152809143,-0.03830705354100972
BH_s08_medium,0,200,6.666666666666667,0.10015225410461426,0.3130861829011703
BH_s08_medium,0,201,6.7,-0.03709924966096878,0.678115396081847
BH_s08_medium,0,202,6.733333333333333,-0.03709924966096878,1.026688890912107
BH_s08_medium,0,203,6.766666666666667,-0.03709924966096878,1.315735687240562
BH_s08_medium,0,204,6.8,-0.03709924966096878,1.497659540041099
BH_s08_medium,0,205,6.833333333333333,-0.0897492840886116,1.53166631895939
BH_s08_medium,0,206,6.866666666666666,-0.2424243688583374,1.3941063619070648
BH_s08_medium,0,207,6.9,-0.39396414160728455,1.0862406998033665
BH_s08_medium,0,208,6.933333333333334,-0.4973605275154114,0.6372956599216157
BH_s08_medium,0,209,6.966666666666667,-0.5988878011703491,0.10043853437297352
BH_s08_medium,0,210,7.0,-0.6489003300666809,-0.4575186244726583
BH_s08_medium,0,211,7.033333333333333,-0.7067908048629761,-0.9687906582270818
BH_s08_medium,0,212,7.066666666666666,-0.758305549621582,-1.3759230607177872
BH_s08_medium,0,213,7.1,-0.5848937630653381,-1.6387766760933786
BH_s08_medium,0,214,7.133333333333334,-0.11140681058168411,-1.7367827430185652
BH_s08_medium,0,215,7.166666666666667,0.4977567493915558,-1.6684259036417
BH_s08_medium,0,216,7.2,0.947028398513794,-1.4494528150066082
BH_s08_medium,0,217,7.233333333333333,1.0100866556167603,-1.1104005969344812
BH_s08_medium,0,218,7.266666666666667,0.7392873167991638,-0.6926308815348448
BH_s08_medium,0,219,7.3,0.43470555543899536,-0.24103857749303478
BH_s08_medium,0,220,7.333333333333333,0.10872592777013779,0.20435915257884352
BH_s08_medium,0,221,7.366666666666666,-0.03709924966096878,0.6121022403042373
BH_s08_medium,0,222,7.4,-0.08861398696899414,0.9567656085686983
BH_s08_medium,0,223,7.433333333333334,-0.03709924966096878,1.2134957516280103
BH_s08_medium,0,224,7.466666666666667,-0.03709924966096878,1.354806135844954
BH_s08_medium,0,225,7.5,-0.08231090754270554,1.355370990447819
BH_s08_medium,0,226,7.533333333333333,-0.21274706721305847,1.2034644872179987
BH_s08_medium,0,227,7.566666666666666,-0.3657890558242798,0.9108225670831238
BH_s08_medium,0,228,7.6,-0.46731632947921753,0.5151906310228833
BH_s08_medium,0,229,7.633333333333334,-0.5688436031341553,0.07369088027445753
BH_s08_medium,0,230,7.666666666666667,-0.6552760601043701,-0.350260624906435
BH_s08_medium,0,231,7.7,-0.72038334608078,-0.6997627048000713
BH_s08_medium,0,232,7.733333333333333,-0.758305549621582,-0.9329431898083244
BH_s08_medium,0,233,7.766666666666667,-0.6750263571739197,-1.0265838626405792
BH_s08_medium,0,234,7.8,-0.2916720509529114,-0.9761727706753143
BH_s08_medium,0,235,7.833333333333333,0.273560494184494,-0.7950261015833027
BH_s08_medium,0,236,7.866666666666666,0.8053810596466064,-0.5123047289158528
BH_s08_medium,0,237,7.9,0.9371013641357422,-0.16705110025365538
BH_s08_medium,0,238,7.933333333333334,0.7779052257537842,0.20003172679801928
BH_s08_medium,0,239,7.966666666666667,0.47174856066703796,0.5510264078348366
BH_s08_medium,0,240,8.0,0.11729960143566132,0.8506305229767316
BH_s08_medium,0,241,8.033333333333333,-0.0356697142124176,1.065812156190548
BH_s08_medium,0,242,8.066666666666666,-0.08861398696899414,1.1681958822668002
BH_s08_medium,0,243,8.1,-0.0415332056581974,1.1396416674018195
BH_s08_medium,0,244,8.133333333333333,-0.03709924966096878,0.9785750439838086
BH_s08_medium,0,245,8.166666666666666,-0.08117560297250748,0.7022721952828314
BH_s08_medium,0,246,8.2,-0.22527700662612915,0.3435751918534191
BH_s08_medium,0,247,8.233333333333333,-0.33574485778808594,-0.05582981968145516
BH_s08_medium,0,248,8.266666666666667,-0.48878684639930725,-0.4528076645452926
BH_s08_medium,0,249,8.3,-0.5903140902519226,-0.8080453167070681
BH_s08_medium,0,250,8.333333333333334,-0.6552760601043701,-1.0885533099167313
BH_s08_medium,0,251,8.366666666666667,-0.7418538928031921,-1.2688855660382168
BH_s08_medium,0,252,8.4,-0.758305549621582,-1.33260722262773
BH_s08_medium,0,253,8.433333333333334,-0.6426734328269958,-1.2750470679699493
BH_s08_medium,0,254,8.466666666666667,-0.19340533018112183,-1.1059539190203296
BH_s08_medium,0,255,8.5,0.3432852029800415,-0.8485918688320999
BH_s08_medium,0,256,8.533333333333333,0.790725827217102,-0.5348619411527709
BH_s08_medium,0,257,8.566666666666666,0.8380662798881531,-0.19926510672037023
BH_s08_medium,0,258,8.6,0.6104641556739807,0.125792684245359
BH_s08_medium,0,259,8.633333333333333,0.30588239431381226,0.4117151597511574
BH_s08_medium,0,260,8.666666666666666,0.02284381166100502,0.6338377750841041
BH_s08_medium,0,261,8.7,-0.08861398696899414,0.7738546728031922
BH_s08_medium,0,262,8.733333333333333,-0.08861398696899414,0.8242283961720445
BH_s08_medium,0,263,8.766666666666667,-0.03709924966096878,0.7900471173918573
BH_s08_medium,0,264,8.8,-0.03709924966096878,0.6867990778072117
BH_s08_medium,0,265,8.833333333333334,-0.05113140121102333,0.5359578644008897
BH_s08_medium,0,266,8.866666666666667,-0.20417338609695435,0.36097392579820115
BH_s08_medium,0,267,8.9,-0.3167283833026886,0.1863189312660352
BH_s08_medium,0,268,8.933333333333334,-0.4587426483631134,0.03832381148258148
BH_s08_medium,0,269,8.966666666666667,-0.5522465705871582,-0.05691568363877799
BH_s08_medium,0,270,9.0,-0.6102824211120605,-0.08012101365435745
BH_s08_medium,0,271,9.033333333333333,-0.5937235355377197,-0.02768260827757988
BH_s08_medium,0,272,9.066666666666666,-0.3321209251880646,0.08227684733678257
BH_s08_medium,0,273,9.1,0.12751729786396027,0.21329895257065948
BH_s08_medium,0,274,9.133333333333333,0.6341290473937988,0.32281107318906005
BH_s08_medium,0,275,9.166666666666666,0.8376612663269043,0.3752825969757467
BH_s08_medium,0,276,9.2,0.7381139397621155,0.35129150838470374
BH_s08_medium,0,277,9.233333333333333,0.4385164678096771,0.2513518789707528
BH_s08_medium,0,278,9.266666666666667,0.13393469154834747,0.09391446469880181
BH_s08_medium,0,279,9.3,-0.03010045737028122,-0.09247366326583532
BH_s08_medium,0,280,9.333333333333334,-0.08861398696899414,-0.2794511328353781
BH_s08_medium,0,281,9.366666666666667,-0.047102462500333786,-0.4454756193403481
BH_s08_medium,0,282,9.4,-0.03709924966096878,-0.5766593484768403
BH_s08_medium,0,283,9.433333333333334,-0.03709924966096878,-0.6639871409159873
BH_s08_medium,0,284,9.466666666666667,-0.17713360488414764,-0.7003761954649715
BH_s08_medium,0,285,9.5,-0.2786608636379242,-0.6813310853291791
BH_s08_medium,0,286,9.533333333333333,-0.4317028522491455,-0.6081725034782166
BH_s08_medium,0,287,9.566666666666666,-0.5332301259040833,-0.4883628723241318
BH_s08_medium,0,288,9.6,-0.634757399559021,-0.33226460476118314
BH_s08_medium,0,289,9.633333333333333,-0.5962883830070496,-0.15068341650489234
BH_s08_medium,0,290,9.666666666666666,-0.2857358753681183,0.04518417704769628
BH_s08_medium,0,291,9.7,0.14686258137226105,0.24293394235719554
BH_s08_medium,0,292,9.733333333333333,0.6045244336128235,0.42813773117021126
BH_s08_medium,0,293,9.766666666666667,0.7871364951133728,0.5835037215759533
BH_s08_medium,0,294,9.8,0.955449640750885,0.6894178544030555
BH_s08_medium,0,295,9.833333333333334,0.9218267202377319,0.7282968573284284
BH_s08_medium,0,296,9.866666666666667,0.40213462710380554,0.6913229955211762
BH_s08_medium,0,297,9.9,0.030977904796600342,0.5825326775131222
BH_s08_medium,0,298,9.933333333333334,-0.15610265731811523,0.4181942748382836
BH_s08_medium,0,299,9.966666666666667,-0.19164344668388367,0.22284838368015106
BH_s08_medium,1,0,10.0,-0.20461298525333405,-0.03206786408074515
BH_s08_medium,1,1,10.033333333333333,-0.3176075518131256,0.09186921179965069
BH_s08_medium,1,2,10.066666666666666,-0.5206620693206787,0.20861720316371954
BH_s08_medium,1,3,10.1,-0.7752313017845154,0.3127270713199267
BH_s08_medium,1,4,10.133333333333333,-0.9782858490943909,0.4038409126672161
BH_s08_medium,1,5,10.166666666666666,-1.1813403367996216,0.4855162049634007
BH_s08_medium,1,6,10.2,-1.376482367515564,0.559533332112488
BH_s08_medium,1,7,10.233333333333333,-1.2611825466156006,0.6239709662386944
BH_s08_medium,1,8,10.266666666666667,-0.5942428708076477,0.6762689646251417
BH_s08_medium,1,9,10.3,0.4210296869277954,0.7151266658563298
BH_s08_medium,1,10,10.333333333333334,1.388892650604248,0.7393314976359413
BH_s08_medium,1,11,10.366666666666667,1.7108469009399414,0.7463959108134912
BH_s08_medium,1,12,10.4,1.5699714422225952,0.7325056195694365
BH_s08_medium,1,13,10.433333333333334,1.2254911661148071,0.6934792362337683
BH_s08_medium,1,14,10.466666666666667,0.7678674459457397,0.625847370931153
BH_s08_medium,1,15,10.5,0.4037095010280609,0.5268209593107863
BH_s08_medium,1,16,10.533333333333333,0.13957662880420685,0.39375453826572887
BH_s08_medium,1,17,10.566666666666666,0.014415483921766281,0.22535203909999046
BH_s08_medium,1,18,10.6,-0.03709924966096878,0.024698139986521102
BH_s08_medium,1,19,10.633333333333333,-0.1604985147714615,-0.19805598664363464
BH_s08_medium,1,20,10.666666666666666,-0.41506776213645935,-0.425035313265394
BH_s08_medium,1,21,10.7,-0.7025748491287231,-0.6327947137803301
BH_s08_medium,1,22,10.733333333333333,-0.9242062568664551,-0.7969465916655106
BH_s08_medium,1,23,10.766666666666667,-1.1272608041763306,-0.8978208466602183
BH_s08_medium,1,24,10.8,-1.330315351486206,-0.924994396589736
BH_s08_medium,1,25,10.833333333333334,-1.42799711227417,-0.8782474940017992
BH_s08_medium,1,26,10.866666666666667,-1.1463189125061035,-0.7647606092166709
BH_s08_medium,1,27,10.9,-0.364515483379364,-0.5946470435263234
BH_s08_medium,1,28,10.933333333333334,0.5768199563026428,-0.3777197768323195
BH_s08_medium,1,29,10.966666666666667,1.2829350233078003,-0.12446336324569286
BH_s08_medium,1,30,11.0,1.4374101161956787,0.1495734334703671
BH_s08_medium,1,31,11.033333333333333,1.2485365867614746,0.4203097033157485
BH_s08_medium,1,32,11.066666666666666,0.9275413155555725,0.6557279405004932
BH_s08_medium,1,33,11.1,0.5214322805404663,0.8216301331699156
BH_s08_medium,1,34,11.133333333333333,0.18024708330631256,0.8902387586424824
BH_s08_medium,1,35,11.166666666666666,-0.03709924966096878,0.846416039634929
BH_s08_medium,1,36,11.2,-0.09901867061853409,0.6896931937821267
BH_s08_medium,1,37,11.233333333333333,-0.15793368220329285,0.43401687010149004
BH_s08_medium,1,38,11.266666666666667,-0.3168737292289734,0.10622075335094847
BH_s08_medium,1,39,11.3,-0.5640426874160767,-0.25699283829607156
BH_s08_medium,1,40,11.333333333333334,-0.7670972347259521,-0.6134828515517852
BH_s08_medium,1,41,11.366666666666667,-0.9701517224311829,-0.9210335299713617
BH_s08_medium,1,42,11.4,-1.1216914653778076,-1.1426056150436095
BH_s08_medium,1,43,11.433333333333334,-1.2733421325683594,-1.249971065628697
BH_s08_medium,1,44,11.466666666666667,-1.3748693466186523,-1.22582164288364
BH_s08_medium,1,45,11.5,-1.4763965606689453,-1.0658569613461042
BH_s08_medium,1,46,11.533333333333333,-1.1373783349990845,-0.780619447518625
BH_s08_medium,1,47,11.566666666666666,-0.34974950551986694,-0.39509365527471807
BH_s08_medium,1,48,11.6,0.5639957785606384,0.05418477668758112
BH_s08_medium,1,49,11.633333333333333,1.111243486404419,0.5229432952704672
BH_s08_medium,1,50,11.666666666666666,1.1992543935775757,0.9631061652375209
BH_s08_medium,1,51,11.7,0.978066086769104,1.326917097498101
BH_s08_medium,1,52,11.733333333333333,0.6356002688407898,1.5718071671461202
BH_s08_medium,1,53,11.766666666666667,0.28100594878196716,1.6667027211722034
BH_s08_medium,1,54,11.8,-0.003829061519354582,1.5984498664437652
BH_s08_medium,1,55,11.833333333333334,-0.12199141085147858,1.3751653167909732
BH_s08_medium,1,56,11.866666666666667,-0.17200393974781036,1.025014233226594
BH_s08_medium,1,57,11.9,-0.2735311985015869,0.5909405329825311
BH_s08_medium,1,58,11.933333333333334,-0.4039292633533478,0.12234424915383246
BH_s08_medium,1,59,11.966666666666667,-0.6069837808609009,-0.33490617135108197
BH_s08_medium,1,60,12.0,-0.8100382685661316,-0.7463658067790443
BH_s08_medium,1,61,12.033333333333333,-1.0130927562713623,-1.089446655277161
BH_s08_medium,1,62,12.066666666666666,-1.1646325588226318,-1.3478136604600677
BH_s08_medium,1,63,12.1,-1.294812560081482,-1.5074964550294345
BH_s08_medium,1,64,12.133333333333333,-1.376482367515564,-1.557602734638405
BH_s08_medium,1,65,12.166666666666666,-1.4463523626327515,-1.492925469031967
BH_s08_medium,1,66,12.2,-1.5310264825820923,-1.3163906118405402
BH_s08_medium,1,67,12.233333333333333,-1.4027572870254517,-1.0405048022078858
BH_s08_medium,1,68,12.266666666666667,-0.8020601868629456,-0.6871313186269808
BH_s08_medium,1,69,12.3,0.0616726391017437,-0.2852292646087224
BH_s08_medium,1,70,12.333333333333334,0.7274841070175171,0.132607736464322
BH_s08_medium,1,71,12.366666666666667,0.9323386549949646,0.5329609768134922
BH_s08_medium,1,72,12.4,0.771456778049469,0.8836862151759536
BH_s08_medium,1,73,12.433333333333334,0.5042122602462769,1.1569462081519621
BH_s08_medium,1,74,12.466666666666667,0.15445338189601898,1.3327740018825114
BH_s08_medium,1,75,12.5,-0.09528043121099472,1.400728792483065
BH_s08_medium,1,76,12.533333333333333,-0.24315819144248962,1.359310777971291
BH_s08_medium,1,77,12.566666666666666,-0.24315819144248962,1.2149525970104118
BH_s08_medium,1,78,12.6,-0.24315819144248962,0.9812470874900414
BH_s08_medium,1,79,12.633333333333333,-0.34351202845573425,0.6777497538131452
BH_s08_medium,1,80,12.666666666666666,-0.5438909530639648,0.3281762733104807
BH_s08_medium,1,81,12.7,-0.7469454407691956,-0.041594034342624125
BH_s08_medium,1,82,12.733333333333333,-0.8984852433204651,-0.40492991999106304
BH_s08_medium,1,83,12.766666666666667,-1.0071947574615479,-0.7343127157006264
BH_s08_medium,1,84,12.8,-1.1087219715118408,-1.0008242723809555
BH_s08_medium,1,85,12.833333333333334,-1.2102493047714233,-1.1762154419423863
BH_s08_medium,1,86,12.866666666666667,-1.3117765188217163,-1.2379576908859558
BH_s08_medium,1,87,12.9,-1.2881461381912231,-1.1749154416460652
BH_s08_medium,1,88,12.933333333333334,-0.9069933295249939,-0.9910659572021568
BH_s08_medium,1,89,12.966666666666667,-0.17868100106716156,-0.7050599787738219
BH_s08_medium,1,90,13.0,0.5497075319290161,-0.34635949692884677
BH_s08_medium,1,91,13.033333333333333,0.9517911672592163,0.048597550757287986
BH_s08_medium,1,92,13.066666666666666,0.9638850688934326,0.4390693415088308
BH_s08_medium,1,93,13.1,0.703711986541748,0.7829057851100997
BH_s08_medium,1,94,13.133333333333333,0.3991301953792572,1.0405475335093008
BH_s08_medium,1,95,13.166666666666666,0.09454842656850815,1.180102936866619
BH_s08_medium,1,96,13.2,-0.060400791466236115,1.182488135360729
BH_s08_medium,1,97,13.233333333333333,-0.08861398696899414,1.0447403518266503
BH_s08_medium,1,98,13.266666666666667,-0.08861398696899414,0.7807083152781472
BH_s08_medium,1,99,13.3,-0.15892362594604492,0.4195263654151354
BH_s08_medium,1,100,13.333333333333334,-0.31196561455726624,0.00202040576626979
BH_s08_medium,1,101,13.366666666666667,-0.5165223479270935,-0.4250484139160576
BH_s08_medium,1,102,13.4,-0.6838526129722595,-0.8156117972332768
BH_s08_medium,1,103,13.433333333333334,-0.8226063251495361,-1.1292883642663478
BH_s08_medium,1,104,13.466666666666667,-0.9756483435630798,-1.333687592938388
BH_s08_medium,1,105,13.5,-1.0771756172180176,-1.4045612816991162
BH_s08_medium,1,106,13.533333333333333,-1.1787028312683105,-1.3266808005028785
BH_s08_medium,1,107,13.566666666666666,-1.2083836793899536,-1.0997312222021305
BH_s08_medium,1,108,13.6,-0.8811995983123779,-0.7456376955815339
BH_s08_medium,1,109,13.633333333333333,-0.1614609807729721,-0.306759400045941
BH_s08_medium,1,110,13.666666666666666,0.6484864950180054,0.165526312963456
BH_s08_medium,1,111,13.7,1.2515374422073364,0.6220085619244381
BH_s08_medium,1,112,13.733333333333333,1.3022838830947876,1.021240896364816
BH_s08_medium,1,113,13.766666666666667,1.1522116661071777,1.329927713618593
BH_s08_medium,1,114,13.8,0.8498659729957581,1.5213209083914547
BH_s08_medium,1,115,13.833333333333334,0.5452841520309448,1.5766504744274723
BH_s08_medium,1,116,13.866666666666667,0.24070240557193756,1.489644768569464
BH_s08_medium,1,117,13.9,0.07417508959770203,1.2691696279678093
BH_s08_medium,1,118,13.933333333333334,0.06593021750450134,0.9376919120659232
BH_s08_medium,1,119,13.966666666666667,-0.025849957019090652,0.5265821845064599
BH_s08_medium,1,120,14.0,-0.1146257072687149,0.0706442684980298
BH_s08_medium,1,121,14.033333333333333,-0.3176802396774292,-0.3949378175468479
BH_s08_medium,1,122,14.066666666666666,-0.5722494721412659,-0.8348321116942314
BH_s08_medium,1,123,14.1,-0.7410473823547363,-1.213367577818824
BH_s08_medium,1,124,14.133333333333333,-0.89408940076828,-1.4959100189318368
BH_s08_medium,1,125,14.166666666666666,-0.995616614818573,-1.6527820928388683
BH_s08_medium,1,126,14.2,-1.0971438884735107,-1.6646399461643344
BH_s08_medium,1,127,14.233333333333333,-1.1986711025238037,-1.5263497785628324
BH_s08_medium,1,128,14.266666666666667,-1.273452877998352,-1.2480317399974403
BH_s08_medium,1,129,14.3,-1.0442067384719849,-0.8538196716865353
BH_s08_medium,1,130,14.333333333333334,-0.3623175621032715,-0.3788751117702927
BH_s08_medium,1,131,14.366666666666667,0.5458930730819702,0.13494113530857135
BH_s08_medium,1,132,14.4,1.3544526100158691,0.6435571013496708
BH_s08_medium,1,133,14.433333333333334,1.6821215152740479,1.103578936490592
BH_s08_medium,1,134,14.466666666666667,1.6274224519729614,1.4737979691711187
BH_s08_medium,1,135,14.5,1.4081377983093262,1.7173364183345796
BH_s08_medium,1,136,14.533333333333333,1.1035560369491577,1.8052719427272292
BH_s08_medium,1,137,14.566666666666666,0.7474595308303833,1.7210584984960309
BH_s08_medium,1,138,14.6,0.5061159133911133,1.4649131184314756
BH_s08_medium,1,139,14.633333333333333,0.3647973835468292,1.0572619133933718
BH_s08_medium,1,140,14.666666666666666,0.26327013969421387,0.5392375376350556
BH_s08_medium,1,141,14.7,0.15452605485916138,-0.032401594785336454
BH_s08_medium,1,142,14.733333333333333,-0.048528458923101425,-0.594915121811806
BH_s08_medium,1,143,14.766666666666667,-0.25579535961151123,-1.089242145930956
BH_s08_medium,1,144,14.8,-0.5061522126197815,-1.4667934212440907
BH_s08_medium,1,145,14.833333333333334,-0.7079987525939941,-1.6926635123268905
BH_s08_medium,1,146,14.866666666666667,-0.8607465028762817,-1.7467436170036745
BH_s08_medium,1,147,14.9,-0.9625679850578308,-1.6257990789154704
BH_s08_medium,1,148,14.933333333333334,-1.0640952587127686,-1.3462827990900468
BH_s08_medium,1,149,14.966666666666667,-1.1656224727630615,-0.9443512524002976
BH_s08_medium,1,150,15.0,-1.221938133239746,-0.47096036143899844
BH_s08_medium,1,151,15.033333333333333,-0.8488466739654541,0.01798273303014078
BH_s08_medium,1,152,15.066666666666666,-0.06004450097680092,0.472970925460053
BH_s08_medium,1,153,15.1,0.9881278276443481,0.8575210703850672
BH_s08_medium,1,154,15.133333333333333,1.6528421640396118,1.1481680987392624
BH_s08_medium,1,155,15.166666666666666,1.8174312114715576,1.3305935212201228
BH_s08_medium,1,156,15.2,1.6573212146759033,1.395801233991508
BH_s08_medium,1,157,15.233333333333333,1.3527394533157349,1.340340214063637
BH_s08_medium,1,158,15.266666666666667,0.9966429471969604,1.1698497503253389
BH_s08_medium,1,159,15.3,0.692061185836792,0.9007232879296694
BH_s08_medium,1,160,15.333333333333334,0.4478585422039032,0.5580421951454427
BH_s08_medium,1,161,15.366666666666667,0.34633126854896545,0.17180404033601931
BH_s08_medium,1,162,15.4,0.26913362741470337,-0.22646228412610944
BH_s08_medium,1,163,15.433333333333334,0.11759383976459503,-0.6050634041563698
BH_s08_medium,1,164,15.466666666666667,-0.08546067774295807,-0.9324010270711055
BH_s08_medium,1,165,15.5,-0.3627084195613861,-1.1792391115909555
BH_s08_medium,1,166,15.533333333333333,-0.594599187374115,-1.3229495278962171
BH_s08_medium,1,167,15.566666666666666,-0.7779796123504639,-1.3504910573346267
BH_s08_medium,1,168,15.6,-0.9310215711593628,-1.2589827342762625
BH_s08_medium,1,169,15.633333333333333,-1.0325489044189453,-1.0550868259345576
BH_s08_medium,1,170,15.666666666666666,-1.1340761184692383,-0.7539538834187764
BH_s08_medium,1,171,15.7,-1.2356033325195312,-0.37780607719389947
BH_s08_medium,1,172,15.733333333333333,-1.3128045797348022,0.045319005453102974
BH_s08_medium,1,173,15.766666666666667,-1.0549437999725342,0.4818132145971461
BH_s08_medium,1,174,15.8,-0.3152748942375183,0.89271161868235
BH_s08_medium,1,175,15.833333333333334,0.7091562747955322,1.2363848887019577
BH_s08_medium,1,176,15.866666666666667,1.5268052816390991,1.4741494961499646
BH_s08_medium,1,177,15.9,1.709749698638916,1.576921942044609
BH_s08_medium,1,178,15.933333333333334,1.5472583770751953,1.5308269596115847
BH_s08_medium,1,179,15.966666666666667,1.1926641464233398,1.3398364081587055
BH_s08_medium,1,180,16.0,0.786700427532196,1.024920125179691
BH_s08_medium,1,181,16.033333333333335,0.4821186661720276,0.6206394362145055
BH_s08_medium,1,182,16.066666666666666,0.27484822273254395,0.16984918165850715
BH_s08_medium,1,183,16.1,0.22047442197799683,-0.28315155805697345
BH_s08_medium,1,184,16.133333333333333,0.17482317984104156,-0.6990944241642658
BH_s08_medium,1,185,16.166666666666668,0.07329592108726501,-1.0466535258963818
BH_s08_medium,1,186,16.2,-0.12239289283752441,-1.302065886084474
BH_s08_medium,1,187,16.233333333333334,-0.37696215510368347,-1.4489943910438308
BH_s08_medium,1,188,16.266666666666666,-0.6315314173698425,-1.4797333117621843
BH_s08_medium,1,189,16.3,-0.8345859050750732,-1.3960948207303836
BH_s08_medium,1,190,16.333333333333332,-1.0010024309158325,-1.2090589141876884
BH_s08_medium,1,191,16.366666666666667,-1.1025296449661255,-0.9372821856598034
BH_s08_medium,1,192,16.4,-1.204056978225708,-0.6049233411479638
BH_s08_medium,1,193,16.433333333333334,-1.305584192276001,-0.2395186144989607
BH_s08_medium,1,194,16.466666666666665,-1.4071115255355835,0.1298814558265141
BH_s08_medium,1,195,16.5,-1.2891016006469727,0.47461072874808835
BH_s08_medium,1,196,16.533333333333335,-0.6642272472381592,0.7688340887081471
BH_s08_medium,1,197,16.566666666666666,0.30176305770874023,0.9930310671219537
BH_s08_medium,1,198,16.6,1.192431926727295,1.1369727854943117
BH_s08_medium,1,199,16.633333333333333,1.5083427429199219,1.198973844679635
BH_s08_medium,1,200,16.666666666666668,1.3404656648635864,1.1821566897072044
BH_s08_medium,1,201,16.7,0.9642555117607117,1.0922288224433547
BH_s08_medium,1,202,16.733333333333334,0.5066317319869995,0.9379274810666937
BH_s08_medium,1,203,16.766666666666666,0.1347411870956421,0.7316715888623418
BH_s08_medium,1,204,16.8,-0.03709924966096878,0.48900509820176424
BH_s08_medium,1,205,16.833333333333332,-0.03709924966096878,0.22688638535105782
BH_s08_medium,1,206,16.866666666666667,-0.03709924966096878,-0.03869157557201051
BH_s08_medium,1,207,16.9,-0.05930006131529808,-0.2949232126564709
BH_s08_medium,1,208,16.933333333333334,-0.2719527781009674,-0.5328907990181914
BH_s08_medium,1,209,16.966666666666665,-0.5169238448143005,-0.7451969346326792
BH_s08_medium,1,210,17.0,-0.7714930772781372,-0.922013050752722
BH_s08_medium,1,211,17.033333333333335,-0.9230328798294067,-1.0497041647083045
BH_s08_medium,1,212,17.066666666666666,-1.0709832906723022,-1.1133081568252985
BH_s08_medium,1,213,17.1,-1.1725105047225952,-1.100926378202523
BH_s08_medium,1,214,17.133333333333333,-1.2740378379821777,-1.0080381998537407
BH_s08_medium,1,215,17.166666666666668,-1.3755650520324707,-0.8401479919157633
BH_s08_medium,1,216,17.2,-1.3789018392562866,-0.6126971339866256
BH_s08_medium,1,217,17.233333333333334,-0.8848651647567749,-0.34791271706566246
BH_s08_medium,1,218,17.266666666666666,0.06320587545633316,-0.07009014264276865
BH_s08_medium,1,219,17.3,1.0854045152664185,0.19771456442997823
BH_s08_medium,1,220,17.333333333333332,1.6376019716262817,0.4349929273471782
BH_s08_medium,1,221,17.366666666666667,1.5797185897827148,0.6249338651577575
BH_s08_medium,1,222,17.4,1.1934705972671509,0.7561456931093541
BH_s08_medium,1,223,17.433333333333334,0.6972671151161194,0.8242870799567636
BH_s08_medium,1,224,17.466666666666665,0.27822309732437134,0.8324889947065066
BH_s08_medium,1,225,17.5,-0.005220490507781506,0.7892937950522266
BH_s08_medium,1,226,17.533333333333335,-0.03709924966096878,0.7051589895299069
BH_s08_medium,1,227,17.566666666666666,-0.03709924966096878,0.5906518980658106
BH_s08_medium,1,228,17.6,-0.03709924966096878,0.4571279983902267
BH_s08_medium,1,229,17.633333333333333,-0.19926173985004425,0.3181695069976851
BH_s08_medium,1,230,17.666666666666668,-0.4538309872150421,0.18942469361729367
BH_s08_medium,1,231,17.7,-0.7084002494812012,0.08454716747128725
BH_s08_medium,1,232,17.733333333333334,-0.9114547371864319,0.00945781091419156
BH_s08_medium,1,233,17.766666666666666,-1.0909515619277954,-0.038865212259702984
BH_s08_medium,1,234,17.8,-1.192478895187378,-0.06811709542068842
BH_s08_medium,1,235,17.833333333333332,-1.294006109237671,-0.08547963871843972
BH_s08_medium,1,236,17.866666666666667,-1.3955333232879639,-0.09479877555654997
BH_s08_medium,1,237,17.9,-1.4444141387939453,-0.09730404071818186
BH_s08_medium,1,238,17.933333333333334,-0.9905356764793396,-0.09461638289053834
BH_s08_medium,1,239,17.966666666666665,-0.04619934409856796,-0.09073257064823156
BH_s08_medium,1,240,18.0,1.0075457096099854,-0.09173858631209167
BH_s08_medium,1,241,18.033333333333335,1.6744269132614136,-0.10436973750097146
BH_s08_medium,1,242,18.066666666666666,1.6327736377716064,-0.1345377171202219
BH_s08_medium,1,243,18.1,1.2080912590026855,-0.18663956161005182
BH_s08_medium,1,244,18.133333333333333,0.7004549503326416,-0.26319295743524507
BH_s08_medium,1,245,18.166666666666668,0.25539571046829224,-0.3632538863279017
BH_s08_medium,1,246,18.2,0.014415483921766281,-0.48011613121988395
BH_s08_medium,1,247,18.233333333333334,0.016942212358117104,-0.6007525784998845
BH_s08_medium,1,248,18.266666666666666,0.1174449548125267,-0.7075891500313248
BH_s08_medium,1,249,18.3,0.06640791147947311,-0.7811763559953844
BH_s08_medium,1,250,18.333333333333332,-0.035119347274303436,-0.8031666935023087
BH_s08_medium,1,251,18.366666666666667,-0.28422659635543823,-0.7599245777856103
BH_s08_medium,1,252,18.4,-0.5372936129570007,-0.6460365590703085
BH_s08_medium,1,253,18.433333333333334,-0.7453324794769287,-0.4660014172738437
BH_s08_medium,1,254,18.466666666666665,-0.8968722224235535,-0.2332166169435142
BH_s08_medium,1,255,18.5,-1.0063881874084473,0.033572356195169434
BH_s08_medium,1,256,18.533333333333335,-1.1484370231628418,0.3145007364512967
BH_s08_medium,1,257,18.566666666666666,-1.1829187870025635,0.5903804739443966
BH_s08_medium,1,258,18.6,-0.8422910571098328,0.841860208659919
BH_s08_medium,1,259,18.633333333333333,0.013961740769445896,1.0486475141428995
BH_s08_medium,1,260,18.666666666666668,1.0292342901229858,1.1903602315192816
BH_s08_medium,1,261,18.7,1.6588890552520752,1.2489875691156496
BH_s08_medium,1,262,18.733333333333334,1.5998703241348267,1.2124467366100724
BH_s08_medium,1,263,18.766666666666666,1.1522533893585205,1.0782897728137224
BH_s08_medium,1,264,18.8,0.5645984411239624,0.8561589547208643
BH_s08_medium,1,265,18.833333333333332,0.06095297634601593,0.5674117078616109
BH_s08_medium,1,266,18.866666666666667,-0.13961291313171387,0.24160727818073766
BH_s08_medium,1,267,18.9,-0.19164344668388367,-0.08906982674294375
BH_s08_medium,1,268,18.933333333333334,-0.1401287168264389,-0.3952981332702962
BH_s08_medium,1,269,18.966666666666665,-0.16112154722213745,-0.653241560344115
BH_s08_medium,1,270,19.0,-0.28213945031166077,-0.844376787496989
BH_s08_medium,1,271,19.033333333333335,-0.5367087125778198,-0.955315075015687
BH_s08_medium,1,272,19.066666666666666,-0.7562494277954102,-0.9789949991152328
BH_s08_medium,1,273,19.1,-0.9793484807014465,-0.916782674201699
BH_s08_medium,1,274,19.133333333333333,-1.1458722352981567,-0.7797209600963226
BH_s08_medium,1,275,19.166666666666668,-1.2974120378494263,-0.5863562984789511
BH_s08_medium,1,276,19.2,-1.3450502157211304,-0.35815523771871466
BH_s08_medium,1,277,19.233333333333334,-0.8410484790802002,-0.11687042598173365
BH_s08_medium,1,278,19.266666666666666,0.052576083689928055,0.11519065070305971
BH_s08_medium,1,279,19.3,1.1380200386047363,0.3146529902583592
BH_s08_medium,1,280,19.333333333333332,1.6628869771957397,0.4585331906795834
BH_s08_medium,1,281,19.366666666666667,1.496477484703064,0.5287604845158069
BH_s08_medium,1,282,19.4,1.0359255075454712,0.5180850450016601
BH_s08_medium,1,283,19.433333333333334,0.4267619848251343,0.43327498784125656
BH_s08_medium,1,284,19.466666666666665,-0.030937980860471725,0.29382440705798457
BH_s08_medium,1,285,19.5,-0.2370731234550476,0.12714120213877333
BH_s08_medium,1,286,19.533333333333335,-0.19618819653987885,-0.03774549465510503
BH_s08_medium,1,287,19.566666666666666,-0.1401287168264389,-0.17529231383254903
BH_s08_medium,1,288,19.6,-0.18409429490566254,-0.26620688249517105
BH_s08_medium,1,289,19.633333333333333,-0.32808491587638855,-0.2983698662757748
BH_s08_medium,1,290,19.666666666666668,-0.5311394333839417,-0.2671390653921239
BH_s08_medium,1,291,19.7,-0.7857086658477783,-0.176553499743998
BH_s08_medium,1,292,19.733333333333334,-0.9887632131576538,-0.041102765515295354
BH_s08_medium,1,293,19.766666666666666,-1.1403030157089233,0.11407506761089646
BH_s08_medium,1,294,19.8,-1.3084051609039307,0.25630671848679165
BH_s08_medium,1,295,19.833333333333332,-1.1062023639678955,0.3526004399561681
BH_s08_medium,1,296,19.866666666666667,-0.33579713106155396,0.3791137256637821
BH_s08_medium,1,297,19.9,0.70992112159729,0.3286386385720865
BH_s08_medium,1,298,19.933333333333334,1.5500307083129883,0.2130893068132413
BH_s08_medium,1,299,19.966666666666665,1.6595191955566406,0.05981963766775663
BH_s08_medium,2,0,20.0,1.275618076324463,-0.17452370725668473
BH_s08_medium,2,1,20.033333333333335,0.6920301914215088,0.11975384173174929
BH_s08_medium,2,2,20.066666666666666,0.12873588502407074,0.38770244976000046
BH_s08_medium,2,3,20.1,-0.1829935610294342,0.6053979519171656
BH_s08_medium,2,4,20.133333333333333,-0.22322797775268555,0.7638972618559168
BH_s08_medium,2,5,20.166666666666668,-0.17321544885635376,0.8697502887730677
BH_s08_medium,2,6,20.2,-0.1401287168264389,0.9363538244344178
BH_s08_medium,2,7,20.233333333333334,-0.2585817575454712,0.9770390431381145
BH_s08_medium,2,8,20.266666666666666,-0.47705987095832825,1.003296340961018
BH_s08_medium,2,9,20.3,-0.6801143884658813,1.0232757886861645
BH_s08_medium,2,10,20.333333333333332,-0.8831688761711121,1.0393766424464936
BH_s08_medium,2,11,20.366666666666667,-1.0862233638763428,1.0478791698775787
BH_s08_medium,2,12,20.4,-1.2813653945922852,1.0413584374122442
BH_s08_medium,2,13,20.433333333333334,-1.1962968111038208,1.0121706643951267
BH_s08_medium,2,14,20.466666666666665,-0.6111030578613281,0.9550252310104576
BH_s08_medium,2,15,20.5,0.36096876859664917,0.8668604246830514
BH_s08_medium,2,16,20.533333333333335,1.3098986148834229,0.7451355645557334
BH_s08_medium,2,17,20.566666666666666,1.5590544939041138,0.5881896792780561
BH_s08_medium,2,18,20.6,1.2551720142364502,0.3982178910229661
BH_s08_medium,2,19,20.633333333333333,0.6482099294662476,0.18411892205100347
BH_s08_medium,2,20,20.666666666666668,0.08645598590373993,-0.03868390005165298
BH_s08_medium,2,21,20.7,-0.22633609175682068,-0.25368091567574164
BH_s08_medium,2,22,20.733333333333334,-0.2946729063987732,-0.4509506607565247
BH_s08_medium,2,23,20.766666666666666,-0.2517699599266052,-0.6295178918023824
BH_s08_medium,2,24,20.8,-0.19164344668388367,-0.7929256345311101
BH_s08_medium,2,25,20.833333333333332,-0.28305670619010925,-0.9430053628235784
BH_s08_medium,2,26,20.866666666666667,-0.4744950234889984,-1.0758574773691216
BH_s08_medium,2,27,20.9,-0.7144436240196228,-1.182076244997563
BH_s08_medium,2,28,20.933333333333334,-0.8967269062995911,-1.2503258452333494
BH_s08_medium,2,29,20.966666666666665,-1.0836585760116577,-1.2707382922528763
BH_s08_medium,2,30,21.0,-1.2351983785629272,-1.2365752495331879
BH_s08_medium,2,31,21.033333333333335,-1.324967622756958,-1.1449134544795287
BH_s08_medium,2,32,21.066666666666666,-0.9426103234291077,-0.9969841803644689
BH_s08_medium,2,33,21.1,-0.09526002407073975,-0.7984271257587817
BH_s08_medium,2,34,21.133333333333333,0.9215147495269775,-0.559583396227327
BH_s08_medium,2,35,21.166666666666668,1.5065809488296509,-0.29576051580054247
BH_s08_medium,2,36,21.2,1.3867053985595703,-0.026790623121366326
BH_s08_medium,2,37,21.233333333333334,0.9134781360626221,0.2252082131534427
BH_s08_medium,2,38,21.266666666666666,0.30431458353996277,0.4397561786984309
BH_s08_medium,2,39,21.3,-0.09370201081037521,0.6022450057358589
BH_s08_medium,2,40,21.333333333333332,-0.2946729063987732,0.70697762543448
BH_s08_medium,2,41,21.366666666666667,-0.2788097560405731,0.7576766734017728
BH_s08_medium,2,42,21.4,-0.17728249728679657,0.7651820126548035
BH_s08_medium,2,43,21.433333333333334,-0.2045021951198578,0.7431849959377145
BH_s08_medium,2,44,21.466666666666665,-0.36890071630477905,0.7034243982192039
BH_s08_medium,2,45,21.5,-0.5719552636146545,0.6520905510315899
BH_s08_medium,2,46,21.533333333333335,-0.7750097513198853,0.5891755229123409
BH_s08_medium,2,47,21.566666666666666,-0.9712143540382385,0.5120979953416395
BH_s08_medium,2,48,21.6,-1.1242563724517822,0.4215313036419466
BH_s08_medium,2,49,21.633333333333333,-1.2257835865020752,0.32445197454244185
BH_s08_medium,2,50,21.666666666666668,-1.2640798091888428,0.23242897433122367
BH_s08_medium,2,51,21.7,-0.7507359385490417,0.15666876295301463
BH_s08_medium,2,52,21.733333333333334,0.21386294066905975,0.10242593029410521
BH_s08_medium,2,53,21.766666666666666,1.2312989234924316,0.06587244876453455
BH_s08_medium,2,54,21.8,1.6040410995483398,0.03545001826225476
BH_s08_medium,2,55,21.833333333333332,1.3744696378707886,-0.0018470789204126994
BH_s08_medium,2,56,21.866666666666667,0.8271564245223999,-0.0525282742935204
BH_s08_medium,2,57,21.9,0.2613354027271271,-0.11322661714288663
BH_s08_medium,2,58,21.933333333333334,-0.06926516443490982,-0.17331488238961645
BH_s08_medium,2,59,21.966666666666665,-0.19164344668388367,-0.21985786294302564
BH_s08_medium,2,60,22.0,-0.10129281133413315,-0.24196370756603336
BH_s08_medium,2,61,22.033333333333335,-0.03709924966096878,-0.23304233145224384
BH_s08_medium,2,62,22.066666666666666,-0.12444546818733215,-0.19121331487321033
BH_s08_medium,2,63,22.1,-0.3118167221546173,-0.11964521375478024
BH_s08_medium,2,64,22.133333333333333,-0.5148712396621704,-0.027460467312913323
BH_s08_medium,2,65,22.166666666666668,-0.7179257869720459,0.0695385690124464
BH_s08_medium,2,66,22.2,-0.8911576271057129,0.15005217529669196
BH_s08_medium,2,67,22.233333333333334,-1.0441995859146118,0.1925627530366114
BH_s08_medium,2,68,22.266666666666666,-1.1972416639328003,0.18296680634806856
BH_s08_medium,2,69,22.3,-1.1459901332855225,0.1192023781182284
BH_s08_medium,2,70,22.333333333333332,-0.5954960584640503,0.010540206381637416
BH_s08_medium,2,71,22.366666666666667,0.3405608832836151,-0.12722297689508777
BH_s08_medium,2,72,22.4,1.293405294418335,-0.27785666490837596
BH_s08_medium,2,73,22.433333333333334,1.6113722324371338,-0.42837347657522495
BH_s08_medium,2,74,22.466666666666665,1.334093451499939,-0.5690178386209285
BH_s08_medium,2,75,22.5,0.7923494577407837,-0.6909640437927959
BH_s08_medium,2,76,22.533333333333335,0.2127869874238968,-0.783461949768352
BH_s08_medium,2,77,22.566666666666666,-0.06369590759277344,-0.8320716732402541
BH_s08_medium,2,78,22.6,-0.12833259999752045,-0.8199992460917412
BH_s08_medium,2,79,22.633333333333333,-0.03709924966096878,-0.7343568188486211
BH_s08_medium,2,80,22.666666666666668,0.005623785313218832,-0.5745601359967282
BH_s08_medium,2,81,22.7,-0.05167822912335396,-0.3560728548112979
BH_s08_medium,2,82,22.733333333333334,-0.25473275780677795,-0.10651404458648409
BH_s08_medium,2,83,22.766666666666666,-0.45778724551200867,0.14425358222164653
BH_s08_medium,2,84,22.8,-0.6608417630195618,0.37487592503489175
BH_s08_medium,2,85,22.833333333333332,-0.8626156449317932,0.576578078815051
BH_s08_medium,2,86,22.866666666666667,-1.015436053276062,0.7489730979085014
BH_s08_medium,2,87,22.9,-1.1171848773956299,0.8923004224078417
BH_s08_medium,2,88,22.933333333333334,-0.874238908290863,1.001323141762319
BH_s08_medium,2,89,22.966666666666665,-0.07965298742055893,1.0653310494505173
BH_s08_medium,2,90,23.0,0.9308913946151733,1.073531307360134
BH_s08_medium,2,91,23.033333333333335,1.6757386922836304,1.0201921571916757
BH_s08_medium,2,92,23.066666666666666,1.68135666847229,0.9064831166112142
BH_s08_medium,2,93,23.1,1.2529395818710327,0.7392847065745916
BH_s08_medium,2,94,23.133333333333333,0.6937885284423828,0.528439025125004
BH_s08_medium,2,95,23.166666666666668,0.22392550110816956,0.2846822424790169
BH_s08_medium,2,96,23.2,-0.021855585277080536,0.01966770011305271
BH_s08_medium,2,97,23.233333333333334,-0.03709924966096878,-0.25171316069752114
BH_s08_medium,2,98,23.266666666666666,0.047682132571935654,-0.5088667406964718
BH_s08_medium,2,99,23.3,0.03416578099131584,-0.7268288403009621
BH_s08_medium,2,100,23.333333333333332,-0.09762370586395264,-0.8819543931688869
BH_s08_medium,2,101,23.366666666666667,-0.30067822337150574,-0.9589149659336729
BH_s08_medium,2,102,23.4,-0.5552474856376648,-0.9549644839074268
BH_s08_medium,2,103,23.433333333333334,-0.7067872285842896,-0.8774408342996523
BH_s08_medium,2,104,23.466666666666665,-0.8583270311355591,-0.7367110811857621
BH_s08_medium,2,105,23.5,-0.9871156215667725,-0.5424105263337619
BH_s08_medium,2,106,23.533333333333335,-1.0673938989639282,-0.3055207279786887
BH_s08_medium,2,107,23.566666666666666,-0.7943692207336426,-0.042867445801981985
BH_s08_medium,2,108,23.6,0.09383147209882736,0.21961800653436342
BH_s08_medium,2,109,23.633333333333333,1.245618224143982,0.4478111663967104
BH_s08_medium,2,110,23.666666666666668,2.151205539703369,0.6054832580713823
BH_s08_medium,2,111,23.7,2.305102586746216,0.664285922576936
BH_s08_medium,2,112,23.733333333333334,1.9623116254806519,0.6136522992666252
BH_s08_medium,2,113,23.766666666666666,1.454675316810608,0.4647612303896629
BH_s08_medium,2,114,23.8,0.947039008140564,0.24645197483688305
BH_s08_medium,2,115,23.833333333333332,0.5656194090843201,-0.0047811955680230785
BH_s08_medium,2,116,23.866666666666667,0.4203065037727356,-0.2553465076884811
BH_s08_medium,2,117,23.9,0.3750186264514923,-0.4783401452125359
BH_s08_medium,2,118,23.933333333333334,0.371796190738678,-0.6508259470710331
BH_s08_medium,2,119,23.966666666666665,0.21531371772289276,-0.7522134675064435
BH_s08_medium,2,120,24.0,-0.03753529489040375,-0.766626595390052
BH_s08_medium,2,121,24.033333333333335,-0.2908203601837158,-0.6865993725146309
BH_s08_medium,2,122,24.066666666666666,-0.4951590597629547,-0.515812574738509
BH_s08_medium,2,123,24.1,-0.6982135772705078,-0.26954794045754027
BH_s08_medium,2,124,24.133333333333333,-0.8497533798217773,0.027307904445703392
BH_s08_medium,2,125,24.166666666666668,-0.9570714235305786,0.34369730600926407
BH_s08_medium,2,126,24.2,-0.9304401874542236,0.646133633973042
BH_s08_medium,2,127,24.233333333333334,-0.37705251574516296,0.9017277419598647
BH_s08_medium,2,128,24.266666666666666,0.6455405950546265,1.0806649878417158
BH_s08_medium,2,129,24.3,1.7359272241592407,1.159312356981923
BH_s08_medium,2,130,24.333333333333332,2.251455545425415,1.1240377120132283
BH_s08_medium,2,131,24.366666666666667,2.1239237785339355,0.9745674259017146
BH_s08_medium,2,132,24.4,1.648900032043457,0.7256425944512893
BH_s08_medium,2,133,24.433333333333334,1.141263723373413,0.4059152617364458
BH_s08_medium,2,134,24.466666666666665,0.6950310468673706,0.053241477281704606
BH_s08_medium,2,135,24.5,0.4196488857269287,-0.293930661348292
BH_s08_medium,2,136,24.533333333333335,0.32350388169288635,-0.6052800530927492
BH_s08_medium,2,137,24.566666666666666,0.29730871319770813,-0.8603861257827332
BH_s08_medium,2,138,24.6,0.17108847200870514,-1.0438513911539684
BH_s08_medium,2,139,24.633333333333333,-0.008775277063250542,-1.1412608703388554
BH_s08_medium,2,140,24.666666666666668,-0.25670909881591797,-1.1400187774988402
BH_s08_medium,2,141,24.7,-0.5411045551300049,-1.0345480204158868
BH_s08_medium,2,142,24.733333333333334,-0.7441590428352356,-0.832185508232236
BH_s08_medium,2,143,24.766666666666666,-0.8785169124603271,-0.5539117042340665
BH_s08_medium,2,144,24.8,-0.9800441861152649,-0.22953229576791154
BH_s08_medium,2,145,24.833333333333332,-1.0815714597702026,0.10751620199571273
BH_s08_medium,2,146,24.866666666666667,-1.1830986738204956,0.42389745498584175
BH_s08_medium,2,147,24.9,-1.1480772495269775,0.6905040950360473
BH_s08_medium,2,148,24.933333333333334,-0.6712676882743835,0.8864107217420714
BH_s08_medium,2,149,24.966666666666665,0.3700130581855774,0.9996502429134086
BH_s08_medium,2,150,25.0,1.5101596117019653,1.0250867048064742
BH_s08_medium,2,151,25.033333333333335,2.080169200897217,0.9628274037124894
BH_s08_medium,2,152,25.066666666666666,1.9573272466659546,0.8185506195032983
BH_s08_medium,2,153,25.1,1.549058437347412,0.6046928067189097
BH_s08_medium,2,154,25.133333333333333,0.9905650019645691,0.3409381743174163
BH_s08_medium,2,155,25.166666666666668,0.5337858200073242,0.05240043919750174
BH_s08_medium,2,156,25.2,0.2766827940940857,-0.23461732431224575
BH_s08_medium,2,157,25.233333333333334,0.1728087067604065,-0.49778969113750765
BH_s08_medium,2,158,25.266666666666666,0.16895969212055206,-0.722050021287904
BH_s08_medium,2,159,25.3,0.07963710278272629,-0.8975472485563156
BH_s08_medium,2,160,25.333333333333332,-0.07190267741680145,-1.0139491362475743
BH_s08_medium,2,161,25.366666666666667,-0.3264719247817993,-1.0574486841515738
BH_s08_medium,2,162,25.4,-0.6211958527565002,-1.0133489241217157
BH_s08_medium,2,163,25.433333333333334,-0.8356104493141174,-0.8728378023182818
BH_s08_medium,2,164,25.466666666666665,-0.9871501922607422,-0.6400248124626865
BH_s08_medium,2,165,25.5,-1.0673938989639282,-0.3337308447085469
BH_s08_medium,2,166,25.533333333333335,-1.1530544757843018,0.01631821878074506
BH_s08_medium,2,167,25.566666666666666,-1.2030670642852783,0.3740755996373365
BH_s08_medium,2,168,25.6,-1.3045942783355713,0.7008621227243941
BH_s08_medium,2,169,25.633333333333333,-1.324967622756958,0.9599779347326821
BH_s08_medium,2,170,25.666666666666668,-1.0531163215637207,1.1223806389355286
BH_s08_medium,2,171,25.7,-0.18286944925785065,1.1716437159063813
BH_s08_medium,2,172,25.733333333333334,0.9090504050254822,1.106592160803565
BH_s08_medium,2,173,25.766666666666666,1.705893635749817,0.9404966072222952
BH_s08_medium,2,174,25.8,1.7731748819351196,0.6970243048925834
BH_s08_medium,2,175,25.833333333333332,1.4052131175994873,0.40444358461078805
BH_s08_medium,2,176,25.866666666666667,0.8784531354904175,0.09044893823828824
BH_s08_medium,2,177,25.9,0.4075620770454407,-0.2196585227758572
BH_s08_medium,2,178,25.933333333333334,0.08520635962486267,-0.5022956254218996
BH_s08_medium,2,179,25.966666666666665,-0.03709924966096878,-0.7365302182089575
BH_s08_medium,2,180,26.0,0.014415483921766281,-0.9067672683669779
BH_s08_medium,2,181,26.033333333333335,0.0028028199449181557,-1.003307328321477
BH_s08_medium,2,182,26.066666666666666,-0.1088348925113678,-1.0202807447724969
BH_s08_medium,2,183,26.1,-0.36340415477752686,-0.9540044554498398
BH_s08_medium,2,184,26.133333333333333,-0.6179733872413635,-0.8036227046077169
BH_s08_medium,2,185,26.166666666666668,-0.821027934551239,-0.5741825306303594
BH_s08_medium,2,186,26.2,-1.019980788230896,-0.2803456333963844
BH_s08_medium,2,187,26.233333333333334,-1.1215081214904785,0.05257926566817938
BH_s08_medium,2,188,26.266666666666666,-1.1715205907821655,0.39141237266723056
BH_s08_medium,2,189,26.3,-1.221938133239746,0.7003296309746697
BH_s08_medium,2,190,26.333333333333332,-1.323060393333435,0.9466258971404959
BH_s08_medium,2,191,26.366666666666667,-1.376482367515564,1.1049397914902717
BH_s08_medium,2,192,26.4,-0.9889227151870728,1.159172778922591
BH_s08_medium,2,193,26.433333333333334,-0.10123783349990845,1.1027096514786063
BH_s08_medium,2,194,26.466666666666665,1.009148120880127,0.9380467131631308
BH_s08_medium,2,195,26.5,1.718825101852417,0.6770732508956262
BH_s08_medium,2,196,26.533333333333335,1.6847279071807861,0.3416339711124576
BH_s08_medium,2,197,26.566666666666666,1.300459861755371,-0.03751124315583499
BH_s08_medium,2,198,26.6,0.7676565051078796,-0.42387557995580777
BH_s08_medium,2,199,26.633333333333333,0.282182902097702,-0.7795783323599476
BH_s08_medium,2,200,26.666666666666668,-0.003240588353946805,-1.0698621410649027
BH_s08_medium,2,201,26.7,-0.03709924966096878,-1.2670082291886453
BH_s08_medium,2,202,26.733333333333334,-0.03709924966096878,-1.3528430257647188
BH_s08_medium,2,203,26.766666666666666,-0.03709924966096878,-1.3191107974716259
BH_s08_medium,2,204,26.8,-0.1972818374633789,-1.166168872007507
BH_s08_medium,2,205,26.833333333333332,-0.4789254367351532,-0.9014984963383008
BH_s08_medium,2,206,26.866666666666667,-0.7319924831390381,-0.5398743026805878
BH_s08_medium,2,207,26.9,-0.936919629573822,-0.10684938152684019
BH_s08_medium,2,208,26.933333333333334,-1.0899616479873657,0.35738146745098065
BH_s08_medium,2,209,26.966666666666665,-1.1914888620376587,0.8005041855289879
BH_s08_medium,2,210,27.0,-1.2415014505386353,1.168005134169315
BH_s08_medium,2,211,27.033333333333335,-1.324967622756958,1.4153234489462172
BH_s08_medium,2,212,27.066666666666666,-1.3433645963668823,1.5172078808886142
BH_s08_medium,2,213,27.1,-0.946940541267395,1.470469276856123
BH_s08_medium,2,214,27.133333333333333,0.008970338851213455,1.2902379105122619
BH_s08_medium,2,215,27.166666666666668,1.1652326583862305,1.0035967559690455
BH_s08_medium,2,216,27.2,1.9415607452392578,0.6434140611854183
BH_s08_medium,2,217,27.233333333333334,2.005394458770752,0.24354091217470208
BH_s08_medium,2,218,27.266666666666666,1.6766736507415771,-0.16407078985978882
BH_s08_medium,2,219,27.3,1.1690373420715332,-0.5503470668110716
BH_s08_medium,2,220,27.333333333333332,0.7129157781600952,-0.8889622966662796
BH_s08_medium,2,221,27.366666666666667,0.3174259066581726,-1.1563991746893707
BH_s08_medium,2,222,27.4,0.1174449548125267,-1.3332099417233254
BH_s08_medium,2,223,27.433333333333334,0.06593021750450134,-1.4068988035199315
BH_s08_medium,2,224,27.466666666666665,0.06593021750450134,-1.3745119792866685
BH_s08_medium,2,225,27.5,-0.08564413338899612,-1.2411970706976292
BH_s08_medium,2,226,27.533333333333335,-0.3327714502811432,-1.0158303203318932
BH_s08_medium,2,227,27.566666666666666,-0.5858384966850281,-0.7093635752297589
BH_s08_medium,2,228,27.6,-0.8463820219039917,-0.3373379644329059
BH_s08_medium,2,229,27.633333333333333,-1.0069005489349365,0.07659975101216988
BH_s08_medium,2,230,27.666666666666668,-1.1084277629852295,0.49910838292617127
BH_s08_medium,2,231,27.7,-1.1704233884811401,0.8894236062016375
BH_s08_medium,2,232,27.733333333333334,-1.221938133239746,1.2055037679146234
BH_s08_medium,2,233,27.766666666666666,-1.309980034828186,1.4120617726320475
BH_s08_medium,2,234,27.8,-1.376482367515564,1.4878032935254668
BH_s08_medium,2,235,27.833333333333332,-1.0723161697387695,1.4290065613474268
BH_s08_medium,2,236,27.866666666666667,-0.20002034306526184,1.2486027049677675
BH_s08_medium,2,237,27.9,1.0808457136154175,0.9720492930822219
BH_s08_medium,2,238,27.933333333333334,2.072058916091919,0.6318863866231748
BH_s08_medium,2,239,27.966666666666665,2.3840932846069336,0.2630398764667306
BH_s08_medium,2,240,28.0,2.1515138149261475,-0.10093096705806903
BH_s08_medium,2,241,28.033333333333335,1.7463983297348022,-0.4321592845845312
BH_s08_medium,2,242,28.066666666666666,1.2617692947387695,-0.7123738544812057
BH_s08_medium,2,243,28.1,0.8041455745697021,-0.9330084277795897
BH_s08_medium,2,244,28.133333333333333,0.48955705761909485,-1.091337903887126
BH_s08_medium,2,245,28.166666666666668,0.3565179407596588,-1.1857342110660556
BH_s08_medium,2,246,28.2,0.25499069690704346,-1.2125855214686372
BH_s08_medium,2,247,28.233333333333334,0.13796716928482056,-1.1662890473718592
BH_s08_medium,2,248,28.266666666666666,-0.06508734077215195,-1.042563018344628
BH_s08_medium,2,249,28.3,-0.3321484327316284,-0.8440795907063271
BH_s08_medium,2,250,28.333333333333332,-0.6257405877113342,-0.5852449940398268
BH_s08_medium,2,251,28.366666666666667,-0.8287950754165649,-0.2915303787408525
BH_s08_medium,2,252,28.4,-1.0238643884658813,0.007196101858861381
BH_s08_medium,2,253,28.433333333333334,-1.1253916025161743,0.2856350691769176
BH_s08_medium,2,254,28.466666666666665,-1.1754041910171509,0.5297300078972554
BH_s08_medium,2,255,28.5,-1.225416660308838,0.7366473896968602
BH_s08_medium,2,256,28.533333333333335,-1.3269439935684204,0.9084532781434937
BH_s08_medium,2,257,28.566666666666666,-1.376008152961731,1.0445569301878792
BH_s08_medium,2,258,28.6,-1.072534203529358,1.1371626620241353
BH_s08_medium,2,259,28.633333333333333,-0.11644693464040756,1.172139432358695
BH_s08_medium,2,260,28.666666666666668,1.0953173637390137,1.1347786286073833
BH_s08_medium,2,261,28.7,1.984747290611267,1.017110598892418
BH_s08_medium,2,262,28.733333333333334,2.1780343055725098,0.8232309388692299
BH_s08_medium,2,263,28.766666666666666,1.9031023979187012,0.5696671188692597
BH_s08_medium,2,264,28.8,1.4555199146270752,0.28055213983281785
BH_s08_medium,2,265,28.833333333333332,0.9478836059570312,-0.019838445247828372
BH_s08_medium,2,266,28.866666666666667,0.5302310585975647,-0.313184233361963
BH_s08_medium,2,267,28.9,0.30108505487442017,-0.5873600875333901
BH_s08_medium,2,268,28.933333333333334,0.18500985205173492,-0.8315990286338178
BH_s08_medium,2,269,28.966666666666665,0.13499732315540314,-1.0323789622023345
BH_s08_medium,2,270,29.0,0.0010099128121510148,-1.173184434675515
BH_s08_medium,2,271,29.033333333333335,-0.23300254344940186,-1.2378322702440714
BH_s08_medium,2,272,29.066666666666666,-0.5081285834312439,-1.2154896205760095
BH_s08_medium,2,273,29.1,-0.7906513810157776,-1.1044171006785584
BH_s08_medium,2,274,29.133333333333333,-0.965752363204956,-0.9130682721196973
BH_s08_medium,2,275,29.166666666666668,-1.143857717514038,-0.659037701668706
BH_s08_medium,2,276,29.2,-1.2453850507736206,-0.3661484873140908
BH_s08_medium,2,277,29.233333333333334,-1.2953975200653076,-0.05971904083181877
BH_s08_medium,2,278,29.266666666666666,-1.3454101085662842,0.23820159259728918
BH_s08_medium,2,279,29.3,-1.4469373226165771,0.5104575370527867
BH_s08_medium,2,280,29.333333333333332,-1.4795118570327759,0.7430479991039641
BH_s08_medium,2,281,29.366666666666667,-1.2134166955947876,0.9227710157675977
BH_s08_medium,2,282,29.4,-0.34196192026138306,1.036728801160602
BH_s08_medium,2,283,29.433333333333334,0.8263526558876038,1.0752283358187202
BH_s08_medium,2,284,29.466666666666665,1.7601184844970703,1.0360288087400282
BH_s08_medium,2,285,29.5,1.952121376991272,0.9248482397652283
BH_s08_medium,2,286,29.533333333333335,1.629187822341919,0.7519311760935109
BH_s08_medium,2,287,29.566666666666666,1.1646414995193481,0.5294091587963391
BH_s08_medium,2,288,29.6,0.6570051908493042,0.2714480194277499
BH_s08_medium,2,289,29.633333333333333,0.26023468375205994,-0.004098688310104803
BH_s08_medium,2,290,29.666666666666668,0.06351426988840103,-0.27465311996019864
BH_s08_medium,2,291,29.7,0.014415483921766281,-0.5148583788035854
BH_s08_medium,2,292,29.733333333333334,0.014415483921766281,-0.7014053215350364
BH_s08_medium,2,293,29.766666666666666,-0.08652330189943314,-0.8181313347283135
BH_s08_medium,2,294,29.8,-0.3354089856147766,-0.8592824037313559
BH_s08_medium,2,295,29.833333333333332,-0.5884760022163391,-0.8297832152435273
BH_s08_medium,2,296,29.866666666666667,-0.8481403589248657,-0.7425428654748372
BH_s08_medium,2,297,29.9,-1.0511949062347412,-0.6139886067752492
BH_s08_medium,2,298,29.933333333333334,-1.1608216762542725,-0.4596456098532828
BH_s08_medium,2,299,29.966666666666665,-1.2623488903045654,-0.29182827536939887
BH_s08_medium,3,0,30.0,-1.312361478805542,0.05621972301061516
BH_s08_medium,3,1,30.033333333333335,-1.362373948097229,0.4760645469612679
BH_s08_medium,3,2,30.066666666666666,-1.4639012813568115,0.84879811877184
BH_s08_medium,3,3,30.1,-1.4966245889663696,1.1354851282127338
BH_s08_medium,3,4,30.133333333333333,-1.1275691986083984,1.3128069528144917
BH_s08_medium,3,5,30.166666666666668,-0.2382713109254837,1.3754353187373154
BH_s08_medium,3,6,30.2,0.9398213624954224,1.3300414283797521
BH_s08_medium,3,7,30.233333333333334,1.7249447107315063,1.1904060745324154
BH_s08_medium,3,8,30.266666666666666,1.763649344444275,0.9762679960897783
BH_s08_medium,3,9,30.3,1.381399393081665,0.7110984288417846
BH_s08_medium,3,10,30.333333333333332,0.8222483396530151,0.41837723070178456
BH_s08_medium,3,11,30.366666666666667,0.33699628710746765,0.12057255522467974
BH_s08_medium,3,12,30.4,0.024166107177734375,-0.15896591931383747
BH_s08_medium,3,13,30.433333333333334,-0.03709924966096878,-0.39503303885877666
BH_s08_medium,3,14,30.466666666666665,-0.03709924966096878,-0.5628602716139584
BH_s08_medium,3,15,30.5,-0.03709924966096878,-0.6438348213412867
BH_s08_medium,3,16,30.533333333333335,-0.13323362171649933,-0.6320707000031713
BH_s08_medium,3,17,30.566666666666666,-0.386300653219223,-0.5370979201565862
BH_s08_medium,3,18,30.6,-0.6790136694908142,-0.3809824919849433
BH_s08_medium,3,19,30.633333333333333,-0.9335829019546509,-0.19165804046770302
BH_s08_medium,3,20,30.666666666666668,-1.0851227045059204,0.004150160529298761
BH_s08_medium,3,21,30.7,-1.2293002605438232,0.1842224824322266
BH_s08_medium,3,22,30.733333333333334,-1.2793128490447998,0.3305226862535751
BH_s08_medium,3,23,30.766666666666666,-1.3293253183364868,0.42956095480298895
BH_s08_medium,3,24,30.8,-1.3793379068374634,0.47423450474115525
BH_s08_medium,3,25,30.833333333333332,-1.4293503761291504,0.46416711278071954
BH_s08_medium,3,26,30.866666666666667,-1.4281460046768188,0.40351124876240213
BH_s08_medium,3,27,30.9,-0.8728926777839661,0.29746177482841984
BH_s08_medium,3,28,30.933333333333334,0.18578802049160004,0.15029386879638754
BH_s08_medium,3,29,30.966666666666665,1.2557286024093628,-0.03145387078575733
BH_s08_medium,3,30,31.0,1.7474431991577148,-0.23308634319469068
BH_s08_medium,3,31,31.033333333333335,1.5389825105667114,-0.43100845722795406
BH_s08_medium,3,32,31.066666666666666,1.0481683015823364,-0.5988545686440506
BH_s08_medium,3,33,31.1,0.47985514998435974,-0.7155619749681298
BH_s08_medium,3,34,31.133333333333333,0.0509151965379715,-0.7706622294027248
BH_s08_medium,3,35,31.166666666666668,-0.08861398696899414,-0.7634388714331072
BH_s08_medium,3,36,31.2,-0.05227024108171463,-0.697472371586493
BH_s08_medium,3,37,31.233333333333334,-0.03709924966096878,-0.5765174882837851
BH_s08_medium,3,38,31.266666666666666,-0.03709924966096878,-0.40441626612171977
BH_s08_medium,3,39,31.3,-0.2038029432296753,-0.18782886668893833
BH_s08_medium,3,40,31.333333333333332,-0.4887070953845978,0.060275992931668174
BH_s08_medium,3,41,31.366666666666667,-0.7417741417884827,0.3187371186194955
BH_s08_medium,3,42,31.4,-0.9675107002258301,0.5596561888504789
BH_s08_medium,3,43,31.433333333333334,-1.0932222604751587,0.753835234743913
BH_s08_medium,3,44,31.466666666666665,-1.1947494745254517,0.8782506571169514
BH_s08_medium,3,45,31.5,-1.2447619438171387,0.9214161201484783
BH_s08_medium,3,46,31.533333333333335,-1.2947745323181152,0.8840298636655235
BH_s08_medium,3,47,31.566666666666666,-1.336843490600586,0.7744517026116269
BH_s08_medium,3,48,31.6,-0.9391734004020691,0.6024417286051249
BH_s08_medium,3,49,31.633333333333333,-0.006678344216197729,0.37758106883452686
BH_s08_medium,3,50,31.666666666666668,1.1463234424591064,0.11290752814213344
BH_s08_medium,3,51,31.7,1.8965671062469482,-0.17169199088701195
BH_s08_medium,3,52,31.733333333333334,1.9350502490997314,-0.449720040796167
BH_s08_medium,3,53,31.766666666666666,1.505826711654663,-0.6923271012928525
BH_s08_medium,3,54,31.8,0.9373716711997986,-0.8743551929132427
BH_s08_medium,3,55,31.833333333333332,0.3953263759613037,-0.9778587697711858
BH_s08_medium,3,56,31.866666666666667,0.059630680829286575,-0.992351466770155
BH_s08_medium,3,57,31.9,-0.032301921397447586,-0.9146737958828122
BH_s08_medium,3,58,31.933333333333334,0.017710601910948753,-0.7496599026555814
BH_s08_medium,3,59,31.966666666666665,0.012622577138245106,-0.5106912765342
BH_s08_medium,3,60,32.0,-0.0891953781247139,-0.21912667127644306
BH_s08_medium,3,61,32.03333333333333,-0.34255310893058777,0.09819838093555654
BH_s08_medium,3,62,32.06666666666667,-0.5956201553344727,0.41256345242654086
BH_s08_medium,3,63,32.1,-0.8529031276702881,0.6957342663482653
BH_s08_medium,3,64,32.13333333333333,-1.01016104221344,0.9209745890295243
BH_s08_medium,3,65,32.166666666666664,-1.1632030010223389,1.0646897691271355
BH_s08_medium,3,66,32.2,-1.2132155895233154,1.1092591388572786
BH_s08_medium,3,67,32.233333333333334,-1.3147428035736084,1.045940581822938
BH_s08_medium,3,68,32.266666666666666,-1.336694598197937,0.8767269359939304
BH_s08_medium,3,69,32.3,-0.9024246335029602,0.6142700340337438
BH_s08_medium,3,70,32.333333333333336,0.109943687915802,0.28073919915493173
BH_s08_medium,3,71,32.36666666666667,1.4003351926803589,-0.09205924074060583
BH_s08_medium,3,72,32.4,2.243899345397949,-0.46318931089311943
BH_s08_medium,3,73,32.43333333333333,2.319539785385132,-0.7892259294460543
BH_s08_medium,3,74,32.46666666666667,1.9726471900939941,-1.0351027013179226
BH_s08_medium,3,75,32.5,1.4357385635375977,-1.1801406681818156
BH_s08_medium,3,76,32.53333333333333,0.9058598279953003,-1.2166428263525433
BH_s08_medium,3,77,32.56666666666667,0.5022739768028259,-1.145441704034913
BH_s08_medium,3,78,32.6,0.2987382411956787,-0.9728577265518839
BH_s08_medium,3,79,32.63333333333333,0.2719891667366028,-0.7123598735753146
BH_s08_medium,3,80,32.666666666666664,0.2502279281616211,-0.3886703843585609
BH_s08_medium,3,81,32.7,0.07692692428827286,-0.03716198950264868
BH_s08_medium,3,82,32.733333333333334,-0.12612760066986084,0.3031780334260111
BH_s08_medium,3,83,32.766666666666666,-0.3979514241218567,0.5989385714179417
BH_s08_medium,3,84,32.8,-0.651018500328064,0.8288863495303621
BH_s08_medium,3,85,32.833333333333336,-0.8383206129074097,0.9839020591927601
BH_s08_medium,3,86,32.86666666666667,-0.9898604154586792,1.0618464938130299
BH_s08_medium,3,87,32.9,-1.1301543712615967,1.0641205307786408
BH_s08_medium,3,88,32.93333333333333,-1.2316817045211792,0.9957390552461273
BH_s08_medium,3,89,32.96666666666667,-1.1889728307724,0.8653804592623392
BH_s08_medium,3,90,33.0,-0.5363700985908508,0.6841414270135503
BH_s08_medium,3,91,33.03333333333333,0.5408910512924194,0.4644116724357688
BH_s08_medium,3,92,33.06666666666667,1.6927646398544312,0.21962306184007283
BH_s08_medium,3,93,33.1,2.229548931121826,-0.03524048363549691
BH_s08_medium,3,94,33.13333333333333,2.0720837116241455,-0.2831249318487504
BH_s08_medium,3,95,33.166666666666664,1.6152318716049194,-0.5055665776595075
BH_s08_medium,3,96,33.2,1.0560808181762695,-0.6845813057168835
BH_s08_medium,3,97,33.233333333333334,0.5484445691108704,-0.8046666972745159
BH_s08_medium,3,98,33.266666666666666,0.23103153705596924,-0.8546609280959127
BH_s08_medium,3,99,33.3,0.1174449548125267,-0.8300597803417648
BH_s08_medium,3,100,33.333333333333336,0.1174449548125267,-0.7351518630887246
BH_s08_medium,3,101,33.36666666666667,0.07571540772914886,-0.5831892434944458
BH_s08_medium,3,102,33.4,-0.07732658088207245,-0.39405015663785187
BH_s08_medium,3,103,33.43333333333333,-0.3593335449695587,-0.1902556667852863
BH_s08_medium,3,104,33.46666666666667,-0.6266924142837524,0.007325150088823499
BH_s08_medium,3,105,33.5,-0.8812616467475891,0.182526973639616
BH_s08_medium,3,106,33.53333333333333,-1.0328013896942139,0.32482314184839933
BH_s08_medium,3,107,33.56666666666667,-1.1516249179840088,0.4281023970706497
BH_s08_medium,3,108,33.6,-1.2531522512435913,0.48829505886821445
BH_s08_medium,3,109,33.63333333333333,-1.3546794652938843,0.5016516848520018
BH_s08_medium,3,110,33.666666666666664,-1.3200629949569702,0.46496403997530966
BH_s08_medium,3,111,33.7,-0.7239974737167358,0.37817430778026395
BH_s08_medium,3,112,33.733333333333334,0.3168782591819763,0.24774801634112142
BH_s08_medium,3,113,33.766666666666666,1.4640963077545166,0.08751787518226666
BH_s08_medium,3,114,33.8,1.9941761493682861,-0.08362626840129514
BH_s08_medium,3,115,33.833333333333336,1.8376662731170654,-0.24500697862129484
BH_s08_medium,3,116,33.86666666666667,1.3416496515274048,-0.3771006621520973
BH_s08_medium,3,117,33.9,0.7501803040504456,-0.4640468507522129
BH_s08_medium,3,118,33.93333333333333,0.2749279737472534,-0.49591423957920566
BH_s08_medium,3,119,33.96666666666667,-0.000274274789262563,-0.47102771485928685
BH_s08_medium,3,120,34.0,-0.023911701515316963,-0.39671467616105993
BH_s08_medium,3,121,34.03333333333333,0.06593021750450134,-0.285319624324495
BH_s08_medium,3,122,34.06666666666667,0.004232355859130621,-0.14739454098755106
BH_s08_medium,3,123,34.1,-0.11465673893690109,0.011393622220493347
BH_s08_medium,3,124,34.13333333333333,-0.41205981373786926,0.18753082616528374
BH_s08_medium,3,125,34.166666666666664,-0.6666290760040283,0.3739747299994847
BH_s08_medium,3,126,34.2,-0.869683563709259,0.5553107733913817
BH_s08_medium,3,127,34.233333333333334,-1.018551230430603,0.7074974184733998
BH_s08_medium,3,128,34.266666666666666,-1.1200785636901855,0.8026959177843139
BH_s08_medium,3,129,34.3,-1.2216057777404785,0.8162965808150783
BH_s08_medium,3,130,34.333333333333336,-1.273452877998352,0.7338707301329037
BH_s08_medium,3,131,34.36666666666667,-1.077404260635376,0.5568014169570087
BH_s08_medium,3,132,34.4,-0.24003319442272186,0.30442536702482165
BH_s08_medium,3,133,34.43333333333333,0.8655864596366882,0.010029261228740583
BH_s08_medium,3,134,34.46666666666667,1.7625274658203125,-0.28801025801506486
BH_s08_medium,3,135,34.5,1.9298062324523926,-0.5549409724624342
BH_s08_medium,3,136,34.53333333333333,1.6140965223312378,-0.7641836192090199
BH_s08_medium,3,137,34.56666666666667,1.0672955513000488,-0.8955927614374947
BH_s08_medium,3,138,34.6,0.49579453468322754,-0.9315932713050159
BH_s08_medium,3,139,34.63333333333333,0.16350829601287842,-0.8603788023406278
BH_s08_medium,3,140,34.666666666666664,0.06593021750450134,-0.6851688634897533
BH_s08_medium,3,141,34.7,0.09908608347177505,-0.4285143188024065
BH_s08_medium,3,142,34.733333333333334,0.16895969212055206,-0.12757079834800963
BH_s08_medium,3,143,34.766666666666666,0.035778772085905075,0.17568679677688465
BH_s08_medium,3,144,34.8,-0.17456169426441193,0.4440453628078731
BH_s08_medium,3,145,34.833333333333336,-0.4276287257671356,0.649150561147824
BH_s08_medium,3,146,34.86666666666667,-0.6550509333610535,0.7708904775876425
BH_s08_medium,3,147,34.9,-0.8339628577232361,0.7984504584352642
BH_s08_medium,3,148,34.93333333333333,-0.9581305384635925,0.7335738028897771
BH_s08_medium,3,149,34.96666666666667,-1.0885320901870728,0.5905043990268786
BH_s08_medium,3,150,35.0,-1.0600007772445679,0.3915101693675079
BH_s08_medium,3,151,35.03333333333333,-0.5435869097709656,0.1616810024114186
BH_s08_medium,3,152,35.06666666666667,0.4715678095817566,-0.0750286149436102
BH_s08_medium,3,153,35.1,1.5929921865463257,-0.2986670077351134
BH_s08_medium,3,154,35.13333333333333,2.1916613578796387,-0.4945893684846069
BH_s08_medium,3,155,35.166666666666664,2.0901448726654053,-0.6521295488005902
BH_s08_medium,3,156,35.2,1.6612881422042847,-0.7619068593048249
BH_s08_medium,3,157,35.233333333333334,1.1021370887756348,-0.8150430690382938
BH_s08_medium,3,158,35.266666666666666,0.6021191477775574,-0.8049580300291883
BH_s08_medium,3,159,35.3,0.3112717270851135,-0.7296392595852339
BH_s08_medium,3,160,35.333333333333336,0.22047442197799683,-0.5928318072202072
BH_s08_medium,3,161,35.36666666666667,0.22047442197799683,-0.4035498973791861
BH_s08_medium,3,162,35.4,0.16574078798294067,-0.17451447350641713
BH_s08_medium,3,163,35.43333333333333,-0.037313733249902725,0.07885743467268232
BH_s08_medium,3,164,35.46666666666667,-0.29048800468444824,0.33872965582254916
BH_s08_medium,3,165,35.5,-0.5464522242546082,0.5856735221920443
BH_s08_medium,3,166,35.53333333333333,-0.7495067715644836,0.800205928749419
BH_s08_medium,3,167,35.56666666666667,-0.8554334044456482,0.9640029375712068
BH_s08_medium,3,168,35.6,-0.9569606781005859,1.0607116892751272
BH_s08_medium,3,169,35.63333333333333,-1.058487892150879,1.077228111701735
BH_s08_medium,3,170,35.666666666666664,-0.9851809144020081,1.0057744152109729
BH_s08_medium,3,171,35.7,-0.2077183872461319,0.846416344282509
BH_s08_medium,3,172,35.733333333333334,0.973375141620636,0.6089134947726716
BH_s08_medium,3,173,35.766666666666666,2.0438005924224854,0.3122913757481112
BH_s08_medium,3,174,35.8,2.4191908836364746,-0.01788541336286757
BH_s08_medium,3,175,35.833333333333336,2.249711513519287,-0.35295082248664844
BH_s08_medium,3,176,35.86666666666667,1.811509132385254,-0.6642970418367427
BH_s08_medium,3,177,35.9,1.30387282371521,-0.9260408123678766
BH_s08_medium,3,178,35.93333333333333,0.8253254294395447,-1.1167446964954053
BH_s08_medium,3,179,35.96666666666667,0.4983177185058594,-1.21954827475062
BH_s08_medium,3,180,36.0,0.34893423318862915,-1.221533420729797
BH_s08_medium,3,181,36.03333333333333,0.29892170429229736,-1.1143654808182266
BH_s08_medium,3,182,36.06666666666667,0.1743144541978836,-0.8970374273025489
BH_s08_medium,3,183,36.1,-0.028740055859088898,-0.5800345233358365
BH_s08_medium,3,184,36.13333333333333,-0.3033848702907562,-0.18889106924937915
BH_s08_medium,3,185,36.166666666666664,-0.5564519166946411,0.23578816637168873
BH_s08_medium,3,186,36.2,-0.7753766775131226,0.6432310883824701
BH_s08_medium,3,187,36.233333333333334,-0.8769039511680603,0.9817495313484023
BH_s08_medium,3,188,36.266666666666666,-0.9784311652183533,1.2095825904605964
BH_s08_medium,3,189,36.3,-1.079958438873291,1.302873816212693
BH_s08_medium,3,190,36.333333333333336,-1.181485652923584,1.2587377649322289
BH_s08_medium,3,191,36.36666666666667,-1.1321830749511719,1.094080803617963
BH_s08_medium,3,192,36.4,-0.4716678261756897,0.8404218717443982
BH_s08_medium,3,193,36.43333333333333,0.6663012504577637,0.5345289187042386
BH_s08_medium,3,194,36.46666666666667,1.8578587770462036,0.2080953498841027
BH_s08_medium,3,195,36.5,2.4391591548919678,-0.11750897683395266
BH_s08_medium,3,196,36.53333333333333,2.377946138381958,-0.42945800008146456
BH_s08_medium,3,197,36.56666666666667,2.0207560062408447,-0.717193996147197
BH_s08_medium,3,198,36.6,1.5131196975708008,-0.9659849386404521
BH_s08_medium,3,199,36.63333333333333,1.0054833889007568,-1.1553579721680343
BH_s08_medium,3,200,36.666666666666664,0.6444717049598694,-1.2631448982760862
BH_s08_medium,3,201,36.7,0.38594263792037964,-1.2714317583796306
BH_s08_medium,3,202,36.733333333333334,0.3304681181907654,-1.171587237617292
BH_s08_medium,3,203,36.766666666666666,0.22894085943698883,-0.967071979121199
BH_s08_medium,3,204,36.8,-0.00719331344589591,-0.6734951946916186
BH_s08_medium,3,205,36.833333333333336,-0.26026034355163574,-0.31618158934822044
BH_s08_medium,3,206,36.86666666666667,-0.513327419757843,0.07367600766650638
BH_s08_medium,3,207,36.9,-0.780869722366333,0.4626358668421482
BH_s08_medium,3,208,36.93333333333333,-0.9324094653129578,0.8178571459029356
BH_s08_medium,3,209,36.96666666666667,-1.0499142408370972,1.1097612231911251
BH_s08_medium,3,210,37.0,-1.1189086437225342,1.3144887826552145
BH_s08_medium,3,211,37.03333333333333,-1.1704233884811401,1.4154422896119
BH_s08_medium,3,212,37.06666666666667,-1.2514665126800537,1.4039961502819138
BH_s08_medium,3,213,37.1,-1.324967622756958,1.28016955596566
BH_s08_medium,3,214,37.13333333333333,-1.2188717126846313,1.0534289160616161
BH_s08_medium,3,215,37.166666666666664,-0.4565730392932892,0.743076552986806
BH_s08_medium,3,216,37.2,0.6807729601860046,0.3769470133938604
BH_s08_medium,3,217,37.233333333333334,1.7875111103057861,-0.013207683099075208
BH_s08_medium,3,218,37.266666666666666,2.229548931121826,-0.3978265960512397
BH_s08_medium,3,219,37.3,2.0694806575775146,-0.7522784398428521
BH_s08_medium,3,220,37.333333333333336,1.6783628463745117,-1.0553839521405606
BH_s08_medium,3,221,37.36666666666667,1.1867350339889526,-1.2870654386348321
BH_s08_medium,3,222,37.4,0.7291112542152405,-1.4280110366430105
BH_s08_medium,3,223,37.43333333333333,0.40052518248558044,-1.4629768058446038
BH_s08_medium,3,224,37.46666666666667,0.26048725843429565,-1.3860209275539972
BH_s08_medium,3,225,37.5,0.21047474443912506,-1.2030499268033936
BH_s08_medium,3,226,37.53333333333333,0.04893529415130615,-0.9301741881883123
BH_s08_medium,3,227,37.56666666666667,-0.10959973931312561,-0.5898571452728312
BH_s08_medium,3,228,37.6,-0.41418150067329407,-0.20737260968188237
BH_s08_medium,3,229,37.63333333333333,-0.6632577180862427,0.19003648660839373
BH_s08_medium,3,230,37.666666666666664,-0.8663122653961182,0.5724981477281604
BH_s08_medium,3,231,37.7,-1.016865611076355,0.9097272453398877
BH_s08_medium,3,232,37.733333333333334,-1.118392825126648,1.1760805882803205
BH_s08_medium,3,233,37.766666666666666,-1.1704233884811401,1.3539294353929983
BH_s08_medium,3,234,37.8,-1.221938133239746,1.4338255239051736
BH_s08_medium,3,235,37.833333333333336,-1.319945216178894,1.4132923412652678
BH_s08_medium,3,236,37.86666666666667,-1.421472430229187,1.295710308165013
BH_s08_medium,3,237,37.9,-1.42799711227417,1.0899881337414459
BH_s08_medium,3,238,37.93333333333333,-0.9280384182929993,0.8105922061199564
BH_s08_medium,3,239,37.96666666666667,0.05864698067307472,0.47654380678344416
BH_s08_medium,3,240,38.0,1.2674449682235718,0.10965107231495069
BH_s08_medium,3,241,38.03333333333333,1.9298683404922485,-0.2661539455485476
BH_s08_medium,3,242,38.06666666666667,1.9515364170074463,-0.6246514327870565
BH_s08_medium,3,243,38.1,1.5765032768249512,-0.938669638640321
BH_s08_medium,3,244,38.13333333333333,1.085906982421875,-1.1831790226508776
BH_s08_medium,3,245,38.166666666666664,0.6097409725189209,-1.3382095083203263
BH_s08_medium,3,246,38.2,0.26356789469718933,-1.3903472507866947
BH_s08_medium,3,247,38.233333333333334,0.14049389958381653,-1.332548570111252
BH_s08_medium,3,248,38.266666666666666,0.1174449548125267,-1.1638074190465904
BH_s08_medium,3,249,38.3,0.04046885669231415,-0.8915240257000606
BH_s08_medium,3,250,38.333333333333336,-0.10897669941186905,-0.5352238007226504
BH_s08_medium,3,251,38.36666666666667,-0.36204373836517334,-0.1263990698440601
BH_s08_medium,3,252,38.4,-0.6456707715988159,0.29649270008723244
BH_s08_medium,3,253,38.43333333333333,-0.8807874917984009,0.6942732118625536
BH_s08_medium,3,254,38.46666666666667,-1.0338294506072998,1.0316171276353265
BH_s08_medium,3,255,38.5,-1.1868715286254883,1.2784135881939227
BH_s08_medium,3,256,38.53333333333333,-1.2368839979171753,1.409596786071314
BH_s08_medium,3,257,38.56666666666667,-1.2868965864181519,1.407758920036829
BH_s08_medium,3,258,38.6,-1.3369090557098389,1.2685159105049995
BH_s08_medium,3,259,38.63333333333333,-1.4384362697601318,1.0041522026282519
BH_s08_medium,3,260,38.666666666666664,-1.5310264825820923,0.6426503524998148
BH_s08_medium,3,261,38.7,-1.3982577323913574,0.22156518148631812
BH_s08_medium,3,262,38.733333333333334,-0.7445613741874695,-0.22048524511031292
BH_s08_medium,3,263,38.766666666666666,0.37666890025138855,-0.6492528901021998
BH_s08_medium,3,264,38.8,1.4743973016738892,-1.035218693170432
BH_s08_medium,3,265,38.833333333333336,1.8675198554992676,-1.350760176548113
BH_s08_medium,3,266,38.86666666666667,1.6631156206130981,-1.567640698264751
BH_s08_medium,3,267,38.9,1.1556317806243896,-1.6589865597556785
BH_s08_medium,3,268,38.93333333333333,0.5964807271957397,-1.6058918903572919
BH_s08_medium,3,269,38.96666666666667,0.18729107081890106,-1.4046482252503123
BH_s08_medium,3,270,39.0,0.020500538870692253,-1.0708536197342888
BH_s08_medium,3,271,39.03333333333333,0.014415483921766281,-0.6377918015223515
BH_s08_medium,3,272,39.06666666666667,0.06593021750450134,-0.14924127897672695
BH_s08_medium,3,273,39.1,-0.026507563889026642,0.3503394667094453
BH_s08_medium,3,274,39.13333333333333,-0.2068765014410019,0.823731361833184
BH_s08_medium,3,275,39.166666666666664,-0.4599435329437256,1.2419123328031358
BH_s08_medium,3,276,39.2,-0.7281088829040527,1.5794080878354484
BH_s08_medium,3,277,39.233333333333334,-0.8962491750717163,1.8113557861530432
BH_s08_medium,3,278,39.266666666666666,-1.0492911338806152,1.915423294565241
BH_s08_medium,3,279,39.3,-1.1189086437225342,1.8766962374665346
BH_s08_medium,3,280,39.333333333333336,-1.1704233884811401,1.6929111512713642
BH_s08_medium,3,281,39.36666666666667,-1.221938133239746,1.377316652867186
BH_s08_medium,3,282,39.4,-1.273452877998352,0.9580717793452452
BH_s08_medium,3,283,39.43333333333333,-1.350868582725525,0.47492415216590167
BH_s08_medium,3,284,39.46666666666667,-1.1758579015731812,-0.02608143806605592
BH_s08_medium,3,285,39.5,-0.4778255522251129,-0.49921054621708216
BH_s08_medium,3,286,39.53333333333333,0.6317504048347473,-0.9053065819332852
BH_s08_medium,3,287,39.56666666666667,1.647587537765503,-1.2153081997313933
BH_s08_medium,3,288,39.6,1.9535855054855347,-1.4108825273787031
BH_s08_medium,3,289,39.63333333333333,1.6814780235290527,-1.4842177706083548
BH_s08_medium,3,290,39.666666666666664,1.1584562063217163,-1.438014158046535
BH_s08_medium,3,291,39.7,0.6146907210350037,-1.2853941744454607
BH_s08_medium,3,292,39.733333333333334,0.18333126604557037,-1.0497329994545406
BH_s08_medium,3,293,39.766666666666666,0.014415483921766281,-0.7646855975334867
BH_s08_medium,3,294,39.8,0.023792117834091187,-0.47245965450311433
BH_s08_medium,3,295,39.833333333333336,0.06593021750450134,-0.21677139491305675
BH_s08_medium,3,296,39.86666666666667,0.00804327242076397,-0.03164431588744991
BH_s08_medium,3,297,39.9,-0.20625345408916473,0.06812081470506356
BH_s08_medium,3,298,39.93333333333333,-0.5074674487113953,0.09074465742310997
BH_s08_medium,3,299,39.96666666666667,-0.7620366811752319,0.06411854051518474
BH_s08_medium,4,0,40.0,-0.9647278189659119,0.11606750715618823
BH_s08_medium,4,1,40.03333333333333,-1.116631031036377,0.7213642866306674
BH_s08_medium,4,2,40.06666666666667,-1.1704233884811401,1.2714243736287394
BH_s08_medium,4,3,40.1,-1.221938133239746,1.7185934571395443
BH_s08_medium,4,4,40.13333333333333,-1.273452877998352,2.0291751829180056
BH_s08_medium,4,5,40.166666666666664,-1.3693346977233887,2.1879161639170728
BH_s08_medium,4,6,40.2,-1.42799711227417,2.194765163016079
BH_s08_medium,4,7,40.233333333333334,-1.1181544065475464,2.0604753194080927
BH_s08_medium,4,8,40.266666666666666,-0.17695097625255585,1.8039092642113772
BH_s08_medium,4,9,40.3,1.0797343254089355,1.4494826077322598
BH_s08_medium,4,10,40.333333333333336,2.075423240661621,1.024669850985457
BH_s08_medium,4,11,40.36666666666667,2.332578420639038,0.559127652983388
BH_s08_medium,4,12,40.4,2.0087764263153076,0.08497568396463186
BH_s08_medium,4,13,40.43333333333333,1.4687907695770264,-0.36407633118311117
BH_s08_medium,4,14,40.46666666666667,0.8904743790626526,-0.755558510150926
BH_s08_medium,4,15,40.5,0.4930427074432373,-1.0620483971173422
BH_s08_medium,4,16,40.53333333333333,0.2719891667366028,-1.2646758708064918
BH_s08_medium,4,17,40.56666666666667,0.24681495130062103,-1.3550032852337197
BH_s08_medium,4,18,40.6,0.24715083837509155,-1.3348638283690422
BH_s08_medium,4,19,40.63333333333333,0.12228746712207794,-1.2147036259643271
BH_s08_medium,4,20,40.666666666666664,-0.08076705038547516,-1.0115176359972051
BH_s08_medium,4,21,40.7,-0.37599968910217285,-0.7477345865241689
BH_s08_medium,4,22,40.733333333333334,-0.6602497696876526,-0.4507890932066845
BH_s08_medium,4,23,40.766666666666666,-0.8959895372390747,-0.15162481470353736
BH_s08_medium,4,24,40.8,-1.0832189321517944,0.1187974694388242
BH_s08_medium,4,25,40.833333333333336,-1.184746265411377,0.33472862869151127
BH_s08_medium,4,26,40.86666666666667,-1.28627347946167,0.480858927048699
BH_s08_medium,4,27,40.9,-1.3878008127212524,0.5546605740260173
BH_s08_medium,4,28,40.93333333333333,-1.4795118570327759,0.5647232763625513
BH_s08_medium,4,29,40.96666666666667,-1.3947410583496094,0.5259886397936243
BH_s08_medium,4,30,41.0,-0.7864052057266235,0.4541647439868377
BH_s08_medium,4,31,41.03333333333333,0.3410137891769409,0.3624652145337632
BH_s08_medium,4,32,41.06666666666667,1.5903165340423584,0.2612554502872443
BH_s08_medium,4,33,41.1,2.1265196800231934,0.15859047718386404
BH_s08_medium,4,34,41.13333333333333,1.9679605960845947,0.060440499991065336
BH_s08_medium,4,35,41.166666666666664,1.4095088243484497,-0.029430688162174548
BH_s08_medium,4,36,41.2,0.8003453016281128,-0.10931318724613115
BH_s08_medium,4,37,41.233333333333334,0.2905075252056122,-0.17805932827035037
BH_s08_medium,4,38,41.266666666666666,0.024827254936099052,-0.23298730421871733
BH_s08_medium,4,39,41.3,-0.03709924966096878,-0.2695534809931967
BH_s08_medium,4,40,41.333333333333336,0.014415483921766281,-0.2829019473811513
BH_s08_medium,4,41,41.36666666666667,-0.027386734262108803,-0.2691206053002615
BH_s08_medium,4,42,41.4,-0.15799927711486816,-0.22583437973834788
BH_s08_medium,4,43,41.43333333333333,-0.41106632351875305,-0.15362699500595958
BH_s08_medium,4,44,41.46666666666667,-0.7156481146812439,-0.05834127646822377
BH_s08_medium,4,45,41.5,-0.9844364523887634,0.04722947885334336
BH_s08_medium,4,46,41.53333333333333,-1.1359763145446777,0.14422274679715089
BH_s08_medium,4,47,41.56666666666667,-1.2547271251678467,0.21304478638407032
BH_s08_medium,4,48,41.6,-1.3047395944595337,0.2409087789321378
BH_s08_medium,4,49,41.63333333333333,-1.3547521829605103,0.2256603535612686
BH_s08_medium,4,50,41.666666666666664,-1.42799711227417,0.17411372395543567
BH_s08_medium,4,51,41.7,-1.452731728553772,0.09765781120990472
BH_s08_medium,4,52,41.733333333333334,-1.0197148323059082,0.00806389290170461
BH_s08_medium,4,53,41.766666666666666,-0.03314027562737465,-0.08414879537958854
BH_s08_medium,4,54,41.8,1.13517427444458,-0.16908630527133026
BH_s08_medium,4,55,41.833333333333336,1.9312597513198853,-0.2373666279536738
BH_s08_medium,4,56,41.86666666666667,1.9141682386398315,-0.2810284654272549
BH_s08_medium,4,57,41.9,1.453256368637085,-0.2935570557068769
BH_s08_medium,4,58,41.93333333333333,0.844092845916748,-0.2692583203725579
BH_s08_medium,4,59,41.96666666666667,0.30120646953582764,-0.20428363813153108
BH_s08_medium,4,60,42.0,-0.03709924966096878,-0.09926281903660328
BH_s08_medium,4,61,42.03333333333333,-0.03709924966096878,0.03887646568717956
BH_s08_medium,4,62,42.06666666666667,0.024671286344528198,0.1969036551704191
BH_s08_medium,4,63,42.1,0.06593021750450134,0.3564419870447294
BH_s08_medium,4,64,42.13333333333333,-0.04435063153505325,0.49600517312928566
BH_s08_medium,4,65,42.166666666666664,-0.26040568947792053,0.5940531868023273
BH_s08_medium,4,66,42.2,-0.5607405304908752,0.632418241394518
BH_s08_medium,4,67,42.233333333333334,-0.81256502866745,0.598742664052456
BH_s08_medium,4,68,42.266666666666666,-0.9656069874763489,0.48779993024947443
BH_s08_medium,4,69,42.3,-1.0671342611312866,0.3027340717277121
BH_s08_medium,4,70,42.333333333333336,-1.1189086437225342,0.05675517153054669
BH_s08_medium,4,71,42.36666666666667,-1.2186740636825562,-0.22491210482629273
BH_s08_medium,4,72,42.4,-1.273452877998352,-0.505542781484159
BH_s08_medium,4,73,42.43333333333333,-0.8926775455474854,-0.7443328843151947
BH_s08_medium,4,74,42.46666666666667,0.03973774611949921,-0.9078051348292338
BH_s08_medium,4,75,42.5,1.2847652435302734,-0.9755278092512362
BH_s08_medium,4,76,42.53333333333333,2.1133835315704346,-0.9388072757030769
BH_s08_medium,4,77,42.56666666666667,2.2025890350341797,-0.7995237440967572
BH_s08_medium,4,78,42.6,1.7832995653152466,-0.5714299745177863
BH_s08_medium,4,79,42.63333333333333,1.187915563583374,-0.2806813960903247
BH_s08_medium,4,80,42.666666666666664,0.6134827136993408,0.036649124226364085
BH_s08_medium,4,81,42.7,0.22381825745105743,0.3406272816018481
BH_s08_medium,4,82,42.733333333333334,0.1174449548125267,0.5953869256165562
BH_s08_medium,4,83,42.766666666666666,0.19918380677700043,0.7752654769594406
BH_s08_medium,4,84,42.8,0.2719891667366028,0.86772017802829
BH_s08_medium,4,85,42.833333333333336,0.11452028900384903,0.8740267397730384
BH_s08_medium,4,86,42.86666666666667,-0.08853422850370407,0.8077666258718911
BH_s08_medium,4,87,42.9,-0.3673187494277954,0.6900899112465478
BH_s08_medium,4,88,42.93333333333333,-0.649187445640564,0.5426875044538394
BH_s08_medium,4,89,42.96666666666667,-0.8007272481918335,0.3812885591859649
BH_s08_medium,4,90,43.0,-0.9325583577156067,0.21252710273510525
BH_s08_medium,4,91,43.03333333333333,-1.0340856313705444,0.0364298047092779
BH_s08_medium,4,92,43.06666666666667,-1.1189086437225342,-0.14723485550932383
BH_s08_medium,4,93,43.1,-1.0733026266098022,-0.3340761247757541
BH_s08_medium,4,94,43.13333333333333,-0.5182780027389526,-0.5139398768879524
BH_s08_medium,4,95,43.166666666666664,0.6366168856620789,-0.6722301761391662
BH_s08_medium,4,96,43.2,1.8728703260421753,-0.7923764355951917
BH_s08_medium,4,97,43.233333333333334,2.547830581665039,-0.8584710627209566
BH_s08_medium,4,98,43.266666666666666,2.4563589096069336,-0.8579454731005753
BH_s08_medium,4,99,43.3,1.9925463199615479,-0.7849125395731434
BH_s08_medium,4,100,43.333333333333336,1.428708791732788,-0.6428010012136617
BH_s08_medium,4,101,43.36666666666667,0.8742442727088928,-0.44319692563304264
BH_s08_medium,4,102,43.4,0.47468385100364685,-0.20163034882539818
BH_s08_medium,4,103,43.43333333333333,0.32350388169288635,0.06531742725382861
BH_s08_medium,4,104,43.46666666666667,0.32350388169288635,0.3399600022491303
BH_s08_medium,4,105,43.5,0.2748136520385742,0.6020340283421831
BH_s08_medium,4,106,43.53333333333333,0.07891036570072174,0.8280065553358308
BH_s08_medium,4,107,43.56666666666667,-0.17415668070316315,0.9933969349719005
BH_s08_medium,4,108,43.6,-0.4787384569644928,1.0782853018151337
BH_s08_medium,4,109,43.63333333333333,-0.7406388521194458,1.07395997211739
BH_s08_medium,4,110,43.666666666666664,-0.9436933398246765,0.9863329170203236
BH_s08_medium,4,111,43.7,-1.0555561780929565,0.8305530496842973
BH_s08_medium,4,112,43.733333333333334,-1.1055686473846436,0.620393336780243
BH_s08_medium,4,113,43.766666666666666,-1.207095980644226,0.3642288033147523
BH_s08_medium,4,114,43.8,-1.273452877998352,0.0702711475299843
BH_s08_medium,4,115,43.833333333333336,-0.9684146642684937,-0.24611406589894347
BH_s08_medium,4,116,43.86666666666667,-0.04387730732560158,-0.559019579004703
BH_s08_medium,4,117,43.9,1.2679431438446045,-0.835790726610414
BH_s08_medium,4,118,43.93333333333333,2.3306500911712646,-1.0458615275095875
BH_s08_medium,4,119,43.96666666666667,2.6140077114105225,-1.1676427163400875
BH_s08_medium,4,120,44.0,2.330979585647583,-1.1908422052838208
BH_s08_medium,4,121,44.03333333333333,1.848701000213623,-1.1165024637016767
BH_s08_medium,4,122,44.06666666666667,1.2895500659942627,-0.9559262704781498
BH_s08_medium,4,123,44.1,0.803564190864563,-0.7281668587648046
BH_s08_medium,4,124,44.13333333333333,0.4377516210079193,-0.45638322752188154
BH_s08_medium,4,125,44.166666666666664,0.32350388169288635,-0.16401201939858365
BH_s08_medium,4,126,44.2,0.2719891667366028,0.12819890292448424
BH_s08_medium,4,127,44.233333333333334,0.13767647743225098,0.4033239357780297
BH_s08_medium,4,128,44.266666666666666,-0.06537803262472153,0.6473981503292046
BH_s08_medium,4,129,44.3,-0.3325844705104828,0.8472280907399006
BH_s08_medium,4,130,44.333333333333336,-0.6371662616729736,0.9886485091632956
BH_s08_medium,4,131,44.36666666666667,-0.8806005120277405,1.0576520886082812
BH_s08_medium,4,132,44.4,-1.0755244493484497,1.0440303526983208
BH_s08_medium,4,133,44.43333333333333,-1.1704233884811401,0.944453036587612
BH_s08_medium,4,134,44.46666666666667,-1.221938133239746,0.763642119960929
BH_s08_medium,4,135,44.5,-1.2770768404006958,0.5143176167065108
BH_s08_medium,4,136,44.53333333333333,-1.376482367515564,0.21617395959254593
BH_s08_medium,4,137,44.56666666666667,-1.2182210683822632,-0.10636307268355859
BH_s08_medium,4,138,44.6,-0.4065294861793518,-0.4268318234882503
BH_s08_medium,4,139,44.63333333333333,0.8567770719528198,-0.7182575716602011
BH_s08_medium,4,140,44.666666666666664,2.083761215209961,-0.9541871976733609
BH_s08_medium,4,141,44.7,2.6254990100860596,-1.111950992842627
BH_s08_medium,4,142,44.733333333333334,2.456282615661621,-1.1771637714541492
BH_s08_medium,4,143,44.766666666666666,2.0055503845214844,-1.1449607827676094
BH_s08_medium,4,144,44.8,1.4547932147979736,-1.0176820445884458
BH_s08_medium,4,145,44.833333333333336,0.9471568465232849,-0.8029852744737901
BH_s08_medium,4,146,44.86666666666667,0.5296496748924255,-0.514030886026399
BH_s08_medium,4,147,44.9,0.33790647983551025,-0.17059687532160758
BH_s08_medium,4,148,44.93333333333333,0.32350388169288635,0.20060743689953214
BH_s08_medium,4,149,44.96666666666667,0.23788143694400787,0.5682473260070546
BH_s08_medium,4,150,45.0,0.01962844841182232,0.9007514419261701
BH_s08_medium,4,151,45.03333333333333,-0.23343859612941742,1.169979943538903
BH_s08_medium,4,152,45.06666666666667,-0.5380203723907471,1.3535721751268088
BH_s08_medium,4,153,45.1,-0.8145032525062561,1.437616202058686
BH_s08_medium,4,154,45.13333333333333,-1.0175577402114868,1.418520243615609
BH_s08_medium,4,155,45.166666666666664,-1.14400315284729,1.3004622879855163
BH_s08_medium,4,156,45.2,-1.194015622138977,1.090266638436646
BH_s08_medium,4,157,45.233333333333334,-1.2440282106399536,0.7965575709943972
BH_s08_medium,4,158,45.266666666666666,-1.3455554246902466,0.4339841765977325
BH_s08_medium,4,159,45.3,-1.376482367515564,0.027025475975474646
BH_s08_medium,4,160,45.333333333333336,-1.1164377927780151,-0.3906124177381444
BH_s08_medium,4,161,45.36666666666667,-0.2047281265258789,-0.7823854149320326
BH_s08_medium,4,162,45.4,1.0796927213668823,-1.1173548167670395
BH_s08_medium,4,163,45.43333333333333,2.153465509414673,-1.372784704951036
BH_s08_medium,4,164,45.46666666666667,2.412458896636963,-1.5309043317224946
BH_s08_medium,4,165,45.5,2.1276726722717285,-1.5776502214255699
BH_s08_medium,4,166,45.53333333333333,1.5599514245986938,-1.5058566351536078
BH_s08_medium,4,167,45.56666666666667,1.0093705654144287,-1.3192822442533008
BH_s08_medium,4,168,45.6,0.5128656625747681,-1.0343104185681127
BH_s08_medium,4,169,45.63333333333333,0.2679256498813629,-0.6774570817483545
BH_s08_medium,4,170,45.666666666666664,0.22047442197799683,-0.27973737839889273
BH_s08_medium,4,171,45.7,0.16895969212055206,0.12837648970742288
BH_s08_medium,4,172,45.733333333333334,0.06681646406650543,0.519124167576163
BH_s08_medium,4,173,45.766666666666666,-0.13623805344104767,0.8664476521265346
BH_s08_medium,4,174,45.8,-0.4388744831085205,1.1441456950558166
BH_s08_medium,4,175,45.833333333333336,-0.743456244468689,1.3274905393288698
BH_s08_medium,4,176,45.86666666666667,-0.9514605402946472,1.3982719615712373
BH_s08_medium,4,177,45.9,-1.1109545230865479,1.3488582705760626
BH_s08_medium,4,178,45.93333333333333,-1.221938133239746,1.183314655519667
BH_s08_medium,4,179,45.96666666666667,-1.3140089511871338,0.9165250886292067
BH_s08_medium,4,180,46.0,-1.3640215396881104,0.572354443083766
BH_s08_medium,4,181,46.03333333333333,-1.4140340089797974,0.18167163094787722
BH_s08_medium,4,182,46.06666666666667,-1.4795118570327759,-0.22011246228180914
BH_s08_medium,4,183,46.1,-1.2552605867385864,-0.5973111769974458
BH_s08_medium,4,184,46.13333333333333,-0.34329482913017273,-0.9189182936127499
BH_s08_medium,4,185,46.166666666666664,0.8881054520606995,-1.1608919710473682
BH_s08_medium,4,186,46.2,1.924686312675476,-1.3051663301059742
BH_s08_medium,4,187,46.233333333333334,2.149495840072632,-1.33767234250721
BH_s08_medium,4,188,46.266666666666666,1.785279393196106,-1.2481679267097623
BH_s08_medium,4,189,46.3,1.2005943059921265,-1.0343925808771397
BH_s08_medium,4,190,46.333333333333336,0.6154626607894897,-0.7085586704534231
BH_s08_medium,4,191,46.36666666666667,0.20440031588077545,-0.3001364158947465
BH_s08_medium,4,192,46.4,0.04490281268954277,0.14773976954598383
BH_s08_medium,4,193,46.43333333333333,0.08545541018247604,0.5868221102828315
BH_s08_medium,4,194,46.46666666666667,0.09942197054624557,0.9734925319618193
BH_s08_medium,4,195,46.5,-0.0021052889060229063,1.2744348870801177
BH_s08_medium,4,196,46.53333333333333,-0.18518440425395966,1.4674704057720394
BH_s08_medium,4,197,46.56666666666667,-0.4897661805152893,1.5412864631278451
BH_s08_medium,4,198,46.6,-0.7823337912559509,1.4952403173392645
BH_s08_medium,4,199,46.63333333333333,-0.9853883385658264,1.3375220523835887
BH_s08_medium,4,200,46.666666666666664,-1.1369280815124512,1.0822652418998087
BH_s08_medium,4,201,46.7,-1.2294456958770752,0.7484061325874635
BH_s08_medium,4,202,46.733333333333334,-1.2794581651687622,0.36002885732591505
BH_s08_medium,4,203,46.766666666666666,-1.3809853792190552,-0.05499631780941472
BH_s08_medium,4,204,46.8,-1.4309979677200317,-0.46832083642925115
BH_s08_medium,4,205,46.833333333333336,-1.4220024347305298,-0.8535332034327607
BH_s08_medium,4,206,46.86666666666667,-0.8613597750663757,-1.1866916126088751
BH_s08_medium,4,207,46.9,0.25392016768455505,-1.4460683458737937
BH_s08_medium,4,208,46.93333333333333,1.5237619876861572,-1.6121929707633236
BH_s08_medium,4,209,46.96666666666667,2.1129889488220215,-1.6689561513626874
BH_s08_medium,4,210,47.0,1.990012526512146,-1.6059442199273324
BH_s08_medium,4,211,47.03333333333333,1.4504008293151855,-1.42149105797801
BH_s08_medium,4,212,47.06666666666667,0.7987393736839294,-1.1252897507355308
BH_s08_medium,4,213,47.1,0.27306947112083435,-0.7389938025972294
BH_s08_medium,4,214,47.13333333333333,-0.013056806288659573,-0.2942501259194493
BH_s08_medium,4,215,47.166666666666664,-0.03709924966096878,0.17124138080595688
BH_s08_medium,4,216,47.2,0.05090457573533058,0.6182957913428502
BH_s08_medium,4,217,47.233333333333334,0.030943337827920914,1.0096164619656116
BH_s08_medium,4,218,47.266666666666666,-0.10406859219074249,1.31206560931652
BH_s08_medium,4,219,47.3,-0.39062029123306274,1.4996720016079736
BH_s08_medium,4,220,47.333333333333336,-0.6952020525932312,1.5573776123058831
BH_s08_medium,4,221,47.36666666666667,-0.919291079044342,1.4835631715317135
BH_s08_medium,4,222,47.4,-1.0948697328567505,1.2900012047070295
BH_s08_medium,4,223,47.43333333333333,-1.196397066116333,0.9988268529409388
BH_s08_medium,4,224,47.46666666666667,-1.297924280166626,0.6379268197138901
BH_s08_medium,4,225,47.5,-1.347936749458313,0.23763937712359937
BH_s08_medium,4,226,47.53333333333333,-1.42799711227417,-0.17046400261642777
BH_s08_medium,4,227,47.56666666666667,-1.4795118570327759,-0.5541808585045196
BH_s08_medium,4,228,47.6,-1.1957296133041382,-0.8822002586088632
BH_s08_medium,4,229,47.63333333333333,-0.2626531720161438,-1.1276479915156843
BH_s08_medium,4,230,47.666666666666664,1.0396071672439575,-1.2721070418969873
BH_s08_medium,4,231,47.7,2.144784450531006,-1.306282342272155
BH_s08_medium,4,232,47.733333333333334,2.3591856956481934,-1.228098344858803
BH_s08_medium,4,233,47.766666666666666,2.009295701980591,-1.0433601569919189
BH_s08_medium,4,234,47.8,1.348617434501648,-0.7687115328317159
BH_s08_medium,4,235,47.833333333333336,0.739453911781311,-0.43127968378473047
BH_s08_medium,4,236,47.86666666666667,0.252654492855072,-0.06379257705809965
BH_s08_medium,4,237,47.9,0.06593021750450134,0.30124533107335727
BH_s08_medium,4,238,47.93333333333333,0.12088541686534882,0.6356742366237411
BH_s08_medium,4,239,47.96666666666667,0.16895969212055206,0.9170013762736124
BH_s08_medium,4,240,48.0,0.1161368191242218,1.1279015769080647
BH_s08_medium,4,241,48.03333333333333,-0.08754781633615494,1.2565812063718642
BH_s08_medium,4,242,48.06666666666667,-0.44151198863983154,1.29778717232706
BH_s08_medium,4,243,48.1,-0.74609375,1.2514173379817664
BH_s08_medium,4,244,48.13333333333333,-0.9532188773155212,1.1196025747541891
BH_s08_medium,4,245,48.166666666666664,-1.156273365020752,0.9068379826739347
BH_s08_medium,4,246,48.2,-1.2648756504058838,0.6231897859963536
BH_s08_medium,4,247,48.233333333333334,-1.3148881196975708,0.28603390572171655
BH_s08_medium,4,248,48.266666666666666,-1.3649007081985474,-0.08122658315701928
BH_s08_medium,4,249,48.3,-1.4664279222488403,-0.4516162194407986
BH_s08_medium,4,250,48.333333333333336,-1.4056544303894043,-0.797276851150539
BH_s08_medium,4,251,48.36666666666667,-0.6970409750938416,-1.092575091199056
BH_s08_medium,4,252,48.4,0.5408698320388794,-1.3168124920692024
BH_s08_medium,4,253,48.43333333333333,1.8649852275848389,-1.454862045109853
BH_s08_medium,4,254,48.46666666666667,2.4974477291107178,-1.4960724367897142
BH_s08_medium,4,255,48.5,2.3179373741149902,-1.4336782620585597
BH_s08_medium,4,256,48.53333333333333,1.752968192100525,-1.2661851774793416
BH_s08_medium,4,257,48.56666666666667,1.092289924621582,-1.0009838818563728
BH_s08_medium,4,258,48.6,0.5329483151435852,-0.657630090006582
BH_s08_medium,4,259,48.63333333333333,0.22517158091068268,-0.26607128665613117
BH_s08_medium,4,260,48.666666666666664,0.16895969212055206,0.13984621319233345
BH_s08_medium,4,261,48.7,0.22047442197799683,0.5282426068565909
BH_s08_medium,4,262,48.733333333333334,0.2015722692012787,0.8717652714408488
BH_s08_medium,4,263,48.766666666666666,0.031130332499742508,1.1474542391591915
BH_s08_medium,4,264,48.8,-0.23933665454387665,1.335962397627362
BH_s08_medium,4,265,48.833333333333336,-0.5810376405715942,1.4229764416506065
BH_s08_medium,4,266,48.86666666666667,-0.8356068730354309,1.4024835048816529
BH_s08_medium,4,267,48.9,-1.0386613607406616,1.2783936846913655
BH_s08_medium,4,268,48.93333333333333,-1.1803122758865356,1.0633554358551813
BH_s08_medium,4,269,48.96666666666667,-1.2818394899368286,0.7762349350708801
BH_s08_medium,4,270,49.0,-1.3318520784378052,0.43971337433959196
BH_s08_medium,4,271,49.03333333333333,-1.4333792924880981,0.0790733126850764
BH_s08_medium,4,272,49.06666666666667,-1.4163569211959839,-0.27808010587466503
BH_s08_medium,4,273,49.1,-0.8890713453292847,-0.6026214976807427
BH_s08_medium,4,274,49.13333333333333,0.23273324966430664,-0.866131035394477
BH_s08_medium,4,275,49.166666666666664,1.603226661682129,-1.0445770034637958
BH_s08_medium,4,276,49.2,2.3734493255615234,-1.1225586073072078
BH_s08_medium,4,277,49.233333333333334,2.291956663131714,-1.0964159245277219
BH_s08_medium,4,278,49.266666666666666,1.7452009916305542,-0.9750727209691729
BH_s08_medium,4,279,49.3,1.091158151626587,-0.7782623043576467
BH_s08_medium,4,280,49.333333333333336,0.5187362432479858,-0.5325337816850679
BH_s08_medium,4,281,49.36666666666667,0.18823936581611633,-0.2661355132396673
BH_s08_medium,4,282,49.4,0.15781763195991516,-0.004461164184143386
BH_s08_medium,4,283,49.43333333333333,0.2593449056148529,0.2319846994471702
BH_s08_medium,4,284,49.46666666666667,0.2719891667366028,0.42718463398293793
BH_s08_medium,4,285,49.5,0.11287626624107361,0.5687882402772144
BH_s08_medium,4,286,49.53333333333333,-0.14019078016281128,0.6482331739553449
BH_s08_medium,4,287,49.56666666666667,-0.44477254152297974,0.6621200082749286
BH_s08_medium,4,288,49.6,-0.7179949283599854,0.6136423127595553
BH_s08_medium,4,289,49.63333333333333,-0.9427069425582886,0.5116993654855051
BH_s08_medium,4,290,49.666666666666664,-1.0725891590118408,0.3683162677735445
BH_s08_medium,4,291,49.7,-1.145761489868164,0.19782666568105692
BH_s08_medium,4,292,49.733333333333334,-1.247288703918457,0.018182994790081897
BH_s08_medium,4,293,49.766666666666666,-1.324967622756958,-0.14842851129088405
BH_s08_medium,4,294,49.8,-1.1617220640182495,-0.27807065608289483
BH_s08_medium,4,295,49.833333333333336,-0.37447789311408997,-0.35187203335771483
BH_s08_medium,4,296,49.86666666666667,0.8325201869010925,-0.36363677262079247
BH_s08_medium,4,297,49.9,2.011662244796753,-0.3207702514343808
BH_s08_medium,4,298,49.93333333333333,2.43560791015625,-0.2384197303269343
BH_s08_medium,4,299,49.96666666666667,2.1553735733032227,-0.1340943559495209
