recording_id,measurement_id,sample_index,time_seconds,gt_signal,predicted_signal
BH_s24_medium,0,0,0.0,-0.7516407370567322,0.04926251115556574
BH_s24_medium,0,1,0.03333333333333333,-0.7516407370567322,-2.6720611234853706
BH_s24_medium,0,2,0.06666666666666667,-0.8147083520889282,-4.9549470578644454
BH_s24_medium,0,3,0.1,-0.877776026725769,-6.470239952305763
BH_s24_medium,0,4,0.13333333333333333,-0.877776026725769,-7.079509838130893
BH_s24_medium,0,5,0.16666666666666666,-0.9408436417579651,-6.853312426711823
BH_s24_medium,0,6,0.2,-0.9408436417579651,-6.022276557628167
BH_s24_medium,0,7,0.23333333333333334,-1.0029922723770142,-4.886901010803668
BH_s24_medium,0,8,0.26666666666666666,-0.878826379776001,-3.7255773302460713
BH_s24_medium,0,9,0.3,-0.3160753846168518,-2.7318216859185345
BH_s24_medium,0,10,0.3333333333333333,0.4387670159339905,-1.992686208728613
BH_s24_medium,0,11,0.36666666666666664,1.2578586339950562,-1.5024462797765537
BH_s24_medium,0,12,0.4,1.7048465013504028,-1.1960738267937785
BH_s24_medium,0,13,0.43333333333333335,1.7710652351379395,-0.9863124935528255
BH_s24_medium,0,14,0.4666666666666667,1.7098356485366821,-0.7929893697911438
BH_s24_medium,0,15,0.5,1.6468993425369263,-0.5598573440934653
BH_s24_medium,0,16,0.5333333333333333,1.5208953619003296,-0.2598916452675406
BH_s24_medium,0,17,0.5666666666666667,1.2709879875183105,0.10708030608911359
BH_s24_medium,0,18,0.6,0.9559123516082764,0.5204015211743985
BH_s24_medium,0,19,0.6333333333333333,0.7644774317741394,0.9458306978004963
BH_s24_medium,0,20,0.6666666666666666,0.6384734511375427,1.3432836026109816
BH_s24_medium,0,21,0.7,0.5124694108963013,1.6748873142986491
BH_s24_medium,0,22,0.7333333333333333,0.32339778542518616,1.9123847994287948
BH_s24_medium,0,23,0.7666666666666667,0.13734586536884308,2.0420982209572136
BH_s24_medium,0,24,0.8,0.008322115056216717,2.066049929032998
BH_s24_medium,0,25,0.8333333333333334,-0.11768189072608948,1.999277713709283
BH_s24_medium,0,26,0.8666666666666667,-0.306753545999527,1.8648440633995185
BH_s24_medium,0,27,0.9,-0.43275755643844604,1.688584216020801
BH_s24_medium,0,28,0.9333333333333333,-0.4956938922405243,1.4949924665717447
BH_s24_medium,0,29,0.9666666666666667,-0.5624377727508545,1.3045485571166329
BH_s24_medium,0,30,1.0,-0.6255053877830505,1.1320854773844147
BH_s24_medium,0,31,1.0333333333333334,-0.6885730624198914,0.9855538238349498
BH_s24_medium,0,32,1.0666666666666667,-0.7474393248558044,0.8646061164973942
BH_s24_medium,0,33,1.1,-0.8103756904602051,0.7591227146690027
BH_s24_medium,0,34,1.1333333333333333,-0.8147083520889282,0.6490643577363508
BH_s24_medium,0,35,1.1666666666666667,-0.8731807470321655,0.5077185875645899
BH_s24_medium,0,36,1.2,-0.9361171126365662,0.3094722894410964
BH_s24_medium,0,37,1.2333333333333334,-0.7613564133644104,0.04096309849071758
BH_s24_medium,0,38,1.2666666666666666,-0.15089912712574005,-0.28808297812370715
BH_s24_medium,0,39,1.3,0.54205721616745,-0.6397356958515836
BH_s24_medium,0,40,1.3333333333333333,1.182449460029602,-0.9534447992579419
BH_s24_medium,0,41,1.3666666666666667,1.4503439664840698,-1.1632126820870452
BH_s24_medium,0,42,1.4,1.392659306526184,-1.2204918322460798
BH_s24_medium,0,43,1.4333333333333333,1.214747667312622,-1.112821937547572
BH_s24_medium,0,44,1.4666666666666666,1.08309805393219,-0.8705396702270853
BH_s24_medium,0,45,1.5,0.8368669152259827,-0.5596858182555063
BH_s24_medium,0,46,1.5333333333333334,0.5848588943481445,-0.26385800759536704
BH_s24_medium,0,47,1.5666666666666667,0.3959185481071472,-0.060488836592032864
BH_s24_medium,0,48,1.6,0.32681140303611755,0.0013394714913524501
BH_s24_medium,0,49,1.6333333333333333,0.2574416697025299,-0.08540884862561063
BH_s24_medium,0,50,1.6666666666666667,0.13787104189395905,-0.2848205504101397
BH_s24_medium,0,51,1.7,0.011867037974298,-0.5300749586273936
BH_s24_medium,0,52,1.7333333333333334,-0.17037735879421234,-0.7445225688057879
BH_s24_medium,0,53,1.7666666666666666,-0.3032086193561554,-0.8649299435460791
BH_s24_medium,0,54,1.8,-0.42921262979507446,-0.8590055480917707
BH_s24_medium,0,55,1.8333333333333333,-0.5552166104316711,-0.731370309185795
BH_s24_medium,0,56,1.8666666666666667,-0.6812206506729126,-0.5170390698698162
BH_s24_medium,0,57,1.9,-0.7441569566726685,-0.2664609395359147
BH_s24_medium,0,58,1.9333333333333333,-0.8070933222770691,-0.028470703048543006
BH_s24_medium,0,59,1.9666666666666666,-0.8147083520889282,0.16305354138788009
BH_s24_medium,0,60,2.0,-0.877776026725769,0.29525367240144507
BH_s24_medium,0,61,2.033333333333333,-0.9328347444534302,0.3744158943196238
BH_s24_medium,0,62,2.066666666666667,-0.9408436417579651,0.41826523858436887
BH_s24_medium,0,63,2.1,-0.831251323223114,0.4462243864111037
BH_s24_medium,0,64,2.1333333333333333,-0.28911343216896057,0.47146795122449126
BH_s24_medium,0,65,2.1666666666666665,0.39544016122817993,0.49720581943208997
BH_s24_medium,0,66,2.2,1.0426596403121948,0.5175908223901137
BH_s24_medium,0,67,2.2333333333333334,1.3207950592041016,0.5220015226788453
BH_s24_medium,0,68,2.2666666666666666,1.2754520177841187,0.5007478260911351
BH_s24_medium,0,69,2.3,1.149448037147522,0.45003856457399893
BH_s24_medium,0,70,2.3333333333333335,1.0234439373016357,0.3740533911588843
BH_s24_medium,0,71,2.3666666666666667,0.8436941504478455,0.2830695052421772
BH_s24_medium,0,72,2.4,0.5916861891746521,0.18900621289962685
BH_s24_medium,0,73,2.433333333333333,0.4027458131313324,0.10134645817137053
BH_s24_medium,0,74,2.466666666666667,0.2671573758125305,0.02547984251337787
BH_s24_medium,0,75,2.5,0.19437402486801147,-0.03657144522316458
BH_s24_medium,0,76,2.533333333333333,0.0782170221209526,-0.08428010947061193
BH_s24_medium,0,77,2.566666666666667,0.015280668623745441,-0.11695037987624146
BH_s24_medium,0,78,2.6,-0.17379099130630493,-0.13328241880988204
BH_s24_medium,0,79,2.6333333333333333,-0.299795001745224,-0.13246436422029204
BH_s24_medium,0,80,2.6666666666666665,-0.4888666272163391,-0.11606282700351321
BH_s24_medium,0,81,2.7,-0.5518029928207397,-0.08930034946257832
BH_s24_medium,0,82,2.7333333333333334,-0.6778069734573364,-0.0605600638316551
BH_s24_medium,0,83,2.7666666666666666,-0.7407433390617371,-0.039003764932575395
BH_s24_medium,0,84,2.8,-0.7516407370567322,-0.03138286239034729
BH_s24_medium,0,85,2.8333333333333335,-0.8147083520889282,-0.039710007279645056
BH_s24_medium,0,86,2.8666666666666667,-0.877776026725769,-0.06102439781865403
BH_s24_medium,0,87,2.9,-0.9294211268424988,-0.08927138548560179
BH_s24_medium,0,88,2.933333333333333,-0.9408436417579651,-0.1180793589971741
BH_s24_medium,0,89,2.966666666666667,-0.9408436417579651,-0.14287341348169852
BH_s24_medium,0,90,3.0,-1.0039112567901611,-0.16159027237241033
BH_s24_medium,0,91,3.033333333333333,-1.0039112567901611,-0.1743133702012673
BH_s24_medium,0,92,3.066666666666667,-0.8388663530349731,-0.182460939419477
BH_s24_medium,0,93,3.1,-0.308150976896286,-0.18790368626845538
BH_s24_medium,0,94,3.1333333333333333,0.4233211576938629,-0.192153194532025
BH_s24_medium,0,95,3.1666666666666665,1.2041596174240112,-0.19567813444660284
BH_s24_medium,0,96,3.2,1.5061904191970825,-0.19739138251436777
BH_s24_medium,0,97,3.2333333333333334,1.5187946557998657,-0.19446016435335778
BH_s24_medium,0,98,3.2666666666666666,1.4055261611938477,-0.18275583926350333
BH_s24_medium,0,99,3.3,1.3425897359848022,-0.1580890563167672
BH_s24_medium,0,100,3.3333333333333335,1.1666474342346191,-0.11777568859654033
BH_s24_medium,0,101,3.3666666666666667,0.9777070879936218,-0.06175086886849325
BH_s24_medium,0,102,3.4,0.7256990671157837,0.007130242648715734
BH_s24_medium,0,103,3.433333333333333,0.5232354998588562,0.08347450169409673
BH_s24_medium,0,104,3.466666666666667,0.4466446042060852,0.16035471065441248
BH_s24_medium,0,105,3.5,0.3342951238155365,0.23092127085483713
BH_s24_medium,0,106,3.533333333333333,0.20829112827777863,0.290081592169062
BH_s24_medium,0,107,3.566666666666667,0.06823872029781342,0.33532766821066445
BH_s24_medium,0,108,3.6,-0.09260483831167221,0.3662968423958438
BH_s24_medium,0,109,3.6333333333333333,-0.23278853297233582,0.3835198974731626
BH_s24_medium,0,110,3.6666666666666665,-0.3587925434112549,0.38719967648567133
BH_s24_medium,0,111,3.7,-0.4217289090156555,0.3766688707285544
BH_s24_medium,0,112,3.7333333333333334,-0.49937012791633606,0.3507229533342247
BH_s24_medium,0,113,3.7666666666666666,-0.5624377727508545,0.308592912157381
BH_s24_medium,0,114,3.8,-0.6736056208610535,0.2510649925136208
BH_s24_medium,0,115,3.8333333333333335,-0.6885730624198914,0.18118207906243539
BH_s24_medium,0,116,3.8666666666666667,-0.7516407370567322,0.1040646752928216
BH_s24_medium,0,117,3.9,-0.8147083520889282,0.025750682015876814
BH_s24_medium,0,118,3.933333333333333,-0.8622834086418152,-0.04847699699108723
BH_s24_medium,0,119,3.966666666666667,-0.877776026725769,-0.11538957011080764
BH_s24_medium,0,120,4.0,-0.877776026725769,-0.1739633884335428
BH_s24_medium,0,121,4.033333333333333,-0.9408436417579651,-0.22430591542326697
BH_s24_medium,0,122,4.066666666666666,-0.9408436417579651,-0.26619762600859
BH_s24_medium,0,123,4.1,-0.6108850240707397,-0.298483418859026
BH_s24_medium,0,124,4.133333333333334,0.04990442469716072,-0.31994150583742076
BH_s24_medium,0,125,4.166666666666667,0.9157833456993103,-0.3310182410146095
BH_s24_medium,0,126,4.2,1.4691656827926636,-0.3348443165774228
BH_s24_medium,0,127,4.233333333333333,1.5818623304367065,-0.3361604455779019
BH_s24_medium,0,128,4.266666666666667,1.4725325107574463,-0.33830688577090784
BH_s24_medium,0,129,4.3,1.3465285301208496,-0.3400873155707181
BH_s24_medium,0,130,4.333333333333333,1.220524549484253,-0.33475158905588226
BH_s24_medium,0,131,4.366666666666666,1.0486522912979126,-0.3122530523615021
BH_s24_medium,0,132,4.4,0.8423812389373779,-0.2639836661393978
BH_s24_medium,0,133,4.433333333333334,0.6533095836639404,-0.1875602164008971
BH_s24_medium,0,134,4.466666666666667,0.5273056030273438,-0.0889873047602281
BH_s24_medium,0,135,4.5,0.4643692374229431,0.019032017383214403
BH_s24_medium,0,136,4.533333333333333,0.4014328718185425,0.12151357219067016
BH_s24_medium,0,137,4.566666666666666,0.21236121654510498,0.20578204732111988
BH_s24_medium,0,138,4.6,0.0863572210073471,0.26428075734301365
BH_s24_medium,0,139,4.633333333333334,-0.03964678570628166,0.29518884264042333
BH_s24_medium,0,140,4.666666666666667,-0.16565078496932983,0.30138287978898043
BH_s24_medium,0,141,4.7,-0.2916547954082489,0.28856968977798686
BH_s24_medium,0,142,4.733333333333333,-0.35459116101264954,0.26351071271959475
BH_s24_medium,0,143,4.766666666666667,-0.4363024830818176,0.2330089231939081
BH_s24_medium,0,144,4.8,-0.5435315370559692,0.20360379124280437
BH_s24_medium,0,145,4.833333333333333,-0.6064678430557251,0.1812548831723573
BH_s24_medium,0,146,4.866666666666666,-0.6255053877830505,0.17029762013809385
BH_s24_medium,0,147,4.9,-0.6885730624198914,0.17166078109354105
BH_s24_medium,0,148,4.933333333333334,-0.7516407370567322,0.18126265876670933
BH_s24_medium,0,149,4.966666666666667,-0.7951456308364868,0.18990601861255862
BH_s24_medium,0,150,5.0,-0.6215198040008545,0.18544525201919318
BH_s24_medium,0,151,5.033333333333333,-0.09395548701286316,0.15686763120925645
BH_s24_medium,0,152,5.066666666666666,0.579175591468811,0.09891611647626002
BH_s24_medium,0,153,5.1,1.1861724853515625,0.015452169027028626
BH_s24_medium,0,154,5.133333333333334,1.3295917510986328,-0.07992993213841416
BH_s24_medium,0,155,5.166666666666667,1.244157314300537,-0.16660644862455912
BH_s24_medium,0,156,5.2,1.0978028774261475,-0.22233709114792186
BH_s24_medium,0,157,5.233333333333333,0.9293442964553833,-0.2297818838043859
BH_s24_medium,0,158,5.266666666666667,0.740403950214386,-0.1821028155373662
BH_s24_medium,0,159,5.3,0.530587911605835,-0.08604422292760476
BH_s24_medium,0,160,5.333333333333333,0.4045839309692383,0.03811777673312806
BH_s24_medium,0,161,5.366666666666666,0.32050931453704834,0.15967922429360876
BH_s24_medium,0,162,5.4,0.2574416697025299,0.24360584060819274
BH_s24_medium,0,163,5.433333333333334,0.15270720422267914,0.2592757694349774
BH_s24_medium,0,164,5.466666666666667,0.06823872029781342,0.19016920320195424
BH_s24_medium,0,165,5.5,-0.07763738185167313,0.041454323757178335
BH_s24_medium,0,166,5.533333333333333,-0.22530481219291687,-0.15767941538898275
BH_s24_medium,0,167,5.566666666666666,-0.35130882263183594,-0.3592121097786387
BH_s24_medium,0,168,5.6,-0.4363024830818176,-0.5096627455890618
BH_s24_medium,0,169,5.633333333333334,-0.49937012791633606,-0.5686920460352513
BH_s24_medium,0,170,5.666666666666667,-0.6031855344772339,-0.5251085840344181
BH_s24_medium,0,171,5.7,-0.6255053877830505,-0.40150918020906373
BH_s24_medium,0,172,5.733333333333333,-0.6885730624198914,-0.2448041110942525
BH_s24_medium,0,173,5.766666666666667,-0.728926956653595,-0.10762330719295499
BH_s24_medium,0,174,5.8,-0.7918633222579956,-0.028815402700521076
BH_s24_medium,0,175,5.833333333333333,-0.8147083520889282,-0.02022917377671179
BH_s24_medium,0,176,5.866666666666666,-0.8147083520889282,-0.06440520993453035
BH_s24_medium,0,177,5.9,-0.877776026725769,-0.12386858082161094
BH_s24_medium,0,178,5.933333333333334,-0.877776026725769,-0.15760480886106082
BH_s24_medium,0,179,5.966666666666667,-0.5933762192726135,-0.1369838621596744
BH_s24_medium,0,180,6.0,0.11564473062753677,-0.054431145572133716
BH_s24_medium,0,181,6.033333333333333,0.9978040456771851,0.07746163642640423
BH_s24_medium,0,182,6.066666666666666,1.636311411857605,0.2338912207181557
BH_s24_medium,0,183,6.1,1.7710652351379395,0.387816580985601
BH_s24_medium,0,184,6.133333333333334,1.7321555614471436,0.5175639793867881
BH_s24_medium,0,185,6.166666666666667,1.6061515808105469,0.6100653521799732
BH_s24_medium,0,186,6.2,1.4801476001739502,0.6599113350629845
BH_s24_medium,0,187,6.233333333333333,1.3156278133392334,0.6659895036386996
BH_s24_medium,0,188,6.266666666666667,1.06361985206604,0.6284830160526195
BH_s24_medium,0,189,6.3,0.8498649597167969,0.548493428199341
BH_s24_medium,0,190,6.333333333333333,0.7238609790802002,0.4302574759062551
BH_s24_medium,0,191,6.366666666666666,0.5978569388389587,0.283666661345517
BH_s24_medium,0,192,6.4,0.47185295820236206,0.12444899423609357
BH_s24_medium,0,193,6.433333333333334,0.28278130292892456,-0.02918045671831625
BH_s24_medium,0,194,6.466666666666667,0.09370965510606766,-0.16247339454305368
BH_s24_medium,0,195,6.5,-0.03229435160756111,-0.26979761389146256
BH_s24_medium,0,196,6.533333333333333,-0.15829835832118988,-0.3562054235275158
BH_s24_medium,0,197,6.566666666666666,-0.28430235385894775,-0.4329057804478963
BH_s24_medium,0,198,6.6,-0.3732348084449768,-0.5088284730888913
BH_s24_medium,0,199,6.633333333333334,-0.47324272990226746,-0.5836055781901512
BH_s24_medium,0,200,6.666666666666667,-0.5361790657043457,-0.6463196804255527
BH_s24_medium,0,201,6.7,-0.5991154313087463,-0.6803600945691495
BH_s24_medium,0,202,6.733333333333333,-0.662051796913147,-0.6709409714999601
BH_s24_medium,0,203,6.766666666666667,-0.7249881625175476,-0.6109231424264897
BH_s24_medium,0,204,6.8,-0.7516407370567322,-0.5028641254997586
BH_s24_medium,0,205,6.833333333333333,-0.7877932190895081,-0.3578716851401261
BH_s24_medium,0,206,6.866666666666666,-0.8147083520889282,-0.19240310598619995
BH_s24_medium,0,207,6.9,-0.8147083520889282,-0.023828855026318006
BH_s24_medium,0,208,6.933333333333334,-0.877776026725769,0.13384203483775492
BH_s24_medium,0,209,6.966666666666667,-0.877776026725769,0.27207440282074735
BH_s24_medium,0,210,7.0,-0.9053476452827454,0.38664130740802255
BH_s24_medium,0,211,7.033333333333333,-0.6101818084716797,0.474206827566484
BH_s24_medium,0,212,7.066666666666666,0.027368737384676933,0.5295530260424477
BH_s24_medium,0,213,7.1,0.9797323346138,0.5461053295564616
BH_s24_medium,0,214,7.133333333333334,1.7217457294464111,0.5197320772839836
BH_s24_medium,0,215,7.166666666666667,1.9951077699661255,0.45310910498903123
BH_s24_medium,0,216,7.2,1.9255598783493042,0.3576581214136666
BH_s24_medium,0,217,7.233333333333333,1.8341329097747803,0.25180908265680696
BH_s24_medium,0,218,7.266666666666667,1.7366195917129517,0.1563653450757785
BH_s24_medium,0,219,7.3,1.5475479364395142,0.08890106982221185
BH_s24_medium,0,220,7.333333333333333,1.2612254619598389,0.05909862879094946
BH_s24_medium,0,221,7.366666666666666,1.0432692766189575,0.06624766760939128
BH_s24_medium,0,222,7.4,0.8541976809501648,0.09943152690730599
BH_s24_medium,0,223,7.433333333333334,0.7619828581809998,0.14036617939832005
BH_s24_medium,0,224,7.466666666666667,0.6315993666648865,0.16828628249622105
BH_s24_medium,0,225,7.5,0.4761856496334076,0.16561771840007092
BH_s24_medium,0,226,7.533333333333333,0.25371867418289185,0.12265871487819788
BH_s24_medium,0,227,7.566666666666666,0.09804233908653259,0.039706462650980094
BH_s24_medium,0,228,7.6,-0.027961667627096176,-0.07379729697359952
BH_s24_medium,0,229,7.633333333333334,-0.15396566689014435,-0.20233096851321342
BH_s24_medium,0,230,7.666666666666667,-0.2799696624279022,-0.32834918734308327
BH_s24_medium,0,231,7.7,-0.4059736728668213,-0.43610516064226673
BH_s24_medium,0,232,7.733333333333333,-0.4689100384712219,-0.5140470125075322
BH_s24_medium,0,233,7.766666666666667,-0.5318464040756226,-0.5551902378712282
BH_s24_medium,0,234,7.8,-0.5947827696800232,-0.5561978135376106
BH_s24_medium,0,235,7.833333333333333,-0.6255053877830505,-0.5166358588903311
BH_s24_medium,0,236,7.866666666666666,-0.6885730624198914,-0.4390531142047721
BH_s24_medium,0,237,7.9,-0.7205241918563843,-0.3292966301781017
BH_s24_medium,0,238,7.933333333333334,-0.7516407370567322,-0.19627639476270162
BH_s24_medium,0,239,7.966666666666667,-0.8147083520889282,-0.05108328816946918
BH_s24_medium,1,0,1.0,-0.6255053877830505,0.00986683749083114
BH_s24_medium,1,1,1.0333333333333334,-0.6885730624198914,-2.327185294110583
BH_s24_medium,1,2,1.0666666666666667,-0.7474393248558044,-4.287532758672306
BH_s24_medium,1,3,1.1,-0.8103756904602051,-5.594883744706116
BH_s24_medium,1,4,1.1333333333333333,-0.8147083520889282,-6.140890500148131
BH_s24_medium,1,5,1.1666666666666667,-0.8731807470321655,-5.997563467953709
BH_s24_medium,1,6,1.2,-0.9361171126365662,-5.36944389908954
BH_s24_medium,1,7,1.2333333333333334,-0.7613564133644104,-4.510748572826497
BH_s24_medium,1,8,1.2666666666666666,-0.15089912712574005,-3.6432116408585493
BH_s24_medium,1,9,1.3,0.54205721616745,-2.9017509684901572
BH_s24_medium,1,10,1.3333333333333333,1.182449460029602,-2.319762930258393
BH_s24_medium,1,11,1.3666666666666667,1.4503439664840698,-1.8509030160009277
BH_s24_medium,1,12,1.4,1.392659306526184,-1.4128895434389677
BH_s24_medium,1,13,1.4333333333333333,1.214747667312622,-0.9340684569884147
BH_s24_medium,1,14,1.4666666666666666,1.08309805393219,-0.3861275569130906
BH_s24_medium,1,15,1.5,0.8368669152259827,0.20589148210731362
BH_s24_medium,1,16,1.5333333333333334,0.5848588943481445,0.775986187081196
BH_s24_medium,1,17,1.5666666666666667,0.3959185481071472,1.244245304305216
BH_s24_medium,1,18,1.6,0.32681140303611755,1.5469901397791803
BH_s24_medium,1,19,1.6333333333333333,0.2574416697025299,1.6589146548391562
BH_s24_medium,1,20,1.6666666666666667,0.13787104189395905,1.6002662788799933
BH_s24_medium,1,21,1.7,0.011867037974298,1.4280491746711113
BH_s24_medium,1,22,1.7333333333333334,-0.17037735879421234,1.2157965221143547
BH_s24_medium,1,23,1.7666666666666666,-0.3032086193561554,1.0299487715513567
BH_s24_medium,1,24,1.8,-0.42921262979507446,0.9113453904423549
BH_s24_medium,1,25,1.8333333333333333,-0.5552166104316711,0.8677032564988583
BH_s24_medium,1,26,1.8666666666666667,-0.6812206506729126,0.8782442081201373
BH_s24_medium,1,27,1.9,-0.7441569566726685,0.9070142483698677
BH_s24_medium,1,28,1.9333333333333333,-0.8070933222770691,0.9188715840541759
BH_s24_medium,1,29,1.9666666666666666,-0.8147083520889282,0.8921356079302153
BH_s24_medium,1,30,2.0,-0.877776026725769,0.8239497859831472
BH_s24_medium,1,31,2.033333333333333,-0.9328347444534302,0.7275704806212085
BH_s24_medium,1,32,2.066666666666667,-0.9408436417579651,0.6238891274189625
BH_s24_medium,1,33,2.1,-0.831251323223114,0.5313305365168375
BH_s24_medium,1,34,2.1333333333333333,-0.28911343216896057,0.45822392649523913
BH_s24_medium,1,35,2.1666666666666665,0.39544016122817993,0.4002132301872897
BH_s24_medium,1,36,2.2,1.0426596403121948,0.34314704160864207
BH_s24_medium,1,37,2.2333333333333334,1.3207950592041016,0.2699277207436752
BH_s24_medium,1,38,2.2666666666666666,1.2754520177841187,0.16848750221977513
BH_s24_medium,1,39,2.3,1.149448037147522,0.037584838815529445
BH_s24_medium,1,40,2.3333333333333335,1.0234439373016357,-0.11228858438272485
BH_s24_medium,1,41,2.3666666666666667,0.8436941504478455,-0.2634305891255987
BH_s24_medium,1,42,2.4,0.5916861891746521,-0.39824776945506685
BH_s24_medium,1,43,2.433333333333333,0.4027458131313324,-0.5051365665755214
BH_s24_medium,1,44,2.466666666666667,0.2671573758125305,-0.5803107924015768
BH_s24_medium,1,45,2.5,0.19437402486801147,-0.6259018103827825
BH_s24_medium,1,46,2.533333333333333,0.0782170221209526,-0.6463073550234276
BH_s24_medium,1,47,2.566666666666667,0.015280668623745441,-0.6448560711457916
BH_s24_medium,1,48,2.6,-0.17379099130630493,-0.6222540304523501
BH_s24_medium,1,49,2.6333333333333333,-0.299795001745224,-0.5773418338646997
BH_s24_medium,1,50,2.6666666666666665,-0.4888666272163391,-0.5095710392367822
BH_s24_medium,1,51,2.7,-0.5518029928207397,-0.4217196339973748
BH_s24_medium,1,52,2.7333333333333334,-0.6778069734573364,-0.32117094201098806
BH_s24_medium,1,53,2.7666666666666666,-0.7407433390617371,-0.21882978887384585
BH_s24_medium,1,54,2.8,-0.7516407370567322,-0.1261604352054329
BH_s24_medium,1,55,2.8333333333333335,-0.8147083520889282,-0.051940310987359115
BH_s24_medium,1,56,2.8666666666666667,-0.877776026725769,-0.0003318838460043168
BH_s24_medium,1,57,2.9,-0.9294211268424988,0.029067037188276974
BH_s24_medium,1,58,2.933333333333333,-0.9408436417579651,0.03969404250796878
BH_s24_medium,1,59,2.966666666666667,-0.9408436417579651,0.0361488008435778
BH_s24_medium,1,60,3.0,-1.0039112567901611,0.022908531308333372
BH_s24_medium,1,61,3.033333333333333,-1.0039112567901611,0.003908845823362813
BH_s24_medium,1,62,3.066666666666667,-0.8388663530349731,-0.017269137155556613
BH_s24_medium,1,63,3.1,-0.308150976896286,-0.037068192034217046
BH_s24_medium,1,64,3.1333333333333333,0.4233211576938629,-0.05186744723424852
BH_s24_medium,1,65,3.1666666666666665,1.2041596174240112,-0.05827933073542519
BH_s24_medium,1,66,3.2,1.5061904191970825,-0.053704187554625506
BH_s24_medium,1,67,3.2333333333333334,1.5187946557998657,-0.03688129786773368
BH_s24_medium,1,68,3.2666666666666666,1.4055261611938477,-0.008225548448364324
BH_s24_medium,1,69,3.3,1.3425897359848022,0.030155177125731025
BH_s24_medium,1,70,3.3333333333333335,1.1666474342346191,0.07481063158915985
BH_s24_medium,1,71,3.3666666666666667,0.9777070879936218,0.1216033143942888
BH_s24_medium,1,72,3.4,0.7256990671157837,0.16640707466549096
BH_s24_medium,1,73,3.433333333333333,0.5232354998588562,0.20560580068632625
BH_s24_medium,1,74,3.466666666666667,0.4466446042060852,0.23648769094749642
BH_s24_medium,1,75,3.5,0.3342951238155365,0.25775946802817884
BH_s24_medium,1,76,3.533333333333333,0.20829112827777863,0.26999164304133927
BH_s24_medium,1,77,3.566666666666667,0.06823872029781342,0.2754709259452831
BH_s24_medium,1,78,3.6,-0.09260483831167221,0.2772643920689264
BH_s24_medium,1,79,3.6333333333333333,-0.23278853297233582,0.2778643732105062
BH_s24_medium,1,80,3.6666666666666665,-0.3587925434112549,0.27796391567195006
BH_s24_medium,1,81,3.7,-0.4217289090156555,0.27579694920311437
BH_s24_medium,1,82,3.7333333333333334,-0.49937012791633606,0.26735632402688386
BH_s24_medium,1,83,3.7666666666666666,-0.5624377727508545,0.24759527041241858
BH_s24_medium,1,84,3.8,-0.6736056208610535,0.21229420952986225
BH_s24_medium,1,85,3.8333333333333335,-0.6885730624198914,0.15981816066616417
BH_s24_medium,1,86,3.8666666666666667,-0.7516407370567322,0.09185409687958118
BH_s24_medium,1,87,3.9,-0.8147083520889282,0.01269690187572271
BH_s24_medium,1,88,3.933333333333333,-0.8622834086418152,-0.07238438911742767
BH_s24_medium,1,89,3.966666666666667,-0.877776026725769,-0.1584873629389411
BH_s24_medium,1,90,4.0,-0.877776026725769,-0.24118136191617043
BH_s24_medium,1,91,4.033333333333333,-0.9408436417579651,-0.3155166839769475
BH_s24_medium,1,92,4.066666666666666,-0.9408436417579651,-0.3751915138362455
BH_s24_medium,1,93,4.1,-0.6108850240707397,-0.41327118412400343
BH_s24_medium,1,94,4.133333333333334,0.04990442469716072,-0.42466419839209196
BH_s24_medium,1,95,4.166666666666667,0.9157833456993103,-0.40896002970551093
BH_s24_medium,1,96,4.2,1.4691656827926636,-0.3715391208420954
BH_s24_medium,1,97,4.233333333333333,1.5818623304367065,-0.32172926744367564
BH_s24_medium,1,98,4.266666666666667,1.4725325107574463,-0.26877116931011946
BH_s24_medium,1,99,4.3,1.3465285301208496,-0.21792862674604882
BH_s24_medium,1,100,4.333333333333333,1.220524549484253,-0.1689707557884909
BH_s24_medium,1,101,4.366666666666666,1.0486522912979126,-0.11775912720220981
BH_s24_medium,1,102,4.4,0.8423812389373779,-0.05991595409804094
BH_s24_medium,1,103,4.433333333333334,0.6533095836639404,0.005532225217576043
BH_s24_medium,1,104,4.466666666666667,0.5273056030273438,0.0745496128282849
BH_s24_medium,1,105,4.5,0.4643692374229431,0.1393106952273913
BH_s24_medium,1,106,4.533333333333333,0.4014328718185425,0.19133110370991854
BH_s24_medium,1,107,4.566666666666666,0.21236121654510498,0.22461457830718737
BH_s24_medium,1,108,4.6,0.0863572210073471,0.23732983306738994
BH_s24_medium,1,109,4.633333333333334,-0.03964678570628166,0.23165294138876222
BH_s24_medium,1,110,4.666666666666667,-0.16565078496932983,0.2122662945131223
BH_s24_medium,1,111,4.7,-0.2916547954082489,0.1844446792789949
BH_s24_medium,1,112,4.733333333333333,-0.35459116101264954,0.15280590601580726
BH_s24_medium,1,113,4.766666666666667,-0.4363024830818176,0.12139738963508907
BH_s24_medium,1,114,4.8,-0.5435315370559692,0.09476788900640927
BH_s24_medium,1,115,4.833333333333333,-0.6064678430557251,0.07870725132228591
BH_s24_medium,1,116,4.866666666666666,-0.6255053877830505,0.07924542173865108
BH_s24_medium,1,117,4.9,-0.6885730624198914,0.09957773736933656
BH_s24_medium,1,118,4.933333333333334,-0.7516407370567322,0.13631062258001223
BH_s24_medium,1,119,4.966666666666667,-0.7951456308364868,0.17749588949448575
BH_s24_medium,1,120,5.0,-0.6215198040008545,0.204373819455514
BH_s24_medium,1,121,5.033333333333333,-0.09395548701286316,0.19696087010094745
BH_s24_medium,1,122,5.066666666666666,0.579175591468811,0.1416929320980321
BH_s24_medium,1,123,5.1,1.1861724853515625,0.038189402238741114
BH_s24_medium,1,124,5.133333333333334,1.3295917510986328,-0.09770030811964334
BH_s24_medium,1,125,5.166666666666667,1.244157314300537,-0.23619060795782382
BH_s24_medium,1,126,5.2,1.0978028774261475,-0.34097724832953114
BH_s24_medium,1,127,5.233333333333333,0.9293442964553833,-0.3796851139367202
BH_s24_medium,1,128,5.266666666666667,0.740403950214386,-0.33401119584378425
BH_s24_medium,1,129,5.3,0.530587911605835,-0.2063305388611038
BH_s24_medium,1,130,5.333333333333333,0.4045839309692383,-0.020989264395449403
BH_s24_medium,1,131,5.366666666666666,0.32050931453704834,0.17989502513733252
BH_s24_medium,1,132,5.4,0.2574416697025299,0.3455053342359781
BH_s24_medium,1,133,5.433333333333334,0.15270720422267914,0.4289760868610635
BH_s24_medium,1,134,5.466666666666667,0.06823872029781342,0.401011291785893
BH_s24_medium,1,135,5.5,-0.07763738185167313,0.2605693613191815
BH_s24_medium,1,136,5.533333333333333,-0.22530481219291687,0.03853284384794662
BH_s24_medium,1,137,5.566666666666666,-0.35130882263183594,-0.20857171712659034
BH_s24_medium,1,138,5.6,-0.4363024830818176,-0.41515199138325104
BH_s24_medium,1,139,5.633333333333334,-0.49937012791633606,-0.5290916630032966
BH_s24_medium,1,140,5.666666666666667,-0.6031855344772339,-0.5306865580677623
BH_s24_medium,1,141,5.7,-0.6255053877830505,-0.4381576403622041
BH_s24_medium,1,142,5.733333333333333,-0.6885730624198914,-0.2972801904264155
BH_s24_medium,1,143,5.766666666666667,-0.728926956653595,-0.16140131507215774
BH_s24_medium,1,144,5.8,-0.7918633222579956,-0.0712330446898836
BH_s24_medium,1,145,5.833333333333333,-0.8147083520889282,-0.04188114282627251
BH_s24_medium,1,146,5.866666666666666,-0.8147083520889282,-0.06108046094942465
BH_s24_medium,1,147,5.9,-0.877776026725769,-0.0983004523932064
BH_s24_medium,1,148,5.933333333333334,-0.877776026725769,-0.11968095397574666
BH_s24_medium,1,149,5.966666666666667,-0.5933762192726135,-0.10144634875785888
BH_s24_medium,1,150,6.0,0.11564473062753677,-0.036465113347459055
BH_s24_medium,1,151,6.033333333333333,0.9978040456771851,0.06697190092902261
BH_s24_medium,1,152,6.066666666666666,1.636311411857605,0.19149635059202813
BH_s24_medium,1,153,6.1,1.7710652351379395,0.318167339441182
BH_s24_medium,1,154,6.133333333333334,1.7321555614471436,0.43193548460908326
BH_s24_medium,1,155,6.166666666666667,1.6061515808105469,0.5235312566339843
BH_s24_medium,1,156,6.2,1.4801476001739502,0.5878075313100162
BH_s24_medium,1,157,6.233333333333333,1.3156278133392334,0.6200996057990253
BH_s24_medium,1,158,6.266666666666667,1.06361985206604,0.6135397555834315
BH_s24_medium,1,159,6.3,0.8498649597167969,0.5599866114037546
BH_s24_medium,1,160,6.333333333333333,0.7238609790802002,0.45461573588901394
BH_s24_medium,1,161,6.366666666666666,0.5978569388389587,0.30130892903940865
BH_s24_medium,1,162,6.4,0.47185295820236206,0.11515778489167317
BH_s24_medium,1,163,6.433333333333334,0.28278130292892456,-0.0801554477658107
BH_s24_medium,1,164,6.466666666666667,0.09370965510606766,-0.2596691280119812
BH_s24_medium,1,165,6.5,-0.03229435160756111,-0.40573980577453467
BH_s24_medium,1,166,6.533333333333333,-0.15829835832118988,-0.5127257361272534
BH_s24_medium,1,167,6.566666666666666,-0.28430235385894775,-0.5844434918532397
BH_s24_medium,1,168,6.6,-0.3732348084449768,-0.6266269586344467
BH_s24_medium,1,169,6.633333333333334,-0.47324272990226746,-0.6406528732095234
BH_s24_medium,1,170,6.666666666666667,-0.5361790657043457,-0.6230443144947586
BH_s24_medium,1,171,6.7,-0.5991154313087463,-0.5700378690362531
BH_s24_medium,1,172,6.733333333333333,-0.662051796913147,-0.48275769671013524
BH_s24_medium,1,173,6.766666666666667,-0.7249881625175476,-0.36890236876000687
BH_s24_medium,1,174,6.8,-0.7516407370567322,-0.24050539171473606
BH_s24_medium,1,175,6.833333333333333,-0.7877932190895081,-0.1103078165686261
BH_s24_medium,1,176,6.866666666666666,-0.8147083520889282,0.01120645877022751
BH_s24_medium,1,177,6.9,-0.8147083520889282,0.11784015606207647
BH_s24_medium,1,178,6.933333333333334,-0.877776026725769,0.20863907851033694
BH_s24_medium,1,179,6.966666666666667,-0.877776026725769,0.2869008123005325
BH_s24_medium,1,180,7.0,-0.9053476452827454,0.356762152225686
BH_s24_medium,1,181,7.033333333333333,-0.6101818084716797,0.4186452295847399
BH_s24_medium,1,182,7.066666666666666,0.027368737384676933,0.4665579350412444
BH_s24_medium,1,183,7.1,0.9797323346138,0.48982867886542975
BH_s24_medium,1,184,7.133333333333334,1.7217457294464111,0.4787913350609658
BH_s24_medium,1,185,7.166666666666667,1.9951077699661255,0.4309584150798344
BH_s24_medium,1,186,7.2,1.9255598783493042,0.35406459690641623
BH_s24_medium,1,187,7.233333333333333,1.8341329097747803,0.2645009994371892
BH_s24_medium,1,188,7.266666666666667,1.7366195917129517,0.1820613956189907
BH_s24_medium,1,189,7.3,1.5475479364395142,0.12335280925013153
BH_s24_medium,1,190,7.333333333333333,1.2612254619598389,0.09635786613328795
BH_s24_medium,1,191,7.366666666666666,1.0432692766189575,0.09778367605022589
BH_s24_medium,1,192,7.4,0.8541976809501648,0.11364825621667889
BH_s24_medium,1,193,7.433333333333334,0.7619828581809998,0.12268615890253458
BH_s24_medium,1,194,7.466666666666667,0.6315993666648865,0.10182169033282906
BH_s24_medium,1,195,7.5,0.4761856496334076,0.032740145937759695
BH_s24_medium,1,196,7.533333333333333,0.25371867418289185,-0.09188001960787918
BH_s24_medium,1,197,7.566666666666666,0.09804233908653259,-0.2642846627584258
BH_s24_medium,1,198,7.6,-0.027961667627096176,-0.461313612949365
BH_s24_medium,1,199,7.633333333333334,-0.15396566689014435,-0.6486623773839231
BH_s24_medium,1,200,7.666666666666667,-0.2799696624279022,-0.7893595817195554
BH_s24_medium,1,201,7.7,-0.4059736728668213,-0.8541754237402251
BH_s24_medium,1,202,7.733333333333333,-0.4689100384712219,-0.8297686919986398
BH_s24_medium,1,203,7.766666666666667,-0.5318464040756226,-0.720943814026512
BH_s24_medium,1,204,7.8,-0.5947827696800232,-0.547147697263117
BH_s24_medium,1,205,7.833333333333333,-0.6255053877830505,-0.33638866172916504
BH_s24_medium,1,206,7.866666666666666,-0.6885730624198914,-0.11897536474916806
BH_s24_medium,1,207,7.9,-0.7205241918563843,0.07845318156685666
BH_s24_medium,1,208,7.933333333333334,-0.7516407370567322,0.23788856093968294
BH_s24_medium,1,209,7.966666666666667,-0.8147083520889282,0.3522332100067862
BH_s24_medium,1,210,8.0,-0.7831511497497559,0.4240541018847704
BH_s24_medium,1,211,8.033333333333333,-0.43673408031463623,0.46183960304053484
BH_s24_medium,1,212,8.066666666666666,0.25600650906562805,0.4758184001328084
BH_s24_medium,1,213,8.1,1.0750981569290161,0.4750742610464763
BH_s24_medium,1,214,8.133333333333333,1.5808587074279785,0.4665400583928342
BH_s24_medium,1,215,8.166666666666666,1.6140291690826416,0.45529257474210677
BH_s24_medium,1,216,8.2,1.4572557210922241,0.44504092525433464
BH_s24_medium,1,217,8.233333333333333,1.268315315246582,0.4379227749492452
BH_s24_medium,1,218,8.266666666666667,1.0793750286102295,0.4334411338928683
BH_s24_medium,1,219,8.3,0.8273670077323914,0.42724071865688457
BH_s24_medium,1,220,8.333333333333334,0.6056032776832581,0.41097623417201806
BH_s24_medium,1,221,8.366666666666667,0.479599267244339,0.37422336129606404
BH_s24_medium,1,222,8.4,0.41666290163993835,0.3081864636688684
BH_s24_medium,1,223,8.433333333333334,0.3537265658378601,0.2097375388405157
BH_s24_medium,1,224,8.466666666666667,0.22772255539894104,0.08396628551407355
BH_s24_medium,1,225,8.5,0.06823872029781342,-0.0560710825787939
BH_s24_medium,1,226,8.533333333333333,-0.08735310286283493,-0.19272151086446915
BH_s24_medium,1,227,8.566666666666666,-0.2426823377609253,-0.309188319541471
BH_s24_medium,1,228,8.6,-0.4024287462234497,-0.39472107525819117
BH_s24_medium,1,229,8.633333333333333,-0.49937012791633606,-0.4469959817955492
BH_s24_medium,1,230,8.666666666666666,-0.5624377727508545,-0.4706368516915389
BH_s24_medium,1,231,8.7,-0.6255053877830505,-0.47308023210188604
BH_s24_medium,1,232,8.733333333333333,-0.6885730624198914,-0.4604440961550316
BH_s24_medium,1,233,8.766666666666667,-0.7171105146408081,-0.43569375637704366
BH_s24_medium,1,234,8.8,-0.7516407370567322,-0.39943969130635265
BH_s24_medium,1,235,8.833333333333334,-0.8147083520889282,-0.35188768922130603
BH_s24_medium,1,236,8.866666666666667,-0.8147083520889282,-0.294266962389555
BH_s24_medium,1,237,8.9,-0.877776026725769,-0.22905239142627248
BH_s24_medium,1,238,8.933333333333334,-0.877776026725769,-0.15929139749679416
BH_s24_medium,1,239,8.966666666666667,-0.6683915853500366,-0.08784401474731941
BH_s24_medium,2,0,2.0,-0.877776026725769,0.017394665815796993
BH_s24_medium,2,1,2.033333333333333,-0.9328347444534302,-2.4591402344016853
BH_s24_medium,2,2,2.066666666666667,-0.9408436417579651,-4.548815132683399
BH_s24_medium,2,3,2.1,-0.831251323223114,-5.958704167570049
BH_s24_medium,2,4,2.1333333333333333,-0.28911343216896057,-6.558342497709981
BH_s24_medium,2,5,2.1666666666666665,0.39544016122817993,-6.396268040855317
BH_s24_medium,2,6,2.2,1.0426596403121948,-5.660532850790409
BH_s24_medium,2,7,2.2333333333333334,1.3207950592041016,-4.6053604819807115
BH_s24_medium,2,8,2.2666666666666666,1.2754520177841187,-3.475736831540005
BH_s24_medium,2,9,2.3,1.149448037147522,-2.4535210441156794
BH_s24_medium,2,10,2.3333333333333335,1.0234439373016357,-1.6348263331004191
BH_s24_medium,2,11,2.3666666666666667,0.8436941504478455,-1.036206432077634
BH_s24_medium,2,12,2.4,0.5916861891746521,-0.6193834995455344
BH_s24_medium,2,13,2.433333333333333,0.4027458131313324,-0.32190238324265585
BH_s24_medium,2,14,2.466666666666667,0.2671573758125305,-0.08339295104864886
BH_s24_medium,2,15,2.5,0.19437402486801147,0.13827941104820668
BH_s24_medium,2,16,2.533333333333333,0.0782170221209526,0.36212481116413264
BH_s24_medium,2,17,2.566666666666667,0.015280668623745441,0.5880568756112678
BH_s24_medium,2,18,2.6,-0.17379099130630493,0.8054070569488256
BH_s24_medium,2,19,2.6333333333333333,-0.299795001745224,1.001277615941974
BH_s24_medium,2,20,2.6666666666666665,-0.4888666272163391,1.1657260693737816
BH_s24_medium,2,21,2.7,-0.5518029928207397,1.293224169909971
BH_s24_medium,2,22,2.7333333333333334,-0.6778069734573364,1.3817424178457118
BH_s24_medium,2,23,2.7666666666666666,-0.7407433390617371,1.4313143554203271
BH_s24_medium,2,24,2.8,-0.7516407370567322,1.4431015354594567
BH_s24_medium,2,25,2.8333333333333335,-0.8147083520889282,1.4189053457680096
BH_s24_medium,2,26,2.8666666666666667,-0.877776026725769,1.3607598158163954
BH_s24_medium,2,27,2.9,-0.9294211268424988,1.2705616028040176
BH_s24_medium,2,28,2.933333333333333,-0.9408436417579651,1.1500059600935923
BH_s24_medium,2,29,2.966666666666667,-0.9408436417579651,1.0010654358129731
BH_s24_medium,2,30,3.0,-1.0039112567901611,0.8269153733056686
BH_s24_medium,2,31,3.033333333333333,-1.0039112567901611,0.6329068106243084
BH_s24_medium,2,32,3.066666666666667,-0.8388663530349731,0.4271620452429381
BH_s24_medium,2,33,3.1,-0.308150976896286,0.2204617310631735
BH_s24_medium,2,34,3.1333333333333333,0.4233211576938629,0.025163091597563882
BH_s24_medium,2,35,3.1666666666666665,1.2041596174240112,-0.14678573248543958
BH_s24_medium,2,36,3.2,1.5061904191970825,-0.28602769850911747
BH_s24_medium,2,37,3.2333333333333334,1.5187946557998657,-0.38720896487855816
BH_s24_medium,2,38,3.2666666666666666,1.4055261611938477,-0.4492323682112462
BH_s24_medium,2,39,3.3,1.3425897359848022,-0.4746591611689586
BH_s24_medium,2,40,3.3333333333333335,1.1666474342346191,-0.46865651818130677
BH_s24_medium,2,41,3.3666666666666667,0.9777070879936218,-0.4378006395137618
BH_s24_medium,2,42,3.4,0.7256990671157837,-0.38923420750795734
BH_s24_medium,2,43,3.433333333333333,0.5232354998588562,-0.3305093030233637
BH_s24_medium,2,44,3.466666666666667,0.4466446042060852,-0.2695590507765019
BH_s24_medium,2,45,3.5,0.3342951238155365,-0.21379311164178208
BH_s24_medium,2,46,3.533333333333333,0.20829112827777863,-0.16821880572777315
BH_s24_medium,2,47,3.566666666666667,0.06823872029781342,-0.13373550191748348
BH_s24_medium,2,48,3.6,-0.09260483831167221,-0.10695222660251702
BH_s24_medium,2,49,3.6333333333333333,-0.23278853297233582,-0.08201058570618384
BH_s24_medium,2,50,3.6666666666666665,-0.3587925434112549,-0.05372317042668828
BH_s24_medium,2,51,3.7,-0.4217289090156555,-0.02055321001059964
BH_s24_medium,2,52,3.7333333333333334,-0.49937012791633606,0.014041121632014647
BH_s24_medium,2,53,3.7666666666666666,-0.5624377727508545,0.04260555825356353
BH_s24_medium,2,54,3.8,-0.6736056208610535,0.056582241896840295
BH_s24_medium,2,55,3.8333333333333335,-0.6885730624198914,0.04971044251018513
BH_s24_medium,2,56,3.8666666666666667,-0.7516407370567322,0.02034667237300248
BH_s24_medium,2,57,3.9,-0.8147083520889282,-0.028241968491602577
BH_s24_medium,2,58,3.933333333333333,-0.8622834086418152,-0.08940061418611922
BH_s24_medium,2,59,3.966666666666667,-0.877776026725769,-0.15522810816907495
BH_s24_medium,2,60,4.0,-0.877776026725769,-0.21796835052649827
BH_s24_medium,2,61,4.033333333333333,-0.9408436417579651,-0.2701465378494818
BH_s24_medium,2,62,4.066666666666666,-0.9408436417579651,-0.30431679611055473
BH_s24_medium,2,63,4.1,-0.6108850240707397,-0.3138550979996837
BH_s24_medium,2,64,4.133333333333334,0.04990442469716072,-0.2952248173028365
BH_s24_medium,2,65,4.166666666666667,0.9157833456993103,-0.25045928436812426
BH_s24_medium,2,66,4.2,1.4691656827926636,-0.18777005950297165
BH_s24_medium,2,67,4.233333333333333,1.5818623304367065,-0.11904965872611784
BH_s24_medium,2,68,4.266666666666667,1.4725325107574463,-0.05519511234323071
BH_s24_medium,2,69,4.3,1.3465285301208496,-0.0018952854720303111
BH_s24_medium,2,70,4.333333333333333,1.220524549484253,0.04166866066607434
BH_s24_medium,2,71,4.366666666666666,1.0486522912979126,0.0805458006380001
BH_s24_medium,2,72,4.4,0.8423812389373779,0.11957324158366708
BH_s24_medium,2,73,4.433333333333334,0.6533095836639404,0.1594133350499937
BH_s24_medium,2,74,4.466666666666667,0.5273056030273438,0.1954644822185105
BH_s24_medium,2,75,4.5,0.4643692374229431,0.22032822596997703
BH_s24_medium,2,76,4.533333333333333,0.4014328718185425,0.2282245118487867
BH_s24_medium,2,77,4.566666666666666,0.21236121654510498,0.2185295330308629
BH_s24_medium,2,78,4.6,0.0863572210073471,0.19643017587979608
BH_s24_medium,2,79,4.633333333333334,-0.03964678570628166,0.17060838355227578
BH_s24_medium,2,80,4.666666666666667,-0.16565078496932983,0.1493831995161533
BH_s24_medium,2,81,4.7,-0.2916547954082489,0.13728816117442405
BH_s24_medium,2,82,4.733333333333333,-0.35459116101264954,0.13372261721181122
BH_s24_medium,2,83,4.766666666666667,-0.4363024830818176,0.13425774324073855
BH_s24_medium,2,84,4.8,-0.5435315370559692,0.13379073147748152
BH_s24_medium,2,85,4.833333333333333,-0.6064678430557251,0.12972177524469788
BH_s24_medium,2,86,4.866666666666666,-0.6255053877830505,0.12327467361172643
BH_s24_medium,2,87,4.9,-0.6885730624198914,0.11809048494809218
BH_s24_medium,2,88,4.933333333333334,-0.7516407370567322,0.11682420180726107
BH_s24_medium,2,89,4.966666666666667,-0.7951456308364868,0.11774310315049746
BH_s24_medium,2,90,5.0,-0.6215198040008545,0.1134880045631959
BH_s24_medium,2,91,5.033333333333333,-0.09395548701286316,0.09315146349085417
BH_s24_medium,2,92,5.066666666666666,0.579175591468811,0.04716353347288773
BH_s24_medium,2,93,5.1,1.1861724853515625,-0.027062954576839757
BH_s24_medium,2,94,5.133333333333334,1.3295917510986328,-0.12143073768699024
BH_s24_medium,2,95,5.166666666666667,1.244157314300537,-0.21743274422576264
BH_s24_medium,2,96,5.2,1.0978028774261475,-0.29066199002995263
BH_s24_medium,2,97,5.233333333333333,0.9293442964553833,-0.31797108198432567
BH_s24_medium,2,98,5.266666666666667,0.740403950214386,-0.28480723616370396
BH_s24_medium,2,99,5.3,0.530587911605835,-0.19053479149472743
BH_s24_medium,2,100,5.333333333333333,0.4045839309692383,-0.05052584226809515
BH_s24_medium,2,101,5.366666666666666,0.32050931453704834,0.1054095712009218
BH_s24_medium,2,102,5.4,0.2574416697025299,0.2384432139480787
BH_s24_medium,2,103,5.433333333333334,0.15270720422267914,0.30977896577161096
BH_s24_medium,2,104,5.466666666666667,0.06823872029781342,0.2918541893810292
BH_s24_medium,2,105,5.5,-0.07763738185167313,0.17859188566058348
BH_s24_medium,2,106,5.533333333333333,-0.22530481219291687,-0.009315091030270143
BH_s24_medium,2,107,5.566666666666666,-0.35130882263183594,-0.227561794364225
BH_s24_medium,2,108,5.6,-0.4363024830818176,-0.4208642778725477
BH_s24_medium,2,109,5.633333333333334,-0.49937012791633606,-0.5416820414032741
BH_s24_medium,2,110,5.666666666666667,-0.6031855344772339,-0.567032949290324
BH_s24_medium,2,111,5.7,-0.6255053877830505,-0.5049936624513152
BH_s24_medium,2,112,5.733333333333333,-0.6885730624198914,-0.3881819911018874
BH_s24_medium,2,113,5.766666666666667,-0.728926956653595,-0.25852529406459174
BH_s24_medium,2,114,5.8,-0.7918633222579956,-0.1505486047735937
BH_s24_medium,2,115,5.833333333333333,-0.8147083520889282,-0.07961621115101378
BH_s24_medium,2,116,5.866666666666666,-0.8147083520889282,-0.03936604587309907
BH_s24_medium,2,117,5.9,-0.877776026725769,-0.008929569300988094
BH_s24_medium,2,118,5.933333333333334,-0.877776026725769,0.03430668444921502
BH_s24_medium,2,119,5.966666666666667,-0.5933762192726135,0.10337121232137382
BH_s24_medium,2,120,6.0,0.11564473062753677,0.19693440691576564
BH_s24_medium,2,121,6.033333333333333,0.9978040456771851,0.3018059868349123
BH_s24_medium,2,122,6.066666666666666,1.636311411857605,0.3999162229281273
BH_s24_medium,2,123,6.1,1.7710652351379395,0.4758260011032326
BH_s24_medium,2,124,6.133333333333334,1.7321555614471436,0.5216457987233604
BH_s24_medium,2,125,6.166666666666667,1.6061515808105469,0.5379790382135118
BH_s24_medium,2,126,6.2,1.4801476001739502,0.5311495894533307
BH_s24_medium,2,127,6.233333333333333,1.3156278133392334,0.5083650532153631
BH_s24_medium,2,128,6.266666666666667,1.06361985206604,0.4734577204589479
BH_s24_medium,2,129,6.3,0.8498649597167969,0.4254993852466646
BH_s24_medium,2,130,6.333333333333333,0.7238609790802002,0.3606109861430917
BH_s24_medium,2,131,6.366666666666666,0.5978569388389587,0.2752668011144536
BH_s24_medium,2,132,6.4,0.47185295820236206,0.168919921387771
BH_s24_medium,2,133,6.433333333333334,0.28278130292892456,0.04459076600852351
BH_s24_medium,2,134,6.466666666666667,0.09370965510606766,-0.09272653056416127
BH_s24_medium,2,135,6.5,-0.03229435160756111,-0.23847780966219
BH_s24_medium,2,136,6.533333333333333,-0.15829835832118988,-0.389153941820425
BH_s24_medium,2,137,6.566666666666666,-0.28430235385894775,-0.539417644955521
BH_s24_medium,2,138,6.6,-0.3732348084449768,-0.6776770860042636
BH_s24_medium,2,139,6.633333333333334,-0.47324272990226746,-0.7846636859194452
BH_s24_medium,2,140,6.666666666666667,-0.5361790657043457,-0.8379691561111896
BH_s24_medium,2,141,6.7,-0.5991154313087463,-0.820980231268074
BH_s24_medium,2,142,6.733333333333333,-0.662051796913147,-0.730974398107292
BH_s24_medium,2,143,6.766666666666667,-0.7249881625175476,-0.5813604002508714
BH_s24_medium,2,144,6.8,-0.7516407370567322,-0.39720883846205546
BH_s24_medium,2,145,6.833333333333333,-0.7877932190895081,-0.20721915993971343
BH_s24_medium,2,146,6.866666666666666,-0.8147083520889282,-0.0356720675086659
BH_s24_medium,2,147,6.9,-0.8147083520889282,0.103581298800721
BH_s24_medium,2,148,6.933333333333334,-0.877776026725769,0.2096355642658995
BH_s24_medium,2,149,6.966666666666667,-0.877776026725769,0.29227549262338504
BH_s24_medium,2,150,7.0,-0.9053476452827454,0.3650548465690921
BH_s24_medium,2,151,7.033333333333333,-0.6101818084716797,0.4364101606179873
BH_s24_medium,2,152,7.066666666666666,0.027368737384676933,0.5036701110439133
BH_s24_medium,2,153,7.1,0.9797323346138,0.5539589411915952
BH_s24_medium,2,154,7.133333333333334,1.7217457294464111,0.5715553896870319
BH_s24_medium,2,155,7.166666666666667,1.9951077699661255,0.5469757514178907
BH_s24_medium,2,156,7.2,1.9255598783493042,0.48259763472970857
BH_s24_medium,2,157,7.233333333333333,1.8341329097747803,0.39240521038244774
BH_s24_medium,2,158,7.266666666666667,1.7366195917129517,0.2967217892371673
BH_s24_medium,2,159,7.3,1.5475479364395142,0.2148274989614908
BH_s24_medium,2,160,7.333333333333333,1.2612254619598389,0.15858200683962775
BH_s24_medium,2,161,7.366666666666666,1.0432692766189575,0.12902872940436105
BH_s24_medium,2,162,7.4,0.8541976809501648,0.11642209880284611
BH_s24_medium,2,163,7.433333333333334,0.7619828581809998,0.1031019415466169
BH_s24_medium,2,164,7.466666666666667,0.6315993666648865,0.06841955979369996
BH_s24_medium,2,165,7.5,0.4761856496334076,-0.005128966181699418
BH_s24_medium,2,166,7.533333333333333,0.25371867418289185,-0.12584116941704845
BH_s24_medium,2,167,7.566666666666666,0.09804233908653259,-0.2884805579591652
BH_s24_medium,2,168,7.6,-0.027961667627096176,-0.47313062502362024
BH_s24_medium,2,169,7.633333333333334,-0.15396566689014435,-0.6481608476923714
BH_s24_medium,2,170,7.666666666666667,-0.2799696624279022,-0.7775649641219194
BH_s24_medium,2,171,7.7,-0.4059736728668213,-0.8312420031635387
BH_s24_medium,2,172,7.733333333333333,-0.4689100384712219,-0.79428224198639
BH_s24_medium,2,173,7.766666666666667,-0.5318464040756226,-0.6708874115483562
BH_s24_medium,2,174,7.8,-0.5947827696800232,-0.4817821762974721
BH_s24_medium,2,175,7.833333333333333,-0.6255053877830505,-0.25759754764116083
BH_s24_medium,2,176,7.866666666666666,-0.6885730624198914,-0.03129868542546269
BH_s24_medium,2,177,7.9,-0.7205241918563843,0.1685750541195905
BH_s24_medium,2,178,7.933333333333334,-0.7516407370567322,0.32283729786517257
BH_s24_medium,2,179,7.966666666666667,-0.8147083520889282,0.42388049915370846
BH_s24_medium,2,180,8.0,-0.7831511497497559,0.4748392051496274
BH_s24_medium,2,181,8.033333333333333,-0.43673408031463623,0.4862359062795062
BH_s24_medium,2,182,8.066666666666666,0.25600650906562805,0.47147864270405865
BH_s24_medium,2,183,8.1,1.0750981569290161,0.442931236043392
BH_s24_medium,2,184,8.133333333333333,1.5808587074279785,0.4099100582937824
BH_s24_medium,2,185,8.166666666666666,1.6140291690826416,0.3788039980591603
BH_s24_medium,2,186,8.2,1.4572557210922241,0.35406102389055116
BH_s24_medium,2,187,8.233333333333333,1.268315315246582,0.3382754247878986
BH_s24_medium,2,188,8.266666666666667,1.0793750286102295,0.33072199080502174
BH_s24_medium,2,189,8.3,0.8273670077323914,0.3254201814151822
BH_s24_medium,2,190,8.333333333333334,0.6056032776832581,0.31068536441612143
BH_s24_medium,2,191,8.366666666666667,0.479599267244339,0.2715346858665277
BH_s24_medium,2,192,8.4,0.41666290163993835,0.19465768029686173
BH_s24_medium,2,193,8.433333333333334,0.3537265658378601,0.07406934678886039
BH_s24_medium,2,194,8.466666666666667,0.22772255539894104,-0.08496980282847437
BH_s24_medium,2,195,8.5,0.06823872029781342,-0.26561252537047714
BH_s24_medium,2,196,8.533333333333333,-0.08735310286283493,-0.4432477855842484
BH_s24_medium,2,197,8.566666666666666,-0.2426823377609253,-0.5923791245829124
BH_s24_medium,2,198,8.6,-0.4024287462234497,-0.6938357093065969
BH_s24_medium,2,199,8.633333333333333,-0.49937012791633606,-0.7391519896890896
BH_s24_medium,2,200,8.666666666666666,-0.5624377727508545,-0.7303493449266432
BH_s24_medium,2,201,8.7,-0.6255053877830505,-0.6759152059898729
BH_s24_medium,2,202,8.733333333333333,-0.6885730624198914,-0.585929899826502
BH_s24_medium,2,203,8.766666666666667,-0.7171105146408081,-0.4693585808795115
BH_s24_medium,2,204,8.8,-0.7516407370567322,-0.3342496938011893
BH_s24_medium,2,205,8.833333333333334,-0.8147083520889282,-0.18913814441869123
BH_s24_medium,2,206,8.866666666666667,-0.8147083520889282,-0.04353639371917742
BH_s24_medium,2,207,8.9,-0.877776026725769,0.0931750344639445
BH_s24_medium,2,208,8.933333333333334,-0.877776026725769,0.21345539497353327
BH_s24_medium,2,209,8.966666666666667,-0.6683915853500366,0.3124050370570331
BH_s24_medium,2,210,9.0,-0.018321387469768524,0.387199461708039
BH_s24_medium,2,211,9.033333333333333,0.891325056552887,0.43604303987461007
BH_s24_medium,2,212,9.066666666666666,1.6555737257003784,0.45783091479318644
BH_s24_medium,2,213,9.1,1.9602681398391724,0.45302575872188333
BH_s24_medium,2,214,9.133333333333333,1.933174967765808,0.4253386274082383
BH_s24_medium,2,215,9.166666666666666,1.7441033124923706,0.3830998193850611
BH_s24_medium,2,216,9.2,1.618099331855774,0.3389893632044019
BH_s24_medium,2,217,9.233333333333333,1.4023282527923584,0.30735509188604426
BH_s24_medium,2,218,9.266666666666667,1.150320291519165,0.29958007663983893
BH_s24_medium,2,219,9.3,0.8983122706413269,0.3191028700925243
BH_s24_medium,2,220,9.333333333333334,0.7356773614883423,0.3580458509882354
BH_s24_medium,2,221,9.366666666666667,0.6096733808517456,0.39705486427401965
BH_s24_medium,2,222,9.4,0.48366937041282654,0.409216883149974
BH_s24_medium,2,223,9.433333333333334,0.29459771513938904,0.3677628416694559
BH_s24_medium,2,224,9.466666666666667,0.10552605986595154,0.25573126160665216
BH_s24_medium,2,225,9.5,-0.04612695425748825,0.07445324715877767
BH_s24_medium,2,226,9.533333333333333,-0.23506730794906616,-0.15267081859477283
BH_s24_medium,2,227,9.566666666666666,-0.39862126111984253,-0.38378268082185146
BH_s24_medium,2,228,9.6,-0.4615575969219208,-0.5700222343256373
BH_s24_medium,2,229,9.633333333333333,-0.5624377727508545,-0.6715736867222574
BH_s24_medium,2,230,9.666666666666666,-0.6504979729652405,-0.6713183616619731
BH_s24_medium,2,231,9.7,-0.7134343385696411,-0.5792963031674899
BH_s24_medium,2,232,9.733333333333333,-0.7516407370567322,-0.4267481342240749
BH_s24_medium,2,233,9.766666666666667,-0.8147083520889282,-0.25440881224528006
BH_s24_medium,2,234,9.8,-0.8391757607460022,-0.10083060136721604
BH_s24_medium,2,235,9.833333333333334,-0.877776026725769,0.00592736346280037
BH_s24_medium,2,236,9.866666666666667,-0.877776026725769,0.052313768951672716
BH_s24_medium,2,237,9.9,-0.9408436417579651,0.03943310030834077
BH_s24_medium,2,238,9.933333333333334,-0.9169014692306519,-0.019518104385735396
BH_s24_medium,2,239,9.966666666666667,-0.6563971042633057,-0.10320642890844689
BH_s24_medium,3,0,3.0,-1.0039112567901611,-0.05577552926411571
BH_s24_medium,3,1,3.033333333333333,-1.0039112567901611,-2.5644109887255335
BH_s24_medium,3,2,3.066666666666667,-0.8388663530349731,-4.693402142604238
BH_s24_medium,3,3,3.1,-0.308150976896286,-6.15565736363733
BH_s24_medium,3,4,3.1333333333333333,0.4233211576938629,-6.821934745609113
BH_s24_medium,3,5,3.1666666666666665,1.2041596174240112,-6.736425117989959
BH_s24_medium,3,6,3.2,1.5061904191970825,-6.077406632997785
BH_s24_medium,3,7,3.2333333333333334,1.5187946557998657,-5.0851667431324845
BH_s24_medium,3,8,3.2666666666666666,1.4055261611938477,-3.9891336005615816
BH_s24_medium,3,9,3.3,1.3425897359848022,-2.9576713157158836
BH_s24_medium,3,10,3.3333333333333335,1.1666474342346191,-2.0792576066641186
BH_s24_medium,3,11,3.3666666666666667,0.9777070879936218,-1.3711301039852548
BH_s24_medium,3,12,3.4,0.7256990671157837,-0.8044871126236536
BH_s24_medium,3,13,3.433333333333333,0.5232354998588562,-0.333867130704034
BH_s24_medium,3,14,3.466666666666667,0.4466446042060852,0.07944378815028903
BH_s24_medium,3,15,3.5,0.3342951238155365,0.45565089255373387
BH_s24_medium,3,16,3.533333333333333,0.20829112827777863,0.7966049517940568
BH_s24_medium,3,17,3.566666666666667,0.06823872029781342,1.0936692155884618
BH_s24_medium,3,18,3.6,-0.09260483831167221,1.3371474644580115
BH_s24_medium,3,19,3.6333333333333333,-0.23278853297233582,1.5222579465550354
BH_s24_medium,3,20,3.6666666666666665,-0.3587925434112549,1.6499914696652633
BH_s24_medium,3,21,3.7,-0.4217289090156555,1.7244735280156898
BH_s24_medium,3,22,3.7333333333333334,-0.49937012791633606,1.7497284669616828
BH_s24_medium,3,23,3.7666666666666666,-0.5624377727508545,1.7280318183907035
BH_s24_medium,3,24,3.8,-0.6736056208610535,1.6604526892091735
BH_s24_medium,3,25,3.8333333333333335,-0.6885730624198914,1.5487442387502777
BH_s24_medium,3,26,3.8666666666666667,-0.7516407370567322,1.3970879699273206
BH_s24_medium,3,27,3.9,-0.8147083520889282,1.2125490266428485
BH_s24_medium,3,28,3.933333333333333,-0.8622834086418152,1.0041484163600274
BH_s24_medium,3,29,3.966666666666667,-0.877776026725769,0.7814634993190134
BH_s24_medium,3,30,4.0,-0.877776026725769,0.5539190050630401
BH_s24_medium,3,31,4.033333333333333,-0.9408436417579651,0.3311972412987216
BH_s24_medium,3,32,4.066666666666666,-0.9408436417579651,0.12395359558374819
BH_s24_medium,3,33,4.1,-0.6108850240707397,-0.05658992245254091
BH_s24_medium,3,34,4.133333333333334,0.04990442469716072,-0.2008482606193017
BH_s24_medium,3,35,4.166666666666667,0.9157833456993103,-0.3040171913155768
BH_s24_medium,3,36,4.2,1.4691656827926636,-0.3682137189719322
BH_s24_medium,3,37,4.233333333333333,1.5818623304367065,-0.4019536385470411
BH_s24_medium,3,38,4.266666666666667,1.4725325107574463,-0.4169319062655227
BH_s24_medium,3,39,4.3,1.3465285301208496,-0.42374884356018855
BH_s24_medium,3,40,4.333333333333333,1.220524549484253,-0.42867648617841
BH_s24_medium,3,41,4.366666666666666,1.0486522912979126,-0.4327733940323316
BH_s24_medium,3,42,4.4,0.8423812389373779,-0.43335356895930827
BH_s24_medium,3,43,4.433333333333334,0.6533095836639404,-0.42666243391572534
BH_s24_medium,3,44,4.466666666666667,0.5273056030273438,-0.41013482062767403
BH_s24_medium,3,45,4.5,0.4643692374229431,-0.38316146951455077
BH_s24_medium,3,46,4.533333333333333,0.4014328718185425,-0.34658402644325514
BH_s24_medium,3,47,4.566666666666666,0.21236121654510498,-0.3019980998497696
BH_s24_medium,3,48,4.6,0.0863572210073471,-0.25158502359528845
BH_s24_medium,3,49,4.633333333333334,-0.03964678570628166,-0.19833958829917464
BH_s24_medium,3,50,4.666666666666667,-0.16565078496932983,-0.146211885667637
BH_s24_medium,3,51,4.7,-0.2916547954082489,-0.09978449378186799
BH_s24_medium,3,52,4.733333333333333,-0.35459116101264954,-0.06326381254587064
BH_s24_medium,3,53,4.766666666666667,-0.4363024830818176,-0.03887280925048121
BH_s24_medium,3,54,4.8,-0.5435315370559692,-0.025290841757751543
BH_s24_medium,3,55,4.833333333333333,-0.6064678430557251,-0.017187240413044577
BH_s24_medium,3,56,4.866666666666666,-0.6255053877830505,-0.0066639956442874956
BH_s24_medium,3,57,4.9,-0.6885730624198914,0.013489379956535097
BH_s24_medium,3,58,4.933333333333334,-0.7516407370567322,0.04599088341237007
BH_s24_medium,3,59,4.966666666666667,-0.7951456308364868,0.08661502217972063
BH_s24_medium,3,60,5.0,-0.6215198040008545,0.12458929321322396
BH_s24_medium,3,61,5.033333333333333,-0.09395548701286316,0.14610933914316093
BH_s24_medium,3,62,5.066666666666666,0.579175591468811,0.1398620563659988
BH_s24_medium,3,63,5.1,1.1861724853515625,0.1024811696415844
BH_s24_medium,3,64,5.133333333333334,1.3295917510986328,0.04168763362472341
BH_s24_medium,3,65,5.166666666666667,1.244157314300537,-0.02440613316529024
BH_s24_medium,3,66,5.2,1.0978028774261475,-0.07195105825190276
BH_s24_medium,3,67,5.233333333333333,0.9293442964553833,-0.07858021318557294
BH_s24_medium,3,68,5.266666666666667,0.740403950214386,-0.03081614629520515
BH_s24_medium,3,69,5.3,0.530587911605835,0.07065084295789756
BH_s24_medium,3,70,5.333333333333333,0.4045839309692383,0.20914545200913404
BH_s24_medium,3,71,5.366666666666666,0.32050931453704834,0.35404100926520243
BH_s24_medium,3,72,5.4,0.2574416697025299,0.46673286450084683
BH_s24_medium,3,73,5.433333333333334,0.15270720422267914,0.5101702620378993
BH_s24_medium,3,74,5.466666666666667,0.06823872029781342,0.46016540436112047
BH_s24_medium,3,75,5.5,-0.07763738185167313,0.31510526161903896
BH_s24_medium,3,76,5.533333333333333,-0.22530481219291687,0.10011114099535892
BH_s24_medium,3,77,5.566666666666666,-0.35130882263183594,-0.13746935364071275
BH_s24_medium,3,78,5.6,-0.4363024830818176,-0.3419345089394982
BH_s24_medium,3,79,5.633333333333334,-0.49937012791633606,-0.468736669152331
BH_s24_medium,3,80,5.666666666666667,-0.6031855344772339,-0.5010452455756457
BH_s24_medium,3,81,5.7,-0.6255053877830505,-0.45450175279162874
BH_s24_medium,3,82,5.733333333333333,-0.6885730624198914,-0.36788923559357695
BH_s24_medium,3,83,5.766666666666667,-0.728926956653595,-0.2852774614561026
BH_s24_medium,3,84,5.8,-0.7918633222579956,-0.238059088231211
BH_s24_medium,3,85,5.833333333333333,-0.8147083520889282,-0.23377000769444437
BH_s24_medium,3,86,5.866666666666666,-0.8147083520889282,-0.25567756064910857
BH_s24_medium,3,87,5.9,-0.877776026725769,-0.2729508290898042
BH_s24_medium,3,88,5.933333333333334,-0.877776026725769,-0.25607628952236344
BH_s24_medium,3,89,5.966666666666667,-0.5933762192726135,-0.18956067454664774
BH_s24_medium,3,90,6.0,0.11564473062753677,-0.07641930468470298
BH_s24_medium,3,91,6.033333333333333,0.9978040456771851,0.06590173955186672
BH_s24_medium,3,92,6.066666666666666,1.636311411857605,0.2145653151542786
BH_s24_medium,3,93,6.1,1.7710652351379395,0.35044807315357285
BH_s24_medium,3,94,6.133333333333334,1.7321555614471436,0.46338759304638344
BH_s24_medium,3,95,6.166666666666667,1.6061515808105469,0.5518765499158736
BH_s24_medium,3,96,6.2,1.4801476001739502,0.6180036525536511
BH_s24_medium,3,97,6.233333333333333,1.3156278133392334,0.660722706403177
BH_s24_medium,3,98,6.266666666666667,1.06361985206604,0.6718712320348699
BH_s24_medium,3,99,6.3,0.8498649597167969,0.6381861483246012
BH_s24_medium,3,100,6.333333333333333,0.7238609790802002,0.5486442821752219
BH_s24_medium,3,101,6.366666666666666,0.5978569388389587,0.40265173238668295
BH_s24_medium,3,102,6.4,0.47185295820236206,0.21390295614588767
BH_s24_medium,3,103,6.433333333333334,0.28278130292892456,0.007183894782467223
BH_s24_medium,3,104,6.466666666666667,0.09370965510606766,-0.1907123399866755
BH_s24_medium,3,105,6.5,-0.03229435160756111,-0.3611944599507707
BH_s24_medium,3,106,6.533333333333333,-0.15829835832118988,-0.4990056347340135
BH_s24_medium,3,107,6.566666666666666,-0.28430235385894775,-0.6087603337133713
BH_s24_medium,3,108,6.6,-0.3732348084449768,-0.6955124016103632
BH_s24_medium,3,109,6.633333333333334,-0.47324272990226746,-0.7565269484188613
BH_s24_medium,3,110,6.666666666666667,-0.5361790657043457,-0.7801417187242659
BH_s24_medium,3,111,6.7,-0.5991154313087463,-0.7520663302533307
BH_s24_medium,3,112,6.733333333333333,-0.662051796913147,-0.6643097665788287
BH_s24_medium,3,113,6.766666666666667,-0.7249881625175476,-0.5209076682844291
BH_s24_medium,3,114,6.8,-0.7516407370567322,-0.33809996544943033
BH_s24_medium,3,115,6.833333333333333,-0.7877932190895081,-0.14036693130950337
BH_s24_medium,3,116,6.866666666666666,-0.8147083520889282,0.045755603805216045
BH_s24_medium,3,117,6.9,-0.8147083520889282,0.19885564041553883
BH_s24_medium,3,118,6.933333333333334,-0.877776026725769,0.30870787838438174
BH_s24_medium,3,119,6.966666666666667,-0.877776026725769,0.3781849379880552
BH_s24_medium,3,120,7.0,-0.9053476452827454,0.4194501785390786
BH_s24_medium,3,121,7.033333333333333,-0.6101818084716797,0.446134285407083
BH_s24_medium,3,122,7.066666666666666,0.027368737384676933,0.4658794393613553
BH_s24_medium,3,123,7.1,0.9797323346138,0.477532151597865
BH_s24_medium,3,124,7.133333333333334,1.7217457294464111,0.47408130117421976
BH_s24_medium,3,125,7.166666666666667,1.9951077699661255,0.4487827078332666
BH_s24_medium,3,126,7.2,1.9255598783493042,0.4005666438078099
BH_s24_medium,3,127,7.233333333333333,1.8341329097747803,0.33596583603264996
BH_s24_medium,3,128,7.266666666666667,1.7366195917129517,0.26703246331937697
BH_s24_medium,3,129,7.3,1.5475479364395142,0.20665761290858325
BH_s24_medium,3,130,7.333333333333333,1.2612254619598389,0.1635241278355906
BH_s24_medium,3,131,7.366666666666666,1.0432692766189575,0.13856418810230792
BH_s24_medium,3,132,7.4,0.8541976809501648,0.12382826844506295
BH_s24_medium,3,133,7.433333333333334,0.7619828581809998,0.10392770189068523
BH_s24_medium,3,134,7.466666666666667,0.6315993666648865,0.059999107364733184
BH_s24_medium,3,135,7.5,0.4761856496334076,-0.0242635343108768
BH_s24_medium,3,136,7.533333333333333,0.25371867418289185,-0.156029635887316
BH_s24_medium,3,137,7.566666666666666,0.09804233908653259,-0.3285256253537078
BH_s24_medium,3,138,7.6,-0.027961667627096176,-0.5199369753524603
BH_s24_medium,3,139,7.633333333333334,-0.15396566689014435,-0.6969288730756232
BH_s24_medium,3,140,7.666666666666667,-0.2799696624279022,-0.8226507131463703
BH_s24_medium,3,141,7.7,-0.4059736728668213,-0.8673750674722461
BH_s24_medium,3,142,7.733333333333333,-0.4689100384712219,-0.8176760046482274
BH_s24_medium,3,143,7.766666666666667,-0.5318464040756226,-0.6799091317423239
BH_s24_medium,3,144,7.8,-0.5947827696800232,-0.47707363939592246
BH_s24_medium,3,145,7.833333333333333,-0.6255053877830505,-0.24166122380521285
BH_s24_medium,3,146,7.866666666666666,-0.6885730624198914,-0.007576767828615128
BH_s24_medium,3,147,7.9,-0.7205241918563843,0.1970118971963864
BH_s24_medium,3,148,7.933333333333334,-0.7516407370567322,0.35455744247188603
BH_s24_medium,3,149,7.966666666666667,-0.8147083520889282,0.4596203849059257
BH_s24_medium,3,150,8.0,-0.7831511497497559,0.5168688537430394
BH_s24_medium,3,151,8.033333333333333,-0.43673408031463623,0.5368130246805635
BH_s24_medium,3,152,8.066666666666666,0.25600650906562805,0.5310805353628509
BH_s24_medium,3,153,8.1,1.0750981569290161,0.5088886482634333
BH_s24_medium,3,154,8.133333333333333,1.5808587074279785,0.4758202281844879
BH_s24_medium,3,155,8.166666666666666,1.6140291690826416,0.4349857146322286
BH_s24_medium,3,156,8.2,1.4572557210922241,0.3892922657436761
BH_s24_medium,3,157,8.233333333333333,1.268315315246582,0.34277424933335765
BH_s24_medium,3,158,8.266666666666667,1.0793750286102295,0.2995671068794784
BH_s24_medium,3,159,8.3,0.8273670077323914,0.26088364819814935
BH_s24_medium,3,160,8.333333333333334,0.6056032776832581,0.22216467103684376
BH_s24_medium,3,161,8.366666666666667,0.479599267244339,0.1729575957050164
BH_s24_medium,3,162,8.4,0.41666290163993835,0.100471360094088
BH_s24_medium,3,163,8.433333333333334,0.3537265658378601,-0.004543952219606441
BH_s24_medium,3,164,8.466666666666667,0.22772255539894104,-0.1422740556478668
BH_s24_medium,3,165,8.5,0.06823872029781342,-0.3012786501069256
BH_s24_medium,3,166,8.533333333333333,-0.08735310286283493,-0.46033685911009153
BH_s24_medium,3,167,8.566666666666666,-0.2426823377609253,-0.5942777423242661
BH_s24_medium,3,168,8.6,-0.4024287462234497,-0.6814464678217261
BH_s24_medium,3,169,8.633333333333333,-0.49937012791633606,-0.7095610927057848
BH_s24_medium,3,170,8.666666666666666,-0.5624377727508545,-0.6775826534899128
BH_s24_medium,3,171,8.7,-0.6255053877830505,-0.5934986674763565
BH_s24_medium,3,172,8.733333333333333,-0.6885730624198914,-0.4702551924419865
BH_s24_medium,3,173,8.766666666666667,-0.7171105146408081,-0.3225746040679163
BH_s24_medium,3,174,8.8,-0.7516407370567322,-0.16553072654615972
BH_s24_medium,3,175,8.833333333333334,-0.8147083520889282,-0.01371621319018567
BH_s24_medium,3,176,8.866666666666667,-0.8147083520889282,0.12021975620917275
BH_s24_medium,3,177,8.9,-0.877776026725769,0.22758628640236933
BH_s24_medium,3,178,8.933333333333334,-0.877776026725769,0.30516929802461545
BH_s24_medium,3,179,8.966666666666667,-0.6683915853500366,0.35517096715646046
BH_s24_medium,3,180,9.0,-0.018321387469768524,0.3832100365086549
BH_s24_medium,3,181,9.033333333333333,0.891325056552887,0.39513083939867105
BH_s24_medium,3,182,9.066666666666666,1.6555737257003784,0.39428216683504974
BH_s24_medium,3,183,9.1,1.9602681398391724,0.3809099938268932
BH_s24_medium,3,184,9.133333333333333,1.933174967765808,0.35410970020702337
BH_s24_medium,3,185,9.166666666666666,1.7441033124923706,0.31512559033949056
BH_s24_medium,3,186,9.2,1.618099331855774,0.269762751916508
BH_s24_medium,3,187,9.233333333333333,1.4023282527923584,0.22800778217092832
BH_s24_medium,3,188,9.266666666666667,1.150320291519165,0.20053297740624818
BH_s24_medium,3,189,9.3,0.8983122706413269,0.19348605589384468
BH_s24_medium,3,190,9.333333333333334,0.7356773614883423,0.20379597430942326
BH_s24_medium,3,191,9.366666666666667,0.6096733808517456,0.2171512658548602
BH_s24_medium,3,192,9.4,0.48366937041282654,0.21019340513775556
BH_s24_medium,3,193,9.433333333333334,0.29459771513938904,0.15727418148368252
BH_s24_medium,3,194,9.466666666666667,0.10552605986595154,0.04035988091180111
BH_s24_medium,3,195,9.5,-0.04612695425748825,-0.1411293046609207
BH_s24_medium,3,196,9.533333333333333,-0.23506730794906616,-0.36475660617796246
BH_s24_medium,3,197,9.566666666666666,-0.39862126111984253,-0.58751300365267
BH_s24_medium,3,198,9.6,-0.4615575969219208,-0.7575515783838838
BH_s24_medium,3,199,9.633333333333333,-0.5624377727508545,-0.831938160631008
BH_s24_medium,3,200,9.666666666666666,-0.6504979729652405,-0.7923863256529642
BH_s24_medium,3,201,9.7,-0.7134343385696411,-0.6507919095595951
BH_s24_medium,3,202,9.733333333333333,-0.7516407370567322,-0.44272350186170956
BH_s24_medium,3,203,9.766666666666667,-0.8147083520889282,-0.21404883732933302
BH_s24_medium,3,204,9.8,-0.8391757607460022,-0.007473032671430857
BH_s24_medium,3,205,9.833333333333334,-0.877776026725769,0.1469925763389178
BH_s24_medium,3,206,9.866666666666667,-0.877776026725769,0.23662115493150002
BH_s24_medium,3,207,9.9,-0.9408436417579651,0.26602357042949887
BH_s24_medium,3,208,9.933333333333334,-0.9169014692306519,0.25319977067769134
BH_s24_medium,3,209,9.966666666666667,-0.6563971042633057,0.2223777944956586
BH_s24_medium,3,210,10.0,0.04479305073618889,0.19563405308646378
BH_s24_medium,3,211,10.033333333333333,1.013437032699585,0.18633707976863287
BH_s24_medium,3,212,10.066666666666666,1.7385979890823364,0.19691824591990859
BH_s24_medium,3,213,10.1,2.0233359336853027,0.22139826836314355
BH_s24_medium,3,214,10.133333333333333,1.9770269393920898,0.2506728267153397
BH_s24_medium,3,215,10.166666666666666,1.8111097812652588,0.2773240053869793
BH_s24_medium,3,216,10.2,1.6851056814193726,0.29750953146617765
BH_s24_medium,3,217,10.233333333333333,1.473273515701294,0.3095973250129839
BH_s24_medium,3,218,10.266666666666667,1.1581978797912598,0.31122431055810607
BH_s24_medium,3,219,10.3,0.9061898589134216,0.2972155164765998
BH_s24_medium,3,220,10.333333333333334,0.6765485405921936,0.26000528412408347
BH_s24_medium,3,221,10.366666666666667,0.613612174987793,0.19266641693975975
BH_s24_medium,3,222,10.4,0.46550408005714417,0.09336306107301086
BH_s24_medium,3,223,10.433333333333334,0.27656373381614685,-0.030774222063107346
BH_s24_medium,3,224,10.466666666666667,0.1094648689031601,-0.16262242903156313
BH_s24_medium,3,225,10.5,-0.03824934735894203,-0.27832420603740093
BH_s24_medium,3,226,10.533333333333333,-0.22718970477581024,-0.35420987756741806
BH_s24_medium,3,227,10.566666666666666,-0.3946824371814728,-0.3746372900613046
BH_s24_medium,3,228,10.6,-0.49937012791633606,-0.3372499965737311
BH_s24_medium,3,229,10.633333333333333,-0.5836228132247925,-0.25339219287384845
BH_s24_medium,3,230,10.666666666666666,-0.6465591788291931,-0.14398577725648126
BH_s24_medium,3,231,10.7,-0.6885730624198914,-0.03312885686493642
BH_s24_medium,3,232,10.733333333333333,-0.7516407370567322,0.05825587881629381
BH_s24_medium,3,233,10.766666666666667,-0.7723006010055542,0.11715264045530709
BH_s24_medium,3,234,10.8,-0.8352369070053101,0.14033224566270616
BH_s24_medium,3,235,10.833333333333334,-0.877776026725769,0.13277556194304924
BH_s24_medium,3,236,10.866666666666667,-0.9205777049064636,0.10364130044482192
BH_s24_medium,3,237,10.9,-0.671101987361908,0.0620330655837138
BH_s24_medium,3,238,10.933333333333334,-0.020947255194187164,0.014399989117534729
BH_s24_medium,3,239,10.966666666666667,0.7749522924423218,-0.03594852554176612
BH_s24_medium,4,0,4.0,-0.877776026725769,0.0067284774108789785
BH_s24_medium,4,1,4.033333333333333,-0.9408436417579651,-2.583594078756831
BH_s24_medium,4,2,4.066666666666666,-0.9408436417579651,-4.7724091213697655
BH_s24_medium,4,3,4.1,-0.6108850240707397,-6.2552074370869315
BH_s24_medium,4,4,4.133333333333334,0.04990442469716072,-6.896235558238917
BH_s24_medium,4,5,4.166666666666667,0.9157833456993103,-6.747397585347446
BH_s24_medium,4,6,4.2,1.4691656827926636,-6.008351395180414
BH_s24_medium,4,7,4.233333333333333,1.5818623304367065,-4.948631936124538
BH_s24_medium,4,8,4.266666666666667,1.4725325107574463,-3.8249135009635093
BH_s24_medium,4,9,4.3,1.3465285301208496,-2.820721494166714
BH_s24_medium,4,10,4.333333333333333,1.220524549484253,-2.0218695997135936
BH_s24_medium,4,11,4.366666666666666,1.0486522912979126,-1.4263681939157948
BH_s24_medium,4,12,4.4,0.8423812389373779,-0.977073029124466
BH_s24_medium,4,13,4.433333333333334,0.6533095836639404,-0.6010158231484308
BH_s24_medium,4,14,4.466666666666667,0.5273056030273438,-0.24106428752363046
BH_s24_medium,4,15,4.5,0.4643692374229431,0.12829964702539726
BH_s24_medium,4,16,4.533333333333333,0.4014328718185425,0.5015062025329292
BH_s24_medium,4,17,4.566666666666666,0.21236121654510498,0.8532975220004798
BH_s24_medium,4,18,4.6,0.0863572210073471,1.1537608413749034
BH_s24_medium,4,19,4.633333333333334,-0.03964678570628166,1.3809549320217593
BH_s24_medium,4,20,4.666666666666667,-0.16565078496932983,1.5273570264974416
BH_s24_medium,4,21,4.7,-0.2916547954082489,1.5992277528990289
BH_s24_medium,4,22,4.733333333333333,-0.35459116101264954,1.6111301376978888
BH_s24_medium,4,23,4.766666666666667,-0.4363024830818176,1.5795442669226265
BH_s24_medium,4,24,4.8,-0.5435315370559692,1.5186260074335358
BH_s24_medium,4,25,4.833333333333333,-0.6064678430557251,1.4388106599205688
BH_s24_medium,4,26,4.866666666666666,-0.6255053877830505,1.347104786848229
BH_s24_medium,4,27,4.9,-0.6885730624198914,1.2475152139739105
BH_s24_medium,4,28,4.933333333333334,-0.7516407370567322,1.1409568849607237
BH_s24_medium,4,29,4.966666666666667,-0.7951456308364868,1.0251096274327107
BH_s24_medium,4,30,5.0,-0.6215198040008545,0.895079191881557
BH_s24_medium,4,31,5.033333333333333,-0.09395548701286316,0.7453356639099376
BH_s24_medium,4,32,5.066666666666666,0.579175591468811,0.5727161585299989
BH_s24_medium,4,33,5.1,1.1861724853515625,0.37959804070932074
BH_s24_medium,4,34,5.133333333333334,1.3295917510986328,0.17592146183830734
BH_s24_medium,4,35,5.166666666666667,1.244157314300537,-0.021125439518137414
BH_s24_medium,4,36,5.2,1.0978028774261475,-0.19015941298002592
BH_s24_medium,4,37,5.233333333333333,0.9293442964553833,-0.3107152215217218
BH_s24_medium,4,38,5.266666666666667,0.740403950214386,-0.3689263570533423
BH_s24_medium,4,39,5.3,0.530587911605835,-0.362159950032528
BH_s24_medium,4,40,5.333333333333333,0.4045839309692383,-0.3015124355730945
BH_s24_medium,4,41,5.366666666666666,0.32050931453704834,-0.2115153244623286
BH_s24_medium,4,42,5.4,0.2574416697025299,-0.12638583392280014
BH_s24_medium,4,43,5.433333333333334,0.15270720422267914,-0.08246800120287366
BH_s24_medium,4,44,5.466666666666667,0.06823872029781342,-0.10786096055303254
BH_s24_medium,4,45,5.5,-0.07763738185167313,-0.21203809579460073
BH_s24_medium,4,46,5.533333333333333,-0.22530481219291687,-0.3794324228107652
BH_s24_medium,4,47,5.566666666666666,-0.35130882263183594,-0.5709211756477558
BH_s24_medium,4,48,5.6,-0.4363024830818176,-0.735288381005351
BH_s24_medium,4,49,5.633333333333334,-0.49937012791633606,-0.8280838991153616
BH_s24_medium,4,50,5.666666666666667,-0.6031855344772339,-0.8293663132537866
BH_s24_medium,4,51,5.7,-0.6255053877830505,-0.7505626228572608
BH_s24_medium,4,52,5.733333333333333,-0.6885730624198914,-0.6271908344982313
BH_s24_medium,4,53,5.766666666666667,-0.728926956653595,-0.50242973443123
BH_s24_medium,4,54,5.8,-0.7918633222579956,-0.409574165291869
BH_s24_medium,4,55,5.833333333333333,-0.8147083520889282,-0.3600410361788208
BH_s24_medium,4,56,5.866666666666666,-0.8147083520889282,-0.3411304159329557
BH_s24_medium,4,57,5.9,-0.877776026725769,-0.3241602120775059
BH_s24_medium,4,58,5.933333333333334,-0.877776026725769,-0.2787161131751618
BH_s24_medium,4,59,5.966666666666667,-0.5933762192726135,-0.18574850301608045
BH_s24_medium,4,60,6.0,0.11564473062753677,-0.04377597075865682
BH_s24_medium,4,61,6.033333333333333,0.9978040456771851,0.13305964136640233
BH_s24_medium,4,62,6.066666666666666,1.636311411857605,0.3222663213300009
BH_s24_medium,4,63,6.1,1.7710652351379395,0.5011915083148727
BH_s24_medium,4,64,6.133333333333334,1.7321555614471436,0.6527658193341667
BH_s24_medium,4,65,6.166666666666667,1.6061515808105469,0.7674904377257509
BH_s24_medium,4,66,6.2,1.4801476001739502,0.8418726389410285
BH_s24_medium,4,67,6.233333333333333,1.3156278133392334,0.8747700862914644
BH_s24_medium,4,68,6.266666666666667,1.06361985206604,0.8643752153576516
BH_s24_medium,4,69,6.3,0.8498649597167969,0.8083307681601705
BH_s24_medium,4,70,6.333333333333333,0.7238609790802002,0.7068979532167489
BH_s24_medium,4,71,6.366666666666666,0.5978569388389587,0.5663872004711507
BH_s24_medium,4,72,6.4,0.47185295820236206,0.3996949597939977
BH_s24_medium,4,73,6.433333333333334,0.28278130292892456,0.22270414526640092
BH_s24_medium,4,74,6.466666666666667,0.09370965510606766,0.04801361652940598
BH_s24_medium,4,75,6.5,-0.03229435160756111,-0.12031254404054094
BH_s24_medium,4,76,6.533333333333333,-0.15829835832118988,-0.28679577745907797
BH_s24_medium,4,77,6.566666666666666,-0.28430235385894775,-0.45783487990214367
BH_s24_medium,4,78,6.6,-0.3732348084449768,-0.6317404591322565
BH_s24_medium,4,79,6.633333333333334,-0.47324272990226746,-0.7923736178579619
BH_s24_medium,4,80,6.666666666666667,-0.5361790657043457,-0.9114870418893943
BH_s24_medium,4,81,6.7,-0.5991154313087463,-0.959269720020213
BH_s24_medium,4,82,6.733333333333333,-0.662051796913147,-0.9172483607180888
BH_s24_medium,4,83,6.766666666666667,-0.7249881625175476,-0.7864906349511956
BH_s24_medium,4,84,6.8,-0.7516407370567322,-0.5877810129664274
BH_s24_medium,4,85,6.833333333333333,-0.7877932190895081,-0.35507567905919146
BH_s24_medium,4,86,6.866666666666666,-0.8147083520889282,-0.1252851892995412
BH_s24_medium,4,87,6.9,-0.8147083520889282,0.072491050369445
BH_s24_medium,4,88,6.933333333333334,-0.877776026725769,0.2245871610543177
BH_s24_medium,4,89,6.966666666666667,-0.877776026725769,0.33381544476602015
BH_s24_medium,4,90,7.0,-0.9053476452827454,0.41327357066312514
BH_s24_medium,4,91,7.033333333333333,-0.6101818084716797,0.4762200463595538
BH_s24_medium,4,92,7.066666666666666,0.027368737384676933,0.527733328749595
BH_s24_medium,4,93,7.1,0.9797323346138,0.5627866795376294
BH_s24_medium,4,94,7.133333333333334,1.7217457294464111,0.5711248138230953
BH_s24_medium,4,95,7.166666666666667,1.9951077699661255,0.5451583275376192
BH_s24_medium,4,96,7.2,1.9255598783493042,0.48602273868707413
BH_s24_medium,4,97,7.233333333333333,1.8341329097747803,0.40477693549353866
BH_s24_medium,4,98,7.266666666666667,1.7366195917129517,0.31854261575217163
BH_s24_medium,4,99,7.3,1.5475479364395142,0.24373114992312156
BH_s24_medium,4,100,7.333333333333333,1.2612254619598389,0.18953626802585566
BH_s24_medium,4,101,7.366666666666666,1.0432692766189575,0.15434567626500587
BH_s24_medium,4,102,7.4,0.8541976809501648,0.12612725810251463
BH_s24_medium,4,103,7.433333333333334,0.7619828581809998,0.0863221635206302
BH_s24_medium,4,104,7.466666666666667,0.6315993666648865,0.016080807745782633
BH_s24_medium,4,105,7.5,0.4761856496334076,-0.09668034593913255
BH_s24_medium,4,106,7.533333333333333,0.25371867418289185,-0.2514744687916453
BH_s24_medium,4,107,7.566666666666666,0.09804233908653259,-0.4329019908896796
BH_s24_medium,4,108,7.6,-0.027961667627096176,-0.6130236388159159
BH_s24_medium,4,109,7.633333333333334,-0.15396566689014435,-0.7580669173037208
BH_s24_medium,4,110,7.666666666666667,-0.2799696624279022,-0.8375597677691367
BH_s24_medium,4,111,7.7,-0.4059736728668213,-0.8329035871109617
BH_s24_medium,4,112,7.733333333333333,-0.4689100384712219,-0.7421613783806116
BH_s24_medium,4,113,7.766666666666667,-0.5318464040756226,-0.5793553850435312
BH_s24_medium,4,114,7.8,-0.5947827696800232,-0.3695577920443896
BH_s24_medium,4,115,7.833333333333333,-0.6255053877830505,-0.1427740103094747
BH_s24_medium,4,116,7.866666666666666,-0.6885730624198914,0.07161892401237824
BH_s24_medium,4,117,7.9,-0.7205241918563843,0.2498251150621057
BH_s24_medium,4,118,7.933333333333334,-0.7516407370567322,0.37756810117430806
BH_s24_medium,4,119,7.966666666666667,-0.8147083520889282,0.4516911962342437
BH_s24_medium,4,120,8.0,-0.7831511497497559,0.4787790120240457
BH_s24_medium,4,121,8.033333333333333,-0.43673408031463623,0.4716235822829336
BH_s24_medium,4,122,8.066666666666666,0.25600650906562805,0.4449737884609337
BH_s24_medium,4,123,8.1,1.0750981569290161,0.4118501998391741
BH_s24_medium,4,124,8.133333333333333,1.5808587074279785,0.38139988112433537
BH_s24_medium,4,125,8.166666666666666,1.6140291690826416,0.35860597973802083
BH_s24_medium,4,126,8.2,1.4572557210922241,0.34507751002451165
BH_s24_medium,4,127,8.233333333333333,1.268315315246582,0.33959394433924917
BH_s24_medium,4,128,8.266666666666667,1.0793750286102295,0.33779383157403625
BH_s24_medium,4,129,8.3,0.8273670077323914,0.3316446008905802
BH_s24_medium,4,130,8.333333333333334,0.6056032776832581,0.30993967588422383
BH_s24_medium,4,131,8.366666666666667,0.479599267244339,0.2606210107756649
BH_s24_medium,4,132,8.4,0.41666290163993835,0.1745732088629827
BH_s24_medium,4,133,8.433333333333334,0.3537265658378601,0.049525616872821546
BH_s24_medium,4,134,8.466666666666667,0.22772255539894104,-0.1075226085603616
BH_s24_medium,4,135,8.5,0.06823872029781342,-0.2805302547811687
BH_s24_medium,4,136,8.533333333333333,-0.08735310286283493,-0.44774283672987336
BH_s24_medium,4,137,8.566666666666666,-0.2426823377609253,-0.5873327692960205
BH_s24_medium,4,138,8.6,-0.4024287462234497,-0.6830401439166266
BH_s24_medium,4,139,8.633333333333333,-0.49937012791633606,-0.7271000704397539
BH_s24_medium,4,140,8.666666666666666,-0.5624377727508545,-0.7193568988095117
BH_s24_medium,4,141,8.7,-0.6255053877830505,-0.6639594946781966
BH_s24_medium,4,142,8.733333333333333,-0.6885730624198914,-0.5664786821144563
BH_s24_medium,4,143,8.766666666666667,-0.7171105146408081,-0.43354438022559855
BH_s24_medium,4,144,8.8,-0.7516407370567322,-0.27459741236281415
BH_s24_medium,4,145,8.833333333333334,-0.8147083520889282,-0.10329187701130632
BH_s24_medium,4,146,8.866666666666667,-0.8147083520889282,0.06366194126269252
BH_s24_medium,4,147,8.9,-0.877776026725769,0.21029426709499668
BH_s24_medium,4,148,8.933333333333334,-0.877776026725769,0.3256901421150151
BH_s24_medium,4,149,8.966666666666667,-0.6683915853500366,0.40613215454936086
BH_s24_medium,4,150,9.0,-0.018321387469768524,0.45393607460236846
BH_s24_medium,4,151,9.033333333333333,0.891325056552887,0.47412695615846373
BH_s24_medium,4,152,9.066666666666666,1.6555737257003784,0.4713133671733765
BH_s24_medium,4,153,9.1,1.9602681398391724,0.4486449776946364
BH_s24_medium,4,154,9.133333333333333,1.933174967765808,0.4090999000393284
BH_s24_medium,4,155,9.166666666666666,1.7441033124923706,0.3577050509535926
BH_s24_medium,4,156,9.2,1.618099331855774,0.30269631607608816
BH_s24_medium,4,157,9.233333333333333,1.4023282527923584,0.2543188272833559
BH_s24_medium,4,158,9.266666666666667,1.150320291519165,0.22143325311690157
BH_s24_medium,4,159,9.3,0.8983122706413269,0.2073605981754349
BH_s24_medium,4,160,9.333333333333334,0.7356773614883423,0.20676742013286964
BH_s24_medium,4,161,9.366666666666667,0.6096733808517456,0.20504337003808568
BH_s24_medium,4,162,9.4,0.48366937041282654,0.1810064860609914
BH_s24_medium,4,163,9.433333333333334,0.29459771513938904,0.11295270742833627
BH_s24_medium,4,164,9.466666666666667,0.10552605986595154,-0.013052570380820177
BH_s24_medium,4,165,9.5,-0.04612695425748825,-0.19508255382216583
BH_s24_medium,4,166,9.533333333333333,-0.23506730794906616,-0.4109531182481242
BH_s24_medium,4,167,9.566666666666666,-0.39862126111984253,-0.6208160568385502
BH_s24_medium,4,168,9.6,-0.4615575969219208,-0.7777949332806229
BH_s24_medium,4,169,9.633333333333333,-0.5624377727508545,-0.8435621535172844
BH_s24_medium,4,170,9.666666666666666,-0.6504979729652405,-0.8017243917395291
BH_s24_medium,4,171,9.7,-0.7134343385696411,-0.6621321430222356
BH_s24_medium,4,172,9.733333333333333,-0.7516407370567322,-0.4550703306520648
BH_s24_medium,4,173,9.766666666666667,-0.8147083520889282,-0.2202583877452379
BH_s24_medium,4,174,9.8,-0.8391757607460022,0.0036801371815234673
BH_s24_medium,4,175,9.833333333333334,-0.877776026725769,0.18660603944692009
BH_s24_medium,4,176,9.866666666666667,-0.877776026725769,0.311013741594983
BH_s24_medium,4,177,9.9,-0.9408436417579651,0.37351789615340336
BH_s24_medium,4,178,9.933333333333334,-0.9169014692306519,0.38371411632663
BH_s24_medium,4,179,9.966666666666667,-0.6563971042633057,0.36013607375027856
BH_s24_medium,4,180,10.0,0.04479305073618889,0.3238800367563983
BH_s24_medium,4,181,10.033333333333333,1.013437032699585,0.29190884244843535
BH_s24_medium,4,182,10.066666666666666,1.7385979890823364,0.2727624487086285
BH_s24_medium,4,183,10.1,2.0233359336853027,0.26642822936449295
BH_s24_medium,4,184,10.133333333333333,1.9770269393920898,0.2677094120936263
BH_s24_medium,4,185,10.166666666666666,1.8111097812652588,0.27043708915514264
BH_s24_medium,4,186,10.2,1.6851056814193726,0.2699222003107952
BH_s24_medium,4,187,10.233333333333333,1.473273515701294,0.26274757083451544
BH_s24_medium,4,188,10.266666666666667,1.1581978797912598,0.24491072634529878
BH_s24_medium,4,189,10.3,0.9061898589134216,0.21028120066484668
BH_s24_medium,4,190,10.333333333333334,0.6765485405921936,0.15094123928275544
BH_s24_medium,4,191,10.366666666666667,0.613612174987793,0.05980589631369523
BH_s24_medium,4,192,10.4,0.46550408005714417,-0.06524462445348446
BH_s24_medium,4,193,10.433333333333334,0.27656373381614685,-0.21740559720343472
BH_s24_medium,4,194,10.466666666666667,0.1094648689031601,-0.37933942817147054
BH_s24_medium,4,195,10.5,-0.03824934735894203,-0.5255418245579017
BH_s24_medium,4,196,10.533333333333333,-0.22718970477581024,-0.6285077813908535
BH_s24_medium,4,197,10.566666666666666,-0.3946824371814728,-0.6664708256161191
BH_s24_medium,4,198,10.6,-0.49937012791633606,-0.6295364765191175
BH_s24_medium,4,199,10.633333333333333,-0.5836228132247925,-0.5219029218741935
BH_s24_medium,4,200,10.666666666666666,-0.6465591788291931,-0.360059012918471
BH_s24_medium,4,201,10.7,-0.6885730624198914,-0.16849679356948616
BH_s24_medium,4,202,10.733333333333333,-0.7516407370567322,0.025604742976628105
BH_s24_medium,4,203,10.766666666666667,-0.7723006010055542,0.19779751635034984
BH_s24_medium,4,204,10.8,-0.8352369070053101,0.3306190191570631
BH_s24_medium,4,205,10.833333333333334,-0.877776026725769,0.41524533170237954
BH_s24_medium,4,206,10.866666666666667,-0.9205777049064636,0.45030878280893427
BH_s24_medium,4,207,10.9,-0.671101987361908,0.4393416733510509
BH_s24_medium,4,208,10.933333333333334,-0.020947255194187164,0.38890756576983454
BH_s24_medium,4,209,10.966666666666667,0.7749522924423218,0.3084260454875463
BH_s24_medium,4,210,11.0,1.451881766319275,0.2107604544189603
BH_s24_medium,4,211,11.033333333333333,1.6253204345703125,0.11171375979072276
BH_s24_medium,4,212,11.066666666666666,1.479838252067566,0.02767939999120545
BH_s24_medium,4,213,11.1,1.2908978462219238,-0.027682241637758436
BH_s24_medium,4,214,11.133333333333333,1.0388898849487305,-0.04648686693324323
BH_s24_medium,4,215,11.166666666666666,0.7868818044662476,-0.028668593889324766
BH_s24_medium,4,216,11.2,0.5348738431930542,0.01730615195135563
BH_s24_medium,4,217,11.233333333333333,0.36475521326065063,0.0752987473670239
BH_s24_medium,4,218,11.266666666666667,0.30181884765625,0.12410058136583343
BH_s24_medium,4,219,11.3,0.23888249695301056,0.14173379685153334
BH_s24_medium,4,220,11.333333333333334,0.11287849396467209,0.11103118557995643
BH_s24_medium,4,221,11.366666666666667,-0.013125507161021233,0.02551333474108563
BH_s24_medium,4,222,11.4,-0.20219716429710388,-0.10606505777510497
BH_s24_medium,4,223,11.433333333333334,-0.34623515605926514,-0.2585612753803027
BH_s24_medium,4,224,11.466666666666667,-0.5172728300094604,-0.394488932208309
BH_s24_medium,4,225,11.5,-0.5802091956138611,-0.4736035964350335
BH_s24_medium,4,226,11.533333333333333,-0.6885730624198914,-0.46583432606030956
BH_s24_medium,4,227,11.566666666666666,-0.7516407370567322,-0.36301123959436665
BH_s24_medium,4,228,11.6,-0.8147083520889282,-0.18421445802862577
BH_s24_medium,4,229,11.633333333333333,-0.8319545984268188,0.0285170827071845
BH_s24_medium,4,230,11.666666666666666,-0.877776026725769,0.22339699484709674
BH_s24_medium,4,231,11.7,-0.8947596549987793,0.3561498421980231
BH_s24_medium,4,232,11.733333333333333,-0.9408436417579651,0.4043176343110221
BH_s24_medium,4,233,11.766666666666667,-0.8443338871002197,0.3727473585459008
BH_s24_medium,4,234,11.8,-0.38324177265167236,0.28843372664278655
BH_s24_medium,4,235,11.833333333333334,0.4521770775318146,0.18777205705781413
BH_s24_medium,4,236,11.866666666666667,1.348159909248352,0.10241542960053432
BH_s24_medium,4,237,11.9,1.7872611284255981,0.0496211907396671
BH_s24_medium,4,238,11.933333333333334,1.818068265914917,0.029563296832928344
BH_s24_medium,4,239,11.966666666666667,1.6920642852783203,0.02845913555934972
BH_s24_medium,5,0,5.0,-0.6215198040008545,0.04178284078131209
BH_s24_medium,5,1,5.033333333333333,-0.09395548701286316,-2.339227360623305
BH_s24_medium,5,2,5.066666666666666,0.579175591468811,-4.355885446417771
BH_s24_medium,5,3,5.1,1.1861724853515625,-5.730672711559291
BH_s24_medium,5,4,5.133333333333334,1.3295917510986328,-6.33749001921503
BH_s24_medium,5,5,5.166666666666667,1.244157314300537,-6.217022337897038
BH_s24_medium,5,6,5.2,1.0978028774261475,-5.539751980840738
BH_s24_medium,5,7,5.233333333333333,0.9293442964553833,-4.5378456906973215
BH_s24_medium,5,8,5.266666666666667,0.740403950214386,-3.4361899985273117
BH_s24_medium,5,9,5.3,0.530587911605835,-2.404631212169534
BH_s24_medium,5,10,5.333333333333333,0.4045839309692383,-1.5396638263419378
BH_s24_medium,5,11,5.366666666666666,0.32050931453704834,-0.8717853405212658
BH_s24_medium,5,12,5.4,0.2574416697025299,-0.3875332691205183
BH_s24_medium,5,13,5.433333333333334,0.15270720422267914,-0.053650332202596004
BH_s24_medium,5,14,5.466666666666667,0.06823872029781342,0.16603968908580596
BH_s24_medium,5,15,5.5,-0.07763738185167313,0.3044934517698997
BH_s24_medium,5,16,5.533333333333333,-0.22530481219291687,0.3931522401743947
BH_s24_medium,5,17,5.566666666666666,-0.35130882263183594,0.46458953568733385
BH_s24_medium,5,18,5.6,-0.4363024830818176,0.5495967824266885
BH_s24_medium,5,19,5.633333333333334,-0.49937012791633606,0.66759869826884
BH_s24_medium,5,20,5.666666666666667,-0.6031855344772339,0.8167877761473445
BH_s24_medium,5,21,5.7,-0.6255053877830505,0.9728320812307291
BH_s24_medium,5,22,5.733333333333333,-0.6885730624198914,1.0989127498026852
BH_s24_medium,5,23,5.766666666666667,-0.728926956653595,1.1617451364100972
BH_s24_medium,5,24,5.8,-0.7918633222579956,1.145709010496893
BH_s24_medium,5,25,5.833333333333333,-0.8147083520889282,1.059470579664172
BH_s24_medium,5,26,5.866666666666666,-0.8147083520889282,0.9327031036255671
BH_s24_medium,5,27,5.9,-0.877776026725769,0.8042642196992242
BH_s24_medium,5,28,5.933333333333334,-0.877776026725769,0.7073632653431028
BH_s24_medium,5,29,5.966666666666667,-0.5933762192726135,0.6587943747289862
BH_s24_medium,5,30,6.0,0.11564473062753677,0.6562583133566351
BH_s24_medium,5,31,6.033333333333333,0.9978040456771851,0.68304350418913
BH_s24_medium,5,32,6.066666666666666,1.636311411857605,0.7166202276730741
BH_s24_medium,5,33,6.1,1.7710652351379395,0.7373286030913142
BH_s24_medium,5,34,6.133333333333334,1.7321555614471436,0.7340372562808528
BH_s24_medium,5,35,6.166666666666667,1.6061515808105469,0.7049909948081964
BH_s24_medium,5,36,6.2,1.4801476001739502,0.6540218700797915
BH_s24_medium,5,37,6.233333333333333,1.3156278133392334,0.5844869914939514
BH_s24_medium,5,38,6.266666666666667,1.06361985206604,0.49476364124956357
BH_s24_medium,5,39,6.3,0.8498649597167969,0.37840808283263083
BH_s24_medium,5,40,6.333333333333333,0.7238609790802002,0.22893444628406254
BH_s24_medium,5,41,6.366666666666666,0.5978569388389587,0.045932812369667515
BH_s24_medium,5,42,6.4,0.47185295820236206,-0.16157044613487895
BH_s24_medium,5,43,6.433333333333334,0.28278130292892456,-0.3768080563402177
BH_s24_medium,5,44,6.466666666666667,0.09370965510606766,-0.5812436400896128
BH_s24_medium,5,45,6.5,-0.03229435160756111,-0.7612446165238401
BH_s24_medium,5,46,6.533333333333333,-0.15829835832118988,-0.9109542065197236
BH_s24_medium,5,47,6.566666666666666,-0.28430235385894775,-1.0291766021682707
BH_s24_medium,5,48,6.6,-0.3732348084449768,-1.112857877336633
BH_s24_medium,5,49,6.633333333333334,-0.47324272990226746,-1.1528547284244115
BH_s24_medium,5,50,6.666666666666667,-0.5361790657043457,-1.1359417419302957
BH_s24_medium,5,51,6.7,-0.5991154313087463,-1.0520788692935823
BH_s24_medium,5,52,6.733333333333333,-0.662051796913147,-0.9019209116258483
BH_s24_medium,5,53,6.766666666666667,-0.7249881625175476,-0.6995150275551175
BH_s24_medium,5,54,6.8,-0.7516407370567322,-0.46907289312206235
BH_s24_medium,5,55,6.833333333333333,-0.7877932190895081,-0.23850045799340827
BH_s24_medium,5,56,6.866666666666666,-0.8147083520889282,-0.032634744882175916
BH_s24_medium,5,57,6.9,-0.8147083520889282,0.1323282279622837
BH_s24_medium,5,58,6.933333333333334,-0.877776026725769,0.2520641200518473
BH_s24_medium,5,59,6.966666666666667,-0.877776026725769,0.3336226937959288
BH_s24_medium,5,60,7.0,-0.9053476452827454,0.3907299614837688
BH_s24_medium,5,61,7.033333333333333,-0.6101818084716797,0.43653972032018157
BH_s24_medium,5,62,7.066666666666666,0.027368737384676933,0.4774370709421569
BH_s24_medium,5,63,7.1,0.9797323346138,0.5113413181557063
BH_s24_medium,5,64,7.133333333333334,1.7217457294464111,0.531127509883505
BH_s24_medium,5,65,7.166666666666667,1.9951077699661255,0.5305381510450092
BH_s24_medium,5,66,7.2,1.9255598783493042,0.5088611775773574
BH_s24_medium,5,67,7.233333333333333,1.8341329097747803,0.4719753270259347
BH_s24_medium,5,68,7.266666666666667,1.7366195917129517,0.4297678892237741
BH_s24_medium,5,69,7.3,1.5475479364395142,0.39174163289362673
BH_s24_medium,5,70,7.333333333333333,1.2612254619598389,0.3629006683543295
BH_s24_medium,5,71,7.366666666666666,1.0432692766189575,0.3412466177649736
BH_s24_medium,5,72,7.4,0.8541976809501648,0.31742811732168086
BH_s24_medium,5,73,7.433333333333334,0.7619828581809998,0.2766575366308809
BH_s24_medium,5,74,7.466666666666667,0.6315993666648865,0.2027650518027037
BH_s24_medium,5,75,7.5,0.4761856496334076,0.08377830975201521
BH_s24_medium,5,76,7.533333333333333,0.25371867418289185,-0.08242342431299031
BH_s24_medium,5,77,7.566666666666666,0.09804233908653259,-0.2844276588892726
BH_s24_medium,5,78,7.6,-0.027961667627096176,-0.49735791907383586
BH_s24_medium,5,79,7.633333333333334,-0.15396566689014435,-0.6874405276221547
BH_s24_medium,5,80,7.666666666666667,-0.2799696624279022,-0.8203644494678158
BH_s24_medium,5,81,7.7,-0.4059736728668213,-0.8709217027740268
BH_s24_medium,5,82,7.733333333333333,-0.4689100384712219,-0.8299687411222214
BH_s24_medium,5,83,7.766666666666667,-0.5318464040756226,-0.7056568200165144
BH_s24_medium,5,84,7.8,-0.5947827696800232,-0.5194717465276069
BH_s24_medium,5,85,7.833333333333333,-0.6255053877830505,-0.3002472070733643
BH_s24_medium,5,86,7.866666666666666,-0.6885730624198914,-0.07827300359068558
BH_s24_medium,5,87,7.9,-0.7205241918563843,0.12029881242477855
BH_s24_medium,5,88,7.933333333333334,-0.7516407370567322,0.27815186663860403
BH_s24_medium,5,89,7.966666666666667,-0.8147083520889282,0.3889160813959942
BH_s24_medium,5,90,8.0,-0.7831511497497559,0.45577244879627204
BH_s24_medium,5,91,8.033333333333333,-0.43673408031463623,0.48749597480813667
BH_s24_medium,5,92,8.066666666666666,0.25600650906562805,0.49392974486156704
BH_s24_medium,5,93,8.1,1.0750981569290161,0.4827823895316004
BH_s24_medium,5,94,8.133333333333333,1.5808587074279785,0.458844733729524
BH_s24_medium,5,95,8.166666666666666,1.6140291690826416,0.425404032680968
BH_s24_medium,5,96,8.2,1.4572557210922241,0.3862118726902758
BH_s24_medium,5,97,8.233333333333333,1.268315315246582,0.34594302213599315
BH_s24_medium,5,98,8.266666666666667,1.0793750286102295,0.3083000743288193
BH_s24_medium,5,99,8.3,0.8273670077323914,0.272903402354202
BH_s24_medium,5,100,8.333333333333334,0.6056032776832581,0.2333723463898264
BH_s24_medium,5,101,8.366666666666667,0.479599267244339,0.17858002822429223
BH_s24_medium,5,102,8.4,0.41666290163993835,0.09710667919768552
BH_s24_medium,5,103,8.433333333333334,0.3537265658378601,-0.017090699822621246
BH_s24_medium,5,104,8.466666666666667,0.22772255539894104,-0.160428010060769
BH_s24_medium,5,105,8.5,0.06823872029781342,-0.31883875969796754
BH_s24_medium,5,106,8.533333333333333,-0.08735310286283493,-0.47097051294286585
BH_s24_medium,5,107,8.566666666666666,-0.2426823377609253,-0.5943737543648363
BH_s24_medium,5,108,8.6,-0.4024287462234497,-0.6719877809105903
BH_s24_medium,5,109,8.633333333333333,-0.49937012791633606,-0.6959015890280027
BH_s24_medium,5,110,8.666666666666666,-0.5624377727508545,-0.6670187844136805
BH_s24_medium,5,111,8.7,-0.6255053877830505,-0.5918274019563435
BH_s24_medium,5,112,8.733333333333333,-0.6885730624198914,-0.4791367297627895
BH_s24_medium,5,113,8.766666666666667,-0.7171105146408081,-0.33904723698140815
BH_s24_medium,5,114,8.8,-0.7516407370567322,-0.18384897238324502
BH_s24_medium,5,115,8.833333333333334,-0.8147083520889282,-0.02843568151806141
BH_s24_medium,5,116,8.866666666666667,-0.8147083520889282,0.11173478341144584
BH_s24_medium,5,117,8.9,-0.877776026725769,0.22473537349401174
BH_s24_medium,5,118,8.933333333333334,-0.877776026725769,0.3057666728871808
BH_s24_medium,5,119,8.966666666666667,-0.6683915853500366,0.3576080474916306
BH_s24_medium,5,120,9.0,-0.018321387469768524,0.38750094344831554
BH_s24_medium,5,121,9.033333333333333,0.891325056552887,0.40257508339220444
BH_s24_medium,5,122,9.066666666666666,1.6555737257003784,0.40663447952181353
BH_s24_medium,5,123,9.1,1.9602681398391724,0.39992323883013264
BH_s24_medium,5,124,9.133333333333333,1.933174967765808,0.38155348262170213
BH_s24_medium,5,125,9.166666666666666,1.7441033124923706,0.35273392205013815
BH_s24_medium,5,126,9.2,1.618099331855774,0.3185338186195389
BH_s24_medium,5,127,9.233333333333333,1.4023282527923584,0.2868143928712234
BH_s24_medium,5,128,9.266666666666667,1.150320291519165,0.264645616561708
BH_s24_medium,5,129,9.3,0.8983122706413269,0.25393853160992164
BH_s24_medium,5,130,9.333333333333334,0.7356773614883423,0.24837273298376245
BH_s24_medium,5,131,9.366666666666667,0.6096733808517456,0.23317746334610653
BH_s24_medium,5,132,9.4,0.48366937041282654,0.18846492283964367
BH_s24_medium,5,133,9.433333333333334,0.29459771513938904,0.09576583196399084
BH_s24_medium,5,134,9.466666666666667,0.10552605986595154,-0.053798368368970784
BH_s24_medium,5,135,9.5,-0.04612695425748825,-0.2524179737033647
BH_s24_medium,5,136,9.533333333333333,-0.23506730794906616,-0.47286687757373064
BH_s24_medium,5,137,9.566666666666666,-0.39862126111984253,-0.6728233397035933
BH_s24_medium,5,138,9.6,-0.4615575969219208,-0.8066239123555362
BH_s24_medium,5,139,9.633333333333333,-0.5624377727508545,-0.8408894836245026
BH_s24_medium,5,140,9.666666666666666,-0.6504979729652405,-0.766729719872317
BH_s24_medium,5,141,9.7,-0.7134343385696411,-0.6019276075614001
BH_s24_medium,5,142,9.733333333333333,-0.7516407370567322,-0.38287108201581777
BH_s24_medium,5,143,9.766666666666667,-0.8147083520889282,-0.1520607160126015
BH_s24_medium,5,144,9.8,-0.8391757607460022,0.05282683801439355
BH_s24_medium,5,145,9.833333333333334,-0.877776026725769,0.20592699149066396
BH_s24_medium,5,146,9.866666666666667,-0.877776026725769,0.29640878617194943
BH_s24_medium,5,147,9.9,-0.9408436417579651,0.3285037096656371
BH_s24_medium,5,148,9.933333333333334,-0.9169014692306519,0.3184153135692332
BH_s24_medium,5,149,9.966666666666667,-0.6563971042633057,0.2883404267527452
BH_s24_medium,5,150,10.0,0.04479305073618889,0.259162077850945
BH_s24_medium,5,151,10.033333333333333,1.013437032699585,0.24454130351970405
BH_s24_medium,5,152,10.066666666666666,1.7385979890823364,0.2486620547738765
BH_s24_medium,5,153,10.1,2.0233359336853027,0.26795541952152796
BH_s24_medium,5,154,10.133333333333333,1.9770269393920898,0.29502074217669455
BH_s24_medium,5,155,10.166666666666666,1.8111097812652588,0.32204626659657815
BH_s24_medium,5,156,10.2,1.6851056814193726,0.34192766238059374
BH_s24_medium,5,157,10.233333333333333,1.473273515701294,0.3472626177814357
BH_s24_medium,5,158,10.266666666666667,1.1581978797912598,0.32907377631085527
BH_s24_medium,5,159,10.3,0.9061898589134216,0.27733941632375286
BH_s24_medium,5,160,10.333333333333334,0.6765485405921936,0.18402168998905694
BH_s24_medium,5,161,10.366666666666667,0.613612174987793,0.04744239367231671
BH_s24_medium,5,162,10.4,0.46550408005714417,-0.12411825682951141
BH_s24_medium,5,163,10.433333333333334,0.27656373381614685,-0.31158607370792674
BH_s24_medium,5,164,10.466666666666667,0.1094648689031601,-0.48807027172194234
BH_s24_medium,5,165,10.5,-0.03824934735894203,-0.6251660103482705
BH_s24_medium,5,166,10.533333333333333,-0.22718970477581024,-0.7004183555289348
BH_s24_medium,5,167,10.566666666666666,-0.3946824371814728,-0.703005127380469
BH_s24_medium,5,168,10.6,-0.49937012791633606,-0.6354990169467823
BH_s24_medium,5,169,10.633333333333333,-0.5836228132247925,-0.5114455000470411
BH_s24_medium,5,170,10.666666666666666,-0.6465591788291931,-0.35030892228613647
BH_s24_medium,5,171,10.7,-0.6885730624198914,-0.17211421633238555
BH_s24_medium,5,172,10.733333333333333,-0.7516407370567322,0.006389535644121407
BH_s24_medium,5,173,10.766666666666667,-0.7723006010055542,0.17317462084854968
BH_s24_medium,5,174,10.8,-0.8352369070053101,0.31983771833892755
BH_s24_medium,5,175,10.833333333333334,-0.877776026725769,0.43877475501275615
BH_s24_medium,5,176,10.866666666666667,-0.9205777049064636,0.5208166080537263
BH_s24_medium,5,177,10.9,-0.671101987361908,0.5557662652417021
BH_s24_medium,5,178,10.933333333333334,-0.020947255194187164,0.536350590844599
BH_s24_medium,5,179,10.966666666666667,0.7749522924423218,0.4634542633694132
BH_s24_medium,5,180,11.0,1.451881766319275,0.34930475722126275
BH_s24_medium,5,181,11.033333333333333,1.6253204345703125,0.21628428765092914
BH_s24_medium,5,182,11.066666666666666,1.479838252067566,0.09151805572193672
BH_s24_medium,5,183,11.1,1.2908978462219238,-0.0004498742469314747
BH_s24_medium,5,184,11.133333333333333,1.0388898849487305,-0.04410643843053896
BH_s24_medium,5,185,11.166666666666666,0.7868818044662476,-0.03668175983978601
BH_s24_medium,5,186,11.2,0.5348738431930542,0.011463480437047029
BH_s24_medium,5,187,11.233333333333333,0.36475521326065063,0.07938626551011146
BH_s24_medium,5,188,11.266666666666667,0.30181884765625,0.140185336462918
BH_s24_medium,5,189,11.3,0.23888249695301056,0.16679054981567834
BH_s24_medium,5,190,11.333333333333334,0.11287849396467209,0.13810445909950356
BH_s24_medium,5,191,11.366666666666667,-0.013125507161021233,0.044630517784127646
BH_s24_medium,5,192,11.4,-0.20219716429710388,-0.10755620609779508
BH_s24_medium,5,193,11.433333333333334,-0.34623515605926514,-0.29585516272976653
BH_s24_medium,5,194,11.466666666666667,-0.5172728300094604,-0.4843414562818922
BH_s24_medium,5,195,11.5,-0.5802091956138611,-0.631483735846143
BH_s24_medium,5,196,11.533333333333333,-0.6885730624198914,-0.7013692546760492
BH_s24_medium,5,197,11.566666666666666,-0.7516407370567322,-0.6753442393594155
BH_s24_medium,5,198,11.6,-0.8147083520889282,-0.5590851887949805
BH_s24_medium,5,199,11.633333333333333,-0.8319545984268188,-0.38095198769600064
BH_s24_medium,5,200,11.666666666666666,-0.877776026725769,-0.18190669828706726
BH_s24_medium,5,201,11.7,-0.8947596549987793,-0.001788049092040373
BH_s24_medium,5,202,11.733333333333333,-0.9408436417579651,0.1322901646829866
BH_s24_medium,5,203,11.766666666666667,-0.8443338871002197,0.21152359855599212
BH_s24_medium,5,204,11.8,-0.38324177265167236,0.24365994935872753
BH_s24_medium,5,205,11.833333333333334,0.4521770775318146,0.24544724263499842
BH_s24_medium,5,206,11.866666666666667,1.348159909248352,0.2336097972181705
BH_s24_medium,5,207,11.9,1.7872611284255981,0.21911905712748278
BH_s24_medium,5,208,11.933333333333334,1.818068265914917,0.206574983082003
BH_s24_medium,5,209,11.966666666666667,1.6920642852783203,0.19689670268459472
BH_s24_medium,5,210,12.0,1.5029926300048828,0.19033202825397844
BH_s24_medium,5,211,12.033333333333333,1.2982503175735474,0.18793891293240422
BH_s24_medium,5,212,12.066666666666666,1.030702829360962,0.19139964009865865
BH_s24_medium,5,213,12.1,0.7311666011810303,0.20200879193604285
BH_s24_medium,5,214,12.133333333333333,0.4944354295730591,0.21959753307866398
BH_s24_medium,5,215,12.166666666666666,0.36843141913414,0.24169771740358356
BH_s24_medium,5,216,12.2,0.24242742359638214,0.26313865686125315
BH_s24_medium,5,217,12.233333333333333,0.11642342060804367,0.27634354971737174
BH_s24_medium,5,218,12.266666666666667,-0.024332238361239433,0.27243042510432275
BH_s24_medium,5,219,12.3,-0.2132726013660431,0.2428984157137872
BH_s24_medium,5,220,12.333333333333334,-0.4022129476070404,0.18150822392349597
BH_s24_medium,5,221,12.366666666666667,-0.5767955183982849,0.08613327800953441
BH_s24_medium,5,222,12.4,-0.6885730624198914,-0.039330980793738146
BH_s24_medium,5,223,12.433333333333334,-0.7516407370567322,-0.18312910149025616
BH_s24_medium,5,224,12.466666666666667,-0.8147083520889282,-0.32496143787113246
BH_s24_medium,5,225,12.5,-0.877776026725769,-0.4382248172866542
BH_s24_medium,5,226,12.533333333333333,-0.9408436417579651,-0.49621043985704033
BH_s24_medium,5,227,12.566666666666666,-0.954413652420044,-0.4809663734738643
BH_s24_medium,5,228,12.6,-1.0039112567901611,-0.3909308391908726
BH_s24_medium,5,229,12.633333333333333,-1.066978931427002,-0.2431984790812165
BH_s24_medium,5,230,12.666666666666666,-1.066978931427002,-0.06932603479305761
BH_s24_medium,5,231,12.7,-1.066978931427002,0.09323939169661319
BH_s24_medium,5,232,12.733333333333333,-1.066978931427002,0.21148473021850586
BH_s24_medium,5,233,12.766666666666667,-0.9783468246459961,0.2665058832880087
BH_s24_medium,5,234,12.8,-0.4738810360431671,0.2591070504595713
BH_s24_medium,5,235,12.833333333333334,0.4331863224506378,0.20795708146397918
BH_s24_medium,5,236,12.866666666666667,1.4039219617843628,0.140313815350972
BH_s24_medium,5,237,12.9,1.9217146635055542,0.07965608277523763
BH_s24_medium,5,238,12.933333333333334,2.0112099647521973,0.03626445334138794
BH_s24_medium,5,239,12.966666666666667,1.8732115030288696,0.005019786648488928
BH_s24_medium,6,0,6.0,0.11564473062753677,0.13930107585978663
BH_s24_medium,6,1,6.033333333333333,0.9978040456771851,-2.0957156979786076
BH_s24_medium,6,2,6.066666666666666,1.636311411857605,-3.9755559871299933
BH_s24_medium,6,3,6.1,1.7710652351379395,-5.2314292283144805
BH_s24_medium,6,4,6.133333333333334,1.7321555614471436,-5.748175221797564
BH_s24_medium,6,5,6.166666666666667,1.6061515808105469,-5.577669618138646
BH_s24_medium,6,6,6.2,1.4801476001739502,-4.899133075763025
BH_s24_medium,6,7,6.233333333333333,1.3156278133392334,-3.9492627601227395
BH_s24_medium,6,8,6.266666666666667,1.06361985206604,-2.952797798606978
BH_s24_medium,6,9,6.3,0.8498649597167969,-2.074372686631365
BH_s24_medium,6,10,6.333333333333333,0.7238609790802002,-1.398708365864769
BH_s24_medium,6,11,6.366666666666666,0.5978569388389587,-0.9358567549153674
BH_s24_medium,6,12,6.4,0.47185295820236206,-0.6431098250954725
BH_s24_medium,6,13,6.433333333333334,0.28278130292892456,-0.45417824779136284
BH_s24_medium,6,14,6.466666666666667,0.09370965510606766,-0.30708432445699346
BH_s24_medium,6,15,6.5,-0.03229435160756111,-0.1634304476306339
BH_s24_medium,6,16,6.533333333333333,-0.15829835832118988,-0.013648204019981347
BH_s24_medium,6,17,6.566666666666666,-0.28430235385894775,0.13233563615674976
BH_s24_medium,6,18,6.6,-0.3732348084449768,0.2620968216481051
BH_s24_medium,6,19,6.633333333333334,-0.47324272990226746,0.37421261816952517
BH_s24_medium,6,20,6.666666666666667,-0.5361790657043457,0.4807086241891069
BH_s24_medium,6,21,6.7,-0.5991154313087463,0.5990700818685104
BH_s24_medium,6,22,6.733333333333333,-0.662051796913147,0.7407153683832818
BH_s24_medium,6,23,6.766666666666667,-0.7249881625175476,0.9035244234930109
BH_s24_medium,6,24,6.8,-0.7516407370567322,1.071653005078604
BH_s24_medium,6,25,6.833333333333333,-0.7877932190895081,1.221037731564298
BH_s24_medium,6,26,6.866666666666666,-0.8147083520889282,1.3275105271448862
BH_s24_medium,6,27,6.9,-0.8147083520889282,1.3749365267521114
BH_s24_medium,6,28,6.933333333333334,-0.877776026725769,1.3607322276653413
BH_s24_medium,6,29,6.966666666666667,-0.877776026725769,1.2961892177988046
BH_s24_medium,6,30,7.0,-0.9053476452827454,1.200804698454784
BH_s24_medium,6,31,7.033333333333333,-0.6101818084716797,1.0929731528876294
BH_s24_medium,6,32,7.066666666666666,0.027368737384676933,0.982017601163506
BH_s24_medium,6,33,7.1,0.9797323346138,0.8661770204514613
BH_s24_medium,6,34,7.133333333333334,1.7217457294464111,0.737274445042504
BH_s24_medium,6,35,7.166666666666667,1.9951077699661255,0.5885164185218988
BH_s24_medium,6,36,7.2,1.9255598783493042,0.42060768215054434
BH_s24_medium,6,37,7.233333333333333,1.8341329097747803,0.24319774881832767
BH_s24_medium,6,38,7.266666666666667,1.7366195917129517,0.07167500268990168
BH_s24_medium,6,39,7.3,1.5475479364395142,-0.07846688771577852
BH_s24_medium,6,40,7.333333333333333,1.2612254619598389,-0.19705176905875713
BH_s24_medium,6,41,7.366666666666666,1.0432692766189575,-0.28268078786403583
BH_s24_medium,6,42,7.4,0.8541976809501648,-0.34355012271850327
BH_s24_medium,6,43,7.433333333333334,0.7619828581809998,-0.39554190454650795
BH_s24_medium,6,44,7.466666666666667,0.6315993666648865,-0.45769430670676475
BH_s24_medium,6,45,7.5,0.4761856496334076,-0.5457076839410928
BH_s24_medium,6,46,7.533333333333333,0.25371867418289185,-0.665362496246528
BH_s24_medium,6,47,7.566666666666666,0.09804233908653259,-0.8085249261725392
BH_s24_medium,6,48,7.6,-0.027961667627096176,-0.9537160958397369
BH_s24_medium,6,49,7.633333333333334,-0.15396566689014435,-1.071393828192336
BH_s24_medium,6,50,7.666666666666667,-0.2799696624279022,-1.1322052106536387
BH_s24_medium,6,51,7.7,-0.4059736728668213,-1.1152620416577346
BH_s24_medium,6,52,7.733333333333333,-0.4689100384712219,-1.0134699177803348
BH_s24_medium,6,53,7.766666666666667,-0.5318464040756226,-0.8344767781638653
BH_s24_medium,6,54,7.8,-0.5947827696800232,-0.5982131911331832
BH_s24_medium,6,55,7.833333333333333,-0.6255053877830505,-0.3329902438811039
BH_s24_medium,6,56,7.866666666666666,-0.6885730624198914,-0.0707291298671645
BH_s24_medium,6,57,7.9,-0.7205241918563843,0.15917609354803616
BH_s24_medium,6,58,7.933333333333334,-0.7516407370567322,0.3363977062105124
BH_s24_medium,6,59,7.966666666666667,-0.8147083520889282,0.4538573756106767
BH_s24_medium,6,60,8.0,-0.7831511497497559,0.5174572304796119
BH_s24_medium,6,61,8.033333333333333,-0.43673408031463623,0.5416226906026759
BH_s24_medium,6,62,8.066666666666666,0.25600650906562805,0.5428384060945061
BH_s24_medium,6,63,8.1,1.0750981569290161,0.5340237711354694
BH_s24_medium,6,64,8.133333333333333,1.5808587074279785,0.5220266427584551
BH_s24_medium,6,65,8.166666666666666,1.6140291690826416,0.5087634823865368
BH_s24_medium,6,66,8.2,1.4572557210922241,0.494279544602762
BH_s24_medium,6,67,8.233333333333333,1.268315315246582,0.4789478685621161
BH_s24_medium,6,68,8.266666666666667,1.0793750286102295,0.46318280862835426
BH_s24_medium,6,69,8.3,0.8273670077323914,0.4452516364377022
BH_s24_medium,6,70,8.333333333333334,0.6056032776832581,0.41920442513376993
BH_s24_medium,6,71,8.366666666666667,0.479599267244339,0.3748723051072593
BH_s24_medium,6,72,8.4,0.41666290163993835,0.30061787518376326
BH_s24_medium,6,73,8.433333333333334,0.3537265658378601,0.1879854322440251
BH_s24_medium,6,74,8.466666666666667,0.22772255539894104,0.036445981710687025
BH_s24_medium,6,75,8.5,0.06823872029781342,-0.14377699367755525
BH_s24_medium,6,76,8.533333333333333,-0.08735310286283493,-0.33237499204765847
BH_s24_medium,6,77,8.566666666666666,-0.2426823377609253,-0.5034622018097187
BH_s24_medium,6,78,8.6,-0.4024287462234497,-0.6324579969464039
BH_s24_medium,6,79,8.633333333333333,-0.49937012791633606,-0.7025017932288583
BH_s24_medium,6,80,8.666666666666666,-0.5624377727508545,-0.7076725406266355
BH_s24_medium,6,81,8.7,-0.6255053877830505,-0.6521271102835378
BH_s24_medium,6,82,8.733333333333333,-0.6885730624198914,-0.5468147146822774
BH_s24_medium,6,83,8.766666666666667,-0.7171105146408081,-0.40641611263493843
BH_s24_medium,6,84,8.8,-0.7516407370567322,-0.2475635058017705
BH_s24_medium,6,85,8.833333333333334,-0.8147083520889282,-0.0873709792834891
BH_s24_medium,6,86,8.866666666666667,-0.8147083520889282,0.05878879976164182
BH_s24_medium,6,87,8.9,-0.877776026725769,0.17994320110618675
BH_s24_medium,6,88,8.933333333333334,-0.877776026725769,0.2711924285236925
BH_s24_medium,6,89,8.966666666666667,-0.6683915853500366,0.3331588790709244
BH_s24_medium,6,90,9.0,-0.018321387469768524,0.3693507730447223
BH_s24_medium,6,91,9.033333333333333,0.891325056552887,0.3830437254612071
BH_s24_medium,6,92,9.066666666666666,1.6555737257003784,0.3756681014786911
BH_s24_medium,6,93,9.1,1.9602681398391724,0.3477130915436644
BH_s24_medium,6,94,9.133333333333333,1.933174967765808,0.30143961797403657
BH_s24_medium,6,95,9.166666666666666,1.7441033124923706,0.24342951784427222
BH_s24_medium,6,96,9.2,1.618099331855774,0.1850587941795381
BH_s24_medium,6,97,9.233333333333333,1.4023282527923584,0.140134189126883
BH_s24_medium,6,98,9.266666666666667,1.150320291519165,0.12034832389230196
BH_s24_medium,6,99,9.3,0.8983122706413269,0.1301754386178789
BH_s24_medium,6,100,9.333333333333334,0.7356773614883423,0.16306100463325535
BH_s24_medium,6,101,9.366666666666667,0.6096733808517456,0.20053307834311918
BH_s24_medium,6,102,9.4,0.48366937041282654,0.2154234107312799
BH_s24_medium,6,103,9.433333333333334,0.29459771513938904,0.17941085060791234
BH_s24_medium,6,104,9.466666666666667,0.10552605986595154,0.07339525344152742
BH_s24_medium,6,105,9.5,-0.04612695425748825,-0.1026050519928017
BH_s24_medium,6,106,9.533333333333333,-0.23506730794906616,-0.3242875122253136
BH_s24_medium,6,107,9.566666666666666,-0.39862126111984253,-0.5462698551560021
BH_s24_medium,6,108,9.6,-0.4615575969219208,-0.7147114423614662
BH_s24_medium,6,109,9.633333333333333,-0.5624377727508545,-0.7857461987336555
BH_s24_medium,6,110,9.666666666666666,-0.6504979729652405,-0.7413862577033249
BH_s24_medium,6,111,9.7,-0.7134343385696411,-0.5946315829311275
BH_s24_medium,6,112,9.733333333333333,-0.7516407370567322,-0.38223565975040047
BH_s24_medium,6,113,9.766666666666667,-0.8147083520889282,-0.1507925175954011
BH_s24_medium,6,114,9.8,-0.8391757607460022,0.056797356636508325
BH_s24_medium,6,115,9.833333333333334,-0.877776026725769,0.21054418011507672
BH_s24_medium,6,116,9.866666666666667,-0.877776026725769,0.29753677058338457
BH_s24_medium,6,117,9.9,-0.9408436417579651,0.3217529993718048
BH_s24_medium,6,118,9.933333333333334,-0.9169014692306519,0.3002588656158506
BH_s24_medium,6,119,9.966666666666667,-0.6563971042633057,0.25660845452723013
BH_s24_medium,6,120,10.0,0.04479305073618889,0.2131781221957158
BH_s24_medium,6,121,10.033333333333333,1.013437032699585,0.1850262707246628
BH_s24_medium,6,122,10.066666666666666,1.7385979890823364,0.17742109601084952
BH_s24_medium,6,123,10.1,2.0233359336853027,0.18747565369718944
BH_s24_medium,6,124,10.133333333333333,1.9770269393920898,0.2083390360929308
BH_s24_medium,6,125,10.166666666666666,1.8111097812652588,0.23326716780836337
BH_s24_medium,6,126,10.2,1.6851056814193726,0.2573343316385755
BH_s24_medium,6,127,10.233333333333333,1.473273515701294,0.2762938085897881
BH_s24_medium,6,128,10.266666666666667,1.1581978797912598,0.28411902790789234
BH_s24_medium,6,129,10.3,0.9061898589134216,0.2716794296983197
BH_s24_medium,6,130,10.333333333333334,0.6765485405921936,0.22816219253823905
BH_s24_medium,6,131,10.366666666666667,0.613612174987793,0.14508221326668563
BH_s24_medium,6,132,10.4,0.46550408005714417,0.021273140961302554
BH_s24_medium,6,133,10.433333333333334,0.27656373381614685,-0.13344205188452388
BH_s24_medium,6,134,10.466666666666667,0.1094648689031601,-0.298077419204975
BH_s24_medium,6,135,10.5,-0.03824934735894203,-0.44479885729397634
BH_s24_medium,6,136,10.533333333333333,-0.22718970477581024,-0.5466391078582872
BH_s24_medium,6,137,10.566666666666666,-0.3946824371814728,-0.5856062456267372
BH_s24_medium,6,138,10.6,-0.49937012791633606,-0.5576599922015634
BH_s24_medium,6,139,10.633333333333333,-0.5836228132247925,-0.4725020042432244
BH_s24_medium,6,140,10.666666666666666,-0.6465591788291931,-0.3489084856862866
BH_s24_medium,6,141,10.7,-0.6885730624198914,-0.2083012030803798
BH_s24_medium,6,142,10.733333333333333,-0.7516407370567322,-0.06905438380330417
BH_s24_medium,6,143,10.766666666666667,-0.7723006010055542,0.05701417089049243
BH_s24_medium,6,144,10.8,-0.8352369070053101,0.16498345154173696
BH_s24_medium,6,145,10.833333333333334,-0.877776026725769,0.2538517113889413
BH_s24_medium,6,146,10.866666666666667,-0.9205777049064636,0.3221060518631633
BH_s24_medium,6,147,10.9,-0.671101987361908,0.36505454236697493
BH_s24_medium,6,148,10.933333333333334,-0.020947255194187164,0.37598681813645574
BH_s24_medium,6,149,10.966666666666667,0.7749522924423218,0.35048345642218287
BH_s24_medium,6,150,11.0,1.451881766319275,0.2910188273273842
BH_s24_medium,6,151,11.033333333333333,1.6253204345703125,0.2088524507130651
BH_s24_medium,6,152,11.066666666666666,1.479838252067566,0.12206979775279993
BH_s24_medium,6,153,11.1,1.2908978462219238,0.050837998024495436
BH_s24_medium,6,154,11.133333333333333,1.0388898849487305,0.011857378759377549
BH_s24_medium,6,155,11.166666666666666,0.7868818044662476,0.01368773570404392
BH_s24_medium,6,156,11.2,0.5348738431930542,0.05396729439349733
BH_s24_medium,6,157,11.233333333333333,0.36475521326065063,0.11897398454153472
BH_s24_medium,6,158,11.266666666666667,0.30181884765625,0.18560613635140008
BH_s24_medium,6,159,11.3,0.23888249695301056,0.22567727991473102
BH_s24_medium,6,160,11.333333333333334,0.11287849396467209,0.2122566538270113
BH_s24_medium,6,161,11.366666666666667,-0.013125507161021233,0.12731949083809066
BH_s24_medium,6,162,11.4,-0.20219716429710388,-0.030899530572816074
BH_s24_medium,6,163,11.433333333333334,-0.34623515605926514,-0.24331609486324526
BH_s24_medium,6,164,11.466666666666667,-0.5172728300094604,-0.4708219887142055
BH_s24_medium,6,165,11.5,-0.5802091956138611,-0.6621864368458029
BH_s24_medium,6,166,11.533333333333333,-0.6885730624198914,-0.7683281455269183
BH_s24_medium,6,167,11.566666666666666,-0.7516407370567322,-0.758761959997709
BH_s24_medium,6,168,11.6,-0.8147083520889282,-0.6330645445417091
BH_s24_medium,6,169,11.633333333333333,-0.8319545984268188,-0.4211852123371887
BH_s24_medium,6,170,11.666666666666666,-0.877776026725769,-0.17233054699530914
BH_s24_medium,6,171,11.7,-0.8947596549987793,0.061809080705475444
BH_s24_medium,6,172,11.733333333333333,-0.9408436417579651,0.2423051889197087
BH_s24_medium,6,173,11.766666666666667,-0.8443338871002197,0.35170048371840895
BH_s24_medium,6,174,11.8,-0.38324177265167236,0.39403954616767733
BH_s24_medium,6,175,11.833333333333334,0.4521770775318146,0.3873449825217148
BH_s24_medium,6,176,11.866666666666667,1.348159909248352,0.3531477349590965
BH_s24_medium,6,177,11.9,1.7872611284255981,0.3086893515713668
BH_s24_medium,6,178,11.933333333333334,1.818068265914917,0.2644323766690455
BH_s24_medium,6,179,11.966666666666667,1.6920642852783203,0.22554801128177818
BH_s24_medium,6,180,12.0,1.5029926300048828,0.1945923519239144
BH_s24_medium,6,181,12.033333333333333,1.2982503175735474,0.17344135986541231
BH_s24_medium,6,182,12.066666666666666,1.030702829360962,0.16385711198813704
BH_s24_medium,6,183,12.1,0.7311666011810303,0.16689710581051093
BH_s24_medium,6,184,12.133333333333333,0.4944354295730591,0.1816957174609592
BH_s24_medium,6,185,12.166666666666666,0.36843141913414,0.2042087895184754
BH_s24_medium,6,186,12.2,0.24242742359638214,0.22656081563421657
BH_s24_medium,6,187,12.233333333333333,0.11642342060804367,0.23757909477375097
BH_s24_medium,6,188,12.266666666666667,-0.024332238361239433,0.22475534681682643
BH_s24_medium,6,189,12.3,-0.2132726013660431,0.17726336871167386
BH_s24_medium,6,190,12.333333333333334,-0.4022129476070404,0.08907419765449083
BH_s24_medium,6,191,12.366666666666667,-0.5767955183982849,-0.03883708385826534
BH_s24_medium,6,192,12.4,-0.6885730624198914,-0.1975781194395853
BH_s24_medium,6,193,12.433333333333334,-0.7516407370567322,-0.37053938373585094
BH_s24_medium,6,194,12.466666666666667,-0.8147083520889282,-0.5346747233003581
BH_s24_medium,6,195,12.5,-0.877776026725769,-0.6633959885372481
BH_s24_medium,6,196,12.533333333333333,-0.9408436417579651,-0.7317177255103801
BH_s24_medium,6,197,12.566666666666666,-0.954413652420044,-0.7230831291117563
BH_s24_medium,6,198,12.6,-1.0039112567901611,-0.635227000661821
BH_s24_medium,6,199,12.633333333333333,-1.066978931427002,-0.4818976509096662
BH_s24_medium,6,200,12.666666666666666,-1.066978931427002,-0.289547138961843
BH_s24_medium,6,201,12.7,-1.066978931427002,-0.09067471595246175
BH_s24_medium,6,202,12.733333333333333,-1.066978931427002,0.08408330339784978
BH_s24_medium,6,203,12.766666666666667,-0.9783468246459961,0.21334421494918496
BH_s24_medium,6,204,12.8,-0.4738810360431671,0.28945813370044216
BH_s24_medium,6,205,12.833333333333334,0.4331863224506378,0.3179289379039116
BH_s24_medium,6,206,12.866666666666667,1.4039219617843628,0.3123176479140674
BH_s24_medium,6,207,12.9,1.9217146635055542,0.28797320317718683
BH_s24_medium,6,208,12.933333333333334,2.0112099647521973,0.2580095985351463
BH_s24_medium,6,209,12.966666666666667,1.8732115030288696,0.2325722714216345
BH_s24_medium,6,210,13.0,1.6961344480514526,0.21976955469140394
BH_s24_medium,6,211,13.033333333333333,1.5583984851837158,0.2257489597126491
BH_s24_medium,6,212,13.066666666666666,1.2947899103164673,0.25285487229649584
BH_s24_medium,6,213,13.1,0.9282471537590027,0.2969284512289671
BH_s24_medium,6,214,13.133333333333333,0.6762391328811646,0.3457020163555924
BH_s24_medium,6,215,13.166666666666666,0.49850553274154663,0.37987777156046243
BH_s24_medium,6,216,13.2,0.37250152230262756,0.3776045462740148
BH_s24_medium,6,217,13.233333333333333,0.23555338382720947,0.32179482942010285
BH_s24_medium,6,218,13.266666666666667,0.05742586776614189,0.20814929717299333
BH_s24_medium,6,219,13.3,-0.14232733845710754,0.05059403929818269
BH_s24_medium,6,220,13.333333333333334,-0.33126771450042725,-0.11911379567332993
BH_s24_medium,6,221,13.366666666666667,-0.5097891092300415,-0.2593506727666542
BH_s24_medium,6,222,13.4,-0.6357930898666382,-0.3330936731104045
BH_s24_medium,6,223,13.433333333333334,-0.7516407370567322,-0.32405799972081767
BH_s24_medium,6,224,13.466666666666667,-0.8147083520889282,-0.2466155287218002
BH_s24_medium,6,225,13.5,-0.877776026725769,-0.14275781654645428
BH_s24_medium,6,226,13.533333333333333,-0.9408436417579651,-0.0658515210025581
BH_s24_medium,6,227,13.566666666666666,-1.0039112567901611,-0.05805707295924582
BH_s24_medium,6,228,13.6,-1.013411283493042,-0.13104082949386933
BH_s24_medium,6,229,13.633333333333333,-1.066978931427002,-0.2583001416062657
BH_s24_medium,6,230,13.666666666666666,-1.066978931427002,-0.3838772425844947
BH_s24_medium,6,231,13.7,-1.1300466060638428,-0.4457389739369233
BH_s24_medium,6,232,13.733333333333333,-1.1300466060638428,-0.40370205753920196
BH_s24_medium,6,233,13.766666666666667,-1.0404486656188965,-0.2580469496211105
BH_s24_medium,6,234,13.8,-0.5101648569107056,-0.05026406980026382
BH_s24_medium,6,235,13.833333333333334,0.3260885775089264,0.15314704590034764
BH_s24_medium,6,236,13.866666666666667,1.3087718486785889,0.2862632407878365
BH_s24_medium,6,237,13.9,1.7793835401535034,0.3087410347667145
BH_s24_medium,6,238,13.933333333333334,1.8259458541870117,0.2208946638245965
BH_s24_medium,6,239,13.966666666666667,1.6918861865997314,0.06324525883209663
BH_s24_medium,7,0,7.0,-0.9053476452827454,0.11806327054471116
BH_s24_medium,7,1,7.033333333333333,-0.6101818084716797,-2.2159631503203143
BH_s24_medium,7,2,7.066666666666666,0.027368737384676933,-4.192193029692207
BH_s24_medium,7,3,7.1,0.9797323346138,-5.538074038897354
BH_s24_medium,7,4,7.133333333333334,1.7217457294464111,-6.132425640140531
BH_s24_medium,7,5,7.166666666666667,1.9951077699661255,-6.019503562508702
BH_s24_medium,7,6,7.2,1.9255598783493042,-5.370600354335002
BH_s24_medium,7,7,7.233333333333333,1.8341329097747803,-4.4152984770925245
BH_s24_medium,7,8,7.266666666666667,1.7366195917129517,-3.3728976413824223
BH_s24_medium,7,9,7.3,1.5475479364395142,-2.4055802979315044
BH_s24_medium,7,10,7.333333333333333,1.2612254619598389,-1.601029986254871
BH_s24_medium,7,11,7.366666666666666,1.0432692766189575,-0.9807349074955456
BH_s24_medium,7,12,7.4,0.8541976809501648,-0.5234915625721692
BH_s24_medium,7,13,7.433333333333334,0.7619828581809998,-0.1919412449313868
BH_s24_medium,7,14,7.466666666666667,0.6315993666648865,0.04769272626726416
BH_s24_medium,7,15,7.5,0.4761856496334076,0.2174945808938008
BH_s24_medium,7,16,7.533333333333333,0.25371867418289185,0.3303345832422033
BH_s24_medium,7,17,7.566666666666666,0.09804233908653259,0.39765051184957123
BH_s24_medium,7,18,7.6,-0.027961667627096176,0.4362696964016742
BH_s24_medium,7,19,7.633333333333334,-0.15396566689014435,0.4699097645921196
BH_s24_medium,7,20,7.666666666666667,-0.2799696624279022,0.5243397584329321
BH_s24_medium,7,21,7.7,-0.4059736728668213,0.6187331071789742
BH_s24_medium,7,22,7.733333333333333,-0.4689100384712219,0.7581082020751163
BH_s24_medium,7,23,7.766666666666667,-0.5318464040756226,0.9310883279158014
BH_s24_medium,7,24,7.8,-0.5947827696800232,1.1135303803320704
BH_s24_medium,7,25,7.833333333333333,-0.6255053877830505,1.2753893930006113
BH_s24_medium,7,26,7.866666666666666,-0.6885730624198914,1.3882375168374115
BH_s24_medium,7,27,7.9,-0.7205241918563843,1.4321655521762655
BH_s24_medium,7,28,7.933333333333334,-0.7516407370567322,1.4007414138879506
BH_s24_medium,7,29,7.966666666666667,-0.8147083520889282,1.3022818324605063
BH_s24_medium,7,30,8.0,-0.7831511497497559,1.1567055169607499
BH_s24_medium,7,31,8.033333333333333,-0.43673408031463623,0.9890518417006056
BH_s24_medium,7,32,8.066666666666666,0.25600650906562805,0.8219543388641555
BH_s24_medium,7,33,8.1,1.0750981569290161,0.6697134669291073
BH_s24_medium,7,34,8.133333333333333,1.5808587074279785,0.5362371875065751
BH_s24_medium,7,35,8.166666666666666,1.6140291690826416,0.4175800779194938
BH_s24_medium,7,36,8.2,1.4572557210922241,0.30730776678276495
BH_s24_medium,7,37,8.233333333333333,1.268315315246582,0.20124074757753946
BH_s24_medium,7,38,8.266666666666667,1.0793750286102295,0.0988287558334381
BH_s24_medium,7,39,8.3,0.8273670077323914,0.0009372652908117493
BH_s24_medium,7,40,8.333333333333334,0.6056032776832581,-0.09362776451725893
BH_s24_medium,7,41,8.366666666666667,0.479599267244339,-0.18980229897203696
BH_s24_medium,7,42,8.4,0.41666290163993835,-0.29472079749350694
BH_s24_medium,7,43,8.433333333333334,0.3537265658378601,-0.41390545493368586
BH_s24_medium,7,44,8.466666666666667,0.22772255539894104,-0.5474056939181469
BH_s24_medium,7,45,8.5,0.06823872029781342,-0.6878846304592551
BH_s24_medium,7,46,8.533333333333333,-0.08735310286283493,-0.8215694921475265
BH_s24_medium,7,47,8.566666666666666,-0.2426823377609253,-0.9316969086633128
BH_s24_medium,7,48,8.6,-0.4024287462234497,-1.0030756674258017
BH_s24_medium,7,49,8.633333333333333,-0.49937012791633606,-1.0258892402939594
BH_s24_medium,7,50,8.666666666666666,-0.5624377727508545,-0.9970818842345434
BH_s24_medium,7,51,8.7,-0.6255053877830505,-0.918999350471058
BH_s24_medium,7,52,8.733333333333333,-0.6885730624198914,-0.7969405312649659
BH_s24_medium,7,53,8.766666666666667,-0.7171105146408081,-0.6379574467109453
BH_s24_medium,7,54,8.8,-0.7516407370567322,-0.45154731151449623
BH_s24_medium,7,55,8.833333333333334,-0.8147083520889282,-0.250708463769405
BH_s24_medium,7,56,8.866666666666667,-0.8147083520889282,-0.0514548065713243
BH_s24_medium,7,57,8.9,-0.877776026725769,0.12978675205987208
BH_s24_medium,7,58,8.933333333333334,-0.877776026725769,0.2798317812062425
BH_s24_medium,7,59,8.966666666666667,-0.6683915853500366,0.3915781082617631
BH_s24_medium,7,60,9.0,-0.018321387469768524,0.46463518439262363
BH_s24_medium,7,61,9.033333333333333,0.891325056552887,0.5036740859551682
BH_s24_medium,7,62,9.066666666666666,1.6555737257003784,0.5157080799810707
BH_s24_medium,7,63,9.1,1.9602681398391724,0.5079283638005839
BH_s24_medium,7,64,9.133333333333333,1.933174967765808,0.48701018818855407
BH_s24_medium,7,65,9.166666666666666,1.7441033124923706,0.4595437028936342
BH_s24_medium,7,66,9.2,1.618099331855774,0.43235128748326757
BH_s24_medium,7,67,9.233333333333333,1.4023282527923584,0.4115877551219674
BH_s24_medium,7,68,9.266666666666667,1.150320291519165,0.40060551218531093
BH_s24_medium,7,69,9.3,0.8983122706413269,0.3975969767460191
BH_s24_medium,7,70,9.333333333333334,0.7356773614883423,0.3941807253801947
BH_s24_medium,7,71,9.366666666666667,0.6096733808517456,0.37576521453461104
BH_s24_medium,7,72,9.4,0.48366937041282654,0.3242958040786042
BH_s24_medium,7,73,9.433333333333334,0.29459771513938904,0.2236009975624426
BH_s24_medium,7,74,9.466666666666667,0.10552605986595154,0.06654620456216416
BH_s24_medium,7,75,9.5,-0.04612695425748825,-0.13828121664879142
BH_s24_medium,7,76,9.533333333333333,-0.23506730794906616,-0.36380427802579607
BH_s24_medium,7,77,9.566666666666666,-0.39862126111984253,-0.568725559386943
BH_s24_medium,7,78,9.6,-0.4615575969219208,-0.7093563711922666
BH_s24_medium,7,79,9.633333333333333,-0.5624377727508545,-0.7550931371098736
BH_s24_medium,7,80,9.666666666666666,-0.6504979729652405,-0.6997986571370481
BH_s24_medium,7,81,9.7,-0.7134343385696411,-0.5625307076494804
BH_s24_medium,7,82,9.733333333333333,-0.7516407370567322,-0.37816685677911327
BH_s24_medium,7,83,9.766666666666667,-0.8147083520889282,-0.18474781892414205
BH_s24_medium,7,84,9.8,-0.8391757607460022,-0.013812312032925383
BH_s24_medium,7,85,9.833333333333334,-0.877776026725769,0.11449172337978153
BH_s24_medium,7,86,9.866666666666667,-0.877776026725769,0.19261847686106726
BH_s24_medium,7,87,9.9,-0.9408436417579651,0.22452343774296177
BH_s24_medium,7,88,9.933333333333334,-0.9169014692306519,0.22289342440928817
BH_s24_medium,7,89,9.966666666666667,-0.6563971042633057,0.20489536251734583
BH_s24_medium,7,90,10.0,0.04479305073618889,0.18695508108395217
BH_s24_medium,7,91,10.033333333333333,1.013437032699585,0.17994565427418482
BH_s24_medium,7,92,10.066666666666666,1.7385979890823364,0.18674276213533741
BH_s24_medium,7,93,10.1,2.0233359336853027,0.20336485229141368
BH_s24_medium,7,94,10.133333333333333,1.9770269393920898,0.22281773997351145
BH_s24_medium,7,95,10.166666666666666,1.8111097812652588,0.23905371458191646
BH_s24_medium,7,96,10.2,1.6851056814193726,0.248728085524668
BH_s24_medium,7,97,10.233333333333333,1.473273515701294,0.2502286116600897
BH_s24_medium,7,98,10.266666666666667,1.1581978797912598,0.24127605945739095
BH_s24_medium,7,99,10.3,0.9061898589134216,0.21713829854219024
BH_s24_medium,7,100,10.333333333333334,0.6765485405921936,0.1708916134980406
BH_s24_medium,7,101,10.366666666666667,0.613612174987793,0.0958900543512983
BH_s24_medium,7,102,10.4,0.46550408005714417,-0.010473397054030102
BH_s24_medium,7,103,10.433333333333334,0.27656373381614685,-0.14328821371707218
BH_s24_medium,7,104,10.466666666666667,0.1094648689031601,-0.2887162249492094
BH_s24_medium,7,105,10.5,-0.03824934735894203,-0.42587156888702443
BH_s24_medium,7,106,10.533333333333333,-0.22718970477581024,-0.5317834526780635
BH_s24_medium,7,107,10.566666666666666,-0.3946824371814728,-0.5875974857255484
BH_s24_medium,7,108,10.6,-0.49937012791633606,-0.5833456108581062
BH_s24_medium,7,109,10.633333333333333,-0.5836228132247925,-0.5194290547123523
BH_s24_medium,7,110,10.666666666666666,-0.6465591788291931,-0.4050850771283712
BH_s24_medium,7,111,10.7,-0.6885730624198914,-0.2555263414124493
BH_s24_medium,7,112,10.733333333333333,-0.7516407370567322,-0.08888974266241437
BH_s24_medium,7,113,10.766666666666667,-0.7723006010055542,0.07677150120399309
BH_s24_medium,7,114,10.8,-0.8352369070053101,0.22587598407348314
BH_s24_medium,7,115,10.833333333333334,-0.877776026725769,0.3461924014482084
BH_s24_medium,7,116,10.866666666666667,-0.9205777049064636,0.4284366605112175
BH_s24_medium,7,117,10.9,-0.671101987361908,0.466081067103502
BH_s24_medium,7,118,10.933333333333334,-0.020947255194187164,0.4565550837207329
BH_s24_medium,7,119,10.966666666666667,0.7749522924423218,0.4034322806679771
BH_s24_medium,7,120,11.0,1.451881766319275,0.31781137140902943
BH_s24_medium,7,121,11.033333333333333,1.6253204345703125,0.21719217730633608
BH_s24_medium,7,122,11.066666666666666,1.479838252067566,0.12180741344388497
BH_s24_medium,7,123,11.1,1.2908978462219238,0.049957793442213634
BH_s24_medium,7,124,11.133333333333333,1.0388898849487305,0.013968524963279242
BH_s24_medium,7,125,11.166666666666666,0.7868818044662476,0.01752415164037982
BH_s24_medium,7,126,11.2,0.5348738431930542,0.05455792379184872
BH_s24_medium,7,127,11.233333333333333,0.36475521326065063,0.10978357153108695
BH_s24_medium,7,128,11.266666666666667,0.30181884765625,0.16099843842028919
BH_s24_medium,7,129,11.3,0.23888249695301056,0.18319952311494647
BH_s24_medium,7,130,11.333333333333334,0.11287849396467209,0.15423439814496448
BH_s24_medium,7,131,11.366666666666667,-0.013125507161021233,0.061188329801816904
BH_s24_medium,7,132,11.4,-0.20219716429710388,-0.09388766762373765
BH_s24_medium,7,133,11.433333333333334,-0.34623515605926514,-0.2908290933656556
BH_s24_medium,7,134,11.466666666666667,-0.5172728300094604,-0.4928561013628435
BH_s24_medium,7,135,11.5,-0.5802091956138611,-0.654029154856246
BH_s24_medium,7,136,11.533333333333333,-0.6885730624198914,-0.7319834907407969
BH_s24_medium,7,137,11.566666666666666,-0.7516407370567322,-0.7022682961636306
BH_s24_medium,7,138,11.6,-0.8147083520889282,-0.5680949518051769
BH_s24_medium,7,139,11.633333333333333,-0.8319545984268188,-0.36009258254333726
BH_s24_medium,7,140,11.666666666666666,-0.877776026725769,-0.12565557633722463
BH_s24_medium,7,141,11.7,-0.8947596549987793,0.08709794044381837
BH_s24_medium,7,142,11.733333333333333,-0.9408436417579651,0.24388710506646066
BH_s24_medium,7,143,11.766666666666667,-0.8443338871002197,0.33209213218923844
BH_s24_medium,7,144,11.8,-0.38324177265167236,0.3597009255860306
BH_s24_medium,7,145,11.833333333333334,0.4521770775318146,0.34695728517729013
BH_s24_medium,7,146,11.866666666666667,1.348159909248352,0.3156019777681268
BH_s24_medium,7,147,11.9,1.7872611284255981,0.2812069142151017
BH_s24_medium,7,148,11.933333333333334,1.818068265914917,0.2511120451021683
BH_s24_medium,7,149,11.966666666666667,1.6920642852783203,0.2266372238763344
BH_s24_medium,7,150,12.0,1.5029926300048828,0.20665100788706844
BH_s24_medium,7,151,12.033333333333333,1.2982503175735474,0.19028086039190376
BH_s24_medium,7,152,12.066666666666666,1.030702829360962,0.1779791447566956
BH_s24_medium,7,153,12.1,0.7311666011810303,0.17118283973288942
BH_s24_medium,7,154,12.133333333333333,0.4944354295730591,0.17108257093440452
BH_s24_medium,7,155,12.166666666666666,0.36843141913414,0.1769832699103403
BH_s24_medium,7,156,12.2,0.24242742359638214,0.18487458179642055
BH_s24_medium,7,157,12.233333333333333,0.11642342060804367,0.1869403569962719
BH_s24_medium,7,158,12.266666666666667,-0.024332238361239433,0.17247681711548288
BH_s24_medium,7,159,12.3,-0.2132726013660431,0.13016648579888912
BH_s24_medium,7,160,12.333333333333334,-0.4022129476070404,0.05119692087959753
BH_s24_medium,7,161,12.366666666666667,-0.5767955183982849,-0.06745694170444815
BH_s24_medium,7,162,12.4,-0.6885730624198914,-0.22020545712556108
BH_s24_medium,7,163,12.433333333333334,-0.7516407370567322,-0.39118833107061624
BH_s24_medium,7,164,12.466666666666667,-0.8147083520889282,-0.5548883258610544
BH_s24_medium,7,165,12.5,-0.877776026725769,-0.6801556541822048
BH_s24_medium,7,166,12.533333333333333,-0.9408436417579651,-0.7377910735968028
BH_s24_medium,7,167,12.566666666666666,-0.954413652420044,-0.7097888579944177
BH_s24_medium,7,168,12.6,-1.0039112567901611,-0.5963432841494432
BH_s24_medium,7,169,12.633333333333333,-1.066978931427002,-0.41695413629630346
BH_s24_medium,7,170,12.666666666666666,-1.066978931427002,-0.20507904616426156
BH_s24_medium,7,171,12.7,-1.066978931427002,0.0011487424018362773
BH_s24_medium,7,172,12.733333333333333,-1.066978931427002,0.16911700820473924
BH_s24_medium,7,173,12.766666666666667,-0.9783468246459961,0.2802662257853049
BH_s24_medium,7,174,12.8,-0.4738810360431671,0.33397234287928107
BH_s24_medium,7,175,12.833333333333334,0.4331863224506378,0.34456442087258565
BH_s24_medium,7,176,12.866666666666667,1.4039219617843628,0.33282232109750953
BH_s24_medium,7,177,12.9,1.9217146635055542,0.3167526582194509
BH_s24_medium,7,178,12.933333333333334,2.0112099647521973,0.30637881536556094
BH_s24_medium,7,179,12.966666666666667,1.8732115030288696,0.3040945613099849
BH_s24_medium,7,180,13.0,1.6961344480514526,0.30847384492588786
BH_s24_medium,7,181,13.033333333333333,1.5583984851837158,0.31782435242795387
BH_s24_medium,7,182,13.066666666666666,1.2947899103164673,0.3310764423238348
BH_s24_medium,7,183,13.1,0.9282471537590027,0.34613138697433254
BH_s24_medium,7,184,13.133333333333333,0.6762391328811646,0.35741913638317674
BH_s24_medium,7,185,13.166666666666666,0.49850553274154663,0.354735521540963
BH_s24_medium,7,186,13.2,0.37250152230262756,0.3248956091861259
BH_s24_medium,7,187,13.233333333333333,0.23555338382720947,0.25647157910191176
BH_s24_medium,7,188,13.266666666666667,0.05742586776614189,0.14612036153098115
BH_s24_medium,7,189,13.3,-0.14232733845710754,0.0035867707909219373
BH_s24_medium,7,190,13.333333333333334,-0.33126771450042725,-0.14773154257637147
BH_s24_medium,7,191,13.366666666666667,-0.5097891092300415,-0.2764589065769079
BH_s24_medium,7,192,13.4,-0.6357930898666382,-0.3543881499962825
BH_s24_medium,7,193,13.433333333333334,-0.7516407370567322,-0.3691438056742135
BH_s24_medium,7,194,13.466666666666667,-0.8147083520889282,-0.3320980285919843
BH_s24_medium,7,195,13.5,-0.877776026725769,-0.2762691725892365
BH_s24_medium,7,196,13.533333333333333,-0.9408436417579651,-0.24382487116255508
BH_s24_medium,7,197,13.566666666666666,-1.0039112567901611,-0.26820817062928387
BH_s24_medium,7,198,13.6,-1.013411283493042,-0.3582658297714628
BH_s24_medium,7,199,13.633333333333333,-1.066978931427002,-0.4912595938090213
BH_s24_medium,7,200,13.666666666666666,-1.066978931427002,-0.6192613380090727
BH_s24_medium,7,201,13.7,-1.1300466060638428,-0.687936430580579
BH_s24_medium,7,202,13.733333333333333,-1.1300466060638428,-0.6590488699048043
BH_s24_medium,7,203,13.766666666666667,-1.0404486656188965,-0.5248736012631914
BH_s24_medium,7,204,13.8,-0.5101648569107056,-0.3083419926672215
BH_s24_medium,7,205,13.833333333333334,0.3260885775089264,-0.051607077036962275
BH_s24_medium,7,206,13.866666666666667,1.3087718486785889,0.19967899526556648
BH_s24_medium,7,207,13.9,1.7793835401535034,0.4095352116436068
BH_s24_medium,7,208,13.933333333333334,1.8259458541870117,0.5582584275551594
BH_s24_medium,7,209,13.966666666666667,1.6918861865997314,0.6419731346369923
BH_s24_medium,7,210,14.0,1.5108702182769775,0.6676991558431736
BH_s24_medium,7,211,14.033333333333333,1.3770731687545776,0.6477142718071249
BH_s24_medium,7,212,14.066666666666666,1.0619975328445435,0.5957826903102241
BH_s24_medium,7,213,14.1,0.7469218373298645,0.5254310056246392
BH_s24_medium,7,214,14.133333333333333,0.5023130178451538,0.44874309734469897
BH_s24_medium,7,215,14.166666666666666,0.3835769593715668,0.3742799314540023
BH_s24_medium,7,216,14.2,0.3133726716041565,0.3044746512536587
BH_s24_medium,7,217,14.233333333333333,0.12430103123188019,0.2344151690564639
BH_s24_medium,7,218,14.266666666666667,-0.00170297606382519,0.15373483175898686
BH_s24_medium,7,219,14.3,-0.19751738011837006,0.05172035907711879
BH_s24_medium,7,220,14.333333333333334,-0.3798462748527527,-0.07603873097381404
BH_s24_medium,7,221,14.366666666666667,-0.5123304724693298,-0.22225714799822827
BH_s24_medium,7,222,14.4,-0.6318542957305908,-0.36665577209883504
BH_s24_medium,7,223,14.433333333333334,-0.7516407370567322,-0.48041793817743134
BH_s24_medium,7,224,14.466666666666667,-0.8147083520889282,-0.5358055177436165
BH_s24_medium,7,225,14.5,-0.877776026725769,-0.5174294192701153
BH_s24_medium,7,226,14.533333333333333,-0.9408436417579651,-0.4295199679938887
BH_s24_medium,7,227,14.566666666666666,-0.9465360641479492,-0.29483475728220226
BH_s24_medium,7,228,14.6,-1.0039112567901611,-0.14596463454632386
BH_s24_medium,7,229,14.633333333333333,-1.066978931427002,-0.014133944994670602
BH_s24_medium,7,230,14.666666666666666,-1.066978931427002,0.07971377182555099
BH_s24_medium,7,231,14.7,-1.1248793601989746,0.12933310222270247
BH_s24_medium,7,232,14.733333333333333,-0.988803505897522,0.14228574000860297
BH_s24_medium,7,233,14.766666666666667,-0.46503758430480957,0.13405722881153487
BH_s24_medium,7,234,14.8,0.3539227843284607,0.11984818261108504
BH_s24_medium,7,235,14.833333333333334,1.1543148756027222,0.1083047055685833
BH_s24_medium,7,236,14.866666666666667,1.455726981163025,0.10010894753819113
BH_s24_medium,7,237,14.9,1.3839004039764404,0.09112404156263602
BH_s24_medium,7,238,14.933333333333334,1.1949599981307983,0.0771804669767745
BH_s24_medium,7,239,14.966666666666667,1.0060197114944458,0.05718716994962806
BH_s24_medium,8,0,8.0,-0.7831511497497559,0.05266137202430201
BH_s24_medium,8,1,8.033333333333333,-0.43673408031463623,-2.31965863013514
BH_s24_medium,8,2,8.066666666666666,0.25600650906562805,-4.3191778429352015
BH_s24_medium,8,3,8.1,1.0750981569290161,-5.665139368169335
BH_s24_medium,8,4,8.133333333333333,1.5808587074279785,-6.2350872554596695
BH_s24_medium,8,5,8.166666666666666,1.6140291690826416,-6.07889927793555
BH_s24_medium,8,6,8.2,1.4572557210922241,-5.378076388518713
BH_s24_medium,8,7,8.233333333333333,1.268315315246582,-4.373976691771084
BH_s24_medium,8,8,8.266666666666667,1.0793750286102295,-3.2970322128170357
BH_s24_medium,8,9,8.3,0.8273670077323914,-2.3188159980863903
BH_s24_medium,8,10,8.333333333333334,0.6056032776832581,-1.5336519146767724
BH_s24_medium,8,11,8.366666666666667,0.479599267244339,-0.9648000341729015
BH_s24_medium,8,12,8.4,0.41666290163993835,-0.5849152338251072
BH_s24_medium,8,13,8.433333333333334,0.3537265658378601,-0.3405569440689316
BH_s24_medium,8,14,8.466666666666667,0.22772255539894104,-0.17343015482730867
BH_s24_medium,8,15,8.5,0.06823872029781342,-0.03480874943275281
BH_s24_medium,8,16,8.533333333333333,-0.08735310286283493,0.10710834943896588
BH_s24_medium,8,17,8.566666666666666,-0.2426823377609253,0.26553525293462954
BH_s24_medium,8,18,8.6,-0.4024287462234497,0.4378831079222529
BH_s24_medium,8,19,8.633333333333333,-0.49937012791633606,0.6119839650830385
BH_s24_medium,8,20,8.666666666666666,-0.5624377727508545,0.7738607726297846
BH_s24_medium,8,21,8.7,-0.6255053877830505,0.9141316311927192
BH_s24_medium,8,22,8.733333333333333,-0.6885730624198914,1.0305392209690662
BH_s24_medium,8,23,8.766666666666667,-0.7171105146408081,1.1260402964310232
BH_s24_medium,8,24,8.8,-0.7516407370567322,1.2043020082789695
BH_s24_medium,8,25,8.833333333333334,-0.8147083520889282,1.265763275987008
BH_s24_medium,8,26,8.866666666666667,-0.8147083520889282,1.3066766278550639
BH_s24_medium,8,27,8.9,-0.877776026725769,1.3213139793019413
BH_s24_medium,8,28,8.933333333333334,-0.877776026725769,1.3053233698595457
BH_s24_medium,8,29,8.966666666666667,-0.6683915853500366,1.2576430269432257
BH_s24_medium,8,30,9.0,-0.018321387469768524,1.1798781451201814
BH_s24_medium,8,31,9.033333333333333,0.891325056552887,1.0742160836804286
BH_s24_medium,8,32,9.066666666666666,1.6555737257003784,0.942001757451462
BH_s24_medium,8,33,9.1,1.9602681398391724,0.7844501949064749
BH_s24_medium,8,34,9.133333333333333,1.933174967765808,0.6052347313241339
BH_s24_medium,8,35,9.166666666666666,1.7441033124923706,0.4131196193026401
BH_s24_medium,8,36,9.2,1.618099331855774,0.22249390762712506
BH_s24_medium,8,37,9.233333333333333,1.4023282527923584,0.05075898636264624
BH_s24_medium,8,38,9.266666666666667,1.150320291519165,-0.08669221847149555
BH_s24_medium,8,39,9.3,0.8983122706413269,-0.18189809482040908
BH_s24_medium,8,40,9.333333333333334,0.7356773614883423,-0.23811801000577928
BH_s24_medium,8,41,9.366666666666667,0.6096733808517456,-0.2706257973386761
BH_s24_medium,8,42,9.4,0.48366937041282654,-0.3037682284656203
BH_s24_medium,8,43,9.433333333333334,0.29459771513938904,-0.36424471121176505
BH_s24_medium,8,44,9.466666666666667,0.10552605986595154,-0.4717198735303551
BH_s24_medium,8,45,9.5,-0.04612695425748825,-0.6294050501553172
BH_s24_medium,8,46,9.533333333333333,-0.23506730794906616,-0.8184747992031357
BH_s24_medium,8,47,9.566666666666666,-0.39862126111984253,-1.0000661005795262
BH_s24_medium,8,48,9.6,-0.4615575969219208,-1.1262808274681306
BH_s24_medium,8,49,9.633333333333333,-0.5624377727508545,-1.157050754366506
BH_s24_medium,8,50,9.666666666666666,-0.6504979729652405,-1.0750785487173145
BH_s24_medium,8,51,9.7,-0.7134343385696411,-0.891086454130633
BH_s24_medium,8,52,9.733333333333333,-0.7516407370567322,-0.6379421008685856
BH_s24_medium,8,53,9.766666666666667,-0.8147083520889282,-0.3588801678900804
BH_s24_medium,8,54,9.8,-0.8391757607460022,-0.09598741578070853
BH_s24_medium,8,55,9.833333333333334,-0.877776026725769,0.11802750777797166
BH_s24_medium,8,56,9.866666666666667,-0.877776026725769,0.2645056951422963
BH_s24_medium,8,57,9.9,-0.9408436417579651,0.340454798384659
BH_s24_medium,8,58,9.933333333333334,-0.9169014692306519,0.35718170109989944
BH_s24_medium,8,59,9.966666666666667,-0.6563971042633057,0.3358311472983966
BH_s24_medium,8,60,10.0,0.04479305073618889,0.3006491870362515
BH_s24_medium,8,61,10.033333333333333,1.013437032699585,0.2720634443959207
BH_s24_medium,8,62,10.066666666666666,1.7385979890823364,0.2620185121277914
BH_s24_medium,8,63,10.1,2.0233359336853027,0.2729993134991249
BH_s24_medium,8,64,10.133333333333333,1.9770269393920898,0.3003243120316543
BH_s24_medium,8,65,10.166666666666666,1.8111097812652588,0.3357744128319274
BH_s24_medium,8,66,10.2,1.6851056814193726,0.3704210423852122
BH_s24_medium,8,67,10.233333333333333,1.473273515701294,0.39560087682267875
BH_s24_medium,8,68,10.266666666666667,1.1581978797912598,0.402554359039963
BH_s24_medium,8,69,10.3,0.9061898589134216,0.38222691331256176
BH_s24_medium,8,70,10.333333333333334,0.6765485405921936,0.3264957125883261
BH_s24_medium,8,71,10.366666666666667,0.613612174987793,0.2309883198653924
BH_s24_medium,8,72,10.4,0.46550408005714417,0.0984800205738114
BH_s24_medium,8,73,10.433333333333334,0.27656373381614685,-0.058904356241139766
BH_s24_medium,8,74,10.466666666666667,0.1094648689031601,-0.22046080186926864
BH_s24_medium,8,75,10.5,-0.03824934735894203,-0.3613386111488113
BH_s24_medium,8,76,10.533333333333333,-0.22718970477581024,-0.4593827234180689
BH_s24_medium,8,77,10.566666666666666,-0.3946824371814728,-0.5015101162905429
BH_s24_medium,8,78,10.6,-0.49937012791633606,-0.4866606111445702
BH_s24_medium,8,79,10.633333333333333,-0.5836228132247925,-0.4241285578213859
BH_s24_medium,8,80,10.666666666666666,-0.6465591788291931,-0.328731093130529
BH_s24_medium,8,81,10.7,-0.6885730624198914,-0.2156630991168558
BH_s24_medium,8,82,10.733333333333333,-0.7516407370567322,-0.09696493886312534
BH_s24_medium,8,83,10.766666666666667,-0.7723006010055542,0.019891408448685574
BH_s24_medium,8,84,10.8,-0.8352369070053101,0.13102432778135267
BH_s24_medium,8,85,10.833333333333334,-0.877776026725769,0.2328854256483093
BH_s24_medium,8,86,10.866666666666667,-0.9205777049064636,0.31860147338881495
BH_s24_medium,8,87,10.9,-0.671101987361908,0.3769461430277114
BH_s24_medium,8,88,10.933333333333334,-0.020947255194187164,0.3954825256863387
BH_s24_medium,8,89,10.966666666666667,0.7749522924423218,0.36649039342848017
BH_s24_medium,8,90,11.0,1.451881766319275,0.2923632198453671
BH_s24_medium,8,91,11.033333333333333,1.6253204345703125,0.18739362788356706
BH_s24_medium,8,92,11.066666666666666,1.479838252067566,0.07490599781056968
BH_s24_medium,8,93,11.1,1.2908978462219238,-0.019017218933459187
BH_s24_medium,8,94,11.133333333333333,1.0388898849487305,-0.07285430230799737
BH_s24_medium,8,95,11.166666666666666,0.7868818044662476,-0.07575157940758746
BH_s24_medium,8,96,11.2,0.5348738431930542,-0.03084764248776137
BH_s24_medium,8,97,11.233333333333333,0.36475521326065063,0.04489972269623487
BH_s24_medium,8,98,11.266666666666667,0.30181884765625,0.12427085474378098
BH_s24_medium,8,99,11.3,0.23888249695301056,0.1759731760510399
BH_s24_medium,8,100,11.333333333333334,0.11287849396467209,0.17230127725710562
BH_s24_medium,8,101,11.366666666666667,-0.013125507161021233,0.09683344217657554
BH_s24_medium,8,102,11.4,-0.20219716429710388,-0.04949246157714614
BH_s24_medium,8,103,11.433333333333334,-0.34623515605926514,-0.2456887636338723
BH_s24_medium,8,104,11.466666666666667,-0.5172728300094604,-0.45298154108001193
BH_s24_medium,8,105,11.5,-0.5802091956138611,-0.6228812828582309
BH_s24_medium,8,106,11.533333333333333,-0.6885730624198914,-0.7103671738837095
BH_s24_medium,8,107,11.566666666666666,-0.7516407370567322,-0.6887322008191283
BH_s24_medium,8,108,11.6,-0.8147083520889282,-0.5597890822946663
BH_s24_medium,8,109,11.633333333333333,-0.8319545984268188,-0.35372429511627806
BH_s24_medium,8,110,11.666666666666666,-0.877776026725769,-0.11829252955466273
BH_s24_medium,8,111,11.7,-0.8947596549987793,0.09727618323077136
BH_s24_medium,8,112,11.733333333333333,-0.9408436417579651,0.2569664911084629
BH_s24_medium,8,113,11.766666666666667,-0.8443338871002197,0.34649696518886325
BH_s24_medium,8,114,11.8,-0.38324177265167236,0.3732846900677067
BH_s24_medium,8,115,11.833333333333334,0.4521770775318146,0.3584960506909692
BH_s24_medium,8,116,11.866666666666667,1.348159909248352,0.3256241369120219
BH_s24_medium,8,117,11.9,1.7872611284255981,0.2916401075584868
BH_s24_medium,8,118,11.933333333333334,1.818068265914917,0.2641213511912259
BH_s24_medium,8,119,11.966666666666667,1.6920642852783203,0.2434882324368551
BH_s24_medium,8,120,12.0,1.5029926300048828,0.22720947961530258
BH_s24_medium,8,121,12.033333333333333,1.2982503175735474,0.2131614725783412
BH_s24_medium,8,122,12.066666666666666,1.030702829360962,0.20092360558262054
BH_s24_medium,8,123,12.1,0.7311666011810303,0.19125633016302412
BH_s24_medium,8,124,12.133333333333333,0.4944354295730591,0.18458966724172174
BH_s24_medium,8,125,12.166666666666666,0.36843141913414,0.17934469759295246
BH_s24_medium,8,126,12.2,0.24242742359638214,0.17087493280690363
BH_s24_medium,8,127,12.233333333333333,0.11642342060804367,0.1517023962882139
BH_s24_medium,8,128,12.266666666666667,-0.024332238361239433,0.11328275164275027
BH_s24_medium,8,129,12.3,-0.2132726013660431,0.0488239590398592
BH_s24_medium,8,130,12.333333333333334,-0.4022129476070404,-0.04393387801043261
BH_s24_medium,8,131,12.366666666666667,-0.5767955183982849,-0.1610678883332482
BH_s24_medium,8,132,12.4,-0.6885730624198914,-0.2923173639263108
BH_s24_medium,8,133,12.433333333333334,-0.7516407370567322,-0.42209413796507267
BH_s24_medium,8,134,12.466666666666667,-0.8147083520889282,-0.5313448314860808
BH_s24_medium,8,135,12.5,-0.877776026725769,-0.600417287544638
BH_s24_medium,8,136,12.533333333333333,-0.9408436417579651,-0.6132221128452439
BH_s24_medium,8,137,12.566666666666666,-0.954413652420044,-0.5621615801719538
BH_s24_medium,8,138,12.6,-1.0039112567901611,-0.4518688800598324
BH_s24_medium,8,139,12.633333333333333,-1.066978931427002,-0.29949522102642395
BH_s24_medium,8,140,12.666666666666666,-1.066978931427002,-0.13099404417791627
BH_s24_medium,8,141,12.7,-1.066978931427002,0.02527486682127305
BH_s24_medium,8,142,12.733333333333333,-1.066978931427002,0.145948958450962
BH_s24_medium,8,143,12.766666666666667,-0.9783468246459961,0.21928185893883553
BH_s24_medium,8,144,12.8,-0.4738810360431671,0.24822717498357222
BH_s24_medium,8,145,12.833333333333334,0.4331863224506378,0.24765136680245198
BH_s24_medium,8,146,12.866666666666667,1.4039219617843628,0.23666727798664575
BH_s24_medium,8,147,12.9,1.9217146635055542,0.23043759241837822
BH_s24_medium,8,148,12.933333333333334,2.0112099647521973,0.23581656313284624
BH_s24_medium,8,149,12.966666666666667,1.8732115030288696,0.2522178262030837
BH_s24_medium,8,150,13.0,1.6961344480514526,0.2756513467948352
BH_s24_medium,8,151,13.033333333333333,1.5583984851837158,0.3023489410164349
BH_s24_medium,8,152,13.066666666666666,1.2947899103164673,0.32963165876735845
BH_s24_medium,8,153,13.1,0.9282471537590027,0.3541664052949662
BH_s24_medium,8,154,13.133333333333333,0.6762391328811646,0.36949156688325113
BH_s24_medium,8,155,13.166666666666666,0.49850553274154663,0.36506177503158926
BH_s24_medium,8,156,13.2,0.37250152230262756,0.32833998518830554
BH_s24_medium,8,157,13.233333333333333,0.23555338382720947,0.2499260531331856
BH_s24_medium,8,158,13.266666666666667,0.05742586776614189,0.12985079960359133
BH_s24_medium,8,159,13.3,-0.14232733845710754,-0.018112027614921332
BH_s24_medium,8,160,13.333333333333334,-0.33126771450042725,-0.1671516054003866
BH_s24_medium,8,161,13.366666666666667,-0.5097891092300415,-0.2844993150371169
BH_s24_medium,8,162,13.4,-0.6357930898666382,-0.3434237706407152
BH_s24_medium,8,163,13.433333333333334,-0.7516407370567322,-0.3356259936093487
BH_s24_medium,8,164,13.466666666666667,-0.8147083520889282,-0.2777601605460828
BH_s24_medium,8,165,13.5,-0.877776026725769,-0.2074153436190121
BH_s24_medium,8,166,13.533333333333333,-0.9408436417579651,-0.16905370403687234
BH_s24_medium,8,167,13.566666666666666,-1.0039112567901611,-0.19561264439247691
BH_s24_medium,8,168,13.6,-1.013411283493042,-0.2933241765041408
BH_s24_medium,8,169,13.633333333333333,-1.066978931427002,-0.43616017940109286
BH_s24_medium,8,170,13.666666666666666,-1.066978931427002,-0.5734819364841367
BH_s24_medium,8,171,13.7,-1.1300466060638428,-0.6491762067821867
BH_s24_medium,8,172,13.733333333333333,-1.1300466060638428,-0.6237584058244039
BH_s24_medium,8,173,13.766666666666667,-1.0404486656188965,-0.4884899226846905
BH_s24_medium,8,174,13.8,-0.5101648569107056,-0.26600648372174757
BH_s24_medium,8,175,13.833333333333334,0.3260885775089264,6.763723507316123e-05
BH_s24_medium,8,176,13.866666666666667,1.3087718486785889,0.26022595543562144
BH_s24_medium,8,177,13.9,1.7793835401535034,0.4730143480920737
BH_s24_medium,8,178,13.933333333333334,1.8259458541870117,0.6137336263320139
BH_s24_medium,8,179,13.966666666666667,1.6918861865997314,0.6762960390797221
BH_s24_medium,8,180,14.0,1.5108702182769775,0.6694733120428388
BH_s24_medium,8,181,14.033333333333333,1.3770731687545776,0.6106595296170628
BH_s24_medium,8,182,14.066666666666666,1.0619975328445435,0.5200938604556449
BH_s24_medium,8,183,14.1,0.7469218373298645,0.4168164459050307
BH_s24_medium,8,184,14.133333333333333,0.5023130178451538,0.3159431507940729
BH_s24_medium,8,185,14.166666666666666,0.3835769593715668,0.22645044221265584
BH_s24_medium,8,186,14.2,0.3133726716041565,0.14970341483890248
BH_s24_medium,8,187,14.233333333333333,0.12430103123188019,0.0799014543483378
BH_s24_medium,8,188,14.266666666666667,-0.00170297606382519,0.007107777479066998
BH_s24_medium,8,189,14.3,-0.19751738011837006,-0.07781178831075378
BH_s24_medium,8,190,14.333333333333334,-0.3798462748527527,-0.17797166670593603
BH_s24_medium,8,191,14.366666666666667,-0.5123304724693298,-0.28695210438639185
BH_s24_medium,8,192,14.4,-0.6318542957305908,-0.3888115335265021
BH_s24_medium,8,193,14.433333333333334,-0.7516407370567322,-0.4624301095393162
BH_s24_medium,8,194,14.466666666666667,-0.8147083520889282,-0.48905898242455464
BH_s24_medium,8,195,14.5,-0.877776026725769,-0.4600672521690981
BH_s24_medium,8,196,14.533333333333333,-0.9408436417579651,-0.3812980797923509
BH_s24_medium,8,197,14.566666666666666,-0.9465360641479492,-0.2718438337040645
BH_s24_medium,8,198,14.6,-1.0039112567901611,-0.15785721278774506
BH_s24_medium,8,199,14.633333333333333,-1.066978931427002,-0.06418516288114298
BH_s24_medium,8,200,14.666666666666666,-1.066978931427002,-0.006757154683578658
BH_s24_medium,8,201,14.7,-1.1248793601989746,0.012097661042707951
BH_s24_medium,8,202,14.733333333333333,-0.988803505897522,0.003682483226770467
BH_s24_medium,8,203,14.766666666666667,-0.46503758430480957,-0.012184124039758167
BH_s24_medium,8,204,14.8,0.3539227843284607,-0.015271689946832893
BH_s24_medium,8,205,14.833333333333334,1.1543148756027222,0.007926162610000828
BH_s24_medium,8,206,14.866666666666667,1.455726981163025,0.06084172156815499
BH_s24_medium,8,207,14.9,1.3839004039764404,0.13740620812137316
BH_s24_medium,8,208,14.933333333333334,1.1949599981307983,0.22491122627724405
BH_s24_medium,8,209,14.966666666666667,1.0060197114944458,0.3074342641486072
BH_s24_medium,8,210,15.0,0.7540116906166077,0.3690632818481019
BH_s24_medium,8,211,15.033333333333333,0.5020036697387695,0.39697096601090515
BH_s24_medium,8,212,15.066666666666666,0.3167863190174103,0.38429341142207407
BH_s24_medium,8,213,15.1,0.19437402486801147,0.33218994383064115
BH_s24_medium,8,214,15.133333333333333,0.1909136027097702,0.25021417387120726
BH_s24_medium,8,215,15.166666666666666,0.06823872029781342,0.15444193990832822
BH_s24_medium,8,216,15.2,-0.0012245902325958014,0.06347321603555406
BH_s24_medium,8,217,15.233333333333333,-0.1901649534702301,-0.006875794116693525
BH_s24_medium,8,218,15.266666666666667,-0.3761700689792633,-0.0488438289033371
BH_s24_medium,8,219,15.3,-0.5049780011177063,-0.06613407794525279
BH_s24_medium,8,220,15.333333333333334,-0.6885730624198914,-0.07340256028615341
BH_s24_medium,8,221,15.366666666666667,-0.7541821002960205,-0.09072197656396473
BH_s24_medium,8,222,15.4,-0.8171184062957764,-0.13438690892186347
BH_s24_medium,8,223,15.433333333333334,-0.877776026725769,-0.20792682061583778
BH_s24_medium,8,224,15.466666666666667,-0.9408436417579651,-0.29787482270551496
BH_s24_medium,8,225,15.5,-0.9428598284721375,-0.37711891858008284
BH_s24_medium,8,226,15.533333333333333,-1.0039112567901611,-0.41518247826177895
BH_s24_medium,8,227,15.566666666666666,-1.066978931427002,-0.390993063223315
BH_s24_medium,8,228,15.6,-1.0006667375564575,-0.30167906344967843
BH_s24_medium,8,229,15.633333333333333,-0.6165593266487122,-0.16289674325547135
BH_s24_medium,8,230,15.666666666666666,0.07911650091409683,-0.001706110702236532
BH_s24_medium,8,231,15.7,0.9573279619216919,0.15281531104305052
BH_s24_medium,8,232,15.733333333333333,1.4579212665557861,0.2768757126367236
BH_s24_medium,8,233,15.766666666666667,1.5178288221359253,0.3559562321154393
BH_s24_medium,8,234,15.8,1.3918248414993286,0.3856802243141784
BH_s24_medium,8,235,15.833333333333334,1.2651175260543823,0.3699572480118274
BH_s24_medium,8,236,15.866666666666667,1.0136815309524536,0.31750131789375363
BH_s24_medium,8,237,15.9,0.7611015439033508,0.23844038494216302
BH_s24_medium,8,238,15.933333333333334,0.5090935230255127,0.14220377612131876
BH_s24_medium,8,239,15.966666666666667,0.32033124566078186,0.03683143992214917
BH_s24_medium,9,0,9.0,-0.018321387469768524,0.04457578481874062
BH_s24_medium,9,1,9.033333333333333,0.891325056552887,-2.3245639676960623
BH_s24_medium,9,2,9.066666666666666,1.6555737257003784,-4.32607205548448
BH_s24_medium,9,3,9.1,1.9602681398391724,-5.682608576380045
BH_s24_medium,9,4,9.133333333333333,1.933174967765808,-6.272325430431855
BH_s24_medium,9,5,9.166666666666666,1.7441033124923706,-6.1422497018294235
BH_s24_medium,9,6,9.2,1.618099331855774,-5.467828278185346
BH_s24_medium,9,7,9.233333333333333,1.4023282527923584,-4.4824078217876915
BH_s24_medium,9,8,9.266666666666667,1.150320291519165,-3.408333118040365
BH_s24_medium,9,9,9.3,0.8983122706413269,-2.4110688302854415
BH_s24_medium,9,10,9.333333333333334,0.7356773614883423,-1.5829879265512692
BH_s24_medium,9,11,9.366666666666667,0.6096733808517456,-0.9518222406377063
BH_s24_medium,9,12,9.4,0.48366937041282654,-0.5024837749517209
BH_s24_medium,9,13,9.433333333333334,0.29459771513938904,-0.2002489980072964
BH_s24_medium,9,14,9.466666666666667,0.10552605986595154,-0.006859645495175315
BH_s24_medium,9,15,9.5,-0.04612695425748825,0.11315179057757485
BH_s24_medium,9,16,9.533333333333333,-0.23506730794906616,0.1930510062696998
BH_s24_medium,9,17,9.566666666666666,-0.39862126111984253,0.2655213539657873
BH_s24_medium,9,18,9.6,-0.4615575969219208,0.3602777754437073
BH_s24_medium,9,19,9.633333333333333,-0.5624377727508545,0.49704772393791374
BH_s24_medium,9,20,9.666666666666666,-0.6504979729652405,0.6785712628084684
BH_s24_medium,9,21,9.7,-0.7134343385696411,0.8895013385810353
BH_s24_medium,9,22,9.733333333333333,-0.7516407370567322,1.1024106770657127
BH_s24_medium,9,23,9.766666666666667,-0.8147083520889282,1.286864903354022
BH_s24_medium,9,24,9.8,-0.8391757607460022,1.4171213595523355
BH_s24_medium,9,25,9.833333333333334,-0.877776026725769,1.4768881906633449
BH_s24_medium,9,26,9.866666666666667,-0.877776026725769,1.4616343199541775
BH_s24_medium,9,27,9.9,-0.9408436417579651,1.3790067740464618
BH_s24_medium,9,28,9.933333333333334,-0.9169014692306519,1.2470418989523213
BH_s24_medium,9,29,9.966666666666667,-0.6563971042633057,1.08965962120615
BH_s24_medium,9,30,10.0,0.04479305073618889,0.9301745764460472
BH_s24_medium,9,31,10.033333333333333,1.013437032699585,0.7851565602491217
BH_s24_medium,9,32,10.066666666666666,1.7385979890823364,0.6613189781668981
BH_s24_medium,9,33,10.1,2.0233359336853027,0.5566648890727388
BH_s24_medium,9,34,10.133333333333333,1.9770269393920898,0.4646509362878425
BH_s24_medium,9,35,10.166666666666666,1.8111097812652588,0.3784870337626716
BH_s24_medium,9,36,10.2,1.6851056814193726,0.2931839352977084
BH_s24_medium,9,37,10.233333333333333,1.473273515701294,0.20494947037327246
BH_s24_medium,9,38,10.266666666666667,1.1581978797912598,0.10942910677149363
BH_s24_medium,9,39,10.3,0.9061898589134216,0.0008960695546824833
BH_s24_medium,9,40,10.333333333333334,0.6765485405921936,-0.12642559283011184
BH_s24_medium,9,41,10.366666666666667,0.613612174987793,-0.27528935157967405
BH_s24_medium,9,42,10.4,0.46550408005714417,-0.4420953121514975
BH_s24_medium,9,43,10.433333333333334,0.27656373381614685,-0.615055294770235
BH_s24_medium,9,44,10.466666666666667,0.1094648689031601,-0.7751427155653922
BH_s24_medium,9,45,10.5,-0.03824934735894203,-0.9000964316035996
BH_s24_medium,9,46,10.533333333333333,-0.22718970477581024,-0.970452249735377
BH_s24_medium,9,47,10.566666666666666,-0.3946824371814728,-0.9754178238023458
BH_s24_medium,9,48,10.6,-0.49937012791633606,-0.9160033616242454
BH_s24_medium,9,49,10.633333333333333,-0.5836228132247925,-0.8039333117608441
BH_s24_medium,9,50,10.666666666666666,-0.6465591788291931,-0.6572333912623337
BH_s24_medium,9,51,10.7,-0.6885730624198914,-0.49493978279578216
BH_s24_medium,9,52,10.733333333333333,-0.7516407370567322,-0.33278301598428645
BH_s24_medium,9,53,10.766666666666667,-0.7723006010055542,-0.18062182065896726
BH_s24_medium,9,54,10.8,-0.8352369070053101,-0.04241273910169043
BH_s24_medium,9,55,10.833333333333334,-0.877776026725769,0.08090193834748677
BH_s24_medium,9,56,10.866666666666667,-0.9205777049064636,0.187264978262006
BH_s24_medium,9,57,10.9,-0.671101987361908,0.27127030362262605
BH_s24_medium,9,58,10.933333333333334,-0.020947255194187164,0.3255916755436125
BH_s24_medium,9,59,10.966666666666667,0.7749522924423218,0.3450242238045808
BH_s24_medium,9,60,11.0,1.451881766319275,0.3304114364357346
BH_s24_medium,9,61,11.033333333333333,1.6253204345703125,0.290099289483927
BH_s24_medium,9,62,11.066666666666666,1.479838252067566,0.23831132192016838
BH_s24_medium,9,63,11.1,1.2908978462219238,0.19145726448727216
BH_s24_medium,9,64,11.133333333333333,1.0388898849487305,0.16379646867561226
BH_s24_medium,9,65,11.166666666666666,0.7868818044662476,0.1635088590530154
BH_s24_medium,9,66,11.2,0.5348738431930542,0.18995336548757272
BH_s24_medium,9,67,11.233333333333333,0.36475521326065063,0.23281373750108628
BH_s24_medium,9,68,11.266666666666667,0.30181884765625,0.27363633538249443
BH_s24_medium,9,69,11.3,0.23888249695301056,0.2898111421673658
BH_s24_medium,9,70,11.333333333333334,0.11287849396467209,0.2604034260741948
BH_s24_medium,9,71,11.366666666666667,-0.013125507161021233,0.17264946738297185
BH_s24_medium,9,72,11.4,-0.20219716429710388,0.027574677538474035
BH_s24_medium,9,73,11.433333333333334,-0.34623515605926514,-0.15699145019601587
BH_s24_medium,9,74,11.466666666666667,-0.5172728300094604,-0.3477188833232301
BH_s24_medium,9,75,11.5,-0.5802091956138611,-0.5025228257457521
BH_s24_medium,9,76,11.533333333333333,-0.6885730624198914,-0.5822532834761598
BH_s24_medium,9,77,11.566666666666666,-0.7516407370567322,-0.5640687461344518
BH_s24_medium,9,78,11.6,-0.8147083520889282,-0.45061944698936035
BH_s24_medium,9,79,11.633333333333333,-0.8319545984268188,-0.2698038708054147
BH_s24_medium,9,80,11.666666666666666,-0.877776026725769,-0.06483169739598796
BH_s24_medium,9,81,11.7,-0.8947596549987793,0.12046083749611172
BH_s24_medium,9,82,11.733333333333333,-0.9408436417579651,0.2548107796312275
BH_s24_medium,9,83,11.766666666666667,-0.8443338871002197,0.32680066668760477
BH_s24_medium,9,84,11.8,-0.38324177265167236,0.34418414298756206
BH_s24_medium,9,85,11.833333333333334,0.4521770775318146,0.32619666144885645
BH_s24_medium,9,86,11.866666666666667,1.348159909248352,0.2931326798103741
BH_s24_medium,9,87,11.9,1.7872611284255981,0.25866302621917675
BH_s24_medium,9,88,11.933333333333334,1.818068265914917,0.22779180620129047
BH_s24_medium,9,89,11.966666666666667,1.6920642852783203,0.19946559865268876
BH_s24_medium,9,90,12.0,1.5029926300048828,0.17086529208992288
BH_s24_medium,9,91,12.033333333333333,1.2982503175735474,0.1407557176511635
BH_s24_medium,9,92,12.066666666666666,1.030702829360962,0.11069164177070931
BH_s24_medium,9,93,12.1,0.7311666011810303,0.08421614055214983
BH_s24_medium,9,94,12.133333333333333,0.4944354295730591,0.06485029495055276
BH_s24_medium,9,95,12.166666666666666,0.36843141913414,0.05383877946990125
BH_s24_medium,9,96,12.2,0.24242742359638214,0.04862551442062304
BH_s24_medium,9,97,12.233333333333333,0.11642342060804367,0.0427584029311813
BH_s24_medium,9,98,12.266666666666667,-0.024332238361239433,0.027264864382471322
BH_s24_medium,9,99,12.3,-0.2132726013660431,-0.007047315317621351
BH_s24_medium,9,100,12.333333333333334,-0.4022129476070404,-0.0670074065702852
BH_s24_medium,9,101,12.366666666666667,-0.5767955183982849,-0.15465701772855242
BH_s24_medium,9,102,12.4,-0.6885730624198914,-0.2653171385651105
BH_s24_medium,9,103,12.433333333333334,-0.7516407370567322,-0.3866163615034084
BH_s24_medium,9,104,12.466666666666667,-0.8147083520889282,-0.499183691321551
BH_s24_medium,9,105,12.5,-0.877776026725769,-0.5797140358944092
BH_s24_medium,9,106,12.533333333333333,-0.9408436417579651,-0.6065345292687669
BH_s24_medium,9,107,12.566666666666666,-0.954413652420044,-0.5664512388176027
BH_s24_medium,9,108,12.6,-1.0039112567901611,-0.46013073449198205
BH_s24_medium,9,109,12.633333333333333,-1.066978931427002,-0.30321000251455504
BH_s24_medium,9,110,12.666666666666666,-1.066978931427002,-0.12241506367389358
BH_s24_medium,9,111,12.7,-1.066978931427002,0.05173166623437419
BH_s24_medium,9,112,12.733333333333333,-1.066978931427002,0.19332087021214434
BH_s24_medium,9,113,12.766666666666667,-0.9783468246459961,0.2881623512512228
BH_s24_medium,9,114,12.8,-0.4738810360431671,0.33668665225069433
BH_s24_medium,9,115,12.833333333333334,0.4331863224506378,0.35076467817176693
BH_s24_medium,9,116,12.866666666666667,1.4039219617843628,0.3461396315228306
BH_s24_medium,9,117,12.9,1.9217146635055542,0.3351633006475168
BH_s24_medium,9,118,12.933333333333334,2.0112099647521973,0.3237901214300054
BH_s24_medium,9,119,12.966666666666667,1.8732115030288696,0.3133216707561362
BH_s24_medium,9,120,13.0,1.6961344480514526,0.30422200275096783
BH_s24_medium,9,121,13.033333333333333,1.5583984851837158,0.29850835687879135
BH_s24_medium,9,122,13.066666666666666,1.2947899103164673,0.29899021729064695
BH_s24_medium,9,123,13.1,0.9282471537590027,0.3061947511844869
BH_s24_medium,9,124,13.133333333333333,0.6762391328811646,0.3152165040735606
BH_s24_medium,9,125,13.166666666666666,0.49850553274154663,0.31467223477341133
BH_s24_medium,9,126,13.2,0.37250152230262756,0.2890164674152764
BH_s24_medium,9,127,13.233333333333333,0.23555338382720947,0.22405199549999263
BH_s24_medium,9,128,13.266666666666667,0.05742586776614189,0.1138944307802648
BH_s24_medium,9,129,13.3,-0.14232733845710754,-0.03350852749819979
BH_s24_medium,9,130,13.333333333333334,-0.33126771450042725,-0.19534060627609848
BH_s24_medium,9,131,13.366666666666667,-0.5097891092300415,-0.3391466379273926
BH_s24_medium,9,132,13.4,-0.6357930898666382,-0.43357879931343307
BH_s24_medium,9,133,13.433333333333334,-0.7516407370567322,-0.4608508365430556
BH_s24_medium,9,134,13.466666666666667,-0.8147083520889282,-0.42504997616185414
BH_s24_medium,9,135,13.5,-0.877776026725769,-0.3515467629884259
BH_s24_medium,9,136,13.533333333333333,-0.9408436417579651,-0.27725987260438595
BH_s24_medium,9,137,13.566666666666666,-1.0039112567901611,-0.23617124774529855
BH_s24_medium,9,138,13.6,-1.013411283493042,-0.24604324132642127
BH_s24_medium,9,139,13.633333333333333,-1.066978931427002,-0.30129477316885134
BH_s24_medium,9,140,13.666666666666666,-1.066978931427002,-0.3750068796074352
BH_s24_medium,9,141,13.7,-1.1300466060638428,-0.4296768245874185
BH_s24_medium,9,142,13.733333333333333,-1.1300466060638428,-0.43192368861720026
BH_s24_medium,9,143,13.766666666666667,-1.0404486656188965,-0.364241154590667
BH_s24_medium,9,144,13.8,-0.5101648569107056,-0.2293738814652614
BH_s24_medium,9,145,13.833333333333334,0.3260885775089264,-0.0472959309740167
BH_s24_medium,9,146,13.866666666666667,1.3087718486785889,0.15252150043548413
BH_s24_medium,9,147,13.9,1.7793835401535034,0.3401331104727002
BH_s24_medium,9,148,13.933333333333334,1.8259458541870117,0.49221693915239484
BH_s24_medium,9,149,13.966666666666667,1.6918861865997314,0.5953022213797099
BH_s24_medium,9,150,14.0,1.5108702182769775,0.6454320544024225
BH_s24_medium,9,151,14.033333333333333,1.3770731687545776,0.6460681355687694
BH_s24_medium,9,152,14.066666666666666,1.0619975328445435,0.6056018781115874
BH_s24_medium,9,153,14.1,0.7469218373298645,0.5347198645541139
BH_s24_medium,9,154,14.133333333333333,0.5023130178451538,0.44368985552122553
BH_s24_medium,9,155,14.166666666666666,0.3835769593715668,0.34009047376848034
BH_s24_medium,9,156,14.2,0.3133726716041565,0.2276471619098435
BH_s24_medium,9,157,14.233333333333333,0.12430103123188019,0.10657182289142715
BH_s24_medium,9,158,14.266666666666667,-0.00170297606382519,-0.024558866531784337
BH_s24_medium,9,159,14.3,-0.19751738011837006,-0.16574723356464652
BH_s24_medium,9,160,14.333333333333334,-0.3798462748527527,-0.31217096570505426
BH_s24_medium,9,161,14.366666666666667,-0.5123304724693298,-0.4517534021835859
BH_s24_medium,9,162,14.4,-0.6318542957305908,-0.5652867287428659
BH_s24_medium,9,163,14.433333333333334,-0.7516407370567322,-0.63025608812348
BH_s24_medium,9,164,14.466666666666667,-0.8147083520889282,-0.6281062658144032
BH_s24_medium,9,165,14.5,-0.877776026725769,-0.5525505834162087
BH_s24_medium,9,166,14.533333333333333,-0.9408436417579651,-0.41477751260460144
BH_s24_medium,9,167,14.566666666666666,-0.9465360641479492,-0.24205886268682733
BH_s24_medium,9,168,14.6,-1.0039112567901611,-0.06978240503096526
BH_s24_medium,9,169,14.633333333333333,-1.066978931427002,0.06955600392509349
BH_s24_medium,9,170,14.666666666666666,-1.066978931427002,0.15609273682974717
BH_s24_medium,9,171,14.7,-1.1248793601989746,0.18788937240997491
BH_s24_medium,9,172,14.733333333333333,-0.988803505897522,0.1799482746981885
BH_s24_medium,9,173,14.766666666666667,-0.46503758430480957,0.15712774254915232
BH_s24_medium,9,174,14.8,0.3539227843284607,0.1440420769762371
BH_s24_medium,9,175,14.833333333333334,1.1543148756027222,0.15661108459422066
BH_s24_medium,9,176,14.866666666666667,1.455726981163025,0.1984007484423195
BH_s24_medium,9,177,14.9,1.3839004039764404,0.2617986199667478
BH_s24_medium,9,178,14.933333333333334,1.1949599981307983,0.3319430755999379
BH_s24_medium,9,179,14.966666666666667,1.0060197114944458,0.3911056949593229
BH_s24_medium,9,180,15.0,0.7540116906166077,0.4223539383670823
BH_s24_medium,9,181,15.033333333333333,0.5020036697387695,0.4124672705195534
BH_s24_medium,9,182,15.066666666666666,0.3167863190174103,0.35429673742775397
BH_s24_medium,9,183,15.1,0.19437402486801147,0.248426062821204
BH_s24_medium,9,184,15.133333333333333,0.1909136027097702,0.10384232783121393
BH_s24_medium,9,185,15.166666666666666,0.06823872029781342,-0.06266908871680552
BH_s24_medium,9,186,15.2,-0.0012245902325958014,-0.22875550658033558
BH_s24_medium,9,187,15.233333333333333,-0.1901649534702301,-0.3706285198377011
BH_s24_medium,9,188,15.266666666666667,-0.3761700689792633,-0.4687889341512596
BH_s24_medium,9,189,15.3,-0.5049780011177063,-0.5138131928543842
BH_s24_medium,9,190,15.333333333333334,-0.6885730624198914,-0.5094444593641976
BH_s24_medium,9,191,15.366666666666667,-0.7541821002960205,-0.47062805251053647
BH_s24_medium,9,192,15.4,-0.8171184062957764,-0.4167854840256274
BH_s24_medium,9,193,15.433333333333334,-0.877776026725769,-0.3635627022061002
BH_s24_medium,9,194,15.466666666666667,-0.9408436417579651,-0.31715669314612177
BH_s24_medium,9,195,15.5,-0.9428598284721375,-0.2737697190807832
BH_s24_medium,9,196,15.533333333333333,-1.0039112567901611,-0.2238936480950291
BH_s24_medium,9,197,15.566666666666666,-1.066978931427002,-0.15855819402812088
BH_s24_medium,9,198,15.6,-1.0006667375564575,-0.0738212403742539
BH_s24_medium,9,199,15.633333333333333,-0.6165593266487122,0.028595712109019268
BH_s24_medium,9,200,15.666666666666666,0.07911650091409683,0.14344167148759526
BH_s24_medium,9,201,15.7,0.9573279619216919,0.26402852213800315
BH_s24_medium,9,202,15.733333333333333,1.4579212665557861,0.38290797999625326
BH_s24_medium,9,203,15.766666666666667,1.5178288221359253,0.4919035583992901
BH_s24_medium,9,204,15.8,1.3918248414993286,0.5823952704982006
BH_s24_medium,9,205,15.833333333333334,1.2651175260543823,0.645837259634329
BH_s24_medium,9,206,15.866666666666667,1.0136815309524536,0.6743922944412305
BH_s24_medium,9,207,15.9,0.7611015439033508,0.6618889297702901
BH_s24_medium,9,208,15.933333333333334,0.5090935230255127,0.6050484641202392
BH_s24_medium,9,209,15.966666666666667,0.32033124566078186,0.5044410782288801
BH_s24_medium,9,210,16.0,0.2573948800563812,0.3646666867437952
BH_s24_medium,9,211,16.033333333333335,0.13139086961746216,0.1938319780244701
BH_s24_medium,9,212,16.066666666666666,0.06823872029781342,0.0029764320043047356
BH_s24_medium,9,213,16.1,-0.12027004361152649,-0.19397756811474495
BH_s24_medium,9,214,16.133333333333333,-0.3092103898525238,-0.38008199142389754
BH_s24_medium,9,215,16.166666666666668,-0.4981507658958435,-0.5363370236980378
BH_s24_medium,9,216,16.2,-0.6247644424438477,-0.6450597216252405
BH_s24_medium,9,217,16.233333333333334,-0.7507684230804443,-0.695253311389007
BH_s24_medium,9,218,16.266666666666666,-0.8147083520889282,-0.6870827342357488
BH_s24_medium,9,219,16.3,-0.877776026725769,-0.6318988564464129
BH_s24_medium,9,220,16.333333333333332,-0.9395775198936462,-0.546972478550449
BH_s24_medium,9,221,16.366666666666667,-1.0025138854980469,-0.4480436106325554
BH_s24_medium,9,222,16.4,-1.0039112567901611,-0.3445343836608485
BH_s24_medium,9,223,16.433333333333334,-1.066978931427002,-0.24009188899527886
BH_s24_medium,9,224,16.466666666666665,-1.066978931427002,-0.13645076599797243
BH_s24_medium,9,225,16.5,-1.1281239986419678,-0.036224611540787446
BH_s24_medium,9,226,16.533333333333335,-1.1300466060638428,0.05716348050140254
BH_s24_medium,9,227,16.566666666666666,-1.0691641569137573,0.1406284595803818
BH_s24_medium,9,228,16.6,-0.6978390216827393,0.2117796903953551
BH_s24_medium,9,229,16.633333333333333,0.11417185515165329,0.2685413566199767
BH_s24_medium,9,230,16.666666666666668,1.1197561025619507,0.3088426266553514
BH_s24_medium,9,231,16.7,1.7602237462997437,0.3307789617543349
BH_s24_medium,9,232,16.733333333333334,1.897200584411621,0.3333307225437478
BH_s24_medium,9,233,16.766666666666666,1.7740381956100464,0.3174623963544457
BH_s24_medium,9,234,16.8,1.6480342149734497,0.28691596983827633
BH_s24_medium,9,235,16.833333333333332,1.4621981382369995,0.24784565203508205
BH_s24_medium,9,236,16.866666666666667,1.2135568857192993,0.20711331539306788
BH_s24_medium,9,237,16.9,0.9581820964813232,0.170000989559018
BH_s24_medium,9,238,16.933333333333334,0.702544629573822,0.13848224347263136
BH_s24_medium,9,239,16.966666666666665,0.5134729743003845,0.1108962565210375
BH_s24_medium,10,0,10.0,0.04479305073618889,0.01459989872859236
BH_s24_medium,10,1,10.033333333333333,1.013437032699585,-2.3769467427166915
BH_s24_medium,10,2,10.066666666666666,1.7385979890823364,-4.397697979122584
BH_s24_medium,10,3,10.1,2.0233359336853027,-5.766260993793566
BH_s24_medium,10,4,10.133333333333333,1.9770269393920898,-6.356479238940491
BH_s24_medium,10,5,10.166666666666666,1.8111097812652588,-6.2130985982952565
BH_s24_medium,10,6,10.2,1.6851056814193726,-5.514194753382751
BH_s24_medium,10,7,10.233333333333333,1.473273515701294,-4.502039526144969
BH_s24_medium,10,8,10.266666666666667,1.1581978797912598,-3.41261118361476
BH_s24_medium,10,9,10.3,0.9061898589134216,-2.425213226462398
BH_s24_medium,10,10,10.333333333333334,0.6765485405921936,-1.6401628621515674
BH_s24_medium,10,11,10.366666666666667,0.613612174987793,-1.081616069007027
BH_s24_medium,10,12,10.4,0.46550408005714417,-0.7166938486948844
BH_s24_medium,10,13,10.433333333333334,0.27656373381614685,-0.48112754836903293
BH_s24_medium,10,14,10.466666666666667,0.1094648689031601,-0.3039001143424923
BH_s24_medium,10,15,10.5,-0.03824934735894203,-0.1264300039499338
BH_s24_medium,10,16,10.533333333333333,-0.22718970477581024,0.08590273496482957
BH_s24_medium,10,17,10.566666666666666,-0.3946824371814728,0.3406294484763951
BH_s24_medium,10,18,10.6,-0.49937012791633606,0.6227632119419281
BH_s24_medium,10,19,10.633333333333333,-0.5836228132247925,0.9046390179509305
BH_s24_medium,10,20,10.666666666666666,-0.6465591788291931,1.1571062521761892
BH_s24_medium,10,21,10.7,-0.6885730624198914,1.358173207777694
BH_s24_medium,10,22,10.733333333333333,-0.7516407370567322,1.4971519953726653
BH_s24_medium,10,23,10.766666666666667,-0.7723006010055542,1.5744832836302858
BH_s24_medium,10,24,10.8,-0.8352369070053101,1.598205095766112
BH_s24_medium,10,25,10.833333333333334,-0.877776026725769,1.578406085209899
BH_s24_medium,10,26,10.866666666666667,-0.9205777049064636,1.522003492545558
BH_s24_medium,10,27,10.9,-0.671101987361908,1.4305592604472073
BH_s24_medium,10,28,10.933333333333334,-0.020947255194187164,1.3022873695903556
BH_s24_medium,10,29,10.966666666666667,0.7749522924423218,1.136877775310287
BH_s24_medium,10,30,11.0,1.451881766319275,0.9401300511563878
BH_s24_medium,10,31,11.033333333333333,1.6253204345703125,0.7256644900325346
BH_s24_medium,10,32,11.066666666666666,1.479838252067566,0.512880333931201
BH_s24_medium,10,33,11.1,1.2908978462219238,0.3223236498688937
BH_s24_medium,10,34,11.133333333333333,1.0388898849487305,0.17037156906252623
BH_s24_medium,10,35,11.166666666666666,0.7868818044662476,0.06482853717006629
BH_s24_medium,10,36,11.2,0.5348738431930542,0.0024774143773075713
BH_s24_medium,10,37,11.233333333333333,0.36475521326065063,-0.030856027908882273
BH_s24_medium,10,38,11.266666666666667,0.30181884765625,-0.05760873563150152
BH_s24_medium,10,39,11.3,0.23888249695301056,-0.10345884781998595
BH_s24_medium,10,40,11.333333333333334,0.11287849396467209,-0.19070318228572328
BH_s24_medium,10,41,11.366666666666667,-0.013125507161021233,-0.33123525671555154
BH_s24_medium,10,42,11.4,-0.20219716429710388,-0.5208122097199385
BH_s24_medium,10,43,11.433333333333334,-0.34623515605926514,-0.7366061241187027
BH_s24_medium,10,44,11.466666666666667,-0.5172728300094604,-0.9398473263103795
BH_s24_medium,10,45,11.5,-0.5802091956138611,-1.0843644789595954
BH_s24_medium,10,46,11.533333333333333,-0.6885730624198914,-1.1298717217944572
BH_s24_medium,10,47,11.566666666666666,-0.7516407370567322,-1.0561746842131743
BH_s24_medium,10,48,11.6,-0.8147083520889282,-0.8723203061488131
BH_s24_medium,10,49,11.633333333333333,-0.8319545984268188,-0.6155680475175931
BH_s24_medium,10,50,11.666666666666666,-0.877776026725769,-0.339728206868847
BH_s24_medium,10,51,11.7,-0.8947596549987793,-0.09773389501363478
BH_s24_medium,10,52,11.733333333333333,-0.9408436417579651,0.07437125015694754
BH_s24_medium,10,53,11.766666666666667,-0.8443338871002197,0.16601319375070275
BH_s24_medium,10,54,11.8,-0.38324177265167236,0.1905601675425127
BH_s24_medium,10,55,11.833333333333334,0.4521770775318146,0.1753929049610843
BH_s24_medium,10,56,11.866666666666667,1.348159909248352,0.14910444380722312
BH_s24_medium,10,57,11.9,1.7872611284255981,0.1320810342373075
BH_s24_medium,10,58,11.933333333333334,1.818068265914917,0.13347957556458917
BH_s24_medium,10,59,11.966666666666667,1.6920642852783203,0.15339141590372746
BH_s24_medium,10,60,12.0,1.5029926300048828,0.18707416632504303
BH_s24_medium,10,61,12.033333333333333,1.2982503175735474,0.228652758412837
BH_s24_medium,10,62,12.066666666666666,1.030702829360962,0.273084637634135
BH_s24_medium,10,63,12.1,0.7311666011810303,0.31638538585544457
BH_s24_medium,10,64,12.133333333333333,0.4944354295730591,0.35473470968788623
BH_s24_medium,10,65,12.166666666666666,0.36843141913414,0.38327079112288887
BH_s24_medium,10,66,12.2,0.24242742359638214,0.39539453256186985
BH_s24_medium,10,67,12.233333333333333,0.11642342060804367,0.3831997160204166
BH_s24_medium,10,68,12.266666666666667,-0.024332238361239433,0.3391348476852254
BH_s24_medium,10,69,12.3,-0.2132726013660431,0.25837276406266513
BH_s24_medium,10,70,12.333333333333334,-0.4022129476070404,0.1409622940781265
BH_s24_medium,10,71,12.366666666666667,-0.5767955183982849,-0.007010639865292054
BH_s24_medium,10,72,12.4,-0.6885730624198914,-0.17337809634270926
BH_s24_medium,10,73,12.433333333333334,-0.7516407370567322,-0.34061862588928826
BH_s24_medium,10,74,12.466666666666667,-0.8147083520889282,-0.4872566231242215
BH_s24_medium,10,75,12.5,-0.877776026725769,-0.5904693151250548
BH_s24_medium,10,76,12.533333333333333,-0.9408436417579651,-0.6306129851485769
BH_s24_medium,10,77,12.566666666666666,-0.954413652420044,-0.5972083144014545
BH_s24_medium,10,78,12.6,-1.0039112567901611,-0.4938251377263038
BH_s24_medium,10,79,12.633333333333333,-1.066978931427002,-0.33876865314134746
BH_s24_medium,10,80,12.666666666666666,-1.066978931427002,-0.16081376288771784
BH_s24_medium,10,81,12.7,-1.066978931427002,0.008176682553914735
BH_s24_medium,10,82,12.733333333333333,-1.066978931427002,0.1415666111988643
BH_s24_medium,10,83,12.766666666666667,-0.9783468246459961,0.22523651299008943
BH_s24_medium,10,84,12.8,-0.4738810360431671,0.26100683456795204
BH_s24_medium,10,85,12.833333333333334,0.4331863224506378,0.2637472405768823
BH_s24_medium,10,86,12.866666666666667,1.4039219617843628,0.2532528928588884
BH_s24_medium,10,87,12.9,1.9217146635055542,0.24550193355646957
BH_s24_medium,10,88,12.933333333333334,2.0112099647521973,0.24782061047062334
BH_s24_medium,10,89,12.966666666666667,1.8732115030288696,0.25941686953860665
BH_s24_medium,10,90,13.0,1.6961344480514526,0.27546922051724304
BH_s24_medium,10,91,13.033333333333333,1.5583984851837158,0.2914307993451029
BH_s24_medium,10,92,13.066666666666666,1.2947899103164673,0.3049440172184391
BH_s24_medium,10,93,13.1,0.9282471537590027,0.314783642862711
BH_s24_medium,10,94,13.133333333333333,0.6762391328811646,0.3181151825502672
BH_s24_medium,10,95,13.166666666666666,0.49850553274154663,0.30829310911215335
BH_s24_medium,10,96,13.2,0.37250152230262756,0.2752184225970714
BH_s24_medium,10,97,13.233333333333333,0.23555338382720947,0.2089873597553821
BH_s24_medium,10,98,13.266666666666667,0.05742586776614189,0.10566206207182804
BH_s24_medium,10,99,13.3,-0.14232733845710754,-0.027601192262033142
BH_s24_medium,10,100,13.333333333333334,-0.33126771450042725,-0.17122626341794667
BH_s24_medium,10,101,13.366666666666667,-0.5097891092300415,-0.29768099514901786
BH_s24_medium,10,102,13.4,-0.6357930898666382,-0.38120332763469056
BH_s24_medium,10,103,13.433333333333334,-0.7516407370567322,-0.4091620357225406
BH_s24_medium,10,104,13.466666666666667,-0.8147083520889282,-0.38927137290180824
BH_s24_medium,10,105,13.5,-0.877776026725769,-0.34787854982323657
BH_s24_medium,10,106,13.533333333333333,-0.9408436417579651,-0.3190910509017209
BH_s24_medium,10,107,13.566666666666666,-1.0039112567901611,-0.32931901307383615
BH_s24_medium,10,108,13.6,-1.013411283493042,-0.38370251375500447
BH_s24_medium,10,109,13.633333333333333,-1.066978931427002,-0.4605258699326007
BH_s24_medium,10,110,13.666666666666666,-1.066978931427002,-0.5180224905176691
BH_s24_medium,10,111,13.7,-1.1300466060638428,-0.5127271151593092
BH_s24_medium,10,112,13.733333333333333,-1.1300466060638428,-0.42028014877385006
BH_s24_medium,10,113,13.766666666666667,-1.0404486656188965,-0.2464652146949415
BH_s24_medium,10,114,13.8,-0.5101648569107056,-0.023373546608110085
BH_s24_medium,10,115,13.833333333333334,0.3260885775089264,0.20456595177311981
BH_s24_medium,10,116,13.866666666666667,1.3087718486785889,0.396487421373045
BH_s24_medium,10,117,13.9,1.7793835401535034,0.5268060016812961
BH_s24_medium,10,118,13.933333333333334,1.8259458541870117,0.5896086372486478
BH_s24_medium,10,119,13.966666666666667,1.6918861865997314,0.5954157778242928
BH_s24_medium,10,120,14.0,1.5108702182769775,0.563023416172788
BH_s24_medium,10,121,14.033333333333333,1.3770731687545776,0.510851156583239
BH_s24_medium,10,122,14.066666666666666,1.0619975328445435,0.45137841084442126
BH_s24_medium,10,123,14.1,0.7469218373298645,0.38978114929223
BH_s24_medium,10,124,14.133333333333333,0.5023130178451538,0.32562579734481206
BH_s24_medium,10,125,14.166666666666666,0.3835769593715668,0.25559268281255215
BH_s24_medium,10,126,14.2,0.3133726716041565,0.17578073719328083
BH_s24_medium,10,127,14.233333333333333,0.12430103123188019,0.08324944708916
BH_s24_medium,10,128,14.266666666666667,-0.00170297606382519,-0.022907782812434566
BH_s24_medium,10,129,14.3,-0.19751738011837006,-0.14059147731997026
BH_s24_medium,10,130,14.333333333333334,-0.3798462748527527,-0.26366951498057734
BH_s24_medium,10,131,14.366666666666667,-0.5123304724693298,-0.3812336982386999
BH_s24_medium,10,132,14.4,-0.6318542957305908,-0.47808890302585694
BH_s24_medium,10,133,14.433333333333334,-0.7516407370567322,-0.5374520404719401
BH_s24_medium,10,134,14.466666666666667,-0.8147083520889282,-0.545823102878732
BH_s24_medium,10,135,14.5,-0.877776026725769,-0.4984370652672863
BH_s24_medium,10,136,14.533333333333333,-0.9408436417579651,-0.4026743776477916
BH_s24_medium,10,137,14.566666666666666,-0.9465360641479492,-0.2772701930537381
BH_s24_medium,10,138,14.6,-1.0039112567901611,-0.14714544233012974
BH_s24_medium,10,139,14.633333333333333,-1.066978931427002,-0.035749930824805716
BH_s24_medium,10,140,14.666666666666666,-1.066978931427002,0.042354552999441894
BH_s24_medium,10,141,14.7,-1.1248793601989746,0.0860124959356014
BH_s24_medium,10,142,14.733333333333333,-0.988803505897522,0.10693794276221
BH_s24_medium,10,143,14.766666666666667,-0.46503758430480957,0.12373210132477015
BH_s24_medium,10,144,14.8,0.3539227843284607,0.1531383347283347
BH_s24_medium,10,145,14.833333333333334,1.1543148756027222,0.2030442506628321
BH_s24_medium,10,146,14.866666666666667,1.455726981163025,0.2703023983260094
BH_s24_medium,10,147,14.9,1.3839004039764404,0.3432517539739568
BH_s24_medium,10,148,14.933333333333334,1.1949599981307983,0.4065655363615116
BH_s24_medium,10,149,14.966666666666667,1.0060197114944458,0.44579444335202884
BH_s24_medium,10,150,15.0,0.7540116906166077,0.4502427524152853
BH_s24_medium,10,151,15.033333333333333,0.5020036697387695,0.4142643598228628
BH_s24_medium,10,152,15.066666666666666,0.3167863190174103,0.33762895936110643
BH_s24_medium,10,153,15.1,0.19437402486801147,0.22546518742199514
BH_s24_medium,10,154,15.133333333333333,0.1909136027097702,0.0880249453284628
BH_s24_medium,10,155,15.166666666666666,0.06823872029781342,-0.05985566334078959
BH_s24_medium,10,156,15.2,-0.0012245902325958014,-0.20021552564627967
BH_s24_medium,10,157,15.233333333333333,-0.1901649534702301,-0.31505595271715986
BH_s24_medium,10,158,15.266666666666667,-0.3761700689792633,-0.39099076212363854
BH_s24_medium,10,159,15.3,-0.5049780011177063,-0.4239636310464661
BH_s24_medium,10,160,15.333333333333334,-0.6885730624198914,-0.4213819674853354
BH_s24_medium,10,161,15.366666666666667,-0.7541821002960205,-0.3995197863532439
BH_s24_medium,10,162,15.4,-0.8171184062957764,-0.3765579250694863
BH_s24_medium,10,163,15.433333333333334,-0.877776026725769,-0.3643612025387728
BH_s24_medium,10,164,15.466666666666667,-0.9408436417579651,-0.36298940819693126
BH_s24_medium,10,165,15.5,-0.9428598284721375,-0.36071334874423466
BH_s24_medium,10,166,15.533333333333333,-1.0039112567901611,-0.33976247735795
BH_s24_medium,10,167,15.566666666666666,-1.066978931427002,-0.2850544212873245
BH_s24_medium,10,168,15.6,-1.0006667375564575,-0.1911450269453878
BH_s24_medium,10,169,15.633333333333333,-0.6165593266487122,-0.06369555207973757
BH_s24_medium,10,170,15.666666666666666,0.07911650091409683,0.08409901170730806
BH_s24_medium,10,171,15.7,0.9573279619216919,0.23653337260528304
BH_s24_medium,10,172,15.733333333333333,1.4579212665557861,0.3791981085025163
BH_s24_medium,10,173,15.766666666666667,1.5178288221359253,0.5011941674701689
BH_s24_medium,10,174,15.8,1.3918248414993286,0.595738375488479
BH_s24_medium,10,175,15.833333333333334,1.2651175260543823,0.658910591546539
BH_s24_medium,10,176,15.866666666666667,1.0136815309524536,0.6874822616377698
BH_s24_medium,10,177,15.9,0.7611015439033508,0.6777571140209283
BH_s24_medium,10,178,15.933333333333334,0.5090935230255127,0.6262702522652561
BH_s24_medium,10,179,15.966666666666667,0.32033124566078186,0.5314292611857637
BH_s24_medium,10,180,16.0,0.2573948800563812,0.39481141869245234
BH_s24_medium,10,181,16.033333333333335,0.13139086961746216,0.2217153597929195
BH_s24_medium,10,182,16.066666666666666,0.06823872029781342,0.021437117773721134
BH_s24_medium,10,183,16.1,-0.12027004361152649,-0.19224824757632478
BH_s24_medium,10,184,16.133333333333333,-0.3092103898525238,-0.40080691670294477
BH_s24_medium,10,185,16.166666666666668,-0.4981507658958435,-0.5822449140800589
BH_s24_medium,10,186,16.2,-0.6247644424438477,-0.7152652150390413
BH_s24_medium,10,187,16.233333333333334,-0.7507684230804443,-0.7856303829727914
BH_s24_medium,10,188,16.266666666666666,-0.8147083520889282,-0.7912346930469198
BH_s24_medium,10,189,16.3,-0.877776026725769,-0.741880749292502
BH_s24_medium,10,190,16.333333333333332,-0.9395775198936462,-0.6532960778826981
BH_s24_medium,10,191,16.366666666666667,-1.0025138854980469,-0.5394091798015964
BH_s24_medium,10,192,16.4,-1.0039112567901611,-0.4081631085246213
BH_s24_medium,10,193,16.433333333333334,-1.066978931427002,-0.2631683363289741
BH_s24_medium,10,194,16.466666666666665,-1.066978931427002,-0.10861022237058915
BH_s24_medium,10,195,16.5,-1.1281239986419678,0.0474435015413017
BH_s24_medium,10,196,16.533333333333335,-1.1300466060638428,0.19362164822450387
BH_s24_medium,10,197,16.566666666666666,-1.0691641569137573,0.31824463001774694
BH_s24_medium,10,198,16.6,-0.6978390216827393,0.4124381319777871
BH_s24_medium,10,199,16.633333333333333,0.11417185515165329,0.47223822638917273
BH_s24_medium,10,200,16.666666666666668,1.1197561025619507,0.49924927743832476
BH_s24_medium,10,201,16.7,1.7602237462997437,0.49970187594512944
BH_s24_medium,10,202,16.733333333333334,1.897200584411621,0.48244203078433506
BH_s24_medium,10,203,16.766666666666666,1.7740381956100464,0.4568068913675086
BH_s24_medium,10,204,16.8,1.6480342149734497,0.43083507060452103
BH_s24_medium,10,205,16.833333333333332,1.4621981382369995,0.4096186238528436
BH_s24_medium,10,206,16.866666666666667,1.2135568857192993,0.393756452788673
BH_s24_medium,10,207,16.9,0.9581820964813232,0.378481611315776
BH_s24_medium,10,208,16.933333333333334,0.702544629573822,0.35430118758788465
BH_s24_medium,10,209,16.966666666666665,0.5134729743003845,0.30961985114439916
BH_s24_medium,10,210,17.0,0.38746899366378784,0.23497957774753073
BH_s24_medium,10,211,17.033333333333335,0.2614649832248688,0.12761250488163237
BH_s24_medium,10,212,17.066666666666666,0.07239332050085068,-0.005626804755944482
BH_s24_medium,10,213,17.1,-0.05361068248748779,-0.1489697319289477
BH_s24_medium,10,214,17.133333333333333,-0.3013328015804291,-0.2832106638688905
BH_s24_medium,10,215,17.166666666666668,-0.4317539930343628,-0.39439377658610003
BH_s24_medium,10,216,17.2,-0.5577579736709595,-0.4805648977018934
BH_s24_medium,10,217,17.233333333333334,-0.6837620139122009,-0.5509468024197611
BH_s24_medium,10,218,17.266666666666666,-0.7516407370567322,-0.6167438511195444
BH_s24_medium,10,219,17.3,-0.8147083520889282,-0.6792521846163762
BH_s24_medium,10,220,17.333333333333332,-0.877776026725769,-0.7236400856910655
BH_s24_medium,10,221,17.366666666666667,-0.9408436417579651,-0.7235984150940213
BH_s24_medium,10,222,17.4,-0.9408436417579651,-0.6549483046669937
BH_s24_medium,10,223,17.433333333333334,-1.0039112567901611,-0.5102896496646953
BH_s24_medium,10,224,17.466666666666665,-1.0039112567901611,-0.30614573801899064
BH_s24_medium,10,225,17.5,-1.0611175298690796,-0.07863501757735057
BH_s24_medium,10,226,17.533333333333335,-1.066978931427002,0.12977796137017328
BH_s24_medium,10,227,17.566666666666666,-0.9530916810035706,0.2853676638450536
BH_s24_medium,10,228,17.6,-0.4107666015625,0.3728944800694784
BH_s24_medium,10,229,17.633333333333333,0.46500611305236816,0.39658200731725557
BH_s24_medium,10,230,17.666666666666668,1.4166196584701538,0.37383096319083114
BH_s24_medium,10,231,17.7,1.940320611000061,0.3263288897047762
BH_s24_medium,10,232,17.733333333333334,1.9670486450195312,0.2730075598691755
BH_s24_medium,10,233,17.766666666666666,1.8410446643829346,0.226753404646911
BH_s24_medium,10,234,17.8,1.6590160131454468,0.19413988394176784
BH_s24_medium,10,235,17.833333333333332,1.4700757265090942,0.17644585351339595
BH_s24_medium,10,236,17.866666666666667,1.2180676460266113,0.1710479094802735
BH_s24_medium,10,237,17.9,0.9029920101165771,0.1732424901459702
BH_s24_medium,10,238,17.933333333333334,0.7064834237098694,0.17827034613012754
BH_s24_medium,10,239,17.966666666666665,0.5804794430732727,0.1826771373360328
BH_s24_medium,11,0,11.0,1.451881766319275,-0.002891489442453579
BH_s24_medium,11,1,11.033333333333333,1.6253204345703125,-2.395935223758767
BH_s24_medium,11,2,11.066666666666666,1.479838252067566,-4.411750199392779
BH_s24_medium,11,3,11.1,1.2908978462219238,-5.765271942494041
BH_s24_medium,11,4,11.133333333333333,1.0388898849487305,-6.330507553380712
BH_s24_medium,11,5,11.166666666666666,0.7868818044662476,-6.156345559702042
BH_s24_medium,11,6,11.2,0.5348738431930542,-5.427719758906594
BH_s24_medium,11,7,11.233333333333333,0.36475521326065063,-4.394383137493701
BH_s24_medium,11,8,11.266666666666667,0.30181884765625,-3.298389092393997
BH_s24_medium,11,9,11.3,0.23888249695301056,-2.322436422649857
BH_s24_medium,11,10,11.333333333333334,0.11287849396467209,-1.567126756566815
BH_s24_medium,11,11,11.366666666666667,-0.013125507161021233,-1.0538286037957167
BH_s24_medium,11,12,11.4,-0.20219716429710388,-0.7440085324464477
BH_s24_medium,11,13,11.433333333333334,-0.34623515605926514,-0.5652316452011596
BH_s24_medium,11,14,11.466666666666667,-0.5172728300094604,-0.4364225314426533
BH_s24_medium,11,15,11.5,-0.5802091956138611,-0.28820926883564035
BH_s24_medium,11,16,11.533333333333333,-0.6885730624198914,-0.07666121293796425
BH_s24_medium,11,17,11.566666666666666,-0.7516407370567322,0.2102457575718834
BH_s24_medium,11,18,11.6,-0.8147083520889282,0.5540051132733227
BH_s24_medium,11,19,11.633333333333333,-0.8319545984268188,0.9145245071242675
BH_s24_medium,11,20,11.666666666666666,-0.877776026725769,1.244038462138808
BH_s24_medium,11,21,11.7,-0.8947596549987793,1.501392849296526
BH_s24_medium,11,22,11.733333333333333,-0.9408436417579651,1.6623291675897232
BH_s24_medium,11,23,11.766666666666667,-0.8443338871002197,1.7232027225867734
BH_s24_medium,11,24,11.8,-0.38324177265167236,1.6976554762743015
BH_s24_medium,11,25,11.833333333333334,0.4521770775318146,1.6081899129911545
BH_s24_medium,11,26,11.866666666666667,1.348159909248352,1.4770288188856857
BH_s24_medium,11,27,11.9,1.7872611284255981,1.3208081448350701
BH_s24_medium,11,28,11.933333333333334,1.818068265914917,1.150465104334224
BH_s24_medium,11,29,11.966666666666667,1.6920642852783203,0.9740890101972273
BH_s24_medium,11,30,12.0,1.5029926300048828,0.7996441185330129
BH_s24_medium,11,31,12.033333333333333,1.2982503175735474,0.6358450094405846
BH_s24_medium,11,32,12.066666666666666,1.030702829360962,0.49104590648562696
BH_s24_medium,11,33,12.1,0.7311666011810303,0.37096211529140755
BH_s24_medium,11,34,12.133333333333333,0.4944354295730591,0.2763959977423398
BH_s24_medium,11,35,12.166666666666666,0.36843141913414,0.2020479536746387
BH_s24_medium,11,36,12.2,0.24242742359638214,0.13711142844299715
BH_s24_medium,11,37,12.233333333333333,0.11642342060804367,0.0677537434900935
BH_s24_medium,11,38,12.266666666666667,-0.024332238361239433,-0.019125239453175406
BH_s24_medium,11,39,12.3,-0.2132726013660431,-0.1320323971112421
BH_s24_medium,11,40,12.333333333333334,-0.4022129476070404,-0.2722161628120528
BH_s24_medium,11,41,12.366666666666667,-0.5767955183982849,-0.43296318803360223
BH_s24_medium,11,42,12.4,-0.6885730624198914,-0.6006596412337141
BH_s24_medium,11,43,12.433333333333334,-0.7516407370567322,-0.7568513577185566
BH_s24_medium,11,44,12.466666666666667,-0.8147083520889282,-0.8808623161432999
BH_s24_medium,11,45,12.5,-0.877776026725769,-0.9531188181962935
BH_s24_medium,11,46,12.533333333333333,-0.9408436417579651,-0.959301373468034
BH_s24_medium,11,47,12.566666666666666,-0.954413652420044,-0.8946724225580384
BH_s24_medium,11,48,12.6,-1.0039112567901611,-0.7669902819077508
BH_s24_medium,11,49,12.633333333333333,-1.066978931427002,-0.5962965013079576
BH_s24_medium,11,50,12.666666666666666,-1.066978931427002,-0.4109695644396565
BH_s24_medium,11,51,12.7,-1.066978931427002,-0.2408722354123582
BH_s24_medium,11,52,12.733333333333333,-1.066978931427002,-0.10929890837202698
BH_s24_medium,11,53,12.766666666666667,-0.9783468246459961,-0.026171559227251426
BH_s24_medium,11,54,12.8,-0.4738810360431671,0.014405141107641607
BH_s24_medium,11,55,12.833333333333334,0.4331863224506378,0.030292074360216775
BH_s24_medium,11,56,12.866666666666667,1.4039219617843628,0.04285161534528329
BH_s24_medium,11,57,12.9,1.9217146635055542,0.0685471887066545
BH_s24_medium,11,58,12.933333333333334,2.0112099647521973,0.11468604007199129
BH_s24_medium,11,59,12.966666666666667,1.8732115030288696,0.1801866774175063
BH_s24_medium,11,60,13.0,1.6961344480514526,0.25924599137119747
BH_s24_medium,11,61,13.033333333333333,1.5583984851837158,0.3447602724351218
BH_s24_medium,11,62,13.066666666666666,1.2947899103164673,0.4295302955478511
BH_s24_medium,11,63,13.1,0.9282471537590027,0.5053240184513252
BH_s24_medium,11,64,13.133333333333333,0.6762391328811646,0.5612571016396458
BH_s24_medium,11,65,13.166666666666666,0.49850553274154663,0.5833129581587289
BH_s24_medium,11,66,13.2,0.37250152230262756,0.5564073155172483
BH_s24_medium,11,67,13.233333333333333,0.23555338382720947,0.46931477070850264
BH_s24_medium,11,68,13.266666666666667,0.05742586776614189,0.32120373652045575
BH_s24_medium,11,69,13.3,-0.14232733845710754,0.1269899429580913
BH_s24_medium,11,70,13.333333333333334,-0.33126771450042725,-0.0819813459955949
BH_s24_medium,11,71,13.366666666666667,-0.5097891092300415,-0.2644020117078192
BH_s24_medium,11,72,13.4,-0.6357930898666382,-0.38210334700743687
BH_s24_medium,11,73,13.433333333333334,-0.7516407370567322,-0.4152070983598476
BH_s24_medium,11,74,13.466666666666667,-0.8147083520889282,-0.3718230510119495
BH_s24_medium,11,75,13.5,-0.877776026725769,-0.2861954701925948
BH_s24_medium,11,76,13.533333333333333,-0.9408436417579651,-0.20537313066128157
BH_s24_medium,11,77,13.566666666666666,-1.0039112567901611,-0.17047519879862127
BH_s24_medium,11,78,13.6,-1.013411283493042,-0.2000440781278019
BH_s24_medium,11,79,13.633333333333333,-1.066978931427002,-0.2816144551683546
BH_s24_medium,11,80,13.666666666666666,-1.066978931427002,-0.37594227680259656
BH_s24_medium,11,81,13.7,-1.1300466060638428,-0.43387515732036874
BH_s24_medium,11,82,13.733333333333333,-1.1300466060638428,-0.41800818734483314
BH_s24_medium,11,83,13.766666666666667,-1.0404486656188965,-0.3174007246524553
BH_s24_medium,11,84,13.8,-0.5101648569107056,-0.14905044906613743
BH_s24_medium,11,85,13.833333333333334,0.3260885775089264,0.05151416761716039
BH_s24_medium,11,86,13.866666666666667,1.3087718486785889,0.24421456396550384
BH_s24_medium,11,87,13.9,1.7793835401535034,0.3972168046208525
BH_s24_medium,11,88,13.933333333333334,1.8259458541870117,0.494414673103547
BH_s24_medium,11,89,13.966666666666667,1.6918861865997314,0.5357813871382884
BH_s24_medium,11,90,14.0,1.5108702182769775,0.5320279198634824
BH_s24_medium,11,91,14.033333333333333,1.3770731687545776,0.49742110299736003
BH_s24_medium,11,92,14.066666666666666,1.0619975328445435,0.44444268857993446
BH_s24_medium,11,93,14.1,0.7469218373298645,0.3817063347370295
BH_s24_medium,11,94,14.133333333333333,0.5023130178451538,0.31406135208620795
BH_s24_medium,11,95,14.166666666666666,0.3835769593715668,0.24297976616119576
BH_s24_medium,11,96,14.2,0.3133726716041565,0.1665921147910183
BH_s24_medium,11,97,14.233333333333333,0.12430103123188019,0.08025829148499268
BH_s24_medium,11,98,14.266666666666667,-0.00170297606382519,-0.021463070716004305
BH_s24_medium,11,99,14.3,-0.19751738011837006,-0.14160113357283077
BH_s24_medium,11,100,14.333333333333334,-0.3798462748527527,-0.27722115370733746
BH_s24_medium,11,101,14.366666666666667,-0.5123304724693298,-0.416853614517023
BH_s24_medium,11,102,14.4,-0.6318542957305908,-0.540506977537692
BH_s24_medium,11,103,14.433333333333334,-0.7516407370567322,-0.6234911285034666
BH_s24_medium,11,104,14.466666666666667,-0.8147083520889282,-0.6437851684894825
BH_s24_medium,11,105,14.5,-0.877776026725769,-0.5905329594117374
BH_s24_medium,11,106,14.533333333333333,-0.9408436417579651,-0.46971951294011577
BH_s24_medium,11,107,14.566666666666666,-0.9465360641479492,-0.3037930332282415
BH_s24_medium,11,108,14.6,-1.0039112567901611,-0.12513509180135482
BH_s24_medium,11,109,14.633333333333333,-1.066978931427002,0.03368016580967458
BH_s24_medium,11,110,14.666666666666666,-1.066978931427002,0.14920600524351652
BH_s24_medium,11,111,14.7,-1.1248793601989746,0.2131693567180754
BH_s24_medium,11,112,14.733333333333333,-0.988803505897522,0.2332118389531973
BH_s24_medium,11,113,14.766666666666667,-0.46503758430480957,0.22788022601880828
BH_s24_medium,11,114,14.8,0.3539227843284607,0.21821838833298357
BH_s24_medium,11,115,14.833333333333334,1.1543148756027222,0.2201241006674592
BH_s24_medium,11,116,14.866666666666667,1.455726981163025,0.2405369899419474
BH_s24_medium,11,117,14.9,1.3839004039764404,0.277755935443271
BH_s24_medium,11,118,14.933333333333334,1.1949599981307983,0.32410704959171177
BH_s24_medium,11,119,14.966666666666667,1.0060197114944458,0.3688376830804641
BH_s24_medium,11,120,15.0,0.7540116906166077,0.4001730792711424
BH_s24_medium,11,121,15.033333333333333,0.5020036697387695,0.4067440294586109
BH_s24_medium,11,122,15.066666666666666,0.3167863190174103,0.37903937492062667
BH_s24_medium,11,123,15.1,0.19437402486801147,0.31119904591960545
BH_s24_medium,11,124,15.133333333333333,0.1909136027097702,0.20291122790810923
BH_s24_medium,11,125,15.166666666666666,0.06823872029781342,0.06075927100315369
BH_s24_medium,11,126,15.2,-0.0012245902325958014,-0.10176754716906043
BH_s24_medium,11,127,15.233333333333333,-0.1901649534702301,-0.26615961329620685
BH_s24_medium,11,128,15.266666666666667,-0.3761700689792633,-0.4126353516915331
BH_s24_medium,11,129,15.3,-0.5049780011177063,-0.5247928005638829
BH_s24_medium,11,130,15.333333333333334,-0.6885730624198914,-0.5933275064402147
BH_s24_medium,11,131,15.366666666666667,-0.7541821002960205,-0.6170260501142983
BH_s24_medium,11,132,15.4,-0.8171184062957764,-0.600620165868133
BH_s24_medium,11,133,15.433333333333334,-0.877776026725769,-0.5509101793937449
BH_s24_medium,11,134,15.466666666666667,-0.9408436417579651,-0.47354446138214473
BH_s24_medium,11,135,15.5,-0.9428598284721375,-0.37231233633769745
BH_s24_medium,11,136,15.533333333333333,-1.0039112567901611,-0.2510190327960343
BH_s24_medium,11,137,15.566666666666666,-1.066978931427002,-0.11608052428938702
BH_s24_medium,11,138,15.6,-1.0006667375564575,0.022731296534529755
BH_s24_medium,11,139,15.633333333333333,-0.6165593266487122,0.1545726145908446
BH_s24_medium,11,140,15.666666666666666,0.07911650091409683,0.27124243308719326
BH_s24_medium,11,141,15.7,0.9573279619216919,0.36933761574338714
BH_s24_medium,11,142,15.733333333333333,1.4579212665557861,0.4495019350038441
BH_s24_medium,11,143,15.766666666666667,1.5178288221359253,0.5138875341471428
BH_s24_medium,11,144,15.8,1.3918248414993286,0.5635816572768502
BH_s24_medium,11,145,15.833333333333334,1.2651175260543823,0.5970403311726402
BH_s24_medium,11,146,15.866666666666667,1.0136815309524536,0.6099989178684537
BH_s24_medium,11,147,15.9,0.7611015439033508,0.5968638636899564
BH_s24_medium,11,148,15.933333333333334,0.5090935230255127,0.5528329533188661
BH_s24_medium,11,149,15.966666666666667,0.32033124566078186,0.4755195008357573
BH_s24_medium,11,150,16.0,0.2573948800563812,0.36530119758837754
BH_s24_medium,11,151,16.033333333333335,0.13139086961746216,0.2246832027647643
BH_s24_medium,11,152,16.066666666666666,0.06823872029781342,0.057825348205934296
BH_s24_medium,11,153,16.1,-0.12027004361152649,-0.1287311987885977
BH_s24_medium,11,154,16.133333333333333,-0.3092103898525238,-0.3243187511872798
BH_s24_medium,11,155,16.166666666666668,-0.4981507658958435,-0.5130261610547209
BH_s24_medium,11,156,16.2,-0.6247644424438477,-0.6752773706774917
BH_s24_medium,11,157,16.233333333333334,-0.7507684230804443,-0.7925566465223653
BH_s24_medium,11,158,16.266666666666666,-0.8147083520889282,-0.8527751567680089
BH_s24_medium,11,159,16.3,-0.877776026725769,-0.852567824861887
BH_s24_medium,11,160,16.333333333333332,-0.9395775198936462,-0.7952574385936675
BH_s24_medium,11,161,16.366666666666667,-1.0025138854980469,-0.6868935415198205
BH_s24_medium,11,162,16.4,-1.0039112567901611,-0.5341077083900668
BH_s24_medium,11,163,16.433333333333334,-1.066978931427002,-0.34551003821608717
BH_s24_medium,11,164,16.466666666666665,-1.066978931427002,-0.13469836422238832
BH_s24_medium,11,165,16.5,-1.1281239986419678,0.07879580301602587
BH_s24_medium,11,166,16.533333333333335,-1.1300466060638428,0.2722974895481155
BH_s24_medium,11,167,16.566666666666666,-1.0691641569137573,0.4251173330644684
BH_s24_medium,11,168,16.6,-0.6978390216827393,0.5236622687396533
BH_s24_medium,11,169,16.633333333333333,0.11417185515165329,0.5648128141419
BH_s24_medium,11,170,16.666666666666668,1.1197561025619507,0.5564601573537967
BH_s24_medium,11,171,16.7,1.7602237462997437,0.5148846805503986
BH_s24_medium,11,172,16.733333333333334,1.897200584411621,0.4600421026225839
BH_s24_medium,11,173,16.766666666666666,1.7740381956100464,0.41064196584721774
BH_s24_medium,11,174,16.8,1.6480342149734497,0.38023660575445917
BH_s24_medium,11,175,16.833333333333332,1.4621981382369995,0.37446696828950327
BH_s24_medium,11,176,16.866666666666667,1.2135568857192993,0.3894596904939092
BH_s24_medium,11,177,16.9,0.9581820964813232,0.4118723117666535
BH_s24_medium,11,178,16.933333333333334,0.702544629573822,0.4212929667369996
BH_s24_medium,11,179,16.966666666666665,0.5134729743003845,0.3951915210082893
BH_s24_medium,11,180,17.0,0.38746899366378784,0.3155626506643424
BH_s24_medium,11,181,17.033333333333335,0.2614649832248688,0.1754035682839978
BH_s24_medium,11,182,17.066666666666666,0.07239332050085068,-0.017215018455609774
BH_s24_medium,11,183,17.1,-0.05361068248748779,-0.2394611123402844
BH_s24_medium,11,184,17.133333333333333,-0.3013328015804291,-0.45942972178106073
BH_s24_medium,11,185,17.166666666666668,-0.4317539930343628,-0.6459377068983364
BH_s24_medium,11,186,17.2,-0.5577579736709595,-0.7781450054549193
BH_s24_medium,11,187,17.233333333333334,-0.6837620139122009,-0.8497255668221024
BH_s24_medium,11,188,17.266666666666666,-0.7516407370567322,-0.8652569054944859
BH_s24_medium,11,189,17.3,-0.8147083520889282,-0.8316268079446457
BH_s24_medium,11,190,17.333333333333332,-0.877776026725769,-0.7508902441113293
BH_s24_medium,11,191,17.366666666666667,-0.9408436417579651,-0.6200956482813549
BH_s24_medium,11,192,17.4,-0.9408436417579651,-0.4381652399069385
BH_s24_medium,11,193,17.433333333333334,-1.0039112567901611,-0.2143872810364424
BH_s24_medium,11,194,17.466666666666665,-1.0039112567901611,0.028039473031446892
BH_s24_medium,11,195,17.5,-1.0611175298690796,0.25645910331975025
BH_s24_medium,11,196,17.533333333333335,-1.066978931427002,0.4389877821280173
BH_s24_medium,11,197,17.566666666666666,-0.9530916810035706,0.5548841855807436
BH_s24_medium,11,198,17.6,-0.4107666015625,0.5999702932727864
BH_s24_medium,11,199,17.633333333333333,0.46500611305236816,0.5854140309411539
BH_s24_medium,11,200,17.666666666666668,1.4166196584701538,0.5317836512594616
BH_s24_medium,11,201,17.7,1.940320611000061,0.46199645711213827
BH_s24_medium,11,202,17.733333333333334,1.9670486450195312,0.39599647909382985
BH_s24_medium,11,203,17.766666666666666,1.8410446643829346,0.3478711366582635
BH_s24_medium,11,204,17.8,1.6590160131454468,0.3244489088826327
BH_s24_medium,11,205,17.833333333333332,1.4700757265090942,0.3242989789798114
BH_s24_medium,11,206,17.866666666666667,1.2180676460266113,0.3372769280111392
BH_s24_medium,11,207,17.9,0.9029920101165771,0.3457646895069083
BH_s24_medium,11,208,17.933333333333334,0.7064834237098694,0.32833389373766464
BH_s24_medium,11,209,17.966666666666665,0.5804794430732727,0.2654266382326861
BH_s24_medium,11,210,18.0,0.45447543263435364,0.14587615819505517
BH_s24_medium,11,211,18.033333333333335,0.32847142219543457,-0.02752652734476781
BH_s24_medium,11,212,18.066666666666666,0.08442553132772446,-0.23585102990803855
BH_s24_medium,11,213,18.1,-0.04144717752933502,-0.44718291116363956
BH_s24_medium,11,214,18.133333333333333,-0.23038753867149353,-0.6247981381977341
BH_s24_medium,11,215,18.166666666666668,-0.3647475242614746,-0.737424807758437
BH_s24_medium,11,216,18.2,-0.4907515347003937,-0.7676219263543161
BH_s24_medium,11,217,18.233333333333334,-0.6167555451393127,-0.7153728783613719
BH_s24_medium,11,218,18.266666666666666,-0.6885730624198914,-0.5963626852820594
BH_s24_medium,11,219,18.3,-0.7516407370567322,-0.4364745306034683
BH_s24_medium,11,220,18.333333333333332,-0.8147083520889282,-0.26469583688842857
BH_s24_medium,11,221,18.366666666666667,-0.8685009479522705,-0.10633352183622727
BH_s24_medium,11,222,18.4,-0.877776026725769,0.021944790770348756
BH_s24_medium,11,223,18.433333333333334,-0.9408436417579651,0.1142439111718912
BH_s24_medium,11,224,18.466666666666665,-0.9942423701286316,0.1745794757507319
BH_s24_medium,11,225,18.5,-0.8875762224197388,0.21346028334951558
BH_s24_medium,11,226,18.533333333333335,-0.42289239168167114,0.24251901045714777
BH_s24_medium,11,227,18.566666666666666,0.386267751455307,0.2685033059600907
BH_s24_medium,11,228,18.6,1.2053594589233398,0.28940762139550436
BH_s24_medium,11,229,18.633333333333333,1.6242791414260864,0.29559410424374133
BH_s24_medium,11,230,18.666666666666668,1.5923190116882324,0.2759562963945017
BH_s24_medium,11,231,18.7,1.4138352870941162,0.22562521506132588
BH_s24_medium,11,232,18.733333333333334,1.1618273258209229,0.15047290745065983
BH_s24_medium,11,233,18.766666666666666,0.9098193049430847,0.06573657726680193
BH_s24_medium,11,234,18.8,0.6578112840652466,-0.00993676603675807
BH_s24_medium,11,235,18.833333333333332,0.46887093782424927,-0.06107696571144885
BH_s24_medium,11,236,18.866666666666667,0.3835769593715668,-0.07941388369611406
BH_s24_medium,11,237,18.9,0.32050931453704834,-0.06468185906293535
BH_s24_medium,11,238,18.933333333333334,0.2058810591697693,-0.02326134937669349
BH_s24_medium,11,239,18.966666666666665,0.07987704873085022,0.0339982051245748
BH_s24_medium,12,0,12.0,1.5029926300048828,0.01816488956053758
BH_s24_medium,12,1,12.033333333333333,1.2982503175735474,-2.3095036696106708
BH_s24_medium,12,2,12.066666666666666,1.030702829360962,-4.265870710949052
BH_s24_medium,12,3,12.1,0.7311666011810303,-5.570970942858791
BH_s24_medium,12,4,12.133333333333333,0.4944354295730591,-6.104233243600932
BH_s24_medium,12,5,12.166666666666666,0.36843141913414,-5.919728383857411
BH_s24_medium,12,6,12.2,0.24242742359638214,-5.20621846983223
BH_s24_medium,12,7,12.233333333333333,0.11642342060804367,-4.214324649936167
BH_s24_medium,12,8,12.266666666666667,-0.024332238361239433,-3.1822265036526214
BH_s24_medium,12,9,12.3,-0.2132726013660431,-2.282890574757289
BH_s24_medium,12,10,12.333333333333334,-0.4022129476070404,-1.6021123895593306
BH_s24_medium,12,11,12.366666666666667,-0.5767955183982849,-1.144846964216794
BH_s24_medium,12,12,12.4,-0.6885730624198914,-0.85996684238394
BH_s24_medium,12,13,12.433333333333334,-0.7516407370567322,-0.6713604856640507
BH_s24_medium,12,14,12.466666666666667,-0.8147083520889282,-0.5052729237420914
BH_s24_medium,12,15,12.5,-0.877776026725769,-0.3082168672596499
BH_s24_medium,12,16,12.533333333333333,-0.9408436417579651,-0.05454070555398744
BH_s24_medium,12,17,12.566666666666666,-0.954413652420044,0.2541731550450189
BH_s24_medium,12,18,12.6,-1.0039112567901611,0.5950148488732568
BH_s24_medium,12,19,12.633333333333333,-1.066978931427002,0.9325838500838215
BH_s24_medium,12,20,12.666666666666666,-1.066978931427002,1.2286838478999609
BH_s24_medium,12,21,12.7,-1.066978931427002,1.451128992453463
BH_s24_medium,12,22,12.733333333333333,-1.066978931427002,1.5806425650690983
BH_s24_medium,12,23,12.766666666666667,-0.9783468246459961,1.6149940576072623
BH_s24_medium,12,24,12.8,-0.4738810360431671,1.5688168170072276
BH_s24_medium,12,25,12.833333333333334,0.4331863224506378,1.46803396827417
BH_s24_medium,12,26,12.866666666666667,1.4039219617843628,1.3406663604651368
BH_s24_medium,12,27,12.9,1.9217146635055542,1.2083748839877442
BH_s24_medium,12,28,12.933333333333334,2.0112099647521973,1.082553028008254
BH_s24_medium,12,29,12.966666666666667,1.8732115030288696,0.9657984618774236
BH_s24_medium,12,30,13.0,1.6961344480514526,0.856575109679392
BH_s24_medium,12,31,13.033333333333333,1.5583984851837158,0.7535898246925443
BH_s24_medium,12,32,13.066666666666666,1.2947899103164673,0.6573328134329328
BH_s24_medium,12,33,13.1,0.9282471537590027,0.5684455985052668
BH_s24_medium,12,34,13.133333333333333,0.6762391328811646,0.48461264344823224
BH_s24_medium,12,35,13.166666666666666,0.49850553274154663,0.3985045095267522
BH_s24_medium,12,36,13.2,0.37250152230262756,0.2986632734224532
BH_s24_medium,12,37,13.233333333333333,0.23555338382720947,0.17362635903089177
BH_s24_medium,12,38,13.266666666666667,0.05742586776614189,0.01786074872276706
BH_s24_medium,12,39,13.3,-0.14232733845710754,-0.16315452152898885
BH_s24_medium,12,40,13.333333333333334,-0.33126771450042725,-0.3516264815521537
BH_s24_medium,12,41,13.366666666666667,-0.5097891092300415,-0.5217373461151604
BH_s24_medium,12,42,13.4,-0.6357930898666382,-0.6488865924895186
BH_s24_medium,12,43,13.433333333333334,-0.7516407370567322,-0.7203179036154096
BH_s24_medium,12,44,13.466666666666667,-0.8147083520889282,-0.741723060448769
BH_s24_medium,12,45,13.5,-0.877776026725769,-0.7355535653365274
BH_s24_medium,12,46,13.533333333333333,-0.9408436417579651,-0.7310438415624019
BH_s24_medium,12,47,13.566666666666666,-1.0039112567901611,-0.7503182043555715
BH_s24_medium,12,48,13.6,-1.013411283493042,-0.7965558114128882
BH_s24_medium,12,49,13.633333333333333,-1.066978931427002,-0.8496081600801946
BH_s24_medium,12,50,13.666666666666666,-1.066978931427002,-0.8726496445326007
BH_s24_medium,12,51,13.7,-1.1300466060638428,-0.8286802955300436
BH_s24_medium,12,52,13.733333333333333,-1.1300466060638428,-0.6986258951865194
BH_s24_medium,12,53,13.766666666666667,-1.0404486656188965,-0.49045967588334766
BH_s24_medium,12,54,13.8,-0.5101648569107056,-0.23537476418268657
BH_s24_medium,12,55,13.833333333333334,0.3260885775089264,0.024470458142461543
BH_s24_medium,12,56,13.866666666666667,1.3087718486785889,0.24974598141166687
BH_s24_medium,12,57,13.9,1.7793835401535034,0.4146100338099207
BH_s24_medium,12,58,13.933333333333334,1.8259458541870117,0.5116531947668296
BH_s24_medium,12,59,13.966666666666667,1.6918861865997314,0.5502171487048538
BH_s24_medium,12,60,14.0,1.5108702182769775,0.5495652601679023
BH_s24_medium,12,61,14.033333333333333,1.3770731687545776,0.5303304855899481
BH_s24_medium,12,62,14.066666666666666,1.0619975328445435,0.5076769825693702
BH_s24_medium,12,63,14.1,0.7469218373298645,0.4880146114017281
BH_s24_medium,12,64,14.133333333333333,0.5023130178451538,0.4691957368178702
BH_s24_medium,12,65,14.166666666666666,0.3835769593715668,0.4429700566480551
BH_s24_medium,12,66,14.2,0.3133726716041565,0.39841933465786455
BH_s24_medium,12,67,14.233333333333333,0.12430103123188019,0.32556749718231953
BH_s24_medium,12,68,14.266666666666667,-0.00170297606382519,0.21866059057142634
BH_s24_medium,12,69,14.3,-0.19751738011837006,0.07869905018937895
BH_s24_medium,12,70,14.333333333333334,-0.3798462748527527,-0.08511370091465298
BH_s24_medium,12,71,14.366666666666667,-0.5123304724693298,-0.2553547085486406
BH_s24_medium,12,72,14.4,-0.6318542957305908,-0.4082894656256305
BH_s24_medium,12,73,14.433333333333334,-0.7516407370567322,-0.5181372500604912
BH_s24_medium,12,74,14.466666666666667,-0.8147083520889282,-0.5634595393647065
BH_s24_medium,12,75,14.5,-0.877776026725769,-0.5340543848619159
BH_s24_medium,12,76,14.533333333333333,-0.9408436417579651,-0.43537389838378776
BH_s24_medium,12,77,14.566666666666666,-0.9465360641479492,-0.2878782514245279
BH_s24_medium,12,78,14.6,-1.0039112567901611,-0.12140883087880591
BH_s24_medium,12,79,14.633333333333333,-1.066978931427002,0.03290512422637352
BH_s24_medium,12,80,14.666666666666666,-1.066978931427002,0.150610720118266
BH_s24_medium,12,81,14.7,-1.1248793601989746,0.21992110028046685
BH_s24_medium,12,82,14.733333333333333,-0.988803505897522,0.2437858505325498
BH_s24_medium,12,83,14.766666666666667,-0.46503758430480957,0.23675968308268833
BH_s24_medium,12,84,14.8,0.3539227843284607,0.2181026653073219
BH_s24_medium,12,85,14.833333333333334,1.1543148756027222,0.2047540323437301
BH_s24_medium,12,86,14.866666666666667,1.455726981163025,0.2069976149210087
BH_s24_medium,12,87,14.9,1.3839004039764404,0.22721574657256222
BH_s24_medium,12,88,14.933333333333334,1.1949599981307983,0.2606796921984966
BH_s24_medium,12,89,14.966666666666667,1.0060197114944458,0.2973012156629251
BH_s24_medium,12,90,15.0,0.7540116906166077,0.32385118524058065
BH_s24_medium,12,91,15.033333333333333,0.5020036697387695,0.3266099115711813
BH_s24_medium,12,92,15.066666666666666,0.3167863190174103,0.294399600970749
BH_s24_medium,12,93,15.1,0.19437402486801147,0.22158140659153372
BH_s24_medium,12,94,15.133333333333333,0.1909136027097702,0.11024506688283543
BH_s24_medium,12,95,15.166666666666666,0.06823872029781342,-0.029225961304872386
BH_s24_medium,12,96,15.2,-0.0012245902325958014,-0.1796987621283604
BH_s24_medium,12,97,15.233333333333333,-0.1901649534702301,-0.3209525162605998
BH_s24_medium,12,98,15.266666666666667,-0.3761700689792633,-0.43494412570947577
BH_s24_medium,12,99,15.3,-0.5049780011177063,-0.5112229154047226
BH_s24_medium,12,100,15.333333333333334,-0.6885730624198914,-0.5498991041723303
BH_s24_medium,12,101,15.366666666666667,-0.7541821002960205,-0.5598511767338653
BH_s24_medium,12,102,15.4,-0.8171184062957764,-0.5524213020339641
BH_s24_medium,12,103,15.433333333333334,-0.877776026725769,-0.5338904739237721
BH_s24_medium,12,104,15.466666666666667,-0.9408436417579651,-0.5011190457629376
BH_s24_medium,12,105,15.5,-0.9428598284721375,-0.44316232577166
BH_s24_medium,12,106,15.533333333333333,-1.0039112567901611,-0.3482969989812504
BH_s24_medium,12,107,15.566666666666666,-1.066978931427002,-0.21252660764123266
BH_s24_medium,12,108,15.6,-1.0006667375564575,-0.0443252444250485
BH_s24_medium,12,109,15.633333333333333,-0.6165593266487122,0.1373912091097911
BH_s24_medium,12,110,15.666666666666666,0.07911650091409683,0.31026957974029085
BH_s24_medium,12,111,15.7,0.9573279619216919,0.45568847344072905
BH_s24_medium,12,112,15.733333333333333,1.4579212665557861,0.5628570113927281
BH_s24_medium,12,113,15.766666666666667,1.5178288221359253,0.6296607885182688
BH_s24_medium,12,114,15.8,1.3918248414993286,0.6609193608482766
BH_s24_medium,12,115,15.833333333333334,1.2651175260543823,0.6645893652520268
BH_s24_medium,12,116,15.866666666666667,1.0136815309524536,0.6474448897745513
BH_s24_medium,12,117,15.9,0.7611015439033508,0.6124766811301006
BH_s24_medium,12,118,15.933333333333334,0.5090935230255127,0.5589526393930326
BH_s24_medium,12,119,15.966666666666667,0.32033124566078186,0.4841589356210424
BH_s24_medium,12,120,16.0,0.2573948800563812,0.38530727558121347
BH_s24_medium,12,121,16.033333333333335,0.13139086961746216,0.2608480847399375
BH_s24_medium,12,122,16.066666666666666,0.06823872029781342,0.11133474904090056
BH_s24_medium,12,123,16.1,-0.12027004361152649,-0.05964377352536397
BH_s24_medium,12,124,16.133333333333333,-0.3092103898525238,-0.24429072256919576
BH_s24_medium,12,125,16.166666666666668,-0.4981507658958435,-0.4299314510932834
BH_s24_medium,12,126,16.2,-0.6247644424438477,-0.6002898711989295
BH_s24_medium,12,127,16.233333333333334,-0.7507684230804443,-0.7392280351160508
BH_s24_medium,12,128,16.266666666666666,-0.8147083520889282,-0.8349315419558039
BH_s24_medium,12,129,16.3,-0.877776026725769,-0.8813476601620255
BH_s24_medium,12,130,16.333333333333332,-0.9395775198936462,-0.8759793707619037
BH_s24_medium,12,131,16.366666666666667,-1.0025138854980469,-0.8166816336332897
BH_s24_medium,12,132,16.4,-1.0039112567901611,-0.7013214816574189
BH_s24_medium,12,133,16.433333333333334,-1.066978931427002,-0.5316997114937666
BH_s24_medium,12,134,16.466666666666665,-1.066978931427002,-0.3187256584139116
BH_s24_medium,12,135,16.5,-1.1281239986419678,-0.08393632248830545
BH_s24_medium,12,136,16.533333333333335,-1.1300466060638428,0.1445652937312296
BH_s24_medium,12,137,16.566666666666666,-1.0691641569137573,0.33945991623799804
BH_s24_medium,12,138,16.6,-0.6978390216827393,0.48136362651174613
BH_s24_medium,12,139,16.633333333333333,0.11417185515165329,0.563388306798032
BH_s24_medium,12,140,16.666666666666668,1.1197561025619507,0.5917828564027422
BH_s24_medium,12,141,16.7,1.7602237462997437,0.5824759393570201
BH_s24_medium,12,142,16.733333333333334,1.897200584411621,0.555091863609937
BH_s24_medium,12,143,16.766666666666666,1.7740381956100464,0.5270378653719706
BH_s24_medium,12,144,16.8,1.6480342149734497,0.5094530456897673
BH_s24_medium,12,145,16.833333333333332,1.4621981382369995,0.5052997388901543
BH_s24_medium,12,146,16.866666666666667,1.2135568857192993,0.5092090375149787
BH_s24_medium,12,147,16.9,0.9581820964813232,0.5088436627445774
BH_s24_medium,12,148,16.933333333333334,0.702544629573822,0.48774543001384524
BH_s24_medium,12,149,16.966666666666665,0.5134729743003845,0.4295000067741368
BH_s24_medium,12,150,17.0,0.38746899366378784,0.3225989721165806
BH_s24_medium,12,151,17.033333333333335,0.2614649832248688,0.16489154696515956
BH_s24_medium,12,152,17.066666666666666,0.07239332050085068,-0.033753976580541904
BH_s24_medium,12,153,17.1,-0.05361068248748779,-0.25207711258146465
BH_s24_medium,12,154,17.133333333333333,-0.3013328015804291,-0.46247524284990205
BH_s24_medium,12,155,17.166666666666668,-0.4317539930343628,-0.6395822869657716
BH_s24_medium,12,156,17.2,-0.5577579736709595,-0.768152235574854
BH_s24_medium,12,157,17.233333333333334,-0.6837620139122009,-0.8450772856731767
BH_s24_medium,12,158,17.266666666666666,-0.7516407370567322,-0.8741969113266416
BH_s24_medium,12,159,17.3,-0.8147083520889282,-0.8580640615474813
BH_s24_medium,12,160,17.333333333333332,-0.877776026725769,-0.7932573296343957
BH_s24_medium,12,161,17.366666666666667,-0.9408436417579651,-0.6732228736106846
BH_s24_medium,12,162,17.4,-0.9408436417579651,-0.4967019483583339
BH_s24_medium,12,163,17.433333333333334,-1.0039112567901611,-0.275329880783086
BH_s24_medium,12,164,17.466666666666665,-1.0039112567901611,-0.034660616626853546
BH_s24_medium,12,165,17.5,-1.0611175298690796,0.19249421777830306
BH_s24_medium,12,166,17.533333333333335,-1.066978931427002,0.3766652447958195
BH_s24_medium,12,167,17.566666666666666,-0.9530916810035706,0.5005440235245757
BH_s24_medium,12,168,17.6,-0.4107666015625,0.5621362825191032
BH_s24_medium,12,169,17.633333333333333,0.46500611305236816,0.5720542363259611
BH_s24_medium,12,170,17.666666666666668,1.4166196584701538,0.5475420474823439
BH_s24_medium,12,171,17.7,1.940320611000061,0.5064717725679823
BH_s24_medium,12,172,17.733333333333334,1.9670486450195312,0.46333878126518446
BH_s24_medium,12,173,17.766666666666666,1.8410446643829346,0.42751422923908167
BH_s24_medium,12,174,17.8,1.6590160131454468,0.4029271070268425
BH_s24_medium,12,175,17.833333333333332,1.4700757265090942,0.3882157785880174
BH_s24_medium,12,176,17.866666666666667,1.2180676460266113,0.3768587456093575
BH_s24_medium,12,177,17.9,0.9029920101165771,0.3574934107029512
BH_s24_medium,12,178,17.933333333333334,0.7064834237098694,0.31518780785850925
BH_s24_medium,12,179,17.966666666666665,0.5804794430732727,0.2344709117281373
BH_s24_medium,12,180,18.0,0.45447543263435364,0.10425559674705163
BH_s24_medium,12,181,18.033333333333335,0.32847142219543457,-0.07647661294822872
BH_s24_medium,12,182,18.066666666666666,0.08442553132772446,-0.2945935218310959
BH_s24_medium,12,183,18.1,-0.04144717752933502,-0.5227866004679552
BH_s24_medium,12,184,18.133333333333333,-0.23038753867149353,-0.7245152924507725
BH_s24_medium,12,185,18.166666666666668,-0.3647475242614746,-0.8627232491804325
BH_s24_medium,12,186,18.2,-0.4907515347003937,-0.9097367877144371
BH_s24_medium,12,187,18.233333333333334,-0.6167555451393127,-0.8552403112028836
BH_s24_medium,12,188,18.266666666666666,-0.6885730624198914,-0.7094565910315115
BH_s24_medium,12,189,18.3,-0.7516407370567322,-0.5001293292155098
BH_s24_medium,12,190,18.333333333333332,-0.8147083520889282,-0.26450018907570894
BH_s24_medium,12,191,18.366666666666667,-0.8685009479522705,-0.0394446346390503
BH_s24_medium,12,192,18.4,-0.877776026725769,0.14709775762719382
BH_s24_medium,12,193,18.433333333333334,-0.9408436417579651,0.28142043144380996
BH_s24_medium,12,194,18.466666666666665,-0.9942423701286316,0.3650289839438127
BH_s24_medium,12,195,18.5,-0.8875762224197388,0.4110203716990663
BH_s24_medium,12,196,18.533333333333335,-0.42289239168167114,0.43678366684007586
BH_s24_medium,12,197,18.566666666666666,0.386267751455307,0.45561103172660533
BH_s24_medium,12,198,18.6,1.2053594589233398,0.4710876727461763
BH_s24_medium,12,199,18.633333333333333,1.6242791414260864,0.47742757456964796
BH_s24_medium,12,200,18.666666666666668,1.5923190116882324,0.46568092914264253
BH_s24_medium,12,201,18.7,1.4138352870941162,0.43189506408354855
BH_s24_medium,12,202,18.733333333333334,1.1618273258209229,0.38165035234763817
BH_s24_medium,12,203,18.766666666666666,0.9098193049430847,0.32752403485760173
BH_s24_medium,12,204,18.8,0.6578112840652466,0.2810116918975331
BH_s24_medium,12,205,18.833333333333332,0.46887093782424927,0.24432035862494395
BH_s24_medium,12,206,18.866666666666667,0.3835769593715668,0.20713677351073861
BH_s24_medium,12,207,18.9,0.32050931453704834,0.15020611646653267
BH_s24_medium,12,208,18.933333333333334,0.2058810591697693,0.05418040297756466
BH_s24_medium,12,209,18.966666666666665,0.07987704873085022,-0.09008041658607624
BH_s24_medium,12,210,19.0,-0.04612695425748825,-0.2744272538792903
BH_s24_medium,12,211,19.033333333333335,-0.23519860208034515,-0.47313240793621064
BH_s24_medium,12,212,19.066666666666666,-0.41223806142807007,-0.6499573980849269
BH_s24_medium,12,213,19.1,-0.5502742528915405,-0.769584873928216
BH_s24_medium,12,214,19.133333333333333,-0.6255053877830505,-0.8082588135336557
BH_s24_medium,12,215,19.166666666666668,-0.7392145991325378,-0.759292685397287
BH_s24_medium,12,216,19.2,-0.7516407370567322,-0.6325975615020434
BH_s24_medium,12,217,19.233333333333334,-0.8147083520889282,-0.4505178595881924
BH_s24_medium,12,218,19.266666666666666,-0.8649560213088989,-0.24253134322632355
BH_s24_medium,12,219,19.3,-0.877776026725769,-0.039795350536913174
BH_s24_medium,12,220,19.333333333333332,-0.9277610778808594,0.1305299605497108
BH_s24_medium,12,221,19.366666666666667,-0.9408436417579651,0.25076724209233686
BH_s24_medium,12,222,19.4,-0.9408436417579651,0.31625117670400704
BH_s24_medium,12,223,19.433333333333334,-0.6794111728668213,0.3348504400629805
BH_s24_medium,12,224,19.466666666666665,0.04965997859835625,0.32227952201224613
BH_s24_medium,12,225,19.5,1.0304765701293945,0.29538893343986966
BH_s24_medium,12,226,19.533333333333335,1.8278489112854004,0.26647191743399035
BH_s24_medium,12,227,19.566666666666666,2.072401762008667,0.2407214428464628
BH_s24_medium,12,228,19.6,1.9885339736938477,0.21723246890961884
BH_s24_medium,12,229,19.633333333333333,1.848397135734558,0.1922762183798958
BH_s24_medium,12,230,19.666666666666668,1.6593254804611206,0.16271107819349404
BH_s24_medium,12,231,19.7,1.421712875366211,0.12783514289634443
BH_s24_medium,12,232,19.733333333333334,1.1212953329086304,0.08943756188115563
BH_s24_medium,12,233,19.766666666666666,0.8546292781829834,0.05091734407619901
BH_s24_medium,12,234,19.8,0.6507682204246521,0.01620124304618881
BH_s24_medium,12,235,19.833333333333332,0.5247642397880554,-0.011352367702843114
BH_s24_medium,12,236,19.866666666666667,0.39876022934913635,-0.029830232206164636
BH_s24_medium,12,237,19.9,0.20968855917453766,-0.039022825733173554
BH_s24_medium,12,238,19.933333333333334,0.020616911351680756,-0.04005755430726717
BH_s24_medium,12,239,19.966666666666665,-0.16845473647117615,-0.03486179947209434
BH_s24_medium,13,0,13.0,1.6961344480514526,0.12261646104602929
BH_s24_medium,13,1,13.033333333333333,1.5583984851837158,-2.0800647659695515
BH_s24_medium,13,2,13.066666666666666,1.2947899103164673,-3.9240384474429386
BH_s24_medium,13,3,13.1,0.9282471537590027,-5.140466303055865
BH_s24_medium,13,4,13.133333333333333,0.6762391328811646,-5.620497384883531
BH_s24_medium,13,5,13.166666666666666,0.49850553274154663,-5.428473149087556
BH_s24_medium,13,6,13.2,0.37250152230262756,-4.75890340526342
BH_s24_medium,13,7,13.233333333333333,0.23555338382720947,-3.86049297489573
BH_s24_medium,13,8,13.266666666666667,0.05742586776614189,-2.959518395307361
BH_s24_medium,13,9,13.3,-0.14232733845710754,-2.2064782793335556
BH_s24_medium,13,10,13.333333333333334,-0.33126771450042725,-1.6565997424083787
BH_s24_medium,13,11,13.366666666666667,-0.5097891092300415,-1.2828694223939066
BH_s24_medium,13,12,13.4,-0.6357930898666382,-1.0114199921599032
BH_s24_medium,13,13,13.433333333333334,-0.7516407370567322,-0.7639684581567148
BH_s24_medium,13,14,13.466666666666667,-0.8147083520889282,-0.49125244180043554
BH_s24_medium,13,15,13.5,-0.877776026725769,-0.18640425311099812
BH_s24_medium,13,16,13.533333333333333,-0.9408436417579651,0.12297724461102508
BH_s24_medium,13,17,13.566666666666666,-1.0039112567901611,0.39625959962008456
BH_s24_medium,13,18,13.6,-1.013411283493042,0.6034777849715176
BH_s24_medium,13,19,13.633333333333333,-1.066978931427002,0.7411103929958834
BH_s24_medium,13,20,13.666666666666666,-1.066978931427002,0.8329313390928326
BH_s24_medium,13,21,13.7,-1.1300466060638428,0.91557093379979
BH_s24_medium,13,22,13.733333333333333,-1.1300466060638428,1.0176965330590022
BH_s24_medium,13,23,13.766666666666667,-1.0404486656188965,1.1457623181331462
BH_s24_medium,13,24,13.8,-0.5101648569107056,1.2830966441226956
BH_s24_medium,13,25,13.833333333333334,0.3260885775089264,1.3996299895431625
BH_s24_medium,13,26,13.866666666666667,1.3087718486785889,1.465469107832224
BH_s24_medium,13,27,13.9,1.7793835401535034,1.462418330785778
BH_s24_medium,13,28,13.933333333333334,1.8259458541870117,1.3895408988911804
BH_s24_medium,13,29,13.966666666666667,1.6918861865997314,1.2613520308474182
BH_s24_medium,13,30,14.0,1.5108702182769775,1.1005337340816073
BH_s24_medium,13,31,14.033333333333333,1.3770731687545776,0.9293704541038768
BH_s24_medium,13,32,14.066666666666666,1.0619975328445435,0.7637340264519706
BH_s24_medium,13,33,14.1,0.7469218373298645,0.6110412825600424
BH_s24_medium,13,34,14.133333333333333,0.5023130178451538,0.4711087103331948
BH_s24_medium,13,35,14.166666666666666,0.3835769593715668,0.33797231685705964
BH_s24_medium,13,36,14.2,0.3133726716041565,0.20184609495290465
BH_s24_medium,13,37,14.233333333333333,0.12430103123188019,0.05172512484576457
BH_s24_medium,13,38,14.266666666666667,-0.00170297606382519,-0.12094333986998868
BH_s24_medium,13,39,14.3,-0.19751738011837006,-0.3180781269977621
BH_s24_medium,13,40,14.333333333333334,-0.3798462748527527,-0.5314975817513449
BH_s24_medium,13,41,14.366666666666667,-0.5123304724693298,-0.7415883851079595
BH_s24_medium,13,42,14.4,-0.6318542957305908,-0.9194433215614346
BH_s24_medium,13,43,14.433333333333334,-0.7516407370567322,-1.0331560844841228
BH_s24_medium,13,44,14.466666666666667,-0.8147083520889282,-1.0574508617694676
BH_s24_medium,13,45,14.5,-0.877776026725769,-0.9836361461640519
BH_s24_medium,13,46,14.533333333333333,-0.9408436417579651,-0.8251876585489638
BH_s24_medium,13,47,14.566666666666666,-0.9465360641479492,-0.6152999129703898
BH_s24_medium,13,48,14.6,-1.0039112567901611,-0.3969508616737608
BH_s24_medium,13,49,14.633333333333333,-1.066978931427002,-0.20992069366926713
BH_s24_medium,13,50,14.666666666666666,-1.066978931427002,-0.07966871850475786
BH_s24_medium,13,51,14.7,-1.1248793601989746,-0.011359162974378867
BH_s24_medium,13,52,14.733333333333333,-0.988803505897522,0.009137743832072475
BH_s24_medium,13,53,14.766666666666667,-0.46503758430480957,0.007505432124699238
BH_s24_medium,13,54,14.8,0.3539227843284607,0.009991158256501759
BH_s24_medium,13,55,14.833333333333334,1.1543148756027222,0.034427336510415005
BH_s24_medium,13,56,14.866666666666667,1.455726981163025,0.08661553371489125
BH_s24_medium,13,57,14.9,1.3839004039764404,0.16177603000789084
BH_s24_medium,13,58,14.933333333333334,1.1949599981307983,0.24847933603461145
BH_s24_medium,13,59,14.966666666666667,1.0060197114944458,0.3324174505064652
BH_s24_medium,13,60,15.0,0.7540116906166077,0.3987520343451759
BH_s24_medium,13,61,15.033333333333333,0.5020036697387695,0.433365742519238
BH_s24_medium,13,62,15.066666666666666,0.3167863190174103,0.42414522545296124
BH_s24_medium,13,63,15.1,0.19437402486801147,0.36319466862510247
BH_s24_medium,13,64,15.133333333333333,0.1909136027097702,0.24994379713511494
BH_s24_medium,13,65,15.166666666666666,0.06823872029781342,0.09400005837727658
BH_s24_medium,13,66,15.2,-0.0012245902325958014,-0.08411227135971246
BH_s24_medium,13,67,15.233333333333333,-0.1901649534702301,-0.2559895410320114
BH_s24_medium,13,68,15.266666666666667,-0.3761700689792633,-0.3924729182850035
BH_s24_medium,13,69,15.3,-0.5049780011177063,-0.47275109891062156
BH_s24_medium,13,70,15.333333333333334,-0.6885730624198914,-0.49104472846741376
BH_s24_medium,13,71,15.366666666666667,-0.7541821002960205,-0.4568862646380825
BH_s24_medium,13,72,15.4,-0.8171184062957764,-0.3889311003999189
BH_s24_medium,13,73,15.433333333333334,-0.877776026725769,-0.30622607581497774
BH_s24_medium,13,74,15.466666666666667,-0.9408436417579651,-0.22145402038298537
BH_s24_medium,13,75,15.5,-0.9428598284721375,-0.13861666001069484
BH_s24_medium,13,76,15.533333333333333,-1.0039112567901611,-0.055245061774042
BH_s24_medium,13,77,15.566666666666666,-1.066978931427002,0.03272523297416069
BH_s24_medium,13,78,15.6,-1.0006667375564575,0.1265284009327006
BH_s24_medium,13,79,15.633333333333333,-0.6165593266487122,0.22309839385786653
BH_s24_medium,13,80,15.666666666666666,0.07911650091409683,0.31649571970055623
BH_s24_medium,13,81,15.7,0.9573279619216919,0.40018750317615537
BH_s24_medium,13,82,15.733333333333333,1.4579212665557861,0.46867391240619327
BH_s24_medium,13,83,15.766666666666667,1.5178288221359253,0.5183697238923497
BH_s24_medium,13,84,15.8,1.3918248414993286,0.5478444543449352
BH_s24_medium,13,85,15.833333333333334,1.2651175260543823,0.5572078203429647
BH_s24_medium,13,86,15.866666666666667,1.0136815309524536,0.5468708437808046
BH_s24_medium,13,87,15.9,0.7611015439033508,0.5164572870882966
BH_s24_medium,13,88,15.933333333333334,0.5090935230255127,0.46434119413450314
BH_s24_medium,13,89,15.966666666666667,0.32033124566078186,0.38770335266776573
BH_s24_medium,13,90,16.0,0.2573948800563812,0.282982660941545
BH_s24_medium,13,91,16.033333333333335,0.13139086961746216,0.14695359472036232
BH_s24_medium,13,92,16.066666666666666,0.06823872029781342,-0.02124730043127544
BH_s24_medium,13,93,16.1,-0.12027004361152649,-0.21727394276362394
BH_s24_medium,13,94,16.133333333333333,-0.3092103898525238,-0.42888307092974715
BH_s24_medium,13,95,16.166666666666668,-0.4981507658958435,-0.6351825915068537
BH_s24_medium,13,96,16.2,-0.6247644424438477,-0.8095792899960803
BH_s24_medium,13,97,16.233333333333334,-0.7507684230804443,-0.9265177121354424
BH_s24_medium,13,98,16.266666666666666,-0.8147083520889282,-0.9692250299564728
BH_s24_medium,13,99,16.3,-0.877776026725769,-0.9342425418632748
BH_s24_medium,13,100,16.333333333333332,-0.9395775198936462,-0.8304300761422183
BH_s24_medium,13,101,16.366666666666667,-1.0025138854980469,-0.6738103838066304
BH_s24_medium,13,102,16.4,-1.0039112567901611,-0.48207361685749617
BH_s24_medium,13,103,16.433333333333334,-1.066978931427002,-0.2719374621466895
BH_s24_medium,13,104,16.466666666666665,-1.066978931427002,-0.059382226172765076
BH_s24_medium,13,105,16.5,-1.1281239986419678,0.13974914655372883
BH_s24_medium,13,106,16.533333333333335,-1.1300466060638428,0.3107499659574674
BH_s24_medium,13,107,16.566666666666666,-1.0691641569137573,0.44243199602792543
BH_s24_medium,13,108,16.6,-0.6978390216827393,0.5294252766981759
BH_s24_medium,13,109,16.633333333333333,0.11417185515165329,0.5731243832537002
BH_s24_medium,13,110,16.666666666666668,1.1197561025619507,0.5808938561012363
BH_s24_medium,13,111,16.7,1.7602237462997437,0.56398791344347
BH_s24_medium,13,112,16.733333333333334,1.897200584411621,0.5349906434466537
BH_s24_medium,13,113,16.766666666666666,1.7740381956100464,0.5053845147410339
BH_s24_medium,13,114,16.8,1.6480342149734497,0.48341059502023914
BH_s24_medium,13,115,16.833333333333332,1.4621981382369995,0.47219732903691286
BH_s24_medium,13,116,16.866666666666667,1.2135568857192993,0.46843621341998837
BH_s24_medium,13,117,16.9,0.9581820964813232,0.4622740563533798
BH_s24_medium,13,118,16.933333333333334,0.702544629573822,0.43906011175370707
BH_s24_medium,13,119,16.966666666666665,0.5134729743003845,0.38307206736220434
BH_s24_medium,13,120,17.0,0.38746899366378784,0.28258421823797675
BH_s24_medium,13,121,17.033333333333335,0.2614649832248688,0.1349067028808293
BH_s24_medium,13,122,17.066666666666666,0.07239332050085068,-0.050452790222472316
BH_s24_medium,13,123,17.1,-0.05361068248748779,-0.25244683995642786
BH_s24_medium,13,124,17.133333333333333,-0.3013328015804291,-0.4441746164108594
BH_s24_medium,13,125,17.166666666666668,-0.4317539930343628,-0.6022855232401219
BH_s24_medium,13,126,17.2,-0.5577579736709595,-0.7152013890638694
BH_s24_medium,13,127,17.233333333333334,-0.6837620139122009,-0.7845009842510011
BH_s24_medium,13,128,17.266666666666666,-0.7516407370567322,-0.8182022236443175
BH_s24_medium,13,129,17.3,-0.8147083520889282,-0.8207241223114292
BH_s24_medium,13,130,17.333333333333332,-0.877776026725769,-0.7868899388692938
BH_s24_medium,13,131,17.366666666666667,-0.9408436417579651,-0.7045649936256985
BH_s24_medium,13,132,17.4,-0.9408436417579651,-0.564290120955384
BH_s24_medium,13,133,17.433333333333334,-1.0039112567901611,-0.36932975491223824
BH_s24_medium,13,134,17.466666666666665,-1.0039112567901611,-0.13959034028965275
BH_s24_medium,13,135,17.5,-1.0611175298690796,0.09301315935969215
BH_s24_medium,13,136,17.533333333333335,-1.066978931427002,0.2952488508787393
BH_s24_medium,13,137,17.566666666666666,-0.9530916810035706,0.4437996616122884
BH_s24_medium,13,138,17.6,-0.4107666015625,0.5316599210474412
BH_s24_medium,13,139,17.633333333333333,0.46500611305236816,0.5672302572304078
BH_s24_medium,13,140,17.666666666666668,1.4166196584701538,0.5675969922617734
BH_s24_medium,13,141,17.7,1.940320611000061,0.5501784889371647
BH_s24_medium,13,142,17.733333333333334,1.9670486450195312,0.5268845559535925
BH_s24_medium,13,143,17.766666666666666,1.8410446643829346,0.5026153200230683
BH_s24_medium,13,144,17.8,1.6590160131454468,0.4770521689498678
BH_s24_medium,13,145,17.833333333333332,1.4700757265090942,0.44720552387374807
BH_s24_medium,13,146,17.866666666666667,1.2180676460266113,0.4088894128152179
BH_s24_medium,13,147,17.9,0.9029920101165771,0.35697541001388455
BH_s24_medium,13,148,17.933333333333334,0.7064834237098694,0.28533321636503817
BH_s24_medium,13,149,17.966666666666665,0.5804794430732727,0.1875280265890632
BH_s24_medium,13,150,18.0,0.45447543263435364,0.05895702345864044
BH_s24_medium,13,151,18.033333333333335,0.32847142219543457,-0.09984627282283051
BH_s24_medium,13,152,18.066666666666666,0.08442553132772446,-0.2802581624642557
BH_s24_medium,13,153,18.1,-0.04144717752933502,-0.464908575295565
BH_s24_medium,13,154,18.133333333333333,-0.23038753867149353,-0.6302116259991568
BH_s24_medium,13,155,18.166666666666668,-0.3647475242614746,-0.75134131492439
BH_s24_medium,13,156,18.2,-0.4907515347003937,-0.8079642543853007
BH_s24_medium,13,157,18.233333333333334,-0.6167555451393127,-0.7890193853338869
BH_s24_medium,13,158,18.266666666666666,-0.6885730624198914,-0.6953515028845809
BH_s24_medium,13,159,18.3,-0.7516407370567322,-0.539667124085667
BH_s24_medium,13,160,18.333333333333332,-0.8147083520889282,-0.3438689395183931
BH_s24_medium,13,161,18.366666666666667,-0.8685009479522705,-0.13436397280967136
BH_s24_medium,13,162,18.4,-0.877776026725769,0.0635430953458082
BH_s24_medium,13,163,18.433333333333334,-0.9408436417579651,0.23077700473785379
BH_s24_medium,13,164,18.466666666666665,-0.9942423701286316,0.3578321144473071
BH_s24_medium,13,165,18.5,-0.8875762224197388,0.4452366574186607
BH_s24_medium,13,166,18.533333333333335,-0.42289239168167114,0.50045649017386
BH_s24_medium,13,167,18.566666666666666,0.386267751455307,0.5319877425751247
BH_s24_medium,13,168,18.6,1.2053594589233398,0.5437159806722266
BH_s24_medium,13,169,18.633333333333333,1.6242791414260864,0.5333712675376163
BH_s24_medium,13,170,18.666666666666668,1.5923190116882324,0.4963556461805403
BH_s24_medium,13,171,18.7,1.4138352870941162,0.4322375062967488
BH_s24_medium,13,172,18.733333333333334,1.1618273258209229,0.34901353628979054
BH_s24_medium,13,173,18.766666666666666,0.9098193049430847,0.2615733673366293
BH_s24_medium,13,174,18.8,0.6578112840652466,0.18492284833980588
BH_s24_medium,13,175,18.833333333333332,0.46887093782424927,0.1263319942105125
BH_s24_medium,13,176,18.866666666666667,0.3835769593715668,0.08092901469587692
BH_s24_medium,13,177,18.9,0.32050931453704834,0.033042336220926685
BH_s24_medium,13,178,18.933333333333334,0.2058810591697693,-0.0371346521857372
BH_s24_medium,13,179,18.966666666666665,0.07987704873085022,-0.1442477526374739
BH_s24_medium,13,180,19.0,-0.04612695425748825,-0.28987808468492443
BH_s24_medium,13,181,19.033333333333335,-0.23519860208034515,-0.45965373993831626
BH_s24_medium,13,182,19.066666666666666,-0.41223806142807007,-0.6266857025657102
BH_s24_medium,13,183,19.1,-0.5502742528915405,-0.7596411517247513
BH_s24_medium,13,184,19.133333333333333,-0.6255053877830505,-0.831798881358209
BH_s24_medium,13,185,19.166666666666668,-0.7392145991325378,-0.8275519286625187
BH_s24_medium,13,186,19.2,-0.7516407370567322,-0.7448234168773674
BH_s24_medium,13,187,19.233333333333334,-0.8147083520889282,-0.5940823914169637
BH_s24_medium,13,188,19.266666666666666,-0.8649560213088989,-0.39548817317314766
BH_s24_medium,13,189,19.3,-0.877776026725769,-0.17506809630175926
BH_s24_medium,13,190,19.333333333333332,-0.9277610778808594,0.04013615091525575
BH_s24_medium,13,191,19.366666666666667,-0.9408436417579651,0.22779719713632549
BH_s24_medium,13,192,19.4,-0.9408436417579651,0.37510915151597196
BH_s24_medium,13,193,19.433333333333334,-0.6794111728668213,0.4800524834944251
BH_s24_medium,13,194,19.466666666666665,0.04965997859835625,0.5482470210552114
BH_s24_medium,13,195,19.5,1.0304765701293945,0.5873546922860946
BH_s24_medium,13,196,19.533333333333335,1.8278489112854004,0.6024066782985701
BH_s24_medium,13,197,19.566666666666666,2.072401762008667,0.5945915388404097
BH_s24_medium,13,198,19.6,1.9885339736938477,0.5636790824787538
BH_s24_medium,13,199,19.633333333333333,1.848397135734558,0.5119726159678618
BH_s24_medium,13,200,19.666666666666668,1.6593254804611206,0.44688897962672675
BH_s24_medium,13,201,19.7,1.421712875366211,0.3802026671640751
BH_s24_medium,13,202,19.733333333333334,1.1212953329086304,0.32394043565608555
BH_s24_medium,13,203,19.766666666666666,0.8546292781829834,0.28472791837909006
BH_s24_medium,13,204,19.8,0.6507682204246521,0.25918872851190733
BH_s24_medium,13,205,19.833333333333332,0.5247642397880554,0.23273645155616185
BH_s24_medium,13,206,19.866666666666667,0.39876022934913635,0.18307482361865796
BH_s24_medium,13,207,19.9,0.20968855917453766,0.08800369180420092
BH_s24_medium,13,208,19.933333333333334,0.020616911351680756,-0.06492156218853104
BH_s24_medium,13,209,19.966666666666665,-0.16845473647117615,-0.27062956582555897
BH_s24_medium,13,210,20.0,-0.35752639174461365,-0.5040987476879586
BH_s24_medium,13,211,20.033333333333335,-0.4835304021835327,-0.724965686637427
BH_s24_medium,13,212,20.066666666666666,-0.6095343828201294,-0.8884643375457281
BH_s24_medium,13,213,20.1,-0.6885730624198914,-0.9591835122534451
BH_s24_medium,13,214,20.133333333333333,-0.7984747886657715,-0.9219793471894194
BH_s24_medium,13,215,20.166666666666668,-0.8614110946655273,-0.7852594271839176
BH_s24_medium,13,216,20.2,-0.924347460269928,-0.5762889813620905
BH_s24_medium,13,217,20.233333333333334,-0.9408436417579651,-0.3322537965036695
BH_s24_medium,13,218,20.266666666666666,-0.9871525168418884,-0.09108216370564258
BH_s24_medium,13,219,20.3,-1.0039112567901611,0.11588638916657593
BH_s24_medium,13,220,20.333333333333332,-1.0039112567901611,0.2684746962840595
BH_s24_medium,13,221,20.366666666666667,-1.066978931427002,0.3590599224315436
BH_s24_medium,13,222,20.4,-1.066978931427002,0.39120186835826787
BH_s24_medium,13,223,20.433333333333334,-0.9300217628479004,0.37673056610169897
BH_s24_medium,13,224,20.466666666666665,-0.3523787260055542,0.3324863905282558
BH_s24_medium,13,225,20.5,0.6028823852539062,0.2770889614451456
BH_s24_medium,13,226,20.533333333333335,1.6464014053344727,0.22731240189169744
BH_s24_medium,13,227,20.566666666666666,2.221785068511963,0.19402515649354737
BH_s24_medium,13,228,20.6,2.275606393814087,0.17922873312452306
BH_s24_medium,13,229,20.633333333333333,2.1676740646362305,0.1763568874588882
BH_s24_medium,13,230,20.666666666666668,1.9786025285720825,0.17420408255079706
BH_s24_medium,13,231,20.7,1.807996392250061,0.16242518415863794
BH_s24_medium,13,232,20.733333333333334,1.4929207563400269,0.13585818546186257
BH_s24_medium,13,233,20.766666666666666,1.1335055828094482,0.09600982932982052
BH_s24_medium,13,234,20.8,0.8627694249153137,0.04967363993574384
BH_s24_medium,13,235,20.833333333333332,0.7179059982299805,0.005838686808218121
BH_s24_medium,13,236,20.866666666666667,0.5479563474655151,-0.027628871785266775
BH_s24_medium,13,237,20.9,0.3590160310268402,-0.046404107060284056
BH_s24_medium,13,238,20.933333333333334,0.1700756549835205,-0.050678999237807255
BH_s24_medium,13,239,20.966666666666665,-0.018864702433347702,-0.04466937242811258
BH_s24_medium,14,0,14.0,1.5108702182769775,-0.056053060638254666
BH_s24_medium,14,1,14.033333333333333,1.3770731687545776,-2.2907968745751366
BH_s24_medium,14,2,14.066666666666666,1.0619975328445435,-4.171180153901675
BH_s24_medium,14,3,14.1,0.7469218373298645,-5.431767919322069
BH_s24_medium,14,4,14.133333333333333,0.5023130178451538,-5.957137603855556
BH_s24_medium,14,5,14.166666666666666,0.3835769593715668,-5.797177601932511
BH_s24_medium,14,6,14.2,0.3133726716041565,-5.130712543847965
BH_s24_medium,14,7,14.233333333333333,0.12430103123188019,-4.197552287806102
BH_s24_medium,14,8,14.266666666666667,-0.00170297606382519,-3.227684889233903
BH_s24_medium,14,9,14.3,-0.19751738011837006,-2.3889924372657076
BH_s24_medium,14,10,14.333333333333334,-0.3798462748527527,-1.762929509117303
BH_s24_medium,14,11,14.366666666666667,-0.5123304724693298,-1.3474562687580265
BH_s24_medium,14,12,14.4,-0.6318542957305908,-1.0800524854973785
BH_s24_medium,14,13,14.433333333333334,-0.7516407370567322,-0.8709820906670044
BH_s24_medium,14,14,14.466666666666667,-0.8147083520889282,-0.6370679616131899
BH_s24_medium,14,15,14.5,-0.877776026725769,-0.3276051120398285
BH_s24_medium,14,16,14.533333333333333,-0.9408436417579651,0.06382049495471545
BH_s24_medium,14,17,14.566666666666666,-0.9465360641479492,0.503801175714317
BH_s24_medium,14,18,14.6,-1.0039112567901611,0.9361164508289898
BH_s24_medium,14,19,14.633333333333333,-1.066978931427002,1.3032094503937033
BH_s24_medium,14,20,14.666666666666666,-1.066978931427002,1.564254855927717
BH_s24_medium,14,21,14.7,-1.1248793601989746,1.704945450693694
BH_s24_medium,14,22,14.733333333333333,-0.988803505897522,1.7371961616073712
BH_s24_medium,14,23,14.766666666666667,-0.46503758430480957,1.6901492163628484
BH_s24_medium,14,24,14.8,0.3539227843284607,1.5973244534365065
BH_s24_medium,14,25,14.833333333333334,1.1543148756027222,1.4860274227219477
BH_s24_medium,14,26,14.866666666666667,1.455726981163025,1.372551589113546
BH_s24_medium,14,27,14.9,1.3839004039764404,1.262711569268011
BH_s24_medium,14,28,14.933333333333334,1.1949599981307983,1.155058468970979
BH_s24_medium,14,29,14.966666666666667,1.0060197114944458,1.0442792652713295
BH_s24_medium,14,30,15.0,0.7540116906166077,0.9235986195257184
BH_s24_medium,14,31,15.033333333333333,0.5020036697387695,0.7862836185927555
BH_s24_medium,14,32,15.066666666666666,0.3167863190174103,0.626886875712631
BH_s24_medium,14,33,15.1,0.19437402486801147,0.44268092674926574
BH_s24_medium,14,34,15.133333333333333,0.1909136027097702,0.23525090989719227
BH_s24_medium,14,35,15.166666666666666,0.06823872029781342,0.01173526596130885
BH_s24_medium,14,36,15.2,-0.0012245902325958014,-0.2150621118134428
BH_s24_medium,14,37,15.233333333333333,-0.1901649534702301,-0.42837944455265947
BH_s24_medium,14,38,15.266666666666667,-0.3761700689792633,-0.6111619744611889
BH_s24_medium,14,39,15.3,-0.5049780011177063,-0.7506979424822857
BH_s24_medium,14,40,15.333333333333334,-0.6885730624198914,-0.8420214487640052
BH_s24_medium,14,41,15.366666666666667,-0.7541821002960205,-0.8879373907505825
BH_s24_medium,14,42,15.4,-0.8171184062957764,-0.8954800552453979
BH_s24_medium,14,43,15.433333333333334,-0.877776026725769,-0.8709480481320394
BH_s24_medium,14,44,15.466666666666667,-0.9408436417579651,-0.8164856522876193
BH_s24_medium,14,45,15.5,-0.9428598284721375,-0.7302048362821443
BH_s24_medium,14,46,15.533333333333333,-1.0039112567901611,-0.6098153241692478
BH_s24_medium,14,47,15.566666666666666,-1.066978931427002,-0.457571504067662
BH_s24_medium,14,48,15.6,-1.0006667375564575,-0.28319473240198917
BH_s24_medium,14,49,15.633333333333333,-0.6165593266487122,-0.10259962637992395
BH_s24_medium,14,50,15.666666666666666,0.07911650091409683,0.06657135788439532
BH_s24_medium,14,51,15.7,0.9573279619216919,0.20955046804887661
BH_s24_medium,14,52,15.733333333333333,1.4579212665557861,0.31728706675127805
BH_s24_medium,14,53,15.766666666666667,1.5178288221359253,0.3876010377599718
BH_s24_medium,14,54,15.8,1.3918248414993286,0.42481057337649053
BH_s24_medium,14,55,15.833333333333334,1.2651175260543823,0.43748578005287503
BH_s24_medium,14,56,15.866666666666667,1.0136815309524536,0.4347833586267271
BH_s24_medium,14,57,15.9,0.7611015439033508,0.4229134716546076
BH_s24_medium,14,58,15.933333333333334,0.5090935230255127,0.4030904116500142
BH_s24_medium,14,59,15.966666666666667,0.32033124566078186,0.3713241098311689
BH_s24_medium,14,60,16.0,0.2573948800563812,0.3197951002877544
BH_s24_medium,14,61,16.033333333333335,0.13139086961746216,0.2394893713341039
BH_s24_medium,14,62,16.066666666666666,0.06823872029781342,0.12380153193041919
BH_s24_medium,14,63,16.1,-0.12027004361152649,-0.02746424459298829
BH_s24_medium,14,64,16.133333333333333,-0.3092103898525238,-0.20491917504072843
BH_s24_medium,14,65,16.166666666666668,-0.4981507658958435,-0.389057250142568
BH_s24_medium,14,66,16.2,-0.6247644424438477,-0.5539202532195457
BH_s24_medium,14,67,16.233333333333334,-0.7507684230804443,-0.6745878909830059
BH_s24_medium,14,68,16.266666666666666,-0.8147083520889282,-0.7351158293318616
BH_s24_medium,14,69,16.3,-0.877776026725769,-0.732309339686775
BH_s24_medium,14,70,16.333333333333332,-0.9395775198936462,-0.6732123478056204
BH_s24_medium,14,71,16.366666666666667,-1.0025138854980469,-0.5686061250202668
BH_s24_medium,14,72,16.4,-1.0039112567901611,-0.4276254103728312
BH_s24_medium,14,73,16.433333333333334,-1.066978931427002,-0.25731742221376047
BH_s24_medium,14,74,16.466666666666665,-1.066978931427002,-0.06624104233114661
BH_s24_medium,14,75,16.5,-1.1281239986419678,0.13228100880035082
BH_s24_medium,14,76,16.533333333333335,-1.1300466060638428,0.3204183368759638
BH_s24_medium,14,77,16.566666666666666,-1.0691641569137573,0.47932477949981195
BH_s24_medium,14,78,16.6,-0.6978390216827393,0.5938242594875802
BH_s24_medium,14,79,16.633333333333333,0.11417185515165329,0.6563042675517249
BH_s24_medium,14,80,16.666666666666668,1.1197561025619507,0.6683493383989677
BH_s24_medium,14,81,16.7,1.7602237462997437,0.6395460968251662
BH_s24_medium,14,82,16.733333333333334,1.897200584411621,0.5842442742122479
BH_s24_medium,14,83,16.766666666666666,1.7740381956100464,0.5178413944701706
BH_s24_medium,14,84,16.8,1.6480342149734497,0.45364709146824544
BH_s24_medium,14,85,16.833333333333332,1.4621981382369995,0.40044701780115105
BH_s24_medium,14,86,16.866666666666667,1.2135568857192993,0.3606514080075376
BH_s24_medium,14,87,16.9,0.9581820964813232,0.32933217291594785
BH_s24_medium,14,88,16.933333333333334,0.702544629573822,0.29484450216361846
BH_s24_medium,14,89,16.966666666666665,0.5134729743003845,0.24158912036042782
BH_s24_medium,14,90,17.0,0.38746899366378784,0.1547204900544059
BH_s24_medium,14,91,17.033333333333335,0.2614649832248688,0.02567431159262478
BH_s24_medium,14,92,17.066666666666666,0.07239332050085068,-0.14324771093693286
BH_s24_medium,14,93,17.1,-0.05361068248748779,-0.3372808671219606
BH_s24_medium,14,94,17.133333333333333,-0.3013328015804291,-0.5322714691190641
BH_s24_medium,14,95,17.166666666666668,-0.4317539930343628,-0.702082062134041
BH_s24_medium,14,96,17.2,-0.5577579736709595,-0.8266910111811706
BH_s24_medium,14,97,17.233333333333334,-0.6837620139122009,-0.8961333443598561
BH_s24_medium,14,98,17.266666666666666,-0.7516407370567322,-0.9084914851877075
BH_s24_medium,14,99,17.3,-0.8147083520889282,-0.8647823565741959
BH_s24_medium,14,100,17.333333333333332,-0.877776026725769,-0.7656722066944879
BH_s24_medium,14,101,17.366666666666667,-0.9408436417579651,-0.6129837260494774
BH_s24_medium,14,102,17.4,-0.9408436417579651,-0.4144980800465694
BH_s24_medium,14,103,17.433333333333334,-1.0039112567901611,-0.18745341108310126
BH_s24_medium,14,104,17.466666666666665,-1.0039112567901611,0.04288194585044965
BH_s24_medium,14,105,17.5,-1.0611175298690796,0.2495327645983555
BH_s24_medium,14,106,17.533333333333335,-1.066978931427002,0.4118044357970213
BH_s24_medium,14,107,17.566666666666666,-0.9530916810035706,0.5207608722051494
BH_s24_medium,14,108,17.6,-0.4107666015625,0.5795701103527494
BH_s24_medium,14,109,17.633333333333333,0.46500611305236816,0.5990973109784544
BH_s24_medium,14,110,17.666666666666668,1.4166196584701538,0.5917904980238626
BH_s24_medium,14,111,17.7,1.940320611000061,0.5674573399785098
BH_s24_medium,14,112,17.733333333333334,1.9670486450195312,0.5325495116410505
BH_s24_medium,14,113,17.766666666666666,1.8410446643829346,0.4918421714100305
BH_s24_medium,14,114,17.8,1.6590160131454468,0.45006724299950235
BH_s24_medium,14,115,17.833333333333332,1.4700757265090942,0.41168236390578844
BH_s24_medium,14,116,17.866666666666667,1.2180676460266113,0.3787268238167439
BH_s24_medium,14,117,17.9,0.9029920101165771,0.3482143846343957
BH_s24_medium,14,118,17.933333333333334,0.7064834237098694,0.3107900076979751
BH_s24_medium,14,119,17.966666666666665,0.5804794430732727,0.2518079909556124
BH_s24_medium,14,120,18.0,0.45447543263435364,0.15523989914292916
BH_s24_medium,14,121,18.033333333333335,0.32847142219543457,0.00975822895756023
BH_s24_medium,14,122,18.066666666666666,0.08442553132772446,-0.18503340412626493
BH_s24_medium,14,123,18.1,-0.04144717752933502,-0.4149085752983694
BH_s24_medium,14,124,18.133333333333333,-0.23038753867149353,-0.6516888733623492
BH_s24_medium,14,125,18.166666666666668,-0.3647475242614746,-0.8583867032761469
BH_s24_medium,14,126,18.2,-0.4907515347003937,-0.9974609320963828
BH_s24_medium,14,127,18.233333333333334,-0.6167555451393127,-1.039979938711882
BH_s24_medium,14,128,18.266666666666666,-0.6885730624198914,-0.9732135566807322
BH_s24_medium,14,129,18.3,-0.7516407370567322,-0.804452828113003
BH_s24_medium,14,130,18.333333333333332,-0.8147083520889282,-0.5597071076871477
BH_s24_medium,14,131,18.366666666666667,-0.8685009479522705,-0.27734525699071916
BH_s24_medium,14,132,18.4,-0.877776026725769,0.001551676975077738
BH_s24_medium,14,133,18.433333333333334,-0.9408436417579651,0.24310013887360007
BH_s24_medium,14,134,18.466666666666665,-0.9942423701286316,0.4275872835227701
BH_s24_medium,14,135,18.5,-0.8875762224197388,0.5512505589441477
BH_s24_medium,14,136,18.533333333333335,-0.42289239168167114,0.622387157871229
BH_s24_medium,14,137,18.566666666666666,0.386267751455307,0.6537002928041546
BH_s24_medium,14,138,18.6,1.2053594589233398,0.6549375750503401
BH_s24_medium,14,139,18.633333333333333,1.6242791414260864,0.629963713842713
BH_s24_medium,14,140,18.666666666666668,1.5923190116882324,0.5795651776298334
BH_s24_medium,14,141,18.7,1.4138352870941162,0.5072632893665192
BH_s24_medium,14,142,18.733333333333334,1.1618273258209229,0.4230814225914024
BH_s24_medium,14,143,18.766666666666666,0.9098193049430847,0.34157581566955575
BH_s24_medium,14,144,18.8,0.6578112840652466,0.27494829078288824
BH_s24_medium,14,145,18.833333333333332,0.46887093782424927,0.22586879056577036
BH_s24_medium,14,146,18.866666666666667,0.3835769593715668,0.1845472953956832
BH_s24_medium,14,147,18.9,0.32050931453704834,0.13172840227082475
BH_s24_medium,14,148,18.933333333333334,0.2058810591697693,0.046372249625923095
BH_s24_medium,14,149,18.966666666666665,0.07987704873085022,-0.08507162098642403
BH_s24_medium,14,150,19.0,-0.04612695425748825,-0.261557939707065
BH_s24_medium,14,151,19.033333333333335,-0.23519860208034515,-0.4654914779364757
BH_s24_medium,14,152,19.066666666666666,-0.41223806142807007,-0.6667827155499847
BH_s24_medium,14,153,19.1,-0.5502742528915405,-0.8311753987871556
BH_s24_medium,14,154,19.133333333333333,-0.6255053877830505,-0.929326202318111
BH_s24_medium,14,155,19.166666666666668,-0.7392145991325378,-0.9432845232179566
BH_s24_medium,14,156,19.2,-0.7516407370567322,-0.8690823915618576
BH_s24_medium,14,157,19.233333333333334,-0.8147083520889282,-0.7162240118416341
BH_s24_medium,14,158,19.266666666666666,-0.8649560213088989,-0.5052997523653752
BH_s24_medium,14,159,19.3,-0.877776026725769,-0.2642063995552771
BH_s24_medium,14,160,19.333333333333332,-0.9277610778808594,-0.02295214719206517
BH_s24_medium,14,161,19.366666666666667,-0.9408436417579651,0.19242275521859936
BH_s24_medium,14,162,19.4,-0.9408436417579651,0.36501029116912515
BH_s24_medium,14,163,19.433333333333334,-0.6794111728668213,0.48904491501387487
BH_s24_medium,14,164,19.466666666666665,0.04965997859835625,0.5679342073768731
BH_s24_medium,14,165,19.5,1.0304765701293945,0.6097095793976698
BH_s24_medium,14,166,19.533333333333335,1.8278489112854004,0.6225741346078272
BH_s24_medium,14,167,19.566666666666666,2.072401762008667,0.6127172219288146
BH_s24_medium,14,168,19.6,1.9885339736938477,0.5846949157545185
BH_s24_medium,14,169,19.633333333333333,1.848397135734558,0.5429908337472459
BH_s24_medium,14,170,19.666666666666668,1.6593254804611206,0.49310449484670876
BH_s24_medium,14,171,19.7,1.421712875366211,0.4412894983245175
BH_s24_medium,14,172,19.733333333333334,1.1212953329086304,0.3929122811976406
BH_s24_medium,14,173,19.766666666666666,0.8546292781829834,0.3499758886606454
BH_s24_medium,14,174,19.8,0.6507682204246521,0.3087317530494275
BH_s24_medium,14,175,19.833333333333332,0.5247642397880554,0.25860237596545227
BH_s24_medium,14,176,19.866666666666667,0.39876022934913635,0.18372531057227018
BH_s24_medium,14,177,19.9,0.20968855917453766,0.0677780650826098
BH_s24_medium,14,178,19.933333333333334,0.020616911351680756,-0.0988196623718342
BH_s24_medium,14,179,19.966666666666665,-0.16845473647117615,-0.31188933104912475
BH_s24_medium,14,180,20.0,-0.35752639174461365,-0.5499340478533404
BH_s24_medium,14,181,20.033333333333335,-0.4835304021835327,-0.7766658767932754
BH_s24_medium,14,182,20.066666666666666,-0.6095343828201294,-0.9502381693147033
BH_s24_medium,14,183,20.1,-0.6885730624198914,-1.0364683767401588
BH_s24_medium,14,184,20.133333333333333,-0.7984747886657715,-1.0200635217039091
BH_s24_medium,14,185,20.166666666666668,-0.8614110946655273,-0.9080563640756912
BH_s24_medium,14,186,20.2,-0.924347460269928,-0.7245546463853473
BH_s24_medium,14,187,20.233333333333334,-0.9408436417579651,-0.501107937583796
BH_s24_medium,14,188,20.266666666666666,-0.9871525168418884,-0.26795876985519895
BH_s24_medium,14,189,20.3,-1.0039112567901611,-0.048971931119228124
BH_s24_medium,14,190,20.333333333333332,-1.0039112567901611,0.13975162266934474
BH_s24_medium,14,191,20.366666666666667,-1.066978931427002,0.2891219279919678
BH_s24_medium,14,192,20.4,-1.066978931427002,0.39588549477774726
BH_s24_medium,14,193,20.433333333333334,-0.9300217628479004,0.46201129322593
BH_s24_medium,14,194,20.466666666666665,-0.3523787260055542,0.4946140529678046
BH_s24_medium,14,195,20.5,0.6028823852539062,0.5054720276221307
BH_s24_medium,14,196,20.533333333333335,1.6464014053344727,0.5088096246876159
BH_s24_medium,14,197,20.566666666666666,2.221785068511963,0.5170138913450519
BH_s24_medium,14,198,20.6,2.275606393814087,0.5361143754472428
BH_s24_medium,14,199,20.633333333333333,2.1676740646362305,0.5638204212344989
BH_s24_medium,14,200,20.666666666666668,1.9786025285720825,0.5911497530406222
BH_s24_medium,14,201,20.7,1.807996392250061,0.606154186435655
BH_s24_medium,14,202,20.733333333333334,1.4929207563400269,0.5974749701364591
BH_s24_medium,14,203,20.766666666666666,1.1335055828094482,0.5563937906182826
BH_s24_medium,14,204,20.8,0.8627694249153137,0.47736901558994077
BH_s24_medium,14,205,20.833333333333332,0.7179059982299805,0.3579619424725144
BH_s24_medium,14,206,20.866666666666667,0.5479563474655151,0.19924355299097418
BH_s24_medium,14,207,20.9,0.3590160310268402,0.007131699089050028
BH_s24_medium,14,208,20.933333333333334,0.1700756549835205,-0.20605785856095254
BH_s24_medium,14,209,20.966666666666665,-0.018864702433347702,-0.4215059253258324
BH_s24_medium,14,210,21.0,-0.2078050673007965,-0.6167405305745376
BH_s24_medium,14,211,21.033333333333335,-0.3967454135417938,-0.7711486533922045
BH_s24_medium,14,212,21.066666666666666,-0.542527973651886,-0.8712545752670883
BH_s24_medium,14,213,21.1,-0.6685319542884827,-0.9123166673663159
BH_s24_medium,14,214,21.133333333333333,-0.7314683198928833,-0.8957336369880393
BH_s24_medium,14,215,21.166666666666668,-0.7944046854972839,-0.8253848706674206
BH_s24_medium,14,216,21.2,-0.8573409914970398,-0.706702114316544
BH_s24_medium,14,217,21.233333333333334,-0.9202773571014404,-0.5492381747032634
BH_s24_medium,14,218,21.266666666666666,-0.9832137227058411,-0.36923508940376343
BH_s24_medium,14,219,21.3,-1.0039112567901611,-0.18788467292106603
BH_s24_medium,14,220,21.333333333333332,-1.0039112567901611,-0.02533311692220797
BH_s24_medium,14,221,21.366666666666667,-1.066978931427002,0.1052276260413462
BH_s24_medium,14,222,21.4,-1.066978931427002,0.1998018524228019
BH_s24_medium,14,223,21.433333333333334,-0.8787704706192017,0.2620631606360568
BH_s24_medium,14,224,21.466666666666665,-0.20829395949840546,0.29981096670994223
BH_s24_medium,14,225,21.5,0.7566360831260681,0.3211502198214637
BH_s24_medium,14,226,21.533333333333335,1.7036453485488892,0.3317860265876029
BH_s24_medium,14,227,21.566666666666666,2.1687803268432617,0.3343929962579941
BH_s24_medium,14,228,21.6,2.1714816093444824,0.33015323821119325
BH_s24_medium,14,229,21.633333333333333,1.982409954071045,0.32131890388651874
BH_s24_medium,14,230,21.666666666666668,1.815611481666565,0.31268471783328505
BH_s24_medium,14,231,21.7,1.563603401184082,0.3102694367212999
BH_s24_medium,14,232,21.733333333333334,1.2710634469985962,0.3175608847781582
BH_s24_medium,14,233,21.766666666666666,0.9561191201210022,0.3317457192010416
BH_s24_medium,14,234,21.8,0.7445117831230164,0.34265844667575934
BH_s24_medium,14,235,21.833333333333332,0.595709502696991,0.3356760993815383
BH_s24_medium,14,236,21.866666666666667,0.4697054624557495,0.29754546262135806
BH_s24_medium,14,237,21.9,0.3038259744644165,0.22245595016095965
BH_s24_medium,14,238,21.933333333333334,0.114885613322258,0.11547897799588405
BH_s24_medium,14,239,21.966666666666665,-0.07405474036931992,-0.008131205749014173
BH_s24_medium,15,0,15.0,0.7540116906166077,-0.03966263947703608
BH_s24_medium,15,1,15.033333333333333,0.5020036697387695,-2.225368316106743
BH_s24_medium,15,2,15.066666666666666,0.3167863190174103,-4.079296609304023
BH_s24_medium,15,3,15.1,0.19437402486801147,-5.352143455139859
BH_s24_medium,15,4,15.133333333333333,0.1909136027097702,-5.935617185009266
BH_s24_medium,15,5,15.166666666666666,0.06823872029781342,-5.874433152842552
BH_s24_medium,15,6,15.2,-0.0012245902325958014,-5.328992518018272
BH_s24_medium,15,7,15.233333333333333,-0.1901649534702301,-4.510373687982682
BH_s24_medium,15,8,15.266666666666667,-0.3761700689792633,-3.6168947482139497
BH_s24_medium,15,9,15.3,-0.5049780011177063,-2.7921051958755605
BH_s24_medium,15,10,15.333333333333334,-0.6885730624198914,-2.109935796369217
BH_s24_medium,15,11,15.366666666666667,-0.7541821002960205,-1.5818955142894349
BH_s24_medium,15,12,15.4,-0.8171184062957764,-1.1765085810608558
BH_s24_medium,15,13,15.433333333333334,-0.877776026725769,-0.8418755212325506
BH_s24_medium,15,14,15.466666666666667,-0.9408436417579651,-0.5255571878983386
BH_s24_medium,15,15,15.5,-0.9428598284721375,-0.18922742817571633
BH_s24_medium,15,16,15.533333333333333,-1.0039112567901611,0.1827801412198254
BH_s24_medium,15,17,15.566666666666666,-1.066978931427002,0.581625165753796
BH_s24_medium,15,18,15.6,-1.0006667375564575,0.9791814672673377
BH_s24_medium,15,19,15.633333333333333,-0.6165593266487122,1.3389786785390454
BH_s24_medium,15,20,15.666666666666666,0.07911650091409683,1.6285639761669157
BH_s24_medium,15,21,15.7,0.9573279619216919,1.828038660118771
BH_s24_medium,15,22,15.733333333333333,1.4579212665557861,1.9325195349011173
BH_s24_medium,15,23,15.766666666666667,1.5178288221359253,1.9499833105540825
BH_s24_medium,15,24,15.8,1.3918248414993286,1.8968391420996162
BH_s24_medium,15,25,15.833333333333334,1.2651175260543823,1.7927254174769334
BH_s24_medium,15,26,15.866666666666667,1.0136815309524536,1.655741248056946
BH_s24_medium,15,27,15.9,0.7611015439033508,1.4992530831933704
BH_s24_medium,15,28,15.933333333333334,0.5090935230255127,1.330590197647432
BH_s24_medium,15,29,15.966666666666667,0.32033124566078186,1.1511003340259633
BH_s24_medium,15,30,16.0,0.2573948800563812,0.957130445465116
BH_s24_medium,15,31,16.033333333333335,0.13139086961746216,0.7420802334146707
BH_s24_medium,15,32,16.066666666666666,0.06823872029781342,0.4998050790841676
BH_s24_medium,15,33,16.1,-0.12027004361152649,0.2289950401964709
BH_s24_medium,15,34,16.133333333333333,-0.3092103898525238,-0.06291759800498689
BH_s24_medium,15,35,16.166666666666668,-0.4981507658958435,-0.3584518592106831
BH_s24_medium,15,36,16.2,-0.6247644424438477,-0.6329643326412826
BH_s24_medium,15,37,16.233333333333334,-0.7507684230804443,-0.8612257251659436
BH_s24_medium,15,38,16.266666666666666,-0.8147083520889282,-1.0244903420510472
BH_s24_medium,15,39,16.3,-0.877776026725769,-1.1140935367664495
BH_s24_medium,15,40,16.333333333333332,-0.9395775198936462,-1.1301382243471716
BH_s24_medium,15,41,16.366666666666667,-1.0025138854980469,-1.0775226597355496
BH_s24_medium,15,42,16.4,-1.0039112567901611,-0.9632201722134387
BH_s24_medium,15,43,16.433333333333334,-1.066978931427002,-0.7969459592099144
BH_s24_medium,15,44,16.466666666666665,-1.066978931427002,-0.593494388719768
BH_s24_medium,15,45,16.5,-1.1281239986419678,-0.373091552952683
BH_s24_medium,15,46,16.533333333333335,-1.1300466060638428,-0.15833559848542356
BH_s24_medium,15,47,16.566666666666666,-1.0691641569137573,0.030441216801065124
BH_s24_medium,15,48,16.6,-0.6978390216827393,0.17895998196255378
BH_s24_medium,15,49,16.633333333333333,0.11417185515165329,0.28083541756150043
BH_s24_medium,15,50,16.666666666666668,1.1197561025619507,0.3373937249082393
BH_s24_medium,15,51,16.7,1.7602237462997437,0.35589416226556225
BH_s24_medium,15,52,16.733333333333334,1.897200584411621,0.3470700372270566
BH_s24_medium,15,53,16.766666666666666,1.7740381956100464,0.3229696919756681
BH_s24_medium,15,54,16.8,1.6480342149734497,0.2953682082755629
BH_s24_medium,15,55,16.833333333333332,1.4621981382369995,0.27424708125304165
BH_s24_medium,15,56,16.866666666666667,1.2135568857192993,0.2658255554909452
BH_s24_medium,15,57,16.9,0.9581820964813232,0.2703098096735949
BH_s24_medium,15,58,16.933333333333334,0.702544629573822,0.28031382901614554
BH_s24_medium,15,59,16.966666666666665,0.5134729743003845,0.28124728506413166
BH_s24_medium,15,60,17.0,0.38746899366378784,0.25455351008432403
BH_s24_medium,15,61,17.033333333333335,0.2614649832248688,0.1835764192537851
BH_s24_medium,15,62,17.066666666666666,0.07239332050085068,0.06042209929627362
BH_s24_medium,15,63,17.1,-0.05361068248748779,-0.1089803023092272
BH_s24_medium,15,64,17.133333333333333,-0.3013328015804291,-0.3045226231167481
BH_s24_medium,15,65,17.166666666666668,-0.4317539930343628,-0.4972881984990991
BH_s24_medium,15,66,17.2,-0.5577579736709595,-0.6582245745613636
BH_s24_medium,15,67,17.233333333333334,-0.6837620139122009,-0.7654823885983607
BH_s24_medium,15,68,17.266666666666666,-0.7516407370567322,-0.807048097024181
BH_s24_medium,15,69,17.3,-0.8147083520889282,-0.7789545871969259
BH_s24_medium,15,70,17.333333333333332,-0.877776026725769,-0.6824754428207275
BH_s24_medium,15,71,17.366666666666667,-0.9408436417579651,-0.5237187083704652
BH_s24_medium,15,72,17.4,-0.9408436417579651,-0.3157528171810986
BH_s24_medium,15,73,17.433333333333334,-1.0039112567901611,-0.08014520145386113
BH_s24_medium,15,74,17.466666666666665,-1.0039112567901611,0.15520820924297468
BH_s24_medium,15,75,17.5,-1.0611175298690796,0.36228157680805545
BH_s24_medium,15,76,17.533333333333335,-1.066978931427002,0.5203791864004289
BH_s24_medium,15,77,17.566666666666666,-0.9530916810035706,0.6209369029477063
BH_s24_medium,15,78,17.6,-0.4107666015625,0.6673077402926538
BH_s24_medium,15,79,17.633333333333333,0.46500611305236816,0.6702276966724117
BH_s24_medium,15,80,17.666666666666668,1.4166196584701538,0.6420747009427716
BH_s24_medium,15,81,17.7,1.940320611000061,0.5932039116246488
BH_s24_medium,15,82,17.733333333333334,1.9670486450195312,0.5314976303086362
BH_s24_medium,15,83,17.766666666666666,1.8410446643829346,0.46373068394122197
BH_s24_medium,15,84,17.8,1.6590160131454468,0.3964380935960096
BH_s24_medium,15,85,17.833333333333332,1.4700757265090942,0.3348878099929592
BH_s24_medium,15,86,17.866666666666667,1.2180676460266113,0.2805040676401465
BH_s24_medium,15,87,17.9,0.9029920101165771,0.22848585928160411
BH_s24_medium,15,88,17.933333333333334,0.7064834237098694,0.16762099313458945
BH_s24_medium,15,89,17.966666666666665,0.5804794430732727,0.08336069480656479
BH_s24_medium,15,90,18.0,0.45447543263435364,-0.036393274148327534
BH_s24_medium,15,91,18.033333333333335,0.32847142219543457,-0.19490596297036392
BH_s24_medium,15,92,18.066666666666666,0.08442553132772446,-0.3825093282769351
BH_s24_medium,15,93,18.1,-0.04144717752933502,-0.5770070474053096
BH_s24_medium,15,94,18.133333333333333,-0.23038753867149353,-0.7488159526659832
BH_s24_medium,15,95,18.166666666666668,-0.3647475242614746,-0.8688621417069813
BH_s24_medium,15,96,18.2,-0.4907515347003937,-0.9161144426058023
BH_s24_medium,15,97,18.233333333333334,-0.6167555451393127,-0.8821635841080573
BH_s24_medium,15,98,18.266666666666666,-0.6885730624198914,-0.7720089662257422
BH_s24_medium,15,99,18.3,-0.7516407370567322,-0.6018033343600663
BH_s24_medium,15,100,18.333333333333332,-0.8147083520889282,-0.3947290463442639
BH_s24_medium,15,101,18.366666666666667,-0.8685009479522705,-0.17598794652654928
BH_s24_medium,15,102,18.4,-0.877776026725769,0.03207521170151516
BH_s24_medium,15,103,18.433333333333334,-0.9408436417579651,0.21363146814606299
BH_s24_medium,15,104,18.466666666666665,-0.9942423701286316,0.36104347553112687
BH_s24_medium,15,105,18.5,-0.8875762224197388,0.47416026158362695
BH_s24_medium,15,106,18.533333333333335,-0.42289239168167114,0.5570953088082661
BH_s24_medium,15,107,18.566666666666666,0.386267751455307,0.6133669125730152
BH_s24_medium,15,108,18.6,1.2053594589233398,0.6420996056133047
BH_s24_medium,15,109,18.633333333333333,1.6242791414260864,0.638396820346061
BH_s24_medium,15,110,18.666666666666668,1.5923190116882324,0.5984182192303822
BH_s24_medium,15,111,18.7,1.4138352870941162,0.5259070558603688
BH_s24_medium,15,112,18.733333333333334,1.1618273258209229,0.4350396878583838
BH_s24_medium,15,113,18.766666666666666,0.9098193049430847,0.34639129387252643
BH_s24_medium,15,114,18.8,0.6578112840652466,0.27767682276842764
BH_s24_medium,15,115,18.833333333333332,0.46887093782424927,0.23469764861218398
BH_s24_medium,15,116,18.866666666666667,0.3835769593715668,0.20745856937900795
BH_s24_medium,15,117,18.9,0.32050931453704834,0.17319046988325315
BH_s24_medium,15,118,18.933333333333334,0.2058810591697693,0.10499733408463205
BH_s24_medium,15,119,18.966666666666665,0.07987704873085022,-0.017083108795867115
BH_s24_medium,15,120,19.0,-0.04612695425748825,-0.19677028565699634
BH_s24_medium,15,121,19.033333333333335,-0.23519860208034515,-0.4177077269857343
BH_s24_medium,15,122,19.066666666666666,-0.41223806142807007,-0.6467731412302026
BH_s24_medium,15,123,19.1,-0.5502742528915405,-0.8432915838740512
BH_s24_medium,15,124,19.133333333333333,-0.6255053877830505,-0.970496695074132
BH_s24_medium,15,125,19.166666666666668,-0.7392145991325378,-1.0049555264118444
BH_s24_medium,15,126,19.2,-0.7516407370567322,-0.9411775144727228
BH_s24_medium,15,127,19.233333333333334,-0.8147083520889282,-0.791074918361288
BH_s24_medium,15,128,19.266666666666666,-0.8649560213088989,-0.579714818502188
BH_s24_medium,15,129,19.3,-0.877776026725769,-0.33909466274758665
BH_s24_medium,15,130,19.333333333333332,-0.9277610778808594,-0.10095273212090414
BH_s24_medium,15,131,19.366666666666667,-0.9408436417579651,0.11041546260532514
BH_s24_medium,15,132,19.4,-0.9408436417579651,0.2830864452221153
BH_s24_medium,15,133,19.433333333333334,-0.6794111728668213,0.4175424216766191
BH_s24_medium,15,134,19.466666666666665,0.04965997859835625,0.5214620742361007
BH_s24_medium,15,135,19.5,1.0304765701293945,0.6021743241910235
BH_s24_medium,15,136,19.533333333333335,1.8278489112854004,0.6611105552013442
BH_s24_medium,15,137,19.566666666666666,2.072401762008667,0.6932941797472616
BH_s24_medium,15,138,19.6,1.9885339736938477,0.6917934713384083
BH_s24_medium,15,139,19.633333333333333,1.848397135734558,0.654130186459188
BH_s24_medium,15,140,19.666666666666668,1.6593254804611206,0.5866416628875455
BH_s24_medium,15,141,19.7,1.421712875366211,0.5040441830885629
BH_s24_medium,15,142,19.733333333333334,1.1212953329086304,0.4240635628333995
BH_s24_medium,15,143,19.766666666666666,0.8546292781829834,0.359572358089358
BH_s24_medium,15,144,19.8,0.6507682204246521,0.31196153750187905
BH_s24_medium,15,145,19.833333333333332,0.5247642397880554,0.2690317146143532
BH_s24_medium,15,146,19.866666666666667,0.39876022934913635,0.20881584799256409
BH_s24_medium,15,147,19.9,0.20968855917453766,0.10824225908066247
BH_s24_medium,15,148,19.933333333333334,0.020616911351680756,-0.04658177073633422
BH_s24_medium,15,149,19.966666666666665,-0.16845473647117615,-0.2525646255568871
BH_s24_medium,15,150,20.0,-0.35752639174461365,-0.4876347174658943
BH_s24_medium,15,151,20.033333333333335,-0.4835304021835327,-0.7157938001325853
BH_s24_medium,15,152,20.066666666666666,-0.6095343828201294,-0.8977494023412071
BH_s24_medium,15,153,20.1,-0.6885730624198914,-1.0030420960395023
BH_s24_medium,15,154,20.133333333333333,-0.7984747886657715,-1.018253231670834
BH_s24_medium,15,155,20.166666666666668,-0.8614110946655273,-0.9477057544749306
BH_s24_medium,15,156,20.2,-0.924347460269928,-0.8078763335067822
BH_s24_medium,15,157,20.233333333333334,-0.9408436417579651,-0.6202937277586659
BH_s24_medium,15,158,20.266666666666666,-0.9871525168418884,-0.40670992137180983
BH_s24_medium,15,159,20.3,-1.0039112567901611,-0.18705246568321823
BH_s24_medium,15,160,20.333333333333332,-1.0039112567901611,0.021203205290392903
BH_s24_medium,15,161,20.366666666666667,-1.066978931427002,0.20354318057446982
BH_s24_medium,15,162,20.4,-1.066978931427002,0.34934911591902656
BH_s24_medium,15,163,20.433333333333334,-0.9300217628479004,0.45317150856972493
BH_s24_medium,15,164,20.466666666666665,-0.3523787260055542,0.5159410586498883
BH_s24_medium,15,165,20.5,0.6028823852539062,0.5453327215573696
BH_s24_medium,15,166,20.533333333333335,1.6464014053344727,0.5540758337145885
BH_s24_medium,15,167,20.566666666666666,2.221785068511963,0.5557516629873774
BH_s24_medium,15,168,20.6,2.275606393814087,0.5598038520800485
BH_s24_medium,15,169,20.633333333333333,2.1676740646362305,0.5686939182207147
BH_s24_medium,15,170,20.666666666666668,1.9786025285720825,0.5785271936030489
BH_s24_medium,15,171,20.7,1.807996392250061,0.58185704394896
BH_s24_medium,15,172,20.733333333333334,1.4929207563400269,0.5703682084432411
BH_s24_medium,15,173,20.766666666666666,1.1335055828094482,0.5360401721848698
BH_s24_medium,15,174,20.8,0.8627694249153137,0.4710385253111896
BH_s24_medium,15,175,20.833333333333332,0.7179059982299805,0.3677930692985167
BH_s24_medium,15,176,20.866666666666667,0.5479563474655151,0.2207407191124065
BH_s24_medium,15,177,20.9,0.3590160310268402,0.029981234156832966
BH_s24_medium,15,178,20.933333333333334,0.1700756549835205,-0.19472616769482637
BH_s24_medium,15,179,20.966666666666665,-0.018864702433347702,-0.43245650435661553
BH_s24_medium,15,180,21.0,-0.2078050673007965,-0.6544846570801585
BH_s24_medium,15,181,21.033333333333335,-0.3967454135417938,-0.8321587830052997
BH_s24_medium,15,182,21.066666666666666,-0.542527973651886,-0.9451849313658987
BH_s24_medium,15,183,21.1,-0.6685319542884827,-0.9852912668938832
BH_s24_medium,15,184,21.133333333333333,-0.7314683198928833,-0.953996852851952
BH_s24_medium,15,185,21.166666666666668,-0.7944046854972839,-0.8579918175830421
BH_s24_medium,15,186,21.2,-0.8573409914970398,-0.7067759123878672
BH_s24_medium,15,187,21.233333333333334,-0.9202773571014404,-0.5140111622989677
BH_s24_medium,15,188,21.266666666666666,-0.9832137227058411,-0.2994589937272894
BH_s24_medium,15,189,21.3,-1.0039112567901611,-0.08715183779624883
BH_s24_medium,15,190,21.333333333333332,-1.0039112567901611,0.10061840941025098
BH_s24_medium,15,191,21.366666666666667,-1.066978931427002,0.24958840263262547
BH_s24_medium,15,192,21.4,-1.066978931427002,0.356307419834223
BH_s24_medium,15,193,21.433333333333334,-0.8787704706192017,0.4266689084547572
BH_s24_medium,15,194,21.466666666666665,-0.20829395949840546,0.47166302665997417
BH_s24_medium,15,195,21.5,0.7566360831260681,0.5024007945298531
BH_s24_medium,15,196,21.533333333333335,1.7036453485488892,0.5261890313841308
BH_s24_medium,15,197,21.566666666666666,2.1687803268432617,0.5448063172947216
BH_s24_medium,15,198,21.6,2.1714816093444824,0.555300399604547
BH_s24_medium,15,199,21.633333333333333,1.982409954071045,0.5526130672654352
BH_s24_medium,15,200,21.666666666666668,1.815611481666565,0.5324155422363426
BH_s24_medium,15,201,21.7,1.563603401184082,0.49252486186348166
BH_s24_medium,15,202,21.733333333333334,1.2710634469985962,0.4324911426185666
BH_s24_medium,15,203,21.766666666666666,0.9561191201210022,0.3523434837156409
BH_s24_medium,15,204,21.8,0.7445117831230164,0.2518801648551653
BH_s24_medium,15,205,21.833333333333332,0.595709502696991,0.13127930670259713
BH_s24_medium,15,206,21.866666666666667,0.4697054624557495,-0.007157037303647088
BH_s24_medium,15,207,21.9,0.3038259744644165,-0.15706527259151426
BH_s24_medium,15,208,21.933333333333334,0.114885613322258,-0.3070619562803304
BH_s24_medium,15,209,21.966666666666665,-0.07405474036931992,-0.44164785224633624
BH_s24_medium,15,210,22.0,-0.2629950940608978,-0.5441828311813627
BH_s24_medium,15,211,22.033333333333335,-0.41258513927459717,-0.6011772742315422
BH_s24_medium,15,212,22.066666666666666,-0.5385891199111938,-0.606232247900592
BH_s24_medium,15,213,22.1,-0.6645931601524353,-0.561860233497258
BH_s24_medium,15,214,22.133333333333333,-0.7275295257568359,-0.47846410598001665
BH_s24_medium,15,215,22.166666666666668,-0.7904658317565918,-0.37112807820610716
BH_s24_medium,15,216,22.2,-0.8534021973609924,-0.25560526376177944
BH_s24_medium,15,217,22.233333333333334,-0.877776026725769,-0.14487585106710915
BH_s24_medium,15,218,22.266666666666666,-0.9408436417579651,-0.04724126242856923
BH_s24_medium,15,219,22.3,-0.9791436195373535,0.03369191189253012
BH_s24_medium,15,220,22.333333333333332,-1.0039112567901611,0.09748389862210088
BH_s24_medium,15,221,22.366666666666667,-0.927836537361145,0.14475054031396747
BH_s24_medium,15,222,22.4,-0.3350012004375458,0.175696022517049
BH_s24_medium,15,223,22.433333333333334,0.4965724050998688,0.19010026717597991
BH_s24_medium,15,224,22.466666666666665,1.3662497997283936,0.18853390721798122
BH_s24_medium,15,225,22.5,1.7455097436904907,0.17370072389956773
BH_s24_medium,15,226,22.533333333333335,1.7336843013763428,0.15080357356433877
BH_s24_medium,15,227,22.566666666666666,1.5073630809783936,0.12653631466900875
BH_s24_medium,15,228,22.6,1.2553550004959106,0.1071256258207253
BH_s24_medium,15,229,22.633333333333333,0.9663599729537964,0.09633092114031974
BH_s24_medium,15,230,22.666666666666668,0.6882713437080383,0.09428582730640937
BH_s24_medium,15,231,22.7,0.4729878008365631,0.09766379238736782
BH_s24_medium,15,232,22.733333333333334,0.3835769593715668,0.10112238391206421
BH_s24_medium,15,233,22.766666666666666,0.32050931453704834,0.09948348397524824
BH_s24_medium,15,234,22.8,0.22111108899116516,0.08976801740848792
BH_s24_medium,15,235,22.833333333333332,0.06823872029781342,0.07219638320193722
BH_s24_medium,15,236,22.866666666666667,-0.09396456182003021,0.04968430960659495
BH_s24_medium,15,237,22.9,-0.3189729154109955,0.026106942210386855
BH_s24_medium,15,238,22.933333333333334,-0.472107857465744,0.004329266112977086
BH_s24_medium,15,239,22.966666666666665,-0.5981118679046631,-0.014827252945419813
BH_s24_medium,16,0,16.0,0.2573948800563812,-0.06030267097799846
BH_s24_medium,16,1,16.033333333333335,0.13139086961746216,-2.392385494841724
BH_s24_medium,16,2,16.066666666666666,0.06823872029781342,-4.397427227618185
BH_s24_medium,16,3,16.1,-0.12027004361152649,-5.824833273034243
BH_s24_medium,16,4,16.133333333333333,-0.3092103898525238,-6.554739711313438
BH_s24_medium,16,5,16.166666666666668,-0.4981507658958435,-6.611447436020959
BH_s24_medium,16,6,16.2,-0.6247644424438477,-6.132527307877341
BH_s24_medium,16,7,16.233333333333334,-0.7507684230804443,-5.31277535117952
BH_s24_medium,16,8,16.266666666666666,-0.8147083520889282,-4.347499670367116
BH_s24_medium,16,9,16.3,-0.877776026725769,-3.390694118051792
BH_s24_medium,16,10,16.333333333333332,-0.9395775198936462,-2.5339455565594107
BH_s24_medium,16,11,16.366666666666667,-1.0025138854980469,-1.8059443039953276
BH_s24_medium,16,12,16.4,-1.0039112567901611,-1.1887060230138027
BH_s24_medium,16,13,16.433333333333334,-1.066978931427002,-0.6432819528590622
BH_s24_medium,16,14,16.466666666666665,-1.066978931427002,-0.13493356276900798
BH_s24_medium,16,15,16.5,-1.1281239986419678,0.3514362968310223
BH_s24_medium,16,16,16.533333333333335,-1.1300466060638428,0.8089130560135784
BH_s24_medium,16,17,16.566666666666666,-1.0691641569137573,1.2159547254389516
BH_s24_medium,16,18,16.6,-0.6978390216827393,1.5475893965671297
BH_s24_medium,16,19,16.633333333333333,0.11417185515165329,1.7854113750633822
BH_s24_medium,16,20,16.666666666666668,1.1197561025619507,1.9233393522249418
BH_s24_medium,16,21,16.7,1.7602237462997437,1.9683083097008438
BH_s24_medium,16,22,16.733333333333334,1.897200584411621,1.9372376889936291
BH_s24_medium,16,23,16.766666666666666,1.7740381956100464,1.8525681002745167
BH_s24_medium,16,24,16.8,1.6480342149734497,1.7378158101289405
BH_s24_medium,16,25,16.833333333333332,1.4621981382369995,1.6133332146369126
BH_s24_medium,16,26,16.866666666666667,1.2135568857192993,1.4922911878933287
BH_s24_medium,16,27,16.9,0.9581820964813232,1.3776197236284413
BH_s24_medium,16,28,16.933333333333334,0.702544629573822,1.2612213715267941
BH_s24_medium,16,29,16.966666666666665,0.5134729743003845,1.1265502299212866
BH_s24_medium,16,30,17.0,0.38746899366378784,0.9545552737668073
BH_s24_medium,16,31,17.033333333333335,0.2614649832248688,0.7315187386948823
BH_s24_medium,16,32,17.066666666666666,0.07239332050085068,0.4561657846032508
BH_s24_medium,16,33,17.1,-0.05361068248748779,0.14301406523793397
BH_s24_medium,16,34,17.133333333333333,-0.3013328015804291,-0.18028555424763398
BH_s24_medium,16,35,17.166666666666668,-0.4317539930343628,-0.4812710225698711
BH_s24_medium,16,36,17.2,-0.5577579736709595,-0.732658248420675
BH_s24_medium,16,37,17.233333333333334,-0.6837620139122009,-0.9184591575126535
BH_s24_medium,16,38,17.266666666666666,-0.7516407370567322,-1.0333806227927858
BH_s24_medium,16,39,17.3,-0.8147083520889282,-1.0775425436442263
BH_s24_medium,16,40,17.333333333333332,-0.877776026725769,-1.0517803468264417
BH_s24_medium,16,41,17.366666666666667,-0.9408436417579651,-0.9577581909982907
BH_s24_medium,16,42,17.4,-0.9408436417579651,-0.8023707515573937
BH_s24_medium,16,43,17.433333333333334,-1.0039112567901611,-0.6018737083951959
BH_s24_medium,16,44,17.466666666666665,-1.0039112567901611,-0.3815803919156886
BH_s24_medium,16,45,17.5,-1.0611175298690796,-0.17055738337276571
BH_s24_medium,16,46,17.533333333333335,-1.066978931427002,0.005882121968751626
BH_s24_medium,16,47,17.566666666666666,-0.9530916810035706,0.13198482185860946
BH_s24_medium,16,48,17.6,-0.4107666015625,0.2031922055495364
BH_s24_medium,16,49,17.633333333333333,0.46500611305236816,0.22392852198155003
BH_s24_medium,16,50,17.666666666666668,1.4166196584701538,0.20412466772214174
BH_s24_medium,16,51,17.7,1.940320611000061,0.15708712156204765
BH_s24_medium,16,52,17.733333333333334,1.9670486450195312,0.09903579074452881
BH_s24_medium,16,53,17.766666666666666,1.8410446643829346,0.04836316261313091
BH_s24_medium,16,54,17.8,1.6590160131454468,0.022649750890187254
BH_s24_medium,16,55,17.833333333333332,1.4700757265090942,0.03341853692601117
BH_s24_medium,16,56,17.866666666666667,1.2180676460266113,0.0807698903501287
BH_s24_medium,16,57,17.9,0.9029920101165771,0.15081987052486373
BH_s24_medium,16,58,17.933333333333334,0.7064834237098694,0.21776300339236096
BH_s24_medium,16,59,17.966666666666665,0.5804794430732727,0.25046783088517083
BH_s24_medium,16,60,18.0,0.45447543263435364,0.22202009874580705
BH_s24_medium,16,61,18.033333333333335,0.32847142219543457,0.11953061587073452
BH_s24_medium,16,62,18.066666666666666,0.08442553132772446,-0.0492957772970933
BH_s24_medium,16,63,18.1,-0.04144717752933502,-0.25592988928639077
BH_s24_medium,16,64,18.133333333333333,-0.23038753867149353,-0.4579776206617373
BH_s24_medium,16,65,18.166666666666668,-0.3647475242614746,-0.611155608142539
BH_s24_medium,16,66,18.2,-0.4907515347003937,-0.6819842779332411
BH_s24_medium,16,67,18.233333333333334,-0.6167555451393127,-0.6566351525941545
BH_s24_medium,16,68,18.266666666666666,-0.6885730624198914,-0.5430324888829137
BH_s24_medium,16,69,18.3,-0.7516407370567322,-0.36615274697153555
BH_s24_medium,16,70,18.333333333333332,-0.8147083520889282,-0.15917262166577362
BH_s24_medium,16,71,18.366666666666667,-0.8685009479522705,0.045787469597752976
BH_s24_medium,16,72,18.4,-0.877776026725769,0.22456228848432724
BH_s24_medium,16,73,18.433333333333334,-0.9408436417579651,0.3644423839952233
BH_s24_medium,16,74,18.466666666666665,-0.9942423701286316,0.4642131780555436
BH_s24_medium,16,75,18.5,-0.8875762224197388,0.5309454049657796
BH_s24_medium,16,76,18.533333333333335,-0.42289239168167114,0.5741870605575384
BH_s24_medium,16,77,18.566666666666666,0.386267751455307,0.5994204634982386
BH_s24_medium,16,78,18.6,1.2053594589233398,0.6041162596850697
BH_s24_medium,16,79,18.633333333333333,1.6242791414260864,0.5794180493497831
BH_s24_medium,16,80,18.666666666666668,1.5923190116882324,0.5173351842767532
BH_s24_medium,16,81,18.7,1.4138352870941162,0.4192792964418825
BH_s24_medium,16,82,18.733333333333334,1.1618273258209229,0.29998939194736146
BH_s24_medium,16,83,18.766666666666666,0.9098193049430847,0.1832274224354099
BH_s24_medium,16,84,18.8,0.6578112840652466,0.0911152912144995
BH_s24_medium,16,85,18.833333333333332,0.46887093782424927,0.033265252219548916
BH_s24_medium,16,86,18.866666666666667,0.3835769593715668,0.0015115824261474837
BH_s24_medium,16,87,18.9,0.32050931453704834,-0.027431080837388135
BH_s24_medium,16,88,18.933333333333334,0.2058810591697693,-0.08253737400754367
BH_s24_medium,16,89,18.966666666666665,0.07987704873085022,-0.1858821532255172
BH_s24_medium,16,90,19.0,-0.04612695425748825,-0.341880863818725
BH_s24_medium,16,91,19.033333333333335,-0.23519860208034515,-0.5329703241007012
BH_s24_medium,16,92,19.066666666666666,-0.41223806142807007,-0.7238338727951988
BH_s24_medium,16,93,19.1,-0.5502742528915405,-0.8724960545626823
BH_s24_medium,16,94,19.133333333333333,-0.6255053877830505,-0.9433920003903205
BH_s24_medium,16,95,19.166666666666668,-0.7392145991325378,-0.9170196111645945
BH_s24_medium,16,96,19.2,-0.7516407370567322,-0.793502389822308
BH_s24_medium,16,97,19.233333333333334,-0.8147083520889282,-0.5907280082584094
BH_s24_medium,16,98,19.266666666666666,-0.8649560213088989,-0.33905871980128527
BH_s24_medium,16,99,19.3,-0.877776026725769,-0.0742905097827909
BH_s24_medium,16,100,19.333333333333332,-0.9277610778808594,0.1698483060462395
BH_s24_medium,16,101,19.366666666666667,-0.9408436417579651,0.3682351599479808
BH_s24_medium,16,102,19.4,-0.9408436417579651,0.5082368022165497
BH_s24_medium,16,103,19.433333333333334,-0.6794111728668213,0.5897082419893397
BH_s24_medium,16,104,19.466666666666665,0.04965997859835625,0.6214147829513758
BH_s24_medium,16,105,19.5,1.0304765701293945,0.6158306977277962
BH_s24_medium,16,106,19.533333333333335,1.8278489112854004,0.5847973835571606
BH_s24_medium,16,107,19.566666666666666,2.072401762008667,0.5376432082199548
BH_s24_medium,16,108,19.6,1.9885339736938477,0.48168659538545205
BH_s24_medium,16,109,19.633333333333333,1.848397135734558,0.4237268111534556
BH_s24_medium,16,110,19.666666666666668,1.6593254804611206,0.37096796844077695
BH_s24_medium,16,111,19.7,1.421712875366211,0.33048247106624257
BH_s24_medium,16,112,19.733333333333334,1.1212953329086304,0.3071004664892311
BH_s24_medium,16,113,19.766666666666666,0.8546292781829834,0.30032270447769926
BH_s24_medium,16,114,19.8,0.6507682204246521,0.30151406644282963
BH_s24_medium,16,115,19.833333333333332,0.5247642397880554,0.29306406223851245
BH_s24_medium,16,116,19.866666666666667,0.39876022934913635,0.25105763233333944
BH_s24_medium,16,117,19.9,0.20968855917453766,0.15193436462718898
BH_s24_medium,16,118,19.933333333333334,0.020616911351680756,-0.018265491646619468
BH_s24_medium,16,119,19.966666666666665,-0.16845473647117615,-0.2552727954013809
BH_s24_medium,16,120,20.0,-0.35752639174461365,-0.5324723674527307
BH_s24_medium,16,121,20.033333333333335,-0.4835304021835327,-0.8043114666163541
BH_s24_medium,16,122,20.066666666666666,-0.6095343828201294,-1.0177869019761208
BH_s24_medium,16,123,20.1,-0.6885730624198914,-1.12874366200259
BH_s24_medium,16,124,20.133333333333333,-0.7984747886657715,-1.1161119244234126
BH_s24_medium,16,125,20.166666666666668,-0.8614110946655273,-0.9872740778193834
BH_s24_medium,16,126,20.2,-0.924347460269928,-0.7727770920245598
BH_s24_medium,16,127,20.233333333333334,-0.9408436417579651,-0.5143934124758677
BH_s24_medium,16,128,20.266666666666666,-0.9871525168418884,-0.25250127652702165
BH_s24_medium,16,129,20.3,-1.0039112567901611,-0.017141463898448932
BH_s24_medium,16,130,20.333333333333332,-1.0039112567901611,0.17555009250523118
BH_s24_medium,16,131,20.366666666666667,-1.066978931427002,0.3220435285594162
BH_s24_medium,16,132,20.4,-1.066978931427002,0.42707408009115777
BH_s24_medium,16,133,20.433333333333334,-0.9300217628479004,0.49858390091422083
BH_s24_medium,16,134,20.466666666666665,-0.3523787260055542,0.5440743535384962
BH_s24_medium,16,135,20.5,0.6028823852539062,0.569328479615524
BH_s24_medium,16,136,20.533333333333335,1.6464014053344727,0.5786738547063097
BH_s24_medium,16,137,20.566666666666666,2.221785068511963,0.5753050857572843
BH_s24_medium,16,138,20.6,2.275606393814087,0.5614559464517549
BH_s24_medium,16,139,20.633333333333333,2.1676740646362305,0.539219542557373
BH_s24_medium,16,140,20.666666666666668,1.9786025285720825,0.5117561668645363
BH_s24_medium,16,141,20.7,1.807996392250061,0.483249022836383
BH_s24_medium,16,142,20.733333333333334,1.4929207563400269,0.45653016759582704
BH_s24_medium,16,143,20.766666666666666,1.1335055828094482,0.42930463523131734
BH_s24_medium,16,144,20.8,0.8627694249153137,0.39151612395845675
BH_s24_medium,16,145,20.833333333333332,0.7179059982299805,0.32643356112446387
BH_s24_medium,16,146,20.866666666666667,0.5479563474655151,0.21633510917637955
BH_s24_medium,16,147,20.9,0.3590160310268402,0.05110931879813333
BH_s24_medium,16,148,20.933333333333334,0.1700756549835205,-0.16398457212589096
BH_s24_medium,16,149,20.966666666666665,-0.018864702433347702,-0.40571345966598116
BH_s24_medium,16,150,21.0,-0.2078050673007965,-0.6381158688141468
BH_s24_medium,16,151,21.033333333333335,-0.3967454135417938,-0.8242519086750731
BH_s24_medium,16,152,21.066666666666666,-0.542527973651886,-0.9384051317529445
BH_s24_medium,16,153,21.1,-0.6685319542884827,-0.9717568268157206
BH_s24_medium,16,154,21.133333333333333,-0.7314683198928833,-0.9294965846483758
BH_s24_medium,16,155,21.166666666666668,-0.7944046854972839,-0.8236248422718888
BH_s24_medium,16,156,21.2,-0.8573409914970398,-0.6676573759828824
BH_s24_medium,16,157,21.233333333333334,-0.9202773571014404,-0.4761218606102643
BH_s24_medium,16,158,21.266666666666666,-0.9832137227058411,-0.26639668926615345
BH_s24_medium,16,159,21.3,-1.0039112567901611,-0.058317530262867456
BH_s24_medium,16,160,21.333333333333332,-1.0039112567901611,0.12971632253020693
BH_s24_medium,16,161,21.366666666666667,-1.066978931427002,0.2852102483973199
BH_s24_medium,16,162,21.4,-1.066978931427002,0.4034948986741423
BH_s24_medium,16,163,21.433333333333334,-0.8787704706192017,0.4864948546749185
BH_s24_medium,16,164,21.466666666666665,-0.20829395949840546,0.5395633340919387
BH_s24_medium,16,165,21.5,0.7566360831260681,0.5680582625744478
BH_s24_medium,16,166,21.533333333333335,1.7036453485488892,0.5751588984684892
BH_s24_medium,16,167,21.566666666666666,2.1687803268432617,0.5618068830409587
BH_s24_medium,16,168,21.6,2.1714816093444824,0.5286030670315275
BH_s24_medium,16,169,21.633333333333333,1.982409954071045,0.47831088370623065
BH_s24_medium,16,170,21.666666666666668,1.815611481666565,0.41693604175284443
BH_s24_medium,16,171,21.7,1.563603401184082,0.35197221242893656
BH_s24_medium,16,172,21.733333333333334,1.2710634469985962,0.28836587996040125
BH_s24_medium,16,173,21.766666666666666,0.9561191201210022,0.22467159485795812
BH_s24_medium,16,174,21.8,0.7445117831230164,0.1522181628479624
BH_s24_medium,16,175,21.833333333333332,0.595709502696991,0.0586050753073894
BH_s24_medium,16,176,21.866666666666667,0.4697054624557495,-0.06562781155222246
BH_s24_medium,16,177,21.9,0.3038259744644165,-0.22022776097467134
BH_s24_medium,16,178,21.933333333333334,0.114885613322258,-0.3916345737587138
BH_s24_medium,16,179,21.966666666666665,-0.07405474036931992,-0.5545229003593896
BH_s24_medium,16,180,22.0,-0.2629950940608978,-0.6783963790739236
BH_s24_medium,16,181,22.033333333333335,-0.41258513927459717,-0.7369937763889627
BH_s24_medium,16,182,22.066666666666666,-0.5385891199111938,-0.7167537619802089
BH_s24_medium,16,183,22.1,-0.6645931601524353,-0.6208798612365078
BH_s24_medium,16,184,22.133333333333333,-0.7275295257568359,-0.467857000953813
BH_s24_medium,16,185,22.166666666666668,-0.7904658317565918,-0.2857703192142578
BH_s24_medium,16,186,22.2,-0.8534021973609924,-0.10474109537518046
BH_s24_medium,16,187,22.233333333333334,-0.877776026725769,0.050345331567281486
BH_s24_medium,16,188,22.266666666666666,-0.9408436417579651,0.16488952890274014
BH_s24_medium,16,189,22.3,-0.9791436195373535,0.23602050465224797
BH_s24_medium,16,190,22.333333333333332,-1.0039112567901611,0.2703125064987677
BH_s24_medium,16,191,22.366666666666667,-0.927836537361145,0.27916670640074387
BH_s24_medium,16,192,22.4,-0.3350012004375458,0.2741262141528203
BH_s24_medium,16,193,22.433333333333334,0.4965724050998688,0.2640656187998904
BH_s24_medium,16,194,22.466666666666665,1.3662497997283936,0.25480561091618337
BH_s24_medium,16,195,22.5,1.7455097436904907,0.25027839195458607
BH_s24_medium,16,196,22.533333333333335,1.7336843013763428,0.2538405979410463
BH_s24_medium,16,197,22.566666666666666,1.5073630809783936,0.2686009997787158
BH_s24_medium,16,198,22.6,1.2553550004959106,0.2962243155651346
BH_s24_medium,16,199,22.633333333333333,0.9663599729537964,0.334494427572425
BH_s24_medium,16,200,22.666666666666668,0.6882713437080383,0.37485330568142594
BH_s24_medium,16,201,22.7,0.4729878008365631,0.4016221578816263
BH_s24_medium,16,202,22.733333333333334,0.3835769593715668,0.3942126691601563
BH_s24_medium,16,203,22.766666666666666,0.32050931453704834,0.33254903144001635
BH_s24_medium,16,204,22.8,0.22111108899116516,0.20461294700134816
BH_s24_medium,16,205,22.833333333333332,0.06823872029781342,0.013782717985578029
BH_s24_medium,16,206,22.866666666666667,-0.09396456182003021,-0.217183384839138
BH_s24_medium,16,207,22.9,-0.3189729154109955,-0.448458172024441
BH_s24_medium,16,208,22.933333333333334,-0.472107857465744,-0.6328829859990455
BH_s24_medium,16,209,22.966666666666665,-0.5981118679046631,-0.7307490384564695
BH_s24_medium,16,210,23.0,-0.7241158485412598,-0.7234768629285977
BH_s24_medium,16,211,23.033333333333335,-0.7870522141456604,-0.6195329396573598
BH_s24_medium,16,212,23.066666666666666,-0.8147083520889282,-0.4502079149697643
BH_s24_medium,16,213,23.1,-0.877776026725769,-0.25825883130757815
BH_s24_medium,16,214,23.133333333333333,-0.9127936363220215,-0.08466540169085605
BH_s24_medium,16,215,23.166666666666668,-0.9408436417579651,0.041976323133414296
BH_s24_medium,16,216,23.2,-0.9755986928939819,0.11061145469273347
BH_s24_medium,16,217,23.233333333333334,-1.0039112567901611,0.12668480996301065
BH_s24_medium,16,218,23.266666666666666,-1.066978931427002,0.10638681337741415
BH_s24_medium,16,219,23.3,-0.9008278250694275,0.06918468872468862
BH_s24_medium,16,220,23.333333333333332,-0.2597609758377075,0.031648039580905174
BH_s24_medium,16,221,23.366666666666667,0.7245627641677856,0.004302273474319266
BH_s24_medium,16,222,23.4,1.7225984334945679,-0.008465057450758711
BH_s24_medium,16,223,23.433333333333334,2.2171430587768555,-0.006607946660134233
BH_s24_medium,16,224,23.466666666666665,2.1788339614868164,0.007896139376162847
BH_s24_medium,16,225,23.5,2.019256591796875,0.03288510568292848
BH_s24_medium,16,226,23.533333333333335,1.800690770149231,0.06675577582967065
BH_s24_medium,16,227,23.566666666666666,1.578308343887329,0.10793951262208866
BH_s24_medium,16,228,23.6,1.2632325887680054,0.15358255984547117
BH_s24_medium,16,229,23.633333333333333,0.948157012462616,0.19844033442281941
BH_s24_medium,16,230,23.666666666666668,0.6961489915847778,0.23500641117551843
BH_s24_medium,16,231,23.7,0.5399942398071289,0.2552783667948246
BH_s24_medium,16,232,23.733333333333334,0.4139902591705322,0.2535819384353173
BH_s24_medium,16,233,23.766666666666666,0.255463182926178,0.22910616020532357
BH_s24_medium,16,234,23.8,0.035846952348947525,0.18675279990166951
BH_s24_medium,16,235,23.833333333333332,-0.15322470664978027,0.13565241431463523
BH_s24_medium,16,236,23.866666666666667,-0.3744255304336548,0.08587544436898426
BH_s24_medium,16,237,23.9,-0.5313680171966553,0.04477709035688587
BH_s24_medium,16,238,23.933333333333334,-0.657371997833252,0.014541067543305768
BH_s24_medium,16,239,23.966666666666665,-0.7516407370567322,-0.00807992497378523
BH_s24_medium,17,0,17.0,0.38746899366378784,-0.051575943226890755
BH_s24_medium,17,1,17.033333333333335,0.2614649832248688,-2.561412944570797
BH_s24_medium,17,2,17.066666666666666,0.07239332050085068,-4.702706339504841
BH_s24_medium,17,3,17.1,-0.05361068248748779,-6.191902978591091
BH_s24_medium,17,4,17.133333333333333,-0.3013328015804291,-6.892722150642379
BH_s24_medium,17,5,17.166666666666668,-0.4317539930343628,-6.836818203638691
BH_s24_medium,17,6,17.2,-0.5577579736709595,-6.193989593921865
BH_s24_medium,17,7,17.233333333333334,-0.6837620139122009,-5.207017104452716
BH_s24_medium,17,8,17.266666666666666,-0.7516407370567322,-4.117581974979361
BH_s24_medium,17,9,17.3,-0.8147083520889282,-3.107188775017278
BH_s24_medium,17,10,17.333333333333332,-0.877776026725769,-2.268081300032203
BH_s24_medium,17,11,17.366666666666667,-0.9408436417579651,-1.6075370973714784
BH_s24_medium,17,12,17.4,-0.9408436417579651,-1.0771186162955673
BH_s24_medium,17,13,17.433333333333334,-1.0039112567901611,-0.6111158767603531
BH_s24_medium,17,14,17.466666666666665,-1.0039112567901611,-0.15871964857107096
BH_s24_medium,17,15,17.5,-1.0611175298690796,0.29928937997009863
BH_s24_medium,17,16,17.533333333333335,-1.066978931427002,0.7505217213328486
BH_s24_medium,17,17,17.566666666666666,-0.9530916810035706,1.162575593618002
BH_s24_medium,17,18,17.6,-0.4107666015625,1.4986841168566347
BH_s24_medium,17,19,17.633333333333333,0.46500611305236816,1.731044966455783
BH_s24_medium,17,20,17.666666666666668,1.4166196584701538,1.848739594202582
BH_s24_medium,17,21,17.7,1.940320611000061,1.8600756094797317
BH_s24_medium,17,22,17.733333333333334,1.9670486450195312,1.7902444009374439
BH_s24_medium,17,23,17.766666666666666,1.8410446643829346,1.6750136960123503
BH_s24_medium,17,24,17.8,1.6590160131454468,1.551270065237378
BH_s24_medium,17,25,17.833333333333332,1.4700757265090942,1.4463274648934272
BH_s24_medium,17,26,17.866666666666667,1.2180676460266113,1.3694655081296987
BH_s24_medium,17,27,17.9,0.9029920101165771,1.309350469487126
BH_s24_medium,17,28,17.933333333333334,0.7064834237098694,1.2388097114403802
BH_s24_medium,17,29,17.966666666666665,0.5804794430732727,1.1254288794342666
BH_s24_medium,17,30,18.0,0.45447543263435364,0.9445447615627395
BH_s24_medium,17,31,18.033333333333335,0.32847142219543457,0.6904100960113764
BH_s24_medium,17,32,18.066666666666666,0.08442553132772446,0.3812529029560459
BH_s24_medium,17,33,18.1,-0.04144717752933502,0.055566395454894765
BH_s24_medium,17,34,18.133333333333333,-0.23038753867149353,-0.23945098676615362
BH_s24_medium,17,35,18.166666666666668,-0.3647475242614746,-0.46291680979806765
BH_s24_medium,17,36,18.2,-0.4907515347003937,-0.5931805027555028
BH_s24_medium,17,37,18.233333333333334,-0.6167555451393127,-0.6340884327210655
BH_s24_medium,17,38,18.266666666666666,-0.6885730624198914,-0.6122738268283487
BH_s24_medium,17,39,18.3,-0.7516407370567322,-0.5662489828643242
BH_s24_medium,17,40,18.333333333333332,-0.8147083520889282,-0.5314294217651804
BH_s24_medium,17,41,18.366666666666667,-0.8685009479522705,-0.526951725980012
BH_s24_medium,17,42,18.4,-0.877776026725769,-0.5490939569989708
BH_s24_medium,17,43,18.433333333333334,-0.9408436417579651,-0.5735692074426374
BH_s24_medium,17,44,18.466666666666665,-0.9942423701286316,-0.5664048218205441
BH_s24_medium,17,45,18.5,-0.8875762224197388,-0.4999646017083151
BH_s24_medium,17,46,18.533333333333335,-0.42289239168167114,-0.3671585288098176
BH_s24_medium,17,47,18.566666666666666,0.386267751455307,-0.18655812380844272
BH_s24_medium,17,48,18.6,1.2053594589233398,0.004019143194787389
BH_s24_medium,17,49,18.633333333333333,1.6242791414260864,0.16184713040002008
BH_s24_medium,17,50,18.666666666666668,1.5923190116882324,0.2552402164952874
BH_s24_medium,17,51,18.7,1.4138352870941162,0.2750188250186957
BH_s24_medium,17,52,18.733333333333334,1.1618273258209229,0.2367284388385905
BH_s24_medium,17,53,18.766666666666666,0.9098193049430847,0.1721435811304429
BH_s24_medium,17,54,18.8,0.6578112840652466,0.11397857912794691
BH_s24_medium,17,55,18.833333333333332,0.46887093782424927,0.08144214518933716
BH_s24_medium,17,56,18.866666666666667,0.3835769593715668,0.07310683685052274
BH_s24_medium,17,57,18.9,0.32050931453704834,0.06923847869273408
BH_s24_medium,17,58,18.933333333333334,0.2058810591697693,0.041675169867365414
BH_s24_medium,17,59,18.966666666666665,0.07987704873085022,-0.033067576601280575
BH_s24_medium,17,60,19.0,-0.04612695425748825,-0.1625292993551823
BH_s24_medium,17,61,19.033333333333335,-0.23519860208034515,-0.33306640848745617
BH_s24_medium,17,62,19.066666666666666,-0.41223806142807007,-0.5125876449246258
BH_s24_medium,17,63,19.1,-0.5502742528915405,-0.6601800059579171
BH_s24_medium,17,64,19.133333333333333,-0.6255053877830505,-0.738781603759543
BH_s24_medium,17,65,19.166666666666668,-0.7392145991325378,-0.7260065979028889
BH_s24_medium,17,66,19.2,-0.7516407370567322,-0.6195641038493162
BH_s24_medium,17,67,19.233333333333334,-0.8147083520889282,-0.4364059962198741
BH_s24_medium,17,68,19.266666666666666,-0.8649560213088989,-0.20709949131159536
BH_s24_medium,17,69,19.3,-0.877776026725769,0.032150571782126415
BH_s24_medium,17,70,19.333333333333332,-0.9277610778808594,0.24785560316759736
BH_s24_medium,17,71,19.366666666666667,-0.9408436417579651,0.416518762846189
BH_s24_medium,17,72,19.4,-0.9408436417579651,0.5291062336559854
BH_s24_medium,17,73,19.433333333333334,-0.6794111728668213,0.590970861573013
BH_s24_medium,17,74,19.466666666666665,0.04965997859835625,0.6169007285406071
BH_s24_medium,17,75,19.5,1.0304765701293945,0.6232528243615024
BH_s24_medium,17,76,19.533333333333335,1.8278489112854004,0.620778349567823
BH_s24_medium,17,77,19.566666666666666,2.072401762008667,0.6114906868956543
BH_s24_medium,17,78,19.6,1.9885339736938477,0.5906498711034983
BH_s24_medium,17,79,19.633333333333333,1.848397135734558,0.5521561704961084
BH_s24_medium,17,80,19.666666666666668,1.6593254804611206,0.494107951655789
BH_s24_medium,17,81,19.7,1.421712875366211,0.4214912931896128
BH_s24_medium,17,82,19.733333333333334,1.1212953329086304,0.3445188617829999
BH_s24_medium,17,83,19.766666666666666,0.8546292781829834,0.2733090822914425
BH_s24_medium,17,84,19.8,0.6507682204246521,0.21151309538048071
BH_s24_medium,17,85,19.833333333333332,0.5247642397880554,0.15226287577109368
BH_s24_medium,17,86,19.866666666666667,0.39876022934913635,0.07897635045697134
BH_s24_medium,17,87,19.9,0.20968855917453766,-0.028547083214893763
BH_s24_medium,17,88,19.933333333333334,0.020616911351680756,-0.18476301607368284
BH_s24_medium,17,89,19.966666666666665,-0.16845473647117615,-0.3894778953581433
BH_s24_medium,17,90,20.0,-0.35752639174461365,-0.623326486007781
BH_s24_medium,17,91,20.033333333333335,-0.4835304021835327,-0.850264240918829
BH_s24_medium,17,92,20.066666666666666,-0.6095343828201294,-1.0272739087840113
BH_s24_medium,17,93,20.1,-0.6885730624198914,-1.1180886287570615
BH_s24_medium,17,94,20.133333333333333,-0.7984747886657715,-1.1047014694454587
BH_s24_medium,17,95,20.166666666666668,-0.8614110946655273,-0.9910317012515144
BH_s24_medium,17,96,20.2,-0.924347460269928,-0.7982872246998244
BH_s24_medium,17,97,20.233333333333334,-0.9408436417579651,-0.5564653035129814
BH_s24_medium,17,98,20.266666666666666,-0.9871525168418884,-0.2965901489288567
BH_s24_medium,17,99,20.3,-1.0039112567901611,-0.04553406353975591
BH_s24_medium,17,100,20.333333333333332,-1.0039112567901611,0.1766379238385599
BH_s24_medium,17,101,20.366666666666667,-1.066978931427002,0.35735021846824366
BH_s24_medium,17,102,20.4,-1.066978931427002,0.4908903495983263
BH_s24_medium,17,103,20.433333333333334,-0.9300217628479004,0.5772510564070414
BH_s24_medium,17,104,20.466666666666665,-0.3523787260055542,0.6211352814040265
BH_s24_medium,17,105,20.5,0.6028823852539062,0.6311879912258133
BH_s24_medium,17,106,20.533333333333335,1.6464014053344727,0.6186084713291556
BH_s24_medium,17,107,20.566666666666666,2.221785068511963,0.5945110243517645
BH_s24_medium,17,108,20.6,2.275606393814087,0.5671262523604073
BH_s24_medium,17,109,20.633333333333333,2.1676740646362305,0.5408024872010171
BH_s24_medium,17,110,20.666666666666668,1.9786025285720825,0.5170732695640664
BH_s24_medium,17,111,20.7,1.807996392250061,0.4959181403533291
BH_s24_medium,17,112,20.733333333333334,1.4929207563400269,0.4754011113982742
BH_s24_medium,17,113,20.766666666666666,1.1335055828094482,0.44976319847958196
BH_s24_medium,17,114,20.8,0.8627694249153137,0.40786616730062697
BH_s24_medium,17,115,20.833333333333332,0.7179059982299805,0.3342610298937231
BH_s24_medium,17,116,20.866666666666667,0.5479563474655151,0.21380145801034994
BH_s24_medium,17,117,20.9,0.3590160310268402,0.0385764993978016
BH_s24_medium,17,118,20.933333333333334,0.1700756549835205,-0.18571038476014343
BH_s24_medium,17,119,20.966666666666665,-0.018864702433347702,-0.4372652371469714
BH_s24_medium,17,120,21.0,-0.2078050673007965,-0.6819413792746183
BH_s24_medium,17,121,21.033333333333335,-0.3967454135417938,-0.8826055178865745
BH_s24_medium,17,122,21.066666666666666,-0.542527973651886,-1.0098521864831806
BH_s24_medium,17,123,21.1,-0.6685319542884827,-1.048618362439843
BH_s24_medium,17,124,21.133333333333333,-0.7314683198928833,-0.9984204520362157
BH_s24_medium,17,125,21.166666666666668,-0.7944046854972839,-0.8694888257936713
BH_s24_medium,17,126,21.2,-0.8573409914970398,-0.6789210891348997
BH_s24_medium,17,127,21.233333333333334,-0.9202773571014404,-0.4489723134869637
BH_s24_medium,17,128,21.266666666666666,-0.9832137227058411,-0.20583222876740578
BH_s24_medium,17,129,21.3,-1.0039112567901611,0.024001913516883813
BH_s24_medium,17,130,21.333333333333332,-1.0039112567901611,0.2195182440910003
BH_s24_medium,17,131,21.366666666666667,-1.066978931427002,0.36963868135078554
BH_s24_medium,17,132,21.4,-1.066978931427002,0.47363499914729024
BH_s24_medium,17,133,21.433333333333334,-0.8787704706192017,0.5379259744299613
BH_s24_medium,17,134,21.466666666666665,-0.20829395949840546,0.5714310693044234
BH_s24_medium,17,135,21.5,0.7566360831260681,0.5816147046379999
BH_s24_medium,17,136,21.533333333333335,1.7036453485488892,0.5726162927438937
BH_s24_medium,17,137,21.566666666666666,2.1687803268432617,0.5458805654893024
BH_s24_medium,17,138,21.6,2.1714816093444824,0.5025868349820226
BH_s24_medium,17,139,21.633333333333333,1.982409954071045,0.44619994218235004
BH_s24_medium,17,140,21.666666666666668,1.815611481666565,0.3831359243165824
BH_s24_medium,17,141,21.7,1.563603401184082,0.32051124369546447
BH_s24_medium,17,142,21.733333333333334,1.2710634469985962,0.262064255832287
BH_s24_medium,17,143,21.766666666666666,0.9561191201210022,0.20493677249838035
BH_s24_medium,17,144,21.8,0.7445117831230164,0.13964983206391873
BH_s24_medium,17,145,21.833333333333332,0.595709502696991,0.05377235524873593
BH_s24_medium,17,146,21.866666666666667,0.4697054624557495,-0.06215672265413443
BH_s24_medium,17,147,21.9,0.3038259744644165,-0.20896011436472192
BH_s24_medium,17,148,21.933333333333334,0.114885613322258,-0.37578435278030914
BH_s24_medium,17,149,21.966666666666665,-0.07405474036931992,-0.5410503174058928
BH_s24_medium,17,150,22.0,-0.2629950940608978,-0.677361672672658
BH_s24_medium,17,151,22.033333333333335,-0.41258513927459717,-0.7588734884569432
BH_s24_medium,17,152,22.066666666666666,-0.5385891199111938,-0.7684909762899513
BH_s24_medium,17,153,22.1,-0.6645931601524353,-0.7023024423361407
BH_s24_medium,17,154,22.133333333333333,-0.7275295257568359,-0.5700808240486287
BH_s24_medium,17,155,22.166666666666668,-0.7904658317565918,-0.39230846494350313
BH_s24_medium,17,156,22.2,-0.8534021973609924,-0.19488723905581393
BH_s24_medium,17,157,22.233333333333334,-0.877776026725769,-0.0029495930474274933
BH_s24_medium,17,158,22.266666666666666,-0.9408436417579651,0.16438674353977703
BH_s24_medium,17,159,22.3,-0.9791436195373535,0.2965100892649702
BH_s24_medium,17,160,22.333333333333332,-1.0039112567901611,0.390421659473971
BH_s24_medium,17,161,22.366666666666667,-0.927836537361145,0.44760401510643066
BH_s24_medium,17,162,22.4,-0.3350012004375458,0.4709816632845348
BH_s24_medium,17,163,22.433333333333334,0.4965724050998688,0.46394216662108667
BH_s24_medium,17,164,22.466666666666665,1.3662497997283936,0.43155135082999374
BH_s24_medium,17,165,22.5,1.7455097436904907,0.38231013288265275
BH_s24_medium,17,166,22.533333333333335,1.7336843013763428,0.32849199715383326
BH_s24_medium,17,167,22.566666666666666,1.5073630809783936,0.28411103937437576
BH_s24_medium,17,168,22.6,1.2553550004959106,0.2609269503493281
BH_s24_medium,17,169,22.633333333333333,0.9663599729537964,0.263865487016341
BH_s24_medium,17,170,22.666666666666668,0.6882713437080383,0.2875269545312511
BH_s24_medium,17,171,22.7,0.4729878008365631,0.3152160757933852
BH_s24_medium,17,172,22.733333333333334,0.3835769593715668,0.3214159658953372
BH_s24_medium,17,173,22.766666666666666,0.32050931453704834,0.27790366897055147
BH_s24_medium,17,174,22.8,0.22111108899116516,0.162694509026528
BH_s24_medium,17,175,22.833333333333332,0.06823872029781342,-0.030319714548617357
BH_s24_medium,17,176,22.866666666666667,-0.09396456182003021,-0.2844660759452045
BH_s24_medium,17,177,22.9,-0.3189729154109955,-0.5599417780571704
BH_s24_medium,17,178,22.933333333333334,-0.472107857465744,-0.8023755162784096
BH_s24_medium,17,179,22.966666666666665,-0.5981118679046631,-0.958847145987589
BH_s24_medium,17,180,23.0,-0.7241158485412598,-0.9951734712391734
BH_s24_medium,17,181,23.033333333333335,-0.7870522141456604,-0.9065170574036957
BH_s24_medium,17,182,23.066666666666666,-0.8147083520889282,-0.716919821341763
BH_s24_medium,17,183,23.1,-0.877776026725769,-0.469273669742489
BH_s24_medium,17,184,23.133333333333333,-0.9127936363220215,-0.21114835877963284
BH_s24_medium,17,185,23.166666666666668,-0.9408436417579651,0.017708972957980157
BH_s24_medium,17,186,23.2,-0.9755986928939819,0.1926257921911492
BH_s24_medium,17,187,23.233333333333334,-1.0039112567901611,0.30537165686936435
BH_s24_medium,17,188,23.266666666666666,-1.066978931427002,0.3610180126327688
BH_s24_medium,17,189,23.3,-0.9008278250694275,0.3725146243946651
BH_s24_medium,17,190,23.333333333333332,-0.2597609758377075,0.35527871395179544
BH_s24_medium,17,191,23.366666666666667,0.7245627641677856,0.323431259214437
BH_s24_medium,17,192,23.4,1.7225984334945679,0.2880908912951145
BH_s24_medium,17,193,23.433333333333334,2.2171430587768555,0.2571426824788105
BH_s24_medium,17,194,23.466666666666665,2.1788339614868164,0.23571950461947141
BH_s24_medium,17,195,23.5,2.019256591796875,0.22689739413597906
BH_s24_medium,17,196,23.533333333333335,1.800690770149231,0.23224646348583575
BH_s24_medium,17,197,23.566666666666666,1.578308343887329,0.25194347439726406
BH_s24_medium,17,198,23.6,1.2632325887680054,0.2843786264094636
BH_s24_medium,17,199,23.633333333333333,0.948157012462616,0.3254842939994655
BH_s24_medium,17,200,23.666666666666668,0.6961489915847778,0.3681707330494203
BH_s24_medium,17,201,23.7,0.5399942398071289,0.40222287400087675
BH_s24_medium,17,202,23.733333333333334,0.4139902591705322,0.4148969616660282
BH_s24_medium,17,203,23.766666666666666,0.255463182926178,0.3924507857548747
BH_s24_medium,17,204,23.8,0.035846952348947525,0.3229075353635569
BH_s24_medium,17,205,23.833333333333332,-0.15322470664978027,0.200006410760521
BH_s24_medium,17,206,23.866666666666667,-0.3744255304336548,0.027325330285434653
BH_s24_medium,17,207,23.9,-0.5313680171966553,-0.17933987194899662
BH_s24_medium,17,208,23.933333333333334,-0.657371997833252,-0.3932071595924246
BH_s24_medium,17,209,23.966666666666665,-0.7516407370567322,-0.5819603531127119
BH_s24_medium,17,210,24.0,-0.8147083520889282,-0.716027381361154
BH_s24_medium,17,211,24.033333333333335,-0.9092487096786499,-0.7765821295763871
BH_s24_medium,17,212,24.066666666666666,-0.9408436417579651,-0.7598841053968399
BH_s24_medium,17,213,24.1,-1.0039112567901611,-0.6763590750790721
BH_s24_medium,17,214,24.133333333333333,-1.0349901914596558,-0.545870833154222
BH_s24_medium,17,215,24.166666666666668,-1.066978931427002,-0.39223124486839034
BH_s24_medium,17,216,24.2,-1.1300466060638428,-0.2386464982808332
BH_s24_medium,17,217,24.233333333333334,-1.1300466060638428,-0.1038372750418793
BH_s24_medium,17,218,24.266666666666666,-1.1300466060638428,0.0013929291268448517
BH_s24_medium,17,219,24.3,-1.1300466060638428,0.07608501887223959
BH_s24_medium,17,220,24.333333333333332,-0.9761057496070862,0.12802602027232354
BH_s24_medium,17,221,24.366666666666667,-0.25809189677238464,0.16921717794011035
BH_s24_medium,17,222,24.4,0.7799686193466187,0.20955057865214802
BH_s24_medium,17,223,24.433333333333334,1.8243130445480347,0.25175841903095525
BH_s24_medium,17,224,24.466666666666665,2.3351383209228516,0.2902598527450323
BH_s24_medium,17,225,24.5,2.309039354324341,0.31448459170465964
BH_s24_medium,17,226,24.533333333333335,2.1199679374694824,0.31483427931184976
BH_s24_medium,17,227,24.566666666666666,1.9015241861343384,0.2880168368649616
BH_s24_medium,17,228,24.6,1.6833430528640747,0.23890287546999708
BH_s24_medium,17,229,24.633333333333333,1.368398666381836,0.17815252237930196
BH_s24_medium,17,230,24.666666666666668,1.0534542798995972,0.117452535829536
BH_s24_medium,17,231,24.7,0.767356812953949,0.06538221448471243
BH_s24_medium,17,232,24.733333333333334,0.6071320176124573,0.025785793138701142
BH_s24_medium,17,233,24.766666666666666,0.4811280071735382,-0.0015040021083061296
BH_s24_medium,17,234,24.8,0.2920563519001007,-0.018834535130865446
BH_s24_medium,17,235,24.833333333333332,0.10298469662666321,-0.028973281751056602
BH_s24_medium,17,236,24.866666666666667,-0.11427733302116394,-0.03405658172241658
BH_s24_medium,17,237,24.9,-0.3382262587547302,-0.0353268063509419
BH_s24_medium,17,238,24.933333333333334,-0.5272979140281677,-0.03337609610551979
BH_s24_medium,17,239,24.966666666666665,-0.6533018946647644,-0.02850856713866381
BH_s24_medium,18,0,18.0,0.45447543263435364,-0.10514176498556524
BH_s24_medium,18,1,18.033333333333335,0.32847142219543457,-2.6601499661907737
BH_s24_medium,18,2,18.066666666666666,0.08442553132772446,-4.841753513206804
BH_s24_medium,18,3,18.1,-0.04144717752933502,-6.363368666449666
BH_s24_medium,18,4,18.133333333333333,-0.23038753867149353,-7.083305528895616
BH_s24_medium,18,5,18.166666666666668,-0.3647475242614746,-7.024038672439556
BH_s24_medium,18,6,18.2,-0.4907515347003937,-6.343290317046211
BH_s24_medium,18,7,18.233333333333334,-0.6167555451393127,-5.273875894069546
BH_s24_medium,18,8,18.266666666666666,-0.6885730624198914,-4.057312953548036
BH_s24_medium,18,9,18.3,-0.7516407370567322,-2.890448591648269
BH_s24_medium,18,10,18.333333333333332,-0.8147083520889282,-1.8957565339601075
BH_s24_medium,18,11,18.366666666666667,-0.8685009479522705,-1.1176459489763664
BH_s24_medium,18,12,18.4,-0.877776026725769,-0.5390369823596048
BH_s24_medium,18,13,18.433333333333334,-0.9408436417579651,-0.10759455731547204
BH_s24_medium,18,14,18.466666666666665,-0.9942423701286316,0.23831253605810346
BH_s24_medium,18,15,18.5,-0.8875762224197388,0.5497667080128079
BH_s24_medium,18,16,18.533333333333335,-0.42289239168167114,0.855504282243246
BH_s24_medium,18,17,18.566666666666666,0.386267751455307,1.1581323099975425
BH_s24_medium,18,18,18.6,1.2053594589233398,1.4379571807102074
BH_s24_medium,18,19,18.633333333333333,1.6242791414260864,1.6635057786842131
BH_s24_medium,18,20,18.666666666666668,1.5923190116882324,1.8059106964254772
BH_s24_medium,18,21,18.7,1.4138352870941162,1.8519462175801877
BH_s24_medium,18,22,18.733333333333334,1.1618273258209229,1.8097938202888573
BH_s24_medium,18,23,18.766666666666666,0.9098193049430847,1.7044281347928034
BH_s24_medium,18,24,18.8,0.6578112840652466,1.5652559808366255
BH_s24_medium,18,25,18.833333333333332,0.46887093782424927,1.4130619277399374
BH_s24_medium,18,26,18.866666666666667,0.3835769593715668,1.2528841102050585
BH_s24_medium,18,27,18.9,0.32050931453704834,1.075500812060393
BH_s24_medium,18,28,18.933333333333334,0.2058810591697693,0.8660160158269655
BH_s24_medium,18,29,18.966666666666665,0.07987704873085022,0.6152141404090141
BH_s24_medium,18,30,19.0,-0.04612695425748825,0.3283984638625524
BH_s24_medium,18,31,19.033333333333335,-0.23519860208034515,0.027645675537114233
BH_s24_medium,18,32,19.066666666666666,-0.41223806142807007,-0.25352492503197893
BH_s24_medium,18,33,19.1,-0.5502742528915405,-0.48048903650894864
BH_s24_medium,18,34,19.133333333333333,-0.6255053877830505,-0.6279701580205068
BH_s24_medium,18,35,19.166666666666668,-0.7392145991325378,-0.6861563256824472
BH_s24_medium,18,36,19.2,-0.7516407370567322,-0.6610842095242121
BH_s24_medium,18,37,19.233333333333334,-0.8147083520889282,-0.5710221061356369
BH_s24_medium,18,38,19.266666666666666,-0.8649560213088989,-0.4414195717486072
BH_s24_medium,18,39,19.3,-0.877776026725769,-0.2998153920993422
BH_s24_medium,18,40,19.333333333333332,-0.9277610778808594,-0.17071222951558354
BH_s24_medium,18,41,19.366666666666667,-0.9408436417579651,-0.07045666222526523
BH_s24_medium,18,42,19.4,-0.9408436417579651,-0.003673625728373979
BH_s24_medium,18,43,19.433333333333334,-0.6794111728668213,0.03638521631668648
BH_s24_medium,18,44,19.466666666666665,0.04965997859835625,0.06286467381385984
BH_s24_medium,18,45,19.5,1.0304765701293945,0.08789350239831854
BH_s24_medium,18,46,19.533333333333335,1.8278489112854004,0.11667549707744065
BH_s24_medium,18,47,19.566666666666666,2.072401762008667,0.14619591275588684
BH_s24_medium,18,48,19.6,1.9885339736938477,0.16866683508487054
BH_s24_medium,18,49,19.633333333333333,1.848397135734558,0.17706161413527202
BH_s24_medium,18,50,19.666666666666668,1.6593254804611206,0.16954020514952547
BH_s24_medium,18,51,19.7,1.421712875366211,0.15073725297284832
BH_s24_medium,18,52,19.733333333333334,1.1212953329086304,0.12937560541271645
BH_s24_medium,18,53,19.766666666666666,0.8546292781829834,0.11309955062473971
BH_s24_medium,18,54,19.8,0.6507682204246521,0.10274723305685343
BH_s24_medium,18,55,19.833333333333332,0.5247642397880554,0.0889289137685905
BH_s24_medium,18,56,19.866666666666667,0.39876022934913635,0.05318960221884075
BH_s24_medium,18,57,19.9,0.20968855917453766,-0.025721124887973113
BH_s24_medium,18,58,19.933333333333334,0.020616911351680756,-0.16223656590064967
BH_s24_medium,18,59,19.966666666666665,-0.16845473647117615,-0.35462458448645107
BH_s24_medium,18,60,20.0,-0.35752639174461365,-0.5800555737254487
BH_s24_medium,18,61,20.033333333333335,-0.4835304021835327,-0.7972101414319177
BH_s24_medium,18,62,20.066666666666666,-0.6095343828201294,-0.9570362569440275
BH_s24_medium,18,63,20.1,-0.6885730624198914,-1.0184962589403777
BH_s24_medium,18,64,20.133333333333333,-0.7984747886657715,-0.9625967772430265
BH_s24_medium,18,65,20.166666666666668,-0.8614110946655273,-0.7979714946492378
BH_s24_medium,18,66,20.2,-0.924347460269928,-0.5560552300565318
BH_s24_medium,18,67,20.233333333333334,-0.9408436417579651,-0.27950455225777343
BH_s24_medium,18,68,20.266666666666666,-0.9871525168418884,-0.009607499715993718
BH_s24_medium,18,69,20.3,-1.0039112567901611,0.22291871290646825
BH_s24_medium,18,70,20.333333333333332,-1.0039112567901611,0.40183509132590045
BH_s24_medium,18,71,20.366666666666667,-1.066978931427002,0.5243281920113693
BH_s24_medium,18,72,20.4,-1.066978931427002,0.596802607010512
BH_s24_medium,18,73,20.433333333333334,-0.9300217628479004,0.629922195457743
BH_s24_medium,18,74,20.466666666666665,-0.3523787260055542,0.6350235048287995
BH_s24_medium,18,75,20.5,0.6028823852539062,0.6226749348410849
BH_s24_medium,18,76,20.533333333333335,1.6464014053344727,0.6022750867632501
BH_s24_medium,18,77,20.566666666666666,2.221785068511963,0.581091925078206
BH_s24_medium,18,78,20.6,2.275606393814087,0.5628191841342877
BH_s24_medium,18,79,20.633333333333333,2.1676740646362305,0.5471442715761714
BH_s24_medium,18,80,20.666666666666668,1.9786025285720825,0.5308728009935292
BH_s24_medium,18,81,20.7,1.807996392250061,0.5094194126672441
BH_s24_medium,18,82,20.733333333333334,1.4929207563400269,0.47730420466964557
BH_s24_medium,18,83,20.766666666666666,1.1335055828094482,0.4275666555005453
BH_s24_medium,18,84,20.8,0.8627694249153137,0.3513048276510304
BH_s24_medium,18,85,20.833333333333332,0.7179059982299805,0.23885922291186032
BH_s24_medium,18,86,20.866666666666667,0.5479563474655151,0.08325497387367942
BH_s24_medium,18,87,20.9,0.3590160310268402,-0.11500674686142781
BH_s24_medium,18,88,20.933333333333334,0.1700756549835205,-0.3439664738577505
BH_s24_medium,18,89,20.966666666666665,-0.018864702433347702,-0.5796171098944354
BH_s24_medium,18,90,21.0,-0.2078050673007965,-0.7904587206968494
BH_s24_medium,18,91,21.033333333333335,-0.3967454135417938,-0.9463499862933822
BH_s24_medium,18,92,21.066666666666666,-0.542527973651886,-1.0274087234606633
BH_s24_medium,18,93,21.1,-0.6685319542884827,-1.0279058192609989
BH_s24_medium,18,94,21.133333333333333,-0.7314683198928833,-0.9537023772250377
BH_s24_medium,18,95,21.166666666666668,-0.7944046854972839,-0.8165935271614736
BH_s24_medium,18,96,21.2,-0.8573409914970398,-0.6305410718942276
BH_s24_medium,18,97,21.233333333333334,-0.9202773571014404,-0.4119323260706793
BH_s24_medium,18,98,21.266666666666666,-0.9832137227058411,-0.18112696959783584
BH_s24_medium,18,99,21.3,-1.0039112567901611,0.03913124271247598
BH_s24_medium,18,100,21.333333333333332,-1.0039112567901611,0.2290116393610542
BH_s24_medium,18,101,21.366666666666667,-1.066978931427002,0.3768067096882753
BH_s24_medium,18,102,21.4,-1.066978931427002,0.4805783111310298
BH_s24_medium,18,103,21.433333333333334,-0.8787704706192017,0.5459640668552405
BH_s24_medium,18,104,21.466666666666665,-0.20829395949840546,0.5819111858191697
BH_s24_medium,18,105,21.5,0.7566360831260681,0.5963730288416043
BH_s24_medium,18,106,21.533333333333335,1.7036453485488892,0.5935966101935837
BH_s24_medium,18,107,21.566666666666666,2.1687803268432617,0.5739397822983836
BH_s24_medium,18,108,21.6,2.1714816093444824,0.5361456357143086
BH_s24_medium,18,109,21.633333333333333,1.982409954071045,0.4807377894768892
BH_s24_medium,18,110,21.666666666666668,1.815611481666565,0.41221361670485546
BH_s24_medium,18,111,21.7,1.563603401184082,0.33812747849118907
BH_s24_medium,18,112,21.733333333333334,1.2710634469985962,0.265279945964313
BH_s24_medium,18,113,21.766666666666666,0.9561191201210022,0.19541846080319633
BH_s24_medium,18,114,21.8,0.7445117831230164,0.12330812570022985
BH_s24_medium,18,115,21.833333333333332,0.595709502696991,0.03865846488930496
BH_s24_medium,18,116,21.866666666666667,0.4697054624557495,-0.06874703567177917
BH_s24_medium,18,117,21.9,0.3038259744644165,-0.20303801497329693
BH_s24_medium,18,118,21.933333333333334,0.114885613322258,-0.35807305682357277
BH_s24_medium,18,119,21.966666666666665,-0.07405474036931992,-0.5169902962504794
BH_s24_medium,18,120,22.0,-0.2629950940608978,-0.6559120223607736
BH_s24_medium,18,121,22.033333333333335,-0.41258513927459717,-0.7504852626630122
BH_s24_medium,18,122,22.066666666666666,-0.5385891199111938,-0.782578713307119
BH_s24_medium,18,123,22.1,-0.6645931601524353,-0.7444988836654941
BH_s24_medium,18,124,22.133333333333333,-0.7275295257568359,-0.6397589865644924
BH_s24_medium,18,125,22.166666666666668,-0.7904658317565918,-0.4812141786723212
BH_s24_medium,18,126,22.2,-0.8534021973609924,-0.28785094900578656
BH_s24_medium,18,127,22.233333333333334,-0.877776026725769,-0.08114977216491104
BH_s24_medium,18,128,22.266666666666666,-0.9408436417579651,0.11826678630200964
BH_s24_medium,18,129,22.3,-0.9791436195373535,0.2930184745747238
BH_s24_medium,18,130,22.333333333333332,-1.0039112567901611,0.430001321263975
BH_s24_medium,18,131,22.366666666666667,-0.927836537361145,0.5204037696110667
BH_s24_medium,18,132,22.4,-0.3350012004375458,0.5597764857392701
BH_s24_medium,18,133,22.433333333333334,0.4965724050998688,0.5490544685241355
BH_s24_medium,18,134,22.466666666666665,1.3662497997283936,0.4960778691083428
BH_s24_medium,18,135,22.5,1.7455097436904907,0.4159801727775685
BH_s24_medium,18,136,22.533333333333335,1.7336843013763428,0.3291134605386183
BH_s24_medium,18,137,22.566666666666666,1.5073630809783936,0.2565506036708551
BH_s24_medium,18,138,22.6,1.2553550004959106,0.2144726499489679
BH_s24_medium,18,139,22.633333333333333,0.9663599729537964,0.20922557792807922
BH_s24_medium,18,140,22.666666666666668,0.6882713437080383,0.23448662337549517
BH_s24_medium,18,141,22.7,0.4729878008365631,0.2713728700840781
BH_s24_medium,18,142,22.733333333333334,0.3835769593715668,0.29191264479671186
BH_s24_medium,18,143,22.766666666666666,0.32050931453704834,0.26584980846781614
BH_s24_medium,18,144,22.8,0.22111108899116516,0.16985242512428383
BH_s24_medium,18,145,22.833333333333332,0.06823872029781342,-0.0031206172678230554
BH_s24_medium,18,146,22.866666666666667,-0.09396456182003021,-0.23770748681696663
BH_s24_medium,18,147,22.9,-0.3189729154109955,-0.4967455285943084
BH_s24_medium,18,148,22.933333333333334,-0.472107857465744,-0.7301844228410455
BH_s24_medium,18,149,22.966666666666665,-0.5981118679046631,-0.8901280433173012
BH_s24_medium,18,150,23.0,-0.7241158485412598,-0.9458047926146956
BH_s24_medium,18,151,23.033333333333335,-0.7870522141456604,-0.8915797014253772
BH_s24_medium,18,152,23.066666666666666,-0.8147083520889282,-0.74529976797561
BH_s24_medium,18,153,23.1,-0.877776026725769,-0.5395800523590797
BH_s24_medium,18,154,23.133333333333333,-0.9127936363220215,-0.3108445136260187
BH_s24_medium,18,155,23.166666666666668,-0.9408436417579651,-0.09014901437831273
BH_s24_medium,18,156,23.2,-0.9755986928939819,0.10191123239342595
BH_s24_medium,18,157,23.233333333333334,-1.0039112567901611,0.25570151544470776
BH_s24_medium,18,158,23.266666666666666,-1.066978931427002,0.36959439827545665
BH_s24_medium,18,159,23.3,-0.9008278250694275,0.44574811778919227
BH_s24_medium,18,160,23.333333333333332,-0.2597609758377075,0.486850554847557
BH_s24_medium,18,161,23.366666666666667,0.7245627641677856,0.49512454371947456
BH_s24_medium,18,162,23.4,1.7225984334945679,0.47342747181628664
BH_s24_medium,18,163,23.433333333333334,2.2171430587768555,0.4271315925671017
BH_s24_medium,18,164,23.466666666666665,2.1788339614868164,0.3652648899286159
BH_s24_medium,18,165,23.5,2.019256591796875,0.30001892137235964
BH_s24_medium,18,166,23.533333333333335,1.800690770149231,0.24465435394637475
BH_s24_medium,18,167,23.566666666666666,1.578308343887329,0.21052940309087761
BH_s24_medium,18,168,23.6,1.2632325887680054,0.20417425111449294
BH_s24_medium,18,169,23.633333333333333,0.948157012462616,0.22516839432846383
BH_s24_medium,18,170,23.666666666666668,0.6961489915847778,0.2653165827011299
BH_s24_medium,18,171,23.7,0.5399942398071289,0.3093744723766916
BH_s24_medium,18,172,23.733333333333334,0.4139902591705322,0.3373466208252402
BH_s24_medium,18,173,23.766666666666666,0.255463182926178,0.3281586106486711
BH_s24_medium,18,174,23.8,0.035846952348947525,0.2642681228937174
BH_s24_medium,18,175,23.833333333333332,-0.15322470664978027,0.1364868793662025
BH_s24_medium,18,176,23.866666666666667,-0.3744255304336548,-0.05205014328912882
BH_s24_medium,18,177,23.9,-0.5313680171966553,-0.2840998683163825
BH_s24_medium,18,178,23.933333333333334,-0.657371997833252,-0.5299635097711991
BH_s24_medium,18,179,23.966666666666665,-0.7516407370567322,-0.7529849760291972
BH_s24_medium,18,180,24.0,-0.8147083520889282,-0.9177145173962811
BH_s24_medium,18,181,24.033333333333335,-0.9092487096786499,-0.9981097359206089
BH_s24_medium,18,182,24.066666666666666,-0.9408436417579651,-0.9829062305540502
BH_s24_medium,18,183,24.1,-1.0039112567901611,-0.876693025885308
BH_s24_medium,18,184,24.133333333333333,-1.0349901914596558,-0.6974969499489018
BH_s24_medium,18,185,24.166666666666668,-1.066978931427002,-0.4727027762963128
BH_s24_medium,18,186,24.2,-1.1300466060638428,-0.23400830694580677
BH_s24_medium,18,187,24.233333333333334,-1.1300466060638428,-0.01117556981138133
BH_s24_medium,18,188,24.266666666666666,-1.1300466060638428,0.17442384739308964
BH_s24_medium,18,189,24.3,-1.1300466060638428,0.3138550594540818
BH_s24_medium,18,190,24.333333333333332,-0.9761057496070862,0.4101264342448119
BH_s24_medium,18,191,24.366666666666667,-0.25809189677238464,0.4733424172564627
BH_s24_medium,18,192,24.4,0.7799686193466187,0.5140426267880212
BH_s24_medium,18,193,24.433333333333334,1.8243130445480347,0.5381514953315365
BH_s24_medium,18,194,24.466666666666665,2.3351383209228516,0.545853963121549
BH_s24_medium,18,195,24.5,2.309039354324341,0.5344046468238886
BH_s24_medium,18,196,24.533333333333335,2.1199679374694824,0.5027601888961047
BH_s24_medium,18,197,24.566666666666666,1.9015241861343384,0.4550804948359383
BH_s24_medium,18,198,24.6,1.6833430528640747,0.4009517825821213
BH_s24_medium,18,199,24.633333333333333,1.368398666381836,0.35214854224563813
BH_s24_medium,18,200,24.666666666666668,1.0534542798995972,0.3177496063842421
BH_s24_medium,18,201,24.7,0.767356812953949,0.30015128689482384
BH_s24_medium,18,202,24.733333333333334,0.6071320176124573,0.2935638171625308
BH_s24_medium,18,203,24.766666666666666,0.4811280071735382,0.28515111631029433
BH_s24_medium,18,204,24.8,0.2920563519001007,0.2583264209026625
BH_s24_medium,18,205,24.833333333333332,0.10298469662666321,0.19757150045443597
BH_s24_medium,18,206,24.866666666666667,-0.11427733302116394,0.09377865204489748
BH_s24_medium,18,207,24.9,-0.3382262587547302,-0.05139572812438302
BH_s24_medium,18,208,24.933333333333334,-0.5272979140281677,-0.22385479592000415
BH_s24_medium,18,209,24.966666666666665,-0.6533018946647644,-0.3993425757729997
BH_s24_medium,18,210,25.0,-0.716238260269165,-0.5498475323171543
BH_s24_medium,18,211,25.033333333333335,-0.8147083520889282,-0.6523885475077655
BH_s24_medium,18,212,25.066666666666666,-0.877776026725769,-0.6964681769698704
BH_s24_medium,18,213,25.1,-0.9408436417579651,-0.6863648223681892
BH_s24_medium,18,214,25.133333333333333,-1.0039112567901611,-0.6371271134877401
BH_s24_medium,18,215,25.166666666666668,-1.0039112567901611,-0.5666930591055855
BH_s24_medium,18,216,25.2,-1.066978931427002,-0.4883763496043673
BH_s24_medium,18,217,25.233333333333334,-1.066978931427002,-0.4072362653205061
BH_s24_medium,18,218,25.266666666666666,-1.0935938358306885,-0.3213643154760441
BH_s24_medium,18,219,25.3,-1.1300466060638428,-0.22649360527302698
BH_s24_medium,18,220,25.333333333333332,-1.1300466060638428,-0.12100691178554904
BH_s24_medium,18,221,25.366666666666667,-1.1038256883621216,-0.008768506749116608
BH_s24_medium,18,222,25.4,-0.7473276257514954,0.10128275828214117
BH_s24_medium,18,223,25.433333333333334,0.0867028757929802,0.19812805115284554
BH_s24_medium,18,224,25.466666666666665,1.2208702564239502,0.27254710172460633
BH_s24_medium,18,225,25.5,2.063051462173462,0.32007837685884427
BH_s24_medium,18,226,25.533333333333335,2.3131096363067627,0.3419260101826953
BH_s24_medium,18,227,25.566666666666666,2.161672353744507,0.34367886500733114
BH_s24_medium,18,228,25.6,1.9096643924713135,0.33260240458365276
BH_s24_medium,18,229,25.633333333333333,1.7207239866256714,0.3148152082972783
BH_s24_medium,18,230,25.666666666666668,1.4436765909194946,0.2936895674029857
BH_s24_medium,18,231,25.7,1.1287323236465454,0.27006834893945425
BH_s24_medium,18,232,25.733333333333334,0.8385646343231201,0.243622962252689
BH_s24_medium,18,233,25.766666666666666,0.6742697358131409,0.21404626029804327
BH_s24_medium,18,234,25.8,0.5482657551765442,0.1814516199696901
BH_s24_medium,18,235,25.833333333333332,0.4222617447376251,0.14632517577104692
BH_s24_medium,18,236,25.866666666666667,0.27200618386268616,0.10950000345292442
BH_s24_medium,18,237,25.9,0.04411844164133072,0.07217638019277528
BH_s24_medium,18,238,25.933333333333334,-0.14495320618152618,0.03579687598396506
BH_s24_medium,18,239,25.966666666666665,-0.3340248763561249,0.0017626850989464543
BH_s24_medium,19,0,19.0,-0.04612695425748825,-0.08075247700796848
BH_s24_medium,19,1,19.033333333333335,-0.23519860208034515,-2.7332432581536548
BH_s24_medium,19,2,19.066666666666666,-0.41223806142807007,-4.973896869662681
BH_s24_medium,19,3,19.1,-0.5502742528915405,-6.4912054035075375
BH_s24_medium,19,4,19.133333333333333,-0.6255053877830505,-7.142780107525308
BH_s24_medium,19,5,19.166666666666668,-0.7392145991325378,-6.973408471206288
BH_s24_medium,19,6,19.2,-0.7516407370567322,-6.17534365416931
BH_s24_medium,19,7,19.233333333333334,-0.8147083520889282,-5.013417022081676
BH_s24_medium,19,8,19.266666666666666,-0.8649560213088989,-3.74746465078346
BH_s24_medium,19,9,19.3,-0.877776026725769,-2.576083084653071
BH_s24_medium,19,10,19.333333333333332,-0.9277610778808594,-1.6114394199963449
BH_s24_medium,19,11,19.366666666666667,-0.9408436417579651,-0.8826548542366983
BH_s24_medium,19,12,19.4,-0.9408436417579651,-0.3581535424781032
BH_s24_medium,19,13,19.433333333333334,-0.6794111728668213,0.024388777727841676
BH_s24_medium,19,14,19.466666666666665,0.04965997859835625,0.32992149895726347
BH_s24_medium,19,15,19.5,1.0304765701293945,0.60595438617671
BH_s24_medium,19,16,19.533333333333335,1.8278489112854004,0.8738072214132162
BH_s24_medium,19,17,19.566666666666666,2.072401762008667,1.131092802536093
BH_s24_medium,19,18,19.6,1.9885339736938477,1.3614621163350453
BH_s24_medium,19,19,19.633333333333333,1.848397135734558,1.5456610106131703
BH_s24_medium,19,20,19.666666666666668,1.6593254804611206,1.6695923849288319
BH_s24_medium,19,21,19.7,1.421712875366211,1.7280883273251066
BH_s24_medium,19,22,19.733333333333334,1.1212953329086304,1.7246998459969254
BH_s24_medium,19,23,19.766666666666666,0.8546292781829834,1.668290191709208
BH_s24_medium,19,24,19.8,0.6507682204246521,1.567900397591453
BH_s24_medium,19,25,19.833333333333332,0.5247642397880554,1.4281710032463368
BH_s24_medium,19,26,19.866666666666667,0.39876022934913635,1.2477310033157134
BH_s24_medium,19,27,19.9,0.20968855917453766,1.021874500783537
BH_s24_medium,19,28,19.933333333333334,0.020616911351680756,0.7487371138980145
BH_s24_medium,19,29,19.966666666666665,-0.16845473647117615,0.43617386974382927
BH_s24_medium,19,30,20.0,-0.35752639174461365,0.10579088677870312
BH_s24_medium,19,31,20.033333333333335,-0.4835304021835327,-0.208604064418
BH_s24_medium,19,32,20.066666666666666,-0.6095343828201294,-0.4687305411784143
BH_s24_medium,19,33,20.1,-0.6885730624198914,-0.6432301353816505
BH_s24_medium,19,34,20.133333333333333,-0.7984747886657715,-0.7174419058702095
BH_s24_medium,19,35,20.166666666666668,-0.8614110946655273,-0.6965772187673763
BH_s24_medium,19,36,20.2,-0.924347460269928,-0.601511856740132
BH_s24_medium,19,37,20.233333333333334,-0.9408436417579651,-0.46075725873610357
BH_s24_medium,19,38,20.266666666666666,-0.9871525168418884,-0.30291346945163455
BH_s24_medium,19,39,20.3,-1.0039112567901611,-0.15185171085775848
BH_s24_medium,19,40,20.333333333333332,-1.0039112567901611,-0.02470766495862033
BH_s24_medium,19,41,20.366666666666667,-1.066978931427002,0.06832046766405563
BH_s24_medium,19,42,20.4,-1.066978931427002,0.12345228927289953
BH_s24_medium,19,43,20.433333333333334,-0.9300217628479004,0.14277746975112024
BH_s24_medium,19,44,20.466666666666665,-0.3523787260055542,0.13392438547407737
BH_s24_medium,19,45,20.5,0.6028823852539062,0.10946798238200241
BH_s24_medium,19,46,20.533333333333335,1.6464014053344727,0.08481217613688224
BH_s24_medium,19,47,20.566666666666666,2.221785068511963,0.07390084118879847
BH_s24_medium,19,48,20.6,2.275606393814087,0.08445716070262574
BH_s24_medium,19,49,20.633333333333333,2.1676740646362305,0.11573641656707752
BH_s24_medium,19,50,20.666666666666668,1.9786025285720825,0.15992004182158426
BH_s24_medium,19,51,20.7,1.807996392250061,0.20545945254169118
BH_s24_medium,19,52,20.733333333333334,1.4929207563400269,0.2398931665783917
BH_s24_medium,19,53,20.766666666666666,1.1335055828094482,0.2509475622136011
BH_s24_medium,19,54,20.8,0.8627694249153137,0.22651897072933022
BH_s24_medium,19,55,20.833333333333332,0.7179059982299805,0.15522026939121555
BH_s24_medium,19,56,20.866666666666667,0.5479563474655151,0.028985465677217184
BH_s24_medium,19,57,20.9,0.3590160310268402,-0.15218261333001792
BH_s24_medium,19,58,20.933333333333334,0.1700756549835205,-0.3751923079425002
BH_s24_medium,19,59,20.966666666666665,-0.018864702433347702,-0.611868499566329
BH_s24_medium,19,60,21.0,-0.2078050673007965,-0.8229924908037629
BH_s24_medium,19,61,21.033333333333335,-0.3967454135417938,-0.9685020130930798
BH_s24_medium,19,62,21.066666666666666,-0.542527973651886,-1.0195937731995337
BH_s24_medium,19,63,21.1,-0.6685319542884827,-0.9665587062282774
BH_s24_medium,19,64,21.133333333333333,-0.7314683198928833,-0.8191697919014455
BH_s24_medium,19,65,21.166666666666668,-0.7944046854972839,-0.6013505966772911
BH_s24_medium,19,66,21.2,-0.8573409914970398,-0.34429323929082356
BH_s24_medium,19,67,21.233333333333334,-0.9202773571014404,-0.08091956739036714
BH_s24_medium,19,68,21.266666666666666,-0.9832137227058411,0.15854483870823868
BH_s24_medium,19,69,21.3,-1.0039112567901611,0.35138136580043555
BH_s24_medium,19,70,21.333333333333332,-1.0039112567901611,0.4868810500661111
BH_s24_medium,19,71,21.366666666666667,-1.066978931427002,0.567724689827715
BH_s24_medium,19,72,21.4,-1.066978931427002,0.6067858504132239
BH_s24_medium,19,73,21.433333333333334,-0.8787704706192017,0.6208546485543849
BH_s24_medium,19,74,21.466666666666665,-0.20829395949840546,0.6240776405083585
BH_s24_medium,19,75,21.5,0.7566360831260681,0.6234401713680341
BH_s24_medium,19,76,21.533333333333335,1.7036453485488892,0.6176428076203222
BH_s24_medium,19,77,21.566666666666666,2.1687803268432617,0.5995797658793875
BH_s24_medium,19,78,21.6,2.1714816093444824,0.5612795366078267
BH_s24_medium,19,79,21.633333333333333,1.982409954071045,0.4989829987352623
BH_s24_medium,19,80,21.666666666666668,1.815611481666565,0.41568304859379934
BH_s24_medium,19,81,21.7,1.563603401184082,0.319625975255278
BH_s24_medium,19,82,21.733333333333334,1.2710634469985962,0.2197429964071122
BH_s24_medium,19,83,21.766666666666666,0.9561191201210022,0.1209461540470788
BH_s24_medium,19,84,21.8,0.7445117831230164,0.02211506934541184
BH_s24_medium,19,85,21.833333333333332,0.595709502696991,-0.08220812449766376
BH_s24_medium,19,86,21.866666666666667,0.4697054624557495,-0.19750278403449534
BH_s24_medium,19,87,21.9,0.3038259744644165,-0.3246480393030788
BH_s24_medium,19,88,21.933333333333334,0.114885613322258,-0.45719913465042555
BH_s24_medium,19,89,21.966666666666665,-0.07405474036931992,-0.5817516099006633
BH_s24_medium,19,90,22.0,-0.2629950940608978,-0.6813315417288571
BH_s24_medium,19,91,22.033333333333335,-0.41258513927459717,-0.7404624701471882
BH_s24_medium,19,92,22.066666666666666,-0.5385891199111938,-0.7495736024255505
BH_s24_medium,19,93,22.1,-0.6645931601524353,-0.7067335463072985
BH_s24_medium,19,94,22.133333333333333,-0.7275295257568359,-0.6165506493437245
BH_s24_medium,19,95,22.166666666666668,-0.7904658317565918,-0.48775857453989996
BH_s24_medium,19,96,22.2,-0.8534021973609924,-0.3310011871317982
BH_s24_medium,19,97,22.233333333333334,-0.877776026725769,-0.15742045665960655
BH_s24_medium,19,98,22.266666666666666,-0.9408436417579651,0.02185617701824065
BH_s24_medium,19,99,22.3,-0.9791436195373535,0.19542382482183548
BH_s24_medium,19,100,22.333333333333332,-1.0039112567901611,0.3510115649135644
BH_s24_medium,19,101,22.366666666666667,-0.927836537361145,0.4755761257172406
BH_s24_medium,19,102,22.4,-0.3350012004375458,0.5570465821707133
BH_s24_medium,19,103,22.433333333333334,0.4965724050998688,0.5878063753343162
BH_s24_medium,19,104,22.466666666666665,1.3662497997283936,0.5685166877563318
BH_s24_medium,19,105,22.5,1.7455097436904907,0.5099975361512459
BH_s24_medium,19,106,22.533333333333335,1.7336843013763428,0.4315256894452649
BH_s24_medium,19,107,22.566666666666666,1.5073630809783936,0.35564740439501646
BH_s24_medium,19,108,22.6,1.2553550004959106,0.3012946672565477
BH_s24_medium,19,109,22.633333333333333,0.9663599729537964,0.27769822860751986
BH_s24_medium,19,110,22.666666666666668,0.6882713437080383,0.28106115024515455
BH_s24_medium,19,111,22.7,0.4729878008365631,0.29486312628806066
BH_s24_medium,19,112,22.733333333333334,0.3835769593715668,0.29377599961931855
BH_s24_medium,19,113,22.766666666666666,0.32050931453704834,0.25054462803393557
BH_s24_medium,19,114,22.8,0.22111108899116516,0.14454457780371133
BH_s24_medium,19,115,22.833333333333332,0.06823872029781342,-0.03003076631609959
BH_s24_medium,19,116,22.866666666666667,-0.09396456182003021,-0.2590326971919478
BH_s24_medium,19,117,22.9,-0.3189729154109955,-0.5088801680511138
BH_s24_medium,19,118,22.933333333333334,-0.472107857465744,-0.7340165327912178
BH_s24_medium,19,119,22.966666666666665,-0.5981118679046631,-0.889815040827191
BH_s24_medium,19,120,23.0,-0.7241158485412598,-0.9462617667977994
BH_s24_medium,19,121,23.033333333333335,-0.7870522141456604,-0.8965372049132523
BH_s24_medium,19,122,23.066666666666666,-0.8147083520889282,-0.7569184041605004
BH_s24_medium,19,123,23.1,-0.877776026725769,-0.5588300326903662
BH_s24_medium,19,124,23.133333333333333,-0.9127936363220215,-0.3375613383273668
BH_s24_medium,19,125,23.166666666666668,-0.9408436417579651,-0.12292024341967764
BH_s24_medium,19,126,23.2,-0.9755986928939819,0.06531207693856383
BH_s24_medium,19,127,23.233333333333334,-1.0039112567901611,0.21742199874833387
BH_s24_medium,19,128,23.266666666666666,-1.066978931427002,0.3311109148162458
BH_s24_medium,19,129,23.3,-0.9008278250694275,0.4080068947717757
BH_s24_medium,19,130,23.333333333333332,-0.2597609758377075,0.4508954389473392
BH_s24_medium,19,131,23.366666666666667,0.7245627641677856,0.46267172144017943
BH_s24_medium,19,132,23.4,1.7225984334945679,0.44702434865457924
BH_s24_medium,19,133,23.433333333333334,2.2171430587768555,0.40986765663890035
BH_s24_medium,19,134,23.466666666666665,2.1788339614868164,0.3601567723339626
BH_s24_medium,19,135,23.5,2.019256591796875,0.30918136693707426
BH_s24_medium,19,136,23.533333333333335,1.800690770149231,0.2684487960908369
BH_s24_medium,19,137,23.566666666666666,1.578308343887329,0.2470547933811255
BH_s24_medium,19,138,23.6,1.2632325887680054,0.24945190842032844
BH_s24_medium,19,139,23.633333333333333,0.948157012462616,0.27406895145825205
BH_s24_medium,19,140,23.666666666666668,0.6961489915847778,0.3128825534760975
BH_s24_medium,19,141,23.7,0.5399942398071289,0.35195947533659355
BH_s24_medium,19,142,23.733333333333334,0.4139902591705322,0.37305967620990416
BH_s24_medium,19,143,23.766666666666666,0.255463182926178,0.3564686702996312
BH_s24_medium,19,144,23.8,0.035846952348947525,0.2851313250075343
BH_s24_medium,19,145,23.833333333333332,-0.15322470664978027,0.14968406850170404
BH_s24_medium,19,146,23.866666666666667,-0.3744255304336548,-0.04683127752622977
BH_s24_medium,19,147,23.9,-0.5313680171966553,-0.28648189774352306
BH_s24_medium,19,148,23.933333333333334,-0.657371997833252,-0.538024056279289
BH_s24_medium,19,149,23.966666666666665,-0.7516407370567322,-0.763068834751684
BH_s24_medium,19,150,24.0,-0.8147083520889282,-0.925128351393532
BH_s24_medium,19,151,24.033333333333335,-0.9092487096786499,-0.9982136331925509
BH_s24_medium,19,152,24.066666666666666,-0.9408436417579651,-0.971959775417573
BH_s24_medium,19,153,24.1,-1.0039112567901611,-0.8523014999474077
BH_s24_medium,19,154,24.133333333333333,-1.0349901914596558,-0.6590192008798259
BH_s24_medium,19,155,24.166666666666668,-1.066978931427002,-0.4219221227064061
BH_s24_medium,19,156,24.2,-1.1300466060638428,-0.17570892748473427
BH_s24_medium,19,157,24.233333333333334,-1.1300466060638428,0.04726099875411568
BH_s24_medium,19,158,24.266666666666666,-1.1300466060638428,0.2248407214062821
BH_s24_medium,19,159,24.3,-1.1300466060638428,0.3498089161914722
BH_s24_medium,19,160,24.333333333333332,-0.9761057496070862,0.42854368979314494
BH_s24_medium,19,161,24.366666666666667,-0.25809189677238464,0.4742869692374881
BH_s24_medium,19,162,24.4,0.7799686193466187,0.498849333421615
BH_s24_medium,19,163,24.433333333333334,1.8243130445480347,0.5073233564094024
BH_s24_medium,19,164,24.466666666666665,2.3351383209228516,0.4981622661344512
BH_s24_medium,19,165,24.5,2.309039354324341,0.4676504078915406
BH_s24_medium,19,166,24.533333333333335,2.1199679374694824,0.41560157399736014
BH_s24_medium,19,167,24.566666666666666,1.9015241861343384,0.34887755955430133
BH_s24_medium,19,168,24.6,1.6833430528640747,0.28070475680109064
BH_s24_medium,19,169,24.633333333333333,1.368398666381836,0.22604825938472453
BH_s24_medium,19,170,24.666666666666668,1.0534542798995972,0.19541196788853293
BH_s24_medium,19,171,24.7,0.767356812953949,0.19012102898040437
BH_s24_medium,19,172,24.733333333333334,0.6071320176124573,0.20101297628255443
BH_s24_medium,19,173,24.766666666666666,0.4811280071735382,0.21070908771193803
BH_s24_medium,19,174,24.8,0.2920563519001007,0.19856047150751732
BH_s24_medium,19,175,24.833333333333332,0.10298469662666321,0.1469122536066017
BH_s24_medium,19,176,24.866666666666667,-0.11427733302116394,0.04700961283079326
BH_s24_medium,19,177,24.9,-0.3382262587547302,-0.09717772073668235
BH_s24_medium,19,178,24.933333333333334,-0.5272979140281677,-0.26845319679658436
BH_s24_medium,19,179,24.966666666666665,-0.6533018946647644,-0.43968534898008216
BH_s24_medium,19,180,25.0,-0.716238260269165,-0.5805258226588152
BH_s24_medium,19,181,25.033333333333335,-0.8147083520889282,-0.6659810008117242
BH_s24_medium,19,182,25.066666666666666,-0.877776026725769,-0.6838542072827701
BH_s24_medium,19,183,25.1,-0.9408436417579651,-0.637824534759411
BH_s24_medium,19,184,25.133333333333333,-1.0039112567901611,-0.5447441371968763
BH_s24_medium,19,185,25.166666666666668,-1.0039112567901611,-0.4275102320446035
BH_s24_medium,19,186,25.2,-1.066978931427002,-0.30680607390319947
BH_s24_medium,19,187,25.233333333333334,-1.066978931427002,-0.195211721138997
BH_s24_medium,19,188,25.266666666666666,-1.0935938358306885,-0.09575440594725845
BH_s24_medium,19,189,25.3,-1.1300466060638428,-0.004741311882179992
BH_s24_medium,19,190,25.333333333333332,-1.1300466060638428,0.08318855030357418
BH_s24_medium,19,191,25.366666666666667,-1.1038256883621216,0.17057566026591375
BH_s24_medium,19,192,25.4,-0.7473276257514954,0.2552772535423125
BH_s24_medium,19,193,25.433333333333334,0.0867028757929802,0.3316684002414692
BH_s24_medium,19,194,25.466666666666665,1.2208702564239502,0.3937367707414936
BH_s24_medium,19,195,25.5,2.063051462173462,0.438122395392828
BH_s24_medium,19,196,25.533333333333335,2.3131096363067627,0.46549171987747257
BH_s24_medium,19,197,25.566666666666666,2.161672353744507,0.4796239218230813
BH_s24_medium,19,198,25.6,1.9096643924713135,0.4846137308386774
BH_s24_medium,19,199,25.633333333333333,1.7207239866256714,0.48150822559535184
BH_s24_medium,19,200,25.666666666666668,1.4436765909194946,0.4662881753893856
BH_s24_medium,19,201,25.7,1.1287323236465454,0.4306386342424538
BH_s24_medium,19,202,25.733333333333334,0.8385646343231201,0.36528727751820605
BH_s24_medium,19,203,25.766666666666666,0.6742697358131409,0.2642086308430357
BH_s24_medium,19,204,25.8,0.5482657551765442,0.12793218701737344
BH_s24_medium,19,205,25.833333333333332,0.4222617447376251,-0.03498469595735538
BH_s24_medium,19,206,25.866666666666667,0.27200618386268616,-0.20860524018756096
BH_s24_medium,19,207,25.9,0.04411844164133072,-0.37232529901491834
BH_s24_medium,19,208,25.933333333333334,-0.14495320618152618,-0.5052125646506304
BH_s24_medium,19,209,25.966666666666665,-0.3340248763561249,-0.5909521312145894
BH_s24_medium,19,210,26.0,-0.46002885699272156,-0.6218097326498764
BH_s24_medium,19,211,26.033333333333335,-0.5860328674316406,-0.6001175536393514
BH_s24_medium,19,212,26.066666666666666,-0.6885730624198914,-0.5367987567075088
BH_s24_medium,19,213,26.1,-0.7516407370567322,-0.4475615550945851
BH_s24_medium,19,214,26.133333333333333,-0.8147083520889282,-0.34791811244585824
BH_s24_medium,19,215,26.166666666666668,-0.877776026725769,-0.24865848798651863
BH_s24_medium,19,216,26.2,-0.9408436417579651,-0.15402008065219508
BH_s24_medium,19,217,26.233333333333334,-0.9408436417579651,-0.063976652991815
BH_s24_medium,19,218,26.266666666666666,-1.0039112567901611,0.020815952407943476
BH_s24_medium,19,219,26.3,-1.066978931427002,0.09522815943270366
BH_s24_medium,19,220,26.333333333333332,-0.9366708993911743,0.1500703323428186
BH_s24_medium,19,221,26.366666666666667,-0.343394935131073,0.17670447167245418
BH_s24_medium,19,222,26.4,0.5607839822769165,0.17297721906397864
BH_s24_medium,19,223,26.433333333333334,1.4617091417312622,0.14674872995490293
BH_s24_medium,19,224,26.466666666666665,1.897200584411621,0.114814652380355
BH_s24_medium,19,225,26.5,1.790618896484375,0.09752211281680576
BH_s24_medium,19,226,26.533333333333335,1.5386109352111816,0.1112030979502494
BH_s24_medium,19,227,26.566666666666666,1.2651084661483765,0.16125865620330104
BH_s24_medium,19,228,26.6,0.9715272188186646,0.23854189033140424
BH_s24_medium,19,229,26.633333333333333,0.7195191979408264,0.3206708641085252
BH_s24_medium,19,230,26.666666666666668,0.48861172795295715,0.37824685859301915
BH_s24_medium,19,231,26.7,0.3835769593715668,0.38429142229623475
BH_s24_medium,19,232,26.733333333333334,0.32050931453704834,0.32414716397112175
BH_s24_medium,19,233,26.766666666666666,0.2367350161075592,0.20272372602199212
BH_s24_medium,19,234,26.8,0.06823872029781342,0.046231194048039895
BH_s24_medium,19,235,26.833333333333332,-0.09878470003604889,-0.1035329449182759
BH_s24_medium,19,236,26.866666666666667,-0.3304799497127533,-0.20235050131401533
BH_s24_medium,19,237,26.9,-0.5195515751838684,-0.22069957897042206
BH_s24_medium,19,238,26.933333333333334,-0.6455556154251099,-0.15737753032999305
BH_s24_medium,19,239,26.966666666666665,-0.7516407370567322,-0.04192012208106723
BH_s24_medium,20,0,20.0,-0.35752639174461365,-0.08633181357186855
BH_s24_medium,20,1,20.033333333333335,-0.4835304021835327,-2.9842591143450483
BH_s24_medium,20,2,20.066666666666666,-0.6095343828201294,-5.413129913065584
BH_s24_medium,20,3,20.1,-0.6885730624198914,-7.02158024625124
BH_s24_medium,20,4,20.133333333333333,-0.7984747886657715,-7.656101236519996
BH_s24_medium,20,5,20.166666666666668,-0.8614110946655273,-7.380732818757447
BH_s24_medium,20,6,20.2,-0.924347460269928,-6.428580964709773
BH_s24_medium,20,7,20.233333333333334,-0.9408436417579651,-5.111756599234123
BH_s24_medium,20,8,20.266666666666666,-0.9871525168418884,-3.7283801764156066
BH_s24_medium,20,9,20.3,-1.0039112567901611,-2.4961017834731773
BH_s24_medium,20,10,20.333333333333332,-1.0039112567901611,-1.524797196263921
BH_s24_medium,20,11,20.366666666666667,-1.066978931427002,-0.8256341433870238
BH_s24_medium,20,12,20.4,-1.066978931427002,-0.3435638918325473
BH_s24_medium,20,13,20.433333333333334,-0.9300217628479004,0.0030756492338175623
BH_s24_medium,20,14,20.466666666666665,-0.3523787260055542,0.289536865535689
BH_s24_medium,20,15,20.5,0.6028823852539062,0.5655333124301555
BH_s24_medium,20,16,20.533333333333335,1.6464014053344727,0.8502474764277906
BH_s24_medium,20,17,20.566666666666666,2.221785068511963,1.1372274309606845
BH_s24_medium,20,18,20.6,2.275606393814087,1.4043142269697115
BH_s24_medium,20,19,20.633333333333333,2.1676740646362305,1.6249450761679116
BH_s24_medium,20,20,20.666666666666668,1.9786025285720825,1.7778279714007625
BH_s24_medium,20,21,20.7,1.807996392250061,1.852438890058314
BH_s24_medium,20,22,20.733333333333334,1.4929207563400269,1.8492466491288766
BH_s24_medium,20,23,20.766666666666666,1.1335055828094482,1.7757270125406341
BH_s24_medium,20,24,20.8,0.8627694249153137,1.6409586972826276
BH_s24_medium,20,25,20.833333333333332,0.7179059982299805,1.451958047161892
BH_s24_medium,20,26,20.866666666666667,0.5479563474655151,1.2136616937452391
BH_s24_medium,20,27,20.9,0.3590160310268402,0.932352790046701
BH_s24_medium,20,28,20.933333333333334,0.1700756549835205,0.6204181957198349
BH_s24_medium,20,29,20.966666666666665,-0.018864702433347702,0.2992810501247382
BH_s24_medium,20,30,21.0,-0.2078050673007965,-0.0022901737910756732
BH_s24_medium,20,31,21.033333333333335,-0.3967454135417938,-0.25487541299588906
BH_s24_medium,20,32,21.066666666666666,-0.542527973651886,-0.4368053398881824
BH_s24_medium,20,33,21.1,-0.6685319542884827,-0.539377981366005
BH_s24_medium,20,34,21.133333333333333,-0.7314683198928833,-0.5665241472864665
BH_s24_medium,20,35,21.166666666666668,-0.7944046854972839,-0.5306522350962403
BH_s24_medium,20,36,21.2,-0.8573409914970398,-0.4482942738284599
BH_s24_medium,20,37,21.233333333333334,-0.9202773571014404,-0.33775484527674543
BH_s24_medium,20,38,21.266666666666666,-0.9832137227058411,-0.2178996326318987
BH_s24_medium,20,39,21.3,-1.0039112567901611,-0.10594688792864347
BH_s24_medium,20,40,21.333333333333332,-1.0039112567901611,-0.014199809892951465
BH_s24_medium,20,41,21.366666666666667,-1.066978931427002,0.05208173347370738
BH_s24_medium,20,42,21.4,-1.066978931427002,0.0941772987053179
BH_s24_medium,20,43,21.433333333333334,-0.8787704706192017,0.11738424423800499
BH_s24_medium,20,44,21.466666666666665,-0.20829395949840546,0.12789359665638872
BH_s24_medium,20,45,21.5,0.7566360831260681,0.13014767214657258
BH_s24_medium,20,46,21.533333333333335,1.7036453485488892,0.12549014520158136
BH_s24_medium,20,47,21.566666666666666,2.1687803268432617,0.1126228137157117
BH_s24_medium,20,48,21.6,2.1714816093444824,0.08962237952163438
BH_s24_medium,20,49,21.633333333333333,1.982409954071045,0.05634825479122349
BH_s24_medium,20,50,21.666666666666668,1.815611481666565,0.0156599673704452
BH_s24_medium,20,51,21.7,1.563603401184082,-0.027556531340127574
BH_s24_medium,20,52,21.733333333333334,1.2710634469985962,-0.06913007372113238
BH_s24_medium,20,53,21.766666666666666,0.9561191201210022,-0.10842297712694185
BH_s24_medium,20,54,21.8,0.7445117831230164,-0.14937986718407503
BH_s24_medium,20,55,21.833333333333332,0.595709502696991,-0.19891857091959264
BH_s24_medium,20,56,21.866666666666667,0.4697054624557495,-0.26320710742243675
BH_s24_medium,20,57,21.9,0.3038259744644165,-0.34349446172026044
BH_s24_medium,20,58,21.933333333333334,0.114885613322258,-0.4334426492114131
BH_s24_medium,20,59,21.966666666666665,-0.07405474036931992,-0.5193412460255771
BH_s24_medium,20,60,22.0,-0.2629950940608978,-0.5834586705293361
BH_s24_medium,20,61,22.033333333333335,-0.41258513927459717,-0.6093691474579211
BH_s24_medium,20,62,22.066666666666666,-0.5385891199111938,-0.586934147813607
BH_s24_medium,20,63,22.1,-0.6645931601524353,-0.5146991903971023
BH_s24_medium,20,64,22.133333333333333,-0.7275295257568359,-0.3990790915871851
BH_s24_medium,20,65,22.166666666666668,-0.7904658317565918,-0.2515247490137784
BH_s24_medium,20,66,22.2,-0.8534021973609924,-0.085463365834344
BH_s24_medium,20,67,22.233333333333334,-0.877776026725769,0.08581866222540015
BH_s24_medium,20,68,22.266666666666666,-0.9408436417579651,0.25017669888216204
BH_s24_medium,20,69,22.3,-0.9791436195373535,0.39688649219421557
BH_s24_medium,20,70,22.333333333333332,-1.0039112567901611,0.5165355172059963
BH_s24_medium,20,71,22.366666666666667,-0.927836537361145,0.6008625468455855
BH_s24_medium,20,72,22.4,-0.3350012004375458,0.643314159087963
BH_s24_medium,20,73,22.433333333333334,0.4965724050998688,0.640979638454435
BH_s24_medium,20,74,22.466666666666665,1.3662497997283936,0.5972697433006348
BH_s24_medium,20,75,22.5,1.7455097436904907,0.5234546953487996
BH_s24_medium,20,76,22.533333333333335,1.7336843013763428,0.4373790716504824
BH_s24_medium,20,77,22.566666666666666,1.5073630809783936,0.35909470212199474
BH_s24_medium,20,78,22.6,1.2553550004959106,0.3047142168868475
BH_s24_medium,20,79,22.633333333333333,0.9663599729537964,0.28065777300911815
BH_s24_medium,20,80,22.666666666666668,0.6882713437080383,0.2803497767556522
BH_s24_medium,20,81,22.7,0.4729878008365631,0.2846397233808756
BH_s24_medium,20,82,22.733333333333334,0.3835769593715668,0.2662465975792088
BH_s24_medium,20,83,22.766666666666666,0.32050931453704834,0.19753064956940097
BH_s24_medium,20,84,22.8,0.22111108899116516,0.059906593227016997
BH_s24_medium,20,85,22.833333333333332,0.06823872029781342,-0.14765003735956245
BH_s24_medium,20,86,22.866666666666667,-0.09396456182003021,-0.4040206015947924
BH_s24_medium,20,87,22.9,-0.3189729154109955,-0.6680171875242058
BH_s24_medium,20,88,22.933333333333334,-0.472107857465744,-0.8882857896178694
BH_s24_medium,20,89,22.966666666666665,-0.5981118679046631,-1.0188142093279282
BH_s24_medium,20,90,23.0,-0.7241158485412598,-1.0337432085704528
BH_s24_medium,20,91,23.033333333333335,-0.7870522141456604,-0.9343592387560131
BH_s24_medium,20,92,23.066666666666666,-0.8147083520889282,-0.7456311738214481
BH_s24_medium,20,93,23.1,-0.877776026725769,-0.5055725053331691
BH_s24_medium,20,94,23.133333333333333,-0.9127936363220215,-0.25326383772845606
BH_s24_medium,20,95,23.166666666666668,-0.9408436417579651,-0.02014499219975779
BH_s24_medium,20,96,23.2,-0.9755986928939819,0.17367493050340949
BH_s24_medium,20,97,23.233333333333334,-1.0039112567901611,0.3189067382529504
BH_s24_medium,20,98,23.266666666666666,-1.066978931427002,0.41438979649819757
BH_s24_medium,20,99,23.3,-0.9008278250694275,0.46409103687297565
BH_s24_medium,20,100,23.333333333333332,-0.2597609758377075,0.47483247012573826
BH_s24_medium,20,101,23.366666666666667,0.7245627641677856,0.4549761602438317
BH_s24_medium,20,102,23.4,1.7225984334945679,0.41387968634776084
BH_s24_medium,20,103,23.433333333333334,2.2171430587768555,0.3617504837808935
BH_s24_medium,20,104,23.466666666666665,2.1788339614868164,0.3093602378546407
BH_s24_medium,20,105,23.5,2.019256591796875,0.2671481032901792
BH_s24_medium,20,106,23.533333333333335,1.800690770149231,0.24370144854602194
BH_s24_medium,20,107,23.566666666666666,1.578308343887329,0.24406733410541226
BH_s24_medium,20,108,23.6,1.2632325887680054,0.26841105211970395
BH_s24_medium,20,109,23.633333333333333,0.948157012462616,0.3113123199418163
BH_s24_medium,20,110,23.666666666666668,0.6961489915847778,0.36179171578590047
BH_s24_medium,20,111,23.7,0.5399942398071289,0.40412017401661343
BH_s24_medium,20,112,23.733333333333334,0.4139902591705322,0.4195395265228674
BH_s24_medium,20,113,23.766666666666666,0.255463182926178,0.3890836584597448
BH_s24_medium,20,114,23.8,0.035846952348947525,0.29756533194089535
BH_s24_medium,20,115,23.833333333333332,-0.15322470664978027,0.1383325018174347
BH_s24_medium,20,116,23.866666666666667,-0.3744255304336548,-0.08235244556345116
BH_s24_medium,20,117,23.9,-0.5313680171966553,-0.3431458679989987
BH_s24_medium,20,118,23.933333333333334,-0.657371997833252,-0.6095488992287119
BH_s24_medium,20,119,23.966666666666665,-0.7516407370567322,-0.8406020047716728
BH_s24_medium,20,120,24.0,-0.8147083520889282,-0.9987247126537695
BH_s24_medium,20,121,24.033333333333335,-0.9092487096786499,-1.0591206295871751
BH_s24_medium,20,122,24.066666666666666,-0.9408436417579651,-1.015083426774855
BH_s24_medium,20,123,24.1,-1.0039112567901611,-0.8776680017992847
BH_s24_medium,20,124,24.133333333333333,-1.0349901914596558,-0.671252623305535
BH_s24_medium,20,125,24.166666666666668,-1.066978931427002,-0.42779307674320005
BH_s24_medium,20,126,24.2,-1.1300466060638428,-0.1809689275007135
BH_s24_medium,20,127,24.233333333333334,-1.1300466060638428,0.04011905983541389
BH_s24_medium,20,128,24.266666666666666,-1.1300466060638428,0.21694236716598272
BH_s24_medium,20,129,24.3,-1.1300466060638428,0.34469997683198433
BH_s24_medium,20,130,24.333333333333332,-0.9761057496070862,0.4305709188831003
BH_s24_medium,20,131,24.366666666666667,-0.25809189677238464,0.4875051690630276
BH_s24_medium,20,132,24.4,0.7799686193466187,0.526552711867892
BH_s24_medium,20,133,24.433333333333334,1.8243130445480347,0.551601019934444
BH_s24_medium,20,134,24.466666666666665,2.3351383209228516,0.5589773966194848
BH_s24_medium,20,135,24.5,2.309039354324341,0.5417041170152457
BH_s24_medium,20,136,24.533333333333335,2.1199679374694824,0.4958762753282251
BH_s24_medium,20,137,24.566666666666666,1.9015241861343384,0.4256317293067997
BH_s24_medium,20,138,24.6,1.6833430528640747,0.34383663767825456
BH_s24_medium,20,139,24.633333333333333,1.368398666381836,0.26782101181295703
BH_s24_medium,20,140,24.666666666666668,1.0534542798995972,0.21231877282384073
BH_s24_medium,20,141,24.7,0.767356812953949,0.18326061890370612
BH_s24_medium,20,142,24.733333333333334,0.6071320176124573,0.1751386730815595
BH_s24_medium,20,143,24.766666666666666,0.4811280071735382,0.17257960106064155
BH_s24_medium,20,144,24.8,0.2920563519001007,0.15526964402079071
BH_s24_medium,20,145,24.833333333333332,0.10298469662666321,0.10467068963604652
BH_s24_medium,20,146,24.866666666666667,-0.11427733302116394,0.010587825011824162
BH_s24_medium,20,147,24.9,-0.3382262587547302,-0.1243857571824549
BH_s24_medium,20,148,24.933333333333334,-0.5272979140281677,-0.28403808887108456
BH_s24_medium,20,149,24.966666666666665,-0.6533018946647644,-0.4419408566823462
BH_s24_medium,20,150,25.0,-0.716238260269165,-0.5685876144395744
BH_s24_medium,20,151,25.033333333333335,-0.8147083520889282,-0.6403342562901231
BH_s24_medium,20,152,25.066666666666666,-0.877776026725769,-0.6468373108758259
BH_s24_medium,20,153,25.1,-0.9408436417579651,-0.5936975094876199
BH_s24_medium,20,154,25.133333333333333,-1.0039112567901611,-0.49911032417411083
BH_s24_medium,20,155,25.166666666666668,-1.0039112567901611,-0.3862020145373281
BH_s24_medium,20,156,25.2,-1.066978931427002,-0.27455352266180433
BH_s24_medium,20,157,25.233333333333334,-1.066978931427002,-0.17447475913921712
BH_s24_medium,20,158,25.266666666666666,-1.0935938358306885,-0.08612462968320997
BH_s24_medium,20,159,25.3,-1.1300466060638428,-0.003278554692198391
BH_s24_medium,20,160,25.333333333333332,-1.1300466060638428,0.0805891693002878
BH_s24_medium,20,161,25.366666666666667,-1.1038256883621216,0.16718135975091752
BH_s24_medium,20,162,25.4,-0.7473276257514954,0.251721411906079
BH_s24_medium,20,163,25.433333333333334,0.0867028757929802,0.3252466026078463
BH_s24_medium,20,164,25.466666666666665,1.2208702564239502,0.3791594531842173
BH_s24_medium,20,165,25.5,2.063051462173462,0.4093179852300626
BH_s24_medium,20,166,25.533333333333335,2.3131096363067627,0.41761769437933377
BH_s24_medium,20,167,25.566666666666666,2.161672353744507,0.4105475512441787
BH_s24_medium,20,168,25.6,1.9096643924713135,0.39549659510447943
BH_s24_medium,20,169,25.633333333333333,1.7207239866256714,0.37648205396525897
BH_s24_medium,20,170,25.666666666666668,1.4436765909194946,0.35145293290681995
BH_s24_medium,20,171,25.7,1.1287323236465454,0.31272519328886245
BH_s24_medium,20,172,25.733333333333334,0.8385646343231201,0.2503087744829505
BH_s24_medium,20,173,25.766666666666666,0.6742697358131409,0.15636659862544716
BH_s24_medium,20,174,25.8,0.5482657551765442,0.02905184124789341
BH_s24_medium,20,175,25.833333333333332,0.4222617447376251,-0.12519640191117068
BH_s24_medium,20,176,25.866666666666667,0.27200618386268616,-0.2913368677011637
BH_s24_medium,20,177,25.9,0.04411844164133072,-0.44772804155092305
BH_s24_medium,20,178,25.933333333333334,-0.14495320618152618,-0.5704931340892128
BH_s24_medium,20,179,25.966666666666665,-0.3340248763561249,-0.6394427418605493
BH_s24_medium,20,180,26.0,-0.46002885699272156,-0.6436315347543409
BH_s24_medium,20,181,26.033333333333335,-0.5860328674316406,-0.5843237431410995
BH_s24_medium,20,182,26.066666666666666,-0.6885730624198914,-0.4742585480936652
BH_s24_medium,20,183,26.1,-0.7516407370567322,-0.3336410829605234
BH_s24_medium,20,184,26.133333333333333,-0.8147083520889282,-0.18417096625077334
BH_s24_medium,20,185,26.166666666666668,-0.877776026725769,-0.04304504584982483
BH_s24_medium,20,186,26.2,-0.9408436417579651,0.08050373185118273
BH_s24_medium,20,187,26.233333333333334,-0.9408436417579651,0.18428576225801777
BH_s24_medium,20,188,26.266666666666666,-1.0039112567901611,0.26870999466203255
BH_s24_medium,20,189,26.3,-1.066978931427002,0.3322280335281555
BH_s24_medium,20,190,26.333333333333332,-0.9366708993911743,0.3701017737495529
BH_s24_medium,20,191,26.366666666666667,-0.343394935131073,0.37745623727583877
BH_s24_medium,20,192,26.4,0.5607839822769165,0.3544362014554486
BH_s24_medium,20,193,26.433333333333334,1.4617091417312622,0.3097658574309305
BH_s24_medium,20,194,26.466666666666665,1.897200584411621,0.26018798923754444
BH_s24_medium,20,195,26.5,1.790618896484375,0.22576476878306337
BH_s24_medium,20,196,26.533333333333335,1.5386109352111816,0.22289731575285718
BH_s24_medium,20,197,26.566666666666666,1.2651084661483765,0.2576317937789328
BH_s24_medium,20,198,26.6,0.9715272188186646,0.3216537545279565
BH_s24_medium,20,199,26.633333333333333,0.7195191979408264,0.3925294975067062
BH_s24_medium,20,200,26.666666666666668,0.48861172795295715,0.4384756124654911
BH_s24_medium,20,201,26.7,0.3835769593715668,0.42669951817517676
BH_s24_medium,20,202,26.733333333333334,0.32050931453704834,0.3334733160438697
BH_s24_medium,20,203,26.766666666666666,0.2367350161075592,0.1534358326793374
BH_s24_medium,20,204,26.8,0.06823872029781342,-0.09492318923689637
BH_s24_medium,20,205,26.833333333333332,-0.09878470003604889,-0.3706265767686309
BH_s24_medium,20,206,26.866666666666667,-0.3304799497127533,-0.6200312946757534
BH_s24_medium,20,207,26.9,-0.5195515751838684,-0.7930288375174516
BH_s24_medium,20,208,26.933333333333334,-0.6455556154251099,-0.8588885546476053
BH_s24_medium,20,209,26.966666666666665,-0.7516407370567322,-0.8141388744521114
BH_s24_medium,20,210,27.0,-0.8147083520889282,-0.6800715188781732
BH_s24_medium,20,211,27.033333333333335,-0.877776026725769,-0.4934515113183041
BH_s24_medium,20,212,27.066666666666666,-0.8973010182380676,-0.2953243073129526
BH_s24_medium,20,213,27.1,-0.9602373838424683,-0.12100150911404986
BH_s24_medium,20,214,27.133333333333333,-1.0039112567901611,0.006942853786331115
BH_s24_medium,20,215,27.166666666666668,-1.0039112567901611,0.08146859292532979
BH_s24_medium,20,216,27.2,-1.066978931427002,0.10964498747129327
BH_s24_medium,20,217,27.233333333333334,-1.066978931427002,0.10810468780931173
BH_s24_medium,20,218,27.266666666666666,-1.1113094091415405,0.09672165594717386
BH_s24_medium,20,219,27.3,-0.7847462296485901,0.09198119208528767
BH_s24_medium,20,220,27.333333333333332,0.026833057403564453,0.10208990191655744
BH_s24_medium,20,221,27.366666666666667,1.161000370979309,0.12574459878619593
BH_s24_medium,20,222,27.4,2.051328659057617,0.15476659291644143
BH_s24_medium,20,223,27.433333333333334,2.3386740684509277,0.17889632592064686
BH_s24_medium,20,224,27.466666666666665,2.2397074699401855,0.19053400505479937
BH_s24_medium,20,225,27.5,2.0055177211761475,0.18778627069232143
BH_s24_medium,20,226,27.533333333333335,1.79875910282135,0.17490329073641153
BH_s24_medium,20,227,27.566666666666666,1.5467510223388672,0.16002473348237314
BH_s24_medium,20,228,27.6,1.214251160621643,0.15123228302474448
BH_s24_medium,20,229,27.633333333333333,0.9165997505187988,0.1527151254905813
BH_s24_medium,20,230,27.666666666666668,0.6817534565925598,0.16280860785268036
BH_s24_medium,20,231,27.7,0.618817150592804,0.17476270950746367
BH_s24_medium,20,232,27.733333333333334,0.47591397166252136,0.17979569125245926
BH_s24_medium,20,233,27.766666666666666,0.28697362542152405,0.17094231147257272
BH_s24_medium,20,234,27.8,0.05160216987133026,0.1459199397512918
BH_s24_medium,20,235,27.833333333333332,-0.13746948540210724,0.1077745343066112
BH_s24_medium,20,236,27.866666666666667,-0.32654112577438354,0.06313552686455372
BH_s24_medium,20,237,27.9,-0.515612781047821,0.019023750143910483
BH_s24_medium,20,238,27.933333333333334,-0.6255053877830505,-0.02016860781433812
BH_s24_medium,20,239,27.966666666666665,-0.7045531272888184,-0.05399390303200841
BH_s24_medium,21,0,21.0,-0.2078050673007965,-0.029504302086749073
BH_s24_medium,21,1,21.033333333333335,-0.3967454135417938,-2.9722485267660823
BH_s24_medium,21,2,21.066666666666666,-0.542527973651886,-5.435786597578583
BH_s24_medium,21,3,21.1,-0.6685319542884827,-7.05886776031202
BH_s24_medium,21,4,21.133333333333333,-0.7314683198928833,-7.682332871248858
BH_s24_medium,21,5,21.166666666666668,-0.7944046854972839,-7.37136437684652
BH_s24_medium,21,6,21.2,-0.8573409914970398,-6.368046691577549
BH_s24_medium,21,7,21.233333333333334,-0.9202773571014404,-4.999172110473241
BH_s24_medium,21,8,21.266666666666666,-0.9832137227058411,-3.5782665704125147
BH_s24_medium,21,9,21.3,-1.0039112567901611,-2.3336591578487806
BH_s24_medium,21,10,21.333333333333332,-1.0039112567901611,-1.3777000669843142
BH_s24_medium,21,11,21.366666666666667,-1.066978931427002,-0.7154577195877642
BH_s24_medium,21,12,21.4,-1.066978931427002,-0.27987235083994977
BH_s24_medium,21,13,21.433333333333334,-0.8787704706192017,0.023851971157597143
BH_s24_medium,21,14,21.466666666666665,-0.20829395949840546,0.27991362479406845
BH_s24_medium,21,15,21.5,0.7566360831260681,0.539075894482143
BH_s24_medium,21,16,21.533333333333335,1.7036453485488892,0.8135727693474616
BH_s24_medium,21,17,21.566666666666666,2.1687803268432617,1.086057528146425
BH_s24_medium,21,18,21.6,2.1714816093444824,1.3257298473536383
BH_s24_medium,21,19,21.633333333333333,1.982409954071045,1.504339098828443
BH_s24_medium,21,20,21.666666666666668,1.815611481666565,1.6063598245729942
BH_s24_medium,21,21,21.7,1.563603401184082,1.6309438539396668
BH_s24_medium,21,22,21.733333333333334,1.2710634469985962,1.5873824094288393
BH_s24_medium,21,23,21.766666666666666,0.9561191201210022,1.4884763187986902
BH_s24_medium,21,24,21.8,0.7445117831230164,1.3458396610445924
BH_s24_medium,21,25,21.833333333333332,0.595709502696991,1.1687749435772188
BH_s24_medium,21,26,21.866666666666667,0.4697054624557495,0.9659793761945029
BH_s24_medium,21,27,21.9,0.3038259744644165,0.7480934921494212
BH_s24_medium,21,28,21.933333333333334,0.114885613322258,0.5291396817131497
BH_s24_medium,21,29,21.966666666666665,-0.07405474036931992,0.32573419135349524
BH_s24_medium,21,30,22.0,-0.2629950940608978,0.15402144650549657
BH_s24_medium,21,31,22.033333333333335,-0.41258513927459717,0.025426803497249573
BH_s24_medium,21,32,22.066666666666666,-0.5385891199111938,-0.05672316967695046
BH_s24_medium,21,33,22.1,-0.6645931601524353,-0.09780172753828195
BH_s24_medium,21,34,22.133333333333333,-0.7275295257568359,-0.10933565560857733
BH_s24_medium,21,35,22.166666666666668,-0.7904658317565918,-0.10460425094577115
BH_s24_medium,21,36,22.2,-0.8534021973609924,-0.0942006929015616
BH_s24_medium,21,37,22.233333333333334,-0.877776026725769,-0.08313563482067896
BH_s24_medium,21,38,22.266666666666666,-0.9408436417579651,-0.07071318339865192
BH_s24_medium,21,39,22.3,-0.9791436195373535,-0.053457209676186467
BH_s24_medium,21,40,22.333333333333332,-1.0039112567901611,-0.029586437140205576
BH_s24_medium,21,41,22.366666666666667,-0.927836537361145,-0.0023031293975220284
BH_s24_medium,21,42,22.4,-0.3350012004375458,0.020232345178513456
BH_s24_medium,21,43,22.433333333333334,0.4965724050998688,0.02840060230184991
BH_s24_medium,21,44,22.466666666666665,1.3662497997283936,0.01628903074064587
BH_s24_medium,21,45,22.5,1.7455097436904907,-0.014214118415783433
BH_s24_medium,21,46,22.533333333333335,1.7336843013763428,-0.05265099893787911
BH_s24_medium,21,47,22.566666666666666,1.5073630809783936,-0.08326682859152423
BH_s24_medium,21,48,22.6,1.2553550004959106,-0.09124520217324501
BH_s24_medium,21,49,22.633333333333333,0.9663599729537964,-0.06958086940560422
BH_s24_medium,21,50,22.666666666666668,0.6882713437080383,-0.024012334155717744
BH_s24_medium,21,51,22.7,0.4729878008365631,0.025976897825690126
BH_s24_medium,21,52,22.733333333333334,0.3835769593715668,0.05102461076432009
BH_s24_medium,21,53,22.766666666666666,0.32050931453704834,0.020221373568191085
BH_s24_medium,21,54,22.8,0.22111108899116516,-0.08797216552901524
BH_s24_medium,21,55,22.833333333333332,0.06823872029781342,-0.2754126437488972
BH_s24_medium,21,56,22.866666666666667,-0.09396456182003021,-0.5184395972859138
BH_s24_medium,21,57,22.9,-0.3189729154109955,-0.7699417163839201
BH_s24_medium,21,58,22.933333333333334,-0.472107857465744,-0.9706773399639831
BH_s24_medium,21,59,22.966666666666665,-0.5981118679046631,-1.0672472297420017
BH_s24_medium,21,60,23.0,-0.7241158485412598,-1.029698063635683
BH_s24_medium,21,61,23.033333333333335,-0.7870522141456604,-0.860746206698577
BH_s24_medium,21,62,23.066666666666666,-0.8147083520889282,-0.5930555283690778
BH_s24_medium,21,63,23.1,-0.877776026725769,-0.2772411649763801
BH_s24_medium,21,64,23.133333333333333,-0.9127936363220215,0.033399553444489444
BH_s24_medium,21,65,23.166666666666668,-0.9408436417579651,0.2958341413158061
BH_s24_medium,21,66,23.2,-0.9755986928939819,0.4847793162206044
BH_s24_medium,21,67,23.233333333333334,-1.0039112567901611,0.594162749801096
BH_s24_medium,21,68,23.266666666666666,-1.066978931427002,0.633587802581509
BH_s24_medium,21,69,23.3,-0.9008278250694275,0.6216746687216592
BH_s24_medium,21,70,23.333333333333332,-0.2597609758377075,0.5787790862239458
BH_s24_medium,21,71,23.366666666666667,0.7245627641677856,0.521597467239723
BH_s24_medium,21,72,23.4,1.7225984334945679,0.461101400624365
BH_s24_medium,21,73,23.433333333333334,2.2171430587768555,0.40356577261708954
BH_s24_medium,21,74,23.466666666666665,2.1788339614868164,0.35307832133886347
BH_s24_medium,21,75,23.5,2.019256591796875,0.31358360968354965
BH_s24_medium,21,76,23.533333333333335,1.800690770149231,0.28932056206481205
BH_s24_medium,21,77,23.566666666666666,1.578308343887329,0.28368063154279866
BH_s24_medium,21,78,23.6,1.2632325887680054,0.2972206645752211
BH_s24_medium,21,79,23.633333333333333,0.948157012462616,0.3257604751559368
BH_s24_medium,21,80,23.666666666666668,0.6961489915847778,0.3594456198592433
BH_s24_medium,21,81,23.7,0.5399942398071289,0.38337407742653584
BH_s24_medium,21,82,23.733333333333334,0.4139902591705322,0.3798700206726297
BH_s24_medium,21,83,23.766666666666666,0.255463182926178,0.33199586742198867
BH_s24_medium,21,84,23.8,0.035846952348947525,0.22764493535725785
BH_s24_medium,21,85,23.833333333333332,-0.15322470664978027,0.06345430250788396
BH_s24_medium,21,86,23.866666666666667,-0.3744255304336548,-0.15236150384166633
BH_s24_medium,21,87,23.9,-0.5313680171966553,-0.39934086828774107
BH_s24_medium,21,88,23.933333333333334,-0.657371997833252,-0.6472793892476024
BH_s24_medium,21,89,23.966666666666665,-0.7516407370567322,-0.8619813846818252
BH_s24_medium,21,90,24.0,-0.8147083520889282,-1.012597977451613
BH_s24_medium,21,91,24.033333333333335,-0.9092487096786499,-1.0777898841482774
BH_s24_medium,21,92,24.066666666666666,-0.9408436417579651,-1.0487138455862857
BH_s24_medium,21,93,24.1,-1.0039112567901611,-0.928949672290549
BH_s24_medium,21,94,24.133333333333333,-1.0349901914596558,-0.7332365165395274
BH_s24_medium,21,95,24.166666666666668,-1.066978931427002,-0.48634122442077427
BH_s24_medium,21,96,24.2,-1.1300466060638428,-0.22073410448600175
BH_s24_medium,21,97,24.233333333333334,-1.1300466060638428,0.029228362050104914
BH_s24_medium,21,98,24.266666666666666,-1.1300466060638428,0.23587852775397838
BH_s24_medium,21,99,24.3,-1.1300466060638428,0.38530990994340736
BH_s24_medium,21,100,24.333333333333332,-0.9761057496070862,0.4788987118802171
BH_s24_medium,21,101,24.366666666666667,-0.25809189677238464,0.5286207659182902
BH_s24_medium,21,102,24.4,0.7799686193466187,0.549063845095695
BH_s24_medium,21,103,24.433333333333334,1.8243130445480347,0.5505332774146507
BH_s24_medium,21,104,24.466666666666665,2.3351383209228516,0.5364661032373635
BH_s24_medium,21,105,24.5,2.309039354324341,0.5056352964672604
BH_s24_medium,21,106,24.533333333333335,2.1199679374694824,0.4571005783856933
BH_s24_medium,21,107,24.566666666666666,1.9015241861343384,0.3946526449174248
BH_s24_medium,21,108,24.6,1.6833430528640747,0.3279774660083917
BH_s24_medium,21,109,24.633333333333333,1.368398666381836,0.26974334659175914
BH_s24_medium,21,110,24.666666666666668,1.0534542798995972,0.23030511091639266
BH_s24_medium,21,111,24.7,0.767356812953949,0.2129905191707174
BH_s24_medium,21,112,24.733333333333334,0.6071320176124573,0.21208851236151452
BH_s24_medium,21,113,24.766666666666666,0.4811280071735382,0.21392810877035587
BH_s24_medium,21,114,24.8,0.2920563519001007,0.20040069274690905
BH_s24_medium,21,115,24.833333333333332,0.10298469662666321,0.15400462575771415
BH_s24_medium,21,116,24.866666666666667,-0.11427733302116394,0.06335061725978455
BH_s24_medium,21,117,24.9,-0.3382262587547302,-0.07216319550445521
BH_s24_medium,21,118,24.933333333333334,-0.5272979140281677,-0.23998445138860192
BH_s24_medium,21,119,24.966666666666665,-0.6533018946647644,-0.4157220739462933
BH_s24_medium,21,120,25.0,-0.716238260269165,-0.5687744544184151
BH_s24_medium,21,121,25.033333333333335,-0.8147083520889282,-0.6711751256140689
BH_s24_medium,21,122,25.066666666666666,-0.877776026725769,-0.7063738994389138
BH_s24_medium,21,123,25.1,-0.9408436417579651,-0.6739090789778087
BH_s24_medium,21,124,25.133333333333333,-1.0039112567901611,-0.5878170241713913
BH_s24_medium,21,125,25.166666666666668,-1.0039112567901611,-0.46990342737529955
BH_s24_medium,21,126,25.2,-1.066978931427002,-0.3414305429922773
BH_s24_medium,21,127,25.233333333333334,-1.066978931427002,-0.21703576416882722
BH_s24_medium,21,128,25.266666666666666,-1.0935938358306885,-0.10288344411981615
BH_s24_medium,21,129,25.3,-1.1300466060638428,0.0013378588728339552
BH_s24_medium,21,130,25.333333333333332,-1.1300466060638428,0.09840949279954157
BH_s24_medium,21,131,25.366666666666667,-1.1038256883621216,0.1897037883716991
BH_s24_medium,21,132,25.4,-0.7473276257514954,0.2731358582109797
BH_s24_medium,21,133,25.433333333333334,0.0867028757929802,0.343649964730098
BH_s24_medium,21,134,25.466666666666665,1.2208702564239502,0.3956347994438696
BH_s24_medium,21,135,25.5,2.063051462173462,0.4257655486464072
BH_s24_medium,21,136,25.533333333333335,2.3131096363067627,0.4347918387539485
BH_s24_medium,21,137,25.566666666666666,2.161672353744507,0.4274045568475495
BH_s24_medium,21,138,25.6,1.9096643924713135,0.4100407473632905
BH_s24_medium,21,139,25.633333333333333,1.7207239866256714,0.38737746965740655
BH_s24_medium,21,140,25.666666666666668,1.4436765909194946,0.3592207383459256
BH_s24_medium,21,141,25.7,1.1287323236465454,0.31963349531452295
BH_s24_medium,21,142,25.733333333333334,0.8385646343231201,0.25898480555402853
BH_s24_medium,21,143,25.766666666666666,0.6742697358131409,0.16811627570270704
BH_s24_medium,21,144,25.8,0.5482657551765442,0.043117675093709916
BH_s24_medium,21,145,25.833333333333332,0.4222617447376251,-0.11083932960437595
BH_s24_medium,21,146,25.866666666666667,0.27200618386268616,-0.27805523178013564
BH_s24_medium,21,147,25.9,0.04411844164133072,-0.4343727883943363
BH_s24_medium,21,148,25.933333333333334,-0.14495320618152618,-0.5529885651671498
BH_s24_medium,21,149,25.966666666666665,-0.3340248763561249,-0.6125227573315631
BH_s24_medium,21,150,26.0,-0.46002885699272156,-0.6040154708383585
BH_s24_medium,21,151,26.033333333333335,-0.5860328674316406,-0.5334280477852238
BH_s24_medium,21,152,26.066666666666666,-0.6885730624198914,-0.4186939784801976
BH_s24_medium,21,153,26.1,-0.7516407370567322,-0.2831304412386667
BH_s24_medium,21,154,26.133333333333333,-0.8147083520889282,-0.1478897169876149
BH_s24_medium,21,155,26.166666666666668,-0.877776026725769,-0.025999175060942983
BH_s24_medium,21,156,26.2,-0.9408436417579651,0.07944509996864015
BH_s24_medium,21,157,26.233333333333334,-0.9408436417579651,0.17167782502882958
BH_s24_medium,21,158,26.266666666666666,-1.0039112567901611,0.25344121216752574
BH_s24_medium,21,159,26.3,-1.066978931427002,0.32171596735706187
BH_s24_medium,21,160,26.333333333333332,-0.9366708993911743,0.36765624283796233
BH_s24_medium,21,161,26.366666666666667,-0.343394935131073,0.3816540428946741
BH_s24_medium,21,162,26.4,0.5607839822769165,0.36014062672252617
BH_s24_medium,21,163,26.433333333333334,1.4617091417312622,0.30986903955386425
BH_s24_medium,21,164,26.466666666666665,1.897200584411621,0.24726406079973876
BH_s24_medium,21,165,26.5,1.790618896484375,0.19326900509738815
BH_s24_medium,21,166,26.533333333333335,1.5386109352111816,0.16600602277868393
BH_s24_medium,21,167,26.566666666666666,1.2651084661483765,0.1740116312776745
BH_s24_medium,21,168,26.6,0.9715272188186646,0.21226271232685276
BH_s24_medium,21,169,26.633333333333333,0.7195191979408264,0.26218681115142334
BH_s24_medium,21,170,26.666666666666668,0.48861172795295715,0.2957658984891832
BH_s24_medium,21,171,26.7,0.3835769593715668,0.28294564631861113
BH_s24_medium,21,172,26.733333333333334,0.32050931453704834,0.2008603155313175
BH_s24_medium,21,173,26.766666666666666,0.2367350161075592,0.04266807006610857
BH_s24_medium,21,174,26.8,0.06823872029781342,-0.17690473051796465
BH_s24_medium,21,175,26.833333333333332,-0.09878470003604889,-0.42229340057296155
BH_s24_medium,21,176,26.866666666666667,-0.3304799497127533,-0.6456772197759921
BH_s24_medium,21,177,26.9,-0.5195515751838684,-0.8014636431982441
BH_s24_medium,21,178,26.933333333333334,-0.6455556154251099,-0.8604668985302865
BH_s24_medium,21,179,26.966666666666665,-0.7516407370567322,-0.8169623664515544
BH_s24_medium,21,180,27.0,-0.8147083520889282,-0.6867411106780862
BH_s24_medium,21,181,27.033333333333335,-0.877776026725769,-0.49968472741695874
BH_s24_medium,21,182,27.066666666666666,-0.8973010182380676,-0.29111241351893374
BH_s24_medium,21,183,27.1,-0.9602373838424683,-0.0940324896876854
BH_s24_medium,21,184,27.133333333333333,-1.0039112567901611,0.06677398894319857
BH_s24_medium,21,185,27.166666666666668,-1.0039112567901611,0.17817716963850058
BH_s24_medium,21,186,27.2,-1.066978931427002,0.23954701412271454
BH_s24_medium,21,187,27.233333333333334,-1.066978931427002,0.26129182017311914
BH_s24_medium,21,188,27.266666666666666,-1.1113094091415405,0.2609813211479448
BH_s24_medium,21,189,27.3,-0.7847462296485901,0.25725372717575107
BH_s24_medium,21,190,27.333333333333332,0.026833057403564453,0.2634422333405324
BH_s24_medium,21,191,27.366666666666667,1.161000370979309,0.28388981020974813
BH_s24_medium,21,192,27.4,2.051328659057617,0.3144317985736241
BH_s24_medium,21,193,27.433333333333334,2.3386740684509277,0.3461295112544587
BH_s24_medium,21,194,27.466666666666665,2.2397074699401855,0.37026754757663594
BH_s24_medium,21,195,27.5,2.0055177211761475,0.38268864016185805
BH_s24_medium,21,196,27.533333333333335,1.79875910282135,0.38578087406985384
BH_s24_medium,21,197,27.566666666666666,1.5467510223388672,0.3870893372912853
BH_s24_medium,21,198,27.6,1.214251160621643,0.39494451062462577
BH_s24_medium,21,199,27.633333333333333,0.9165997505187988,0.41295340015859444
BH_s24_medium,21,200,27.666666666666668,0.6817534565925598,0.43576201854259766
BH_s24_medium,21,201,27.7,0.618817150592804,0.4480332316681261
BH_s24_medium,21,202,27.733333333333334,0.47591397166252136,0.42746364386213737
BH_s24_medium,21,203,27.766666666666666,0.28697362542152405,0.3513331500267411
BH_s24_medium,21,204,27.8,0.05160216987133026,0.2048897081425481
BH_s24_medium,21,205,27.833333333333332,-0.13746948540210724,-0.011024355017914758
BH_s24_medium,21,206,27.866666666666667,-0.32654112577438354,-0.2760781952261298
BH_s24_medium,21,207,27.9,-0.515612781047821,-0.5526566564534976
BH_s24_medium,21,208,27.933333333333334,-0.6255053877830505,-0.7946222401958393
BH_s24_medium,21,209,27.966666666666665,-0.7045531272888184,-0.9601766954224648
BH_s24_medium,21,210,28.0,-0.767489492893219,-1.0237568776372408
BH_s24_medium,21,211,28.033333333333335,-0.8304258584976196,-0.9819464801809937
BH_s24_medium,21,212,28.066666666666666,-0.8933622241020203,-0.8518059887517971
BH_s24_medium,21,213,28.1,-0.9408436417579651,-0.6638289919930072
BH_s24_medium,21,214,28.133333333333333,-1.0039112567901611,-0.45293102472403146
BH_s24_medium,21,215,28.166666666666668,-1.0039112567901611,-0.25012904613675313
BH_s24_medium,21,216,28.2,-1.066978931427002,-0.07673987381559724
BH_s24_medium,21,217,28.233333333333334,-1.066978931427002,0.05779101264231956
BH_s24_medium,21,218,28.266666666666666,-1.0817774534225464,0.1543660557484485
BH_s24_medium,21,219,28.3,-1.1153794527053833,0.22004313671748463
BH_s24_medium,21,220,28.333333333333332,-0.8681643605232239,0.26286879786446393
BH_s24_medium,21,221,28.366666666666667,-0.06879536807537079,0.2876846143937523
BH_s24_medium,21,222,28.4,1.030850887298584,0.2946873925977511
BH_s24_medium,21,223,28.433333333333334,2.030977964401245,0.28150818920434506
BH_s24_medium,21,224,28.466666666666665,2.4648094177246094,0.2476924709143169
BH_s24_medium,21,225,28.5,2.4370505809783936,0.19882341620406377
BH_s24_medium,21,226,28.533333333333335,2.248110294342041,0.14743450236917552
BH_s24_medium,21,227,28.566666666666666,2.0591697692871094,0.10973419361254078
BH_s24_medium,21,228,28.6,1.7936763763427734,0.10000737015364448
BH_s24_medium,21,229,28.633333333333333,1.4787319898605347,0.12590583227216848
BH_s24_medium,21,230,28.666666666666668,1.1139428615570068,0.18640449764071607
BH_s24_medium,21,231,28.7,0.875026524066925,0.2720259880361942
BH_s24_medium,21,232,28.733333333333334,0.7490225434303284,0.3663811761939859
BH_s24_medium,21,233,28.766666666666666,0.6230185031890869,0.44870252696999974
BH_s24_medium,21,234,28.8,0.421249121427536,0.4973949651736629
BH_s24_medium,21,235,28.833333333333332,0.18180756270885468,0.49437896927988967
BH_s24_medium,21,236,28.866666666666667,0.043368399143218994,0.4295084863730701
BH_s24_medium,21,237,28.9,-0.19633574783802032,0.3038679947925813
BH_s24_medium,21,238,28.933333333333334,-0.334512323141098,0.13061586232013858
BH_s24_medium,21,239,28.966666666666665,-0.5114114284515381,-0.06722872638409717
BH_s24_medium,22,0,22.0,-0.2629950940608978,-0.026088251523797686
BH_s24_medium,22,1,22.033333333333335,-0.41258513927459717,-2.4645258627989217
BH_s24_medium,22,2,22.066666666666666,-0.5385891199111938,-4.515145180134751
BH_s24_medium,22,3,22.1,-0.6645931601524353,-5.8883087979824085
BH_s24_medium,22,4,22.133333333333333,-0.7275295257568359,-6.460737790144117
BH_s24_medium,22,5,22.166666666666668,-0.7904658317565918,-6.288594629054928
BH_s24_medium,22,6,22.2,-0.8534021973609924,-5.5627067147825
BH_s24_medium,22,7,22.233333333333334,-0.877776026725769,-4.531949113486274
BH_s24_medium,22,8,22.266666666666666,-0.9408436417579651,-3.4289445890818646
BH_s24_medium,22,9,22.3,-0.9791436195373535,-2.421044820966578
BH_s24_medium,22,10,22.333333333333332,-1.0039112567901611,-1.5937455123755775
BH_s24_medium,22,11,22.366666666666667,-0.927836537361145,-0.9612219692871125
BH_s24_medium,22,12,22.4,-0.3350012004375458,-0.4918497563658398
BH_s24_medium,22,13,22.433333333333334,0.4965724050998688,-0.13582821508185083
BH_s24_medium,22,14,22.466666666666665,1.3662497997283936,0.15404280970810855
BH_s24_medium,22,15,22.5,1.7455097436904907,0.41166013185290967
BH_s24_medium,22,16,22.533333333333335,1.7336843013763428,0.6554994650568192
BH_s24_medium,22,17,22.566666666666666,1.5073630809783936,0.8912792300907201
BH_s24_medium,22,18,22.6,1.2553550004959106,1.1156771561313619
BH_s24_medium,22,19,22.633333333333333,0.9663599729537964,1.318909552508095
BH_s24_medium,22,20,22.666666666666668,0.6882713437080383,1.4858430065635726
BH_s24_medium,22,21,22.7,0.4729878008365631,1.596776518719408
BH_s24_medium,22,22,22.733333333333334,0.3835769593715668,1.6296945734167936
BH_s24_medium,22,23,22.766666666666666,0.32050931453704834,1.5652821726918613
BH_s24_medium,22,24,22.8,0.22111108899116516,1.3943703852334939
BH_s24_medium,22,25,22.833333333333332,0.06823872029781342,1.1255084401934838
BH_s24_medium,22,26,22.866666666666667,-0.09396456182003021,0.7890892444450223
BH_s24_medium,22,27,22.9,-0.3189729154109955,0.4346984121527722
BH_s24_medium,22,28,22.933333333333334,-0.472107857465744,0.12048108283573263
BH_s24_medium,22,29,22.966666666666665,-0.5981118679046631,-0.10288107129111518
BH_s24_medium,22,30,23.0,-0.7241158485412598,-0.2071821847185554
BH_s24_medium,22,31,23.033333333333335,-0.7870522141456604,-0.19388173761617405
BH_s24_medium,22,32,23.066666666666666,-0.8147083520889282,-0.0909820561898992
BH_s24_medium,22,33,23.1,-0.877776026725769,0.05766324029011646
BH_s24_medium,22,34,23.133333333333333,-0.9127936363220215,0.2058172997441405
BH_s24_medium,22,35,23.166666666666668,-0.9408436417579651,0.3168717692962303
BH_s24_medium,22,36,23.2,-0.9755986928939819,0.3712072564955554
BH_s24_medium,22,37,23.233333333333334,-1.0039112567901611,0.36717650842475524
BH_s24_medium,22,38,23.266666666666666,-1.066978931427002,0.31632995154233884
BH_s24_medium,22,39,23.3,-0.9008278250694275,0.23575051384736703
BH_s24_medium,22,40,23.333333333333332,-0.2597609758377075,0.14118079580657233
BH_s24_medium,22,41,23.366666666666667,0.7245627641677856,0.04358496488453761
BH_s24_medium,22,42,23.4,1.7225984334945679,-0.05047506959281195
BH_s24_medium,22,43,23.433333333333334,2.2171430587768555,-0.13625985529124202
BH_s24_medium,22,44,23.466666666666665,2.1788339614868164,-0.20823932291412067
BH_s24_medium,22,45,23.5,2.019256591796875,-0.25896854512216916
BH_s24_medium,22,46,23.533333333333335,1.800690770149231,-0.27996078640413996
BH_s24_medium,22,47,23.566666666666666,1.578308343887329,-0.2641943215407579
BH_s24_medium,22,48,23.6,1.2632325887680054,-0.2093426917628109
BH_s24_medium,22,49,23.633333333333333,0.948157012462616,-0.12062716534954075
BH_s24_medium,22,50,23.666666666666668,0.6961489915847778,-0.012283215073458783
BH_s24_medium,22,51,23.7,0.5399942398071289,0.09310156091734315
BH_s24_medium,22,52,23.733333333333334,0.4139902591705322,0.16773496756241885
BH_s24_medium,22,53,23.766666666666666,0.255463182926178,0.18405336047309875
BH_s24_medium,22,54,23.8,0.035846952348947525,0.12153480475569309
BH_s24_medium,22,55,23.833333333333332,-0.15322470664978027,-0.026617023470829396
BH_s24_medium,22,56,23.866666666666667,-0.3744255304336548,-0.2487091653376719
BH_s24_medium,22,57,23.9,-0.5313680171966553,-0.5135382054644625
BH_s24_medium,22,58,23.933333333333334,-0.657371997833252,-0.7746111248774833
BH_s24_medium,22,59,23.966666666666665,-0.7516407370567322,-0.9798135155859095
BH_s24_medium,22,60,24.0,-0.8147083520889282,-1.0843825858334597
BH_s24_medium,22,61,24.033333333333335,-0.9092487096786499,-1.0629652622563368
BH_s24_medium,22,62,24.066666666666666,-0.9408436417579651,-0.9163078943868067
BH_s24_medium,22,63,24.1,-1.0039112567901611,-0.6702240264584265
BH_s24_medium,22,64,24.133333333333333,-1.0349901914596558,-0.3678947489628702
BH_s24_medium,22,65,24.166666666666668,-1.066978931427002,-0.058837608688855264
BH_s24_medium,22,66,24.2,-1.1300466060638428,0.212349336146156
BH_s24_medium,22,67,24.233333333333334,-1.1300466060638428,0.41541247217234306
BH_s24_medium,22,68,24.266666666666666,-1.1300466060638428,0.540037383276295
BH_s24_medium,22,69,24.3,-1.1300466060638428,0.5956490900360517
BH_s24_medium,22,70,24.333333333333332,-0.9761057496070862,0.6050034070090899
BH_s24_medium,22,71,24.366666666666667,-0.25809189677238464,0.5937895332588219
BH_s24_medium,22,72,24.4,0.7799686193466187,0.5805531668584756
BH_s24_medium,22,73,24.433333333333334,1.8243130445480347,0.5712539663381484
BH_s24_medium,22,74,24.466666666666665,2.3351383209228516,0.5603554072571358
BH_s24_medium,22,75,24.5,2.309039354324341,0.537087515806346
BH_s24_medium,22,76,24.533333333333335,2.1199679374694824,0.493372380740828
BH_s24_medium,22,77,24.566666666666666,1.9015241861343384,0.4295340470155999
BH_s24_medium,22,78,24.6,1.6833430528640747,0.3551307778931343
BH_s24_medium,22,79,24.633333333333333,1.368398666381836,0.28464198689641734
BH_s24_medium,22,80,24.666666666666668,1.0534542798995972,0.23039034234906194
BH_s24_medium,22,81,24.7,0.767356812953949,0.19637262314153253
BH_s24_medium,22,82,24.733333333333334,0.6071320176124573,0.17575439801299092
BH_s24_medium,22,83,24.766666666666666,0.4811280071735382,0.15273880759728015
BH_s24_medium,22,84,24.8,0.2920563519001007,0.10788483714215805
BH_s24_medium,22,85,24.833333333333332,0.10298469662666321,0.025111469269832612
BH_s24_medium,22,86,24.866666666666667,-0.11427733302116394,-0.10168964101145232
BH_s24_medium,22,87,24.9,-0.3382262587547302,-0.26447108339603254
BH_s24_medium,22,88,24.933333333333334,-0.5272979140281677,-0.4409201329963617
BH_s24_medium,22,89,24.966666666666665,-0.6533018946647644,-0.5992046774827153
BH_s24_medium,22,90,25.0,-0.716238260269165,-0.7069174763468096
BH_s24_medium,22,91,25.033333333333335,-0.8147083520889282,-0.7416079774751572
BH_s24_medium,22,92,25.066666666666666,-0.877776026725769,-0.6986369734739175
BH_s24_medium,22,93,25.1,-0.9408436417579651,-0.5925309146895028
BH_s24_medium,22,94,25.133333333333333,-1.0039112567901611,-0.45117051162441313
BH_s24_medium,22,95,25.166666666666668,-1.0039112567901611,-0.30569787079378613
BH_s24_medium,22,96,25.2,-1.066978931427002,-0.18043121464492134
BH_s24_medium,22,97,25.233333333333334,-1.066978931427002,-0.08638955717056428
BH_s24_medium,22,98,25.266666666666666,-1.0935938358306885,-0.02040791788773423
BH_s24_medium,22,99,25.3,-1.1300466060638428,0.03030934330987896
BH_s24_medium,22,100,25.333333333333332,-1.1300466060638428,0.08059190374637602
BH_s24_medium,22,101,25.366666666666667,-1.1038256883621216,0.1402456689319482
BH_s24_medium,22,102,25.4,-0.7473276257514954,0.21043163658002925
BH_s24_medium,22,103,25.433333333333334,0.0867028757929802,0.28440149710979595
BH_s24_medium,22,104,25.466666666666665,1.2208702564239502,0.3514713781360699
BH_s24_medium,22,105,25.5,2.063051462173462,0.4019635369687544
BH_s24_medium,22,106,25.533333333333335,2.3131096363067627,0.4308952841307855
BH_s24_medium,22,107,25.566666666666666,2.161672353744507,0.4390160554669619
BH_s24_medium,22,108,25.6,1.9096643924713135,0.43085913321477204
BH_s24_medium,22,109,25.633333333333333,1.7207239866256714,0.4107630017021953
BH_s24_medium,22,110,25.666666666666668,1.4436765909194946,0.37907770282059783
BH_s24_medium,22,111,25.7,1.1287323236465454,0.3308830217229504
BH_s24_medium,22,112,25.733333333333334,0.8385646343231201,0.2579872631211022
BH_s24_medium,22,113,25.766666666666666,0.6742697358131409,0.15310755868644205
BH_s24_medium,22,114,25.8,0.5482657551765442,0.014427115731929233
BH_s24_medium,22,115,25.833333333333332,0.4222617447376251,-0.15102661606977222
BH_s24_medium,22,116,25.866666666666667,0.27200618386268616,-0.3263542647959131
BH_s24_medium,22,117,25.9,0.04411844164133072,-0.4868992326072215
BH_s24_medium,22,118,25.933333333333334,-0.14495320618152618,-0.6056121417271226
BH_s24_medium,22,119,25.966666666666665,-0.3340248763561249,-0.6604914302757711
BH_s24_medium,22,120,26.0,-0.46002885699272156,-0.6414264086927879
BH_s24_medium,22,121,26.033333333333335,-0.5860328674316406,-0.5534527843080831
BH_s24_medium,22,122,26.066666666666666,-0.6885730624198914,-0.4150555151901757
BH_s24_medium,22,123,26.1,-0.7516407370567322,-0.2523676973809693
BH_s24_medium,22,124,26.133333333333333,-0.8147083520889282,-0.091381055453362
BH_s24_medium,22,125,26.166666666666668,-0.877776026725769,0.04916044055469065
BH_s24_medium,22,126,26.2,-0.9408436417579651,0.16128965662776373
BH_s24_medium,22,127,26.233333333333334,-0.9408436417579651,0.2460873403251199
BH_s24_medium,22,128,26.266666666666666,-1.0039112567901611,0.3080502037527352
BH_s24_medium,22,129,26.3,-1.066978931427002,0.3494598132768062
BH_s24_medium,22,130,26.333333333333332,-0.9366708993911743,0.36838778430527147
BH_s24_medium,22,131,26.366666666666667,-0.343394935131073,0.3612794589068086
BH_s24_medium,22,132,26.4,0.5607839822769165,0.32798064873542526
BH_s24_medium,22,133,26.433333333333334,1.4617091417312622,0.2756191431725855
BH_s24_medium,22,134,26.466666666666665,1.897200584411621,0.21873538828412792
BH_s24_medium,22,135,26.5,1.790618896484375,0.17537978467257279
BH_s24_medium,22,136,26.533333333333335,1.5386109352111816,0.16086144304690034
BH_s24_medium,22,137,26.566666666666666,1.2651084661483765,0.181622540178286
BH_s24_medium,22,138,26.6,0.9715272188186646,0.23137524880168348
BH_s24_medium,22,139,26.633333333333333,0.7195191979408264,0.2907672234052484
BH_s24_medium,22,140,26.666666666666668,0.48861172795295715,0.3309943641175957
BH_s24_medium,22,141,26.7,0.3835769593715668,0.3209863270507817
BH_s24_medium,22,142,26.733333333333334,0.32050931453704834,0.23686113482304
BH_s24_medium,22,143,26.766666666666666,0.2367350161075592,0.07128984319838862
BH_s24_medium,22,144,26.8,0.06823872029781342,-0.1604431267498258
BH_s24_medium,22,145,26.833333333333332,-0.09878470003604889,-0.4209556624206161
BH_s24_medium,22,146,26.866666666666667,-0.3304799497127533,-0.6596259433965476
BH_s24_medium,22,147,26.9,-0.5195515751838684,-0.8278514541283367
BH_s24_medium,22,148,26.933333333333334,-0.6455556154251099,-0.8942510013465834
BH_s24_medium,22,149,26.966666666666665,-0.7516407370567322,-0.8525156012299641
BH_s24_medium,22,150,27.0,-0.8147083520889282,-0.7195525959283428
BH_s24_medium,22,151,27.033333333333335,-0.877776026725769,-0.5273455010391186
BH_s24_medium,22,152,27.066666666666666,-0.8973010182380676,-0.3132893821965177
BH_s24_medium,22,153,27.1,-0.9602373838424683,-0.11179985710110248
BH_s24_medium,22,154,27.133333333333333,-1.0039112567901611,0.051789745750600066
BH_s24_medium,22,155,27.166666666666668,-1.0039112567901611,0.1647845116570405
BH_s24_medium,22,156,27.2,-1.066978931427002,0.22814390327979578
BH_s24_medium,22,157,27.233333333333334,-1.066978931427002,0.25478425610323
BH_s24_medium,22,158,27.266666666666666,-1.1113094091415405,0.26470304894616065
BH_s24_medium,22,159,27.3,-0.7847462296485901,0.2773486997212236
BH_s24_medium,22,160,27.333333333333332,0.026833057403564453,0.3039254317051823
BH_s24_medium,22,161,27.366666666666667,1.161000370979309,0.3434732592752307
BH_s24_medium,22,162,27.4,2.051328659057617,0.3846833477449883
BH_s24_medium,22,163,27.433333333333334,2.3386740684509277,0.412251027929383
BH_s24_medium,22,164,27.466666666666665,2.2397074699401855,0.414727033535482
BH_s24_medium,22,165,27.5,2.0055177211761475,0.3906086470195229
BH_s24_medium,22,166,27.533333333333335,1.79875910282135,0.35010891332606836
BH_s24_medium,22,167,27.566666666666666,1.5467510223388672,0.3115624409613844
BH_s24_medium,22,168,27.6,1.214251160621643,0.2936094096926177
BH_s24_medium,22,169,27.633333333333333,0.9165997505187988,0.30616874048752785
BH_s24_medium,22,170,27.666666666666668,0.6817534565925598,0.3438006140627573
BH_s24_medium,22,171,27.7,0.618817150592804,0.38426975405856206
BH_s24_medium,22,172,27.733333333333334,0.47591397166252136,0.39341826768230725
BH_s24_medium,22,173,27.766666666666666,0.28697362542152405,0.3354212442224315
BH_s24_medium,22,174,27.8,0.05160216987133026,0.18566470805567056
BH_s24_medium,22,175,27.833333333333332,-0.13746948540210724,-0.05775655386101464
BH_s24_medium,22,176,27.866666666666667,-0.32654112577438354,-0.36822076025124445
BH_s24_medium,22,177,27.9,-0.515612781047821,-0.6937210757458993
BH_s24_medium,22,178,27.933333333333334,-0.6255053877830505,-0.9696643657192159
BH_s24_medium,22,179,27.966666666666665,-0.7045531272888184,-1.1379777401238753
BH_s24_medium,22,180,28.0,-0.767489492893219,-1.165198583332695
BH_s24_medium,22,181,28.033333333333335,-0.8304258584976196,-1.0517511910704178
BH_s24_medium,22,182,28.066666666666666,-0.8933622241020203,-0.82915571487321
BH_s24_medium,22,183,28.1,-0.9408436417579651,-0.5478662873379189
BH_s24_medium,22,184,28.133333333333333,-1.0039112567901611,-0.2614861311087164
BH_s24_medium,22,185,28.166666666666668,-1.0039112567901611,-0.012874663641808257
BH_s24_medium,22,186,28.2,-1.066978931427002,0.17417670653663683
BH_s24_medium,22,187,28.233333333333334,-1.066978931427002,0.2963184100289388
BH_s24_medium,22,188,28.266666666666666,-1.0817774534225464,0.36584476902514695
BH_s24_medium,22,189,28.3,-1.1153794527053833,0.40216061785841223
BH_s24_medium,22,190,28.333333333333332,-0.8681643605232239,0.4228418092117807
BH_s24_medium,22,191,28.366666666666667,-0.06879536807537079,0.4374705772428559
BH_s24_medium,22,192,28.4,1.030850887298584,0.446198317833265
BH_s24_medium,22,193,28.433333333333334,2.030977964401245,0.4431279004410377
BH_s24_medium,22,194,28.466666666666665,2.4648094177246094,0.4227333583771679
BH_s24_medium,22,195,28.5,2.4370505809783936,0.3861034008402717
BH_s24_medium,22,196,28.533333333333335,2.248110294342041,0.3434351109533982
BH_s24_medium,22,197,28.566666666666666,2.0591697692871094,0.31090446933619065
BH_s24_medium,22,198,28.6,1.7936763763427734,0.30347847155953817
BH_s24_medium,22,199,28.633333333333333,1.4787319898605347,0.3275703059917935
BH_s24_medium,22,200,28.666666666666668,1.1139428615570068,0.3766496704136565
BH_s24_medium,22,201,28.7,0.875026524066925,0.43081537037154166
BH_s24_medium,22,202,28.733333333333334,0.7490225434303284,0.4603329394025014
BH_s24_medium,22,203,28.766666666666666,0.6230185031890869,0.4328572981026358
BH_s24_medium,22,204,28.8,0.421249121427536,0.32321448190475993
BH_s24_medium,22,205,28.833333333333332,0.18180756270885468,0.12331055535901686
BH_s24_medium,22,206,28.866666666666667,0.043368399143218994,-0.1511838102748203
BH_s24_medium,22,207,28.9,-0.19633574783802032,-0.4606676099081505
BH_s24_medium,22,208,28.933333333333334,-0.334512323141098,-0.7497910508667271
BH_s24_medium,22,209,28.966666666666665,-0.5114114284515381,-0.9625986815097856
BH_s24_medium,22,210,29.0,-0.574347734451294,-1.0592865649479666
BH_s24_medium,22,211,29.033333333333335,-0.6885730624198914,-1.0275793193916454
BH_s24_medium,22,212,29.066666666666666,-0.7516407370567322,-0.8843324240762864
BH_s24_medium,22,213,29.1,-0.8147083520889282,-0.6677503135661137
BH_s24_medium,22,214,29.133333333333333,-0.877776026725769,-0.4242696076044508
BH_s24_medium,22,215,29.166666666666668,-0.9408436417579651,-0.1952833103331642
BH_s24_medium,22,216,29.2,-0.9408436417579651,-0.007801834699267315
BH_s24_medium,22,217,29.233333333333334,-1.0039112567901611,0.1288941373966283
BH_s24_medium,22,218,29.266666666666666,-1.0039112567901611,0.22046174914256178
BH_s24_medium,22,219,29.3,-1.0146396160125732,0.2801216359598359
BH_s24_medium,22,220,29.333333333333332,-1.066978931427002,0.31985224079551994
BH_s24_medium,22,221,29.366666666666667,-0.9620482921600342,0.3441229007782519
BH_s24_medium,22,222,29.4,-0.30089354515075684,0.34929181949587684
BH_s24_medium,22,223,29.433333333333334,0.6646084785461426,0.32892968577419085
BH_s24_medium,22,224,29.466666666666665,1.6952893733978271,0.28154842705471456
BH_s24_medium,22,225,29.5,2.1494710445404053,0.21546801689753933
BH_s24_medium,22,226,29.533333333333335,2.129852533340454,0.1476603901175078
BH_s24_medium,22,227,29.566666666666666,1.8778445720672607,0.09745101280017564
BH_s24_medium,22,228,29.6,1.6258364915847778,0.07880003388479483
BH_s24_medium,22,229,29.633333333333333,1.3738285303115845,0.09512199653247269
BH_s24_medium,22,230,29.666666666666668,1.0587528944015503,0.1386492150599946
BH_s24_medium,22,231,29.7,0.8067448735237122,0.19383859006331555
BH_s24_medium,22,232,29.733333333333334,0.6358475685119629,0.2428196971404572
BH_s24_medium,22,233,29.766666666666666,0.5638896822929382,0.2706542928708713
BH_s24_medium,22,234,29.8,0.43788567185401917,0.26875345756122665
BH_s24_medium,22,235,29.833333333333332,0.24881401658058167,0.23576161017107566
BH_s24_medium,22,236,29.866666666666667,0.059742361307144165,0.17621520877964658
BH_s24_medium,22,237,29.9,-0.12932929396629333,0.09796111566856577
BH_s24_medium,22,238,29.933333333333334,-0.31840094923973083,0.009506177783961196
BH_s24_medium,22,239,29.966666666666665,-0.4444049596786499,-0.0816880325144207
BH_s24_medium,23,0,23.0,-0.7241158485412598,-0.04782708310533166
BH_s24_medium,23,1,23.033333333333335,-0.7870522141456604,-2.6729332436288487
BH_s24_medium,23,2,23.066666666666666,-0.8147083520889282,-4.8629294334035595
BH_s24_medium,23,3,23.1,-0.877776026725769,-6.295153910819412
BH_s24_medium,23,4,23.133333333333333,-0.9127936363220215,-6.836119991339968
BH_s24_medium,23,5,23.166666666666668,-0.9408436417579651,-6.556556433661286
BH_s24_medium,23,6,23.2,-0.9755986928939819,-5.680934410297104
BH_s24_medium,23,7,23.233333333333334,-1.0039112567901611,-4.500064651530337
BH_s24_medium,23,8,23.266666666666666,-1.066978931427002,-3.2845228404893247
BH_s24_medium,23,9,23.3,-0.9008278250694275,-2.225234423900879
BH_s24_medium,23,10,23.333333333333332,-0.2597609758377075,-1.411371714389712
BH_s24_medium,23,11,23.366666666666667,0.7245627641677856,-0.8420363610698676
BH_s24_medium,23,12,23.4,1.7225984334945679,-0.4587721609289308
BH_s24_medium,23,13,23.433333333333334,2.2171430587768555,-0.18285470960173728
BH_s24_medium,23,14,23.466666666666665,2.1788339614868164,0.055164727591773335
BH_s24_medium,23,15,23.5,2.019256591796875,0.2993685256733076
BH_s24_medium,23,16,23.533333333333335,1.800690770149231,0.5654431611790879
BH_s24_medium,23,17,23.566666666666666,1.578308343887329,0.8466526941709616
BH_s24_medium,23,18,23.6,1.2632325887680054,1.1235361281927694
BH_s24_medium,23,19,23.633333333333333,0.948157012462616,1.3728147738017944
BH_s24_medium,23,20,23.666666666666668,0.6961489915847778,1.5729910260728857
BH_s24_medium,23,21,23.7,0.5399942398071289,1.7063966573654357
BH_s24_medium,23,22,23.733333333333334,0.4139902591705322,1.759163874435273
BH_s24_medium,23,23,23.766666666666666,0.255463182926178,1.7212094489211711
BH_s24_medium,23,24,23.8,0.035846952348947525,1.5877572004322407
BH_s24_medium,23,25,23.833333333333332,-0.15322470664978027,1.3625693828523564
BH_s24_medium,23,26,23.866666666666667,-0.3744255304336548,1.0615411074142116
BH_s24_medium,23,27,23.9,-0.5313680171966553,0.714218481265598
BH_s24_medium,23,28,23.933333333333334,-0.657371997833252,0.36081420829987787
BH_s24_medium,23,29,23.966666666666665,-0.7516407370567322,0.04423599323066876
BH_s24_medium,23,30,24.0,-0.8147083520889282,-0.2000293380909563
BH_s24_medium,23,31,24.033333333333335,-0.9092487096786499,-0.3515152223824744
BH_s24_medium,23,32,24.066666666666666,-0.9408436417579651,-0.4069421144337858
BH_s24_medium,23,33,24.1,-1.0039112567901611,-0.3776332642291944
BH_s24_medium,23,34,24.133333333333333,-1.0349901914596558,-0.2851590105385929
BH_s24_medium,23,35,24.166666666666668,-1.066978931427002,-0.15746866986311447
BH_s24_medium,23,36,24.2,-1.1300466060638428,-0.024967031922146075
BH_s24_medium,23,37,24.233333333333334,-1.1300466060638428,0.08516268812099255
BH_s24_medium,23,38,24.266666666666666,-1.1300466060638428,0.1555643739302241
BH_s24_medium,23,39,24.3,-1.1300466060638428,0.18264212997652482
BH_s24_medium,23,40,24.333333333333332,-0.9761057496070862,0.17503289481895307
BH_s24_medium,23,41,24.366666666666667,-0.25809189677238464,0.14724715160037868
BH_s24_medium,23,42,24.4,0.7799686193466187,0.1119826691447756
BH_s24_medium,23,43,24.433333333333334,1.8243130445480347,0.07517776529465635
BH_s24_medium,23,44,24.466666666666665,2.3351383209228516,0.036036678619538895
BH_s24_medium,23,45,24.5,2.309039354324341,-0.008676098911008977
BH_s24_medium,23,46,24.533333333333335,2.1199679374694824,-0.05907776400358508
BH_s24_medium,23,47,24.566666666666666,1.9015241861343384,-0.10888405113504894
BH_s24_medium,23,48,24.6,1.6833430528640747,-0.14652660315599722
BH_s24_medium,23,49,24.633333333333333,1.368398666381836,-0.16026166817376325
BH_s24_medium,23,50,24.666666666666668,1.0534542798995972,-0.1445797980649184
BH_s24_medium,23,51,24.7,0.767356812953949,-0.10450657821484247
BH_s24_medium,23,52,24.733333333333334,0.6071320176124573,-0.055624106271745216
BH_s24_medium,23,53,24.766666666666666,0.4811280071735382,-0.01979647968016173
BH_s24_medium,23,54,24.8,0.2920563519001007,-0.01827782434749433
BH_s24_medium,23,55,24.833333333333332,0.10298469662666321,-0.06460546829249132
BH_s24_medium,23,56,24.866666666666667,-0.11427733302116394,-0.15953873002196137
BH_s24_medium,23,57,24.9,-0.3382262587547302,-0.2895580505147644
BH_s24_medium,23,58,24.933333333333334,-0.5272979140281677,-0.42941106698459913
BH_s24_medium,23,59,24.966666666666665,-0.6533018946647644,-0.5482049525556347
BH_s24_medium,23,60,25.0,-0.716238260269165,-0.6177038744187784
BH_s24_medium,23,61,25.033333333333335,-0.8147083520889282,-0.6205793502542707
BH_s24_medium,23,62,25.066666666666666,-0.877776026725769,-0.5556047342278466
BH_s24_medium,23,63,25.1,-0.9408436417579651,-0.4373819622329403
BH_s24_medium,23,64,25.133333333333333,-1.0039112567901611,-0.2906260414962921
BH_s24_medium,23,65,25.166666666666668,-1.0039112567901611,-0.14162303963684506
BH_s24_medium,23,66,25.2,-1.066978931427002,-0.010359916889053918
BH_s24_medium,23,67,25.233333333333334,-1.066978931427002,0.09395666942594672
BH_s24_medium,23,68,25.266666666666666,-1.0935938358306885,0.17280403479494824
BH_s24_medium,23,69,25.3,-1.1300466060638428,0.2342741353662571
BH_s24_medium,23,70,25.333333333333332,-1.1300466060638428,0.28725726987362044
BH_s24_medium,23,71,25.366666666666667,-1.1038256883621216,0.33672031925469453
BH_s24_medium,23,72,25.4,-0.7473276257514954,0.3820593570592384
BH_s24_medium,23,73,25.433333333333334,0.0867028757929802,0.4187429062058672
BH_s24_medium,23,74,25.466666666666665,1.2208702564239502,0.4418347618402665
BH_s24_medium,23,75,25.5,2.063051462173462,0.44926858200169517
BH_s24_medium,23,76,25.533333333333335,2.3131096363067627,0.44316442522197896
BH_s24_medium,23,77,25.566666666666666,2.161672353744507,0.42860890783874867
BH_s24_medium,23,78,25.6,1.9096643924713135,0.4105283983529872
BH_s24_medium,23,79,25.633333333333333,1.7207239866256714,0.3901777595840446
BH_s24_medium,23,80,25.666666666666668,1.4436765909194946,0.3630761303384647
BH_s24_medium,23,81,25.7,1.1287323236465454,0.3196441917415252
BH_s24_medium,23,82,25.733333333333334,0.8385646343231201,0.24846112140495294
BH_s24_medium,23,83,25.766666666666666,0.6742697358131409,0.14085312463844177
BH_s24_medium,23,84,25.8,0.5482657551765442,-0.004800224062933095
BH_s24_medium,23,85,25.833333333333332,0.4222617447376251,-0.18032975579768318
BH_s24_medium,23,86,25.866666666666667,0.27200618386268616,-0.3674739001411917
BH_s24_medium,23,87,25.9,0.04411844164133072,-0.5404727097107149
BH_s24_medium,23,88,25.933333333333334,-0.14495320618152618,-0.6714466540206749
BH_s24_medium,23,89,25.966666666666665,-0.3340248763561249,-0.7374515475262828
BH_s24_medium,23,90,26.0,-0.46002885699272156,-0.7269407984793039
BH_s24_medium,23,91,26.033333333333335,-0.5860328674316406,-0.643126440762261
BH_s24_medium,23,92,26.066666666666666,-0.6885730624198914,-0.5029897916193935
BH_s24_medium,23,93,26.1,-0.7516407370567322,-0.3323540132902438
BH_s24_medium,23,94,26.133333333333333,-0.8147083520889282,-0.1584194323672113
BH_s24_medium,23,95,26.166666666666668,-0.877776026725769,-0.0020638514605474355
BH_s24_medium,23,96,26.2,-0.9408436417579651,0.12675132830191535
BH_s24_medium,23,97,26.233333333333334,-0.9408436417579651,0.2279037055145412
BH_s24_medium,23,98,26.266666666666666,-1.0039112567901611,0.305318725644837
BH_s24_medium,23,99,26.3,-1.066978931427002,0.36075250518801033
BH_s24_medium,23,100,26.333333333333332,-0.9366708993911743,0.39139967690121397
BH_s24_medium,23,101,26.366666666666667,-0.343394935131073,0.3925541648943293
BH_s24_medium,23,102,26.4,0.5607839822769165,0.363037408291473
BH_s24_medium,23,103,26.433333333333334,1.4617091417312622,0.30948342487023056
BH_s24_medium,23,104,26.466666666666665,1.897200584411621,0.24671383548962086
BH_s24_medium,23,105,26.5,1.790618896484375,0.19394039114770772
BH_s24_medium,23,106,26.533333333333335,1.5386109352111816,0.16844819697515662
BH_s24_medium,23,107,26.566666666666666,1.2651084661483765,0.17913091658670724
BH_s24_medium,23,108,26.6,0.9715272188186646,0.2220569435502251
BH_s24_medium,23,109,26.633333333333333,0.7195191979408264,0.27953807305088557
BH_s24_medium,23,110,26.666666666666668,0.48861172795295715,0.3232814996920118
BH_s24_medium,23,111,26.7,0.3835769593715668,0.32132648797983787
BH_s24_medium,23,112,26.733333333333334,0.32050931453704834,0.2475847961638169
BH_s24_medium,23,113,26.766666666666666,0.2367350161075592,0.09173682142733372
BH_s24_medium,23,114,26.8,0.06823872029781342,-0.133848731312481
BH_s24_medium,23,115,26.833333333333332,-0.09878470003604889,-0.39374287732132973
BH_s24_medium,23,116,26.866666666666667,-0.3304799497127533,-0.637614018134172
BH_s24_medium,23,117,26.9,-0.5195515751838684,-0.8151167337891551
BH_s24_medium,23,118,26.933333333333334,-0.6455556154251099,-0.8913380695521651
BH_s24_medium,23,119,26.966666666666665,-0.7516407370567322,-0.855748192673681
BH_s24_medium,23,120,27.0,-0.8147083520889282,-0.7220172968208682
BH_s24_medium,23,121,27.033333333333335,-0.877776026725769,-0.5213167985946023
BH_s24_medium,23,122,27.066666666666666,-0.8973010182380676,-0.29311552398468627
BH_s24_medium,23,123,27.1,-0.9602373838424683,-0.0760884397568474
BH_s24_medium,23,124,27.133333333333333,-1.0039112567901611,0.09940129520102799
BH_s24_medium,23,125,27.166666666666668,-1.0039112567901611,0.21630306933515178
BH_s24_medium,23,126,27.2,-1.066978931427002,0.27294989950909165
BH_s24_medium,23,127,27.233333333333334,-1.066978931427002,0.2819815657274992
BH_s24_medium,23,128,27.266666666666666,-1.1113094091415405,0.2656938714692007
BH_s24_medium,23,129,27.3,-0.7847462296485901,0.24817412628139168
BH_s24_medium,23,130,27.333333333333332,0.026833057403564453,0.2468329256031908
BH_s24_medium,23,131,27.366666666666667,1.161000370979309,0.26720243439630986
BH_s24_medium,23,132,27.4,2.051328659057617,0.30315358896944344
BH_s24_medium,23,133,27.433333333333334,2.3386740684509277,0.34172456618898933
BH_s24_medium,23,134,27.466666666666665,2.2397074699401855,0.37005967912975146
BH_s24_medium,23,135,27.5,2.0055177211761475,0.3815925856010761
BH_s24_medium,23,136,27.533333333333335,1.79875910282135,0.37882278285808446
BH_s24_medium,23,137,27.566666666666666,1.5467510223388672,0.37119359455853945
BH_s24_medium,23,138,27.6,1.214251160621643,0.36888278294402105
BH_s24_medium,23,139,27.633333333333333,0.9165997505187988,0.37550052753649243
BH_s24_medium,23,140,27.666666666666668,0.6817534565925598,0.3833239380558681
BH_s24_medium,23,141,27.7,0.618817150592804,0.3735861060303503
BH_s24_medium,23,142,27.733333333333334,0.47591397166252136,0.3221802744982199
BH_s24_medium,23,143,27.766666666666666,0.28697362542152405,0.2089150101149495
BH_s24_medium,23,144,27.8,0.05160216987133026,0.02698658546787768
BH_s24_medium,23,145,27.833333333333332,-0.13746948540210724,-0.21105950473256596
BH_s24_medium,23,146,27.866666666666667,-0.32654112577438354,-0.4737813560664781
BH_s24_medium,23,147,27.9,-0.515612781047821,-0.7183094755355112
BH_s24_medium,23,148,27.933333333333334,-0.6255053877830505,-0.902194324824062
BH_s24_medium,23,149,27.966666666666665,-0.7045531272888184,-0.9948130239537817
BH_s24_medium,23,150,28.0,-0.767489492893219,-0.9840456764709595
BH_s24_medium,23,151,28.033333333333335,-0.8304258584976196,-0.8767564442069831
BH_s24_medium,23,152,28.066666666666666,-0.8933622241020203,-0.6947745801354072
BH_s24_medium,23,153,28.1,-0.9408436417579651,-0.4691566168231443
BH_s24_medium,23,154,28.133333333333333,-1.0039112567901611,-0.23396943419917865
BH_s24_medium,23,155,28.166666666666668,-1.0039112567901611,-0.01951076345022282
BH_s24_medium,23,156,28.2,-1.066978931427002,0.15399143077316646
BH_s24_medium,23,157,28.233333333333334,-1.066978931427002,0.2796769765535329
BH_s24_medium,23,158,28.266666666666666,-1.0817774534225464,0.3626569626140849
BH_s24_medium,23,159,28.3,-1.1153794527053833,0.4146115546915018
BH_s24_medium,23,160,28.333333333333332,-0.8681643605232239,0.4469080042491132
BH_s24_medium,23,161,28.366666666666667,-0.06879536807537079,0.46528069636914715
BH_s24_medium,23,162,28.4,1.030850887298584,0.4684110915662086
BH_s24_medium,23,163,28.433333333333334,2.030977964401245,0.4510445532834341
BH_s24_medium,23,164,28.466666666666665,2.4648094177246094,0.4100896075738977
BH_s24_medium,23,165,28.5,2.4370505809783936,0.3503775060330886
BH_s24_medium,23,166,28.533333333333335,2.248110294342041,0.2864444907525411
BH_s24_medium,23,167,28.566666666666666,2.0591697692871094,0.23857326666044093
BH_s24_medium,23,168,28.6,1.7936763763427734,0.22474063294138893
BH_s24_medium,23,169,28.633333333333333,1.4787319898605347,0.2524169435086061
BH_s24_medium,23,170,28.666666666666668,1.1139428615570068,0.3135481207001958
BH_s24_medium,23,171,28.7,0.875026524066925,0.3840817045471559
BH_s24_medium,23,172,28.733333333333334,0.7490225434303284,0.4282187252995589
BH_s24_medium,23,173,28.766666666666666,0.6230185031890869,0.40698007093226984
BH_s24_medium,23,174,28.8,0.421249121427536,0.28967214881482484
BH_s24_medium,23,175,28.833333333333332,0.18180756270885468,0.06554362210455317
BH_s24_medium,23,176,28.866666666666667,0.043368399143218994,-0.24799212230859566
BH_s24_medium,23,177,28.9,-0.19633574783802032,-0.6043691832295549
BH_s24_medium,23,178,28.933333333333334,-0.334512323141098,-0.9367766171808057
BH_s24_medium,23,179,28.966666666666665,-0.5114114284515381,-1.1760861427784
BH_s24_medium,23,180,29.0,-0.574347734451294,-1.2717218584113845
BH_s24_medium,23,181,29.033333333333335,-0.6885730624198914,-1.2066764710705813
BH_s24_medium,23,182,29.066666666666666,-0.7516407370567322,-1.0006584809570993
BH_s24_medium,23,183,29.1,-0.8147083520889282,-0.7012524702598547
BH_s24_medium,23,184,29.133333333333333,-0.877776026725769,-0.36776853191551456
BH_s24_medium,23,185,29.166666666666668,-0.9408436417579651,-0.05425783006614982
BH_s24_medium,23,186,29.2,-0.9408436417579651,0.20282619173611072
BH_s24_medium,23,187,29.233333333333334,-1.0039112567901611,0.389382449950279
BH_s24_medium,23,188,29.266666666666666,-1.0039112567901611,0.5106418857628086
BH_s24_medium,23,189,29.3,-1.0146396160125732,0.5825521499667953
BH_s24_medium,23,190,29.333333333333332,-1.066978931427002,0.6214680238868612
BH_s24_medium,23,191,29.366666666666667,-0.9620482921600342,0.6365846925657376
BH_s24_medium,23,192,29.4,-0.30089354515075684,0.6283806450375514
BH_s24_medium,23,193,29.433333333333334,0.6646084785461426,0.5933557716422824
BH_s24_medium,23,194,29.466666666666665,1.6952893733978271,0.5316518330326327
BH_s24_medium,23,195,29.5,2.1494710445404053,0.45236518852273594
BH_s24_medium,23,196,29.533333333333335,2.129852533340454,0.37313267793094623
BH_s24_medium,23,197,29.566666666666666,1.8778445720672607,0.31427434049659136
BH_s24_medium,23,198,29.6,1.6258364915847778,0.29065782921459304
BH_s24_medium,23,199,29.633333333333333,1.3738285303115845,0.3051139928845302
BH_s24_medium,23,200,29.666666666666668,1.0587528944015503,0.34587163411551697
BH_s24_medium,23,201,29.7,0.8067448735237122,0.38849770194192085
BH_s24_medium,23,202,29.733333333333334,0.6358475685119629,0.40153934597799
BH_s24_medium,23,203,29.766666666666666,0.5638896822929382,0.3545013362771333
BH_s24_medium,23,204,29.8,0.43788567185401917,0.22645753145002046
BH_s24_medium,23,205,29.833333333333332,0.24881401658058167,0.013402794860144729
BH_s24_medium,23,206,29.866666666666667,0.059742361307144165,-0.2674947459717572
BH_s24_medium,23,207,29.9,-0.12932929396629333,-0.5783386553419443
BH_s24_medium,23,208,29.933333333333334,-0.31840094923973083,-0.866719460157922
BH_s24_medium,23,209,29.966666666666665,-0.4444049596786499,-1.077523265628674
BH_s24_medium,23,210,30.0,-0.5704089403152466,-1.168007272438227
BH_s24_medium,23,211,30.033333333333335,-0.6885730624198914,-1.1214194883396846
BH_s24_medium,23,212,30.066666666666666,-0.7593492865562439,-0.9532827131587581
BH_s24_medium,23,213,30.1,-0.8222856521606445,-0.7064411824311247
BH_s24_medium,23,214,30.133333333333333,-0.8852220177650452,-0.43619641510588275
BH_s24_medium,23,215,30.166666666666668,-0.9408436417579651,-0.19206944480405005
BH_s24_medium,23,216,30.2,-0.9480270743370056,-0.0042757832507409705
BH_s24_medium,23,217,30.233333333333334,-1.0039112567901611,0.11992000466325822
BH_s24_medium,23,218,30.266666666666666,-1.0108321905136108,0.19032621749792028
BH_s24_medium,23,219,30.3,-1.066978931427002,0.22344931942047577
BH_s24_medium,23,220,30.333333333333332,-0.8511430025100708,0.2337188052445467
BH_s24_medium,23,221,30.366666666666667,-0.19488388299942017,0.2298430784192955
BH_s24_medium,23,222,30.4,0.8826114535331726,0.21581042572590717
BH_s24_medium,23,223,30.433333333333334,1.8654546737670898,0.19370015836579313
BH_s24_medium,23,224,30.466666666666665,2.275606393814087,0.16621082305947626
BH_s24_medium,23,225,30.5,2.2065370082855225,0.13845831002570502
BH_s24_medium,23,226,30.533333333333335,2.017465353012085,0.11877377600065692
BH_s24_medium,23,227,30.566666666666666,1.8226544857025146,0.11780006967162909
BH_s24_medium,23,228,30.6,1.5706465244293213,0.14574497229516203
BH_s24_medium,23,229,30.633333333333333,1.2500941753387451,0.20871313614467393
BH_s24_medium,23,230,30.666666666666668,0.8774275183677673,0.3054684947241178
BH_s24_medium,23,231,30.7,0.6937012076377869,0.42571496499778433
BH_s24_medium,23,232,30.733333333333334,0.5676971673965454,0.5504915754994255
BH_s24_medium,23,233,30.766666666666666,0.44169318675994873,0.6547989888954484
BH_s24_medium,23,234,30.8,0.24780137836933136,0.7121453729449003
BH_s24_medium,23,235,30.833333333333332,0.05886102467775345,0.7002878507255443
BH_s24_medium,23,236,30.866666666666667,-0.1885894238948822,0.6070132380593427
BH_s24_medium,23,237,30.9,-0.3776610791683197,0.4343690722772795
BH_s24_medium,23,238,30.933333333333334,-0.5667327046394348,0.19966554526392546
BH_s24_medium,23,239,30.966666666666665,-0.6885730624198914,-0.06742893316996186
BH_s24_medium,24,0,24.0,-0.8147083520889282,-0.04817807143269375
BH_s24_medium,24,1,24.033333333333335,-0.9092487096786499,-2.7104883019234904
BH_s24_medium,24,2,24.066666666666666,-0.9408436417579651,-4.946360437391048
BH_s24_medium,24,3,24.1,-1.0039112567901611,-6.434181533858291
BH_s24_medium,24,4,24.133333333333333,-1.0349901914596558,-7.031148616318655
BH_s24_medium,24,5,24.166666666666668,-1.066978931427002,-6.792587907424417
BH_s24_medium,24,6,24.2,-1.1300466060638428,-5.929617210933039
BH_s24_medium,24,7,24.233333333333334,-1.1300466060638428,-4.727955078594495
BH_s24_medium,24,8,24.266666666666666,-1.1300466060638428,-3.462581571705789
BH_s24_medium,24,9,24.3,-1.1300466060638428,-2.3356532539300074
BH_s24_medium,24,10,24.333333333333332,-0.9761057496070862,-1.4499300270706683
BH_s24_medium,24,11,24.366666666666667,-0.25809189677238464,-0.8157798365545617
BH_s24_medium,24,12,24.4,0.7799686193466187,-0.38088878099260814
BH_s24_medium,24,13,24.433333333333334,1.8243130445480347,-0.06834586364139222
BH_s24_medium,24,14,24.466666666666665,2.3351383209228516,0.1905612009319561
BH_s24_medium,24,15,24.5,2.309039354324341,0.4379261463661913
BH_s24_medium,24,16,24.533333333333335,2.1199679374694824,0.6867868055751184
BH_s24_medium,24,17,24.566666666666666,1.9015241861343384,0.9296653053398147
BH_s24_medium,24,18,24.6,1.6833430528640747,1.1506385955483136
BH_s24_medium,24,19,24.633333333333333,1.368398666381836,1.3349808737161093
BH_s24_medium,24,20,24.666666666666668,1.0534542798995972,1.4736570863510658
BH_s24_medium,24,21,24.7,0.767356812953949,1.5629961141304478
BH_s24_medium,24,22,24.733333333333334,0.6071320176124573,1.6016516817508197
BH_s24_medium,24,23,24.766666666666666,0.4811280071735382,1.587405019744471
BH_s24_medium,24,24,24.8,0.2920563519001007,1.5159113208384842
BH_s24_medium,24,25,24.833333333333332,0.10298469662666321,1.38243803692766
BH_s24_medium,24,26,24.866666666666667,-0.11427733302116394,1.1862250353564896
BH_s24_medium,24,27,24.9,-0.3382262587547302,0.9356773125273945
BH_s24_medium,24,28,24.933333333333334,-0.5272979140281677,0.6516710995260151
BH_s24_medium,24,29,24.966666666666665,-0.6533018946647644,0.36636583755439117
BH_s24_medium,24,30,25.0,-0.716238260269165,0.11642509099115189
BH_s24_medium,24,31,25.033333333333335,-0.8147083520889282,-0.06765060667532771
BH_s24_medium,24,32,25.066666666666666,-0.877776026725769,-0.17149001492111135
BH_s24_medium,24,33,25.1,-0.9408436417579651,-0.20103628806250434
BH_s24_medium,24,34,25.133333333333333,-1.0039112567901611,-0.1789110025928129
BH_s24_medium,24,35,25.166666666666668,-1.0039112567901611,-0.13510495896315383
BH_s24_medium,24,36,25.2,-1.066978931427002,-0.09643385372271922
BH_s24_medium,24,37,25.233333333333334,-1.066978931427002,-0.07896702814931973
BH_s24_medium,24,38,25.266666666666666,-1.0935938358306885,-0.08578187204171725
BH_s24_medium,24,39,25.3,-1.1300466060638428,-0.10989778585448745
BH_s24_medium,24,40,25.333333333333332,-1.1300466060638428,-0.1400829621651381
BH_s24_medium,24,41,25.366666666666667,-1.1038256883621216,-0.16637333140751867
BH_s24_medium,24,42,25.4,-0.7473276257514954,-0.18296372763574792
BH_s24_medium,24,43,25.433333333333334,0.0867028757929802,-0.1879790368014967
BH_s24_medium,24,44,25.466666666666665,1.2208702564239502,-0.181378197029618
BH_s24_medium,24,45,25.5,2.063051462173462,-0.16294699324156034
BH_s24_medium,24,46,25.533333333333335,2.3131096363067627,-0.1317622714599629
BH_s24_medium,24,47,25.566666666666666,2.161672353744507,-0.08738469096173682
BH_s24_medium,24,48,25.6,1.9096643924713135,-0.03216492811420348
BH_s24_medium,24,49,25.633333333333333,1.7207239866256714,0.026541421219904285
BH_s24_medium,24,50,25.666666666666668,1.4436765909194946,0.0758055150743596
BH_s24_medium,24,51,25.7,1.1287323236465454,0.09927611970232972
BH_s24_medium,24,52,25.733333333333334,0.8385646343231201,0.08164337866972905
BH_s24_medium,24,53,25.766666666666666,0.6742697358131409,0.013734761568795013
BH_s24_medium,24,54,25.8,0.5482657551765442,-0.10345915175263161
BH_s24_medium,24,55,25.833333333333332,0.4222617447376251,-0.2568626567780584
BH_s24_medium,24,56,25.866666666666667,0.27200618386268616,-0.4221336872013236
BH_s24_medium,24,57,25.9,0.04411844164133072,-0.5677549157513437
BH_s24_medium,24,58,25.933333333333334,-0.14495320618152618,-0.6624480023515238
BH_s24_medium,24,59,25.966666666666665,-0.3340248763561249,-0.6843481943258211
BH_s24_medium,24,60,26.0,-0.46002885699272156,-0.628172051656602
BH_s24_medium,24,61,26.033333333333335,-0.5860328674316406,-0.5064748120542125
BH_s24_medium,24,62,26.066666666666666,-0.6885730624198914,-0.34434093099596086
BH_s24_medium,24,63,26.1,-0.7516407370567322,-0.17047303858771254
BH_s24_medium,24,64,26.133333333333333,-0.8147083520889282,-0.008495991796215548
BH_s24_medium,24,65,26.166666666666668,-0.877776026725769,0.12868965891329642
BH_s24_medium,24,66,26.2,-0.9408436417579651,0.23962621719249702
BH_s24_medium,24,67,26.233333333333334,-0.9408436417579651,0.32979568725366215
BH_s24_medium,24,68,26.266666666666666,-1.0039112567901611,0.40439857200227014
BH_s24_medium,24,69,26.3,-1.066978931427002,0.46281473061405237
BH_s24_medium,24,70,26.333333333333332,-0.9366708993911743,0.4980782572654648
BH_s24_medium,24,71,26.366666666666667,-0.343394935131073,0.5014759614723154
BH_s24_medium,24,72,26.4,0.5607839822769165,0.46929770531531695
BH_s24_medium,24,73,26.433333333333334,1.4617091417312622,0.4076676072969131
BH_s24_medium,24,74,26.466666666666665,1.897200584411621,0.3327538238575702
BH_s24_medium,24,75,26.5,1.790618896484375,0.2662218504509636
BH_s24_medium,24,76,26.533333333333335,1.5386109352111816,0.22786340175289888
BH_s24_medium,24,77,26.566666666666666,1.2651084661483765,0.22819005817323174
BH_s24_medium,24,78,26.6,0.9715272188186646,0.2635253887009971
BH_s24_medium,24,79,26.633333333333333,0.7195191979408264,0.3151906778536509
BH_s24_medium,24,80,26.666666666666668,0.48861172795295715,0.35323813966361295
BH_s24_medium,24,81,26.7,0.3835769593715668,0.34414752255429837
BH_s24_medium,24,82,26.733333333333334,0.32050931453704834,0.26100318235948655
BH_s24_medium,24,83,26.766666666666666,0.2367350161075592,0.09371347358202531
BH_s24_medium,24,84,26.8,0.06823872029781342,-0.1440884812575677
BH_s24_medium,24,85,26.833333333333332,-0.09878470003604889,-0.4149782008526919
BH_s24_medium,24,86,26.866666666666667,-0.3304799497127533,-0.6664588044411255
BH_s24_medium,24,87,26.9,-0.5195515751838684,-0.846610248374706
BH_s24_medium,24,88,26.933333333333334,-0.6455556154251099,-0.9202686769814051
BH_s24_medium,24,89,26.966666666666665,-0.7516407370567322,-0.8783496365359456
BH_s24_medium,24,90,27.0,-0.8147083520889282,-0.7374801751938628
BH_s24_medium,24,91,27.033333333333335,-0.877776026725769,-0.5325733828708807
BH_s24_medium,24,92,27.066666666666666,-0.8973010182380676,-0.30647345582890984
BH_s24_medium,24,93,27.1,-0.9602373838424683,-0.0995196756328929
BH_s24_medium,24,94,27.133333333333333,-1.0039112567901611,0.059040306717570504
BH_s24_medium,24,95,27.166666666666668,-1.0039112567901611,0.15621784293361154
BH_s24_medium,24,96,27.2,-1.066978931427002,0.196202993997856
BH_s24_medium,24,97,27.233333333333334,-1.066978931427002,0.19704510496126904
BH_s24_medium,24,98,27.266666666666666,-1.1113094091415405,0.18366971451312267
BH_s24_medium,24,99,27.3,-0.7847462296485901,0.1788336433324051
BH_s24_medium,24,100,27.333333333333332,0.026833057403564453,0.19523046138576886
BH_s24_medium,24,101,27.366666666666667,1.161000370979309,0.23224955209579456
BH_s24_medium,24,102,27.4,2.051328659057617,0.2786061797679701
BH_s24_medium,24,103,27.433333333333334,2.3386740684509277,0.31906881958426003
BH_s24_medium,24,104,27.466666666666665,2.2397074699401855,0.34212124221507106
BH_s24_medium,24,105,27.5,2.0055177211761475,0.3455092980339245
BH_s24_medium,24,106,27.533333333333335,1.79875910282135,0.33734856809436276
BH_s24_medium,24,107,27.566666666666666,1.5467510223388672,0.33200537237944083
BH_s24_medium,24,108,27.6,1.214251160621643,0.3423469994684033
BH_s24_medium,24,109,27.633333333333333,0.9165997505187988,0.37181190947406917
BH_s24_medium,24,110,27.666666666666668,0.6817534565925598,0.40980106998622606
BH_s24_medium,24,111,27.7,0.618817150592804,0.43248245644883854
BH_s24_medium,24,112,27.733333333333334,0.47591397166252136,0.4092205519987578
BH_s24_medium,24,113,27.766666666666666,0.28697362542152405,0.3129715141771053
BH_s24_medium,24,114,27.8,0.05160216987133026,0.13141053698911762
BH_s24_medium,24,115,27.833333333333332,-0.13746948540210724,-0.12520578343180294
BH_s24_medium,24,116,27.866666666666667,-0.32654112577438354,-0.42287193480666785
BH_s24_medium,24,117,27.9,-0.515612781047821,-0.7106862121206713
BH_s24_medium,24,118,27.933333333333334,-0.6255053877830505,-0.9339478654740988
BH_s24_medium,24,119,27.966666666666665,-0.7045531272888184,-1.0491225971285532
BH_s24_medium,24,120,28.0,-0.767489492893219,-1.0355797776832603
BH_s24_medium,24,121,28.033333333333335,-0.8304258584976196,-0.9003495157312852
BH_s24_medium,24,122,28.066666666666666,-0.8933622241020203,-0.6747957187374192
BH_s24_medium,24,123,28.1,-0.9408436417579651,-0.40485227078339314
BH_s24_medium,24,124,28.133333333333333,-1.0039112567901611,-0.1382849895524533
BH_s24_medium,24,125,28.166666666666668,-1.0039112567901611,0.08705691122125958
BH_s24_medium,24,126,28.2,-1.066978931427002,0.2507203183907445
BH_s24_medium,24,127,28.233333333333334,-1.066978931427002,0.35107921879735116
BH_s24_medium,24,128,28.266666666666666,-1.0817774534225464,0.4008367371581538
BH_s24_medium,24,129,28.3,-1.1153794527053833,0.4186677117318728
BH_s24_medium,24,130,28.333333333333332,-0.8681643605232239,0.4205307020847389
BH_s24_medium,24,131,28.366666666666667,-0.06879536807537079,0.4142463997938883
BH_s24_medium,24,132,28.4,1.030850887298584,0.3992544046283611
BH_s24_medium,24,133,28.433333333333334,2.030977964401245,0.37097189661835944
BH_s24_medium,24,134,28.466666666666665,2.4648094177246094,0.32719495921970715
BH_s24_medium,24,135,28.5,2.4370505809783936,0.27312455434704414
BH_s24_medium,24,136,28.533333333333335,2.248110294342041,0.22209375682434337
BH_s24_medium,24,137,28.566666666666666,2.0591697692871094,0.19114189024966963
BH_s24_medium,24,138,28.6,1.7936763763427734,0.19352722075762316
BH_s24_medium,24,139,28.633333333333333,1.4787319898605347,0.23187829478316377
BH_s24_medium,24,140,28.666666666666668,1.1139428615570068,0.29466363904312665
BH_s24_medium,24,141,28.7,0.875026524066925,0.3567414007177789
BH_s24_medium,24,142,28.733333333333334,0.7490225434303284,0.38393927478615386
BH_s24_medium,24,143,28.766666666666666,0.6230185031890869,0.34140054128809705
BH_s24_medium,24,144,28.8,0.421249121427536,0.20454195014074233
BH_s24_medium,24,145,28.833333333333332,0.18180756270885468,-0.030036510848014838
BH_s24_medium,24,146,28.866666666666667,0.043368399143218994,-0.33758949380006203
BH_s24_medium,24,147,28.9,-0.19633574783802032,-0.6662710488500889
BH_s24_medium,24,148,28.933333333333334,-0.334512323141098,-0.9485070101996408
BH_s24_medium,24,149,28.966666666666665,-0.5114114284515381,-1.1206162385196083
BH_s24_medium,24,150,29.0,-0.574347734451294,-1.1430621214897148
BH_s24_medium,24,151,29.033333333333335,-0.6885730624198914,-1.0121406725611997
BH_s24_medium,24,152,29.066666666666666,-0.7516407370567322,-0.7589486228840218
BH_s24_medium,24,153,29.1,-0.8147083520889282,-0.4381285506239427
BH_s24_medium,24,154,29.133333333333333,-0.877776026725769,-0.11156925813435224
BH_s24_medium,24,155,29.166666666666668,-0.9408436417579651,0.16805758795228715
BH_s24_medium,24,156,29.2,-0.9408436417579651,0.3693973814500233
BH_s24_medium,24,157,29.233333333333334,-1.0039112567901611,0.48652901616578736
BH_s24_medium,24,158,29.266666666666666,-1.0039112567901611,0.5342308245618939
BH_s24_medium,24,159,29.3,-1.0146396160125732,0.5370917707506594
BH_s24_medium,24,160,29.333333333333332,-1.066978931427002,0.5175539223800715
BH_s24_medium,24,161,29.366666666666667,-0.9620482921600342,0.4880572627651844
BH_s24_medium,24,162,29.4,-0.30089354515075684,0.45019799416154005
BH_s24_medium,24,163,29.433333333333334,0.6646084785461426,0.40018513463613925
BH_s24_medium,24,164,29.466666666666665,1.6952893733978271,0.3366225055230754
BH_s24_medium,24,165,29.5,2.1494710445404053,0.2657383363832217
BH_s24_medium,24,166,29.533333333333335,2.129852533340454,0.2012879118465111
BH_s24_medium,24,167,29.566666666666666,1.8778445720672607,0.15965876251807404
BH_s24_medium,24,168,29.6,1.6258364915847778,0.1529077451768576
BH_s24_medium,24,169,29.633333333333333,1.3738285303115845,0.18284421131271378
BH_s24_medium,24,170,29.666666666666668,1.0587528944015503,0.2383306080303472
BH_s24_medium,24,171,29.7,0.8067448735237122,0.2965550112587425
BH_s24_medium,24,172,29.733333333333334,0.6358475685119629,0.3278441164067114
BH_s24_medium,24,173,29.766666666666666,0.5638896822929382,0.30280886507397214
BH_s24_medium,24,174,29.8,0.43788567185401917,0.20017619899254013
BH_s24_medium,24,175,29.833333333333332,0.24881401658058167,0.013600125913311834
BH_s24_medium,24,176,29.866666666666667,0.059742361307144165,-0.2439931954934227
BH_s24_medium,24,177,29.9,-0.12932929396629333,-0.539748652978844
BH_s24_medium,24,178,29.933333333333334,-0.31840094923973083,-0.8250374029481304
BH_s24_medium,24,179,29.966666666666665,-0.4444049596786499,-1.0449562499737204
BH_s24_medium,24,180,30.0,-0.5704089403152466,-1.1520246572745623
BH_s24_medium,24,181,30.033333333333335,-0.6885730624198914,-1.1203664466461205
BH_s24_medium,24,182,30.066666666666666,-0.7593492865562439,-0.9546175928338836
BH_s24_medium,24,183,30.1,-0.8222856521606445,-0.6887530796073944
BH_s24_medium,24,184,30.133333333333333,-0.8852220177650452,-0.37472999257933104
BH_s24_medium,24,185,30.166666666666668,-0.9408436417579651,-0.06612164347105876
BH_s24_medium,24,186,30.2,-0.9480270743370056,0.19603769696329323
BH_s24_medium,24,187,30.233333333333334,-1.0039112567901611,0.39001848658539634
BH_s24_medium,24,188,30.266666666666666,-1.0108321905136108,0.5120507958308185
BH_s24_medium,24,189,30.3,-1.066978931427002,0.5701463870032589
BH_s24_medium,24,190,30.333333333333332,-0.8511430025100708,0.5776117572336135
BH_s24_medium,24,191,30.366666666666667,-0.19488388299942017,0.5490762955483254
BH_s24_medium,24,192,30.4,0.8826114535331726,0.4989006050204416
BH_s24_medium,24,193,30.433333333333334,1.8654546737670898,0.44027819399750145
BH_s24_medium,24,194,30.466666666666665,2.275606393814087,0.3843388291773154
BH_s24_medium,24,195,30.5,2.2065370082855225,0.33987352808837407
BH_s24_medium,24,196,30.533333333333335,2.017465353012085,0.31374285131533963
BH_s24_medium,24,197,30.566666666666666,1.8226544857025146,0.31081486030213307
BH_s24_medium,24,198,30.6,1.5706465244293213,0.33241239980249687
BH_s24_medium,24,199,30.633333333333333,1.2500941753387451,0.373570859900684
BH_s24_medium,24,200,30.666666666666668,0.8774275183677673,0.4206662763010954
BH_s24_medium,24,201,30.7,0.6937012076377869,0.4513548945166619
BH_s24_medium,24,202,30.733333333333334,0.5676971673965454,0.4380810364324298
BH_s24_medium,24,203,30.766666666666666,0.44169318675994873,0.35505395077094415
BH_s24_medium,24,204,30.8,0.24780137836933136,0.18717238615884305
BH_s24_medium,24,205,30.833333333333332,0.05886102467775345,-0.061701786527258606
BH_s24_medium,24,206,30.866666666666667,-0.1885894238948822,-0.36423131345241966
BH_s24_medium,24,207,30.9,-0.3776610791683197,-0.6718142575578773
BH_s24_medium,24,208,30.933333333333334,-0.5667327046394348,-0.9251902329440447
BH_s24_medium,24,209,30.966666666666665,-0.6885730624198914,-1.0715970368789816
BH_s24_medium,24,210,31.0,-0.7556731104850769,-1.0817788331372535
BH_s24_medium,24,211,31.033333333333335,-0.8186094760894775,-0.9586066041466248
BH_s24_medium,24,212,31.066666666666666,-0.8815457820892334,-0.7336662249893195
BH_s24_medium,24,213,31.1,-0.944482147693634,-0.4549039366019612
BH_s24_medium,24,214,31.133333333333333,-1.0074185132980347,-0.17188377569505367
BH_s24_medium,24,215,31.166666666666668,-1.066978931427002,0.07550264638998798
BH_s24_medium,24,216,31.2,-1.1300466060638428,0.262045783885003
BH_s24_medium,24,217,31.233333333333334,-1.1300466060638428,0.37648568467197646
BH_s24_medium,24,218,31.266666666666666,-1.1300466060638428,0.41784092904730924
BH_s24_medium,24,219,31.3,-1.1931142807006836,0.3920366071778089
BH_s24_medium,24,220,31.333333333333332,-1.1903947591781616,0.31075821469369197
BH_s24_medium,24,221,31.366666666666667,-0.862247109413147,0.1921604445850062
BH_s24_medium,24,222,31.4,0.024825938045978546,0.06106354256147609
BH_s24_medium,24,223,31.433333333333334,1.1613187789916992,-0.053916752231707527
BH_s24_medium,24,224,31.466666666666665,2.0951805114746094,-0.12676827793744855
BH_s24_medium,24,225,31.5,2.4648094177246094,-0.14157913461854882
BH_s24_medium,24,226,31.533333333333335,2.397878408432007,-0.09720750139820128
BH_s24_medium,24,227,31.566666666666666,2.1476707458496094,-0.006521131312076373
BH_s24_medium,24,228,31.6,1.9569300413131714,0.10893376765858359
BH_s24_medium,24,229,31.633333333333333,1.7033841609954834,0.22562447755684606
BH_s24_medium,24,230,31.666666666666668,1.3267786502838135,0.3236991422010052
BH_s24_medium,24,231,31.7,1.0117030143737793,0.390847816594999
BH_s24_medium,24,232,31.733333333333334,0.7608389258384705,0.42350162238946903
BH_s24_medium,24,233,31.766666666666666,0.6348349452018738,0.42458034347666074
BH_s24_medium,24,234,31.8,0.5079495906829834,0.399086032401308
BH_s24_medium,24,235,31.833333333333332,0.25594156980514526,0.35063186808134544
BH_s24_medium,24,236,31.866666666666667,0.06700122356414795,0.28093396926504527
BH_s24_medium,24,237,31.9,-0.18451933562755585,0.19170234873206682
BH_s24_medium,24,238,31.933333333333334,-0.37359097599983215,0.08685908268864342
BH_s24_medium,24,239,31.966666666666665,-0.562662661075592,-0.026617082154546088
BH_s24_medium,25,0,25.0,-0.716238260269165,-0.03985192007955236
BH_s24_medium,25,1,25.033333333333335,-0.8147083520889282,-2.6005773880551812
BH_s24_medium,25,2,25.066666666666666,-0.877776026725769,-4.753333372232728
BH_s24_medium,25,3,25.1,-0.9408436417579651,-6.1919696095826415
BH_s24_medium,25,4,25.133333333333333,-1.0039112567901611,-6.783011457376011
BH_s24_medium,25,5,25.166666666666668,-1.0039112567901611,-6.582356966053257
BH_s24_medium,25,6,25.2,-1.066978931427002,-5.792285168129232
BH_s24_medium,25,7,25.233333333333334,-1.066978931427002,-4.6826904407257075
BH_s24_medium,25,8,25.266666666666666,-1.0935938358306885,-3.5104845444916535
BH_s24_medium,25,9,25.3,-1.1300466060638428,-2.462365898507838
BH_s24_medium,25,10,25.333333333333332,-1.1300466060638428,-1.6314893026647819
BH_s24_medium,25,11,25.366666666666667,-1.1038256883621216,-1.0254840623405195
BH_s24_medium,25,12,25.4,-0.7473276257514954,-0.5946607548567009
BH_s24_medium,25,13,25.433333333333334,0.0867028757929802,-0.26647702440326304
BH_s24_medium,25,14,25.466666666666665,1.2208702564239502,0.025189861687514914
BH_s24_medium,25,15,25.5,2.063051462173462,0.32226106004712796
BH_s24_medium,25,16,25.533333333333335,2.3131096363067627,0.6373384361701284
BH_s24_medium,25,17,25.566666666666666,2.161672353744507,0.9585979778718392
BH_s24_medium,25,18,25.6,1.9096643924713135,1.2598913407583527
BH_s24_medium,25,19,25.633333333333333,1.7207239866256714,1.511178022488028
BH_s24_medium,25,20,25.666666666666668,1.4436765909194946,1.686204661457601
BH_s24_medium,25,21,25.7,1.1287323236465454,1.7666622329241246
BH_s24_medium,25,22,25.733333333333334,0.8385646343231201,1.743599443309952
BH_s24_medium,25,23,25.766666666666666,0.6742697358131409,1.6175269025943173
BH_s24_medium,25,24,25.8,0.5482657551765442,1.398669600440313
BH_s24_medium,25,25,25.833333333333332,0.4222617447376251,1.1079652071145687
BH_s24_medium,25,26,25.866666666666667,0.27200618386268616,0.7777393433842108
BH_s24_medium,25,27,25.9,0.04411844164133072,0.44967599449198675
BH_s24_medium,25,28,25.933333333333334,-0.14495320618152618,0.1681152236500348
BH_s24_medium,25,29,25.966666666666665,-0.3340248763561249,-0.030585360686137212
BH_s24_medium,25,30,26.0,-0.46002885699272156,-0.12824868872700446
BH_s24_medium,25,31,26.033333333333335,-0.5860328674316406,-0.12928921800941828
BH_s24_medium,25,32,26.066666666666666,-0.6885730624198914,-0.05741904811499027
BH_s24_medium,25,33,26.1,-0.7516407370567322,0.0530208456688511
BH_s24_medium,25,34,26.133333333333333,-0.8147083520889282,0.16747514102574043
BH_s24_medium,25,35,26.166666666666668,-0.877776026725769,0.2601834285004266
BH_s24_medium,25,36,26.2,-0.9408436417579651,0.3187885922301639
BH_s24_medium,25,37,26.233333333333334,-0.9408436417579651,0.3426551897761894
BH_s24_medium,25,38,26.266666666666666,-1.0039112567901611,0.33630814353087524
BH_s24_medium,25,39,26.3,-1.066978931427002,0.302602590954439
BH_s24_medium,25,40,26.333333333333332,-0.9366708993911743,0.24037576227487711
BH_s24_medium,25,41,26.366666666666667,-0.343394935131073,0.14801494911683089
BH_s24_medium,25,42,26.4,0.5607839822769165,0.02978145334904039
BH_s24_medium,25,43,26.433333333333334,1.4617091417312622,-0.1003633379782868
BH_s24_medium,25,44,26.466666666666665,1.897200584411621,-0.22038965412264164
BH_s24_medium,25,45,26.5,1.790618896484375,-0.30632851844826464
BH_s24_medium,25,46,26.533333333333335,1.5386109352111816,-0.3399360485880482
BH_s24_medium,25,47,26.566666666666666,1.2651084661483765,-0.315073534902762
BH_s24_medium,25,48,26.6,0.9715272188186646,-0.24089881369408653
BH_s24_medium,25,49,26.633333333333333,0.7195191979408264,-0.14100791411161592
BH_s24_medium,25,50,26.666666666666668,0.48861172795295715,-0.048672175084236616
BH_s24_medium,25,51,26.7,0.3835769593715668,0.0009318159150562028
BH_s24_medium,25,52,26.733333333333334,0.32050931453704834,-0.01988193979683706
BH_s24_medium,25,53,26.766666666666666,0.2367350161075592,-0.12224712457138404
BH_s24_medium,25,54,26.8,0.06823872029781342,-0.2947528238663788
BH_s24_medium,25,55,26.833333333333332,-0.09878470003604889,-0.5035704775098535
BH_s24_medium,25,56,26.866666666666667,-0.3304799497127533,-0.7005658472622565
BH_s24_medium,25,57,26.9,-0.5195515751838684,-0.8378060732480009
BH_s24_medium,25,58,26.933333333333334,-0.6455556154251099,-0.8824634231511637
BH_s24_medium,25,59,26.966666666666665,-0.7516407370567322,-0.8251279367728136
BH_s24_medium,25,60,27.0,-0.8147083520889282,-0.6790699637658677
BH_s24_medium,25,61,27.033333333333335,-0.877776026725769,-0.47336468011126676
BH_s24_medium,25,62,27.066666666666666,-0.8973010182380676,-0.24402289886693124
BH_s24_medium,25,63,27.1,-0.9602373838424683,-0.02561149118387642
BH_s24_medium,25,64,27.133333333333333,-1.0039112567901611,0.15540599597522992
BH_s24_medium,25,65,27.166666666666668,-1.0039112567901611,0.2848084994728966
BH_s24_medium,25,66,27.2,-1.066978931427002,0.3618657048981628
BH_s24_medium,25,67,27.233333333333334,-1.066978931427002,0.3975785866294988
BH_s24_medium,25,68,27.266666666666666,-1.1113094091415405,0.4098079878722917
BH_s24_medium,25,69,27.3,-0.7847462296485901,0.41606261621263513
BH_s24_medium,25,70,27.333333333333332,0.026833057403564453,0.4266832601346805
BH_s24_medium,25,71,27.366666666666667,1.161000370979309,0.4418930552004075
BH_s24_medium,25,72,27.4,2.051328659057617,0.45402780950176536
BH_s24_medium,25,73,27.433333333333334,2.3386740684509277,0.4532273431766107
BH_s24_medium,25,74,27.466666666666665,2.2397074699401855,0.4335850791778887
BH_s24_medium,25,75,27.5,2.0055177211761475,0.3971780839791015
BH_s24_medium,25,76,27.533333333333335,1.79875910282135,0.3543926794461885
BH_s24_medium,25,77,27.566666666666666,1.5467510223388672,0.32024135902599116
BH_s24_medium,25,78,27.6,1.214251160621643,0.307890046402819
BH_s24_medium,25,79,27.633333333333333,0.9165997505187988,0.3217840701982479
BH_s24_medium,25,80,27.666666666666668,0.6817534565925598,0.35300873969809965
BH_s24_medium,25,81,27.7,0.618817150592804,0.3789148624989044
BH_s24_medium,25,82,27.733333333333334,0.47591397166252136,0.3679047984525254
BH_s24_medium,25,83,27.766666666666666,0.28697362542152405,0.28877318209064795
BH_s24_medium,25,84,27.8,0.05160216987133026,0.12233414666583756
BH_s24_medium,25,85,27.833333333333332,-0.13746948540210724,-0.12828412493973881
BH_s24_medium,25,86,27.866666666666667,-0.32654112577438354,-0.43277085237564383
BH_s24_medium,25,87,27.9,-0.515612781047821,-0.7374881654572233
BH_s24_medium,25,88,27.933333333333334,-0.6255053877830505,-0.9789459568047248
BH_s24_medium,25,89,27.966666666666665,-0.7045531272888184,-1.1035006489441885
BH_s24_medium,25,90,28.0,-0.767489492893219,-1.0852754730232228
BH_s24_medium,25,91,28.033333333333335,-0.8304258584976196,-0.9338101989061516
BH_s24_medium,25,92,28.066666666666666,-0.8933622241020203,-0.6885973119884436
BH_s24_medium,25,93,28.1,-0.9408436417579651,-0.40460013924860405
BH_s24_medium,25,94,28.133333333333333,-1.0039112567901611,-0.13555643916039983
BH_s24_medium,25,95,28.166666666666668,-1.0039112567901611,0.07943349865292347
BH_s24_medium,25,96,28.2,-1.066978931427002,0.22300266552923326
BH_s24_medium,25,97,28.233333333333334,-1.066978931427002,0.29947070536925996
BH_s24_medium,25,98,28.266666666666666,-1.0817774534225464,0.3285744655183504
BH_s24_medium,25,99,28.3,-1.1153794527053833,0.3353767871965421
BH_s24_medium,25,100,28.333333333333332,-0.8681643605232239,0.3399441327546841
BH_s24_medium,25,101,28.366666666666667,-0.06879536807537079,0.3505664440103564
BH_s24_medium,25,102,28.4,1.030850887298584,0.3629229521386615
BH_s24_medium,25,103,28.433333333333334,2.030977964401245,0.36518675150781915
BH_s24_medium,25,104,28.466666666666665,2.4648094177246094,0.34662600518795633
BH_s24_medium,25,105,28.5,2.4370505809783936,0.30562396214019283
BH_s24_medium,25,106,28.533333333333335,2.248110294342041,0.2529406512741716
BH_s24_medium,25,107,28.566666666666666,2.0591697692871094,0.20818712821398047
BH_s24_medium,25,108,28.6,1.7936763763427734,0.1912582214340055
BH_s24_medium,25,109,28.633333333333333,1.4787319898605347,0.21307030631065974
BH_s24_medium,25,110,28.666666666666668,1.1139428615570068,0.2694130968452189
BH_s24_medium,25,111,28.7,0.875026524066925,0.3396274593800599
BH_s24_medium,25,112,28.733333333333334,0.7490225434303284,0.39042283279422446
BH_s24_medium,25,113,28.766666666666666,0.6230185031890869,0.3843409646092586
BH_s24_medium,25,114,28.8,0.421249121427536,0.29123103228048697
BH_s24_medium,25,115,28.833333333333332,0.18180756270885468,0.09979938678869468
BH_s24_medium,25,116,28.866666666666667,0.043368399143218994,-0.1744715113075535
BH_s24_medium,25,117,28.9,-0.19633574783802032,-0.4886136682532431
BH_s24_medium,25,118,28.933333333333334,-0.334512323141098,-0.7808548952408587
BH_s24_medium,25,119,28.966666666666665,-0.5114114284515381,-0.9875888404417144
BH_s24_medium,25,120,29.0,-0.574347734451294,-1.0630781062780628
BH_s24_medium,25,121,29.033333333333335,-0.6885730624198914,-0.9938260152159234
BH_s24_medium,25,122,29.066666666666666,-0.7516407370567322,-0.8014844693053201
BH_s24_medium,25,123,29.1,-0.8147083520889282,-0.5334964749458885
BH_s24_medium,25,124,29.133333333333333,-0.877776026725769,-0.24622844368235905
BH_s24_medium,25,125,29.166666666666668,-0.9408436417579651,0.01202128549980014
BH_s24_medium,25,126,29.2,-0.9408436417579651,0.2121915580031274
BH_s24_medium,25,127,29.233333333333334,-1.0039112567901611,0.3472710693465224
BH_s24_medium,25,128,29.266666666666666,-1.0039112567901611,0.42714736979483253
BH_s24_medium,25,129,29.3,-1.0146396160125732,0.46835845511682606
BH_s24_medium,25,130,29.333333333333332,-1.066978931427002,0.48386611509907396
BH_s24_medium,25,131,29.366666666666667,-0.9620482921600342,0.47808929185700855
BH_s24_medium,25,132,29.4,-0.30089354515075684,0.4491687374121772
BH_s24_medium,25,133,29.433333333333334,0.6646084785461426,0.3958904086205051
BH_s24_medium,25,134,29.466666666666665,1.6952893733978271,0.32406856673584666
BH_s24_medium,25,135,29.5,2.1494710445404053,0.2480495834823895
BH_s24_medium,25,136,29.533333333333335,2.129852533340454,0.18660426157390303
BH_s24_medium,25,137,29.566666666666666,1.8778445720672607,0.15593951825399607
BH_s24_medium,25,138,29.6,1.6258364915847778,0.16344568679031693
BH_s24_medium,25,139,29.633333333333333,1.3738285303115845,0.20450352137412423
BH_s24_medium,25,140,29.666666666666668,1.0587528944015503,0.2629083909901838
BH_s24_medium,25,141,29.7,0.8067448735237122,0.3142541893041952
BH_s24_medium,25,142,29.733333333333334,0.6358475685119629,0.33118987471644046
BH_s24_medium,25,143,29.766666666666666,0.5638896822929382,0.28950938464366793
BH_s24_medium,25,144,29.8,0.43788567185401917,0.1741325997786358
BH_s24_medium,25,145,29.833333333333332,0.24881401658058167,-0.015937786821827792
BH_s24_medium,25,146,29.866666666666667,0.059742361307144165,-0.26462008887430727
BH_s24_medium,25,147,29.9,-0.12932929396629333,-0.5388061166744943
BH_s24_medium,25,148,29.933333333333334,-0.31840094923973083,-0.7926546807774673
BH_s24_medium,25,149,29.966666666666665,-0.4444049596786499,-0.9767085539662792
BH_s24_medium,25,150,30.0,-0.5704089403152466,-1.0506304616650535
BH_s24_medium,25,151,30.033333333333335,-0.6885730624198914,-0.9957962575617427
BH_s24_medium,25,152,30.066666666666666,-0.7593492865562439,-0.8221899182185446
BH_s24_medium,25,153,30.1,-0.8222856521606445,-0.5654102348585901
BH_s24_medium,25,154,30.133333333333333,-0.8852220177650452,-0.2745690782025918
BH_s24_medium,25,155,30.166666666666668,-0.9408436417579651,0.0031955809273604037
BH_s24_medium,25,156,30.2,-0.9480270743370056,0.23475833262094417
BH_s24_medium,25,157,30.233333333333334,-1.0039112567901611,0.405464660922914
BH_s24_medium,25,158,30.266666666666666,-1.0108321905136108,0.5160553227465264
BH_s24_medium,25,159,30.3,-1.066978931427002,0.5754233024081957
BH_s24_medium,25,160,30.333333333333332,-0.8511430025100708,0.5935940000502636
BH_s24_medium,25,161,30.366666666666667,-0.19488388299942017,0.5780154396054152
BH_s24_medium,25,162,30.4,0.8826114535331726,0.5337286931879475
BH_s24_medium,25,163,30.433333333333334,1.8654546737670898,0.4659149180422577
BH_s24_medium,25,164,30.466666666666665,2.275606393814087,0.3827141361937019
BH_s24_medium,25,165,30.5,2.2065370082855225,0.29660955833661473
BH_s24_medium,25,166,30.533333333333335,2.017465353012085,0.2232767243873404
BH_s24_medium,25,167,30.566666666666666,1.8226544857025146,0.177735101215878
BH_s24_medium,25,168,30.6,1.5706465244293213,0.16901384801789987
BH_s24_medium,25,169,30.633333333333333,1.2500941753387451,0.19546394742033127
BH_s24_medium,25,170,30.666666666666668,0.8774275183677673,0.24258744104183355
BH_s24_medium,25,171,30.7,0.6937012076377869,0.28436435597429854
BH_s24_medium,25,172,30.733333333333334,0.5676971673965454,0.2883127280570466
BH_s24_medium,25,173,30.766666666666666,0.44169318675994873,0.22380637643409257
BH_s24_medium,25,174,30.8,0.24780137836933136,0.07215208744245255
BH_s24_medium,25,175,30.833333333333332,0.05886102467775345,-0.1642205094469876
BH_s24_medium,25,176,30.866666666666667,-0.1885894238948822,-0.45684851223726075
BH_s24_medium,25,177,30.9,-0.3776610791683197,-0.7538384427141195
BH_s24_medium,25,178,30.933333333333334,-0.5667327046394348,-0.9915660134964893
BH_s24_medium,25,179,30.966666666666665,-0.6885730624198914,-1.1132835489597144
BH_s24_medium,25,180,31.0,-0.7556731104850769,-1.0877203223169847
BH_s24_medium,25,181,31.033333333333335,-0.8186094760894775,-0.91917655040205
BH_s24_medium,25,182,31.066666666666666,-0.8815457820892334,-0.6446865705955253
BH_s24_medium,25,183,31.1,-0.944482147693634,-0.3204863961394071
BH_s24_medium,25,184,31.133333333333333,-1.0074185132980347,-0.004515365961777508
BH_s24_medium,25,185,31.166666666666668,-1.066978931427002,0.2578969355014205
BH_s24_medium,25,186,31.2,-1.1300466060638428,0.4409456962580285
BH_s24_medium,25,187,31.233333333333334,-1.1300466060638428,0.5377779637072719
BH_s24_medium,25,188,31.266666666666666,-1.1300466060638428,0.5553906721358757
BH_s24_medium,25,189,31.3,-1.1931142807006836,0.5088698031818927
BH_s24_medium,25,190,31.333333333333332,-1.1903947591781616,0.4176948567760339
BH_s24_medium,25,191,31.366666666666667,-0.862247109413147,0.3044267682819117
BH_s24_medium,25,192,31.4,0.024825938045978546,0.19383122144901885
BH_s24_medium,25,193,31.433333333333334,1.1613187789916992,0.11007384332267436
BH_s24_medium,25,194,31.466666666666665,2.0951805114746094,0.07157607496097931
BH_s24_medium,25,195,31.5,2.4648094177246094,0.08569380043457993
BH_s24_medium,25,196,31.533333333333335,2.397878408432007,0.1463297717390672
BH_s24_medium,25,197,31.566666666666666,2.1476707458496094,0.23613699275028743
BH_s24_medium,25,198,31.6,1.9569300413131714,0.33215892811889747
BH_s24_medium,25,199,31.633333333333333,1.7033841609954834,0.41210542616452206
BH_s24_medium,25,200,31.666666666666668,1.3267786502838135,0.45931386412753356
BH_s24_medium,25,201,31.7,1.0117030143737793,0.4657777293048314
BH_s24_medium,25,202,31.733333333333334,0.7608389258384705,0.4325435437699497
BH_s24_medium,25,203,31.766666666666666,0.6348349452018738,0.36685022266563827
BH_s24_medium,25,204,31.8,0.5079495906829834,0.27719681560534526
BH_s24_medium,25,205,31.833333333333332,0.25594156980514526,0.1691979507842705
BH_s24_medium,25,206,31.866666666666667,0.06700122356414795,0.04442611178445057
BH_s24_medium,25,207,31.9,-0.18451933562755585,-0.09773507218784028
BH_s24_medium,25,208,31.933333333333334,-0.37359097599983215,-0.2568375096277898
BH_s24_medium,25,209,31.966666666666665,-0.562662661075592,-0.4283984494545432
BH_s24_medium,25,210,32.0,-0.6886666417121887,-0.60183646827928
BH_s24_medium,25,211,32.03333333333333,-0.7516407370567322,-0.7594492704835781
BH_s24_medium,25,212,32.06666666666667,-0.877606987953186,-0.8774687552270697
BH_s24_medium,25,213,32.1,-0.9405433535575867,-0.930691868529471
BH_s24_medium,25,214,32.13333333333333,-1.0034797191619873,-0.9004888232850414
BH_s24_medium,25,215,32.166666666666664,-1.0664160251617432,-0.783246133034423
BH_s24_medium,25,216,32.2,-1.066978931427002,-0.5948644803316052
BH_s24_medium,25,217,32.233333333333334,-1.1300466060638428,-0.3682486776971029
BH_s24_medium,25,218,32.266666666666666,-1.1300466060638428,-0.14432787002813532
BH_s24_medium,25,219,32.3,-1.1931142807006836,0.039661259822913415
BH_s24_medium,25,220,32.333333333333336,-1.1931142807006836,0.16029865944428698
BH_s24_medium,25,221,32.36666666666667,-1.2548311948776245,0.21337864873979023
BH_s24_medium,25,222,32.4,-1.069942831993103,0.21293535459737234
BH_s24_medium,25,223,32.43333333333333,-0.3214598298072815,0.18429744841239631
BH_s24_medium,25,224,32.46666666666667,0.7445375323295593,0.15426814549255324
BH_s24_medium,25,225,32.5,1.882193922996521,0.14285590158521944
BH_s24_medium,25,226,32.53333333333333,2.3957204818725586,0.1594694754976089
BH_s24_medium,25,227,32.56666666666667,2.4038801193237305,0.20370290829501753
BH_s24_medium,25,228,32.6,2.21707820892334,0.26899401001631557
BH_s24_medium,25,229,32.63333333333333,2.0281379222869873,0.34683809300411805
BH_s24_medium,25,230,32.666666666666664,1.7761298418045044,0.4293940964640376
BH_s24_medium,25,231,32.7,1.4637176990509033,0.5094021391594709
BH_s24_medium,25,232,32.733333333333334,1.0857057571411133,0.5782298404519057
BH_s24_medium,25,233,32.766666666666666,0.8309028744697571,0.624301355033876
BH_s24_medium,25,234,32.8,0.7019726634025574,0.6339475616599437
BH_s24_medium,25,235,32.833333333333336,0.5759686827659607,0.5950055805303874
BH_s24_medium,25,236,32.86666666666667,0.3902170658111572,0.501469369420275
BH_s24_medium,25,237,32.9,0.13820905983448029,0.3566450506822251
BH_s24_medium,25,238,32.93333333333333,0.00875371228903532,0.17328385378839958
BH_s24_medium,25,239,32.96666666666667,-0.23967164754867554,-0.028888541169755935
BH_s24_medium,26,0,26.0,-0.46002885699272156,-0.03331243504316407
BH_s24_medium,26,1,26.033333333333335,-0.5860328674316406,-2.347373719789501
BH_s24_medium,26,2,26.066666666666666,-0.6885730624198914,-4.293754162316203
BH_s24_medium,26,3,26.1,-0.7516407370567322,-5.596326314851466
BH_s24_medium,26,4,26.133333333333333,-0.8147083520889282,-6.1350828284732435
BH_s24_medium,26,5,26.166666666666668,-0.877776026725769,-5.960556229870866
BH_s24_medium,26,6,26.2,-0.9408436417579651,-5.254162896520352
BH_s24_medium,26,7,26.233333333333334,-0.9408436417579651,-4.257080206306177
BH_s24_medium,26,8,26.266666666666666,-1.0039112567901611,-3.1987563516350437
BH_s24_medium,26,9,26.3,-1.066978931427002,-2.2471237753785553
BH_s24_medium,26,10,26.333333333333332,-0.9366708993911743,-1.4886754379319664
BH_s24_medium,26,11,26.366666666666667,-0.343394935131073,-0.9350675775006585
BH_s24_medium,26,12,26.4,0.5607839822769165,-0.5462548687950729
BH_s24_medium,26,13,26.433333333333334,1.4617091417312622,-0.2587333198749282
BH_s24_medium,26,14,26.466666666666665,1.897200584411621,-0.010012933551125085
BH_s24_medium,26,15,26.5,1.790618896484375,0.24524082683858806
BH_s24_medium,26,16,26.533333333333335,1.5386109352111816,0.5279788157883063
BH_s24_medium,26,17,26.566666666666666,1.2651084661483765,0.8346271368047994
BH_s24_medium,26,18,26.6,0.9715272188186646,1.1415572497250572
BH_s24_medium,26,19,26.633333333333333,0.7195191979408264,1.412173392859013
BH_s24_medium,26,20,26.666666666666668,0.48861172795295715,1.605386738328097
BH_s24_medium,26,21,26.7,0.3835769593715668,1.6847979224983365
BH_s24_medium,26,22,26.733333333333334,0.32050931453704834,1.6279940474399421
BH_s24_medium,26,23,26.766666666666666,0.2367350161075592,1.4347285789404607
BH_s24_medium,26,24,26.8,0.06823872029781342,1.1316077690421338
BH_s24_medium,26,25,26.833333333333332,-0.09878470003604889,0.7702265078372165
BH_s24_medium,26,26,26.866666666666667,-0.3304799497127533,0.41673715899578534
BH_s24_medium,26,27,26.9,-0.5195515751838684,0.13445806997150284
BH_s24_medium,26,28,26.933333333333334,-0.6455556154251099,-0.03403766167663974
BH_s24_medium,26,29,26.966666666666665,-0.7516407370567322,-0.07739942460630311
BH_s24_medium,26,30,27.0,-0.8147083520889282,-0.01487764556215454
BH_s24_medium,26,31,27.033333333333335,-0.877776026725769,0.11303553225281317
BH_s24_medium,26,32,27.066666666666666,-0.8973010182380676,0.2576349315125972
BH_s24_medium,26,33,27.1,-0.9602373838424683,0.3743992176596889
BH_s24_medium,26,34,27.133333333333333,-1.0039112567901611,0.4323369066311895
BH_s24_medium,26,35,27.166666666666668,-1.0039112567901611,0.4193135737822956
BH_s24_medium,26,36,27.2,-1.066978931427002,0.342979199442108
BH_s24_medium,26,37,27.233333333333334,-1.066978931427002,0.22705515993958084
BH_s24_medium,26,38,27.266666666666666,-1.1113094091415405,0.10326129556546121
BH_s24_medium,26,39,27.3,-0.7847462296485901,0.0006834336164090182
BH_s24_medium,26,40,27.333333333333332,0.026833057403564453,-0.06364050558072612
BH_s24_medium,26,41,27.366666666666667,1.161000370979309,-0.08884142474039153
BH_s24_medium,26,42,27.4,2.051328659057617,-0.08753600618904907
BH_s24_medium,26,43,27.433333333333334,2.3386740684509277,-0.07822725669678791
BH_s24_medium,26,44,27.466666666666665,2.2397074699401855,-0.07638447268032485
BH_s24_medium,26,45,27.5,2.0055177211761475,-0.08766398360583263
BH_s24_medium,26,46,27.533333333333335,1.79875910282135,-0.10568560652743497
BH_s24_medium,26,47,27.566666666666666,1.5467510223388672,-0.11517829164867024
BH_s24_medium,26,48,27.6,1.214251160621643,-0.09937182745600397
BH_s24_medium,26,49,27.633333333333333,0.9165997505187988,-0.04890082475239634
BH_s24_medium,26,50,27.666666666666668,0.6817534565925598,0.03113848351825222
BH_s24_medium,26,51,27.7,0.618817150592804,0.11880333646205193
BH_s24_medium,26,52,27.733333333333334,0.47591397166252136,0.1789725760990589
BH_s24_medium,26,53,27.766666666666666,0.28697362542152405,0.17262802601767036
BH_s24_medium,26,54,27.8,0.05160216987133026,0.06961357823139057
BH_s24_medium,26,55,27.833333333333332,-0.13746948540210724,-0.13860916928310443
BH_s24_medium,26,56,27.866666666666667,-0.32654112577438354,-0.43049474118296827
BH_s24_medium,26,57,27.9,-0.515612781047821,-0.7544170508399172
BH_s24_medium,26,58,27.933333333333334,-0.6255053877830505,-1.0396127796664458
BH_s24_medium,26,59,27.966666666666665,-0.7045531272888184,-1.216351509277466
BH_s24_medium,26,60,28.0,-0.767489492893219,-1.23808322975063
BH_s24_medium,26,61,28.033333333333335,-0.8304258584976196,-1.095924077426876
BH_s24_medium,26,62,28.066666666666666,-0.8933622241020203,-0.8195777943966
BH_s24_medium,26,63,28.1,-0.9408436417579651,-0.46566656102744947
BH_s24_medium,26,64,28.133333333333333,-1.0039112567901611,-0.09954499415584908
BH_s24_medium,26,65,28.166666666666668,-1.0039112567901611,0.2221404055856871
BH_s24_medium,26,66,28.2,-1.066978931427002,0.46304138745656603
BH_s24_medium,26,67,28.233333333333334,-1.066978931427002,0.6110574470357157
BH_s24_medium,26,68,28.266666666666666,-1.0817774534225464,0.6753267367414781
BH_s24_medium,26,69,28.3,-1.1153794527053833,0.6783243423791919
BH_s24_medium,26,70,28.333333333333332,-0.8681643605232239,0.645972729053411
BH_s24_medium,26,71,28.366666666666667,-0.06879536807537079,0.5990257264045539
BH_s24_medium,26,72,28.4,1.030850887298584,0.5485444708526678
BH_s24_medium,26,73,28.433333333333334,2.030977964401245,0.49670937492248884
BH_s24_medium,26,74,28.466666666666665,2.4648094177246094,0.44177190964458285
BH_s24_medium,26,75,28.5,2.4370505809783936,0.3839326929459648
BH_s24_medium,26,76,28.533333333333335,2.248110294342041,0.3286508347476934
BH_s24_medium,26,77,28.566666666666666,2.0591697692871094,0.2856198576706073
BH_s24_medium,26,78,28.6,1.7936763763427734,0.26437620863044686
BH_s24_medium,26,79,28.633333333333333,1.4787319898605347,0.26914666814816873
BH_s24_medium,26,80,28.666666666666668,1.1139428615570068,0.2949906924619878
BH_s24_medium,26,81,28.7,0.875026524066925,0.3261047675639753
BH_s24_medium,26,82,28.733333333333334,0.7490225434303284,0.3370060850647792
BH_s24_medium,26,83,28.766666666666666,0.6230185031890869,0.29748869736168887
BH_s24_medium,26,84,28.8,0.421249121427536,0.18139005510984288
BH_s24_medium,26,85,28.833333333333332,0.18180756270885468,-0.02262199955420615
BH_s24_medium,26,86,28.866666666666667,0.043368399143218994,-0.3018809656174473
BH_s24_medium,26,87,28.9,-0.19633574783802032,-0.6167352739371327
BH_s24_medium,26,88,28.933333333333334,-0.334512323141098,-0.9073308704882932
BH_s24_medium,26,89,28.966666666666665,-0.5114114284515381,-1.1099671015343293
BH_s24_medium,26,90,29.0,-0.574347734451294,-1.1773098916248805
BH_s24_medium,26,91,29.033333333333335,-0.6885730624198914,-1.0936994193625098
BH_s24_medium,26,92,29.066666666666666,-0.7516407370567322,-0.8791936907829869
BH_s24_medium,26,93,29.1,-0.8147083520889282,-0.581583676898653
BH_s24_medium,26,94,29.133333333333333,-0.877776026725769,-0.26040552507718007
BH_s24_medium,26,95,29.166666666666668,-0.9408436417579651,0.030703057461969302
BH_s24_medium,26,96,29.2,-0.9408436417579651,0.2571095496220195
BH_s24_medium,26,97,29.233333333333334,-1.0039112567901611,0.40782511039262953
BH_s24_medium,26,98,29.266666666666666,-1.0039112567901611,0.4912919697484002
BH_s24_medium,26,99,29.3,-1.0146396160125732,0.525419543814694
BH_s24_medium,26,100,29.333333333333332,-1.066978931427002,0.5270096632849954
BH_s24_medium,26,101,29.366666666666667,-0.9620482921600342,0.5054361663277318
BH_s24_medium,26,102,29.4,-0.30089354515075684,0.46289710319025335
BH_s24_medium,26,103,29.433333333333334,0.6646084785461426,0.3998907204264575
BH_s24_medium,26,104,29.466666666666665,1.6952893733978271,0.3216411534293147
BH_s24_medium,26,105,29.5,2.1494710445404053,0.24094097608398607
BH_s24_medium,26,106,29.533333333333335,2.129852533340454,0.1756392522796009
BH_s24_medium,26,107,29.566666666666666,1.8778445720672607,0.14247426173640804
BH_s24_medium,26,108,29.6,1.6258364915847778,0.15056873384224387
BH_s24_medium,26,109,29.633333333333333,1.3738285303115845,0.19732880464339841
BH_s24_medium,26,110,29.666666666666668,1.0587528944015503,0.26783420317321677
BH_s24_medium,26,111,29.7,0.8067448735237122,0.33736733310489847
BH_s24_medium,26,112,29.733333333333334,0.6358475685119629,0.3762044193507347
BH_s24_medium,26,113,29.766666666666666,0.5638896822929382,0.3558282658234079
BH_s24_medium,26,114,29.8,0.43788567185401917,0.25568495374954564
BH_s24_medium,26,115,29.833333333333332,0.24881401658058167,0.06944324890330554
BH_s24_medium,26,116,29.866666666666667,0.059742361307144165,-0.19043746431358802
BH_s24_medium,26,117,29.9,-0.12932929396629333,-0.491325871069329
BH_s24_medium,26,118,29.933333333333334,-0.31840094923973083,-0.7839936947669403
BH_s24_medium,26,119,29.966666666666665,-0.4444049596786499,-1.0121963937973812
BH_s24_medium,26,120,30.0,-0.5704089403152466,-1.127000311879244
BH_s24_medium,26,121,30.033333333333335,-0.6885730624198914,-1.101560143740815
BH_s24_medium,26,122,30.066666666666666,-0.7593492865562439,-0.9402024652369207
BH_s24_medium,26,123,30.1,-0.8222856521606445,-0.6770942203300342
BH_s24_medium,26,124,30.133333333333333,-0.8852220177650452,-0.364643333658818
BH_s24_medium,26,125,30.166666666666668,-0.9408436417579651,-0.05692779955602839
BH_s24_medium,26,126,30.2,-0.9480270743370056,0.20463273270685198
BH_s24_medium,26,127,30.233333333333334,-1.0039112567901611,0.39817690703823466
BH_s24_medium,26,128,30.266666666666666,-1.0108321905136108,0.5200411397507804
BH_s24_medium,26,129,30.3,-1.066978931427002,0.5782927760807689
BH_s24_medium,26,130,30.333333333333332,-0.8511430025100708,0.5857541859084824
BH_s24_medium,26,131,30.366666666666667,-0.19488388299942017,0.5557081589228562
BH_s24_medium,26,132,30.4,0.8826114535331726,0.5006233152161164
BH_s24_medium,26,133,30.433333333333334,1.8654546737670898,0.4323098639960822
BH_s24_medium,26,134,30.466666666666665,2.275606393814087,0.3621640127626096
BH_s24_medium,26,135,30.5,2.2065370082855225,0.301142572267223
BH_s24_medium,26,136,30.533333333333335,2.017465353012085,0.2591695201695744
BH_s24_medium,26,137,30.566666666666666,1.8226544857025146,0.24344924461195405
BH_s24_medium,26,138,30.6,1.5706465244293213,0.2557606003592108
BH_s24_medium,26,139,30.633333333333333,1.2500941753387451,0.289782996950235
BH_s24_medium,26,140,30.666666666666668,0.8774275183677673,0.3299216732448106
BH_s24_medium,26,141,30.7,0.6937012076377869,0.35281939469275336
BH_s24_medium,26,142,30.733333333333334,0.5676971673965454,0.3320248315768735
BH_s24_medium,26,143,30.766666666666666,0.44169318675994873,0.2452449955923459
BH_s24_medium,26,144,30.8,0.24780137836933136,0.08243716445052435
BH_s24_medium,26,145,30.833333333333332,0.05886102467775345,-0.14780032606001464
BH_s24_medium,26,146,30.866666666666667,-0.1885894238948822,-0.4161018221755266
BH_s24_medium,26,147,30.9,-0.3776610791683197,-0.6764025587631833
BH_s24_medium,26,148,30.933333333333334,-0.5667327046394348,-0.8767732373959143
BH_s24_medium,26,149,30.966666666666665,-0.6885730624198914,-0.9747349540394258
BH_s24_medium,26,150,31.0,-0.7556731104850769,-0.9510868972208207
BH_s24_medium,26,151,31.033333333333335,-0.8186094760894775,-0.8154466137243357
BH_s24_medium,26,152,31.066666666666666,-0.8815457820892334,-0.6009271501163647
BH_s24_medium,26,153,31.1,-0.944482147693634,-0.3513935961184464
BH_s24_medium,26,154,31.133333333333333,-1.0074185132980347,-0.10791335759674843
BH_s24_medium,26,155,31.166666666666668,-1.066978931427002,0.10004948834725208
BH_s24_medium,26,156,31.2,-1.1300466060638428,0.2569377367181519
BH_s24_medium,26,157,31.233333333333334,-1.1300466060638428,0.3586830694216707
BH_s24_medium,26,158,31.266666666666666,-1.1300466060638428,0.4085040147542132
BH_s24_medium,26,159,31.3,-1.1931142807006836,0.41325081571039174
BH_s24_medium,26,160,31.333333333333332,-1.1903947591781616,0.38166465263875204
BH_s24_medium,26,161,31.366666666666667,-0.862247109413147,0.32461090006539584
BH_s24_medium,26,162,31.4,0.024825938045978546,0.2557086621216527
BH_s24_medium,26,163,31.433333333333334,1.1613187789916992,0.19026454359628267
BH_s24_medium,26,164,31.466666666666665,2.0951805114746094,0.14195515372906858
BH_s24_medium,26,165,31.5,2.4648094177246094,0.11888567013061174
BH_s24_medium,26,166,31.533333333333335,2.397878408432007,0.1214746776362659
BH_s24_medium,26,167,31.566666666666666,2.1476707458496094,0.1434518689042561
BH_s24_medium,26,168,31.6,1.9569300413131714,0.17504068158874123
BH_s24_medium,26,169,31.633333333333333,1.7033841609954834,0.2062009079629798
BH_s24_medium,26,170,31.666666666666668,1.3267786502838135,0.22868908320076403
BH_s24_medium,26,171,31.7,1.0117030143737793,0.236998899647691
BH_s24_medium,26,172,31.733333333333334,0.7608389258384705,0.2282983116828757
BH_s24_medium,26,173,31.766666666666666,0.6348349452018738,0.2012636441316318
BH_s24_medium,26,174,31.8,0.5079495906829834,0.15446773709235262
BH_s24_medium,26,175,31.833333333333332,0.25594156980514526,0.08571875678901977
BH_s24_medium,26,176,31.866666666666667,0.06700122356414795,-0.006824379083402445
BH_s24_medium,26,177,31.9,-0.18451933562755585,-0.12231480225198589
BH_s24_medium,26,178,31.933333333333334,-0.37359097599983215,-0.2551247015785127
BH_s24_medium,26,179,31.966666666666665,-0.562662661075592,-0.3941847917471964
BH_s24_medium,26,180,32.0,-0.6886666417121887,-0.5237925586613075
BH_s24_medium,26,181,32.03333333333333,-0.7516407370567322,-0.6253024254039489
BH_s24_medium,26,182,32.06666666666667,-0.877606987953186,-0.679732084216049
BH_s24_medium,26,183,32.1,-0.9405433535575867,-0.6717469019651061
BH_s24_medium,26,184,32.13333333333333,-1.0034797191619873,-0.5944513498032337
BH_s24_medium,26,185,32.166666666666664,-1.0664160251617432,-0.4530788537048187
BH_s24_medium,26,186,32.2,-1.066978931427002,-0.2656480780624397
BH_s24_medium,26,187,32.233333333333334,-1.1300466060638428,-0.05984800886674339
BH_s24_medium,26,188,32.266666666666666,-1.1300466060638428,0.13315253678956857
BH_s24_medium,26,189,32.3,-1.1931142807006836,0.2862982251652312
BH_s24_medium,26,190,32.333333333333336,-1.1931142807006836,0.3836186273050223
BH_s24_medium,26,191,32.36666666666667,-1.2548311948776245,0.42445490111727957
BH_s24_medium,26,192,32.4,-1.069942831993103,0.42295996486730547
BH_s24_medium,26,193,32.43333333333333,-0.3214598298072815,0.4022838448571699
BH_s24_medium,26,194,32.46666666666667,0.7445375323295593,0.38564218038599213
BH_s24_medium,26,195,32.5,1.882193922996521,0.3883364416721637
BH_s24_medium,26,196,32.53333333333333,2.3957204818725586,0.41383233027057575
BH_s24_medium,26,197,32.56666666666667,2.4038801193237305,0.45442105040524844
BH_s24_medium,26,198,32.6,2.21707820892334,0.4949892709515824
BH_s24_medium,26,199,32.63333333333333,2.0281379222869873,0.5177172955927702
BH_s24_medium,26,200,32.666666666666664,1.7761298418045044,0.5058890120937143
BH_s24_medium,26,201,32.7,1.4637176990509033,0.446193267137358
BH_s24_medium,26,202,32.733333333333334,1.0857057571411133,0.33033766857913205
BH_s24_medium,26,203,32.766666666666666,0.8309028744697571,0.157304907339002
BH_s24_medium,26,204,32.8,0.7019726634025574,-0.06350610583963477
BH_s24_medium,26,205,32.833333333333336,0.5759686827659607,-0.3099180101725846
BH_s24_medium,26,206,32.86666666666667,0.3902170658111572,-0.5482030779162759
BH_s24_medium,26,207,32.9,0.13820905983448029,-0.7397117246704238
BH_s24_medium,26,208,32.93333333333333,0.00875371228903532,-0.8515801749611303
BH_s24_medium,26,209,32.96666666666667,-0.23967164754867554,-0.8670730385964076
BH_s24_medium,26,210,33.0,-0.42861202359199524,-0.790479983487932
BH_s24_medium,26,211,33.03333333333333,-0.5584612488746643,-0.6441843652611666
BH_s24_medium,26,212,33.06666666666667,-0.684465229511261,-0.46008325030367986
BH_s24_medium,26,213,33.1,-0.7516407370567322,-0.2703397039545438
BH_s24_medium,26,214,33.13333333333333,-0.8147083520889282,-0.1011969829565038
BH_s24_medium,26,215,33.166666666666664,-0.877776026725769,0.029714390488520127
BH_s24_medium,26,216,33.2,-0.9408436417579651,0.1141748339184842
BH_s24_medium,26,217,33.233333333333334,-0.9408436417579651,0.15346049373655915
BH_s24_medium,26,218,33.266666666666666,-1.0039112567901611,0.1571454735909436
BH_s24_medium,26,219,33.3,-1.0039112567901611,0.13956236868992286
BH_s24_medium,26,220,33.333333333333336,-1.066978931427002,0.11480299129707554
BH_s24_medium,26,221,33.36666666666667,-0.9514225721359253,0.09297706779509819
BH_s24_medium,26,222,33.4,-0.34269165992736816,0.07960039318453287
BH_s24_medium,26,223,33.43333333333333,0.5858791470527649,0.07754029064673992
BH_s24_medium,26,224,33.46666666666667,1.542078971862793,0.08933960137313704
BH_s24_medium,26,225,33.5,2.011706590652466,0.11790073438806614
BH_s24_medium,26,226,33.53333333333333,1.9090924263000488,0.16495855417891814
BH_s24_medium,26,227,33.56666666666667,1.657084345817566,0.22826590983065473
BH_s24_medium,26,228,33.6,1.4050763845443726,0.2990261751789805
BH_s24_medium,26,229,33.63333333333333,1.096340537071228,0.3611039855957927
BH_s24_medium,26,230,33.666666666666664,0.8379927277565002,0.39336472392995186
BH_s24_medium,26,231,33.7,0.5793823003768921,0.3756820437303482
BH_s24_medium,26,232,33.733333333333334,0.453378289937973,0.2973718790639458
BH_s24_medium,26,233,33.766666666666666,0.3904419541358948,0.16484970601581228
BH_s24_medium,26,234,33.8,0.32750558853149414,0.004422654332168981
BH_s24_medium,26,235,33.833333333333336,0.13843393325805664,-0.14285014482858965
BH_s24_medium,26,236,33.86666666666667,-0.043378859758377075,-0.23426910962401926
BH_s24_medium,26,237,33.9,-0.23970937728881836,-0.24235413870097644
BH_s24_medium,26,238,33.93333333333333,-0.42878103256225586,-0.16777074922585455
BH_s24_medium,26,239,33.96666666666667,-0.5547850131988525,-0.0411631774659688
BH_s24_medium,27,0,27.0,-0.8147083520889282,-0.051771773023876276
BH_s24_medium,27,1,27.033333333333335,-0.877776026725769,-2.3867632819725775
BH_s24_medium,27,2,27.066666666666666,-0.8973010182380676,-4.351409006266686
BH_s24_medium,27,3,27.1,-0.9602373838424683,-5.669061959496329
BH_s24_medium,27,4,27.133333333333333,-1.0039112567901611,-6.2214033520109835
BH_s24_medium,27,5,27.166666666666668,-1.0039112567901611,-6.061809601644171
BH_s24_medium,27,6,27.2,-1.066978931427002,-5.373343188271776
BH_s24_medium,27,7,27.233333333333334,-1.066978931427002,-4.395239609493639
BH_s24_medium,27,8,27.266666666666666,-1.1113094091415405,-3.3506883050283673
BH_s24_medium,27,9,27.3,-0.7847462296485901,-2.398968628305773
BH_s24_medium,27,10,27.333333333333332,0.026833057403564453,-1.6194149353469387
BH_s24_medium,27,11,27.366666666666667,1.161000370979309,-1.0218883742664389
BH_s24_medium,27,12,27.4,2.051328659057617,-0.5719037302349345
BH_s24_medium,27,13,27.433333333333334,2.3386740684509277,-0.218114659977109
BH_s24_medium,27,14,27.466666666666665,2.2397074699401855,0.08667969829010322
BH_s24_medium,27,15,27.5,2.0055177211761475,0.3746102959722738
BH_s24_medium,27,16,27.533333333333335,1.79875910282135,0.6604996123845651
BH_s24_medium,27,17,27.566666666666666,1.5467510223388672,0.9442467926173224
BH_s24_medium,27,18,27.6,1.214251160621643,1.2142494927536567
BH_s24_medium,27,19,27.633333333333333,0.9165997505187988,1.4504629359917431
BH_s24_medium,27,20,27.666666666666668,0.6817534565925598,1.6275461450812678
BH_s24_medium,27,21,27.7,0.618817150592804,1.7191384027864702
BH_s24_medium,27,22,27.733333333333334,0.47591397166252136,1.7037322334138638
BH_s24_medium,27,23,27.766666666666666,0.28697362542152405,1.5714249315546573
BH_s24_medium,27,24,27.8,0.05160216987133026,1.3297381923821174
BH_s24_medium,27,25,27.833333333333332,-0.13746948540210724,1.0061820073945875
BH_s24_medium,27,26,27.866666666666667,-0.32654112577438354,0.6456187938321148
BH_s24_medium,27,27,27.9,-0.515612781047821,0.3019585998352987
BH_s24_medium,27,28,27.933333333333334,-0.6255053877830505,0.02597452850175986
BH_s24_medium,27,29,27.966666666666665,-0.7045531272888184,-0.14700651946747392
BH_s24_medium,27,30,28.0,-0.767489492893219,-0.20529239826463896
BH_s24_medium,27,31,28.033333333333335,-0.8304258584976196,-0.16217055543280146
BH_s24_medium,27,32,28.066666666666666,-0.8933622241020203,-0.05056566518841103
BH_s24_medium,27,33,28.1,-0.9408436417579651,0.08658752295192776
BH_s24_medium,27,34,28.133333333333333,-1.0039112567901611,0.20750604473558926
BH_s24_medium,27,35,28.166666666666668,-1.0039112567901611,0.2818523561055894
BH_s24_medium,27,36,28.2,-1.066978931427002,0.2975294614796221
BH_s24_medium,27,37,28.233333333333334,-1.066978931427002,0.26156168274893926
BH_s24_medium,27,38,28.266666666666666,-1.0817774534225464,0.1945317761904411
BH_s24_medium,27,39,28.3,-1.1153794527053833,0.12080378008798355
BH_s24_medium,27,40,28.333333333333332,-0.8681643605232239,0.0586770344990447
BH_s24_medium,27,41,28.366666666666667,-0.06879536807537079,0.014568698598692269
BH_s24_medium,27,42,28.4,1.030850887298584,-0.016711422209561497
BH_s24_medium,27,43,28.433333333333334,2.030977964401245,-0.046323792395457426
BH_s24_medium,27,44,28.466666666666665,2.4648094177246094,-0.08327524757081887
BH_s24_medium,27,45,28.5,2.4370505809783936,-0.12765917836329063
BH_s24_medium,27,46,28.533333333333335,2.248110294342041,-0.16873658913952175
BH_s24_medium,27,47,28.566666666666666,2.0591697692871094,-0.1891802474041126
BH_s24_medium,27,48,28.6,1.7936763763427734,-0.17343029569231885
BH_s24_medium,27,49,28.633333333333333,1.4787319898605347,-0.11598670044812064
BH_s24_medium,27,50,28.666666666666668,1.1139428615570068,-0.026253736290293313
BH_s24_medium,27,51,28.7,0.875026524066925,0.07131918216662654
BH_s24_medium,27,52,28.733333333333334,0.7490225434303284,0.14173921357461378
BH_s24_medium,27,53,28.766666666666666,0.6230185031890869,0.14796855972722003
BH_s24_medium,27,54,28.8,0.421249121427536,0.061970579235374294
BH_s24_medium,27,55,28.833333333333332,0.18180756270885468,-0.12424238328378817
BH_s24_medium,27,56,28.866666666666667,0.043368399143218994,-0.39101120531081685
BH_s24_medium,27,57,28.9,-0.19633574783802032,-0.6905963941439248
BH_s24_medium,27,58,28.933333333333334,-0.334512323141098,-0.9565329649792698
BH_s24_medium,27,59,28.966666666666665,-0.5114114284515381,-1.121921362477113
BH_s24_medium,27,60,29.0,-0.574347734451294,-1.1406547019429696
BH_s24_medium,27,61,29.033333333333335,-0.6885730624198914,-1.002636601256228
BH_s24_medium,27,62,29.066666666666666,-0.7516407370567322,-0.7363484076271541
BH_s24_medium,27,63,29.1,-0.8147083520889282,-0.39810696592053907
BH_s24_medium,27,64,29.133333333333333,-0.877776026725769,-0.05317298161459176
BH_s24_medium,27,65,29.166666666666668,-0.9408436417579651,0.24343917110203162
BH_s24_medium,27,66,29.2,-0.9408436417579651,0.45985233362995664
BH_s24_medium,27,67,29.233333333333334,-1.0039112567901611,0.590703874047955
BH_s24_medium,27,68,29.266666666666666,-1.0039112567901611,0.6511651377442195
BH_s24_medium,27,69,29.3,-1.0146396160125732,0.6648607185648856
BH_s24_medium,27,70,29.333333333333332,-1.066978931427002,0.6515573037829544
BH_s24_medium,27,71,29.366666666666667,-0.9620482921600342,0.6205768560615762
BH_s24_medium,27,72,29.4,-0.30089354515075684,0.5723164873730804
BH_s24_medium,27,73,29.433333333333334,0.6646084785461426,0.5053329611678631
BH_s24_medium,27,74,29.466666666666665,1.6952893733978271,0.42353603380679977
BH_s24_medium,27,75,29.5,2.1494710445404053,0.3387640213000558
BH_s24_medium,27,76,29.533333333333335,2.129852533340454,0.267633593358407
BH_s24_medium,27,77,29.566666666666666,1.8778445720672607,0.22513487441674768
BH_s24_medium,27,78,29.6,1.6258364915847778,0.21849657409797754
BH_s24_medium,27,79,29.633333333333333,1.3738285303115845,0.24371429261653707
BH_s24_medium,27,80,29.666666666666668,1.0587528944015503,0.2854726538387561
BH_s24_medium,27,81,29.7,0.8067448735237122,0.31999995238573836
BH_s24_medium,27,82,29.733333333333334,0.6358475685119629,0.3199384593976294
BH_s24_medium,27,83,29.766666666666666,0.5638896822929382,0.26038707723560284
BH_s24_medium,27,84,29.8,0.43788567185401917,0.125415521103725
BH_s24_medium,27,85,29.833333333333332,0.24881401658058167,-0.08585750969404952
BH_s24_medium,27,86,29.866666666666667,0.059742361307144165,-0.35513788751139885
BH_s24_medium,27,87,29.9,-0.12932929396629333,-0.6448319932270702
BH_s24_medium,27,88,29.933333333333334,-0.31840094923973083,-0.903719880311499
BH_s24_medium,27,89,29.966666666666665,-0.4444049596786499,-1.0786419157688865
BH_s24_medium,27,90,30.0,-0.5704089403152466,-1.129684802568693
BH_s24_medium,27,91,30.033333333333335,-0.6885730624198914,-1.043633315192073
BH_s24_medium,27,92,30.066666666666666,-0.7593492865562439,-0.8395148239256186
BH_s24_medium,27,93,30.1,-0.8222856521606445,-0.5625600519491437
BH_s24_medium,27,94,30.133333333333333,-0.8852220177650452,-0.2684987923334825
BH_s24_medium,27,95,30.166666666666668,-0.9408436417579651,-0.005269388356462007
BH_s24_medium,27,96,30.2,-0.9480270743370056,0.19966159597784738
BH_s24_medium,27,97,30.233333333333334,-1.0039112567901611,0.34156085770835815
BH_s24_medium,27,98,30.266666666666666,-1.0108321905136108,0.43118572628181145
BH_s24_medium,27,99,30.3,-1.066978931427002,0.4836123130096461
BH_s24_medium,27,100,30.333333333333332,-0.8511430025100708,0.509670840133294
BH_s24_medium,27,101,30.366666666666667,-0.19488388299942017,0.5136157128687294
BH_s24_medium,27,102,30.4,0.8826114535331726,0.4960364097054049
BH_s24_medium,27,103,30.433333333333334,1.8654546737670898,0.4582277992771664
BH_s24_medium,27,104,30.466666666666665,2.275606393814087,0.40510635767869285
BH_s24_medium,27,105,30.5,2.2065370082855225,0.3459856822134625
BH_s24_medium,27,106,30.533333333333335,2.017465353012085,0.29336174715462027
BH_s24_medium,27,107,30.566666666666666,1.8226544857025146,0.25985600867945147
BH_s24_medium,27,108,30.6,1.5706465244293213,0.2540464411854812
BH_s24_medium,27,109,30.633333333333333,1.2500941753387451,0.27657821005451244
BH_s24_medium,27,110,30.666666666666668,0.8774275183677673,0.31779464140845193
BH_s24_medium,27,111,30.7,0.6937012076377869,0.35762746183601507
BH_s24_medium,27,112,30.733333333333334,0.5676971673965454,0.3683045913573729
BH_s24_medium,27,113,30.766666666666666,0.44169318675994873,0.3202414915694193
BH_s24_medium,27,114,30.8,0.24780137836933136,0.19068855131942658
BH_s24_medium,27,115,30.833333333333332,0.05886102467775345,-0.026648035210015367
BH_s24_medium,27,116,30.866666666666667,-0.1885894238948822,-0.3141755755231054
BH_s24_medium,27,117,30.9,-0.3776610791683197,-0.6290564988333797
BH_s24_medium,27,118,30.933333333333334,-0.5667327046394348,-0.9109415588477008
BH_s24_medium,27,119,30.966666666666665,-0.6885730624198914,-1.0983505618747604
BH_s24_medium,27,120,31.0,-0.7556731104850769,-1.148059907551419
BH_s24_medium,27,121,31.033333333333335,-0.8186094760894775,-1.048947199338926
BH_s24_medium,27,122,31.066666666666666,-0.8815457820892334,-0.824178545537798
BH_s24_medium,27,123,31.1,-0.944482147693634,-0.521625588720227
BH_s24_medium,27,124,31.133333333333333,-1.0074185132980347,-0.1978861836098987
BH_s24_medium,27,125,31.166666666666668,-1.066978931427002,0.09677155156407308
BH_s24_medium,27,126,31.2,-1.1300466060638428,0.32744794450207676
BH_s24_medium,27,127,31.233333333333334,-1.1300466060638428,0.4767098743063641
BH_s24_medium,27,128,31.266666666666666,-1.1300466060638428,0.5420450715295079
BH_s24_medium,27,129,31.3,-1.1931142807006836,0.5319939198315031
BH_s24_medium,27,130,31.333333333333332,-1.1903947591781616,0.4632889784440759
BH_s24_medium,27,131,31.366666666666667,-0.862247109413147,0.35918601345396917
BH_s24_medium,27,132,31.4,0.024825938045978546,0.24725747177331528
BH_s24_medium,27,133,31.433333333333334,1.1613187789916992,0.15485534562114167
BH_s24_medium,27,134,31.466666666666665,2.0951805114746094,0.10258557625468444
BH_s24_medium,27,135,31.5,2.4648094177246094,0.09853808384686145
BH_s24_medium,27,136,31.533333333333335,2.397878408432007,0.13644811952276195
BH_s24_medium,27,137,31.566666666666666,2.1476707458496094,0.19899968371403645
BH_s24_medium,27,138,31.6,1.9569300413131714,0.2644971479178183
BH_s24_medium,27,139,31.633333333333333,1.7033841609954834,0.31360546295606345
BH_s24_medium,27,140,31.666666666666668,1.3267786502838135,0.33395465462772744
BH_s24_medium,27,141,31.7,1.0117030143737793,0.3220878326603221
BH_s24_medium,27,142,31.733333333333334,0.7608389258384705,0.28254506271863866
BH_s24_medium,27,143,31.766666666666666,0.6348349452018738,0.22409200748624358
BH_s24_medium,27,144,31.8,0.5079495906829834,0.1546224231304054
BH_s24_medium,27,145,31.833333333333332,0.25594156980514526,0.07744929159219183
BH_s24_medium,27,146,31.866666666666667,0.06700122356414795,-0.00925599034252362
BH_s24_medium,27,147,31.9,-0.18451933562755585,-0.11018757048045445
BH_s24_medium,27,148,31.933333333333334,-0.37359097599983215,-0.22933521402243146
BH_s24_medium,27,149,31.966666666666665,-0.562662661075592,-0.3664470065133828
BH_s24_medium,27,150,32.0,-0.6886666417121887,-0.5139460333290857
BH_s24_medium,27,151,32.03333333333333,-0.7516407370567322,-0.6547114827238946
BH_s24_medium,27,152,32.06666666666667,-0.877606987953186,-0.7624408299063149
BH_s24_medium,27,153,32.1,-0.9405433535575867,-0.8067373753578885
BH_s24_medium,27,154,32.13333333333333,-1.0034797191619873,-0.762815776548586
BH_s24_medium,27,155,32.166666666666664,-1.0664160251617432,-0.6222838189847516
BH_s24_medium,27,156,32.2,-1.066978931427002,-0.39966147405132946
BH_s24_medium,27,157,32.233333333333334,-1.1300466060638428,-0.13072638349461171
BH_s24_medium,27,158,32.266666666666666,-1.1300466060638428,0.1371495615316164
BH_s24_medium,27,159,32.3,-1.1931142807006836,0.358672022217023
BH_s24_medium,27,160,32.333333333333336,-1.1931142807006836,0.5031739979975605
BH_s24_medium,27,161,32.36666666666667,-1.2548311948776245,0.562001842643709
BH_s24_medium,27,162,32.4,-1.069942831993103,0.5485532581673119
BH_s24_medium,27,163,32.43333333333333,-0.3214598298072815,0.4912452904851193
BH_s24_medium,27,164,32.46666666666667,0.7445375323295593,0.4225197814886266
BH_s24_medium,27,165,32.5,1.882193922996521,0.3684855185646164
BH_s24_medium,27,166,32.53333333333333,2.3957204818725586,0.342717604102544
BH_s24_medium,27,167,32.56666666666667,2.4038801193237305,0.34516603265498447
BH_s24_medium,27,168,32.6,2.21707820892334,0.36493514865773313
BH_s24_medium,27,169,32.63333333333333,2.0281379222869873,0.384766568131258
BH_s24_medium,27,170,32.666666666666664,1.7761298418045044,0.38538320018406796
BH_s24_medium,27,171,32.7,1.4637176990509033,0.3489663364109875
BH_s24_medium,27,172,32.733333333333334,1.0857057571411133,0.26217718807375257
BH_s24_medium,27,173,32.766666666666666,0.8309028744697571,0.11946205835384073
BH_s24_medium,27,174,32.8,0.7019726634025574,-0.07343680138578243
BH_s24_medium,27,175,32.833333333333336,0.5759686827659607,-0.2972416084894772
BH_s24_medium,27,176,32.86666666666667,0.3902170658111572,-0.5204914261406958
BH_s24_medium,27,177,32.9,0.13820905983448029,-0.7059525923610152
BH_s24_medium,27,178,32.93333333333333,0.00875371228903532,-0.8208973179449012
BH_s24_medium,27,179,32.96666666666667,-0.23967164754867554,-0.8472200262109856
BH_s24_medium,27,180,33.0,-0.42861202359199524,-0.7864868406985441
BH_s24_medium,27,181,33.03333333333333,-0.5584612488746643,-0.6573340966844817
BH_s24_medium,27,182,33.06666666666667,-0.684465229511261,-0.48717672393499195
BH_s24_medium,27,183,33.1,-0.7516407370567322,-0.30332525789208903
BH_s24_medium,27,184,33.13333333333333,-0.8147083520889282,-0.12764476035563854
BH_s24_medium,27,185,33.166666666666664,-0.877776026725769,0.024686260944979287
BH_s24_medium,27,186,33.2,-0.9408436417579651,0.1446082291992454
BH_s24_medium,27,187,33.233333333333334,-0.9408436417579651,0.2290775118938452
BH_s24_medium,27,188,33.266666666666666,-1.0039112567901611,0.2812410072139694
BH_s24_medium,27,189,33.3,-1.0039112567901611,0.3091061001092836
BH_s24_medium,27,190,33.333333333333336,-1.066978931427002,0.32240214712718274
BH_s24_medium,27,191,33.36666666666667,-0.9514225721359253,0.3295005863890552
BH_s24_medium,27,192,33.4,-0.34269165992736816,0.33614073101056063
BH_s24_medium,27,193,33.43333333333333,0.5858791470527649,0.34594476940342683
BH_s24_medium,27,194,33.46666666666667,1.542078971862793,0.3614177265190513
BH_s24_medium,27,195,33.5,2.011706590652466,0.38414556089207424
BH_s24_medium,27,196,33.53333333333333,1.9090924263000488,0.41386250273869857
BH_s24_medium,27,197,33.56666666666667,1.657084345817566,0.4469874328240138
BH_s24_medium,27,198,33.6,1.4050763845443726,0.47545856925518026
BH_s24_medium,27,199,33.63333333333333,1.096340537071228,0.4866033206884733
BH_s24_medium,27,200,33.666666666666664,0.8379927277565002,0.464820642911847
BH_s24_medium,27,201,33.7,0.5793823003768921,0.39558463260261917
BH_s24_medium,27,202,33.733333333333334,0.453378289937973,0.27120539666574306
BH_s24_medium,27,203,33.766666666666666,0.3904419541358948,0.09626496344111048
BH_s24_medium,27,204,33.8,0.32750558853149414,-0.11033154014037472
BH_s24_medium,27,205,33.833333333333336,0.13843393325805664,-0.31908796294603253
BH_s24_medium,27,206,33.86666666666667,-0.043378859758377075,-0.4991702472257113
BH_s24_medium,27,207,33.9,-0.23970937728881836,-0.6292762846928042
BH_s24_medium,27,208,33.93333333333333,-0.42878103256225586,-0.7039090612895295
BH_s24_medium,27,209,33.96666666666667,-0.5547850131988525,-0.7308034127573227
BH_s24_medium,27,210,34.0,-0.680789053440094,-0.7215113024600783
BH_s24_medium,27,211,34.03333333333333,-0.7516407370567322,-0.6823237171380677
BH_s24_medium,27,212,34.06666666666667,-0.8147083520889282,-0.6118788815006809
BH_s24_medium,27,213,34.1,-0.877776026725769,-0.506231188873171
BH_s24_medium,27,214,34.13333333333333,-0.9408436417579651,-0.3665865053787593
BH_s24_medium,27,215,34.166666666666664,-0.9408436417579651,-0.20358672892833687
BH_s24_medium,27,216,34.2,-1.0039112567901611,-0.035725251718518494
BH_s24_medium,27,217,34.233333333333334,-1.0039112567901611,0.11606527090115543
BH_s24_medium,27,218,34.266666666666666,-0.6066096425056458,0.23449361388159
BH_s24_medium,27,219,34.3,0.19468195736408234,0.31064835816453196
BH_s24_medium,27,220,34.333333333333336,1.2568159103393555,0.3461659417398072
BH_s24_medium,27,221,34.36666666666667,1.9864227771759033,0.35202806400612097
BH_s24_medium,27,222,34.4,2.1494710445404053,0.3442237601593326
BH_s24_medium,27,223,34.43333333333333,2.0328266620635986,0.3379059296965962
BH_s24_medium,27,224,34.46666666666667,1.7903095483779907,0.3424604028131986
BH_s24_medium,27,225,34.5,1.6013691425323486,0.35924725364866306
BH_s24_medium,27,226,34.53333333333333,1.2331105470657349,0.3818959439557592
BH_s24_medium,27,227,34.56666666666667,0.9081501960754395,0.3977702753530849
BH_s24_medium,27,228,34.6,0.5930745601654053,0.38987228754379166
BH_s24_medium,27,229,34.63333333333333,0.4569232165813446,0.33989085409208036
BH_s24_medium,27,230,34.666666666666664,0.33091920614242554,0.23344518406764547
BH_s24_medium,27,231,34.7,0.15238875150680542,0.06721900599118756
BH_s24_medium,27,232,34.733333333333334,0.015843559056520462,-0.14459780811007303
BH_s24_medium,27,233,34.766666666666666,-0.2254919558763504,-0.36863317023181996
BH_s24_medium,27,234,34.8,-0.4253673851490021,-0.5585643453345692
BH_s24_medium,27,235,34.833333333333336,-0.614439070224762,-0.6685711268269234
BH_s24_medium,27,236,34.86666666666667,-0.7404430508613586,-0.6684283930852927
BH_s24_medium,27,237,34.9,-0.8664470314979553,-0.5530669069259787
BH_s24_medium,27,238,34.93333333333333,-0.9924510717391968,-0.3432841905967699
BH_s24_medium,27,239,34.96666666666667,-1.0553873777389526,-0.07950874239843725
BH_s24_medium,28,0,28.0,-0.767489492893219,-0.031204943602333283
BH_s24_medium,28,1,28.033333333333335,-0.8304258584976196,-2.6570600549901138
BH_s24_medium,28,2,28.066666666666666,-0.8933622241020203,-4.852436561956758
BH_s24_medium,28,3,28.1,-0.9408436417579651,-6.297763442831361
BH_s24_medium,28,4,28.133333333333333,-1.0039112567901611,-6.860400057616772
BH_s24_medium,28,5,28.166666666666668,-1.0039112567901611,-6.608993747611684
BH_s24_medium,28,6,28.2,-1.066978931427002,-5.762808853652994
BH_s24_medium,28,7,28.233333333333334,-1.066978931427002,-4.604951204049677
BH_s24_medium,28,8,28.266666666666666,-1.0817774534225464,-3.3977418924876663
BH_s24_medium,28,9,28.3,-1.1153794527053833,-2.3264914955802585
BH_s24_medium,28,10,28.333333333333332,-0.8681643605232239,-1.4804144595307136
BH_s24_medium,28,11,28.366666666666667,-0.06879536807537079,-0.8652038723284844
BH_s24_medium,28,12,28.4,1.030850887298584,-0.4336345740734051
BH_s24_medium,28,13,28.433333333333334,2.030977964401245,-0.11913494623387923
BH_s24_medium,28,14,28.466666666666665,2.4648094177246094,0.13872592665363193
BH_s24_medium,28,15,28.5,2.4370505809783936,0.3812349482615252
BH_s24_medium,28,16,28.533333333333335,2.248110294342041,0.6282765923747817
BH_s24_medium,28,17,28.566666666666666,2.0591697692871094,0.8820074291542181
BH_s24_medium,28,18,28.6,1.7936763763427734,1.1322076997073607
BH_s24_medium,28,19,28.633333333333333,1.4787319898605347,1.3611814597654233
BH_s24_medium,28,20,28.666666666666668,1.1139428615570068,1.5475340643633977
BH_s24_medium,28,21,28.7,0.875026524066925,1.668874510681469
BH_s24_medium,28,22,28.733333333333334,0.7490225434303284,1.7041778142274073
BH_s24_medium,28,23,28.766666666666666,0.6230185031890869,1.6369461695177343
BH_s24_medium,28,24,28.8,0.421249121427536,1.4598840816937904
BH_s24_medium,28,25,28.833333333333332,0.18180756270885468,1.180573308316775
BH_s24_medium,28,26,28.866666666666667,0.043368399143218994,0.8260809217540371
BH_s24_medium,28,27,28.9,-0.19633574783802032,0.44323843611925795
BH_s24_medium,28,28,28.933333333333334,-0.334512323141098,0.0915507896246867
BH_s24_medium,28,29,28.966666666666665,-0.5114114284515381,-0.17129796018340412
BH_s24_medium,28,30,29.0,-0.574347734451294,-0.30632019249444553
BH_s24_medium,28,31,29.033333333333335,-0.6885730624198914,-0.30481182440713706
BH_s24_medium,28,32,29.066666666666666,-0.7516407370567322,-0.18978278074886437
BH_s24_medium,28,33,29.1,-0.8147083520889282,-0.007590373236809108
BH_s24_medium,28,34,29.133333333333333,-0.877776026725769,0.18649464439980584
BH_s24_medium,28,35,29.166666666666668,-0.9408436417579651,0.34389238585020876
BH_s24_medium,28,36,29.2,-0.9408436417579651,0.4344883688988104
BH_s24_medium,28,37,29.233333333333334,-1.0039112567901611,0.4509110349496771
BH_s24_medium,28,38,29.266666666666666,-1.0039112567901611,0.40472397815922745
BH_s24_medium,28,39,29.3,-1.0146396160125732,0.3173040950765547
BH_s24_medium,28,40,29.333333333333332,-1.066978931427002,0.20998875983523116
BH_s24_medium,28,41,29.366666666666667,-0.9620482921600342,0.09772100895346532
BH_s24_medium,28,42,29.4,-0.30089354515075684,-0.0117276696116442
BH_s24_medium,28,43,29.433333333333334,0.6646084785461426,-0.11396263053057348
BH_s24_medium,28,44,29.466666666666665,1.6952893733978271,-0.20319710668498298
BH_s24_medium,28,45,29.5,2.1494710445404053,-0.27032010269971357
BH_s24_medium,28,46,29.533333333333335,2.129852533340454,-0.3050095094592052
BH_s24_medium,28,47,29.566666666666666,1.8778445720672607,-0.3000863285320667
BH_s24_medium,28,48,29.6,1.6258364915847778,-0.25538087541181176
BH_s24_medium,28,49,29.633333333333333,1.3738285303115845,-0.17937780730905087
BH_s24_medium,28,50,29.666666666666668,1.0587528944015503,-0.08835041537928702
BH_s24_medium,28,51,29.7,0.8067448735237122,-0.0036444840916543195
BH_s24_medium,28,52,29.733333333333334,0.6358475685119629,0.05201649217186593
BH_s24_medium,28,53,29.766666666666666,0.5638896822929382,0.058562909712285074
BH_s24_medium,28,54,29.8,0.43788567185401917,0.002536643600715707
BH_s24_medium,28,55,29.833333333333332,0.24881401658058167,-0.1193642473590586
BH_s24_medium,28,56,29.866666666666667,0.059742361307144165,-0.29759647339359085
BH_s24_medium,28,57,29.9,-0.12932929396629333,-0.5087340326620123
BH_s24_medium,28,58,29.933333333333334,-0.31840094923973083,-0.7173041832056282
BH_s24_medium,28,59,29.966666666666665,-0.4444049596786499,-0.8815946805410878
BH_s24_medium,28,60,30.0,-0.5704089403152466,-0.9632967775170082
BH_s24_medium,28,61,30.033333333333335,-0.6885730624198914,-0.9385486983707901
BH_s24_medium,28,62,30.066666666666666,-0.7593492865562439,-0.8057844092574937
BH_s24_medium,28,63,30.1,-0.8222856521606445,-0.5861946583001868
BH_s24_medium,28,64,30.133333333333333,-0.8852220177650452,-0.31640108542746154
BH_s24_medium,28,65,30.166666666666668,-0.9408436417579651,-0.03711631573739949
BH_s24_medium,28,66,30.2,-0.9480270743370056,0.21718768772923722
BH_s24_medium,28,67,30.233333333333334,-1.0039112567901611,0.42417580349813444
BH_s24_medium,28,68,30.266666666666666,-1.0108321905136108,0.5742932725686549
BH_s24_medium,28,69,30.3,-1.066978931427002,0.6676228925580675
BH_s24_medium,28,70,30.333333333333332,-0.8511430025100708,0.7095946862729207
BH_s24_medium,28,71,30.366666666666667,-0.19488388299942017,0.7078225077074751
BH_s24_medium,28,72,30.4,0.8826114535331726,0.6708124605796831
BH_s24_medium,28,73,30.433333333333334,1.8654546737670898,0.6079476748288961
BH_s24_medium,28,74,30.466666666666665,2.275606393814087,0.5299296423109235
BH_s24_medium,28,75,30.5,2.2065370082855225,0.44904725279924734
BH_s24_medium,28,76,30.533333333333335,2.017465353012085,0.3784630708545703
BH_s24_medium,28,77,30.566666666666666,1.8226544857025146,0.32981802350605277
BH_s24_medium,28,78,30.6,1.5706465244293213,0.3095053562162037
BH_s24_medium,28,79,30.633333333333333,1.2500941753387451,0.3150798449160226
BH_s24_medium,28,80,30.666666666666668,0.8774275183677673,0.3334222981467732
BH_s24_medium,28,81,30.7,0.6937012076377869,0.3417326296756587
BH_s24_medium,28,82,30.733333333333334,0.5676971673965454,0.3118164761730965
BH_s24_medium,28,83,30.766666666666666,0.44169318675994873,0.2174495104047934
BH_s24_medium,28,84,30.8,0.24780137836933136,0.043611376272511465
BH_s24_medium,28,85,30.833333333333332,0.05886102467775345,-0.20483764931985524
BH_s24_medium,28,86,30.866666666666667,-0.1885894238948822,-0.49845379226970615
BH_s24_medium,28,87,30.9,-0.3776610791683197,-0.7859641115299629
BH_s24_medium,28,88,30.933333333333334,-0.5667327046394348,-1.0062609426944478
BH_s24_medium,28,89,30.966666666666665,-0.6885730624198914,-1.107234156907618
BH_s24_medium,28,90,31.0,-0.7556731104850769,-1.0638487488915007
BH_s24_medium,28,91,31.033333333333335,-0.8186094760894775,-0.8865246630937184
BH_s24_medium,28,92,31.066666666666666,-0.8815457820892334,-0.6160417087430756
BH_s24_medium,28,93,31.1,-0.944482147693634,-0.30856827779165935
BH_s24_medium,28,94,31.133333333333333,-1.0074185132980347,-0.018284318549076497
BH_s24_medium,28,95,31.166666666666668,-1.066978931427002,0.215608516710788
BH_s24_medium,28,96,31.2,-1.1300466060638428,0.3740142729864246
BH_s24_medium,28,97,31.233333333333334,-1.1300466060638428,0.4556033396324289
BH_s24_medium,28,98,31.266666666666666,-1.1300466060638428,0.4702092524759269
BH_s24_medium,28,99,31.3,-1.1931142807006836,0.4320834670948197
BH_s24_medium,28,100,31.333333333333332,-1.1903947591781616,0.356109864107919
BH_s24_medium,28,101,31.366666666666667,-0.862247109413147,0.2576240548071536
BH_s24_medium,28,102,31.4,0.024825938045978546,0.15379745641024514
BH_s24_medium,28,103,31.433333333333334,1.1613187789916992,0.06348797824433132
BH_s24_medium,28,104,31.466666666666665,2.0951805114746094,0.00397059594695813
BH_s24_medium,28,105,31.5,2.4648094177246094,-0.014179866516804467
BH_s24_medium,28,106,31.533333333333335,2.397878408432007,0.00919176423114474
BH_s24_medium,28,107,31.566666666666666,2.1476707458496094,0.06413156567740765
BH_s24_medium,28,108,31.6,1.9569300413131714,0.13463070022575613
BH_s24_medium,28,109,31.633333333333333,1.7033841609954834,0.20385417660703953
BH_s24_medium,28,110,31.666666666666668,1.3267786502838135,0.25842314542243633
BH_s24_medium,28,111,31.7,1.0117030143737793,0.290929538563217
BH_s24_medium,28,112,31.733333333333334,0.7608389258384705,0.29994194376177175
BH_s24_medium,28,113,31.766666666666666,0.6348349452018738,0.2871418172414516
BH_s24_medium,28,114,31.8,0.5079495906829834,0.25331398505048397
BH_s24_medium,28,115,31.833333333333332,0.25594156980514526,0.19631335853990484
BH_s24_medium,28,116,31.866666666666667,0.06700122356414795,0.11253724382093103
BH_s24_medium,28,117,31.9,-0.18451933562755585,0.0005496218982360675
BH_s24_medium,28,118,31.933333333333334,-0.37359097599983215,-0.1358090300879711
BH_s24_medium,28,119,31.966666666666665,-0.562662661075592,-0.2865328727860196
BH_s24_medium,28,120,32.0,-0.6886666417121887,-0.4364659910005804
BH_s24_medium,28,121,32.03333333333333,-0.7516407370567322,-0.5669261858009957
BH_s24_medium,28,122,32.06666666666667,-0.877606987953186,-0.6576492093769135
BH_s24_medium,28,123,32.1,-0.9405433535575867,-0.6899802769727363
BH_s24_medium,28,124,32.13333333333333,-1.0034797191619873,-0.6517022177157082
BH_s24_medium,28,125,32.166666666666664,-1.0664160251617432,-0.5420724734780689
BH_s24_medium,28,126,32.2,-1.066978931427002,-0.37434450743404935
BH_s24_medium,28,127,32.233333333333334,-1.1300466060638428,-0.17372464850612676
BH_s24_medium,28,128,32.266666666666666,-1.1300466060638428,0.028774157799838704
BH_s24_medium,28,129,32.3,-1.1931142807006836,0.2041144552498685
BH_s24_medium,28,130,32.333333333333336,-1.1931142807006836,0.33232864756415625
BH_s24_medium,28,131,32.36666666666667,-1.2548311948776245,0.40726127288667585
BH_s24_medium,28,132,32.4,-1.069942831993103,0.4370120468374499
BH_s24_medium,28,133,32.43333333333333,-0.3214598298072815,0.43892267639436505
BH_s24_medium,28,134,32.46666666666667,0.7445375323295593,0.43118133174303935
BH_s24_medium,28,135,32.5,1.882193922996521,0.42561442344121736
BH_s24_medium,28,136,32.53333333333333,2.3957204818725586,0.4249486533587104
BH_s24_medium,28,137,32.56666666666667,2.4038801193237305,0.42452825383361464
BH_s24_medium,28,138,32.6,2.21707820892334,0.4163287950751537
BH_s24_medium,28,139,32.63333333333333,2.0281379222869873,0.3927407513567026
BH_s24_medium,28,140,32.666666666666664,1.7761298418045044,0.3483057571091459
BH_s24_medium,28,141,32.7,1.4637176990509033,0.2790940431290076
BH_s24_medium,28,142,32.733333333333334,1.0857057571411133,0.18123421756613972
BH_s24_medium,28,143,32.766666666666666,0.8309028744697571,0.05097268859389632
BH_s24_medium,28,144,32.8,0.7019726634025574,-0.11236350818345228
BH_s24_medium,28,145,32.833333333333336,0.5759686827659607,-0.30148339731314566
BH_s24_medium,28,146,32.86666666666667,0.3902170658111572,-0.497510737169412
BH_s24_medium,28,147,32.9,0.13820905983448029,-0.6711632389721118
BH_s24_medium,28,148,32.93333333333333,0.00875371228903532,-0.7900308800279704
BH_s24_medium,28,149,32.96666666666667,-0.23967164754867554,-0.8294160656948659
BH_s24_medium,28,150,33.0,-0.42861202359199524,-0.781175683193223
BH_s24_medium,28,151,33.03333333333333,-0.5584612488746643,-0.655691033887664
BH_s24_medium,28,152,33.06666666666667,-0.684465229511261,-0.4767958779965709
BH_s24_medium,28,153,33.1,-0.7516407370567322,-0.27382875253696476
BH_s24_medium,28,154,33.13333333333333,-0.8147083520889282,-0.07498500434844868
BH_s24_medium,28,155,33.166666666666664,-0.877776026725769,0.09676908418021238
BH_s24_medium,28,156,33.2,-0.9408436417579651,0.2262221500843427
BH_s24_medium,28,157,33.233333333333334,-0.9408436417579651,0.30778758986972293
BH_s24_medium,28,158,33.266666666666666,-1.0039112567901611,0.34589850581199777
BH_s24_medium,28,159,33.3,-1.0039112567901611,0.3524918053595447
BH_s24_medium,28,160,33.333333333333336,-1.066978931427002,0.34211823078585707
BH_s24_medium,28,161,33.36666666666667,-0.9514225721359253,0.3273181577813565
BH_s24_medium,28,162,33.4,-0.34269165992736816,0.3164425225636551
BH_s24_medium,28,163,33.43333333333333,0.5858791470527649,0.31396860634260254
BH_s24_medium,28,164,33.46666666666667,1.542078971862793,0.32182210152563123
BH_s24_medium,28,165,33.5,2.011706590652466,0.3401327933019988
BH_s24_medium,28,166,33.53333333333333,1.9090924263000488,0.3668372112138786
BH_s24_medium,28,167,33.56666666666667,1.657084345817566,0.39662254873772246
BH_s24_medium,28,168,33.6,1.4050763845443726,0.42013750532422384
BH_s24_medium,28,169,33.63333333333333,1.096340537071228,0.4243508034001713
BH_s24_medium,28,170,33.666666666666664,0.8379927277565002,0.39476638500278255
BH_s24_medium,28,171,33.7,0.5793823003768921,0.31964910485755843
BH_s24_medium,28,172,33.733333333333334,0.453378289937973,0.19526746527951605
BH_s24_medium,28,173,33.766666666666666,0.3904419541358948,0.029930447580994488
BH_s24_medium,28,174,33.8,0.32750558853149414,-0.15583683750039093
BH_s24_medium,28,175,33.833333333333336,0.13843393325805664,-0.33456184156395624
BH_s24_medium,28,176,33.86666666666667,-0.043378859758377075,-0.4814975363997704
BH_s24_medium,28,177,33.9,-0.23970937728881836,-0.5844046572004592
BH_s24_medium,28,178,33.93333333333333,-0.42878103256225586,-0.6473260778912164
BH_s24_medium,28,179,33.96666666666667,-0.5547850131988525,-0.6846874661858597
BH_s24_medium,28,180,34.0,-0.680789053440094,-0.7087570510811971
BH_s24_medium,28,181,34.03333333333333,-0.7516407370567322,-0.7189584028005891
BH_s24_medium,28,182,34.06666666666667,-0.8147083520889282,-0.700563530856383
BH_s24_medium,28,183,34.1,-0.877776026725769,-0.633743289070811
BH_s24_medium,28,184,34.13333333333333,-0.9408436417579651,-0.5067453475696491
BH_s24_medium,28,185,34.166666666666664,-0.9408436417579651,-0.3246117054831372
BH_s24_medium,28,186,34.2,-1.0039112567901611,-0.1091014322230824
BH_s24_medium,28,187,34.233333333333334,-1.0039112567901611,0.10849119168901725
BH_s24_medium,28,188,34.266666666666666,-0.6066096425056458,0.29739958293494506
BH_s24_medium,28,189,34.3,0.19468195736408234,0.436540938339447
BH_s24_medium,28,190,34.333333333333336,1.2568159103393555,0.5198284495153339
BH_s24_medium,28,191,34.36666666666667,1.9864227771759033,0.5558863065689851
BH_s24_medium,28,192,34.4,2.1494710445404053,0.5625628527411592
BH_s24_medium,28,193,34.43333333333333,2.0328266620635986,0.5589127462436436
BH_s24_medium,28,194,34.46666666666667,1.7903095483779907,0.5582970723856193
BH_s24_medium,28,195,34.5,1.6013691425323486,0.5651046642045467
BH_s24_medium,28,196,34.53333333333333,1.2331105470657349,0.5749489846029747
BH_s24_medium,28,197,34.56666666666667,0.9081501960754395,0.5764285234473342
BH_s24_medium,28,198,34.6,0.5930745601654053,0.5532511217513445
BH_s24_medium,28,199,34.63333333333333,0.4569232165813446,0.4872942017131335
BH_s24_medium,28,200,34.666666666666664,0.33091920614242554,0.36372857068026443
BH_s24_medium,28,201,34.7,0.15238875150680542,0.1780424849728848
BH_s24_medium,28,202,34.733333333333334,0.015843559056520462,-0.05745170587355711
BH_s24_medium,28,203,34.766666666666666,-0.2254919558763504,-0.31160501402075214
BH_s24_medium,28,204,34.8,-0.4253673851490021,-0.5401710591073378
BH_s24_medium,28,205,34.833333333333336,-0.614439070224762,-0.6989461480410567
BH_s24_medium,28,206,34.86666666666667,-0.7404430508613586,-0.7590235904389095
BH_s24_medium,28,207,34.9,-0.8664470314979553,-0.7167125389986875
BH_s24_medium,28,208,34.93333333333333,-0.9924510717391968,-0.5936915117210284
BH_s24_medium,28,209,34.96666666666667,-1.0553873777389526,-0.42824899273404227
BH_s24_medium,28,210,35.0,-1.118323802947998,-0.26191847982467414
BH_s24_medium,28,211,35.03333333333333,-1.181260108947754,-0.12671178361746946
BH_s24_medium,28,212,35.06666666666667,-1.1931142807006836,-0.03741386030585779
BH_s24_medium,28,213,35.1,-1.2440651655197144,0.008698416975448424
BH_s24_medium,28,214,35.13333333333333,-1.2561819553375244,0.02549093567381881
BH_s24_medium,28,215,35.166666666666664,-1.3068702220916748,0.028721891728267973
BH_s24_medium,28,216,35.2,-1.3192495107650757,0.028904218589762897
BH_s24_medium,28,217,35.233333333333334,-1.1049046516418457,0.029485009296503224
BH_s24_medium,28,218,35.266666666666666,-0.3365117907524109,0.029467698809960342
BH_s24_medium,28,219,35.3,0.5956794023513794,0.026995164188567813
BH_s24_medium,28,220,35.333333333333336,1.4536157846450806,0.02167156598451891
BH_s24_medium,28,221,35.36666666666667,1.8209657669067383,0.015763413382668942
BH_s24_medium,28,222,35.4,1.7843636274337769,0.014631172291986783
BH_s24_medium,28,223,35.43333333333333,1.6583596467971802,0.0258632192555728
BH_s24_medium,28,224,35.46666666666667,1.482848882675171,0.056803360155479085
BH_s24_medium,28,225,35.5,1.2939084768295288,0.11112612311087745
BH_s24_medium,28,226,35.53333333333333,0.9295887351036072,0.18561073597815334
BH_s24_medium,28,227,35.56666666666667,0.6146444082260132,0.26829626115756144
BH_s24_medium,28,228,35.6,0.39766308665275574,0.3391241656131159
BH_s24_medium,28,229,35.63333333333333,0.27165907621383667,0.37371407876977125
BH_s24_medium,28,230,35.666666666666664,0.09693612903356552,0.34985690503495465
BH_s24_medium,28,231,35.7,-0.028936581686139107,0.2551963555915729
BH_s24_medium,28,232,35.733333333333334,-0.21787694096565247,0.09398605290349014
BH_s24_medium,28,233,35.766666666666666,-0.4215598702430725,-0.10938301339251175
BH_s24_medium,28,234,35.8,-0.61063152551651,-0.3123325259989933
BH_s24_medium,28,235,35.833333333333336,-0.7366355657577515,-0.4629456492339452
BH_s24_medium,28,236,35.86666666666667,-0.8626395463943481,-0.5149613613592966
BH_s24_medium,28,237,35.9,-0.9886435270309448,-0.4447230246503497
BH_s24_medium,28,238,35.93333333333333,-1.0515799522399902,-0.2628249282882614
BH_s24_medium,28,239,35.96666666666667,-1.114516258239746,-0.013887793081805109
BH_s24_medium,29,0,29.0,-0.574347734451294,-0.04776399599934458
BH_s24_medium,29,1,29.033333333333335,-0.6885730624198914,-2.379350009328716
BH_s24_medium,29,2,29.066666666666666,-0.7516407370567322,-4.342469242820046
BH_s24_medium,29,3,29.1,-0.8147083520889282,-5.661709751936082
BH_s24_medium,29,4,29.133333333333333,-0.877776026725769,-6.217996471455609
BH_s24_medium,29,5,29.166666666666668,-0.9408436417579651,-6.061690045325316
BH_s24_medium,29,6,29.2,-0.9408436417579651,-5.3717083466629445
BH_s24_medium,29,7,29.233333333333334,-1.0039112567901611,-4.384659431985801
BH_s24_medium,29,8,29.266666666666666,-1.0039112567901611,-3.3254063739800466
BH_s24_medium,29,9,29.3,-1.0146396160125732,-2.3599336040883476
BH_s24_medium,29,10,29.333333333333332,-1.066978931427002,-1.5769312926445183
BH_s24_medium,29,11,29.366666666666667,-0.9620482921600342,-0.9937716925388508
BH_s24_medium,29,12,29.4,-0.30089354515075684,-0.5773053535424344
BH_s24_medium,29,13,29.433333333333334,0.6646084785461426,-0.2695044594710283
BH_s24_medium,29,14,29.466666666666665,1.6952893733978271,-0.01045717341427569
BH_s24_medium,29,15,29.5,2.1494710445404053,0.24543382132983474
BH_s24_medium,29,16,29.533333333333335,2.129852533340454,0.5213187303581459
BH_s24_medium,29,17,29.566666666666666,1.8778445720672607,0.8171666563528104
BH_s24_medium,29,18,29.6,1.6258364915847778,1.1146092845873394
BH_s24_medium,29,19,29.633333333333333,1.3738285303115845,1.3848959901036229
BH_s24_medium,29,20,29.666666666666668,1.0587528944015503,1.5972758741857016
BH_s24_medium,29,21,29.7,0.8067448735237122,1.725598764130425
BH_s24_medium,29,22,29.733333333333334,0.6358475685119629,1.7521783565093285
BH_s24_medium,29,23,29.766666666666666,0.5638896822929382,1.669357026894526
BH_s24_medium,29,24,29.8,0.43788567185401917,1.4799933575313795
BH_s24_medium,29,25,29.833333333333332,0.24881401658058167,1.1979958019500014
BH_s24_medium,29,26,29.866666666666667,0.059742361307144165,0.8491857557409769
BH_s24_medium,29,27,29.9,-0.12932929396629333,0.4715152395193779
BH_s24_medium,29,28,29.933333333333334,-0.31840094923973083,0.11262909395106405
BH_s24_medium,29,29,29.966666666666665,-0.4444049596786499,-0.17708966171374574
BH_s24_medium,29,30,30.0,-0.5704089403152466,-0.35595196896303444
BH_s24_medium,29,31,30.033333333333335,-0.6885730624198914,-0.40364136057794886
BH_s24_medium,29,32,30.066666666666666,-0.7593492865562439,-0.3292262341033956
BH_s24_medium,29,33,30.1,-0.8222856521606445,-0.1692928130047825
BH_s24_medium,29,34,30.133333333333333,-0.8852220177650452,0.02407666480451096
BH_s24_medium,29,35,30.166666666666668,-0.9408436417579651,0.2001361897158479
BH_s24_medium,29,36,30.2,-0.9480270743370056,0.32365395739353936
BH_s24_medium,29,37,30.233333333333334,-1.0039112567901611,0.38111269677948617
BH_s24_medium,29,38,30.266666666666666,-1.0108321905136108,0.37812981700876186
BH_s24_medium,29,39,30.3,-1.066978931427002,0.3313705597147117
BH_s24_medium,29,40,30.333333333333332,-0.8511430025100708,0.2597345857931313
BH_s24_medium,29,41,30.366666666666667,-0.19488388299942017,0.1784257508202182
BH_s24_medium,29,42,30.4,0.8826114535331726,0.09701569490820591
BH_s24_medium,29,43,30.433333333333334,1.8654546737670898,0.020562013326641548
BH_s24_medium,29,44,30.466666666666665,2.275606393814087,-0.04778007183189059
BH_s24_medium,29,45,30.5,2.2065370082855225,-0.10407148684911069
BH_s24_medium,29,46,30.533333333333335,2.017465353012085,-0.14220819282219194
BH_s24_medium,29,47,30.566666666666666,1.8226544857025146,-0.15489551814227692
BH_s24_medium,29,48,30.6,1.5706465244293213,-0.13691329399065044
BH_s24_medium,29,49,30.633333333333333,1.2500941753387451,-0.08935536907650979
BH_s24_medium,29,50,30.666666666666668,0.8774275183677673,-0.022987504249640345
BH_s24_medium,29,51,30.7,0.6937012076377869,0.04094754701402656
BH_s24_medium,29,52,30.733333333333334,0.5676971673965454,0.07356793346570709
BH_s24_medium,29,53,30.766666666666666,0.44169318675994873,0.04502114886316385
BH_s24_medium,29,54,30.8,0.24780137836933136,-0.06605349899235598
BH_s24_medium,29,55,30.833333333333332,0.05886102467775345,-0.26266945385765794
BH_s24_medium,29,56,30.866666666666667,-0.1885894238948822,-0.5227471473395328
BH_s24_medium,29,57,30.9,-0.3776610791683197,-0.799261828872447
BH_s24_medium,29,58,30.933333333333334,-0.5667327046394348,-1.0297634430353757
BH_s24_medium,29,59,30.966666666666665,-0.6885730624198914,-1.154036343875783
BH_s24_medium,29,60,31.0,-0.7556731104850769,-1.1335865097075886
BH_s24_medium,29,61,31.033333333333335,-0.8186094760894775,-0.9642652370152042
BH_s24_medium,29,62,31.066666666666666,-0.8815457820892334,-0.6764943957187679
BH_s24_medium,29,63,31.1,-0.944482147693634,-0.3239185023155496
BH_s24_medium,29,64,31.133333333333333,-1.0074185132980347,0.03352298324329047
BH_s24_medium,29,65,31.166666666666668,-1.066978931427002,0.3447584417442768
BH_s24_medium,29,66,31.2,-1.1300466060638428,0.5761857082301912
BH_s24_medium,29,67,31.233333333333334,-1.1300466060638428,0.7130608005811583
BH_s24_medium,29,68,31.266666666666666,-1.1300466060638428,0.7561059196558756
BH_s24_medium,29,69,31.3,-1.1931142807006836,0.7168137274206297
BH_s24_medium,29,70,31.333333333333332,-1.1903947591781616,0.6141308047846841
BH_s24_medium,29,71,31.366666666666667,-0.862247109413147,0.4730431898325756
BH_s24_medium,29,72,31.4,0.024825938045978546,0.3232024567355442
BH_s24_medium,29,73,31.433333333333334,1.1613187789916992,0.19512574378210035
BH_s24_medium,29,74,31.466666666666665,2.0951805114746094,0.11356584596988464
BH_s24_medium,29,75,31.5,2.4648094177246094,0.09057396604708244
BH_s24_medium,29,76,31.533333333333335,2.397878408432007,0.12200175115928308
BH_s24_medium,29,77,31.566666666666666,2.1476707458496094,0.18962764399338156
BH_s24_medium,29,78,31.6,1.9569300413131714,0.2677680487134486
BH_s24_medium,29,79,31.633333333333333,1.7033841609954834,0.33108623678184484
BH_s24_medium,29,80,31.666666666666668,1.3267786502838135,0.36104079311427884
BH_s24_medium,29,81,31.7,1.0117030143737793,0.3498531051612813
BH_s24_medium,29,82,31.733333333333334,0.7608389258384705,0.30091027602434406
BH_s24_medium,29,83,31.766666666666666,0.6348349452018738,0.22491254954112835
BH_s24_medium,29,84,31.8,0.5079495906829834,0.13347250909806016
BH_s24_medium,29,85,31.833333333333332,0.25594156980514526,0.033860537493133246
BH_s24_medium,29,86,31.866666666666667,0.06700122356414795,-0.07242305706543731
BH_s24_medium,29,87,31.9,-0.18451933562755585,-0.18731396793390534
BH_s24_medium,29,88,31.933333333333334,-0.37359097599983215,-0.312044362944065
BH_s24_medium,29,89,31.966666666666665,-0.562662661075592,-0.44334666806771333
BH_s24_medium,29,90,32.0,-0.6886666417121887,-0.5712580267959785
BH_s24_medium,29,91,32.03333333333333,-0.7516407370567322,-0.6790180347002217
BH_s24_medium,29,92,32.06666666666667,-0.877606987953186,-0.7455064036794821
BH_s24_medium,29,93,32.1,-0.9405433535575867,-0.7504221254258494
BH_s24_medium,29,94,32.13333333333333,-1.0034797191619873,-0.6811381391600869
BH_s24_medium,29,95,32.166666666666664,-1.0664160251617432,-0.5387234397551068
BH_s24_medium,29,96,32.2,-1.066978931427002,-0.3403220197014904
BH_s24_medium,29,97,32.233333333333334,-1.1300466060638428,-0.11625495694482124
BH_s24_medium,29,98,32.266666666666666,-1.1300466060638428,0.09767098540131941
BH_s24_medium,29,99,32.3,-1.1931142807006836,0.27013095449113644
BH_s24_medium,29,100,32.333333333333336,-1.1931142807006836,0.3829880972796665
BH_s24_medium,29,101,32.36666666666667,-1.2548311948776245,0.4354920445208607
BH_s24_medium,29,102,32.4,-1.069942831993103,0.44224104091950506
BH_s24_medium,29,103,32.43333333333333,-0.3214598298072815,0.4257494091981963
BH_s24_medium,29,104,32.46666666666667,0.7445375323295593,0.40716403582193683
BH_s24_medium,29,105,32.5,1.882193922996521,0.3994543379169501
BH_s24_medium,29,106,32.53333333333333,2.3957204818725586,0.40530798119250167
BH_s24_medium,29,107,32.56666666666667,2.4038801193237305,0.41901218520021727
BH_s24_medium,29,108,32.6,2.21707820892334,0.43016891464366747
BH_s24_medium,29,109,32.63333333333333,2.0281379222869873,0.4272398509561994
BH_s24_medium,29,110,32.666666666666664,1.7761298418045044,0.3996894831661932
BH_s24_medium,29,111,32.7,1.4637176990509033,0.33860035895545837
BH_s24_medium,29,112,32.733333333333334,1.0857057571411133,0.2368568078021475
BH_s24_medium,29,113,32.766666666666666,0.8309028744697571,0.09052246387815195
BH_s24_medium,29,114,32.8,0.7019726634025574,-0.09778488606310276
BH_s24_medium,29,115,32.833333333333336,0.5759686827659607,-0.314655409943823
BH_s24_medium,29,116,32.86666666666667,0.3902170658111572,-0.5338163758746193
BH_s24_medium,29,117,32.9,0.13820905983448029,-0.7193718075999687
BH_s24_medium,29,118,32.93333333333333,0.00875371228903532,-0.8349946937113356
BH_s24_medium,29,119,32.96666666666667,-0.23967164754867554,-0.8558795029060605
BH_s24_medium,29,120,33.0,-0.42861202359199524,-0.7776619679711336
BH_s24_medium,29,121,33.03333333333333,-0.5584612488746643,-0.6176245414575133
BH_s24_medium,29,122,33.06666666666667,-0.684465229511261,-0.4082526719138561
BH_s24_medium,29,123,33.1,-0.7516407370567322,-0.18743309842104178
BH_s24_medium,29,124,33.13333333333333,-0.8147083520889282,0.0103110414457555
BH_s24_medium,29,125,33.166666666666664,-0.877776026725769,0.15982658034053485
BH_s24_medium,29,126,33.2,-0.9408436417579651,0.24897767672372537
BH_s24_medium,29,127,33.233333333333334,-0.9408436417579651,0.2803002144354963
BH_s24_medium,29,128,33.266666666666666,-1.0039112567901611,0.26961026630942736
BH_s24_medium,29,129,33.3,-1.0039112567901611,0.24046068293155523
BH_s24_medium,29,130,33.333333333333336,-1.066978931427002,0.2159562045988005
BH_s24_medium,29,131,33.36666666666667,-0.9514225721359253,0.21176888152379053
BH_s24_medium,29,132,33.4,-0.34269165992736816,0.23327686669954376
BH_s24_medium,29,133,33.43333333333333,0.5858791470527649,0.2768941903150432
BH_s24_medium,29,134,33.46666666666667,1.542078971862793,0.33365091020717175
BH_s24_medium,29,135,33.5,2.011706590652466,0.3928031666757416
BH_s24_medium,29,136,33.53333333333333,1.9090924263000488,0.4441383798119293
BH_s24_medium,29,137,33.56666666666667,1.657084345817566,0.47872372069189134
BH_s24_medium,29,138,33.6,1.4050763845443726,0.48849053963258016
BH_s24_medium,29,139,33.63333333333333,1.096340537071228,0.4654862082425652
BH_s24_medium,29,140,33.666666666666664,0.8379927277565002,0.402061647643136
BH_s24_medium,29,141,33.7,0.5793823003768921,0.293013504946937
BH_s24_medium,29,142,33.733333333333334,0.453378289937973,0.1393378008212261
BH_s24_medium,29,143,33.766666666666666,0.3904419541358948,-0.048307645368010084
BH_s24_medium,29,144,33.8,0.32750558853149414,-0.24889028164075727
BH_s24_medium,29,145,33.833333333333336,0.13843393325805664,-0.4347515281975898
BH_s24_medium,29,146,33.86666666666667,-0.043378859758377075,-0.5796622594749785
BH_s24_medium,29,147,33.9,-0.23970937728881836,-0.668168166061553
BH_s24_medium,29,148,33.93333333333333,-0.42878103256225586,-0.7007319274686874
BH_s24_medium,29,149,33.96666666666667,-0.5547850131988525,-0.6904702730254741
BH_s24_medium,29,150,34.0,-0.680789053440094,-0.6531947131879601
BH_s24_medium,29,151,34.03333333333333,-0.7516407370567322,-0.5977152157045551
BH_s24_medium,29,152,34.06666666666667,-0.8147083520889282,-0.5227695136243508
BH_s24_medium,29,153,34.1,-0.877776026725769,-0.42165469421276297
BH_s24_medium,29,154,34.13333333333333,-0.9408436417579651,-0.2902888099787687
BH_s24_medium,29,155,34.166666666666664,-0.9408436417579651,-0.1329117991745612
BH_s24_medium,29,156,34.2,-1.0039112567901611,0.03735499627551798
BH_s24_medium,29,157,34.233333333333334,-1.0039112567901611,0.20201215414875812
BH_s24_medium,29,158,34.266666666666666,-0.6066096425056458,0.3424882058132846
BH_s24_medium,29,159,34.3,0.19468195736408234,0.44551082408740206
BH_s24_medium,29,160,34.333333333333336,1.2568159103393555,0.5068851630868234
BH_s24_medium,29,161,34.36666666666667,1.9864227771759033,0.5321000198422854
BH_s24_medium,29,162,34.4,2.1494710445404053,0.5333585478592703
BH_s24_medium,29,163,34.43333333333333,2.0328266620635986,0.5243690483322387
BH_s24_medium,29,164,34.46666666666667,1.7903095483779907,0.5152561826736589
BH_s24_medium,29,165,34.5,1.6013691425323486,0.5094696654481802
BH_s24_medium,29,166,34.53333333333333,1.2331105470657349,0.5029336572813502
BH_s24_medium,29,167,34.56666666666667,0.9081501960754395,0.48463015953851896
BH_s24_medium,29,168,34.6,0.5930745601654053,0.43842700535440826
BH_s24_medium,29,169,34.63333333333333,0.4569232165813446,0.3469363178475754
BH_s24_medium,29,170,34.666666666666664,0.33091920614242554,0.197806195293734
BH_s24_medium,29,171,34.7,0.15238875150680542,-0.008853565304646809
BH_s24_medium,29,172,34.733333333333334,0.015843559056520462,-0.25502886981376205
BH_s24_medium,29,173,34.766666666666666,-0.2254919558763504,-0.5050997078213613
BH_s24_medium,29,174,34.8,-0.4253673851490021,-0.7141025689211483
BH_s24_medium,29,175,34.833333333333336,-0.614439070224762,-0.8421319833485912
BH_s24_medium,29,176,34.86666666666667,-0.7404430508613586,-0.8683124813168659
BH_s24_medium,29,177,34.9,-0.8664470314979553,-0.7969251363244729
BH_s24_medium,29,178,34.93333333333333,-0.9924510717391968,-0.6533419720887654
BH_s24_medium,29,179,34.96666666666667,-1.0553873777389526,-0.473436452548601
BH_s24_medium,29,180,35.0,-1.118323802947998,-0.2918312426734483
BH_s24_medium,29,181,35.03333333333333,-1.181260108947754,-0.13289150164786723
BH_s24_medium,29,182,35.06666666666667,-1.1931142807006836,-0.00690128184135733
BH_s24_medium,29,183,35.1,-1.2440651655197144,0.08772500549659942
BH_s24_medium,29,184,35.13333333333333,-1.2561819553375244,0.15790859546658678
BH_s24_medium,29,185,35.166666666666664,-1.3068702220916748,0.20904691108373571
BH_s24_medium,29,186,35.2,-1.3192495107650757,0.24194270496721737
BH_s24_medium,29,187,35.233333333333334,-1.1049046516418457,0.2549327118875666
BH_s24_medium,29,188,35.266666666666666,-0.3365117907524109,0.24857673122335772
BH_s24_medium,29,189,35.3,0.5956794023513794,0.22854374736587035
BH_s24_medium,29,190,35.333333333333336,1.4536157846450806,0.20479605036528262
BH_s24_medium,29,191,35.36666666666667,1.8209657669067383,0.18857826601017733
BH_s24_medium,29,192,35.4,1.7843636274337769,0.18941748905844596
BH_s24_medium,29,193,35.43333333333333,1.6583596467971802,0.21310006605147785
BH_s24_medium,29,194,35.46666666666667,1.482848882675171,0.26069017345718565
BH_s24_medium,29,195,35.5,1.2939084768295288,0.3283951713052956
BH_s24_medium,29,196,35.53333333333333,0.9295887351036072,0.40790942526588647
BH_s24_medium,29,197,35.56666666666667,0.6146444082260132,0.4868893097544247
BH_s24_medium,29,198,35.6,0.39766308665275574,0.5496158894211207
BH_s24_medium,29,199,35.63333333333333,0.27165907621383667,0.5783135517346267
BH_s24_medium,29,200,35.666666666666664,0.09693612903356552,0.5555735343345426
BH_s24_medium,29,201,35.7,-0.028936581686139107,0.46790962857213114
BH_s24_medium,29,202,35.733333333333334,-0.21787694096565247,0.30990730798286914
BH_s24_medium,29,203,35.766666666666666,-0.4215598702430725,0.08788665549420466
BH_s24_medium,29,204,35.8,-0.61063152551651,-0.17835144441958062
BH_s24_medium,29,205,35.833333333333336,-0.7366355657577515,-0.45704707299946973
BH_s24_medium,29,206,35.86666666666667,-0.8626395463943481,-0.7098624678458076
BH_s24_medium,29,207,35.9,-0.9886435270309448,-0.9001356950024563
BH_s24_medium,29,208,35.93333333333333,-1.0515799522399902,-1.0012295132647173
BH_s24_medium,29,209,35.96666666666667,-1.114516258239746,-1.00187152270377
BH_s24_medium,29,210,36.0,-1.177452564239502,-0.9072483548950718
BH_s24_medium,29,211,36.03333333333333,-1.1931142807006836,-0.736781444449835
BH_s24_medium,29,212,36.06666666666667,-1.2561819553375244,-0.5200055844215472
BH_s24_medium,29,213,36.1,-1.2561819553375244,-0.29130307049654147
BH_s24_medium,29,214,36.13333333333333,-1.3030627965927124,-0.08382862948302056
BH_s24_medium,29,215,36.166666666666664,-1.3192495107650757,0.07681702679596501
BH_s24_medium,29,216,36.2,-1.3192495107650757,0.1780060568094727
BH_s24_medium,29,217,36.233333333333334,-1.3192495107650757,0.22271475637845153
BH_s24_medium,29,218,36.266666666666666,-1.2728939056396484,0.22733008688404835
BH_s24_medium,29,219,36.3,-0.835857093334198,0.21431859449388757
BH_s24_medium,29,220,36.333333333333336,-0.05058329552412033,0.20286486726004094
BH_s24_medium,29,221,36.36666666666667,0.7854829430580139,0.20247000685047337
BH_s24_medium,29,222,36.4,1.2778801918029785,0.2124638795728882
BH_s24_medium,29,223,36.43333333333333,1.3295917510986328,0.22651285467793525
BH_s24_medium,29,224,36.46666666666667,1.2209560871124268,0.2387821721703658
BH_s24_medium,29,225,36.5,1.1403887271881104,0.2482233252458583
BH_s24_medium,29,226,36.53333333333333,0.9867104887962341,0.25878926665540436
BH_s24_medium,29,227,36.56666666666667,0.797770082950592,0.2755764911537831
BH_s24_medium,29,228,36.6,0.5457621216773987,0.2991528747739463
BH_s24_medium,29,229,36.63333333333333,0.33866554498672485,0.3214889232686232
BH_s24_medium,29,230,36.666666666666664,0.2574416697025299,0.3262627385646392
BH_s24_medium,29,231,36.7,0.14972516894340515,0.2943140255666358
BH_s24_medium,29,232,36.733333333333334,0.06823872029781342,0.21266793384686122
BH_s24_medium,29,233,36.766666666666666,-0.03921518847346306,0.08358940907857719
BH_s24_medium,29,234,36.8,-0.22828684747219086,-0.07079533811140556
BH_s24_medium,29,235,36.833333333333336,-0.3984145224094391,-0.211999512125648
BH_s24_medium,29,236,36.86666666666667,-0.5433624982833862,-0.29763903695796196
BH_s24_medium,29,237,36.9,-0.6693664789199829,-0.29903498232109055
BH_s24_medium,29,238,36.93333333333333,-0.7323028445243835,-0.21567193266678655
BH_s24_medium,29,239,36.96666666666667,-0.8147083520889282,-0.07813373163593498
BH_s24_medium,30,0,30.0,-0.5704089403152466,-0.04473132565786607
BH_s24_medium,30,1,30.033333333333335,-0.6885730624198914,-2.7370592786230286
BH_s24_medium,30,2,30.066666666666666,-0.7593492865562439,-4.997770305292711
BH_s24_medium,30,3,30.1,-0.8222856521606445,-6.499496450636274
BH_s24_medium,30,4,30.133333333333333,-0.8852220177650452,-7.094149836179478
BH_s24_medium,30,5,30.166666666666668,-0.9408436417579651,-6.83441814064991
BH_s24_medium,30,6,30.2,-0.9480270743370056,-5.9335121252902905
BH_s24_medium,30,7,30.233333333333334,-1.0039112567901611,-4.684191870190091
BH_s24_medium,30,8,30.266666666666666,-1.0108321905136108,-3.371508283318065
BH_s24_medium,30,9,30.3,-1.066978931427002,-2.2079445968868088
BH_s24_medium,30,10,30.333333333333332,-0.8511430025100708,-1.3043028649513277
BH_s24_medium,30,11,30.366666666666667,-0.19488388299942017,-0.6746207596557269
BH_s24_medium,30,12,30.4,0.8826114535331726,-0.2644940075476214
BH_s24_medium,30,13,30.433333333333334,1.8654546737670898,0.010833661752044338
BH_s24_medium,30,14,30.466666666666665,2.275606393814087,0.2317984779889043
BH_s24_medium,30,15,30.5,2.2065370082855225,0.4526864238766306
BH_s24_medium,30,16,30.533333333333335,2.017465353012085,0.6953372362920269
BH_s24_medium,30,17,30.566666666666666,1.8226544857025146,0.9546565416540648
BH_s24_medium,30,18,30.6,1.5706465244293213,1.2093365085910124
BH_s24_medium,30,19,30.633333333333333,1.2500941753387451,1.4320556646983769
BH_s24_medium,30,20,30.666666666666668,0.8774275183677673,1.5963059327722888
BH_s24_medium,30,21,30.7,0.6937012076377869,1.6799185829392311
BH_s24_medium,30,22,30.733333333333334,0.5676971673965454,1.666988087420421
BH_s24_medium,30,23,30.766666666666666,0.44169318675994873,1.5499955392071536
BH_s24_medium,30,24,30.8,0.24780137836933136,1.332962696779894
BH_s24_medium,30,25,30.833333333333332,0.05886102467775345,1.0349219090395634
BH_s24_medium,30,26,30.866666666666667,-0.1885894238948822,0.6914924768086981
BH_s24_medium,30,27,30.9,-0.3776610791683197,0.3517397026594194
BH_s24_medium,30,28,30.933333333333334,-0.5667327046394348,0.0685962292320891
BH_s24_medium,30,29,30.966666666666665,-0.6885730624198914,-0.11550859416735074
BH_s24_medium,30,30,31.0,-0.7556731104850769,-0.1819058271962029
BH_s24_medium,30,31,31.033333333333335,-0.8186094760894775,-0.14090157079203236
BH_s24_medium,30,32,31.066666666666666,-0.8815457820892334,-0.02639465670671814
BH_s24_medium,30,33,31.1,-0.944482147693634,0.11673892389357778
BH_s24_medium,30,34,31.133333333333333,-1.0074185132980347,0.24646871217194144
BH_s24_medium,30,35,31.166666666666668,-1.066978931427002,0.3335501681859531
BH_s24_medium,30,36,31.2,-1.1300466060638428,0.36506725208087254
BH_s24_medium,30,37,31.233333333333334,-1.1300466060638428,0.34197836539973003
BH_s24_medium,30,38,31.266666666666666,-1.1300466060638428,0.2734413232756694
BH_s24_medium,30,39,31.3,-1.1931142807006836,0.171526071184698
BH_s24_medium,30,40,31.333333333333332,-1.1903947591781616,0.04878602216650972
BH_s24_medium,30,41,31.366666666666667,-0.862247109413147,-0.0812565549463397
BH_s24_medium,30,42,31.4,0.024825938045978546,-0.20290379297466027
BH_s24_medium,30,43,31.433333333333334,1.1613187789916992,-0.29905731665348256
BH_s24_medium,30,44,31.466666666666665,2.0951805114746094,-0.354945290555699
BH_s24_medium,30,45,31.5,2.4648094177246094,-0.3631668784774878
BH_s24_medium,30,46,31.533333333333335,2.397878408432007,-0.3269642925327443
BH_s24_medium,30,47,31.566666666666666,2.1476707458496094,-0.2595170185775066
BH_s24_medium,30,48,31.6,1.9569300413131714,-0.1797099206132937
BH_s24_medium,30,49,31.633333333333333,1.7033841609954834,-0.10668207766185084
BH_s24_medium,30,50,31.666666666666668,1.3267786502838135,-0.05492794268350552
BH_s24_medium,30,51,31.7,1.0117030143737793,-0.030750498200087996
BH_s24_medium,30,52,31.733333333333334,0.7608389258384705,-0.03129296815118309
BH_s24_medium,30,53,31.766666666666666,0.6348349452018738,-0.047374617499007246
BH_s24_medium,30,54,31.8,0.5079495906829834,-0.06919411990785751
BH_s24_medium,30,55,31.833333333333332,0.25594156980514526,-0.09175771564627275
BH_s24_medium,30,56,31.866666666666667,0.06700122356414795,-0.11718102332807862
BH_s24_medium,30,57,31.9,-0.18451933562755585,-0.15312021866057757
BH_s24_medium,30,58,31.933333333333334,-0.37359097599983215,-0.20847134944662501
BH_s24_medium,30,59,31.966666666666665,-0.562662661075592,-0.28812787518037425
BH_s24_medium,30,60,32.0,-0.6886666417121887,-0.38826175812177743
BH_s24_medium,30,61,32.03333333333333,-0.7516407370567322,-0.49350664515555925
BH_s24_medium,30,62,32.06666666666667,-0.877606987953186,-0.5779874220532796
BH_s24_medium,30,63,32.1,-0.9405433535575867,-0.6116224281141163
BH_s24_medium,30,64,32.13333333333333,-1.0034797191619873,-0.5703813625036742
BH_s24_medium,30,65,32.166666666666664,-1.0664160251617432,-0.4462171200831557
BH_s24_medium,30,66,32.2,-1.066978931427002,-0.2518460191972269
BH_s24_medium,30,67,32.233333333333334,-1.1300466060638428,-0.01788002587681259
BH_s24_medium,30,68,32.266666666666666,-1.1300466060638428,0.21643709360697605
BH_s24_medium,30,69,32.3,-1.1931142807006836,0.414853126143596
BH_s24_medium,30,70,32.333333333333336,-1.1931142807006836,0.5537473787101441
BH_s24_medium,30,71,32.36666666666667,-1.2548311948776245,0.6268202263431885
BH_s24_medium,30,72,32.4,-1.069942831993103,0.6436233897398141
BH_s24_medium,30,73,32.43333333333333,-0.3214598298072815,0.6229382689829777
BH_s24_medium,30,74,32.46666666666667,0.7445375323295593,0.5844588044628025
BH_s24_medium,30,75,32.5,1.882193922996521,0.5428212247150948
BH_s24_medium,30,76,32.53333333333333,2.3957204818725586,0.5056393218387316
BH_s24_medium,30,77,32.56666666666667,2.4038801193237305,0.4742785110763851
BH_s24_medium,30,78,32.6,2.21707820892334,0.4453223484603611
BH_s24_medium,30,79,32.63333333333333,2.0281379222869873,0.4116505782033678
BH_s24_medium,30,80,32.666666666666664,1.7761298418045044,0.36313430871318353
BH_s24_medium,30,81,32.7,1.4637176990509033,0.2876400592599983
BH_s24_medium,30,82,32.733333333333334,1.0857057571411133,0.1733235821608603
BH_s24_medium,30,83,32.766666666666666,0.8309028744697571,0.012800069394830863
BH_s24_medium,30,84,32.8,0.7019726634025574,-0.1914385576240368
BH_s24_medium,30,85,32.833333333333336,0.5759686827659607,-0.422582453560207
BH_s24_medium,30,86,32.86666666666667,0.3902170658111572,-0.6492251514902726
BH_s24_medium,30,87,32.9,0.13820905983448029,-0.8314739972917307
BH_s24_medium,30,88,32.93333333333333,0.00875371228903532,-0.9325240726708546
BH_s24_medium,30,89,32.96666666666667,-0.23967164754867554,-0.9311552694251466
BH_s24_medium,30,90,33.0,-0.42861202359199524,-0.8290791210519783
BH_s24_medium,30,91,33.03333333333333,-0.5584612488746643,-0.6493932722279117
BH_s24_medium,30,92,33.06666666666667,-0.684465229511261,-0.42771878299064736
BH_s24_medium,30,93,33.1,-0.7516407370567322,-0.20144342431622742
BH_s24_medium,30,94,33.13333333333333,-0.8147083520889282,-0.001607795263243095
BH_s24_medium,30,95,33.166666666666664,-0.877776026725769,0.15142901299567305
BH_s24_medium,30,96,33.2,-0.9408436417579651,0.24951672239745745
BH_s24_medium,30,97,33.233333333333334,-0.9408436417579651,0.296296330050727
BH_s24_medium,30,98,33.266666666666666,-1.0039112567901611,0.30467148808530364
BH_s24_medium,30,99,33.3,-1.0039112567901611,0.29199106323308005
BH_s24_medium,30,100,33.333333333333336,-1.066978931427002,0.27437674903653053
BH_s24_medium,30,101,33.36666666666667,-0.9514225721359253,0.26277801478338025
BH_s24_medium,30,102,33.4,-0.34269165992736816,0.2621843858837039
BH_s24_medium,30,103,33.43333333333333,0.5858791470527649,0.27324772326529306
BH_s24_medium,30,104,33.46666666666667,1.542078971862793,0.2944768453504314
BH_s24_medium,30,105,33.5,2.011706590652466,0.3235048721415871
BH_s24_medium,30,106,33.53333333333333,1.9090924263000488,0.3569484359333016
BH_s24_medium,30,107,33.56666666666667,1.657084345817566,0.3893448669263656
BH_s24_medium,30,108,33.6,1.4050763845443726,0.4121519079186226
BH_s24_medium,30,109,33.63333333333333,1.096340537071228,0.4138598636077887
BH_s24_medium,30,110,33.666666666666664,0.8379927277565002,0.38200481007356035
BH_s24_medium,30,111,33.7,0.5793823003768921,0.3070910744893115
BH_s24_medium,30,112,33.733333333333334,0.453378289937973,0.18718154007597176
BH_s24_medium,30,113,33.766666666666666,0.3904419541358948,0.030957015874426137
BH_s24_medium,30,114,33.8,0.32750558853149414,-0.1428273682835588
BH_s24_medium,30,115,33.833333333333336,0.13843393325805664,-0.3102620201821772
BH_s24_medium,30,116,33.86666666666667,-0.043378859758377075,-0.45028770774930466
BH_s24_medium,30,117,33.9,-0.23970937728881836,-0.5522229452719171
BH_s24_medium,30,118,33.93333333333333,-0.42878103256225586,-0.6180818497001959
BH_s24_medium,30,119,33.96666666666667,-0.5547850131988525,-0.6571522510071628
BH_s24_medium,30,120,34.0,-0.680789053440094,-0.6758671409541386
BH_s24_medium,30,121,34.03333333333333,-0.7516407370567322,-0.6702337665545693
BH_s24_medium,30,122,34.06666666666667,-0.8147083520889282,-0.6266630254143888
BH_s24_medium,30,123,34.1,-0.877776026725769,-0.5310288216813608
BH_s24_medium,30,124,34.13333333333333,-0.9408436417579651,-0.37973974965536705
BH_s24_medium,30,125,34.166666666666664,-0.9408436417579651,-0.18533599671714365
BH_s24_medium,30,126,34.2,-1.0039112567901611,0.026218480897166732
BH_s24_medium,30,127,34.233333333333334,-1.0039112567901611,0.22380608628405868
BH_s24_medium,30,128,34.266666666666666,-0.6066096425056458,0.3806704830623459
BH_s24_medium,30,129,34.3,0.19468195736408234,0.48199496947704984
BH_s24_medium,30,130,34.333333333333336,1.2568159103393555,0.5282363281700037
BH_s24_medium,30,131,34.36666666666667,1.9864227771759033,0.5329591594039546
BH_s24_medium,30,132,34.4,2.1494710445404053,0.5162207805601369
BH_s24_medium,30,133,34.43333333333333,2.0328266620635986,0.49666501077809294
BH_s24_medium,30,134,34.46666666666667,1.7903095483779907,0.48558334493333494
BH_s24_medium,30,135,34.5,1.6013691425323486,0.4844970919747749
BH_s24_medium,30,136,34.53333333333333,1.2331105470657349,0.4857640309343685
BH_s24_medium,30,137,34.56666666666667,0.9081501960754395,0.4748134000644808
BH_s24_medium,30,138,34.6,0.5930745601654053,0.4333082303699814
BH_s24_medium,30,139,34.63333333333333,0.4569232165813446,0.34356907438277523
BH_s24_medium,30,140,34.666666666666664,0.33091920614242554,0.1945146694960762
BH_s24_medium,30,141,34.7,0.15238875150680542,-0.011900888182064234
BH_s24_medium,30,142,34.733333333333334,0.015843559056520462,-0.2563166175121459
BH_s24_medium,30,143,34.766666666666666,-0.2254919558763504,-0.5028502129643312
BH_s24_medium,30,144,34.8,-0.4253673851490021,-0.7071597523670615
BH_s24_medium,30,145,34.833333333333336,-0.614439070224762,-0.8300681889623406
BH_s24_medium,30,146,34.86666666666667,-0.7404430508613586,-0.8509008016351873
BH_s24_medium,30,147,34.9,-0.8664470314979553,-0.7737249191261742
BH_s24_medium,30,148,34.93333333333333,-0.9924510717391968,-0.6239068786362636
BH_s24_medium,30,149,34.96666666666667,-1.0553873777389526,-0.43789396049926277
BH_s24_medium,30,150,35.0,-1.118323802947998,-0.25134796133090503
BH_s24_medium,30,151,35.03333333333333,-1.181260108947754,-0.08993449568715342
BH_s24_medium,30,152,35.06666666666667,-1.1931142807006836,0.03463930515992122
BH_s24_medium,30,153,35.1,-1.2440651655197144,0.1228069404650991
BH_s24_medium,30,154,35.13333333333333,-1.2561819553375244,0.18138399905602864
BH_s24_medium,30,155,35.166666666666664,-1.3068702220916748,0.21742312653278592
BH_s24_medium,30,156,35.2,-1.3192495107650757,0.23514357879076686
BH_s24_medium,30,157,35.233333333333334,-1.1049046516418457,0.23707593632225216
BH_s24_medium,30,158,35.266666666666666,-0.3365117907524109,0.22720644615053406
BH_s24_medium,30,159,35.3,0.5956794023513794,0.2125874726882108
BH_s24_medium,30,160,35.333333333333336,1.4536157846450806,0.20209481240956517
BH_s24_medium,30,161,35.36666666666667,1.8209657669067383,0.20383018711206805
BH_s24_medium,30,162,35.4,1.7843636274337769,0.22296810874076584
BH_s24_medium,30,163,35.43333333333333,1.6583596467971802,0.2605851992219787
BH_s24_medium,30,164,35.46666666666667,1.482848882675171,0.31336350259699214
BH_s24_medium,30,165,35.5,1.2939084768295288,0.3740946202426012
BH_s24_medium,30,166,35.53333333333333,0.9295887351036072,0.43282595839550975
BH_s24_medium,30,167,35.56666666666667,0.6146444082260132,0.4782414871502603
BH_s24_medium,30,168,35.6,0.39766308665275574,0.4987999414500949
BH_s24_medium,30,169,35.63333333333333,0.27165907621383667,0.48342827270595373
BH_s24_medium,30,170,35.666666666666664,0.09693612903356552,0.42208555603592957
BH_s24_medium,30,171,35.7,-0.028936581686139107,0.3069184312115393
BH_s24_medium,30,172,35.733333333333334,-0.21787694096565247,0.1346503275424144
BH_s24_medium,30,173,35.766666666666666,-0.4215598702430725,-0.0898537512239023
BH_s24_medium,30,174,35.8,-0.61063152551651,-0.35005267291330955
BH_s24_medium,30,175,35.833333333333336,-0.7366355657577515,-0.6165628777122707
BH_s24_medium,30,176,35.86666666666667,-0.8626395463943481,-0.850874680698169
BH_s24_medium,30,177,35.9,-0.9886435270309448,-1.0143379122798801
BH_s24_medium,30,178,35.93333333333333,-1.0515799522399902,-1.078904163470631
BH_s24_medium,30,179,35.96666666666667,-1.114516258239746,-1.034392464611579
BH_s24_medium,30,180,36.0,-1.177452564239502,-0.8898721630883675
BH_s24_medium,30,181,36.03333333333333,-1.1931142807006836,-0.6705124237099175
BH_s24_medium,30,182,36.06666666666667,-1.2561819553375244,-0.4119342759956752
BH_s24_medium,30,183,36.1,-1.2561819553375244,-0.15304234176982823
BH_s24_medium,30,184,36.13333333333333,-1.3030627965927124,0.0717476289545352
BH_s24_medium,30,185,36.166666666666664,-1.3192495107650757,0.2393356740592329
BH_s24_medium,30,186,36.2,-1.3192495107650757,0.34222899856335265
BH_s24_medium,30,187,36.233333333333334,-1.3192495107650757,0.38901584840915066
BH_s24_medium,30,188,36.266666666666666,-1.2728939056396484,0.4000925270725708
BH_s24_medium,30,189,36.3,-0.835857093334198,0.39921014293326196
BH_s24_medium,30,190,36.333333333333336,-0.05058329552412033,0.40418746512948905
BH_s24_medium,30,191,36.36666666666667,0.7854829430580139,0.4214074897376403
BH_s24_medium,30,192,36.4,1.2778801918029785,0.4464196875108624
BH_s24_medium,30,193,36.43333333333333,1.3295917510986328,0.46923291505882864
BH_s24_medium,30,194,36.46666666666667,1.2209560871124268,0.48081946666286796
BH_s24_medium,30,195,36.5,1.1403887271881104,0.47750155383871074
BH_s24_medium,30,196,36.53333333333333,0.9867104887962341,0.4613512580658615
BH_s24_medium,30,197,36.56666666666667,0.797770082950592,0.43679438153543904
BH_s24_medium,30,198,36.6,0.5457621216773987,0.4055637329609406
BH_s24_medium,30,199,36.63333333333333,0.33866554498672485,0.36303464433621035
BH_s24_medium,30,200,36.666666666666664,0.2574416697025299,0.2982735027289216
BH_s24_medium,30,201,36.7,0.14972516894340515,0.1983465758762309
BH_s24_medium,30,202,36.733333333333334,0.06823872029781342,0.0554970232367367
BH_s24_medium,30,203,36.766666666666666,-0.03921518847346306,-0.12566512853161374
BH_s24_medium,30,204,36.8,-0.22828684747219086,-0.3243899912532711
BH_s24_medium,30,205,36.833333333333336,-0.3984145224094391,-0.5062219453903788
BH_s24_medium,30,206,36.86666666666667,-0.5433624982833862,-0.6323998166971606
BH_s24_medium,30,207,36.9,-0.6693664789199829,-0.6736568374715233
BH_s24_medium,30,208,36.93333333333333,-0.7323028445243835,-0.6225552231239896
BH_s24_medium,30,209,36.96666666666667,-0.8147083520889282,-0.4981962693583849
BH_s24_medium,30,210,37.0,-0.877776026725769,-0.34102857826167104
BH_s24_medium,30,211,37.03333333333333,-0.9408436417579651,-0.20005127134718692
BH_s24_medium,30,212,37.06666666666667,-0.9840483069419861,-0.11657615128407241
BH_s24_medium,30,213,37.1,-1.0039112567901611,-0.10916762091888227
BH_s24_medium,30,214,37.13333333333333,-1.066978931427002,-0.16527867749643915
BH_s24_medium,30,215,37.166666666666664,-1.1300466060638428,-0.24460013613969966
BH_s24_medium,30,216,37.2,-1.1300466060638428,-0.29500974389909373
BH_s24_medium,30,217,37.233333333333334,-0.8131992220878601,-0.27532941709216996
BH_s24_medium,30,218,37.266666666666666,-0.18180131912231445,-0.1737895377304237
BH_s24_medium,30,219,37.3,0.5111550688743591,-0.012199686115675158
BH_s24_medium,30,220,37.333333333333336,0.9093590378761292,0.1657066901220398
BH_s24_medium,30,221,37.36666666666667,0.9722304940223694,0.3143296103787318
BH_s24_medium,30,222,37.4,0.8462264537811279,0.40462538462632247
BH_s24_medium,30,223,37.43333333333333,0.7202224731445312,0.4335748574904345
BH_s24_medium,30,224,37.46666666666667,0.5942184329032898,0.4215310044229975
BH_s24_medium,30,225,37.5,0.4051468074321747,0.39900428246173014
BH_s24_medium,30,226,37.53333333333333,0.21607515215873718,0.3893254733078623
BH_s24_medium,30,227,37.56666666666667,0.09007114917039871,0.39581830589343553
BH_s24_medium,30,228,37.6,0.06823872029781342,0.3995614313254616
BH_s24_medium,30,229,37.63333333333333,0.027266090735793114,0.3683638501850456
BH_s24_medium,30,230,37.666666666666664,-0.09873791038990021,0.27257842674253047
BH_s24_medium,30,231,37.7,-0.22474192082881927,0.10085033207077343
BH_s24_medium,30,232,37.733333333333334,-0.35074591636657715,-0.13070278859930445
BH_s24_medium,30,233,37.766666666666666,-0.4767499268054962,-0.3798228225802644
BH_s24_medium,30,234,37.8,-0.6027539372444153,-0.5901797263956077
BH_s24_medium,30,235,37.833333333333336,-0.728757917881012,-0.7098884244606808
BH_s24_medium,30,236,37.86666666666667,-0.7916942834854126,-0.7083478396640353
BH_s24_medium,30,237,37.9,-0.8147083520889282,-0.5839106613974311
BH_s24_medium,30,238,37.93333333333333,-0.877776026725769,-0.3610932248199341
BH_s24_medium,30,239,37.96666666666667,-0.9408436417579651,-0.08208697774769859
BH_s24_medium,31,0,31.0,-0.7556731104850769,-0.04135892874346027
BH_s24_medium,31,1,31.033333333333335,-0.8186094760894775,-2.9036906499832495
BH_s24_medium,31,2,31.066666666666666,-0.8815457820892334,-5.294437260355635
BH_s24_medium,31,3,31.1,-0.944482147693634,-6.85806800184607
BH_s24_medium,31,4,31.133333333333333,-1.0074185132980347,-7.437508290696899
BH_s24_medium,31,5,31.166666666666668,-1.066978931427002,-7.098052925733397
BH_s24_medium,31,6,31.2,-1.1300466060638428,-6.082933320525567
BH_s24_medium,31,7,31.233333333333334,-1.1300466060638428,-4.722914094576309
BH_s24_medium,31,8,31.266666666666666,-1.1300466060638428,-3.3374062526271744
BH_s24_medium,31,9,31.3,-1.1931142807006836,-2.1594091497854917
BH_s24_medium,31,10,31.333333333333332,-1.1903947591781616,-1.300821219880186
BH_s24_medium,31,11,31.366666666666667,-0.862247109413147,-0.7581197208613653
BH_s24_medium,31,12,31.4,0.024825938045978546,-0.44727718484056933
BH_s24_medium,31,13,31.433333333333334,1.1613187789916992,-0.2518908252728352
BH_s24_medium,31,14,31.466666666666665,2.0951805114746094,-0.06821762855282923
BH_s24_medium,31,15,31.5,2.4648094177246094,0.16547460026153657
BH_s24_medium,31,16,31.533333333333335,2.397878408432007,0.4607898915597239
BH_s24_medium,31,17,31.566666666666666,2.1476707458496094,0.7898095798446585
BH_s24_medium,31,18,31.6,1.9569300413131714,1.1058450060875928
BH_s24_medium,31,19,31.633333333333333,1.7033841609954834,1.3642738516719826
BH_s24_medium,31,20,31.666666666666668,1.3267786502838135,1.5366808009430646
BH_s24_medium,31,21,31.7,1.0117030143737793,1.6161976309917625
BH_s24_medium,31,22,31.733333333333334,0.7608389258384705,1.6148104633137874
BH_s24_medium,31,23,31.766666666666666,0.6348349452018738,1.5549623735945595
BH_s24_medium,31,24,31.8,0.5079495906829834,1.4593209892628256
BH_s24_medium,31,25,31.833333333333332,0.25594156980514526,1.3430320603468657
BH_s24_medium,31,26,31.866666666666667,0.06700122356414795,1.2110016202751164
BH_s24_medium,31,27,31.9,-0.18451933562755585,1.0599945568463638
BH_s24_medium,31,28,31.933333333333334,-0.37359097599983215,0.8835501175069904
BH_s24_medium,31,29,31.966666666666665,-0.562662661075592,0.6775740140253049
BH_s24_medium,31,30,32.0,-0.6886666417121887,0.44531619288215396
BH_s24_medium,31,31,32.03333333333333,-0.7516407370567322,0.20075102152633273
BH_s24_medium,31,32,32.06666666666667,-0.877606987953186,-0.03137685658331599
BH_s24_medium,31,33,32.1,-0.9405433535575867,-0.22049849795956694
BH_s24_medium,31,34,32.13333333333333,-1.0034797191619873,-0.3394531004958068
BH_s24_medium,31,35,32.166666666666664,-1.0664160251617432,-0.3743625798266743
BH_s24_medium,31,36,32.2,-1.066978931427002,-0.330543824258927
BH_s24_medium,31,37,32.233333333333334,-1.1300466060638428,-0.23157017969628615
BH_s24_medium,31,38,32.266666666666666,-1.1300466060638428,-0.11190586680300113
BH_s24_medium,31,39,32.3,-1.1931142807006836,-0.006313047778487093
BH_s24_medium,31,40,32.333333333333336,-1.1931142807006836,0.06003419960489059
BH_s24_medium,31,41,32.36666666666667,-1.2548311948776245,0.07757591397599457
BH_s24_medium,31,42,32.4,-1.069942831993103,0.05269568584937286
BH_s24_medium,31,43,32.43333333333333,-0.3214598298072815,0.0025755572298859315
BH_s24_medium,31,44,32.46666666666667,0.7445375323295593,-0.052604546616967375
BH_s24_medium,31,45,32.5,1.882193922996521,-0.09624908954130047
BH_s24_medium,31,46,32.53333333333333,2.3957204818725586,-0.1185974822551451
BH_s24_medium,31,47,32.56666666666667,2.4038801193237305,-0.11714123427765749
BH_s24_medium,31,48,32.6,2.21707820892334,-0.0957560488614494
BH_s24_medium,31,49,32.63333333333333,2.0281379222869873,-0.06364976599516446
BH_s24_medium,31,50,32.666666666666664,1.7761298418045044,-0.03442449648944458
BH_s24_medium,31,51,32.7,1.4637176990509033,-0.024803794394342892
BH_s24_medium,31,52,32.733333333333334,1.0857057571411133,-0.05204801961633155
BH_s24_medium,31,53,32.766666666666666,0.8309028744697571,-0.1293052127068808
BH_s24_medium,31,54,32.8,0.7019726634025574,-0.25941452915756197
BH_s24_medium,31,55,32.833333333333336,0.5759686827659607,-0.42948967152448314
BH_s24_medium,31,56,32.86666666666667,0.3902170658111572,-0.609782402994351
BH_s24_medium,31,57,32.9,0.13820905983448029,-0.759439141738392
BH_s24_medium,31,58,32.93333333333333,0.00875371228903532,-0.8384954066552031
BH_s24_medium,31,59,32.96666666666667,-0.23967164754867554,-0.8215715397218359
BH_s24_medium,31,60,33.0,-0.42861202359199524,-0.7068601843383259
BH_s24_medium,31,61,33.03333333333333,-0.5584612488746643,-0.5159766675441954
BH_s24_medium,31,62,33.06666666666667,-0.684465229511261,-0.2854056796365354
BH_s24_medium,31,63,33.1,-0.7516407370567322,-0.054597911618134556
BH_s24_medium,31,64,33.13333333333333,-0.8147083520889282,0.14405033262915862
BH_s24_medium,31,65,33.166666666666664,-0.877776026725769,0.29085546665113576
BH_s24_medium,31,66,33.2,-0.9408436417579651,0.38030196902494307
BH_s24_medium,31,67,33.233333333333334,-0.9408436417579651,0.41939956331862044
BH_s24_medium,31,68,33.266666666666666,-1.0039112567901611,0.42360348174977674
BH_s24_medium,31,69,33.3,-1.0039112567901611,0.4108932484979816
BH_s24_medium,31,70,33.333333333333336,-1.066978931427002,0.39585109499008153
BH_s24_medium,31,71,33.36666666666667,-0.9514225721359253,0.38634714472942633
BH_s24_medium,31,72,33.4,-0.34269165992736816,0.384022873282586
BH_s24_medium,31,73,33.43333333333333,0.5858791470527649,0.38737953905330424
BH_s24_medium,31,74,33.46666666666667,1.542078971862793,0.39500937906244854
BH_s24_medium,31,75,33.5,2.011706590652466,0.4069137670535449
BH_s24_medium,31,76,33.53333333333333,1.9090924263000488,0.4233152819378656
BH_s24_medium,31,77,33.56666666666667,1.657084345817566,0.4418811601054673
BH_s24_medium,31,78,33.6,1.4050763845443726,0.45506979333848163
BH_s24_medium,31,79,33.63333333333333,1.096340537071228,0.4493669246260333
BH_s24_medium,31,80,33.666666666666664,0.8379927277565002,0.4076822262029349
BH_s24_medium,31,81,33.7,0.5793823003768921,0.3149710051130257
BH_s24_medium,31,82,33.733333333333334,0.453378289937973,0.16536120360738238
BH_s24_medium,31,83,33.766666666666666,0.3904419541358948,-0.03231378505195661
BH_s24_medium,31,84,33.8,0.32750558853149414,-0.2536555738323009
BH_s24_medium,31,85,33.833333333333336,0.13843393325805664,-0.4640636908667321
BH_s24_medium,31,86,33.86666666666667,-0.043378859758377075,-0.6292921895666855
BH_s24_medium,31,87,33.9,-0.23970937728881836,-0.7271301740327305
BH_s24_medium,31,88,33.93333333333333,-0.42878103256225586,-0.7541463341789941
BH_s24_medium,31,89,33.96666666666667,-0.5547850131988525,-0.7232966346531163
BH_s24_medium,31,90,34.0,-0.680789053440094,-0.6541888438925499
BH_s24_medium,31,91,34.03333333333333,-0.7516407370567322,-0.5628122281698307
BH_s24_medium,31,92,34.06666666666667,-0.8147083520889282,-0.4568773893816907
BH_s24_medium,31,93,34.1,-0.877776026725769,-0.3379958824624272
BH_s24_medium,31,94,34.13333333333333,-0.9408436417579651,-0.20722388532311986
BH_s24_medium,31,95,34.166666666666664,-0.9408436417579651,-0.0692657043502442
BH_s24_medium,31,96,34.2,-1.0039112567901611,0.06683300760913538
BH_s24_medium,31,97,34.233333333333334,-1.0039112567901611,0.18965017275227994
BH_s24_medium,31,98,34.266666666666666,-0.6066096425056458,0.2885272826191248
BH_s24_medium,31,99,34.3,0.19468195736408234,0.3569609607489394
BH_s24_medium,31,100,34.333333333333336,1.2568159103393555,0.3950788003813715
BH_s24_medium,31,101,34.36666666666667,1.9864227771759033,0.40977645253088
BH_s24_medium,31,102,34.4,2.1494710445404053,0.41211767160124896
BH_s24_medium,31,103,34.43333333333333,2.0328266620635986,0.4131435103333687
BH_s24_medium,31,104,34.46666666666667,1.7903095483779907,0.41990324886710895
BH_s24_medium,31,105,34.5,1.6013691425323486,0.43297177110619717
BH_s24_medium,31,106,34.53333333333333,1.2331105470657349,0.44560905987575505
BH_s24_medium,31,107,34.56666666666667,0.9081501960754395,0.44422670270932596
BH_s24_medium,31,108,34.6,0.5930745601654053,0.4104323759485854
BH_s24_medium,31,109,34.63333333333333,0.4569232165813446,0.3254857563956621
BH_s24_medium,31,110,34.666666666666664,0.33091920614242554,0.1772692625159239
BH_s24_medium,31,111,34.7,0.15238875150680542,-0.03192981479193621
BH_s24_medium,31,112,34.733333333333334,0.015843559056520462,-0.28023810773785507
BH_s24_medium,31,113,34.766666666666666,-0.2254919558763504,-0.52740919514789
BH_s24_medium,31,114,34.8,-0.4253673851490021,-0.7243963283631921
BH_s24_medium,31,115,34.833333333333336,-0.614439070224762,-0.829053958438087
BH_s24_medium,31,116,34.86666666666667,-0.7404430508613586,-0.8210517875169602
BH_s24_medium,31,117,34.9,-0.8664470314979553,-0.7083182931785497
BH_s24_medium,31,118,34.93333333333333,-0.9924510717391968,-0.5224061256785799
BH_s24_medium,31,119,34.96666666666667,-1.0553873777389526,-0.30639682097505916
BH_s24_medium,31,120,35.0,-1.118323802947998,-0.1011918718494268
BH_s24_medium,31,121,35.03333333333333,-1.181260108947754,0.06505357323324751
BH_s24_medium,31,122,35.06666666666667,-1.1931142807006836,0.1813330903994558
BH_s24_medium,31,123,35.1,-1.2440651655197144,0.25121813422366535
BH_s24_medium,31,124,35.13333333333333,-1.2561819553375244,0.2855073487200875
BH_s24_medium,31,125,35.166666666666664,-1.3068702220916748,0.2945295241036185
BH_s24_medium,31,126,35.2,-1.3192495107650757,0.2842605817686725
BH_s24_medium,31,127,35.233333333333334,-1.1049046516418457,0.2575429635881755
BH_s24_medium,31,128,35.266666666666666,-0.3365117907524109,0.21797659493499577
BH_s24_medium,31,129,35.3,0.5956794023513794,0.17255859324172934
BH_s24_medium,31,130,35.333333333333336,1.4536157846450806,0.13123246095289756
BH_s24_medium,31,131,35.36666666666667,1.8209657669067383,0.10441546519164162
BH_s24_medium,31,132,35.4,1.7843636274337769,0.10029153540853401
BH_s24_medium,31,133,35.43333333333333,1.6583596467971802,0.12279326507711816
BH_s24_medium,31,134,35.46666666666667,1.482848882675171,0.17057392438002383
BH_s24_medium,31,135,35.5,1.2939084768295288,0.23705108002074313
BH_s24_medium,31,136,35.53333333333333,0.9295887351036072,0.3112916794084737
BH_s24_medium,31,137,35.56666666666667,0.6146444082260132,0.37926255349104127
BH_s24_medium,31,138,35.6,0.39766308665275574,0.42510999325976306
BH_s24_medium,31,139,35.63333333333333,0.27165907621383667,0.43255262177873965
BH_s24_medium,31,140,35.666666666666664,0.09693612903356552,0.3868274844978069
BH_s24_medium,31,141,35.7,-0.028936581686139107,0.27761378348205135
BH_s24_medium,31,142,35.733333333333334,-0.21787694096565247,0.10286042742762035
BH_s24_medium,31,143,35.766666666666666,-0.4215598702430725,-0.1273628960759951
BH_s24_medium,31,144,35.8,-0.61063152551651,-0.38864730103124084
BH_s24_medium,31,145,35.833333333333336,-0.7366355657577515,-0.6437357831264612
BH_s24_medium,31,146,35.86666666666667,-0.8626395463943481,-0.8492961158892066
BH_s24_medium,31,147,35.9,-0.9886435270309448,-0.9672176833888584
BH_s24_medium,31,148,35.93333333333333,-1.0515799522399902,-0.9761474681448845
BH_s24_medium,31,149,35.96666666666667,-1.114516258239746,-0.8776582181411978
BH_s24_medium,31,150,36.0,-1.177452564239502,-0.6944321189604128
BH_s24_medium,31,151,36.03333333333333,-1.1931142807006836,-0.4623314953748327
BH_s24_medium,31,152,36.06666666666667,-1.2561819553375244,-0.22041380527494
BH_s24_medium,31,153,36.1,-1.2561819553375244,-0.002337548186377011
BH_s24_medium,31,154,36.13333333333333,-1.3030627965927124,0.16924423896548244
BH_s24_medium,31,155,36.166666666666664,-1.3192495107650757,0.28522269550654955
BH_s24_medium,31,156,36.2,-1.3192495107650757,0.34981387598214314
BH_s24_medium,31,157,36.233333333333334,-1.3192495107650757,0.3775491031206264
BH_s24_medium,31,158,36.266666666666666,-1.2728939056396484,0.38742687668522063
BH_s24_medium,31,159,36.3,-0.835857093334198,0.3954136124805213
BH_s24_medium,31,160,36.333333333333336,-0.05058329552412033,0.40848074205261636
BH_s24_medium,31,161,36.36666666666667,0.7854829430580139,0.423577461860353
BH_s24_medium,31,162,36.4,1.2778801918029785,0.4319896699530847
BH_s24_medium,31,163,36.43333333333333,1.3295917510986328,0.4260579839480859
BH_s24_medium,31,164,36.46666666666667,1.2209560871124268,0.4043153779801686
BH_s24_medium,31,165,36.5,1.1403887271881104,0.3725854381133192
BH_s24_medium,31,166,36.53333333333333,0.9867104887962341,0.3407440263789921
BH_s24_medium,31,167,36.56666666666667,0.797770082950592,0.3167188076663859
BH_s24_medium,31,168,36.6,0.5457621216773987,0.3004776192869758
BH_s24_medium,31,169,36.63333333333333,0.33866554498672485,0.28095404512907346
BH_s24_medium,31,170,36.666666666666664,0.2574416697025299,0.23797134202931816
BH_s24_medium,31,171,36.7,0.14972516894340515,0.14940362057571732
BH_s24_medium,31,172,36.733333333333334,0.06823872029781342,0.001555134399025643
BH_s24_medium,31,173,36.766666666666666,-0.03921518847346306,-0.20109199369966888
BH_s24_medium,31,174,36.8,-0.22828684747219086,-0.43119230464753566
BH_s24_medium,31,175,36.833333333333336,-0.3984145224094391,-0.6423331930451802
BH_s24_medium,31,176,36.86666666666667,-0.5433624982833862,-0.7820656204127878
BH_s24_medium,31,177,36.9,-0.6693664789199829,-0.8106545011952633
BH_s24_medium,31,178,36.93333333333333,-0.7323028445243835,-0.7177446619630156
BH_s24_medium,31,179,36.96666666666667,-0.8147083520889282,-0.5286993723228011
BH_s24_medium,31,180,37.0,-0.877776026725769,-0.2974599574017502
BH_s24_medium,31,181,37.03333333333333,-0.9408436417579651,-0.08912887946332912
BH_s24_medium,31,182,37.06666666666667,-0.9840483069419861,0.04149784001491658
BH_s24_medium,31,183,37.1,-1.0039112567901611,0.06879632955115868
BH_s24_medium,31,184,37.13333333333333,-1.066978931427002,0.006025510192413448
BH_s24_medium,31,185,37.166666666666664,-1.1300466060638428,-0.09905349940009818
BH_s24_medium,31,186,37.2,-1.1300466060638428,-0.18289385836981858
BH_s24_medium,31,187,37.233333333333334,-0.8131992220878601,-0.19255776374903763
BH_s24_medium,31,188,37.266666666666666,-0.18180131912231445,-0.10757985395576608
BH_s24_medium,31,189,37.3,0.5111550688743591,0.053779676305059754
BH_s24_medium,31,190,37.333333333333336,0.9093590378761292,0.24591951202627274
BH_s24_medium,31,191,37.36666666666667,0.9722304940223694,0.4172718319382622
BH_s24_medium,31,192,37.4,0.8462264537811279,0.5310391021187116
BH_s24_medium,31,193,37.43333333333333,0.7202224731445312,0.5772617562251603
BH_s24_medium,31,194,37.46666666666667,0.5942184329032898,0.5722407010920347
BH_s24_medium,31,195,37.5,0.4051468074321747,0.5461302221500445
BH_s24_medium,31,196,37.53333333333333,0.21607515215873718,0.524825049742593
BH_s24_medium,31,197,37.56666666666667,0.09007114917039871,0.5151163494135128
BH_s24_medium,31,198,37.6,0.06823872029781342,0.5001252312764601
BH_s24_medium,31,199,37.63333333333333,0.027266090735793114,0.44681652122187365
BH_s24_medium,31,200,37.666666666666664,-0.09873791038990021,0.3221389594130348
BH_s24_medium,31,201,37.7,-0.22474192082881927,0.11101695463766048
BH_s24_medium,31,202,37.733333333333334,-0.35074591636657715,-0.1712779525418439
BH_s24_medium,31,203,37.766666666666666,-0.4767499268054962,-0.47815265018500047
BH_s24_medium,31,204,37.8,-0.6027539372444153,-0.7441959373926319
BH_s24_medium,31,205,37.833333333333336,-0.728757917881012,-0.9075312930442099
BH_s24_medium,31,206,37.86666666666667,-0.7916942834854126,-0.9324351634747589
BH_s24_medium,31,207,37.9,-0.8147083520889282,-0.8214427857147595
BH_s24_medium,31,208,37.93333333333333,-0.877776026725769,-0.6121890841879872
BH_s24_medium,31,209,37.96666666666667,-0.9408436417579651,-0.36241655989080623
BH_s24_medium,31,210,38.0,-0.9803720712661743,-0.13071475322640244
BH_s24_medium,31,211,38.03333333333333,-1.0039112567901611,0.039989377599206025
BH_s24_medium,31,212,38.06666666666667,-1.066978931427002,0.13188863376390747
BH_s24_medium,31,213,38.1,-1.1061134338378906,0.1532476929874533
BH_s24_medium,31,214,38.13333333333333,-1.1300466060638428,0.1315358007024117
BH_s24_medium,31,215,38.166666666666664,-1.1300466060638428,0.10127518051444735
BH_s24_medium,31,216,38.2,-1.013824701309204,0.09093589569315269
BH_s24_medium,31,217,38.233333333333334,-0.4955263137817383,0.11367773936960489
BH_s24_medium,31,218,38.266666666666666,0.29910704493522644,0.16491569721398772
BH_s24_medium,31,219,38.3,0.9784375429153442,0.2267099989230961
BH_s24_medium,31,220,38.333333333333336,1.3047394752502441,0.27658445576824936
BH_s24_medium,31,221,38.36666666666667,1.2915074825286865,0.29717385017319164
BH_s24_medium,31,222,38.4,1.2285711765289307,0.28306217765691477
BH_s24_medium,31,223,38.43333333333333,1.1403887271881104,0.24229744068722367
BH_s24_medium,31,224,38.46666666666667,1.0019404888153076,0.19214334076540238
BH_s24_medium,31,225,38.5,0.8130001425743103,0.15096469268844945
BH_s24_medium,31,226,38.53333333333333,0.5984198451042175,0.1298028177546053
BH_s24_medium,31,227,38.56666666666667,0.4466446042060852,0.12732076847151352
BH_s24_medium,31,228,38.6,0.3464118540287018,0.1302086994053262
BH_s24_medium,31,229,38.63333333333333,0.28347548842430115,0.11875627048875433
BH_s24_medium,31,230,38.666666666666664,0.15747147798538208,0.075316985222138
BH_s24_medium,31,231,38.7,0.03146748244762421,-0.007594911607624962
BH_s24_medium,31,232,38.733333333333334,-0.1576041728258133,-0.1226914544700031
BH_s24_medium,31,233,38.766666666666666,-0.28360816836357117,-0.2486996045051659
BH_s24_medium,31,234,38.8,-0.40961217880249023,-0.35650813984383073
BH_s24_medium,31,235,38.833333333333336,-0.5356161594390869,-0.4184492629133727
BH_s24_medium,31,236,38.86666666666667,-0.5985525250434875,-0.4169890831231901
BH_s24_medium,31,237,38.9,-0.6885730624198914,-0.3494656188275237
BH_s24_medium,31,238,38.93333333333333,-0.7516407370567322,-0.22787390444575067
BH_s24_medium,31,239,38.96666666666667,-0.8147083520889282,-0.07512513989930818
BH_s24_medium,32,0,32.0,-0.6886666417121887,-0.02823285472239759
BH_s24_medium,32,1,32.03333333333333,-0.7516407370567322,-2.7419280121698755
BH_s24_medium,32,2,32.06666666666667,-0.877606987953186,-5.037820869784437
BH_s24_medium,32,3,32.1,-0.9405433535575867,-6.594595319806414
BH_s24_medium,32,4,32.13333333333333,-1.0034797191619873,-7.2586773423299915
BH_s24_medium,32,5,32.166666666666664,-1.0664160251617432,-7.067698240780249
BH_s24_medium,32,6,32.2,-1.066978931427002,-6.216776011232673
BH_s24_medium,32,7,32.233333333333334,-1.1300466060638428,-4.985091091054301
BH_s24_medium,32,8,32.266666666666666,-1.1300466060638428,-3.653791761431335
BH_s24_medium,32,9,32.3,-1.1931142807006836,-2.4422161406479885
BH_s24_medium,32,10,32.333333333333336,-1.1931142807006836,-1.4757186335426307
BH_s24_medium,32,11,32.36666666666667,-1.2548311948776245,-0.7846376620956013
BH_s24_medium,32,12,32.4,-1.069942831993103,-0.3261786084403989
BH_s24_medium,32,13,32.43333333333333,-0.3214598298072815,-0.018459586014453272
BH_s24_medium,32,14,32.46666666666667,0.7445375323295593,0.22438166520895475
BH_s24_medium,32,15,32.5,1.882193922996521,0.46552492156706754
BH_s24_medium,32,16,32.53333333333333,2.3957204818725586,0.7326518350263995
BH_s24_medium,32,17,32.56666666666667,2.4038801193237305,1.0191345026746994
BH_s24_medium,32,18,32.6,2.21707820892334,1.2950758577165202
BH_s24_medium,32,19,32.63333333333333,2.0281379222869873,1.522044495729033
BH_s24_medium,32,20,32.666666666666664,1.7761298418045044,1.665969404630345
BH_s24_medium,32,21,32.7,1.4637176990509033,1.7051603136969278
BH_s24_medium,32,22,32.733333333333334,1.0857057571411133,1.6333830889314187
BH_s24_medium,32,23,32.766666666666666,0.8309028744697571,1.459811661137718
BH_s24_medium,32,24,32.8,0.7019726634025574,1.2076681217136713
BH_s24_medium,32,25,32.833333333333336,0.5759686827659607,0.9118850671914382
BH_s24_medium,32,26,32.86666666666667,0.3902170658111572,0.6146031971443972
BH_s24_medium,32,27,32.9,0.13820905983448029,0.35752537834454956
BH_s24_medium,32,28,32.93333333333333,0.00875371228903532,0.17248073710783532
BH_s24_medium,32,29,32.96666666666667,-0.23967164754867554,0.0738469105286686
BH_s24_medium,32,30,33.0,-0.42861202359199524,0.05636055343805416
BH_s24_medium,32,31,33.03333333333333,-0.5584612488746643,0.09919664940307518
BH_s24_medium,32,32,33.06666666666667,-0.684465229511261,0.17381042637052377
BH_s24_medium,32,33,33.1,-0.7516407370567322,0.2515404497828003
BH_s24_medium,32,34,33.13333333333333,-0.8147083520889282,0.3085554126006362
BH_s24_medium,32,35,33.166666666666664,-0.877776026725769,0.32841871979398557
BH_s24_medium,32,36,33.2,-0.9408436417579651,0.30371112625603075
BH_s24_medium,32,37,33.233333333333334,-0.9408436417579651,0.23721962462028134
BH_s24_medium,32,38,33.266666666666666,-1.0039112567901611,0.1414965697763928
BH_s24_medium,32,39,33.3,-1.0039112567901611,0.03539485938343086
BH_s24_medium,32,40,33.333333333333336,-1.066978931427002,-0.061684349576121573
BH_s24_medium,32,41,33.36666666666667,-0.9514225721359253,-0.13506478355801851
BH_s24_medium,32,42,33.4,-0.34269165992736816,-0.1772984212381831
BH_s24_medium,32,43,33.43333333333333,0.5858791470527649,-0.18769448728910793
BH_s24_medium,32,44,33.46666666666667,1.542078971862793,-0.17024206007865741
BH_s24_medium,32,45,33.5,2.011706590652466,-0.13154997108442712
BH_s24_medium,32,46,33.53333333333333,1.9090924263000488,-0.0797015948813645
BH_s24_medium,32,47,33.56666666666667,1.657084345817566,-0.024044145132106995
BH_s24_medium,32,48,33.6,1.4050763845443726,0.024512691001821796
BH_s24_medium,32,49,33.63333333333333,1.096340537071228,0.053375043557805354
BH_s24_medium,32,50,33.666666666666664,0.8379927277565002,0.04932320238344613
BH_s24_medium,32,51,33.7,0.5793823003768921,0.0015362049509772494
BH_s24_medium,32,52,33.733333333333334,0.453378289937973,-0.09382966591827387
BH_s24_medium,32,53,33.766666666666666,0.3904419541358948,-0.2294525293937024
BH_s24_medium,32,54,33.8,0.32750558853149414,-0.38574758331967457
BH_s24_medium,32,55,33.833333333333336,0.13843393325805664,-0.5348242423477672
BH_s24_medium,32,56,33.86666666666667,-0.043378859758377075,-0.6491674024517007
BH_s24_medium,32,57,33.9,-0.23970937728881836,-0.7115442229136666
BH_s24_medium,32,58,33.93333333333333,-0.42878103256225586,-0.7204374581217848
BH_s24_medium,32,59,33.96666666666667,-0.5547850131988525,-0.6869661790352893
BH_s24_medium,32,60,34.0,-0.680789053440094,-0.6251137587451977
BH_s24_medium,32,61,34.03333333333333,-0.7516407370567322,-0.5422531399298252
BH_s24_medium,32,62,34.06666666666667,-0.8147083520889282,-0.4365899926303753
BH_s24_medium,32,63,34.1,-0.877776026725769,-0.3027461902247804
BH_s24_medium,32,64,34.13333333333333,-0.9408436417579651,-0.14055228780370208
BH_s24_medium,32,65,34.166666666666664,-0.9408436417579651,0.03980126820356405
BH_s24_medium,32,66,34.2,-1.0039112567901611,0.2192272727748896
BH_s24_medium,32,67,34.233333333333334,-1.0039112567901611,0.3757732338394934
BH_s24_medium,32,68,34.266666666666666,-0.6066096425056458,0.49174938028189746
BH_s24_medium,32,69,34.3,0.19468195736408234,0.5594184252786505
BH_s24_medium,32,70,34.333333333333336,1.2568159103393555,0.5832446200347464
BH_s24_medium,32,71,34.36666666666667,1.9864227771759033,0.57750621824946
BH_s24_medium,32,72,34.4,2.1494710445404053,0.5602915053741656
BH_s24_medium,32,73,34.43333333333333,2.0328266620635986,0.546845353586638
BH_s24_medium,32,74,34.46666666666667,1.7903095483779907,0.5449946349909757
BH_s24_medium,32,75,34.5,1.6013691425323486,0.5535382040318297
BH_s24_medium,32,76,34.53333333333333,1.2331105470657349,0.5628111033185779
BH_s24_medium,32,77,34.56666666666667,0.9081501960754395,0.556322442095328
BH_s24_medium,32,78,34.6,0.5930745601654053,0.5133933112669358
BH_s24_medium,32,79,34.63333333333333,0.4569232165813446,0.41367893381237203
BH_s24_medium,32,80,34.666666666666664,0.33091920614242554,0.2439987953211227
BH_s24_medium,32,81,34.7,0.15238875150680542,0.006137779317178491
BH_s24_medium,32,82,34.733333333333334,0.015843559056520462,-0.27761860416882433
BH_s24_medium,32,83,34.766666666666666,-0.2254919558763504,-0.56512956992195
BH_s24_medium,32,84,34.8,-0.4253673851490021,-0.8035437025474578
BH_s24_medium,32,85,34.833333333333336,-0.614439070224762,-0.9451376670312467
BH_s24_medium,32,86,34.86666666666667,-0.7404430508613586,-0.963221613536355
BH_s24_medium,32,87,34.9,-0.8664470314979553,-0.8603291049383326
BH_s24_medium,32,88,34.93333333333333,-0.9924510717391968,-0.6654804138465366
BH_s24_medium,32,89,34.96666666666667,-1.0553873777389526,-0.42332635418744785
BH_s24_medium,32,90,35.0,-1.118323802947998,-0.1805196005790451
BH_s24_medium,32,91,35.03333333333333,-1.181260108947754,0.025983485322447805
BH_s24_medium,32,92,35.06666666666667,-1.1931142807006836,0.17550314811799653
BH_s24_medium,32,93,35.1,-1.2440651655197144,0.26388889261708026
BH_s24_medium,32,94,35.13333333333333,-1.2561819553375244,0.29877157117745096
BH_s24_medium,32,95,35.166666666666664,-1.3068702220916748,0.2931138717870464
BH_s24_medium,32,96,35.2,-1.3192495107650757,0.260480073182038
BH_s24_medium,32,97,35.233333333333334,-1.1049046516418457,0.21348095936182865
BH_s24_medium,32,98,35.266666666666666,-0.3365117907524109,0.1640410244586694
BH_s24_medium,32,99,35.3,0.5956794023513794,0.12308354505944381
BH_s24_medium,32,100,35.333333333333336,1.4536157846450806,0.09903194173150531
BH_s24_medium,32,101,35.36666666666667,1.8209657669067383,0.09652591798521871
BH_s24_medium,32,102,35.4,1.7843636274337769,0.11637412213715477
BH_s24_medium,32,103,35.43333333333333,1.6583596467971802,0.15629180809027735
BH_s24_medium,32,104,35.46666666666667,1.482848882675171,0.21159486121467364
BH_s24_medium,32,105,35.5,1.2939084768295288,0.27553804926980174
BH_s24_medium,32,106,35.53333333333333,0.9295887351036072,0.3393371226184289
BH_s24_medium,32,107,35.56666666666667,0.6146444082260132,0.39208470822086494
BH_s24_medium,32,108,35.6,0.39766308665275574,0.42104368971803463
BH_s24_medium,32,109,35.63333333333333,0.27165907621383667,0.4128840926793786
BH_s24_medium,32,110,35.666666666666664,0.09693612903356552,0.356023806268581
BH_s24_medium,32,111,35.7,-0.028936581686139107,0.24364188042485244
BH_s24_medium,32,112,35.733333333333334,-0.21787694096565247,0.07659175466558547
BH_s24_medium,32,113,35.766666666666666,-0.4215598702430725,-0.13459591134860344
BH_s24_medium,32,114,35.8,-0.61063152551651,-0.3693347675108252
BH_s24_medium,32,115,35.833333333333336,-0.7366355657577515,-0.5988626496254391
BH_s24_medium,32,116,35.86666666666667,-0.8626395463943481,-0.790776023438369
BH_s24_medium,32,117,35.9,-0.9886435270309448,-0.9155892896510498
BH_s24_medium,32,118,35.93333333333333,-1.0515799522399902,-0.9530935330852645
BH_s24_medium,32,119,35.96666666666667,-1.114516258239746,-0.8961279263237769
BH_s24_medium,32,120,36.0,-1.177452564239502,-0.7514715481796058
BH_s24_medium,32,121,36.03333333333333,-1.1931142807006836,-0.539052294746265
BH_s24_medium,32,122,36.06666666666667,-1.2561819553375244,-0.2894527688980658
BH_s24_medium,32,123,36.1,-1.2561819553375244,-0.03853291040642411
BH_s24_medium,32,124,36.13333333333333,-1.3030627965927124,0.18037823516576254
BH_s24_medium,32,125,36.166666666666664,-1.3192495107650757,0.3440143369151154
BH_s24_medium,32,126,36.2,-1.3192495107650757,0.44373498442694265
BH_s24_medium,32,127,36.233333333333334,-1.3192495107650757,0.4858199621078721
BH_s24_medium,32,128,36.266666666666666,-1.2728939056396484,0.4872387464951816
BH_s24_medium,32,129,36.3,-0.835857093334198,0.4680204670656369
BH_s24_medium,32,130,36.333333333333336,-0.05058329552412033,0.44352912548246676
BH_s24_medium,32,131,36.36666666666667,0.7854829430580139,0.4206178103092524
BH_s24_medium,32,132,36.4,1.2778801918029785,0.39911846590260713
BH_s24_medium,32,133,36.43333333333333,1.3295917510986328,0.3766187509515608
BH_s24_medium,32,134,36.46666666666667,1.2209560871124268,0.35296479026400057
BH_s24_medium,32,135,36.5,1.1403887271881104,0.33177297819673185
BH_s24_medium,32,136,36.53333333333333,0.9867104887962341,0.31823315539771163
BH_s24_medium,32,137,36.56666666666667,0.797770082950592,0.31449056612073795
BH_s24_medium,32,138,36.6,0.5457621216773987,0.31511647650862895
BH_s24_medium,32,139,36.63333333333333,0.33866554498672485,0.30530109863780025
BH_s24_medium,32,140,36.666666666666664,0.2574416697025299,0.26348261612410606
BH_s24_medium,32,141,36.7,0.14972516894340515,0.16841544976767403
BH_s24_medium,32,142,36.733333333333334,0.06823872029781342,0.008692312961771996
BH_s24_medium,32,143,36.766666666666666,-0.03921518847346306,-0.20874604430850355
BH_s24_medium,32,144,36.8,-0.22828684747219086,-0.45490750955657566
BH_s24_medium,32,145,36.833333333333336,-0.3984145224094391,-0.6827194737395428
BH_s24_medium,32,146,36.86666666666667,-0.5433624982833862,-0.8393498474697889
BH_s24_medium,32,147,36.9,-0.6693664789199829,-0.8838227558213733
BH_s24_medium,32,148,36.93333333333333,-0.7323028445243835,-0.8028227181531842
BH_s24_medium,32,149,36.96666666666667,-0.8147083520889282,-0.6170510536228796
BH_s24_medium,32,150,37.0,-0.877776026725769,-0.37527641781438403
BH_s24_medium,32,151,37.03333333333333,-0.9408436417579651,-0.13906184164534388
BH_s24_medium,32,152,37.06666666666667,-0.9840483069419861,0.03641120834424585
BH_s24_medium,32,153,37.1,-1.0039112567901611,0.11984075180041069
BH_s24_medium,32,154,37.13333333333333,-1.066978931427002,0.11385284470055443
BH_s24_medium,32,155,37.166666666666664,-1.1300466060638428,0.052890764734167026
BH_s24_medium,32,156,37.2,-1.1300466060638428,-0.011614594507215267
BH_s24_medium,32,157,37.233333333333334,-0.8131992220878601,-0.033205113663529344
BH_s24_medium,32,158,37.266666666666666,-0.18180131912231445,0.010776910755540214
BH_s24_medium,32,159,37.3,0.5111550688743591,0.11272124198970852
BH_s24_medium,32,160,37.333333333333336,0.9093590378761292,0.2424606008308815
BH_s24_medium,32,161,37.36666666666667,0.9722304940223694,0.3632031906197053
BH_s24_medium,32,162,37.4,0.8462264537811279,0.4473999627353917
BH_s24_medium,32,163,37.43333333333333,0.7202224731445312,0.48627719922035095
BH_s24_medium,32,164,37.46666666666667,0.5942184329032898,0.4897679682138709
BH_s24_medium,32,165,37.5,0.4051468074321747,0.47729602020781275
BH_s24_medium,32,166,37.53333333333333,0.21607515215873718,0.4643025620624268
BH_s24_medium,32,167,37.56666666666667,0.09007114917039871,0.4517708613015348
BH_s24_medium,32,168,37.6,0.06823872029781342,0.4240823842830706
BH_s24_medium,32,169,37.63333333333333,0.027266090735793114,0.3559890008479564
BH_s24_medium,32,170,37.666666666666664,-0.09873791038990021,0.225363846315682
BH_s24_medium,32,171,37.7,-0.22474192082881927,0.02623154017729575
BH_s24_medium,32,172,37.733333333333334,-0.35074591636657715,-0.22342622456549288
BH_s24_medium,32,173,37.766666666666666,-0.4767499268054962,-0.48290257438820755
BH_s24_medium,32,174,37.8,-0.6027539372444153,-0.6998844629650125
BH_s24_medium,32,175,37.833333333333336,-0.728757917881012,-0.8279837006238724
BH_s24_medium,32,176,37.86666666666667,-0.7916942834854126,-0.8428980102544723
BH_s24_medium,32,177,37.9,-0.8147083520889282,-0.7493255801981362
BH_s24_medium,32,178,37.93333333333333,-0.877776026725769,-0.5765478035646714
BH_s24_medium,32,179,37.96666666666667,-0.9408436417579651,-0.36695299756917765
BH_s24_medium,32,180,38.0,-0.9803720712661743,-0.16326518710406157
BH_s24_medium,32,181,38.03333333333333,-1.0039112567901611,0.001812636712505011
BH_s24_medium,32,182,38.06666666666667,-1.066978931427002,0.1117534025805876
BH_s24_medium,32,183,38.1,-1.1061134338378906,0.16737880113963702
BH_s24_medium,32,184,38.13333333333333,-1.1300466060638428,0.18318865980444587
BH_s24_medium,32,185,38.166666666666664,-1.1300466060638428,0.1801941715832989
BH_s24_medium,32,186,38.2,-1.013824701309204,0.17780934014865796
BH_s24_medium,32,187,38.233333333333334,-0.4955263137817383,0.18770180472071354
BH_s24_medium,32,188,38.266666666666666,0.29910704493522644,0.21147744059080117
BH_s24_medium,32,189,38.3,0.9784375429153442,0.24233466258815645
BH_s24_medium,32,190,38.333333333333336,1.3047394752502441,0.26940684618298605
BH_s24_medium,32,191,38.36666666666667,1.2915074825286865,0.2829001948689875
BH_s24_medium,32,192,38.4,1.2285711765289307,0.2782756248946987
BH_s24_medium,32,193,38.43333333333333,1.1403887271881104,0.25822820479677766
BH_s24_medium,32,194,38.46666666666667,1.0019404888153076,0.2318025761852491
BH_s24_medium,32,195,38.5,0.8130001425743103,0.21080638687320707
BH_s24_medium,32,196,38.53333333333333,0.5984198451042175,0.20476985751313853
BH_s24_medium,32,197,38.56666666666667,0.4466446042060852,0.21640305169494883
BH_s24_medium,32,198,38.6,0.3464118540287018,0.23927143714332863
BH_s24_medium,32,199,38.63333333333333,0.28347548842430115,0.25854471174657456
BH_s24_medium,32,200,38.666666666666664,0.15747147798538208,0.2547324468501616
BH_s24_medium,32,201,38.7,0.03146748244762421,0.20946448786375912
BH_s24_medium,32,202,38.733333333333334,-0.1576041728258133,0.11166382401833602
BH_s24_medium,32,203,38.766666666666666,-0.28360816836357117,-0.03780798214442445
BH_s24_medium,32,204,38.8,-0.40961217880249023,-0.2245420198851852
BH_s24_medium,32,205,38.833333333333336,-0.5356161594390869,-0.4225766893393871
BH_s24_medium,32,206,38.86666666666667,-0.5985525250434875,-0.5994902233354477
BH_s24_medium,32,207,38.9,-0.6885730624198914,-0.7233402811188919
BH_s24_medium,32,208,38.93333333333333,-0.7516407370567322,-0.7699533056016877
BH_s24_medium,32,209,38.96666666666667,-0.8147083520889282,-0.728978704214431
BH_s24_medium,32,210,39.0,-0.877776026725769,-0.6070064939606649
BH_s24_medium,32,211,39.03333333333333,-0.913234293460846,-0.4264244382669976
BH_s24_medium,32,212,39.06666666666667,-0.9408436417579651,-0.21994365395675997
BH_s24_medium,32,213,39.1,-1.0039112567901611,-0.02225492504022849
BH_s24_medium,32,214,39.13333333333333,-1.0039112567901611,0.13872592533669245
BH_s24_medium,32,215,39.166666666666664,-1.0388444662094116,0.2483021834124136
BH_s24_medium,32,216,39.2,-1.066978931427002,0.30688045512070267
BH_s24_medium,32,217,39.233333333333334,-0.9976378679275513,0.3265028450712624
BH_s24_medium,32,218,39.266666666666666,-0.5789444446563721,0.3235120301627302
BH_s24_medium,32,219,39.3,0.18295912444591522,0.31079210388109646
BH_s24_medium,32,220,39.333333333333336,0.9676428437232971,0.2933661859901729
BH_s24_medium,32,221,39.36666666666667,1.3978824615478516,0.26932383392287523
BH_s24_medium,32,222,39.4,1.455726981163025,0.23486954262181658
BH_s24_medium,32,223,39.43333333333333,1.358776569366455,0.1898735441651985
BH_s24_medium,32,224,39.46666666666667,1.266524076461792,0.14038028091267712
BH_s24_medium,32,225,39.5,1.169836163520813,0.09670691332191467
BH_s24_medium,32,226,39.53333333333333,0.9472756385803223,0.06844263806830278
BH_s24_medium,32,227,39.56666666666667,0.758335292339325,0.05930613576746571
BH_s24_medium,32,228,39.6,0.5395535826683044,0.0646703228618342
BH_s24_medium,32,229,39.63333333333333,0.4766172468662262,0.07303467405282649
BH_s24_medium,32,230,39.666666666666664,0.3835769593715668,0.07080083886540788
BH_s24_medium,32,231,39.7,0.2876768708229065,0.04819021983875464
BH_s24_medium,32,232,39.733333333333334,0.12897174060344696,0.0035975583473188085
BH_s24_medium,32,233,39.766666666666666,0.0030990231316536665,-0.05554602170634914
BH_s24_medium,32,234,39.8,-0.15340277552604675,-0.11552220637795477
BH_s24_medium,32,235,39.833333333333336,-0.2794067859649658,-0.1611684335023929
BH_s24_medium,32,236,39.86666666666667,-0.4054107964038849,-0.18081222414337186
BH_s24_medium,32,237,39.9,-0.531414806842804,-0.16975894251169338
BH_s24_medium,32,238,39.93333333333333,-0.5943511724472046,-0.13152424124017373
BH_s24_medium,32,239,39.96666666666667,-0.6572874784469604,-0.07670650848239517
BH_s24_medium,33,0,33.0,-0.42861202359199524,-0.050972501814119095
BH_s24_medium,33,1,33.03333333333333,-0.5584612488746643,-2.5758494522887068
BH_s24_medium,33,2,33.06666666666667,-0.684465229511261,-4.702452834028014
BH_s24_medium,33,3,33.1,-0.7516407370567322,-6.130983153879739
BH_s24_medium,33,4,33.13333333333333,-0.8147083520889282,-6.728512706168441
BH_s24_medium,33,5,33.166666666666664,-0.877776026725769,-6.546417766648548
BH_s24_medium,33,6,33.2,-0.9408436417579651,-5.779835460956957
BH_s24_medium,33,7,33.233333333333334,-0.9408436417579651,-4.691253293862854
BH_s24_medium,33,8,33.266666666666666,-1.0039112567901611,-3.5314050163980286
BH_s24_medium,33,9,33.3,-1.0039112567901611,-2.483093542022106
BH_s24_medium,33,10,33.333333333333336,-1.066978931427002,-1.6385700061094421
BH_s24_medium,33,11,33.36666666666667,-0.9514225721359253,-1.0073931847486175
BH_s24_medium,33,12,33.4,-0.34269165992736816,-0.543658907057716
BH_s24_medium,33,13,33.43333333333333,0.5858791470527649,-0.17951075158070526
BH_s24_medium,33,14,33.46666666666667,1.542078971862793,0.1459802093089664
BH_s24_medium,33,15,33.5,2.011706590652466,0.4690833194642385
BH_s24_medium,33,16,33.53333333333333,1.9090924263000488,0.7963874176250292
BH_s24_medium,33,17,33.56666666666667,1.657084345817566,1.110049458477339
BH_s24_medium,33,18,33.6,1.4050763845443726,1.37876238190171
BH_s24_medium,33,19,33.63333333333333,1.096340537071228,1.5698800004217082
BH_s24_medium,33,20,33.666666666666664,0.8379927277565002,1.6596061813751088
BH_s24_medium,33,21,33.7,0.5793823003768921,1.6398062435164131
BH_s24_medium,33,22,33.733333333333334,0.453378289937973,1.5208450331837027
BH_s24_medium,33,23,33.766666666666666,0.3904419541358948,1.3300272205103691
BH_s24_medium,33,24,33.8,0.32750558853149414,1.1054511216220477
BH_s24_medium,33,25,33.833333333333336,0.13843393325805664,0.8859779012574374
BH_s24_medium,33,26,33.86666666666667,-0.043378859758377075,0.6996922820130754
BH_s24_medium,33,27,33.9,-0.23970937728881836,0.5552215091084332
BH_s24_medium,33,28,33.93333333333333,-0.42878103256225586,0.44105849856654206
BH_s24_medium,33,29,33.96666666666667,-0.5547850131988525,0.33509228188300444
BH_s24_medium,33,30,34.0,-0.680789053440094,0.21999482175258822
BH_s24_medium,33,31,34.03333333333333,-0.7516407370567322,0.09530217254401877
BH_s24_medium,33,32,34.06666666666667,-0.8147083520889282,-0.021212112530312584
BH_s24_medium,33,33,34.1,-0.877776026725769,-0.1033310474427157
BH_s24_medium,33,34,34.13333333333333,-0.9408436417579651,-0.1308098611899101
BH_s24_medium,33,35,34.166666666666664,-0.9408436417579651,-0.09975270245341554
BH_s24_medium,33,36,34.2,-1.0039112567901611,-0.024341935676547855
BH_s24_medium,33,37,34.233333333333334,-1.0039112567901611,0.06896966384181503
BH_s24_medium,33,38,34.266666666666666,-0.6066096425056458,0.15107439491548844
BH_s24_medium,33,39,34.3,0.19468195736408234,0.19995958252021875
BH_s24_medium,33,40,34.333333333333336,1.2568159103393555,0.2073991611184467
BH_s24_medium,33,41,34.36666666666667,1.9864227771759033,0.18026005056921185
BH_s24_medium,33,42,34.4,2.1494710445404053,0.13602143236181255
BH_s24_medium,33,43,34.43333333333333,2.0328266620635986,0.09454066888392743
BH_s24_medium,33,44,34.46666666666667,1.7903095483779907,0.0697585080828308
BH_s24_medium,33,45,34.5,1.6013691425323486,0.0647115881461249
BH_s24_medium,33,46,34.53333333333333,1.2331105470657349,0.07095060266397726
BH_s24_medium,33,47,34.56666666666667,0.9081501960754395,0.07125803429128395
BH_s24_medium,33,48,34.6,0.5930745601654053,0.04417932843608031
BH_s24_medium,33,49,34.63333333333333,0.4569232165813446,-0.030256633158288825
BH_s24_medium,33,50,34.666666666666664,0.33091920614242554,-0.1637623402592517
BH_s24_medium,33,51,34.7,0.15238875150680542,-0.3529041997029466
BH_s24_medium,33,52,34.733333333333334,0.015843559056520462,-0.5747780559113509
BH_s24_medium,33,53,34.766666666666666,-0.2254919558763504,-0.7888586001203223
BH_s24_medium,33,54,34.8,-0.4253673851490021,-0.9470563139028698
BH_s24_medium,33,55,34.833333333333336,-0.614439070224762,-1.0096631295561336
BH_s24_medium,33,56,34.86666666666667,-0.7404430508613586,-0.9599766743883342
BH_s24_medium,33,57,34.9,-0.8664470314979553,-0.8097120798337547
BH_s24_medium,33,58,34.93333333333333,-0.9924510717391968,-0.5928530843128201
BH_s24_medium,33,59,34.96666666666667,-1.0553873777389526,-0.35237067141665784
BH_s24_medium,33,60,35.0,-1.118323802947998,-0.12660586125284937
BH_s24_medium,33,61,35.03333333333333,-1.181260108947754,0.059662276339401445
BH_s24_medium,33,62,35.06666666666667,-1.1931142807006836,0.19742681575809096
BH_s24_medium,33,63,35.1,-1.2440651655197144,0.28968476299398127
BH_s24_medium,33,64,35.13333333333333,-1.2561819553375244,0.344572015692356
BH_s24_medium,33,65,35.166666666666664,-1.3068702220916748,0.3692656797884096
BH_s24_medium,33,66,35.2,-1.3192495107650757,0.3678452984846576
BH_s24_medium,33,67,35.233333333333334,-1.1049046516418457,0.343706174801004
BH_s24_medium,33,68,35.266666666666666,-0.3365117907524109,0.3036786542716192
BH_s24_medium,33,69,35.3,0.5956794023513794,0.25978788501585875
BH_s24_medium,33,70,35.333333333333336,1.4536157846450806,0.22709383804332817
BH_s24_medium,33,71,35.36666666666667,1.8209657669067383,0.21928135842447707
BH_s24_medium,33,72,35.4,1.7843636274337769,0.24438154615764032
BH_s24_medium,33,73,35.43333333333333,1.6583596467971802,0.3020214282843942
BH_s24_medium,33,74,35.46666666666667,1.482848882675171,0.38293233967241314
BH_s24_medium,33,75,35.5,1.2939084768295288,0.47098337853069444
BH_s24_medium,33,76,35.53333333333333,0.9295887351036072,0.547062650707631
BH_s24_medium,33,77,35.56666666666667,0.6146444082260132,0.5933023507840741
BH_s24_medium,33,78,35.6,0.39766308665275574,0.5962168437700227
BH_s24_medium,33,79,35.63333333333333,0.27165907621383667,0.5480580939677092
BH_s24_medium,33,80,35.666666666666664,0.09693612903356552,0.44650526755291803
BH_s24_medium,33,81,35.7,-0.028936581686139107,0.2935452530431281
BH_s24_medium,33,82,35.733333333333334,-0.21787694096565247,0.09490010528459629
BH_s24_medium,33,83,35.766666666666666,-0.4215598702430725,-0.13900661686822813
BH_s24_medium,33,84,35.8,-0.61063152551651,-0.39100959625002957
BH_s24_medium,33,85,35.833333333333336,-0.7366355657577515,-0.6362050050204375
BH_s24_medium,33,86,35.86666666666667,-0.8626395463943481,-0.8445162220478668
BH_s24_medium,33,87,35.9,-0.9886435270309448,-0.9873473366223364
BH_s24_medium,33,88,35.93333333333333,-1.0515799522399902,-1.0452969082953751
BH_s24_medium,33,89,35.96666666666667,-1.114516258239746,-1.0124944450031859
BH_s24_medium,33,90,36.0,-1.177452564239502,-0.8959731557103866
BH_s24_medium,33,91,36.03333333333333,-1.1931142807006836,-0.7122933263239359
BH_s24_medium,33,92,36.06666666666667,-1.2561819553375244,-0.4843640914573961
BH_s24_medium,33,93,36.1,-1.2561819553375244,-0.23934696731311986
BH_s24_medium,33,94,36.13333333333333,-1.3030627965927124,-0.006273365913636185
BH_s24_medium,33,95,36.166666666666664,-1.3192495107650757,0.18836147739865597
BH_s24_medium,33,96,36.2,-1.3192495107650757,0.3268397434572989
BH_s24_medium,33,97,36.233333333333334,-1.3192495107650757,0.40555930377188776
BH_s24_medium,33,98,36.266666666666666,-1.2728939056396484,0.4358477227064203
BH_s24_medium,33,99,36.3,-0.835857093334198,0.438588673680694
BH_s24_medium,33,100,36.333333333333336,-0.05058329552412033,0.4348980188686861
BH_s24_medium,33,101,36.36666666666667,0.7854829430580139,0.43779002254198807
BH_s24_medium,33,102,36.4,1.2778801918029785,0.4489165990804665
BH_s24_medium,33,103,36.43333333333333,1.3295917510986328,0.46119752285370824
BH_s24_medium,33,104,36.46666666666667,1.2209560871124268,0.46506698636353894
BH_s24_medium,33,105,36.5,1.1403887271881104,0.45456911245245
BH_s24_medium,33,106,36.53333333333333,0.9867104887962341,0.4299746498004911
BH_s24_medium,33,107,36.56666666666667,0.797770082950592,0.39566448592893727
BH_s24_medium,33,108,36.6,0.5457621216773987,0.35477375031379804
BH_s24_medium,33,109,36.63333333333333,0.33866554498672485,0.30403096180209377
BH_s24_medium,33,110,36.666666666666664,0.2574416697025299,0.2322715277874956
BH_s24_medium,33,111,36.7,0.14972516894340515,0.12435728476917891
BH_s24_medium,33,112,36.733333333333334,0.06823872029781342,-0.0304042658345202
BH_s24_medium,33,113,36.766666666666666,-0.03921518847346306,-0.22869159869682787
BH_s24_medium,33,114,36.8,-0.22828684747219086,-0.44709965728078244
BH_s24_medium,33,115,36.833333333333336,-0.3984145224094391,-0.6438146057050247
BH_s24_medium,33,116,36.86666666666667,-0.5433624982833862,-0.7698538269712426
BH_s24_medium,33,117,36.9,-0.6693664789199829,-0.7870606802431679
BH_s24_medium,33,118,36.93333333333333,-0.7323028445243835,-0.6849473409474722
BH_s24_medium,33,119,36.96666666666667,-0.8147083520889282,-0.48759112418501505
BH_s24_medium,33,120,37.0,-0.877776026725769,-0.24722433696281684
BH_s24_medium,33,121,37.03333333333333,-0.9408436417579651,-0.027866304600897198
BH_s24_medium,33,122,37.06666666666667,-0.9840483069419861,0.11498919292424647
BH_s24_medium,33,123,37.1,-1.0039112567901611,0.15269486210532826
BH_s24_medium,33,124,37.13333333333333,-1.066978931427002,0.09379258979285927
BH_s24_medium,33,125,37.166666666666664,-1.1300466060638428,-0.018650052754809635
BH_s24_medium,33,126,37.2,-1.1300466060638428,-0.12364716021091461
BH_s24_medium,33,127,37.233333333333334,-0.8131992220878601,-0.16712906803701313
BH_s24_medium,33,128,37.266666666666666,-0.18180131912231445,-0.12356020913205837
BH_s24_medium,33,129,37.3,0.5111550688743591,-0.003461521440536215
BH_s24_medium,33,130,37.333333333333336,0.9093590378761292,0.1557080130383874
BH_s24_medium,33,131,37.36666666666667,0.9722304940223694,0.30857401144550306
BH_s24_medium,33,132,37.4,0.8462264537811279,0.42087170568296217
BH_s24_medium,33,133,37.43333333333333,0.7202224731445312,0.48076737295230265
BH_s24_medium,33,134,37.46666666666667,0.5942184329032898,0.49862828865628794
BH_s24_medium,33,135,37.5,0.4051468074321747,0.49611285396521493
BH_s24_medium,33,136,37.53333333333333,0.21607515215873718,0.4905451882193964
BH_s24_medium,33,137,37.56666666666667,0.09007114917039871,0.4829692138485459
BH_s24_medium,33,138,37.6,0.06823872029781342,0.45587886017706514
BH_s24_medium,33,139,37.63333333333333,0.027266090735793114,0.3813497981297334
BH_s24_medium,33,140,37.666666666666664,-0.09873791038990021,0.23557522408398457
BH_s24_medium,33,141,37.7,-0.22474192082881927,0.013407641572719524
BH_s24_medium,33,142,37.733333333333334,-0.35074591636657715,-0.2633209612851544
BH_s24_medium,33,143,37.766666666666666,-0.4767499268054962,-0.5477908224489652
BH_s24_medium,33,144,37.8,-0.6027539372444153,-0.7811120524154874
BH_s24_medium,33,145,37.833333333333336,-0.728757917881012,-0.9120092016324943
BH_s24_medium,33,146,37.86666666666667,-0.7916942834854126,-0.9145775466989131
BH_s24_medium,33,147,37.9,-0.8147083520889282,-0.7955639135088248
BH_s24_medium,33,148,37.93333333333333,-0.877776026725769,-0.5891076349942431
BH_s24_medium,33,149,37.96666666666667,-0.9408436417579651,-0.3437965347167792
BH_s24_medium,33,150,38.0,-0.9803720712661743,-0.10836760747998794
BH_s24_medium,33,151,38.03333333333333,-1.0039112567901611,0.07995006302487369
BH_s24_medium,33,152,38.06666666666667,-1.066978931427002,0.20245876408329166
BH_s24_medium,33,153,38.1,-1.1061134338378906,0.26036659795117373
BH_s24_medium,33,154,38.13333333333333,-1.1300466060638428,0.2705395598638145
BH_s24_medium,33,155,38.166666666666664,-1.1300466060638428,0.2571744827717504
BH_s24_medium,33,156,38.2,-1.013824701309204,0.24246094531900114
BH_s24_medium,33,157,38.233333333333334,-0.4955263137817383,0.23971955993940403
BH_s24_medium,33,158,38.266666666666666,0.29910704493522644,0.25118005119177894
BH_s24_medium,33,159,38.3,0.9784375429153442,0.27033333417199207
BH_s24_medium,33,160,38.333333333333336,1.3047394752502441,0.2870042614499416
BH_s24_medium,33,161,38.36666666666667,1.2915074825286865,0.2926689227442862
BH_s24_medium,33,162,38.4,1.2285711765289307,0.2840539732956396
BH_s24_medium,33,163,38.43333333333333,1.1403887271881104,0.26406822989535456
BH_s24_medium,33,164,38.46666666666667,1.0019404888153076,0.24003160980706786
BH_s24_medium,33,165,38.5,0.8130001425743103,0.21999324929994282
BH_s24_medium,33,166,38.53333333333333,0.5984198451042175,0.20870067636189377
BH_s24_medium,33,167,38.56666666666667,0.4466446042060852,0.20495988151948535
BH_s24_medium,33,168,38.6,0.3464118540287018,0.20137074677143277
BH_s24_medium,33,169,38.63333333333333,0.28347548842430115,0.1863125388246126
BH_s24_medium,33,170,38.666666666666664,0.15747147798538208,0.14733712049702583
BH_s24_medium,33,171,38.7,0.03146748244762421,0.0749182557805318
BH_s24_medium,33,172,38.733333333333334,-0.1576041728258133,-0.0344032196565163
BH_s24_medium,33,173,38.766666666666666,-0.28360816836357117,-0.17615165204550964
BH_s24_medium,33,174,38.8,-0.40961217880249023,-0.33760210226212
BH_s24_medium,33,175,38.833333333333336,-0.5356161594390869,-0.49896989417967225
BH_s24_medium,33,176,38.86666666666667,-0.5985525250434875,-0.6359419691288146
BH_s24_medium,33,177,38.9,-0.6885730624198914,-0.7234602209480384
BH_s24_medium,33,178,38.93333333333333,-0.7516407370567322,-0.7406781114859241
BH_s24_medium,33,179,38.96666666666667,-0.8147083520889282,-0.6765385018118257
BH_s24_medium,33,180,39.0,-0.877776026725769,-0.534446802964365
BH_s24_medium,33,181,39.03333333333333,-0.913234293460846,-0.33384682030898705
BH_s24_medium,33,182,39.06666666666667,-0.9408436417579651,-0.10702983881487821
BH_s24_medium,33,183,39.1,-1.0039112567901611,0.10864921751004544
BH_s24_medium,33,184,39.13333333333333,-1.0039112567901611,0.2806273996753099
BH_s24_medium,33,185,39.166666666666664,-1.0388444662094116,0.3892863520269653
BH_s24_medium,33,186,39.2,-1.066978931427002,0.4314606107899577
BH_s24_medium,33,187,39.233333333333334,-0.9976378679275513,0.4184785987556484
BH_s24_medium,33,188,39.266666666666666,-0.5789444446563721,0.36996206789708524
BH_s24_medium,33,189,39.3,0.18295912444591522,0.3060709174499457
BH_s24_medium,33,190,39.333333333333336,0.9676428437232971,0.2414788725733529
BH_s24_medium,33,191,39.36666666666667,1.3978824615478516,0.18341288688189528
BH_s24_medium,33,192,39.4,1.455726981163025,0.13364502864241118
BH_s24_medium,33,193,39.43333333333333,1.358776569366455,0.09213874030162376
BH_s24_medium,33,194,39.46666666666667,1.266524076461792,0.05974073016473068
BH_s24_medium,33,195,39.5,1.169836163520813,0.03858853342835107
BH_s24_medium,33,196,39.53333333333333,0.9472756385803223,0.030532796775386672
BH_s24_medium,33,197,39.56666666666667,0.758335292339325,0.03494413749783248
BH_s24_medium,33,198,39.6,0.5395535826683044,0.047422192514843274
BH_s24_medium,33,199,39.63333333333333,0.4766172468662262,0.06031148297762505
BH_s24_medium,33,200,39.666666666666664,0.3835769593715668,0.06497861303537994
BH_s24_medium,33,201,39.7,0.2876768708229065,0.054883913764649433
BH_s24_medium,33,202,39.733333333333334,0.12897174060344696,0.02794923754282832
BH_s24_medium,33,203,39.766666666666666,0.0030990231316536665,-0.013008791925363057
BH_s24_medium,33,204,39.8,-0.15340277552604675,-0.06193303672567404
BH_s24_medium,33,205,39.833333333333336,-0.2794067859649658,-0.11224354097265134
BH_s24_medium,33,206,39.86666666666667,-0.4054107964038849,-0.15910275076282107
BH_s24_medium,33,207,39.9,-0.531414806842804,-0.20008747460937457
BH_s24_medium,33,208,39.93333333333333,-0.5943511724472046,-0.23408307166121015
BH_s24_medium,33,209,39.96666666666667,-0.6572874784469604,-0.2592858799162705
BH_s24_medium,33,210,40.0,-0.7202238440513611,-0.271833464292709
BH_s24_medium,33,211,40.03333333333333,-0.8147083520889282,-0.2662719535215884
BH_s24_medium,33,212,40.06666666666667,-0.8460965752601624,-0.23782588879054967
BH_s24_medium,33,213,40.1,-0.877776026725769,-0.18508904900937462
BH_s24_medium,33,214,40.13333333333333,-0.9089016318321228,-0.1113058354517843
BH_s24_medium,33,215,40.166666666666664,-0.9408436417579651,-0.02330439811105185
BH_s24_medium,33,216,40.2,-0.9730482697486877,0.0711361723446832
BH_s24_medium,33,217,40.233333333333334,-0.6917814016342163,0.16565151504764242
BH_s24_medium,33,218,40.266666666666666,-0.06349684298038483,0.25611176395625085
BH_s24_medium,33,219,40.3,0.692527174949646,0.33981817625181093
BH_s24_medium,33,220,40.333333333333336,1.168334722518921,0.41364487523133475
BH_s24_medium,33,221,40.36666666666667,1.266524076461792,0.47203914409451764
BH_s24_medium,33,222,40.4,1.1103135347366333,0.5062441931339595
BH_s24_medium,33,223,40.43333333333333,0.921241819858551,0.5058643908429185
BH_s24_medium,33,224,40.46666666666667,0.7654251456260681,0.4624374263451526
BH_s24_medium,33,225,40.5,0.5764847993850708,0.3731918520535807
BH_s24_medium,33,226,40.53333333333333,0.41709452867507935,0.24301684923137767
BH_s24_medium,33,227,40.56666666666667,0.32050931453704834,0.08379188540959517
BH_s24_medium,33,228,40.6,0.2912217974662781,-0.08832308961459881
BH_s24_medium,33,229,40.63333333333333,0.22828544676303864,-0.25619589288919664
BH_s24_medium,33,230,40.666666666666664,0.10228144377470016,-0.4043822245819069
BH_s24_medium,33,231,40.7,0.039345089346170425,-0.5207040710445422
BH_s24_medium,33,232,40.733333333333334,-0.11542125046253204,-0.5970017304780937
BH_s24_medium,33,233,40.766666666666666,-0.27573058009147644,-0.6294257800244999
BH_s24_medium,33,234,40.8,-0.4017345607280731,-0.6182691459889029
BH_s24_medium,33,235,40.833333333333336,-0.5277385711669922,-0.5671835029633993
BH_s24_medium,33,236,40.86666666666667,-0.5906749367713928,-0.4820474828946717
BH_s24_medium,33,237,40.9,-0.6536113023757935,-0.37004915608390837
BH_s24_medium,33,238,40.93333333333333,-0.7165476679801941,-0.23914514794746933
BH_s24_medium,33,239,40.96666666666667,-0.7516407370567322,-0.09769441758512064
BH_s24_medium,34,0,34.0,-0.680789053440094,-0.0142403329002909
BH_s24_medium,34,1,34.03333333333333,-0.7516407370567322,-2.6934112154483327
BH_s24_medium,34,2,34.06666666666667,-0.8147083520889282,-4.938528608962284
BH_s24_medium,34,3,34.1,-0.877776026725769,-6.424554623336613
BH_s24_medium,34,4,34.13333333333333,-0.9408436417579651,-7.010395288641498
BH_s24_medium,34,5,34.166666666666664,-0.9408436417579651,-6.756919874583804
BH_s24_medium,34,6,34.2,-1.0039112567901611,-5.88139891197623
BH_s24_medium,34,7,34.233333333333334,-1.0039112567901611,-4.673459551578564
BH_s24_medium,34,8,34.266666666666666,-0.6066096425056458,-3.408589500818128
BH_s24_medium,34,9,34.3,0.19468195736408234,-2.286304620890224
BH_s24_medium,34,10,34.333333333333336,1.2568159103393555,-1.4046052420951933
BH_s24_medium,34,11,34.36666666666667,1.9864227771759033,-0.7685110054355608
BH_s24_medium,34,12,34.4,2.1494710445404053,-0.32143692896486614
BH_s24_medium,34,13,34.43333333333333,2.0328266620635986,0.015408320487788785
BH_s24_medium,34,14,34.46666666666667,1.7903095483779907,0.3092968055285998
BH_s24_medium,34,15,34.5,1.6013691425323486,0.5966475376806376
BH_s24_medium,34,16,34.53333333333333,1.2331105470657349,0.8797062035112272
BH_s24_medium,34,17,34.56666666666667,0.9081501960754395,1.1350051453109002
BH_s24_medium,34,18,34.6,0.5930745601654053,1.3272780334013519
BH_s24_medium,34,19,34.63333333333333,0.4569232165813446,1.4237034748727144
BH_s24_medium,34,20,34.666666666666664,0.33091920614242554,1.4056698587229133
BH_s24_medium,34,21,34.7,0.15238875150680542,1.2766370593167888
BH_s24_medium,34,22,34.733333333333334,0.015843559056520462,1.0645117337278096
BH_s24_medium,34,23,34.766666666666666,-0.2254919558763504,0.8167297867454174
BH_s24_medium,34,24,34.8,-0.4253673851490021,0.5877897460521139
BH_s24_medium,34,25,34.833333333333336,-0.614439070224762,0.4225825670874029
BH_s24_medium,34,26,34.86666666666667,-0.7404430508613586,0.3425388352217396
BH_s24_medium,34,27,34.9,-0.8664470314979553,0.3414166634212826
BH_s24_medium,34,28,34.93333333333333,-0.9924510717391968,0.39206703369003043
BH_s24_medium,34,29,34.96666666666667,-1.0553873777389526,0.45944412613496816
BH_s24_medium,34,30,35.0,-1.118323802947998,0.5134355246572881
BH_s24_medium,34,31,35.03333333333333,-1.181260108947754,0.5370471553037085
BH_s24_medium,34,32,35.06666666666667,-1.1931142807006836,0.5281228303435561
BH_s24_medium,34,33,35.1,-1.2440651655197144,0.49511947090557396
BH_s24_medium,34,34,35.13333333333333,-1.2561819553375244,0.44951313677851357
BH_s24_medium,34,35,35.166666666666664,-1.3068702220916748,0.3987151816002931
BH_s24_medium,34,36,35.2,-1.3192495107650757,0.34315382396435196
BH_s24_medium,34,37,35.233333333333334,-1.1049046516418457,0.27875001942692834
BH_s24_medium,34,38,35.266666666666666,-0.3365117907524109,0.2022766042008259
BH_s24_medium,34,39,35.3,0.5956794023513794,0.1153621504609936
BH_s24_medium,34,40,35.333333333333336,1.4536157846450806,0.025043504715803133
BH_s24_medium,34,41,35.36666666666667,1.8209657669067383,-0.05817215960335437
BH_s24_medium,34,42,35.4,1.7843636274337769,-0.12311621158190587
BH_s24_medium,34,43,35.43333333333333,1.6583596467971802,-0.16088522077470574
BH_s24_medium,34,44,35.46666666666667,1.482848882675171,-0.1674122081288875
BH_s24_medium,34,45,35.5,1.2939084768295288,-0.1449911172220017
BH_s24_medium,34,46,35.53333333333333,0.9295887351036072,-0.10225021243543053
BH_s24_medium,34,47,35.56666666666667,0.6146444082260132,-0.052612306256225934
BH_s24_medium,34,48,35.6,0.39766308665275574,-0.01172380265257967
BH_s24_medium,34,49,35.63333333333333,0.27165907621383667,0.00545076606546008
BH_s24_medium,34,50,35.666666666666664,0.09693612903356552,-0.012826936314938753
BH_s24_medium,34,51,35.7,-0.028936581686139107,-0.0732956120622315
BH_s24_medium,34,52,35.733333333333334,-0.21787694096565247,-0.17662109387280597
BH_s24_medium,34,53,35.766666666666666,-0.4215598702430725,-0.316718523139033
BH_s24_medium,34,54,35.8,-0.61063152551651,-0.48049562127874207
BH_s24_medium,34,55,35.833333333333336,-0.7366355657577515,-0.6487001809949597
BH_s24_medium,34,56,35.86666666666667,-0.8626395463943481,-0.7987920336117181
BH_s24_medium,34,57,35.9,-0.9886435270309448,-0.9096026231087923
BH_s24_medium,34,58,35.93333333333333,-1.0515799522399902,-0.9654491366595911
BH_s24_medium,34,59,35.96666666666667,-1.114516258239746,-0.9572645511580281
BH_s24_medium,34,60,36.0,-1.177452564239502,-0.8814129555802754
BH_s24_medium,34,61,36.03333333333333,-1.1931142807006836,-0.739204622023631
BH_s24_medium,34,62,36.06666666666667,-1.2561819553375244,-0.5383611288895529
BH_s24_medium,34,63,36.1,-1.2561819553375244,-0.29466738286765637
BH_s24_medium,34,64,36.13333333333333,-1.3030627965927124,-0.03163191029230791
BH_s24_medium,34,65,36.166666666666664,-1.3192495107650757,0.22261453826400474
BH_s24_medium,34,66,36.2,-1.3192495107650757,0.4408673995265109
BH_s24_medium,34,67,36.233333333333334,-1.3192495107650757,0.60351300745315
BH_s24_medium,34,68,36.266666666666666,-1.2728939056396484,0.7035750011793793
BH_s24_medium,34,69,36.3,-0.835857093334198,0.7472585655542539
BH_s24_medium,34,70,36.333333333333336,-0.05058329552412033,0.7494169181489704
BH_s24_medium,34,71,36.36666666666667,0.7854829430580139,0.7264455317136213
BH_s24_medium,34,72,36.4,1.2778801918029785,0.6904820803362274
BH_s24_medium,34,73,36.43333333333333,1.3295917510986328,0.6476071667993829
BH_s24_medium,34,74,36.46666666666667,1.2209560871124268,0.5998921433432114
BH_s24_medium,34,75,36.5,1.1403887271881104,0.5487148084270229
BH_s24_medium,34,76,36.53333333333333,0.9867104887962341,0.4964297379746962
BH_s24_medium,34,77,36.56666666666667,0.797770082950592,0.445044531705046
BH_s24_medium,34,78,36.6,0.5457621216773987,0.3927614052457451
BH_s24_medium,34,79,36.63333333333333,0.33866554498672485,0.3309322820585768
BH_s24_medium,34,80,36.666666666666664,0.2574416697025299,0.2443236336188942
BH_s24_medium,34,81,36.7,0.14972516894340515,0.11624146501788311
BH_s24_medium,34,82,36.733333333333334,0.06823872029781342,-0.06253923102576198
BH_s24_medium,34,83,36.766666666666666,-0.03921518847346306,-0.2846529688337885
BH_s24_medium,34,84,36.8,-0.22828684747219086,-0.5215729050326343
BH_s24_medium,34,85,36.833333333333336,-0.3984145224094391,-0.7274474215242588
BH_s24_medium,34,86,36.86666666666667,-0.5433624982833862,-0.8522712410582988
BH_s24_medium,34,87,36.9,-0.6693664789199829,-0.8605851495831779
BH_s24_medium,34,88,36.93333333333333,-0.7323028445243835,-0.7473255769894563
BH_s24_medium,34,89,36.96666666666667,-0.8147083520889282,-0.5424485874735417
BH_s24_medium,34,90,37.0,-0.877776026725769,-0.30210530777325295
BH_s24_medium,34,91,37.03333333333333,-0.9408436417579651,-0.09087797357954933
BH_s24_medium,34,92,37.06666666666667,-0.9840483069419861,0.03847764875712414
BH_s24_medium,34,93,37.1,-1.0039112567901611,0.06221362986338626
BH_s24_medium,34,94,37.13333333333333,-1.066978931427002,-0.005683061215534455
BH_s24_medium,34,95,37.166666666666664,-1.1300466060638428,-0.11777295873232929
BH_s24_medium,34,96,37.2,-1.1300466060638428,-0.21101759184579708
BH_s24_medium,34,97,37.233333333333334,-0.8131992220878601,-0.2321670557187279
BH_s24_medium,34,98,37.266666666666666,-0.18180131912231445,-0.1590886619972058
BH_s24_medium,34,99,37.3,0.5111550688743591,-0.00727355972937208
BH_s24_medium,34,100,37.333333333333336,0.9093590378761292,0.18066944839133206
BH_s24_medium,34,101,37.36666666666667,0.9722304940223694,0.3553207099778549
BH_s24_medium,34,102,37.4,0.8462264537811279,0.4802300977165278
BH_s24_medium,34,103,37.43333333333333,0.7202224731445312,0.5432685220659667
BH_s24_medium,34,104,37.46666666666667,0.5942184329032898,0.5558418932863881
BH_s24_medium,34,105,37.5,0.4051468074321747,0.5412582716677344
BH_s24_medium,34,106,37.53333333333333,0.21607515215873718,0.5186876965230477
BH_s24_medium,34,107,37.56666666666667,0.09007114917039871,0.49133891094379917
BH_s24_medium,34,108,37.6,0.06823872029781342,0.4446306568459692
BH_s24_medium,34,109,37.63333333333333,0.027266090735793114,0.35451955722573303
BH_s24_medium,34,110,37.666666666666664,-0.09873791038990021,0.20146627325478922
BH_s24_medium,34,111,37.7,-0.22474192082881927,-0.01641654277245963
BH_s24_medium,34,112,37.733333333333334,-0.35074591636657715,-0.2766858462183058
BH_s24_medium,34,113,37.766666666666666,-0.4767499268054962,-0.5355210394253961
BH_s24_medium,34,114,37.8,-0.6027539372444153,-0.7402284092446472
BH_s24_medium,34,115,37.833333333333336,-0.728757917881012,-0.8471125049541774
BH_s24_medium,34,116,37.86666666666667,-0.7916942834854126,-0.8366911891075853
BH_s24_medium,34,117,37.9,-0.8147083520889282,-0.7187471492412151
BH_s24_medium,34,118,37.93333333333333,-0.877776026725769,-0.5260612892497518
BH_s24_medium,34,119,37.96666666666667,-0.9408436417579651,-0.3020684145588416
BH_s24_medium,34,120,38.0,-0.9803720712661743,-0.08850064635007344
BH_s24_medium,34,121,38.03333333333333,-1.0039112567901611,0.08374031946967717
BH_s24_medium,34,122,38.06666666666667,-1.066978931427002,0.19941660865648744
BH_s24_medium,34,123,38.1,-1.1061134338378906,0.25929038604209226
BH_s24_medium,34,124,38.13333333333333,-1.1300466060638428,0.27645577773292407
BH_s24_medium,34,125,38.166666666666664,-1.1300466060638428,0.2699894913780116
BH_s24_medium,34,126,38.2,-1.013824701309204,0.2579178143120419
BH_s24_medium,34,127,38.233333333333334,-0.4955263137817383,0.25169065816156655
BH_s24_medium,34,128,38.266666666666666,0.29910704493522644,0.25384496612133045
BH_s24_medium,34,129,38.3,0.9784375429153442,0.2593630407035328
BH_s24_medium,34,130,38.333333333333336,1.3047394752502441,0.2597727805827642
BH_s24_medium,34,131,38.36666666666667,1.2915074825286865,0.24802791525060786
BH_s24_medium,34,132,38.4,1.2285711765289307,0.22216385727249544
BH_s24_medium,34,133,38.43333333333333,1.1403887271881104,0.18645466461146218
BH_s24_medium,34,134,38.46666666666667,1.0019404888153076,0.1498087608976517
BH_s24_medium,34,135,38.5,0.8130001425743103,0.12213218000041952
BH_s24_medium,34,136,38.53333333333333,0.5984198451042175,0.11012504663636545
BH_s24_medium,34,137,38.56666666666667,0.4466446042060852,0.1141438405135749
BH_s24_medium,34,138,38.6,0.3464118540287018,0.12724319472677958
BH_s24_medium,34,139,38.63333333333333,0.28347548842430115,0.1366341582485753
BH_s24_medium,34,140,38.666666666666664,0.15747147798538208,0.1270195891523771
BH_s24_medium,34,141,38.7,0.03146748244762421,0.08484185082005433
BH_s24_medium,34,142,38.733333333333334,-0.1576041728258133,0.002418846783621759
BH_s24_medium,34,143,38.766666666666666,-0.28360816836357117,-0.11890821647996189
BH_s24_medium,34,144,38.8,-0.40961217880249023,-0.2673250243823075
BH_s24_medium,34,145,38.833333333333336,-0.5356161594390869,-0.4213935416677008
BH_s24_medium,34,146,38.86666666666667,-0.5985525250434875,-0.5536081406990758
BH_s24_medium,34,147,38.9,-0.6885730624198914,-0.6364240550211806
BH_s24_medium,34,148,38.93333333333333,-0.7516407370567322,-0.6493952445783346
BH_s24_medium,34,149,38.96666666666667,-0.8147083520889282,-0.5851496820889285
BH_s24_medium,34,150,39.0,-0.877776026725769,-0.4520069025758549
BH_s24_medium,34,151,39.03333333333333,-0.913234293460846,-0.27218647880663016
BH_s24_medium,34,152,39.06666666666667,-0.9408436417579651,-0.07621211112326728
BH_s24_medium,34,153,39.1,-1.0039112567901611,0.10464058601634123
BH_s24_medium,34,154,39.13333333333333,-1.0039112567901611,0.24571741841119452
BH_s24_medium,34,155,39.166666666666664,-1.0388444662094116,0.3342818155775968
BH_s24_medium,34,156,39.2,-1.066978931427002,0.3711526854844004
BH_s24_medium,34,157,39.233333333333334,-0.9976378679275513,0.3679496378224331
BH_s24_medium,34,158,39.266666666666666,-0.5789444446563721,0.34090989156264495
BH_s24_medium,34,159,39.3,0.18295912444591522,0.30396844110391347
BH_s24_medium,34,160,39.333333333333336,0.9676428437232971,0.2643318576584217
BH_s24_medium,34,161,39.36666666666667,1.3978824615478516,0.22247637489010005
BH_s24_medium,34,162,39.4,1.455726981163025,0.17587268247060492
BH_s24_medium,34,163,39.43333333333333,1.358776569366455,0.1236361384615454
BH_s24_medium,34,164,39.46666666666667,1.266524076461792,0.06923454114997309
BH_s24_medium,34,165,39.5,1.169836163520813,0.01996883023526937
BH_s24_medium,34,166,39.53333333333333,0.9472756385803223,-0.016147968014112897
BH_s24_medium,34,167,39.56666666666667,0.758335292339325,-0.03423307477302395
BH_s24_medium,34,168,39.6,0.5395535826683044,-0.03504497639852726
BH_s24_medium,34,169,39.63333333333333,0.4766172468662262,-0.024907858193369957
BH_s24_medium,34,170,39.666666666666664,0.3835769593715668,-0.013093536236510848
BH_s24_medium,34,171,39.7,0.2876768708229065,-0.007951365303426668
BH_s24_medium,34,172,39.733333333333334,0.12897174060344696,-0.013725945257105451
BH_s24_medium,34,173,39.766666666666666,0.0030990231316536665,-0.029619963051689027
BH_s24_medium,34,174,39.8,-0.15340277552604675,-0.05133816608237112
BH_s24_medium,34,175,39.833333333333336,-0.2794067859649658,-0.07396306642944588
BH_s24_medium,34,176,39.86666666666667,-0.4054107964038849,-0.09445412673367333
BH_s24_medium,34,177,39.9,-0.531414806842804,-0.11246974858549279
BH_s24_medium,34,178,39.93333333333333,-0.5943511724472046,-0.12921438254931447
BH_s24_medium,34,179,39.96666666666667,-0.6572874784469604,-0.1451329572917236
BH_s24_medium,34,180,40.0,-0.7202238440513611,-0.15799497064236367
BH_s24_medium,34,181,40.03333333333333,-0.8147083520889282,-0.16275246623290124
BH_s24_medium,34,182,40.06666666666667,-0.8460965752601624,-0.15347079610925551
BH_s24_medium,34,183,40.1,-0.877776026725769,-0.12626043010506227
BH_s24_medium,34,184,40.13333333333333,-0.9089016318321228,-0.081391385542998
BH_s24_medium,34,185,40.166666666666664,-0.9408436417579651,-0.023291164106362054
BH_s24_medium,34,186,40.2,-0.9730482697486877,0.04133289576949365
BH_s24_medium,34,187,40.233333333333334,-0.6917814016342163,0.10586636112605853
BH_s24_medium,34,188,40.266666666666666,-0.06349684298038483,0.16551221536286048
BH_s24_medium,34,189,40.3,0.692527174949646,0.21794203585083877
BH_s24_medium,34,190,40.333333333333336,1.168334722518921,0.2626359600770318
BH_s24_medium,34,191,40.36666666666667,1.266524076461792,0.2989637404007261
BH_s24_medium,34,192,40.4,1.1103135347366333,0.32404045053098424
BH_s24_medium,34,193,40.43333333333333,0.921241819858551,0.33192577909273263
BH_s24_medium,34,194,40.46666666666667,0.7654251456260681,0.31482487485613325
BH_s24_medium,34,195,40.5,0.5764847993850708,0.2655674210513661
BH_s24_medium,34,196,40.53333333333333,0.41709452867507935,0.18015880091066178
BH_s24_medium,34,197,40.56666666666667,0.32050931453704834,0.059633731497792705
BH_s24_medium,34,198,40.6,0.2912217974662781,-0.08892880340614388
BH_s24_medium,34,199,40.63333333333333,0.22828544676303864,-0.252129981489999
BH_s24_medium,34,200,40.666666666666664,0.10228144377470016,-0.4108907226070009
BH_s24_medium,34,201,40.7,0.039345089346170425,-0.5425446266907468
BH_s24_medium,34,202,40.733333333333334,-0.11542125046253204,-0.6247945099912672
BH_s24_medium,34,203,40.766666666666666,-0.27573058009147644,-0.6410749946887362
BH_s24_medium,34,204,40.8,-0.4017345607280731,-0.5856407125736832
BH_s24_medium,34,205,40.833333333333336,-0.5277385711669922,-0.46618748980245656
BH_s24_medium,34,206,40.86666666666667,-0.5906749367713928,-0.3026766814418512
BH_s24_medium,34,207,40.9,-0.6536113023757935,-0.12258182198130346
BH_s24_medium,34,208,40.93333333333333,-0.7165476679801941,0.046001107484132504
BH_s24_medium,34,209,40.96666666666667,-0.7516407370567322,0.1812567474790073
BH_s24_medium,34,210,41.0,-0.8147083520889282,0.2722612714506825
BH_s24_medium,34,211,41.03333333333333,-0.8422890305519104,0.31963363351893564
BH_s24_medium,34,212,41.06666666666667,-0.877776026725769,0.33215042404407025
BH_s24_medium,34,213,41.1,-0.7327540516853333,0.32118762151801805
BH_s24_medium,34,214,41.13333333333333,-0.1470462679862976,0.29606067598069374
BH_s24_medium,34,215,41.166666666666664,0.5729656219482422,0.26272671090314786
BH_s24_medium,34,216,41.2,1.248085618019104,0.22588244288806075
BH_s24_medium,34,217,41.233333333333334,1.5187946557998657,0.1920194468222349
BH_s24_medium,34,218,41.266666666666666,1.4921330213546753,0.17038167097404908
BH_s24_medium,34,219,41.3,1.3661290407180786,0.17029421794970884
BH_s24_medium,34,220,41.333333333333336,1.2401249408721924,0.19591216758723995
BH_s24_medium,34,221,41.36666666666667,1.0247855186462402,0.24135128787364613
BH_s24_medium,34,222,41.4,0.7727775573730469,0.2892309259360975
BH_s24_medium,34,223,41.43333333333333,0.6098423600196838,0.314216458773985
BH_s24_medium,34,224,41.46666666666667,0.48383837938308716,0.2911474923440573
BH_s24_medium,34,225,41.5,0.3835769593715668,0.2053007055743667
BH_s24_medium,34,226,41.53333333333333,0.29489803314208984,0.060739313385879574
BH_s24_medium,34,227,41.56666666666667,0.16889402270317078,-0.11761442326913914
BH_s24_medium,34,228,41.6,0.04289001226425171,-0.29072285431694533
BH_s24_medium,34,229,41.63333333333333,-0.10833140462636948,-0.4191996634599801
BH_s24_medium,34,230,41.666666666666664,-0.27218565344810486,-0.47734893359939695
BH_s24_medium,34,231,41.7,-0.39818963408470154,-0.4601127035617047
BH_s24_medium,34,232,41.733333333333334,-0.4611259996891022,-0.3812023615252975
BH_s24_medium,34,233,41.766666666666666,-0.5624377727508545,-0.2664209548993645
BH_s24_medium,34,234,41.8,-0.6500663757324219,-0.146221463379434
BH_s24_medium,34,235,41.833333333333336,-0.6885730624198914,-0.04870191590718063
BH_s24_medium,34,236,41.86666666666667,-0.7516407370567322,0.006603169562021082
BH_s24_medium,34,237,41.9,-0.8147083520889282,0.012964057971969006
BH_s24_medium,34,238,41.93333333333333,-0.8147083520889282,-0.022522003831586646
BH_s24_medium,34,239,41.96666666666667,-0.877776026725769,-0.08142473588516194
BH_s24_medium,35,0,35.0,-1.118323802947998,-0.022596625182059193
BH_s24_medium,35,1,35.03333333333333,-1.181260108947754,-2.511362056389238
BH_s24_medium,35,2,35.06666666666667,-1.1931142807006836,-4.61207592744075
BH_s24_medium,35,3,35.1,-1.2440651655197144,-6.032527455826012
BH_s24_medium,35,4,35.13333333333333,-1.2561819553375244,-6.643614511807275
BH_s24_medium,35,5,35.166666666666664,-1.3068702220916748,-6.495316339229853
BH_s24_medium,35,6,35.2,-1.3192495107650757,-5.775726854955814
BH_s24_medium,35,7,35.233333333333334,-1.1049046516418457,-4.735894722125652
BH_s24_medium,35,8,35.266666666666666,-0.3365117907524109,-3.6136588314882037
BH_s24_medium,35,9,35.3,0.5956794023513794,-2.581276467805357
BH_s24_medium,35,10,35.333333333333336,1.4536157846450806,-1.7261883435885355
BH_s24_medium,35,11,35.36666666666667,1.8209657669067383,-1.0607179629011783
BH_s24_medium,35,12,35.4,1.7843636274337769,-0.5490577605764354
BH_s24_medium,35,13,35.43333333333333,1.6583596467971802,-0.138394457174189
BH_s24_medium,35,14,35.46666666666667,1.482848882675171,0.21658992127979906
BH_s24_medium,35,15,35.5,1.2939084768295288,0.5415060045482145
BH_s24_medium,35,16,35.53333333333333,0.9295887351036072,0.8416820406777942
BH_s24_medium,35,17,35.56666666666667,0.6146444082260132,1.1082424791591654
BH_s24_medium,35,18,35.6,0.39766308665275574,1.3255966055178938
BH_s24_medium,35,19,35.63333333333333,0.27165907621383667,1.4774408189659263
BH_s24_medium,35,20,35.666666666666664,0.09693612903356552,1.550706566763892
BH_s24_medium,35,21,35.7,-0.028936581686139107,1.5381209670515443
BH_s24_medium,35,22,35.733333333333334,-0.21787694096565247,1.44024033560237
BH_s24_medium,35,23,35.766666666666666,-0.4215598702430725,1.2672328639964552
BH_s24_medium,35,24,35.8,-0.61063152551651,1.039766482180904
BH_s24_medium,35,25,35.833333333333336,-0.7366355657577515,0.7876706556380622
BH_s24_medium,35,26,35.86666666666667,-0.8626395463943481,0.5452299322487764
BH_s24_medium,35,27,35.9,-0.9886435270309448,0.3436289495818199
BH_s24_medium,35,28,35.93333333333333,-1.0515799522399902,0.2035371134295434
BH_s24_medium,35,29,35.96666666666667,-1.114516258239746,0.13146480014761816
BH_s24_medium,35,30,36.0,-1.177452564239502,0.12097941410817925
BH_s24_medium,35,31,36.03333333333333,-1.1931142807006836,0.1568102685756202
BH_s24_medium,35,32,36.06666666666667,-1.2561819553375244,0.21927043147077757
BH_s24_medium,35,33,36.1,-1.2561819553375244,0.2877264823298838
BH_s24_medium,35,34,36.13333333333333,-1.3030627965927124,0.3431281467605943
BH_s24_medium,35,35,36.166666666666664,-1.3192495107650757,0.3702502041591968
BH_s24_medium,35,36,36.2,-1.3192495107650757,0.3602773768959877
BH_s24_medium,35,37,36.233333333333334,-1.3192495107650757,0.3132938111860045
BH_s24_medium,35,38,36.266666666666666,-1.2728939056396484,0.23866006281015226
BH_s24_medium,35,39,36.3,-0.835857093334198,0.15154036450756753
BH_s24_medium,35,40,36.333333333333336,-0.05058329552412033,0.0668710152764611
BH_s24_medium,35,41,36.36666666666667,0.7854829430580139,-0.005477825564025289
BH_s24_medium,35,42,36.4,1.2778801918029785,-0.06173758368362087
BH_s24_medium,35,43,36.43333333333333,1.3295917510986328,-0.10197311858128517
BH_s24_medium,35,44,36.46666666666667,1.2209560871124268,-0.1269546174959923
BH_s24_medium,35,45,36.5,1.1403887271881104,-0.1365340545187032
BH_s24_medium,35,46,36.53333333333333,0.9867104887962341,-0.1305250822341798
BH_s24_medium,35,47,36.56666666666667,0.797770082950592,-0.11146583861471003
BH_s24_medium,35,48,36.6,0.5457621216773987,-0.0875724508566822
BH_s24_medium,35,49,36.63333333333333,0.33866554498672485,-0.07386321232337484
BH_s24_medium,35,50,36.666666666666664,0.2574416697025299,-0.08982490229505051
BH_s24_medium,35,51,36.7,0.14972516894340515,-0.1532753873109246
BH_s24_medium,35,52,36.733333333333334,0.06823872029781342,-0.2720572522174968
BH_s24_medium,35,53,36.766666666666666,-0.03921518847346306,-0.43685105359921217
BH_s24_medium,35,54,36.8,-0.22828684747219086,-0.6187260734831004
BH_s24_medium,35,55,36.833333333333336,-0.3984145224094391,-0.7739665150752866
BH_s24_medium,35,56,36.86666666666667,-0.5433624982833862,-0.8564271652773642
BH_s24_medium,35,57,36.9,-0.6693664789199829,-0.8340646835749882
BH_s24_medium,35,58,36.93333333333333,-0.7323028445243835,-0.7026002881930706
BH_s24_medium,35,59,36.96666666666667,-0.8147083520889282,-0.4892002224907743
BH_s24_medium,35,60,37.0,-0.877776026725769,-0.24419231607632283
BH_s24_medium,35,61,37.03333333333333,-0.9408436417579651,-0.024760686975200317
BH_s24_medium,35,62,37.06666666666667,-0.9840483069419861,0.12330743110018547
BH_s24_medium,35,63,37.1,-1.0039112567901611,0.18034873394333756
BH_s24_medium,35,64,37.13333333333333,-1.066978931427002,0.15930328686939504
BH_s24_medium,35,65,37.166666666666664,-1.1300466060638428,0.10064940499047587
BH_s24_medium,35,66,37.2,-1.1300466060638428,0.05607309711746538
BH_s24_medium,35,67,37.233333333333334,-0.8131992220878601,0.0665779374685916
BH_s24_medium,35,68,37.266666666666666,-0.18180131912231445,0.1452621922259718
BH_s24_medium,35,69,37.3,0.5111550688743591,0.27383146579039325
BH_s24_medium,35,70,37.333333333333336,0.9093590378761292,0.4138519567178105
BH_s24_medium,35,71,37.36666666666667,0.9722304940223694,0.5254234340219767
BH_s24_medium,35,72,37.4,0.8462264537811279,0.5839167264519116
BH_s24_medium,35,73,37.43333333333333,0.7202224731445312,0.5882696198772208
BH_s24_medium,35,74,37.46666666666667,0.5942184329032898,0.5580665531680423
BH_s24_medium,35,75,37.5,0.4051468074321747,0.5208452812886322
BH_s24_medium,35,76,37.53333333333333,0.21607515215873718,0.4958028511413546
BH_s24_medium,35,77,37.56666666666667,0.09007114917039871,0.4822893998319806
BH_s24_medium,35,78,37.6,0.06823872029781342,0.4588352228309355
BH_s24_medium,35,79,37.63333333333333,0.027266090735793114,0.39294198464211355
BH_s24_medium,35,80,37.666666666666664,-0.09873791038990021,0.25704297812408133
BH_s24_medium,35,81,37.7,-0.22474192082881927,0.043759593398148076
BH_s24_medium,35,82,37.733333333333334,-0.35074591636657715,-0.22592666341458367
BH_s24_medium,35,83,37.766666666666666,-0.4767499268054962,-0.5054745831076938
BH_s24_medium,35,84,37.8,-0.6027539372444153,-0.73673467004127
BH_s24_medium,35,85,37.833333333333336,-0.728757917881012,-0.8703540907387701
BH_s24_medium,35,86,37.86666666666667,-0.7916942834854126,-0.8834310474284085
BH_s24_medium,35,87,37.9,-0.8147083520889282,-0.7856511017167608
BH_s24_medium,35,88,37.93333333333333,-0.877776026725769,-0.6121897106735904
BH_s24_medium,35,89,37.96666666666667,-0.9408436417579651,-0.4091473045563886
BH_s24_medium,35,90,38.0,-0.9803720712661743,-0.21890286828281655
BH_s24_medium,35,91,38.03333333333333,-1.0039112567901611,-0.06988120539423234
BH_s24_medium,35,92,38.06666666666667,-1.066978931427002,0.02783894903453724
BH_s24_medium,35,93,38.1,-1.1061134338378906,0.08132426560457572
BH_s24_medium,35,94,38.13333333333333,-1.1300466060638428,0.10901437629933093
BH_s24_medium,35,95,38.166666666666664,-1.1300466060638428,0.13215577452348232
BH_s24_medium,35,96,38.2,-1.013824701309204,0.1662468770110672
BH_s24_medium,35,97,38.233333333333334,-0.4955263137817383,0.2156000642641109
BH_s24_medium,35,98,38.266666666666666,0.29910704493522644,0.2728537634029852
BH_s24_medium,35,99,38.3,0.9784375429153442,0.3231569783494898
BH_s24_medium,35,100,38.333333333333336,1.3047394752502441,0.3510449327031547
BH_s24_medium,35,101,38.36666666666667,1.2915074825286865,0.34723237776129645
BH_s24_medium,35,102,38.4,1.2285711765289307,0.3127020954892034
BH_s24_medium,35,103,38.43333333333333,1.1403887271881104,0.25853316842821744
BH_s24_medium,35,104,38.46666666666667,1.0019404888153076,0.20162647140131287
BH_s24_medium,35,105,38.5,0.8130001425743103,0.15816734968012724
BH_s24_medium,35,106,38.53333333333333,0.5984198451042175,0.13755759414392885
BH_s24_medium,35,107,38.56666666666667,0.4466446042060852,0.1391772849443946
BH_s24_medium,35,108,38.6,0.3464118540287018,0.15287679894158976
BH_s24_medium,35,109,38.63333333333333,0.28347548842430115,0.1625346651707012
BH_s24_medium,35,110,38.666666666666664,0.15747147798538208,0.15121556720246893
BH_s24_medium,35,111,38.7,0.03146748244762421,0.10632631553000454
BH_s24_medium,35,112,38.733333333333334,-0.1576041728258133,0.023302536129105152
BH_s24_medium,35,113,38.766666666666666,-0.28360816836357117,-0.09317198442966923
BH_s24_medium,35,114,38.8,-0.40961217880249023,-0.230507931703797
BH_s24_medium,35,115,38.833333333333336,-0.5356161594390869,-0.37121605196893376
BH_s24_medium,35,116,38.86666666666667,-0.5985525250434875,-0.496142356794412
BH_s24_medium,35,117,38.9,-0.6885730624198914,-0.5868426349379327
BH_s24_medium,35,118,38.93333333333333,-0.7516407370567322,-0.6271333850197807
BH_s24_medium,35,119,38.96666666666667,-0.8147083520889282,-0.6049582723029044
BH_s24_medium,35,120,39.0,-0.877776026725769,-0.5157263754623553
BH_s24_medium,35,121,39.03333333333333,-0.913234293460846,-0.3665032936105185
BH_s24_medium,35,122,39.06666666666667,-0.9408436417579651,-0.17785817691120104
BH_s24_medium,35,123,39.1,-1.0039112567901611,0.01989005653569365
BH_s24_medium,35,124,39.13333333333333,-1.0039112567901611,0.19538984692151656
BH_s24_medium,35,125,39.166666666666664,-1.0388444662094116,0.325392448794282
BH_s24_medium,35,126,39.2,-1.066978931427002,0.39988436189551174
BH_s24_medium,35,127,39.233333333333334,-0.9976378679275513,0.4217685103973748
BH_s24_medium,35,128,39.266666666666666,-0.5789444446563721,0.402360270248249
BH_s24_medium,35,129,39.3,0.18295912444591522,0.35539134700761327
BH_s24_medium,35,130,39.333333333333336,0.9676428437232971,0.2924496518882806
BH_s24_medium,35,131,39.36666666666667,1.3978824615478516,0.2216331373262665
BH_s24_medium,35,132,39.4,1.455726981163025,0.14898775713665735
BH_s24_medium,35,133,39.43333333333333,1.358776569366455,0.08057413153907325
BH_s24_medium,35,134,39.46666666666667,1.266524076461792,0.023062392531716467
BH_s24_medium,35,135,39.5,1.169836163520813,-0.017729809333352282
BH_s24_medium,35,136,39.53333333333333,0.9472756385803223,-0.03923258614712777
BH_s24_medium,35,137,39.56666666666667,0.758335292339325,-0.04362907688439044
BH_s24_medium,35,138,39.6,0.5395535826683044,-0.03735496368961396
BH_s24_medium,35,139,39.63333333333333,0.4766172468662262,-0.028765617323405133
BH_s24_medium,35,140,39.666666666666664,0.3835769593715668,-0.02499794962825513
BH_s24_medium,35,141,39.7,0.2876768708229065,-0.02933389873007
BH_s24_medium,35,142,39.733333333333334,0.12897174060344696,-0.04026236980625451
BH_s24_medium,35,143,39.766666666666666,0.0030990231316536665,-0.052779795187905744
BH_s24_medium,35,144,39.8,-0.15340277552604675,-0.061316321682438515
BH_s24_medium,35,145,39.833333333333336,-0.2794067859649658,-0.06278132411669006
BH_s24_medium,35,146,39.86666666666667,-0.4054107964038849,-0.058247999648383876
BH_s24_medium,35,147,39.9,-0.531414806842804,-0.05252349147192778
BH_s24_medium,35,148,39.93333333333333,-0.5943511724472046,-0.051740421128802914
BH_s24_medium,35,149,39.96666666666667,-0.6572874784469604,-0.059949991764470814
BH_s24_medium,35,150,40.0,-0.7202238440513611,-0.0763252716529175
BH_s24_medium,35,151,40.03333333333333,-0.8147083520889282,-0.09455512810123534
BH_s24_medium,35,152,40.06666666666667,-0.8460965752601624,-0.1050540576458268
BH_s24_medium,35,153,40.1,-0.877776026725769,-0.09905585695566589
BH_s24_medium,35,154,40.13333333333333,-0.9089016318321228,-0.07237272188470961
BH_s24_medium,35,155,40.166666666666664,-0.9408436417579651,-0.026733743495413947
BH_s24_medium,35,156,40.2,-0.9730482697486877,0.031635085041684295
BH_s24_medium,35,157,40.233333333333334,-0.6917814016342163,0.09479511367670537
BH_s24_medium,35,158,40.266666666666666,-0.06349684298038483,0.15560295690353876
BH_s24_medium,35,159,40.3,0.692527174949646,0.20894396786465455
BH_s24_medium,35,160,40.333333333333336,1.168334722518921,0.2512177561373249
BH_s24_medium,35,161,40.36666666666667,1.266524076461792,0.2783679523775844
BH_s24_medium,35,162,40.4,1.1103135347366333,0.2840070346654882
BH_s24_medium,35,163,40.43333333333333,0.921241819858551,0.25964009438167523
BH_s24_medium,35,164,40.46666666666667,0.7654251456260681,0.19764677920504184
BH_s24_medium,35,165,40.5,0.5764847993850708,0.09563640639523704
BH_s24_medium,35,166,40.53333333333333,0.41709452867507935,-0.04023976592282069
BH_s24_medium,35,167,40.56666666666667,0.32050931453704834,-0.19485215589461155
BH_s24_medium,35,168,40.6,0.2912217974662781,-0.34671275180657635
BH_s24_medium,35,169,40.63333333333333,0.22828544676303864,-0.47240208792709176
BH_s24_medium,35,170,40.666666666666664,0.10228144377470016,-0.5512797873085625
BH_s24_medium,35,171,40.7,0.039345089346170425,-0.5694674665012497
BH_s24_medium,35,172,40.733333333333334,-0.11542125046253204,-0.5225803841377806
BH_s24_medium,35,173,40.766666666666666,-0.27573058009147644,-0.41689689369305505
BH_s24_medium,35,174,40.8,-0.4017345607280731,-0.2687025823526755
BH_s24_medium,35,175,40.833333333333336,-0.5277385711669922,-0.10153233913532976
BH_s24_medium,35,176,40.86666666666667,-0.5906749367713928,0.05878469009710465
BH_s24_medium,35,177,40.9,-0.6536113023757935,0.19050129954384679
BH_s24_medium,35,178,40.93333333333333,-0.7165476679801941,0.28157646334484776
BH_s24_medium,35,179,40.96666666666667,-0.7516407370567322,0.3318879337454816
BH_s24_medium,35,180,41.0,-0.8147083520889282,0.350818351515693
BH_s24_medium,35,181,41.03333333333333,-0.8422890305519104,0.3514074989952178
BH_s24_medium,35,182,41.06666666666667,-0.877776026725769,0.34396303626642316
BH_s24_medium,35,183,41.1,-0.7327540516853333,0.3321968310599434
BH_s24_medium,35,184,41.13333333333333,-0.1470462679862976,0.3136370442518364
BH_s24_medium,35,185,41.166666666666664,0.5729656219482422,0.283858063076405
BH_s24_medium,35,186,41.2,1.248085618019104,0.24198354723732465
BH_s24_medium,35,187,41.233333333333334,1.5187946557998657,0.1941027984886397
BH_s24_medium,35,188,41.266666666666666,1.4921330213546753,0.15228073945660647
BH_s24_medium,35,189,41.3,1.3661290407180786,0.12920607746512372
BH_s24_medium,35,190,41.333333333333336,1.2401249408721924,0.13096237641641323
BH_s24_medium,35,191,41.36666666666667,1.0247855186462402,0.15158741588610877
BH_s24_medium,35,192,41.4,0.7727775573730469,0.1723736105343327
BH_s24_medium,35,193,41.43333333333333,0.6098423600196838,0.1668822704596595
BH_s24_medium,35,194,41.46666666666667,0.48383837938308716,0.11043852920051045
BH_s24_medium,35,195,41.5,0.3835769593715668,-0.009021703576306498
BH_s24_medium,35,196,41.53333333333333,0.29489803314208984,-0.1830764404717944
BH_s24_medium,35,197,41.56666666666667,0.16889402270317078,-0.38209118527045516
BH_s24_medium,35,198,41.6,0.04289001226425171,-0.5636407673629177
BH_s24_medium,35,199,41.63333333333333,-0.10833140462636948,-0.6875182175663294
BH_s24_medium,35,200,41.666666666666664,-0.27218565344810486,-0.7298054706004619
BH_s24_medium,35,201,41.7,-0.39818963408470154,-0.6884342524240604
BH_s24_medium,35,202,41.733333333333334,-0.4611259996891022,-0.579356750779553
BH_s24_medium,35,203,41.766666666666666,-0.5624377727508545,-0.42866506073533334
BH_s24_medium,35,204,41.8,-0.6500663757324219,-0.26531711314006934
BH_s24_medium,35,205,41.833333333333336,-0.6885730624198914,-0.11533646066949338
BH_s24_medium,35,206,41.86666666666667,-0.7516407370567322,0.0026897360339738
BH_s24_medium,35,207,41.9,-0.8147083520889282,0.08027313124934
BH_s24_medium,35,208,41.93333333333333,-0.8147083520889282,0.11969131311101189
BH_s24_medium,35,209,41.96666666666667,-0.877776026725769,0.13294892324695742
BH_s24_medium,35,210,42.0,-0.877776026725769,0.13847758092332685
BH_s24_medium,35,211,42.03333333333333,-0.7437826991081238,0.15498606489814973
BH_s24_medium,35,212,42.06666666666667,-0.2321712225675583,0.19422018513428285
BH_s24_medium,35,213,42.1,0.5706114172935486,0.2563760882921626
BH_s24_medium,35,214,42.13333333333333,1.3827641010284424,0.33069226024305515
BH_s24_medium,35,215,42.166666666666664,1.8172986507415771,0.4007085246202158
BH_s24_medium,35,216,42.2,1.8742151260375977,0.451544679032612
BH_s24_medium,35,217,42.233333333333334,1.7710652351379395,0.47597574643304674
BH_s24_medium,35,218,42.266666666666666,1.6852747201919556,0.4766336434310766
BH_s24_medium,35,219,42.3,1.47361159324646,0.4632006091145074
BH_s24_medium,35,220,42.333333333333336,1.221603512763977,0.44569207099459185
BH_s24_medium,35,221,42.36666666666667,0.9695955514907837,0.4269641633017657
BH_s24_medium,35,222,42.4,0.7397851943969727,0.3983921241734749
BH_s24_medium,35,223,42.43333333333333,0.613781213760376,0.34164337050925353
BH_s24_medium,35,224,42.46666666666667,0.4877771735191345,0.23680214018453322
BH_s24_medium,35,225,42.5,0.3399693965911865,0.0739319726575377
BH_s24_medium,35,226,42.53333333333333,0.15102903544902802,-0.13706828783857322
BH_s24_medium,35,227,42.56666666666667,0.025156324729323387,-0.3637600978252806
BH_s24_medium,35,228,42.6,-0.14237412810325623,-0.5588348247522986
BH_s24_medium,35,229,42.63333333333333,-0.3314457833766937,-0.6763908117701438
BH_s24_medium,35,230,42.666666666666664,-0.4574497938156128,-0.6892663886707007
BH_s24_medium,35,231,42.7,-0.5203861594200134,-0.5984669303988368
BH_s24_medium,35,232,42.733333333333334,-0.6255053877830505,-0.4311233735815201
BH_s24_medium,35,233,42.766666666666666,-0.6885730624198914,-0.23035569333973221
BH_s24_medium,35,234,42.8,-0.7516407370567322,-0.04283113145466292
BH_s24_medium,35,235,42.833333333333336,-0.8147083520889282,0.09197265390997986
BH_s24_medium,35,236,42.86666666666667,-0.8350679278373718,0.14934523665062804
BH_s24_medium,35,237,42.9,-0.877776026725769,0.12359071631395904
BH_s24_medium,35,238,42.93333333333333,-0.877776026725769,0.028635132990548012
BH_s24_medium,35,239,42.96666666666667,-0.9408436417579651,-0.10547959759386036
BH_s24_medium,36,0,36.0,-1.177452564239502,-0.034825858578293914
BH_s24_medium,36,1,36.03333333333333,-1.1931142807006836,-2.774396787752164
BH_s24_medium,36,2,36.06666666666667,-1.2561819553375244,-5.083819184084341
BH_s24_medium,36,3,36.1,-1.2561819553375244,-6.636204332305556
BH_s24_medium,36,4,36.13333333333333,-1.3030627965927124,-7.282441926829376
BH_s24_medium,36,5,36.166666666666664,-1.3192495107650757,-7.072264806426637
BH_s24_medium,36,6,36.2,-1.3192495107650757,-6.214003455544085
BH_s24_medium,36,7,36.233333333333334,-1.3192495107650757,-4.994440327064593
BH_s24_medium,36,8,36.266666666666666,-1.2728939056396484,-3.6929745372289746
BH_s24_medium,36,9,36.3,-0.835857093334198,-2.518048013291856
BH_s24_medium,36,10,36.333333333333336,-0.05058329552412033,-1.5788345079329025
BH_s24_medium,36,11,36.36666666666667,0.7854829430580139,-0.8907172627431515
BH_s24_medium,36,12,36.4,1.2778801918029785,-0.4040621083666022
BH_s24_medium,36,13,36.43333333333333,1.3295917510986328,-0.04229780025895544
BH_s24_medium,36,14,36.46666666666667,1.2209560871124268,0.2643376674244203
BH_s24_medium,36,15,36.5,1.1403887271881104,0.5587868824006362
BH_s24_medium,36,16,36.53333333333333,0.9867104887962341,0.8528700267191762
BH_s24_medium,36,17,36.56666666666667,0.797770082950592,1.1340398958427018
BH_s24_medium,36,18,36.6,0.5457621216773987,1.376349453177857
BH_s24_medium,36,19,36.63333333333333,0.33866554498672485,1.5506841002108946
BH_s24_medium,36,20,36.666666666666664,0.2574416697025299,1.6326510080881027
BH_s24_medium,36,21,36.7,0.14972516894340515,1.6087300981641315
BH_s24_medium,36,22,36.733333333333334,0.06823872029781342,1.4812226733670864
BH_s24_medium,36,23,36.766666666666666,-0.03921518847346306,1.2711412662187735
BH_s24_medium,36,24,36.8,-0.22828684747219086,1.0171687881828253
BH_s24_medium,36,25,36.833333333333336,-0.3984145224094391,0.7689972764814565
BH_s24_medium,36,26,36.86666666666667,-0.5433624982833862,0.5749531945752204
BH_s24_medium,36,27,36.9,-0.6693664789199829,0.4669038788490185
BH_s24_medium,36,28,36.93333333333333,-0.7323028445243835,0.4486656947581833
BH_s24_medium,36,29,36.96666666666667,-0.8147083520889282,0.4940335667722394
BH_s24_medium,36,30,37.0,-0.877776026725769,0.5557783180195027
BH_s24_medium,36,31,37.03333333333333,-0.9408436417579651,0.5817684117559203
BH_s24_medium,36,32,37.06666666666667,-0.9840483069419861,0.532851237244894
BH_s24_medium,36,33,37.1,-1.0039112567901611,0.39755767934753583
BH_s24_medium,36,34,37.13333333333333,-1.066978931427002,0.1984812817644011
BH_s24_medium,36,35,37.166666666666664,-1.1300466060638428,-0.013968244908256943
BH_s24_medium,36,36,37.2,-1.1300466060638428,-0.18043811295654616
BH_s24_medium,36,37,37.233333333333334,-0.8131992220878601,-0.2574091333364086
BH_s24_medium,36,38,37.266666666666666,-0.18180131912231445,-0.23600023887873917
BH_s24_medium,36,39,37.3,0.5111550688743591,-0.14453669930515523
BH_s24_medium,36,40,37.333333333333336,0.9093590378761292,-0.03389371249308647
BH_s24_medium,36,41,37.36666666666667,0.9722304940223694,0.04579339226250901
BH_s24_medium,36,42,37.4,0.8462264537811279,0.06580545436241994
BH_s24_medium,36,43,37.43333333333333,0.7202224731445312,0.02873180868876676
BH_s24_medium,36,44,37.46666666666667,0.5942184329032898,-0.03593602280117468
BH_s24_medium,36,45,37.5,0.4051468074321747,-0.08851723000938375
BH_s24_medium,36,46,37.53333333333333,0.21607515215873718,-0.10030818829557689
BH_s24_medium,36,47,37.56666666666667,0.09007114917039871,-0.06881892990855105
BH_s24_medium,36,48,37.6,0.06823872029781342,-0.020061703394729433
BH_s24_medium,36,49,37.63333333333333,0.027266090735793114,0.0025110892512284107
BH_s24_medium,36,50,37.666666666666664,-0.09873791038990021,-0.04277877244255342
BH_s24_medium,36,51,37.7,-0.22474192082881927,-0.17645861658567918
BH_s24_medium,36,52,37.733333333333334,-0.35074591636657715,-0.3862474334200461
BH_s24_medium,36,53,37.766666666666666,-0.4767499268054962,-0.6282528364675083
BH_s24_medium,36,54,37.8,-0.6027539372444153,-0.8413500504876753
BH_s24_medium,36,55,37.833333333333336,-0.728757917881012,-0.9692008682731158
BH_s24_medium,36,56,37.86666666666667,-0.7916942834854126,-0.9798441000169089
BH_s24_medium,36,57,37.9,-0.8147083520889282,-0.873767451463639
BH_s24_medium,36,58,37.93333333333333,-0.877776026725769,-0.6787202952900713
BH_s24_medium,36,59,37.96666666666667,-0.9408436417579651,-0.4368988355421781
BH_s24_medium,36,60,38.0,-0.9803720712661743,-0.19150476415367057
BH_s24_medium,36,61,38.03333333333333,-1.0039112567901611,0.023300428520464676
BH_s24_medium,36,62,38.06666666666667,-1.066978931427002,0.18788571175985844
BH_s24_medium,36,63,38.1,-1.1061134338378906,0.2982724436561813
BH_s24_medium,36,64,38.13333333333333,-1.1300466060638428,0.3635286580929906
BH_s24_medium,36,65,38.166666666666664,-1.1300466060638428,0.40031227470768543
BH_s24_medium,36,66,38.2,-1.013824701309204,0.42587756286569234
BH_s24_medium,36,67,38.233333333333334,-0.4955263137817383,0.4515132107866559
BH_s24_medium,36,68,38.266666666666666,0.29910704493522644,0.4787748364071204
BH_s24_medium,36,69,38.3,0.9784375429153442,0.5002028868824994
BH_s24_medium,36,70,38.333333333333336,1.3047394752502441,0.5042656687652946
BH_s24_medium,36,71,38.36666666666667,1.2915074825286865,0.48214945852559354
BH_s24_medium,36,72,38.4,1.2285711765289307,0.4331115990445357
BH_s24_medium,36,73,38.43333333333333,1.1403887271881104,0.3658775066584535
BH_s24_medium,36,74,38.46666666666667,1.0019404888153076,0.29553608063953524
BH_s24_medium,36,75,38.5,0.8130001425743103,0.2374841679292459
BH_s24_medium,36,76,38.53333333333333,0.5984198451042175,0.20113598129856322
BH_s24_medium,36,77,38.56666666666667,0.4466446042060852,0.18595011939787742
BH_s24_medium,36,78,38.6,0.3464118540287018,0.1811242459328509
BH_s24_medium,36,79,38.63333333333333,0.28347548842430115,0.16885793175146296
BH_s24_medium,36,80,38.666666666666664,0.15747147798538208,0.13005542200646458
BH_s24_medium,36,81,38.7,0.03146748244762421,0.05074548977475051
BH_s24_medium,36,82,38.733333333333334,-0.1576041728258133,-0.07278704521785156
BH_s24_medium,36,83,38.766666666666666,-0.28360816836357117,-0.23185133610746617
BH_s24_medium,36,84,38.8,-0.40961217880249023,-0.4068037215629727
BH_s24_medium,36,85,38.833333333333336,-0.5356161594390869,-0.5713805837766658
BH_s24_medium,36,86,38.86666666666667,-0.5985525250434875,-0.6983020616055325
BH_s24_medium,36,87,38.9,-0.6885730624198914,-0.7645917823890954
BH_s24_medium,36,88,38.93333333333333,-0.7516407370567322,-0.7558661448123327
BH_s24_medium,36,89,38.96666666666667,-0.8147083520889282,-0.6693982179354759
BH_s24_medium,36,90,39.0,-0.877776026725769,-0.5154302477231982
BH_s24_medium,36,91,39.03333333333333,-0.913234293460846,-0.3157840772327389
BH_s24_medium,36,92,39.06666666666667,-0.9408436417579651,-0.09932588518924722
BH_s24_medium,36,93,39.1,-1.0039112567901611,0.10475491784249487
BH_s24_medium,36,94,39.13333333333333,-1.0039112567901611,0.2734958555403214
BH_s24_medium,36,95,39.166666666666664,-1.0388444662094116,0.39400418165623696
BH_s24_medium,36,96,39.2,-1.066978931427002,0.46351518152148974
BH_s24_medium,36,97,39.233333333333334,-0.9976378679275513,0.48650363538517155
BH_s24_medium,36,98,39.266666666666666,-0.5789444446563721,0.4706904061104518
BH_s24_medium,36,99,39.3,0.18295912444591522,0.42379816155233885
BH_s24_medium,36,100,39.333333333333336,0.9676428437232971,0.35235932499941347
BH_s24_medium,36,101,39.36666666666667,1.3978824615478516,0.26277231590454386
BH_s24_medium,36,102,39.4,1.455726981163025,0.16335622529526034
BH_s24_medium,36,103,39.43333333333333,1.358776569366455,0.06538184314713187
BH_s24_medium,36,104,39.46666666666667,1.266524076461792,-0.01827846465288979
BH_s24_medium,36,105,39.5,1.169836163520813,-0.07661167349992277
BH_s24_medium,36,106,39.53333333333333,0.9472756385803223,-0.10429594658068778
BH_s24_medium,36,107,39.56666666666667,0.758335292339325,-0.10379490191464157
BH_s24_medium,36,108,39.6,0.5395535826683044,-0.08455001030160982
BH_s24_medium,36,109,39.63333333333333,0.4766172468662262,-0.05955963571776447
BH_s24_medium,36,110,39.666666666666664,0.3835769593715668,-0.04067519474838997
BH_s24_medium,36,111,39.7,0.2876768708229065,-0.034445962353507054
BH_s24_medium,36,112,39.733333333333334,0.12897174060344696,-0.04035457068037879
BH_s24_medium,36,113,39.766666666666666,0.0030990231316536665,-0.05239380532471517
BH_s24_medium,36,114,39.8,-0.15340277552604675,-0.06316007193714225
BH_s24_medium,36,115,39.833333333333336,-0.2794067859649658,-0.06819308279001414
BH_s24_medium,36,116,39.86666666666667,-0.4054107964038849,-0.06829682326725492
BH_s24_medium,36,117,39.9,-0.531414806842804,-0.06878876146042227
BH_s24_medium,36,118,39.93333333333333,-0.5943511724472046,-0.07614631351818535
BH_s24_medium,36,119,39.96666666666667,-0.6572874784469604,-0.09373027193669976
BH_s24_medium,36,120,40.0,-0.7202238440513611,-0.11877072360774182
BH_s24_medium,36,121,40.03333333333333,-0.8147083520889282,-0.14230294337077257
BH_s24_medium,36,122,40.06666666666667,-0.8460965752601624,-0.1523101655334302
BH_s24_medium,36,123,40.1,-0.877776026725769,-0.13860167360710743
BH_s24_medium,36,124,40.13333333333333,-0.9089016318321228,-0.09689247162498411
BH_s24_medium,36,125,40.166666666666664,-0.9408436417579651,-0.030071721705924124
BH_s24_medium,36,126,40.2,-0.9730482697486877,0.05338970004730655
BH_s24_medium,36,127,40.233333333333334,-0.6917814016342163,0.14235988153417817
BH_s24_medium,36,128,40.266666666666666,-0.06349684298038483,0.2258939322852444
BH_s24_medium,36,129,40.3,0.692527174949646,0.29534664054035836
BH_s24_medium,36,130,40.333333333333336,1.168334722518921,0.3451487126249613
BH_s24_medium,36,131,40.36666666666667,1.266524076461792,0.37186353480646706
BH_s24_medium,36,132,40.4,1.1103135347366333,0.372345230434241
BH_s24_medium,36,133,40.43333333333333,0.921241819858551,0.3426997455150071
BH_s24_medium,36,134,40.46666666666667,0.7654251456260681,0.2790164411353965
BH_s24_medium,36,135,40.5,0.5764847993850708,0.1793951627076961
BH_s24_medium,36,136,40.53333333333333,0.41709452867507935,0.04611194395501353
BH_s24_medium,36,137,40.56666666666667,0.32050931453704834,-0.1129818748307402
BH_s24_medium,36,138,40.6,0.2912217974662781,-0.28415567409913384
BH_s24_medium,36,139,40.63333333333333,0.22828544676303864,-0.4485795871736431
BH_s24_medium,36,140,40.666666666666664,0.10228144377470016,-0.5842542559568811
BH_s24_medium,36,141,40.7,0.039345089346170425,-0.6692905369037477
BH_s24_medium,36,142,40.733333333333334,-0.11542125046253204,-0.6864575962871615
BH_s24_medium,36,143,40.766666666666666,-0.27573058009147644,-0.6281090432301868
BH_s24_medium,36,144,40.8,-0.4017345607280731,-0.49968102103431633
BH_s24_medium,36,145,40.833333333333336,-0.5277385711669922,-0.3198234340875934
BH_s24_medium,36,146,40.86666666666667,-0.5906749367713928,-0.1163929153523533
BH_s24_medium,36,147,40.9,-0.6536113023757935,0.08058639524307211
BH_s24_medium,36,148,40.93333333333333,-0.7165476679801941,0.2464081405710894
BH_s24_medium,36,149,40.96666666666667,-0.7516407370567322,0.36678323766176923
BH_s24_medium,36,150,41.0,-0.8147083520889282,0.4388787405136844
BH_s24_medium,36,151,41.03333333333333,-0.8422890305519104,0.4684975817547413
BH_s24_medium,36,152,41.06666666666667,-0.877776026725769,0.46521098137207195
BH_s24_medium,36,153,41.1,-0.7327540516853333,0.43793967227912994
BH_s24_medium,36,154,41.13333333333333,-0.1470462679862976,0.3929969075877102
BH_s24_medium,36,155,41.166666666666664,0.5729656219482422,0.3351066119850033
BH_s24_medium,36,156,41.2,1.248085618019104,0.2700582632088535
BH_s24_medium,36,157,41.233333333333334,1.5187946557998657,0.2065962018704545
BH_s24_medium,36,158,41.266666666666666,1.4921330213546753,0.15562860030216885
BH_s24_medium,36,159,41.3,1.3661290407180786,0.12652787416904065
BH_s24_medium,36,160,41.333333333333336,1.2401249408721924,0.12215040529237356
BH_s24_medium,36,161,41.36666666666667,1.0247855186462402,0.13518862936097703
BH_s24_medium,36,162,41.4,0.7727775573730469,0.14808180112623615
BH_s24_medium,36,163,41.43333333333333,0.6098423600196838,0.13735332271276945
BH_s24_medium,36,164,41.46666666666667,0.48383837938308716,0.08159688342671458
BH_s24_medium,36,165,41.5,0.3835769593715668,-0.029288260998520894
BH_s24_medium,36,166,41.53333333333333,0.29489803314208984,-0.18727066084681684
BH_s24_medium,36,167,41.56666666666667,0.16889402270317078,-0.36557128775262404
BH_s24_medium,36,168,41.6,0.04289001226425171,-0.5262562483453022
BH_s24_medium,36,169,41.63333333333333,-0.10833140462636948,-0.6338539422675941
BH_s24_medium,36,170,41.666666666666664,-0.27218565344810486,-0.6681071925603582
BH_s24_medium,36,171,41.7,-0.39818963408470154,-0.6287713833857714
BH_s24_medium,36,172,41.733333333333334,-0.4611259996891022,-0.5315099409729881
BH_s24_medium,36,173,41.766666666666666,-0.5624377727508545,-0.3998720949750456
BH_s24_medium,36,174,41.8,-0.6500663757324219,-0.2580498220517209
BH_s24_medium,36,175,41.833333333333336,-0.6885730624198914,-0.12576346597699953
BH_s24_medium,36,176,41.86666666666667,-0.7516407370567322,-0.015363992804054448
BH_s24_medium,36,177,41.9,-0.8147083520889282,0.06871599893186774
BH_s24_medium,36,178,41.93333333333333,-0.8147083520889282,0.12891965001682446
BH_s24_medium,36,179,41.96666666666667,-0.877776026725769,0.17310235929751064
BH_s24_medium,36,180,42.0,-0.877776026725769,0.21240045214143236
BH_s24_medium,36,181,42.03333333333333,-0.7437826991081238,0.2573584730798058
BH_s24_medium,36,182,42.06666666666667,-0.2321712225675583,0.313037401098907
BH_s24_medium,36,183,42.1,0.5706114172935486,0.37585972867651546
BH_s24_medium,36,184,42.13333333333333,1.3827641010284424,0.4343698304477608
BH_s24_medium,36,185,42.166666666666664,1.8172986507415771,0.4737630202499084
BH_s24_medium,36,186,42.2,1.8742151260375977,0.48217069086275083
BH_s24_medium,36,187,42.233333333333334,1.7710652351379395,0.45593987925671076
BH_s24_medium,36,188,42.266666666666666,1.6852747201919556,0.40137468884797106
BH_s24_medium,36,189,42.3,1.47361159324646,0.33172841488261273
BH_s24_medium,36,190,42.333333333333336,1.221603512763977,0.26044982163546176
BH_s24_medium,36,191,42.36666666666667,0.9695955514907837,0.19375766970584574
BH_s24_medium,36,192,42.4,0.7397851943969727,0.1263764092030199
BH_s24_medium,36,193,42.43333333333333,0.613781213760376,0.04321052473449091
BH_s24_medium,36,194,42.46666666666667,0.4877771735191345,-0.07283065268997384
BH_s24_medium,36,195,42.5,0.3399693965911865,-0.2296934483972836
BH_s24_medium,36,196,42.53333333333333,0.15102903544902802,-0.41677094691465494
BH_s24_medium,36,197,42.56666666666667,0.025156324729323387,-0.602566793843457
BH_s24_medium,36,198,42.6,-0.14237412810325623,-0.7424954668137829
BH_s24_medium,36,199,42.63333333333333,-0.3314457833766937,-0.7949480399515086
BH_s24_medium,36,200,42.666666666666664,-0.4574497938156128,-0.7381920215328415
BH_s24_medium,36,201,42.7,-0.5203861594200134,-0.579328417152266
BH_s24_medium,36,202,42.733333333333334,-0.6255053877830505,-0.3516382627996009
BH_s24_medium,36,203,42.766666666666666,-0.6885730624198914,-0.10335075075258218
BH_s24_medium,36,204,42.8,-0.7516407370567322,0.11646895197151796
BH_s24_medium,36,205,42.833333333333336,-0.8147083520889282,0.27040337106366613
BH_s24_medium,36,206,42.86666666666667,-0.8350679278373718,0.3410925514092898
BH_s24_medium,36,207,42.9,-0.877776026725769,0.3343412705749797
BH_s24_medium,36,208,42.93333333333333,-0.877776026725769,0.276076698091275
BH_s24_medium,36,209,42.96666666666667,-0.9408436417579651,0.20323059340854843
BH_s24_medium,36,210,43.0,-0.9210093021392822,0.15089495484638155
BH_s24_medium,36,211,43.03333333333333,-0.6925314664840698,0.14029934120896612
BH_s24_medium,36,212,43.06666666666667,-0.06660109758377075,0.17233791351583477
BH_s24_medium,36,213,43.1,0.8544392585754395,0.22909782143090504
BH_s24_medium,36,214,43.13333333333333,1.6590991020202637,0.2822132728767529
BH_s24_medium,36,215,43.166666666666664,1.9794460535049438,0.3040327060282639
BH_s24_medium,36,216,43.2,2.004289150238037,0.27712127846891565
BH_s24_medium,36,217,43.233333333333334,1.8782851696014404,0.19916340972443733
BH_s24_medium,36,218,43.266666666666666,1.7522811889648438,0.08254717793597253
BH_s24_medium,36,219,43.3,1.5445568561553955,-0.05023704891731706
BH_s24_medium,36,220,43.333333333333336,1.2109596729278564,-0.17330078776365518
BH_s24_medium,36,221,43.36666666666667,0.9144054651260376,-0.26407721748307117
BH_s24_medium,36,222,43.4,0.7254651188850403,-0.3085433945654826
BH_s24_medium,36,223,43.43333333333333,0.6177200078964233,-0.30398683486430944
BH_s24_medium,36,224,43.46666666666667,0.4917159974575043,-0.258679654020479
BH_s24_medium,36,225,43.5,0.34784701466560364,-0.18848104096389307
BH_s24_medium,36,226,43.53333333333333,0.15890663862228394,-0.1116170755394563
BH_s24_medium,36,227,43.56666666666667,0.033033933490514755,-0.04360327125413214
BH_s24_medium,36,228,43.6,-0.13843531906604767,0.006296319682884534
BH_s24_medium,36,229,43.63333333333333,-0.32750698924064636,0.03648907236526967
BH_s24_medium,36,230,43.666666666666664,-0.4363024830818176,0.0518980924029362
BH_s24_medium,36,231,43.7,-0.5164473652839661,0.06029675562719552
BH_s24_medium,36,232,43.733333333333334,-0.6255053877830505,0.06783539333844743
BH_s24_medium,36,233,43.766666666666666,-0.6885730624198914,0.07639711819100349
BH_s24_medium,36,234,43.8,-0.7516407370567322,0.08405560478612305
BH_s24_medium,36,235,43.833333333333336,-0.8147083520889282,0.08758711131022374
BH_s24_medium,36,236,43.86666666666667,-0.8311291337013245,0.08488328229140989
BH_s24_medium,36,237,43.9,-0.8940654993057251,0.07577216482862084
BH_s24_medium,36,238,43.93333333333333,-0.9085273146629333,0.061352449466162695
BH_s24_medium,36,239,43.96666666666667,-0.6084387302398682,0.043046854216067416
BH_s24_medium,37,0,37.0,-0.877776026725769,-0.024367626001854225
BH_s24_medium,37,1,37.03333333333333,-0.9408436417579651,-2.505102461808502
BH_s24_medium,37,2,37.06666666666667,-0.9840483069419861,-4.630707604728283
BH_s24_medium,37,3,37.1,-1.0039112567901611,-6.1270091954539225
BH_s24_medium,37,4,37.13333333333333,-1.066978931427002,-6.856975577286513
BH_s24_medium,37,5,37.166666666666664,-1.1300466060638428,-6.837454326186634
BH_s24_medium,37,6,37.2,-1.1300466060638428,-6.2110802678964925
BH_s24_medium,37,7,37.233333333333334,-0.8131992220878601,-5.191799887867645
BH_s24_medium,37,8,37.266666666666666,-0.18180131912231445,-4.0069155326154275
BH_s24_medium,37,9,37.3,0.5111550688743591,-2.8499040450138837
BH_s24_medium,37,10,37.333333333333336,0.9093590378761292,-1.8508602217713361
BH_s24_medium,37,11,37.36666666666667,0.9722304940223694,-1.0670739323625424
BH_s24_medium,37,12,37.4,0.8462264537811279,-0.49160538154614075
BH_s24_medium,37,13,37.43333333333333,0.7202224731445312,-0.07405237702290807
BH_s24_medium,37,14,37.46666666666667,0.5942184329032898,0.2530277734842331
BH_s24_medium,37,15,37.5,0.4051468074321747,0.5481388634506578
BH_s24_medium,37,16,37.53333333333333,0.21607515215873718,0.8416069932560513
BH_s24_medium,37,17,37.56666666666667,0.09007114917039871,1.1285200587397384
BH_s24_medium,37,18,37.6,0.06823872029781342,1.375516600044993
BH_s24_medium,37,19,37.63333333333333,0.027266090735793114,1.5380277982089172
BH_s24_medium,37,20,37.666666666666664,-0.09873791038990021,1.5810268702461576
BH_s24_medium,37,21,37.7,-0.22474192082881927,1.4956038211571039
BH_s24_medium,37,22,37.733333333333334,-0.35074591636657715,1.3055993549113287
BH_s24_medium,37,23,37.766666666666666,-0.4767499268054962,1.0619980254932995
BH_s24_medium,37,24,37.8,-0.6027539372444153,0.8267355731750075
BH_s24_medium,37,25,37.833333333333336,-0.728757917881012,0.6517678164502725
BH_s24_medium,37,26,37.86666666666667,-0.7916942834854126,0.5624230194182193
BH_s24_medium,37,27,37.9,-0.8147083520889282,0.5526571769988029
BH_s24_medium,37,28,37.93333333333333,-0.877776026725769,0.5928930040946331
BH_s24_medium,37,29,37.96666666666667,-0.9408436417579651,0.6443294323514865
BH_s24_medium,37,30,38.0,-0.9803720712661743,0.6724867640954812
BH_s24_medium,37,31,38.03333333333333,-1.0039112567901611,0.6559550006065562
BH_s24_medium,37,32,38.06666666666667,-1.066978931427002,0.5896723205497504
BH_s24_medium,37,33,38.1,-1.1061134338378906,0.4836637668728882
BH_s24_medium,37,34,38.13333333333333,-1.1300466060638428,0.35828391451624053
BH_s24_medium,37,35,38.166666666666664,-1.1300466060638428,0.2370259901019854
BH_s24_medium,37,36,38.2,-1.013824701309204,0.13878628619575412
BH_s24_medium,37,37,38.233333333333334,-0.4955263137817383,0.07217356374624315
BH_s24_medium,37,38,38.266666666666666,0.29910704493522644,0.03384589389570385
BH_s24_medium,37,39,38.3,0.9784375429153442,0.011251223387498857
BH_s24_medium,37,40,38.333333333333336,1.3047394752502441,-0.011476953721981233
BH_s24_medium,37,41,38.36666666666667,1.2915074825286865,-0.04677336106049969
BH_s24_medium,37,42,38.4,1.2285711765289307,-0.09858759689490865
BH_s24_medium,37,43,38.43333333333333,1.1403887271881104,-0.16091207863078416
BH_s24_medium,37,44,38.46666666666667,1.0019404888153076,-0.22040744639442258
BH_s24_medium,37,45,38.5,0.8130001425743103,-0.2620353521218288
BH_s24_medium,37,46,38.53333333333333,0.5984198451042175,-0.27540343761984587
BH_s24_medium,37,47,38.56666666666667,0.4466446042060852,-0.2593021757973338
BH_s24_medium,37,48,38.6,0.3464118540287018,-0.22280329949258235
BH_s24_medium,37,49,38.63333333333333,0.28347548842430115,-0.18272208621307803
BH_s24_medium,37,50,38.666666666666664,0.15747147798538208,-0.15849708982538022
BH_s24_medium,37,51,38.7,0.03146748244762421,-0.16630929474427536
BH_s24_medium,37,52,38.733333333333334,-0.1576041728258133,-0.21444866933319234
BH_s24_medium,37,53,38.766666666666666,-0.28360816836357117,-0.3013704195739925
BH_s24_medium,37,54,38.8,-0.40961217880249023,-0.4166460886911551
BH_s24_medium,37,55,38.833333333333336,-0.5356161594390869,-0.5437103550310828
BH_s24_medium,37,56,38.86666666666667,-0.5985525250434875,-0.6627170406809022
BH_s24_medium,37,57,38.9,-0.6885730624198914,-0.752480122968986
BH_s24_medium,37,58,38.93333333333333,-0.7516407370567322,-0.7920741788729735
BH_s24_medium,37,59,38.96666666666667,-0.8147083520889282,-0.763761718866388
BH_s24_medium,37,60,39.0,-0.877776026725769,-0.6581672775201152
BH_s24_medium,37,61,39.03333333333333,-0.913234293460846,-0.4800345840531312
BH_s24_medium,37,62,39.06666666666667,-0.9408436417579651,-0.25034191187019234
BH_s24_medium,37,63,39.1,-1.0039112567901611,-0.001447007335388115
BH_s24_medium,37,64,39.13333333333333,-1.0039112567901611,0.23297856038527123
BH_s24_medium,37,65,39.166666666666664,-1.0388444662094116,0.4273726259697262
BH_s24_medium,37,66,39.2,-1.066978931427002,0.5685704717941886
BH_s24_medium,37,67,39.233333333333334,-0.9976378679275513,0.6546313669701141
BH_s24_medium,37,68,39.266666666666666,-0.5789444446563721,0.6903952975885977
BH_s24_medium,37,69,39.3,0.18295912444591522,0.6825144483997747
BH_s24_medium,37,70,39.333333333333336,0.9676428437232971,0.6365444780725057
BH_s24_medium,37,71,39.36666666666667,1.3978824615478516,0.5574422935159654
BH_s24_medium,37,72,39.4,1.455726981163025,0.45235702223456037
BH_s24_medium,37,73,39.43333333333333,1.358776569366455,0.33284739524838947
BH_s24_medium,37,74,39.46666666666667,1.266524076461792,0.21428345090838058
BH_s24_medium,37,75,39.5,1.169836163520813,0.11233944473813283
BH_s24_medium,37,76,39.53333333333333,0.9472756385803223,0.03831466201391021
BH_s24_medium,37,77,39.56666666666667,0.758335292339325,-0.00440946974015149
BH_s24_medium,37,78,39.6,0.5395535826683044,-0.021145670731492934
BH_s24_medium,37,79,39.63333333333333,0.4766172468662262,-0.023573960952699403
BH_s24_medium,37,80,39.666666666666664,0.3835769593715668,-0.02518421218643037
BH_s24_medium,37,81,39.7,0.2876768708229065,-0.03624213658384308
BH_s24_medium,37,82,39.733333333333334,0.12897174060344696,-0.060410834841379706
BH_s24_medium,37,83,39.766666666666666,0.0030990231316536665,-0.09453815105976665
BH_s24_medium,37,84,39.8,-0.15340277552604675,-0.13146361844047705
BH_s24_medium,37,85,39.833333333333336,-0.2794067859649658,-0.1640861114099432
BH_s24_medium,37,86,39.86666666666667,-0.4054107964038849,-0.18848605878051536
BH_s24_medium,37,87,39.9,-0.531414806842804,-0.20468143240835027
BH_s24_medium,37,88,39.93333333333333,-0.5943511724472046,-0.2149870046899308
BH_s24_medium,37,89,39.96666666666667,-0.6572874784469604,-0.22120963222273235
BH_s24_medium,37,90,40.0,-0.7202238440513611,-0.22245353654588385
BH_s24_medium,37,91,40.03333333333333,-0.8147083520889282,-0.2148518437711541
BH_s24_medium,37,92,40.06666666666667,-0.8460965752601624,-0.19331438825273994
BH_s24_medium,37,93,40.1,-0.877776026725769,-0.15415574416258726
BH_s24_medium,37,94,40.13333333333333,-0.9089016318321228,-0.09702894220631088
BH_s24_medium,37,95,40.166666666666664,-0.9408436417579651,-0.02521585900482894
BH_s24_medium,37,96,40.2,-0.9730482697486877,0.055435529359761815
BH_s24_medium,37,97,40.233333333333334,-0.6917814016342163,0.13790881185569184
BH_s24_medium,37,98,40.266666666666666,-0.06349684298038483,0.21511265371560204
BH_s24_medium,37,99,40.3,0.692527174949646,0.28060775153928286
BH_s24_medium,37,100,40.333333333333336,1.168334722518921,0.32882164595217944
BH_s24_medium,37,101,40.36666666666667,1.266524076461792,0.35456454581323077
BH_s24_medium,37,102,40.4,1.1103135347366333,0.3523561154973023
BH_s24_medium,37,103,40.43333333333333,0.921241819858551,0.31663156209165005
BH_s24_medium,37,104,40.46666666666667,0.7654251456260681,0.24336184980981426
BH_s24_medium,37,105,40.5,0.5764847993850708,0.13251971588223452
BH_s24_medium,37,106,40.53333333333333,0.41709452867507935,-0.009827952383901137
BH_s24_medium,37,107,40.56666666666667,0.32050931453704834,-0.17087916303924533
BH_s24_medium,37,108,40.6,0.2912217974662781,-0.33229375191862054
BH_s24_medium,37,109,40.63333333333333,0.22828544676303864,-0.4728815016321496
BH_s24_medium,37,110,40.666666666666664,0.10228144377470016,-0.5720793385553176
BH_s24_medium,37,111,40.7,0.039345089346170425,-0.613569013119431
BH_s24_medium,37,112,40.733333333333334,-0.11542125046253204,-0.5885834006319554
BH_s24_medium,37,113,40.766666666666666,-0.27573058009147644,-0.49842978419008416
BH_s24_medium,37,114,40.8,-0.4017345607280731,-0.3554486937869201
BH_s24_medium,37,115,40.833333333333336,-0.5277385711669922,-0.18148761881208061
BH_s24_medium,37,116,40.86666666666667,-0.5906749367713928,-0.0035010562037544575
BH_s24_medium,37,117,40.9,-0.6536113023757935,0.15290347328049708
BH_s24_medium,37,118,40.93333333333333,-0.7165476679801941,0.26984283500282225
BH_s24_medium,37,119,40.96666666666667,-0.7516407370567322,0.3409118303528802
BH_s24_medium,37,120,41.0,-0.8147083520889282,0.37081010146808846
BH_s24_medium,37,121,41.03333333333333,-0.8422890305519104,0.3712529953670275
BH_s24_medium,37,122,41.06666666666667,-0.877776026725769,0.35524541093069745
BH_s24_medium,37,123,41.1,-0.7327540516853333,0.3324027454102595
BH_s24_medium,37,124,41.13333333333333,-0.1470462679862976,0.3072717150446592
BH_s24_medium,37,125,41.166666666666664,0.5729656219482422,0.28088811250365353
BH_s24_medium,37,126,41.2,1.248085618019104,0.25397583021420234
BH_s24_medium,37,127,41.233333333333334,1.5187946557998657,0.2293522688887451
BH_s24_medium,37,128,41.266666666666666,1.4921330213546753,0.21181271782188704
BH_s24_medium,37,129,41.3,1.3661290407180786,0.20540200343817458
BH_s24_medium,37,130,41.333333333333336,1.2401249408721924,0.20949264428306283
BH_s24_medium,37,131,41.36666666666667,1.0247855186462402,0.21585153056903322
BH_s24_medium,37,132,41.4,0.7727775573730469,0.20869389553183287
BH_s24_medium,37,133,41.43333333333333,0.6098423600196838,0.16867562129517435
BH_s24_medium,37,134,41.46666666666667,0.48383837938308716,0.08016538453858564
BH_s24_medium,37,135,41.5,0.3835769593715668,-0.06058726206189329
BH_s24_medium,37,136,41.53333333333333,0.29489803314208984,-0.23998495701326814
BH_s24_medium,37,137,41.56666666666667,0.16889402270317078,-0.427854135447057
BH_s24_medium,37,138,41.6,0.04289001226425171,-0.5859884433055091
BH_s24_medium,37,139,41.63333333333333,-0.10833140462636948,-0.6817889468403094
BH_s24_medium,37,140,41.666666666666664,-0.27218565344810486,-0.6998728444081957
BH_s24_medium,37,141,41.7,-0.39818963408470154,-0.6448661698302277
BH_s24_medium,37,142,41.733333333333334,-0.4611259996891022,-0.5353440295169227
BH_s24_medium,37,143,41.766666666666666,-0.5624377727508545,-0.39498184928829944
BH_s24_medium,37,144,41.8,-0.6500663757324219,-0.24611391807118974
BH_s24_medium,37,145,41.833333333333336,-0.6885730624198914,-0.10654553975872343
BH_s24_medium,37,146,41.86666666666667,-0.7516407370567322,0.011549689147007295
BH_s24_medium,37,147,41.9,-0.8147083520889282,0.10166775471283901
BH_s24_medium,37,148,41.93333333333333,-0.8147083520889282,0.1628904590515407
BH_s24_medium,37,149,41.96666666666667,-0.877776026725769,0.20011886169684837
BH_s24_medium,37,150,42.0,-0.877776026725769,0.22353726253112896
BH_s24_medium,37,151,42.03333333333333,-0.7437826991081238,0.24572049362206838
BH_s24_medium,37,152,42.06666666666667,-0.2321712225675583,0.2767497539762136
BH_s24_medium,37,153,42.1,0.5706114172935486,0.3198769805090833
BH_s24_medium,37,154,42.13333333333333,1.3827641010284424,0.3701388938082144
BH_s24_medium,37,155,42.166666666666664,1.8172986507415771,0.4165233492097283
BH_s24_medium,37,156,42.2,1.8742151260375977,0.4466467650897287
BH_s24_medium,37,157,42.233333333333334,1.7710652351379395,0.45192454191064446
BH_s24_medium,37,158,42.266666666666666,1.6852747201919556,0.4308579353927553
BH_s24_medium,37,159,42.3,1.47361159324646,0.38867616368086677
BH_s24_medium,37,160,42.333333333333336,1.221603512763977,0.33327195930983833
BH_s24_medium,37,161,42.36666666666667,0.9695955514907837,0.26938702886260313
BH_s24_medium,37,162,42.4,0.7397851943969727,0.19424921971468517
BH_s24_medium,37,163,42.43333333333333,0.613781213760376,0.09760647498532375
BH_s24_medium,37,164,42.46666666666667,0.4877771735191345,-0.03275990669071392
BH_s24_medium,37,165,42.5,0.3399693965911865,-0.20180661457828428
BH_s24_medium,37,166,42.53333333333333,0.15102903544902802,-0.3986603778852299
BH_s24_medium,37,167,42.56666666666667,0.025156324729323387,-0.5939904118632191
BH_s24_medium,37,168,42.6,-0.14237412810325623,-0.7466811681236153
BH_s24_medium,37,169,42.63333333333333,-0.3314457833766937,-0.8182889133461227
BH_s24_medium,37,170,42.666666666666664,-0.4574497938156128,-0.7881802309815131
BH_s24_medium,37,171,42.7,-0.5203861594200134,-0.6610407451601757
BH_s24_medium,37,172,42.733333333333334,-0.6255053877830505,-0.4638177040090172
BH_s24_medium,37,173,42.766666666666666,-0.6885730624198914,-0.23578215552839735
BH_s24_medium,37,174,42.8,-0.7516407370567322,-0.017332296611035122
BH_s24_medium,37,175,42.833333333333336,-0.8147083520889282,0.1589925793366405
BH_s24_medium,37,176,42.86666666666667,-0.8350679278373718,0.2743971105113477
BH_s24_medium,37,177,42.9,-0.877776026725769,0.32664969046473896
BH_s24_medium,37,178,42.93333333333333,-0.877776026725769,0.3292557170656361
BH_s24_medium,37,179,42.96666666666667,-0.9408436417579651,0.30615167818707756
BH_s24_medium,37,180,43.0,-0.9210093021392822,0.2826654000991723
BH_s24_medium,37,181,43.03333333333333,-0.6925314664840698,0.27586096423613715
BH_s24_medium,37,182,43.06666666666667,-0.06660109758377075,0.28847548126775246
BH_s24_medium,37,183,43.1,0.8544392585754395,0.3092613655132134
BH_s24_medium,37,184,43.13333333333333,1.6590991020202637,0.31918358960834076
BH_s24_medium,37,185,43.166666666666664,1.9794460535049438,0.30000485918069314
BH_s24_medium,37,186,43.2,2.004289150238037,0.24137962524318868
BH_s24_medium,37,187,43.233333333333334,1.8782851696014404,0.14424114200474084
BH_s24_medium,37,188,43.266666666666666,1.7522811889648438,0.020344031984316294
BH_s24_medium,37,189,43.3,1.5445568561553955,-0.11089820465454568
BH_s24_medium,37,190,43.333333333333336,1.2109596729278564,-0.22699479382723764
BH_s24_medium,37,191,43.36666666666667,0.9144054651260376,-0.3074647678537322
BH_s24_medium,37,192,43.4,0.7254651188850403,-0.3386393123077198
BH_s24_medium,37,193,43.43333333333333,0.6177200078964233,-0.3171478892061394
BH_s24_medium,37,194,43.46666666666667,0.4917159974575043,-0.2508834203723289
BH_s24_medium,37,195,43.5,0.34784701466560364,-0.15675680495663302
BH_s24_medium,37,196,43.53333333333333,0.15890663862228394,-0.05583445828121402
BH_s24_medium,37,197,43.56666666666667,0.033033933490514755,0.03247345294410135
BH_s24_medium,37,198,43.6,-0.13843531906604767,0.09542356965193631
BH_s24_medium,37,199,43.63333333333333,-0.32750698924064636,0.12971734293617912
BH_s24_medium,37,200,43.666666666666664,-0.4363024830818176,0.14083339486930707
BH_s24_medium,37,201,43.7,-0.5164473652839661,0.1387629677038042
BH_s24_medium,37,202,43.733333333333334,-0.6255053877830505,0.13222912877546789
BH_s24_medium,37,203,43.766666666666666,-0.6885730624198914,0.12475057314332459
BH_s24_medium,37,204,43.8,-0.7516407370567322,0.11450859571926426
BH_s24_medium,37,205,43.833333333333336,-0.8147083520889282,0.09729166145601945
BH_s24_medium,37,206,43.86666666666667,-0.8311291337013245,0.07018507780444608
BH_s24_medium,37,207,43.9,-0.8940654993057251,0.03392161629696689
BH_s24_medium,37,208,43.93333333333333,-0.9085273146629333,-0.006748135366658972
BH_s24_medium,37,209,43.96666666666667,-0.6084387302398682,-0.044065358412974376
BH_s24_medium,37,210,44.0,0.10054454952478409,-0.06893647561831497
BH_s24_medium,37,211,44.03333333333333,0.9196362495422363,-0.07304301183528628
BH_s24_medium,37,212,44.06666666666667,1.4869929552078247,-0.05134071191270882
BH_s24_medium,37,213,44.1,1.5818623304367065,-0.004666220927568541
BH_s24_medium,37,214,44.13333333333333,1.4403566122055054,0.058183574240753176
BH_s24_medium,37,215,44.166666666666664,1.2360458374023438,0.11988132016429055
BH_s24_medium,37,216,44.2,0.9840378165245056,0.15664487079522113
BH_s24_medium,37,217,44.233333333333334,0.7320297956466675,0.1436166800173913
BH_s24_medium,37,218,44.266666666666666,0.48002180457115173,0.06289982378178069
BH_s24_medium,37,219,44.3,0.32050931453704834,-0.08802527607213859
BH_s24_medium,37,220,44.333333333333336,0.2574416697025299,-0.2908781854403684
BH_s24_medium,37,221,44.36666666666667,0.1799226701259613,-0.5073871933704259
BH_s24_medium,37,222,44.4,0.06823872029781342,-0.6878202273979976
BH_s24_medium,37,223,44.43333333333333,-0.07208534330129623,-0.7854859354582068
BH_s24_medium,37,224,44.46666666666667,-0.2121468186378479,-0.7719184627272488
BH_s24_medium,37,225,44.5,-0.387160986661911,-0.6461165772473336
BH_s24_medium,37,226,44.53333333333333,-0.5131649971008301,-0.4336060755554156
BH_s24_medium,37,227,44.56666666666667,-0.6255053877830505,-0.17588037976364854
BH_s24_medium,37,228,44.6,-0.7021053433418274,0.08479440466476379
BH_s24_medium,37,229,44.63333333333333,-0.765041708946228,0.31829415384660437
BH_s24_medium,37,230,44.666666666666664,-0.8147083520889282,0.5117980647000937
BH_s24_medium,37,231,44.7,-0.877776026725769,0.6658465723937734
BH_s24_medium,37,232,44.733333333333334,-0.8907831311225891,0.78473613271942
BH_s24_medium,37,233,44.766666666666666,-0.9408436417579651,0.8674550911174682
BH_s24_medium,37,234,44.8,-0.9280990958213806,0.9044277600110436
BH_s24_medium,37,235,44.833333333333336,-0.6255068778991699,0.8814242549228428
BH_s24_medium,37,236,44.86666666666667,0.09254471957683563,0.7875714170337588
BH_s24_medium,37,237,44.9,1.0499910116195679,0.6223969117293421
BH_s24_medium,37,238,44.93333333333333,1.8077232837677002,0.3984838980897219
BH_s24_medium,37,239,44.96666666666667,2.0233359336853027,0.1396001547702959
BH_s24_medium,38,0,38.0,-0.9803720712661743,-0.016991439558326576
BH_s24_medium,38,1,38.03333333333333,-1.0039112567901611,-2.4690170494412045
BH_s24_medium,38,2,38.06666666666667,-1.066978931427002,-4.538540291179805
BH_s24_medium,38,3,38.1,-1.1061134338378906,-5.9377145636616575
BH_s24_medium,38,4,38.13333333333333,-1.1300466060638428,-6.5394435518605984
BH_s24_medium,38,5,38.166666666666664,-1.1300466060638428,-6.392645517293618
BH_s24_medium,38,6,38.2,-1.013824701309204,-5.681673561065411
BH_s24_medium,38,7,38.233333333333334,-0.4955263137817383,-4.6530194117000265
BH_s24_medium,38,8,38.266666666666666,0.29910704493522644,-3.541889396486995
BH_s24_medium,38,9,38.3,0.9784375429153442,-2.5219437471883177
BH_s24_medium,38,10,38.333333333333336,1.3047394752502441,-1.6860734353682587
BH_s24_medium,38,11,38.36666666666667,1.2915074825286865,-1.0534792303381648
BH_s24_medium,38,12,38.4,1.2285711765289307,-0.5922032053781019
BH_s24_medium,38,13,38.43333333333333,1.1403887271881104,-0.2461020932561939
BH_s24_medium,38,14,38.46666666666667,1.0019404888153076,0.041696214507032744
BH_s24_medium,38,15,38.5,0.8130001425743103,0.31295010976428395
BH_s24_medium,38,16,38.53333333333333,0.5984198451042175,0.5869764466102158
BH_s24_medium,38,17,38.56666666666667,0.4466446042060852,0.8607789421262776
BH_s24_medium,38,18,38.6,0.3464118540287018,1.1146669503982092
BH_s24_medium,38,19,38.63333333333333,0.28347548842430115,1.321031892392776
BH_s24_medium,38,20,38.666666666666664,0.15747147798538208,1.4537781993018024
BH_s24_medium,38,21,38.7,0.03146748244762421,1.4960984690095527
BH_s24_medium,38,22,38.733333333333334,-0.1576041728258133,1.445040712405823
BH_s24_medium,38,23,38.766666666666666,-0.28360816836357117,1.3123323589608236
BH_s24_medium,38,24,38.8,-0.40961217880249023,1.1218122450443333
BH_s24_medium,38,25,38.833333333333336,-0.5356161594390869,0.9045414053826847
BH_s24_medium,38,26,38.86666666666667,-0.5985525250434875,0.693136421348579
BH_s24_medium,38,27,38.9,-0.6885730624198914,0.5166181564942736
BH_s24_medium,38,28,38.93333333333333,-0.7516407370567322,0.39609427447648626
BH_s24_medium,38,29,38.96666666666667,-0.8147083520889282,0.34107812282488337
BH_s24_medium,38,30,39.0,-0.877776026725769,0.3469858923159542
BH_s24_medium,38,31,39.03333333333333,-0.913234293460846,0.39535207020356716
BH_s24_medium,38,32,39.06666666666667,-0.9408436417579651,0.45810856121062665
BH_s24_medium,38,33,39.1,-1.0039112567901611,0.505534488622031
BH_s24_medium,38,34,39.13333333333333,-1.0039112567901611,0.5151390147042281
BH_s24_medium,38,35,39.166666666666664,-1.0388444662094116,0.47768369347951156
BH_s24_medium,38,36,39.2,-1.066978931427002,0.39790958763370704
BH_s24_medium,38,37,39.233333333333334,-0.9976378679275513,0.29019799247313777
BH_s24_medium,38,38,39.266666666666666,-0.5789444446563721,0.1715416905842309
BH_s24_medium,38,39,39.3,0.18295912444591522,0.05505985070910204
BH_s24_medium,38,40,39.333333333333336,0.9676428437232971,-0.05319625178112204
BH_s24_medium,38,41,39.36666666666667,1.3978824615478516,-0.15311053220180618
BH_s24_medium,38,42,39.4,1.455726981163025,-0.24632364199200224
BH_s24_medium,38,43,39.43333333333333,1.358776569366455,-0.33188545891310467
BH_s24_medium,38,44,39.46666666666667,1.266524076461792,-0.40445352775372134
BH_s24_medium,38,45,39.5,1.169836163520813,-0.4560185035811353
BH_s24_medium,38,46,39.53333333333333,0.9472756385803223,-0.4799335364490117
BH_s24_medium,38,47,39.56666666666667,0.758335292339325,-0.4747546107635817
BH_s24_medium,38,48,39.6,0.5395535826683044,-0.4457947010349883
BH_s24_medium,38,49,39.63333333333333,0.4766172468662262,-0.40369485987828146
BH_s24_medium,38,50,39.666666666666664,0.3835769593715668,-0.36066798520745663
BH_s24_medium,38,51,39.7,0.2876768708229065,-0.32602963341452296
BH_s24_medium,38,52,39.733333333333334,0.12897174060344696,-0.30306774332747655
BH_s24_medium,38,53,39.766666666666666,0.0030990231316536665,-0.2887529017510379
BH_s24_medium,38,54,39.8,-0.15340277552604675,-0.2762293731564277
BH_s24_medium,38,55,39.833333333333336,-0.2794067859649658,-0.25853348747429045
BH_s24_medium,38,56,39.86666666666667,-0.4054107964038849,-0.23162200867726618
BH_s24_medium,38,57,39.9,-0.531414806842804,-0.19548601269628016
BH_s24_medium,38,58,39.93333333333333,-0.5943511724472046,-0.15321101470524476
BH_s24_medium,38,59,39.96666666666667,-0.6572874784469604,-0.10880398590828817
BH_s24_medium,38,60,40.0,-0.7202238440513611,-0.06509706353297962
BH_s24_medium,38,61,40.03333333333333,-0.8147083520889282,-0.022828905036758593
BH_s24_medium,38,62,40.06666666666667,-0.8460965752601624,0.018825128553656315
BH_s24_medium,38,63,40.1,-0.877776026725769,0.06096916247683364
BH_s24_medium,38,64,40.13333333333333,-0.9089016318321228,0.10411408093355891
BH_s24_medium,38,65,40.166666666666664,-0.9408436417579651,0.14839217200848184
BH_s24_medium,38,66,40.2,-0.9730482697486877,0.1943445712748965
BH_s24_medium,38,67,40.233333333333334,-0.6917814016342163,0.24311375974134536
BH_s24_medium,38,68,40.266666666666666,-0.06349684298038483,0.29552626253781983
BH_s24_medium,38,69,40.3,0.692527174949646,0.35054237674283256
BH_s24_medium,38,70,40.333333333333336,1.168334722518921,0.40378162685015845
BH_s24_medium,38,71,40.36666666666667,1.266524076461792,0.4467116853856024
BH_s24_medium,38,72,40.4,1.1103135347366333,0.46721631620397014
BH_s24_medium,38,73,40.43333333333333,0.921241819858551,0.4520563514744174
BH_s24_medium,38,74,40.46666666666667,0.7654251456260681,0.3907163281885254
BH_s24_medium,38,75,40.5,0.5764847993850708,0.279143337527019
BH_s24_medium,38,76,40.53333333333333,0.41709452867507935,0.12191747198069774
BH_s24_medium,38,77,40.56666666666667,0.32050931453704834,-0.06773491164593029
BH_s24_medium,38,78,40.6,0.2912217974662781,-0.2697323398457057
BH_s24_medium,38,79,40.63333333333333,0.22828544676303864,-0.45993553999476017
BH_s24_medium,38,80,40.666666666666664,0.10228144377470016,-0.6133472333235228
BH_s24_medium,38,81,40.7,0.039345089346170425,-0.7076198612931424
BH_s24_medium,38,82,40.733333333333334,-0.11542125046253204,-0.727019572318073
BH_s24_medium,38,83,40.766666666666666,-0.27573058009147644,-0.6664483180036561
BH_s24_medium,38,84,40.8,-0.4017345607280731,-0.5340103783968679
BH_s24_medium,38,85,40.833333333333336,-0.5277385711669922,-0.3502609530029376
BH_s24_medium,38,86,40.86666666666667,-0.5906749367713928,-0.143589444017383
BH_s24_medium,38,87,40.9,-0.6536113023757935,0.05678198951883258
BH_s24_medium,38,88,40.93333333333333,-0.7165476679801941,0.22750134607989975
BH_s24_medium,38,89,40.96666666666667,-0.7516407370567322,0.35506027358230596
BH_s24_medium,38,90,41.0,-0.8147083520889282,0.43603048136705214
BH_s24_medium,38,91,41.03333333333333,-0.8422890305519104,0.474267110114665
BH_s24_medium,38,92,41.06666666666667,-0.877776026725769,0.4768983165329015
BH_s24_medium,38,93,41.1,-0.7327540516853333,0.4511133113146706
BH_s24_medium,38,94,41.13333333333333,-0.1470462679862976,0.40311002222751324
BH_s24_medium,38,95,41.166666666666664,0.5729656219482422,0.3392843492844016
BH_s24_medium,38,96,41.2,1.248085618019104,0.26832012244723574
BH_s24_medium,38,97,41.233333333333334,1.5187946557998657,0.20208524498448657
BH_s24_medium,38,98,41.266666666666666,1.4921330213546753,0.15374303658181498
BH_s24_medium,38,99,41.3,1.3661290407180786,0.13310293773265922
BH_s24_medium,38,100,41.333333333333336,1.2401249408721924,0.1411438974608838
BH_s24_medium,38,101,41.36666666666667,1.0247855186462402,0.16665394287366342
BH_s24_medium,38,102,41.4,0.7727775573730469,0.18731653075609755
BH_s24_medium,38,103,41.43333333333333,0.6098423600196838,0.175780695040512
BH_s24_medium,38,104,41.46666666666667,0.48383837938308716,0.10921244086197009
BH_s24_medium,38,105,41.5,0.3835769593715668,-0.02083699139033342
BH_s24_medium,38,106,41.53333333333333,0.29489803314208984,-0.2022350908434218
BH_s24_medium,38,107,41.56666666666667,0.16889402270317078,-0.40323911500590814
BH_s24_medium,38,108,41.6,0.04289001226425171,-0.5818759224565099
BH_s24_medium,38,109,41.63333333333333,-0.10833140462636948,-0.7007598352267803
BH_s24_medium,38,110,41.666666666666664,-0.27218565344810486,-0.7400343128070609
BH_s24_medium,38,111,41.7,-0.39818963408470154,-0.7014266862030851
BH_s24_medium,38,112,41.733333333333334,-0.4611259996891022,-0.6029080540144729
BH_s24_medium,38,113,41.766666666666666,-0.5624377727508545,-0.46950120989961747
BH_s24_medium,38,114,41.8,-0.6500663757324219,-0.32539008197856956
BH_s24_medium,38,115,41.833333333333336,-0.6885730624198914,-0.18888882201038265
BH_s24_medium,38,116,41.86666666666667,-0.7516407370567322,-0.07027921626561262
BH_s24_medium,38,117,41.9,-0.8147083520889282,0.02762897576461003
BH_s24_medium,38,118,41.93333333333333,-0.8147083520889282,0.10732371249832065
BH_s24_medium,38,119,41.96666666666667,-0.877776026725769,0.17441418461868335
BH_s24_medium,38,120,42.0,-0.877776026725769,0.23574459371023768
BH_s24_medium,38,121,42.03333333333333,-0.7437826991081238,0.2969807032017795
BH_s24_medium,38,122,42.06666666666667,-0.2321712225675583,0.3598593407104743
BH_s24_medium,38,123,42.1,0.5706114172935486,0.42072994231897975
BH_s24_medium,38,124,42.13333333333333,1.3827641010284424,0.4716655497971114
BH_s24_medium,38,125,42.166666666666664,1.8172986507415771,0.5038211815306808
BH_s24_medium,38,126,42.2,1.8742151260375977,0.511475389618725
BH_s24_medium,38,127,42.233333333333334,1.7710652351379395,0.49484276288581036
BH_s24_medium,38,128,42.266666666666666,1.6852747201919556,0.46016432922627915
BH_s24_medium,38,129,42.3,1.47361159324646,0.4166364032613522
BH_s24_medium,38,130,42.333333333333336,1.221603512763977,0.37116182694829875
BH_s24_medium,38,131,42.36666666666667,0.9695955514907837,0.3231763106931721
BH_s24_medium,38,132,42.4,0.7397851943969727,0.2623179161902054
BH_s24_medium,38,133,42.43333333333333,0.613781213760376,0.17104210379517237
BH_s24_medium,38,134,42.46666666666667,0.4877771735191345,0.03240736442584744
BH_s24_medium,38,135,42.5,0.3399693965911865,-0.15931762435775354
BH_s24_medium,38,136,42.53333333333333,0.15102903544902802,-0.38982891716385254
BH_s24_medium,38,137,42.56666666666667,0.025156324729323387,-0.6230040156835318
BH_s24_medium,38,138,42.6,-0.14237412810325623,-0.8093894411930321
BH_s24_medium,38,139,42.63333333333333,-0.3314457833766937,-0.9031115914974851
BH_s24_medium,38,140,42.666666666666664,-0.4574497938156128,-0.8793927106277453
BH_s24_medium,38,141,42.7,-0.5203861594200134,-0.7434307699120447
BH_s24_medium,38,142,42.733333333333334,-0.6255053877830505,-0.5270806900964126
BH_s24_medium,38,143,42.766666666666666,-0.6885730624198914,-0.2770690485333251
BH_s24_medium,38,144,42.8,-0.7516407370567322,-0.04107264627893766
BH_s24_medium,38,145,42.833333333333336,-0.8147083520889282,0.1437790845757853
BH_s24_medium,38,146,42.86666666666667,-0.8350679278373718,0.25805650544606507
BH_s24_medium,38,147,42.9,-0.877776026725769,0.30241952920778453
BH_s24_medium,38,148,42.93333333333333,-0.877776026725769,0.29509280003361815
BH_s24_medium,38,149,42.96666666666667,-0.9408436417579651,0.2645991181767664
BH_s24_medium,38,150,43.0,-0.9210093021392822,0.23935744112583063
BH_s24_medium,38,151,43.03333333333333,-0.6925314664840698,0.23757117375463652
BH_s24_medium,38,152,43.06666666666667,-0.06660109758377075,0.26147414693634
BH_s24_medium,38,153,43.1,0.8544392585754395,0.29840756685954767
BH_s24_medium,38,154,43.13333333333333,1.6590991020202637,0.32780154980481374
BH_s24_medium,38,155,43.166666666666664,1.9794460535049438,0.3302924565966513
BH_s24_medium,38,156,43.2,2.004289150238037,0.29493116760129223
BH_s24_medium,38,157,43.233333333333334,1.8782851696014404,0.22222292266206295
BH_s24_medium,38,158,43.266666666666666,1.7522811889648438,0.12291404320026747
BH_s24_medium,38,159,43.3,1.5445568561553955,0.013898346917850904
BH_s24_medium,38,160,43.333333333333336,1.2109596729278564,-0.08696159120238653
BH_s24_medium,38,161,43.36666666666667,0.9144054651260376,-0.1655682587431602
BH_s24_medium,38,162,43.4,0.7254651188850403,-0.21477367001830713
BH_s24_medium,38,163,43.43333333333333,0.6177200078964233,-0.23529249416251913
BH_s24_medium,38,164,43.46666666666667,0.4917159974575043,-0.2340775803074927
BH_s24_medium,38,165,43.5,0.34784701466560364,-0.22068317152521896
BH_s24_medium,38,166,43.53333333333333,0.15890663862228394,-0.20313708423387208
BH_s24_medium,38,167,43.56666666666667,0.033033933490514755,-0.18515071634597755
BH_s24_medium,38,168,43.6,-0.13843531906604767,-0.1656096003592471
BH_s24_medium,38,169,43.63333333333333,-0.32750698924064636,-0.14011106151060893
BH_s24_medium,38,170,43.666666666666664,-0.4363024830818176,-0.10380402943545874
BH_s24_medium,38,171,43.7,-0.5164473652839661,-0.05459420396735358
BH_s24_medium,38,172,43.733333333333334,-0.6255053877830505,0.004590273880179255
BH_s24_medium,38,173,43.766666666666666,-0.6885730624198914,0.06577607018314813
BH_s24_medium,38,174,43.8,-0.7516407370567322,0.11850937519533608
BH_s24_medium,38,175,43.833333333333336,-0.8147083520889282,0.15387198846644976
BH_s24_medium,38,176,43.86666666666667,-0.8311291337013245,0.167825241405325
BH_s24_medium,38,177,43.9,-0.8940654993057251,0.16216209140576598
BH_s24_medium,38,178,43.93333333333333,-0.9085273146629333,0.14306152918178103
BH_s24_medium,38,179,43.96666666666667,-0.6084387302398682,0.11870583068922624
BH_s24_medium,38,180,44.0,0.10054454952478409,0.09733779125607081
BH_s24_medium,38,181,44.03333333333333,0.9196362495422363,0.08607558576146739
BH_s24_medium,38,182,44.06666666666667,1.4869929552078247,0.09000150405070349
BH_s24_medium,38,183,44.1,1.5818623304367065,0.11093366261080438
BH_s24_medium,38,184,44.13333333333333,1.4403566122055054,0.14574303520863546
BH_s24_medium,38,185,44.166666666666664,1.2360458374023438,0.18484506711862614
BH_s24_medium,38,186,44.2,0.9840378165245056,0.21216384529345206
BH_s24_medium,38,187,44.233333333333334,0.7320297956466675,0.20786285655187192
BH_s24_medium,38,188,44.266666666666666,0.48002180457115173,0.15414483973313312
BH_s24_medium,38,189,44.3,0.32050931453704834,0.04274800811965268
BH_s24_medium,38,190,44.333333333333336,0.2574416697025299,-0.1187706404823627
BH_s24_medium,38,191,44.36666666666667,0.1799226701259613,-0.30523573944898025
BH_s24_medium,38,192,44.4,0.06823872029781342,-0.4784540092909235
BH_s24_medium,38,193,44.43333333333333,-0.07208534330129623,-0.5975967695569776
BH_s24_medium,38,194,44.46666666666667,-0.2121468186378479,-0.6321383767303574
BH_s24_medium,38,195,44.5,-0.387160986661911,-0.5724384290755565
BH_s24_medium,38,196,44.53333333333333,-0.5131649971008301,-0.4331919170572423
BH_s24_medium,38,197,44.56666666666667,-0.6255053877830505,-0.24768833958274344
BH_s24_medium,38,198,44.6,-0.7021053433418274,-0.05542506520613533
BH_s24_medium,38,199,44.63333333333333,-0.765041708946228,0.11086104820192326
BH_s24_medium,38,200,44.666666666666664,-0.8147083520889282,0.23285264554870197
BH_s24_medium,38,201,44.7,-0.877776026725769,0.30663793683797685
BH_s24_medium,38,202,44.733333333333334,-0.8907831311225891,0.3371584652629597
BH_s24_medium,38,203,44.766666666666666,-0.9408436417579651,0.331897751209586
BH_s24_medium,38,204,44.8,-0.9280990958213806,0.29781284012999004
BH_s24_medium,38,205,44.833333333333336,-0.6255068778991699,0.24223007128821808
BH_s24_medium,38,206,44.86666666666667,0.09254471957683563,0.1751202610647052
BH_s24_medium,38,207,44.9,1.0499910116195679,0.10939818263737582
BH_s24_medium,38,208,44.93333333333333,1.8077232837677002,0.05823030149738212
BH_s24_medium,38,209,44.96666666666667,2.0233359336853027,0.031079886443540306
BH_s24_medium,38,210,45.0,1.948311448097229,0.03071952163968634
BH_s24_medium,38,211,45.03333333333333,1.8104819059371948,0.05235639634319656
BH_s24_medium,38,212,45.06666666666667,1.6215416193008423,0.08507160312623582
BH_s24_medium,38,213,45.1,1.3579707145690918,0.1151309570602828
BH_s24_medium,38,214,45.13333333333333,0.9913902282714844,0.13003115965625292
BH_s24_medium,38,215,45.166666666666664,0.687614917755127,0.12183704350153092
BH_s24_medium,38,216,45.2,0.5616108775138855,0.08886620893114769
BH_s24_medium,38,217,45.233333333333334,0.4356068968772888,0.03565969038776849
BH_s24_medium,38,218,45.266666666666666,0.24653524160385132,-0.028271617822361754
BH_s24_medium,38,219,45.3,0.06823872029781342,-0.09054287308810502
BH_s24_medium,38,220,45.333333333333336,-0.07918425649404526,-0.13893758728903607
BH_s24_medium,38,221,45.36666666666667,-0.26812461018562317,-0.16550450679582088
BH_s24_medium,38,222,45.4,-0.44668373465538025,-0.1708099810597527
BH_s24_medium,38,223,45.43333333333333,-0.5726877450942993,-0.16601281532245993
BH_s24_medium,38,224,45.46666666666667,-0.698691725730896,-0.16993206930033322
BH_s24_medium,38,225,45.5,-0.7616280913352966,-0.20015365804152396
BH_s24_medium,38,226,45.53333333333333,-0.8245644569396973,-0.2612872667062244
BH_s24_medium,38,227,45.56666666666667,-0.8875008225440979,-0.33685643628613654
BH_s24_medium,38,228,45.6,-0.9504371285438538,-0.39088369931104333
BH_s24_medium,38,229,45.63333333333333,-1.0039112567901611,-0.38039720922138354
BH_s24_medium,38,230,45.666666666666664,-1.066978931427002,-0.27341653613974615
BH_s24_medium,38,231,45.7,-1.066978931427002,-0.06376871002495238
BH_s24_medium,38,232,45.733333333333334,-1.0760473012924194,0.22296589076399664
BH_s24_medium,38,233,45.766666666666666,-1.1211096048355103,0.5332046855662815
BH_s24_medium,38,234,45.8,-0.8337473273277283,0.7974509280576781
BH_s24_medium,38,235,45.833333333333336,-0.0602431520819664,0.948332947637471
BH_s24_medium,38,236,45.86666666666667,0.9650064706802368,0.9398291222488457
BH_s24_medium,38,237,45.9,1.8761920928955078,0.7612166980631645
BH_s24_medium,38,238,45.93333333333333,2.275606393814087,0.4409765902123556
BH_s24_medium,38,239,45.96666666666667,2.259307861328125,0.0400127664080306
BH_s24_medium,39,0,39.0,-0.877776026725769,-0.01714804569810744
BH_s24_medium,39,1,39.03333333333333,-0.913234293460846,-2.4202855730495094
BH_s24_medium,39,2,39.06666666666667,-0.9408436417579651,-4.446929002926938
BH_s24_medium,39,3,39.1,-1.0039112567901611,-5.816004608859173
BH_s24_medium,39,4,39.13333333333333,-1.0039112567901611,-6.407581270704876
BH_s24_medium,39,5,39.166666666666664,-1.0388444662094116,-6.27618804586905
BH_s24_medium,39,6,39.2,-1.066978931427002,-5.607977048883468
BH_s24_medium,39,7,39.233333333333334,-0.9976378679275513,-4.64633209668066
BH_s24_medium,39,8,39.266666666666666,-0.5789444446563721,-3.618796353946577
BH_s24_medium,39,9,39.3,0.18295912444591522,-2.6878118903216945
BH_s24_medium,39,10,39.333333333333336,0.9676428437232971,-1.932793164836602
BH_s24_medium,39,11,39.36666666666667,1.3978824615478516,-1.3593299338538856
BH_s24_medium,39,12,39.4,1.455726981163025,-0.9249594277727412
BH_s24_medium,39,13,39.43333333333333,1.358776569366455,-0.5696391272519394
BH_s24_medium,39,14,39.46666666666667,1.266524076461792,-0.24121374257561756
BH_s24_medium,39,15,39.5,1.169836163520813,0.08972827290185814
BH_s24_medium,39,16,39.53333333333333,0.9472756385803223,0.42659816333836525
BH_s24_medium,39,17,39.56666666666667,0.758335292339325,0.7525744983575723
BH_s24_medium,39,18,39.6,0.5395535826683044,1.0412055644963518
BH_s24_medium,39,19,39.63333333333333,0.4766172468662262,1.267688232840545
BH_s24_medium,39,20,39.666666666666664,0.3835769593715668,1.4175372880489419
BH_s24_medium,39,21,39.7,0.2876768708229065,1.4905606293408207
BH_s24_medium,39,22,39.733333333333334,0.12897174060344696,1.4994494277310153
BH_s24_medium,39,23,39.766666666666666,0.0030990231316536665,1.4639509655231595
BH_s24_medium,39,24,39.8,-0.15340277552604675,1.403251588858136
BH_s24_medium,39,25,39.833333333333336,-0.2794067859649658,1.3298578612640497
BH_s24_medium,39,26,39.86666666666667,-0.4054107964038849,1.2472736082026048
BH_s24_medium,39,27,39.9,-0.531414806842804,1.1518397495559765
BH_s24_medium,39,28,39.93333333333333,-0.5943511724472046,1.0373929579966779
BH_s24_medium,39,29,39.96666666666667,-0.6572874784469604,0.9004748068001286
BH_s24_medium,39,30,40.0,-0.7202238440513611,0.7438111516856596
BH_s24_medium,39,31,40.03333333333333,-0.8147083520889282,0.5766671913313549
BH_s24_medium,39,32,40.06666666666667,-0.8460965752601624,0.41217824428463906
BH_s24_medium,39,33,40.1,-0.877776026725769,0.26320595225824156
BH_s24_medium,39,34,40.13333333333333,-0.9089016318321228,0.1389143001572665
BH_s24_medium,39,35,40.166666666666664,-0.9408436417579651,0.04355327424894234
BH_s24_medium,39,36,40.2,-0.9730482697486877,-0.02278096383820389
BH_s24_medium,39,37,40.233333333333334,-0.6917814016342163,-0.06279633764734774
BH_s24_medium,39,38,40.266666666666666,-0.06349684298038483,-0.08102979520542031
BH_s24_medium,39,39,40.3,0.692527174949646,-0.08331296041346256
BH_s24_medium,39,40,40.333333333333336,1.168334722518921,-0.07662092756292094
BH_s24_medium,39,41,40.36666666666667,1.266524076461792,-0.06929872394547588
BH_s24_medium,39,42,40.4,1.1103135347366333,-0.07112334838604792
BH_s24_medium,39,43,40.43333333333333,0.921241819858551,-0.09235707920786801
BH_s24_medium,39,44,40.46666666666667,0.7654251456260681,-0.14169397080365084
BH_s24_medium,39,45,40.5,0.5764847993850708,-0.22398296449759472
BH_s24_medium,39,46,40.53333333333333,0.41709452867507935,-0.3387194556110727
BH_s24_medium,39,47,40.56666666666667,0.32050931453704834,-0.4795932686703877
BH_s24_medium,39,48,40.6,0.2912217974662781,-0.6346350769472426
BH_s24_medium,39,49,40.63333333333333,0.22828544676303864,-0.786448026292193
BH_s24_medium,39,50,40.666666666666664,0.10228144377470016,-0.9128040174246118
BH_s24_medium,39,51,40.7,0.039345089346170425,-0.9888009480806907
BH_s24_medium,39,52,40.733333333333334,-0.11542125046253204,-0.9917562944800501
BH_s24_medium,39,53,40.766666666666666,-0.27573058009147644,-0.9083639277032552
BH_s24_medium,39,54,40.8,-0.4017345607280731,-0.7410857255284211
BH_s24_medium,39,55,40.833333333333336,-0.5277385711669922,-0.509880968090659
BH_s24_medium,39,56,40.86666666666667,-0.5906749367713928,-0.24771366563133723
BH_s24_medium,39,57,40.9,-0.6536113023757935,0.008301149013434407
BH_s24_medium,39,58,40.93333333333333,-0.7165476679801941,0.22652646074144145
BH_s24_medium,39,59,40.96666666666667,-0.7516407370567322,0.3878181106303092
BH_s24_medium,39,60,41.0,-0.8147083520889282,0.48773114578531884
BH_s24_medium,39,61,41.03333333333333,-0.8422890305519104,0.5336507438856126
BH_s24_medium,39,62,41.06666666666667,-0.877776026725769,0.5388448543185104
BH_s24_medium,39,63,41.1,-0.7327540516853333,0.5167108520486312
BH_s24_medium,39,64,41.13333333333333,-0.1470462679862976,0.4777994041675172
BH_s24_medium,39,65,41.166666666666664,0.5729656219482422,0.43012607290630533
BH_s24_medium,39,66,41.2,1.248085618019104,0.38122320462940135
BH_s24_medium,39,67,41.233333333333334,1.5187946557998657,0.3395403576559416
BH_s24_medium,39,68,41.266666666666666,1.4921330213546753,0.31356206953829313
BH_s24_medium,39,69,41.3,1.3661290407180786,0.30864910435877924
BH_s24_medium,39,70,41.333333333333336,1.2401249408721924,0.3230550109445539
BH_s24_medium,39,71,41.36666666666667,1.0247855186462402,0.3452772383946812
BH_s24_medium,39,72,41.4,0.7727775573730469,0.3547271020738953
BH_s24_medium,39,73,41.43333333333333,0.6098423600196838,0.32665423079138434
BH_s24_medium,39,74,41.46666666666667,0.48383837938308716,0.2405718122038366
BH_s24_medium,39,75,41.5,0.3835769593715668,0.0896075832247828
BH_s24_medium,39,76,41.53333333333333,0.29489803314208984,-0.11305348989223302
BH_s24_medium,39,77,41.56666666666667,0.16889402270317078,-0.33446451107022546
BH_s24_medium,39,78,41.6,0.04289001226425171,-0.5308368853912849
BH_s24_medium,39,79,41.63333333333333,-0.10833140462636948,-0.6626100328581074
BH_s24_medium,39,80,41.666666666666664,-0.27218565344810486,-0.7082593612080706
BH_s24_medium,39,81,41.7,-0.39818963408470154,-0.6692531791944523
BH_s24_medium,39,82,41.733333333333334,-0.4611259996891022,-0.565151404125144
BH_s24_medium,39,83,41.766666666666666,-0.5624377727508545,-0.4242813312115885
BH_s24_medium,39,84,41.8,-0.6500663757324219,-0.2752770676830327
BH_s24_medium,39,85,41.833333333333336,-0.6885730624198914,-0.14114906523990312
BH_s24_medium,39,86,41.86666666666667,-0.7516407370567322,-0.03589605647321898
BH_s24_medium,39,87,41.9,-0.8147083520889282,0.036360241569987406
BH_s24_medium,39,88,41.93333333333333,-0.8147083520889282,0.08030109003307824
BH_s24_medium,39,89,41.96666666666667,-0.877776026725769,0.10727527504215188
BH_s24_medium,39,90,42.0,-0.877776026725769,0.13204256557363667
BH_s24_medium,39,91,42.03333333333333,-0.7437826991081238,0.16795143922402292
BH_s24_medium,39,92,42.06666666666667,-0.2321712225675583,0.2216678093808371
BH_s24_medium,39,93,42.1,0.5706114172935486,0.2900939293228076
BH_s24_medium,39,94,42.13333333333333,1.3827641010284424,0.3613727653568803
BH_s24_medium,39,95,42.166666666666664,1.8172986507415771,0.4196687898298866
BH_s24_medium,39,96,42.2,1.8742151260375977,0.45164671795951056
BH_s24_medium,39,97,42.233333333333334,1.7710652351379395,0.45185816831713455
BH_s24_medium,39,98,42.266666666666666,1.6852747201919556,0.42453463146946213
BH_s24_medium,39,99,42.3,1.47361159324646,0.38066837640661855
BH_s24_medium,39,100,42.333333333333336,1.221603512763977,0.3314753162299568
BH_s24_medium,39,101,42.36666666666667,0.9695955514907837,0.2813022365225981
BH_s24_medium,39,102,42.4,0.7397851943969727,0.22364918971232212
BH_s24_medium,39,103,42.43333333333333,0.613781213760376,0.14288509518091505
BH_s24_medium,39,104,42.46666666666667,0.4877771735191345,0.02182252119220728
BH_s24_medium,39,105,42.5,0.3399693965911865,-0.14755185592823467
BH_s24_medium,39,106,42.53333333333333,0.15102903544902802,-0.3550505347695421
BH_s24_medium,39,107,42.56666666666667,0.025156324729323387,-0.5700713168014575
BH_s24_medium,39,108,42.6,-0.14237412810325623,-0.7489318922087416
BH_s24_medium,39,109,42.63333333333333,-0.3314457833766937,-0.8497151597079557
BH_s24_medium,39,110,42.666666666666664,-0.4574497938156128,-0.8475944566932175
BH_s24_medium,39,111,42.7,-0.5203861594200134,-0.7427700563801373
BH_s24_medium,39,112,42.733333333333334,-0.6255053877830505,-0.5582088494434708
BH_s24_medium,39,113,42.766666666666666,-0.6885730624198914,-0.3305558799120727
BH_s24_medium,39,114,42.8,-0.7516407370567322,-0.09956406251898299
BH_s24_medium,39,115,42.833333333333336,-0.8147083520889282,0.10053540482568603
BH_s24_medium,39,116,42.86666666666667,-0.8350679278373718,0.2469230153468449
BH_s24_medium,39,117,42.9,-0.877776026725769,0.33158146505653796
BH_s24_medium,39,118,42.93333333333333,-0.877776026725769,0.3616560694940914
BH_s24_medium,39,119,42.96666666666667,-0.9408436417579651,0.35571518665483753
BH_s24_medium,39,120,43.0,-0.9210093021392822,0.33624798500148356
BH_s24_medium,39,121,43.03333333333333,-0.6925314664840698,0.3210320163514402
BH_s24_medium,39,122,43.06666666666667,-0.06660109758377075,0.3170822678929907
BH_s24_medium,39,123,43.1,0.8544392585754395,0.31980083925318964
BH_s24_medium,39,124,43.13333333333333,1.6590991020202637,0.31722615835331314
BH_s24_medium,39,125,43.166666666666664,1.9794460535049438,0.2967751989417956
BH_s24_medium,39,126,43.2,2.004289150238037,0.251182518502384
BH_s24_medium,39,127,43.233333333333334,1.8782851696014404,0.18139170798113952
BH_s24_medium,39,128,43.266666666666666,1.7522811889648438,0.09590631628407856
BH_s24_medium,39,129,43.3,1.5445568561553955,0.007575418567699683
BH_s24_medium,39,130,43.333333333333336,1.2109596729278564,-0.07057464302823933
BH_s24_medium,39,131,43.36666666666667,0.9144054651260376,-0.12898791543890276
BH_s24_medium,39,132,43.4,0.7254651188850403,-0.16375379330505258
BH_s24_medium,39,133,43.43333333333333,0.6177200078964233,-0.17691111094082293
BH_s24_medium,39,134,43.46666666666667,0.4917159974575043,-0.17493312864337154
BH_s24_medium,39,135,43.5,0.34784701466560364,-0.16593340048601649
BH_s24_medium,39,136,43.53333333333333,0.15890663862228394,-0.15666537521377422
BH_s24_medium,39,137,43.56666666666667,0.033033933490514755,-0.15049084711587862
BH_s24_medium,39,138,43.6,-0.13843531906604767,-0.14689420253499372
BH_s24_medium,39,139,43.63333333333333,-0.32750698924064636,-0.1423839551924335
BH_s24_medium,39,140,43.666666666666664,-0.4363024830818176,-0.132319997490157
BH_s24_medium,39,141,43.7,-0.5164473652839661,-0.11309768708665427
BH_s24_medium,39,142,43.733333333333334,-0.6255053877830505,-0.08389022269727382
BH_s24_medium,39,143,43.766666666666666,-0.6885730624198914,-0.047144901289256975
BH_s24_medium,39,144,43.8,-0.7516407370567322,-0.007598432508637254
BH_s24_medium,39,145,43.833333333333336,-0.8147083520889282,0.029610016714853155
BH_s24_medium,39,146,43.86666666666667,-0.8311291337013245,0.06069627970037051
BH_s24_medium,39,147,43.9,-0.8940654993057251,0.08408305163920779
BH_s24_medium,39,148,43.93333333333333,-0.9085273146629333,0.10035210136472929
BH_s24_medium,39,149,43.96666666666667,-0.6084387302398682,0.11182680069322798
BH_s24_medium,39,150,44.0,0.10054454952478409,0.12207792144285089
BH_s24_medium,39,151,44.03333333333333,0.9196362495422363,0.13518657813264745
BH_s24_medium,39,152,44.06666666666667,1.4869929552078247,0.15459045642573285
BH_s24_medium,39,153,44.1,1.5818623304367065,0.18163630375021902
BH_s24_medium,39,154,44.13333333333333,1.4403566122055054,0.21415771905184688
BH_s24_medium,39,155,44.166666666666664,1.2360458374023438,0.24549547055789692
BH_s24_medium,39,156,44.2,0.9840378165245056,0.2644937115276826
BH_s24_medium,39,157,44.233333333333334,0.7320297956466675,0.2570249126355414
BH_s24_medium,39,158,44.266666666666666,0.48002180457115173,0.2093189212471771
BH_s24_medium,39,159,44.3,0.32050931453704834,0.11271411987811515
BH_s24_medium,39,160,44.333333333333336,0.2574416697025299,-0.031430359913952766
BH_s24_medium,39,161,44.36666666666667,0.1799226701259613,-0.2085867921580479
BH_s24_medium,39,162,44.4,0.06823872029781342,-0.3915896546330498
BH_s24_medium,39,163,44.43333333333333,-0.07208534330129623,-0.5458818758813332
BH_s24_medium,39,164,44.46666666666667,-0.2121468186378479,-0.638817093746239
BH_s24_medium,39,165,44.5,-0.387160986661911,-0.6500692013736148
BH_s24_medium,39,166,44.53333333333333,-0.5131649971008301,-0.5784228166359602
BH_s24_medium,39,167,44.56666666666667,-0.6255053877830505,-0.4412275560575888
BH_s24_medium,39,168,44.6,-0.7021053433418274,-0.26708330549450926
BH_s24_medium,39,169,44.63333333333333,-0.765041708946228,-0.08626401202414934
BH_s24_medium,39,170,44.666666666666664,-0.8147083520889282,0.07647355409061839
BH_s24_medium,39,171,44.7,-0.877776026725769,0.20478688000532577
BH_s24_medium,39,172,44.733333333333334,-0.8907831311225891,0.2902505353832626
BH_s24_medium,39,173,44.766666666666666,-0.9408436417579651,0.33074318327030605
BH_s24_medium,39,174,44.8,-0.9280990958213806,0.32964944436720117
BH_s24_medium,39,175,44.833333333333336,-0.6255068778991699,0.29605916470505617
BH_s24_medium,39,176,44.86666666666667,0.09254471957683563,0.244232281658473
BH_s24_medium,39,177,44.9,1.0499910116195679,0.19061666222103163
BH_s24_medium,39,178,44.93333333333333,1.8077232837677002,0.14916318824146496
BH_s24_medium,39,179,44.96666666666667,2.0233359336853027,0.12766360701356233
BH_s24_medium,39,180,45.0,1.948311448097229,0.12688448315433545
BH_s24_medium,39,181,45.03333333333333,1.8104819059371948,0.1420677163335556
BH_s24_medium,39,182,45.06666666666667,1.6215416193008423,0.16548186040595145
BH_s24_medium,39,183,45.1,1.3579707145690918,0.18900351225999726
BH_s24_medium,39,184,45.13333333333333,0.9913902282714844,0.20603065271344714
BH_s24_medium,39,185,45.166666666666664,0.687614917755127,0.21230468368030606
BH_s24_medium,39,186,45.2,0.5616108775138855,0.20573120757523894
BH_s24_medium,39,187,45.233333333333334,0.4356068968772888,0.18578178036905726
BH_s24_medium,39,188,45.266666666666666,0.24653524160385132,0.1531102374042759
BH_s24_medium,39,189,45.3,0.06823872029781342,0.10952066841153467
BH_s24_medium,39,190,45.333333333333336,-0.07918425649404526,0.05772220783011025
BH_s24_medium,39,191,45.36666666666667,-0.26812461018562317,0.00014843887516808197
BH_s24_medium,39,192,45.4,-0.44668373465538025,-0.06305017253937253
BH_s24_medium,39,193,45.43333333333333,-0.5726877450942993,-0.1353868480630424
BH_s24_medium,39,194,45.46666666666667,-0.698691725730896,-0.22263410230300104
BH_s24_medium,39,195,45.5,-0.7616280913352966,-0.32771104027237935
BH_s24_medium,39,196,45.53333333333333,-0.8245644569396973,-0.4440216985259442
BH_s24_medium,39,197,45.56666666666667,-0.8875008225440979,-0.5518545248875246
BH_s24_medium,39,198,45.6,-0.9504371285438538,-0.6217528247177945
BH_s24_medium,39,199,45.63333333333333,-1.0039112567901611,-0.6248030391214491
BH_s24_medium,39,200,45.666666666666664,-1.066978931427002,-0.5449548648882285
BH_s24_medium,39,201,45.7,-1.066978931427002,-0.38680439348044765
BH_s24_medium,39,202,45.733333333333334,-1.0760473012924194,-0.1754627248923039
BH_s24_medium,39,203,45.766666666666666,-1.1211096048355103,0.05042756092892941
BH_s24_medium,39,204,45.8,-0.8337473273277283,0.2496204643234732
BH_s24_medium,39,205,45.833333333333336,-0.0602431520819664,0.3899398010765084
BH_s24_medium,39,206,45.86666666666667,0.9650064706802368,0.4568231173615065
BH_s24_medium,39,207,45.9,1.8761920928955078,0.4552601858785918
BH_s24_medium,39,208,45.93333333333333,2.275606393814087,0.40463745932993866
BH_s24_medium,39,209,45.96666666666667,2.259307861328125,0.3296542616590026
BH_s24_medium,39,210,46.0,2.078385591506958,0.25198158053811326
BH_s24_medium,39,211,46.03333333333333,1.9444948434829712,0.1859258565475844
BH_s24_medium,39,212,46.06666666666667,1.629419207572937,0.13824699849228506
BH_s24_medium,39,213,46.1,1.306719422340393,0.10984114967409286
BH_s24_medium,39,214,46.13333333333333,0.9362002015113831,0.09692944280190072
BH_s24_medium,39,215,46.166666666666664,0.6841921806335449,0.09114567998854148
BH_s24_medium,39,216,46.2,0.5024820566177368,0.07976766235070462
BH_s24_medium,39,217,46.233333333333334,0.3693791329860687,0.04789012663768931
BH_s24_medium,39,218,46.266666666666666,0.18043877184391022,-0.016809050485117813
BH_s24_medium,39,219,46.3,-0.008501589298248291,-0.118021436758744
BH_s24_medium,39,220,46.333333333333336,-0.1974419504404068,-0.24625766305842484
BH_s24_medium,39,221,46.36666666666667,-0.4428762197494507,-0.3787867087447766
BH_s24_medium,39,222,46.4,-0.5688802003860474,-0.4856727381516276
BH_s24_medium,39,223,46.43333333333333,-0.6948842406272888,-0.5403660117811973
BH_s24_medium,39,224,46.46666666666667,-0.8208882212638855,-0.5296929120798056
BH_s24_medium,39,225,46.5,-0.8838245868682861,-0.45750047479397915
BH_s24_medium,39,226,46.53333333333333,-0.9467609524726868,-0.34028417716449233
BH_s24_medium,39,227,46.56666666666667,-1.0096973180770874,-0.19828821414469755
BH_s24_medium,39,228,46.6,-1.066978931427002,-0.04747356371596355
BH_s24_medium,39,229,46.63333333333333,-1.1300466060638428,0.10396916901783727
BH_s24_medium,39,230,46.666666666666664,-1.1300466060638428,0.254071055470461
BH_s24_medium,39,231,46.7,-1.1931142807006836,0.40236540615370864
BH_s24_medium,39,232,46.733333333333334,-1.1931142807006836,0.5443933726543654
BH_s24_medium,39,233,46.766666666666666,-1.1931142807006836,0.6676760349344384
BH_s24_medium,39,234,46.8,-1.183380365371704,0.7515179374783286
BH_s24_medium,39,235,46.833333333333336,-0.7232269048690796,0.7720553640202616
BH_s24_medium,39,236,46.86666666666667,0.10967779904603958,0.711048921222055
BH_s24_medium,39,237,46.9,1.2392407655715942,0.5642797762139854
BH_s24_medium,39,238,46.93333333333333,2.0363609790802,0.34551931516010154
BH_s24_medium,39,239,46.96666666666667,2.2713959217071533,0.08457698873454732
BH_s24_medium,40,0,40.0,-0.7202238440513611,0.0711574321657982
BH_s24_medium,40,1,40.03333333333333,-0.8147083520889282,-2.4186376009574055
BH_s24_medium,40,2,40.06666666666667,-0.8460965752601624,-4.519969955959091
BH_s24_medium,40,3,40.1,-0.877776026725769,-5.940318265331283
BH_s24_medium,40,4,40.13333333333333,-0.9089016318321228,-6.551888716459977
BH_s24_medium,40,5,40.166666666666664,-0.9408436417579651,-6.406054614338421
BH_s24_medium,40,6,40.2,-0.9730482697486877,-5.6904872785906875
BH_s24_medium,40,7,40.233333333333334,-0.6917814016342163,-4.653612914557534
BH_s24_medium,40,8,40.266666666666666,-0.06349684298038483,-3.5302780412543546
BH_s24_medium,40,9,40.3,0.692527174949646,-2.492317858703491
BH_s24_medium,40,10,40.333333333333336,1.168334722518921,-1.6316028493310901
BH_s24_medium,40,11,40.36666666666667,1.266524076461792,-0.9699844405878805
BH_s24_medium,40,12,40.4,1.1103135347366333,-0.4838804503963169
BH_s24_medium,40,13,40.43333333333333,0.921241819858551,-0.1309806361017385
BH_s24_medium,40,14,40.46666666666667,0.7654251456260681,0.12957818967131063
BH_s24_medium,40,15,40.5,0.5764847993850708,0.3269434251953933
BH_s24_medium,40,16,40.53333333333333,0.41709452867507935,0.47711486423319216
BH_s24_medium,40,17,40.56666666666667,0.32050931453704834,0.5869317912617524
BH_s24_medium,40,18,40.6,0.2912217974662781,0.659880609076466
BH_s24_medium,40,19,40.63333333333333,0.22828544676303864,0.701175885370961
BH_s24_medium,40,20,40.666666666666664,0.10228144377470016,0.7207248030360188
BH_s24_medium,40,21,40.7,0.039345089346170425,0.7333110222339163
BH_s24_medium,40,22,40.733333333333334,-0.11542125046253204,0.7557965258301215
BH_s24_medium,40,23,40.766666666666666,-0.27573058009147644,0.8019915750874477
BH_s24_medium,40,24,40.8,-0.4017345607280731,0.8772276966899086
BH_s24_medium,40,25,40.833333333333336,-0.5277385711669922,0.9754577341869475
BH_s24_medium,40,26,40.86666666666667,-0.5906749367713928,1.0807976420546899
BH_s24_medium,40,27,40.9,-0.6536113023757935,1.1730964029754614
BH_s24_medium,40,28,40.93333333333333,-0.7165476679801941,1.2347456148537865
BH_s24_medium,40,29,40.96666666666667,-0.7516407370567322,1.2552702239899147
BH_s24_medium,40,30,41.0,-0.8147083520889282,1.2319418052472682
BH_s24_medium,40,31,41.03333333333333,-0.8422890305519104,1.1672267739514202
BH_s24_medium,40,32,41.06666666666667,-0.877776026725769,1.0653818167608358
BH_s24_medium,40,33,41.1,-0.7327540516853333,0.9304096822452699
BH_s24_medium,40,34,41.13333333333333,-0.1470462679862976,0.7663810094648985
BH_s24_medium,40,35,41.166666666666664,0.5729656219482422,0.5795608796965058
BH_s24_medium,40,36,41.2,1.248085618019104,0.38061515553193564
BH_s24_medium,40,37,41.233333333333334,1.5187946557998657,0.18497872904239812
BH_s24_medium,40,38,41.266666666666666,1.4921330213546753,0.010360085667049598
BH_s24_medium,40,39,41.3,1.3661290407180786,-0.1281287734236045
BH_s24_medium,40,40,41.333333333333336,1.2401249408721924,-0.22336258883210294
BH_s24_medium,40,41,41.36666666666667,1.0247855186462402,-0.2797585787062399
BH_s24_medium,40,42,41.4,0.7727775573730469,-0.31325123261083826
BH_s24_medium,40,43,41.43333333333333,0.6098423600196838,-0.3471625804174726
BH_s24_medium,40,44,41.46666666666667,0.48383837938308716,-0.40471257750657336
BH_s24_medium,40,45,41.5,0.3835769593715668,-0.5002142193651538
BH_s24_medium,40,46,41.53333333333333,0.29489803314208984,-0.6322045921139969
BH_s24_medium,40,47,41.56666666666667,0.16889402270317078,-0.7820327586410663
BH_s24_medium,40,48,41.6,0.04289001226425171,-0.9197922420806562
BH_s24_medium,40,49,41.63333333333333,-0.10833140462636948,-1.015635014234195
BH_s24_medium,40,50,41.666666666666664,-0.27218565344810486,-1.0503029296858455
BH_s24_medium,40,51,41.7,-0.39818963408470154,-1.0188228075652546
BH_s24_medium,40,52,41.733333333333334,-0.4611259996891022,-0.9272109051254804
BH_s24_medium,40,53,41.766666666666666,-0.5624377727508545,-0.7872534693786928
BH_s24_medium,40,54,41.8,-0.6500663757324219,-0.6132821031842107
BH_s24_medium,40,55,41.833333333333336,-0.6885730624198914,-0.42081251747912474
BH_s24_medium,40,56,41.86666666666667,-0.7516407370567322,-0.22547524470527097
BH_s24_medium,40,57,41.9,-0.8147083520889282,-0.04151614198907812
BH_s24_medium,40,58,41.93333333333333,-0.8147083520889282,0.12017678949759764
BH_s24_medium,40,59,41.96666666666667,-0.877776026725769,0.2540681243141801
BH_s24_medium,40,60,42.0,-0.877776026725769,0.36073202849876934
BH_s24_medium,40,61,42.03333333333333,-0.7437826991081238,0.445181848502408
BH_s24_medium,40,62,42.06666666666667,-0.2321712225675583,0.5132749195978028
BH_s24_medium,40,63,42.1,0.5706114172935486,0.5683280942323499
BH_s24_medium,40,64,42.13333333333333,1.3827641010284424,0.6098650186896648
BH_s24_medium,40,65,42.166666666666664,1.8172986507415771,0.6348489321426514
BH_s24_medium,40,66,42.2,1.8742151260375977,0.6403053796872668
BH_s24_medium,40,67,42.233333333333334,1.7710652351379395,0.6256791966732379
BH_s24_medium,40,68,42.266666666666666,1.6852747201919556,0.5936275147285245
BH_s24_medium,40,69,42.3,1.47361159324646,0.5487635835256661
BH_s24_medium,40,70,42.333333333333336,1.221603512763977,0.49468909158794744
BH_s24_medium,40,71,42.36666666666667,0.9695955514907837,0.4305001243894728
BH_s24_medium,40,72,42.4,0.7397851943969727,0.3487461441995274
BH_s24_medium,40,73,42.43333333333333,0.613781213760376,0.2368872239265914
BH_s24_medium,40,74,42.46666666666667,0.4877771735191345,0.0830499369503546
BH_s24_medium,40,75,42.5,0.3399693965911865,-0.1154377478041481
BH_s24_medium,40,76,42.53333333333333,0.15102903544902802,-0.3446112333780841
BH_s24_medium,40,77,42.56666666666667,0.025156324729323387,-0.5723010800506201
BH_s24_medium,40,78,42.6,-0.14237412810325623,-0.7553986194435299
BH_s24_medium,40,79,42.63333333333333,-0.3314457833766937,-0.8542832075101041
BH_s24_medium,40,80,42.666666666666664,-0.4574497938156128,-0.8474812695854654
BH_s24_medium,40,81,42.7,-0.5203861594200134,-0.7386882942114181
BH_s24_medium,40,82,42.733333333333334,-0.6255053877830505,-0.553686538875325
BH_s24_medium,40,83,42.766666666666666,-0.6885730624198914,-0.33097453588589276
BH_s24_medium,40,84,42.8,-0.7516407370567322,-0.11130670011752686
BH_s24_medium,40,85,42.833333333333336,-0.8147083520889282,0.071058657680975
BH_s24_medium,40,86,42.86666666666667,-0.8350679278373718,0.19481400073171187
BH_s24_medium,40,87,42.9,-0.877776026725769,0.25550961903616154
BH_s24_medium,40,88,42.93333333333333,-0.877776026725769,0.2657615442842841
BH_s24_medium,40,89,42.96666666666667,-0.9408436417579651,0.25039111330525987
BH_s24_medium,40,90,43.0,-0.9210093021392822,0.23689638824651443
BH_s24_medium,40,91,43.03333333333333,-0.6925314664840698,0.244435979620926
BH_s24_medium,40,92,43.06666666666667,-0.06660109758377075,0.2761754932485734
BH_s24_medium,40,93,43.1,0.8544392585754395,0.3187790212557819
BH_s24_medium,40,94,43.13333333333333,1.6590991020202637,0.34916939877492686
BH_s24_medium,40,95,43.166666666666664,1.9794460535049438,0.3449952541947668
BH_s24_medium,40,96,43.2,2.004289150238037,0.2940261139835627
BH_s24_medium,40,97,43.233333333333334,1.8782851696014404,0.19893127667565025
BH_s24_medium,40,98,43.266666666666666,1.7522811889648438,0.07621485885923548
BH_s24_medium,40,99,43.3,1.5445568561553955,-0.04963849146410896
BH_s24_medium,40,100,43.333333333333336,1.2109596729278564,-0.15422294649770565
BH_s24_medium,40,101,43.36666666666667,0.9144054651260376,-0.22050023282031678
BH_s24_medium,40,102,43.4,0.7254651188850403,-0.2430382747128752
BH_s24_medium,40,103,43.43333333333333,0.6177200078964233,-0.22821351488130606
BH_s24_medium,40,104,43.46666666666667,0.4917159974575043,-0.19073005978641544
BH_s24_medium,40,105,43.5,0.34784701466560364,-0.1479217498376431
BH_s24_medium,40,106,43.53333333333333,0.15890663862228394,-0.11397561298104864
BH_s24_medium,40,107,43.56666666666667,0.033033933490514755,-0.09606489605175773
BH_s24_medium,40,108,43.6,-0.13843531906604767,-0.09335946734072867
BH_s24_medium,40,109,43.63333333333333,-0.32750698924064636,-0.09869799100248852
BH_s24_medium,40,110,43.666666666666664,-0.4363024830818176,-0.10202905280598643
BH_s24_medium,40,111,43.7,-0.5164473652839661,-0.09443798519017706
BH_s24_medium,40,112,43.733333333333334,-0.6255053877830505,-0.07140780057898427
BH_s24_medium,40,113,43.766666666666666,-0.6885730624198914,-0.034182773633809206
BH_s24_medium,40,114,43.8,-0.7516407370567322,0.01108552675225994
BH_s24_medium,40,115,43.833333333333336,-0.8147083520889282,0.05579634374360825
BH_s24_medium,40,116,43.86666666666667,-0.8311291337013245,0.09187220513106395
BH_s24_medium,40,117,43.9,-0.8940654993057251,0.1142223233478228
BH_s24_medium,40,118,43.93333333333333,-0.9085273146629333,0.12206130481680647
BH_s24_medium,40,119,43.96666666666667,-0.6084387302398682,0.11891801471019005
BH_s24_medium,40,120,44.0,0.10054454952478409,0.11153422648084822
BH_s24_medium,40,121,44.03333333333333,0.9196362495422363,0.1080035370377636
BH_s24_medium,40,122,44.06666666666667,1.4869929552078247,0.11546897061121335
BH_s24_medium,40,123,44.1,1.5818623304367065,0.13766133684696086
BH_s24_medium,40,124,44.13333333333333,1.4403566122055054,0.1726822506304251
BH_s24_medium,40,125,44.166666666666664,1.2360458374023438,0.21170937137853482
BH_s24_medium,40,126,44.2,0.9840378165245056,0.23951690095870126
BH_s24_medium,40,127,44.233333333333334,0.7320297956466675,0.23750803976191848
BH_s24_medium,40,128,44.266666666666666,0.48002180457115173,0.1891513037777191
BH_s24_medium,40,129,44.3,0.32050931453704834,0.08652346614678719
BH_s24_medium,40,130,44.333333333333336,0.2574416697025299,-0.06436154037155237
BH_s24_medium,40,131,44.36666666666667,0.1799226701259613,-0.24196961095007052
BH_s24_medium,40,132,44.4,0.06823872029781342,-0.41296933864888297
BH_s24_medium,40,133,44.43333333333333,-0.07208534330129623,-0.5408918700806512
BH_s24_medium,40,134,44.46666666666667,-0.2121468186378479,-0.5971698955164336
BH_s24_medium,40,135,44.5,-0.387160986661911,-0.570446677972416
BH_s24_medium,40,136,44.53333333333333,-0.5131649971008301,-0.47005582043819466
BH_s24_medium,40,137,44.56666666666667,-0.6255053877830505,-0.32182453263615535
BH_s24_medium,40,138,44.6,-0.7021053433418274,-0.1582151662611348
BH_s24_medium,40,139,44.63333333333333,-0.765041708946228,-0.007719925861964426
BH_s24_medium,40,140,44.666666666666664,-0.8147083520889282,0.11180205030022264
BH_s24_medium,40,141,44.7,-0.877776026725769,0.19402404088084382
BH_s24_medium,40,142,44.733333333333334,-0.8907831311225891,0.24086051992147792
BH_s24_medium,40,143,44.766666666666666,-0.9408436417579651,0.2583157381898742
BH_s24_medium,40,144,44.8,-0.9280990958213806,0.253987756332287
BH_s24_medium,40,145,44.833333333333336,-0.6255068778991699,0.23644775137803795
BH_s24_medium,40,146,44.86666666666667,0.09254471957683563,0.2149139985419233
BH_s24_medium,40,147,44.9,1.0499910116195679,0.197750748465504
BH_s24_medium,40,148,44.93333333333333,1.8077232837677002,0.19015627722666964
BH_s24_medium,40,149,44.96666666666667,2.0233359336853027,0.19277358039034012
BH_s24_medium,40,150,45.0,1.948311448097229,0.20223397493818773
BH_s24_medium,40,151,45.03333333333333,1.8104819059371948,0.21307493436843308
BH_s24_medium,40,152,45.06666666666667,1.6215416193008423,0.21989137548202098
BH_s24_medium,40,153,45.1,1.3579707145690918,0.2188958433973378
BH_s24_medium,40,154,45.13333333333333,0.9913902282714844,0.2084577436155053
BH_s24_medium,40,155,45.166666666666664,0.687614917755127,0.1885932191758853
BH_s24_medium,40,156,45.2,0.5616108775138855,0.15991045684608657
BH_s24_medium,40,157,45.233333333333334,0.4356068968772888,0.12284308840119079
BH_s24_medium,40,158,45.266666666666666,0.24653524160385132,0.07775619068819538
BH_s24_medium,40,159,45.3,0.06823872029781342,0.02575029696994469
BH_s24_medium,40,160,45.333333333333336,-0.07918425649404526,-0.030794292342096886
BH_s24_medium,40,161,45.36666666666667,-0.26812461018562317,-0.08897141385488119
BH_s24_medium,40,162,45.4,-0.44668373465538025,-0.14746929978442502
BH_s24_medium,40,163,45.43333333333333,-0.5726877450942993,-0.20862586566596736
BH_s24_medium,40,164,45.46666666666667,-0.698691725730896,-0.278101559910064
BH_s24_medium,40,165,45.5,-0.7616280913352966,-0.3608175946290272
BH_s24_medium,40,166,45.53333333333333,-0.8245644569396973,-0.4546261650692193
BH_s24_medium,40,167,45.56666666666667,-0.8875008225440979,-0.5457401512260495
BH_s24_medium,40,168,45.6,-0.9504371285438538,-0.6099273674442026
BH_s24_medium,40,169,45.63333333333333,-1.0039112567901611,-0.6203758296595889
BH_s24_medium,40,170,45.666666666666664,-1.066978931427002,-0.5587163647093256
BH_s24_medium,40,171,45.7,-1.066978931427002,-0.42350741225537136
BH_s24_medium,40,172,45.733333333333334,-1.0760473012924194,-0.23244344006296
BH_s24_medium,40,173,45.766666666666666,-1.1211096048355103,-0.01804794654996151
BH_s24_medium,40,174,45.8,-0.8337473273277283,0.18141805911361222
BH_s24_medium,40,175,45.833333333333336,-0.0602431520819664,0.3331178319181297
BH_s24_medium,40,176,45.86666666666667,0.9650064706802368,0.4189896790549276
BH_s24_medium,40,177,45.9,1.8761920928955078,0.4394686481201119
BH_s24_medium,40,178,45.93333333333333,2.275606393814087,0.4103403589799034
BH_s24_medium,40,179,45.96666666666667,2.259307861328125,0.35495251435854136
BH_s24_medium,40,180,46.0,2.078385591506958,0.2958659643494699
BH_s24_medium,40,181,46.03333333333333,1.9444948434829712,0.2493362090524878
BH_s24_medium,40,182,46.06666666666667,1.629419207572937,0.22355403627377318
BH_s24_medium,40,183,46.1,1.306719422340393,0.2193663860659117
BH_s24_medium,40,184,46.13333333333333,0.9362002015113831,0.23177293445912808
BH_s24_medium,40,185,46.166666666666664,0.6841921806335449,0.251374921665455
BH_s24_medium,40,186,46.2,0.5024820566177368,0.265879248843983
BH_s24_medium,40,187,46.233333333333334,0.3693791329860687,0.2621777200472441
BH_s24_medium,40,188,46.266666666666666,0.18043877184391022,0.22936976891909666
BH_s24_medium,40,189,46.3,-0.008501589298248291,0.1623944692398443
BH_s24_medium,40,190,46.333333333333336,-0.1974419504404068,0.06498407375837666
BH_s24_medium,40,191,46.36666666666667,-0.4428762197494507,-0.04985640532846653
BH_s24_medium,40,192,46.4,-0.5688802003860474,-0.1630481792464847
BH_s24_medium,40,193,46.43333333333333,-0.6948842406272888,-0.2556926337157305
BH_s24_medium,40,194,46.46666666666667,-0.8208882212638855,-0.31554555036895376
BH_s24_medium,40,195,46.5,-0.8838245868682861,-0.34021571713292104
BH_s24_medium,40,196,46.53333333333333,-0.9467609524726868,-0.3355331248270034
BH_s24_medium,40,197,46.56666666666667,-1.0096973180770874,-0.3105817007882951
BH_s24_medium,40,198,46.6,-1.066978931427002,-0.27272638450955167
BH_s24_medium,40,199,46.63333333333333,-1.1300466060638428,-0.225464921156556
BH_s24_medium,40,200,46.666666666666664,-1.1300466060638428,-0.1696153146833612
BH_s24_medium,40,201,46.7,-1.1931142807006836,-0.10617745097457887
BH_s24_medium,40,202,46.733333333333334,-1.1931142807006836,-0.038746023258015835
BH_s24_medium,40,203,46.766666666666666,-1.1931142807006836,0.02589181243157984
BH_s24_medium,40,204,46.8,-1.183380365371704,0.07943153586422998
BH_s24_medium,40,205,46.833333333333336,-0.7232269048690796,0.11537714272317819
BH_s24_medium,40,206,46.86666666666667,0.10967779904603958,0.13216496418358614
BH_s24_medium,40,207,46.9,1.2392407655715942,0.13402485709908257
BH_s24_medium,40,208,46.93333333333333,2.0363609790802,0.12900231855364352
BH_s24_medium,40,209,46.96666666666667,2.2713959217071533,0.12539662555013212
BH_s24_medium,40,210,47.0,2.141312837600708,0.12845710284858233
BH_s24_medium,40,211,47.03333333333333,1.8932526111602783,0.1385411545592038
BH_s24_medium,40,212,47.06666666666667,1.7003644704818726,0.15096538204408524
BH_s24_medium,40,213,47.1,1.4446711540222168,0.15717307361388877
BH_s24_medium,40,214,47.13333333333333,1.0702130794525146,0.1467948818023147
BH_s24_medium,40,215,47.166666666666664,0.7585601806640625,0.11031310154888162
BH_s24_medium,40,216,47.2,0.569488525390625,0.04194582018924249
BH_s24_medium,40,217,47.233333333333334,0.5065521597862244,-0.05784314530977769
BH_s24_medium,40,218,47.266666666666666,0.37751930952072144,-0.18088780363325188
BH_s24_medium,40,219,47.3,0.18857896327972412,-0.3116338346343214
BH_s24_medium,40,220,47.333333333333336,-0.00036139474832452834,-0.4298402689710602
BH_s24_medium,40,221,47.36666666666667,-0.25236940383911133,-0.5154062259727786
BH_s24_medium,40,222,47.4,-0.44130975008010864,-0.5534638574412559
BH_s24_medium,40,223,47.43333333333333,-0.6278777718544006,-0.5373133277859308
BH_s24_medium,40,224,47.46666666666667,-0.7516407370567322,-0.468332204069527
BH_s24_medium,40,225,47.5,-0.8147083520889282,-0.3540011035522353
BH_s24_medium,40,226,47.53333333333333,-0.877776026725769,-0.20565495775939158
BH_s24_medium,40,227,47.56666666666667,-0.8796231746673584,-0.036729556910832406
BH_s24_medium,40,228,47.6,-0.942559540271759,0.13859238088165346
BH_s24_medium,40,229,47.63333333333333,-1.0039112567901611,0.3065902979885181
BH_s24_medium,40,230,47.666666666666664,-1.066978931427002,0.45490404440204807
BH_s24_medium,40,231,47.7,-1.1300466060638428,0.5728680636366651
BH_s24_medium,40,232,47.733333333333334,-1.1276651620864868,0.6517032756944826
BH_s24_medium,40,233,47.766666666666666,-0.7463436126708984,0.6853206658002656
BH_s24_medium,40,234,47.8,0.0747355967760086,0.6716337556712373
BH_s24_medium,40,235,47.833333333333336,1.0190343856811523,0.6133353669022039
BH_s24_medium,40,236,47.86666666666667,1.6455954313278198,0.5173302801161065
BH_s24_medium,40,237,47.9,1.7074633836746216,0.3929833801912264
BH_s24_medium,40,238,47.93333333333333,1.4549211263656616,0.2500332121028101
BH_s24_medium,40,239,47.96666666666667,1.2026413679122925,0.09722620256597987
BH_s24_medium,41,0,41.0,-0.8147083520889282,0.035510953155259525
BH_s24_medium,41,1,41.03333333333333,-0.8422890305519104,-2.4328854430585114
BH_s24_medium,41,2,41.06666666666667,-0.877776026725769,-4.517936626949572
BH_s24_medium,41,3,41.1,-0.7327540516853333,-5.930960404486122
BH_s24_medium,41,4,41.13333333333333,-0.1470462679862976,-6.544764822632427
BH_s24_medium,41,5,41.166666666666664,0.5729656219482422,-6.407899218367309
BH_s24_medium,41,6,41.2,1.248085618019104,-5.702800156319529
BH_s24_medium,41,7,41.233333333333334,1.5187946557998657,-4.672095690825023
BH_s24_medium,41,8,41.266666666666666,1.4921330213546753,-3.5462823702438233
BH_s24_medium,41,9,41.3,1.3661290407180786,-2.495840332096832
BH_s24_medium,41,10,41.333333333333336,1.2401249408721924,-1.6150335168270953
BH_s24_medium,41,11,41.36666666666667,1.0247855186462402,-0.9317317347464498
BH_s24_medium,41,12,41.4,0.7727775573730469,-0.4308895587709746
BH_s24_medium,41,13,41.43333333333333,0.6098423600196838,-0.0789680113566449
BH_s24_medium,41,14,41.46666666666667,0.48383837938308716,0.15933592141544217
BH_s24_medium,41,15,41.5,0.3835769593715668,0.31469497510348143
BH_s24_medium,41,16,41.53333333333333,0.29489803314208984,0.41426248902506413
BH_s24_medium,41,17,41.56666666666667,0.16889402270317078,0.4844613394232905
BH_s24_medium,41,18,41.6,0.04289001226425171,0.5502114446120395
BH_s24_medium,41,19,41.63333333333333,-0.10833140462636948,0.6296025219682476
BH_s24_medium,41,20,41.666666666666664,-0.27218565344810486,0.7284647327618913
BH_s24_medium,41,21,41.7,-0.39818963408470154,0.8403925395284668
BH_s24_medium,41,22,41.733333333333334,-0.4611259996891022,0.9524560714374225
BH_s24_medium,41,23,41.766666666666666,-0.5624377727508545,1.0516515239516964
BH_s24_medium,41,24,41.8,-0.6500663757324219,1.128205609648162
BH_s24_medium,41,25,41.833333333333336,-0.6885730624198914,1.1759434517640537
BH_s24_medium,41,26,41.86666666666667,-0.7516407370567322,1.191573171374376
BH_s24_medium,41,27,41.9,-0.8147083520889282,1.174114009054814
BH_s24_medium,41,28,41.93333333333333,-0.8147083520889282,1.1250764466407488
BH_s24_medium,41,29,41.96666666666667,-0.877776026725769,1.0493342775710413
BH_s24_medium,41,30,42.0,-0.877776026725769,0.9554933948338411
BH_s24_medium,41,31,42.03333333333333,-0.7437826991081238,0.8543611827761985
BH_s24_medium,41,32,42.06666666666667,-0.2321712225675583,0.7557351066400692
BH_s24_medium,41,33,42.1,0.5706114172935486,0.66535772244419
BH_s24_medium,41,34,42.13333333333333,1.3827641010284424,0.5836789844024648
BH_s24_medium,41,35,42.166666666666664,1.8172986507415771,0.5067901140508275
BH_s24_medium,41,36,42.2,1.8742151260375977,0.4290054272392838
BH_s24_medium,41,37,42.233333333333334,1.7710652351379395,0.3460533780947928
BH_s24_medium,41,38,42.266666666666666,1.6852747201919556,0.2573274879733121
BH_s24_medium,41,39,42.3,1.47361159324646,0.16569029576801836
BH_s24_medium,41,40,42.333333333333336,1.221603512763977,0.07445499324783142
BH_s24_medium,41,41,42.36666666666667,0.9695955514907837,-0.017073263853278044
BH_s24_medium,41,42,42.4,0.7397851943969727,-0.11676524459818965
BH_s24_medium,41,43,42.43333333333333,0.613781213760376,-0.23881247411303375
BH_s24_medium,41,44,42.46666666666667,0.4877771735191345,-0.3977857062537461
BH_s24_medium,41,45,42.5,0.3399693965911865,-0.5992401239669575
BH_s24_medium,41,46,42.53333333333333,0.15102903544902802,-0.8309909094337996
BH_s24_medium,41,47,42.56666666666667,0.025156324729323387,-1.060220916377268
BH_s24_medium,41,48,42.6,-0.14237412810325623,-1.240113909308791
BH_s24_medium,41,49,42.63333333333333,-0.3314457833766937,-1.3251441147723348
BH_s24_medium,41,50,42.666666666666664,-0.4574497938156128,-1.2882587562534293
BH_s24_medium,41,51,42.7,-0.5203861594200134,-1.131052774823602
BH_s24_medium,41,52,42.733333333333334,-0.6255053877830505,-0.8824750290742241
BH_s24_medium,41,53,42.766666666666666,-0.6885730624198914,-0.5883671194465683
BH_s24_medium,41,54,42.8,-0.7516407370567322,-0.29759851756922007
BH_s24_medium,41,55,42.833333333333336,-0.8147083520889282,-0.04991329711607064
BH_s24_medium,41,56,42.86666666666667,-0.8350679278373718,0.1319040024769273
BH_s24_medium,41,57,42.9,-0.877776026725769,0.24490782941369288
BH_s24_medium,41,58,42.93333333333333,-0.877776026725769,0.30376950607759434
BH_s24_medium,41,59,42.96666666666667,-0.9408436417579651,0.33367699676943835
BH_s24_medium,41,60,43.0,-0.9210093021392822,0.36015827850937177
BH_s24_medium,41,61,43.03333333333333,-0.6925314664840698,0.3993837994425206
BH_s24_medium,41,62,43.06666666666667,-0.06660109758377075,0.45271104880221574
BH_s24_medium,41,63,43.1,0.8544392585754395,0.5075105182225648
BH_s24_medium,41,64,43.13333333333333,1.6590991020202637,0.5435154702747753
BH_s24_medium,41,65,43.166666666666664,1.9794460535049438,0.5416342922709857
BH_s24_medium,41,66,43.2,2.004289150238037,0.4915701278440629
BH_s24_medium,41,67,43.233333333333334,1.8782851696014404,0.39564765158327514
BH_s24_medium,41,68,43.266666666666666,1.7522811889648438,0.2680894453728439
BH_s24_medium,41,69,43.3,1.5445568561553955,0.13066356240948354
BH_s24_medium,41,70,43.333333333333336,1.2109596729278564,0.006522580212143728
BH_s24_medium,41,71,43.36666666666667,0.9144054651260376,-0.08585164525488985
BH_s24_medium,41,72,43.4,0.7254651188850403,-0.13706229015107746
BH_s24_medium,41,73,43.43333333333333,0.6177200078964233,-0.14853290713234377
BH_s24_medium,41,74,43.46666666666667,0.4917159974575043,-0.1310537434592358
BH_s24_medium,41,75,43.5,0.34784701466560364,-0.10049559316539496
BH_s24_medium,41,76,43.53333333333333,0.15890663862228394,-0.07224109813614786
BH_s24_medium,41,77,43.56666666666667,0.033033933490514755,-0.056488587577700776
BH_s24_medium,41,78,43.6,-0.13843531906604767,-0.055946398445462675
BH_s24_medium,41,79,43.63333333333333,-0.32750698924064636,-0.06625645223537492
BH_s24_medium,41,80,43.666666666666664,-0.4363024830818176,-0.07867481983164558
BH_s24_medium,41,81,43.7,-0.5164473652839661,-0.0840217491217227
BH_s24_medium,41,82,43.733333333333334,-0.6255053877830505,-0.07643485280970817
BH_s24_medium,41,83,43.766666666666666,-0.6885730624198914,-0.055432789686888875
BH_s24_medium,41,84,43.8,-0.7516407370567322,-0.025582739733508955
BH_s24_medium,41,85,43.833333333333336,-0.8147083520889282,0.005788114469889024
BH_s24_medium,41,86,43.86666666666667,-0.8311291337013245,0.03161763353390277
BH_s24_medium,41,87,43.9,-0.8940654993057251,0.047604724080396524
BH_s24_medium,41,88,43.93333333333333,-0.9085273146629333,0.05347910486287476
BH_s24_medium,41,89,43.96666666666667,-0.6084387302398682,0.052982115606485664
BH_s24_medium,41,90,44.0,0.10054454952478409,0.05275810437349017
BH_s24_medium,41,91,44.03333333333333,0.9196362495422363,0.06038883049162725
BH_s24_medium,41,92,44.06666666666667,1.4869929552078247,0.08190496284482796
BH_s24_medium,41,93,44.1,1.5818623304367065,0.11924881628523061
BH_s24_medium,41,94,44.13333333333333,1.4403566122055054,0.16823164126014248
BH_s24_medium,41,95,44.166666666666664,1.2360458374023438,0.21762812262710649
BH_s24_medium,41,96,44.2,0.9840378165245056,0.2501792052392622
BH_s24_medium,41,97,44.233333333333334,0.7320297956466675,0.24607023210486484
BH_s24_medium,41,98,44.266666666666666,0.48002180457115173,0.18864897908190112
BH_s24_medium,41,99,44.3,0.32050931453704834,0.07102111513925859
BH_s24_medium,41,100,44.333333333333336,0.2574416697025299,-0.09872712774376351
BH_s24_medium,41,101,44.36666666666667,0.1799226701259613,-0.2960949960359651
BH_s24_medium,41,102,44.4,0.06823872029781342,-0.48411849511227534
BH_s24_medium,41,103,44.43333333333333,-0.07208534330129623,-0.622562994976774
BH_s24_medium,41,104,44.46666666666667,-0.2121468186378479,-0.679984401160905
BH_s24_medium,41,105,44.5,-0.387160986661911,-0.644317958299617
BH_s24_medium,41,106,44.53333333333333,-0.5131649971008301,-0.5270912133122033
BH_s24_medium,41,107,44.56666666666667,-0.6255053877830505,-0.358571824280772
BH_s24_medium,41,108,44.6,-0.7021053433418274,-0.1758698495964653
BH_s24_medium,41,109,44.63333333333333,-0.765041708946228,-0.009970597851065601
BH_s24_medium,41,110,44.666666666666664,-0.8147083520889282,0.12219154271254618
BH_s24_medium,41,111,44.7,-0.877776026725769,0.21795151731738358
BH_s24_medium,41,112,44.733333333333334,-0.8907831311225891,0.2832810509293591
BH_s24_medium,41,113,44.766666666666666,-0.9408436417579651,0.3258702748704796
BH_s24_medium,41,114,44.8,-0.9280990958213806,0.3508698115756249
BH_s24_medium,41,115,44.833333333333336,-0.6255068778991699,0.36040609146964214
BH_s24_medium,41,116,44.86666666666667,0.09254471957683563,0.3552950998625879
BH_s24_medium,41,117,44.9,1.0499910116195679,0.33665468301761736
BH_s24_medium,41,118,44.93333333333333,1.8077232837677002,0.3064859331057684
BH_s24_medium,41,119,44.96666666666667,2.0233359336853027,0.26775351259343666
BH_s24_medium,41,120,45.0,1.948311448097229,0.22438153726602048
BH_s24_medium,41,121,45.03333333333333,1.8104819059371948,0.18086767798223774
BH_s24_medium,41,122,45.06666666666667,1.6215416193008423,0.1413550023632585
BH_s24_medium,41,123,45.1,1.3579707145690918,0.10857583486858974
BH_s24_medium,41,124,45.13333333333333,0.9913902282714844,0.08316352471743585
BH_s24_medium,41,125,45.166666666666664,0.687614917755127,0.06354255807779745
BH_s24_medium,41,126,45.2,0.5616108775138855,0.046442110025026156
BH_s24_medium,41,127,45.233333333333334,0.4356068968772888,0.028033759369290534
BH_s24_medium,41,128,45.266666666666666,0.24653524160385132,0.00552180677981086
BH_s24_medium,41,129,45.3,0.06823872029781342,-0.02142740613691968
BH_s24_medium,41,130,45.333333333333336,-0.07918425649404526,-0.050489771405487285
BH_s24_medium,41,131,45.36666666666667,-0.26812461018562317,-0.07851703990977768
BH_s24_medium,41,132,45.4,-0.44668373465538025,-0.10485088246044572
BH_s24_medium,41,133,45.43333333333333,-0.5726877450942993,-0.13402313316156475
BH_s24_medium,41,134,45.46666666666667,-0.698691725730896,-0.1753125778917667
BH_s24_medium,41,135,45.5,-0.7616280913352966,-0.23808467537294012
BH_s24_medium,41,136,45.53333333333333,-0.8245644569396973,-0.32469389705009605
BH_s24_medium,41,137,45.56666666666667,-0.8875008225440979,-0.42493301345035517
BH_s24_medium,41,138,45.6,-0.9504371285438538,-0.5157528861814349
BH_s24_medium,41,139,45.63333333333333,-1.0039112567901611,-0.5673974621625395
BH_s24_medium,41,140,45.666666666666664,-1.066978931427002,-0.5537606811302622
BH_s24_medium,41,141,45.7,-1.066978931427002,-0.462600347764623
BH_s24_medium,41,142,45.733333333333334,-1.0760473012924194,-0.301365065937282
BH_s24_medium,41,143,45.766666666666666,-1.1211096048355103,-0.09625829018520903
BH_s24_medium,41,144,45.8,-0.8337473273277283,0.11535792252346003
BH_s24_medium,41,145,45.833333333333336,-0.0602431520819664,0.29656038636355436
BH_s24_medium,41,146,45.86666666666667,0.9650064706802368,0.42182733951893825
BH_s24_medium,41,147,45.9,1.8761920928955078,0.482784082487282
BH_s24_medium,41,148,45.93333333333333,2.275606393814087,0.4868589673612095
BH_s24_medium,41,149,45.96666666666667,2.259307861328125,0.4507220080494014
BH_s24_medium,41,150,46.0,2.078385591506958,0.3927372705514878
BH_s24_medium,41,151,46.03333333333333,1.9444948434829712,0.328158498694885
BH_s24_medium,41,152,46.06666666666667,1.629419207572937,0.267882836238001
BH_s24_medium,41,153,46.1,1.306719422340393,0.2188897958542388
BH_s24_medium,41,154,46.13333333333333,0.9362002015113831,0.18426065905544237
BH_s24_medium,41,155,46.166666666666664,0.6841921806335449,0.16231150614420972
BH_s24_medium,41,156,46.2,0.5024820566177368,0.14599417190248645
BH_s24_medium,41,157,46.233333333333334,0.3693791329860687,0.12413742962796762
BH_s24_medium,41,158,46.266666666666666,0.18043877184391022,0.08513113467289989
BH_s24_medium,41,159,46.3,-0.008501589298248291,0.022015181178139213
BH_s24_medium,41,160,46.333333333333336,-0.1974419504404068,-0.06332287439723713
BH_s24_medium,41,161,46.36666666666667,-0.4428762197494507,-0.159291364938709
BH_s24_medium,41,162,46.4,-0.5688802003860474,-0.2482948399872285
BH_s24_medium,41,163,46.43333333333333,-0.6948842406272888,-0.3137366532232732
BH_s24_medium,41,164,46.46666666666667,-0.8208882212638855,-0.3465623658605639
BH_s24_medium,41,165,46.5,-0.8838245868682861,-0.34747382293298384
BH_s24_medium,41,166,46.53333333333333,-0.9467609524726868,-0.3240952092096748
BH_s24_medium,41,167,46.56666666666667,-1.0096973180770874,-0.28583285989355023
BH_s24_medium,41,168,46.6,-1.066978931427002,-0.23982323279299358
BH_s24_medium,41,169,46.63333333333333,-1.1300466060638428,-0.18962533452413444
BH_s24_medium,41,170,46.666666666666664,-1.1300466060638428,-0.13627750327196897
BH_s24_medium,41,171,46.7,-1.1931142807006836,-0.08028671307702157
BH_s24_medium,41,172,46.733333333333334,-1.1931142807006836,-0.023244868736242076
BH_s24_medium,41,173,46.766666666666666,-1.1931142807006836,0.03163035291865933
BH_s24_medium,41,174,46.8,-1.183380365371704,0.08029332216078217
BH_s24_medium,41,175,46.833333333333336,-0.7232269048690796,0.11970660383573722
BH_s24_medium,41,176,46.86666666666667,0.10967779904603958,0.14955168552679293
BH_s24_medium,41,177,46.9,1.2392407655715942,0.17241984976726166
BH_s24_medium,41,178,46.93333333333333,2.0363609790802,0.19214094410709656
BH_s24_medium,41,179,46.96666666666667,2.2713959217071533,0.21129924119755294
BH_s24_medium,41,180,47.0,2.141312837600708,0.22945413827101357
BH_s24_medium,41,181,47.03333333333333,1.8932526111602783,0.24295631881436267
BH_s24_medium,41,182,47.06666666666667,1.7003644704818726,0.24616501890039244
BH_s24_medium,41,183,47.1,1.4446711540222168,0.23318916226842504
BH_s24_medium,41,184,47.13333333333333,1.0702130794525146,0.19942564952910413
BH_s24_medium,41,185,47.166666666666664,0.7585601806640625,0.14268884098700393
BH_s24_medium,41,186,47.2,0.569488525390625,0.06398708183007817
BH_s24_medium,41,187,47.233333333333334,0.5065521597862244,-0.032015521082650523
BH_s24_medium,41,188,47.266666666666666,0.37751930952072144,-0.13690489868826078
BH_s24_medium,41,189,47.3,0.18857896327972412,-0.2390485575811489
BH_s24_medium,41,190,47.333333333333336,-0.00036139474832452834,-0.3252063833407914
BH_s24_medium,41,191,47.36666666666667,-0.25236940383911133,-0.38323425691653046
BH_s24_medium,41,192,47.4,-0.44130975008010864,-0.40478314284936096
BH_s24_medium,41,193,47.43333333333333,-0.6278777718544006,-0.38651420165671485
BH_s24_medium,41,194,47.46666666666667,-0.7516407370567322,-0.32956059236803875
BH_s24_medium,41,195,47.5,-0.8147083520889282,-0.23832835989166815
BH_s24_medium,41,196,47.53333333333333,-0.877776026725769,-0.11969104580697344
BH_s24_medium,41,197,47.56666666666667,-0.8796231746673584,0.01723130440532819
BH_s24_medium,41,198,47.6,-0.942559540271759,0.1610129226547493
BH_s24_medium,41,199,47.63333333333333,-1.0039112567901611,0.29793781493246474
BH_s24_medium,41,200,47.666666666666664,-1.066978931427002,0.41247913940095116
BH_s24_medium,41,201,47.7,-1.1300466060638428,0.4887423252497953
BH_s24_medium,41,202,47.733333333333334,-1.1276651620864868,0.5132984746790427
BH_s24_medium,41,203,47.766666666666666,-0.7463436126708984,0.4791254274688765
BH_s24_medium,41,204,47.8,0.0747355967760086,0.3891303051450269
BH_s24_medium,41,205,47.833333333333336,1.0190343856811523,0.2571221497762286
BH_s24_medium,41,206,47.86666666666667,1.6455954313278198,0.10504991127183383
BH_s24_medium,41,207,47.9,1.7074633836746216,-0.0427926032035771
BH_s24_medium,41,208,47.93333333333333,1.4549211263656616,-0.16633797455415272
BH_s24_medium,41,209,47.96666666666667,1.2026413679122925,-0.2544271157180642
BH_s24_medium,41,210,48.0,0.8878374099731445,-0.3058470117955139
BH_s24_medium,41,211,48.03333333333333,0.5727617740631104,-0.32675318762577743
BH_s24_medium,41,212,48.06666666666667,0.3836991786956787,-0.326234584218891
BH_s24_medium,41,213,48.1,0.25769516825675964,-0.31233491454400336
BH_s24_medium,41,214,48.13333333333333,0.2574416697025299,-0.2898977969189036
BH_s24_medium,41,215,48.166666666666664,0.19437402486801147,-0.2602959655417744
BH_s24_medium,41,216,48.2,0.06888611614704132,-0.22256950880195622
BH_s24_medium,41,217,48.233333333333334,-0.05633919686079025,-0.175420124262136
BH_s24_medium,41,218,48.266666666666666,-0.24527955055236816,-0.11926014431324666
BH_s24_medium,41,219,48.3,-0.43526118993759155,-0.05740545512504017
BH_s24_medium,41,220,48.333333333333336,-0.5612651705741882,0.004062688118973279
BH_s24_medium,41,221,48.36666666666667,-0.6872692108154297,0.057664029174104466
BH_s24_medium,41,222,48.4,-0.7502055764198303,0.09674194418048974
BH_s24_medium,41,223,48.43333333333333,-0.8131418824195862,0.11793754696929659
BH_s24_medium,41,224,48.46666666666667,-0.8760782480239868,0.1228962547708533
BH_s24_medium,41,225,48.5,-0.877776026725769,0.11817430407786561
BH_s24_medium,41,226,48.53333333333333,-0.9408436417579651,0.11311302928401226
BH_s24_medium,41,227,48.56666666666667,-0.6948479413986206,0.11638205020306036
BH_s24_medium,41,228,48.6,-0.0712340846657753,0.13225628965967506
BH_s24_medium,41,229,48.63333333333333,0.806216835975647,0.15783078378522525
BH_s24_medium,41,230,48.666666666666664,1.5694347620010376,0.1826236123384935
BH_s24_medium,41,231,48.7,1.7684484720230103,0.1916652597743943
BH_s24_medium,41,232,48.733333333333334,1.5873584747314453,0.17167690704060679
BH_s24_medium,41,233,48.766666666666666,1.2120945453643799,0.11809674228676104
BH_s24_medium,41,234,48.8,0.8971502184867859,0.0397130670596894
BH_s24_medium,41,235,48.833333333333336,0.5822058320045471,-0.04203180825361464
BH_s24_medium,41,236,48.86666666666667,0.3868502378463745,-0.10028846584038903
BH_s24_medium,41,237,48.9,0.32050931453704834,-0.11454112361257883
BH_s24_medium,41,238,48.93333333333333,0.32050931453704834,-0.08114151034550168
BH_s24_medium,41,239,48.96666666666667,0.32050931453704834,-0.016332403819114303
BH_s24_medium,42,0,42.0,-0.877776026725769,0.07585768697337521
BH_s24_medium,42,1,42.03333333333333,-0.7437826991081238,-2.259229650585179
BH_s24_medium,42,2,42.06666666666667,-0.2321712225675583,-4.224489289418381
BH_s24_medium,42,3,42.1,0.5706114172935486,-5.54178248232399
BH_s24_medium,42,4,42.13333333333333,1.3827641010284424,-6.092197404134833
BH_s24_medium,42,5,42.166666666666664,1.8172986507415771,-5.929013859822271
BH_s24_medium,42,6,42.2,1.8742151260375977,-5.23514909909159
BH_s24_medium,42,7,42.233333333333334,1.7710652351379395,-4.249683142395243
BH_s24_medium,42,8,42.266666666666666,1.6852747201919556,-3.1964867592581534
BH_s24_medium,42,9,42.3,1.47361159324646,-2.2375519632643095
BH_s24_medium,42,10,42.333333333333336,1.221603512763977,-1.4579781024591558
BH_s24_medium,42,11,42.36666666666667,0.9695955514907837,-0.8769431874502381
BH_s24_medium,42,12,42.4,0.7397851943969727,-0.47229569701509233
BH_s24_medium,42,13,42.43333333333333,0.613781213760376,-0.20580206797512302
BH_s24_medium,42,14,42.46666666666667,0.4877771735191345,-0.03995023919843784
BH_s24_medium,42,15,42.5,0.3399693965911865,0.056665958431415114
BH_s24_medium,42,16,42.53333333333333,0.15102903544902802,0.11233111129724474
BH_s24_medium,42,17,42.56666666666667,0.025156324729323387,0.15686480271878045
BH_s24_medium,42,18,42.6,-0.14237412810325623,0.22151610673956168
BH_s24_medium,42,19,42.63333333333333,-0.3314457833766937,0.3320764033202916
BH_s24_medium,42,20,42.666666666666664,-0.4574497938156128,0.49942104490664313
BH_s24_medium,42,21,42.7,-0.5203861594200134,0.7144334379319545
BH_s24_medium,42,22,42.733333333333334,-0.6255053877830505,0.9507393776895944
BH_s24_medium,42,23,42.766666666666666,-0.6885730624198914,1.1731532807187328
BH_s24_medium,42,24,42.8,-0.7516407370567322,1.347536723385165
BH_s24_medium,42,25,42.833333333333336,-0.8147083520889282,1.448943947585198
BH_s24_medium,42,26,42.86666666666667,-0.8350679278373718,1.4668290154917862
BH_s24_medium,42,27,42.9,-0.877776026725769,1.4070023552277104
BH_s24_medium,42,28,42.93333333333333,-0.877776026725769,1.2898375349024713
BH_s24_medium,42,29,42.96666666666667,-0.9408436417579651,1.144337795658098
BH_s24_medium,42,30,43.0,-0.9210093021392822,0.9991524347956343
BH_s24_medium,42,31,43.03333333333333,-0.6925314664840698,0.8735508370710974
BH_s24_medium,42,32,43.06666666666667,-0.06660109758377075,0.7720392226179932
BH_s24_medium,42,33,43.1,0.8544392585754395,0.6849444677012582
BH_s24_medium,42,34,43.13333333333333,1.6590991020202637,0.5944311616288703
BH_s24_medium,42,35,43.166666666666664,1.9794460535049438,0.48291759896829906
BH_s24_medium,42,36,43.2,2.004289150238037,0.3402917518426497
BH_s24_medium,42,37,43.233333333333334,1.8782851696014404,0.16751637780577536
BH_s24_medium,42,38,43.266666666666666,1.7522811889648438,-0.02396312232559156
BH_s24_medium,42,39,43.3,1.5445568561553955,-0.21605879669053601
BH_s24_medium,42,40,43.333333333333336,1.2109596729278564,-0.38940622454317425
BH_s24_medium,42,41,43.36666666666667,0.9144054651260376,-0.528501519247667
BH_s24_medium,42,42,43.4,0.7254651188850403,-0.6252534173942469
BH_s24_medium,42,43,43.43333333333333,0.6177200078964233,-0.6801153921330232
BH_s24_medium,42,44,43.46666666666667,0.4917159974575043,-0.7005144097753767
BH_s24_medium,42,45,43.5,0.34784701466560364,-0.6970926454287023
BH_s24_medium,42,46,43.53333333333333,0.15890663862228394,-0.6792732010152197
BH_s24_medium,42,47,43.56666666666667,0.033033933490514755,-0.6520657008723034
BH_s24_medium,42,48,43.6,-0.13843531906604767,-0.6153073549385204
BH_s24_medium,42,49,43.63333333333333,-0.32750698924064636,-0.5653213433218833
BH_s24_medium,42,50,43.666666666666664,-0.4363024830818176,-0.4981157288142665
BH_s24_medium,42,51,43.7,-0.5164473652839661,-0.4127996552597343
BH_s24_medium,42,52,43.733333333333334,-0.6255053877830505,-0.3137087729542968
BH_s24_medium,42,53,43.766666666666666,-0.6885730624198914,-0.2100978222443567
BH_s24_medium,42,54,43.8,-0.7516407370567322,-0.11335303993681105
BH_s24_medium,42,55,43.833333333333336,-0.8147083520889282,-0.03301134190680261
BH_s24_medium,42,56,43.86666666666667,-0.8311291337013245,0.026380298140632693
BH_s24_medium,42,57,43.9,-0.8940654993057251,0.06605534519512346
BH_s24_medium,42,58,43.93333333333333,-0.9085273146629333,0.09157664690444924
BH_s24_medium,42,59,43.96666666666667,-0.6084387302398682,0.11053599959594435
BH_s24_medium,42,60,44.0,0.10054454952478409,0.13062754388635497
BH_s24_medium,42,61,44.03333333333333,0.9196362495422363,0.15832768700823163
BH_s24_medium,42,62,44.06666666666667,1.4869929552078247,0.19777511829314928
BH_s24_medium,42,63,44.1,1.5818623304367065,0.24946799103129796
BH_s24_medium,42,64,44.13333333333333,1.4403566122055054,0.30882827695521176
BH_s24_medium,42,65,44.166666666666664,1.2360458374023438,0.36523495072841794
BH_s24_medium,42,66,44.2,0.9840378165245056,0.4025071548103152
BH_s24_medium,42,67,44.233333333333334,0.7320297956466675,0.4017604949418146
BH_s24_medium,42,68,44.266666666666666,0.48002180457115173,0.34687749605280394
BH_s24_medium,42,69,44.3,0.32050931453704834,0.2314796702005129
BH_s24_medium,42,70,44.333333333333336,0.2574416697025299,0.0647393897464816
BH_s24_medium,42,71,44.36666666666667,0.1799226701259613,-0.1272006182823226
BH_s24_medium,42,72,44.4,0.06823872029781342,-0.3061723209345868
BH_s24_medium,42,73,44.43333333333333,-0.07208534330129623,-0.43260955438759385
BH_s24_medium,42,74,44.46666666666667,-0.2121468186378479,-0.4783715686784738
BH_s24_medium,42,75,44.5,-0.387160986661911,-0.4366261884670566
BH_s24_medium,42,76,44.53333333333333,-0.5131649971008301,-0.32417578092882265
BH_s24_medium,42,77,44.56666666666667,-0.6255053877830505,-0.17471188902219278
BH_s24_medium,42,78,44.6,-0.7021053433418274,-0.02606993359180315
BH_s24_medium,42,79,44.63333333333333,-0.765041708946228,0.09237928709795852
BH_s24_medium,42,80,44.666666666666664,-0.8147083520889282,0.16677344256131885
BH_s24_medium,42,81,44.7,-0.877776026725769,0.19837142629455543
BH_s24_medium,42,82,44.733333333333334,-0.8907831311225891,0.19775504761522314
BH_s24_medium,42,83,44.766666666666666,-0.9408436417579651,0.17781865398395422
BH_s24_medium,42,84,44.8,-0.9280990958213806,0.1493177635727504
BH_s24_medium,42,85,44.833333333333336,-0.6255068778991699,0.12016838034294958
BH_s24_medium,42,86,44.86666666666667,0.09254471957683563,0.09668416709184555
BH_s24_medium,42,87,44.9,1.0499910116195679,0.08398805521705491
BH_s24_medium,42,88,44.93333333333333,1.8077232837677002,0.08477330080131039
BH_s24_medium,42,89,44.96666666666667,2.0233359336853027,0.09786380610848434
BH_s24_medium,42,90,45.0,1.948311448097229,0.11809873256669087
BH_s24_medium,42,91,45.03333333333333,1.8104819059371948,0.13778046632025076
BH_s24_medium,42,92,45.06666666666667,1.6215416193008423,0.14911424910469634
BH_s24_medium,42,93,45.1,1.3579707145690918,0.1468082754913831
BH_s24_medium,42,94,45.13333333333333,0.9913902282714844,0.12979751501822512
BH_s24_medium,42,95,45.166666666666664,0.687614917755127,0.10126363781899309
BH_s24_medium,42,96,45.2,0.5616108775138855,0.06703670624289207
BH_s24_medium,42,97,45.233333333333334,0.4356068968772888,0.03336071890904165
BH_s24_medium,42,98,45.266666666666666,0.24653524160385132,0.005083435460190514
BH_s24_medium,42,99,45.3,0.06823872029781342,-0.015315245115737862
BH_s24_medium,42,100,45.333333333333336,-0.07918425649404526,-0.028178333303364153
BH_s24_medium,42,101,45.36666666666667,-0.26812461018562317,-0.0371442227176858
BH_s24_medium,42,102,45.4,-0.44668373465538025,-0.049632436160390925
BH_s24_medium,42,103,45.43333333333333,-0.5726877450942993,-0.07643021407834967
BH_s24_medium,42,104,45.46666666666667,-0.698691725730896,-0.12902306247909245
BH_s24_medium,42,105,45.5,-0.7616280913352966,-0.2142651660544494
BH_s24_medium,42,106,45.53333333333333,-0.8245644569396973,-0.32824403529593843
BH_s24_medium,42,107,45.56666666666667,-0.8875008225440979,-0.4529108623046204
BH_s24_medium,42,108,45.6,-0.9504371285438538,-0.5584480249212141
BH_s24_medium,42,109,45.63333333333333,-1.0039112567901611,-0.611577307297234
BH_s24_medium,42,110,45.666666666666664,-1.066978931427002,-0.5867387859036393
BH_s24_medium,42,111,45.7,-1.066978931427002,-0.4754879718913012
BH_s24_medium,42,112,45.733333333333334,-1.0760473012924194,-0.29056885414819245
BH_s24_medium,42,113,45.766666666666666,-1.1211096048355103,-0.06344188897271083
BH_s24_medium,42,114,45.8,-0.8337473273277283,0.1641112318934689
BH_s24_medium,42,115,45.833333333333336,-0.0602431520819664,0.3519769599912703
BH_s24_medium,42,116,45.86666666666667,0.9650064706802368,0.47308054632847535
BH_s24_medium,42,117,45.9,1.8761920928955078,0.5196138798477359
BH_s24_medium,42,118,45.93333333333333,2.275606393814087,0.5021039838375233
BH_s24_medium,42,119,45.96666666666667,2.259307861328125,0.4428948199348762
BH_s24_medium,42,120,46.0,2.078385591506958,0.3677246552076259
BH_s24_medium,42,121,46.03333333333333,1.9444948434829712,0.29880064778699195
BH_s24_medium,42,122,46.06666666666667,1.629419207572937,0.250814099471469
BH_s24_medium,42,123,46.1,1.306719422340393,0.22941541227037787
BH_s24_medium,42,124,46.13333333333333,0.9362002015113831,0.23111045644772776
BH_s24_medium,42,125,46.166666666666664,0.6841921806335449,0.24413316217834943
BH_s24_medium,42,126,46.2,0.5024820566177368,0.25061058322003477
BH_s24_medium,42,127,46.233333333333334,0.3693791329860687,0.23058687352798857
BH_s24_medium,42,128,46.266666666666666,0.18043877184391022,0.16793781181367357
BH_s24_medium,42,129,46.3,-0.008501589298248291,0.05696167149380481
BH_s24_medium,42,130,46.333333333333336,-0.1974419504404068,-0.09292608346732394
BH_s24_medium,42,131,46.36666666666667,-0.4428762197494507,-0.25734349185547606
BH_s24_medium,42,132,46.4,-0.5688802003860474,-0.40343267040880804
BH_s24_medium,42,133,46.43333333333333,-0.6948842406272888,-0.5010172694179728
BH_s24_medium,42,134,46.46666666666667,-0.8208882212638855,-0.533432885777855
BH_s24_medium,42,135,46.5,-0.8838245868682861,-0.502453429377915
BH_s24_medium,42,136,46.53333333333333,-0.9467609524726868,-0.4251632854553782
BH_s24_medium,42,137,46.56666666666667,-1.0096973180770874,-0.32531597147405583
BH_s24_medium,42,138,46.6,-1.066978931427002,-0.22410060107332835
BH_s24_medium,42,139,46.63333333333333,-1.1300466060638428,-0.13439337965068412
BH_s24_medium,42,140,46.666666666666664,-1.1300466060638428,-0.05979628835083091
BH_s24_medium,42,141,46.7,-1.1931142807006836,0.0027062099769791614
BH_s24_medium,42,142,46.733333333333334,-1.1931142807006836,0.05841726018458855
BH_s24_medium,42,143,46.766666666666666,-1.1931142807006836,0.11076145660634373
BH_s24_medium,42,144,46.8,-1.183380365371704,0.15912263431759283
BH_s24_medium,42,145,46.833333333333336,-0.7232269048690796,0.19979846959966896
BH_s24_medium,42,146,46.86666666666667,0.10967779904603958,0.2291616509321749
BH_s24_medium,42,147,46.9,1.2392407655715942,0.24655988067933565
BH_s24_medium,42,148,46.93333333333333,2.0363609790802,0.25503539212685455
BH_s24_medium,42,149,46.96666666666667,2.2713959217071533,0.2596830536558607
BH_s24_medium,42,150,47.0,2.141312837600708,0.2647047245929519
BH_s24_medium,42,151,47.03333333333333,1.8932526111602783,0.27055440980089646
BH_s24_medium,42,152,47.06666666666667,1.7003644704818726,0.2723562840047745
BH_s24_medium,42,153,47.1,1.4446711540222168,0.260286877978774
BH_s24_medium,42,154,47.13333333333333,1.0702130794525146,0.2220190467729042
BH_s24_medium,42,155,47.166666666666664,0.7585601806640625,0.14677904573139852
BH_s24_medium,42,156,47.2,0.569488525390625,0.030117410992359754
BH_s24_medium,42,157,47.233333333333334,0.5065521597862244,-0.12194202865698095
BH_s24_medium,42,158,47.266666666666666,0.37751930952072144,-0.2910752383823649
BH_s24_medium,42,159,47.3,0.18857896327972412,-0.4487609260707278
BH_s24_medium,42,160,47.333333333333336,-0.00036139474832452834,-0.5629044305165836
BH_s24_medium,42,161,47.36666666666667,-0.25236940383911133,-0.6074278247984745
BH_s24_medium,42,162,47.4,-0.44130975008010864,-0.5708952911265247
BH_s24_medium,42,163,47.43333333333333,-0.6278777718544006,-0.4600127914928329
BH_s24_medium,42,164,47.46666666666667,-0.7516407370567322,-0.2967619093357298
BH_s24_medium,42,165,47.5,-0.8147083520889282,-0.11126945843431682
BH_s24_medium,42,166,47.53333333333333,-0.877776026725769,0.06652655764164306
BH_s24_medium,42,167,47.56666666666667,-0.8796231746673584,0.21400439934161458
BH_s24_medium,42,168,47.6,-0.942559540271759,0.3199038726067155
BH_s24_medium,42,169,47.63333333333333,-1.0039112567901611,0.38410548914888276
BH_s24_medium,42,170,47.666666666666664,-1.066978931427002,0.4135315125636743
BH_s24_medium,42,171,47.7,-1.1300466060638428,0.41637113619849914
BH_s24_medium,42,172,47.733333333333334,-1.1276651620864868,0.3976624296877726
BH_s24_medium,42,173,47.766666666666666,-0.7463436126708984,0.35835746361931076
BH_s24_medium,42,174,47.8,0.0747355967760086,0.29769945504967815
BH_s24_medium,42,175,47.833333333333336,1.0190343856811523,0.21673074288829827
BH_s24_medium,42,176,47.86666666666667,1.6455954313278198,0.1204888859954569
BH_s24_medium,42,177,47.9,1.7074633836746216,0.017712375740924075
BH_s24_medium,42,178,47.93333333333333,1.4549211263656616,-0.0814723197226459
BH_s24_medium,42,179,47.96666666666667,1.2026413679122925,-0.16834615987235935
BH_s24_medium,42,180,48.0,0.8878374099731445,-0.23733421153566386
BH_s24_medium,42,181,48.03333333333333,0.5727617740631104,-0.28604436409818373
BH_s24_medium,42,182,48.06666666666667,0.3836991786956787,-0.3141226754924898
BH_s24_medium,42,183,48.1,0.25769516825675964,-0.32197825840381405
BH_s24_medium,42,184,48.13333333333333,0.2574416697025299,-0.3100238515485823
BH_s24_medium,42,185,48.166666666666664,0.19437402486801147,-0.27846549794186165
BH_s24_medium,42,186,48.2,0.06888611614704132,-0.22758166673184338
BH_s24_medium,42,187,48.233333333333334,-0.05633919686079025,-0.1585199207412872
BH_s24_medium,42,188,48.266666666666666,-0.24527955055236816,-0.07439227867836044
BH_s24_medium,42,189,48.3,-0.43526118993759155,0.01886121414276757
BH_s24_medium,42,190,48.333333333333336,-0.5612651705741882,0.11234635711692599
BH_s24_medium,42,191,48.36666666666667,-0.6872692108154297,0.19515653935409855
BH_s24_medium,42,192,48.4,-0.7502055764198303,0.2565757254608097
BH_s24_medium,42,193,48.43333333333333,-0.8131418824195862,0.289259702583422
BH_s24_medium,42,194,48.46666666666667,-0.8760782480239868,0.2921858824149578
BH_s24_medium,42,195,48.5,-0.877776026725769,0.2716666859679316
BH_s24_medium,42,196,48.53333333333333,-0.9408436417579651,0.23941328321653305
BH_s24_medium,42,197,48.56666666666667,-0.6948479413986206,0.20804195595309516
BH_s24_medium,42,198,48.6,-0.0712340846657753,0.18562803043953588
BH_s24_medium,42,199,48.63333333333333,0.806216835975647,0.17153958937919794
BH_s24_medium,42,200,48.666666666666664,1.5694347620010376,0.1556726590219935
BH_s24_medium,42,201,48.7,1.7684484720230103,0.12211619998123102
BH_s24_medium,42,202,48.733333333333334,1.5873584747314453,0.056336895558078984
BH_s24_medium,42,203,48.766666666666666,1.2120945453643799,-0.04690500155857437
BH_s24_medium,42,204,48.8,0.8971502184867859,-0.17847514088573965
BH_s24_medium,42,205,48.833333333333336,0.5822058320045471,-0.31539761535551386
BH_s24_medium,42,206,48.86666666666667,0.3868502378463745,-0.42758197028176265
BH_s24_medium,42,207,48.9,0.32050931453704834,-0.48839921937751124
BH_s24_medium,42,208,48.93333333333333,0.32050931453704834,-0.4844426530317104
BH_s24_medium,42,209,48.96666666666667,0.32050931453704834,-0.41996809152882564
BH_s24_medium,42,210,49.0,0.198172464966774,-0.31453831164594537
BH_s24_medium,42,211,49.03333333333333,0.06823872029781342,-0.19571335549848237
BH_s24_medium,42,212,49.06666666666667,-0.17590981721878052,-0.08982955265246531
BH_s24_medium,42,213,49.1,-0.3648501932621002,-0.013800459361692672
BH_s24_medium,42,214,49.13333333333333,-0.4950464963912964,0.02923210397982645
BH_s24_medium,42,215,49.166666666666664,-0.6210505366325378,0.048661966126238264
BH_s24_medium,42,216,49.2,-0.6885730624198914,0.060626473023497746
BH_s24_medium,42,217,49.233333333333334,-0.7516407370567322,0.08092442691278676
BH_s24_medium,42,218,49.266666666666666,-0.8147083520889282,0.11958356788458352
BH_s24_medium,42,219,49.3,-0.8147083520889282,0.178264790138214
BH_s24_medium,42,220,49.333333333333336,-0.45674797892570496,0.25045177885549713
BH_s24_medium,42,221,49.36666666666667,0.2890533208847046,0.3237532180151152
BH_s24_medium,42,222,49.4,1.228906273841858,0.3831420825501154
BH_s24_medium,42,223,49.43333333333333,1.8121118545532227,0.41396421227270624
BH_s24_medium,42,224,49.46666666666667,1.8397694826126099,0.40436588003378976
BH_s24_medium,42,225,49.5,1.5933979749679565,0.3476342007964954
BH_s24_medium,42,226,49.53333333333333,1.2783223390579224,0.24488907152767186
BH_s24_medium,42,227,49.56666666666667,0.9632466435432434,0.10755274170139668
BH_s24_medium,42,228,49.6,0.591265082359314,-0.042205956352542054
BH_s24_medium,42,229,49.63333333333333,0.33309534192085266,-0.17515363452778546
BH_s24_medium,42,230,49.666666666666664,0.20079833269119263,-0.26342068408179414
BH_s24_medium,42,231,49.7,0.19437402486801147,-0.29114012956316065
BH_s24_medium,42,232,49.733333333333334,0.13130636513233185,-0.26169094683161326
BH_s24_medium,42,233,49.766666666666666,0.011989261023700237,-0.1963734447555477
BH_s24_medium,42,234,49.8,-0.17013290524482727,-0.12449071981084835
BH_s24_medium,42,235,49.833333333333336,-0.3661540448665619,-0.0705851685005799
BH_s24_medium,42,236,49.86666666666667,-0.555225670337677,-0.04609501968063263
BH_s24_medium,42,237,49.9,-0.7442973256111145,-0.04911287853316228
BH_s24_medium,42,238,49.93333333333333,-0.8072336912155151,-0.0700761105842389
BH_s24_medium,42,239,49.96666666666667,-0.877776026725769,-0.09783311229420931
BH_s24_medium,43,0,43.0,-0.9210093021392822,0.013151368886781643
BH_s24_medium,43,1,43.03333333333333,-0.6925314664840698,-2.326919882898635
BH_s24_medium,43,2,43.06666666666667,-0.06660109758377075,-4.296987491833816
BH_s24_medium,43,3,43.1,0.8544392585754395,-5.6199294998755915
BH_s24_medium,43,4,43.13333333333333,1.6590991020202637,-6.178092559966132
BH_s24_medium,43,5,43.166666666666664,1.9794460535049438,-6.026816344369581
BH_s24_medium,43,6,43.2,2.004289150238037,-5.3522527578515
BH_s24_medium,43,7,43.233333333333334,1.8782851696014404,-4.397319041211407
BH_s24_medium,43,8,43.266666666666666,1.7522811889648438,-3.388374011731413
BH_s24_medium,43,9,43.3,1.5445568561553955,-2.485636807435222
BH_s24_medium,43,10,43.333333333333336,1.2109596729278564,-1.7655888195391043
BH_s24_medium,43,11,43.36666666666667,0.9144054651260376,-1.231306909724235
BH_s24_medium,43,12,43.4,0.7254651188850403,-0.8394941669905317
BH_s24_medium,43,13,43.43333333333333,0.6177200078964233,-0.5312858896601882
BH_s24_medium,43,14,43.46666666666667,0.4917159974575043,-0.25652456197757745
BH_s24_medium,43,15,43.5,0.34784701466560364,0.013750572195251144
BH_s24_medium,43,16,43.53333333333333,0.15890663862228394,0.286426995894961
BH_s24_medium,43,17,43.56666666666667,0.033033933490514755,0.553045084678833
BH_s24_medium,43,18,43.6,-0.13843531906604767,0.7989180029840596
BH_s24_medium,43,19,43.63333333333333,-0.32750698924064636,1.010524174310591
BH_s24_medium,43,20,43.666666666666664,-0.4363024830818176,1.1792694214229702
BH_s24_medium,43,21,43.7,-0.5164473652839661,1.3018755485947997
BH_s24_medium,43,22,43.733333333333334,-0.6255053877830505,1.3789249318839232
BH_s24_medium,43,23,43.766666666666666,-0.6885730624198914,1.413208362061831
BH_s24_medium,43,24,43.8,-0.7516407370567322,1.4087710840818681
BH_s24_medium,43,25,43.833333333333336,-0.8147083520889282,1.3705928551290705
BH_s24_medium,43,26,43.86666666666667,-0.8311291337013245,1.3043228296526936
BH_s24_medium,43,27,43.9,-0.8940654993057251,1.2156989086490193
BH_s24_medium,43,28,43.93333333333333,-0.9085273146629333,1.109939771926159
BH_s24_medium,43,29,43.96666666666667,-0.6084387302398682,0.9917120713055726
BH_s24_medium,43,30,44.0,0.10054454952478409,0.865783347577979
BH_s24_medium,43,31,44.03333333333333,0.9196362495422363,0.7377565544083629
BH_s24_medium,43,32,44.06666666666667,1.4869929552078247,0.6140974807522613
BH_s24_medium,43,33,44.1,1.5818623304367065,0.5009921259141201
BH_s24_medium,43,34,44.13333333333333,1.4403566122055054,0.402090237027652
BH_s24_medium,43,35,44.166666666666664,1.2360458374023438,0.3158665637235067
BH_s24_medium,43,36,44.2,0.9840378165245056,0.23401666323149625
BH_s24_medium,43,37,44.233333333333334,0.7320297956466675,0.14239740469592713
BH_s24_medium,43,38,44.266666666666666,0.48002180457115173,0.02511257587210921
BH_s24_medium,43,39,44.3,0.32050931453704834,-0.1291764605323282
BH_s24_medium,43,40,44.333333333333336,0.2574416697025299,-0.3209600728250742
BH_s24_medium,43,41,44.36666666666667,0.1799226701259613,-0.5363081310700638
BH_s24_medium,43,42,44.4,0.06823872029781342,-0.7480183956876485
BH_s24_medium,43,43,44.43333333333333,-0.07208534330129623,-0.9219181091274442
BH_s24_medium,43,44,44.46666666666667,-0.2121468186378479,-1.0268110960917485
BH_s24_medium,43,45,44.5,-0.387160986661911,-1.044630360107201
BH_s24_medium,43,46,44.53333333333333,-0.5131649971008301,-0.9762965261108741
BH_s24_medium,43,47,44.56666666666667,-0.6255053877830505,-0.8402895067159079
BH_s24_medium,43,48,44.6,-0.7021053433418274,-0.6650824837669478
BH_s24_medium,43,49,44.63333333333333,-0.765041708946228,-0.4799263205042106
BH_s24_medium,43,50,44.666666666666664,-0.8147083520889282,-0.30809003024895976
BH_s24_medium,43,51,44.7,-0.877776026725769,-0.16399551028545675
BH_s24_medium,43,52,44.733333333333334,-0.8907831311225891,-0.053547200742060846
BH_s24_medium,43,53,44.766666666666666,-0.9408436417579651,0.02390997955615016
BH_s24_medium,43,54,44.8,-0.9280990958213806,0.07354481878893751
BH_s24_medium,43,55,44.833333333333336,-0.6255068778991699,0.10360373841703213
BH_s24_medium,43,56,44.86666666666667,0.09254471957683563,0.12404740798769091
BH_s24_medium,43,57,44.9,1.0499910116195679,0.14442254097887447
BH_s24_medium,43,58,44.93333333333333,1.8077232837677002,0.17130500415464073
BH_s24_medium,43,59,44.96666666666667,2.0233359336853027,0.20668270072835773
BH_s24_medium,43,60,45.0,1.948311448097229,0.24808140639273973
BH_s24_medium,43,61,45.03333333333333,1.8104819059371948,0.2900235447172798
BH_s24_medium,43,62,45.06666666666667,1.6215416193008423,0.32599198922370665
BH_s24_medium,43,63,45.1,1.3579707145690918,0.35028174692435304
BH_s24_medium,43,64,45.13333333333333,0.9913902282714844,0.35926242656091645
BH_s24_medium,43,65,45.166666666666664,0.687614917755127,0.3517024673470184
BH_s24_medium,43,66,45.2,0.5616108775138855,0.32820184156722537
BH_s24_medium,43,67,45.233333333333334,0.4356068968772888,0.2902881564240764
BH_s24_medium,43,68,45.266666666666666,0.24653524160385132,0.23993465418711835
BH_s24_medium,43,69,45.3,0.06823872029781342,0.17977871782646593
BH_s24_medium,43,70,45.333333333333336,-0.07918425649404526,0.11334671839876274
BH_s24_medium,43,71,45.36666666666667,-0.26812461018562317,0.04418854500098046
BH_s24_medium,43,72,45.4,-0.44668373465538025,-0.026247568203992256
BH_s24_medium,43,73,45.43333333333333,-0.5726877450942993,-0.1005334445244909
BH_s24_medium,43,74,45.46666666666667,-0.698691725730896,-0.18459695400874856
BH_s24_medium,43,75,45.5,-0.7616280913352966,-0.28324239192525014
BH_s24_medium,43,76,45.53333333333333,-0.8245644569396973,-0.3936582034200889
BH_s24_medium,43,77,45.56666666666667,-0.8875008225440979,-0.5011959088855954
BH_s24_medium,43,78,45.6,-0.9504371285438538,-0.5812093281609777
BH_s24_medium,43,79,45.63333333333333,-1.0039112567901611,-0.6072512796628607
BH_s24_medium,43,80,45.666666666666664,-1.066978931427002,-0.5616566570564904
BH_s24_medium,43,81,45.7,-1.066978931427002,-0.44293961449743646
BH_s24_medium,43,82,45.733333333333334,-1.0760473012924194,-0.26694831005847514
BH_s24_medium,43,83,45.766666666666666,-1.1211096048355103,-0.06235623290599098
BH_s24_medium,43,84,45.8,-0.8337473273277283,0.13737153454700837
BH_s24_medium,43,85,45.833333333333336,-0.0602431520819664,0.3030877055397668
BH_s24_medium,43,86,45.86666666666667,0.9650064706802368,0.4170748271879499
BH_s24_medium,43,87,45.9,1.8761920928955078,0.4753981602193405
BH_s24_medium,43,88,45.93333333333333,2.275606393814087,0.4851834621704177
BH_s24_medium,43,89,45.96666666666667,2.259307861328125,0.4592946593814949
BH_s24_medium,43,90,46.0,2.078385591506958,0.41165811286102194
BH_s24_medium,43,91,46.03333333333333,1.9444948434829712,0.35497562705424585
BH_s24_medium,43,92,46.06666666666667,1.629419207572937,0.3001826731306953
BH_s24_medium,43,93,46.1,1.306719422340393,0.2557075390534349
BH_s24_medium,43,94,46.13333333333333,0.9362002015113831,0.22541124609218702
BH_s24_medium,43,95,46.166666666666664,0.6841921806335449,0.20603136129682686
BH_s24_medium,43,96,46.2,0.5024820566177368,0.18626381432577016
BH_s24_medium,43,97,46.233333333333334,0.3693791329860687,0.14937388860815565
BH_s24_medium,43,98,46.266666666666666,0.18043877184391022,0.07952574659296682
BH_s24_medium,43,99,46.3,-0.008501589298248291,-0.03021168367000921
BH_s24_medium,43,100,46.333333333333336,-0.1974419504404068,-0.17178077654024063
BH_s24_medium,43,101,46.36666666666667,-0.4428762197494507,-0.32162105993610335
BH_s24_medium,43,102,46.4,-0.5688802003860474,-0.4475107143257063
BH_s24_medium,43,103,46.43333333333333,-0.6948842406272888,-0.520796622474909
BH_s24_medium,43,104,46.46666666666667,-0.8208882212638855,-0.5280182355584827
BH_s24_medium,43,105,46.5,-0.8838245868682861,-0.4753673237733472
BH_s24_medium,43,106,46.53333333333333,-0.9467609524726868,-0.38396807570555924
BH_s24_medium,43,107,46.56666666666667,-1.0096973180770874,-0.27965927385054506
BH_s24_medium,43,108,46.6,-1.066978931427002,-0.18312795109692798
BH_s24_medium,43,109,46.63333333333333,-1.1300466060638428,-0.10458231115743852
BH_s24_medium,43,110,46.666666666666664,-1.1300466060638428,-0.04394338352040973
BH_s24_medium,43,111,46.7,-1.1931142807006836,0.0051048907215546
BH_s24_medium,43,112,46.733333333333334,-1.1931142807006836,0.04986394014903202
BH_s24_medium,43,113,46.766666666666666,-1.1931142807006836,0.09451754606442969
BH_s24_medium,43,114,46.8,-1.183380365371704,0.1386770428476614
BH_s24_medium,43,115,46.833333333333336,-0.7232269048690796,0.17878366773931326
BH_s24_medium,43,116,46.86666666666667,0.10967779904603958,0.21104496539620102
BH_s24_medium,43,117,46.9,1.2392407655715942,0.23385123132226393
BH_s24_medium,43,118,46.93333333333333,2.0363609790802,0.2483551844157364
BH_s24_medium,43,119,46.96666666666667,2.2713959217071533,0.25728595745712246
BH_s24_medium,43,120,47.0,2.141312837600708,0.2629434315958323
BH_s24_medium,43,121,47.03333333333333,1.8932526111602783,0.26541991775862733
BH_s24_medium,43,122,47.06666666666667,1.7003644704818726,0.26174532088622543
BH_s24_medium,43,123,47.1,1.4446711540222168,0.24620984156873166
BH_s24_medium,43,124,47.13333333333333,1.0702130794525146,0.21179945482245952
BH_s24_medium,43,125,47.166666666666664,0.7585601806640625,0.1524576122442722
BH_s24_medium,43,126,47.2,0.569488525390625,0.06566694344472104
BH_s24_medium,43,127,47.233333333333334,0.5065521597862244,-0.04533846742843089
BH_s24_medium,43,128,47.266666666666666,0.37751930952072144,-0.17048954169953004
BH_s24_medium,43,129,47.3,0.18857896327972412,-0.29363971579824377
BH_s24_medium,43,130,47.333333333333336,-0.00036139474832452834,-0.39558441558852964
BH_s24_medium,43,131,47.36666666666667,-0.25236940383911133,-0.458860417853843
BH_s24_medium,43,132,47.4,-0.44130975008010864,-0.4725263621052594
BH_s24_medium,43,133,47.43333333333333,-0.6278777718544006,-0.4347281237470317
BH_s24_medium,43,134,47.46666666666667,-0.7516407370567322,-0.35216244758925763
BH_s24_medium,43,135,47.5,-0.8147083520889282,-0.2373182651642099
BH_s24_medium,43,136,47.53333333333333,-0.877776026725769,-0.1050580985677556
BH_s24_medium,43,137,47.56666666666667,-0.8796231746673584,0.030274007617659644
BH_s24_medium,43,138,47.6,-0.942559540271759,0.1566718321018358
BH_s24_medium,43,139,47.63333333333333,-1.0039112567901611,0.2650918558776923
BH_s24_medium,43,140,47.666666666666664,-1.066978931427002,0.3489662887195385
BH_s24_medium,43,141,47.7,-1.1300466060638428,0.4030707120932537
BH_s24_medium,43,142,47.733333333333334,-1.1276651620864868,0.4228202897206855
BH_s24_medium,43,143,47.766666666666666,-0.7463436126708984,0.40499883267427467
BH_s24_medium,43,144,47.8,0.0747355967760086,0.3497013198133679
BH_s24_medium,43,145,47.833333333333336,1.0190343856811523,0.26205822567589815
BH_s24_medium,43,146,47.86666666666667,1.6455954313278198,0.15235729201840728
BH_s24_medium,43,147,47.9,1.7074633836746216,0.03421015654451311
BH_s24_medium,43,148,47.93333333333333,1.4549211263656616,-0.07851989835651663
BH_s24_medium,43,149,47.96666666666667,1.2026413679122925,-0.1747270725910436
BH_s24_medium,43,150,48.0,0.8878374099731445,-0.24776895243233266
BH_s24_medium,43,151,48.03333333333333,0.5727617740631104,-0.2953542902022674
BH_s24_medium,43,152,48.06666666666667,0.3836991786956787,-0.31813930386743555
BH_s24_medium,43,153,48.1,0.25769516825675964,-0.3181116249930857
BH_s24_medium,43,154,48.13333333333333,0.2574416697025299,-0.2974802018282553
BH_s24_medium,43,155,48.166666666666664,0.19437402486801147,-0.258162437824566
BH_s24_medium,43,156,48.2,0.06888611614704132,-0.20178841438674563
BH_s24_medium,43,157,48.233333333333334,-0.05633919686079025,-0.13021726053302907
BH_s24_medium,43,158,48.266666666666666,-0.24527955055236816,-0.046434724994917395
BH_s24_medium,43,159,48.3,-0.43526118993759155,0.044520170334073614
BH_s24_medium,43,160,48.333333333333336,-0.5612651705741882,0.13502864418316507
BH_s24_medium,43,161,48.36666666666667,-0.6872692108154297,0.2152378760350631
BH_s24_medium,43,162,48.4,-0.7502055764198303,0.27476150839736474
BH_s24_medium,43,163,48.43333333333333,-0.8131418824195862,0.3056961502248253
BH_s24_medium,43,164,48.46666666666667,-0.8760782480239868,0.30577606203698304
BH_s24_medium,43,165,48.5,-0.877776026725769,0.27981243268439754
BH_s24_medium,43,166,48.53333333333333,-0.9408436417579651,0.2382526501107918
BH_s24_medium,43,167,48.56666666666667,-0.6948479413986206,0.1931663637497262
BH_s24_medium,43,168,48.6,-0.0712340846657753,0.15315945555558574
BH_s24_medium,43,169,48.63333333333333,0.806216835975647,0.11927161669239475
BH_s24_medium,43,170,48.666666666666664,1.5694347620010376,0.08381807562747452
BH_s24_medium,43,171,48.7,1.7684484720230103,0.033275889455174894
BH_s24_medium,43,172,48.733333333333334,1.5873584747314453,-0.04525357274594085
BH_s24_medium,43,173,48.766666666666666,1.2120945453643799,-0.15625008364385143
BH_s24_medium,43,174,48.8,0.8971502184867859,-0.29009974401155114
BH_s24_medium,43,175,48.833333333333336,0.5822058320045471,-0.4228810417968613
BH_s24_medium,43,176,48.86666666666667,0.3868502378463745,-0.5230710583670939
BH_s24_medium,43,177,48.9,0.32050931453704834,-0.5630895467447959
BH_s24_medium,43,178,48.93333333333333,0.32050931453704834,-0.5300363996792957
BH_s24_medium,43,179,48.96666666666667,0.32050931453704834,-0.42989204517743246
BH_s24_medium,43,180,49.0,0.198172464966774,-0.28398745498635275
BH_s24_medium,43,181,49.03333333333333,0.06823872029781342,-0.12116069826907512
BH_s24_medium,43,182,49.06666666666667,-0.17590981721878052,0.030545980791895907
BH_s24_medium,43,183,49.1,-0.3648501932621002,0.15064723994241985
BH_s24_medium,43,184,49.13333333333333,-0.4950464963912964,0.2302567234702203
BH_s24_medium,43,185,49.166666666666664,-0.6210505366325378,0.27247729142478716
BH_s24_medium,43,186,49.2,-0.6885730624198914,0.28934184495777515
BH_s24_medium,43,187,49.233333333333334,-0.7516407370567322,0.29679338069645894
BH_s24_medium,43,188,49.266666666666666,-0.8147083520889282,0.3094307891356346
BH_s24_medium,43,189,49.3,-0.8147083520889282,0.33625883327070943
BH_s24_medium,43,190,49.333333333333336,-0.45674797892570496,0.3782384926216246
BH_s24_medium,43,191,49.36666666666667,0.2890533208847046,0.42803166822233185
BH_s24_medium,43,192,49.4,1.228906273841858,0.47177261277059057
BH_s24_medium,43,193,49.43333333333333,1.8121118545532227,0.49227124017528534
BH_s24_medium,43,194,49.46666666666667,1.8397694826126099,0.4730354321678303
BH_s24_medium,43,195,49.5,1.5933979749679565,0.40262943105856797
BH_s24_medium,43,196,49.53333333333333,1.2783223390579224,0.27875937730362366
BH_s24_medium,43,197,49.56666666666667,0.9632466435432434,0.11099814657589595
BH_s24_medium,43,198,49.6,0.591265082359314,-0.07944036413985599
BH_s24_medium,43,199,49.63333333333333,0.33309534192085266,-0.26430999279476264
BH_s24_medium,43,200,49.666666666666664,0.20079833269119263,-0.41728760304591905
BH_s24_medium,43,201,49.7,0.19437402486801147,-0.5242778872127698
BH_s24_medium,43,202,49.733333333333334,0.13130636513233185,-0.5891493542541673
BH_s24_medium,43,203,49.766666666666666,0.011989261023700237,-0.6298263493359911
BH_s24_medium,43,204,49.8,-0.17013290524482727,-0.6656631265672935
BH_s24_medium,43,205,49.833333333333336,-0.3661540448665619,-0.703541343783911
BH_s24_medium,43,206,49.86666666666667,-0.555225670337677,-0.7315623550809229
BH_s24_medium,43,207,49.9,-0.7442973256111145,-0.7245350810872252
BH_s24_medium,43,208,49.93333333333333,-0.8072336912155151,-0.6578539848111313
BH_s24_medium,43,209,49.96666666666667,-0.877776026725769,-0.52121414422095
BH_s24_medium,43,210,50.0,-0.9408436417579651,-0.3245227794854651
BH_s24_medium,43,211,50.03333333333333,-0.996042788028717,-0.0938058347533229
BH_s24_medium,43,212,50.06666666666667,-1.0039112567901611,0.1393127165265189
BH_s24_medium,43,213,50.1,-0.7210975885391235,0.348318103067321
BH_s24_medium,43,214,50.13333333333333,0.010401799343526363,0.5179680404129956
BH_s24_medium,43,215,50.166666666666664,1.127912998199463,0.6447908880290781
BH_s24_medium,43,216,50.2,1.9807108640670776,0.733619983485868
BH_s24_medium,43,217,50.233333333333334,2.2669501304626465,0.7927152195469985
BH_s24_medium,43,218,50.266666666666666,2.2213263511657715,0.8293040025258908
BH_s24_medium,43,219,50.3,2.032254695892334,0.8463376418681207
BH_s24_medium,43,220,50.333333333333336,1.8431830406188965,0.8408852919179748
BH_s24_medium,43,221,50.36666666666667,1.5463390350341797,0.8046488865750488
BH_s24_medium,43,222,50.4,1.1683270931243896,0.726892631162388
BH_s24_medium,43,223,50.43333333333333,0.7272473573684692,0.5994413621649823
BH_s24_medium,43,224,50.46666666666667,0.4657953083515167,0.4224636455609066
BH_s24_medium,43,225,50.5,0.2768549621105194,0.20873934546671188
BH_s24_medium,43,226,50.53333333333333,0.1411443054676056,-0.01642458170776151
BH_s24_medium,43,227,50.56666666666667,-0.037958111613988876,-0.22153937766887125
BH_s24_medium,43,228,50.6,-0.2899661064147949,-0.3805770529705034
BH_s24_medium,43,229,50.63333333333333,-0.5419741272926331,-0.4849666076245629
BH_s24_medium,43,230,50.666666666666664,-0.7309144735336304,-0.5483909252040268
BH_s24_medium,43,231,50.7,-0.9198548197746277,-0.5992628898506478
BH_s24_medium,43,232,50.733333333333334,-1.056353211402893,-0.6636007774592778
BH_s24_medium,43,233,50.766666666666666,-1.1300466060638428,-0.7480439095512882
BH_s24_medium,43,234,50.8,-1.2452936172485352,-0.8328774719613926
BH_s24_medium,43,235,50.833333333333336,-1.308229923248291,-0.8790275361602935
BH_s24_medium,43,236,50.86666666666667,-1.3711663484573364,-0.8456138769316706
BH_s24_medium,43,237,50.9,-1.4341026544570923,-0.7095745793519406
BH_s24_medium,43,238,50.93333333333333,-1.4453848600387573,-0.4781774044511404
BH_s24_medium,43,239,50.96666666666667,-1.5084525346755981,-0.18904949812851618
BH_s24_medium,44,0,44.0,0.10054454952478409,0.022033103249728923
BH_s24_medium,44,1,44.03333333333333,0.9196362495422363,-2.2671345014016433
BH_s24_medium,44,2,44.06666666666667,1.4869929552078247,-4.186333850653752
BH_s24_medium,44,3,44.1,1.5818623304367065,-5.458424560752042
BH_s24_medium,44,4,44.13333333333333,1.4403566122055054,-5.967214714762045
BH_s24_medium,44,5,44.166666666666664,1.2360458374023438,-5.772214084972307
BH_s24_medium,44,6,44.2,0.9840378165245056,-5.067302848016974
BH_s24_medium,44,7,44.233333333333334,0.7320297956466675,-4.106082870313131
BH_s24_medium,44,8,44.266666666666666,0.48002180457115173,-3.1261790837622314
BH_s24_medium,44,9,44.3,0.32050931453704834,-2.296118680796935
BH_s24_medium,44,10,44.333333333333336,0.2574416697025299,-1.6937856085399159
BH_s24_medium,44,11,44.36666666666667,0.1799226701259613,-1.3132246105059762
BH_s24_medium,44,12,44.4,0.06823872029781342,-1.0901058837369246
BH_s24_medium,44,13,44.43333333333333,-0.07208534330129623,-0.9349553144877414
BH_s24_medium,44,14,44.46666666666667,-0.2121468186378479,-0.7648322428041137
BH_s24_medium,44,15,44.5,-0.387160986661911,-0.526400209732028
BH_s24_medium,44,16,44.53333333333333,-0.5131649971008301,-0.20572288918512696
BH_s24_medium,44,17,44.56666666666667,-0.6255053877830505,0.17617691273161046
BH_s24_medium,44,18,44.6,-0.7021053433418274,0.5777624629741488
BH_s24_medium,44,19,44.63333333333333,-0.765041708946228,0.9537752588630044
BH_s24_medium,44,20,44.666666666666664,-0.8147083520889282,1.2678049945387138
BH_s24_medium,44,21,44.7,-0.877776026725769,1.4980222568675634
BH_s24_medium,44,22,44.733333333333334,-0.8907831311225891,1.637066371515113
BH_s24_medium,44,23,44.766666666666666,-0.9408436417579651,1.6888897807186702
BH_s24_medium,44,24,44.8,-0.9280990958213806,1.6653056845063183
BH_s24_medium,44,25,44.833333333333336,-0.6255068778991699,1.5834675006974688
BH_s24_medium,44,26,44.86666666666667,0.09254471957683563,1.4636086059806184
BH_s24_medium,44,27,44.9,1.0499910116195679,1.325869273079764
BH_s24_medium,44,28,44.93333333333333,1.8077232837677002,1.1865101438626242
BH_s24_medium,44,29,44.96666666666667,2.0233359336853027,1.055216806513279
BH_s24_medium,44,30,45.0,1.948311448097229,0.9346703117885813
BH_s24_medium,44,31,45.03333333333333,1.8104819059371948,0.8221069204649045
BH_s24_medium,44,32,45.06666666666667,1.6215416193008423,0.7119238931555499
BH_s24_medium,44,33,45.1,1.3579707145690918,0.5984533217354274
BH_s24_medium,44,34,45.13333333333333,0.9913902282714844,0.4781264857979547
BH_s24_medium,44,35,45.166666666666664,0.687614917755127,0.35042605195613996
BH_s24_medium,44,36,45.2,0.5616108775138855,0.21751891969428302
BH_s24_medium,44,37,45.233333333333334,0.4356068968772888,0.08308232890528787
BH_s24_medium,44,38,45.266666666666666,0.24653524160385132,-0.048854319111718975
BH_s24_medium,44,39,45.3,0.06823872029781342,-0.17458466918900925
BH_s24_medium,44,40,45.333333333333336,-0.07918425649404526,-0.2912811181696198
BH_s24_medium,44,41,45.36666666666667,-0.26812461018562317,-0.39811778190039404
BH_s24_medium,44,42,45.4,-0.44668373465538025,-0.49781349166650257
BH_s24_medium,44,43,45.43333333333333,-0.5726877450942993,-0.5971432842902508
BH_s24_medium,44,44,45.46666666666667,-0.698691725730896,-0.7045200002419654
BH_s24_medium,44,45,45.5,-0.7616280913352966,-0.8241388415777349
BH_s24_medium,44,46,45.53333333333333,-0.8245644569396973,-0.9490497286825165
BH_s24_medium,44,47,45.56666666666667,-0.8875008225440979,-1.057700678622554
BH_s24_medium,44,48,45.6,-0.9504371285438538,-1.1177990362733394
BH_s24_medium,44,49,45.63333333333333,-1.0039112567901611,-1.0974747242517329
BH_s24_medium,44,50,45.666666666666664,-1.066978931427002,-0.9787884218436974
BH_s24_medium,44,51,45.7,-1.066978931427002,-0.7666457855955261
BH_s24_medium,44,52,45.733333333333334,-1.0760473012924194,-0.4891571565435099
BH_s24_medium,44,53,45.766666666666666,-1.1211096048355103,-0.19014747227296794
BH_s24_medium,44,54,45.8,-0.8337473273277283,0.08299063200941822
BH_s24_medium,44,55,45.833333333333336,-0.0602431520819664,0.29224736027336856
BH_s24_medium,44,56,45.86666666666667,0.9650064706802368,0.4185628973428762
BH_s24_medium,44,57,45.9,1.8761920928955078,0.4646293157106741
BH_s24_medium,44,58,45.93333333333333,2.275606393814087,0.4503515243924872
BH_s24_medium,44,59,45.96666666666667,2.259307861328125,0.4036797460248388
BH_s24_medium,44,60,46.0,2.078385591506958,0.3511437992386155
BH_s24_medium,44,61,46.03333333333333,1.9444948434829712,0.31161058582836815
BH_s24_medium,44,62,46.06666666666667,1.629419207572937,0.29429683764783166
BH_s24_medium,44,63,46.1,1.306719422340393,0.2997282591549039
BH_s24_medium,44,64,46.13333333333333,0.9362002015113831,0.3216302285156685
BH_s24_medium,44,65,46.166666666666664,0.6841921806335449,0.34855582637726795
BH_s24_medium,44,66,46.2,0.5024820566177368,0.36537561393668766
BH_s24_medium,44,67,46.233333333333334,0.3693791329860687,0.3556183999126002
BH_s24_medium,44,68,46.266666666666666,0.18043877184391022,0.30549197622469737
BH_s24_medium,44,69,46.3,-0.008501589298248291,0.20918583226709617
BH_s24_medium,44,70,46.333333333333336,-0.1974419504404068,0.07341013967284085
BH_s24_medium,44,71,46.36666666666667,-0.4428762197494507,-0.08170363336185173
BH_s24_medium,44,72,46.4,-0.5688802003860474,-0.22721850997417
BH_s24_medium,44,73,46.43333333333333,-0.6948842406272888,-0.33460358258787787
BH_s24_medium,44,74,46.46666666666667,-0.8208882212638855,-0.3854604704023565
BH_s24_medium,44,75,46.5,-0.8838245868682861,-0.3768482830653731
BH_s24_medium,44,76,46.53333333333333,-0.9467609524726868,-0.3200209785544812
BH_s24_medium,44,77,46.56666666666667,-1.0096973180770874,-0.23429764216731452
BH_s24_medium,44,78,46.6,-1.066978931427002,-0.13976872374282284
BH_s24_medium,44,79,46.63333333333333,-1.1300466060638428,-0.05195217191514928
BH_s24_medium,44,80,46.666666666666664,-1.1300466060638428,0.020454273341054624
BH_s24_medium,44,81,46.7,-1.1931142807006836,0.07519727670907846
BH_s24_medium,44,82,46.733333333333334,-1.1931142807006836,0.11432024175578127
BH_s24_medium,44,83,46.766666666666666,-1.1931142807006836,0.14113652620374798
BH_s24_medium,44,84,46.8,-1.183380365371704,0.15774467557647442
BH_s24_medium,44,85,46.833333333333336,-0.7232269048690796,0.16447997524518213
BH_s24_medium,44,86,46.86666666666667,0.10967779904603958,0.16127095766615965
BH_s24_medium,44,87,46.9,1.2392407655715942,0.14942528232248617
BH_s24_medium,44,88,46.93333333333333,2.0363609790802,0.13241779498555498
BH_s24_medium,44,89,46.96666666666667,2.2713959217071533,0.11527629939420451
BH_s24_medium,44,90,47.0,2.141312837600708,0.10295045270620551
BH_s24_medium,44,91,47.03333333333333,1.8932526111602783,0.0983093208485816
BH_s24_medium,44,92,47.06666666666667,1.7003644704818726,0.10040930838716153
BH_s24_medium,44,93,47.1,1.4446711540222168,0.10364558274103446
BH_s24_medium,44,94,47.13333333333333,1.0702130794525146,0.0983751117179442
BH_s24_medium,44,95,47.166666666666664,0.7585601806640625,0.07332886010543652
BH_s24_medium,44,96,47.2,0.569488525390625,0.019462460258350814
BH_s24_medium,44,97,47.233333333333334,0.5065521597862244,-0.06587535253657875
BH_s24_medium,44,98,47.266666666666666,0.37751930952072144,-0.17601932295077474
BH_s24_medium,44,99,47.3,0.18857896327972412,-0.2947993048116835
BH_s24_medium,44,100,47.333333333333336,-0.00036139474832452834,-0.3998821314627563
BH_s24_medium,44,101,47.36666666666667,-0.25236940383911133,-0.4689496304464731
BH_s24_medium,44,102,47.4,-0.44130975008010864,-0.48623370518140735
BH_s24_medium,44,103,47.43333333333333,-0.6278777718544006,-0.44648429704592124
BH_s24_medium,44,104,47.46666666666667,-0.7516407370567322,-0.3551547070012133
BH_s24_medium,44,105,47.5,-0.8147083520889282,-0.22577033970934593
BH_s24_medium,44,106,47.53333333333333,-0.877776026725769,-0.07619121241558786
BH_s24_medium,44,107,47.56666666666667,-0.8796231746673584,0.07502205091594183
BH_s24_medium,44,108,47.6,-0.942559540271759,0.21155114140640738
BH_s24_medium,44,109,47.63333333333333,-1.0039112567901611,0.32120267494382365
BH_s24_medium,44,110,47.666666666666664,-1.066978931427002,0.39636442422069645
BH_s24_medium,44,111,47.7,-1.1300466060638428,0.4331347245494542
BH_s24_medium,44,112,47.733333333333334,-1.1276651620864868,0.4302374520584282
BH_s24_medium,44,113,47.766666666666666,-0.7463436126708984,0.38906925512378615
BH_s24_medium,44,114,47.8,0.0747355967760086,0.31487451708999437
BH_s24_medium,44,115,47.833333333333336,1.0190343856811523,0.21755804035031298
BH_s24_medium,44,116,47.86666666666667,1.6455954313278198,0.11069434831492132
BH_s24_medium,44,117,47.9,1.7074633836746216,0.008619897552002438
BH_s24_medium,44,118,47.93333333333333,1.4549211263656616,-0.07714371061849853
BH_s24_medium,44,119,47.96666666666667,1.2026413679122925,-0.1404010523683055
BH_s24_medium,44,120,48.0,0.8878374099731445,-0.18061986302895525
BH_s24_medium,44,121,48.03333333333333,0.5727617740631104,-0.20120720326493094
BH_s24_medium,44,122,48.06666666666667,0.3836991786956787,-0.20684437462837826
BH_s24_medium,44,123,48.1,0.25769516825675964,-0.20122348047467634
BH_s24_medium,44,124,48.13333333333333,0.2574416697025299,-0.18595536352621708
BH_s24_medium,44,125,48.166666666666664,0.19437402486801147,-0.16068640317963204
BH_s24_medium,44,126,48.2,0.06888611614704132,-0.12413535297176854
BH_s24_medium,44,127,48.233333333333334,-0.05633919686079025,-0.07566866064621945
BH_s24_medium,44,128,48.266666666666666,-0.24527955055236816,-0.016852213991165526
BH_s24_medium,44,129,48.3,-0.43526118993759155,0.04767893987983322
BH_s24_medium,44,130,48.333333333333336,-0.5612651705741882,0.11046643428631887
BH_s24_medium,44,131,48.36666666666667,-0.6872692108154297,0.1626485069939811
BH_s24_medium,44,132,48.4,-0.7502055764198303,0.19629580224243257
BH_s24_medium,44,133,48.43333333333333,-0.8131418824195862,0.20701831950403812
BH_s24_medium,44,134,48.46666666666667,-0.8760782480239868,0.19575030788217868
BH_s24_medium,44,135,48.5,-0.877776026725769,0.1686593171842856
BH_s24_medium,44,136,48.53333333333333,-0.9408436417579651,0.13496289509783696
BH_s24_medium,44,137,48.56666666666667,-0.6948479413986206,0.10343161040319347
BH_s24_medium,44,138,48.6,-0.0712340846657753,0.07880498939233231
BH_s24_medium,44,139,48.63333333333333,0.806216835975647,0.05937936083081224
BH_s24_medium,44,140,48.666666666666664,1.5694347620010376,0.03692567290173486
BH_s24_medium,44,141,48.7,1.7684484720230103,-0.00042393680459593163
BH_s24_medium,44,142,48.733333333333334,1.5873584747314453,-0.06284134235299707
BH_s24_medium,44,143,48.766666666666666,1.2120945453643799,-0.15285226338239866
BH_s24_medium,44,144,48.8,0.8971502184867859,-0.2613299158323017
BH_s24_medium,44,145,48.833333333333336,0.5822058320045471,-0.36771825418802306
BH_s24_medium,44,146,48.86666666666667,0.3868502378463745,-0.44539207928906993
BH_s24_medium,44,147,48.9,0.32050931453704834,-0.4707153834328226
BH_s24_medium,44,148,48.93333333333333,0.32050931453704834,-0.4319948293163241
BH_s24_medium,44,149,48.96666666666667,0.32050931453704834,-0.3341435195731981
BH_s24_medium,44,150,49.0,0.198172464966774,-0.19727433542680434
BH_s24_medium,44,151,49.03333333333333,0.06823872029781342,-0.05039896323795593
BH_s24_medium,44,152,49.06666666666667,-0.17590981721878052,0.07734802228346813
BH_s24_medium,44,153,49.1,-0.3648501932621002,0.16535533013791304
BH_s24_medium,44,154,49.13333333333333,-0.4950464963912964,0.2071872723447225
BH_s24_medium,44,155,49.166666666666664,-0.6210505366325378,0.211013465068549
BH_s24_medium,44,156,49.2,-0.6885730624198914,0.1949123910258014
BH_s24_medium,44,157,49.233333333333334,-0.7516407370567322,0.17949284555743222
BH_s24_medium,44,158,49.266666666666666,-0.8147083520889282,0.1808247819500082
BH_s24_medium,44,159,49.3,-0.8147083520889282,0.20582936058226847
BH_s24_medium,44,160,49.333333333333336,-0.45674797892570496,0.25119332261803107
BH_s24_medium,44,161,49.36666666666667,0.2890533208847046,0.30569668460776744
BH_s24_medium,44,162,49.4,1.228906273841858,0.3545709327554486
BH_s24_medium,44,163,49.43333333333333,1.8121118545532227,0.38391411890529137
BH_s24_medium,44,164,49.46666666666667,1.8397694826126099,0.3838061813432202
BH_s24_medium,44,165,49.5,1.5933979749679565,0.3498940598020344
BH_s24_medium,44,166,49.53333333333333,1.2783223390579224,0.28384843873891574
BH_s24_medium,44,167,49.56666666666667,0.9632466435432434,0.19294643597867456
BH_s24_medium,44,168,49.6,0.591265082359314,0.0885065421733277
BH_s24_medium,44,169,49.63333333333333,0.33309534192085266,-0.017236038195158714
BH_s24_medium,44,170,49.666666666666664,0.20079833269119263,-0.11547080312955557
BH_s24_medium,44,171,49.7,0.19437402486801147,-0.20468213275510472
BH_s24_medium,44,172,49.733333333333334,0.13130636513233185,-0.2914150611585008
BH_s24_medium,44,173,49.766666666666666,0.011989261023700237,-0.3860135801523652
BH_s24_medium,44,174,49.8,-0.17013290524482727,-0.4941319713527722
BH_s24_medium,44,175,49.833333333333336,-0.3661540448665619,-0.6081486901789774
BH_s24_medium,44,176,49.86666666666667,-0.555225670337677,-0.7042199479321973
BH_s24_medium,44,177,49.9,-0.7442973256111145,-0.7486267229811736
BH_s24_medium,44,178,49.93333333333333,-0.8072336912155151,-0.711600175500695
BH_s24_medium,44,179,49.96666666666667,-0.877776026725769,-0.5816556391539224
BH_s24_medium,44,180,50.0,-0.9408436417579651,-0.3725405650041073
BH_s24_medium,44,181,50.03333333333333,-0.996042788028717,-0.11900632043823105
BH_s24_medium,44,182,50.06666666666667,-1.0039112567901611,0.13578778881602088
BH_s24_medium,44,183,50.1,-0.7210975885391235,0.3542127532101276
BH_s24_medium,44,184,50.13333333333333,0.010401799343526363,0.5135308735060351
BH_s24_medium,44,185,50.166666666666664,1.127912998199463,0.6086910941756477
BH_s24_medium,44,186,50.2,1.9807108640670776,0.6494656460475311
BH_s24_medium,44,187,50.233333333333334,2.2669501304626465,0.6539524576552077
BH_s24_medium,44,188,50.266666666666666,2.2213263511657715,0.640750745834367
BH_s24_medium,44,189,50.3,2.032254695892334,0.6220553389649016
BH_s24_medium,44,190,50.333333333333336,1.8431830406188965,0.5995681003653658
BH_s24_medium,44,191,50.36666666666667,1.5463390350341797,0.5644198452861848
BH_s24_medium,44,192,50.4,1.1683270931243896,0.5012033928567545
BH_s24_medium,44,193,50.43333333333333,0.7272473573684692,0.3949486741725627
BH_s24_medium,44,194,50.46666666666667,0.4657953083515167,0.23877053252343566
BH_s24_medium,44,195,50.5,0.2768549621105194,0.03931278749064079
BH_s24_medium,44,196,50.53333333333333,0.1411443054676056,-0.1826517984666973
BH_s24_medium,44,197,50.56666666666667,-0.037958111613988876,-0.3976777094977298
BH_s24_medium,44,198,50.6,-0.2899661064147949,-0.5777775937433384
BH_s24_medium,44,199,50.63333333333333,-0.5419741272926331,-0.7068024044898095
BH_s24_medium,44,200,50.666666666666664,-0.7309144735336304,-0.7849721827538245
BH_s24_medium,44,201,50.7,-0.9198548197746277,-0.8239575327734273
BH_s24_medium,44,202,50.733333333333334,-1.056353211402893,-0.8355268450268173
BH_s24_medium,44,203,50.766666666666666,-1.1300466060638428,-0.8218150083743684
BH_s24_medium,44,204,50.8,-1.2452936172485352,-0.7737768515066096
BH_s24_medium,44,205,50.833333333333336,-1.308229923248291,-0.6782908412116293
BH_s24_medium,44,206,50.86666666666667,-1.3711663484573364,-0.5287687189947565
BH_s24_medium,44,207,50.9,-1.4341026544570923,-0.3323677473658548
BH_s24_medium,44,208,50.93333333333333,-1.4453848600387573,-0.1096174818537889
BH_s24_medium,44,209,50.96666666666667,-1.5084525346755981,0.11263102463009297
BH_s24_medium,44,210,51.0,-1.5084525346755981,0.30998808803214756
BH_s24_medium,44,211,51.03333333333333,-1.1772760152816772,0.4660802287271834
BH_s24_medium,44,212,51.06666666666667,-0.34260860085487366,0.5738218780372821
BH_s24_medium,44,213,51.1,0.5513580441474915,0.6345977515747585
BH_s24_medium,44,214,51.13333333333333,1.1668527126312256,0.656773435974761
BH_s24_medium,44,215,51.166666666666664,1.3295917510986328,0.65308913354372
BH_s24_medium,44,216,51.2,1.2159202098846436,0.6370901988385047
BH_s24_medium,44,217,51.233333333333334,1.0899162292480469,0.6200609605436467
BH_s24_medium,44,218,51.266666666666666,0.9135709404945374,0.6092891029872304
BH_s24_medium,44,219,51.3,0.6744205951690674,0.607101844544699
BH_s24_medium,44,220,51.333333333333336,0.40955492854118347,0.6100770200862854
BH_s24_medium,44,221,51.36666666666667,0.0944792702794075,0.6087540598382131
BH_s24_medium,44,222,51.4,-0.04464500769972801,0.5887091407426631
BH_s24_medium,44,223,51.43333333333333,-0.17064900696277618,0.5336511484205042
BH_s24_medium,44,224,51.46666666666667,-0.29665300250053406,0.43045079138415726
BH_s24_medium,44,225,51.5,-0.47207921743392944,0.27489117808881547
BH_s24_medium,44,226,51.53333333333333,-0.6610195636749268,0.07576705049866891
BH_s24_medium,44,227,51.56666666666667,-0.8008003234863281,-0.1455313573803227
BH_s24_medium,44,228,51.6,-0.9898719787597656,-0.3616922233892547
BH_s24_medium,44,229,51.63333333333333,-1.1158759593963623,-0.5505766971185735
BH_s24_medium,44,230,51.666666666666664,-1.1788123846054077,-0.704303729429794
BH_s24_medium,44,231,51.7,-1.2561819553375244,-0.8292591929610997
BH_s24_medium,44,232,51.733333333333334,-1.3192495107650757,-0.9359217757979384
BH_s24_medium,44,233,51.766666666666666,-1.3823171854019165,-1.025189702846182
BH_s24_medium,44,234,51.8,-1.4453848600387573,-1.0808939094971013
BH_s24_medium,44,235,51.833333333333336,-1.5084525346755981,-1.074238062309896
BH_s24_medium,44,236,51.86666666666667,-1.556430459022522,-0.9777705598921862
BH_s24_medium,44,237,51.9,-1.5715200901031494,-0.7804406919551794
BH_s24_medium,44,238,51.93333333333333,-1.5715200901031494,-0.49577786525655104
BH_s24_medium,44,239,51.96666666666667,-1.6345877647399902,-0.16030715785250158
BH_s24_medium,45,0,45.0,1.948311448097229,0.06424949219457006
BH_s24_medium,45,1,45.03333333333333,1.8104819059371948,-2.110727010296808
BH_s24_medium,45,2,45.06666666666667,1.6215416193008423,-3.938163086943311
BH_s24_medium,45,3,45.1,1.3579707145690918,-5.156953711632722
BH_s24_medium,45,4,45.13333333333333,0.9913902282714844,-5.656842349693337
BH_s24_medium,45,5,45.166666666666664,0.687614917755127,-5.491566965606023
BH_s24_medium,45,6,45.2,0.5616108775138855,-4.839358414748656
BH_s24_medium,45,7,45.233333333333334,0.4356068968772888,-3.932839703209178
BH_s24_medium,45,8,45.266666666666666,0.24653524160385132,-2.9888789900967705
BH_s24_medium,45,9,45.3,0.06823872029781342,-2.1604890911215233
BH_s24_medium,45,10,45.333333333333336,-0.07918425649404526,-1.5194201225411517
BH_s24_medium,45,11,45.36666666666667,-0.26812461018562317,-1.0664670758505306
BH_s24_medium,45,12,45.4,-0.44668373465538025,-0.758950325865013
BH_s24_medium,45,13,45.43333333333333,-0.5726877450942993,-0.5418856519581542
BH_s24_medium,45,14,45.46666666666667,-0.698691725730896,-0.3708109081909657
BH_s24_medium,45,15,45.5,-0.7616280913352966,-0.2198431969363367
BH_s24_medium,45,16,45.53333333333333,-0.8245644569396973,-0.07663882033368599
BH_s24_medium,45,17,45.56666666666667,-0.8875008225440979,0.0677261487470706
BH_s24_medium,45,18,45.6,-0.9504371285438538,0.22503383658711912
BH_s24_medium,45,19,45.63333333333333,-1.0039112567901611,0.4080902436024607
BH_s24_medium,45,20,45.666666666666664,-1.066978931427002,0.6234084991207105
BH_s24_medium,45,21,45.7,-1.066978931427002,0.864841783772954
BH_s24_medium,45,22,45.733333333333334,-1.0760473012924194,1.1125828152667199
BH_s24_medium,45,23,45.766666666666666,-1.1211096048355103,1.3376398612407938
BH_s24_medium,45,24,45.8,-0.8337473273277283,1.5096847852235564
BH_s24_medium,45,25,45.833333333333336,-0.0602431520819664,1.6057038805282067
BH_s24_medium,45,26,45.86666666666667,0.9650064706802368,1.616443513389655
BH_s24_medium,45,27,45.9,1.8761920928955078,1.5480122984612377
BH_s24_medium,45,28,45.93333333333333,2.275606393814087,1.4181826427527098
BH_s24_medium,45,29,45.96666666666667,2.259307861328125,1.2496496184369652
BH_s24_medium,45,30,46.0,2.078385591506958,1.0637649762245076
BH_s24_medium,45,31,46.03333333333333,1.9444948434829712,0.8772559876502419
BH_s24_medium,45,32,46.06666666666667,1.629419207572937,0.7019030533914866
BH_s24_medium,45,33,46.1,1.306719422340393,0.5451834086639427
BH_s24_medium,45,34,46.13333333333333,0.9362002015113831,0.4100631783649574
BH_s24_medium,45,35,46.166666666666664,0.6841921806335449,0.29382406720092846
BH_s24_medium,45,36,46.2,0.5024820566177368,0.18740049567983758
BH_s24_medium,45,37,46.233333333333334,0.3693791329860687,0.07703828721726469
BH_s24_medium,45,38,46.266666666666666,0.18043877184391022,-0.051065452916981044
BH_s24_medium,45,39,46.3,-0.008501589298248291,-0.20438718043047077
BH_s24_medium,45,40,46.333333333333336,-0.1974419504404068,-0.37873393976749636
BH_s24_medium,45,41,46.36666666666667,-0.4428762197494507,-0.5569889092796337
BH_s24_medium,45,42,46.4,-0.5688802003860474,-0.7136430523984807
BH_s24_medium,45,43,46.43333333333333,-0.6948842406272888,-0.8238777302007615
BH_s24_medium,45,44,46.46666666666667,-0.8208882212638855,-0.8727837426118076
BH_s24_medium,45,45,46.5,-0.8838245868682861,-0.8597273899909577
BH_s24_medium,45,46,46.53333333333333,-0.9467609524726868,-0.7961453172812996
BH_s24_medium,45,47,46.56666666666667,-1.0096973180770874,-0.6992294653036798
BH_s24_medium,45,48,46.6,-1.066978931427002,-0.5855559613859799
BH_s24_medium,45,49,46.63333333333333,-1.1300466060638428,-0.4674790046947264
BH_s24_medium,45,50,46.666666666666664,-1.1300466060638428,-0.3527826279528045
BH_s24_medium,45,51,46.7,-1.1931142807006836,-0.24633482864975673
BH_s24_medium,45,52,46.733333333333334,-1.1931142807006836,-0.15208969853383847
BH_s24_medium,45,53,46.766666666666666,-1.1931142807006836,-0.07417073489950746
BH_s24_medium,45,54,46.8,-1.183380365371704,-0.016247651418013015
BH_s24_medium,45,55,46.833333333333336,-0.7232269048690796,0.02065405282195969
BH_s24_medium,45,56,46.86666666666667,0.10967779904603958,0.040335189252742654
BH_s24_medium,45,57,46.9,1.2392407655715942,0.05154746416566988
BH_s24_medium,45,58,46.93333333333333,2.0363609790802,0.06544733384243001
BH_s24_medium,45,59,46.96666666666667,2.2713959217071533,0.0916463374841381
BH_s24_medium,45,60,47.0,2.141312837600708,0.13468443519865847
BH_s24_medium,45,61,47.03333333333333,1.8932526111602783,0.19214770289427743
BH_s24_medium,45,62,47.06666666666667,1.7003644704818726,0.2548593614205428
BH_s24_medium,45,63,47.1,1.4446711540222168,0.308983772360202
BH_s24_medium,45,64,47.13333333333333,1.0702130794525146,0.33947133795226775
BH_s24_medium,45,65,47.166666666666664,0.7585601806640625,0.33397030067983274
BH_s24_medium,45,66,47.2,0.569488525390625,0.28617716143839317
BH_s24_medium,45,67,47.233333333333334,0.5065521597862244,0.1978122989212655
BH_s24_medium,45,68,47.266666666666666,0.37751930952072144,0.07896565580595312
BH_s24_medium,45,69,47.3,0.18857896327972412,-0.0531570616361713
BH_s24_medium,45,70,47.333333333333336,-0.00036139474832452834,-0.17725773579168055
BH_s24_medium,45,71,47.36666666666667,-0.25236940383911133,-0.2726000357856284
BH_s24_medium,45,72,47.4,-0.44130975008010864,-0.32387070621731223
BH_s24_medium,45,73,47.43333333333333,-0.6278777718544006,-0.32413412149276494
BH_s24_medium,45,74,47.46666666666667,-0.7516407370567322,-0.2749421020444855
BH_s24_medium,45,75,47.5,-0.8147083520889282,-0.1844251906723739
BH_s24_medium,45,76,47.53333333333333,-0.877776026725769,-0.06480423201506229
BH_s24_medium,45,77,47.56666666666667,-0.8796231746673584,0.069714629861147
BH_s24_medium,45,78,47.6,-0.942559540271759,0.2043598686697092
BH_s24_medium,45,79,47.63333333333333,-1.0039112567901611,0.3246229550483482
BH_s24_medium,45,80,47.666666666666664,-1.066978931427002,0.4167459629082364
BH_s24_medium,45,81,47.7,-1.1300466060638428,0.46834720919612344
BH_s24_medium,45,82,47.733333333333334,-1.1276651620864868,0.4699449188512938
BH_s24_medium,45,83,47.766666666666666,-0.7463436126708984,0.4176882581278205
BH_s24_medium,45,84,47.8,0.0747355967760086,0.3161890706987311
BH_s24_medium,45,85,47.833333333333336,1.0190343856811523,0.17938876390540512
BH_s24_medium,45,86,47.86666666666667,1.6455954313278198,0.028163570780074178
BH_s24_medium,45,87,47.9,1.7074633836746216,-0.1147933680315289
BH_s24_medium,45,88,47.93333333333333,1.4549211263656616,-0.23080324861129403
BH_s24_medium,45,89,47.96666666666667,1.2026413679122925,-0.3093729598287782
BH_s24_medium,45,90,48.0,0.8878374099731445,-0.34913226346356646
BH_s24_medium,45,91,48.03333333333333,0.5727617740631104,-0.35552563730594433
BH_s24_medium,45,92,48.06666666666667,0.3836991786956787,-0.3368041971005437
BH_s24_medium,45,93,48.1,0.25769516825675964,-0.30046036766790707
BH_s24_medium,45,94,48.13333333333333,0.2574416697025299,-0.25150977676417574
BH_s24_medium,45,95,48.166666666666664,0.19437402486801147,-0.19271055062676634
BH_s24_medium,45,96,48.2,0.06888611614704132,-0.12591885768290678
BH_s24_medium,45,97,48.233333333333334,-0.05633919686079025,-0.05359324562493715
BH_s24_medium,45,98,48.266666666666666,-0.24527955055236816,0.020250295509393827
BH_s24_medium,45,99,48.3,-0.43526118993759155,0.0899055475547657
BH_s24_medium,45,100,48.333333333333336,-0.5612651705741882,0.1486343750142853
BH_s24_medium,45,101,48.36666666666667,-0.6872692108154297,0.1899419571190927
BH_s24_medium,45,102,48.4,-0.7502055764198303,0.20919909741231868
BH_s24_medium,45,103,48.43333333333333,-0.8131418824195862,0.2051524007062969
BH_s24_medium,45,104,48.46666666666667,-0.8760782480239868,0.18064593392024442
BH_s24_medium,45,105,48.5,-0.877776026725769,0.14203843826810847
BH_s24_medium,45,106,48.53333333333333,-0.9408436417579651,0.09747907830778493
BH_s24_medium,45,107,48.56666666666667,-0.6948479413986206,0.05477242550414323
BH_s24_medium,45,108,48.6,-0.0712340846657753,0.019492333194700538
BH_s24_medium,45,109,48.63333333333333,0.806216835975647,-0.00629999551409842
BH_s24_medium,45,110,48.666666666666664,1.5694347620010376,-0.024412903369377265
BH_s24_medium,45,111,48.7,1.7684484720230103,-0.039658517318441756
BH_s24_medium,45,112,48.733333333333334,1.5873584747314453,-0.05785866021232259
BH_s24_medium,45,113,48.766666666666666,1.2120945453643799,-0.08337331949967246
BH_s24_medium,45,114,48.8,0.8971502184867859,-0.11709420698604768
BH_s24_medium,45,115,48.833333333333336,0.5822058320045471,-0.15567969833369008
BH_s24_medium,45,116,48.86666666666667,0.3868502378463745,-0.19228615241286828
BH_s24_medium,45,117,48.9,0.32050931453704834,-0.21852724841846402
BH_s24_medium,45,118,48.93333333333333,0.32050931453704834,-0.22710955125709884
BH_s24_medium,45,119,48.96666666666667,0.32050931453704834,-0.2143793069434938
BH_s24_medium,45,120,49.0,0.198172464966774,-0.1817729703155877
BH_s24_medium,45,121,49.03333333333333,0.06823872029781342,-0.13529757749332347
BH_s24_medium,45,122,49.06666666666667,-0.17590981721878052,-0.08298702564454369
BH_s24_medium,45,123,49.1,-0.3648501932621002,-0.03140842792743885
BH_s24_medium,45,124,49.13333333333333,-0.4950464963912964,0.017005310219191428
BH_s24_medium,45,125,49.166666666666664,-0.6210505366325378,0.06434588113129648
BH_s24_medium,45,126,49.2,-0.6885730624198914,0.11520752249369515
BH_s24_medium,45,127,49.233333333333334,-0.7516407370567322,0.17346588878919642
BH_s24_medium,45,128,49.266666666666666,-0.8147083520889282,0.23950903193985906
BH_s24_medium,45,129,49.3,-0.8147083520889282,0.3090877507555535
BH_s24_medium,45,130,49.333333333333336,-0.45674797892570496,0.37406271005008623
BH_s24_medium,45,131,49.36666666666667,0.2890533208847046,0.4244889804813011
BH_s24_medium,45,132,49.4,1.228906273841858,0.45102292654388054
BH_s24_medium,45,133,49.43333333333333,1.8121118545532227,0.4467495913728744
BH_s24_medium,45,134,49.46666666666667,1.8397694826126099,0.40812113871782596
BH_s24_medium,45,135,49.5,1.5933979749679565,0.335347105565038
BH_s24_medium,45,136,49.53333333333333,1.2783223390579224,0.23279170963966614
BH_s24_medium,45,137,49.56666666666667,0.9632466435432434,0.10943667480570196
BH_s24_medium,45,138,49.6,0.591265082359314,-0.021464330200229455
BH_s24_medium,45,139,49.63333333333333,0.33309534192085266,-0.14483779884840628
BH_s24_medium,45,140,49.666666666666664,0.20079833269119263,-0.24872280467059574
BH_s24_medium,45,141,49.7,0.19437402486801147,-0.3298196723227965
BH_s24_medium,45,142,49.733333333333334,0.13130636513233185,-0.3956572366488101
BH_s24_medium,45,143,49.766666666666666,0.011989261023700237,-0.4600619945455692
BH_s24_medium,45,144,49.8,-0.17013290524482727,-0.533017920860413
BH_s24_medium,45,145,49.833333333333336,-0.3661540448665619,-0.610798243570582
BH_s24_medium,45,146,49.86666666666667,-0.555225670337677,-0.6732635668782118
BH_s24_medium,45,147,49.9,-0.7442973256111145,-0.6912823266226034
BH_s24_medium,45,148,49.93333333333333,-0.8072336912155151,-0.6406158466268354
BH_s24_medium,45,149,49.96666666666667,-0.877776026725769,-0.5142130894169482
BH_s24_medium,45,150,50.0,-0.9408436417579651,-0.32613375434229847
BH_s24_medium,45,151,50.03333333333333,-0.996042788028717,-0.10574231367003639
BH_s24_medium,45,152,50.06666666666667,-1.0039112567901611,0.1136997863192879
BH_s24_medium,45,153,50.1,-0.7210975885391235,0.30572214522329927
BH_s24_medium,45,154,50.13333333333333,0.010401799343526363,0.4562549764276118
BH_s24_medium,45,155,50.166666666666664,1.127912998199463,0.5635186707960887
BH_s24_medium,45,156,50.2,1.9807108640670776,0.6340619382856014
BH_s24_medium,45,157,50.233333333333334,2.2669501304626465,0.6774074010951693
BH_s24_medium,45,158,50.266666666666666,2.2213263511657715,0.7011933325272786
BH_s24_medium,45,159,50.3,2.032254695892334,0.7078504115319609
BH_s24_medium,45,160,50.333333333333336,1.8431830406188965,0.6932908127373615
BH_s24_medium,45,161,50.36666666666667,1.5463390350341797,0.647838099185008
BH_s24_medium,45,162,50.4,1.1683270931243896,0.5594137716971475
BH_s24_medium,45,163,50.43333333333333,0.7272473573684692,0.4186151437881015
BH_s24_medium,45,164,50.46666666666667,0.4657953083515167,0.2246665054783269
BH_s24_medium,45,165,50.5,0.2768549621105194,-0.009706351468613842
BH_s24_medium,45,166,50.53333333333333,0.1411443054676056,-0.25720652629053825
BH_s24_medium,45,167,50.56666666666667,-0.037958111613988876,-0.4810461631259783
BH_s24_medium,45,168,50.6,-0.2899661064147949,-0.6462010407500322
BH_s24_medium,45,169,50.63333333333333,-0.5419741272926331,-0.7328831872019224
BH_s24_medium,45,170,50.666666666666664,-0.7309144735336304,-0.7448301835998554
BH_s24_medium,45,171,50.7,-0.9198548197746277,-0.7062414651839767
BH_s24_medium,45,172,50.733333333333334,-1.056353211402893,-0.6482472324891875
BH_s24_medium,45,173,50.766666666666666,-1.1300466060638428,-0.5929621056774852
BH_s24_medium,45,174,50.8,-1.2452936172485352,-0.5442988313554906
BH_s24_medium,45,175,50.833333333333336,-1.308229923248291,-0.4898452106538968
BH_s24_medium,45,176,50.86666666666667,-1.3711663484573364,-0.41126661840572704
BH_s24_medium,45,177,50.9,-1.4341026544570923,-0.29621957346468397
BH_s24_medium,45,178,50.93333333333333,-1.4453848600387573,-0.14511536048985735
BH_s24_medium,45,179,50.96666666666667,-1.5084525346755981,0.029580141692040176
BH_s24_medium,45,180,51.0,-1.5084525346755981,0.20876149120464263
BH_s24_medium,45,181,51.03333333333333,-1.1772760152816772,0.3722913550865865
BH_s24_medium,45,182,51.06666666666667,-0.34260860085487366,0.5029011588407066
BH_s24_medium,45,183,51.1,0.5513580441474915,0.589270938197951
BH_s24_medium,45,184,51.13333333333333,1.1668527126312256,0.6284861442062682
BH_s24_medium,45,185,51.166666666666664,1.3295917510986328,0.6264556755477437
BH_s24_medium,45,186,51.2,1.2159202098846436,0.5957012355514865
BH_s24_medium,45,187,51.233333333333334,1.0899162292480469,0.5516638234802104
BH_s24_medium,45,188,51.266666666666666,0.9135709404945374,0.5087739054083255
BH_s24_medium,45,189,51.3,0.6744205951690674,0.4767574257394294
BH_s24_medium,45,190,51.333333333333336,0.40955492854118347,0.45763483895173923
BH_s24_medium,45,191,51.36666666666667,0.0944792702794075,0.4443266818502809
BH_s24_medium,45,192,51.4,-0.04464500769972801,0.42174966782475787
BH_s24_medium,45,193,51.43333333333333,-0.17064900696277618,0.3707082186700446
BH_s24_medium,45,194,51.46666666666667,-0.29665300250053406,0.27406700155010155
BH_s24_medium,45,195,51.5,-0.47207921743392944,0.12365473351374046
BH_s24_medium,45,196,51.53333333333333,-0.6610195636749268,-0.07469947957218563
BH_s24_medium,45,197,51.56666666666667,-0.8008003234863281,-0.30089080754845554
BH_s24_medium,45,198,51.6,-0.9898719787597656,-0.5265522093767908
BH_s24_medium,45,199,51.63333333333333,-1.1158759593963623,-0.7254048770247902
BH_s24_medium,45,200,51.666666666666664,-1.1788123846054077,-0.8819839723905626
BH_s24_medium,45,201,51.7,-1.2561819553375244,-0.9925895651739294
BH_s24_medium,45,202,51.733333333333334,-1.3192495107650757,-1.0579326403196145
BH_s24_medium,45,203,51.766666666666666,-1.3823171854019165,-1.0736980619787604
BH_s24_medium,45,204,51.8,-1.4453848600387573,-1.0271284598954022
BH_s24_medium,45,205,51.833333333333336,-1.5084525346755981,-0.9033385170222368
BH_s24_medium,45,206,51.86666666666667,-1.556430459022522,-0.6975340428090533
BH_s24_medium,45,207,51.9,-1.5715200901031494,-0.4245349806240595
BH_s24_medium,45,208,51.93333333333333,-1.5715200901031494,-0.11884328639223816
BH_s24_medium,45,209,51.96666666666667,-1.6345877647399902,0.17525735907857287
BH_s24_medium,45,210,52.0,-1.6345877647399902,0.4183139487498939
BH_s24_medium,45,211,52.03333333333333,-1.6345877647399902,0.5876981870094474
BH_s24_medium,45,212,52.06666666666667,-1.4771397113800049,0.6818483677007572
BH_s24_medium,45,213,52.1,-0.9578196406364441,0.7160447826601235
BH_s24_medium,45,214,52.13333333333333,-0.21780437231063843,0.7128710802695997
BH_s24_medium,45,215,52.166666666666664,0.31849169731140137,0.6923542762330004
BH_s24_medium,45,216,52.2,0.4466446042060852,0.6662376895809735
BH_s24_medium,45,217,52.233333333333334,0.523178219795227,0.6381412615071629
BH_s24_medium,45,218,52.266666666666666,0.4002421498298645,0.607746444828839
BH_s24_medium,45,219,52.3,0.2742381691932678,0.5750353795201
BH_s24_medium,45,220,52.333333333333336,0.14823415875434875,0.5415301162257059
BH_s24_medium,45,221,52.36666666666667,-0.06978698819875717,0.5082417488689488
BH_s24_medium,45,222,52.4,-0.40192171931266785,0.47242338390487726
BH_s24_medium,45,223,52.43333333333333,-0.5908620953559875,0.4259348405816162
BH_s24_medium,45,224,52.46666666666667,-0.6711201071739197,0.3569385773631999
BH_s24_medium,45,225,52.5,-0.7340564727783203,0.25456844044555865
BH_s24_medium,45,226,52.53333333333333,-0.860060453414917,0.11436124214690975
BH_s24_medium,45,227,52.56666666666667,-1.0491321086883545,-0.058411867294421924
BH_s24_medium,45,228,52.6,-1.2832932472229004,-0.24946535232544395
BH_s24_medium,45,229,52.63333333333333,-1.4903430938720703,-0.4401594239676064
BH_s24_medium,45,230,52.666666666666664,-1.616347074508667,-0.613768142153756
BH_s24_medium,45,231,52.7,-1.7423510551452637,-0.7598296319835032
BH_s24_medium,45,232,52.733333333333334,-1.8683550357818604,-0.8737975127370059
BH_s24_medium,45,233,52.766666666666666,-1.9312914609909058,-0.9520917103388361
BH_s24_medium,45,234,52.8,-2.057295560836792,-0.9863314703299197
BH_s24_medium,45,235,52.833333333333336,-2.120231866836548,-0.9619376651761844
BH_s24_medium,45,236,52.86666666666667,-2.2462358474731445,-0.8635511614569377
BH_s24_medium,45,237,52.9,-2.3091721534729004,-0.6847697486822244
BH_s24_medium,45,238,52.93333333333333,-2.3721084594726562,-0.4362364382576868
BH_s24_medium,45,239,52.96666666666667,-2.435044765472412,-0.14678222298172447
BH_s24_medium,46,0,46.0,2.078385591506958,-0.012984722361306633
BH_s24_medium,46,1,46.03333333333333,1.9444948434829712,-2.2366487697611404
BH_s24_medium,46,2,46.06666666666667,1.629419207572937,-4.098770584469993
BH_s24_medium,46,3,46.1,1.306719422340393,-5.33101119382014
BH_s24_medium,46,4,46.13333333333333,0.9362002015113831,-5.823259192403921
BH_s24_medium,46,5,46.166666666666664,0.6841921806335449,-5.637500179724126
BH_s24_medium,46,6,46.2,0.5024820566177368,-4.966100857922963
BH_s24_medium,46,7,46.233333333333334,0.3693791329860687,-4.056981048745355
BH_s24_medium,46,8,46.266666666666666,0.18043877184391022,-3.1377055307596025
BH_s24_medium,46,9,46.3,-0.008501589298248291,-2.362477414868905
BH_s24_medium,46,10,46.333333333333336,-0.1974419504404068,-1.7920930359818885
BH_s24_medium,46,11,46.36666666666667,-0.4428762197494507,-1.4047027234913827
BH_s24_medium,46,12,46.4,-0.5688802003860474,-1.1274892878218157
BH_s24_medium,46,13,46.43333333333333,-0.6948842406272888,-0.8758895110612847
BH_s24_medium,46,14,46.46666666666667,-0.8208882212638855,-0.586835739772217
BH_s24_medium,46,15,46.5,-0.8838245868682861,-0.23632646121382722
BH_s24_medium,46,16,46.53333333333333,-0.9467609524726868,0.16093592303922682
BH_s24_medium,46,17,46.56666666666667,-1.0096973180770874,0.5649877764536914
BH_s24_medium,46,18,46.6,-1.066978931427002,0.9291639942606597
BH_s24_medium,46,19,46.63333333333333,-1.1300466060638428,1.216514024248558
BH_s24_medium,46,20,46.666666666666664,-1.1300466060638428,1.4093285294871847
BH_s24_medium,46,21,46.7,-1.1931142807006836,1.5101454746427734
BH_s24_medium,46,22,46.733333333333334,-1.1931142807006836,1.5356753963121992
BH_s24_medium,46,23,46.766666666666666,-1.1931142807006836,1.5074369233144436
BH_s24_medium,46,24,46.8,-1.183380365371704,1.443761667424248
BH_s24_medium,46,25,46.833333333333336,-0.7232269048690796,1.3564332192479052
BH_s24_medium,46,26,46.86666666666667,0.10967779904603958,1.2519780209307387
BH_s24_medium,46,27,46.9,1.2392407655715942,1.1349538641834982
BH_s24_medium,46,28,46.93333333333333,2.0363609790802,1.0104466422503966
BH_s24_medium,46,29,46.96666666666667,2.2713959217071533,0.8845895390865738
BH_s24_medium,46,30,47.0,2.141312837600708,0.7634351105641259
BH_s24_medium,46,31,47.03333333333333,1.8932526111602783,0.651172083738981
BH_s24_medium,46,32,47.06666666666667,1.7003644704818726,0.5486022643626509
BH_s24_medium,46,33,47.1,1.4446711540222168,0.4524274964532446
BH_s24_medium,46,34,47.13333333333333,1.0702130794525146,0.3556287254813905
BH_s24_medium,46,35,47.166666666666664,0.7585601806640625,0.24904619511821832
BH_s24_medium,46,36,47.2,0.569488525390625,0.12402540528421344
BH_s24_medium,46,37,47.233333333333334,0.5065521597862244,-0.024348545340318915
BH_s24_medium,46,38,47.266666666666666,0.37751930952072144,-0.19427331911296125
BH_s24_medium,46,39,47.3,0.18857896327972412,-0.3756618948789319
BH_s24_medium,46,40,47.333333333333336,-0.00036139474832452834,-0.5511171991134601
BH_s24_medium,46,41,47.36666666666667,-0.25236940383911133,-0.6997090295531053
BH_s24_medium,46,42,47.4,-0.44130975008010864,-0.8022146271889569
BH_s24_medium,46,43,47.43333333333333,-0.6278777718544006,-0.8455680215239162
BH_s24_medium,46,44,47.46666666666667,-0.7516407370567322,-0.825038601387812
BH_s24_medium,46,45,47.5,-0.8147083520889282,-0.744181804040098
BH_s24_medium,46,46,47.53333333333333,-0.877776026725769,-0.6134568741763471
BH_s24_medium,46,47,47.56666666666667,-0.8796231746673584,-0.44834428218959016
BH_s24_medium,46,48,47.6,-0.942559540271759,-0.26734758952163457
BH_s24_medium,46,49,47.63333333333333,-1.0039112567901611,-0.09002083700694474
BH_s24_medium,46,50,47.666666666666664,-1.066978931427002,0.06474463796877677
BH_s24_medium,46,51,47.7,-1.1300466060638428,0.18012949521022653
BH_s24_medium,46,52,47.733333333333334,-1.1276651620864868,0.24312381082738696
BH_s24_medium,46,53,47.766666666666666,-0.7463436126708984,0.2472021061077512
BH_s24_medium,46,54,47.8,0.0747355967760086,0.1951585563421253
BH_s24_medium,46,55,47.833333333333336,1.0190343856811523,0.10013830682275766
BH_s24_medium,46,56,47.86666666666667,1.6455954313278198,-0.016499782356384773
BH_s24_medium,46,57,47.9,1.7074633836746216,-0.13010612304194924
BH_s24_medium,46,58,47.93333333333333,1.4549211263656616,-0.2186763675189876
BH_s24_medium,46,59,47.96666666666667,1.2026413679122925,-0.2676770725704168
BH_s24_medium,46,60,48.0,0.8878374099731445,-0.27227489077647055
BH_s24_medium,46,61,48.03333333333333,0.5727617740631104,-0.23668590741881526
BH_s24_medium,46,62,48.06666666666667,0.3836991786956787,-0.17150129272442205
BH_s24_medium,46,63,48.1,0.25769516825675964,-0.09029297614493197
BH_s24_medium,46,64,48.13333333333333,0.2574416697025299,-0.006425438559799009
BH_s24_medium,46,65,48.166666666666664,0.19437402486801147,0.06953272042934179
BH_s24_medium,46,66,48.2,0.06888611614704132,0.13148251252316412
BH_s24_medium,46,67,48.233333333333334,-0.05633919686079025,0.17812865595919147
BH_s24_medium,46,68,48.266666666666666,-0.24527955055236816,0.2117638806679894
BH_s24_medium,46,69,48.3,-0.43526118993759155,0.23585549649922255
BH_s24_medium,46,70,48.333333333333336,-0.5612651705741882,0.2523926560801539
BH_s24_medium,46,71,48.36666666666667,-0.6872692108154297,0.2602748489536404
BH_s24_medium,46,72,48.4,-0.7502055764198303,0.2557661397509916
BH_s24_medium,46,73,48.43333333333333,-0.8131418824195862,0.23502149168638592
BH_s24_medium,46,74,48.46666666666667,-0.8760782480239868,0.19728741188387858
BH_s24_medium,46,75,48.5,-0.877776026725769,0.1467622714076356
BH_s24_medium,46,76,48.53333333333333,-0.9408436417579651,0.0919724821817094
BH_s24_medium,46,77,48.56666666666667,-0.6948479413986206,0.043000574952914795
BH_s24_medium,46,78,48.6,-0.0712340846657753,0.007807026234516505
BH_s24_medium,46,79,48.63333333333333,0.806216835975647,-0.010899824505470185
BH_s24_medium,46,80,48.666666666666664,1.5694347620010376,-0.016962330236321217
BH_s24_medium,46,81,48.7,1.7684484720230103,-0.019557154883239575
BH_s24_medium,46,82,48.733333333333334,1.5873584747314453,-0.029800506188263742
BH_s24_medium,46,83,48.766666666666666,1.2120945453643799,-0.056455583283830886
BH_s24_medium,46,84,48.8,0.8971502184867859,-0.10236308162089634
BH_s24_medium,46,85,48.833333333333336,0.5822058320045471,-0.16287334503213033
BH_s24_medium,46,86,48.86666666666667,0.3868502378463745,-0.22678809922891469
BH_s24_medium,46,87,48.9,0.32050931453704834,-0.27949288054417526
BH_s24_medium,46,88,48.93333333333333,0.32050931453704834,-0.30734312418625437
BH_s24_medium,46,89,48.96666666666667,0.32050931453704834,-0.30195450651189326
BH_s24_medium,46,90,49.0,0.198172464966774,-0.2628732379644676
BH_s24_medium,46,91,49.03333333333333,0.06823872029781342,-0.19748888888091187
BH_s24_medium,46,92,49.06666666666667,-0.17590981721878052,-0.11813197567827738
BH_s24_medium,46,93,49.1,-0.3648501932621002,-0.03755972118231549
BH_s24_medium,46,94,49.13333333333333,-0.4950464963912964,0.03524160246416743
BH_s24_medium,46,95,49.166666666666664,-0.6210505366325378,0.09721861753970666
BH_s24_medium,46,96,49.2,-0.6885730624198914,0.15070414759392797
BH_s24_medium,46,97,49.233333333333334,-0.7516407370567322,0.2007607146464154
BH_s24_medium,46,98,49.266666666666666,-0.8147083520889282,0.251817965119505
BH_s24_medium,46,99,49.3,-0.8147083520889282,0.3050218027256626
BH_s24_medium,46,100,49.333333333333336,-0.45674797892570496,0.35707432286098245
BH_s24_medium,46,101,49.36666666666667,0.2890533208847046,0.40058942362598815
BH_s24_medium,46,102,49.4,1.228906273841858,0.42559027908742386
BH_s24_medium,46,103,49.43333333333333,1.8121118545532227,0.42172236112891215
BH_s24_medium,46,104,49.46666666666667,1.8397694826126099,0.3808192805512577
BH_s24_medium,46,105,49.5,1.5933979749679565,0.2995267454872426
BH_s24_medium,46,106,49.53333333333333,1.2783223390579224,0.18164970143920303
BH_s24_medium,46,107,49.56666666666667,0.9632466435432434,0.039503855808969354
BH_s24_medium,46,108,49.6,0.591265082359314,-0.10704173798297874
BH_s24_medium,46,109,49.63333333333333,0.33309534192085266,-0.23511899119224708
BH_s24_medium,46,110,49.666666666666664,0.20079833269119263,-0.3268677291959918
BH_s24_medium,46,111,49.7,0.19437402486801147,-0.3779563936880581
BH_s24_medium,46,112,49.733333333333334,0.13130636513233185,-0.4011652594066282
BH_s24_medium,46,113,49.766666666666666,0.011989261023700237,-0.4206552365648758
BH_s24_medium,46,114,49.8,-0.17013290524482727,-0.458269260206809
BH_s24_medium,46,115,49.833333333333336,-0.3661540448665619,-0.5193009284259608
BH_s24_medium,46,116,49.86666666666667,-0.555225670337677,-0.5864835969388305
BH_s24_medium,46,117,49.9,-0.7442973256111145,-0.6264431302152782
BH_s24_medium,46,118,49.93333333333333,-0.8072336912155151,-0.6053354186648284
BH_s24_medium,46,119,49.96666666666667,-0.877776026725769,-0.5049366281315969
BH_s24_medium,46,120,50.0,-0.9408436417579651,-0.3307598755784244
BH_s24_medium,46,121,50.03333333333333,-0.996042788028717,-0.10898856974234361
BH_s24_medium,46,122,50.06666666666667,-1.0039112567901611,0.12461798390669343
BH_s24_medium,46,123,50.1,-0.7210975885391235,0.3372295596685276
BH_s24_medium,46,124,50.13333333333333,0.010401799343526363,0.507429628382272
BH_s24_medium,46,125,50.166666666666664,1.127912998199463,0.6278291836373747
BH_s24_medium,46,126,50.2,1.9807108640670776,0.7027306187724395
BH_s24_medium,46,127,50.233333333333334,2.2669501304626465,0.7428494161447744
BH_s24_medium,46,128,50.266666666666666,2.2213263511657715,0.7591423996650353
BH_s24_medium,46,129,50.3,2.032254695892334,0.7574979315339839
BH_s24_medium,46,130,50.333333333333336,1.8431830406188965,0.7357667121164465
BH_s24_medium,46,131,50.36666666666667,1.5463390350341797,0.6841437538660148
BH_s24_medium,46,132,50.4,1.1683270931243896,0.589003789292541
BH_s24_medium,46,133,50.43333333333333,0.7272473573684692,0.4392209436882448
BH_s24_medium,46,134,50.46666666666667,0.4657953083515167,0.233143451401302
BH_s24_medium,46,135,50.5,0.2768549621105194,-0.01624561639406574
BH_s24_medium,46,136,50.53333333333333,0.1411443054676056,-0.28070156208576463
BH_s24_medium,46,137,50.56666666666667,-0.037958111613988876,-0.5224696949210538
BH_s24_medium,46,138,50.6,-0.2899661064147949,-0.7057594281350592
BH_s24_medium,46,139,50.63333333333333,-0.5419741272926331,-0.8097095288132187
BH_s24_medium,46,140,50.666666666666664,-0.7309144735336304,-0.8360015957802525
BH_s24_medium,46,141,50.7,-0.9198548197746277,-0.8059156027087135
BH_s24_medium,46,142,50.733333333333334,-1.056353211402893,-0.7480513477803091
BH_s24_medium,46,143,50.766666666666666,-1.1300466060638428,-0.6839648917555906
BH_s24_medium,46,144,50.8,-1.2452936172485352,-0.6195106245793802
BH_s24_medium,46,145,50.833333333333336,-1.308229923248291,-0.5456238427273186
BH_s24_medium,46,146,50.86666666666667,-1.3711663484573364,-0.4471946391784809
BH_s24_medium,46,147,50.9,-1.4341026544570923,-0.3146284474752395
BH_s24_medium,46,148,50.93333333333333,-1.4453848600387573,-0.15112598552512585
BH_s24_medium,46,149,50.96666666666667,-1.5084525346755981,0.02836110622356306
BH_s24_medium,46,150,51.0,-1.5084525346755981,0.20408608365543368
BH_s24_medium,46,151,51.03333333333333,-1.1772760152816772,0.35827922425669184
BH_s24_medium,46,152,51.06666666666667,-0.34260860085487366,0.47861721293693155
BH_s24_medium,46,153,51.1,0.5513580441474915,0.5595771924181914
BH_s24_medium,46,154,51.13333333333333,1.1668527126312256,0.6027680569700149
BH_s24_medium,46,155,51.166666666666664,1.3295917510986328,0.6155711245334538
BH_s24_medium,46,156,51.2,1.2159202098846436,0.6082218695200311
BH_s24_medium,46,157,51.233333333333334,1.0899162292480469,0.5909483126492272
BH_s24_medium,46,158,51.266666666666666,0.9135709404945374,0.5720176307456389
BH_s24_medium,46,159,51.3,0.6744205951690674,0.5560766669916324
BH_s24_medium,46,160,51.333333333333336,0.40955492854118347,0.5424053909738702
BH_s24_medium,46,161,51.36666666666667,0.0944792702794075,0.5238910693496862
BH_s24_medium,46,162,51.4,-0.04464500769972801,0.4879084795475426
BH_s24_medium,46,163,51.43333333333333,-0.17064900696277618,0.41963395823446414
BH_s24_medium,46,164,51.46666666666667,-0.29665300250053406,0.3072493863282801
BH_s24_medium,46,165,51.5,-0.47207921743392944,0.14743849545239293
BH_s24_medium,46,166,51.53333333333333,-0.6610195636749268,-0.05111895443660472
BH_s24_medium,46,167,51.56666666666667,-0.8008003234863281,-0.2685037281171939
BH_s24_medium,46,168,51.6,-0.9898719787597656,-0.4795378231895182
BH_s24_medium,46,169,51.63333333333333,-1.1158759593963623,-0.6629580271449977
BH_s24_medium,46,170,51.666666666666664,-1.1788123846054077,-0.8082825324055704
BH_s24_medium,46,171,51.7,-1.2561819553375244,-0.9149962161831581
BH_s24_medium,46,172,51.733333333333334,-1.3192495107650757,-0.9842447864431304
BH_s24_medium,46,173,51.766666666666666,-1.3823171854019165,-1.0096375391634629
BH_s24_medium,46,174,51.8,-1.4453848600387573,-0.9751724765667336
BH_s24_medium,46,175,51.833333333333336,-1.5084525346755981,-0.8633967141137942
BH_s24_medium,46,176,51.86666666666667,-1.556430459022522,-0.6690171851662136
BH_s24_medium,46,177,51.9,-1.5715200901031494,-0.4085803735109758
BH_s24_medium,46,178,51.93333333333333,-1.5715200901031494,-0.11946886749838348
BH_s24_medium,46,179,51.96666666666667,-1.6345877647399902,0.15159369112862423
BH_s24_medium,46,180,52.0,-1.6345877647399902,0.3645465327893326
BH_s24_medium,46,181,52.03333333333333,-1.6345877647399902,0.49874946070059967
BH_s24_medium,46,182,52.06666666666667,-1.4771397113800049,0.5570783221906422
BH_s24_medium,46,183,52.1,-0.9578196406364441,0.5605674433121757
BH_s24_medium,46,184,52.13333333333333,-0.21780437231063843,0.5371725126189938
BH_s24_medium,46,185,52.166666666666664,0.31849169731140137,0.5103794882618603
BH_s24_medium,46,186,52.2,0.4466446042060852,0.4925867171826938
BH_s24_medium,46,187,52.233333333333334,0.523178219795227,0.48513195603842985
BH_s24_medium,46,188,52.266666666666666,0.4002421498298645,0.4832090211765972
BH_s24_medium,46,189,52.3,0.2742381691932678,0.48168908737866023
BH_s24_medium,46,190,52.333333333333336,0.14823415875434875,0.4781726738865036
BH_s24_medium,46,191,52.36666666666667,-0.06978698819875717,0.47194653966921696
BH_s24_medium,46,192,52.4,-0.40192171931266785,0.4603420671817026
BH_s24_medium,46,193,52.43333333333333,-0.5908620953559875,0.4355886810973259
BH_s24_medium,46,194,52.46666666666667,-0.6711201071739197,0.38477235015337535
BH_s24_medium,46,195,52.5,-0.7340564727783203,0.29360073470300174
BH_s24_medium,46,196,52.53333333333333,-0.860060453414917,0.1526284481945855
BH_s24_medium,46,197,52.56666666666667,-1.0491321086883545,-0.036733057822512655
BH_s24_medium,46,198,52.6,-1.2832932472229004,-0.2592997367441796
BH_s24_medium,46,199,52.63333333333333,-1.4903430938720703,-0.48816206121734906
BH_s24_medium,46,200,52.666666666666664,-1.616347074508667,-0.6915477343062445
BH_s24_medium,46,201,52.7,-1.7423510551452637,-0.8417909914783479
BH_s24_medium,46,202,52.733333333333334,-1.8683550357818604,-0.9218783522222083
BH_s24_medium,46,203,52.766666666666666,-1.9312914609909058,-0.9262625025847363
BH_s24_medium,46,204,52.8,-2.057295560836792,-0.8571145542804329
BH_s24_medium,46,205,52.833333333333336,-2.120231866836548,-0.7207127697419707
BH_s24_medium,46,206,52.86666666666667,-2.2462358474731445,-0.5275155834385733
BH_s24_medium,46,207,52.9,-2.3091721534729004,-0.29514027218862293
BH_s24_medium,46,208,52.93333333333333,-2.3721084594726562,-0.05004663590278026
BH_s24_medium,46,209,52.96666666666667,-2.435044765472412,0.17580744380397534
BH_s24_medium,46,210,53.0,-2.454467296600342,0.3528758639588881
BH_s24_medium,46,211,53.03333333333333,-2.454467296600342,0.46222163002730526
BH_s24_medium,46,212,53.06666666666667,-2.454467296600342,0.4998533328041899
BH_s24_medium,46,213,53.1,-2.4113471508026123,0.47590048653814976
BH_s24_medium,46,214,53.13333333333333,-1.7120718955993652,0.4098643677482951
BH_s24_medium,46,215,53.166666666666664,-0.5122683644294739,0.32421784266928655
BH_s24_medium,46,216,53.2,0.5137990713119507,0.23847399406847655
BH_s24_medium,46,217,53.233333333333334,0.8881181478500366,0.1653308048999613
BH_s24_medium,46,218,53.266666666666666,0.6345919370651245,0.11003226504265098
BH_s24_medium,46,219,53.3,0.29891225695610046,0.07296733369784604
BH_s24_medium,46,220,53.333333333333336,0.08910530805587769,0.053595891933742784
BH_s24_medium,46,221,53.36666666666667,-0.015900811180472374,0.052847668314132644
BH_s24_medium,46,222,53.4,-0.20484116673469543,0.07250537999801668
BH_s24_medium,46,223,53.43333333333333,-0.45684918761253357,0.11229197965176173
BH_s24_medium,46,224,53.46666666666667,-0.6041136384010315,0.1664859987804505
BH_s24_medium,46,225,53.5,-0.6255053877830505,0.22192147857626773
BH_s24_medium,46,226,53.53333333333333,-0.6255053877830505,0.25889909643452624
BH_s24_medium,46,227,53.56666666666667,-0.7298550605773926,0.2556837001127904
BH_s24_medium,46,228,53.6,-0.855859100818634,0.19569848821306168
BH_s24_medium,46,229,53.63333333333333,-1.0449306964874268,0.07493553336252798
BH_s24_medium,46,230,53.666666666666664,-1.1709346771240234,-0.09359677912841677
BH_s24_medium,46,231,53.7,-1.2969387769699097,-0.2810054826063081
BH_s24_medium,46,232,53.733333333333334,-1.4229427576065063,-0.45000850232705036
BH_s24_medium,46,233,53.766666666666666,-1.4453848600387573,-0.5666093254030296
BH_s24_medium,46,234,53.8,-1.5084525346755981,-0.6108320565609124
BH_s24_medium,46,235,53.833333333333336,-1.5715200901031494,-0.5811863819690253
BH_s24_medium,46,236,53.86666666666667,-1.6345877647399902,-0.4912029397615929
BH_s24_medium,46,237,53.9,-1.697655439376831,-0.36102724505291434
BH_s24_medium,46,238,53.93333333333333,-1.7607231140136719,-0.20913080243906365
BH_s24_medium,46,239,53.96666666666667,-1.8004295825958252,-0.04814218081052843
BH_s24_medium,47,0,47.0,2.141312837600708,-0.026201501498999066
BH_s24_medium,47,1,47.03333333333333,1.8932526111602783,-2.300583092062583
BH_s24_medium,47,2,47.06666666666667,1.7003644704818726,-4.21908887682468
BH_s24_medium,47,3,47.1,1.4446711540222168,-5.515288065356926
BH_s24_medium,47,4,47.13333333333333,1.0702130794525146,-6.0759178155330975
BH_s24_medium,47,5,47.166666666666664,0.7585601806640625,-5.954724693650199
BH_s24_medium,47,6,47.2,0.569488525390625,-5.332546946867393
BH_s24_medium,47,7,47.233333333333334,0.5065521597862244,-4.445557917193995
BH_s24_medium,47,8,47.266666666666666,0.37751930952072144,-3.512763930628605
BH_s24_medium,47,9,47.3,0.18857896327972412,-2.685810297725083
BH_s24_medium,47,10,47.333333333333336,-0.00036139474832452834,-2.0305520446065795
BH_s24_medium,47,11,47.36666666666667,-0.25236940383911133,-1.5376483534874912
BH_s24_medium,47,12,47.4,-0.44130975008010864,-1.1514158732679978
BH_s24_medium,47,13,47.43333333333333,-0.6278777718544006,-0.8035629649489672
BH_s24_medium,47,14,47.46666666666667,-0.7516407370567322,-0.4406966636178921
BH_s24_medium,47,15,47.5,-0.8147083520889282,-0.03945927410713163
BH_s24_medium,47,16,47.53333333333333,-0.877776026725769,0.391649688385561
BH_s24_medium,47,17,47.56666666666667,-0.8796231746673584,0.8208155804267325
BH_s24_medium,47,18,47.6,-0.942559540271759,1.2067958372954657
BH_s24_medium,47,19,47.63333333333333,-1.0039112567901611,1.5127225249222565
BH_s24_medium,47,20,47.666666666666664,-1.066978931427002,1.7153769024854546
BH_s24_medium,47,21,47.7,-1.1300466060638428,1.80798284319614
BH_s24_medium,47,22,47.733333333333334,-1.1276651620864868,1.7978966086984314
BH_s24_medium,47,23,47.766666666666666,-0.7463436126708984,1.7024036508144222
BH_s24_medium,47,24,47.8,0.0747355967760086,1.5447982185016707
BH_s24_medium,47,25,47.833333333333336,1.0190343856811523,1.3509030385035279
BH_s24_medium,47,26,47.86666666666667,1.6455954313278198,1.1455350933295856
BH_s24_medium,47,27,47.9,1.7074633836746216,0.9490318761298953
BH_s24_medium,47,28,47.93333333333333,1.4549211263656616,0.7745871804491482
BH_s24_medium,47,29,47.96666666666667,1.2026413679122925,0.627246322474163
BH_s24_medium,47,30,48.0,0.8878374099731445,0.5049700750504258
BH_s24_medium,47,31,48.03333333333333,0.5727617740631104,0.4013854047519073
BH_s24_medium,47,32,48.06666666666667,0.3836991786956787,0.3090960971088525
BH_s24_medium,47,33,48.1,0.25769516825675964,0.2222667149911919
BH_s24_medium,47,34,48.13333333333333,0.2574416697025299,0.13780781927726715
BH_s24_medium,47,35,48.166666666666664,0.19437402486801147,0.05534431562599635
BH_s24_medium,47,36,48.2,0.06888611614704132,-0.023423039654310068
BH_s24_medium,47,37,48.233333333333334,-0.05633919686079025,-0.09551256117002763
BH_s24_medium,47,38,48.266666666666666,-0.24527955055236816,-0.15759819497064953
BH_s24_medium,47,39,48.3,-0.43526118993759155,-0.20721653319780203
BH_s24_medium,47,40,48.333333333333336,-0.5612651705741882,-0.24398156454832853
BH_s24_medium,47,41,48.36666666666667,-0.6872692108154297,-0.27013836650283024
BH_s24_medium,47,42,48.4,-0.7502055764198303,-0.2899539714984595
BH_s24_medium,47,43,48.43333333333333,-0.8131418824195862,-0.30810629545653884
BH_s24_medium,47,44,48.46666666666667,-0.8760782480239868,-0.327875374666481
BH_s24_medium,47,45,48.5,-0.877776026725769,-0.35001900952619835
BH_s24_medium,47,46,48.53333333333333,-0.9408436417579651,-0.37264072300686457
BH_s24_medium,47,47,48.56666666666667,-0.6948479413986206,-0.3918141257166356
BH_s24_medium,47,48,48.6,-0.0712340846657753,-0.4027464578873458
BH_s24_medium,47,49,48.63333333333333,0.806216835975647,-0.4013859097017796
BH_s24_medium,47,50,48.666666666666664,1.5694347620010376,-0.3860822994198626
BH_s24_medium,47,51,48.7,1.7684484720230103,-0.3585693585543988
BH_s24_medium,47,52,48.733333333333334,1.5873584747314453,-0.32368923013361367
BH_s24_medium,47,53,48.766666666666666,1.2120945453643799,-0.2878270896844757
BH_s24_medium,47,54,48.8,0.8971502184867859,-0.25658409063816695
BH_s24_medium,47,55,48.833333333333336,0.5822058320045471,-0.23258723523481592
BH_s24_medium,47,56,48.86666666666667,0.3868502378463745,-0.2144013541040892
BH_s24_medium,47,57,48.9,0.32050931453704834,-0.19713105166927214
BH_s24_medium,47,58,48.93333333333333,0.32050931453704834,-0.17452603939306288
BH_s24_medium,47,59,48.96666666666667,0.32050931453704834,-0.14162977003810967
BH_s24_medium,47,60,49.0,0.198172464966774,-0.0967025413834049
BH_s24_medium,47,61,49.03333333333333,0.06823872029781342,-0.0415145872752709
BH_s24_medium,47,62,49.06666666666667,-0.17590981721878052,0.02000828020722953
BH_s24_medium,47,63,49.1,-0.3648501932621002,0.0838916980223294
BH_s24_medium,47,64,49.13333333333333,-0.4950464963912964,0.1476880296169077
BH_s24_medium,47,65,49.166666666666664,-0.6210505366325378,0.21064563865195435
BH_s24_medium,47,66,49.2,-0.6885730624198914,0.27259058458256064
BH_s24_medium,47,67,49.233333333333334,-0.7516407370567322,0.3324524225883104
BH_s24_medium,47,68,49.266666666666666,-0.8147083520889282,0.3873938423261178
BH_s24_medium,47,69,49.3,-0.8147083520889282,0.4329340818765956
BH_s24_medium,47,70,49.333333333333336,-0.45674797892570496,0.46383416789896176
BH_s24_medium,47,71,49.36666666666667,0.2890533208847046,0.4751834786065305
BH_s24_medium,47,72,49.4,1.228906273841858,0.46319319555937627
BH_s24_medium,47,73,49.43333333333333,1.8121118545532227,0.4255744002771148
BH_s24_medium,47,74,49.46666666666667,1.8397694826126099,0.36179914052636825
BH_s24_medium,47,75,49.5,1.5933979749679565,0.27366103116108725
BH_s24_medium,47,76,49.53333333333333,1.2783223390579224,0.16619279849619006
BH_s24_medium,47,77,49.56666666666667,0.9632466435432434,0.04836995306744081
BH_s24_medium,47,78,49.6,0.591265082359314,-0.06743119583668947
BH_s24_medium,47,79,49.63333333333333,0.33309534192085266,-0.16813063603492348
BH_s24_medium,47,80,49.666666666666664,0.20079833269119263,-0.24473146689318265
BH_s24_medium,47,81,49.7,0.19437402486801147,-0.2972945816908399
BH_s24_medium,47,82,49.733333333333334,0.13130636513233185,-0.3364940933003511
BH_s24_medium,47,83,49.766666666666666,0.011989261023700237,-0.3788656817592663
BH_s24_medium,47,84,49.8,-0.17013290524482727,-0.43682633053257824
BH_s24_medium,47,85,49.833333333333336,-0.3661540448665619,-0.5088507147143027
BH_s24_medium,47,86,49.86666666666667,-0.555225670337677,-0.5761914987360045
BH_s24_medium,47,87,49.9,-0.7442973256111145,-0.6091961169575525
BH_s24_medium,47,88,49.93333333333333,-0.8072336912155151,-0.5804599767807425
BH_s24_medium,47,89,49.96666666666667,-0.877776026725769,-0.477735639442685
BH_s24_medium,47,90,50.0,-0.9408436417579651,-0.30977630472152967
BH_s24_medium,47,91,50.03333333333333,-0.996042788028717,-0.1026399023088948
BH_s24_medium,47,92,50.06666666666667,-1.0039112567901611,0.11059786234368489
BH_s24_medium,47,93,50.1,-0.7210975885391235,0.30088030978565045
BH_s24_medium,47,94,50.13333333333333,0.010401799343526363,0.4503578985909136
BH_s24_medium,47,95,50.166666666666664,1.127912998199463,0.5543161705793069
BH_s24_medium,47,96,50.2,1.9807108640670776,0.6186482690503872
BH_s24_medium,47,97,50.233333333333334,2.2669501304626465,0.6545175749295064
BH_s24_medium,47,98,50.266666666666666,2.2213263511657715,0.6721465416623
BH_s24_medium,47,99,50.3,2.032254695892334,0.6756747613763695
BH_s24_medium,47,100,50.333333333333336,1.8431830406188965,0.6606703264502192
BH_s24_medium,47,101,50.36666666666667,1.5463390350341797,0.6151552482179874
BH_s24_medium,47,102,50.4,1.1683270931243896,0.5240258957272618
BH_s24_medium,47,103,50.43333333333333,0.7272473573684692,0.37573844504449183
BH_s24_medium,47,104,50.46666666666667,0.4657953083515167,0.16930441279870664
BH_s24_medium,47,105,50.5,0.2768549621105194,-0.08090721647795864
BH_s24_medium,47,106,50.53333333333333,0.1411443054676056,-0.3451005204367071
BH_s24_medium,47,107,50.56666666666667,-0.037958111613988876,-0.5842379473101147
BH_s24_medium,47,108,50.6,-0.2899661064147949,-0.7616097228855643
BH_s24_medium,47,109,50.63333333333333,-0.5419741272926331,-0.8555687792258453
BH_s24_medium,47,110,50.666666666666664,-0.7309144735336304,-0.8667741478022772
BH_s24_medium,47,111,50.7,-0.9198548197746277,-0.8150934941598628
BH_s24_medium,47,112,50.733333333333334,-1.056353211402893,-0.7278807126162691
BH_s24_medium,47,113,50.766666666666666,-1.1300466060638428,-0.6270842745388087
BH_s24_medium,47,114,50.8,-1.2452936172485352,-0.5223257757358366
BH_s24_medium,47,115,50.833333333333336,-1.308229923248291,-0.4121904584270373
BH_s24_medium,47,116,50.86666666666667,-1.3711663484573364,-0.2909802833061767
BH_s24_medium,47,117,50.9,-1.4341026544570923,-0.15581270730951444
BH_s24_medium,47,118,50.93333333333333,-1.4453848600387573,-0.009880104637851446
BH_s24_medium,47,119,50.96666666666667,-1.5084525346755981,0.13892173360261337
BH_s24_medium,47,120,51.0,-1.5084525346755981,0.2812265216349646
BH_s24_medium,47,121,51.03333333333333,-1.1772760152816772,0.40798884613140884
BH_s24_medium,47,122,51.06666666666667,-0.34260860085487366,0.5106692338613606
BH_s24_medium,47,123,51.1,0.5513580441474915,0.5821273938331425
BH_s24_medium,47,124,51.13333333333333,1.1668527126312256,0.6189659913291892
BH_s24_medium,47,125,51.166666666666664,1.3295917510986328,0.6234726486566767
BH_s24_medium,47,126,51.2,1.2159202098846436,0.6035292838188157
BH_s24_medium,47,127,51.233333333333334,1.0899162292480469,0.5706116523879767
BH_s24_medium,47,128,51.266666666666666,0.9135709404945374,0.5366376929455628
BH_s24_medium,47,129,51.3,0.6744205951690674,0.510239050030901
BH_s24_medium,47,130,51.333333333333336,0.40955492854118347,0.49328039657010453
BH_s24_medium,47,131,51.36666666666667,0.0944792702794075,0.4789359906025387
BH_s24_medium,47,132,51.4,-0.04464500769972801,0.45256574132284366
BH_s24_medium,47,133,51.43333333333333,-0.17064900696277618,0.3957997966725621
BH_s24_medium,47,134,51.46666666666667,-0.29665300250053406,0.292942208145785
BH_s24_medium,47,135,51.5,-0.47207921743392944,0.13761053414709698
BH_s24_medium,47,136,51.53333333333333,-0.6610195636749268,-0.06302566681279595
BH_s24_medium,47,137,51.56666666666667,-0.8008003234863281,-0.2887595117651222
BH_s24_medium,47,138,51.6,-0.9898719787597656,-0.5125790363691334
BH_s24_medium,47,139,51.63333333333333,-1.1158759593963623,-0.7104957317473966
BH_s24_medium,47,140,51.666666666666664,-1.1788123846054077,-0.8692141684548181
BH_s24_medium,47,141,51.7,-1.2561819553375244,-0.9859309515479687
BH_s24_medium,47,142,51.733333333333334,-1.3192495107650757,-1.0602755110843496
BH_s24_medium,47,143,51.766666666666666,-1.3823171854019165,-1.0850657436847087
BH_s24_medium,47,144,51.8,-1.4453848600387573,-1.044087109191582
BH_s24_medium,47,145,51.833333333333336,-1.5084525346755981,-0.9201691174926935
BH_s24_medium,47,146,51.86666666666667,-1.556430459022522,-0.7088186943943876
BH_s24_medium,47,147,51.9,-1.5715200901031494,-0.42791457840721525
BH_s24_medium,47,148,51.93333333333333,-1.5715200901031494,-0.11649483048427442
BH_s24_medium,47,149,51.96666666666667,-1.6345877647399902,0.17720363252828328
BH_s24_medium,47,150,52.0,-1.6345877647399902,0.41208247616692917
BH_s24_medium,47,151,52.03333333333333,-1.6345877647399902,0.5666970821869172
BH_s24_medium,47,152,52.06666666666667,-1.4771397113800049,0.6426930050836402
BH_s24_medium,47,153,52.1,-0.9578196406364441,0.6590416966791303
BH_s24_medium,47,154,52.13333333333333,-0.21780437231063843,0.6410583091238403
BH_s24_medium,47,155,52.166666666666664,0.31849169731140137,0.6098125148430124
BH_s24_medium,47,156,52.2,0.4466446042060852,0.5766006296185433
BH_s24_medium,47,157,52.233333333333334,0.523178219795227,0.5440287250740599
BH_s24_medium,47,158,52.266666666666666,0.4002421498298645,0.5113275880839392
BH_s24_medium,47,159,52.3,0.2742381691932678,0.47933174272023743
BH_s24_medium,47,160,52.333333333333336,0.14823415875434875,0.45166337243174365
BH_s24_medium,47,161,52.36666666666667,-0.06978698819875717,0.4317910008750106
BH_s24_medium,47,162,52.4,-0.40192171931266785,0.4183782009145135
BH_s24_medium,47,163,52.43333333333333,-0.5908620953559875,0.4022491055359439
BH_s24_medium,47,164,52.46666666666667,-0.6711201071739197,0.36721348027928613
BH_s24_medium,47,165,52.5,-0.7340564727783203,0.2948932367739065
BH_s24_medium,47,166,52.53333333333333,-0.860060453414917,0.17181219407671852
BH_s24_medium,47,167,52.56666666666667,-1.0491321086883545,-0.004055773267498184
BH_s24_medium,47,168,52.6,-1.2832932472229004,-0.2201432597838697
BH_s24_medium,47,169,52.63333333333333,-1.4903430938720703,-0.45130012780192025
BH_s24_medium,47,170,52.666666666666664,-1.616347074508667,-0.6665641732657253
BH_s24_medium,47,171,52.7,-1.7423510551452637,-0.8378136868558556
BH_s24_medium,47,172,52.733333333333334,-1.8683550357818604,-0.9459745141291898
BH_s24_medium,47,173,52.766666666666666,-1.9312914609909058,-0.9818989907255723
BH_s24_medium,47,174,52.8,-2.057295560836792,-0.9432479163727889
BH_s24_medium,47,175,52.833333333333336,-2.120231866836548,-0.831840960264369
BH_s24_medium,47,176,52.86666666666667,-2.2462358474731445,-0.6547021304906847
BH_s24_medium,47,177,52.9,-2.3091721534729004,-0.4277773873446102
BH_s24_medium,47,178,52.93333333333333,-2.3721084594726562,-0.1778708494884225
BH_s24_medium,47,179,52.96666666666667,-2.435044765472412,0.06114027798075623
BH_s24_medium,47,180,53.0,-2.454467296600342,0.257260607393425
BH_s24_medium,47,181,53.03333333333333,-2.454467296600342,0.389714096651666
BH_s24_medium,47,182,53.06666666666667,-2.454467296600342,0.45380147625883793
BH_s24_medium,47,183,53.1,-2.4113471508026123,0.45962483332412835
BH_s24_medium,47,184,53.13333333333333,-1.7120718955993652,0.42638282376333025
BH_s24_medium,47,185,53.166666666666664,-0.5122683644294739,0.3753923525283669
BH_s24_medium,47,186,53.2,0.5137990713119507,0.3243131446692927
BH_s24_medium,47,187,53.233333333333334,0.8881181478500366,0.28380526618148383
BH_s24_medium,47,188,53.266666666666666,0.6345919370651245,0.25729185438491037
BH_s24_medium,47,189,53.3,0.29891225695610046,0.2437088697927147
BH_s24_medium,47,190,53.333333333333336,0.08910530805587769,0.2413884298616512
BH_s24_medium,47,191,53.36666666666667,-0.015900811180472374,0.2503419319566258
BH_s24_medium,47,192,53.4,-0.20484116673469543,0.2716549675657228
BH_s24_medium,47,193,53.43333333333333,-0.45684918761253357,0.30485846814626727
BH_s24_medium,47,194,53.46666666666667,-0.6041136384010315,0.34494490983046167
BH_s24_medium,47,195,53.5,-0.6255053877830505,0.38047253556300564
BH_s24_medium,47,196,53.53333333333333,-0.6255053877830505,0.3939605793182137
BH_s24_medium,47,197,53.56666666666667,-0.7298550605773926,0.36530811284886555
BH_s24_medium,47,198,53.6,-0.855859100818634,0.27781896606121975
BH_s24_medium,47,199,53.63333333333333,-1.0449306964874268,0.1250543235777628
BH_s24_medium,47,200,53.666666666666664,-1.1709346771240234,-0.08406416934459573
BH_s24_medium,47,201,53.7,-1.2969387769699097,-0.3243953242866498
BH_s24_medium,47,202,53.733333333333334,-1.4229427576065063,-0.5593476638791365
BH_s24_medium,47,203,53.766666666666666,-1.4453848600387573,-0.7502817950378327
BH_s24_medium,47,204,53.8,-1.5084525346755981,-0.8667008004945289
BH_s24_medium,47,205,53.833333333333336,-1.5715200901031494,-0.8926242166952796
BH_s24_medium,47,206,53.86666666666667,-1.6345877647399902,-0.8272533269063798
BH_s24_medium,47,207,53.9,-1.697655439376831,-0.6818693175484759
BH_s24_medium,47,208,53.93333333333333,-1.7607231140136719,-0.47653529041575426
BH_s24_medium,47,209,53.96666666666667,-1.8004295825958252,-0.2384425118676976
BH_s24_medium,47,210,54.0,-1.8237907886505127,-0.00026790714492129605
BH_s24_medium,47,211,54.03333333333333,-1.8632346391677856,0.20442147551535894
BH_s24_medium,47,212,54.06666666666667,-1.886858344078064,0.34887085014500924
BH_s24_medium,47,213,54.1,-1.926039695739746,0.42041438361319305
BH_s24_medium,47,214,54.13333333333333,-1.9108760356903076,0.4232603419494636
BH_s24_medium,47,215,54.166666666666664,-1.46414315700531,0.3753130887339176
BH_s24_medium,47,216,54.2,-0.48990172147750854,0.3008735742960093
BH_s24_medium,47,217,54.233333333333334,0.5666907429695129,0.22289370798501168
BH_s24_medium,47,218,54.266666666666666,1.1543707847595215,0.1578725499855601
BH_s24_medium,47,219,54.3,0.9621404409408569,0.11433018325234195
BH_s24_medium,47,220,54.333333333333336,0.5210607647895813,0.0937733138468535
BH_s24_medium,47,221,54.36666666666667,0.2193107008934021,0.09248037071008555
BH_s24_medium,47,222,54.4,0.06823872029781342,0.1033467567280705
BH_s24_medium,47,223,54.43333333333333,-0.09576494991779327,0.11791926831458178
BH_s24_medium,47,224,54.46666666666667,-0.2848365902900696,0.12845055873600222
BH_s24_medium,47,225,54.5,-0.41084060072898865,0.1292759031478257
BH_s24_medium,47,226,54.53333333333333,-0.4363024830818176,0.11722032217640438
BH_s24_medium,47,227,54.56666666666667,-0.4363024830818176,0.09146065977926016
BH_s24_medium,47,228,54.6,-0.4735143780708313,0.053306265614970996
BH_s24_medium,47,229,54.63333333333333,-0.599518358707428,0.0059541028238319135
BH_s24_medium,47,230,54.666666666666664,-0.7885900139808655,-0.0459299868996919
BH_s24_medium,47,231,54.7,-0.9145940542221069,-0.09685547170071125
BH_s24_medium,47,232,54.733333333333334,-1.0405980348587036,-0.14126177216587626
BH_s24_medium,47,233,54.766666666666666,-1.1666020154953003,-0.17422232299816967
BH_s24_medium,47,234,54.8,-1.2295384407043457,-0.1920390242363063
BH_s24_medium,47,235,54.833333333333336,-1.2561819553375244,-0.19273299443803174
BH_s24_medium,47,236,54.86666666666667,-1.3192495107650757,-0.1763449189733103
BH_s24_medium,47,237,54.9,-1.3823171854019165,-0.14489840002076299
BH_s24_medium,47,238,54.93333333333333,-1.4453848600387573,-0.10202549684380727
BH_s24_medium,47,239,54.96666666666667,-1.5084525346755981,-0.05243778913725849
BH_s24_medium,48,0,48.0,0.8878374099731445,0.01788776195930705
BH_s24_medium,48,1,48.03333333333333,0.5727617740631104,-2.333801274031763
BH_s24_medium,48,2,48.06666666666667,0.3836991786956787,-4.31281548029864
BH_s24_medium,48,3,48.1,0.25769516825675964,-5.64015474835466
BH_s24_medium,48,4,48.13333333333333,0.2574416697025299,-6.197096053074212
BH_s24_medium,48,5,48.166666666666664,0.19437402486801147,-6.038861873074178
BH_s24_medium,48,6,48.2,0.06888611614704132,-5.352114079468272
BH_s24_medium,48,7,48.233333333333334,-0.05633919686079025,-4.380105366070347
BH_s24_medium,48,8,48.266666666666666,-0.24527955055236816,-3.348693193212368
BH_s24_medium,48,9,48.3,-0.43526118993759155,-2.4170634541169562
BH_s24_medium,48,10,48.333333333333336,-0.5612651705741882,-1.6614675058803456
BH_s24_medium,48,11,48.36666666666667,-0.6872692108154297,-1.086996449992358
BH_s24_medium,48,12,48.4,-0.7502055764198303,-0.6550415999794131
BH_s24_medium,48,13,48.43333333333333,-0.8131418824195862,-0.31310536720377274
BH_s24_medium,48,14,48.46666666666667,-0.8760782480239868,-0.017240551896440415
BH_s24_medium,48,15,48.5,-0.877776026725769,0.25708564947864027
BH_s24_medium,48,16,48.53333333333333,-0.9408436417579651,0.5148921126140941
BH_s24_medium,48,17,48.56666666666667,-0.6948479413986206,0.7483573395401403
BH_s24_medium,48,18,48.6,-0.0712340846657753,0.9453050235383561
BH_s24_medium,48,19,48.63333333333333,0.806216835975647,1.095648341557462
BH_s24_medium,48,20,48.666666666666664,1.5694347620010376,1.1943324173396004
BH_s24_medium,48,21,48.7,1.7684484720230103,1.24150660140876
BH_s24_medium,48,22,48.733333333333334,1.5873584747314453,1.2415115972309116
BH_s24_medium,48,23,48.766666666666666,1.2120945453643799,1.2018593018583263
BH_s24_medium,48,24,48.8,0.8971502184867859,1.1324797655163457
BH_s24_medium,48,25,48.833333333333336,0.5822058320045471,1.0448017615669127
BH_s24_medium,48,26,48.86666666666667,0.3868502378463745,0.9501338854130447
BH_s24_medium,48,27,48.9,0.32050931453704834,0.8573775896170694
BH_s24_medium,48,28,48.93333333333333,0.32050931453704834,0.7709318515469595
BH_s24_medium,48,29,48.96666666666667,0.32050931453704834,0.6899573370535856
BH_s24_medium,48,30,49.0,0.198172464966774,0.6095630210970234
BH_s24_medium,48,31,49.03333333333333,0.06823872029781342,0.5235834818838486
BH_s24_medium,48,32,49.06666666666667,-0.17590981721878052,0.42810525697988067
BH_s24_medium,48,33,49.1,-0.3648501932621002,0.3245424358281047
BH_s24_medium,48,34,49.13333333333333,-0.4950464963912964,0.2207046330996564
BH_s24_medium,48,35,49.166666666666664,-0.6210505366325378,0.12880415266292652
BH_s24_medium,48,36,49.2,-0.6885730624198914,0.06107077741493199
BH_s24_medium,48,37,49.233333333333334,-0.7516407370567322,0.02509531976009272
BH_s24_medium,48,38,49.266666666666666,-0.8147083520889282,0.02084457423930438
BH_s24_medium,48,39,49.3,-0.8147083520889282,0.04017677445200825
BH_s24_medium,48,40,49.333333333333336,-0.45674797892570496,0.06883055421137607
BH_s24_medium,48,41,49.36666666666667,0.2890533208847046,0.09023110216568614
BH_s24_medium,48,42,49.4,1.228906273841858,0.08976777628693906
BH_s24_medium,48,43,49.43333333333333,1.8121118545532227,0.05798413427615243
BH_s24_medium,48,44,49.46666666666667,1.8397694826126099,-0.008157171982410248
BH_s24_medium,48,45,49.5,1.5933979749679565,-0.10565008892774118
BH_s24_medium,48,46,49.53333333333333,1.2783223390579224,-0.2265212498881601
BH_s24_medium,48,47,49.56666666666667,0.9632466435432434,-0.35888631629667944
BH_s24_medium,48,48,49.6,0.591265082359314,-0.4881290750225884
BH_s24_medium,48,49,49.63333333333333,0.33309534192085266,-0.5990373711972632
BH_s24_medium,48,50,49.666666666666664,0.20079833269119263,-0.6794293527748544
BH_s24_medium,48,51,49.7,0.19437402486801147,-0.7242771508820173
BH_s24_medium,48,52,49.733333333333334,0.13130636513233185,-0.7375446829055894
BH_s24_medium,48,53,49.766666666666666,0.011989261023700237,-0.7291607660203967
BH_s24_medium,48,54,49.8,-0.17013290524482727,-0.7077342926511648
BH_s24_medium,48,55,49.833333333333336,-0.3661540448665619,-0.673384129328529
BH_s24_medium,48,56,49.86666666666667,-0.555225670337677,-0.6160528077317564
BH_s24_medium,48,57,49.9,-0.7442973256111145,-0.5214851935512091
BH_s24_medium,48,58,49.93333333333333,-0.8072336912155151,-0.3813941921224818
BH_s24_medium,48,59,49.96666666666667,-0.877776026725769,-0.20103618890839817
BH_s24_medium,48,60,50.0,-0.9408436417579651,0.00037738105212347176
BH_s24_medium,48,61,50.03333333333333,-0.996042788028717,0.19601379664571714
BH_s24_medium,48,62,50.06666666666667,-1.0039112567901611,0.36068672694491466
BH_s24_medium,48,63,50.1,-0.7210975885391235,0.47875011785552013
BH_s24_medium,48,64,50.13333333333333,0.010401799343526363,0.5478190821600584
BH_s24_medium,48,65,50.166666666666664,1.127912998199463,0.577696327220367
BH_s24_medium,48,66,50.2,1.9807108640670776,0.5856015712416828
BH_s24_medium,48,67,50.233333333333334,2.2669501304626465,0.5895994803437953
BH_s24_medium,48,68,50.266666666666666,2.2213263511657715,0.6021374317499776
BH_s24_medium,48,69,50.3,2.032254695892334,0.6252930750007488
BH_s24_medium,48,70,50.333333333333336,1.8431830406188965,0.6490116493618652
BH_s24_medium,48,71,50.36666666666667,1.5463390350341797,0.6531284011698804
BH_s24_medium,48,72,50.4,1.1683270931243896,0.6130962755864303
BH_s24_medium,48,73,50.43333333333333,0.7272473573684692,0.5082421853360046
BH_s24_medium,48,74,50.46666666666667,0.4657953083515167,0.33038682903757727
BH_s24_medium,48,75,50.5,0.2768549621105194,0.08997774678299612
BH_s24_medium,48,76,50.53333333333333,0.1411443054676056,-0.1831811508683547
BH_s24_medium,48,77,50.56666666666667,-0.037958111613988876,-0.4463805073216122
BH_s24_medium,48,78,50.6,-0.2899661064147949,-0.6567504177509341
BH_s24_medium,48,79,50.63333333333333,-0.5419741272926331,-0.7857155161932478
BH_s24_medium,48,80,50.666666666666664,-0.7309144735336304,-0.8278829657120068
BH_s24_medium,48,81,50.7,-0.9198548197746277,-0.7990037004312351
BH_s24_medium,48,82,50.733333333333334,-1.056353211402893,-0.7246973748237533
BH_s24_medium,48,83,50.766666666666666,-1.1300466060638428,-0.6277200931604854
BH_s24_medium,48,84,50.8,-1.2452936172485352,-0.5210308320427173
BH_s24_medium,48,85,50.833333333333336,-1.308229923248291,-0.4085011689399134
BH_s24_medium,48,86,50.86666666666667,-1.3711663484573364,-0.28994909214010545
BH_s24_medium,48,87,50.9,-1.4341026544570923,-0.1655755752676462
BH_s24_medium,48,88,50.93333333333333,-1.4453848600387573,-0.03719167674137616
BH_s24_medium,48,89,50.96666666666667,-1.5084525346755981,0.09272414121074504
BH_s24_medium,48,90,51.0,-1.5084525346755981,0.2213142802840223
BH_s24_medium,48,91,51.03333333333333,-1.1772760152816772,0.34362098683112124
BH_s24_medium,48,92,51.06666666666667,-0.34260860085487366,0.45082350639511665
BH_s24_medium,48,93,51.1,0.5513580441474915,0.5315548836489928
BH_s24_medium,48,94,51.13333333333333,1.1668527126312256,0.576424757393889
BH_s24_medium,48,95,51.166666666666664,1.3295917510986328,0.5826015674512899
BH_s24_medium,48,96,51.2,1.2159202098846436,0.5557044996588125
BH_s24_medium,48,97,51.233333333333334,1.0899162292480469,0.5085589123985804
BH_s24_medium,48,98,51.266666666666666,0.9135709404945374,0.45745134427927747
BH_s24_medium,48,99,51.3,0.6744205951690674,0.4167505329844745
BH_s24_medium,48,100,51.333333333333336,0.40955492854118347,0.39348148310698766
BH_s24_medium,48,101,51.36666666666667,0.0944792702794075,0.38401775234350854
BH_s24_medium,48,102,51.4,-0.04464500769972801,0.3744585485853115
BH_s24_medium,48,103,51.43333333333333,-0.17064900696277618,0.3448554266870444
BH_s24_medium,48,104,51.46666666666667,-0.29665300250053406,0.2761135029880966
BH_s24_medium,48,105,51.5,-0.47207921743392944,0.15738429161251588
BH_s24_medium,48,106,51.53333333333333,-0.6610195636749268,-0.008829241266635833
BH_s24_medium,48,107,51.56666666666667,-0.8008003234863281,-0.20646638197126813
BH_s24_medium,48,108,51.6,-0.9898719787597656,-0.4117159390393371
BH_s24_medium,48,109,51.63333333333333,-1.1158759593963623,-0.6026246201085202
BH_s24_medium,48,110,51.666666666666664,-1.1788123846054077,-0.7665398508296224
BH_s24_medium,48,111,51.7,-1.2561819553375244,-0.899581575197434
BH_s24_medium,48,112,51.733333333333334,-1.3192495107650757,-0.998346804807578
BH_s24_medium,48,113,51.766666666666666,-1.3823171854019165,-1.050929313233043
BH_s24_medium,48,114,51.8,-1.4453848600387573,-1.0357771477806539
BH_s24_medium,48,115,51.833333333333336,-1.5084525346755981,-0.9314732498744163
BH_s24_medium,48,116,51.86666666666667,-1.556430459022522,-0.7318598565022456
BH_s24_medium,48,117,51.9,-1.5715200901031494,-0.45604511818491283
BH_s24_medium,48,118,51.93333333333333,-1.5715200901031494,-0.14608449369102908
BH_s24_medium,48,119,51.96666666666667,-1.6345877647399902,0.1468043858665019
BH_s24_medium,48,120,52.0,-1.6345877647399902,0.38007484347479986
BH_s24_medium,48,121,52.03333333333333,-1.6345877647399902,0.5328292262234231
BH_s24_medium,48,122,52.06666666666667,-1.4771397113800049,0.6086451024302791
BH_s24_medium,48,123,52.1,-0.9578196406364441,0.6286329207375354
BH_s24_medium,48,124,52.13333333333333,-0.21780437231063843,0.6193619144020356
BH_s24_medium,48,125,52.166666666666664,0.31849169731140137,0.6016988746804262
BH_s24_medium,48,126,52.2,0.4466446042060852,0.5853027464860598
BH_s24_medium,48,127,52.233333333333334,0.523178219795227,0.5701612539877354
BH_s24_medium,48,128,52.266666666666666,0.4002421498298645,0.5526015089281826
BH_s24_medium,48,129,52.3,0.2742381691932678,0.5310089957589386
BH_s24_medium,48,130,52.333333333333336,0.14823415875434875,0.5074917967170074
BH_s24_medium,48,131,52.36666666666667,-0.06978698819875717,0.4849454738893296
BH_s24_medium,48,132,52.4,-0.40192171931266785,0.46214672479010294
BH_s24_medium,48,133,52.43333333333333,-0.5908620953559875,0.43067248975077677
BH_s24_medium,48,134,52.46666666666667,-0.6711201071739197,0.37602690907341435
BH_s24_medium,48,135,52.5,-0.7340564727783203,0.2827250277446337
BH_s24_medium,48,136,52.53333333333333,-0.860060453414917,0.1410567226994571
BH_s24_medium,48,137,52.56666666666667,-1.0491321086883545,-0.047460565901230614
BH_s24_medium,48,138,52.6,-1.2832932472229004,-0.2684093688047255
BH_s24_medium,48,139,52.63333333333333,-1.4903430938720703,-0.4975242882022502
BH_s24_medium,48,140,52.666666666666664,-1.616347074508667,-0.7073298836305694
BH_s24_medium,48,141,52.7,-1.7423510551452637,-0.874289497423817
BH_s24_medium,48,142,52.733333333333334,-1.8683550357818604,-0.9827137856532514
BH_s24_medium,48,143,52.766666666666666,-1.9312914609909058,-1.02369040756304
BH_s24_medium,48,144,52.8,-2.057295560836792,-0.991496830249367
BH_s24_medium,48,145,52.833333333333336,-2.120231866836548,-0.8823956496777717
BH_s24_medium,48,146,52.86666666666667,-2.2462358474731445,-0.6983915376404511
BH_s24_medium,48,147,52.9,-2.3091721534729004,-0.45350322936304266
BH_s24_medium,48,148,52.93333333333333,-2.3721084594726562,-0.17676140709335378
BH_s24_medium,48,149,52.96666666666667,-2.435044765472412,0.09245084440900767
BH_s24_medium,48,150,53.0,-2.454467296600342,0.315492020505158
BH_s24_medium,48,151,53.03333333333333,-2.454467296600342,0.4660112383611652
BH_s24_medium,48,152,53.06666666666667,-2.454467296600342,0.5363020026750607
BH_s24_medium,48,153,53.1,-2.4113471508026123,0.536665622235808
BH_s24_medium,48,154,53.13333333333333,-1.7120718955993652,0.48952374475623567
BH_s24_medium,48,155,53.166666666666664,-0.5122683644294739,0.4214280919692899
BH_s24_medium,48,156,53.2,0.5137990713119507,0.3556418560968963
BH_s24_medium,48,157,53.233333333333334,0.8881181478500366,0.307051494270783
BH_s24_medium,48,158,53.266666666666666,0.6345919370651245,0.2807085985365843
BH_s24_medium,48,159,53.3,0.29891225695610046,0.27426467462600024
BH_s24_medium,48,160,53.333333333333336,0.08910530805587769,0.2823926215397457
BH_s24_medium,48,161,53.36666666666667,-0.015900811180472374,0.3001383772313656
BH_s24_medium,48,162,53.4,-0.20484116673469543,0.32364420631422014
BH_s24_medium,48,163,53.43333333333333,-0.45684918761253357,0.3488764516317729
BH_s24_medium,48,164,53.46666666666667,-0.6041136384010315,0.3696010423710767
BH_s24_medium,48,165,53.5,-0.6255053877830505,0.3756422110503481
BH_s24_medium,48,166,53.53333333333333,-0.6255053877830505,0.35274401311393583
BH_s24_medium,48,167,53.56666666666667,-0.7298550605773926,0.2852984939857236
BH_s24_medium,48,168,53.6,-0.855859100818634,0.16180478535606904
BH_s24_medium,48,169,53.63333333333333,-1.0449306964874268,-0.01889415672365872
BH_s24_medium,48,170,53.666666666666664,-1.1709346771240234,-0.2433796886475477
BH_s24_medium,48,171,53.7,-1.2969387769699097,-0.48382938682649174
BH_s24_medium,48,172,53.733333333333334,-1.4229427576065063,-0.7036366771207287
BH_s24_medium,48,173,53.766666666666666,-1.4453848600387573,-0.8670787457031667
BH_s24_medium,48,174,53.8,-1.5084525346755981,-0.9489035872627797
BH_s24_medium,48,175,53.833333333333336,-1.5715200901031494,-0.9393193304406273
BH_s24_medium,48,176,53.86666666666667,-1.6345877647399902,-0.8430740950286668
BH_s24_medium,48,177,53.9,-1.697655439376831,-0.6752509749028006
BH_s24_medium,48,178,53.93333333333333,-1.7607231140136719,-0.45751778545733096
BH_s24_medium,48,179,53.96666666666667,-1.8004295825958252,-0.21632695154628917
BH_s24_medium,48,180,54.0,-1.8237907886505127,0.01881273257618653
BH_s24_medium,48,181,54.03333333333333,-1.8632346391677856,0.21972686115670156
BH_s24_medium,48,182,54.06666666666667,-1.886858344078064,0.3662995487483138
BH_s24_medium,48,183,54.1,-1.926039695739746,0.4517996208550804
BH_s24_medium,48,184,54.13333333333333,-1.9108760356903076,0.4832452389263687
BH_s24_medium,48,185,54.166666666666664,-1.46414315700531,0.4764196417255118
BH_s24_medium,48,186,54.2,-0.48990172147750854,0.4484267152668072
BH_s24_medium,48,187,54.233333333333334,0.5666907429695129,0.411834247134762
BH_s24_medium,48,188,54.266666666666666,1.1543707847595215,0.3729119244975905
BH_s24_medium,48,189,54.3,0.9621404409408569,0.3335878084233977
BH_s24_medium,48,190,54.333333333333336,0.5210607647895813,0.29460751053088957
BH_s24_medium,48,191,54.36666666666667,0.2193107008934021,0.2573525910394077
BH_s24_medium,48,192,54.4,0.06823872029781342,0.2236447267232871
BH_s24_medium,48,193,54.43333333333333,-0.09576494991779327,0.19458042591320468
BH_s24_medium,48,194,54.46666666666667,-0.2848365902900696,0.16943929008668399
BH_s24_medium,48,195,54.5,-0.41084060072898865,0.14497440425527933
BH_s24_medium,48,196,54.53333333333333,-0.4363024830818176,0.1153600874430302
BH_s24_medium,48,197,54.56666666666667,-0.4363024830818176,0.07335422392946227
BH_s24_medium,48,198,54.6,-0.4735143780708313,0.012886079919664369
BH_s24_medium,48,199,54.63333333333333,-0.599518358707428,-0.06766988948209063
BH_s24_medium,48,200,54.666666666666664,-0.7885900139808655,-0.16312335215832205
BH_s24_medium,48,201,54.7,-0.9145940542221069,-0.2615383171989502
BH_s24_medium,48,202,54.733333333333334,-1.0405980348587036,-0.34710988064742615
BH_s24_medium,48,203,54.766666666666666,-1.1666020154953003,-0.40474862752997903
BH_s24_medium,48,204,54.8,-1.2295384407043457,-0.424516114610416
BH_s24_medium,48,205,54.833333333333336,-1.2561819553375244,-0.4042369486498991
BH_s24_medium,48,206,54.86666666666667,-1.3192495107650757,-0.3494524089168929
BH_s24_medium,48,207,54.9,-1.3823171854019165,-0.2709974220384565
BH_s24_medium,48,208,54.93333333333333,-1.4453848600387573,-0.1814330403627355
BH_s24_medium,48,209,54.96666666666667,-1.5084525346755981,-0.09187697378833137
BH_s24_medium,48,210,55.0,-1.5715200901031494,-0.010298682125401408
BH_s24_medium,48,211,55.03333333333333,-1.6070252656936646,0.05848176388153199
BH_s24_medium,48,212,55.06666666666667,-1.6699615716934204,0.11154520335913956
BH_s24_medium,48,213,55.1,-1.697655439376831,0.14637027251958493
BH_s24_medium,48,214,55.13333333333333,-1.2977852821350098,0.16036845924626691
BH_s24_medium,48,215,55.166666666666664,-0.4087337255477905,0.15215951614960976
BH_s24_medium,48,216,55.2,0.564449667930603,0.12375518248477642
BH_s24_medium,48,217,55.233333333333334,1.0489708185195923,0.08180572075524878
BH_s24_medium,48,218,55.266666666666666,0.8474276661872864,0.036743211097010106
BH_s24_medium,48,219,55.3,0.40634801983833313,0.00019314228235018023
BH_s24_medium,48,220,55.333333333333336,0.0969829186797142,-0.018031223598851003
BH_s24_medium,48,221,55.36666666666667,-0.06321324408054352,-0.012136942470750513
BH_s24_medium,48,222,55.4,-0.252153605222702,0.018690425451147446
BH_s24_medium,48,223,55.43333333333333,-0.40716439485549927,0.07031168906424784
BH_s24_medium,48,224,55.46666666666667,-0.4701007604598999,0.1342034687435941
BH_s24_medium,48,225,55.5,-0.4363024830818176,0.19838993815306355
BH_s24_medium,48,226,55.53333333333333,-0.4363024830818176,0.24883251563610476
BH_s24_medium,48,227,55.56666666666667,-0.5327745079994202,0.27142362819005517
BH_s24_medium,48,228,55.6,-0.6587785482406616,0.2545258346856345
BH_s24_medium,48,229,55.63333333333333,-0.8478501439094543,0.19170125475876224
BH_s24_medium,48,230,55.666666666666664,-0.9738541841506958,0.08407856547071504
BH_s24_medium,48,231,55.7,-1.0998581647872925,-0.05824866122947534
BH_s24_medium,48,232,55.733333333333334,-1.1931142807006836,-0.21635258094624948
BH_s24_medium,48,233,55.766666666666666,-1.2257308959960938,-0.3645966437105668
BH_s24_medium,48,234,55.8,-1.2561819553375244,-0.4749813686921882
BH_s24_medium,48,235,55.833333333333336,-1.3192495107650757,-0.5232327062705744
BH_s24_medium,48,236,55.86666666666667,-1.35147225856781,-0.49505866914471164
BH_s24_medium,48,237,55.9,-1.3823171854019165,-0.39040773455389466
BH_s24_medium,48,238,55.93333333333333,-1.3823171854019165,-0.22419492127378704
BH_s24_medium,48,239,55.96666666666667,-1.4453848600387573,-0.023385904819324902
BH_s24_medium,49,0,49.0,0.198172464966774,0.07534828988925361
BH_s24_medium,49,1,49.03333333333333,0.06823872029781342,-2.187875946460941
BH_s24_medium,49,2,49.06666666666667,-0.17590981721878052,-4.099599915995299
BH_s24_medium,49,3,49.1,-0.3648501932621002,-5.392745379141136
BH_s24_medium,49,4,49.13333333333333,-0.4950464963912964,-5.9490077026792
BH_s24_medium,49,5,49.166666666666664,-0.6210505366325378,-5.8126047020686755
BH_s24_medium,49,6,49.2,-0.6885730624198914,-5.152296022194488
BH_s24_medium,49,7,49.233333333333334,-0.7516407370567322,-4.193485134513249
BH_s24_medium,49,8,49.266666666666666,-0.8147083520889282,-3.150770506300025
BH_s24_medium,49,9,49.3,-0.8147083520889282,-2.182453821957543
BH_s24_medium,49,10,49.333333333333336,-0.45674797892570496,-1.3741924303816582
BH_s24_medium,49,11,49.36666666666667,0.2890533208847046,-0.7472350226141442
BH_s24_medium,49,12,49.4,1.228906273841858,-0.2806604307906676
BH_s24_medium,49,13,49.43333333333333,1.8121118545532227,0.06356796176279267
BH_s24_medium,49,14,49.46666666666667,1.8397694826126099,0.321189679104514
BH_s24_medium,49,15,49.5,1.5933979749679565,0.5160506649758206
BH_s24_medium,49,16,49.53333333333333,1.2783223390579224,0.660037801965707
BH_s24_medium,49,17,49.56666666666667,0.9632466435432434,0.7588942358749707
BH_s24_medium,49,18,49.6,0.591265082359314,0.8188289398496261
BH_s24_medium,49,19,49.63333333333333,0.33309534192085266,0.8495189363647576
BH_s24_medium,49,20,49.666666666666664,0.20079833269119263,0.8616323938973197
BH_s24_medium,49,21,49.7,0.19437402486801147,0.8608122571260305
BH_s24_medium,49,22,49.733333333333334,0.13130636513233185,0.8434444928196072
BH_s24_medium,49,23,49.766666666666666,0.011989261023700237,0.7992463764192279
BH_s24_medium,49,24,49.8,-0.17013290524482727,0.720646392014853
BH_s24_medium,49,25,49.833333333333336,-0.3661540448665619,0.6130767252521809
BH_s24_medium,49,26,49.86666666666667,-0.555225670337677,0.4986110526290745
BH_s24_medium,49,27,49.9,-0.7442973256111145,0.40920476477057377
BH_s24_medium,49,28,49.93333333333333,-0.8072336912155151,0.37268307199376355
BH_s24_medium,49,29,49.96666666666667,-0.877776026725769,0.3995376182230592
BH_s24_medium,49,30,50.0,-0.9408436417579651,0.47787259628024936
BH_s24_medium,49,31,50.03333333333333,-0.996042788028717,0.5786533369915744
BH_s24_medium,49,32,50.06666666666667,-1.0039112567901611,0.667645960675797
BH_s24_medium,49,33,50.1,-0.7210975885391235,0.7176606777471597
BH_s24_medium,49,34,50.13333333333333,0.010401799343526363,0.7161451003929713
BH_s24_medium,49,35,50.166666666666664,1.127912998199463,0.6665970170741026
BH_s24_medium,49,36,50.2,1.9807108640670776,0.5848069403025988
BH_s24_medium,49,37,50.233333333333334,2.2669501304626465,0.4919838119430507
BH_s24_medium,49,38,50.266666666666666,2.2213263511657715,0.40703019741610047
BH_s24_medium,49,39,50.3,2.032254695892334,0.34007231584022524
BH_s24_medium,49,40,50.333333333333336,1.8431830406188965,0.28895842774878994
BH_s24_medium,49,41,50.36666666666667,1.5463390350341797,0.2397604520881017
BH_s24_medium,49,42,50.4,1.1683270931243896,0.17131659572013921
BH_s24_medium,49,43,50.43333333333333,0.7272473573684692,0.0627787806810923
BH_s24_medium,49,44,50.46666666666667,0.4657953083515167,-0.09777811409428126
BH_s24_medium,49,45,50.5,0.2768549621105194,-0.3063849057304872
BH_s24_medium,49,46,50.53333333333333,0.1411443054676056,-0.5409329903971766
BH_s24_medium,49,47,50.56666666666667,-0.037958111613988876,-0.7659644751134718
BH_s24_medium,49,48,50.6,-0.2899661064147949,-0.9442326367331935
BH_s24_medium,49,49,50.63333333333333,-0.5419741272926331,-1.050743996874535
BH_s24_medium,49,50,50.666666666666664,-0.7309144735336304,-1.0817197992993297
BH_s24_medium,49,51,50.7,-0.9198548197746277,-1.0524945425858832
BH_s24_medium,49,52,50.733333333333334,-1.056353211402893,-0.9857019052931464
BH_s24_medium,49,53,50.766666666666666,-1.1300466060638428,-0.8979359175136843
BH_s24_medium,49,54,50.8,-1.2452936172485352,-0.793195666792997
BH_s24_medium,49,55,50.833333333333336,-1.308229923248291,-0.665845950244144
BH_s24_medium,49,56,50.86666666666667,-1.3711663484573364,-0.5094882484374186
BH_s24_medium,49,57,50.9,-1.4341026544570923,-0.3251049923056842
BH_s24_medium,49,58,50.93333333333333,-1.4453848600387573,-0.12356130956578192
BH_s24_medium,49,59,50.96666666666667,-1.5084525346755981,0.07787819293793813
BH_s24_medium,49,60,51.0,-1.5084525346755981,0.2614362916908257
BH_s24_medium,49,61,51.03333333333333,-1.1772760152816772,0.4130835094330471
BH_s24_medium,49,62,51.06666666666667,-0.34260860085487366,0.5241625825945405
BH_s24_medium,49,63,51.1,0.5513580441474915,0.5919939338518947
BH_s24_medium,49,64,51.13333333333333,1.1668527126312256,0.6203611583568306
BH_s24_medium,49,65,51.166666666666664,1.3295917510986328,0.619001695197469
BH_s24_medium,49,66,51.2,1.2159202098846436,0.6014474120511486
BH_s24_medium,49,67,51.233333333333334,1.0899162292480469,0.5818154173357201
BH_s24_medium,49,68,51.266666666666666,0.9135709404945374,0.5714268634657261
BH_s24_medium,49,69,51.3,0.6744205951690674,0.5757606480904183
BH_s24_medium,49,70,51.333333333333336,0.40955492854118347,0.5922842054078242
BH_s24_medium,49,71,51.36666666666667,0.0944792702794075,0.6099920533621601
BH_s24_medium,49,72,51.4,-0.04464500769972801,0.6113872310413948
BH_s24_medium,49,73,51.43333333333333,-0.17064900696277618,0.5769967551695857
BH_s24_medium,49,74,51.46666666666667,-0.29665300250053406,0.49152515195987206
BH_s24_medium,49,75,51.5,-0.47207921743392944,0.3497558542075209
BH_s24_medium,49,76,51.53333333333333,-0.6610195636749268,0.1597436532183834
BH_s24_medium,49,77,51.56666666666667,-0.8008003234863281,-0.05885177413937649
BH_s24_medium,49,78,51.6,-0.9898719787597656,-0.28181703471998837
BH_s24_medium,49,79,51.63333333333333,-1.1158759593963623,-0.4900767514071553
BH_s24_medium,49,80,51.666666666666664,-1.1788123846054077,-0.6758723766336042
BH_s24_medium,49,81,51.7,-1.2561819553375244,-0.8399848571678186
BH_s24_medium,49,82,51.733333333333334,-1.3192495107650757,-0.9810603188071084
BH_s24_medium,49,83,51.766666666666666,-1.3823171854019165,-1.085057561247489
BH_s24_medium,49,84,51.8,-1.4453848600387573,-1.1238716967942406
BH_s24_medium,49,85,51.833333333333336,-1.5084525346755981,-1.0663453189776089
BH_s24_medium,49,86,51.86666666666667,-1.556430459022522,-0.8960787923164143
BH_s24_medium,49,87,51.9,-1.5715200901031494,-0.6251056151006876
BH_s24_medium,49,88,51.93333333333333,-1.5715200901031494,-0.2947397814893263
BH_s24_medium,49,89,51.96666666666667,-1.6345877647399902,0.03735866998687304
BH_s24_medium,49,90,52.0,-1.6345877647399902,0.31705313920113676
BH_s24_medium,49,91,52.03333333333333,-1.6345877647399902,0.5105707498193474
BH_s24_medium,49,92,52.06666666666667,-1.4771397113800049,0.6113708424839508
BH_s24_medium,49,93,52.1,-0.9578196406364441,0.6360594369858911
BH_s24_medium,49,94,52.13333333333333,-0.21780437231063843,0.6130764595544275
BH_s24_medium,49,95,52.166666666666664,0.31849169731140137,0.5700153744146447
BH_s24_medium,49,96,52.2,0.4466446042060852,0.5251925186742433
BH_s24_medium,49,97,52.233333333333334,0.523178219795227,0.48632663054719333
BH_s24_medium,49,98,52.266666666666666,0.4002421498298645,0.45479192290053094
BH_s24_medium,49,99,52.3,0.2742381691932678,0.43086046088831975
BH_s24_medium,49,100,52.333333333333336,0.14823415875434875,0.4159006892941961
BH_s24_medium,49,101,52.36666666666667,-0.06978698819875717,0.4105485975089711
BH_s24_medium,49,102,52.4,-0.40192171931266785,0.41084446786709383
BH_s24_medium,49,103,52.43333333333333,-0.5908620953559875,0.40557076077932874
BH_s24_medium,49,104,52.46666666666667,-0.6711201071739197,0.377194658547958
BH_s24_medium,49,105,52.5,-0.7340564727783203,0.3067877482359586
BH_s24_medium,49,106,52.53333333333333,-0.860060453414917,0.18129379256979478
BH_s24_medium,49,107,52.56666666666667,-1.0491321086883545,0.00020810579194224191
BH_s24_medium,49,108,52.6,-1.2832932472229004,-0.22150509146332711
BH_s24_medium,49,109,52.63333333333333,-1.4903430938720703,-0.45616158675585317
BH_s24_medium,49,110,52.666666666666664,-1.616347074508667,-0.6710433981799979
BH_s24_medium,49,111,52.7,-1.7423510551452637,-0.8375203423325364
BH_s24_medium,49,112,52.733333333333334,-1.8683550357818604,-0.9369809244295106
BH_s24_medium,49,113,52.766666666666666,-1.9312914609909058,-0.9610193342286689
BH_s24_medium,49,114,52.8,-2.057295560836792,-0.907885354499085
BH_s24_medium,49,115,52.833333333333336,-2.120231866836548,-0.7801123928794687
BH_s24_medium,49,116,52.86666666666667,-2.2462358474731445,-0.5863388822976348
BH_s24_medium,49,117,52.9,-2.3091721534729004,-0.34552414131336223
BH_s24_medium,49,118,52.93333333333333,-2.3721084594726562,-0.0883670617471723
BH_s24_medium,49,119,52.96666666666667,-2.435044765472412,0.14804852341418162
BH_s24_medium,49,120,53.0,-2.454467296600342,0.3309580727144528
BH_s24_medium,49,121,53.03333333333333,-2.454467296600342,0.4420418130410867
BH_s24_medium,49,122,53.06666666666667,-2.454467296600342,0.4816816311517549
BH_s24_medium,49,123,53.1,-2.4113471508026123,0.46611090852950815
BH_s24_medium,49,124,53.13333333333333,-1.7120718955993652,0.4197355437799052
BH_s24_medium,49,125,53.166666666666664,-0.5122683644294739,0.36628163124611945
BH_s24_medium,49,126,53.2,0.5137990713119507,0.32197221461821296
BH_s24_medium,49,127,53.233333333333334,0.8881181478500366,0.2926630510581213
BH_s24_medium,49,128,53.266666666666666,0.6345919370651245,0.27552248677792784
BH_s24_medium,49,129,53.3,0.29891225695610046,0.2641813847310372
BH_s24_medium,49,130,53.333333333333336,0.08910530805587769,0.2544163717636304
BH_s24_medium,49,131,53.36666666666667,-0.015900811180472374,0.24701767472093833
BH_s24_medium,49,132,53.4,-0.20484116673469543,0.2464861371526804
BH_s24_medium,49,133,53.43333333333333,-0.45684918761253357,0.256823024764904
BH_s24_medium,49,134,53.46666666666667,-0.6041136384010315,0.2768261854064498
BH_s24_medium,49,135,53.5,-0.6255053877830505,0.29709262881257403
BH_s24_medium,49,136,53.53333333333333,-0.6255053877830505,0.3002842551381277
BH_s24_medium,49,137,53.56666666666667,-0.7298550605773926,0.26524202739607416
BH_s24_medium,49,138,53.6,-0.855859100818634,0.1741162670115084
BH_s24_medium,49,139,53.63333333333333,-1.0449306964874268,0.020248239981547927
BH_s24_medium,49,140,53.666666666666664,-1.1709346771240234,-0.1862656161647866
BH_s24_medium,49,141,53.7,-1.2969387769699097,-0.41816750312311785
BH_s24_medium,49,142,53.733333333333334,-1.4229427576065063,-0.6371299845485252
BH_s24_medium,49,143,53.766666666666666,-1.4453848600387573,-0.8047896368276896
BH_s24_medium,49,144,53.8,-1.5084525346755981,-0.8939564310746866
BH_s24_medium,49,145,53.833333333333336,-1.5715200901031494,-0.8945875143481792
BH_s24_medium,49,146,53.86666666666667,-1.6345877647399902,-0.8124969300430578
BH_s24_medium,49,147,53.9,-1.697655439376831,-0.6634783152489244
BH_s24_medium,49,148,53.93333333333333,-1.7607231140136719,-0.4676887069078371
BH_s24_medium,49,149,53.96666666666667,-1.8004295825958252,-0.24725016319222884
BH_s24_medium,49,150,54.0,-1.8237907886505127,-0.025755676183097292
BH_s24_medium,49,151,54.03333333333333,-1.8632346391677856,0.17376698269090596
BH_s24_medium,49,152,54.06666666666667,-1.886858344078064,0.3333670725411772
BH_s24_medium,49,153,54.1,-1.926039695739746,0.4444343548854686
BH_s24_medium,49,154,54.13333333333333,-1.9108760356903076,0.508552720739196
BH_s24_medium,49,155,54.166666666666664,-1.46414315700531,0.5343120152685483
BH_s24_medium,49,156,54.2,-0.48990172147750854,0.5322168658760594
BH_s24_medium,49,157,54.233333333333334,0.5666907429695129,0.5107800549276752
BH_s24_medium,49,158,54.266666666666666,1.1543707847595215,0.4755206060339689
BH_s24_medium,49,159,54.3,0.9621404409408569,0.4302506768132807
BH_s24_medium,49,160,54.333333333333336,0.5210607647895813,0.3786105564027591
BH_s24_medium,49,161,54.36666666666667,0.2193107008934021,0.3242272117261551
BH_s24_medium,49,162,54.4,0.06823872029781342,0.26961832362249644
BH_s24_medium,49,163,54.43333333333333,-0.09576494991779327,0.21516493814671006
BH_s24_medium,49,164,54.46666666666667,-0.2848365902900696,0.15894661393978674
BH_s24_medium,49,165,54.5,-0.41084060072898865,0.09722510156424657
BH_s24_medium,49,166,54.53333333333333,-0.4363024830818176,0.02536617988410932
BH_s24_medium,49,167,54.56666666666667,-0.4363024830818176,-0.06053967386748457
BH_s24_medium,49,168,54.6,-0.4735143780708313,-0.16127895456295782
BH_s24_medium,49,169,54.63333333333333,-0.599518358707428,-0.27207812032321604
BH_s24_medium,49,170,54.666666666666664,-0.7885900139808655,-0.3815626473907011
BH_s24_medium,49,171,54.7,-0.9145940542221069,-0.47334531319568246
BH_s24_medium,49,172,54.733333333333334,-1.0405980348587036,-0.5302193669397358
BH_s24_medium,49,173,54.766666666666666,-1.1666020154953003,-0.5394829972349481
BH_s24_medium,49,174,54.8,-1.2295384407043457,-0.49728522665049374
BH_s24_medium,49,175,54.833333333333336,-1.2561819553375244,-0.41026769483658343
BH_s24_medium,49,176,54.86666666666667,-1.3192495107650757,-0.29383974390973655
BH_s24_medium,49,177,54.9,-1.3823171854019165,-0.16769751365611688
BH_s24_medium,49,178,54.93333333333333,-1.4453848600387573,-0.05021908608543592
BH_s24_medium,49,179,54.96666666666667,-1.5084525346755981,0.04621502499224546
BH_s24_medium,49,180,55.0,-1.5715200901031494,0.11728244629348444
BH_s24_medium,49,181,55.03333333333333,-1.6070252656936646,0.1655351437337278
BH_s24_medium,49,182,55.06666666666667,-1.6699615716934204,0.19678039225210672
BH_s24_medium,49,183,55.1,-1.697655439376831,0.21601848213002958
BH_s24_medium,49,184,55.13333333333333,-1.2977852821350098,0.22517980851223668
BH_s24_medium,49,185,55.166666666666664,-0.4087337255477905,0.2237523433267328
BH_s24_medium,49,186,55.2,0.564449667930603,0.21130631973509942
BH_s24_medium,49,187,55.233333333333334,1.0489708185195923,0.18970243789771205
BH_s24_medium,49,188,55.266666666666666,0.8474276661872864,0.16356192892173838
BH_s24_medium,49,189,55.3,0.40634801983833313,0.13915931063070128
BH_s24_medium,49,190,55.333333333333336,0.0969829186797142,0.12261970609178088
BH_s24_medium,49,191,55.36666666666667,-0.06321324408054352,0.11816162345013796
BH_s24_medium,49,192,55.4,-0.252153605222702,0.12683480623823454
BH_s24_medium,49,193,55.43333333333333,-0.40716439485549927,0.14596135434478275
BH_s24_medium,49,194,55.46666666666667,-0.4701007604598999,0.16926721591107066
BH_s24_medium,49,195,55.5,-0.4363024830818176,0.18763175813102476
BH_s24_medium,49,196,55.53333333333333,-0.4363024830818176,0.19051141891687995
BH_s24_medium,49,197,55.56666666666667,-0.5327745079994202,0.16807810498178688
BH_s24_medium,49,198,55.6,-0.6587785482406616,0.11374514461286453
BH_s24_medium,49,199,55.63333333333333,-0.8478501439094543,0.026376308753473108
BH_s24_medium,49,200,55.666666666666664,-0.9738541841506958,-0.08851610650795161
BH_s24_medium,49,201,55.7,-1.0998581647872925,-0.21895624440481792
BH_s24_medium,49,202,55.733333333333334,-1.1931142807006836,-0.3480989534134022
BH_s24_medium,49,203,55.766666666666666,-1.2257308959960938,-0.45704964232959566
BH_s24_medium,49,204,55.8,-1.2561819553375244,-0.5285868679562107
BH_s24_medium,49,205,55.833333333333336,-1.3192495107650757,-0.5511143987128062
BH_s24_medium,49,206,55.86666666666667,-1.35147225856781,-0.5216240945705337
BH_s24_medium,49,207,55.9,-1.3823171854019165,-0.4464017945724797
BH_s24_medium,49,208,55.93333333333333,-1.3823171854019165,-0.33908834612327315
BH_s24_medium,49,209,55.96666666666667,-1.4453848600387573,-0.21683754351953904
BH_s24_medium,49,210,56.0,-1.4453848600387573,-0.0958598396502801
BH_s24_medium,49,211,56.03333333333333,-1.4769511222839355,0.0123669062314091
BH_s24_medium,49,212,56.06666666666667,-1.5084525346755981,0.10316148783404572
BH_s24_medium,49,213,56.1,-1.5084525346755981,0.17835826378885147
BH_s24_medium,49,214,56.13333333333333,-1.132215142250061,0.24379069071204307
BH_s24_medium,49,215,56.166666666666664,-0.18797354400157928,0.3054933838506597
BH_s24_medium,49,216,56.2,0.8831261396408081,0.36617298624164957
BH_s24_medium,49,217,56.233333333333334,1.4865055084228516,0.42345469995102464
BH_s24_medium,49,218,56.266666666666666,1.333138108253479,0.4706032283933543
BH_s24_medium,49,219,56.3,0.8921896815299988,0.499215157218636
BH_s24_medium,49,220,56.333333333333336,0.5120106339454651,0.502429274529925
BH_s24_medium,49,221,56.36666666666667,0.29025596380233765,0.47709729075499285
BH_s24_medium,49,222,56.4,0.10118430852890015,0.42419776532517717
BH_s24_medium,49,223,56.43333333333333,-0.05481046438217163,0.3478831464652048
BH_s24_medium,49,224,56.46666666666667,-0.21389134228229523,0.2541149983494855
BH_s24_medium,49,225,56.5,-0.24709951877593994,0.14960890718443984
BH_s24_medium,49,226,56.53333333333333,-0.24709951877593994,0.041110363820286516
BH_s24_medium,49,227,56.56666666666667,-0.3101671636104584,-0.0654113701255526
BH_s24_medium,49,228,56.6,-0.4656367599964142,-0.16576228378693172
BH_s24_medium,49,229,56.63333333333333,-0.5916407704353333,-0.2581299846886391
BH_s24_medium,49,230,56.666666666666664,-0.7176447510719299,-0.3423891285228062
BH_s24_medium,49,231,56.7,-0.8436487913131714,-0.4178707490654352
BH_s24_medium,49,232,56.733333333333334,-0.906585156917572,-0.4808161183862829
BH_s24_medium,49,233,56.766666666666666,-0.9408436417579651,-0.5235721821942956
BH_s24_medium,49,234,56.8,-1.0039112567901611,-0.5366876468171426
BH_s24_medium,49,235,56.833333333333336,-1.032326579093933,-0.5130016887580701
BH_s24_medium,49,236,56.86666666666667,-1.095262885093689,-0.45116570457174965
BH_s24_medium,49,237,56.9,-1.1300466060638428,-0.3563309412037895
BH_s24_medium,49,238,56.93333333333333,-1.1931142807006836,-0.23804230979915073
BH_s24_medium,49,239,56.96666666666667,-1.2210043668746948,-0.10747415756367694
BH_s24_medium,50,0,50.0,-0.9408436417579651,0.06580660337722455
BH_s24_medium,50,1,50.03333333333333,-0.996042788028717,-2.220593377091243
BH_s24_medium,50,2,50.06666666666667,-1.0039112567901611,-4.145619148379358
BH_s24_medium,50,3,50.1,-0.7210975885391235,-5.436859854726364
BH_s24_medium,50,4,50.13333333333333,0.010401799343526363,-5.975673441580429
BH_s24_medium,50,5,50.166666666666664,1.127912998199463,-5.811077756831717
BH_s24_medium,50,6,50.2,1.9807108640670776,-5.119905142801478
BH_s24_medium,50,7,50.233333333333334,2.2669501304626465,-4.135879912306915
BH_s24_medium,50,8,50.266666666666666,2.2213263511657715,-3.07966915291594
BH_s24_medium,50,9,50.3,2.032254695892334,-2.11288530165672
BH_s24_medium,50,10,50.333333333333336,1.8431830406188965,-1.323255673770914
BH_s24_medium,50,11,50.36666666666667,1.5463390350341797,-0.7347958426374928
BH_s24_medium,50,12,50.4,1.1683270931243896,-0.3302622792508431
BH_s24_medium,50,13,50.43333333333333,0.7272473573684692,-0.07351529080907708
BH_s24_medium,50,14,50.46666666666667,0.4657953083515167,0.07582026398388166
BH_s24_medium,50,15,50.5,0.2768549621105194,0.15664840440534972
BH_s24_medium,50,16,50.53333333333333,0.1411443054676056,0.20562686440169195
BH_s24_medium,50,17,50.56666666666667,-0.037958111613988876,0.2555669928726981
BH_s24_medium,50,18,50.6,-0.2899661064147949,0.32987967620486885
BH_s24_medium,50,19,50.63333333333333,-0.5419741272926331,0.4351992312048234
BH_s24_medium,50,20,50.666666666666664,-0.7309144735336304,0.558505841593215
BH_s24_medium,50,21,50.7,-0.9198548197746277,0.673833701539444
BH_s24_medium,50,22,50.733333333333334,-1.056353211402893,0.7565660802408709
BH_s24_medium,50,23,50.766666666666666,-1.1300466060638428,0.7969415487830235
BH_s24_medium,50,24,50.8,-1.2452936172485352,0.8048724510916386
BH_s24_medium,50,25,50.833333333333336,-1.308229923248291,0.8039642062732538
BH_s24_medium,50,26,50.86666666666667,-1.3711663484573364,0.8186823331597263
BH_s24_medium,50,27,50.9,-1.4341026544570923,0.8618671941269318
BH_s24_medium,50,28,50.93333333333333,-1.4453848600387573,0.9291331602861849
BH_s24_medium,50,29,50.96666666666667,-1.5084525346755981,1.0022291866548392
BH_s24_medium,50,30,51.0,-1.5084525346755981,1.057612084334003
BH_s24_medium,50,31,51.03333333333333,-1.1772760152816772,1.0743090178694874
BH_s24_medium,50,32,51.06666666666667,-0.34260860085487366,1.0386303249405813
BH_s24_medium,50,33,51.1,0.5513580441474915,0.947044305190885
BH_s24_medium,50,34,51.13333333333333,1.1668527126312256,0.8077013039726768
BH_s24_medium,50,35,51.166666666666664,1.3295917510986328,0.6390286328750268
BH_s24_medium,50,36,51.2,1.2159202098846436,0.4649543633717933
BH_s24_medium,50,37,51.233333333333334,1.0899162292480469,0.3086876141609069
BH_s24_medium,50,38,51.266666666666666,0.9135709404945374,0.18719442082466828
BH_s24_medium,50,39,51.3,0.6744205951690674,0.10736457839945295
BH_s24_medium,50,40,51.333333333333336,0.40955492854118347,0.06439968821405165
BH_s24_medium,50,41,51.36666666666667,0.0944792702794075,0.04296498726829742
BH_s24_medium,50,42,51.4,-0.04464500769972801,0.021179408885574742
BH_s24_medium,50,43,51.43333333333333,-0.17064900696277618,-0.023311909683168035
BH_s24_medium,50,44,51.46666666666667,-0.29665300250053406,-0.10661326599474397
BH_s24_medium,50,45,51.5,-0.47207921743392944,-0.23308708624241353
BH_s24_medium,50,46,51.53333333333333,-0.6610195636749268,-0.39319846910922096
BH_s24_medium,50,47,51.56666666666667,-0.8008003234863281,-0.56641383576436
BH_s24_medium,50,48,51.6,-0.9898719787597656,-0.7293178058585946
BH_s24_medium,50,49,51.63333333333333,-1.1158759593963623,-0.8659484123451621
BH_s24_medium,50,50,51.666666666666664,-1.1788123846054077,-0.9740256619539844
BH_s24_medium,50,51,51.7,-1.2561819553375244,-1.061527089146468
BH_s24_medium,50,52,51.733333333333334,-1.3192495107650757,-1.1346825444543882
BH_s24_medium,50,53,51.766666666666666,-1.3823171854019165,-1.1856702541967257
BH_s24_medium,50,54,51.8,-1.4453848600387573,-1.1896400426190072
BH_s24_medium,50,55,51.833333333333336,-1.5084525346755981,-1.114863058398136
BH_s24_medium,50,56,51.86666666666667,-1.556430459022522,-0.9406036039797202
BH_s24_medium,50,57,51.9,-1.5715200901031494,-0.6716432023861875
BH_s24_medium,50,58,51.93333333333333,-1.5715200901031494,-0.34073015633951426
BH_s24_medium,50,59,51.96666666666667,-1.6345877647399902,0.002056439575919623
BH_s24_medium,50,60,52.0,-1.6345877647399902,0.3068003645285588
BH_s24_medium,50,61,52.03333333333333,-1.6345877647399902,0.5391697285363956
BH_s24_medium,50,62,52.06666666666667,-1.4771397113800049,0.6874625095189467
BH_s24_medium,50,63,52.1,-0.9578196406364441,0.7602059872414636
BH_s24_medium,50,64,52.13333333333333,-0.21780437231063843,0.7775334590959286
BH_s24_medium,50,65,52.166666666666664,0.31849169731140137,0.7613660542663181
BH_s24_medium,50,66,52.2,0.4466446042060852,0.7287683837895902
BH_s24_medium,50,67,52.233333333333334,0.523178219795227,0.6903369317258746
BH_s24_medium,50,68,52.266666666666666,0.4002421498298645,0.652361888763889
BH_s24_medium,50,69,52.3,0.2742381691932678,0.6195686931408385
BH_s24_medium,50,70,52.333333333333336,0.14823415875434875,0.5956323757454349
BH_s24_medium,50,71,52.36666666666667,-0.06978698819875717,0.5808649502176293
BH_s24_medium,50,72,52.4,-0.40192171931266785,0.5689505121791097
BH_s24_medium,50,73,52.43333333333333,-0.5908620953559875,0.5456839248171282
BH_s24_medium,50,74,52.46666666666667,-0.6711201071739197,0.49163557700937194
BH_s24_medium,50,75,52.5,-0.7340564727783203,0.38843508863082976
BH_s24_medium,50,76,52.53333333333333,-0.860060453414917,0.22640567230532593
BH_s24_medium,50,77,52.56666666666667,-1.0491321086883545,0.010347179884752693
BH_s24_medium,50,78,52.6,-1.2832932472229004,-0.23938197672444791
BH_s24_medium,50,79,52.63333333333333,-1.4903430938720703,-0.49158508374927434
BH_s24_medium,50,80,52.666666666666664,-1.616347074508667,-0.7131328494462832
BH_s24_medium,50,81,52.7,-1.7423510551452637,-0.8779798979027235
BH_s24_medium,50,82,52.733333333333334,-1.8683550357818604,-0.9716508413471997
BH_s24_medium,50,83,52.766666666666666,-1.9312914609909058,-0.9892676252923088
BH_s24_medium,50,84,52.8,-2.057295560836792,-0.930224775176216
BH_s24_medium,50,85,52.833333333333336,-2.120231866836548,-0.7954552411300689
BH_s24_medium,50,86,52.86666666666667,-2.2462358474731445,-0.5905953246114647
BH_s24_medium,50,87,52.9,-2.3091721534729004,-0.3326211122612045
BH_s24_medium,50,88,52.93333333333333,-2.3721084594726562,-0.053599514311692784
BH_s24_medium,50,89,52.96666666666667,-2.435044765472412,0.20358907107964286
BH_s24_medium,50,90,53.0,-2.454467296600342,0.3968761358779457
BH_s24_medium,50,91,53.03333333333333,-2.454467296600342,0.4980742252170673
BH_s24_medium,50,92,53.06666666666667,-2.454467296600342,0.5012696739673824
BH_s24_medium,50,93,53.1,-2.4113471508026123,0.42370192923523
BH_s24_medium,50,94,53.13333333333333,-1.7120718955993652,0.2995151480173897
BH_s24_medium,50,95,53.166666666666664,-0.5122683644294739,0.1688830438407967
BH_s24_medium,50,96,53.2,0.5137990713119507,0.06628446820058441
BH_s24_medium,50,97,53.233333333333334,0.8881181478500366,0.01194992205092977
BH_s24_medium,50,98,53.266666666666666,0.6345919370651245,0.009343729111612659
BH_s24_medium,50,99,53.3,0.29891225695610046,0.04896871891833507
BH_s24_medium,50,100,53.333333333333336,0.08910530805587769,0.11570695415679774
BH_s24_medium,50,101,53.36666666666667,-0.015900811180472374,0.1954873957645415
BH_s24_medium,50,102,53.4,-0.20484116673469543,0.2784466686266346
BH_s24_medium,50,103,53.43333333333333,-0.45684918761253357,0.3582000093812754
BH_s24_medium,50,104,53.46666666666667,-0.6041136384010315,0.4283581520934177
BH_s24_medium,50,105,53.5,-0.6255053877830505,0.47832984986789295
BH_s24_medium,50,106,53.53333333333333,-0.6255053877830505,0.4913314063238745
BH_s24_medium,50,107,53.56666666666667,-0.7298550605773926,0.4471230418473683
BH_s24_medium,50,108,53.6,-0.855859100818634,0.32943318284394
BH_s24_medium,50,109,53.63333333333333,-1.0449306964874268,0.13500894942277628
BH_s24_medium,50,110,53.666666666666664,-1.1709346771240234,-0.1200711732310164
BH_s24_medium,50,111,53.7,-1.2969387769699097,-0.4003816421568114
BH_s24_medium,50,112,53.733333333333334,-1.4229427576065063,-0.6586786228633034
BH_s24_medium,50,113,53.766666666666666,-1.4453848600387573,-0.8488927078349161
BH_s24_medium,50,114,53.8,-1.5084525346755981,-0.9393523935584205
BH_s24_medium,50,115,53.833333333333336,-1.5715200901031494,-0.9204692505361765
BH_s24_medium,50,116,53.86666666666667,-1.6345877647399902,-0.804285607443582
BH_s24_medium,50,117,53.9,-1.697655439376831,-0.617716799301595
BH_s24_medium,50,118,53.93333333333333,-1.7607231140136719,-0.3937607699103255
BH_s24_medium,50,119,53.96666666666667,-1.8004295825958252,-0.16434974475683758
BH_s24_medium,50,120,54.0,-1.8237907886505127,0.04401629684766875
BH_s24_medium,50,121,54.03333333333333,-1.8632346391677856,0.21279474164197903
BH_s24_medium,50,122,54.06666666666667,-1.886858344078064,0.33301503669491456
BH_s24_medium,50,123,54.1,-1.926039695739746,0.4056231632258713
BH_s24_medium,50,124,54.13333333333333,-1.9108760356903076,0.43947593453373895
BH_s24_medium,50,125,54.166666666666664,-1.46414315700531,0.4468339700827472
BH_s24_medium,50,126,54.2,-0.48990172147750854,0.4382634255946036
BH_s24_medium,50,127,54.233333333333334,0.5666907429695129,0.4197880564899484
BH_s24_medium,50,128,54.266666666666666,1.1543707847595215,0.3934879635117838
BH_s24_medium,50,129,54.3,0.9621404409408569,0.3601419165189598
BH_s24_medium,50,130,54.333333333333336,0.5210607647895813,0.3213790228259592
BH_s24_medium,50,131,54.36666666666667,0.2193107008934021,0.2797761697635834
BH_s24_medium,50,132,54.4,0.06823872029781342,0.23737310040224932
BH_s24_medium,50,133,54.43333333333333,-0.09576494991779327,0.1942461702244435
BH_s24_medium,50,134,54.46666666666667,-0.2848365902900696,0.14810790662381024
BH_s24_medium,50,135,54.5,-0.41084060072898865,0.09479328382469
BH_s24_medium,50,136,54.53333333333333,-0.4363024830818176,0.029456819643711024
BH_s24_medium,50,137,54.56666666666667,-0.4363024830818176,-0.0513664889967845
BH_s24_medium,50,138,54.6,-0.4735143780708313,-0.1471285372554941
BH_s24_medium,50,139,54.63333333333333,-0.599518358707428,-0.25118943680024886
BH_s24_medium,50,140,54.666666666666664,-0.7885900139808655,-0.350673653139316
BH_s24_medium,50,141,54.7,-0.9145940542221069,-0.4289855480045992
BH_s24_medium,50,142,54.733333333333334,-1.0405980348587036,-0.4704501004017
BH_s24_medium,50,143,54.766666666666666,-1.1666020154953003,-0.46540262773422303
BH_s24_medium,50,144,54.8,-1.2295384407043457,-0.41369408961585896
BH_s24_medium,50,145,54.833333333333336,-1.2561819553375244,-0.3251725481240848
BH_s24_medium,50,146,54.86666666666667,-1.3192495107650757,-0.21692867133392524
BH_s24_medium,50,147,54.9,-1.3823171854019165,-0.10831728312641828
BH_s24_medium,50,148,54.93333333333333,-1.4453848600387573,-0.015467763426613528
BH_s24_medium,50,149,54.96666666666667,-1.5084525346755981,0.052857482645736954
BH_s24_medium,50,150,55.0,-1.5715200901031494,0.09653194049546251
BH_s24_medium,50,151,55.03333333333333,-1.6070252656936646,0.12194922805976491
BH_s24_medium,50,152,55.06666666666667,-1.6699615716934204,0.13758716057878934
BH_s24_medium,50,153,55.1,-1.697655439376831,0.14953920733476045
BH_s24_medium,50,154,55.13333333333333,-1.2977852821350098,0.15925831864060647
BH_s24_medium,50,155,55.166666666666664,-0.4087337255477905,0.1643906422560396
BH_s24_medium,50,156,55.2,0.564449667930603,0.1616847010984946
BH_s24_medium,50,157,55.233333333333334,1.0489708185195923,0.14990309161597457
BH_s24_medium,50,158,55.266666666666666,0.8474276661872864,0.13118577605807769
BH_s24_medium,50,159,55.3,0.40634801983833313,0.11061803094052554
BH_s24_medium,50,160,55.333333333333336,0.0969829186797142,0.09464965025122685
BH_s24_medium,50,161,55.36666666666667,-0.06321324408054352,0.08918167414241246
BH_s24_medium,50,162,55.4,-0.252153605222702,0.09787476244713114
BH_s24_medium,50,163,55.43333333333333,-0.40716439485549927,0.12091985989131827
BH_s24_medium,50,164,55.46666666666667,-0.4701007604598999,0.15438426025669336
BH_s24_medium,50,165,55.5,-0.4363024830818176,0.19025094700735207
BH_s24_medium,50,166,55.53333333333333,-0.4363024830818176,0.21725771873855604
BH_s24_medium,50,167,55.56666666666667,-0.5327745079994202,0.22260526881794807
BH_s24_medium,50,168,55.6,-0.6587785482406616,0.194535435874923
BH_s24_medium,50,169,55.63333333333333,-0.8478501439094543,0.12554962206502193
BH_s24_medium,50,170,55.666666666666664,-0.9738541841506958,0.015599933054234648
BH_s24_medium,50,171,55.7,-1.0998581647872925,-0.12582503495815373
BH_s24_medium,50,172,55.733333333333334,-1.1931142807006836,-0.2798629541520819
BH_s24_medium,50,173,55.766666666666666,-1.2257308959960938,-0.4213897526667618
BH_s24_medium,50,174,55.8,-1.2561819553375244,-0.5248351033383319
BH_s24_medium,50,175,55.833333333333336,-1.3192495107650757,-0.5711538369564362
BH_s24_medium,50,176,55.86666666666667,-1.35147225856781,-0.5533212119187577
BH_s24_medium,50,177,55.9,-1.3823171854019165,-0.4779391948969147
BH_s24_medium,50,178,55.93333333333333,-1.3823171854019165,-0.36238906532041437
BH_s24_medium,50,179,55.96666666666667,-1.4453848600387573,-0.22898832340279052
BH_s24_medium,50,180,56.0,-1.4453848600387573,-0.09836847320004748
BH_s24_medium,50,181,56.03333333333333,-1.4769511222839355,0.015871689822560077
BH_s24_medium,50,182,56.06666666666667,-1.5084525346755981,0.10952959815741976
BH_s24_medium,50,183,56.1,-1.5084525346755981,0.1863682091266929
BH_s24_medium,50,184,56.13333333333333,-1.132215142250061,0.25376803630022227
BH_s24_medium,50,185,56.166666666666664,-0.18797354400157928,0.3177132933024982
BH_s24_medium,50,186,56.2,0.8831261396408081,0.37934288162679236
BH_s24_medium,50,187,56.233333333333334,1.4865055084228516,0.4342168112369963
BH_s24_medium,50,188,56.266666666666666,1.333138108253479,0.47419173825763966
BH_s24_medium,50,189,56.3,0.8921896815299988,0.49075532210797684
BH_s24_medium,50,190,56.333333333333336,0.5120106339454651,0.4780766535743634
BH_s24_medium,50,191,56.36666666666667,0.29025596380233765,0.43437660860403854
BH_s24_medium,50,192,56.4,0.10118430852890015,0.3615068100848039
BH_s24_medium,50,193,56.43333333333333,-0.05481046438217163,0.2637765198541225
BH_s24_medium,50,194,56.46666666666667,-0.21389134228229523,0.14710816332074303
BH_s24_medium,50,195,56.5,-0.24709951877593994,0.018786902043570565
BH_s24_medium,50,196,56.53333333333333,-0.24709951877593994,-0.1127323214992551
BH_s24_medium,50,197,56.56666666666667,-0.3101671636104584,-0.2386427404936269
BH_s24_medium,50,198,56.6,-0.4656367599964142,-0.3512704070290342
BH_s24_medium,50,199,56.63333333333333,-0.5916407704353333,-0.4453047910900679
BH_s24_medium,50,200,56.666666666666664,-0.7176447510719299,-0.5174286224761429
BH_s24_medium,50,201,56.7,-0.8436487913131714,-0.5639839267263794
BH_s24_medium,50,202,56.733333333333334,-0.906585156917572,-0.578426415650601
BH_s24_medium,50,203,56.766666666666666,-0.9408436417579651,-0.5514301399525432
BH_s24_medium,50,204,56.8,-1.0039112567901611,-0.4749680233100826
BH_s24_medium,50,205,56.833333333333336,-1.032326579093933,-0.3485709902960409
BH_s24_medium,50,206,56.86666666666667,-1.095262885093689,-0.18373635142144
BH_s24_medium,50,207,56.9,-1.1300466060638428,-0.0031457204513127635
BH_s24_medium,50,208,56.93333333333333,-1.1931142807006836,0.16517687553935537
BH_s24_medium,50,209,56.96666666666667,-1.2210043668746948,0.29559067569875747
BH_s24_medium,50,210,57.0,-1.2561819553375244,0.37124795800246735
BH_s24_medium,50,211,57.03333333333333,-1.2838094234466553,0.3875778167307284
BH_s24_medium,50,212,57.06666666666667,-1.3192495107650757,0.35221606008908163
BH_s24_medium,50,213,57.1,-1.3466144800186157,0.2815366259189536
BH_s24_medium,50,214,57.13333333333333,-1.4095507860183716,0.19533182781500788
BH_s24_medium,50,215,57.166666666666664,-1.2739078998565674,0.11197115831246286
BH_s24_medium,50,216,57.2,-0.4728049337863922,0.04542352721123945
BH_s24_medium,50,217,57.233333333333334,0.6251344680786133,0.0039813950905483635
BH_s24_medium,50,218,57.266666666666666,1.49949312210083,-0.010054981490428192
BH_s24_medium,50,219,57.3,1.59177565574646,-4.584197693765536e-05
BH_s24_medium,50,220,57.333333333333336,1.2238082885742188,0.026238886973465526
BH_s24_medium,50,221,57.36666666666667,0.83548903465271,0.05904523832374483
BH_s24_medium,50,222,57.4,0.6096643209457397,0.08973494954982865
BH_s24_medium,50,223,57.43333333333333,0.42059263586997986,0.11328917381915661
BH_s24_medium,50,224,57.46666666666667,0.2056003212928772,0.12896038983937896
BH_s24_medium,50,225,57.5,0.04244934394955635,0.13864355745801804
BH_s24_medium,50,226,57.53333333333333,-0.020487012341618538,0.14368651806108593
BH_s24_medium,50,227,57.56666666666667,-0.032369788736104965,0.1417557606138146
BH_s24_medium,50,228,57.6,-0.05789657682180405,0.12557044863859212
BH_s24_medium,50,229,57.63333333333333,-0.14622843265533447,0.08467123996090108
BH_s24_medium,50,230,57.666666666666664,-0.27223244309425354,0.010090582686495101
BH_s24_medium,50,231,57.7,-0.3982364237308502,-0.09969011239507787
BH_s24_medium,50,232,57.733333333333334,-0.5242404341697693,-0.23415788857635275
BH_s24_medium,50,233,57.766666666666666,-0.6255053877830505,-0.370271696731826
BH_s24_medium,50,234,57.8,-0.6885730624198914,-0.47746488750901356
BH_s24_medium,50,235,57.833333333333336,-0.7130495309829712,-0.5269332348146137
BH_s24_medium,50,236,57.86666666666667,-0.7516407370567322,-0.5011772535615496
BH_s24_medium,50,237,57.9,-0.7758545875549316,-0.3993072607178279
BH_s24_medium,50,238,57.93333333333333,-0.8147083520889282,-0.23654374733266229
BH_s24_medium,50,239,57.96666666666667,-0.8386596441268921,-0.03977028170088378
