recording_id,measurement_id,sample_index,time_seconds,gt_signal,predicted_signal
COHFACE_s31_session3_natural,0,0,0.0,-8.486614227294922,-0.04559705912298972
COHFACE_s31_session3_natural,0,1,0.03333333333333333,-5.615434169769287,-0.2361658158171759
COHFACE_s31_session3_natural,0,2,0.06666666666666667,1.3401051759719849,-0.4191441436496789
COHFACE_s31_session3_natural,0,3,0.1,2.045069932937622,-0.5887257550591054
COHFACE_s31_session3_natural,0,4,0.13333333333333333,0.7112484574317932,-0.7421220994074448
COHFACE_s31_session3_natural,0,5,0.16666666666666666,0.8498761057853699,-0.8788565782930834
COHFACE_s31_session3_natural,0,6,0.2,1.0638457536697388,-0.9976425877346724
COHFACE_s31_session3_natural,0,7,0.23333333333333334,0.9942485690116882,-1.0938393225166343
COHFACE_s31_session3_natural,0,8,0.26666666666666666,0.8559120297431946,-1.1587227210426485
COHFACE_s31_session3_natural,0,9,0.3,0.6239264011383057,-1.179780874255427
COHFACE_s31_session3_natural,0,10,0.3333333333333333,0.3564298152923584,-1.1420859996281387
COHFACE_s31_session3_natural,0,11,0.36666666666666664,0.14904756844043732,-1.0316176944483735
COHFACE_s31_session3_natural,0,12,0.4,-0.010031784884631634,-0.8402320049431492
COHFACE_s31_session3_natural,0,13,0.43333333333333335,-0.14142851531505585,-0.5707284300935946
COHFACE_s31_session3_natural,0,14,0.4666666666666667,-0.22945527732372284,-0.23934878478706328
COHFACE_s31_session3_natural,0,15,0.5,-0.29626432061195374,0.1274505677333488
COHFACE_s31_session3_natural,0,16,0.5333333333333333,-0.349071204662323,0.5001891510798007
COHFACE_s31_session3_natural,0,17,0.5666666666666667,-0.3961791396141052,0.8512590617966374
COHFACE_s31_session3_natural,0,18,0.6,-0.4574424624443054,1.1556969452415116
COHFACE_s31_session3_natural,0,19,0.6333333333333333,-0.5258141160011292,1.390804065624907
COHFACE_s31_session3_natural,0,20,0.6666666666666666,-0.607100248336792,1.5369910198833197
COHFACE_s31_session3_natural,0,21,0.7,-0.6974862217903137,1.5808831995980426
COHFACE_s31_session3_natural,0,22,0.7333333333333333,-0.7767501473426819,1.519301507973025
COHFACE_s31_session3_natural,0,23,0.7666666666666667,-0.8271058797836304,1.3606292067529584
COHFACE_s31_session3_natural,0,24,0.8,-0.851081132888794,1.1228876338682994
COHFACE_s31_session3_natural,0,25,0.8333333333333334,-0.8653897047042847,0.8308087565155927
COHFACE_s31_session3_natural,0,26,0.8666666666666667,-0.8882160186767578,0.5127830967720441
COHFACE_s31_session3_natural,0,27,0.9,-0.9327962398529053,0.19699561436247626
COHFACE_s31_session3_natural,0,28,0.9333333333333333,-0.9928492903709412,-0.0929180520496158
COHFACE_s31_session3_natural,0,29,0.9666666666666667,-0.9651360511779785,-0.3412750684791085
COHFACE_s31_session3_natural,0,30,1.0,-0.5253698229789734,-0.541771030666929
COHFACE_s31_session3_natural,0,31,1.0333333333333334,0.5101472735404968,-0.6964598892891825
COHFACE_s31_session3_natural,0,32,1.0666666666666667,1.495247483253479,-0.8127079246293766
COHFACE_s31_session3_natural,0,33,1.1,1.818997859954834,-0.8993502163225761
COHFACE_s31_session3_natural,0,34,1.1333333333333333,1.6567473411560059,-0.9632621295913628
COHFACE_s31_session3_natural,0,35,1.1666666666666667,1.4226782321929932,-1.0073366730827644
COHFACE_s31_session3_natural,0,36,1.2,1.238214135169983,-1.0299397991937467
COHFACE_s31_session3_natural,0,37,1.2333333333333334,0.9955507516860962,-1.0250738143226987
COHFACE_s31_session3_natural,0,38,1.2666666666666666,0.7543886303901672,-0.9832657590415042
COHFACE_s31_session3_natural,0,39,1.3,0.7055954933166504,-0.8939704527434117
COHFACE_s31_session3_natural,0,40,1.3333333333333333,0.7947252988815308,-0.7498508547632178
COHFACE_s31_session3_natural,0,41,1.3666666666666667,0.8117454648017883,-0.5526262066849373
COHFACE_s31_session3_natural,0,42,1.4,0.664875864982605,-0.31705781720457393
COHFACE_s31_session3_natural,0,43,1.4333333333333333,0.41925573348999023,-0.06735743131954103
COHFACE_s31_session3_natural,0,44,1.4666666666666666,0.17980945110321045,0.17194098227839574
COHFACE_s31_session3_natural,0,45,1.5,-0.021659407764673233,0.3813515757201279
COHFACE_s31_session3_natural,0,46,1.5333333333333334,-0.17969702184200287,0.5462311947571808
COHFACE_s31_session3_natural,0,47,1.5666666666666667,-0.28656697273254395,0.6569967013644987
COHFACE_s31_session3_natural,0,48,1.6,-0.3520585298538208,0.7114265546380386
COHFACE_s31_session3_natural,0,49,1.6333333333333333,-0.4136129319667816,0.7158173518726565
COHFACE_s31_session3_natural,0,50,1.6666666666666667,-0.47558096051216125,0.6834852336386565
COHFACE_s31_session3_natural,0,51,1.7,-0.5243127942085266,0.6312646471734984
COHFACE_s31_session3_natural,0,52,1.7333333333333334,-0.5887013077735901,0.5753119068980842
COHFACE_s31_session3_natural,0,53,1.7666666666666666,-0.6702938079833984,0.5279111068159444
COHFACE_s31_session3_natural,0,54,1.8,-0.7479491829872131,0.4955392978943734
COHFACE_s31_session3_natural,0,55,1.8333333333333333,-0.835746169090271,0.4770768878500189
COHFACE_s31_session3_natural,0,56,1.8666666666666667,-0.9044548273086548,0.4628834007827413
COHFACE_s31_session3_natural,0,57,1.9,-0.9354158639907837,0.4371429965059227
COHFACE_s31_session3_natural,0,58,1.9333333333333333,-0.9531254172325134,0.3833076285991586
COHFACE_s31_session3_natural,0,59,1.9666666666666666,-0.9608312249183655,0.28983004648385924
COHFACE_s31_session3_natural,0,60,2.0,-0.9645079374313354,0.15429036069038443
COHFACE_s31_session3_natural,0,61,2.033333333333333,-1.0068820714950562,-0.014728954689560151
COHFACE_s31_session3_natural,0,62,2.066666666666667,-1.0112022161483765,-0.19862976949057243
COHFACE_s31_session3_natural,0,63,2.1,-0.6814925074577332,-0.37311699327871295
COHFACE_s31_session3_natural,0,64,2.1333333333333333,0.31371861696243286,-0.5146270460638719
COHFACE_s31_session3_natural,0,65,2.1666666666666665,1.5523591041564941,-0.6061422778226333
COHFACE_s31_session3_natural,0,66,2.2,2.150224208831787,-0.6406303753009503
COHFACE_s31_session3_natural,0,67,2.2333333333333334,2.0051777362823486,-0.621605984475228
COHFACE_s31_session3_natural,0,68,2.2666666666666666,1.6101295948028564,-0.5609172765289462
COHFACE_s31_session3_natural,0,69,2.3,1.3004425764083862,-0.47440883319875377
COHFACE_s31_session3_natural,0,70,2.3333333333333335,1.064274787902832,-0.3772215396302513
COHFACE_s31_session3_natural,0,71,2.3666666666666667,0.801986813545227,-0.2812351316782689
COHFACE_s31_session3_natural,0,72,2.4,0.6725969910621643,-0.19480198121556883
COHFACE_s31_session3_natural,0,73,2.433333333333333,0.7238412499427795,-0.12263594104609954
COHFACE_s31_session3_natural,0,74,2.466666666666667,0.7726650238037109,-0.06527655312959353
COHFACE_s31_session3_natural,0,75,2.5,0.6934623718261719,-0.01929449529685654
COHFACE_s31_session3_natural,0,76,2.533333333333333,0.4918862581253052,0.021111773402331335
COHFACE_s31_session3_natural,0,77,2.566666666666667,0.23748797178268433,0.06122490670883527
COHFACE_s31_session3_natural,0,78,2.6,0.015199696645140648,0.1030961960783165
COHFACE_s31_session3_natural,0,79,2.6333333333333333,-0.15734563767910004,0.14551863993977554
COHFACE_s31_session3_natural,0,80,2.6666666666666665,-0.27144646644592285,0.18627729925826209
COHFACE_s31_session3_natural,0,81,2.7,-0.35610291361808777,0.22348722815686364
COHFACE_s31_session3_natural,0,82,2.7333333333333334,-0.4306790232658386,0.2549839920608349
COHFACE_s31_session3_natural,0,83,2.7666666666666666,-0.4903184771537781,0.27716093365176087
COHFACE_s31_session3_natural,0,84,2.8,-0.5420529842376709,0.28481644438386405
COHFACE_s31_session3_natural,0,85,2.8333333333333335,-0.61774742603302,0.27328552650370763
COHFACE_s31_session3_natural,0,86,2.8666666666666667,-0.7078576683998108,0.24194343717793396
COHFACE_s31_session3_natural,0,87,2.9,-0.7906450629234314,0.19617570125132966
COHFACE_s31_session3_natural,0,88,2.933333333333333,-0.8744896054267883,0.1465037903797656
COHFACE_s31_session3_natural,0,89,2.966666666666667,-0.9456647634506226,0.105479958823873
COHFACE_s31_session3_natural,0,90,3.0,-0.9842702746391296,0.08309259115908153
COHFACE_s31_session3_natural,0,91,3.033333333333333,-0.9975371360778809,0.08146358798801197
COHFACE_s31_session3_natural,0,92,3.066666666666667,-1.011232852935791,0.09159475055523011
COHFACE_s31_session3_natural,0,93,3.1,-1.0224162340164185,0.09625589838264083
COHFACE_s31_session3_natural,0,94,3.1333333333333333,-1.055001139640808,0.0776927461869074
COHFACE_s31_session3_natural,0,95,3.1666666666666665,-1.0872184038162231,0.02371440430192941
COHFACE_s31_session3_natural,0,96,3.2,-1.0237950086593628,-0.06978415556986131
COHFACE_s31_session3_natural,0,97,3.2333333333333334,-0.5294908285140991,-0.19697766626300367
COHFACE_s31_session3_natural,0,98,3.2666666666666666,0.5557999014854431,-0.34104394031618984
COHFACE_s31_session3_natural,0,99,3.3,1.557904839515686,-0.47702619802461677
COHFACE_s31_session3_natural,0,100,3.3333333333333335,1.8844894170761108,-0.5785668184815226
COHFACE_s31_session3_natural,0,101,3.3666666666666667,1.7252874374389648,-0.6251267743403577
COHFACE_s31_session3_natural,0,102,3.4,1.4744433164596558,-0.6069451368077956
COHFACE_s31_session3_natural,0,103,3.433333333333333,1.247788906097412,-0.5261868849973182
COHFACE_s31_session3_natural,0,104,3.466666666666667,0.9675004482269287,-0.3945540491418961
COHFACE_s31_session3_natural,0,105,3.5,0.7417193055152893,-0.22931987745833654
COHFACE_s31_session3_natural,0,106,3.533333333333333,0.7316542863845825,-0.04932998609343517
COHFACE_s31_session3_natural,0,107,3.566666666666667,0.81364506483078,0.1282110424730342
COHFACE_s31_session3_natural,0,108,3.6,0.8132314682006836,0.2897033291943323
COHFACE_s31_session3_natural,0,109,3.6333333333333333,0.6596059203147888,0.4257558931659301
COHFACE_s31_session3_natural,0,110,3.6666666666666665,0.4038441777229309,0.530673613794419
COHFACE_s31_session3_natural,0,111,3.7,0.15610992908477783,0.6013252220015889
COHFACE_s31_session3_natural,0,112,3.7333333333333334,-0.03792888671159744,0.6360408409828093
COHFACE_s31_session3_natural,0,113,3.7666666666666666,-0.18136687576770782,0.6341918390292102
COHFACE_s31_session3_natural,0,114,3.8,-0.28210896253585815,0.5964757072313019
COHFACE_s31_session3_natural,0,115,3.8333333333333335,-0.35417264699935913,0.5253164954260987
COHFACE_s31_session3_natural,0,116,3.8666666666666667,-0.40688759088516235,0.42502348673522805
COHFACE_s31_session3_natural,0,117,3.9,-0.46088939905166626,0.3016788275263483
COHFACE_s31_session3_natural,0,118,3.933333333333333,-0.530731737613678,0.16296542611374695
COHFACE_s31_session3_natural,0,119,3.966666666666667,-0.6098731160163879,0.01831561204337993
COHFACE_s31_session3_natural,0,120,4.0,-0.6846176981925964,-0.12109786003838814
COHFACE_s31_session3_natural,0,121,4.033333333333333,-0.7621505260467529,-0.2437238237946062
COHFACE_s31_session3_natural,0,122,4.066666666666666,-0.8430842757225037,-0.33998954706532486
COHFACE_s31_session3_natural,0,123,4.1,-0.915515661239624,-0.4037993242241762
COHFACE_s31_session3_natural,0,124,4.133333333333334,-0.9678782224655151,-0.43262884899340964
COHFACE_s31_session3_natural,0,125,4.166666666666667,-1.0015815496444702,-0.42708817432343327
COHFACE_s31_session3_natural,0,126,4.2,-1.0175905227661133,-0.3906247663502145
COHFACE_s31_session3_natural,0,127,4.233333333333333,-1.0189692974090576,-0.32963772986749507
COHFACE_s31_session3_natural,0,128,4.266666666666667,-1.0370771884918213,-0.2535841526170494
COHFACE_s31_session3_natural,0,129,4.3,-1.0807842016220093,-0.1740963124776131
COHFACE_s31_session3_natural,0,130,4.333333333333333,-1.125594139099121,-0.10299917257722407
COHFACE_s31_session3_natural,0,131,4.366666666666666,-1.030719518661499,-0.05006009570196143
COHFACE_s31_session3_natural,0,132,4.4,-0.3852868676185608,-0.02108002254427411
COHFACE_s31_session3_natural,0,133,4.433333333333334,0.8120211958885193,-0.016617375174828496
COHFACE_s31_session3_natural,0,134,4.466666666666667,1.7665739059448242,-0.03165134932078443
COHFACE_s31_session3_natural,0,135,4.5,2.0042126178741455,-0.0564682054466806
COHFACE_s31_session3_natural,0,136,4.533333333333333,1.7975962162017822,-0.0788416554496971
COHFACE_s31_session3_natural,0,137,4.566666666666666,1.53775954246521,-0.08730034843549052
COHFACE_s31_session3_natural,0,138,4.6,1.3102778196334839,-0.07442013954312883
COHFACE_s31_session3_natural,0,139,4.633333333333334,1.0398398637771606,-0.038415275039474235
COHFACE_s31_session3_natural,0,140,4.666666666666667,0.8229134678840637,0.01725308529357386
COHFACE_s31_session3_natural,0,141,4.7,0.8034881353378296,0.08507146258557766
COHFACE_s31_session3_natural,0,142,4.733333333333333,0.8934145569801331,0.1548704905536756
COHFACE_s31_session3_natural,0,143,4.766666666666667,0.8883131146430969,0.215539030916934
COHFACE_s31_session3_natural,0,144,4.8,0.7166256904602051,0.2570019280764556
COHFACE_s31_session3_natural,0,145,4.833333333333333,0.4492669701576233,0.2721731376631209
COHFACE_s31_session3_natural,0,146,4.866666666666666,0.1962933987379074,0.2585197845421053
COHFACE_s31_session3_natural,0,147,4.9,-0.005022255703806877,0.21882340941467807
COHFACE_s31_session3_natural,0,148,4.933333333333334,-0.16287603974342346,0.16084100962357537
COHFACE_s31_session3_natural,0,149,4.966666666666667,-0.2650275230407715,0.09574529627994956
COHFACE_s31_session3_natural,0,150,5.0,-0.341993510723114,0.03558119412065672
COHFACE_s31_session3_natural,0,151,5.033333333333333,-0.4026440382003784,-0.009669673029561952
COHFACE_s31_session3_natural,0,152,5.066666666666666,-0.4613030254840851,-0.03467592846053902
COHFACE_s31_session3_natural,0,153,5.1,-0.5323556065559387,-0.04020549958465525
COHFACE_s31_session3_natural,0,154,5.133333333333334,-0.6064721345901489,-0.0327092286004649
COHFACE_s31_session3_natural,0,155,5.166666666666667,-0.6865326762199402,-0.02154354863209729
COHFACE_s31_session3_natural,0,156,5.2,-0.7784200310707092,-0.015033887096437723
COHFACE_s31_session3_natural,0,157,5.233333333333333,-0.8624483346939087,-0.018020841357653448
COHFACE_s31_session3_natural,0,158,5.266666666666667,-0.9253814816474915,-0.03176466597463001
COHFACE_s31_session3_natural,0,159,5.3,-0.9767330288887024,-0.05514827383988546
COHFACE_s31_session3_natural,0,160,5.333333333333333,-1.0106201171875,-0.08586467762959116
COHFACE_s31_session3_natural,0,161,5.366666666666666,-1.0234426259994507,-0.12039175993789945
COHFACE_s31_session3_natural,0,162,5.4,-1.028666615486145,-0.15307106644450683
COHFACE_s31_session3_natural,0,163,5.433333333333334,-1.0413206815719604,-0.17601922728728742
COHFACE_s31_session3_natural,0,164,5.466666666666667,-1.0726953744888306,-0.18061398930456277
COHFACE_s31_session3_natural,0,165,5.5,-1.1276623010635376,-0.16007476335069468
COHFACE_s31_session3_natural,0,166,5.533333333333333,-1.1572599411010742,-0.11220670153106957
COHFACE_s31_session3_natural,0,167,5.566666666666666,-0.9037654399871826,-0.041106631921648616
COHFACE_s31_session3_natural,0,168,5.6,0.03110150434076786,0.04290837980953615
COHFACE_s31_session3_natural,0,169,5.633333333333334,1.2839280366897583,0.1252717166398775
COHFACE_s31_session3_natural,0,170,5.666666666666667,1.9963228702545166,0.1904083471082163
COHFACE_s31_session3_natural,0,171,5.7,2.0067861080169678,0.22498257921084003
COHFACE_s31_session3_natural,0,172,5.733333333333333,1.738370418548584,0.22044286418963097
COHFACE_s31_session3_natural,0,173,5.766666666666667,1.492903470993042,0.17478641226878455
COHFACE_s31_session3_natural,0,174,5.8,1.2614234685897827,0.09336858763784789
COHFACE_s31_session3_natural,0,175,5.833333333333333,0.960713803768158,-0.011544116907807782
COHFACE_s31_session3_natural,0,176,5.866666666666666,0.7777817845344543,-0.1225100476843887
COHFACE_s31_session3_natural,0,177,5.9,0.8128637671470642,-0.2196733304978376
COHFACE_s31_session3_natural,0,178,5.933333333333334,0.8803622126579285,-0.2839384913972081
COHFACE_s31_session3_natural,0,179,5.966666666666667,0.8153609037399292,-0.299677088392445
COHFACE_s31_session3_natural,0,180,6.0,0.6052210927009583,-0.2572345536734578
COHFACE_s31_session3_natural,0,181,6.033333333333333,0.33902668952941895,-0.1564410214678395
COHFACE_s31_session3_natural,0,182,6.066666666666666,0.09538280218839645,-0.009498587838608238
COHFACE_s31_session3_natural,0,183,6.1,-0.10783249884843826,0.16085013594428385
COHFACE_s31_session3_natural,0,184,6.133333333333334,-0.257811963558197,0.3275210517929882
COHFACE_s31_session3_natural,0,185,6.166666666666667,-0.36489641666412354,0.46489035340931634
COHFACE_s31_session3_natural,0,186,6.2,-0.4397023022174835,0.5523885566487597
COHFACE_s31_session3_natural,0,187,6.233333333333333,-0.5080126523971558,0.5773516359249262
COHFACE_s31_session3_natural,0,188,6.266666666666667,-0.5655839443206787,0.5372380583572376
COHFACE_s31_session3_natural,0,189,6.3,-0.6301103830337524,0.4397970819875366
COHFACE_s31_session3_natural,0,190,6.333333333333333,-0.7007033824920654,0.30068072849440924
COHFACE_s31_session3_natural,0,191,6.366666666666666,-0.7752794623374939,0.13906570790182082
COHFACE_s31_session3_natural,0,192,6.4,-0.8556311130523682,-0.027355681124605822
COHFACE_s31_session3_natural,0,193,6.433333333333334,-0.9185795783996582,-0.18609437466662337
COHFACE_s31_session3_natural,0,194,6.466666666666667,-0.9785100817680359,-0.33093025938139575
COHFACE_s31_session3_natural,0,195,6.5,-1.031837821006775,-0.4597931848008749
COHFACE_s31_session3_natural,0,196,6.533333333333333,-1.0535610914230347,-0.5708485035878631
COHFACE_s31_session3_natural,0,197,6.566666666666666,-1.051385760307312,-0.6597588299841047
COHFACE_s31_session3_natural,0,198,6.6,-1.0641469955444336,-0.7192143249545319
COHFACE_s31_session3_natural,0,199,6.633333333333334,-1.0993056297302246,-0.7397353811207156
COHFACE_s31_session3_natural,0,200,6.666666666666667,-1.155697226524353,-0.7113214340175281
COHFACE_s31_session3_natural,0,201,6.7,-1.1437939405441284,-0.6261985548521463
COHFACE_s31_session3_natural,0,202,6.733333333333333,-0.7792779207229614,-0.48229362641955575
COHFACE_s31_session3_natural,0,203,6.766666666666667,0.21950268745422363,-0.2864217911479759
COHFACE_s31_session3_natural,0,204,6.8,1.3033380508422852,-0.05550927581861866
COHFACE_s31_session3_natural,0,205,6.833333333333333,1.7538126707077026,0.18610311371322685
COHFACE_s31_session3_natural,0,206,6.866666666666666,1.6225078105926514,0.4123940796555677
COHFACE_s31_session3_natural,0,207,6.9,1.2979148626327515,0.6008825162148685
COHFACE_s31_session3_natural,0,208,6.933333333333334,0.9751909375190735,0.7355833395452572
COHFACE_s31_session3_natural,0,209,6.966666666666667,0.64183509349823,0.808076536066077
COHFACE_s31_session3_natural,0,210,7.0,0.43747082352638245,0.8169685771618119
COHFACE_s31_session3_natural,0,211,7.033333333333333,0.5115566849708557,0.7657950142478567
COHFACE_s31_session3_natural,0,212,7.066666666666666,0.694427490234375,0.6606677822963125
COHFACE_s31_session3_natural,0,213,7.1,0.7728794813156128,0.50990803070634
COHFACE_s31_session3_natural,0,214,7.133333333333334,0.6478403806686401,0.325404569350128
COHFACE_s31_session3_natural,0,215,7.166666666666667,0.4047633409500122,0.12303607574076063
COHFACE_s31_session3_natural,0,216,7.2,0.16732393205165863,-0.07884020824240667
COHFACE_s31_session3_natural,0,217,7.233333333333333,-0.04373503848910332,-0.2618724203454074
COHFACE_s31_session3_natural,0,218,7.266666666666667,-0.20453019440174103,-0.4104285790012971
COHFACE_s31_session3_natural,0,219,7.3,-0.31234997510910034,-0.5141537712532954
COHFACE_s31_session3_natural,0,220,7.333333333333333,-0.37830111384391785,-0.5696081719080617
COHFACE_s31_session3_natural,0,221,7.366666666666666,-0.3974813222885132,-0.5799825767597302
COHFACE_s31_session3_natural,0,222,7.4,-0.4052790403366089,-0.552675815831167
COHFACE_s31_session3_natural,0,223,7.433333333333334,-0.43400338292121887,-0.49539922033467454
COHFACE_s31_session3_natural,0,224,7.466666666666667,-0.49704378843307495,-0.4130551168272095
COHFACE_s31_session3_natural,0,225,7.5,-0.5738565921783447,-0.30867095156914787
COHFACE_s31_session3_natural,0,226,7.533333333333333,-0.6457363963127136,-0.18747433729828136
COHFACE_s31_session3_natural,0,227,7.566666666666666,-0.717708170413971,-0.05924433183915465
COHFACE_s31_session3_natural,0,228,7.6,-0.7666085362434387,0.06287198892708486
COHFACE_s31_session3_natural,0,229,7.633333333333334,-0.8210086822509766,0.16536749237519555
COHFACE_s31_session3_natural,0,230,7.666666666666667,-0.8935778737068176,0.23763665705672415
COHFACE_s31_session3_natural,0,231,7.7,-0.9383572340011597,0.2744366327984072
COHFACE_s31_session3_natural,0,232,7.733333333333333,-0.8066235184669495,0.2770539549698487
COHFACE_s31_session3_natural,0,233,7.766666666666667,-0.05900873988866806,0.25328342364865764
COHFACE_s31_session3_natural,0,234,7.8,1.2112822532653809,0.21612572710358396
COHFACE_s31_session3_natural,0,235,7.833333333333333,2.1325912475585938,0.18093882451321236
COHFACE_s31_session3_natural,0,236,7.866666666666666,2.3396518230438232,0.16160935420875214
COHFACE_s31_session3_natural,0,237,7.9,2.140021324157715,0.1670913925388587
COHFACE_s31_session3_natural,0,238,7.933333333333334,1.8827122449874878,0.19912489160595195
COHFACE_s31_session3_natural,0,239,7.966666666666667,1.6382718086242676,0.25131254484982335
COHFACE_s31_session3_natural,0,240,8.0,1.3430925607681274,0.30983999402628143
COHFACE_s31_session3_natural,0,241,8.033333333333333,1.11034095287323,0.356184721575228
COHFACE_s31_session3_natural,0,242,8.066666666666666,1.0877290964126587,0.37136657444377086
COHFACE_s31_session3_natural,0,243,8.1,1.1850855350494385,0.3405190500300473
COHFACE_s31_session3_natural,0,244,8.133333333333333,1.1654151678085327,0.25666933756000965
COHFACE_s31_session3_natural,0,245,8.166666666666666,0.9608670473098755,0.12286891042004039
COHFACE_s31_session3_natural,0,246,8.2,0.6803180575370789,-0.04779539656475947
COHFACE_s31_session3_natural,0,247,8.233333333333333,0.39449918270111084,-0.23434234854480443
COHFACE_s31_session3_natural,0,248,8.266666666666667,0.16548556089401245,-0.4120041765059149
COHFACE_s31_session3_natural,0,249,8.3,0.010971469804644585,-0.5578567233942058
COHFACE_s31_session3_natural,0,250,8.333333333333334,-0.10139823704957962,-0.6561757387688829
COHFACE_s31_session3_natural,0,251,8.366666666666667,-0.18518146872520447,-0.7006921102867513
COHFACE_s31_session3_natural,0,252,8.4,-0.23546059429645538,-0.6932721047924787
COHFACE_s31_session3_natural,0,253,8.433333333333334,-0.2822774648666382,-0.6409567352103835
COHFACE_s31_session3_natural,0,254,8.466666666666667,-0.3500516414642334,-0.5530089620748202
COHFACE_s31_session3_natural,0,255,8.5,-0.44632038474082947,-0.43894296764136026
COHFACE_s31_session3_natural,0,256,8.533333333333333,-0.5411490797996521,-0.30780084546315056
COHFACE_s31_session3_natural,0,257,8.566666666666666,-0.6407421827316284,-0.1682424060152676
COHFACE_s31_session3_natural,0,258,8.6,-0.7135258913040161,-0.028852996860611026
COHFACE_s31_session3_natural,0,259,8.633333333333333,-0.7600057721138,0.10190496813552534
COHFACE_s31_session3_natural,0,260,8.666666666666666,-0.7983661890029907,0.21628837392069142
COHFACE_s31_session3_natural,0,261,8.7,-0.8174851536750793,0.3081714688738385
COHFACE_s31_session3_natural,0,262,8.733333333333333,-0.8336933255195618,0.37393768090400936
COHFACE_s31_session3_natural,0,263,8.766666666666667,-0.8922603726387024,0.41305771971368527
COHFACE_s31_session3_natural,0,264,8.8,-0.9167565107345581,0.4281804678404398
COHFACE_s31_session3_natural,0,265,8.833333333333334,-0.5557793974876404,0.4247253568714567
COHFACE_s31_session3_natural,0,266,8.866666666666667,0.5999971032142639,0.410010830684182
COHFACE_s31_session3_natural,0,267,8.9,1.9946529865264893,0.39200422799064244
COHFACE_s31_session3_natural,0,268,8.933333333333334,2.7676525115966797,0.3776238314815417
COHFACE_s31_session3_natural,0,269,8.966666666666667,2.8440210819244385,0.370451133716169
COHFACE_s31_session3_natural,0,270,9.0,2.677741289138794,0.36899660215394464
COHFACE_s31_session3_natural,0,271,9.033333333333333,2.553039312362671,0.3676812962693068
COHFACE_s31_session3_natural,0,272,9.066666666666666,2.4219183921813965,0.36007571765132285
COHFACE_s31_session3_natural,0,273,9.1,2.1217756271362305,0.34141702551946174
COHFACE_s31_session3_natural,0,274,9.133333333333333,1.777665376663208,0.3089391918010684
COHFACE_s31_session3_natural,0,275,9.166666666666666,1.6101142168045044,0.26042571960081434
COHFACE_s31_session3_natural,0,276,9.2,1.5441631078720093,0.1924362943077664
COHFACE_s31_session3_natural,0,277,9.233333333333333,1.3961292505264282,0.10030135281278153
COHFACE_s31_session3_natural,0,278,9.266666666666667,1.1252622604370117,-0.01971550957714979
COHFACE_s31_session3_natural,0,279,9.3,0.8005008101463318,-0.16750687513027127
COHFACE_s31_session3_natural,0,280,9.333333333333334,0.5007410049438477,-0.3369171514928672
COHFACE_s31_session3_natural,0,281,9.366666666666667,0.2635467052459717,-0.5154015181693948
COHFACE_s31_session3_natural,0,282,9.4,0.08707954734563828,-0.6854840142671833
COHFACE_s31_session3_natural,0,283,9.433333333333334,-0.04442442208528519,-0.8267786157444388
COHFACE_s31_session3_natural,0,284,9.466666666666667,-0.13991186022758484,-0.9181693479663006
COHFACE_s31_session3_natural,0,285,9.5,-0.22043199837207794,-0.940625101074811
COHFACE_s31_session3_natural,0,286,9.533333333333333,-0.3104349970817566,-0.880797492160281
COHFACE_s31_session3_natural,0,287,9.566666666666666,-0.41828542947769165,-0.7350452234152626
COHFACE_s31_session3_natural,0,288,9.6,-0.5342399477958679,-0.5122963266969501
COHFACE_s31_session3_natural,0,289,9.633333333333333,-0.6450316905975342,-0.23325547087234413
COHFACE_s31_session3_natural,0,290,9.666666666666666,-0.7477347254753113,0.07372122891015885
COHFACE_s31_session3_natural,0,291,9.7,-0.8315945267677307,0.3770216214248731
COHFACE_s31_session3_natural,0,292,9.733333333333333,-0.9044241905212402,0.6453228477547295
COHFACE_s31_session3_natural,0,293,9.766666666666667,-0.9416356682777405,0.8512768227947883
COHFACE_s31_session3_natural,0,294,9.8,-0.9715396165847778,0.9750934080434814
COHFACE_s31_session3_natural,0,295,9.833333333333334,-1.001504898071289,1.0064646432901745
COHFACE_s31_session3_natural,0,296,9.866666666666667,-1.0187242031097412,0.9449297359982136
COHFACE_s31_session3_natural,0,297,9.9,-1.037169098854065,0.8003230042429563
COHFACE_s31_session3_natural,0,298,9.933333333333334,-1.0645146369934082,0.5927708170566471
COHFACE_s31_session3_natural,0,299,9.966666666666667,-1.0742425918579102,0.3496815028186789
COHFACE_s31_session3_natural,1,0,10.0,-1.0672262907028198,-0.1278821443254128
COHFACE_s31_session3_natural,1,1,10.033333333333333,-1.0826531648635864,-0.1741576699506334
COHFACE_s31_session3_natural,1,2,10.066666666666666,-1.1209216117858887,-0.23042365509294171
COHFACE_s31_session3_natural,1,3,10.1,-1.0702595710754395,-0.3035974382336438
COHFACE_s31_session3_natural,1,4,10.133333333333333,-0.5580466985702515,-0.38807419202823096
COHFACE_s31_session3_natural,1,5,10.166666666666666,0.7152928709983826,-0.4672941515661418
COHFACE_s31_session3_natural,1,6,10.2,2.0761842727661133,-0.5215928287769586
COHFACE_s31_session3_natural,1,7,10.233333333333333,2.7133290767669678,-0.5340080657926367
COHFACE_s31_session3_natural,1,8,10.266666666666667,2.697580337524414,-0.49191431144184744
COHFACE_s31_session3_natural,1,9,10.3,2.5286505222320557,-0.3889676018629975
COHFACE_s31_session3_natural,1,10,10.333333333333334,2.4156219959259033,-0.2280561174598814
COHFACE_s31_session3_natural,1,11,10.366666666666667,2.2512879371643066,-0.021838321803231933
COHFACE_s31_session3_natural,1,12,10.4,1.8990124464035034,0.21035464784047353
COHFACE_s31_session3_natural,1,13,10.433333333333334,1.596510410308838,0.44789958202465635
COHFACE_s31_session3_natural,1,14,10.466666666666667,1.516174077987671,0.6735851282487362
COHFACE_s31_session3_natural,1,15,10.5,1.4862548112869263,0.8737896495601204
COHFACE_s31_session3_natural,1,16,10.533333333333333,1.3081790208816528,1.0347740962053837
COHFACE_s31_session3_natural,1,17,10.566666666666666,0.9962248206138611,1.1400209096710032
COHFACE_s31_session3_natural,1,18,10.6,0.6733323335647583,1.1715096634507032
COHFACE_s31_session3_natural,1,19,10.633333333333333,0.415196031332016,1.1149791423924946
COHFACE_s31_session3_natural,1,20,10.666666666666666,0.21862946450710297,0.9665335765144647
COHFACE_s31_session3_natural,1,21,10.7,0.054908256977796555,0.73587701650121
COHFACE_s31_session3_natural,1,22,10.733333333333333,-0.09479546546936035,0.4445564338905596
COHFACE_s31_session3_natural,1,23,10.766666666666667,-0.22755564749240875,0.12105861685106581
COHFACE_s31_session3_natural,1,24,10.8,-0.33675417304039,-0.20484814719217673
COHFACE_s31_session3_natural,1,25,10.833333333333334,-0.44662678241729736,-0.5061471990850195
COHFACE_s31_session3_natural,1,26,10.866666666666667,-0.5475373864173889,-0.760748491083379
COHFACE_s31_session3_natural,1,27,10.9,-0.6439440250396729,-0.9536100033524989
COHFACE_s31_session3_natural,1,28,10.933333333333334,-0.7433533072471619,-1.0786682111614123
COHFACE_s31_session3_natural,1,29,10.966666666666667,-0.8368798494338989,-1.1384538721143767
COHFACE_s31_session3_natural,1,30,11.0,-0.9049910306930542,-1.141220651192537
COHFACE_s31_session3_natural,1,31,11.033333333333333,-0.9566795825958252,-1.0974515488692411
COHFACE_s31_session3_natural,1,32,11.066666666666666,-1.0134235620498657,-1.0171305661551266
COHFACE_s31_session3_natural,1,33,11.1,-1.0653419494628906,-0.9084058916989652
COHFACE_s31_session3_natural,1,34,11.133333333333333,-1.1033653020858765,-0.7774572462842101
COHFACE_s31_session3_natural,1,35,11.166666666666666,-1.1288878917694092,-0.6286894066393938
COHFACE_s31_session3_natural,1,36,11.2,-1.1383247375488281,-0.46500708388472123
COHFACE_s31_session3_natural,1,37,11.233333333333333,-1.136746883392334,-0.28862217261679973
COHFACE_s31_session3_natural,1,38,11.266666666666667,-1.1376813650131226,-0.10235057473053136
COHFACE_s31_session3_natural,1,39,11.3,-1.1652567386627197,0.0891713412683964
COHFACE_s31_session3_natural,1,40,11.333333333333334,-1.2176653146743774,0.27876585030096546
COHFACE_s31_session3_natural,1,41,11.366666666666667,-1.2626744508743286,0.4566788945313993
COHFACE_s31_session3_natural,1,42,11.4,-1.1635562181472778,0.6116393594204751
COHFACE_s31_session3_natural,1,43,11.433333333333334,-0.47332894802093506,0.733509659877873
COHFACE_s31_session3_natural,1,44,11.466666666666667,0.8926026225090027,0.8165757724723252
COHFACE_s31_session3_natural,1,45,11.5,2.0520098209381104,0.8612577902519689
COHFACE_s31_session3_natural,1,46,11.533333333333333,2.419926881790161,0.8732760113304062
COHFACE_s31_session3_natural,1,47,11.566666666666666,2.2841334342956543,0.8607940872628482
COHFACE_s31_session3_natural,1,48,11.6,2.060742139816284,0.8310136555364451
COHFACE_s31_session3_natural,1,49,11.633333333333333,1.8793725967407227,0.7883029912286091
COHFACE_s31_session3_natural,1,50,11.666666666666666,1.5954840183258057,0.7342901932593237
COHFACE_s31_session3_natural,1,51,11.7,1.2540700435638428,0.6686494326892928
COHFACE_s31_session3_natural,1,52,11.733333333333333,1.1163309812545776,0.5896356815545838
COHFACE_s31_session3_natural,1,53,11.766666666666667,1.146342158317566,0.4940222350354774
COHFACE_s31_session3_natural,1,54,11.8,1.1259822845458984,0.3770858424657578
COHFACE_s31_session3_natural,1,55,11.833333333333334,0.9476155042648315,0.234066581015595
COHFACE_s31_session3_natural,1,56,11.866666666666667,0.658089280128479,0.06310772565494405
COHFACE_s31_session3_natural,1,57,11.9,0.35731837153434753,-0.13181494371566346
COHFACE_s31_session3_natural,1,58,11.933333333333334,0.1077917218208313,-0.33931097695900925
COHFACE_s31_session3_natural,1,59,11.966666666666667,-0.06489148736000061,-0.5412332947338828
COHFACE_s31_session3_natural,1,60,12.0,-0.18665215373039246,-0.7158750535613198
COHFACE_s31_session3_natural,1,61,12.033333333333333,-0.28638315200805664,-0.8432853981675666
COHFACE_s31_session3_natural,1,62,12.066666666666666,-0.3634716868400574,-0.910723291873638
COHFACE_s31_session3_natural,1,63,12.1,-0.4321650266647339,-0.9151020422393198
COHFACE_s31_session3_natural,1,64,12.133333333333333,-0.5062355995178223,-0.8621600863306799
COHFACE_s31_session3_natural,1,65,12.166666666666666,-0.599746823310852,-0.764943015048665
COHFACE_s31_session3_natural,1,66,12.2,-0.6886621117591858,-0.6421349226990903
COHFACE_s31_session3_natural,1,67,12.233333333333333,-0.7829393148422241,-0.5146251837428405
COHFACE_s31_session3_natural,1,68,12.266666666666667,-0.8798208236694336,-0.40057420579719216
COHFACE_s31_session3_natural,1,69,12.3,-0.9561893343925476,-0.31119727750739024
COHFACE_s31_session3_natural,1,70,12.333333333333334,-1.0151393413543701,-0.2487413209913496
COHFACE_s31_session3_natural,1,71,12.366666666666667,-1.0596582889556885,-0.20710134666800145
COHFACE_s31_session3_natural,1,72,12.4,-1.0955829620361328,-0.1747736495152852
COHFACE_s31_session3_natural,1,73,12.433333333333334,-1.1103358268737793,-0.13915813621948836
COHFACE_s31_session3_natural,1,74,12.466666666666667,-1.1203854084014893,-0.09057740130428323
COHFACE_s31_session3_natural,1,75,12.5,-1.1276623010635376,-0.024060319937213564
COHFACE_s31_session3_natural,1,76,12.533333333333333,-1.144452691078186,0.06107132456015181
COHFACE_s31_session3_natural,1,77,12.566666666666666,-1.1990059614181519,0.1618801114101898
COHFACE_s31_session3_natural,1,78,12.6,-1.2614948749542236,0.27215051670371415
COHFACE_s31_session3_natural,1,79,12.633333333333333,-1.2215718030929565,0.38327233845720776
COHFACE_s31_session3_natural,1,80,12.666666666666666,-0.7191635370254517,0.4859857140944481
COHFACE_s31_session3_natural,1,81,12.7,0.5369260311126709,0.5725828533173609
COHFACE_s31_session3_natural,1,82,12.733333333333333,1.8501273393630981,0.6387164661486543
COHFACE_s31_session3_natural,1,83,12.766666666666667,2.444453716278076,0.6836924096055812
COHFACE_s31_session3_natural,1,84,12.8,2.3915088176727295,0.7092101801658277
COHFACE_s31_session3_natural,1,85,12.833333333333334,2.1580984592437744,0.7176016070475445
COHFACE_s31_session3_natural,1,86,12.866666666666667,1.969344973564148,0.7103320492385099
COHFACE_s31_session3_natural,1,87,12.9,1.7426140308380127,0.6870822093666581
COHFACE_s31_session3_natural,1,88,12.933333333333334,1.4392540454864502,0.6455209665316581
COHFACE_s31_session3_natural,1,89,12.966666666666667,1.2762069702148438,0.5816856156783862
COHFACE_s31_session3_natural,1,90,13.0,1.2762222290039062,0.49096744905554907
COHFACE_s31_session3_natural,1,91,13.033333333333333,1.2505924701690674,0.3697664749015934
COHFACE_s31_session3_natural,1,92,13.066666666666666,1.071689486503601,0.21765399402752242
COHFACE_s31_session3_natural,1,93,13.1,0.7702597975730896,0.03962590324163747
COHFACE_s31_session3_natural,1,94,13.133333333333333,0.45936262607574463,-0.15279275929052455
COHFACE_s31_session3_natural,1,95,13.166666666666666,0.20767591893672943,-0.3433611291416085
COHFACE_s31_session3_natural,1,96,13.2,0.03919028490781784,-0.5152075529072644
COHFACE_s31_session3_natural,1,97,13.233333333333333,-0.08794757723808289,-0.6542536416877328
COHFACE_s31_session3_natural,1,98,13.266666666666667,-0.2034578174352646,-0.7510768629987861
COHFACE_s31_session3_natural,1,99,13.3,-0.2878078818321228,-0.8024736465788673
COHFACE_s31_session3_natural,1,100,13.333333333333334,-0.3521044850349426,-0.8124697818578352
COHFACE_s31_session3_natural,1,101,13.366666666666667,-0.4219161868095398,-0.7910170020954489
COHFACE_s31_session3_natural,1,102,13.4,-0.5110766291618347,-0.7504063616996279
COHFACE_s31_session3_natural,1,103,13.433333333333334,-0.6092296838760376,-0.701276762078436
COHFACE_s31_session3_natural,1,104,13.466666666666667,-0.693365216255188,-0.6497970753769193
COHFACE_s31_session3_natural,1,105,13.5,-0.7889446020126343,-0.5969763838171326
COHFACE_s31_session3_natural,1,106,13.533333333333333,-0.8933940529823303,-0.5398697373981752
COHFACE_s31_session3_natural,1,107,13.566666666666666,-0.9565417170524597,-0.4733682873440747
COHFACE_s31_session3_natural,1,108,13.6,-0.9911181926727295,-0.3918359579409418
COHFACE_s31_session3_natural,1,109,13.633333333333333,-1.0335229635238647,-0.29058072553099173
COHFACE_s31_session3_natural,1,110,13.666666666666666,-1.0855332612991333,-0.16702482466302523
COHFACE_s31_session3_natural,1,111,13.7,-1.1383247375488281,-0.021288384532710976
COHFACE_s31_session3_natural,1,112,13.733333333333333,-1.1920201778411865,0.14371509331019403
COHFACE_s31_session3_natural,1,113,13.766666666666667,-1.2334752082824707,0.32224686478814646
COHFACE_s31_session3_natural,1,114,13.8,-1.247477412223816,0.505748073521633
COHFACE_s31_session3_natural,1,115,13.833333333333334,-1.2606369256973267,0.6832639384206377
COHFACE_s31_session3_natural,1,116,13.866666666666667,-1.305783987045288,0.8423338715116784
COHFACE_s31_session3_natural,1,117,13.9,-1.3248722553253174,0.9700289279810199
COHFACE_s31_session3_natural,1,118,13.933333333333334,-1.0505738258361816,1.0539945424056003
COHFACE_s31_session3_natural,1,119,13.966666666666667,-0.05884022265672684,1.08353909424581
COHFACE_s31_session3_natural,1,120,14.0,1.3145979642868042,1.0509944056734852
COHFACE_s31_session3_natural,1,121,14.033333333333333,2.1289145946502686,0.9536399171019793
COHFACE_s31_session3_natural,1,122,14.066666666666666,2.198864221572876,0.795560984495242
COHFACE_s31_session3_natural,1,123,14.1,1.9746149778366089,0.5880050802057418
COHFACE_s31_session3_natural,1,124,14.133333333333333,1.8036781549453735,0.34792441195833956
COHFACE_s31_session3_natural,1,125,14.166666666666666,1.7361184358596802,0.09559799230736857
COHFACE_s31_session3_natural,1,126,14.2,1.6785931587219238,-0.14799758865552473
COHFACE_s31_session3_natural,1,127,14.233333333333333,1.7081294059753418,-0.3637368457327598
COHFACE_s31_session3_natural,1,128,14.266666666666667,1.76850426197052,-0.5365218244574042
COHFACE_s31_session3_natural,1,129,14.3,1.5904438495635986,-0.6568169311447387
COHFACE_s31_session3_natural,1,130,14.333333333333334,1.1191191673278809,-0.7213861007266124
COHFACE_s31_session3_natural,1,131,14.366666666666667,0.5976378917694092,-0.7331747466253239
COHFACE_s31_session3_natural,1,132,14.4,0.24375371634960175,-0.7003283119479385
COHFACE_s31_session3_natural,1,133,14.433333333333334,0.09890632331371307,-0.634400140699182
COHFACE_s31_session3_natural,1,134,14.466666666666667,0.03928220272064209,-0.5480737562059287
COHFACE_s31_session3_natural,1,135,14.5,-0.053141310811042786,-0.4529748361777728
COHFACE_s31_session3_natural,1,136,14.533333333333333,-0.15618135035037994,-0.3580731760777867
COHFACE_s31_session3_natural,1,137,14.566666666666666,-0.21628037095069885,-0.26903534066861656
COHFACE_s31_session3_natural,1,138,14.6,-0.3055480420589447,-0.18845853260783582
COHFACE_s31_session3_natural,1,139,14.633333333333333,-0.476837158203125,-0.1165325227661031
COHFACE_s31_session3_natural,1,140,14.666666666666666,-0.6417226791381836,-0.051843476936346077
COHFACE_s31_session3_natural,1,141,14.7,-0.6946827173233032,0.007743611156237874
COHFACE_s31_session3_natural,1,142,14.733333333333333,-0.6289613842964172,0.06409950847609255
COHFACE_s31_session3_natural,1,143,14.766666666666667,-0.5794482231140137,0.1176847923469308
COHFACE_s31_session3_natural,1,144,14.8,-0.7275893688201904,0.16665171227062484
COHFACE_s31_session3_natural,1,145,14.833333333333334,-1.0194288492202759,0.2069909909761548
COHFACE_s31_session3_natural,1,146,14.866666666666667,-1.2107101678848267,0.23391652312155414
COHFACE_s31_session3_natural,1,147,14.9,-1.1345101594924927,0.24400415299188483
COHFACE_s31_session3_natural,1,148,14.933333333333334,-0.8313187956809998,0.23703696307735742
COHFACE_s31_session3_natural,1,149,14.966666666666667,-0.5877055525779724,0.21618248415156022
COHFACE_s31_session3_natural,1,150,15.0,-0.6719790101051331,0.18654758079410586
COHFACE_s31_session3_natural,1,151,15.033333333333333,-1.0476477146148682,0.15355100714729827
COHFACE_s31_session3_natural,1,152,15.066666666666666,-1.4212942123413086,0.12187607583964408
COHFACE_s31_session3_natural,1,153,15.1,-1.3426125049591064,0.09491621331410607
COHFACE_s31_session3_natural,1,154,15.133333333333333,-0.2623312771320343,0.07442396339190624
COHFACE_s31_session3_natural,1,155,15.166666666666666,1.2491064071655273,0.05999416517302689
COHFACE_s31_session3_natural,1,156,15.2,1.9878511428833008,0.048658066858015284
COHFACE_s31_session3_natural,1,157,15.233333333333333,1.7869031429290771,0.035445407241543096
COHFACE_s31_session3_natural,1,158,15.266666666666667,1.2337101697921753,0.014934442229199993
COHFACE_s31_session3_natural,1,159,15.3,0.7861616015434265,-0.0170601719274434
COHFACE_s31_session3_natural,1,160,15.333333333333334,0.49974524974823,-0.06231572713426714
COHFACE_s31_session3_natural,1,161,15.366666666666667,0.4145219624042511,-0.11987011619861389
COHFACE_s31_session3_natural,1,162,15.4,0.5218515396118164,-0.1861734573897362
COHFACE_s31_session3_natural,1,163,15.433333333333334,0.6253970861434937,-0.25481956886581375
COHFACE_s31_session3_natural,1,164,15.466666666666667,0.6357071995735168,-0.3158108829570856
COHFACE_s31_session3_natural,1,165,15.5,0.5604110956192017,-0.35520422184948913
COHFACE_s31_session3_natural,1,166,15.533333333333333,0.3996312618255615,-0.35654602205632546
COHFACE_s31_session3_natural,1,167,15.566666666666666,0.13657736778259277,-0.30562906629231756
COHFACE_s31_session3_natural,1,168,15.6,-0.18908797204494476,-0.19721294096274236
COHFACE_s31_session3_natural,1,169,15.633333333333333,-0.49142149090766907,-0.0396725233309837
COHFACE_s31_session3_natural,1,170,15.666666666666666,-0.6421056389808655,0.14511884998890168
COHFACE_s31_session3_natural,1,171,15.7,-0.6115429401397705,0.3273717973592947
COHFACE_s31_session3_natural,1,172,15.733333333333333,-0.5157644152641296,0.47801085346693517
COHFACE_s31_session3_natural,1,173,15.766666666666667,-0.48699408769607544,0.5753448754612148
COHFACE_s31_session3_natural,1,174,15.8,-0.5675142407417297,0.607877788433281
COHFACE_s31_session3_natural,1,175,15.833333333333334,-0.707980215549469,0.5747700273463164
COHFACE_s31_session3_natural,1,176,15.866666666666667,-0.8450911641120911,0.48490958008573626
COHFACE_s31_session3_natural,1,177,15.9,-0.9458945393562317,0.35466834761524657
COHFACE_s31_session3_natural,1,178,15.933333333333334,-1.0037109851837158,0.20455870493085268
COHFACE_s31_session3_natural,1,179,15.966666666666667,-1.0393750667572021,0.05518695603825241
COHFACE_s31_session3_natural,1,180,16.0,-1.090895175933838,-0.07659960553352696
COHFACE_s31_session3_natural,1,181,16.033333333333335,-1.1694697141647339,-0.18007805674807958
COHFACE_s31_session3_natural,1,182,16.066666666666666,-1.2237778902053833,-0.25113964823510465
COHFACE_s31_session3_natural,1,183,16.1,-1.1472408771514893,-0.2914434355983442
COHFACE_s31_session3_natural,1,184,16.133333333333333,-0.596177339553833,-0.30700116709722597
COHFACE_s31_session3_natural,1,185,16.166666666666668,0.5288525819778442,-0.3069833890498523
COHFACE_s31_session3_natural,1,186,16.2,1.4711802005767822,-0.30215706074649334
COHFACE_s31_session3_natural,1,187,16.233333333333334,1.7075473070144653,-0.30124142103361445
COHFACE_s31_session3_natural,1,188,16.266666666666666,1.4682388305664062,-0.30653788646144264
COHFACE_s31_session3_natural,1,189,16.3,1.1092991828918457,-0.312992045016007
COHFACE_s31_session3_natural,1,190,16.333333333333332,0.7173610329627991,-0.3116214171780485
COHFACE_s31_session3_natural,1,191,16.366666666666667,0.3440974950790405,-0.2947522110386316
COHFACE_s31_session3_natural,1,192,16.4,0.1913604736328125,-0.25985182570221665
COHFACE_s31_session3_natural,1,193,16.433333333333334,0.3018152117729187,-0.2088852236045611
COHFACE_s31_session3_natural,1,194,16.466666666666665,0.4941841959953308,-0.14459624131288784
COHFACE_s31_session3_natural,1,195,16.5,0.5698326826095581,-0.06915717210261042
COHFACE_s31_session3_natural,1,196,16.533333333333335,0.44027432799339294,0.014018576940906961
COHFACE_s31_session3_natural,1,197,16.566666666666666,0.16464298963546753,0.09934741503206906
COHFACE_s31_session3_natural,1,198,16.6,-0.12111464142799377,0.18030020660719429
COHFACE_s31_session3_natural,1,199,16.633333333333333,-0.3479835093021393,0.25090271616551507
COHFACE_s31_session3_natural,1,200,16.666666666666668,-0.5108161568641663,0.30654617433833037
COHFACE_s31_session3_natural,1,201,16.7,-0.612140417098999,0.34430340622059785
COHFACE_s31_session3_natural,1,202,16.733333333333334,-0.6701099872589111,0.3629198909532013
COHFACE_s31_session3_natural,1,203,16.766666666666666,-0.7054677605628967,0.36255375832304493
COHFACE_s31_session3_natural,1,204,16.8,-0.7370569109916687,0.34415816535991006
COHFACE_s31_session3_natural,1,205,16.833333333333332,-0.7861104607582092,0.308271713003323
COHFACE_s31_session3_natural,1,206,16.866666666666667,-0.857147753238678,0.2540231086857826
COHFACE_s31_session3_natural,1,207,16.9,-0.9447455406188965,0.1799932852977869
COHFACE_s31_session3_natural,1,208,16.933333333333334,-1.0446603298187256,0.08674791839267056
COHFACE_s31_session3_natural,1,209,16.966666666666665,-1.1327331066131592,-0.02096136713541914
COHFACE_s31_session3_natural,1,210,17.0,-1.21383535861969,-0.13400526024720108
COHFACE_s31_session3_natural,1,211,17.033333333333335,-1.2642370462417603,-0.24160877030255967
COHFACE_s31_session3_natural,1,212,17.066666666666666,-1.1704654693603516,-0.3350055885627992
COHFACE_s31_session3_natural,1,213,17.1,-0.5477978587150574,-0.4076294853092961
COHFACE_s31_session3_natural,1,214,17.133333333333333,0.5681015849113464,-0.4522216214725809
COHFACE_s31_session3_natural,1,215,17.166666666666668,1.366225242614746,-0.45987153302142053
COHFACE_s31_session3_natural,1,216,17.2,1.466354489326477,-0.42232124271383054
COHFACE_s31_session3_natural,1,217,17.233333333333334,1.1820369958877563,-0.33479260533427124
COHFACE_s31_session3_natural,1,218,17.266666666666666,0.8634186387062073,-0.19804492333068732
COHFACE_s31_session3_natural,1,219,17.3,0.5954318642616272,-0.020105030407981672
COHFACE_s31_session3_natural,1,220,17.333333333333332,0.3265564739704132,0.18270552687329114
COHFACE_s31_session3_natural,1,221,17.366666666666667,0.192279651761055,0.3866127370608095
COHFACE_s31_session3_natural,1,222,17.4,0.26034489274024963,0.5639322114023491
COHFACE_s31_session3_natural,1,223,17.433333333333334,0.369114488363266,0.6895016527755358
COHFACE_s31_session3_natural,1,224,17.466666666666665,0.35969290137290955,0.7474265758271845
COHFACE_s31_session3_natural,1,225,17.5,0.20170123875141144,0.7333378557343321
COHFACE_s31_session3_natural,1,226,17.533333333333335,-0.030636727809906006,0.6520354354095163
COHFACE_s31_session3_natural,1,227,17.566666666666666,-0.26164188981056213,0.5150059946341546
COHFACE_s31_session3_natural,1,228,17.6,-0.45491471886634827,0.3391803147252116
COHFACE_s31_session3_natural,1,229,17.633333333333333,-0.5878587365150452,0.14484854043454104
COHFACE_s31_session3_natural,1,230,17.666666666666668,-0.668685257434845,-0.04778345232770907
COHFACE_s31_session3_natural,1,231,17.7,-0.7278191447257996,-0.22208011349784604
COHFACE_s31_session3_natural,1,232,17.733333333333334,-0.769565224647522,-0.3674392300046086
COHFACE_s31_session3_natural,1,233,17.766666666666666,-0.8088448643684387,-0.48010728598250724
COHFACE_s31_session3_natural,1,234,17.8,-0.8571937084197998,-0.5623178850340032
COHFACE_s31_session3_natural,1,235,17.833333333333332,-0.9242172241210938,-0.6202962583026043
COHFACE_s31_session3_natural,1,236,17.866666666666667,-0.9972153902053833,-0.6614386025902483
COHFACE_s31_session3_natural,1,237,17.9,-1.06621515750885,-0.6907448703184825
COHFACE_s31_session3_natural,1,238,17.933333333333334,-1.1528937816619873,-0.7076537569467313
COHFACE_s31_session3_natural,1,239,17.966666666666665,-1.2501276731491089,-0.7053025834941236
COHFACE_s31_session3_natural,1,240,18.0,-1.3163238763809204,-0.6730454767311661
COHFACE_s31_session3_natural,1,241,18.033333333333335,-1.2070794105529785,-0.6016351583690983
COHFACE_s31_session3_natural,1,242,18.066666666666666,-0.5353276133537292,-0.48851366993275824
COHFACE_s31_session3_natural,1,243,18.1,0.6117472648620605,-0.33927908304538584
COHFACE_s31_session3_natural,1,244,18.133333333333333,1.3975539207458496,-0.1649069766570713
COHFACE_s31_session3_natural,1,245,18.166666666666668,1.4913102388381958,0.02211837086640162
COHFACE_s31_session3_natural,1,246,18.2,1.2472220659255981,0.210625047384223
COHFACE_s31_session3_natural,1,247,18.233333333333334,1.0015101432800293,0.3919181372990611
COHFACE_s31_session3_natural,1,248,18.266666666666666,0.8019561767578125,0.5593236698820919
COHFACE_s31_session3_natural,1,249,18.3,0.5504379868507385,0.7067268184397515
COHFACE_s31_session3_natural,1,250,18.333333333333332,0.36370664834976196,0.8271250738876195
COHFACE_s31_session3_natural,1,251,18.366666666666667,0.3818604648113251,0.9123703418509116
COHFACE_s31_session3_natural,1,252,18.4,0.4749733507633209,0.9542808866766047
COHFACE_s31_session3_natural,1,253,18.433333333333334,0.4668232798576355,0.9462739269403698
COHFACE_s31_session3_natural,1,254,18.466666666666665,0.3089388608932495,0.8848072092153614
COHFACE_s31_session3_natural,1,255,18.5,0.07094793766736984,0.7702139143390924
COHFACE_s31_session3_natural,1,256,18.533333333333335,-0.15562984347343445,0.6068775514293547
COHFACE_s31_session3_natural,1,257,18.566666666666666,-0.33537542819976807,0.4030323662299925
COHFACE_s31_session3_natural,1,258,18.6,-0.46479591727256775,0.17048813065522364
COHFACE_s31_session3_natural,1,259,18.633333333333333,-0.551842212677002,-0.07550255466833705
COHFACE_s31_session3_natural,1,260,18.666666666666668,-0.6232624650001526,-0.31669981337295666
COHFACE_s31_session3_natural,1,261,18.7,-0.6751042008399963,-0.5336549760942935
COHFACE_s31_session3_natural,1,262,18.733333333333334,-0.7165439128875732,-0.7086330606249828
COHFACE_s31_session3_natural,1,263,18.766666666666666,-0.7611854076385498,-0.828305421023149
COHFACE_s31_session3_natural,1,264,18.8,-0.8247007131576538,-0.8856073546146381
COHFACE_s31_session3_natural,1,265,18.833333333333332,-0.8959524631500244,-0.8809984837107276
COHFACE_s31_session3_natural,1,266,18.866666666666667,-0.9685676097869873,-0.8226325241061925
COHFACE_s31_session3_natural,1,267,18.9,-1.0487507581710815,-0.7243143738379324
COHFACE_s31_session3_natural,1,268,18.933333333333334,-1.1286121606826782,-0.6017299998910149
COHFACE_s31_session3_natural,1,269,18.966666666666665,-1.2142183780670166,-0.468981258939148
COHFACE_s31_session3_natural,1,270,19.0,-1.265539288520813,-0.33635572554869536
COHFACE_s31_session3_natural,1,271,19.033333333333335,-1.1578726768493652,-0.20902010332862744
COHFACE_s31_session3_natural,1,272,19.066666666666666,-0.5216931104660034,-0.08675459026621384
COHFACE_s31_session3_natural,1,273,19.1,0.5824714303016663,0.03470440071080763
COHFACE_s31_session3_natural,1,274,19.133333333333333,1.363498330116272,0.16086906104831186
COHFACE_s31_session3_natural,1,275,19.166666666666668,1.4730799198150635,0.29515263021078225
COHFACE_s31_session3_natural,1,276,19.2,1.2579305171966553,0.4360457721456832
COHFACE_s31_session3_natural,1,277,19.233333333333334,1.0602456331253052,0.5758860012939607
COHFACE_s31_session3_natural,1,278,19.266666666666666,0.9003697037696838,0.7015516344075768
COHFACE_s31_session3_natural,1,279,19.3,0.6729186773300171,0.7966322610928835
COHFACE_s31_session3_natural,1,280,19.333333333333332,0.4731656312942505,0.8446415042172536
COHFACE_s31_session3_natural,1,281,19.366666666666667,0.45404669642448425,0.8328923842540168
COHFACE_s31_session3_natural,1,282,19.4,0.5259418487548828,0.7561311586959979
COHFACE_s31_session3_natural,1,283,19.433333333333334,0.5154479146003723,0.6186091350086396
COHFACE_s31_session3_natural,1,284,19.466666666666665,0.377096027135849,0.4337676280366536
COHFACE_s31_session3_natural,1,285,19.5,0.1522953361272812,0.22137549590894842
COHFACE_s31_session3_natural,1,286,19.533333333333335,-0.07497182488441467,0.003143721005459463
COHFACE_s31_session3_natural,1,287,19.566666666666666,-0.2497844696044922,-0.2011740807408521
COHFACE_s31_session3_natural,1,288,19.6,-0.37402692437171936,-0.3762299039899772
COHFACE_s31_session3_natural,1,289,19.633333333333333,-0.4789206385612488,-0.5122903104407308
COHFACE_s31_session3_natural,1,290,19.666666666666668,-0.5545538067817688,-0.6052967488867245
COHFACE_s31_session3_natural,1,291,19.7,-0.6171499490737915,-0.655668632172834
COHFACE_s31_session3_natural,1,292,19.733333333333334,-0.6798380017280579,-0.6664971692700694
COHFACE_s31_session3_natural,1,293,19.766666666666666,-0.7426026463508606,-0.6423889083589991
COHFACE_s31_session3_natural,1,294,19.8,-0.8216214179992676,-0.5891226952468398
COHFACE_s31_session3_natural,1,295,19.833333333333332,-0.9140296578407288,-0.5131927243474455
COHFACE_s31_session3_natural,1,296,19.866666666666667,-0.9990997314453125,-0.4210272568004775
COHFACE_s31_session3_natural,1,297,19.9,-1.0802786350250244,-0.31847632314663504
COHFACE_s31_session3_natural,1,298,19.933333333333334,-1.15473210811615,-0.21070674805502052
COHFACE_s31_session3_natural,1,299,19.966666666666665,-1.207692265510559,-0.10216055749595085
COHFACE_s31_session3_natural,2,0,20.0,-1.2427895069122314,-0.04756921840223856
COHFACE_s31_session3_natural,2,1,20.033333333333335,-1.2658302783966064,-0.2510743151375966
COHFACE_s31_session3_natural,2,2,20.066666666666666,-1.2763855457305908,-0.4412513445622909
COHFACE_s31_session3_natural,2,3,20.1,-1.281211256980896,-0.6057014396877817
COHFACE_s31_session3_natural,2,4,20.133333333333333,-1.2901426553726196,-0.7310161070006936
COHFACE_s31_session3_natural,2,5,20.166666666666668,-1.3193879127502441,-0.804662727836872
COHFACE_s31_session3_natural,2,6,20.2,-1.3761625289916992,-0.8177253123896494
COHFACE_s31_session3_natural,2,7,20.233333333333334,-1.3996169567108154,-0.7672842049870799
COHFACE_s31_session3_natural,2,8,20.266666666666666,-1.2138659954071045,-0.6575942777047212
COHFACE_s31_session3_natural,2,9,20.3,-0.42072123289108276,-0.49975676406918534
COHFACE_s31_session3_natural,2,10,20.333333333333332,0.6969092488288879,-0.3101014700910517
COHFACE_s31_session3_natural,2,11,20.366666666666667,1.3129740953445435,-0.1079564798841857
COHFACE_s31_session3_natural,2,12,20.4,1.306830883026123,0.0870688275312414
COHFACE_s31_session3_natural,2,13,20.433333333333334,1.0717353820800781,0.2586518133350088
COHFACE_s31_session3_natural,2,14,20.466666666666665,0.8682137131690979,0.39715037818408433
COHFACE_s31_session3_natural,2,15,20.5,0.6888664364814758,0.5005772068275726
COHFACE_s31_session3_natural,2,16,20.533333333333335,0.47477418184280396,0.5727217288283512
COHFACE_s31_session3_natural,2,17,20.566666666666666,0.396291583776474,0.6199020783788833
COHFACE_s31_session3_natural,2,18,20.6,0.5200591087341309,0.647684117052872
COHFACE_s31_session3_natural,2,19,20.633333333333333,0.6408546566963196,0.658486199797521
COHFACE_s31_session3_natural,2,20,20.666666666666668,0.6033827662467957,0.6502994296373198
COHFACE_s31_session3_natural,2,21,20.7,0.430990606546402,0.6161146148192311
COHFACE_s31_session3_natural,2,22,20.733333333333334,0.2165919542312622,0.5447420257797823
COHFACE_s31_session3_natural,2,23,20.766666666666666,0.02420765720307827,0.42461028165714815
COHFACE_s31_session3_natural,2,24,20.8,-0.11307182163000107,0.24955629192575413
COHFACE_s31_session3_natural,2,25,20.833333333333332,-0.19599714875221252,0.023178995589826702
COHFACE_s31_session3_natural,2,26,20.866666666666667,-0.25137773156166077,-0.2397127190564278
COHFACE_s31_session3_natural,2,27,20.9,-0.2930012345314026,-0.5138116750652312
COHFACE_s31_session3_natural,2,28,20.933333333333334,-0.3240694999694824,-0.7661866443685919
COHFACE_s31_session3_natural,2,29,20.966666666666665,-0.3612196743488312,-0.9620506764715424
COHFACE_s31_session3_natural,2,30,21.0,-0.4217323362827301,-1.0725367402790844
COHFACE_s31_session3_natural,2,31,21.033333333333335,-0.49972474575042725,-1.0819933867757716
COHFACE_s31_session3_natural,2,32,21.066666666666666,-0.5837070941925049,-0.9917545452928632
COHFACE_s31_session3_natural,2,33,21.1,-0.6655907034873962,-0.8174329414165934
COHFACE_s31_session3_natural,2,34,21.133333333333333,-0.7291366457939148,-0.5814893472514442
COHFACE_s31_session3_natural,2,35,21.166666666666668,-0.7749271392822266,-0.30709604610134505
COHFACE_s31_session3_natural,2,36,21.2,-0.8020429015159607,-0.015825827249966642
COHFACE_s31_session3_natural,2,37,21.233333333333334,-0.8163208365440369,0.27232436034331414
COHFACE_s31_session3_natural,2,38,21.266666666666666,-0.8409395217895508,0.5380554783047233
COHFACE_s31_session3_natural,2,39,21.3,-0.8712111711502075,0.7620387677157086
COHFACE_s31_session3_natural,2,40,21.333333333333332,-0.8993227481842041,0.925158895601477
COHFACE_s31_session3_natural,2,41,21.366666666666667,-0.844631552696228,1.0101592716109762
COHFACE_s31_session3_natural,2,42,21.4,-0.3541266918182373,1.0046197628158606
COHFACE_s31_session3_natural,2,43,21.433333333333334,0.7150018215179443,0.9046538757753106
COHFACE_s31_session3_natural,2,44,21.466666666666665,1.6461460590362549,0.7179078972605081
COHFACE_s31_session3_natural,2,45,21.5,1.978245735168457,0.4639242169877896
COHFACE_s31_session3_natural,2,46,21.533333333333335,1.944542407989502,0.171625887538916
COHFACE_s31_session3_natural,2,47,21.566666666666666,1.8522567749023438,-0.12457749959261377
COHFACE_s31_session3_natural,2,48,21.6,1.7917901277542114,-0.3889395752069764
COHFACE_s31_session3_natural,2,49,21.633333333333333,1.6397731304168701,-0.5882384646506771
COHFACE_s31_session3_natural,2,50,21.666666666666668,1.3587186336517334,-0.6955907842236441
COHFACE_s31_session3_natural,2,51,21.7,1.1906006336212158,-0.6949990317877643
COHFACE_s31_session3_natural,2,52,21.733333333333334,1.2207038402557373,-0.5858301867891909
COHFACE_s31_session3_natural,2,53,21.766666666666666,1.25391685962677,-0.3848923554775327
COHFACE_s31_session3_natural,2,54,21.8,1.140505313873291,-0.12453767485235137
COHFACE_s31_session3_natural,2,55,21.833333333333332,0.9279297590255737,0.15360798137240975
COHFACE_s31_session3_natural,2,56,21.866666666666667,0.7098390460014343,0.4074291336741347
COHFACE_s31_session3_natural,2,57,21.9,0.5071905851364136,0.6018205395948142
COHFACE_s31_session3_natural,2,58,21.933333333333334,0.3272918164730072,0.7128874197924207
COHFACE_s31_session3_natural,2,59,21.966666666666665,0.19793260097503662,0.7289314637195928
COHFACE_s31_session3_natural,2,60,22.0,0.12816686928272247,0.6495070952200073
COHFACE_s31_session3_natural,2,61,22.033333333333335,0.0839543342590332,0.48458136613841823
COHFACE_s31_session3_natural,2,62,22.066666666666666,0.01656314544379711,0.25383694339582763
COHFACE_s31_session3_natural,2,63,22.1,-0.060264952480793,-0.015799187132681847
COHFACE_s31_session3_natural,2,64,22.133333333333333,-0.12338194996118546,-0.2947118800136743
COHFACE_s31_session3_natural,2,65,22.166666666666668,-0.21591269969940186,-0.5557261887521757
COHFACE_s31_session3_natural,2,66,22.2,-0.3384087085723877,-0.7779417946272434
COHFACE_s31_session3_natural,2,67,22.233333333333334,-0.44814345240592957,-0.9474351403929183
COHFACE_s31_session3_natural,2,68,22.266666666666666,-0.5200079679489136,-1.0551550429357992
COHFACE_s31_session3_natural,2,69,22.3,-0.5649864673614502,-1.0943840827869389
COHFACE_s31_session3_natural,2,70,22.333333333333332,-0.6444036364555359,-1.0599285269676892
COHFACE_s31_session3_natural,2,71,22.366666666666667,-0.7278957366943359,-0.9504199867076941
COHFACE_s31_session3_natural,2,72,22.4,-0.7841188907623291,-0.7721411390515721
COHFACE_s31_session3_natural,2,73,22.433333333333334,-0.7995305061340332,-0.5402282878235686
COHFACE_s31_session3_natural,2,74,22.466666666666665,-0.7974010705947876,-0.2759060010360084
COHFACE_s31_session3_natural,2,75,22.5,-0.8213456869125366,-0.0015871264856479033
COHFACE_s31_session3_natural,2,76,22.533333333333335,-0.8447388410568237,0.2634931249036399
COHFACE_s31_session3_natural,2,77,22.566666666666666,-0.8668144345283508,0.5042551339730269
COHFACE_s31_session3_natural,2,78,22.6,-0.9009926319122314,0.707761253634045
COHFACE_s31_session3_natural,2,79,22.633333333333333,-0.9672961235046387,0.8616948442518074
COHFACE_s31_session3_natural,2,80,22.666666666666668,-0.9710953831672668,0.9552054160037559
COHFACE_s31_session3_natural,2,81,22.7,-0.5531750321388245,0.9818553805742436
COHFACE_s31_session3_natural,2,82,22.733333333333334,0.5082170367240906,0.9430915873350821
COHFACE_s31_session3_natural,2,83,22.766666666666666,1.5007011890411377,0.8497289865010934
COHFACE_s31_session3_natural,2,84,22.8,1.822260856628418,0.7201482025179927
COHFACE_s31_session3_natural,2,85,22.833333333333332,1.671852469444275,0.5754708043251167
COHFACE_s31_session3_natural,2,86,22.866666666666667,1.4735853672027588,0.43377949825165696
COHFACE_s31_session3_natural,2,87,22.9,1.396956443786621,0.3068033735908416
COHFACE_s31_session3_natural,2,88,22.933333333333334,1.3006571531295776,0.2000548124477449
COHFACE_s31_session3_natural,2,89,22.966666666666665,1.1137418746948242,0.11480029754401525
COHFACE_s31_session3_natural,2,90,23.0,1.0048344135284424,0.050164421558352594
COHFACE_s31_session3_natural,2,91,23.033333333333335,1.0275688171386719,0.004036547337253702
COHFACE_s31_session3_natural,2,92,23.066666666666666,1.0565996170043945,-0.027182975238501356
COHFACE_s31_session3_natural,2,93,23.1,0.9782701730728149,-0.0486534425306626
COHFACE_s31_session3_natural,2,94,23.133333333333333,0.7960581183433533,-0.06629841552816891
COHFACE_s31_session3_natural,2,95,23.166666666666668,0.573279619216919,-0.08533953088780581
COHFACE_s31_session3_natural,2,96,23.2,0.35662898421287537,-0.10895467320859455
COHFACE_s31_session3_natural,2,97,23.233333333333334,0.1794111430644989,-0.13825896631740106
COHFACE_s31_session3_natural,2,98,23.266666666666666,0.06221573427319527,-0.17341091737193756
COHFACE_s31_session3_natural,2,99,23.3,0.0002170681837014854,-0.21431011948813722
COHFACE_s31_session3_natural,2,100,23.333333333333332,-0.03690246865153313,-0.2606030475379389
COHFACE_s31_session3_natural,2,101,23.366666666666667,-0.10358895361423492,-0.3120164296753155
COHFACE_s31_session3_natural,2,102,23.4,-0.18922585248947144,-0.36902272145851717
COHFACE_s31_session3_natural,2,103,23.433333333333334,-0.2912854254245758,-0.4328046899226966
COHFACE_s31_session3_natural,2,104,23.466666666666665,-0.4032568335533142,-0.5042066308152987
COHFACE_s31_session3_natural,2,105,23.5,-0.5125013589859009,-0.5821849980737063
COHFACE_s31_session3_natural,2,106,23.533333333333335,-0.603423535823822,-0.6624834654951928
COHFACE_s31_session3_natural,2,107,23.566666666666666,-0.6501331925392151,-0.7373112665353401
COHFACE_s31_session3_natural,2,108,23.6,-0.6769425868988037,-0.796056831190477
COHFACE_s31_session3_natural,2,109,23.633333333333333,-0.7272830009460449,-0.8263362227190724
COHFACE_s31_session3_natural,2,110,23.666666666666668,-0.7936171293258667,-0.8153322752894326
COHFACE_s31_session3_natural,2,111,23.7,-0.8185421824455261,-0.7520094736084126
COHFACE_s31_session3_natural,2,112,23.733333333333334,-0.7981976866722107,-0.630430256040696
COHFACE_s31_session3_natural,2,113,23.766666666666666,-0.7786804437637329,-0.4538575586933857
COHFACE_s31_session3_natural,2,114,23.8,-0.8254360556602478,-0.2367056387436851
COHFACE_s31_session3_natural,2,115,23.833333333333332,-0.925136387348175,0.00045301555375049443
COHFACE_s31_session3_natural,2,116,23.866666666666667,-0.9854958653450012,0.24038135486380086
COHFACE_s31_session3_natural,2,117,23.9,-0.6991407871246338,0.4740485101727277
COHFACE_s31_session3_natural,2,118,23.933333333333334,0.24455033242702484,0.6982941427818584
COHFACE_s31_session3_natural,2,119,23.966666666666665,1.3290750980377197,0.9108567583362238
COHFACE_s31_session3_natural,2,120,24.0,1.8320960998535156,1.106256860291501
COHFACE_s31_session3_natural,2,121,24.033333333333335,1.8078603744506836,1.2740545909933547
COHFACE_s31_session3_natural,2,122,24.066666666666666,1.6595354080200195,1.3995337358365576
COHFACE_s31_session3_natural,2,123,24.1,1.5782647132873535,1.4654851521944294
COHFACE_s31_session3_natural,2,124,24.133333333333333,1.473723292350769,1.4545081728247595
COHFACE_s31_session3_natural,2,125,24.166666666666668,1.2410635948181152,1.352110183756275
COHFACE_s31_session3_natural,2,126,24.2,1.0723482370376587,1.1503285127451999
COHFACE_s31_session3_natural,2,127,24.233333333333334,1.0889853239059448,0.8509872594492829
COHFACE_s31_session3_natural,2,128,24.266666666666666,1.1423283815383911,0.46803350651370895
COHFACE_s31_session3_natural,2,129,24.3,1.0854464769363403,0.028745845537208832
COHFACE_s31_session3_natural,2,130,24.333333333333332,0.895452082157135,-0.42741597452424984
COHFACE_s31_session3_natural,2,131,24.366666666666667,0.64568030834198,-0.8542473364006609
COHFACE_s31_session3_natural,2,132,24.4,0.4103550314903259,-1.2071234233573673
COHFACE_s31_session3_natural,2,133,24.433333333333334,0.2220304310321808,-1.4497081318935012
COHFACE_s31_session3_natural,2,134,24.466666666666665,0.09924335777759552,-1.558000076113169
COHFACE_s31_session3_natural,2,135,24.5,0.008213930763304234,-1.524160766101205
COHFACE_s31_session3_natural,2,136,24.533333333333335,-0.0808086171746254,-1.3593503938605782
COHFACE_s31_session3_natural,2,137,24.566666666666666,-0.16618508100509644,-1.0916539829877996
COHFACE_s31_session3_natural,2,138,24.6,-0.2515462338924408,-0.7591588781781584
COHFACE_s31_session3_natural,2,139,24.633333333333333,-0.34099772572517395,-0.40230243113474873
COHFACE_s31_session3_natural,2,140,24.666666666666668,-0.446550190448761,-0.05825371947525051
COHFACE_s31_session3_natural,2,141,24.7,-0.5600228905677795,0.2418162191475522
COHFACE_s31_session3_natural,2,142,24.733333333333334,-0.6733731031417847,0.4733788167298044
COHFACE_s31_session3_natural,2,143,24.766666666666666,-0.768661379814148,0.6191992470433144
COHFACE_s31_session3_natural,2,144,24.8,-0.8519083857536316,0.6709749648609713
COHFACE_s31_session3_natural,2,145,24.833333333333332,-0.9187021255493164,0.63149972139807
COHFACE_s31_session3_natural,2,146,24.866666666666667,-0.9739142060279846,0.5160414099964393
COHFACE_s31_session3_natural,2,147,24.9,-1.010099172592163,0.35110012386062744
COHFACE_s31_session3_natural,2,148,24.933333333333334,-1.0385172367095947,0.16999803894844986
COHFACE_s31_session3_natural,2,149,24.966666666666665,-1.066429615020752,0.006265792207538628
COHFACE_s31_session3_natural,2,150,25.0,-1.098708152770996,-0.1131947941524957
COHFACE_s31_session3_natural,2,151,25.033333333333335,-1.1577041149139404,-0.17252091266345523
COHFACE_s31_session3_natural,2,152,25.066666666666666,-1.2308402061462402,-0.16777015662693281
COHFACE_s31_session3_natural,2,153,25.1,-1.2502808570861816,-0.10488380699547055
COHFACE_s31_session3_natural,2,154,25.133333333333333,-1.0310105085372925,0.003301468425913081
COHFACE_s31_session3_natural,2,155,25.166666666666668,-0.234602689743042,0.1382109611073657
COHFACE_s31_session3_natural,2,156,25.2,0.8791825771331787,0.27566731598129257
COHFACE_s31_session3_natural,2,157,25.233333333333334,1.5891722440719604,0.38908671183778437
COHFACE_s31_session3_natural,2,158,25.266666666666666,1.7084357738494873,0.4555086414041958
COHFACE_s31_session3_natural,2,159,25.3,1.5814818143844604,0.4598564974745608
COHFACE_s31_session3_natural,2,160,25.333333333333332,1.4808928966522217,0.3963889848568082
COHFACE_s31_session3_natural,2,161,25.366666666666667,1.4053363800048828,0.2700100905902262
COHFACE_s31_session3_natural,2,162,25.4,1.2227259874343872,0.09743902034119598
COHFACE_s31_session3_natural,2,163,25.433333333333334,1.0828114748001099,-0.0944908420091881
COHFACE_s31_session3_natural,2,164,25.466666666666665,1.1950280666351318,-0.2740025429261911
COHFACE_s31_session3_natural,2,165,25.5,1.4386872053146362,-0.4112088991737776
COHFACE_s31_session3_natural,2,166,25.533333333333335,1.5074878931045532,-0.48452635456636367
COHFACE_s31_session3_natural,2,167,25.566666666666666,1.2465786933898926,-0.484672947757575
COHFACE_s31_session3_natural,2,168,25.6,0.7935150265693665,-0.41536435775967256
COHFACE_s31_session3_natural,2,169,25.633333333333333,0.43417710065841675,-0.29103648866990006
COHFACE_s31_session3_natural,2,170,25.666666666666668,0.33988457918167114,-0.13270793487508922
COHFACE_s31_session3_natural,2,171,25.7,0.44891461730003357,0.03636969697076441
COHFACE_s31_session3_natural,2,172,25.733333333333334,0.508293628692627,0.1942730793964462
COHFACE_s31_session3_natural,2,173,25.766666666666666,0.29770955443382263,0.32294828718744995
COHFACE_s31_session3_natural,2,174,25.8,-0.07887834310531616,0.40983025255333466
COHFACE_s31_session3_natural,2,175,25.833333333333332,-0.3423765003681183,0.4488255654021642
COHFACE_s31_session3_natural,2,176,25.866666666666667,-0.3629661202430725,0.44052916168208156
COHFACE_s31_session3_natural,2,177,25.9,-0.20269183814525604,0.39113850902909886
COHFACE_s31_session3_natural,2,178,25.933333333333334,-0.1431596428155899,0.3103436929413724
COHFACE_s31_session3_natural,2,179,25.966666666666665,-0.3773666024208069,0.2092538177763183
COHFACE_s31_session3_natural,2,180,26.0,-0.7602202296257019,0.0987369298863668
COHFACE_s31_session3_natural,2,181,26.033333333333335,-1.0325732231140137,-0.012156210600350562
COHFACE_s31_session3_natural,2,182,26.066666666666666,-1.0564565658569336,-0.11758094046116947
COHFACE_s31_session3_natural,2,183,26.1,-0.8852746486663818,-0.21552402332063111
COHFACE_s31_session3_natural,2,184,26.133333333333333,-0.7642340064048767,-0.30732403481314163
COHFACE_s31_session3_natural,2,185,26.166666666666668,-0.8618661761283875,-0.3960664973688746
COHFACE_s31_session3_natural,2,186,26.2,-1.1185624599456787,-0.4841694290533532
COHFACE_s31_session3_natural,2,187,26.233333333333334,-1.3537957668304443,-0.5707921076078265
COHFACE_s31_session3_natural,2,188,26.266666666666666,-1.4187052249908447,-0.6500523500407217
COHFACE_s31_session3_natural,2,189,26.3,-1.3434396982192993,-0.7112008839159735
COHFACE_s31_session3_natural,2,190,26.333333333333332,-1.2334445714950562,-0.7409938634532303
COHFACE_s31_session3_natural,2,191,26.366666666666667,-1.1719361543655396,-0.7275140278305363
COHFACE_s31_session3_natural,2,192,26.4,-1.10629141330719,-0.6643228479973289
COHFACE_s31_session3_natural,2,193,26.433333333333334,-0.7638356685638428,-0.5536359288952584
COHFACE_s31_session3_natural,2,194,26.466666666666665,-0.029794147238135338,-0.406471891870871
COHFACE_s31_session3_natural,2,195,26.5,0.5994762182235718,-0.23750415861446933
COHFACE_s31_session3_natural,2,196,26.533333333333335,0.7460854053497314,-0.05740135770761579
COHFACE_s31_session3_natural,2,197,26.566666666666666,0.5928734540939331,0.13015935655353944
COHFACE_s31_session3_natural,2,198,26.6,0.4145372807979584,0.32519890494383313
COHFACE_s31_session3_natural,2,199,26.633333333333333,0.28672537207603455,0.5262160576209292
COHFACE_s31_session3_natural,2,200,26.666666666666668,0.09905951470136642,0.7264571285379537
COHFACE_s31_session3_natural,2,201,26.7,-0.0688592791557312,0.9132990781150157
COHFACE_s31_session3_natural,2,202,26.733333333333334,-0.06930354982614517,1.0701729788563497
COHFACE_s31_session3_natural,2,203,26.766666666666666,0.01743636652827263,1.1784955265490238
COHFACE_s31_session3_natural,2,204,26.8,0.046819474548101425,1.2193713377226385
COHFACE_s31_session3_natural,2,205,26.833333333333332,-0.03291935846209526,1.1771175869716342
COHFACE_s31_session3_natural,2,206,26.866666666666667,-0.19434262812137604,1.0445547295202575
COHFACE_s31_session3_natural,2,207,26.9,-0.3850570619106293,0.8277452483263329
COHFACE_s31_session3_natural,2,208,26.933333333333334,-0.5613097548484802,0.5476305307391756
COHFACE_s31_session3_natural,2,209,26.966666666666665,-0.7072142362594604,0.236384753766833
COHFACE_s31_session3_natural,2,210,27.0,-0.8119240999221802,-0.07040370592360444
COHFACE_s31_session3_natural,2,211,27.033333333333335,-0.8696638941764832,-0.34151738950725025
COHFACE_s31_session3_natural,2,212,27.066666666666666,-0.9009619951248169,-0.5551063537312534
COHFACE_s31_session3_natural,2,213,27.1,-0.9092652201652527,-0.700127862422539
COHFACE_s31_session3_natural,2,214,27.133333333333333,-0.9388474822044373,-0.7750768335262967
COHFACE_s31_session3_natural,2,215,27.166666666666668,-0.9937684535980225,-0.7861335616212176
COHFACE_s31_session3_natural,2,216,27.2,-1.0567935705184937,-0.7453507228730907
COHFACE_s31_session3_natural,2,217,27.233333333333334,-1.135613203048706,-0.6678933253563321
COHFACE_s31_session3_natural,2,218,27.266666666666666,-1.20412278175354,-0.5689976818751058
COHFACE_s31_session3_natural,2,219,27.3,-1.2442142963409424,-0.4628790431191763
COHFACE_s31_session3_natural,2,220,27.333333333333332,-1.2766460180282593,-0.3631827886454899
COHFACE_s31_session3_natural,2,221,27.366666666666667,-1.3313984870910645,-0.2821114165223822
COHFACE_s31_session3_natural,2,222,27.4,-1.3936729431152344,-0.2277733174661771
COHFACE_s31_session3_natural,2,223,27.433333333333334,-1.4097431898117065,-0.2018935614491222
COHFACE_s31_session3_natural,2,224,27.466666666666665,-1.302505612373352,-0.19913742863135084
COHFACE_s31_session3_natural,2,225,27.5,-0.7788336277008057,-0.20810562315945172
COHFACE_s31_session3_natural,2,226,27.533333333333335,0.1412498652935028,-0.2138857253901833
COHFACE_s31_session3_natural,2,227,27.566666666666666,0.7965943217277527,-0.2018629965419147
COHFACE_s31_session3_natural,2,228,27.6,0.8771144151687622,-0.1617779438450648
COHFACE_s31_session3_natural,2,229,27.633333333333333,0.6688129901885986,-0.09045155799970997
COHFACE_s31_session3_natural,2,230,27.666666666666668,0.43831339478492737,0.007804960340993592
COHFACE_s31_session3_natural,2,231,27.7,0.1962321251630783,0.12328867266344402
COHFACE_s31_session3_natural,2,232,27.733333333333334,-0.017017550766468048,0.24433476314536548
COHFACE_s31_session3_natural,2,233,27.766666666666666,-0.04638534039258957,0.35981198040221557
COHFACE_s31_session3_natural,2,234,27.8,0.08753913640975952,0.46004794612425687
COHFACE_s31_session3_natural,2,235,27.833333333333332,0.21839967370033264,0.5372663069360588
COHFACE_s31_session3_natural,2,236,27.866666666666667,0.21139858663082123,0.5860376285900629
COHFACE_s31_session3_natural,2,237,27.9,0.07637110352516174,0.603485762017644
COHFACE_s31_session3_natural,2,238,27.933333333333334,-0.11892393231391907,0.5891236549582121
COHFACE_s31_session3_natural,2,239,27.966666666666665,-0.295911967754364,0.5443639162259043
COHFACE_s31_session3_natural,2,240,28.0,-0.42632824182510376,0.47192077154227674
COHFACE_s31_session3_natural,2,241,28.033333333333335,-0.5222599506378174,0.3754473690729967
COHFACE_s31_session3_natural,2,242,28.066666666666666,-0.5998080968856812,0.25955727205386164
COHFACE_s31_session3_natural,2,243,28.1,-0.6361769437789917,0.13015096942931526
COHFACE_s31_session3_natural,2,244,28.133333333333333,-0.6629863381385803,-0.0051700341972162195
COHFACE_s31_session3_natural,2,245,28.166666666666668,-0.692354142665863,-0.13690885629786947
COHFACE_s31_session3_natural,2,246,28.2,-0.7271297574043274,-0.25434246050358156
COHFACE_s31_session3_natural,2,247,28.233333333333334,-0.7852066159248352,-0.3478390166291496
COHFACE_s31_session3_natural,2,248,28.266666666666666,-0.842532753944397,-0.4120116780255435
COHFACE_s31_session3_natural,2,249,28.3,-0.8945583701133728,-0.4474559009317285
COHFACE_s31_session3_natural,2,250,28.333333333333332,-0.9569246768951416,-0.46018673351984773
COHFACE_s31_session3_natural,2,251,28.366666666666667,-1.0206085443496704,-0.4594657299787117
COHFACE_s31_session3_natural,2,252,28.4,-1.080370545387268,-0.45469761430116173
COHFACE_s31_session3_natural,2,253,28.433333333333334,-1.1421700716018677,-0.45195105587833573
COHFACE_s31_session3_natural,2,254,28.466666666666665,-1.1563713550567627,-0.4513460327649287
COHFACE_s31_session3_natural,2,255,28.5,-0.9153317809104919,-0.44700332986498764
COHFACE_s31_session3_natural,2,256,28.533333333333335,-0.10248593986034393,-0.4296586352094016
COHFACE_s31_session3_natural,2,257,28.566666666666666,0.9043834209442139,-0.3904187045355514
COHFACE_s31_session3_natural,2,258,28.6,1.383306622505188,-0.32392638063060575
COHFACE_s31_session3_natural,2,259,28.633333333333333,1.303889513015747,-0.22937557860081725
COHFACE_s31_session3_natural,2,260,28.666666666666668,1.0531679391860962,-0.1096840776224541
COHFACE_s31_session3_natural,2,261,28.7,0.8414962291717529,0.029152575541351144
COHFACE_s31_session3_natural,2,262,28.733333333333334,0.6301462054252625,0.17813160870051328
COHFACE_s31_session3_natural,2,263,28.766666666666666,0.4186736047267914,0.3260699034032149
COHFACE_s31_session3_natural,2,264,28.8,0.36104103922843933,0.46148683781960975
COHFACE_s31_session3_natural,2,265,28.833333333333332,0.4557778239250183,0.5746731472383056
COHFACE_s31_session3_natural,2,266,28.866666666666667,0.534168541431427,0.6592044044312984
COHFACE_s31_session3_natural,2,267,28.9,0.4695501923561096,0.7124333115285345
COHFACE_s31_session3_natural,2,268,28.933333333333334,0.29544225335121155,0.7349932650671434
COHFACE_s31_session3_natural,2,269,28.966666666666665,0.08222321420907974,0.729812693945114
COHFACE_s31_session3_natural,2,270,29.0,-0.11265818774700165,0.7007996650355626
COHFACE_s31_session3_natural,2,271,29.033333333333335,-0.26461389660835266,0.6510170969515043
COHFACE_s31_session3_natural,2,272,29.066666666666666,-0.38531750440597534,0.5811026244788047
COHFACE_s31_session3_natural,2,273,29.1,-0.46856454014778137,0.4894653554899444
COHFACE_s31_session3_natural,2,274,29.133333333333333,-0.5181389451026917,0.3741780788829216
COHFACE_s31_session3_natural,2,275,29.166666666666668,-0.5517196655273438,0.23488656880826908
COHFACE_s31_session3_natural,2,276,29.2,-0.600191056728363,0.07396819173198244
COHFACE_s31_session3_natural,2,277,29.233333333333334,-0.6615003347396851,-0.10276225327968116
COHFACE_s31_session3_natural,2,278,29.266666666666666,-0.7343912720680237,-0.286072921345456
COHFACE_s31_session3_natural,2,279,29.3,-0.8031459450721741,-0.464854605447381
COHFACE_s31_session3_natural,2,280,29.333333333333332,-0.8695260286331177,-0.6285907788115165
COHFACE_s31_session3_natural,2,281,29.366666666666667,-0.8804642558097839,-0.7689075505758463
COHFACE_s31_session3_natural,2,282,29.4,-0.7952869534492493,-0.8793861513016117
COHFACE_s31_session3_natural,2,283,29.433333333333334,-0.6569504141807556,-0.9540538645791008
COHFACE_s31_session3_natural,2,284,29.466666666666665,-0.5494370460510254,-0.9856174873068023
COHFACE_s31_session3_natural,2,285,29.5,-0.5097438097000122,-0.9648884386849964
COHFACE_s31_session3_natural,2,286,29.533333333333335,-0.4381397068500519,-0.8824180198221103
COHFACE_s31_session3_natural,2,287,29.566666666666666,0.04973021149635315,-0.732632253786582
COHFACE_s31_session3_natural,2,288,29.6,0.92233806848526,-0.5190184755275482
COHFACE_s31_session3_natural,2,289,29.633333333333333,1.541374921798706,-0.25744525704318016
COHFACE_s31_session3_natural,2,290,29.666666666666668,1.648260235786438,0.02496040473071186
COHFACE_s31_session3_natural,2,291,29.7,1.5111186504364014,0.29693711432474246
COHFACE_s31_session3_natural,2,292,29.733333333333334,1.376474142074585,0.5325527302458517
COHFACE_s31_session3_natural,2,293,29.766666666666666,1.2242733240127563,0.714992258747603
COHFACE_s31_session3_natural,2,294,29.8,0.9580482244491577,0.833675546869106
COHFACE_s31_session3_natural,2,295,29.833333333333332,0.7656179666519165,0.8808882791120336
COHFACE_s31_session3_natural,2,296,29.866666666666667,0.8191754817962646,0.8517733045143232
COHFACE_s31_session3_natural,2,297,29.9,0.9424681067466736,0.7481035163348879
COHFACE_s31_session3_natural,2,298,29.933333333333334,0.9045519828796387,0.5828743129613725
COHFACE_s31_session3_natural,2,299,29.966666666666665,0.6936155557632446,0.38015929802957765
COHFACE_s31_session3_natural,3,0,30.0,0.4602205157279968,0.08850722020612536
COHFACE_s31_session3_natural,3,1,30.033333333333335,0.27794718742370605,0.27326503624526743
COHFACE_s31_session3_natural,3,2,30.066666666666666,0.14152561128139496,0.42881189104089096
COHFACE_s31_session3_natural,3,3,30.1,0.024345533922314644,0.5370323942375808
COHFACE_s31_session3_natural,3,4,30.133333333333333,-0.11972055584192276,0.5942953325548669
COHFACE_s31_session3_natural,3,5,30.166666666666668,-0.24816058576107025,0.6085750808652822
COHFACE_s31_session3_natural,3,6,30.2,-0.33031994104385376,0.5891263294498394
COHFACE_s31_session3_natural,3,7,30.233333333333334,-0.38262125849723816,0.5406372764903035
COHFACE_s31_session3_natural,3,8,30.266666666666666,-0.44956815242767334,0.4650101311193616
COHFACE_s31_session3_natural,3,9,30.3,-0.5229340195655823,0.3644003687069275
COHFACE_s31_session3_natural,3,10,30.333333333333332,-0.6138408780097961,0.2421317015645461
COHFACE_s31_session3_natural,3,11,30.366666666666667,-0.7234377264976501,0.10205408097287291
COHFACE_s31_session3_natural,3,12,30.4,-0.8155089020729065,-0.05232304393004867
COHFACE_s31_session3_natural,3,13,30.433333333333334,-0.8947881460189819,-0.21724178206504843
COHFACE_s31_session3_natural,3,14,30.466666666666665,-0.9514402747154236,-0.38676668937626085
COHFACE_s31_session3_natural,3,15,30.5,-1.001734733581543,-0.5514243207989848
COHFACE_s31_session3_natural,3,16,30.533333333333335,-1.062308669090271,-0.6983792709869585
COHFACE_s31_session3_natural,3,17,30.566666666666666,-1.118118166923523,-0.8129319597621076
COHFACE_s31_session3_natural,3,18,30.6,-1.1430126428604126,-0.8806863732071013
COHFACE_s31_session3_natural,3,19,30.633333333333333,-1.018831491470337,-0.8894519456280894
COHFACE_s31_session3_natural,3,20,30.666666666666668,-0.38036924600601196,-0.8308883424964582
COHFACE_s31_session3_natural,3,21,30.7,0.6179057955741882,-0.7027569546006041
COHFACE_s31_session3_natural,3,22,30.733333333333334,1.2300794124603271,-0.5111190732158081
COHFACE_s31_session3_natural,3,23,30.766666666666666,1.2585127353668213,-0.2704047815244146
COHFACE_s31_session3_natural,3,24,30.8,1.0553433895111084,-0.0010033232025056043
COHFACE_s31_session3_natural,3,25,30.833333333333332,0.8864900469779968,0.27414081439577676
COHFACE_s31_session3_natural,3,26,30.866666666666667,0.7588160037994385,0.5326567186565779
COHFACE_s31_session3_natural,3,27,30.9,0.5638120770454407,0.7548084963317978
COHFACE_s31_session3_natural,3,28,30.933333333333334,0.408486008644104,0.9246599572985925
COHFACE_s31_session3_natural,3,29,30.966666666666665,0.42392823100090027,1.0313325258172201
COHFACE_s31_session3_natural,3,30,31.0,0.5052603483200073,1.0702650342508282
COHFACE_s31_session3_natural,3,31,31.033333333333335,0.4874895215034485,1.0432841243129631
COHFACE_s31_session3_natural,3,32,31.066666666666666,0.3582068979740143,0.9575858317548811
COHFACE_s31_session3_natural,3,33,31.1,0.16084371507167816,0.8249877423434983
COHFACE_s31_session3_natural,3,34,31.133333333333333,-0.04609426483511925,0.6610009652068475
COHFACE_s31_session3_natural,3,35,31.166666666666668,-0.22456830739974976,0.48164378409715547
COHFACE_s31_session3_natural,3,36,31.2,-0.34576213359832764,0.29903661790272057
COHFACE_s31_session3_natural,3,37,31.233333333333334,-0.41863778233528137,0.1197443913818225
COHFACE_s31_session3_natural,3,38,31.266666666666666,-0.46980544924736023,-0.05340221352991308
COHFACE_s31_session3_natural,3,39,31.3,-0.5195789933204651,-0.218678009849329
COHFACE_s31_session3_natural,3,40,31.333333333333332,-0.5625966191291809,-0.373878360045221
COHFACE_s31_session3_natural,3,41,31.366666666666667,-0.6306005716323853,-0.5163358859952841
COHFACE_s31_session3_natural,3,42,31.4,-0.7010250687599182,-0.6438412747871588
COHFACE_s31_session3_natural,3,43,31.433333333333334,-0.777102530002594,-0.7547482943174163
COHFACE_s31_session3_natural,3,44,31.466666666666665,-0.8391777873039246,-0.8469525735601062
COHFACE_s31_session3_natural,3,45,31.5,-0.8893649578094482,-0.9169406072967011
COHFACE_s31_session3_natural,3,46,31.533333333333335,-0.9322753548622131,-0.9595411825097284
COHFACE_s31_session3_natural,3,47,31.566666666666666,-0.9763193726539612,-0.9682889508532526
COHFACE_s31_session3_natural,3,48,31.6,-1.0207157135009766,-0.9364208466799376
COHFACE_s31_session3_natural,3,49,31.633333333333333,-1.0802632570266724,-0.8586166646689869
COHFACE_s31_session3_natural,3,50,31.666666666666668,-1.1025381088256836,-0.7334872251014747
COHFACE_s31_session3_natural,3,51,31.7,-0.8787025213241577,-0.5666153223041125
COHFACE_s31_session3_natural,3,52,31.733333333333334,-0.03668799251317978,-0.3720036123680945
COHFACE_s31_session3_natural,3,53,31.766666666666666,1.0665574073791504,-0.1683860622386702
COHFACE_s31_session3_natural,3,54,31.8,1.6662302017211914,0.027887125717947693
COHFACE_s31_session3_natural,3,55,31.833333333333332,1.686406135559082,0.2068117547457148
COHFACE_s31_session3_natural,3,56,31.866666666666667,1.5037192106246948,0.3636144876048316
COHFACE_s31_session3_natural,3,57,31.9,1.371770977973938,0.49573450330032764
COHFACE_s31_session3_natural,3,58,31.933333333333334,1.258374810218811,0.600608760940472
COHFACE_s31_session3_natural,3,59,31.966666666666665,1.0416169166564941,0.6757641751375703
COHFACE_s31_session3_natural,3,60,32.0,0.8641999959945679,0.720626920549115
COHFACE_s31_session3_natural,3,61,32.03333333333333,0.8696537613868713,0.7375603345751377
COHFACE_s31_session3_natural,3,62,32.06666666666667,0.9460988640785217,0.7312815772090535
COHFACE_s31_session3_natural,3,63,32.1,0.9250496625900269,0.7076701768220756
COHFACE_s31_session3_natural,3,64,32.13333333333333,0.7677933573722839,0.6725697448485145
COHFACE_s31_session3_natural,3,65,32.166666666666664,0.5381975769996643,0.6306279563864782
COHFACE_s31_session3_natural,3,66,32.2,0.3170582950115204,0.5843293364306593
COHFACE_s31_session3_natural,3,67,32.233333333333334,0.14763815701007843,0.5334896247120833
COHFACE_s31_session3_natural,3,68,32.266666666666666,0.02710307203233242,0.4752803814787743
COHFACE_s31_session3_natural,3,69,32.3,-0.051854457706213,0.4046556457900975
COHFACE_s31_session3_natural,3,70,32.333333333333336,-0.12399473786354065,0.3152147553447055
COHFACE_s31_session3_natural,3,71,32.36666666666667,-0.17465685307979584,0.2006693955935458
COHFACE_s31_session3_natural,3,72,32.4,-0.23302476108074188,0.05703747504507646
COHFACE_s31_session3_natural,3,73,32.43333333333333,-0.31192103028297424,-0.11447062831072319
COHFACE_s31_session3_natural,3,74,32.46666666666667,-0.4029657542705536,-0.304992441657838
COHFACE_s31_session3_natural,3,75,32.5,-0.5074458718299866,-0.49796221858974665
COHFACE_s31_session3_natural,3,76,32.53333333333333,-0.6017383337020874,-0.6717772762130179
COHFACE_s31_session3_natural,3,77,32.56666666666667,-0.6685014367103577,-0.803728280383513
COHFACE_s31_session3_natural,3,78,32.6,-0.7104926109313965,-0.8741939135501576
COHFACE_s31_session3_natural,3,79,32.63333333333333,-0.7348508834838867,-0.8706985195822992
COHFACE_s31_session3_natural,3,80,32.666666666666664,-0.7717099785804749,-0.7908899471815041
COHFACE_s31_session3_natural,3,81,32.7,-0.8353171944618225,-0.6430690855037168
COHFACE_s31_session3_natural,3,82,32.733333333333334,-0.8856422901153564,-0.44436990245132657
COHFACE_s31_session3_natural,3,83,32.766666666666666,-0.7959610223770142,-0.21809638673879225
COHFACE_s31_session3_natural,3,84,32.8,-0.18306735157966614,0.009306773518738086
COHFACE_s31_session3_natural,3,85,32.833333333333336,0.9638543725013733,0.21223697045207954
COHFACE_s31_session3_natural,3,86,32.86666666666667,1.872494101524353,0.37006677326892096
COHFACE_s31_session3_natural,3,87,32.9,2.133587121963501,0.469317561118605
COHFACE_s31_session3_natural,3,88,32.93333333333333,2.0434155464172363,0.5038022783439207
COHFACE_s31_session3_natural,3,89,32.96666666666667,1.933619499206543,0.47463564454872453
COHFACE_s31_session3_natural,3,90,33.0,1.860360860824585,0.3904758726115486
COHFACE_s31_session3_natural,3,91,33.03333333333333,1.666582465171814,0.26671278857205455
COHFACE_s31_session3_natural,3,92,33.06666666666667,1.3665622472763062,0.12329419223388575
COHFACE_s31_session3_natural,3,93,33.1,1.1973565816879272,-0.018005774102528092
COHFACE_s31_session3_natural,3,94,33.13333333333333,1.2105774879455566,-0.13679566397642268
COHFACE_s31_session3_natural,3,95,33.166666666666664,1.2209182977676392,-0.2182990704003971
COHFACE_s31_session3_natural,3,96,33.2,1.097395896911621,-0.2571097105043902
COHFACE_s31_session3_natural,3,97,33.233333333333334,0.8800711631774902,-0.2572180867180634
COHFACE_s31_session3_natural,3,98,33.266666666666666,0.6267452239990234,-0.22819496337945758
COHFACE_s31_session3_natural,3,99,33.3,0.4032313823699951,-0.1805990527372677
COHFACE_s31_session3_natural,3,100,33.333333333333336,0.2412259727716446,-0.12285165116093108
COHFACE_s31_session3_natural,3,101,33.36666666666667,0.11954190582036972,-0.06048780183100813
COHFACE_s31_session3_natural,3,102,33.4,0.0266894418746233,0.002703159686459445
COHFACE_s31_session3_natural,3,103,33.43333333333333,-0.04997013881802559,0.06333817211309443
COHFACE_s31_session3_natural,3,104,33.46666666666667,-0.14021825790405273,0.11778153859219292
COHFACE_s31_session3_natural,3,105,33.5,-0.23215153813362122,0.16202199791416866
COHFACE_s31_session3_natural,3,106,33.53333333333333,-0.329507976770401,0.19212291569241902
COHFACE_s31_session3_natural,3,107,33.56666666666667,-0.43224161863327026,0.2054645218257807
COHFACE_s31_session3_natural,3,108,33.6,-0.5432478785514832,0.20208310023939577
COHFACE_s31_session3_natural,3,109,33.63333333333333,-0.6334500312805176,0.18466656530343742
COHFACE_s31_session3_natural,3,110,33.666666666666664,-0.7066014409065247,0.15705917147304577
COHFACE_s31_session3_natural,3,111,33.7,-0.7780523300170898,0.1224709663783149
COHFACE_s31_session3_natural,3,112,33.733333333333334,-0.833371639251709,0.08247797918150074
COHFACE_s31_session3_natural,3,113,33.766666666666666,-0.8833137154579163,0.03751999176109782
COHFACE_s31_session3_natural,3,114,33.8,-0.922593355178833,-0.01165645514244467
COHFACE_s31_session3_natural,3,115,33.833333333333336,-0.966346263885498,-0.06326553867120906
COHFACE_s31_session3_natural,3,116,33.86666666666667,-1.0097469091415405,-0.11477782743808035
COHFACE_s31_session3_natural,3,117,33.9,-1.0338599681854248,-0.16315936701896525
COHFACE_s31_session3_natural,3,118,33.93333333333333,-1.0651121139526367,-0.20460459510594975
COHFACE_s31_session3_natural,3,119,33.96666666666667,-1.0931165218353271,-0.23409034072346666
COHFACE_s31_session3_natural,3,120,34.0,-1.1074403524398804,-0.24543545414653356
COHFACE_s31_session3_natural,3,121,34.03333333333333,-1.1203088760375977,-0.23270848878314582
COHFACE_s31_session3_natural,3,122,34.06666666666667,-1.1729778051376343,-0.1923440847059522
COHFACE_s31_session3_natural,3,123,34.1,-1.2159035205841064,-0.12399241256494056
COHFACE_s31_session3_natural,3,124,34.13333333333333,-1.075958490371704,-0.03037396043792603
COHFACE_s31_session3_natural,3,125,34.166666666666664,-0.358691930770874,0.08147470063944902
COHFACE_s31_session3_natural,3,126,34.2,0.9071716070175171,0.19834510141682046
COHFACE_s31_session3_natural,3,127,34.233333333333334,1.8924862146377563,0.30215078296384235
COHFACE_s31_session3_natural,3,128,34.266666666666666,2.1776156425476074,0.3748416583833074
COHFACE_s31_session3_natural,3,129,34.3,2.098750114440918,0.40390793969697325
COHFACE_s31_session3_natural,3,130,34.333333333333336,2.0327069759368896,0.385793088890853
COHFACE_s31_session3_natural,3,131,34.36666666666667,2.0279273986816406,0.3255025259566024
COHFACE_s31_session3_natural,3,132,34.4,1.9218080043792725,0.23312307463521736
COHFACE_s31_session3_natural,3,133,34.43333333333333,1.6339669227600098,0.12018369352668101
COHFACE_s31_session3_natural,3,134,34.46666666666667,1.4029310941696167,-0.0025398767446953127
COHFACE_s31_session3_natural,3,135,34.5,1.3950262069702148,-0.12584834599815412
COHFACE_s31_session3_natural,3,136,34.53333333333333,1.4364352226257324,-0.24210853944139316
COHFACE_s31_session3_natural,3,137,34.56666666666667,1.3223804235458374,-0.34520180237297704
COHFACE_s31_session3_natural,3,138,34.6,1.060766577720642,-0.43067001194695514
COHFACE_s31_session3_natural,3,139,34.63333333333333,0.7406928539276123,-0.4956780728221842
COHFACE_s31_session3_natural,3,140,34.666666666666664,0.44758179783821106,-0.5383791641206468
COHFACE_s31_session3_natural,3,141,34.7,0.22206106781959534,-0.556384336461858
COHFACE_s31_session3_natural,3,142,34.733333333333334,0.07491573691368103,-0.545236818745508
COHFACE_s31_session3_natural,3,143,34.766666666666666,-0.03276615962386131,-0.4987770871530189
COHFACE_s31_session3_natural,3,144,34.8,-0.12240149825811386,-0.4114992444045432
COHFACE_s31_session3_natural,3,145,34.833333333333336,-0.20403996109962463,-0.2811670049039677
COHFACE_s31_session3_natural,3,146,34.86666666666667,-0.29571282863616943,-0.11062584232193615
COHFACE_s31_session3_natural,3,147,34.9,-0.39080193638801575,0.09136462214159716
COHFACE_s31_session3_natural,3,148,34.93333333333333,-0.4967067539691925,0.3103568046634786
COHFACE_s31_session3_natural,3,149,34.96666666666667,-0.6026269197463989,0.5275049532552353
COHFACE_s31_session3_natural,3,150,35.0,-0.7092057466506958,0.7216031146113734
COHFACE_s31_session3_natural,3,151,35.03333333333333,-0.8072056174278259,0.8712885205862698
COHFACE_s31_session3_natural,3,152,35.06666666666667,-0.8792233467102051,0.9574328028185177
COHFACE_s31_session3_natural,3,153,35.1,-0.9224094748497009,0.9662469968919835
COHFACE_s31_session3_natural,3,154,35.13333333333333,-0.9600652456283569,0.8924948341910175
COHFACE_s31_session3_natural,3,155,35.166666666666664,-0.9909343123435974,0.7411334928415121
COHFACE_s31_session3_natural,3,156,35.2,-1.0000802278518677,0.5268585231858152
COHFACE_s31_session3_natural,3,157,35.233333333333334,-1.0230289697647095,0.27227819213084536
COHFACE_s31_session3_natural,3,158,35.266666666666666,-1.0615886449813843,0.005040581065524877
COHFACE_s31_session3_natural,3,159,35.3,-1.0658015012741089,-0.2461918696405296
COHFACE_s31_session3_natural,3,160,35.333333333333336,-1.0322208404541016,-0.45622580299834625
COHFACE_s31_session3_natural,3,161,35.36666666666667,-0.9862158894538879,-0.6068296150332565
COHFACE_s31_session3_natural,3,162,35.4,-0.9293952584266663,-0.6886054455348424
COHFACE_s31_session3_natural,3,163,35.43333333333333,-0.8753934502601624,-0.7014796303846502
COHFACE_s31_session3_natural,3,164,35.46666666666667,-0.8838039636611938,-0.6538401310951033
COHFACE_s31_session3_natural,3,165,35.5,-0.912114679813385,-0.5601140067367908
COHFACE_s31_session3_natural,3,166,35.53333333333333,-0.698405385017395,-0.4374368705753256
COHFACE_s31_session3_natural,3,167,35.56666666666667,0.08629824221134186,-0.30282909700433647
COHFACE_s31_session3_natural,3,168,35.6,1.134622573852539,-0.17133769948567001
COHFACE_s31_session3_natural,3,169,35.63333333333333,1.7592511177062988,-0.05462566167113535
COHFACE_s31_session3_natural,3,170,35.666666666666664,1.8485647439956665,0.04001233003255229
COHFACE_s31_session3_natural,3,171,35.7,1.7603541612625122,0.10966782666220713
COHFACE_s31_session3_natural,3,172,35.733333333333334,1.8049190044403076,0.15491904898256675
COHFACE_s31_session3_natural,3,173,35.766666666666666,1.9193722009658813,0.17864473253188018
COHFACE_s31_session3_natural,3,174,35.8,1.791882038116455,0.18491644240056512
COHFACE_s31_session3_natural,3,175,35.833333333333336,1.403988242149353,0.17801095821551396
COHFACE_s31_session3_natural,3,176,35.86666666666667,1.1056684255599976,0.16152205247238158
COHFACE_s31_session3_natural,3,177,35.9,1.0401309728622437,0.13754446829894842
COHFACE_s31_session3_natural,3,178,35.93333333333333,1.1008274555206299,0.10618624598264939
COHFACE_s31_session3_natural,3,179,35.96666666666667,1.1097588539123535,0.06590292172076984
COHFACE_s31_session3_natural,3,180,36.0,0.9595648646354675,0.014711299419732789
COHFACE_s31_session3_natural,3,181,36.03333333333333,0.6843165159225464,-0.04813401269186149
COHFACE_s31_session3_natural,3,182,36.06666666666667,0.3775096833705902,-0.12048738043853416
COHFACE_s31_session3_natural,3,183,36.1,0.187821626663208,-0.19616641558570977
COHFACE_s31_session3_natural,3,184,36.13333333333333,0.10625975579023361,-0.2649147472734932
COHFACE_s31_session3_natural,3,185,36.166666666666664,0.0077543412335217,-0.31405747014259966
COHFACE_s31_session3_natural,3,186,36.2,-0.14533503353595734,-0.3314990162594258
COHFACE_s31_session3_natural,3,187,36.233333333333334,-0.3121354877948761,-0.3088183306912011
COHFACE_s31_session3_natural,3,188,36.266666666666666,-0.38104331493377686,-0.24335873413155656
COHFACE_s31_session3_natural,3,189,36.3,-0.3376733660697937,-0.1385666799531685
COHFACE_s31_session3_natural,3,190,36.333333333333336,-0.35118529200553894,-0.003035438960655567
COHFACE_s31_session3_natural,3,191,36.36666666666667,-0.5046423673629761,0.150256446620359
COHFACE_s31_session3_natural,3,192,36.4,-0.7121931314468384,0.30454527668566556
COHFACE_s31_session3_natural,3,193,36.43333333333333,-0.8578371405601501,0.4412350465627525
COHFACE_s31_session3_natural,3,194,36.46666666666667,-0.88155198097229,0.5430627838373048
COHFACE_s31_session3_natural,3,195,36.5,-0.8372015357017517,0.5966432323450757
COHFACE_s31_session3_natural,3,196,36.53333333333333,-0.8444477319717407,0.5936131576611925
COHFACE_s31_session3_natural,3,197,36.56666666666667,-0.9485601782798767,0.5307941261148549
COHFACE_s31_session3_natural,3,198,36.6,-1.0913087129592896,0.4101429983043344
COHFACE_s31_session3_natural,3,199,36.63333333333333,-1.2216178178787231,0.23935524339574354
COHFACE_s31_session3_natural,3,200,36.666666666666664,-1.319541096687317,0.03264990113046989
COHFACE_s31_session3_natural,3,201,36.7,-1.3763004541397095,-0.18994884397509798
COHFACE_s31_session3_natural,3,202,36.733333333333334,-1.4058979749679565,-0.40506027780542575
COHFACE_s31_session3_natural,3,203,36.766666666666666,-1.4181690216064453,-0.5887986868420487
COHFACE_s31_session3_natural,3,204,36.8,-1.3511148691177368,-0.7197428021410942
COHFACE_s31_session3_natural,3,205,36.833333333333336,-0.8690664172172546,-0.7827490946980936
COHFACE_s31_session3_natural,3,206,36.86666666666667,0.1439308077096939,-0.7723627826780182
COHFACE_s31_session3_natural,3,207,36.9,1.0147615671157837,-0.6928432100117796
COHFACE_s31_session3_natural,3,208,36.93333333333333,1.2429019212722778,-0.5548782558486828
COHFACE_s31_session3_natural,3,209,36.96666666666667,1.0581161975860596,-0.3721029279429841
COHFACE_s31_session3_natural,3,210,37.0,0.8164026141166687,-0.15912519299215772
COHFACE_s31_session3_natural,3,211,37.03333333333333,0.5936853885650635,0.06904049632953135
COHFACE_s31_session3_natural,3,212,37.06666666666667,0.329176127910614,0.2967238476746637
COHFACE_s31_session3_natural,3,213,37.1,0.17067892849445343,0.5074073715638707
COHFACE_s31_session3_natural,3,214,37.13333333333333,0.21922694146633148,0.6842275696008697
COHFACE_s31_session3_natural,3,215,37.166666666666664,0.3378930389881134,0.8113846444852308
COHFACE_s31_session3_natural,3,216,37.2,0.36196020245552063,0.8763240581091798
COHFACE_s31_session3_natural,3,217,37.233333333333334,0.24534696340560913,0.8721909572095286
COHFACE_s31_session3_natural,3,218,37.266666666666666,0.04328063502907753,0.7995732776734392
COHFACE_s31_session3_natural,3,219,37.3,-0.1770007610321045,0.6662739398901284
COHFACE_s31_session3_natural,3,220,37.333333333333336,-0.3606069087982178,0.4855288538476132
COHFACE_s31_session3_natural,3,221,37.36666666666667,-0.5004600882530212,0.27463477200621905
COHFACE_s31_session3_natural,3,222,37.4,-0.6068550944328308,0.054079485491199904
COHFACE_s31_session3_natural,3,223,37.43333333333333,-0.6688844561576843,-0.15457770229434725
COHFACE_s31_session3_natural,3,224,37.46666666666667,-0.7012854814529419,-0.33203503953359026
COHFACE_s31_session3_natural,3,225,37.5,-0.7239126563072205,-0.4638778165164272
COHFACE_s31_session3_natural,3,226,37.53333333333333,-0.7483015656471252,-0.5417186168237786
COHFACE_s31_session3_natural,3,227,37.56666666666667,-0.8037281036376953,-0.5633228262972156
COHFACE_s31_session3_natural,3,228,37.6,-0.8729576468467712,-0.5319908055040178
COHFACE_s31_session3_natural,3,229,37.63333333333333,-0.9473192691802979,-0.4551781622743075
COHFACE_s31_session3_natural,3,230,37.666666666666664,-1.0149096250534058,-0.34293164657307923
COHFACE_s31_session3_natural,3,231,37.7,-1.0545415878295898,-0.20719222609387586
COHFACE_s31_session3_natural,3,232,37.733333333333334,-1.077980637550354,-0.06191151603133588
COHFACE_s31_session3_natural,3,233,37.766666666666666,-1.1038862466812134,0.07713678662039115
COHFACE_s31_session3_natural,3,234,37.8,-1.1458160877227783,0.1934811116250076
COHFACE_s31_session3_natural,3,235,37.833333333333336,-1.1939964294433594,0.27195456267248824
COHFACE_s31_session3_natural,3,236,37.86666666666667,-1.214417576789856,0.30115719033603755
COHFACE_s31_session3_natural,3,237,37.9,-1.092181921005249,0.27565114931869206
COHFACE_s31_session3_natural,3,238,37.93333333333333,-0.4602612853050232,0.19718276372704246
COHFACE_s31_session3_natural,3,239,37.96666666666667,0.6376528143882751,0.07437690823307663
COHFACE_s31_session3_natural,3,240,38.0,1.4444321393966675,-0.07879953199900697
COHFACE_s31_session3_natural,3,241,38.03333333333333,1.5921136140823364,-0.2447422342520327
COHFACE_s31_session3_natural,3,242,38.06666666666667,1.3678184747695923,-0.40377141787911863
COHFACE_s31_session3_natural,3,243,38.1,1.1200076341629028,-0.5360222068211071
COHFACE_s31_session3_natural,3,244,38.13333333333333,0.9037399888038635,-0.6239576963007232
COHFACE_s31_session3_natural,3,245,38.166666666666664,0.6367796063423157,-0.655446122078254
COHFACE_s31_session3_natural,3,246,38.2,0.4749273955821991,-0.6263639942783656
COHFACE_s31_session3_natural,3,247,38.233333333333334,0.5266925096511841,-0.5409094187599904
COHFACE_s31_session3_natural,3,248,38.266666666666666,0.6260098814964294,-0.4096557389739231
COHFACE_s31_session3_natural,3,249,38.3,0.6148265600204468,-0.24720041205370885
COHFACE_s31_session3_natural,3,250,38.333333333333336,0.4645100235939026,-0.07014095167305939
COHFACE_s31_session3_natural,3,251,38.36666666666667,0.2188439518213272,0.10514110110543883
COHFACE_s31_session3_natural,3,252,38.4,-0.025152290239930153,0.26472409696293014
COHFACE_s31_session3_natural,3,253,38.43333333333333,-0.22230100631713867,0.3985239945779896
COHFACE_s31_session3_natural,3,254,38.46666666666667,-0.3656623959541321,0.5003816617187447
COHFACE_s31_session3_natural,3,255,38.5,-0.4647039771080017,0.5669903183500563
COHFACE_s31_session3_natural,3,256,38.53333333333333,-0.540812075138092,0.5965519314511503
COHFACE_s31_session3_natural,3,257,38.56666666666667,-0.6018149256706238,0.5885796308637269
COHFACE_s31_session3_natural,3,258,38.6,-0.6526302695274353,0.5450234967401845
COHFACE_s31_session3_natural,3,259,38.63333333333333,-0.7115343809127808,0.4716099016378604
COHFACE_s31_session3_natural,3,260,38.666666666666664,-0.7787570357322693,0.37822400898777403
COHFACE_s31_session3_natural,3,261,38.7,-0.8671668171882629,0.27741772024060884
COHFACE_s31_session3_natural,3,262,38.733333333333334,-0.9554386734962463,0.1814185743025127
COHFACE_s31_session3_natural,3,263,38.766666666666666,-1.0304131507873535,0.09925114625774273
COHFACE_s31_session3_natural,3,264,38.8,-1.0860234498977661,0.03510628710318938
COHFACE_s31_session3_natural,3,265,38.833333333333336,-1.1376200914382935,-0.011618924462791995
COHFACE_s31_session3_natural,3,266,38.86666666666667,-1.1907180547714233,-0.04464065416861841
COHFACE_s31_session3_natural,3,267,38.9,-1.2412729263305664,-0.06794812524735305
COHFACE_s31_session3_natural,3,268,38.93333333333333,-1.2850412130355835,-0.0829217290451717
COHFACE_s31_session3_natural,3,269,38.96666666666667,-1.2776265144348145,-0.08694407856552504
COHFACE_s31_session3_natural,3,270,39.0,-0.9350941777229309,-0.07457135210019396
COHFACE_s31_session3_natural,3,271,39.03333333333333,0.028757596388459206,-0.04158143689003765
COHFACE_s31_session3_natural,3,272,39.06666666666667,1.0355809926986694,0.010122833656180073
COHFACE_s31_session3_natural,3,273,39.1,1.4005872011184692,0.07065876792519636
COHFACE_s31_session3_natural,3,274,39.13333333333333,1.237662672996521,0.12439203840575387
COHFACE_s31_session3_natural,3,275,39.166666666666664,0.9666885137557983,0.1541765337226424
COHFACE_s31_session3_natural,3,276,39.2,0.766950786113739,0.14606003120908817
COHFACE_s31_session3_natural,3,277,39.233333333333334,0.5565352439880371,0.09373939163065527
COHFACE_s31_session3_natural,3,278,39.266666666666666,0.3181000351905823,0.0012641511386437703
COHFACE_s31_session3_natural,3,279,39.3,0.24081233143806458,-0.11802402123552962
COHFACE_s31_session3_natural,3,280,39.333333333333336,0.3071005046367645,-0.2457760243994748
COHFACE_s31_session3_natural,3,281,39.36666666666667,0.36969664692878723,-0.363178325436435
COHFACE_s31_session3_natural,3,282,39.4,0.2967444062232971,-0.4540522773362173
COHFACE_s31_session3_natural,3,283,39.43333333333333,0.09484661370515823,-0.5064137491037963
COHFACE_s31_session3_natural,3,284,39.46666666666667,-0.148046612739563,-0.5130783371331913
COHFACE_s31_session3_natural,3,285,39.5,-0.3557811975479126,-0.4723177970424262
COHFACE_s31_session3_natural,3,286,39.53333333333333,-0.5034627318382263,-0.3888101387541249
COHFACE_s31_session3_natural,3,287,39.56666666666667,-0.6182682514190674,-0.27425484787714016
COHFACE_s31_session3_natural,3,288,39.6,-0.6967508792877197,-0.1464731527691821
COHFACE_s31_session3_natural,3,289,39.63333333333333,-0.7538931965827942,-0.02561692284340967
COHFACE_s31_session3_natural,3,290,39.666666666666664,-0.8002045750617981,0.07147454433095268
COHFACE_s31_session3_natural,3,291,39.7,-0.8401888608932495,0.13547599719572073
COHFACE_s31_session3_natural,3,292,39.733333333333334,-0.9048378467559814,0.16579793592904957
COHFACE_s31_session3_natural,3,293,39.766666666666666,-0.9812523126602173,0.16934971604490556
COHFACE_s31_session3_natural,3,294,39.8,-1.0527032613754272,0.157505944497108
COHFACE_s31_session3_natural,3,295,39.833333333333336,-1.1148704290390015,0.14192635335980253
COHFACE_s31_session3_natural,3,296,39.86666666666667,-1.1720126867294312,0.13070635158971872
COHFACE_s31_session3_natural,3,297,39.9,-1.230426549911499,0.12688499116481594
COHFACE_s31_session3_natural,3,298,39.93333333333333,-1.283034324645996,0.12946897185018114
COHFACE_s31_session3_natural,3,299,39.96666666666667,-1.3375263214111328,0.135280994821522
COHFACE_s31_session3_natural,4,0,40.0,-1.3356267213821411,0.09424344905096713
COHFACE_s31_session3_natural,4,1,40.03333333333333,-1.0230289697647095,0.5568461552539411
COHFACE_s31_session3_natural,4,2,40.06666666666667,-0.130000039935112,0.9868087597232523
COHFACE_s31_session3_natural,4,3,40.1,0.8279842734336853,1.3537929123303174
COHFACE_s31_session3_natural,4,4,40.13333333333333,1.196330189704895,1.629988736974871
COHFACE_s31_session3_natural,4,5,40.166666666666664,1.0513296127319336,1.7938648560321877
COHFACE_s31_session3_natural,4,6,40.2,0.811439037322998,1.8328384039184582
COHFACE_s31_session3_natural,4,7,40.233333333333334,0.6433670520782471,1.7455709660497827
COHFACE_s31_session3_natural,4,8,40.266666666666666,0.4706685245037079,1.543092800613942
COHFACE_s31_session3_natural,4,9,40.3,0.2630564868450165,1.2466084288501826
COHFACE_s31_session3_natural,4,10,40.333333333333336,0.17918133735656738,0.8829510927953265
COHFACE_s31_session3_natural,4,11,40.36666666666667,0.23721221089363098,0.4815498892902318
COHFACE_s31_session3_natural,4,12,40.4,0.2899884581565857,0.07317653096007415
COHFACE_s31_session3_natural,4,13,40.43333333333333,0.22408327460289001,-0.3128142148356861
COHFACE_s31_session3_natural,4,14,40.46666666666667,0.04750886186957359,-0.6527575892484064
COHFACE_s31_session3_natural,4,15,40.5,-0.16665999591350555,-0.9310771204797591
COHFACE_s31_session3_natural,4,16,40.53333333333333,-0.3618631064891815,-1.139555939089787
COHFACE_s31_session3_natural,4,17,40.56666666666667,-0.5141711831092834,-1.2746821860954771
COHFACE_s31_session3_natural,4,18,40.6,-0.6212862133979797,-1.3344516757712195
COHFACE_s31_session3_natural,4,19,40.63333333333333,-0.6814159154891968,-1.3158877128887994
COHFACE_s31_session3_natural,4,20,40.666666666666664,-0.7242956161499023,-1.2147089391125092
COHFACE_s31_session3_natural,4,21,40.7,-0.7647702097892761,-1.0284077382894248
COHFACE_s31_session3_natural,4,22,40.733333333333334,-0.8048310875892639,-0.7618784654208237
COHFACE_s31_session3_natural,4,23,40.766666666666666,-0.850973904132843,-0.43273025662336545
COHFACE_s31_session3_natural,4,24,40.8,-0.9122525453567505,-0.07288739068070771
COHFACE_s31_session3_natural,4,25,40.833333333333336,-0.9817425608634949,0.27661821866866937
COHFACE_s31_session3_natural,4,26,40.86666666666667,-1.0408917665481567,0.5755784873411256
COHFACE_s31_session3_natural,4,27,40.9,-1.08625328540802,0.7924542009575299
COHFACE_s31_session3_natural,4,28,40.93333333333333,-1.136164665222168,0.9075304392169857
COHFACE_s31_session3_natural,4,29,40.96666666666667,-1.1995728015899658,0.9134756370822598
COHFACE_s31_session3_natural,4,30,41.0,-1.249913215637207,0.8151903609965994
COHFACE_s31_session3_natural,4,31,41.03333333333333,-1.2191053628921509,0.6299853293410763
COHFACE_s31_session3_natural,4,32,41.06666666666667,-0.7819894552230835,0.3867485596300556
COHFACE_s31_session3_natural,4,33,41.1,0.21075516939163208,0.12081486856838869
COHFACE_s31_session3_natural,4,34,41.13333333333333,1.079609751701355,-0.13393861589765732
COHFACE_s31_session3_natural,4,35,41.166666666666664,1.318274736404419,-0.3497039665987586
COHFACE_s31_session3_natural,4,36,41.2,1.1451932191848755,-0.5052846073095508
COHFACE_s31_session3_natural,4,37,41.233333333333334,0.9145709872245789,-0.5871342318478223
COHFACE_s31_session3_natural,4,38,41.266666666666666,0.7446759939193726,-0.5916792230818539
COHFACE_s31_session3_natural,4,39,41.3,0.5452446341514587,-0.5256404491603632
COHFACE_s31_session3_natural,4,40,41.333333333333336,0.33988457918167114,-0.4034967009388126
COHFACE_s31_session3_natural,4,41,41.36666666666667,0.30737626552581787,-0.2439346178960436
COHFACE_s31_session3_natural,4,42,41.4,0.4193170368671417,-0.06655865722724968
COHFACE_s31_session3_natural,4,43,41.43333333333333,0.48321533203125,0.11068638159613936
COHFACE_s31_session3_natural,4,44,41.46666666666667,0.396827757358551,0.2731112098512936
COHFACE_s31_session3_natural,4,45,41.5,0.20560775697231293,0.4097847178551487
COHFACE_s31_session3_natural,4,46,41.53333333333333,-0.00730488495901227,0.513397486477977
COHFACE_s31_session3_natural,4,47,41.56666666666667,-0.1929025799036026,0.5803464308976499
COHFACE_s31_session3_natural,4,48,41.6,-0.31405043601989746,0.6106334258229014
COHFACE_s31_session3_natural,4,49,41.63333333333333,-0.3980787992477417,0.6060465891662138
COHFACE_s31_session3_natural,4,50,41.666666666666664,-0.45076310634613037,0.5673016731339932
COHFACE_s31_session3_natural,4,51,41.7,-0.46461206674575806,0.49290536323573303
COHFACE_s31_session3_natural,4,52,41.733333333333334,-0.4932292103767395,0.3810494557270847
COHFACE_s31_session3_natural,4,53,41.766666666666666,-0.5515205264091492,0.23401421041194526
COHFACE_s31_session3_natural,4,54,41.8,-0.6173337697982788,0.06252812154194673
COHFACE_s31_session3_natural,4,55,41.833333333333336,-0.6861496567726135,-0.11388868624927659
COHFACE_s31_session3_natural,4,56,41.86666666666667,-0.7600364089012146,-0.2714190166123252
COHFACE_s31_session3_natural,4,57,41.9,-0.8244249224662781,-0.3887104163436479
COHFACE_s31_session3_natural,4,58,41.93333333333333,-0.8863316774368286,-0.4530892029411347
COHFACE_s31_session3_natural,4,59,41.96666666666667,-0.9508121609687805,-0.46376435045510567
COHFACE_s31_session3_natural,4,60,42.0,-1.0026538372039795,-0.43139994754481714
COHFACE_s31_session3_natural,4,61,42.03333333333333,-0.9497397541999817,-0.37531856442058686
COHFACE_s31_session3_natural,4,62,42.06666666666667,-0.4631720185279846,-0.3189693234525793
COHFACE_s31_session3_natural,4,63,42.1,0.5516329407691956,-0.28359336351316766
COHFACE_s31_session3_natural,4,64,42.13333333333333,1.4302767515182495,-0.28190165123041255
COHFACE_s31_session3_natural,4,65,42.166666666666664,1.7119899988174438,-0.3151745306198563
COHFACE_s31_session3_natural,4,66,42.2,1.600141167640686,-0.3742978570284688
COHFACE_s31_session3_natural,4,67,42.233333333333334,1.4200278520584106,-0.4423275691425093
COHFACE_s31_session3_natural,4,68,42.266666666666666,1.2929819822311401,-0.49774941333713923
COHFACE_s31_session3_natural,4,69,42.3,1.11384916305542,-0.5193240125434622
COHFACE_s31_session3_natural,4,70,42.333333333333336,0.8617488145828247,-0.4914966270058769
COHFACE_s31_session3_natural,4,71,42.36666666666667,0.7513553500175476,-0.40754237528050274
COHFACE_s31_session3_natural,4,72,42.4,0.799719512462616,-0.2695724950715707
COHFACE_s31_session3_natural,4,73,42.43333333333333,0.835781991481781,-0.08662497060836921
COHFACE_s31_session3_natural,4,74,42.46666666666667,0.7504668235778809,0.1279484089432964
COHFACE_s31_session3_natural,4,75,42.5,0.554436445236206,0.35889598354856195
COHFACE_s31_session3_natural,4,76,42.53333333333333,0.3251623809337616,0.5907461356025855
COHFACE_s31_session3_natural,4,77,42.56666666666667,0.12732429802417755,0.8086446761706115
COHFACE_s31_session3_natural,4,78,42.6,-0.014443847350776196,0.9984651822280725
COHFACE_s31_session3_natural,4,79,42.63333333333333,-0.11316373944282532,1.146466611673511
COHFACE_s31_session3_natural,4,80,42.666666666666664,-0.17508581280708313,1.2388193558440772
COHFACE_s31_session3_natural,4,81,42.7,-0.2246602326631546,1.261300836717181
COHFACE_s31_session3_natural,4,82,42.733333333333334,-0.2706192135810852,1.200383970856232
COHFACE_s31_session3_natural,4,83,42.766666666666666,-0.32368651032447815,1.0474911990119944
COHFACE_s31_session3_natural,4,84,42.8,-0.3985690176486969,0.8047780921834504
COHFACE_s31_session3_natural,4,85,42.833333333333336,-0.47527456283569336,0.4877324631398612
COHFACE_s31_session3_natural,4,86,42.86666666666667,-0.5508617758750916,0.12308894675549757
COHFACE_s31_session3_natural,4,87,42.9,-0.6194478869438171,-0.25587077527984564
COHFACE_s31_session3_natural,4,88,42.93333333333333,-0.6781834363937378,-0.6148923102457825
COHFACE_s31_session3_natural,4,89,42.96666666666667,-0.7308678030967712,-0.9241432928529046
COHFACE_s31_session3_natural,4,90,43.0,-0.7703312039375305,-1.162372387160483
COHFACE_s31_session3_natural,4,91,43.03333333333333,-0.8024871945381165,-1.318870130512605
COHFACE_s31_session3_natural,4,92,43.06666666666667,-0.829694926738739,-1.392837866970911
COHFACE_s31_session3_natural,4,93,43.1,-0.883022665977478,-1.3903896674797511
COHFACE_s31_session3_natural,4,94,43.13333333333333,-0.900900661945343,-1.320420732694914
COHFACE_s31_session3_natural,4,95,43.166666666666664,-0.6234156489372253,-1.1913392969212726
COHFACE_s31_session3_natural,4,96,43.2,0.30258122086524963,-1.010237005507203
COHFACE_s31_session3_natural,4,97,43.233333333333334,1.4517701864242554,-0.7852913856878535
COHFACE_s31_session3_natural,4,98,43.266666666666666,2.063714027404785,-0.52916308070085
COHFACE_s31_session3_natural,4,99,43.3,2.118650436401367,-0.25872556550575054
COHFACE_s31_session3_natural,4,100,43.333333333333336,2.02313232421875,0.008847335588741605
COHFACE_s31_session3_natural,4,101,43.36666666666667,1.9878511428833008,0.2589337048415965
COHFACE_s31_session3_natural,4,102,43.4,1.941616415977478,0.4799119718536288
COHFACE_s31_session3_natural,4,103,43.43333333333333,1.7293012142181396,0.6635325718466117
COHFACE_s31_session3_natural,4,104,43.46666666666667,1.4546809196472168,0.8057425549966585
COHFACE_s31_session3_natural,4,105,43.5,1.3444713354110718,0.9065080819102279
COHFACE_s31_session3_natural,4,106,43.53333333333333,1.3540308475494385,0.9684997482594196
COHFACE_s31_session3_natural,4,107,43.56666666666667,1.3137707710266113,0.9958827327417805
COHFACE_s31_session3_natural,4,108,43.6,1.1492375135421753,0.9931951014551025
COHFACE_s31_session3_natural,4,109,43.63333333333333,0.9047664403915405,0.963106191378576
COHFACE_s31_session3_natural,4,110,43.666666666666664,0.6582271456718445,0.9041597846584944
COHFACE_s31_session3_natural,4,111,43.7,0.46270230412483215,0.8116670006857081
COHFACE_s31_session3_natural,4,112,43.733333333333334,0.30854055285453796,0.6820405220966438
COHFACE_s31_session3_natural,4,113,43.766666666666666,0.18621306121349335,0.5178407866961247
COHFACE_s31_session3_natural,4,114,43.8,0.09332996606826782,0.3307569843428836
COHFACE_s31_session3_natural,4,115,43.833333333333336,0.01035868376493454,0.14035153971487174
COHFACE_s31_session3_natural,4,116,43.86666666666667,-0.08401042222976685,-0.031152126577904865
COHFACE_s31_session3_natural,4,117,43.9,-0.18329714238643646,-0.16534630496890185
COHFACE_s31_session3_natural,4,118,43.93333333333333,-0.28486648201942444,-0.25318415312558945
COHFACE_s31_session3_natural,4,119,43.96666666666667,-0.3927169144153595,-0.2982932012682547
COHFACE_s31_session3_natural,4,120,44.0,-0.48929205536842346,-0.31688814930695614
COHFACE_s31_session3_natural,4,121,44.03333333333333,-0.5792797207832336,-0.33345794714617066
COHFACE_s31_session3_natural,4,122,44.06666666666667,-0.6698495745658875,-0.37318256362391644
COHFACE_s31_session3_natural,4,123,44.1,-0.7380220293998718,-0.45371002293279866
COHFACE_s31_session3_natural,4,124,44.13333333333333,-0.7910893559455872,-0.5790903516039606
COHFACE_s31_session3_natural,4,125,44.166666666666664,-0.8414910435676575,-0.7383136205059199
COHFACE_s31_session3_natural,4,126,44.2,-0.8960290551185608,-0.9083238964796821
COHFACE_s31_session3_natural,4,127,44.233333333333334,-0.9448221325874329,-1.05892355643533
COHFACE_s31_session3_natural,4,128,44.266666666666666,-0.985649049282074,-1.1582975480220306
COHFACE_s31_session3_natural,4,129,44.3,-1.0208995342254639,-1.179385057734858
COHFACE_s31_session3_natural,4,130,44.333333333333336,-1.0649282932281494,-1.1062573869632197
COHFACE_s31_session3_natural,4,131,44.36666666666667,-1.0898993015289307,-0.9385616591914103
COHFACE_s31_session3_natural,4,132,44.4,-1.110749363899231,-0.6921420593218918
COHFACE_s31_session3_natural,4,133,44.43333333333333,-1.1289031505584717,-0.3944127842222509
COHFACE_s31_session3_natural,4,134,44.46666666666667,-1.145969271659851,-0.07615490273034226
COHFACE_s31_session3_natural,4,135,44.5,-1.179595947265625,0.23581173005746414
COHFACE_s31_session3_natural,4,136,44.53333333333333,-1.2213727235794067,0.5227445870210887
COHFACE_s31_session3_natural,4,137,44.56666666666667,-1.1538282632827759,0.77507084674094
COHFACE_s31_session3_natural,4,138,44.6,-0.6223892569541931,0.9907488878411863
COHFACE_s31_session3_natural,4,139,44.63333333333333,0.5360528230667114,1.1711593818232697
COHFACE_s31_session3_natural,4,140,44.666666666666664,1.588590145111084,1.3159431185359018
COHFACE_s31_session3_natural,4,141,44.7,1.9469475746154785,1.4191166530190775
COHFACE_s31_session3_natural,4,142,44.733333333333334,1.8613413572311401,1.468057917239063
COHFACE_s31_session3_natural,4,143,44.766666666666666,1.7413578033447266,1.445899022758762
COHFACE_s31_session3_natural,4,144,44.8,1.701112985610962,1.3365647823893476
COHFACE_s31_session3_natural,4,145,44.833333333333336,1.611339807510376,1.1305359327365583
COHFACE_s31_session3_natural,4,146,44.86666666666667,1.3772400617599487,0.8296603913877221
COHFACE_s31_session3_natural,4,147,44.9,1.1918874979019165,0.44984228306503593
COHFACE_s31_session3_natural,4,148,44.93333333333333,1.197448492050171,0.020916895819321525
COHFACE_s31_session3_natural,4,149,44.96666666666667,1.2147903442382812,-0.41642224191975286
COHFACE_s31_session3_natural,4,150,45.0,1.1064038276672363,-0.8161119350906432
COHFACE_s31_session3_natural,4,151,45.03333333333333,0.890243411064148,-1.1334718703795077
COHFACE_s31_session3_natural,4,152,45.06666666666667,0.6426929831504822,-1.3322118473530715
COHFACE_s31_session3_natural,4,153,45.1,0.43429964780807495,-1.3908493262250905
COHFACE_s31_session3_natural,4,154,45.13333333333333,0.27135974168777466,-1.3074850042974917
COHFACE_s31_session3_natural,4,155,45.166666666666664,0.14884841442108154,-1.1017169355507166
COHFACE_s31_session3_natural,4,156,45.2,0.06258340924978256,-0.8121687674434283
COHFACE_s31_session3_natural,4,157,45.233333333333334,-0.017201386392116547,-0.4882074114021053
COHFACE_s31_session3_natural,4,158,45.266666666666666,-0.09242092072963715,-0.1781569497106574
COHFACE_s31_session3_natural,4,159,45.3,-0.17782802879810333,0.08031855481222054
COHFACE_s31_session3_natural,4,160,45.333333333333336,-0.27803394198417664,0.2647803714531512
COHFACE_s31_session3_natural,4,161,45.36666666666667,-0.38721713423728943,0.36793306048318897
COHFACE_s31_session3_natural,4,162,45.4,-0.48832690715789795,0.3944163031564666
COHFACE_s31_session3_natural,4,163,45.43333333333333,-0.5869242548942566,0.35663552361525924
COHFACE_s31_session3_natural,4,164,45.46666666666667,-0.6691601872444153,0.27097361585058455
COHFACE_s31_session3_natural,4,165,45.5,-0.7425260543823242,0.1546816874352026
COHFACE_s31_session3_natural,4,166,45.53333333333333,-0.81344074010849,0.023826562106151958
COHFACE_s31_session3_natural,4,167,45.56666666666667,-0.8681012988090515,-0.10722497056900279
COHFACE_s31_session3_natural,4,168,45.6,-0.9058182835578918,-0.22536033484417198
COHFACE_s31_session3_natural,4,169,45.63333333333333,-0.9324744939804077,-0.31874881862553844
COHFACE_s31_session3_natural,4,170,45.666666666666664,-0.9589928388595581,-0.37779735540323905
COHFACE_s31_session3_natural,4,171,45.7,-0.9838566780090332,-0.3963761592187638
COHFACE_s31_session3_natural,4,172,45.733333333333334,-1.0104515552520752,-0.3727125125597411
COHFACE_s31_session3_natural,4,173,45.766666666666666,-1.0628142356872559,-0.3095558758907271
COHFACE_s31_session3_natural,4,174,45.8,-1.1235719919204712,-0.21335725236814643
COHFACE_s31_session3_natural,4,175,45.833333333333336,-1.1292709112167358,-0.09242603741255323
COHFACE_s31_session3_natural,4,176,45.86666666666667,-0.8413072228431702,0.04514860068810776
COHFACE_s31_session3_natural,4,177,45.9,0.06262936443090439,0.19236958672273183
COHFACE_s31_session3_natural,4,178,45.93333333333333,1.1123631000518799,0.34293972136493245
COHFACE_s31_session3_natural,4,179,45.96666666666667,1.5797200202941895,0.4909129020532403
COHFACE_s31_session3_natural,4,180,46.0,1.5103832483291626,0.6306004338081929
COHFACE_s31_session3_natural,4,181,46.03333333333333,1.2963676452636719,0.7558045379219185
COHFACE_s31_session3_natural,4,182,46.06666666666667,1.13638436794281,0.8586336328744653
COHFACE_s31_session3_natural,4,183,46.1,0.976799488067627,0.9293017373523444
COHFACE_s31_session3_natural,4,184,46.13333333333333,0.7434350848197937,0.9573485559434091
COHFACE_s31_session3_natural,4,185,46.166666666666664,0.6126511693000793,0.93362675294714
COHFACE_s31_session3_natural,4,186,46.2,0.6481008529663086,0.8524958031531736
COHFACE_s31_session3_natural,4,187,46.233333333333334,0.7022864818572998,0.7138465310116895
COHFACE_s31_session3_natural,4,188,46.266666666666666,0.6344050765037537,0.524198937429045
COHFACE_s31_session3_natural,4,189,46.3,0.44459447264671326,0.2958843543817239
COHFACE_s31_session3_natural,4,190,46.333333333333336,0.22582970559597015,0.04470672214683763
COHFACE_s31_session3_natural,4,191,46.36666666666667,0.01879981718957424,-0.21223185156232804
COHFACE_s31_session3_natural,4,192,46.4,-0.1458405703306198,-0.4580888477673709
COHFACE_s31_session3_natural,4,193,46.43333333333333,-0.26919448375701904,-0.6780513844606427
COHFACE_s31_session3_natural,4,194,46.46666666666667,-0.360897958278656,-0.8610795260882311
COHFACE_s31_session3_natural,4,195,46.5,-0.42219194769859314,-1.0003171759336544
COHFACE_s31_session3_natural,4,196,46.53333333333333,-0.4854314923286438,-1.092320532139973
COHFACE_s31_session3_natural,4,197,46.56666666666667,-0.5502183437347412,-1.1366489129690092
COHFACE_s31_session3_natural,4,198,46.6,-0.6166443824768066,-1.1355519136082877
COHFACE_s31_session3_natural,4,199,46.63333333333333,-0.693656325340271,-1.0917920581818281
COHFACE_s31_session3_natural,4,200,46.666666666666664,-0.7743143439292908,-1.0059980238872157
COHFACE_s31_session3_natural,4,201,46.7,-0.8546199798583984,-0.8779488065467186
COHFACE_s31_session3_natural,4,202,46.733333333333334,-0.9331026077270508,-0.7113788522506964
COHFACE_s31_session3_natural,4,203,46.766666666666666,-0.9929105639457703,-0.5171468971079289
COHFACE_s31_session3_natural,4,204,46.8,-1.0305050611495972,-0.31227739534673116
COHFACE_s31_session3_natural,4,205,46.833333333333336,-1.0616345405578613,-0.11570342836347135
COHFACE_s31_session3_natural,4,206,46.86666666666667,-1.065816879272461,0.057020900820189714
COHFACE_s31_session3_natural,4,207,46.9,-1.0822548866271973,0.19687633912213084
COHFACE_s31_session3_natural,4,208,46.93333333333333,-1.1245064735412598,0.30161348299567026
COHFACE_s31_session3_natural,4,209,46.96666666666667,-1.1770834922790527,0.3747560843629246
COHFACE_s31_session3_natural,4,210,47.0,-1.221878170967102,0.42415796610950385
COHFACE_s31_session3_natural,4,211,47.03333333333333,-1.166865348815918,0.45978649949832484
COHFACE_s31_session3_natural,4,212,47.06666666666667,-0.6474215984344482,0.491172289855133
COHFACE_s31_session3_natural,4,213,47.1,0.43783849477767944,0.525693516741272
COHFACE_s31_session3_natural,4,214,47.13333333333333,1.3551950454711914,0.5679909104489977
COHFACE_s31_session3_natural,4,215,47.166666666666664,1.6230593919754028,0.6199157983069405
COHFACE_s31_session3_natural,4,216,47.2,1.462815761566162,0.6805418761186833
COHFACE_s31_session3_natural,4,217,47.233333333333334,1.2266631126403809,0.7460499607025683
COHFACE_s31_session3_natural,4,218,47.266666666666666,1.016094446182251,0.8096616601265935
COHFACE_s31_session3_natural,4,219,47.3,0.7451202273368835,0.8621114095984646
COHFACE_s31_session3_natural,4,220,47.333333333333336,0.5485383868217468,0.893086384178877
COHFACE_s31_session3_natural,4,221,47.36666666666667,0.5934249758720398,0.8938420660651959
COHFACE_s31_session3_natural,4,222,47.4,0.7495322823524475,0.8596623170907526
COHFACE_s31_session3_natural,4,223,47.43333333333333,0.8019102215766907,0.7896102725594266
COHFACE_s31_session3_natural,4,224,47.46666666666667,0.6718769669532776,0.6840046379890085
COHFACE_s31_session3_natural,4,225,47.5,0.4200063943862915,0.542922177164497
COHFACE_s31_session3_natural,4,226,47.53333333333333,0.16701753437519073,0.36703306495515076
COHFACE_s31_session3_natural,4,227,47.56666666666667,-0.03420620784163475,0.15973009966529972
COHFACE_s31_session3_natural,4,228,47.6,-0.16895794868469238,-0.07113901658990761
COHFACE_s31_session3_natural,4,229,47.63333333333333,-0.2570919394493103,-0.31382709661890734
COHFACE_s31_session3_natural,4,230,47.666666666666664,-0.31265637278556824,-0.5553012311474309
COHFACE_s31_session3_natural,4,231,47.7,-0.3529776930809021,-0.7836181241733979
COHFACE_s31_session3_natural,4,232,47.733333333333334,-0.3929773271083832,-0.9889095252087388
COHFACE_s31_session3_natural,4,233,47.766666666666666,-0.44627442955970764,-1.163238608712459
COHFACE_s31_session3_natural,4,234,47.8,-0.5220608115196228,-1.2995684806032095
COHFACE_s31_session3_natural,4,235,47.833333333333336,-0.6054916977882385,-1.390002634283998
COHFACE_s31_session3_natural,4,236,47.86666666666667,-0.6920018196105957,-1.4244601887763537
COHFACE_s31_session3_natural,4,237,47.9,-0.7764437794685364,-1.3916698766091313
COHFACE_s31_session3_natural,4,238,47.93333333333333,-0.8375232815742493,-1.2828783394391103
COHFACE_s31_session3_natural,4,239,47.96666666666667,-0.8753474950790405,-1.0970046990644744
COHFACE_s31_session3_natural,4,240,48.0,-0.8923523426055908,-0.8450322205195617
COHFACE_s31_session3_natural,4,241,48.03333333333333,-0.9043935537338257,-0.5509499334860608
COHFACE_s31_session3_natural,4,242,48.06666666666667,-0.9428459405899048,-0.24770356164502882
COHFACE_s31_session3_natural,4,243,48.1,-1.002056360244751,0.031787746897805
COHFACE_s31_session3_natural,4,244,48.13333333333333,-1.0218493938446045,0.2646295902404376
COHFACE_s31_session3_natural,4,245,48.166666666666664,-0.7977533936500549,0.4420375314394964
COHFACE_s31_session3_natural,4,246,48.2,0.07439486682415009,0.5666528939071593
COHFACE_s31_session3_natural,4,247,48.233333333333334,1.2962603569030762,0.6483892501206605
COHFACE_s31_session3_natural,4,248,48.266666666666666,2.013174533843994,0.7010971261387628
COHFACE_s31_session3_natural,4,249,48.3,2.0813777446746826,0.7387792758480481
COHFACE_s31_session3_natural,4,250,48.333333333333336,1.8893916606903076,0.7716015936518583
COHFACE_s31_session3_natural,4,251,48.36666666666667,1.7274935245513916,0.8035654120595104
COHFACE_s31_session3_natural,4,252,48.4,1.5949018001556396,0.8324009478598003
COHFACE_s31_session3_natural,4,253,48.43333333333333,1.3559150695800781,0.8508600916763439
COHFACE_s31_session3_natural,4,254,48.46666666666667,1.1133283376693726,0.8488228181383876
COHFACE_s31_session3_natural,4,255,48.5,1.0611342191696167,0.8159927916548303
COHFACE_s31_session3_natural,4,256,48.53333333333333,1.1120414733886719,0.7447239768268776
COHFACE_s31_session3_natural,4,257,48.56666666666667,1.0679055452346802,0.6323027016746015
COHFACE_s31_session3_natural,4,258,48.6,0.8803775310516357,0.4823196887850244
COHFACE_s31_session3_natural,4,259,48.63333333333333,0.6186564564704895,0.30508309454460536
COHFACE_s31_session3_natural,4,260,48.666666666666664,0.35413187742233276,0.11687540260120521
COHFACE_s31_session3_natural,4,261,48.7,0.14020812511444092,-0.062251786117636695
COHFACE_s31_session3_natural,4,262,48.733333333333334,-0.0010391440009698272,-0.2120731959941024
COHFACE_s31_session3_natural,4,263,48.766666666666666,-0.1042783334851265,-0.31664690804502316
COHFACE_s31_session3_natural,4,264,48.8,-0.1848597526550293,-0.36850170860703124
COHFACE_s31_session3_natural,4,265,48.833333333333336,-0.2402709573507309,-0.370975791128364
COHFACE_s31_session3_natural,4,266,48.86666666666667,-0.30807578563690186,-0.33766605643446745
COHFACE_s31_session3_natural,4,267,48.9,-0.405141144990921,-0.28871099496209707
COHFACE_s31_session3_natural,4,268,48.93333333333333,-0.5041368007659912,-0.24500369555817028
COHFACE_s31_session3_natural,4,269,48.96666666666667,-0.6070083379745483,-0.22262420916004844
COHFACE_s31_session3_natural,4,270,49.0,-0.706678032875061,-0.2291850371754448
COHFACE_s31_session3_natural,4,271,49.03333333333333,-0.7977687120437622,-0.2629009696492329
COHFACE_s31_session3_natural,4,272,49.06666666666667,-0.866599977016449,-0.31441079748952877
COHFACE_s31_session3_natural,4,273,49.1,-0.9197898507118225,-0.3706248551043128
COHFACE_s31_session3_natural,4,274,49.13333333333333,-0.9632823467254639,-0.4191540785425929
COHFACE_s31_session3_natural,4,275,49.166666666666664,-0.9960663914680481,-0.45143791370271547
COHFACE_s31_session3_natural,4,276,49.2,-1.0219106674194336,-0.46365482970422556
COHFACE_s31_session3_natural,4,277,49.233333333333334,-1.057314395904541,-0.4556150402470203
COHFACE_s31_session3_natural,4,278,49.266666666666666,-1.115789532661438,-0.428601660214514
COHFACE_s31_session3_natural,4,279,49.3,-1.168611764907837,-0.3836384065252318
COHFACE_s31_session3_natural,4,280,49.333333333333336,-1.1055253744125366,-0.32117406925304925
COHFACE_s31_session3_natural,4,281,49.36666666666667,-0.5428955554962158,-0.2424509326838158
COHFACE_s31_session3_natural,4,282,49.4,0.6420801877975464,-0.15117604085304112
COHFACE_s31_session3_natural,4,283,49.43333333333333,1.655613660812378,-0.05285408433529685
COHFACE_s31_session3_natural,4,284,49.46666666666667,1.9433168172836304,0.047715810417311676
COHFACE_s31_session3_natural,4,285,49.5,1.7725791931152344,0.14726894174391575
COHFACE_s31_session3_natural,4,286,49.53333333333333,1.5784178972244263,0.24271545271419762
COHFACE_s31_session3_natural,4,287,49.56666666666667,1.4611152410507202,0.33020580657770743
COHFACE_s31_session3_natural,4,288,49.6,1.267260193824768,0.4055154364560615
COHFACE_s31_session3_natural,4,289,49.63333333333333,0.9954894781112671,0.46467794692670794
COHFACE_s31_session3_natural,4,290,49.666666666666664,0.8810515999794006,0.5043238089774053
COHFACE_s31_session3_natural,4,291,49.7,0.9236249327659607,0.521861019308412
COHFACE_s31_session3_natural,4,292,49.733333333333334,0.9299672842025757,0.515760995653932
COHFACE_s31_session3_natural,4,293,49.766666666666666,0.8092636466026306,0.4862444471616119
COHFACE_s31_session3_natural,4,294,49.8,0.5845395922660828,0.4359084458550045
COHFACE_s31_session3_natural,4,295,49.833333333333336,0.32609689235687256,0.3691997993275339
COHFACE_s31_session3_natural,4,296,49.86666666666667,0.11470089107751846,0.29097485344706825
COHFACE_s31_session3_natural,4,297,49.9,-0.042249031364917755,0.2056663558777643
COHFACE_s31_session3_natural,4,298,49.93333333333333,-0.15581367909908295,0.1173648031450581
COHFACE_s31_session3_natural,4,299,49.96666666666667,-0.2392905056476593,0.02984607124720847
