recording_id,measurement_id,sample_index,time_seconds,gt_signal,predicted_signal
BH_s15_low,0,0,0.0,-0.3104434255840198,0.07287217309442473
BH_s15_low,0,1,0.03333333333333333,-0.4979526362102077,-0.01964692602522841
BH_s15_low,0,2,0.06666666666666667,-0.6816817748476077,-0.12223177275313296
BH_s15_low,0,3,0.1,-0.8478573551802209,-0.2208334060594266
BH_s15_low,0,4,0.13333333333333333,-0.9784128420384468,-0.3152343012675134
BH_s15_low,0,5,0.16666666666666666,-1.0503517872682546,-0.41832436742831436
BH_s15_low,0,6,0.2,-1.0355211178115853,-0.5292594554401858
BH_s15_low,0,7,0.23333333333333334,-0.9009553452397929,-0.6327192815368391
BH_s15_low,0,8,0.26666666666666666,-0.6148653479678399,-0.7228176726032587
BH_s15_low,0,9,0.3,-0.17048051899978772,-0.8025117811793504
BH_s15_low,0,10,0.3333333333333333,0.3754262394257611,-0.8715569163790342
BH_s15_low,0,11,0.36666666666666664,0.8917932615633597,-0.9259422481925833
BH_s15_low,0,12,0.4,1.236289686285494,-0.9591714502907807
BH_s15_low,0,13,0.43333333333333335,1.349458761684254,-0.9620849880056112
BH_s15_low,0,14,0.4666666666666667,1.2749777843585484,-0.9290611042165315
BH_s15_low,0,15,0.5,1.0971154517123618,-0.8582089355138918
BH_s15_low,0,16,0.5333333333333333,0.885952488053823,-0.7429384287661096
BH_s15_low,0,17,0.5666666666666667,0.6846838883573311,-0.5727344747371613
BH_s15_low,0,18,0.6,0.5124161391638254,-0.3461767988517401
BH_s15_low,0,19,0.6333333333333333,0.3699158044233852,-0.07229454426466675
BH_s15_low,0,20,0.6666666666666666,0.24577009959470492,0.22419623047229387
BH_s15_low,0,21,0.7,0.12751687450252625,0.5015409575151666
BH_s15_low,0,22,0.7333333333333333,0.01242645068317344,0.7306743854701626
BH_s15_low,0,23,0.7666666666666667,-0.0941324169289408,0.8939744624277721
BH_s15_low,0,24,0.8,-0.18754852359253738,0.986299615478756
BH_s15_low,0,25,0.8333333333333334,-0.26787573178580526,1.0138872309666973
BH_s15_low,0,26,0.8666666666666667,-0.3390830437010203,0.9852305898177729
BH_s15_low,0,27,0.9,-0.4059496288491453,0.9105828785593275
BH_s15_low,0,28,0.9333333333333333,-0.4733473222332643,0.8006147913127261
BH_s15_low,0,29,0.9666666666666667,-0.5479714300399378,0.6666197405120451
BH_s15_low,0,30,1.0,-0.6328812459401747,0.5161240323028919
BH_s15_low,0,31,1.0333333333333334,-0.7244215449137786,0.3536403361362193
BH_s15_low,0,32,1.0666666666666667,-0.8162131270376707,0.18565708806229578
BH_s15_low,0,33,1.1,-0.8963464169831808,0.02165540013113402
BH_s15_low,0,34,1.1333333333333333,-0.9448368052131297,-0.12979551741847845
BH_s15_low,0,35,1.1666666666666667,-0.9382413441496785,-0.2600471086747261
BH_s15_low,0,36,1.2,-0.850114729321172,-0.36405374553761216
BH_s15_low,0,37,1.2333333333333334,-0.6496581425308185,-0.43950593643033764
BH_s15_low,0,38,1.2666666666666666,-0.31102976094658785,-0.4843647829370963
BH_s15_low,0,39,1.3,0.15048520554475453,-0.49629296441145065
BH_s15_low,0,40,1.3333333333333333,0.6461644453362458,-0.4768017101724948
BH_s15_low,0,41,1.3666666666666667,1.0434796882200397,-0.4310329001611568
BH_s15_low,0,42,1.4,1.2442025216962773,-0.3634459088722394
BH_s15_low,0,43,1.4333333333333333,1.2428833435654658,-0.2779310184661193
BH_s15_low,0,44,1.4666666666666666,1.1088566234135697,-0.17879867685527398
BH_s15_low,0,45,1.5,0.9240754665158227,-0.07118734918054238
BH_s15_low,0,46,1.5333333333333334,0.7465592557365507,0.03555706154955971
BH_s15_low,0,47,1.5666666666666667,0.6032131667525458,0.12745396769208234
BH_s15_low,0,48,1.6,0.4904864803127224,0.19712583755672552
BH_s15_low,0,49,1.6333333333333333,0.38565629257434064,0.24342101815496325
BH_s15_low,0,50,1.6666666666666667,0.2678115961339568,0.2695124630396215
BH_s15_low,0,51,1.7,0.13069014100607224,0.28253812023534014
BH_s15_low,0,52,1.7333333333333334,-0.01691491520921605,0.28330947292611125
BH_s15_low,0,53,1.7666666666666666,-0.16230266103766966,0.26625319508878725
BH_s15_low,0,54,1.8,-0.29764083987786916,0.23360583138494295
BH_s15_low,0,55,1.8333333333333333,-0.4192928162982982,0.1955238845133807
BH_s15_low,0,56,1.8666666666666667,-0.528795462530992,0.15418984166985897
BH_s15_low,0,57,1.9,-0.6317323796129686,0.10406625065652736
BH_s15_low,0,58,1.9333333333333333,-0.7322831861002811,0.04181580344041215
BH_s15_low,0,59,1.9666666666666666,-0.8299339648622307,-0.03321083497769057
BH_s15_low,0,60,2.0,-0.9189606540305774,-0.12350987796248333
BH_s15_low,0,61,2.033333333333333,-0.9899126768976162,-0.2327980233512292
BH_s15_low,0,62,2.066666666666667,-1.0268572684613306,-0.3580576322578596
BH_s15_low,0,63,2.1,-1.0055328043948513,-0.4888435433897607
BH_s15_low,0,64,2.1333333333333333,-0.8982440291265038,-0.6112454525852915
BH_s15_low,0,65,2.1666666666666665,-0.6746559608901361,-0.7073777563936821
BH_s15_low,0,66,2.2,-0.30959968682378314,-0.7667810561286811
BH_s15_low,0,67,2.2333333333333334,0.18249141272818864,-0.7860857630689422
BH_s15_low,0,68,2.2666666666666666,0.7134537480376761,-0.7546693243976803
BH_s15_low,0,69,2.3,1.1469450604349385,-0.6548987640834314
BH_s15_low,0,70,2.3333333333333335,1.378944842524486,-0.4776811240378449
BH_s15_low,0,71,2.3666666666666667,1.39793826874552,-0.22353453915775445
BH_s15_low,0,72,2.4,1.2682711806275222,0.08042273860134538
BH_s15_low,0,73,2.433333333333333,1.0701342338347641,0.37932615639256123
BH_s15_low,0,74,2.466666666666667,0.863540007340754,0.6252089156659049
BH_s15_low,0,75,2.5,0.6814602499229274,0.7761325371156765
BH_s15_low,0,76,2.533333333333333,0.5282023777864803,0.8244950627221653
BH_s15_low,0,77,2.566666666666667,0.3859489710678105,0.7960650139068757
BH_s15_low,0,78,2.6,0.23573448545216197,0.7140840654729678
BH_s15_low,0,79,2.6333333333333333,0.07279289396191224,0.5987110705888257
BH_s15_low,0,80,2.6666666666666665,-0.09510394483079998,0.4629751015511923
BH_s15_low,0,81,2.7,-0.2536403988024987,0.313155054878818
BH_s15_low,0,82,2.7333333333333334,-0.388364235359672,0.15367252092485056
BH_s15_low,0,83,2.7666666666666666,-0.4938376693276832,-0.012013587955941298
BH_s15_low,0,84,2.8,-0.5746521185060104,-0.17250666584112992
BH_s15_low,0,85,2.8333333333333335,-0.6391141987603255,-0.3076454541285629
BH_s15_low,0,86,2.8666666666666667,-0.6938165817528656,-0.3961483180867092
BH_s15_low,0,87,2.9,-0.7432175883189381,-0.41527221100408745
BH_s15_low,0,88,2.933333333333333,-0.791506204935308,-0.3636122148796625
BH_s15_low,0,89,2.966666666666667,-0.8372831553954683,-0.2610032764820497
BH_s15_low,0,90,3.0,-0.870836163114154,-0.126342780722079
BH_s15_low,0,91,3.033333333333333,-0.8765116027991529,0.022235197679955118
BH_s15_low,0,92,3.066666666666667,-0.8326402288293204,0.16835018783206399
BH_s15_low,0,93,3.1,-0.7124510895052917,0.2968139518297951
BH_s15_low,0,94,3.1333333333333333,-0.48338507881869575,0.39345595540336675
BH_s15_low,0,95,3.1666666666666665,-0.11986078345774583,0.4446576278436045
BH_s15_low,0,96,3.2,0.3550178841366255,0.44855994255563525
BH_s15_low,0,97,3.2333333333333334,0.8419246032200005,0.4148118715669698
BH_s15_low,0,98,3.2666666666666666,1.2026679432723208,0.3531270198307937
BH_s15_low,0,99,3.3,1.345243764002545,0.273321592322013
BH_s15_low,0,100,3.3333333333333335,1.2791240780278013,0.18680899881457025
BH_s15_low,0,101,3.3666666666666667,1.0852241256308455,0.1069304109873987
BH_s15_low,0,102,3.4,0.8500698332416651,0.040970576380485846
BH_s15_low,0,103,3.433333333333333,0.631046344795364,-0.009384906291222808
BH_s15_low,0,104,3.466666666666667,0.4522489819917656,-0.045472635409547074
BH_s15_low,0,105,3.5,0.3112268648479005,-0.07115559784356441
BH_s15_low,0,106,3.533333333333333,0.19071119030332173,-0.08921030467862345
BH_s15_low,0,107,3.566666666666667,0.07569131592812284,-0.10097080448642763
BH_s15_low,0,108,3.6,-0.036994376587784567,-0.11264375395051474
BH_s15_low,0,109,3.6333333333333333,-0.14389607126959672,-0.13496425426831604
BH_s15_low,0,110,3.6666666666666665,-0.24074923217449506,-0.17261144808014045
BH_s15_low,0,111,3.7,-0.3232179377893847,-0.22384961657997549
BH_s15_low,0,112,3.7333333333333334,-0.39112059608707905,-0.28875432208706914
BH_s15_low,0,113,3.7666666666666666,-0.44988350930968507,-0.36880116825936876
BH_s15_low,0,114,3.8,-0.5087464395845158,-0.46228667887673375
BH_s15_low,0,115,3.8333333333333335,-0.5772664096961261,-0.5637882854928663
BH_s15_low,0,116,3.8666666666666667,-0.6568076616994813,-0.6609796696300116
BH_s15_low,0,117,3.9,-0.7416558952610075,-0.7342718088683517
BH_s15_low,0,118,3.933333333333333,-0.8230820829134258,-0.7656601366108339
BH_s15_low,0,119,3.966666666666667,-0.8853165851611235,-0.7387599321079513
BH_s15_low,0,120,4.0,-0.9066940725568414,-0.6451040755007615
BH_s15_low,0,121,4.033333333333333,-0.8618910651650926,-0.4846470427252879
BH_s15_low,0,122,4.066666666666666,-0.7168747038312303,-0.26625025173873823
BH_s15_low,0,123,4.1,-0.4314723389061805,-0.008662980347519215
BH_s15_low,0,124,4.133333333333334,0.008558002501343791,0.2546479385614609
BH_s15_low,0,125,4.166666666666667,0.5443291046211179,0.47451968001689593
BH_s15_low,0,126,4.2,1.0403905948667103,0.6246273343199109
BH_s15_low,0,127,4.233333333333333,1.3541106046340823,0.7005695559007712
BH_s15_low,0,128,4.266666666666667,1.4247144700397245,0.7107835280395937
BH_s15_low,0,129,4.3,1.2946707556912225,0.6756697321208899
BH_s15_low,0,130,4.333333333333333,1.0562356599910712,0.6146504845757393
BH_s15_low,0,131,4.366666666666666,0.7918142599680522,0.5457911745686445
BH_s15_low,0,132,4.4,0.5505249586980541,0.4776736538845684
BH_s15_low,0,133,4.433333333333334,0.35591449178470513,0.40959392501512704
BH_s15_low,0,134,4.466666666666667,0.21341383881824483,0.34200888442224475
BH_s15_low,0,135,4.5,0.11050387427803954,0.27698692031366356
BH_s15_low,0,136,4.533333333333333,0.02824053186788944,0.21814004379633184
BH_s15_low,0,137,4.566666666666666,-0.045765504201046595,0.1709853718249775
BH_s15_low,0,138,4.6,-0.11528186067093939,0.13511496162128572
BH_s15_low,0,139,4.633333333333334,-0.18049557907656935,0.10456581683419601
BH_s15_low,0,140,4.666666666666667,-0.24381419478410132,0.07429847437297044
BH_s15_low,0,141,4.7,-0.3112451347121766,0.040597672583619904
BH_s15_low,0,142,4.733333333333333,-0.3932021302379729,0.0043455209800667
BH_s15_low,0,143,4.766666666666667,-0.50126065731471,-0.02871515257115473
BH_s15_low,0,144,4.8,-0.6389362800706798,-0.0577302952443854
BH_s15_low,0,145,4.833333333333333,-0.7978975505717734,-0.08647044643382026
BH_s15_low,0,146,4.866666666666666,-0.957218368034696,-0.12375930784789625
BH_s15_low,0,147,4.9,-1.0857222823918689,-0.18296331474084299
BH_s15_low,0,148,4.933333333333334,-1.150931678834879,-0.2630806003565195
BH_s15_low,0,149,4.966666666666667,-1.1224953970146416,-0.3483028355668244
BH_s15_low,0,150,5.0,-0.9721395666619981,-0.4265360020968519
BH_s15_low,0,151,5.033333333333333,-0.6761757000707528,-0.489107888792648
BH_s15_low,0,152,5.066666666666666,-0.22802866207267802,-0.5306800053880569
BH_s15_low,0,153,5.1,0.32891044165793226,-0.5489388949872477
BH_s15_low,0,154,5.133333333333334,0.879698477402399,-0.5478998265042874
BH_s15_low,0,155,5.166666666666667,1.2833444324023828,-0.5376638933650744
BH_s15_low,0,156,5.2,1.461685253087524,-0.51472492207129
BH_s15_low,0,157,5.233333333333333,1.4349585699316751,-0.46216430977570655
BH_s15_low,0,158,5.266666666666667,1.277663986536793,-0.3620577284065078
BH_s15_low,0,159,5.3,1.0611394198715547,-0.19640196022606365
BH_s15_low,0,160,5.333333333333333,0.8315508214935041,0.014354266633938552
BH_s15_low,0,161,5.366666666666666,0.6135551307169935,0.21067096277531464
BH_s15_low,0,162,5.4,0.4179709990825306,0.3761370345347081
BH_s15_low,0,163,5.433333333333334,0.24412356322139947,0.5364945739673627
BH_s15_low,0,164,5.466666666666667,0.08559317488917631,0.6936865314832993
BH_s15_low,0,165,5.5,-0.060255350377525885,0.8246168103276156
BH_s15_low,0,166,5.533333333333333,-0.19235460835021018,0.898509410180351
BH_s15_low,0,167,5.566666666666666,-0.30915916774511987,0.8768346707371946
BH_s15_low,0,168,5.6,-0.40822502902349966,0.7607632246727256
BH_s15_low,0,169,5.633333333333334,-0.490216558604479,0.5912812149738418
BH_s15_low,0,170,5.666666666666667,-0.5605403423020833,0.3942172658158798
BH_s15_low,0,171,5.7,-0.6237291205540804,0.18072200462368476
BH_s15_low,0,172,5.733333333333333,-0.6809204276655977,-0.038250531317287784
BH_s15_low,0,173,5.766666666666667,-0.7317578190791575,-0.25070728508490664
BH_s15_low,0,174,5.8,-0.7770988221052301,-0.44545389293137405
BH_s15_low,0,175,5.833333333333333,-0.8137825148150079,-0.6108666545381236
BH_s15_low,0,176,5.866666666666666,-0.8294373306909334,-0.7264411887126625
BH_s15_low,0,177,5.9,-0.8068385010358128,-0.7621687547204793
BH_s15_low,0,178,5.933333333333334,-0.7255871388846874,-0.7121186056567907
BH_s15_low,0,179,5.966666666666667,-0.5592239266000266,-0.5943273346524791
BH_s15_low,0,180,6.0,-0.28021195896902884,-0.4389286101469166
BH_s15_low,0,181,6.033333333333333,0.11209082815069527,-0.2881094317858477
BH_s15_low,0,182,6.066666666666666,0.5573260982475232,-0.14846136388057873
BH_s15_low,0,183,6.1,0.9407732485175317,0.008142991998349294
BH_s15_low,0,184,6.133333333333334,1.1580380245073012,0.18081004754290528
BH_s15_low,0,185,6.166666666666667,1.183577570553992,0.33854051993533574
BH_s15_low,0,186,6.2,1.069841947033843,0.4545454199495884
BH_s15_low,0,187,6.233333333333333,0.8911661607242587,0.5059004587867839
BH_s15_low,0,188,6.266666666666667,0.701985081045344,0.4970670186427609
BH_s15_low,0,189,6.3,0.5317197862257881,0.459413280710365
BH_s15_low,0,190,6.333333333333333,0.3901319030340883,0.41646590056161736
BH_s15_low,0,191,6.366666666666666,0.27373346066745563,0.3835267339949843
BH_s15_low,0,192,6.4,0.1717708389640349,0.3675033201439135
BH_s15_low,0,193,6.433333333333334,0.0716111986660529,0.36697797497460066
BH_s15_low,0,194,6.466666666666667,-0.03109330150752676,0.37049875792575987
BH_s15_low,0,195,6.5,-0.13216218438689714,0.3569505787581615
BH_s15_low,0,196,6.533333333333333,-0.22611528182255114,0.3105400084459113
BH_s15_low,0,197,6.566666666666666,-0.3091132347269826,0.2213857975813686
BH_s15_low,0,198,6.6,-0.38012694631626853,0.0784810755643931
BH_s15_low,0,199,6.633333333333334,-0.441623481498483,-0.12931747395208604
BH_s15_low,0,200,6.666666666666667,-0.4989534158074379,-0.39212295984711654
BH_s15_low,0,201,6.7,-0.5584214439986636,-0.6777933165255514
BH_s15_low,0,202,6.733333333333333,-0.6266686645644498,-0.9486740506048337
BH_s15_low,0,203,6.766666666666667,-0.7051982383599051,-1.160634502569591
BH_s15_low,0,204,6.8,-0.7825950685327407,-1.2810368440790958
BH_s15_low,0,205,6.833333333333333,-0.8356287863575913,-1.2881799783569101
BH_s15_low,0,206,6.866666666666666,-0.836627413090318,-1.1674618411768445
BH_s15_low,0,207,6.9,-0.7587618292822385,-0.9117962830504804
BH_s15_low,0,208,6.933333333333334,-0.574432486899653,-0.5437467125044231
BH_s15_low,0,209,6.966666666666667,-0.2604636507457688,-0.11677678451922621
BH_s15_low,0,210,7.0,0.16813302777590647,0.30353846979987864
BH_s15_low,0,211,7.033333333333333,0.6290205053557991,0.6382599566983944
BH_s15_low,0,212,7.066666666666666,0.9983895232450329,0.846477182303382
BH_s15_low,0,213,7.1,1.1833592576440422,0.9240026236841765
BH_s15_low,0,214,7.133333333333334,1.1781776058923088,0.8848869077651429
BH_s15_low,0,215,7.166666666666667,1.0466941549636615,0.7603799178146893
BH_s15_low,0,216,7.2,0.8659470318360667,0.5897976643316415
BH_s15_low,0,217,7.233333333333333,0.6877189140791096,0.4202192490550174
BH_s15_low,0,218,7.266666666666667,0.5329095898237087,0.28676311993335096
BH_s15_low,0,219,7.3,0.4028852648090116,0.21274999097002822
BH_s15_low,0,220,7.333333333333333,0.28541180998317683,0.19817877915200371
BH_s15_low,0,221,7.366666666666666,0.164664295447953,0.22024135536215986
BH_s15_low,0,222,7.4,0.033921768101337645,0.26532275126403837
BH_s15_low,0,223,7.433333333333334,-0.1014042318214377,0.3292445493178578
BH_s15_low,0,224,7.466666666666667,-0.23019061640444066,0.394638972475843
BH_s15_low,0,225,7.5,-0.3438539495801767,0.43102311466896875
BH_s15_low,0,226,7.533333333333333,-0.4404584922054348,0.4235427493696865
BH_s15_low,0,227,7.566666666666666,-0.5248506877163442,0.3731900842734002
BH_s15_low,0,228,7.6,-0.6012923609956382,0.2821934343676879
BH_s15_low,0,229,7.633333333333334,-0.6686111141638464,0.15437719966264207
BH_s15_low,0,230,7.666666666666667,-0.7229906173158102,-0.0044721882174734925
BH_s15_low,0,231,7.7,-0.7599893979448372,-0.1857882217552757
BH_s15_low,0,232,7.733333333333333,-0.7726015424553881,-0.38079456813934276
BH_s15_low,0,233,7.766666666666667,-0.7487788073822996,-0.5793925578644311
BH_s15_low,0,234,7.8,-0.6716952062627836,-0.7625076184925832
BH_s15_low,0,235,7.833333333333333,-0.5180049137318786,-0.9011604056773994
BH_s15_low,0,236,7.866666666666666,-0.26383102648557405,-0.9721704098207579
BH_s15_low,0,237,7.9,0.0861549437772902,-0.9577920564889219
BH_s15_low,0,238,7.933333333333334,0.4678551111615594,-0.848718226899925
BH_s15_low,0,239,7.966666666666667,0.7752893441743265,-0.6444337132867708
BH_s15_low,0,240,8.0,0.9268595651682702,-0.36446875508199017
BH_s15_low,0,241,8.033333333333333,0.9163991711391934,-0.04930276117045824
BH_s15_low,0,242,8.066666666666666,0.8004119359645161,0.24021199291798534
BH_s15_low,0,243,8.1,0.6481639164092332,0.42232558505992546
BH_s15_low,0,244,8.133333333333333,0.5105749868383285,0.4680223166813795
BH_s15_low,0,245,8.166666666666666,0.4133626400386377,0.40052045816474163
BH_s15_low,0,246,8.2,0.35326023557563624,0.25500923529945174
BH_s15_low,0,247,8.233333333333333,0.304457599228628,0.07808185673952023
BH_s15_low,0,248,8.266666666666667,0.24153199792720256,-0.08180991448671418
BH_s15_low,0,249,8.3,0.15421770185027664,-0.17452056069779312
BH_s15_low,0,250,8.333333333333334,0.046540174301297865,-0.1786695477496246
BH_s15_low,0,251,8.366666666666667,-0.06991397583724997,-0.10162432661373319
BH_s15_low,0,252,8.4,-0.18596817650540054,0.046374266575381844
BH_s15_low,0,253,8.433333333333334,-0.29827278051979156,0.2519334469369796
BH_s15_low,0,254,8.466666666666667,-0.4053763542579918,0.4882269421568867
BH_s15_low,0,255,8.5,-0.5085250711525594,0.7142869571773643
BH_s15_low,0,256,8.533333333333333,-0.6100194929563527,0.8876397277783623
BH_s15_low,0,257,8.566666666666666,-0.7059912645590711,0.9639174280023962
BH_s15_low,0,258,8.6,-0.7857887629928527,0.9301156519221792
BH_s15_low,0,259,8.633333333333333,-0.8364324572261518,0.8044459933951156
BH_s15_low,0,260,8.666666666666666,-0.8424338349847598,0.6089423276259438
BH_s15_low,0,261,8.7,-0.7834894141418149,0.36976471648096243
BH_s15_low,0,262,8.733333333333333,-0.6350536788910094,0.11301502655116955
BH_s15_low,0,263,8.766666666666667,-0.371234120707799,-0.13425530490461046
BH_s15_low,0,264,8.8,0.011250431739702,-0.35528154931584705
BH_s15_low,0,265,8.833333333333334,0.45652800410644084,-0.5422518235216065
BH_s15_low,0,266,8.866666666666667,0.8510967517657723,-0.6924063412126058
BH_s15_low,0,267,8.9,1.0864326725325182,-0.8067428086323838
BH_s15_low,0,268,8.933333333333334,1.1300686616786462,-0.8835861493989676
BH_s15_low,0,269,8.966666666666667,1.0285693334774115,-0.9178027117870228
BH_s15_low,0,270,9.0,0.8557505951486871,-0.9230779193034574
BH_s15_low,0,271,9.033333333333333,0.6715141759670025,-0.9312880407121804
BH_s15_low,0,272,9.066666666666666,0.5103829447547015,-0.9425175565203527
BH_s15_low,0,273,9.1,0.3827268182575445,-0.925037465019558
BH_s15_low,0,274,9.133333333333333,0.27894810747333504,-0.8550083505304293
BH_s15_low,0,275,9.166666666666666,0.18187666678412873,-0.7173579972301403
BH_s15_low,0,276,9.2,0.08011976766336598,-0.5156153212849559
BH_s15_low,0,277,9.233333333333333,-0.0299675701870053,-0.2728795881969243
BH_s15_low,0,278,9.266666666666667,-0.14371997141247483,-0.008616254546459215
BH_s15_low,0,279,9.3,-0.2517067953361059,0.26007190135523706
BH_s15_low,0,280,9.333333333333334,-0.3484934916303123,0.5305933941046321
BH_s15_low,0,281,9.366666666666667,-0.43441494102923806,0.8129300991986304
BH_s15_low,0,282,9.4,-0.5133402056608788,1.07838933564302
BH_s15_low,0,283,9.433333333333334,-0.5900746790931297,1.2583389009475026
BH_s15_low,0,284,9.466666666666667,-0.6672195302427402,1.3310325485078378
BH_s15_low,0,285,9.5,-0.7421053734911244,1.3209088628645569
BH_s15_low,0,286,9.533333333333333,-0.8072506292133496,1.2430213660983767
BH_s15_low,0,287,9.566666666666666,-0.8495073041690114,1.1026768251955572
BH_s15_low,0,288,9.6,-0.8481155609197177,0.9141804226925572
BH_s15_low,0,289,9.633333333333333,-0.7789143269380637,0.7014682231024477
BH_s15_low,0,290,9.666666666666666,-0.6174771989447254,0.48001679112684914
BH_s15_low,0,291,9.7,-0.3408036813778127,0.2579962458590707
BH_s15_low,0,292,9.733333333333333,0.05203812802958227,0.04252323420538233
BH_s15_low,0,293,9.766666666666667,0.5054362468810514,-0.15885125491586863
BH_s15_low,0,294,9.8,0.9073425202130978,-0.33258362564117494
BH_s15_low,0,295,9.833333333333334,1.1501074192712162,-0.4579674094334012
BH_s15_low,0,296,9.866666666666667,1.2002750463297809,-0.5272831210128346
BH_s15_low,0,297,9.9,1.103049980746787,-0.5450020491258345
BH_s15_low,0,298,9.933333333333334,0.9308100720085587,-0.5338661635729661
BH_s15_low,0,299,9.966666666666667,0.7411509235969607,-0.5339955234570738
BH_s15_low,0,300,10.0,0.5668412548092836,-0.5607270485212074
BH_s15_low,0,301,10.033333333333333,0.4210762905514403,-0.6040815335059567
BH_s15_low,0,302,10.066666666666666,0.30221607573078607,-0.6477399885475017
BH_s15_low,0,303,10.1,0.1968973583486784,-0.6691409172291123
BH_s15_low,0,304,10.133333333333333,0.09196711356184951,-0.6678661116900801
BH_s15_low,0,305,10.166666666666666,-0.016246347381769943,-0.6654697357691092
BH_s15_low,0,306,10.2,-0.12544246777555937,-0.6614684797201049
BH_s15_low,0,307,10.233333333333333,-0.23083731475901126,-0.63337667306207
BH_s15_low,0,308,10.266666666666667,-0.32829440331648474,-0.5579825844640341
BH_s15_low,0,309,10.3,-0.4180658991960722,-0.41225362741101185
BH_s15_low,0,310,10.333333333333334,-0.5030233113762991,-0.20068003731484993
BH_s15_low,0,311,10.366666666666667,-0.584465859795245,0.043749432689114534
BH_s15_low,0,312,10.4,-0.661059087412496,0.2852437766499766
BH_s15_low,0,313,10.433333333333334,-0.7296495845407094,0.4844107428928946
BH_s15_low,0,314,10.466666666666667,-0.7851504218827345,0.6163542697025918
BH_s15_low,0,315,10.5,-0.8198243512666806,0.669876862548337
BH_s15_low,0,316,10.533333333333333,-0.820346631204921,0.6433064316886212
BH_s15_low,0,317,10.566666666666666,-0.7672579776953623,0.5440723319299869
BH_s15_low,0,318,10.6,-0.6369186078321887,0.40534768253290465
BH_s15_low,0,319,10.633333333333333,-0.4019304657231225,0.2857218728223498
BH_s15_low,0,320,10.666666666666666,-0.05022666790928319,0.1944511519405306
BH_s15_low,0,321,10.7,0.37766265192430654,0.09197637252560767
BH_s15_low,0,322,10.733333333333333,0.7808229722579227,-0.021045029228433834
BH_s15_low,0,323,10.766666666666667,1.044579047848711,-0.10308410675536762
BH_s15_low,0,324,10.8,1.1123281441773973,-0.13175890045294952
BH_s15_low,0,325,10.833333333333334,1.016589843047972,-0.10393865681967177
BH_s15_low,0,326,10.866666666666667,0.8389944836219608,-0.042679034532887086
BH_s15_low,0,327,10.9,0.6535032499017666,0.0032086366502249468
BH_s15_low,0,328,10.933333333333334,0.5005443749986144,0.01649879987483651
BH_s15_low,0,329,10.966666666666667,0.3879783955229657,0.011698056703573278
BH_s15_low,0,330,11.0,0.30430805683030987,0.010746996966266693
BH_s15_low,0,331,11.033333333333333,0.23058845284727209,0.0424145542641029
BH_s15_low,0,332,11.066666666666666,0.1496877315150148,0.10900478401912089
BH_s15_low,0,333,11.1,0.05484384861570066,0.1860688057604996
BH_s15_low,0,334,11.133333333333333,-0.05037315366969124,0.25924023729840817
BH_s15_low,0,335,11.166666666666666,-0.15847939128134975,0.32411515664928847
BH_s15_low,0,336,11.2,-0.26365936892627073,0.36452381230887465
BH_s15_low,0,337,11.233333333333333,-0.36376551445521615,0.3525619810908866
BH_s15_low,0,338,11.266666666666667,-0.45959096190018134,0.2950754512220576
BH_s15_low,0,339,11.3,-0.5529838825589914,0.23358897443021936
BH_s15_low,0,340,11.333333333333334,-0.64366519896063,0.18971762985207902
BH_s15_low,0,341,11.366666666666667,-0.7261187725998974,0.1650319296203911
BH_s15_low,0,342,11.4,-0.7902105817065415,0.13426422482536085
BH_s15_low,0,343,11.433333333333334,-0.8231291087992314,0.04626278840658654
BH_s15_low,0,344,11.466666666666667,-0.8070594679143525,-0.10454323742802445
BH_s15_low,0,345,11.5,-0.7207676252423089,-0.27730724609277213
BH_s15_low,0,346,11.533333333333333,-0.5414696433078009,-0.4483306942647553
BH_s15_low,0,347,11.566666666666666,-0.24955575123692314,-0.6104721967424726
BH_s15_low,0,348,11.6,0.1420764132440588,-0.7480917238259436
BH_s15_low,0,349,11.633333333333333,0.5605603388854519,-0.8363187369721133
BH_s15_low,0,350,11.666666666666666,0.8919125925795142,-0.8507878089071893
BH_s15_low,0,351,11.7,1.0474572880875523,-0.7677060208905626
BH_s15_low,0,352,11.733333333333333,1.0215285428860121,-0.617857842315504
BH_s15_low,0,353,11.766666666666667,0.8779274168152322,-0.48632991853350105
BH_s15_low,0,354,11.8,0.6963315787742848,-0.39836376474632934
BH_s15_low,0,355,11.833333333333334,0.534540644569353,-0.3196031248260684
BH_s15_low,0,356,11.866666666666667,0.41574695209837353,-0.2073968375537697
BH_s15_low,0,357,11.9,0.3349369404384255,-0.012633533445332183
BH_s15_low,0,358,11.933333333333334,0.27082430028663096,0.2533893732029424
BH_s15_low,0,359,11.966666666666667,0.20032694076284208,0.5178529097368006
BH_s15_low,0,360,12.0,0.11185198334534573,0.7309978848171969
BH_s15_low,0,361,12.033333333333333,0.008645512338166024,0.8656288969340815
BH_s15_low,0,362,12.066666666666666,-0.09789436936941029,0.9135414031451085
BH_s15_low,0,363,12.1,-0.19862643991465384,0.8847752374286186
BH_s15_low,0,364,12.133333333333333,-0.29100397646259174,0.8017470950822487
BH_s15_low,0,365,12.166666666666666,-0.3784122784266507,0.6988147460893289
BH_s15_low,0,366,12.2,-0.4669596530017368,0.5978245854650424
BH_s15_low,0,367,12.233333333333333,-0.5610514985317866,0.5082480947794813
BH_s15_low,0,368,12.266666666666667,-0.6613989909518062,0.42914869100108943
BH_s15_low,0,369,12.3,-0.7631104482615211,0.34990171932314473
BH_s15_low,0,370,12.333333333333334,-0.853920766850541,0.2643143202479795
BH_s15_low,0,371,12.366666666666667,-0.9162596324489856,0.17144065556438765
BH_s15_low,0,372,12.4,-0.9283450046812526,0.07233488010201122
BH_s15_low,0,373,12.433333333333334,-0.8643783367220613,-0.029234737389801133
BH_s15_low,0,374,12.466666666666667,-0.6952423102739242,-0.13973430253346625
BH_s15_low,0,375,12.5,-0.3923492205222573,-0.27487064714717346
BH_s15_low,0,376,12.533333333333333,0.04359275266496933,-0.43362373218646616
BH_s15_low,0,377,12.566666666666666,0.5429967634440149,-0.5972375160534386
BH_s15_low,0,378,12.6,0.976238421502623,-0.7467885934506873
BH_s15_low,0,379,12.633333333333333,1.2289948036464402,-0.8625072836830312
BH_s15_low,0,380,12.666666666666666,1.273369632456672,-0.9373853573483676
BH_s15_low,0,381,12.7,1.1637725223106477,-0.9765225537615538
BH_s15_low,0,382,12.733333333333333,0.9805073672680096,-0.9800620282577349
BH_s15_low,0,383,12.766666666666667,0.7850515623967135,-0.9429087181374252
BH_s15_low,0,384,12.8,0.6100907839800099,-0.8517704482691186
BH_s15_low,0,385,12.833333333333334,0.466073654101549,-0.6858385267167894
BH_s15_low,0,386,12.866666666666667,0.3458649592126466,-0.43097436955434004
BH_s15_low,0,387,12.9,0.23199742891670289,-0.08136071558763203
BH_s15_low,0,388,12.933333333333334,0.11384507764902425,0.3074400089950578
BH_s15_low,0,389,12.966666666666667,-0.006377525318472799,0.6175113000268602
BH_s15_low,0,390,13.0,-0.12029133144045448,0.7964140297584746
BH_s15_low,0,391,13.033333333333333,-0.21992670602480938,0.8564006318822293
BH_s15_low,0,392,13.066666666666666,-0.3043554146525752,0.8185133529601565
BH_s15_low,0,393,13.1,-0.37766389621936625,0.711478753558542
BH_s15_low,0,394,13.133333333333333,-0.4454419521545834,0.5698400611495928
BH_s15_low,0,395,13.166666666666666,-0.5142099582907773,0.43367298572437457
BH_s15_low,0,396,13.2,-0.5884520997469916,0.3330031229106505
BH_s15_low,0,397,13.233333333333333,-0.6699794642021086,0.28787958956251924
BH_s15_low,0,398,13.266666666666667,-0.7560192745210672,0.2915879645446042
BH_s15_low,0,399,13.3,-0.836089712093946,0.31115112412827267
BH_s15_low,0,400,13.333333333333334,-0.8942954026642544,0.32633464220218295
BH_s15_low,0,401,13.366666666666667,-0.9105279178815975,0.3300940978521289
BH_s15_low,0,402,13.4,-0.8593452118687586,0.3197342863367643
BH_s15_low,0,403,13.433333333333334,-0.7106201666062524,0.2969820378763437
BH_s15_low,0,404,13.466666666666667,-0.43479926483261877,0.2555683603067028
BH_s15_low,0,405,13.5,-0.02842725747369787,0.18160696165362641
BH_s15_low,0,406,13.533333333333333,0.4490468002865231,0.07331199481653099
BH_s15_low,0,407,13.566666666666666,0.876845758009634,-0.05837907699515655
BH_s15_low,0,408,13.6,1.1369931877933794,-0.20734371278735597
BH_s15_low,0,409,13.633333333333333,1.189827306940757,-0.3714662447734634
BH_s15_low,0,410,13.666666666666666,1.0842841034265134,-0.5419096738807935
BH_s15_low,0,411,13.7,0.9045169251234556,-0.7021613873098719
BH_s15_low,0,412,13.733333333333333,0.7193294601043329,-0.8361529840883148
BH_s15_low,0,413,13.766666666666667,0.5664421521088221,-0.9275561847149772
BH_s15_low,0,414,13.8,0.45331018086155705,-0.9622623302340318
BH_s15_low,0,415,13.833333333333334,0.36420726991954244,-0.9281330208578396
BH_s15_low,0,416,13.866666666666667,0.2757013411971324,-0.8197352149993548
BH_s15_low,0,417,13.9,0.17249076740919903,-0.6387594854807399
BH_s15_low,0,418,13.933333333333334,0.054716591074582537,-0.38905872616418385
BH_s15_low,0,419,13.966666666666667,-0.06641116411232562,-0.07786546435113052
BH_s15_low,0,420,14.0,-0.1804510367264917,0.2502961018807556
BH_s15_low,0,421,14.033333333333333,-0.2843770901006406,0.5126239674616353
BH_s15_low,0,422,14.066666666666666,-0.3780209132667533,0.6803993099524525
BH_s15_low,0,423,14.1,-0.46293514646172385,0.7778964371390997
BH_s15_low,0,424,14.133333333333333,-0.5430252474569898,0.8320322208114731
BH_s15_low,0,425,14.166666666666666,-0.6189499171285873,0.8708642659697992
BH_s15_low,0,426,14.2,-0.6871221008845585,0.9066469719214643
BH_s15_low,0,427,14.233333333333333,-0.7420303087265625,0.9351890249587883
BH_s15_low,0,428,14.266666666666667,-0.7748713690813958,0.9323846090879593
BH_s15_low,0,429,14.3,-0.7720072639162213,0.8547116672660541
BH_s15_low,0,430,14.333333333333334,-0.715120886197986,0.6937184679401329
BH_s15_low,0,431,14.366666666666667,-0.5807727682800863,0.47685004565889133
BH_s15_low,0,432,14.4,-0.34291880325089136,0.23182381457285645
BH_s15_low,0,433,14.433333333333334,0.005599163650133278,-0.012576144487453311
BH_s15_low,0,434,14.466666666666667,0.4182940309079101,-0.2386383722634814
BH_s15_low,0,435,14.5,0.7921859287726023,-0.4384405209756399
BH_s15_low,0,436,14.533333333333333,1.019746639857043,-0.622522429266262
BH_s15_low,0,437,14.566666666666666,1.0560905335657815,-0.8181148874967723
BH_s15_low,0,438,14.6,0.939653155762904,-1.02297039341198
BH_s15_low,0,439,14.633333333333333,0.7551523195999739,-1.2040068396683568
BH_s15_low,0,440,14.666666666666666,0.5792586767538135,-1.3305665673929776
BH_s15_low,0,441,14.7,0.4496862030113776,-1.374006166692077
BH_s15_low,0,442,14.733333333333333,0.3653531111876147,-1.313417082928549
BH_s15_low,0,443,14.766666666666667,0.3013905561559541,-1.1359461473858803
BH_s15_low,0,444,14.8,0.22933546714342115,-0.8389441427181706
BH_s15_low,0,445,14.833333333333334,0.1324588596586504,-0.43136555586060354
BH_s15_low,0,446,14.866666666666667,0.01162918240091941,0.025891244954053053
BH_s15_low,0,447,14.9,-0.11984267627719565,0.41875218565926053
BH_s15_low,0,448,14.933333333333334,-0.24776218098030556,0.7073382927207117
BH_s15_low,0,449,14.966666666666667,-0.3641728193910439,0.9242317101141068
BH_s15_low,0,450,15.0,-0.4690511190420506,1.0815494463601887
BH_s15_low,0,451,15.033333333333333,-0.566482558139169,1.168983221111967
BH_s15_low,0,452,15.066666666666666,-0.6604255870824286,1.1915052773855506
BH_s15_low,0,453,15.1,-0.7510857468037561,1.1685638883393492
BH_s15_low,0,454,15.133333333333333,-0.8321920633255817,1.1158830439398877
BH_s15_low,0,455,15.166666666666666,-0.8929606492784367,1.0451686721823832
BH_s15_low,0,456,15.2,-0.917483514106575,0.9545271647651036
BH_s15_low,0,457,15.233333333333333,-0.8842099381417579,0.8290529216591908
BH_s15_low,0,458,15.266666666666667,-0.7682598249469702,0.6592620959119955
BH_s15_low,0,459,15.3,-0.5405962283017819,0.44231888916310663
BH_s15_low,0,460,15.333333333333334,-0.1803166203916399,0.18950484534065345
BH_s15_low,0,461,15.366666666666667,0.2877150497251079,-0.0724786052539032
BH_s15_low,0,462,15.4,0.7658892153375494,-0.33002650457177385
BH_s15_low,0,463,15.433333333333334,1.1207991550048408,-0.5810649632138027
BH_s15_low,0,464,15.466666666666667,1.2685456319335098,-0.8175152604523743
BH_s15_low,0,465,15.5,1.2218193166778017,-1.0236538450970307
BH_s15_low,0,466,15.533333333333333,1.0559195863010606,-1.1902821035579494
BH_s15_low,0,467,15.566666666666666,0.8479779267476344,-1.3134587021132575
BH_s15_low,0,468,15.6,0.6488003346410317,-1.3854274153018749
BH_s15_low,0,469,15.633333333333333,0.482408479639997,-1.3939295103003562
BH_s15_low,0,470,15.666666666666666,0.3513991600864402,-1.3141661170830545
BH_s15_low,0,471,15.7,0.24466909935876427,-1.1094539214529622
BH_s15_low,0,472,15.733333333333333,0.1468285867515542,-0.7729170062329958
BH_s15_low,0,473,15.766666666666667,0.048235620272705976,-0.3291821212277921
BH_s15_low,0,474,15.8,-0.05140543075550531,0.14637094082868274
BH_s15_low,0,475,15.833333333333334,-0.15023109014914726,0.5265506065166741
BH_s15_low,0,476,15.866666666666667,-0.24851531932401655,0.7647103514447644
BH_s15_low,0,477,15.9,-0.3463589118358205,0.8933082492603186
BH_s15_low,0,478,15.933333333333334,-0.4436569088113331,0.9501507041428081
BH_s15_low,0,479,15.966666666666667,-0.5417836690729634,0.976324416803824
BH_s15_low,0,480,16.0,-0.6421027287316882,0.9825708804973969
BH_s15_low,0,481,16.033333333333335,-0.7427870685778911,0.9487451238419345
BH_s15_low,0,482,16.066666666666666,-0.8372954179163928,0.868421183299145
BH_s15_low,0,483,16.1,-0.9138369542148878,0.749295393712571
BH_s15_low,0,484,16.133333333333333,-0.955041409729211,0.6003353960280393
BH_s15_low,0,485,16.166666666666668,-0.9387478782433536,0.4323735083845768
BH_s15_low,0,486,16.2,-0.8383713905863768,0.2702018806476911
BH_s15_low,0,487,16.233333333333334,-0.6237789954430715,0.15308025530156216
BH_s15_low,0,488,16.266666666666666,-0.2725641475787371,0.08320157884851968
BH_s15_low,0,489,16.3,0.1955042530518394,0.02650145065569362
BH_s15_low,0,490,16.333333333333332,0.6890770980960661,-0.06078866485134593
BH_s15_low,0,491,16.366666666666667,1.0758424741935637,-0.230433700170243
BH_s15_low,0,492,16.4,1.2641230580859213,-0.4765407231642642
BH_s15_low,0,493,16.433333333333334,1.2558410752322815,-0.7344740406473244
BH_s15_low,0,494,16.466666666666665,1.1184302492204676,-0.9537328647943817
BH_s15_low,0,495,16.5,0.9241285650791103,-1.0975280736126223
BH_s15_low,0,496,16.533333333333335,0.7215395241678471,-1.137928414257864
BH_s15_low,0,497,16.566666666666666,0.5372806830299992,-1.0556192597930625
BH_s15_low,0,498,16.6,0.38150841897846915,-0.8463785109779407
BH_s15_low,0,499,16.633333333333333,0.2497556055414768,-0.5217882915787502
BH_s15_low,0,500,16.666666666666668,0.12990690143910338,-0.14089097223334823
BH_s15_low,0,501,16.7,0.014837651576603786,0.18917208293626
BH_s15_low,0,502,16.733333333333334,-0.09415069123208443,0.43038304153319973
BH_s15_low,0,503,16.766666666666666,-0.1938547008117028,0.6125558228980279
BH_s15_low,0,504,16.8,-0.2816219770456999,0.750395866002008
BH_s15_low,0,505,16.833333333333332,-0.3562010130404959,0.8417480120032432
BH_s15_low,0,506,16.866666666666667,-0.42026164332477334,0.8861678565480372
BH_s15_low,0,507,16.9,-0.4780668870920386,0.8842621094158454
BH_s15_low,0,508,16.933333333333334,-0.5350119183711134,0.8358543383577652
BH_s15_low,0,509,16.966666666666665,-0.5962693478229825,0.7399950072727164
BH_s15_low,0,510,17.0,-0.6612094624002771,0.5893201218633378
BH_s15_low,0,511,17.033333333333335,-0.7236927620847962,0.3709508472153499
BH_s15_low,0,512,17.066666666666666,-0.7734371621892662,0.09513424835186993
BH_s15_low,0,513,17.1,-0.7936703236002811,-0.20348078679757106
BH_s15_low,0,514,17.133333333333333,-0.7612749082579054,-0.498595779000007
BH_s15_low,0,515,17.166666666666668,-0.649525554175332,-0.7708742799963476
BH_s15_low,0,516,17.2,-0.42911601059687066,-1.001735622120131
BH_s15_low,0,517,17.233333333333334,-0.08484544852306247,-1.1719394947115456
BH_s15_low,0,518,17.266666666666666,0.34511401007429593,-1.252757649309796
BH_s15_low,0,519,17.3,0.7565250532155394,-1.205593481432511
BH_s15_low,0,520,17.333333333333332,1.0298295835129305,-1.0094834494707725
BH_s15_low,0,521,17.366666666666667,1.1065313530012175,-0.662062811197821
BH_s15_low,0,522,17.4,1.0174197512218814,-0.21884070732574779
BH_s15_low,0,523,17.433333333333334,0.8412495971023797,0.205876571342892
BH_s15_low,0,524,17.466666666666665,0.6509205347758109,0.5385075613458723
BH_s15_low,0,525,17.5,0.49080754251149505,0.7452366512449398
BH_s15_low,0,526,17.533333333333335,0.3740575987195764,0.8296835196525827
BH_s15_low,0,527,17.566666666666666,0.2871585081645867,0.8312880129272842
BH_s15_low,0,528,17.6,0.20672918719821093,0.7853118542761044
BH_s15_low,0,529,17.633333333333333,0.11878793057468987,0.7217957629173309
BH_s15_low,0,530,17.666666666666668,0.020753308277103588,0.6594401698972734
BH_s15_low,0,531,17.7,-0.0843842196531683,0.6055258660883918
BH_s15_low,0,532,17.733333333333334,-0.18944102813937946,0.5555082756249865
BH_s15_low,0,533,17.766666666666666,-0.2883745473092041,0.49356099985727375
BH_s15_low,0,534,17.8,-0.3798306083700091,0.41425008209417413
BH_s15_low,0,535,17.833333333333332,-0.46602737668949845,0.3231812476040202
BH_s15_low,0,536,17.866666666666667,-0.5495925085673384,0.2326878771919968
BH_s15_low,0,537,17.9,-0.6280046372011854,0.16219087298231433
BH_s15_low,0,538,17.933333333333334,-0.6965854000388985,0.11543741865134714
BH_s15_low,0,539,17.966666666666665,-0.7498258664501043,0.08096946857345526
BH_s15_low,0,540,18.0,-0.7757608887105482,0.03593814146761558
BH_s15_low,0,541,18.033333333333335,-0.7559355191550923,-0.05291995140776831
BH_s15_low,0,542,18.066666666666666,-0.6675293836156321,-0.193927833146929
BH_s15_low,0,543,18.1,-0.48480439774217593,-0.3695305350971697
BH_s15_low,0,544,18.133333333333333,-0.18827860275817868,-0.5673588547524353
BH_s15_low,0,545,18.166666666666668,0.20573901073618725,-0.7792858556248249
BH_s15_low,0,546,18.2,0.6198203329955296,-0.9899920861866095
BH_s15_low,0,547,18.233333333333334,0.9398868692698275,-1.1758744516370747
BH_s15_low,0,548,18.266666666666666,1.0824296297389107,-1.3150574505337427
BH_s15_low,0,549,18.3,1.0455303941544867,-1.3867101966962034
BH_s15_low,0,550,18.333333333333332,0.8935742447006307,-1.364086376247103
BH_s15_low,0,551,18.366666666666667,0.704893328146448,-1.2148331403726251
BH_s15_low,0,552,18.4,0.5355021988181174,-0.9211051116333903
BH_s15_low,0,553,18.433333333333334,0.40675353112988155,-0.4812275856967969
BH_s15_low,0,554,18.466666666666665,0.31140262240163996,0.035957203851170974
BH_s15_low,0,555,18.5,0.2298561606233988,0.48982423936032926
BH_s15_low,0,556,18.533333333333335,0.14472313409449203,0.8163292373438638
BH_s15_low,0,557,18.566666666666666,0.048011217566245504,1.0265006094917002
BH_s15_low,0,558,18.6,-0.055573293068680404,1.1431819250856683
BH_s15_low,0,559,18.633333333333333,-0.15476727720309302,1.1987780553850174
BH_s15_low,0,560,18.666666666666668,-0.24336925096859585,1.213944066286585
BH_s15_low,0,561,18.7,-0.3219952010997511,1.1965262255525875
BH_s15_low,0,562,18.733333333333334,-0.3949731499904978,1.1435313874174489
BH_s15_low,0,563,18.766666666666666,-0.4684821805356483,1.0413056095943845
BH_s15_low,0,564,18.8,-0.547977609137889,0.8883336312418612
BH_s15_low,0,565,18.833333333333332,-0.6356483306766115,0.6960190572944751
BH_s15_low,0,566,18.866666666666667,-0.7286563211282416,0.47949546227843554
BH_s15_low,0,567,18.9,-0.8172849994989606,0.25860662057177436
BH_s15_low,0,568,18.933333333333334,-0.8851253761599155,0.053242120997816125
BH_s15_low,0,569,18.966666666666665,-0.9115618941322658,-0.1155873727787447
BH_s15_low,0,570,19.0,-0.8724640883817087,-0.24201506313195
BH_s15_low,0,571,19.033333333333335,-0.7394282335721551,-0.33419439258931716
BH_s15_low,0,572,19.066666666666666,-0.4817267533407127,-0.4008372394442059
BH_s15_low,0,573,19.1,-0.08781465497932087,-0.4502133577093077
BH_s15_low,0,574,19.133333333333333,0.39376503482938907,-0.483912065659508
BH_s15_low,0,575,19.166666666666668,0.8475854154658731,-0.49635840672798204
BH_s15_low,0,576,19.2,1.1524720084829052,-0.505860546708726
BH_s15_low,0,577,19.233333333333334,1.2581875796573856,-0.5539232940791585
BH_s15_low,0,578,19.266666666666666,1.2002781569161756,-0.6496562880797732
BH_s15_low,0,579,19.3,1.049774206258502,-0.769118854304815
BH_s15_low,0,580,19.333333333333332,0.863523049181013,-0.8754639786633611
BH_s15_low,0,581,19.366666666666667,0.6765564673364121,-0.9191210140649089
BH_s15_low,0,582,19.4,0.5110386793375564,-0.8769453819747104
BH_s15_low,0,583,19.433333333333334,0.3746806740553711,-0.752575470481083
BH_s15_low,0,584,19.466666666666665,0.25880629175638176,-0.5537211137080266
BH_s15_low,0,585,19.5,0.14968171886705706,-0.292857707480114
BH_s15_low,0,586,19.533333333333335,0.04235578850796408,0.028345684753903096
BH_s15_low,0,587,19.566666666666666,-0.059300455300969085,0.4171650900820588
BH_s15_low,0,588,19.6,-0.1515452086767227,0.8277251439496953
BH_s15_low,0,589,19.633333333333333,-0.23347865558032238,1.1594883628014585
BH_s15_low,0,590,19.666666666666668,-0.3058777311662717,1.349310689185613
BH_s15_low,0,591,19.7,-0.37393638668944956,1.3708395530616222
BH_s15_low,0,592,19.733333333333334,-0.4450940172639692,1.227323586693951
BH_s15_low,0,593,19.766666666666666,-0.5248864691266745,0.9513294601788593
BH_s15_low,0,594,19.8,-0.6138078516030419,0.5886561628715935
BH_s15_low,0,595,19.833333333333332,-0.7062200463474699,0.1989683510122483
BH_s15_low,0,596,19.866666666666667,-0.7937623808011451,-0.1773587896775009
BH_s15_low,0,597,19.9,-0.864475596689109,-0.5176270311091459
BH_s15_low,0,598,19.933333333333334,-0.9010252261145278,-0.806176182047992
BH_s15_low,0,599,19.966666666666665,-0.8835803968594587,-1.03241051574786
BH_s15_low,0,600,20.0,-0.7896901306375387,-1.1729317082075599
BH_s15_low,0,601,20.033333333333335,-0.5926750982446405,-1.1906075749984877
BH_s15_low,0,602,20.066666666666666,-0.27102477913487527,-1.057395042053564
BH_s15_low,0,603,20.1,0.15943015225537369,-0.7550425976730524
BH_s15_low,0,604,20.133333333333333,0.6148541546652325,-0.33275704691408803
BH_s15_low,0,605,20.166666666666668,0.9713329579837747,0.09202121052274674
BH_s15_low,0,606,20.2,1.1442887463259424,0.43832066057196356
BH_s15_low,0,607,20.233333333333334,1.1373770020403293,0.6608997996399669
BH_s15_low,0,608,20.266666666666666,1.0156585711480712,0.7529470850840401
BH_s15_low,0,609,20.3,0.8497389384711952,0.7446586381351514
BH_s15_low,0,610,20.333333333333332,0.6858906695420286,0.6659801867145831
BH_s15_low,0,611,20.366666666666667,0.5450545683434403,0.5457900217658753
BH_s15_low,0,612,20.4,0.4302355830485194,0.41143641234181894
BH_s15_low,0,613,20.433333333333334,0.3314686506080666,0.2888113201102598
BH_s15_low,0,614,20.466666666666665,0.2338037824796988,0.1877973936926441
BH_s15_low,0,615,20.5,0.12895120538773827,0.10287801678814215
BH_s15_low,0,616,20.533333333333335,0.021102962023310606,0.04142375027497061
BH_s15_low,0,617,20.566666666666666,-0.08165714796540531,0.024119446183467064
BH_s15_low,0,618,20.6,-0.17767323558195225,0.06375410495782385
BH_s15_low,0,619,20.633333333333333,-0.26896697997111824,0.16501963192462205
BH_s15_low,0,620,20.666666666666668,-0.35677439927925314,0.2853085986945535
BH_s15_low,0,621,20.7,-0.44321914478334057,0.33526752203819404
BH_s15_low,0,622,20.733333333333334,-0.5301937003968107,0.2839501977276
BH_s15_low,0,623,20.766666666666666,-0.616234917155867,0.1594058826353454
BH_s15_low,0,624,20.8,-0.6979644947654854,-0.0056620997476151125
BH_s15_low,0,625,20.833333333333332,-0.7695520922540593,-0.17389402384106972
BH_s15_low,0,626,20.866666666666667,-0.8206007182862607,-0.3259058623236059
BH_s15_low,0,627,20.9,-0.8359280170152772,-0.45959895705805687
BH_s15_low,0,628,20.933333333333334,-0.7976932149488417,-0.5691776122689715
BH_s15_low,0,629,20.966666666666665,-0.6882313680495542,-0.644329413704978
BH_s15_low,0,630,21.0,-0.4884470941214276,-0.6855901353839117
BH_s15_low,0,631,21.033333333333335,-0.1809144765893209,-0.7037804882961936
BH_s15_low,0,632,21.066666666666666,0.22086546780900265,-0.6885147313326097
BH_s15_low,0,633,21.1,0.6406011983539196,-0.608382031201123
BH_s15_low,0,634,21.133333333333333,0.9630901074559027,-0.4474917586435515
BH_s15_low,0,635,21.166666666666668,1.1049852370885764,-0.2065393224523803
BH_s15_low,0,636,21.2,1.065863448464857,0.05700314565179182
BH_s15_low,0,637,21.233333333333334,0.9121572971372549,0.22876380635131818
BH_s15_low,0,638,21.266666666666666,0.7215520321459186,0.2571919888982922
BH_s15_low,0,639,21.3,0.5466793002885635,0.1537470961659348
BH_s15_low,0,640,21.333333333333332,0.410292000288107,-0.04266608436245842
BH_s15_low,0,641,21.366666666666667,0.3118557090773874,-0.2661495235728307
BH_s15_low,0,642,21.4,0.23402908770856168,-0.43528028992101114
BH_s15_low,0,643,21.433333333333334,0.15870539775495446,-0.45392741990650076
BH_s15_low,0,644,21.466666666666665,0.08019176306781672,-0.28795519638177214
BH_s15_low,0,645,21.5,-0.0006905204378897939,0.0338623938157843
BH_s15_low,0,646,21.533333333333335,-0.08086009796514358,0.42724948899811593
BH_s15_low,0,647,21.566666666666666,-0.15474899416342686,0.7525012743114798
BH_s15_low,0,648,21.6,-0.22109030954480619,0.95005893992238
BH_s15_low,0,649,21.633333333333333,-0.2848018054568838,1.0398687476400674
BH_s15_low,0,650,21.666666666666668,-0.3536449385862123,1.040841437314301
BH_s15_low,0,651,21.7,-0.4351065538840381,0.9696660079910225
BH_s15_low,0,652,21.733333333333334,-0.5292560404612818,0.8546983684230884
BH_s15_low,0,653,21.766666666666666,-0.6281403347943006,0.7356874314789552
BH_s15_low,0,654,21.8,-0.7239008626570964,0.6251285170056436
BH_s15_low,0,655,21.833333333333332,-0.8083045244670989,0.5088186686835121
BH_s15_low,0,656,21.866666666666667,-0.8682892656564251,0.3781574271491172
BH_s15_low,0,657,21.9,-0.8857593963385676,0.23131432770225163
BH_s15_low,0,658,21.933333333333334,-0.8374466276605218,0.0652198580351925
BH_s15_low,0,659,21.966666666666665,-0.6957479436308324,-0.12319318652509577
BH_s15_low,0,660,22.0,-0.43184120012759175,-0.3207383557774115
BH_s15_low,0,661,22.033333333333335,-0.0376142162509647,-0.49690180979554377
BH_s15_low,0,662,22.066666666666666,0.4358942565294848,-0.6349536174067445
BH_s15_low,0,663,22.1,0.8739286053256532,-0.7310731556678218
BH_s15_low,0,664,22.133333333333333,1.1576112547027704,-0.7899829260431027
BH_s15_low,0,665,22.166666666666668,1.240058384481179,-0.8240498110399261
BH_s15_low,0,666,22.2,1.1619501538329577,-0.8434089514699497
BH_s15_low,0,667,22.233333333333334,0.9988698292954525,-0.8553825987046291
BH_s15_low,0,668,22.266666666666666,0.8099422504116367,-0.8615304966298523
BH_s15_low,0,669,22.3,0.6282078573880847,-0.8575079551103966
BH_s15_low,0,670,22.333333333333332,0.46782608907504103,-0.8313686284628834
BH_s15_low,0,671,22.366666666666667,0.3298249577351922,-0.7639607948335676
BH_s15_low,0,672,22.4,0.20808718766369716,-0.6362544138374753
BH_s15_low,0,673,22.433333333333334,0.0955934270652537,-0.43042626819380214
BH_s15_low,0,674,22.466666666666665,-0.009422991723777835,-0.14775759086504187
BH_s15_low,0,675,22.5,-0.10257369648280876,0.18985127921328265
BH_s15_low,0,676,22.533333333333335,-0.17968803414357226,0.5156528023432856
BH_s15_low,0,677,22.566666666666666,-0.24085470366522668,0.7174667434171087
BH_s15_low,0,678,22.6,-0.28983237480726765,0.7637936146785295
BH_s15_low,0,679,22.633333333333333,-0.33383355063183484,0.7031852613766625
BH_s15_low,0,680,22.666666666666668,-0.3808727748839864,0.5932202737628514
BH_s15_low,0,681,22.7,-0.436567573367622,0.49919755808746247
BH_s15_low,0,682,22.733333333333334,-0.5034135108494886,0.45877106792057987
BH_s15_low,0,683,22.766666666666666,-0.5802835247410869,0.48147394355555506
BH_s15_low,0,684,22.8,-0.6619608912316273,0.5363075431989868
BH_s15_low,0,685,22.833333333333332,-0.7387281250515066,0.5524294261516911
BH_s15_low,0,686,22.866666666666667,-0.7962201276062645,0.4993633489458697
BH_s15_low,0,687,22.9,-0.81755287118501,0.38774377371603835
BH_s15_low,0,688,22.933333333333334,-0.7832524524499419,0.24758339589596223
BH_s15_low,0,689,22.966666666666665,-0.6694437391997482,0.12821395285831919
BH_s15_low,0,690,23.0,-0.4486746930828445,0.05490556777076513
BH_s15_low,0,691,23.033333333333335,-0.10320909083895506,0.02902031974488077
BH_s15_low,0,692,23.066666666666666,0.33702197266442563,0.03602512465743378
BH_s15_low,0,693,23.1,0.7725746937182539,0.04613812870753016
BH_s15_low,0,694,23.133333333333333,1.0782376749771307,0.039971644818070126
BH_s15_low,0,695,23.166666666666668,1.1849703269241947,0.009070664444523188
BH_s15_low,0,696,23.2,1.1152645011479243,-0.049314671002278244
BH_s15_low,0,697,23.233333333333334,0.9450410438273786,-0.1318721664379795
BH_s15_low,0,698,23.266666666666666,0.7487532715945023,-0.2241171621416423
BH_s15_low,0,699,23.3,0.5733743226791946,-0.300164482806592
BH_s15_low,0,700,23.333333333333332,0.4377070703469966,-0.3491471891060802
BH_s15_low,0,701,23.366666666666667,0.3356373889048247,-0.37493920539951475
BH_s15_low,0,702,23.4,0.24698468979177524,-0.3905102673229662
BH_s15_low,0,703,23.433333333333334,0.1554184069103961,-0.4173349981063314
BH_s15_low,0,704,23.466666666666665,0.057077257105086716,-0.4579766790328076
BH_s15_low,0,705,23.5,-0.043032780346967614,-0.49580505554215665
BH_s15_low,0,706,23.533333333333335,-0.14000232025531867,-0.5199703381188089
BH_s15_low,0,707,23.566666666666666,-0.2311160972998886,-0.5254461514889087
BH_s15_low,0,708,23.6,-0.31520443367536677,-0.5096055400798892
BH_s15_low,0,709,23.633333333333333,-0.39671215481534566,-0.47227521745145906
BH_s15_low,0,710,23.666666666666668,-0.4803581060529346,-0.4041563519531328
BH_s15_low,0,711,23.7,-0.5655487075633833,-0.2873903138626097
BH_s15_low,0,712,23.733333333333334,-0.6503449486405077,-0.10360095546671017
BH_s15_low,0,713,23.766666666666666,-0.7308945108407955,0.16470250718818374
BH_s15_low,0,714,23.8,-0.8009445949472171,0.47817473047026476
BH_s15_low,0,715,23.833333333333332,-0.8514513112232411,0.7398094427324365
BH_s15_low,0,716,23.866666666666667,-0.8656611009188027,0.8988480936277247
BH_s15_low,0,717,23.9,-0.8193081427358456,0.9503400870440782
BH_s15_low,0,718,23.933333333333334,-0.6859440142638004,0.9124013186020944
BH_s15_low,0,719,23.966666666666665,-0.44037126831686596,0.8253102701175342
BH_s15_low,0,720,24.0,-0.0723638917168922,0.7254515738962951
BH_s15_low,0,721,24.033333333333335,0.37991418798094784,0.6448960398135507
BH_s15_low,0,722,24.066666666666666,0.8135790645328297,0.5752736049059985
BH_s15_low,0,723,24.1,1.1060712769152223,0.46861225437923737
BH_s15_low,0,724,24.133333333333333,1.1950414287461033,0.3055327344670542
BH_s15_low,0,725,24.166666666666668,1.1099581864353096,0.09660335288892938
BH_s15_low,0,726,24.2,0.9301127223869307,-0.1440869683777103
BH_s15_low,0,727,24.233333333333334,0.729706155404766,-0.3978013623915753
BH_s15_low,0,728,24.266666666666666,0.554937909943688,-0.6425411706377535
BH_s15_low,0,729,24.3,0.4215963684591173,-0.851830763425478
BH_s15_low,0,730,24.333333333333332,0.3207077561926317,-1.0113151506717306
BH_s15_low,0,731,24.366666666666667,0.2318283688751451,-1.1176565889307448
BH_s15_low,0,732,24.4,0.1388770410607978,-1.162787757684358
BH_s15_low,0,733,24.433333333333334,0.03853786472596131,-1.1333845523801152
BH_s15_low,0,734,24.466666666666665,-0.06372810749958081,-1.0214373643772665
BH_s15_low,0,735,24.5,-0.16032356453475283,-0.8247164509371128
BH_s15_low,0,736,24.533333333333335,-0.24580809873223464,-0.561692706842192
BH_s15_low,0,737,24.566666666666666,-0.3187408464086941,-0.2724577996339991
BH_s15_low,0,738,24.6,-0.38345985054249776,0.018527917540223628
BH_s15_low,0,739,24.633333333333333,-0.4469722820615851,0.3010133867830262
BH_s15_low,0,740,24.666666666666668,-0.5110335417860964,0.5627499257762569
BH_s15_low,0,741,24.7,-0.576396209260382,0.7877642857613338
BH_s15_low,0,742,24.733333333333334,-0.6447033000894179,0.9798142740174061
BH_s15_low,0,743,24.766666666666666,-0.7107692691391961,1.1606217180658105
BH_s15_low,0,744,24.8,-0.7622365353236359,1.3072090932713967
BH_s15_low,0,745,24.833333333333332,-0.7818904650698416,1.3512374471607849
BH_s15_low,0,746,24.866666666666667,-0.7478008982046359,1.2692790214773635
BH_s15_low,0,747,24.9,-0.6361367638259878,1.083170861387957
BH_s15_low,0,748,24.933333333333334,-0.42220626486991375,0.8170961794785084
BH_s15_low,0,749,24.966666666666665,-0.08960065443474174,0.498237382986238
BH_s15_low,0,750,25.0,0.33402666586745383,0.15851482317064874
BH_s15_low,0,751,25.033333333333335,0.75417679652158,-0.1640156540599737
BH_s15_low,0,752,25.066666666666666,1.0482607369991983,-0.4532615142801152
BH_s15_low,0,753,25.1,1.143325488426402,-0.7132070960474094
BH_s15_low,0,754,25.133333333333333,1.058703863324082,-0.943694501055762
BH_s15_low,0,755,25.166666666666668,0.8728132488116114,-1.1385311816150365
BH_s15_low,0,756,25.2,0.6684913275667664,-1.2875140061190296
BH_s15_low,0,757,25.233333333333334,0.500768519505251,-1.3753074719400051
BH_s15_low,0,758,25.266666666666666,0.38502181440732725,-1.3791799955695914
BH_s15_low,0,759,25.3,0.30763655499969106,-1.2690310709517298
BH_s15_low,0,760,25.333333333333332,0.24177209468745142,-1.0298567222856305
BH_s15_low,0,761,25.366666666666667,0.16539105156873976,-0.6629942916143716
BH_s15_low,0,762,25.4,0.07190420401139458,-0.2173530957021212
BH_s15_low,0,763,25.433333333333334,-0.03380093595818062,0.20932517606545256
BH_s15_low,0,764,25.466666666666665,-0.13971283216812797,0.5579881082741264
BH_s15_low,0,765,25.5,-0.23368695908302348,0.8068669767718543
BH_s15_low,0,766,25.533333333333335,-0.3101542265696488,0.9513296455721388
BH_s15_low,0,767,25.566666666666666,-0.3739993350338782,1.0021829163455496
BH_s15_low,0,768,25.6,-0.4373078585529815,0.9817769395450291
BH_s15_low,0,769,25.633333333333333,-0.509186191874829,0.9229607304215457
BH_s15_low,0,770,25.666666666666668,-0.5927185230177336,0.8373648796093356
BH_s15_low,0,771,25.7,-0.6866643555587277,0.715470289889065
BH_s15_low,0,772,25.733333333333334,-0.7826089444154856,0.5628849146144668
BH_s15_low,0,773,25.766666666666666,-0.8668363372845868,0.4010594642977827
BH_s15_low,0,774,25.8,-0.922358844508944,0.24102868686528428
BH_s15_low,0,775,25.833333333333332,-0.9265434660400824,0.08427710685739168
BH_s15_low,0,776,25.866666666666667,-0.8538266305059945,-0.06992522533904046
BH_s15_low,0,777,25.9,-0.6740629142917239,-0.22333861844473207
BH_s15_low,0,778,25.933333333333334,-0.35469580222332825,-0.3683982207556483
BH_s15_low,0,779,25.966666666666665,0.10255441689263813,-0.4872831433256142
BH_s15_low,0,780,26.0,0.6196085314362155,-0.5585854275506774
BH_s15_low,0,781,26.033333333333335,1.059771108169,-0.557022080154556
BH_s15_low,0,782,26.066666666666666,1.3058551818128326,-0.47874051141142326
BH_s15_low,0,783,26.1,1.3311648400529483,-0.3413898538829083
BH_s15_low,0,784,26.133333333333333,1.1959600816167977,-0.18180613091554423
BH_s15_low,0,785,26.166666666666668,0.9892604033261212,-0.0558899322236171
BH_s15_low,0,786,26.2,0.7803273128513506,0.016476663262096316
BH_s15_low,0,787,26.233333333333334,0.6025298883158489,0.05113851455647012
BH_s15_low,0,788,26.266666666666666,0.4632019294044568,0.056639789501162774
BH_s15_low,0,789,26.3,0.35439877019600613,0.03375949612979075
BH_s15_low,0,790,26.333333333333332,0.257100053496211,-0.00680703270836714
BH_s15_low,0,791,26.366666666666667,0.1543051027179131,-0.04456965205984991
BH_s15_low,0,792,26.4,0.04379400909110738,-0.07158334102105443
BH_s15_low,0,793,26.433333333333334,-0.0660455795866235,-0.0923903666834062
BH_s15_low,0,794,26.466666666666665,-0.16770115159646867,-0.10588434949433631
BH_s15_low,0,795,26.5,-0.2585546403230548,-0.10518243398782401
BH_s15_low,0,796,26.533333333333335,-0.3397824488517143,-0.08017508406767654
BH_s15_low,0,797,26.566666666666666,-0.4156115307218162,-0.01781606069392602
BH_s15_low,0,798,26.6,-0.49296645882366635,0.09041679801414647
BH_s15_low,0,799,26.633333333333333,-0.5780582494258864,0.24783260044958866
BH_s15_low,0,800,26.666666666666668,-0.6727814248148544,0.4017404433815373
BH_s15_low,0,801,26.7,-0.774440869577211,0.4438409731917379
BH_s15_low,0,802,26.733333333333334,-0.8731521960283851,0.3426898636517339
BH_s15_low,0,803,26.766666666666666,-0.9511864004998577,0.1443022815829041
BH_s15_low,0,804,26.8,-0.9871647662860294,-0.0939475135713949
BH_s15_low,0,805,26.833333333333332,-0.9583110764883995,-0.3035586826014859
BH_s15_low,0,806,26.866666666666667,-0.8386806382232841,-0.42452484235033483
BH_s15_low,0,807,26.9,-0.596264420756786,-0.4055638877624632
BH_s15_low,0,808,26.933333333333334,-0.2105160850556886,-0.25754631580888454
BH_s15_low,0,809,26.966666666666665,0.28683175665925187,-0.05332338639506155
BH_s15_low,0,810,27.0,0.7907918514347965,0.13355905585992683
BH_s15_low,0,811,27.033333333333335,1.1622514819157665,0.22950771019479396
BH_s15_low,0,812,27.066666666666666,1.3148351860729026,0.21124372942445246
BH_s15_low,0,813,27.1,1.2630798980161106,0.10577464381824514
BH_s15_low,0,814,27.133333333333333,1.0866695647688416,-0.032497843398223876
BH_s15_low,0,815,27.166666666666668,0.8693314774793898,-0.12260305364015477
BH_s15_low,0,816,27.2,0.6659078345716413,-0.153812519660106
BH_s15_low,0,817,27.233333333333334,0.5004274623868973,-0.18531889155839923
BH_s15_low,0,818,27.266666666666666,0.37385835781161564,-0.23188389012399666
BH_s15_low,0,819,27.3,0.2706658428614103,-0.2632036562478015
BH_s15_low,0,820,27.333333333333332,0.17041774661661946,-0.2332523074613586
BH_s15_low,0,821,27.366666666666667,0.06309840815648944,-0.08139944846547684
BH_s15_low,0,822,27.4,-0.04613551016006995,0.15783234725887788
BH_s15_low,0,823,27.433333333333334,-0.14623969053803992,0.3546600109967017
BH_s15_low,0,824,27.466666666666665,-0.23128134790132882,0.44699105033651554
BH_s15_low,0,825,27.5,-0.304088507765552,0.4407917973328322
BH_s15_low,0,826,27.533333333333335,-0.37067819915403644,0.36288909484105236
BH_s15_low,0,827,27.566666666666666,-0.4352798387924263,0.26023681781495256
BH_s15_low,0,828,27.6,-0.5018024511144842,0.1767531677029461
BH_s15_low,0,829,27.633333333333333,-0.5729249216885519,0.15279158077457344
BH_s15_low,0,830,27.666666666666668,-0.649497647036053,0.17335981063819547
BH_s15_low,0,831,27.7,-0.7299861219025306,0.16872898045089935
BH_s15_low,0,832,27.733333333333334,-0.8057560727368478,0.11311865953551016
BH_s15_low,0,833,27.766666666666666,-0.858660593218519,0.02548080526839687
BH_s15_low,0,834,27.8,-0.8631364762316254,-0.06190473485336851
BH_s15_low,0,835,27.833333333333332,-0.7907633677025951,-0.10372481457669527
BH_s15_low,0,836,27.866666666666667,-0.6110757318785985,-0.10163860168642468
BH_s15_low,0,837,27.9,-0.2970796508099569,-0.10392722374456712
BH_s15_low,0,838,27.933333333333334,0.142302225757336,-0.13979099250136623
BH_s15_low,0,839,27.966666666666665,0.6259778868684533,-0.21849720329045388
BH_s15_low,0,840,28.0,1.0194655286533512,-0.32839742815608464
BH_s15_low,0,841,28.033333333333335,1.2143186559616879,-0.43671625867075714
BH_s15_low,0,842,28.066666666666666,1.1956944804176897,-0.5225812891163398
BH_s15_low,0,843,28.1,1.0319843203033456,-0.5768793944857007
BH_s15_low,0,844,28.133333333333333,0.8169961094636953,-0.611107562336286
BH_s15_low,0,845,28.166666666666668,0.6242583526363318,-0.6566982006724307
BH_s15_low,0,846,28.2,0.4868345399005456,-0.693455805301719
BH_s15_low,0,847,28.233333333333334,0.39885661654858334,-0.6498701369647516
BH_s15_low,0,848,28.266666666666666,0.3315732283170573,-0.4829826066285361
BH_s15_low,0,849,28.3,0.2541814852463565,-0.18000180162263058
BH_s15_low,0,850,28.333333333333332,0.15140271252489867,0.2007840350413487
BH_s15_low,0,851,28.366666666666667,0.029870811582994608,0.529449248301565
BH_s15_low,0,852,28.4,-0.09413182388620785,0.7546007159270492
BH_s15_low,0,853,28.433333333333334,-0.21164192477088886,0.9024456062408129
BH_s15_low,0,854,28.466666666666665,-0.32199414143784044,0.9839018410285028
BH_s15_low,0,855,28.5,-0.426270410915633,0.9931826388554656
BH_s15_low,0,856,28.533333333333335,-0.5260476613873593,0.9412730478711557
BH_s15_low,0,857,28.566666666666666,-0.6258179516494965,0.8555275273652715
BH_s15_low,0,858,28.6,-0.7300917504195181,0.7454914275058419
BH_s15_low,0,859,28.633333333333333,-0.8364963977684261,0.6032453483745859
BH_s15_low,0,860,28.666666666666668,-0.935098213476331,0.4273518748846757
BH_s15_low,0,861,28.7,-1.0079514624783965,0.22394357738373052
BH_s15_low,0,862,28.733333333333334,-1.0289321538229292,0.002622285064491338
BH_s15_low,0,863,28.766666666666666,-0.9699873575844172,-0.2223159925200454
BH_s15_low,0,864,28.8,-0.8018270748439592,-0.4324861811638469
BH_s15_low,0,865,28.833333333333332,-0.4933868122649223,-0.6042792892657884
BH_s15_low,0,866,28.866666666666667,-0.04029930267273211,-0.7127155952013929
BH_s15_low,0,867,28.9,0.49178540700980355,-0.7308803566988306
BH_s15_low,0,868,28.933333333333334,0.9698854280650846,-0.6694728421174447
BH_s15_low,0,869,28.966666666666665,1.2652622563343583,-0.5763221304132548
BH_s15_low,0,870,29.0,1.3353830417218744,-0.49733050085077435
BH_s15_low,0,871,29.033333333333335,1.2323960026453298,-0.47578497154378085
BH_s15_low,0,872,29.066666666666666,1.044614475017999,-0.5028991261748577
BH_s15_low,0,873,29.1,0.8461501451654849,-0.5182014295601921
BH_s15_low,0,874,29.133333333333333,0.6785644269429019,-0.4711866253158216
BH_s15_low,0,875,29.166666666666668,0.5500316416437893,-0.32265505979363845
BH_s15_low,0,876,29.2,0.44643742847712625,-0.10154065831091026
BH_s15_low,0,877,29.233333333333334,0.3457535417309362,0.09485503755673289
BH_s15_low,0,878,29.266666666666666,0.2315407939641157,0.2186135479676905
BH_s15_low,0,879,29.3,0.10151330162230149,0.27116569938886403
BH_s15_low,0,880,29.333333333333332,-0.03489138446672892,0.2931288060307954
BH_s15_low,0,881,29.366666666666667,-0.165008537978997,0.3627558380614887
BH_s15_low,0,882,29.4,-0.2833958884938924,0.4879974313232669
BH_s15_low,0,883,29.433333333333334,-0.392941835950661,0.6057788545555849
BH_s15_low,0,884,29.466666666666665,-0.49760953173465255,0.6712282086728201
BH_s15_low,0,885,29.5,-0.6009991367534318,0.6581440286453165
BH_s15_low,0,886,29.533333333333335,-0.7049691690376324,0.5724024533837946
BH_s15_low,0,887,29.566666666666666,-0.8092972469022138,0.45191701885566404
BH_s15_low,0,888,29.6,-0.9109215924953846,0.32918582612664193
BH_s15_low,0,889,29.633333333333333,-1.0008598150482255,0.2312703158456019
BH_s15_low,0,890,29.666666666666668,-1.0618417149285675,0.1677764381314863
BH_s15_low,0,891,29.7,-1.0681819103477705,0.13134496971683687
BH_s15_low,0,892,29.733333333333334,-0.989917624905114,0.09465795295480212
BH_s15_low,0,893,29.766666666666666,-0.7936618138811214,0.011561161056520462
BH_s15_low,0,894,29.8,-0.4491954317006281,-0.1087745440695645
BH_s15_low,0,895,29.833333333333332,0.037112322383266214,-0.20144479972708476
BH_s15_low,0,896,29.866666666666667,0.5844540938020315,-0.23425141823493495
BH_s15_low,0,897,29.9,1.0529161198888368,-0.20789273689288187
BH_s15_low,0,898,29.933333333333334,1.3221790761850294,-0.14685334614479276
BH_s15_low,0,899,29.966666666666665,1.3649021940726311,-0.09882499531877743
BH_s15_low,0,900,30.0,1.2417843859522333,-0.08960406985325803
BH_s15_low,0,901,30.033333333333335,1.040925316196941,-0.12264675784947268
BH_s15_low,0,902,30.066666666666666,0.8310502901165321,-0.19830520659375614
BH_s15_low,0,903,30.1,0.6491766797557877,-0.3135570153072891
BH_s15_low,0,904,30.133333333333333,0.5045647154090225,-0.4483819972795343
BH_s15_low,0,905,30.166666666666668,0.387024033353573,-0.5655159328843381
BH_s15_low,0,906,30.2,0.27793892319996416,-0.6440419366121898
BH_s15_low,0,907,30.233333333333334,0.163198751667183,-0.6791854897941814
BH_s15_low,0,908,30.266666666666666,0.041113230420201236,-0.6718607920424393
BH_s15_low,0,909,30.3,-0.08149591376467101,-0.6284536435734204
BH_s15_low,0,910,30.333333333333332,-0.19638214062634435,-0.574169034954871
BH_s15_low,0,911,30.366666666666667,-0.2985889742830007,-0.552704060472625
BH_s15_low,0,912,30.4,-0.3875629494380868,-0.5541723966944271
BH_s15_low,0,913,30.433333333333334,-0.4676384663420482,-0.5156524147547712
BH_s15_low,0,914,30.466666666666665,-0.547222267716344,-0.3840035693990058
BH_s15_low,0,915,30.5,-0.6312704736147112,-0.11779556163328903
BH_s15_low,0,916,30.533333333333335,-0.7181258014319436,0.24421219057496799
BH_s15_low,0,917,30.566666666666666,-0.8019500979314828,0.5821557578727009
BH_s15_low,0,918,30.6,-0.8716524684858344,0.8345003880923887
BH_s15_low,0,919,30.633333333333333,-0.9118140008266976,0.9972781294296631
BH_s15_low,0,920,30.666666666666668,-0.9038377296258495,1.0706243860930171
BH_s15_low,0,921,30.7,-0.8243977923366297,1.057515331028083
BH_s15_low,0,922,30.733333333333334,-0.6437947198737756,0.98686690106508
BH_s15_low,0,923,30.766666666666666,-0.3341025417495785,0.9127330508038078
BH_s15_low,0,924,30.8,0.09783594213789915,0.8365439507220402
BH_s15_low,0,925,30.833333333333332,0.5776288781062188,0.7075673761948317
BH_s15_low,0,926,30.866666666666667,0.9777158110467451,0.5224672524871183
BH_s15_low,0,927,30.9,1.1890077321749533,0.32632905741721874
BH_s15_low,0,928,30.933333333333334,1.1897539352432467,0.14339127953097677
BH_s15_low,0,929,30.966666666666665,1.0417518994426107,-0.022213113780345323
BH_s15_low,0,930,31.0,0.8352366262420566,-0.17483851256895597
BH_s15_low,0,931,31.033333333333335,0.641666096473076,-0.3259585978382865
BH_s15_low,0,932,31.066666666666666,0.4952315849108914,-0.4608938470237999
BH_s15_low,0,933,31.1,0.39568051369886215,-0.5380827860721578
BH_s15_low,0,934,31.133333333333333,0.31971377000491835,-0.5445655643755366
BH_s15_low,0,935,31.166666666666668,0.24061379920128426,-0.4957313395778433
BH_s15_low,0,936,31.2,0.14519718323916841,-0.42190496315590564
BH_s15_low,0,937,31.233333333333334,0.0334977760713894,-0.36775374559049195
BH_s15_low,0,938,31.266666666666666,-0.0866761752439421,-0.3490704614062935
BH_s15_low,0,939,31.3,-0.20462992645862266,-0.35264557142984987
BH_s15_low,0,940,31.333333333333332,-0.31452348438945454,-0.347627175588991
BH_s15_low,0,941,31.366666666666667,-0.41881636986373416,-0.2863350869973126
BH_s15_low,0,942,31.4,-0.5225431314888205,-0.15008788494157943
BH_s15_low,0,943,31.433333333333334,-0.6268738966047366,0.04985627713794336
BH_s15_low,0,944,31.466666666666665,-0.7283069213053631,0.2619524651045024
BH_s15_low,0,945,31.5,-0.8186788688255512,0.3944457098239579
BH_s15_low,0,946,31.533333333333335,-0.8863805436177667,0.42566744022487146
BH_s15_low,0,947,31.566666666666666,-0.9167387815736604,0.40372365207525596
BH_s15_low,0,948,31.6,-0.890940800425754,0.34879898866005593
BH_s15_low,0,949,31.633333333333333,-0.7849842747212945,0.252735020371006
BH_s15_low,0,950,31.666666666666668,-0.5698831271974364,0.1207977181751216
BH_s15_low,0,951,31.7,-0.22550431818613476,-0.027794625501534255
BH_s15_low,0,952,31.733333333333334,0.22444694523324446,-0.18656152530758732
BH_s15_low,0,953,31.766666666666666,0.687029968425649,-0.36090371470069155
BH_s15_low,0,954,31.8,1.0339599263650021,-0.5517955126119632
BH_s15_low,0,955,31.833333333333332,1.1817115415843398,-0.7545436322137871
BH_s15_low,0,956,31.866666666666667,1.139293605944208,-0.9352926566193139
BH_s15_low,0,957,31.9,0.9803400630068115,-1.0305992617161466
BH_s15_low,0,958,31.933333333333334,0.7871328056920942,-0.9930116816468537
BH_s15_low,0,959,31.966666666666665,0.6152793342889185,-0.7918194184825086
BH_s15_low,0,960,32.0,0.482665551935477,-0.46579851719168214
BH_s15_low,0,961,32.03333333333333,0.38204288938071335,-0.12361076507434984
BH_s15_low,0,962,32.06666666666667,0.2943075480396356,0.1798270329874981
BH_s15_low,0,963,32.1,0.19872138875006218,0.4423975052159681
BH_s15_low,0,964,32.13333333333333,0.08717271052424735,0.6563802763062425
BH_s15_low,0,965,32.166666666666664,-0.03411147013776071,0.8067261846861181
BH_s15_low,0,966,32.2,-0.15266799860492686,0.8940430207536166
BH_s15_low,0,967,32.233333333333334,-0.2587740639752191,0.9334531277622087
BH_s15_low,0,968,32.266666666666666,-0.35058346925799144,0.9342086500452293
BH_s15_low,0,969,32.3,-0.43274503979720813,0.8991226269912816
BH_s15_low,0,970,32.333333333333336,-0.5131609058482408,0.8360858660365609
BH_s15_low,0,971,32.36666666666667,-0.5988433801579174,0.7581035782196971
BH_s15_low,0,972,32.4,-0.6902951359998375,0.6708955763585163
BH_s15_low,0,973,32.43333333333333,-0.7832896334678581,0.5733359081619214
BH_s15_low,0,974,32.46666666666667,-0.8707570672010149,0.46374122305175375
BH_s15_low,0,975,32.5,-0.9375115200289271,0.3406932378417163
BH_s15_low,0,976,32.53333333333333,-0.9625033260545011,0.206445050003644
BH_s15_low,0,977,32.56666666666667,-0.9213992965754052,0.06783459468636971
BH_s15_low,0,978,32.6,-0.7847390734465012,-0.06817837653026018
BH_s15_low,0,979,32.63333333333333,-0.5223521466865764,-0.19361134592669352
BH_s15_low,0,980,32.666666666666664,-0.1197713633262333,-0.30766114594589034
BH_s15_low,0,981,32.7,0.3847682204458942,-0.4157200981527845
BH_s15_low,0,982,32.733333333333334,0.8799978105942972,-0.5260367378145718
BH_s15_low,0,983,32.766666666666666,1.230377167051712,-0.6486074001773129
BH_s15_low,0,984,32.8,1.3633836517004925,-0.7756190357334997
BH_s15_low,0,985,32.833333333333336,1.3042611996036624,-0.8807216182549014
BH_s15_low,0,986,32.86666666666667,1.131446899077518,-0.9476320911548072
BH_s15_low,0,987,32.9,0.9200258726920743,-0.9698057662533783
BH_s15_low,0,988,32.93333333333333,0.7167999258851189,-0.9447894859762486
BH_s15_low,0,989,32.96666666666667,0.541277363540174,-0.8741226472607546
BH_s15_low,0,990,33.0,0.39699584784560965,-0.7567635819502677
BH_s15_low,0,991,33.03333333333333,0.2759571218943188,-0.5896486653318179
BH_s15_low,0,992,33.06666666666667,0.16318818173514174,-0.36553333265758514
BH_s15_low,0,993,33.1,0.050170257436829555,-0.0744498760824035
BH_s15_low,0,994,33.13333333333333,-0.060917660138711346,0.24472459601391144
BH_s15_low,0,995,33.166666666666664,-0.1637804726762982,0.5032297921710838
BH_s15_low,0,996,33.2,-0.2537362781559974,0.6517061856903306
BH_s15_low,0,997,33.233333333333334,-0.3317366721231709,0.6796807327217409
BH_s15_low,0,998,33.266666666666666,-0.40208563124630936,0.6080075141546794
BH_s15_low,0,999,33.3,-0.4701445673996322,0.4879809251480417
BH_s15_low,0,1000,33.333333333333336,-0.5423073227932234,0.3601443309409099
BH_s15_low,0,1001,33.36666666666667,-0.6228694174899577,0.25390334113751456
BH_s15_low,0,1002,33.4,-0.7109244567350591,0.18412639592457325
BH_s15_low,0,1003,33.43333333333333,-0.799787482095884,0.15141214879411613
BH_s15_low,0,1004,33.46666666666667,-0.8783024772065248,0.16128476664494898
BH_s15_low,0,1005,33.5,-0.9305313411462975,0.22422105221993638
BH_s15_low,0,1006,33.53333333333333,-0.9356796962545969,0.31240492163939043
BH_s15_low,0,1007,33.56666666666667,-0.869866133695715,0.36004911197602113
BH_s15_low,0,1008,33.6,-0.7035071841050016,0.34489273914988827
BH_s15_low,0,1009,33.63333333333333,-0.4047684696525391,0.288492440339999
BH_s15_low,0,1010,33.666666666666664,0.028089878298849062,0.21368273033880883
BH_s15_low,0,1011,33.7,0.5279080292813012,0.14433246706043568
BH_s15_low,0,1012,33.733333333333334,0.9667967119928678,0.08739915148144953
BH_s15_low,0,1013,33.766666666666666,1.2263156196185567,0.03325228337868487
BH_s15_low,0,1014,33.8,1.2731504098761615,-0.025221920286896127
BH_s15_low,0,1015,33.833333333333336,1.1604466427846594,-0.09198730391173435
BH_s15_low,0,1016,33.86666666666667,0.9690666169095026,-0.1539188272830816
BH_s15_low,0,1017,33.9,0.7632153939343993,-0.18065249080245172
BH_s15_low,0,1018,33.93333333333333,0.5794960173588426,-0.171456874874142
BH_s15_low,0,1019,33.96666666666667,0.4306669225891191,-0.1550074561121444
BH_s15_low,0,1020,34.0,0.3119945956431239,-0.1392132360200643
BH_s15_low,0,1021,34.03333333333333,0.20824495156894368,-0.11104986623318158
BH_s15_low,0,1022,34.06666666666667,0.10560427533483643,-0.0587358884916179
BH_s15_low,0,1023,34.1,0.0015819600036091341,0.02778151296557719
BH_s15_low,0,1024,34.13333333333333,-0.09844147741978246,0.1332662745213121
BH_s15_low,0,1025,34.166666666666664,-0.18782127638552876,0.21706375301486955
BH_s15_low,0,1026,34.2,-0.2629177269964583,0.25161315054808997
BH_s15_low,0,1027,34.233333333333334,-0.3263796608013498,0.22268558878589054
BH_s15_low,0,1028,34.266666666666666,-0.38456488944573675,0.13518723093109938
BH_s15_low,0,1029,34.3,-0.44394913807037606,0.013260088119867279
BH_s15_low,0,1030,34.333333333333336,-0.5075879291013172,-0.12370012927269254
BH_s15_low,0,1031,34.36666666666667,-0.5750542696918468,-0.26070713237775034
BH_s15_low,0,1032,34.4,-0.6448547402173561,-0.3885449069470656
BH_s15_low,0,1033,34.43333333333333,-0.7120735513029274,-0.5030456507675978
BH_s15_low,0,1034,34.46666666666667,-0.7665710437480292,-0.5996493123662386
BH_s15_low,0,1035,34.5,-0.7922802996560122,-0.6727274171185804
BH_s15_low,0,1036,34.53333333333333,-0.7687125635918426,-0.7088765999458223
BH_s15_low,0,1037,34.56666666666667,-0.6733567869135958,-0.6868137651860091
BH_s15_low,0,1038,34.6,-0.47968400415267026,-0.5990191767110196
BH_s15_low,0,1039,34.63333333333333,-0.1668934753567692,-0.4521621139902804
BH_s15_low,0,1040,34.666666666666664,0.24605922169785582,-0.26298838871370717
BH_s15_low,0,1041,34.7,0.6751538152644825,-0.058955130610529545
BH_s15_low,0,1042,34.733333333333334,0.999304348066993,0.1426822708143864
BH_s15_low,0,1043,34.766666666666666,1.1330525872488406,0.33383306691895304
BH_s15_low,0,1044,34.8,1.0777773231006278,0.49796244693712755
BH_s15_low,0,1045,34.833333333333336,0.9054665170954255,0.6091266723527482
BH_s15_low,0,1046,34.86666666666667,0.7038316146443466,0.6501980530902504
BH_s15_low,0,1047,34.9,0.5327714827456497,0.6124988812992647
BH_s15_low,0,1048,34.93333333333333,0.41228141944325597,0.515051075430015
BH_s15_low,0,1049,34.96666666666667,0.331027824320467,0.4042505123635418
BH_s15_low,0,1050,35.0,0.263097084756294,0.30325068131871147
BH_s15_low,0,1051,35.03333333333333,0.1876564983123195,0.21206134061477372
BH_s15_low,0,1052,35.06666666666667,0.09767527327818376,0.14002749974426815
BH_s15_low,0,1053,35.1,-0.001373266225468725,0.10620698023125044
BH_s15_low,0,1054,35.13333333333333,-0.09791506320643627,0.11884117119748534
BH_s15_low,0,1055,35.166666666666664,-0.18489189144742413,0.1753749407156311
BH_s15_low,0,1056,35.2,-0.2619739729887266,0.24954820854995205
BH_s15_low,0,1057,35.233333333333334,-0.3324903502545928,0.2917822721383967
BH_s15_low,0,1058,35.266666666666666,-0.4030273378069629,0.2903976923948734
BH_s15_low,0,1059,35.3,-0.4789335508780941,0.2716998958421868
BH_s15_low,0,1060,35.333333333333336,-0.5609181331240153,0.25191480403735855
BH_s15_low,0,1061,35.36666666666667,-0.6471635238115667,0.23691973582412315
BH_s15_low,0,1062,35.4,-0.7325183322726029,0.2126692340474582
BH_s15_low,0,1063,35.43333333333333,-0.8066850263143983,0.14577862594523996
BH_s15_low,0,1064,35.46666666666667,-0.853110391567944,0.03287472336876791
BH_s15_low,0,1065,35.5,-0.8513613914238004,-0.09875572723690675
BH_s15_low,0,1066,35.53333333333333,-0.7784844056482138,-0.22642323141669313
BH_s15_low,0,1067,35.56666666666667,-0.6073028689022064,-0.3316809413580609
BH_s15_low,0,1068,35.6,-0.31237370614554527,-0.41931238843601476
BH_s15_low,0,1069,35.63333333333333,0.10450184260718087,-0.5163887281608528
BH_s15_low,0,1070,35.666666666666664,0.5781168863071604,-0.6219916459916275
BH_s15_low,0,1071,35.7,0.9842417215431052,-0.706514303475143
BH_s15_low,0,1072,35.733333333333334,1.2077102796758508,-0.7548212574770319
BH_s15_low,0,1073,35.766666666666666,1.218733644591716,-0.7660742865887681
BH_s15_low,0,1074,35.8,1.0750075982101575,-0.7490152689227281
BH_s15_low,0,1075,35.833333333333336,0.8625123813939793,-0.7216561554896821
BH_s15_low,0,1076,35.86666666666667,0.6497829888024778,-0.6739092380748138
BH_s15_low,0,1077,35.9,0.47351416949246844,-0.5681213658952361
BH_s15_low,0,1078,35.93333333333333,0.34257707809554894,-0.38755167497975185
BH_s15_low,0,1079,35.96666666666667,0.2463005120933877,-0.1376791010004344
BH_s15_low,0,1080,36.0,0.1654135944595954,0.14678440854279318
BH_s15_low,0,1081,36.03333333333333,0.08668385061865996,0.40102492359858566
BH_s15_low,0,1082,36.06666666666667,0.00647420457112903,0.5964681736908505
BH_s15_low,0,1083,36.1,-0.07337486604493329,0.7397010543092164
BH_s15_low,0,1084,36.13333333333333,-0.14625713989880215,0.8260012191677619
BH_s15_low,0,1085,36.166666666666664,-0.20635047979266777,0.838375182819219
BH_s15_low,0,1086,36.2,-0.25545874350290887,0.7806784437368832
BH_s15_low,0,1087,36.233333333333334,-0.30143616061468725,0.6773604444848375
BH_s15_low,0,1088,36.266666666666666,-0.3538976769418464,0.5463637385468992
BH_s15_low,0,1089,36.3,-0.4198058780716143,0.39931351951242133
BH_s15_low,0,1090,36.333333333333336,-0.5005494486273617,0.25687640176065196
BH_s15_low,0,1091,36.36666666666667,-0.5939090612720501,0.14920803016939174
BH_s15_low,0,1092,36.4,-0.695867802007712,0.09130887668865348
BH_s15_low,0,1093,36.43333333333333,-0.7975799908805173,0.08337492550233275
BH_s15_low,0,1094,36.46666666666667,-0.8825659390046464,0.11543808549449251
BH_s15_low,0,1095,36.5,-0.9301393514469316,0.16774011652744752
BH_s15_low,0,1096,36.53333333333333,-0.9178289952940476,0.2182057023037522
BH_s15_low,0,1097,36.56666666666667,-0.8180941732078804,0.24274704686315646
BH_s15_low,0,1098,36.6,-0.5968123606218194,0.22696337019607893
BH_s15_low,0,1099,36.63333333333333,-0.22710981763198515,0.16643057586610846
BH_s15_low,0,1100,36.666666666666664,0.269588978802161,0.054743738646971796
BH_s15_low,0,1101,36.7,0.7924265977799323,-0.11581383337865676
BH_s15_low,0,1102,36.733333333333334,1.1965567145584448,-0.3322092223377394
BH_s15_low,0,1103,36.766666666666666,1.3817180379271332,-0.559769741645723
BH_s15_low,0,1104,36.8,1.348973818745697,-0.7702037035823265
BH_s15_low,0,1105,36.833333333333336,1.1738875241646214,-0.9407556356460015
BH_s15_low,0,1106,36.86666666666667,0.9429222747709641,-1.0635238919953705
BH_s15_low,0,1107,36.9,0.7148185392299209,-1.1444563549919604
BH_s15_low,0,1108,36.93333333333333,0.5169524938259851,-1.1630577463812517
BH_s15_low,0,1109,36.96666666666667,0.35700833221487693,-1.0724115256967668
BH_s15_low,0,1110,37.0,0.23025367278718456,-0.844807902437853
BH_s15_low,0,1111,37.03333333333333,0.12455562567255224,-0.47322165848958786
BH_s15_low,0,1112,37.06666666666667,0.030116802887610053,-0.016643250152926562
BH_s15_low,0,1113,37.1,-0.05465004901965989,0.3989162255192589
BH_s15_low,0,1114,37.13333333333333,-0.12600365360620433,0.7123788635603404
BH_s15_low,0,1115,37.166666666666664,-0.18280793247209054,0.9263381056017632
BH_s15_low,0,1116,37.2,-0.2283266689665178,1.0505436648635742
BH_s15_low,0,1117,37.233333333333334,-0.26599980842623155,1.100052588675541
BH_s15_low,0,1118,37.266666666666666,-0.3014622707643531,1.0889159333585348
BH_s15_low,0,1119,37.3,-0.3444707890004703,1.029402278512136
BH_s15_low,0,1120,37.333333333333336,-0.40211651672710136,0.9255160129410052
BH_s15_low,0,1121,37.36666666666667,-0.47584882145682644,0.7733151231668609
BH_s15_low,0,1122,37.4,-0.5647767163709732,0.5864442065020959
BH_s15_low,0,1123,37.43333333333333,-0.6651460431190277,0.39686324991580213
BH_s15_low,0,1124,37.46666666666667,-0.7685340102513468,0.22638473571413953
BH_s15_low,0,1125,37.5,-0.8613729347684133,0.08745593342035053
BH_s15_low,0,1126,37.53333333333333,-0.924612808323797,-0.01802827574417465
BH_s15_low,0,1127,37.56666666666667,-0.9349201140608819,-0.09771836701442244
BH_s15_low,0,1128,37.6,-0.8649355960264414,-0.1618384631510088
BH_s15_low,0,1129,37.63333333333333,-0.6814552311957387,-0.2222499912822113
BH_s15_low,0,1130,37.666666666666664,-0.3532535024250338,-0.29155363831898895
BH_s15_low,0,1131,37.7,0.11469082450976313,-0.38222806454134395
BH_s15_low,0,1132,37.733333333333334,0.64305776780753,-0.4955604251537945
BH_s15_low,0,1133,37.766666666666666,1.0916017029000535,-0.6209090552062079
BH_s15_low,0,1134,37.8,1.336380688317338,-0.7499903341061008
BH_s15_low,0,1135,37.833333333333336,1.3478921696640658,-0.8761913397637455
BH_s15_low,0,1136,37.86666666666667,1.1893375563714514,-0.9859812572345368
BH_s15_low,0,1137,37.9,0.9536275653086538,-1.0583967991527876
BH_s15_low,0,1138,37.93333333333333,0.7143410805738466,-1.0738777358496432
BH_s15_low,0,1139,37.96666666666667,0.5114537909252288,-1.0143402868801086
BH_s15_low,0,1140,38.0,0.35696611492184604,-0.8662910666337724
BH_s15_low,0,1141,38.03333333333333,0.24194413000061538,-0.6216967065677997
BH_s15_low,0,1142,38.06666666666667,0.1465016770088149,-0.29133143546217644
BH_s15_low,0,1143,38.1,0.05705928632596269,0.09370873165099704
BH_s15_low,0,1144,38.13333333333333,-0.02823845143094858,0.48244283562912493
BH_s15_low,0,1145,38.166666666666664,-0.10630058025966467,0.8026361947767502
BH_s15_low,0,1146,38.2,-0.17414829306584043,1.0168921727681113
BH_s15_low,0,1147,38.233333333333334,-0.23081565247665026,1.121362644172178
BH_s15_low,0,1148,38.266666666666666,-0.2768250849177052,1.1304423100993843
BH_s15_low,0,1149,38.3,-0.3158286403632474,1.0755502911149395
BH_s15_low,0,1150,38.333333333333336,-0.3544243756147594,0.9778996033895956
BH_s15_low,0,1151,38.36666666666667,-0.39817292287272393,0.8482500206081289
BH_s15_low,0,1152,38.4,-0.45114044609285664,0.7026553581177437
BH_s15_low,0,1153,38.43333333333333,-0.5154424873640421,0.5629303534716791
BH_s15_low,0,1154,38.46666666666667,-0.5890748566935247,0.437409812903561
BH_s15_low,0,1155,38.5,-0.6654939565614529,0.3217388733658298
BH_s15_low,0,1156,38.53333333333333,-0.7339624440260889,0.21248084672775747
BH_s15_low,0,1157,38.56666666666667,-0.7793278574961171,0.1080979648017592
BH_s15_low,0,1158,38.6,-0.7802568752602855,0.014532361342087241
BH_s15_low,0,1159,38.63333333333333,-0.7119642941734899,-0.05414860960529358
BH_s15_low,0,1160,38.666666666666664,-0.548340224460026,-0.10564847116671755
BH_s15_low,0,1161,38.7,-0.2636263000589875,-0.16865322222960277
BH_s15_low,0,1162,38.733333333333334,0.1416916052685741,-0.2572008495675802
BH_s15_low,0,1163,38.766666666666666,0.6039645182246203,-0.36975579666528785
BH_s15_low,0,1164,38.8,0.999056391684678,-0.5026672700827488
BH_s15_low,0,1165,38.833333333333336,1.2078326409051472,-0.6494129468269374
BH_s15_low,0,1166,38.86666666666667,1.1962571105148754,-0.8026656687450423
BH_s15_low,0,1167,38.9,1.0256284670515172,-0.9534211846360928
BH_s15_low,0,1168,38.93333333333333,0.7936022541766347,-1.0814141444619105
BH_s15_low,0,1169,38.96666666666667,0.5802360346922297,-1.1546185019114976
BH_s15_low,0,1170,39.0,0.4263147474592037,-1.1519428879101075
BH_s15_low,0,1171,39.03333333333333,0.330732461403693,-1.063340700393458
BH_s15_low,0,1172,39.06666666666667,0.2651816894242685,-0.8868382120603494
BH_s15_low,0,1173,39.1,0.1978806910209822,-0.6292802774915289
BH_s15_low,0,1174,39.13333333333333,0.11243321546599311,-0.2978558160797625
BH_s15_low,0,1175,39.166666666666664,0.011749726125934001,0.09819085660356297
BH_s15_low,0,1176,39.2,-0.0924900519276583,0.521072323745072
BH_s15_low,0,1177,39.233333333333334,-0.1900381256167476,0.9026284757812832
BH_s15_low,0,1178,39.266666666666666,-0.2764228296957736,1.1885120437347014
BH_s15_low,0,1179,39.3,-0.3532875712305713,1.336945261366041
BH_s15_low,0,1180,39.333333333333336,-0.42622940245733776,1.3445279469293225
BH_s15_low,0,1181,39.36666666666667,-0.5006733683562992,1.2452136627738821
BH_s15_low,0,1182,39.4,-0.5787479752932132,1.0706074913498538
BH_s15_low,0,1183,39.43333333333333,-0.658666204799859,0.8497335232258556
BH_s15_low,0,1184,39.46666666666667,-0.7356803550864233,0.6081301179311798
BH_s15_low,0,1185,39.5,-0.8016435877527842,0.3686906097277055
BH_s15_low,0,1186,39.53333333333333,-0.8426724332053405,0.14760008032957056
BH_s15_low,0,1187,39.56666666666667,-0.840569282612856,-0.04439614483608817
BH_s15_low,0,1188,39.6,-0.7726927469460442,-0.19349258958664875
BH_s15_low,0,1189,39.63333333333333,-0.6096861623624905,-0.2818071261479504
BH_s15_low,0,1190,39.666666666666664,-0.3207714585191012,-0.30209778731982284
BH_s15_low,0,1191,39.7,0.09826211232766408,-0.25728863026340987
BH_s15_low,0,1192,39.733333333333334,0.5832470722996875,-0.17335115059012018
BH_s15_low,0,1193,39.766666666666666,1.0054744255027714,-0.09882420832425695
BH_s15_low,0,1194,39.8,1.243126738787678,-0.07443529914034416
BH_s15_low,0,1195,39.833333333333336,1.2581813901280647,-0.1324134111118763
BH_s15_low,0,1196,39.86666666666667,1.1057390608465418,-0.27357803880125325
BH_s15_low,0,1197,39.9,0.8797269791694411,-0.4668644140379283
BH_s15_low,0,1198,39.93333333333333,0.6584069503350117,-0.677515880986014
BH_s15_low,0,1199,39.96666666666667,0.4823208035028869,-0.8666820117763337
BH_s15_low,0,1200,40.0,0.3574941251095043,-0.9976573365387026
BH_s15_low,0,1201,40.03333333333333,0.2668581006066165,-1.0355856248869486
BH_s15_low,0,1202,40.06666666666667,0.1846464544024603,-0.9591924598049826
BH_s15_low,0,1203,40.1,0.09408555694118469,-0.7611489469018332
BH_s15_low,0,1204,40.13333333333333,-0.006648765932354916,-0.4638784723811869
BH_s15_low,0,1205,40.166666666666664,-0.11160312448759455,-0.12036889588059423
BH_s15_low,0,1206,40.2,-0.21195402966581506,0.21786892768141952
BH_s15_low,0,1207,40.233333333333334,-0.3020459894164645,0.49977508642262725
BH_s15_low,0,1208,40.266666666666666,-0.3829336541121571,0.7017675960871926
BH_s15_low,0,1209,40.3,-0.4576881726048303,0.8263526720711485
BH_s15_low,0,1210,40.333333333333336,-0.530538921527544,0.8857542680246282
BH_s15_low,0,1211,40.36666666666667,-0.6053330203394309,0.9006287856579487
BH_s15_low,0,1212,40.4,-0.6826209629614424,0.8810201055036699
BH_s15_low,0,1213,40.43333333333333,-0.7615082815999522,0.8259392066908141
BH_s15_low,0,1214,40.46666666666667,-0.8367018253394252,0.7350800758961453
BH_s15_low,0,1215,40.5,-0.8932823469466884,0.6092185853893315
BH_s15_low,0,1216,40.53333333333333,-0.9089428002442426,0.45229195231263863
BH_s15_low,0,1217,40.56666666666667,-0.8590970651740383,0.27220217338781333
BH_s15_low,0,1218,40.6,-0.7151998321807175,0.08279007536462756
BH_s15_low,0,1219,40.63333333333333,-0.4435642812728098,-0.09524217146387655
BH_s15_low,0,1220,40.666666666666664,-0.02983449702161802,-0.2464740021806076
BH_s15_low,0,1221,40.7,0.4783783299248387,-0.3598946340980813
BH_s15_low,0,1222,40.733333333333334,0.9599670057004265,-0.42852474632391657
BH_s15_low,0,1223,40.766666666666666,1.2763456984601511,-0.44876218557831926
BH_s15_low,0,1224,40.8,1.3597989624764557,-0.418605205040224
BH_s15_low,0,1225,40.833333333333336,1.247049443653196,-0.337527238781965
BH_s15_low,0,1226,40.86666666666667,1.0308580583708356,-0.23746108772407915
BH_s15_low,0,1227,40.9,0.7936645742124049,-0.1824327447207726
BH_s15_low,0,1228,40.93333333333333,0.5826057912215546,-0.2079693640138429
BH_s15_low,0,1229,40.96666666666667,0.4163116900845243,-0.32045788217331717
BH_s15_low,0,1230,41.0,0.29231742316238873,-0.491073604889701
BH_s15_low,0,1231,41.03333333333333,0.19318550122809125,-0.6558096803323724
BH_s15_low,0,1232,41.06666666666667,0.09921632985314208,-0.7606307870569852
BH_s15_low,0,1233,41.1,0.0018483380258839804,-0.7618716989146177
BH_s15_low,0,1234,41.13333333333333,-0.09381890925936535,-0.6509540976472207
BH_s15_low,0,1235,41.166666666666664,-0.17982527437422158,-0.45466152060362436
BH_s15_low,0,1236,41.2,-0.2536411764850273,-0.19837416517527595
BH_s15_low,0,1237,41.233333333333334,-0.31825222274880205,0.09320992732368709
BH_s15_low,0,1238,41.266666666666666,-0.3799614133824228,0.3779572162737018
BH_s15_low,0,1239,41.3,-0.4460286720213835,0.5953754163269905
BH_s15_low,0,1240,41.333333333333336,-0.5215774504338019,0.7262411212560248
BH_s15_low,0,1241,41.36666666666667,-0.606668777912614,0.7915541768969482
BH_s15_low,0,1242,41.4,-0.6972443306049001,0.8035080058601006
BH_s15_low,0,1243,41.43333333333333,-0.7853745285545821,0.7646424113772858
BH_s15_low,0,1244,41.46666666666667,-0.8564041762940517,0.6855417520037453
BH_s15_low,0,1245,41.5,-0.890424892993375,0.5847993721650319
BH_s15_low,0,1246,41.53333333333333,-0.8664381746589876,0.47304437243458575
BH_s15_low,0,1247,41.56666666666667,-0.7593874130919961,0.35336890597135406
BH_s15_low,0,1248,41.6,-0.5396309551366393,0.2302505967878201
BH_s15_low,0,1249,41.63333333333333,-0.18618635068250058,0.11031213864997949
BH_s15_low,0,1250,41.666666666666664,0.2803474497156894,0.004911702159973531
BH_s15_low,0,1251,41.7,0.7687517453572359,-0.06927841431142799
BH_s15_low,0,1252,41.733333333333334,1.1447576056204036,-0.10936109802047311
BH_s15_low,0,1253,41.766666666666666,1.3119294352917164,-0.12571021954210088
BH_s15_low,0,1254,41.8,1.2696174328106027,-0.12804887454348846
BH_s15_low,0,1255,41.833333333333336,1.0914577812431756,-0.12499302940494822
BH_s15_low,0,1256,41.86666666666667,0.8621192443128998,-0.12537392501884917
BH_s15_low,0,1257,41.9,0.6383370795729937,-0.13795005194208532
BH_s15_low,0,1258,41.93333333333333,0.44712030097925,-0.16882680006809123
BH_s15_low,0,1259,41.96666666666667,0.2938382340792841,-0.22114471225103688
BH_s15_low,0,1260,42.0,0.16900526612576414,-0.29544325248611275
BH_s15_low,0,1261,42.03333333333333,0.058660213422285015,-0.38923969546385273
BH_s15_low,0,1262,42.06666666666667,-0.04567890663932511,-0.49459212300319405
BH_s15_low,0,1263,42.1,-0.14283233883413987,-0.5976444935535132
BH_s15_low,0,1264,42.13333333333333,-0.22738480861906252,-0.6841302209969953
BH_s15_low,0,1265,42.166666666666664,-0.2956637645326514,-0.7390543012545052
BH_s15_low,0,1266,42.2,-0.3480065415297705,-0.7423873611915979
BH_s15_low,0,1267,42.233333333333334,-0.38956286084170144,-0.6692794076426245
BH_s15_low,0,1268,42.266666666666666,-0.42756874895684016,-0.5206964055520374
BH_s15_low,0,1269,42.3,-0.4694694004065043,-0.3239639473378858
BH_s15_low,0,1270,42.333333333333336,-0.5204164257889773,-0.09890103615485453
BH_s15_low,0,1271,42.36666666666667,-0.5817047151018562,0.1412824326051887
BH_s15_low,0,1272,42.4,-0.6510196583321562,0.37334941698938284
BH_s15_low,0,1273,42.43333333333333,-0.7196352764390701,0.5629225482533767
BH_s15_low,0,1274,42.46666666666667,-0.772176713498868,0.6948977673424082
BH_s15_low,0,1275,42.5,-0.7894947108466054,0.7724656582864112
BH_s15_low,0,1276,42.53333333333333,-0.7495110386673994,0.7912121799612972
BH_s15_low,0,1277,42.56666666666667,-0.6248609167106627,0.7386488345075168
BH_s15_low,0,1278,42.6,-0.38452822025348593,0.6343080294921258
BH_s15_low,0,1279,42.63333333333333,-0.016069849674476208,0.5295358452133817
BH_s15_low,0,1280,42.666666666666664,0.4366177377470638,0.4443171218169704
BH_s15_low,0,1281,42.7,0.8649962092043305,0.36745198598612266
BH_s15_low,0,1282,42.733333333333334,1.1480556724469775,0.29573379981069187
BH_s15_low,0,1283,42.766666666666666,1.2288577792305997,0.23461596030281587
BH_s15_low,0,1284,42.8,1.140281421892618,0.17323745608440191
BH_s15_low,0,1285,42.833333333333336,0.9612778327558331,0.08521607230516404
BH_s15_low,0,1286,42.86666666666667,0.7626231828929874,-0.017843343713699368
BH_s15_low,0,1287,42.9,0.5855717599420922,-0.0859967541693913
BH_s15_low,0,1288,42.93333333333333,0.44328645493897895,-0.09756910461847051
BH_s15_low,0,1289,42.96666666666667,0.32839164839672497,-0.059227769909146424
BH_s15_low,0,1290,43.0,0.2251258177254395,0.002924320910564923
BH_s15_low,0,1291,43.03333333333333,0.12091235045545015,0.043888432654398665
BH_s15_low,0,1292,43.06666666666667,0.011689478791467964,0.035467741854477514
BH_s15_low,0,1293,43.1,-0.09776047656889525,-0.03315877360899568
BH_s15_low,0,1294,43.13333333333333,-0.19795694162431618,-0.16582776224442103
BH_s15_low,0,1295,43.166666666666664,-0.28265884956257337,-0.35874863149396147
BH_s15_low,0,1296,43.2,-0.35184350034977924,-0.5908767583016288
BH_s15_low,0,1297,43.233333333333334,-0.409215641863445,-0.8231175661857209
BH_s15_low,0,1298,43.266666666666666,-0.46098430625914255,-1.0199347451887004
BH_s15_low,0,1299,43.3,-0.5128220135211461,-1.1487152873455193
BH_s15_low,0,1300,43.333333333333336,-0.5668875304100491,-1.1933907758741178
BH_s15_low,0,1301,43.36666666666667,-0.6213721984536804,-1.154009579738715
BH_s15_low,0,1302,43.4,-0.6720209253228788,-1.016566355171357
BH_s15_low,0,1303,43.43333333333333,-0.71428234043792,-0.7537436787802931
BH_s15_low,0,1304,43.46666666666667,-0.7417739648242886,-0.36314269388304193
BH_s15_low,0,1305,43.5,-0.7418936605253882,0.1306919501402273
BH_s15_low,0,1306,43.53333333333333,-0.6968099786410707,0.6510173443923403
BH_s15_low,0,1307,43.56666666666667,-0.5858903646583742,1.067486192414664
BH_s15_low,0,1308,43.6,-0.38398586475611246,1.3235416314022845
BH_s15_low,0,1309,43.63333333333333,-0.06866730220949124,1.4349901308097386
BH_s15_low,0,1310,43.666666666666664,0.3475034235852051,1.4158162686352218
BH_s15_low,0,1311,43.7,0.7820187735844668,1.2769257690393756
BH_s15_low,0,1312,43.733333333333334,1.1058499577009615,1.0433637764013504
BH_s15_low,0,1313,43.766666666666666,1.2238966800546938,0.7545564747453212
BH_s15_low,0,1314,43.8,1.1361257353381464,0.43830413745245206
BH_s15_low,0,1315,43.833333333333336,0.9188586994235755,0.1120426665505567
BH_s15_low,0,1316,43.86666666666667,0.661875641883762,-0.20509319296612283
BH_s15_low,0,1317,43.9,0.42993774960766656,-0.4904683437630265
BH_s15_low,0,1318,43.93333333333333,0.253458054377631,-0.718103425174488
BH_s15_low,0,1319,43.96666666666667,0.13310918594627721,-0.857347424317273
BH_s15_low,0,1320,44.0,0.04975360849241307,-0.8837251188247208
BH_s15_low,0,1321,44.03333333333333,-0.020110348085509988,-0.7786036667538119
BH_s15_low,0,1322,44.06666666666667,-0.08950095788863026,-0.5445551766380872
BH_s15_low,0,1323,44.1,-0.15858556386641612,-0.20598992433200192
BH_s15_low,0,1324,44.13333333333333,-0.2194688781679379,0.18249281964690442
BH_s15_low,0,1325,44.166666666666664,-0.2636193541913868,0.5353004226720329
BH_s15_low,0,1326,44.2,-0.2908272978994297,0.7882524548418806
BH_s15_low,0,1327,44.233333333333334,-0.3088600792270913,0.8979520884379907
BH_s15_low,0,1328,44.266666666666666,-0.32429240149468996,0.8634603942076251
BH_s15_low,0,1329,44.3,-0.3401939421136828,0.7255886868284173
BH_s15_low,0,1330,44.333333333333336,-0.35783556180281617,0.5226023161985063
BH_s15_low,0,1331,44.36666666666667,-0.37558791454631635,0.29015599776053913
BH_s15_low,0,1332,44.4,-0.38881878651543605,0.04351772702762169
BH_s15_low,0,1333,44.43333333333333,-0.3903386711123878,-0.22116205336708966
BH_s15_low,0,1334,44.46666666666667,-0.3724653426331179,-0.49549779581884057
BH_s15_low,0,1335,44.5,-0.32524743989014265,-0.7571836631974226
BH_s15_low,0,1336,44.53333333333333,-0.228096854102785,-0.9881680332188514
BH_s15_low,0,1337,44.56666666666667,-0.05421966144900613,-1.173288806464772
BH_s15_low,0,1338,44.6,0.20111801039944413,-1.2971687154980474
BH_s15_low,0,1339,44.63333333333333,0.48978197085153213,-1.343348270206135
BH_s15_low,0,1340,44.666666666666664,0.7181097032854212,-1.288766996034214
BH_s15_low,0,1341,44.7,0.7977184203015767,-1.1041407937760985
BH_s15_low,0,1342,44.733333333333334,0.6949013152466531,-0.7851242662079826
BH_s15_low,0,1343,44.766666666666666,0.46134448823940766,-0.3538265084924731
BH_s15_low,0,1344,44.8,0.22097013255218503,0.13351822237462896
BH_s15_low,0,1345,44.833333333333336,0.08770595287072154,0.5849971872006399
BH_s15_low,0,1346,44.86666666666667,0.09222173835066762,0.9337567538070211
BH_s15_low,0,1347,44.9,0.17703399396937208,1.1366067062455292
BH_s15_low,0,1348,44.93333333333333,0.24084855607555145,1.1909850984420465
BH_s15_low,0,1349,44.96666666666667,0.20617536499849076,1.1335003017156287
BH_s15_low,0,1350,45.0,0.06058914174025103,0.9934763056027474
BH_s15_low,0,1351,45.03333333333333,-0.15799821382748,0.7924599960610015
BH_s15_low,0,1352,45.06666666666667,-0.39924171078293147,0.5595800743723172
BH_s15_low,0,1353,45.1,-0.6239360764227468,0.33211317238561927
BH_s15_low,0,1354,45.13333333333333,-0.807365914862029,0.13783867820200302
BH_s15_low,0,1355,45.166666666666664,-0.9335632346929464,-0.004139890759708879
BH_s15_low,0,1356,45.2,-0.9916455700691241,-0.08208110922191603
BH_s15_low,0,1357,45.233333333333334,-0.9755912219941011,-0.09090933322133757
BH_s15_low,0,1358,45.266666666666666,-0.8771218913046481,-0.03446146956074911
BH_s15_low,0,1359,45.3,-0.6736204333634653,0.07472592463695926
BH_s15_low,0,1360,45.333333333333336,-0.3284179680696764,0.20088287714755282
BH_s15_low,0,1361,45.36666666666667,0.18188303334353487,0.28531026106786805
BH_s15_low,0,1362,45.4,0.8031880941281502,0.3000747697775883
BH_s15_low,0,1363,45.43333333333333,1.3716660176993416,0.24827632703445035
BH_s15_low,0,1364,45.46666666666667,1.6921939505865948,0.14364830593039773
BH_s15_low,0,1365,45.5,1.6662473420795578,0.010606084857108261
BH_s15_low,0,1366,45.53333333333333,1.3473818731712126,-0.13233889274846242
BH_s15_low,0,1367,45.56666666666667,0.8911728625944517,-0.27208725987585264
BH_s15_low,0,1368,45.6,0.465633796037959,-0.400479597576074
BH_s15_low,0,1369,45.63333333333333,0.17333243112012825,-0.5134662147474477
BH_s15_low,0,1370,45.666666666666664,0.014653712893361814,-0.6049148351242826
BH_s15_low,0,1371,45.7,-0.08540263709123208,-0.6659278270613944
BH_s15_low,0,1372,45.733333333333334,-0.21237162914702354,-0.6850630740780692
BH_s15_low,0,1373,45.766666666666666,-0.4070530062719636,-0.6481952549667809
BH_s15_low,0,1374,45.8,-0.6556839147088315,-0.5564055425661179
BH_s15_low,0,1375,45.833333333333336,-0.9178140609450566,-0.4262042606297552
BH_s15_low,0,1376,45.86666666666667,-1.1553318816879015,-0.27223830580117314
BH_s15_low,0,1377,45.9,-1.3429440595456306,-0.10781193163127664
BH_s15_low,0,1378,45.93333333333333,-1.465129254739769,0.05953418159648567
BH_s15_low,0,1379,45.96666666666667,-1.5086273874446867,0.22703507874308182
BH_s15_low,0,1380,46.0,-1.4505042352312083,0.38514403091243665
BH_s15_low,0,1381,46.03333333333333,-1.2528318415097899,0.5165678541762178
BH_s15_low,0,1382,46.06666666666667,-0.8682126230693757,0.5922375395671526
BH_s15_low,0,1383,46.1,-0.2581480029847384,0.5711565173698441
BH_s15_low,0,1384,46.13333333333333,0.5448620298927895,0.442399147975962
BH_s15_low,0,1385,46.166666666666664,1.3738231353060535,0.22552467316499808
BH_s15_low,0,1386,46.2,1.9721196845683235,-0.04599644207813208
BH_s15_low,0,1387,46.233333333333334,2.147020346634583,-0.3242468756845481
BH_s15_low,0,1388,46.266666666666666,1.9305137065648355,-0.573967700306294
BH_s15_low,0,1389,46.3,1.5295997465401767,-0.7716356221246032
BH_s15_low,0,1390,46.333333333333336,1.1064756329771543,-0.88826694512822
BH_s15_low,0,1391,46.36666666666667,0.7242368772030868,-0.8888911760793565
BH_s15_low,0,1392,46.4,0.40799032552057046,-0.7523686221963899
BH_s15_low,0,1393,46.43333333333333,0.1602076919973417,-0.47204664302601684
BH_s15_low,0,1394,46.46666666666667,-0.03196170037257791,-0.07743492151373184
BH_s15_low,0,1395,46.5,-0.18727716118538595,0.3645929437467673
BH_s15_low,0,1396,46.53333333333333,-0.3257876414481006,0.7851993905382716
BH_s15_low,0,1397,46.56666666666667,-0.460096287392881,1.1123713161720505
BH_s15_low,0,1398,46.6,-0.5888992209022028,1.3078073238531198
BH_s15_low,0,1399,46.63333333333333,-0.7054287474546692,1.3656722897924505
BH_s15_low,0,1400,46.666666666666664,-0.8041646505497515,1.2978811809183697
BH_s15_low,0,1401,46.7,-0.8801182075343563,1.1333644449492783
BH_s15_low,0,1402,46.733333333333334,-0.9304281241552437,0.8980039243315308
BH_s15_low,0,1403,46.766666666666666,-0.9514595836589979,0.615117952199212
BH_s15_low,0,1404,46.8,-0.9295254008919874,0.3104675467988692
BH_s15_low,0,1405,46.833333333333336,-0.8411083241605798,0.01361766272069466
BH_s15_low,0,1406,46.86666666666667,-0.6578650734161395,-0.2533044306375388
BH_s15_low,0,1407,46.9,-0.3525000827431414,-0.4740270372914
BH_s15_low,0,1408,46.93333333333333,0.06872848903867847,-0.6385487124597793
BH_s15_low,0,1409,46.96666666666667,0.5321747923365111,-0.7417469905635625
BH_s15_low,0,1410,47.0,0.9170515466780067,-0.7734455359708445
BH_s15_low,0,1411,47.03333333333333,1.1263170274435137,-0.717875619595804
BH_s15_low,0,1412,47.06666666666667,1.1464864711513194,-0.5969478808403714
BH_s15_low,0,1413,47.1,1.0351109753123038,-0.46994191509554717
BH_s15_low,0,1414,47.13333333333333,0.8619295589114051,-0.3743029184451504
BH_s15_low,0,1415,47.166666666666664,0.6749306717079484,-0.32541700722097094
BH_s15_low,0,1416,47.2,0.4992844749204366,-0.3116701677630903
BH_s15_low,0,1417,47.233333333333334,0.342811609989111,-0.29510202598375546
BH_s15_low,0,1418,47.266666666666666,0.20395786707677332,-0.26248141772777306
BH_s15_low,0,1419,47.3,0.07541863649535989,-0.22580081411403682
BH_s15_low,0,1420,47.333333333333336,-0.0520074792432651,-0.18262892762645427
BH_s15_low,0,1421,47.36666666666667,-0.18335786863248582,-0.1164622985911878
BH_s15_low,0,1422,47.4,-0.31823378464233415,-0.03432815971603369
BH_s15_low,0,1423,47.43333333333333,-0.4498279537905438,0.03290392189986132
BH_s15_low,0,1424,47.46666666666667,-0.5709164591671154,0.06613692810807813
BH_s15_low,0,1425,47.5,-0.6780705626589258,0.05805736264750969
BH_s15_low,0,1426,47.53333333333333,-0.7690534036861651,0.020005200834904147
BH_s15_low,0,1427,47.56666666666667,-0.8419420491942103,-0.01836543295477891
BH_s15_low,0,1428,47.6,-0.8919585851225138,-0.0340649593048319
BH_s15_low,0,1429,47.63333333333333,-0.9085425304961029,-0.0112346617760666
BH_s15_low,0,1430,47.666666666666664,-0.8754371200906845,0.049815897967883944
BH_s15_low,0,1431,47.7,-0.7711949975602956,0.13237148288259068
BH_s15_low,0,1432,47.733333333333334,-0.5676309551980184,0.21728414585709124
BH_s15_low,0,1433,47.766666666666666,-0.23841872338578401,0.282851160476752
BH_s15_low,0,1434,47.8,0.20578183055242089,0.3112603737841106
BH_s15_low,0,1435,47.833333333333336,0.6859919811511047,0.28855566826045514
BH_s15_low,0,1436,47.86666666666667,1.0762728918483078,0.20223020255112373
BH_s15_low,0,1437,47.9,1.2777899660854366,0.041678717890180655
BH_s15_low,0,1438,47.93333333333333,1.2802495795404816,-0.16426805990982335
BH_s15_low,0,1439,47.96666666666667,1.14553042632485,-0.34708480852094387
BH_s15_low,0,1440,48.0,0.9459687492725768,-0.45837068266192277
BH_s15_low,0,1441,48.03333333333333,0.7287614668913039,-0.46998339512208
BH_s15_low,0,1442,48.06666666666667,0.5201627585611805,-0.37297344713036645
BH_s15_low,0,1443,48.1,0.3334356695065591,-0.17779437649176671
BH_s15_low,0,1444,48.13333333333333,0.16775839867269304,0.07982995798280487
BH_s15_low,0,1445,48.166666666666664,0.014277996926071082,0.33851751882381315
BH_s15_low,0,1446,48.2,-0.13517498976333986,0.5625044821816406
BH_s15_low,0,1447,48.233333333333334,-0.28406371077892395,0.7408241003255027
BH_s15_low,0,1448,48.266666666666666,-0.4299476610532138,0.8621353850603867
BH_s15_low,0,1449,48.3,-0.563601928041707,0.913797838018421
BH_s15_low,0,1450,48.333333333333336,-0.6753264235527515,0.896253310748945
BH_s15_low,0,1451,48.36666666666667,-0.7614186874881294,0.8226935317094266
BH_s15_low,0,1452,48.4,-0.8212466519226631,0.6999116209458399
BH_s15_low,0,1453,48.43333333333333,-0.8541731966278241,0.5287066203946138
BH_s15_low,0,1454,48.46666666666667,-0.8567184169147454,0.3167404391067555
BH_s15_low,0,1455,48.5,-0.820075837550728,0.07963409089934016
BH_s15_low,0,1456,48.53333333333333,-0.7303060949389926,-0.16369363453185826
BH_s15_low,0,1457,48.56666666666667,-0.5666490364229922,-0.3897736930192262
BH_s15_low,0,1458,48.6,-0.3027569328718876,-0.580719672698413
BH_s15_low,0,1459,48.63333333333333,0.069850125509546,-0.7230267181702441
BH_s15_low,0,1460,48.666666666666664,0.503399604124429,-0.8133781773699291
BH_s15_low,0,1461,48.7,0.8897417243276411,-0.857637545537407
BH_s15_low,0,1462,48.733333333333334,1.1179711114558488,-0.8668848069181231
BH_s15_low,0,1463,48.766666666666666,1.1473593070250199,-0.8567171406545421
BH_s15_low,0,1464,48.8,1.0217616759251573,-0.8184065798252307
BH_s15_low,0,1465,48.833333333333336,0.8200109359964737,-0.7191874536052919
BH_s15_low,0,1466,48.86666666666667,0.606096783049311,-0.5461869228233478
BH_s15_low,0,1467,48.9,0.41655257297546494,-0.3074972102743276
BH_s15_low,0,1468,48.93333333333333,0.26333405999174664,-0.053043178678924045
BH_s15_low,0,1469,48.96666666666667,0.1396786828187858,0.1251302690642032
BH_s15_low,0,1470,49.0,0.031060494682528923,0.1943033412196578
BH_s15_low,0,1471,49.03333333333333,-0.0762280034958438,0.18071202322908872
BH_s15_low,0,1472,49.06666666666667,-0.18905775213877096,0.11680365454522107
BH_s15_low,0,1473,49.1,-0.3064750943777954,0.04035096167313415
BH_s15_low,0,1474,49.13333333333333,-0.42370541109921683,-0.01113839931860891
BH_s15_low,0,1475,49.166666666666664,-0.5338797657587411,-0.001009242184863833
BH_s15_low,0,1476,49.2,-0.6298013555912025,0.08886178974683326
BH_s15_low,0,1477,49.233333333333334,-0.7057109213268652,0.25741794982422833
BH_s15_low,0,1478,49.266666666666666,-0.7567200502020177,0.4647011270269366
BH_s15_low,0,1479,49.3,-0.7760034627308816,0.6317489130122855
BH_s15_low,0,1480,49.333333333333336,-0.7498993003954156,0.7309328167104301
BH_s15_low,0,1481,49.36666666666667,-0.6581765543727355,0.7855229382291059
BH_s15_low,0,1482,49.4,-0.47712919918372915,0.7965443197815301
BH_s15_low,0,1483,49.43333333333333,-0.18594404767433415,0.7423364630934693
BH_s15_low,0,1484,49.46666666666667,0.20463689701812995,0.6211060748151127
BH_s15_low,0,1485,49.5,0.6195020361319554,0.45136156148167694
BH_s15_low,0,1486,49.53333333333333,0.9408350421812552,0.2464000587418031
BH_s15_low,0,1487,49.56666666666667,1.0811425381800879,0.015145893609597453
BH_s15_low,0,1488,49.6,1.0359451821885821,-0.23618993777595232
BH_s15_low,0,1489,49.63333333333333,0.8699734438699535,-0.502621592883341
BH_s15_low,0,1490,49.666666666666664,0.6625777222923797,-0.7718723293708707
BH_s15_low,0,1491,49.7,0.46854753916294456,-1.0228112986568998
BH_s15_low,0,1492,49.733333333333334,0.31333095715504966,-1.2216738626145414
BH_s15_low,0,1493,49.766666666666666,0.19855638047744026,-1.3212368424798957
BH_s15_low,0,1494,49.8,0.10803877142021316,-1.2893199812419973
BH_s15_low,0,1495,49.833333333333336,0.0235142977524952,-1.1090115880649516
BH_s15_low,0,1496,49.86666666666667,-0.06680255172880838,-0.7828925365925062
BH_s15_low,0,1497,49.9,-0.16723044870995835,-0.3342757105405046
BH_s15_low,0,1498,49.93333333333333,-0.2718501433811363,0.17159907090896362
BH_s15_low,0,1499,49.96666666666667,-0.37117092484811637,0.6262042101638471
BH_s15_low,0,1500,50.0,-0.4609131047925049,0.9722059801518298
BH_s15_low,0,1501,50.03333333333333,-0.5414963077832875,1.2018376826455461
BH_s15_low,0,1502,50.06666666666667,-0.6150472348388978,1.3187869496142077
BH_s15_low,0,1503,50.1,-0.6821247130763141,1.3364365997490173
BH_s15_low,0,1504,50.13333333333333,-0.7386387912424052,1.2689941061802932
BH_s15_low,0,1505,50.166666666666664,-0.7757120514324101,1.130968396140783
BH_s15_low,0,1506,50.2,-0.7797765431580408,0.9376806964547036
BH_s15_low,0,1507,50.233333333333334,-0.7347750088285606,0.7058466475676728
BH_s15_low,0,1508,50.266666666666666,-0.6202199469796572,0.44577403278546895
BH_s15_low,0,1509,50.3,-0.40781682116820506,0.16277980436195447
BH_s15_low,0,1510,50.333333333333336,-0.07550363439091137,-0.13495303399767933
BH_s15_low,0,1511,50.36666666666667,0.35637621763106786,-0.4345205573984373
BH_s15_low,0,1512,50.4,0.7953552630661889,-0.7190909647579652
BH_s15_low,0,1513,50.43333333333333,1.109757553372154,-0.9661809262318859
BH_s15_low,0,1514,50.46666666666667,1.216166110103763,-1.1543737473878695
BH_s15_low,0,1515,50.5,1.1300860367687633,-1.2621154733290647
BH_s15_low,0,1516,50.53333333333333,0.9319730553235571,-1.2817276207029256
BH_s15_low,0,1517,50.56666666666667,0.7034270832196233,-1.2188259166706068
BH_s15_low,0,1518,50.6,0.49785159729012424,-1.0858189744421258
BH_s15_low,0,1519,50.63333333333333,0.33860219525143886,-0.9019948433868579
BH_s15_low,0,1520,50.666666666666664,0.2247809983625805,-0.6671597839234299
BH_s15_low,0,1521,50.7,0.1398528662223805,-0.36297658477973777
BH_s15_low,0,1522,50.733333333333334,0.06280104916308972,0.009089666253273131
BH_s15_low,0,1523,50.766666666666666,-0.01905833066730976,0.42560275434043165
BH_s15_low,0,1524,50.8,-0.10892596832862347,0.824848805810979
BH_s15_low,0,1525,50.833333333333336,-0.20445229010916438,1.105591689515868
BH_s15_low,0,1526,50.86666666666667,-0.29803189816453224,1.2223929012711352
BH_s15_low,0,1527,50.9,-0.38354984484410093,1.184874056574086
BH_s15_low,0,1528,50.93333333333333,-0.46236015189981994,1.0280576962148549
BH_s15_low,0,1529,50.96666666666667,-0.537971368555931,0.8116030234630887
BH_s15_low,0,1530,51.0,-0.610717870125496,0.5811189573329141
BH_s15_low,0,1531,51.03333333333333,-0.6790057817777899,0.3683917750045216
BH_s15_low,0,1532,51.06666666666667,-0.7390309486621394,0.18987067515019246
BH_s15_low,0,1533,51.1,-0.7801781638434212,0.04772334869620221
BH_s15_low,0,1534,51.13333333333333,-0.7869093723408253,-0.054596360298757474
BH_s15_low,0,1535,51.166666666666664,-0.7411428766398042,-0.1114134375982934
BH_s15_low,0,1536,51.2,-0.6205436056265674,-0.13189801256984107
BH_s15_low,0,1537,51.233333333333334,-0.3997520444397228,-0.13937339752551278
BH_s15_low,0,1538,51.266666666666666,-0.060401724955533254,-0.16737529058411466
BH_s15_low,0,1539,51.3,0.3726744025171332,-0.25861375984602225
BH_s15_low,0,1540,51.333333333333336,0.8032171334355338,-0.41543282047150015
BH_s15_low,0,1541,51.36666666666667,1.0998042349872443,-0.5990797650044484
BH_s15_low,0,1542,51.4,1.180879356880177,-0.7720951857282607
BH_s15_low,0,1543,51.43333333333333,1.0667224737094747,-0.8980808881000744
BH_s15_low,0,1544,51.46666666666667,0.8461351323438285,-0.9609734266359256
BH_s15_low,0,1545,51.5,0.6123067822641393,-0.9646253688257794
BH_s15_low,0,1546,51.53333333333333,0.42523020220888663,-0.9021380030575337
BH_s15_low,0,1547,51.56666666666667,0.30132260926722193,-0.7560707892772799
BH_s15_low,0,1548,51.6,0.22372116244421145,-0.5116419013793356
BH_s15_low,0,1549,51.63333333333333,0.16250245009956799,-0.15824842634259273
BH_s15_low,0,1550,51.666666666666664,0.09355811850888093,0.2674262322092537
BH_s15_low,0,1551,51.7,0.008622224511115419,0.6798864544699073
BH_s15_low,0,1552,51.733333333333334,-0.08903773463861868,1.0141231827252377
BH_s15_low,0,1553,51.766666666666666,-0.19319863485448913,1.2244877733301567
BH_s15_low,0,1554,51.8,-0.2949498631819101,1.2993231505174418
BH_s15_low,0,1555,51.833333333333336,-0.38671680813425924,1.2597647682795048
BH_s15_low,0,1556,51.86666666666667,-0.4686989655003936,1.1392861365367715
BH_s15_low,0,1557,51.9,-0.5436271156930833,0.9830125417478781
BH_s15_low,0,1558,51.93333333333333,-0.6127936430454538,0.8158851319264377
BH_s15_low,0,1559,51.96666666666667,-0.6754537166731176,0.6430803845488215
BH_s15_low,0,1560,52.0,-0.7243817749608854,0.45090224965951087
BH_s15_low,0,1561,52.03333333333333,-0.7459344168585874,0.20845305842088824
BH_s15_low,0,1562,52.06666666666667,-0.7222232033738484,-0.08857738211138236
BH_s15_low,0,1563,52.1,-0.6332960484743894,-0.4160004831777352
BH_s15_low,0,1564,52.13333333333333,-0.45789614245870786,-0.7411187481579059
BH_s15_low,0,1565,52.166666666666664,-0.17388889083225567,-1.0212704745447818
BH_s15_low,0,1566,52.2,0.21470796591735558,-1.2293615651945875
BH_s15_low,0,1567,52.233333333333334,0.6393494359120646,-1.3525965046224717
BH_s15_low,0,1568,52.266666666666666,0.9769224794988487,-1.3749610870160338
BH_s15_low,0,1569,52.3,1.1216142536650022,-1.2767750054037732
BH_s15_low,0,1570,52.333333333333336,1.0571609170570373,-1.0499677585419216
BH_s15_low,0,1571,52.36666666666667,0.8540707510195014,-0.6990082912369331
BH_s15_low,0,1572,52.4,0.6111157780245704,-0.2600511984640591
BH_s15_low,0,1573,52.43333333333333,0.40517712400727623,0.19757930241899335
BH_s15_low,0,1574,52.46666666666667,0.26896226132614776,0.6044458134145803
BH_s15_low,0,1575,52.5,0.19293455202741022,0.8896972364122336
BH_s15_low,0,1576,52.53333333333333,0.1438548175994581,1.0280242530885957
BH_s15_low,0,1577,52.56666666666667,0.08978425321901827,1.038319607333921
BH_s15_low,0,1578,52.6,0.013126441099400886,0.952942423416798
BH_s15_low,0,1579,52.63333333333333,-0.08710544012594561,0.8166914921279076
BH_s15_low,0,1580,52.666666666666664,-0.19818393441774745,0.6551023546191446
BH_s15_low,0,1581,52.7,-0.3070686965136472,0.47467596764102904
BH_s15_low,0,1582,52.733333333333334,-0.4064875871565784,0.28301176499523106
BH_s15_low,0,1583,52.766666666666666,-0.49396711305705937,0.08987915076612213
BH_s15_low,0,1584,52.8,-0.5711705311392961,-0.0836910446275485
BH_s15_low,0,1585,52.833333333333336,-0.639133859919291,-0.20462394502026035
BH_s15_low,0,1586,52.86666666666667,-0.6972963920467782,-0.2752705969573559
BH_s15_low,0,1587,52.9,-0.7422686599068363,-0.3324668176575553
BH_s15_low,0,1588,52.93333333333333,-0.763464002583861,-0.39371656730013194
BH_s15_low,0,1589,52.96666666666667,-0.7438802996256149,-0.45627405606036864
BH_s15_low,0,1590,53.0,-0.6621007140763785,-0.5041959634368666
BH_s15_low,0,1591,53.03333333333333,-0.49229341167223917,-0.5083563913333182
BH_s15_low,0,1592,53.06666666666667,-0.20758956941254708,-0.4658216122808122
BH_s15_low,0,1593,53.1,0.1937108865349806,-0.39991927425148643
BH_s15_low,0,1594,53.13333333333333,0.6469557483362622,-0.34545835594827967
BH_s15_low,0,1595,53.166666666666664,1.0258248632085962,-0.3482244419594681
BH_s15_low,0,1596,53.2,1.2116651011011543,-0.4017384276892586
BH_s15_low,0,1597,53.233333333333334,1.1721808055304934,-0.44745894290723937
BH_s15_low,0,1598,53.266666666666666,0.9728170045928857,-0.43038645856799396
BH_s15_low,0,1599,53.3,0.7174389236087607,-0.30036137875555724
BH_s15_low,0,1600,53.333333333333336,0.48929116799857875,-0.07133475387065631
BH_s15_low,0,1601,53.36666666666667,0.3292374464668977,0.1780611802581227
BH_s15_low,0,1602,53.4,0.237089779096788,0.40413831386853294
BH_s15_low,0,1603,53.43333333333333,0.18289283981358398,0.5975912385276692
BH_s15_low,0,1604,53.46666666666667,0.1282476907045167,0.7418409528930189
BH_s15_low,0,1605,53.5,0.04870093097280914,0.8121082963787352
BH_s15_low,0,1606,53.53333333333333,-0.05724469043604373,0.8198630813077681
BH_s15_low,0,1607,53.56666666666667,-0.17759599023180683,0.8119930522054644
BH_s15_low,0,1608,53.6,-0.2995604831818348,0.789364980688774
BH_s15_low,0,1609,53.63333333333333,-0.4138559555501357,0.7068831846462225
BH_s15_low,0,1610,53.666666666666664,-0.516470275553315,0.573133605598624
BH_s15_low,0,1611,53.7,-0.6074733108460724,0.45077860910641115
BH_s15_low,0,1612,53.733333333333334,-0.6882972899362447,0.36178470857617756
BH_s15_low,0,1613,53.766666666666666,-0.7581383727829666,0.28773774973285454
BH_s15_low,0,1614,53.8,-0.8090393577925403,0.19892308402936637
BH_s15_low,0,1615,53.833333333333336,-0.8265673679819463,0.05579640065619258
BH_s15_low,0,1616,53.86666666666667,-0.793750267580439,-0.13187457693981555
BH_s15_low,0,1617,53.9,-0.6909807783638716,-0.30417820907879844
BH_s15_low,0,1618,53.93333333333333,-0.494900056355754,-0.4429573815023421
BH_s15_low,0,1619,53.96666666666667,-0.18373190308437112,-0.5710172306472856
BH_s15_low,0,1620,54.0,0.23593461232569268,-0.7001516095545974
BH_s15_low,0,1621,54.03333333333333,0.690890730147035,-0.8298219801589821
BH_s15_low,0,1622,54.06666666666667,1.0512717152483397,-0.9233790618574157
BH_s15_low,0,1623,54.1,1.2070365247809456,-0.9081507657605863
BH_s15_low,0,1624,54.13333333333333,1.1412341082453952,-0.7907850056590717
BH_s15_low,0,1625,54.166666666666664,0.9260920308076073,-0.6571586173537874
BH_s15_low,0,1626,54.2,0.6642552184874221,-0.569238770440587
BH_s15_low,0,1627,54.233333333333334,0.4367334597027286,-0.5642780041751345
BH_s15_low,0,1628,54.266666666666666,0.27945819666442756,-0.6065408181251299
BH_s15_low,0,1629,54.3,0.18785213804042789,-0.5884201442864923
BH_s15_low,0,1630,54.333333333333336,0.13125269290683814,-0.4770526193135669
BH_s15_low,0,1631,54.36666666666667,0.07246297629622594,-0.3154687853206019
BH_s15_low,0,1632,54.4,-0.010574156458749033,-0.12071137851439998
BH_s15_low,0,1633,54.43333333333333,-0.11910121093560572,0.11541180486394176
BH_s15_low,0,1634,54.46666666666667,-0.24308749021896342,0.3978003098895804
BH_s15_low,0,1635,54.5,-0.36985126865643353,0.7261411408563752
BH_s15_low,0,1636,54.53333333333333,-0.48780219206600844,1.0396055170952547
BH_s15_low,0,1637,54.56666666666667,-0.5895751315365727,1.216172547575648
BH_s15_low,0,1638,54.6,-0.6719271071603915,1.2351291475399102
BH_s15_low,0,1639,54.63333333333333,-0.7308030585309887,1.1763461992805029
BH_s15_low,0,1640,54.666666666666664,-0.7591763815973281,1.0995778084399657
BH_s15_low,0,1641,54.7,-0.7473841326795372,1.043132584293701
BH_s15_low,0,1642,54.733333333333334,-0.681900104963356,0.9765325502843971
BH_s15_low,0,1643,54.766666666666666,-0.5452592756951218,0.8017951993722449
BH_s15_low,0,1644,54.8,-0.3157824316122921,0.5146315212471486
BH_s15_low,0,1645,54.833333333333336,0.018822880583664887,0.2058451698785546
BH_s15_low,0,1646,54.86666666666667,0.4237780506500072,-0.08864874716796725
BH_s15_low,0,1647,54.9,0.7998910108396231,-0.38660696668357253
BH_s15_low,0,1648,54.93333333333333,1.0280105063131997,-0.6927832364076991
BH_s15_low,0,1649,54.96666666666667,1.0459221069521254,-0.9966136501107292
BH_s15_low,0,1650,55.0,0.8879783686661737,-1.2592564191776399
BH_s15_low,0,1651,55.03333333333333,0.6508711103624294,-1.4124983174301002
BH_s15_low,0,1652,55.06666666666667,0.4284932424995041,-1.4305239366935658
BH_s15_low,0,1653,55.1,0.2734151428740416,-1.329541798702552
BH_s15_low,0,1654,55.13333333333333,0.1903106252294395,-1.1433685332004206
BH_s15_low,0,1655,55.166666666666664,0.14842797012113298,-0.9231785771624849
BH_s15_low,0,1656,55.2,0.10726265826969117,-0.6493314340580484
BH_s15_low,0,1657,55.233333333333334,0.03801130140186558,-0.23353374214750228
BH_s15_low,0,1658,55.266666666666666,-0.0662847448427778,0.27644256996944866
BH_s15_low,0,1659,55.3,-0.1948985137178021,0.6951269720399331
BH_s15_low,0,1660,55.333333333333336,-0.33401791947401294,0.9486142798959611
BH_s15_low,0,1661,55.36666666666667,-0.471047003129571,1.0736612012306126
BH_s15_low,0,1662,55.4,-0.5957381701170876,1.1033418604989584
BH_s15_low,0,1663,55.43333333333333,-0.7019224685341315,1.065173698221654
BH_s15_low,0,1664,55.46666666666667,-0.7843633305622166,0.9807879931309161
BH_s15_low,0,1665,55.5,-0.8351033539087777,0.8655693497814545
BH_s15_low,0,1666,55.53333333333333,-0.839566985122432,0.7297859545224059
BH_s15_low,0,1667,55.56666666666667,-0.7783981409247992,0.579126209240627
BH_s15_low,0,1668,55.6,-0.6297799611705781,0.41922356517825243
BH_s15_low,0,1669,55.63333333333333,-0.3694173819069182,0.2565968577659375
BH_s15_low,0,1670,55.666666666666664,0.012284415996631437,0.07122556892773818
BH_s15_low,0,1671,55.7,0.47355561396530366,-0.18167432457641508
BH_s15_low,0,1672,55.733333333333334,0.9034953868158991,-0.48044657101807753
BH_s15_low,0,1673,55.766666666666666,1.171013499404249,-0.7357697425299939
BH_s15_low,0,1674,55.8,1.212246187906679,-0.899665544558683
BH_s15_low,0,1675,55.833333333333336,1.0632169045611228,-0.9650201689781743
BH_s15_low,0,1676,55.86666666666667,0.8179064591443824,-0.9628014090078596
BH_s15_low,0,1677,55.9,0.5699255264813772,-0.9606788309523322
BH_s15_low,0,1678,55.93333333333333,0.37592083022671013,-0.9458950952518599
BH_s15_low,0,1679,55.96666666666667,0.24774457518733714,-0.8256445406606051
BH_s15_low,0,1680,56.0,0.16319226994700248,-0.5869044737804358
BH_s15_low,0,1681,56.03333333333333,0.08520833486738183,-0.29768236853115354
BH_s15_low,0,1682,56.06666666666667,-0.014669133924546378,-0.020664204986181888
BH_s15_low,0,1683,56.1,-0.142184855050915,0.18649873304950337
BH_s15_low,0,1684,56.13333333333333,-0.2856943847053741,0.3466049069903756
BH_s15_low,0,1685,56.166666666666664,-0.4313627209712271,0.5607386651044107
BH_s15_low,0,1686,56.2,-0.5697599407103083,0.8258845728701806
BH_s15_low,0,1687,56.233333333333334,-0.6930827853257475,1.033463232162649
BH_s15_low,0,1688,56.266666666666666,-0.7929518703329764,1.127188750285186
BH_s15_low,0,1689,56.3,-0.8624423308561225,1.1031992148604566
BH_s15_low,0,1690,56.333333333333336,-0.8938590831613561,0.9862203304334065
BH_s15_low,0,1691,56.36666666666667,-0.8736211215665717,0.8290383092580409
BH_s15_low,0,1692,56.4,-0.7831700766359334,0.6458775112849525
BH_s15_low,0,1693,56.43333333333333,-0.5987163762000582,0.41314682330448027
BH_s15_low,0,1694,56.46666666666667,-0.2957702448743646,0.13811684309628539
BH_s15_low,0,1695,56.5,0.12241230352211399,-0.13957996057640581
BH_s15_low,0,1696,56.53333333333333,0.5903822418070167,-0.3843712596682539
BH_s15_low,0,1697,56.56666666666667,0.98663877847531,-0.5637333344459539
BH_s15_low,0,1698,56.6,1.1968318076533364,-0.6882653433712178
BH_s15_low,0,1699,56.63333333333333,1.1881031686874384,-0.8100567696549115
BH_s15_low,0,1700,56.666666666666664,1.0174556638496255,-0.9311668728015938
BH_s15_low,0,1701,56.7,0.7795411060688028,-1.0026633231969102
BH_s15_low,0,1702,56.733333333333334,0.5557568974958608,-1.001214645954551
BH_s15_low,0,1703,56.766666666666666,0.3867659825408412,-0.9292387882971983
BH_s15_low,0,1704,56.8,0.27040323042740927,-0.7951553116333501
BH_s15_low,0,1705,56.833333333333336,0.17824344465650976,-0.6136668192950001
BH_s15_low,0,1706,56.86666666666667,0.07902154473267323,-0.3703636717604172
BH_s15_low,0,1707,56.9,-0.0436321185066843,-0.02346442817409753
BH_s15_low,0,1708,56.93333333333333,-0.18670678439137522,0.3734441710890221
BH_s15_low,0,1709,56.96666666666667,-0.3357967867001794,0.6704298301720008
BH_s15_low,0,1710,57.0,-0.4781692999622457,0.8123179124866495
BH_s15_low,0,1711,57.03333333333333,-0.6068794380795318,0.8381145376726202
BH_s15_low,0,1712,57.06666666666667,-0.716716998202801,0.7895952367425956
BH_s15_low,0,1713,57.1,-0.8034304120125948,0.709882626373455
BH_s15_low,0,1714,57.13333333333333,-0.861431949109116,0.6241588228279975
BH_s15_low,0,1715,57.166666666666664,-0.8817309950223756,0.5394868248164395
BH_s15_low,0,1716,57.2,-0.8517791889359926,0.4547298118220158
BH_s15_low,0,1717,57.233333333333334,-0.7532690645181321,0.3611781530909226
BH_s15_low,0,1718,57.266666666666666,-0.5637121654368789,0.2552489807513417
BH_s15_low,0,1719,57.3,-0.26192068184417777,0.13925797609887547
BH_s15_low,0,1720,57.333333333333336,0.14817693442023377,0.00548177320972967
BH_s15_low,0,1721,57.36666666666667,0.5993236385470939,-0.16278339975277006
BH_s15_low,0,1722,57.4,0.9682572412689318,-0.3548982272009572
BH_s15_low,0,1723,57.43333333333333,1.1494948640009366,-0.5319746169390251
BH_s15_low,0,1724,57.46666666666667,1.123877168489204,-0.6743409272744025
BH_s15_low,0,1725,57.5,0.9548365081385498,-0.7808371516336059
BH_s15_low,0,1726,57.53333333333333,0.7327296873520668,-0.846175598905608
BH_s15_low,0,1727,57.56666666666667,0.5293900879426969,-0.8603350529009448
BH_s15_low,0,1728,57.6,0.3784319814646608,-0.7975576329622186
BH_s15_low,0,1729,57.63333333333333,0.27417161455144334,-0.6170029922598818
BH_s15_low,0,1730,57.666666666666664,0.1875320711576975,-0.3259341836933233
BH_s15_low,0,1731,57.7,0.08800316520815152,0.019177640957454965
BH_s15_low,0,1732,57.733333333333334,-0.03737888124993459,0.36270770900374705
BH_s15_low,0,1733,57.766666666666666,-0.18083185560364246,0.6489852446229969
BH_s15_low,0,1734,57.8,-0.32589940673871914,0.8323093939092435
BH_s15_low,0,1735,57.833333333333336,-0.45896806052621203,0.8761967192084845
BH_s15_low,0,1736,57.86666666666667,-0.5725463074232535,0.8003351088374249
BH_s15_low,0,1737,57.9,-0.6634155656782466,0.6796940706268599
BH_s15_low,0,1738,57.93333333333333,-0.7296949770564427,0.572205978360115
BH_s15_low,0,1739,57.96666666666667,-0.7671534720391837,0.5179668124905606
BH_s15_low,0,1740,58.0,-0.7662037545813937,0.4988861979291861
BH_s15_low,0,1741,58.03333333333333,-0.7119038975787377,0.43961613538157857
BH_s15_low,0,1742,58.06666666666667,-0.5852802555193659,0.3075416483516257
BH_s15_low,0,1743,58.1,-0.365174185884435,0.114174632344122
BH_s15_low,0,1744,58.13333333333333,-0.044559811642737354,-0.12102041765554797
BH_s15_low,0,1745,58.166666666666664,0.3377613638778103,-0.3697671042819834
BH_s15_low,0,1746,58.2,0.687807682529074,-0.6065699390993693
BH_s15_low,0,1747,58.233333333333334,0.9011181365817327,-0.8076338465203782
BH_s15_low,0,1748,58.266666666666666,0.9314896970398292,-0.9417565743974404
BH_s15_low,0,1749,58.3,0.8148025495388396,-0.9697622788020654
BH_s15_low,0,1750,58.333333333333336,0.6332547810724409,-0.8692868436744053
BH_s15_low,0,1751,58.36666666666667,0.4648804509925436,-0.6352089181630725
BH_s15_low,0,1752,58.4,0.35245463387962167,-0.3156526805494092
BH_s15_low,0,1753,58.43333333333333,0.2960078455919444,-0.012279328148164615
BH_s15_low,0,1754,58.46666666666667,0.26516830113166284,0.22410598873858817
BH_s15_low,0,1755,58.5,0.2250181918871945,0.39283187514264256
BH_s15_low,0,1756,58.53333333333333,0.15867773446429745,0.4742440199866479
BH_s15_low,0,1757,58.56666666666667,0.07306648292963076,0.4290423026580799
BH_s15_low,0,1758,58.6,-0.015311191721680106,0.2692858594819949
BH_s15_low,0,1759,58.63333333333333,-0.0971341886426916,0.05834567009885497
