recording_id,measurement_id,sample_index,time_seconds,gt_signal,predicted_signal
BH_s05_high,0,0,0.0,-1.0565887689590454,-0.012559963954909477
BH_s05_high,0,1,0.03333333333333333,-0.90718013048172,0.2341113836300545
BH_s05_high,0,2,0.06666666666666667,-0.21099765598773956,0.44770044992788
BH_s05_high,0,3,0.1,0.7903478741645813,0.5980715223601814
BH_s05_high,0,4,0.13333333333333333,1.5627743005752563,0.6611953418291496
BH_s05_high,0,5,0.16666666666666666,1.5987340211868286,0.6238302876769197
BH_s05_high,0,6,0.2,1.0667672157287598,0.48759483417232863
BH_s05_high,0,7,0.23333333333333334,0.27415186166763306,0.2721660523049574
BH_s05_high,0,8,0.26666666666666666,-0.38703474402427673,0.014856085532095078
BH_s05_high,0,9,0.3,-0.8659321069717407,-0.23792443791067963
BH_s05_high,0,10,0.3333333333333333,-1.0057282447814941,-0.44456006710667745
BH_s05_high,0,11,0.36666666666666664,-0.8371883630752563,-0.5779777649402686
BH_s05_high,0,12,0.4,-0.5733670592308044,-0.6280329677659664
BH_s05_high,0,13,0.43333333333333335,-0.3720403015613556,-0.6001993341489388
BH_s05_high,0,14,0.4666666666666667,-0.34454163908958435,-0.5119527955831538
BH_s05_high,0,15,0.5,-0.43039801716804504,-0.3855891223741016
BH_s05_high,0,16,0.5333333333333333,-0.5310614109039307,-0.2395268548808081
BH_s05_high,0,17,0.5666666666666667,-0.6646053791046143,-0.08315464741736245
BH_s05_high,0,18,0.6,-0.7832486629486084,0.08250753780758009
BH_s05_high,0,19,0.6333333333333333,-0.7099902033805847,0.25935169568577016
BH_s05_high,0,20,0.6666666666666666,-0.18744836747646332,0.4450096091608112
BH_s05_high,0,21,0.7,0.7048664093017578,0.6283826104864215
BH_s05_high,0,22,0.7333333333333333,1.5502700805664062,0.7897656915523643
BH_s05_high,0,23,0.7666666666666667,1.7650649547576904,0.9045552277368208
BH_s05_high,0,24,0.8,1.358957290649414,0.9493214535468946
BH_s05_high,0,25,0.8333333333333334,0.6298942565917969,0.9090467777560869
BH_s05_high,0,26,0.8666666666666667,-0.07782856374979019,0.7827388420654935
BH_s05_high,0,27,0.9,-0.6372004151344299,0.5835974687524268
BH_s05_high,0,28,0.9333333333333333,-0.8022862076759338,0.3338017012356365
BH_s05_high,0,29,0.9666666666666667,-0.6908589601516724,0.05784185772323917
BH_s05_high,0,30,1.0,-0.3888688385486603,-0.22227907868523117
BH_s05_high,0,31,1.0333333333333334,-0.15581285953521729,-0.4880217935045911
BH_s05_high,0,32,1.0666666666666667,-0.05639456957578659,-0.7223859805936645
BH_s05_high,0,33,1.1,-0.15705794095993042,-0.9085458179378001
BH_s05_high,0,34,1.1333333333333333,-0.3234825134277344,-1.0305493704827184
BH_s05_high,0,35,1.1666666666666667,-0.5248093008995056,-1.0752253333512576
BH_s05_high,0,36,1.2,-0.6497046947479248,-1.0347886624529554
BH_s05_high,0,37,1.2333333333333334,-0.4776169955730438,-0.9100707148321469
BH_s05_high,0,38,1.2666666666666666,0.2199043184518814,-0.7133057115942922
BH_s05_high,0,39,1.3,1.2677860260009766,-0.4685965928943051
BH_s05_high,0,40,1.3333333333333333,1.9104304313659668,-0.20844703174867235
BH_s05_high,0,41,1.3666666666666667,1.863331913948059,0.03449186161978257
BH_s05_high,0,42,1.4,1.2887780666351318,0.23697708210807256
BH_s05_high,0,43,1.4333333333333333,0.5278920531272888,0.3889650025866098
BH_s05_high,0,44,1.4666666666666666,-0.16272105276584625,0.4903782728265466
BH_s05_high,0,45,1.5,-0.6053774356842041,0.5456369340769022
BH_s05_high,0,46,1.5333333333333334,-0.6983561515808105,0.5592614508135388
BH_s05_high,0,47,1.5666666666666667,-0.4936690628528595,0.5335714755440292
BH_s05_high,0,48,1.6,-0.1916789412498474,0.4689908761939749
BH_s05_high,0,49,1.6333333333333333,-0.039378583431243896,0.36690771378039927
BH_s05_high,0,50,1.6666666666666667,-0.039378583431243896,0.2343067202741862
BH_s05_high,0,51,1.7,-0.185801699757576,0.08875565564214406
BH_s05_high,0,52,1.7333333333333334,-0.38712844252586365,-0.040441761503686266
BH_s05_high,0,53,1.7666666666666666,-0.5884552001953125,-0.12076978050667406
BH_s05_high,0,54,1.8,-0.7005651593208313,-0.13136065821042592
BH_s05_high,0,55,1.8333333333333333,-0.19226795434951782,-0.07234988881587084
BH_s05_high,0,56,1.8666666666666667,0.8265621662139893,0.03614318148022151
BH_s05_high,0,57,1.9,1.9516518115997314,0.16217060358702995
BH_s05_high,0,58,1.9333333333333333,2.431820869445801,0.273455842950606
BH_s05_high,0,59,1.9666666666666666,2.1151442527770996,0.3487373770558064
BH_s05_high,0,60,2.0,1.38377845287323,0.38416042121896626
BH_s05_high,0,61,2.033333333333333,0.5276108980178833,0.38964402127449194
BH_s05_high,0,62,2.066666666666667,-0.13310708105564117,0.3770708113871703
BH_s05_high,0,63,2.1,-0.46558135747909546,0.3486619413535944
BH_s05_high,0,64,2.1333333333333333,-0.4799197316169739,0.2922683786803715
BH_s05_high,0,65,2.1666666666666665,-0.24561864137649536,0.18706102625369342
BH_s05_high,0,66,2.2,-0.007461895234882832,0.016670241134655504
BH_s05_high,0,67,2.2333333333333334,0.062342431396245956,-0.21891657849817506
BH_s05_high,0,68,2.2666666666666666,0.0027396217919886112,-0.49825247280811935
BH_s05_high,0,69,2.3,-0.1477266252040863,-0.7813224066622448
BH_s05_high,0,70,2.3333333333333335,-0.376739501953125,-1.0188273582405938
BH_s05_high,0,71,2.3666666666666667,-0.6012406349182129,-1.1638674706618986
BH_s05_high,0,72,2.4,-0.6494234800338745,-1.183062011836839
BH_s05_high,0,73,2.433333333333333,-0.148436039686203,-1.0655805390722217
BH_s05_high,0,74,2.466666666666667,0.9032747149467468,-0.8273554483556327
BH_s05_high,0,75,2.5,2.044041395187378,-0.506997368746373
BH_s05_high,0,76,2.533333333333333,2.5036468505859375,-0.1541045327097817
BH_s05_high,0,77,2.566666666666667,2.2090868949890137,0.1851940449811251
BH_s05_high,0,78,2.6,1.434357762336731,0.4795283216434468
BH_s05_high,0,79,2.6333333333333333,0.5781902074813843,0.7146303903550737
BH_s05_high,0,80,2.6666666666666665,-0.10781741887331009,0.8874150247926751
BH_s05_high,0,81,2.7,-0.4623147249221802,0.9986277363763346
BH_s05_high,0,82,2.7333333333333334,-0.4671342968940735,1.0477008536755736
BH_s05_high,0,83,2.7666666666666666,-0.2518707513809204,1.029467965239672
BH_s05_high,0,84,2.8,-0.026499439030885696,0.9340546753310103
BH_s05_high,0,85,2.8333333333333335,0.011481924913823605,0.7526762485560441
BH_s05_high,0,86,2.8666666666666667,-0.05014244467020035,0.4879647009773023
BH_s05_high,0,87,2.9,-0.21137253940105438,0.16348413892294608
BH_s05_high,0,88,2.933333333333333,-0.42134788632392883,-0.1742223230068917
BH_s05_high,0,89,2.966666666666667,-0.6648865342140198,-0.46733248381272907
BH_s05_high,0,90,3.0,-0.7383590936660767,-0.6675796875332962
BH_s05_high,0,91,3.033333333333333,-0.3515968918800354,-0.7516758147754169
BH_s05_high,0,92,3.066666666666667,0.6239636540412903,-0.7245077116510528
BH_s05_high,0,93,3.1,1.7676221132278442,-0.6125105613374845
BH_s05_high,0,94,3.1333333333333333,2.3487625122070312,-0.4515832814925011
BH_s05_high,0,95,3.1666666666666665,2.0880470275878906,-0.2747718098270402
BH_s05_high,0,96,3.2,1.3323554992675781,-0.10363397152205919
BH_s05_high,0,97,3.2333333333333334,0.4770582318305969,0.054780824054701284
BH_s05_high,0,98,3.2666666666666666,-0.18232093751430511,0.2039883292747979
BH_s05_high,0,99,3.3,-0.5898877382278442,0.3467161564728642
BH_s05_high,0,100,3.3333333333333335,-0.6537477970123291,0.47222140951591435
BH_s05_high,0,101,3.3666666666666667,-0.4107044041156769,0.5534864655051916
BH_s05_high,0,102,3.4,-0.204276904463768,0.5567719812755919
BH_s05_high,0,103,3.433333333333333,-0.09023909270763397,0.4566215871478929
BH_s05_high,0,104,3.466666666666667,-0.17541274428367615,0.24929601050274172
BH_s05_high,0,105,3.5,-0.376739501953125,-0.04094283239046836
BH_s05_high,0,106,3.533333333333333,-0.6289267539978027,-0.364982029672917
BH_s05_high,0,107,3.566666666666667,-0.8811140060424805,-0.6600181676371768
BH_s05_high,0,108,3.6,-1.0440845489501953,-0.8654837238761295
BH_s05_high,0,109,3.6333333333333333,-0.907394289970398,-0.9392061712506085
BH_s05_high,0,110,3.6666666666666665,-0.18557389080524445,-0.8689351406788605
BH_s05_high,0,111,3.7,0.942287027835846,-0.6748500814198558
BH_s05_high,0,112,3.7333333333333334,1.8778979778289795,-0.40189721160090336
BH_s05_high,0,113,3.7666666666666666,2.0814871788024902,-0.10430603432268647
BH_s05_high,0,114,3.8,1.516666293144226,0.17208142963201348
BH_s05_high,0,115,3.8333333333333335,0.6483961343765259,0.40183199209081694
BH_s05_high,0,116,3.8666666666666667,-0.1469234675168991,0.5817767592677355
BH_s05_high,0,117,3.9,-0.6633335947990417,0.7224087829703767
BH_s05_high,0,118,3.933333333333333,-0.7745063304901123,0.8330152454407401
BH_s05_high,0,119,3.966666666666667,-0.5186775326728821,0.9083080601623374
BH_s05_high,0,120,4.0,-0.1658269166946411,0.9234953706252121
BH_s05_high,0,121,4.033333333333333,0.03608884662389755,0.8423296314172474
BH_s05_high,0,122,4.066666666666666,0.015243870206177235,0.6360597692947764
BH_s05_high,0,123,4.1,-0.10685350000858307,0.3048817296792538
BH_s05_high,0,124,4.133333333333334,-0.33654913306236267,-0.10946539612501713
BH_s05_high,0,125,4.166666666666667,-0.5378758907318115,-0.5316167839349597
BH_s05_high,0,126,4.2,-0.6497046947479248,-0.8782145921539737
BH_s05_high,0,127,4.233333333333333,-0.613182544708252,-1.0845558272160756
BH_s05_high,0,128,4.266666666666667,-0.17325708270072937,-1.1213036570458061
BH_s05_high,0,129,4.3,0.7646970152854919,-0.9983525641082258
BH_s05_high,0,130,4.333333333333333,1.8765325546264648,-0.7567310774052473
BH_s05_high,0,131,4.366666666666666,2.4159562587738037,-0.45274467495008375
BH_s05_high,0,132,4.4,2.158534288406372,-0.13985929467545136
BH_s05_high,0,133,4.433333333333334,1.3911148309707642,0.1458826940695288
BH_s05_high,0,134,4.466666666666667,0.5458049178123474,0.3917773801599932
BH_s05_high,0,135,4.5,-0.07857836037874222,0.6022021659089635
BH_s05_high,0,136,4.533333333333333,-0.40414443612098694,0.7837984331177184
BH_s05_high,0,137,4.566666666666666,-0.38003280758857727,0.9319836789181503
BH_s05_high,0,138,4.6,-0.12784555554389954,1.0254968524031984
BH_s05_high,0,139,4.633333333333334,0.1243416965007782,1.0310001406623273
BH_s05_high,0,140,4.666666666666667,0.21492396295070648,0.9158344690755283
BH_s05_high,0,141,4.7,0.10629475116729736,0.6635119503390412
BH_s05_high,0,142,4.733333333333333,-0.046567946672439575,0.28599424688466335
BH_s05_high,0,143,4.766666666666667,-0.29635873436927795,-0.17256065584291827
BH_s05_high,0,144,4.8,-0.4468249976634979,-0.6428098017333231
BH_s05_high,0,145,4.833333333333333,-0.5980677008628845,-1.0466135437780524
BH_s05_high,0,146,4.866666666666666,-0.5516518950462341,-1.3173956252918275
BH_s05_high,0,147,4.9,0.04210016876459122,-1.4160365076961814
BH_s05_high,0,148,4.933333333333334,1.1847413778305054,-1.3375408563123268
BH_s05_high,0,149,4.966666666666667,2.300994873046875,-1.1081966354591275
BH_s05_high,0,150,5.0,2.60536789894104,-0.7752097500630687
BH_s05_high,0,151,5.033333333333333,2.1466190814971924,-0.39256757311086865
BH_s05_high,0,152,5.066666666666666,1.348434329032898,-0.007539613808609368
BH_s05_high,0,153,5.1,0.5847501754760742,0.34786894297082455
BH_s05_high,0,154,5.133333333333334,0.052662890404462814,0.6582442612824898
BH_s05_high,0,155,5.166666666666667,-0.07888621091842651,0.9190014694782639
BH_s05_high,0,156,5.2,-0.10264961421489716,1.126353612949873
BH_s05_high,0,157,5.233333333333333,-0.0019862407352775335,1.2679283440024436
BH_s05_high,0,158,5.266666666666667,0.0986771360039711,1.3190735693280322
BH_s05_high,0,159,5.3,0.04264882206916809,1.2488638083565062
BH_s05_high,0,160,5.333333333333333,-0.07359800487756729,1.0342951036497634
BH_s05_high,0,161,5.366666666666666,-0.29144543409347534,0.6758357876791357
BH_s05_high,0,162,5.4,-0.5613314509391785,0.20679275907202263
BH_s05_high,0,163,5.433333333333334,-0.7626581788063049,-0.3100690982946385
BH_s05_high,0,164,5.466666666666667,-0.8531467318534851,-0.7976955010368109
BH_s05_high,0,165,5.5,-0.6357008218765259,-1.1834011342962345
BH_s05_high,0,166,5.533333333333333,0.13763611018657684,-1.4147708324423056
BH_s05_high,0,167,5.566666666666666,1.3264386653900146,-1.469763149958416
BH_s05_high,0,168,5.6,2.481168746948242,-1.3585373785339663
BH_s05_high,0,169,5.633333333333334,2.9366908073425293,-1.115424470595096
BH_s05_high,0,170,5.666666666666667,2.5415878295898438,-0.7844169712579107
BH_s05_high,0,171,5.7,1.6900523900985718,-0.40581626412822097
BH_s05_high,0,172,5.733333333333333,0.7547492980957031,-0.009304776454792354
BH_s05_high,0,173,5.766666666666667,0.010852533392608166,0.384738009437442
BH_s05_high,0,174,5.8,-0.38336649537086487,0.7580697214424654
BH_s05_high,0,175,5.833333333333333,-0.4279078543186188,1.0874914282186146
BH_s05_high,0,176,5.866666666666666,-0.25908681750297546,1.3418004809775386
BH_s05_high,0,177,5.9,-0.039378583431243896,1.483914005102584
BH_s05_high,0,178,5.933333333333334,-0.003699950175359845,1.4785217357500167
BH_s05_high,0,179,5.966666666666667,-0.08175128698348999,1.304667744692722
BH_s05_high,0,180,6.0,-0.3837414085865021,0.968239775602082
BH_s05_high,0,181,6.033333333333333,-0.6857315301895142,0.5059497937529432
BH_s05_high,0,182,6.066666666666666,-0.9767703413963318,-0.02179715247546032
BH_s05_high,0,183,6.1,-1.178097128868103,-0.5452945708928721
BH_s05_high,0,184,6.133333333333334,-1.3705878257751465,-1.0011266437842798
BH_s05_high,0,185,6.166666666666667,-1.3970555067062378,-1.3420037962941627
BH_s05_high,0,186,6.2,-1.0469624996185303,-1.539361616111149
BH_s05_high,0,187,6.233333333333333,-0.022281859070062637,-1.5827531766187684
BH_s05_high,0,188,6.266666666666667,1.1810731887817383,-1.4783164453362787
BH_s05_high,0,189,6.3,2.049450159072876,-1.246160298400446
BH_s05_high,0,190,6.333333333333333,1.9801006317138672,-0.9162266849940153
BH_s05_high,0,191,6.366666666666666,1.27010178565979,-0.5221910698950607
BH_s05_high,0,192,6.4,0.41499191522598267,-0.09550171707037396
BH_s05_high,0,193,6.433333333333334,-0.3404451608657837,0.33620844665987304
BH_s05_high,0,194,6.466666666666667,-0.8461851477622986,0.7463082548212053
BH_s05_high,0,195,6.5,-0.9548677206039429,1.106095979183523
BH_s05_high,0,196,6.533333333333333,-0.7629926800727844,1.3843468717870366
BH_s05_high,0,197,6.566666666666666,-0.4610025882720947,1.550341082811318
BH_s05_high,0,198,6.6,-0.24879156053066254,1.5793954238502201
BH_s05_high,0,199,6.633333333333334,-0.23579202592372894,1.4582895759699588
BH_s05_high,0,200,6.666666666666667,-0.37922966480255127,1.189476277553488
BH_s05_high,0,201,6.7,-0.6222730278968811,0.794564572195539
BH_s05_high,0,202,6.733333333333333,-0.8734026551246643,0.315101571785403
BH_s05_high,0,203,6.766666666666667,-1.0849308967590332,-0.1933231514506012
BH_s05_high,0,204,6.8,-1.235397219657898,-0.6720208020151278
BH_s05_high,0,205,6.833333333333333,-1.3483773469924927,-1.0682350373468679
BH_s05_high,0,206,6.866666666666666,-1.201606035232544,-1.3399216921842882
BH_s05_high,0,207,6.9,-0.4994388818740845,-1.4589183226033198
BH_s05_high,0,208,6.933333333333334,0.6101343035697937,-1.4143560469103915
BH_s05_high,0,209,6.966666666666667,1.6507596969604492,-1.216634859895945
BH_s05_high,0,210,7.0,1.962843894958496,-0.8987790639077053
BH_s05_high,0,211,7.033333333333333,1.4718971252441406,-0.5093470109805498
BH_s05_high,0,212,7.066666666666666,0.6053673624992371,-0.09897839283292659
BH_s05_high,0,213,7.1,-0.24255312979221344,0.28977736346167315
BH_s05_high,0,214,7.133333333333334,-0.8404016494750977,0.6254611538259949
BH_s05_high,0,215,7.166666666666667,-1.0834983587265015,0.8862042490020111
BH_s05_high,0,216,7.2,-0.9790326952934265,1.0566991403037924
BH_s05_high,0,217,7.233333333333333,-0.6261820793151855,1.1260451191752703
BH_s05_high,0,218,7.266666666666667,-0.3479286730289459,1.087038493602576
BH_s05_high,0,219,7.3,-0.2428206205368042,0.9356009251020019
BH_s05_high,0,220,7.333333333333333,-0.3153025805950165,0.6719891044702255
BH_s05_high,0,221,7.366666666666666,-0.4873902499675751,0.30786803957477726
BH_s05_high,0,222,7.4,-0.6378564834594727,-0.12400777977115272
BH_s05_high,0,223,7.433333333333334,-0.8391832709312439,-0.5674100284449597
BH_s05_high,0,224,7.466666666666667,-0.9722586274147034,-0.9516907190233304
BH_s05_high,0,225,7.5,-1.0565887689590454,-1.2094469307853346
BH_s05_high,0,226,7.533333333333333,-0.8479385375976562,-1.295929010698634
BH_s05_high,0,227,7.566666666666666,0.001079975045286119,-1.200700222164558
BH_s05_high,0,228,7.6,1.1225950717926025,-0.947892104348816
BH_s05_high,0,229,7.633333333333334,1.9804892539978027,-0.5878692169551007
BH_s05_high,0,230,7.666666666666667,1.9906771183013916,-0.18337028374267797
BH_s05_high,0,231,7.7,1.3556770086288452,0.20714694934212344
BH_s05_high,0,232,7.733333333333333,0.490579754114151,0.5436458258494985
BH_s05_high,0,233,7.766666666666667,-0.29005327820777893,0.809172958747415
BH_s05_high,0,234,7.8,-0.8159151077270508,1.0038943617499707
BH_s05_high,0,235,7.833333333333333,-0.9491109251976013,1.1333553844914621
BH_s05_high,0,236,7.866666666666666,-0.7373281121253967,1.1967299673584277
BH_s05_high,0,237,7.9,-0.38447749614715576,1.1804719271102377
BH_s05_high,0,238,7.933333333333334,-0.13851569592952728,1.0607044418226352
BH_s05_high,0,239,7.966666666666667,-0.09176535159349442,0.8148500084531579
BH_s05_high,0,240,8.0,-0.24375785887241364,0.43839380274259643
BH_s05_high,0,241,8.033333333333333,-0.4450846016407013,-0.04118212242581922
BH_s05_high,0,242,8.066666666666666,-0.6972718834877014,-0.5612571244879422
BH_s05_high,0,243,8.1,-0.8477380871772766,-1.0377944810682438
BH_s05_high,0,244,8.133333333333333,-1.0019662380218506,-1.3911827653759932
BH_s05_high,0,245,8.166666666666666,-0.7707040309906006,-1.5695433324954224
BH_s05_high,0,246,8.2,0.15027445554733276,-1.560015356777397
BH_s05_high,0,247,8.233333333333333,1.5858556032180786,-1.385679628905443
BH_s05_high,0,248,8.266666666666667,2.694009304046631,-1.091697204638536
BH_s05_high,0,249,8.3,2.8269102573394775,-0.7291443609129552
BH_s05_high,0,250,8.333333333333334,2.1776251792907715,-0.34226015638424445
BH_s05_high,0,251,8.366666666666667,1.1515119075775146,0.03901049348692205
BH_s05_high,0,252,8.4,0.17235010862350464,0.39983450912364304
BH_s05_high,0,253,8.433333333333334,-0.5191598534584045,0.7339579341254547
BH_s05_high,0,254,8.466666666666667,-0.8753305077552795,1.0330291483575051
BH_s05_high,0,255,8.5,-0.8330782055854797,1.2782193977090512
BH_s05_high,0,256,8.533333333333333,-0.4268098473548889,1.4387123372320179
BH_s05_high,0,257,8.566666666666666,0.04315780848264694,1.4787165798087831
BH_s05_high,0,258,8.6,0.4135197103023529,1.3706657554538049
BH_s05_high,0,259,8.633333333333333,0.4888530671596527,1.1087129195355616
BH_s05_high,0,260,8.666666666666666,0.3071528673171997,0.7170701942601372
BH_s05_high,0,261,8.7,0.004105112515389919,0.2492923029912773
BH_s05_high,0,262,8.733333333333333,-0.30420419573783875,-0.22209897830360376
BH_s05_high,0,263,8.766666666666667,-0.5781332850456238,-0.6227489028715977
BH_s05_high,0,264,8.8,-0.7514256834983826,-0.8955313701094432
BH_s05_high,0,265,8.833333333333334,-0.3488788902759552,-1.0155343902406821
BH_s05_high,0,266,8.866666666666667,0.6026104092597961,-0.9949557876495715
BH_s05_high,0,267,8.9,1.76502525806427,-0.8731416807041819
BH_s05_high,0,268,8.933333333333334,2.3219199180603027,-0.6966711093954832
BH_s05_high,0,269,8.966666666666667,2.074538469314575,-0.502958619202556
BH_s05_high,0,270,9.0,1.3296375274658203,-0.3133389752441303
BH_s05_high,0,271,9.033333333333333,0.45492780208587646,-0.13294641727366027
BH_s05_high,0,272,9.066666666666666,-0.2968677282333374,0.04382956458796037
BH_s05_high,0,273,9.1,-0.7498461008071899,0.2216787194446493
BH_s05_high,0,274,9.133333333333333,-0.8377773761749268,0.39134000239394606
BH_s05_high,0,275,9.166666666666666,-0.6576301455497742,0.5245618545795094
BH_s05_high,0,276,9.2,-0.3688940703868866,0.5811053398448693
BH_s05_high,0,277,9.233333333333333,-0.2936811149120331,0.5254783697265255
BH_s05_high,0,278,9.266666666666667,-0.3668191432952881,0.3460334060762632
BH_s05_high,0,279,9.3,-0.5782269835472107,0.0655908181924453
BH_s05_high,0,280,9.333333333333334,-0.8711936473846436,-0.26160324297782916
BH_s05_high,0,281,9.366666666666667,-1.07252037525177,-0.5649726006651482
BH_s05_high,0,282,9.4,-1.2669389247894287,-0.7791438317876
BH_s05_high,0,283,9.433333333333334,-1.3559012413024902,-0.8634085190813464
BH_s05_high,0,284,9.466666666666667,-1.1199665069580078,-0.8122714212570915
BH_s05_high,0,285,9.5,-0.19799739122390747,-0.653198410404949
BH_s05_high,0,286,9.533333333333333,1.0608235597610474,-0.4328841235064904
BH_s05_high,0,287,9.566666666666666,2.050762176513672,-0.19826030819959803
BH_s05_high,0,288,9.6,2.1448116302490234,0.02006732255455401
BH_s05_high,0,289,9.633333333333333,1.5407642126083374,0.21437185510240253
BH_s05_high,0,290,9.666666666666666,0.6357844471931458,0.3944575496813557
BH_s05_high,0,291,9.7,-0.17368604242801666,0.5745217567063527
BH_s05_high,0,292,9.733333333333333,-0.8348056077957153,0.7585472256331627
BH_s05_high,0,293,9.766666666666667,-1.1488580703735352,0.9313647264793371
BH_s05_high,0,294,9.8,-1.017295241355896,1.0593754243630131
BH_s05_high,0,295,9.833333333333334,-0.7210886478424072,1.1009343440309056
BH_s05_high,0,296,9.866666666666667,-0.5129207372665405,1.022663917143089
BH_s05_high,0,297,9.9,-0.4462626576423645,0.8149480324590682
BH_s05_high,0,298,9.933333333333334,-0.5788160562515259,0.5000002163193323
BH_s05_high,0,299,9.966666666666667,-0.7801427841186523,0.1274328998120562
BH_s05_high,1,0,10.0,-0.9814695119857788,-0.007962517232819285
BH_s05_high,1,1,10.033333333333333,-1.1827962398529053,0.13681329521515284
BH_s05_high,1,2,10.066666666666666,-1.3841229677200317,0.2883186995345144
BH_s05_high,1,3,10.1,-1.4279146194458008,0.44615756503389037
BH_s05_high,1,4,10.133333333333333,-0.916805624961853,0.6010395829117328
BH_s05_high,1,5,10.166666666666666,0.158494770526886,0.7378866497045179
BH_s05_high,1,6,10.2,1.352545142173767,0.8437058455077123
BH_s05_high,1,7,10.233333333333333,1.9559760093688965,0.9138062805070669
BH_s05_high,1,8,10.266666666666667,1.6911101341247559,0.9521925718411748
BH_s05_high,1,9,10.3,0.9183621406555176,0.9652893028954808
BH_s05_high,1,10,10.333333333333334,0.04054652154445648,0.9525263997577933
BH_s05_high,1,11,10.366666666666667,-0.7105662822723389,0.9008553179953521
BH_s05_high,1,12,10.4,-1.159528136253357,0.7868326808969992
BH_s05_high,1,13,10.433333333333334,-1.2350490093231201,0.5855685551791249
BH_s05_high,1,14,10.466666666666667,-0.9848161935806274,0.2837836013656382
BH_s05_high,1,15,10.5,-0.6319655776023865,-0.10737758796196827
BH_s05_high,1,16,10.533333333333333,-0.47531425952911377,-0.545975935004185
BH_s05_high,1,17,10.566666666666666,-0.4670138955116272,-0.9660173365673009
BH_s05_high,1,18,10.6,-0.6382313966751099,-1.2957609029375168
BH_s05_high,1,19,10.633333333333333,-0.8209221959114075,-1.4780430460547018
BH_s05_high,1,20,10.666666666666666,-0.9900243878364563,-1.485338374038314
BH_s05_high,1,21,10.7,-1.1239699125289917,-1.325950898105891
BH_s05_high,1,22,10.733333333333333,-1.1273837089538574,-1.0397528347752991
BH_s05_high,1,23,10.766666666666667,-0.6726375222206116,-0.6841329239901669
BH_s05_high,1,24,10.8,0.27337610721588135,-0.31529152043618247
BH_s05_high,1,25,10.833333333333334,1.3813155889511108,0.026491671856072357
BH_s05_high,1,26,10.866666666666667,1.8820881843566895,0.32226829188934075
BH_s05_high,1,27,10.9,1.6288295984268188,0.5694840147588816
BH_s05_high,1,28,10.933333333333334,0.9048939943313599,0.7701547874409507
BH_s05_high,1,29,10.966666666666667,0.11570610105991364,0.9192528060618183
BH_s05_high,1,30,11.0,-0.5321327447891235,0.9989872811703714
BH_s05_high,1,31,11.033333333333333,-0.960811972618103,0.9820018882348136
BH_s05_high,1,32,11.066666666666666,-0.9959549903869629,0.8432433546432967
BH_s05_high,1,33,11.1,-0.6890782117843628,0.5769136186017233
BH_s05_high,1,34,11.133333333333333,-0.3389989137649536,0.21039083347164833
BH_s05_high,1,35,11.166666666666666,-0.14109960198402405,-0.19572364987323027
BH_s05_high,1,36,11.2,-0.19327224791049957,-0.5633636130823543
BH_s05_high,1,37,11.233333333333333,-0.4450579285621643,-0.8209777774795801
BH_s05_high,1,38,11.266666666666667,-0.6961875557899475,-0.9257752084659769
BH_s05_high,1,39,11.3,-0.8989735245704651,-0.8740122325528679
BH_s05_high,1,40,11.333333333333334,-1.0530142784118652,-0.6962891450073977
BH_s05_high,1,41,11.366666666666667,-0.6774975061416626,-0.44251625621122065
BH_s05_high,1,42,11.4,0.259747177362442,-0.16336741940228433
BH_s05_high,1,43,11.433333333333334,1.368101954460144,0.10428499940003468
BH_s05_high,1,44,11.466666666666667,1.9716265201568604,0.3429892109772022
BH_s05_high,1,45,11.5,1.7761900424957275,0.5498694555739472
BH_s05_high,1,46,11.533333333333333,1.0571943521499634,0.7247388639738889
BH_s05_high,1,47,11.566666666666666,0.25188735127449036,0.8586844848747419
BH_s05_high,1,48,11.6,-0.4637342691421509,0.9290478738425559
BH_s05_high,1,49,11.633333333333333,-0.9155879020690918,0.9037953085209527
BH_s05_high,1,50,11.666666666666666,-0.9690186381340027,0.7543410584093344
BH_s05_high,1,51,11.7,-0.7461908459663391,0.47205810919231395
BH_s05_high,1,52,11.733333333333333,-0.39334020018577576,0.08096173845195086
BH_s05_high,1,53,11.766666666666667,-0.2092839479446411,-0.36206765308335426
BH_s05_high,1,54,11.8,-0.22443914413452148,-0.7804825027832663
BH_s05_high,1,55,11.833333333333334,-0.35652390122413635,-1.0977016997081732
BH_s05_high,1,56,11.866666666666667,-0.5578506588935852,-1.2565653970092485
BH_s05_high,1,57,11.9,-0.8100379109382629,-1.2335913206690794
BH_s05_high,1,58,11.933333333333334,-0.8757587671279907,-1.0438061241650354
BH_s05_high,1,59,11.966666666666667,-0.4321780800819397,-0.733415483328693
BH_s05_high,1,60,12.0,0.5793826580047607,-0.3631046255722708
BH_s05_high,1,61,12.033333333333333,1.6361805200576782,0.010253511435495665
BH_s05_high,1,62,12.066666666666666,2.0967626571655273,0.34658196701969224
BH_s05_high,1,63,12.1,1.8064196109771729,0.625623236126167
BH_s05_high,1,64,12.133333333333333,1.0858711004257202,0.8406236422203727
BH_s05_high,1,65,12.166666666666666,0.25160616636276245,0.9882542455117482
BH_s05_high,1,66,12.2,-0.4124051332473755,1.060274194451523
BH_s05_high,1,67,12.233333333333333,-0.8397455811500549,1.041108063988166
BH_s05_high,1,68,12.266666666666667,-0.8863351345062256,0.9127516177673544
BH_s05_high,1,69,12.3,-0.6507219672203064,0.6653396140929486
BH_s05_high,1,70,12.333333333333334,-0.3642885982990265,0.3089644535337101
BH_s05_high,1,71,12.366666666666667,-0.19196011126041412,-0.11950288211835096
BH_s05_high,1,72,12.4,-0.26970359683036804,-0.5587213967631577
BH_s05_high,1,73,12.433333333333334,-0.4834141731262207,-0.9353493472924411
BH_s05_high,1,74,12.466666666666667,-0.7345438003540039,-1.183263165390628
BH_s05_high,1,75,12.5,-0.9754048585891724,-1.2622038550698758
BH_s05_high,1,76,12.533333333333333,-1.038166880607605,-1.1687410576738912
BH_s05_high,1,77,12.566666666666666,-0.525464653968811,-0.9340881752331465
BH_s05_high,1,78,12.6,0.5106093287467957,-0.6102743497371661
BH_s05_high,1,79,12.633333333333333,1.6933602094650269,-0.25277492764405624
BH_s05_high,1,80,12.666666666666666,2.29522442817688,0.09368107813060457
BH_s05_high,1,81,12.7,2.0184431076049805,0.4021402826148928
BH_s05_high,1,82,12.733333333333333,1.2600740194320679,0.6621497265617219
BH_s05_high,1,83,12.766666666666667,0.40390652418136597,0.8719324290857645
BH_s05_high,1,84,12.8,-0.24731937050819397,1.027934803642354
BH_s05_high,1,85,12.833333333333334,-0.6996416449546814,1.1169785152153175
BH_s05_high,1,86,12.866666666666667,-0.8022862076759338,1.1154292517052724
BH_s05_high,1,87,12.9,-0.6061135530471802,0.9979440476607457
BH_s05_high,1,88,12.933333333333334,-0.40236368775367737,0.7526046794882559
BH_s05_high,1,89,12.966666666666667,-0.2473590224981308,0.3941007062403842
BH_s05_high,1,90,13.0,-0.28808507323265076,-0.03189190141324177
BH_s05_high,1,91,13.033333333333333,-0.5280225872993469,-0.45693686861086413
BH_s05_high,1,92,13.066666666666666,-0.7791521549224854,-0.808111864795492
BH_s05_high,1,93,13.1,-1.039050817489624,-1.0278799394796876
BH_s05_high,1,94,13.133333333333333,-1.2403775453567505,-1.0884851400203561
BH_s05_high,1,95,13.166666666666666,-1.1401020288467407,-0.9965354480641545
BH_s05_high,1,96,13.2,-0.36223965883255005,-0.7872129789562743
BH_s05_high,1,97,13.233333333333333,0.8088374733924866,-0.5112967626743928
BH_s05_high,1,98,13.266666666666667,1.831723690032959,-0.21969612910169575
BH_s05_high,1,99,13.3,2.0610170364379883,0.04918896598912824
BH_s05_high,1,100,13.333333333333334,1.5487834215164185,0.27535309157164384
BH_s05_high,1,101,13.366666666666667,0.6751580238342285,0.45445701814435474
BH_s05_high,1,102,13.4,-0.11480635404586792,0.5884311599099394
BH_s05_high,1,103,13.433333333333334,-0.7564197182655334,0.6746954268642844
BH_s05_high,1,104,13.466666666666667,-1.0870462656021118,0.699879016277469
BH_s05_high,1,105,13.5,-1.048649549484253,0.6431567124975804
BH_s05_high,1,106,13.533333333333333,-0.7681201100349426,0.48824225436856367
BH_s05_high,1,107,13.566666666666666,-0.5442750453948975,0.2371557720694357
BH_s05_high,1,108,13.6,-0.4724895656108856,-0.08171635845742727
BH_s05_high,1,109,13.633333333333333,-0.5983222126960754,-0.4175930378925967
BH_s05_high,1,110,13.666666666666666,-0.8237605690956116,-0.7116635673312909
BH_s05_high,1,111,13.7,-1.0518362522125244,-0.912617957310095
BH_s05_high,1,112,13.733333333333333,-1.2531629800796509,-0.9876308366025297
BH_s05_high,1,113,13.766666666666667,-1.4335509538650513,-0.9277319938565627
BH_s05_high,1,114,13.8,-1.4237107038497925,-0.7472779769130096
BH_s05_high,1,115,13.833333333333334,-0.8871779441833496,-0.47786118234004615
BH_s05_high,1,116,13.866666666666667,0.15604497492313385,-0.1589360132058122
BH_s05_high,1,117,13.9,1.264078140258789,0.1710546270563023
BH_s05_high,1,118,13.933333333333334,1.7407392263412476,0.48059697160499426
BH_s05_high,1,119,13.966666666666667,1.384286642074585,0.7473200574955637
BH_s05_high,1,120,14.0,0.6152473092079163,0.9565501206835036
BH_s05_high,1,121,14.033333333333333,-0.17758208513259888,1.0969513927955792
BH_s05_high,1,122,14.066666666666666,-0.8085253238677979,1.1559780392884682
BH_s05_high,1,123,14.1,-1.1074492931365967,1.1191971806153178
BH_s05_high,1,124,14.133333333333333,-1.028674840927124,0.9745812502471224
BH_s05_high,1,125,14.166666666666666,-0.718437671661377,0.7195956011383973
BH_s05_high,1,126,14.2,-0.38821277022361755,0.3678688873866839
BH_s05_high,1,127,14.233333333333333,-0.29981285333633423,-0.04810878888483427
BH_s05_high,1,128,14.266666666666667,-0.4055503010749817,-0.4798246078448409
BH_s05_high,1,129,14.3,-0.6577375531196594,-0.8703418150034437
BH_s05_high,1,130,14.333333333333334,-0.9099248051643372,-1.1652526520160786
BH_s05_high,1,131,14.366666666666667,-1.1093504428863525,-1.3250635774221886
BH_s05_high,1,132,14.4,-1.2091702222824097,-1.334808712629162
BH_s05_high,1,133,14.433333333333334,-1.1585239171981812,-1.2051967339783347
BH_s05_high,1,134,14.466666666666667,-0.5568860173225403,-0.9651762873839664
BH_s05_high,1,135,14.5,0.44593241810798645,-0.6513816140440514
BH_s05_high,1,136,14.533333333333333,1.4559532403945923,-0.2989719698040018
BH_s05_high,1,137,14.566666666666666,1.787155032157898,0.06353044808738059
BH_s05_high,1,138,14.6,1.3160085678100586,0.41436955835733136
BH_s05_high,1,139,14.633333333333333,0.57256680727005,0.7342944625026601
BH_s05_high,1,140,14.666666666666666,-0.19711492955684662,1.0007374790681691
BH_s05_high,1,141,14.7,-0.809770405292511,1.1847724173360017
BH_s05_high,1,142,14.733333333333333,-1.0468558073043823,1.2537809687449537
BH_s05_high,1,143,14.766666666666667,-0.9363788366317749,1.1805654547779367
BH_s05_high,1,144,14.8,-0.6343886852264404,0.9558268705820829
BH_s05_high,1,145,14.833333333333334,-0.4212137758731842,0.5976741939754888
BH_s05_high,1,146,14.866666666666667,-0.34454163908958435,0.1531699472766217
BH_s05_high,1,147,14.9,-0.41622042655944824,-0.3105921597778173
BH_s05_high,1,148,14.933333333333334,-0.6175472140312195,-0.7225660224124493
BH_s05_high,1,149,14.966666666666667,-0.818873941898346,-1.0225415948963303
BH_s05_high,1,150,15.0,-1.0202007293701172,-1.1709671433764652
BH_s05_high,1,151,15.033333333333333,-1.1390581130981445,-1.1554029866159372
BH_s05_high,1,152,15.066666666666666,-1.0972073078155518,-0.9924015242588519
BH_s05_high,1,153,15.1,-0.5368441939353943,-0.7209040899263041
BH_s05_high,1,154,15.133333333333333,0.5052944421768188,-0.3889747291690187
BH_s05_high,1,155,15.166666666666666,1.6311200857162476,-0.041160693434334206
BH_s05_high,1,156,15.2,2.0967626571655273,0.2888022310242401
BH_s05_high,1,157,15.233333333333333,1.7673403024673462,0.5787351689379787
BH_s05_high,1,158,15.266666666666667,0.9876307845115662,0.8137158896406765
BH_s05_high,1,159,15.3,0.1546110212802887,0.980449095749443
BH_s05_high,1,160,15.333333333333334,-0.4549919664859772,1.063585154465465
BH_s05_high,1,161,15.366666666666667,-0.844351053237915,1.0460705331242175
BH_s05_high,1,162,15.4,-0.8640576601028442,0.9140630723844622
BH_s05_high,1,163,15.433333333333334,-0.6438137292861938,0.6652199914028595
BH_s05_high,1,164,15.466666666666667,-0.41054365038871765,0.31643489765375443
BH_s05_high,1,165,15.5,-0.34454163908958435,-0.0947627826091944
BH_s05_high,1,166,15.533333333333333,-0.4268905818462372,-0.5161531375235582
BH_s05_high,1,167,15.566666666666666,-0.628217339515686,-0.8901118316819138
BH_s05_high,1,168,15.6,-0.8295440673828125,-1.1634547380355618
BH_s05_high,1,169,15.633333333333333,-0.9800103306770325,-1.2967689423463944
BH_s05_high,1,170,15.666666666666666,-1.1189628839492798,-1.2719149521033508
BH_s05_high,1,171,15.7,-1.198714256286621,-1.0961332619825277
BH_s05_high,1,172,15.733333333333333,-0.8796807527542114,-0.8008742572550418
BH_s05_high,1,173,15.766666666666667,0.05236944183707237,-0.4335840998062651
BH_s05_high,1,174,15.8,1.261387586593628,-0.04490902967691761
BH_s05_high,1,175,15.833333333333334,2.1092135906219482,0.3223974665737866
BH_s05_high,1,176,15.866666666666667,2.065755844116211,0.6389711858459323
BH_s05_high,1,177,15.9,1.402694821357727,0.88799089363325
BH_s05_high,1,178,15.933333333333334,0.5465273261070251,1.059906016473768
BH_s05_high,1,179,15.966666666666667,-0.1530688852071762,1.146767482705065
BH_s05_high,1,180,16.0,-0.6515791416168213,1.139197239158598
BH_s05_high,1,181,16.033333333333335,-0.8021658062934875,1.0273565493434689
BH_s05_high,1,182,16.066666666666666,-0.6520607471466064,0.8060310044794806
BH_s05_high,1,183,16.1,-0.40210917592048645,0.4826271907398828
BH_s05_high,1,184,16.133333333333333,-0.24611394107341766,0.08421201614505303
BH_s05_high,1,185,16.166666666666668,-0.23846964538097382,-0.3420856906899122
BH_s05_high,1,186,16.2,-0.3845849335193634,-0.7367373667781261
BH_s05_high,1,187,16.233333333333334,-0.6367721557617188,-1.0402982139279218
BH_s05_high,1,188,16.266666666666666,-0.83809894323349,-1.206837543756549
BH_s05_high,1,189,16.3,-1.0394257307052612,-1.2144931041378906
BH_s05_high,1,190,16.333333333333332,-1.1074492931365967,-1.069916016870971
BH_s05_high,1,191,16.366666666666667,-1.0779824256896973,-0.8045187690331308
BH_s05_high,1,192,16.4,-0.5402982831001282,-0.4640072768788482
BH_s05_high,1,193,16.433333333333334,0.4680628478527069,-0.0959527076035893
BH_s05_high,1,194,16.466666666666665,1.652902364730835,0.26008099002179136
BH_s05_high,1,195,16.5,2.1686289310455322,0.5764586541723387
BH_s05_high,1,196,16.533333333333335,1.8366492986679077,0.8352573876612809
BH_s05_high,1,197,16.566666666666666,1.0633124113082886,1.022833961948137
BH_s05_high,1,198,16.6,0.17438465356826782,1.1247221636275209
BH_s05_high,1,199,16.633333333333333,-0.48389649391174316,1.124176577975683
BH_s05_high,1,200,16.666666666666668,-0.8635760545730591,1.0057307630850236
BH_s05_high,1,201,16.7,-0.9252804517745972,0.7628357097239341
BH_s05_high,1,202,16.733333333333334,-0.6943663954734802,0.4066850274277071
BH_s05_high,1,203,16.766666666666666,-0.4421791732311249,-0.028065430272863026
BH_s05_high,1,204,16.8,-0.34454163908958435,-0.48443476873585395
BH_s05_high,1,205,16.833333333333332,-0.42075884342193604,-0.8934035441311737
BH_s05_high,1,206,16.866666666666667,-0.5965818166732788,-1.190572182030754
BH_s05_high,1,207,16.9,-0.821150004863739,-1.3317804415945669
BH_s05_high,1,208,16.933333333333334,-1.050095796585083,-1.3024417319878998
BH_s05_high,1,209,16.966666666666665,-1.2302963733673096,-1.1184844328784125
BH_s05_high,1,210,17.0,-1.3818203210830688,-0.8194592606996702
BH_s05_high,1,211,17.033333333333335,-1.3047192096710205,-0.45681886612961886
BH_s05_high,1,212,17.066666666666666,-0.6736144423484802,-0.08094713224660992
BH_s05_high,1,213,17.1,0.41767096519470215,0.2695077202972227
BH_s05_high,1,214,17.133333333333333,1.44472074508667,0.5726168453497215
BH_s05_high,1,215,17.166666666666668,1.762039065361023,0.819873095428379
BH_s05_high,1,216,17.2,1.2886570692062378,1.0068545865058716
BH_s05_high,1,217,17.233333333333334,0.45696234703063965,1.1244017833026614
BH_s05_high,1,218,17.266666666666666,-0.3240722715854645,1.1551471911911895
BH_s05_high,1,219,17.3,-0.9567558765411377,1.0774064510993857
BH_s05_high,1,220,17.333333333333332,-1.260030746459961,0.8752815818747017
BH_s05_high,1,221,17.366666666666667,-1.1838668584823608,0.5508603480107642
BH_s05_high,1,222,17.4,-0.8744999766349792,0.13299126072294082
BH_s05_high,1,223,17.433333333333334,-0.5353453159332275,-0.32310620854368727
BH_s05_high,1,224,17.466666666666665,-0.39540213346481323,-0.746357955629628
BH_s05_high,1,225,17.5,-0.45467042922973633,-1.0663612978547123
BH_s05_high,1,226,17.533333333333335,-0.6528509259223938,-1.2307484080932092
BH_s05_high,1,227,17.566666666666666,-0.8064634203910828,-1.2180665053121797
BH_s05_high,1,228,17.6,-0.9558987021446228,-1.0419815762778681
BH_s05_high,1,229,17.633333333333333,-1.107395887374878,-0.7444967221376675
BH_s05_high,1,230,17.666666666666668,-1.1074492931365967,-0.3810067134210192
BH_s05_high,1,231,17.7,-0.6138378977775574,-0.0045580059799281356
BH_s05_high,1,232,17.733333333333334,0.3355094790458679,0.3449169078900822
BH_s05_high,1,233,17.766666666666666,1.4438642263412476,0.6433511159963091
BH_s05_high,1,234,17.8,1.9790971279144287,0.8778466051718807
BH_s05_high,1,235,17.833333333333332,1.6708807945251465,1.0384164023166098
BH_s05_high,1,236,17.866666666666667,0.9355518817901611,1.110992319450396
BH_s05_high,1,237,17.9,0.1302448958158493,1.0763347737908775
BH_s05_high,1,238,17.933333333333334,-0.5415714979171753,0.9162415941310678
BH_s05_high,1,239,17.966666666666665,-0.8828010559082031,0.624828304237368
BH_s05_high,1,240,18.0,-0.8648074269294739,0.21987931744753328
BH_s05_high,1,241,18.033333333333335,-0.5861387848854065,-0.25243743709733263
BH_s05_high,1,242,18.066666666666666,-0.3212331533432007,-0.7229647539250426
BH_s05_high,1,243,18.1,-0.19196011126041412,-1.1144258236955888
BH_s05_high,1,244,18.133333333333333,-0.22692932188510895,-1.3611316573551824
BH_s05_high,1,245,18.166666666666668,-0.41236478090286255,-1.42570398559928
BH_s05_high,1,246,18.2,-0.613691508769989,-1.3071228202053613
BH_s05_high,1,247,18.233333333333334,-0.8150182366371155,-1.0376017061434162
BH_s05_high,1,248,18.266666666666666,-0.9347458481788635,-0.670165021225365
BH_s05_high,1,249,18.3,-0.8658246994018555,-0.26272271631421973
BH_s05_high,1,250,18.333333333333332,-0.2172757387161255,0.1359072487914382
BH_s05_high,1,251,18.366666666666667,0.9017361402511597,0.4939291811425218
BH_s05_high,1,252,18.4,1.87543523311615,0.7964613554259958
BH_s05_high,1,253,18.433333333333334,2.096722364425659,1.0377992877839235
BH_s05_high,1,254,18.466666666666665,1.6452429294586182,1.2105247707440578
BH_s05_high,1,255,18.5,0.8420108556747437,1.2989591784892063
BH_s05_high,1,256,18.533333333333335,0.05898135155439377,1.28067724250192
BH_s05_high,1,257,18.566666666666666,-0.5311421155929565,1.1351502971657554
BH_s05_high,1,258,18.6,-0.7715879082679749,0.855782300186468
BH_s05_high,1,259,18.633333333333333,-0.6941119432449341,0.4595946859663551
BH_s05_high,1,260,18.666666666666668,-0.3921217918395996,-0.009746823295226064
BH_s05_high,1,261,18.7,-0.1579814851284027,-0.487528257116317
BH_s05_high,1,262,18.733333333333334,-0.10617075860500336,-0.9010116538679683
BH_s05_high,1,263,18.766666666666666,-0.2725686728954315,-1.1856845441632113
BH_s05_high,1,264,18.8,-0.4877117872238159,-1.3002927943265794
BH_s05_high,1,265,18.833333333333332,-0.7260826826095581,-1.2366546070718454
BH_s05_high,1,266,18.866666666666667,-0.8765488862991333,-1.0207770005245216
BH_s05_high,1,267,18.9,-1.0057282447814941,-0.7029937901454592
BH_s05_high,1,268,18.933333333333334,-0.7956317663192749,-0.34073096025064203
BH_s05_high,1,269,18.966666666666665,-0.0049573155120015144,0.017298259923944515
BH_s05_high,1,270,19.0,1.1617285013198853,0.33945751889635534
BH_s05_high,1,271,19.033333333333335,2.1224143505096436,0.6101015646705148
BH_s05_high,1,272,19.066666666666666,2.2279231548309326,0.8212192353247957
BH_s05_high,1,273,19.1,1.7063583135604858,0.9625515280753006
BH_s05_high,1,274,19.133333333333333,0.8978113532066345,1.01569228088975
BH_s05_high,1,275,19.166666666666668,0.10010896623134613,0.9561664833474265
BH_s05_high,1,276,19.2,-0.44963669776916504,0.763493808902841
BH_s05_high,1,277,19.233333333333334,-0.7004981637001038,0.43516565208992425
BH_s05_high,1,278,19.266666666666666,-0.5499648451805115,-0.0017901738243411985
BH_s05_high,1,279,19.3,-0.25101354718208313,-0.4888758609149302
BH_s05_high,1,280,19.333333333333332,-0.04248445853590965,-0.9465659332649492
BH_s05_high,1,281,19.366666666666667,-0.03521506488323212,-1.294625604757097
BH_s05_high,1,282,19.4,-0.13065728545188904,-1.4750300936746779
BH_s05_high,1,283,19.433333333333334,-0.3828445374965668,-1.4668466896177315
BH_s05_high,1,284,19.466666666666665,-0.6276953220367432,-1.2879098364576083
BH_s05_high,1,285,19.5,-0.7938921451568604,-0.984568203386615
BH_s05_high,1,286,19.533333333333335,-0.9454159736633301,-0.6140836258757583
BH_s05_high,1,287,19.566666666666666,-0.8338143229484558,-0.226580810083479
BH_s05_high,1,288,19.6,-0.1319146454334259,0.1469624446438862
BH_s05_high,1,289,19.633333333333333,1.0297777652740479,0.4958432916810404
BH_s05_high,1,290,19.666666666666668,2.0890254974365234,0.8206886089974124
BH_s05_high,1,291,19.7,2.3149447441101074,1.120604512666252
BH_s05_high,1,292,19.733333333333334,1.8004616498947144,1.382885453428871
BH_s05_high,1,293,19.766666666666666,0.9769469499588013,1.5806001268549528
BH_s05_high,1,294,19.8,0.10392425954341888,1.6789810320997347
BH_s05_high,1,295,19.833333333333332,-0.5548521876335144,1.6469983988031895
BH_s05_high,1,296,19.866666666666667,-0.9148114323616028,1.4694599228772656
BH_s05_high,1,297,19.9,-0.8742324709892273,1.154897467288202
BH_s05_high,1,298,19.933333333333334,-0.585696816444397,0.7363194345405703
BH_s05_high,1,299,19.966666666666665,-0.31242379546165466,0.26428122142492577
BH_s05_high,2,0,20.0,-0.19196011126041412,0.020291022323478253
BH_s05_high,2,1,20.033333333333335,-0.24304842948913574,0.23689047097492025
BH_s05_high,2,2,20.066666666666666,-0.4443751871585846,0.4509328804527052
BH_s05_high,2,3,20.1,-0.6965624094009399,0.654913013957097
BH_s05_high,2,4,20.133333333333333,-0.9487497210502625,0.8362480532038645
BH_s05_high,2,5,20.166666666666668,-1.1287628412246704,0.9789513625183084
BH_s05_high,2,6,20.2,-1.1177978515625,1.0676710228149744
BH_s05_high,2,7,20.233333333333334,-0.5277803540229797,1.0926192543326971
BH_s05_high,2,8,20.266666666666666,0.5343330502510071,1.052589786429288
BH_s05_high,2,9,20.3,1.606017827987671,0.9526160945252953
BH_s05_high,2,10,20.333333333333332,1.9629909992218018,0.7978450203427021
BH_s05_high,2,11,20.366666666666667,1.5342439413070679,0.589828861031469
BH_s05_high,2,12,20.4,0.7509195804595947,0.3283376702772097
BH_s05_high,2,13,20.433333333333334,-0.11649338155984879,0.017853818937794287
BH_s05_high,2,14,20.466666666666665,-0.6968839764595032,-0.3245515508347001
BH_s05_high,2,15,20.5,-1.0057282447814941,-0.6649804415227087
BH_s05_high,2,16,20.533333333333335,-0.8749685883522034,-0.9558366373066318
BH_s05_high,2,17,20.566666666666666,-0.5643565654754639,-1.1477690583055165
BH_s05_high,2,18,20.6,-0.22769209742546082,-1.2059356372859784
BH_s05_high,2,19,20.633333333333333,-0.09023909270763397,-1.1210547105797617
BH_s05_high,2,20,20.666666666666668,-0.15199755132198334,-0.9107880743516155
BH_s05_high,2,21,20.7,-0.3577156364917755,-0.6129988561804359
BH_s05_high,2,22,20.733333333333334,-0.6055115461349487,-0.274335026440427
BH_s05_high,2,23,20.766666666666666,-0.80683833360672,0.0613073903874704
BH_s05_high,2,24,20.8,-0.9536492824554443,0.3607019144352771
BH_s05_high,2,25,20.833333333333332,-0.6994397640228271,0.6033364117295186
BH_s05_high,2,26,20.866666666666667,0.1051311045885086,0.7782485786615537
BH_s05_high,2,27,20.9,1.2595404386520386,0.8789444783938938
BH_s05_high,2,28,20.933333333333334,2.02782940864563,0.8992851212814622
BH_s05_high,2,29,20.966666666666665,2.007251024246216,0.8321563585414087
BH_s05_high,2,30,21.0,1.3697471618652344,0.6717643160625193
BH_s05_high,2,31,21.033333333333335,0.5248922109603882,0.4192282584811266
BH_s05_high,2,32,21.066666666666666,-0.1993643045425415,0.08939163415307638
BH_s05_high,2,33,21.1,-0.7182242274284363,-0.2845912563014273
BH_s05_high,2,34,21.133333333333333,-0.8531467318534851,-0.6522797147346434
BH_s05_high,2,35,21.166666666666668,-0.6809515953063965,-0.9550591927557923
BH_s05_high,2,36,21.2,-0.3789614737033844,-1.140945044190825
BH_s05_high,2,37,21.233333333333334,-0.15363052487373352,-1.1781721249607646
BH_s05_high,2,38,21.266666666666666,-0.09023909270763397,-1.06268907572159
BH_s05_high,2,39,21.3,-0.22817440330982208,-0.817648325078395
BH_s05_high,2,40,21.333333333333332,-0.4148549437522888,-0.48560781208270526
BH_s05_high,2,41,21.366666666666667,-0.6161816716194153,-0.11658018929694616
BH_s05_high,2,42,21.4,-0.7844670414924622,0.24412308931995255
BH_s05_high,2,43,21.433333333333334,-0.6743512749671936,0.5642041456673371
BH_s05_high,2,44,21.466666666666665,0.0355142280459404,0.8261433863505746
BH_s05_high,2,45,21.5,1.183671474456787,1.021563108043195
BH_s05_high,2,46,21.533333333333335,2.1967175006866455,1.1418588094873374
BH_s05_high,2,47,21.566666666666666,2.3695268630981445,1.1724051561999627
BH_s05_high,2,48,21.6,1.8323379755020142,1.0941030809002459
BH_s05_high,2,49,21.633333333333333,1.0013930797576904,0.8915719108237741
BH_s05_high,2,50,21.666666666666668,0.14458325505256653,0.5648178826488782
BH_s05_high,2,51,21.7,-0.4386320412158966,0.13936563752415326
BH_s05_high,2,52,21.733333333333334,-0.7005651593208313,-0.3305629740469994
BH_s05_high,2,53,21.766666666666666,-0.6068900227546692,-0.7703982054137394
BH_s05_high,2,54,21.8,-0.33435308933258057,-1.1036990750861748
BH_s05_high,2,55,21.833333333333332,-0.07094705104827881,-1.2734593627197401
BH_s05_high,2,56,21.866666666666667,-0.006752472836524248,-1.2580036240676766
BH_s05_high,2,57,21.9,-0.07373209297657013,-1.073968253608259
BH_s05_high,2,58,21.933333333333334,-0.32591935992240906,-0.7663483374587416
BH_s05_high,2,59,21.966666666666665,-0.5781065821647644,-0.39294608087390814
BH_s05_high,2,60,22.0,-0.7654294967651367,-0.0091707233184329
BH_s05_high,2,61,22.033333333333335,-0.8272543549537659,0.34342938668365974
BH_s05_high,2,62,22.066666666666666,-0.39012619853019714,0.6418822111773271
BH_s05_high,2,63,22.1,0.6100283265113831,0.8775424267806752
BH_s05_high,2,64,22.133333333333333,1.8893324136734009,1.0455993603647498
BH_s05_high,2,65,22.166666666666668,2.6140835285186768,1.1353650884830893
BH_s05_high,2,66,22.2,2.4576988220214844,1.1270142962566743
BH_s05_high,2,67,22.233333333333334,1.732196569442749,0.9977512759284846
BH_s05_high,2,68,22.266666666666666,0.7753657102584839,0.7349471314423335
BH_s05_high,2,69,22.3,-0.06180388480424881,0.3488639877224712
BH_s05_high,2,70,22.333333333333332,-0.5582659244537354,-0.12102280628914666
BH_s05_high,2,71,22.366666666666667,-0.7490559220314026,-0.6093920364961392
BH_s05_high,2,72,22.4,-0.5949077606201172,-1.0379611973453249
BH_s05_high,2,73,22.433333333333334,-0.29317212104797363,-1.334184275689482
BH_s05_high,2,74,22.466666666666665,-0.09184538573026657,-1.4501064874595855
BH_s05_high,2,75,22.5,-0.09023909270763397,-1.3747239530638928
BH_s05_high,2,76,22.533333333333335,-0.2878442704677582,-1.1353059559642829
BH_s05_high,2,77,22.566666666666666,-0.48917099833488464,-0.786144800780314
BH_s05_high,2,78,22.6,-0.7413582801818848,-0.3894154174093881
BH_s05_high,2,79,22.633333333333333,-0.8979158401489258,0.0019311632577287356
BH_s05_high,2,80,22.666666666666668,-0.8674446940422058,0.35323799046125137
BH_s05_high,2,81,22.7,-0.1214449405670166,0.6482345239082277
BH_s05_high,2,82,22.733333333333334,1.0099774599075317,0.8821189111550315
BH_s05_high,2,83,22.766666666666666,2.156446933746338,1.0518936277517659
BH_s05_high,2,84,22.8,2.5036468505859375,1.1483782670227676
BH_s05_high,2,85,22.833333333333332,2.0312416553497314,1.153556443272576
BH_s05_high,2,86,22.866666666666667,1.1875113248825073,1.045271565911022
BH_s05_high,2,87,22.9,0.29503580927848816,0.8091313839852102
BH_s05_high,2,88,22.933333333333334,-0.3173515200614929,0.4529348565889596
BH_s05_high,2,89,22.966666666666665,-0.6672296524047852,0.01531781647287392
BH_s05_high,2,90,23.0,-0.6674301028251648,-0.4369370152706625
BH_s05_high,2,91,23.033333333333335,-0.43296822905540466,-0.8243686021804981
BH_s05_high,2,92,23.066666666666666,-0.21180079877376556,-1.077810850665156
BH_s05_high,2,93,23.1,-0.14109960198402405,-1.157875925894879
BH_s05_high,2,94,23.133333333333333,-0.3006296753883362,-1.0636974123555034
BH_s05_high,2,95,23.166666666666668,-0.5019564032554626,-0.8288623538897858
BH_s05_high,2,96,23.2,-0.7541437149047852,-0.5074015938081433
BH_s05_high,2,97,23.233333333333334,-0.9554704427719116,-0.1569154213353403
BH_s05_high,2,98,23.266666666666666,-1.1321232318878174,0.17540582866887242
BH_s05_high,2,99,23.3,-1.0366002321243286,0.4604816588492914
BH_s05_high,2,100,23.333333333333332,-0.3506986200809479,0.6870774025342817
BH_s05_high,2,101,23.366666666666667,0.7996006011962891,0.8537938334970616
BH_s05_high,2,102,23.4,1.9042863845825195,0.9574728702373335
BH_s05_high,2,103,23.433333333333334,2.2105727195739746,0.9852044560402321
BH_s05_high,2,104,23.466666666666665,1.7650238275527954,0.9147934093555689
BH_s05_high,2,105,23.5,0.9241182804107666,0.7250462809405428
BH_s05_high,2,106,23.533333333333335,0.10143408179283142,0.4118414768230066
BH_s05_high,2,107,23.566666666666666,-0.506883442401886,0.0013535269236803222
BH_s05_high,2,108,23.6,-0.7655232548713684,-0.44734584996208565
BH_s05_high,2,109,23.633333333333333,-0.6614454388618469,-0.8553673234220456
BH_s05_high,2,110,23.666666666666668,-0.35945531725883484,-1.1481540692596408
BH_s05_high,2,111,23.7,-0.0793144553899765,-1.2773222042358048
BH_s05_high,2,112,23.733333333333334,-0.039378583431243896,-1.2317086285603092
BH_s05_high,2,113,23.766666666666666,-0.056997284293174744,-1.0357643235747276
BH_s05_high,2,114,23.8,-0.2583240270614624,-0.7375985019743612
BH_s05_high,2,115,23.833333333333332,-0.45965078473091125,-0.3924788667505965
BH_s05_high,2,116,23.866666666666667,-0.6609775424003601,-0.047621786728239524
BH_s05_high,2,117,23.9,-0.7977074384689331,0.2669590079268578
BH_s05_high,2,118,23.933333333333334,-0.5198144912719727,0.5391572947700548
BH_s05_high,2,119,23.966666666666665,0.39706748723983765,0.7673796698225025
BH_s05_high,2,120,24.0,1.6008104085922241,0.9488374551546237
BH_s05_high,2,121,24.033333333333335,2.3005530834198,1.0699198214582355
BH_s05_high,2,122,24.066666666666666,2.150460958480835,1.10388561754882
BH_s05_high,2,123,24.1,1.4497126340866089,1.0187471738525395
BH_s05_high,2,124,24.133333333333333,0.593545138835907,0.7931199452276335
BH_s05_high,2,125,24.166666666666668,-0.1686660349369049,0.4330516833878058
BH_s05_high,2,126,24.2,-0.6299447417259216,-0.018371942932478517
BH_s05_high,2,127,24.233333333333334,-0.7065628170967102,-0.48623386233283805
BH_s05_high,2,128,24.266666666666666,-0.46742844581604004,-0.8834188685922851
BH_s05_high,2,129,24.3,-0.16543833911418915,-1.1362143059731
BH_s05_high,2,130,24.333333333333332,-0.039378583431243896,-1.2058646133070134
BH_s05_high,2,131,24.366666666666667,-0.039378583431243896,-1.0965560194861799
BH_s05_high,2,132,24.4,-0.22024893760681152,-0.8479354969126233
BH_s05_high,2,133,24.433333333333334,-0.47243618965148926,-0.5181379153558268
BH_s05_high,2,134,24.466666666666665,-0.7112223505973816,-0.1646049078126407
BH_s05_high,2,135,24.5,-0.875089704990387,0.1702540711149199
BH_s05_high,2,136,24.533333333333335,-0.7117702960968018,0.4642100969594944
BH_s05_high,2,137,24.566666666666666,0.10004404187202454,0.7102596259969807
BH_s05_high,2,138,24.6,1.308085322380066,0.9051142350465134
BH_s05_high,2,139,24.633333333333333,2.289789915084839,1.0382709249529245
BH_s05_high,2,140,24.666666666666668,2.441419839859009,1.0876744091571287
BH_s05_high,2,141,24.7,1.8563154935836792,1.0254668705863312
BH_s05_high,2,142,24.733333333333334,1.000148057937622,0.8316709300496682
BH_s05_high,2,143,24.766666666666666,0.14398053288459778,0.5084330596519411
BH_s05_high,2,144,24.8,-0.40121302008628845,0.0882968816751826
BH_s05_high,2,145,24.833333333333332,-0.6755300164222717,-0.36776823827212757
BH_s05_high,2,146,24.866666666666667,-0.60016930103302,-0.783035787319919
BH_s05_high,2,147,24.9,-0.3242719769477844,-1.0848051203293827
BH_s05_high,2,148,24.933333333333334,-0.06758668273687363,-1.2248077590512056
BH_s05_high,2,149,24.966666666666665,-0.039378583431243896,-1.1920105455771373
BH_s05_high,2,150,25.0,-0.13131335377693176,-1.012960798248423
BH_s05_high,2,151,25.033333333333335,-0.3835006058216095,-0.7391679440557406
BH_s05_high,2,152,25.066666666666666,-0.603249192237854,-0.42682194002464485
BH_s05_high,2,153,25.1,-0.819650411605835,-0.11885103285018242
BH_s05_high,2,154,25.133333333333333,-0.8550875186920166,0.16350732094509723
BH_s05_high,2,155,25.166666666666668,-0.3242712616920471,0.41675432549464614
BH_s05_high,2,156,25.2,0.7554341554641724,0.6424238329533762
BH_s05_high,2,157,25.233333333333334,1.9606629610061646,0.8347834161600692
BH_s05_high,2,158,25.266666666666666,2.4915707111358643,0.9747616049257739
BH_s05_high,2,159,25.3,2.172215700149536,1.0313227081603962
BH_s05_high,2,160,25.333333333333332,1.3967902660369873,0.970380421998161
BH_s05_high,2,161,25.366666666666667,0.5505834221839905,0.7701320968986433
BH_s05_high,2,162,25.4,-0.07860574126243591,0.43708895683152926
BH_s05_high,2,163,25.433333333333334,-0.5039109587669373,0.013572244322295958
BH_s05_high,2,164,25.466666666666665,-0.5422534942626953,-0.42834320549472504
BH_s05_high,2,165,25.5,-0.38138461112976074,-0.8059945380678089
BH_s05_high,2,166,25.533333333333335,-0.13748472929000854,-1.0513916046867635
BH_s05_high,2,167,25.566666666666666,-0.04193580895662308,-1.1303667751941675
BH_s05_high,2,168,25.6,-0.14409877359867096,-1.0485163320772182
BH_s05_high,2,169,25.633333333333333,-0.3454255163669586,-0.843345225598658
BH_s05_high,2,170,25.666666666666668,-0.596997082233429,-0.5670417459066827
BH_s05_high,2,171,25.7,-0.7989395260810852,-0.26827383350916173
BH_s05_high,2,172,25.733333333333334,-1.0002663135528564,0.02035733964760681
BH_s05_high,2,173,25.766666666666666,-1.0095168352127075,0.28559987297664147
BH_s05_high,2,174,25.8,-0.43417224287986755,0.5273175044584749
BH_s05_high,2,175,25.833333333333332,0.6467782855033875,0.745791057890154
BH_s05_high,2,176,25.866666666666667,1.8676042556762695,0.9289697453460263
BH_s05_high,2,177,25.9,2.385887384414673,1.048019750132029
BH_s05_high,2,178,25.933333333333334,1.9986422061920166,1.064309627257522
BH_s05_high,2,179,25.966666666666665,1.1707627773284912,0.9449813380687258
BH_s05_high,2,180,26.0,0.26479244232177734,0.6806079678487787
BH_s05_high,2,181,26.033333333333335,-0.41137489676475525,0.2961486906307661
BH_s05_high,2,182,26.066666666666666,-0.8132245540618896,-0.1500653634577186
BH_s05_high,2,183,26.1,-0.8166512250900269,-0.5798976098172807
BH_s05_high,2,184,26.133333333333333,-0.5942516922950745,-0.9168094879744351
BH_s05_high,2,185,26.166666666666668,-0.3266417682170868,-1.1059904701519483
BH_s05_high,2,186,26.2,-0.2428206205368042,-1.12669435105178
BH_s05_high,2,187,26.233333333333334,-0.30735042691230774,-0.9940147834966465
BH_s05_high,2,188,26.266666666666666,-0.5086771845817566,-0.7502749994349138
BH_s05_high,2,189,26.3,-0.7401535511016846,-0.4490210729581831
BH_s05_high,2,190,26.333333333333332,-0.9330992102622986,-0.1375732037930325
BH_s05_high,2,191,26.366666666666667,-1.1126574277877808,0.15409947009901398
BH_s05_high,2,192,26.4,-1.1821935176849365,0.4143064422026568
BH_s05_high,2,193,26.433333333333334,-0.7734342813491821,0.6411260751873867
BH_s05_high,2,194,26.466666666666665,0.1832365095615387,0.8295759784008199
BH_s05_high,2,195,26.5,1.3922545909881592,0.9627221737441616
BH_s05_high,2,196,26.533333333333335,2.0913944244384766,1.011593600739699
BH_s05_high,2,197,26.566666666666666,1.8865993022918701,0.9442562658642952
BH_s05_high,2,198,26.6,1.1481775045394897,0.7408216646847517
BH_s05_high,2,199,26.633333333333333,0.29306760430336,0.4081962078306645
BH_s05_high,2,200,26.666666666666668,-0.38625895977020264,-0.012754601144807903
BH_s05_high,2,201,26.7,-0.7688836455345154,-0.4544327866978726
BH_s05_high,2,202,26.733333333333334,-0.7530853152275085,-0.8417667666192858
BH_s05_high,2,203,26.766666666666666,-0.45109522342681885,-1.11242522627683
BH_s05_high,2,204,26.8,-0.14910508692264557,-1.2307198287828174
BH_s05_high,2,205,26.833333333333332,-0.039378583431243896,-1.1931490251546857
BH_s05_high,2,206,26.866666666666667,-0.0637180283665657,-1.024834832483344
BH_s05_high,2,207,26.9,-0.27615684270858765,-0.7673945489948858
BH_s05_high,2,208,26.933333333333334,-0.5172320604324341,-0.462897724906681
BH_s05_high,2,209,26.966666666666665,-0.7185587882995605,-0.14175826323539384
BH_s05_high,2,210,27.0,-0.9119463562965393,0.18053420383088664
BH_s05_high,2,211,27.033333333333335,-0.8256206512451172,0.4969093728126516
BH_s05_high,2,212,27.066666666666666,-0.19040575623512268,0.7967508450862687
BH_s05_high,2,213,27.1,0.877678632736206,1.0569751312743307
BH_s05_high,2,214,27.133333333333333,1.8610031604766846,1.2411480644248385
BH_s05_high,2,215,27.166666666666668,2.1396703720092773,1.3069669313260075
BH_s05_high,2,216,27.2,1.677132248878479,1.2197133974962253
BH_s05_high,2,217,27.233333333333334,0.8712895512580872,0.9669949571010136
BH_s05_high,2,218,27.266666666666666,0.01565771922469139,0.5692371720432736
BH_s05_high,2,219,27.3,-0.5909460783004761,0.08060770211858795
BH_s05_high,2,220,27.333333333333332,-0.8478721976280212,-0.4212271716218666
BH_s05_high,2,221,27.366666666666667,-0.707955002784729,-0.8539396654480329
BH_s05_high,2,222,27.4,-0.409659743309021,-1.1515637709230213
BH_s05_high,2,223,27.433333333333334,-0.15271995961666107,-1.27866538758853
BH_s05_high,2,224,27.466666666666665,-0.09023909270763397,-1.2338620608457547
BH_s05_high,2,225,27.5,-0.22696968913078308,-1.0447079304080997
BH_s05_high,2,226,27.533333333333335,-0.47017383575439453,-0.7567278196438421
BH_s05_high,2,227,27.566666666666666,-0.6804836988449097,-0.4195104869596083
BH_s05_high,2,228,27.6,-0.8420483469963074,-0.07426926139767853
BH_s05_high,2,229,27.633333333333333,-0.8653027415275574,0.25198275341485243
BH_s05_high,2,230,27.666666666666668,-0.34852996468544006,0.5442155156751594
BH_s05_high,2,231,27.7,0.6539943218231201,0.791628973330679
BH_s05_high,2,232,27.733333333333334,1.8772838115692139,0.9791019428957343
BH_s05_high,2,233,27.766666666666666,2.420013189315796,1.0836861654953602
BH_s05_high,2,234,27.8,2.1331233978271484,1.0786233642297203
BH_s05_high,2,235,27.833333333333332,1.3477904796600342,0.9433886030644718
BH_s05_high,2,236,27.866666666666667,0.4926806390285492,0.6759821595048262
BH_s05_high,2,237,27.9,-0.1905953288078308,0.3021487774723045
BH_s05_high,2,238,27.933333333333334,-0.6063550710678101,-0.12399499822627459
BH_s05_high,2,239,27.966666666666665,-0.6724371314048767,-0.5323092854964608
BH_s05_high,2,240,28.0,-0.4667723774909973,-0.8575982912822259
BH_s05_high,2,241,28.033333333333335,-0.19079504907131195,-1.0569448218227198
BH_s05_high,2,242,28.066666666666666,-0.06528394669294357,-1.1165353651366414
BH_s05_high,2,243,28.1,-0.13803409039974213,-1.0479010590675197
BH_s05_high,2,244,28.133333333333333,-0.3393608331680298,-0.8774164558744594
BH_s05_high,2,245,28.166666666666668,-0.5624697804450989,-0.6357568045024494
BH_s05_high,2,246,28.2,-0.7928748726844788,-0.35102154079617315
BH_s05_high,2,247,28.233333333333334,-0.9942016005516052,-0.04555373103075409
BH_s05_high,2,248,28.266666666666666,-0.8804305195808411,0.2633790542881235
BH_s05_high,2,249,28.3,-0.11816459894180298,0.5586593981916759
BH_s05_high,2,250,28.333333333333332,1.0396721363067627,0.8170228122773135
BH_s05_high,2,251,28.366666666666667,2.0876598358154297,1.0068606541647915
BH_s05_high,2,252,28.4,2.307929039001465,1.0927682235869742
BH_s05_high,2,253,28.433333333333334,1.7867519855499268,1.0459281013628008
BH_s05_high,2,254,28.466666666666665,0.9305844902992249,0.8562367464115025
BH_s05_high,2,255,28.5,0.09682862460613251,0.5397399163359715
BH_s05_high,2,256,28.533333333333335,-0.4970034658908844,0.13828015047934145
BH_s05_high,2,257,28.566666666666666,-0.8113767504692078,-0.28777085563826144
BH_s05_high,2,258,28.6,-0.7781875729560852,-0.6719147278749311
BH_s05_high,2,259,28.633333333333333,-0.4831726849079132,-0.9566256630255598
BH_s05_high,2,260,28.666666666666668,-0.23690301179885864,-1.1064219526344472
BH_s05_high,2,261,28.7,-0.19196011126041412,-1.1127304363944501
BH_s05_high,2,262,28.733333333333334,-0.3012857437133789,-0.9895737150428715
BH_s05_high,2,263,28.766666666666666,-0.5053571462631226,-0.7644244777845645
BH_s05_high,2,264,28.8,-0.8056602478027344,-0.46879856656472585
BH_s05_high,2,265,28.833333333333332,-1.057847499847412,-0.13234831977591272
BH_s05_high,2,266,28.866666666666667,-1.2087420225143433,0.21841839050914402
BH_s05_high,2,267,28.9,-1.011671781539917,0.5583937554936796
BH_s05_high,2,268,28.933333333333334,-0.11821795254945755,0.8611247361105333
BH_s05_high,2,269,28.966666666666665,1.0835977792739868,1.0969765269166285
BH_s05_high,2,270,29.0,1.9624300003051758,1.2341774783086228
BH_s05_high,2,271,29.033333333333335,2.0121910572052,1.244265050253486
BH_s05_high,2,272,29.066666666666666,1.3880479335784912,1.110807003820876
BH_s05_high,2,273,29.1,0.4888516366481781,0.8377440199130826
BH_s05_high,2,274,29.133333333333333,-0.33317646384239197,0.4533641938482575
BH_s05_high,2,275,29.166666666666668,-0.955993115901947,0.006476511119856284
BH_s05_high,2,276,29.2,-1.1981656551361084,-0.44405402057464916
BH_s05_high,2,277,29.233333333333334,-1.0298528671264648,-0.8408684010711257
BH_s05_high,2,278,29.266666666666666,-0.6890645027160645,-1.1374103923393233
BH_s05_high,2,279,29.3,-0.42375731468200684,-1.304336690449896
BH_s05_high,2,280,29.333333333333332,-0.3801669180393219,-1.3323435446449317
BH_s05_high,2,281,29.366666666666667,-0.5499655604362488,-1.230577159644804
BH_s05_high,2,282,29.4,-0.801095187664032,-1.0215161905052428
BH_s05_high,2,283,29.433333333333334,-1.0197724103927612,-0.734742227524097
BH_s05_high,2,284,29.466666666666665,-1.2210991382598877,-0.4019072091210518
BH_s05_high,2,285,29.5,-1.3617517948150635,-0.05464225393541078
BH_s05_high,2,286,29.533333333333335,-1.113633632659912,0.27535829831414194
BH_s05_high,2,287,29.566666666666666,-0.2657657563686371,0.5570274307840948
BH_s05_high,2,288,29.6,0.9206136465072632,0.7628229302013365
BH_s05_high,2,289,29.633333333333333,1.7695506811141968,0.8732744310328102
BH_s05_high,2,290,29.666666666666668,1.7931252717971802,0.8818719838126089
BH_s05_high,2,291,29.7,1.14192533493042,0.7984587179664197
BH_s05_high,2,292,29.733333333333334,0.31368476152420044,0.6490023414975667
BH_s05_high,2,293,29.766666666666666,-0.3959521949291229,0.4698606686484356
BH_s05_high,2,294,29.8,-0.9156016111373901,0.2978253252993159
BH_s05_high,2,295,29.833333333333332,-0.9859675765037537,0.16024885413603726
BH_s05_high,2,296,29.866666666666667,-0.7783346176147461,0.06922093436153927
BH_s05_high,2,297,29.9,-0.4441870152950287,0.022589066805284483
BH_s05_high,2,298,29.933333333333334,-0.17537237703800201,0.00994100828974526
BH_s05_high,2,299,29.966666666666665,-0.15662969648838043,0.01754549334138147
BH_s05_high,3,0,30.0,-0.2717655301094055,0.050476747879475405
BH_s05_high,3,1,30.033333333333335,-0.473092257976532,0.0583978486916483
BH_s05_high,3,2,30.066666666666666,-0.6744190454483032,0.045441425976149724
BH_s05_high,3,3,30.1,-0.864446222782135,0.001333159602908759
BH_s05_high,3,4,30.133333333333333,-0.8224210739135742,-0.07028343355742166
BH_s05_high,3,5,30.166666666666668,-0.22020715475082397,-0.15464110328903807
BH_s05_high,3,6,30.2,0.7620611786842346,-0.2361883217265395
BH_s05_high,3,7,30.233333333333334,1.7252235412597656,-0.3069912106049594
BH_s05_high,3,8,30.266666666666666,1.9770077466964722,-0.3684313545474323
BH_s05_high,3,9,30.3,1.5026214122772217,-0.42729641194762763
BH_s05_high,3,10,30.333333333333332,0.7432212233543396,-0.48834299350894217
BH_s05_high,3,11,30.366666666666667,-0.05924736708402634,-0.5459151010617542
BH_s05_high,3,12,30.4,-0.7076882123947144,-0.5793598711226122
BH_s05_high,3,13,30.433333333333334,-1.005005121231079,-0.5580184856168284
BH_s05_high,3,14,30.466666666666665,-0.8538157343864441,-0.45498520675094717
BH_s05_high,3,15,30.5,-0.5535523295402527,-0.26226216864825225
BH_s05_high,3,16,30.533333333333335,-0.29858073592185974,0.0005099833300056655
BH_s05_high,3,17,30.566666666666666,-0.19546756148338318,0.290202342271919
BH_s05_high,3,18,30.6,-0.2891160249710083,0.5553901816891899
BH_s05_high,3,19,30.633333333333333,-0.4858776926994324,0.7528649334192643
BH_s05_high,3,20,30.666666666666668,-0.6872044205665588,0.8586452599016928
BH_s05_high,3,21,30.7,-0.8885312080383301,0.8710000680958178
BH_s05_high,3,22,30.733333333333334,-0.9128028750419617,0.8058488928990676
BH_s05_high,3,23,30.766666666666666,-0.3216469883918762,0.687497791245071
BH_s05_high,3,24,30.8,0.745179295539856,0.5381363751620409
BH_s05_high,3,25,30.833333333333332,1.8364640474319458,0.3693433169619736
BH_s05_high,3,26,30.866666666666667,2.19848370552063,0.17932758846850091
BH_s05_high,3,27,30.9,1.8252424001693726,-0.040689586883582665
BH_s05_high,3,28,30.933333333333334,1.012384057044983,-0.2930571822067838
BH_s05_high,3,29,30.966666666666665,0.1572742462158203,-0.5605112480811473
BH_s05_high,3,30,31.0,-0.4953034520149231,-0.8013433392534854
BH_s05_high,3,31,31.033333333333335,-0.8673783540725708,-0.9599013235811943
BH_s05_high,3,32,31.066666666666666,-0.87251877784729,-0.9886151119494243
BH_s05_high,3,33,31.1,-0.6092727780342102,-0.8676981282404734
BH_s05_high,3,34,31.133333333333333,-0.3072826862335205,-0.6135155144058201
BH_s05_high,3,35,31.166666666666668,-0.19196011126041412,-0.2734311167632231
BH_s05_high,3,36,31.2,-0.24647584557533264,0.08987244631898939
BH_s05_high,3,37,31.233333333333334,-0.4740028381347656,0.41716390068145587
BH_s05_high,3,38,31.266666666666666,-0.6999898552894592,0.6675002344880333
BH_s05_high,3,39,31.3,-0.9013165831565857,0.8239084340205064
BH_s05_high,3,40,31.333333333333332,-0.9596736431121826,0.8893438229359703
BH_s05_high,3,41,31.366666666666667,-0.47394734621047974,0.8769409386480304
BH_s05_high,3,42,31.4,0.5376407504081726,0.7994447039975118
BH_s05_high,3,43,31.433333333333334,1.7358410358428955,0.6624908133950269
BH_s05_high,3,44,31.466666666666665,2.3002047538757324,0.464340531899672
BH_s05_high,3,45,31.5,2.0411887168884277,0.2021003768973945
BH_s05_high,3,46,31.533333333333335,1.2854430675506592,-0.11802963542523832
BH_s05_high,3,47,31.566666666666666,0.43033313751220703,-0.4709497869694961
BH_s05_high,3,48,31.6,-0.2793571650981903,-0.8092175018440193
BH_s05_high,3,49,31.633333333333333,-0.7275822758674622,-1.0719163171846284
BH_s05_high,3,50,31.666666666666668,-0.7898353338241577,-1.2035571066402297
BH_s05_high,3,51,31.7,-0.5646644234657288,-1.1728371734057093
BH_s05_high,3,52,31.733333333333334,-0.27300989627838135,-0.9833546812133412
BH_s05_high,3,53,31.766666666666666,-0.14109960198402405,-0.6723222977820948
BH_s05_high,3,54,31.8,-0.20018044114112854,-0.2984090442676331
BH_s05_high,3,55,31.833333333333332,-0.36602967977523804,0.0753886157542233
BH_s05_high,3,56,31.866666666666667,-0.6171593070030212,0.39795092227161627
BH_s05_high,3,57,31.9,-0.8632414937019348,0.640519725417394
BH_s05_high,3,58,31.933333333333334,-1.0097179412841797,0.7984246669354337
BH_s05_high,3,59,31.966666666666665,-0.9402071237564087,0.8832692069768192
BH_s05_high,3,60,32.0,-0.2240758091211319,0.9094271578022554
BH_s05_high,3,61,32.03333333333333,0.8859125971794128,0.8824914191637195
BH_s05_high,3,62,32.06666666666667,1.9926337003707886,0.7951570052062523
BH_s05_high,3,63,32.1,2.2989063262939453,0.6326537184302083
BH_s05_high,3,64,32.13333333333333,1.8057361841201782,0.38550176629932587
BH_s05_high,3,65,32.166666666666664,1.0051413774490356,0.06347055184986428
BH_s05_high,3,66,32.2,0.10258474200963974,-0.29640447738912223
BH_s05_high,3,67,32.233333333333334,-0.5148096084594727,-0.6342969657139215
BH_s05_high,3,68,32.266666666666666,-0.8399733901023865,-0.8839058619655226
BH_s05_high,3,69,32.3,-0.8099305033683777,-0.9927828426803056
BH_s05_high,3,70,32.333333333333336,-0.5232289433479309,-0.938916453877682
BH_s05_high,3,71,32.36666666666667,-0.2720993459224701,-0.7374452906454068
BH_s05_high,3,72,32.4,-0.19196011126041412,-0.4353501080997038
BH_s05_high,3,73,32.43333333333333,-0.2699314057826996,-0.09632561403661016
BH_s05_high,3,74,32.46666666666667,-0.47125816345214844,0.2186519171002584
BH_s05_high,3,75,32.5,-0.7094552516937256,0.4672947520834425
BH_s05_high,3,76,32.53333333333333,-0.9605848789215088,0.6329386016425829
BH_s05_high,3,77,32.56666666666667,-1.1422042846679688,0.7201220880570848
BH_s05_high,3,78,32.6,-1.141775369644165,0.7422100514613023
BH_s05_high,3,79,32.63333333333333,-0.5920282602310181,0.7093156076701783
BH_s05_high,3,80,32.666666666666664,0.44132837653160095,0.6218599573805988
BH_s05_high,3,81,32.7,1.476330280303955,0.47106811612139077
BH_s05_high,3,82,32.733333333333334,1.8424601554870605,0.24644708253685166
BH_s05_high,3,83,32.766666666666666,1.4685627222061157,-0.05100352209271578
BH_s05_high,3,84,32.8,0.6808066964149475,-0.39606204780227106
BH_s05_high,3,85,32.833333333333336,-0.1988697201013565,-0.736863418122626
BH_s05_high,3,86,32.86666666666667,-0.8776072859764099,-1.0061219171684377
BH_s05_high,3,87,32.9,-1.2333489656448364,-1.141898840514297
BH_s05_high,3,88,32.93333333333333,-1.1629282236099243,-1.10939145653676
BH_s05_high,3,89,32.96666666666667,-0.8666141629219055,-0.9125837867921789
BH_s05_high,3,90,33.0,-0.6076931953430176,-0.5915136314490237
BH_s05_high,3,91,33.03333333333333,-0.5170712471008301,-0.20864134544358895
BH_s05_high,3,92,33.06666666666667,-0.5479836463928223,0.1701931151612197
BH_s05_high,3,93,33.1,-0.530150830745697,0.49386639147966094
BH_s05_high,3,94,33.13333333333333,-0.4971231520175934,0.7366712837133489
BH_s05_high,3,95,33.166666666666664,-0.595136284828186,0.8963171445783482
BH_s05_high,3,96,33.2,-0.8462659120559692,0.9815521575277318
BH_s05_high,3,97,33.233333333333334,-0.9649214744567871,0.9987265219813776
BH_s05_high,3,98,33.266666666666666,-0.4859426021575928,0.9440293936260994
BH_s05_high,3,99,33.3,0.44300171732902527,0.8040363808949162
BH_s05_high,3,100,33.333333333333336,1.3351413011550903,0.5647665407482917
BH_s05_high,3,101,33.36666666666667,1.5600426197052002,0.22691749050031715
BH_s05_high,3,102,33.4,1.0722147226333618,-0.1801962626695196
BH_s05_high,3,103,33.43333333333333,0.26585009694099426,-0.5969549901511092
BH_s05_high,3,104,33.46666666666667,-0.4896540343761444,-0.9470778643072975
BH_s05_high,3,105,33.5,-1.0720120668411255,-1.1609159993716651
BH_s05_high,3,106,33.53333333333333,-1.260030746459961,-1.198647176205781
BH_s05_high,3,107,33.56666666666667,-1.0983717441558838,-1.0616308475968796
BH_s05_high,3,108,33.6,-0.7963815927505493,-0.7881363114342796
BH_s05_high,3,109,33.63333333333333,-0.5470731258392334,-0.43829810253598767
BH_s05_high,3,110,33.666666666666664,-0.5478366017341614,-0.07470759438190838
BH_s05_high,3,111,33.7,-0.6484999656677246,0.2547518066182046
BH_s05_high,3,112,33.733333333333334,-0.8486219644546509,0.5259007940402336
BH_s05_high,3,113,33.766666666666666,-1.0499486923217773,0.7349593046325491
BH_s05_high,3,114,33.8,-1.2047926187515259,0.8857679064408693
BH_s05_high,3,115,33.833333333333336,-1.1691802740097046,0.9765990486304339
BH_s05_high,3,116,33.86666666666667,-0.5046989917755127,0.9934738577158736
BH_s05_high,3,117,33.9,0.4878912568092346,0.9131742229000838
BH_s05_high,3,118,33.93333333333333,1.4261791706085205,0.7150979971135661
BH_s05_high,3,119,33.96666666666667,1.648684024810791,0.39719979209778833
BH_s05_high,3,120,34.0,1.1947540044784546,-0.011430945118526332
BH_s05_high,3,121,34.03333333333333,0.4108940362930298,-0.44986753705419863
BH_s05_high,3,122,34.06666666666667,-0.34355244040489197,-0.8387049172376346
BH_s05_high,3,123,34.1,-0.8992820382118225,-1.1026886099614155
BH_s05_high,3,124,34.13333333333333,-1.1433557271957397,-1.1939232359669596
BH_s05_high,3,125,34.166666666666664,-0.9868910908699036,-1.1048269562881468
BH_s05_high,3,126,34.2,-0.7009127140045166,-0.8664613399688899
BH_s05_high,3,127,34.233333333333334,-0.4316560924053192,-0.5351344168317648
BH_s05_high,3,128,34.266666666666666,-0.3762175142765045,-0.17328761193297176
BH_s05_high,3,129,34.3,-0.47688087821006775,0.16751559352171586
BH_s05_high,3,130,34.333333333333336,-0.7088258862495422,0.45595600230648214
BH_s05_high,3,131,34.36666666666667,-0.9101526141166687,0.6804018810031676
BH_s05_high,3,132,34.4,-1.11147940158844,0.8402803466541412
BH_s05_high,3,133,34.43333333333333,-1.0791467428207397,0.9348173176048837
BH_s05_high,3,134,34.46666666666667,-0.4217343330383301,0.9548707060878071
BH_s05_high,3,135,34.5,0.6321861147880554,0.8825861377412899
BH_s05_high,3,136,34.53333333333333,1.6721546649932861,0.6997543790083324
BH_s05_high,3,137,34.56666666666667,2.0015881061553955,0.4016378517519889
BH_s05_high,3,138,34.6,1.5930428504943848,0.009995073040408932
BH_s05_high,3,139,34.63333333333333,0.8174968957901001,-0.42265958394492986
BH_s05_high,3,140,34.666666666666664,0.0501583106815815,-0.8213908926917365
BH_s05_high,3,141,34.7,-0.5867558717727661,-1.108459554803449
BH_s05_high,3,142,34.733333333333334,-0.920876145362854,-1.2271068871362365
BH_s05_high,3,143,34.766666666666666,-0.9232451915740967,-1.1579841177164727
BH_s05_high,3,144,34.8,-0.7071648240089417,-0.9222510315700521
BH_s05_high,3,145,34.833333333333336,-0.4697311818599701,-0.5720779743074123
BH_s05_high,3,146,34.86666666666667,-0.3571799695491791,-0.17299860375295908
BH_s05_high,3,147,34.9,-0.4694240391254425,0.21471252411346411
BH_s05_high,3,148,34.93333333333333,-0.681273877620697,0.5491297528602939
BH_s05_high,3,149,34.96666666666667,-0.9324034452438354,0.8096198171489131
BH_s05_high,3,150,35.0,-1.1751253604888916,0.990220158077607
BH_s05_high,3,151,35.03333333333333,-1.354401707649231,1.0889312387804901
BH_s05_high,3,152,35.06666666666667,-1.0571092367172241,1.0989976478942756
BH_s05_high,3,153,35.1,-0.08351622521877289,1.0074272781042433
BH_s05_high,3,154,35.13333333333333,1.0662869215011597,0.8017388817965622
BH_s05_high,3,155,35.166666666666664,1.7915997505187988,0.4814322445565436
BH_s05_high,3,156,35.2,1.6287084817886353,0.06885701414239839
BH_s05_high,3,157,35.233333333333334,0.9697972536087036,-0.38650763657011206
BH_s05_high,3,158,35.266666666666666,0.11368312686681747,-0.8141181851476481
BH_s05_high,3,159,35.3,-0.5910671949386597,-1.1393164964667386
BH_s05_high,3,160,35.333333333333336,-1.0479141473770142,-1.305394287789521
BH_s05_high,3,161,35.36666666666667,-1.1583096981048584,-1.2897765449873364
BH_s05_high,3,162,35.4,-0.9677194952964783,-1.1079869047480333
BH_s05_high,3,163,35.43333333333333,-0.6657293438911438,-0.8050136423282632
BH_s05_high,3,164,35.46666666666667,-0.5035223364830017,-0.43837086825214455
BH_s05_high,3,165,35.5,-0.540526807308197,-0.06084926096972772
BH_s05_high,3,166,35.53333333333333,-0.7343966960906982,0.2907264984124774
BH_s05_high,3,167,35.56666666666667,-0.9865840077400208,0.597322847251301
BH_s05_high,3,168,35.6,-1.1476800441741943,0.8509326205312508
BH_s05_high,3,169,35.63333333333333,-1.299203872680664,1.0439618022145545
BH_s05_high,3,170,35.666666666666664,-1.3236362934112549,1.1605668288337245
BH_s05_high,3,171,35.7,-0.8109866976737976,1.1754685943294725
BH_s05_high,3,172,35.733333333333334,0.20404182374477386,1.0616824119139021
BH_s05_high,3,173,35.766666666666666,1.2923144102096558,0.8041252740149865
BH_s05_high,3,174,35.8,1.7237635850906372,0.41359876708477067
BH_s05_high,3,175,35.833333333333336,1.3911941051483154,-0.06570231098326358
BH_s05_high,3,176,35.86666666666667,0.6219536662101746,-0.5601067571576359
BH_s05_high,3,177,35.9,-0.17278988659381866,-0.9836417164588939
BH_s05_high,3,178,35.93333333333333,-0.7683219909667969,-1.2627079248340969
BH_s05_high,3,179,35.96666666666667,-1.0343248844146729,-1.355979900113498
BH_s05_high,3,180,36.0,-0.950650155544281,-1.262255487429854
BH_s05_high,3,181,36.03333333333333,-0.6455000638961792,-1.0154059581691681
BH_s05_high,3,182,36.06666666666667,-0.344554603099823,-0.6698637469791081
BH_s05_high,3,183,36.1,-0.2428206205368042,-0.2835041045908071
BH_s05_high,3,184,36.13333333333333,-0.3402980864048004,0.09608610850191941
BH_s05_high,3,185,36.166666666666664,-0.563875675201416,0.4379450996459303
BH_s05_high,3,186,36.2,-0.793812096118927,0.725824330450725
BH_s05_high,3,187,36.233333333333334,-0.9951388239860535,0.9503281392023
BH_s05_high,3,188,36.266666666666666,-1.126527190208435,1.0997882113257456
BH_s05_high,3,189,36.3,-0.9664873480796814,1.1558402679886468
BH_s05_high,3,190,36.333333333333336,-0.2257758229970932,1.0964718953934405
BH_s05_high,3,191,36.36666666666667,0.89848393201828,0.9054521522635088
BH_s05_high,3,192,36.4,1.8001285791397095,0.5846633131245449
BH_s05_high,3,193,36.43333333333333,1.9398828744888306,0.16412959588619533
BH_s05_high,3,194,36.46666666666667,1.384580135345459,-0.29621815044637173
BH_s05_high,3,195,36.5,0.5167381763458252,-0.7183296733402529
BH_s05_high,3,196,36.53333333333333,-0.2556608021259308,-1.028256195871618
BH_s05_high,3,197,36.56666666666667,-0.8309636116027832,-1.1777502069461898
BH_s05_high,3,198,36.6,-0.9972267150878906,-1.1562896398769722
BH_s05_high,3,199,36.63333333333333,-0.8308151364326477,-0.9885682344978562
BH_s05_high,3,200,36.666666666666664,-0.5288249850273132,-0.7198464690986159
BH_s05_high,3,201,36.7,-0.2883525490760803,-0.39826390452733684
BH_s05_high,3,202,36.733333333333334,-0.24709154665470123,-0.06182261627996183
BH_s05_high,3,203,36.766666666666666,-0.35096821188926697,0.26529426333793504
BH_s05_high,3,204,36.8,-0.5522949695587158,0.5675078116199896
BH_s05_high,3,205,36.833333333333336,-0.8044822216033936,0.828975895510853
BH_s05_high,3,206,36.86666666666667,-1.0057686567306519,1.0265422211653727
BH_s05_high,3,207,36.9,-1.0565887689590454,1.1288897425764524
BH_s05_high,3,208,36.93333333333333,-0.6112936735153198,1.1033524932548502
BH_s05_high,3,209,36.96666666666667,0.3870404362678528,0.9285030371873659
BH_s05_high,3,210,37.0,1.592926025390625,0.6077200077650838
BH_s05_high,3,211,37.03333333333333,2.2283530235290527,0.17697210837753924
BH_s05_high,3,212,37.06666666666667,1.9757086038589478,-0.29790030786308525
BH_s05_high,3,213,37.1,1.1966811418533325,-0.7359428663497236
BH_s05_high,3,214,37.13333333333333,0.3331505358219147,-1.0632331449261727
BH_s05_high,3,215,37.166666666666664,-0.3385317325592041,-1.2324017682039028
BH_s05_high,3,216,37.2,-0.7706780433654785,-1.2324607672175099
BH_s05_high,3,217,37.233333333333334,-0.8138799071311951,-1.0861957474968342
BH_s05_high,3,218,37.266666666666666,-0.6241468191146851,-0.8372944147458874
BH_s05_high,3,219,37.3,-0.33480802178382874,-0.5337351893890363
BH_s05_high,3,220,37.333333333333336,-0.19196011126041412,-0.21387551802207821
BH_s05_high,3,221,37.36666666666667,-0.22699636220932007,0.09968972702825114
BH_s05_high,3,222,37.4,-0.4124988615512848,0.39711302817069805
BH_s05_high,3,223,37.43333333333333,-0.6646861433982849,0.6715951593469732
BH_s05_high,3,224,37.46666666666667,-0.9168733954429626,0.9084440184973508
BH_s05_high,3,225,37.5,-1.0873944759368896,1.080041664474296
BH_s05_high,3,226,37.53333333333333,-0.9078484773635864,1.149926837758304
BH_s05_high,3,227,37.56666666666667,-0.15935854613780975,1.084489480123601
BH_s05_high,3,228,37.6,1.0042617321014404,0.8681753985781396
BH_s05_high,3,229,37.63333333333333,1.9244753122329712,0.5162686772103406
BH_s05_high,3,230,37.666666666666664,2.0202102661132812,0.07905562358527593
BH_s05_high,3,231,37.7,1.443339467048645,-0.36771203272835057
BH_s05_high,3,232,37.733333333333334,0.5912280082702637,-0.7436311164424916
BH_s05_high,3,233,37.766666666666666,-0.2181350737810135,-0.9861585022867932
BH_s05_high,3,234,37.8,-0.857860267162323,-1.0665295038217941
BH_s05_high,3,235,37.833333333333336,-1.1276785135269165,-0.993711190351152
BH_s05_high,3,236,37.86666666666667,-1.0182454586029053,-0.8058194722685857
BH_s05_high,3,237,37.9,-0.7479442358016968,-0.5532407732813465
BH_s05_high,3,238,37.93333333333333,-0.530927300453186,-0.2803497683904593
BH_s05_high,3,239,37.96666666666667,-0.5131218433380127,-0.01395191701031696
BH_s05_high,3,240,38.0,-0.6287263035774231,0.2374545351584041
BH_s05_high,3,241,38.03333333333333,-0.8809135556221008,0.47432410481979703
BH_s05_high,3,242,38.06666666666667,-1.1331008672714233,0.6920695972436143
BH_s05_high,3,243,38.1,-1.2835670709609985,0.871320185154408
BH_s05_high,3,244,38.13333333333333,-1.351041316986084,0.9778934841051292
BH_s05_high,3,245,38.166666666666664,-1.0302263498306274,0.9732393340577837
BH_s05_high,3,246,38.2,-0.09741263836622238,0.8314886140543882
BH_s05_high,3,247,38.233333333333334,1.0532073974609375,0.5553732722824304
BH_s05_high,3,248,38.266666666666666,1.804559588432312,0.18326616604936039
BH_s05_high,3,249,38.3,1.7082053422927856,-0.21868966145656982
BH_s05_high,3,250,38.333333333333336,0.9894101619720459,-0.576749857808365
BH_s05_high,3,251,38.36666666666667,0.08674679696559906,-0.8312707270343515
BH_s05_high,3,252,38.4,-0.7118120789527893,-0.9516798312697626
BH_s05_high,3,253,38.43333333333333,-1.1606931686401367,-0.9406075936481801
BH_s05_high,3,254,38.46666666666667,-1.2087680101394653,-0.8268002894964546
BH_s05_high,3,255,38.5,-0.8568409085273743,-0.6501018415684984
BH_s05_high,3,256,38.53333333333333,-0.45418739318847656,-0.4448884591837929
BH_s05_high,3,257,38.56666666666667,-0.1980377733707428,-0.23010272000351162
BH_s05_high,3,258,38.6,-0.19196011126041412,-0.009664034924072737
BH_s05_high,3,259,38.63333333333333,-0.3342334032058716,0.21809310778811192
BH_s05_high,3,260,38.666666666666664,-0.535560131072998,0.4472831769728089
BH_s05_high,3,261,38.7,-0.7368869185447693,0.6557008006137055
BH_s05_high,3,262,38.733333333333334,-0.8448196649551392,0.8053816518337458
BH_s05_high,3,263,38.766666666666666,-0.7287192344665527,0.8531951347060895
BH_s05_high,3,264,38.8,-0.11247482150793076,0.7677196261184399
BH_s05_high,3,265,38.833333333333336,0.9924135804176331,0.5449153075440689
BH_s05_high,3,266,38.86666666666667,1.907138466835022,0.21583229480646382
BH_s05_high,3,267,38.9,2.1103780269622803,-0.1582578783828159
BH_s05_high,3,268,38.93333333333333,1.5891468524932861,-0.5025743618928012
BH_s05_high,3,269,38.96666666666667,0.7633827328681946,-0.7513221210879554
BH_s05_high,3,270,39.0,-0.07444293797016144,-0.8674884501878017
BH_s05_high,3,271,39.03333333333333,-0.6621966361999512,-0.8507242991948077
BH_s05_high,3,272,39.06666666666667,-0.9040071964263916,-0.7307749882066619
BH_s05_high,3,273,39.1,-0.7604484558105469,-0.5510675944707993
BH_s05_high,3,274,39.13333333333333,-0.42861655354499817,-0.3498168724979478
BH_s05_high,3,275,39.166666666666664,-0.1852523535490036,-0.1471814651029497
BH_s05_high,3,276,39.2,-0.14109960198402405,0.0566093890389307
BH_s05_high,3,277,39.233333333333334,-0.24529780447483063,0.2718305368694923
BH_s05_high,3,278,39.266666666666666,-0.4466245472431183,0.5037672820426053
BH_s05_high,3,279,39.3,-0.6479513049125671,0.740720884987031
BH_s05_high,3,280,39.333333333333336,-0.8257821202278137,0.9513807257782415
BH_s05_high,3,281,39.36666666666667,-0.7633935809135437,1.0924336703200286
BH_s05_high,3,282,39.4,-0.10125532001256943,1.1232052519489941
BH_s05_high,3,283,39.43333333333333,1.0182656049728394,1.0207443167735024
BH_s05_high,3,284,39.46666666666667,2.098304033279419,0.7899843186586606
BH_s05_high,3,285,39.5,2.467231273651123,0.4658415757014982
BH_s05_high,3,286,39.53333333333333,2.0275726318359375,0.10553898483445039
BH_s05_high,3,287,39.56666666666667,1.1890231370925903,-0.2286788315841202
BH_s05_high,3,288,39.6,0.29808762669563293,-0.4902266417449389
BH_s05_high,3,289,39.63333333333333,-0.36356690526008606,-0.6611872437991569
BH_s05_high,3,290,39.666666666666664,-0.7134847044944763,-0.7521571754391565
BH_s05_high,3,291,39.7,-0.7277019619941711,-0.7901932681466417
BH_s05_high,3,292,39.733333333333334,-0.4647104740142822,-0.8013262388277654
BH_s05_high,3,293,39.766666666666666,-0.18221351504325867,-0.7978032275626895
BH_s05_high,3,294,39.8,-0.0989280417561531,-0.7752806040619219
BH_s05_high,3,295,39.833333333333336,-0.20722271502017975,-0.7191771733071324
BH_s05_high,3,296,39.86666666666667,-0.4085494577884674,-0.6158728960036413
BH_s05_high,3,297,39.9,-0.6607367396354675,-0.46200834893505144
BH_s05_high,3,298,39.93333333333333,-0.8531467318534851,-0.2680084107976315
BH_s05_high,3,299,39.96666666666667,-0.7310212254524231,-0.05561551154903913
BH_s05_high,4,0,40.0,-0.013604477047920227,0.048991823639182745
BH_s05_high,4,1,40.03333333333333,1.1458386182785034,-0.2287284131268951
BH_s05_high,4,2,40.06666666666667,2.1485345363616943,-0.4883438213413702
BH_s05_high,4,3,40.1,2.301034688949585,-0.7003720602598065
BH_s05_high,4,4,40.13333333333333,1.8029245138168335,-0.8275842461628996
BH_s05_high,4,5,40.166666666666664,1.0013923645019531,-0.8363827659783417
BH_s05_high,4,6,40.2,0.19208267331123352,-0.7163401723600141
BH_s05_high,4,7,40.233333333333334,-0.415900319814682,-0.49043323426397606
BH_s05_high,4,8,40.266666666666666,-0.739189624786377,-0.20910367032123517
BH_s05_high,4,9,40.3,-0.707740843296051,0.06638221038783153
BH_s05_high,4,10,40.333333333333336,-0.5218231081962585,0.2840861855677046
BH_s05_high,4,11,40.36666666666667,-0.35383257269859314,0.4177069875268297
BH_s05_high,4,12,40.4,-0.2936811149120331,0.4726210189199638
BH_s05_high,4,13,40.43333333333333,-0.42345017194747925,0.47747291939835856
BH_s05_high,4,14,40.46666666666667,-0.5739164352416992,0.46473541782179695
BH_s05_high,4,15,40.5,-0.8125821352005005,0.4505826918126105
BH_s05_high,4,16,40.53333333333333,-1.0274304151535034,0.42434214584838736
BH_s05_high,4,17,40.56666666666667,-0.9509176015853882,0.35535478897493256
BH_s05_high,4,18,40.6,-0.24048908054828644,0.21438480993920547
BH_s05_high,4,19,40.63333333333333,0.8156670928001404,-0.0033851744825252536
BH_s05_high,4,20,40.666666666666664,1.8125131130218506,-0.2658523606098902
BH_s05_high,4,21,40.7,1.98391592502594,-0.5103846909089426
BH_s05_high,4,22,40.733333333333334,1.450394630432129,-0.6671043767087145
BH_s05_high,4,23,40.766666666666666,0.616209864616394,-0.687023882943717
BH_s05_high,4,24,40.8,-0.20629988610744476,-0.562550893677
BH_s05_high,4,25,40.833333333333336,-0.8343780636787415,-0.3301380511020382
BH_s05_high,4,26,40.86666666666667,-1.0822936296463013,-0.05404683302754326
BH_s05_high,4,27,40.9,-1.0072941780090332,0.20040377620897995
BH_s05_high,4,28,40.93333333333333,-0.6806567311286926,0.39176688266220977
BH_s05_high,4,29,40.96666666666667,-0.42373064160346985,0.5119958586440699
BH_s05_high,4,30,41.0,-0.34454163908958435,0.5776549352418265
BH_s05_high,4,31,41.03333333333333,-0.41581887006759644,0.6110617119059606
BH_s05_high,4,32,41.06666666666667,-0.5867018103599548,0.6214953948398503
BH_s05_high,4,33,41.1,-0.7880285978317261,0.5961326000284815
BH_s05_high,4,34,41.13333333333333,-0.9212509989738464,0.5052810138013527
BH_s05_high,4,35,41.166666666666664,-0.7884020805358887,0.32035732007604956
BH_s05_high,4,36,41.2,-0.10666392743587494,0.036455699413782315
BH_s05_high,4,37,41.233333333333334,0.9800297021865845,-0.3134851056762329
BH_s05_high,4,38,41.266666666666666,1.856665849685669,-0.6613598062570017
BH_s05_high,4,39,41.3,2.010035514831543,-0.9252754127338356
BH_s05_high,4,40,41.333333333333336,1.5009740591049194,-1.0407834350625882
BH_s05_high,4,41,41.36666666666667,0.6858267188072205,-0.9842778941735981
BH_s05_high,4,42,41.4,-0.10085728764533997,-0.7786449168390573
BH_s05_high,4,43,41.43333333333333,-0.6728797554969788,-0.4811234090051191
BH_s05_high,4,44,41.46666666666667,-0.8531467318534851,-0.15978930251941523
BH_s05_high,4,45,41.5,-0.7289866805076599,0.12997157090558198
BH_s05_high,4,46,41.53333333333333,-0.3817458152770996,0.35966840558538354
BH_s05_high,4,47,41.56666666666667,-0.13760513067245483,0.5271882343478326
BH_s05_high,4,48,41.6,-0.09023909270763397,0.6436410087748089
BH_s05_high,4,49,41.63333333333333,-0.19471848011016846,0.7165096164381791
BH_s05_high,4,50,41.666666666666664,-0.3960452079772949,0.7380011952440995
BH_s05_high,4,51,41.7,-0.6474964022636414,0.6854037241933991
BH_s05_high,4,52,41.733333333333334,-0.8004924654960632,0.5340660517683908
BH_s05_high,4,53,41.766666666666666,-0.4125104248523712,0.27721670665795334
BH_s05_high,4,54,41.8,0.47708773612976074,-0.05746662546661255
BH_s05_high,4,55,41.833333333333336,1.6352453231811523,-0.4066301370413283
BH_s05_high,4,56,41.86666666666667,2.231271266937256,-0.6885367566855388
BH_s05_high,4,57,41.9,2.0742299556732178,-0.832185353281773
BH_s05_high,4,58,41.93333333333333,1.3908323049545288,-0.8050921690926007
BH_s05_high,4,59,41.96666666666667,0.5428043603897095,-0.6229965065416241
BH_s05_high,4,60,42.0,-0.1812913864850998,-0.3383206887064568
BH_s05_high,4,61,42.03333333333333,-0.6666276454925537,-0.018344969402214865
BH_s05_high,4,62,42.06666666666667,-0.7514256834983826,0.2765921931944489
BH_s05_high,4,63,42.1,-0.4999738335609436,0.5075139607686031
BH_s05_high,4,64,42.13333333333333,-0.22093097865581512,0.6602337772866249
BH_s05_high,4,65,42.166666666666664,-0.05492166057229042,0.7384101971542557
BH_s05_high,4,66,42.2,-0.07363837212324142,0.7505452543999157
BH_s05_high,4,67,42.233333333333334,-0.25836440920829773,0.6979143587030903
BH_s05_high,4,68,42.266666666666666,-0.49183565378189087,0.5700133480574882
BH_s05_high,4,69,42.3,-0.6807915568351746,0.3521687523989689
BH_s05_high,4,70,42.333333333333336,-0.6104775071144104,0.04222513046775683
BH_s05_high,4,71,42.36666666666667,0.03981254622340202,-0.33388981576826815
BH_s05_high,4,72,42.4,1.16021728515625,-0.7174450225605246
BH_s05_high,4,73,42.43333333333333,2.1321752071380615,-1.029891254913791
BH_s05_high,4,74,42.46666666666667,2.3503284454345703,-1.1992530139055528
BH_s05_high,4,75,42.5,1.8479740619659424,-1.1852674358676092
BH_s05_high,4,76,42.53333333333333,1.0189837217330933,-0.9923334508598836
BH_s05_high,4,77,42.56666666666667,0.18649961054325104,-0.6654156559782735
BH_s05_high,4,78,42.6,-0.40152159333229065,-0.2716765372348557
BH_s05_high,4,79,42.63333333333333,-0.6702151298522949,0.12246623200087084
BH_s05_high,4,80,42.666666666666664,-0.6107990741729736,0.4693394292705521
BH_s05_high,4,81,42.7,-0.34021663665771484,0.7457278936505236
BH_s05_high,4,82,42.733333333333334,-0.07290156185626984,0.9461432555932463
BH_s05_high,4,83,42.766666666666666,-0.039378583431243896,1.0704745969364664
BH_s05_high,4,84,42.8,-0.12068358063697815,1.1130045935488484
BH_s05_high,4,85,42.833333333333336,-0.322010338306427,1.0582981061115473
BH_s05_high,4,86,42.86666666666667,-0.5741975903511047,0.886636218153607
BH_s05_high,4,87,42.9,-0.688515841960907,0.5881800985080212
BH_s05_high,4,88,42.93333333333333,-0.36932089924812317,0.17969661554566146
BH_s05_high,4,89,42.96666666666667,0.5276404023170471,-0.2863802922938745
BH_s05_high,4,90,43.0,1.6171847581863403,-0.7277120194444179
BH_s05_high,4,91,43.03333333333333,2.2571630477905273,-1.0548693675542933
BH_s05_high,4,92,43.06666666666667,2.0561959743499756,-1.2024136832198207
BH_s05_high,4,93,43.1,1.3390878438949585,-1.1502306547563077
BH_s05_high,4,94,43.13333333333333,0.47827452421188354,-0.9261621812811107
BH_s05_high,4,95,43.166666666666664,-0.2643497586250305,-0.5919388102225905
BH_s05_high,4,96,43.2,-0.7564867734909058,-0.21963814348048857
BH_s05_high,4,97,43.233333333333334,-0.850200891494751,0.1305550301255515
BH_s05_high,4,98,43.266666666666666,-0.6484588980674744,0.42306243378750213
BH_s05_high,4,99,43.3,-0.3966868817806244,0.6460365842553817
BH_s05_high,4,100,43.333333333333336,-0.2445206344127655,0.7997363198289613
BH_s05_high,4,101,43.36666666666667,-0.29092347621917725,0.8830499791555999
BH_s05_high,4,102,43.4,-0.4894925653934479,0.8854572273367691
BH_s05_high,4,103,43.43333333333333,-0.6908193230628967,0.7884343313214184
BH_s05_high,4,104,43.46666666666667,-0.9370759725570679,0.5763645778196624
BH_s05_high,4,105,43.5,-1.0565887689590454,0.25298732226062987
BH_s05_high,4,106,43.53333333333333,-0.6471193432807922,-0.14549336227115564
BH_s05_high,4,107,43.56666666666667,0.36908793449401855,-0.5523609682482991
BH_s05_high,4,108,43.6,1.5272455215454102,-0.8885902369275794
BH_s05_high,4,109,43.63333333333333,2.164827346801758,-1.0875083495300017
BH_s05_high,4,110,43.666666666666664,1.9038423299789429,-1.1153684526743537
BH_s05_high,4,111,43.7,1.1486986875534058,-0.9788043645432614
BH_s05_high,4,112,43.733333333333334,0.2427283525466919,-0.7175434934070415
BH_s05_high,4,113,43.766666666666666,-0.45528754591941833,-0.3883354490778547
BH_s05_high,4,114,43.8,-0.8709931969642639,-0.046909064710938655
BH_s05_high,4,115,43.833333333333336,-0.8374154567718506,0.2658097722804802
BH_s05_high,4,116,43.86666666666667,-0.5021294951438904,0.5288004880357654
BH_s05_high,4,117,43.9,-0.14927884936332703,0.7355516113986301
BH_s05_high,4,118,43.93333333333333,-0.009255636483430862,0.8821270662553874
BH_s05_high,4,119,43.96666666666667,-0.039378583431243896,0.9574464543885473
BH_s05_high,4,120,44.0,-0.19711492955684662,0.9416044990123237
BH_s05_high,4,121,44.03333333333333,-0.42539170384407043,0.8137310293825677
BH_s05_high,4,122,44.06666666666667,-0.650628924369812,0.5663294306459759
BH_s05_high,4,123,44.1,-0.626060962677002,0.2190791934562453
BH_s05_high,4,124,44.13333333333333,-0.0526038222014904,-0.17584837993235616
BH_s05_high,4,125,44.166666666666664,0.9453020095825195,-0.543951594488767
BH_s05_high,4,126,44.2,1.9432324171066284,-0.8114603407420964
BH_s05_high,4,127,44.233333333333334,2.2796006202697754,-0.929524069484604
BH_s05_high,4,128,44.266666666666666,1.9481695890426636,-0.8888277956841483
BH_s05_high,4,129,44.3,1.2876650094985962,-0.7173501762923745
BH_s05_high,4,130,44.333333333333336,0.4314975142478943,-0.463779424585709
BH_s05_high,4,131,44.36666666666667,-0.22296765446662903,-0.17819994751962076
BH_s05_high,4,132,44.4,-0.5632996559143066,0.10132057519488699
BH_s05_high,4,133,44.43333333333333,-0.5194669961929321,0.3524743434976038
BH_s05_high,4,134,44.46666666666667,-0.3049395680427551,0.5634455344936494
BH_s05_high,4,135,44.5,-0.07809604704380035,0.7233432648595249
BH_s05_high,4,136,44.53333333333333,-0.039378583431243896,0.8142356704507026
BH_s05_high,4,137,44.56666666666667,-0.10026685148477554,0.8104572859510958
BH_s05_high,4,138,44.6,-0.14109960198402405,0.6871062131823447
BH_s05_high,4,139,44.63333333333333,-0.19196011126041412,0.4353156031778491
BH_s05_high,4,140,44.666666666666664,-0.07652941346168518,0.0768618443733014
BH_s05_high,4,141,44.7,0.3630225360393524,-0.33268165635577046
BH_s05_high,4,142,44.733333333333334,1.2795296907424927,-0.7158588041310647
BH_s05_high,4,143,44.766666666666666,2.2205753326416016,-0.9957485664136098
BH_s05_high,4,144,44.8,2.6001193523406982,-1.1197745079050123
BH_s05_high,4,145,44.833333333333336,2.238377809524536,-1.0731565745407396
BH_s05_high,4,146,44.86666666666667,1.4818557500839233,-0.8777485571848304
BH_s05_high,4,147,44.9,0.5758853554725647,-0.5802442366583899
BH_s05_high,4,148,44.93333333333333,-0.08220762759447098,-0.23533993914536042
BH_s05_high,4,149,44.96666666666667,-0.489131361246109,0.1101932698234019
BH_s05_high,4,150,45.0,-0.44998422265052795,0.42666594312679496
BH_s05_high,4,151,45.03333333333333,-0.25237905979156494,0.6992323214114111
BH_s05_high,4,152,45.06666666666667,-0.04521544277667999,0.9171348519391633
BH_s05_high,4,153,45.1,-0.039378583431243896,1.0640154067135204
BH_s05_high,4,154,45.13333333333333,-0.12519532442092896,1.1155117008001165
BH_s05_high,4,155,45.166666666666664,-0.3265220522880554,1.0454711170993718
BH_s05_high,4,156,45.2,-0.6195024251937866,0.8384623628024676
BH_s05_high,4,157,45.233333333333334,-0.7911611199378967,0.5030777815031665
BH_s05_high,4,158,45.266666666666666,-0.4684983789920807,0.07935199907640635
BH_s05_high,4,159,45.3,0.42530369758605957,-0.3660356379372825
BH_s05_high,4,160,45.333333333333336,1.5834612846374512,-0.756258229146815
BH_s05_high,4,161,45.36666666666667,2.289642810821533,-1.0251356149184658
BH_s05_high,4,162,45.4,2.111555337905884,-1.1345416155038222
BH_s05_high,4,163,45.43333333333333,1.4227619171142578,-1.0819767039769719
BH_s05_high,4,164,45.46666666666667,0.534262478351593,-0.896151308277356
BH_s05_high,4,165,45.5,-0.14488963782787323,-0.6230700156248161
BH_s05_high,4,166,45.53333333333333,-0.5575565099716187,-0.30907256447496295
BH_s05_high,4,167,45.56666666666667,-0.6205456256866455,0.01016919829719004
BH_s05_high,4,168,45.6,-0.4409203827381134,0.31127834530904275
BH_s05_high,4,169,45.63333333333333,-0.18873311579227448,0.5781781783137608
BH_s05_high,4,170,45.666666666666664,-0.09023909270763397,0.7945603482194902
BH_s05_high,4,171,45.7,-0.11516755819320679,0.9381801957030926
BH_s05_high,4,172,45.733333333333334,-0.2905622720718384,0.9808151472996351
BH_s05_high,4,173,45.766666666666666,-0.5427495241165161,0.8962564405943165
BH_s05_high,4,174,45.8,-0.7440762519836426,0.6739951522450709
BH_s05_high,4,175,45.833333333333336,-0.7910529971122742,0.33192759316431353
BH_s05_high,4,176,45.86666666666667,-0.28914058208465576,-0.07937345141905057
BH_s05_high,4,177,45.9,0.793938934803009,-0.4872550394875244
BH_s05_high,4,178,45.93333333333333,1.8984639644622803,-0.8188527387027158
BH_s05_high,4,179,45.96666666666667,2.385458469390869,-1.0212931327913943
BH_s05_high,4,180,46.0,2.039755344390869,-1.0724997700713321
BH_s05_high,4,181,46.03333333333333,1.2555471658706665,-0.9816425170829454
BH_s05_high,4,182,46.06666666666667,0.3628712296485901,-0.7809352222377036
BH_s05_high,4,183,46.1,-0.3040044605731964,-0.5125862125334053
BH_s05_high,4,184,46.13333333333333,-0.6608837842941284,-0.2158229486522245
BH_s05_high,4,185,46.166666666666664,-0.6294617056846619,0.08093027701481069
BH_s05_high,4,186,46.2,-0.3682106137275696,0.36059349983674605
BH_s05_high,4,187,46.233333333333334,-0.13309340178966522,0.6118446798176257
BH_s05_high,4,188,46.266666666666666,-0.09718765318393707,0.8213075807389048
BH_s05_high,4,189,46.3,-0.25460246205329895,0.9691979292289563
BH_s05_high,4,190,46.333333333333336,-0.46076247096061707,1.0310626517497423
BH_s05_high,4,191,46.36666666666667,-0.7081164717674255,0.9845819343553159
BH_s05_high,4,192,46.4,-0.909443199634552,0.8190037192517787
BH_s05_high,4,193,46.43333333333333,-1.0532680749893188,0.5438469265366308
BH_s05_high,4,194,46.46666666666667,-0.6442802548408508,0.19254656275338314
BH_s05_high,4,195,46.5,0.3120957016944885,-0.18327406001564042
BH_s05_high,4,196,46.53333333333333,1.5206588506698608,-0.5270757091900211
BH_s05_high,4,197,46.56666666666667,2.1399126052856445,-0.7905897830493933
BH_s05_high,4,198,46.6,1.9586926698684692,-0.9424620975959641
BH_s05_high,4,199,46.63333333333333,1.2187575101852417,-0.9719054211402315
BH_s05_high,4,200,46.666666666666664,0.3625900447368622,-0.8874813522542364
BH_s05_high,4,201,46.7,-0.30373698472976685,-0.711500385819656
BH_s05_high,4,202,46.733333333333334,-0.6848483681678772,-0.4723232985572669
BH_s05_high,4,203,46.766666666666666,-0.6586207151412964,-0.19818016819015807
BH_s05_high,4,204,46.8,-0.37446272373199463,0.08538675232974974
BH_s05_high,4,205,46.833333333333336,-0.1123017743229866,0.35426154263003945
BH_s05_high,4,206,46.86666666666667,-0.039378583431243896,0.583058205925822
BH_s05_high,4,207,46.9,-0.12795297801494598,0.7452624504708766
BH_s05_high,4,208,46.93333333333333,-0.36699360609054565,0.8172730493896432
BH_s05_high,4,209,46.96666666666667,-0.5683203339576721,0.7838683278589269
BH_s05_high,4,210,47.0,-0.7696471214294434,0.6432127631934096
BH_s05_high,4,211,47.03333333333333,-0.9040071964263916,0.4104670058077043
BH_s05_high,4,212,47.06666666666667,-0.6077321171760559,0.11790867065374133
BH_s05_high,4,213,47.1,0.36840587854385376,-0.19118432758208748
BH_s05_high,4,214,47.13333333333333,1.7278902530670166,-0.4724960236313657
BH_s05_high,4,215,47.166666666666664,2.7300238609313965,-0.687456627974627
BH_s05_high,4,216,47.2,2.905001163482666,-0.8060714369458931
BH_s05_high,4,217,47.233333333333334,2.415405511856079,-0.8112073670173351
BH_s05_high,4,218,47.266666666666666,1.5568811893463135,-0.7040060444102375
BH_s05_high,4,219,47.3,0.6509108543395996,-0.504262180046914
BH_s05_high,4,220,47.333333333333336,-0.0843762680888176,-0.24470608188256135
BH_s05_high,4,221,47.36666666666667,-0.44121596217155457,0.03643590342873341
BH_s05_high,4,222,47.4,-0.47527387738227844,0.3020554063087996
BH_s05_high,4,223,47.43333333333333,-0.3746105134487152,0.5217138120113648
BH_s05_high,4,224,47.46666666666667,-0.273947149515152,0.675559155278588
BH_s05_high,4,225,47.5,-0.19196011126041412,0.7556326945976333
BH_s05_high,4,226,47.53333333333333,-0.1234809011220932,0.7639507488477884
BH_s05_high,4,227,47.56666666666667,-0.022817526012659073,0.7072734031586091
BH_s05_high,4,228,47.6,0.14420977234840393,0.5913154421626903
BH_s05_high,4,229,47.63333333333333,0.35998231172561646,0.41936756408575704
BH_s05_high,4,230,47.666666666666664,0.7021368145942688,0.19604115209074655
BH_s05_high,4,231,47.7,1.3939690589904785,-0.06757488611435769
BH_s05_high,4,232,47.733333333333334,2.2378060817718506,-0.34998859263635057
BH_s05_high,4,233,47.766666666666666,2.8190250396728516,-0.6175991860973056
BH_s05_high,4,234,47.8,2.601282835006714,-0.8276189800233322
BH_s05_high,4,235,47.833333333333336,1.7614609003067017,-0.9387710618807251
BH_s05_high,4,236,47.86666666666667,0.6969243884086609,-0.9263403521600417
BH_s05_high,4,237,47.9,-0.29069778323173523,-0.7921917239112414
BH_s05_high,4,238,47.93333333333333,-0.9237152338027954,-0.5647577735983303
BH_s05_high,4,239,47.96666666666667,-1.2091702222824097,-0.2895361239680868
BH_s05_high,4,240,48.0,-1.1018258333206177,-0.013955141256666373
BH_s05_high,4,241,48.03333333333333,-0.7987780570983887,0.2270140248740728
BH_s05_high,4,242,48.06666666666667,-0.5472872257232666,0.41894468738532736
BH_s05_high,4,243,48.1,-0.4971231520175934,0.5661301487745951
BH_s05_high,4,244,48.13333333333333,-0.6468669772148132,0.6806780055017454
BH_s05_high,4,245,48.166666666666664,-0.896577775478363,0.7676435993090935
BH_s05_high,4,246,48.2,-1.1477073431015015,0.8141356966339913
BH_s05_high,4,247,48.233333333333334,-1.35256826877594,0.7913013088261455
BH_s05_high,4,248,48.266666666666666,-1.5086839199066162,0.6690971127928229
BH_s05_high,4,249,48.3,-1.1918450593948364,0.43469328120080897
BH_s05_high,4,250,48.333333333333336,-0.1756507158279419,0.105802048159313
BH_s05_high,4,251,48.36666666666667,1.066583275794983,-0.2674050659146628
BH_s05_high,4,252,48.4,1.8947813510894775,-0.6136514452244061
BH_s05_high,4,253,48.43333333333333,1.8244125843048096,-0.8620771572278726
BH_s05_high,4,254,48.46666666666667,1.1246541738510132,-0.9658506328024749
BH_s05_high,4,255,48.5,0.2684866487979889,-0.9164180533547044
BH_s05_high,4,256,48.53333333333333,-0.44920986890792847,-0.7427825420084204
BH_s05_high,4,257,48.56666666666667,-0.9602236747741699,-0.4971957656341093
BH_s05_high,4,258,48.6,-1.1074492931365967,-0.2339765688174456
BH_s05_high,4,259,48.63333333333333,-0.9385741353034973,0.0079842246114008
BH_s05_high,4,260,48.666666666666664,-0.6863868832588196,0.212502976866237
BH_s05_high,4,261,48.7,-0.5165218710899353,0.3819480197038436
BH_s05_high,4,262,48.733333333333334,-0.5275272727012634,0.5249831819895631
BH_s05_high,4,263,48.766666666666666,-0.6575371026992798,0.6432366267435441
BH_s05_high,4,264,48.8,-0.9097243547439575,0.7233505921076607
BH_s05_high,4,265,48.833333333333336,-1.1619116067886353,0.7388743297587125
BH_s05_high,4,266,48.86666666666667,-1.3632383346557617,0.6619536746504318
BH_s05_high,4,267,48.9,-1.438356876373291,0.480189101397208
BH_s05_high,4,268,48.93333333333333,-1.0167040824890137,0.21074908552448243
BH_s05_high,4,269,48.96666666666667,0.010186314582824707,-0.09771842907360344
BH_s05_high,4,270,49.0,1.2192044258117676,-0.378208104929747
BH_s05_high,4,271,49.03333333333333,1.8842308521270752,-0.5689020749621766
BH_s05_high,4,272,49.06666666666667,1.7234939336776733,-0.6369449112835188
BH_s05_high,4,273,49.1,0.9802525639533997,-0.5888639323760497
BH_s05_high,4,274,49.13333333333333,0.12408507615327835,-0.46324814493685407
BH_s05_high,4,275,49.166666666666664,-0.5970518589019775,-0.31142883911876346
BH_s05_high,4,276,49.2,-1.0369224548339844,-0.17521775695687558
BH_s05_high,4,277,49.233333333333334,-1.0929096937179565,-0.07206711253818283
BH_s05_high,4,278,49.266666666666666,-0.8635616302490234,0.006295106521483878
BH_s05_high,4,279,49.3,-0.5615715384483337,0.08126733696508948
BH_s05_high,4,280,49.333333333333336,-0.39540213346481323,0.16767683484080778
BH_s05_high,4,281,49.36666666666667,-0.4057110846042633,0.2595944930744745
BH_s05_high,4,282,49.4,-0.5156257152557373,0.32906557846347534
BH_s05_high,4,283,49.43333333333333,-0.7169525027275085,0.3382485770185977
BH_s05_high,4,284,49.46666666666667,-0.918279230594635,0.2599309814985428
BH_s05_high,4,285,49.5,-1.0626671314239502,0.09690880586801695
BH_s05_high,4,286,49.53333333333333,-1.0365058183670044,-0.1100822450233227
BH_s05_high,4,287,49.56666666666667,-0.45749229192733765,-0.29459130530166067
BH_s05_high,4,288,49.6,0.6058128476142883,-0.3924026990898673
BH_s05_high,4,289,49.63333333333333,1.6501049995422363,-0.36850254240349184
BH_s05_high,4,290,49.666666666666664,1.9418107271194458,-0.2308654174035426
BH_s05_high,4,291,49.7,1.5386345386505127,-0.026043342147697934
BH_s05_high,4,292,49.733333333333334,0.7341300249099731,0.1810029653542382
BH_s05_high,4,293,49.766666666666666,-0.07355976104736328,0.3335143513913165
BH_s05_high,4,294,49.8,-0.6799227595329285,0.4043857718035435
BH_s05_high,4,295,49.833333333333336,-0.9458716511726379,0.4010631912250727
BH_s05_high,4,296,49.86666666666667,-0.8642580509185791,0.35309817216736616
BH_s05_high,4,297,49.9,-0.5678236484527588,0.2922131497898142
BH_s05_high,4,298,49.93333333333333,-0.30902305245399475,0.23557513372278727
BH_s05_high,4,299,49.96666666666667,-0.2428206205368042,0.1813134591825296
