recording_id,measurement_id,sample_index,time_seconds,gt_signal,predicted_signal
UBFC_PHYS_s10_T2_ctrl,0,0,0.0,1.3843919038772583,0.08182724218272017
UBFC_PHYS_s10_T2_ctrl,0,1,0.03333333333333333,1.6850707530975342,0.23934331205039494
UBFC_PHYS_s10_T2_ctrl,0,2,0.06666666666666667,1.8358865976333618,0.36995832726388694
UBFC_PHYS_s10_T2_ctrl,0,3,0.1,1.7800981998443604,0.4540261538800288
UBFC_PHYS_s10_T2_ctrl,0,4,0.13333333333333333,1.4842535257339478,0.47953127756677844
UBFC_PHYS_s10_T2_ctrl,0,5,0.16666666666666666,0.998177707195282,0.4442450926595571
UBFC_PHYS_s10_T2_ctrl,0,6,0.2,0.48050248622894287,0.35584526065350897
UBFC_PHYS_s10_T2_ctrl,0,7,0.23333333333333334,0.10213962197303772,0.22997046654023487
UBFC_PHYS_s10_T2_ctrl,0,8,0.26666666666666666,-0.009225564077496529,0.08653589582737053
UBFC_PHYS_s10_T2_ctrl,0,9,0.3,0.16445612907409668,-0.055022103830588934
UBFC_PHYS_s10_T2_ctrl,0,10,0.3333333333333333,0.43032464385032654,-0.18017437231837516
UBFC_PHYS_s10_T2_ctrl,0,11,0.36666666666666664,0.5262518525123596,-0.2815025241774663
UBFC_PHYS_s10_T2_ctrl,0,12,0.4,0.3632090985774994,-0.35814742945809636
UBFC_PHYS_s10_T2_ctrl,0,13,0.43333333333333335,-0.0020094108767807484,-0.41341417996698604
UBFC_PHYS_s10_T2_ctrl,0,14,0.4666666666666667,-0.4840449392795563,-0.4520579489313647
UBFC_PHYS_s10_T2_ctrl,0,15,0.5,-0.9373922944068909,-0.4790108008091204
UBFC_PHYS_s10_T2_ctrl,0,16,0.5333333333333333,-1.273163914680481,-0.4988290054263101
UBFC_PHYS_s10_T2_ctrl,0,17,0.5666666666666667,-1.6318897008895874,-0.5129672833936861
UBFC_PHYS_s10_T2_ctrl,0,18,0.6,-2.1078381538391113,-0.5162152196829896
UBFC_PHYS_s10_T2_ctrl,0,19,0.6333333333333333,-2.563196897506714,-0.4975579687463028
UBFC_PHYS_s10_T2_ctrl,0,20,0.6666666666666666,-2.73207950592041,-0.445494925860787
UBFC_PHYS_s10_T2_ctrl,0,21,0.7,-2.257842540740967,-0.3525698052771695
UBFC_PHYS_s10_T2_ctrl,0,22,0.7333333333333333,-1.0943480730056763,-0.21714252261572708
UBFC_PHYS_s10_T2_ctrl,0,23,0.7666666666666667,0.09435887634754181,-0.04413495090051261
UBFC_PHYS_s10_T2_ctrl,0,24,0.8,0.7987189888954163,0.15473451147066977
UBFC_PHYS_s10_T2_ctrl,0,25,0.8333333333333334,1.325992226600647,0.36214111089072887
UBFC_PHYS_s10_T2_ctrl,0,26,0.8666666666666667,1.7396771907806396,0.557673907365009
UBFC_PHYS_s10_T2_ctrl,0,27,0.9,1.689322829246521,0.7205623025975713
UBFC_PHYS_s10_T2_ctrl,0,28,0.9333333333333333,1.4205255508422852,0.8319339441304677
UBFC_PHYS_s10_T2_ctrl,0,29,0.9666666666666667,1.4477670192718506,0.8764802223125892
UBFC_PHYS_s10_T2_ctrl,0,30,1.0,1.5963773727416992,0.8440087759120507
UBFC_PHYS_s10_T2_ctrl,0,31,1.0333333333333334,1.4130624532699585,0.731738277785123
UBFC_PHYS_s10_T2_ctrl,0,32,1.0666666666666667,0.820438027381897,0.5465896387854432
UBFC_PHYS_s10_T2_ctrl,0,33,1.1,-0.042448099702596664,0.30526359898457694
UBFC_PHYS_s10_T2_ctrl,0,34,1.1333333333333333,-0.8231688737869263,0.03186276314475502
UBFC_PHYS_s10_T2_ctrl,0,35,1.1666666666666667,-1.0876258611679077,-0.24514864263427313
UBFC_PHYS_s10_T2_ctrl,0,36,1.2,-0.8892787098884583,-0.4960672935842516
UBFC_PHYS_s10_T2_ctrl,0,37,1.2333333333333334,-0.8121240735054016,-0.693847136002527
UBFC_PHYS_s10_T2_ctrl,0,38,1.2666666666666666,-1.2669005393981934,-0.8181777467923494
UBFC_PHYS_s10_T2_ctrl,0,39,1.3,-2.04331636428833,-0.8578915127273989
UBFC_PHYS_s10_T2_ctrl,0,40,1.3333333333333333,-2.7469000816345215,-0.8110319871793386
UBFC_PHYS_s10_T2_ctrl,0,41,1.3666666666666667,-3.328585624694824,-0.6832206658279906
UBFC_PHYS_s10_T2_ctrl,0,42,1.4,-3.9415528774261475,-0.4854933126108226
UBFC_PHYS_s10_T2_ctrl,0,43,1.4333333333333333,-4.6414666175842285,-0.23301343504302166
UBFC_PHYS_s10_T2_ctrl,0,44,1.4666666666666666,-5.330988883972168,0.054226915326165394
UBFC_PHYS_s10_T2_ctrl,0,45,1.5,-5.6860270500183105,0.3482251817204573
UBFC_PHYS_s10_T2_ctrl,0,46,1.5333333333333334,-5.160377025604248,0.6117166298278806
UBFC_PHYS_s10_T2_ctrl,0,47,1.5666666666666667,-3.9410412311553955,0.8068955267277013
UBFC_PHYS_s10_T2_ctrl,0,48,1.6,-2.422349691390991,0.9103935559997552
UBFC_PHYS_s10_T2_ctrl,0,49,1.6333333333333333,-0.8467227816581726,0.9198521735198266
UBFC_PHYS_s10_T2_ctrl,0,50,1.6666666666666667,0.38921549916267395,0.8486386803295475
UBFC_PHYS_s10_T2_ctrl,0,51,1.7,1.4438854455947876,0.7172909631901806
UBFC_PHYS_s10_T2_ctrl,0,52,1.7333333333333334,2.833850622177124,0.546935429780247
UBFC_PHYS_s10_T2_ctrl,0,53,1.7666666666666666,4.223498344421387,0.35528250639264863
UBFC_PHYS_s10_T2_ctrl,0,54,1.8,4.591063499450684,0.1549292130515545
UBFC_PHYS_s10_T2_ctrl,0,55,1.8333333333333333,3.8229753971099854,-0.0468868821432292
UBFC_PHYS_s10_T2_ctrl,0,56,1.8666666666666667,2.6371443271636963,-0.24759622787690805
UBFC_PHYS_s10_T2_ctrl,0,57,1.9,1.5824037790298462,-0.4476707700647366
UBFC_PHYS_s10_T2_ctrl,0,58,1.9333333333333333,0.9788228869438171,-0.6481416847048627
UBFC_PHYS_s10_T2_ctrl,0,59,1.9666666666666666,1.2587708234786987,-0.8474843002340301
UBFC_PHYS_s10_T2_ctrl,0,60,2.0,2.388742685317993,-1.0381135331784364
UBFC_PHYS_s10_T2_ctrl,0,61,2.033333333333333,3.7181735038757324,-1.202845457370852
UBFC_PHYS_s10_T2_ctrl,0,62,2.066666666666667,4.767762184143066,-1.3135028789092946
UBFC_PHYS_s10_T2_ctrl,0,63,2.1,5.63071870803833,-1.3351449498984425
UBFC_PHYS_s10_T2_ctrl,0,64,2.1333333333333333,6.544841289520264,-1.2354316493046273
UBFC_PHYS_s10_T2_ctrl,0,65,2.1666666666666665,7.453900337219238,-0.9946338794429914
UBFC_PHYS_s10_T2_ctrl,0,66,2.2,8.007126808166504,-0.6137172024369555
UBFC_PHYS_s10_T2_ctrl,0,67,2.2333333333333334,8.007726669311523,-0.12019132850067357
UBFC_PHYS_s10_T2_ctrl,0,68,2.2666666666666666,7.723138809204102,0.4308306688268237
UBFC_PHYS_s10_T2_ctrl,0,69,2.3,7.4329400062561035,0.9646403659420846
UBFC_PHYS_s10_T2_ctrl,0,70,2.3333333333333335,6.772511959075928,1.4032149254148087
UBFC_PHYS_s10_T2_ctrl,0,71,2.3666666666666667,5.13852071762085,1.683797696140844
UBFC_PHYS_s10_T2_ctrl,0,72,2.4,2.657892942428589,1.773426021301846
UBFC_PHYS_s10_T2_ctrl,0,73,2.433333333333333,0.1186714917421341,1.6738717459712675
UBFC_PHYS_s10_T2_ctrl,0,74,2.466666666666667,-2.033083200454712,1.4164114681787172
UBFC_PHYS_s10_T2_ctrl,0,75,2.5,-4.032486915588379,1.0507590019313693
UBFC_PHYS_s10_T2_ctrl,0,76,2.533333333333333,-6.34587287902832,0.6326699928378355
UBFC_PHYS_s10_T2_ctrl,0,77,2.566666666666667,-8.985291481018066,0.21397059511718938
UBFC_PHYS_s10_T2_ctrl,0,78,2.6,-10.842329978942871,-0.1634589050405706
UBFC_PHYS_s10_T2_ctrl,0,79,2.6333333333333333,-10.56176471710205,-0.47046809703635195
UBFC_PHYS_s10_T2_ctrl,0,80,2.6666666666666665,-8.561372756958008,-0.6911493736531186
UBFC_PHYS_s10_T2_ctrl,0,81,2.7,-6.595633029937744,-0.8218619371044246
UBFC_PHYS_s10_T2_ctrl,0,82,2.7333333333333334,-5.353554725646973,-0.8691184552174456
UBFC_PHYS_s10_T2_ctrl,0,83,2.7666666666666666,-4.181556224822998,-0.8462158719882548
UBFC_PHYS_s10_T2_ctrl,0,84,2.8,-2.6424334049224854,-0.7691511580248955
UBFC_PHYS_s10_T2_ctrl,0,85,2.8333333333333335,-0.9669449925422668,-0.6530190598090589
UBFC_PHYS_s10_T2_ctrl,0,86,2.8666666666666667,0.4375937283039093,-0.5096557315938343
UBFC_PHYS_s10_T2_ctrl,0,87,2.9,1.2201493978500366,-0.34677992343301295
UBFC_PHYS_s10_T2_ctrl,0,88,2.933333333333333,1.2572004795074463,-0.16903626181235684
UBFC_PHYS_s10_T2_ctrl,0,89,2.966666666666667,0.8976102471351624,0.018609248536606927
UBFC_PHYS_s10_T2_ctrl,0,90,3.0,0.890288233757019,0.20671324386648215
UBFC_PHYS_s10_T2_ctrl,0,91,3.033333333333333,1.5887025594711304,0.379737575355652
UBFC_PHYS_s10_T2_ctrl,0,92,3.066666666666667,2.3630363941192627,0.5175099976152893
UBFC_PHYS_s10_T2_ctrl,0,93,3.1,2.545045852661133,0.5974690797159957
UBFC_PHYS_s10_T2_ctrl,0,94,3.1333333333333333,2.1276557445526123,0.5977263103929773
UBFC_PHYS_s10_T2_ctrl,0,95,3.1666666666666665,1.429823637008667,0.5031972813080907
UBFC_PHYS_s10_T2_ctrl,0,96,3.2,0.7000041007995605,0.31304341323224266
UBFC_PHYS_s10_T2_ctrl,0,97,3.2333333333333334,0.06986983120441437,0.04393146857451924
UBFC_PHYS_s10_T2_ctrl,0,98,3.2666666666666666,-0.6245040893554688,-0.27228781634044597
UBFC_PHYS_s10_T2_ctrl,0,99,3.3,-1.7444722652435303,-0.5935002245709851
UBFC_PHYS_s10_T2_ctrl,0,100,3.3333333333333335,-3.1509339809417725,-0.8733161775082544
UBFC_PHYS_s10_T2_ctrl,0,101,3.3666666666666667,-4.09148645401001,-1.068330343428012
UBFC_PHYS_s10_T2_ctrl,0,102,3.4,-4.064033508300781,-1.1453816408443118
UBFC_PHYS_s10_T2_ctrl,0,103,3.433333333333333,-3.5177228450775146,-1.0861548388787312
UBFC_PHYS_s10_T2_ctrl,0,104,3.466666666666667,-3.2502665519714355,-0.888825277387453
UBFC_PHYS_s10_T2_ctrl,0,105,3.5,-3.4129385948181152,-0.5687005269933241
UBFC_PHYS_s10_T2_ctrl,0,106,3.533333333333333,-3.6261415481567383,-0.15854070704655562
UBFC_PHYS_s10_T2_ctrl,0,107,3.566666666666667,-3.4999029636383057,0.29229582972423906
UBFC_PHYS_s10_T2_ctrl,0,108,3.6,-2.709125518798828,0.722847820967522
UBFC_PHYS_s10_T2_ctrl,0,109,3.6333333333333333,-1.4820971488952637,1.0737677093947045
UBFC_PHYS_s10_T2_ctrl,0,110,3.6666666666666665,-0.704322874546051,1.3039828200076578
UBFC_PHYS_s10_T2_ctrl,0,111,3.7,-0.5956218242645264,1.398115535577459
UBFC_PHYS_s10_T2_ctrl,0,112,3.7333333333333334,-0.33756935596466064,1.362404478875165
UBFC_PHYS_s10_T2_ctrl,0,113,3.7666666666666666,0.3578808009624481,1.2176956175600258
UBFC_PHYS_s10_T2_ctrl,0,114,3.8,0.8329648375511169,0.9934803920864388
UBFC_PHYS_s10_T2_ctrl,0,115,3.8333333333333335,0.8932875990867615,0.7214163957015467
UBFC_PHYS_s10_T2_ctrl,0,116,3.8666666666666667,0.87964928150177,0.42892733513635034
UBFC_PHYS_s10_T2_ctrl,0,117,3.9,0.8352408409118652,0.13576510246321605
UBFC_PHYS_s10_T2_ctrl,0,118,3.933333333333333,0.6309831142425537,-0.14571226853429234
UBFC_PHYS_s10_T2_ctrl,0,119,3.966666666666667,0.35724565386772156,-0.4080216145738767
UBFC_PHYS_s10_T2_ctrl,0,120,4.0,0.1034805178642273,-0.6450881612147292
UBFC_PHYS_s10_T2_ctrl,0,121,4.033333333333333,-0.1355700045824051,-0.8486693609814203
UBFC_PHYS_s10_T2_ctrl,0,122,4.066666666666666,-0.2320794314146042,-1.0062816892466713
UBFC_PHYS_s10_T2_ctrl,0,123,4.1,-0.018047267571091652,-1.1026855783801552
UBFC_PHYS_s10_T2_ctrl,0,124,4.133333333333334,0.4374701976776123,-1.1242401220467824
UBFC_PHYS_s10_T2_ctrl,0,125,4.166666666666667,0.8454740047454834,-1.0628592348114554
UBFC_PHYS_s10_T2_ctrl,0,126,4.2,0.9869388341903687,-0.9180588813634111
UBFC_PHYS_s10_T2_ctrl,0,127,4.233333333333333,0.8999391794204712,-0.6976455023095347
UBFC_PHYS_s10_T2_ctrl,0,128,4.266666666666667,0.7559337019920349,-0.4174925593389691
UBFC_PHYS_s10_T2_ctrl,0,129,4.3,0.6545899510383606,-0.10056000554055515
UBFC_PHYS_s10_T2_ctrl,0,130,4.333333333333333,0.5680314302444458,0.22470875666051315
UBFC_PHYS_s10_T2_ctrl,0,131,4.366666666666666,0.4442099928855896,0.5265107003865637
UBFC_PHYS_s10_T2_ctrl,0,132,4.4,0.31096699833869934,0.773129191755225
UBFC_PHYS_s10_T2_ctrl,0,133,4.433333333333334,0.2609831988811493,0.9390570996125921
UBFC_PHYS_s10_T2_ctrl,0,134,4.466666666666667,0.3694196045398712,1.0116030648197187
UBFC_PHYS_s10_T2_ctrl,0,135,4.5,0.664011538028717,0.992674469865636
UBFC_PHYS_s10_T2_ctrl,0,136,4.533333333333333,1.1237987279891968,0.895064225879427
UBFC_PHYS_s10_T2_ctrl,0,137,4.566666666666666,1.6422326564788818,0.7373448258353494
UBFC_PHYS_s10_T2_ctrl,0,138,4.6,2.0498836040496826,0.5399894082451892
UBFC_PHYS_s10_T2_ctrl,0,139,4.633333333333334,2.221536159515381,0.32324369504826034
UBFC_PHYS_s10_T2_ctrl,0,140,4.666666666666667,2.1965179443359375,0.10578435413182168
UBFC_PHYS_s10_T2_ctrl,0,141,4.7,2.1080009937286377,-0.09787317908645589
UBFC_PHYS_s10_T2_ctrl,0,142,4.733333333333333,2.041379451751709,-0.2806322492199317
UBFC_PHYS_s10_T2_ctrl,0,143,4.766666666666667,2.021989345550537,-0.44360633051076903
UBFC_PHYS_s10_T2_ctrl,0,144,4.8,2.1259970664978027,-0.5930405175984284
UBFC_PHYS_s10_T2_ctrl,0,145,4.833333333333333,2.4798710346221924,-0.7341231405815817
UBFC_PHYS_s10_T2_ctrl,0,146,4.866666666666666,2.9659292697906494,-0.8644183321278402
UBFC_PHYS_s10_T2_ctrl,0,147,4.9,3.0884273052215576,-0.9710423006020789
UBFC_PHYS_s10_T2_ctrl,0,148,4.933333333333334,2.4753189086914062,-1.0323835362868363
UBFC_PHYS_s10_T2_ctrl,0,149,4.966666666666667,1.4297001361846924,-1.0217406468855037
UBFC_PHYS_s10_T2_ctrl,0,150,5.0,0.6600418090820312,-0.9124948730663363
UBFC_PHYS_s10_T2_ctrl,0,151,5.033333333333333,0.41629812121391296,-0.6866340303448498
UBFC_PHYS_s10_T2_ctrl,0,152,5.066666666666666,0.20969383418560028,-0.34516819662966236
UBFC_PHYS_s10_T2_ctrl,0,153,5.1,-0.16016490757465363,0.08425233102017726
UBFC_PHYS_s10_T2_ctrl,0,154,5.133333333333334,-0.246017724275589,0.5465962172734874
UBFC_PHYS_s10_T2_ctrl,0,155,5.166666666666667,0.13462112843990326,0.9681188516706415
UBFC_PHYS_s10_T2_ctrl,0,156,5.2,0.40703532099723816,1.2731263868143705
UBFC_PHYS_s10_T2_ctrl,0,157,5.233333333333333,0.015933934599161148,1.4037115252974588
UBFC_PHYS_s10_T2_ctrl,0,158,5.266666666666667,-0.8458759188652039,1.3361567329719781
UBFC_PHYS_s10_T2_ctrl,0,159,5.3,-1.5837231874465942,1.0876325134348843
UBFC_PHYS_s10_T2_ctrl,0,160,5.333333333333333,-1.98241126537323,0.7109260482872676
UBFC_PHYS_s10_T2_ctrl,0,161,5.366666666666666,-2.1356089115142822,0.27945908401430103
UBFC_PHYS_s10_T2_ctrl,0,162,5.4,-2.0684051513671875,-0.1317747142636465
UBFC_PHYS_s10_T2_ctrl,0,163,5.433333333333334,-1.8637417554855347,-0.4614748022403187
UBFC_PHYS_s10_T2_ctrl,0,164,5.466666666666667,-1.7104028463363647,-0.6700890978382288
UBFC_PHYS_s10_T2_ctrl,0,165,5.5,-1.630778193473816,-0.7421085936210247
UBFC_PHYS_s10_T2_ctrl,0,166,5.533333333333333,-1.6267731189727783,-0.6848060808227218
UBFC_PHYS_s10_T2_ctrl,0,167,5.566666666666666,-1.864129900932312,-0.5255678334958361
UBFC_PHYS_s10_T2_ctrl,0,168,5.6,-2.2876951694488525,-0.30746011283922553
UBFC_PHYS_s10_T2_ctrl,0,169,5.633333333333334,-2.488053560256958,-0.08042665954354825
UBFC_PHYS_s10_T2_ctrl,0,170,5.666666666666667,-2.19624924659729,0.11101909918539657
UBFC_PHYS_s10_T2_ctrl,0,171,5.7,-1.5368269681930542,0.23913265754114704
UBFC_PHYS_s10_T2_ctrl,0,172,5.733333333333333,-0.7682449221611023,0.29904340014651093
UBFC_PHYS_s10_T2_ctrl,0,173,5.766666666666667,-0.17445607483386993,0.30643134790258986
UBFC_PHYS_s10_T2_ctrl,0,174,5.8,0.08341996371746063,0.28784642358443313
UBFC_PHYS_s10_T2_ctrl,0,175,5.833333333333333,0.40165409445762634,0.2687866500694076
UBFC_PHYS_s10_T2_ctrl,0,176,5.866666666666666,1.210445523262024,0.2638640856631306
UBFC_PHYS_s10_T2_ctrl,0,177,5.9,2.005263328552246,0.2717823993051636
UBFC_PHYS_s10_T2_ctrl,0,178,5.933333333333334,1.977245569229126,0.2764051652694255
UBFC_PHYS_s10_T2_ctrl,0,179,5.966666666666667,1.3195346593856812,0.2535830039074675
UBFC_PHYS_s10_T2_ctrl,0,180,6.0,0.7587566375732422,0.180894254843674
UBFC_PHYS_s10_T2_ctrl,0,181,6.033333333333333,0.40269505977630615,0.04553437354496326
UBFC_PHYS_s10_T2_ctrl,0,182,6.066666666666666,0.030101589858531952,-0.1520875024366211
UBFC_PHYS_s10_T2_ctrl,0,183,6.1,-0.21357150375843048,-0.39875412819293243
UBFC_PHYS_s10_T2_ctrl,0,184,6.133333333333334,-0.11852646619081497,-0.6708283493956186
UBFC_PHYS_s10_T2_ctrl,0,185,6.166666666666667,0.21207569539546967,-0.9355315521160207
UBFC_PHYS_s10_T2_ctrl,0,186,6.2,0.5252285003662109,-1.1517696853727182
UBFC_PHYS_s10_T2_ctrl,0,187,6.233333333333333,0.697957456111908,-1.2746560941248264
UBFC_PHYS_s10_T2_ctrl,0,188,6.266666666666667,0.6859422922134399,-1.264617339342851
UBFC_PHYS_s10_T2_ctrl,0,189,6.3,0.39607876539230347,-1.0982142649341198
UBFC_PHYS_s10_T2_ctrl,0,190,6.333333333333333,-0.12738345563411713,-0.7772617677217233
UBFC_PHYS_s10_T2_ctrl,0,191,6.366666666666666,-0.6015500426292419,-0.3328785715540408
UBFC_PHYS_s10_T2_ctrl,0,192,6.4,-0.7453614473342896,0.17786267083641755
UBFC_PHYS_s10_T2_ctrl,0,193,6.433333333333334,-0.49381938576698303,0.6834230675877374
UBFC_PHYS_s10_T2_ctrl,0,194,6.466666666666667,-0.02018211968243122,1.1139224766398794
UBFC_PHYS_s10_T2_ctrl,0,195,6.5,0.3157306909561157,1.414772462604046
UBFC_PHYS_s10_T2_ctrl,0,196,6.533333333333333,0.14236658811569214,1.5545663993552166
UBFC_PHYS_s10_T2_ctrl,0,197,6.566666666666666,-0.5502959489822388,1.5282772306127521
UBFC_PHYS_s10_T2_ctrl,0,198,6.6,-1.243752360343933,1.3560711469108944
UBFC_PHYS_s10_T2_ctrl,0,199,6.633333333333334,-1.1809771060943604,1.0770641980275462
UBFC_PHYS_s10_T2_ctrl,0,200,6.666666666666667,-0.2806164622306824,0.7395762984488496
UBFC_PHYS_s10_T2_ctrl,0,201,6.7,0.5734479427337646,0.39146569214959553
UBFC_PHYS_s10_T2_ctrl,0,202,6.733333333333333,0.6400870680809021,0.07270297193978946
UBFC_PHYS_s10_T2_ctrl,0,203,6.766666666666667,0.15194696187973022,-0.18933148020733143
UBFC_PHYS_s10_T2_ctrl,0,204,6.8,-0.3325057029724121,-0.38179253182151063
UBFC_PHYS_s10_T2_ctrl,0,205,6.833333333333333,-0.6520101428031921,-0.5057778933462636
UBFC_PHYS_s10_T2_ctrl,0,206,6.866666666666666,-0.8019614815711975,-0.5734386687541548
UBFC_PHYS_s10_T2_ctrl,0,207,6.9,-0.7773842215538025,-0.6030241235378536
UBFC_PHYS_s10_T2_ctrl,0,208,6.933333333333334,-0.6361311078071594,-0.6129844921482436
UBFC_PHYS_s10_T2_ctrl,0,209,6.966666666666667,-0.38591229915618896,-0.6170296595047515
UBFC_PHYS_s10_T2_ctrl,0,210,7.0,0.04975634440779686,-0.6210458945443481
UBFC_PHYS_s10_T2_ctrl,0,211,7.033333333333333,0.6203088164329529,-0.6217232230925055
UBFC_PHYS_s10_T2_ctrl,0,212,7.066666666666666,1.087770938873291,-0.6074419297594907
UBFC_PHYS_s10_T2_ctrl,0,213,7.1,1.2817072868347168,-0.5625449553825803
UBFC_PHYS_s10_T2_ctrl,0,214,7.133333333333334,1.2457499504089355,-0.47398068115057185
UBFC_PHYS_s10_T2_ctrl,0,215,7.166666666666667,1.139765977859497,-0.337273901514003
UBFC_PHYS_s10_T2_ctrl,0,216,7.2,1.0481791496276855,-0.15973918508579638
UBFC_PHYS_s10_T2_ctrl,0,217,7.233333333333333,0.9227521419525146,0.03981000535917919
UBFC_PHYS_s10_T2_ctrl,0,218,7.266666666666667,0.710519552230835,0.23494081565863975
UBFC_PHYS_s10_T2_ctrl,0,219,7.3,0.4689636826515198,0.39845534915440023
UBFC_PHYS_s10_T2_ctrl,0,220,7.333333333333333,0.2662409543991089,0.5098722119235966
UBFC_PHYS_s10_T2_ctrl,0,221,7.366666666666666,0.05679606273770332,0.5598913810198991
UBFC_PHYS_s10_T2_ctrl,0,222,7.4,-0.24760563671588898,0.550806036512524
UBFC_PHYS_s10_T2_ctrl,0,223,7.433333333333334,-0.6272211670875549,0.49455606095569293
UBFC_PHYS_s10_T2_ctrl,0,224,7.466666666666667,-0.9133972525596619,0.409197772140982
UBFC_PHYS_s10_T2_ctrl,0,225,7.5,-0.9037815928459167,0.3134901899215358
UBFC_PHYS_s10_T2_ctrl,0,226,7.533333333333333,-0.5443853735923767,0.22129107811325469
UBFC_PHYS_s10_T2_ctrl,0,227,7.566666666666666,-0.013530555181205273,0.13915956835103838
UBFC_PHYS_s10_T2_ctrl,0,228,7.6,0.5106726884841919,0.06764931901001679
UBFC_PHYS_s10_T2_ctrl,0,229,7.633333333333334,0.950187623500824,0.0038155113744309287
UBFC_PHYS_s10_T2_ctrl,0,230,7.666666666666667,1.2104278802871704,-0.05653313387400888
UBFC_PHYS_s10_T2_ctrl,0,231,7.7,1.162084937095642,-0.11694685559571785
UBFC_PHYS_s10_T2_ctrl,0,232,7.733333333333333,0.8524078726768494,-0.17862219762003004
UBFC_PHYS_s10_T2_ctrl,0,233,7.766666666666667,0.5446715354919434,-0.2385400944153606
UBFC_PHYS_s10_T2_ctrl,0,234,7.8,0.413122296333313,-0.288480423386273
UBFC_PHYS_s10_T2_ctrl,0,235,7.833333333333333,0.4088878929615021,-0.3170461236758078
UBFC_PHYS_s10_T2_ctrl,0,236,7.866666666666666,0.49966323375701904,-0.3142258129327757
UBFC_PHYS_s10_T2_ctrl,0,237,7.9,0.6969870924949646,-0.27547435893793737
UBFC_PHYS_s10_T2_ctrl,0,238,7.933333333333334,0.8597651720046997,-0.20375196450140168
UBFC_PHYS_s10_T2_ctrl,0,239,7.966666666666667,0.7932494878768921,-0.1097302087365811
UBFC_PHYS_s10_T2_ctrl,0,240,8.0,0.5221585631370544,-0.010165861920549583
UBFC_PHYS_s10_T2_ctrl,0,241,8.033333333333333,0.2618124485015869,0.07578178922528919
UBFC_PHYS_s10_T2_ctrl,0,242,8.066666666666666,0.18843352794647217,0.1312269953150511
UBFC_PHYS_s10_T2_ctrl,0,243,8.1,0.3329330384731293,0.14505070681939097
UBFC_PHYS_s10_T2_ctrl,0,244,8.133333333333333,0.5998777747154236,0.11355897709873179
UBFC_PHYS_s10_T2_ctrl,0,245,8.166666666666666,0.9045794010162354,0.041225735782998235
UBFC_PHYS_s10_T2_ctrl,0,246,8.2,1.2621229887008667,-0.05938904970237001
UBFC_PHYS_s10_T2_ctrl,0,247,8.233333333333333,1.6290353536605835,-0.16935052493815123
UBFC_PHYS_s10_T2_ctrl,0,248,8.266666666666667,1.8076043128967285,-0.26643007937270846
UBFC_PHYS_s10_T2_ctrl,0,249,8.3,1.7207634449005127,-0.3282438050591113
UBFC_PHYS_s10_T2_ctrl,0,250,8.333333333333334,1.5495342016220093,-0.33530134662310174
UBFC_PHYS_s10_T2_ctrl,0,251,8.366666666666667,1.3866502046585083,-0.27489121605467565
UBFC_PHYS_s10_T2_ctrl,0,252,8.4,1.1016916036605835,-0.14518784058739553
UBFC_PHYS_s10_T2_ctrl,0,253,8.433333333333334,0.6395577788352966,0.04255764845034856
UBFC_PHYS_s10_T2_ctrl,0,254,8.466666666666667,0.10533307492733002,0.2648831394018303
UBFC_PHYS_s10_T2_ctrl,0,255,8.5,-0.46525469422340393,0.48991718832629083
UBFC_PHYS_s10_T2_ctrl,0,256,8.533333333333333,-1.13212251663208,0.683443062931857
UBFC_PHYS_s10_T2_ctrl,0,257,8.566666666666666,-1.9353562593460083,0.8160443066616014
UBFC_PHYS_s10_T2_ctrl,0,258,8.6,-2.735590696334839,0.869379848385764
UBFC_PHYS_s10_T2_ctrl,0,259,8.633333333333333,-2.9325616359710693,0.8391678554957764
UBFC_PHYS_s10_T2_ctrl,0,260,8.666666666666666,-1.975089192390442,0.7342385198144603
UBFC_PHYS_s10_T2_ctrl,0,261,8.7,-0.3779198229312897,0.5728710017878145
UBFC_PHYS_s10_T2_ctrl,0,262,8.733333333333333,0.6970929503440857,0.3778664649468106
UBFC_PHYS_s10_T2_ctrl,0,263,8.766666666666667,0.8521961569786072,0.17175334155340574
UBFC_PHYS_s10_T2_ctrl,0,264,8.8,0.5553987622261047,-0.026991825879187036
UBFC_PHYS_s10_T2_ctrl,0,265,8.833333333333334,0.17961181700229645,-0.20639463577256584
UBFC_PHYS_s10_T2_ctrl,0,266,8.866666666666667,-0.10901667177677155,-0.3617189237959449
UBFC_PHYS_s10_T2_ctrl,0,267,8.9,-0.183665931224823,-0.4940479371743679
UBFC_PHYS_s10_T2_ctrl,0,268,8.933333333333334,-0.14340367913246155,-0.6079163311871758
UBFC_PHYS_s10_T2_ctrl,0,269,8.966666666666667,-0.20107996463775635,-0.7105230226439582
UBFC_PHYS_s10_T2_ctrl,0,270,9.0,-0.332399845123291,-0.81122403001201
UBFC_PHYS_s10_T2_ctrl,0,271,9.033333333333333,-0.36452847719192505,-0.9166458105519472
UBFC_PHYS_s10_T2_ctrl,0,272,9.066666666666666,-0.3514370918273926,-1.0228307831191614
UBFC_PHYS_s10_T2_ctrl,0,273,9.1,-0.49648353457450867,-1.1116848221780262
UBFC_PHYS_s10_T2_ctrl,0,274,9.133333333333333,-0.7930338978767395,-1.1543460573212172
UBFC_PHYS_s10_T2_ctrl,0,275,9.166666666666666,-0.9609462022781372,-1.1187709423145529
UBFC_PHYS_s10_T2_ctrl,0,276,9.2,-0.7666393518447876,-0.9788271820349582
UBFC_PHYS_s10_T2_ctrl,0,277,9.233333333333333,-0.28721508383750916,-0.7227044260476356
UBFC_PHYS_s10_T2_ctrl,0,278,9.266666666666667,0.2168923318386078,-0.3585462880095153
UBFC_PHYS_s10_T2_ctrl,0,279,9.3,0.5907561182975769,0.08443046984551036
UBFC_PHYS_s10_T2_ctrl,0,280,9.333333333333334,0.8186560273170471,0.5597622040069865
UBFC_PHYS_s10_T2_ctrl,0,281,9.366666666666667,0.886071503162384,1.0115676229834634
UBFC_PHYS_s10_T2_ctrl,0,282,9.4,0.8100460171699524,1.3846461902412264
UBFC_PHYS_s10_T2_ctrl,0,283,9.433333333333334,0.6830487847328186,1.6345253878050543
UBFC_PHYS_s10_T2_ctrl,0,284,9.466666666666667,0.5735361576080322,1.734937942686303
UBFC_PHYS_s10_T2_ctrl,0,285,9.5,0.47213950753211975,1.6803695823216944
UBFC_PHYS_s10_T2_ctrl,0,286,9.533333333333333,0.36555567383766174,1.4838221002226233
UBFC_PHYS_s10_T2_ctrl,0,287,9.566666666666666,0.247733011841774,1.1722868762623408
UBFC_PHYS_s10_T2_ctrl,0,288,9.6,0.07278098911046982,0.7817114576445203
UBFC_PHYS_s10_T2_ctrl,0,289,9.633333333333333,-0.1996508538722992,0.35216784464103396
UBFC_PHYS_s10_T2_ctrl,0,290,9.666666666666666,-0.5468554496765137,-0.07640663911090888
UBFC_PHYS_s10_T2_ctrl,0,291,9.7,-0.8620725870132446,-0.4677664376986719
UBFC_PHYS_s10_T2_ctrl,0,292,9.733333333333333,-0.962145984172821,-0.792017773563842
UBFC_PHYS_s10_T2_ctrl,0,293,9.766666666666667,-0.7217192649841309,-1.027044578889849
UBFC_PHYS_s10_T2_ctrl,0,294,9.8,-0.2607323229312897,-1.1591684798765323
UBFC_PHYS_s10_T2_ctrl,0,295,9.833333333333334,0.18419910967350006,-1.1841210962021258
UBFC_PHYS_s10_T2_ctrl,0,296,9.866666666666667,0.49622276425361633,-1.1080459207035025
UBFC_PHYS_s10_T2_ctrl,0,297,9.9,0.6645938158035278,-0.9469438059527203
UBFC_PHYS_s10_T2_ctrl,0,298,9.933333333333334,0.6926468014717102,-0.7242021736603463
UBFC_PHYS_s10_T2_ctrl,0,299,9.966666666666667,0.6214203834533691,-0.4672144622157974
UBFC_PHYS_s10_T2_ctrl,1,0,10.0,0.5425366759300232,0.07382016629760171
UBFC_PHYS_s10_T2_ctrl,1,1,10.033333333333333,0.5142014026641846,0.3599617123833699
UBFC_PHYS_s10_T2_ctrl,1,2,10.066666666666666,0.5106550455093384,0.6027146773471892
UBFC_PHYS_s10_T2_ctrl,1,3,10.1,0.4924117922782898,0.767537448749039
UBFC_PHYS_s10_T2_ctrl,1,4,10.133333333333333,0.4114461839199066,0.8306424451617879
UBFC_PHYS_s10_T2_ctrl,1,5,10.166666666666666,0.1449425220489502,0.7828866591618309
UBFC_PHYS_s10_T2_ctrl,1,6,10.2,-0.39528095722198486,0.6309311297919941
UBFC_PHYS_s10_T2_ctrl,1,7,10.233333333333333,-0.9921221137046814,0.3967093772313937
UBFC_PHYS_s10_T2_ctrl,1,8,10.266666666666667,-1.197932481765747,0.11486815069560671
UBFC_PHYS_s10_T2_ctrl,1,9,10.3,-0.8611727356910706,-0.17339957358566566
UBFC_PHYS_s10_T2_ctrl,1,10,10.333333333333334,-0.2798224985599518,-0.4289124482640151
UBFC_PHYS_s10_T2_ctrl,1,11,10.366666666666667,0.23418287932872772,-0.6215473519455708
UBFC_PHYS_s10_T2_ctrl,1,12,10.4,0.5564573407173157,-0.7340466908802099
UBFC_PHYS_s10_T2_ctrl,1,13,10.433333333333334,0.6455389261245728,-0.763272848270031
UBFC_PHYS_s10_T2_ctrl,1,14,10.466666666666667,0.5214704871177673,-0.719443753602108
UBFC_PHYS_s10_T2_ctrl,1,15,10.5,0.30196884274482727,-0.6235047510185909
UBFC_PHYS_s10_T2_ctrl,1,16,10.533333333333333,0.10940870642662048,-0.5024377418346729
UBFC_PHYS_s10_T2_ctrl,1,17,10.566666666666666,-0.02611030451953411,-0.3821546080672495
UBFC_PHYS_s10_T2_ctrl,1,18,10.6,-0.14497393369674683,-0.27996321261855045
UBFC_PHYS_s10_T2_ctrl,1,19,10.633333333333333,-0.2988244593143463,-0.20062891996574847
UBFC_PHYS_s10_T2_ctrl,1,20,10.666666666666666,-0.5055698752403259,-0.13736178853383627
UBFC_PHYS_s10_T2_ctrl,1,21,10.7,-0.7450438737869263,-0.07611719055382297
UBFC_PHYS_s10_T2_ctrl,1,22,10.733333333333333,-0.9916104674339294,-0.0013458885281275104
UBFC_PHYS_s10_T2_ctrl,1,23,10.766666666666667,-1.2350894212722778,0.09852735037452456
UBFC_PHYS_s10_T2_ctrl,1,24,10.8,-1.4397000074386597,0.22716173936223932
UBFC_PHYS_s10_T2_ctrl,1,25,10.833333333333334,-1.512037992477417,0.3785644290838151
UBFC_PHYS_s10_T2_ctrl,1,26,10.866666666666667,-1.3555057048797607,0.5382648483932398
UBFC_PHYS_s10_T2_ctrl,1,27,10.9,-0.9803715944290161,0.6879905962458538
UBFC_PHYS_s10_T2_ctrl,1,28,10.933333333333334,-0.5296178460121155,0.8118064377525273
UBFC_PHYS_s10_T2_ctrl,1,29,10.966666666666667,-0.16843967139720917,0.8994864949416208
UBFC_PHYS_s10_T2_ctrl,1,30,11.0,0.0383763462305069,0.9457155200940255
UBFC_PHYS_s10_T2_ctrl,1,31,11.033333333333333,0.12055933475494385,0.9468450252876192
UBFC_PHYS_s10_T2_ctrl,1,32,11.066666666666666,0.15164701640605927,0.8975064124388266
UBFC_PHYS_s10_T2_ctrl,1,33,11.1,0.2060592919588089,0.7893798200021444
UBFC_PHYS_s10_T2_ctrl,1,34,11.133333333333333,0.32001805305480957,0.6127807542254078
UBFC_PHYS_s10_T2_ctrl,1,35,11.166666666666666,0.46596431732177734,0.3599507739033566
UBFC_PHYS_s10_T2_ctrl,1,36,11.2,0.610393226146698,0.029255223023304452
UBFC_PHYS_s10_T2_ctrl,1,37,11.233333333333333,0.7527931928634644,-0.3700914947755074
UBFC_PHYS_s10_T2_ctrl,1,38,11.266666666666667,0.842474639415741,-0.8139130388195654
UBFC_PHYS_s10_T2_ctrl,1,39,11.3,0.7664844393730164,-1.2613509546792052
UBFC_PHYS_s10_T2_ctrl,1,40,11.333333333333334,0.5358322262763977,-1.6569526925566234
UBFC_PHYS_s10_T2_ctrl,1,41,11.366666666666667,0.3376085162162781,-1.937276642734866
UBFC_PHYS_s10_T2_ctrl,1,42,11.4,0.32853981852531433,-2.0418373055521037
UBFC_PHYS_s10_T2_ctrl,1,43,11.433333333333334,0.4822138845920563,-1.9270974579107938
UBFC_PHYS_s10_T2_ctrl,1,44,11.466666666666667,0.6802964210510254,-1.5804944021788845
UBFC_PHYS_s10_T2_ctrl,1,45,11.5,0.8180385231971741,-1.0300775198784666
UBFC_PHYS_s10_T2_ctrl,1,46,11.533333333333333,0.8124808073043823,-0.3455029001231771
UBFC_PHYS_s10_T2_ctrl,1,47,11.566666666666666,0.6404399871826172,0.3727986777628685
UBFC_PHYS_s10_T2_ctrl,1,48,11.6,0.3571750521659851,1.0151455190253298
UBFC_PHYS_s10_T2_ctrl,1,49,11.633333333333333,0.0719693973660469,1.489236337334454
UBFC_PHYS_s10_T2_ctrl,1,50,11.666666666666666,-0.13699911534786224,1.7429383965423737
UBFC_PHYS_s10_T2_ctrl,1,51,11.7,-0.27602916955947876,1.7725760746799284
UBFC_PHYS_s10_T2_ctrl,1,52,11.733333333333333,-0.38120150566101074,1.614915197009848
UBFC_PHYS_s10_T2_ctrl,1,53,11.766666666666667,-0.4687657356262207,1.3301029540648588
UBFC_PHYS_s10_T2_ctrl,1,54,11.8,-0.5647105574607849,0.983057008695876
UBFC_PHYS_s10_T2_ctrl,1,55,11.833333333333334,-0.7081161737442017,0.6294225007558555
UBFC_PHYS_s10_T2_ctrl,1,56,11.866666666666667,-0.9169964790344238,0.3087331133116082
UBFC_PHYS_s10_T2_ctrl,1,57,11.9,-1.1541944742202759,0.04374106894061957
UBFC_PHYS_s10_T2_ctrl,1,58,11.933333333333334,-1.2856202125549316,-0.1563953736594113
UBFC_PHYS_s10_T2_ctrl,1,59,11.966666666666667,-1.1595227718353271,-0.2919025267516422
UBFC_PHYS_s10_T2_ctrl,1,60,12.0,-0.7846885919570923,-0.3688197954155583
UBFC_PHYS_s10_T2_ctrl,1,61,12.033333333333333,-0.3196966052055359,-0.3962464957563153
UBFC_PHYS_s10_T2_ctrl,1,62,12.066666666666666,0.09996948391199112,-0.38460690241719553
UBFC_PHYS_s10_T2_ctrl,1,63,12.1,0.38496342301368713,-0.34522974749148744
UBFC_PHYS_s10_T2_ctrl,1,64,12.133333333333333,0.46252384781837463,-0.2908099956774485
UBFC_PHYS_s10_T2_ctrl,1,65,12.166666666666666,0.3922148644924164,-0.23573940960085132
UBFC_PHYS_s10_T2_ctrl,1,66,12.2,0.3431485593318939,-0.1948656201965561
UBFC_PHYS_s10_T2_ctrl,1,67,12.233333333333333,0.36878442764282227,-0.17925504992460323
UBFC_PHYS_s10_T2_ctrl,1,68,12.266666666666667,0.3977019786834717,-0.1909582456800429
UBFC_PHYS_s10_T2_ctrl,1,69,12.3,0.4336062967777252,-0.22174322520954293
UBFC_PHYS_s10_T2_ctrl,1,70,12.333333333333334,0.5254225730895996,-0.2563397464596852
UBFC_PHYS_s10_T2_ctrl,1,71,12.366666666666667,0.618773877620697,-0.27620220515816607
UBFC_PHYS_s10_T2_ctrl,1,72,12.4,0.6185974478721619,-0.26313199455316405
UBFC_PHYS_s10_T2_ctrl,1,73,12.433333333333334,0.4995926320552826,-0.20546517242348403
UBFC_PHYS_s10_T2_ctrl,1,74,12.466666666666667,0.3081440329551697,-0.10536927397398879
UBFC_PHYS_s10_T2_ctrl,1,75,12.5,0.15217632055282593,0.018204240267169606
UBFC_PHYS_s10_T2_ctrl,1,76,12.533333333333333,0.155122771859169,0.13328039876875028
UBFC_PHYS_s10_T2_ctrl,1,77,12.566666666666666,0.31197264790534973,0.20399204694851494
UBFC_PHYS_s10_T2_ctrl,1,78,12.6,0.5116254687309265,0.20203616792083914
UBFC_PHYS_s10_T2_ctrl,1,79,12.633333333333333,0.6473032236099243,0.11625995675884354
UBFC_PHYS_s10_T2_ctrl,1,80,12.666666666666666,0.6542194485664368,-0.04272962634004285
UBFC_PHYS_s10_T2_ctrl,1,81,12.7,0.5079203248023987,-0.24440797655356009
UBFC_PHYS_s10_T2_ctrl,1,82,12.733333333333333,0.26218295097351074,-0.4455844647038291
UBFC_PHYS_s10_T2_ctrl,1,83,12.766666666666667,0.025761311873793602,-0.5997676781311749
UBFC_PHYS_s10_T2_ctrl,1,84,12.8,-0.13131794333457947,-0.6665060589510309
UBFC_PHYS_s10_T2_ctrl,1,85,12.833333333333334,-0.2235400229692459,-0.6199775327319221
UBFC_PHYS_s10_T2_ctrl,1,86,12.866666666666667,-0.3036057949066162,-0.45543900324609804
UBFC_PHYS_s10_T2_ctrl,1,87,12.9,-0.4076666235923767,-0.19152611495419805
UBFC_PHYS_s10_T2_ctrl,1,88,12.933333333333334,-0.5469260215759277,0.13257943468320432
UBFC_PHYS_s10_T2_ctrl,1,89,12.966666666666667,-0.755294680595398,0.4648618333561563
UBFC_PHYS_s10_T2_ctrl,1,90,13.0,-1.0731582641601562,0.7515113062646483
UBFC_PHYS_s10_T2_ctrl,1,91,13.033333333333333,-1.4289199113845825,0.948585301258017
UBFC_PHYS_s10_T2_ctrl,1,92,13.066666666666666,-1.6238971948623657,1.0305034224873444
UBFC_PHYS_s10_T2_ctrl,1,93,13.1,-1.5287816524505615,0.9912033565296797
UBFC_PHYS_s10_T2_ctrl,1,94,13.133333333333333,-1.1830061674118042,0.8393702397944927
UBFC_PHYS_s10_T2_ctrl,1,95,13.166666666666666,-0.7094394564628601,0.5942370003601252
UBFC_PHYS_s10_T2_ctrl,1,96,13.2,-0.206955224275589,0.28409117094070674
UBFC_PHYS_s10_T2_ctrl,1,97,13.233333333333333,0.26426488161087036,-0.05523010628873574
UBFC_PHYS_s10_T2_ctrl,1,98,13.266666666666667,0.638234555721283,-0.3833744550422247
UBFC_PHYS_s10_T2_ctrl,1,99,13.3,0.8548779487609863,-0.6598020807043544
UBFC_PHYS_s10_T2_ctrl,1,100,13.333333333333334,0.9391604661941528,-0.8487052427860037
UBFC_PHYS_s10_T2_ctrl,1,101,13.366666666666667,0.9759469628334045,-0.9234064925440553
UBFC_PHYS_s10_T2_ctrl,1,102,13.4,0.9857743382453918,-0.8698651748619024
UBFC_PHYS_s10_T2_ctrl,1,103,13.433333333333334,0.8811489343643188,-0.6895948377511276
UBFC_PHYS_s10_T2_ctrl,1,104,13.466666666666667,0.5645909309387207,-0.40146368071608507
UBFC_PHYS_s10_T2_ctrl,1,105,13.5,0.05028564855456352,-0.041052681008664625
UBFC_PHYS_s10_T2_ctrl,1,106,13.533333333333333,-0.5063285231590271,0.3431898629309965
UBFC_PHYS_s10_T2_ctrl,1,107,13.566666666666666,-0.9389095902442932,0.6969318564009387
UBFC_PHYS_s10_T2_ctrl,1,108,13.6,-1.2389886379241943,0.9687842260907137
UBFC_PHYS_s10_T2_ctrl,1,109,13.633333333333333,-1.486261010169983,1.1185615997140672
UBFC_PHYS_s10_T2_ctrl,1,110,13.666666666666666,-1.6461279392242432,1.1233499076022033
UBFC_PHYS_s10_T2_ctrl,1,111,13.7,-1.5692203044891357,0.9806944431865676
UBFC_PHYS_s10_T2_ctrl,1,112,13.733333333333333,-1.180042028427124,0.7087210628800862
UBFC_PHYS_s10_T2_ctrl,1,113,13.766666666666667,-0.5413330793380737,0.34342008110413225
UBFC_PHYS_s10_T2_ctrl,1,114,13.8,0.21775686740875244,-0.06639134481395184
UBFC_PHYS_s10_T2_ctrl,1,115,13.833333333333334,0.9657137989997864,-0.46567329669900526
UBFC_PHYS_s10_T2_ctrl,1,116,13.866666666666667,1.54471755027771,-0.8008786292794438
UBFC_PHYS_s10_T2_ctrl,1,117,13.9,1.8112211227416992,-1.0284777699043248
UBFC_PHYS_s10_T2_ctrl,1,118,13.933333333333334,1.7752639055252075,-1.1229021019353533
UBFC_PHYS_s10_T2_ctrl,1,119,13.966666666666667,1.5986887216567993,-1.0814914942902707
UBFC_PHYS_s10_T2_ctrl,1,120,14.0,1.3925960063934326,-0.9251381639005753
UBFC_PHYS_s10_T2_ctrl,1,121,14.033333333333333,1.1267099380493164,-0.6946210197680039
UBFC_PHYS_s10_T2_ctrl,1,122,14.066666666666666,0.7818695306777954,-0.44266800984503035
UBFC_PHYS_s10_T2_ctrl,1,123,14.1,0.41878584027290344,-0.22198853830520413
UBFC_PHYS_s10_T2_ctrl,1,124,14.133333333333333,0.09730532765388489,-0.07187863647836439
UBFC_PHYS_s10_T2_ctrl,1,125,14.166666666666666,-0.17025694251060486,-0.008085715104516462
UBFC_PHYS_s10_T2_ctrl,1,126,14.2,-0.39480456709861755,-0.019267300038230323
UBFC_PHYS_s10_T2_ctrl,1,127,14.233333333333333,-0.6054315567016602,-0.07142115750662896
UBFC_PHYS_s10_T2_ctrl,1,128,14.266666666666667,-0.8508866429328918,-0.11918246068309322
UBFC_PHYS_s10_T2_ctrl,1,129,14.3,-1.0953890085220337,-0.12054058997940792
UBFC_PHYS_s10_T2_ctrl,1,130,14.333333333333334,-1.185634970664978,-0.05037576023001705
UBFC_PHYS_s10_T2_ctrl,1,131,14.366666666666667,-1.0156230926513672,0.09215484555409036
UBFC_PHYS_s10_T2_ctrl,1,132,14.4,-0.6429944038391113,0.2847429573546404
UBFC_PHYS_s10_T2_ctrl,1,133,14.433333333333334,-0.21549463272094727,0.4909029933446592
UBFC_PHYS_s10_T2_ctrl,1,134,14.466666666666667,0.12842829525470734,0.6728882462245249
UBFC_PHYS_s10_T2_ctrl,1,135,14.5,0.3080558180809021,0.8022358528755297
UBFC_PHYS_s10_T2_ctrl,1,136,14.533333333333333,0.3769180476665497,0.8646736264148535
UBFC_PHYS_s10_T2_ctrl,1,137,14.566666666666666,0.4929763674736023,0.859722901209262
UBFC_PHYS_s10_T2_ctrl,1,138,14.6,0.677297055721283,0.7968561094189746
UBFC_PHYS_s10_T2_ctrl,1,139,14.633333333333333,0.7654435038566589,0.6910112404755042
UBFC_PHYS_s10_T2_ctrl,1,140,14.666666666666666,0.6364878416061401,0.5587932618158652
UBFC_PHYS_s10_T2_ctrl,1,141,14.7,0.36479702591896057,0.4150159016429352
UBFC_PHYS_s10_T2_ctrl,1,142,14.733333333333333,0.10425683110952377,0.26994609005766723
UBFC_PHYS_s10_T2_ctrl,1,143,14.766666666666667,-0.04982304200530052,0.12837342813389366
UBFC_PHYS_s10_T2_ctrl,1,144,14.8,-0.11464492231607437,-0.009154569289007732
UBFC_PHYS_s10_T2_ctrl,1,145,14.833333333333334,-0.20104467868804932,-0.14344884418862783
UBFC_PHYS_s10_T2_ctrl,1,146,14.866666666666667,-0.3965865671634674,-0.27311656538509504
UBFC_PHYS_s10_T2_ctrl,1,147,14.9,-0.6706239581108093,-0.39158022058975184
UBFC_PHYS_s10_T2_ctrl,1,148,14.933333333333334,-0.9033052325248718,-0.48636545472348924
UBFC_PHYS_s10_T2_ctrl,1,149,14.966666666666667,-0.9814478754997253,-0.5423747498614064
UBFC_PHYS_s10_T2_ctrl,1,150,15.0,-0.8439704179763794,-0.5484179817578662
UBFC_PHYS_s10_T2_ctrl,1,151,15.033333333333333,-0.5018118619918823,-0.5038992627062439
UBFC_PHYS_s10_T2_ctrl,1,152,15.066666666666666,-0.07376514375209808,-0.4226829130358731
UBFC_PHYS_s10_T2_ctrl,1,153,15.1,0.3013336956501007,-0.3319185445039511
UBFC_PHYS_s10_T2_ctrl,1,154,15.133333333333333,0.5553458333015442,-0.26556604760350505
UBFC_PHYS_s10_T2_ctrl,1,155,15.166666666666666,0.6836839318275452,-0.25445112988195573
UBFC_PHYS_s10_T2_ctrl,1,156,15.2,0.6828547120094299,-0.3158312912966626
UBFC_PHYS_s10_T2_ctrl,1,157,15.233333333333333,0.5757063031196594,-0.446111717364661
UBFC_PHYS_s10_T2_ctrl,1,158,15.266666666666667,0.44450992345809937,-0.6191970977283173
UBFC_PHYS_s10_T2_ctrl,1,159,15.3,0.3726836144924164,-0.7913648668650556
UBFC_PHYS_s10_T2_ctrl,1,160,15.333333333333334,0.3611624836921692,-0.9112936946623532
UBFC_PHYS_s10_T2_ctrl,1,161,15.366666666666667,0.3379790484905243,-0.9318546874909933
UBFC_PHYS_s10_T2_ctrl,1,162,15.4,0.2575604021549225,-0.8209274474745238
UBFC_PHYS_s10_T2_ctrl,1,163,15.433333333333334,0.14559532701969147,-0.5694902689759748
UBFC_PHYS_s10_T2_ctrl,1,164,15.466666666666667,0.033383265137672424,-0.19532525480864246
UBFC_PHYS_s10_T2_ctrl,1,165,15.5,-0.07065990567207336,0.2590781328543972
UBFC_PHYS_s10_T2_ctrl,1,166,15.533333333333333,-0.1505492478609085,0.7342567138902395
UBFC_PHYS_s10_T2_ctrl,1,167,15.566666666666666,-0.2255866676568985,1.1653580761966844
UBFC_PHYS_s10_T2_ctrl,1,168,15.6,-0.34547361731529236,1.4949632628779959
UBFC_PHYS_s10_T2_ctrl,1,169,15.633333333333333,-0.4764935374259949,1.684016222194462
UBFC_PHYS_s10_T2_ctrl,1,170,15.666666666666666,-0.4997475743293762,1.7180891769087894
UBFC_PHYS_s10_T2_ctrl,1,171,15.7,-0.3577534258365631,1.6069704924499786
UBFC_PHYS_s10_T2_ctrl,1,172,15.733333333333333,-0.10889317095279694,1.3783930531040367
UBFC_PHYS_s10_T2_ctrl,1,173,15.766666666666667,0.1499708890914917,1.0693232177823895
UBFC_PHYS_s10_T2_ctrl,1,174,15.8,0.3355795443058014,0.7176532886876673
UBFC_PHYS_s10_T2_ctrl,1,175,15.833333333333334,0.407564640045166,0.3560614056015921
UBFC_PHYS_s10_T2_ctrl,1,176,15.866666666666667,0.3770415484905243,0.008795287791482358
UBFC_PHYS_s10_T2_ctrl,1,177,15.9,0.28503116965293884,-0.3088321018983716
UBFC_PHYS_s10_T2_ctrl,1,178,15.933333333333334,0.17929424345493317,-0.588748714989745
UBFC_PHYS_s10_T2_ctrl,1,179,15.966666666666667,0.09977540373802185,-0.8268802131109126
UBFC_PHYS_s10_T2_ctrl,1,180,16.0,0.04525727778673172,-1.0195762649353761
UBFC_PHYS_s10_T2_ctrl,1,181,16.033333333333335,-0.015683051198720932,-1.1612786814013678
UBFC_PHYS_s10_T2_ctrl,1,182,16.066666666666666,-0.08147531747817993,-1.2439907155733523
UBFC_PHYS_s10_T2_ctrl,1,183,16.1,-0.12337840348482132,-1.2580404491949158
UBFC_PHYS_s10_T2_ctrl,1,184,16.133333333333333,-0.13826943933963776,-1.1941816315051181
UBFC_PHYS_s10_T2_ctrl,1,185,16.166666666666668,-0.1468794196844101,-1.047576861404194
UBFC_PHYS_s10_T2_ctrl,1,186,16.2,-0.16132937371730804,-0.8230577975457699
UBFC_PHYS_s10_T2_ctrl,1,187,16.233333333333334,-0.19573402404785156,-0.539894522545524
UBFC_PHYS_s10_T2_ctrl,1,188,16.266666666666666,-0.2904967665672302,-0.23313473500601026
UBFC_PHYS_s10_T2_ctrl,1,189,16.3,-0.47245320677757263,0.05188922660987101
UBFC_PHYS_s10_T2_ctrl,1,190,16.333333333333332,-0.680327832698822,0.271804238520158
UBFC_PHYS_s10_T2_ctrl,1,191,16.366666666666667,-0.7821126580238342,0.40039167958396715
UBFC_PHYS_s10_T2_ctrl,1,192,16.4,-0.6777166128158569,0.4399768480490606
UBFC_PHYS_s10_T2_ctrl,1,193,16.433333333333334,-0.39228156208992004,0.4207677442097272
UBFC_PHYS_s10_T2_ctrl,1,194,16.466666666666665,-0.0664784163236618,0.38748362017849475
UBFC_PHYS_s10_T2_ctrl,1,195,16.5,0.16170376539230347,0.38045107465714184
UBFC_PHYS_s10_T2_ctrl,1,196,16.533333333333335,0.256290078163147,0.4194034059747139
UBFC_PHYS_s10_T2_ctrl,1,197,16.566666666666666,0.2572427988052368,0.4975107939304143
UBFC_PHYS_s10_T2_ctrl,1,198,16.6,0.19414998590946198,0.5870669773721888
UBFC_PHYS_s10_T2_ctrl,1,199,16.633333333333333,0.11644842475652695,0.6519848148370766
UBFC_PHYS_s10_T2_ctrl,1,200,16.666666666666668,0.10409803688526154,0.6612041137039413
UBFC_PHYS_s10_T2_ctrl,1,201,16.7,0.18372273445129395,0.5973799866367011
UBFC_PHYS_s10_T2_ctrl,1,202,16.733333333333334,0.3135252892971039,0.45950663956025223
UBFC_PHYS_s10_T2_ctrl,1,203,16.766666666666666,0.46356481313705444,0.26242253714985825
UBFC_PHYS_s10_T2_ctrl,1,204,16.8,0.6373347043991089,0.03432798439935717
UBFC_PHYS_s10_T2_ctrl,1,205,16.833333333333332,0.8325943350791931,-0.1887179057069231
UBFC_PHYS_s10_T2_ctrl,1,206,16.866666666666667,1.0222079753875732,-0.3707888767526388
UBFC_PHYS_s10_T2_ctrl,1,207,16.9,1.1494345664978027,-0.4843809437425015
UBFC_PHYS_s10_T2_ctrl,1,208,16.933333333333334,1.1588385105133057,-0.5168522134718079
UBFC_PHYS_s10_T2_ctrl,1,209,16.966666666666665,1.063299536705017,-0.47321348985479406
UBFC_PHYS_s10_T2_ctrl,1,210,17.0,0.9585682153701782,-0.37413291774669877
UBFC_PHYS_s10_T2_ctrl,1,211,17.033333333333335,0.9430243968963623,-0.2489231319467211
UBFC_PHYS_s10_T2_ctrl,1,212,17.066666666666666,1.013509750366211,-0.12590252002618416
UBFC_PHYS_s10_T2_ctrl,1,213,17.1,1.0842245817184448,-0.02470798009946116
UBFC_PHYS_s10_T2_ctrl,1,214,17.133333333333333,1.0640228986740112,0.04666289794311981
UBFC_PHYS_s10_T2_ctrl,1,215,17.166666666666668,0.8975220322608948,0.0896434074647299
UBFC_PHYS_s10_T2_ctrl,1,216,17.2,0.5858336091041565,0.1094822881650125
UBFC_PHYS_s10_T2_ctrl,1,217,17.233333333333334,0.20770011842250824,0.1097246095970291
UBFC_PHYS_s10_T2_ctrl,1,218,17.266666666666666,-0.11607403308153152,0.08996457731627758
UBFC_PHYS_s10_T2_ctrl,1,219,17.3,-0.3256777226924896,0.04895605697157124
UBFC_PHYS_s10_T2_ctrl,1,220,17.333333333333332,-0.46825408935546875,-0.009084870181769206
UBFC_PHYS_s10_T2_ctrl,1,221,17.366666666666667,-0.6064901947975159,-0.07085225021014553
UBFC_PHYS_s10_T2_ctrl,1,222,17.4,-0.7373160123825073,-0.11551851137345928
UBFC_PHYS_s10_T2_ctrl,1,223,17.433333333333334,-0.8233629465103149,-0.12004225629409075
UBFC_PHYS_s10_T2_ctrl,1,224,17.466666666666665,-0.8582439422607422,-0.06661811799131864
UBFC_PHYS_s10_T2_ctrl,1,225,17.5,-0.8688476085662842,0.04920071333430769
UBFC_PHYS_s10_T2_ctrl,1,226,17.533333333333335,-0.8876731395721436,0.21230587175109342
UBFC_PHYS_s10_T2_ctrl,1,227,17.566666666666666,-0.930017352104187,0.38705417624318095
UBFC_PHYS_s10_T2_ctrl,1,228,17.6,-0.9912752509117126,0.5230266002669351
UBFC_PHYS_s10_T2_ctrl,1,229,17.633333333333333,-1.0497277975082397,0.5668486577140849
UBFC_PHYS_s10_T2_ctrl,1,230,17.666666666666668,-1.0375186204910278,0.4773883364805271
UBFC_PHYS_s10_T2_ctrl,1,231,17.7,-0.8754109740257263,0.23995125613727034
UBFC_PHYS_s10_T2_ctrl,1,232,17.733333333333334,-0.5886526703834534,-0.12488390297818909
UBFC_PHYS_s10_T2_ctrl,1,233,17.766666666666666,-0.29998889565467834,-0.5614018148898551
UBFC_PHYS_s10_T2_ctrl,1,234,17.8,-0.08256920427083969,-0.9888891940572864
UBFC_PHYS_s10_T2_ctrl,1,235,17.833333333333332,0.06484145671129227,-1.3199018362746513
UBFC_PHYS_s10_T2_ctrl,1,236,17.866666666666667,0.13560916483402252,-1.4817996669731972
UBFC_PHYS_s10_T2_ctrl,1,237,17.9,0.13058079779148102,-1.434422945292251
UBFC_PHYS_s10_T2_ctrl,1,238,17.933333333333334,0.10422154515981674,-1.1793923464636926
UBFC_PHYS_s10_T2_ctrl,1,239,17.966666666666665,0.11163177341222763,-0.7597507104659247
UBFC_PHYS_s10_T2_ctrl,1,240,18.0,0.14661864936351776,-0.24990628290748576
UBFC_PHYS_s10_T2_ctrl,1,241,18.033333333333335,0.16907870769500732,0.26288708869818755
UBFC_PHYS_s10_T2_ctrl,1,242,18.066666666666666,0.15002383291721344,0.7004296811825781
UBFC_PHYS_s10_T2_ctrl,1,243,18.1,0.06526490300893784,1.0106917975849397
UBFC_PHYS_s10_T2_ctrl,1,244,18.133333333333333,-0.07893466204404831,1.1754261743592
UBFC_PHYS_s10_T2_ctrl,1,245,18.166666666666668,-0.21824701130390167,1.2077330474551433
UBFC_PHYS_s10_T2_ctrl,1,246,18.2,-0.30900469422340393,1.1419259028630868
UBFC_PHYS_s10_T2_ctrl,1,247,18.233333333333334,-0.4005739688873291,1.0203128704839883
UBFC_PHYS_s10_T2_ctrl,1,248,18.266666666666666,-0.5457439422607422,0.8812386537642056
UBFC_PHYS_s10_T2_ctrl,1,249,18.3,-0.6731116771697998,0.7516979115543314
UBFC_PHYS_s10_T2_ctrl,1,250,18.333333333333332,-0.6589792966842651,0.6452856972431705
UBFC_PHYS_s10_T2_ctrl,1,251,18.366666666666667,-0.48125725984573364,0.5638060214858421
UBFC_PHYS_s10_T2_ctrl,1,252,18.4,-0.23183242976665497,0.5006922318734227
UBFC_PHYS_s10_T2_ctrl,1,253,18.433333333333334,-0.0053087277337908745,0.444731597416273
UBFC_PHYS_s10_T2_ctrl,1,254,18.466666666666665,0.16406798362731934,0.38318466384715444
UBFC_PHYS_s10_T2_ctrl,1,255,18.5,0.2670348882675171,0.30409287499808785
UBFC_PHYS_s10_T2_ctrl,1,256,18.533333333333335,0.29716983437538147,0.19757592535986718
UBFC_PHYS_s10_T2_ctrl,1,257,18.566666666666666,0.27647411823272705,0.05588908200775307
UBFC_PHYS_s10_T2_ctrl,1,258,18.6,0.23628243803977966,-0.1268211546234542
UBFC_PHYS_s10_T2_ctrl,1,259,18.633333333333333,0.2013837844133377,-0.35325259930336855
UBFC_PHYS_s10_T2_ctrl,1,260,18.666666666666668,0.189139261841774,-0.6200015959856826
UBFC_PHYS_s10_T2_ctrl,1,261,18.7,0.19489100575447083,-0.914515618746532
UBFC_PHYS_s10_T2_ctrl,1,262,18.733333333333334,0.18843352794647217,-1.2133037929840738
UBFC_PHYS_s10_T2_ctrl,1,263,18.766666666666666,0.13370367884635925,-1.4822623800821229
UBFC_PHYS_s10_T2_ctrl,1,264,18.8,0.015722213312983513,-1.679775169521926
UBFC_PHYS_s10_T2_ctrl,1,265,18.833333333333332,-0.1391163319349289,-1.7628473470596795
UBFC_PHYS_s10_T2_ctrl,1,266,18.866666666666667,-0.28585654497146606,-1.6954535246734272
UBFC_PHYS_s10_T2_ctrl,1,267,18.9,-0.41264206171035767,-1.4571955688339202
UBFC_PHYS_s10_T2_ctrl,1,268,18.933333333333334,-0.5540892481803894,-1.0506375098833327
UBFC_PHYS_s10_T2_ctrl,1,269,18.966666666666665,-0.7167791128158569,-0.5060706628499563
UBFC_PHYS_s10_T2_ctrl,1,270,19.0,-0.8037434816360474,0.11835132455494574
UBFC_PHYS_s10_T2_ctrl,1,271,19.033333333333335,-0.6839799880981445,0.7435612049776597
UBFC_PHYS_s10_T2_ctrl,1,272,19.066666666666666,-0.39251092076301575,1.2835689011993345
UBFC_PHYS_s10_T2_ctrl,1,273,19.1,-0.09267888218164444,1.663661716096538
UBFC_PHYS_s10_T2_ctrl,1,274,19.133333333333333,0.10806780308485031,1.837321639187485
UBFC_PHYS_s10_T2_ctrl,1,275,19.166666666666668,0.22072096168994904,1.7946492375339713
UBFC_PHYS_s10_T2_ctrl,1,276,19.2,0.276403546333313,1.560338525405778
UBFC_PHYS_s10_T2_ctrl,1,277,19.233333333333334,0.26724663376808167,1.1847497250594539
UBFC_PHYS_s10_T2_ctrl,1,278,19.266666666666666,0.18349337577819824,0.7318274401566317
UBFC_PHYS_s10_T2_ctrl,1,279,19.3,0.05340852960944176,0.2670199804588709
UBFC_PHYS_s10_T2_ctrl,1,280,19.333333333333332,-0.06713122874498367,-0.15285642685454065
UBFC_PHYS_s10_T2_ctrl,1,281,19.366666666666667,-0.148361474275589,-0.487141337261649
UBFC_PHYS_s10_T2_ctrl,1,282,19.4,-0.21801763772964478,-0.7150312537876687
UBFC_PHYS_s10_T2_ctrl,1,283,19.433333333333334,-0.3108925223350525,-0.8337722569021374
UBFC_PHYS_s10_T2_ctrl,1,284,19.466666666666665,-0.412994921207428,-0.8525648363299374
UBFC_PHYS_s10_T2_ctrl,1,285,19.5,-0.5023058652877808,-0.7860332910595397
UBFC_PHYS_s10_T2_ctrl,1,286,19.533333333333335,-0.5842065215110779,-0.6501823006098807
UBFC_PHYS_s10_T2_ctrl,1,287,19.566666666666666,-0.6695124506950378,-0.46220533524819546
UBFC_PHYS_s10_T2_ctrl,1,288,19.6,-0.7801895141601562,-0.24284609651327574
UBFC_PHYS_s10_T2_ctrl,1,289,19.633333333333333,-0.916079044342041,-0.017770116546630958
UBFC_PHYS_s10_T2_ctrl,1,290,19.666666666666668,-0.9717969298362732,0.18437472798377189
UBFC_PHYS_s10_T2_ctrl,1,291,19.7,-0.8114712834358215,0.33764032864639515
UBFC_PHYS_s10_T2_ctrl,1,292,19.733333333333334,-0.44448840618133545,0.42611070685413494
UBFC_PHYS_s10_T2_ctrl,1,293,19.766666666666666,-0.011766214855015278,0.4486931665112805
UBFC_PHYS_s10_T2_ctrl,1,294,19.8,0.3599274456501007,0.4188297181054496
UBFC_PHYS_s10_T2_ctrl,1,295,19.833333333333332,0.6058765053749084,0.3588473908301525
UBFC_PHYS_s10_T2_ctrl,1,296,19.866666666666667,0.7051912546157837,0.2912747380255434
UBFC_PHYS_s10_T2_ctrl,1,297,19.9,0.7028623223304749,0.2315767294110445
UBFC_PHYS_s10_T2_ctrl,1,298,19.933333333333334,0.675444483757019,0.18485094280221867
UBFC_PHYS_s10_T2_ctrl,1,299,19.966666666666665,0.6727979779243469,0.14664159667562102
UBFC_PHYS_s10_T2_ctrl,2,0,20.0,0.7299096584320068,-0.11422033483080289
UBFC_PHYS_s10_T2_ctrl,2,1,20.033333333333335,0.8758559226989746,-0.06608762858177154
UBFC_PHYS_s10_T2_ctrl,2,2,20.066666666666666,1.071009635925293,-0.015036926596059295
UBFC_PHYS_s10_T2_ctrl,2,3,20.1,1.2058582305908203,0.03718289515477751
UBFC_PHYS_s10_T2_ctrl,2,4,20.133333333333333,1.1757762432098389,0.08496405838542936
UBFC_PHYS_s10_T2_ctrl,2,5,20.166666666666668,0.9844158291816711,0.11977346301841701
UBFC_PHYS_s10_T2_ctrl,2,6,20.2,0.7501290440559387,0.13363405566084707
UBFC_PHYS_s10_T2_ctrl,2,7,20.233333333333334,0.5612210631370544,0.12318618116818743
UBFC_PHYS_s10_T2_ctrl,2,8,20.266666666666666,0.376600444316864,0.09213680576569835
UBFC_PHYS_s10_T2_ctrl,2,9,20.3,0.1294163316488266,0.05019803122739785
UBFC_PHYS_s10_T2_ctrl,2,10,20.333333333333332,-0.11723849922418594,0.009357363501725117
UBFC_PHYS_s10_T2_ctrl,2,11,20.366666666666667,-0.22099937498569489,-0.019167190163448446
UBFC_PHYS_s10_T2_ctrl,2,12,20.4,-0.13692854344844818,-0.026290973473343155
UBFC_PHYS_s10_T2_ctrl,2,13,20.433333333333334,0.03580040857195854,-0.006287409967109095
UBFC_PHYS_s10_T2_ctrl,2,14,20.466666666666665,0.18386387825012207,0.0418047385385633
UBFC_PHYS_s10_T2_ctrl,2,15,20.5,0.26915210485458374,0.11365344874715698
UBFC_PHYS_s10_T2_ctrl,2,16,20.533333333333335,0.28859513998031616,0.20046249136930883
UBFC_PHYS_s10_T2_ctrl,2,17,20.566666666666666,0.256325364112854,0.2909171878096165
UBFC_PHYS_s10_T2_ctrl,2,18,20.6,0.20563584566116333,0.3734175339639393
UBFC_PHYS_s10_T2_ctrl,2,19,20.633333333333333,0.16475607454776764,0.4373620433725367
UBFC_PHYS_s10_T2_ctrl,2,20,20.666666666666668,0.13506221771240234,0.47338568348276455
UBFC_PHYS_s10_T2_ctrl,2,21,20.7,0.10776786506175995,0.4735733064854324
UBFC_PHYS_s10_T2_ctrl,2,22,20.733333333333334,0.09109484404325485,0.432171453244171
UBFC_PHYS_s10_T2_ctrl,2,23,20.766666666666666,0.09638787060976028,0.3466507449310077
UBFC_PHYS_s10_T2_ctrl,2,24,20.8,0.09808163344860077,0.2188531905843331
UBFC_PHYS_s10_T2_ctrl,2,25,20.833333333333332,0.05196177214384079,0.05588050929651416
UBFC_PHYS_s10_T2_ctrl,2,26,20.866666666666667,-0.05008769407868385,-0.1298397546241016
UBFC_PHYS_s10_T2_ctrl,2,27,20.9,-0.18096648156642914,-0.32195491604678944
UBFC_PHYS_s10_T2_ctrl,2,28,20.933333333333334,-0.3263128697872162,-0.502791871911541
UBFC_PHYS_s10_T2_ctrl,2,29,20.966666666666665,-0.4942075312137604,-0.6560216622401484
UBFC_PHYS_s10_T2_ctrl,2,30,21.0,-0.6677128076553345,-0.7684845167380014
UBFC_PHYS_s10_T2_ctrl,2,31,21.033333333333335,-0.7677509188652039,-0.8306978424107273
UBFC_PHYS_s10_T2_ctrl,2,32,21.066666666666666,-0.7264300584793091,-0.8364020352435451
UBFC_PHYS_s10_T2_ctrl,2,33,21.1,-0.5731794238090515,-0.7822031092631834
UBFC_PHYS_s10_T2_ctrl,2,34,21.133333333333333,-0.39115238189697266,-0.6681220125139109
UBFC_PHYS_s10_T2_ctrl,2,35,21.166666666666668,-0.22662761807441711,-0.49936900146665186
UBFC_PHYS_s10_T2_ctrl,2,36,21.2,-0.09855413436889648,-0.2885388721807302
UBFC_PHYS_s10_T2_ctrl,2,37,21.233333333333334,-0.04742354154586792,-0.05646972892573543
UBFC_PHYS_s10_T2_ctrl,2,38,21.266666666666666,-0.11946157366037369,0.1695524568967029
UBFC_PHYS_s10_T2_ctrl,2,39,21.3,-0.2931785583496094,0.3607461589011862
UBFC_PHYS_s10_T2_ctrl,2,40,21.333333333333332,-0.4471701979637146,0.4935291928881682
UBFC_PHYS_s10_T2_ctrl,2,41,21.366666666666667,-0.4397776126861572,0.5548598230309502
UBFC_PHYS_s10_T2_ctrl,2,42,21.4,-0.24347707629203796,0.5446957468102955
UBFC_PHYS_s10_T2_ctrl,2,43,21.433333333333334,0.054378919303417206,0.475854573732917
UBFC_PHYS_s10_T2_ctrl,2,44,21.466666666666665,0.3472241759300232,0.371522939918229
UBFC_PHYS_s10_T2_ctrl,2,45,21.5,0.5046916007995605,0.26054660742773167
UBFC_PHYS_s10_T2_ctrl,2,46,21.533333333333335,0.3900623619556427,0.17139163996627568
UBFC_PHYS_s10_T2_ctrl,2,47,21.566666666666666,0.05467885360121727,0.1263547401778336
UBFC_PHYS_s10_T2_ctrl,2,48,21.6,-0.314827024936676,0.13704125220175548
UBFC_PHYS_s10_T2_ctrl,2,49,21.633333333333333,-0.6164939999580383,0.20151099945657824
UBFC_PHYS_s10_T2_ctrl,2,50,21.666666666666668,-0.8666422367095947,0.303484572168382
UBFC_PHYS_s10_T2_ctrl,2,51,21.7,-1.0687121152877808,0.41400834590281504
UBFC_PHYS_s10_T2_ctrl,2,52,21.733333333333334,-1.180112600326538,0.4965083716663263
UBFC_PHYS_s10_T2_ctrl,2,53,21.766666666666666,-1.1506304740905762,0.516313548558401
UBFC_PHYS_s10_T2_ctrl,2,54,21.8,-0.955653190612793,0.4518490473706663
UBFC_PHYS_s10_T2_ctrl,2,55,21.833333333333332,-0.6519219279289246,0.30127990183947523
UBFC_PHYS_s10_T2_ctrl,2,56,21.866666666666667,-0.3606822192668915,0.08211142692070553
UBFC_PHYS_s10_T2_ctrl,2,57,21.9,-0.14783217012882233,-0.1745230122399976
UBFC_PHYS_s10_T2_ctrl,2,58,21.933333333333334,0.012140601873397827,-0.4322205684738754
UBFC_PHYS_s10_T2_ctrl,2,59,21.966666666666665,0.14947688579559326,-0.657307963971792
UBFC_PHYS_s10_T2_ctrl,2,60,22.0,0.28159070014953613,-0.8243589188244009
UBFC_PHYS_s10_T2_ctrl,2,61,22.033333333333335,0.44038137793540955,-0.9183040793692423
UBFC_PHYS_s10_T2_ctrl,2,62,22.066666666666666,0.6165331602096558,-0.9337399474584512
UBFC_PHYS_s10_T2_ctrl,2,63,22.1,0.7597623467445374,-0.8732905154689502
UBFC_PHYS_s10_T2_ctrl,2,64,22.133333333333333,0.8375874161720276,-0.745902444358471
UBFC_PHYS_s10_T2_ctrl,2,65,22.166666666666668,0.8248311877250671,-0.5647884302260939
UBFC_PHYS_s10_T2_ctrl,2,66,22.2,0.6959284543991089,-0.3454292792847142
UBFC_PHYS_s10_T2_ctrl,2,67,22.233333333333334,0.4779089093208313,-0.10470727797022863
UBFC_PHYS_s10_T2_ctrl,2,68,22.266666666666666,0.22326160967350006,0.1388474378697161
UBFC_PHYS_s10_T2_ctrl,2,69,22.3,-0.08399832248687744,0.36477514061567345
UBFC_PHYS_s10_T2_ctrl,2,70,22.333333333333332,-0.4793694317340851,0.5518423671485126
UBFC_PHYS_s10_T2_ctrl,2,71,22.366666666666667,-0.8819566965103149,0.6820510226731114
UBFC_PHYS_s10_T2_ctrl,2,72,22.4,-1.1083039045333862,0.7456299651051541
UBFC_PHYS_s10_T2_ctrl,2,73,22.433333333333334,-1.0524625778198242,0.7422847254150619
UBFC_PHYS_s10_T2_ctrl,2,74,22.466666666666665,-0.7911990284919739,0.678662218958371
UBFC_PHYS_s10_T2_ctrl,2,75,22.5,-0.45096355676651,0.5666244232474706
UBFC_PHYS_s10_T2_ctrl,2,76,22.533333333333335,-0.001374248182401061,0.4231188771847447
UBFC_PHYS_s10_T2_ctrl,2,77,22.566666666666666,0.7090728282928467,0.26844861679237364
UBFC_PHYS_s10_T2_ctrl,2,78,22.6,1.6300939321517944,0.12244442987516457
UBFC_PHYS_s10_T2_ctrl,2,79,22.633333333333333,2.29634428024292,0.0009817605322987371
UBFC_PHYS_s10_T2_ctrl,2,80,22.666666666666668,2.247154474258423,-0.0859912839112097
UBFC_PHYS_s10_T2_ctrl,2,81,22.7,1.630146861076355,-0.13524957440357172
UBFC_PHYS_s10_T2_ctrl,2,82,22.733333333333334,0.9973660707473755,-0.15004894186342
UBFC_PHYS_s10_T2_ctrl,2,83,22.766666666666666,0.6242256760597229,-0.13871126181551277
UBFC_PHYS_s10_T2_ctrl,2,84,22.8,0.40899375081062317,-0.11254983456635503
UBFC_PHYS_s10_T2_ctrl,2,85,22.833333333333332,0.23386529088020325,-0.08419738899007488
UBFC_PHYS_s10_T2_ctrl,2,86,22.866666666666667,0.04344000667333603,-0.06623342001634566
UBFC_PHYS_s10_T2_ctrl,2,87,22.9,-0.1959986686706543,-0.06895197289062432
UBFC_PHYS_s10_T2_ctrl,2,88,22.933333333333334,-0.45625656843185425,-0.09756033753254764
UBFC_PHYS_s10_T2_ctrl,2,89,22.966666666666665,-0.6778401136398315,-0.15055623198973717
UBFC_PHYS_s10_T2_ctrl,2,90,23.0,-0.8521746397018433,-0.22018179385653044
UBFC_PHYS_s10_T2_ctrl,2,91,23.033333333333335,-1.0184460878372192,-0.29478359413729505
UBFC_PHYS_s10_T2_ctrl,2,92,23.066666666666666,-1.1570173501968384,-0.3620011852497808
UBFC_PHYS_s10_T2_ctrl,2,93,23.1,-1.1840471029281616,-0.4110397623599816
UBFC_PHYS_s10_T2_ctrl,2,94,23.133333333333333,-1.1523771286010742,-0.4334160260407783
UBFC_PHYS_s10_T2_ctrl,2,95,23.166666666666668,-1.2061012983322144,-0.4227958017950131
UBFC_PHYS_s10_T2_ctrl,2,96,23.2,-1.2014082670211792,-0.3747801227320358
UBFC_PHYS_s10_T2_ctrl,2,97,23.233333333333334,-0.8610139489173889,-0.2874703278763645
UBFC_PHYS_s10_T2_ctrl,2,98,23.266666666666666,-0.34383276104927063,-0.16295614125980026
UBFC_PHYS_s10_T2_ctrl,2,99,23.3,0.0032836112659424543,-0.009111870971702398
UBFC_PHYS_s10_T2_ctrl,2,100,23.333333333333332,0.2689756751060486,0.15939687148168952
UBFC_PHYS_s10_T2_ctrl,2,101,23.366666666666667,0.6530726552009583,0.3222116353656161
UBFC_PHYS_s10_T2_ctrl,2,102,23.4,1.077608346939087,0.4567906404361828
UBFC_PHYS_s10_T2_ctrl,2,103,23.433333333333334,1.4382572174072266,0.5434817555824379
UBFC_PHYS_s10_T2_ctrl,2,104,23.466666666666665,1.747916579246521,0.570457091120915
UBFC_PHYS_s10_T2_ctrl,2,105,23.5,1.9330135583877563,0.5362708774036595
UBFC_PHYS_s10_T2_ctrl,2,106,23.533333333333335,1.8539358377456665,0.4495045561473865
UBFC_PHYS_s10_T2_ctrl,2,107,23.566666666666666,1.5204402208328247,0.32671701205370046
UBFC_PHYS_s10_T2_ctrl,2,108,23.6,0.9761940240859985,0.18936869606977697
UBFC_PHYS_s10_T2_ctrl,2,109,23.633333333333333,0.25965994596481323,0.05971693413915429
UBFC_PHYS_s10_T2_ctrl,2,110,23.666666666666668,-0.5035408735275269,-0.04360533160147226
UBFC_PHYS_s10_T2_ctrl,2,111,23.7,-1.1977031230926514,-0.108939310643463
UBFC_PHYS_s10_T2_ctrl,2,112,23.733333333333334,-1.7570520639419556,-0.1332029963836696
UBFC_PHYS_s10_T2_ctrl,2,113,23.766666666666666,-2.009317398071289,-0.12184857081599741
UBFC_PHYS_s10_T2_ctrl,2,114,23.8,-1.850226879119873,-0.08713137037335625
UBFC_PHYS_s10_T2_ctrl,2,115,23.833333333333332,-1.473046064376831,-0.04452319982813334
UBFC_PHYS_s10_T2_ctrl,2,116,23.866666666666667,-1.0878905057907104,-0.008466457213190597
UBFC_PHYS_s10_T2_ctrl,2,117,23.9,-0.7319700717926025,0.010189717834735506
UBFC_PHYS_s10_T2_ctrl,2,118,23.933333333333334,-0.4130478501319885,0.004661908653038003
UBFC_PHYS_s10_T2_ctrl,2,119,23.966666666666665,-0.15240180492401123,-0.027847701211403477
UBFC_PHYS_s10_T2_ctrl,2,120,24.0,0.10162796080112457,-0.08596412257293372
UBFC_PHYS_s10_T2_ctrl,2,121,24.033333333333335,0.40991121530532837,-0.16384314134954062
UBFC_PHYS_s10_T2_ctrl,2,122,24.066666666666666,0.7230993509292603,-0.2512630682929421
UBFC_PHYS_s10_T2_ctrl,2,123,24.1,0.9187647104263306,-0.3347917550378101
UBFC_PHYS_s10_T2_ctrl,2,124,24.133333333333333,0.9168062806129456,-0.3999619758984312
UBFC_PHYS_s10_T2_ctrl,2,125,24.166666666666668,0.7530225515365601,-0.4336066533987187
UBFC_PHYS_s10_T2_ctrl,2,126,24.2,0.5413722395896912,-0.4259525158801072
UBFC_PHYS_s10_T2_ctrl,2,127,24.233333333333334,0.34911203384399414,-0.3725433150393609
UBFC_PHYS_s10_T2_ctrl,2,128,24.266666666666666,0.13042199611663818,-0.27572554802032595
UBFC_PHYS_s10_T2_ctrl,2,129,24.3,-0.17779067158699036,-0.1450876308957059
UBFC_PHYS_s10_T2_ctrl,2,130,24.333333333333332,-0.5023058652877808,0.003592014432928315
UBFC_PHYS_s10_T2_ctrl,2,131,24.366666666666667,-0.6525394916534424,0.15104611489119146
UBFC_PHYS_s10_T2_ctrl,2,132,24.4,-0.4754173159599304,0.27846929975274437
UBFC_PHYS_s10_T2_ctrl,2,133,24.433333333333334,-0.0007214421639218926,0.37176473694270307
UBFC_PHYS_s10_T2_ctrl,2,134,24.466666666666665,0.515859842300415,0.42464215840313313
UBFC_PHYS_s10_T2_ctrl,2,135,24.5,0.7756943106651306,0.4389041178311867
UBFC_PHYS_s10_T2_ctrl,2,136,24.533333333333335,0.7168888449668884,0.422093609318567
UBFC_PHYS_s10_T2_ctrl,2,137,24.566666666666666,0.5325857996940613,0.3844464099072775
UBFC_PHYS_s10_T2_ctrl,2,138,24.6,0.38078194856643677,0.3362905506603145
UBFC_PHYS_s10_T2_ctrl,2,139,24.633333333333333,0.33302125334739685,0.2860110001304629
UBFC_PHYS_s10_T2_ctrl,2,140,24.666666666666668,0.4003308415412903,0.23873121806626363
UBFC_PHYS_s10_T2_ctrl,2,141,24.7,0.4813493490219116,0.19594543600405584
UBFC_PHYS_s10_T2_ctrl,2,142,24.733333333333334,0.4143044054508209,0.15607730292401023
UBFC_PHYS_s10_T2_ctrl,2,143,24.766666666666666,0.16410326957702637,0.11570335803226886
UBFC_PHYS_s10_T2_ctrl,2,144,24.8,-0.10712882876396179,0.07104323379101557
UBFC_PHYS_s10_T2_ctrl,2,145,24.833333333333332,-0.2526516616344452,0.019249510881704776
UBFC_PHYS_s10_T2_ctrl,2,146,24.866666666666667,-0.2898615896701813,-0.04079024886010665
UBFC_PHYS_s10_T2_ctrl,2,147,24.9,-0.3092164099216461,-0.1082162524160827
UBFC_PHYS_s10_T2_ctrl,2,148,24.933333333333334,-0.3803722858428955,-0.18020486030529137
UBFC_PHYS_s10_T2_ctrl,2,149,24.966666666666665,-0.507051944732666,-0.2516249551615333
UBFC_PHYS_s10_T2_ctrl,2,150,25.0,-0.5684686303138733,-0.3149019263537961
UBFC_PHYS_s10_T2_ctrl,2,151,25.033333333333335,-0.46049097180366516,-0.3616399594833008
UBFC_PHYS_s10_T2_ctrl,2,152,25.066666666666666,-0.32229018211364746,-0.3855410630080062
UBFC_PHYS_s10_T2_ctrl,2,153,25.1,-0.2575565278530121,-0.3842204986764061
UBFC_PHYS_s10_T2_ctrl,2,154,25.133333333333333,-0.12685415148735046,-0.3589768176346854
UBFC_PHYS_s10_T2_ctrl,2,155,25.166666666666668,0.10789137333631516,-0.31325649019453033
UBFC_PHYS_s10_T2_ctrl,2,156,25.2,0.2218324989080429,-0.25084913182119845
UBFC_PHYS_s10_T2_ctrl,2,157,25.233333333333334,0.11523102968931198,-0.17488252398202592
UBFC_PHYS_s10_T2_ctrl,2,158,25.266666666666666,-0.040736690163612366,-0.08828242410095494
UBFC_PHYS_s10_T2_ctrl,2,159,25.3,-0.1338585913181305,0.004214153521355451
UBFC_PHYS_s10_T2_ctrl,2,160,25.333333333333332,-0.1972513496875763,0.09374321954430861
UBFC_PHYS_s10_T2_ctrl,2,161,25.366666666666667,-0.21842344105243683,0.1669850637034989
UBFC_PHYS_s10_T2_ctrl,2,162,25.4,-0.18393057584762573,0.20920302395200893
UBFC_PHYS_s10_T2_ctrl,2,163,25.433333333333334,-0.17756131291389465,0.2106880873266977
UBFC_PHYS_s10_T2_ctrl,2,164,25.466666666666665,-0.25933849811553955,0.17338607590781535
UBFC_PHYS_s10_T2_ctrl,2,165,25.5,-0.3673337996006012,0.11196152044667546
UBFC_PHYS_s10_T2_ctrl,2,166,25.533333333333335,-0.4417889714241028,0.04862497159515679
UBFC_PHYS_s10_T2_ctrl,2,167,25.566666666666666,-0.48436251282691956,0.006283676600283936
UBFC_PHYS_s10_T2_ctrl,2,168,25.6,-0.43910717964172363,0.0030592748393655674
UBFC_PHYS_s10_T2_ctrl,2,169,25.633333333333333,-0.23310275375843048,0.049028747196321665
UBFC_PHYS_s10_T2_ctrl,2,170,25.666666666666668,0.08663106709718704,0.14463516797059214
UBFC_PHYS_s10_T2_ctrl,2,171,25.7,0.3839048147201538,0.2791489055623669
UBFC_PHYS_s10_T2_ctrl,2,172,25.733333333333334,0.5659142136573792,0.42983468884810483
UBFC_PHYS_s10_T2_ctrl,2,173,25.766666666666666,0.6319005489349365,0.5646210413955358
UBFC_PHYS_s10_T2_ctrl,2,174,25.8,0.6334179043769836,0.6487213654784129
UBFC_PHYS_s10_T2_ctrl,2,175,25.833333333333332,0.6128456592559814,0.6530416541187785
UBFC_PHYS_s10_T2_ctrl,2,176,25.866666666666667,0.6254077553749084,0.5616411715261039
UBFC_PHYS_s10_T2_ctrl,2,177,25.9,0.7381668090820312,0.3754415032735127
UBFC_PHYS_s10_T2_ctrl,2,178,25.933333333333334,0.9114250540733337,0.11134159673313761
UBFC_PHYS_s10_T2_ctrl,2,179,25.966666666666665,1.0015828609466553,-0.20204132973757966
UBFC_PHYS_s10_T2_ctrl,2,180,26.0,0.9450710415840149,-0.5300388104446306
UBFC_PHYS_s10_T2_ctrl,2,181,26.033333333333335,0.7782173156738281,-0.8367359526839215
UBFC_PHYS_s10_T2_ctrl,2,182,26.066666666666666,0.49952206015586853,-1.0881848193663304
UBFC_PHYS_s10_T2_ctrl,2,183,26.1,0.10962042212486267,-1.2548619969784829
UBFC_PHYS_s10_T2_ctrl,2,184,26.133333333333333,-0.2691129446029663,-1.314111232861521
UBFC_PHYS_s10_T2_ctrl,2,185,26.166666666666668,-0.48342740535736084,-1.2528811163142999
UBFC_PHYS_s10_T2_ctrl,2,186,26.2,-0.48388615250587463,-1.0703448318025621
UBFC_PHYS_s10_T2_ctrl,2,187,26.233333333333334,-0.2959485650062561,-0.7792859481237823
UBFC_PHYS_s10_T2_ctrl,2,188,26.266666666666666,0.013252136297523975,-0.40595272823809
UBFC_PHYS_s10_T2_ctrl,2,189,26.3,0.29360586404800415,0.011075132131658704
UBFC_PHYS_s10_T2_ctrl,2,190,26.333333333333332,0.43685269355773926,0.42384991630580077
UBFC_PHYS_s10_T2_ctrl,2,191,26.366666666666667,0.47956737875938416,0.7817703406361003
UBFC_PHYS_s10_T2_ctrl,2,192,26.4,0.46938714385032654,1.0412380734597322
UBFC_PHYS_s10_T2_ctrl,2,193,26.433333333333334,0.3894801437854767,1.1746794774320377
UBFC_PHYS_s10_T2_ctrl,2,194,26.466666666666665,0.2788206934928894,1.1760074595319492
UBFC_PHYS_s10_T2_ctrl,2,195,26.5,0.21436932682991028,1.0607855094213259
UBFC_PHYS_s10_T2_ctrl,2,196,26.533333333333335,0.1669967770576477,0.8613115883539447
UBFC_PHYS_s10_T2_ctrl,2,197,26.566666666666666,0.07392781227827072,0.61871892146891
UBFC_PHYS_s10_T2_ctrl,2,198,26.6,-0.03768438100814819,0.3743366850525811
UBFC_PHYS_s10_T2_ctrl,2,199,26.633333333333333,-0.11875583231449127,0.16234270153263797
UBFC_PHYS_s10_T2_ctrl,2,200,26.666666666666668,-0.1770496517419815,0.005113040459952246
UBFC_PHYS_s10_T2_ctrl,2,201,26.7,-0.2522105574607849,-0.08807348887197154
UBFC_PHYS_s10_T2_ctrl,2,202,26.733333333333334,-0.36052343249320984,-0.11973217578281796
UBFC_PHYS_s10_T2_ctrl,2,203,26.766666666666666,-0.4631727933883667,-0.1021474111132409
UBFC_PHYS_s10_T2_ctrl,2,204,26.8,-0.4753643870353699,-0.055140673376880195
UBFC_PHYS_s10_T2_ctrl,2,205,26.833333333333332,-0.35083720088005066,-0.002720535828081523
UBFC_PHYS_s10_T2_ctrl,2,206,26.866666666666667,-0.1403690129518509,0.03142825237183704
UBFC_PHYS_s10_T2_ctrl,2,207,26.9,0.04980927333235741,0.028620610311816216
UBFC_PHYS_s10_T2_ctrl,2,208,26.933333333333334,0.15235275030136108,-0.021050268530365235
UBFC_PHYS_s10_T2_ctrl,2,209,26.966666666666665,0.15506984293460846,-0.11682778936422512
UBFC_PHYS_s10_T2_ctrl,2,210,27.0,0.07754471153020859,-0.24780533996687468
UBFC_PHYS_s10_T2_ctrl,2,211,27.033333333333335,-0.020623205229640007,-0.395770761225875
UBFC_PHYS_s10_T2_ctrl,2,212,27.066666666666666,-0.07028939574956894,-0.5393684254512744
UBFC_PHYS_s10_T2_ctrl,2,213,27.1,-0.06954837590456009,-0.6578135824186487
UBFC_PHYS_s10_T2_ctrl,2,214,27.133333333333333,-0.06954837590456009,-0.7333851330012554
UBFC_PHYS_s10_T2_ctrl,2,215,27.166666666666668,-0.09641928225755692,-0.7529964592455209
UBFC_PHYS_s10_T2_ctrl,2,216,27.2,-0.12660714983940125,-0.7094370663657834
UBFC_PHYS_s10_T2_ctrl,2,217,27.233333333333334,-0.13793422281742096,-0.6029102299832626
UBFC_PHYS_s10_T2_ctrl,2,218,27.266666666666666,-0.1581888496875763,-0.44220162982925776
UBFC_PHYS_s10_T2_ctrl,2,219,27.3,-0.2149476855993271,-0.24367294527990013
UBFC_PHYS_s10_T2_ctrl,2,220,27.333333333333332,-0.2479761391878128,-0.028025200130936602
UBFC_PHYS_s10_T2_ctrl,2,221,27.366666666666667,-0.1620880365371704,0.18340849575428889
UBFC_PHYS_s10_T2_ctrl,2,222,27.4,0.046474672853946686,0.3718389635823836
UBFC_PHYS_s10_T2_ctrl,2,223,27.433333333333334,0.29358822107315063,0.5235776593879374
UBFC_PHYS_s10_T2_ctrl,2,224,27.466666666666665,0.5061559677124023,0.6314366898640591
UBFC_PHYS_s10_T2_ctrl,2,225,27.5,0.6391343474388123,0.6940475995195761
UBFC_PHYS_s10_T2_ctrl,2,226,27.533333333333335,0.6534608006477356,0.713786667761846
UBFC_PHYS_s10_T2_ctrl,2,227,27.566666666666666,0.5730597972869873,0.6954230982742652
UBFC_PHYS_s10_T2_ctrl,2,228,27.6,0.4676404297351837,0.6456252316349447
UBFC_PHYS_s10_T2_ctrl,2,229,27.633333333333333,0.379070520401001,0.5715052996886958
UBFC_PHYS_s10_T2_ctrl,2,230,27.666666666666668,0.3084086775779724,0.47853375285372557
UBFC_PHYS_s10_T2_ctrl,2,231,27.7,0.26015397906303406,0.37026511913673565
UBFC_PHYS_s10_T2_ctrl,2,232,27.733333333333334,0.24173425137996674,0.24997809919995911
UBFC_PHYS_s10_T2_ctrl,2,233,27.766666666666666,0.2214796245098114,0.12196598898152872
UBFC_PHYS_s10_T2_ctrl,2,234,27.8,0.14910636842250824,-0.008366591061822902
UBFC_PHYS_s10_T2_ctrl,2,235,27.833333333333332,0.011911236681044102,-0.13481772385098442
UBFC_PHYS_s10_T2_ctrl,2,236,27.866666666666667,-0.17491479218006134,-0.2507344921805275
UBFC_PHYS_s10_T2_ctrl,2,237,27.9,-0.37162113189697266,-0.3495334458279693
UBFC_PHYS_s10_T2_ctrl,2,238,27.933333333333334,-0.4803045392036438,-0.42543285342436893
UBFC_PHYS_s10_T2_ctrl,2,239,27.966666666666665,-0.40865465998649597,-0.4742952982219065
UBFC_PHYS_s10_T2_ctrl,2,240,28.0,-0.19689849019050598,-0.49448599071541
UBFC_PHYS_s10_T2_ctrl,2,241,28.033333333333335,0.006953439675271511,-0.48764918604961394
UBFC_PHYS_s10_T2_ctrl,2,242,28.066666666666666,0.11927136778831482,-0.45896968183773457
UBFC_PHYS_s10_T2_ctrl,2,243,28.1,0.14121976494789124,-0.4162529767336056
UBFC_PHYS_s10_T2_ctrl,2,244,28.133333333333333,0.07590387016534805,-0.36776919430738647
UBFC_PHYS_s10_T2_ctrl,2,245,28.166666666666668,-0.049576036632061005,-0.31947964217523056
UBFC_PHYS_s10_T2_ctrl,2,246,28.2,-0.17297402024269104,-0.27265307525053284
UBFC_PHYS_s10_T2_ctrl,2,247,28.233333333333334,-0.28410983085632324,-0.22307413913172947
UBFC_PHYS_s10_T2_ctrl,2,248,28.266666666666666,-0.4178115725517273,-0.16245853590543802
UBFC_PHYS_s10_T2_ctrl,2,249,28.3,-0.5306234955787659,-0.08193958470172105
UBFC_PHYS_s10_T2_ctrl,2,250,28.333333333333332,-0.556647539138794,0.02339310968084623
UBFC_PHYS_s10_T2_ctrl,2,251,28.366666666666667,-0.5507017374038696,0.15064747378660143
UBFC_PHYS_s10_T2_ctrl,2,252,28.4,-0.6175349354743958,0.2876241348969593
UBFC_PHYS_s10_T2_ctrl,2,253,28.433333333333334,-0.7411975860595703,0.4148613505106672
UBFC_PHYS_s10_T2_ctrl,2,254,28.466666666666665,-0.8037258386611938,0.5108298163970836
UBFC_PHYS_s10_T2_ctrl,2,255,28.5,-0.7280532717704773,0.5583042967968093
UBFC_PHYS_s10_T2_ctrl,2,256,28.533333333333335,-0.5248541235923767,0.5497910717071088
UBFC_PHYS_s10_T2_ctrl,2,257,28.566666666666666,-0.27599388360977173,0.49012411992148874
UBFC_PHYS_s10_T2_ctrl,2,258,28.6,-0.08002855628728867,0.39534540210882463
UBFC_PHYS_s10_T2_ctrl,2,259,28.633333333333333,0.004871517885476351,0.2881469040566379
UBFC_PHYS_s10_T2_ctrl,2,260,28.666666666666668,-0.0002627135836519301,0.19126617696482642
UBFC_PHYS_s10_T2_ctrl,2,261,28.7,-0.04943488910794258,0.12110772740293449
UBFC_PHYS_s10_T2_ctrl,2,262,28.733333333333334,-0.11743257939815521,0.08346591548429641
UBFC_PHYS_s10_T2_ctrl,2,263,28.766666666666666,-0.17149198055267334,0.07252650699327166
UBFC_PHYS_s10_T2_ctrl,2,264,28.8,-0.1865241527557373,0.07315190725826057
UBFC_PHYS_s10_T2_ctrl,2,265,28.833333333333332,-0.19478127360343933,0.06533115486637943
UBFC_PHYS_s10_T2_ctrl,2,266,28.866666666666667,-0.22784501314163208,0.029338563197091973
UBFC_PHYS_s10_T2_ctrl,2,267,28.9,-0.27359437942504883,-0.049929278431072005
UBFC_PHYS_s10_T2_ctrl,2,268,28.933333333333334,-0.3283948004245758,-0.17968436714658095
UBFC_PHYS_s10_T2_ctrl,2,269,28.966666666666665,-0.41317135095596313,-0.35613894818382685
UBFC_PHYS_s10_T2_ctrl,2,270,29.0,-0.5158030390739441,-0.5625193470336962
UBFC_PHYS_s10_T2_ctrl,2,271,29.033333333333335,-0.5729677081108093,-0.7708712212545725
UBFC_PHYS_s10_T2_ctrl,2,272,29.066666666666666,-0.5188377499580383,-0.9475237000393788
UBFC_PHYS_s10_T2_ctrl,2,273,29.1,-0.3346758484840393,-1.0592447896734731
UBFC_PHYS_s10_T2_ctrl,2,274,29.133333333333333,-0.07792899012565613,-1.0786501348782567
UBFC_PHYS_s10_T2_ctrl,2,275,29.166666666666668,0.16214483976364136,-0.989143408497699
UBFC_PHYS_s10_T2_ctrl,2,276,29.2,0.33531489968299866,-0.7889580332411572
UBFC_PHYS_s10_T2_ctrl,2,277,29.233333333333334,0.44085773825645447,-0.4930687157501083
UBFC_PHYS_s10_T2_ctrl,2,278,29.266666666666666,0.48353713750839233,-0.1322791064648031
UBFC_PHYS_s10_T2_ctrl,2,279,29.3,0.4697047173976898,0.2505408574371233
UBFC_PHYS_s10_T2_ctrl,2,280,29.333333333333332,0.4305892884731293,0.6072174810268068
UBFC_PHYS_s10_T2_ctrl,2,281,29.366666666666667,0.4112168252468109,0.8940883878614754
UBFC_PHYS_s10_T2_ctrl,2,282,29.4,0.437787801027298,1.0818311109357446
UBFC_PHYS_s10_T2_ctrl,2,283,29.433333333333334,0.4916354715824127,1.1597103421811634
UBFC_PHYS_s10_T2_ctrl,2,284,29.466666666666665,0.5277867913246155,1.1334061498060375
UBFC_PHYS_s10_T2_ctrl,2,285,29.5,0.5435953140258789,1.0204259223924006
UBFC_PHYS_s10_T2_ctrl,2,286,29.533333333333335,0.5869451761245728,0.8452734408555156
UBFC_PHYS_s10_T2_ctrl,2,287,29.566666666666666,0.641392707824707,0.6342390408573774
UBFC_PHYS_s10_T2_ctrl,2,288,29.6,0.6329944729804993,0.4105953100850244
UBFC_PHYS_s10_T2_ctrl,2,289,29.633333333333333,0.55622798204422,0.1918983230311177
UBFC_PHYS_s10_T2_ctrl,2,290,29.666666666666668,0.49445840716362,-0.01002288917877801
UBFC_PHYS_s10_T2_ctrl,2,291,29.7,0.5376670956611633,-0.18700239199475
UBFC_PHYS_s10_T2_ctrl,2,292,29.733333333333334,0.6891181468963623,-0.3320524127309072
UBFC_PHYS_s10_T2_ctrl,2,293,29.766666666666666,0.8082640767097473,-0.4387291146184935
UBFC_PHYS_s10_T2_ctrl,2,294,29.8,0.7312329411506653,-0.5024696116128494
UBFC_PHYS_s10_T2_ctrl,2,295,29.833333333333332,0.49040043354034424,-0.521874078173776
UBFC_PHYS_s10_T2_ctrl,2,296,29.866666666666667,0.240216925740242,-0.4990814109310874
UBFC_PHYS_s10_T2_ctrl,2,297,29.9,0.031177837401628494,-0.4397792854547935
UBFC_PHYS_s10_T2_ctrl,2,298,29.933333333333334,-0.1910761594772339,-0.35293971857211587
UBFC_PHYS_s10_T2_ctrl,2,299,29.966666666666665,-0.4335847795009613,-0.24988426246648193
UBFC_PHYS_s10_T2_ctrl,3,0,30.0,-0.6359546780586243,-0.027984944248883693
UBFC_PHYS_s10_T2_ctrl,3,1,30.033333333333335,-0.7616109848022461,-0.22603671945199813
UBFC_PHYS_s10_T2_ctrl,3,2,30.066666666666666,-0.8475344181060791,-0.39566284890682557
UBFC_PHYS_s10_T2_ctrl,3,3,30.1,-0.9574528336524963,-0.5140209029716617
UBFC_PHYS_s10_T2_ctrl,3,4,30.133333333333333,-1.0899548530578613,-0.5700937654876403
UBFC_PHYS_s10_T2_ctrl,3,5,30.166666666666668,-1.1432908773422241,-0.5677356801897924
UBFC_PHYS_s10_T2_ctrl,3,6,30.2,-1.0397063493728638,-0.5227314120986809
UBFC_PHYS_s10_T2_ctrl,3,7,30.233333333333334,-0.8550505042076111,-0.4548915869862309
UBFC_PHYS_s10_T2_ctrl,3,8,30.266666666666666,-0.7135327458381653,-0.3790269053118733
UBFC_PHYS_s10_T2_ctrl,3,9,30.3,-0.5752437114715576,-0.3005959456077864
UBFC_PHYS_s10_T2_ctrl,3,10,30.333333333333332,-0.3154621720314026,-0.21731169875827758
UBFC_PHYS_s10_T2_ctrl,3,11,30.366666666666667,0.03580040857195854,-0.12327598523388224
UBFC_PHYS_s10_T2_ctrl,3,12,30.4,0.29863423109054565,-0.013599806531566313
UBFC_PHYS_s10_T2_ctrl,3,13,30.433333333333334,0.3310275375843048,0.11068847294745858
UBFC_PHYS_s10_T2_ctrl,3,14,30.466666666666665,0.1463187038898468,0.23913326194457513
UBFC_PHYS_s10_T2_ctrl,3,15,30.5,-0.10718175768852234,0.35261988051806054
UBFC_PHYS_s10_T2_ctrl,3,16,30.533333333333335,-0.2979775667190552,0.42846931717135206
UBFC_PHYS_s10_T2_ctrl,3,17,30.566666666666666,-0.48346269130706787,0.44703251815149103
UBFC_PHYS_s10_T2_ctrl,3,18,30.6,-0.7510249614715576,0.3974797357883589
UBFC_PHYS_s10_T2_ctrl,3,19,30.633333333333333,-0.9569588303565979,0.2814371566175942
UBFC_PHYS_s10_T2_ctrl,3,20,30.666666666666668,-0.8736995458602905,0.11389646817931065
UBFC_PHYS_s10_T2_ctrl,3,21,30.7,-0.5501018166542053,-0.07840234025885091
UBFC_PHYS_s10_T2_ctrl,3,22,30.733333333333334,-0.24338886141777039,-0.2606899650563041
UBFC_PHYS_s10_T2_ctrl,3,23,30.766666666666666,-0.07279475778341293,-0.395414907158597
UBFC_PHYS_s10_T2_ctrl,3,24,30.8,0.008576633408665657,-0.4490866488049319
UBFC_PHYS_s10_T2_ctrl,3,25,30.833333333333332,0.0207329411059618,-0.40115716251827405
UBFC_PHYS_s10_T2_ctrl,3,26,30.866666666666667,-0.050616998225450516,-0.2528987452556915
UBFC_PHYS_s10_T2_ctrl,3,27,30.9,-0.1972689926624298,-0.03198355736120574
UBFC_PHYS_s10_T2_ctrl,3,28,30.933333333333334,-0.38633573055267334,0.21023003554014955
UBFC_PHYS_s10_T2_ctrl,3,29,30.966666666666665,-0.5444383025169373,0.4096570814016876
UBFC_PHYS_s10_T2_ctrl,3,30,31.0,-0.5814365148544312,0.5062213482544431
UBFC_PHYS_s10_T2_ctrl,3,31,31.033333333333335,-0.46013811230659485,0.46076212236388714
UBFC_PHYS_s10_T2_ctrl,3,32,31.066666666666666,-0.24287720024585724,0.267301194319929
UBFC_PHYS_s10_T2_ctrl,3,33,31.1,-0.040277961641550064,-0.04259927285616499
UBFC_PHYS_s10_T2_ctrl,3,34,31.133333333333333,0.05383197218179703,-0.40473273413228056
UBFC_PHYS_s10_T2_ctrl,3,35,31.166666666666668,0.046668749302625656,-0.7356066009210128
UBFC_PHYS_s10_T2_ctrl,3,36,31.2,0.024932071566581726,-0.9512385223895791
UBFC_PHYS_s10_T2_ctrl,3,37,31.233333333333334,0.025584878399968147,-0.9864920036133735
UBFC_PHYS_s10_T2_ctrl,3,38,31.266666666666666,0.01319920551031828,-0.8109364410077791
UBFC_PHYS_s10_T2_ctrl,3,39,31.3,-0.010054804384708405,-0.4384816876909471
UBFC_PHYS_s10_T2_ctrl,3,40,31.333333333333332,-0.0029092247132211924,0.07217047277072645
UBFC_PHYS_s10_T2_ctrl,3,41,31.366666666666667,0.038235198706388474,0.6289280632697294
UBFC_PHYS_s10_T2_ctrl,3,42,31.4,0.0960702896118164,1.1273163894452856
UBFC_PHYS_s10_T2_ctrl,3,43,31.433333333333334,0.1709841936826706,1.474122743115084
UBFC_PHYS_s10_T2_ctrl,3,44,31.466666666666665,0.25854840874671936,1.6070726957282533
UBFC_PHYS_s10_T2_ctrl,3,45,31.5,0.3448423147201538,1.5053342197020778
UBFC_PHYS_s10_T2_ctrl,3,46,31.533333333333335,0.4133516848087311,1.1893067973499365
UBFC_PHYS_s10_T2_ctrl,3,47,31.566666666666666,0.40999943017959595,0.7118338180186445
UBFC_PHYS_s10_T2_ctrl,3,48,31.6,0.28619563579559326,0.14475841610019144
UBFC_PHYS_s10_T2_ctrl,3,49,31.633333333333333,0.12629345059394836,-0.4343221655408688
UBFC_PHYS_s10_T2_ctrl,3,50,31.666666666666668,0.09121835231781006,-0.9522969938634265
UBFC_PHYS_s10_T2_ctrl,3,51,31.7,0.20383621752262115,-1.3473192695966447
UBFC_PHYS_s10_T2_ctrl,3,52,31.733333333333334,0.34447181224823,-1.5729058563753684
UBFC_PHYS_s10_T2_ctrl,3,53,31.766666666666666,0.43852880597114563,-1.6008509625895853
UBFC_PHYS_s10_T2_ctrl,3,54,31.8,0.4978106617927551,-1.4239731764974666
UBFC_PHYS_s10_T2_ctrl,3,55,31.833333333333332,0.519159197807312,-1.0588080253547636
UBFC_PHYS_s10_T2_ctrl,3,56,31.866666666666667,0.48844200372695923,-0.5473266449185064
UBFC_PHYS_s10_T2_ctrl,3,57,31.9,0.43477076292037964,0.04410433606722777
UBFC_PHYS_s10_T2_ctrl,3,58,31.933333333333334,0.40874674916267395,0.6305890803291426
UBFC_PHYS_s10_T2_ctrl,3,59,31.966666666666665,0.42256152629852295,1.1210584299949622
UBFC_PHYS_s10_T2_ctrl,3,60,32.0,0.43879348039627075,1.435241034055957
UBFC_PHYS_s10_T2_ctrl,3,61,32.03333333333333,0.4287896454334259,1.5198992376514586
UBFC_PHYS_s10_T2_ctrl,3,62,32.06666666666667,0.40759992599487305,1.359932975219986
UBFC_PHYS_s10_T2_ctrl,3,63,32.1,0.3866572082042694,0.9815890445075129
UBFC_PHYS_s10_T2_ctrl,3,64,32.13333333333333,0.3624504506587982,0.44701964770528685
UBFC_PHYS_s10_T2_ctrl,3,65,32.166666666666664,0.34078434109687805,-0.15846441774309467
UBFC_PHYS_s10_T2_ctrl,3,66,32.2,0.32271748781204224,-0.742416698708434
UBFC_PHYS_s10_T2_ctrl,3,67,32.233333333333334,0.278908908367157,-1.2185696381695086
UBFC_PHYS_s10_T2_ctrl,3,68,32.266666666666666,0.19083303213119507,-1.5158852399908531
UBFC_PHYS_s10_T2_ctrl,3,69,32.3,0.11544274538755417,-1.5861278709093085
UBFC_PHYS_s10_T2_ctrl,3,70,32.333333333333336,0.11397834867238998,-1.4114842720133138
UBFC_PHYS_s10_T2_ctrl,3,71,32.36666666666667,0.1537465900182724,-1.0116625097042635
UBFC_PHYS_s10_T2_ctrl,3,72,32.4,0.17128412425518036,-0.4471585994252459
UBFC_PHYS_s10_T2_ctrl,3,73,32.43333333333333,0.16156262159347534,0.18662669941586807
UBFC_PHYS_s10_T2_ctrl,3,74,32.46666666666667,0.13451527059078217,0.7766224277203095
UBFC_PHYS_s10_T2_ctrl,3,75,32.5,0.07992657274007797,1.2187775705833654
UBFC_PHYS_s10_T2_ctrl,3,76,32.53333333333333,0.02076822705566883,1.445541167309521
UBFC_PHYS_s10_T2_ctrl,3,77,32.56666666666667,0.0001607281737960875,1.4402689843938337
UBFC_PHYS_s10_T2_ctrl,3,78,32.6,0.007253377698361874,1.2342450647923608
UBFC_PHYS_s10_T2_ctrl,3,79,32.63333333333333,0.0032130375038832426,0.8922926201298906
UBFC_PHYS_s10_T2_ctrl,3,80,32.666666666666664,-0.0187882911413908,0.493188754917551
UBFC_PHYS_s10_T2_ctrl,3,81,32.7,-0.042130518704652786,0.11001745016307021
UBFC_PHYS_s10_T2_ctrl,3,82,32.733333333333334,-0.06563153862953186,-0.20463403391633742
UBFC_PHYS_s10_T2_ctrl,3,83,32.766666666666666,-0.10977534204721451,-0.424612160804657
UBFC_PHYS_s10_T2_ctrl,3,84,32.8,-0.20028601586818695,-0.5476722439826535
UBFC_PHYS_s10_T2_ctrl,3,85,32.833333333333336,-0.32798898220062256,-0.5889327692901348
UBFC_PHYS_s10_T2_ctrl,3,86,32.86666666666667,-0.4466056227684021,-0.5728971373628045
UBFC_PHYS_s10_T2_ctrl,3,87,32.9,-0.5263361930847168,-0.5242855151168023
UBFC_PHYS_s10_T2_ctrl,3,88,32.93333333333333,-0.5451616644859314,-0.4599165208574103
UBFC_PHYS_s10_T2_ctrl,3,89,32.96666666666667,-0.45772096514701843,-0.3856058981921641
UBFC_PHYS_s10_T2_ctrl,3,90,33.0,-0.2662370800971985,-0.29883430496324226
UBFC_PHYS_s10_T2_ctrl,3,91,33.03333333333333,-0.06217342987656593,-0.19461568295517057
UBFC_PHYS_s10_T2_ctrl,3,92,33.06666666666667,0.07906204462051392,-0.07192334811743538
UBFC_PHYS_s10_T2_ctrl,3,93,33.1,0.16112153232097626,0.06148772345676137
UBFC_PHYS_s10_T2_ctrl,3,94,33.13333333333333,0.19776688516139984,0.18751135128643573
UBFC_PHYS_s10_T2_ctrl,3,95,33.166666666666664,0.18649274110794067,0.2802309148860211
UBFC_PHYS_s10_T2_ctrl,3,96,33.2,0.16514421999454498,0.31231687582667944
UBFC_PHYS_s10_T2_ctrl,3,97,33.233333333333334,0.21375180780887604,0.2638852160487154
UBFC_PHYS_s10_T2_ctrl,3,98,33.266666666666666,0.3392670154571533,0.13105418318733958
UBFC_PHYS_s10_T2_ctrl,3,99,33.3,0.44392770528793335,-0.0694642803840919
UBFC_PHYS_s10_T2_ctrl,3,100,33.333333333333336,0.4614652395248413,-0.3015341716254105
UBFC_PHYS_s10_T2_ctrl,3,101,33.36666666666667,0.39426150918006897,-0.5161077416000831
UBFC_PHYS_s10_T2_ctrl,3,102,33.4,0.2552843987941742,-0.6614146765487344
UBFC_PHYS_s10_T2_ctrl,3,103,33.43333333333333,0.05850747600197792,-0.6941633280081863
UBFC_PHYS_s10_T2_ctrl,3,104,33.46666666666667,-0.15940624475479126,-0.5895439855927315
UBFC_PHYS_s10_T2_ctrl,3,105,33.5,-0.3249896168708801,-0.3484665408729616
UBFC_PHYS_s10_T2_ctrl,3,106,33.53333333333333,-0.34099218249320984,1.3245704307413009e-06
UBFC_PHYS_s10_T2_ctrl,3,107,33.56666666666667,-0.1874416172504425,0.4031831844710331
UBFC_PHYS_s10_T2_ctrl,3,108,33.6,0.05960136651992798,0.7958528574556046
UBFC_PHYS_s10_T2_ctrl,3,109,33.63333333333333,0.3112316429615021,1.1146054626040411
UBFC_PHYS_s10_T2_ctrl,3,110,33.666666666666664,0.5145719051361084,1.31075819764573
UBFC_PHYS_s10_T2_ctrl,3,111,33.7,0.607270359992981,1.356306951535963
UBFC_PHYS_s10_T2_ctrl,3,112,33.733333333333334,0.5426072478294373,1.2432525149880589
UBFC_PHYS_s10_T2_ctrl,3,113,33.766666666666666,0.37423622608184814,0.982030173749071
UBFC_PHYS_s10_T2_ctrl,3,114,33.8,0.22675500810146332,0.6006898420228999
UBFC_PHYS_s10_T2_ctrl,3,115,33.833333333333336,0.15094128251075745,0.14193782865276802
UBFC_PHYS_s10_T2_ctrl,3,116,33.86666666666667,0.1085088923573494,-0.34230501525561563
UBFC_PHYS_s10_T2_ctrl,3,117,33.9,0.05843690037727356,-0.7963874144417238
UBFC_PHYS_s10_T2_ctrl,3,118,33.93333333333333,-0.008484541438519955,-1.165672692929517
UBFC_PHYS_s10_T2_ctrl,3,119,33.96666666666667,-0.08830331265926361,-1.4014564916354537
UBFC_PHYS_s10_T2_ctrl,3,120,34.0,-0.15137849748134613,-1.4668860439108837
UBFC_PHYS_s10_T2_ctrl,3,121,34.03333333333333,-0.13721083104610443,-1.3441536460127042
UBFC_PHYS_s10_T2_ctrl,3,122,34.06666666666667,-0.03459678217768669,-1.0417757784843213
UBFC_PHYS_s10_T2_ctrl,3,123,34.1,0.10745028406381607,-0.5993538301113879
UBFC_PHYS_s10_T2_ctrl,3,124,34.13333333333333,0.2557607591152191,-0.08673765174141441
UBFC_PHYS_s10_T2_ctrl,3,125,34.166666666666664,0.4006837010383606,0.40521432900404225
UBFC_PHYS_s10_T2_ctrl,3,126,34.2,0.4839429557323456,0.7822319617711497
UBFC_PHYS_s10_T2_ctrl,3,127,34.233333333333334,0.45045575499534607,0.9692883786007378
UBFC_PHYS_s10_T2_ctrl,3,128,34.266666666666666,0.3359324038028717,0.9315227259623392
UBFC_PHYS_s10_T2_ctrl,3,129,34.3,0.16133324801921844,0.6842894940203257
UBFC_PHYS_s10_T2_ctrl,3,130,34.333333333333336,-0.1096518337726593,0.2889929114168827
UBFC_PHYS_s10_T2_ctrl,3,131,34.36666666666667,-0.4043143689632416,-0.1622318290009771
UBFC_PHYS_s10_T2_ctrl,3,132,34.4,-0.5706387758255005,-0.5682025067078637
UBFC_PHYS_s10_T2_ctrl,3,133,34.43333333333333,-0.5889349579811096,-0.8410615813063708
UBFC_PHYS_s10_T2_ctrl,3,134,34.46666666666667,-0.5544244647026062,-0.9244727355072289
UBFC_PHYS_s10_T2_ctrl,3,135,34.5,-0.5192435383796692,-0.8041147219312509
UBFC_PHYS_s10_T2_ctrl,3,136,34.53333333333333,-0.49967700242996216,-0.5087246526900646
UBFC_PHYS_s10_T2_ctrl,3,137,34.56666666666667,-0.5180790424346924,-0.10180303922466732
UBFC_PHYS_s10_T2_ctrl,3,138,34.6,-0.549202024936676,0.33379514308012004
UBFC_PHYS_s10_T2_ctrl,3,139,34.63333333333333,-0.5278534889221191,0.7143656796505561
UBFC_PHYS_s10_T2_ctrl,3,140,34.666666666666664,-0.45043423771858215,0.97264548234742
UBFC_PHYS_s10_T2_ctrl,3,141,34.7,-0.40565526485443115,1.0698089379500404
UBFC_PHYS_s10_T2_ctrl,3,142,34.733333333333334,-0.4423888325691223,1.0003444926749983
UBFC_PHYS_s10_T2_ctrl,3,143,34.766666666666666,-0.4577915370464325,0.790275894296485
UBFC_PHYS_s10_T2_ctrl,3,144,34.8,-0.31667956709861755,0.48963253273651397
UBFC_PHYS_s10_T2_ctrl,3,145,34.833333333333336,-0.05548657849431038,0.16032048495964737
UBFC_PHYS_s10_T2_ctrl,3,146,34.86666666666667,0.17444230616092682,-0.13779261184072394
UBFC_PHYS_s10_T2_ctrl,3,147,34.9,0.2988989055156708,-0.3584373583807189
UBFC_PHYS_s10_T2_ctrl,3,148,34.93333333333333,0.34727710485458374,-0.4758098236691023
UBFC_PHYS_s10_T2_ctrl,3,149,34.96666666666667,0.3478064239025116,-0.4864354414230035
UBFC_PHYS_s10_T2_ctrl,3,150,35.0,0.31943580508232117,-0.4064028782165516
UBFC_PHYS_s10_T2_ctrl,3,151,35.03333333333333,0.30436834692955017,-0.26483500037707586
UBFC_PHYS_s10_T2_ctrl,3,152,35.06666666666667,0.3107905387878418,-0.09590661239187162
UBFC_PHYS_s10_T2_ctrl,3,153,35.1,0.3024452328681946,0.06726948874626817
UBFC_PHYS_s10_T2_ctrl,3,154,35.13333333333333,0.2748156487941742,0.1959298189773988
UBFC_PHYS_s10_T2_ctrl,3,155,35.166666666666664,0.25980108976364136,0.2675561484290635
UBFC_PHYS_s10_T2_ctrl,3,156,35.2,0.2634885609149933,0.2675852344035039
UBFC_PHYS_s10_T2_ctrl,3,157,35.233333333333334,0.2652529180049896,0.19144215964273018
UBFC_PHYS_s10_T2_ctrl,3,158,35.266666666666666,0.251861572265625,0.04650329936322338
UBFC_PHYS_s10_T2_ctrl,3,159,35.3,0.23252439498901367,-0.14726713506931535
UBFC_PHYS_s10_T2_ctrl,3,160,35.333333333333336,0.21145816147327423,-0.35884035609491516
UBFC_PHYS_s10_T2_ctrl,3,161,35.36666666666667,0.1630975902080536,-0.5499849658593061
UBFC_PHYS_s10_T2_ctrl,3,162,35.4,0.06992276012897491,-0.6813342147411711
UBFC_PHYS_s10_T2_ctrl,3,163,35.43333333333333,-0.03842540085315704,-0.7200882168413771
UBFC_PHYS_s10_T2_ctrl,3,164,35.46666666666667,-0.11420383304357529,-0.6479886684151471
UBFC_PHYS_s10_T2_ctrl,3,165,35.5,-0.107711061835289,-0.46749355123414876
UBFC_PHYS_s10_T2_ctrl,3,166,35.53333333333333,0.04111107438802719,-0.20417002468293102
UBFC_PHYS_s10_T2_ctrl,3,167,35.56666666666667,0.30983781814575195,0.09624243812388229
UBFC_PHYS_s10_T2_ctrl,3,168,35.6,0.585886538028717,0.37646920036892706
UBFC_PHYS_s10_T2_ctrl,3,169,35.63333333333333,0.7603622078895569,0.5809789236417912
UBFC_PHYS_s10_T2_ctrl,3,170,35.666666666666664,0.7738417387008667,0.6704026228646539
UBFC_PHYS_s10_T2_ctrl,3,171,35.7,0.6281248927116394,0.6316608432799956
UBFC_PHYS_s10_T2_ctrl,3,172,35.733333333333334,0.4026597738265991,0.48104240081261485
UBFC_PHYS_s10_T2_ctrl,3,173,35.766666666666666,0.18273469805717468,0.2605638423478924
UBFC_PHYS_s10_T2_ctrl,3,174,35.8,-0.04768818989396095,0.02846285676374879
UBFC_PHYS_s10_T2_ctrl,3,175,35.833333333333336,-0.34042760729789734,-0.15490405743038735
UBFC_PHYS_s10_T2_ctrl,3,176,35.86666666666667,-0.6527688503265381,-0.24271945278799398
UBFC_PHYS_s10_T2_ctrl,3,177,35.9,-0.8883259296417236,-0.21441851636331216
UBFC_PHYS_s10_T2_ctrl,3,178,35.93333333333333,-1.0177050828933716,-0.08149595723121152
UBFC_PHYS_s10_T2_ctrl,3,179,35.96666666666667,-1.0809390544891357,0.11633645693208884
UBFC_PHYS_s10_T2_ctrl,3,180,36.0,-1.1110033988952637,0.3235214212098464
UBFC_PHYS_s10_T2_ctrl,3,181,36.03333333333333,-1.104193091392517,0.48474871452388507
UBFC_PHYS_s10_T2_ctrl,3,182,36.06666666666667,-1.0186225175857544,0.5596198168412981
UBFC_PHYS_s10_T2_ctrl,3,183,36.1,-0.8234864473342896,0.5312966025357541
UBFC_PHYS_s10_T2_ctrl,3,184,36.13333333333333,-0.5852298736572266,0.4075395684180638
UBFC_PHYS_s10_T2_ctrl,3,185,36.166666666666664,-0.4057964086532593,0.21564243520490275
UBFC_PHYS_s10_T2_ctrl,3,186,36.2,-0.2903732657432556,-0.006512018039037818
UBFC_PHYS_s10_T2_ctrl,3,187,36.233333333333334,-0.1793432980775833,-0.22080077779221552
UBFC_PHYS_s10_T2_ctrl,3,188,36.266666666666666,-0.061114825308322906,-0.3979546054202644
UBFC_PHYS_s10_T2_ctrl,3,189,36.3,0.04377523064613342,-0.522913233952057
UBFC_PHYS_s10_T2_ctrl,3,190,36.333333333333336,0.13259214162826538,-0.5954734052479685
UBFC_PHYS_s10_T2_ctrl,3,191,36.36666666666667,0.20653565227985382,-0.6268417413998756
UBFC_PHYS_s10_T2_ctrl,3,192,36.4,0.282120019197464,-0.6332833786969035
UBFC_PHYS_s10_T2_ctrl,3,193,36.43333333333333,0.3854750990867615,-0.628432560823406
UBFC_PHYS_s10_T2_ctrl,3,194,36.46666666666667,0.5230936408042908,-0.6165200809381098
UBFC_PHYS_s10_T2_ctrl,3,195,36.5,0.7103254795074463,-0.5891170552401327
UBFC_PHYS_s10_T2_ctrl,3,196,36.53333333333333,0.9615499973297119,-0.527034427634295
UBFC_PHYS_s10_T2_ctrl,3,197,36.56666666666667,1.1794990301132202,-0.4076862527697826
UBFC_PHYS_s10_T2_ctrl,3,198,36.6,1.2276654243469238,-0.2158995111241074
UBFC_PHYS_s10_T2_ctrl,3,199,36.63333333333333,1.1140772104263306,0.04588276975583328
UBFC_PHYS_s10_T2_ctrl,3,200,36.666666666666664,0.9298977255821228,0.35221628354207424
UBFC_PHYS_s10_T2_ctrl,3,201,36.7,0.6551192998886108,0.6575976176827346
UBFC_PHYS_s10_T2_ctrl,3,202,36.733333333333334,0.2368823140859604,0.9071810846501832
UBFC_PHYS_s10_T2_ctrl,3,203,36.766666666666666,-0.24176566302776337,1.0507121744255339
UBFC_PHYS_s10_T2_ctrl,3,204,36.8,-0.6800455451011658,1.0553272539137162
UBFC_PHYS_s10_T2_ctrl,3,205,36.833333333333336,-1.081803560256958,0.9138303950837906
UBFC_PHYS_s10_T2_ctrl,3,206,36.86666666666667,-1.3957149982452393,0.6467092845069651
UBFC_PHYS_s10_T2_ctrl,3,207,36.9,-1.4995112419128418,0.29796602943264866
UBFC_PHYS_s10_T2_ctrl,3,208,36.93333333333333,-1.3746840953826904,-0.07394516201053021
UBFC_PHYS_s10_T2_ctrl,3,209,36.96666666666667,-1.1153260469436646,-0.4077943189887948
UBFC_PHYS_s10_T2_ctrl,3,210,37.0,-0.8249155282974243,-0.6510802854128079
UBFC_PHYS_s10_T2_ctrl,3,211,37.03333333333333,-0.5862002372741699,-0.7684345163267019
UBFC_PHYS_s10_T2_ctrl,3,212,37.06666666666667,-0.39492806792259216,-0.7459274678758596
UBFC_PHYS_s10_T2_ctrl,3,213,37.1,-0.15587756037712097,-0.5921522358864982
UBFC_PHYS_s10_T2_ctrl,3,214,37.13333333333333,0.17170757055282593,-0.3362263578008529
UBFC_PHYS_s10_T2_ctrl,3,215,37.166666666666664,0.5034565329551697,-0.022032277372898364
UBFC_PHYS_s10_T2_ctrl,3,216,37.2,0.7416601777076721,0.2998992790168501
UBFC_PHYS_s10_T2_ctrl,3,217,37.233333333333334,0.8626763224601746,0.5795659976663894
UBFC_PHYS_s10_T2_ctrl,3,218,37.266666666666666,0.8913292288780212,0.7728118041504458
UBFC_PHYS_s10_T2_ctrl,3,219,37.3,0.8586359620094299,0.846227272362352
UBFC_PHYS_s10_T2_ctrl,3,220,37.333333333333336,0.7726949453353882,0.781440427380201
UBFC_PHYS_s10_T2_ctrl,3,221,37.36666666666667,0.6241374611854553,0.576830979745196
UBFC_PHYS_s10_T2_ctrl,3,222,37.4,0.4566309452056885,0.24732083251207285
UBFC_PHYS_s10_T2_ctrl,3,223,37.43333333333333,0.3758770823478699,-0.1747725889612326
UBFC_PHYS_s10_T2_ctrl,3,224,37.46666666666667,0.42460817098617554,-0.638466452865976
UBFC_PHYS_s10_T2_ctrl,3,225,37.5,0.5054855346679688,-1.0765608575620083
UBFC_PHYS_s10_T2_ctrl,3,226,37.53333333333333,0.46998700499534607,-1.4135446310702744
UBFC_PHYS_s10_T2_ctrl,3,227,37.56666666666667,0.2815377712249756,-1.5776607630158785
UBFC_PHYS_s10_T2_ctrl,3,228,37.6,0.017521841451525688,-1.5153722925130146
UBFC_PHYS_s10_T2_ctrl,3,229,37.63333333333333,-0.23862513899803162,-1.2060340614142167
UBFC_PHYS_s10_T2_ctrl,3,230,37.666666666666664,-0.45749160647392273,-0.6732208986071032
UBFC_PHYS_s10_T2_ctrl,3,231,37.7,-0.6237807273864746,0.011750846551644184
UBFC_PHYS_s10_T2_ctrl,3,232,37.733333333333334,-0.7083278894424438,0.7380361010878514
UBFC_PHYS_s10_T2_ctrl,3,233,37.766666666666666,-0.7014822959899902,1.3775162464155322
UBFC_PHYS_s10_T2_ctrl,3,234,37.8,-0.6406125426292419,1.8154114297685293
UBFC_PHYS_s10_T2_ctrl,3,235,37.833333333333336,-0.6079898476600647,1.9763894253040903
UBFC_PHYS_s10_T2_ctrl,3,236,37.86666666666667,-0.6872440576553345,1.8382838916785524
UBFC_PHYS_s10_T2_ctrl,3,237,37.9,-0.8181934356689453,1.4318544684615662
UBFC_PHYS_s10_T2_ctrl,3,238,37.93333333333333,-0.7576588988304138,0.829628951886573
UBFC_PHYS_s10_T2_ctrl,3,239,37.96666666666667,-0.3869003355503082,0.13050026354757005
UBFC_PHYS_s10_T2_ctrl,3,240,38.0,0.05610797181725502,-0.5559939349648086
UBFC_PHYS_s10_T2_ctrl,3,241,38.03333333333333,0.29498204588890076,-1.1250834561075385
UBFC_PHYS_s10_T2_ctrl,3,242,38.06666666666667,0.39380279183387756,-1.4911324429624433
UBFC_PHYS_s10_T2_ctrl,3,243,38.1,0.4722982943058014,-1.599655518773193
UBFC_PHYS_s10_T2_ctrl,3,244,38.13333333333333,0.48777157068252563,-1.4360787940588389
UBFC_PHYS_s10_T2_ctrl,3,245,38.166666666666664,0.42450231313705444,-1.0304976310923484
UBFC_PHYS_s10_T2_ctrl,3,246,38.2,0.34785935282707214,-0.45622395864189447
UBFC_PHYS_s10_T2_ctrl,3,247,38.233333333333334,0.2565370798110962,0.1810503993958448
UBFC_PHYS_s10_T2_ctrl,3,248,38.266666666666666,0.11052023619413376,0.7634300070573834
UBFC_PHYS_s10_T2_ctrl,3,249,38.3,-0.05970335006713867,1.1865832014136282
UBFC_PHYS_s10_T2_ctrl,3,250,38.333333333333336,-0.1922229826450348,1.3832684006401463
UBFC_PHYS_s10_T2_ctrl,3,251,38.36666666666667,-0.26048532128334045,1.3340585142358719
UBFC_PHYS_s10_T2_ctrl,3,252,38.4,-0.27909910678863525,1.0631400685755361
UBFC_PHYS_s10_T2_ctrl,3,253,38.43333333333333,-0.2704714834690094,0.6257128709210955
UBFC_PHYS_s10_T2_ctrl,3,254,38.46666666666667,-0.24405930936336517,0.09330202678202551
UBFC_PHYS_s10_T2_ctrl,3,255,38.5,-0.21304219961166382,-0.4583618654701888
UBFC_PHYS_s10_T2_ctrl,3,256,38.53333333333333,-0.19010576605796814,-0.9574769634479513
UBFC_PHYS_s10_T2_ctrl,3,257,38.56666666666667,-0.16810443997383118,-1.3420376408423436
UBFC_PHYS_s10_T2_ctrl,3,258,38.6,-0.13597579300403595,-1.5648457008142018
UBFC_PHYS_s10_T2_ctrl,3,259,38.63333333333333,-0.09751316905021667,-1.5980742607353775
UBFC_PHYS_s10_T2_ctrl,3,260,38.666666666666664,-0.07956982403993607,-1.4369782220495861
UBFC_PHYS_s10_T2_ctrl,3,261,38.7,-0.10734055191278458,-1.1014837964410018
UBFC_PHYS_s10_T2_ctrl,3,262,38.733333333333334,-0.17644977569580078,-0.6347667111186065
UBFC_PHYS_s10_T2_ctrl,3,263,38.766666666666666,-0.26129692792892456,-0.09852229191542472
UBFC_PHYS_s10_T2_ctrl,3,264,38.8,-0.33097073435783386,0.43482954089493797
UBFC_PHYS_s10_T2_ctrl,3,265,38.833333333333336,-0.3646872937679291,0.8921030029154655
UBFC_PHYS_s10_T2_ctrl,3,266,38.86666666666667,-0.3745323121547699,1.2105361636443148
UBFC_PHYS_s10_T2_ctrl,3,267,38.9,-0.3745323121547699,1.3491072680006637
UBFC_PHYS_s10_T2_ctrl,3,268,38.93333333333333,-0.3495139479637146,1.2974788794260559
UBFC_PHYS_s10_T2_ctrl,3,269,38.96666666666667,-0.29702481627464294,1.0789688326682214
UBFC_PHYS_s10_T2_ctrl,3,270,39.0,-0.2572389245033264,0.745821312933336
UBFC_PHYS_s10_T2_ctrl,3,271,39.03333333333333,-0.2602912485599518,0.36735118800517486
UBFC_PHYS_s10_T2_ctrl,3,272,39.06666666666667,-0.27304741740226746,0.014215181389313257
UBFC_PHYS_s10_T2_ctrl,3,273,39.1,-0.23765476047992706,-0.2557596607339415
UBFC_PHYS_s10_T2_ctrl,3,274,39.13333333333333,-0.13574643433094025,-0.40705014787481786
UBFC_PHYS_s10_T2_ctrl,3,275,39.166666666666664,0.006000695750117302,-0.43072480247485523
UBFC_PHYS_s10_T2_ctrl,3,276,39.2,0.15503455698490143,-0.34336882164074756
UBFC_PHYS_s10_T2_ctrl,3,277,39.233333333333334,0.2908005714416504,-0.18065313566751479
UBFC_PHYS_s10_T2_ctrl,3,278,39.266666666666666,0.3938380777835846,0.013067175093646063
UBFC_PHYS_s10_T2_ctrl,3,279,39.3,0.44355717301368713,0.19648601636717267
UBFC_PHYS_s10_T2_ctrl,3,280,39.333333333333336,0.41673919558525085,0.3409422225936836
UBFC_PHYS_s10_T2_ctrl,3,281,39.36666666666667,0.30068087577819824,0.43414868827478104
UBFC_PHYS_s10_T2_ctrl,3,282,39.4,0.1373029351234436,0.4775615447747771
UBFC_PHYS_s10_T2_ctrl,3,283,39.43333333333333,0.005524323787540197,0.4801333144520144
UBFC_PHYS_s10_T2_ctrl,3,284,39.46666666666667,-0.061044249683618546,0.45127915098772525
UBFC_PHYS_s10_T2_ctrl,3,285,39.5,-0.09236130118370056,0.39537569445459253
UBFC_PHYS_s10_T2_ctrl,3,286,39.53333333333333,-0.1273658126592636,0.309452246519321
UBFC_PHYS_s10_T2_ctrl,3,287,39.56666666666667,-0.19434018433094025,0.18481810887216205
UBFC_PHYS_s10_T2_ctrl,3,288,39.6,-0.3074697256088257,0.0120493841713224
UBFC_PHYS_s10_T2_ctrl,3,289,39.63333333333333,-0.4317675232887268,-0.2124541774679192
UBFC_PHYS_s10_T2_ctrl,3,290,39.666666666666664,-0.5103335976600647,-0.48070769265855307
UBFC_PHYS_s10_T2_ctrl,3,291,39.7,-0.5570886135101318,-0.7706781909716393
UBFC_PHYS_s10_T2_ctrl,3,292,39.733333333333334,-0.6563151478767395,-1.0481011892752201
UBFC_PHYS_s10_T2_ctrl,3,293,39.766666666666666,-0.8329609632492065,-1.2718573034772158
UBFC_PHYS_s10_T2_ctrl,3,294,39.8,-0.9661333560943604,-1.401781658049748
UBFC_PHYS_s10_T2_ctrl,3,295,39.833333333333336,-0.921601414680481,-1.407496186626241
UBFC_PHYS_s10_T2_ctrl,3,296,39.86666666666667,-0.7320759296417236,-1.2762181906332855
UBFC_PHYS_s10_T2_ctrl,3,297,39.9,-0.535228431224823,-1.0171088677416091
UBFC_PHYS_s10_T2_ctrl,3,298,39.93333333333333,-0.37860792875289917,-0.660515916072881
UBFC_PHYS_s10_T2_ctrl,3,299,39.96666666666667,-0.2412363588809967,-0.25158213953711644
UBFC_PHYS_s10_T2_ctrl,4,0,40.0,-0.1437036097049713,-0.08022887913548127
UBFC_PHYS_s10_T2_ctrl,4,1,40.03333333333333,-0.06836626678705215,-0.209148717018634
UBFC_PHYS_s10_T2_ctrl,4,2,40.06666666666667,0.058613333851099014,-0.3289141907134851
UBFC_PHYS_s10_T2_ctrl,4,3,40.1,0.2148457020521164,-0.43402901908784275
UBFC_PHYS_s10_T2_ctrl,4,4,40.13333333333333,0.32352909445762634,-0.5209810934770172
UBFC_PHYS_s10_T2_ctrl,4,5,40.166666666666664,0.37333643436431885,-0.5886388157538764
UBFC_PHYS_s10_T2_ctrl,4,6,40.2,0.3812583088874817,-0.6363661926353356
UBFC_PHYS_s10_T2_ctrl,4,7,40.233333333333334,0.33905529975891113,-0.6611062166721153
UBFC_PHYS_s10_T2_ctrl,4,8,40.266666666666666,0.22853699326515198,-0.6552754973731122
UBFC_PHYS_s10_T2_ctrl,4,9,40.3,0.04308713600039482,-0.6074534594338848
UBFC_PHYS_s10_T2_ctrl,4,10,40.333333333333336,-0.1805783361196518,-0.5060845689845155
UBFC_PHYS_s10_T2_ctrl,4,11,40.36666666666667,-0.3817484676837921,-0.34454777636506834
UBFC_PHYS_s10_T2_ctrl,4,12,40.4,-0.5456557273864746,-0.12584728327980949
UBFC_PHYS_s10_T2_ctrl,4,13,40.43333333333333,-0.6988710761070251,0.13460331812134443
UBFC_PHYS_s10_T2_ctrl,4,14,40.46666666666667,-0.8428765535354614,0.4094192019361993
UBFC_PHYS_s10_T2_ctrl,4,15,40.5,-0.9466550350189209,0.6637271213607631
UBFC_PHYS_s10_T2_ctrl,4,16,40.53333333333333,-0.9648277759552002,0.8623773573095168
UBFC_PHYS_s10_T2_ctrl,4,17,40.56666666666667,-0.8496692776679993,0.9766596877446859
UBFC_PHYS_s10_T2_ctrl,4,18,40.6,-0.6119243502616882,0.9886449124685058
UBFC_PHYS_s10_T2_ctrl,4,19,40.63333333333333,-0.36385804414749146,0.8929238445378674
UBFC_PHYS_s10_T2_ctrl,4,20,40.666666666666664,-0.1998978555202484,0.6962735583740811
UBFC_PHYS_s10_T2_ctrl,4,21,40.7,-0.09495487809181213,0.4162898640711494
UBFC_PHYS_s10_T2_ctrl,4,22,40.733333333333334,0.015334057621657848,0.07933626192665433
UBFC_PHYS_s10_T2_ctrl,4,23,40.766666666666666,0.16989029943943024,-0.28257708324341474
UBFC_PHYS_s10_T2_ctrl,4,24,40.8,0.39311468601226807,-0.6355148683694175
UBFC_PHYS_s10_T2_ctrl,4,25,40.833333333333336,0.6407222747802734,-0.9466324968585095
UBFC_PHYS_s10_T2_ctrl,4,26,40.86666666666667,0.8143863081932068,-1.185814236134036
UBFC_PHYS_s10_T2_ctrl,4,27,40.9,0.8848893642425537,-1.3260033786152927
UBFC_PHYS_s10_T2_ctrl,4,28,40.93333333333333,0.8939228057861328,-1.3439392471965146
UBFC_PHYS_s10_T2_ctrl,4,29,40.96666666666667,0.8535723090171814,-1.2241125145288803
UBFC_PHYS_s10_T2_ctrl,4,30,41.0,0.7420836091041565,-0.9656747720751176
UBFC_PHYS_s10_T2_ctrl,4,31,41.03333333333333,0.5355322957038879,-0.5888619152497984
UBFC_PHYS_s10_T2_ctrl,4,32,41.06666666666667,0.24565109610557556,-0.13681822519282308
UBFC_PHYS_s10_T2_ctrl,4,33,41.1,-0.05816837400197983,0.330944684895658
UBFC_PHYS_s10_T2_ctrl,4,34,41.13333333333333,-0.30069464445114136,0.751938072381738
UBFC_PHYS_s10_T2_ctrl,4,35,41.166666666666664,-0.49701282382011414,1.0743410447009953
UBFC_PHYS_s10_T2_ctrl,4,36,41.2,-0.7212252616882324,1.2662613138505245
UBFC_PHYS_s10_T2_ctrl,4,37,41.233333333333334,-0.9539417624473572,1.3188065698240257
UBFC_PHYS_s10_T2_ctrl,4,38,41.266666666666666,-1.039406418800354,1.2436709687451686
UBFC_PHYS_s10_T2_ctrl,4,39,41.3,-0.8621255159378052,1.0680850268787014
UBFC_PHYS_s10_T2_ctrl,4,40,41.333333333333336,-0.5038055181503296,0.8284479794883741
UBFC_PHYS_s10_T2_ctrl,4,41,41.36666666666667,-0.12717173993587494,0.5622576247197371
UBFC_PHYS_s10_T2_ctrl,4,42,41.4,0.18134087324142456,0.3000893782715131
UBFC_PHYS_s10_T2_ctrl,4,43,41.43333333333333,0.38912728428840637,0.061326712768443446
UBFC_PHYS_s10_T2_ctrl,4,44,41.46666666666667,0.46128880977630615,-0.14543887127594374
UBFC_PHYS_s10_T2_ctrl,4,45,41.5,0.4350883364677429,-0.3193172714147421
UBFC_PHYS_s10_T2_ctrl,4,46,41.53333333333333,0.4180448055267334,-0.4629956088644666
UBFC_PHYS_s10_T2_ctrl,4,47,41.56666666666667,0.4411400258541107,-0.5785459354774127
UBFC_PHYS_s10_T2_ctrl,4,48,41.6,0.46404117345809937,-0.6644573429619478
UBFC_PHYS_s10_T2_ctrl,4,49,41.63333333333333,0.4638471007347107,-0.7153096212772451
UBFC_PHYS_s10_T2_ctrl,4,50,41.666666666666664,0.42441409826278687,-0.7237828002287922
UBFC_PHYS_s10_T2_ctrl,4,51,41.7,0.32981014251708984,-0.6830953915016051
UBFC_PHYS_s10_T2_ctrl,4,52,41.733333333333334,0.19903720915317535,-0.5891138724783247
UBFC_PHYS_s10_T2_ctrl,4,53,41.766666666666666,0.055472809821367264,-0.44265124284813245
UBFC_PHYS_s10_T2_ctrl,4,54,41.8,-0.11035757511854172,-0.2518847735198977
UBFC_PHYS_s10_T2_ctrl,4,55,41.833333333333336,-0.3119334876537323,-0.03413293059694552
UBFC_PHYS_s10_T2_ctrl,4,56,41.86666666666667,-0.5149738192558289,0.18462897426947253
UBFC_PHYS_s10_T2_ctrl,4,57,41.9,-0.6005972623825073,0.3745629642232404
UBFC_PHYS_s10_T2_ctrl,4,58,41.93333333333333,-0.43455517292022705,0.5094564955891099
UBFC_PHYS_s10_T2_ctrl,4,59,41.96666666666667,-0.024981126189231873,0.5719345606308132
UBFC_PHYS_s10_T2_ctrl,4,60,42.0,0.45705440640449524,0.5549841973287007
UBFC_PHYS_s10_T2_ctrl,4,61,42.03333333333333,0.8363523483276367,0.46215608817505166
UBFC_PHYS_s10_T2_ctrl,4,62,42.06666666666667,1.060441255569458,0.30726917580940094
UBFC_PHYS_s10_T2_ctrl,4,63,42.1,1.139113187789917,0.11262592650193845
UBFC_PHYS_s10_T2_ctrl,4,64,42.13333333333333,1.0902585983276367,-0.09431253166645888
UBFC_PHYS_s10_T2_ctrl,4,65,42.166666666666664,0.9688013792037964,-0.2848034967690882
UBFC_PHYS_s10_T2_ctrl,4,66,42.2,0.8767910599708557,-0.43232657219375054
UBFC_PHYS_s10_T2_ctrl,4,67,42.233333333333334,0.8709334135055542,-0.5149866547434075
UBFC_PHYS_s10_T2_ctrl,4,68,42.266666666666666,0.8975396752357483,-0.5174272931929746
UBFC_PHYS_s10_T2_ctrl,4,69,42.3,0.8636643290519714,-0.43390439360583133
UBFC_PHYS_s10_T2_ctrl,4,70,42.333333333333336,0.7282335758209229,-0.2718724479844343
UBFC_PHYS_s10_T2_ctrl,4,71,42.36666666666667,0.5148012638092041,-0.05320465913407496
UBFC_PHYS_s10_T2_ctrl,4,72,42.4,0.2902712821960449,0.18862915466785965
UBFC_PHYS_s10_T2_ctrl,4,73,42.43333333333333,0.09174765646457672,0.41541728781508164
UBFC_PHYS_s10_T2_ctrl,4,74,42.46666666666667,-0.11923220753669739,0.5926778594093811
UBFC_PHYS_s10_T2_ctrl,4,75,42.5,-0.3842714726924896,0.6954014707599963
UBFC_PHYS_s10_T2_ctrl,4,76,42.53333333333333,-0.6385658979415894,0.7096796901662822
UBFC_PHYS_s10_T2_ctrl,4,77,42.56666666666667,-0.7070575952529907,0.6319893489718847
UBFC_PHYS_s10_T2_ctrl,4,78,42.6,-0.4749409258365631,0.46794115894465665
UBFC_PHYS_s10_T2_ctrl,4,79,42.63333333333333,-0.0462590754032135,0.2317950509109147
UBFC_PHYS_s10_T2_ctrl,4,80,42.666666666666664,0.34810635447502136,-0.053585145817547405
UBFC_PHYS_s10_T2_ctrl,4,81,42.7,0.5800642371177673,-0.3581637675144953
UBFC_PHYS_s10_T2_ctrl,4,82,42.733333333333334,0.6671873927116394,-0.6476440645018502
UBFC_PHYS_s10_T2_ctrl,4,83,42.766666666666666,0.6510612964630127,-0.8861391594792943
UBFC_PHYS_s10_T2_ctrl,4,84,42.8,0.5558221936225891,-1.0385435945608534
UBFC_PHYS_s10_T2_ctrl,4,85,42.833333333333336,0.4285602867603302,-1.0741284170262317
UBFC_PHYS_s10_T2_ctrl,4,86,42.86666666666667,0.33519136905670166,-0.9718735833024452
UBFC_PHYS_s10_T2_ctrl,4,87,42.9,0.30466827750205994,-0.726721024046907
UBFC_PHYS_s10_T2_ctrl,4,88,42.93333333333333,0.299728125333786,-0.35506489327368107
UBFC_PHYS_s10_T2_ctrl,4,89,42.96666666666667,0.2558842599391937,0.10282775363316941
UBFC_PHYS_s10_T2_ctrl,4,90,43.0,0.13470934331417084,0.5860013718633728
UBFC_PHYS_s10_T2_ctrl,4,91,43.03333333333333,-0.04610028490424156,1.0236751256049905
UBFC_PHYS_s10_T2_ctrl,4,92,43.06666666666667,-0.23225587606430054,1.3508321816149322
UBFC_PHYS_s10_T2_ctrl,4,93,43.1,-0.396710067987442,1.521025258610817
UBFC_PHYS_s10_T2_ctrl,4,94,43.13333333333333,-0.5568063259124756,1.5126931313386138
UBFC_PHYS_s10_T2_ctrl,4,95,43.166666666666664,-0.7317583560943604,1.3297060840897872
UBFC_PHYS_s10_T2_ctrl,4,96,43.2,-0.8500044941902161,0.997350423448302
UBFC_PHYS_s10_T2_ctrl,4,97,43.233333333333334,-0.7483431696891785,0.5550515212379541
UBFC_PHYS_s10_T2_ctrl,4,98,43.266666666666666,-0.3778668940067291,0.0484345283456232
UBFC_PHYS_s10_T2_ctrl,4,99,43.3,0.0644180178642273,-0.47587439060602893
UBFC_PHYS_s10_T2_ctrl,4,100,43.333333333333336,0.38577502965927124,-0.972146391213263
UBFC_PHYS_s10_T2_ctrl,4,101,43.36666666666667,0.569372296333313,-1.3963924961123355
UBFC_PHYS_s10_T2_ctrl,4,102,43.4,0.6538489460945129,-1.7077661053055653
UBFC_PHYS_s10_T2_ctrl,4,103,43.43333333333333,0.6522786617279053,-1.8709920761045316
UBFC_PHYS_s10_T2_ctrl,4,104,43.46666666666667,0.6030888557434082,-1.8601879091934534
UBFC_PHYS_s10_T2_ctrl,4,105,43.5,0.5645027160644531,-1.664144532943536
UBFC_PHYS_s10_T2_ctrl,4,106,43.53333333333333,0.5574983358383179,-1.2918694650018865
UBFC_PHYS_s10_T2_ctrl,4,107,43.56666666666667,0.5540225505828857,-0.7760719985845257
UBFC_PHYS_s10_T2_ctrl,4,108,43.6,0.5126311182975769,-0.17206942294666924
UBFC_PHYS_s10_T2_ctrl,4,109,43.63333333333333,0.41081103682518005,0.4499709534305929
UBFC_PHYS_s10_T2_ctrl,4,110,43.666666666666664,0.25477272272109985,1.0181104247020132
UBFC_PHYS_s10_T2_ctrl,4,111,43.7,0.0723046213388443,1.4723589491676101
UBFC_PHYS_s10_T2_ctrl,4,112,43.733333333333334,-0.09439028799533844,1.7744131898503752
UBFC_PHYS_s10_T2_ctrl,4,113,43.766666666666666,-0.22165217995643616,1.909727640043519
UBFC_PHYS_s10_T2_ctrl,4,114,43.8,-0.34388571977615356,1.8827148980353428
UBFC_PHYS_s10_T2_ctrl,4,115,43.833333333333336,-0.5041584372520447,1.7100232489513858
UBFC_PHYS_s10_T2_ctrl,4,116,43.86666666666667,-0.6600202918052673,1.4152373830271643
UBFC_PHYS_s10_T2_ctrl,4,117,43.9,-0.6735351085662842,1.025995377660615
UBFC_PHYS_s10_T2_ctrl,4,118,43.93333333333333,-0.44939327239990234,0.5729716221423341
UBFC_PHYS_s10_T2_ctrl,4,119,43.96666666666667,-0.06132654473185539,0.08894592531135193
UBFC_PHYS_s10_T2_ctrl,4,120,44.0,0.32261162996292114,-0.3926108557208813
UBFC_PHYS_s10_T2_ctrl,4,121,44.03333333333333,0.5871568918228149,-0.838596199793875
UBFC_PHYS_s10_T2_ctrl,4,122,44.06666666666667,0.7055617570877075,-1.2169006607262085
UBFC_PHYS_s10_T2_ctrl,4,123,44.1,0.6997394561767578,-1.4972937234171928
UBFC_PHYS_s10_T2_ctrl,4,124,44.13333333333333,0.6392049193382263,-1.6534916598801286
UBFC_PHYS_s10_T2_ctrl,4,125,44.166666666666664,0.5891153216362,-1.6672394102200008
UBFC_PHYS_s10_T2_ctrl,4,126,44.2,0.5646085739135742,-1.5337428957448953
UBFC_PHYS_s10_T2_ctrl,4,127,44.233333333333334,0.5440893173217773,-1.266320073558779
UBFC_PHYS_s10_T2_ctrl,4,128,44.266666666666666,0.5004571676254272,-0.8974979375736202
UBFC_PHYS_s10_T2_ctrl,4,129,44.3,0.4436630606651306,-0.4738151068159715
UBFC_PHYS_s10_T2_ctrl,4,130,44.333333333333336,0.4137398302555084,-0.04569005089637716
UBFC_PHYS_s10_T2_ctrl,4,131,44.36666666666667,0.39950159192085266,0.3423965481984802
UBFC_PHYS_s10_T2_ctrl,4,132,44.4,0.34775349497795105,0.6584281818263805
UBFC_PHYS_s10_T2_ctrl,4,133,44.43333333333333,0.2558313310146332,0.8858997818442477
UBFC_PHYS_s10_T2_ctrl,4,134,44.46666666666667,0.1582103669643402,1.0230624521098315
UBFC_PHYS_s10_T2_ctrl,4,135,44.5,0.05293215811252594,1.0778884602123906
UBFC_PHYS_s10_T2_ctrl,4,136,44.53333333333333,-0.0748061090707779,1.0611250178655356
UBFC_PHYS_s10_T2_ctrl,4,137,44.56666666666667,-0.21992312371730804,0.9821412706845357
UBFC_PHYS_s10_T2_ctrl,4,138,44.6,-0.3908877372741699,0.848666978195008
UBFC_PHYS_s10_T2_ctrl,4,139,44.63333333333333,-0.5309411287307739,0.667763920679385
UBFC_PHYS_s10_T2_ctrl,4,140,44.666666666666664,-0.47910478711128235,0.44693831756084806
UBFC_PHYS_s10_T2_ctrl,4,141,44.7,-0.15974146127700806,0.19616862197566573
UBFC_PHYS_s10_T2_ctrl,4,142,44.733333333333334,0.260630339384079,-0.06989005228960571
UBFC_PHYS_s10_T2_ctrl,4,143,44.766666666666666,0.5358851552009583,-0.33165559896061203
UBFC_PHYS_s10_T2_ctrl,4,144,44.8,0.5979546308517456,-0.5668791773159854
UBFC_PHYS_s10_T2_ctrl,4,145,44.833333333333336,0.5377729535102844,-0.7542457062701609
UBFC_PHYS_s10_T2_ctrl,4,146,44.86666666666667,0.4335886538028717,-0.8766630081504436
UBFC_PHYS_s10_T2_ctrl,4,147,44.9,0.30779117345809937,-0.9224902508374078
UBFC_PHYS_s10_T2_ctrl,4,148,44.93333333333333,0.16373275220394135,-0.8852195028736315
UBFC_PHYS_s10_T2_ctrl,4,149,44.96666666666667,0.017098398879170418,-0.7641693290121802
UBFC_PHYS_s10_T2_ctrl,4,150,45.0,-0.09897757321596146,-0.5666830440333881
UBFC_PHYS_s10_T2_ctrl,4,151,45.03333333333333,-0.16028840839862823,-0.3100617798764602
UBFC_PHYS_s10_T2_ctrl,4,152,45.06666666666667,-0.19534586369991302,-0.02157998484768154
UBFC_PHYS_s10_T2_ctrl,4,153,45.1,-0.24199503660202026,0.2645170332496644
UBFC_PHYS_s10_T2_ctrl,4,154,45.13333333333333,-0.30447033047676086,0.5129305764380774
UBFC_PHYS_s10_T2_ctrl,4,155,45.166666666666664,-0.37024495005607605,0.694739792738854
UBFC_PHYS_s10_T2_ctrl,4,156,45.2,-0.41285377740859985,0.7934894067668917
UBFC_PHYS_s10_T2_ctrl,4,157,45.233333333333334,-0.38898226618766785,0.8062127729345667
UBFC_PHYS_s10_T2_ctrl,4,158,45.266666666666666,-0.2953839898109436,0.7400374575951665
UBFC_PHYS_s10_T2_ctrl,4,159,45.3,-0.19673968851566315,0.6091366948105243
UBFC_PHYS_s10_T2_ctrl,4,160,45.333333333333336,-0.154995396733284,0.4333047192305526
UBFC_PHYS_s10_T2_ctrl,4,161,45.36666666666667,-0.1983981728553772,0.23568030328292325
UBFC_PHYS_s10_T2_ctrl,4,162,45.4,-0.3199083209037781,0.03920362322112785
UBFC_PHYS_s10_T2_ctrl,4,163,45.43333333333333,-0.435772567987442,-0.136309246675901
UBFC_PHYS_s10_T2_ctrl,4,164,45.46666666666667,-0.4022500813007355,-0.2756094082556128
UBFC_PHYS_s10_T2_ctrl,4,165,45.5,-0.16593430936336517,-0.36829172015857203
UBFC_PHYS_s10_T2_ctrl,4,166,45.53333333333333,0.14444850385189056,-0.4084170143279986
UBFC_PHYS_s10_T2_ctrl,4,167,45.56666666666667,0.36536160111427307,-0.3940240664303647
UBFC_PHYS_s10_T2_ctrl,4,168,45.6,0.44540974497795105,-0.32714118025510963
UBFC_PHYS_s10_T2_ctrl,4,169,45.63333333333333,0.38633960485458374,-0.21480418154985645
UBFC_PHYS_s10_T2_ctrl,4,170,45.666666666666664,0.22469072043895721,-0.07072016225614318
UBFC_PHYS_s10_T2_ctrl,4,171,45.7,0.05510229617357254,0.08359343172109518
UBFC_PHYS_s10_T2_ctrl,4,172,45.733333333333334,-0.062402792274951935,0.21976995547825956
UBFC_PHYS_s10_T2_ctrl,4,173,45.766666666666666,-0.16623423993587494,0.3071945639982515
UBFC_PHYS_s10_T2_ctrl,4,174,45.8,-0.2880443334579468,0.32070220934712473
UBFC_PHYS_s10_T2_ctrl,4,175,45.833333333333336,-0.38656511902809143,0.2487134089516245
UBFC_PHYS_s10_T2_ctrl,4,176,45.86666666666667,-0.4318910241127014,0.09835482868547124
UBFC_PHYS_s10_T2_ctrl,4,177,45.9,-0.4678482711315155,-0.10594333750439074
UBFC_PHYS_s10_T2_ctrl,4,178,45.93333333333333,-0.5614112615585327,-0.3294547458918344
UBFC_PHYS_s10_T2_ctrl,4,179,45.96666666666667,-0.7106744647026062,-0.53466481261287
UBFC_PHYS_s10_T2_ctrl,4,180,46.0,-0.815123438835144,-0.6869304565906492
UBFC_PHYS_s10_T2_ctrl,4,181,46.03333333333333,-0.7493135333061218,-0.7591159172398585
UBFC_PHYS_s10_T2_ctrl,4,182,46.06666666666667,-0.5246776938438416,-0.7358375655103592
UBFC_PHYS_s10_T2_ctrl,4,183,46.1,-0.2920670211315155,-0.6173359099003987
UBFC_PHYS_s10_T2_ctrl,4,184,46.13333333333333,-0.18050776422023773,-0.42139709191085784
UBFC_PHYS_s10_T2_ctrl,4,185,46.166666666666664,-0.1422039270401001,-0.18048577601745525
UBFC_PHYS_s10_T2_ctrl,4,186,46.2,-0.022175824269652367,0.06599949541535559
UBFC_PHYS_s10_T2_ctrl,4,187,46.233333333333334,0.234500452876091,0.28152128043808383
UBFC_PHYS_s10_T2_ctrl,4,188,46.266666666666666,0.5124546885490417,0.4411272393846734
UBFC_PHYS_s10_T2_ctrl,4,189,46.3,0.6914294362068176,0.5362395954931912
UBFC_PHYS_s10_T2_ctrl,4,190,46.333333333333336,0.778076171875,0.5742143913271064
UBFC_PHYS_s10_T2_ctrl,4,191,46.36666666666667,0.817685604095459,0.573142611956226
UBFC_PHYS_s10_T2_ctrl,4,192,46.4,0.830530047416687,0.5537155613884173
UBFC_PHYS_s10_T2_ctrl,4,193,46.43333333333333,0.8433567881584167,0.5309981991743915
UBFC_PHYS_s10_T2_ctrl,4,194,46.46666666666667,0.8717097640037537,0.509159894198149
UBFC_PHYS_s10_T2_ctrl,4,195,46.5,0.8916115164756775,0.4818276067575953
UBFC_PHYS_s10_T2_ctrl,4,196,46.53333333333333,0.8991628885269165,0.4372039504123739
UBFC_PHYS_s10_T2_ctrl,4,197,46.56666666666667,0.9075964093208313,0.3638317068279215
UBFC_PHYS_s10_T2_ctrl,4,198,46.6,0.877108633518219,0.25471523813458075
UBFC_PHYS_s10_T2_ctrl,4,199,46.63333333333333,0.7599917054176331,0.10979875287176677
UBFC_PHYS_s10_T2_ctrl,4,200,46.666666666666664,0.5877920389175415,-0.06328050353075267
UBFC_PHYS_s10_T2_ctrl,4,201,46.7,0.4489031434059143,-0.2504290544402681
UBFC_PHYS_s10_T2_ctrl,4,202,46.733333333333334,0.3889508545398712,-0.4336967133864564
UBFC_PHYS_s10_T2_ctrl,4,203,46.766666666666666,0.34685367345809937,-0.5938688434875231
UBFC_PHYS_s10_T2_ctrl,4,204,46.8,0.22966615855693817,-0.7121634171642427
UBFC_PHYS_s10_T2_ctrl,4,205,46.833333333333336,0.06598827987909317,-0.7708052387926121
UBFC_PHYS_s10_T2_ctrl,4,206,46.86666666666667,-0.006049750838428736,-0.7536796368624794
UBFC_PHYS_s10_T2_ctrl,4,207,46.9,0.08426684886217117,-0.6492902584821012
UBFC_PHYS_s10_T2_ctrl,4,208,46.93333333333333,0.23273611068725586,-0.45593411474652135
UBFC_PHYS_s10_T2_ctrl,4,209,46.96666666666667,0.27522143721580505,-0.18658185002389846
UBFC_PHYS_s10_T2_ctrl,4,210,47.0,0.1693786382675171,0.1289413579597657
UBFC_PHYS_s10_T2_ctrl,4,211,47.03333333333333,-0.0036149609368294477,0.4462380470095183
UBFC_PHYS_s10_T2_ctrl,4,212,47.06666666666667,-0.19321100413799286,0.7137685513451004
UBFC_PHYS_s10_T2_ctrl,4,213,47.1,-0.44027164578437805,0.8847203367445202
UBFC_PHYS_s10_T2_ctrl,4,214,47.13333333333333,-0.7662864923477173,0.9289743066227306
UBFC_PHYS_s10_T2_ctrl,4,215,47.166666666666664,-1.08462655544281,0.8380582778895754
UBFC_PHYS_s10_T2_ctrl,4,216,47.2,-1.2683649063110352,0.6225090450523989
UBFC_PHYS_s10_T2_ctrl,4,217,47.233333333333334,-1.2710820436477661,0.3075559782807608
UBFC_PHYS_s10_T2_ctrl,4,218,47.266666666666666,-1.1331281661987305,-0.0700280019164081
UBFC_PHYS_s10_T2_ctrl,4,219,47.3,-0.9051048159599304,-0.4648570149218198
UBFC_PHYS_s10_T2_ctrl,4,220,47.333333333333336,-0.6352488994598389,-0.82677695476446
UBFC_PHYS_s10_T2_ctrl,4,221,47.36666666666667,-0.4063786566257477,-1.1064491572728148
UBFC_PHYS_s10_T2_ctrl,4,222,47.4,-0.2888911962509155,-1.2623734868237697
UBFC_PHYS_s10_T2_ctrl,4,223,47.43333333333333,-0.2754998505115509,-1.2677896540645368
UBFC_PHYS_s10_T2_ctrl,4,224,47.46666666666667,-0.32239603996276855,-1.1163263633753036
UBFC_PHYS_s10_T2_ctrl,4,225,47.5,-0.4189407527446747,-0.8257504985507618
UBFC_PHYS_s10_T2_ctrl,4,226,47.53333333333333,-0.5700565576553345,-0.4372538922467186
UBFC_PHYS_s10_T2_ctrl,4,227,47.56666666666667,-0.7244539856910706,-0.006460527513961362
UBFC_PHYS_s10_T2_ctrl,4,228,47.6,-0.7548888921737671,0.41108729284952755
UBFC_PHYS_s10_T2_ctrl,4,229,47.63333333333333,-0.5506311655044556,0.771107947835767
UBFC_PHYS_s10_T2_ctrl,4,230,47.666666666666664,-0.15870051085948944,1.044896826638909
UBFC_PHYS_s10_T2_ctrl,4,231,47.7,0.27349239587783813,1.2192148465164734
UBFC_PHYS_s10_T2_ctrl,4,232,47.733333333333334,0.6559485197067261,1.293735245155562
UBFC_PHYS_s10_T2_ctrl,4,233,47.766666666666666,0.9257691502571106,1.2769662883641983
UBFC_PHYS_s10_T2_ctrl,4,234,47.8,0.988738477230072,1.1817245549134308
UBFC_PHYS_s10_T2_ctrl,4,235,47.833333333333336,0.837181568145752,1.0212619231387459
UBFC_PHYS_s10_T2_ctrl,4,236,47.86666666666667,0.5739243030548096,0.806752429342302
UBFC_PHYS_s10_T2_ctrl,4,237,47.9,0.3025510907173157,0.5464118287038882
UBFC_PHYS_s10_T2_ctrl,4,238,47.93333333333333,0.06916408985853195,0.24681516383432675
UBFC_PHYS_s10_T2_ctrl,4,239,47.96666666666667,-0.11069279909133911,-0.08288688216064455
UBFC_PHYS_s10_T2_ctrl,4,240,48.0,-0.22680406272411346,-0.4259234778845927
UBFC_PHYS_s10_T2_ctrl,4,241,48.03333333333333,-0.27588802576065063,-0.756424730166766
UBFC_PHYS_s10_T2_ctrl,4,242,48.06666666666667,-0.28079289197921753,-1.0422934783122653
UBFC_PHYS_s10_T2_ctrl,4,243,48.1,-0.2694128751754761,-1.2494485547526133
UBFC_PHYS_s10_T2_ctrl,4,244,48.13333333333333,-0.2557392418384552,-1.3464774284750098
UBFC_PHYS_s10_T2_ctrl,4,245,48.166666666666664,-0.26094403862953186,-1.3108832768706864
UBFC_PHYS_s10_T2_ctrl,4,246,48.2,-0.3275831937789917,-1.136402654971632
UBFC_PHYS_s10_T2_ctrl,4,247,48.233333333333334,-0.4750114977359772,-0.8390267051036704
UBFC_PHYS_s10_T2_ctrl,4,248,48.266666666666666,-0.6753700375556946,-0.458454659486358
UBFC_PHYS_s10_T2_ctrl,4,249,48.3,-0.8582086563110352,-0.0515706832618351
UBFC_PHYS_s10_T2_ctrl,4,250,48.333333333333336,-0.9186020493507385,0.32059415648690365
UBFC_PHYS_s10_T2_ctrl,4,251,48.36666666666667,-0.7849355936050415,0.6062643099216561
UBFC_PHYS_s10_T2_ctrl,4,252,48.4,-0.5133153200149536,0.772410548713133
UBFC_PHYS_s10_T2_ctrl,4,253,48.43333333333333,-0.22174039483070374,0.8086969228630998
UBFC_PHYS_s10_T2_ctrl,4,254,48.46666666666667,0.06311240047216415,0.7260853393057419
UBFC_PHYS_s10_T2_ctrl,4,255,48.5,0.35092929005622864,0.5518897928606273
UBFC_PHYS_s10_T2_ctrl,4,256,48.53333333333333,0.46905189752578735,0.32299667216354166
UBFC_PHYS_s10_T2_ctrl,4,257,48.56666666666667,0.24208712577819824,0.07857842273155154
UBFC_PHYS_s10_T2_ctrl,4,258,48.6,-0.13698147237300873,-0.14638858682153855
UBFC_PHYS_s10_T2_ctrl,4,259,48.63333333333333,-0.2951722741127014,-0.32559217269882157
UBFC_PHYS_s10_T2_ctrl,4,260,48.666666666666664,-0.1394691914319992,-0.44295392239858966
UBFC_PHYS_s10_T2_ctrl,4,261,48.7,0.19002142548561096,-0.49084177704923443
UBFC_PHYS_s10_T2_ctrl,4,262,48.733333333333334,0.5852866768836975,-0.46657749301628176
UBFC_PHYS_s10_T2_ctrl,4,263,48.766666666666666,0.9469059705734253,-0.3705751384637242
UBFC_PHYS_s10_T2_ctrl,4,264,48.8,1.2038469314575195,-0.20747428264891352
UBFC_PHYS_s10_T2_ctrl,4,265,48.833333333333336,1.4006237983703613,0.01068885640828089
UBFC_PHYS_s10_T2_ctrl,4,266,48.86666666666667,1.549340009689331,0.2618120351210124
UBFC_PHYS_s10_T2_ctrl,4,267,48.9,1.5694888830184937,0.5150153938373019
UBFC_PHYS_s10_T2_ctrl,4,268,48.93333333333333,1.4551242589950562,0.7361152367306006
UBFC_PHYS_s10_T2_ctrl,4,269,48.96666666666667,1.3364194631576538,0.8941677199473143
UBFC_PHYS_s10_T2_ctrl,4,270,49.0,1.3221988677978516,0.9669180551178854
UBFC_PHYS_s10_T2_ctrl,4,271,49.03333333333333,1.3362077474594116,0.944350868045134
UBFC_PHYS_s10_T2_ctrl,4,272,49.06666666666667,1.1856741905212402,0.8297887725387505
UBFC_PHYS_s10_T2_ctrl,4,273,49.1,0.8312710523605347,0.6382559727103406
UBFC_PHYS_s10_T2_ctrl,4,274,49.13333333333333,0.4462566375732422,0.39254115765286157
UBFC_PHYS_s10_T2_ctrl,4,275,49.166666666666664,0.1940794140100479,0.1180553288730206
UBFC_PHYS_s10_T2_ctrl,4,276,49.2,0.05107960104942322,-0.16175411648918017
UBFC_PHYS_s10_T2_ctrl,4,277,49.233333333333334,-0.12201986461877823,-0.427339121163256
UBFC_PHYS_s10_T2_ctrl,4,278,49.266666666666666,-0.409236878156662,-0.6623962763373875
UBFC_PHYS_s10_T2_ctrl,4,279,49.3,-0.7663217782974243,-0.8527392260204874
UBFC_PHYS_s10_T2_ctrl,4,280,49.333333333333336,-1.0993587970733643,-0.9861355496878328
UBFC_PHYS_s10_T2_ctrl,4,281,49.36666666666667,-1.3594578504562378,-1.0534691508955625
UBFC_PHYS_s10_T2_ctrl,4,282,49.4,-1.5640331506729126,-1.0507630445297136
UBFC_PHYS_s10_T2_ctrl,4,283,49.43333333333333,-1.7456719875335693,-0.9808784338212149
UBFC_PHYS_s10_T2_ctrl,4,284,49.46666666666667,-1.8788797855377197,-0.8536137069653501
UBFC_PHYS_s10_T2_ctrl,4,285,49.5,-1.8956938982009888,-0.6831723200696002
UBFC_PHYS_s10_T2_ctrl,4,286,49.53333333333333,-1.8050950765609741,-0.48409680217634854
UBFC_PHYS_s10_T2_ctrl,4,287,49.56666666666667,-1.736920952796936,-0.2686543866264855
UBFC_PHYS_s10_T2_ctrl,4,288,49.6,-1.7929034233093262,-0.046649131836157876
UBFC_PHYS_s10_T2_ctrl,4,289,49.63333333333333,-1.9182775020599365,0.1735747971752599
UBFC_PHYS_s10_T2_ctrl,4,290,49.666666666666664,-1.9335390329360962,0.38381758929094134
UBFC_PHYS_s10_T2_ctrl,4,291,49.7,-1.7304457426071167,0.5746921094910005
UBFC_PHYS_s10_T2_ctrl,4,292,49.733333333333334,-1.3923099040985107,0.7347197859920419
UBFC_PHYS_s10_T2_ctrl,4,293,49.766666666666666,-1.0395828485488892,0.8503825209700875
UBFC_PHYS_s10_T2_ctrl,4,294,49.8,-0.6763404011726379,0.9078550331759749
UBFC_PHYS_s10_T2_ctrl,4,295,49.833333333333336,-0.30328822135925293,0.8971059419286807
UBFC_PHYS_s10_T2_ctrl,4,296,49.86666666666667,0.00030187543598003685,0.8166071025420358
UBFC_PHYS_s10_T2_ctrl,4,297,49.9,0.18557529151439667,0.6748202519874764
UBFC_PHYS_s10_T2_ctrl,4,298,49.93333333333333,0.2754860818386078,0.4878784635054688
UBFC_PHYS_s10_T2_ctrl,4,299,49.96666666666667,0.3107728958129883,0.2762412029581316
UBFC_PHYS_s10_T2_ctrl,5,0,50.0,0.3390200138092041,-0.09868051613023143
UBFC_PHYS_s10_T2_ctrl,5,1,50.03333333333333,0.41031700372695923,-0.16149913732693302
UBFC_PHYS_s10_T2_ctrl,5,2,50.06666666666667,0.519741415977478,-0.24090514758155143
UBFC_PHYS_s10_T2_ctrl,5,3,50.1,0.6292893290519714,-0.34944487192185086
UBFC_PHYS_s10_T2_ctrl,5,4,50.13333333333333,0.7175769209861755,-0.48750744239860583
UBFC_PHYS_s10_T2_ctrl,5,5,50.166666666666664,0.7205587029457092,-0.6427044207223291
UBFC_PHYS_s10_T2_ctrl,5,6,50.2,0.5305215120315552,-0.7929451276519623
UBFC_PHYS_s10_T2_ctrl,5,7,50.233333333333334,0.13305087387561798,-0.9109904710651396
UBFC_PHYS_s10_T2_ctrl,5,8,50.266666666666666,-0.329153448343277,-0.969548478589201
UBFC_PHYS_s10_T2_ctrl,5,9,50.3,-0.6423062682151794,-0.9473435988748394
UBFC_PHYS_s10_T2_ctrl,5,10,50.333333333333336,-0.673358678817749,-0.834892723342509
UBFC_PHYS_s10_T2_ctrl,5,11,50.36666666666667,-0.46814823150634766,-0.6371452126231912
UBFC_PHYS_s10_T2_ctrl,5,12,50.4,-0.21796470880508423,-0.3721634842923643
UBFC_PHYS_s10_T2_ctrl,5,13,50.43333333333333,-0.11400976032018661,-0.06718416993639778
UBFC_PHYS_s10_T2_ctrl,5,14,50.46666666666667,-0.21385379135608673,0.24651112910365858
UBFC_PHYS_s10_T2_ctrl,5,15,50.5,-0.38956448435783386,0.5386786808420329
UBFC_PHYS_s10_T2_ctrl,5,16,50.53333333333333,-0.467283695936203,0.7841732622012785
UBFC_PHYS_s10_T2_ctrl,5,17,50.56666666666667,-0.4618142247200012,0.9653556235754042
UBFC_PHYS_s10_T2_ctrl,5,18,50.6,-0.4889674484729767,1.072567286435554
UBFC_PHYS_s10_T2_ctrl,5,19,50.63333333333333,-0.5643753409385681,1.1027387344755588
UBFC_PHYS_s10_T2_ctrl,5,20,50.666666666666664,-0.6127535700798035,1.0570260015573394
UBFC_PHYS_s10_T2_ctrl,5,21,50.7,-0.5907522439956665,0.9389922618853929
UBFC_PHYS_s10_T2_ctrl,5,22,50.733333333333334,-0.5304294228553772,0.7539597234259081
UBFC_PHYS_s10_T2_ctrl,5,23,50.766666666666666,-0.49039655923843384,0.509158196749702
UBFC_PHYS_s10_T2_ctrl,5,24,50.8,-0.47806382179260254,0.21434007795800114
UBFC_PHYS_s10_T2_ctrl,5,25,50.833333333333336,-0.4894261658191681,-0.11732840706279571
UBFC_PHYS_s10_T2_ctrl,5,26,50.86666666666667,-0.5927106738090515,-0.46816899512334287
UBFC_PHYS_s10_T2_ctrl,5,27,50.9,-0.7688624262809753,-0.8146749685122057
UBFC_PHYS_s10_T2_ctrl,5,28,50.93333333333333,-0.7625637650489807,-1.1268255831662815
UBFC_PHYS_s10_T2_ctrl,5,29,50.96666666666667,-0.34351518750190735,-1.3695555152122039
UBFC_PHYS_s10_T2_ctrl,5,30,51.0,0.43720555305480957,-1.5069541657912393
UBFC_PHYS_s10_T2_ctrl,5,31,51.03333333333333,1.3543097972869873,-1.508588877369064
UBFC_PHYS_s10_T2_ctrl,5,32,51.06666666666667,2.0981030464172363,-1.3566804284461587
UBFC_PHYS_s10_T2_ctrl,5,33,51.1,2.4668147563934326,-1.05231692823456
UBFC_PHYS_s10_T2_ctrl,5,34,51.13333333333333,2.6509766578674316,-0.619139188193796
UBFC_PHYS_s10_T2_ctrl,5,35,51.166666666666664,2.979355812072754,-0.10337819704603551
UBFC_PHYS_s10_T2_ctrl,5,36,51.2,3.3530783653259277,0.43115240934824195
UBFC_PHYS_s10_T2_ctrl,5,37,51.233333333333334,3.3642468452453613,0.9143507669041352
UBFC_PHYS_s10_T2_ctrl,5,38,51.266666666666666,2.86832594871521,1.284930180580057
UBFC_PHYS_s10_T2_ctrl,5,39,51.3,2.143146514892578,1.5034198347555179
UBFC_PHYS_s10_T2_ctrl,5,40,51.333333333333336,1.4576120376586914,1.5587561378849704
UBFC_PHYS_s10_T2_ctrl,5,41,51.36666666666667,0.8327354788780212,1.4665637407972825
UBFC_PHYS_s10_T2_ctrl,5,42,51.4,0.2761918306350708,1.260588520691953
UBFC_PHYS_s10_T2_ctrl,5,43,51.43333333333333,-0.19236412644386292,0.9817291317447552
UBFC_PHYS_s10_T2_ctrl,5,44,51.46666666666667,-0.6330611705780029,0.6685169157282024
UBFC_PHYS_s10_T2_ctrl,5,45,51.5,-0.7947453260421753,0.35157393580266083
UBFC_PHYS_s10_T2_ctrl,5,46,51.53333333333333,-0.37504395842552185,0.05218888838389419
UBFC_PHYS_s10_T2_ctrl,5,47,51.56666666666667,-0.019864538684487343,-0.21702945782596134
UBFC_PHYS_s10_T2_ctrl,5,48,51.6,-0.37273266911506653,-0.45060750925519977
UBFC_PHYS_s10_T2_ctrl,5,49,51.63333333333333,-0.8484342098236084,-0.6477724161266192
UBFC_PHYS_s10_T2_ctrl,5,50,51.666666666666664,-0.6856208443641663,-0.8094307698482466
UBFC_PHYS_s10_T2_ctrl,5,51,51.7,-0.2068493664264679,-0.9352068882087464
UBFC_PHYS_s10_T2_ctrl,5,52,51.733333333333334,-0.1031414195895195,-1.0212484646062039
UBFC_PHYS_s10_T2_ctrl,5,53,51.766666666666666,-0.48799705505371094,-1.059494163990056
UBFC_PHYS_s10_T2_ctrl,5,54,51.8,-1.0107535123825073,-1.0385664450725902
UBFC_PHYS_s10_T2_ctrl,5,55,51.833333333333336,-1.3403676748275757,-0.945912746435156
UBFC_PHYS_s10_T2_ctrl,5,56,51.86666666666667,-1.3720200061798096,-0.7713933144515854
UBFC_PHYS_s10_T2_ctrl,5,57,51.9,-1.183994174003601,-0.5129176801068377
UBFC_PHYS_s10_T2_ctrl,5,58,51.93333333333333,-0.9320286512374878,-0.18258225269395856
UBFC_PHYS_s10_T2_ctrl,5,59,51.96666666666667,-0.7897346019744873,0.19017234644346234
UBFC_PHYS_s10_T2_ctrl,5,60,52.0,-0.8294146060943604,0.5607506821962818
UBFC_PHYS_s10_T2_ctrl,5,61,52.03333333333333,-0.9535712599754333,0.8775907244168318
UBFC_PHYS_s10_T2_ctrl,5,62,52.06666666666667,-1.0448758602142334,1.0938968824825803
UBFC_PHYS_s10_T2_ctrl,5,63,52.1,-1.0674947500228882,1.1777846593605974
UBFC_PHYS_s10_T2_ctrl,5,64,52.13333333333333,-0.9540476202964783,1.1182390283921475
UBFC_PHYS_s10_T2_ctrl,5,65,52.166666666666664,-0.6226338744163513,0.9271903342832818
UBFC_PHYS_s10_T2_ctrl,5,66,52.2,-0.15370742976665497,0.6374201533191711
UBFC_PHYS_s10_T2_ctrl,5,67,52.233333333333334,0.2306189090013504,0.29541266544736217
UBFC_PHYS_s10_T2_ctrl,5,68,52.266666666666666,0.4093466103076935,-0.049021734916908054
UBFC_PHYS_s10_T2_ctrl,5,69,52.3,0.4509674310684204,-0.35207060569352316
UBFC_PHYS_s10_T2_ctrl,5,70,52.333333333333336,0.45079097151756287,-0.5818864116066398
UBFC_PHYS_s10_T2_ctrl,5,71,52.36666666666667,0.44470399618148804,-0.7211878813492839
UBFC_PHYS_s10_T2_ctrl,5,72,52.4,0.43614694476127625,-0.7672295222394839
UBFC_PHYS_s10_T2_ctrl,5,73,52.43333333333333,0.40123066306114197,-0.7302682832681686
UBFC_PHYS_s10_T2_ctrl,5,74,52.46666666666667,0.3248347043991089,-0.6306432618671857
UBFC_PHYS_s10_T2_ctrl,5,75,52.5,0.24824467301368713,-0.49362323928990726
UBFC_PHYS_s10_T2_ctrl,5,76,52.53333333333333,0.20540648698806763,-0.34292692398841906
UBFC_PHYS_s10_T2_ctrl,5,77,52.56666666666667,0.14508366584777832,-0.19552748402410405
UBFC_PHYS_s10_T2_ctrl,5,78,52.6,0.00751802884042263,-0.0591974069950612
UBFC_PHYS_s10_T2_ctrl,5,79,52.63333333333333,-0.17768481373786926,0.06713670483492439
UBFC_PHYS_s10_T2_ctrl,5,80,52.666666666666664,-0.2882031202316284,0.1905529018367382
UBFC_PHYS_s10_T2_ctrl,5,81,52.7,-0.20155633985996246,0.31944484988617866
UBFC_PHYS_s10_T2_ctrl,5,82,52.733333333333334,0.08566068112850189,0.4580410157026836
UBFC_PHYS_s10_T2_ctrl,5,83,52.766666666666666,0.4351765811443329,0.601505371800604
UBFC_PHYS_s10_T2_ctrl,5,84,52.8,0.6902120113372803,0.7334622365575773
UBFC_PHYS_s10_T2_ctrl,5,85,52.833333333333336,0.7907794117927551,0.8279088924021368
UBFC_PHYS_s10_T2_ctrl,5,86,52.86666666666667,0.7600975632667542,0.8552585584718506
UBFC_PHYS_s10_T2_ctrl,5,87,52.9,0.6712629795074463,0.7900385392336554
UBFC_PHYS_s10_T2_ctrl,5,88,52.93333333333333,0.5987662076950073,0.6179675367730154
UBFC_PHYS_s10_T2_ctrl,5,89,52.96666666666667,0.5523993372917175,0.3407101822155137
UBFC_PHYS_s10_T2_ctrl,5,90,53.0,0.4983399510383606,-0.022479169057771003
UBFC_PHYS_s10_T2_ctrl,5,91,53.03333333333333,0.42485517263412476,-0.4360787577462772
UBFC_PHYS_s10_T2_ctrl,5,92,53.06666666666667,0.3454069197177887,-0.8520497506657769
UBFC_PHYS_s10_T2_ctrl,5,93,53.1,0.26311805844306946,-1.2152171208479174
UBFC_PHYS_s10_T2_ctrl,5,94,53.13333333333333,0.1702961027622223,-1.4701107321626157
UBFC_PHYS_s10_T2_ctrl,5,95,53.166666666666664,0.045786578208208084,-1.5695486522123507
UBFC_PHYS_s10_T2_ctrl,5,96,53.2,-0.1330646425485611,-1.4841288230932834
UBFC_PHYS_s10_T2_ctrl,5,97,53.233333333333334,-0.32396629452705383,-1.210557555325226
UBFC_PHYS_s10_T2_ctrl,5,98,53.266666666666666,-0.39528095722198486,-0.7763279097542459
UBFC_PHYS_s10_T2_ctrl,5,99,53.3,-0.26607829332351685,-0.23825382247332216
UBFC_PHYS_s10_T2_ctrl,5,100,53.333333333333336,-0.017376817762851715,0.32661585128959647
UBFC_PHYS_s10_T2_ctrl,5,101,53.36666666666667,0.20392443239688873,0.837621470798081
UBFC_PHYS_s10_T2_ctrl,5,102,53.4,0.3035038113594055,1.2295785417800758
UBFC_PHYS_s10_T2_ctrl,5,103,53.43333333333333,0.26205945014953613,1.4651330521286197
UBFC_PHYS_s10_T2_ctrl,5,104,53.46666666666667,0.1334037333726883,1.5368528852132912
UBFC_PHYS_s10_T2_ctrl,5,105,53.5,0.02170332707464695,1.4617652980200795
UBFC_PHYS_s10_T2_ctrl,5,106,53.53333333333333,-0.028368661180138588,1.271755272554783
UBFC_PHYS_s10_T2_ctrl,5,107,53.56666666666667,-0.09895993024110794,1.003117310314819
UBFC_PHYS_s10_T2_ctrl,5,108,53.6,-0.22759801149368286,0.6882854208718885
UBFC_PHYS_s10_T2_ctrl,5,109,53.63333333333333,-0.30649933218955994,0.35202740763865975
UBFC_PHYS_s10_T2_ctrl,5,110,53.666666666666664,-0.27488234639167786,0.012015475290892627
UBFC_PHYS_s10_T2_ctrl,5,111,53.7,-0.24014247953891754,-0.31849217534560553
UBFC_PHYS_s10_T2_ctrl,5,112,53.733333333333334,-0.30272364616394043,-0.6274672412804303
UBFC_PHYS_s10_T2_ctrl,5,113,53.766666666666666,-0.42860934138298035,-0.901014676674407
UBFC_PHYS_s10_T2_ctrl,5,114,53.8,-0.4930959939956665,-1.1212541611999984
UBFC_PHYS_s10_T2_ctrl,5,115,53.833333333333336,-0.3611586093902588,-1.2662653923600289
UBFC_PHYS_s10_T2_ctrl,5,116,53.86666666666667,-0.03173855319619179,-1.312828260006273
UBFC_PHYS_s10_T2_ctrl,5,117,53.9,0.31715983152389526,-1.242116943250003
UBFC_PHYS_s10_T2_ctrl,5,118,53.93333333333333,0.530380368232727,-1.0469106728409878
UBFC_PHYS_s10_T2_ctrl,5,119,53.96666666666667,0.6040945649147034,-0.7374808266401265
UBFC_PHYS_s10_T2_ctrl,5,120,54.0,0.5779999494552612,-0.3437238214938224
UBFC_PHYS_s10_T2_ctrl,5,121,54.03333333333333,0.4813670217990875,0.08798805436746812
UBFC_PHYS_s10_T2_ctrl,5,122,54.06666666666667,0.37802958488464355,0.5028344568618568
UBFC_PHYS_s10_T2_ctrl,5,123,54.1,0.29312950372695923,0.8481204855503649
UBFC_PHYS_s10_T2_ctrl,5,124,54.13333333333333,0.18615752458572388,1.083453469604211
UBFC_PHYS_s10_T2_ctrl,5,125,54.166666666666664,0.04402223601937294,1.1874416645263708
UBFC_PHYS_s10_T2_ctrl,5,126,54.2,-0.09569589793682098,1.1594563084796192
UBFC_PHYS_s10_T2_ctrl,5,127,54.233333333333334,-0.2351670265197754,1.0167910952226027
UBFC_PHYS_s10_T2_ctrl,5,128,54.266666666666666,-0.43033841252326965,0.7887883112549807
UBFC_PHYS_s10_T2_ctrl,5,129,54.3,-0.6816864013671875,0.5103696636401457
UBFC_PHYS_s10_T2_ctrl,5,130,54.333333333333336,-0.8684947490692139,0.21651770152647562
UBFC_PHYS_s10_T2_ctrl,5,131,54.36666666666667,-0.8375129699707031,-0.06183607767108442
UBFC_PHYS_s10_T2_ctrl,5,132,54.4,-0.5576179623603821,-0.3006358441376962
UBFC_PHYS_s10_T2_ctrl,5,133,54.43333333333333,-0.16046485304832458,-0.4847132772403343
UBFC_PHYS_s10_T2_ctrl,5,134,54.46666666666667,0.17490102350711823,-0.6088646222065897
UBFC_PHYS_s10_T2_ctrl,5,135,54.5,0.3416665196418762,-0.6772368737450495
UBFC_PHYS_s10_T2_ctrl,5,136,54.53333333333333,0.3325977921485901,-0.7007249371490186
UBFC_PHYS_s10_T2_ctrl,5,137,54.56666666666667,0.23303605616092682,-0.6926806087927836
UBFC_PHYS_s10_T2_ctrl,5,138,54.6,0.14148442447185516,-0.6640852578962936
UBFC_PHYS_s10_T2_ctrl,5,139,54.63333333333333,0.10293357074260712,-0.6200267824701873
UBFC_PHYS_s10_T2_ctrl,5,140,54.666666666666664,0.08548424392938614,-0.5584823745499133
UBFC_PHYS_s10_T2_ctrl,5,141,54.7,0.045363135635852814,-0.4714157520205724
UBFC_PHYS_s10_T2_ctrl,5,142,54.733333333333334,-0.019511669874191284,-0.3479533320031022
UBFC_PHYS_s10_T2_ctrl,5,143,54.766666666666666,-0.09895993024110794,-0.17918063450025498
UBFC_PHYS_s10_T2_ctrl,5,144,54.8,-0.1987510472536087,0.03663410052313709
UBFC_PHYS_s10_T2_ctrl,5,145,54.833333333333336,-0.32569536566734314,0.29016946944068317
UBFC_PHYS_s10_T2_ctrl,5,146,54.86666666666667,-0.46925976872444153,0.5599596926959627
UBFC_PHYS_s10_T2_ctrl,5,147,54.9,-0.5483551621437073,0.8148897741164797
UBFC_PHYS_s10_T2_ctrl,5,148,54.93333333333333,-0.4544922113418579,1.0198475670884966
UBFC_PHYS_s10_T2_ctrl,5,149,54.96666666666667,-0.21489475667476654,1.142899928928442
UBFC_PHYS_s10_T2_ctrl,5,150,55.0,0.013763794675469398,1.1617790590633628
UBFC_PHYS_s10_T2_ctrl,5,151,55.03333333333333,0.15166465938091278,1.0672740201295805
UBFC_PHYS_s10_T2_ctrl,5,152,55.06666666666667,0.2370234727859497,0.8632507814204664
UBFC_PHYS_s10_T2_ctrl,5,153,55.1,0.2785736918449402,0.565088155219364
UBFC_PHYS_s10_T2_ctrl,5,154,55.13333333333333,0.26943439245224,0.19770120414446385
UBFC_PHYS_s10_T2_ctrl,5,155,55.166666666666664,0.25053831934928894,-0.20660067195871012
UBFC_PHYS_s10_T2_ctrl,5,156,55.2,0.25718986988067627,-0.6105368661082126
UBFC_PHYS_s10_T2_ctrl,5,157,55.233333333333334,0.2636473774909973,-0.9749138263468576
UBFC_PHYS_s10_T2_ctrl,5,158,55.266666666666666,0.2287839949131012,-1.2623259442220587
UBFC_PHYS_s10_T2_ctrl,5,159,55.3,0.15789277851581573,-1.4410400148977975
UBFC_PHYS_s10_T2_ctrl,5,160,55.333333333333336,0.07216347008943558,-1.4886825942732342
UBFC_PHYS_s10_T2_ctrl,5,161,55.36666666666667,-0.04470645636320114,-1.3953923748252246
UBFC_PHYS_s10_T2_ctrl,5,162,55.4,-0.21367736160755157,-1.1660377367768924
UBFC_PHYS_s10_T2_ctrl,5,163,55.43333333333333,-0.380389928817749,-0.8210271138534047
UBFC_PHYS_s10_T2_ctrl,5,164,55.46666666666667,-0.4365665316581726,-0.3950484114257952
UBFC_PHYS_s10_T2_ctrl,5,165,55.5,-0.31863799691200256,0.06694740254554477
UBFC_PHYS_s10_T2_ctrl,5,166,55.53333333333333,-0.05169324576854706,0.5160011999064292
UBFC_PHYS_s10_T2_ctrl,5,167,55.56666666666667,0.24083444476127625,0.905917244872222
UBFC_PHYS_s10_T2_ctrl,5,168,55.6,0.4304834306240082,1.199272907035351
UBFC_PHYS_s10_T2_ctrl,5,169,55.63333333333333,0.49347037076950073,1.3719495674732998
UBFC_PHYS_s10_T2_ctrl,5,170,55.666666666666664,0.48643067479133606,1.4155966663078152
UBFC_PHYS_s10_T2_ctrl,5,171,55.7,0.43159496784210205,1.3375647939501685
UBFC_PHYS_s10_T2_ctrl,5,172,55.733333333333334,0.34718888998031616,1.158291252982714
UBFC_PHYS_s10_T2_ctrl,5,173,55.766666666666666,0.30685606598854065,0.906589443051324
UBFC_PHYS_s10_T2_ctrl,5,174,55.8,0.3304453194141388,0.6139047815097407
UBFC_PHYS_s10_T2_ctrl,5,175,55.833333333333336,0.36398541927337646,0.309089545257236
UBFC_PHYS_s10_T2_ctrl,5,176,55.86666666666667,0.41478079557418823,0.01470485336466116
UBFC_PHYS_s10_T2_ctrl,5,177,55.9,0.5365026593208313,-0.2547753133761824
UBFC_PHYS_s10_T2_ctrl,5,178,55.93333333333333,0.7216172814369202,-0.49265979786947334
UBFC_PHYS_s10_T2_ctrl,5,179,55.96666666666667,0.8993922472000122,-0.697610659482001
UBFC_PHYS_s10_T2_ctrl,5,180,56.0,0.978681743144989,-0.8697399712517069
UBFC_PHYS_s10_T2_ctrl,5,181,56.03333333333333,0.8787494897842407,-1.006487893324796
UBFC_PHYS_s10_T2_ctrl,5,182,56.06666666666667,0.5968784093856812,-1.099766180917209
UBFC_PHYS_s10_T2_ctrl,5,183,56.1,0.2002369612455368,-1.1358132513648354
UBFC_PHYS_s10_T2_ctrl,5,184,56.13333333333333,-0.16872195899486542,-1.0978488504143098
UBFC_PHYS_s10_T2_ctrl,5,185,56.166666666666664,-0.3282536566257477,-0.9702489030101619
UBFC_PHYS_s10_T2_ctrl,5,186,56.2,-0.21732954680919647,-0.7434221309207049
UBFC_PHYS_s10_T2_ctrl,5,187,56.233333333333334,0.011434865184128284,-0.419095501800047
UBFC_PHYS_s10_T2_ctrl,5,188,56.266666666666666,0.13509750366210938,-0.015281652217434166
UBFC_PHYS_s10_T2_ctrl,5,189,56.3,0.07203996926546097,0.4302740368836609
UBFC_PHYS_s10_T2_ctrl,5,190,56.333333333333336,-0.08539215475320816,0.8611847178194911
UBFC_PHYS_s10_T2_ctrl,5,191,56.36666666666667,-0.2130069136619568,1.212092311304131
UBFC_PHYS_s10_T2_ctrl,5,192,56.4,-0.25887978076934814,1.4244410305140771
UBFC_PHYS_s10_T2_ctrl,5,193,56.43333333333333,-0.24298305809497833,1.4597311222364704
UBFC_PHYS_s10_T2_ctrl,5,194,56.46666666666667,-0.21459482610225677,1.3061568120426688
UBFC_PHYS_s10_T2_ctrl,5,195,56.5,-0.193722665309906,0.979773597048999
UBFC_PHYS_s10_T2_ctrl,5,196,56.53333333333333,-0.13324107229709625,0.5212611488417761
UBFC_PHYS_s10_T2_ctrl,5,197,56.56666666666667,-0.020552631467580795,-0.011137568639989336
UBFC_PHYS_s10_T2_ctrl,5,198,56.6,0.0650002509355545,-0.5508631596796205
UBFC_PHYS_s10_T2_ctrl,5,199,56.63333333333333,0.07600973546504974,-1.0319881478026918
UBFC_PHYS_s10_T2_ctrl,5,200,56.666666666666664,0.06440037488937378,-1.3964789454802458
UBFC_PHYS_s10_T2_ctrl,5,201,56.7,0.06219494715332985,-1.599541781334604
UBFC_PHYS_s10_T2_ctrl,5,202,56.733333333333334,0.012987485155463219,-1.6136683879135771
UBFC_PHYS_s10_T2_ctrl,5,203,56.766666666666666,-0.14409177005290985,-1.4324225508352522
UBFC_PHYS_s10_T2_ctrl,5,204,56.8,-0.37892550230026245,-1.0737650598211814
UBFC_PHYS_s10_T2_ctrl,5,205,56.833333333333336,-0.5925518870353699,-0.5813660195436661
UBFC_PHYS_s10_T2_ctrl,5,206,56.86666666666667,-0.6893259882926941,-0.021161325479276058
UBFC_PHYS_s10_T2_ctrl,5,207,56.9,-0.6208695769309998,0.5299612254956706
UBFC_PHYS_s10_T2_ctrl,5,208,56.93333333333333,-0.4304795563220978,1.0009606816082053
UBFC_PHYS_s10_T2_ctrl,5,209,56.96666666666667,-0.22830374538898468,1.3413003672761974
UBFC_PHYS_s10_T2_ctrl,5,210,57.0,-0.06801339238882065,1.5283288860017343
UBFC_PHYS_s10_T2_ctrl,5,211,57.03333333333333,0.08700157701969147,1.565742423094916
UBFC_PHYS_s10_T2_ctrl,5,212,57.06666666666667,0.2616889476776123,1.4752860700303116
UBFC_PHYS_s10_T2_ctrl,5,213,57.1,0.4672699272632599,1.287046457467754
UBFC_PHYS_s10_T2_ctrl,5,214,57.13333333333333,0.7357673048973083,1.03155716881243
UBFC_PHYS_s10_T2_ctrl,5,215,57.166666666666664,1.0325822830200195,0.7342433158166454
UBFC_PHYS_s10_T2_ctrl,5,216,57.2,1.2579416036605835,0.41267166581844217
UBFC_PHYS_s10_T2_ctrl,5,217,57.233333333333334,1.3619494438171387,0.0771263378893602
UBFC_PHYS_s10_T2_ctrl,5,218,57.266666666666666,1.3375486135482788,-0.2659545019168289
UBFC_PHYS_s10_T2_ctrl,5,219,57.3,1.184739112854004,-0.609032529242152
UBFC_PHYS_s10_T2_ctrl,5,220,57.333333333333336,0.9659784436225891,-0.9388549698286663
UBFC_PHYS_s10_T2_ctrl,5,221,57.36666666666667,0.7516816258430481,-1.2341724038201725
UBFC_PHYS_s10_T2_ctrl,5,222,57.4,0.5393079519271851,-1.4664988887649513
UBFC_PHYS_s10_T2_ctrl,5,223,57.43333333333333,0.3225410580635071,-1.603243729645299
UBFC_PHYS_s10_T2_ctrl,5,224,57.46666666666667,0.1317099630832672,-1.6129859590856608
UBFC_PHYS_s10_T2_ctrl,5,225,57.5,-0.06033851578831673,-1.4730453292072425
UBFC_PHYS_s10_T2_ctrl,5,226,57.53333333333333,-0.3394572138786316,-1.17808356130411
UBFC_PHYS_s10_T2_ctrl,5,227,57.56666666666667,-0.7049580216407776,-0.7470914152884526
UBFC_PHYS_s10_T2_ctrl,5,228,57.6,-1.0333547592163086,-0.2256173734782003
UBFC_PHYS_s10_T2_ctrl,5,229,57.63333333333333,-1.179565668106079,0.31973762210518236
UBFC_PHYS_s10_T2_ctrl,5,230,57.666666666666664,-1.1247652769088745,0.8140849671175766
UBFC_PHYS_s10_T2_ctrl,5,231,57.7,-1.0082658529281616,1.1902629711104404
UBFC_PHYS_s10_T2_ctrl,5,232,57.733333333333334,-0.9977856278419495,1.4033578690033683
UBFC_PHYS_s10_T2_ctrl,5,233,57.766666666666666,-1.1650274991989136,1.4390509577924773
UBFC_PHYS_s10_T2_ctrl,5,234,57.8,-1.4553674459457397,1.3137983133742748
UBFC_PHYS_s10_T2_ctrl,5,235,57.833333333333336,-1.6858255863189697,1.0677979534409912
UBFC_PHYS_s10_T2_ctrl,5,236,57.86666666666667,-1.6313427686691284,0.7535696735346326
UBFC_PHYS_s10_T2_ctrl,5,237,57.9,-1.2677826881408691,0.42426556157095546
UBFC_PHYS_s10_T2_ctrl,5,238,57.93333333333333,-0.8252331614494324,0.12436307775924485
UBFC_PHYS_s10_T2_ctrl,5,239,57.96666666666667,-0.503135085105896,-0.1163821352556033
UBFC_PHYS_s10_T2_ctrl,5,240,58.0,-0.29111427068710327,-0.2854319315203753
UBFC_PHYS_s10_T2_ctrl,5,241,58.03333333333333,-0.10859323292970657,-0.3865259977954168
UBFC_PHYS_s10_T2_ctrl,5,242,58.06666666666667,0.047021616250276566,-0.4359351923308788
UBFC_PHYS_s10_T2_ctrl,5,243,58.1,0.12057697772979736,-0.4569082919899548
UBFC_PHYS_s10_T2_ctrl,5,244,58.13333333333333,0.07817987352609634,-0.4730754487911088
UBFC_PHYS_s10_T2_ctrl,5,245,58.166666666666664,-0.046400222927331924,-0.501365913135469
UBFC_PHYS_s10_T2_ctrl,5,246,58.2,-0.18250146508216858,-0.5459460992999251
UBFC_PHYS_s10_T2_ctrl,5,247,58.233333333333334,-0.28437450528144836,-0.5954903094027285
UBFC_PHYS_s10_T2_ctrl,5,248,58.266666666666666,-0.3553715646266937,-0.6252716085545816
UBFC_PHYS_s10_T2_ctrl,5,249,58.3,-0.43889546394348145,-0.6043829355413248
UBFC_PHYS_s10_T2_ctrl,5,250,58.333333333333336,-0.5222429037094116,-0.5061885308259266
UBFC_PHYS_s10_T2_ctrl,5,251,58.36666666666667,-0.4984596073627472,-0.3181626343608
UBFC_PHYS_s10_T2_ctrl,5,252,58.4,-0.3280066251754761,-0.04828012980415238
UBFC_PHYS_s10_T2_ctrl,5,253,58.43333333333333,-0.13461725413799286,0.2734328791535582
UBFC_PHYS_s10_T2_ctrl,5,254,58.46666666666667,-0.031173963099718094,0.5991683211554671
UBFC_PHYS_s10_T2_ctrl,5,255,58.5,0.01720425859093666,0.8737620082170265
UBFC_PHYS_s10_T2_ctrl,5,256,58.53333333333333,0.07385724037885666,1.048340439751646
UBFC_PHYS_s10_T2_ctrl,5,257,58.56666666666667,0.13665013015270233,1.0914468066229772
UBFC_PHYS_s10_T2_ctrl,5,258,58.6,0.2038891464471817,0.9943475130018954
UBFC_PHYS_s10_T2_ctrl,5,259,58.63333333333333,0.294099897146225,0.7702159101743253
UBFC_PHYS_s10_T2_ctrl,5,260,58.666666666666664,0.42635485529899597,0.4488477851162274
UBFC_PHYS_s10_T2_ctrl,5,261,58.7,0.6309301853179932,0.07002575443891429
UBFC_PHYS_s10_T2_ctrl,5,262,58.733333333333334,0.8724507689476013,-0.32250741420505435
UBFC_PHYS_s10_T2_ctrl,5,263,58.766666666666666,0.9752412438392639,-0.6859892197854071
UBFC_PHYS_s10_T2_ctrl,5,264,58.8,0.7939023375511169,-0.9825047233913554
UBFC_PHYS_s10_T2_ctrl,5,265,58.833333333333336,0.40977007150650024,-1.182065559874922
UBFC_PHYS_s10_T2_ctrl,5,266,58.86666666666667,0.033259760588407516,-1.265131710799562
UBFC_PHYS_s10_T2_ctrl,5,267,58.9,-0.17816118896007538,-1.2245593593580044
UBFC_PHYS_s10_T2_ctrl,5,268,58.93333333333333,-0.21147193014621735,-1.0666448373105857
UBFC_PHYS_s10_T2_ctrl,5,269,58.96666666666667,-0.17473836243152618,-0.8106517222671696
UBFC_PHYS_s10_T2_ctrl,5,270,59.0,-0.19001755118370056,-0.4863254699081833
UBFC_PHYS_s10_T2_ctrl,5,271,59.03333333333333,-0.2895263731479645,-0.1292015073232213
UBFC_PHYS_s10_T2_ctrl,5,272,59.06666666666667,-0.38908812403678894,0.22560464603566463
UBFC_PHYS_s10_T2_ctrl,5,273,59.1,-0.3820483982563019,0.5495625009085094
UBFC_PHYS_s10_T2_ctrl,5,274,59.13333333333333,-0.24610593914985657,0.8248784175406183
UBFC_PHYS_s10_T2_ctrl,5,275,59.166666666666664,-0.06298502534627914,1.0446221208506592
UBFC_PHYS_s10_T2_ctrl,5,276,59.2,0.0904596820473671,1.2088379746267137
UBFC_PHYS_s10_T2_ctrl,5,277,59.233333333333334,0.2144046127796173,1.3186871745224313
UBFC_PHYS_s10_T2_ctrl,5,278,59.266666666666666,0.296640545129776,1.3713856888895704
UBFC_PHYS_s10_T2_ctrl,5,279,59.3,0.2750273644924164,1.3588225565367889
UBFC_PHYS_s10_T2_ctrl,5,280,59.333333333333336,0.16602639853954315,1.2702588297683985
UBFC_PHYS_s10_T2_ctrl,5,281,59.36666666666667,0.07518049329519272,1.0969709656577005
UBFC_PHYS_s10_T2_ctrl,5,282,59.4,0.05933671444654465,0.8367690415486876
UBFC_PHYS_s10_T2_ctrl,5,283,59.43333333333333,0.07546278834342957,0.4968366440194394
UBFC_PHYS_s10_T2_ctrl,5,284,59.46666666666667,0.057872310280799866,0.09469129580392661
UBFC_PHYS_s10_T2_ctrl,5,285,59.5,-0.01720038428902626,-0.3416721234713104
UBFC_PHYS_s10_T2_ctrl,5,286,59.53333333333333,-0.13858702778816223,-0.7745321549206241
UBFC_PHYS_s10_T2_ctrl,5,287,59.56666666666667,-0.2999359667301178,-1.1593085853318281
UBFC_PHYS_s10_T2_ctrl,5,288,59.6,-0.5083928108215332,-1.4500385924553325
UBFC_PHYS_s10_T2_ctrl,5,289,59.63333333333333,-0.7605700492858887,-1.6069474278612457
UBFC_PHYS_s10_T2_ctrl,5,290,59.666666666666664,-1.0368129014968872,-1.6049280661622902
UBFC_PHYS_s10_T2_ctrl,5,291,59.7,-1.2996467351913452,-1.4411081767230434
UBFC_PHYS_s10_T2_ctrl,5,292,59.733333333333334,-1.5079976320266724,-1.1396744959693097
UBFC_PHYS_s10_T2_ctrl,5,293,59.766666666666666,-1.6277081966400146,-0.7523347059686836
UBFC_PHYS_s10_T2_ctrl,5,294,59.8,-1.6173338890075684,-0.35157470126829055
UBFC_PHYS_s10_T2_ctrl,5,295,59.833333333333336,-1.4223213195800781,-0.013537285958302888
UBFC_PHYS_s10_T2_ctrl,5,296,59.86666666666667,-1.0157818794250488,0.20458891677589966
UBFC_PHYS_s10_T2_ctrl,5,297,59.9,-0.47202977538108826,0.2805006205115825
UBFC_PHYS_s10_T2_ctrl,5,298,59.93333333333333,0.04587479680776596,0.2302250602317332
UBFC_PHYS_s10_T2_ctrl,5,299,59.96666666666667,0.4182036221027374,0.10076899979641457
UBFC_PHYS_s10_T2_ctrl,6,0,60.0,0.649455726146698,-0.09637267853703882
UBFC_PHYS_s10_T2_ctrl,6,1,60.03333333333333,0.7899678349494934,-0.4381771180346931
UBFC_PHYS_s10_T2_ctrl,6,2,60.06666666666667,0.8693984746932983,-0.7441655557677667
UBFC_PHYS_s10_T2_ctrl,6,3,60.1,0.9140009880065918,-0.9823450194838209
UBFC_PHYS_s10_T2_ctrl,6,4,60.13333333333333,0.94215989112854,-1.1255083920897804
UBFC_PHYS_s10_T2_ctrl,6,5,60.166666666666664,0.9355435967445374,-1.1557435567089005
UBFC_PHYS_s10_T2_ctrl,6,6,60.2,0.8794904947280884,-1.0677841036481017
UBFC_PHYS_s10_T2_ctrl,6,7,60.233333333333334,0.7996717095375061,-0.8708396374543875
UBFC_PHYS_s10_T2_ctrl,6,8,60.266666666666666,0.7172064185142517,-0.5884498770427763
UBFC_PHYS_s10_T2_ctrl,6,9,60.3,0.6128809452056885,-0.2558687186739057
UBFC_PHYS_s10_T2_ctrl,6,10,60.333333333333336,0.47716787457466125,0.08500743897333092
UBFC_PHYS_s10_T2_ctrl,6,11,60.36666666666667,0.34226638078689575,0.39253707633342977
UBFC_PHYS_s10_T2_ctrl,6,12,60.4,0.22368505597114563,0.632644729988107
UBFC_PHYS_s10_T2_ctrl,6,13,60.43333333333333,0.07415717840194702,0.7844982300426473
UBFC_PHYS_s10_T2_ctrl,6,14,60.46666666666667,-0.1408453732728958,0.8429893450202935
UBFC_PHYS_s10_T2_ctrl,6,15,60.5,-0.34589704871177673,0.8171939529640232
UBFC_PHYS_s10_T2_ctrl,6,16,60.53333333333333,-0.399180144071579,0.725771793806161
UBFC_PHYS_s10_T2_ctrl,6,17,60.56666666666667,-0.2670662999153137,0.5918203303730613
UBFC_PHYS_s10_T2_ctrl,6,18,60.6,-0.04964660853147507,0.43851274553077185
UBFC_PHYS_s10_T2_ctrl,6,19,60.63333333333333,0.13599731028079987,0.28548076632084574
UBFC_PHYS_s10_T2_ctrl,6,20,60.666666666666664,0.24665676057338715,0.14616714118183538
UBFC_PHYS_s10_T2_ctrl,6,21,60.7,0.2851899564266205,0.026730589387225865
UBFC_PHYS_s10_T2_ctrl,6,22,60.733333333333334,0.25784268975257874,-0.07346480639330985
UBFC_PHYS_s10_T2_ctrl,6,23,60.766666666666666,0.20238946378231049,-0.1602632197945794
UBFC_PHYS_s10_T2_ctrl,6,24,60.8,0.18314050137996674,-0.24233677976136114
UBFC_PHYS_s10_T2_ctrl,6,25,60.833333333333336,0.2076648324728012,-0.3281149490727698
UBFC_PHYS_s10_T2_ctrl,6,26,60.86666666666667,0.2420341968536377,-0.4222809886951505
UBFC_PHYS_s10_T2_ctrl,6,27,60.9,0.2729630768299103,-0.5223192517232067
UBFC_PHYS_s10_T2_ctrl,6,28,60.93333333333333,0.28369027376174927,-0.6166931089711614
UBFC_PHYS_s10_T2_ctrl,6,29,60.96666666666667,0.236088365316391,-0.6869848350997997
UBFC_PHYS_s10_T2_ctrl,6,30,61.0,0.12624050676822662,-0.7133836141307879
UBFC_PHYS_s10_T2_ctrl,6,31,61.03333333333333,-0.0034032401163131,-0.6800645015100772
UBFC_PHYS_s10_T2_ctrl,6,32,61.06666666666667,-0.13050633668899536,-0.578853139828115
UBFC_PHYS_s10_T2_ctrl,6,33,61.1,-0.2705773413181305,-0.41168784886562126
UBFC_PHYS_s10_T2_ctrl,6,34,61.13333333333333,-0.4289798438549042,-0.19163740000628982
UBFC_PHYS_s10_T2_ctrl,6,35,61.166666666666664,-0.5679393410682678,0.05856563815392269
UBFC_PHYS_s10_T2_ctrl,6,36,61.2,-0.6057314872741699,0.3104267312690942
UBFC_PHYS_s10_T2_ctrl,6,37,61.233333333333334,-0.46059682965278625,0.5348385105282982
UBFC_PHYS_s10_T2_ctrl,6,38,61.266666666666666,-0.16568729281425476,0.7067704791636469
UBFC_PHYS_s10_T2_ctrl,6,39,61.3,0.10538600385189056,0.8075979742540424
UBFC_PHYS_s10_T2_ctrl,6,40,61.333333333333336,0.2500090003013611,0.8257690856596631
UBFC_PHYS_s10_T2_ctrl,6,41,61.36666666666667,0.3127136826515198,0.7587778321652324
UBFC_PHYS_s10_T2_ctrl,6,42,61.4,0.33108046650886536,0.6158673559450882
UBFC_PHYS_s10_T2_ctrl,6,43,61.43333333333333,0.29851073026657104,0.41744140017994064
UBFC_PHYS_s10_T2_ctrl,6,44,61.46666666666667,0.25946587324142456,0.19066650462254398
UBFC_PHYS_s10_T2_ctrl,6,45,61.5,0.2731218636035919,-0.03555530887082285
UBFC_PHYS_s10_T2_ctrl,6,46,61.53333333333333,0.3175126910209656,-0.23465801857870028
UBFC_PHYS_s10_T2_ctrl,6,47,61.56666666666667,0.3354913294315338,-0.38582608219360426
UBFC_PHYS_s10_T2_ctrl,6,48,61.6,0.3008573055267334,-0.47644855840867095
UBFC_PHYS_s10_T2_ctrl,6,49,61.63333333333333,0.21546322107315063,-0.5026555952356551
UBFC_PHYS_s10_T2_ctrl,6,50,61.666666666666664,0.12271182984113693,-0.467986156834824
UBFC_PHYS_s10_T2_ctrl,6,51,61.7,0.05478471517562866,-0.38121473190183486
UBFC_PHYS_s10_T2_ctrl,6,52,61.733333333333334,-0.030679946765303612,-0.25463449958092194
UBFC_PHYS_s10_T2_ctrl,6,53,61.766666666666666,-0.18645358085632324,-0.1040443708270993
UBFC_PHYS_s10_T2_ctrl,6,54,61.8,-0.36966273188591003,0.050685558791794344
UBFC_PHYS_s10_T2_ctrl,6,55,61.833333333333336,-0.45784446597099304,0.1876092971340695
UBFC_PHYS_s10_T2_ctrl,6,56,61.86666666666667,-0.3421919345855713,0.28748975884776795
UBFC_PHYS_s10_T2_ctrl,6,57,61.9,-0.05557479336857796,0.33853233754684975
UBFC_PHYS_s10_T2_ctrl,6,58,61.93333333333333,0.21523386240005493,0.33893681547109916
UBFC_PHYS_s10_T2_ctrl,6,59,61.96666666666667,0.32388195395469666,0.29632483621202105
UBFC_PHYS_s10_T2_ctrl,6,60,62.0,0.28344327211380005,0.2242895528334996
UBFC_PHYS_s10_T2_ctrl,6,61,62.03333333333333,0.16366218030452728,0.13745562266081016
UBFC_PHYS_s10_T2_ctrl,6,62,62.06666666666667,0.026361187919974327,0.046995843746400284
UBFC_PHYS_s10_T2_ctrl,6,63,62.1,-0.05239897966384888,-0.041285318653705584
UBFC_PHYS_s10_T2_ctrl,6,64,62.13333333333333,-0.03258543461561203,-0.12580969384771745
UBFC_PHYS_s10_T2_ctrl,6,65,62.166666666666664,0.02514379285275936,-0.20622536277203066
UBFC_PHYS_s10_T2_ctrl,6,66,62.2,0.03922323137521744,-0.280074790979026
UBFC_PHYS_s10_T2_ctrl,6,67,62.233333333333334,0.006547641474753618,-0.34064360145356376
UBFC_PHYS_s10_T2_ctrl,6,68,62.266666666666666,-0.037402085959911346,-0.3768141672500236
UBFC_PHYS_s10_T2_ctrl,6,69,62.3,-0.10469403862953186,-0.37491046987857213
UBFC_PHYS_s10_T2_ctrl,6,70,62.333333333333336,-0.22953878343105316,-0.3224542773200436
UBFC_PHYS_s10_T2_ctrl,6,71,62.36666666666667,-0.41294199228286743,-0.21362542711927407
UBFC_PHYS_s10_T2_ctrl,6,72,62.4,-0.6247334480285645,-0.05474928863188689
UBFC_PHYS_s10_T2_ctrl,6,73,62.43333333333333,-0.7876173853874207,0.13306403774185652
UBFC_PHYS_s10_T2_ctrl,6,74,62.46666666666667,-0.785535454750061,0.31602936749846344
UBFC_PHYS_s10_T2_ctrl,6,75,62.5,-0.5994328260421753,0.45499233136803896
UBFC_PHYS_s10_T2_ctrl,6,76,62.53333333333333,-0.3716740608215332,0.5156297173874553
UBFC_PHYS_s10_T2_ctrl,6,77,62.56666666666667,-0.23283810913562775,0.47690544174694616
UBFC_PHYS_s10_T2_ctrl,6,78,62.6,-0.1908644437789917,0.3356330590531389
UBFC_PHYS_s10_T2_ctrl,6,79,62.63333333333333,-0.20974288880825043,0.10778057458992248
UBFC_PHYS_s10_T2_ctrl,6,80,62.666666666666664,-0.235625758767128,-0.1731409097347715
UBFC_PHYS_s10_T2_ctrl,6,81,62.7,-0.21616508066654205,-0.4607423491617976
UBFC_PHYS_s10_T2_ctrl,6,82,62.733333333333334,-0.16441696882247925,-0.7033032343437867
UBFC_PHYS_s10_T2_ctrl,6,83,62.766666666666666,-0.12291967868804932,-0.8535614751301531
UBFC_PHYS_s10_T2_ctrl,6,84,62.8,-0.05361637473106384,-0.878575715185132
UBFC_PHYS_s10_T2_ctrl,6,85,62.833333333333336,0.11759524792432785,-0.7662111668989715
UBFC_PHYS_s10_T2_ctrl,6,86,62.86666666666667,0.36908435821533203,-0.5269705727870923
UBFC_PHYS_s10_T2_ctrl,6,87,62.9,0.5996484160423279,-0.19217604865775875
UBFC_PHYS_s10_T2_ctrl,6,88,62.93333333333333,0.7249165773391724,0.19126408245617843
UBFC_PHYS_s10_T2_ctrl,6,89,62.96666666666667,0.7060911059379578,0.5700302628323286
UBFC_PHYS_s10_T2_ctrl,6,90,63.0,0.5817050337791443,0.8953599450455277
UBFC_PHYS_s10_T2_ctrl,6,91,63.03333333333333,0.5128428339958191,1.1312564558218434
UBFC_PHYS_s10_T2_ctrl,6,92,63.06666666666667,0.6354292631149292,1.2578379881841522
UBFC_PHYS_s10_T2_ctrl,6,93,63.1,0.884624719619751,1.2704931575247753
UBFC_PHYS_s10_T2_ctrl,6,94,63.13333333333333,1.0797607898712158,1.1765578360999998
UBFC_PHYS_s10_T2_ctrl,6,95,63.166666666666664,1.1245044469833374,0.991778417283887
UBFC_PHYS_s10_T2_ctrl,6,96,63.2,1.0464853048324585,0.7373622224449201
UBFC_PHYS_s10_T2_ctrl,6,97,63.233333333333334,0.8973103165626526,0.4368737263264356
UBFC_PHYS_s10_T2_ctrl,6,98,63.266666666666666,0.7179297804832458,0.11335693226494417
UBFC_PHYS_s10_T2_ctrl,6,99,63.3,0.5775235891342163,-0.21179693524242188
UBFC_PHYS_s10_T2_ctrl,6,100,63.333333333333336,0.5098963975906372,-0.5183189434115287
UBFC_PHYS_s10_T2_ctrl,6,101,63.36666666666667,0.44802096486091614,-0.7864956326599404
UBFC_PHYS_s10_T2_ctrl,6,102,63.4,0.3161541521549225,-0.9978679911712457
UBFC_PHYS_s10_T2_ctrl,6,103,63.43333333333333,0.12092984467744827,-1.137796362456459
UBFC_PHYS_s10_T2_ctrl,6,104,63.46666666666667,-0.08821509778499603,-1.1987660637233766
UBFC_PHYS_s10_T2_ctrl,6,105,63.5,-0.27020683884620667,-1.1818409558158203
UBFC_PHYS_s10_T2_ctrl,6,106,63.53333333333333,-0.3843596875667572,-1.0956844871172584
UBFC_PHYS_s10_T2_ctrl,6,107,63.56666666666667,-0.4134007394313812,-0.9547006340085745
UBFC_PHYS_s10_T2_ctrl,6,108,63.6,-0.3816249668598175,-0.7768248055531934
UBFC_PHYS_s10_T2_ctrl,6,109,63.63333333333333,-0.32124921679496765,-0.5803848406153717
UBFC_PHYS_s10_T2_ctrl,6,110,63.666666666666664,-0.24515320360660553,-0.3808838025664389
UBFC_PHYS_s10_T2_ctrl,6,111,63.7,-0.19525764882564545,-0.18985245005667126
UBFC_PHYS_s10_T2_ctrl,6,112,63.733333333333334,-0.23617270588874817,-0.015758616145684544
UBFC_PHYS_s10_T2_ctrl,6,113,63.766666666666666,-0.3406040370464325,0.1351527938547269
UBFC_PHYS_s10_T2_ctrl,6,114,63.8,-0.39893314242362976,0.25911039067809216
UBFC_PHYS_s10_T2_ctrl,6,115,63.833333333333336,-0.3847125470638275,0.35578729841069007
UBFC_PHYS_s10_T2_ctrl,6,116,63.86666666666667,-0.3666280508041382,0.429118378134688
UBFC_PHYS_s10_T2_ctrl,6,117,63.9,-0.3853830099105835,0.4868257091719611
UBFC_PHYS_s10_T2_ctrl,6,118,63.93333333333333,-0.3657635450363159,0.5383644676098921
UBFC_PHYS_s10_T2_ctrl,6,119,63.96666666666667,-0.15832999348640442,0.5919641678893542
UBFC_PHYS_s10_T2_ctrl,6,120,64.0,0.23924653232097626,0.6520642618623442
UBFC_PHYS_s10_T2_ctrl,6,121,64.03333333333333,0.5547811985015869,0.7187789567702253
UBFC_PHYS_s10_T2_ctrl,6,122,64.06666666666666,0.5504586100578308,0.7891328013302839
UBFC_PHYS_s10_T2_ctrl,6,123,64.1,0.3061503469944,0.8580225028905923
UBFC_PHYS_s10_T2_ctrl,6,124,64.13333333333334,0.03491824120283127,0.9182564950172494
UBFC_PHYS_s10_T2_ctrl,6,125,64.16666666666667,-0.19672204554080963,0.9605861019534162
UBFC_PHYS_s10_T2_ctrl,6,126,64.2,-0.4523397386074066,0.974139021116246
UBFC_PHYS_s10_T2_ctrl,6,127,64.23333333333333,-0.7526481747627258,0.9470344195403805
UBFC_PHYS_s10_T2_ctrl,6,128,64.26666666666667,-1.0026023387908936,0.8672224214989179
UBFC_PHYS_s10_T2_ctrl,6,129,64.3,-1.0599256753921509,0.7238254882914585
UBFC_PHYS_s10_T2_ctrl,6,130,64.33333333333333,-0.9006057381629944,0.5091652031565367
UBFC_PHYS_s10_T2_ctrl,6,131,64.36666666666666,-0.6527864933013916,0.2214499346566749
UBFC_PHYS_s10_T2_ctrl,6,132,64.4,-0.45615071058273315,-0.13240828472355107
UBFC_PHYS_s10_T2_ctrl,6,133,64.43333333333334,-0.34372690320014954,-0.5348426128703511
UBFC_PHYS_s10_T2_ctrl,6,134,64.46666666666667,-0.27281805872917175,-0.9574924927634713
UBFC_PHYS_s10_T2_ctrl,6,135,64.5,-0.19266407191753387,-1.3635725109647177
UBFC_PHYS_s10_T2_ctrl,6,136,64.53333333333333,-0.07251246273517609,-1.7123312898078193
UBFC_PHYS_s10_T2_ctrl,6,137,64.56666666666666,0.09585856646299362,-1.9641148476429648
UBFC_PHYS_s10_T2_ctrl,6,138,64.6,0.2895302474498749,-2.0853177078135885
UBFC_PHYS_s10_T2_ctrl,6,139,64.63333333333334,0.4348589777946472,-2.0532875303618776
UBFC_PHYS_s10_T2_ctrl,6,140,64.66666666666667,0.46446463465690613,-1.8607035644751977
UBFC_PHYS_s10_T2_ctrl,6,141,64.7,0.3915797173976898,-1.5183374950708972
UBFC_PHYS_s10_T2_ctrl,6,142,64.73333333333333,0.2766152620315552,-1.0553338137460042
UBFC_PHYS_s10_T2_ctrl,6,143,64.76666666666667,0.15528155863285065,-0.5165213315280063
UBFC_PHYS_s10_T2_ctrl,6,144,64.8,0.0499151349067688,0.043056149516953635
UBFC_PHYS_s10_T2_ctrl,6,145,64.83333333333333,-0.04110720008611679,0.5654784844857579
UBFC_PHYS_s10_T2_ctrl,6,146,64.86666666666666,-0.16249383985996246,0.9982933639459
UBFC_PHYS_s10_T2_ctrl,6,147,64.9,-0.33816924691200256,1.3030035957271369
UBFC_PHYS_s10_T2_ctrl,6,148,64.93333333333334,-0.5029762983322144,1.4618292231489043
UBFC_PHYS_s10_T2_ctrl,6,149,64.96666666666667,-0.5469436645507812,1.4800912915017044
UBFC_PHYS_s10_T2_ctrl,6,150,65.0,-0.4401128590106964,1.383132325867343
UBFC_PHYS_s10_T2_ctrl,6,151,65.03333333333333,-0.2841451168060303,1.2085085788500873
UBFC_PHYS_s10_T2_ctrl,6,152,65.06666666666666,-0.18334834277629852,0.9960116959564768
UBFC_PHYS_s10_T2_ctrl,6,153,65.1,-0.11850882321596146,0.7794403907145024
UBFC_PHYS_s10_T2_ctrl,6,154,65.13333333333334,-0.024504754692316055,0.5821928442684098
UBFC_PHYS_s10_T2_ctrl,6,155,65.16666666666667,0.1034805178642273,0.41660788469487253
UBFC_PHYS_s10_T2_ctrl,6,156,65.2,0.22363212704658508,0.285877439868694
UBFC_PHYS_s10_T2_ctrl,6,157,65.23333333333333,0.3252757787704468,0.1866436759929517
UBFC_PHYS_s10_T2_ctrl,6,158,65.26666666666667,0.45181429386138916,0.11158221764745316
UBFC_PHYS_s10_T2_ctrl,6,159,65.3,0.5997013449668884,0.05254331074911485
UBFC_PHYS_s10_T2_ctrl,6,160,65.33333333333333,0.6582774519920349,0.0036168227693895785
UBFC_PHYS_s10_T2_ctrl,6,161,65.36666666666666,0.5604094862937927,-0.03767031453640389
UBFC_PHYS_s10_T2_ctrl,6,162,65.4,0.37982919812202454,-0.07131309056710304
UBFC_PHYS_s10_T2_ctrl,6,163,65.43333333333334,0.20466545224189758,-0.09668760570052182
UBFC_PHYS_s10_T2_ctrl,6,164,65.46666666666667,0.07015212625265121,-0.11413320990453149
UBFC_PHYS_s10_T2_ctrl,6,165,65.5,0.015351701527833939,-0.12544595099456146
UBFC_PHYS_s10_T2_ctrl,6,166,65.53333333333333,0.03604741767048836,-0.13345510424612805
UBFC_PHYS_s10_T2_ctrl,6,167,65.56666666666666,0.034547727555036545,-0.1417482219403289
UBFC_PHYS_s10_T2_ctrl,6,168,65.6,-0.042712751775979996,-0.15498130384226178
UBFC_PHYS_s10_T2_ctrl,6,169,65.63333333333334,-0.15222537517547607,-0.17944316571048077
UBFC_PHYS_s10_T2_ctrl,6,170,65.66666666666667,-0.2336849868297577,-0.22324078322938395
UBFC_PHYS_s10_T2_ctrl,6,171,65.7,-0.24437689781188965,-0.29534045814554705
UBFC_PHYS_s10_T2_ctrl,6,172,65.73333333333333,-0.17733193933963776,-0.4031147660882408
UBFC_PHYS_s10_T2_ctrl,6,173,65.76666666666667,-0.08299265056848526,-0.54861708731488
UBFC_PHYS_s10_T2_ctrl,6,174,65.8,0.005083238705992699,-0.7246640774951011
UBFC_PHYS_s10_T2_ctrl,6,175,65.83333333333333,0.10524486005306244,-0.9125008894130433
UBFC_PHYS_s10_T2_ctrl,6,176,65.86666666666666,0.18935097754001617,-1.0823815428019936
UBFC_PHYS_s10_T2_ctrl,6,177,65.9,0.20124264061450958,-1.1976510312352018
UBFC_PHYS_s10_T2_ctrl,6,178,65.93333333333334,0.18155258893966675,-1.221551912452398
UBFC_PHYS_s10_T2_ctrl,6,179,65.96666666666667,0.21675118803977966,-1.1246924819358415
UBFC_PHYS_s10_T2_ctrl,6,180,66.0,0.28582513332366943,-0.8918391287708846
UBFC_PHYS_s10_T2_ctrl,6,181,66.03333333333333,0.2976991534233093,-0.5275061590162704
UBFC_PHYS_s10_T2_ctrl,6,182,66.06666666666666,0.2615654468536377,-0.059208425795638724
UBFC_PHYS_s10_T2_ctrl,6,183,66.1,0.27063414454460144,0.4632758509035849
UBFC_PHYS_s10_T2_ctrl,6,184,66.13333333333334,0.35401690006256104,0.974335248409279
UBFC_PHYS_s10_T2_ctrl,6,185,66.16666666666667,0.44770339131355286,1.4058248031724299
UBFC_PHYS_s10_T2_ctrl,6,186,66.2,0.47340983152389526,1.703110610504233
UBFC_PHYS_s10_T2_ctrl,6,187,66.23333333333333,0.400595486164093,1.835162684817034
UBFC_PHYS_s10_T2_ctrl,6,188,66.26666666666667,0.3115139305591583,1.7963213201644463
UBFC_PHYS_s10_T2_ctrl,6,189,66.3,0.35701626539230347,1.6039901732840525
UBFC_PHYS_s10_T2_ctrl,6,190,66.33333333333333,0.5096317529678345,1.293934902935978
UBFC_PHYS_s10_T2_ctrl,6,191,66.36666666666666,0.5596154928207397,0.9118663370558356
UBFC_PHYS_s10_T2_ctrl,6,192,66.4,0.4077763557434082,0.503279832461011
UBFC_PHYS_s10_T2_ctrl,6,193,66.43333333333334,0.16810831427574158,0.10657718468165496
UBFC_PHYS_s10_T2_ctrl,6,194,66.46666666666667,0.0009370380430482328,-0.2489382426314529
UBFC_PHYS_s10_T2_ctrl,6,195,66.5,-0.009790153242647648,-0.5422518850128147
UBFC_PHYS_s10_T2_ctrl,6,196,66.53333333333333,0.10363931208848953,-0.7593080178963388
UBFC_PHYS_s10_T2_ctrl,6,197,66.56666666666666,0.2211267501115799,-0.8930062108502377
UBFC_PHYS_s10_T2_ctrl,6,198,66.6,0.2615830898284912,-0.9444211925926526
UBFC_PHYS_s10_T2_ctrl,6,199,66.63333333333334,0.21179339289665222,-0.9232465753348312
UBFC_PHYS_s10_T2_ctrl,6,200,66.66666666666667,0.10727385431528091,-0.8462424258179029
UBFC_PHYS_s10_T2_ctrl,6,201,66.7,0.033771418035030365,-0.7336252236829918
UBFC_PHYS_s10_T2_ctrl,6,202,66.73333333333333,0.04499262571334839,-0.6046207852955812
UBFC_PHYS_s10_T2_ctrl,6,203,66.76666666666667,0.08571361005306244,-0.4744473613290136
UBFC_PHYS_s10_T2_ctrl,6,204,66.8,0.08686043322086334,-0.35328059783441995
UBFC_PHYS_s10_T2_ctrl,6,205,66.83333333333333,0.05354967713356018,-0.2459914552056391
UBFC_PHYS_s10_T2_ctrl,6,206,66.86666666666666,-0.0009508064831607044,-0.1527547896928663
UBFC_PHYS_s10_T2_ctrl,6,207,66.9,-0.07097748667001724,-0.07189854005173582
UBFC_PHYS_s10_T2_ctrl,6,208,66.93333333333334,-0.11651512235403061,-0.003572235700415184
UBFC_PHYS_s10_T2_ctrl,6,209,66.96666666666667,-0.10264740139245987,0.04966084401227347
UBFC_PHYS_s10_T2_ctrl,6,210,67.0,-0.059809211641550064,0.08562906636877013
UBFC_PHYS_s10_T2_ctrl,6,211,67.03333333333333,-0.052328407764434814,0.10542505821491122
UBFC_PHYS_s10_T2_ctrl,6,212,67.06666666666666,-0.08059314638376236,0.11447488138630797
UBFC_PHYS_s10_T2_ctrl,6,213,67.1,-0.0896618589758873,0.12185861209486455
UBFC_PHYS_s10_T2_ctrl,6,214,67.13333333333334,-0.042448099702596664,0.13824591376924536
UBFC_PHYS_s10_T2_ctrl,6,215,67.16666666666667,0.06810548901557922,0.17302296612291035
UBFC_PHYS_s10_T2_ctrl,6,216,67.2,0.22495537996292114,0.23150972031189676
UBFC_PHYS_s10_T2_ctrl,6,217,67.23333333333333,0.36682599782943726,0.31333118089546397
UBFC_PHYS_s10_T2_ctrl,6,218,67.26666666666667,0.4470505714416504,0.4120871566286036
UBFC_PHYS_s10_T2_ctrl,6,219,67.3,0.4783323407173157,0.5155803526454847
UBFC_PHYS_s10_T2_ctrl,6,220,67.33333333333333,0.4581129848957062,0.6065254612511828
UBFC_PHYS_s10_T2_ctrl,6,221,67.36666666666666,0.3702135384082794,0.6643479294429568
UBFC_PHYS_s10_T2_ctrl,6,222,67.4,0.24496300518512726,0.668421162512631
UBFC_PHYS_s10_T2_ctrl,6,223,67.43333333333334,0.1136607676744461,0.6026392407123848
UBFC_PHYS_s10_T2_ctrl,6,224,67.46666666666667,-0.03533780574798584,0.46018156137203803
UBFC_PHYS_s10_T2_ctrl,6,225,67.5,-0.2096017301082611,0.2464439039597291
UBFC_PHYS_s10_T2_ctrl,6,226,67.53333333333333,-0.382771760225296,-0.020931873797848645
UBFC_PHYS_s10_T2_ctrl,6,227,67.56666666666666,-0.5317350625991821,-0.3148338206798613
UBFC_PHYS_s10_T2_ctrl,6,228,67.6,-0.6559622883796692,-0.6033058627638672
UBFC_PHYS_s10_T2_ctrl,6,229,67.63333333333334,-0.7450791597366333,-0.8543964113694986
UBFC_PHYS_s10_T2_ctrl,6,230,67.66666666666667,-0.7811598777770996,-1.0400971144074127
UBFC_PHYS_s10_T2_ctrl,6,231,67.7,-0.7829418778419495,-1.1388871467680952
UBFC_PHYS_s10_T2_ctrl,6,232,67.73333333333333,-0.7931750416755676,-1.1374581429169162
UBFC_PHYS_s10_T2_ctrl,6,233,67.76666666666667,-0.8137649297714233,-1.0329587173655201
UBFC_PHYS_s10_T2_ctrl,6,234,67.8,-0.8099892139434814,-0.8349800294820358
UBFC_PHYS_s10_T2_ctrl,6,235,67.83333333333333,-0.7741025686264038,-0.5645419176295337
UBFC_PHYS_s10_T2_ctrl,6,236,67.86666666666666,-0.7102157473564148,-0.25002527937389807
UBFC_PHYS_s10_T2_ctrl,6,237,67.9,-0.5856709480285645,0.07725519019750278
UBFC_PHYS_s10_T2_ctrl,6,238,67.93333333333334,-0.3793313205242157,0.3868782538791758
UBFC_PHYS_s10_T2_ctrl,6,239,67.96666666666667,-0.14956122636795044,0.6534307703319929
UBFC_PHYS_s10_T2_ctrl,6,240,68.0,0.02487914077937603,0.8601333455912636
UBFC_PHYS_s10_T2_ctrl,6,241,68.03333333333333,0.11415477842092514,0.9996078572116399
UBFC_PHYS_s10_T2_ctrl,6,242,68.06666666666666,0.11493109166622162,1.0716924222349369
UBFC_PHYS_s10_T2_ctrl,6,243,68.1,0.046051230281591415,1.0804956797511276
UBFC_PHYS_s10_T2_ctrl,6,244,68.13333333333334,-0.027186552062630653,1.0320608246998189
UBFC_PHYS_s10_T2_ctrl,6,245,68.16666666666667,-0.05575122684240341,0.9328930593325895
UBFC_PHYS_s10_T2_ctrl,6,246,68.2,-0.054145678877830505,0.7891916587688146
UBFC_PHYS_s10_T2_ctrl,6,247,68.23333333333333,-0.06423770636320114,0.6063432592516261
UBFC_PHYS_s10_T2_ctrl,6,248,68.26666666666667,-0.10774634778499603,0.3887876976361667
UBFC_PHYS_s10_T2_ctrl,6,249,68.3,-0.16651654243469238,0.14090558535971226
UBFC_PHYS_s10_T2_ctrl,6,250,68.33333333333333,-0.20122112333774567,-0.13095904183939303
UBFC_PHYS_s10_T2_ctrl,6,251,68.36666666666666,-0.20040951669216156,-0.4158565082410926
UBFC_PHYS_s10_T2_ctrl,6,252,68.4,-0.19022928178310394,-0.6961178496260205
UBFC_PHYS_s10_T2_ctrl,6,253,68.43333333333334,-0.2037617713212967,-0.9473213657705875
UBFC_PHYS_s10_T2_ctrl,6,254,68.46666666666667,-0.24675874412059784,-1.140641548961181
UBFC_PHYS_s10_T2_ctrl,6,255,68.5,-0.28502729535102844,-1.246559066013243
UBFC_PHYS_s10_T2_ctrl,6,256,68.53333333333333,-0.2872503697872162,-1.2398056642569222
UBFC_PHYS_s10_T2_ctrl,6,257,68.56666666666666,-0.2925080955028534,-1.1061874330170565
UBFC_PHYS_s10_T2_ctrl,6,258,68.6,-0.345632404088974,-0.8498831626486617
UBFC_PHYS_s10_T2_ctrl,6,259,68.63333333333334,-0.3912229537963867,-0.4978884914688398
UBFC_PHYS_s10_T2_ctrl,6,260,68.66666666666667,-0.3151093125343323,-0.09861649905185663
UBFC_PHYS_s10_T2_ctrl,6,261,68.7,-0.09050873667001724,0.28724856560305495
UBFC_PHYS_s10_T2_ctrl,6,262,68.73333333333333,0.1837756633758545,0.6012686776250036
UBFC_PHYS_s10_T2_ctrl,6,263,68.76666666666667,0.38988593220710754,0.8008384021374046
UBFC_PHYS_s10_T2_ctrl,6,264,68.8,0.502098023891449,0.8674450383392792
UBFC_PHYS_s10_T2_ctrl,6,265,68.83333333333333,0.5483590364456177,0.8079081991885968
UBFC_PHYS_s10_T2_ctrl,6,266,68.86666666666666,0.5265694260597229,0.6493929853846351
UBFC_PHYS_s10_T2_ctrl,6,267,68.9,0.4369938373565674,0.4311681558639702
UBFC_PHYS_s10_T2_ctrl,6,268,68.93333333333334,0.33607354760169983,0.196029691596619
UBFC_PHYS_s10_T2_ctrl,6,269,68.96666666666667,0.2781502604484558,-0.016298194355845834
UBFC_PHYS_s10_T2_ctrl,6,270,69.0,0.24030514061450958,-0.17373079767622124
UBFC_PHYS_s10_T2_ctrl,6,271,69.03333333333333,0.17645364999771118,-0.25627404374576274
UBFC_PHYS_s10_T2_ctrl,6,272,69.06666666666666,0.10395689308643341,-0.26004368693059815
UBFC_PHYS_s10_T2_ctrl,6,273,69.1,0.05901913344860077,-0.1982108059909973
UBFC_PHYS_s10_T2_ctrl,6,274,69.13333333333334,0.023079514503479004,-0.09757581797693338
UBFC_PHYS_s10_T2_ctrl,6,275,69.16666666666667,-0.0445476658642292,0.008793782646820302
UBFC_PHYS_s10_T2_ctrl,6,276,69.2,-0.12427821755409241,0.09080433012640479
UBFC_PHYS_s10_T2_ctrl,6,277,69.23333333333333,-0.15937095880508423,0.12909156374417233
UBFC_PHYS_s10_T2_ctrl,6,278,69.26666666666667,-0.14784981310367584,0.11893397692818374
UBFC_PHYS_s10_T2_ctrl,6,279,69.3,-0.1498435139656067,0.06937363522743463
UBFC_PHYS_s10_T2_ctrl,6,280,69.33333333333333,-0.19204655289649963,-0.0014180650405653601
UBFC_PHYS_s10_T2_ctrl,6,281,69.36666666666666,-0.2164473831653595,-0.07179526087598384
UBFC_PHYS_s10_T2_ctrl,6,282,69.4,-0.14703822135925293,-0.12170244986863751
UBFC_PHYS_s10_T2_ctrl,6,283,69.43333333333334,0.024543916806578636,-0.13690989926611064
UBFC_PHYS_s10_T2_ctrl,6,284,69.46666666666667,0.2620418071746826,-0.1119885445994358
UBFC_PHYS_s10_T2_ctrl,6,285,69.5,0.5237464904785156,-0.05133673237975106
UBFC_PHYS_s10_T2_ctrl,6,286,69.53333333333333,0.7329267263412476,0.03180677595641432
UBFC_PHYS_s10_T2_ctrl,6,287,69.56666666666666,0.8327884078025818,0.11783462740903523
UBFC_PHYS_s10_T2_ctrl,6,288,69.6,0.8572068810462952,0.18463103225067426
UBFC_PHYS_s10_T2_ctrl,6,289,69.63333333333334,0.8625175356864929,0.21306822123871114
UBFC_PHYS_s10_T2_ctrl,6,290,69.66666666666667,0.8484733700752258,0.19271986734314608
UBFC_PHYS_s10_T2_ctrl,6,291,69.7,0.7936906218528748,0.12490403033507277
UBFC_PHYS_s10_T2_ctrl,6,292,69.73333333333333,0.7058440446853638,0.02217267273338832
UBFC_PHYS_s10_T2_ctrl,6,293,69.76666666666667,0.609881579875946,-0.09449064120690656
UBFC_PHYS_s10_T2_ctrl,6,294,69.8,0.5079732537269592,-0.19998952197502248
UBFC_PHYS_s10_T2_ctrl,6,295,69.83333333333333,0.3906269669532776,-0.27078181284052627
UBFC_PHYS_s10_T2_ctrl,6,296,69.86666666666666,0.26057741045951843,-0.29078744869475714
UBFC_PHYS_s10_T2_ctrl,6,297,69.9,0.10750321298837662,-0.2555787780221886
UBFC_PHYS_s10_T2_ctrl,6,298,69.93333333333334,-0.0862390324473381,-0.17350409148406482
UBFC_PHYS_s10_T2_ctrl,6,299,69.96666666666667,-0.2871268689632416,-0.0632447580597265
UBFC_PHYS_s10_T2_ctrl,7,0,70.0,-0.43455517292022705,-0.04894452987902647
UBFC_PHYS_s10_T2_ctrl,7,1,70.03333333333333,-0.5284534096717834,0.15086061592082528
UBFC_PHYS_s10_T2_ctrl,7,2,70.06666666666666,-0.6231631636619568,0.3333902786950714
UBFC_PHYS_s10_T2_ctrl,7,3,70.1,-0.7285825610160828,0.47845339571070283
UBFC_PHYS_s10_T2_ctrl,7,4,70.13333333333334,-0.7820773720741272,0.5653853966239041
UBFC_PHYS_s10_T2_ctrl,7,5,70.16666666666667,-0.7095276713371277,0.5772491331438239
UBFC_PHYS_s10_T2_ctrl,7,6,70.2,-0.5051111578941345,0.5074324473677012
UBFC_PHYS_s10_T2_ctrl,7,7,70.23333333333333,-0.24577072262763977,0.36488838230001236
UBFC_PHYS_s10_T2_ctrl,7,8,70.26666666666667,-0.027751142159104347,0.17487550621485773
UBFC_PHYS_s10_T2_ctrl,7,9,70.3,0.1121610775589943,-0.026564674634421036
UBFC_PHYS_s10_T2_ctrl,7,10,70.33333333333333,0.19893135130405426,-0.20228068224810566
UBFC_PHYS_s10_T2_ctrl,7,11,70.36666666666666,0.25396114587783813,-0.32228374008689314
UBFC_PHYS_s10_T2_ctrl,7,12,70.4,0.28254345059394836,-0.36842356747641036
UBFC_PHYS_s10_T2_ctrl,7,13,70.43333333333334,0.28790706396102905,-0.3369504641736293
UBFC_PHYS_s10_T2_ctrl,7,14,70.46666666666667,0.26609981060028076,-0.238964957360626
UBFC_PHYS_s10_T2_ctrl,7,15,70.5,0.2254846841096878,-0.09715615573483499
UBFC_PHYS_s10_T2_ctrl,7,16,70.53333333333333,0.18250533938407898,0.06015242624703672
UBFC_PHYS_s10_T2_ctrl,7,17,70.56666666666666,0.11837155371904373,0.204187679574694
UBFC_PHYS_s10_T2_ctrl,7,18,70.6,0.033612627536058426,0.3093416160131842
UBFC_PHYS_s10_T2_ctrl,7,19,70.63333333333334,-0.017835546284914017,0.3570956300014852
UBFC_PHYS_s10_T2_ctrl,7,20,70.66666666666667,-0.023993095383048058,0.3400048114049793
UBFC_PHYS_s10_T2_ctrl,7,21,70.7,-0.027415916323661804,0.26326485732412036
UBFC_PHYS_s10_T2_ctrl,7,22,70.73333333333333,-0.048640936613082886,0.14292219208150375
UBFC_PHYS_s10_T2_ctrl,7,23,70.76666666666667,-0.0965074971318245,0.0015657855795907383
UBFC_PHYS_s10_T2_ctrl,7,24,70.8,-0.17884927988052368,-0.1370851198533271
UBFC_PHYS_s10_T2_ctrl,7,25,70.83333333333333,-0.27726420760154724,-0.25296267561179914
UBFC_PHYS_s10_T2_ctrl,7,26,70.86666666666666,-0.4057964086532593,-0.3327616176565009
UBFC_PHYS_s10_T2_ctrl,7,27,70.9,-0.612188994884491,-0.371149077272145
UBFC_PHYS_s10_T2_ctrl,7,28,70.93333333333334,-0.8428941965103149,-0.37034168123497285
UBFC_PHYS_s10_T2_ctrl,7,29,70.96666666666667,-0.9313229322433472,-0.33867926304086216
UBFC_PHYS_s10_T2_ctrl,7,30,71.0,-0.7868058085441589,-0.28841553685567234
UBFC_PHYS_s10_T2_ctrl,7,31,71.03333333333333,-0.49634239077568054,-0.23254076105428031
UBFC_PHYS_s10_T2_ctrl,7,32,71.06666666666666,-0.22128167748451233,-0.18132618026656175
UBFC_PHYS_s10_T2_ctrl,7,33,71.1,-0.03313238173723221,-0.1400843632968028
UBFC_PHYS_s10_T2_ctrl,7,34,71.13333333333334,0.09675838053226471,-0.10872313709950512
UBFC_PHYS_s10_T2_ctrl,7,35,71.16666666666667,0.22116203606128693,-0.082671578520897
UBFC_PHYS_s10_T2_ctrl,7,36,71.2,0.34034326672554016,-0.054837932633472565
UBFC_PHYS_s10_T2_ctrl,7,37,71.23333333333333,0.422632098197937,-0.018402994252303115
UBFC_PHYS_s10_T2_ctrl,7,38,71.26666666666667,0.46663475036621094,0.030255443252079742
UBFC_PHYS_s10_T2_ctrl,7,39,71.3,0.48685410618782043,0.08963000653935833
UBFC_PHYS_s10_T2_ctrl,7,40,71.33333333333333,0.47990259528160095,0.15279167917973105
UBFC_PHYS_s10_T2_ctrl,7,41,71.36666666666666,0.4433983862400055,0.20879804886644057
UBFC_PHYS_s10_T2_ctrl,7,42,71.4,0.3848046362400055,0.24557831786036652
UBFC_PHYS_s10_T2_ctrl,7,43,71.43333333333334,0.3025687336921692,0.25379277465314154
UBFC_PHYS_s10_T2_ctrl,7,44,71.46666666666667,0.1881335824728012,0.23043591955865894
UBFC_PHYS_s10_T2_ctrl,7,45,71.5,0.04022890701889992,0.1804357242700114
UBFC_PHYS_s10_T2_ctrl,7,46,71.53333333333333,-0.13290584087371826,0.11567315311775933
UBFC_PHYS_s10_T2_ctrl,7,47,71.56666666666666,-0.3157973885536194,0.05212404138374881
UBFC_PHYS_s10_T2_ctrl,7,48,71.6,-0.480551540851593,0.006266155926144282
UBFC_PHYS_s10_T2_ctrl,7,49,71.63333333333334,-0.5975449681282043,-0.007906619183524786
UBFC_PHYS_s10_T2_ctrl,7,50,71.66666666666667,-0.6746819615364075,0.018668773893733455
UBFC_PHYS_s10_T2_ctrl,7,51,71.7,-0.7530363202095032,0.08690547445928912
UBFC_PHYS_s10_T2_ctrl,7,52,71.73333333333333,-0.8148587942123413,0.18701038936875614
UBFC_PHYS_s10_T2_ctrl,7,53,71.76666666666667,-0.7511131763458252,0.30045700709478906
UBFC_PHYS_s10_T2_ctrl,7,54,71.8,-0.5135799646377563,0.40585161611005405
UBFC_PHYS_s10_T2_ctrl,7,55,71.83333333333333,-0.2146301120519638,0.4836719433808251
UBFC_PHYS_s10_T2_ctrl,7,56,71.86666666666666,0.02205619588494301,0.518318042752741
UBFC_PHYS_s10_T2_ctrl,7,57,71.9,0.17197223007678986,0.49966547363779107
UBFC_PHYS_s10_T2_ctrl,7,58,71.93333333333334,0.24584516882896423,0.4247067117317501
UBFC_PHYS_s10_T2_ctrl,7,59,71.96666666666667,0.25479036569595337,0.29800242600977506
UBFC_PHYS_s10_T2_ctrl,7,60,72.0,0.24850931763648987,0.13050619564117275
UBFC_PHYS_s10_T2_ctrl,7,61,72.03333333333333,0.2857898473739624,-0.06270298665900367
UBFC_PHYS_s10_T2_ctrl,7,62,72.06666666666666,0.35812780261039734,-0.2649338824257242
UBFC_PHYS_s10_T2_ctrl,7,63,72.1,0.4254550635814667,-0.4596537746262359
UBFC_PHYS_s10_T2_ctrl,7,64,72.13333333333334,0.4761974811553955,-0.6311885226434959
UBFC_PHYS_s10_T2_ctrl,7,65,72.16666666666667,0.5256872177124023,-0.764717603566402
UBFC_PHYS_s10_T2_ctrl,7,66,72.2,0.5623326301574707,-0.8463418748184544
UBFC_PHYS_s10_T2_ctrl,7,67,72.23333333333333,0.5428013205528259,-0.8641763473833706
UBFC_PHYS_s10_T2_ctrl,7,68,72.26666666666667,0.44904428720474243,-0.8106593598168484
UBFC_PHYS_s10_T2_ctrl,7,69,72.3,0.29625236988067627,-0.6854034669815486
UBFC_PHYS_s10_T2_ctrl,7,70,72.33333333333333,0.11300795525312424,-0.4977191456981729
UBFC_PHYS_s10_T2_ctrl,7,71,72.36666666666666,-0.03045058250427246,-0.267889027048804
UBFC_PHYS_s10_T2_ctrl,7,72,72.4,-0.06774874776601791,-0.026032463431403814
UBFC_PHYS_s10_T2_ctrl,7,73,72.43333333333334,-0.05668633058667183,0.19253508831985916
UBFC_PHYS_s10_T2_ctrl,7,74,72.46666666666667,-0.11937335133552551,0.35486344844343004
UBFC_PHYS_s10_T2_ctrl,7,75,72.5,-0.22680406272411346,0.4385637492402792
UBFC_PHYS_s10_T2_ctrl,7,76,72.53333333333333,-0.2079961895942688,0.43763600219789
UBFC_PHYS_s10_T2_ctrl,7,77,72.56666666666666,-0.02960369922220707,0.3628018564718676
UBFC_PHYS_s10_T2_ctrl,7,78,72.6,0.18853938579559326,0.23667966406225036
UBFC_PHYS_s10_T2_ctrl,7,79,72.63333333333334,0.3689255714416504,0.08747771605277971
UBFC_PHYS_s10_T2_ctrl,7,80,72.66666666666667,0.5124546885490417,-0.05644944042081096
UBFC_PHYS_s10_T2_ctrl,7,81,72.7,0.610975444316864,-0.17063429974676816
UBFC_PHYS_s10_T2_ctrl,7,82,72.73333333333333,0.6493498682975769,-0.2373493996658167
UBFC_PHYS_s10_T2_ctrl,7,83,72.76666666666667,0.6433334946632385,-0.24802531461763144
UBFC_PHYS_s10_T2_ctrl,7,84,72.8,0.6265898942947388,-0.20470210113807483
UBFC_PHYS_s10_T2_ctrl,7,85,72.83333333333333,0.6170800924301147,-0.11877640551053471
UBFC_PHYS_s10_T2_ctrl,7,86,72.86666666666666,0.6094228625297546,-0.007358802367102638
UBFC_PHYS_s10_T2_ctrl,7,87,72.9,0.5834517478942871,0.11042872274079595
UBFC_PHYS_s10_T2_ctrl,7,88,72.93333333333334,0.5102845430374146,0.21642701406865172
UBFC_PHYS_s10_T2_ctrl,7,89,72.96666666666667,0.3763710856437683,0.2965202095772666
UBFC_PHYS_s10_T2_ctrl,7,90,73.0,0.19928421080112457,0.3434725148580347
UBFC_PHYS_s10_T2_ctrl,7,91,73.03333333333333,0.0033541847951710224,0.35795709738483267
UBFC_PHYS_s10_T2_ctrl,7,92,73.06666666666666,-0.17720843851566315,0.34735506735160204
UBFC_PHYS_s10_T2_ctrl,7,93,73.1,-0.31953781843185425,0.32313902934623234
UBFC_PHYS_s10_T2_ctrl,7,94,73.13333333333334,-0.4602968990802765,0.29760039129396326
UBFC_PHYS_s10_T2_ctrl,7,95,73.16666666666667,-0.6367486119270325,0.2805056389395708
UBFC_PHYS_s10_T2_ctrl,7,96,73.2,-0.8153880834579468,0.276447697915865
UBFC_PHYS_s10_T2_ctrl,7,97,73.23333333333333,-0.9400564432144165,0.2837525834386152
UBFC_PHYS_s10_T2_ctrl,7,98,73.26666666666667,-0.969009280204773,0.2953178577082426
UBFC_PHYS_s10_T2_ctrl,7,99,73.3,-0.878692626953125,0.30120369794142404
UBFC_PHYS_s10_T2_ctrl,7,100,73.33333333333333,-0.7142031788825989,0.29208051647750594
UBFC_PHYS_s10_T2_ctrl,7,101,73.36666666666666,-0.5624875426292419,0.2620852339037028
UBFC_PHYS_s10_T2_ctrl,7,102,73.4,-0.4619201123714447,0.21033216936564061
UBFC_PHYS_s10_T2_ctrl,7,103,73.43333333333334,-0.3973452150821686,0.14112441761106118
UBFC_PHYS_s10_T2_ctrl,7,104,73.46666666666667,-0.3434622585773468,0.062967553914956
UBFC_PHYS_s10_T2_ctrl,7,105,73.5,-0.28185150027275085,-0.01350033406540142
UBFC_PHYS_s10_T2_ctrl,7,106,73.53333333333333,-0.20875485241413116,-0.07824607703970086
UBFC_PHYS_s10_T2_ctrl,7,107,73.56666666666666,-0.1423097848892212,-0.12456143726649768
UBFC_PHYS_s10_T2_ctrl,7,108,73.6,-0.10543505847454071,-0.1510024460600624
UBFC_PHYS_s10_T2_ctrl,7,109,73.63333333333334,-0.10104185342788696,-0.16182204620894328
UBFC_PHYS_s10_T2_ctrl,7,110,73.66666666666667,-0.10427059978246689,-0.16582172964100178
UBFC_PHYS_s10_T2_ctrl,7,111,73.7,-0.10400594770908356,-0.17420004219653765
UBFC_PHYS_s10_T2_ctrl,7,112,73.73333333333333,-0.1305592805147171,-0.19810439628755333
UBFC_PHYS_s10_T2_ctrl,7,113,73.76666666666667,-0.18772390484809875,-0.24658961457317302
UBFC_PHYS_s10_T2_ctrl,7,114,73.8,-0.2139420211315155,-0.3250095345265917
UBFC_PHYS_s10_T2_ctrl,7,115,73.83333333333333,-0.1813722848892212,-0.4332784619527839
UBFC_PHYS_s10_T2_ctrl,7,116,73.86666666666666,-0.14638541638851166,-0.5641979865888277
UBFC_PHYS_s10_T2_ctrl,7,117,73.9,-0.1669929027557373,-0.7028265984515798
UBFC_PHYS_s10_T2_ctrl,7,118,73.93333333333334,-0.2254807949066162,-0.8274528138212577
UBFC_PHYS_s10_T2_ctrl,7,119,73.96666666666667,-0.24661760032176971,-0.9121742869014376
UBFC_PHYS_s10_T2_ctrl,7,120,74.0,-0.14661477506160736,-0.9312246438779603
UBFC_PHYS_s10_T2_ctrl,7,121,74.03333333333333,0.0983462855219841,-0.8651692584647208
UBFC_PHYS_s10_T2_ctrl,7,122,74.06666666666666,0.3624328076839447,-0.7076577636083854
UBFC_PHYS_s10_T2_ctrl,7,123,74.1,0.502680242061615,-0.4701170005415363
UBFC_PHYS_s10_T2_ctrl,7,124,74.13333333333334,0.5223526358604431,-0.18144113952365395
UBFC_PHYS_s10_T2_ctrl,7,125,74.16666666666667,0.49084150791168213,0.1198551343191871
UBFC_PHYS_s10_T2_ctrl,7,126,74.2,0.4090466797351837,0.39759824466591515
UBFC_PHYS_s10_T2_ctrl,7,127,74.23333333333333,0.3014219105243683,0.6254006834083053
UBFC_PHYS_s10_T2_ctrl,7,128,74.26666666666667,0.2653411328792572,0.787293458610403
UBFC_PHYS_s10_T2_ctrl,7,129,74.3,0.30413898825645447,0.8759877888995345
UBFC_PHYS_s10_T2_ctrl,7,130,74.33333333333333,0.3188183009624481,0.8915339875219411
UBFC_PHYS_s10_T2_ctrl,7,131,74.36666666666666,0.27809733152389526,0.8406612492349227
UBFC_PHYS_s10_T2_ctrl,7,132,74.4,0.2227323055267334,0.73630320871822
UBFC_PHYS_s10_T2_ctrl,7,133,74.43333333333334,0.16537359356880188,0.596238593874926
UBFC_PHYS_s10_T2_ctrl,7,134,74.46666666666667,0.08172620087862015,0.4405246799276687
UBFC_PHYS_s10_T2_ctrl,7,135,74.5,-0.03943107649683952,0.2883135080921738
UBFC_PHYS_s10_T2_ctrl,7,136,74.53333333333333,-0.19001755118370056,0.1549783650689518
UBFC_PHYS_s10_T2_ctrl,7,137,74.56666666666666,-0.37080955505371094,0.050652272568426186
UBFC_PHYS_s10_T2_ctrl,7,138,74.6,-0.5665631294250488,-0.0198930085768042
UBFC_PHYS_s10_T2_ctrl,7,139,74.63333333333334,-0.694230854511261,-0.05718814172300332
UBFC_PHYS_s10_T2_ctrl,7,140,74.66666666666667,-0.6735351085662842,-0.06675136014085048
UBFC_PHYS_s10_T2_ctrl,7,141,74.7,-0.521572470664978,-0.05723981713753573
UBFC_PHYS_s10_T2_ctrl,7,142,74.73333333333333,-0.3076285123825073,-0.03749153870720556
UBFC_PHYS_s10_T2_ctrl,7,143,74.76666666666667,-0.08537451177835464,-0.01453678117480407
UBFC_PHYS_s10_T2_ctrl,7,144,74.8,0.0910419151186943,0.00704981698833607
UBFC_PHYS_s10_T2_ctrl,7,145,74.83333333333333,0.18799243867397308,0.02581902450886038
UBFC_PHYS_s10_T2_ctrl,7,146,74.86666666666666,0.21809208393096924,0.043873163423777575
UBFC_PHYS_s10_T2_ctrl,7,147,74.9,0.2170158475637436,0.06521408093308038
UBFC_PHYS_s10_T2_ctrl,7,148,74.93333333333334,0.2170334905385971,0.09233954973964668
UBFC_PHYS_s10_T2_ctrl,7,149,74.96666666666667,0.23488861322402954,0.12355806773581496
UBFC_PHYS_s10_T2_ctrl,7,150,75.0,0.25406700372695923,0.15249375574848215
UBFC_PHYS_s10_T2_ctrl,7,151,75.03333333333333,0.24194598197937012,0.16990900476003762
UBFC_PHYS_s10_T2_ctrl,7,152,75.06666666666666,0.19713172316551208,0.1667546420507215
UBFC_PHYS_s10_T2_ctrl,7,153,75.1,0.1368265599012375,0.13641361060099194
UBFC_PHYS_s10_T2_ctrl,7,154,75.13333333333334,0.04952698200941086,0.07549735780465203
UBFC_PHYS_s10_T2_ctrl,7,155,75.16666666666667,-0.07718797028064728,-0.01594962861200382
UBFC_PHYS_s10_T2_ctrl,7,156,75.2,-0.21124257147312164,-0.13422831689414072
UBFC_PHYS_s10_T2_ctrl,7,157,75.23333333333333,-0.3157091736793518,-0.2715943170851156
UBFC_PHYS_s10_T2_ctrl,7,158,75.26666666666667,-0.392210990190506,-0.41607713711287114
UBFC_PHYS_s10_T2_ctrl,7,159,75.3,-0.4350844621658325,-0.5523192523528638
UBFC_PHYS_s10_T2_ctrl,7,160,75.33333333333333,-0.38612401485443115,-0.663633696204392
UBFC_PHYS_s10_T2_ctrl,7,161,75.36666666666666,-0.20407934486865997,-0.7347708198457086
UBFC_PHYS_s10_T2_ctrl,7,162,75.4,0.045892439782619476,-0.7547229817867823
UBFC_PHYS_s10_T2_ctrl,7,163,75.43333333333334,0.24018163979053497,-0.7188278315879543
UBFC_PHYS_s10_T2_ctrl,7,164,75.46666666666667,0.32880446314811707,-0.6298249701479889
UBFC_PHYS_s10_T2_ctrl,7,165,75.5,0.3546344041824341,-0.4979278832211182
UBFC_PHYS_s10_T2_ctrl,7,166,75.53333333333333,0.35138803720474243,-0.33944556502993006
UBFC_PHYS_s10_T2_ctrl,7,167,75.56666666666666,0.31094932556152344,-0.1731100257102739
UBFC_PHYS_s10_T2_ctrl,7,168,75.6,0.24771536886692047,-0.015042946807401019
UBFC_PHYS_s10_T2_ctrl,7,169,75.63333333333334,0.20404793322086334,0.125056152153026
UBFC_PHYS_s10_T2_ctrl,7,170,75.66666666666667,0.19937244057655334,0.24487561156718707
UBFC_PHYS_s10_T2_ctrl,7,171,75.7,0.22574932873249054,0.3472966323988045
UBFC_PHYS_s10_T2_ctrl,7,172,75.73333333333333,0.2546845078468323,0.436112084554468
UBFC_PHYS_s10_T2_ctrl,7,173,75.76666666666667,0.24062271416187286,0.5118877749857279
UBFC_PHYS_s10_T2_ctrl,7,174,75.8,0.16932570934295654,0.5699874755998252
UBFC_PHYS_s10_T2_ctrl,7,175,75.83333333333333,0.06837014108896255,0.6021234731932711
UBFC_PHYS_s10_T2_ctrl,7,176,75.86666666666666,-0.061114825308322906,0.600613679076205
UBFC_PHYS_s10_T2_ctrl,7,177,75.9,-0.23924265801906586,0.5625378964981999
UBFC_PHYS_s10_T2_ctrl,7,178,75.93333333333334,-0.4277271628379822,0.4919934384073734
UBFC_PHYS_s10_T2_ctrl,7,179,75.96666666666667,-0.518273115158081,0.40003632915478754
UBFC_PHYS_s10_T2_ctrl,7,180,76.0,-0.43111470341682434,0.30221123487348184
UBFC_PHYS_s10_T2_ctrl,7,181,76.03333333333333,-0.21740011870861053,0.21391911466816768
UBFC_PHYS_s10_T2_ctrl,7,182,76.06666666666666,-0.02018211968243122,0.14500963995424468
UBFC_PHYS_s10_T2_ctrl,7,183,76.1,0.0861194059252739,0.09589868297980755
UBFC_PHYS_s10_T2_ctrl,7,184,76.13333333333334,0.12032997608184814,0.05760648013921782
UBFC_PHYS_s10_T2_ctrl,7,185,76.16666666666667,0.11406656354665756,0.017608043786729703
UBFC_PHYS_s10_T2_ctrl,7,186,76.2,0.08850126713514328,-0.031517097543668104
UBFC_PHYS_s10_T2_ctrl,7,187,76.23333333333333,0.07581565529108047,-0.08785750270573196
UBFC_PHYS_s10_T2_ctrl,7,188,76.26666666666667,0.09111248701810837,-0.14239155651213076
UBFC_PHYS_s10_T2_ctrl,7,189,76.3,0.10305707901716232,-0.18403623457923599
UBFC_PHYS_s10_T2_ctrl,7,190,76.33333333333333,0.08310238271951675,-0.20454116123339416
UBFC_PHYS_s10_T2_ctrl,7,191,76.36666666666666,0.0375823937356472,-0.2016148488546458
UBFC_PHYS_s10_T2_ctrl,7,192,76.4,-0.013548199087381363,-0.17966448337702784
UBFC_PHYS_s10_T2_ctrl,7,193,76.43333333333334,-0.071153923869133,-0.14856494720149094
UBFC_PHYS_s10_T2_ctrl,7,194,76.46666666666667,-0.14305080473423004,-0.12097770573988331
UBFC_PHYS_s10_T2_ctrl,7,195,76.5,-0.19081151485443115,-0.10873214369387213
UBFC_PHYS_s10_T2_ctrl,7,196,76.53333333333333,-0.1661989539861679,-0.1192801162745804
UBFC_PHYS_s10_T2_ctrl,7,197,76.56666666666666,-0.13179431855678558,-0.1535786882483348
UBFC_PHYS_s10_T2_ctrl,7,198,76.6,-0.16863374412059784,-0.20604627628091704
UBFC_PHYS_s10_T2_ctrl,7,199,76.63333333333334,-0.18509504199028015,-0.26641891802394246
UBFC_PHYS_s10_T2_ctrl,7,200,76.66666666666667,-0.023022707551717758,-0.3227449662481595
UBFC_PHYS_s10_T2_ctrl,7,201,76.7,0.2773033678531647,-0.3643267177225437
UBFC_PHYS_s10_T2_ctrl,7,202,76.73333333333333,0.529762864112854,-0.3835860265365998
UBFC_PHYS_s10_T2_ctrl,7,203,76.76666666666667,0.644956648349762,-0.37619509559252284
UBFC_PHYS_s10_T2_ctrl,7,204,76.8,0.6526315808296204,-0.34021540207376594
UBFC_PHYS_s10_T2_ctrl,7,205,76.83333333333333,0.595907986164093,-0.27614457566156453
UBFC_PHYS_s10_T2_ctrl,7,206,76.86666666666666,0.5300275087356567,-0.18819331706692574
UBFC_PHYS_s10_T2_ctrl,7,207,76.9,0.5148012638092041,-0.0854292799839772
UBFC_PHYS_s10_T2_ctrl,7,208,76.93333333333334,0.5331680774688721,0.0184334360453191
UBFC_PHYS_s10_T2_ctrl,7,209,76.96666666666667,0.5011276006698608,0.10733904260108995
UBFC_PHYS_s10_T2_ctrl,7,210,77.0,0.39459672570228577,0.166959370894134
UBFC_PHYS_s10_T2_ctrl,7,211,77.03333333333333,0.2945939004421234,0.1891287879155346
UBFC_PHYS_s10_T2_ctrl,7,212,77.06666666666666,0.25223207473754883,0.17500660448256902
UBFC_PHYS_s10_T2_ctrl,7,213,77.1,0.22098560631275177,0.13540892130555554
UBFC_PHYS_s10_T2_ctrl,7,214,77.13333333333334,0.15457582473754883,0.0879844437446754
UBFC_PHYS_s10_T2_ctrl,7,215,77.16666666666667,0.06784083694219589,0.052228398554878305
UBFC_PHYS_s10_T2_ctrl,7,216,77.2,-0.005291084758937359,0.04402372343796798
UBFC_PHYS_s10_T2_ctrl,7,217,77.23333333333333,-0.06908964365720749,0.07178033419458353
UBFC_PHYS_s10_T2_ctrl,7,218,77.26666666666667,-0.1702922284603119,0.13514327026138998
UBFC_PHYS_s10_T2_ctrl,7,219,77.3,-0.3341994881629944,0.22600753658281134
UBFC_PHYS_s10_T2_ctrl,7,220,77.33333333333333,-0.4978950023651123,0.3310900789322553
UBFC_PHYS_s10_T2_ctrl,7,221,77.36666666666666,-0.5439090132713318,0.4350152763154353
UBFC_PHYS_s10_T2_ctrl,7,222,77.4,-0.41502392292022705,0.5232386381002793
UBFC_PHYS_s10_T2_ctrl,7,223,77.43333333333334,-0.18239560723304749,0.5845722693653277
UBFC_PHYS_s10_T2_ctrl,7,224,77.46666666666667,0.028584256768226624,0.6129210382929797
UBFC_PHYS_s10_T2_ctrl,7,225,77.5,0.15852795541286469,0.6076935241899757
UBFC_PHYS_s10_T2_ctrl,7,226,77.53333333333333,0.23033662140369415,0.5727904115252975
UBFC_PHYS_s10_T2_ctrl,7,227,77.56666666666666,0.283954918384552,0.51453094454302
UBFC_PHYS_s10_T2_ctrl,7,228,77.6,0.3284868896007538,0.4392602456975586
UBFC_PHYS_s10_T2_ctrl,7,229,77.63333333333334,0.3625210225582123,0.3516256861562171
UBFC_PHYS_s10_T2_ctrl,7,230,77.66666666666667,0.3925677537918091,0.2539381275873839
UBFC_PHYS_s10_T2_ctrl,7,231,77.7,0.41264593601226807,0.14641173784001138
UBFC_PHYS_s10_T2_ctrl,7,232,77.73333333333333,0.3930617570877075,0.02795757448217106
UBFC_PHYS_s10_T2_ctrl,7,233,77.76666666666667,0.3301100730895996,-0.102817572144529
UBFC_PHYS_s10_T2_ctrl,7,234,77.8,0.25877779722213745,-0.2465775662690525
UBFC_PHYS_s10_T2_ctrl,7,235,77.83333333333333,0.1972552239894867,-0.402175369740824
UBFC_PHYS_s10_T2_ctrl,7,236,77.86666666666666,0.14718323945999146,-0.5655775260058883
UBFC_PHYS_s10_T2_ctrl,7,237,77.9,0.10019884258508682,-0.7289545535180905
UBFC_PHYS_s10_T2_ctrl,7,238,77.93333333333334,0.026255326345562935,-0.8800889009990789
UBFC_PHYS_s10_T2_ctrl,7,239,77.96666666666667,-0.08922076970338821,-1.0022486188385997
UBFC_PHYS_s10_T2_ctrl,7,240,78.0,-0.22256964445114136,-1.0751836713222371
UBFC_PHYS_s10_T2_ctrl,7,241,78.03333333333333,-0.36246421933174133,-1.0782150399891888
UBFC_PHYS_s10_T2_ctrl,7,242,78.06666666666666,-0.5196846127510071,-0.9954253292492651
UBFC_PHYS_s10_T2_ctrl,7,243,78.1,-0.6827449798583984,-0.8218505269016092
UBFC_PHYS_s10_T2_ctrl,7,244,78.13333333333334,-0.8102185726165771,-0.568848138238546
UBFC_PHYS_s10_T2_ctrl,7,245,78.16666666666667,-0.8427354097366333,-0.2663776745547302
UBFC_PHYS_s10_T2_ctrl,7,246,78.2,-0.7423443794250488,0.03991486949613755
UBFC_PHYS_s10_T2_ctrl,7,247,78.23333333333333,-0.5570709705352783,0.2981992934477195
UBFC_PHYS_s10_T2_ctrl,7,248,78.26666666666667,-0.39595139026641846,0.46456507915081036
UBFC_PHYS_s10_T2_ctrl,7,249,78.3,-0.30477026104927063,0.5165607033838642
UBFC_PHYS_s10_T2_ctrl,7,250,78.33333333333333,-0.24700576066970825,0.46091512843436755
UBFC_PHYS_s10_T2_ctrl,7,251,78.36666666666666,-0.19774536788463593,0.33116237583356145
UBFC_PHYS_s10_T2_ctrl,7,252,78.4,-0.1474616527557373,0.1759894204264623
UBFC_PHYS_s10_T2_ctrl,7,253,78.43333333333334,-0.06594911962747574,0.04407288969736629
UBFC_PHYS_s10_T2_ctrl,7,254,78.46666666666667,0.053532034158706665,-0.029227829527644
UBFC_PHYS_s10_T2_ctrl,7,255,78.5,0.1561460942029953,-0.02937108658517182
UBFC_PHYS_s10_T2_ctrl,7,256,78.53333333333333,0.19039194285869598,0.037132019362037604
UBFC_PHYS_s10_T2_ctrl,7,257,78.56666666666666,0.19113296270370483,0.14859564407505804
UBFC_PHYS_s10_T2_ctrl,7,258,78.6,0.2081235647201538,0.27709761976335534
UBFC_PHYS_s10_T2_ctrl,7,259,78.63333333333334,0.23742926120758057,0.3962252791528352
UBFC_PHYS_s10_T2_ctrl,7,260,78.66666666666667,0.26288869976997375,0.4856994149908038
UBFC_PHYS_s10_T2_ctrl,7,261,78.7,0.29053592681884766,0.5335206537319755
UBFC_PHYS_s10_T2_ctrl,7,262,78.73333333333333,0.30904385447502136,0.5361625231168282
UBFC_PHYS_s10_T2_ctrl,7,263,78.76666666666667,0.2889832854270935,0.4969493899592948
UBFC_PHYS_s10_T2_ctrl,7,264,78.8,0.22463779151439667,0.42349821631406787
UBFC_PHYS_s10_T2_ctrl,7,265,78.83333333333333,0.11865384876728058,0.3256481146198769
UBFC_PHYS_s10_T2_ctrl,7,266,78.86666666666666,-0.011960292235016823,0.21445306974445016
UBFC_PHYS_s10_T2_ctrl,7,267,78.9,-0.09384334087371826,0.10187764546619403
UBFC_PHYS_s10_T2_ctrl,7,268,78.93333333333334,-0.04163650423288345,0.00037272508439818025
UBFC_PHYS_s10_T2_ctrl,7,269,78.96666666666667,0.12784606218338013,-0.07867722020208064
UBFC_PHYS_s10_T2_ctrl,7,270,79.0,0.29244139790534973,-0.1273389966500972
UBFC_PHYS_s10_T2_ctrl,7,271,79.03333333333333,0.36467352509498596,-0.14277712812168827
UBFC_PHYS_s10_T2_ctrl,7,272,79.06666666666666,0.3745185434818268,-0.12751607880507482
UBFC_PHYS_s10_T2_ctrl,7,273,79.1,0.36749646067619324,-0.08873227410286394
UBFC_PHYS_s10_T2_ctrl,7,274,79.13333333333334,0.35002949833869934,-0.03686356552353322
UBFC_PHYS_s10_T2_ctrl,7,275,79.16666666666667,0.32331737875938416,0.01636433292229383
UBFC_PHYS_s10_T2_ctrl,7,276,79.2,0.3040860593318939,0.06022646879408809
UBFC_PHYS_s10_T2_ctrl,7,277,79.23333333333333,0.31075525283813477,0.0871606718692432
UBFC_PHYS_s10_T2_ctrl,7,278,79.26666666666667,0.3233703076839447,0.09409211982399077
UBFC_PHYS_s10_T2_ctrl,7,279,79.3,0.2834962010383606,0.08207421779639189
UBFC_PHYS_s10_T2_ctrl,7,280,79.33333333333333,0.18622809648513794,0.05467172205922721
UBFC_PHYS_s10_T2_ctrl,7,281,79.36666666666666,0.08477851003408432,0.016666737001103344
UBFC_PHYS_s10_T2_ctrl,7,282,79.4,-0.0021152712870389223,-0.02658953231430309
UBFC_PHYS_s10_T2_ctrl,7,283,79.43333333333334,-0.10125357657670975,-0.07015389512109013
UBFC_PHYS_s10_T2_ctrl,7,284,79.46666666666667,-0.20386762917041779,-0.11090170512941441
UBFC_PHYS_s10_T2_ctrl,7,285,79.5,-0.26835426688194275,-0.14852168355786458
UBFC_PHYS_s10_T2_ctrl,7,286,79.53333333333333,-0.28950873017311096,-0.18547634167017812
UBFC_PHYS_s10_T2_ctrl,7,287,79.56666666666666,-0.30866947770118713,-0.22569533763493582
UBFC_PHYS_s10_T2_ctrl,7,288,79.6,-0.3647402226924896,-0.2724873415552602
UBFC_PHYS_s10_T2_ctrl,7,289,79.63333333333334,-0.46460190415382385,-0.32678016157402107
UBFC_PHYS_s10_T2_ctrl,7,290,79.66666666666667,-0.5569121837615967,-0.3862934622420706
UBFC_PHYS_s10_T2_ctrl,7,291,79.7,-0.5587823987007141,-0.44563366516613595
UBFC_PHYS_s10_T2_ctrl,7,292,79.73333333333333,-0.44611161947250366,-0.49701579961599507
UBFC_PHYS_s10_T2_ctrl,7,293,79.76666666666667,-0.27989307045936584,-0.5311294136419633
UBFC_PHYS_s10_T2_ctrl,7,294,79.8,-0.12258445471525192,-0.5380444687853108
UBFC_PHYS_s10_T2_ctrl,7,295,79.83333333333333,0.00370705290697515,-0.5084303176361812
UBFC_PHYS_s10_T2_ctrl,7,296,79.86666666666666,0.08153212070465088,-0.4356385594425154
UBFC_PHYS_s10_T2_ctrl,7,297,79.9,0.11247865855693817,-0.31923922018087686
UBFC_PHYS_s10_T2_ctrl,7,298,79.93333333333334,0.12489961832761765,-0.16812479166956354
UBFC_PHYS_s10_T2_ctrl,7,299,79.96666666666667,0.13395068049430847,0.0007331239052607349
UBFC_PHYS_s10_T2_ctrl,8,0,80.0,0.14344283938407898,-0.044035801816250074
UBFC_PHYS_s10_T2_ctrl,8,1,80.03333333333333,0.16682034730911255,-0.018153279396808726
UBFC_PHYS_s10_T2_ctrl,8,2,80.06666666666666,0.19425584375858307,0.02376824850148511
UBFC_PHYS_s10_T2_ctrl,8,3,80.1,0.19880785048007965,0.09272620670224622
UBFC_PHYS_s10_T2_ctrl,8,4,80.13333333333334,0.17696531116962433,0.19014139255770918
UBFC_PHYS_s10_T2_ctrl,8,5,80.16666666666667,0.1398259401321411,0.30558022227403137
UBFC_PHYS_s10_T2_ctrl,8,6,80.2,0.09919317066669464,0.41815001025920817
UBFC_PHYS_s10_T2_ctrl,8,7,80.23333333333333,0.06480617076158524,0.5026586961058592
UBFC_PHYS_s10_T2_ctrl,8,8,80.26666666666667,0.022656071931123734,0.5382797590441006
UBFC_PHYS_s10_T2_ctrl,8,9,80.3,-0.047635260969400406,0.5145529693825893
UBFC_PHYS_s10_T2_ctrl,8,10,80.33333333333333,-0.12103183567523956,0.4328488825373611
UBFC_PHYS_s10_T2_ctrl,8,11,80.36666666666666,-0.1787610650062561,0.3050421763099293
UBFC_PHYS_s10_T2_ctrl,8,12,80.4,-0.2611028552055359,0.15060633208922303
UBFC_PHYS_s10_T2_ctrl,8,13,80.43333333333334,-0.3980862498283386,-0.007524766663324699
UBFC_PHYS_s10_T2_ctrl,8,14,80.46666666666667,-0.5458321571350098,-0.14759556049404118
UBFC_PHYS_s10_T2_ctrl,8,15,80.5,-0.6272211670875549,-0.2530873029886288
UBFC_PHYS_s10_T2_ctrl,8,16,80.53333333333333,-0.5805543661117554,-0.31502191053289086
UBFC_PHYS_s10_T2_ctrl,8,17,80.56666666666666,-0.3981744647026062,-0.33144074526133827
UBFC_PHYS_s10_T2_ctrl,8,18,80.6,-0.14412705600261688,-0.3050418150471336
UBFC_PHYS_s10_T2_ctrl,8,19,80.63333333333334,0.07216347008943558,-0.24172537363424906
UBFC_PHYS_s10_T2_ctrl,8,20,80.66666666666667,0.1968141347169876,-0.15058719673614354
UBFC_PHYS_s10_T2_ctrl,8,21,80.7,0.2576662600040436,-0.04358509702263004
UBFC_PHYS_s10_T2_ctrl,8,22,80.73333333333333,0.28298455476760864,0.06569385538541031
UBFC_PHYS_s10_T2_ctrl,8,23,80.76666666666667,0.2727866470813751,0.16333928765991448
UBFC_PHYS_s10_T2_ctrl,8,24,80.8,0.24379853904247284,0.23643593309993866
UBFC_PHYS_s10_T2_ctrl,8,25,80.83333333333333,0.21031135320663452,0.27506737281516747
UBFC_PHYS_s10_T2_ctrl,8,26,80.86666666666666,0.15244098007678986,0.2743193784242288
UBFC_PHYS_s10_T2_ctrl,8,27,80.9,0.06881122291088104,0.23437611906240743
UBFC_PHYS_s10_T2_ctrl,8,28,80.93333333333334,-0.0020446977578103542,0.158890586120104
UBFC_PHYS_s10_T2_ctrl,8,29,80.96666666666667,-0.06370840221643448,0.053840636370579335
UBFC_PHYS_s10_T2_ctrl,8,30,81.0,-0.17652034759521484,-0.07230370879921634
UBFC_PHYS_s10_T2_ctrl,8,31,81.03333333333333,-0.3465322256088257,-0.20788013279709355
UBFC_PHYS_s10_T2_ctrl,8,32,81.06666666666666,-0.5032409429550171,-0.33760351917365455
UBFC_PHYS_s10_T2_ctrl,8,33,81.1,-0.6155235767364502,-0.44301517271293955
UBFC_PHYS_s10_T2_ctrl,8,34,81.13333333333334,-0.7014822959899902,-0.5044784344745474
UBFC_PHYS_s10_T2_ctrl,8,35,81.16666666666667,-0.7681919932365417,-0.5052188852952875
UBFC_PHYS_s10_T2_ctrl,8,36,81.2,-0.8054901361465454,-0.43648703031994696
UBFC_PHYS_s10_T2_ctrl,8,37,81.23333333333333,-0.7968801856040955,-0.30161199394685495
UBFC_PHYS_s10_T2_ctrl,8,38,81.26666666666667,-0.7309997081756592,-0.11683517316025212
UBFC_PHYS_s10_T2_ctrl,8,39,81.3,-0.639342188835144,0.09257268235415536
UBFC_PHYS_s10_T2_ctrl,8,40,81.33333333333333,-0.5652928352355957,0.2992294734048745
UBFC_PHYS_s10_T2_ctrl,8,41,81.36666666666666,-0.47945764660835266,0.47910444052843104
UBFC_PHYS_s10_T2_ctrl,8,42,81.4,-0.30455854535102844,0.613593536035646
UBFC_PHYS_s10_T2_ctrl,8,43,81.43333333333334,-0.05615702643990517,0.6892152544774505
UBFC_PHYS_s10_T2_ctrl,8,44,81.46666666666667,0.1461952030658722,0.6965756974916572
UBFC_PHYS_s10_T2_ctrl,8,45,81.5,0.2487739771604538,0.6303846357350804
UBFC_PHYS_s10_T2_ctrl,8,46,81.53333333333333,0.3050740957260132,0.4910676759990561
UBFC_PHYS_s10_T2_ctrl,8,47,81.56666666666666,0.3513703942298889,0.2871146152396497
UBFC_PHYS_s10_T2_ctrl,8,48,81.6,0.3902035355567932,0.03660541053835813
UBFC_PHYS_s10_T2_ctrl,8,49,81.63333333333334,0.4310480058193207,-0.23395256208940127
UBFC_PHYS_s10_T2_ctrl,8,50,81.66666666666667,0.447174072265625,-0.4936132269164277
UBFC_PHYS_s10_T2_ctrl,8,51,81.7,0.40703532099723816,-0.7121298689789698
UBFC_PHYS_s10_T2_ctrl,8,52,81.73333333333333,0.33575597405433655,-0.8646014736639012
UBFC_PHYS_s10_T2_ctrl,8,53,81.76666666666667,0.26632916927337646,-0.9343290554075685
UBFC_PHYS_s10_T2_ctrl,8,54,81.8,0.20452430844306946,-0.9137478990191152
UBFC_PHYS_s10_T2_ctrl,8,55,81.83333333333333,0.16443848609924316,-0.8043866079919486
UBFC_PHYS_s10_T2_ctrl,8,56,81.86666666666666,0.15034140646457672,-0.6167587403394397
UBFC_PHYS_s10_T2_ctrl,8,57,81.9,0.1324862837791443,-0.37075644691409826
UBFC_PHYS_s10_T2_ctrl,8,58,81.93333333333334,0.09292975813150406,-0.09559142522008551
UBFC_PHYS_s10_T2_ctrl,8,59,81.96666666666667,0.0397525317966938,0.1729136190133573
UBFC_PHYS_s10_T2_ctrl,8,60,82.0,-0.01720038428902626,0.3981628656008251
UBFC_PHYS_s10_T2_ctrl,8,61,82.03333333333333,-0.06215578317642212,0.5502471469317156
UBFC_PHYS_s10_T2_ctrl,8,62,82.06666666666666,-0.09416092187166214,0.6129827903056162
UBFC_PHYS_s10_T2_ctrl,8,63,82.1,-0.14073951542377472,0.5882690867489994
UBFC_PHYS_s10_T2_ctrl,8,64,82.13333333333334,-0.2161121517419815,0.49615439906169634
UBFC_PHYS_s10_T2_ctrl,8,65,82.16666666666667,-0.3038175404071808,0.3699669363930436
UBFC_PHYS_s10_T2_ctrl,8,66,82.2,-0.358864963054657,0.24776672985040155
UBFC_PHYS_s10_T2_ctrl,8,67,82.23333333333333,-0.3080695867538452,0.163096238257616
UBFC_PHYS_s10_T2_ctrl,8,68,82.26666666666667,-0.13354100286960602,0.13743099692337518
UBFC_PHYS_s10_T2_ctrl,8,69,82.3,0.061242204159498215,0.1758133202305729
UBFC_PHYS_s10_T2_ctrl,8,70,82.33333333333333,0.21101708710193634,0.26648262584861165
UBFC_PHYS_s10_T2_ctrl,8,71,82.36666666666666,0.37100750207901,0.38458679276089325
UBFC_PHYS_s10_T2_ctrl,8,72,82.4,0.5403136014938354,0.4987442169776212
UBFC_PHYS_s10_T2_ctrl,8,73,82.43333333333334,0.6112401485443115,0.578132084841682
UBFC_PHYS_s10_T2_ctrl,8,74,82.46666666666667,0.5679608583450317,0.5982047846272291
UBFC_PHYS_s10_T2_ctrl,8,75,82.5,0.526128351688385,0.5438600855021072
UBFC_PHYS_s10_T2_ctrl,8,76,82.53333333333333,0.5281043648719788,0.41029413526649877
UBFC_PHYS_s10_T2_ctrl,8,77,82.56666666666666,0.5149776935577393,0.20299031588112865
UBFC_PHYS_s10_T2_ctrl,8,78,82.6,0.48722460865974426,-0.06238919184906554
UBFC_PHYS_s10_T2_ctrl,8,79,82.63333333333334,0.47351568937301636,-0.3603634659409818
UBFC_PHYS_s10_T2_ctrl,8,80,82.66666666666667,0.4358823001384735,-0.6570007917096384
UBFC_PHYS_s10_T2_ctrl,8,81,82.7,0.33896708488464355,-0.9134000875872667
UBFC_PHYS_s10_T2_ctrl,8,82,82.73333333333333,0.21710406243801117,-1.0912780261517971
UBFC_PHYS_s10_T2_ctrl,8,83,82.76666666666667,0.1017691120505333,-1.1593978742033748
UBFC_PHYS_s10_T2_ctrl,8,84,82.8,-0.02948019467294216,-1.0998678832839157
UBFC_PHYS_s10_T2_ctrl,8,85,82.83333333333333,-0.1786375641822815,-0.9136490453065331
UBFC_PHYS_s10_T2_ctrl,8,86,82.86666666666666,-0.29795992374420166,-0.6236272009438095
UBFC_PHYS_s10_T2_ctrl,8,87,82.9,-0.35436588525772095,-0.2728861219010292
UBFC_PHYS_s10_T2_ctrl,8,88,82.93333333333334,-0.3803369700908661,0.08242351628711166
UBFC_PHYS_s10_T2_ctrl,8,89,82.96666666666667,-0.43730753660202026,0.38420033828439626
UBFC_PHYS_s10_T2_ctrl,8,90,83.0,-0.5361812114715576,0.5846908871266966
UBFC_PHYS_s10_T2_ctrl,8,91,83.03333333333333,-0.6153647899627686,0.6561814494260076
UBFC_PHYS_s10_T2_ctrl,8,92,83.06666666666666,-0.5931870341300964,0.5958494160495933
UBFC_PHYS_s10_T2_ctrl,8,93,83.1,-0.43910717964172363,0.4253687111492169
UBFC_PHYS_s10_T2_ctrl,8,94,83.13333333333334,-0.2093723714351654,0.18578757884514072
UBFC_PHYS_s10_T2_ctrl,8,95,83.16666666666667,-0.008378680795431137,-0.07102856554033068
UBFC_PHYS_s10_T2_ctrl,8,96,83.2,0.09289447218179703,-0.29243003822316355
UBFC_PHYS_s10_T2_ctrl,8,97,83.23333333333333,0.08761909604072571,-0.43410418054512484
UBFC_PHYS_s10_T2_ctrl,8,98,83.26666666666667,0.010323330760002136,-0.46716318170086585
UBFC_PHYS_s10_T2_ctrl,8,99,83.3,-0.07574120908975601,-0.38328451450873036
UBFC_PHYS_s10_T2_ctrl,8,100,83.33333333333333,-0.1278245449066162,-0.19691220334845644
UBFC_PHYS_s10_T2_ctrl,8,101,83.36666666666666,-0.1654932200908661,0.057462724276232155
UBFC_PHYS_s10_T2_ctrl,8,102,83.4,-0.22622182965278625,0.33301981518818957
UBFC_PHYS_s10_T2_ctrl,8,103,83.43333333333334,-0.3114571273326874,0.5813374857073803
UBFC_PHYS_s10_T2_ctrl,8,104,83.46666666666667,-0.38384801149368286,0.7628207929496255
UBFC_PHYS_s10_T2_ctrl,8,105,83.5,-0.382154256105423,0.8527701611584169
UBFC_PHYS_s10_T2_ctrl,8,106,83.53333333333333,-0.30111807584762573,0.8421839873800336
UBFC_PHYS_s10_T2_ctrl,8,107,83.56666666666666,-0.24707633256912231,0.7355624232026778
UBFC_PHYS_s10_T2_ctrl,8,108,83.6,-0.2831747531890869,0.547835591483411
UBFC_PHYS_s10_T2_ctrl,8,109,83.63333333333334,-0.348684698343277,0.30182198302596147
UBFC_PHYS_s10_T2_ctrl,8,110,83.66666666666667,-0.37218573689460754,0.02623568708945204
UBFC_PHYS_s10_T2_ctrl,8,111,83.7,-0.3704037368297577,-0.24700910832150147
UBFC_PHYS_s10_T2_ctrl,8,112,83.73333333333333,-0.39983293414115906,-0.4866539397561459
UBFC_PHYS_s10_T2_ctrl,8,113,83.76666666666667,-0.4642137289047241,-0.6665126552555303
UBFC_PHYS_s10_T2_ctrl,8,114,83.8,-0.48981431126594543,-0.769321415287051
UBFC_PHYS_s10_T2_ctrl,8,115,83.83333333333333,-0.4037674367427826,-0.7885434615219331
UBFC_PHYS_s10_T2_ctrl,8,116,83.86666666666666,-0.21821172535419464,-0.7279661955848029
UBFC_PHYS_s10_T2_ctrl,8,117,83.9,-0.014130431227385998,-0.6002221231223306
UBFC_PHYS_s10_T2_ctrl,8,118,83.93333333333334,0.14196078479290009,-0.42476751251880557
UBFC_PHYS_s10_T2_ctrl,8,119,83.96666666666667,0.2366705983877182,-0.22515263729720816
UBFC_PHYS_s10_T2_ctrl,8,120,84.0,0.27947351336479187,-0.025649460790846693
UBFC_PHYS_s10_T2_ctrl,8,121,84.03333333333333,0.29990455508232117,0.15236250958988098
UBFC_PHYS_s10_T2_ctrl,8,122,84.06666666666666,0.340043306350708,0.2936078532046659
UBFC_PHYS_s10_T2_ctrl,8,123,84.1,0.39311468601226807,0.3908845507922333
UBFC_PHYS_s10_T2_ctrl,8,124,84.13333333333334,0.42806628346443176,0.4452782815227311
UBFC_PHYS_s10_T2_ctrl,8,125,84.16666666666667,0.44814446568489075,0.46451860133660755
UBFC_PHYS_s10_T2_ctrl,8,126,84.2,0.4532434046268463,0.4600171201904803
UBFC_PHYS_s10_T2_ctrl,8,127,84.23333333333333,0.42543742060661316,0.44367891248128943
UBFC_PHYS_s10_T2_ctrl,8,128,84.26666666666667,0.3827403485774994,0.4249790571303897
UBFC_PHYS_s10_T2_ctrl,8,129,84.3,0.3578631579875946,0.40819381418827233
UBFC_PHYS_s10_T2_ctrl,8,130,84.33333333333333,0.3452834188938141,0.3907398991614766
UBFC_PHYS_s10_T2_ctrl,8,131,84.36666666666666,0.326193243265152,0.36446046049622055
UBFC_PHYS_s10_T2_ctrl,8,132,84.4,0.2899007499217987,0.319396760040339
UBFC_PHYS_s10_T2_ctrl,8,133,84.43333333333334,0.24653325974941254,0.2473712061267444
UBFC_PHYS_s10_T2_ctrl,8,134,84.46666666666667,0.2688698172569275,0.14405292014481108
UBFC_PHYS_s10_T2_ctrl,8,135,84.5,0.4443511366844177,0.009783203591002073
UBFC_PHYS_s10_T2_ctrl,8,136,84.53333333333333,0.763008713722229,-0.15032076516242973
UBFC_PHYS_s10_T2_ctrl,8,137,84.56666666666666,1.1015328168869019,-0.32643689592203
UBFC_PHYS_s10_T2_ctrl,8,138,84.6,1.373382329940796,-0.5040615716476669
UBFC_PHYS_s10_T2_ctrl,8,139,84.63333333333334,1.590061068534851,-0.6641645640983195
UBFC_PHYS_s10_T2_ctrl,8,140,84.66666666666667,1.7901020050048828,-0.7843238427161597
UBFC_PHYS_s10_T2_ctrl,8,141,84.7,1.950374722480774,-0.8420851077556226
UBFC_PHYS_s10_T2_ctrl,8,142,84.73333333333333,2.0209484100341797,-0.8205881370588612
UBFC_PHYS_s10_T2_ctrl,8,143,84.76666666666667,2.0078744888305664,-0.715127311234317
UBFC_PHYS_s10_T2_ctrl,8,144,84.8,1.9597963094711304,-0.5380096387079595
UBFC_PHYS_s10_T2_ctrl,8,145,84.83333333333333,1.9069013595581055,-0.3183079195480563
UBFC_PHYS_s10_T2_ctrl,8,146,84.86666666666666,1.835586667060852,-0.095512928133259
UBFC_PHYS_s10_T2_ctrl,8,147,84.9,1.679742455482483,0.09117516641571241
UBFC_PHYS_s10_T2_ctrl,8,148,84.93333333333334,1.3674718141555786,0.2140727992497824
UBFC_PHYS_s10_T2_ctrl,8,149,84.96666666666667,0.8738975524902344,0.26355353152369454
UBFC_PHYS_s10_T2_ctrl,8,150,85.0,0.20484189689159393,0.24810025804476263
UBFC_PHYS_s10_T2_ctrl,8,151,85.03333333333333,-0.6429944038391113,0.18974118886530866
UBFC_PHYS_s10_T2_ctrl,8,152,85.06666666666666,-1.6410819292068481,0.1171690338400748
UBFC_PHYS_s10_T2_ctrl,8,153,85.1,-2.5610268115997314,0.05874086708898691
UBFC_PHYS_s10_T2_ctrl,8,154,85.13333333333334,-2.9576330184936523,0.0367640132220093
UBFC_PHYS_s10_T2_ctrl,8,155,85.16666666666667,-2.6660051345825195,0.06356046048242978
UBFC_PHYS_s10_T2_ctrl,8,156,85.2,-2.1066207885742188,0.1398153802441546
UBFC_PHYS_s10_T2_ctrl,8,157,85.23333333333333,-1.7497299909591675,0.25574441818374466
UBFC_PHYS_s10_T2_ctrl,8,158,85.26666666666667,-1.593973994255066,0.3942611704646574
UBFC_PHYS_s10_T2_ctrl,8,159,85.3,-1.4320781230926514,0.5341783579876055
UBFC_PHYS_s10_T2_ctrl,8,160,85.33333333333333,-1.2315961122512817,0.652863654274047
UBFC_PHYS_s10_T2_ctrl,8,161,85.36666666666666,-1.0332489013671875,0.7291969440175058
UBFC_PHYS_s10_T2_ctrl,8,162,85.4,-0.863660454750061,0.7469389968404414
UBFC_PHYS_s10_T2_ctrl,8,163,85.43333333333334,-0.7751082181930542,0.6977151670278642
UBFC_PHYS_s10_T2_ctrl,8,164,85.46666666666667,-0.7909696102142334,0.5828210207300585
UBFC_PHYS_s10_T2_ctrl,8,165,85.5,-0.8407946228981018,0.41318405784465423
UBFC_PHYS_s10_T2_ctrl,8,166,85.53333333333333,-0.8485400676727295,0.20703398004629595
UBFC_PHYS_s10_T2_ctrl,8,167,85.56666666666666,-0.834001898765564,-0.014794166692203525
UBFC_PHYS_s10_T2_ctrl,8,168,85.6,-0.8382010459899902,-0.23419814604313782
UBFC_PHYS_s10_T2_ctrl,8,169,85.63333333333334,-0.8557562232017517,-0.43859904255601395
UBFC_PHYS_s10_T2_ctrl,8,170,85.66666666666667,-0.8763461112976074,-0.6199899691316367
UBFC_PHYS_s10_T2_ctrl,8,171,85.7,-0.9053694605827332,-0.7713126876053745
UBFC_PHYS_s10_T2_ctrl,8,172,85.73333333333333,-0.8888905644416809,-0.8826501136832353
UBFC_PHYS_s10_T2_ctrl,8,173,85.76666666666667,-0.7186846137046814,-0.9405213593936598
UBFC_PHYS_s10_T2_ctrl,8,174,85.8,-0.39935657382011414,-0.9311848488085234
UBFC_PHYS_s10_T2_ctrl,8,175,85.83333333333333,-0.0720713809132576,-0.846223937581112
UBFC_PHYS_s10_T2_ctrl,8,176,85.86666666666666,0.15154115855693817,-0.6880387600624002
UBFC_PHYS_s10_T2_ctrl,8,177,85.9,0.2556019723415375,-0.47271850676133836
UBFC_PHYS_s10_T2_ctrl,8,178,85.93333333333334,0.26800528168678284,-0.2281714381708377
UBFC_PHYS_s10_T2_ctrl,8,179,85.96666666666667,0.24222826957702637,0.013659432452504488
UBFC_PHYS_s10_T2_ctrl,8,180,86.0,0.23951119184494019,0.22715799587070476
UBFC_PHYS_s10_T2_ctrl,8,181,86.03333333333333,0.27158689498901367,0.3988485227027845
UBFC_PHYS_s10_T2_ctrl,8,182,86.06666666666666,0.289124459028244,0.5263367329498506
UBFC_PHYS_s10_T2_ctrl,8,183,86.1,0.2613184452056885,0.6133436177988111
UBFC_PHYS_s10_T2_ctrl,8,184,86.13333333333334,0.20164842903614044,0.6642368959830636
UBFC_PHYS_s10_T2_ctrl,8,185,86.16666666666667,0.1243879571557045,0.681042984827299
UBFC_PHYS_s10_T2_ctrl,8,186,86.2,0.023344164714217186,0.6636658908402169
UBFC_PHYS_s10_T2_ctrl,8,187,86.23333333333333,-0.09899521619081497,0.6117010155746634
UBFC_PHYS_s10_T2_ctrl,8,188,86.26666666666667,-0.23271459341049194,0.5262312680784893
UBFC_PHYS_s10_T2_ctrl,8,189,86.3,-0.3879236578941345,0.41043076836055153
UBFC_PHYS_s10_T2_ctrl,8,190,86.33333333333333,-0.5465908050537109,0.2691039888444997
UBFC_PHYS_s10_T2_ctrl,8,191,86.36666666666666,-0.6016029715538025,0.10851124542982192
UBFC_PHYS_s10_T2_ctrl,8,192,86.4,-0.44254764914512634,-0.06316443808769819
UBFC_PHYS_s10_T2_ctrl,8,193,86.43333333333334,-0.13555236160755157,-0.23546548668729111
UBFC_PHYS_s10_T2_ctrl,8,194,86.46666666666667,0.11381955444812775,-0.3958739443777761
UBFC_PHYS_s10_T2_ctrl,8,195,86.5,0.21331073343753815,-0.5306161314276957
UBFC_PHYS_s10_T2_ctrl,8,196,86.53333333333333,0.22894278168678284,-0.6261639448037096
UBFC_PHYS_s10_T2_ctrl,8,197,86.56666666666666,0.19843733310699463,-0.6715567008188665
UBFC_PHYS_s10_T2_ctrl,8,198,86.6,0.11549568176269531,-0.6609897632477396
UBFC_PHYS_s10_T2_ctrl,8,199,86.63333333333334,0.03061324916779995,-0.5955119936918223
UBFC_PHYS_s10_T2_ctrl,8,200,86.66666666666667,-0.007937595248222351,-0.4830942439737908
UBFC_PHYS_s10_T2_ctrl,8,201,86.7,-0.021911174058914185,-0.33691128562998085
UBFC_PHYS_s10_T2_ctrl,8,202,86.73333333333333,-0.04947017505764961,-0.1727078943557911
UBFC_PHYS_s10_T2_ctrl,8,203,86.76666666666667,-0.10298262536525726,-0.0069402953897948864
UBFC_PHYS_s10_T2_ctrl,8,204,86.8,-0.19192303717136383,0.14410777519453474
UBFC_PHYS_s10_T2_ctrl,8,205,86.83333333333333,-0.3129920959472656,0.26551233711263117
UBFC_PHYS_s10_T2_ctrl,8,206,86.86666666666666,-0.43464338779449463,0.34576680939557525
UBFC_PHYS_s10_T2_ctrl,8,207,86.9,-0.5469789505004883,0.3793317041680492
UBFC_PHYS_s10_T2_ctrl,8,208,86.93333333333334,-0.6860266327857971,0.3686072765431112
UBFC_PHYS_s10_T2_ctrl,8,209,86.96666666666667,-0.8249861001968384,0.3238001166561166
UBFC_PHYS_s10_T2_ctrl,8,210,87.0,-0.8111537098884583,0.26053878037297146
UBFC_PHYS_s10_T2_ctrl,8,211,87.03333333333333,-0.5163323879241943,0.1965278616251623
UBFC_PHYS_s10_T2_ctrl,8,212,87.06666666666666,-0.03731386736035347,0.14795431225878403
UBFC_PHYS_s10_T2_ctrl,8,213,87.1,0.4203208088874817,0.1257087155221049
UBFC_PHYS_s10_T2_ctrl,8,214,87.13333333333334,0.7310565114021301,0.13233185733599792
UBFC_PHYS_s10_T2_ctrl,8,215,87.16666666666667,0.9068730473518372,0.16132785175297448
UBFC_PHYS_s10_T2_ctrl,8,216,87.2,1.0030295848846436,0.19928557392799132
UBFC_PHYS_s10_T2_ctrl,8,217,87.23333333333333,1.0415098667144775,0.22993704099838838
UBFC_PHYS_s10_T2_ctrl,8,218,87.26666666666667,1.036446213722229,0.23875319426005742
UBFC_PHYS_s10_T2_ctrl,8,219,87.3,1.0072640180587769,0.21641081471906934
UBFC_PHYS_s10_T2_ctrl,8,220,87.33333333333333,0.9545984864234924,0.16042159254985405
UBFC_PHYS_s10_T2_ctrl,8,221,87.36666666666666,0.8738799095153809,0.07523647595258105
UBFC_PHYS_s10_T2_ctrl,8,222,87.4,0.7727302312850952,-0.02862730195861698
UBFC_PHYS_s10_T2_ctrl,8,223,87.43333333333334,0.6499144434928894,-0.13584026858383502
UBFC_PHYS_s10_T2_ctrl,8,224,87.46666666666667,0.49179425835609436,-0.2279871366615974
UBFC_PHYS_s10_T2_ctrl,8,225,87.5,0.3112316429615021,-0.28645826581343936
UBFC_PHYS_s10_T2_ctrl,8,226,87.53333333333333,0.13897904753684998,-0.2964053820957682
UBFC_PHYS_s10_T2_ctrl,8,227,87.56666666666666,-0.03839011490345001,-0.25076526393964127
UBFC_PHYS_s10_T2_ctrl,8,228,87.6,-0.2444298267364502,-0.15331661935272176
UBFC_PHYS_s10_T2_ctrl,8,229,87.63333333333334,-0.40803712606430054,-0.019838468077367576
UBFC_PHYS_s10_T2_ctrl,8,230,87.66666666666667,-0.3885940909385681,0.12329445761117915
UBFC_PHYS_s10_T2_ctrl,8,231,87.7,-0.15016110241413116,0.2433266079856222
UBFC_PHYS_s10_T2_ctrl,8,232,87.73333333333333,0.1706313192844391,0.3077965713812553
UBFC_PHYS_s10_T2_ctrl,8,233,87.76666666666667,0.4038948118686676,0.2926445371015471
UBFC_PHYS_s10_T2_ctrl,8,234,87.8,0.4870658218860626,0.1892809793678131
UBFC_PHYS_s10_T2_ctrl,8,235,87.83333333333333,0.448585569858551,0.0071235616767586964
UBFC_PHYS_s10_T2_ctrl,8,236,87.86666666666666,0.3417370915412903,-0.22889838211506056
UBFC_PHYS_s10_T2_ctrl,8,237,87.9,0.2198740690946579,-0.4833416602883026
UBFC_PHYS_s10_T2_ctrl,8,238,87.93333333333334,0.11860091984272003,-0.7157803983642077
UBFC_PHYS_s10_T2_ctrl,8,239,87.96666666666667,0.0482037253677845,-0.8858802874944024
UBFC_PHYS_s10_T2_ctrl,8,240,88.0,0.0029130997136235237,-0.9578941998806954
UBFC_PHYS_s10_T2_ctrl,8,241,88.03333333333333,-0.025122273713350296,-0.9051433702163546
UBFC_PHYS_s10_T2_ctrl,8,242,88.06666666666666,-0.04754704236984253,-0.7148556275767677
UBFC_PHYS_s10_T2_ctrl,8,243,88.1,-0.09421385824680328,-0.3932181656035478
UBFC_PHYS_s10_T2_ctrl,8,244,88.13333333333334,-0.18124878406524658,0.030603433809200047
UBFC_PHYS_s10_T2_ctrl,8,245,88.16666666666667,-0.2723240554332733,0.5036809220723143
UBFC_PHYS_s10_T2_ctrl,8,246,88.2,-0.3308119475841522,0.9542744013486841
UBFC_PHYS_s10_T2_ctrl,8,247,88.23333333333333,-0.3892469108104706,1.3045674501706
UBFC_PHYS_s10_T2_ctrl,8,248,88.26666666666667,-0.5111451745033264,1.488644974967681
UBFC_PHYS_s10_T2_ctrl,8,249,88.3,-0.6868206262588501,1.4688235460176704
UBFC_PHYS_s10_T2_ctrl,8,250,88.33333333333333,-0.790510892868042,1.2444329369303087
UBFC_PHYS_s10_T2_ctrl,8,251,88.36666666666666,-0.6796573996543884,0.8492962583656349
UBFC_PHYS_s10_T2_ctrl,8,252,88.4,-0.361987829208374,0.3402885154765675
UBFC_PHYS_s10_T2_ctrl,8,253,88.43333333333334,-0.01520667877048254,-0.21516903894347622
UBFC_PHYS_s10_T2_ctrl,8,254,88.46666666666667,0.20277760922908783,-0.7482753893615295
UBFC_PHYS_s10_T2_ctrl,8,255,88.5,0.2882069945335388,-1.1945850174218107
UBFC_PHYS_s10_T2_ctrl,8,256,88.53333333333333,0.3065737783908844,-1.4978880797733833
UBFC_PHYS_s10_T2_ctrl,8,257,88.56666666666666,0.2898831069469452,-1.6147312003630367
UBFC_PHYS_s10_T2_ctrl,8,258,88.6,0.2603127658367157,-1.5207231794423834
UBFC_PHYS_s10_T2_ctrl,8,259,88.63333333333334,0.24559816718101501,-1.2178657640312909
UBFC_PHYS_s10_T2_ctrl,8,260,88.66666666666667,0.22372034192085266,-0.7407013192022085
UBFC_PHYS_s10_T2_ctrl,8,261,88.7,0.14481902122497559,-0.15798200987978334
UBFC_PHYS_s10_T2_ctrl,8,262,88.73333333333333,0.008576633408665657,0.4346540267655118
UBFC_PHYS_s10_T2_ctrl,8,263,88.76666666666667,-0.14169226586818695,0.9353640380827615
UBFC_PHYS_s10_T2_ctrl,8,264,88.8,-0.27126544713974,1.2643136178503693
UBFC_PHYS_s10_T2_ctrl,8,265,88.83333333333333,-0.37377363443374634,1.3843351736002558
UBFC_PHYS_s10_T2_ctrl,8,266,88.86666666666666,-0.4720474183559418,1.3056228463085662
UBFC_PHYS_s10_T2_ctrl,8,267,88.9,-0.5879998803138733,1.0745086501755117
UBFC_PHYS_s10_T2_ctrl,8,268,88.93333333333334,-0.6806630492210388,0.753216579984925
UBFC_PHYS_s10_T2_ctrl,8,269,88.96666666666667,-0.6442470550537109,0.40264425014182104
UBFC_PHYS_s10_T2_ctrl,8,270,89.0,-0.4157649576663971,0.07334100069489168
UBFC_PHYS_s10_T2_ctrl,8,271,89.03333333333333,-0.07660573720932007,-0.19788448339169504
UBFC_PHYS_s10_T2_ctrl,8,272,89.06666666666666,0.2112993746995926,-0.38838435690512574
UBFC_PHYS_s10_T2_ctrl,8,273,89.1,0.3836930990219116,-0.4888600150645381
UBFC_PHYS_s10_T2_ctrl,8,274,89.13333333333334,0.46642303466796875,-0.502505523658083
UBFC_PHYS_s10_T2_ctrl,8,275,89.16666666666667,0.48643067479133606,-0.44442328730418335
UBFC_PHYS_s10_T2_ctrl,8,276,89.2,0.4784911274909973,-0.3401979230357463
UBFC_PHYS_s10_T2_ctrl,8,277,89.23333333333333,0.5058913230895996,-0.2214843052058003
UBFC_PHYS_s10_T2_ctrl,8,278,89.26666666666667,0.5839633941650391,-0.11893914503399769
UBFC_PHYS_s10_T2_ctrl,8,279,89.3,0.6506731510162354,-0.05539576654333966
UBFC_PHYS_s10_T2_ctrl,8,280,89.33333333333333,0.6666580438613892,-0.04148405118407519
UBFC_PHYS_s10_T2_ctrl,8,281,89.36666666666666,0.6584715247154236,-0.07479662441799655
UBFC_PHYS_s10_T2_ctrl,8,282,89.4,0.6464916467666626,-0.14252715664512203
UBFC_PHYS_s10_T2_ctrl,8,283,89.43333333333334,0.6060529351234436,-0.2263854527420826
UBFC_PHYS_s10_T2_ctrl,8,284,89.46666666666667,0.5151011943817139,-0.30758300051384396
UBFC_PHYS_s10_T2_ctrl,8,285,89.5,0.38268741965293884,-0.36915424048902384
UBFC_PHYS_s10_T2_ctrl,8,286,89.53333333333333,0.21286964416503906,-0.39589836281463014
UBFC_PHYS_s10_T2_ctrl,8,287,89.56666666666666,0.007570959161967039,-0.37504900451667916
UBFC_PHYS_s10_T2_ctrl,8,288,89.6,-0.1715449094772339,-0.2988348078054978
UBFC_PHYS_s10_T2_ctrl,8,289,89.63333333333334,-0.21071326732635498,-0.1677459422107482
UBFC_PHYS_s10_T2_ctrl,8,290,89.66666666666667,-0.061661768704652786,0.00705790289146541
UBFC_PHYS_s10_T2_ctrl,8,291,89.7,0.1842520385980606,0.2037877496895379
UBFC_PHYS_s10_T2_ctrl,8,292,89.73333333333333,0.3850339949131012,0.3934382050487703
UBFC_PHYS_s10_T2_ctrl,8,293,89.76666666666667,0.46884018182754517,0.5465349296364858
UBFC_PHYS_s10_T2_ctrl,8,294,89.8,0.4321242570877075,0.6408109956659949
UBFC_PHYS_s10_T2_ctrl,8,295,89.83333333333333,0.33108046650886536,0.6655084353339715
UBFC_PHYS_s10_T2_ctrl,8,296,89.86666666666666,0.27373939752578735,0.6212417854360216
UBFC_PHYS_s10_T2_ctrl,8,297,89.9,0.3123961091041565,0.5177478614538237
UBFC_PHYS_s10_T2_ctrl,8,298,89.93333333333334,0.39103275537490845,0.37108943909014813
UBFC_PHYS_s10_T2_ctrl,8,299,89.96666666666667,0.4356176555156708,0.20072370133072243
UBFC_PHYS_s10_T2_ctrl,9,0,90.0,0.42714881896972656,0.01845631793456852
UBFC_PHYS_s10_T2_ctrl,9,1,90.03333333333333,0.3972432315349579,-0.03127926912763786
UBFC_PHYS_s10_T2_ctrl,9,2,90.06666666666666,0.3678140342235565,-0.06488173356206679
UBFC_PHYS_s10_T2_ctrl,9,3,90.1,0.280902624130249,-0.0672947621338159
UBFC_PHYS_s10_T2_ctrl,9,4,90.13333333333334,0.08834247291088104,-0.02753151482472895
UBFC_PHYS_s10_T2_ctrl,9,5,90.16666666666667,-0.137969508767128,0.05798877146051517
UBFC_PHYS_s10_T2_ctrl,9,6,90.2,-0.29624849557876587,0.18276569221168695
UBFC_PHYS_s10_T2_ctrl,9,7,90.23333333333333,-0.3996388614177704,0.3307477161924525
UBFC_PHYS_s10_T2_ctrl,9,8,90.26666666666667,-0.5435208678245544,0.48000505431195767
UBFC_PHYS_s10_T2_ctrl,9,9,90.3,-0.757323682308197,0.6068772721160381
UBFC_PHYS_s10_T2_ctrl,9,10,90.33333333333333,-0.9419795274734497,0.6895032144688699
UBFC_PHYS_s10_T2_ctrl,9,11,90.36666666666666,-0.9823476672172546,0.7113819907442153
UBFC_PHYS_s10_T2_ctrl,9,12,90.4,-0.8673655986785889,0.6645384568333554
UBFC_PHYS_s10_T2_ctrl,9,13,90.43333333333334,-0.6629137992858887,0.5507666780813789
UBFC_PHYS_s10_T2_ctrl,9,14,90.46666666666667,-0.4317498803138733,0.38026507175477153
UBFC_PHYS_s10_T2_ctrl,9,15,90.5,-0.22733336687088013,0.16799276935844146
UBFC_PHYS_s10_T2_ctrl,9,16,90.53333333333333,-0.09564296901226044,-0.07036649966422764
UBFC_PHYS_s10_T2_ctrl,9,17,90.56666666666666,-0.05354580283164978,-0.3198302524524737
UBFC_PHYS_s10_T2_ctrl,9,18,90.6,-0.12380184978246689,-0.564766725818328
UBFC_PHYS_s10_T2_ctrl,9,19,90.63333333333334,-0.32421329617500305,-0.7874351661695629
UBFC_PHYS_s10_T2_ctrl,9,20,90.66666666666667,-0.583730161190033,-0.9680573105842194
UBFC_PHYS_s10_T2_ctrl,9,21,90.7,-0.7088395953178406,-1.08658757592766
UBFC_PHYS_s10_T2_ctrl,9,22,90.73333333333333,-0.5427268743515015,-1.1257369853419004
UBFC_PHYS_s10_T2_ctrl,9,23,90.76666666666667,-0.14548559486865997,-1.0742728445926724
UBFC_PHYS_s10_T2_ctrl,9,24,90.8,0.2775680124759674,-0.9299638664065332
UBFC_PHYS_s10_T2_ctrl,9,25,90.83333333333333,0.5937907695770264,-0.7019383556239829
UBFC_PHYS_s10_T2_ctrl,9,26,90.86666666666666,0.754116415977478,-0.41160811663638525
UBFC_PHYS_s10_T2_ctrl,9,27,90.9,0.7308624386787415,-0.0908499527415222
UBFC_PHYS_s10_T2_ctrl,9,28,90.93333333333334,0.5534403324127197,0.22292415984513655
UBFC_PHYS_s10_T2_ctrl,9,29,90.96666666666667,0.32511699199676514,0.49404164309573695
UBFC_PHYS_s10_T2_ctrl,9,30,91.0,0.11512516438961029,0.6959242777741049
UBFC_PHYS_s10_T2_ctrl,9,31,91.03333333333333,-0.13856938481330872,0.8151647759521351
UBFC_PHYS_s10_T2_ctrl,9,32,91.06666666666666,-0.5474376678466797,0.851401303852874
UBFC_PHYS_s10_T2_ctrl,9,33,91.1,-1.0993587970733643,0.8146186294960182
UBFC_PHYS_s10_T2_ctrl,9,34,91.13333333333334,-1.5896337032318115,0.7213935756860287
UBFC_PHYS_s10_T2_ctrl,9,35,91.16666666666667,-1.7558698654174805,0.5911327826053598
UBFC_PHYS_s10_T2_ctrl,9,36,91.2,-1.5250235795974731,0.4430140415714718
UBFC_PHYS_s10_T2_ctrl,9,37,91.23333333333333,-1.1062926054000854,0.29395344748206426
UBFC_PHYS_s10_T2_ctrl,9,38,91.26666666666667,-0.8012557625770569,0.15766994942920623
UBFC_PHYS_s10_T2_ctrl,9,39,91.3,-0.720801830291748,0.044728248103540785
UBFC_PHYS_s10_T2_ctrl,9,40,91.33333333333333,-0.7334344983100891,-0.037063455777730424
UBFC_PHYS_s10_T2_ctrl,9,41,91.36666666666666,-0.69169020652771,-0.0828436681016185
UBFC_PHYS_s10_T2_ctrl,9,42,91.4,-0.5738674998283386,-0.09168072167928601
UBFC_PHYS_s10_T2_ctrl,9,43,91.43333333333334,-0.38591229915618896,-0.06774730971427091
UBFC_PHYS_s10_T2_ctrl,9,44,91.46666666666667,-0.05284006521105766,-0.020796083756883393
UBFC_PHYS_s10_T2_ctrl,9,45,91.5,0.5020450949668884,0.03501084126261387
UBFC_PHYS_s10_T2_ctrl,9,46,91.53333333333333,1.2360284328460693,0.08377754227045119
UBFC_PHYS_s10_T2_ctrl,9,47,91.56666666666666,1.9869141578674316,0.11082483478738481
UBFC_PHYS_s10_T2_ctrl,9,48,91.6,2.607450485229492,0.10501155971025888
UBFC_PHYS_s10_T2_ctrl,9,49,91.63333333333334,3.021541118621826,0.060012413858530976
UBFC_PHYS_s10_T2_ctrl,9,50,91.66666666666667,3.208984851837158,-0.025382784860337584
UBFC_PHYS_s10_T2_ctrl,9,51,91.7,3.1415164470672607,-0.14747896988974593
UBFC_PHYS_s10_T2_ctrl,9,52,91.73333333333333,2.753837823867798,-0.29773582598740606
UBFC_PHYS_s10_T2_ctrl,9,53,91.76666666666667,2.0290820598602295,-0.4620356847469402
UBFC_PHYS_s10_T2_ctrl,9,54,91.8,1.0732680559158325,-0.6202386543040816
UBFC_PHYS_s10_T2_ctrl,9,55,91.83333333333333,0.004853874444961548,-0.7485167827889487
UBFC_PHYS_s10_T2_ctrl,9,56,91.86666666666666,-1.0705294609069824,-0.8241992736505617
UBFC_PHYS_s10_T2_ctrl,9,57,91.9,-1.8326010704040527,-0.8300902053257586
UBFC_PHYS_s10_T2_ctrl,9,58,91.93333333333334,-1.7181307077407837,-0.7569430742123574
UBFC_PHYS_s10_T2_ctrl,9,59,91.96666666666667,-0.531011700630188,-0.60473308271568
UBFC_PHYS_s10_T2_ctrl,9,60,92.0,1.030817985534668,-0.3831124025980825
UBFC_PHYS_s10_T2_ctrl,9,61,92.03333333333333,1.9413942098617554,-0.11099170119566014
UBFC_PHYS_s10_T2_ctrl,9,62,92.06666666666666,1.9634132385253906,0.18498580049168906
UBFC_PHYS_s10_T2_ctrl,9,63,92.1,1.5500634908676147,0.4733987945215797
UBFC_PHYS_s10_T2_ctrl,9,64,92.13333333333334,1.214874029159546,0.722570987169616
UBFC_PHYS_s10_T2_ctrl,9,65,92.16666666666667,1.1835216283798218,0.9064452401431152
UBFC_PHYS_s10_T2_ctrl,9,66,92.2,1.3229398727416992,1.0098813586689497
UBFC_PHYS_s10_T2_ctrl,9,67,92.23333333333333,1.3811984062194824,1.0301015648731204
UBFC_PHYS_s10_T2_ctrl,9,68,92.26666666666667,1.284247875213623,0.9741595413918003
UBFC_PHYS_s10_T2_ctrl,9,69,92.3,1.0489730834960938,0.8554420847559726
UBFC_PHYS_s10_T2_ctrl,9,70,92.33333333333333,0.6060529351234436,0.6906357877346967
UBFC_PHYS_s10_T2_ctrl,9,71,92.36666666666666,-0.23200885951519012,0.4967204892156666
UBFC_PHYS_s10_T2_ctrl,9,72,92.4,-1.505386471748352,0.2882093305976075
UBFC_PHYS_s10_T2_ctrl,9,73,92.43333333333334,-2.520447015762329,0.07558632246543406
UBFC_PHYS_s10_T2_ctrl,9,74,92.46666666666667,-2.343024969100952,-0.1345318179357805
UBFC_PHYS_s10_T2_ctrl,9,75,92.5,-1.2753517627716064,-0.3375160707365166
UBFC_PHYS_s10_T2_ctrl,9,76,92.53333333333333,-0.5849123001098633,-0.5281637933278287
UBFC_PHYS_s10_T2_ctrl,9,77,92.56666666666666,-0.6465407013893127,-0.6992868487796735
UBFC_PHYS_s10_T2_ctrl,9,78,92.6,-1.0446817874908447,-0.8417916040992567
UBFC_PHYS_s10_T2_ctrl,9,79,92.63333333333334,-1.5548938512802124,-0.9450748663180404
UBFC_PHYS_s10_T2_ctrl,9,80,92.66666666666667,-1.9838227033615112,-0.9974612818436774
UBFC_PHYS_s10_T2_ctrl,9,81,92.7,-2.018756628036499,-0.9873912234591201
UBFC_PHYS_s10_T2_ctrl,9,82,92.73333333333333,-1.6882251501083374,-0.9057383481688329
UBFC_PHYS_s10_T2_ctrl,9,83,92.76666666666667,-1.3516947031021118,-0.7491279533260147
UBFC_PHYS_s10_T2_ctrl,9,84,92.8,-1.1649922132492065,-0.5232842417593532
UBFC_PHYS_s10_T2_ctrl,9,85,92.83333333333333,-0.9730319380760193,-0.24474426133702437
UBFC_PHYS_s10_T2_ctrl,9,86,92.86666666666666,-0.7150147557258606,0.060099442994542944
UBFC_PHYS_s10_T2_ctrl,9,87,92.9,-0.5318938493728638,0.3587968123914155
UBFC_PHYS_s10_T2_ctrl,9,88,92.93333333333334,-0.4702654182910919,0.6188320725334414
UBFC_PHYS_s10_T2_ctrl,9,89,92.96666666666667,-0.382771760225296,0.8143854813333754
UBFC_PHYS_s10_T2_ctrl,9,90,93.0,-0.19716313481330872,0.9313809796007425
UBFC_PHYS_s10_T2_ctrl,9,91,93.03333333333333,-0.03847833350300789,0.9677740938755045
UBFC_PHYS_s10_T2_ctrl,9,92,93.06666666666666,0.016869034618139267,0.9301933210661759
UBFC_PHYS_s10_T2_ctrl,9,93,93.1,0.05467885360121727,0.8318345906411915
UBFC_PHYS_s10_T2_ctrl,9,94,93.13333333333334,0.12491726130247116,0.6921903710070121
UBFC_PHYS_s10_T2_ctrl,9,95,93.16666666666667,0.14944159984588623,0.5347887219091121
UBFC_PHYS_s10_T2_ctrl,9,96,93.2,0.08416099101305008,0.3822590064371817
UBFC_PHYS_s10_T2_ctrl,9,97,93.23333333333333,0.013093345798552036,0.25151012422364033
UBFC_PHYS_s10_T2_ctrl,9,98,93.26666666666667,0.005912479013204575,0.15088612831722367
UBFC_PHYS_s10_T2_ctrl,9,99,93.3,0.0033365413546562195,0.07985448450658732
UBFC_PHYS_s10_T2_ctrl,9,100,93.33333333333333,-0.06183820217847824,0.03085251022511135
UBFC_PHYS_s10_T2_ctrl,9,101,93.36666666666666,-0.15908865630626678,-0.007879152787005284
UBFC_PHYS_s10_T2_ctrl,9,102,93.4,-0.2261689007282257,-0.04943748641006815
UBFC_PHYS_s10_T2_ctrl,9,103,93.43333333333334,-0.233120396733284,-0.105946810293037
UBFC_PHYS_s10_T2_ctrl,9,104,93.46666666666667,-0.15434259176254272,-0.18690368726123036
UBFC_PHYS_s10_T2_ctrl,9,105,93.5,0.05769587680697441,-0.297886146010747
UBFC_PHYS_s10_T2_ctrl,9,106,93.53333333333333,0.445339173078537,-0.4396113531817202
UBFC_PHYS_s10_T2_ctrl,9,107,93.56666666666666,0.960279643535614,-0.6076593719413583
UBFC_PHYS_s10_T2_ctrl,9,108,93.6,1.4480140209197998,-0.7924971699736039
UBFC_PHYS_s10_T2_ctrl,9,109,93.63333333333334,1.7566148042678833,-0.978887488708301
UBFC_PHYS_s10_T2_ctrl,9,110,93.66666666666667,1.9270148277282715,-1.1449783124274113
UBFC_PHYS_s10_T2_ctrl,9,111,93.7,2.1633658409118652,-1.2625283837932224
UBFC_PHYS_s10_T2_ctrl,9,112,93.73333333333333,2.529484272003174,-1.29965714312981
UBFC_PHYS_s10_T2_ctrl,9,113,93.76666666666667,2.7829670906066895,-1.226996147109635
UBFC_PHYS_s10_T2_ctrl,9,114,93.8,2.6616508960723877,-1.0262967647038397
UBFC_PHYS_s10_T2_ctrl,9,115,93.83333333333333,2.216984272003174,-0.6987463263767033
UBFC_PHYS_s10_T2_ctrl,9,116,93.86666666666666,1.6594702005386353,-0.26985381028971156
UBFC_PHYS_s10_T2_ctrl,9,117,93.9,1.0900468826293945,0.21201179661707206
UBFC_PHYS_s10_T2_ctrl,9,118,93.93333333333334,0.48960646986961365,0.6843408664059903
UBFC_PHYS_s10_T2_ctrl,9,119,93.96666666666667,-0.14119824767112732,1.085009987342894
UBFC_PHYS_s10_T2_ctrl,9,120,94.0,-0.7465788125991821,1.3676548170784886
UBFC_PHYS_s10_T2_ctrl,9,121,94.03333333333333,-1.2750518321990967,1.5103508333362943
UBFC_PHYS_s10_T2_ctrl,9,122,94.06666666666666,-1.6970996856689453,1.5154187230927034
UBFC_PHYS_s10_T2_ctrl,9,123,94.1,-1.9454482793807983,1.4038342336434229
UBFC_PHYS_s10_T2_ctrl,9,124,94.13333333333334,-1.955663800239563,1.2073853986382423
UBFC_PHYS_s10_T2_ctrl,9,125,94.16666666666667,-1.7903627157211304,0.9606383636318598
UBFC_PHYS_s10_T2_ctrl,9,126,94.2,-1.5900747776031494,0.6944950219178142
UBFC_PHYS_s10_T2_ctrl,9,127,94.23333333333333,-1.4148051738739014,0.4326559706820531
UBFC_PHYS_s10_T2_ctrl,9,128,94.26666666666667,-1.260301947593689,0.19097066610041086
UBFC_PHYS_s10_T2_ctrl,9,129,94.3,-1.1546708345413208,-0.021515591429733034
UBFC_PHYS_s10_T2_ctrl,9,130,94.33333333333333,-1.1005055904388428,-0.2008695321834815
UBFC_PHYS_s10_T2_ctrl,9,131,94.36666666666666,-1.034360408782959,-0.3465747187320466
UBFC_PHYS_s10_T2_ctrl,9,132,94.4,-0.9236833453178406,-0.46004377884399306
UBFC_PHYS_s10_T2_ctrl,9,133,94.43333333333334,-0.8132885694503784,-0.5431458224417307
UBFC_PHYS_s10_T2_ctrl,9,134,94.46666666666667,-0.7604818344116211,-0.5968172418360691
UBFC_PHYS_s10_T2_ctrl,9,135,94.5,-0.7786015868186951,-0.6201394238301319
UBFC_PHYS_s10_T2_ctrl,9,136,94.53333333333333,-0.8348311185836792,-0.6104943159098504
UBFC_PHYS_s10_T2_ctrl,9,137,94.56666666666666,-0.8840033411979675,-0.5654779367556049
UBFC_PHYS_s10_T2_ctrl,9,138,94.6,-0.9118269681930542,-0.4858393449277772
UBFC_PHYS_s10_T2_ctrl,9,139,94.63333333333334,-0.9464433193206787,-0.37743913665989065
UBFC_PHYS_s10_T2_ctrl,9,140,94.66666666666667,-1.0412237644195557,-0.2514584524387423
UBFC_PHYS_s10_T2_ctrl,9,141,94.7,-1.2082891464233398,-0.12347082348412505
UBFC_PHYS_s10_T2_ctrl,9,142,94.73333333333333,-1.3414791822433472,-0.011356616330650111
UBFC_PHYS_s10_T2_ctrl,9,143,94.76666666666667,-1.2798508405685425,0.0685505472320399
UBFC_PHYS_s10_T2_ctrl,9,144,94.8,-1.0176345109939575,0.10587436871551621
UBFC_PHYS_s10_T2_ctrl,9,145,94.83333333333333,-0.7002648711204529,0.09834594143459782
UBFC_PHYS_s10_T2_ctrl,9,146,94.86666666666666,-0.41101887822151184,0.051010190348216244
UBFC_PHYS_s10_T2_ctrl,9,147,94.9,-0.11745022237300873,-0.02593696432551028
UBFC_PHYS_s10_T2_ctrl,9,148,94.93333333333334,0.1951027363538742,-0.11930082963815097
UBFC_PHYS_s10_T2_ctrl,9,149,94.96666666666667,0.43694090843200684,-0.21419433724023115
UBFC_PHYS_s10_T2_ctrl,9,150,95.0,0.5150129795074463,-0.2948071805984726
UBFC_PHYS_s10_T2_ctrl,9,151,95.03333333333333,0.48366063833236694,-0.3459333580935268
UBFC_PHYS_s10_T2_ctrl,9,152,95.06666666666666,0.46287670731544495,-0.35527928118495894
UBFC_PHYS_s10_T2_ctrl,9,153,95.1,0.4369938373565674,-0.31523349542910867
UBFC_PHYS_s10_T2_ctrl,9,154,95.13333333333334,0.3395845890045166,-0.22376329826587957
UBFC_PHYS_s10_T2_ctrl,9,155,95.16666666666667,0.18878638744354248,-0.08512096434698384
UBFC_PHYS_s10_T2_ctrl,9,156,95.2,0.01794528216123581,0.08979473509150251
UBFC_PHYS_s10_T2_ctrl,9,157,95.23333333333333,-0.17027458548545837,0.2843964297794821
UBFC_PHYS_s10_T2_ctrl,9,158,95.26666666666667,-0.35217809677124023,0.47867678980852557
UBFC_PHYS_s10_T2_ctrl,9,159,95.3,-0.5198786854743958,0.6517596502932581
UBFC_PHYS_s10_T2_ctrl,9,160,95.33333333333333,-0.6880027055740356,0.7841619277223568
UBFC_PHYS_s10_T2_ctrl,9,161,95.36666666666666,-0.764839768409729,0.8597288443781452
UBFC_PHYS_s10_T2_ctrl,9,162,95.4,-0.6143591403961182,0.8672701781506996
UBFC_PHYS_s10_T2_ctrl,9,163,95.43333333333334,-0.28437450528144836,0.8019012387476558
UBFC_PHYS_s10_T2_ctrl,9,164,95.46666666666667,0.021720971912145615,0.6659068797996073
UBFC_PHYS_s10_T2_ctrl,9,165,95.5,0.20087212324142456,0.4687647041880192
UBFC_PHYS_s10_T2_ctrl,9,166,95.53333333333333,0.2960406541824341,0.22610826847794752
UBFC_PHYS_s10_T2_ctrl,9,167,95.56666666666666,0.3502059280872345,-0.04237333939682726
UBFC_PHYS_s10_T2_ctrl,9,168,95.6,0.3786647319793701,-0.3150998278396295
UBFC_PHYS_s10_T2_ctrl,9,169,95.63333333333334,0.40029555559158325,-0.5690647820343923
UBFC_PHYS_s10_T2_ctrl,9,170,95.66666666666667,0.4041241705417633,-0.7796123962610416
UBFC_PHYS_s10_T2_ctrl,9,171,95.7,0.38819217681884766,-0.9229759566467498
UBFC_PHYS_s10_T2_ctrl,9,172,95.73333333333333,0.3846987783908844,-0.9814669924123285
UBFC_PHYS_s10_T2_ctrl,9,173,95.76666666666667,0.37218961119651794,-0.9475725760657608
UBFC_PHYS_s10_T2_ctrl,9,174,95.8,0.2733336091041565,-0.8253573051490173
UBFC_PHYS_s10_T2_ctrl,9,175,95.83333333333333,0.0771036222577095,-0.6300382315194071
UBFC_PHYS_s10_T2_ctrl,9,176,95.86666666666666,-0.17405027151107788,-0.3861236821227347
UBFC_PHYS_s10_T2_ctrl,9,177,95.9,-0.45292195677757263,-0.12391469750910997
UBFC_PHYS_s10_T2_ctrl,9,178,95.93333333333334,-0.7447438836097717,0.12535613260193076
UBFC_PHYS_s10_T2_ctrl,9,179,95.96666666666667,-1.0325608253479004,0.3349279451119075
UBFC_PHYS_s10_T2_ctrl,9,180,96.0,-1.264765739440918,0.48700572726432356
UBFC_PHYS_s10_T2_ctrl,9,181,96.03333333333333,-1.3209775686264038,0.574491203389176
UBFC_PHYS_s10_T2_ctrl,9,182,96.06666666666666,-1.1335340738296509,0.5997421560175951
UBFC_PHYS_s10_T2_ctrl,9,183,96.1,-0.7958039045333862,0.5717952351845595
UBFC_PHYS_s10_T2_ctrl,9,184,96.13333333333334,-0.47626417875289917,0.5032265107340365
UBFC_PHYS_s10_T2_ctrl,9,185,96.16666666666667,-0.23686079680919647,0.40732115978752254
UBFC_PHYS_s10_T2_ctrl,9,186,96.2,-0.03847833350300789,0.29603395848069236
UBFC_PHYS_s10_T2_ctrl,9,187,96.23333333333333,0.12684038281440735,0.17901110736639164
UBFC_PHYS_s10_T2_ctrl,9,188,96.26666666666667,0.23695288598537445,0.06388030123115407
UBFC_PHYS_s10_T2_ctrl,9,189,96.3,0.3285927474498749,-0.04208192104336376
UBFC_PHYS_s10_T2_ctrl,9,190,96.33333333333333,0.44311609864234924,-0.1301944513446136
UBFC_PHYS_s10_T2_ctrl,9,191,96.36666666666666,0.5568631291389465,-0.19088817042740247
UBFC_PHYS_s10_T2_ctrl,9,192,96.4,0.638816773891449,-0.2165996703809401
UBFC_PHYS_s10_T2_ctrl,9,193,96.43333333333334,0.6923115849494934,-0.20483939731437595
UBFC_PHYS_s10_T2_ctrl,9,194,96.46666666666667,0.7236639261245728,-0.15987864133357355
UBFC_PHYS_s10_T2_ctrl,9,195,96.5,0.7309682965278625,-0.0925059317500262
UBFC_PHYS_s10_T2_ctrl,9,196,96.53333333333333,0.7038856744766235,-0.017929679903985946
UBFC_PHYS_s10_T2_ctrl,9,197,96.56666666666666,0.6325709819793701,0.04749040692599022
UBFC_PHYS_s10_T2_ctrl,9,198,96.6,0.5306273698806763,0.08997991980859897
UBFC_PHYS_s10_T2_ctrl,9,199,96.63333333333334,0.4239024221897125,0.10190496746240389
UBFC_PHYS_s10_T2_ctrl,9,200,96.66666666666667,0.3080558180809021,0.08351548369949335
UBFC_PHYS_s10_T2_ctrl,9,201,96.7,0.1502179056406021,0.04063400519853419
UBFC_PHYS_s10_T2_ctrl,9,202,96.73333333333333,-0.05529249832034111,-0.02011654720903134
UBFC_PHYS_s10_T2_ctrl,9,203,96.76666666666667,-0.21367736160755157,-0.09352038121133095
UBFC_PHYS_s10_T2_ctrl,9,204,96.8,-0.17678499221801758,-0.1745315354015139
UBFC_PHYS_s10_T2_ctrl,9,205,96.83333333333333,0.06863479316234589,-0.2570370547402066
UBFC_PHYS_s10_T2_ctrl,9,206,96.86666666666666,0.3794586956501007,-0.33394609005829995
UBFC_PHYS_s10_T2_ctrl,9,207,96.9,0.621826171875,-0.39744243449885025
UBFC_PHYS_s10_T2_ctrl,9,208,96.93333333333334,0.7467238306999207,-0.43903372552755254
UBFC_PHYS_s10_T2_ctrl,9,209,96.96666666666667,0.7564629912376404,-0.449947811396709
UBFC_PHYS_s10_T2_ctrl,9,210,97.0,0.706885039806366,-0.422260208278415
UBFC_PHYS_s10_T2_ctrl,9,211,97.03333333333333,0.6658111810684204,-0.35083215596616124
UBFC_PHYS_s10_T2_ctrl,9,212,97.06666666666666,0.6350234150886536,-0.23543983958130307
UBFC_PHYS_s10_T2_ctrl,9,213,97.1,0.597213625907898,-0.0818882210892313
UBFC_PHYS_s10_T2_ctrl,9,214,97.13333333333334,0.5566866993904114,0.09839717560945385
UBFC_PHYS_s10_T2_ctrl,9,215,97.16666666666667,0.4959580898284912,0.2899980135053288
UBFC_PHYS_s10_T2_ctrl,9,216,97.2,0.3780825138092041,0.47574777043878214
UBFC_PHYS_s10_T2_ctrl,9,217,97.23333333333333,0.2047889679670334,0.6388163633514549
UBFC_PHYS_s10_T2_ctrl,9,218,97.26666666666667,0.01794528216123581,0.7644301811546496
UBFC_PHYS_s10_T2_ctrl,9,219,97.3,-0.1408453732728958,0.8415698725316736
UBFC_PHYS_s10_T2_ctrl,9,220,97.33333333333333,-0.2603265345096588,0.8642175100718059
UBFC_PHYS_s10_T2_ctrl,9,221,97.36666666666666,-0.3485082685947418,0.831023691561852
UBFC_PHYS_s10_T2_ctrl,9,222,97.4,-0.3837950825691223,0.7440274897915342
UBFC_PHYS_s10_T2_ctrl,9,223,97.43333333333334,-0.3118452727794647,0.608639511193398
UBFC_PHYS_s10_T2_ctrl,9,224,97.46666666666667,-0.15164314210414886,0.4347986020495362
UBFC_PHYS_s10_T2_ctrl,9,225,97.5,-0.05636874586343765,0.2369413533104514
UBFC_PHYS_s10_T2_ctrl,9,226,97.53333333333333,-0.17096267640590668,0.032032519332720874
UBFC_PHYS_s10_T2_ctrl,9,227,97.56666666666666,-0.40029168128967285,-0.16324558645083853
UBFC_PHYS_s10_T2_ctrl,9,228,97.6,-0.48526233434677124,-0.3352410895463639
UBFC_PHYS_s10_T2_ctrl,9,229,97.63333333333334,-0.27772292494773865,-0.475476572857366
UBFC_PHYS_s10_T2_ctrl,9,230,97.66666666666667,0.0887482762336731,-0.5816477193752483
UBFC_PHYS_s10_T2_ctrl,9,231,97.7,0.36717888712882996,-0.6570125017861151
UBFC_PHYS_s10_T2_ctrl,9,232,97.73333333333333,0.48697760701179504,-0.7081587306676632
UBFC_PHYS_s10_T2_ctrl,9,233,97.76666666666667,0.5546576976776123,-0.741628965694805
UBFC_PHYS_s10_T2_ctrl,9,234,97.8,0.6260076761245728,-0.760881341683726
UBFC_PHYS_s10_T2_ctrl,9,235,97.83333333333333,0.67098069190979,-0.7657458061566295
UBFC_PHYS_s10_T2_ctrl,9,236,97.86666666666666,0.6973223090171814,-0.7541719951661259
UBFC_PHYS_s10_T2_ctrl,9,237,97.9,0.7249342203140259,-0.723794027732891
UBFC_PHYS_s10_T2_ctrl,9,238,97.93333333333334,0.7296626567840576,-0.6722460232354031
UBFC_PHYS_s10_T2_ctrl,9,239,97.96666666666667,0.698574960231781,-0.5968435087926841
UBFC_PHYS_s10_T2_ctrl,9,240,98.0,0.6409869194030762,-0.49440911081833966
UBFC_PHYS_s10_T2_ctrl,9,241,98.03333333333333,0.528668999671936,-0.36194568275590416
UBFC_PHYS_s10_T2_ctrl,9,242,98.06666666666666,0.35165268182754517,-0.19809364345123123
UBFC_PHYS_s10_T2_ctrl,9,243,98.1,0.1914505511522293,-0.004534828112142005
UBFC_PHYS_s10_T2_ctrl,9,244,98.13333333333334,0.12560534477233887,0.21313464062376103
UBFC_PHYS_s10_T2_ctrl,9,245,98.16666666666667,0.10365695506334305,0.44509231293503754
UBFC_PHYS_s10_T2_ctrl,9,246,98.2,0.028690116479992867,0.6773101657578039
UBFC_PHYS_s10_T2_ctrl,9,247,98.23333333333333,-0.0937727689743042,0.8915218847973314
UBFC_PHYS_s10_T2_ctrl,9,248,98.26666666666667,-0.1793432980775833,1.0662767483865332
UBFC_PHYS_s10_T2_ctrl,9,249,98.3,-0.19118201732635498,1.1813822562241265
UBFC_PHYS_s10_T2_ctrl,9,250,98.33333333333333,-0.17405027151107788,1.2239868074676596
UBFC_PHYS_s10_T2_ctrl,9,251,98.36666666666666,-0.19396968185901642,1.1908694204730703
UBFC_PHYS_s10_T2_ctrl,9,252,98.4,-0.2589327096939087,1.0861574729588173
UBFC_PHYS_s10_T2_ctrl,9,253,98.43333333333334,-0.2798401415348053,0.9184986590666783
UBFC_PHYS_s10_T2_ctrl,9,254,98.46666666666667,-0.17731429636478424,0.6994627427407608
UBFC_PHYS_s10_T2_ctrl,9,255,98.5,0.0052949595265090466,0.44225653169565693
UBFC_PHYS_s10_T2_ctrl,9,256,98.53333333333333,0.19309137761592865,0.16052325884638374
UBFC_PHYS_s10_T2_ctrl,9,257,98.56666666666666,0.3970491588115692,-0.1321784752834028
UBFC_PHYS_s10_T2_ctrl,9,258,98.6,0.6115577220916748,-0.42226175478017
UBFC_PHYS_s10_T2_ctrl,9,259,98.63333333333334,0.7623735666275024,-0.6960228241257915
UBFC_PHYS_s10_T2_ctrl,9,260,98.66666666666667,0.8379755616188049,-0.9398899742789278
UBFC_PHYS_s10_T2_ctrl,9,261,98.7,0.919876217842102,-1.1408934081715099
UBFC_PHYS_s10_T2_ctrl,9,262,98.73333333333333,1.0424273014068604,-1.2869610458309637
UBFC_PHYS_s10_T2_ctrl,9,263,98.76666666666667,1.1454119682312012,-1.366490485645598
UBFC_PHYS_s10_T2_ctrl,9,264,98.8,1.1877031326293945,-1.3680033440706378
UBFC_PHYS_s10_T2_ctrl,9,265,98.83333333333333,1.191020131111145,-1.2818139244311197
UBFC_PHYS_s10_T2_ctrl,9,266,98.86666666666666,1.1573917865753174,-1.1037657055691217
UBFC_PHYS_s10_T2_ctrl,9,267,98.9,1.0566478967666626,-0.8391149645409297
UBFC_PHYS_s10_T2_ctrl,9,268,98.93333333333334,0.8962693810462952,-0.5045717860559269
UBFC_PHYS_s10_T2_ctrl,9,269,98.96666666666667,0.732626736164093,-0.1268964324662567
UBFC_PHYS_s10_T2_ctrl,9,270,99.0,0.6105520129203796,0.26147782382900686
UBFC_PHYS_s10_T2_ctrl,9,271,99.03333333333333,0.5144484043121338,0.627352557552299
UBFC_PHYS_s10_T2_ctrl,9,272,99.06666666666666,0.3858632445335388,0.9409687925920918
UBFC_PHYS_s10_T2_ctrl,9,273,99.1,0.21373416483402252,1.1796644197384172
UBFC_PHYS_s10_T2_ctrl,9,274,99.13333333333334,0.037141308188438416,1.3303663365845992
UBFC_PHYS_s10_T2_ctrl,9,275,99.16666666666667,-0.1449386477470398,1.389566340890291
UBFC_PHYS_s10_T2_ctrl,9,276,99.2,-0.3728385269641876,1.3611587411154915
UBFC_PHYS_s10_T2_ctrl,9,277,99.23333333333333,-0.6323906779289246,1.2541380521175738
UBFC_PHYS_s10_T2_ctrl,9,278,99.26666666666667,-0.8393301963806152,1.081075179735425
UBFC_PHYS_s10_T2_ctrl,9,279,99.3,-0.9146851897239685,0.8570248041459549
UBFC_PHYS_s10_T2_ctrl,9,280,99.33333333333333,-0.8439704179763794,0.5985021411263944
UBFC_PHYS_s10_T2_ctrl,9,281,99.36666666666666,-0.6899434924125671,0.3223175138055772
UBFC_PHYS_s10_T2_ctrl,9,282,99.4,-0.5593646168708801,0.0444903406754879
UBFC_PHYS_s10_T2_ctrl,9,283,99.43333333333334,-0.5103865265846252,-0.22013504780952617
UBFC_PHYS_s10_T2_ctrl,9,284,99.46666666666667,-0.5143033862113953,-0.45772835026508474
UBFC_PHYS_s10_T2_ctrl,9,285,99.5,-0.5234779715538025,-0.6556496976754097
UBFC_PHYS_s10_T2_ctrl,9,286,99.53333333333333,-0.5303235650062561,-0.8033210423620172
UBFC_PHYS_s10_T2_ctrl,9,287,99.56666666666666,-0.5350696444511414,-0.8935118034862781
UBFC_PHYS_s10_T2_ctrl,9,288,99.6,-0.5109334588050842,-0.9236954897230255
UBFC_PHYS_s10_T2_ctrl,9,289,99.63333333333334,-0.43924832344055176,-0.897125800738588
UBFC_PHYS_s10_T2_ctrl,9,290,99.66666666666667,-0.3572770655155182,-0.8232939396082853
UBFC_PHYS_s10_T2_ctrl,9,291,99.7,-0.337375283241272,-0.7174941261217924
UBFC_PHYS_s10_T2_ctrl,9,292,99.73333333333333,-0.40932509303092957,-0.5985372830341559
UBFC_PHYS_s10_T2_ctrl,9,293,99.76666666666667,-0.5092573761940002,-0.48329758025726327
UBFC_PHYS_s10_T2_ctrl,9,294,99.8,-0.5223664045333862,-0.3803407182269275
UBFC_PHYS_s10_T2_ctrl,9,295,99.83333333333333,-0.413735955953598,-0.2879720039208369
UBFC_PHYS_s10_T2_ctrl,9,296,99.86666666666666,-0.26381993293762207,-0.19812393321662247
UBFC_PHYS_s10_T2_ctrl,9,297,99.9,-0.16805151104927063,-0.10320539490584754
UBFC_PHYS_s10_T2_ctrl,9,298,99.93333333333334,-0.14638541638851166,-0.001936298215531422
UBFC_PHYS_s10_T2_ctrl,9,299,99.96666666666667,-0.19047628343105316,0.09994385855541109
UBFC_PHYS_s10_T2_ctrl,10,0,100.0,-0.3271068334579468,-0.08774068753084252
UBFC_PHYS_s10_T2_ctrl,10,1,100.03333333333333,-0.5975802540779114,-0.15449637297036775
UBFC_PHYS_s10_T2_ctrl,10,2,100.06666666666666,-0.9831768870353699,-0.21695376512012504
UBFC_PHYS_s10_T2_ctrl,10,3,100.1,-1.396403193473816,-0.27230909401182896
UBFC_PHYS_s10_T2_ctrl,10,4,100.13333333333334,-1.7065036296844482,-0.31597511204417206
UBFC_PHYS_s10_T2_ctrl,10,5,100.16666666666667,-1.8128581047058105,-0.34207825230876593
UBFC_PHYS_s10_T2_ctrl,10,6,100.2,-1.7193304300308228,-0.343794597806651
UBFC_PHYS_s10_T2_ctrl,10,7,100.23333333333333,-1.526523232460022,-0.3148009054191157
UBFC_PHYS_s10_T2_ctrl,10,8,100.26666666666667,-1.3330810070037842,-0.2518842777810062
UBFC_PHYS_s10_T2_ctrl,10,9,100.3,-1.1564174890518188,-0.15743407586877003
UBFC_PHYS_s10_T2_ctrl,10,10,100.33333333333333,-0.9508012533187866,-0.04062458068860359
UBFC_PHYS_s10_T2_ctrl,10,11,100.36666666666666,-0.6488343477249146,0.08355400470234499
UBFC_PHYS_s10_T2_ctrl,10,12,100.4,-0.1995449960231781,0.19747725666825336
UBFC_PHYS_s10_T2_ctrl,10,13,100.43333333333334,0.33930230140686035,0.28549825939173046
UBFC_PHYS_s10_T2_ctrl,10,14,100.46666666666667,0.8022476434707642,0.33821052877510505
UBFC_PHYS_s10_T2_ctrl,10,15,100.5,1.0969808101654053,0.3539493676015244
UBFC_PHYS_s10_T2_ctrl,10,16,100.53333333333333,1.289223313331604,0.33703093773817067
UBFC_PHYS_s10_T2_ctrl,10,17,100.56666666666666,1.449831247329712,0.2942377460198728
UBFC_PHYS_s10_T2_ctrl,10,18,100.6,1.5601731538772583,0.23178234603172546
UBFC_PHYS_s10_T2_ctrl,10,19,100.63333333333334,1.6152558326721191,0.15514606961220537
UBFC_PHYS_s10_T2_ctrl,10,20,100.66666666666667,1.6478079557418823,0.07110394567885389
UBFC_PHYS_s10_T2_ctrl,10,21,100.7,1.6350164413452148,-0.011607210129901926
UBFC_PHYS_s10_T2_ctrl,10,22,100.73333333333333,1.4976272583007812,-0.08407611349136178
UBFC_PHYS_s10_T2_ctrl,10,23,100.76666666666667,1.224524974822998,-0.13979254970797947
UBFC_PHYS_s10_T2_ctrl,10,24,100.8,0.8967986702919006,-0.1767336781626656
UBFC_PHYS_s10_T2_ctrl,10,25,100.83333333333333,0.5512701869010925,-0.19836937360900994
UBFC_PHYS_s10_T2_ctrl,10,26,100.86666666666666,0.19411469995975494,-0.2130419214066953
UBFC_PHYS_s10_T2_ctrl,10,27,100.9,-0.06563153862953186,-0.23134922881540565
UBFC_PHYS_s10_T2_ctrl,10,28,100.93333333333334,-0.10310613363981247,-0.2622328153096978
UBFC_PHYS_s10_T2_ctrl,10,29,100.96666666666667,0.017909996211528778,-0.30944245194302233
UBFC_PHYS_s10_T2_ctrl,10,30,101.0,0.11988888680934906,-0.37002479457866516
UBFC_PHYS_s10_T2_ctrl,10,31,101.03333333333333,0.136844202876091,-0.4360898560419452
UBFC_PHYS_s10_T2_ctrl,10,32,101.06666666666666,0.09718181937932968,-0.49801515062047436
UBFC_PHYS_s10_T2_ctrl,10,33,101.1,-0.013548199087381363,-0.5446769315659417
UBFC_PHYS_s10_T2_ctrl,10,34,101.13333333333334,-0.17644977569580078,-0.561414934755335
UBFC_PHYS_s10_T2_ctrl,10,35,101.16666666666667,-0.27488234639167786,-0.5313190041284325
UBFC_PHYS_s10_T2_ctrl,10,36,101.2,-0.24247139692306519,-0.4412910461582398
UBFC_PHYS_s10_T2_ctrl,10,37,101.23333333333333,-0.16648125648498535,-0.28966138382976825
UBFC_PHYS_s10_T2_ctrl,10,38,101.26666666666667,-0.13553471863269806,-0.09074271633026694
UBFC_PHYS_s10_T2_ctrl,10,39,101.3,-0.10855794697999954,0.12854788243854465
UBFC_PHYS_s10_T2_ctrl,10,40,101.33333333333333,-0.039078209549188614,0.33859540053430287
UBFC_PHYS_s10_T2_ctrl,10,41,101.36666666666666,0.03123076818883419,0.5161449400227618
UBFC_PHYS_s10_T2_ctrl,10,42,101.4,0.05436127260327339,0.6483235721483469
UBFC_PHYS_s10_T2_ctrl,10,43,101.43333333333334,0.014557748101651669,0.7315641041617508
UBFC_PHYS_s10_T2_ctrl,10,44,101.46666666666667,-0.09693094342947006,0.7675377393060372
UBFC_PHYS_s10_T2_ctrl,10,45,101.5,-0.2519459128379822,0.7597412537015336
UBFC_PHYS_s10_T2_ctrl,10,46,101.53333333333333,-0.39321666955947876,0.7124171892237481
UBFC_PHYS_s10_T2_ctrl,10,47,101.56666666666666,-0.5105276703834534,0.6311449189242513
UBFC_PHYS_s10_T2_ctrl,10,48,101.6,-0.6151001453399658,0.5238316650157617
UBFC_PHYS_s10_T2_ctrl,10,49,101.63333333333334,-0.6621198058128357,0.40061071177296914
UBFC_PHYS_s10_T2_ctrl,10,50,101.66666666666667,-0.5970509648323059,0.27232081979500133
UBFC_PHYS_s10_T2_ctrl,10,51,101.7,-0.4392130374908447,0.14851033299982053
UBFC_PHYS_s10_T2_ctrl,10,52,101.73333333333333,-0.24143044650554657,0.03591384366258128
UBFC_PHYS_s10_T2_ctrl,10,53,101.76666666666667,-0.01024888176470995,-0.06186754209524693
UBFC_PHYS_s10_T2_ctrl,10,54,101.8,0.24713313579559326,-0.1434943307830241
UBFC_PHYS_s10_T2_ctrl,10,55,101.83333333333333,0.47249236702919006,-0.20856641981353902
UBFC_PHYS_s10_T2_ctrl,10,56,101.86666666666666,0.6335943341255188,-0.2567291005705872
UBFC_PHYS_s10_T2_ctrl,10,57,101.9,0.7536224126815796,-0.28800239323502363
UBFC_PHYS_s10_T2_ctrl,10,58,101.93333333333334,0.8429333567619324,-0.30375450015528044
UBFC_PHYS_s10_T2_ctrl,10,59,101.96666666666667,0.8878887295722961,-0.3065405678634559
UBFC_PHYS_s10_T2_ctrl,10,60,102.0,0.8992863893508911,-0.29890903009252534
UBFC_PHYS_s10_T2_ctrl,10,61,102.03333333333333,0.8855774402618408,-0.2831292653405145
UBFC_PHYS_s10_T2_ctrl,10,62,102.06666666666666,0.8090932965278625,-0.2620808184485433
UBFC_PHYS_s10_T2_ctrl,10,63,102.1,0.6311948299407959,-0.23975979598941682
UBFC_PHYS_s10_T2_ctrl,10,64,102.13333333333334,0.379105806350708,-0.2208796465806295
UBFC_PHYS_s10_T2_ctrl,10,65,102.16666666666667,0.09677602350711823,-0.21020660298645702
UBFC_PHYS_s10_T2_ctrl,10,66,102.2,-0.21378321945667267,-0.21153253524465676
UBFC_PHYS_s10_T2_ctrl,10,67,102.23333333333333,-0.5380867123603821,-0.22551358376296257
UBFC_PHYS_s10_T2_ctrl,10,68,102.26666666666667,-0.817593514919281,-0.2474320949004686
UBFC_PHYS_s10_T2_ctrl,10,69,102.3,-1.0128178596496582,-0.2675306368499585
UBFC_PHYS_s10_T2_ctrl,10,70,102.33333333333333,-1.1150614023208618,-0.274286687718039
UBFC_PHYS_s10_T2_ctrl,10,71,102.36666666666666,-1.1607754230499268,-0.2585812887639556
UBFC_PHYS_s10_T2_ctrl,10,72,102.4,-1.250209927558899,-0.21696922026471477
UBFC_PHYS_s10_T2_ctrl,10,73,102.43333333333334,-1.3905984163284302,-0.15289693847406746
UBFC_PHYS_s10_T2_ctrl,10,74,102.46666666666667,-1.3939154148101807,-0.07516722627019841
UBFC_PHYS_s10_T2_ctrl,10,75,102.5,-1.1009466648101807,0.006424072192648299
UBFC_PHYS_s10_T2_ctrl,10,76,102.53333333333333,-0.5965040326118469,0.08594582969550206
UBFC_PHYS_s10_T2_ctrl,10,77,102.56666666666666,-0.0932081788778305,0.16249075202735672
UBFC_PHYS_s10_T2_ctrl,10,78,102.6,0.29598772525787354,0.23742811216391643
UBFC_PHYS_s10_T2_ctrl,10,79,102.63333333333334,0.55931556224823,0.31153865502023176
UBFC_PHYS_s10_T2_ctrl,10,80,102.66666666666667,0.7262927889823914,0.38353946770491837
UBFC_PHYS_s10_T2_ctrl,10,81,102.7,0.834129273891449,0.4488785471583761
UBFC_PHYS_s10_T2_ctrl,10,82,102.73333333333333,0.9196997880935669,0.4992841499260313
UBFC_PHYS_s10_T2_ctrl,10,83,102.76666666666667,0.9981247782707214,0.5250661586277164
UBFC_PHYS_s10_T2_ctrl,10,84,102.8,1.0497140884399414,0.5192837147679855
UBFC_PHYS_s10_T2_ctrl,10,85,102.83333333333333,1.0731621980667114,0.48018914954858377
UBFC_PHYS_s10_T2_ctrl,10,86,102.86666666666666,1.0999977588653564,0.4109053879875908
UBFC_PHYS_s10_T2_ctrl,10,87,102.9,1.1347728967666626,0.3180635591897643
UBFC_PHYS_s10_T2_ctrl,10,88,102.93333333333334,1.1444767713546753,0.210462302816065
UBFC_PHYS_s10_T2_ctrl,10,89,102.96666666666667,1.1076726913452148,0.0978608594219381
UBFC_PHYS_s10_T2_ctrl,10,90,103.0,1.031876564025879,-0.010207484068855478
UBFC_PHYS_s10_T2_ctrl,10,91,103.03333333333333,0.9505757689476013,-0.1058454120138968
UBFC_PHYS_s10_T2_ctrl,10,92,103.06666666666666,0.8974867463111877,-0.18403499424687178
UBFC_PHYS_s10_T2_ctrl,10,93,103.1,0.8632938265800476,-0.24275494369868017
UBFC_PHYS_s10_T2_ctrl,10,94,103.13333333333334,0.8109458684921265,-0.2820083935187226
UBFC_PHYS_s10_T2_ctrl,10,95,103.16666666666667,0.7016802430152893,-0.3027814949558878
UBFC_PHYS_s10_T2_ctrl,10,96,103.2,0.5144836902618408,-0.30653782694234855
UBFC_PHYS_s10_T2_ctrl,10,97,103.23333333333333,0.3238113820552826,-0.2952924067559059
UBFC_PHYS_s10_T2_ctrl,10,98,103.26666666666667,0.30013394355773926,-0.2720623794925455
UBFC_PHYS_s10_T2_ctrl,10,99,103.3,0.4533492624759674,-0.241304954977248
UBFC_PHYS_s10_T2_ctrl,10,100,103.33333333333333,0.5440363883972168,-0.2086555113953553
UBFC_PHYS_s10_T2_ctrl,10,101,103.36666666666666,0.4161393344402313,-0.17918194366554707
UBFC_PHYS_s10_T2_ctrl,10,102,103.4,0.14196078479290009,-0.15484682153303073
UBFC_PHYS_s10_T2_ctrl,10,103,103.43333333333334,-0.21471832692623138,-0.13320268688248438
UBFC_PHYS_s10_T2_ctrl,10,104,103.46666666666667,-0.6786693334579468,-0.10826434349746299
UBFC_PHYS_s10_T2_ctrl,10,105,103.5,-1.1779601573944092,-0.07317501088382443
UBFC_PHYS_s10_T2_ctrl,10,106,103.53333333333333,-1.550518274307251,-0.023999753048873536
UBFC_PHYS_s10_T2_ctrl,10,107,103.56666666666666,-1.727411150932312,0.03622240346670103
UBFC_PHYS_s10_T2_ctrl,10,108,103.6,-1.6992698907852173,0.09550478344868656
UBFC_PHYS_s10_T2_ctrl,10,109,103.63333333333334,-1.4603428840637207,0.13626170104658275
UBFC_PHYS_s10_T2_ctrl,10,110,103.66666666666667,-1.0883315801620483,0.1430073947419461
UBFC_PHYS_s10_T2_ctrl,10,111,103.7,-0.7536714673042297,0.10937139402357057
UBFC_PHYS_s10_T2_ctrl,10,112,103.73333333333333,-0.576796293258667,0.04137967121087524
UBFC_PHYS_s10_T2_ctrl,10,113,103.76666666666667,-0.5476670265197754,-0.04341643912381578
UBFC_PHYS_s10_T2_ctrl,10,114,103.8,-0.5886879563331604,-0.12061808034058134
UBFC_PHYS_s10_T2_ctrl,10,115,103.83333333333333,-0.6680656671524048,-0.1664317478444138
UBFC_PHYS_s10_T2_ctrl,10,116,103.86666666666666,-0.8011146187782288,-0.16592886212726465
UBFC_PHYS_s10_T2_ctrl,10,117,103.9,-0.9680917859077454,-0.11948096784279216
UBFC_PHYS_s10_T2_ctrl,10,118,103.93333333333334,-1.1113739013671875,-0.04470915323037612
UBFC_PHYS_s10_T2_ctrl,10,119,103.96666666666667,-1.1692090034484863,0.02819359965242431
UBFC_PHYS_s10_T2_ctrl,10,120,104.0,-1.0302847623825073,0.0671195791033329
UBFC_PHYS_s10_T2_ctrl,10,121,104.03333333333333,-0.617270290851593,0.051224469015069704
UBFC_PHYS_s10_T2_ctrl,10,122,104.06666666666666,-0.1006360575556755,-0.018928814508061283
UBFC_PHYS_s10_T2_ctrl,10,123,104.1,0.3200709819793701,-0.12074516342097946
UBFC_PHYS_s10_T2_ctrl,10,124,104.13333333333334,0.6416926383972168,-0.21863714557610595
UBFC_PHYS_s10_T2_ctrl,10,125,104.16666666666667,0.8743209838867188,-0.27652533921416683
UBFC_PHYS_s10_T2_ctrl,10,126,104.2,0.9134716987609863,-0.2687129553971849
UBFC_PHYS_s10_T2_ctrl,10,127,104.23333333333333,0.7705424427986145,-0.18622186405487423
UBFC_PHYS_s10_T2_ctrl,10,128,104.26666666666667,0.6220908164978027,-0.03765675599384771
UBFC_PHYS_s10_T2_ctrl,10,129,104.3,0.5508467555046082,0.154362810059764
UBFC_PHYS_s10_T2_ctrl,10,130,104.33333333333333,0.48995935916900635,0.3591713022463398
UBFC_PHYS_s10_T2_ctrl,10,131,104.36666666666666,0.39389100670814514,0.543896336268745
UBFC_PHYS_s10_T2_ctrl,10,132,104.4,0.2580367624759674,0.6783794116244874
UBFC_PHYS_s10_T2_ctrl,10,133,104.43333333333334,0.08603119105100632,0.7401106953319928
UBFC_PHYS_s10_T2_ctrl,10,134,104.46666666666667,-0.07706446200609207,0.7185372643701596
UBFC_PHYS_s10_T2_ctrl,10,135,104.5,-0.17678499221801758,0.6165131201508578
UBFC_PHYS_s10_T2_ctrl,10,136,104.53333333333333,-0.22468684613704681,0.44845135659108415
UBFC_PHYS_s10_T2_ctrl,10,137,104.56666666666666,-0.2784639596939087,0.2366144247370547
UBFC_PHYS_s10_T2_ctrl,10,138,104.6,-0.3989860713481903,0.0067852243579316785
UBFC_PHYS_s10_T2_ctrl,10,139,104.63333333333334,-0.6339256763458252,-0.21585938259770385
UBFC_PHYS_s10_T2_ctrl,10,140,104.66666666666667,-0.9103978276252747,-0.40971018171577367
UBFC_PHYS_s10_T2_ctrl,10,141,104.7,-1.018163800239563,-0.55754739717693
UBFC_PHYS_s10_T2_ctrl,10,142,104.73333333333333,-0.8346017599105835,-0.6461704766845121
UBFC_PHYS_s10_T2_ctrl,10,143,104.76666666666667,-0.47591131925582886,-0.6673738833713365
UBFC_PHYS_s10_T2_ctrl,10,144,104.8,-0.13994556665420532,-0.6203713790407275
UBFC_PHYS_s10_T2_ctrl,10,145,104.83333333333333,0.10312765091657639,-0.5132655100603728
UBFC_PHYS_s10_T2_ctrl,10,146,104.86666666666666,0.2535729706287384,-0.3623843699952005
UBFC_PHYS_s10_T2_ctrl,10,147,104.9,0.2989518344402313,-0.18984593252276727
UBFC_PHYS_s10_T2_ctrl,10,148,104.93333333333334,0.24857988953590393,-0.01960691369088996
UBFC_PHYS_s10_T2_ctrl,10,149,104.96666666666667,0.1649325042963028,0.12782369507539734
UBFC_PHYS_s10_T2_ctrl,10,150,105.0,0.10109865665435791,0.23997622437869148
UBFC_PHYS_s10_T2_ctrl,10,151,105.03333333333333,0.031142551451921463,0.3128560485596733
UBFC_PHYS_s10_T2_ctrl,10,152,105.06666666666666,-0.07798191905021667,0.3475928746023653
UBFC_PHYS_s10_T2_ctrl,10,153,105.1,-0.17450900375843048,0.34737326365510274
UBFC_PHYS_s10_T2_ctrl,10,154,105.13333333333334,-0.21076619625091553,0.31620444250121776
UBFC_PHYS_s10_T2_ctrl,10,155,105.16666666666667,-0.22892126441001892,0.2581876840548704
UBFC_PHYS_s10_T2_ctrl,10,156,105.2,-0.26126164197921753,0.17689860118127665
UBFC_PHYS_s10_T2_ctrl,10,157,105.23333333333333,-0.2811986804008484,0.07556186059149166
UBFC_PHYS_s10_T2_ctrl,10,158,105.26666666666667,-0.2876032292842865,-0.04156590840305724
UBFC_PHYS_s10_T2_ctrl,10,159,105.3,-0.3114924132823944,-0.1666212306432563
UBFC_PHYS_s10_T2_ctrl,10,160,105.33333333333333,-0.369627445936203,-0.2859677163503536
UBFC_PHYS_s10_T2_ctrl,10,161,105.36666666666666,-0.45066359639167786,-0.38123946613354326
UBFC_PHYS_s10_T2_ctrl,10,162,105.4,-0.5009825825691223,-0.4339878174375652
UBFC_PHYS_s10_T2_ctrl,10,163,105.43333333333334,-0.4619201123714447,-0.43174734664868547
UBFC_PHYS_s10_T2_ctrl,10,164,105.46666666666667,-0.31929078698158264,-0.37266956434056325
UBFC_PHYS_s10_T2_ctrl,10,165,105.5,-0.09712501615285873,-0.26584795725271665
UBFC_PHYS_s10_T2_ctrl,10,166,105.53333333333333,0.1427723914384842,-0.12747370256327722
UBFC_PHYS_s10_T2_ctrl,10,167,105.56666666666666,0.3249582052230835,0.02408540147166507
UBFC_PHYS_s10_T2_ctrl,10,168,105.6,0.4229673445224762,0.17202809965016408
UBFC_PHYS_s10_T2_ctrl,10,169,105.63333333333334,0.4561192989349365,0.3027709653785192
UBFC_PHYS_s10_T2_ctrl,10,170,105.66666666666667,0.4900475740432739,0.40599735294904943
UBFC_PHYS_s10_T2_ctrl,10,171,105.7,0.6076408624649048,0.4747630095604659
UBFC_PHYS_s10_T2_ctrl,10,172,105.73333333333333,0.7855216860771179,0.5060288441203015
UBFC_PHYS_s10_T2_ctrl,10,173,105.76666666666667,0.8899000883102417,0.5005879222108519
UBFC_PHYS_s10_T2_ctrl,10,174,105.8,0.8775320649147034,0.4621343449061961
UBFC_PHYS_s10_T2_ctrl,10,175,105.83333333333333,0.8378873467445374,0.3960959314239579
UBFC_PHYS_s10_T2_ctrl,10,176,105.86666666666666,0.8252723217010498,0.30868165003929793
UBFC_PHYS_s10_T2_ctrl,10,177,105.9,0.8011537790298462,0.2063323657270205
UBFC_PHYS_s10_T2_ctrl,10,178,105.93333333333334,0.6997747421264648,0.09535764297091465
UBFC_PHYS_s10_T2_ctrl,10,179,105.96666666666667,0.5226702094078064,-0.018768824297830243
UBFC_PHYS_s10_T2_ctrl,10,180,106.0,0.356486976146698,-0.13190500841804154
UBFC_PHYS_s10_T2_ctrl,10,181,106.03333333333333,0.255072683095932,-0.2400539594480008
UBFC_PHYS_s10_T2_ctrl,10,182,106.06666666666666,0.1455247551202774,-0.3371088275311796
UBFC_PHYS_s10_T2_ctrl,10,183,106.1,-0.051552098244428635,-0.4140975833599656
UBFC_PHYS_s10_T2_ctrl,10,184,106.13333333333334,-0.3040468990802765,-0.4607174575791221
UBFC_PHYS_s10_T2_ctrl,10,185,106.16666666666667,-0.4830745458602905,-0.46795671395503335
UBFC_PHYS_s10_T2_ctrl,10,186,106.2,-0.4933077096939087,-0.43055914093899067
UBFC_PHYS_s10_T2_ctrl,10,187,106.23333333333333,-0.37308555841445923,-0.34832989710866774
UBFC_PHYS_s10_T2_ctrl,10,188,106.26666666666667,-0.24504734575748444,-0.22653336394656062
UBFC_PHYS_s10_T2_ctrl,10,189,106.3,-0.17900806665420532,-0.07673405659955741
UBFC_PHYS_s10_T2_ctrl,10,190,106.33333333333333,-0.14626190066337585,0.08268100288812247
UBFC_PHYS_s10_T2_ctrl,10,191,106.36666666666666,-0.09876585751771927,0.22897242675933835
UBFC_PHYS_s10_T2_ctrl,10,192,106.4,-0.028527451679110527,0.3402906877261028
UBFC_PHYS_s10_T2_ctrl,10,193,106.43333333333334,0.03701780363917351,0.40053726804219464
UBFC_PHYS_s10_T2_ctrl,10,194,106.46666666666667,0.06637643277645111,0.402320945163181
UBFC_PHYS_s10_T2_ctrl,10,195,106.5,0.05637262389063835,0.3483840266602301
UBFC_PHYS_s10_T2_ctrl,10,196,106.53333333333333,0.050814948976039886,0.25119410612967585
UBFC_PHYS_s10_T2_ctrl,10,197,106.56666666666666,0.0966348797082901,0.12974963830265082
UBFC_PHYS_s10_T2_ctrl,10,198,106.6,0.192562073469162,0.004106362560571206
UBFC_PHYS_s10_T2_ctrl,10,199,106.63333333333334,0.2983519434928894,-0.11041647977764049
UBFC_PHYS_s10_T2_ctrl,10,200,106.66666666666667,0.33460915088653564,-0.20683543501608845
UBFC_PHYS_s10_T2_ctrl,10,201,106.7,0.23093649744987488,-0.2853841836437273
UBFC_PHYS_s10_T2_ctrl,10,202,106.73333333333333,0.05460828170180321,-0.3485438136920443
UBFC_PHYS_s10_T2_ctrl,10,203,106.76666666666667,-0.03200320154428482,-0.39626217354599375
UBFC_PHYS_s10_T2_ctrl,10,204,106.8,-0.004708852153271437,-0.4236807291764103
UBFC_PHYS_s10_T2_ctrl,10,205,106.83333333333333,0.01005867961794138,-0.42145499237839834
UBFC_PHYS_s10_T2_ctrl,10,206,106.86666666666666,-0.05610409751534462,-0.37903721418802805
UBFC_PHYS_s10_T2_ctrl,10,207,106.9,-0.16349951922893524,-0.29143707736364943
UBFC_PHYS_s10_T2_ctrl,10,208,106.93333333333334,-0.22196976840496063,-0.16605434308204695
UBFC_PHYS_s10_T2_ctrl,10,209,106.96666666666667,-0.1509903371334076,-0.023031784320088768
UBFC_PHYS_s10_T2_ctrl,10,210,107.0,0.032024722546339035,0.11112915147332103
UBFC_PHYS_s10_T2_ctrl,10,211,107.03333333333333,0.1948557198047638,0.2105996442050425
UBFC_PHYS_s10_T2_ctrl,10,212,107.06666666666666,0.25957173109054565,0.25579668366519476
UBFC_PHYS_s10_T2_ctrl,10,213,107.1,0.2938705086708069,0.23972578480517168
UBFC_PHYS_s10_T2_ctrl,10,214,107.13333333333334,0.37139564752578735,0.17332707425278013
UBFC_PHYS_s10_T2_ctrl,10,215,107.16666666666667,0.47099268436431885,0.0843248187928638
UBFC_PHYS_s10_T2_ctrl,10,216,107.2,0.5347030162811279,0.00897388332923911
UBFC_PHYS_s10_T2_ctrl,10,217,107.23333333333333,0.5344030857086182,-0.018759225800452993
UBFC_PHYS_s10_T2_ctrl,10,218,107.26666666666667,0.5122076869010925,0.023202659108386845
UBFC_PHYS_s10_T2_ctrl,10,219,107.3,0.5860453248023987,0.1389780770891108
UBFC_PHYS_s10_T2_ctrl,10,220,107.33333333333333,0.7868978977203369,0.313078932754104
UBFC_PHYS_s10_T2_ctrl,10,221,107.36666666666666,0.9827220439910889,0.5126614873162001
UBFC_PHYS_s10_T2_ctrl,10,222,107.4,1.0536309480667114,0.6935964696027177
UBFC_PHYS_s10_T2_ctrl,10,223,107.43333333333334,1.0143567323684692,0.8106429484453623
UBFC_PHYS_s10_T2_ctrl,10,224,107.46666666666667,0.9154124855995178,0.8291072415263027
UBFC_PHYS_s10_T2_ctrl,10,225,107.5,0.7746357321739197,0.7328359418806408
UBFC_PHYS_s10_T2_ctrl,10,226,107.53333333333333,0.5777353048324585,0.5263883681310657
UBFC_PHYS_s10_T2_ctrl,10,227,107.56666666666666,0.29510554671287537,0.23255651680431613
UBFC_PHYS_s10_T2_ctrl,10,228,107.6,0.0041304947808384895,-0.11289691785091244
UBFC_PHYS_s10_T2_ctrl,10,229,107.63333333333334,-0.0933140441775322,-0.46720201771257747
UBFC_PHYS_s10_T2_ctrl,10,230,107.66666666666667,0.039964254945516586,-0.7860566271576228
UBFC_PHYS_s10_T2_ctrl,10,231,107.7,0.11036144942045212,-1.0284278365454407
UBFC_PHYS_s10_T2_ctrl,10,232,107.73333333333333,-0.13445846736431122,-1.161050298899253
UBFC_PHYS_s10_T2_ctrl,10,233,107.76666666666667,-0.47912243008613586,-1.1632177359756481
UBFC_PHYS_s10_T2_ctrl,10,234,107.8,-0.5014060139656067,-1.0315125544246828
UBFC_PHYS_s10_T2_ctrl,10,235,107.83333333333333,-0.17457957565784454,-0.7830649333594356
UBFC_PHYS_s10_T2_ctrl,10,236,107.86666666666666,0.22793711721897125,-0.4553708038322007
UBFC_PHYS_s10_T2_ctrl,10,237,107.9,0.5042152404785156,-0.10061802028487107
UBFC_PHYS_s10_T2_ctrl,10,238,107.93333333333334,0.5720188021659851,0.2249586142835268
UBFC_PHYS_s10_T2_ctrl,10,239,107.96666666666667,0.4650997817516327,0.47351205674846064
UBFC_PHYS_s10_T2_ctrl,10,240,108.0,0.376600444316864,0.6159380137264076
UBFC_PHYS_s10_T2_ctrl,10,241,108.03333333333333,0.3944202959537506,0.646273441255082
UBFC_PHYS_s10_T2_ctrl,10,242,108.06666666666666,0.32546985149383545,0.579445138612595
UBFC_PHYS_s10_T2_ctrl,10,243,108.1,0.050391506403684616,0.4448849352765931
UBFC_PHYS_s10_T2_ctrl,10,244,108.13333333333334,-0.2969718873500824,0.2782171123520828
UBFC_PHYS_s10_T2_ctrl,10,245,108.16666666666667,-0.563175618648529,0.1125105668050364
UBFC_PHYS_s10_T2_ctrl,10,246,108.2,-0.7345636487007141,-0.02852595021088694
UBFC_PHYS_s10_T2_ctrl,10,247,108.23333333333333,-0.8520334959030151,-0.13250001183498292
UBFC_PHYS_s10_T2_ctrl,10,248,108.26666666666667,-0.9507306814193726,-0.19582590571655856
UBFC_PHYS_s10_T2_ctrl,10,249,108.3,-1.0768104791641235,-0.2202191849747149
UBFC_PHYS_s10_T2_ctrl,10,250,108.33333333333333,-1.2092771530151367,-0.21002433160750483
UBFC_PHYS_s10_T2_ctrl,10,251,108.36666666666666,-1.2255796194076538,-0.17015530441993296
UBFC_PHYS_s10_T2_ctrl,10,252,108.4,-1.0458992719650269,-0.10481051489305619
UBFC_PHYS_s10_T2_ctrl,10,253,108.43333333333334,-0.7279297709465027,-0.01756284832160982
UBFC_PHYS_s10_T2_ctrl,10,254,108.46666666666667,-0.3753438889980316,0.08712940991583659
UBFC_PHYS_s10_T2_ctrl,10,255,108.5,-0.07489432394504547,0.20152819023134477
UBFC_PHYS_s10_T2_ctrl,10,256,108.53333333333333,0.08068523555994034,0.31294247378749795
UBFC_PHYS_s10_T2_ctrl,10,257,108.56666666666666,0.059724871069192886,0.40505255879021107
UBFC_PHYS_s10_T2_ctrl,10,258,108.6,-0.06388483941555023,0.46211218631269546
UBFC_PHYS_s10_T2_ctrl,10,259,108.63333333333334,-0.16512270271778107,0.4734978936314836
UBFC_PHYS_s10_T2_ctrl,10,260,108.66666666666667,-0.1669929027557373,0.43656492470064695
UBFC_PHYS_s10_T2_ctrl,10,261,108.7,-0.11602110415697098,0.356711088687979
UBFC_PHYS_s10_T2_ctrl,10,262,108.73333333333333,-0.15326634049415588,0.24495794377055846
UBFC_PHYS_s10_T2_ctrl,10,263,108.76666666666667,-0.3192731440067291,0.1146632539250696
UBFC_PHYS_s10_T2_ctrl,10,264,108.8,-0.4531336724758148,-0.021258710925274184
UBFC_PHYS_s10_T2_ctrl,10,265,108.83333333333333,-0.46057918667793274,-0.15176181783223494
UBFC_PHYS_s10_T2_ctrl,10,266,108.86666666666666,-0.4822276532649994,-0.26771773311897756
UBFC_PHYS_s10_T2_ctrl,10,267,108.9,-0.6465936303138733,-0.3613426309135566
UBFC_PHYS_s10_T2_ctrl,10,268,108.93333333333334,-0.8947657942771912,-0.4257958435435092
UBFC_PHYS_s10_T2_ctrl,10,269,108.96666666666667,-1.1394975185394287,-0.455567114584376
UBFC_PHYS_s10_T2_ctrl,10,270,109.0,-1.2962591648101807,-0.4476185236814744
UBFC_PHYS_s10_T2_ctrl,10,271,109.03333333333333,-1.1129088401794434,-0.40259599170372573
UBFC_PHYS_s10_T2_ctrl,10,272,109.06666666666666,-0.42381033301353455,-0.3256495167701129
UBFC_PHYS_s10_T2_ctrl,10,273,109.1,0.5213117003440857,-0.2267150463797774
UBFC_PHYS_s10_T2_ctrl,10,274,109.13333333333334,1.2563889026641846,-0.11994596233328783
UBFC_PHYS_s10_T2_ctrl,10,275,109.16666666666667,1.5655014514923096,-0.021896803202180994
UBFC_PHYS_s10_T2_ctrl,10,276,109.2,1.5829859972000122,0.05141215968947552
UBFC_PHYS_s10_T2_ctrl,10,277,109.23333333333333,1.5959362983703613,0.08785729258626118
UBFC_PHYS_s10_T2_ctrl,10,278,109.26666666666667,1.8086276054382324,0.08206146785880027
UBFC_PHYS_s10_T2_ctrl,10,279,109.3,2.091116189956665,0.03669426154012649
UBFC_PHYS_s10_T2_ctrl,10,280,109.33333333333333,2.10821270942688,-0.037979212827856726
UBFC_PHYS_s10_T2_ctrl,10,281,109.36666666666666,1.7963300943374634,-0.1256658573311674
UBFC_PHYS_s10_T2_ctrl,10,282,109.4,1.3938134908676147,-0.20675786427000145
UBFC_PHYS_s10_T2_ctrl,10,283,109.43333333333334,1.0323352813720703,-0.2628027403586069
UBFC_PHYS_s10_T2_ctrl,10,284,109.46666666666667,0.6456271409988403,-0.28124167824038765
UBFC_PHYS_s10_T2_ctrl,10,285,109.5,0.1987549215555191,-0.25710670232975813
UBFC_PHYS_s10_T2_ctrl,10,286,109.53333333333333,-0.26997748017311096,-0.1913698524644187
UBFC_PHYS_s10_T2_ctrl,10,287,109.56666666666666,-0.7272063493728638,-0.08866890289360883
UBFC_PHYS_s10_T2_ctrl,10,288,109.6,-1.1215364933013916,0.04385537076708701
UBFC_PHYS_s10_T2_ctrl,10,289,109.63333333333334,-1.3593343496322632,0.19631901641019658
UBFC_PHYS_s10_T2_ctrl,10,290,109.66666666666667,-1.3676267862319946,0.35538960915360235
UBFC_PHYS_s10_T2_ctrl,10,291,109.7,-1.166580080986023,0.5049900667828796
UBFC_PHYS_s10_T2_ctrl,10,292,109.73333333333333,-0.8398948311805725,0.6285071383898031
UBFC_PHYS_s10_T2_ctrl,10,293,109.76666666666667,-0.4725414216518402,0.7107698960696012
UBFC_PHYS_s10_T2_ctrl,10,294,109.8,-0.18170751631259918,0.7396056108474339
UBFC_PHYS_s10_T2_ctrl,10,295,109.83333333333333,-0.0670430064201355,0.7083000705438218
UBFC_PHYS_s10_T2_ctrl,10,296,109.86666666666666,-0.0912674069404602,0.6182557819394758
UBFC_PHYS_s10_T2_ctrl,10,297,109.9,-0.13497012853622437,0.4792243200492785
UBFC_PHYS_s10_T2_ctrl,10,298,109.93333333333334,-0.1570420265197754,0.3067255086950786
UBFC_PHYS_s10_T2_ctrl,10,299,109.96666666666667,-0.18989405035972595,0.1186184369081196
UBFC_PHYS_s10_T2_ctrl,11,0,110.0,-0.23394963145256042,0.08197364727316955
UBFC_PHYS_s10_T2_ctrl,11,1,110.03333333333333,-0.26186150312423706,-0.1095618976643453
UBFC_PHYS_s10_T2_ctrl,11,2,110.06666666666666,-0.273806095123291,-0.24993574333854798
UBFC_PHYS_s10_T2_ctrl,11,3,110.1,-0.291378915309906,-0.2981345766257943
UBFC_PHYS_s10_T2_ctrl,11,4,110.13333333333334,-0.327936053276062,-0.23754276308810873
UBFC_PHYS_s10_T2_ctrl,11,5,110.16666666666667,-0.3739500641822815,-0.08209486804398795
UBFC_PHYS_s10_T2_ctrl,11,6,110.2,-0.4157649576663971,0.1284965221443128
UBFC_PHYS_s10_T2_ctrl,11,7,110.23333333333333,-0.4557625353336334,0.3414548396083549
UBFC_PHYS_s10_T2_ctrl,11,8,110.26666666666667,-0.5074224472045898,0.505814812194053
UBFC_PHYS_s10_T2_ctrl,11,9,110.3,-0.5872588753700256,0.5821654596757582
UBFC_PHYS_s10_T2_ctrl,11,10,110.33333333333333,-0.6760051846504211,0.5459477332279898
UBFC_PHYS_s10_T2_ctrl,11,11,110.36666666666666,-0.6813687682151794,0.3889426188937204
UBFC_PHYS_s10_T2_ctrl,11,12,110.4,-0.5008767247200012,0.12098801833034736
UBFC_PHYS_s10_T2_ctrl,11,13,110.43333333333334,-0.13782835006713867,-0.22936391024427014
UBFC_PHYS_s10_T2_ctrl,11,14,110.46666666666667,0.3136487901210785,-0.616779962084742
UBFC_PHYS_s10_T2_ctrl,11,15,110.5,0.8003068566322327,-0.984977740161524
UBFC_PHYS_s10_T2_ctrl,11,16,110.53333333333333,1.335978388786316,-1.2758010006696185
UBFC_PHYS_s10_T2_ctrl,11,17,110.56666666666666,1.8557883501052856,-1.4388798279355752
UBFC_PHYS_s10_T2_ctrl,11,18,110.6,2.255305767059326,-1.4404057582869993
UBFC_PHYS_s10_T2_ctrl,11,19,110.63333333333334,2.5182807445526123,-1.2707763640446224
UBFC_PHYS_s10_T2_ctrl,11,20,110.66666666666667,2.5295372009277344,-0.9494188574954643
UBFC_PHYS_s10_T2_ctrl,11,21,110.7,2.0179665088653564,-0.5238429522038409
UBFC_PHYS_s10_T2_ctrl,11,22,110.73333333333333,0.9940314888954163,-0.06103996546365971
UBFC_PHYS_s10_T2_ctrl,11,23,110.76666666666667,-0.10351192951202393,0.36892813261884233
UBFC_PHYS_s10_T2_ctrl,11,24,110.8,-0.9376040101051331,0.7113874456242908
UBFC_PHYS_s10_T2_ctrl,11,25,110.83333333333333,-1.541149616241455,0.9369844299787821
UBFC_PHYS_s10_T2_ctrl,11,26,110.86666666666666,-2.0379350185394287,1.0407632853498914
UBFC_PHYS_s10_T2_ctrl,11,27,110.9,-2.517200469970703,1.03660589371298
UBFC_PHYS_s10_T2_ctrl,11,28,110.93333333333334,-2.966895818710327,0.950977467107168
UBFC_PHYS_s10_T2_ctrl,11,29,110.96666666666667,-3.1757054328918457,0.8166410762111056
UBFC_PHYS_s10_T2_ctrl,11,30,111.0,-2.9476821422576904,0.666652971822083
UBFC_PHYS_s10_T2_ctrl,11,31,111.03333333333333,-2.3955492973327637,0.5288096376634408
UBFC_PHYS_s10_T2_ctrl,11,32,111.06666666666666,-1.8030836582183838,0.4208894950115058
UBFC_PHYS_s10_T2_ctrl,11,33,111.1,-1.2893253564834595,0.34735135895091174
UBFC_PHYS_s10_T2_ctrl,11,34,111.13333333333334,-0.8368248343467712,0.2986297456415246
UBFC_PHYS_s10_T2_ctrl,11,35,111.16666666666667,-0.3855947256088257,0.2544217421596219
UBFC_PHYS_s10_T2_ctrl,11,36,111.2,0.06838778406381607,0.19075606961400582
UBFC_PHYS_s10_T2_ctrl,11,37,111.23333333333333,0.39470258355140686,0.08893052376685937
UBFC_PHYS_s10_T2_ctrl,11,38,111.26666666666667,0.4753859043121338,-0.05675374540593268
UBFC_PHYS_s10_T2_ctrl,11,39,111.3,0.39401450753211975,-0.23612566299200882
UBFC_PHYS_s10_T2_ctrl,11,40,111.33333333333333,0.2937646508216858,-0.42626589508931245
UBFC_PHYS_s10_T2_ctrl,11,41,111.36666666666666,0.2271784394979477,-0.598966583290756
UBFC_PHYS_s10_T2_ctrl,11,42,111.4,0.21934476494789124,-0.7290045323299322
UBFC_PHYS_s10_T2_ctrl,11,43,111.43333333333334,0.25923651456832886,-0.7986228433665175
UBFC_PHYS_s10_T2_ctrl,11,44,111.46666666666667,0.2519497871398926,-0.7985849617396823
UBFC_PHYS_s10_T2_ctrl,11,45,111.5,0.13814981281757355,-0.7307915015135157
UBFC_PHYS_s10_T2_ctrl,11,46,111.53333333333333,-0.01898236759006977,-0.611405110441977
UBFC_PHYS_s10_T2_ctrl,11,47,111.56666666666666,-0.15125499665737152,-0.46760279828148943
UBFC_PHYS_s10_T2_ctrl,11,48,111.6,-0.279522567987442,-0.32747012384888746
UBFC_PHYS_s10_T2_ctrl,11,49,111.63333333333334,-0.45420992374420166,-0.20927227646307675
UBFC_PHYS_s10_T2_ctrl,11,50,111.66666666666667,-0.6426591873168945,-0.11497628249413101
UBFC_PHYS_s10_T2_ctrl,11,51,111.7,-0.7038641571998596,-0.030467601292750994
UBFC_PHYS_s10_T2_ctrl,11,52,111.73333333333333,-0.5462379455566406,0.06720884518289043
UBFC_PHYS_s10_T2_ctrl,11,53,111.76666666666667,-0.26300832629203796,0.19749030304792584
UBFC_PHYS_s10_T2_ctrl,11,54,111.8,0.0033365413546562195,0.3637009678793724
UBFC_PHYS_s10_T2_ctrl,11,55,111.83333333333333,0.22266173362731934,0.5470998210433838
UBFC_PHYS_s10_T2_ctrl,11,56,111.86666666666666,0.3755595088005066,0.7112481516774024
UBFC_PHYS_s10_T2_ctrl,11,57,111.9,0.41846826672554016,0.8162641065535798
UBFC_PHYS_s10_T2_ctrl,11,58,111.93333333333334,0.3790881633758545,0.8361057500056822
UBFC_PHYS_s10_T2_ctrl,11,59,111.96666666666667,0.30547988414764404,0.7671483397722259
UBFC_PHYS_s10_T2_ctrl,11,60,112.0,0.17890608310699463,0.6253233151713713
UBFC_PHYS_s10_T2_ctrl,11,61,112.03333333333333,0.027649156749248505,0.4385571468631101
UBFC_PHYS_s10_T2_ctrl,11,62,112.06666666666666,-0.03142096847295761,0.2387741054171096
UBFC_PHYS_s10_T2_ctrl,11,63,112.1,0.0004783094918821007,0.054224496773768414
UBFC_PHYS_s10_T2_ctrl,11,64,112.13333333333334,-0.04117777571082115,-0.09634106035326405
UBFC_PHYS_s10_T2_ctrl,11,65,112.16666666666667,-0.2723240554332733,-0.20549270611530765
UBFC_PHYS_s10_T2_ctrl,11,66,112.2,-0.6220869421958923,-0.275070737922383
UBFC_PHYS_s10_T2_ctrl,11,67,112.23333333333333,-0.9273707866668701,-0.3125675870333807
UBFC_PHYS_s10_T2_ctrl,11,68,112.26666666666667,-1.0999586582183838,-0.3276213409257585
UBFC_PHYS_s10_T2_ctrl,11,69,112.3,-1.1823533773422241,-0.32931149386861613
UBFC_PHYS_s10_T2_ctrl,11,70,112.33333333333333,-1.2708526849746704,-0.3243368371068751
UBFC_PHYS_s10_T2_ctrl,11,71,112.36666666666666,-1.394744634628296,-0.3156556412542364
UBFC_PHYS_s10_T2_ctrl,11,72,112.4,-1.437900424003601,-0.30212006195042085
UBFC_PHYS_s10_T2_ctrl,11,73,112.43333333333334,-1.2274675369262695,-0.28047398799362955
UBFC_PHYS_s10_T2_ctrl,11,74,112.46666666666667,-0.7571472525596619,-0.24838873713395151
UBFC_PHYS_s10_T2_ctrl,11,75,112.5,-0.2413598746061325,-0.2048498100896389
UBFC_PHYS_s10_T2_ctrl,11,76,112.53333333333333,0.10242191702127457,-0.14855842143635464
UBFC_PHYS_s10_T2_ctrl,11,77,112.56666666666666,0.26527056097984314,-0.07911985650834442
UBFC_PHYS_s10_T2_ctrl,11,78,112.6,0.31017303466796875,-0.000768800932230934
UBFC_PHYS_s10_T2_ctrl,11,79,112.63333333333334,0.2346239686012268,0.07662135305078614
UBFC_PHYS_s10_T2_ctrl,11,80,112.66666666666667,0.07410424947738647,0.14048262453490953
UBFC_PHYS_s10_T2_ctrl,11,81,112.7,-0.03842540085315704,0.17931833960661497
UBFC_PHYS_s10_T2_ctrl,11,82,112.73333333333333,-0.04045439511537552,0.1855078426515664
UBFC_PHYS_s10_T2_ctrl,11,83,112.76666666666667,-0.008784479461610317,0.15712070051456153
UBFC_PHYS_s10_T2_ctrl,11,84,112.8,0.0007429606048390269,0.09851812084957307
UBFC_PHYS_s10_T2_ctrl,11,85,112.83333333333333,0.0033541847951710224,0.01930875887580242
UBFC_PHYS_s10_T2_ctrl,11,86,112.86666666666666,-0.005785100162029266,-0.06791765297984391
UBFC_PHYS_s10_T2_ctrl,11,87,112.9,-0.07055404782295227,-0.14988901167274996
UBFC_PHYS_s10_T2_ctrl,11,88,112.93333333333334,-0.22976815700531006,-0.2148704255799284
UBFC_PHYS_s10_T2_ctrl,11,89,112.96666666666667,-0.4503460228443146,-0.25569674225885314
UBFC_PHYS_s10_T2_ctrl,11,90,113.0,-0.6597732901573181,-0.27243647353170014
UBFC_PHYS_s10_T2_ctrl,11,91,113.03333333333333,-0.9073102474212646,-0.2716744710407729
UBFC_PHYS_s10_T2_ctrl,11,92,113.06666666666666,-1.3098798990249634,-0.26184595398273197
UBFC_PHYS_s10_T2_ctrl,11,93,113.1,-1.7990962266921997,-0.24673317009064694
UBFC_PHYS_s10_T2_ctrl,11,94,113.13333333333334,-2.130157232284546,-0.22030247831816976
UBFC_PHYS_s10_T2_ctrl,11,95,113.16666666666667,-2.0182273387908936,-0.1664170004147545
UBFC_PHYS_s10_T2_ctrl,11,96,113.2,-1.2516390085220337,-0.0648233007910332
UBFC_PHYS_s10_T2_ctrl,11,97,113.23333333333333,0.008223765529692173,0.09776941838769755
UBFC_PHYS_s10_T2_ctrl,11,98,113.26666666666667,1.1233047246932983,0.31615173587118833
UBFC_PHYS_s10_T2_ctrl,11,99,113.3,1.5992885828018188,0.5617455128793123
UBFC_PHYS_s10_T2_ctrl,11,100,113.33333333333333,1.5752053260803223,0.7877893833394018
UBFC_PHYS_s10_T2_ctrl,11,101,113.36666666666666,1.3652487993240356,0.9433665582219337
UBFC_PHYS_s10_T2_ctrl,11,102,113.4,1.1600207090377808,0.9905289326721124
UBFC_PHYS_s10_T2_ctrl,11,103,113.43333333333334,1.1624730825424194,0.9154434652331158
UBFC_PHYS_s10_T2_ctrl,11,104,113.46666666666667,1.3563741445541382,0.7298752942389334
UBFC_PHYS_s10_T2_ctrl,11,105,113.5,1.2957336902618408,0.4653738968905673
UBFC_PHYS_s10_T2_ctrl,11,106,113.53333333333333,0.8581066727638245,0.16380364694751137
UBFC_PHYS_s10_T2_ctrl,11,107,113.56666666666666,0.763590931892395,-0.1317765872825248
UBFC_PHYS_s10_T2_ctrl,11,108,113.6,1.3599910736083984,-0.38380296479957365
UBFC_PHYS_s10_T2_ctrl,11,109,113.63333333333334,1.9257092475891113,-0.564550015676741
UBFC_PHYS_s10_T2_ctrl,11,110,113.66666666666667,1.7302908897399902,-0.6590216052852658
UBFC_PHYS_s10_T2_ctrl,11,111,113.7,0.9653962254524231,-0.6676003083972505
UBFC_PHYS_s10_T2_ctrl,11,112,113.73333333333333,0.1934971809387207,-0.6073406781353131
UBFC_PHYS_s10_T2_ctrl,11,113,113.76666666666667,-0.32340171933174133,-0.5087120003750089
UBFC_PHYS_s10_T2_ctrl,11,114,113.8,-0.4982302188873291,-0.40730028432756865
UBFC_PHYS_s10_T2_ctrl,11,115,113.83333333333333,-0.4115305244922638,-0.33300565516524855
UBFC_PHYS_s10_T2_ctrl,11,116,113.86666666666666,-0.4437826871871948,-0.3005677002318537
UBFC_PHYS_s10_T2_ctrl,11,117,113.9,-0.6903669238090515,-0.30581658127668976
UBFC_PHYS_s10_T2_ctrl,11,118,113.93333333333334,-0.6056256294250488,-0.3286218291686884
UBFC_PHYS_s10_T2_ctrl,11,119,113.96666666666667,0.11134947836399078,-0.3399491686690228
UBFC_PHYS_s10_T2_ctrl,11,120,114.0,0.911195695400238,-0.31056065589089044
UBFC_PHYS_s10_T2_ctrl,11,121,114.03333333333333,1.2460145950317383,-0.21947848161669506
UBFC_PHYS_s10_T2_ctrl,11,122,114.06666666666666,1.319358229637146,-0.060989661625078274
UBFC_PHYS_s10_T2_ctrl,11,123,114.1,1.4514014720916748,0.15039961792205958
UBFC_PHYS_s10_T2_ctrl,11,124,114.13333333333334,1.6294234991073608,0.37972820680602565
UBFC_PHYS_s10_T2_ctrl,11,125,114.16666666666667,1.6415444612503052,0.5801810726942787
UBFC_PHYS_s10_T2_ctrl,11,126,114.2,1.3553861379623413,0.7081392409089189
UBFC_PHYS_s10_T2_ctrl,11,127,114.23333333333333,1.0927287340164185,0.736149867808496
UBFC_PHYS_s10_T2_ctrl,11,128,114.26666666666667,1.4329289197921753,0.6590891350940993
UBFC_PHYS_s10_T2_ctrl,11,129,114.3,2.184220314025879,0.49351078081675154
UBFC_PHYS_s10_T2_ctrl,11,130,114.33333333333333,2.566500186920166,0.27120737010469465
UBFC_PHYS_s10_T2_ctrl,11,131,114.36666666666666,2.4124202728271484,0.028746182042693767
UBFC_PHYS_s10_T2_ctrl,11,132,114.4,2.01637864112854,-0.20304463150407517
UBFC_PHYS_s10_T2_ctrl,11,133,114.43333333333334,1.504684567451477,-0.40423845385984725
UBFC_PHYS_s10_T2_ctrl,11,134,114.46666666666667,1.1471762657165527,-0.5643888033404897
UBFC_PHYS_s10_T2_ctrl,11,135,114.5,1.2576240301132202,-0.6776285792259465
UBFC_PHYS_s10_T2_ctrl,11,136,114.53333333333333,1.4785370826721191,-0.7376184222126434
UBFC_PHYS_s10_T2_ctrl,11,137,114.56666666666666,1.2399805784225464,-0.7350737417770257
UBFC_PHYS_s10_T2_ctrl,11,138,114.6,0.6568130254745483,-0.6594035843904492
UBFC_PHYS_s10_T2_ctrl,11,139,114.63333333333334,0.19767867028713226,-0.5044344414434598
UBFC_PHYS_s10_T2_ctrl,11,140,114.66666666666667,0.05513758212327957,-0.2756847776766569
UBFC_PHYS_s10_T2_ctrl,11,141,114.7,0.18562822043895721,0.005308996510338565
UBFC_PHYS_s10_T2_ctrl,11,142,114.73333333333333,0.582798957824707,0.30244844979387503
UBFC_PHYS_s10_T2_ctrl,11,143,114.76666666666667,1.2025588750839233,0.5727802167607694
UBFC_PHYS_s10_T2_ctrl,11,144,114.8,1.731031894683838,0.7773979823053598
UBFC_PHYS_s10_T2_ctrl,11,145,114.83333333333333,1.5767931938171387,0.8896028058159586
UBFC_PHYS_s10_T2_ctrl,11,146,114.86666666666666,0.33097460865974426,0.8980332630426111
UBFC_PHYS_s10_T2_ctrl,11,147,114.9,-1.4621424674987793,0.8064892596566797
UBFC_PHYS_s10_T2_ctrl,11,148,114.93333333333334,-2.5500173568725586,0.6319897369196124
UBFC_PHYS_s10_T2_ctrl,11,149,114.96666666666667,-2.3815932273864746,0.40192888188889986
UBFC_PHYS_s10_T2_ctrl,11,150,115.0,-1.5627628564834595,0.15062862833033985
UBFC_PHYS_s10_T2_ctrl,11,151,115.03333333333333,-0.8414121270179749,-0.08494682730780219
UBFC_PHYS_s10_T2_ctrl,11,152,115.06666666666666,-0.4894438087940216,-0.27038014752891126
UBFC_PHYS_s10_T2_ctrl,11,153,115.1,-0.5668277740478516,-0.37957887898313003
UBFC_PHYS_s10_T2_ctrl,11,154,115.13333333333334,-0.9002352356910706,-0.4002524381816163
UBFC_PHYS_s10_T2_ctrl,11,155,115.16666666666667,-1.1084450483322144,-0.33764631813731405
UBFC_PHYS_s10_T2_ctrl,11,156,115.2,-1.0394946336746216,-0.2150130957102931
UBFC_PHYS_s10_T2_ctrl,11,157,115.23333333333333,-0.8595672249794006,-0.06953675503915265
UBFC_PHYS_s10_T2_ctrl,11,158,115.26666666666667,-0.6572502255439758,0.05611479266898682
UBFC_PHYS_s10_T2_ctrl,11,159,115.3,-0.45408642292022705,0.1248410341851962
UBFC_PHYS_s10_T2_ctrl,11,160,115.33333333333333,-0.4289092719554901,0.11537814834618533
UBFC_PHYS_s10_T2_ctrl,11,161,115.36666666666666,-0.5659279823303223,0.02736087369004856
UBFC_PHYS_s10_T2_ctrl,11,162,115.4,-0.5331112742424011,-0.11984680386659805
UBFC_PHYS_s10_T2_ctrl,11,163,115.43333333333334,-0.22828610241413116,-0.2920844877595674
UBFC_PHYS_s10_T2_ctrl,11,164,115.46666666666667,0.11551332473754883,-0.44729003663164785
UBFC_PHYS_s10_T2_ctrl,11,165,115.5,0.3239348828792572,-0.5435767205196819
UBFC_PHYS_s10_T2_ctrl,11,166,115.53333333333333,0.2586013376712799,-0.5477201591592096
UBFC_PHYS_s10_T2_ctrl,11,167,115.56666666666666,-0.057868435978889465,-0.4431553582802486
UBFC_PHYS_s10_T2_ctrl,11,168,115.6,-0.2091253697872162,-0.2358293588724633
UBFC_PHYS_s10_T2_ctrl,11,169,115.63333333333334,-0.020746709778904915,0.04434563324734468
UBFC_PHYS_s10_T2_ctrl,11,170,115.66666666666667,-0.0030856586527079344,0.34787874631730364
UBFC_PHYS_s10_T2_ctrl,11,171,115.7,-0.45863842964172363,0.6161581306110769
UBFC_PHYS_s10_T2_ctrl,11,172,115.73333333333333,-0.9298232197761536,0.7951019470327668
UBFC_PHYS_s10_T2_ctrl,11,173,115.76666666666667,-1.0358778238296509,0.8464658398999487
UBFC_PHYS_s10_T2_ctrl,11,174,115.8,-1.0351543426513672,0.7539929046452607
UBFC_PHYS_s10_T2_ctrl,11,175,115.83333333333333,-1.251444935798645,0.52470393183874
UBFC_PHYS_s10_T2_ctrl,11,176,115.86666666666666,-1.7401849031448364,0.18678641235008828
UBFC_PHYS_s10_T2_ctrl,11,177,115.9,-2.362379550933838,-0.21383650535388887
UBFC_PHYS_s10_T2_ctrl,11,178,115.93333333333334,-2.753657579421997,-0.6179265287657619
UBFC_PHYS_s10_T2_ctrl,11,179,115.96666666666667,-2.5818636417388916,-0.9597202670781795
UBFC_PHYS_s10_T2_ctrl,11,180,116.0,-1.992026925086975,-1.1768807837242299
UBFC_PHYS_s10_T2_ctrl,11,181,116.03333333333333,-1.3710142374038696,-1.2232547347278164
UBFC_PHYS_s10_T2_ctrl,11,182,116.06666666666666,-0.7998971939086914,-1.081373209783851
UBFC_PHYS_s10_T2_ctrl,11,183,116.1,-0.1649286299943924,-0.7693300780040628
UBFC_PHYS_s10_T2_ctrl,11,184,116.13333333333334,0.5820755958557129,-0.33861239503573753
UBFC_PHYS_s10_T2_ctrl,11,185,116.16666666666667,1.3308441638946533,0.1378127774099232
UBFC_PHYS_s10_T2_ctrl,11,186,116.2,1.6392508745193481,0.5834341995427305
UBFC_PHYS_s10_T2_ctrl,11,187,116.23333333333333,1.1320735216140747,0.9346701600968026
UBFC_PHYS_s10_T2_ctrl,11,188,116.26666666666667,0.31989455223083496,1.1513709299311496
UBFC_PHYS_s10_T2_ctrl,11,189,116.3,0.18361687660217285,1.2205130051446464
UBFC_PHYS_s10_T2_ctrl,11,190,116.33333333333333,0.7588448524475098,1.1536133428951287
UBFC_PHYS_s10_T2_ctrl,11,191,116.36666666666666,1.310501217842102,0.9794309831895214
UBFC_PHYS_s10_T2_ctrl,11,192,116.4,1.428112268447876,0.7344744048188171
UBFC_PHYS_s10_T2_ctrl,11,193,116.43333333333334,1.1634081602096558,0.45433595126670934
UBFC_PHYS_s10_T2_ctrl,11,194,116.46666666666667,0.643827497959137,0.16759167275420073
UBFC_PHYS_s10_T2_ctrl,11,195,116.5,0.09951075166463852,-0.10742450627971009
UBFC_PHYS_s10_T2_ctrl,11,196,116.53333333333333,-0.26129692792892456,-0.3620373049126221
UBFC_PHYS_s10_T2_ctrl,11,197,116.56666666666666,-0.5592411160469055,-0.591452201583118
UBFC_PHYS_s10_T2_ctrl,11,198,116.6,-0.8878495693206787,-0.7870997207347347
UBFC_PHYS_s10_T2_ctrl,11,199,116.63333333333334,-1.032790184020996,-0.9343462210062788
UBFC_PHYS_s10_T2_ctrl,11,200,116.66666666666667,-0.8049784898757935,-1.0165309229052943
UBFC_PHYS_s10_T2_ctrl,11,201,116.7,-0.3126039505004883,-1.0198239325719773
UBFC_PHYS_s10_T2_ctrl,11,202,116.73333333333333,0.12923988699913025,-0.9367348205094096
UBFC_PHYS_s10_T2_ctrl,11,203,116.76666666666667,0.24418668448925018,-0.7699133209012463
UBFC_PHYS_s10_T2_ctrl,11,204,116.8,0.1461952030658722,-0.5352462711377972
UBFC_PHYS_s10_T2_ctrl,11,205,116.83333333333333,0.11962423473596573,-0.26074515206764015
UBFC_PHYS_s10_T2_ctrl,11,206,116.86666666666666,0.0071122306399047375,0.019670384879654917
UBFC_PHYS_s10_T2_ctrl,11,207,116.9,-0.47726985812187195,0.27543443661369404
UBFC_PHYS_s10_T2_ctrl,11,208,116.93333333333334,-1.064495325088501,0.48789824913403734
UBFC_PHYS_s10_T2_ctrl,11,209,116.96666666666667,-1.3479896783828735,0.6535469199777031
UBFC_PHYS_s10_T2_ctrl,11,210,117.0,-1.3796242475509644,0.7798927393201514
UBFC_PHYS_s10_T2_ctrl,11,211,117.03333333333333,-1.2862377166748047,0.8752489521979985
UBFC_PHYS_s10_T2_ctrl,11,212,117.06666666666666,-1.0568734407424927,0.9377639439706518
UBFC_PHYS_s10_T2_ctrl,11,213,117.1,-0.8700650334358215,0.9520321166366242
UBFC_PHYS_s10_T2_ctrl,11,214,117.13333333333334,-0.9362630844116211,0.8959289183279822
UBFC_PHYS_s10_T2_ctrl,11,215,117.16666666666667,-1.1816651821136475,0.7539521768359855
UBFC_PHYS_s10_T2_ctrl,11,216,117.2,-1.4409704208374023,0.5300563304081594
UBFC_PHYS_s10_T2_ctrl,11,217,117.23333333333333,-1.6567316055297852,0.2513034527281196
UBFC_PHYS_s10_T2_ctrl,11,218,117.26666666666667,-1.716930866241455,-0.039303650783994136
UBFC_PHYS_s10_T2_ctrl,11,219,117.3,-1.448433518409729,-0.29506513407343954
UBFC_PHYS_s10_T2_ctrl,11,220,117.33333333333333,-0.909074604511261,-0.4777972973348237
UBFC_PHYS_s10_T2_ctrl,11,221,117.36666666666666,-0.38381272554397583,-0.5666279148889598
UBFC_PHYS_s10_T2_ctrl,11,222,117.4,-0.06854269653558731,-0.5610538098825422
UBFC_PHYS_s10_T2_ctrl,11,223,117.43333333333334,0.09340613335371017,-0.4773443380897313
UBFC_PHYS_s10_T2_ctrl,11,224,117.46666666666667,0.25514325499534607,-0.3417021674626765
UBFC_PHYS_s10_T2_ctrl,11,225,117.5,0.4835194945335388,-0.18697428062299187
UBFC_PHYS_s10_T2_ctrl,11,226,117.53333333333333,0.7369140982627869,-0.05230860222919237
UBFC_PHYS_s10_T2_ctrl,11,227,117.56666666666666,0.9315561652183533,0.021899212911429822
UBFC_PHYS_s10_T2_ctrl,11,228,117.6,1.035422921180725,0.00501500379605568
UBFC_PHYS_s10_T2_ctrl,11,229,117.63333333333334,1.1588914394378662,-0.11267580712558983
UBFC_PHYS_s10_T2_ctrl,11,230,117.66666666666667,1.4625521898269653,-0.3135686997231628
UBFC_PHYS_s10_T2_ctrl,11,231,117.7,1.836098313331604,-0.5540420848697594
UBFC_PHYS_s10_T2_ctrl,11,232,117.73333333333333,1.8810008764266968,-0.7738488601158248
UBFC_PHYS_s10_T2_ctrl,11,233,117.76666666666667,1.4396686553955078,-0.9112551548422649
UBFC_PHYS_s10_T2_ctrl,11,234,117.8,0.9052674770355225,-0.9190051348380833
UBFC_PHYS_s10_T2_ctrl,11,235,117.83333333333333,0.6523669362068176,-0.7745024594070175
UBFC_PHYS_s10_T2_ctrl,11,236,117.86666666666666,0.6101991534233093,-0.4827981008312149
UBFC_PHYS_s10_T2_ctrl,11,237,117.9,0.5522229075431824,-0.07614376749468768
UBFC_PHYS_s10_T2_ctrl,11,238,117.93333333333334,0.4257020652294159,0.38896326231565137
UBFC_PHYS_s10_T2_ctrl,11,239,117.96666666666667,0.33759087324142456,0.8394437853679473
UBFC_PHYS_s10_T2_ctrl,11,240,118.0,0.4065060317516327,1.1978862911121835
UBFC_PHYS_s10_T2_ctrl,11,241,118.03333333333333,0.628213107585907,1.396629632297047
UBFC_PHYS_s10_T2_ctrl,11,242,118.06666666666666,0.885206937789917,1.3909471203512593
UBFC_PHYS_s10_T2_ctrl,11,243,118.1,1.0980393886566162,1.1688609314870992
UBFC_PHYS_s10_T2_ctrl,11,244,118.13333333333334,1.2228840589523315,0.7557266210147882
UBFC_PHYS_s10_T2_ctrl,11,245,118.16666666666667,1.2541835308074951,0.21247498909845844
UBFC_PHYS_s10_T2_ctrl,11,246,118.2,1.2737147808074951,-0.3733091131074534
UBFC_PHYS_s10_T2_ctrl,11,247,118.23333333333333,1.3125479221343994,-0.9036623113895859
UBFC_PHYS_s10_T2_ctrl,11,248,118.26666666666667,1.2179439067840576,-1.2900904458319684
UBFC_PHYS_s10_T2_ctrl,11,249,118.3,0.8626057505607605,-1.4697164025863236
UBFC_PHYS_s10_T2_ctrl,11,250,118.33333333333333,0.3536640405654907,-1.414295798227553
UBFC_PHYS_s10_T2_ctrl,11,251,118.36666666666666,-0.1126159280538559,-1.1328830573510136
UBFC_PHYS_s10_T2_ctrl,11,252,118.4,-0.43741339445114136,-0.669226768397983
UBFC_PHYS_s10_T2_ctrl,11,253,118.43333333333334,-0.6619786620140076,-0.09479923687246947
UBFC_PHYS_s10_T2_ctrl,11,254,118.46666666666667,-0.89400714635849,0.5016979533256166
UBFC_PHYS_s10_T2_ctrl,11,255,118.5,-1.1462019681930542,1.027528372500968
UBFC_PHYS_s10_T2_ctrl,11,256,118.53333333333333,-1.1953035593032837,1.4011761837763874
UBFC_PHYS_s10_T2_ctrl,11,257,118.56666666666666,-0.8407769799232483,1.5688101648745048
UBFC_PHYS_s10_T2_ctrl,11,258,118.6,-0.25406312942504883,1.5171581292119656
UBFC_PHYS_s10_T2_ctrl,11,259,118.63333333333334,0.2133636623620987,1.2748520185769263
UBFC_PHYS_s10_T2_ctrl,11,260,118.66666666666667,0.4742567241191864,0.9006579908580643
UBFC_PHYS_s10_T2_ctrl,11,261,118.7,0.6466504335403442,0.4638399022667068
UBFC_PHYS_s10_T2_ctrl,11,262,118.73333333333333,0.7260281443595886,0.025111332485218088
UBFC_PHYS_s10_T2_ctrl,11,263,118.76666666666667,0.5732715129852295,-0.3719800055091829
UBFC_PHYS_s10_T2_ctrl,11,264,118.8,0.12036526203155518,-0.6981778658994143
UBFC_PHYS_s10_T2_ctrl,11,265,118.83333333333333,-0.3910641670227051,-0.9318423512198497
UBFC_PHYS_s10_T2_ctrl,11,266,118.86666666666666,-0.39117002487182617,-1.055017311780274
UBFC_PHYS_s10_T2_ctrl,11,267,118.9,0.36215052008628845,-1.0558624717300489
UBFC_PHYS_s10_T2_ctrl,11,268,118.93333333333334,1.2586473226547241,-0.9353206472075208
UBFC_PHYS_s10_T2_ctrl,11,269,118.96666666666667,1.514670729637146,-0.7107457889432685
UBFC_PHYS_s10_T2_ctrl,11,270,119.0,1.0895705223083496,-0.41403542806226673
UBFC_PHYS_s10_T2_ctrl,11,271,119.03333333333333,0.5005806684494019,-0.08724389699243776
UBFC_PHYS_s10_T2_ctrl,11,272,119.06666666666666,0.06242430955171585,0.22307501541901872
UBFC_PHYS_s10_T2_ctrl,11,273,119.1,-0.2961426377296448,0.47349818822221695
UBFC_PHYS_s10_T2_ctrl,11,274,119.13333333333334,-0.7030701637268066,0.6317794460349957
UBFC_PHYS_s10_T2_ctrl,11,275,119.16666666666667,-1.1020934581756592,0.6816586820965099
UBFC_PHYS_s10_T2_ctrl,11,276,119.2,-1.2643951177597046,0.6235913905791083
UBFC_PHYS_s10_T2_ctrl,11,277,119.23333333333333,-0.9877641797065735,0.47342664486753966
UBFC_PHYS_s10_T2_ctrl,11,278,119.26666666666667,-0.40680208802223206,0.2597531409348193
UBFC_PHYS_s10_T2_ctrl,11,279,119.3,0.039964254945516586,0.01915586308025555
UBFC_PHYS_s10_T2_ctrl,11,280,119.33333333333333,0.2103995680809021,-0.2099975077540919
UBFC_PHYS_s10_T2_ctrl,11,281,119.36666666666666,0.3155895471572876,-0.393228906603518
UBFC_PHYS_s10_T2_ctrl,11,282,119.4,0.44562146067619324,-0.5045287198008984
UBFC_PHYS_s10_T2_ctrl,11,283,119.43333333333334,0.53426194190979,-0.5306720190519206
UBFC_PHYS_s10_T2_ctrl,11,284,119.46666666666667,0.6039357781410217,-0.4744304850857671
UBFC_PHYS_s10_T2_ctrl,11,285,119.5,0.6997394561767578,-0.3542436118100414
UBFC_PHYS_s10_T2_ctrl,11,286,119.53333333333333,0.8133806586265564,-0.19969055517488965
UBFC_PHYS_s10_T2_ctrl,11,287,119.56666666666666,0.9467471241950989,-0.044117545964205175
UBFC_PHYS_s10_T2_ctrl,11,288,119.6,1.032670497894287,0.08330581246115903
UBFC_PHYS_s10_T2_ctrl,11,289,119.63333333333334,0.9187823534011841,0.16330186606889152
UBFC_PHYS_s10_T2_ctrl,11,290,119.66666666666667,0.5666199326515198,0.18895192125335247
UBFC_PHYS_s10_T2_ctrl,11,291,119.7,0.13211576640605927,0.1657377685043652
UBFC_PHYS_s10_T2_ctrl,11,292,119.73333333333333,-0.2309502512216568,0.10917261586721068
UBFC_PHYS_s10_T2_ctrl,11,293,119.76666666666667,-0.5384925007820129,0.039232727181659904
UBFC_PHYS_s10_T2_ctrl,11,294,119.8,-0.8888023495674133,-0.026172382675892315
UBFC_PHYS_s10_T2_ctrl,11,295,119.83333333333333,-1.2847909927368164,-0.073887613608294
UBFC_PHYS_s10_T2_ctrl,11,296,119.86666666666666,-1.5811296701431274,-0.09468601915164457
UBFC_PHYS_s10_T2_ctrl,11,297,119.9,-1.574036955833435,-0.08415368633885358
UBFC_PHYS_s10_T2_ctrl,11,298,119.93333333333334,-1.2268500328063965,-0.04546361051336165
UBFC_PHYS_s10_T2_ctrl,11,299,119.96666666666667,-0.7488901019096375,0.010925485952277178
UBFC_PHYS_s10_T2_ctrl,12,0,120.0,-0.36680448055267334,-0.14864375852103698
UBFC_PHYS_s10_T2_ctrl,12,1,120.03333333333333,-0.14100417494773865,0.15473385573864826
UBFC_PHYS_s10_T2_ctrl,12,2,120.06666666666666,-0.01801198162138462,0.42210839137111217
UBFC_PHYS_s10_T2_ctrl,12,3,120.1,0.049968067556619644,0.6197660802506519
UBFC_PHYS_s10_T2_ctrl,12,4,120.13333333333334,0.1105731651186943,0.7262097828226152
UBFC_PHYS_s10_T2_ctrl,12,5,120.16666666666667,0.2076648324728012,0.735541064789569
UBFC_PHYS_s10_T2_ctrl,12,6,120.2,0.3390200138092041,0.6567212981455431
UBFC_PHYS_s10_T2_ctrl,12,7,120.23333333333333,0.4564015865325928,0.5112868562572144
UBFC_PHYS_s10_T2_ctrl,12,8,120.26666666666667,0.5232524275779724,0.33004783995408066
UBFC_PHYS_s10_T2_ctrl,12,9,120.3,0.5284043550491333,0.14719031659502796
UBFC_PHYS_s10_T2_ctrl,12,10,120.33333333333333,0.4513202905654907,-0.007057279027232466
UBFC_PHYS_s10_T2_ctrl,12,11,120.36666666666666,0.2983343005180359,-0.11139649109337134
UBFC_PHYS_s10_T2_ctrl,12,12,120.4,0.13036906719207764,-0.154743090038779
UBFC_PHYS_s10_T2_ctrl,12,13,120.43333333333334,-0.017059236764907837,-0.1351795118887164
UBFC_PHYS_s10_T2_ctrl,12,14,120.46666666666667,-0.18364828824996948,-0.05831749419806259
UBFC_PHYS_s10_T2_ctrl,12,15,120.5,-0.38374215364456177,0.06331003856987637
UBFC_PHYS_s10_T2_ctrl,12,16,120.53333333333333,-0.5009649395942688,0.21054642907309273
UBFC_PHYS_s10_T2_ctrl,12,17,120.56666666666666,-0.3921227753162384,0.3603857564344431
UBFC_PHYS_s10_T2_ctrl,12,18,120.6,-0.08045199513435364,0.49078839004696095
UBFC_PHYS_s10_T2_ctrl,12,19,120.63333333333334,0.2464979737997055,0.5838977809723453
UBFC_PHYS_s10_T2_ctrl,12,20,120.66666666666667,0.45511361956596375,0.6265547878908994
UBFC_PHYS_s10_T2_ctrl,12,21,120.7,0.5622796416282654,0.6097671143547794
UBFC_PHYS_s10_T2_ctrl,12,22,120.73333333333333,0.591691255569458,0.5282266355064957
UBFC_PHYS_s10_T2_ctrl,12,23,120.76666666666667,0.5285102128982544,0.3800886304160305
UBFC_PHYS_s10_T2_ctrl,12,24,120.8,0.434611976146698,0.16761085522433672
UBFC_PHYS_s10_T2_ctrl,12,25,120.83333333333333,0.4042123854160309,-0.10054274644759859
UBFC_PHYS_s10_T2_ctrl,12,26,120.86666666666666,0.4380348026752472,-0.406461229258256
UBFC_PHYS_s10_T2_ctrl,12,27,120.9,0.4892359673976898,-0.7224216703291155
UBFC_PHYS_s10_T2_ctrl,12,28,120.93333333333334,0.5536167621612549,-1.0136809959450896
UBFC_PHYS_s10_T2_ctrl,12,29,120.96666666666667,0.6247902512550354,-1.2436682606010852
UBFC_PHYS_s10_T2_ctrl,12,30,121.0,0.6415162086486816,-1.3799508870464552
UBFC_PHYS_s10_T2_ctrl,12,31,121.03333333333333,0.5736067295074463,-1.3989836863343457
UBFC_PHYS_s10_T2_ctrl,12,32,121.06666666666666,0.4654702842235565,-1.28909936611893
UBFC_PHYS_s10_T2_ctrl,12,33,121.1,0.31530725955963135,-1.0526114552430497
UBFC_PHYS_s10_T2_ctrl,12,34,121.13333333333334,0.08237900584936142,-0.7074658558301852
UBFC_PHYS_s10_T2_ctrl,12,35,121.16666666666667,-0.20951351523399353,-0.2881941653217422
UBFC_PHYS_s10_T2_ctrl,12,36,121.2,-0.4496932029724121,0.15536735009666208
UBFC_PHYS_s10_T2_ctrl,12,37,121.23333333333333,-0.49339592456817627,0.5639834160097389
UBFC_PHYS_s10_T2_ctrl,12,38,121.26666666666667,-0.2734532356262207,0.8795445286328661
UBFC_PHYS_s10_T2_ctrl,12,39,121.3,0.07765056937932968,1.057551260468755
UBFC_PHYS_s10_T2_ctrl,12,40,121.33333333333333,0.3603685200214386,1.07787283833392
UBFC_PHYS_s10_T2_ctrl,12,41,121.36666666666666,0.5030860304832458,0.9496860183609138
UBFC_PHYS_s10_T2_ctrl,12,42,121.4,0.5369260907173157,0.7089891646911746
UBFC_PHYS_s10_T2_ctrl,12,43,121.43333333333334,0.521117627620697,0.40986215468904663
UBFC_PHYS_s10_T2_ctrl,12,44,121.46666666666667,0.5349147319793701,0.11237377694308315
UBFC_PHYS_s10_T2_ctrl,12,45,121.5,0.619285523891449,-0.12876857661927957
UBFC_PHYS_s10_T2_ctrl,12,46,121.53333333333333,0.6944111585617065,-0.2728459612205986
UBFC_PHYS_s10_T2_ctrl,12,47,121.56666666666666,0.6358174085617065,-0.2992801856637389
UBFC_PHYS_s10_T2_ctrl,12,48,121.6,0.41899755597114563,-0.21096201116154642
UBFC_PHYS_s10_T2_ctrl,12,49,121.63333333333334,0.11597204953432083,-0.033639468321873214
UBFC_PHYS_s10_T2_ctrl,12,50,121.66666666666667,-0.19769243896007538,0.18916735069103868
UBFC_PHYS_s10_T2_ctrl,12,51,121.7,-0.487485408782959,0.4054665650115512
UBFC_PHYS_s10_T2_ctrl,12,52,121.73333333333333,-0.7612934112548828,0.566448922589902
UBFC_PHYS_s10_T2_ctrl,12,53,121.76666666666667,-1.0634191036224365,0.6371987603577398
UBFC_PHYS_s10_T2_ctrl,12,54,121.8,-1.412229299545288,0.6035074567586551
UBFC_PHYS_s10_T2_ctrl,12,55,121.83333333333333,-1.7276405096054077,0.47264155635193905
UBFC_PHYS_s10_T2_ctrl,12,56,121.86666666666666,-1.860107183456421,0.2684798730888026
UBFC_PHYS_s10_T2_ctrl,12,57,121.9,-1.7035043239593506,0.0238381699497541
UBFC_PHYS_s10_T2_ctrl,12,58,121.93333333333334,-1.3152611255645752,-0.22713650974898095
UBFC_PHYS_s10_T2_ctrl,12,59,121.96666666666667,-0.8772811889648438,-0.45412376735128807
UBFC_PHYS_s10_T2_ctrl,12,60,122.0,-0.5152737498283386,-0.6330512411949832
UBFC_PHYS_s10_T2_ctrl,12,61,122.03333333333333,-0.24668817222118378,-0.747435337049302
UBFC_PHYS_s10_T2_ctrl,12,62,122.06666666666666,-0.08560387045145035,-0.7893571117854661
UBFC_PHYS_s10_T2_ctrl,12,63,122.1,-0.03614940494298935,-0.759569610962239
UBFC_PHYS_s10_T2_ctrl,12,64,122.13333333333334,-0.020040972158312798,-0.6667305113677472
UBFC_PHYS_s10_T2_ctrl,12,65,122.16666666666667,0.037141308188438416,-0.5262596591617362
UBFC_PHYS_s10_T2_ctrl,12,66,122.2,0.12147679179906845,-0.3581842369937165
UBFC_PHYS_s10_T2_ctrl,12,67,122.23333333333333,0.19127410650253296,-0.1824639286466586
UBFC_PHYS_s10_T2_ctrl,12,68,122.26666666666667,0.22807826101779938,-0.013408434487287926
UBFC_PHYS_s10_T2_ctrl,12,69,122.3,0.19997231662273407,0.14238691347730334
UBFC_PHYS_s10_T2_ctrl,12,70,122.33333333333333,0.0840727686882019,0.28348244076341683
UBFC_PHYS_s10_T2_ctrl,12,71,122.36666666666666,-0.06732530146837234,0.40890390288717215
UBFC_PHYS_s10_T2_ctrl,12,72,122.4,-0.17085681855678558,0.5142469424102132
UBFC_PHYS_s10_T2_ctrl,12,73,122.43333333333334,-0.22586895525455475,0.5912199303103537
UBFC_PHYS_s10_T2_ctrl,12,74,122.46666666666667,-0.31724417209625244,0.6308513039775296
UBFC_PHYS_s10_T2_ctrl,12,75,122.5,-0.49886539578437805,0.6281245699505826
UBFC_PHYS_s10_T2_ctrl,12,76,122.53333333333333,-0.6855149865150452,0.5855301286845369
UBFC_PHYS_s10_T2_ctrl,12,77,122.56666666666666,-0.6949365735054016,0.5133411081431218
UBFC_PHYS_s10_T2_ctrl,12,78,122.6,-0.4596441090106964,0.42635606479043797
UBFC_PHYS_s10_T2_ctrl,12,79,122.63333333333334,-0.1184382513165474,0.3388524114916912
UBFC_PHYS_s10_T2_ctrl,12,80,122.66666666666667,0.15182346105575562,0.25987264849837866
UBFC_PHYS_s10_T2_ctrl,12,81,122.7,0.3084792494773865,0.19089487456658488
UBFC_PHYS_s10_T2_ctrl,12,82,122.73333333333333,0.39149150252342224,0.1265516946401403
UBFC_PHYS_s10_T2_ctrl,12,83,122.76666666666667,0.4171273708343506,0.0575717286582666
UBFC_PHYS_s10_T2_ctrl,12,84,122.8,0.38713356852531433,-0.02529673967595333
UBFC_PHYS_s10_T2_ctrl,12,85,122.83333333333333,0.33884355425834656,-0.12777446265174375
UBFC_PHYS_s10_T2_ctrl,12,86,122.86666666666666,0.31929466128349304,-0.24997833520889962
UBFC_PHYS_s10_T2_ctrl,12,87,122.9,0.3245171308517456,-0.38628198272778896
UBFC_PHYS_s10_T2_ctrl,12,88,122.93333333333334,0.30936142802238464,-0.5272337671725068
UBFC_PHYS_s10_T2_ctrl,12,89,122.96666666666667,0.24972671270370483,-0.6632462379145169
UBFC_PHYS_s10_T2_ctrl,12,90,123.0,0.15058840811252594,-0.7879910762383904
UBFC_PHYS_s10_T2_ctrl,12,91,123.03333333333333,0.020979948341846466,-0.8981494371259422
UBFC_PHYS_s10_T2_ctrl,12,92,123.06666666666666,-0.12625427544116974,-0.989295534060716
UBFC_PHYS_s10_T2_ctrl,12,93,123.1,-0.28105753660202026,-1.050917517004482
UBFC_PHYS_s10_T2_ctrl,12,94,123.13333333333334,-0.42541590332984924,-1.063828931024919
UBFC_PHYS_s10_T2_ctrl,12,95,123.16666666666667,-0.5593822598457336,-1.0026712295138775
UBFC_PHYS_s10_T2_ctrl,12,96,123.2,-0.7219662666320801,-0.8436221817906429
UBFC_PHYS_s10_T2_ctrl,12,97,123.23333333333333,-0.9175257682800293,-0.5746912053514969
UBFC_PHYS_s10_T2_ctrl,12,98,123.26666666666667,-1.0475047826766968,-0.20486328231469586
UBFC_PHYS_s10_T2_ctrl,12,99,123.3,-0.9851882457733154,0.23205586053774582
UBFC_PHYS_s10_T2_ctrl,12,100,123.33333333333333,-0.695942223072052,0.6816001840925664
UBFC_PHYS_s10_T2_ctrl,12,101,123.36666666666666,-0.28871476650238037,1.081394381851299
UBFC_PHYS_s10_T2_ctrl,12,102,123.4,0.01937439851462841,1.3781030546318453
UBFC_PHYS_s10_T2_ctrl,12,103,123.43333333333334,0.10907348245382309,1.5400396183524454
UBFC_PHYS_s10_T2_ctrl,12,104,123.46666666666667,0.08204378187656403,1.5613237078574886
UBFC_PHYS_s10_T2_ctrl,12,105,123.5,0.09157121926546097,1.458646765198944
UBFC_PHYS_s10_T2_ctrl,12,106,123.53333333333333,0.17467166483402252,1.2626900123470843
UBFC_PHYS_s10_T2_ctrl,12,107,123.56666666666666,0.3068031370639801,1.0067285413447757
UBFC_PHYS_s10_T2_ctrl,12,108,123.6,0.4608653783798218,0.7168444760745398
UBFC_PHYS_s10_T2_ctrl,12,109,123.63333333333334,0.5791467428207397,0.40917651547018774
UBFC_PHYS_s10_T2_ctrl,12,110,123.66666666666667,0.6159332990646362,0.09431491498039273
UBFC_PHYS_s10_T2_ctrl,12,111,123.7,0.582181453704834,-0.21628679851043092
UBFC_PHYS_s10_T2_ctrl,12,112,123.73333333333333,0.505803108215332,-0.5060323043139116
UBFC_PHYS_s10_T2_ctrl,12,113,123.76666666666667,0.4033125638961792,-0.7531885058315582
UBFC_PHYS_s10_T2_ctrl,12,114,123.8,0.2940293252468109,-0.9347345974876587
UBFC_PHYS_s10_T2_ctrl,12,115,123.83333333333333,0.18922747671604156,-1.0311886409191782
UBFC_PHYS_s10_T2_ctrl,12,116,123.86666666666666,0.05785466730594635,-1.0309287063851655
UBFC_PHYS_s10_T2_ctrl,12,117,123.9,-0.13518184423446655,-0.9341636012377551
UBFC_PHYS_s10_T2_ctrl,12,118,123.93333333333334,-0.331817626953125,-0.755243914776404
UBFC_PHYS_s10_T2_ctrl,12,119,123.96666666666667,-0.39332252740859985,-0.5207687048307578
UBFC_PHYS_s10_T2_ctrl,12,120,124.0,-0.26411986351013184,-0.2644322601542156
UBFC_PHYS_s10_T2_ctrl,12,121,124.03333333333333,-0.04359491914510727,-0.022809178976542846
UBFC_PHYS_s10_T2_ctrl,12,122,124.06666666666666,0.14995324611663818,0.16845965460415924
UBFC_PHYS_s10_T2_ctrl,12,123,124.1,0.27809733152389526,0.2829839522089874
UBFC_PHYS_s10_T2_ctrl,12,124,124.13333333333334,0.3295278549194336,0.3135545675365352
UBFC_PHYS_s10_T2_ctrl,12,125,124.16666666666667,0.3038214147090912,0.27355844656643025
UBFC_PHYS_s10_T2_ctrl,12,126,124.2,0.2364412397146225,0.1887898127528828
UBFC_PHYS_s10_T2_ctrl,12,127,124.23333333333333,0.18158787488937378,0.0879062811566778
UBFC_PHYS_s10_T2_ctrl,12,128,124.26666666666667,0.17460109293460846,-0.0038630776145284623
UBFC_PHYS_s10_T2_ctrl,12,129,124.3,0.20246003568172455,-0.06784230511262572
UBFC_PHYS_s10_T2_ctrl,12,130,124.33333333333333,0.22469072043895721,-0.09280870321861832
UBFC_PHYS_s10_T2_ctrl,12,131,124.36666666666666,0.21202275156974792,-0.07501519028501577
UBFC_PHYS_s10_T2_ctrl,12,132,124.4,0.14889465272426605,-0.01769583620643175
UBFC_PHYS_s10_T2_ctrl,12,133,124.43333333333334,0.03447715565562248,0.07067168543317401
UBFC_PHYS_s10_T2_ctrl,12,134,124.46666666666667,-0.08025792241096497,0.17833196279070793
UBFC_PHYS_s10_T2_ctrl,12,135,124.5,-0.13708733022212982,0.28993735719310015
UBFC_PHYS_s10_T2_ctrl,12,136,124.53333333333333,-0.18692995607852936,0.38490419100914125
UBFC_PHYS_s10_T2_ctrl,12,137,124.56666666666666,-0.33744585514068604,0.4385686486712785
UBFC_PHYS_s10_T2_ctrl,12,138,124.6,-0.579584002494812,0.4276422367759832
UBFC_PHYS_s10_T2_ctrl,12,139,124.63333333333334,-0.7764490842819214,0.33830039100918446
UBFC_PHYS_s10_T2_ctrl,12,140,124.66666666666667,-0.7831888794898987,0.17340488524324954
UBFC_PHYS_s10_T2_ctrl,12,141,124.7,-0.5705858469009399,-0.0457176574592399
UBFC_PHYS_s10_T2_ctrl,12,142,124.73333333333333,-0.2646491527557373,-0.28389677766709076
UBFC_PHYS_s10_T2_ctrl,12,143,124.76666666666667,-0.02808636613190174,-0.5002564175647065
UBFC_PHYS_s10_T2_ctrl,12,144,124.8,0.09241810441017151,-0.6569048091012137
UBFC_PHYS_s10_T2_ctrl,12,145,124.83333333333333,0.13629725575447083,-0.7257166343758421
UBFC_PHYS_s10_T2_ctrl,12,146,124.86666666666666,0.13481521606445312,-0.6924716101608269
UBFC_PHYS_s10_T2_ctrl,12,147,124.9,0.12317056208848953,-0.5592569957784561
UBFC_PHYS_s10_T2_ctrl,12,148,124.93333333333334,0.14132562279701233,-0.34489071956455897
UBFC_PHYS_s10_T2_ctrl,12,149,124.96666666666667,0.18626338243484497,-0.08193887812932305
UBFC_PHYS_s10_T2_ctrl,12,150,125.0,0.2228381633758545,0.1891792480043855
UBFC_PHYS_s10_T2_ctrl,12,151,125.03333333333333,0.23855844140052795,0.42661150975340434
UBFC_PHYS_s10_T2_ctrl,12,152,125.06666666666666,0.2264021337032318,0.5932012688599707
UBFC_PHYS_s10_T2_ctrl,12,153,125.1,0.1532878577709198,0.6630490654135148
UBFC_PHYS_s10_T2_ctrl,12,154,125.13333333333334,0.019286181777715683,0.6274340232305864
UBFC_PHYS_s10_T2_ctrl,12,155,125.16666666666667,-0.11009292304515839,0.49726766854142185
UBFC_PHYS_s10_T2_ctrl,12,156,125.2,-0.19171132147312164,0.30077615387277207
UBFC_PHYS_s10_T2_ctrl,12,157,125.23333333333333,-0.26346704363822937,0.07694264444937737
UBFC_PHYS_s10_T2_ctrl,12,158,125.26666666666667,-0.3944164216518402,-0.13313775687944476
UBFC_PHYS_s10_T2_ctrl,12,159,125.3,-0.5968392491340637,-0.2936139079473691
UBFC_PHYS_s10_T2_ctrl,12,160,125.33333333333333,-0.7636047005653381,-0.37832960485226047
UBFC_PHYS_s10_T2_ctrl,12,161,125.36666666666666,-0.7270828485488892,-0.3727058969787926
UBFC_PHYS_s10_T2_ctrl,12,162,125.4,-0.44789358973503113,-0.27444989073446574
UBFC_PHYS_s10_T2_ctrl,12,163,125.43333333333334,-0.07725854218006134,-0.0950094317195487
UBFC_PHYS_s10_T2_ctrl,12,164,125.46666666666667,0.22017401456832886,0.13921687632299437
UBFC_PHYS_s10_T2_ctrl,12,165,125.5,0.40968185663223267,0.3895600191108147
UBFC_PHYS_s10_T2_ctrl,12,166,125.53333333333333,0.5201472043991089,0.6120857128299968
UBFC_PHYS_s10_T2_ctrl,12,167,125.56666666666666,0.5730597972869873,0.7658909576813444
UBFC_PHYS_s10_T2_ctrl,12,168,125.6,0.5956786274909973,0.820296705761814
UBFC_PHYS_s10_T2_ctrl,12,169,125.63333333333334,0.6094581484794617,0.7595841309537406
UBFC_PHYS_s10_T2_ctrl,12,170,125.66666666666667,0.5958197712898254,0.5852000479229904
UBFC_PHYS_s10_T2_ctrl,12,171,125.7,0.5574100613594055,0.3164392910591411
UBFC_PHYS_s10_T2_ctrl,12,172,125.73333333333333,0.5554516911506653,-0.010898803300530368
UBFC_PHYS_s10_T2_ctrl,12,173,125.76666666666667,0.6036710739135742,-0.349763836362291
UBFC_PHYS_s10_T2_ctrl,12,174,125.8,0.6064234972000122,-0.6510665820073362
UBFC_PHYS_s10_T2_ctrl,12,175,125.83333333333333,0.4874892830848694,-0.8748013595412935
UBFC_PHYS_s10_T2_ctrl,12,176,125.86666666666666,0.28631913661956787,-0.9997632510041254
UBFC_PHYS_s10_T2_ctrl,12,177,125.9,0.10157503187656403,-1.0278338927344124
UBFC_PHYS_s10_T2_ctrl,12,178,125.93333333333334,-0.020905500277876854,-0.980981467423264
UBFC_PHYS_s10_T2_ctrl,12,179,125.96666666666667,-0.12332547456026077,-0.8917031966624239
UBFC_PHYS_s10_T2_ctrl,12,180,126.0,-0.2837040424346924,-0.7893204318436834
UBFC_PHYS_s10_T2_ctrl,12,181,126.03333333333333,-0.527677059173584,-0.6859203861068877
UBFC_PHYS_s10_T2_ctrl,12,182,126.06666666666666,-0.7390803694725037,-0.5694899992937423
UBFC_PHYS_s10_T2_ctrl,12,183,126.1,-0.7393803000450134,-0.413755503643894
UBFC_PHYS_s10_T2_ctrl,12,184,126.13333333333334,-0.5012648701667786,-0.20021785589004598
UBFC_PHYS_s10_T2_ctrl,12,185,126.16666666666667,-0.18666531145572662,0.06517430313307376
UBFC_PHYS_s10_T2_ctrl,12,186,126.2,0.07325736433267593,0.3498253072245432
UBFC_PHYS_s10_T2_ctrl,12,187,126.23333333333333,0.28150248527526855,0.6052850344842744
UBFC_PHYS_s10_T2_ctrl,12,188,126.26666666666667,0.43900519609451294,0.7852581435431745
UBFC_PHYS_s10_T2_ctrl,12,189,126.3,0.49304693937301636,0.8621379314169283
UBFC_PHYS_s10_T2_ctrl,12,190,126.33333333333333,0.44664478302001953,0.8355048803182672
UBFC_PHYS_s10_T2_ctrl,12,191,126.36666666666666,0.37834715843200684,0.7294934410653083
UBFC_PHYS_s10_T2_ctrl,12,192,126.4,0.35050585865974426,0.5815596401924552
UBFC_PHYS_s10_T2_ctrl,12,193,126.43333333333334,0.3522348999977112,0.43010609318314424
UBFC_PHYS_s10_T2_ctrl,12,194,126.46666666666667,0.3367440104484558,0.3052857476458588
UBFC_PHYS_s10_T2_ctrl,12,195,126.5,0.28847163915634155,0.223363458279442
UBFC_PHYS_s10_T2_ctrl,12,196,126.53333333333333,0.22619041800498962,0.1854286285808947
UBFC_PHYS_s10_T2_ctrl,12,197,126.56666666666666,0.15521098673343658,0.18167305545099846
UBFC_PHYS_s10_T2_ctrl,12,198,126.6,0.05102666839957237,0.1985795375634359
UBFC_PHYS_s10_T2_ctrl,12,199,126.63333333333334,-0.10015968233346939,0.22314509368022986
UBFC_PHYS_s10_T2_ctrl,12,200,126.66666666666667,-0.27144187688827515,0.2433248057065107
UBFC_PHYS_s10_T2_ctrl,12,201,126.7,-0.43079712986946106,0.24899906190206078
UBFC_PHYS_s10_T2_ctrl,12,202,126.73333333333333,-0.5834655165672302,0.2337761343153345
UBFC_PHYS_s10_T2_ctrl,12,203,126.76666666666667,-0.7550123929977417,0.1938134771690695
UBFC_PHYS_s10_T2_ctrl,12,204,126.8,-0.9345340132713318,0.12446634756514034
UBFC_PHYS_s10_T2_ctrl,12,205,126.83333333333333,-1.0423705577850342,0.020007627505563223
UBFC_PHYS_s10_T2_ctrl,12,206,126.86666666666666,-0.9703854322433472,-0.12256251895146056
UBFC_PHYS_s10_T2_ctrl,12,207,126.9,-0.6856561303138733,-0.2991405072330168
UBFC_PHYS_s10_T2_ctrl,12,208,126.93333333333334,-0.2944841682910919,-0.49604196616503127
UBFC_PHYS_s10_T2_ctrl,12,209,126.96666666666667,0.06348291784524918,-0.6902432763819704
UBFC_PHYS_s10_T2_ctrl,12,210,127.0,0.3358441889286041,-0.8525651864835138
UBFC_PHYS_s10_T2_ctrl,12,211,127.03333333333333,0.5079732537269592,-0.9533571340746577
UBFC_PHYS_s10_T2_ctrl,12,212,127.06666666666666,0.5655084252357483,-0.9692933763051319
UBFC_PHYS_s10_T2_ctrl,12,213,127.1,0.5603742003440857,-0.8891330342897699
UBFC_PHYS_s10_T2_ctrl,12,214,127.13333333333334,0.5895211100578308,-0.7169705033505093
UBFC_PHYS_s10_T2_ctrl,12,215,127.16666666666667,0.6597771644592285,-0.472380924545613
UBFC_PHYS_s10_T2_ctrl,12,216,127.2,0.6915352940559387,-0.18701003038783673
UBFC_PHYS_s10_T2_ctrl,12,217,127.23333333333333,0.6467033624649048,0.10255889187631617
UBFC_PHYS_s10_T2_ctrl,12,218,127.26666666666667,0.5678550004959106,0.3631787413944427
UBFC_PHYS_s10_T2_ctrl,12,219,127.3,0.486907035112381,0.5700977489692538
UBFC_PHYS_s10_T2_ctrl,12,220,127.33333333333333,0.3801291286945343,0.7075899074026434
UBFC_PHYS_s10_T2_ctrl,12,221,127.36666666666666,0.2299308180809021,0.7681589286056364
UBFC_PHYS_s10_T2_ctrl,12,222,127.4,0.07008154690265656,0.7519355198622324
UBFC_PHYS_s10_T2_ctrl,12,223,127.43333333333334,-0.04657665640115738,0.666128799624009
UBFC_PHYS_s10_T2_ctrl,12,224,127.46666666666667,-0.12408414483070374,0.5242145799398884
UBFC_PHYS_s10_T2_ctrl,12,225,127.5,-0.2598854601383209,0.34450252601943515
UBFC_PHYS_s10_T2_ctrl,12,226,127.53333333333333,-0.5409625768661499,0.14822220147615695
UBFC_PHYS_s10_T2_ctrl,12,227,127.56666666666666,-0.8684771060943604,-0.04222226567095429
UBFC_PHYS_s10_T2_ctrl,12,228,127.6,-1.0407650470733643,-0.20497513145452337
UBFC_PHYS_s10_T2_ctrl,12,229,127.63333333333334,-0.9459846019744873,-0.32125732510818106
UBFC_PHYS_s10_T2_ctrl,12,230,127.66666666666667,-0.6406301856040955,-0.3782919630092492
UBFC_PHYS_s10_T2_ctrl,12,231,127.7,-0.2873562276363373,-0.37101096635809255
UBFC_PHYS_s10_T2_ctrl,12,232,127.73333333333333,-0.02905675396323204,-0.3022548320536475
UBFC_PHYS_s10_T2_ctrl,12,233,127.76666666666667,0.1222178190946579,-0.1825249199343651
UBFC_PHYS_s10_T2_ctrl,12,234,127.8,0.23194216191768646,-0.02950019402004759
UBFC_PHYS_s10_T2_ctrl,12,235,127.83333333333333,0.3127313256263733,0.13338027574786948
UBFC_PHYS_s10_T2_ctrl,12,236,127.86666666666666,0.35975101590156555,0.2795532354140212
UBFC_PHYS_s10_T2_ctrl,12,237,127.9,0.39814305305480957,0.3829083400340741
UBFC_PHYS_s10_T2_ctrl,12,238,127.93333333333334,0.4437865614891052,0.42195895239613174
UBFC_PHYS_s10_T2_ctrl,12,239,127.96666666666667,0.4811199903488159,0.38414543019007297
UBFC_PHYS_s10_T2_ctrl,12,240,128.0,0.4827255606651306,0.26936387850875476
UBFC_PHYS_s10_T2_ctrl,12,241,128.03333333333333,0.4337827265262604,0.09146189852259266
UBFC_PHYS_s10_T2_ctrl,12,242,128.06666666666666,0.35675162076950073,-0.12306504977280686
UBFC_PHYS_s10_T2_ctrl,12,243,128.1,0.26126551628112793,-0.3392781807732707
UBFC_PHYS_s10_T2_ctrl,12,244,128.13333333333333,0.1263287365436554,-0.5201699722736457
UBFC_PHYS_s10_T2_ctrl,12,245,128.16666666666666,-0.030521156266331673,-0.6336938844275576
UBFC_PHYS_s10_T2_ctrl,12,246,128.2,-0.1590004414319992,-0.6588503608034368
UBFC_PHYS_s10_T2_ctrl,12,247,128.23333333333332,-0.26927173137664795,-0.5893423521981396
UBFC_PHYS_s10_T2_ctrl,12,248,128.26666666666668,-0.4267215132713318,-0.4343058208252554
UBFC_PHYS_s10_T2_ctrl,12,249,128.3,-0.6436295509338379,-0.216604367712764
UBFC_PHYS_s10_T2_ctrl,12,250,128.33333333333334,-0.8265916705131531,0.030885007876029193
UBFC_PHYS_s10_T2_ctrl,12,251,128.36666666666667,-0.8313377499580383,0.27069054224527994
UBFC_PHYS_s10_T2_ctrl,12,252,128.4,-0.5997503995895386,0.4673314116641202
UBFC_PHYS_s10_T2_ctrl,12,253,128.43333333333334,-0.24296541512012482,0.5942228794169944
UBFC_PHYS_s10_T2_ctrl,12,254,128.46666666666667,0.08105574548244476,0.6389264188930074
UBFC_PHYS_s10_T2_ctrl,12,255,128.5,0.31705397367477417,0.603969940535438
UBFC_PHYS_s10_T2_ctrl,12,256,128.53333333333333,0.46778157353401184,0.5034513945301071
UBFC_PHYS_s10_T2_ctrl,12,257,128.56666666666666,0.5193356275558472,0.35852786459028013
UBFC_PHYS_s10_T2_ctrl,12,258,128.6,0.4964344799518585,0.1934053956600063
UBFC_PHYS_s10_T2_ctrl,12,259,128.63333333333333,0.48456045985221863,0.0316490067615206
UBFC_PHYS_s10_T2_ctrl,12,260,128.66666666666666,0.5281572937965393,-0.10691841958095408
UBFC_PHYS_s10_T2_ctrl,12,261,128.7,0.5848279595375061,-0.20792893846369037
UBFC_PHYS_s10_T2_ctrl,12,262,128.73333333333332,0.6043239235877991,-0.26293100689319704
UBFC_PHYS_s10_T2_ctrl,12,263,128.76666666666668,0.5761473774909973,-0.2695612654008636
UBFC_PHYS_s10_T2_ctrl,12,264,128.8,0.5028919577598572,-0.23186877923507712
UBFC_PHYS_s10_T2_ctrl,12,265,128.83333333333334,0.3908916115760803,-0.16056834381648077
UBFC_PHYS_s10_T2_ctrl,12,266,128.86666666666667,0.27077528834342957,-0.07215946506768844
UBFC_PHYS_s10_T2_ctrl,12,267,128.9,0.16794952750205994,0.014655934713663632
UBFC_PHYS_s10_T2_ctrl,12,268,128.93333333333334,0.06754089891910553,0.08408403217867456
UBFC_PHYS_s10_T2_ctrl,12,269,128.96666666666667,-0.06942486763000488,0.12618279658823148
UBFC_PHYS_s10_T2_ctrl,12,270,129.0,-0.258032888174057,0.13646760675034156
UBFC_PHYS_s10_T2_ctrl,12,271,129.03333333333333,-0.4478406608104706,0.11378457517790666
UBFC_PHYS_s10_T2_ctrl,12,272,129.06666666666666,-0.5472965240478516,0.05841076516489114
UBFC_PHYS_s10_T2_ctrl,12,273,129.1,-0.5384042859077454,-0.02783599213402068
UBFC_PHYS_s10_T2_ctrl,12,274,129.13333333333333,-0.48812055587768555,-0.1396106904849535
UBFC_PHYS_s10_T2_ctrl,12,275,129.16666666666666,-0.42767423391342163,-0.26618785494607566
UBFC_PHYS_s10_T2_ctrl,12,276,129.2,-0.3287476599216461,-0.3912466346720681
UBFC_PHYS_s10_T2_ctrl,12,277,129.23333333333332,-0.2036735564470291,-0.49490288612295197
UBFC_PHYS_s10_T2_ctrl,12,278,129.26666666666668,-0.10472932457923889,-0.5578061517461358
UBFC_PHYS_s10_T2_ctrl,12,279,129.3,-0.024504754692316055,-0.5663000028856787
UBFC_PHYS_s10_T2_ctrl,12,280,129.33333333333334,0.07966192066669464,-0.5165830219770607
UBFC_PHYS_s10_T2_ctrl,12,281,129.36666666666667,0.21699820458889008,-0.415177163180148
UBFC_PHYS_s10_T2_ctrl,12,282,129.4,0.3893566429615021,-0.2756540094584948
UBFC_PHYS_s10_T2_ctrl,12,283,129.43333333333334,0.5974606275558472,-0.11421020122812739
UBFC_PHYS_s10_T2_ctrl,12,284,129.46666666666667,0.8188677430152893,0.05388972334475135
UBFC_PHYS_s10_T2_ctrl,12,285,129.5,1.0154682397842407,0.21600448210259773
UBFC_PHYS_s10_T2_ctrl,12,286,129.53333333333333,1.1247867345809937,0.36175124725959384
UBFC_PHYS_s10_T2_ctrl,12,287,129.56666666666666,1.0993449687957764,0.48119388402157814
UBFC_PHYS_s10_T2_ctrl,12,288,129.6,0.9611088633537292,0.5635298403824097
UBFC_PHYS_s10_T2_ctrl,12,289,129.63333333333333,0.7517345547676086,0.5990215266996259
UBFC_PHYS_s10_T2_ctrl,12,290,129.66666666666666,0.45079097151756287,0.5833413876503731
UBFC_PHYS_s10_T2_ctrl,12,291,129.7,0.07050499320030212,0.5201086370676222
UBFC_PHYS_s10_T2_ctrl,12,292,129.73333333333332,-0.2341437190771103,0.42022690024607223
UBFC_PHYS_s10_T2_ctrl,12,293,129.76666666666668,-0.30477026104927063,0.2997919282470291
UBFC_PHYS_s10_T2_ctrl,12,294,129.8,-0.2155299186706543,0.17751493865202808
UBFC_PHYS_s10_T2_ctrl,12,295,129.83333333333334,-0.14679120481014252,0.07156593813549898
UBFC_PHYS_s10_T2_ctrl,12,296,129.86666666666667,-0.12613077461719513,-0.0040135555795199045
UBFC_PHYS_s10_T2_ctrl,12,297,129.9,-0.09776017814874649,-0.042832551050180384
UBFC_PHYS_s10_T2_ctrl,12,298,129.93333333333334,-0.07041289657354355,-0.04827525575365321
UBFC_PHYS_s10_T2_ctrl,12,299,129.96666666666667,-0.062138140201568604,-0.032328444179983686
UBFC_PHYS_s10_T2_ctrl,13,0,130.0,-0.06086781620979309,0.01396925546293015
UBFC_PHYS_s10_T2_ctrl,13,1,130.03333333333333,-0.057709645479917526,0.04002125065454584
UBFC_PHYS_s10_T2_ctrl,13,2,130.06666666666666,-0.03521430119872093,0.05039048887410415
UBFC_PHYS_s10_T2_ctrl,13,3,130.1,0.005083238705992699,0.03492617397354132
UBFC_PHYS_s10_T2_ctrl,13,4,130.13333333333333,0.009723454713821411,-0.008636350719970449
UBFC_PHYS_s10_T2_ctrl,13,5,130.16666666666666,-0.060779597610235214,-0.07339662209003056
UBFC_PHYS_s10_T2_ctrl,13,6,130.2,-0.19276992976665497,-0.14455228412955531
UBFC_PHYS_s10_T2_ctrl,13,7,130.23333333333332,-0.3562361001968384,-0.20417346922322205
UBFC_PHYS_s10_T2_ctrl,13,8,130.26666666666668,-0.5307999849319458,-0.23788932686548844
UBFC_PHYS_s10_T2_ctrl,13,9,130.3,-0.7237659096717834,-0.23960760217487292
UBFC_PHYS_s10_T2_ctrl,13,10,130.33333333333334,-0.9335107207298279,-0.21260480343173815
UBFC_PHYS_s10_T2_ctrl,13,11,130.36666666666667,-1.0670183897018433,-0.16785308134543467
UBFC_PHYS_s10_T2_ctrl,13,12,130.4,-1.002073049545288,-0.12060539353293998
UBFC_PHYS_s10_T2_ctrl,13,13,130.43333333333334,-0.7637811303138733,-0.08616169316554256
UBFC_PHYS_s10_T2_ctrl,13,14,130.46666666666667,-0.5308705568313599,-0.07580611922369816
UBFC_PHYS_s10_T2_ctrl,13,15,130.5,-0.41444170475006104,-0.09385704629446885
UBFC_PHYS_s10_T2_ctrl,13,16,130.53333333333333,-0.34939044713974,-0.13619452364769236
UBFC_PHYS_s10_T2_ctrl,13,17,130.56666666666666,-0.26129692792892456,-0.19008101610366088
UBFC_PHYS_s10_T2_ctrl,13,18,130.6,-0.1575184017419815,-0.23590836976488377
UBFC_PHYS_s10_T2_ctrl,13,19,130.63333333333333,-0.016988663002848625,-0.25212522355956607
UBFC_PHYS_s10_T2_ctrl,13,20,130.66666666666666,0.18799243867397308,-0.22226938869028573
UBFC_PHYS_s10_T2_ctrl,13,21,130.7,0.3789823055267334,-0.140812341241863
UBFC_PHYS_s10_T2_ctrl,13,22,130.73333333333332,0.4420222043991089,-0.015446832882100407
UBFC_PHYS_s10_T2_ctrl,13,23,130.76666666666668,0.3842577040195465,0.13513620521227102
UBFC_PHYS_s10_T2_ctrl,13,24,130.8,0.3023393452167511,0.28671297885365915
UBFC_PHYS_s10_T2_ctrl,13,25,130.83333333333334,0.21948592364788055,0.4150548914129688
UBFC_PHYS_s10_T2_ctrl,13,26,130.86666666666667,0.08370225876569748,0.4998775138506381
UBFC_PHYS_s10_T2_ctrl,13,27,130.9,-0.11506836116313934,0.5273808660837347
UBFC_PHYS_s10_T2_ctrl,13,28,130.93333333333334,-0.3290652334690094,0.49145342640038875
UBFC_PHYS_s10_T2_ctrl,13,29,130.96666666666667,-0.4892144501209259,0.3933776394138556
UBFC_PHYS_s10_T2_ctrl,13,30,131.0,-0.48139843344688416,0.24069386963225248
UBFC_PHYS_s10_T2_ctrl,13,31,131.03333333333333,-0.21837051212787628,0.046505987888417345
UBFC_PHYS_s10_T2_ctrl,13,32,131.06666666666666,0.16260357201099396,-0.17066196944983525
UBFC_PHYS_s10_T2_ctrl,13,33,131.1,0.42974239587783813,-0.38753045522557267
UBFC_PHYS_s10_T2_ctrl,13,34,131.13333333333333,0.49952206015586853,-0.5776653176272973
UBFC_PHYS_s10_T2_ctrl,13,35,131.16666666666666,0.44937950372695923,-0.7136245567762727
UBFC_PHYS_s10_T2_ctrl,13,36,131.2,0.376600444316864,-0.7699834933749377
UBFC_PHYS_s10_T2_ctrl,13,37,131.23333333333332,0.3535228669643402,-0.7281021474976739
UBFC_PHYS_s10_T2_ctrl,13,38,131.26666666666668,0.4099641442298889,-0.5820099739667504
UBFC_PHYS_s10_T2_ctrl,13,39,131.3,0.4859013557434082,-0.34327263950015297
UBFC_PHYS_s10_T2_ctrl,13,40,131.33333333333334,0.4920765459537506,-0.04233307151267067
UBFC_PHYS_s10_T2_ctrl,13,41,131.36666666666667,0.40486520528793335,0.2759775300578479
UBFC_PHYS_s10_T2_ctrl,13,42,131.4,0.27428632974624634,0.5618092977317007
UBFC_PHYS_s10_T2_ctrl,13,43,131.43333333333334,0.1663086861371994,0.7704523009713579
UBFC_PHYS_s10_T2_ctrl,13,44,131.46666666666667,0.0986815094947815,0.8706227236903157
UBFC_PHYS_s10_T2_ctrl,13,45,131.5,0.02937820926308632,0.8500393223612105
UBFC_PHYS_s10_T2_ctrl,13,46,131.53333333333333,-0.09334933012723923,0.7174040153022283
UBFC_PHYS_s10_T2_ctrl,13,47,131.56666666666666,-0.282574862241745,0.4998799609118169
UBFC_PHYS_s10_T2_ctrl,13,48,131.6,-0.4947897791862488,0.23680495851583022
UBFC_PHYS_s10_T2_ctrl,13,49,131.63333333333333,-0.5940163135528564,-0.028095942321553272
UBFC_PHYS_s10_T2_ctrl,13,50,131.66666666666666,-0.44619983434677124,-0.25405152667587394
UBFC_PHYS_s10_T2_ctrl,13,51,131.7,-0.09760139137506485,-0.40878303137730676
UBFC_PHYS_s10_T2_ctrl,13,52,131.73333333333332,0.265129417181015,-0.4719116343030323
UBFC_PHYS_s10_T2_ctrl,13,53,131.76666666666668,0.5320212244987488,-0.43679377928285995
UBFC_PHYS_s10_T2_ctrl,13,54,131.8,0.6950815916061401,-0.31105514726615796
UBFC_PHYS_s10_T2_ctrl,13,55,131.83333333333334,0.7229405045509338,-0.11564302987588539
UBFC_PHYS_s10_T2_ctrl,13,56,131.86666666666667,0.5994014143943787,0.11776908841499974
UBFC_PHYS_s10_T2_ctrl,13,57,131.9,0.4017423093318939,0.35107938041932063
UBFC_PHYS_s10_T2_ctrl,13,58,131.93333333333334,0.2444337010383606,0.5455201266137777
UBFC_PHYS_s10_T2_ctrl,13,59,131.96666666666667,0.1845696121454239,0.6682406312989008
UBFC_PHYS_s10_T2_ctrl,13,60,132.0,0.19504980742931366,0.6982593821640768
UBFC_PHYS_s10_T2_ctrl,13,61,132.03333333333333,0.2030951976776123,0.6297029059284895
UBFC_PHYS_s10_T2_ctrl,13,62,132.06666666666666,0.15930426120758057,0.4715757052745324
UBFC_PHYS_s10_T2_ctrl,13,63,132.1,0.06383578479290009,0.2447371216387646
UBFC_PHYS_s10_T2_ctrl,13,64,132.13333333333333,-0.05246955528855324,-0.02265586619995511
UBFC_PHYS_s10_T2_ctrl,13,65,132.16666666666666,-0.15508361160755157,-0.29966158445502317
UBFC_PHYS_s10_T2_ctrl,13,66,132.2,-0.2539043426513672,-0.5563687082369222
UBFC_PHYS_s10_T2_ctrl,13,67,132.23333333333332,-0.4113188087940216,-0.7672895448912923
UBFC_PHYS_s10_T2_ctrl,13,68,132.26666666666668,-0.6334493160247803,-0.9141446402285007
UBFC_PHYS_s10_T2_ctrl,13,69,132.3,-0.7849003076553345,-0.9873039106671455
UBFC_PHYS_s10_T2_ctrl,13,70,132.33333333333334,-0.7392567992210388,-0.9861222047644074
UBFC_PHYS_s10_T2_ctrl,13,71,132.36666666666667,-0.5301647782325745,-0.919244380359185
UBFC_PHYS_s10_T2_ctrl,13,72,132.4,-0.2860329747200012,-0.8044814282660719
UBFC_PHYS_s10_T2_ctrl,13,73,132.43333333333334,-0.09259065985679626,-0.6665007102184194
UBFC_PHYS_s10_T2_ctrl,13,74,132.46666666666667,0.020750584080815315,-0.5314177282891382
UBFC_PHYS_s10_T2_ctrl,13,75,132.5,0.04419867321848869,-0.4186320101528569
UBFC_PHYS_s10_T2_ctrl,13,76,132.53333333333333,0.022761931642889977,-0.3328563405204756
UBFC_PHYS_s10_T2_ctrl,13,77,132.56666666666666,0.04901532083749771,-0.2613294575464994
UBFC_PHYS_s10_T2_ctrl,13,78,132.6,0.14428971707820892,-0.17795167544566062
UBFC_PHYS_s10_T2_ctrl,13,79,132.63333333333333,0.2558313310146332,-0.05240291331928365
UBFC_PHYS_s10_T2_ctrl,13,80,132.66666666666666,0.34431302547454834,0.1385637688166521
UBFC_PHYS_s10_T2_ctrl,13,81,132.7,0.39036232233047485,0.40085625725783286
UBFC_PHYS_s10_T2_ctrl,13,82,132.73333333333332,0.3655027449131012,0.7172290572624246
UBFC_PHYS_s10_T2_ctrl,13,83,132.76666666666668,0.25341418385505676,1.0489582219633344
UBFC_PHYS_s10_T2_ctrl,13,84,132.8,0.08929522335529327,1.3444236063990729
UBFC_PHYS_s10_T2_ctrl,13,85,132.83333333333334,-0.07904052734375,1.5505210238050138
UBFC_PHYS_s10_T2_ctrl,13,86,132.86666666666667,-0.2500404119491577,1.623825664291414
UBFC_PHYS_s10_T2_ctrl,13,87,132.9,-0.4372546076774597,1.5398909543178443
UBFC_PHYS_s10_T2_ctrl,13,88,132.93333333333334,-0.5832008719444275,1.2988330220539923
UBFC_PHYS_s10_T2_ctrl,13,89,132.96666666666667,-0.5772550702095032,0.9252774672920844
UBFC_PHYS_s10_T2_ctrl,13,90,133.0,-0.3797723948955536,0.463062527310832
UBFC_PHYS_s10_T2_ctrl,13,91,133.03333333333333,-0.08574502170085907,-0.03271683950733639
UBFC_PHYS_s10_T2_ctrl,13,92,133.06666666666666,0.16325637698173523,-0.504406651631535
UBFC_PHYS_s10_T2_ctrl,13,93,133.1,0.31451329588890076,-0.9002401441189407
UBFC_PHYS_s10_T2_ctrl,13,94,133.13333333333333,0.3679022490978241,-1.1811419077705012
UBFC_PHYS_s10_T2_ctrl,13,95,133.16666666666666,0.3178479075431824,-1.3241760663588156
UBFC_PHYS_s10_T2_ctrl,13,96,133.2,0.21659240126609802,-1.322785789503902
UBFC_PHYS_s10_T2_ctrl,13,97,133.23333333333332,0.1661851853132248,-1.1856461462103325
UBFC_PHYS_s10_T2_ctrl,13,98,133.26666666666668,0.16989029943943024,-0.9351853141781938
UBFC_PHYS_s10_T2_ctrl,13,99,133.3,0.14503073692321777,-0.605780677195919
UBFC_PHYS_s10_T2_ctrl,13,100,133.33333333333334,0.08627820014953613,-0.24110249167804437
UBFC_PHYS_s10_T2_ctrl,13,101,133.36666666666667,0.017186615616083145,0.11021337873007253
UBFC_PHYS_s10_T2_ctrl,13,102,133.4,-0.099824458360672,0.40078656717169997
UBFC_PHYS_s10_T2_ctrl,13,103,133.43333333333334,-0.2820102870464325,0.5919832485741371
UBFC_PHYS_s10_T2_ctrl,13,104,133.46666666666667,-0.4782402515411377,0.6611611425490334
UBFC_PHYS_s10_T2_ctrl,13,105,133.5,-0.647334635257721,0.6064177977789678
UBFC_PHYS_s10_T2_ctrl,13,106,133.53333333333333,-0.8108184933662415,0.44714983208209125
UBFC_PHYS_s10_T2_ctrl,13,107,133.56666666666666,-1.036636471748352,0.21962203285118592
UBFC_PHYS_s10_T2_ctrl,13,108,133.6,-1.3542706966400146,-0.03121758960546769
UBFC_PHYS_s10_T2_ctrl,13,109,133.63333333333333,-1.6553378105163574,-0.26059951587146707
UBFC_PHYS_s10_T2_ctrl,13,110,133.66666666666666,-1.7634565830230713,-0.4314761685293461
UBFC_PHYS_s10_T2_ctrl,13,111,133.7,-1.6491448879241943,-0.5200727142794036
UBFC_PHYS_s10_T2_ctrl,13,112,133.73333333333332,-1.450709581375122,-0.519038206714392
UBFC_PHYS_s10_T2_ctrl,13,113,133.76666666666668,-1.2779276371002197,-0.43793669224694204
UBFC_PHYS_s10_T2_ctrl,13,114,133.8,-1.1428673267364502,-0.3004412933375464
UBFC_PHYS_s10_T2_ctrl,13,115,133.83333333333334,-1.0614254474639893,-0.1374170083473982
UBFC_PHYS_s10_T2_ctrl,13,116,133.86666666666667,-1.0667890310287476,0.022223330252463792
UBFC_PHYS_s10_T2_ctrl,13,117,133.9,-1.0827915668487549,0.1585827332047566
UBFC_PHYS_s10_T2_ctrl,13,118,133.93333333333334,-0.8240863084793091,0.2635247417514546
UBFC_PHYS_s10_T2_ctrl,13,119,133.96666666666667,0.005418463610112667,0.33932449439291584
UBFC_PHYS_s10_T2_ctrl,13,120,134.0,1.2454500198364258,0.3941479349507133
UBFC_PHYS_s10_T2_ctrl,13,121,134.03333333333333,2.2628395557403564,0.43575698630365856
UBFC_PHYS_s10_T2_ctrl,13,122,134.06666666666666,2.6545937061309814,0.4663244853887853
UBFC_PHYS_s10_T2_ctrl,13,123,134.1,2.5688114166259766,0.48210388747632205
UBFC_PHYS_s10_T2_ctrl,13,124,134.13333333333333,2.483893632888794,0.47773054963092515
UBFC_PHYS_s10_T2_ctrl,13,125,134.16666666666666,2.837061643600464,0.45105188096394266
UBFC_PHYS_s10_T2_ctrl,13,126,134.2,3.5578126907348633,0.4053356292810285
UBFC_PHYS_s10_T2_ctrl,13,127,134.23333333333332,4.078433990478516,0.34744988614120625
UBFC_PHYS_s10_T2_ctrl,13,128,134.26666666666668,4.029561996459961,0.2832454994672204
UBFC_PHYS_s10_T2_ctrl,13,129,134.3,3.558659553527832,0.21369353138924405
UBFC_PHYS_s10_T2_ctrl,13,130,134.33333333333334,2.876406669616699,0.1333651998405246
UBFC_PHYS_s10_T2_ctrl,13,131,134.36666666666667,2.1258559226989746,0.030557962391536412
UBFC_PHYS_s10_T2_ctrl,13,132,134.4,1.5346077680587769,-0.10995791392359748
UBFC_PHYS_s10_T2_ctrl,13,133,134.43333333333334,1.2296062707901,-0.29925010861816326
UBFC_PHYS_s10_T2_ctrl,13,134,134.46666666666667,1.0523428916931152,-0.5344178249389576
UBFC_PHYS_s10_T2_ctrl,13,135,134.5,0.7809873223304749,-0.7941025572248833
UBFC_PHYS_s10_T2_ctrl,13,136,134.53333333333333,0.44939714670181274,-1.0417021089915077
UBFC_PHYS_s10_T2_ctrl,13,137,134.56666666666666,0.29288250207901,-1.2330815792888108
UBFC_PHYS_s10_T2_ctrl,13,138,134.6,0.413281112909317,-1.3258039818082483
UBFC_PHYS_s10_T2_ctrl,13,139,134.63333333333333,0.5784233808517456,-1.2877524426265792
UBFC_PHYS_s10_T2_ctrl,13,140,134.66666666666666,0.3069089949131012,-1.1040271868606282
UBFC_PHYS_s10_T2_ctrl,13,141,134.7,-0.5662455558776855,-0.7819623757399743
UBFC_PHYS_s10_T2_ctrl,13,142,134.73333333333332,-1.3725316524505615,-0.3535477255077665
UBFC_PHYS_s10_T2_ctrl,13,143,134.76666666666668,-1.3600753545761108,0.12604199227409613
UBFC_PHYS_s10_T2_ctrl,13,144,134.8,-0.9424206614494324,0.5859960410100179
UBFC_PHYS_s10_T2_ctrl,13,145,134.83333333333334,-1.0784512758255005,0.9557983824461259
UBFC_PHYS_s10_T2_ctrl,13,146,134.86666666666667,-1.8633358478546143,1.1846711009634647
UBFC_PHYS_s10_T2_ctrl,13,147,134.9,-2.549964427947998,1.253328085772052
UBFC_PHYS_s10_T2_ctrl,13,148,134.93333333333334,-2.6197264194488525,1.1741840241325603
UBFC_PHYS_s10_T2_ctrl,13,149,134.96666666666667,-2.3700015544891357,0.9842148144619287
UBFC_PHYS_s10_T2_ctrl,13,150,135.0,-2.3273398876190186,0.7341656359418995
UBFC_PHYS_s10_T2_ctrl,13,151,135.03333333333333,-2.4528021812438965,0.47644371439148625
UBFC_PHYS_s10_T2_ctrl,13,152,135.06666666666666,-2.421308755874634,0.25441626892151514
UBFC_PHYS_s10_T2_ctrl,13,153,135.1,-2.1751654148101807,0.09591203092567786
UBFC_PHYS_s10_T2_ctrl,13,154,135.13333333333333,-1.7192951440811157,0.01143267467583706
UBFC_PHYS_s10_T2_ctrl,13,155,135.16666666666666,-1.1221187114715576,-0.004580817676661023
UBFC_PHYS_s10_T2_ctrl,13,156,135.2,-0.6820569038391113,0.029701265198052343
UBFC_PHYS_s10_T2_ctrl,13,157,135.23333333333332,-0.5650811195373535,0.08924509425203608
UBFC_PHYS_s10_T2_ctrl,13,158,135.26666666666668,-0.5452322363853455,0.14880293228228406
UBFC_PHYS_s10_T2_ctrl,13,159,135.3,-0.39321666955947876,0.18772886579633136
UBFC_PHYS_s10_T2_ctrl,13,160,135.33333333333334,-0.1949577033519745,0.1921560378802728
UBFC_PHYS_s10_T2_ctrl,13,161,135.36666666666667,-0.11591524630784988,0.15570146390197687
UBFC_PHYS_s10_T2_ctrl,13,162,135.4,-0.15116676688194275,0.07934806464691567
UBFC_PHYS_s10_T2_ctrl,13,163,135.43333333333334,-0.16979821026325226,-0.029596126987652356
UBFC_PHYS_s10_T2_ctrl,13,164,135.46666666666667,-0.1263425052165985,-0.1594126050072579
UBFC_PHYS_s10_T2_ctrl,13,165,135.5,-0.11591524630784988,-0.2965178227056344
UBFC_PHYS_s10_T2_ctrl,13,166,135.53333333333333,-0.2024032324552536,-0.42780691010178695
UBFC_PHYS_s10_T2_ctrl,13,167,135.56666666666666,-0.323560506105423,-0.5415255553010404
UBFC_PHYS_s10_T2_ctrl,13,168,135.6,-0.4304795563220978,-0.6271127088818423
UBFC_PHYS_s10_T2_ctrl,13,169,135.63333333333333,-0.5340110659599304,-0.6759903168763127
UBFC_PHYS_s10_T2_ctrl,13,170,135.66666666666666,-0.6430120468139648,-0.6834178310777778
UBFC_PHYS_s10_T2_ctrl,13,171,135.7,-0.7612934112548828,-0.6496021222663007
UBFC_PHYS_s10_T2_ctrl,13,172,135.73333333333332,-0.9000940918922424,-0.5796377158276956
UBFC_PHYS_s10_T2_ctrl,13,173,135.76666666666668,-1.0230863094329834,-0.48332294991407004
UBFC_PHYS_s10_T2_ctrl,13,174,135.8,-1.0715174674987793,-0.37441082264644004
UBFC_PHYS_s10_T2_ctrl,13,175,135.83333333333334,-1.0373421907424927,-0.26751733465482797
UBFC_PHYS_s10_T2_ctrl,13,176,135.86666666666667,-0.8859617114067078,-0.17323347491064162
UBFC_PHYS_s10_T2_ctrl,13,177,135.9,-0.5512133836746216,-0.09428317975753157
UBFC_PHYS_s10_T2_ctrl,13,178,135.93333333333334,-0.11051636189222336,-0.024577668203786294
UBFC_PHYS_s10_T2_ctrl,13,179,135.96666666666667,0.21533972024917603,0.04839284436810998
UBFC_PHYS_s10_T2_ctrl,13,180,136.0,0.31281954050064087,0.13848003500398134
UBFC_PHYS_s10_T2_ctrl,13,181,136.03333333333333,0.2886480689048767,0.2547568041262901
UBFC_PHYS_s10_T2_ctrl,13,182,136.06666666666666,0.3238466680049896,0.39665824911778813
UBFC_PHYS_s10_T2_ctrl,13,183,136.1,0.4906121492385864,0.5528941014771596
UBFC_PHYS_s10_T2_ctrl,13,184,136.13333333333333,0.7278454303741455,0.7042059789772639
UBFC_PHYS_s10_T2_ctrl,13,185,136.16666666666666,0.8942580223083496,0.8276422847020167
UBFC_PHYS_s10_T2_ctrl,13,186,136.2,0.861176609992981,0.9008855145516274
UBFC_PHYS_s10_T2_ctrl,13,187,136.23333333333332,0.6379699110984802,0.9063067445957196
UBFC_PHYS_s10_T2_ctrl,13,188,136.26666666666668,0.414498507976532,0.834258076635349
UBFC_PHYS_s10_T2_ctrl,13,189,136.3,0.3405020534992218,0.6849181564904415
UBFC_PHYS_s10_T2_ctrl,13,190,136.33333333333334,0.29896947741508484,0.4689181072272201
UBFC_PHYS_s10_T2_ctrl,13,191,136.36666666666667,0.11364312469959259,0.20772146819298706
UBFC_PHYS_s10_T2_ctrl,13,192,136.4,-0.170062854886055,-0.0669104415713942
UBFC_PHYS_s10_T2_ctrl,13,193,136.43333333333334,-0.3343053460121155,-0.31649122156243636
UBFC_PHYS_s10_T2_ctrl,13,194,136.46666666666667,-0.23022687435150146,-0.502786383243792
UBFC_PHYS_s10_T2_ctrl,13,195,136.5,0.0759568065404892,-0.5965251918353027
UBFC_PHYS_s10_T2_ctrl,13,196,136.53333333333333,0.31749504804611206,-0.5852978310764281
UBFC_PHYS_s10_T2_ctrl,13,197,136.56666666666666,0.3160659372806549,-0.4776277286644336
UBFC_PHYS_s10_T2_ctrl,13,198,136.6,0.18853938579559326,-0.3021792067118348
UBFC_PHYS_s10_T2_ctrl,13,199,136.63333333333333,0.11625434458255768,-0.10316419901065912
UBFC_PHYS_s10_T2_ctrl,13,200,136.66666666666666,0.11186113953590393,0.067827438496983
UBFC_PHYS_s10_T2_ctrl,13,201,136.7,0.1577339917421341,0.1640500166308031
UBFC_PHYS_s10_T2_ctrl,13,202,136.73333333333332,0.2901477515697479,0.15676698067189565
UBFC_PHYS_s10_T2_ctrl,13,203,136.76666666666668,0.43616458773612976,0.04309594920979771
UBFC_PHYS_s10_T2_ctrl,13,204,136.8,0.4605477750301361,-0.15449530375363035
UBFC_PHYS_s10_T2_ctrl,13,205,136.83333333333334,0.3975961208343506,-0.39621757775118116
UBFC_PHYS_s10_T2_ctrl,13,206,136.86666666666667,0.35107043385505676,-0.6368132363829507
UBFC_PHYS_s10_T2_ctrl,13,207,136.9,0.2909064292907715,-0.8354786920379494
UBFC_PHYS_s10_T2_ctrl,13,208,136.93333333333334,0.14607170224189758,-0.9614655244529886
UBFC_PHYS_s10_T2_ctrl,13,209,136.96666666666667,-0.016212353482842445,-0.9966426999083169
UBFC_PHYS_s10_T2_ctrl,13,210,137.0,-0.07807014137506485,-0.9358571824304275
UBFC_PHYS_s10_T2_ctrl,13,211,137.03333333333333,-0.034155696630477905,-0.7851077194744124
UBFC_PHYS_s10_T2_ctrl,13,212,137.06666666666666,0.08186734467744827,-0.5584762859690733
UBFC_PHYS_s10_T2_ctrl,13,213,137.1,0.29450568556785583,-0.27548983562597645
UBFC_PHYS_s10_T2_ctrl,13,214,137.13333333333333,0.5527346134185791,0.04034643717216635
UBFC_PHYS_s10_T2_ctrl,13,215,137.16666666666666,0.7324679493904114,0.36215324667646553
UBFC_PHYS_s10_T2_ctrl,13,216,137.2,0.8717626929283142,0.6605407430410359
UBFC_PHYS_s10_T2_ctrl,13,217,137.23333333333332,1.1935254335403442,0.9062892225708499
UBFC_PHYS_s10_T2_ctrl,13,218,137.26666666666668,1.753580093383789,1.0748154459929233
UBFC_PHYS_s10_T2_ctrl,13,219,137.3,2.3016726970672607,1.1507053699942194
UBFC_PHYS_s10_T2_ctrl,13,220,137.33333333333334,2.679417848587036,1.1308011129113735
UBFC_PHYS_s10_T2_ctrl,13,221,137.36666666666667,2.9548492431640625,1.024823429510349
UBFC_PHYS_s10_T2_ctrl,13,222,137.4,3.1415164470672607,0.8532939763261244
UBFC_PHYS_s10_T2_ctrl,13,223,137.43333333333334,3.1593010425567627,0.6433510635412095
UBFC_PHYS_s10_T2_ctrl,13,224,137.46666666666667,3.03401517868042,0.423600253361413
UBFC_PHYS_s10_T2_ctrl,13,225,137.5,2.8232998847961426,0.21951009869551014
UBFC_PHYS_s10_T2_ctrl,13,226,137.53333333333333,2.4679088592529297,0.05017516751225737
UBFC_PHYS_s10_T2_ctrl,13,227,137.56666666666666,1.915846586227417,-0.0734782873853725
UBFC_PHYS_s10_T2_ctrl,13,228,137.6,1.128474235534668,-0.14936900039073983
UBFC_PHYS_s10_T2_ctrl,13,229,137.63333333333333,0.06535311788320541,-0.18436100844926143
UBFC_PHYS_s10_T2_ctrl,13,230,137.66666666666666,-1.0765105485916138,-0.19329143085677913
UBFC_PHYS_s10_T2_ctrl,13,231,137.7,-1.892624020576477,-0.1955534382362737
UBFC_PHYS_s10_T2_ctrl,13,232,137.73333333333332,-2.2423338890075684,-0.20932969697314532
UBFC_PHYS_s10_T2_ctrl,13,233,137.76666666666668,-2.3409957885742188,-0.24517592844724306
UBFC_PHYS_s10_T2_ctrl,13,234,137.8,-2.34411883354187,-0.3015359011024063
UBFC_PHYS_s10_T2_ctrl,13,235,137.83333333333334,-2.245915651321411,-0.3651169044511655
UBFC_PHYS_s10_T2_ctrl,13,236,137.86666666666667,-2.010164260864258,-0.41603603629969277
UBFC_PHYS_s10_T2_ctrl,13,237,137.9,-1.5439726114273071,-0.4346387585222128
UBFC_PHYS_s10_T2_ctrl,13,238,137.93333333333334,-0.9690974950790405,-0.4076446075393383
UBFC_PHYS_s10_T2_ctrl,13,239,137.96666666666667,-0.8059665560722351,-0.33245887576229977
UBFC_PHYS_s10_T2_ctrl,13,240,138.0,-1.347336769104004,-0.21869467497658882
UBFC_PHYS_s10_T2_ctrl,13,241,138.03333333333333,-2.1158483028411865,-0.08625119153462593
UBFC_PHYS_s10_T2_ctrl,13,242,138.06666666666666,-2.460441827774048,0.039406967234093995
UBFC_PHYS_s10_T2_ctrl,13,243,138.1,-2.290659189224243,0.13294759711808718
UBFC_PHYS_s10_T2_ctrl,13,244,138.13333333333333,-1.8843845129013062,0.17451186383010078
UBFC_PHYS_s10_T2_ctrl,13,245,138.16666666666666,-1.5195364952087402,0.15401569012544036
UBFC_PHYS_s10_T2_ctrl,13,246,138.2,-1.3503538370132446,0.07332475273530814
UBFC_PHYS_s10_T2_ctrl,13,247,138.23333333333332,-1.368085503578186,-0.05503551188357775
UBFC_PHYS_s10_T2_ctrl,13,248,138.26666666666668,-1.423750400543213,-0.21158845313827393
UBFC_PHYS_s10_T2_ctrl,13,249,138.3,-1.4049248695373535,-0.3728832322282328
UBFC_PHYS_s10_T2_ctrl,13,250,138.33333333333334,-1.3237829208374023,-0.5131740070551473
UBFC_PHYS_s10_T2_ctrl,13,251,138.36666666666667,-1.1786129474639893,-0.6068709637650161
UBFC_PHYS_s10_T2_ctrl,13,252,138.4,-0.932310938835144,-0.6322799345651342
UBFC_PHYS_s10_T2_ctrl,13,253,138.43333333333334,-0.6170409321784973,-0.575322995398436
UBFC_PHYS_s10_T2_ctrl,13,254,138.46666666666667,-0.3148975968360901,-0.4324744775694391
UBFC_PHYS_s10_T2_ctrl,13,255,138.5,-0.06404362618923187,-0.21277094151810008
UBFC_PHYS_s10_T2_ctrl,13,256,138.53333333333333,0.117312952876091,0.06171615064092107
UBFC_PHYS_s10_T2_ctrl,13,257,138.56666666666666,0.1978374570608139,0.35792814343570695
UBFC_PHYS_s10_T2_ctrl,13,258,138.6,0.16667920351028442,0.6365967748841628
UBFC_PHYS_s10_T2_ctrl,13,259,138.63333333333333,0.07385724037885666,0.8590335694491326
UBFC_PHYS_s10_T2_ctrl,13,260,138.66666666666666,0.026025962084531784,0.9944335839336725
UBFC_PHYS_s10_T2_ctrl,13,261,138.7,0.08913642913103104,1.0255939930244875
UBFC_PHYS_s10_T2_ctrl,13,262,138.73333333333332,0.18386387825012207,0.9516763120473137
UBFC_PHYS_s10_T2_ctrl,13,263,138.76666666666668,0.15277619659900665,0.7875521820212364
UBFC_PHYS_s10_T2_ctrl,13,264,138.8,-0.04493581876158714,0.5602287419737175
UBFC_PHYS_s10_T2_ctrl,13,265,138.83333333333334,-0.28811490535736084,0.3036768549700035
UBFC_PHYS_s10_T2_ctrl,13,266,138.86666666666667,-0.44369447231292725,0.053220997172497626
UBFC_PHYS_s10_T2_ctrl,13,267,138.9,-0.5008767247200012,-0.1596523847649294
UBFC_PHYS_s10_T2_ctrl,13,268,138.93333333333334,-0.5679569840431213,-0.3118068401344772
UBFC_PHYS_s10_T2_ctrl,13,269,138.96666666666667,-0.733328640460968,-0.3924686707280468
UBFC_PHYS_s10_T2_ctrl,13,270,139.0,-0.9368629455566406,-0.4054737270916753
UBFC_PHYS_s10_T2_ctrl,13,271,139.03333333333333,-0.9833356738090515,-0.36726673959266537
UBFC_PHYS_s10_T2_ctrl,13,272,139.06666666666666,-0.7558239698410034,-0.3009500025655455
UBFC_PHYS_s10_T2_ctrl,13,273,139.1,-0.3619349002838135,-0.22946294797550337
UBFC_PHYS_s10_T2_ctrl,13,274,139.13333333333333,-0.02778642810881138,-0.16994394523669187
UBFC_PHYS_s10_T2_ctrl,13,275,139.16666666666666,0.1407081037759781,-0.12995637616538946
UBFC_PHYS_s10_T2_ctrl,13,276,139.2,0.20436552166938782,-0.10656835275981628
UBFC_PHYS_s10_T2_ctrl,13,277,139.23333333333332,0.23201273381710052,-0.08943712943714348
UBFC_PHYS_s10_T2_ctrl,13,278,139.26666666666668,0.23453573882579803,-0.06673977630060537
UBFC_PHYS_s10_T2_ctrl,13,279,139.3,0.25295546650886536,-0.03069961300209926
UBFC_PHYS_s10_T2_ctrl,13,280,139.33333333333334,0.35207611322402954,0.019144432711151217
UBFC_PHYS_s10_T2_ctrl,13,281,139.36666666666667,0.5111314058303833,0.07505452067797475
UBFC_PHYS_s10_T2_ctrl,13,282,139.4,0.6181739568710327,0.1231339051019899
UBFC_PHYS_s10_T2_ctrl,13,283,139.43333333333334,0.5973371267318726,0.1491034666869357
UBFC_PHYS_s10_T2_ctrl,13,284,139.46666666666667,0.48597192764282227,0.1452961638033788
UBFC_PHYS_s10_T2_ctrl,13,285,139.5,0.34272512793540955,0.113557512404486
UBFC_PHYS_s10_T2_ctrl,13,286,139.53333333333333,0.15524627268314362,0.062497604114323556
UBFC_PHYS_s10_T2_ctrl,13,287,139.56666666666666,-0.09439028799533844,0.0016680313231832306
UBFC_PHYS_s10_T2_ctrl,13,288,139.6,-0.3609292507171631,-0.0638452216113184
UBFC_PHYS_s10_T2_ctrl,13,289,139.63333333333333,-0.5093279480934143,-0.13485927179641738
UBFC_PHYS_s10_T2_ctrl,13,290,139.66666666666666,-0.3761554956436157,-0.2149423580859957
UBFC_PHYS_s10_T2_ctrl,13,291,139.7,0.024667419493198395,-0.30511947898844977
UBFC_PHYS_s10_T2_ctrl,13,292,139.73333333333332,0.4444217085838318,-0.39929905267177807
UBFC_PHYS_s10_T2_ctrl,13,293,139.76666666666668,0.6624765992164612,-0.4830332761267585
UBFC_PHYS_s10_T2_ctrl,13,294,139.8,0.6917999386787415,-0.5365076344496992
UBFC_PHYS_s10_T2_ctrl,13,295,139.83333333333334,0.6437216401100159,-0.5407173989149426
UBFC_PHYS_s10_T2_ctrl,13,296,139.86666666666667,0.5856395363807678,-0.48443078114837423
UBFC_PHYS_s10_T2_ctrl,13,297,139.9,0.5586274862289429,-0.3686667592589905
UBFC_PHYS_s10_T2_ctrl,13,298,139.93333333333334,0.5784763097763062,-0.2069764794960129
UBFC_PHYS_s10_T2_ctrl,13,299,139.96666666666667,0.5935261249542236,-0.021716435338704192
UBFC_PHYS_s10_T2_ctrl,14,0,140.0,0.5269222855567932,-0.10177328470172256
UBFC_PHYS_s10_T2_ctrl,14,1,140.03333333333333,0.3807290196418762,-0.3149562849729027
UBFC_PHYS_s10_T2_ctrl,14,2,140.06666666666666,0.22241473197937012,-0.5064682190027365
UBFC_PHYS_s10_T2_ctrl,14,3,140.1,0.08484908193349838,-0.6574801441013565
UBFC_PHYS_s10_T2_ctrl,14,4,140.13333333333333,-0.03038000874221325,-0.752905936758918
UBFC_PHYS_s10_T2_ctrl,14,5,140.16666666666666,-0.14458578824996948,-0.784030749410587
UBFC_PHYS_s10_T2_ctrl,14,6,140.2,-0.3141918480396271,-0.7495882336574685
UBFC_PHYS_s10_T2_ctrl,14,7,140.23333333333332,-0.5406802892684937,-0.6545012937563942
UBFC_PHYS_s10_T2_ctrl,14,8,140.26666666666668,-0.6756346821784973,-0.5074208060965938
UBFC_PHYS_s10_T2_ctrl,14,9,140.3,-0.5569827556610107,-0.319807945745276
UBFC_PHYS_s10_T2_ctrl,14,10,140.33333333333334,-0.24206560850143433,-0.10652532547968313
UBFC_PHYS_s10_T2_ctrl,14,11,140.36666666666667,0.06210672855377197,0.11482669695101172
UBFC_PHYS_s10_T2_ctrl,14,12,140.4,0.2386113703250885,0.32610672735672064
UBFC_PHYS_s10_T2_ctrl,14,13,140.43333333333334,0.30641499161720276,0.5100454354660976
UBFC_PHYS_s10_T2_ctrl,14,14,140.46666666666667,0.282666951417923,0.650673753644406
UBFC_PHYS_s10_T2_ctrl,14,15,140.5,0.18261119723320007,0.7346946705910645
UBFC_PHYS_s10_T2_ctrl,14,16,140.53333333333333,0.08994802832603455,0.7541104705678413
UBFC_PHYS_s10_T2_ctrl,14,17,140.56666666666666,0.054114267230033875,0.7086401959720138
UBFC_PHYS_s10_T2_ctrl,14,18,140.6,0.03313625603914261,0.6066311459894104
UBFC_PHYS_s10_T2_ctrl,14,19,140.63333333333333,0.007500385399907827,0.4636469372716527
UBFC_PHYS_s10_T2_ctrl,14,20,140.66666666666666,-0.004497131332755089,0.2989793013917531
UBFC_PHYS_s10_T2_ctrl,14,21,140.7,-0.033185310661792755,0.1313792165735984
UBFC_PHYS_s10_T2_ctrl,14,22,140.73333333333332,-0.11579174548387527,-0.024441627987073992
UBFC_PHYS_s10_T2_ctrl,14,23,140.76666666666668,-0.2101663202047348,-0.15904088182318282
UBFC_PHYS_s10_T2_ctrl,14,24,140.8,-0.27073612809181213,-0.2673219257836131
UBFC_PHYS_s10_T2_ctrl,14,25,140.83333333333334,-0.3379575312137604,-0.34709727470946933
UBFC_PHYS_s10_T2_ctrl,14,26,140.86666666666667,-0.42816826701164246,-0.3980439977787136
UBFC_PHYS_s10_T2_ctrl,14,27,140.9,-0.40861937403678894,-0.4210043357393
UBFC_PHYS_s10_T2_ctrl,14,28,140.93333333333334,-0.12501923739910126,-0.4176695474073065
UBFC_PHYS_s10_T2_ctrl,14,29,140.96666666666667,0.3441718816757202,-0.3907957680812085
UBFC_PHYS_s10_T2_ctrl,14,30,141.0,0.7097961902618408,-0.34454281785570334
UBFC_PHYS_s10_T2_ctrl,14,31,141.03333333333333,0.7728537321090698,-0.28409014519571063
UBFC_PHYS_s10_T2_ctrl,14,32,141.06666666666666,0.6309478282928467,-0.21479840890194585
UBFC_PHYS_s10_T2_ctrl,14,33,141.1,0.5432777404785156,-0.142223197967495
UBFC_PHYS_s10_T2_ctrl,14,34,141.13333333333333,0.7066733241081238,-0.07272299184188888
UBFC_PHYS_s10_T2_ctrl,14,35,141.16666666666666,1.0081461668014526,-0.01291653548356728
UBFC_PHYS_s10_T2_ctrl,14,36,141.2,1.1724592447280884,0.03217880270334321
UBFC_PHYS_s10_T2_ctrl,14,37,141.23333333333332,1.2146975994110107,0.06084107007104432
UBFC_PHYS_s10_T2_ctrl,14,38,141.26666666666668,1.3575385808944702,0.07517263387101851
UBFC_PHYS_s10_T2_ctrl,14,39,141.3,1.5350842475891113,0.08020143882545347
UBFC_PHYS_s10_T2_ctrl,14,40,141.33333333333334,1.5151294469833374,0.0818765618776201
UBFC_PHYS_s10_T2_ctrl,14,41,141.36666666666667,1.28202486038208,0.08480280584435916
UBFC_PHYS_s10_T2_ctrl,14,42,141.4,0.9699482321739197,0.09065790947063257
UBFC_PHYS_s10_T2_ctrl,14,43,141.43333333333334,0.711895763874054,0.09813619850153478
UBFC_PHYS_s10_T2_ctrl,14,44,141.46666666666667,0.6016068458557129,0.10453848048248772
UBFC_PHYS_s10_T2_ctrl,14,45,141.5,0.6034064292907715,0.10836274557851835
UBFC_PHYS_s10_T2_ctrl,14,46,141.53333333333333,0.5853396058082581,0.1112456429342349
UBFC_PHYS_s10_T2_ctrl,14,47,141.56666666666666,0.4965226948261261,0.11701118442012338
UBFC_PHYS_s10_T2_ctrl,14,48,141.6,0.39015060663223267,0.1284144312134531
UBFC_PHYS_s10_T2_ctrl,14,49,141.63333333333333,0.33894941210746765,0.14485267208173258
UBFC_PHYS_s10_T2_ctrl,14,50,141.66666666666666,0.34581270813941956,0.16230445282205086
UBFC_PHYS_s10_T2_ctrl,14,51,141.7,0.3126078248023987,0.1744470963573761
UBFC_PHYS_s10_T2_ctrl,14,52,141.73333333333332,0.16172140836715698,0.17417874045220666
UBFC_PHYS_s10_T2_ctrl,14,53,141.76666666666668,-0.07129506766796112,0.1552505709539939
UBFC_PHYS_s10_T2_ctrl,14,54,141.8,-0.3157268166542053,0.11363107281037413
UBFC_PHYS_s10_T2_ctrl,14,55,141.83333333333334,-0.5164206027984619,0.04818654571017594
UBFC_PHYS_s10_T2_ctrl,14,56,141.86666666666667,-0.632302463054657,-0.03915271205341551
UBFC_PHYS_s10_T2_ctrl,14,57,141.9,-0.6888319253921509,-0.14307420363744508
UBFC_PHYS_s10_T2_ctrl,14,58,141.93333333333334,-0.7492782473564148,-0.2545016874833696
UBFC_PHYS_s10_T2_ctrl,14,59,141.96666666666667,-0.8193931579589844,-0.3609841885663956
UBFC_PHYS_s10_T2_ctrl,14,60,142.0,-0.8646132349967957,-0.44807541939495843
UBFC_PHYS_s10_T2_ctrl,14,61,142.03333333333333,-0.8940247893333435,-0.5012271400525995
UBFC_PHYS_s10_T2_ctrl,14,62,142.06666666666666,-0.9729084372520447,-0.5080281127767243
UBFC_PHYS_s10_T2_ctrl,14,63,142.1,-1.1361452341079712,-0.46090002931175394
UBFC_PHYS_s10_T2_ctrl,14,64,142.13333333333333,-1.3024872541427612,-0.3598557411483376
UBFC_PHYS_s10_T2_ctrl,14,65,142.16666666666666,-1.3079919815063477,-0.2144174433201214
UBFC_PHYS_s10_T2_ctrl,14,66,142.2,-1.0669654607772827,-0.04330120237286131
UBFC_PHYS_s10_T2_ctrl,14,67,142.23333333333332,-0.6887966394424438,0.12965639747941263
UBFC_PHYS_s10_T2_ctrl,14,68,142.26666666666668,-0.38704147934913635,0.28205142583277665
UBFC_PHYS_s10_T2_ctrl,14,69,142.3,-0.2645432949066162,0.39809110328053066
UBFC_PHYS_s10_T2_ctrl,14,70,142.33333333333334,-0.24788792431354523,0.47061123901434065
UBFC_PHYS_s10_T2_ctrl,14,71,142.36666666666667,-0.2351846694946289,0.5005537453650695
UBFC_PHYS_s10_T2_ctrl,14,72,142.4,-0.19319336116313934,0.49455307295635853
UBFC_PHYS_s10_T2_ctrl,14,73,142.43333333333334,-0.1261131316423416,0.4611298081833407
UBFC_PHYS_s10_T2_ctrl,14,74,142.46666666666667,-0.03662577643990517,0.4072775663419208
UBFC_PHYS_s10_T2_ctrl,14,75,142.5,0.05187355354428291,0.3381219663774972
UBFC_PHYS_s10_T2_ctrl,14,76,142.53333333333333,0.10866767913103104,0.25908533596097433
UBFC_PHYS_s10_T2_ctrl,14,77,142.56666666666666,0.14857706427574158,0.17694410351339743
UBFC_PHYS_s10_T2_ctrl,14,78,142.6,0.1813938021659851,0.09871588240114008
UBFC_PHYS_s10_T2_ctrl,14,79,142.63333333333333,0.18342278897762299,0.03015198496495653
UBFC_PHYS_s10_T2_ctrl,14,80,142.66666666666666,0.16496779024600983,-0.025293719393872215
UBFC_PHYS_s10_T2_ctrl,14,81,142.7,0.1531819999217987,-0.06727107394766983
UBFC_PHYS_s10_T2_ctrl,14,82,142.73333333333332,0.1058800220489502,-0.0989665532302411
UBFC_PHYS_s10_T2_ctrl,14,83,142.76666666666668,0.01083498913794756,-0.12662121730550063
UBFC_PHYS_s10_T2_ctrl,14,84,142.8,0.002754308981820941,-0.15790138747697208
UBFC_PHYS_s10_T2_ctrl,14,85,142.83333333333334,0.19002142548561096,-0.1992975690173644
UBFC_PHYS_s10_T2_ctrl,14,86,142.86666666666667,0.5149424076080322,-0.25338629508544935
UBFC_PHYS_s10_T2_ctrl,14,87,142.9,0.8518608808517456,-0.31730223412061703
UBFC_PHYS_s10_T2_ctrl,14,88,142.93333333333334,1.1144477128982544,-0.38296233959212955
UBFC_PHYS_s10_T2_ctrl,14,89,142.96666666666667,1.259600043296814,-0.43867790551331676
UBFC_PHYS_s10_T2_ctrl,14,90,143.0,1.3073784112930298,-0.4717091114566076
UBFC_PHYS_s10_T2_ctrl,14,91,143.03333333333333,1.3244571685791016,-0.47130547486605845
UBFC_PHYS_s10_T2_ctrl,14,92,143.06666666666666,1.3190759420394897,-0.4315278502518163
UBFC_PHYS_s10_T2_ctrl,14,93,143.1,1.2360813617706299,-0.3529833725555736
UBFC_PHYS_s10_T2_ctrl,14,94,143.13333333333333,1.065381407737732,-0.24295156049383265
UBFC_PHYS_s10_T2_ctrl,14,95,143.16666666666666,0.8435332179069519,-0.11381347314751175
UBFC_PHYS_s10_T2_ctrl,14,96,143.2,0.5726540088653564,0.019764006916572555
UBFC_PHYS_s10_T2_ctrl,14,97,143.23333333333332,0.21265791356563568,0.14396885663040274
UBFC_PHYS_s10_T2_ctrl,14,98,143.26666666666668,-0.25921499729156494,0.24845013280589429
UBFC_PHYS_s10_T2_ctrl,14,99,143.3,-0.7903521060943604,0.3277218940458983
UBFC_PHYS_s10_T2_ctrl,14,100,143.33333333333334,-1.2672357559204102,0.38121872458499517
UBFC_PHYS_s10_T2_ctrl,14,101,143.36666666666667,-1.6340597867965698,0.41236173937123416
UBFC_PHYS_s10_T2_ctrl,14,102,143.4,-1.9472479820251465,0.42687386763507496
UBFC_PHYS_s10_T2_ctrl,14,103,143.43333333333334,-2.247044801712036,0.43043546061174337
UBFC_PHYS_s10_T2_ctrl,14,104,143.46666666666667,-2.4498379230499268,0.4264818385413998
UBFC_PHYS_s10_T2_ctrl,14,105,143.5,-2.4260547161102295,0.4155085806526604
UBFC_PHYS_s10_T2_ctrl,14,106,143.53333333333333,-2.133650541305542,0.3960620388167491
UBFC_PHYS_s10_T2_ctrl,14,107,143.56666666666666,-1.7007871866226196,0.36637759074663817
UBFC_PHYS_s10_T2_ctrl,14,108,143.6,-1.2908602952957153,0.3256619122243024
UBFC_PHYS_s10_T2_ctrl,14,109,143.63333333333333,-0.9432498812675476,0.2742959442465935
UBFC_PHYS_s10_T2_ctrl,14,110,143.66666666666666,-0.5961687564849854,0.21295608671324592
UBFC_PHYS_s10_T2_ctrl,14,111,143.7,-0.24347707629203796,0.14136388333289532
UBFC_PHYS_s10_T2_ctrl,14,112,143.73333333333332,0.06757618486881256,0.05783601270054741
UBFC_PHYS_s10_T2_ctrl,14,113,143.76666666666668,0.3340621888637543,-0.03905427751848189
UBFC_PHYS_s10_T2_ctrl,14,114,143.8,0.5984309911727905,-0.14757835161952162
UBFC_PHYS_s10_T2_ctrl,14,115,143.83333333333334,0.9249575138092041,-0.2615706685647205
UBFC_PHYS_s10_T2_ctrl,14,116,143.86666666666667,1.3644195795059204,-0.3715268487911762
UBFC_PHYS_s10_T2_ctrl,14,117,143.9,1.84451425075531,-0.4665683882450148
UBFC_PHYS_s10_T2_ctrl,14,118,143.93333333333334,2.171534776687622,-0.5361754333316721
UBFC_PHYS_s10_T2_ctrl,14,119,143.96666666666667,2.2548117637634277,-0.5712750314412941
UBFC_PHYS_s10_T2_ctrl,14,120,144.0,2.2180428504943848,-0.5650092839530679
UBFC_PHYS_s10_T2_ctrl,14,121,144.03333333333333,2.1959004402160645,-0.5140889494863267
UBFC_PHYS_s10_T2_ctrl,14,122,144.06666666666666,2.149304151535034,-0.42110528660064744
UBFC_PHYS_s10_T2_ctrl,14,123,144.1,1.979009985923767,-0.2974465410471594
UBFC_PHYS_s10_T2_ctrl,14,124,144.13333333333333,1.6634929180145264,-0.1649915366320128
UBFC_PHYS_s10_T2_ctrl,14,125,144.16666666666666,1.277561068534851,-0.05372155178584677
UBFC_PHYS_s10_T2_ctrl,14,126,144.2,0.9417364001274109,0.00544661743354522
UBFC_PHYS_s10_T2_ctrl,14,127,144.23333333333332,0.715600848197937,-0.009194038204352101
UBFC_PHYS_s10_T2_ctrl,14,128,144.26666666666668,0.5765002369880676,-0.10033759438528163
UBFC_PHYS_s10_T2_ctrl,14,129,144.3,0.5295687913894653,-0.24645933390706978
UBFC_PHYS_s10_T2_ctrl,14,130,144.33333333333334,0.6066704988479614,-0.4041072440064746
UBFC_PHYS_s10_T2_ctrl,14,131,144.36666666666667,0.7706130146980286,-0.5185556940728013
UBFC_PHYS_s10_T2_ctrl,14,132,144.4,0.9444888234138489,-0.5396089836986034
UBFC_PHYS_s10_T2_ctrl,14,133,144.43333333333334,1.0847009420394897,-0.4358102902055526
UBFC_PHYS_s10_T2_ctrl,14,134,144.46666666666667,1.1974775791168213,-0.20318504422486916
UBFC_PHYS_s10_T2_ctrl,14,135,144.5,1.3399304151535034,0.13190594745370549
UBFC_PHYS_s10_T2_ctrl,14,136,144.53333333333333,1.5265448093414307,0.5168572708655207
UBFC_PHYS_s10_T2_ctrl,14,137,144.56666666666666,1.6149206161499023,0.8853351828724922
UBFC_PHYS_s10_T2_ctrl,14,138,144.6,1.4601879119873047,1.1748941486791393
UBFC_PHYS_s10_T2_ctrl,14,139,144.63333333333333,1.0857418775558472,1.3420453624512318
UBFC_PHYS_s10_T2_ctrl,14,140,144.66666666666666,0.5888506174087524,1.370023388822367
UBFC_PHYS_s10_T2_ctrl,14,141,144.7,0.04515141621232033,1.26822840249593
UBFC_PHYS_s10_T2_ctrl,14,142,144.73333333333332,-0.4131537079811096,1.0651843616141625
UBFC_PHYS_s10_T2_ctrl,14,143,144.76666666666668,-0.6735527515411377,0.7991548688001331
UBFC_PHYS_s10_T2_ctrl,14,144,144.8,-0.8576793670654297,0.5093137678580412
UBFC_PHYS_s10_T2_ctrl,14,145,144.83333333333334,-1.1750489473342896,0.2286405705602163
UBFC_PHYS_s10_T2_ctrl,14,146,144.86666666666667,-1.619133472442627,-0.02057533077782551
UBFC_PHYS_s10_T2_ctrl,14,147,144.9,-1.9442309141159058,-0.2279752562549521
UBFC_PHYS_s10_T2_ctrl,14,148,144.93333333333334,-1.8867133855819702,-0.39314328462418335
UBFC_PHYS_s10_T2_ctrl,14,149,144.96666666666667,-1.42900812625885,-0.5210434269368003
UBFC_PHYS_s10_T2_ctrl,14,150,145.0,-0.836030900478363,-0.6169426417598197
UBFC_PHYS_s10_T2_ctrl,14,151,145.03333333333333,-0.3932519555091858,-0.6838518184413672
UBFC_PHYS_s10_T2_ctrl,14,152,145.06666666666666,-0.16588138043880463,-0.7229719707056943
UBFC_PHYS_s10_T2_ctrl,14,153,145.1,-0.08145767450332642,-0.7350576920608203
UBFC_PHYS_s10_T2_ctrl,14,154,145.13333333333333,-0.08727999776601791,-0.72162764839627
UBFC_PHYS_s10_T2_ctrl,14,155,145.16666666666666,-0.22071708738803864,-0.6862456349780407
UBFC_PHYS_s10_T2_ctrl,14,156,145.2,-0.49500149488449097,-0.6353902403928731
UBFC_PHYS_s10_T2_ctrl,14,157,145.23333333333332,-0.8197989463806152,-0.5778087570599312
UBFC_PHYS_s10_T2_ctrl,14,158,145.26666666666668,-1.1344867944717407,-0.5223629027728252
UBFC_PHYS_s10_T2_ctrl,14,159,145.3,-1.4146640300750732,-0.47550893543463235
UBFC_PHYS_s10_T2_ctrl,14,160,145.33333333333334,-1.562674641609192,-0.4390781307685875
UBFC_PHYS_s10_T2_ctrl,14,161,145.36666666666667,-1.5584754943847656,-0.40845419248144205
UBFC_PHYS_s10_T2_ctrl,14,162,145.4,-1.5054394006729126,-0.3719323517440845
UBFC_PHYS_s10_T2_ctrl,14,163,145.43333333333334,-1.4192336797714233,-0.3125736557208494
UBFC_PHYS_s10_T2_ctrl,14,164,145.46666666666667,-1.2421292066574097,-0.21275861065555338
UBFC_PHYS_s10_T2_ctrl,14,165,145.5,-0.9982620477676392,-0.06038268537806474
UBFC_PHYS_s10_T2_ctrl,14,166,145.53333333333333,-0.7266770601272583,0.14504098323082126
UBFC_PHYS_s10_T2_ctrl,14,167,145.56666666666666,-0.42553940415382385,0.38852239196088545
UBFC_PHYS_s10_T2_ctrl,14,168,145.6,-0.13618752360343933,0.6402910772548678
UBFC_PHYS_s10_T2_ctrl,14,169,145.63333333333333,0.09307090938091278,0.8629591238470297
UBFC_PHYS_s10_T2_ctrl,14,170,145.66666666666666,0.3081440329551697,1.0227057368850296
UBFC_PHYS_s10_T2_ctrl,14,171,145.7,0.5555046200752258,1.0981400420058027
UBFC_PHYS_s10_T2_ctrl,14,172,145.73333333333332,0.7584390640258789,1.083529941570022
UBFC_PHYS_s10_T2_ctrl,14,173,145.76666666666668,0.8571010231971741,0.9867766534838269
UBFC_PHYS_s10_T2_ctrl,14,174,145.8,0.9444358348846436,0.8243040144012883
UBFC_PHYS_s10_T2_ctrl,14,175,145.83333333333334,1.075543999671936,0.6162151596310199
UBFC_PHYS_s10_T2_ctrl,14,176,145.86666666666667,1.1680660247802734,0.38312355144856636
UBFC_PHYS_s10_T2_ctrl,14,177,145.9,1.1510225534439087,0.14389897101535884
UBFC_PHYS_s10_T2_ctrl,14,178,145.93333333333334,1.0377870798110962,-0.08587234283094322
UBFC_PHYS_s10_T2_ctrl,14,179,145.96666666666667,0.9026915431022644,-0.2941895441742926
UBFC_PHYS_s10_T2_ctrl,14,180,146.0,0.8066585063934326,-0.4718497498481527
UBFC_PHYS_s10_T2_ctrl,14,181,146.03333333333333,0.6736624836921692,-0.6113481023135555
UBFC_PHYS_s10_T2_ctrl,14,182,146.06666666666666,0.3837989568710327,-0.7061497021504324
UBFC_PHYS_s10_T2_ctrl,14,183,146.1,-0.017729686573147774,-0.7507698229778936
UBFC_PHYS_s10_T2_ctrl,14,184,146.13333333333333,-0.3844479024410248,-0.7418843306671922
UBFC_PHYS_s10_T2_ctrl,14,185,146.16666666666666,-0.6245746612548828,-0.6804058366108319
UBFC_PHYS_s10_T2_ctrl,14,186,146.2,-0.672741174697876,-0.573460917623462
UBFC_PHYS_s10_T2_ctrl,14,187,146.23333333333332,-0.49122580885887146,-0.43444632097915076
UBFC_PHYS_s10_T2_ctrl,14,188,146.26666666666668,-0.1825367510318756,-0.2807890168804825
UBFC_PHYS_s10_T2_ctrl,14,189,146.3,0.07331029325723648,-0.13059270538860007
UBFC_PHYS_s10_T2_ctrl,14,190,146.33333333333334,0.21551614999771118,0.0008122585581159265
UBFC_PHYS_s10_T2_ctrl,14,191,146.36666666666667,0.2701577842235565,0.10374183676029756
UBFC_PHYS_s10_T2_ctrl,14,192,146.4,0.23257732391357422,0.17551426545503218
UBFC_PHYS_s10_T2_ctrl,14,193,146.43333333333334,0.0984697937965393,0.21925781145677473
UBFC_PHYS_s10_T2_ctrl,14,194,146.46666666666667,-0.06377898156642914,0.24079315109157576
UBFC_PHYS_s10_T2_ctrl,14,195,146.5,-0.160376638174057,0.24572826750445512
UBFC_PHYS_s10_T2_ctrl,14,196,146.53333333333333,-0.1866476684808731,0.23788565770116943
UBFC_PHYS_s10_T2_ctrl,14,197,146.56666666666666,-0.23269695043563843,0.218941840419708
UBFC_PHYS_s10_T2_ctrl,14,198,146.6,-0.34044525027275085,0.18900223346239214
UBFC_PHYS_s10_T2_ctrl,14,199,146.63333333333333,-0.48266875743865967,0.14778426120328328
UBFC_PHYS_s10_T2_ctrl,14,200,146.66666666666666,-0.6392186880111694,0.0961522577376192
UBFC_PHYS_s10_T2_ctrl,14,201,146.7,-0.813959002494812,0.03783543683158305
UBFC_PHYS_s10_T2_ctrl,14,202,146.73333333333332,-1.0071367025375366,-0.01964596753282424
UBFC_PHYS_s10_T2_ctrl,14,203,146.76666666666668,-1.2115885019302368,-0.06639918369852608
UBFC_PHYS_s10_T2_ctrl,14,204,146.8,-1.3654918670654297,-0.09345656781201907
UBFC_PHYS_s10_T2_ctrl,14,205,146.83333333333334,-1.3481308221817017,-0.0955562495220084
UBFC_PHYS_s10_T2_ctrl,14,206,146.86666666666667,-1.1168256998062134,-0.0722720635866109
UBFC_PHYS_s10_T2_ctrl,14,207,146.9,-0.7922046780586243,-0.02785831282765984
UBFC_PHYS_s10_T2_ctrl,14,208,146.93333333333334,-0.5319114923477173,0.02987128530249627
UBFC_PHYS_s10_T2_ctrl,14,209,146.96666666666667,-0.36959215998649597,0.0914555845702261
UBFC_PHYS_s10_T2_ctrl,14,210,147.0,-0.2553863823413849,0.14784048412611467
UBFC_PHYS_s10_T2_ctrl,14,211,147.03333333333333,-0.18807677924633026,0.19157530240380366
UBFC_PHYS_s10_T2_ctrl,14,212,147.06666666666666,-0.1843540221452713,0.21723236361607728
UBFC_PHYS_s10_T2_ctrl,14,213,147.1,-0.19912154972553253,0.22213144598072251
UBFC_PHYS_s10_T2_ctrl,14,214,147.13333333333333,-0.1859595775604248,0.20703785722721685
UBFC_PHYS_s10_T2_ctrl,14,215,147.16666666666666,-0.18234267830848694,0.1751693678801975
UBFC_PHYS_s10_T2_ctrl,14,216,147.2,-0.24199503660202026,0.12987076190701158
UBFC_PHYS_s10_T2_ctrl,14,217,147.23333333333332,-0.33836331963539124,0.0732738913092251
UBFC_PHYS_s10_T2_ctrl,14,218,147.26666666666668,-0.41511213779449463,0.006763348060433896
UBFC_PHYS_s10_T2_ctrl,14,219,147.3,-0.4645666182041168,-0.06763430052627482
UBFC_PHYS_s10_T2_ctrl,14,220,147.33333333333334,-0.5014236569404602,-0.14582660347041185
UBFC_PHYS_s10_T2_ctrl,14,221,147.36666666666667,-0.5204256176948547,-0.2208741119157249
UBFC_PHYS_s10_T2_ctrl,14,222,147.4,-0.4820335805416107,-0.28306656236367733
UBFC_PHYS_s10_T2_ctrl,14,223,147.43333333333334,-0.3303355574607849,-0.32058751030544025
UBFC_PHYS_s10_T2_ctrl,14,224,147.46666666666667,-0.08477463573217392,-0.32115478383632357
UBFC_PHYS_s10_T2_ctrl,14,225,147.5,0.1394730657339096,-0.2755275043060901
UBFC_PHYS_s10_T2_ctrl,14,226,147.53333333333333,0.2534494698047638,-0.18199954383677197
UBFC_PHYS_s10_T2_ctrl,14,227,147.56666666666666,0.2766329050064087,-0.04934355404490705
UBFC_PHYS_s10_T2_ctrl,14,228,147.6,0.26105377078056335,0.1029375106900714
UBFC_PHYS_s10_T2_ctrl,14,229,147.63333333333333,0.24441605806350708,0.2465835682105198
UBFC_PHYS_s10_T2_ctrl,14,230,147.66666666666666,0.2530966103076935,0.3492286545749911
UBFC_PHYS_s10_T2_ctrl,14,231,147.7,0.29111814498901367,0.38287073270622274
UBFC_PHYS_s10_T2_ctrl,14,232,147.73333333333332,0.33003950119018555,0.3336065554480153
UBFC_PHYS_s10_T2_ctrl,14,233,147.76666666666668,0.3396904468536377,0.20681104097132
UBFC_PHYS_s10_T2_ctrl,14,234,147.8,0.31795376539230347,0.025522397006715575
UBFC_PHYS_s10_T2_ctrl,14,235,147.83333333333334,0.25318482518196106,-0.17614372150840965
UBFC_PHYS_s10_T2_ctrl,14,236,147.86666666666667,0.12138857692480087,-0.3616514691404717
UBFC_PHYS_s10_T2_ctrl,14,237,147.9,-0.04610028490424156,-0.4994344533622861
UBFC_PHYS_s10_T2_ctrl,14,238,147.93333333333334,-0.17382091283798218,-0.5676423888195089
UBFC_PHYS_s10_T2_ctrl,14,239,147.96666666666667,-0.24492383003234863,-0.5569312916138695
UBFC_PHYS_s10_T2_ctrl,14,240,148.0,-0.32684218883514404,-0.47155318097445476
UBFC_PHYS_s10_T2_ctrl,14,241,148.03333333333333,-0.4580208957195282,-0.3283598752337106
UBFC_PHYS_s10_T2_ctrl,14,242,148.06666666666666,-0.5333053469657898,-0.1536232962146826
UBFC_PHYS_s10_T2_ctrl,14,243,148.1,-0.4118480980396271,0.02205389863147158
UBFC_PHYS_s10_T2_ctrl,14,244,148.13333333333333,-0.10095363855361938,0.16993664535428443
UBFC_PHYS_s10_T2_ctrl,14,245,148.16666666666666,0.2694167494773865,0.26915738289264995
UBFC_PHYS_s10_T2_ctrl,14,246,148.2,0.6052590012550354,0.3108388020726842
UBFC_PHYS_s10_T2_ctrl,14,247,148.23333333333332,0.8487556576728821,0.2985572558685604
UBFC_PHYS_s10_T2_ctrl,14,248,148.26666666666668,0.9169297814369202,0.245593066754646
UBFC_PHYS_s10_T2_ctrl,14,249,148.3,0.8033239245414734,0.17147858165076024
UBFC_PHYS_s10_T2_ctrl,14,250,148.33333333333334,0.6221084594726562,0.09873765445610948
UBFC_PHYS_s10_T2_ctrl,14,251,148.36666666666667,0.4827079176902771,0.04896661063873135
UBFC_PHYS_s10_T2_ctrl,14,252,148.4,0.41619226336479187,0.038458450823522033
UBFC_PHYS_s10_T2_ctrl,14,253,148.43333333333334,0.387998104095459,0.07474215891816684
UBFC_PHYS_s10_T2_ctrl,14,254,148.46666666666667,0.3295102119445801,0.1547971528718904
UBFC_PHYS_s10_T2_ctrl,14,255,148.5,0.19055072963237762,0.2650054832211264
UBFC_PHYS_s10_T2_ctrl,14,256,148.53333333333333,-0.0067378440871834755,0.38344856400593674
UBFC_PHYS_s10_T2_ctrl,14,257,148.56666666666666,-0.17729665338993073,0.4855013811692402
UBFC_PHYS_s10_T2_ctrl,14,258,148.6,-0.27438831329345703,0.5507518725600691
UBFC_PHYS_s10_T2_ctrl,14,259,148.63333333333333,-0.35494813323020935,0.5667274388768739
UBFC_PHYS_s10_T2_ctrl,14,260,148.66666666666666,-0.5087456703186035,0.5284321954550709
UBFC_PHYS_s10_T2_ctrl,14,261,148.7,-0.7091042399406433,0.436377029209554
UBFC_PHYS_s10_T2_ctrl,14,262,148.73333333333332,-0.8016615509986877,0.29505258518988
UBFC_PHYS_s10_T2_ctrl,14,263,148.76666666666668,-0.6755111813545227,0.11252956422607
UBFC_PHYS_s10_T2_ctrl,14,264,148.8,-0.40930745005607605,-0.09891050860753885
UBFC_PHYS_s10_T2_ctrl,14,265,148.83333333333334,-0.17528530955314636,-0.32194117957870194
UBFC_PHYS_s10_T2_ctrl,14,266,148.86666666666667,-0.04548276588320732,-0.534417930822362
UBFC_PHYS_s10_T2_ctrl,14,267,148.9,0.040440626442432404,-0.7120072976303575
UBFC_PHYS_s10_T2_ctrl,14,268,148.93333333333334,0.12412330508232117,-0.8329434489814287
UBFC_PHYS_s10_T2_ctrl,14,269,148.96666666666667,0.16382096707820892,-0.8829970533705309
UBFC_PHYS_s10_T2_ctrl,14,270,149.0,0.15244098007678986,-0.8589523949717358
UBFC_PHYS_s10_T2_ctrl,14,271,149.03333333333333,0.15198224782943726,-0.7694221809678401
UBFC_PHYS_s10_T2_ctrl,14,272,149.06666666666666,0.16816124320030212,-0.6323725364612706
UBFC_PHYS_s10_T2_ctrl,14,273,149.1,0.15948069095611572,-0.4694429892107004
UBFC_PHYS_s10_T2_ctrl,14,274,149.13333333333333,0.128622367978096,-0.2995768730165017
UBFC_PHYS_s10_T2_ctrl,14,275,149.16666666666666,0.089101143181324,-0.13635737783372126
UBFC_PHYS_s10_T2_ctrl,14,276,149.2,0.02371467649936676,0.010901585800680893
UBFC_PHYS_s10_T2_ctrl,14,277,149.23333333333332,-0.0644141435623169,0.13649919575522834
UBFC_PHYS_s10_T2_ctrl,14,278,149.26666666666668,-0.14500921964645386,0.23911149096525072
UBFC_PHYS_s10_T2_ctrl,14,279,149.3,-0.22759801149368286,0.3214743116460274
UBFC_PHYS_s10_T2_ctrl,14,280,149.33333333333334,-0.33539924025535583,0.38826801384290555
UBFC_PHYS_s10_T2_ctrl,14,281,149.36666666666667,-0.3976275324821472,0.44352959406236353
UBFC_PHYS_s10_T2_ctrl,14,282,149.4,-0.29042619466781616,0.4885265460354029
UBFC_PHYS_s10_T2_ctrl,14,283,149.43333333333334,-0.020040972158312798,0.5204585408974574
UBFC_PHYS_s10_T2_ctrl,14,284,149.46666666666667,0.25120875239372253,0.5327125802260624
UBFC_PHYS_s10_T2_ctrl,14,285,149.5,0.4046534597873688,0.5175826424288068
UBFC_PHYS_s10_T2_ctrl,14,286,149.53333333333333,0.47568583488464355,0.4703655912755283
UBFC_PHYS_s10_T2_ctrl,14,287,149.56666666666666,0.5365026593208313,0.391966192075602
UBFC_PHYS_s10_T2_ctrl,14,288,149.6,0.5821285247802734,0.28878749354707156
UBFC_PHYS_s10_T2_ctrl,14,289,149.63333333333333,0.5994543433189392,0.17059731473887657
UBFC_PHYS_s10_T2_ctrl,14,290,149.66666666666666,0.6096698641777039,0.04782473946163586
UBFC_PHYS_s10_T2_ctrl,14,291,149.7,0.609228789806366,-0.06987317281213914
UBFC_PHYS_s10_T2_ctrl,14,292,149.73333333333332,0.5683313608169556,-0.17367427761375606
UBFC_PHYS_s10_T2_ctrl,14,293,149.76666666666668,0.496963769197464,-0.2558900382259518
UBFC_PHYS_s10_T2_ctrl,14,294,149.8,0.41523951292037964,-0.31091133629993567
UBFC_PHYS_s10_T2_ctrl,14,295,149.83333333333334,0.31334882974624634,-0.33587474554457536
UBFC_PHYS_s10_T2_ctrl,14,296,149.86666666666667,0.2017190009355545,-0.3307939970034555
UBFC_PHYS_s10_T2_ctrl,14,297,149.9,0.11030852049589157,-0.2986284032632424
UBFC_PHYS_s10_T2_ctrl,14,298,149.93333333333334,0.020203638821840286,-0.24523577751627643
UBFC_PHYS_s10_T2_ctrl,14,299,149.96666666666667,-0.1303122639656067,-0.1786456815704228
UBFC_PHYS_s10_T2_ctrl,15,0,150.0,-0.3138742744922638,-0.081951171643707
UBFC_PHYS_s10_T2_ctrl,15,1,150.03333333333333,-0.38635337352752686,-0.1572134486906076
UBFC_PHYS_s10_T2_ctrl,15,2,150.06666666666666,-0.2799812853336334,-0.22221448877982777
UBFC_PHYS_s10_T2_ctrl,15,3,150.1,-0.0693366527557373,-0.273932293965768
UBFC_PHYS_s10_T2_ctrl,15,4,150.13333333333333,0.14937101304531097,-0.32049775092089294
UBFC_PHYS_s10_T2_ctrl,15,5,150.16666666666666,0.3149367570877075,-0.3765760756427513
UBFC_PHYS_s10_T2_ctrl,15,6,150.2,0.3986723721027374,-0.45038375708226264
UBFC_PHYS_s10_T2_ctrl,15,7,150.23333333333332,0.42430824041366577,-0.5347823162380116
UBFC_PHYS_s10_T2_ctrl,15,8,150.26666666666668,0.4186094105243683,-0.6080327505920142
UBFC_PHYS_s10_T2_ctrl,15,9,150.3,0.36844921112060547,-0.6415525577719546
UBFC_PHYS_s10_T2_ctrl,15,10,150.33333333333334,0.2982637286186218,-0.6103090725891588
UBFC_PHYS_s10_T2_ctrl,15,11,150.36666666666667,0.2568546533584595,-0.5008384649431866
UBFC_PHYS_s10_T2_ctrl,15,12,150.4,0.22029751539230347,-0.3149919765094943
UBFC_PHYS_s10_T2_ctrl,15,13,150.43333333333334,0.1298574060201645,-0.07084332582386321
UBFC_PHYS_s10_T2_ctrl,15,14,150.46666666666667,-0.012330804020166397,0.19911983070669229
UBFC_PHYS_s10_T2_ctrl,15,15,150.5,-0.19319336116313934,0.45380355407834966
UBFC_PHYS_s10_T2_ctrl,15,16,150.53333333333333,-0.42677444219589233,0.6525641959420339
UBFC_PHYS_s10_T2_ctrl,15,17,150.56666666666666,-0.6668129563331604,0.7646997771396206
UBFC_PHYS_s10_T2_ctrl,15,18,150.6,-0.8403182625770569,0.7762645430933236
UBFC_PHYS_s10_T2_ctrl,15,19,150.63333333333333,-0.9580526947975159,0.6913664235314857
UBFC_PHYS_s10_T2_ctrl,15,20,150.66666666666666,-1.0747462511062622,0.5285337337775862
UBFC_PHYS_s10_T2_ctrl,15,21,150.7,-1.162186861038208,0.31591367991768327
UBFC_PHYS_s10_T2_ctrl,15,22,150.73333333333332,-1.0946656465530396,0.08670677554745114
UBFC_PHYS_s10_T2_ctrl,15,23,150.76666666666668,-0.7669569849967957,-0.1263447113464016
UBFC_PHYS_s10_T2_ctrl,15,24,150.8,-0.2413598746061325,-0.29671285109181217
UBFC_PHYS_s10_T2_ctrl,15,25,150.83333333333334,0.2855604887008667,-0.4074736090272453
UBFC_PHYS_s10_T2_ctrl,15,26,150.86666666666667,0.6448507905006409,-0.45204021530177196
UBFC_PHYS_s10_T2_ctrl,15,27,150.9,0.7812519669532776,-0.43421774870757623
UBFC_PHYS_s10_T2_ctrl,15,28,150.93333333333334,0.7346028089523315,-0.3680032581720715
UBFC_PHYS_s10_T2_ctrl,15,29,150.96666666666667,0.599242627620697,-0.27586504104476955
UBFC_PHYS_s10_T2_ctrl,15,30,151.0,0.4782264828681946,-0.18428679045682178
UBFC_PHYS_s10_T2_ctrl,15,31,151.03333333333333,0.4181506931781769,-0.11589876770703177
UBFC_PHYS_s10_T2_ctrl,15,32,151.06666666666666,0.38510456681251526,-0.08168530449448377
UBFC_PHYS_s10_T2_ctrl,15,33,151.1,0.33483850955963135,-0.08015538000984114
UBFC_PHYS_s10_T2_ctrl,15,34,151.13333333333333,0.23384764790534973,-0.10273993216655507
UBFC_PHYS_s10_T2_ctrl,15,35,151.16666666666666,0.08169091492891312,-0.1373344518477133
UBFC_PHYS_s10_T2_ctrl,15,36,151.2,-0.02619852125644684,-0.16840788388307606
UBFC_PHYS_s10_T2_ctrl,15,37,151.23333333333332,-0.03170326352119446,-0.17894504650659285
UBFC_PHYS_s10_T2_ctrl,15,38,151.26666666666668,-0.05437504127621651,-0.15484438154210875
UBFC_PHYS_s10_T2_ctrl,15,39,151.3,-0.16646361351013184,-0.08745365828492929
UBFC_PHYS_s10_T2_ctrl,15,40,151.33333333333334,-0.2500051259994507,0.025781786524463682
UBFC_PHYS_s10_T2_ctrl,15,41,151.36666666666667,-0.2583504617214203,0.17840335190370674
UBFC_PHYS_s10_T2_ctrl,15,42,151.4,-0.2716359496116638,0.35141028185633144
UBFC_PHYS_s10_T2_ctrl,15,43,151.43333333333334,-0.30413511395454407,0.5161847782254606
UBFC_PHYS_s10_T2_ctrl,15,44,151.46666666666667,-0.3005005717277527,0.6438692801266702
UBFC_PHYS_s10_T2_ctrl,15,45,151.5,-0.2413598746061325,0.7139865682563764
UBFC_PHYS_s10_T2_ctrl,15,46,151.53333333333333,-0.13140615820884705,0.7183630180021952
UBFC_PHYS_s10_T2_ctrl,15,47,151.56666666666666,0.019427329301834106,0.6605646666152457
UBFC_PHYS_s10_T2_ctrl,15,48,151.6,0.1545581817626953,0.5523454662051528
UBFC_PHYS_s10_T2_ctrl,15,49,151.63333333333333,0.20145435631275177,0.40943664127548984
UBFC_PHYS_s10_T2_ctrl,15,50,151.66666666666666,0.21163460612297058,0.24821376946292922
UBFC_PHYS_s10_T2_ctrl,15,51,151.7,0.32457005977630615,0.08369207613910547
UBFC_PHYS_s10_T2_ctrl,15,52,151.73333333333332,0.5281220078468323,-0.07150735681626008
UBFC_PHYS_s10_T2_ctrl,15,53,151.76666666666668,0.6616296768188477,-0.20817470669734056
UBFC_PHYS_s10_T2_ctrl,15,54,151.8,0.6799964904785156,-0.3212846712930793
UBFC_PHYS_s10_T2_ctrl,15,55,151.83333333333334,0.6629529595375061,-0.409154398605255
UBFC_PHYS_s10_T2_ctrl,15,56,151.86666666666667,0.6115577220916748,-0.4716553996544219
UBFC_PHYS_s10_T2_ctrl,15,57,151.9,0.48092591762542725,-0.5100176121208211
UBFC_PHYS_s10_T2_ctrl,15,58,151.93333333333334,0.32502877712249756,-0.5285204067061395
UBFC_PHYS_s10_T2_ctrl,15,59,151.96666666666667,0.22294402122497559,-0.5360297865330784
UBFC_PHYS_s10_T2_ctrl,15,60,152.0,0.07701540738344193,-0.5455426990524088
UBFC_PHYS_s10_T2_ctrl,15,61,152.03333333333333,-0.3301061987876892,-0.5706221000531109
UBFC_PHYS_s10_T2_ctrl,15,62,152.06666666666666,-0.9625341296195984,-0.6185933893977165
UBFC_PHYS_s10_T2_ctrl,15,63,152.1,-1.4391177892684937,-0.6815871408144218
UBFC_PHYS_s10_T2_ctrl,15,64,152.13333333333333,-1.3247532844543457,-0.7313500357545747
UBFC_PHYS_s10_T2_ctrl,15,65,152.16666666666666,-0.6074605584144592,-0.727090110305827
UBFC_PHYS_s10_T2_ctrl,15,66,152.2,0.15651659667491913,-0.6336206287377691
UBFC_PHYS_s10_T2_ctrl,15,67,152.23333333333332,0.37473025918006897,-0.4355857231133013
UBFC_PHYS_s10_T2_ctrl,15,68,152.26666666666668,0.07863859832286835,-0.14209740772395135
UBFC_PHYS_s10_T2_ctrl,15,69,152.3,-0.1530722677707672,0.21418557761317925
UBFC_PHYS_s10_T2_ctrl,15,70,152.33333333333334,0.03899386525154114,0.5827587741541855
UBFC_PHYS_s10_T2_ctrl,15,71,152.36666666666667,0.48288434743881226,0.9084471641978941
UBFC_PHYS_s10_T2_ctrl,15,72,152.4,0.8501671552658081,1.1472401819670575
UBFC_PHYS_s10_T2_ctrl,15,73,152.43333333333334,1.0754910707473755,1.2734079202053428
UBFC_PHYS_s10_T2_ctrl,15,74,152.46666666666667,1.2465262413024902,1.2773223273861893
UBFC_PHYS_s10_T2_ctrl,15,75,152.5,1.3330495357513428,1.1640639976563147
UBFC_PHYS_s10_T2_ctrl,15,76,152.53333333333333,1.2942516803741455,0.9548702099461109
UBFC_PHYS_s10_T2_ctrl,15,77,152.56666666666666,1.1804693937301636,0.6848561425657382
UBFC_PHYS_s10_T2_ctrl,15,78,152.6,0.9693130850791931,0.3955139144672932
UBFC_PHYS_s10_T2_ctrl,15,79,152.63333333333333,0.6576952338218689,0.12616807315548267
UBFC_PHYS_s10_T2_ctrl,15,80,152.66666666666666,0.3646029531955719,-0.09318329376929406
UBFC_PHYS_s10_T2_ctrl,15,81,152.7,0.13349194824695587,-0.24735706112136668
UBFC_PHYS_s10_T2_ctrl,15,82,152.73333333333332,-0.12069661170244217,-0.33870031527951083
UBFC_PHYS_s10_T2_ctrl,15,83,152.76666666666668,-0.3725738823413849,-0.38521284906925035
UBFC_PHYS_s10_T2_ctrl,15,84,152.8,-0.4668426215648651,-0.41406783465258623
UBFC_PHYS_s10_T2_ctrl,15,85,152.83333333333334,-0.3800370395183563,-0.45243485095275593
UBFC_PHYS_s10_T2_ctrl,15,86,152.86666666666667,-0.24815258383750916,-0.5182612470060951
UBFC_PHYS_s10_T2_ctrl,15,87,152.9,-0.1925581991672516,-0.6140029813012302
UBFC_PHYS_s10_T2_ctrl,15,88,152.93333333333334,-0.23239701986312866,-0.7251868761010893
UBFC_PHYS_s10_T2_ctrl,15,89,152.96666666666667,-0.33370545506477356,-0.8242705517282821
UBFC_PHYS_s10_T2_ctrl,15,90,153.0,-0.4559919238090515,-0.8785405643858207
UBFC_PHYS_s10_T2_ctrl,15,91,153.03333333333333,-0.5793192982673645,-0.8592885899672668
UBFC_PHYS_s10_T2_ctrl,15,92,153.06666666666666,-0.7339990735054016,-0.7499251190437438
UBFC_PHYS_s10_T2_ctrl,15,93,153.1,-0.9543828964233398,-0.5514250626952867
UBFC_PHYS_s10_T2_ctrl,15,94,153.13333333333333,-1.2174813747406006,-0.2836630454423613
UBFC_PHYS_s10_T2_ctrl,15,95,153.16666666666666,-1.4848672151565552,0.01843799902234475
UBFC_PHYS_s10_T2_ctrl,15,96,153.2,-1.7680262327194214,0.31320698035673455
UBFC_PHYS_s10_T2_ctrl,15,97,153.23333333333332,-2.074262857437134,0.5624771783392517
UBFC_PHYS_s10_T2_ctrl,15,98,153.26666666666668,-2.3410134315490723,0.7406093679711908
UBFC_PHYS_s10_T2_ctrl,15,99,153.3,-2.512331008911133,0.8389656760693255
UBFC_PHYS_s10_T2_ctrl,15,100,153.33333333333334,-2.6121926307678223,0.8649871463753062
UBFC_PHYS_s10_T2_ctrl,15,101,153.36666666666667,-2.6594769954681396,0.8375671982704824
UBFC_PHYS_s10_T2_ctrl,15,102,153.4,-2.605064630508423,0.7802063854796324
UBFC_PHYS_s10_T2_ctrl,15,103,153.43333333333334,-2.406064748764038,0.7129779427001988
UBFC_PHYS_s10_T2_ctrl,15,104,153.46666666666667,-2.100234031677246,0.6459011700019461
UBFC_PHYS_s10_T2_ctrl,15,105,153.5,-1.737432599067688,0.5774340662749567
UBFC_PHYS_s10_T2_ctrl,15,106,153.53333333333333,-1.3081154823303223,0.49800482762492937
UBFC_PHYS_s10_T2_ctrl,15,107,153.56666666666666,-0.8106597065925598,0.39480795316247647
UBFC_PHYS_s10_T2_ctrl,15,108,153.6,-0.2912730574607849,0.25605863558910974
UBFC_PHYS_s10_T2_ctrl,15,109,153.63333333333333,0.20201894640922546,0.07521840977732618
UBFC_PHYS_s10_T2_ctrl,15,110,153.66666666666666,0.6560720205307007,-0.1451330121480291
UBFC_PHYS_s10_T2_ctrl,15,111,153.7,1.158538579940796,-0.3910536411535557
UBFC_PHYS_s10_T2_ctrl,15,112,153.73333333333332,1.9088773727416992,-0.6377487435286939
UBFC_PHYS_s10_T2_ctrl,15,113,153.76666666666668,2.994688034057617,-0.8535611525148424
UBFC_PHYS_s10_T2_ctrl,15,114,153.8,4.222933769226074,-1.0065529153809019
UBFC_PHYS_s10_T2_ctrl,15,115,153.83333333333334,5.412646293640137,-1.0712801539242502
UBFC_PHYS_s10_T2_ctrl,15,116,153.86666666666667,6.51188325881958,-1.0340166394077597
UBFC_PHYS_s10_T2_ctrl,15,117,153.9,7.248477935791016,-0.8955844911810105
UBFC_PHYS_s10_T2_ctrl,15,118,153.93333333333334,7.13301944732666,-0.671731509786018
UBFC_PHYS_s10_T2_ctrl,15,119,153.96666666666667,6.030977249145508,-0.3916550481333839
UBFC_PHYS_s10_T2_ctrl,15,120,154.0,4.419675350189209,-0.09422960387283401
UBFC_PHYS_s10_T2_ctrl,15,121,154.03333333333333,2.9877541065216064,0.1793379011991533
UBFC_PHYS_s10_T2_ctrl,15,122,154.06666666666666,2.0883991718292236,0.3944396366107815
UBFC_PHYS_s10_T2_ctrl,15,123,154.1,1.639727234840393,0.5286477917967306
UBFC_PHYS_s10_T2_ctrl,15,124,154.13333333333333,1.3210697174072266,0.5725035581638807
UBFC_PHYS_s10_T2_ctrl,15,125,154.16666666666666,0.8836719989776611,0.5277898736976246
UBFC_PHYS_s10_T2_ctrl,15,126,154.2,0.34775349497795105,0.4053498913739493
UBFC_PHYS_s10_T2_ctrl,15,127,154.23333333333332,-0.1046234667301178,0.22371766587758704
UBFC_PHYS_s10_T2_ctrl,15,128,154.26666666666668,-0.4258040487766266,0.009118163413089634
UBFC_PHYS_s10_T2_ctrl,15,129,154.3,-0.7666922807693481,-0.20344533537114007
UBFC_PHYS_s10_T2_ctrl,15,130,154.33333333333334,-1.1750489473342896,-0.371030911316039
UBFC_PHYS_s10_T2_ctrl,15,131,154.36666666666667,-1.5219182968139648,-0.4503640220167749
UBFC_PHYS_s10_T2_ctrl,15,132,154.4,-1.7790886163711548,-0.4107755480701971
UBFC_PHYS_s10_T2_ctrl,15,133,154.43333333333334,-2.0345299243927,-0.24488324546366202
UBFC_PHYS_s10_T2_ctrl,15,134,154.46666666666667,-2.241116523742676,0.027304747651539406
UBFC_PHYS_s10_T2_ctrl,15,135,154.5,-2.2963757514953613,0.36102430353660087
UBFC_PHYS_s10_T2_ctrl,15,136,154.53333333333333,-2.2742154598236084,0.6953303425783295
UBFC_PHYS_s10_T2_ctrl,15,137,154.56666666666666,-2.3472063541412354,0.9660086357989172
UBFC_PHYS_s10_T2_ctrl,15,138,154.6,-2.631741523742676,1.1198891722040352
UBFC_PHYS_s10_T2_ctrl,15,139,154.63333333333333,-3.0923402309417725,1.126641210676515
UBFC_PHYS_s10_T2_ctrl,15,140,154.66666666666666,-3.379063367843628,0.9844460133548291
UBFC_PHYS_s10_T2_ctrl,15,141,154.7,-3.13320255279541,0.7168849708988693
UBFC_PHYS_s10_T2_ctrl,15,142,154.73333333333332,-2.5136542320251465,0.36380780969279464
UBFC_PHYS_s10_T2_ctrl,15,143,154.76666666666668,-1.8151694536209106,-0.02637627143535237
UBFC_PHYS_s10_T2_ctrl,15,144,154.8,-0.9670332074165344,-0.4012946745541201
UBFC_PHYS_s10_T2_ctrl,15,145,154.83333333333334,-0.14811445772647858,-0.7103481508303404
UBFC_PHYS_s10_T2_ctrl,15,146,154.86666666666667,0.09132421016693115,-0.9129986400281971
UBFC_PHYS_s10_T2_ctrl,15,147,154.9,-0.25178712606430054,-0.9874537735608142
UBFC_PHYS_s10_T2_ctrl,15,148,154.93333333333334,-0.6244511604309082,-0.9365130793796334
UBFC_PHYS_s10_T2_ctrl,15,149,154.96666666666667,-0.7851825952529907,-0.7869165820522656
UBFC_PHYS_s10_T2_ctrl,15,150,155.0,-0.7934220433235168,-0.5815798917968242
UBFC_PHYS_s10_T2_ctrl,15,151,155.03333333333333,-0.5702506303787231,-0.3673815198435983
UBFC_PHYS_s10_T2_ctrl,15,152,155.06666666666666,-0.1746501475572586,-0.18256022994509383
UBFC_PHYS_s10_T2_ctrl,15,153,155.1,0.04848602041602135,-0.048434834394771045
UBFC_PHYS_s10_T2_ctrl,15,154,155.13333333333333,-0.1394515484571457,0.03196519205981934
UBFC_PHYS_s10_T2_ctrl,15,155,155.16666666666666,-0.6219281554222107,0.0683540200142989
UBFC_PHYS_s10_T2_ctrl,15,156,155.2,-1.1079334020614624,0.07426899993781415
UBFC_PHYS_s10_T2_ctrl,15,157,155.23333333333332,-1.3946917057037354,0.06099040208507636
UBFC_PHYS_s10_T2_ctrl,15,158,155.26666666666668,-1.4705231189727783,0.0360087582202244
UBFC_PHYS_s10_T2_ctrl,15,159,155.3,-1.4570082426071167,0.0029911373867965163
UBFC_PHYS_s10_T2_ctrl,15,160,155.33333333333334,-1.4230270385742188,-0.03753333404180977
UBFC_PHYS_s10_T2_ctrl,15,161,155.36666666666667,-1.3528239727020264,-0.08502896981401056
UBFC_PHYS_s10_T2_ctrl,15,162,155.4,-1.3084861040115356,-0.13432772823661512
UBFC_PHYS_s10_T2_ctrl,15,163,155.43333333333334,-1.392698049545288,-0.17307289221830616
UBFC_PHYS_s10_T2_ctrl,15,164,155.46666666666667,-1.5534471273422241,-0.18305849054244802
UBFC_PHYS_s10_T2_ctrl,15,165,155.5,-1.6278669834136963,-0.1451084281802054
UBFC_PHYS_s10_T2_ctrl,15,166,155.53333333333333,-1.478533148765564,-0.04588423624674177
UBFC_PHYS_s10_T2_ctrl,15,167,155.56666666666666,-1.034836769104004,0.11595012264015808
UBFC_PHYS_s10_T2_ctrl,15,168,155.6,-0.3449442982673645,0.326625170151637
UBFC_PHYS_s10_T2_ctrl,15,169,155.63333333333333,0.3688373565673828,0.5590059843436682
UBFC_PHYS_s10_T2_ctrl,15,170,155.66666666666666,0.8894060850143433,0.7786970406242795
UBFC_PHYS_s10_T2_ctrl,15,171,155.7,1.19214928150177,0.9518555218764007
UBFC_PHYS_s10_T2_ctrl,15,172,155.73333333333332,1.4013824462890625,1.051881657290945
UBFC_PHYS_s10_T2_ctrl,15,173,155.76666666666668,1.603240728378296,1.0625405001810029
UBFC_PHYS_s10_T2_ctrl,15,174,155.8,1.7482870817184448,0.9775950189771173
UBFC_PHYS_s10_T2_ctrl,15,175,155.83333333333334,1.7609021663665771,0.799394039186535
UBFC_PHYS_s10_T2_ctrl,15,176,155.86666666666667,1.6778899431228638,0.5379551700528767
UBFC_PHYS_s10_T2_ctrl,15,177,155.9,1.614638328552246,0.2107545322171326
UBFC_PHYS_s10_T2_ctrl,15,178,155.93333333333334,1.6379276514053345,-0.1572311113010766
UBFC_PHYS_s10_T2_ctrl,15,179,155.96666666666667,1.722139596939087,-0.5341978829807564
UBFC_PHYS_s10_T2_ctrl,15,180,156.0,1.7308201789855957,-0.883590748330539
UBFC_PHYS_s10_T2_ctrl,15,181,156.03333333333333,1.4755200147628784,-1.1677550280047917
UBFC_PHYS_s10_T2_ctrl,15,182,156.06666666666666,1.0352641344070435,-1.352477598738905
UBFC_PHYS_s10_T2_ctrl,15,183,156.1,0.7382726669311523,-1.41095236754446
UBFC_PHYS_s10_T2_ctrl,15,184,156.13333333333333,0.645203709602356,-1.3275719061091482
UBFC_PHYS_s10_T2_ctrl,15,185,156.16666666666666,0.3537522554397583,-1.1035048868662094
UBFC_PHYS_s10_T2_ctrl,15,186,156.2,-0.42836233973503113,-0.7623038332383313
UBFC_PHYS_s10_T2_ctrl,15,187,156.23333333333332,-1.3817062377929688,-0.35036767181460554
UBFC_PHYS_s10_T2_ctrl,15,188,156.26666666666668,-1.9637798070907593,0.06969827178381277
UBFC_PHYS_s10_T2_ctrl,15,189,156.3,-2.15362286567688,0.43096982107810894
UBFC_PHYS_s10_T2_ctrl,15,190,156.33333333333334,-2.308814287185669,0.6757854172977729
UBFC_PHYS_s10_T2_ctrl,15,191,156.36666666666667,-2.5734124183654785,0.7663871607814907
UBFC_PHYS_s10_T2_ctrl,15,192,156.4,-2.9050731658935547,0.6907561329957154
UBFC_PHYS_s10_T2_ctrl,15,193,156.43333333333334,-3.230541229248047,0.464656202537507
UBFC_PHYS_s10_T2_ctrl,15,194,156.46666666666667,-3.3115949630737305,0.13065589709068548
UBFC_PHYS_s10_T2_ctrl,15,195,156.5,-2.871727228164673,-0.24570722722346988
UBFC_PHYS_s10_T2_ctrl,15,196,156.53333333333333,-2.0021188259124756,-0.5840651251939195
UBFC_PHYS_s10_T2_ctrl,15,197,156.56666666666666,-1.158764123916626,-0.804081432361647
UBFC_PHYS_s10_T2_ctrl,15,198,156.6,-0.6418828368186951,-0.8446270830878676
UBFC_PHYS_s10_T2_ctrl,15,199,156.63333333333333,-0.3837597966194153,-0.6801219166465323
UBFC_PHYS_s10_T2_ctrl,15,200,156.66666666666666,-0.12006144970655441,-0.32843514885032793
UBFC_PHYS_s10_T2_ctrl,15,201,156.7,0.33039236068725586,0.15266761872825596
UBFC_PHYS_s10_T2_ctrl,15,202,156.73333333333332,0.9479116201400757,0.6795127497684924
UBFC_PHYS_s10_T2_ctrl,15,203,156.76666666666668,1.537977695465088,1.1620596628907935
UBFC_PHYS_s10_T2_ctrl,15,204,156.8,1.8732553720474243,1.5234523707258534
UBFC_PHYS_s10_T2_ctrl,15,205,156.83333333333334,1.9101654291152954,1.7142594063637113
UBFC_PHYS_s10_T2_ctrl,15,206,156.86666666666667,1.7848442792892456,1.717966767438706
UBFC_PHYS_s10_T2_ctrl,15,207,156.9,1.5856854915618896,1.5466411892237353
UBFC_PHYS_s10_T2_ctrl,15,208,156.93333333333334,1.2445855140686035,1.2301782393783574
UBFC_PHYS_s10_T2_ctrl,15,209,156.96666666666667,0.6819902062416077,0.8061752209205123
UBFC_PHYS_s10_T2_ctrl,15,210,157.0,-0.052134331315755844,0.3140909764578632
UBFC_PHYS_s10_T2_ctrl,15,211,157.03333333333333,-0.7312643527984619,-0.2067206309072031
UBFC_PHYS_s10_T2_ctrl,15,212,157.06666666666666,-1.016964077949524,-0.7167081033060423
UBFC_PHYS_s10_T2_ctrl,15,213,157.1,-0.7674862742424011,-1.1757533561192395
UBFC_PHYS_s10_T2_ctrl,15,214,157.13333333333333,-0.23767240345478058,-1.5438869715571961
UBFC_PHYS_s10_T2_ctrl,15,215,157.16666666666666,0.19628484547138214,-1.7828822686933719
UBFC_PHYS_s10_T2_ctrl,15,216,157.2,0.32636967301368713,-1.8595377266963207
UBFC_PHYS_s10_T2_ctrl,15,217,157.23333333333332,0.13036906719207764,-1.7521708218890215
UBFC_PHYS_s10_T2_ctrl,15,218,157.26666666666668,-0.12239037454128265,-1.4595052724490811
UBFC_PHYS_s10_T2_ctrl,15,219,157.3,0.0724104791879654,-1.0087459377975223
UBFC_PHYS_s10_T2_ctrl,15,220,157.33333333333334,0.9018446803092957,-0.4580619912493389
UBFC_PHYS_s10_T2_ctrl,15,221,157.36666666666667,2.070826292037964,0.11172679130776786
UBFC_PHYS_s10_T2_ctrl,15,222,157.4,3.1681933403015137,0.6149966898520646
UBFC_PHYS_s10_T2_ctrl,15,223,157.43333333333334,3.847552537918091,0.9810089584474262
UBFC_PHYS_s10_T2_ctrl,15,224,157.46666666666667,3.7695863246917725,1.16873261582368
UBFC_PHYS_s10_T2_ctrl,15,225,157.5,2.8706724643707275,1.1723422158307228
UBFC_PHYS_s10_T2_ctrl,15,226,157.53333333333333,1.6528010368347168,1.0171287784051009
UBFC_PHYS_s10_T2_ctrl,15,227,157.56666666666666,0.7302448749542236,0.7495948877655607
UBFC_PHYS_s10_T2_ctrl,15,228,157.6,0.16842590272426605,0.42574409954758424
UBFC_PHYS_s10_T2_ctrl,15,229,157.63333333333333,-0.18186630308628082,0.10098731034809855
UBFC_PHYS_s10_T2_ctrl,15,230,157.66666666666666,-0.20192685723304749,-0.17686726928713015
UBFC_PHYS_s10_T2_ctrl,15,231,157.7,0.1757832020521164,-0.37203835288934684
UBFC_PHYS_s10_T2_ctrl,15,232,157.73333333333332,0.6547310948371887,-0.463381217722137
UBFC_PHYS_s10_T2_ctrl,15,233,157.76666666666668,0.9682368040084839,-0.44579371356861125
UBFC_PHYS_s10_T2_ctrl,15,234,157.8,1.1763761043548584,-0.3303117712772117
UBFC_PHYS_s10_T2_ctrl,15,235,157.83333333333334,1.3679834604263306,-0.1420605157334495
UBFC_PHYS_s10_T2_ctrl,15,236,157.86666666666667,1.3741940259933472,0.08418273833715387
UBFC_PHYS_s10_T2_ctrl,15,237,157.9,0.9374490976333618,0.31028602415273376
UBFC_PHYS_s10_T2_ctrl,15,238,157.93333333333334,0.1779709756374359,0.5014596632639189
UBFC_PHYS_s10_T2_ctrl,15,239,157.96666666666667,-0.4509458839893341,0.6311472178434941
UBFC_PHYS_s10_T2_ctrl,15,240,158.0,-0.7907755374908447,0.6832275485421311
UBFC_PHYS_s10_T2_ctrl,15,241,158.03333333333333,-1.0408003330230713,0.6520428663353752
UBFC_PHYS_s10_T2_ctrl,15,242,158.06666666666666,-1.263759970664978,0.5409638487363378
UBFC_PHYS_s10_T2_ctrl,15,243,158.1,-1.414452314376831,0.36018628113788614
UBFC_PHYS_s10_T2_ctrl,15,244,158.13333333333333,-1.540496826171875,0.12485106636939772
UBFC_PHYS_s10_T2_ctrl,15,245,158.16666666666666,-1.63862943649292,-0.14526830943295865
UBFC_PHYS_s10_T2_ctrl,15,246,158.2,-1.6514209508895874,-0.4252715895737822
UBFC_PHYS_s10_T2_ctrl,15,247,158.23333333333332,-1.6319955587387085,-0.6863451605741269
UBFC_PHYS_s10_T2_ctrl,15,248,158.26666666666668,-1.6010667085647583,-0.8987091653906322
UBFC_PHYS_s10_T2_ctrl,15,249,158.3,-1.3280702829360962,-1.0337983427233504
UBFC_PHYS_s10_T2_ctrl,15,250,158.33333333333334,-0.6386011838912964,-1.0659012032414554
UBFC_PHYS_s10_T2_ctrl,15,251,158.36666666666667,0.2848547399044037,-0.9760551017138926
UBFC_PHYS_s10_T2_ctrl,15,252,158.4,1.1065082550048828,-0.7589424239920843
UBFC_PHYS_s10_T2_ctrl,15,253,158.43333333333334,1.6239187717437744,-0.4310466579209842
UBFC_PHYS_s10_T2_ctrl,15,254,158.46666666666667,1.813655972480774,-0.035454149049562685
UBFC_PHYS_s10_T2_ctrl,15,255,158.5,1.793542504310608,0.36309041229116856
UBFC_PHYS_s10_T2_ctrl,15,256,158.53333333333333,1.6931514739990234,0.6932418913359667
UBFC_PHYS_s10_T2_ctrl,15,257,158.56666666666666,1.4947336912155151,0.8962299848340427
UBFC_PHYS_s10_T2_ctrl,15,258,158.6,1.1239222288131714,0.9418670742841753
UBFC_PHYS_s10_T2_ctrl,15,259,158.63333333333333,0.63191819190979,0.834284444088595
UBFC_PHYS_s10_T2_ctrl,15,260,158.66666666666666,0.1852577030658722,0.6065364544342802
UBFC_PHYS_s10_T2_ctrl,15,261,158.7,-0.06891320645809174,0.30946393455311894
UBFC_PHYS_s10_T2_ctrl,15,262,158.73333333333332,-0.11572116613388062,-0.0006950689011651703
UBFC_PHYS_s10_T2_ctrl,15,263,158.76666666666668,-0.09883642941713333,-0.2732897893754712
UBFC_PHYS_s10_T2_ctrl,15,264,158.8,-0.19435782730579376,-0.47144009000500964
UBFC_PHYS_s10_T2_ctrl,15,265,158.83333333333334,-0.4236162602901459,-0.5772137920292612
UBFC_PHYS_s10_T2_ctrl,15,266,158.86666666666667,-0.6970890760421753,-0.5924223168767121
UBFC_PHYS_s10_T2_ctrl,15,267,158.9,-0.9574528336524963,-0.5327162101879133
UBFC_PHYS_s10_T2_ctrl,15,268,158.93333333333334,-1.1912455558776855,-0.4182633162680395
UBFC_PHYS_s10_T2_ctrl,15,269,158.96666666666667,-1.403090000152588,-0.2691229627824426
UBFC_PHYS_s10_T2_ctrl,15,270,159.0,-1.6056363582611084,-0.10572754395949953
UBFC_PHYS_s10_T2_ctrl,15,271,159.03333333333333,-1.6963939666748047,0.0527249700094706
UBFC_PHYS_s10_T2_ctrl,15,272,159.06666666666666,-1.5088622570037842,0.19302873555881198
UBFC_PHYS_s10_T2_ctrl,15,273,159.1,-1.0996763706207275,0.3103865475979768
UBFC_PHYS_s10_T2_ctrl,15,274,159.13333333333333,-0.7149618268013,0.40685033175107704
UBFC_PHYS_s10_T2_ctrl,15,275,159.16666666666666,-0.44461190700531006,0.4884403274680002
UBFC_PHYS_s10_T2_ctrl,15,276,159.2,-0.23087967932224274,0.5618256520682119
UBFC_PHYS_s10_T2_ctrl,15,277,159.23333333333332,-0.1343173235654831,0.6295393235719265
UBFC_PHYS_s10_T2_ctrl,15,278,159.26666666666668,-0.22301071882247925,0.6855077336647208
UBFC_PHYS_s10_T2_ctrl,15,279,159.3,-0.26994219422340393,0.7151443163214921
UBFC_PHYS_s10_T2_ctrl,15,280,159.33333333333334,0.03440658003091812,0.7004064233293711
UBFC_PHYS_s10_T2_ctrl,15,281,159.36666666666667,0.6781615614891052,0.6262331605975592
UBFC_PHYS_s10_T2_ctrl,15,282,159.4,1.2940928936004639,0.48559950642796357
UBFC_PHYS_s10_T2_ctrl,15,283,159.43333333333334,1.3788164854049683,0.2818327173777938
UBFC_PHYS_s10_T2_ctrl,15,284,159.46666666666667,0.7662903666496277,0.028545198314999142
UBFC_PHYS_s10_T2_ctrl,15,285,159.5,0.09659959375858307,-0.25099319584579305
UBFC_PHYS_s10_T2_ctrl,15,286,159.53333333333333,0.22357918322086334,-0.5254554681514247
UBFC_PHYS_s10_T2_ctrl,15,287,159.56666666666666,1.0427272319793701,-0.7605212415082748
UBFC_PHYS_s10_T2_ctrl,15,288,159.6,2.0079097747802734,-0.9265087504236881
UBFC_PHYS_s10_T2_ctrl,15,289,159.63333333333333,2.9115169048309326,-1.004352650947349
UBFC_PHYS_s10_T2_ctrl,15,290,159.66666666666666,3.6180472373962402,-0.9879181629251882
UBFC_PHYS_s10_T2_ctrl,15,291,159.7,3.9144034385681152,-0.8832358779644346
UBFC_PHYS_s10_T2_ctrl,15,292,159.73333333333332,3.9224135875701904,-0.7065930160075079
UBFC_PHYS_s10_T2_ctrl,15,293,159.76666666666668,3.905881643295288,-0.4841671252385328
UBFC_PHYS_s10_T2_ctrl,15,294,159.8,3.7186145782470703,-0.25162740882696827
UBFC_PHYS_s10_T2_ctrl,15,295,159.83333333333334,3.10109543800354,-0.04839274154289993
UBFC_PHYS_s10_T2_ctrl,15,296,159.86666666666667,2.1424055099487305,0.09318613229140794
UBFC_PHYS_s10_T2_ctrl,15,297,159.9,1.0320353507995605,0.157691987491033
UBFC_PHYS_s10_T2_ctrl,15,298,159.93333333333334,0.1811468005180359,0.1511595272338853
UBFC_PHYS_s10_T2_ctrl,15,299,159.96666666666667,0.3232468068599701,0.09845168069761409
UBFC_PHYS_s10_T2_ctrl,16,0,160.0,1.330932378768921,-0.050473790305634154
UBFC_PHYS_s10_T2_ctrl,16,1,160.03333333333333,1.9147703647613525,-0.11572293936025622
UBFC_PHYS_s10_T2_ctrl,16,2,160.06666666666666,1.529844045639038,-0.19367995520828385
UBFC_PHYS_s10_T2_ctrl,16,3,160.1,0.694393515586853,-0.2882647065222125
UBFC_PHYS_s10_T2_ctrl,16,4,160.13333333333333,-0.222728431224823,-0.3912197937338719
UBFC_PHYS_s10_T2_ctrl,16,5,160.16666666666666,-1.032754898071289,-0.4838271406730104
UBFC_PHYS_s10_T2_ctrl,16,6,160.2,-1.4540441036224365,-0.5435782848520758
UBFC_PHYS_s10_T2_ctrl,16,7,160.23333333333332,-1.494747519493103,-0.5510341711822704
UBFC_PHYS_s10_T2_ctrl,16,8,160.26666666666668,-1.4562848806381226,-0.49464469199933325
UBFC_PHYS_s10_T2_ctrl,16,9,160.3,-1.5373034477233887,-0.3742260917906851
UBFC_PHYS_s10_T2_ctrl,16,10,160.33333333333334,-1.6969408988952637,-0.20273986378846426
UBFC_PHYS_s10_T2_ctrl,16,11,160.36666666666667,-1.8203389644622803,-0.004901130478423147
UBFC_PHYS_s10_T2_ctrl,16,12,160.4,-1.8983933925628662,0.18738503847242688
UBFC_PHYS_s10_T2_ctrl,16,13,160.43333333333334,-1.9900685548782349,0.34123036700772613
UBFC_PHYS_s10_T2_ctrl,16,14,160.46666666666667,-2.0537612438201904,0.4291007029074587
UBFC_PHYS_s10_T2_ctrl,16,15,160.5,-1.9859399795532227,0.4339932288718566
UBFC_PHYS_s10_T2_ctrl,16,16,160.53333333333333,-1.8115525245666504,0.35283302192971183
UBFC_PHYS_s10_T2_ctrl,16,17,160.56666666666666,-1.6825968027114868,0.19809475781183963
UBFC_PHYS_s10_T2_ctrl,16,18,160.6,-1.6679880619049072,-0.0028787917993074695
UBFC_PHYS_s10_T2_ctrl,16,19,160.63333333333333,-1.720265507698059,-0.21183481247952335
UBFC_PHYS_s10_T2_ctrl,16,20,160.66666666666666,-1.7578107118606567,-0.38636186341278644
UBFC_PHYS_s10_T2_ctrl,16,21,160.7,-1.6762452125549316,-0.4874768448933415
UBFC_PHYS_s10_T2_ctrl,16,22,160.73333333333332,-1.3938095569610596,-0.4867717136250573
UBFC_PHYS_s10_T2_ctrl,16,23,160.76666666666668,-0.9920515418052673,-0.3725917053638044
UBFC_PHYS_s10_T2_ctrl,16,24,160.8,-0.6700946688652039,-0.15420714742412228
UBFC_PHYS_s10_T2_ctrl,16,25,160.83333333333334,-0.49154338240623474,0.13752628125881533
UBFC_PHYS_s10_T2_ctrl,16,26,160.86666666666667,-0.37788453698158264,0.45394782780603227
UBFC_PHYS_s10_T2_ctrl,16,27,160.9,-0.26359057426452637,0.7369049607724178
UBFC_PHYS_s10_T2_ctrl,16,28,160.93333333333334,-0.128830224275589,0.9301367476401076
UBFC_PHYS_s10_T2_ctrl,16,29,160.96666666666667,0.035976845771074295,0.9908048684704274
UBFC_PHYS_s10_T2_ctrl,16,30,161.0,0.20907631516456604,0.8989702746874124
UBFC_PHYS_s10_T2_ctrl,16,31,161.03333333333333,0.3400256633758545,0.6637060070727353
UBFC_PHYS_s10_T2_ctrl,16,32,161.06666666666666,0.4058002829551697,0.3235070455530441
UBFC_PHYS_s10_T2_ctrl,16,33,161.1,0.411322683095932,-0.06190067745507508
UBFC_PHYS_s10_T2_ctrl,16,34,161.13333333333333,0.35881590843200684,-0.426552029879867
UBFC_PHYS_s10_T2_ctrl,16,35,161.16666666666666,0.2596246600151062,-0.7137345837375862
UBFC_PHYS_s10_T2_ctrl,16,36,161.2,0.14593055844306946,-0.8874326230872464
UBFC_PHYS_s10_T2_ctrl,16,37,161.23333333333332,0.019868412986397743,-0.937676673688383
UBFC_PHYS_s10_T2_ctrl,16,38,161.26666666666668,-0.16388766467571259,-0.8796646638242084
UBFC_PHYS_s10_T2_ctrl,16,39,161.3,-0.37940189242362976,-0.7482270701922372
UBFC_PHYS_s10_T2_ctrl,16,40,161.33333333333334,-0.504511296749115,-0.5880813212633083
UBFC_PHYS_s10_T2_ctrl,16,41,161.36666666666667,-0.508145809173584,-0.4393366567006579
UBFC_PHYS_s10_T2_ctrl,16,42,161.4,-0.5019882917404175,-0.32354411408536804
UBFC_PHYS_s10_T2_ctrl,16,43,161.43333333333334,-0.5588000416755676,-0.24039390969621038
UBFC_PHYS_s10_T2_ctrl,16,44,161.46666666666667,-0.625298023223877,-0.1755964601648821
UBFC_PHYS_s10_T2_ctrl,16,45,161.5,-0.600756049156189,-0.11089095407973759
UBFC_PHYS_s10_T2_ctrl,16,46,161.53333333333333,-0.4073314070701599,-0.030768300179387732
UBFC_PHYS_s10_T2_ctrl,16,47,161.56666666666666,-0.08916784077882767,0.07458615419595793
UBFC_PHYS_s10_T2_ctrl,16,48,161.6,0.2110876590013504,0.20838436103923808
UBFC_PHYS_s10_T2_ctrl,16,49,161.63333333333333,0.4060473144054413,0.36510616829914555
UBFC_PHYS_s10_T2_ctrl,16,50,161.66666666666666,0.5305391550064087,0.528409398692976
UBFC_PHYS_s10_T2_ctrl,16,51,161.7,0.6295539736747742,0.6745434073270449
UBFC_PHYS_s10_T2_ctrl,16,52,161.73333333333332,0.69294673204422,0.7805216758380837
UBFC_PHYS_s10_T2_ctrl,16,53,161.76666666666668,0.7086141109466553,0.8301788250572426
UBFC_PHYS_s10_T2_ctrl,16,54,161.8,0.705032467842102,0.8162270721242584
UBFC_PHYS_s10_T2_ctrl,16,55,161.83333333333334,0.7102372646331787,0.74173974987341
UBFC_PHYS_s10_T2_ctrl,16,56,161.86666666666667,0.7163771986961365,0.6209034272597669
UBFC_PHYS_s10_T2_ctrl,16,57,161.9,0.680419921875,0.47527334163386514
UBFC_PHYS_s10_T2_ctrl,16,58,161.93333333333334,0.5702897906303406,0.32612339890198644
UBFC_PHYS_s10_T2_ctrl,16,59,161.96666666666667,0.4026421308517456,0.18783309287198688
UBFC_PHYS_s10_T2_ctrl,16,60,162.0,0.21728049218654633,0.06483654287308688
UBFC_PHYS_s10_T2_ctrl,16,61,162.03333333333333,0.04735684022307396,-0.048261532659016844
UBFC_PHYS_s10_T2_ctrl,16,62,162.06666666666666,-0.07288297265768051,-0.16375483167045304
UBFC_PHYS_s10_T2_ctrl,16,63,162.1,-0.16529914736747742,-0.29528915394292693
UBFC_PHYS_s10_T2_ctrl,16,64,162.13333333333333,-0.31643256545066833,-0.45104505815185086
UBFC_PHYS_s10_T2_ctrl,16,65,162.16666666666666,-0.5389159321784973,-0.6279805209293835
UBFC_PHYS_s10_T2_ctrl,16,66,162.2,-0.7250891327857971,-0.8093391766699772
UBFC_PHYS_s10_T2_ctrl,16,67,162.23333333333332,-0.7726381421089172,-0.9670750039269319
UBFC_PHYS_s10_T2_ctrl,16,68,162.26666666666668,-0.6507927775382996,-1.0686507467264528
UBFC_PHYS_s10_T2_ctrl,16,69,162.3,-0.41168931126594543,-1.0855426444516607
UBFC_PHYS_s10_T2_ctrl,16,70,162.33333333333334,-0.18243089318275452,-1.0010213897223807
UBFC_PHYS_s10_T2_ctrl,16,71,162.36666666666667,-0.0590505450963974,-0.8153992880106208
UBFC_PHYS_s10_T2_ctrl,16,72,162.4,-0.0412307046353817,-0.5471992714403807
UBFC_PHYS_s10_T2_ctrl,16,73,162.43333333333334,-0.08385717868804932,-0.229214721535872
UBFC_PHYS_s10_T2_ctrl,16,74,162.46666666666667,-0.13322342932224274,0.09961730307446465
UBFC_PHYS_s10_T2_ctrl,16,75,162.5,-0.13920454680919647,0.4037640386752917
UBFC_PHYS_s10_T2_ctrl,16,76,162.53333333333333,-0.09947159141302109,0.6582638898925514
UBFC_PHYS_s10_T2_ctrl,16,77,162.56666666666666,-0.048640936613082886,0.849466172948728
UBFC_PHYS_s10_T2_ctrl,16,78,162.6,-0.003385596675798297,0.970536383038889
UBFC_PHYS_s10_T2_ctrl,16,79,162.63333333333333,0.020856443792581558,1.0177513158635951
UBFC_PHYS_s10_T2_ctrl,16,80,162.66666666666666,-0.005202867556363344,0.9899711226647934
UBFC_PHYS_s10_T2_ctrl,16,81,162.7,-0.09961273521184921,0.8894556490153012
UBFC_PHYS_s10_T2_ctrl,16,82,162.73333333333332,-0.23315568268299103,0.7228990695090443
UBFC_PHYS_s10_T2_ctrl,16,83,162.76666666666668,-0.3358403146266937,0.5025973327628026
UBFC_PHYS_s10_T2_ctrl,16,84,162.8,-0.386653333902359,0.2473700609825811
UBFC_PHYS_s10_T2_ctrl,16,85,162.83333333333334,-0.46631330251693726,-0.017386041219906934
UBFC_PHYS_s10_T2_ctrl,16,86,162.86666666666667,-0.6470876336097717,-0.26119454715910273
UBFC_PHYS_s10_T2_ctrl,16,87,162.9,-0.871176540851593,-0.4520927623949941
UBFC_PHYS_s10_T2_ctrl,16,88,162.93333333333334,-0.9784131646156311,-0.5617594303696828
UBFC_PHYS_s10_T2_ctrl,16,89,162.96666666666667,-0.8558444380760193,-0.5705400143183337
UBFC_PHYS_s10_T2_ctrl,16,90,163.0,-0.5515309572219849,-0.47195416846999994
UBFC_PHYS_s10_T2_ctrl,16,91,163.03333333333333,-0.22675113379955292,-0.2773869378521627
UBFC_PHYS_s10_T2_ctrl,16,92,163.06666666666666,0.0011134721571579576,-0.01903817588539066
UBFC_PHYS_s10_T2_ctrl,16,93,163.1,0.12475846707820892,0.25303484629731576
UBFC_PHYS_s10_T2_ctrl,16,94,163.13333333333333,0.17883551120758057,0.4800593317980125
UBFC_PHYS_s10_T2_ctrl,16,95,163.16666666666666,0.19072715938091278,0.6060561961136538
UBFC_PHYS_s10_T2_ctrl,16,96,163.2,0.18102328479290009,0.589175249046236
UBFC_PHYS_s10_T2_ctrl,16,97,163.23333333333332,0.16761429607868195,0.4118854092331981
UBFC_PHYS_s10_T2_ctrl,16,98,163.26666666666668,0.1695021539926529,0.08767529330746016
UBFC_PHYS_s10_T2_ctrl,16,99,163.3,0.1980668157339096,-0.33917877980364514
UBFC_PHYS_s10_T2_ctrl,16,100,163.33333333333334,0.23730576038360596,-0.800850692435738
UBFC_PHYS_s10_T2_ctrl,16,101,163.36666666666667,0.24505122005939484,-1.2168954061754402
UBFC_PHYS_s10_T2_ctrl,16,102,163.4,0.1835639476776123,-1.5066980370120493
UBFC_PHYS_s10_T2_ctrl,16,103,163.43333333333334,0.06771733611822128,-1.6026225353704817
UBFC_PHYS_s10_T2_ctrl,16,104,163.46666666666667,-0.02332264557480812,-1.4629855125357207
UBFC_PHYS_s10_T2_ctrl,16,105,163.5,-0.0434008426964283,-1.0835982683351073
UBFC_PHYS_s10_T2_ctrl,16,106,163.53333333333333,-0.06907200068235397,-0.5051659548265085
UBFC_PHYS_s10_T2_ctrl,16,107,163.56666666666666,-0.18673588335514069,0.18730123123955852
UBFC_PHYS_s10_T2_ctrl,16,108,163.6,-0.34134504199028015,0.8769636453629447
UBFC_PHYS_s10_T2_ctrl,16,109,163.63333333333333,-0.3823836147785187,1.4421823931021949
UBFC_PHYS_s10_T2_ctrl,16,110,163.66666666666666,-0.22495150566101074,1.789187743318981
UBFC_PHYS_s10_T2_ctrl,16,111,163.7,0.06674694269895554,1.8715278627314207
UBFC_PHYS_s10_T2_ctrl,16,112,163.73333333333332,0.3504529297351837,1.6910050074470295
UBFC_PHYS_s10_T2_ctrl,16,113,163.76666666666668,0.5271516442298889,1.2891909036614595
UBFC_PHYS_s10_T2_ctrl,16,114,163.8,0.568790078163147,0.7356219633511805
UBFC_PHYS_s10_T2_ctrl,16,115,163.83333333333334,0.4905768632888794,0.11421196181087458
UBFC_PHYS_s10_T2_ctrl,16,116,163.86666666666667,0.37243661284446716,-0.48992492880451627
UBFC_PHYS_s10_T2_ctrl,16,117,163.9,0.3228762745857239,-1.000463047574047
UBFC_PHYS_s10_T2_ctrl,16,118,163.93333333333334,0.35218197107315063,-1.356125425533105
UBFC_PHYS_s10_T2_ctrl,16,119,163.96666666666667,0.3700547516345978,-1.5146610629497468
UBFC_PHYS_s10_T2_ctrl,16,120,164.0,0.3358441889286041,-1.4562592533393293
UBFC_PHYS_s10_T2_ctrl,16,121,164.03333333333333,0.29784029722213745,-1.1876877501474143
UBFC_PHYS_s10_T2_ctrl,16,122,164.06666666666666,0.2534671127796173,-0.7454416662448214
UBFC_PHYS_s10_T2_ctrl,16,123,164.1,0.1446073055267334,-0.19356162558350712
UBFC_PHYS_s10_T2_ctrl,16,124,164.13333333333333,-0.01619471050798893,0.3858713067228267
UBFC_PHYS_s10_T2_ctrl,16,125,164.16666666666666,-0.16293492913246155,0.9084703095539534
UBFC_PHYS_s10_T2_ctrl,16,126,164.2,-0.28333353996276855,1.3046419635227526
UBFC_PHYS_s10_T2_ctrl,16,127,164.23333333333332,-0.4069785177707672,1.5302837938409457
UBFC_PHYS_s10_T2_ctrl,16,128,164.26666666666668,-0.554177463054657,1.5687880273209824
UBFC_PHYS_s10_T2_ctrl,16,129,164.3,-0.7232895493507385,1.4278046604856447
UBFC_PHYS_s10_T2_ctrl,16,130,164.33333333333334,-0.815917432308197,1.1339719094197547
UBFC_PHYS_s10_T2_ctrl,16,131,164.36666666666667,-0.6715943217277527,0.727708346376016
UBFC_PHYS_s10_T2_ctrl,16,132,164.4,-0.2942371666431427,0.25843513423217207
UBFC_PHYS_s10_T2_ctrl,16,133,164.43333333333334,0.11131419241428375,-0.22099643569113872
UBFC_PHYS_s10_T2_ctrl,16,134,164.46666666666667,0.39916637539863586,-0.6603451874405172
UBFC_PHYS_s10_T2_ctrl,16,135,164.5,0.5761473774909973,-1.0164798754615108
UBFC_PHYS_s10_T2_ctrl,16,136,164.53333333333333,0.6426807045936584,-1.2562480401911091
UBFC_PHYS_s10_T2_ctrl,16,137,164.56666666666666,0.5980781316757202,-1.359393759641375
UBFC_PHYS_s10_T2_ctrl,16,138,164.6,0.5289865732192993,-1.32132540381069
UBFC_PHYS_s10_T2_ctrl,16,139,164.63333333333333,0.5192650556564331,-1.1536070250348784
UBFC_PHYS_s10_T2_ctrl,16,140,164.66666666666666,0.5322152972221375,-0.8819427708790959
UBFC_PHYS_s10_T2_ctrl,16,141,164.7,0.49119439721107483,-0.5433739290694349
UBFC_PHYS_s10_T2_ctrl,16,142,164.73333333333332,0.41469258069992065,-0.1830641727056455
UBFC_PHYS_s10_T2_ctrl,16,143,164.76666666666668,0.3559400141239166,0.15030556753888813
UBFC_PHYS_s10_T2_ctrl,16,144,164.8,0.2778855860233307,0.4112414259549418
UBFC_PHYS_s10_T2_ctrl,16,145,164.83333333333334,0.1255347728729248,0.5662493546710162
UBFC_PHYS_s10_T2_ctrl,16,146,164.86666666666667,-0.0639554113149643,0.6019281254000858
UBFC_PHYS_s10_T2_ctrl,16,147,164.9,-0.23061503469944,0.5271974446766774
UBFC_PHYS_s10_T2_ctrl,16,148,164.93333333333334,-0.3804957866668701,0.36896809549927345
UBFC_PHYS_s10_T2_ctrl,16,149,164.96666666666667,-0.5602821111679077,0.16513818791553236
UBFC_PHYS_s10_T2_ctrl,16,150,165.0,-0.8061253428459167,-0.0424718234380293
UBFC_PHYS_s10_T2_ctrl,16,151,165.03333333333333,-1.0797216892242432,-0.2144296911462751
UBFC_PHYS_s10_T2_ctrl,16,152,165.06666666666666,-1.2370126247406006,-0.3190412005784127
UBFC_PHYS_s10_T2_ctrl,16,153,165.1,-1.156629204750061,-0.336919999946549
UBFC_PHYS_s10_T2_ctrl,16,154,165.13333333333333,-0.8841444849967957,-0.2643979366052256
UBFC_PHYS_s10_T2_ctrl,16,155,165.16666666666666,-0.5855827331542969,-0.11475532119436786
UBFC_PHYS_s10_T2_ctrl,16,156,165.2,-0.3861769437789917,0.08387320376147536
UBFC_PHYS_s10_T2_ctrl,16,157,165.23333333333332,-0.3283065855503082,0.29486286913229703
UBFC_PHYS_s10_T2_ctrl,16,158,165.26666666666668,-0.4076489806175232,0.4820184896167694
UBFC_PHYS_s10_T2_ctrl,16,159,165.3,-0.5641283392906189,0.616933038404402
UBFC_PHYS_s10_T2_ctrl,16,160,165.33333333333334,-0.7259360551834106,0.6828661582907898
UBFC_PHYS_s10_T2_ctrl,16,161,165.36666666666667,-0.9016114473342896,0.6757048281286567
UBFC_PHYS_s10_T2_ctrl,16,162,165.4,-1.112961769104004,0.6022610954167735
UBFC_PHYS_s10_T2_ctrl,16,163,165.43333333333334,-1.281579852104187,0.4757419658507418
UBFC_PHYS_s10_T2_ctrl,16,164,165.46666666666667,-1.3286525011062622,0.3102517537909084
UBFC_PHYS_s10_T2_ctrl,16,165,165.5,-1.2986409664154053,0.11783656383674948
UBFC_PHYS_s10_T2_ctrl,16,166,165.53333333333333,-1.229814052581787,-0.09100478921420158
UBFC_PHYS_s10_T2_ctrl,16,167,165.56666666666666,-1.0192400217056274,-0.3051675360955553
UBFC_PHYS_s10_T2_ctrl,16,168,165.6,-0.5953042507171631,-0.5107926294803441
UBFC_PHYS_s10_T2_ctrl,16,169,165.63333333333333,-0.08890318870544434,-0.6901778757819288
UBFC_PHYS_s10_T2_ctrl,16,170,165.66666666666666,0.2855604887008667,-0.8224183419987522
UBFC_PHYS_s10_T2_ctrl,16,171,165.7,0.4738861918449402,-0.885920071730267
UBFC_PHYS_s10_T2_ctrl,16,172,165.73333333333332,0.6829076409339905,-0.8626367999804622
UBFC_PHYS_s10_T2_ctrl,16,173,165.76666666666668,1.2174146175384521,-0.7435245727479606
UBFC_PHYS_s10_T2_ctrl,16,174,165.8,2.11112380027771,-0.5335791614582076
UBFC_PHYS_s10_T2_ctrl,16,175,165.83333333333334,2.9768857955932617,-0.2539579832095523
UBFC_PHYS_s10_T2_ctrl,16,176,165.86666666666667,3.3724331855773926,0.06022115956593986
UBFC_PHYS_s10_T2_ctrl,16,177,165.9,3.2663259506225586,0.3663762308829924
UBFC_PHYS_s10_T2_ctrl,16,178,165.93333333333334,2.985954523086548,0.6235242498313054
UBFC_PHYS_s10_T2_ctrl,16,179,165.96666666666667,2.7749569416046143,0.8007489452826807
UBFC_PHYS_s10_T2_ctrl,16,180,166.0,2.646512985229492,0.8827746436520343
UBFC_PHYS_s10_T2_ctrl,16,181,166.03333333333333,2.5268378257751465,0.8715651439899527
UBFC_PHYS_s10_T2_ctrl,16,182,166.06666666666666,2.26446270942688,0.7836925595877678
UBFC_PHYS_s10_T2_ctrl,16,183,166.1,1.7231981754302979,0.6440645259927738
UBFC_PHYS_s10_T2_ctrl,16,184,166.13333333333333,1.0176030397415161,0.4785325317034851
UBFC_PHYS_s10_T2_ctrl,16,185,166.16666666666666,0.41047579050064087,0.30932008757013435
UBFC_PHYS_s10_T2_ctrl,16,186,166.2,0.028425466269254684,0.15386232870131517
UBFC_PHYS_s10_T2_ctrl,16,187,166.23333333333332,-0.2102898359298706,0.024322145320480677
UBFC_PHYS_s10_T2_ctrl,16,188,166.26666666666668,-0.49486035108566284,-0.07319732192868401
UBFC_PHYS_s10_T2_ctrl,16,189,166.3,-0.8943070769309998,-0.138638987575011
UBFC_PHYS_s10_T2_ctrl,16,190,166.33333333333334,-1.2506510019302368,-0.17720765450542594
UBFC_PHYS_s10_T2_ctrl,16,191,166.36666666666667,-1.4748986959457397,-0.1989797708502114
UBFC_PHYS_s10_T2_ctrl,16,192,166.4,-1.6671411991119385,-0.21822277299949122
UBFC_PHYS_s10_T2_ctrl,16,193,166.43333333333334,-1.809505820274353,-0.25013181380668575
UBFC_PHYS_s10_T2_ctrl,16,194,166.46666666666667,-1.7321043014526367,-0.3054433520902005
UBFC_PHYS_s10_T2_ctrl,16,195,166.5,-1.4447284936904907,-0.3861426232241041
UBFC_PHYS_s10_T2_ctrl,16,196,166.53333333333333,-1.129828929901123,-0.4842078412538396
UBFC_PHYS_s10_T2_ctrl,16,197,166.56666666666666,-0.8412533402442932,-0.5836310902228523
UBFC_PHYS_s10_T2_ctrl,16,198,166.6,-0.5097690224647522,-0.6652129615619976
UBFC_PHYS_s10_T2_ctrl,16,199,166.63333333333333,-0.14388003945350647,-0.7129493876094071
UBFC_PHYS_s10_T2_ctrl,16,200,166.66666666666666,0.16285058856010437,-0.7193132101096071
UBFC_PHYS_s10_T2_ctrl,16,201,166.7,0.3915267884731293,-0.685789816316167
UBFC_PHYS_s10_T2_ctrl,16,202,166.73333333333332,0.6147158741950989,-0.6185036408919609
UBFC_PHYS_s10_T2_ctrl,16,203,166.76666666666668,0.8405691385269165,-0.5222879275402129
UBFC_PHYS_s10_T2_ctrl,16,204,166.8,0.9820692539215088,-0.39633265173377774
UBFC_PHYS_s10_T2_ctrl,16,205,166.83333333333334,1.0033824443817139,-0.2336059069180859
UBFC_PHYS_s10_T2_ctrl,16,206,166.86666666666667,0.9379078149795532,-0.025339956074519995
UBFC_PHYS_s10_T2_ctrl,16,207,166.9,0.8043295741081238,0.22942841116855328
UBFC_PHYS_s10_T2_ctrl,16,208,166.93333333333334,0.6108695864677429,0.5139088001017876
UBFC_PHYS_s10_T2_ctrl,16,209,166.96666666666667,0.40578263998031616,0.7914459086384369
UBFC_PHYS_s10_T2_ctrl,16,210,167.0,0.24903862178325653,1.0135403288683609
UBFC_PHYS_s10_T2_ctrl,16,211,167.03333333333333,0.14054931700229645,1.1337168622056786
UBFC_PHYS_s10_T2_ctrl,16,212,167.06666666666666,0.019903700798749924,1.121821623704279
UBFC_PHYS_s10_T2_ctrl,16,213,167.1,-0.16027076542377472,0.9733022462114596
UBFC_PHYS_s10_T2_ctrl,16,214,167.13333333333333,-0.36844533681869507,0.7106434001833539
UBFC_PHYS_s10_T2_ctrl,16,215,167.16666666666666,-0.48616212606430054,0.3772155109880226
UBFC_PHYS_s10_T2_ctrl,16,216,167.2,-0.42518651485443115,0.026414320655997456
UBFC_PHYS_s10_T2_ctrl,16,217,167.23333333333332,-0.23675493896007538,-0.2890643596126885
UBFC_PHYS_s10_T2_ctrl,16,218,167.26666666666668,-0.036008257418870926,-0.5252519932302958
UBFC_PHYS_s10_T2_ctrl,16,219,167.3,0.11078488826751709,-0.6522895341981059
UBFC_PHYS_s10_T2_ctrl,16,220,167.33333333333334,0.17299553751945496,-0.657746807297617
UBFC_PHYS_s10_T2_ctrl,16,221,167.36666666666667,0.13919077813625336,-0.5485559272238177
UBFC_PHYS_s10_T2_ctrl,16,222,167.4,0.04710983484983444,-0.3504561598664542
UBFC_PHYS_s10_T2_ctrl,16,223,167.43333333333334,-0.04273039475083351,-0.10234902260802696
UBFC_PHYS_s10_T2_ctrl,16,224,167.46666666666667,-0.09712501615285873,0.15334054911748707
UBFC_PHYS_s10_T2_ctrl,16,225,167.5,-0.12835384905338287,0.37959170487815563
UBFC_PHYS_s10_T2_ctrl,16,226,167.53333333333333,-0.15047867596149445,0.5501208971045666
UBFC_PHYS_s10_T2_ctrl,16,227,167.56666666666666,-0.14788509905338287,0.6505894226502906
UBFC_PHYS_s10_T2_ctrl,16,228,167.6,-0.1439153254032135,0.676480284271478
UBFC_PHYS_s10_T2_ctrl,16,229,167.63333333333333,-0.20335596799850464,0.6294723898987946
UBFC_PHYS_s10_T2_ctrl,16,230,167.66666666666666,-0.3249896168708801,0.5146680371396932
UBFC_PHYS_s10_T2_ctrl,16,231,167.7,-0.4319615960121155,0.34097992570308777
UBFC_PHYS_s10_T2_ctrl,16,232,167.73333333333332,-0.4806397557258606,0.1234647116519151
UBFC_PHYS_s10_T2_ctrl,16,233,167.76666666666668,-0.505605161190033,-0.1167497591173585
UBFC_PHYS_s10_T2_ctrl,16,234,167.8,-0.5702682733535767,-0.35567248268169577
UBFC_PHYS_s10_T2_ctrl,16,235,167.83333333333334,-0.6773284673690796,-0.5696716447204783
UBFC_PHYS_s10_T2_ctrl,16,236,167.86666666666667,-0.7336285710334778,-0.737448699938629
UBFC_PHYS_s10_T2_ctrl,16,237,167.9,-0.647652268409729,-0.8416388967382932
UBFC_PHYS_s10_T2_ctrl,16,238,167.93333333333334,-0.45022252202033997,-0.8706436986998568
UBFC_PHYS_s10_T2_ctrl,16,239,167.96666666666667,-0.24038948118686676,-0.8207681321896496
UBFC_PHYS_s10_T2_ctrl,16,240,168.0,-0.07065990567207336,-0.6980684493468323
UBFC_PHYS_s10_T2_ctrl,16,241,168.03333333333333,0.03537696972489357,-0.5187432736423728
UBFC_PHYS_s10_T2_ctrl,16,242,168.06666666666666,0.06335940957069397,-0.30762546895048265
UBFC_PHYS_s10_T2_ctrl,16,243,168.1,0.0397525317966938,-0.09517166037471078
UBFC_PHYS_s10_T2_ctrl,16,244,168.13333333333333,0.014434244483709335,0.08696410884560328
UBFC_PHYS_s10_T2_ctrl,16,245,168.16666666666666,0.007941470481455326,0.21189360297413765
UBFC_PHYS_s10_T2_ctrl,16,246,168.2,0.015192911028862,0.26381342752455783
UBFC_PHYS_s10_T2_ctrl,16,247,168.23333333333332,0.024120474234223366,0.2423027340110221
UBFC_PHYS_s10_T2_ctrl,16,248,168.26666666666668,0.0207329411059618,0.16308752058332288
UBFC_PHYS_s10_T2_ctrl,16,249,168.3,-0.01720038428902626,0.05491080708620566
UBFC_PHYS_s10_T2_ctrl,16,250,168.33333333333334,-0.11441555619239807,-0.04651709288341521
UBFC_PHYS_s10_T2_ctrl,16,251,168.36666666666667,-0.2547335624694824,-0.10535716170086336
UBFC_PHYS_s10_T2_ctrl,16,252,168.4,-0.3837950825691223,-0.09230039874586947
UBFC_PHYS_s10_T2_ctrl,16,253,168.43333333333334,-0.4871678054332733,0.008764123700152112
UBFC_PHYS_s10_T2_ctrl,16,254,168.46666666666667,-0.600244402885437,0.1952625792764585
UBFC_PHYS_s10_T2_ctrl,16,255,168.5,-0.740227222442627,0.44413265614878233
UBFC_PHYS_s10_T2_ctrl,16,256,168.53333333333333,-0.8550505042076111,0.7148000400399229
UBFC_PHYS_s10_T2_ctrl,16,257,168.56666666666666,-0.834001898765564,0.9563644456703853
UBFC_PHYS_s10_T2_ctrl,16,258,168.6,-0.6264801621437073,1.1176672682789428
UBFC_PHYS_s10_T2_ctrl,16,259,168.63333333333333,-0.3508724868297577,1.1582568776544389
UBFC_PHYS_s10_T2_ctrl,16,260,168.66666666666666,-0.1770496517419815,1.0570985273470517
UBFC_PHYS_s10_T2_ctrl,16,261,168.7,-0.1271364539861679,0.8152259474762291
UBFC_PHYS_s10_T2_ctrl,16,262,168.73333333333332,-0.11471549421548843,0.4525914641874017
UBFC_PHYS_s10_T2_ctrl,16,263,168.76666666666668,-0.10737583786249161,0.0032311140095327567
UBFC_PHYS_s10_T2_ctrl,16,264,168.8,-0.13698147237300873,-0.4888813400628757
UBFC_PHYS_s10_T2_ctrl,16,265,168.83333333333334,-0.2029854655265808,-0.9732108170529051
UBFC_PHYS_s10_T2_ctrl,16,266,168.86666666666667,-0.2641904354095459,-1.3958952160501146
UBFC_PHYS_s10_T2_ctrl,16,267,168.9,-0.30207082629203796,-1.7038365806834157
UBFC_PHYS_s10_T2_ctrl,16,268,168.93333333333334,-0.3594648241996765,-1.8502224603351152
UBFC_PHYS_s10_T2_ctrl,16,269,168.96666666666667,-0.44882869720458984,-1.801284837979027
UBFC_PHYS_s10_T2_ctrl,16,270,169.0,-0.4978067874908447,-1.54372249107532
UBFC_PHYS_s10_T2_ctrl,16,271,169.03333333333333,-0.5406097173690796,-1.0917132883197955
UBFC_PHYS_s10_T2_ctrl,16,272,169.06666666666666,-0.7476021647453308,-0.4908733471043372
UBFC_PHYS_s10_T2_ctrl,16,273,169.1,-1.0853322744369507,0.18453911790082733
UBFC_PHYS_s10_T2_ctrl,16,274,169.13333333333333,-1.2886018753051758,0.8426746835667656
UBFC_PHYS_s10_T2_ctrl,16,275,169.16666666666666,-1.2148348093032837,1.3921006407962093
UBFC_PHYS_s10_T2_ctrl,16,276,169.2,-0.9572411179542542,1.7610286543925593
UBFC_PHYS_s10_T2_ctrl,16,277,169.23333333333332,-0.6831331253051758,1.9086323589074021
UBFC_PHYS_s10_T2_ctrl,16,278,169.26666666666668,-0.4679717719554901,1.826546364173621
UBFC_PHYS_s10_T2_ctrl,16,279,169.3,-0.12396063655614853,1.5359671755943782
UBFC_PHYS_s10_T2_ctrl,16,280,169.33333333333334,0.6594242453575134,1.0828477590117114
UBFC_PHYS_s10_T2_ctrl,16,281,169.36666666666667,1.7904901504516602,0.5300880250227454
UBFC_PHYS_s10_T2_ctrl,16,282,169.4,2.672131299972534,-0.05236188976051065
UBFC_PHYS_s10_T2_ctrl,16,283,169.43333333333334,2.9391465187072754,-0.5964886521585807
UBFC_PHYS_s10_T2_ctrl,16,284,169.46666666666667,2.873565912246704,-1.042881333191169
UBFC_PHYS_s10_T2_ctrl,16,285,169.5,2.7740747928619385,-1.345323069586806
UBFC_PHYS_s10_T2_ctrl,16,286,169.53333333333333,2.5489273071289062,-1.4741096981072497
UBFC_PHYS_s10_T2_ctrl,16,287,169.56666666666666,2.1964473724365234,-1.4190119332819322
UBFC_PHYS_s10_T2_ctrl,16,288,169.6,1.8636220693588257,-1.1917206537178568
UBFC_PHYS_s10_T2_ctrl,16,289,169.63333333333333,1.494521975517273,-0.8264681517650784
UBFC_PHYS_s10_T2_ctrl,16,290,169.66666666666666,1.0228784084320068,-0.3766033833361566
UBFC_PHYS_s10_T2_ctrl,16,291,169.7,0.6173800230026245,0.09532214461342116
UBFC_PHYS_s10_T2_ctrl,16,292,169.73333333333332,0.39583176374435425,0.5306729980040843
UBFC_PHYS_s10_T2_ctrl,16,293,169.76666666666668,0.22109146416187286,0.882665777239882
UBFC_PHYS_s10_T2_ctrl,16,294,169.8,-0.05382809787988663,1.1176436873112818
UBFC_PHYS_s10_T2_ctrl,16,295,169.83333333333334,-0.3708624839782715,1.2152573311820607
UBFC_PHYS_s10_T2_ctrl,16,296,169.86666666666667,-0.602749764919281,1.1702814584519698
UBFC_PHYS_s10_T2_ctrl,16,297,169.9,-0.728794276714325,0.9950814614681616
UBFC_PHYS_s10_T2_ctrl,16,298,169.93333333333334,-0.8181228637695312,0.7201950345313435
UBFC_PHYS_s10_T2_ctrl,16,299,169.96666666666667,-0.9238421320915222,0.38966631721667533
