recording_id,measurement_id,sample_index,time_seconds,gt_signal,predicted_signal
TOKYOTECH_s09,0,0,0.0,-13.62172794342041,0.038952597497985485
TOKYOTECH_s09,0,1,0.03333333333333333,-10.600228309631348,-0.36224142490922434
TOKYOTECH_s09,0,2,0.06666666666666667,-1.699236273765564,-0.706271962847844
TOKYOTECH_s09,0,3,0.1,0.9149928689002991,-0.9476340501420135
TOKYOTECH_s09,0,4,0.13333333333333333,0.4222549796104431,-1.0648802893822868
TOKYOTECH_s09,0,5,0.16666666666666666,0.7652414441108704,-1.0684773844013302
TOKYOTECH_s09,0,6,0.2,1.0404850244522095,-0.996612720224217
TOKYOTECH_s09,0,7,0.23333333333333334,0.9178917407989502,-0.8989453945452194
TOKYOTECH_s09,0,8,0.26666666666666666,0.6254581809043884,-0.8154491801877937
TOKYOTECH_s09,0,9,0.3,0.3437556326389313,-0.7631063331184214
TOKYOTECH_s09,0,10,0.3333333333333333,0.12582902610301971,-0.7361070240640997
TOKYOTECH_s09,0,11,0.36666666666666664,-0.015479965135455132,-0.7168949767005994
TOKYOTECH_s09,0,12,0.4,-0.08078165352344513,-0.6899749444992934
TOKYOTECH_s09,0,13,0.43333333333333335,-0.006045802962034941,-0.647072669814902
TOKYOTECH_s09,0,14,0.4666666666666667,-0.04022238776087761,-0.5824338780022874
TOKYOTECH_s09,0,15,0.5,-0.2055109441280365,-0.4873841687931435
TOKYOTECH_s09,0,16,0.5333333333333333,-0.5647211074829102,-0.3503828470910443
TOKYOTECH_s09,0,17,0.5666666666666667,-0.7183631658554077,-0.16413895702584747
TOKYOTECH_s09,0,18,0.6,-0.7866654992103577,0.06520524817526241
TOKYOTECH_s09,0,19,0.6333333333333333,-0.698528528213501,0.3170803831858412
TOKYOTECH_s09,0,20,0.6666666666666666,-0.46793830394744873,0.5644326080252267
TOKYOTECH_s09,0,21,0.7,0.2697572112083435,0.7816509844346193
TOKYOTECH_s09,0,22,0.7333333333333333,1.089995265007019,0.9477501918939815
TOKYOTECH_s09,0,23,0.7666666666666667,1.6527900695800781,1.0454829107797785
TOKYOTECH_s09,0,24,0.8,1.8585107326507568,1.059147365760608
TOKYOTECH_s09,0,25,0.8333333333333334,1.7590069770812988,0.9750980823544022
TOKYOTECH_s09,0,26,0.8666666666666667,1.7105647325515747,0.7875704504762505
TOKYOTECH_s09,0,27,0.9,1.3795045614242554,0.5101462861282501
TOKYOTECH_s09,0,28,0.9333333333333333,0.7073649764060974,0.18502814576160218
TOKYOTECH_s09,0,29,0.9666666666666667,0.39156216382980347,-0.12387863652295732
TOKYOTECH_s09,0,30,1.0,0.33269399404525757,-0.354008876286672
TOKYOTECH_s09,0,31,1.0333333333333334,0.19405505061149597,-0.4688613928451914
TOKYOTECH_s09,0,32,1.0666666666666667,-0.1679014414548874,-0.4705524274263137
TOKYOTECH_s09,0,33,1.1,-0.39355844259262085,-0.3902913611906793
TOKYOTECH_s09,0,34,1.1333333333333333,-0.3579324185848236,-0.2646235182022964
TOKYOTECH_s09,0,35,1.1666666666666667,-0.37779244780540466,-0.1209327611355222
TOKYOTECH_s09,0,36,1.2,-0.6244029998779297,0.021549370242365733
TOKYOTECH_s09,0,37,1.2333333333333334,-1.0217312574386597,0.14756011251088105
TOKYOTECH_s09,0,38,1.2666666666666666,-1.2116858959197998,0.2452725786298257
TOKYOTECH_s09,0,39,1.3,-0.9137596487998962,0.30870113467997456
TOKYOTECH_s09,0,40,1.3333333333333333,0.18749436736106873,0.3399145086451173
TOKYOTECH_s09,0,41,1.3666666666666667,1.1074904203414917,0.3464477109756377
TOKYOTECH_s09,0,42,1.4,1.5733498334884644,0.3344676539737757
TOKYOTECH_s09,0,43,1.4333333333333333,1.6686577796936035,0.3033698331963014
TOKYOTECH_s09,0,44,1.4666666666666666,1.6153839826583862,0.24527229958035193
TOKYOTECH_s09,0,45,1.5,1.5361217260360718,0.14979398579535208
TOKYOTECH_s09,0,46,1.5333333333333334,1.1669434309005737,0.011114744944493838
TOKYOTECH_s09,0,47,1.5666666666666667,0.655972957611084,-0.1683222408625913
TOKYOTECH_s09,0,48,1.6,0.33261772990226746,-0.37842367269265065
TOKYOTECH_s09,0,49,1.6333333333333333,0.26553601026535034,-0.6025300765139834
TOKYOTECH_s09,0,50,1.6666666666666667,0.09022841602563858,-0.8170647389654487
TOKYOTECH_s09,0,51,1.7,-0.3357328772544861,-0.9903776316668926
TOKYOTECH_s09,0,52,1.7333333333333334,-0.6599781513214111,-1.084698182966082
TOKYOTECH_s09,0,53,1.7666666666666666,-0.6872634887695312,-1.0671777061197425
TOKYOTECH_s09,0,54,1.8,-0.7240338325500488,-0.9255978596767339
TOKYOTECH_s09,0,55,1.8333333333333333,-0.9357048869132996,-0.6748359803334407
TOKYOTECH_s09,0,56,1.8666666666666667,-0.9588452577590942,-0.34994698340571484
TOKYOTECH_s09,0,57,1.9,-0.9658637046813965,0.007462072932746415
TOKYOTECH_s09,0,58,1.9333333333333333,-0.6962907910346985,0.3615245266335359
TOKYOTECH_s09,0,59,1.9666666666666666,-0.02506669983267784,0.6856519786893144
TOKYOTECH_s09,0,60,2.0,0.6088530421257019,0.9569900601454052
TOKYOTECH_s09,0,61,2.033333333333333,1.0765687227249146,1.148522927535506
TOKYOTECH_s09,0,62,2.066666666666667,1.1550172567367554,1.2274703201956334
TOKYOTECH_s09,0,63,2.1,1.0116485357284546,1.1681078114222658
TOKYOTECH_s09,0,64,2.1333333333333333,0.6445299386978149,0.9719636175500739
TOKYOTECH_s09,0,65,2.1666666666666665,-0.050266847014427185,0.6748590956264837
TOKYOTECH_s09,0,66,2.2,-0.3580086827278137,0.33433591635916166
TOKYOTECH_s09,0,67,2.2333333333333334,-0.2996236979961395,0.006859390881302052
TOKYOTECH_s09,0,68,2.2666666666666666,-0.4480782449245453,-0.27072449847348273
TOKYOTECH_s09,0,69,2.3,-0.6013643145561218,-0.4795811366067219
TOKYOTECH_s09,0,70,2.3333333333333335,-0.5592284202575684,-0.6038021279700262
TOKYOTECH_s09,0,71,2.3666666666666667,-0.5898703932762146,-0.6289859213309879
TOKYOTECH_s09,0,72,2.4,-0.7861314415931702,-0.5570140333245397
TOKYOTECH_s09,0,73,2.433333333333333,-0.9065378308296204,-0.41419167232130727
TOKYOTECH_s09,0,74,2.466666666666667,-0.990580677986145,-0.24351043824050167
TOKYOTECH_s09,0,75,2.5,-1.1095120906829834,-0.08802537319296522
TOKYOTECH_s09,0,76,2.533333333333333,-1.0563147068023682,0.0252448955262796
TOKYOTECH_s09,0,77,2.566666666666667,-0.4478493630886078,0.09136066733635759
TOKYOTECH_s09,0,78,2.6,0.5048738121986389,0.12151746494928994
TOKYOTECH_s09,0,79,2.6333333333333333,1.1960088014602661,0.13113999126628112
TOKYOTECH_s09,0,80,2.6666666666666665,1.5190843343734741,0.12959026228363688
TOKYOTECH_s09,0,81,2.7,1.5371135473251343,0.11873015732279248
TOKYOTECH_s09,0,82,2.7333333333333334,1.345200777053833,0.09846522785639487
TOKYOTECH_s09,0,83,2.7666666666666666,0.8693986535072327,0.06898346629661573
TOKYOTECH_s09,0,84,2.8,0.38311973214149475,0.028329526811608326
TOKYOTECH_s09,0,85,2.8333333333333335,0.19537736475467682,-0.026789854501944526
TOKYOTECH_s09,0,86,2.8666666666666667,0.12674447894096375,-0.09529147379977994
TOKYOTECH_s09,0,87,2.9,0.00023516180226579309,-0.16624444297256957
TOKYOTECH_s09,0,88,2.933333333333333,-0.14638850092887878,-0.2192515320594786
TOKYOTECH_s09,0,89,2.966666666666667,-0.10099771618843079,-0.23517225194646987
TOKYOTECH_s09,0,90,3.0,-0.13990409672260284,-0.21047546154321542
TOKYOTECH_s09,0,91,3.033333333333333,-0.26305678486824036,-0.15898842688514972
TOKYOTECH_s09,0,92,3.066666666666667,-0.41229963302612305,-0.09953474079851209
TOKYOTECH_s09,0,93,3.1,-0.4693877398967743,-0.04309348673881068
TOKYOTECH_s09,0,94,3.1333333333333333,-0.45723268389701843,0.012281543898141003
TOKYOTECH_s09,0,95,3.1666666666666665,-0.24645164608955383,0.07800694757405621
TOKYOTECH_s09,0,96,3.2,0.6637033820152283,0.16551861854592567
TOKYOTECH_s09,0,97,3.2333333333333334,1.4925873279571533,0.276016439642055
TOKYOTECH_s09,0,98,3.2666666666666666,1.6076281070709229,0.39493183309777796
TOKYOTECH_s09,0,99,3.3,1.558473825454712,0.4956880271891302
TOKYOTECH_s09,0,100,3.3333333333333335,1.574010968208313,0.5499342648319008
TOKYOTECH_s09,0,101,3.3666666666666667,1.2706174850463867,0.5348064450024907
TOKYOTECH_s09,0,102,3.4,0.8840203285217285,0.4349628467981701
TOKYOTECH_s09,0,103,3.433333333333333,0.6684331893920898,0.24472934008362845
TOKYOTECH_s09,0,104,3.466666666666667,0.4303159713745117,-0.027642858830375233
TOKYOTECH_s09,0,105,3.5,0.1175646036863327,-0.35570809972123824
TOKYOTECH_s09,0,106,3.533333333333333,-0.03330569714307785,-0.6937652013913838
TOKYOTECH_s09,0,107,3.566666666666667,-0.12108663469552994,-0.9825137188496208
TOKYOTECH_s09,0,108,3.6,-0.33489373326301575,-1.1626183583924279
TOKYOTECH_s09,0,109,3.6333333333333333,-0.5138885378837585,-1.194399171153269
TOKYOTECH_s09,0,110,3.6666666666666665,-0.7734678387641907,-1.0740835449061137
TOKYOTECH_s09,0,111,3.7,-0.8979682326316833,-0.8314647987867526
TOKYOTECH_s09,0,112,3.7333333333333334,-1.0342168807983398,-0.5104004775636272
TOKYOTECH_s09,0,113,3.7666666666666666,-1.090923547744751,-0.14983215774747055
TOKYOTECH_s09,0,114,3.8,-0.9633462429046631,0.2242274079847573
TOKYOTECH_s09,0,115,3.8333333333333335,-0.20411233603954315,0.5950294419171585
TOKYOTECH_s09,0,116,3.8666666666666667,0.7884326577186584,0.9444788813281988
TOKYOTECH_s09,0,117,3.9,1.243713617324829,1.24440795607811
TOKYOTECH_s09,0,118,3.933333333333333,1.1345722675323486,1.4555793269091246
TOKYOTECH_s09,0,119,3.966666666666667,0.9434224963188171,1.5358414379407554
TOKYOTECH_s09,0,120,4.0,0.6912429928779602,1.453719184265641
TOKYOTECH_s09,0,121,4.033333333333333,0.41531285643577576,1.1994323543075278
TOKYOTECH_s09,0,122,4.066666666666666,0.1492491513490677,0.7901687575764121
TOKYOTECH_s09,0,123,4.1,-0.18613404035568237,0.27175934778554645
TOKYOTECH_s09,0,124,4.133333333333334,-0.4191400408744812,-0.2842812161648488
TOKYOTECH_s09,0,125,4.166666666666667,-0.4611996114253998,-0.792344088976914
TOKYOTECH_s09,0,126,4.2,-0.8128319382667542,-1.172499554810554
TOKYOTECH_s09,0,127,4.233333333333333,-1.2407258749008179,-1.373161988894108
TOKYOTECH_s09,0,128,4.266666666666667,-1.464348554611206,-1.3864409210910844
TOKYOTECH_s09,0,129,4.3,-1.457762360572815,-1.2433258849683397
TOKYOTECH_s09,0,130,4.333333333333333,-1.571302890777588,-0.9919687404319562
TOKYOTECH_s09,0,131,4.366666666666666,-1.8919118642807007,-0.6776313765161603
TOKYOTECH_s09,0,132,4.4,-2.063328742980957,-0.33413118522321217
TOKYOTECH_s09,0,133,4.433333333333334,-1.6612707376480103,0.014360281206397221
TOKYOTECH_s09,0,134,4.466666666666667,-0.7266784310340881,0.3457711207199393
TOKYOTECH_s09,0,135,4.5,0.01953577809035778,0.6335075771345557
TOKYOTECH_s09,0,136,4.533333333333333,0.14624851942062378,0.8452417242915317
TOKYOTECH_s09,0,137,4.566666666666666,0.15156318247318268,0.9483119048364437
TOKYOTECH_s09,0,138,4.6,0.21277080476284027,0.9197114986025816
TOKYOTECH_s09,0,139,4.633333333333334,0.17833992838859558,0.7558375806665716
TOKYOTECH_s09,0,140,4.666666666666667,-0.19343215227127075,0.4779619157592385
TOKYOTECH_s09,0,141,4.7,-0.4381863474845886,0.1310127797201862
TOKYOTECH_s09,0,142,4.733333333333333,-0.4297184944152832,-0.2242706758240891
TOKYOTECH_s09,0,143,4.766666666666667,-0.22765959799289703,-0.5232650221322589
TOKYOTECH_s09,0,144,4.8,-0.2591407001018524,-0.7112217125679646
TOKYOTECH_s09,0,145,4.833333333333333,-0.5570669770240784,-0.7570797678622112
TOKYOTECH_s09,0,146,4.866666666666666,-0.6582489609718323,-0.6627289695514292
TOKYOTECH_s09,0,147,4.9,-0.746080756187439,-0.4611432154887658
TOKYOTECH_s09,0,148,4.933333333333334,-0.9392903447151184,-0.20372973177769366
TOKYOTECH_s09,0,149,4.966666666666667,-0.9858508706092834,0.05584632783258846
TOKYOTECH_s09,0,150,5.0,-1.033225178718567,0.2752343192116837
TOKYOTECH_s09,0,151,5.033333333333333,-1.082659125328064,0.4305919927041337
TOKYOTECH_s09,0,152,5.066666666666666,-0.3770295977592468,0.5165730604128356
TOKYOTECH_s09,0,153,5.1,0.5314217209815979,0.5411629562043507
TOKYOTECH_s09,0,154,5.133333333333334,0.8950819373130798,0.5184336481372692
TOKYOTECH_s09,0,155,5.166666666666667,1.1059901714324951,0.4625756246627037
TOKYOTECH_s09,0,156,5.2,1.2832303047180176,0.38401939002827395
TOKYOTECH_s09,0,157,5.233333333333333,1.0215150117874146,0.2859610288183616
TOKYOTECH_s09,0,158,5.266666666666667,0.6553881168365479,0.16299053443435105
TOKYOTECH_s09,0,159,5.3,0.17485615611076355,0.00651577996216052
TOKYOTECH_s09,0,160,5.333333333333333,-0.30519264936447144,-0.1841684507145768
TOKYOTECH_s09,0,161,5.366666666666666,-0.30254802107810974,-0.39207717996715225
TOKYOTECH_s09,0,162,5.4,-0.210469588637352,-0.5804382263973488
TOKYOTECH_s09,0,163,5.433333333333334,-0.27846676111221313,-0.7026622139978016
TOKYOTECH_s09,0,164,5.466666666666667,-0.4437807500362396,-0.7215020944928148
TOKYOTECH_s09,0,165,5.5,-0.5613899230957031,-0.6277406713625684
TOKYOTECH_s09,0,166,5.533333333333333,-0.6892977952957153,-0.44742877101713585
TOKYOTECH_s09,0,167,5.566666666666666,-0.8505939841270447,-0.22806898065658066
TOKYOTECH_s09,0,168,5.6,-1.0405486822128296,-0.012584804761961596
TOKYOTECH_s09,0,169,5.633333333333334,-1.2362757921218872,0.17386964391829135
TOKYOTECH_s09,0,170,5.666666666666667,-1.1852905750274658,0.3190148090238303
TOKYOTECH_s09,0,171,5.7,-0.6183763146400452,0.41611032956704563
TOKYOTECH_s09,0,172,5.733333333333333,0.4211106598377228,0.46191205827918136
TOKYOTECH_s09,0,173,5.766666666666667,1.1397089958190918,0.45757479957605224
TOKYOTECH_s09,0,174,5.8,1.156975269317627,0.40904904476603593
TOKYOTECH_s09,0,175,5.833333333333333,0.8717889785766602,0.3235355561039613
TOKYOTECH_s09,0,176,5.866666666666666,0.7611982226371765,0.2043163259178009
TOKYOTECH_s09,0,177,5.9,0.4799279570579529,0.051446675909780096
TOKYOTECH_s09,0,178,5.933333333333334,0.09422077238559723,-0.1307028126136483
TOKYOTECH_s09,0,179,5.966666666666667,0.061010491102933884,-0.32494233283505003
TOKYOTECH_s09,0,180,6.0,0.009618465788662434,-0.4977591063243116
TOKYOTECH_s09,0,181,6.033333333333333,-0.1998402625322342,-0.605337399497873
TOKYOTECH_s09,0,182,6.066666666666666,-0.31045645475387573,-0.608613596654032
TOKYOTECH_s09,0,183,6.1,-0.41255390644073486,-0.4917380005847888
TOKYOTECH_s09,0,184,6.133333333333334,-0.719990611076355,-0.2738233244988433
TOKYOTECH_s09,0,185,6.166666666666667,-0.9020114541053772,-0.0017834678390689536
TOKYOTECH_s09,0,186,6.2,-1.0391755104064941,0.2717457055326782
TOKYOTECH_s09,0,187,6.233333333333333,-1.1402558088302612,0.5061885402962158
TOKYOTECH_s09,0,188,6.266666666666667,-1.2840313911437988,0.6776722109190886
TOKYOTECH_s09,0,189,6.3,-1.1534534692764282,0.774105002765034
TOKYOTECH_s09,0,190,6.333333333333333,-0.48192423582077026,0.7882193671823623
TOKYOTECH_s09,0,191,6.366666666666666,0.1867823600769043,0.7178437511355528
TOKYOTECH_s09,0,192,6.4,0.6979562640190125,0.5727952460471807
TOKYOTECH_s09,0,193,6.433333333333334,0.881172239780426,0.37811517346326895
TOKYOTECH_s09,0,194,6.466666666666667,0.7496788501739502,0.16748158706050265
TOKYOTECH_s09,0,195,6.5,0.4250012934207916,-0.03337441116778674
TOKYOTECH_s09,0,196,6.533333333333333,0.06482484191656113,-0.22131356046225525
TOKYOTECH_s09,0,197,6.566666666666666,-0.33499544858932495,-0.4075789924300802
TOKYOTECH_s09,0,198,6.6,-0.5544477701187134,-0.5916316759314909
TOKYOTECH_s09,0,199,6.633333333333334,-0.45713096857070923,-0.7465698614213323
TOKYOTECH_s09,0,200,6.666666666666667,-0.4694640338420868,-0.8286705354989746
TOKYOTECH_s09,0,201,6.7,-0.6455344557762146,-0.8031972188910708
TOKYOTECH_s09,0,202,6.733333333333333,-0.8717509508132935,-0.6690170065181817
TOKYOTECH_s09,0,203,6.766666666666667,-1.1058249473571777,-0.45944376268195974
TOKYOTECH_s09,0,204,6.8,-1.342645287513733,-0.220699466848604
TOKYOTECH_s09,0,205,6.833333333333333,-1.5250221490859985,0.00715841507121252
TOKYOTECH_s09,0,206,6.866666666666666,-1.727971076965332,0.19650623006055964
TOKYOTECH_s09,0,207,6.9,-1.7439912557601929,0.33225734779968064
TOKYOTECH_s09,0,208,6.933333333333334,-1.0035748481750488,0.41019640019955916
TOKYOTECH_s09,0,209,6.966666666666667,-0.028448758646845818,0.4342542696156506
TOKYOTECH_s09,0,210,7.0,0.5585035681724548,0.4128846606140179
TOKYOTECH_s09,0,211,7.033333333333333,0.7803716659545898,0.3542656201891622
TOKYOTECH_s09,0,212,7.066666666666666,0.9564929604530334,0.2619917262592004
TOKYOTECH_s09,0,213,7.1,0.6644662618637085,0.13456611625055492
TOKYOTECH_s09,0,214,7.133333333333334,0.28196313977241516,-0.02975461864713492
TOKYOTECH_s09,0,215,7.166666666666667,-0.04111240431666374,-0.2234680304257262
TOKYOTECH_s09,0,216,7.2,-0.1386072188615799,-0.42040800028721376
TOKYOTECH_s09,0,217,7.233333333333333,-0.09967540949583054,-0.5740946649546618
TOKYOTECH_s09,0,218,7.266666666666667,0.07324184477329254,-0.6290633600553475
TOKYOTECH_s09,0,219,7.3,0.10963074862957001,-0.5462813869415118
TOKYOTECH_s09,0,220,7.333333333333333,0.023731565102934837,-0.3285034028420253
TOKYOTECH_s09,0,221,7.366666666666666,-0.1838199943304062,-0.01956058290850819
TOKYOTECH_s09,0,222,7.4,-0.5987705588340759,0.321174221141141
TOKYOTECH_s09,0,223,7.433333333333334,-0.8830668330192566,0.6410376123185281
TOKYOTECH_s09,0,224,7.466666666666667,-0.9767727255821228,0.9009501996928104
TOKYOTECH_s09,0,225,7.5,-0.7883437871932983,1.0737315609032312
TOKYOTECH_s09,0,226,7.533333333333333,-0.2853580117225647,1.141075620326155
TOKYOTECH_s09,0,227,7.566666666666666,0.52041095495224,1.0945322494377194
TOKYOTECH_s09,0,228,7.6,1.193135380744934,0.9395635288188793
TOKYOTECH_s09,0,229,7.633333333333334,1.1822770833969116,0.6957565294429501
TOKYOTECH_s09,0,230,7.666666666666667,0.9169254302978516,0.3908587182937928
TOKYOTECH_s09,0,231,7.7,0.717333197593689,0.05165579813795907
TOKYOTECH_s09,0,232,7.733333333333333,0.6064881086349487,-0.3020986642744846
TOKYOTECH_s09,0,233,7.766666666666667,0.2614927887916565,-0.6529169308223883
TOKYOTECH_s09,0,234,7.8,-0.19170299172401428,-0.9741508605194839
TOKYOTECH_s09,0,235,7.833333333333333,-0.24963025748729706,-1.2269397584009436
TOKYOTECH_s09,0,236,7.866666666666666,-0.015759684145450592,-1.3710551791387453
TOKYOTECH_s09,0,237,7.9,-0.07902705669403076,-1.38400561185353
TOKYOTECH_s09,0,238,7.933333333333334,-0.42620930075645447,-1.2758440869071537
TOKYOTECH_s09,0,239,7.966666666666667,-0.6767358779907227,-1.0834019346832624
TOKYOTECH_s09,0,240,8.0,-0.6956550478935242,-0.8469862503527126
TOKYOTECH_s09,0,241,8.033333333333333,-0.769170343875885,-0.5911830732193394
TOKYOTECH_s09,0,242,8.066666666666666,-1.296440839767456,-0.32162644644444865
TOKYOTECH_s09,0,243,8.1,-1.2803187370300293,-0.036850673726659774
TOKYOTECH_s09,0,244,8.133333333333333,-0.4936724603176117,0.2550643406024953
TOKYOTECH_s09,0,245,8.166666666666666,0.45004886388778687,0.5319679551044194
TOKYOTECH_s09,0,246,8.2,0.7261824607849121,0.7673873542094038
TOKYOTECH_s09,0,247,8.233333333333333,0.6148034334182739,0.941487800936181
TOKYOTECH_s09,0,248,8.266666666666667,0.7967225313186646,1.0453776282946932
TOKYOTECH_s09,0,249,8.3,0.6402832865715027,1.0781485586518318
TOKYOTECH_s09,0,250,8.333333333333334,0.33447402715682983,1.0402853451831289
TOKYOTECH_s09,0,251,8.366666666666667,0.232452854514122,0.9302772531730127
TOKYOTECH_s09,0,252,8.4,0.09551765024662018,0.7479790886525627
TOKYOTECH_s09,0,253,8.433333333333334,-0.283527135848999,0.5039801631764251
TOKYOTECH_s09,0,254,8.466666666666667,-0.49176526069641113,0.22776397173610324
TOKYOTECH_s09,0,255,8.5,-0.386692613363266,-0.03713855291045513
TOKYOTECH_s09,0,256,8.533333333333333,-0.3598650097846985,-0.24953828471313355
TOKYOTECH_s09,0,257,8.566666666666666,-0.7461316585540771,-0.38405707309022885
TOKYOTECH_s09,0,258,8.6,-0.8019228577613831,-0.4347087277096143
TOKYOTECH_s09,0,259,8.633333333333333,-0.8483307957649231,-0.41075930406039285
TOKYOTECH_s09,0,260,8.666666666666666,-0.963168203830719,-0.32981408629109066
TOKYOTECH_s09,0,261,8.7,-1.2685705423355103,-0.21443363127032072
TOKYOTECH_s09,0,262,8.733333333333333,-1.0883806943893433,-0.09180408673675339
TOKYOTECH_s09,0,263,8.766666666666667,-0.18585431575775146,0.010465304444072593
TOKYOTECH_s09,0,264,8.8,0.4504048824310303,0.07280801322062287
TOKYOTECH_s09,0,265,8.833333333333334,0.5708366632461548,0.08995543551291746
TOKYOTECH_s09,0,266,8.866666666666667,0.5097307562828064,0.07000296610400591
TOKYOTECH_s09,0,267,8.9,0.5432462096214294,0.024159411744494288
TOKYOTECH_s09,0,268,8.933333333333334,0.44486135244369507,-0.045525075208117396
TOKYOTECH_s09,0,269,8.966666666666667,-0.16637569665908813,-0.14561772548564247
TOKYOTECH_s09,0,270,9.0,-0.42865046858787537,-0.2774836798627527
TOKYOTECH_s09,0,271,9.033333333333333,-0.2211752086877823,-0.42428604442940415
TOKYOTECH_s09,0,272,9.066666666666666,-0.2105967402458191,-0.5494633161411755
TOKYOTECH_s09,0,273,9.1,-0.4541303515434265,-0.6110530985037674
TOKYOTECH_s09,0,274,9.133333333333333,-0.5267810225486755,-0.5837296598144642
TOKYOTECH_s09,0,275,9.166666666666666,-0.5432081818580627,-0.46990192190298735
TOKYOTECH_s09,0,276,9.2,-0.3769278824329376,-0.29394626731316076
TOKYOTECH_s09,0,277,9.233333333333333,-0.6352357268333435,-0.08777899115515367
TOKYOTECH_s09,0,278,9.266666666666667,-0.996963381767273,0.12237914476676091
TOKYOTECH_s09,0,279,9.3,-0.8828634023666382,0.3190783614533366
TOKYOTECH_s09,0,280,9.333333333333334,-0.22369267046451569,0.48775194822910817
TOKYOTECH_s09,0,281,9.366666666666667,0.6031314730644226,0.6126856052565687
TOKYOTECH_s09,0,282,9.4,1.1549155712127686,0.6791475268880311
TOKYOTECH_s09,0,283,9.433333333333334,1.0586413145065308,0.6782691412225628
TOKYOTECH_s09,0,284,9.466666666666667,1.0941656827926636,0.611011784931236
TOKYOTECH_s09,0,285,9.5,1.2305922508239746,0.4882797739683459
TOKYOTECH_s09,0,286,9.533333333333333,0.79779052734375,0.32712590496089144
TOKYOTECH_s09,0,287,9.566666666666666,0.229731947183609,0.14589043527421264
TOKYOTECH_s09,0,288,9.6,0.11161421239376068,-0.03878544090616454
TOKYOTECH_s09,0,289,9.633333333333333,0.2729358375072479,-0.210771277571008
TOKYOTECH_s09,0,290,9.666666666666666,0.18914726376533508,-0.3515764147747182
TOKYOTECH_s09,0,291,9.7,-0.051563724875450134,-0.44233510786595714
TOKYOTECH_s09,0,292,9.733333333333333,-0.0372471958398819,-0.47133846438668464
TOKYOTECH_s09,0,293,9.766666666666667,-0.2825608253479004,-0.441636424457881
TOKYOTECH_s09,0,294,9.8,-0.5307224988937378,-0.3728806866208144
TOKYOTECH_s09,0,295,9.833333333333334,-0.5317651033401489,-0.29277389904356044
TOKYOTECH_s09,0,296,9.866666666666667,-0.5710020661354065,-0.22286695610496082
TOKYOTECH_s09,0,297,9.9,-0.9580824375152588,-0.17168107770021973
TOKYOTECH_s09,0,298,9.933333333333334,-0.4771944582462311,-0.1377374591750282
TOKYOTECH_s09,0,299,9.966666666666667,0.5443904995918274,-0.11417276467461077
TOKYOTECH_s09,1,0,10.0,0.949474573135376,0.008507952615260574
TOKYOTECH_s09,1,1,10.033333333333333,0.9651134014129639,-0.36222479782560807
TOKYOTECH_s09,1,2,10.066666666666666,1.0839940309524536,-0.6826415632283388
TOKYOTECH_s09,1,3,10.1,0.8990488648414612,-0.9129604671074926
TOKYOTECH_s09,1,4,10.133333333333333,0.4250267446041107,-1.034708228860213
TOKYOTECH_s09,1,5,10.166666666666666,0.2962033748626709,-1.0549438858468025
TOKYOTECH_s09,1,6,10.2,0.32399728894233704,-0.9997857972183412
TOKYOTECH_s09,1,7,10.233333333333333,0.020781800150871277,-0.9013022570106269
TOKYOTECH_s09,1,8,10.266666666666667,-0.3633487820625305,-0.7847429396362564
TOKYOTECH_s09,1,9,10.3,-0.328104168176651,-0.664360258005137
TOKYOTECH_s09,1,10,10.333333333333334,-0.32184863090515137,-0.5472129001652785
TOKYOTECH_s09,1,11,10.366666666666667,-0.4268704354763031,-0.43589071475921454
TOKYOTECH_s09,1,12,10.4,-0.7231946587562561,-0.3271999340949485
TOKYOTECH_s09,1,13,10.433333333333334,-0.7026988863945007,-0.21077961937367418
TOKYOTECH_s09,1,14,10.466666666666667,-0.9979296922683716,-0.07146725611809503
TOKYOTECH_s09,1,15,10.5,-1.2597975730895996,0.10212259057887647
TOKYOTECH_s09,1,16,10.533333333333333,-0.9671096801757812,0.3068754706818788
TOKYOTECH_s09,1,17,10.566666666666666,-0.3305199444293976,0.5220035642949885
TOKYOTECH_s09,1,18,10.6,0.06706259399652481,0.7154795769659884
TOKYOTECH_s09,1,19,10.633333333333333,0.3782119154930115,0.8539905677516979
TOKYOTECH_s09,1,20,10.666666666666666,0.7602827548980713,0.9112512190365114
TOKYOTECH_s09,1,21,10.7,0.5516377687454224,0.8716622310337929
TOKYOTECH_s09,1,22,10.733333333333333,0.4882686734199524,0.7300724395702404
TOKYOTECH_s09,1,23,10.766666666666667,0.32478559017181396,0.49175279558148877
TOKYOTECH_s09,1,24,10.8,-0.007012105081230402,0.17505219141042175
TOKYOTECH_s09,1,25,10.833333333333334,-0.19317786395549774,-0.1832565451297278
TOKYOTECH_s09,1,26,10.866666666666667,-0.46308135986328125,-0.5261157497350233
TOKYOTECH_s09,1,27,10.9,-0.5260689854621887,-0.788419276087736
TOKYOTECH_s09,1,28,10.933333333333334,-0.37235066294670105,-0.920003586280424
TOKYOTECH_s09,1,29,10.966666666666667,-0.7290179133415222,-0.9026117534720339
TOKYOTECH_s09,1,30,11.0,-1.0004217624664307,-0.7519916519053144
TOKYOTECH_s09,1,31,11.033333333333333,-0.8601044416427612,-0.5063203708992502
TOKYOTECH_s09,1,32,11.066666666666666,-0.8666142821311951,-0.2088041681670352
TOKYOTECH_s09,1,33,11.1,-1.0442867279052734,0.10304708362377879
TOKYOTECH_s09,1,34,11.133333333333333,-1.1061301231384277,0.39808059158995274
TOKYOTECH_s09,1,35,11.166666666666666,-0.88065105676651,0.6484106414600598
TOKYOTECH_s09,1,36,11.2,0.14029812812805176,0.8278643788658842
TOKYOTECH_s09,1,37,11.233333333333333,0.7211729288101196,0.9146678217063298
TOKYOTECH_s09,1,38,11.266666666666667,0.6232458353042603,0.8972912686203995
TOKYOTECH_s09,1,39,11.3,0.7518149018287659,0.7788417098070236
TOKYOTECH_s09,1,40,11.333333333333334,0.9536703824996948,0.576848993476215
TOKYOTECH_s09,1,41,11.366666666666667,0.6380709409713745,0.31758157260608405
TOKYOTECH_s09,1,42,11.4,0.0014557541580870748,0.028865632808604345
TOKYOTECH_s09,1,43,11.433333333333334,0.045778512954711914,-0.2608239555887556
TOKYOTECH_s09,1,44,11.466666666666667,-0.040374964475631714,-0.5184210015436748
TOKYOTECH_s09,1,45,11.5,-0.2623447775840759,-0.70759658312416
TOKYOTECH_s09,1,46,11.533333333333333,-0.25509750843048096,-0.798363189952385
TOKYOTECH_s09,1,47,11.566666666666666,-0.4139016568660736,-0.779801866532415
TOKYOTECH_s09,1,48,11.6,-0.7716369032859802,-0.6674204323316115
TOKYOTECH_s09,1,49,11.633333333333333,-0.9170908331871033,-0.49549254553021205
TOKYOTECH_s09,1,50,11.666666666666666,-0.8501362800598145,-0.299053339044529
TOKYOTECH_s09,1,51,11.7,-1.326014757156372,-0.10338972054643158
TOKYOTECH_s09,1,52,11.733333333333333,-1.3426198959350586,0.07450875208983229
TOKYOTECH_s09,1,53,11.766666666666667,-0.5551598072052002,0.22240367867441982
TOKYOTECH_s09,1,54,11.8,0.35054516792297363,0.3322635129961879
TOKYOTECH_s09,1,55,11.833333333333334,0.8127936720848083,0.4015609712822227
TOKYOTECH_s09,1,56,11.866666666666667,1.1097536087036133,0.4339543152197514
TOKYOTECH_s09,1,57,11.9,1.2173945903778076,0.4363650798659259
TOKYOTECH_s09,1,58,11.933333333333334,1.1333516836166382,0.4134531320170836
TOKYOTECH_s09,1,59,11.966666666666667,1.007630705833435,0.36430163780903596
TOKYOTECH_s09,1,60,12.0,0.5375246405601501,0.283926524478067
TOKYOTECH_s09,1,61,12.033333333333333,0.2399035543203354,0.1693269121342178
TOKYOTECH_s09,1,62,12.066666666666666,0.31156250834465027,0.026484239013355473
TOKYOTECH_s09,1,63,12.1,0.21055848896503448,-0.1277194776048165
TOKYOTECH_s09,1,64,12.133333333333333,-0.07536527514457703,-0.2705166952497905
TOKYOTECH_s09,1,65,12.166666666666666,-0.3065912425518036,-0.3823719569511585
TOKYOTECH_s09,1,66,12.2,-0.28469687700271606,-0.4543387114951004
TOKYOTECH_s09,1,67,12.233333333333333,-0.42328494787216187,-0.4862491754299648
TOKYOTECH_s09,1,68,12.266666666666667,-0.6308364868164062,-0.47803324907281614
TOKYOTECH_s09,1,69,12.3,-0.7217451930046082,-0.42550834299151974
TOKYOTECH_s09,1,70,12.333333333333334,-0.8538234829902649,-0.32410576968746
TOKYOTECH_s09,1,71,12.366666666666667,-1.122836947441101,-0.175196888457859
TOKYOTECH_s09,1,72,12.4,-0.7418850064277649,0.009749746731906464
TOKYOTECH_s09,1,73,12.433333333333334,0.24887999892234802,0.2101273187191322
TOKYOTECH_s09,1,74,12.466666666666667,0.8351203203201294,0.4013533004029831
TOKYOTECH_s09,1,75,12.5,0.7370152473449707,0.5597349967054368
TOKYOTECH_s09,1,76,12.533333333333333,0.833747148513794,0.6648885245846063
TOKYOTECH_s09,1,77,12.566666666666666,0.8107084631919861,0.7003977977134778
TOKYOTECH_s09,1,78,12.6,0.5055603981018066,0.6547472392972961
TOKYOTECH_s09,1,79,12.633333333333333,0.25495752692222595,0.5252178628838678
TOKYOTECH_s09,1,80,12.666666666666666,-0.09680192917585373,0.3233373329008026
TOKYOTECH_s09,1,81,12.7,-0.10778725892305374,0.0766455210548936
TOKYOTECH_s09,1,82,12.733333333333333,-0.23694118857383728,-0.17665529364005145
TOKYOTECH_s09,1,83,12.766666666666667,-0.5007925629615784,-0.4007495383936169
TOKYOTECH_s09,1,84,12.8,-0.34854909777641296,-0.5758323056128098
TOKYOTECH_s09,1,85,12.833333333333334,-0.5512182712554932,-0.6991886918014144
TOKYOTECH_s09,1,86,12.866666666666667,-0.889373242855072,-0.7735725367371395
TOKYOTECH_s09,1,87,12.9,-0.8974342346191406,-0.7957147090596649
TOKYOTECH_s09,1,88,12.933333333333334,-1.2335039377212524,-0.7539815100269948
TOKYOTECH_s09,1,89,12.966666666666667,-1.4191356897354126,-0.6380066436837367
TOKYOTECH_s09,1,90,13.0,-1.273910641670227,-0.45239099759059304
TOKYOTECH_s09,1,91,13.033333333333333,-0.603424072265625,-0.21796872865695843
TOKYOTECH_s09,1,92,13.066666666666666,0.250838041305542,0.03942235948874612
TOKYOTECH_s09,1,93,13.1,0.6478356719017029,0.2963482406674758
TOKYOTECH_s09,1,94,13.133333333333333,0.47400298714637756,0.5303434280133531
TOKYOTECH_s09,1,95,13.166666666666666,0.5197243690490723,0.7172190566607444
TOKYOTECH_s09,1,96,13.2,0.42866307497024536,0.8321980348090277
TOKYOTECH_s09,1,97,13.233333333333333,-0.1680285781621933,0.8559324527182309
TOKYOTECH_s09,1,98,13.266666666666667,-0.3008697032928467,0.782407180945042
TOKYOTECH_s09,1,99,13.3,-0.4158342480659485,0.6223869773542132
TOKYOTECH_s09,1,100,13.333333333333334,-0.5627884864807129,0.40071300527413
TOKYOTECH_s09,1,101,13.366666666666667,-0.6399909853935242,0.15078482068383767
TOKYOTECH_s09,1,102,13.4,-0.6509508490562439,-0.09150080417279997
TOKYOTECH_s09,1,103,13.433333333333334,-0.8558069467544556,-0.2936374041680509
TOKYOTECH_s09,1,104,13.466666666666667,-0.78074049949646,-0.4310445792547048
TOKYOTECH_s09,1,105,13.5,-1.0587812662124634,-0.4887299403848132
TOKYOTECH_s09,1,106,13.533333333333333,-1.372575283050537,-0.46103370900152996
TOKYOTECH_s09,1,107,13.566666666666666,-1.0731995105743408,-0.35251289913085343
TOKYOTECH_s09,1,108,13.6,-1.2578141689300537,-0.17976904960293927
TOKYOTECH_s09,1,109,13.633333333333333,-0.7815033793449402,0.029205708501626577
TOKYOTECH_s09,1,110,13.666666666666666,0.44407305121421814,0.23918245471753985
TOKYOTECH_s09,1,111,13.7,0.9475674033164978,0.4136079577144437
TOKYOTECH_s09,1,112,13.733333333333333,1.0807136297225952,0.5203124694624502
TOKYOTECH_s09,1,113,13.766666666666667,1.183802843093872,0.5352101565136103
TOKYOTECH_s09,1,114,13.8,0.9826594591140747,0.44430393546434543
TOKYOTECH_s09,1,115,13.833333333333334,0.6743327379226685,0.2461583112213194
TOKYOTECH_s09,1,116,13.866666666666667,0.37523671984672546,-0.043885348920440236
TOKYOTECH_s09,1,117,13.9,0.17134694755077362,-0.38791541358755227
TOKYOTECH_s09,1,118,13.933333333333334,-0.1279524713754654,-0.7244975545912783
TOKYOTECH_s09,1,119,13.966666666666667,-0.15081314742565155,-0.9834295403477753
TOKYOTECH_s09,1,120,14.0,-0.01021616067737341,-1.1116555233620284
TOKYOTECH_s09,1,121,14.033333333333333,-0.3788096308708191,-1.091162655148615
TOKYOTECH_s09,1,122,14.066666666666666,-0.5685862898826599,-0.939500983765259
TOKYOTECH_s09,1,123,14.1,-0.5512437224388123,-0.6956009544559418
TOKYOTECH_s09,1,124,14.133333333333333,-0.9091824293136597,-0.40008257565930067
TOKYOTECH_s09,1,125,14.166666666666666,-1.003473162651062,-0.08345776233347742
TOKYOTECH_s09,1,126,14.2,-1.122786045074463,0.23363083187925113
TOKYOTECH_s09,1,127,14.233333333333333,-0.854560911655426,0.5340311252949929
TOKYOTECH_s09,1,128,14.266666666666667,0.01979006826877594,0.7978391422112208
TOKYOTECH_s09,1,129,14.3,0.845647931098938,1.0012306265276476
TOKYOTECH_s09,1,130,14.333333333333334,1.2374581098556519,1.1208673316324076
TOKYOTECH_s09,1,131,14.366666666666667,1.1813870668411255,1.1398720566993292
TOKYOTECH_s09,1,132,14.4,1.0818325281143188,1.0522516858078994
TOKYOTECH_s09,1,133,14.433333333333334,0.85622638463974,0.8642781664724423
TOKYOTECH_s09,1,134,14.466666666666667,0.684860348701477,0.5938399543893343
TOKYOTECH_s09,1,135,14.5,0.21139763295650482,0.2708654029956309
TOKYOTECH_s09,1,136,14.533333333333333,0.05429723113775253,-0.0630422650245979
TOKYOTECH_s09,1,137,14.566666666666666,-0.022218652069568634,-0.3620059010493262
TOKYOTECH_s09,1,138,14.6,-0.13685262203216553,-0.5888428690162781
TOKYOTECH_s09,1,139,14.633333333333333,-0.42826902866363525,-0.724551578281736
TOKYOTECH_s09,1,140,14.666666666666666,-0.3443533182144165,-0.7692348721329446
TOKYOTECH_s09,1,141,14.7,-0.6672762632369995,-0.7345751438490129
TOKYOTECH_s09,1,142,14.733333333333333,-0.8676314353942871,-0.6333245080851367
TOKYOTECH_s09,1,143,14.766666666666667,-1.0285969972610474,-0.4752102308840636
TOKYOTECH_s09,1,144,14.8,-1.3822382688522339,-0.2713516556834809
TOKYOTECH_s09,1,145,14.833333333333334,-1.2041079998016357,-0.04148682900435094
TOKYOTECH_s09,1,146,14.866666666666667,-0.6476196646690369,0.18256866461962
TOKYOTECH_s09,1,147,14.9,0.2619759440422058,0.3629004392411483
TOKYOTECH_s09,1,148,14.933333333333334,0.8753235936164856,0.4679430244580166
TOKYOTECH_s09,1,149,14.966666666666667,0.9897286891937256,0.4805010827388507
TOKYOTECH_s09,1,150,15.0,0.930784285068512,0.39839628488150497
TOKYOTECH_s09,1,151,15.033333333333333,0.8121833801269531,0.23332376979078823
TOKYOTECH_s09,1,152,15.066666666666666,0.4025220572948456,0.010747163382245486
TOKYOTECH_s09,1,153,15.1,0.14617224037647247,-0.2299815443727472
TOKYOTECH_s09,1,154,15.133333333333333,-0.23355913162231445,-0.43898312464483286
TOKYOTECH_s09,1,155,15.166666666666666,-0.19279643893241882,-0.5680900316424002
TOKYOTECH_s09,1,156,15.2,-0.4111807346343994,-0.5884690587566684
TOKYOTECH_s09,1,157,15.233333333333333,-0.4165971279144287,-0.5017987805560856
TOKYOTECH_s09,1,158,15.266666666666667,-0.5492602586746216,-0.33843368422011344
TOKYOTECH_s09,1,159,15.3,-0.7821645140647888,-0.14286850643037602
TOKYOTECH_s09,1,160,15.333333333333334,-0.959989607334137,0.04531489317028249
TOKYOTECH_s09,1,161,15.366666666666667,-1.1527669429779053,0.20094046458993706
TOKYOTECH_s09,1,162,15.4,-1.3153345584869385,0.31106910755843903
TOKYOTECH_s09,1,163,15.433333333333334,-1.1519023180007935,0.371268731848569
TOKYOTECH_s09,1,164,15.466666666666667,-0.480449378490448,0.38493666081226235
TOKYOTECH_s09,1,165,15.5,0.4379701018333435,0.3634791369621278
TOKYOTECH_s09,1,166,15.533333333333333,0.9570015668869019,0.32491548122389197
TOKYOTECH_s09,1,167,15.566666666666666,1.2501217126846313,0.289041838151676
TOKYOTECH_s09,1,168,15.6,1.3798859119415283,0.2701233370140241
TOKYOTECH_s09,1,169,15.633333333333333,1.1993908882141113,0.2708379021505876
TOKYOTECH_s09,1,170,15.666666666666666,0.913365364074707,0.2807933427109469
TOKYOTECH_s09,1,171,15.7,0.6176260113716125,0.28174155095517434
TOKYOTECH_s09,1,172,15.733333333333333,0.4184914827346802,0.2570136058363779
TOKYOTECH_s09,1,173,15.766666666666667,0.36948978900909424,0.19865196419462214
TOKYOTECH_s09,1,174,15.8,0.2611367702484131,0.10878913745540182
TOKYOTECH_s09,1,175,15.833333333333334,0.09124557673931122,-0.004321809693629632
TOKYOTECH_s09,1,176,15.866666666666667,0.030800828710198402,-0.13096979301895387
TOKYOTECH_s09,1,177,15.9,-0.19650906324386597,-0.2577815364778851
TOKYOTECH_s09,1,178,15.933333333333334,-0.376470148563385,-0.36176338408382247
TOKYOTECH_s09,1,179,15.966666666666667,-0.5713834762573242,-0.4134658424266623
TOKYOTECH_s09,1,180,16.0,-0.7688906192779541,-0.39053545182515403
TOKYOTECH_s09,1,181,16.033333333333335,-0.7180579900741577,-0.2907339235864149
TOKYOTECH_s09,1,182,16.066666666666666,0.04122672230005264,-0.13620859918514913
TOKYOTECH_s09,1,183,16.1,1.0481137037277222,0.03443846893147556
TOKYOTECH_s09,1,184,16.133333333333333,1.6425167322158813,0.1812827928772343
TOKYOTECH_s09,1,185,16.166666666666668,1.8729289770126343,0.27322706929282825
TOKYOTECH_s09,1,186,16.2,1.8892544507980347,0.2894192183024673
TOKYOTECH_s09,1,187,16.233333333333334,1.742223858833313,0.21737317937531453
TOKYOTECH_s09,1,188,16.266666666666666,1.294469952583313,0.05283597680217208
TOKYOTECH_s09,1,189,16.3,0.84450364112854,-0.19550344472978232
TOKYOTECH_s09,1,190,16.333333333333332,0.574778139591217,-0.4988486408749627
TOKYOTECH_s09,1,191,16.366666666666667,0.43646979331970215,-0.8059976777841035
TOKYOTECH_s09,1,192,16.4,0.35313892364501953,-1.052294911743424
TOKYOTECH_s09,1,193,16.433333333333334,0.29274502396583557,-1.1832965714431016
TOKYOTECH_s09,1,194,16.466666666666665,0.12148066610097885,-1.179633244398978
TOKYOTECH_s09,1,195,16.5,0.018010038882493973,-1.05587734499945
TOKYOTECH_s09,1,196,16.533333333333335,-0.229871928691864,-0.8359476705504594
TOKYOTECH_s09,1,197,16.566666666666666,-0.5091841220855713,-0.5365527908408644
TOKYOTECH_s09,1,198,16.6,-0.8727172613143921,-0.16959648831739008
TOKYOTECH_s09,1,199,16.633333333333333,-0.7316371202468872,0.24887704280861458
TOKYOTECH_s09,1,200,16.666666666666668,-0.3128213584423065,0.6916910274350542
TOKYOTECH_s09,1,201,16.7,0.6006903052330017,1.1177245367887336
TOKYOTECH_s09,1,202,16.733333333333334,1.2610054016113281,1.4754787580118571
TOKYOTECH_s09,1,203,16.766666666666666,1.4671329259872437,1.714651865013219
TOKYOTECH_s09,1,204,16.8,1.3991103172302246,1.800796850621003
TOKYOTECH_s09,1,205,16.833333333333332,1.2848831415176392,1.72265695232749
TOKYOTECH_s09,1,206,16.866666666666667,0.9044652581214905,1.4907577724578052
TOKYOTECH_s09,1,207,16.9,0.5664374232292175,1.1349301596543133
TOKYOTECH_s09,1,208,16.933333333333334,0.12511701881885529,0.7023345842597478
TOKYOTECH_s09,1,209,16.966666666666665,0.017196308821439743,0.2510491223727224
TOKYOTECH_s09,1,210,17.0,-0.2619633376598358,-0.16146972526567407
TOKYOTECH_s09,1,211,17.033333333333335,-0.3045060634613037,-0.4909690576294682
TOKYOTECH_s09,1,212,17.066666666666666,-0.6279630661010742,-0.7146548623738128
TOKYOTECH_s09,1,213,17.1,-0.8097041249275208,-0.8296451749012279
TOKYOTECH_s09,1,214,17.133333333333333,-0.8625965118408203,-0.8442149107849706
TOKYOTECH_s09,1,215,17.166666666666668,-1.0208920240402222,-0.7717432751048358
TOKYOTECH_s09,1,216,17.2,-1.0728180408477783,-0.6305336185415338
TOKYOTECH_s09,1,217,17.233333333333334,-1.159937858581543,-0.4451961577341109
TOKYOTECH_s09,1,218,17.266666666666666,-0.6058652400970459,-0.24606846587470804
TOKYOTECH_s09,1,219,17.3,0.499304860830307,-0.06500934527197572
TOKYOTECH_s09,1,220,17.333333333333332,1.2358051538467407,0.07111324335394531
TOKYOTECH_s09,1,221,17.366666666666667,1.4629117250442505,0.14519117134695408
TOKYOTECH_s09,1,222,17.4,1.454113245010376,0.15023576144070602
TOKYOTECH_s09,1,223,17.433333333333334,1.2821623086929321,0.08471675113021525
TOKYOTECH_s09,1,224,17.466666666666665,1.0018329620361328,-0.05225898158050516
TOKYOTECH_s09,1,225,17.5,0.5379061102867126,-0.25695600403387403
TOKYOTECH_s09,1,226,17.533333333333335,0.2639085352420807,-0.5099857009716154
TOKYOTECH_s09,1,227,17.566666666666666,0.2479899823665619,-0.7704096618829713
TOKYOTECH_s09,1,228,17.6,0.0772850513458252,-0.9826244698089531
TOKYOTECH_s09,1,229,17.633333333333333,-0.008715848438441753,-1.0969617695694054
TOKYOTECH_s09,1,230,17.666666666666668,-0.09031753242015839,-1.0926156361767654
TOKYOTECH_s09,1,231,17.7,-0.27607643604278564,-0.9819355551789742
TOKYOTECH_s09,1,232,17.733333333333334,-0.5105572938919067,-0.7942161509635686
TOKYOTECH_s09,1,233,17.766666666666666,-0.6738878488540649,-0.5566270803932233
TOKYOTECH_s09,1,234,17.8,-0.7894880771636963,-0.28369780777107106
TOKYOTECH_s09,1,235,17.833333333333332,-0.703029453754425,0.02225308014811558
TOKYOTECH_s09,1,236,17.866666666666667,0.0962805226445198,0.3619768714741484
TOKYOTECH_s09,1,237,17.9,1.062760829925537,0.7275867223247598
TOKYOTECH_s09,1,238,17.933333333333334,1.645822525024414,1.0946284202569303
TOKYOTECH_s09,1,239,17.966666666666665,1.7825288772583008,1.4230062149643352
TOKYOTECH_s09,1,240,18.0,1.8260124921798706,1.6660084925552756
TOKYOTECH_s09,1,241,18.033333333333335,1.6775579452514648,1.781085682244468
TOKYOTECH_s09,1,242,18.066666666666666,1.2431033849716187,1.7384338515255269
TOKYOTECH_s09,1,243,18.1,0.8903521299362183,1.5266241839913235
TOKYOTECH_s09,1,244,18.133333333333333,0.580016553401947,1.15663481080992
TOKYOTECH_s09,1,245,18.166666666666668,0.37999194860458374,0.667022634738066
TOKYOTECH_s09,1,246,18.2,0.15715757012367249,0.12559629131924424
TOKYOTECH_s09,1,247,18.233333333333334,0.07547959685325623,-0.3831742242482473
TOKYOTECH_s09,1,248,18.266666666666666,-0.12238351255655289,-0.7834339276201194
TOKYOTECH_s09,1,249,18.3,-0.2752372622489929,-1.0318991550337444
TOKYOTECH_s09,1,250,18.333333333333332,-0.6174608469009399,-1.1281749669948768
TOKYOTECH_s09,1,251,18.366666666666667,-0.8339888453483582,-1.103699680320947
TOKYOTECH_s09,1,252,18.4,-0.9624307751655579,-0.997672549939288
TOKYOTECH_s09,1,253,18.433333333333334,-0.9659908413887024,-0.8422238654754263
TOKYOTECH_s09,1,254,18.466666666666665,-0.4834754168987274,-0.662497033597507
TOKYOTECH_s09,1,255,18.5,0.3815177083015442,-0.4795968324591835
TOKYOTECH_s09,1,256,18.533333333333335,1.0945216417312622,-0.31016898092153045
TOKYOTECH_s09,1,257,18.566666666666666,1.495435357093811,-0.16407815255267538
TOKYOTECH_s09,1,258,18.6,1.5902855396270752,-0.043174084865628376
TOKYOTECH_s09,1,259,18.633333333333333,1.4404833316802979,0.055247204412945894
TOKYOTECH_s09,1,260,18.666666666666668,1.0884441137313843,0.13203865415704344
TOKYOTECH_s09,1,261,18.7,0.5921461582183838,0.18357355982432594
TOKYOTECH_s09,1,262,18.733333333333334,0.07774277776479721,0.20508986873747675
TOKYOTECH_s09,1,263,18.766666666666666,-0.1838454157114029,0.19708595259807776
TOKYOTECH_s09,1,264,18.8,-0.2482316642999649,0.16960469383061075
TOKYOTECH_s09,1,265,18.833333333333332,-0.23322854936122894,0.13837991251604775
TOKYOTECH_s09,1,266,18.866666666666667,-0.3812253773212433,0.11534066252844269
TOKYOTECH_s09,1,267,18.9,-0.6260049939155579,0.1038512697645511
TOKYOTECH_s09,1,268,18.933333333333334,-0.9188963174819946,0.101559352821705
TOKYOTECH_s09,1,269,18.966666666666665,-1.1036380529403687,0.10550238382615737
TOKYOTECH_s09,1,270,19.0,-1.3082398176193237,0.11532936273196655
TOKYOTECH_s09,1,271,19.033333333333335,-1.492422103881836,0.13280749126832736
TOKYOTECH_s09,1,272,19.066666666666666,-1.529116153717041,0.1588254588882083
TOKYOTECH_s09,1,273,19.1,-0.7432581782341003,0.19176544755451574
TOKYOTECH_s09,1,274,19.133333333333333,0.231944277882576,0.22846848796221622
TOKYOTECH_s09,1,275,19.166666666666668,0.821566641330719,0.2660490545455273
TOKYOTECH_s09,1,276,19.2,0.8727298378944397,0.3017670014930066
TOKYOTECH_s09,1,277,19.233333333333334,0.9049992561340332,0.3279621004946919
TOKYOTECH_s09,1,278,19.266666666666666,0.6821140050888062,0.3264647334997028
TOKYOTECH_s09,1,279,19.3,0.39875856041908264,0.2731133874778306
TOKYOTECH_s09,1,280,19.333333333333332,-0.19317786395549774,0.152130991947087
TOKYOTECH_s09,1,281,19.366666666666667,-0.4055355191230774,-0.030912527232392673
TOKYOTECH_s09,1,282,19.4,-0.5986942648887634,-0.24526886062129705
TOKYOTECH_s09,1,283,19.433333333333334,-0.5942950248718262,-0.4425899042518075
TOKYOTECH_s09,1,284,19.466666666666665,-0.828750491142273,-0.5739994537003913
TOKYOTECH_s09,1,285,19.5,-0.860816478729248,-0.610804070601915
TOKYOTECH_s09,1,286,19.533333333333335,-1.0381582975387573,-0.55801754637027
TOKYOTECH_s09,1,287,19.566666666666666,-1.213465929031372,-0.4474401308305833
TOKYOTECH_s09,1,288,19.6,-1.300611138343811,-0.3154024965142735
TOKYOTECH_s09,1,289,19.633333333333333,-1.4882771968841553,-0.18731902990231886
TOKYOTECH_s09,1,290,19.666666666666668,-1.2711135149002075,-0.07670606439358642
TOKYOTECH_s09,1,291,19.7,-0.7707214951515198,0.009920894817957666
TOKYOTECH_s09,1,292,19.733333333333334,0.247964546084404,0.06890122767272343
TOKYOTECH_s09,1,293,19.766666666666666,1.1272233724594116,0.09877541445704947
TOKYOTECH_s09,1,294,19.8,1.4033061265945435,0.10256009145044936
TOKYOTECH_s09,1,295,19.833333333333332,1.5338331460952759,0.0893189525572969
TOKYOTECH_s09,1,296,19.866666666666667,1.2896384000778198,0.07253985352556723
TOKYOTECH_s09,1,297,19.9,1.0005868673324585,0.06471495542559291
TOKYOTECH_s09,1,298,19.933333333333334,0.4827251434326172,0.07106103756485538
TOKYOTECH_s09,1,299,19.966666666666665,0.05053373798727989,0.0881544093250369
TOKYOTECH_s09,2,0,20.0,-0.00602037413045764,0.008100557158528922
TOKYOTECH_s09,2,1,20.033333333333335,-0.13761548697948456,-0.6335377108423572
TOKYOTECH_s09,2,2,20.066666666666666,-0.09799709171056747,-1.1939245722218388
TOKYOTECH_s09,2,3,20.1,-0.3731135129928589,-1.6072107135455538
TOKYOTECH_s09,2,4,20.133333333333333,-0.4485614001750946,-1.8437095371120407
TOKYOTECH_s09,2,5,20.166666666666668,-0.5798259377479553,-1.9115792795759088
TOKYOTECH_s09,2,6,20.2,-0.7613381743431091,-1.8403541579344989
TOKYOTECH_s09,2,7,20.233333333333334,-1.1145216226577759,-1.664265200477581
TOKYOTECH_s09,2,8,20.266666666666666,-1.194750189781189,-1.4146334386515154
TOKYOTECH_s09,2,9,20.3,-1.0119410753250122,-1.1197358654852634
TOKYOTECH_s09,2,10,20.333333333333332,-0.22788846492767334,-0.8070209914098665
TOKYOTECH_s09,2,11,20.366666666666667,0.8353492021560669,-0.5007121185825232
TOKYOTECH_s09,2,12,20.4,1.4550286531448364,-0.21560791901090937
TOKYOTECH_s09,2,13,20.433333333333334,1.711353063583374,0.04451836163523702
TOKYOTECH_s09,2,14,20.466666666666665,1.6951038837432861,0.2813567740816455
TOKYOTECH_s09,2,15,20.5,1.5132356882095337,0.49340228581285667
TOKYOTECH_s09,2,16,20.533333333333335,1.08256995677948,0.6702874063447121
TOKYOTECH_s09,2,17,20.566666666666666,0.618287205696106,0.796648629207548
TOKYOTECH_s09,2,18,20.6,0.15059688687324524,0.8625654065054081
TOKYOTECH_s09,2,19,20.633333333333333,0.08687178790569305,0.8688940186522114
TOKYOTECH_s09,2,20,20.666666666666668,0.03771751746535301,0.8242354643196977
TOKYOTECH_s09,2,21,20.7,-0.189261794090271,0.7394979980509442
TOKYOTECH_s09,2,22,20.733333333333334,-0.3279770314693451,0.6246296398320342
TOKYOTECH_s09,2,23,20.766666666666666,-0.5599404573440552,0.4894626988248581
TOKYOTECH_s09,2,24,20.8,-0.7041229009628296,0.3466759359935975
TOKYOTECH_s09,2,25,20.833333333333332,-0.8945099115371704,0.21155169266025486
TOKYOTECH_s09,2,26,20.866666666666667,-1.0843119621276855,0.09810350544522631
TOKYOTECH_s09,2,27,20.9,-1.2478967905044556,0.01618426645666214
TOKYOTECH_s09,2,28,20.933333333333334,-1.3423656225204468,-0.02936569269635624
TOKYOTECH_s09,2,29,20.966666666666665,-0.7211349010467529,-0.04023400756876473
TOKYOTECH_s09,2,30,21.0,0.36931177973747253,-0.026546118550573452
TOKYOTECH_s09,2,31,21.033333333333335,0.9865754842758179,-0.005935883836517324
TOKYOTECH_s09,2,32,21.066666666666666,1.1956782341003418,0.0008574691191163449
TOKYOTECH_s09,2,33,21.1,1.182531476020813,-0.024346330568684987
TOKYOTECH_s09,2,34,21.133333333333333,1.0529706478118896,-0.09171866890548502
TOKYOTECH_s09,2,35,21.166666666666668,0.6785284876823425,-0.1987172399409335
TOKYOTECH_s09,2,36,21.2,0.2454216480255127,-0.3278643316197238
TOKYOTECH_s09,2,37,21.233333333333334,-0.13428428769111633,-0.44962047355690904
TOKYOTECH_s09,2,38,21.266666666666666,-0.3836157023906708,-0.5311919295516111
TOKYOTECH_s09,2,39,21.3,-0.44207698106765747,-0.5499147570116474
TOKYOTECH_s09,2,40,21.333333333333332,-0.5849117040634155,-0.5041284036651486
TOKYOTECH_s09,2,41,21.366666666666667,-0.6935444474220276,-0.41039639306408743
TOKYOTECH_s09,2,42,21.4,-0.7428767085075378,-0.28931333679427684
TOKYOTECH_s09,2,43,21.433333333333334,-1.024630069732666,-0.15492797047903087
TOKYOTECH_s09,2,44,21.466666666666665,-1.2556780576705933,-0.013942309108501375
TOKYOTECH_s09,2,45,21.5,-1.4001656770706177,0.12952380745545708
TOKYOTECH_s09,2,46,21.533333333333335,-1.5126382112503052,0.2687327830362502
TOKYOTECH_s09,2,47,21.566666666666666,-1.1193022727966309,0.39329524685513423
TOKYOTECH_s09,2,48,21.6,-0.10824498534202576,0.49236004234747466
TOKYOTECH_s09,2,49,21.633333333333333,0.866957426071167,0.5575936805213614
TOKYOTECH_s09,2,50,21.666666666666668,1.230210781097412,0.5836560320881129
TOKYOTECH_s09,2,51,21.7,1.2614885568618774,0.5666394611931898
TOKYOTECH_s09,2,52,21.733333333333334,1.3343425989151,0.5028782591883497
TOKYOTECH_s09,2,53,21.766666666666666,1.0231932401657104,0.39176007686246805
TOKYOTECH_s09,2,54,21.8,0.6208300590515137,0.24061342240269046
TOKYOTECH_s09,2,55,21.833333333333332,0.13231343030929565,0.06468252605342836
TOKYOTECH_s09,2,56,21.866666666666667,-0.012733631767332554,-0.1181614181810383
TOKYOTECH_s09,2,57,21.9,-0.08337541669607162,-0.2915765960542814
TOKYOTECH_s09,2,58,21.933333333333334,-0.1175011396408081,-0.4416309086397917
TOKYOTECH_s09,2,59,21.966666666666665,-0.3099224269390106,-0.5570265627209253
TOKYOTECH_s09,2,60,22.0,-0.4484851062297821,-0.629556253703701
TOKYOTECH_s09,2,61,22.033333333333335,-0.5357574820518494,-0.6536540139177813
TOKYOTECH_s09,2,62,22.066666666666666,-0.6934681534767151,-0.6259084976126087
TOKYOTECH_s09,2,63,22.1,-0.9149802327156067,-0.5471565391877421
TOKYOTECH_s09,2,64,22.133333333333333,-1.1021376848220825,-0.42559959561119826
TOKYOTECH_s09,2,65,22.166666666666668,-1.074928641319275,-0.2756206215570968
TOKYOTECH_s09,2,66,22.2,-0.4783133268356323,-0.112283822970854
TOKYOTECH_s09,2,67,22.233333333333334,0.5463739633560181,0.05313352020648788
TOKYOTECH_s09,2,68,22.266666666666666,1.2705157995224,0.2132799932734368
TOKYOTECH_s09,2,69,22.3,1.4837125539779663,0.36017387883015184
TOKYOTECH_s09,2,70,22.333333333333332,1.502809762954712,0.4802999462796966
TOKYOTECH_s09,2,71,22.366666666666667,1.367425799369812,0.5572262369951605
TOKYOTECH_s09,2,72,22.4,1.0227863788604736,0.580471058149855
TOKYOTECH_s09,2,73,22.433333333333334,0.6149559617042542,0.5505118812901322
TOKYOTECH_s09,2,74,22.466666666666665,0.22357814013957977,0.476537928354379
TOKYOTECH_s09,2,75,22.5,0.12633760273456573,0.3711326617416416
TOKYOTECH_s09,2,76,22.533333333333335,0.03972641006112099,0.24585430264349883
TOKYOTECH_s09,2,77,22.566666666666666,-0.09746308624744415,0.11041575793655505
TOKYOTECH_s09,2,78,22.6,-0.16904574632644653,-0.025514355714230285
TOKYOTECH_s09,2,79,22.633333333333333,-0.41723284125328064,-0.1521876034627214
TOKYOTECH_s09,2,80,22.666666666666668,-0.5494382381439209,-0.2614450191728018
TOKYOTECH_s09,2,81,22.7,-0.7762904167175293,-0.34609808490761695
TOKYOTECH_s09,2,82,22.733333333333334,-0.9440964460372925,-0.39741199694663815
TOKYOTECH_s09,2,83,22.766666666666666,-1.0913304090499878,-0.4054709848059165
TOKYOTECH_s09,2,84,22.8,-1.17283034324646,-0.3630308757220127
TOKYOTECH_s09,2,85,22.833333333333332,-0.6444156169891357,-0.26907797916172826
TOKYOTECH_s09,2,86,22.866666666666667,0.2454725056886673,-0.12999580678856956
TOKYOTECH_s09,2,87,22.9,1.0468931198120117,0.0415607437861427
TOKYOTECH_s09,2,88,22.933333333333334,1.3471587896347046,0.22891365872438496
TOKYOTECH_s09,2,89,22.966666666666665,1.3435224294662476,0.41283194744368723
TOKYOTECH_s09,2,90,23.0,1.2397466897964478,0.5717300928863288
TOKYOTECH_s09,2,91,23.033333333333335,0.8268304467201233,0.6816175679938107
TOKYOTECH_s09,2,92,23.066666666666666,0.3625730872154236,0.7172904967625419
TOKYOTECH_s09,2,93,23.1,-0.0426381453871727,0.6562617510149502
TOKYOTECH_s09,2,94,23.133333333333333,-0.23922979831695557,0.4854143634108451
TOKYOTECH_s09,2,95,23.166666666666668,-0.38847264647483826,0.2086736723120615
TOKYOTECH_s09,2,96,23.2,-0.5740535259246826,-0.14707243928518782
TOKYOTECH_s09,2,97,23.233333333333334,-0.7619484663009644,-0.5311273956201837
TOKYOTECH_s09,2,98,23.266666666666666,-1.027681589126587,-0.8768548009057219
TOKYOTECH_s09,2,99,23.3,-1.2583481073379517,-1.1210842375052312
TOKYOTECH_s09,2,100,23.333333333333332,-1.4221618175506592,-1.227230109908485
TOKYOTECH_s09,2,101,23.366666666666667,-1.5064843893051147,-1.1952825432951237
TOKYOTECH_s09,2,102,23.4,-1.4234333038330078,-1.053371234091941
TOKYOTECH_s09,2,103,23.433333333333334,-1.1899949312210083,-0.8384180101247428
TOKYOTECH_s09,2,104,23.466666666666665,-0.46877744793891907,-0.578217128209182
TOKYOTECH_s09,2,105,23.5,0.5112056136131287,-0.2890109998584693
TOKYOTECH_s09,2,106,23.533333333333335,0.9957045316696167,0.0136839830891241
TOKYOTECH_s09,2,107,23.566666666666666,1.1512792110443115,0.30870536789181646
TOKYOTECH_s09,2,108,23.6,1.1487362384796143,0.5730639666285892
TOKYOTECH_s09,2,109,23.633333333333333,1.0148017406463623,0.7881805090084177
TOKYOTECH_s09,2,110,23.666666666666668,0.5657508373260498,0.9428811696834484
TOKYOTECH_s09,2,111,23.7,0.24397219717502594,1.0311954570430575
TOKYOTECH_s09,2,112,23.733333333333334,0.034615181386470795,1.0473571592231943
TOKYOTECH_s09,2,113,23.766666666666666,0.06874090433120728,0.9840980138380451
TOKYOTECH_s09,2,114,23.8,0.04318475350737572,0.837038701460698
TOKYOTECH_s09,2,115,23.833333333333332,0.03746322914958,0.6138554338862684
TOKYOTECH_s09,2,116,23.866666666666667,-0.074602410197258,0.34206322343096945
TOKYOTECH_s09,2,117,23.9,-0.2650148272514343,0.06597561374987858
TOKYOTECH_s09,2,118,23.933333333333334,-0.5356048941612244,-0.16730484461523143
TOKYOTECH_s09,2,119,23.966666666666665,-0.7000796794891357,-0.32353704048391885
TOKYOTECH_s09,2,120,24.0,-0.7814779281616211,-0.39108707160899175
TOKYOTECH_s09,2,121,24.033333333333335,-0.9797987937927246,-0.38072610295936643
TOKYOTECH_s09,2,122,24.066666666666666,-0.4780590236186981,-0.31753202996330704
TOKYOTECH_s09,2,123,24.1,0.4535326361656189,-0.23237611360905544
TOKYOTECH_s09,2,124,24.133333333333333,1.1139494180679321,-0.15581322134640763
TOKYOTECH_s09,2,125,24.166666666666668,1.468353509902954,-0.11202762221561527
TOKYOTECH_s09,2,126,24.2,1.377673625946045,-0.11276924390797724
TOKYOTECH_s09,2,127,24.233333333333334,1.3355631828308105,-0.15381726731840709
TOKYOTECH_s09,2,128,24.266666666666666,0.9894744157791138,-0.21597775243583345
TOKYOTECH_s09,2,129,24.3,0.6334937214851379,-0.27159746662593215
TOKYOTECH_s09,2,130,24.333333333333332,0.1866043508052826,-0.2951059472320853
TOKYOTECH_s09,2,131,24.366666666666667,-0.020692910999059677,-0.2737849124821805
TOKYOTECH_s09,2,132,24.4,-0.074602410197258,-0.21330548156036966
TOKYOTECH_s09,2,133,24.433333333333334,-0.1760387122631073,-0.13217989084635196
TOKYOTECH_s09,2,134,24.466666666666665,-0.3809456527233124,-0.049054591791530065
TOKYOTECH_s09,2,135,24.5,-0.6132650971412659,0.024461525047825852
TOKYOTECH_s09,2,136,24.533333333333335,-0.7306962013244629,0.08216172845400971
TOKYOTECH_s09,2,137,24.566666666666666,-0.8825836777687073,0.11966897703210258
TOKYOTECH_s09,2,138,24.6,-1.1337714195251465,0.1334815660196921
TOKYOTECH_s09,2,139,24.633333333333333,-1.2624422311782837,0.12355479175850143
TOKYOTECH_s09,2,140,24.666666666666668,-1.2152968645095825,0.09672317805156833
TOKYOTECH_s09,2,141,24.7,-0.5951087474822998,0.06542137795482476
TOKYOTECH_s09,2,142,24.733333333333334,0.37978851795196533,0.04133372585061926
TOKYOTECH_s09,2,143,24.766666666666666,1.0051641464233398,0.028961392719113674
TOKYOTECH_s09,2,144,24.8,1.2651503086090088,0.02362256452082216
TOKYOTECH_s09,2,145,24.833333333333332,1.2609798908233643,0.016754173097676822
TOKYOTECH_s09,2,146,24.866666666666667,1.1269944906234741,0.005057513415412197
TOKYOTECH_s09,2,147,24.9,0.762113630771637,-0.005427993713862994
TOKYOTECH_s09,2,148,24.933333333333334,0.3119439482688904,-0.0038016111858917017
TOKYOTECH_s09,2,149,24.966666666666665,-0.009275287389755249,0.015574911867746268
TOKYOTECH_s09,2,150,25.0,-0.2623447775840759,0.044909196333556466
TOKYOTECH_s09,2,151,25.033333333333335,-0.44128867983818054,0.06706741393159642
TOKYOTECH_s09,2,152,25.066666666666666,-0.6081792712211609,0.06896401485684008
TOKYOTECH_s09,2,153,25.1,-0.7955910563468933,0.04881284633892528
TOKYOTECH_s09,2,154,25.133333333333333,-0.8990616798400879,0.01299783610889154
TOKYOTECH_s09,2,155,25.166666666666668,-1.1078592538833618,-0.02944609231022803
TOKYOTECH_s09,2,156,25.2,-1.3497400283813477,-0.06993610607568616
TOKYOTECH_s09,2,157,25.233333333333334,-1.5636488199234009,-0.1007227917734566
TOKYOTECH_s09,2,158,25.266666666666666,-1.7023131847381592,-0.11417078396271838
TOKYOTECH_s09,2,159,25.3,-1.4017677307128906,-0.10393082310411322
TOKYOTECH_s09,2,160,25.333333333333332,-0.571942925453186,-0.06811675516353356
TOKYOTECH_s09,2,161,25.366666666666667,0.41477882862091064,-0.011629561735973624
TOKYOTECH_s09,2,162,25.4,0.7986551523208618,0.0544214090034188
TOKYOTECH_s09,2,163,25.433333333333334,0.8852154612541199,0.11688003198111523
TOKYOTECH_s09,2,164,25.466666666666665,0.7661314606666565,0.16587384846076386
TOKYOTECH_s09,2,165,25.5,0.4478874206542969,0.1963986173973923
TOKYOTECH_s09,2,166,25.533333333333335,0.05767928808927536,0.20510801184817043
TOKYOTECH_s09,2,167,25.566666666666666,-0.4369911849498749,0.18540602718661287
TOKYOTECH_s09,2,168,25.6,-0.4728969633579254,0.12617792859314544
TOKYOTECH_s09,2,169,25.633333333333333,-0.5163805484771729,0.020221793775197207
TOKYOTECH_s09,2,170,25.666666666666668,-0.5207034945487976,-0.1221836141193332
TOKYOTECH_s09,2,171,25.7,-0.5764184594154358,-0.26869363353850684
TOKYOTECH_s09,2,172,25.733333333333334,-0.6436781883239746,-0.3748018508771367
TOKYOTECH_s09,2,173,25.766666666666666,-0.7375875115394592,-0.4035508168290534
TOKYOTECH_s09,2,174,25.8,-0.8476951122283936,-0.3429481137261121
TOKYOTECH_s09,2,175,25.833333333333332,-1.0182219743728638,-0.2045918514318818
TOKYOTECH_s09,2,176,25.866666666666667,-1.1170390844345093,-0.007199407175208094
TOKYOTECH_s09,2,177,25.9,-1.015068769454956,0.23222320413951497
TOKYOTECH_s09,2,178,25.933333333333334,-0.18603231012821198,0.49291479991219556
TOKYOTECH_s09,2,179,25.966666666666665,0.8666014671325684,0.7417874693981401
TOKYOTECH_s09,2,180,26.0,1.3843106031417847,0.9313805271467381
TOKYOTECH_s09,2,181,26.033333333333335,1.6442458629608154,1.0096873883839186
TOKYOTECH_s09,2,182,26.066666666666666,1.4170377254486084,0.9378963242821394
TOKYOTECH_s09,2,183,26.1,1.2624802589416504,0.7036317336557419
TOKYOTECH_s09,2,184,26.133333333333333,0.8139888048171997,0.3242549805126657
TOKYOTECH_s09,2,185,26.166666666666668,0.45030316710472107,-0.15710410919032775
TOKYOTECH_s09,2,186,26.2,0.20628641545772552,-0.6790531002012233
TOKYOTECH_s09,2,187,26.233333333333334,0.05989161133766174,-1.1692452635337933
TOKYOTECH_s09,2,188,26.266666666666666,0.033496301621198654,-1.5533709722026519
TOKYOTECH_s09,2,189,26.3,-0.12670643627643585,-1.7723690440545627
TOKYOTECH_s09,2,190,26.333333333333332,-0.2056380808353424,-1.8017147401822744
TOKYOTECH_s09,2,191,26.366666666666667,-0.37781789898872375,-1.6551625927882017
TOKYOTECH_s09,2,192,26.4,-0.6122733354568481,-1.3699192297745257
TOKYOTECH_s09,2,193,26.433333333333334,-0.7903527021408081,-0.9856666240471711
TOKYOTECH_s09,2,194,26.466666666666665,-0.9085721373558044,-0.529744508379534
TOKYOTECH_s09,2,195,26.5,-1.005761742591858,-0.01768693039658658
TOKYOTECH_s09,2,196,26.533333333333335,-0.5488788485527039,0.5327845751647933
TOKYOTECH_s09,2,197,26.566666666666666,0.47397756576538086,1.086732814467164
TOKYOTECH_s09,2,198,26.6,1.350134015083313,1.586473958635372
TOKYOTECH_s09,2,199,26.633333333333333,1.7035971879959106,1.9615251831926048
TOKYOTECH_s09,2,200,26.666666666666668,1.7125990390777588,2.1498285380793742
TOKYOTECH_s09,2,201,26.7,1.67107355594635,2.1168012168876293
TOKYOTECH_s09,2,202,26.733333333333334,1.3737066984176636,1.8641501528084616
TOKYOTECH_s09,2,203,26.766666666666666,0.9848717451095581,1.4274975130318561
TOKYOTECH_s09,2,204,26.8,0.486259788274765,0.8664561078049687
TOKYOTECH_s09,2,205,26.833333333333332,0.2775130569934845,0.2542903840584397
TOKYOTECH_s09,2,206,26.866666666666667,0.09495821595191956,-0.331169046178066
TOKYOTECH_s09,2,207,26.9,-0.14631220698356628,-0.8192194953734773
TOKYOTECH_s09,2,208,26.933333333333334,-0.34333616495132446,-1.159562133961385
TOKYOTECH_s09,2,209,26.966666666666665,-0.4886629283428192,-1.3310406794835181
TOKYOTECH_s09,2,210,27.0,-0.6228009462356567,-1.342012639819505
TOKYOTECH_s09,2,211,27.033333333333335,-0.8683943152427673,-1.2216804771840768
TOKYOTECH_s09,2,212,27.066666666666666,-0.9829010963439941,-1.0068728827344637
TOKYOTECH_s09,2,213,27.1,-1.106613278388977,-0.7328960555759336
TOKYOTECH_s09,2,214,27.133333333333333,-1.1643116474151611,-0.43134478792881953
TOKYOTECH_s09,2,215,27.166666666666668,-0.6694631576538086,-0.13152136761349256
TOKYOTECH_s09,2,216,27.2,0.34047529101371765,0.13867349422457476
TOKYOTECH_s09,2,217,27.233333333333334,1.0069186687469482,0.3560364948493334
TOKYOTECH_s09,2,218,27.266666666666666,1.3057349920272827,0.5070343603458419
TOKYOTECH_s09,2,219,27.3,1.2128174304962158,0.5864785652841729
TOKYOTECH_s09,2,220,27.333333333333332,1.0450876951217651,0.5915327809867964
TOKYOTECH_s09,2,221,27.366666666666667,0.7374729514122009,0.5218349989475713
TOKYOTECH_s09,2,222,27.4,0.3199540674686432,0.3859981056255328
TOKYOTECH_s09,2,223,27.433333333333334,0.02190067619085312,0.20414036328745577
TOKYOTECH_s09,2,224,27.466666666666665,-0.03872207924723625,0.0034900463950073776
TOKYOTECH_s09,2,225,27.5,0.037844665348529816,-0.18766267252269683
TOKYOTECH_s09,2,226,27.533333333333335,0.013509104028344154,-0.3450821469219017
TOKYOTECH_s09,2,227,27.566666666666666,-0.07266980409622192,-0.45344502976519935
TOKYOTECH_s09,2,228,27.6,-0.23564431071281433,-0.5095544239707026
TOKYOTECH_s09,2,229,27.633333333333333,-0.3517277240753174,-0.5206930132508613
TOKYOTECH_s09,2,230,27.666666666666668,-0.4932401478290558,-0.4984935516776236
TOKYOTECH_s09,2,231,27.7,-0.6290565133094788,-0.4522729827915489
TOKYOTECH_s09,2,232,27.733333333333334,-0.7075812816619873,-0.385680657475609
TOKYOTECH_s09,2,233,27.766666666666666,-0.6056872010231018,-0.29947976510543234
TOKYOTECH_s09,2,234,27.8,0.11100392043590546,-0.19711289128194534
TOKYOTECH_s09,2,235,27.833333333333332,0.9619348049163818,-0.08449908568421184
TOKYOTECH_s09,2,236,27.866666666666667,1.5599232912063599,0.03579281205198703
TOKYOTECH_s09,2,237,27.9,1.683355689048767,0.16719323305154177
TOKYOTECH_s09,2,238,27.933333333333334,1.507590413093567,0.3142933727036525
TOKYOTECH_s09,2,239,27.966666666666665,1.2798991203308105,0.4720059581627655
TOKYOTECH_s09,2,240,28.0,0.8110136389732361,0.6169541300156888
TOKYOTECH_s09,2,241,28.033333333333335,0.36491256952285767,0.7138970028592766
TOKYOTECH_s09,2,242,28.066666666666666,0.04572765529155731,0.7348739204259476
TOKYOTECH_s09,2,243,28.1,-0.10778725892305374,0.6740711357977429
TOKYOTECH_s09,2,244,28.133333333333333,-0.16968145966529846,0.5490986596651656
TOKYOTECH_s09,2,245,28.166666666666668,-0.28383228182792664,0.38938045792284864
TOKYOTECH_s09,2,246,28.2,-0.49242642521858215,0.22066417713704642
TOKYOTECH_s09,2,247,28.233333333333334,-0.6008302569389343,0.06055907162823031
TOKYOTECH_s09,2,248,28.266666666666666,-0.7622281908988953,-0.07478427672186992
TOKYOTECH_s09,2,249,28.3,-0.9551072120666504,-0.16735643055668048
TOKYOTECH_s09,2,250,28.333333333333332,-1.1149793863296509,-0.20242872341796472
TOKYOTECH_s09,2,251,28.366666666666667,-1.1822645664215088,-0.17633351474128678
TOKYOTECH_s09,2,252,28.4,-0.945342481136322,-0.10104802384917279
TOKYOTECH_s09,2,253,28.433333333333334,-0.025982145220041275,-0.001269685085770595
TOKYOTECH_s09,2,254,28.466666666666665,1.035475492477417,0.09422581984721921
TOKYOTECH_s09,2,255,28.5,1.4548760652542114,0.1595085436787942
TOKYOTECH_s09,2,256,28.533333333333335,1.529357671737671,0.17384009353036733
TOKYOTECH_s09,2,257,28.566666666666666,1.4914175271987915,0.12177364483887762
TOKYOTECH_s09,2,258,28.6,1.2296768426895142,-0.006157966293970758
TOKYOTECH_s09,2,259,28.633333333333333,0.7918910384178162,-0.20975500722760393
TOKYOTECH_s09,2,260,28.666666666666668,0.3760504722595215,-0.47311187061703336
TOKYOTECH_s09,2,261,28.7,0.035937488079071045,-0.75990902852351
TOKYOTECH_s09,2,262,28.733333333333334,-0.03762862831354141,-1.015912047070184
TOKYOTECH_s09,2,263,28.766666666666666,-0.18821920454502106,-1.1850601039531086
TOKYOTECH_s09,2,264,28.8,-0.30559951066970825,-1.2323653168006725
TOKYOTECH_s09,2,265,28.833333333333332,-0.5199406147003174,-1.1551317243312935
TOKYOTECH_s09,2,266,28.866666666666667,-0.7473267912864685,-0.9759390755377744
TOKYOTECH_s09,2,267,28.9,-0.9821128249168396,-0.724398675223937
TOKYOTECH_s09,2,268,28.933333333333334,-1.1925886869430542,-0.4191648069322037
TOKYOTECH_s09,2,269,28.966666666666665,-1.5034583806991577,-0.06330602683843156
TOKYOTECH_s09,2,270,29.0,-1.679376244544983,0.34532877848231075
TOKYOTECH_s09,2,271,29.033333333333335,-1.53191339969635,0.7988928165470449
TOKYOTECH_s09,2,272,29.066666666666666,-0.6984268426895142,1.268442466700249
TOKYOTECH_s09,2,273,29.1,0.2215438187122345,1.7025968505162237
TOKYOTECH_s09,2,274,29.133333333333333,0.7402955889701843,2.035542225242977
TOKYOTECH_s09,2,275,29.166666666666668,0.8347897529602051,2.1981786461570976
TOKYOTECH_s09,2,276,29.2,0.7129085063934326,2.130131627557672
TOKYOTECH_s09,2,277,29.233333333333334,0.5151471495628357,1.7945118725115732
TOKYOTECH_s09,2,278,29.266666666666666,-0.042816147208213806,1.1951146256773801
TOKYOTECH_s09,2,279,29.3,-0.5305699110031128,0.3929098467096247
TOKYOTECH_s09,2,280,29.333333333333332,-0.8517891764640808,-0.49020982969886484
TOKYOTECH_s09,2,281,29.366666666666667,-0.9137596487998962,-1.298233956126073
TOKYOTECH_s09,2,282,29.4,-1.0115596055984497,-1.8914705052661693
TOKYOTECH_s09,2,283,29.433333333333334,-1.1836631298065186,-2.1899451510816017
TOKYOTECH_s09,2,284,29.466666666666665,-1.2986785173416138,-2.1895595138290713
TOKYOTECH_s09,2,285,29.5,-1.3986399173736572,-1.9458111102278068
TOKYOTECH_s09,2,286,29.533333333333335,-1.5660390853881836,-1.5379835161306137
TOKYOTECH_s09,2,287,29.566666666666666,-1.701575756072998,-1.0414070079620048
TOKYOTECH_s09,2,288,29.6,-1.933030605316162,-0.5177132295064316
TOKYOTECH_s09,2,289,29.633333333333333,-1.966800332069397,-0.013452206490310396
TOKYOTECH_s09,2,290,29.666666666666668,-1.4042342901229858,0.43884038646461576
TOKYOTECH_s09,2,291,29.7,-0.4025603234767914,0.8173442625747093
TOKYOTECH_s09,2,292,29.733333333333334,0.44976913928985596,1.1065945878373389
TOKYOTECH_s09,2,293,29.766666666666666,0.9003965854644775,1.294033487652352
TOKYOTECH_s09,2,294,29.8,0.9757936000823975,1.369547124349483
TOKYOTECH_s09,2,295,29.833333333333332,1.0130470991134644,1.329683358162691
TOKYOTECH_s09,2,296,29.866666666666667,0.5996731519699097,1.183449323541013
TOKYOTECH_s09,2,297,29.9,0.22497673332691193,0.9526072187957333
TOKYOTECH_s09,2,298,29.933333333333334,-0.09464046359062195,0.6658530714724282
TOKYOTECH_s09,2,299,29.966666666666665,-0.2029171735048294,0.3529024584513169
TOKYOTECH_s09,3,0,30.0,-0.2268712967634201,0.007773613460260799
TOKYOTECH_s09,3,1,30.033333333333335,-0.29278329014778137,-0.4979636928594546
TOKYOTECH_s09,3,2,30.066666666666666,-0.3180851638317108,-0.9126594593085665
TOKYOTECH_s09,3,3,30.1,-0.4696166217327118,-1.1624744583054958
TOKYOTECH_s09,3,4,30.133333333333333,-0.5902518033981323,-1.2122371204113873
TOKYOTECH_s09,3,5,30.166666666666668,-0.8700980544090271,-1.0723384208528732
TOKYOTECH_s09,3,6,30.2,-1.0066009759902954,-0.7887796743863875
TOKYOTECH_s09,3,7,30.233333333333334,-1.1373060941696167,-0.4264879469623603
TOKYOTECH_s09,3,8,30.266666666666666,-1.061883568763733,-0.05298324973668597
TOKYOTECH_s09,3,9,30.3,-0.22793932259082794,0.2750539028172651
TOKYOTECH_s09,3,10,30.333333333333332,0.808979332447052,0.5199586593032456
TOKYOTECH_s09,3,11,30.366666666666667,1.5673232078552246,0.6639708331235079
TOKYOTECH_s09,3,12,30.4,1.6307939291000366,0.7040833949151535
TOKYOTECH_s09,3,13,30.433333333333334,1.6953073740005493,0.6449678958788604
TOKYOTECH_s09,3,14,30.466666666666665,1.5007754564285278,0.49409834467128383
TOKYOTECH_s09,3,15,30.5,0.9674020409584045,0.2622227884040358
TOKYOTECH_s09,3,16,30.533333333333335,0.6161003112792969,-0.032025134974034114
TOKYOTECH_s09,3,17,30.566666666666666,0.31387653946876526,-0.3585716523206567
TOKYOTECH_s09,3,18,30.6,0.13472917675971985,-0.6763183726961156
TOKYOTECH_s09,3,19,30.633333333333333,0.03235199674963951,-0.9374116597132028
TOKYOTECH_s09,3,20,30.666666666666668,-0.17029176652431488,-1.0951908939614683
TOKYOTECH_s09,3,21,30.7,-0.16843543946743011,-1.1154635613937471
TOKYOTECH_s09,3,22,30.733333333333334,-0.39663535356521606,-0.9872178925050936
TOKYOTECH_s09,3,23,30.766666666666666,-0.48922237753868103,-0.7260861011091313
TOKYOTECH_s09,3,24,30.8,-0.7157185673713684,-0.3694982707615491
TOKYOTECH_s09,3,25,30.833333333333332,-0.9477836489677429,0.03172931920956062
TOKYOTECH_s09,3,26,30.866666666666667,-1.0384634733200073,0.42302072929068446
TOKYOTECH_s09,3,27,30.9,-1.110809087753296,0.7572916829185983
TOKYOTECH_s09,3,28,30.933333333333334,-0.5644413828849792,1.0043505004568245
TOKYOTECH_s09,3,29,30.966666666666665,0.5123499631881714,1.1517000515750235
TOKYOTECH_s09,3,30,31.0,1.3492186069488525,1.1973757282507809
TOKYOTECH_s09,3,31,31.033333333333335,1.6073230504989624,1.142626998351446
TOKYOTECH_s09,3,32,31.066666666666666,1.679643154144287,0.989748552190728
TOKYOTECH_s09,3,33,31.1,1.4033061265945435,0.746499111390465
TOKYOTECH_s09,3,34,31.133333333333333,1.116848349571228,0.43260108378924733
TOKYOTECH_s09,3,35,31.166666666666668,0.6248732805252075,0.07913266534636654
TOKYOTECH_s09,3,36,31.2,0.1814931333065033,-0.2792705896150738
TOKYOTECH_s09,3,37,31.233333333333334,-0.06259991228580475,-0.6103509007909191
TOKYOTECH_s09,3,38,31.266666666666666,-0.2270238697528839,-0.8847573807764104
TOKYOTECH_s09,3,39,31.3,-0.3330628275871277,-1.0740471316415083
TOKYOTECH_s09,3,40,31.333333333333332,-0.5756301283836365,-1.1510583217322077
TOKYOTECH_s09,3,41,31.366666666666667,-0.8098058700561523,-1.0980839597062753
TOKYOTECH_s09,3,42,31.4,-0.9609050154685974,-0.9190825744281504
TOKYOTECH_s09,3,43,31.433333333333334,-1.1944959163665771,-0.6438111781803163
TOKYOTECH_s09,3,44,31.466666666666665,-1.4390212297439575,-0.31971351480784077
TOKYOTECH_s09,3,45,31.5,-1.5782959461212158,0.0034945892502600464
TOKYOTECH_s09,3,46,31.533333333333335,-1.4987794160842896,0.2887197131785234
TOKYOTECH_s09,3,47,31.566666666666666,-0.7792401909828186,0.5169895888243775
TOKYOTECH_s09,3,48,31.6,0.34581536054611206,0.6822905911947721
TOKYOTECH_s09,3,49,31.633333333333333,0.9198243618011475,0.7822580732812462
TOKYOTECH_s09,3,50,31.666666666666668,1.1796071529388428,0.812129562234694
TOKYOTECH_s09,3,51,31.7,1.0343056917190552,0.7683104297381954
TOKYOTECH_s09,3,52,31.733333333333334,0.7981719970703125,0.6575813430070208
TOKYOTECH_s09,3,53,31.766666666666666,0.464289128780365,0.4987974747057901
TOKYOTECH_s09,3,54,31.8,0.007711289916187525,0.31530148775891276
TOKYOTECH_s09,3,55,31.833333333333332,-0.2941310405731201,0.12813316661084997
TOKYOTECH_s09,3,56,31.866666666666667,-0.573087215423584,-0.04550626916409224
TOKYOTECH_s09,3,57,31.9,-0.576570987701416,-0.1908548105883415
TOKYOTECH_s09,3,58,31.933333333333334,-0.5850897431373596,-0.2942316446543058
TOKYOTECH_s09,3,59,31.966666666666665,-0.6131379008293152,-0.3444568342102994
TOKYOTECH_s09,3,60,32.0,-0.7604990005493164,-0.33685375220452873
TOKYOTECH_s09,3,61,32.03333333333333,-0.9959716200828552,-0.2767134331873261
TOKYOTECH_s09,3,62,32.06666666666667,-0.9968616366386414,-0.17998157681553356
TOKYOTECH_s09,3,63,32.1,-1.2784879207611084,-0.07037187836424914
TOKYOTECH_s09,3,64,32.13333333333333,-1.2355637550354004,0.02620591677272982
TOKYOTECH_s09,3,65,32.166666666666664,-0.6881535053253174,0.08749233273327929
TOKYOTECH_s09,3,66,32.2,0.39158758521080017,0.0990372910475315
TOKYOTECH_s09,3,67,32.233333333333334,1.1853539943695068,0.055529639458750286
TOKYOTECH_s09,3,68,32.266666666666666,1.6555618047714233,-0.039149919639954255
TOKYOTECH_s09,3,69,32.3,1.5262044668197632,-0.1694810581396738
TOKYOTECH_s09,3,70,32.333333333333336,1.5371389389038086,-0.30629882539557246
TOKYOTECH_s09,3,71,32.36666666666667,1.1707069873809814,-0.41376777388007635
TOKYOTECH_s09,3,72,32.4,0.7835503220558167,-0.46451132729757927
TOKYOTECH_s09,3,73,32.43333333333333,0.42550987005233765,-0.4526348599450173
TOKYOTECH_s09,3,74,32.46666666666667,0.16148050129413605,-0.39567921205672935
TOKYOTECH_s09,3,75,32.5,0.09849284589290619,-0.32016093553858777
TOKYOTECH_s09,3,76,32.53333333333333,-0.011665613390505314,-0.24033094998951485
TOKYOTECH_s09,3,77,32.56666666666667,-0.14249785244464874,-0.15231400745342585
TOKYOTECH_s09,3,78,32.6,-0.3232218027114868,-0.046633412349615655
TOKYOTECH_s09,3,79,32.63333333333333,-0.48479771614074707,0.07773084441894935
TOKYOTECH_s09,3,80,32.666666666666664,-0.677219033241272,0.2088988740012398
TOKYOTECH_s09,3,81,32.7,-0.8898054957389832,0.3297374101568752
TOKYOTECH_s09,3,82,32.733333333333334,-1.0499573945999146,0.43107559377319304
TOKYOTECH_s09,3,83,32.766666666666666,-0.916785717010498,0.5167518940875617
TOKYOTECH_s09,3,84,32.8,-0.01158932689577341,0.5966436723799701
TOKYOTECH_s09,3,85,32.833333333333336,1.0697537660598755,0.6747404667649372
TOKYOTECH_s09,3,86,32.86666666666667,1.6738452911376953,0.73998893849627
TOKYOTECH_s09,3,87,32.9,1.8564510345458984,0.766367256328372
TOKYOTECH_s09,3,88,32.93333333333333,1.9303730726242065,0.7221654741354239
TOKYOTECH_s09,3,89,32.96666666666667,1.5865983963012695,0.5819920135813923
TOKYOTECH_s09,3,90,33.0,1.0913684368133545,0.3366224455679824
TOKYOTECH_s09,3,91,33.03333333333333,0.5807031393051147,-0.0015864571512498372
TOKYOTECH_s09,3,92,33.06666666666667,0.31947091221809387,-0.3973575513893137
TOKYOTECH_s09,3,93,33.1,0.2242138534784317,-0.7926507033003187
TOKYOTECH_s09,3,94,33.13333333333333,0.11382653564214706,-1.1118324778485014
TOKYOTECH_s09,3,95,33.166666666666664,-0.08307026326656342,-1.2803287882763272
TOKYOTECH_s09,3,96,33.2,-0.1865154653787613,-1.2522968366406297
TOKYOTECH_s09,3,97,33.233333333333334,-0.4538506269454956,-1.0304710535858557
TOKYOTECH_s09,3,98,33.266666666666666,-0.6764816045761108,-0.6670749435374936
TOKYOTECH_s09,3,99,33.3,-0.9158194065093994,-0.24310842693621176
TOKYOTECH_s09,3,100,33.333333333333336,-1.1184122562408447,0.16280173273534992
TOKYOTECH_s09,3,101,33.36666666666667,-1.140383005142212,0.4935904072990333
TOKYOTECH_s09,3,102,33.4,-0.8468559384346008,0.7156279914747007
TOKYOTECH_s09,3,103,33.43333333333333,0.2188991904258728,0.8157988815804645
TOKYOTECH_s09,3,104,33.46666666666667,1.0516483783721924,0.7996345183051753
TOKYOTECH_s09,3,105,33.5,1.3446413278579712,0.6879307475712482
TOKYOTECH_s09,3,106,33.53333333333333,1.3751307725906372,0.5110146858071591
TOKYOTECH_s09,3,107,33.56666666666667,1.2169877290725708,0.30203012295870696
TOKYOTECH_s09,3,108,33.6,0.8797482252120972,0.09014050731446648
TOKYOTECH_s09,3,109,33.63333333333333,0.2884475290775299,-0.10588851919028074
TOKYOTECH_s09,3,110,33.666666666666664,-0.047851089388132095,-0.28013835274384263
TOKYOTECH_s09,3,111,33.7,-0.22107349336147308,-0.432193802984396
TOKYOTECH_s09,3,112,33.733333333333334,-0.34033554792404175,-0.5539988867377252
TOKYOTECH_s09,3,113,33.766666666666666,-0.30010685324668884,-0.6238089512242966
TOKYOTECH_s09,3,114,33.8,-0.5094384551048279,-0.6133959658843502
TOKYOTECH_s09,3,115,33.833333333333336,-0.6272510290145874,-0.506206094020055
TOKYOTECH_s09,3,116,33.86666666666667,-0.8487122654914856,-0.31439659920663937
TOKYOTECH_s09,3,117,33.9,-1.1063843965530396,-0.07598092423177348
TOKYOTECH_s09,3,118,33.93333333333333,-1.2235103845596313,0.1659729277446173
TOKYOTECH_s09,3,119,33.96666666666667,-1.3114947080612183,0.37994141995850417
TOKYOTECH_s09,3,120,34.0,-0.7204483151435852,0.5489876553404878
TOKYOTECH_s09,3,121,34.03333333333333,0.26502740383148193,0.6659570786832826
TOKYOTECH_s09,3,122,34.06666666666667,1.186701774597168,0.726799859185116
TOKYOTECH_s09,3,123,34.1,1.5484802722930908,0.7265433889777029
TOKYOTECH_s09,3,124,34.13333333333333,1.5765539407730103,0.660159597210659
TOKYOTECH_s09,3,125,34.166666666666664,1.4255056381225586,0.5277753592918676
TOKYOTECH_s09,3,126,34.2,1.0983105897903442,0.339747432286142
TOKYOTECH_s09,3,127,34.233333333333334,0.5762021541595459,0.11441686884459142
TOKYOTECH_s09,3,128,34.266666666666666,0.27593645453453064,-0.12950204204986307
TOKYOTECH_s09,3,129,34.3,0.09200844913721085,-0.37534984588900033
TOKYOTECH_s09,3,130,34.333333333333336,-0.001697442727163434,-0.6033511332013949
TOKYOTECH_s09,3,131,34.36666666666667,-0.12645214796066284,-0.784268327174139
TOKYOTECH_s09,3,132,34.4,-0.28668034076690674,-0.879833513104474
TOKYOTECH_s09,3,133,34.43333333333333,-0.42796388268470764,-0.8571540890801103
TOKYOTECH_s09,3,134,34.46666666666667,-0.5951087474822998,-0.7096548613983081
TOKYOTECH_s09,3,135,34.5,-0.8097041249275208,-0.46422785329314753
TOKYOTECH_s09,3,136,34.53333333333333,-0.9947510361671448,-0.1697058742297329
TOKYOTECH_s09,3,137,34.56666666666667,-1.04731285572052,0.12153269669444348
TOKYOTECH_s09,3,138,34.6,-0.7902509570121765,0.36830738527796103
TOKYOTECH_s09,3,139,34.63333333333333,0.11970064043998718,0.5450646177733387
TOKYOTECH_s09,3,140,34.666666666666664,1.1155259609222412,0.6376397374372215
TOKYOTECH_s09,3,141,34.7,1.5828857421875,0.6395650368991915
TOKYOTECH_s09,3,142,34.733333333333334,1.6316585540771484,0.5533566538493838
TOKYOTECH_s09,3,143,34.766666666666666,1.6222498416900635,0.39517246603446116
TOKYOTECH_s09,3,144,34.8,1.361195683479309,0.19634688166905997
TOKYOTECH_s09,3,145,34.833333333333336,0.8805619478225708,-0.007657293759858665
TOKYOTECH_s09,3,146,34.86666666666667,0.3981482684612274,-0.1943691385454952
TOKYOTECH_s09,3,147,34.9,0.15540295839309692,-0.3566339824157373
TOKYOTECH_s09,3,148,34.93333333333333,-0.09413188695907593,-0.4891377107485978
TOKYOTECH_s09,3,149,34.96666666666667,-0.1891346573829651,-0.5782338852828258
TOKYOTECH_s09,3,150,35.0,-0.37524956464767456,-0.6043919817085511
TOKYOTECH_s09,3,151,35.03333333333333,-0.5884209275245667,-0.554249397793967
TOKYOTECH_s09,3,152,35.06666666666667,-0.6873397827148438,-0.43284625599552656
TOKYOTECH_s09,3,153,35.1,-1.0147637128829956,-0.2627362975829953
TOKYOTECH_s09,3,154,35.13333333333333,-1.1034854650497437,-0.07089440631839339
TOKYOTECH_s09,3,155,35.166666666666664,-1.304552674293518,0.12169985419530814
TOKYOTECH_s09,3,156,35.2,-1.239123821258545,0.3014918618226036
TOKYOTECH_s09,3,157,35.233333333333334,-0.4905700981616974,0.4586252471521385
TOKYOTECH_s09,3,158,35.266666666666666,0.43906354904174805,0.582344170714373
TOKYOTECH_s09,3,159,35.3,1.101743459701538,0.6590540842546357
TOKYOTECH_s09,3,160,35.333333333333336,1.3002676963806152,0.6751556786027121
TOKYOTECH_s09,3,161,35.36666666666667,1.1416923999786377,0.6247668037403368
TOKYOTECH_s09,3,162,35.4,1.0918262004852295,0.5168362532679228
TOKYOTECH_s09,3,163,35.43333333333333,0.5839834809303284,0.37197386490287737
TOKYOTECH_s09,3,164,35.46666666666667,-0.01886202208697796,0.21069463745741515
TOKYOTECH_s09,3,165,35.5,-0.25471606850624084,0.045743085211442346
TOKYOTECH_s09,3,166,35.53333333333333,-0.48906978964805603,-0.11670099934932476
TOKYOTECH_s09,3,167,35.56666666666667,-0.5615933537483215,-0.2712099611077465
TOKYOTECH_s09,3,168,35.6,-0.7606515884399414,-0.40813072395167166
TOKYOTECH_s09,3,169,35.63333333333333,-0.9376375079154968,-0.5145575504552493
TOKYOTECH_s09,3,170,35.666666666666664,-1.0514068603515625,-0.5800027337310106
TOKYOTECH_s09,3,171,35.7,-1.2564409971237183,-0.5995267448412552
TOKYOTECH_s09,3,172,35.733333333333334,-1.4619073867797852,-0.5720008884745612
TOKYOTECH_s09,3,173,35.766666666666666,-1.6083530187606812,-0.496708628690686
TOKYOTECH_s09,3,174,35.8,-1.3852134943008423,-0.37199112565594283
TOKYOTECH_s09,3,175,35.833333333333336,-0.632845401763916,-0.1990886709722736
TOKYOTECH_s09,3,176,35.86666666666667,0.3597759008407593,0.010950330097892168
TOKYOTECH_s09,3,177,35.9,1.0786285400390625,0.2342009962993723
TOKYOTECH_s09,3,178,35.93333333333333,1.3094221353530884,0.4373425750848823
TOKYOTECH_s09,3,179,35.96666666666667,1.193669319152832,0.5854773069240886
TOKYOTECH_s09,3,180,36.0,1.2637771368026733,0.6504457850992486
TOKYOTECH_s09,3,181,36.03333333333333,0.843333899974823,0.6150676379916554
TOKYOTECH_s09,3,182,36.06666666666667,0.4344863295555115,0.47388225903821957
TOKYOTECH_s09,3,183,36.1,0.13488174974918365,0.235718231820119
TOKYOTECH_s09,3,184,36.13333333333333,0.05668755993247032,-0.07059184443522297
TOKYOTECH_s09,3,185,36.166666666666664,-0.11053359508514404,-0.3906329525434473
TOKYOTECH_s09,3,186,36.2,-0.15020284056663513,-0.6482445673799025
TOKYOTECH_s09,3,187,36.233333333333334,-0.3154405355453491,-0.7712860424818138
TOKYOTECH_s09,3,188,36.266666666666666,-0.5451661944389343,-0.7273245765217112
TOKYOTECH_s09,3,189,36.3,-0.6384397745132446,-0.5354135943014613
TOKYOTECH_s09,3,190,36.333333333333336,-0.7519803047180176,-0.2474799927145277
TOKYOTECH_s09,3,191,36.36666666666667,-0.8371165990829468,0.07824682201797012
TOKYOTECH_s09,3,192,36.4,-0.6627753376960754,0.39561669491263834
TOKYOTECH_s09,3,193,36.43333333333333,0.0881178081035614,0.6748913760348857
TOKYOTECH_s09,3,194,36.46666666666667,1.0495631694793701,0.8951517005151153
TOKYOTECH_s09,3,195,36.5,1.740952491760254,1.0339954321513423
TOKYOTECH_s09,3,196,36.53333333333333,1.9135899543762207,1.0639571482860952
TOKYOTECH_s09,3,197,36.56666666666667,1.8720898628234863,0.962744760289704
TOKYOTECH_s09,3,198,36.6,1.7076913118362427,0.7301170242423706
TOKYOTECH_s09,3,199,36.63333333333333,1.1918638944625854,0.39183585913112656
TOKYOTECH_s09,3,200,36.666666666666664,0.7053561210632324,-0.011954003708507834
TOKYOTECH_s09,3,201,36.7,0.2937113344669342,-0.4389789664125652
TOKYOTECH_s09,3,202,36.733333333333334,0.10912217199802399,-0.8494974328929636
TOKYOTECH_s09,3,203,36.766666666666666,0.011779931373894215,-1.2039885618583681
TOKYOTECH_s09,3,204,36.8,-0.19643278419971466,-1.4599018185902086
TOKYOTECH_s09,3,205,36.833333333333336,-0.47365981340408325,-1.5770718992485835
TOKYOTECH_s09,3,206,36.86666666666667,-0.5234752297401428,-1.5314271501905636
TOKYOTECH_s09,3,207,36.9,-0.7938364744186401,-1.326525178068709
TOKYOTECH_s09,3,208,36.93333333333333,-0.8921958804130554,-0.9948612486131294
TOKYOTECH_s09,3,209,36.96666666666667,-1.07599675655365,-0.5854007329752839
TOKYOTECH_s09,3,210,37.0,-1.2857351303100586,-0.14415528178627227
TOKYOTECH_s09,3,211,37.03333333333333,-1.1039432287216187,0.29664297103689774
TOKYOTECH_s09,3,212,37.06666666666667,-0.4400426745414734,0.7156813276253955
TOKYOTECH_s09,3,213,37.1,0.671942412853241,1.0925640865008703
TOKYOTECH_s09,3,214,37.13333333333333,1.3578898906707764,1.3983871467872981
TOKYOTECH_s09,3,215,37.166666666666664,1.5436233282089233,1.593789564113887
TOKYOTECH_s09,3,216,37.2,1.492256760597229,1.6376123756142877
TOKYOTECH_s09,3,217,37.233333333333334,1.4932993650436401,1.5046267441306127
TOKYOTECH_s09,3,218,37.266666666666666,1.1395310163497925,1.2029737215826022
TOKYOTECH_s09,3,219,37.3,0.5233352780342102,0.776339193927809
TOKYOTECH_s09,3,220,37.333333333333336,0.2107619196176529,0.2897886409969099
TOKYOTECH_s09,3,221,37.36666666666667,0.1200820729136467,-0.18768963515258852
TOKYOTECH_s09,3,222,37.4,-0.05171630159020424,-0.5959485221505895
TOKYOTECH_s09,3,223,37.43333333333333,-0.18595603108406067,-0.890627495786868
TOKYOTECH_s09,3,224,37.46666666666667,-0.4026620388031006,-1.0466066393987117
TOKYOTECH_s09,3,225,37.5,-0.5983890891075134,-1.0626577968804525
TOKYOTECH_s09,3,226,37.53333333333333,-0.81758713722229,-0.9641754962195269
TOKYOTECH_s09,3,227,37.56666666666667,-1.0246046781539917,-0.7938876267939605
TOKYOTECH_s09,3,228,37.6,-1.208227515220642,-0.5934815447680102
TOKYOTECH_s09,3,229,37.63333333333333,-1.4423015117645264,-0.3916175125312156
TOKYOTECH_s09,3,230,37.666666666666664,-1.4347491264343262,-0.2034983232160517
TOKYOTECH_s09,3,231,37.7,-0.8658514022827148,-0.035736473467193636
TOKYOTECH_s09,3,232,37.733333333333334,0.014043113216757774,0.10872603924532655
TOKYOTECH_s09,3,233,37.766666666666666,0.7306833863258362,0.2284116531290504
TOKYOTECH_s09,3,234,37.8,0.8181846141815186,0.32365467148069466
TOKYOTECH_s09,3,235,37.833333333333336,0.8307211399078369,0.39660039040670314
TOKYOTECH_s09,3,236,37.86666666666667,0.7674028873443604,0.4492201456756346
TOKYOTECH_s09,3,237,37.9,0.37037980556488037,0.47952156037544563
TOKYOTECH_s09,3,238,37.93333333333333,-0.14020924270153046,0.4792865535696536
TOKYOTECH_s09,3,239,37.96666666666667,-0.4881289303302765,0.4389102370552108
TOKYOTECH_s09,3,240,38.0,-0.6567486524581909,0.35663877044262354
TOKYOTECH_s09,3,241,38.03333333333333,-0.77364581823349,0.2418743885413224
TOKYOTECH_s09,3,242,38.06666666666667,-0.7739255428314209,0.11071622183235974
TOKYOTECH_s09,3,243,38.1,-1.0302499532699585,-0.01916401123288965
TOKYOTECH_s09,3,244,38.13333333333333,-1.1611076593399048,-0.1307920772064438
TOKYOTECH_s09,3,245,38.166666666666664,-1.2226712703704834,-0.20828688888290142
TOKYOTECH_s09,3,246,38.2,-1.2436246871948242,-0.23731195257961965
TOKYOTECH_s09,3,247,38.233333333333334,-1.4610936641693115,-0.2078164593235133
TOKYOTECH_s09,3,248,38.266666666666666,-1.4087352752685547,-0.11901053365099344
TOKYOTECH_s09,3,249,38.3,-1.0897538661956787,0.015886462401146585
TOKYOTECH_s09,3,250,38.333333333333336,-0.16749456524848938,0.16850343878068055
TOKYOTECH_s09,3,251,38.36666666666667,0.784033477306366,0.30121106396992214
TOKYOTECH_s09,3,252,38.4,1.14408278465271,0.377950401678524
TOKYOTECH_s09,3,253,38.43333333333333,1.4386777877807617,0.37278352846155716
TOKYOTECH_s09,3,254,38.46666666666667,1.4602161645889282,0.27314820408632845
TOKYOTECH_s09,3,255,38.5,1.052843451499939,0.07958253288202896
TOKYOTECH_s09,3,256,38.53333333333333,0.6450639367103577,-0.19469283790452174
TOKYOTECH_s09,3,257,38.56666666666667,0.26815518736839294,-0.5204308433601186
TOKYOTECH_s09,3,258,38.6,0.0720212459564209,-0.8489388295366896
TOKYOTECH_s09,3,259,38.63333333333333,-0.19106726348400116,-1.1188301222017123
TOKYOTECH_s09,3,260,38.666666666666664,-0.16190019249916077,-1.2739263809328487
TOKYOTECH_s09,3,261,38.7,-0.3496934175491333,-1.2833831668002582
TOKYOTECH_s09,3,262,38.733333333333334,-0.500614583492279,-1.1526670641693921
TOKYOTECH_s09,3,263,38.766666666666666,-0.6503660082817078,-0.9143404259720037
TOKYOTECH_s09,3,264,38.8,-0.8348788619041443,-0.6047729243141416
TOKYOTECH_s09,3,265,38.833333333333336,-1.0641213655471802,-0.24852277186699204
TOKYOTECH_s09,3,266,38.86666666666667,-1.0830659866333008,0.14140637834334058
TOKYOTECH_s09,3,267,38.9,-1.028037667274475,0.5546870033258688
TOKYOTECH_s09,3,268,38.93333333333333,-0.5069209337234497,0.9731770736021477
TOKYOTECH_s09,3,269,38.96666666666667,0.5748035907745361,1.363745436551407
TOKYOTECH_s09,3,270,39.0,1.066193699836731,1.6783061400906303
TOKYOTECH_s09,3,271,39.03333333333333,1.4822123050689697,1.8630481043986373
TOKYOTECH_s09,3,272,39.06666666666667,1.484144926071167,1.8734304852759702
TOKYOTECH_s09,3,273,39.1,1.3415136337280273,1.6868009247852425
TOKYOTECH_s09,3,274,39.13333333333333,0.9977388381958008,1.309420517990593
TOKYOTECH_s09,3,275,39.166666666666664,0.5396861433982849,0.7800355034678657
TOKYOTECH_s09,3,276,39.2,0.10963074862957001,0.16840955285906958
TOKYOTECH_s09,3,277,39.233333333333334,0.024977585300803185,-0.43617598953380615
TOKYOTECH_s09,3,278,39.266666666666666,-0.11607711762189865,-0.9454183044960583
TOKYOTECH_s09,3,279,39.3,-0.1655365377664566,-1.2942187650784607
TOKYOTECH_s09,3,280,39.333333333333336,-0.2242012619972229,-1.456495987790797
TOKYOTECH_s09,3,281,39.36666666666667,-0.3953130543231964,-1.4471758023720191
TOKYOTECH_s09,3,282,39.4,-0.4958593547344208,-1.309919191759427
TOKYOTECH_s09,3,283,39.43333333333333,-0.7363923192024231,-1.0971933939274008
TOKYOTECH_s09,3,284,39.46666666666667,-0.9437913298606873,-0.8517930379867091
TOKYOTECH_s09,3,285,39.5,-1.2022008895874023,-0.5994212212989002
TOKYOTECH_s09,3,286,39.53333333333333,-1.2328174114227295,-0.35269934095175526
TOKYOTECH_s09,3,287,39.56666666666667,-0.5514471530914307,-0.11796502064353258
TOKYOTECH_s09,3,288,39.6,0.314919114112854,0.10021307068264143
TOKYOTECH_s09,3,289,39.63333333333333,0.8725264072418213,0.29700658828079735
TOKYOTECH_s09,3,290,39.666666666666664,0.8631430864334106,0.46688601843351984
TOKYOTECH_s09,3,291,39.7,0.9513054490089417,0.6031909438898652
TOKYOTECH_s09,3,292,39.733333333333334,0.6892849802970886,0.6981053492949716
TOKYOTECH_s09,3,293,39.766666666666666,0.27947109937667847,0.7452953764130805
TOKYOTECH_s09,3,294,39.8,-0.2609716057777405,0.7438516091564609
TOKYOTECH_s09,3,295,39.833333333333336,-0.48929867148399353,0.6988772688300748
TOKYOTECH_s09,3,296,39.86666666666667,-0.6280139088630676,0.6184195602900998
TOKYOTECH_s09,3,297,39.9,-0.6564435362815857,0.5108647559410809
TOKYOTECH_s09,3,298,39.93333333333333,-0.8536200523376465,0.3842359921558734
TOKYOTECH_s09,3,299,39.96666666666667,-1.0192900896072388,0.24580226220672768
TOKYOTECH_s09,4,0,40.0,-1.1629130840301514,0.1884773456145734
TOKYOTECH_s09,4,1,40.03333333333333,-1.3568092584609985,-0.24462878394806842
TOKYOTECH_s09,4,2,40.06666666666667,-1.5387029647827148,-0.5987261842297803
TOKYOTECH_s09,4,3,40.1,-1.64847993850708,-0.8064543658001602
TOKYOTECH_s09,4,4,40.13333333333333,-1.6061152219772339,-0.841324518774474
TOKYOTECH_s09,4,5,40.166666666666664,-0.9966073632240295,-0.7191061313843184
TOKYOTECH_s09,4,6,40.2,-0.02745702676475048,-0.48165481469239585
TOKYOTECH_s09,4,7,40.233333333333334,0.7177146077156067,-0.18256860125071134
TOKYOTECH_s09,4,8,40.266666666666666,1.0067152976989746,0.11824512601929635
TOKYOTECH_s09,4,9,40.3,1.1265367269515991,0.35795075420281536
TOKYOTECH_s09,4,10,40.333333333333336,1.0576750040054321,0.47865942607919953
TOKYOTECH_s09,4,11,40.36666666666667,0.6675431728363037,0.44372765481598286
TOKYOTECH_s09,4,12,40.4,0.40974390506744385,0.25664687481333337
TOKYOTECH_s09,4,13,40.43333333333333,0.054907526820898056,-0.03194583253033737
TOKYOTECH_s09,4,14,40.46666666666667,-0.04299414902925491,-0.33802284908684843
TOKYOTECH_s09,4,15,40.5,-0.09947197884321213,-0.5793994356442811
TOKYOTECH_s09,4,16,40.53333333333333,-0.19711937010288239,-0.7139146787207171
TOKYOTECH_s09,4,17,40.56666666666667,-0.2771444618701935,-0.7471472227861623
TOKYOTECH_s09,4,18,40.6,-0.474346399307251,-0.7078078852046252
TOKYOTECH_s09,4,19,40.63333333333333,-0.5814533829689026,-0.6207594926268728
TOKYOTECH_s09,4,20,40.666666666666664,-0.7986425161361694,-0.4951147936576772
TOKYOTECH_s09,4,21,40.7,-0.9914961457252502,-0.327985605934932
TOKYOTECH_s09,4,22,40.733333333333334,-1.0230789184570312,-0.11688941360289859
TOKYOTECH_s09,4,23,40.766666666666666,-0.5938881635665894,0.1316135717148663
TOKYOTECH_s09,4,24,40.8,0.4465905427932739,0.40132811129856205
TOKYOTECH_s09,4,25,40.833333333333336,1.0869183540344238,0.6690512574221742
TOKYOTECH_s09,4,26,40.86666666666667,1.5310105085372925,0.9075065151908591
TOKYOTECH_s09,4,27,40.9,1.4837888479232788,1.0884411933248312
TOKYOTECH_s09,4,28,40.93333333333333,1.5136679410934448,1.186014740812671
TOKYOTECH_s09,4,29,40.96666666666667,1.1352589130401611,1.1806978338907363
TOKYOTECH_s09,4,30,41.0,0.6756041646003723,1.0634605274088644
TOKYOTECH_s09,4,31,41.03333333333333,0.2374878078699112,0.839478387149701
TOKYOTECH_s09,4,32,41.06666666666667,0.23046939074993134,0.5300398936173023
TOKYOTECH_s09,4,33,41.1,0.015645140781998634,0.17103890266430766
TOKYOTECH_s09,4,34,41.13333333333333,-0.17659816145896912,-0.19300213071828795
TOKYOTECH_s09,4,35,41.166666666666664,-0.3018868863582611,-0.5194600743541208
TOKYOTECH_s09,4,36,41.2,-0.5028777718544006,-0.7781024747058523
TOKYOTECH_s09,4,37,41.233333333333334,-0.6312434077262878,-0.9532969308313632
TOKYOTECH_s09,4,38,41.266666666666666,-0.7976253628730774,-1.0390380428525425
TOKYOTECH_s09,4,39,41.3,-0.9678471684455872,-1.036784073932691
TOKYOTECH_s09,4,40,41.333333333333336,-1.2155511379241943,-0.9572861046515275
TOKYOTECH_s09,4,41,41.36666666666667,-1.2950167655944824,-0.8185162173851975
TOKYOTECH_s09,4,42,41.4,-0.8308356404304504,-0.638485712731486
TOKYOTECH_s09,4,43,41.43333333333333,0.07921765744686127,-0.4289389460521784
TOKYOTECH_s09,4,44,41.46666666666667,0.8254573345184326,-0.19488848995331515
TOKYOTECH_s09,4,45,41.5,1.0608536005020142,0.057405595794888485
TOKYOTECH_s09,4,46,41.53333333333333,0.8928950428962708,0.3098318049485257
TOKYOTECH_s09,4,47,41.56666666666667,0.8388075232505798,0.5319429272031928
TOKYOTECH_s09,4,48,41.6,0.5375246405601501,0.6922862923218938
TOKYOTECH_s09,4,49,41.63333333333333,0.04084528610110283,0.7716763700603732
TOKYOTECH_s09,4,50,41.666666666666664,-0.36113646626472473,0.7704111676104515
TOKYOTECH_s09,4,51,41.7,-0.5628393292427063,0.7052902036897122
TOKYOTECH_s09,4,52,41.733333333333334,-0.565280556678772,0.5988859961592579
TOKYOTECH_s09,4,53,41.766666666666666,-0.9004348516464233,0.46945660309737486
TOKYOTECH_s09,4,54,41.8,-1.0784633159637451,0.32739546152267823
TOKYOTECH_s09,4,55,41.833333333333336,-1.202709436416626,0.1801767846681557
TOKYOTECH_s09,4,56,41.86666666666667,-1.503636360168457,0.04029082241452517
TOKYOTECH_s09,4,57,41.9,-1.796247959136963,-0.07524449908328759
TOKYOTECH_s09,4,58,41.93333333333333,-1.7835842370986938,-0.15367491264230593
TOKYOTECH_s09,4,59,41.96666666666667,-1.7676657438278198,-0.19198240384698462
TOKYOTECH_s09,4,60,42.0,-1.5309979915618896,-0.19505355016150666
TOKYOTECH_s09,4,61,42.03333333333333,-0.6571046710014343,-0.17124363197041031
TOKYOTECH_s09,4,62,42.06666666666667,0.10472295433282852,-0.1303686844543409
TOKYOTECH_s09,4,63,42.1,0.46039846539497375,-0.08803376240742397
TOKYOTECH_s09,4,64,42.13333333333333,0.43842780590057373,-0.07106667738713661
TOKYOTECH_s09,4,65,42.166666666666664,0.47662219405174255,-0.11118354440823232
TOKYOTECH_s09,4,66,42.2,0.10253605991601944,-0.22720387001827413
TOKYOTECH_s09,4,67,42.233333333333334,-0.2770935893058777,-0.40953650507431943
TOKYOTECH_s09,4,68,42.266666666666666,-0.533951997756958,-0.6167556937986045
TOKYOTECH_s09,4,69,42.3,-0.6581981182098389,-0.7877337230882905
TOKYOTECH_s09,4,70,42.333333333333336,-0.7960996627807617,-0.8650271521253264
TOKYOTECH_s09,4,71,42.36666666666667,-0.7411729693412781,-0.8182647001394886
TOKYOTECH_s09,4,72,42.4,-0.8505939841270447,-0.655213424701192
TOKYOTECH_s09,4,73,42.43333333333333,-0.9941407442092896,-0.4100357888297779
TOKYOTECH_s09,4,74,42.46666666666667,-0.9529203176498413,-0.11871142051098005
TOKYOTECH_s09,4,75,42.5,-1.091203212738037,0.1906409450352463
TOKYOTECH_s09,4,76,42.53333333333333,-1.2891426086425781,0.4896692262468273
TOKYOTECH_s09,4,77,42.56666666666667,-1.3563261032104492,0.7463790646267481
TOKYOTECH_s09,4,78,42.6,-0.5944984555244446,0.9323738993992525
TOKYOTECH_s09,4,79,42.63333333333333,0.19347019493579865,1.0284424539544355
TOKYOTECH_s09,4,80,42.666666666666664,0.8939121961593628,1.0253158163696166
TOKYOTECH_s09,4,81,42.7,1.2053412199020386,0.9263370128380578
TOKYOTECH_s09,4,82,42.733333333333334,1.2353219985961914,0.7508249870660069
TOKYOTECH_s09,4,83,42.766666666666666,1.2125122547149658,0.5292243155619468
TOKYOTECH_s09,4,84,42.8,0.9768615961074829,0.29153426331556853
TOKYOTECH_s09,4,85,42.833333333333336,0.5755410194396973,0.06065693170631452
TOKYOTECH_s09,4,86,42.86666666666667,0.22088265419006348,-0.14675020929153146
TOKYOTECH_s09,4,87,42.9,0.005270105320960283,-0.31892400414886934
TOKYOTECH_s09,4,88,42.93333333333333,-0.06720256805419922,-0.4499050283082891
TOKYOTECH_s09,4,89,42.96666666666667,-0.22532013058662415,-0.5403865220453239
TOKYOTECH_s09,4,90,43.0,-0.45229944586753845,-0.596331309506875
TOKYOTECH_s09,4,91,43.03333333333333,-0.5539900660514832,-0.6240257313026701
TOKYOTECH_s09,4,92,43.06666666666667,-0.6741675138473511,-0.6243213545180755
TOKYOTECH_s09,4,93,43.1,-0.9101741313934326,-0.5922410459018005
TOKYOTECH_s09,4,94,43.13333333333333,-1.113224744796753,-0.5223284710486438
TOKYOTECH_s09,4,95,43.166666666666664,-1.2131353616714478,-0.4142142082467191
TOKYOTECH_s09,4,96,43.2,-0.8266398906707764,-0.274484009412712
TOKYOTECH_s09,4,97,43.233333333333334,0.036496926099061966,-0.1135571429826651
TOKYOTECH_s09,4,98,43.266666666666666,0.7471359372138977,0.05930308525050543
TOKYOTECH_s09,4,99,43.3,1.1655957698822021,0.23619353289534673
TOKYOTECH_s09,4,100,43.333333333333336,1.2609798908233643,0.4057003918705113
TOKYOTECH_s09,4,101,43.36666666666667,1.2478840351104736,0.5491264684376537
TOKYOTECH_s09,4,102,43.4,1.0017311573028564,0.642108085883246
TOKYOTECH_s09,4,103,43.43333333333333,0.5652422904968262,0.662817536907442
TOKYOTECH_s09,4,104,43.46666666666667,0.20440466701984406,0.6023883162243601
TOKYOTECH_s09,4,105,43.5,-0.0056389388628304005,0.4686808026554733
TOKYOTECH_s09,4,106,43.53333333333333,-0.14707507193088531,0.28205069645749087
TOKYOTECH_s09,4,107,43.56666666666667,-0.3440481722354889,0.06957526164104443
TOKYOTECH_s09,4,108,43.6,-0.4507737159729004,-0.13949629379108422
TOKYOTECH_s09,4,109,43.63333333333333,-0.6145365238189697,-0.31862441340502845
TOKYOTECH_s09,4,110,43.666666666666664,-0.8458133339881897,-0.4488814327218521
TOKYOTECH_s09,4,111,43.7,-1.0291056632995605,-0.5215656745450443
TOKYOTECH_s09,4,112,43.733333333333334,-1.174178123474121,-0.5375580361689668
TOKYOTECH_s09,4,113,43.766666666666666,-1.3771778345108032,-0.5039983050068806
TOKYOTECH_s09,4,114,43.8,-1.1931990385055542,-0.4299304552841366
TOKYOTECH_s09,4,115,43.833333333333336,-0.5405381321907043,-0.3232715498510022
TOKYOTECH_s09,4,116,43.86666666666667,0.3553258180618286,-0.19048506189935493
TOKYOTECH_s09,4,117,43.9,0.8131496906280518,-0.03905917861614137
TOKYOTECH_s09,4,118,43.93333333333333,1.0549286603927612,0.1192787626433311
TOKYOTECH_s09,4,119,43.96666666666667,0.7827874422073364,0.26830532322704126
TOKYOTECH_s09,4,120,44.0,0.6553881168365479,0.3904822884890595
TOKYOTECH_s09,4,121,44.03333333333333,0.40671783685684204,0.47071574082452805
TOKYOTECH_s09,4,122,44.06666666666667,-0.2079775482416153,0.4988869998594334
TOKYOTECH_s09,4,123,44.1,-0.4304813742637634,0.47082520278635054
TOKYOTECH_s09,4,124,44.13333333333333,-0.6521714329719543,0.3885737658386873
TOKYOTECH_s09,4,125,44.166666666666664,-0.6680645942687988,0.26165705950884477
TOKYOTECH_s09,4,126,44.2,-0.9327551126480103,0.10854743552357617
TOKYOTECH_s09,4,127,44.233333333333334,-1.0562384128570557,-0.04478090212235717
TOKYOTECH_s09,4,128,44.266666666666666,-1.10297691822052,-0.1700632576359961
TOKYOTECH_s09,4,129,44.3,-1.3078583478927612,-0.2439717057717479
TOKYOTECH_s09,4,130,44.333333333333336,-1.4459378719329834,-0.25471658237222505
TOKYOTECH_s09,4,131,44.36666666666667,-1.4314433336257935,-0.20500964262960278
TOKYOTECH_s09,4,132,44.4,-1.1205737590789795,-0.11046129266086092
TOKYOTECH_s09,4,133,44.43333333333333,-0.3608058989048004,0.005269782313149863
TOKYOTECH_s09,4,134,44.46666666666667,0.6080647110939026,0.11594240870261738
TOKYOTECH_s09,4,135,44.5,1.0738223791122437,0.19550467421964898
TOKYOTECH_s09,4,136,44.53333333333333,1.1498805284500122,0.21911657301883644
TOKYOTECH_s09,4,137,44.56666666666667,1.36333167552948,0.16719018770389152
TOKYOTECH_s09,4,138,44.6,1.0327800512313843,0.032883779619093376
TOKYOTECH_s09,4,139,44.63333333333333,0.7780321836471558,-0.1711814245449463
TOKYOTECH_s09,4,140,44.666666666666664,0.38800209760665894,-0.41057331271771336
TOKYOTECH_s09,4,141,44.7,0.15578439831733704,-0.6331860239969819
TOKYOTECH_s09,4,142,44.733333333333334,0.1411372870206833,-0.7820595959665204
TOKYOTECH_s09,4,143,44.766666666666666,0.033267442137002945,-0.8182356960636492
TOKYOTECH_s09,4,144,44.8,-0.05675124377012253,-0.7404394553075692
TOKYOTECH_s09,4,145,44.833333333333336,-0.30226829648017883,-0.5770505749248033
TOKYOTECH_s09,4,146,44.86666666666667,-0.1864646077156067,-0.35692675189093687
TOKYOTECH_s09,4,147,44.9,-0.4508500099182129,-0.09499528308240254
TOKYOTECH_s09,4,148,44.93333333333333,-0.6230298280715942,0.198595308994771
TOKYOTECH_s09,4,149,44.96666666666667,-0.7294756174087524,0.5062768731351064
TOKYOTECH_s09,4,150,45.0,-0.34244614839553833,0.7989842377463849
TOKYOTECH_s09,4,151,45.03333333333333,0.7125270962715149,1.038969521766652
TOKYOTECH_s09,4,152,45.06666666666667,1.212639331817627,1.1868079847553863
TOKYOTECH_s09,4,153,45.1,1.6780918836593628,1.2092240322718806
TOKYOTECH_s09,4,154,45.13333333333333,1.9133102893829346,1.0863988040639987
TOKYOTECH_s09,4,155,45.166666666666664,1.645212173461914,0.8195179925829816
TOKYOTECH_s09,4,156,45.2,1.5549646615982056,0.4369768421719008
TOKYOTECH_s09,4,157,45.233333333333334,1.313719630241394,-0.004552430724422889
TOKYOTECH_s09,4,158,45.266666666666666,0.6567104458808899,-0.42806712090477284
TOKYOTECH_s09,4,159,45.3,0.4832082986831665,-0.7559517045467813
TOKYOTECH_s09,4,160,45.333333333333336,0.31603801250457764,-0.9353245634743521
TOKYOTECH_s09,4,161,45.36666666666667,0.2769027650356293,-0.9550320082345954
TOKYOTECH_s09,4,162,45.4,0.15273292362689972,-0.8454048271826786
TOKYOTECH_s09,4,163,45.43333333333333,-0.1629173457622528,-0.659094143924218
TOKYOTECH_s09,4,164,45.46666666666667,-0.2516137361526489,-0.4438909176883083
TOKYOTECH_s09,4,165,45.5,-0.38020822405815125,-0.22839510159022275
TOKYOTECH_s09,4,166,45.53333333333333,-0.4850011467933655,-0.02584993462290614
TOKYOTECH_s09,4,167,45.56666666666667,-0.7502002716064453,0.15514082382294653
TOKYOTECH_s09,4,168,45.6,-0.5742061138153076,0.3026495483175784
TOKYOTECH_s09,4,169,45.63333333333333,0.11512341350317001,0.40159547192129613
TOKYOTECH_s09,4,170,45.666666666666664,1.050554871559143,0.44063503869019804
TOKYOTECH_s09,4,171,45.7,1.4192500114440918,0.418051237774847
TOKYOTECH_s09,4,172,45.733333333333334,1.7508188486099243,0.3425129268122396
TOKYOTECH_s09,4,173,45.766666666666666,1.927881121635437,0.22923754306233657
TOKYOTECH_s09,4,174,45.8,1.505301833152771,0.09459042512161506
TOKYOTECH_s09,4,175,45.833333333333336,1.2318637371063232,-0.0461651013967141
TOKYOTECH_s09,4,176,45.86666666666667,0.6820885539054871,-0.17721118085370346
TOKYOTECH_s09,4,177,45.9,0.14045070111751556,-0.2799688838997695
TOKYOTECH_s09,4,178,45.93333333333333,0.11644572764635086,-0.33451861637725744
TOKYOTECH_s09,4,179,45.96666666666667,-0.07595014572143555,-0.3283878735844929
TOKYOTECH_s09,4,180,46.0,-0.2242012619972229,-0.26678230057708174
TOKYOTECH_s09,4,181,46.03333333333333,-0.3929481506347656,-0.1701976487421741
TOKYOTECH_s09,4,182,46.06666666666667,-0.4515365958213806,-0.06093603963440552
TOKYOTECH_s09,4,183,46.1,-0.6020509004592896,0.044750140673969416
TOKYOTECH_s09,4,184,46.13333333333333,-1.0484062433242798,0.13480954297317801
TOKYOTECH_s09,4,185,46.166666666666664,-1.2219083309173584,0.19936774075663383
TOKYOTECH_s09,4,186,46.2,-1.2285962104797363,0.2322394290356157
TOKYOTECH_s09,4,187,46.233333333333334,-0.6648605465888977,0.23275412814973515
TOKYOTECH_s09,4,188,46.266666666666666,0.1950467824935913,0.2057509828161784
TOKYOTECH_s09,4,189,46.3,0.8992014527320862,0.1593064613957102
TOKYOTECH_s09,4,190,46.333333333333336,1.3073878288269043,0.1009731556103146
TOKYOTECH_s09,4,191,46.36666666666667,1.1511774063110352,0.03438295175880101
TOKYOTECH_s09,4,192,46.4,0.9468808174133301,-0.04142653606080405
TOKYOTECH_s09,4,193,46.43333333333333,0.6552863717079163,-0.12771042809649855
TOKYOTECH_s09,4,194,46.46666666666667,-0.0045709204860031605,-0.21923079360889552
TOKYOTECH_s09,4,195,46.5,-0.14715136587619781,-0.3016263546910452
TOKYOTECH_s09,4,196,46.53333333333333,-0.15635666251182556,-0.3558494384503457
TOKYOTECH_s09,4,197,46.56666666666667,-0.46328479051589966,-0.36803043503359667
TOKYOTECH_s09,4,198,46.6,-0.46625998616218567,-0.3380857095593809
TOKYOTECH_s09,4,199,46.63333333333333,-0.6474670767784119,-0.2770593214437095
TOKYOTECH_s09,4,200,46.666666666666664,-0.6501371264457703,-0.1951825156757083
TOKYOTECH_s09,4,201,46.7,-0.770034909248352,-0.09411351456724967
TOKYOTECH_s09,4,202,46.733333333333334,-1.07045316696167,0.03151031210645188
TOKYOTECH_s09,4,203,46.766666666666666,-1.0729961395263672,0.187704998705245
TOKYOTECH_s09,4,204,46.8,-0.9536577463150024,0.37413314984375495
TOKYOTECH_s09,4,205,46.833333333333336,-0.1997894048690796,0.5792584852032596
TOKYOTECH_s09,4,206,46.86666666666667,0.7336331605911255,0.778883719216548
TOKYOTECH_s09,4,207,46.9,1.5895990133285522,0.9375831311086082
TOKYOTECH_s09,4,208,46.93333333333333,1.6936290264129639,1.013450945385712
TOKYOTECH_s09,4,209,46.96666666666667,1.6885432004928589,0.9673128020822316
TOKYOTECH_s09,4,210,47.0,1.453350305557251,0.7753343944423059
TOKYOTECH_s09,4,211,47.03333333333333,1.1905416250228882,0.44164657991718337
TOKYOTECH_s09,4,212,47.06666666666667,0.6558712720870972,0.005543294488782543
TOKYOTECH_s09,4,213,47.1,0.2879135310649872,-0.46310494874952357
TOKYOTECH_s09,4,214,47.13333333333333,0.13236428797245026,-0.8819490715285315
TOKYOTECH_s09,4,215,47.166666666666664,-0.03653518110513687,-1.1840805247521438
TOKYOTECH_s09,4,216,47.2,-0.1469224989414215,-1.3420444494568935
TOKYOTECH_s09,4,217,47.233333333333334,-0.20429034531116486,-1.367338708627089
TOKYOTECH_s09,4,218,47.266666666666666,-0.472540944814682,-1.2874794643020868
TOKYOTECH_s09,4,219,47.3,-0.6001437306404114,-1.1247742185745324
TOKYOTECH_s09,4,220,47.333333333333336,-0.7306199669837952,-0.8896787754740706
TOKYOTECH_s09,4,221,47.36666666666667,-1.000981092453003,-0.5871840961642364
TOKYOTECH_s09,4,222,47.4,-0.9061309695243835,-0.22797204177820876
TOKYOTECH_s09,4,223,47.43333333333333,-0.5338757038116455,0.16822116780915486
TOKYOTECH_s09,4,224,47.46666666666667,0.5031955242156982,0.5766395951195783
TOKYOTECH_s09,4,225,47.5,1.3206110000610352,0.9659355772504705
TOKYOTECH_s09,4,226,47.53333333333333,1.6948751211166382,1.291271884614502
TOKYOTECH_s09,4,227,47.56666666666667,1.8553321361541748,1.495700361534926
TOKYOTECH_s09,4,228,47.6,1.5361217260360718,1.5247931087267947
TOKYOTECH_s09,4,229,47.63333333333333,1.2502233982086182,1.3491872423676097
TOKYOTECH_s09,4,230,47.666666666666664,0.9358700513839722,0.9854157599532553
TOKYOTECH_s09,4,231,47.7,0.24092072248458862,0.5031427806854639
TOKYOTECH_s09,4,232,47.733333333333334,0.07888708263635635,0.010137733745768658
TOKYOTECH_s09,4,233,47.766666666666666,-0.09634421020746231,-0.3879803057029327
TOKYOTECH_s09,4,234,47.8,-0.5192794799804688,-0.6331059057051704
TOKYOTECH_s09,4,235,47.833333333333336,-0.4750584065914154,-0.7265508353674826
TOKYOTECH_s09,4,236,47.86666666666667,-0.734510600566864,-0.7039036677051074
TOKYOTECH_s09,4,237,47.9,-0.9886735081672668,-0.6048621627212262
TOKYOTECH_s09,4,238,47.93333333333333,-1.0489403009414673,-0.4579723748301555
TOKYOTECH_s09,4,239,47.96666666666667,-1.4844374656677246,-0.2830766417222174
TOKYOTECH_s09,4,240,48.0,-1.624830961227417,-0.1027877553886866
TOKYOTECH_s09,4,241,48.03333333333333,-1.549459457397461,0.05443661121165738
TOKYOTECH_s09,4,242,48.06666666666667,-0.8945862054824829,0.16299910480230892
TOKYOTECH_s09,4,243,48.1,0.11443683505058289,0.20906046888343988
TOKYOTECH_s09,4,244,48.13333333333333,0.44465792179107666,0.19334972415964286
TOKYOTECH_s09,4,245,48.166666666666664,0.6931501626968384,0.1285640993099353
TOKYOTECH_s09,4,246,48.2,0.7496025562286377,0.03344588704716486
TOKYOTECH_s09,4,247,48.233333333333334,0.49002328515052795,-0.07352374152216502
TOKYOTECH_s09,4,248,48.266666666666666,0.13567005097866058,-0.17848074116936316
TOKYOTECH_s09,4,249,48.3,-0.5108116269111633,-0.2733120566919997
TOKYOTECH_s09,4,250,48.333333333333336,-0.8767095804214478,-0.354314625813641
TOKYOTECH_s09,4,251,48.36666666666667,-0.8937978744506836,-0.4208508482596517
TOKYOTECH_s09,4,252,48.4,-1.1333136558532715,-0.4739559092551986
TOKYOTECH_s09,4,253,48.43333333333333,-1.2235103845596313,-0.512435823856665
TOKYOTECH_s09,4,254,48.46666666666667,-1.4430135488510132,-0.5283770337341038
TOKYOTECH_s09,4,255,48.5,-1.5790587663650513,-0.5079460063377914
TOKYOTECH_s09,4,256,48.53333333333333,-1.7130950689315796,-0.43781592015087517
TOKYOTECH_s09,4,257,48.56666666666667,-1.8347983360290527,-0.31186997457722826
TOKYOTECH_s09,4,258,48.6,-1.9392098188400269,-0.13415000684347794
TOKYOTECH_s09,4,259,48.63333333333333,-1.8612444400787354,0.08366279898440084
TOKYOTECH_s09,4,260,48.666666666666664,-1.2028366327285767,0.32749837114480784
TOKYOTECH_s09,4,261,48.7,-0.07704359292984009,0.5824744543998807
TOKYOTECH_s09,4,262,48.733333333333334,0.8748912811279297,0.8287078443954656
TOKYOTECH_s09,4,263,48.766666666666666,1.0128436088562012,1.0342190828063473
TOKYOTECH_s09,4,264,48.8,1.169562578201294,1.1528140023026083
TOKYOTECH_s09,4,265,48.833333333333336,1.1068801879882812,1.1376306257707771
TOKYOTECH_s09,4,266,48.86666666666667,0.6454199552536011,0.966774315149785
TOKYOTECH_s09,4,267,48.9,0.38350117206573486,0.6636977974039093
TOKYOTECH_s09,4,268,48.93333333333333,-0.04134126380085945,0.2968540096285454
TOKYOTECH_s09,4,269,48.96666666666667,-0.1681302934885025,-0.050894326848989445
TOKYOTECH_s09,4,270,49.0,-0.19597506523132324,-0.3247888890379291
TOKYOTECH_s09,4,271,49.03333333333333,-0.2240486890077591,-0.5109898160162384
TOKYOTECH_s09,4,272,49.06666666666667,-0.44167011976242065,-0.6163760735485644
TOKYOTECH_s09,4,273,49.1,-0.5661959648132324,-0.6507951789685259
TOKYOTECH_s09,4,274,49.13333333333333,-0.7277464866638184,-0.6251684949442006
TOKYOTECH_s09,4,275,49.166666666666664,-0.8038554787635803,-0.5532868345863009
TOKYOTECH_s09,4,276,49.2,-0.9517505764961243,-0.45083594596553345
TOKYOTECH_s09,4,277,49.233333333333334,-1.0402181148529053,-0.33295595745787027
TOKYOTECH_s09,4,278,49.266666666666666,-0.49217215180397034,-0.2119103103357618
TOKYOTECH_s09,4,279,49.3,0.4220260977745056,-0.09629014032009392
TOKYOTECH_s09,4,280,49.333333333333336,1.3408269882202148,0.007642612220209085
TOKYOTECH_s09,4,281,49.36666666666667,1.7511494159698486,0.09287216319351742
TOKYOTECH_s09,4,282,49.4,1.8199857473373413,0.14964310256090235
TOKYOTECH_s09,4,283,49.43333333333333,1.68063485622406,0.16907722821737026
TOKYOTECH_s09,4,284,49.46666666666667,1.208774209022522,0.1502049826742703
TOKYOTECH_s09,4,285,49.5,0.813302218914032,0.10207477562188902
TOKYOTECH_s09,4,286,49.53333333333333,0.37027809023857117,0.03944256733165131
TOKYOTECH_s09,4,287,49.56666666666667,0.11802232265472412,-0.0222331707445138
TOKYOTECH_s09,4,288,49.6,-0.12090863287448883,-0.06966518479619059
TOKYOTECH_s09,4,289,49.63333333333333,-0.24607020616531372,-0.0932443725533109
TOKYOTECH_s09,4,290,49.666666666666664,-0.41275733709335327,-0.08794409368462475
TOKYOTECH_s09,4,291,49.7,-0.5806142091751099,-0.05406327497652512
TOKYOTECH_s09,4,292,49.733333333333334,-0.6982996463775635,0.0021530017330569327
TOKYOTECH_s09,4,293,49.766666666666666,-0.9505299925804138,0.0684267843784573
TOKYOTECH_s09,4,294,49.8,-1.1033328771591187,0.12815428689652153
TOKYOTECH_s09,4,295,49.833333333333336,-1.0967977046966553,0.16560504755700034
TOKYOTECH_s09,4,296,49.86666666666667,-1.229867696762085,0.17236899290958071
TOKYOTECH_s09,4,297,49.9,-0.5342317223548889,0.1493501070583275
TOKYOTECH_s09,4,298,49.93333333333333,0.5278870463371277,0.10368717672894578
TOKYOTECH_s09,4,299,49.96666666666667,1.2231669425964355,0.045172239197822504
TOKYOTECH_s09,5,0,50.0,1.402619481086731,0.02060467797942236
TOKYOTECH_s09,5,1,50.03333333333333,1.3832679986953735,-0.0915655500142036
TOKYOTECH_s09,5,2,50.06666666666667,1.2385770082473755,-0.19518594869200073
TOKYOTECH_s09,5,3,50.1,0.825508177280426,-0.28675780291486425
TOKYOTECH_s09,5,4,50.13333333333333,0.3576907217502594,-0.3688777353538944
TOKYOTECH_s09,5,5,50.166666666666664,-0.11155075579881668,-0.4504272160748189
TOKYOTECH_s09,5,6,50.2,-0.3327576816082001,-0.5406794117747067
TOKYOTECH_s09,5,7,50.233333333333334,-0.567136824131012,-0.6392687630839065
TOKYOTECH_s09,5,8,50.266666666666666,-0.7055469155311584,-0.7293884793418183
TOKYOTECH_s09,5,9,50.3,-0.9271098971366882,-0.7850753011858842
TOKYOTECH_s09,5,10,50.333333333333336,-1.1674902439117432,-0.788765155239246
TOKYOTECH_s09,5,11,50.36666666666667,-1.3732872009277344,-0.7415211463484295
TOKYOTECH_s09,5,12,50.4,-1.5453399419784546,-0.6591193145873702
TOKYOTECH_s09,5,13,50.43333333333333,-1.7820584774017334,-0.559700767622181
TOKYOTECH_s09,5,14,50.46666666666667,-1.946075677871704,-0.4511710666360818
TOKYOTECH_s09,5,15,50.5,-1.6850976943969727,-0.32692728587830666
TOKYOTECH_s09,5,16,50.53333333333333,-0.6861191987991333,-0.17278917450417644
TOKYOTECH_s09,5,17,50.56666666666667,0.21556799113750458,0.018427481376299244
TOKYOTECH_s09,5,18,50.6,0.7148919701576233,0.2338677898247943
TOKYOTECH_s09,5,19,50.63333333333333,0.7194183468818665,0.4416273056912079
TOKYOTECH_s09,5,20,50.666666666666664,0.6157188415527344,0.6051527659215012
TOKYOTECH_s09,5,21,50.7,0.37236326932907104,0.6974806958076906
TOKYOTECH_s09,5,22,50.733333333333334,-0.13802234828472137,0.7075708019680413
TOKYOTECH_s09,5,23,50.766666666666666,-0.48408570885658264,0.6386717489635076
TOKYOTECH_s09,5,24,50.8,-0.7752224206924438,0.5029796526592943
TOKYOTECH_s09,5,25,50.833333333333336,-0.885736882686615,0.3198442892131766
TOKYOTECH_s09,5,26,50.86666666666667,-0.8894240856170654,0.11763094833609787
TOKYOTECH_s09,5,27,50.9,-1.0164419412612915,-0.06775492713639568
TOKYOTECH_s09,5,28,50.93333333333333,-1.0765053033828735,-0.1999933047880929
TOKYOTECH_s09,5,29,50.96666666666667,-1.277572512626648,-0.2519404475716088
TOKYOTECH_s09,5,30,51.0,-1.3612593412399292,-0.21349509004727896
TOKYOTECH_s09,5,31,51.03333333333333,-1.4418692588806152,-0.09346723350645571
TOKYOTECH_s09,5,32,51.06666666666667,-1.5347360372543335,0.08440901948088962
TOKYOTECH_s09,5,33,51.1,-1.0632059574127197,0.286902422032673
TOKYOTECH_s09,5,34,51.13333333333333,0.002066050423309207,0.4763670802036383
TOKYOTECH_s09,5,35,51.166666666666664,0.9728692770004272,0.6166574592833107
TOKYOTECH_s09,5,36,51.2,1.4509854316711426,0.6793928763997379
TOKYOTECH_s09,5,37,51.233333333333334,1.510769009590149,0.6483143620190535
TOKYOTECH_s09,5,38,51.266666666666666,1.4891035556793213,0.5209569811872944
TOKYOTECH_s09,5,39,51.3,1.1383612155914307,0.3084017111142678
TOKYOTECH_s09,5,40,51.333333333333336,0.6576766967773438,0.03332024913496431
TOKYOTECH_s09,5,41,51.36666666666667,0.31969979405403137,-0.2740752091959129
TOKYOTECH_s09,5,42,51.4,0.09582280367612839,-0.5800133367970517
TOKYOTECH_s09,5,43,51.43333333333333,-0.0587601363658905,-0.8468942065978652
TOKYOTECH_s09,5,44,51.46666666666667,-0.08594374358654022,-1.032236604073591
TOKYOTECH_s09,5,45,51.5,-0.2402215301990509,-1.0968600174788115
TOKYOTECH_s09,5,46,51.53333333333333,-0.4907481074333191,-1.020986028452298
TOKYOTECH_s09,5,47,51.56666666666667,-0.580334484577179,-0.8156515132538709
TOKYOTECH_s09,5,48,51.6,-0.7193803191184998,-0.5214853061482095
TOKYOTECH_s09,5,49,51.63333333333333,-0.9883429408073425,-0.19361706232538975
TOKYOTECH_s09,5,50,51.666666666666664,-1.123243808746338,0.11890164767419288
TOKYOTECH_s09,5,51,51.7,-0.9393157958984375,0.38319771918370976
TOKYOTECH_s09,5,52,51.733333333333334,0.12323527038097382,0.5798464744031341
TOKYOTECH_s09,5,53,51.766666666666666,1.1531609296798706,0.6988638045809371
TOKYOTECH_s09,5,54,51.8,1.568543791770935,0.7390006612516562
TOKYOTECH_s09,5,55,51.833333333333336,1.7648557424545288,0.7066637061621343
TOKYOTECH_s09,5,56,51.86666666666667,1.5904890298843384,0.6132376993502692
TOKYOTECH_s09,5,57,51.9,1.40017831325531,0.47251441460350957
TOKYOTECH_s09,5,58,51.93333333333333,0.8854443430900574,0.29887599155785954
TOKYOTECH_s09,5,59,51.96666666666667,0.4530240595340729,0.10573329916500843
TOKYOTECH_s09,5,60,52.0,0.22055208683013916,-0.09474589399499281
TOKYOTECH_s09,5,61,52.03333333333333,0.09953543543815613,-0.28833375038819564
TOKYOTECH_s09,5,62,52.06666666666667,0.005498966202139854,-0.4549056387883259
TOKYOTECH_s09,5,63,52.1,-0.18613404035568237,-0.5716212298263225
TOKYOTECH_s09,5,64,52.13333333333333,-0.3628402054309845,-0.6225033807305017
TOKYOTECH_s09,5,65,52.166666666666664,-0.5643142461776733,-0.6056800950764115
TOKYOTECH_s09,5,66,52.2,-0.8080258369445801,-0.5330912894299046
TOKYOTECH_s09,5,67,52.233333333333334,-0.9633462429046631,-0.4223610622748706
TOKYOTECH_s09,5,68,52.266666666666666,-1.255194902420044,-0.2860601388171109
TOKYOTECH_s09,5,69,52.3,-1.3339486122131348,-0.1277930382926361
TOKYOTECH_s09,5,70,52.333333333333336,-0.6398383975028992,0.052144438653741326
TOKYOTECH_s09,5,71,52.36666666666667,0.3629545271396637,0.24620217895909266
TOKYOTECH_s09,5,72,52.4,1.2331860065460205,0.4325118778150513
TOKYOTECH_s09,5,73,52.43333333333333,1.3762750625610352,0.5812382047673
TOKYOTECH_s09,5,74,52.46666666666667,1.374800205230713,0.6702386430458706
TOKYOTECH_s09,5,75,52.5,1.1729955673217773,0.6929581062602018
TOKYOTECH_s09,5,76,52.53333333333333,0.7258773446083069,0.6542516431536542
TOKYOTECH_s09,5,77,52.56666666666667,0.11568285524845123,0.563628990262345
TOKYOTECH_s09,5,78,52.6,-0.1897195279598236,0.431586299282154
TOKYOTECH_s09,5,79,52.63333333333333,-0.3605261743068695,0.2693303520354441
TOKYOTECH_s09,5,80,52.666666666666664,-0.47607558965682983,0.0904269646870979
TOKYOTECH_s09,5,81,52.7,-0.6278358697891235,-0.08837281730206178
TOKYOTECH_s09,5,82,52.733333333333334,-0.7860297560691833,-0.2487247797002729
TOKYOTECH_s09,5,83,52.766666666666666,-0.9868934750556946,-0.3746781018020952
TOKYOTECH_s09,5,84,52.8,-1.2065492868423462,-0.456508801446708
TOKYOTECH_s09,5,85,52.833333333333336,-1.4308077096939087,-0.4899882256871314
TOKYOTECH_s09,5,86,52.86666666666667,-1.571302890777588,-0.4720009920447568
TOKYOTECH_s09,5,87,52.9,-1.5966811180114746,-0.3985023603884582
TOKYOTECH_s09,5,88,52.93333333333333,-0.9141919612884521,-0.26788386078495224
TOKYOTECH_s09,5,89,52.96666666666667,0.35367292165756226,-0.08898056201751185
TOKYOTECH_s09,5,90,53.0,1.1512537002563477,0.11226526944660813
TOKYOTECH_s09,5,91,53.03333333333333,1.4141896963119507,0.2971275704710256
TOKYOTECH_s09,5,92,53.06666666666667,1.510209560394287,0.4275737955825752
TOKYOTECH_s09,5,93,53.1,1.3198480606079102,0.47600048048623317
TOKYOTECH_s09,5,94,53.13333333333333,0.921070396900177,0.42711517146843153
TOKYOTECH_s09,5,95,53.166666666666664,0.4303413927555084,0.27752783139693277
TOKYOTECH_s09,5,96,53.2,0.16882948577404022,0.037308426998163426
TOKYOTECH_s09,5,97,53.233333333333334,0.018086325377225876,-0.2649274608459545
TOKYOTECH_s09,5,98,53.266666666666666,-0.06476137787103653,-0.5783240761725592
TOKYOTECH_s09,5,99,53.3,-0.1226632297039032,-0.8375316539933876
TOKYOTECH_s09,5,100,53.333333333333336,-0.24454446136951447,-0.9821176620424089
TOKYOTECH_s09,5,101,53.36666666666667,-0.4611996114253998,-0.9776035890153809
TOKYOTECH_s09,5,102,53.4,-0.6414912939071655,-0.8274279598790995
TOKYOTECH_s09,5,103,53.43333333333333,-0.8426347374916077,-0.5669756680856021
TOKYOTECH_s09,5,104,53.46666666666667,-0.9662451148033142,-0.24411905022152625
TOKYOTECH_s09,5,105,53.5,-0.863105058670044,0.09713842226505695
TOKYOTECH_s09,5,106,53.53333333333333,-0.02748245559632778,0.42219952785446196
TOKYOTECH_s09,5,107,53.56666666666667,1.0902750492095947,0.7034878809000179
TOKYOTECH_s09,5,108,53.6,1.8189177513122559,0.9152080055487605
TOKYOTECH_s09,5,109,53.63333333333333,1.9453762769699097,1.030975360305386
TOKYOTECH_s09,5,110,53.666666666666664,1.9002652168273926,1.0276922243767008
TOKYOTECH_s09,5,111,53.7,1.662071704864502,0.8957373882030701
TOKYOTECH_s09,5,112,53.733333333333334,1.144540548324585,0.6497186861583718
TOKYOTECH_s09,5,113,53.766666666666666,0.731242835521698,0.3296085902863718
TOKYOTECH_s09,5,114,53.8,0.41996636986732483,-0.008954608234022152
TOKYOTECH_s09,5,115,53.833333333333336,0.29226186871528625,-0.3071365104500721
TOKYOTECH_s09,5,116,53.86666666666667,0.17760248482227325,-0.5139314817276461
TOKYOTECH_s09,5,117,53.9,0.02350270375609398,-0.5961711911632402
TOKYOTECH_s09,5,118,53.93333333333333,-0.12441783398389816,-0.5460763885942226
TOKYOTECH_s09,5,119,53.96666666666667,-0.3102276027202606,-0.38303449960635216
TOKYOTECH_s09,5,120,54.0,-0.5415552854537964,-0.14827455724055796
TOKYOTECH_s09,5,121,54.03333333333333,-0.759125828742981,0.10654160475694982
TOKYOTECH_s09,5,122,54.06666666666667,-0.9955393671989441,0.3324408243879593
TOKYOTECH_s09,5,123,54.1,-0.9763913154602051,0.49113696100830223
TOKYOTECH_s09,5,124,54.13333333333333,-0.22229407727718353,0.5566303443567325
TOKYOTECH_s09,5,125,54.166666666666664,0.948330283164978,0.5147461657102622
TOKYOTECH_s09,5,126,54.2,1.8013718128204346,0.36420654735345476
TOKYOTECH_s09,5,127,54.233333333333334,2.0427439212799072,0.1209463434738605
TOKYOTECH_s09,5,128,54.266666666666666,2.1290500164031982,-0.17757651691888657
TOKYOTECH_s09,5,129,54.3,1.8220455646514893,-0.4754346092106344
TOKYOTECH_s09,5,130,54.333333333333336,1.4813222885131836,-0.711352483724946
TOKYOTECH_s09,5,131,54.36666666666667,0.8172183036804199,-0.838918145767611
TOKYOTECH_s09,5,132,54.4,0.46596744656562805,-0.843760794710276
TOKYOTECH_s09,5,133,54.43333333333333,0.27896252274513245,-0.742778425852854
TOKYOTECH_s09,5,134,54.46666666666667,0.04333733022212982,-0.5676659475123637
TOKYOTECH_s09,5,135,54.5,-0.0853588804602623,-0.35147005356376265
TOKYOTECH_s09,5,136,54.53333333333333,-0.3046332001686096,-0.12468517332557182
TOKYOTECH_s09,5,137,54.56666666666667,-0.5077347159385681,0.08628185011379128
TOKYOTECH_s09,5,138,54.6,-0.7145742177963257,0.261574442406697
TOKYOTECH_s09,5,139,54.63333333333333,-0.9101487398147583,0.389544100673466
TOKYOTECH_s09,5,140,54.666666666666664,-1.1070964336395264,0.46686668757061317
TOKYOTECH_s09,5,141,54.7,-1.2503379583358765,0.4975621187486441
TOKYOTECH_s09,5,142,54.733333333333334,-0.7802573442459106,0.4907031279746268
TOKYOTECH_s09,5,143,54.766666666666666,0.31390196084976196,0.4560724457462426
TOKYOTECH_s09,5,144,54.8,1.313134789466858,0.4000061352789828
TOKYOTECH_s09,5,145,54.833333333333336,1.6270304918289185,0.3261172131398305
TOKYOTECH_s09,5,146,54.86666666666667,1.6627836227416992,0.2395949431980537
TOKYOTECH_s09,5,147,54.9,1.4991226196289062,0.1481634422480544
TOKYOTECH_s09,5,148,54.93333333333333,1.0796456336975098,0.05807316263225583
TOKYOTECH_s09,5,149,54.96666666666667,0.4432339072227478,-0.030724647414356196
TOKYOTECH_s09,5,150,55.0,0.06759659945964813,-0.12503841679337624
TOKYOTECH_s09,5,151,55.03333333333333,-0.21547910571098328,-0.2297982677888347
TOKYOTECH_s09,5,152,55.06666666666667,-0.34572649002075195,-0.3358329816337063
TOKYOTECH_s09,5,153,55.1,-0.4589364230632782,-0.41844712711083115
TOKYOTECH_s09,5,154,55.13333333333333,-0.6038563251495361,-0.44942452128160193
TOKYOTECH_s09,5,155,55.166666666666664,-0.8117384910583496,-0.4125344242270453
TOKYOTECH_s09,5,156,55.2,-1.017662525177002,-0.31246725915850915
TOKYOTECH_s09,5,157,55.233333333333334,-1.1809167861938477,-0.16952981986699808
TOKYOTECH_s09,5,158,55.266666666666666,-1.3362371921539307,-0.0054429725324073915
TOKYOTECH_s09,5,159,55.3,-1.3071718215942383,0.1629077967387956
TOKYOTECH_s09,5,160,55.333333333333336,-0.5259164571762085,0.318635625655675
TOKYOTECH_s09,5,161,55.36666666666667,0.6786810755729675,0.44024548541370595
TOKYOTECH_s09,5,162,55.4,1.5168211460113525,0.5035956157976889
TOKYOTECH_s09,5,163,55.43333333333333,1.8298776149749756,0.4899413054428218
TOKYOTECH_s09,5,164,55.46666666666667,1.8337937593460083,0.39560339132152866
TOKYOTECH_s09,5,165,55.5,1.6032543182373047,0.23591343956180857
TOKYOTECH_s09,5,166,55.53333333333333,1.1820228099822998,0.04078443222022674
TOKYOTECH_s09,5,167,55.56666666666667,0.6137608289718628,-0.15537415664730952
TOKYOTECH_s09,5,168,55.6,0.23611463606357574,-0.3238399390775181
TOKYOTECH_s09,5,169,55.63333333333333,0.02515558898448944,-0.4448086080765983
TOKYOTECH_s09,5,170,55.666666666666664,-0.045435335487127304,-0.5043050159136613
TOKYOTECH_s09,5,171,55.7,-0.22870218753814697,-0.4927386290855178
TOKYOTECH_s09,5,172,55.733333333333334,-0.31602540612220764,-0.40805198364221323
TOKYOTECH_s09,5,173,55.766666666666666,-0.4864251911640167,-0.26050626716608327
TOKYOTECH_s09,5,174,55.8,-0.6929087042808533,-0.07419966765449998
TOKYOTECH_s09,5,175,55.833333333333336,-0.8872626423835754,0.12015021835829623
TOKYOTECH_s09,5,176,55.86666666666667,-1.0403451919555664,0.29730087821436735
TOKYOTECH_s09,5,177,55.9,-0.9191760420799255,0.44219567862217735
TOKYOTECH_s09,5,178,55.93333333333333,0.13411888480186462,0.5456712349921374
TOKYOTECH_s09,5,179,55.96666666666667,1.3714689016342163,0.6004986787257508
TOKYOTECH_s09,5,180,56.0,2.0029983520507812,0.6014551594436909
TOKYOTECH_s09,5,181,56.03333333333333,2.220518112182617,0.5464765561282994
TOKYOTECH_s09,5,182,56.06666666666667,2.1498000621795654,0.43690674972958043
TOKYOTECH_s09,5,183,56.1,1.8751412630081177,0.27643726862542883
TOKYOTECH_s09,5,184,56.13333333333333,1.3834459781646729,0.06963546861414005
TOKYOTECH_s09,5,185,56.166666666666664,0.7981719970703125,-0.1779782557337161
TOKYOTECH_s09,5,186,56.2,0.41775402426719666,-0.45665966067620406
TOKYOTECH_s09,5,187,56.233333333333334,0.27067264914512634,-0.7452133393073557
TOKYOTECH_s09,5,188,56.266666666666666,-0.0024857420939952135,-1.0049600896321012
TOKYOTECH_s09,5,189,56.3,-0.08917322754859924,-1.184657818807522
TOKYOTECH_s09,5,190,56.333333333333336,-0.2671762704849243,-1.236939529932027
TOKYOTECH_s09,5,191,56.36666666666667,-0.43343111872673035,-1.1372249650447368
TOKYOTECH_s09,5,192,56.4,-0.5945747494697571,-0.8945508546787025
TOKYOTECH_s09,5,193,56.43333333333333,-0.8332259654998779,-0.5448045825636701
TOKYOTECH_s09,5,194,56.46666666666667,-0.9414772391319275,-0.13165589982214243
TOKYOTECH_s09,5,195,56.5,-1.0736572742462158,0.3061176624215627
TOKYOTECH_s09,5,196,56.53333333333333,-0.7225589156150818,0.7342165657812146
TOKYOTECH_s09,5,197,56.56666666666667,0.4026237726211548,1.1162192118955339
TOKYOTECH_s09,5,198,56.6,1.566941738128662,1.4085977515217234
TOKYOTECH_s09,5,199,56.63333333333333,1.9514538049697876,1.5638529079835537
TOKYOTECH_s09,5,200,56.666666666666664,2.1881215572357178,1.5427864752143852
TOKYOTECH_s09,5,201,56.7,2.033970832824707,1.3309927936276877
TOKYOTECH_s09,5,202,56.733333333333334,1.6604441404342651,0.9504641349719455
TOKYOTECH_s09,5,203,56.766666666666666,1.0907326936721802,0.4552051535568842
TOKYOTECH_s09,5,204,56.8,0.5367617607116699,-0.08633729951077967
TOKYOTECH_s09,5,205,56.833333333333336,0.2557712495326996,-0.6060418667994147
TOKYOTECH_s09,5,206,56.86666666666667,0.1176154613494873,-1.042397169419382
TOKYOTECH_s09,5,207,56.9,-0.040425822138786316,-1.3441059653738174
TOKYOTECH_s09,5,208,56.93333333333333,-0.19005009531974792,-1.4750648190327207
TOKYOTECH_s09,5,209,56.96666666666667,-0.4433484375476837,-1.4215502085072451
TOKYOTECH_s09,5,210,57.0,-0.629666805267334,-1.197250598785266
TOKYOTECH_s09,5,211,57.03333333333333,-0.8364554643630981,-0.8377107769736456
TOKYOTECH_s09,5,212,57.06666666666667,-1.073936939239502,-0.38687250806207973
TOKYOTECH_s09,5,213,57.1,-1.161845088005066,0.11109421289741479
TOKYOTECH_s09,5,214,57.13333333333333,-1.1370772123336792,0.6113707387175494
TOKYOTECH_s09,5,215,57.166666666666664,-0.18554916977882385,1.0667912282136753
TOKYOTECH_s09,5,216,57.2,1.0333139896392822,1.4285595768929038
TOKYOTECH_s09,5,217,57.233333333333334,1.5182452201843262,1.6483833379941601
TOKYOTECH_s09,5,218,57.266666666666666,1.7072335481643677,1.68334990245933
TOKYOTECH_s09,5,219,57.3,1.542148470878601,1.5067052656300217
TOKYOTECH_s09,5,220,57.333333333333336,1.4707692861557007,1.1209513987615904
TOKYOTECH_s09,5,221,57.36666666666667,0.8399518728256226,0.5635929635637335
TOKYOTECH_s09,5,222,57.4,0.3656499981880188,-0.09647412118036913
TOKYOTECH_s09,5,223,57.43333333333333,0.08636321127414703,-0.7659372946208786
TOKYOTECH_s09,5,224,57.46666666666667,0.07390299439430237,-1.338980959854667
TOKYOTECH_s09,5,225,57.5,-0.16889317333698273,-1.7224631940236719
TOKYOTECH_s09,5,226,57.53333333333333,-0.24098439514636993,-1.8665607585190005
TOKYOTECH_s09,5,227,57.56666666666667,-0.3543469309806824,-1.7783176177581954
TOKYOTECH_s09,5,228,57.6,-0.511040449142456,-1.5105891092294124
TOKYOTECH_s09,5,229,57.63333333333333,-0.7315608263015747,-1.1357643922447245
TOKYOTECH_s09,5,230,57.666666666666664,-0.756811797618866,-0.7181751056884865
TOKYOTECH_s09,5,231,57.7,-1.0648841857910156,-0.3003572885256281
TOKYOTECH_s09,5,232,57.733333333333334,-1.0373700857162476,0.09434156098136699
TOKYOTECH_s09,5,233,57.766666666666666,-0.1332162618637085,0.4531460702088603
TOKYOTECH_s09,5,234,57.8,1.000815749168396,0.7660372766176411
TOKYOTECH_s09,5,235,57.833333333333336,1.7460381984710693,1.0202580941889252
TOKYOTECH_s09,5,236,57.86666666666667,2.1666340827941895,1.1983369676238689
TOKYOTECH_s09,5,237,57.9,1.9253381490707397,1.280431088690791
TOKYOTECH_s09,5,238,57.93333333333333,1.8116196393966675,1.2498419972099344
TOKYOTECH_s09,5,239,57.96666666666667,1.296351671218872,1.098884788025148
TOKYOTECH_s09,5,240,58.0,0.7969005107879639,0.8339871716982826
TOKYOTECH_s09,5,241,58.03333333333333,0.3037812113761902,0.4806542297876639
TOKYOTECH_s09,5,242,58.06666666666667,0.05706899240612984,0.08467048685657642
TOKYOTECH_s09,5,243,58.1,-0.005257503595203161,-0.2974256637057352
TOKYOTECH_s09,5,244,58.13333333333333,-0.18999923765659332,-0.6150666594406361
TOKYOTECH_s09,5,245,58.166666666666664,-0.3065912425518036,-0.8342729351354287
TOKYOTECH_s09,5,246,58.2,-0.5893109440803528,-0.9381656951210846
TOKYOTECH_s09,5,247,58.233333333333334,-0.6914846897125244,-0.9235067732001428
TOKYOTECH_s09,5,248,58.266666666666666,-0.937078058719635,-0.7975436208127529
TOKYOTECH_s09,5,249,58.3,-1.1546740531921387,-0.5763662983696072
TOKYOTECH_s09,5,250,58.333333333333336,-1.2213997840881348,-0.2850242269369538
TOKYOTECH_s09,5,251,58.36666666666667,-0.7676699757575989,0.041310232387889195
TOKYOTECH_s09,5,252,58.4,0.3071378469467163,0.3574608791137935
TOKYOTECH_s09,5,253,58.43333333333333,1.4245647192001343,0.612920379319911
TOKYOTECH_s09,5,254,58.46666666666667,1.8963236808776855,0.7618802354689496
TOKYOTECH_s09,5,255,58.5,1.996132493019104,0.7764889412443337
TOKYOTECH_s09,5,256,58.53333333333333,1.7517343759536743,0.6574815567173891
TOKYOTECH_s09,5,257,58.56666666666667,1.4135539531707764,0.4338835547205311
TOKYOTECH_s09,5,258,58.6,0.9961622357368469,0.15321342040611383
TOKYOTECH_s09,5,259,58.63333333333333,0.43601205945014954,-0.1271381040722149
TOKYOTECH_s09,5,260,58.666666666666664,0.1572338491678238,-0.3475503853501747
TOKYOTECH_s09,5,261,58.7,0.1363312155008316,-0.46342546697312403
TOKYOTECH_s09,5,262,58.733333333333334,-0.1970939338207245,-0.4651708317422099
TOKYOTECH_s09,5,263,58.766666666666666,-0.2804248034954071,-0.37798968662738613
TOKYOTECH_s09,5,264,58.8,-0.42346295714378357,-0.2413177563340253
TOKYOTECH_s09,5,265,58.833333333333336,-0.731891393661499,-0.09059063796749278
TOKYOTECH_s09,5,266,58.86666666666667,-0.9793664813041687,0.04902456137116497
TOKYOTECH_s09,5,267,58.9,-1.1626842021942139,0.1626156353343943
TOKYOTECH_s09,5,268,58.93333333333333,-1.3816279172897339,0.24349095024534867
TOKYOTECH_s09,5,269,58.96666666666667,-1.0195188522338867,0.29056836450013857
TOKYOTECH_s09,5,270,59.0,0.08743122965097427,0.3060467319154759
TOKYOTECH_s09,5,271,59.03333333333333,0.9128568172454834,0.29350876301780465
TOKYOTECH_s09,5,272,59.06666666666667,1.4497902393341064,0.256072881254978
TOKYOTECH_s09,5,273,59.1,1.339377522468567,0.19391660035293345
TOKYOTECH_s09,5,274,59.13333333333333,1.1387172937393188,0.10271057273127668
TOKYOTECH_s09,5,275,59.166666666666664,0.7293865084648132,-0.023661876520647378
TOKYOTECH_s09,5,276,59.2,0.3125542402267456,-0.1855463915621128
TOKYOTECH_s09,5,277,59.233333333333334,-0.3476336598396301,-0.3677262524411568
TOKYOTECH_s09,5,278,59.266666666666666,-0.4480528235435486,-0.534790838200497
TOKYOTECH_s09,5,279,59.3,-0.48716261982917786,-0.6419123138935039
TOKYOTECH_s09,5,280,59.333333333333336,-0.6342440247535706,-0.6568662704801743
TOKYOTECH_s09,5,281,59.36666666666667,-0.682025134563446,-0.5755603521165918
TOKYOTECH_s09,5,282,59.4,-0.7682040333747864,-0.42207815985690605
TOKYOTECH_s09,5,283,59.43333333333333,-0.9227869510650635,-0.23518149708318248
TOKYOTECH_s09,5,284,59.46666666666667,-1.0017186403274536,-0.050036345764509965
TOKYOTECH_s09,5,285,59.5,-1.1385011672973633,0.11146928440853135
TOKYOTECH_s09,5,286,59.53333333333333,-1.190961241722107,0.23912123449120845
TOKYOTECH_s09,5,287,59.56666666666667,-0.2428152859210968,0.3298747919214729
TOKYOTECH_s09,5,288,59.6,0.9318522810935974,0.3847774105018908
TOKYOTECH_s09,5,289,59.63333333333333,1.706877589225769,0.4064029690504725
TOKYOTECH_s09,5,290,59.666666666666664,2.0337674617767334,0.3965464825709769
TOKYOTECH_s09,5,291,59.7,1.9475376605987549,0.3548246541193407
TOKYOTECH_s09,5,292,59.733333333333334,1.7952179908752441,0.2795368616832963
TOKYOTECH_s09,5,293,59.766666666666666,1.1990094184875488,0.17246909886320888
TOKYOTECH_s09,5,294,59.8,0.7637919783592224,0.045701650689404946
TOKYOTECH_s09,5,295,59.833333333333336,0.43377432227134705,-0.0747634166533604
TOKYOTECH_s09,5,296,59.86666666666667,0.34357762336730957,-0.15358119616760518
TOKYOTECH_s09,5,297,59.9,0.17958594858646393,-0.16225056096666446
TOKYOTECH_s09,5,298,59.93333333333333,0.2133302390575409,-0.09837180241327736
TOKYOTECH_s09,5,299,59.96666666666667,0.03636978194117546,0.010494499692636564
TOKYOTECH_s09,6,0,60.0,-0.17537756264209747,0.041734947420482074
TOKYOTECH_s09,6,1,60.03333333333333,-0.45194345712661743,-0.6940832669065179
TOKYOTECH_s09,6,2,60.06666666666667,-0.4986819624900818,-1.3516767682051671
TOKYOTECH_s09,6,3,60.1,-0.7308233976364136,-1.8634907149568067
TOKYOTECH_s09,6,4,60.13333333333333,-0.5572704076766968,-2.1921123107928526
TOKYOTECH_s09,6,5,60.166666666666664,0.48196226358413696,-2.334210344027432
TOKYOTECH_s09,6,6,60.2,1.6790837049484253,-2.309198432416247
TOKYOTECH_s09,6,7,60.233333333333334,2.474782705307007,-2.148120347102873
TOKYOTECH_s09,6,8,60.266666666666666,2.519665002822876,-1.8889600395840722
TOKYOTECH_s09,6,9,60.3,2.367192506790161,-1.5737914057539428
TOKYOTECH_s09,6,10,60.333333333333336,2.3703203201293945,-1.2437540880027103
TOKYOTECH_s09,6,11,60.36666666666667,1.6465599536895752,-0.9298677073525506
TOKYOTECH_s09,6,12,60.4,0.9820491075515747,-0.6442463163388639
TOKYOTECH_s09,6,13,60.43333333333333,0.948025107383728,-0.3817465242963345
TOKYOTECH_s09,6,14,60.46666666666667,0.5364820957183838,-0.13160280493543453
TOKYOTECH_s09,6,15,60.5,0.39868226647377014,0.11183604034474726
TOKYOTECH_s09,6,16,60.53333333333333,0.38001739978790283,0.34534379848104196
TOKYOTECH_s09,6,17,60.56666666666667,0.008194440975785255,0.5598331055264268
TOKYOTECH_s09,6,18,60.6,0.057297855615615845,0.7465782741007112
TOKYOTECH_s09,6,19,60.63333333333333,-0.2665659785270691,0.9007217559100382
TOKYOTECH_s09,6,20,60.666666666666664,-0.5418095588684082,1.0201634306279024
TOKYOTECH_s09,6,21,60.7,-0.7322728037834167,1.1023994671593187
TOKYOTECH_s09,6,22,60.733333333333334,-0.5852423310279846,1.1426472486441952
TOKYOTECH_s09,6,23,60.766666666666666,0.13841639459133148,1.1364163820561524
TOKYOTECH_s09,6,24,60.8,1.1362252235412598,1.0840734657488313
TOKYOTECH_s09,6,25,60.833333333333336,1.7662543058395386,0.9900217709650867
TOKYOTECH_s09,6,26,60.86666666666667,1.8643848896026611,0.8568883018805323
TOKYOTECH_s09,6,27,60.9,1.9740092754364014,0.6827972561994068
TOKYOTECH_s09,6,28,60.93333333333333,1.5388935804367065,0.46513191449239144
TOKYOTECH_s09,6,29,60.96666666666667,1.0451130867004395,0.20851645680087605
TOKYOTECH_s09,6,30,61.0,0.6553881168365479,-0.067194009938602
TOKYOTECH_s09,6,31,61.03333333333333,0.20099717378616333,-0.3241033178368355
TOKYOTECH_s09,6,32,61.06666666666667,0.04890628159046173,-0.5143102928898228
TOKYOTECH_s09,6,33,61.1,-0.01837887242436409,-0.6032125988249266
TOKYOTECH_s09,6,34,61.13333333333333,0.19575880467891693,-0.5937335058696853
TOKYOTECH_s09,6,35,61.166666666666664,0.4531003534793854,-0.5219334561728521
TOKYOTECH_s09,6,36,61.2,0.22367985546588898,-0.427433274426665
TOKYOTECH_s09,6,37,61.233333333333334,0.1387469619512558,-0.334129016593423
TOKYOTECH_s09,6,38,61.266666666666666,-0.16131532192230225,-0.2524282512371715
TOKYOTECH_s09,6,39,61.3,-0.28919780254364014,-0.18724157336622282
TOKYOTECH_s09,6,40,61.333333333333336,0.2907361388206482,-0.14226750474048072
TOKYOTECH_s09,6,41,61.36666666666667,1.2932493686676025,-0.12012875474488348
TOKYOTECH_s09,6,42,61.4,2.138789176940918,-0.12044308072930848
TOKYOTECH_s09,6,43,61.43333333333333,2.315063238143921,-0.1397165936084963
TOKYOTECH_s09,6,44,61.46666666666667,2.0840914249420166,-0.17321665174631115
TOKYOTECH_s09,6,45,61.5,1.9839266538619995,-0.2152057029072545
TOKYOTECH_s09,6,46,61.53333333333333,1.5478954315185547,-0.2566521824373496
TOKYOTECH_s09,6,47,61.56666666666667,1.0892832279205322,-0.28256517751480215
TOKYOTECH_s09,6,48,61.6,0.6690434813499451,-0.272580666286915
TOKYOTECH_s09,6,49,61.63333333333333,0.39593595266342163,-0.20885433021730263
TOKYOTECH_s09,6,50,61.666666666666664,0.3896549940109253,-0.08778409510133652
TOKYOTECH_s09,6,51,61.7,0.2784539461135864,0.0746929445745756
TOKYOTECH_s09,6,52,61.733333333333334,0.0427524633705616,0.24833283409619597
TOKYOTECH_s09,6,53,61.766666666666666,-0.15335604548454285,0.40121053491755454
TOKYOTECH_s09,6,54,61.8,-0.4351348876953125,0.5127020714060572
TOKYOTECH_s09,6,55,61.833333333333336,-0.761770486831665,0.5775796738234903
TOKYOTECH_s09,6,56,61.86666666666667,-1.0377260446548462,0.600401148558657
TOKYOTECH_s09,6,57,61.9,-0.5830554366111755,0.5878719020875014
TOKYOTECH_s09,6,58,61.93333333333333,0.3475699722766876,0.5442277641101262
TOKYOTECH_s09,6,59,61.96666666666667,1.0683043003082275,0.4707858582915467
TOKYOTECH_s09,6,60,62.0,1.5353589057922363,0.3681586877929475
TOKYOTECH_s09,6,61,62.03333333333333,1.2731349468231201,0.23750326167637298
TOKYOTECH_s09,6,62,62.06666666666667,1.165977120399475,0.07997970562397298
TOKYOTECH_s09,6,63,62.1,0.9279616475105286,-0.10339592792406362
TOKYOTECH_s09,6,64,62.13333333333333,0.013483674265444279,-0.30928102173903377
TOKYOTECH_s09,6,65,62.166666666666664,-0.317525714635849,-0.5253980026227725
TOKYOTECH_s09,6,66,62.2,-0.5391140580177307,-0.7241504594844914
TOKYOTECH_s09,6,67,62.233333333333334,-0.6378294825553894,-0.8656212075028566
TOKYOTECH_s09,6,68,62.266666666666666,-0.7655085325241089,-0.9116395639440311
TOKYOTECH_s09,6,69,62.3,-1.1275922060012817,-0.8444350919236022
TOKYOTECH_s09,6,70,62.333333333333336,-1.0725129842758179,-0.6779017206628282
TOKYOTECH_s09,6,71,62.36666666666667,-1.381221055984497,-0.4470331747136195
TOKYOTECH_s09,6,72,62.4,-1.5546469688415527,-0.18372021947920433
TOKYOTECH_s09,6,73,62.43333333333333,-1.8963619470596313,0.09244758338356415
TOKYOTECH_s09,6,74,62.46666666666667,-1.4646536111831665,0.36327115389653025
TOKYOTECH_s09,6,75,62.5,-0.4805256426334381,0.6006002905709892
TOKYOTECH_s09,6,76,62.53333333333333,0.3504180312156677,0.7665195413347151
TOKYOTECH_s09,6,77,62.56666666666667,0.8148534297943115,0.8259464226700061
TOKYOTECH_s09,6,78,62.6,0.6431059241294861,0.7636083190945601
TOKYOTECH_s09,6,79,62.63333333333333,0.7890938520431519,0.5904946688111045
TOKYOTECH_s09,6,80,62.666666666666664,0.5456619262695312,0.33700591221986503
TOKYOTECH_s09,6,81,62.7,-0.12731674313545227,0.04273488545135337
TOKYOTECH_s09,6,82,62.733333333333334,-0.3814542293548584,-0.2501613821620533
TOKYOTECH_s09,6,83,62.766666666666666,-0.7582358121871948,-0.49783112047785966
TOKYOTECH_s09,6,84,62.8,-0.6597238779067993,-0.6556240292048168
TOKYOTECH_s09,6,85,62.833333333333336,-0.6954007744789124,-0.690818858732332
TOKYOTECH_s09,6,86,62.86666666666667,-0.8680128455162048,-0.6009288694910406
TOKYOTECH_s09,6,87,62.9,-0.9851642847061157,-0.4147250151907276
TOKYOTECH_s09,6,88,62.93333333333333,-1.107452392578125,-0.1736592483109569
TOKYOTECH_s09,6,89,62.96666666666667,-1.1644388437271118,0.08735749887593466
TOKYOTECH_s09,6,90,63.0,-1.5012459754943848,0.3471753014296143
TOKYOTECH_s09,6,91,63.03333333333333,-1.0337083339691162,0.5905126424323909
TOKYOTECH_s09,6,92,63.06666666666667,-0.00655438331887126,0.7933840609878
TOKYOTECH_s09,6,93,63.1,1.0576496124267578,0.9194686161690615
TOKYOTECH_s09,6,94,63.13333333333333,1.2869174480438232,0.9318500750114151
TOKYOTECH_s09,6,95,63.166666666666664,1.1993145942687988,0.8101255785115702
TOKYOTECH_s09,6,96,63.2,1.3177883625030518,0.5631214505317569
TOKYOTECH_s09,6,97,63.233333333333334,0.9960859417915344,0.23006544933911272
TOKYOTECH_s09,6,98,63.266666666666666,0.4890061020851135,-0.1309460229643691
TOKYOTECH_s09,6,99,63.3,0.2349703311920166,-0.46204798844537237
TOKYOTECH_s09,6,100,63.333333333333336,-0.3179071545600891,-0.7229239896035489
TOKYOTECH_s09,6,101,63.36666666666667,-0.26819345355033875,-0.8949257301817668
TOKYOTECH_s09,6,102,63.4,-0.3690703213214874,-0.9730081991722862
TOKYOTECH_s09,6,103,63.43333333333333,-0.42313238978385925,-0.958406002875468
TOKYOTECH_s09,6,104,63.46666666666667,-0.626895010471344,-0.8574552931776024
TOKYOTECH_s09,6,105,63.5,-0.8974342346191406,-0.6830506550279254
TOKYOTECH_s09,6,106,63.53333333333333,-0.9809176325798035,-0.45525510085158255
TOKYOTECH_s09,6,107,63.56666666666667,-1.1261427402496338,-0.1986914731877134
TOKYOTECH_s09,6,108,63.6,-1.2403444051742554,0.06192784993666985
TOKYOTECH_s09,6,109,63.63333333333333,-0.81512051820755,0.30338929653700153
TOKYOTECH_s09,6,110,63.666666666666664,0.3625730872154236,0.5027179949580887
TOKYOTECH_s09,6,111,63.7,0.8831048607826233,0.6378173239487803
TOKYOTECH_s09,6,112,63.733333333333334,1.2794413566589355,0.6914146608639946
TOKYOTECH_s09,6,113,63.766666666666666,1.2366443872451782,0.6559031170231101
TOKYOTECH_s09,6,114,63.8,1.3420475721359253,0.5362984021038517
TOKYOTECH_s09,6,115,63.833333333333336,0.9801165461540222,0.3488466574678389
TOKYOTECH_s09,6,116,63.86666666666667,0.2797508239746094,0.117040924800203
TOKYOTECH_s09,6,117,63.9,0.027088193222880363,-0.1294974050593274
TOKYOTECH_s09,6,118,63.93333333333333,-0.2025103121995926,-0.3542669218277778
TOKYOTECH_s09,6,119,63.96666666666667,-0.4273790121078491,-0.5183498225511253
TOKYOTECH_s09,6,120,64.0,-0.5053189396858215,-0.5907619439642499
TOKYOTECH_s09,6,121,64.03333333333333,-0.7295010685920715,-0.5585220928295984
TOKYOTECH_s09,6,122,64.06666666666666,-1.0684442520141602,-0.4307142622868697
TOKYOTECH_s09,6,123,64.1,-1.1789333820343018,-0.2326614771179899
TOKYOTECH_s09,6,124,64.13333333333334,-1.3783984184265137,0.006534797790745957
TOKYOTECH_s09,6,125,64.16666666666667,-1.673527479171753,0.2634760212392198
TOKYOTECH_s09,6,126,64.2,-1.613540530204773,0.5217559894476608
TOKYOTECH_s09,6,127,64.23333333333333,-1.3042984008789062,0.7655059050833093
TOKYOTECH_s09,6,128,64.26666666666667,-0.5886498093605042,0.9700187388817579
TOKYOTECH_s09,6,129,64.3,0.2609842121601105,1.0974257448343334
TOKYOTECH_s09,6,130,64.33333333333333,0.4810722768306732,1.1023322474889747
TOKYOTECH_s09,6,131,64.36666666666666,0.22805364429950714,0.9478908739336906
TOKYOTECH_s09,6,132,64.4,0.08506633341312408,0.6255516351832973
TOKYOTECH_s09,6,133,64.43333333333334,0.010101616382598877,0.1659204357689302
TOKYOTECH_s09,6,134,64.46666666666667,-0.31345707178115845,-0.36428406939376207
TOKYOTECH_s09,6,135,64.5,-0.7608804702758789,-0.8755486038180913
TOKYOTECH_s09,6,136,64.53333333333333,-0.9558700919151306,-1.2762076904994168
TOKYOTECH_s09,6,137,64.56666666666666,-0.7178545594215393,-1.4984704114574385
TOKYOTECH_s09,6,138,64.6,-0.7633216381072998,-1.5197356410224603
TOKYOTECH_s09,6,139,64.63333333333334,-1.01417875289917,-1.36299876211972
TOKYOTECH_s09,6,140,64.66666666666667,-0.8953999280929565,-1.0774965354414316
TOKYOTECH_s09,6,141,64.7,-1.1153099536895752,-0.7177074451888624
TOKYOTECH_s09,6,142,64.73333333333333,-1.132118582725525,-0.3306547073752219
TOKYOTECH_s09,6,143,64.76666666666667,-1.2132116556167603,0.048936644648476434
TOKYOTECH_s09,6,144,64.8,-0.9150565266609192,0.3971783632660877
TOKYOTECH_s09,6,145,64.83333333333333,-0.47137120366096497,0.695177898835831
TOKYOTECH_s09,6,146,64.86666666666666,0.4651028513908386,0.9234478700150798
TOKYOTECH_s09,6,147,64.9,1.1531609296798706,1.0627152792956485
TOKYOTECH_s09,6,148,64.93333333333334,1.038196325302124,1.100190956765224
TOKYOTECH_s09,6,149,64.96666666666667,1.1603573560714722,1.0335716341588197
TOKYOTECH_s09,6,150,65.0,1.1943559646606445,0.870691997645751
TOKYOTECH_s09,6,151,65.03333333333333,0.6380709409713745,0.628879214278297
TOKYOTECH_s09,6,152,65.06666666666666,0.2729104161262512,0.33496704475296185
TOKYOTECH_s09,6,153,65.1,0.09025384485721588,0.02353037517638766
TOKYOTECH_s09,6,154,65.13333333333334,0.008575876243412495,-0.2675296200414058
TOKYOTECH_s09,6,155,65.16666666666667,0.054627809673547745,-0.5029985129216618
TOKYOTECH_s09,6,156,65.2,-0.3115499019622803,-0.6570918211368073
TOKYOTECH_s09,6,157,65.23333333333333,-0.4475442171096802,-0.7202497261678491
TOKYOTECH_s09,6,158,65.26666666666667,-0.4545117914676666,-0.7019527960690305
TOKYOTECH_s09,6,159,65.3,-0.6538497805595398,-0.6231857096062768
TOKYOTECH_s09,6,160,65.33333333333333,-0.7749935388565063,-0.5021345636785336
TOKYOTECH_s09,6,161,65.36666666666666,-0.9994808435440063,-0.3458707404785971
TOKYOTECH_s09,6,162,65.4,-0.9207780361175537,-0.15343258759241069
TOKYOTECH_s09,6,163,65.43333333333334,-0.2797636389732361,0.07300293360969361
TOKYOTECH_s09,6,164,65.46666666666667,0.6313831210136414,0.3162947555761625
TOKYOTECH_s09,6,165,65.5,0.9712163805961609,0.5415564909769083
TOKYOTECH_s09,6,166,65.53333333333333,1.233720064163208,0.7047083323299494
TOKYOTECH_s09,6,167,65.56666666666666,1.4576987028121948,0.7666588662584229
TOKYOTECH_s09,6,168,65.6,1.104947566986084,0.7063449303778165
TOKYOTECH_s09,6,169,65.63333333333334,0.7906450033187866,0.5263292465026865
TOKYOTECH_s09,6,170,65.66666666666667,0.48158085346221924,0.251186465432805
TOKYOTECH_s09,6,171,65.7,0.09414448589086533,-0.0749290640146512
TOKYOTECH_s09,6,172,65.73333333333333,0.13844181597232819,-0.39243792049163834
TOKYOTECH_s09,6,173,65.76666666666667,-0.09222470968961716,-0.6400088894893206
TOKYOTECH_s09,6,174,65.8,-0.28729063272476196,-0.7754152802892489
TOKYOTECH_s09,6,175,65.83333333333333,-0.17957334220409393,-0.791201656604039
TOKYOTECH_s09,6,176,65.86666666666666,-0.6595967411994934,-0.7145873873912334
TOKYOTECH_s09,6,177,65.9,-0.8914838433265686,-0.5855693974292685
TOKYOTECH_s09,6,178,65.93333333333334,-0.948978841304779,-0.4270529863574369
TOKYOTECH_s09,6,179,65.96666666666667,-1.132118582725525,-0.23725789090532612
TOKYOTECH_s09,6,180,66.0,-1.016823410987854,-0.008886267504069829
TOKYOTECH_s09,6,181,66.03333333333333,-0.6837542653083801,0.2473361719966767
TOKYOTECH_s09,6,182,66.06666666666666,0.2452182173728943,0.4934022808171664
TOKYOTECH_s09,6,183,66.1,0.6817071437835693,0.6790208783169982
TOKYOTECH_s09,6,184,66.13333333333334,0.6857249140739441,0.7698019937906883
TOKYOTECH_s09,6,185,66.16666666666667,0.9899067282676697,0.7594577352738685
TOKYOTECH_s09,6,186,66.2,0.7475428581237793,0.660756241382759
TOKYOTECH_s09,6,187,66.23333333333333,0.17968766391277313,0.4950021330980266
TOKYOTECH_s09,6,188,66.26666666666667,-0.04418931528925896,0.2886461175118572
TOKYOTECH_s09,6,189,66.3,-0.23404228687286377,0.07213552768713742
TOKYOTECH_s09,6,190,66.33333333333333,-0.2669219970703125,-0.12298949647571965
TOKYOTECH_s09,6,191,66.36666666666666,-0.3231200873851776,-0.2704834199261144
TOKYOTECH_s09,6,192,66.4,-0.5796225070953369,-0.3571814795673396
TOKYOTECH_s09,6,193,66.43333333333334,-0.5907349586486816,-0.38667274571676585
TOKYOTECH_s09,6,194,66.46666666666667,-0.8409309983253479,-0.37508562719303185
TOKYOTECH_s09,6,195,66.5,-1.017967700958252,-0.33803343483503906
TOKYOTECH_s09,6,196,66.53333333333333,-1.1523345708847046,-0.27712300578854815
TOKYOTECH_s09,6,197,66.56666666666666,-1.2008531093597412,-0.18167450416069736
TOKYOTECH_s09,6,198,66.6,-0.8468559384346008,-0.045320463914212065
TOKYOTECH_s09,6,199,66.63333333333334,0.03418288752436638,0.11881988814632424
TOKYOTECH_s09,6,200,66.66666666666667,0.6616182327270508,0.27520900496811285
TOKYOTECH_s09,6,201,66.7,0.6404358744621277,0.377749560239662
TOKYOTECH_s09,6,202,66.73333333333333,0.8259913325309753,0.38971690028826544
TOKYOTECH_s09,6,203,66.76666666666667,0.8353745937347412,0.29742924906507934
TOKYOTECH_s09,6,204,66.8,0.3008823096752167,0.11242432579220027
TOKYOTECH_s09,6,205,66.83333333333333,0.09785711765289307,-0.13294713450287796
TOKYOTECH_s09,6,206,66.86666666666666,-0.15300004184246063,-0.392504580036103
TOKYOTECH_s09,6,207,66.9,-0.171181783080101,-0.6138137632728704
TOKYOTECH_s09,6,208,66.93333333333334,-0.23353371024131775,-0.7483489255150844
TOKYOTECH_s09,6,209,66.96666666666667,-0.572248101234436,-0.7691743834884651
TOKYOTECH_s09,6,210,67.0,-0.500741720199585,-0.6863180437542958
TOKYOTECH_s09,6,211,67.03333333333333,-0.8173328638076782,-0.5376272195821326
TOKYOTECH_s09,6,212,67.06666666666666,-0.9015282988548279,-0.3595808446240573
TOKYOTECH_s09,6,213,67.1,-0.8624184727668762,-0.1682198925730577
TOKYOTECH_s09,6,214,67.13333333333334,-1.0131362676620483,0.037880919089506734
TOKYOTECH_s09,6,215,67.16666666666667,-0.3758852779865265,0.261899174038006
TOKYOTECH_s09,6,216,67.2,0.22627361118793488,0.4930805146402049
TOKYOTECH_s09,6,217,67.23333333333333,0.5182749032974243,0.70392006753822
TOKYOTECH_s09,6,218,67.26666666666667,0.8998371362686157,0.8607492051554977
TOKYOTECH_s09,6,219,67.3,0.9962385296821594,0.9359700448029823
TOKYOTECH_s09,6,220,67.33333333333333,0.5642251372337341,0.9154992722731968
TOKYOTECH_s09,6,221,67.36666666666666,0.2561781108379364,0.8018227219763004
TOKYOTECH_s09,6,222,67.4,0.06645229458808899,0.6129321146739447
TOKYOTECH_s09,6,223,67.43333333333334,-0.2638959288597107,0.3770388821088997
TOKYOTECH_s09,6,224,67.46666666666667,-0.34285300970077515,0.12477259025487918
TOKYOTECH_s09,6,225,67.5,-0.2402215301990509,-0.11791496903296284
TOKYOTECH_s09,6,226,67.53333333333333,-0.4589364230632782,-0.3328971831138155
TOKYOTECH_s09,6,227,67.56666666666666,-0.4970545172691345,-0.5065417947832147
TOKYOTECH_s09,6,228,67.6,-0.389667809009552,-0.6238970734726488
TOKYOTECH_s09,6,229,67.63333333333334,-0.6021525859832764,-0.6697874315971923
TOKYOTECH_s09,6,230,67.66666666666667,-0.817714273929596,-0.6369909271063114
TOKYOTECH_s09,6,231,67.7,-0.531637966632843,-0.5323526747161381
TOKYOTECH_s09,6,232,67.73333333333333,0.10965617746114731,-0.37621029397171635
TOKYOTECH_s09,6,233,67.76666666666667,0.9089407324790955,-0.19624816081543478
TOKYOTECH_s09,6,234,67.8,1.4695994853973389,-0.019789210067000008
TOKYOTECH_s09,6,235,67.83333333333333,1.544131875038147,0.12960957040305804
TOKYOTECH_s09,6,236,67.86666666666666,1.3120158910751343,0.23194636293082488
TOKYOTECH_s09,6,237,67.9,1.1668163537979126,0.27380745199645107
TOKYOTECH_s09,6,238,67.93333333333334,0.7100096344947815,0.2545799925661395
TOKYOTECH_s09,6,239,67.96666666666667,0.4005131721496582,0.18873643067132054
TOKYOTECH_s09,6,240,68.0,0.28463318943977356,0.10102489152400335
TOKYOTECH_s09,6,241,68.03333333333333,-0.034017711877822876,0.016279962064649503
TOKYOTECH_s09,6,242,68.06666666666666,-0.07923048734664917,-0.05026059570569498
TOKYOTECH_s09,6,243,68.1,-0.18865150213241577,-0.0935183933870665
TOKYOTECH_s09,6,244,68.13333333333334,-0.49596107006073,-0.11116615333227185
TOKYOTECH_s09,6,245,68.16666666666667,-0.5949561595916748,-0.09876968199084957
TOKYOTECH_s09,6,246,68.2,-0.7670596837997437,-0.05163620299034229
TOKYOTECH_s09,6,247,68.23333333333333,-0.7520820498466492,0.02995714678471698
TOKYOTECH_s09,6,248,68.26666666666667,-0.543665885925293,0.13626387876142765
TOKYOTECH_s09,6,249,68.3,-0.01212333608418703,0.24809630402896243
TOKYOTECH_s09,6,250,68.33333333333333,0.8687374591827393,0.3413167986950064
TOKYOTECH_s09,6,251,68.36666666666666,1.3026071786880493,0.3919030631371805
TOKYOTECH_s09,6,252,68.4,1.259657621383667,0.3805331640891818
TOKYOTECH_s09,6,253,68.43333333333334,1.3371906280517578,0.29857542945306664
TOKYOTECH_s09,6,254,68.46666666666667,1.1727157831192017,0.15338654839083962
TOKYOTECH_s09,6,255,68.5,0.6027500629425049,-0.03276548011201678
TOKYOTECH_s09,6,256,68.53333333333333,0.285853773355484,-0.2305360143809207
TOKYOTECH_s09,6,257,68.56666666666666,0.11853090673685074,-0.4129961836491024
TOKYOTECH_s09,6,258,68.6,-0.277068167924881,-0.5619626362800567
TOKYOTECH_s09,6,259,68.63333333333334,-0.3577035367488861,-0.6677503131980664
TOKYOTECH_s09,6,260,68.66666666666667,-0.43348199129104614,-0.7231461160509353
TOKYOTECH_s09,6,261,68.7,-0.5345368385314941,-0.7163898999318746
TOKYOTECH_s09,6,262,68.73333333333333,-0.8388457894325256,-0.6297382123493199
TOKYOTECH_s09,6,263,68.76666666666667,-0.9419095516204834,-0.45017371981384713
TOKYOTECH_s09,6,264,68.8,-1.0629007816314697,-0.18565135896425036
TOKYOTECH_s09,6,265,68.83333333333333,-1.2124996185302734,0.13125571358170346
TOKYOTECH_s09,6,266,68.86666666666666,-0.5896923542022705,0.45463129839283056
TOKYOTECH_s09,6,267,68.9,0.2782250642776489,0.7373569062091349
TOKYOTECH_s09,6,268,68.93333333333334,0.7571804523468018,0.9374281697559057
TOKYOTECH_s09,6,269,68.96666666666667,0.7251907587051392,1.0207569264002083
TOKYOTECH_s09,6,270,69.0,0.7907975912094116,0.9643771936883518
TOKYOTECH_s09,6,271,69.03333333333333,0.5722352266311646,0.7641653324930373
TOKYOTECH_s09,6,272,69.06666666666666,0.20361636579036713,0.4443975172969298
TOKYOTECH_s09,6,273,69.1,-0.14890596270561218,0.060175735012632486
TOKYOTECH_s09,6,274,69.13333333333334,-0.4944098889827728,-0.31346909254809713
TOKYOTECH_s09,6,275,69.16666666666667,-0.5701628923416138,-0.6072993706696389
TOKYOTECH_s09,6,276,69.2,-0.6199020147323608,-0.7846053343369191
TOKYOTECH_s09,6,277,69.23333333333333,-0.7784773111343384,-0.8431263587274888
TOKYOTECH_s09,6,278,69.26666666666667,-0.9526914358139038,-0.7944272377358707
TOKYOTECH_s09,6,279,69.3,-1.0466516017913818,-0.6502753975023903
TOKYOTECH_s09,6,280,69.33333333333333,-1.1992765665054321,-0.4259718818347741
TOKYOTECH_s09,6,281,69.36666666666666,-1.3012722730636597,-0.14840229545117598
TOKYOTECH_s09,6,282,69.4,-1.3247178792953491,0.14168288611544477
TOKYOTECH_s09,6,283,69.43333333333334,-0.7739763855934143,0.3988535120428774
TOKYOTECH_s09,6,284,69.46666666666667,0.2319188416004181,0.5882312075426723
TOKYOTECH_s09,6,285,69.5,0.7942304611206055,0.6916034439727383
TOKYOTECH_s09,6,286,69.53333333333333,1.0218455791473389,0.7028003615203479
TOKYOTECH_s09,6,287,69.56666666666666,1.0590227842330933,0.6245094089279807
TOKYOTECH_s09,6,288,69.6,0.9686989188194275,0.4699739747703181
TOKYOTECH_s09,6,289,69.63333333333334,0.4964568018913269,0.2633228196712573
TOKYOTECH_s09,6,290,69.66666666666667,0.27064722776412964,0.03567399834298948
TOKYOTECH_s09,6,291,69.7,-0.07917962968349457,-0.18152237354153913
TOKYOTECH_s09,6,292,69.73333333333333,-0.21998004615306854,-0.3631902052045341
TOKYOTECH_s09,6,293,69.76666666666667,-0.3440990149974823,-0.49400556261408507
TOKYOTECH_s09,6,294,69.8,-0.24670593440532684,-0.5676321256103324
TOKYOTECH_s09,6,295,69.83333333333333,-0.6496285796165466,-0.5836824330021009
TOKYOTECH_s09,6,296,69.86666666666666,-0.7700857520103455,-0.5449821145372191
TOKYOTECH_s09,6,297,69.9,-0.8733275532722473,-0.45773790714720924
TOKYOTECH_s09,6,298,69.93333333333334,-1.0931867361068726,-0.33361569754137904
TOKYOTECH_s09,6,299,69.96666666666667,-1.2610690593719482,-0.18946048754095612
TOKYOTECH_s09,7,0,70.0,-0.5945747494697571,0.051819220190811706
TOKYOTECH_s09,7,1,70.03333333333333,0.3448745012283325,-0.4164535941518112
TOKYOTECH_s09,7,2,70.06666666666666,0.8381209373474121,-0.8488760340892493
TOKYOTECH_s09,7,3,70.1,1.3042092323303223,-1.2144490155179186
TOKYOTECH_s09,7,4,70.13333333333334,1.332155704498291,-1.4976807274689257
TOKYOTECH_s09,7,5,70.16666666666667,0.9539246559143066,-1.7022442566326115
TOKYOTECH_s09,7,6,70.2,0.7066529989242554,-1.8420534126618737
TOKYOTECH_s09,7,7,70.23333333333333,0.275783896446228,-1.922810971396642
TOKYOTECH_s09,7,8,70.26666666666667,-0.19691593945026398,-1.9275618242924266
TOKYOTECH_s09,7,9,70.3,-0.26051387190818787,-1.826729526505057
TOKYOTECH_s09,7,10,70.33333333333333,-0.4592924416065216,-1.607269466060113
TOKYOTECH_s09,7,11,70.36666666666666,-0.6324385404586792,-1.2909832129889758
TOKYOTECH_s09,7,12,70.4,-0.5893109440803528,-0.9287630027216651
TOKYOTECH_s09,7,13,70.43333333333334,-0.8147391080856323,-0.5776910644644586
TOKYOTECH_s09,7,14,70.46666666666667,-1.077420711517334,-0.2754522478997843
TOKYOTECH_s09,7,15,70.5,-1.1266766786575317,-0.030412316136823297
TOKYOTECH_s09,7,16,70.53333333333333,-1.45298171043396,0.16990960449061748
TOKYOTECH_s09,7,17,70.56666666666666,-1.2634848356246948,0.34527174593067467
TOKYOTECH_s09,7,18,70.6,-0.5120322108268738,0.5125177925925025
TOKYOTECH_s09,7,19,70.63333333333334,0.23120683431625366,0.6803079313779816
TOKYOTECH_s09,7,20,70.66666666666667,0.8195323348045349,0.848190557140502
TOKYOTECH_s09,7,21,70.7,0.7804988026618958,1.0077708809494652
TOKYOTECH_s09,7,22,70.73333333333333,0.8100473284721375,1.1441571548134684
TOKYOTECH_s09,7,23,70.76666666666667,0.6582361459732056,1.2368306847597308
TOKYOTECH_s09,7,24,70.8,0.02991081401705742,1.2620617894377315
TOKYOTECH_s09,7,25,70.83333333333333,-0.3416832685470581,1.2012235483422695
TOKYOTECH_s09,7,26,70.86666666666666,-0.7075558304786682,1.0510145706826715
TOKYOTECH_s09,7,27,70.9,-0.847313642501831,0.8241678549531474
TOKYOTECH_s09,7,28,70.93333333333334,-0.8002954125404358,0.5413835177528077
TOKYOTECH_s09,7,29,70.96666666666667,-1.0987557172775269,0.2271013259756335
TOKYOTECH_s09,7,30,71.0,-1.3063327074050903,-0.08871106098922482
TOKYOTECH_s09,7,31,71.03333333333333,-1.4961347579956055,-0.37154039438231246
TOKYOTECH_s09,7,32,71.06666666666666,-1.5669037103652954,-0.5894829556564928
TOKYOTECH_s09,7,33,71.1,-1.9427189826965332,-0.7234299591967912
TOKYOTECH_s09,7,34,71.13333333333334,-2.016946315765381,-0.7742401484271464
TOKYOTECH_s09,7,35,71.16666666666667,-1.4576352834701538,-0.7594575154399867
TOKYOTECH_s09,7,36,71.2,-0.7601175904273987,-0.7009197416135047
TOKYOTECH_s09,7,37,71.23333333333333,0.1469859629869461,-0.6131217900433715
TOKYOTECH_s09,7,38,71.26666666666667,0.6273907423019409,-0.49872635097907114
TOKYOTECH_s09,7,39,71.3,0.8423675894737244,-0.3526170983601241
TOKYOTECH_s09,7,40,71.33333333333333,0.7230292558670044,-0.17212434268105828
TOKYOTECH_s09,7,41,71.36666666666666,0.32918480038642883,0.03215311735072776
TOKYOTECH_s09,7,42,71.4,-0.01944689080119133,0.23216822432345252
TOKYOTECH_s09,7,43,71.43333333333334,-0.5732652544975281,0.39196494108288743
TOKYOTECH_s09,7,44,71.46666666666667,-0.6006777286529541,0.4856761685491894
TOKYOTECH_s09,7,45,71.5,-0.7978796362876892,0.5076519622576414
TOKYOTECH_s09,7,46,71.53333333333333,-0.8472373485565186,0.4692128672509944
TOKYOTECH_s09,7,47,71.56666666666666,-0.7876572012901306,0.3886608611725223
TOKYOTECH_s09,7,48,71.6,-0.9350437521934509,0.2821616641709989
TOKYOTECH_s09,7,49,71.63333333333334,-0.9631428122520447,0.16207910660289893
TOKYOTECH_s09,7,50,71.66666666666667,-1.208939552307129,0.04175298336474175
TOKYOTECH_s09,7,51,71.7,-1.1766446828842163,-0.061468183109106206
TOKYOTECH_s09,7,52,71.73333333333333,-1.0667660236358643,-0.12884232468753742
TOKYOTECH_s09,7,53,71.76666666666667,-0.40400975942611694,-0.14699482865958602
TOKYOTECH_s09,7,54,71.8,0.6623302102088928,-0.11510743281990027
TOKYOTECH_s09,7,55,71.83333333333333,1.1592638492584229,-0.04749685597915175
TOKYOTECH_s09,7,56,71.86666666666666,1.3631281852722168,0.02978431213836986
TOKYOTECH_s09,7,57,71.9,1.5605336427688599,0.08571011345517587
TOKYOTECH_s09,7,58,71.93333333333334,1.17106294631958,0.09225707853000577
TOKYOTECH_s09,7,59,71.96666666666667,0.45737242698669434,0.032289043798451725
TOKYOTECH_s09,7,60,72.0,0.013432816602289677,-0.09375799487889223
TOKYOTECH_s09,7,61,72.03333333333333,-0.33222368359565735,-0.2633386311204245
TOKYOTECH_s09,7,62,72.06666666666666,-0.44901910424232483,-0.4338039642901651
TOKYOTECH_s09,7,63,72.1,-0.47098976373672485,-0.5575712872014966
TOKYOTECH_s09,7,64,72.13333333333334,-0.8733021020889282,-0.6037482574934394
TOKYOTECH_s09,7,65,72.16666666666667,-0.8418718576431274,-0.5676317424176087
TOKYOTECH_s09,7,66,72.2,-0.8663854002952576,-0.4633855979939522
TOKYOTECH_s09,7,67,72.23333333333333,-1.1702874898910522,-0.3101760396274509
TOKYOTECH_s09,7,68,72.26666666666667,-1.17837393283844,-0.12195275809169542
TOKYOTECH_s09,7,69,72.3,-1.4226703643798828,0.09168697499592367
TOKYOTECH_s09,7,70,72.33333333333333,-1.3931727409362793,0.3170629584430345
TOKYOTECH_s09,7,71,72.36666666666666,-0.7895643711090088,0.5337499680123007
TOKYOTECH_s09,7,72,72.4,0.402878075838089,0.7199359292556813
TOKYOTECH_s09,7,73,72.43333333333334,1.3105156421661377,0.856367015626955
TOKYOTECH_s09,7,74,72.46666666666667,1.315016508102417,0.9264887672059748
TOKYOTECH_s09,7,75,72.5,1.428175687789917,0.9180497340269965
TOKYOTECH_s09,7,76,72.53333333333333,1.4897137880325317,0.8265586511410364
TOKYOTECH_s09,7,77,72.56666666666666,1.0262956619262695,0.6559130311807845
TOKYOTECH_s09,7,78,72.6,0.7061952352523804,0.41590916119908156
TOKYOTECH_s09,7,79,72.63333333333334,0.21038047969341278,0.12080699205640687
TOKYOTECH_s09,7,80,72.66666666666667,-0.2690834701061249,-0.20987961867953558
TOKYOTECH_s09,7,81,72.7,-0.21115617454051971,-0.5505255958657514
TOKYOTECH_s09,7,82,72.73333333333333,-0.38303083181381226,-0.8697604919681904
TOKYOTECH_s09,7,83,72.76666666666667,-0.5621527433395386,-1.13212310064555
TOKYOTECH_s09,7,84,72.8,-0.6977910995483398,-1.30158975184768
TOKYOTECH_s09,7,85,72.83333333333333,-1.0945090055465698,-1.3478378769598212
TOKYOTECH_s09,7,86,72.86666666666666,-1.1765683889389038,-1.2549219940679244
TOKYOTECH_s09,7,87,72.9,-1.4515831470489502,-1.0306590791658534
TOKYOTECH_s09,7,88,72.93333333333334,-1.5347614288330078,-0.7100558083051847
TOKYOTECH_s09,7,89,72.96666666666667,-1.0723603963851929,-0.34288209791113444
TOKYOTECH_s09,7,90,73.0,-0.36418795585632324,0.028176347911641916
TOKYOTECH_s09,7,91,73.03333333333333,0.5797622203826904,0.3775351348308517
TOKYOTECH_s09,7,92,73.06666666666666,0.9193412065505981,0.6894894867549438
TOKYOTECH_s09,7,93,73.1,0.8160485625267029,0.9455047886820847
TOKYOTECH_s09,7,94,73.13333333333334,0.8036392331123352,1.1180079058176087
TOKYOTECH_s09,7,95,73.16666666666667,0.38622206449508667,1.179614054655005
TOKYOTECH_s09,7,96,73.2,-0.32680729031562805,1.1220415243158923
TOKYOTECH_s09,7,97,73.23333333333333,-0.5539392232894897,0.9657341377117202
TOKYOTECH_s09,7,98,73.26666666666667,-0.7580069899559021,0.7523886937821868
TOKYOTECH_s09,7,99,73.3,-0.8987311124801636,0.5258516551845315
TOKYOTECH_s09,7,100,73.33333333333333,-1.0342422723770142,0.3132779143089224
TOKYOTECH_s09,7,101,73.36666666666666,-1.354240894317627,0.12189054401986399
TOKYOTECH_s09,7,102,73.4,-1.2993905544281006,-0.04972701628763873
TOKYOTECH_s09,7,103,73.43333333333334,-1.4915575981140137,-0.20277659700177172
TOKYOTECH_s09,7,104,73.46666666666667,-1.704322099685669,-0.3370560922891138
TOKYOTECH_s09,7,105,73.5,-1.9280718564987183,-0.4496622536244739
TOKYOTECH_s09,7,106,73.53333333333333,-1.8118867874145508,-0.5322565977296009
TOKYOTECH_s09,7,107,73.56666666666666,-0.9616170525550842,-0.5725317972107135
TOKYOTECH_s09,7,108,73.6,-0.13937008380889893,-0.5609194994182779
TOKYOTECH_s09,7,109,73.63333333333334,0.5504171848297119,-0.49855663500953346
TOKYOTECH_s09,7,110,73.66666666666667,1.1471850872039795,-0.40150306370602157
TOKYOTECH_s09,7,111,73.7,1.2723212242126465,-0.2964226651218649
TOKYOTECH_s09,7,112,73.73333333333333,1.003002643585205,-0.20930909446948043
TOKYOTECH_s09,7,113,73.76666666666667,0.8677965998649597,-0.15489454892702892
TOKYOTECH_s09,7,114,73.8,0.7176383137702942,-0.1321745077195967
TOKYOTECH_s09,7,115,73.83333333333333,0.27319014072418213,-0.12801086954474775
TOKYOTECH_s09,7,116,73.86666666666666,-0.09357244521379471,-0.12708821639356474
TOKYOTECH_s09,7,117,73.9,-0.03714548051357269,-0.1231854193354014
TOKYOTECH_s09,7,118,73.93333333333334,-0.19864509999752045,-0.12386482621601594
TOKYOTECH_s09,7,119,73.96666666666667,-0.4943335950374603,-0.13986357489785148
TOKYOTECH_s09,7,120,74.0,-0.44734078645706177,-0.16611433220015315
TOKYOTECH_s09,7,121,74.03333333333333,-0.731891393661499,-0.1752309126688083
TOKYOTECH_s09,7,122,74.06666666666666,-0.9147768020629883,-0.13050079072751614
TOKYOTECH_s09,7,123,74.1,-1.0269695520401,-0.00964239801442237
TOKYOTECH_s09,7,124,74.13333333333334,-1.1332119703292847,0.17680893280259283
TOKYOTECH_s09,7,125,74.16666666666667,-0.2826879620552063,0.3918760165135993
TOKYOTECH_s09,7,126,74.2,0.6978799700737,0.5973402075070904
TOKYOTECH_s09,7,127,74.23333333333333,1.3677817583084106,0.7681583954368275
TOKYOTECH_s09,7,128,74.26666666666667,1.9222612380981445,0.8884486634788307
TOKYOTECH_s09,7,129,74.3,1.8165528774261475,0.945168373251213
TOKYOTECH_s09,7,130,74.33333333333333,1.4964525699615479,0.9274239465310948
TOKYOTECH_s09,7,131,74.36666666666666,1.4245647192001343,0.8288774944978897
TOKYOTECH_s09,7,132,74.4,0.8736453056335449,0.6508616120646522
TOKYOTECH_s09,7,133,74.43333333333334,0.338491827249527,0.40464881994848156
TOKYOTECH_s09,7,134,74.46666666666667,0.3576907217502594,0.11119337060314889
TOKYOTECH_s09,7,135,74.5,0.06492655724287033,-0.2030285601371895
TOKYOTECH_s09,7,136,74.53333333333333,-0.17919191718101501,-0.5115393362472908
TOKYOTECH_s09,7,137,74.56666666666666,-0.1599930077791214,-0.7889348595590893
TOKYOTECH_s09,7,138,74.6,-0.46091988682746887,-1.0082310698740329
TOKYOTECH_s09,7,139,74.63333333333334,-0.5579569935798645,-1.1414593902595653
TOKYOTECH_s09,7,140,74.66666666666667,-0.6967993378639221,-1.1660897998942215
TOKYOTECH_s09,7,141,74.7,-1.1899186372756958,-1.0745983399684702
TOKYOTECH_s09,7,142,74.73333333333333,-1.3608015775680542,-0.8806814285322966
TOKYOTECH_s09,7,143,74.76666666666667,-0.9355014562606812,-0.6134835805033785
TOKYOTECH_s09,7,144,74.8,-0.14585448801517487,-0.30505536845088094
TOKYOTECH_s09,7,145,74.83333333333333,0.8542429208755493,0.01134397923404699
TOKYOTECH_s09,7,146,74.86666666666666,1.440152645111084,0.2935458611480429
TOKYOTECH_s09,7,147,74.9,1.3616533279418945,0.4933481689149215
TOKYOTECH_s09,7,148,74.93333333333334,0.9251136183738708,0.574075531339797
TOKYOTECH_s09,7,149,74.96666666666667,0.5189869403839111,0.5295787252536909
TOKYOTECH_s09,7,150,75.0,0.2907361388206482,0.392052308863307
TOKYOTECH_s09,7,151,75.03333333333333,-0.09471675008535385,0.21989634970395372
TOKYOTECH_s09,7,152,75.06666666666666,-0.3686125874519348,0.07153607805509513
TOKYOTECH_s09,7,153,75.1,-0.33268141746520996,-0.015551487302595073
TOKYOTECH_s09,7,154,75.13333333333334,-0.5305953621864319,-0.03150217601249817
TOKYOTECH_s09,7,155,75.16666666666667,-1.113835096359253,0.010573737625602611
TOKYOTECH_s09,7,156,75.2,-1.1878589391708374,0.08547288328560002
TOKYOTECH_s09,7,157,75.23333333333333,-1.1773821115493774,0.16733105579644975
TOKYOTECH_s09,7,158,75.26666666666667,-1.55596923828125,0.23748194543360668
TOKYOTECH_s09,7,159,75.3,-1.7062292098999023,0.28695731837233224
TOKYOTECH_s09,7,160,75.33333333333333,-2.035890817642212,0.3147019365652438
TOKYOTECH_s09,7,161,75.36666666666666,-1.6471830606460571,0.3249592914511676
TOKYOTECH_s09,7,162,75.4,-0.4649631083011627,0.32480542459318296
TOKYOTECH_s09,7,163,75.43333333333334,0.25254178047180176,0.32015383474047776
TOKYOTECH_s09,7,164,75.46666666666667,0.7059155702590942,0.3114893218503187
TOKYOTECH_s09,7,165,75.5,1.0047826766967773,0.29331876832161735
TOKYOTECH_s09,7,166,75.53333333333333,0.8488774299621582,0.2567980555758751
TOKYOTECH_s09,7,167,75.56666666666666,0.315224289894104,0.19068104651129575
TOKYOTECH_s09,7,168,75.6,-0.1865917593240738,0.08135295340093364
TOKYOTECH_s09,7,169,75.63333333333334,-0.37804675102233887,-0.08196793321474534
TOKYOTECH_s09,7,170,75.66666666666667,-0.5521082878112793,-0.29719046589446874
TOKYOTECH_s09,7,171,75.7,-0.7915478348731995,-0.5413823660957701
TOKYOTECH_s09,7,172,75.73333333333333,-0.9347131252288818,-0.7712879074397747
TOKYOTECH_s09,7,173,75.76666666666667,-0.7886489629745483,-0.9365465925681403
TOKYOTECH_s09,7,174,75.8,-0.7572186589241028,-1.000237725189681
TOKYOTECH_s09,7,175,75.83333333333333,-1.077725887298584,-0.9529065631698054
TOKYOTECH_s09,7,176,75.86666666666666,-1.2270195484161377,-0.8118667056758618
TOKYOTECH_s09,7,177,75.9,-1.211736798286438,-0.6052352168720968
TOKYOTECH_s09,7,178,75.93333333333334,-1.3123339414596558,-0.35189699156440035
TOKYOTECH_s09,7,179,75.96666666666667,-0.5050646662712097,-0.05745107807636902
TOKYOTECH_s09,7,180,76.0,0.8197866678237915,0.2719642505276101
TOKYOTECH_s09,7,181,76.03333333333333,1.5274250507354736,0.6146614270527484
TOKYOTECH_s09,7,182,76.06666666666666,1.6051106452941895,0.9289490599692382
TOKYOTECH_s09,7,183,76.1,1.5092687606811523,1.162931655633316
TOKYOTECH_s09,7,184,76.13333333333334,1.4750667810440063,1.2730284953603759
TOKYOTECH_s09,7,185,76.16666666666667,1.3335797786712646,1.2378141897169708
TOKYOTECH_s09,7,186,76.2,0.7978159785270691,1.0611013779349308
TOKYOTECH_s09,7,187,76.23333333333333,0.25500839948654175,0.7668280919603883
TOKYOTECH_s09,7,188,76.26666666666667,0.2669600248336792,0.39157111623153834
TOKYOTECH_s09,7,189,76.3,0.26769745349884033,-0.017912179393987007
TOKYOTECH_s09,7,190,76.33333333333333,-0.17537756264209747,-0.4047832633869376
TOKYOTECH_s09,7,191,76.36666666666666,-0.3044043481349945,-0.7116205489831784
TOKYOTECH_s09,7,192,76.4,-0.2993439733982086,-0.8976948536616489
TOKYOTECH_s09,7,193,76.43333333333334,-0.5983890891075134,-0.9491139463794885
TOKYOTECH_s09,7,194,76.46666666666667,-0.7847328782081604,-0.8768273839085942
TOKYOTECH_s09,7,195,76.5,-0.699850857257843,-0.7085539628523899
TOKYOTECH_s09,7,196,76.53333333333333,-0.7879369258880615,-0.48000998448608523
TOKYOTECH_s09,7,197,76.56666666666666,-0.1147293820977211,-0.2287619355397906
TOKYOTECH_s09,7,198,76.6,1.141794204711914,0.008619521483426379
TOKYOTECH_s09,7,199,76.63333333333334,1.9015365839004517,0.19800914008681933
TOKYOTECH_s09,7,200,76.66666666666667,1.9933353662490845,0.3102971493600174
TOKYOTECH_s09,7,201,76.7,1.686864972114563,0.32733829312355234
TOKYOTECH_s09,7,202,76.73333333333333,1.334291696548462,0.250478756426816
TOKYOTECH_s09,7,203,76.76666666666667,0.952958345413208,0.10777350722421042
TOKYOTECH_s09,7,204,76.8,0.7515097260475159,-0.048620235523734776
TOKYOTECH_s09,7,205,76.83333333333333,0.5576135516166687,-0.1655591850662885
TOKYOTECH_s09,7,206,76.86666666666666,0.19921714067459106,-0.21944834233294802
TOKYOTECH_s09,7,207,76.9,-0.06956746429204941,-0.2204986016990533
TOKYOTECH_s09,7,208,76.93333333333334,-0.034272000193595886,-0.18964791751808674
TOKYOTECH_s09,7,209,76.96666666666667,-0.14707507193088531,-0.13987460801929832
TOKYOTECH_s09,7,210,77.0,-0.6990879774093628,-0.07477569186465668
TOKYOTECH_s09,7,211,77.03333333333333,-0.9877326488494873,0.004873192505195362
TOKYOTECH_s09,7,212,77.06666666666666,-0.9653805494308472,0.09523099848976008
TOKYOTECH_s09,7,213,77.1,-1.1160727739334106,0.1896632696603198
TOKYOTECH_s09,7,214,77.13333333333334,-0.5694509148597717,0.2839740303576221
TOKYOTECH_s09,7,215,77.16666666666667,0.7246821522712708,0.3791098173685841
TOKYOTECH_s09,7,216,77.2,1.430769443511963,0.4778833754106864
TOKYOTECH_s09,7,217,77.23333333333333,1.5874121189117432,0.5773153365730267
TOKYOTECH_s09,7,218,77.26666666666667,1.8697248697280884,0.6615203923686095
TOKYOTECH_s09,7,219,77.3,1.8983325958251953,0.7021670715300429
TOKYOTECH_s09,7,220,77.33333333333333,1.3534144163131714,0.667544849698465
TOKYOTECH_s09,7,221,77.36666666666666,0.7603082060813904,0.5349296817737639
TOKYOTECH_s09,7,222,77.4,0.4877092242240906,0.3010162557829052
TOKYOTECH_s09,7,223,77.43333333333334,0.4322739839553833,-0.01363084243522756
TOKYOTECH_s09,7,224,77.46666666666667,0.2969916760921478,-0.36685345846959366
TOKYOTECH_s09,7,225,77.5,0.029071656987071037,-0.7013476696073442
TOKYOTECH_s09,7,226,77.53333333333333,-0.08467229455709457,-0.9560852343677452
TOKYOTECH_s09,7,227,77.56666666666666,0.07647132873535156,-1.086291776794017
TOKYOTECH_s09,7,228,77.6,-0.026236435398459435,-1.082676693119099
TOKYOTECH_s09,7,229,77.63333333333334,-0.49502018094062805,-0.9698086280701337
TOKYOTECH_s09,7,230,77.66666666666667,-0.5943204760551453,-0.7850242995204834
TOKYOTECH_s09,7,231,77.7,-0.24319672584533691,-0.5603932024624037
TOKYOTECH_s09,7,232,77.73333333333333,0.4299599528312683,-0.31741353925214644
TOKYOTECH_s09,7,233,77.76666666666667,1.2718889713287354,-0.06898181570861801
TOKYOTECH_s09,7,234,77.8,2.01352596282959,0.17588019919118586
TOKYOTECH_s09,7,235,77.83333333333333,2.417745351791382,0.40673866875963366
TOKYOTECH_s09,7,236,77.86666666666666,2.385857582092285,0.6082702796897037
TOKYOTECH_s09,7,237,77.9,1.9474613666534424,0.7606555617568921
TOKYOTECH_s09,7,238,77.93333333333334,1.6009148359298706,0.843937525915938
TOKYOTECH_s09,7,239,77.96666666666667,1.3667137622833252,0.8444416284179479
TOKYOTECH_s09,7,240,78.0,1.0993785858154297,0.7602609085462637
TOKYOTECH_s09,7,241,78.03333333333333,0.7000160217285156,0.602389355113388
TOKYOTECH_s09,7,242,78.06666666666666,0.5663865804672241,0.39151276848608435
TOKYOTECH_s09,7,243,78.1,0.6985665559768677,0.15382599759762083
TOKYOTECH_s09,7,244,78.13333333333334,0.38823094964027405,-0.0823656622175345
TOKYOTECH_s09,7,245,78.16666666666667,-0.11765372008085251,-0.28950025702493765
TOKYOTECH_s09,7,246,78.2,-0.16111189126968384,-0.4434780630802103
TOKYOTECH_s09,7,247,78.23333333333333,-0.19083839654922485,-0.5265690719252913
TOKYOTECH_s09,7,248,78.26666666666667,-0.5006654262542725,-0.5305168891585814
TOKYOTECH_s09,7,249,78.3,-0.18247225880622864,-0.45939944130774896
TOKYOTECH_s09,7,250,78.33333333333333,0.7760487198829651,-0.3304589984501768
TOKYOTECH_s09,7,251,78.36666666666666,1.5542781352996826,-0.17021673946816374
TOKYOTECH_s09,7,252,78.4,1.8178497552871704,-0.007198558593261451
TOKYOTECH_s09,7,253,78.43333333333334,1.8925347328186035,0.13364345603191097
TOKYOTECH_s09,7,254,78.46666666666667,1.9930810928344727,0.23301781809335417
TOKYOTECH_s09,7,255,78.5,1.8519500494003296,0.2777142109635001
TOKYOTECH_s09,7,256,78.53333333333333,1.3139740228652954,0.26098093759381086
TOKYOTECH_s09,7,257,78.56666666666666,0.7342942953109741,0.18374073104534946
TOKYOTECH_s09,7,258,78.6,0.43629178404808044,0.05638254628110086
TOKYOTECH_s09,7,259,78.63333333333334,0.44913342595100403,-0.10024735459062435
TOKYOTECH_s09,7,260,78.66666666666667,0.5287516713142395,-0.2564625292483338
TOKYOTECH_s09,7,261,78.7,0.2824208438396454,-0.3796654361650833
TOKYOTECH_s09,7,262,78.73333333333333,-0.006478096358478069,-0.44363253127128977
TOKYOTECH_s09,7,263,78.76666666666667,-0.038493216037750244,-0.4375695681161363
TOKYOTECH_s09,7,264,78.8,-0.2641756534576416,-0.3695407906880623
TOKYOTECH_s09,7,265,78.83333333333333,-0.6837034225463867,-0.25840937861208946
TOKYOTECH_s09,7,266,78.86666666666666,-0.5658145546913147,-0.11950323999339824
TOKYOTECH_s09,7,267,78.9,-0.3684600293636322,0.04100937614918553
TOKYOTECH_s09,7,268,78.93333333333334,0.23911525309085846,0.2194950931949416
TOKYOTECH_s09,7,269,78.96666666666667,1.2615902423858643,0.40478201481909165
TOKYOTECH_s09,7,270,79.0,1.63453209400177,0.5731876140519858
TOKYOTECH_s09,7,271,79.03333333333333,1.8882372379302979,0.6946472524125531
TOKYOTECH_s09,7,272,79.06666666666666,1.9510977268218994,0.7460839073751949
TOKYOTECH_s09,7,273,79.1,1.7070046663284302,0.7192896221353249
TOKYOTECH_s09,7,274,79.13333333333334,1.190948486328125,0.619377140840486
TOKYOTECH_s09,7,275,79.16666666666667,0.817243754863739,0.45956158247353196
TOKYOTECH_s09,7,276,79.2,0.3468070924282074,0.2568932521333881
TOKYOTECH_s09,7,277,79.23333333333333,0.15146146714687347,0.031156718799624106
TOKYOTECH_s09,7,278,79.26666666666667,0.16593056917190552,-0.19485081941716584
TOKYOTECH_s09,7,279,79.3,-0.0801713615655899,-0.398809510395273
TOKYOTECH_s09,7,280,79.33333333333333,-0.20398519933223724,-0.5654703773584288
TOKYOTECH_s09,7,281,79.36666666666666,-0.3071761131286621,-0.6899331864686226
TOKYOTECH_s09,7,282,79.4,-0.5351471304893494,-0.7741520553470953
TOKYOTECH_s09,7,283,79.43333333333334,-0.6337862610816956,-0.8171772572057956
TOKYOTECH_s09,7,284,79.46666666666667,-0.8199774622917175,-0.8065604856721493
TOKYOTECH_s09,7,285,79.5,-0.8966713547706604,-0.723321164524862
TOKYOTECH_s09,7,286,79.53333333333333,-0.5429284572601318,-0.5583283890810709
TOKYOTECH_s09,7,287,79.56666666666666,0.19390247762203217,-0.3238676857828824
TOKYOTECH_s09,7,288,79.6,1.0918262004852295,-0.05269847095739843
TOKYOTECH_s09,7,289,79.63333333333334,1.4629878997802734,0.21260995723864246
TOKYOTECH_s09,7,290,79.66666666666667,1.6361849308013916,0.4337754389237283
TOKYOTECH_s09,7,291,79.7,1.6512389183044434,0.5861043599886281
TOKYOTECH_s09,7,292,79.73333333333333,1.2567840814590454,0.6602849374094863
TOKYOTECH_s09,7,293,79.76666666666667,0.7881783843040466,0.6599149053080683
TOKYOTECH_s09,7,294,79.8,0.5028140544891357,0.5984984606619466
TOKYOTECH_s09,7,295,79.83333333333333,0.13180483877658844,0.49903337699919
TOKYOTECH_s09,7,296,79.86666666666666,-0.09799709171056747,0.3929050468879312
TOKYOTECH_s09,7,297,79.9,0.10017116367816925,0.3095089319870237
TOKYOTECH_s09,7,298,79.93333333333334,0.034589752554893494,0.26064749583860025
TOKYOTECH_s09,7,299,79.96666666666667,-0.392134428024292,0.2355527801897667
TOKYOTECH_s09,8,0,80.0,-0.5659671425819397,0.06715137020182173
TOKYOTECH_s09,8,1,80.03333333333333,-0.46325936913490295,-0.516254655422376
TOKYOTECH_s09,8,2,80.06666666666666,-0.6896029710769653,-1.013361999261166
TOKYOTECH_s09,8,3,80.1,-1.09250009059906,-1.3564013162204775
TOKYOTECH_s09,8,4,80.13333333333334,-0.7109378576278687,-1.515447986186179
TOKYOTECH_s09,8,5,80.16666666666667,0.05793358013033867,-1.5015953620513576
TOKYOTECH_s09,8,6,80.2,0.5861957669258118,-1.3520285104536267
TOKYOTECH_s09,8,7,80.23333333333333,1.0345345735549927,-1.1140628900773835
TOKYOTECH_s09,8,8,80.26666666666667,1.3111767768859863,-0.8367626709126872
TOKYOTECH_s09,8,9,80.3,1.0737460851669312,-0.5682498042442348
TOKYOTECH_s09,8,10,80.33333333333333,0.7231563925743103,-0.3532700023283557
TOKYOTECH_s09,8,11,80.36666666666666,0.5811862349510193,-0.2239428694100755
TOKYOTECH_s09,8,12,80.4,0.2665531635284424,-0.1867291827971735
TOKYOTECH_s09,8,13,80.43333333333334,-0.11823858320713043,-0.21818887355317745
TOKYOTECH_s09,8,14,80.46666666666667,-0.27663588523864746,-0.27361228870538645
TOKYOTECH_s09,8,15,80.5,-0.1624087691307068,-0.30297534313261654
TOKYOTECH_s09,8,16,80.53333333333333,-0.16942717134952545,-0.26828396760675244
TOKYOTECH_s09,8,17,80.56666666666666,-0.5508877038955688,-0.15714856512795977
TOKYOTECH_s09,8,18,80.6,-0.5947273373603821,0.012952309454065693
TOKYOTECH_s09,8,19,80.63333333333334,-0.5237549543380737,0.2044872804464884
TOKYOTECH_s09,8,20,80.66666666666667,-0.8548406362533569,0.378262278753093
TOKYOTECH_s09,8,21,80.7,-0.9513691663742065,0.5059250517001843
TOKYOTECH_s09,8,22,80.73333333333333,-0.39841538667678833,0.5728048389529291
TOKYOTECH_s09,8,23,80.76666666666667,0.328116774559021,0.5786043215410784
TOKYOTECH_s09,8,24,80.8,1.1883292198181152,0.5390484468197012
TOKYOTECH_s09,8,25,80.83333333333333,1.4740749597549438,0.4861140365820344
TOKYOTECH_s09,8,26,80.86666666666666,1.2189966440200806,0.45999283623664367
TOKYOTECH_s09,8,27,80.9,1.2761355638504028,0.48374453813180457
TOKYOTECH_s09,8,28,80.93333333333334,1.154534101486206,0.5372377050705106
TOKYOTECH_s09,8,29,80.96666666666667,0.6332648992538452,0.5684098088972667
TOKYOTECH_s09,8,30,81.0,0.36130163073539734,0.5351513256976149
TOKYOTECH_s09,8,31,81.03333333333333,0.12069237232208252,0.42803678262742434
TOKYOTECH_s09,8,32,81.06666666666666,0.17442385852336884,0.26137833730613896
TOKYOTECH_s09,8,33,81.1,-0.05965014919638634,0.060317035928822926
TOKYOTECH_s09,8,34,81.13333333333334,-0.26567596197128296,-0.14439886900279297
TOKYOTECH_s09,8,35,81.16666666666667,-0.18097195029258728,-0.32157554005958067
TOKYOTECH_s09,8,36,81.2,-0.3812762498855591,-0.44710893118234235
TOKYOTECH_s09,8,37,81.23333333333333,-0.40744268894195557,-0.5100597902968763
TOKYOTECH_s09,8,38,81.26666666666667,-0.44678136706352234,-0.5143917949911087
TOKYOTECH_s09,8,39,81.3,-0.5616187453269958,-0.4751135100437757
TOKYOTECH_s09,8,40,81.33333333333333,-0.2646333873271942,-0.4103670512732641
TOKYOTECH_s09,8,41,81.36666666666666,0.24865113198757172,-0.3335034409054839
TOKYOTECH_s09,8,42,81.4,0.7864491939544678,-0.24919551801637194
TOKYOTECH_s09,8,43,81.43333333333334,1.3716723918914795,-0.15670946460270266
TOKYOTECH_s09,8,44,81.46666666666667,1.5750535726547241,-0.058226380069258246
TOKYOTECH_s09,8,45,81.5,1.3278582096099854,0.034610916320854716
TOKYOTECH_s09,8,46,81.53333333333333,1.1085076332092285,0.10132189980602359
TOKYOTECH_s09,8,47,81.56666666666666,0.9790993928909302,0.12291041053225427
TOKYOTECH_s09,8,48,81.6,0.6288402080535889,0.09546274761183628
TOKYOTECH_s09,8,49,81.63333333333334,0.19319047033786774,0.03325564412689945
TOKYOTECH_s09,8,50,81.66666666666667,0.16206537187099457,-0.04087011149011798
TOKYOTECH_s09,8,51,81.7,0.19064757227897644,-0.10800876958062403
TOKYOTECH_s09,8,52,81.73333333333333,-0.06514281779527664,-0.15981859083601765
TOKYOTECH_s09,8,53,81.76666666666667,-0.3176020085811615,-0.19392633711033336
TOKYOTECH_s09,8,54,81.8,-0.2621158957481384,-0.20335264537566367
TOKYOTECH_s09,8,55,81.83333333333333,-0.5433353185653687,-0.1743129490254769
TOKYOTECH_s09,8,56,81.86666666666666,-1.078336238861084,-0.09539912189725025
TOKYOTECH_s09,8,57,81.9,-1.1774839162826538,0.031077123697689557
TOKYOTECH_s09,8,58,81.93333333333334,-1.300153374671936,0.1844041234143484
TOKYOTECH_s09,8,59,81.96666666666667,-1.1894609928131104,0.33353940215157957
TOKYOTECH_s09,8,60,82.0,-0.2402215301990509,0.4525328498486129
TOKYOTECH_s09,8,61,82.03333333333333,0.35667356848716736,0.5278176809322901
TOKYOTECH_s09,8,62,82.06666666666666,0.2783013582229614,0.5540074552682409
TOKYOTECH_s09,8,63,82.1,0.39326590299606323,0.5277190416892211
TOKYOTECH_s09,8,64,82.13333333333334,0.3202083706855774,0.44587105228362467
TOKYOTECH_s09,8,65,82.16666666666667,-0.12108663469552994,0.310025181014191
TOKYOTECH_s09,8,66,82.2,-0.40988385677337646,0.13284019791692547
TOKYOTECH_s09,8,67,82.23333333333333,-0.36434051394462585,-0.06170634785966963
TOKYOTECH_s09,8,68,82.26666666666667,-0.3969659209251404,-0.24542149888774462
TOKYOTECH_s09,8,69,82.3,-0.4596993029117584,-0.3938304167650784
TOKYOTECH_s09,8,70,82.33333333333333,-0.0001717023114906624,-0.49054435410714076
TOKYOTECH_s09,8,71,82.36666666666666,0.17261840403079987,-0.5268392004739999
TOKYOTECH_s09,8,72,82.4,-0.17797131836414337,-0.49928015083409716
TOKYOTECH_s09,8,73,82.43333333333334,-0.39335501194000244,-0.41138004804536205
TOKYOTECH_s09,8,74,82.46666666666667,-0.35149887204170227,-0.277663259539675
TOKYOTECH_s09,8,75,82.5,-0.5762658715248108,-0.12135093069921908
TOKYOTECH_s09,8,76,82.53333333333333,-0.8803459405899048,0.03434566145000555
TOKYOTECH_s09,8,77,82.56666666666666,-0.36683255434036255,0.17245184952800635
TOKYOTECH_s09,8,78,82.6,0.50838303565979,0.282683556206066
TOKYOTECH_s09,8,79,82.63333333333334,0.9745475649833679,0.3592053925141271
TOKYOTECH_s09,8,80,82.66666666666667,1.1551952362060547,0.3979425947644709
TOKYOTECH_s09,8,81,82.7,1.298792839050293,0.39425633369487956
TOKYOTECH_s09,8,82,82.73333333333333,1.4233695268630981,0.34287565629603883
TOKYOTECH_s09,8,83,82.76666666666667,1.0501989126205444,0.24256485558291047
TOKYOTECH_s09,8,84,82.8,0.4616190791130066,0.10259564952869528
TOKYOTECH_s09,8,85,82.83333333333333,0.15278378129005432,-0.056587835171864644
TOKYOTECH_s09,8,86,82.86666666666666,0.07380127906799316,-0.21006687433924162
TOKYOTECH_s09,8,87,82.9,-0.03088994324207306,-0.3375358072040295
TOKYOTECH_s09,8,88,82.93333333333334,-0.2961145043373108,-0.4291166181968273
TOKYOTECH_s09,8,89,82.96666666666667,-0.6380075216293335,-0.48297566159239447
TOKYOTECH_s09,8,90,83.0,-0.5827502608299255,-0.4982345407851224
TOKYOTECH_s09,8,91,83.03333333333333,-0.46615827083587646,-0.4740572102051649
TOKYOTECH_s09,8,92,83.06666666666666,-0.7633470892906189,-0.41437157075348674
TOKYOTECH_s09,8,93,83.1,-1.1126399040222168,-0.32649796231007094
TOKYOTECH_s09,8,94,83.13333333333334,-1.1253544092178345,-0.2130256235372991
TOKYOTECH_s09,8,95,83.16666666666667,-0.7512174248695374,-0.06764478168036496
TOKYOTECH_s09,8,96,83.2,-0.13929380476474762,0.11938023725278488
TOKYOTECH_s09,8,97,83.23333333333333,0.6384269595146179,0.34711652334630627
TOKYOTECH_s09,8,98,83.26666666666667,1.0997345447540283,0.5908551369178923
TOKYOTECH_s09,8,99,83.3,1.0597856044769287,0.8057395546243726
TOKYOTECH_s09,8,100,83.33333333333333,0.7615542411804199,0.9451121197675629
TOKYOTECH_s09,8,101,83.36666666666666,0.5421527624130249,0.9743071418672202
TOKYOTECH_s09,8,102,83.4,0.5176137685775757,0.8738641726672667
TOKYOTECH_s09,8,103,83.43333333333334,0.19405505061149597,0.640696615996017
TOKYOTECH_s09,8,104,83.46666666666667,-0.10366776585578918,0.2915992501231172
TOKYOTECH_s09,8,105,83.5,0.09200844913721085,-0.13218882948899927
TOKYOTECH_s09,8,106,83.53333333333333,0.032224852591753006,-0.5651191565750167
TOKYOTECH_s09,8,107,83.56666666666666,-0.4586312770843506,-0.9307363678842477
TOKYOTECH_s09,8,108,83.6,-0.6964179277420044,-1.165318625286376
TOKYOTECH_s09,8,109,83.63333333333334,-0.6992914080619812,-1.2374827273146323
TOKYOTECH_s09,8,110,83.66666666666667,-1.1161236763000488,-1.154278642123135
TOKYOTECH_s09,8,111,83.7,-1.1942670345306396,-0.9512678529790591
TOKYOTECH_s09,8,112,83.73333333333333,-1.1004339456558228,-0.6727712838878219
TOKYOTECH_s09,8,113,83.76666666666667,-1.2254939079284668,-0.35563764378602714
TOKYOTECH_s09,8,114,83.8,-0.5767998695373535,-0.024162698445641437
TOKYOTECH_s09,8,115,83.83333333333333,0.39118072390556335,0.30364120792365984
TOKYOTECH_s09,8,116,83.86666666666666,0.7018468976020813,0.6052770046562876
TOKYOTECH_s09,8,117,83.9,0.8246690034866333,0.8504873116719012
TOKYOTECH_s09,8,118,83.93333333333334,1.1549663543701172,1.0087627451102872
TOKYOTECH_s09,8,119,83.96666666666667,0.97124183177948,1.061339387562284
TOKYOTECH_s09,8,120,84.0,0.3704560697078705,1.0084354565868248
TOKYOTECH_s09,8,121,84.03333333333333,0.0013540381332859397,0.8620025370882527
TOKYOTECH_s09,8,122,84.06666666666666,-0.3523888885974884,0.6320870129723464
TOKYOTECH_s09,8,123,84.1,-0.5792410373687744,0.33039951577415094
TOKYOTECH_s09,8,124,84.13333333333334,-0.3598141670227051,-0.01107799918286536
TOKYOTECH_s09,8,125,84.16666666666667,-0.45268088579177856,-0.33387845347590545
TOKYOTECH_s09,8,126,84.2,-0.5939644575119019,-0.5695612385625146
TOKYOTECH_s09,8,127,84.23333333333333,-0.6060940623283386,-0.6691042953104124
TOKYOTECH_s09,8,128,84.26666666666667,-0.9482159614562988,-0.626988786575253
TOKYOTECH_s09,8,129,84.3,-1.1622264385223389,-0.4780027047469715
TOKYOTECH_s09,8,130,84.33333333333333,-1.1604973077774048,-0.2711340636785566
TOKYOTECH_s09,8,131,84.36666666666666,-1.4545328617095947,-0.04998368726725097
TOKYOTECH_s09,8,132,84.4,-1.1562761068344116,0.14997696543541064
TOKYOTECH_s09,8,133,84.43333333333334,-0.11330535262823105,0.29852031573773136
TOKYOTECH_s09,8,134,84.46666666666667,0.5910273194313049,0.3703123190480591
TOKYOTECH_s09,8,135,84.5,0.7545612454414368,0.3496764031885678
TOKYOTECH_s09,8,136,84.53333333333333,0.911483645439148,0.237950467249829
TOKYOTECH_s09,8,137,84.56666666666666,1.0869946479797363,0.05643673229892346
TOKYOTECH_s09,8,138,84.6,0.889589250087738,-0.15829216259166456
TOKYOTECH_s09,8,139,84.63333333333334,0.3172585964202881,-0.36528338446355946
TOKYOTECH_s09,8,140,84.66666666666667,-0.08917322754859924,-0.5314588222732081
TOKYOTECH_s09,8,141,84.7,-0.015251103788614273,-0.6380822941612373
TOKYOTECH_s09,8,142,84.73333333333333,0.11865805089473724,-0.6796703619379038
TOKYOTECH_s09,8,143,84.76666666666667,0.03319115564227104,-0.6592406425245627
TOKYOTECH_s09,8,144,84.8,-0.22885476052761078,-0.5838687871156166
TOKYOTECH_s09,8,145,84.83333333333333,-0.2821793854236603,-0.4635457784832556
TOKYOTECH_s09,8,146,84.86666666666666,-0.17964963614940643,-0.3118722366289615
TOKYOTECH_s09,8,147,84.9,-0.21779315173625946,-0.14322152256393553
TOKYOTECH_s09,8,148,84.93333333333334,-0.5034117698669434,0.03259878908173615
TOKYOTECH_s09,8,149,84.96666666666667,-0.709412157535553,0.21096475226999087
TOKYOTECH_s09,8,150,85.0,-0.10633780807256699,0.387081529725348
TOKYOTECH_s09,8,151,85.03333333333333,0.9726658463478088,0.5497777185334585
TOKYOTECH_s09,8,152,85.06666666666666,1.5228986740112305,0.679947304870106
TOKYOTECH_s09,8,153,85.1,1.5235344171524048,0.7580222081378358
TOKYOTECH_s09,8,154,85.13333333333334,1.4430007934570312,0.7754811447251485
TOKYOTECH_s09,8,155,85.16666666666667,1.3878706693649292,0.7373077055911001
TOKYOTECH_s09,8,156,85.2,1.2823148965835571,0.6538718784448827
TOKYOTECH_s09,8,157,85.23333333333333,0.9997223019599915,0.5326572274817797
TOKYOTECH_s09,8,158,85.26666666666667,0.5648862719535828,0.3770932784289638
TOKYOTECH_s09,8,159,85.3,0.16867691278457642,0.19459828697249934
TOKYOTECH_s09,8,160,85.33333333333333,0.14515507221221924,0.006023385997729611
TOKYOTECH_s09,8,161,85.36666666666666,0.3100876212120056,-0.1590567625746128
TOKYOTECH_s09,8,162,85.4,0.30545952916145325,-0.279079732604881
TOKYOTECH_s09,8,163,85.43333333333334,0.014729696325957775,-0.34992765021249533
TOKYOTECH_s09,8,164,85.46666666666667,-0.31299933791160583,-0.3804259525808406
TOKYOTECH_s09,8,165,85.5,-0.5415552854537964,-0.38170627859757406
TOKYOTECH_s09,8,166,85.53333333333333,-0.4480782449245453,-0.35853527555722076
TOKYOTECH_s09,8,167,85.56666666666666,-0.4932147264480591,-0.30887726095869394
TOKYOTECH_s09,8,168,85.6,-0.5205000638961792,-0.23133487439698858
TOKYOTECH_s09,8,169,85.63333333333334,0.28493833541870117,-0.13362419680107085
TOKYOTECH_s09,8,170,85.66666666666667,1.2822130918502808,-0.035438724095114234
TOKYOTECH_s09,8,171,85.7,1.5413092374801636,0.03899043454530804
TOKYOTECH_s09,8,172,85.73333333333333,1.3959825038909912,0.07395296443086356
TOKYOTECH_s09,8,173,85.76666666666667,1.1062698364257812,0.06805915397411767
TOKYOTECH_s09,8,174,85.8,1.1112793684005737,0.029463261013518947
TOKYOTECH_s09,8,175,85.83333333333333,0.8757304549217224,-0.03243635052376944
TOKYOTECH_s09,8,176,85.86666666666666,0.38245856761932373,-0.11220623077753858
TOKYOTECH_s09,8,177,85.9,0.2799796760082245,-0.2060885615895475
TOKYOTECH_s09,8,178,85.93333333333334,0.20214147865772247,-0.30540254623003993
TOKYOTECH_s09,8,179,85.96666666666667,-0.003604618366807699,-0.3954854437231591
TOKYOTECH_s09,8,180,86.0,-0.1894906610250473,-0.4613024663956384
TOKYOTECH_s09,8,181,86.03333333333333,-0.3370552062988281,-0.4918301231108074
TOKYOTECH_s09,8,182,86.06666666666666,-0.44454360008239746,-0.4794208193732297
TOKYOTECH_s09,8,183,86.1,-0.6553754806518555,-0.4155148706181223
TOKYOTECH_s09,8,184,86.13333333333334,-0.8801170587539673,-0.28898458443136327
TOKYOTECH_s09,8,185,86.16666666666667,-0.9730855226516724,-0.09645208998266804
TOKYOTECH_s09,8,186,86.2,-0.6888654828071594,0.14275468006652994
TOKYOTECH_s09,8,187,86.23333333333333,0.12771077454090118,0.38911894737908426
TOKYOTECH_s09,8,188,86.26666666666667,0.9342426061630249,0.6025657730059619
TOKYOTECH_s09,8,189,86.3,1.1395055055618286,0.756383074105763
TOKYOTECH_s09,8,190,86.33333333333333,1.1428622007369995,0.8372027910935751
TOKYOTECH_s09,8,191,86.36666666666666,0.9398115277290344,0.839446165658825
TOKYOTECH_s09,8,192,86.4,0.721528947353363,0.7611045441561476
TOKYOTECH_s09,8,193,86.43333333333334,0.28422632813453674,0.6042167493923266
TOKYOTECH_s09,8,194,86.46666666666667,0.071944959461689,0.3798410344825651
TOKYOTECH_s09,8,195,86.5,-0.2501388490200043,0.11380106773501825
TOKYOTECH_s09,8,196,86.53333333333333,-0.339140385389328,-0.1526485750031622
TOKYOTECH_s09,8,197,86.56666666666666,-0.6359223127365112,-0.37359937845787494
TOKYOTECH_s09,8,198,86.6,-0.7276192903518677,-0.5159600353968912
TOKYOTECH_s09,8,199,86.63333333333334,-0.7408424019813538,-0.5688117521134481
TOKYOTECH_s09,8,200,86.66666666666667,-0.9645668268203735,-0.5397922451520087
TOKYOTECH_s09,8,201,86.7,-0.9458001852035522,-0.44476107576290225
TOKYOTECH_s09,8,202,86.73333333333333,-1.166167974472046,-0.298627828885097
TOKYOTECH_s09,8,203,86.76666666666667,-1.1069692373275757,-0.11477578328071936
TOKYOTECH_s09,8,204,86.8,-0.3809710741043091,0.08868310711467925
TOKYOTECH_s09,8,205,86.83333333333333,0.33002394437789917,0.2861787468439559
TOKYOTECH_s09,8,206,86.86666666666666,1.020548701286316,0.448314146305495
TOKYOTECH_s09,8,207,86.9,1.3735541105270386,0.546403805410462
TOKYOTECH_s09,8,208,86.93333333333334,1.0928432941436768,0.5568310424482098
TOKYOTECH_s09,8,209,86.96666666666667,1.0089784860610962,0.4686567159728772
TOKYOTECH_s09,8,210,87.0,0.8949293494224548,0.291417177995705
TOKYOTECH_s09,8,211,87.03333333333333,0.4138379693031311,0.05418819769901781
TOKYOTECH_s09,8,212,87.06666666666666,0.28147998452186584,-0.204450805847546
TOKYOTECH_s09,8,213,87.1,0.4484214186668396,-0.44719759197059467
TOKYOTECH_s09,8,214,87.13333333333334,0.2080664336681366,-0.6449993003886703
TOKYOTECH_s09,8,215,87.16666666666667,0.1039600819349289,-0.7804408144785786
TOKYOTECH_s09,8,216,87.2,-0.17705588042736053,-0.8472722882952062
TOKYOTECH_s09,8,217,87.23333333333333,-0.513659656047821,-0.8452427634268118
TOKYOTECH_s09,8,218,87.26666666666667,-0.4891206622123718,-0.7734484843785531
TOKYOTECH_s09,8,219,87.3,-0.7476828098297119,-0.6286734427536904
TOKYOTECH_s09,8,220,87.33333333333333,-0.8046183586120605,-0.4102833581394689
TOKYOTECH_s09,8,221,87.36666666666666,-0.22226865589618683,-0.1278892744720191
TOKYOTECH_s09,8,222,87.4,0.5329474210739136,0.19345254669313539
TOKYOTECH_s09,8,223,87.43333333333334,1.153084635734558,0.5158604250959086
TOKYOTECH_s09,8,224,87.46666666666667,1.5613219738006592,0.7970035204217943
TOKYOTECH_s09,8,225,87.5,1.7825288772583008,0.9953392755118562
TOKYOTECH_s09,8,226,87.53333333333333,1.8243595361709595,1.0718406415935284
TOKYOTECH_s09,8,227,87.56666666666666,1.5240938663482666,0.9962590220384113
TOKYOTECH_s09,8,228,87.6,0.9678597450256348,0.7602195728246262
TOKYOTECH_s09,8,229,87.63333333333334,0.35057058930397034,0.3926209710885691
TOKYOTECH_s09,8,230,87.66666666666667,0.1630825251340866,-0.03282017557096771
TOKYOTECH_s09,8,231,87.7,0.36946433782577515,-0.4111208310516382
TOKYOTECH_s09,8,232,87.73333333333333,0.27146095037460327,-0.6404235532338539
TOKYOTECH_s09,8,233,87.76666666666667,-0.0772978812456131,-0.6629035671628439
TOKYOTECH_s09,8,234,87.8,-0.23869578540325165,-0.49160133671211526
TOKYOTECH_s09,8,235,87.83333333333333,-0.30519264936447144,-0.20108414040742414
TOKYOTECH_s09,8,236,87.86666666666666,-0.7305945158004761,0.11104962371442406
TOKYOTECH_s09,8,237,87.9,-1.0458887815475464,0.35755287355258575
TOKYOTECH_s09,8,238,87.93333333333334,-0.9198117256164551,0.476745116210717
TOKYOTECH_s09,8,239,87.96666666666667,-0.8196977376937866,0.4403663536808771
TOKYOTECH_s09,8,240,88.0,-0.015174816362559795,0.260058936708729
TOKYOTECH_s09,8,241,88.03333333333333,1.1721564531326294,-0.008724898236367434
TOKYOTECH_s09,8,242,88.06666666666666,1.5005719661712646,-0.2748800650425446
TOKYOTECH_s09,8,243,88.1,1.205875277519226,-0.44668476284434777
TOKYOTECH_s09,8,244,88.13333333333334,1.123052954673767,-0.47861626345611014
TOKYOTECH_s09,8,245,88.16666666666667,1.0230915546417236,-0.3881579903275913
TOKYOTECH_s09,8,246,88.2,0.6563798189163208,-0.23333409792068693
TOKYOTECH_s09,8,247,88.23333333333333,0.08178599178791046,-0.07646742818607144
TOKYOTECH_s09,8,248,88.26666666666667,-0.31088873744010925,0.04306354966686463
TOKYOTECH_s09,8,249,88.3,-0.1708766222000122,0.11270616195080649
TOKYOTECH_s09,8,250,88.33333333333333,-0.1972465068101883,0.1327821069296569
TOKYOTECH_s09,8,251,88.36666666666666,-0.603118896484375,0.10809597201111194
TOKYOTECH_s09,8,252,88.4,-0.6243267059326172,0.05076257567944819
TOKYOTECH_s09,8,253,88.43333333333334,-0.8538997769355774,-0.019245488354588988
TOKYOTECH_s09,8,254,88.46666666666667,-1.3198100328445435,-0.08055858232584644
TOKYOTECH_s09,8,255,88.5,-1.3322702646255493,-0.11829099929181876
TOKYOTECH_s09,8,256,88.53333333333333,-1.3862559795379639,-0.12855101712239125
TOKYOTECH_s09,8,257,88.56666666666666,-1.019620656967163,-0.11678618230224071
TOKYOTECH_s09,8,258,88.6,0.17744991183280945,-0.09143648200740162
TOKYOTECH_s09,8,259,88.63333333333334,0.8971162438392639,-0.05824052191746
TOKYOTECH_s09,8,260,88.66666666666667,1.088698387145996,-0.018238432296993613
TOKYOTECH_s09,8,261,88.7,1.426421046257019,0.030497678020915325
TOKYOTECH_s09,8,262,88.73333333333333,1.1769115924835205,0.088932897827965
TOKYOTECH_s09,8,263,88.76666666666667,0.7952476739883423,0.15360925244867074
TOKYOTECH_s09,8,264,88.8,0.49480393528938293,0.21534101183158771
TOKYOTECH_s09,8,265,88.83333333333333,-0.0853588804602623,0.260394951421913
TOKYOTECH_s09,8,266,88.86666666666666,-0.15416976809501648,0.2737553315087002
TOKYOTECH_s09,8,267,88.9,-0.08696090430021286,0.2434267686372811
TOKYOTECH_s09,8,268,88.93333333333334,-0.13263140618801117,0.16449910819084826
TOKYOTECH_s09,8,269,88.96666666666667,-0.3103293180465698,0.04167708747497302
TOKYOTECH_s09,8,270,89.0,-0.47594842314720154,-0.1096391195161408
TOKYOTECH_s09,8,271,89.03333333333333,-0.5398769378662109,-0.2624209995635876
TOKYOTECH_s09,8,272,89.06666666666666,-0.7212620377540588,-0.38014100855041705
TOKYOTECH_s09,8,273,89.1,-0.88126140832901,-0.42818998726040824
TOKYOTECH_s09,8,274,89.13333333333334,-1.025698184967041,-0.3896740662415772
TOKYOTECH_s09,8,275,89.16666666666667,-0.45242661237716675,-0.27060721740524046
TOKYOTECH_s09,8,276,89.2,0.44125044345855713,-0.09298981896700495
TOKYOTECH_s09,8,277,89.23333333333333,1.360992193222046,0.1120241674498356
TOKYOTECH_s09,8,278,89.26666666666667,1.694976806640625,0.30693903085025087
TOKYOTECH_s09,8,279,89.3,1.4798219203948975,0.4520166800740995
TOKYOTECH_s09,8,280,89.33333333333333,1.5762996673583984,0.512874270073654
TOKYOTECH_s09,8,281,89.36666666666666,1.3985254764556885,0.4697724689870148
TOKYOTECH_s09,8,282,89.4,0.6974222660064697,0.32710014468944104
TOKYOTECH_s09,8,283,89.43333333333334,0.2748938798904419,0.12189757299370033
TOKYOTECH_s09,8,284,89.46666666666667,0.3841877579689026,-0.07899397459936597
TOKYOTECH_s09,8,285,89.5,0.15647098422050476,-0.2098051280205954
TOKYOTECH_s09,8,286,89.53333333333333,-0.1603490263223648,-0.2476278603139324
TOKYOTECH_s09,8,287,89.56666666666666,-0.16197647154331207,-0.21836403195418255
TOKYOTECH_s09,8,288,89.6,-0.23854321241378784,-0.16403053209608004
TOKYOTECH_s09,8,289,89.63333333333334,-0.5681285858154297,-0.1132148961798366
TOKYOTECH_s09,8,290,89.66666666666667,-0.6539514660835266,-0.07454763310815832
TOKYOTECH_s09,8,291,89.7,-0.648357093334198,-0.0460578268556502
TOKYOTECH_s09,8,292,89.73333333333333,-1.0345728397369385,-0.02786564613124699
TOKYOTECH_s09,8,293,89.76666666666667,-0.9803582429885864,-0.02393557708446672
TOKYOTECH_s09,8,294,89.8,-0.49784281849861145,-0.03363234073488061
TOKYOTECH_s09,8,295,89.83333333333333,0.40948960185050964,-0.048484011906518736
TOKYOTECH_s09,8,296,89.86666666666666,1.3316471576690674,-0.05791668961606861
TOKYOTECH_s09,8,297,89.9,1.3320540189743042,-0.055002016751783345
TOKYOTECH_s09,8,298,89.93333333333334,1.3840054273605347,-0.03809849229634375
TOKYOTECH_s09,8,299,89.96666666666667,1.4763636589050293,-0.01018518102051041
TOKYOTECH_s09,9,0,90.0,1.052843451499939,-0.07462766861239081
TOKYOTECH_s09,9,1,90.03333333333333,0.7088398933410645,-0.9143021509478759
TOKYOTECH_s09,9,2,90.06666666666666,0.3599284589290619,-1.6627957223699001
TOKYOTECH_s09,9,3,90.1,0.029758239164948463,-2.240057783047467
TOKYOTECH_s09,9,4,90.13333333333334,0.1279904991388321,-2.5918091255333926
TOKYOTECH_s09,9,5,90.16666666666667,-0.03806092217564583,-2.7028907493958507
TOKYOTECH_s09,9,6,90.2,-0.46015700697898865,-2.5979548465517075
TOKYOTECH_s09,9,7,90.23333333333333,-0.5590758323669434,-2.324476425944167
TOKYOTECH_s09,9,8,90.26666666666667,-0.8958067893981934,-1.9288839857227167
TOKYOTECH_s09,9,9,90.3,-0.971585214138031,-1.4497161945955614
TOKYOTECH_s09,9,10,90.33333333333333,-1.0000402927398682,-0.927374059135016
TOKYOTECH_s09,9,11,90.36666666666666,-1.3240821361541748,-0.4061637941865687
TOKYOTECH_s09,9,12,90.4,-0.9979042410850525,0.07609618660328238
TOKYOTECH_s09,9,13,90.43333333333334,-0.10183687508106232,0.49463874678219316
TOKYOTECH_s09,9,14,90.46666666666667,0.5826103091239929,0.835062696455419
TOKYOTECH_s09,9,15,90.5,1.0295759439468384,1.0883339886250267
TOKYOTECH_s09,9,16,90.53333333333333,1.1964410543441772,1.2485231762571554
TOKYOTECH_s09,9,17,90.56666666666666,0.9685971736907959,1.31504065543979
TOKYOTECH_s09,9,18,90.6,0.781261682510376,1.29566706592771
TOKYOTECH_s09,9,19,90.63333333333334,0.5622670650482178,1.2023370394438881
TOKYOTECH_s09,9,20,90.66666666666667,-0.12159521132707596,1.0420292539919007
TOKYOTECH_s09,9,21,90.7,-0.40362831950187683,0.8149430634390261
TOKYOTECH_s09,9,22,90.73333333333333,-0.35627952218055725,0.5236069893429961
TOKYOTECH_s09,9,23,90.76666666666667,-0.18059051036834717,0.18688945781149793
TOKYOTECH_s09,9,24,90.8,-0.1252569854259491,-0.15152651206044937
TOKYOTECH_s09,9,25,90.83333333333333,-0.4322105348110199,-0.43234039915629263
TOKYOTECH_s09,9,26,90.86666666666666,-0.4905700981616974,-0.6049421598541486
TOKYOTECH_s09,9,27,90.9,-0.8726409673690796,-0.6499761059924481
TOKYOTECH_s09,9,28,90.93333333333334,-0.9658637046813965,-0.5864148542363606
TOKYOTECH_s09,9,29,90.96666666666667,-1.0751830339431763,-0.45592572846584273
TOKYOTECH_s09,9,30,91.0,-0.7250255346298218,-0.29584098906004985
TOKYOTECH_s09,9,31,91.03333333333333,0.0906861424446106,-0.1276216375092436
TOKYOTECH_s09,9,32,91.06666666666666,0.975284993648529,0.03522262068031656
TOKYOTECH_s09,9,33,91.1,1.5860897302627563,0.17945572038667607
TOKYOTECH_s09,9,34,91.13333333333334,1.390184760093689,0.2924256605910133
TOKYOTECH_s09,9,35,91.16666666666667,1.3639674186706543,0.36400793969014494
TOKYOTECH_s09,9,36,91.2,1.2046546936035156,0.3871391493937731
TOKYOTECH_s09,9,37,91.23333333333333,0.7054069638252258,0.35814873292487537
TOKYOTECH_s09,9,38,91.26666666666667,0.46589115262031555,0.2772674768764919
TOKYOTECH_s09,9,39,91.3,0.1898084133863449,0.14872610857298665
TOKYOTECH_s09,9,40,91.33333333333333,0.03123312257230282,-0.018966692552201438
TOKYOTECH_s09,9,41,91.36666666666666,-0.07022861391305923,-0.21100674564925875
TOKYOTECH_s09,9,42,91.4,-0.389667809009552,-0.4035086607783152
TOKYOTECH_s09,9,43,91.43333333333334,-0.46867573261260986,-0.5632588374694137
TOKYOTECH_s09,9,44,91.46666666666667,-0.6736589670181274,-0.6539675678183192
TOKYOTECH_s09,9,45,91.5,-0.7181597352027893,-0.6523493273998733
TOKYOTECH_s09,9,46,91.53333333333333,-0.7276447415351868,-0.5637785320055256
TOKYOTECH_s09,9,47,91.56666666666666,-0.8707591891288757,-0.41628024651470524
TOKYOTECH_s09,9,48,91.6,-0.9246686697006226,-0.23734813434785595
TOKYOTECH_s09,9,49,91.63333333333334,-0.5624579191207886,-0.04263675531724291
TOKYOTECH_s09,9,50,91.66666666666667,0.46619629859924316,0.15684772776493658
TOKYOTECH_s09,9,51,91.7,1.0875540971755981,0.3464855233866269
TOKYOTECH_s09,9,52,91.73333333333333,1.4336682558059692,0.5082076700709867
TOKYOTECH_s09,9,53,91.76666666666667,1.5472087860107422,0.6279406195888791
TOKYOTECH_s09,9,54,91.8,1.2109102010726929,0.7018409473288505
TOKYOTECH_s09,9,55,91.83333333333333,1.0758566856384277,0.7279557594251123
TOKYOTECH_s09,9,56,91.86666666666666,0.5778042078018188,0.6917789487916314
TOKYOTECH_s09,9,57,91.9,0.14914743602275848,0.5736340136689809
TOKYOTECH_s09,9,58,91.93333333333334,0.09226273745298386,0.37441110911189335
TOKYOTECH_s09,9,59,91.96666666666667,-0.19572076201438904,0.12555203910590712
TOKYOTECH_s09,9,60,92.0,-0.16317163407802582,-0.1258184461377287
TOKYOTECH_s09,9,61,92.03333333333333,-0.34852367639541626,-0.3382153729656177
TOKYOTECH_s09,9,62,92.06666666666666,-0.4755924344062805,-0.4892165613361563
TOKYOTECH_s09,9,63,92.1,-0.6662845611572266,-0.5743713761676519
TOKYOTECH_s09,9,64,92.13333333333334,-0.9241855144500732,-0.5952196177052654
TOKYOTECH_s09,9,65,92.16666666666667,-1.080523133277893,-0.5491593402987328
TOKYOTECH_s09,9,66,92.2,-1.2293590307235718,-0.4295722629542989
TOKYOTECH_s09,9,67,92.23333333333333,-1.0292582511901855,-0.23802876235230655
TOKYOTECH_s09,9,68,92.26666666666667,-0.41799572110176086,0.0012997438108973969
TOKYOTECH_s09,9,69,92.3,0.6337226033210754,0.24394825481169818
TOKYOTECH_s09,9,70,92.33333333333333,0.9690549373626709,0.44365261127667777
TOKYOTECH_s09,9,71,92.36666666666666,0.8700343370437622,0.5671264551505997
TOKYOTECH_s09,9,72,92.4,1.0315594673156738,0.5970968226404938
TOKYOTECH_s09,9,73,92.43333333333334,0.7931116223335266,0.5293888618279327
TOKYOTECH_s09,9,74,92.46666666666667,0.26357796788215637,0.36932012105048473
TOKYOTECH_s09,9,75,92.5,0.07255525887012482,0.13055636007363797
TOKYOTECH_s09,9,76,92.53333333333333,-0.09774280339479446,-0.16317769504021198
TOKYOTECH_s09,9,77,92.56666666666666,-0.41710570454597473,-0.47597177810025754
TOKYOTECH_s09,9,78,92.6,-0.3945501744747162,-0.7609554780525166
TOKYOTECH_s09,9,79,92.63333333333334,-0.4490699768066406,-0.9688623726583766
TOKYOTECH_s09,9,80,92.66666666666667,-0.7652034163475037,-1.0613141833874504
TOKYOTECH_s09,9,81,92.7,-0.88805091381073,-1.0200690161330184
TOKYOTECH_s09,9,82,92.73333333333333,-1.1679733991622925,-0.8476039021325859
TOKYOTECH_s09,9,83,92.76666666666667,-1.316860318183899,-0.5596238606957742
TOKYOTECH_s09,9,84,92.8,-1.2790218591690063,-0.1776223115645128
TOKYOTECH_s09,9,85,92.83333333333333,-1.0647571086883545,0.265163979254979
TOKYOTECH_s09,9,86,92.86666666666666,0.037793803960084915,0.7116490794508687
TOKYOTECH_s09,9,87,92.9,0.8461819291114807,1.0884034796831499
TOKYOTECH_s09,9,88,92.93333333333334,1.1130340099334717,1.331655386369853
TOKYOTECH_s09,9,89,92.96666666666667,1.2637516260147095,1.4038322657190094
TOKYOTECH_s09,9,90,93.0,1.1955002546310425,1.2927219197852426
TOKYOTECH_s09,9,91,93.03333333333333,0.7178162932395935,1.0071936983266712
TOKYOTECH_s09,9,92,93.06666666666666,0.4400298297405243,0.5785588076655996
TOKYOTECH_s09,9,93,93.1,0.2265787571668625,0.06898474256183866
TOKYOTECH_s09,9,94,93.13333333333334,-0.11762828379869461,-0.4256352611736429
TOKYOTECH_s09,9,95,93.16666666666667,-0.13405542075634003,-0.8012538963750648
TOKYOTECH_s09,9,96,93.2,-0.02349010296165943,-0.9900681844659904
TOKYOTECH_s09,9,97,93.23333333333333,-0.33181682229042053,-0.9835478086777492
TOKYOTECH_s09,9,98,93.26666666666667,-0.4188094437122345,-0.8217766347315196
TOKYOTECH_s09,9,99,93.3,-0.3448110520839691,-0.5676111875852502
TOKYOTECH_s09,9,100,93.33333333333333,-0.5320193767547607,-0.28216131671391204
TOKYOTECH_s09,9,101,93.36666666666666,-0.6937733292579651,-0.011950745494783192
TOKYOTECH_s09,9,102,93.4,-0.5244669914245605,0.21156999717841446
TOKYOTECH_s09,9,103,93.43333333333334,-0.3038703501224518,0.3687578555613414
TOKYOTECH_s09,9,104,93.46666666666667,0.4194832146167755,0.4502698443100272
TOKYOTECH_s09,9,105,93.5,1.4392372369766235,0.4581190936757848
TOKYOTECH_s09,9,106,93.53333333333333,1.6554855108261108,0.40671230493483407
TOKYOTECH_s09,9,107,93.56666666666666,1.515905737876892,0.3187265883729465
TOKYOTECH_s09,9,108,93.6,1.6349897384643555,0.21614988959830864
TOKYOTECH_s09,9,109,93.63333333333334,1.348150610923767,0.11237894870848349
TOKYOTECH_s09,9,110,93.66666666666667,0.7941033244132996,0.010189592588017797
TOKYOTECH_s09,9,111,93.7,0.715425968170166,-0.09189275333182108
TOKYOTECH_s09,9,112,93.73333333333333,0.4185931980609894,-0.1905175843483897
TOKYOTECH_s09,9,113,93.76666666666667,0.44694653153419495,-0.27809593028067325
TOKYOTECH_s09,9,114,93.8,0.34299275279045105,-0.35182891895699603
TOKYOTECH_s09,9,115,93.83333333333333,0.19397877156734467,-0.4167528953311306
TOKYOTECH_s09,9,116,93.86666666666666,0.047711119055747986,-0.47879285474435945
TOKYOTECH_s09,9,117,93.9,-0.3045314848423004,-0.5354140857414145
TOKYOTECH_s09,9,118,93.93333333333334,-0.4167242646217346,-0.5711095156649073
TOKYOTECH_s09,9,119,93.96666666666667,-0.7072506546974182,-0.5626931179615055
TOKYOTECH_s09,9,120,94.0,-0.694892168045044,-0.4914880116491543
TOKYOTECH_s09,9,121,94.03333333333333,-0.6920441389083862,-0.3523204900819726
TOKYOTECH_s09,9,122,94.06666666666666,0.12437957525253296,-0.15483103608105656
TOKYOTECH_s09,9,123,94.1,0.9556538462638855,0.08075787754681912
TOKYOTECH_s09,9,124,94.13333333333334,1.3055824041366577,0.32976629555489206
TOKYOTECH_s09,9,125,94.16666666666667,1.4195297956466675,0.5669133338813848
TOKYOTECH_s09,9,126,94.2,1.1237903833389282,0.7669524351507381
TOKYOTECH_s09,9,127,94.23333333333333,0.9145860075950623,0.9044767207178943
TOKYOTECH_s09,9,128,94.26666666666667,0.6582361459732056,0.955787960586571
TOKYOTECH_s09,9,129,94.3,0.08231999725103378,0.9052999827689524
TOKYOTECH_s09,9,130,94.33333333333333,0.006439839489758015,0.7534393183353806
TOKYOTECH_s09,9,131,94.36666666666666,0.020120644941926003,0.5181932641171654
TOKYOTECH_s09,9,132,94.4,-0.24487504363059998,0.22947437612159746
TOKYOTECH_s09,9,133,94.43333333333334,-0.22521841526031494,-0.0773197763463907
TOKYOTECH_s09,9,134,94.46666666666667,-0.2967756390571594,-0.36515792546937087
TOKYOTECH_s09,9,135,94.5,-0.7101495862007141,-0.5970526522719404
TOKYOTECH_s09,9,136,94.53333333333333,-0.7972185015678406,-0.7386335332724135
TOKYOTECH_s09,9,137,94.56666666666666,-1.085151195526123,-0.7662663640991393
TOKYOTECH_s09,9,138,94.6,-1.4310619831085205,-0.6773279069845599
TOKYOTECH_s09,9,139,94.63333333333334,-1.2455828189849854,-0.49193706320079184
TOKYOTECH_s09,9,140,94.66666666666667,-0.5491839647293091,-0.2444787884495359
TOKYOTECH_s09,9,141,94.7,0.461161345243454,0.027241551422422693
TOKYOTECH_s09,9,142,94.73333333333333,1.1515588760375977,0.28860844695079785
TOKYOTECH_s09,9,143,94.76666666666667,0.9483811259269714,0.5068619368972026
TOKYOTECH_s09,9,144,94.8,0.787517249584198,0.6466782825352622
TOKYOTECH_s09,9,145,94.83333333333333,0.8618716597557068,0.6745892752971313
TOKYOTECH_s09,9,146,94.86666666666666,0.5464756488800049,0.5723580590798468
TOKYOTECH_s09,9,147,94.9,-0.06453251838684082,0.34738889362823133
TOKYOTECH_s09,9,148,94.93333333333334,-0.08474858105182648,0.03388335894066423
TOKYOTECH_s09,9,149,94.96666666666667,0.13691607117652893,-0.31435720907002046
TOKYOTECH_s09,9,150,95.0,-0.08345170319080353,-0.6366835530109572
TOKYOTECH_s09,9,151,95.03333333333333,-0.3042009174823761,-0.8797922414478742
TOKYOTECH_s09,9,152,95.06666666666666,-0.17530126869678497,-1.007797612769381
TOKYOTECH_s09,9,153,95.1,-0.08215482532978058,-1.0023278616973414
TOKYOTECH_s09,9,154,95.13333333333334,-0.3196108937263489,-0.8571091646235794
TOKYOTECH_s09,9,155,95.16666666666667,-0.7372314929962158,-0.5803680664468546
TOKYOTECH_s09,9,156,95.2,-0.9551072120666504,-0.20287310064850472
TOKYOTECH_s09,9,157,95.23333333333333,-0.5068955421447754,0.22546207082818692
TOKYOTECH_s09,9,158,95.26666666666667,0.48381859064102173,0.6501433607422951
TOKYOTECH_s09,9,159,95.3,1.2021372318267822,1.0201551398053421
TOKYOTECH_s09,9,160,95.33333333333333,1.3441327810287476,1.286543099242081
TOKYOTECH_s09,9,161,95.36666666666666,1.1373186111450195,1.4038839323412577
TOKYOTECH_s09,9,162,95.4,1.1111267805099487,1.3390636864935104
TOKYOTECH_s09,9,163,95.43333333333334,1.0722204446792603,1.0823497517493637
TOKYOTECH_s09,9,164,95.46666666666667,0.7139511108398438,0.6571380252299616
TOKYOTECH_s09,9,165,95.5,0.3902907073497772,0.12678927375090054
TOKYOTECH_s09,9,166,95.53333333333333,0.12366756051778793,-0.41010673018377636
TOKYOTECH_s09,9,167,95.56666666666666,-0.12118835002183914,-0.8492850586778274
TOKYOTECH_s09,9,168,95.6,0.014729696325957775,-1.122292596163632
TOKYOTECH_s09,9,169,95.63333333333334,-0.16126446425914764,-1.2136981680358445
TOKYOTECH_s09,9,170,95.66666666666667,-0.5598641633987427,-1.1474984684364768
TOKYOTECH_s09,9,171,95.7,-0.6716246604919434,-0.9671962823880393
TOKYOTECH_s09,9,172,95.73333333333333,-0.5078364014625549,-0.7222529518381955
TOKYOTECH_s09,9,173,95.76666666666667,-0.8585786819458008,-0.4586625685073301
TOKYOTECH_s09,9,174,95.8,-1.0754880905151367,-0.2121611078298776
TOKYOTECH_s09,9,175,95.83333333333333,-0.7270599007606506,-0.004314406883937166
TOKYOTECH_s09,9,176,95.86666666666666,0.09572108089923859,0.15793715579067472
TOKYOTECH_s09,9,177,95.9,0.7123745083808899,0.2783961022948778
TOKYOTECH_s09,9,178,95.93333333333334,0.9390740990638733,0.36455501486103203
TOKYOTECH_s09,9,179,95.96666666666667,1.035780668258667,0.42043137300768013
TOKYOTECH_s09,9,180,96.0,0.9727421402931213,0.44370733141867735
TOKYOTECH_s09,9,181,96.03333333333333,0.8146753907203674,0.4318571111178435
TOKYOTECH_s09,9,182,96.06666666666666,0.5394572615623474,0.3927395188475985
TOKYOTECH_s09,9,183,96.1,0.04242188483476639,0.347099720048487
TOKYOTECH_s09,9,184,96.13333333333334,-0.328917920589447,0.31900857643663044
TOKYOTECH_s09,9,185,96.16666666666667,-0.46514108777046204,0.32003370789806257
TOKYOTECH_s09,9,186,96.2,-0.4778555929660797,0.33822755476704097
TOKYOTECH_s09,9,187,96.23333333333333,-0.4906209707260132,0.3454393781011406
TOKYOTECH_s09,9,188,96.26666666666667,-0.7992274165153503,0.31815869633863675
TOKYOTECH_s09,9,189,96.3,-1.1777890920639038,0.25001510554968726
TOKYOTECH_s09,9,190,96.33333333333333,-1.4137701988220215,0.14903322044072168
TOKYOTECH_s09,9,191,96.36666666666666,-1.4596949815750122,0.029363788887769093
TOKYOTECH_s09,9,192,96.4,-1.3739992380142212,-0.09505125550954717
TOKYOTECH_s09,9,193,96.43333333333334,-1.2879729270935059,-0.21173787990392853
TOKYOTECH_s09,9,194,96.46666666666667,-0.5601184368133545,-0.3077066361978784
TOKYOTECH_s09,9,195,96.5,0.4482688307762146,-0.37036395942600375
TOKYOTECH_s09,9,196,96.53333333333333,1.040713906288147,-0.3928398522905443
TOKYOTECH_s09,9,197,96.56666666666666,1.118577480316162,-0.3800912463818055
TOKYOTECH_s09,9,198,96.6,0.8104796409606934,-0.35050299183660316
TOKYOTECH_s09,9,199,96.63333333333334,0.3839080333709717,-0.32751072872900366
TOKYOTECH_s09,9,200,96.66666666666667,0.15303806960582733,-0.3255342274964678
TOKYOTECH_s09,9,201,96.7,-0.07040662318468094,-0.34327799352049887
TOKYOTECH_s09,9,202,96.73333333333333,-0.31376221776008606,-0.3678842004013009
TOKYOTECH_s09,9,203,96.76666666666667,-0.46554797887802124,-0.3830370931133352
TOKYOTECH_s09,9,204,96.8,-0.24945226311683655,-0.3754281831344117
TOKYOTECH_s09,9,205,96.83333333333333,-0.293241024017334,-0.33674351341159114
TOKYOTECH_s09,9,206,96.86666666666666,-0.5974227786064148,-0.26221930511497277
TOKYOTECH_s09,9,207,96.9,-0.5436912775039673,-0.1502526518894973
TOKYOTECH_s09,9,208,96.93333333333334,-0.43892380595207214,-0.004127253796826675
TOKYOTECH_s09,9,209,96.96666666666667,-0.6549686193466187,0.16683654352888988
TOKYOTECH_s09,9,210,97.0,-0.7734678387641907,0.348065717542504
TOKYOTECH_s09,9,211,97.03333333333333,-0.20612123608589172,0.5220882260734997
TOKYOTECH_s09,9,212,97.06666666666666,0.9379298090934753,0.6716825597019642
TOKYOTECH_s09,9,213,97.1,1.585021734237671,0.7827868361791935
TOKYOTECH_s09,9,214,97.13333333333334,1.766178011894226,0.8458295430535717
TOKYOTECH_s09,9,215,97.16666666666667,1.7869789600372314,0.8541535420879431
TOKYOTECH_s09,9,216,97.2,1.5880732536315918,0.8014597399884955
TOKYOTECH_s09,9,217,97.23333333333333,1.4266753196716309,0.6829082106887476
TOKYOTECH_s09,9,218,97.26666666666667,1.077255368232727,0.4996799485041589
TOKYOTECH_s09,9,219,97.3,0.7439573407173157,0.2619826450183983
TOKYOTECH_s09,9,220,97.33333333333333,0.3902907073497772,-0.01047387774902974
TOKYOTECH_s09,9,221,97.36666666666666,0.2612639367580414,-0.28731068464339765
TOKYOTECH_s09,9,222,97.4,0.4966348111629486,-0.5280545139298961
TOKYOTECH_s09,9,223,97.43333333333334,0.4434627592563629,-0.6918198726469357
TOKYOTECH_s09,9,224,97.46666666666667,0.13241514563560486,-0.7530399117847292
TOKYOTECH_s09,9,225,97.5,-0.20207801461219788,-0.7103015185894334
TOKYOTECH_s09,9,226,97.53333333333333,-0.4585295617580414,-0.5836409484696363
TOKYOTECH_s09,9,227,97.56666666666666,-0.4182754456996918,-0.4050556622552868
TOKYOTECH_s09,9,228,97.6,-0.37212178111076355,-0.20817727656309512
TOKYOTECH_s09,9,229,97.63333333333334,-0.20164573192596436,-0.022745429459161
TOKYOTECH_s09,9,230,97.66666666666667,0.390036404132843,0.12604157879610597
TOKYOTECH_s09,9,231,97.7,1.165671944618225,0.21855043340472238
TOKYOTECH_s09,9,232,97.73333333333333,1.7001897096633911,0.24354332492650474
TOKYOTECH_s09,9,233,97.76666666666667,1.932204008102417,0.19993007495305418
TOKYOTECH_s09,9,234,97.8,1.9108436107635498,0.0967049954354191
TOKYOTECH_s09,9,235,97.83333333333333,1.6060515642166138,-0.04735353325733675
TOKYOTECH_s09,9,236,97.86666666666666,0.9736575484275818,-0.20521638639655854
TOKYOTECH_s09,9,237,97.9,0.5154014229774475,-0.3476014330130805
TOKYOTECH_s09,9,238,97.93333333333334,0.2057524025440216,-0.4512966766935789
TOKYOTECH_s09,9,239,97.96666666666667,0.23003710806369781,-0.5027211969693876
TOKYOTECH_s09,9,240,98.0,0.24915970861911774,-0.4956746170046124
TOKYOTECH_s09,9,241,98.03333333333333,-0.1865409016609192,-0.4284532321535654
TOKYOTECH_s09,9,242,98.06666666666666,-0.5539137721061707,-0.3035259174977676
TOKYOTECH_s09,9,243,98.1,-0.6633093357086182,-0.13007781800036725
TOKYOTECH_s09,9,244,98.13333333333334,-0.6102390289306641,0.07324461671088442
TOKYOTECH_s09,9,245,98.16666666666667,-0.8666651248931885,0.28027736432666034
TOKYOTECH_s09,9,246,98.2,-1.183129072189331,0.46416805631114966
TOKYOTECH_s09,9,247,98.23333333333333,-0.9780950546264648,0.6044450401721206
TOKYOTECH_s09,9,248,98.26666666666667,0.13274571299552917,0.6905201786552315
TOKYOTECH_s09,9,249,98.3,1.1985516548156738,0.7195793766786438
TOKYOTECH_s09,9,250,98.33333333333333,1.4042723178863525,0.6919267923882322
TOKYOTECH_s09,9,251,98.36666666666666,1.155678391456604,0.6110632003458988
TOKYOTECH_s09,9,252,98.4,0.9770141839981079,0.4876560618934758
TOKYOTECH_s09,9,253,98.43333333333334,0.5496288537979126,0.33871521823371015
TOKYOTECH_s09,9,254,98.46666666666667,0.08588005602359772,0.18075240851316846
TOKYOTECH_s09,9,255,98.5,-0.0346280075609684,0.023610868412408476
TOKYOTECH_s09,9,256,98.53333333333333,-0.07086434215307236,-0.12992042830237102
TOKYOTECH_s09,9,257,98.56666666666666,-0.2375260591506958,-0.2765628534995389
TOKYOTECH_s09,9,258,98.6,-0.4185042977333069,-0.4036772528099636
TOKYOTECH_s09,9,259,98.63333333333334,-0.20914728939533234,-0.4926248614461007
TOKYOTECH_s09,9,260,98.66666666666667,-0.31053274869918823,-0.5324818374477135
TOKYOTECH_s09,9,261,98.7,-0.7098444104194641,-0.5272507431467474
TOKYOTECH_s09,9,262,98.73333333333333,-0.7150828242301941,-0.49056479469110087
TOKYOTECH_s09,9,263,98.76666666666667,-0.7072252631187439,-0.43436102757750095
TOKYOTECH_s09,9,264,98.8,-1.0109493732452393,-0.3600190400824065
TOKYOTECH_s09,9,265,98.83333333333333,-0.5288407802581787,-0.2602444223557807
TOKYOTECH_s09,9,266,98.86666666666666,0.7662331461906433,-0.13010241029989558
TOKYOTECH_s09,9,267,98.9,1.6665725708007812,0.023838016336153796
TOKYOTECH_s09,9,268,98.93333333333334,1.73106050491333,0.1821273780955487
TOKYOTECH_s09,9,269,98.96666666666667,1.7205584049224854,0.31807733888855566
TOKYOTECH_s09,9,270,99.0,1.4640305042266846,0.4071370816373237
TOKYOTECH_s09,9,271,99.03333333333333,0.9950433373451233,0.4350002932736633
TOKYOTECH_s09,9,272,99.06666666666666,0.540398120880127,0.4004309216134949
TOKYOTECH_s09,9,273,99.1,0.3580212891101837,0.3107146273968739
TOKYOTECH_s09,9,274,99.13333333333334,0.41521114110946655,0.1745391905158546
TOKYOTECH_s09,9,275,99.16666666666667,0.4322485625743866,0.002646144882331414
TOKYOTECH_s09,9,276,99.2,0.09551765024662018,-0.18394481031674706
TOKYOTECH_s09,9,277,99.23333333333333,-0.24713821709156036,-0.34886476522299864
TOKYOTECH_s09,9,278,99.26666666666667,-0.4752364158630371,-0.4464399828916124
TOKYOTECH_s09,9,279,99.3,-0.3469470739364624,-0.4416891087138939
TOKYOTECH_s09,9,280,99.33333333333333,-0.3067183792591095,-0.3323580302112815
TOKYOTECH_s09,9,281,99.36666666666666,-0.5272641777992249,-0.1492698610551098
TOKYOTECH_s09,9,282,99.4,-0.6248607039451599,0.06444315390316947
TOKYOTECH_s09,9,283,99.43333333333334,-0.37708044052124023,0.27057772415366976
TOKYOTECH_s09,9,284,99.46666666666667,0.4669337272644043,0.4400998385094941
TOKYOTECH_s09,9,285,99.5,1.2561484575271606,0.5523725896898892
TOKYOTECH_s09,9,286,99.53333333333333,1.6514678001403809,0.5948280571132031
TOKYOTECH_s09,9,287,99.56666666666666,1.7680089473724365,0.5642606633897576
TOKYOTECH_s09,9,288,99.6,1.5998214483261108,0.46765207732320746
TOKYOTECH_s09,9,289,99.63333333333334,1.3847683668136597,0.3178256817080939
TOKYOTECH_s09,9,290,99.66666666666667,0.825508177280426,0.1262401511589219
TOKYOTECH_s09,9,291,99.7,0.16692230105400085,-0.09829546585706006
TOKYOTECH_s09,9,292,99.73333333333333,-0.10069257020950317,-0.3430685508648104
TOKYOTECH_s09,9,293,99.76666666666667,-0.25235116481781006,-0.5826134887491456
TOKYOTECH_s09,9,294,99.8,-0.373494952917099,-0.7757676841230985
TOKYOTECH_s09,9,295,99.83333333333333,-0.38313254714012146,-0.8772571732165203
TOKYOTECH_s09,9,296,99.86666666666666,-0.6415929794311523,-0.8584891626848395
TOKYOTECH_s09,9,297,99.9,-0.9873003363609314,-0.7194782117138759
TOKYOTECH_s09,9,298,99.93333333333334,-1.4930578470230103,-0.48617678784391244
TOKYOTECH_s09,9,299,99.96666666666667,-1.721588373184204,-0.20111693860317395
TOKYOTECH_s09,10,0,100.0,-1.6606858968734741,-0.06560992762033885
TOKYOTECH_s09,10,1,100.03333333333333,-1.2858877182006836,-0.463089244784718
TOKYOTECH_s09,10,2,100.06666666666666,-0.6256744265556335,-0.7917592726529195
TOKYOTECH_s09,10,3,100.1,0.07369956374168396,-0.9991749609799571
TOKYOTECH_s09,10,4,100.13333333333334,0.480817973613739,-1.0620608508451646
TOKYOTECH_s09,10,5,100.16666666666667,0.505738377571106,-0.9908920977576867
TOKYOTECH_s09,10,6,100.2,0.36938807368278503,-0.821331123313934
TOKYOTECH_s09,10,7,100.23333333333333,0.19863227009773254,-0.6019955098847889
TOKYOTECH_s09,10,8,100.26666666666667,-0.04182441532611847,-0.3836396275839596
TOKYOTECH_s09,10,9,100.3,-0.3928718566894531,-0.20936787512341024
TOKYOTECH_s09,10,10,100.33333333333333,-0.4983259439468384,-0.10599937474759114
TOKYOTECH_s09,10,11,100.36666666666666,-0.6522477269172668,-0.07764593252725546
TOKYOTECH_s09,10,12,100.4,-0.9669317007064819,-0.10491704685222307
TOKYOTECH_s09,10,13,100.43333333333334,-0.9752724170684814,-0.15469026067692174
TOKYOTECH_s09,10,14,100.46666666666667,-0.914141058921814,-0.1955306398038955
TOKYOTECH_s09,10,15,100.5,-1.0492453575134277,-0.2051187645747219
TOKYOTECH_s09,10,16,100.53333333333333,-1.462899088859558,-0.16846485043272294
TOKYOTECH_s09,10,17,100.56666666666666,-1.5862298011779785,-0.07814444150229867
TOKYOTECH_s09,10,18,100.6,-1.2285962104797363,0.061356562251748736
TOKYOTECH_s09,10,19,100.63333333333334,-0.49227386713027954,0.23293698646383498
TOKYOTECH_s09,10,20,100.66666666666667,0.3874935209751129,0.41173096888456695
TOKYOTECH_s09,10,21,100.7,1.0614639520645142,0.5709931888427242
TOKYOTECH_s09,10,22,100.73333333333333,1.3484302759170532,0.6869343075260094
TOKYOTECH_s09,10,23,100.76666666666667,1.4172412157058716,0.743262591220104
TOKYOTECH_s09,10,24,100.8,1.2584370374679565,0.7342838903557951
TOKYOTECH_s09,10,25,100.83333333333333,1.021438717842102,0.6636727998895886
TOKYOTECH_s09,10,26,100.86666666666666,0.555070698261261,0.5403438841541699
TOKYOTECH_s09,10,27,100.9,0.1920970231294632,0.3767664653043766
TOKYOTECH_s09,10,28,100.93333333333334,-0.02048947848379612,0.1900458181397238
TOKYOTECH_s09,10,29,100.96666666666667,-0.03434828668832779,0.001047265213329781
TOKYOTECH_s09,10,30,101.0,0.0008454580092802644,-0.1701449902736807
TOKYOTECH_s09,10,31,101.03333333333333,0.04585479944944382,-0.3105258049201495
TOKYOTECH_s09,10,32,101.06666666666666,-0.15844184160232544,-0.4178173627309903
TOKYOTECH_s09,10,33,101.1,-0.5510911345481873,-0.4957193750195643
TOKYOTECH_s09,10,34,101.13333333333334,-0.530468225479126,-0.5435875506827111
TOKYOTECH_s09,10,35,101.16666666666667,-0.7477844953536987,-0.5512643504038176
TOKYOTECH_s09,10,36,101.2,-0.9184894561767578,-0.5043226443944906
TOKYOTECH_s09,10,37,101.23333333333333,0.012364798225462437,-0.3980403439031499
TOKYOTECH_s09,10,38,101.26666666666667,1.1791493892669678,-0.2494902758642615
TOKYOTECH_s09,10,39,101.3,1.5403175354003906,-0.0909966721521034
TOKYOTECH_s09,10,40,101.33333333333333,1.5342146158218384,0.050450636193229884
TOKYOTECH_s09,10,41,101.36666666666666,1.6394144296646118,0.16309459284589733
TOKYOTECH_s09,10,42,101.4,1.504996657371521,0.24340913841324952
TOKYOTECH_s09,10,43,101.43333333333334,0.9663594365119934,0.2860725979437751
TOKYOTECH_s09,10,44,101.46666666666667,0.3950967788696289,0.2800039192303506
TOKYOTECH_s09,10,45,101.5,0.036700356751680374,0.21227857844687337
TOKYOTECH_s09,10,46,101.53333333333333,0.04692281782627106,0.07758512292525081
TOKYOTECH_s09,10,47,101.56666666666666,-0.059370432049036026,-0.11268949493183154
TOKYOTECH_s09,10,48,101.6,-0.30575209856033325,-0.3274050392837169
TOKYOTECH_s09,10,49,101.63333333333334,-0.33789435029029846,-0.5226568005063053
TOKYOTECH_s09,10,50,101.66666666666667,-0.6091964244842529,-0.6559959936165491
TOKYOTECH_s09,10,51,101.7,-0.8604350090026855,-0.698842634860484
TOKYOTECH_s09,10,52,101.73333333333333,-0.8587567210197449,-0.6416027368578194
TOKYOTECH_s09,10,53,101.76666666666667,-0.9550817608833313,-0.49076052448672025
TOKYOTECH_s09,10,54,101.8,-0.7871232032775879,-0.2621927315958194
TOKYOTECH_s09,10,55,101.83333333333333,-0.27938219904899597,0.021320021638689055
TOKYOTECH_s09,10,56,101.86666666666666,0.6635762453079224,0.32856796527450144
TOKYOTECH_s09,10,57,101.9,1.4631150960922241,0.6225322634117993
TOKYOTECH_s09,10,58,101.93333333333334,1.551099419593811,0.8680981199139249
TOKYOTECH_s09,10,59,101.96666666666667,1.1757926940917969,1.0381758501756944
TOKYOTECH_s09,10,60,102.0,0.658439576625824,1.1154658905434318
TOKYOTECH_s09,10,61,102.03333333333333,0.26548513770103455,1.091662726762918
TOKYOTECH_s09,10,62,102.06666666666666,0.044227343052625656,0.9668900339778281
TOKYOTECH_s09,10,63,102.1,-0.18567630648612976,0.7522873290265113
TOKYOTECH_s09,10,64,102.13333333333334,-0.4778047502040863,0.47311680978040827
TOKYOTECH_s09,10,65,102.16666666666667,-0.7302384972572327,0.16494697382839624
TOKYOTECH_s09,10,66,102.2,-0.7417324185371399,-0.1360040551793113
TOKYOTECH_s09,10,67,102.23333333333333,-0.737841784954071,-0.3989427296723639
TOKYOTECH_s09,10,68,102.26666666666667,-0.9200660586357117,-0.598932765016524
TOKYOTECH_s09,10,69,102.3,-1.2545337677001953,-0.7173942667832779
TOKYOTECH_s09,10,70,102.33333333333333,-1.407921552658081,-0.7451302368584457
TOKYOTECH_s09,10,71,102.36666666666666,-1.2584244012832642,-0.6862730507172592
TOKYOTECH_s09,10,72,102.4,-1.1343817710876465,-0.5606530688790083
TOKYOTECH_s09,10,73,102.43333333333334,-0.4319053888320923,-0.40182846237540065
TOKYOTECH_s09,10,74,102.46666666666667,0.8564298152923584,-0.24918072362831392
TOKYOTECH_s09,10,75,102.5,1.3907949924468994,-0.13426317577215663
TOKYOTECH_s09,10,76,102.53333333333333,1.1892192363739014,-0.06789800349687054
TOKYOTECH_s09,10,77,102.56666666666666,0.9953993558883667,-0.03935487656109086
TOKYOTECH_s09,10,78,102.6,0.8535817861557007,-0.028791526050463673
TOKYOTECH_s09,10,79,102.63333333333334,0.5779313445091248,-0.023613265551992696
TOKYOTECH_s09,10,80,102.66666666666667,0.13472917675971985,-0.027147981830995344
TOKYOTECH_s09,10,81,102.7,-0.1653076708316803,-0.04878024603433076
TOKYOTECH_s09,10,82,102.73333333333333,-0.060692738741636276,-0.08494969556112004
TOKYOTECH_s09,10,83,102.76666666666667,0.0829048678278923,-0.11806976435306626
TOKYOTECH_s09,10,84,102.8,0.05523810535669327,-0.13347824413529158
TOKYOTECH_s09,10,85,102.83333333333333,-0.19533933699131012,-0.12762034277524595
TOKYOTECH_s09,10,86,102.86666666666666,-0.42776045203208923,-0.1007938727393509
TOKYOTECH_s09,10,87,102.9,-0.33817407488822937,-0.049722125704261655
TOKYOTECH_s09,10,88,102.93333333333334,-0.3819882571697235,0.03166854432368677
TOKYOTECH_s09,10,89,102.96666666666667,-0.7207534909248352,0.14417835661895104
TOKYOTECH_s09,10,90,103.0,-0.6022034287452698,0.27466317823128766
TOKYOTECH_s09,10,91,103.03333333333333,0.6263735890388489,0.39742986994210977
TOKYOTECH_s09,10,92,103.06666666666666,1.7731709480285645,0.4857285448745463
TOKYOTECH_s09,10,93,103.1,2.120709180831909,0.5226667802034825
TOKYOTECH_s09,10,94,103.13333333333334,1.98021399974823,0.504789329306736
TOKYOTECH_s09,10,95,103.16666666666667,1.6361849308013916,0.43718142404684196
TOKYOTECH_s09,10,96,103.2,1.1606370210647583,0.3253846964676449
TOKYOTECH_s09,10,97,103.23333333333333,0.5595716238021851,0.17434883958404476
TOKYOTECH_s09,10,98,103.26666666666667,0.19021527469158173,-0.0053930277729993216
TOKYOTECH_s09,10,99,103.3,0.2725035548210144,-0.19418298513723806
TOKYOTECH_s09,10,100,103.33333333333333,0.39321503043174744,-0.366260315687985
TOKYOTECH_s09,10,101,103.36666666666666,0.17811106145381927,-0.49624235051162935
TOKYOTECH_s09,10,102,103.4,0.03929411619901657,-0.5657626162186653
TOKYOTECH_s09,10,103,103.43333333333334,0.09045728296041489,-0.5675505367587016
TOKYOTECH_s09,10,104,103.46666666666667,-0.00930071622133255,-0.505055372189358
TOKYOTECH_s09,10,105,103.5,-0.39126983284950256,-0.3869711475740762
TOKYOTECH_s09,10,106,103.53333333333333,-0.839634120464325,-0.22092068585745742
TOKYOTECH_s09,10,107,103.56666666666666,-0.9868934750556946,-0.014331989214637268
TOKYOTECH_s09,10,108,103.6,-0.940536379814148,0.21865562988172496
TOKYOTECH_s09,10,109,103.63333333333334,-0.519432008266449,0.45428347649547984
TOKYOTECH_s09,10,110,103.66666666666667,0.4411487281322479,0.6633736552405813
TOKYOTECH_s09,10,111,103.7,1.1522455215454102,0.8179702509728968
TOKYOTECH_s09,10,112,103.73333333333333,1.3382078409194946,0.8952976021526204
TOKYOTECH_s09,10,113,103.76666666666667,1.3433953523635864,0.8748524852071995
TOKYOTECH_s09,10,114,103.8,1.129740834236145,0.7346754261220458
TOKYOTECH_s09,10,115,103.83333333333333,0.6204231977462769,0.4612403917628801
TOKYOTECH_s09,10,116,103.86666666666666,-0.08736776560544968,0.07023689007902009
TOKYOTECH_s09,10,117,103.9,-0.6031951904296875,-0.3812618536832741
TOKYOTECH_s09,10,118,103.93333333333334,-0.7553623914718628,-0.803300828996979
TOKYOTECH_s09,10,119,103.96666666666667,-0.748572826385498,-1.1034782209142247
TOKYOTECH_s09,10,120,104.0,-0.7776635885238647,-1.2254364463993999
TOKYOTECH_s09,10,121,104.03333333333333,-1.0341659784317017,-1.1694662323067875
TOKYOTECH_s09,10,122,104.06666666666666,-1.3802547454833984,-0.9839028244233305
TOKYOTECH_s09,10,123,104.1,-1.4705023765563965,-0.7333405098170732
TOKYOTECH_s09,10,124,104.13333333333334,-1.4020220041275024,-0.4641790928834674
TOKYOTECH_s09,10,125,104.16666666666667,-1.4390721321105957,-0.1973325484097223
TOKYOTECH_s09,10,126,104.2,-1.5782959461212158,0.05368591260659523
TOKYOTECH_s09,10,127,104.23333333333333,-1.1588698625564575,0.27175504337525686
TOKYOTECH_s09,10,128,104.26666666666667,0.007202710025012493,0.4420783277195292
TOKYOTECH_s09,10,129,104.3,0.9772430658340454,0.5596630242605793
TOKYOTECH_s09,10,130,104.33333333333333,1.2927662134170532,0.6290793761042324
TOKYOTECH_s09,10,131,104.36666666666666,1.2475279569625854,0.6560849765474578
TOKYOTECH_s09,10,132,104.4,1.0632184743881226,0.6382393883875606
TOKYOTECH_s09,10,133,104.43333333333334,0.6716626882553101,0.5672401216718922
TOKYOTECH_s09,10,134,104.46666666666667,0.13495804369449615,0.44127500863451236
TOKYOTECH_s09,10,135,104.5,-0.23373714089393616,0.2716934013565611
TOKYOTECH_s09,10,136,104.53333333333333,-0.3471250832080841,0.07950780043241029
TOKYOTECH_s09,10,137,104.56666666666666,-0.219140887260437,-0.11042083259858199
TOKYOTECH_s09,10,138,104.6,-0.13464029133319855,-0.2736949940058113
TOKYOTECH_s09,10,139,104.63333333333334,-0.21222420036792755,-0.39039335307638096
TOKYOTECH_s09,10,140,104.66666666666667,-0.48217853903770447,-0.44837618168386956
TOKYOTECH_s09,10,141,104.7,-0.8003208637237549,-0.443808640742181
TOKYOTECH_s09,10,142,104.73333333333333,-1.0762510299682617,-0.3790879716971632
TOKYOTECH_s09,10,143,104.76666666666667,-1.1790096759796143,-0.26054903312983085
TOKYOTECH_s09,10,144,104.8,-0.8314459323883057,-0.09768103871154069
TOKYOTECH_s09,10,145,104.83333333333333,-0.02827075496315956,0.09550958093596609
TOKYOTECH_s09,10,146,104.86666666666666,1.0633456707000732,0.2982470225301895
TOKYOTECH_s09,10,147,104.9,1.6903741359710693,0.4826638728353282
TOKYOTECH_s09,10,148,104.93333333333334,1.7292296886444092,0.6171636213292875
TOKYOTECH_s09,10,149,104.96666666666667,1.395194172859192,0.6736197082371658
TOKYOTECH_s09,10,150,105.0,1.0825954675674438,0.6365351469865829
TOKYOTECH_s09,10,151,105.03333333333333,1.007630705833435,0.510528271519
TOKYOTECH_s09,10,152,105.06666666666666,0.710797905921936,0.32188822675236695
TOKYOTECH_s09,10,153,105.1,0.1336611658334732,0.11035180847278407
TOKYOTECH_s09,10,154,105.13333333333334,0.021849818527698517,-0.08649586304369919
TOKYOTECH_s09,10,155,105.16666666666667,-0.1039220541715622,-0.24792104150156571
TOKYOTECH_s09,10,156,105.2,-0.36426421999931335,-0.37455310994895563
TOKYOTECH_s09,10,157,105.23333333333333,-0.3474810719490051,-0.47475718063805017
TOKYOTECH_s09,10,158,105.26666666666667,-0.25540265440940857,-0.5436598990959431
TOKYOTECH_s09,10,159,105.3,-0.5722226500511169,-0.5615059822447307
TOKYOTECH_s09,10,160,105.33333333333333,-0.9538866281509399,-0.5131331642281156
TOKYOTECH_s09,10,161,105.36666666666666,-0.9798750877380371,-0.4049610098679712
TOKYOTECH_s09,10,162,105.4,-1.0045411586761475,-0.2659182615941223
TOKYOTECH_s09,10,163,105.43333333333334,-1.0241724252700806,-0.13238928875580522
TOKYOTECH_s09,10,164,105.46666666666667,-0.3436667323112488,-0.02764384582608278
TOKYOTECH_s09,10,165,105.5,0.818260908126831,0.04611499740281169
TOKYOTECH_s09,10,166,105.53333333333333,1.6184355020523071,0.09973761756764117
TOKYOTECH_s09,10,167,105.56666666666666,1.7298399209976196,0.14529718894814053
TOKYOTECH_s09,10,168,105.6,1.6286579370498657,0.18821490116307316
TOKYOTECH_s09,10,169,105.63333333333334,1.4812968969345093,0.22477990559620464
TOKYOTECH_s09,10,170,105.66666666666667,1.0233458280563354,0.24489721498991804
TOKYOTECH_s09,10,171,105.7,0.3816702663898468,0.23848162646150634
TOKYOTECH_s09,10,172,105.73333333333333,-0.22295524179935455,0.2007114935933065
TOKYOTECH_s09,10,173,105.76666666666667,-0.5102012753486633,0.129415702869011
TOKYOTECH_s09,10,174,105.8,-0.564822793006897,0.01938666115616775
TOKYOTECH_s09,10,175,105.83333333333333,-0.5502011179924011,-0.13152820697048886
TOKYOTECH_s09,10,176,105.86666666666666,-0.584123432636261,-0.3067632933254507
TOKYOTECH_s09,10,177,105.9,-0.8908735513687134,-0.4646659293199063
TOKYOTECH_s09,10,178,105.93333333333334,-1.2973562479019165,-0.5510674013527181
TOKYOTECH_s09,10,179,105.96666666666667,-1.5936042070388794,-0.52835548800699
TOKYOTECH_s09,10,180,106.0,-1.7148497104644775,-0.402129068667069
TOKYOTECH_s09,10,181,106.03333333333333,-1.544068455696106,-0.21483446399285389
TOKYOTECH_s09,10,182,106.06666666666666,-0.9387563467025757,-0.011977735665491557
TOKYOTECH_s09,10,183,106.1,0.21933148801326752,0.17882867778239658
TOKYOTECH_s09,10,184,106.13333333333334,1.0123605728149414,0.3437516759610914
TOKYOTECH_s09,10,185,106.16666666666667,1.2014760971069336,0.4723419819925859
TOKYOTECH_s09,10,186,106.2,1.1630018949508667,0.5533474571281034
TOKYOTECH_s09,10,187,106.23333333333333,1.1863458156585693,0.5793322922547577
TOKYOTECH_s09,10,188,106.26666666666667,0.9000151753425598,0.5547628341044112
TOKYOTECH_s09,10,189,106.3,0.29493191838264465,0.4958404191741292
TOKYOTECH_s09,10,190,106.33333333333333,-0.2130124866962433,0.42092377544594717
TOKYOTECH_s09,10,191,106.36666666666666,-0.31317734718322754,0.34133738670200486
TOKYOTECH_s09,10,192,106.4,-0.1469224989414215,0.25834660748963756
TOKYOTECH_s09,10,193,106.43333333333334,-0.21224962174892426,0.16661289000469368
TOKYOTECH_s09,10,194,106.46666666666667,-0.569908618927002,0.061047072300032035
TOKYOTECH_s09,10,195,106.5,-0.5198134779930115,-0.058576057669534026
TOKYOTECH_s09,10,196,106.53333333333333,-0.38516688346862793,-0.1876115434775338
TOKYOTECH_s09,10,197,106.56666666666666,-0.672438383102417,-0.31970442127400145
TOKYOTECH_s09,10,198,106.6,-1.006524682044983,-0.4493933291245047
TOKYOTECH_s09,10,199,106.63333333333334,-0.9349420070648193,-0.5692335882392344
TOKYOTECH_s09,10,200,106.66666666666667,-0.4235646724700928,-0.6631526578762948
TOKYOTECH_s09,10,201,106.7,0.4800805449485779,-0.7039843167172888
TOKYOTECH_s09,10,202,106.73333333333333,1.3920409679412842,-0.6602241063738294
TOKYOTECH_s09,10,203,106.76666666666667,1.9231258630752563,-0.512610890481087
TOKYOTECH_s09,10,204,106.8,1.9373915195465088,-0.27067811703171224
TOKYOTECH_s09,10,205,106.83333333333333,1.6759812831878662,0.02861861972932313
TOKYOTECH_s09,10,206,106.86666666666666,1.3771395683288574,0.33781382259247206
TOKYOTECH_s09,10,207,106.9,0.8924881815910339,0.6094648255992161
TOKYOTECH_s09,10,208,106.93333333333334,0.7463985085487366,0.7963185998811867
TOKYOTECH_s09,10,209,106.96666666666667,0.5109004974365234,0.8558760157662679
TOKYOTECH_s09,10,210,107.0,0.35062146186828613,0.7634677283342709
TOKYOTECH_s09,10,211,107.03333333333333,0.3688032031059265,0.5257310168401967
TOKYOTECH_s09,10,212,107.06666666666666,0.10004401206970215,0.18586879531263661
TOKYOTECH_s09,10,213,107.1,-0.20741811394691467,-0.18626271970516628
TOKYOTECH_s09,10,214,107.13333333333334,-0.2637942135334015,-0.5156603271292063
TOKYOTECH_s09,10,215,107.16666666666667,-0.2778564691543579,-0.7418742923763059
TOKYOTECH_s09,10,216,107.2,-0.6239452362060547,-0.8302933449219599
TOKYOTECH_s09,10,217,107.23333333333333,-0.912132203578949,-0.7764131397305694
TOKYOTECH_s09,10,218,107.26666666666667,-1.1908595561981201,-0.6033304179486547
TOKYOTECH_s09,10,219,107.3,-0.6578167080879211,-0.3512785581420639
TOKYOTECH_s09,10,220,107.33333333333333,0.7442625164985657,-0.0641377561093089
TOKYOTECH_s09,10,221,107.36666666666666,1.7366803884506226,0.21712832490944242
TOKYOTECH_s09,10,222,107.4,1.8578242063522339,0.45496794966958776
TOKYOTECH_s09,10,223,107.43333333333334,1.7585493326187134,0.6207410923390172
TOKYOTECH_s09,10,224,107.46666666666667,1.6381938457489014,0.7031334311649681
TOKYOTECH_s09,10,225,107.5,1.235550880432129,0.704684297775222
TOKYOTECH_s09,10,226,107.53333333333333,0.4104304909706116,0.6294120199465453
TOKYOTECH_s09,10,227,107.56666666666666,-0.07292409241199493,0.4815162243484621
TOKYOTECH_s09,10,228,107.6,-0.19170299172401428,0.27572211157647075
TOKYOTECH_s09,10,229,107.63333333333334,-0.05395405367016792,0.04029377283490906
TOKYOTECH_s09,10,230,107.66666666666667,-0.10913500189781189,-0.19184033736293282
TOKYOTECH_s09,10,231,107.7,-0.4744226932525635,-0.392649992525319
TOKYOTECH_s09,10,232,107.73333333333333,-0.8124250769615173,-0.5433637752403208
TOKYOTECH_s09,10,233,107.76666666666667,-1.2961864471435547,-0.6345386395131927
TOKYOTECH_s09,10,234,107.8,-1.5290144681930542,-0.6636372676757589
TOKYOTECH_s09,10,235,107.83333333333333,-1.5507054328918457,-0.6322179792767106
TOKYOTECH_s09,10,236,107.86666666666666,-1.509713888168335,-0.5441073961023013
TOKYOTECH_s09,10,237,107.9,-1.2668160200119019,-0.4048957498897397
TOKYOTECH_s09,10,238,107.93333333333334,-0.4752872884273529,-0.22260368486102425
TOKYOTECH_s09,10,239,107.96666666666667,0.512146532535553,-0.008952684969930963
TOKYOTECH_s09,10,240,108.0,1.063905119895935,0.21952282547879542
TOKYOTECH_s09,10,241,108.03333333333333,1.1438030004501343,0.44130657834470266
TOKYOTECH_s09,10,242,108.06666666666666,1.0937588214874268,0.6305072952821255
TOKYOTECH_s09,10,243,108.1,0.7904924154281616,0.75721571385546
TOKYOTECH_s09,10,244,108.13333333333334,0.3926047384738922,0.7902143590802393
TOKYOTECH_s09,10,245,108.16666666666667,0.0693766325712204,0.7074138636333985
TOKYOTECH_s09,10,246,108.2,-0.08589288592338562,0.5108882931854897
TOKYOTECH_s09,10,247,108.23333333333333,-0.13194482028484344,0.2353831171044523
TOKYOTECH_s09,10,248,108.26666666666667,-0.11526338756084442,-0.057501108027470486
TOKYOTECH_s09,10,249,108.3,-0.2614293098449707,-0.3017791649469872
TOKYOTECH_s09,10,250,108.33333333333333,-0.31625425815582275,-0.45551831876313387
TOKYOTECH_s09,10,251,108.36666666666666,-0.561059296131134,-0.5139489224750012
TOKYOTECH_s09,10,252,108.4,-0.9792138934135437,-0.5006266798583215
TOKYOTECH_s09,10,253,108.43333333333334,-1.2961610555648804,-0.4462438339164833
TOKYOTECH_s09,10,254,108.46666666666667,-1.2372421026229858,-0.36944136058836713
TOKYOTECH_s09,10,255,108.5,-0.9916486740112305,-0.2750671916107538
TOKYOTECH_s09,10,256,108.53333333333333,-0.11900145560503006,-0.16673321944382796
TOKYOTECH_s09,10,257,108.56666666666666,1.0700589418411255,-0.05306461604286937
TOKYOTECH_s09,10,258,108.6,1.6317094564437866,0.057293974346223825
TOKYOTECH_s09,10,259,108.63333333333334,1.7997442483901978,0.15988147459486923
TOKYOTECH_s09,10,260,108.66666666666667,1.82588529586792,0.2526236785753918
TOKYOTECH_s09,10,261,108.7,1.6512389183044434,0.33118414567111004
TOKYOTECH_s09,10,262,108.73333333333333,1.0349923372268677,0.38591232359745237
TOKYOTECH_s09,10,263,108.76666666666667,0.4931764602661133,0.4049079964218839
TOKYOTECH_s09,10,264,108.8,0.055390678346157074,0.3812659118698669
TOKYOTECH_s09,10,265,108.83333333333333,-0.14079411327838898,0.31660144641539006
TOKYOTECH_s09,10,266,108.86666666666666,0.03878553584218025,0.21836311341251097
TOKYOTECH_s09,10,267,108.9,0.07415728271007538,0.09449338678450318
TOKYOTECH_s09,10,268,108.93333333333334,-0.17464011907577515,-0.05000267517113333
TOKYOTECH_s09,10,269,108.96666666666667,-0.5383512377738953,-0.21026608572218478
TOKYOTECH_s09,10,270,109.0,-0.5716886520385742,-0.3742516280642692
TOKYOTECH_s09,10,271,109.03333333333333,-0.5686880350112915,-0.5181344267086198
TOKYOTECH_s09,10,272,109.06666666666666,-0.7960487604141235,-0.6102722469292142
TOKYOTECH_s09,10,273,109.1,-0.8135185241699219,-0.6263968557263678
TOKYOTECH_s09,10,274,109.13333333333334,-0.7324253916740417,-0.5662226478900214
TOKYOTECH_s09,10,275,109.16666666666667,-0.07658586651086807,-0.4516633276973068
TOKYOTECH_s09,10,276,109.2,1.1314953565597534,-0.30753574019729907
TOKYOTECH_s09,10,277,109.23333333333333,1.6809654235839844,-0.14612627116690274
TOKYOTECH_s09,10,278,109.26666666666667,1.524322748184204,0.032998921250841855
TOKYOTECH_s09,10,279,109.3,1.428709626197815,0.2295447705302423
TOKYOTECH_s09,10,280,109.33333333333333,1.368544578552246,0.42732905160125056
TOKYOTECH_s09,10,281,109.36666666666666,0.9288008213043213,0.5964149220538852
TOKYOTECH_s09,10,282,109.4,0.3277353346347809,0.7104751020963854
TOKYOTECH_s09,10,283,109.43333333333334,0.32104751467704773,0.7568683981425134
TOKYOTECH_s09,10,284,109.46666666666667,0.13559377193450928,0.7335334800436512
TOKYOTECH_s09,10,285,109.5,-0.28446799516677856,0.6448795973260834
TOKYOTECH_s09,10,286,109.53333333333333,-0.36388278007507324,0.5015083202697589
TOKYOTECH_s09,10,287,109.56666666666666,-0.4079512655735016,0.3198617551970572
TOKYOTECH_s09,10,288,109.6,-0.8336582779884338,0.11967865641568824
TOKYOTECH_s09,10,289,109.63333333333334,-1.2829633951187134,-0.08035368962253446
TOKYOTECH_s09,10,290,109.66666666666667,-1.3969870805740356,-0.26689278395540217
TOKYOTECH_s09,10,291,109.7,-1.445632815361023,-0.4332565532382906
TOKYOTECH_s09,10,292,109.73333333333333,-1.4475653171539307,-0.5765790352843871
TOKYOTECH_s09,10,293,109.76666666666667,-1.1017054319381714,-0.6917079432988593
TOKYOTECH_s09,10,294,109.8,-0.1943730264902115,-0.7660971944505077
TOKYOTECH_s09,10,295,109.83333333333333,0.6187703609466553,-0.7822182769576613
TOKYOTECH_s09,10,296,109.86666666666666,0.8934544920921326,-0.7267892345729136
TOKYOTECH_s09,10,297,109.9,0.7031437754631042,-0.5990118133718182
TOKYOTECH_s09,10,298,109.93333333333334,0.6159222722053528,-0.4131951436670308
TOKYOTECH_s09,10,299,109.96666666666667,0.32120010256767273,-0.19543805823353722
TOKYOTECH_s09,11,0,110.0,-0.29743680357933044,0.019536554667240053
TOKYOTECH_s09,11,1,110.03333333333333,-0.5944221615791321,-0.974690833720156
TOKYOTECH_s09,11,2,110.06666666666666,-0.622978925704956,-1.8753920282762309
TOKYOTECH_s09,11,3,110.1,-0.5731381177902222,-2.5980150460822573
TOKYOTECH_s09,11,4,110.13333333333334,-0.668674886226654,-3.086388988463545
TOKYOTECH_s09,11,5,110.16666666666667,-0.7296027541160583,-3.319038264748039
TOKYOTECH_s09,11,6,110.2,-0.8988074064254761,-3.3016041489244423
TOKYOTECH_s09,11,7,110.23333333333333,-1.2017431259155273,-3.0604818963196263
TOKYOTECH_s09,11,8,110.26666666666667,-1.4394789934158325,-2.6412270200346395
TOKYOTECH_s09,11,9,110.3,-1.5236743688583374,-2.102880012827214
TOKYOTECH_s09,11,10,110.33333333333333,-1.3892312049865723,-1.5069148967432457
TOKYOTECH_s09,11,11,110.36666666666666,-1.0015151500701904,-0.9077603115600206
TOKYOTECH_s09,11,12,110.4,0.13213542103767395,-0.34749138761243814
TOKYOTECH_s09,11,13,110.43333333333334,1.1938728094100952,0.14748887362437707
TOKYOTECH_s09,11,14,110.46666666666667,1.4521043300628662,0.5664799808615762
TOKYOTECH_s09,11,15,110.5,1.5017926692962646,0.9067568448827873
TOKYOTECH_s09,11,16,110.53333333333333,1.3988051414489746,1.1627399777942236
TOKYOTECH_s09,11,17,110.56666666666666,0.8154891133308411,1.3247244490678545
TOKYOTECH_s09,11,18,110.6,0.41722002625465393,1.3875968579464748
TOKYOTECH_s09,11,19,110.63333333333334,0.17722105979919434,1.3576643571549845
TOKYOTECH_s09,11,20,110.66666666666667,-0.02051490731537342,1.25157965135202
TOKYOTECH_s09,11,21,110.7,-0.03897636756300926,1.0888440288011492
TOKYOTECH_s09,11,22,110.73333333333333,-0.10079428553581238,0.883931789315888
TOKYOTECH_s09,11,23,110.76666666666667,-0.2773987352848053,0.6470010056213826
TOKYOTECH_s09,11,24,110.8,-0.5321719646453857,0.39216636749797773
TOKYOTECH_s09,11,25,110.83333333333333,-0.49273157119750977,0.142600878748133
TOKYOTECH_s09,11,26,110.86666666666666,-0.4559103846549988,-0.07256278180977764
TOKYOTECH_s09,11,27,110.9,-0.7407406568527222,-0.22747470036367629
TOKYOTECH_s09,11,28,110.93333333333334,-0.8735818266868591,-0.30842403600966856
TOKYOTECH_s09,11,29,110.96666666666667,-0.8363791704177856,-0.31302436802162054
TOKYOTECH_s09,11,30,111.0,-0.07925591617822647,-0.2425872882021813
TOKYOTECH_s09,11,31,111.03333333333333,1.171520709991455,-0.10178919218846502
TOKYOTECH_s09,11,32,111.06666666666666,1.565593957901001,0.09354234591922972
TOKYOTECH_s09,11,33,111.1,1.309701919555664,0.3132385986615308
TOKYOTECH_s09,11,34,111.13333333333334,1.39092218875885,0.517968309538371
TOKYOTECH_s09,11,35,111.16666666666667,1.3309097290039062,0.6665524663642843
TOKYOTECH_s09,11,36,111.2,0.889436662197113,0.7221862584589528
TOKYOTECH_s09,11,37,111.23333333333333,0.35936903953552246,0.6580801781555639
TOKYOTECH_s09,11,38,111.26666666666667,-0.21705570816993713,0.46336474884630036
TOKYOTECH_s09,11,39,111.3,-0.4746515452861786,0.14988809996977728
TOKYOTECH_s09,11,40,111.33333333333333,-0.4666668474674225,-0.24269954211486794
TOKYOTECH_s09,11,41,111.36666666666666,-0.3524397313594818,-0.6489095969377175
TOKYOTECH_s09,11,42,111.4,-0.531332790851593,-0.990780432912719
TOKYOTECH_s09,11,43,111.43333333333334,-0.9646176695823669,-1.204495249908187
TOKYOTECH_s09,11,44,111.46666666666667,-1.118361473083496,-1.2668448864511392
TOKYOTECH_s09,11,45,111.5,-1.3147242069244385,-1.1959869902104607
TOKYOTECH_s09,11,46,111.53333333333333,-1.6168971061706543,-1.0274502353228498
TOKYOTECH_s09,11,47,111.56666666666666,-1.722732663154602,-0.7925044266484523
TOKYOTECH_s09,11,48,111.6,-0.978527307510376,-0.5113167445177759
TOKYOTECH_s09,11,49,111.63333333333334,0.11001218855381012,-0.19561314885549533
TOKYOTECH_s09,11,50,111.66666666666667,0.7476953864097595,0.14386390888331485
TOKYOTECH_s09,11,51,111.7,0.9500085711479187,0.4878331575355533
TOKYOTECH_s09,11,52,111.73333333333333,0.7780067920684814,0.8023371315084012
TOKYOTECH_s09,11,53,111.76666666666667,0.49282047152519226,1.042885700901092
TOKYOTECH_s09,11,54,111.8,0.1521226167678833,1.1673277166078357
TOKYOTECH_s09,11,55,111.83333333333333,-0.26221761107444763,1.1477892667374956
TOKYOTECH_s09,11,56,111.86666666666666,-0.49524903297424316,0.9778289844380984
TOKYOTECH_s09,11,57,111.9,-0.601669430732727,0.6774500140569574
TOKYOTECH_s09,11,58,111.93333333333334,-0.6046954989433289,0.2953975398473102
TOKYOTECH_s09,11,59,111.96666666666667,-0.7350445985794067,-0.09513012082629516
TOKYOTECH_s09,11,60,112.0,-1.0481010675430298,-0.4117369457661437
TOKYOTECH_s09,11,61,112.03333333333333,-0.9678471684455872,-0.5922919168523872
TOKYOTECH_s09,11,62,112.06666666666666,-0.8765061497688293,-0.6238327965255026
TOKYOTECH_s09,11,63,112.1,-1.131711721420288,-0.5415574810088838
TOKYOTECH_s09,11,64,112.13333333333334,-1.2593907117843628,-0.3987859297352611
TOKYOTECH_s09,11,65,112.16666666666667,-1.1460027694702148,-0.23879346976588145
TOKYOTECH_s09,11,66,112.2,-0.5270607471466064,-0.08472649205095696
TOKYOTECH_s09,11,67,112.23333333333333,0.482776015996933,0.054814693466476716
TOKYOTECH_s09,11,68,112.26666666666667,1.1827094554901123,0.17322690968030102
TOKYOTECH_s09,11,69,112.3,1.6272847652435303,0.25880043331290886
TOKYOTECH_s09,11,70,112.33333333333333,1.5331974029541016,0.2976984410690343
TOKYOTECH_s09,11,71,112.36666666666666,1.2217683792114258,0.2827423384314676
TOKYOTECH_s09,11,72,112.4,0.7716495394706726,0.22022111752214293
TOKYOTECH_s09,11,73,112.43333333333334,0.24481135606765747,0.12558227468688987
TOKYOTECH_s09,11,74,112.46666666666667,0.08196399360895157,0.011886289341714786
TOKYOTECH_s09,11,75,112.5,0.15837815403938293,-0.113142702603191
TOKYOTECH_s09,11,76,112.53333333333333,0.019434062764048576,-0.23964227449337144
TOKYOTECH_s09,11,77,112.56666666666666,0.19967485964298248,-0.350359480956478
TOKYOTECH_s09,11,78,112.6,0.1572338491678238,-0.42413104304121735
TOKYOTECH_s09,11,79,112.63333333333334,-0.2725672423839569,-0.44658982542772147
TOKYOTECH_s09,11,80,112.66666666666667,-0.41021445393562317,-0.4196771917368111
TOKYOTECH_s09,11,81,112.7,-0.4375760555267334,-0.3568878380309722
TOKYOTECH_s09,11,82,112.73333333333333,-0.7237286567687988,-0.268293426664717
TOKYOTECH_s09,11,83,112.76666666666667,-1.032462239265442,-0.15541615024953068
TOKYOTECH_s09,11,84,112.8,-0.4647342264652252,-0.019737842910483527
TOKYOTECH_s09,11,85,112.83333333333333,0.6696283221244812,0.12865382880630422
TOKYOTECH_s09,11,86,112.86666666666666,1.1525505781173706,0.2701705930115053
TOKYOTECH_s09,11,87,112.9,1.416503667831421,0.382695504530975
TOKYOTECH_s09,11,88,112.93333333333334,1.6652247905731201,0.45109027180882966
TOKYOTECH_s09,11,89,112.96666666666667,1.4884169101715088,0.46989054977856615
TOKYOTECH_s09,11,90,113.0,1.07763671875,0.43963432335455277
TOKYOTECH_s09,11,91,113.03333333333333,0.544187068939209,0.36677775364793636
TOKYOTECH_s09,11,92,113.06666666666666,0.23949669301509857,0.266737968838552
TOKYOTECH_s09,11,93,113.1,-0.10549864917993546,0.1593466703343012
TOKYOTECH_s09,11,94,113.13333333333334,-0.42537012696266174,0.05807008086771447
TOKYOTECH_s09,11,95,113.16666666666667,-0.4595467150211334,-0.033797421208403004
TOKYOTECH_s09,11,96,113.2,-0.4008057117462158,-0.1173767482194175
TOKYOTECH_s09,11,97,113.23333333333333,-0.5246958136558533,-0.19159038466350317
TOKYOTECH_s09,11,98,113.26666666666667,-0.7972439527511597,-0.25063540986910715
TOKYOTECH_s09,11,99,113.3,-0.9878343343734741,-0.2854353711192297
TOKYOTECH_s09,11,100,113.33333333333333,-1.1991493701934814,-0.2877257943023547
TOKYOTECH_s09,11,101,113.36666666666666,-1.3015774488449097,-0.2545703303144283
TOKYOTECH_s09,11,102,113.4,-0.6758204102516174,-0.19101629412816484
TOKYOTECH_s09,11,103,113.43333333333334,0.18724007904529572,-0.10903507432164772
TOKYOTECH_s09,11,104,113.46666666666667,0.687326967716217,-0.02295044502011554
TOKYOTECH_s09,11,105,113.5,1.0227100849151611,0.05640006882743803
TOKYOTECH_s09,11,106,113.53333333333333,1.0016803741455078,0.1250644898366741
TOKYOTECH_s09,11,107,113.56666666666666,0.7811599969863892,0.18270670201390168
TOKYOTECH_s09,11,108,113.6,0.4751981496810913,0.22595486036799403
TOKYOTECH_s09,11,109,113.63333333333334,0.062383655458688736,0.24825640010704583
TOKYOTECH_s09,11,110,113.66666666666667,-0.13507258892059326,0.24597270831583826
TOKYOTECH_s09,11,111,113.7,-0.2862989008426666,0.22039527721772684
TOKYOTECH_s09,11,112,113.73333333333333,-0.27284693717956543,0.17375531366307365
TOKYOTECH_s09,11,113,113.76666666666667,-0.25448721647262573,0.10623014252139945
TOKYOTECH_s09,11,114,113.8,-0.35053256154060364,0.016864689946093917
TOKYOTECH_s09,11,115,113.83333333333333,-0.30328547954559326,-0.09357437005428287
TOKYOTECH_s09,11,116,113.86666666666666,-0.434397429227829,-0.21867532560759834
TOKYOTECH_s09,11,117,113.9,-0.804516613483429,-0.34100572779297544
TOKYOTECH_s09,11,118,113.93333333333334,-0.9662451148033142,-0.4308855714638874
TOKYOTECH_s09,11,119,113.96666666666667,-0.7862585783004761,-0.45932420812167346
TOKYOTECH_s09,11,120,114.0,-0.05713267996907234,-0.41803336303181876
TOKYOTECH_s09,11,121,114.03333333333333,0.7338365912437439,-0.3240203642600348
TOKYOTECH_s09,11,122,114.06666666666666,1.166841745376587,-0.20553002709480678
TOKYOTECH_s09,11,123,114.1,1.4059761762619019,-0.08620789604461797
TOKYOTECH_s09,11,124,114.13333333333334,1.4603941440582275,0.022751716912462326
TOKYOTECH_s09,11,125,114.16666666666667,1.0908598899841309,0.12224612445313826
TOKYOTECH_s09,11,126,114.2,0.6912429928779602,0.21827338625220172
TOKYOTECH_s09,11,127,114.23333333333333,0.48463231325149536,0.3112022070080894
TOKYOTECH_s09,11,128,114.26666666666667,0.06200221925973892,0.3885794025481197
TOKYOTECH_s09,11,129,114.3,-0.22343838214874268,0.4312891940782346
TOKYOTECH_s09,11,130,114.33333333333333,0.05233919620513916,0.4281931811222846
TOKYOTECH_s09,11,131,114.36666666666666,0.23288515210151672,0.3810037657804206
TOKYOTECH_s09,11,132,114.4,-0.07681473344564438,0.29735481634394556
TOKYOTECH_s09,11,133,114.43333333333334,-0.3065403699874878,0.1866675140127586
TOKYOTECH_s09,11,134,114.46666666666667,-0.46264904737472534,0.06247107960177528
TOKYOTECH_s09,11,135,114.5,-0.5777916312217712,-0.05711052368209905
TOKYOTECH_s09,11,136,114.53333333333333,-0.5385292172431946,-0.15411814688262687
TOKYOTECH_s09,11,137,114.56666666666666,-0.7231692671775818,-0.2181948613163908
TOKYOTECH_s09,11,138,114.6,-0.39119353890419006,-0.25161937955263114
TOKYOTECH_s09,11,139,114.63333333333334,0.5242252945899963,-0.2656558751024709
TOKYOTECH_s09,11,140,114.66666666666667,1.127859115600586,-0.26950332011768413
TOKYOTECH_s09,11,141,114.7,1.2114442586898804,-0.260464607961719
TOKYOTECH_s09,11,142,114.73333333333333,1.140904188156128,-0.2234301660107834
TOKYOTECH_s09,11,143,114.76666666666667,1.1082278490066528,-0.14506329037721555
TOKYOTECH_s09,11,144,114.8,0.800714910030365,-0.03306131106077839
TOKYOTECH_s09,11,145,114.83333333333333,0.45030316710472107,0.08169183046273717
TOKYOTECH_s09,11,146,114.86666666666666,0.1975134015083313,0.16270237488904235
TOKYOTECH_s09,11,147,114.9,0.0560009740293026,0.18748267686970532
TOKYOTECH_s09,11,148,114.93333333333334,-0.04238385334610939,0.15639224082211206
TOKYOTECH_s09,11,149,114.96666666666667,-0.21675056219100952,0.0860208315443682
TOKYOTECH_s09,11,150,115.0,-0.12235808372497559,-0.00528202967858781
TOKYOTECH_s09,11,151,115.03333333333333,-0.13540315628051758,-0.10202760907530692
TOKYOTECH_s09,11,152,115.06666666666666,-0.6139007806777954,-0.18594101278033148
TOKYOTECH_s09,11,153,115.1,-0.847161054611206,-0.2368189564404612
TOKYOTECH_s09,11,154,115.13333333333334,-0.788013219833374,-0.24219032064644702
TOKYOTECH_s09,11,155,115.16666666666667,-0.9955902099609375,-0.2028086786895461
TOKYOTECH_s09,11,156,115.2,-0.6297430396080017,-0.12970519188245658
TOKYOTECH_s09,11,157,115.23333333333333,0.32130181789398193,-0.038377114250644606
TOKYOTECH_s09,11,158,115.26666666666667,0.7127050757408142,0.056247810877302434
TOKYOTECH_s09,11,159,115.3,0.6149559617042542,0.14327728721356545
TOKYOTECH_s09,11,160,115.33333333333333,0.4942953586578369,0.2166349017616397
TOKYOTECH_s09,11,161,115.36666666666666,0.4373598098754883,0.2719182390794604
TOKYOTECH_s09,11,162,115.4,0.09391562640666962,0.3025454754171622
TOKYOTECH_s09,11,163,115.43333333333334,-0.31851744651794434,0.30195625933929027
TOKYOTECH_s09,11,164,115.46666666666667,-0.3274938762187958,0.27035316557722916
TOKYOTECH_s09,11,165,115.5,-0.3630436360836029,0.21658510254349198
TOKYOTECH_s09,11,166,115.53333333333333,-0.48492488265037537,0.15292545760456683
TOKYOTECH_s09,11,167,115.56666666666666,-0.6056109666824341,0.08829907926185214
TOKYOTECH_s09,11,168,115.6,-1.160929560661316,0.024930399459077837
TOKYOTECH_s09,11,169,115.63333333333334,-1.6506922245025635,-0.03850521130511459
TOKYOTECH_s09,11,170,115.66666666666667,-1.8105899095535278,-0.09955389778769282
TOKYOTECH_s09,11,171,115.7,-2.223531484603882,-0.1476160902349411
TOKYOTECH_s09,11,172,115.73333333333333,-2.8202993869781494,-0.1669919164539658
TOKYOTECH_s09,11,173,115.76666666666667,-2.7606937885284424,-0.14785946706566777
TOKYOTECH_s09,11,174,115.8,-1.9784976243972778,-0.09750345401817297
TOKYOTECH_s09,11,175,115.83333333333333,-0.9179045557975769,-0.03789428566059717
TOKYOTECH_s09,11,176,115.86666666666666,-0.2905963957309723,0.009367041765074685
TOKYOTECH_s09,11,177,115.9,-0.0027400320395827293,0.03502302207160993
TOKYOTECH_s09,11,178,115.93333333333334,0.08382030576467514,0.0428902049625892
TOKYOTECH_s09,11,179,115.96666666666667,-0.02420211397111416,0.04083786223810139
TOKYOTECH_s09,11,180,116.0,-0.08230739831924438,0.02948976307054413
TOKYOTECH_s09,11,181,116.03333333333333,-0.20195087790489197,9.913379729327865e-05
TOKYOTECH_s09,11,182,116.06666666666666,-0.42353925108909607,-0.05636370907553481
TOKYOTECH_s09,11,183,116.1,-0.3465656340122223,-0.13684884244090628
TOKYOTECH_s09,11,184,116.13333333333334,-0.13288569450378418,-0.2202737785197031
TOKYOTECH_s09,11,185,116.16666666666667,-0.20423948764801025,-0.276840509915109
TOKYOTECH_s09,11,186,116.2,-0.5978550910949707,-0.2866642588583093
TOKYOTECH_s09,11,187,116.23333333333333,-0.6690054535865784,-0.24844660747724281
TOKYOTECH_s09,11,188,116.26666666666667,-0.6288530230522156,-0.17400486108731014
TOKYOTECH_s09,11,189,116.3,-0.759125828742981,-0.08049435315803971
TOKYOTECH_s09,11,190,116.33333333333333,-1.1131993532180786,0.013818849478910057
TOKYOTECH_s09,11,191,116.36666666666666,-0.9686100482940674,0.09190520070241442
TOKYOTECH_s09,11,192,116.4,-0.08863922208547592,0.13995840443682228
TOKYOTECH_s09,11,193,116.43333333333334,0.6307728290557861,0.14977097834334324
TOKYOTECH_s09,11,194,116.46666666666667,0.7674283385276794,0.12166164356342342
TOKYOTECH_s09,11,195,116.5,1.003256916999817,0.0673613445301973
TOKYOTECH_s09,11,196,116.53333333333333,1.117967128753662,0.008755187211653288
TOKYOTECH_s09,11,197,116.56666666666666,1.108126163482666,-0.0339127740366057
TOKYOTECH_s09,11,198,116.6,0.8358069062232971,-0.056673112242030005
TOKYOTECH_s09,11,199,116.63333333333334,0.4079638719558716,-0.06946784104807253
TOKYOTECH_s09,11,200,116.66666666666667,0.28501462936401367,-0.0786182615827823
TOKYOTECH_s09,11,201,116.7,0.2292488068342209,-0.07714223009880249
TOKYOTECH_s09,11,202,116.73333333333333,0.1521480530500412,-0.05119904870325736
TOKYOTECH_s09,11,203,116.76666666666667,0.07703076303005219,0.006046521988572669
TOKYOTECH_s09,11,204,116.8,0.05172890052199364,0.08450004252818745
TOKYOTECH_s09,11,205,116.83333333333333,0.08921125531196594,0.16210338030410754
TOKYOTECH_s09,11,206,116.86666666666666,-0.17532670497894287,0.22084564621595387
TOKYOTECH_s09,11,207,116.9,-0.5769524574279785,0.2562068737392499
TOKYOTECH_s09,11,208,116.93333333333334,-0.9674148559570312,0.27398278187501157
TOKYOTECH_s09,11,209,116.96666666666667,-1.0875669717788696,0.2815265751996408
TOKYOTECH_s09,11,210,117.0,-0.40423864126205444,0.2805208546925611
TOKYOTECH_s09,11,211,117.03333333333333,0.5474674105644226,0.2665637405362422
TOKYOTECH_s09,11,212,117.06666666666666,1.145277976989746,0.23469979236035265
TOKYOTECH_s09,11,213,117.1,1.1112030744552612,0.18418853586585604
TOKYOTECH_s09,11,214,117.13333333333334,1.0471473932266235,0.1189780461794029
TOKYOTECH_s09,11,215,117.16666666666667,0.9820237159729004,0.044451773944422145
TOKYOTECH_s09,11,216,117.2,0.5924513339996338,-0.03554824747542825
TOKYOTECH_s09,11,217,117.23333333333333,0.15413151681423187,-0.11515485519361655
TOKYOTECH_s09,11,218,117.26666666666667,-0.09100411832332611,-0.18003803517977687
TOKYOTECH_s09,11,219,117.3,-0.2323639690876007,-0.2106789962202269
TOKYOTECH_s09,11,220,117.33333333333333,-0.3313845098018646,-0.1959233565756219
TOKYOTECH_s09,11,221,117.36666666666666,-0.6228772401809692,-0.14500544460290485
TOKYOTECH_s09,11,222,117.4,-0.8146628141403198,-0.08868294800492277
TOKYOTECH_s09,11,223,117.43333333333334,-0.8705049157142639,-0.06505135060831303
TOKYOTECH_s09,11,224,117.46666666666667,-1.0004725456237793,-0.09598697318676162
TOKYOTECH_s09,11,225,117.5,-1.2407258749008179,-0.16930806480463934
TOKYOTECH_s09,11,226,117.53333333333333,-1.3523845672607422,-0.23960263996523531
TOKYOTECH_s09,11,227,117.56666666666666,-1.2610435485839844,-0.255152983850202
TOKYOTECH_s09,11,228,117.6,-0.8817954063415527,-0.19473544832489423
TOKYOTECH_s09,11,229,117.63333333333334,0.028486788272857666,-0.07841967904791527
TOKYOTECH_s09,11,230,117.66666666666667,0.6537352204322815,0.05167726157671247
TOKYOTECH_s09,11,231,117.7,0.509679913520813,0.15212028084971113
TOKYOTECH_s09,11,232,117.73333333333333,0.42795106768608093,0.1879817221027025
TOKYOTECH_s09,11,233,117.76666666666667,0.4347151815891266,0.13860568719136637
TOKYOTECH_s09,11,234,117.8,0.20888017117977142,0.003076842300726074
TOKYOTECH_s09,11,235,117.83333333333333,-0.04874110594391823,-0.195466619734102
TOKYOTECH_s09,11,236,117.86666666666666,-0.26295506954193115,-0.40975551370867414
TOKYOTECH_s09,11,237,117.9,-0.3494645357131958,-0.5770545572120049
TOKYOTECH_s09,11,238,117.93333333333334,-0.43355828523635864,-0.6378718718206734
TOKYOTECH_s09,11,239,117.96666666666667,-0.5380969047546387,-0.5619480893886323
TOKYOTECH_s09,11,240,118.0,-0.6189866065979004,-0.3670892444900952
TOKYOTECH_s09,11,241,118.03333333333333,-0.682025134563446,-0.10821070979087687
TOKYOTECH_s09,11,242,118.06666666666666,-0.7476319670677185,0.15670929299474015
TOKYOTECH_s09,11,243,118.1,-1.044973373413086,0.38939270366040823
TOKYOTECH_s09,11,244,118.13333333333334,-1.0221889019012451,0.5712138433873559
TOKYOTECH_s09,11,245,118.16666666666667,-0.524517834186554,0.6943317446193481
TOKYOTECH_s09,11,246,118.2,0.05653498321771622,0.7543841441224618
TOKYOTECH_s09,11,247,118.23333333333333,0.7716495394706726,0.7485520390056195
TOKYOTECH_s09,11,248,118.26666666666667,1.1464476585388184,0.6776453316187491
TOKYOTECH_s09,11,249,118.3,1.1230275630950928,0.5462795862633246
TOKYOTECH_s09,11,250,118.33333333333333,1.037458896636963,0.36087872441847724
TOKYOTECH_s09,11,251,118.36666666666666,0.7650888562202454,0.13098119478727704
TOKYOTECH_s09,11,252,118.4,0.6565324068069458,-0.1256460778605977
TOKYOTECH_s09,11,253,118.43333333333334,0.34299275279045105,-0.37881250364174374
TOKYOTECH_s09,11,254,118.46666666666667,-0.00045142139424569905,-0.5865943081768311
TOKYOTECH_s09,11,255,118.5,-0.024710694327950478,-0.7030512882590645
TOKYOTECH_s09,11,256,118.53333333333333,-0.14987227320671082,-0.6927785472838541
TOKYOTECH_s09,11,257,118.56666666666666,-0.2529869079589844,-0.5494564897007396
TOKYOTECH_s09,11,258,118.6,-0.2888926565647125,-0.3068806511646859
TOKYOTECH_s09,11,259,118.63333333333334,-0.41547825932502747,-0.025147374589730785
TOKYOTECH_s09,11,260,118.66666666666667,-0.6048734784126282,0.2398414372789127
TOKYOTECH_s09,11,261,118.7,-0.7752224206924438,0.4519192656625179
TOKYOTECH_s09,11,262,118.73333333333333,-0.770009458065033,0.5893081185394423
TOKYOTECH_s09,11,263,118.76666666666667,-0.4384152293205261,0.6393505585608209
TOKYOTECH_s09,11,264,118.8,0.13991670310497284,0.6013731087808347
TOKYOTECH_s09,11,265,118.83333333333333,0.9694363474845886,0.4904396554241822
TOKYOTECH_s09,11,266,118.86666666666666,1.4423141479492188,0.33464147941958694
TOKYOTECH_s09,11,267,118.9,1.1996197700500488,0.16072978289346226
TOKYOTECH_s09,11,268,118.93333333333334,1.192525029182434,-0.02287562477248277
TOKYOTECH_s09,11,269,118.96666666666667,1.242365837097168,-0.2247063414931442
TOKYOTECH_s09,11,270,119.0,0.7549426555633545,-0.4492918136807105
TOKYOTECH_s09,11,271,119.03333333333333,0.3630816638469696,-0.6757242801688476
TOKYOTECH_s09,11,272,119.06666666666666,0.3387461006641388,-0.853105015779176
TOKYOTECH_s09,11,273,119.1,0.1470876783132553,-0.923872346362524
TOKYOTECH_s09,11,274,119.13333333333334,-0.0453336201608181,-0.8610211384020481
TOKYOTECH_s09,11,275,119.16666666666667,-0.03539087623357773,-0.6836922542590553
TOKYOTECH_s09,11,276,119.2,-0.07963734865188599,-0.4416717412047425
TOKYOTECH_s09,11,277,119.23333333333333,-0.2666422724723816,-0.18773833543883467
TOKYOTECH_s09,11,278,119.26666666666667,-0.6466788053512573,0.04395063173541158
TOKYOTECH_s09,11,279,119.3,-0.8681399822235107,0.24061999926967895
TOKYOTECH_s09,11,280,119.33333333333333,-0.9816042184829712,0.39856407611714884
TOKYOTECH_s09,11,281,119.36666666666666,-0.8277078866958618,0.5147520937119594
TOKYOTECH_s09,11,282,119.4,0.0008454580092802644,0.5875875946549971
TOKYOTECH_s09,11,283,119.43333333333334,0.6538878083229065,0.6170250823224356
TOKYOTECH_s09,11,284,119.46666666666667,0.7578924298286438,0.6016861595159226
TOKYOTECH_s09,11,285,119.5,0.69048011302948,0.5388479239683971
TOKYOTECH_s09,11,286,119.53333333333333,0.5120956301689148,0.42857927397982326
TOKYOTECH_s09,11,287,119.56666666666666,0.2559238374233246,0.2782730332968851
TOKYOTECH_s09,11,288,119.6,0.06538427621126175,0.10526158869471125
TOKYOTECH_s09,11,289,119.63333333333334,-0.15694153308868408,-0.06283955219748386
TOKYOTECH_s09,11,290,119.66666666666667,-0.3362160325050354,-0.19216806521409185
TOKYOTECH_s09,11,291,119.7,-0.447951078414917,-0.25422797629292737
TOKYOTECH_s09,11,292,119.73333333333333,-0.737816333770752,-0.240501926216224
TOKYOTECH_s09,11,293,119.76666666666667,-0.9125899076461792,-0.16863856466014573
TOKYOTECH_s09,11,294,119.8,-0.6659793853759766,-0.07565830192417014
TOKYOTECH_s09,11,295,119.83333333333333,-0.6168251037597656,-0.0016813423286108319
TOKYOTECH_s09,11,296,119.86666666666666,-0.7687380313873291,0.02730160171294578
TOKYOTECH_s09,11,297,119.9,-0.9844014048576355,0.006079246493446941
TOKYOTECH_s09,11,298,119.93333333333334,-1.047694206237793,-0.05480451854701473
TOKYOTECH_s09,11,299,119.96666666666667,-0.12848646938800812,-0.1363726893469522
TOKYOTECH_s09,12,0,120.0,0.885393500328064,-0.010952941877481283
TOKYOTECH_s09,12,1,120.03333333333333,1.3669426441192627,-0.507294826402876
TOKYOTECH_s09,12,2,120.06666666666666,1.4627336263656616,-0.9427479291473985
TOKYOTECH_s09,12,3,120.1,1.1832942962646484,-1.2688879448266468
TOKYOTECH_s09,12,4,120.13333333333334,1.2263456583023071,-1.4650712918237168
TOKYOTECH_s09,12,5,120.16666666666667,1.023854374885559,-1.5398972680312473
TOKYOTECH_s09,12,6,120.2,0.6534046530723572,-1.517035246615891
TOKYOTECH_s09,12,7,120.23333333333333,0.11794603615999222,-1.4184470115957137
TOKYOTECH_s09,12,8,120.26666666666667,0.061519067734479904,-1.256165290442034
TOKYOTECH_s09,12,9,120.3,0.2567121386528015,-1.0390773093641157
TOKYOTECH_s09,12,10,120.33333333333333,0.2243664264678955,-0.7863144581177671
TOKYOTECH_s09,12,11,120.36666666666666,0.005880401469767094,-0.5264248017398466
TOKYOTECH_s09,12,12,120.4,-0.4909006953239441,-0.2822307420482757
TOKYOTECH_s09,12,13,120.43333333333334,-0.6232332587242126,-0.06204931706844459
TOKYOTECH_s09,12,14,120.46666666666667,-0.5658908486366272,0.135785017747572
TOKYOTECH_s09,12,15,120.5,-0.5652042627334595,0.31376354372538373
TOKYOTECH_s09,12,16,120.53333333333333,-0.5682302713394165,0.46879404785121265
TOKYOTECH_s09,12,17,120.56666666666666,-0.13570831716060638,0.5926613952012424
TOKYOTECH_s09,12,18,120.6,0.762113630771637,0.6777613385004393
TOKYOTECH_s09,12,19,120.63333333333334,1.5101587772369385,0.7213054090049271
TOKYOTECH_s09,12,20,120.66666666666667,1.6759812831878662,0.7252202792566633
TOKYOTECH_s09,12,21,120.7,1.464869737625122,0.6936932377103326
TOKYOTECH_s09,12,22,120.73333333333333,0.9713180661201477,0.6305462976678261
TOKYOTECH_s09,12,23,120.76666666666667,0.7114844918251038,0.5382517294284245
TOKYOTECH_s09,12,24,120.8,0.5176137685775757,0.41922573362274895
TOKYOTECH_s09,12,25,120.83333333333333,0.43606293201446533,0.2786964351094104
TOKYOTECH_s09,12,26,120.86666666666666,0.5912561416625977,0.12731941081293652
TOKYOTECH_s09,12,27,120.9,0.3791528046131134,-0.018961371424971972
TOKYOTECH_s09,12,28,120.93333333333334,0.08142998069524765,-0.14237777424198433
TOKYOTECH_s09,12,29,120.96666666666667,-0.2483079582452774,-0.22858134857577833
TOKYOTECH_s09,12,30,121.0,-0.7269327044487,-0.2712632927856134
TOKYOTECH_s09,12,31,121.03333333333333,-0.904020369052887,-0.27342478525981706
TOKYOTECH_s09,12,32,121.06666666666666,-0.9610321521759033,-0.24485795934285812
TOKYOTECH_s09,12,33,121.1,-1.1366703510284424,-0.19776735653332692
TOKYOTECH_s09,12,34,121.13333333333334,-0.9186420440673828,-0.14257830672241745
TOKYOTECH_s09,12,35,121.16666666666667,-0.10888070613145828,-0.08564005495349927
TOKYOTECH_s09,12,36,121.2,0.8347389101982117,-0.029595716083102706
TOKYOTECH_s09,12,37,121.23333333333333,1.4342023134231567,0.02389074614392577
TOKYOTECH_s09,12,38,121.26666666666667,1.3257222175598145,0.07035345668616795
TOKYOTECH_s09,12,39,121.3,1.0607773065567017,0.09970949677718502
TOKYOTECH_s09,12,40,121.33333333333333,1.0085970163345337,0.09686840624379227
TOKYOTECH_s09,12,41,121.36666666666666,0.8589218854904175,0.048004826939829735
TOKYOTECH_s09,12,42,121.4,0.40936246514320374,-0.050371928773150464
TOKYOTECH_s09,12,43,121.43333333333334,-0.020387763157486916,-0.18689150131546767
TOKYOTECH_s09,12,44,121.46666666666667,0.021875247359275818,-0.33793899273257993
TOKYOTECH_s09,12,45,121.5,0.06111220642924309,-0.47465142889687967
TOKYOTECH_s09,12,46,121.53333333333333,-0.23147395253181458,-0.5704503818494097
TOKYOTECH_s09,12,47,121.56666666666666,-0.6481028199195862,-0.6051197507055721
TOKYOTECH_s09,12,48,121.6,-0.7474539279937744,-0.5650063143086422
TOKYOTECH_s09,12,49,121.63333333333334,-0.694612443447113,-0.44244251154600234
TOKYOTECH_s09,12,50,121.66666666666667,-0.8754381537437439,-0.2367762259618477
TOKYOTECH_s09,12,51,121.7,-1.1816797256469727,0.04206827926545048
TOKYOTECH_s09,12,52,121.73333333333333,-1.475588083267212,0.37022445287401246
TOKYOTECH_s09,12,53,121.76666666666667,-1.023053526878357,0.7123692068608746
TOKYOTECH_s09,12,54,121.8,0.12946537137031555,1.029449263498487
TOKYOTECH_s09,12,55,121.83333333333333,1.090986967086792,1.2848690291419054
TOKYOTECH_s09,12,56,121.86666666666666,1.158323049545288,1.446248977483081
TOKYOTECH_s09,12,57,121.9,1.1752841472625732,1.4844353069610599
TOKYOTECH_s09,12,58,121.93333333333334,1.1945847272872925,1.3738189029999708
TOKYOTECH_s09,12,59,121.96666666666667,0.9801928400993347,1.0991415114947565
TOKYOTECH_s09,12,60,122.0,0.3044677972793579,0.668096055377046
TOKYOTECH_s09,12,61,122.03333333333333,-0.1652822494506836,0.12304153382329604
TOKYOTECH_s09,12,62,122.06666666666666,-0.11508538573980331,-0.45780115882365746
TOKYOTECH_s09,12,63,122.1,-0.12685902416706085,-0.9796944064746057
TOKYOTECH_s09,12,64,122.13333333333334,-0.07170350104570389,-1.363752093469702
TOKYOTECH_s09,12,65,122.16666666666667,-0.39152413606643677,-1.568820116195486
TOKYOTECH_s09,12,66,122.2,-0.636303722858429,-1.5939152499921685
TOKYOTECH_s09,12,67,122.23333333333333,-0.6427372694015503,-1.4687108673321314
TOKYOTECH_s09,12,68,122.26666666666667,-0.6060686707496643,-1.239218352500179
TOKYOTECH_s09,12,69,122.3,-0.9564040899276733,-0.9536077251881325
TOKYOTECH_s09,12,70,122.33333333333333,-1.2259769439697266,-0.6524251731796264
TOKYOTECH_s09,12,71,122.36666666666666,-0.8904412388801575,-0.36608346242338013
TOKYOTECH_s09,12,72,122.4,0.013356529176235199,-0.11707270483333554
TOKYOTECH_s09,12,73,122.43333333333334,1.010224461555481,0.08015107412893402
TOKYOTECH_s09,12,74,122.46666666666667,1.2615647315979004,0.22197629486885503
TOKYOTECH_s09,12,75,122.5,1.2920032739639282,0.3147587928554291
TOKYOTECH_s09,12,76,122.53333333333333,1.331164002418518,0.3696039972956984
TOKYOTECH_s09,12,77,122.56666666666666,1.0268805027008057,0.39816101974448587
TOKYOTECH_s09,12,78,122.6,0.5186817646026611,0.41148832282552317
TOKYOTECH_s09,12,79,122.63333333333334,0.1600310504436493,0.4202803889426016
TOKYOTECH_s09,12,80,122.66666666666667,0.03415745869278908,0.43431297890306525
TOKYOTECH_s09,12,81,122.7,0.10261234641075134,0.4592202638209332
TOKYOTECH_s09,12,82,122.73333333333333,0.16163307428359985,0.49287652299587503
TOKYOTECH_s09,12,83,122.76666666666667,-0.09670021384954453,0.5272131327568735
TOKYOTECH_s09,12,84,122.8,-0.45283347368240356,0.5542856602699854
TOKYOTECH_s09,12,85,122.83333333333333,-0.8036012053489685,0.568687366224718
TOKYOTECH_s09,12,86,122.86666666666666,-0.8788201808929443,0.5644481028549316
TOKYOTECH_s09,12,87,122.9,-0.8689791560173035,0.53110412946601
TOKYOTECH_s09,12,88,122.93333333333334,-0.9707969427108765,0.45429183455084393
TOKYOTECH_s09,12,89,122.96666666666667,-0.7740781307220459,0.3253162167156548
TOKYOTECH_s09,12,90,123.0,0.07675104588270187,0.15443807836637616
TOKYOTECH_s09,12,91,123.03333333333333,0.765902578830719,-0.025836556552232177
TOKYOTECH_s09,12,92,123.06666666666666,1.0430024862289429,-0.1730429126792843
TOKYOTECH_s09,12,93,123.1,1.117000937461853,-0.25837957318254556
TOKYOTECH_s09,12,94,123.13333333333334,1.0448079109191895,-0.2865200283071345
TOKYOTECH_s09,12,95,123.16666666666667,0.4063109755516052,-0.2893790475733855
TOKYOTECH_s09,12,96,123.2,-0.06315935403108597,-0.29832390415209825
TOKYOTECH_s09,12,97,123.23333333333333,-0.21026615798473358,-0.3248788470044941
TOKYOTECH_s09,12,98,123.26666666666667,-0.30796441435813904,-0.3615999141701043
TOKYOTECH_s09,12,99,123.3,-0.7743069529533386,-0.39354397076724784
TOKYOTECH_s09,12,100,123.33333333333333,-0.863105058670044,-0.4099752237539292
TOKYOTECH_s09,12,101,123.36666666666666,-0.7334933876991272,-0.4080179333704526
TOKYOTECH_s09,12,102,123.4,-0.9084195494651794,-0.3882667917959434
TOKYOTECH_s09,12,103,123.43333333333334,-1.3705917596817017,-0.35046972206335675
TOKYOTECH_s09,12,104,123.46666666666667,-1.4287225008010864,-0.2930951880876785
TOKYOTECH_s09,12,105,123.5,-1.272766351699829,-0.21525604500032827
TOKYOTECH_s09,12,106,123.53333333333333,-1.0566706657409668,-0.11924954246271627
TOKYOTECH_s09,12,107,123.56666666666666,-0.4113079011440277,-0.012241750573654363
TOKYOTECH_s09,12,108,123.6,0.5049501061439514,0.09391967900229939
TOKYOTECH_s09,12,109,123.63333333333334,1.2797974348068237,0.18508212712449368
TOKYOTECH_s09,12,110,123.66666666666667,1.3923207521438599,0.2479152289405094
TOKYOTECH_s09,12,111,123.7,1.1101350784301758,0.2709615824617926
TOKYOTECH_s09,12,112,123.73333333333333,1.1733770370483398,0.24499463048394496
TOKYOTECH_s09,12,113,123.76666666666667,0.9521446228027344,0.16777147547094795
TOKYOTECH_s09,12,114,123.8,0.5014408826828003,0.051298769723745426
TOKYOTECH_s09,12,115,123.83333333333333,0.6379692554473877,-0.0768652384750389
TOKYOTECH_s09,12,116,123.86666666666666,1.1351317167282104,-0.18165223842209835
TOKYOTECH_s09,12,117,123.9,1.3580678701400757,-0.23510542671236312
TOKYOTECH_s09,12,118,123.93333333333334,1.1990348100662231,-0.22911988094530722
TOKYOTECH_s09,12,119,123.96666666666667,1.0485714673995972,-0.1742145405965454
TOKYOTECH_s09,12,120,124.0,0.7499840259552002,-0.08640394773456134
TOKYOTECH_s09,12,121,124.03333333333333,0.12036179006099701,0.022219696122676734
TOKYOTECH_s09,12,122,124.06666666666666,-0.3066675364971161,0.143212307562414
TOKYOTECH_s09,12,123,124.1,-0.3389369249343872,0.26695985062720473
TOKYOTECH_s09,12,124,124.13333333333334,0.13310173153877258,0.379064312724438
TOKYOTECH_s09,12,125,124.16666666666667,0.7295136451721191,0.4626317783779872
TOKYOTECH_s09,12,126,124.2,1.4128419160842896,0.5050464068918153
TOKYOTECH_s09,12,127,124.23333333333333,1.4415513277053833,0.5020705926979518
TOKYOTECH_s09,12,128,124.26666666666667,1.19542396068573,0.4566990327367114
TOKYOTECH_s09,12,129,124.3,1.0423158407211304,0.37543462778516223
TOKYOTECH_s09,12,130,124.33333333333333,0.4398772716522217,0.26522980009595365
TOKYOTECH_s09,12,131,124.36666666666666,-0.055072929710149765,0.13402726323286648
TOKYOTECH_s09,12,132,124.4,-0.21443651616573334,-0.006991311581565774
TOKYOTECH_s09,12,133,124.43333333333334,-0.5445050597190857,-0.14556792852505576
TOKYOTECH_s09,12,134,124.46666666666667,-0.5233989357948303,-0.2737146771919968
TOKYOTECH_s09,12,135,124.5,-0.4191145896911621,-0.3879762509755233
TOKYOTECH_s09,12,136,124.53333333333333,-0.7709503173828125,-0.48368653747261625
TOKYOTECH_s09,12,137,124.56666666666666,-0.810467004776001,-0.5499517482920213
TOKYOTECH_s09,12,138,124.6,-0.9770779013633728,-0.569875704062107
TOKYOTECH_s09,12,139,124.63333333333334,-1.295093059539795,-0.5270980592397787
TOKYOTECH_s09,12,140,124.66666666666667,-1.2144068479537964,-0.41533683458487525
TOKYOTECH_s09,12,141,124.7,-1.1242355108261108,-0.24401470173147505
TOKYOTECH_s09,12,142,124.73333333333333,-0.3816831111907959,-0.036591015026875846
TOKYOTECH_s09,12,143,124.76666666666667,0.7608676552772522,0.17740916119596783
TOKYOTECH_s09,12,144,124.8,1.1501094102859497,0.37169482768953893
TOKYOTECH_s09,12,145,124.83333333333333,1.1916859149932861,0.5261376733620502
TOKYOTECH_s09,12,146,124.86666666666666,1.3048449754714966,0.6229904876174283
TOKYOTECH_s09,12,147,124.9,0.8779173493385315,0.6434065644307289
TOKYOTECH_s09,12,148,124.93333333333334,0.5479251146316528,0.5697383464893886
TOKYOTECH_s09,12,149,124.96666666666667,-0.1358608901500702,0.3959416238380294
TOKYOTECH_s09,12,150,125.0,-0.4671754240989685,0.14049962014567777
TOKYOTECH_s09,12,151,125.03333333333333,-0.4487902522087097,-0.15031736913901683
TOKYOTECH_s09,12,152,125.06666666666666,-0.6878229379653931,-0.4139905372940045
TOKYOTECH_s09,12,153,125.1,-0.8449487686157227,-0.5946580151657942
TOKYOTECH_s09,12,154,125.13333333333334,-0.9848337173461914,-0.6660718333576996
TOKYOTECH_s09,12,155,125.16666666666667,-1.2534403800964355,-0.6380068619730186
TOKYOTECH_s09,12,156,125.2,-1.2279095649719238,-0.5432435870507555
TOKYOTECH_s09,12,157,125.23333333333333,-1.2934656143188477,-0.41661279582970817
TOKYOTECH_s09,12,158,125.26666666666667,-1.836807131767273,-0.2792087646289428
TOKYOTECH_s09,12,159,125.3,-1.5139859914779663,-0.13922630755099522
TOKYOTECH_s09,12,160,125.33333333333333,-0.6334811449050903,-0.004472390479594787
TOKYOTECH_s09,12,161,125.36666666666666,0.35898759961128235,0.11321309416052774
TOKYOTECH_s09,12,162,125.4,0.6643136739730835,0.20510477674840855
TOKYOTECH_s09,12,163,125.43333333333334,0.7225715517997742,0.2705915858759131
TOKYOTECH_s09,12,164,125.46666666666667,0.8581590056419373,0.31449218741596374
TOKYOTECH_s09,12,165,125.5,0.6313576698303223,0.3409236596280397
TOKYOTECH_s09,12,166,125.53333333333333,0.29747483134269714,0.34888787842969987
TOKYOTECH_s09,12,167,125.56666666666666,-0.26862573623657227,0.33426623491628593
TOKYOTECH_s09,12,168,125.6,-0.3204754889011383,0.29593919666825363
TOKYOTECH_s09,12,169,125.63333333333334,-0.2616073191165924,0.2374301351642509
TOKYOTECH_s09,12,170,125.66666666666667,-0.5690186023712158,0.1629930164213171
TOKYOTECH_s09,12,171,125.7,-0.7334933876991272,0.07485547575035187
TOKYOTECH_s09,12,172,125.73333333333333,-0.7096155881881714,-0.024846037105783772
TOKYOTECH_s09,12,173,125.76666666666667,-0.8414903879165649,-0.12811994256952886
TOKYOTECH_s09,12,174,125.8,-1.105850338935852,-0.21628711282210292
TOKYOTECH_s09,12,175,125.83333333333333,-1.0647571086883545,-0.2644477656248217
TOKYOTECH_s09,12,176,125.86666666666666,-1.242760181427002,-0.25389392110817943
TOKYOTECH_s09,12,177,125.9,-1.3470699787139893,-0.18180442577327982
TOKYOTECH_s09,12,178,125.93333333333334,-0.3739526867866516,-0.0624776544183195
TOKYOTECH_s09,12,179,125.96666666666667,0.5884844064712524,0.07931405262550553
TOKYOTECH_s09,12,180,126.0,1.142480731010437,0.2177257532063449
TOKYOTECH_s09,12,181,126.03333333333333,1.3393012285232544,0.32970691394089907
TOKYOTECH_s09,12,182,126.06666666666666,1.3711129426956177,0.39262551585928873
TOKYOTECH_s09,12,183,126.1,1.0190483331680298,0.3825833870098143
TOKYOTECH_s09,12,184,126.13333333333334,0.5563421249389648,0.27877955827508444
TOKYOTECH_s09,12,185,126.16666666666667,0.30065345764160156,0.07602901501375382
TOKYOTECH_s09,12,186,126.2,0.10078145563602448,-0.20038394169363025
TOKYOTECH_s09,12,187,126.23333333333333,-0.03363627567887306,-0.4899913750438204
TOKYOTECH_s09,12,188,126.26666666666667,-0.29512277245521545,-0.7110190857545263
TOKYOTECH_s09,12,189,126.3,-0.30605724453926086,-0.7947470535067411
TOKYOTECH_s09,12,190,126.33333333333333,-0.35961073637008667,-0.7212363979073114
TOKYOTECH_s09,12,191,126.36666666666666,-0.5665774345397949,-0.5209055593741584
TOKYOTECH_s09,12,192,126.4,-0.6540023684501648,-0.24383081724528674
TOKYOTECH_s09,12,193,126.43333333333334,-1.0628498792648315,0.06465105468140811
TOKYOTECH_s09,12,194,126.46666666666667,-1.0175100564956665,0.36740980803629336
TOKYOTECH_s09,12,195,126.5,-1.057255506515503,0.6309914120535995
TOKYOTECH_s09,12,196,126.53333333333333,-0.5392158031463623,0.8232178956301708
TOKYOTECH_s09,12,197,126.56666666666666,0.6982868313789368,0.917141217917628
TOKYOTECH_s09,12,198,126.6,1.257216453552246,0.8989204240780085
TOKYOTECH_s09,12,199,126.63333333333334,1.224158763885498,0.7711858601758339
TOKYOTECH_s09,12,200,126.66666666666667,1.1118388175964355,0.5491717910858055
TOKYOTECH_s09,12,201,126.7,0.9828882813453674,0.25336503990067394
TOKYOTECH_s09,12,202,126.73333333333333,0.7401430010795593,-0.09550423688663662
TOKYOTECH_s09,12,203,126.76666666666667,0.14055243134498596,-0.47279196368582155
TOKYOTECH_s09,12,204,126.8,-0.07528898864984512,-0.8410315250990562
TOKYOTECH_s09,12,205,126.83333333333333,-0.27099063992500305,-1.1480921931676389
TOKYOTECH_s09,12,206,126.86666666666666,-0.44683220982551575,-1.3371705745392635
TOKYOTECH_s09,12,207,126.9,-0.5928964614868164,-1.3644008714370635
TOKYOTECH_s09,12,208,126.93333333333334,-0.9408923983573914,-1.214755331127148
TOKYOTECH_s09,12,209,126.96666666666667,-0.8358197212219238,-0.9040200694938568
TOKYOTECH_s09,12,210,127.0,-1.054966926574707,-0.46799125526164365
TOKYOTECH_s09,12,211,127.03333333333333,-1.3630139827728271,0.04707774165479653
TOKYOTECH_s09,12,212,127.06666666666666,-1.4126259088516235,0.5873580999291077
TOKYOTECH_s09,12,213,127.1,-1.6944810152053833,1.0921818871515427
TOKYOTECH_s09,12,214,127.13333333333334,-1.2118384838104248,1.4973621458440953
TOKYOTECH_s09,12,215,127.16666666666667,-0.28395941853523254,1.7444771751840504
TOKYOTECH_s09,12,216,127.2,0.23344458639621735,1.793432297354753
TOKYOTECH_s09,12,217,127.23333333333333,0.5188343524932861,1.6300236255775218
TOKYOTECH_s09,12,218,127.26666666666667,0.44478505849838257,1.2663006452272434
TOKYOTECH_s09,12,219,127.3,0.26571398973464966,0.737971489425647
TOKYOTECH_s09,12,220,127.33333333333333,-0.2271255999803543,0.10292596191336892
TOKYOTECH_s09,12,221,127.36666666666666,-0.4664888381958008,-0.5564653562630181
TOKYOTECH_s09,12,222,127.4,-0.8352603316307068,-1.1353165265156826
TOKYOTECH_s09,12,223,127.43333333333334,-0.905596911907196,-1.5287093311442008
TOKYOTECH_s09,12,224,127.46666666666667,-1.0563654899597168,-1.6690531101131787
TOKYOTECH_s09,12,225,127.5,-1.0870075225830078,-1.5515634800791513
TOKYOTECH_s09,12,226,127.53333333333333,-1.1218197345733643,-1.2329429347511134
TOKYOTECH_s09,12,227,127.56666666666666,-1.0917881727218628,-0.8038626688941326
TOKYOTECH_s09,12,228,127.6,-1.288405179977417,-0.3511265743503879
TOKYOTECH_s09,12,229,127.63333333333334,-1.497558832168579,0.06318918720748018
TOKYOTECH_s09,12,230,127.66666666666667,-1.4002928733825684,0.400470551762392
TOKYOTECH_s09,12,231,127.7,-1.0854054689407349,0.6398438170559356
TOKYOTECH_s09,12,232,127.73333333333333,-0.1735212504863739,0.7756948145315827
TOKYOTECH_s09,12,233,127.76666666666667,0.7481531500816345,0.8139496828587449
TOKYOTECH_s09,12,234,127.8,1.14347243309021,0.7660380520768039
TOKYOTECH_s09,12,235,127.83333333333333,1.1807514429092407,0.643449680566271
TOKYOTECH_s09,12,236,127.86666666666666,1.1877952814102173,0.4554469156561594
TOKYOTECH_s09,12,237,127.9,0.7990365624427795,0.2115745514091081
TOKYOTECH_s09,12,238,127.93333333333334,0.667721152305603,-0.07249957169252971
TOKYOTECH_s09,12,239,127.96666666666667,0.17833992838859558,-0.3700553473878456
TOKYOTECH_s09,12,240,128.0,0.07179238647222519,-0.6424764304485433
TOKYOTECH_s09,12,241,128.03333333333333,0.15306349098682404,-0.8438381499611345
TOKYOTECH_s09,12,242,128.06666666666666,-0.31091415882110596,-0.9318083161140417
TOKYOTECH_s09,12,243,128.1,-0.2373226284980774,-0.8847761955028839
TOKYOTECH_s09,12,244,128.13333333333333,-0.4564189612865448,-0.7152417488290653
TOKYOTECH_s09,12,245,128.16666666666666,-0.5812245011329651,-0.46206037793055504
TOKYOTECH_s09,12,246,128.2,-0.7000033855438232,-0.16661414412402833
TOKYOTECH_s09,12,247,128.23333333333332,-0.9221512079238892,0.14082790211773874
TOKYOTECH_s09,12,248,128.26666666666668,-0.8289284706115723,0.43705182863971925
TOKYOTECH_s09,12,249,128.3,-0.3477862477302551,0.6972044569883994
TOKYOTECH_s09,12,250,128.33333333333334,0.5769396424293518,0.8919168877322552
TOKYOTECH_s09,12,251,128.36666666666667,1.369688868522644,0.9951020270214012
TOKYOTECH_s09,12,252,128.4,1.6590964794158936,0.9964375892364716
TOKYOTECH_s09,12,253,128.43333333333334,1.731619954109192,0.9033225009849696
TOKYOTECH_s09,12,254,128.46666666666667,1.4720661640167236,0.7320155294040748
TOKYOTECH_s09,12,255,128.5,1.0585650205612183,0.5025862483324578
TOKYOTECH_s09,12,256,128.53333333333333,0.7920435667037964,0.2409581319280302
TOKYOTECH_s09,12,257,128.56666666666666,0.35341864824295044,-0.020870763130240222
TOKYOTECH_s09,12,258,128.6,0.1765344738960266,-0.24980744162264956
TOKYOTECH_s09,12,259,128.63333333333333,0.42027151584625244,-0.4185994018534062
TOKYOTECH_s09,12,260,128.66666666666666,-0.026236435398459435,-0.5119219127400186
TOKYOTECH_s09,12,261,128.7,-0.28385770320892334,-0.5298535988771593
TOKYOTECH_s09,12,262,128.73333333333332,-0.31668657064437866,-0.4866817363287512
TOKYOTECH_s09,12,263,128.76666666666668,-0.6045175194740295,-0.40320143416815396
TOKYOTECH_s09,12,264,128.8,-0.6006014347076416,-0.2964631986553705
TOKYOTECH_s09,12,265,128.83333333333334,-0.9547766447067261,-0.17579837853177666
TOKYOTECH_s09,12,266,128.86666666666667,-0.9081398248672485,-0.04690152121668824
TOKYOTECH_s09,12,267,128.9,-0.13189396262168884,0.0817027635045656
TOKYOTECH_s09,12,268,128.93333333333334,0.6431821584701538,0.1949512134993401
TOKYOTECH_s09,12,269,128.96666666666667,0.9782856702804565,0.27355253112152167
TOKYOTECH_s09,12,270,129.0,1.1218832731246948,0.3005478357632299
TOKYOTECH_s09,12,271,129.03333333333333,1.0120807886123657,0.2658118166354184
TOKYOTECH_s09,12,272,129.06666666666666,0.8319417238235474,0.16703740098789682
TOKYOTECH_s09,12,273,129.1,0.4220260977745056,0.010858961790656749
TOKYOTECH_s09,12,274,129.13333333333333,-0.23704290390014648,-0.18542632618884294
TOKYOTECH_s09,12,275,129.16666666666666,-0.37448668479919434,-0.3944911214604445
TOKYOTECH_s09,12,276,129.2,-0.5217969417572021,-0.583310694964114
TOKYOTECH_s09,12,277,129.23333333333332,-0.5895652174949646,-0.720472919855349
TOKYOTECH_s09,12,278,129.26666666666668,-0.6781090497970581,-0.7842793270938603
TOKYOTECH_s09,12,279,129.3,-1.1404083967208862,-0.7683578704721353
TOKYOTECH_s09,12,280,129.33333333333334,-1.2122453451156616,-0.6816653719559166
TOKYOTECH_s09,12,281,129.36666666666667,-1.3546223640441895,-0.5406819108629983
TOKYOTECH_s09,12,282,129.4,-1.4053531885147095,-0.35850739046244506
TOKYOTECH_s09,12,283,129.43333333333334,-1.3269810676574707,-0.14132645116925738
TOKYOTECH_s09,12,284,129.46666666666667,-0.8581972718238831,0.10570225783346658
TOKYOTECH_s09,12,285,129.5,0.3181994557380676,0.3699962756324987
TOKYOTECH_s09,12,286,129.53333333333333,0.9180697798728943,0.6267448873179506
TOKYOTECH_s09,12,287,129.56666666666666,0.9941024780273438,0.8416976636600105
TOKYOTECH_s09,12,288,129.6,1.1174585819244385,0.9801230965983803
TOKYOTECH_s09,12,289,129.63333333333333,1.078704833984375,1.0155039369917016
TOKYOTECH_s09,12,290,129.66666666666666,0.6692469120025635,0.935025027172705
TOKYOTECH_s09,12,291,129.7,0.15898846089839935,0.7429467420116642
TOKYOTECH_s09,12,292,129.73333333333332,0.015543424524366856,0.4625109132101463
TOKYOTECH_s09,12,293,129.76666666666668,-0.1284101903438568,0.13618590929360472
TOKYOTECH_s09,12,294,129.8,-0.4383389353752136,-0.1781347611849844
TOKYOTECH_s09,12,295,129.83333333333334,-0.4538252055644989,-0.418806446832849
TOKYOTECH_s09,12,296,129.86666666666667,-0.7088781595230103,-0.5379116697279042
TOKYOTECH_s09,12,297,129.9,-0.7915478348731995,-0.5166998489358517
TOKYOTECH_s09,12,298,129.93333333333334,-0.966804563999176,-0.37246963882842454
TOKYOTECH_s09,12,299,129.96666666666667,-1.0391501188278198,-0.15308633321546994
TOKYOTECH_s09,13,0,130.0,-0.9325262308120728,-0.0034846166386554075
TOKYOTECH_s09,13,1,130.03333333333333,-0.7407915592193604,-0.34781633266673706
TOKYOTECH_s09,13,2,130.06666666666666,0.2405392825603485,-0.6141287979277942
TOKYOTECH_s09,13,3,130.1,1.1388952732086182,-0.7469951843955196
TOKYOTECH_s09,13,4,130.13333333333333,1.309549331665039,-0.733575006216359
TOKYOTECH_s09,13,5,130.16666666666666,1.320865273475647,-0.6042850030718518
TOKYOTECH_s09,13,6,130.2,1.4068915843963623,-0.41290344508670873
TOKYOTECH_s09,13,7,130.23333333333332,1.0230915546417236,-0.21493556687474766
TOKYOTECH_s09,13,8,130.26666666666668,0.36750632524490356,-0.05443587884252786
TOKYOTECH_s09,13,9,130.3,0.2503040134906769,0.04143243770980268
TOKYOTECH_s09,13,10,130.33333333333334,-0.01237762626260519,0.0628306823104911
TOKYOTECH_s09,13,11,130.36666666666667,-0.36650198698043823,0.01624806132156916
TOKYOTECH_s09,13,12,130.4,-0.22000546753406525,-0.0776343865904228
TOKYOTECH_s09,13,13,130.43333333333334,-0.4157071113586426,-0.1902379161992914
TOKYOTECH_s09,13,14,130.46666666666667,-0.5825976729393005,-0.2938161146168353
TOKYOTECH_s09,13,15,130.5,-0.4667939841747284,-0.3664109642198832
TOKYOTECH_s09,13,16,130.53333333333333,-0.8376760482788086,-0.39215665413105893
TOKYOTECH_s09,13,17,130.56666666666666,-0.9212103486061096,-0.361443741458504
TOKYOTECH_s09,13,18,130.6,-1.221577763557434,-0.27227331960661894
TOKYOTECH_s09,13,19,130.63333333333333,-0.3897695243358612,-0.13051906525792836
TOKYOTECH_s09,13,20,130.66666666666666,0.4537360668182373,0.05100071298603521
TOKYOTECH_s09,13,21,130.7,1.0336954593658447,0.2525311503469565
TOKYOTECH_s09,13,22,130.73333333333332,1.5774693489074707,0.4473276289287427
TOKYOTECH_s09,13,23,130.76666666666668,1.391456127166748,0.6050987050723224
TOKYOTECH_s09,13,24,130.8,1.243561029434204,0.6985182181171912
TOKYOTECH_s09,13,25,130.83333333333334,0.9581204652786255,0.7083853675830979
TOKYOTECH_s09,13,26,130.86666666666667,0.2555678188800812,0.6261292617741185
TOKYOTECH_s09,13,27,130.9,0.028156211599707603,0.4556605352479564
TOKYOTECH_s09,13,28,130.93333333333334,0.08509176224470139,0.2156610546476675
TOKYOTECH_s09,13,29,130.96666666666667,-0.2190137356519699,-0.05797102264625584
TOKYOTECH_s09,13,30,131.0,-0.36685797572135925,-0.31365007948069157
TOKYOTECH_s09,13,31,131.03333333333333,-0.6262338757514954,-0.4963599699152642
TOKYOTECH_s09,13,32,131.06666666666666,-0.8392272591590881,-0.5675244535408598
TOKYOTECH_s09,13,33,131.1,-0.892857015132904,-0.5199361161287644
TOKYOTECH_s09,13,34,131.13333333333333,-1.1915969848632812,-0.37917088585428427
TOKYOTECH_s09,13,35,131.16666666666666,-1.1476556062698364,-0.18899400841447658
TOKYOTECH_s09,13,36,131.2,-1.1121059656143188,0.009668331254976513
TOKYOTECH_s09,13,37,131.23333333333332,-0.6677848696708679,0.1869827917733059
TOKYOTECH_s09,13,38,131.26666666666668,0.46083077788352966,0.31896999820336974
TOKYOTECH_s09,13,39,131.3,1.0160731077194214,0.38637972059876713
TOKYOTECH_s09,13,40,131.33333333333334,0.7904161214828491,0.38142813401216624
TOKYOTECH_s09,13,41,131.36666666666667,0.7278608083724976,0.31112709469935157
TOKYOTECH_s09,13,42,131.4,0.6708743572235107,0.19328834271922496
TOKYOTECH_s09,13,43,131.43333333333334,0.16997379064559937,0.04978374318826544
TOKYOTECH_s09,13,44,131.46666666666667,-0.4649631083011627,-0.0993218958096531
TOKYOTECH_s09,13,45,131.5,-0.6685731410980225,-0.23897531773453234
TOKYOTECH_s09,13,46,131.53333333333333,-0.8505176901817322,-0.35909859820772133
TOKYOTECH_s09,13,47,131.56666666666666,-1.1369755268096924,-0.4519895307851363
TOKYOTECH_s09,13,48,131.6,-1.0742675065994263,-0.5089513508163324
TOKYOTECH_s09,13,49,131.63333333333333,-1.3319143056869507,-0.51862289221087
TOKYOTECH_s09,13,50,131.66666666666666,-1.5817288160324097,-0.4686529000543833
TOKYOTECH_s09,13,51,131.7,-1.5828731060028076,-0.3510918894541515
TOKYOTECH_s09,13,52,131.73333333333332,-1.9684785604476929,-0.16873159997342554
TOKYOTECH_s09,13,53,131.76666666666668,-1.7691915035247803,0.0628757269024993
TOKYOTECH_s09,13,54,131.8,-1.0808281898498535,0.31790316066660945
TOKYOTECH_s09,13,55,131.83333333333334,-0.20894385874271393,0.5624007473008799
TOKYOTECH_s09,13,56,131.86666666666667,0.7793545126914978,0.756148111899209
TOKYOTECH_s09,13,57,131.9,1.1418704986572266,0.8590243198612342
TOKYOTECH_s09,13,58,131.93333333333334,0.9647573828697205,0.8420510649769206
TOKYOTECH_s09,13,59,131.96666666666667,1.049207091331482,0.6982506027462987
TOKYOTECH_s09,13,60,132.0,0.9178154468536377,0.4489182057033509
TOKYOTECH_s09,13,61,132.03333333333333,0.3837554454803467,0.14227272684796305
TOKYOTECH_s09,13,62,132.06666666666666,-0.2053583562374115,-0.15874500212793727
TOKYOTECH_s09,13,63,132.1,-0.3039974868297577,-0.40181409851187777
TOKYOTECH_s09,13,64,132.13333333333333,-0.330570787191391,-0.5695767206922658
TOKYOTECH_s09,13,65,132.16666666666666,-0.6863734722137451,-0.675828984485696
TOKYOTECH_s09,13,66,132.2,-0.6271492838859558,-0.7376765639063053
TOKYOTECH_s09,13,67,132.23333333333332,-0.5470479130744934,-0.7578998501716766
TOKYOTECH_s09,13,68,132.26666666666668,-0.934306263923645,-0.7286525365045101
TOKYOTECH_s09,13,69,132.3,-0.9347385764122009,-0.6417304695877986
TOKYOTECH_s09,13,70,132.33333333333334,-1.1195566654205322,-0.49579693136915737
TOKYOTECH_s09,13,71,132.36666666666667,-1.0055583715438843,-0.298766652224989
TOKYOTECH_s09,13,72,132.4,-0.15272031724452972,-0.06633504685322072
TOKYOTECH_s09,13,73,132.43333333333334,0.5563929677009583,0.18004694276007543
TOKYOTECH_s09,13,74,132.46666666666667,1.3785127401351929,0.41477861292510954
TOKYOTECH_s09,13,75,132.5,1.8054149150848389,0.6108844408613057
TOKYOTECH_s09,13,76,132.53333333333333,1.426421046257019,0.7447354407400418
TOKYOTECH_s09,13,77,132.56666666666666,1.1646039485931396,0.8022993656013977
TOKYOTECH_s09,13,78,132.6,1.1199760437011719,0.7835519432238182
TOKYOTECH_s09,13,79,132.63333333333333,0.43598663806915283,0.6995450093780007
TOKYOTECH_s09,13,80,132.66666666666666,0.025257304310798645,0.5640591328778467
TOKYOTECH_s09,13,81,132.7,-0.03577231243252754,0.38871825067367904
TOKYOTECH_s09,13,82,132.73333333333332,-0.2514611482620239,0.184797274840718
TOKYOTECH_s09,13,83,132.76666666666668,-0.19648364186286926,-0.03152497339160459
TOKYOTECH_s09,13,84,132.8,-0.33222368359565735,-0.2356655497996269
TOKYOTECH_s09,13,85,132.83333333333334,-0.6180965900421143,-0.3986048424513648
TOKYOTECH_s09,13,86,132.86666666666667,-0.649653971195221,-0.49725612582733086
TOKYOTECH_s09,13,87,132.9,-0.9744078516960144,-0.5235610945805921
TOKYOTECH_s09,13,88,132.93333333333334,-1.1762378215789795,-0.4865446203468373
TOKYOTECH_s09,13,89,132.96666666666667,-1.1838157176971436,-0.40492994762781803
TOKYOTECH_s09,13,90,133.0,-0.8703523278236389,-0.2951784717469544
TOKYOTECH_s09,13,91,133.03333333333333,0.2753515839576721,-0.16584962218882987
TOKYOTECH_s09,13,92,133.06666666666666,0.845495343208313,-0.021598897843760678
TOKYOTECH_s09,13,93,133.1,1.2579792737960815,0.1282680389580057
TOKYOTECH_s09,13,94,133.13333333333333,1.4589192867279053,0.26372745615745596
TOKYOTECH_s09,13,95,133.16666666666666,0.9792265295982361,0.35758315763190895
TOKYOTECH_s09,13,96,133.2,0.7183248996734619,0.386390324839293
TOKYOTECH_s09,13,97,133.23333333333332,0.0722755417227745,0.33774480991950545
TOKYOTECH_s09,13,98,133.26666666666668,-0.3114990293979645,0.2107786853099196
TOKYOTECH_s09,13,99,133.3,-0.44985827803611755,0.015241793253911451
TOKYOTECH_s09,13,100,133.33333333333334,-0.6295396089553833,-0.22705207548243075
TOKYOTECH_s09,13,101,133.36666666666667,-0.672133207321167,-0.4774605261202823
TOKYOTECH_s09,13,102,133.4,-0.9190234541893005,-0.6794513798463079
TOKYOTECH_s09,13,103,133.43333333333334,-1.0220109224319458,-0.7741836630086683
TOKYOTECH_s09,13,104,133.46666666666667,-1.2748515605926514,-0.7275573650454092
TOKYOTECH_s09,13,105,133.5,-1.3986399173736572,-0.5463873706092437
TOKYOTECH_s09,13,106,133.53333333333333,-1.7495094537734985,-0.27397960875976063
TOKYOTECH_s09,13,107,133.56666666666666,-1.7346588373184204,0.029583573994646006
TOKYOTECH_s09,13,108,133.6,-1.4237383604049683,0.31078866282687767
TOKYOTECH_s09,13,109,133.63333333333333,-0.451078861951828,0.5345229883933006
TOKYOTECH_s09,13,110,133.66666666666666,0.14362932741641998,0.6820211000372575
TOKYOTECH_s09,13,111,133.7,0.6788082122802734,0.7455293144232791
TOKYOTECH_s09,13,112,133.73333333333332,0.8867412209510803,0.7257638035216023
TOKYOTECH_s09,13,113,133.76666666666668,0.6891323924064636,0.6319973533541882
TOKYOTECH_s09,13,114,133.8,0.5939770340919495,0.48258611009974556
TOKYOTECH_s09,13,115,133.83333333333334,-0.033992283046245575,0.3024570772350532
TOKYOTECH_s09,13,116,133.86666666666667,-0.4517654478549957,0.11709811226824846
TOKYOTECH_s09,13,117,133.9,-0.4773978888988495,-0.054118124396003386
TOKYOTECH_s09,13,118,133.93333333333334,-0.6272764801979065,-0.20145717162832003
TOKYOTECH_s09,13,119,133.96666666666667,-0.5941424369812012,-0.32133258477591514
TOKYOTECH_s09,13,120,134.0,-0.6845934391021729,-0.4087751110506972
TOKYOTECH_s09,13,121,134.03333333333333,-0.9269318580627441,-0.4548798463053447
TOKYOTECH_s09,13,122,134.06666666666666,-0.9679996967315674,-0.4518334361705953
TOKYOTECH_s09,13,123,134.1,-1.1568100452423096,-0.4009816395565228
TOKYOTECH_s09,13,124,134.13333333333333,-1.2950676679611206,-0.3168669018561981
TOKYOTECH_s09,13,125,134.16666666666666,-1.095399022102356,-0.21956852878091945
TOKYOTECH_s09,13,126,134.2,-0.5342317223548889,-0.12030483120240545
TOKYOTECH_s09,13,127,134.23333333333332,0.6719169616699219,-0.016627111802306586
TOKYOTECH_s09,13,128,134.26666666666668,1.4694468975067139,0.09801801788713907
TOKYOTECH_s09,13,129,134.3,1.451672077178955,0.2184899610950046
TOKYOTECH_s09,13,130,134.33333333333334,1.4369486570358276,0.3189526110577319
TOKYOTECH_s09,13,131,134.36666666666667,1.214139699935913,0.3651048901237339
TOKYOTECH_s09,13,132,134.4,0.8756287693977356,0.3396361577749089
TOKYOTECH_s09,13,133,134.43333333333334,0.6306202411651611,0.25249721328554936
TOKYOTECH_s09,13,134,134.46666666666667,0.08051453530788422,0.12951099233457802
TOKYOTECH_s09,13,135,134.5,-0.3149828016757965,-0.003598037624979178
TOKYOTECH_s09,13,136,134.53333333333333,-0.1711309254169464,-0.1300788244643438
TOKYOTECH_s09,13,137,134.56666666666666,-0.17250408232212067,-0.24072197785621974
TOKYOTECH_s09,13,138,134.6,-0.6715483665466309,-0.3264954969756061
TOKYOTECH_s09,13,139,134.63333333333333,-0.8214777708053589,-0.37583953368252426
TOKYOTECH_s09,13,140,134.66666666666666,-0.6594187021255493,-0.37895467647191117
TOKYOTECH_s09,13,141,134.7,-1.014840006828308,-0.33254551076188826
TOKYOTECH_s09,13,142,134.73333333333332,-1.295398235321045,-0.24109200480572773
TOKYOTECH_s09,13,143,134.76666666666668,-1.2107449769973755,-0.11440167721951564
TOKYOTECH_s09,13,144,134.8,-0.7817831039428711,0.0365049292587621
TOKYOTECH_s09,13,145,134.83333333333334,0.16486255824565887,0.20138182544595257
TOKYOTECH_s09,13,146,134.86666666666667,1.1978397369384766,0.36870619401568705
TOKYOTECH_s09,13,147,134.9,1.569535493850708,0.5201069187607718
TOKYOTECH_s09,13,148,134.93333333333334,1.678422451019287,0.6268217343096043
TOKYOTECH_s09,13,149,134.96666666666667,1.5044372081756592,0.6572290810226189
TOKYOTECH_s09,13,150,135.0,1.259962797164917,0.5923511543299381
TOKYOTECH_s09,13,151,135.03333333333333,0.966461181640625,0.4347362931985666
TOKYOTECH_s09,13,152,135.06666666666666,0.5744984149932861,0.20602271433906055
TOKYOTECH_s09,13,153,135.1,-0.0056389388628304005,-0.060515105986628626
TOKYOTECH_s09,13,154,135.13333333333333,-0.32670557498931885,-0.32662479007469475
TOKYOTECH_s09,13,155,135.16666666666666,-0.19406788051128387,-0.5511845093624583
TOKYOTECH_s09,13,156,135.2,-0.5221020579338074,-0.691824294964058
TOKYOTECH_s09,13,157,135.23333333333332,-1.0687494277954102,-0.7165089332983262
TOKYOTECH_s09,13,158,135.26666666666668,-1.1308979988098145,-0.6203989419754565
TOKYOTECH_s09,13,159,135.3,-1.1450618505477905,-0.42915669300269654
TOKYOTECH_s09,13,160,135.33333333333334,-1.6830633878707886,-0.18591775106534036
TOKYOTECH_s09,13,161,135.36666666666667,-1.84568190574646,0.06404358085429893
TOKYOTECH_s09,13,162,135.4,-1.5875266790390015,0.28318788082533974
TOKYOTECH_s09,13,163,135.43333333333334,-0.70318204164505,0.4464276867474258
TOKYOTECH_s09,13,164,135.46666666666667,0.06347710639238358,0.541438236137652
TOKYOTECH_s09,13,165,135.5,0.18011996150016785,0.5652943526381319
TOKYOTECH_s09,13,166,135.53333333333333,0.47596102952957153,0.5204255015435219
TOKYOTECH_s09,13,167,135.56666666666666,0.27931851148605347,0.41434597372832216
TOKYOTECH_s09,13,168,135.6,0.045778512954711914,0.26225178500122837
TOKYOTECH_s09,13,169,135.63333333333333,-0.2887400686740875,0.08652843442158711
TOKYOTECH_s09,13,170,135.66666666666666,-0.9524880051612854,-0.08857672103206966
TOKYOTECH_s09,13,171,135.7,-1.1275159120559692,-0.24406116921977092
TOKYOTECH_s09,13,172,135.73333333333332,-1.3566312789916992,-0.37104668978857924
TOKYOTECH_s09,13,173,135.76666666666668,-1.507959246635437,-0.4694570301633921
TOKYOTECH_s09,13,174,135.8,-1.445632815361023,-0.541918093530623
TOKYOTECH_s09,13,175,135.83333333333334,-1.7354471683502197,-0.5893119854093901
TOKYOTECH_s09,13,176,135.86666666666667,-1.8766543865203857,-0.6102723475415103
TOKYOTECH_s09,13,177,135.9,-1.951110601425171,-0.6022431319725441
TOKYOTECH_s09,13,178,135.93333333333334,-2.146125555038452,-0.5624127823069065
TOKYOTECH_s09,13,179,135.96666666666667,-1.8401129245758057,-0.4880362615540755
TOKYOTECH_s09,13,180,136.0,-1.3154871463775635,-0.37653100718969756
TOKYOTECH_s09,13,181,136.03333333333333,-0.0853843092918396,-0.22646293208453758
TOKYOTECH_s09,13,182,136.06666666666666,0.6389609575271606,-0.03957030536702952
TOKYOTECH_s09,13,183,136.1,0.7856863141059875,0.17709476608502228
TOKYOTECH_s09,13,184,136.13333333333333,1.0190229415893555,0.409977535765148
TOKYOTECH_s09,13,185,136.16666666666666,0.874204695224762,0.6397663377246144
TOKYOTECH_s09,13,186,136.2,0.21032962203025818,0.8431577144599505
TOKYOTECH_s09,13,187,136.23333333333332,0.0373615138232708,0.9931154352542615
TOKYOTECH_s09,13,188,136.26666666666668,-0.07442440092563629,1.0588187488302736
TOKYOTECH_s09,13,189,136.3,-0.25204601883888245,1.0098366022163319
TOKYOTECH_s09,13,190,136.33333333333334,-0.2215312123298645,0.827304748688913
TOKYOTECH_s09,13,191,136.36666666666667,-0.5653059482574463,0.5219931625024775
TOKYOTECH_s09,13,192,136.4,-0.4809833765029907,0.14744323233445195
TOKYOTECH_s09,13,193,136.43333333333334,-0.6864497661590576,-0.21237576955360446
TOKYOTECH_s09,13,194,136.46666666666667,-0.8654953837394714,-0.4779883535247472
TOKYOTECH_s09,13,195,136.5,-1.0755643844604492,-0.6059111044781146
TOKYOTECH_s09,13,196,136.53333333333333,-1.1997597217559814,-0.5999296657782068
TOKYOTECH_s09,13,197,136.56666666666666,-0.7566083669662476,-0.49854269286749486
TOKYOTECH_s09,13,198,136.6,0.04913514479994774,-0.3493755914841042
TOKYOTECH_s09,13,199,136.63333333333333,0.9431427717208862,-0.19284987134860218
TOKYOTECH_s09,13,200,136.66666666666666,1.1918129920959473,-0.060222351873049994
TOKYOTECH_s09,13,201,136.7,1.2631667852401733,0.026926027424986124
TOKYOTECH_s09,13,202,136.73333333333332,1.318220615386963,0.06024991262567358
TOKYOTECH_s09,13,203,136.76666666666668,0.8613630533218384,0.04582930643627386
TOKYOTECH_s09,13,204,136.8,0.5760496258735657,0.0006115076754843601
TOKYOTECH_s09,13,205,136.83333333333334,0.23441089689731598,-0.054481228143380384
TOKYOTECH_s09,13,206,136.86666666666667,-0.15050798654556274,-0.10237512889535486
TOKYOTECH_s09,13,207,136.9,-0.19155041873455048,-0.13564811940753294
TOKYOTECH_s09,13,208,136.93333333333334,-0.4483579695224762,-0.1575808099463744
TOKYOTECH_s09,13,209,136.96666666666667,-0.5779696106910706,-0.17655916829463872
TOKYOTECH_s09,13,210,137.0,-0.7120567560195923,-0.19720586430542716
TOKYOTECH_s09,13,211,137.03333333333333,-0.6902386546134949,-0.21606947082014774
TOKYOTECH_s09,13,212,137.06666666666666,-1.024630069732666,-0.2240782869412534
TOKYOTECH_s09,13,213,137.1,-1.186180591583252,-0.21184027838560138
TOKYOTECH_s09,13,214,137.13333333333333,-1.090770959854126,-0.17397396059981418
TOKYOTECH_s09,13,215,137.16666666666666,-1.1532500982284546,-0.10975641073260341
TOKYOTECH_s09,13,216,137.2,-0.46854859590530396,-0.021062810478017682
TOKYOTECH_s09,13,217,137.23333333333332,0.6465134024620056,0.08809668364314847
TOKYOTECH_s09,13,218,137.26666666666668,1.1489143371582031,0.20912265628599377
TOKYOTECH_s09,13,219,137.3,1.270108938217163,0.32554206394815044
TOKYOTECH_s09,13,220,137.33333333333334,1.110313057899475,0.41269939433323893
TOKYOTECH_s09,13,221,137.36666666666667,1.1134916543960571,0.4448658760026892
TOKYOTECH_s09,13,222,137.4,0.7360997796058655,0.40737125260782675
TOKYOTECH_s09,13,223,137.43333333333334,0.16437940299510956,0.30496315198792184
TOKYOTECH_s09,13,224,137.46666666666667,-0.293088436126709,0.16120183789748072
TOKYOTECH_s09,13,225,137.5,-0.20703667402267456,0.008595569270202252
TOKYOTECH_s09,13,226,137.53333333333333,-0.13746291399002075,-0.12437963097205251
TOKYOTECH_s09,13,227,137.56666666666666,-0.3463622033596039,-0.21833795176457613
TOKYOTECH_s09,13,228,137.6,-0.5034117698669434,-0.2600376298148091
TOKYOTECH_s09,13,229,137.63333333333333,-0.584276020526886,-0.24208731938420905
TOKYOTECH_s09,13,230,137.66666666666666,-0.6376768946647644,-0.16726828336121916
TOKYOTECH_s09,13,231,137.7,-1.0481010675430298,-0.05011881161930211
TOKYOTECH_s09,13,232,137.73333333333332,-1.1908341646194458,0.08686004475297399
TOKYOTECH_s09,13,233,137.76666666666668,-0.7672885656356812,0.21950922357029717
TOKYOTECH_s09,13,234,137.8,0.02380785159766674,0.3270698460478473
TOKYOTECH_s09,13,235,137.83333333333334,0.5868569612503052,0.3922929030247919
TOKYOTECH_s09,13,236,137.86666666666667,0.9688515067100525,0.39860595249761127
TOKYOTECH_s09,13,237,137.9,1.2633956670761108,0.331403019720361
TOKYOTECH_s09,13,238,137.93333333333334,1.0757042169570923,0.1848638559672513
TOKYOTECH_s09,13,239,137.96666666666667,0.7355911731719971,-0.030471469239314496
TOKYOTECH_s09,13,240,138.0,0.21521198749542236,-0.2840840863541468
TOKYOTECH_s09,13,241,138.03333333333333,-0.04513018578290939,-0.5292997652275256
TOKYOTECH_s09,13,242,138.06666666666666,-0.014055940322577953,-0.7152767890708899
TOKYOTECH_s09,13,243,138.1,-0.10710068047046661,-0.8047024529564624
TOKYOTECH_s09,13,244,138.13333333333333,-0.39650821685791016,-0.7884333941247251
TOKYOTECH_s09,13,245,138.16666666666666,-0.42814189195632935,-0.6840270946247233
TOKYOTECH_s09,13,246,138.2,-0.5803090929985046,-0.5202164183211655
TOKYOTECH_s09,13,247,138.23333333333332,-0.8245546817779541,-0.32389118578915826
TOKYOTECH_s09,13,248,138.26666666666668,-0.9434098601341248,-0.11686955646233393
TOKYOTECH_s09,13,249,138.3,-1.2160087823867798,0.08129353832589492
TOKYOTECH_s09,13,250,138.33333333333334,-0.9023928642272949,0.25048035929414547
TOKYOTECH_s09,13,251,138.36666666666667,-0.26598110795021057,0.3736172092979148
TOKYOTECH_s09,13,252,138.4,0.5494254231452942,0.4449903374836958
TOKYOTECH_s09,13,253,138.43333333333334,1.376376748085022,0.4737785164625635
TOKYOTECH_s09,13,254,138.46666666666667,1.4670820236206055,0.4785102971424798
TOKYOTECH_s09,13,255,138.5,1.2977248430252075,0.47460742764239555
TOKYOTECH_s09,13,256,138.53333333333333,1.513718843460083,0.46370486199775707
TOKYOTECH_s09,13,257,138.56666666666666,1.174546718597412,0.4377177764392975
TOKYOTECH_s09,13,258,138.6,0.6568375825881958,0.3934678918064691
TOKYOTECH_s09,13,259,138.63333333333333,0.7083821296691895,0.33769839351255165
TOKYOTECH_s09,13,260,138.66666666666666,0.48170799016952515,0.27934741105435884
TOKYOTECH_s09,13,261,138.7,0.3394835591316223,0.223761972698412
TOKYOTECH_s09,13,262,138.73333333333332,0.41004905104637146,0.17445270706846605
TOKYOTECH_s09,13,263,138.76666666666668,0.14604508876800537,0.13733495073840812
TOKYOTECH_s09,13,264,138.8,-0.02501584216952324,0.1225071697817488
TOKYOTECH_s09,13,265,138.83333333333334,0.018010038882493973,0.14014421727947945
TOKYOTECH_s09,13,266,138.86666666666667,-0.2861971855163574,0.19233177766836385
TOKYOTECH_s09,13,267,138.9,-0.35350775718688965,0.26752154975792997
TOKYOTECH_s09,13,268,138.93333333333334,0.05053373798727989,0.34149031176427314
TOKYOTECH_s09,13,269,138.96666666666667,0.7143071293830872,0.3848971698423472
TOKYOTECH_s09,13,270,139.0,1.5738838911056519,0.3727487799459888
TOKYOTECH_s09,13,271,139.03333333333333,2.3168177604675293,0.28748952831513597
TOKYOTECH_s09,13,272,139.06666666666666,2.3461883068084717,0.11629088227067154
TOKYOTECH_s09,13,273,139.1,2.11681866645813,-0.1483539629415832
TOKYOTECH_s09,13,274,139.13333333333333,1.8899155855178833,-0.5019574837444759
TOKYOTECH_s09,13,275,139.16666666666666,1.7680343389511108,-0.9197920180963208
TOKYOTECH_s09,13,276,139.2,1.3446413278579712,-1.3527917500555222
TOKYOTECH_s09,13,277,139.23333333333332,0.7953493595123291,-1.733088118553848
TOKYOTECH_s09,13,278,139.26666666666668,0.8318654298782349,-1.989719501102646
TOKYOTECH_s09,13,279,139.3,0.8792905211448669,-2.0696879451174452
TOKYOTECH_s09,13,280,139.33333333333334,0.5719809532165527,-1.9552039678112243
TOKYOTECH_s09,13,281,139.36666666666667,0.5657254457473755,-1.665621870392377
TOKYOTECH_s09,13,282,139.4,0.3143088221549988,-1.2438378810059196
TOKYOTECH_s09,13,283,139.43333333333334,0.034055743366479874,-0.738191307831786
TOKYOTECH_s09,13,284,139.46666666666667,0.15883588790893555,-0.18961691082457355
TOKYOTECH_s09,13,285,139.5,-0.11091502755880356,0.3698062351203059
TOKYOTECH_s09,13,286,139.53333333333333,-0.15935729444026947,0.9093485363289728
TOKYOTECH_s09,13,287,139.56666666666666,0.519088625907898,1.393343834864151
TOKYOTECH_s09,13,288,139.6,1.4089512825012207,1.781896797789315
TOKYOTECH_s09,13,289,139.63333333333333,2.133143901824951,2.0384117029544484
TOKYOTECH_s09,13,290,139.66666666666666,2.280937433242798,2.1394542608636344
TOKYOTECH_s09,13,291,139.7,2.102858066558838,2.079282957247457
TOKYOTECH_s09,13,292,139.73333333333332,2.106799602508545,1.8692949204909401
TOKYOTECH_s09,13,293,139.76666666666668,1.7439275979995728,1.5402267422045335
TOKYOTECH_s09,13,294,139.8,0.9850243330001831,1.145121132000857
TOKYOTECH_s09,13,295,139.83333333333334,0.7007789015769958,0.7517616227324361
TOKYOTECH_s09,13,296,139.86666666666667,0.664695143699646,0.4235953133953885
TOKYOTECH_s09,13,297,139.9,0.4354526102542877,0.19916200369798337
TOKYOTECH_s09,13,298,139.93333333333334,0.41831347346305847,0.07944647139833833
TOKYOTECH_s09,13,299,139.96666666666667,0.1866043508052826,0.029876856048232245
TOKYOTECH_s09,14,0,140.0,-0.15325433015823364,-0.020657242657339682
TOKYOTECH_s09,14,1,140.03333333333333,-0.19577161967754364,-0.2921174025644079
TOKYOTECH_s09,14,2,140.06666666666666,-0.33746206760406494,-0.5078663305080283
TOKYOTECH_s09,14,3,140.1,-0.6585032939910889,-0.6253664622798758
TOKYOTECH_s09,14,4,140.13333333333333,-0.6724637746810913,-0.6274102530875155
TOKYOTECH_s09,14,5,140.16666666666666,-0.20398519933223724,-0.523028260696427
TOKYOTECH_s09,14,6,140.2,0.7241989970207214,-0.3375858689556362
TOKYOTECH_s09,14,7,140.23333333333332,1.3891675472259521,-0.10594793543589902
TOKYOTECH_s09,14,8,140.26666666666668,1.5898023843765259,0.128694593353809
TOKYOTECH_s09,14,9,140.3,1.3093204498291016,0.31955174894822047
TOKYOTECH_s09,14,10,140.33333333333334,1.1925759315490723,0.4270296060983641
TOKYOTECH_s09,14,11,140.36666666666667,1.022735595703125,0.43035680940805626
TOKYOTECH_s09,14,12,140.4,0.3329991400241852,0.33466558962916665
TOKYOTECH_s09,14,13,140.43333333333334,-0.08879179507493973,0.16922079035043963
TOKYOTECH_s09,14,14,140.46666666666667,-0.06359164416790009,-0.022695396996435965
TOKYOTECH_s09,14,15,140.5,-0.3153642416000366,-0.19699935714860464
TOKYOTECH_s09,14,16,140.53333333333333,-0.3067183792591095,-0.31988768261054235
TOKYOTECH_s09,14,17,140.56666666666666,-0.31650856137275696,-0.37263547164328803
TOKYOTECH_s09,14,18,140.6,-0.668954610824585,-0.35038020317633706
TOKYOTECH_s09,14,19,140.63333333333333,-0.7106581926345825,-0.25926806755792675
TOKYOTECH_s09,14,20,140.66666666666666,-0.9912672638893127,-0.11389715541169591
TOKYOTECH_s09,14,21,140.7,-1.300916314125061,0.0659282390152657
TOKYOTECH_s09,14,22,140.73333333333332,-1.076886773109436,0.2587216393151753
TOKYOTECH_s09,14,23,140.76666666666668,-0.3203737735748291,0.4432839395950548
TOKYOTECH_s09,14,24,140.8,0.8848594427108765,0.5985158886868771
TOKYOTECH_s09,14,25,140.83333333333334,1.5363761186599731,0.701828010210854
TOKYOTECH_s09,14,26,140.86666666666667,1.3671714067459106,0.728125857480552
TOKYOTECH_s09,14,27,140.9,1.3877434730529785,0.6520343950944639
TOKYOTECH_s09,14,28,140.93333333333334,1.1512283086776733,0.45471331015683547
TOKYOTECH_s09,14,29,140.96666666666667,0.7495008707046509,0.13476295567972496
TOKYOTECH_s09,14,30,141.0,0.45246464014053345,-0.2810768206382315
TOKYOTECH_s09,14,31,141.03333333333333,0.03174170106649399,-0.7346768747626375
TOKYOTECH_s09,14,32,141.06666666666666,-0.2457650601863861,-1.146280620180876
TOKYOTECH_s09,14,33,141.1,-0.25265631079673767,-1.4395120212669261
TOKYOTECH_s09,14,34,141.13333333333333,-0.5146005153656006,-1.5699680851484077
TOKYOTECH_s09,14,35,141.16666666666666,-0.541046679019928,-1.5344611558908257
TOKYOTECH_s09,14,36,141.2,-0.5669588446617126,-1.357316475031329
TOKYOTECH_s09,14,37,141.23333333333332,-0.762762188911438,-1.070225000264491
TOKYOTECH_s09,14,38,141.26666666666668,-0.9502502679824829,-0.6983485887263126
TOKYOTECH_s09,14,39,141.3,-1.2601027488708496,-0.2584121218570529
TOKYOTECH_s09,14,40,141.33333333333334,-1.21491539478302,0.23317797282182298
TOKYOTECH_s09,14,41,141.36666666666667,-0.9222021102905273,0.7511082181544774
TOKYOTECH_s09,14,42,141.4,0.27082523703575134,1.2558134722264593
TOKYOTECH_s09,14,43,141.43333333333334,1.1115590333938599,1.6919440097569962
TOKYOTECH_s09,14,44,141.46666666666667,1.3738592863082886,1.9929861057446263
TOKYOTECH_s09,14,45,141.5,1.5571006536483765,2.0961505534678486
TOKYOTECH_s09,14,46,141.53333333333333,1.1973819732666016,1.9638952236988096
TOKYOTECH_s09,14,47,141.56666666666666,0.7757436037063599,1.6011729375189685
TOKYOTECH_s09,14,48,141.6,0.3448999226093292,1.0610621652953034
TOKYOTECH_s09,14,49,141.63333333333333,-0.21392793953418732,0.43654603635623473
TOKYOTECH_s09,14,50,141.66666666666666,-0.24772308766841888,-0.16135421938906727
TOKYOTECH_s09,14,51,141.7,-0.47899991273880005,-0.6361260461472721
TOKYOTECH_s09,14,52,141.73333333333332,-0.6879754662513733,-0.9352835732482275
TOKYOTECH_s09,14,53,141.76666666666668,-0.7710520625114441,-1.055334340720442
TOKYOTECH_s09,14,54,141.8,-0.9535814523696899,-1.0235483541928083
TOKYOTECH_s09,14,55,141.83333333333334,-1.1498171091079712,-0.8800990409398342
TOKYOTECH_s09,14,56,141.86666666666667,-1.3767709732055664,-0.6702073153539148
TOKYOTECH_s09,14,57,141.9,-1.430375337600708,-0.4397121668644834
TOKYOTECH_s09,14,58,141.93333333333334,-1.4358680248260498,-0.22999983733947085
TOKYOTECH_s09,14,59,141.96666666666667,-0.9981839656829834,-0.07228278818550048
TOKYOTECH_s09,14,60,142.0,0.14312075078487396,0.016980382181258153
TOKYOTECH_s09,14,61,142.03333333333333,1.0558949708938599,0.036281645685319434
TOKYOTECH_s09,14,62,142.06666666666666,1.4083155393600464,-0.0049602958638422755
TOKYOTECH_s09,14,63,142.1,1.322899580001831,-0.09111361553811861
TOKYOTECH_s09,14,64,142.13333333333333,1.4539860486984253,-0.203292435696159
TOKYOTECH_s09,14,65,142.16666666666666,1.4575461149215698,-0.31977380353187085
TOKYOTECH_s09,14,66,142.2,0.8686866164207458,-0.4158539887029263
TOKYOTECH_s09,14,67,142.23333333333332,0.3547409474849701,-0.4672354757487949
TOKYOTECH_s09,14,68,142.26666666666668,0.2057269662618637,-0.4569653458725086
TOKYOTECH_s09,14,69,142.3,-0.058810994029045105,-0.3817158722751652
TOKYOTECH_s09,14,70,142.33333333333334,-0.00576608395203948,-0.2534869071926449
TOKYOTECH_s09,14,71,142.36666666666667,-0.1307750791311264,-0.09408979117764597
TOKYOTECH_s09,14,72,142.4,-0.3519057333469391,0.07418507983682175
TOKYOTECH_s09,14,73,142.43333333333334,-0.44202613830566406,0.23312135661278155
TOKYOTECH_s09,14,74,142.46666666666667,-0.7290179133415222,0.3673914629446718
TOKYOTECH_s09,14,75,142.5,-0.6735318303108215,0.46440682536257666
TOKYOTECH_s09,14,76,142.53333333333333,-0.7354006171226501,0.5166775405524119
TOKYOTECH_s09,14,77,142.56666666666666,-0.146744504570961,0.5223911795166648
TOKYOTECH_s09,14,78,142.6,1.2762881517410278,0.48381910805539385
TOKYOTECH_s09,14,79,142.63333333333333,1.7223384380340576,0.40716810155502303
TOKYOTECH_s09,14,80,142.66666666666666,1.85779869556427,0.3036642520817536
TOKYOTECH_s09,14,81,142.7,2.19081711769104,0.1879011806323473
TOKYOTECH_s09,14,82,142.73333333333332,1.950334906578064,0.07342436005807769
TOKYOTECH_s09,14,83,142.76666666666668,1.2744827270507812,-0.030450298464244196
TOKYOTECH_s09,14,84,142.8,0.8826471567153931,-0.11873631246319553
TOKYOTECH_s09,14,85,142.83333333333334,0.5053569674491882,-0.1885606687639147
TOKYOTECH_s09,14,86,142.86666666666667,0.037514086812734604,-0.236824812857621
TOKYOTECH_s09,14,87,142.9,-0.06361707299947739,-0.26075683004732025
TOKYOTECH_s09,14,88,142.93333333333334,-0.3016071617603302,-0.2602383589580404
TOKYOTECH_s09,14,89,142.96666666666667,-0.4859674572944641,-0.23700882618197544
TOKYOTECH_s09,14,90,143.0,-0.6292853355407715,-0.19136113873932645
TOKYOTECH_s09,14,91,143.03333333333333,-1.0024051666259766,-0.12229273668069598
TOKYOTECH_s09,14,92,143.06666666666666,-1.025087833404541,-0.03144402469698194
TOKYOTECH_s09,14,93,143.1,-1.0368869304656982,0.07459700090111203
TOKYOTECH_s09,14,94,143.13333333333333,-1.2737072706222534,0.1858107998095762
TOKYOTECH_s09,14,95,143.16666666666666,-0.8131370544433594,0.2924313643504414
TOKYOTECH_s09,14,96,143.2,0.20209062099456787,0.3875122079488477
TOKYOTECH_s09,14,97,143.23333333333332,1.3277056217193604,0.46436235762286815
TOKYOTECH_s09,14,98,143.26666666666668,1.7776719331741333,0.5112327979743325
TOKYOTECH_s09,14,99,143.3,1.6922050714492798,0.5113809559834235
TOKYOTECH_s09,14,100,143.33333333333334,1.6272847652435303,0.45036188107717934
TOKYOTECH_s09,14,101,143.36666666666667,1.5456576347351074,0.3255072948304831
TOKYOTECH_s09,14,102,143.4,0.923079252243042,0.1520278782718088
TOKYOTECH_s09,14,103,143.43333333333334,0.2613147795200348,-0.03899645810422899
TOKYOTECH_s09,14,104,143.46666666666667,0.24389590322971344,-0.21134785749982785
TOKYOTECH_s09,14,105,143.5,0.15380093455314636,-0.33930860530846074
TOKYOTECH_s09,14,106,143.53333333333333,-0.2832474112510681,-0.4196298777836673
TOKYOTECH_s09,14,107,143.56666666666666,-0.12993592023849487,-0.46854326554858
TOKYOTECH_s09,14,108,143.6,-0.23045679926872253,-0.5063597457381251
TOKYOTECH_s09,14,109,143.63333333333333,-0.48184797167778015,-0.5453494136584358
TOKYOTECH_s09,14,110,143.66666666666666,-0.5284593105316162,-0.5874218913426178
TOKYOTECH_s09,14,111,143.7,-0.9606761932373047,-0.6274167857145135
TOKYOTECH_s09,14,112,143.73333333333332,-1.4136685132980347,-0.657311251187791
TOKYOTECH_s09,14,113,143.76666666666668,-1.4677814245224,-0.6675398153793611
TOKYOTECH_s09,14,114,143.8,-0.7588207125663757,-0.6461706377728043
TOKYOTECH_s09,14,115,143.83333333333334,0.19906456768512726,-0.5809160952169578
TOKYOTECH_s09,14,116,143.86666666666667,0.6509125828742981,-0.4640378467741788
TOKYOTECH_s09,14,117,143.9,1.0555897951126099,-0.2951746246092245
TOKYOTECH_s09,14,118,143.93333333333334,0.999646008014679,-0.08085837159934517
TOKYOTECH_s09,14,119,143.96666666666667,0.3920453190803528,0.16650774350374914
TOKYOTECH_s09,14,120,144.0,0.1362549215555191,0.42855233241600715
TOKYOTECH_s09,14,121,144.03333333333333,-0.08935122936964035,0.6796874844957883
TOKYOTECH_s09,14,122,144.06666666666666,-0.6696157455444336,0.887633217304946
TOKYOTECH_s09,14,123,144.1,-0.88805091381073,1.020706942349858
TOKYOTECH_s09,14,124,144.13333333333333,-0.939239501953125,1.0588209487799356
TOKYOTECH_s09,14,125,144.16666666666666,-1.2155511379241943,0.9977448772856021
TOKYOTECH_s09,14,126,144.2,-1.2597975730895996,0.8464531270162018
TOKYOTECH_s09,14,127,144.23333333333332,-1.5282007455825806,0.6274855839644652
TOKYOTECH_s09,14,128,144.26666666666668,-1.768835425376892,0.3793665676823521
TOKYOTECH_s09,14,129,144.3,-1.6747989654541016,0.14952871132790743
TOKYOTECH_s09,14,130,144.33333333333334,-1.6258481740951538,-0.02188937095176809
TOKYOTECH_s09,14,131,144.36666666666667,-1.684894323348999,-0.11485960448493765
TOKYOTECH_s09,14,132,144.4,-0.8470085263252258,-0.13290412953376654
TOKYOTECH_s09,14,133,144.43333333333334,0.7426859140396118,-0.09903578463695814
TOKYOTECH_s09,14,134,144.46666666666667,1.4122824668884277,-0.04756924850714733
TOKYOTECH_s09,14,135,144.5,1.518194317817688,-0.01575121330671467
TOKYOTECH_s09,14,136,144.53333333333333,1.4560966491699219,-0.03570921011712831
TOKYOTECH_s09,14,137,144.56666666666666,1.2044512033462524,-0.12402477201159068
TOKYOTECH_s09,14,138,144.6,0.5528583526611328,-0.27233487128944805
TOKYOTECH_s09,14,139,144.63333333333333,-0.09252985566854477,-0.4478604275584692
TOKYOTECH_s09,14,140,144.66666666666666,-0.09298758208751678,-0.6055792771692692
TOKYOTECH_s09,14,141,144.7,-0.07170350104570389,-0.7059797165689645
TOKYOTECH_s09,14,142,144.73333333333332,-0.1626376360654831,-0.7291485282820249
TOKYOTECH_s09,14,143,144.76666666666668,-0.4830685555934906,-0.6749364264940674
TOKYOTECH_s09,14,144,144.8,-0.9035372138023376,-0.5527074996335939
TOKYOTECH_s09,14,145,144.83333333333334,-0.795972466468811,-0.3767827519810281
TOKYOTECH_s09,14,146,144.86666666666667,-0.48975637555122375,-0.16954273075797155
TOKYOTECH_s09,14,147,144.9,-0.628217339515686,0.040404260013913104
TOKYOTECH_s09,14,148,144.93333333333334,-0.6178931593894958,0.22673793364189576
TOKYOTECH_s09,14,149,144.96666666666667,-0.6736589670181274,0.3708702558482609
TOKYOTECH_s09,14,150,145.0,-0.6365326046943665,0.4618565934414377
TOKYOTECH_s09,14,151,145.03333333333333,0.33538946509361267,0.49616604915192064
TOKYOTECH_s09,14,152,145.06666666666666,1.4533758163452148,0.4785855287669922
TOKYOTECH_s09,14,153,145.1,2.0156619548797607,0.4210133485406565
TOKYOTECH_s09,14,154,145.13333333333333,2.1739320755004883,0.33869300724241796
TOKYOTECH_s09,14,155,145.16666666666666,2.1282362937927246,0.24644482798343528
TOKYOTECH_s09,14,156,145.2,1.6928915977478027,0.15615708107468554
TOKYOTECH_s09,14,157,145.23333333333332,0.8751964569091797,0.07526733743760908
TOKYOTECH_s09,14,158,145.26666666666668,0.2637051045894623,0.006246050470102111
TOKYOTECH_s09,14,159,145.3,0.003973226062953472,-0.05256019901535565
TOKYOTECH_s09,14,160,145.33333333333334,-0.17970049381256104,-0.10477930751369857
TOKYOTECH_s09,14,161,145.36666666666667,-0.38066592812538147,-0.1530565869648645
TOKYOTECH_s09,14,162,145.4,-0.71274334192276,-0.19695859000186738
TOKYOTECH_s09,14,163,145.43333333333334,-0.780765950679779,-0.23417579942466815
TOKYOTECH_s09,14,164,145.46666666666667,-0.7130993604660034,-0.26379154313910036
TOKYOTECH_s09,14,165,145.5,-0.8905683755874634,-0.28705919901064875
TOKYOTECH_s09,14,166,145.53333333333333,-1.261781096458435,-0.30465274449832147
TOKYOTECH_s09,14,167,145.56666666666666,-1.5009409189224243,-0.31318393041708265
TOKYOTECH_s09,14,168,145.6,-1.6300184726715088,-0.3041255512912442
TOKYOTECH_s09,14,169,145.63333333333333,-1.366446852684021,-0.26776620822360303
TOKYOTECH_s09,14,170,145.66666666666666,-0.6191137433052063,-0.19987753121563004
TOKYOTECH_s09,14,171,145.7,0.24648967385292053,-0.10440015470087648
TOKYOTECH_s09,14,172,145.73333333333332,0.9169000387191772,0.009563006714708881
TOKYOTECH_s09,14,173,145.76666666666668,1.1171534061431885,0.13274366489193043
TOKYOTECH_s09,14,174,145.8,0.9054569602012634,0.25843833852367964
TOKYOTECH_s09,14,175,145.83333333333334,0.43415573239326477,0.3793231109441525
TOKYOTECH_s09,14,176,145.86666666666667,0.11504712700843811,0.48146520202061976
TOKYOTECH_s09,14,177,145.9,-0.07315295189619064,0.544547687092668
TOKYOTECH_s09,14,178,145.93333333333334,-0.5480396747589111,0.5499435652390936
TOKYOTECH_s09,14,179,145.96666666666667,-0.7954639196395874,0.49035212186227234
TOKYOTECH_s09,14,180,146.0,-0.7994053959846497,0.37495309330329535
TOKYOTECH_s09,14,181,146.03333333333333,-0.8196468949317932,0.22579188207534015
TOKYOTECH_s09,14,182,146.06666666666666,-1.1969624757766724,0.06782503003203688
TOKYOTECH_s09,14,183,146.1,-1.470273494720459,-0.07885545232495575
TOKYOTECH_s09,14,184,146.13333333333333,-1.4993896484375,-0.200933305694039
TOKYOTECH_s09,14,185,146.16666666666666,-1.9926615953445435,-0.2898980191418388
TOKYOTECH_s09,14,186,146.2,-2.1904993057250977,-0.33970290598443864
TOKYOTECH_s09,14,187,146.23333333333332,-2.218522071838379,-0.34803618530451275
TOKYOTECH_s09,14,188,146.26666666666668,-1.7113659381866455,-0.31999403964801065
TOKYOTECH_s09,14,189,146.3,-0.4192671775817871,-0.268093310064993
TOKYOTECH_s09,14,190,146.33333333333334,0.34553566575050354,-0.20705913693807645
TOKYOTECH_s09,14,191,146.36666666666667,0.4961262345314026,-0.1468390583957949
TOKYOTECH_s09,14,192,146.4,0.7519674897193909,-0.08853675096564062
TOKYOTECH_s09,14,193,146.43333333333334,0.4613901972770691,-0.027993722206279232
TOKYOTECH_s09,14,194,146.46666666666667,0.23705551028251648,0.035446850822886275
TOKYOTECH_s09,14,195,146.5,-0.37524956464767456,0.09403067853690558
TOKYOTECH_s09,14,196,146.53333333333333,-0.6000419855117798,0.13421687850334674
TOKYOTECH_s09,14,197,146.56666666666666,-0.8143830895423889,0.14419898302593878
TOKYOTECH_s09,14,198,146.6,-0.8411344289779663,0.12135719062727456
TOKYOTECH_s09,14,199,146.63333333333333,-0.9017571806907654,0.073612800774115
TOKYOTECH_s09,14,200,146.66666666666666,-0.9283304810523987,0.014335362888506502
TOKYOTECH_s09,14,201,146.7,-1.0583235025405884,-0.043824198373264574
TOKYOTECH_s09,14,202,146.73333333333332,-1.278411626815796,-0.09216163523772569
TOKYOTECH_s09,14,203,146.76666666666668,-1.4285953044891357,-0.12457784370067898
TOKYOTECH_s09,14,204,146.8,-1.5979779958724976,-0.1340446206771943
TOKYOTECH_s09,14,205,146.83333333333334,-1.6750532388687134,-0.11255238809328304
TOKYOTECH_s09,14,206,146.86666666666667,-1.1134028434753418,-0.055309270475672086
TOKYOTECH_s09,14,207,146.9,-0.06331192702054977,0.03518812239732163
TOKYOTECH_s09,14,208,146.93333333333334,0.9964419603347778,0.14781256497799167
TOKYOTECH_s09,14,209,146.96666666666667,1.704970359802246,0.2643624935607384
TOKYOTECH_s09,14,210,147.0,1.5784610509872437,0.363017332128992
TOKYOTECH_s09,14,211,147.03333333333333,1.490349531173706,0.4217905102762501
TOKYOTECH_s09,14,212,147.06666666666666,1.2886720895767212,0.4211606047956009
TOKYOTECH_s09,14,213,147.1,0.6807153820991516,0.34625844163726016
TOKYOTECH_s09,14,214,147.13333333333333,0.3250653147697449,0.19063040500413375
TOKYOTECH_s09,14,215,147.16666666666666,-0.14333701133728027,-0.03553467740053484
TOKYOTECH_s09,14,216,147.2,-0.18567630648612976,-0.2972623448122951
TOKYOTECH_s09,14,217,147.23333333333332,-0.4242512583732605,-0.5376447967406959
TOKYOTECH_s09,14,218,147.26666666666668,-0.8408038020133972,-0.6949810632862519
TOKYOTECH_s09,14,219,147.3,-0.6855089068412781,-0.7286581684232475
TOKYOTECH_s09,14,220,147.33333333333334,-0.9158702492713928,-0.639363668077785
TOKYOTECH_s09,14,221,147.36666666666667,-1.0519663095474243,-0.46383023604668183
TOKYOTECH_s09,14,222,147.4,-1.2317239046096802,-0.2488837220289607
TOKYOTECH_s09,14,223,147.43333333333334,-1.3488754034042358,-0.03282798013438516
TOKYOTECH_s09,14,224,147.46666666666667,-1.4291293621063232,0.15744553505190143
TOKYOTECH_s09,14,225,147.5,-1.2441587448120117,0.30671321088159287
TOKYOTECH_s09,14,226,147.53333333333333,-0.22786302864551544,0.4130156784208921
TOKYOTECH_s09,14,227,147.56666666666666,0.9942805171012878,0.4841427209714983
TOKYOTECH_s09,14,228,147.6,1.3861415386199951,0.5292668206102095
TOKYOTECH_s09,14,229,147.63333333333333,1.5210169553756714,0.5528172643020115
TOKYOTECH_s09,14,230,147.66666666666666,1.4534775018692017,0.5532694427124731
TOKYOTECH_s09,14,231,147.7,1.0028754472732544,0.5245407896125719
TOKYOTECH_s09,14,232,147.73333333333332,0.5100867748260498,0.4587238168278068
TOKYOTECH_s09,14,233,147.76666666666668,-0.0032740412279963493,0.3502756150121228
TOKYOTECH_s09,14,234,147.8,-0.5774864554405212,0.20020987702777499
TOKYOTECH_s09,14,235,147.83333333333334,-0.561517059803009,0.017526573100517234
TOKYOTECH_s09,14,236,147.86666666666667,-0.722457230091095,-0.1830795969618024
TOKYOTECH_s09,14,237,147.9,-0.8390746712684631,-0.3861420039672985
TOKYOTECH_s09,14,238,147.93333333333334,-0.8685977458953857,-0.5793825718884362
TOKYOTECH_s09,14,239,147.96666666666667,-1.1392641067504883,-0.7515631533976658
TOKYOTECH_s09,14,240,148.0,-1.3070955276489258,-0.8869133703993622
TOKYOTECH_s09,14,241,148.03333333333333,-1.6787405014038086,-0.9658877570776994
TOKYOTECH_s09,14,242,148.06666666666666,-1.9530432224273682,-0.9726265709116334
TOKYOTECH_s09,14,243,148.1,-1.8023508787155151,-0.8999713440166537
TOKYOTECH_s09,14,244,148.13333333333333,-1.23927640914917,-0.7487458911249312
TOKYOTECH_s09,14,245,148.16666666666666,-0.04657964035868645,-0.5247221217706259
TOKYOTECH_s09,14,246,148.2,0.5691837668418884,-0.2372909014886406
TOKYOTECH_s09,14,247,148.23333333333332,0.6009191870689392,0.09672285386978274
TOKYOTECH_s09,14,248,148.26666666666668,0.6991514563560486,0.44719590181147945
TOKYOTECH_s09,14,249,148.3,0.4670354425907135,0.7716104979229654
TOKYOTECH_s09,14,250,148.33333333333334,-0.07137292623519897,1.0248205184667862
TOKYOTECH_s09,14,251,148.36666666666667,-0.2808316648006439,1.172338357959438
TOKYOTECH_s09,14,252,148.4,-0.7587444186210632,1.2009830555974825
TOKYOTECH_s09,14,253,148.43333333333334,-1.1615145206451416,1.1212957536186527
TOKYOTECH_s09,14,254,148.46666666666667,-1.0839813947677612,0.9608446457151246
TOKYOTECH_s09,14,255,148.5,-1.1690160036087036,0.7524341279869323
TOKYOTECH_s09,14,256,148.53333333333333,-1.1827222108840942,0.5236054984470068
TOKYOTECH_s09,14,257,148.56666666666666,-1.3540375232696533,0.29466699013248326
TOKYOTECH_s09,14,258,148.6,-1.6341379880905151,0.08331332614716014
TOKYOTECH_s09,14,259,148.63333333333333,-1.6168208122253418,-0.09455870827187016
TOKYOTECH_s09,14,260,148.66666666666666,-1.7519760131835938,-0.2299301359920441
TOKYOTECH_s09,14,261,148.7,-1.782745122909546,-0.3247924472400697
TOKYOTECH_s09,14,262,148.73333333333332,-0.9085721373558044,-0.39041890516634453
TOKYOTECH_s09,14,263,148.76666666666668,0.23062196373939514,-0.43822220844917825
TOKYOTECH_s09,14,264,148.8,1.373782992362976,-0.46937623289682423
TOKYOTECH_s09,14,265,148.83333333333334,1.900138020515442,-0.47552887396918714
TOKYOTECH_s09,14,266,148.86666666666667,1.7137179374694824,-0.45061520258820004
TOKYOTECH_s09,14,267,148.9,1.4703623056411743,-0.40141174561932164
TOKYOTECH_s09,14,268,148.93333333333334,1.356415033340454,-0.34878877534552655
TOKYOTECH_s09,14,269,148.96666666666667,0.8102507591247559,-0.31804673808531786
TOKYOTECH_s09,14,270,149.0,-0.011741900816559792,-0.3241919886678923
TOKYOTECH_s09,14,271,149.03333333333333,-0.10277774930000305,-0.3640210555555249
TOKYOTECH_s09,14,272,149.06666666666666,-0.15053342282772064,-0.4200309807210357
TOKYOTECH_s09,14,273,149.1,-0.4137745201587677,-0.4730588814505899
TOKYOTECH_s09,14,274,149.13333333333333,-0.5123881697654724,-0.513894170552365
TOKYOTECH_s09,14,275,149.16666666666666,-0.8889155387878418,-0.5400416040255146
TOKYOTECH_s09,14,276,149.2,-1.2418701648712158,-0.5415166099273293
TOKYOTECH_s09,14,277,149.23333333333332,-1.3596572875976562,-0.49615166704236574
TOKYOTECH_s09,14,278,149.26666666666668,-1.5754987001419067,-0.3791382029251414
TOKYOTECH_s09,14,279,149.3,-1.611328125,-0.174472062996538
TOKYOTECH_s09,14,280,149.33333333333334,-1.2488631010055542,0.11846705715378808
TOKYOTECH_s09,14,281,149.36666666666667,0.056738417595624924,0.4827372792925258
TOKYOTECH_s09,14,282,149.4,0.9985271096229553,0.8842343465221241
TOKYOTECH_s09,14,283,149.43333333333334,1.6533241271972656,1.2722266824717445
TOKYOTECH_s09,14,284,149.46666666666667,2.15043568611145,1.5813626515986932
TOKYOTECH_s09,14,285,149.5,2.081573963165283,1.73984082665335
TOKYOTECH_s09,14,286,149.53333333333333,1.5319005250930786,1.6858136209345185
TOKYOTECH_s09,14,287,149.56666666666666,1.162366271018982,1.3904122820595226
TOKYOTECH_s09,14,288,149.6,0.6935316324234009,0.8792443937759985
TOKYOTECH_s09,14,289,149.63333333333333,0.1602853387594223,0.23920061702658585
TOKYOTECH_s09,14,290,149.66666666666666,0.01635715179145336,-0.40012385769562614
TOKYOTECH_s09,14,291,149.7,-0.01143675297498703,-0.9154390361205714
TOKYOTECH_s09,14,292,149.73333333333332,-0.44474703073501587,-1.2439638405277635
TOKYOTECH_s09,14,293,149.76666666666668,-0.5148802399635315,-1.3932046079952665
TOKYOTECH_s09,14,294,149.8,-0.8944590091705322,-1.4055277334909662
TOKYOTECH_s09,14,295,149.83333333333334,-1.0556026697158813,-1.325382535905382
TOKYOTECH_s09,14,296,149.86666666666667,-1.0556280612945557,-1.1888479353499848
TOKYOTECH_s09,14,297,149.9,-1.4619581699371338,-1.0221715008851722
TOKYOTECH_s09,14,298,149.93333333333334,-1.2709863185882568,-0.8412799994719709
TOKYOTECH_s09,14,299,149.96666666666667,-0.5439456105232239,-0.6522838343713842
TOKYOTECH_s09,15,0,150.0,0.6054201126098633,-0.12082951740842736
TOKYOTECH_s09,15,1,150.03333333333333,1.4887220859527588,-0.5000470802344574
TOKYOTECH_s09,15,2,150.06666666666666,1.4323713779449463,-0.828730347623944
TOKYOTECH_s09,15,3,150.1,1.2122833728790283,-1.0724115580649736
TOKYOTECH_s09,15,4,150.13333333333333,1.131622552871704,-1.218609467449914
TOKYOTECH_s09,15,5,150.16666666666666,0.357487291097641,-1.2766467160097232
TOKYOTECH_s09,15,6,150.2,0.05150004103779793,-1.2655853339401062
TOKYOTECH_s09,15,7,150.23333333333332,-0.4906209707260132,-1.203417570859727
TOKYOTECH_s09,15,8,150.26666666666668,-0.5444541573524475,-1.1031443525133162
TOKYOTECH_s09,15,9,150.3,-0.7751461267471313,-0.9725570056040054
TOKYOTECH_s09,15,10,150.33333333333334,-0.9831299781799316,-0.8147471945612514
TOKYOTECH_s09,15,11,150.36666666666667,-1.0197986364364624,-0.62757593978089
TOKYOTECH_s09,15,12,150.4,-1.3779661655426025,-0.4039561117952991
TOKYOTECH_s09,15,13,150.43333333333334,-1.4550669193267822,-0.13782763150427466
TOKYOTECH_s09,15,14,150.46666666666667,-1.3465105295181274,0.16682213247137645
TOKYOTECH_s09,15,15,150.5,-1.6008005142211914,0.4935006227806927
TOKYOTECH_s09,15,16,150.53333333333333,-1.179975986480713,0.8184844628080329
TOKYOTECH_s09,15,17,150.56666666666666,-0.07884904742240906,1.1163034503979716
TOKYOTECH_s09,15,18,150.6,0.9722080826759338,1.3613959181842576
TOKYOTECH_s09,15,19,150.63333333333333,1.7370872497558594,1.5264628776314904
TOKYOTECH_s09,15,20,150.66666666666666,1.7609142065048218,1.580288212874533
TOKYOTECH_s09,15,21,150.7,1.6523069143295288,1.4892346791414663
TOKYOTECH_s09,15,22,150.73333333333332,1.4720406532287598,1.2258199890536798
TOKYOTECH_s09,15,23,150.76666666666668,0.8063855767250061,0.7857893523941013
TOKYOTECH_s09,15,24,150.8,0.21566970646381378,0.2055699915246459
TOKYOTECH_s09,15,25,150.83333333333334,0.09442420303821564,-0.4357370290656357
TOKYOTECH_s09,15,26,150.86666666666667,-0.15170316398143768,-1.0346953024309706
TOKYOTECH_s09,15,27,150.9,-0.33184224367141724,-1.4946206696370536
TOKYOTECH_s09,15,28,150.93333333333334,-0.5724260807037354,-1.754955963061743
TOKYOTECH_s09,15,29,150.96666666666667,-0.8660293817520142,-1.8008452945227147
TOKYOTECH_s09,15,30,151.0,-0.9065886735916138,-1.6517763832805794
TOKYOTECH_s09,15,31,151.03333333333333,-0.9620747566223145,-1.3450425336652458
TOKYOTECH_s09,15,32,151.06666666666666,-1.3281253576278687,-0.9248023695642448
TOKYOTECH_s09,15,33,151.1,-1.3068666458129883,-0.4398251903332957
TOKYOTECH_s09,15,34,151.13333333333333,-1.4433950185775757,0.05516187531838162
TOKYOTECH_s09,15,35,151.16666666666666,-0.5863103270530701,0.506005041481752
TOKYOTECH_s09,15,36,151.2,0.908737301826477,0.872297734241859
TOKYOTECH_s09,15,37,151.23333333333332,1.6457971334457397,1.1333756814066511
TOKYOTECH_s09,15,38,151.26666666666668,1.7862669229507446,1.2821037572857958
TOKYOTECH_s09,15,39,151.3,2.0413706302642822,1.3116363299643952
TOKYOTECH_s09,15,40,151.33333333333334,1.999184012413025,1.2072333885816395
TOKYOTECH_s09,15,41,151.36666666666667,1.3297908306121826,0.9588086384857791
TOKYOTECH_s09,15,42,151.4,0.63974928855896,0.5868244318582042
TOKYOTECH_s09,15,43,151.43333333333334,0.229731947183609,0.1528761929567053
TOKYOTECH_s09,15,44,151.46666666666667,0.24877828359603882,-0.2561197785943014
TOKYOTECH_s09,15,45,151.5,0.07980252802371979,-0.5605535180890606
TOKYOTECH_s09,15,46,151.53333333333333,-0.30796441435813904,-0.7187735430004271
TOKYOTECH_s09,15,47,151.56666666666666,-0.33733490109443665,-0.7323701722127627
TOKYOTECH_s09,15,48,151.6,-0.5479633808135986,-0.6275533964473637
TOKYOTECH_s09,15,49,151.63333333333333,-1.0622141361236572,-0.43821298314179885
TOKYOTECH_s09,15,50,151.66666666666666,-1.0552211999893188,-0.20051967730681972
TOKYOTECH_s09,15,51,151.7,-1.1096646785736084,0.049196761794653744
TOKYOTECH_s09,15,52,151.73333333333332,-1.5690906047821045,0.27796022458905173
TOKYOTECH_s09,15,53,151.76666666666668,-1.2548389434814453,0.46048375934653996
TOKYOTECH_s09,15,54,151.8,0.15113088488578796,0.5821905921921738
TOKYOTECH_s09,15,55,151.83333333333334,1.0565307140350342,0.6377430207271807
TOKYOTECH_s09,15,56,151.86666666666667,1.3951178789138794,0.6257246182340644
TOKYOTECH_s09,15,57,151.9,1.5609151124954224,0.5438373968616471
TOKYOTECH_s09,15,58,151.93333333333334,1.6311500072479248,0.3882897830350695
TOKYOTECH_s09,15,59,151.96666666666667,1.2990217208862305,0.15940518764688147
TOKYOTECH_s09,15,60,152.0,0.5890184044837952,-0.12953745108710477
TOKYOTECH_s09,15,61,152.03333333333333,-0.20690953731536865,-0.44754639575894317
TOKYOTECH_s09,15,62,152.06666666666666,-0.5144733786582947,-0.7495313889291206
TOKYOTECH_s09,15,63,152.1,-0.40942615270614624,-0.9883985511898217
TOKYOTECH_s09,15,64,152.13333333333333,-0.6018983125686646,-1.1299592689633322
TOKYOTECH_s09,15,65,152.16666666666666,-1.1001033782958984,-1.1604984836368866
TOKYOTECH_s09,15,66,152.2,-1.1758055686950684,-1.0838511865271292
TOKYOTECH_s09,15,67,152.23333333333332,-1.223332405090332,-0.9125227324265461
TOKYOTECH_s09,15,68,152.26666666666668,-1.5617924928665161,-0.6597303551699136
TOKYOTECH_s09,15,69,152.3,-1.920824646949768,-0.33977085861733336
TOKYOTECH_s09,15,70,152.33333333333334,-1.9615110158920288,0.02523133378877482
TOKYOTECH_s09,15,71,152.36666666666667,-1.7632410526275635,0.40287558500452564
TOKYOTECH_s09,15,72,152.4,-0.470226913690567,0.7552907569126965
TOKYOTECH_s09,15,73,152.43333333333334,0.8384261131286621,1.045603271732134
TOKYOTECH_s09,15,74,152.46666666666667,1.3890912532806396,1.2422513139762614
TOKYOTECH_s09,15,75,152.5,1.542987585067749,1.3200814712591082
TOKYOTECH_s09,15,76,152.53333333333333,1.396541953086853,1.2609212759640547
TOKYOTECH_s09,15,77,152.56666666666666,1.194279670715332,1.059155952984334
TOKYOTECH_s09,15,78,152.6,0.9555012583732605,0.7317506206505153
TOKYOTECH_s09,15,79,152.63333333333333,0.37556731700897217,0.32596588925105063
TOKYOTECH_s09,15,80,152.66666666666666,-0.07798446714878082,-0.08444260565119743
TOKYOTECH_s09,15,81,152.7,-0.4587075710296631,-0.4235710554583951
TOKYOTECH_s09,15,82,152.73333333333332,-0.7344596982002258,-0.6463365519058148
TOKYOTECH_s09,15,83,152.76666666666668,-0.7007154226303101,-0.7499301380166423
TOKYOTECH_s09,15,84,152.8,-0.9696780443191528,-0.7583851120483514
TOKYOTECH_s09,15,85,152.83333333333334,-1.3496891260147095,-0.700885338930406
TOKYOTECH_s09,15,86,152.86666666666667,-1.4293327331542969,-0.5985531511222845
TOKYOTECH_s09,15,87,152.9,-1.2549152374267578,-0.46480470484049835
TOKYOTECH_s09,15,88,152.93333333333334,-1.5676920413970947,-0.31414728891486093
TOKYOTECH_s09,15,89,152.96666666666667,-1.7650973796844482,-0.16575358308321855
TOKYOTECH_s09,15,90,153.0,-0.8600535988807678,-0.03819046237969362
TOKYOTECH_s09,15,91,153.03333333333333,0.4103033244609833,0.05728775969643714
TOKYOTECH_s09,15,92,153.06666666666666,1.2327028512954712,0.11970977936835929
TOKYOTECH_s09,15,93,153.1,1.504538893699646,0.1560774917131556
TOKYOTECH_s09,15,94,153.13333333333333,1.650297999382019,0.17566494349710693
TOKYOTECH_s09,15,95,153.16666666666666,1.7181934118270874,0.1857425309472365
TOKYOTECH_s09,15,96,153.2,1.4850094318389893,0.19055954294431524
TOKYOTECH_s09,15,97,153.23333333333332,0.8784513473510742,0.19204539086743647
TOKYOTECH_s09,15,98,153.26666666666668,0.3837554454803467,0.19086165121490656
TOKYOTECH_s09,15,99,153.3,-0.07147464156150818,0.18702125516735194
TOKYOTECH_s09,15,100,153.33333333333334,-0.39330416917800903,0.1800793278691357
TOKYOTECH_s09,15,101,153.36666666666667,-0.3420901298522949,0.1696482609771225
TOKYOTECH_s09,15,102,153.4,-0.48701006174087524,0.15574828749256345
TOKYOTECH_s09,15,103,153.43333333333334,-0.694765031337738,0.13739982988801933
TOKYOTECH_s09,15,104,153.46666666666667,-1.0933138132095337,0.11083926566016196
TOKYOTECH_s09,15,105,153.5,-1.2197469472885132,0.07133064199804934
TOKYOTECH_s09,15,106,153.53333333333333,-1.220840334892273,0.017780510580604182
TOKYOTECH_s09,15,107,153.56666666666666,-1.4427846670150757,-0.04523208693325502
TOKYOTECH_s09,15,108,153.6,-1.6419955492019653,-0.10935245746407053
TOKYOTECH_s09,15,109,153.63333333333333,-1.0988320112228394,-0.1652313279884602
TOKYOTECH_s09,15,110,153.66666666666666,0.418898344039917,-0.20460239959544743
TOKYOTECH_s09,15,111,153.7,1.4505277872085571,-0.2219121863141278
TOKYOTECH_s09,15,112,153.73333333333332,1.7306791543960571,-0.21539982124212517
TOKYOTECH_s09,15,113,153.76666666666668,1.8879066705703735,-0.18711975547794352
TOKYOTECH_s09,15,114,153.8,1.7725352048873901,-0.1416380139633269
TOKYOTECH_s09,15,115,153.83333333333334,1.278525948524475,-0.08346364961119188
TOKYOTECH_s09,15,116,153.86666666666667,0.5100358724594116,-0.015466470928623462
TOKYOTECH_s09,15,117,153.9,-0.04752051457762718,0.05789812650298843
TOKYOTECH_s09,15,118,153.93333333333334,-0.2645570933818817,0.12496391086640843
TOKYOTECH_s09,15,119,153.96666666666667,-0.23653432726860046,0.16684178807624286
TOKYOTECH_s09,15,120,154.0,-0.26806628704071045,0.1647769854640814
TOKYOTECH_s09,15,121,154.03333333333333,-0.6607664823532104,0.10980123875325405
TOKYOTECH_s09,15,122,154.06666666666666,-0.9959970712661743,0.009431823857868398
TOKYOTECH_s09,15,123,154.1,-1.3624799251556396,-0.1127595094199341
TOKYOTECH_s09,15,124,154.13333333333333,-1.6397323608398438,-0.224999014115646
TOKYOTECH_s09,15,125,154.16666666666666,-1.5813473463058472,-0.29888023641551414
TOKYOTECH_s09,15,126,154.2,-1.5765413045883179,-0.3188164906262026
TOKYOTECH_s09,15,127,154.23333333333332,-1.2076935768127441,-0.28276881133209086
TOKYOTECH_s09,15,128,154.26666666666668,-0.1549326479434967,-0.1960002829846138
TOKYOTECH_s09,15,129,154.3,0.8341286182403564,-0.06736003149025553
TOKYOTECH_s09,15,130,154.33333333333334,1.4696248769760132,0.08964920759076274
TOKYOTECH_s09,15,131,154.36666666666667,1.846813440322876,0.25656868372743
TOKYOTECH_s09,15,132,154.4,1.8033552169799805,0.41218839191155116
TOKYOTECH_s09,15,133,154.43333333333334,1.637710690498352,0.5346453907078595
TOKYOTECH_s09,15,134,154.46666666666667,1.137573003768921,0.6028538507765889
TOKYOTECH_s09,15,135,154.5,0.5363803505897522,0.5988621397555585
TOKYOTECH_s09,15,136,154.53333333333333,0.06439254432916641,0.5119118046538595
TOKYOTECH_s09,15,137,154.56666666666666,-0.048969969153404236,0.3437907673206245
TOKYOTECH_s09,15,138,154.6,-0.157221257686615,0.1134039507420568
TOKYOTECH_s09,15,139,154.63333333333333,-0.28413742780685425,-0.1427749830997147
TOKYOTECH_s09,15,140,154.66666666666666,-0.45471522212028503,-0.37761388437316196
TOKYOTECH_s09,15,141,154.7,-0.7891066670417786,-0.549705025440091
TOKYOTECH_s09,15,142,154.73333333333332,-1.0279358625411987,-0.6404026158074796
TOKYOTECH_s09,15,143,154.76666666666668,-1.478690505027771,-0.6538769698559608
TOKYOTECH_s09,15,144,154.8,-1.5808897018432617,-0.6009797696588695
TOKYOTECH_s09,15,145,154.83333333333334,-1.3218443393707275,-0.4859083184688363
TOKYOTECH_s09,15,146,154.86666666666667,-0.5141428112983704,-0.3057053670487784
TOKYOTECH_s09,15,147,154.9,0.8374852538108826,-0.06104438041527868
TOKYOTECH_s09,15,148,154.93333333333334,1.6346845626831055,0.23036052628965992
TOKYOTECH_s09,15,149,154.96666666666667,1.9621593952178955,0.5311837018676554
TOKYOTECH_s09,15,150,155.0,1.838218331336975,0.7938145074131662
TOKYOTECH_s09,15,151,155.03333333333333,1.5869797468185425,0.9700571914427788
TOKYOTECH_s09,15,152,155.06666666666666,1.2693206071853638,1.017404842170135
TOKYOTECH_s09,15,153,155.1,0.7702763676643372,0.9066164176630728
TOKYOTECH_s09,15,154,155.13333333333333,0.4062855541706085,0.6312995914600296
TOKYOTECH_s09,15,155,155.16666666666666,-0.04314672574400902,0.21557209844867725
TOKYOTECH_s09,15,156,155.2,-0.34221726655960083,-0.2843661573535622
TOKYOTECH_s09,15,157,155.23333333333332,-0.5326042771339417,-0.7881817876817759
TOKYOTECH_s09,15,158,155.26666666666668,-0.7691448926925659,-1.209339996218871
TOKYOTECH_s09,15,159,155.3,-0.7103021740913391,-1.4799889150180672
TOKYOTECH_s09,15,160,155.33333333333334,-0.8419989943504333,-1.5714332127776434
TOKYOTECH_s09,15,161,155.36666666666667,-1.0722841024398804,-1.4930441332012407
TOKYOTECH_s09,15,162,155.4,-1.3942153453826904,-1.272736765235484
TOKYOTECH_s09,15,163,155.43333333333334,-1.7093061208724976,-0.9414833217330549
TOKYOTECH_s09,15,164,155.46666666666667,-1.480114459991455,-0.5301479227043753
TOKYOTECH_s09,15,165,155.5,-0.5526168942451477,-0.07079852790695455
TOKYOTECH_s09,15,166,155.53333333333333,0.422382116317749,0.40220708977142167
TOKYOTECH_s09,15,167,155.56666666666666,1.2575724124908447,0.8514590867229571
TOKYOTECH_s09,15,168,155.6,1.5433690547943115,1.2371381772586945
TOKYOTECH_s09,15,169,155.63333333333333,1.580546259880066,1.5208622662720999
TOKYOTECH_s09,15,170,155.66666666666666,1.7330694198608398,1.671395518200401
TOKYOTECH_s09,15,171,155.7,1.3522700071334839,1.668031977797745
TOKYOTECH_s09,15,172,155.73333333333332,0.789526104927063,1.5026479311581786
TOKYOTECH_s09,15,173,155.76666666666668,0.31685173511505127,1.1861167293591712
TOKYOTECH_s09,15,174,155.8,-0.09245356917381287,0.7562265515458702
TOKYOTECH_s09,15,175,155.83333333333334,-0.522356390953064,0.2762942223275471
TOKYOTECH_s09,15,176,155.86666666666667,-0.8034740686416626,-0.17912838962054964
TOKYOTECH_s09,15,177,155.9,-0.8078732490539551,-0.5466197050040498
TOKYOTECH_s09,15,178,155.93333333333334,-0.9953358769416809,-0.7934435485586315
TOKYOTECH_s09,15,179,155.96666666666667,-1.3628613948822021,-0.9198691761245171
TOKYOTECH_s09,15,180,156.0,-1.5454925298690796,-0.9448331902250946
TOKYOTECH_s09,15,181,156.03333333333333,-1.5942398309707642,-0.8902442994786255
TOKYOTECH_s09,15,182,156.06666666666666,-1.640088438987732,-0.7733603613478854
TOKYOTECH_s09,15,183,156.1,-1.509103536605835,-0.6084838711802188
TOKYOTECH_s09,15,184,156.13333333333333,-0.8007022738456726,-0.4134767536560961
TOKYOTECH_s09,15,185,156.16666666666666,0.3836791515350342,-0.21223972674301836
TOKYOTECH_s09,15,186,156.2,1.3779025077819824,-0.030571289786100263
TOKYOTECH_s09,15,187,156.23333333333332,1.6353458166122437,0.11021201188810972
TOKYOTECH_s09,15,188,156.26666666666668,1.594176173210144,0.19794063167199838
TOKYOTECH_s09,15,189,156.3,1.468302607536316,0.23002682710509056
TOKYOTECH_s09,15,190,156.33333333333334,1.000968337059021,0.2104906592402142
TOKYOTECH_s09,15,191,156.36666666666667,0.4223312437534332,0.14745162091149794
TOKYOTECH_s09,15,192,156.4,0.07308926433324814,0.05304864563888698
TOKYOTECH_s09,15,193,156.43333333333334,-0.1497451215982437,-0.054687407157488196
TOKYOTECH_s09,15,194,156.46666666666667,-0.31920403242111206,-0.15125961522130807
TOKYOTECH_s09,15,195,156.5,-0.7856737375259399,-0.21148766138276545
TOKYOTECH_s09,15,196,156.53333333333333,-0.9376883506774902,-0.21922890817894805
TOKYOTECH_s09,15,197,156.56666666666666,-0.9573449492454529,-0.17166824274514428
TOKYOTECH_s09,15,198,156.6,-1.084108591079712,-0.07612486103740997
TOKYOTECH_s09,15,199,156.63333333333333,-1.2020483016967773,0.054884262676416974
TOKYOTECH_s09,15,200,156.66666666666666,-1.4831913709640503,0.20664997768270954
TOKYOTECH_s09,15,201,156.7,-1.5373297929763794,0.36270350893193526
TOKYOTECH_s09,15,202,156.73333333333332,-0.9467156529426575,0.5041906823473691
TOKYOTECH_s09,15,203,156.76666666666668,0.3235141336917877,0.6113463620854964
TOKYOTECH_s09,15,204,156.8,1.455104947090149,0.667579917037021
TOKYOTECH_s09,15,205,156.83333333333334,2.060213565826416,0.6638085026568311
TOKYOTECH_s09,15,206,156.86666666666667,2.1637604236602783,0.599757453873422
TOKYOTECH_s09,15,207,156.9,2.0484654903411865,0.47891677391947385
TOKYOTECH_s09,15,208,156.93333333333334,1.76065993309021,0.30130911317742215
TOKYOTECH_s09,15,209,156.96666666666667,1.1655957698822021,0.06458254098546527
TOKYOTECH_s09,15,210,157.0,0.6267804503440857,-0.22555720285741082
TOKYOTECH_s09,15,211,157.03333333333333,0.34339961409568787,-0.5444631007685522
TOKYOTECH_s09,15,212,157.06666666666666,0.030088815838098526,-0.8461458989714798
TOKYOTECH_s09,15,213,157.1,-0.1495162695646286,-1.0759549651621192
TOKYOTECH_s09,15,214,157.13333333333333,-0.34257328510284424,-1.1924964509527682
TOKYOTECH_s09,15,215,157.16666666666666,-0.4984531104564667,-1.181815663401217
TOKYOTECH_s09,15,216,157.2,-0.946639358997345,-1.0562142259864262
TOKYOTECH_s09,15,217,157.23333333333332,-1.3149784803390503,-0.8412413898398324
TOKYOTECH_s09,15,218,157.26666666666668,-1.5190463066101074,-0.5610214401091077
TOKYOTECH_s09,15,219,157.3,-1.536643147468567,-0.23600208138592668
TOKYOTECH_s09,15,220,157.33333333333334,-1.2763264179229736,0.10814030766028639
TOKYOTECH_s09,15,221,157.36666666666667,-0.5515488982200623,0.4365323058613163
TOKYOTECH_s09,15,222,157.4,0.46329739689826965,0.7114321261472103
TOKYOTECH_s09,15,223,157.43333333333334,1.3161100149154663,0.9019420805524182
TOKYOTECH_s09,15,224,157.46666666666667,1.6888229846954346,0.9911699759100135
TOKYOTECH_s09,15,225,157.5,1.8252495527267456,0.9773871060186402
TOKYOTECH_s09,15,226,157.53333333333333,1.618842363357544,0.8702023639867621
TOKYOTECH_s09,15,227,157.56666666666666,1.468455195426941,0.6868577384316252
TOKYOTECH_s09,15,228,157.6,0.9526786208152771,0.45122386784213075
TOKYOTECH_s09,15,229,157.63333333333333,0.49035385251045227,0.1948726928352017
TOKYOTECH_s09,15,230,157.66666666666666,0.25017687678337097,-0.0433321061315794
TOKYOTECH_s09,15,231,157.7,0.050355736166238785,-0.2245235704183976
TOKYOTECH_s09,15,232,157.73333333333332,-0.343768447637558,-0.3221332141873032
TOKYOTECH_s09,15,233,157.76666666666668,-0.7479370832443237,-0.33035158307365153
TOKYOTECH_s09,15,234,157.8,-0.7838428616523743,-0.2639115490400522
TOKYOTECH_s09,15,235,157.83333333333334,-0.9292204976081848,-0.14956427790170154
TOKYOTECH_s09,15,236,157.86666666666667,-1.491125226020813,-0.01455702457135434
TOKYOTECH_s09,15,237,157.9,-1.7474242448806763,0.11896542986645581
TOKYOTECH_s09,15,238,157.93333333333334,-1.6031655073165894,0.2329418374028131
TOKYOTECH_s09,15,239,157.96666666666667,-1.217814326286316,0.31324918910857463
TOKYOTECH_s09,15,240,158.0,-0.23526287078857422,0.35222501362393677
TOKYOTECH_s09,15,241,158.03333333333333,1.1633579730987549,0.3493881532882806
TOKYOTECH_s09,15,242,158.06666666666666,1.7779771089553833,0.30865312695437797
TOKYOTECH_s09,15,243,158.1,1.6282001733779907,0.2336466412813896
TOKYOTECH_s09,15,244,158.13333333333333,1.3993136882781982,0.12395223513880568
TOKYOTECH_s09,15,245,158.16666666666666,1.0093598365783691,-0.024361720840139534
TOKYOTECH_s09,15,246,158.2,0.46833232045173645,-0.2134490450818867
TOKYOTECH_s09,15,247,158.23333333333332,0.09757740050554276,-0.4362103847715552
TOKYOTECH_s09,15,248,158.26666666666668,-0.2240995466709137,-0.6709818114765567
TOKYOTECH_s09,15,249,158.3,-0.48731520771980286,-0.883456898302562
TOKYOTECH_s09,15,250,158.33333333333334,-0.8745481371879578,-1.0361968702592252
TOKYOTECH_s09,15,251,158.36666666666667,-1.1071218252182007,-1.101171687941441
TOKYOTECH_s09,15,252,158.4,-0.9495382905006409,-1.0687894173914991
TOKYOTECH_s09,15,253,158.43333333333334,-1.069461464881897,-0.9464318727892742
TOKYOTECH_s09,15,254,158.46666666666667,-1.6041826009750366,-0.7484715410837879
TOKYOTECH_s09,15,255,158.5,-1.7728278636932373,-0.48813743051289316
TOKYOTECH_s09,15,256,158.53333333333333,-1.5977236032485962,-0.17641507228277656
TOKYOTECH_s09,15,257,158.56666666666666,-1.1737966537475586,0.17331740886467287
TOKYOTECH_s09,15,258,158.6,-0.0987091064453125,0.53886814552514
TOKYOTECH_s09,15,259,158.63333333333333,1.295003890991211,0.8865775796712363
TOKYOTECH_s09,15,260,158.66666666666666,1.9933353662490845,1.1746743813440959
TOKYOTECH_s09,15,261,158.7,1.9751535654067993,1.3610052501584162
TOKYOTECH_s09,15,262,158.73333333333332,1.742376446723938,1.4128466870543779
TOKYOTECH_s09,15,263,158.76666666666668,1.2227855920791626,1.316244966279124
TOKYOTECH_s09,15,264,158.8,0.7808802723884583,1.0818201230455895
TOKYOTECH_s09,15,265,158.83333333333334,0.5588850378990173,0.7440065107668942
TOKYOTECH_s09,15,266,158.86666666666667,0.3280150592327118,0.353854712534975
TOKYOTECH_s09,15,267,158.9,0.10001858323812485,-0.03134458569063384
TOKYOTECH_s09,15,268,158.93333333333334,-0.1441761702299118,-0.3590967207868914
TOKYOTECH_s09,15,269,158.96666666666667,-0.31887346506118774,-0.5919577710708741
TOKYOTECH_s09,15,270,159.0,-0.34549760818481445,-0.7142496578982879
TOKYOTECH_s09,15,271,159.03333333333333,-0.740308403968811,-0.7315845179707915
TOKYOTECH_s09,15,272,159.06666666666666,-1.1693720817565918,-0.6639191742365673
TOKYOTECH_s09,15,273,159.1,-1.2668923139572144,-0.5370406696338323
TOKYOTECH_s09,15,274,159.13333333333333,-1.3730075359344482,-0.37611725149983954
TOKYOTECH_s09,15,275,159.16666666666666,-1.393681287765503,-0.20291184581706706
TOKYOTECH_s09,15,276,159.2,-0.2454090565443039,-0.03593778967648284
TOKYOTECH_s09,15,277,159.23333333333332,1.2954870462417603,0.10912045338121475
TOKYOTECH_s09,15,278,159.26666666666668,2.0354204177856445,0.21972401464628127
TOKYOTECH_s09,15,279,159.3,2.3824501037597656,0.28657982328191733
TOKYOTECH_s09,15,280,159.33333333333334,2.305603504180908,0.3033240707318598
TOKYOTECH_s09,15,281,159.36666666666667,1.9347723722457886,0.2664259285281174
TOKYOTECH_s09,15,282,159.4,1.3155759572982788,0.17630047904832014
TOKYOTECH_s09,15,283,159.43333333333334,0.6311288475990295,0.04065303190349426
TOKYOTECH_s09,15,284,159.46666666666667,0.07054636627435684,-0.121859389025363
TOKYOTECH_s09,15,285,159.5,-0.03233939781785011,-0.28204921316904646
TOKYOTECH_s09,15,286,159.53333333333333,0.07049550861120224,-0.4067818389446519
TOKYOTECH_s09,15,287,159.56666666666666,0.2272653430700302,-0.470785591671987
TOKYOTECH_s09,15,288,159.6,0.16715116798877716,-0.46681681394539415
TOKYOTECH_s09,15,289,159.63333333333333,-0.21547910571098328,-0.4030675162692815
TOKYOTECH_s09,15,290,159.66666666666666,-0.6482299566268921,-0.2910308006938185
TOKYOTECH_s09,15,291,159.7,-0.680702805519104,-0.14044380111933077
TOKYOTECH_s09,15,292,159.73333333333332,-0.8008040189743042,0.03535353819021836
TOKYOTECH_s09,15,293,159.76666666666668,-0.9956918954849243,0.21444097354259595
TOKYOTECH_s09,15,294,159.8,-0.2956058979034424,0.36775590882449294
TOKYOTECH_s09,15,295,159.83333333333334,1.0332632064819336,0.4664899481830927
TOKYOTECH_s09,15,296,159.86666666666667,1.9017654657363892,0.491833128703235
TOKYOTECH_s09,15,297,159.9,2.164421796798706,0.44114179367358786
TOKYOTECH_s09,15,298,159.93333333333334,2.2852604389190674,0.3280775637746853
TOKYOTECH_s09,15,299,159.96666666666667,2.0944411754608154,0.17823815934536918
TOKYOTECH_s09,16,0,160.0,1.5445133447647095,-0.053964250771778716
TOKYOTECH_s09,16,1,160.03333333333333,0.7389478087425232,-0.5138768348631987
TOKYOTECH_s09,16,2,160.06666666666666,0.26027220487594604,-0.902584307708756
TOKYOTECH_s09,16,3,160.1,0.02914794348180294,-1.1609180146680667
TOKYOTECH_s09,16,4,160.13333333333333,-0.19282186031341553,-1.2547893672931125
TOKYOTECH_s09,16,5,160.16666666666666,-0.5290950536727905,-1.1865292202961373
TOKYOTECH_s09,16,6,160.2,-0.7504291534423828,-0.9957994150962767
TOKYOTECH_s09,16,7,160.23333333333332,-1.0757169723510742,-0.7432984009321664
TOKYOTECH_s09,16,8,160.26666666666668,-1.176924467086792,-0.48470183113672616
TOKYOTECH_s09,16,9,160.3,-1.0894486904144287,-0.2548595040766786
TOKYOTECH_s09,16,10,160.33333333333334,-1.4461922645568848,-0.06787770320773277
TOKYOTECH_s09,16,11,160.36666666666667,-1.4514814615249634,0.07675661332974316
TOKYOTECH_s09,16,12,160.4,-0.3149828016757965,0.18827433244982988
TOKYOTECH_s09,16,13,160.43333333333334,0.9792265295982361,0.2798913280594693
TOKYOTECH_s09,16,14,160.46666666666667,1.9205321073532104,0.3645169067641631
TOKYOTECH_s09,16,15,160.5,2.3531558513641357,0.4490052118222743
TOKYOTECH_s09,16,16,160.53333333333333,2.3642683029174805,0.529160279774352
TOKYOTECH_s09,16,17,160.56666666666666,1.990309238433838,0.5913741694474293
TOKYOTECH_s09,16,18,160.6,1.269498586654663,0.6198712672874697
TOKYOTECH_s09,16,19,160.63333333333333,0.43652063608169556,0.6018818012100738
TOKYOTECH_s09,16,20,160.66666666666666,-0.028143610805273056,0.5291502310374278
TOKYOTECH_s09,16,21,160.7,-0.33809778094291687,0.40053155609259444
TOKYOTECH_s09,16,22,160.73333333333332,-0.24891825020313263,0.22545855059663203
TOKYOTECH_s09,16,23,160.76666666666668,-0.22237037122249603,0.023030859167271052
TOKYOTECH_s09,16,24,160.8,-0.5724515318870544,-0.18324122053260808
TOKYOTECH_s09,16,25,160.83333333333334,-0.9132001996040344,-0.36969552218822693
TOKYOTECH_s09,16,26,160.86666666666667,-1.049194574356079,-0.5144121596609188
TOKYOTECH_s09,16,27,160.9,-1.0867023468017578,-0.5996045710101013
TOKYOTECH_s09,16,28,160.93333333333334,-1.3083415031433105,-0.6153927814212345
TOKYOTECH_s09,16,29,160.96666666666667,-1.139467477798462,-0.5634652734197613
TOKYOTECH_s09,16,30,161.0,-0.31650856137275696,-0.457693175815321
TOKYOTECH_s09,16,31,161.03333333333333,0.9584510326385498,-0.318114090221977
TOKYOTECH_s09,16,32,161.06666666666666,1.839235544204712,-0.16174078560283034
TOKYOTECH_s09,16,33,161.1,2.034581184387207,0.00015440629567077982
TOKYOTECH_s09,16,34,161.13333333333333,1.8987139463424683,0.1572967225797379
TOKYOTECH_s09,16,35,161.16666666666666,1.7223892211914062,0.2960961024265912
TOKYOTECH_s09,16,36,161.2,1.1908466815948486,0.40019656430211303
TOKYOTECH_s09,16,37,161.23333333333332,0.3335077464580536,0.45563251056514237
TOKYOTECH_s09,16,38,161.26666666666668,-0.18023450672626495,0.4566759128255479
TOKYOTECH_s09,16,39,161.3,-0.47121864557266235,0.4058492860200114
TOKYOTECH_s09,16,40,161.33333333333334,-0.362407922744751,0.30906739357840274
TOKYOTECH_s09,16,41,161.36666666666667,-0.47411754727363586,0.17404130891106326
TOKYOTECH_s09,16,42,161.4,-0.9934796094894409,0.013410806179216108
TOKYOTECH_s09,16,43,161.43333333333334,-1.2480747699737549,-0.15300985907942938
TOKYOTECH_s09,16,44,161.46666666666667,-1.3695491552352905,-0.2996026069581701
TOKYOTECH_s09,16,45,161.5,-1.4100830554962158,-0.3990070088958342
TOKYOTECH_s09,16,46,161.53333333333333,-1.4692308902740479,-0.42800595658841045
TOKYOTECH_s09,16,47,161.56666666666666,-1.8256438970565796,-0.3745293592518657
TOKYOTECH_s09,16,48,161.6,-1.6821988821029663,-0.24318413890590276
TOKYOTECH_s09,16,49,161.63333333333333,-0.40495064854621887,-0.05534222879316038
TOKYOTECH_s09,16,50,161.66666666666666,0.8998880386352539,0.15600632196239245
TOKYOTECH_s09,16,51,161.7,1.5436742305755615,0.3523360911185923
TOKYOTECH_s09,16,52,161.73333333333332,1.7656948566436768,0.49488513279975227
TOKYOTECH_s09,16,53,161.76666666666668,1.589268445968628,0.5503154076322981
TOKYOTECH_s09,16,54,161.8,1.4870692491531372,0.4975749958630917
TOKYOTECH_s09,16,55,161.83333333333334,1.1639682054519653,0.3359517258310117
TOKYOTECH_s09,16,56,161.86666666666667,0.46327194571495056,0.09100046207775793
TOKYOTECH_s09,16,57,161.9,0.024112999439239502,-0.18759118934724683
TOKYOTECH_s09,16,58,161.93333333333334,-0.4157834053039551,-0.43915045910507733
TOKYOTECH_s09,16,59,161.96666666666667,-0.7732644081115723,-0.6150688987002002
TOKYOTECH_s09,16,60,162.0,-0.7814779281616211,-0.6991548821135063
TOKYOTECH_s09,16,61,162.03333333333333,-0.8438807129859924,-0.7042261600977937
TOKYOTECH_s09,16,62,162.06666666666666,-0.9438421726226807,-0.6488009285912054
TOKYOTECH_s09,16,63,162.1,-1.3853659629821777,-0.541589330063069
TOKYOTECH_s09,16,64,162.13333333333333,-1.727081060409546,-0.3830539808567978
TOKYOTECH_s09,16,65,162.16666666666666,-1.5648185014724731,-0.1726130639548354
TOKYOTECH_s09,16,66,162.2,-1.637494683265686,0.08617225009608903
TOKYOTECH_s09,16,67,162.23333333333332,-1.453719139099121,0.38414273096031587
TOKYOTECH_s09,16,68,162.26666666666668,-0.54915851354599,0.7071937354990063
TOKYOTECH_s09,16,69,162.3,0.7833977341651917,1.0347063473429277
TOKYOTECH_s09,16,70,162.33333333333334,1.4205468893051147,1.3342287176639545
TOKYOTECH_s09,16,71,162.36666666666667,1.5669163465499878,1.5543107314001903
TOKYOTECH_s09,16,72,162.4,1.3427342176437378,1.6254290869378831
TOKYOTECH_s09,16,73,162.43333333333334,0.9134162664413452,1.4840864290206284
TOKYOTECH_s09,16,74,162.46666666666667,0.5215044021606445,1.1097434631913299
TOKYOTECH_s09,16,75,162.5,0.06874090433120728,0.5410351545689813
TOKYOTECH_s09,16,76,162.53333333333333,-0.1839980036020279,-0.13793168017732282
TOKYOTECH_s09,16,77,162.56666666666666,-0.5274676084518433,-0.8238479147500785
TOKYOTECH_s09,16,78,162.6,-0.9201677441596985,-1.4199879892216305
TOKYOTECH_s09,16,79,162.63333333333333,-0.9873003363609314,-1.8557857138850056
TOKYOTECH_s09,16,80,162.66666666666666,-1.0048717260360718,-2.096479291593819
TOKYOTECH_s09,16,81,162.7,-1.350197672843933,-2.1413898481490907
TOKYOTECH_s09,16,82,162.73333333333332,-1.4276798963546753,-2.0139250833526647
TOKYOTECH_s09,16,83,162.76666666666668,-1.4045649766921997,-1.7500383313893078
TOKYOTECH_s09,16,84,162.8,-1.7014994621276855,-1.3882820684769352
TOKYOTECH_s09,16,85,162.83333333333334,-1.7163753509521484,-0.9605728368326037
TOKYOTECH_s09,16,86,162.86666666666667,-0.8430669903755188,-0.48686901234308333
TOKYOTECH_s09,16,87,162.9,0.5371432304382324,0.01956223209784669
TOKYOTECH_s09,16,88,162.93333333333334,1.3093458414077759,0.5394231447470296
TOKYOTECH_s09,16,89,162.96666666666667,1.5288491249084473,1.039429631781928
TOKYOTECH_s09,16,90,163.0,1.5532863140106201,1.4745396291733792
TOKYOTECH_s09,16,91,163.03333333333333,1.3574830293655396,1.7976369737554427
TOKYOTECH_s09,16,92,163.06666666666666,1.082341194152832,1.9718441879017703
TOKYOTECH_s09,16,93,163.1,0.5170797109603882,1.9796776999673058
TOKYOTECH_s09,16,94,163.13333333333333,0.125803604722023,1.825942759885909
TOKYOTECH_s09,16,95,163.16666666666666,-0.1067192405462265,1.5345233228154502
TOKYOTECH_s09,16,96,163.2,-0.49166354537010193,1.141524890352143
TOKYOTECH_s09,16,97,163.23333333333332,-0.6352357268333435,0.6888772121650754
TOKYOTECH_s09,16,98,163.26666666666668,-0.842965304851532,0.22034330960307272
TOKYOTECH_s09,16,99,163.3,-0.9274150133132935,-0.22062543722980543
TOKYOTECH_s09,16,100,163.33333333333334,-0.9209560751914978,-0.5936490260383581
TOKYOTECH_s09,16,101,163.36666666666667,-1.3096638917922974,-0.8682688328209704
TOKYOTECH_s09,16,102,163.4,-1.5687600374221802,-1.031924603205071
TOKYOTECH_s09,16,103,163.43333333333334,-1.6994142532348633,-1.0903235336086738
TOKYOTECH_s09,16,104,163.46666666666667,-1.587297797203064,-1.0595945660567871
TOKYOTECH_s09,16,105,163.5,-1.1751190423965454,-0.9579485289591801
TOKYOTECH_s09,16,106,163.53333333333333,-0.15648381412029266,-0.8020503661820626
TOKYOTECH_s09,16,107,163.56666666666666,0.9227741360664368,-0.6094871998623601
TOKYOTECH_s09,16,108,163.6,1.5782321691513062,-0.40309166626414616
TOKYOTECH_s09,16,109,163.63333333333333,1.9363235235214233,-0.20851495386907754
TOKYOTECH_s09,16,110,163.66666666666666,1.7124719619750977,-0.04593461313053756
TOKYOTECH_s09,16,111,163.7,1.2794159650802612,0.07392506212601546
TOKYOTECH_s09,16,112,163.73333333333332,0.6993802785873413,0.14730210580254507
TOKYOTECH_s09,16,113,163.76666666666668,0.03687836229801178,0.1748284332131031
TOKYOTECH_s09,16,114,163.8,-0.22313323616981506,0.16132574130139565
TOKYOTECH_s09,16,115,163.83333333333334,-0.1844048649072647,0.11578386657104427
TOKYOTECH_s09,16,116,163.86666666666667,-0.23396599292755127,0.050517928325945254
TOKYOTECH_s09,16,117,163.9,-0.48388227820396423,-0.019991320043925905
TOKYOTECH_s09,16,118,163.93333333333334,-0.6930104494094849,-0.08070333425030823
TOKYOTECH_s09,16,119,163.96666666666667,-1.0144585371017456,-0.11874543985532786
TOKYOTECH_s09,16,120,164.0,-1.2784879207611084,-0.1260150796972541
TOKYOTECH_s09,16,121,164.03333333333333,-1.266943097114563,-0.09877757758166537
TOKYOTECH_s09,16,122,164.06666666666666,-1.4291293621063232,-0.0348492780626941
TOKYOTECH_s09,16,123,164.1,-1.8917592763900757,0.06773487657668231
TOKYOTECH_s09,16,124,164.13333333333333,-1.6788675785064697,0.20906415305416262
TOKYOTECH_s09,16,125,164.16666666666666,-0.3929227292537689,0.38401909309345766
TOKYOTECH_s09,16,126,164.2,0.8216175436973572,0.5789735540644559
TOKYOTECH_s09,16,127,164.23333333333332,1.4875777959823608,0.7702527142776096
TOKYOTECH_s09,16,128,164.26666666666668,1.6247926950454712,0.9253757158535767
TOKYOTECH_s09,16,129,164.3,1.3789705038070679,1.0071847831947183
TOKYOTECH_s09,16,130,164.33333333333334,1.1024301052093506,0.9802699279344431
TOKYOTECH_s09,16,131,164.36666666666667,0.5328711271286011,0.8184237438467579
TOKYOTECH_s09,16,132,164.4,0.11870890855789185,0.5130846162378276
TOKYOTECH_s09,16,133,164.43333333333334,0.027978209778666496,0.08359512678214409
TOKYOTECH_s09,16,134,164.46666666666667,-0.1816076636314392,-0.4163847214259369
TOKYOTECH_s09,16,135,164.5,-0.4507737159729004,-0.9071215904246707
TOKYOTECH_s09,16,136,164.53333333333333,-0.7811728119850159,-1.305364574196688
TOKYOTECH_s09,16,137,164.56666666666666,-0.8888646364212036,-1.5494348421325719
TOKYOTECH_s09,16,138,164.6,-0.996378481388092,-1.6156232930691667
TOKYOTECH_s09,16,139,164.63333333333333,-1.2206369638442993,-1.5176986885147024
TOKYOTECH_s09,16,140,164.66666666666666,-1.673527479171753,-1.2915803449664327
TOKYOTECH_s09,16,141,164.7,-1.6980664730072021,-0.976855198834242
TOKYOTECH_s09,16,142,164.73333333333332,-1.7274879217147827,-0.6044604569485121
TOKYOTECH_s09,16,143,164.76666666666668,-1.372066617012024,-0.19535818936539456
TOKYOTECH_s09,16,144,164.8,-0.2161911129951477,0.23236828205889298
TOKYOTECH_s09,16,145,164.83333333333334,1.091749906539917,0.6570661791254077
TOKYOTECH_s09,16,146,164.86666666666667,1.762694239616394,1.0512057599714228
TOKYOTECH_s09,16,147,164.9,1.8816256523132324,1.3803499342755159
TOKYOTECH_s09,16,148,164.93333333333334,1.8068898916244507,1.6030822646649567
TOKYOTECH_s09,16,149,164.96666666666667,1.365365982055664,1.6743314842664054
TOKYOTECH_s09,16,150,165.0,0.7671486139297485,1.554729268439828
TOKYOTECH_s09,16,151,165.03333333333333,0.14566364884376526,1.2278208053963242
TOKYOTECH_s09,16,152,165.06666666666666,-0.13197024166584015,0.7190412043171074
TOKYOTECH_s09,16,153,165.1,-0.22908362746238708,0.10358760669275195
TOKYOTECH_s09,16,154,165.13333333333333,-0.2619887590408325,-0.5060104441221969
TOKYOTECH_s09,16,155,165.16666666666666,-0.35312631726264954,-0.9955372700200462
TOKYOTECH_s09,16,156,165.2,-0.674752414226532,-1.2913127369348754
TOKYOTECH_s09,16,157,165.23333333333332,-1.0738606452941895,-1.3765361319044997
TOKYOTECH_s09,16,158,165.26666666666668,-0.9935812950134277,-1.2764673707651866
TOKYOTECH_s09,16,159,165.3,-1.043523907661438,-1.0352896698701477
TOKYOTECH_s09,16,160,165.33333333333334,-1.4464465379714966,-0.6996224607585596
TOKYOTECH_s09,16,161,165.36666666666667,-1.6086326837539673,-0.3120180976999362
TOKYOTECH_s09,16,162,165.4,-0.8620370626449585,0.08800079801165614
TOKYOTECH_s09,16,163,165.43333333333334,0.5553758144378662,0.46245899696048687
TOKYOTECH_s09,16,164,165.46666666666667,1.6153839826583862,0.7755858574407697
TOKYOTECH_s09,16,165,165.5,2.031987428665161,0.993967657667977
TOKYOTECH_s09,16,166,165.53333333333333,2.072800874710083,1.0881151428066196
TOKYOTECH_s09,16,167,165.56666666666666,1.8753955364227295,1.0413330650862067
TOKYOTECH_s09,16,168,165.6,1.3431155681610107,0.8614204393235377
TOKYOTECH_s09,16,169,165.63333333333333,0.7842114567756653,0.5814163478475918
TOKYOTECH_s09,16,170,165.66666666666666,0.3063749670982361,0.24789677963242052
TOKYOTECH_s09,16,171,165.7,0.051957763731479645,-0.09193395949733954
TOKYOTECH_s09,16,172,165.73333333333332,-0.03152566775679588,-0.3985348113423604
TOKYOTECH_s09,16,173,165.76666666666668,-0.035594310611486435,-0.6445982619669298
TOKYOTECH_s09,16,174,165.8,-0.30018311738967896,-0.8165412607476685
TOKYOTECH_s09,16,175,165.83333333333334,-0.511167585849762,-0.912887030368412
TOKYOTECH_s09,16,176,165.86666666666667,-0.7719675302505493,-0.9405665963362054
TOKYOTECH_s09,16,177,165.9,-1.1870197057724,-0.9109940021925506
TOKYOTECH_s09,16,178,165.93333333333334,-1.3717106580734253,-0.8366019823323071
TOKYOTECH_s09,16,179,165.96666666666667,-1.4802162647247314,-0.7273389590313628
TOKYOTECH_s09,16,180,166.0,-1.5050603151321411,-0.5874791858693986
TOKYOTECH_s09,16,181,166.03333333333333,-1.3191488981246948,-0.4140120744814005
TOKYOTECH_s09,16,182,166.06666666666666,-0.7438175678253174,-0.1984270379730268
TOKYOTECH_s09,16,183,166.1,0.5530872344970703,0.06626442568801227
TOKYOTECH_s09,16,184,166.13333333333333,1.4645899534225464,0.37446418674467147
TOKYOTECH_s09,16,185,166.16666666666666,1.8522043228149414,0.697098516330216
TOKYOTECH_s09,16,186,166.2,1.9812566041946411,0.9799091748345449
TOKYOTECH_s09,16,187,166.23333333333332,1.8613333702087402,1.1623095999995983
TOKYOTECH_s09,16,188,166.26666666666668,1.3699686527252197,1.2077649021513561
TOKYOTECH_s09,16,189,166.3,0.7064241170883179,1.118277815637908
TOKYOTECH_s09,16,190,166.33333333333334,0.2887018322944641,0.925657828193996
TOKYOTECH_s09,16,191,166.36666666666667,0.1497322916984558,0.6740399088885974
TOKYOTECH_s09,16,192,166.4,-0.07025405019521713,0.40517208664166815
TOKYOTECH_s09,16,193,166.43333333333334,-0.4134185016155243,0.15211052693336116
TOKYOTECH_s09,16,194,166.46666666666667,-0.6375243663787842,-0.060733863704807746
TOKYOTECH_s09,16,195,166.5,-0.8020754456520081,-0.21995550890158772
TOKYOTECH_s09,16,196,166.53333333333333,-0.9736703634262085,-0.32787935213245084
TOKYOTECH_s09,16,197,166.56666666666666,-1.034191370010376,-0.4007261390870674
TOKYOTECH_s09,16,198,166.6,-1.1366703510284424,-0.45894039866807973
TOKYOTECH_s09,16,199,166.63333333333333,-1.3769235610961914,-0.5165820007048334
TOKYOTECH_s09,16,200,166.66666666666666,-1.329345941543579,-0.5744764879726252
TOKYOTECH_s09,16,201,166.7,-0.9465630650520325,-0.6186042497391095
TOKYOTECH_s09,16,202,166.73333333333332,0.21462711691856384,-0.624975257252108
TOKYOTECH_s09,16,203,166.76666666666668,1.1785136461257935,-0.5716712133774822
TOKYOTECH_s09,16,204,166.8,1.51735520362854,-0.4528178953806913
TOKYOTECH_s09,16,205,166.83333333333334,1.6182575225830078,-0.28444172507820037
TOKYOTECH_s09,16,206,166.86666666666667,1.6529172658920288,-0.0992779920640927
TOKYOTECH_s09,16,207,166.9,1.3544824123382568,0.06462715477028548
TOKYOTECH_s09,16,208,166.93333333333334,0.8375614881515503,0.1761727755023254
TOKYOTECH_s09,16,209,166.96666666666667,0.3677605986595154,0.21966344175185523
TOKYOTECH_s09,16,210,167.0,0.2052946835756302,0.19753405680235223
TOKYOTECH_s09,16,211,167.03333333333333,-0.08200224488973618,0.12832895781850057
TOKYOTECH_s09,16,212,167.06666666666666,-0.17972593009471893,0.04044424826102033
TOKYOTECH_s09,16,213,167.1,-0.1789630502462387,-0.0383980331773508
TOKYOTECH_s09,16,214,167.13333333333333,-0.3716386556625366,-0.09156246423950612
TOKYOTECH_s09,16,215,167.16666666666666,-0.6150451302528381,-0.11592440719437408
TOKYOTECH_s09,16,216,167.2,-0.7809439301490784,-0.11577719773113954
TOKYOTECH_s09,16,217,167.23333333333332,-1.1720166206359863,-0.0951086599943282
TOKYOTECH_s09,16,218,167.26666666666668,-1.4616022109985352,-0.05308648198782572
TOKYOTECH_s09,16,219,167.3,-1.5800504684448242,0.015646992219209094
TOKYOTECH_s09,16,220,167.33333333333334,-1.245938777923584,0.11659082790119968
TOKYOTECH_s09,16,221,167.36666666666667,-0.04930054396390915,0.24972378870046613
TOKYOTECH_s09,16,222,167.4,1.1845911741256714,0.40523946158360064
TOKYOTECH_s09,16,223,167.43333333333334,1.8147474527359009,0.5626308345432584
TOKYOTECH_s09,16,224,167.46666666666667,2.1419677734375,0.6936552871087164
TOKYOTECH_s09,16,225,167.5,2.204014539718628,0.7681796433254986
TOKYOTECH_s09,16,226,167.53333333333333,1.7350274324417114,0.7607817033986749
TOKYOTECH_s09,16,227,167.56666666666666,1.2341269254684448,0.6552893688554118
TOKYOTECH_s09,16,228,167.6,0.7200031876564026,0.4475198143893964
TOKYOTECH_s09,16,229,167.63333333333333,0.3522234857082367,0.14925595726732405
TOKYOTECH_s09,16,230,167.66666666666666,0.12862622737884521,-0.207361592586294
TOKYOTECH_s09,16,231,167.7,-0.002434883965179324,-0.5696522834381803
TOKYOTECH_s09,16,232,167.73333333333332,-0.32360324263572693,-0.8728615883433289
TOKYOTECH_s09,16,233,167.76666666666668,-0.312083899974823,-1.0600896594677978
TOKYOTECH_s09,16,234,167.8,-0.7160236835479736,-1.104502738678325
TOKYOTECH_s09,16,235,167.83333333333334,-1.1545214653015137,-1.014707544378205
TOKYOTECH_s09,16,236,167.86666666666667,-1.1954113245010376,-0.8214964287984268
TOKYOTECH_s09,16,237,167.9,-1.2338600158691406,-0.5618376737983445
TOKYOTECH_s09,16,238,167.93333333333334,-1.5142656564712524,-0.26984219395987946
TOKYOTECH_s09,16,239,167.96666666666667,-1.604131817817688,0.024117264103719085
TOKYOTECH_s09,16,240,168.0,-0.6529343128204346,0.2904745090483802
TOKYOTECH_s09,16,241,168.03333333333333,0.8073264360427856,0.5021208836152274
TOKYOTECH_s09,16,242,168.06666666666666,1.7810031175613403,0.6409177820760203
TOKYOTECH_s09,16,243,168.1,2.303187847137451,0.7010931645587613
TOKYOTECH_s09,16,244,168.13333333333333,2.2561187744140625,0.6871890014968096
TOKYOTECH_s09,16,245,168.16666666666666,2.083099842071533,0.6104911351431519
TOKYOTECH_s09,16,246,168.2,1.6449834108352661,0.48638142528814904
TOKYOTECH_s09,16,247,168.23333333333332,0.8984639644622803,0.33293244686661055
TOKYOTECH_s09,16,248,168.26666666666668,0.270189493894577,0.16997453154249137
TOKYOTECH_s09,16,249,168.3,0.047685690224170685,0.017088835778947205
TOKYOTECH_s09,16,250,168.33333333333334,-0.3233743906021118,-0.1095706703756926
TOKYOTECH_s09,16,251,168.36666666666667,-0.3733678162097931,-0.20015882515147154
TOKYOTECH_s09,16,252,168.4,-0.379445344209671,-0.2525063741508463
TOKYOTECH_s09,16,253,168.43333333333334,-0.5487262606620789,-0.2712743607963021
TOKYOTECH_s09,16,254,168.46666666666667,-0.9355269074440002,-0.26521635307120206
TOKYOTECH_s09,16,255,168.5,-1.2414886951446533,-0.243830165692059
TOKYOTECH_s09,16,256,168.53333333333333,-1.2699183225631714,-0.21482657683389378
TOKYOTECH_s09,16,257,168.56666666666666,-1.3798733949661255,-0.18368325980322112
TOKYOTECH_s09,16,258,168.6,-1.4745455980300903,-0.15449395167757235
TOKYOTECH_s09,16,259,168.63333333333333,-0.3364194631576538,-0.12954314606372147
TOKYOTECH_s09,16,260,168.66666666666666,0.9855837821960449,-0.1078563821496537
TOKYOTECH_s09,16,261,168.7,1.88154935836792,-0.08572873520046442
TOKYOTECH_s09,16,262,168.73333333333332,2.100849151611328,-0.05981908080200247
TOKYOTECH_s09,16,263,168.76666666666668,1.949343204498291,-0.030754978780843656
TOKYOTECH_s09,16,264,168.8,1.6564264297485352,-0.004559203886424179
TOKYOTECH_s09,16,265,168.83333333333334,0.9319285750389099,0.010718873454759432
TOKYOTECH_s09,16,266,168.86666666666667,0.32209011912345886,0.011337402976240248
TOKYOTECH_s09,16,267,168.9,-0.027914749458432198,0.0013176141009088173
TOKYOTECH_s09,16,268,168.93333333333334,-0.24861310422420502,-0.009188575823168402
TOKYOTECH_s09,16,269,168.96666666666667,-0.29461416602134705,-0.00864236804939689
TOKYOTECH_s09,16,270,169.0,-0.5682557225227356,0.010741061787544177
TOKYOTECH_s09,16,271,169.03333333333333,-0.8440079092979431,0.050246449380650184
TOKYOTECH_s09,16,272,169.06666666666666,-1.2728426456451416,0.10527522906904214
TOKYOTECH_s09,16,273,169.1,-1.601334571838379,0.16828761690073005
TOKYOTECH_s09,16,274,169.13333333333333,-1.5919767618179321,0.2322480266331733
TOKYOTECH_s09,16,275,169.16666666666666,-1.5743544101715088,0.29241873287122394
TOKYOTECH_s09,16,276,169.2,-1.7618424892425537,0.3460374728209245
TOKYOTECH_s09,16,277,169.23333333333332,-1.3907569646835327,0.39116881335584264
TOKYOTECH_s09,16,278,169.26666666666668,0.1095036044716835,0.4255685572777574
TOKYOTECH_s09,16,279,169.3,1.3595173358917236,0.4457370532416826
TOKYOTECH_s09,16,280,169.33333333333334,1.8611044883728027,0.4459514229325909
TOKYOTECH_s09,16,281,169.36666666666667,1.9946322441101074,0.4168116796879933
TOKYOTECH_s09,16,282,169.4,1.7280598878860474,0.34502818722650463
TOKYOTECH_s09,16,283,169.43333333333334,1.347845435142517,0.21788277732210887
TOKYOTECH_s09,16,284,169.46666666666667,0.8094878792762756,0.031661138979807456
TOKYOTECH_s09,16,285,169.5,0.04432906210422516,-0.20077745531766517
TOKYOTECH_s09,16,286,169.53333333333333,-0.25237658619880676,-0.44808091931261546
TOKYOTECH_s09,16,287,169.56666666666666,-0.40161943435668945,-0.6676900300499254
TOKYOTECH_s09,16,288,169.6,-0.445128470659256,-0.8192582280563516
TOKYOTECH_s09,16,289,169.63333333333333,-0.48228025436401367,-0.8751764756699738
TOKYOTECH_s09,16,290,169.66666666666666,-0.8198757767677307,-0.8249998112869699
TOKYOTECH_s09,16,291,169.7,-1.134992003440857,-0.6769371597764292
TOKYOTECH_s09,16,292,169.73333333333332,-1.417635440826416,-0.45725008987433696
TOKYOTECH_s09,16,293,169.76666666666668,-1.5522565841674805,-0.20573514587407896
TOKYOTECH_s09,16,294,169.8,-1.494608998298645,0.032505863135873815
TOKYOTECH_s09,16,295,169.83333333333334,-1.4753084182739258,0.2166251701145286
TOKYOTECH_s09,16,296,169.86666666666667,-0.6163928508758545,0.3187177696339445
TOKYOTECH_s09,16,297,169.9,0.6139642596244812,0.3298872143097588
TOKYOTECH_s09,16,298,169.93333333333334,1.518041729927063,0.26204926421402036
TOKYOTECH_s09,16,299,169.96666666666667,1.961777925491333,0.144195584713548
