recording_id,measurement_id,sample_index,time_seconds,gt_signal,predicted_signal
COHFACE_s21_session2_natural,0,0,0.0,-7.127030372619629,-0.1658834043236222
COHFACE_s21_session2_natural,0,1,0.03333333333333333,-5.141872882843018,0.4069087164910594
COHFACE_s21_session2_natural,0,2,0.06666666666666667,-0.32324928045272827,0.9199454519945763
COHFACE_s21_session2_natural,0,3,0.1,0.22823551297187805,1.318179324959621
COHFACE_s21_session2_natural,0,4,0.13333333333333333,-0.6868831515312195,1.5699131041386192
COHFACE_s21_session2_natural,0,5,0.16666666666666666,-0.7785875797271729,1.6723010350099652
COHFACE_s21_session2_natural,0,6,0.2,-0.9014506936073303,1.645701641181225
COHFACE_s21_session2_natural,0,7,0.23333333333333334,-1.1396794319152832,1.5227026219442077
COHFACE_s21_session2_natural,0,8,0.26666666666666666,-1.2601803541183472,1.3378297859977497
COHFACE_s21_session2_natural,0,9,0.3,-1.3489190340042114,1.122707648147587
COHFACE_s21_session2_natural,0,10,0.3333333333333333,-1.4692274332046509,0.9053364378816918
COHFACE_s21_session2_natural,0,11,0.36666666666666664,-1.490462064743042,0.7067178176519366
COHFACE_s21_session2_natural,0,12,0.4,-1.0854758024215698,0.5351059936394786
COHFACE_s21_session2_natural,0,13,0.43333333333333335,-0.05289899930357933,0.38525992936572884
COHFACE_s21_session2_natural,0,14,0.4666666666666667,0.9622561931610107,0.24488333318155728
COHFACE_s21_session2_natural,0,15,0.5,1.3932785987854004,0.10454305270703781
COHFACE_s21_session2_natural,0,16,0.5333333333333333,1.3640071153640747,-0.034855975640675455
COHFACE_s21_session2_natural,0,17,0.5666666666666667,1.119847059249878,-0.16372122191642458
COHFACE_s21_session2_natural,0,18,0.6,0.650630533695221,-0.27226273198358375
COHFACE_s21_session2_natural,0,19,0.6333333333333333,0.11735055595636368,-0.355242286135541
COHFACE_s21_session2_natural,0,20,0.6666666666666666,-0.1946345418691635,-0.41044000169278994
COHFACE_s21_session2_natural,0,21,0.7,-0.2954156994819641,-0.4369310449686396
COHFACE_s21_session2_natural,0,22,0.7333333333333333,-0.3493111729621887,-0.43649060853697474
COHFACE_s21_session2_natural,0,23,0.7666666666666667,-0.4602217972278595,-0.4176484696377025
COHFACE_s21_session2_natural,0,24,0.8,-0.6771003007888794,-0.39822220784862716
COHFACE_s21_session2_natural,0,25,0.8333333333333334,-0.9032480716705322,-0.39963435288502225
COHFACE_s21_session2_natural,0,26,0.8666666666666667,-1.0952714681625366,-0.434955750449752
COHFACE_s21_session2_natural,0,27,0.9,-1.2574071884155273,-0.500895409336909
COHFACE_s21_session2_natural,0,28,0.9333333333333333,-1.3987833261489868,-0.5783382403845003
COHFACE_s21_session2_natural,0,29,0.9666666666666667,-1.5196051597595215,-0.6393003037022638
COHFACE_s21_session2_natural,0,30,1.0,-1.5835530757904053,-0.6571075339987795
COHFACE_s21_session2_natural,0,31,1.0333333333333334,-1.464425802230835,-0.6162489491619353
COHFACE_s21_session2_natural,0,32,1.0666666666666667,-0.7898596525192261,-0.5182468124892919
COHFACE_s21_session2_natural,0,33,1.1,0.35995712876319885,-0.38048780318122094
COHFACE_s21_session2_natural,0,34,1.1333333333333333,1.1978787183761597,-0.2298086938584977
COHFACE_s21_session2_natural,0,35,1.1666666666666667,1.4222933053970337,-0.09693893745493946
COHFACE_s21_session2_natural,0,36,1.2,1.2776178121566772,-0.012800132330381436
COHFACE_s21_session2_natural,0,37,1.2333333333333334,0.9310846328735352,-0.0024984785236797195
COHFACE_s21_session2_natural,0,38,1.2666666666666666,0.44327813386917114,-0.07651527325340463
COHFACE_s21_session2_natural,0,39,1.3,0.05534125491976738,-0.2227329714160321
COHFACE_s21_session2_natural,0,40,1.3333333333333333,-0.09943807125091553,-0.4040331973065431
COHFACE_s21_session2_natural,0,41,1.3666666666666667,-0.15090706944465637,-0.566147404899269
COHFACE_s21_session2_natural,0,42,1.4,-0.2474258989095688,-0.6538869152336255
COHFACE_s21_session2_natural,0,43,1.4333333333333333,-0.4191261827945709,-0.6275687124234038
COHFACE_s21_session2_natural,0,44,1.4666666666666666,-0.6078116297721863,-0.47234020769668955
COHFACE_s21_session2_natural,0,45,1.5,-0.7980377078056335,-0.1956053561115613
COHFACE_s21_session2_natural,0,46,1.5333333333333334,-0.9876603484153748,0.18285199834313878
COHFACE_s21_session2_natural,0,47,1.5666666666666667,-1.1543279886245728,0.6354299069370494
COHFACE_s21_session2_natural,0,48,1.6,-1.2959994077682495,1.1227299355531222
COHFACE_s21_session2_natural,0,49,1.6333333333333333,-1.4159096479415894,1.5880596917735001
COHFACE_s21_session2_natural,0,50,1.6666666666666667,-1.427438497543335,1.9591228678374266
COHFACE_s21_session2_natural,0,51,1.7,-0.9744368195533752,2.1647294190968926
COHFACE_s21_session2_natural,0,52,1.7333333333333334,0.057369716465473175,2.159999163258688
COHFACE_s21_session2_natural,0,53,1.7666666666666666,0.9686368703842163,1.9405311086211785
COHFACE_s21_session2_natural,0,54,1.8,1.2916373014450073,1.5387340875736992
COHFACE_s21_session2_natural,0,55,1.8333333333333333,1.1788779497146606,1.0097923326380025
COHFACE_s21_session2_natural,0,56,1.8666666666666667,0.8223693370819092,0.41624015473866394
COHFACE_s21_session2_natural,0,57,1.9,0.32548612356185913,-0.18065029430826837
COHFACE_s21_session2_natural,0,58,1.9333333333333333,-0.08188802748918533,-0.7229232069679079
COHFACE_s21_session2_natural,0,59,1.9666666666666666,-0.28482407331466675,-1.1596643397376365
COHFACE_s21_session2_natural,0,60,2.0,-0.37803059816360474,-1.454517622691634
COHFACE_s21_session2_natural,0,61,2.033333333333333,-0.48776009678840637,-1.5921651366881815
COHFACE_s21_session2_natural,0,62,2.066666666666667,-0.6439644694328308,-1.5803676067942407
COHFACE_s21_session2_natural,0,63,2.1,-0.8248056769371033,-1.4464172885244764
COHFACE_s21_session2_natural,0,64,2.1333333333333333,-1.017188549041748,-1.2296699027285534
COHFACE_s21_session2_natural,0,65,2.1666666666666665,-1.206682801246643,-0.974259334423653
COHFACE_s21_session2_natural,0,66,2.2,-1.3622068166732788,-0.7229208714275723
COHFACE_s21_session2_natural,0,67,2.2333333333333334,-1.5175124406814575,-0.5097094595774617
COHFACE_s21_session2_natural,0,68,2.2666666666666666,-1.6694802045822144,-0.35240560571975055
COHFACE_s21_session2_natural,0,69,2.3,-1.706031084060669,-0.2484893797407836
COHFACE_s21_session2_natural,0,70,2.3333333333333335,-1.2862164974212646,-0.17736758776903552
COHFACE_s21_session2_natural,0,71,2.3666666666666667,-0.21565094590187073,-0.10964272664527279
COHFACE_s21_session2_natural,0,72,2.4,0.8410106897354126,-0.020095727423302054
COHFACE_s21_session2_natural,0,73,2.433333333333333,1.3161200284957886,0.10243497337387829
COHFACE_s21_session2_natural,0,74,2.466666666666667,1.3165565729141235,0.2524243672626374
COHFACE_s21_session2_natural,0,75,2.5,1.0443319082260132,0.41287979461841906
COHFACE_s21_session2_natural,0,76,2.533333333333333,0.5723293423652649,0.5645279066309146
COHFACE_s21_session2_natural,0,77,2.566666666666667,0.10985294729471207,0.691623842040907
COHFACE_s21_session2_natural,0,78,2.6,-0.13808155059814453,0.7818063210226711
COHFACE_s21_session2_natural,0,79,2.6333333333333333,-0.21530431509017944,0.8227553053421853
COHFACE_s21_session2_natural,0,80,2.6666666666666665,-0.28636467456817627,0.8002527611286038
COHFACE_s21_session2_natural,0,81,2.7,-0.42224591970443726,0.7027508126798536
COHFACE_s21_session2_natural,0,82,2.7333333333333334,-0.5987862944602966,0.530355751093417
COHFACE_s21_session2_natural,0,83,2.7666666666666666,-0.7913360595703125,0.29940771874373
COHFACE_s21_session2_natural,0,84,2.8,-0.9696609377861023,0.03964955053971827
COHFACE_s21_session2_natural,0,85,2.8333333333333335,-1.1159156560897827,-0.21245680007137932
COHFACE_s21_session2_natural,0,86,2.8666666666666667,-1.2320257425308228,-0.4209167389229307
COHFACE_s21_session2_natural,0,87,2.9,-1.3401376008987427,-0.5555457787101397
COHFACE_s21_session2_natural,0,88,2.933333333333333,-1.4445135593414307,-0.5957172096881891
COHFACE_s21_session2_natural,0,89,2.966666666666667,-1.36189866065979,-0.5350243102054004
COHFACE_s21_session2_natural,0,90,3.0,-0.6690121293067932,-0.3859569919385711
COHFACE_s21_session2_natural,0,91,3.033333333333333,0.5219388008117676,-0.1803502248024169
COHFACE_s21_session2_natural,0,92,3.066666666666667,1.3773846626281738,0.036152387698078714
COHFACE_s21_session2_natural,0,93,3.1,1.6000661849975586,0.2143462511061004
COHFACE_s21_session2_natural,0,94,3.1333333333333333,1.4574832916259766,0.31380312633718854
COHFACE_s21_session2_natural,0,95,3.1666666666666665,1.0909351110458374,0.3136996244981857
COHFACE_s21_session2_natural,0,96,3.2,0.5741395950317383,0.21848122359703426
COHFACE_s21_session2_natural,0,97,3.2333333333333334,0.16003811359405518,0.05532583005321245
COHFACE_s21_session2_natural,0,98,3.2666666666666666,-0.024166738614439964,-0.13467651456718266
COHFACE_s21_session2_natural,0,99,3.3,-0.10141517966985703,-0.3052676927224626
COHFACE_s21_session2_natural,0,100,3.3333333333333335,-0.22929812967777252,-0.41251751693910593
COHFACE_s21_session2_natural,0,101,3.3666666666666667,-0.4200248718261719,-0.42504839887395185
COHFACE_s21_session2_natural,0,102,3.4,-0.6372371912002563,-0.3350955228294125
COHFACE_s21_session2_natural,0,103,3.433333333333333,-0.8492755889892578,-0.16276221263902033
COHFACE_s21_session2_natural,0,104,3.466666666666667,-1.017214298248291,0.0496984688647448
COHFACE_s21_session2_natural,0,105,3.5,-1.1419774293899536,0.2514350752780637
COHFACE_s21_session2_natural,0,106,3.533333333333333,-1.247020959854126,0.3986450258903832
COHFACE_s21_session2_natural,0,107,3.566666666666667,-1.3384943008422852,0.46420944189101193
COHFACE_s21_session2_natural,0,108,3.6,-1.404881477355957,0.4396353356608465
COHFACE_s21_session2_natural,0,109,3.6333333333333333,-1.3363118171691895,0.3341369404089345
COHFACE_s21_session2_natural,0,110,3.6666666666666665,-0.7513702511787415,0.17269393738799318
COHFACE_s21_session2_natural,0,111,3.7,0.3690852224826813,-0.008622598005024924
COHFACE_s21_session2_natural,0,112,3.7333333333333334,1.238653302192688,-0.1702070655436511
COHFACE_s21_session2_natural,0,113,3.7666666666666666,1.4674843549728394,-0.277671868083007
COHFACE_s21_session2_natural,0,114,3.8,1.2789273262023926,-0.3096647289422062
COHFACE_s21_session2_natural,0,115,3.8333333333333335,0.8502799868583679,-0.26245736626343635
COHFACE_s21_session2_natural,0,116,3.8666666666666667,0.33267560601234436,-0.1501019437584873
COHFACE_s21_session2_natural,0,117,3.9,-0.005743685644119978,-0.0002190569667345696
COHFACE_s21_session2_natural,0,118,3.933333333333333,-0.11308525502681732,0.15333621090073202
COHFACE_s21_session2_natural,0,119,3.966666666666667,-0.14991852641105652,0.2787017918769962
COHFACE_s21_session2_natural,0,120,4.0,-0.239568829536438,0.3525651360473215
COHFACE_s21_session2_natural,0,121,4.033333333333333,-0.4064290523529053,0.36259622878679354
COHFACE_s21_session2_natural,0,122,4.066666666666666,-0.6079400181770325,0.3068395031642564
COHFACE_s21_session2_natural,0,123,4.1,-0.7852891683578491,0.19421573975465325
COHFACE_s21_session2_natural,0,124,4.133333333333334,-0.9388360381126404,0.04538377591937217
COHFACE_s21_session2_natural,0,125,4.166666666666667,-1.0793262720108032,-0.11146080653182527
COHFACE_s21_session2_natural,0,126,4.2,-1.1960526704788208,-0.2493052458163921
COHFACE_s21_session2_natural,0,127,4.233333333333333,-1.3004028797149658,-0.3490202266601599
COHFACE_s21_session2_natural,0,128,4.266666666666667,-1.3969858884811401,-0.40124650035915665
COHFACE_s21_session2_natural,0,129,4.3,-1.391863465309143,-0.40501656930657076
COHFACE_s21_session2_natural,0,130,4.333333333333333,-0.974308431148529,-0.36519754597595416
COHFACE_s21_session2_natural,0,131,4.366666666666666,0.029086798429489136,-0.29076894771270523
COHFACE_s21_session2_natural,0,132,4.4,0.9671090841293335,-0.1946431446661213
COHFACE_s21_session2_natural,0,133,4.433333333333334,1.2913933992385864,-0.09428165158977896
COHFACE_s21_session2_natural,0,134,4.466666666666667,1.1194876432418823,-0.010601383239890254
COHFACE_s21_session2_natural,0,135,4.5,0.676127552986145,0.038305830934808965
COHFACE_s21_session2_natural,0,136,4.533333333333333,0.17665095627307892,0.046026926177057254
COHFACE_s21_session2_natural,0,137,4.566666666666666,-0.10902833193540573,0.02110507579943054
COHFACE_s21_session2_natural,0,138,4.6,-0.1485191434621811,-0.01769571669794711
COHFACE_s21_session2_natural,0,139,4.633333333333334,-0.13824844360351562,-0.05021933261701995
COHFACE_s21_session2_natural,0,140,4.666666666666667,-0.20188821852207184,-0.06272710306534651
COHFACE_s21_session2_natural,0,141,4.7,-0.3189099133014679,-0.04963200017736554
COHFACE_s21_session2_natural,0,142,4.733333333333333,-0.44752466678619385,-0.010194597938717164
COHFACE_s21_session2_natural,0,143,4.766666666666667,-0.5927650928497314,0.053114971169567364
COHFACE_s21_session2_natural,0,144,4.8,-0.7471977472305298,0.13317174087785766
COHFACE_s21_session2_natural,0,145,4.833333333333333,-0.8687129020690918,0.2179178933515152
COHFACE_s21_session2_natural,0,146,4.866666666666666,-0.9554232358932495,0.2930192415800423
COHFACE_s21_session2_natural,0,147,4.9,-1.064099907875061,0.3461698944663532
COHFACE_s21_session2_natural,0,148,4.933333333333334,-1.1313087940216064,0.3705403512078916
COHFACE_s21_session2_natural,0,149,4.966666666666667,-0.9326736330986023,0.36426726549473515
COHFACE_s21_session2_natural,0,150,5.0,-0.15483561158180237,0.32700891583212893
COHFACE_s21_session2_natural,0,151,5.033333333333333,0.8171826601028442,0.258411974313979
COHFACE_s21_session2_natural,0,152,5.066666666666666,1.330396294593811,0.1602505893984147
COHFACE_s21_session2_natural,0,153,5.1,1.3065426349639893,0.04040907290808938
COHFACE_s21_session2_natural,0,154,5.133333333333334,0.9412140846252441,-0.08470955174578404
COHFACE_s21_session2_natural,0,155,5.166666666666667,0.43534401059150696,-0.19343445447259108
COHFACE_s21_session2_natural,0,156,5.2,0.09239277243614197,-0.2666931519458643
COHFACE_s21_session2_natural,0,157,5.233333333333333,0.021345263347029686,-0.29451078448193824
COHFACE_s21_session2_natural,0,158,5.266666666666667,0.05241410806775093,-0.27786543889724336
COHFACE_s21_session2_natural,0,159,5.3,0.033002499490976334,-0.2260895228072708
COHFACE_s21_session2_natural,0,160,5.333333333333333,-0.06644347310066223,-0.1520401283121796
COHFACE_s21_session2_natural,0,161,5.366666666666666,-0.2164212465286255,-0.0686913982432164
COHFACE_s21_session2_natural,0,162,5.4,-0.3809192180633545,0.01146674247665267
COHFACE_s21_session2_natural,0,163,5.433333333333334,-0.5358012318611145,0.07540066757104724
COHFACE_s21_session2_natural,0,164,5.466666666666667,-0.6572136878967285,0.10995129045651506
COHFACE_s21_session2_natural,0,165,5.5,-0.7832093834877014,0.10771364556280585
COHFACE_s21_session2_natural,0,166,5.533333333333333,-0.9265112280845642,0.0746246096357342
COHFACE_s21_session2_natural,0,167,5.566666666666666,-0.9925902485847473,0.028686646177137967
COHFACE_s21_session2_natural,0,168,5.6,-0.6670863628387451,-0.010279700841705371
COHFACE_s21_session2_natural,0,169,5.633333333333334,0.30782052874565125,-0.029397582510661966
COHFACE_s21_session2_natural,0,170,5.666666666666667,1.3323605060577393,-0.025325854431646134
COHFACE_s21_session2_natural,0,171,5.7,1.7937970161437988,-0.0028793088030046815
COHFACE_s21_session2_natural,0,172,5.733333333333333,1.7543448209762573,0.028048689786698486
COHFACE_s21_session2_natural,0,173,5.766666666666667,1.4375966787338257,0.05559374472491762
COHFACE_s21_session2_natural,0,174,5.8,0.9538984298706055,0.06837414967186589
COHFACE_s21_session2_natural,0,175,5.833333333333333,0.5189859867095947,0.057657973805442304
COHFACE_s21_session2_natural,0,176,5.866666666666666,0.2983458340167999,0.01971254436357764
COHFACE_s21_session2_natural,0,177,5.9,0.2232285439968109,-0.041357153750332984
COHFACE_s21_session2_natural,0,178,5.933333333333334,0.13212750852108002,-0.11218902895573195
COHFACE_s21_session2_natural,0,179,5.966666666666667,-0.02407687157392502,-0.1737986612396159
COHFACE_s21_session2_natural,0,180,6.0,-0.2004760056734085,-0.20930344737343184
COHFACE_s21_session2_natural,0,181,6.033333333333333,-0.3712519407272339,-0.2103087245190492
COHFACE_s21_session2_natural,0,182,6.066666666666666,-0.523181140422821,-0.1787999707124171
COHFACE_s21_session2_natural,0,183,6.1,-0.6593833565711975,-0.1243815870123268
COHFACE_s21_session2_natural,0,184,6.133333333333334,-0.7865601778030396,-0.059286376141367156
COHFACE_s21_session2_natural,0,185,6.166666666666667,-0.9119781851768494,0.004499016265370773
COHFACE_s21_session2_natural,0,186,6.2,-0.9680818319320679,0.055160911024784945
COHFACE_s21_session2_natural,0,187,6.233333333333333,-0.6848418116569519,0.08085497390174828
COHFACE_s21_session2_natural,0,188,6.266666666666667,0.25165268778800964,0.07164149457369862
COHFACE_s21_session2_natural,0,189,6.3,1.3284192085266113,0.0245463279007259
COHFACE_s21_session2_natural,0,190,6.333333333333333,1.859824776649475,-0.05135697970028773
COHFACE_s21_session2_natural,0,191,6.366666666666666,1.8593240976333618,-0.1362669139245671
COHFACE_s21_session2_natural,0,192,6.4,1.566789150238037,-0.20700429376718257
COHFACE_s21_session2_natural,0,193,6.433333333333334,1.0975340604782104,-0.2432929953903104
COHFACE_s21_session2_natural,0,194,6.466666666666667,0.6684116721153259,-0.2304721977937648
COHFACE_s21_session2_natural,0,195,6.5,0.48412978649139404,-0.1612637810426127
COHFACE_s21_session2_natural,0,196,6.533333333333333,0.4516872465610504,-0.03777800123668261
COHFACE_s21_session2_natural,0,197,6.566666666666666,0.39667487144470215,0.12697586440895905
COHFACE_s21_session2_natural,0,198,6.6,0.2521533966064453,0.3091051477478214
COHFACE_s21_session2_natural,0,199,6.633333333333334,0.04631588235497475,0.47644659545372126
COHFACE_s21_session2_natural,0,200,6.666666666666667,-0.15579849481582642,0.5946715009951461
COHFACE_s21_session2_natural,0,201,6.7,-0.33316048979759216,0.6371887010072158
COHFACE_s21_session2_natural,0,202,6.733333333333333,-0.49439752101898193,0.5953547535748485
COHFACE_s21_session2_natural,0,203,6.766666666666667,-0.6212277412414551,0.4823671908022765
COHFACE_s21_session2_natural,0,204,6.8,-0.7242042422294617,0.32831206504938043
COHFACE_s21_session2_natural,0,205,6.833333333333333,-0.7825032472610474,0.16857565250267284
COHFACE_s21_session2_natural,0,206,6.866666666666666,-0.5936509370803833,0.031131533781990593
COHFACE_s21_session2_natural,0,207,6.9,0.18509860336780548,-0.06972536588609139
COHFACE_s21_session2_natural,0,208,6.933333333333334,1.217816710472107,-0.1321696592421444
COHFACE_s21_session2_natural,0,209,6.966666666666667,1.8024115562438965,-0.16370682651571494
COHFACE_s21_session2_natural,0,210,7.0,1.8362021446228027,-0.17833657011134066
COHFACE_s21_session2_natural,0,211,7.033333333333333,1.5458369255065918,-0.19236522381752524
COHFACE_s21_session2_natural,0,212,7.066666666666666,1.0593270063400269,-0.2189769917393382
COHFACE_s21_session2_natural,0,213,7.1,0.611537754535675,-0.2636165029115117
COHFACE_s21_session2_natural,0,214,7.133333333333334,0.43697449564933777,-0.3222738885070095
COHFACE_s21_session2_natural,0,215,7.166666666666667,0.4205157160758972,-0.384337956044529
COHFACE_s21_session2_natural,0,216,7.2,0.3643093407154083,-0.4381302407661791
COHFACE_s21_session2_natural,0,217,7.233333333333333,0.22991733253002167,-0.47415705548062176
COHFACE_s21_session2_natural,0,218,7.266666666666667,0.043799564242362976,-0.4847842382315232
COHFACE_s21_session2_natural,0,219,7.3,-0.15676137804985046,-0.46297569330143296
COHFACE_s21_session2_natural,0,220,7.333333333333333,-0.3403500020503998,-0.40228112971200264
COHFACE_s21_session2_natural,0,221,7.366666666666666,-0.48207271099090576,-0.29915170815634284
COHFACE_s21_session2_natural,0,222,7.4,-0.5909805297851562,-0.15664066125436532
COHFACE_s21_session2_natural,0,223,7.433333333333334,-0.7119307518005371,0.013278416089173399
COHFACE_s21_session2_natural,0,224,7.466666666666667,-0.8143552541732788,0.19091755108071284
COHFACE_s21_session2_natural,0,225,7.5,-0.7616409063339233,0.3545347022028118
COHFACE_s21_session2_natural,0,226,7.533333333333333,-0.20408357679843903,0.4870603430042281
COHFACE_s21_session2_natural,0,227,7.566666666666666,0.8071944117546082,0.5770325510923154
COHFACE_s21_session2_natural,0,228,7.6,1.5513830184936523,0.6143637231406037
COHFACE_s21_session2_natural,0,229,7.633333333333334,1.716291904449463,0.5888063498662373
COHFACE_s21_session2_natural,0,230,7.666666666666667,1.4912995100021362,0.4944141558589853
COHFACE_s21_session2_natural,0,231,7.7,1.0150989294052124,0.33771496594074174
COHFACE_s21_session2_natural,0,232,7.733333333333333,0.5269457697868347,0.1435219835066738
COHFACE_s21_session2_natural,0,233,7.766666666666667,0.3148174583911896,-0.0498915341540956
COHFACE_s21_session2_natural,0,234,7.8,0.30538123846054077,-0.20460561719782766
COHFACE_s21_session2_natural,0,235,7.833333333333333,0.28872987627983093,-0.29460267573268156
COHFACE_s21_session2_natural,0,236,7.866666666666666,0.17459683120250702,-0.31028030299613474
COHFACE_s21_session2_natural,0,237,7.9,-0.015218399465084076,-0.2586422771773191
COHFACE_s21_session2_natural,0,238,7.933333333333334,-0.21172240376472473,-0.16074685927737384
COHFACE_s21_session2_natural,0,239,7.966666666666667,-0.38206183910369873,-0.04632605099390136
COHFACE_s21_session2_natural,0,240,8.0,-0.5136037468910217,0.05348307077474726
COHFACE_s21_session2_natural,0,241,8.033333333333333,-0.6412427425384521,0.11336936452174125
COHFACE_s21_session2_natural,0,242,8.066666666666666,-0.7807700634002686,0.11945587006860614
COHFACE_s21_session2_natural,0,243,8.1,-0.8863527774810791,0.07221147958569046
COHFACE_s21_session2_natural,0,244,8.133333333333333,-0.856208324432373,-0.014340081771040649
COHFACE_s21_session2_natural,0,245,8.166666666666666,-0.3808550238609314,-0.117856347964382
COHFACE_s21_session2_natural,0,246,8.2,0.5722523331642151,-0.21563225775239275
COHFACE_s21_session2_natural,0,247,8.233333333333333,1.3537492752075195,-0.29138604651297856
COHFACE_s21_session2_natural,0,248,8.266666666666667,1.5595353841781616,-0.33790067164890747
COHFACE_s21_session2_natural,0,249,8.3,1.328573226928711,-0.3541131702011822
COHFACE_s21_session2_natural,0,250,8.333333333333334,0.850857675075531,-0.3394994658150396
COHFACE_s21_session2_natural,0,251,8.366666666666667,0.3842986822128296,-0.2920772451328749
COHFACE_s21_session2_natural,0,252,8.4,0.1867547631263733,-0.21146327687189684
COHFACE_s21_session2_natural,0,253,8.433333333333334,0.20547309517860413,-0.10316744581320796
COHFACE_s21_session2_natural,0,254,8.466666666666667,0.2135484218597412,0.02005025515031772
COHFACE_s21_session2_natural,0,255,8.5,0.10937792807817459,0.14312617799885877
COHFACE_s21_session2_natural,0,256,8.533333333333333,-0.058830324560403824,0.25635561529221224
COHFACE_s21_session2_natural,0,257,8.566666666666666,-0.22268638014793396,0.3561764725753615
COHFACE_s21_session2_natural,0,258,8.6,-0.37598928809165955,0.43894389022692204
COHFACE_s21_session2_natural,0,259,8.633333333333333,-0.5107664465904236,0.4970441068559412
COHFACE_s21_session2_natural,0,260,8.666666666666666,-0.6331930756568909,0.5213348490479204
COHFACE_s21_session2_natural,0,261,8.7,-0.7505486011505127,0.50742070692868
COHFACE_s21_session2_natural,0,262,8.733333333333333,-0.8168715834617615,0.461354176107282
COHFACE_s21_session2_natural,0,263,8.766666666666667,-0.6999397277832031,0.3995750434625723
COHFACE_s21_session2_natural,0,264,8.8,-0.07691957801580429,0.3421196801364363
COHFACE_s21_session2_natural,0,265,8.833333333333334,0.9121608734130859,0.30267009215036095
COHFACE_s21_session2_natural,0,266,8.866666666666667,1.5748387575149536,0.2804329827834744
COHFACE_s21_session2_natural,0,267,8.9,1.659186840057373,0.2591177620516995
COHFACE_s21_session2_natural,0,268,8.933333333333334,1.343234658241272,0.21417351984141964
COHFACE_s21_session2_natural,0,269,8.966666666666667,0.817259669303894,0.12500694987732744
COHFACE_s21_session2_natural,0,270,9.0,0.3901529610157013,-0.014165145650944958
COHFACE_s21_session2_natural,0,271,9.033333333333333,0.26526135206222534,-0.1927628321173781
COHFACE_s21_session2_natural,0,272,9.066666666666666,0.3004641532897949,-0.39063693016977374
COHFACE_s21_session2_natural,0,273,9.1,0.28631627559661865,-0.5837696213945324
COHFACE_s21_session2_natural,0,274,9.133333333333333,0.16757424175739288,-0.7463284933215069
COHFACE_s21_session2_natural,0,275,9.166666666666666,-0.005011898931115866,-0.8539708803320685
COHFACE_s21_session2_natural,0,276,9.2,-0.1872653216123581,-0.8897829268055806
COHFACE_s21_session2_natural,0,277,9.233333333333333,-0.3496834933757782,-0.8501071325746112
COHFACE_s21_session2_natural,0,278,9.266666666666667,-0.4683613181114197,-0.7467870586924116
COHFACE_s21_session2_natural,0,279,9.3,-0.5760366916656494,-0.6024960946789687
COHFACE_s21_session2_natural,0,280,9.333333333333334,-0.6782557368278503,-0.4410769644622737
COHFACE_s21_session2_natural,0,281,9.366666666666667,-0.6716183423995972,-0.27967865730381913
COHFACE_s21_session2_natural,0,282,9.4,-0.22508715093135834,-0.1263776978341022
COHFACE_s21_session2_natural,0,283,9.433333333333334,0.8157961368560791,0.016957865369768618
COHFACE_s21_session2_natural,0,284,9.466666666666667,1.767940640449524,0.14931026176453002
COHFACE_s21_session2_natural,0,285,9.5,2.109081745147705,0.2671637487191091
COHFACE_s21_session2_natural,0,286,9.533333333333333,1.9778093099594116,0.36501888019939754
COHFACE_s21_session2_natural,0,287,9.566666666666666,1.5836458206176758,0.43853706957585803
COHFACE_s21_session2_natural,0,288,9.6,1.0471819639205933,0.4874091111239497
COHFACE_s21_session2_natural,0,289,9.633333333333333,0.6453154683113098,0.5141728557662312
COHFACE_s21_session2_natural,0,290,9.666666666666666,0.5087794661521912,0.5201819088695595
COHFACE_s21_session2_natural,0,291,9.7,0.47022584080696106,0.5045638073420958
COHFACE_s21_session2_natural,0,292,9.733333333333333,0.36748042702674866,0.4672467151986143
COHFACE_s21_session2_natural,0,293,9.766666666666667,0.17929565906524658,0.4120659075463814
COHFACE_s21_session2_natural,0,294,9.8,-0.04341144859790802,0.34691502499735716
COHFACE_s21_session2_natural,0,295,9.833333333333334,-0.2604953646659851,0.27970637844627777
COHFACE_s21_session2_natural,0,296,9.866666666666667,-0.44005271792411804,0.2132270499605814
COHFACE_s21_session2_natural,0,297,9.9,-0.5824301838874817,0.14547829491603198
COHFACE_s21_session2_natural,0,298,9.933333333333334,-0.7164884209632874,0.07508290842412405
COHFACE_s21_session2_natural,0,299,9.966666666666667,-0.8302876949310303,0.004459943091336226
COHFACE_s21_session2_natural,1,0,10.0,-0.797652542591095,-0.03918586312667035
COHFACE_s21_session2_natural,1,1,10.033333333333333,-0.23497268557548523,0.8975107561346312
COHFACE_s21_session2_natural,1,2,10.066666666666666,0.8961899280548096,1.70715651954868
COHFACE_s21_session2_natural,1,3,10.1,1.8162899017333984,2.2824928291443687
COHFACE_s21_session2_natural,1,4,10.133333333333333,2.0980021953582764,2.5607649326563204
COHFACE_s21_session2_natural,1,5,10.166666666666666,1.9441728591918945,2.535668552441859
COHFACE_s21_session2_natural,1,6,10.2,1.5513060092926025,2.2507317345918896
COHFACE_s21_session2_natural,1,7,10.233333333333333,1.0110805034637451,1.78304295956144
COHFACE_s21_session2_natural,1,8,10.266666666666667,0.6136945486068726,1.2246643401205792
COHFACE_s21_session2_natural,1,9,10.3,0.48929083347320557,0.6658805934459336
COHFACE_s21_session2_natural,1,10,10.333333333333334,0.4597369134426117,0.1824621724194376
COHFACE_s21_session2_natural,1,11,10.366666666666667,0.3487620949745178,-0.17277551818215
COHFACE_s21_session2_natural,1,12,10.4,0.1442726105451584,-0.374957279239571
COHFACE_s21_session2_natural,1,13,10.433333333333334,-0.09693459421396255,-0.42999546256816823
COHFACE_s21_session2_natural,1,14,10.466666666666667,-0.3087547719478607,-0.3732230592489429
COHFACE_s21_session2_natural,1,15,10.5,-0.47258514165878296,-0.2589160982722039
COHFACE_s21_session2_natural,1,16,10.533333333333333,-0.6042810678482056,-0.1430303874053165
COHFACE_s21_session2_natural,1,17,10.566666666666666,-0.7170917987823486,-0.06845374111189571
COHFACE_s21_session2_natural,1,18,10.6,-0.8253834247589111,-0.05798592131914805
COHFACE_s21_session2_natural,1,19,10.633333333333333,-0.8466180562973022,-0.11516069496599302
COHFACE_s21_session2_natural,1,20,10.666666666666666,-0.4467800259590149,-0.22971741891150682
COHFACE_s21_session2_natural,1,21,10.7,0.6045665144920349,-0.38220938097654883
COHFACE_s21_session2_natural,1,22,10.733333333333333,1.6212750673294067,-0.5463609411278139
COHFACE_s21_session2_natural,1,23,10.766666666666667,2.002228021621704,-0.6921265928262585
COHFACE_s21_session2_natural,1,24,10.8,1.8954769372940063,-0.7908027047731356
COHFACE_s21_session2_natural,1,25,10.833333333333334,1.5338586568832397,-0.8213510820779112
COHFACE_s21_session2_natural,1,26,10.866666666666667,0.9904235601425171,-0.7755642089737704
COHFACE_s21_session2_natural,1,27,10.9,0.5459080338478088,-0.658657376240098
COHFACE_s21_session2_natural,1,28,10.933333333333334,0.3806525766849518,-0.48562820269521023
COHFACE_s21_session2_natural,1,29,10.966666666666667,0.3432672619819641,-0.27734545311047853
COHFACE_s21_session2_natural,1,30,11.0,0.24629908800125122,-0.05788752007243973
COHFACE_s21_session2_natural,1,31,11.033333333333333,0.04548139125108719,0.14810135939082045
COHFACE_s21_session2_natural,1,32,11.066666666666666,-0.20416061580181122,0.31905070916234685
COHFACE_s21_session2_natural,1,33,11.1,-0.43630391359329224,0.44143690874281044
COHFACE_s21_session2_natural,1,34,11.133333333333333,-0.6145132780075073,0.5139191304756305
COHFACE_s21_session2_natural,1,35,11.166666666666666,-0.7436672449111938,0.5464378825210126
COHFACE_s21_session2_natural,1,36,11.2,-0.8586989641189575,0.5538749011792005
COHFACE_s21_session2_natural,1,37,11.233333333333333,-0.973833441734314,0.547859528872474
COHFACE_s21_session2_natural,1,38,11.266666666666667,-1.0650500059127808,0.5311191569682249
COHFACE_s21_session2_natural,1,39,11.3,-0.9914990067481995,0.49854544795901107
COHFACE_s21_session2_natural,1,40,11.333333333333334,-0.34516438841819763,0.44360309272635656
COHFACE_s21_session2_natural,1,41,11.366666666666667,0.785459041595459,0.36355951237366047
COHFACE_s21_session2_natural,1,42,11.4,1.586470365524292,0.26024907431493277
COHFACE_s21_session2_natural,1,43,11.433333333333334,1.7382197380065918,0.13713996100442422
COHFACE_s21_session2_natural,1,44,11.466666666666667,1.4937901496887207,-0.003776633626114868
COHFACE_s21_session2_natural,1,45,11.5,1.0302737951278687,-0.1600237641252857
COHFACE_s21_session2_natural,1,46,11.533333333333333,0.5115011930465698,-0.3225752538116363
COHFACE_s21_session2_natural,1,47,11.566666666666666,0.2272341251373291,-0.47267409465440874
COHFACE_s21_session2_natural,1,48,11.6,0.17442992329597473,-0.5854847553010881
COHFACE_s21_session2_natural,1,49,11.633333333333333,0.13940685987472534,-0.6403623820440332
COHFACE_s21_session2_natural,1,50,11.666666666666666,0.004745258018374443,-0.6319673331957439
COHFACE_s21_session2_natural,1,51,11.7,-0.20039896667003632,-0.572293586817153
COHFACE_s21_session2_natural,1,52,11.733333333333333,-0.4273298978805542,-0.48297365191931196
COHFACE_s21_session2_natural,1,53,11.766666666666667,-0.6245657205581665,-0.38662134336129456
COHFACE_s21_session2_natural,1,54,11.8,-0.7688047289848328,-0.3012939289893556
COHFACE_s21_session2_natural,1,55,11.833333333333334,-0.8909874558448792,-0.2365610838264444
COHFACE_s21_session2_natural,1,56,11.866666666666667,-0.9918456673622131,-0.19063851594758488
COHFACE_s21_session2_natural,1,57,11.9,-1.077772855758667,-0.14939731370883597
COHFACE_s21_session2_natural,1,58,11.933333333333334,-1.117610216140747,-0.08856128916038052
COHFACE_s21_session2_natural,1,59,11.966666666666667,-0.8932726979255676,0.019473445889800836
COHFACE_s21_session2_natural,1,60,12.0,-0.03235761448740959,0.19394787220588902
COHFACE_s21_session2_natural,1,61,12.033333333333333,1.0672868490219116,0.43055043322488984
COHFACE_s21_session2_natural,1,62,12.066666666666666,1.653037190437317,0.6907794980893559
COHFACE_s21_session2_natural,1,63,12.1,1.6517534255981445,0.9087142478820608
COHFACE_s21_session2_natural,1,64,12.133333333333333,1.3224878311157227,1.0153466358945136
COHFACE_s21_session2_natural,1,65,12.166666666666666,0.790196418762207,0.9675426891472653
COHFACE_s21_session2_natural,1,66,12.2,0.34054553508758545,0.7674269763518813
COHFACE_s21_session2_natural,1,67,12.233333333333333,0.20142900943756104,0.4599470335731808
COHFACE_s21_session2_natural,1,68,12.266666666666667,0.20691098272800446,0.11188228057545951
COHFACE_s21_session2_natural,1,69,12.3,0.1612577587366104,-0.20989556286500466
COHFACE_s21_session2_natural,1,70,12.333333333333334,0.015401100739836693,-0.4521272289296249
COHFACE_s21_session2_natural,1,71,12.366666666666667,-0.18825387954711914,-0.5828949827294071
COHFACE_s21_session2_natural,1,72,12.4,-0.39952200651168823,-0.5955573813595615
COHFACE_s21_session2_natural,1,73,12.433333333333334,-0.5764731764793396,-0.5100958631307174
COHFACE_s21_session2_natural,1,74,12.466666666666667,-0.7162958383560181,-0.3698272686375318
COHFACE_s21_session2_natural,1,75,12.5,-0.8336641788482666,-0.2288072959760445
COHFACE_s21_session2_natural,1,76,12.533333333333333,-0.9609693884849548,-0.1325315130233104
COHFACE_s21_session2_natural,1,77,12.566666666666666,-1.0557678937911987,-0.10159639546812022
COHFACE_s21_session2_natural,1,78,12.6,-0.9314154386520386,-0.12553682971335742
COHFACE_s21_session2_natural,1,79,12.633333333333333,-0.15341055393218994,-0.17004108336384885
COHFACE_s21_session2_natural,1,80,12.666666666666666,1.0740526914596558,-0.1938772994514884
COHFACE_s21_session2_natural,1,81,12.7,1.8808411359786987,-0.16583701425113748
COHFACE_s21_session2_natural,1,82,12.733333333333333,2.028623580932617,-0.07476241562319409
COHFACE_s21_session2_natural,1,83,12.766666666666667,1.821425199508667,0.07008268243989192
COHFACE_s21_session2_natural,1,84,12.8,1.3962057828903198,0.24530907453114395
COHFACE_s21_session2_natural,1,85,12.833333333333334,0.8411647081375122,0.4186578959503743
COHFACE_s21_session2_natural,1,86,12.866666666666667,0.47400033473968506,0.5524567236811618
COHFACE_s21_session2_natural,1,87,12.9,0.3701636493206024,0.6114550951324126
COHFACE_s21_session2_natural,1,88,12.933333333333334,0.3182324469089508,0.5748335637482113
COHFACE_s21_session2_natural,1,89,12.966666666666667,0.16840873658657074,0.4454739479419148
COHFACE_s21_session2_natural,1,90,13.0,-0.05411864444613457,0.25134166658419416
COHFACE_s21_session2_natural,1,91,13.033333333333333,-0.29886922240257263,0.03683250956509726
COHFACE_s21_session2_natural,1,92,13.066666666666666,-0.5183667540550232,-0.15239906608840034
COHFACE_s21_session2_natural,1,93,13.1,-0.6902724504470825,-0.28268215711784783
COHFACE_s21_session2_natural,1,94,13.133333333333333,-0.8280024528503418,-0.3393828604292605
COHFACE_s21_session2_natural,1,95,13.166666666666666,-0.9402225613594055,-0.3284458211624203
COHFACE_s21_session2_natural,1,96,13.2,-1.051967740058899,-0.27363002415180576
COHFACE_s21_session2_natural,1,97,13.233333333333333,-1.1167116165161133,-0.21069956052143698
COHFACE_s21_session2_natural,1,98,13.266666666666667,-0.851804792881012,-0.17874780295124934
COHFACE_s21_session2_natural,1,99,13.3,0.16757424175739288,-0.20798467767615916
COHFACE_s21_session2_natural,1,100,13.333333333333334,1.4275569915771484,-0.3070442718496639
COHFACE_s21_session2_natural,1,101,13.366666666666667,2.078423500061035,-0.4562043454911117
COHFACE_s21_session2_natural,1,102,13.4,2.1228315830230713,-0.6105946471731039
COHFACE_s21_session2_natural,1,103,13.433333333333334,1.8875170946121216,-0.7141566018091869
COHFACE_s21_session2_natural,1,104,13.466666666666667,1.4279165267944336,-0.7191457431272248
COHFACE_s21_session2_natural,1,105,13.5,0.8650440573692322,-0.6010252507050733
COHFACE_s21_session2_natural,1,106,13.533333333333333,0.5097936987876892,-0.3643395059181938
COHFACE_s21_session2_natural,1,107,13.566666666666666,0.39446666836738586,-0.04160736188212924
COHFACE_s21_session2_natural,1,108,13.6,0.3101186156272888,0.3136518567978031
COHFACE_s21_session2_natural,1,109,13.633333333333333,0.1324356347322464,0.6398897421045397
COHFACE_s21_session2_natural,1,110,13.666666666666666,-0.11638471484184265,0.883372779083294
COHFACE_s21_session2_natural,1,111,13.7,-0.38376933336257935,1.010910423351216
COHFACE_s21_session2_natural,1,112,13.733333333333333,-0.6199824213981628,1.015810965397073
COHFACE_s21_session2_natural,1,113,13.766666666666667,-0.7920036911964417,0.9163275666771614
COHFACE_s21_session2_natural,1,114,13.8,-0.9094233512878418,0.7475708431510948
COHFACE_s21_session2_natural,1,115,13.833333333333334,-1.020975947380066,0.5493489003842414
COHFACE_s21_session2_natural,1,116,13.866666666666667,-1.1532623767852783,0.3543604809908679
COHFACE_s21_session2_natural,1,117,13.9,-1.2452363967895508,0.18228138860900694
COHFACE_s21_session2_natural,1,118,13.933333333333334,-1.1233104467391968,0.040512818066676386
COHFACE_s21_session2_natural,1,119,13.966666666666667,-0.3377823233604431,-0.07238330886569738
COHFACE_s21_session2_natural,1,120,14.0,0.9139582514762878,-0.16339576717751772
COHFACE_s21_session2_natural,1,121,14.033333333333333,1.7393752336502075,-0.24286678145498575
COHFACE_s21_session2_natural,1,122,14.066666666666666,1.8864258527755737,-0.32235912894059776
COHFACE_s21_session2_natural,1,123,14.1,1.6758253574371338,-0.41004800806890424
COHFACE_s21_session2_natural,1,124,14.133333333333333,1.253353238105774,-0.5048589839286229
COHFACE_s21_session2_natural,1,125,14.166666666666666,0.6955776810646057,-0.5941652279988995
COHFACE_s21_session2_natural,1,126,14.2,0.3126991093158722,-0.657277681653375
COHFACE_s21_session2_natural,1,127,14.233333333333333,0.19155630469322205,-0.673759856705231
COHFACE_s21_session2_natural,1,128,14.266666666666667,0.13972783088684082,-0.6320981619864124
COHFACE_s21_session2_natural,1,129,14.3,0.007274416275322437,-0.5318205841624629
COHFACE_s21_session2_natural,1,130,14.333333333333334,-0.20015504956245422,-0.379357548568136
COHFACE_s21_session2_natural,1,131,14.366666666666667,-0.4429798722267151,-0.18493859938226984
COHFACE_s21_session2_natural,1,132,14.4,-0.6644288301467896,0.03661458188400483
COHFACE_s21_session2_natural,1,133,14.433333333333334,-0.8417908549308777,0.2635668879657046
COHFACE_s21_session2_natural,1,134,14.466666666666667,-1.0031176805496216,0.4668991254218909
COHFACE_s21_session2_natural,1,135,14.5,-1.135044813156128,0.6154597447316621
COHFACE_s21_session2_natural,1,136,14.533333333333333,-1.2336177825927734,0.6853519581889778
COHFACE_s21_session2_natural,1,137,14.566666666666666,-1.3259384632110596,0.6675943506359122
COHFACE_s21_session2_natural,1,138,14.6,-1.3427566289901733,0.5700741795881774
COHFACE_s21_session2_natural,1,139,14.633333333333333,-0.9185385704040527,0.4127342059661788
COHFACE_s21_session2_natural,1,140,14.666666666666666,0.18929675221443176,0.21937932650482073
COHFACE_s21_session2_natural,1,141,14.7,1.2613258361816406,0.013055812428394476
COHFACE_s21_session2_natural,1,142,14.733333333333333,1.6750421524047852,-0.1834087829388363
COHFACE_s21_session2_natural,1,143,14.766666666666667,1.576751708984375,-0.34579102538895595
COHFACE_s21_session2_natural,1,144,14.8,1.2234655618667603,-0.4496837931013457
COHFACE_s21_session2_natural,1,145,14.833333333333334,0.684087336063385,-0.4770660767321899
COHFACE_s21_session2_natural,1,146,14.866666666666667,0.26707157492637634,-0.42497821479365183
COHFACE_s21_session2_natural,1,147,14.9,0.15494129061698914,-0.30802629234683415
COHFACE_s21_session2_natural,1,148,14.933333333333334,0.15876711905002594,-0.153034295256913
COHFACE_s21_session2_natural,1,149,14.966666666666667,0.08752703666687012,0.008815978661579345
COHFACE_s21_session2_natural,1,150,15.0,-0.08107920736074448,0.14810386837513367
COHFACE_s21_session2_natural,1,151,15.033333333333333,-0.299280047416687,0.23941012527013295
COHFACE_s21_session2_natural,1,152,15.066666666666666,-0.511600911617279,0.26232974447804797
COHFACE_s21_session2_natural,1,153,15.1,-0.6782557368278503,0.2077221738054208
COHFACE_s21_session2_natural,1,154,15.133333333333333,-0.8155620694160461,0.08646097116396273
COHFACE_s21_session2_natural,1,155,15.166666666666666,-0.9274483919143677,-0.07066006942740417
COHFACE_s21_session2_natural,1,156,15.2,-1.0351365804672241,-0.22353436873021482
COHFACE_s21_session2_natural,1,157,15.233333333333333,-1.1317195892333984,-0.33531009653693444
COHFACE_s21_session2_natural,1,158,15.266666666666667,-1.1251848936080933,-0.38122329203291133
COHFACE_s21_session2_natural,1,159,15.3,-0.6376608610153198,-0.3521262840358048
COHFACE_s21_session2_natural,1,160,15.333333333333334,0.49940744042396545,-0.2533189973189102
COHFACE_s21_session2_natural,1,161,15.366666666666667,1.5097354650497437,-0.10110207708943361
COHFACE_s21_session2_natural,1,162,15.4,1.8473715782165527,0.0808499824079709
COHFACE_s21_session2_natural,1,163,15.433333333333334,1.7156755924224854,0.26403517120731335
COHFACE_s21_session2_natural,1,164,15.466666666666667,1.3493071794509888,0.4185473254034516
COHFACE_s21_session2_natural,1,165,15.5,0.8068863153457642,0.5217817168522821
COHFACE_s21_session2_natural,1,166,15.533333333333333,0.3644505739212036,0.5682477860861673
COHFACE_s21_session2_natural,1,167,15.566666666666666,0.21404911577701569,0.5686896389792689
COHFACE_s21_session2_natural,1,168,15.6,0.18729396164417267,0.5385032953461479
COHFACE_s21_session2_natural,1,169,15.633333333333333,0.08539586514234543,0.4872919034898885
COHFACE_s21_session2_natural,1,170,15.666666666666666,-0.10226251184940338,0.4156969444588466
COHFACE_s21_session2_natural,1,171,15.7,-0.3361646831035614,0.3184459595047504
COHFACE_s21_session2_natural,1,172,15.733333333333333,-0.5679742097854614,0.1905181106062549
COHFACE_s21_session2_natural,1,173,15.766666666666667,-0.7532831430435181,0.032160421644232155
COHFACE_s21_session2_natural,1,174,15.8,-0.8863527774810791,-0.14917129599676243
COHFACE_s21_session2_natural,1,175,15.833333333333334,-0.9746935963630676,-0.3391617518136968
COHFACE_s21_session2_natural,1,176,15.866666666666667,-1.0571287870407104,-0.5181320294810488
COHFACE_s21_session2_natural,1,177,15.9,-1.1588855981826782,-0.6625565017082977
COHFACE_s21_session2_natural,1,178,15.933333333333334,-1.1808264255523682,-0.747766500992375
COHFACE_s21_session2_natural,1,179,15.966666666666667,-0.7284665703773499,-0.7548467317895913
COHFACE_s21_session2_natural,1,180,16.0,0.46602770686149597,-0.6797822828505309
COHFACE_s21_session2_natural,1,181,16.033333333333335,1.6012088060379028,-0.5382620364399512
COHFACE_s21_session2_natural,1,182,16.066666666666666,2.016761064529419,-0.3626562702015537
COHFACE_s21_session2_natural,1,183,16.1,1.9239780902862549,-0.19170206795932498
COHFACE_s21_session2_natural,1,184,16.133333333333333,1.612326741218567,-0.05679406172005063
COHFACE_s21_session2_natural,1,185,16.166666666666668,1.0943372249603271,0.02863117128779578
COHFACE_s21_session2_natural,1,186,16.2,0.5604667067527771,0.0721900244619846
COHFACE_s21_session2_natural,1,187,16.233333333333334,0.28826770186424255,0.09669165848947442
COHFACE_s21_session2_natural,1,188,16.266666666666666,0.2195439338684082,0.12865530012808862
COHFACE_s21_session2_natural,1,189,16.3,0.1400744616985321,0.18850241071189136
COHFACE_s21_session2_natural,1,190,16.333333333333332,-0.04705754294991493,0.28534131802931234
COHFACE_s21_session2_natural,1,191,16.366666666666667,-0.3014882504940033,0.41441686715989723
COHFACE_s21_session2_natural,1,192,16.4,-0.551194429397583,0.5561904463824728
COHFACE_s21_session2_natural,1,193,16.433333333333334,-0.7513959407806396,0.6773888830661252
COHFACE_s21_session2_natural,1,194,16.466666666666665,-0.9091793894767761,0.7362665702035219
COHFACE_s21_session2_natural,1,195,16.5,-1.028165340423584,0.6954444624951536
COHFACE_s21_session2_natural,1,196,16.533333333333335,-1.1159412860870361,0.538229891163854
COHFACE_s21_session2_natural,1,197,16.566666666666666,-1.2193286418914795,0.27757317305018614
COHFACE_s21_session2_natural,1,198,16.6,-1.3090174198150635,-0.04623835597871684
COHFACE_s21_session2_natural,1,199,16.633333333333333,-1.183406949043274,-0.3752755506112632
COHFACE_s21_session2_natural,1,200,16.666666666666668,-0.3871458172798157,-0.6474808889430494
COHFACE_s21_session2_natural,1,201,16.7,0.890040397644043,-0.8114429870860944
COHFACE_s21_session2_natural,1,202,16.733333333333334,1.7264727354049683,-0.8387044675044472
COHFACE_s21_session2_natural,1,203,16.766666666666666,1.8758856058120728,-0.7292119692318044
COHFACE_s21_session2_natural,1,204,16.8,1.6677756309509277,-0.5091531752276839
COHFACE_s21_session2_natural,1,205,16.833333333333332,1.2443535327911377,-0.22404897131347684
COHFACE_s21_session2_natural,1,206,16.866666666666667,0.6754599213600159,0.07076747878847876
COHFACE_s21_session2_natural,1,207,16.9,0.2675594389438629,0.32125409598610966
COHFACE_s21_session2_natural,1,208,16.933333333333334,0.1346053183078766,0.4855623933995902
COHFACE_s21_session2_natural,1,209,16.966666666666665,0.09241845458745956,0.5422564657171794
COHFACE_s21_session2_natural,1,210,17.0,-0.03158731386065483,0.4936826696008719
COHFACE_s21_session2_natural,1,211,17.033333333333335,-0.2451278418302536,0.3629677971879826
COHFACE_s21_session2_natural,1,212,17.066666666666666,-0.49451306462287903,0.1861845578182315
COHFACE_s21_session2_natural,1,213,17.1,-0.7175411581993103,0.003933253034342502
COHFACE_s21_session2_natural,1,214,17.133333333333333,-0.8979073166847229,-0.145996090225317
COHFACE_s21_session2_natural,1,215,17.166666666666668,-1.049862265586853,-0.2359385965494673
COHFACE_s21_session2_natural,1,216,17.2,-1.1501426696777344,-0.25456946948681725
COHFACE_s21_session2_natural,1,217,17.233333333333334,-1.2293168306350708,-0.2088127246445114
COHFACE_s21_session2_natural,1,218,17.266666666666666,-1.3499205112457275,-0.12039632546479316
COHFACE_s21_session2_natural,1,219,17.3,-1.4394680261611938,-0.01842799950199265
COHFACE_s21_session2_natural,1,220,17.333333333333332,-1.2514886856079102,0.06927294516697743
COHFACE_s21_session2_natural,1,221,17.366666666666667,-0.36081433296203613,0.12252320357929455
COHFACE_s21_session2_natural,1,222,17.4,0.8624635934829712,0.1316290890152728
COHFACE_s21_session2_natural,1,223,17.433333333333334,1.5376460552215576,0.09804099139568825
COHFACE_s21_session2_natural,1,224,17.466666666666665,1.5568265914916992,0.033654731366439435
COHFACE_s21_session2_natural,1,225,17.5,1.2577054500579834,-0.0411498648851313
COHFACE_s21_session2_natural,1,226,17.533333333333335,0.7497170567512512,-0.10198322850854771
COHFACE_s21_session2_natural,1,227,17.566666666666666,0.19585715234279633,-0.12950724692539034
COHFACE_s21_session2_natural,1,228,17.6,-0.10206993669271469,-0.11941664632386559
COHFACE_s21_session2_natural,1,229,17.633333333333333,-0.1582121104001999,-0.08468774167956988
COHFACE_s21_session2_natural,1,230,17.666666666666668,-0.17961366474628448,-0.047891629647445304
COHFACE_s21_session2_natural,1,231,17.7,-0.29630154371261597,-0.02844068100078912
COHFACE_s21_session2_natural,1,232,17.733333333333334,-0.5073642730712891,-0.031835613907088334
COHFACE_s21_session2_natural,1,233,17.766666666666666,-0.748134970664978,-0.048492523513997264
COHFACE_s21_session2_natural,1,234,17.8,-0.9649621248245239,-0.061371257405006124
COHFACE_s21_session2_natural,1,235,17.833333333333332,-1.1357508897781372,-0.05359146936279037
COHFACE_s21_session2_natural,1,236,17.866666666666667,-1.251989483833313,-0.012789109256318085
COHFACE_s21_session2_natural,1,237,17.9,-1.332742691040039,0.06478258931930118
COHFACE_s21_session2_natural,1,238,17.933333333333334,-1.413958191871643,0.17000240633513153
COHFACE_s21_session2_natural,1,239,17.966666666666665,-1.504109263420105,0.27902875327160176
COHFACE_s21_session2_natural,1,240,18.0,-1.5357943773269653,0.3566410139746573
COHFACE_s21_session2_natural,1,241,18.033333333333335,-1.2376104593276978,0.3669960211560382
COHFACE_s21_session2_natural,1,242,18.066666666666666,-0.24942868947982788,0.28899713851425646
COHFACE_s21_session2_natural,1,243,18.1,0.8632338643074036,0.12883237895808536
COHFACE_s21_session2_natural,1,244,18.133333333333333,1.3483058214187622,-0.0772345277223362
COHFACE_s21_session2_natural,1,245,18.166666666666668,1.2670133113861084,-0.27456303518116565
COHFACE_s21_session2_natural,1,246,18.2,0.9035592079162598,-0.41162192660849606
COHFACE_s21_session2_natural,1,247,18.233333333333334,0.38139721751213074,-0.4580859803026173
COHFACE_s21_session2_natural,1,248,18.266666666666666,-0.01330548245459795,-0.4123370482045719
COHFACE_s21_session2_natural,1,249,18.3,-0.11285416036844254,-0.2986059027502026
COHFACE_s21_session2_natural,1,250,18.333333333333332,-0.0865355134010315,-0.15635064111360517
COHFACE_s21_session2_natural,1,251,18.366666666666667,-0.13790181279182434,-0.026117925577573184
COHFACE_s21_session2_natural,1,252,18.4,-0.29684075713157654,0.06324883092491872
COHFACE_s21_session2_natural,1,253,18.433333333333334,-0.4989037811756134,0.10146237796904276
COHFACE_s21_session2_natural,1,254,18.466666666666665,-0.6974362730979919,0.09632192437902176
COHFACE_s21_session2_natural,1,255,18.5,-0.8741049766540527,0.06786449759299311
COHFACE_s21_session2_natural,1,256,18.533333333333335,-1.0005115270614624,0.04005096936808181
COHFACE_s21_session2_natural,1,257,18.566666666666666,-1.0846927165985107,0.033211310594371275
COHFACE_s21_session2_natural,1,258,18.6,-1.1843825578689575,0.05879397163335186
COHFACE_s21_session2_natural,1,259,18.633333333333333,-1.2797331809997559,0.11615894874360765
COHFACE_s21_session2_natural,1,260,18.666666666666668,-1.2733781337738037,0.19284779403519448
COHFACE_s21_session2_natural,1,261,18.7,-0.7987309694290161,0.27113712486417757
COHFACE_s21_session2_natural,1,262,18.733333333333334,0.31542083621025085,0.337399037603933
COHFACE_s21_session2_natural,1,263,18.766666666666666,1.293203592300415,0.38532269814324954
COHFACE_s21_session2_natural,1,264,18.8,1.5882805585861206,0.41180070115967826
COHFACE_s21_session2_natural,1,265,18.833333333333332,1.3995052576065063,0.4122738122269174
COHFACE_s21_session2_natural,1,266,18.866666666666667,0.966582715511322,0.37986151484756364
COHFACE_s21_session2_natural,1,267,18.9,0.4173446297645569,0.3089534676043362
COHFACE_s21_session2_natural,1,268,18.933333333333334,0.05864071473479271,0.2007280970915902
COHFACE_s21_session2_natural,1,269,18.966666666666665,-0.011687848716974258,0.06551670421055499
COHFACE_s21_session2_natural,1,270,19.0,-0.001352965016849339,-0.07988280617708025
COHFACE_s21_session2_natural,1,271,19.033333333333335,-0.07495530694723129,-0.21814973777286553
COHFACE_s21_session2_natural,1,272,19.066666666666666,-0.25611746311187744,-0.33736317526117515
COHFACE_s21_session2_natural,1,273,19.1,-0.48217540979385376,-0.43292803720948536
COHFACE_s21_session2_natural,1,274,19.133333333333333,-0.6780118346214294,-0.5056869081792716
COHFACE_s21_session2_natural,1,275,19.166666666666668,-0.8285288214683533,-0.5604009668925155
COHFACE_s21_session2_natural,1,276,19.2,-0.9550637602806091,-0.6054220271911832
COHFACE_s21_session2_natural,1,277,19.233333333333334,-1.0663723945617676,-0.6508217799575035
COHFACE_s21_session2_natural,1,278,19.266666666666666,-1.1758322715759277,-0.7039166100393969
COHFACE_s21_session2_natural,1,279,19.3,-1.241230845451355,-0.763249479703582
COHFACE_s21_session2_natural,1,280,19.333333333333332,-1.0067894458770752,-0.8140848739534265
COHFACE_s21_session2_natural,1,281,19.366666666666667,-0.02073889598250389,-0.8297708825216212
COHFACE_s21_session2_natural,1,282,19.4,1.2396034002304077,-0.7799422583481163
COHFACE_s21_session2_natural,1,283,19.433333333333334,1.8816757202148438,-0.6427764970463385
COHFACE_s21_session2_natural,1,284,19.466666666666665,1.8881847858428955,-0.41507951540858096
COHFACE_s21_session2_natural,1,285,19.5,1.6291835308074951,-0.11199006340140072
COHFACE_s21_session2_natural,1,286,19.533333333333335,1.1792502403259277,0.2410705117939598
COHFACE_s21_session2_natural,1,287,19.566666666666666,0.6456235647201538,0.6115994926485113
COHFACE_s21_session2_natural,1,288,19.6,0.324253648519516,0.9575875131102659
COHFACE_s21_session2_natural,1,289,19.633333333333333,0.2407272458076477,1.230631254007104
COHFACE_s21_session2_natural,1,290,19.666666666666668,0.18242822587490082,1.387925578423342
COHFACE_s21_session2_natural,1,291,19.7,0.036276280879974365,1.4074105867235511
COHFACE_s21_session2_natural,1,292,19.733333333333334,-0.18288744986057281,1.2980988253634036
COHFACE_s21_session2_natural,1,293,19.766666666666666,-0.4064290523529053,1.0972435030011634
COHFACE_s21_session2_natural,1,294,19.8,-0.6137044429779053,0.8552185250220332
COHFACE_s21_session2_natural,1,295,19.833333333333332,-0.7731954455375671,0.6180435007294514
COHFACE_s21_session2_natural,1,296,19.866666666666667,-0.8903455138206482,0.41536260880239284
COHFACE_s21_session2_natural,1,297,19.9,-1.011834979057312,0.25785108703638554
COHFACE_s21_session2_natural,1,298,19.933333333333334,-1.1648939847946167,0.14209838089926008
COHFACE_s21_session2_natural,1,299,19.966666666666665,-1.225105881690979,0.05585380558097585
COHFACE_s21_session2_natural,2,0,20.0,-0.7533602118492126,0.03206260111937848
COHFACE_s21_session2_natural,2,1,20.033333333333335,0.4226853847503662,1.4232744607036247
COHFACE_s21_session2_natural,2,2,20.066666666666666,1.4580994844436646,2.6174688007764395
COHFACE_s21_session2_natural,2,3,20.1,1.7966856956481934,3.455290314280288
COHFACE_s21_session2_natural,2,4,20.133333333333333,1.6686229705810547,3.8555570244677098
COHFACE_s21_session2_natural,2,5,20.166666666666668,1.3089947700500488,3.829990744957706
COHFACE_s21_session2_natural,2,6,20.2,0.7465716600418091,3.4622362792554924
COHFACE_s21_session2_natural,2,7,20.233333333333334,0.2625781297683716,2.8684484268944805
COHFACE_s21_session2_natural,2,8,20.266666666666666,0.07269871979951859,2.1594000700468254
COHFACE_s21_session2_natural,2,9,20.3,0.026416417211294174,1.4221330188877086
COHFACE_s21_session2_natural,2,10,20.333333333333332,-0.07023078948259354,0.7211679654298503
COHFACE_s21_session2_natural,2,11,20.366666666666667,-0.2492874711751938,0.10215359481305114
COHFACE_s21_session2_natural,2,12,20.4,-0.47089049220085144,-0.409135158711724
COHFACE_s21_session2_natural,2,13,20.433333333333334,-0.6798734068870544,-0.8074319556135873
COHFACE_s21_session2_natural,2,14,20.466666666666665,-0.8422530293464661,-1.1038505642849596
COHFACE_s21_session2_natural,2,15,20.5,-0.974244236946106,-1.3147017621923172
COHFACE_s21_session2_natural,2,16,20.533333333333335,-1.0924599170684814,-1.4481610001714722
COHFACE_s21_session2_natural,2,17,20.566666666666666,-1.2011879682540894,-1.4998482770898367
COHFACE_s21_session2_natural,2,18,20.6,-1.244350552558899,-1.4597520874706302
COHFACE_s21_session2_natural,2,19,20.633333333333333,-1.0270227193832397,-1.323710055912778
COHFACE_s21_session2_natural,2,20,20.666666666666668,-0.17852239310741425,-1.1022160571896478
COHFACE_s21_session2_natural,2,21,20.7,0.9569025635719299,-0.8206694272614736
COHFACE_s21_session2_natural,2,22,20.733333333333334,1.5837870836257935,-0.5125024251642059
COHFACE_s21_session2_natural,2,23,20.766666666666666,1.6024155616760254,-0.21342291344703607
COHFACE_s21_session2_natural,2,24,20.8,1.27542245388031,0.04145502813049916
COHFACE_s21_session2_natural,2,25,20.833333333333332,0.7443634271621704,0.2226040693850069
COHFACE_s21_session2_natural,2,26,20.866666666666667,0.27501851320266724,0.3140178578985014
COHFACE_s21_session2_natural,2,27,20.9,0.09651388972997665,0.3201995922838935
COHFACE_s21_session2_natural,2,28,20.933333333333334,0.08929873257875443,0.2679081079718563
COHFACE_s21_session2_natural,2,29,20.966666666666665,0.05319724604487419,0.19902343480700896
COHFACE_s21_session2_natural,2,30,21.0,-0.08473814278841019,0.1556585090945734
COHFACE_s21_session2_natural,2,31,21.033333333333335,-0.2819482684135437,0.16339172276793587
COHFACE_s21_session2_natural,2,32,21.066666666666666,-0.4680917263031006,0.22029922676754307
COHFACE_s21_session2_natural,2,33,21.1,-0.6169782280921936,0.29957359946916107
COHFACE_s21_session2_natural,2,34,21.133333333333333,-0.7456828355789185,0.3644490412132534
COHFACE_s21_session2_natural,2,35,21.166666666666668,-0.8705744743347168,0.38536877931223823
COHFACE_s21_session2_natural,2,36,21.2,-0.9883022308349609,0.351049280315723
COHFACE_s21_session2_natural,2,37,21.233333333333334,-1.0428396463394165,0.26870115117935717
COHFACE_s21_session2_natural,2,38,21.266666666666666,-0.7929665446281433,0.15627420707984147
COHFACE_s21_session2_natural,2,39,21.3,0.09443407505750656,0.03623957119092652
COHFACE_s21_session2_natural,2,40,21.333333333333332,1.1628299951553345,-0.0674482229823874
COHFACE_s21_session2_natural,2,41,21.366666666666667,1.6834256649017334,-0.13565885207523787
COHFACE_s21_session2_natural,2,42,21.4,1.6357311010360718,-0.16199579872281028
COHFACE_s21_session2_natural,2,43,21.433333333333334,1.290096640586853,-0.15276032580805385
COHFACE_s21_session2_natural,2,44,21.466666666666665,0.7566626071929932,-0.1186469756097969
COHFACE_s21_session2_natural,2,45,21.5,0.306575208902359,-0.06719547339464636
COHFACE_s21_session2_natural,2,46,21.533333333333335,0.14657066762447357,-0.0020636070566453562
COHFACE_s21_session2_natural,2,47,21.566666666666666,0.13698041439056396,0.06940607124869788
COHFACE_s21_session2_natural,2,48,21.6,0.07879694551229477,0.12712671266456677
COHFACE_s21_session2_natural,2,49,21.633333333333333,-0.08390364795923233,0.14093883558984546
COHFACE_s21_session2_natural,2,50,21.666666666666668,-0.2958650588989258,0.08586784465517064
COHFACE_s21_session2_natural,2,51,21.7,-0.4928826093673706,-0.04195517182766886
COHFACE_s21_session2_natural,2,52,21.733333333333334,-0.6678823232650757,-0.2183580831301321
COHFACE_s21_session2_natural,2,53,21.766666666666666,-0.8009905219078064,-0.39817285465435553
COHFACE_s21_session2_natural,2,54,21.8,-0.897560715675354,-0.532625527063521
COHFACE_s21_session2_natural,2,55,21.833333333333332,-0.9892009496688843,-0.5856664095542239
COHFACE_s21_session2_natural,2,56,21.866666666666667,-1.008509874343872,-0.5426911091464819
COHFACE_s21_session2_natural,2,57,21.9,-0.6013796329498291,-0.4113073229626108
COHFACE_s21_session2_natural,2,58,21.933333333333334,0.4965573251247406,-0.21591328322821407
COHFACE_s21_session2_natural,2,59,21.966666666666665,1.596368670463562,0.010650168515291762
COHFACE_s21_session2_natural,2,60,22.0,2.0499608516693115,0.23432807191972888
COHFACE_s21_session2_natural,2,61,22.033333333333335,1.99973726272583,0.42205424527927615
COHFACE_s21_session2_natural,2,62,22.066666666666666,1.705250859260559,0.5416663823235076
COHFACE_s21_session2_natural,2,63,22.1,1.1916520595550537,0.5679201973226647
COHFACE_s21_session2_natural,2,64,22.133333333333333,0.6622492671012878,0.49294126872875493
COHFACE_s21_session2_natural,2,65,22.166666666666668,0.3941328525543213,0.329673359339424
COHFACE_s21_session2_natural,2,66,22.2,0.318206787109375,0.10596653292202164
COHFACE_s21_session2_natural,2,67,22.233333333333334,0.2178877890110016,-0.1433565666367476
COHFACE_s21_session2_natural,2,68,22.266666666666666,0.030229412019252777,-0.3813497270805797
COHFACE_s21_session2_natural,2,69,22.3,-0.20170848071575165,-0.5691473638676877
COHFACE_s21_session2_natural,2,70,22.333333333333332,-0.43201592564582825,-0.6654000572686638
COHFACE_s21_session2_natural,2,71,22.366666666666667,-0.6333984732627869,-0.6329973921442413
COHFACE_s21_session2_natural,2,72,22.4,-0.7912205457687378,-0.4534654800604767
COHFACE_s21_session2_natural,2,73,22.433333333333334,-0.9187568426132202,-0.14130912728748862
COHFACE_s21_session2_natural,2,74,22.466666666666665,-1.058374047279358,0.25127349598315285
COHFACE_s21_session2_natural,2,75,22.5,-1.205527424812317,0.6482822943203734
COHFACE_s21_session2_natural,2,76,22.533333333333335,-1.1360846757888794,0.9759016683398836
COHFACE_s21_session2_natural,2,77,22.566666666666666,-0.3617900609970093,1.180064415040485
COHFACE_s21_session2_natural,2,78,22.6,0.917000949382782,1.2301006645375507
COHFACE_s21_session2_natural,2,79,22.633333333333333,1.8201285600662231,1.1189672999877402
COHFACE_s21_session2_natural,2,80,22.666666666666668,2.0755093097686768,0.8645405911590814
COHFACE_s21_session2_natural,2,81,22.7,1.947318196296692,0.5089661346092554
COHFACE_s21_session2_natural,2,82,22.733333333333334,1.5637335777282715,0.11261993210348738
COHFACE_s21_session2_natural,2,83,22.766666666666666,0.9985502362251282,-0.2600321685995473
COHFACE_s21_session2_natural,2,84,22.8,0.5949762463569641,-0.5590028286379732
COHFACE_s21_session2_natural,2,85,22.833333333333332,0.47822415828704834,-0.7622405786808958
COHFACE_s21_session2_natural,2,86,22.866666666666667,0.4268578588962555,-0.8772560388982532
COHFACE_s21_session2_natural,2,87,22.9,0.25573527812957764,-0.9285879546576713
COHFACE_s21_session2_natural,2,88,22.933333333333334,0.007942010648548603,-0.9379266817019506
COHFACE_s21_session2_natural,2,89,22.966666666666665,-0.2430608570575714,-0.9112675855211936
COHFACE_s21_session2_natural,2,90,23.0,-0.46103060245513916,-0.840032749986883
COHFACE_s21_session2_natural,2,91,23.033333333333335,-0.6491897106170654,-0.7140262877279182
COHFACE_s21_session2_natural,2,92,23.066666666666666,-0.804456889629364,-0.5362902967168536
COHFACE_s21_session2_natural,2,93,23.1,-0.9228265881538391,-0.32474870660351846
COHFACE_s21_session2_natural,2,94,23.133333333333333,-1.0473073720932007,-0.1010879814849342
COHFACE_s21_session2_natural,2,95,23.166666666666668,-1.155714511871338,0.11736626545250646
COHFACE_s21_session2_natural,2,96,23.2,-1.1323872804641724,0.3167416023982892
COHFACE_s21_session2_natural,2,97,23.233333333333334,-0.591391384601593,0.48197122198889253
COHFACE_s21_session2_natural,2,98,23.266666666666666,0.5571929216384888,0.594650841813967
COHFACE_s21_session2_natural,2,99,23.3,1.5055501461029053,0.6387765575817578
COHFACE_s21_session2_natural,2,100,23.333333333333332,1.7696994543075562,0.6108320684991723
COHFACE_s21_session2_natural,2,101,23.366666666666667,1.5887941122055054,0.5226754183207479
COHFACE_s21_session2_natural,2,102,23.4,1.1792117357254028,0.3952287549501128
COHFACE_s21_session2_natural,2,103,23.433333333333334,0.6093680262565613,0.2510391100633077
COHFACE_s21_session2_natural,2,104,23.466666666666665,0.15885698795318604,0.1103350004858143
COHFACE_s21_session2_natural,2,105,23.5,0.013090195134282112,-0.009408063221659185
COHFACE_s21_session2_natural,2,106,23.533333333333335,-0.009210044518113136,-0.09297084063425048
COHFACE_s21_session2_natural,2,107,23.566666666666666,-0.09562508016824722,-0.13026866495174852
COHFACE_s21_session2_natural,2,108,23.6,-0.2666064202785492,-0.12188395155883548
COHFACE_s21_session2_natural,2,109,23.633333333333333,-0.4908156096935272,-0.08160639947915488
COHFACE_s21_session2_natural,2,110,23.666666666666668,-0.7032263875007629,-0.032508024554457116
COHFACE_s21_session2_natural,2,111,23.7,-0.8583908677101135,0.003722057759901235
COHFACE_s21_session2_natural,2,112,23.733333333333334,-0.9857088923454285,0.018477186876780904
COHFACE_s21_session2_natural,2,113,23.766666666666666,-1.0851292610168457,0.018629971046849825
COHFACE_s21_session2_natural,2,114,23.8,-1.1649709939956665,0.01834738722756306
COHFACE_s21_session2_natural,2,115,23.833333333333332,-1.256945013999939,0.02841196065804827
COHFACE_s21_session2_natural,2,116,23.866666666666667,-1.3142040967941284,0.049507201382568394
COHFACE_s21_session2_natural,2,117,23.9,-1.1299222707748413,0.07270963941463485
COHFACE_s21_session2_natural,2,118,23.933333333333334,-0.3147631287574768,0.0856963360743917
COHFACE_s21_session2_natural,2,119,23.966666666666665,0.8156805634498596,0.07891808115693484
COHFACE_s21_session2_natural,2,120,24.0,1.4568284749984741,0.04877057477567843
COHFACE_s21_session2_natural,2,121,24.033333333333335,1.4891811609268188,-0.0017567491603347452
COHFACE_s21_session2_natural,2,122,24.066666666666666,1.1767467260360718,-0.06374975188762376
COHFACE_s21_session2_natural,2,123,24.1,0.6444681286811829,-0.12286635861602617
COHFACE_s21_session2_natural,2,124,24.133333333333333,0.16286255419254303,-0.16120661146439794
COHFACE_s21_session2_natural,2,125,24.166666666666668,-0.005204474553465843,-0.16460056980841195
COHFACE_s21_session2_natural,2,126,24.2,0.031269319355487823,-0.132664396637466
COHFACE_s21_session2_natural,2,127,24.233333333333334,0.023052766919136047,-0.08278232715983187
COHFACE_s21_session2_natural,2,128,24.266666666666666,-0.11055609583854675,-0.0439397904442231
COHFACE_s21_session2_natural,2,129,24.3,-0.30458229780197144,-0.042246579515189904
COHFACE_s21_session2_natural,2,130,24.333333333333332,-0.49402520060539246,-0.08552217370763894
COHFACE_s21_session2_natural,2,131,24.366666666666667,-0.6613733172416687,-0.1581479491207632
COHFACE_s21_session2_natural,2,132,24.4,-0.8003100752830505,-0.22909821294776006
COHFACE_s21_session2_natural,2,133,24.433333333333334,-0.9152519702911377,-0.26707072903175266
COHFACE_s21_session2_natural,2,134,24.466666666666665,-1.0237746238708496,-0.2536306379057003
COHFACE_s21_session2_natural,2,135,24.5,-1.13023042678833,-0.18452182827433197
COHFACE_s21_session2_natural,2,136,24.533333333333335,-1.1725584268569946,-0.06340380866871326
COHFACE_s21_session2_natural,2,137,24.566666666666666,-0.9085375070571899,0.09510800648426927
COHFACE_s21_session2_natural,2,138,24.6,0.02244936302304268,0.255432318188142
COHFACE_s21_session2_natural,2,139,24.633333333333333,1.161392092704773,0.3649820799613975
COHFACE_s21_session2_natural,2,140,24.666666666666668,1.7472323179244995,0.3754352678739299
COHFACE_s21_session2_natural,2,141,24.7,1.7356778383255005,0.26575960196865656
COHFACE_s21_session2_natural,2,142,24.733333333333334,1.4140381813049316,0.05558184765776689
COHFACE_s21_session2_natural,2,143,24.766666666666666,0.8939175605773926,-0.19575922243475266
COHFACE_s21_session2_natural,2,144,24.8,0.3884197771549225,-0.4058422496012281
COHFACE_s21_session2_natural,2,145,24.833333333333332,0.15848468244075775,-0.4990650313961579
COHFACE_s21_session2_natural,2,146,24.866666666666667,0.11198411881923676,-0.4379036007645133
COHFACE_s21_session2_natural,2,147,24.9,0.04024333879351616,-0.23654079212004803
COHFACE_s21_session2_natural,2,148,24.933333333333334,-0.13179075717926025,0.04875615924841725
COHFACE_s21_session2_natural,2,149,24.966666666666665,-0.369659960269928,0.3435882105830784
COHFACE_s21_session2_natural,2,150,25.0,-0.5954483151435852,0.5816797073041007
COHFACE_s21_session2_natural,2,151,25.033333333333335,-0.7799099087715149,0.7210709676912398
COHFACE_s21_session2_natural,2,152,25.066666666666666,-0.9329560399055481,0.7471819469414125
COHFACE_s21_session2_natural,2,153,25.1,-1.052583932876587,0.6691884937483207
COHFACE_s21_session2_natural,2,154,25.133333333333333,-1.1560226678848267,0.5131831259193651
COHFACE_s21_session2_natural,2,155,25.166666666666668,-1.2688205242156982,0.31168691094945894
COHFACE_s21_session2_natural,2,156,25.2,-1.3207260370254517,0.09290464196744663
COHFACE_s21_session2_natural,2,157,25.233333333333334,-0.9880455136299133,-0.12363889617867417
COHFACE_s21_session2_natural,2,158,25.266666666666666,0.08132610470056534,-0.3233487523324057
COHFACE_s21_session2_natural,2,159,25.3,1.2868614196777344,-0.488249539229162
COHFACE_s21_session2_natural,2,160,25.333333333333332,1.8875555992126465,-0.5917799597866974
COHFACE_s21_session2_natural,2,161,25.366666666666667,1.9250051975250244,-0.6063854086439485
COHFACE_s21_session2_natural,2,162,25.4,1.6690081357955933,-0.5206763384824122
COHFACE_s21_session2_natural,2,163,25.433333333333334,1.1813172101974487,-0.3506902513939463
COHFACE_s21_session2_natural,2,164,25.466666666666665,0.6119100451469421,-0.1374382483844389
COHFACE_s21_session2_natural,2,165,25.5,0.2582387626171112,0.0674334337673728
COHFACE_s21_session2_natural,2,166,25.533333333333335,0.1418846696615219,0.22122361741731597
COHFACE_s21_session2_natural,2,167,25.566666666666666,0.07316090166568756,0.30502490190147663
COHFACE_s21_session2_natural,2,168,25.6,-0.06844625622034073,0.32680549085769645
COHFACE_s21_session2_natural,2,169,25.633333333333333,-0.2940034866333008,0.3102142491127861
COHFACE_s21_session2_natural,2,170,25.666666666666668,-0.5498079061508179,0.27649385386653963
COHFACE_s21_session2_natural,2,171,25.7,-0.7623727321624756,0.23492175115799763
COHFACE_s21_session2_natural,2,172,25.733333333333334,-0.9209136962890625,0.18561583418674768
COHFACE_s21_session2_natural,2,173,25.766666666666666,-1.0487067699432373,0.12618054014998747
COHFACE_s21_session2_natural,2,174,25.8,-1.1642006635665894,0.0554287876883366
COHFACE_s21_session2_natural,2,175,25.833333333333332,-1.282172441482544,-0.028924133060779567
COHFACE_s21_session2_natural,2,176,25.866666666666667,-1.3338083028793335,-0.13428723787791083
COHFACE_s21_session2_natural,2,177,25.9,-1.042184829711914,-0.26854130617826727
COHFACE_s21_session2_natural,2,178,25.933333333333334,-0.04074106737971306,-0.4276211742761113
COHFACE_s21_session2_natural,2,179,25.966666666666665,1.1341490745544434,-0.5875078614818219
COHFACE_s21_session2_natural,2,180,26.0,1.7200791835784912,-0.7078912238693476
COHFACE_s21_session2_natural,2,181,26.033333333333335,1.7299391031265259,-0.7478660951528109
COHFACE_s21_session2_natural,2,182,26.066666666666666,1.455275058746338,-0.6850296700973311
COHFACE_s21_session2_natural,2,183,26.1,0.9590979218482971,-0.5224285806611572
COHFACE_s21_session2_natural,2,184,26.133333333333333,0.38980633020401,-0.28194639813508326
COHFACE_s21_session2_natural,2,185,26.166666666666668,0.05128433182835579,0.0030235300294196737
COHFACE_s21_session2_natural,2,186,26.2,-0.04437432438135147,0.2909812199240424
COHFACE_s21_session2_natural,2,187,26.233333333333334,-0.10453490167856216,0.5365453280080597
COHFACE_s21_session2_natural,2,188,26.266666666666666,-0.2506355047225952,0.6984356196398885
COHFACE_s21_session2_natural,2,189,26.3,-0.4681559205055237,0.7511679218204628
COHFACE_s21_session2_natural,2,190,26.333333333333332,-0.7024560570716858,0.6952051212559728
COHFACE_s21_session2_natural,2,191,26.366666666666667,-0.9162148237228394,0.5562632111604846
COHFACE_s21_session2_natural,2,192,26.4,-1.07692551612854,0.3734272098271218
COHFACE_s21_session2_natural,2,193,26.433333333333334,-1.1952695846557617,0.1848427460769768
COHFACE_s21_session2_natural,2,194,26.466666666666665,-1.293919563293457,0.01799628556382933
COHFACE_s21_session2_natural,2,195,26.5,-1.3959845304489136,-0.11176317758166865
COHFACE_s21_session2_natural,2,196,26.533333333333335,-1.459470272064209,-0.1969319032641028
COHFACE_s21_session2_natural,2,197,26.566666666666666,-1.2851893901824951,-0.23550933301185167
COHFACE_s21_session2_natural,2,198,26.6,-0.4312969744205475,-0.23216026113196814
COHFACE_s21_session2_natural,2,199,26.633333333333333,0.7842779159545898,-0.1978920076360767
COHFACE_s21_session2_natural,2,200,26.666666666666668,1.5226893424987793,-0.14616535846930653
COHFACE_s21_session2_natural,2,201,26.7,1.609848976135254,-0.0869795718653707
COHFACE_s21_session2_natural,2,202,26.733333333333334,1.336789846420288,-0.0227624809099777
COHFACE_s21_session2_natural,2,203,26.766666666666666,0.8379679918289185,0.04878837514363221
COHFACE_s21_session2_natural,2,204,26.8,0.30149123072624207,0.12684942320432915
COHFACE_s21_session2_natural,2,205,26.833333333333332,0.02336088754236698,0.2031324423048008
COHFACE_s21_session2_natural,2,206,26.866666666666667,-0.017554981634020805,0.2645967756477069
COHFACE_s21_session2_natural,2,207,26.9,-0.042756691575050354,0.30080404629378266
COHFACE_s21_session2_natural,2,208,26.933333333333334,-0.16740436851978302,0.31004843818153616
COHFACE_s21_session2_natural,2,209,26.966666666666665,-0.36209818720817566,0.2965150345832847
COHFACE_s21_session2_natural,2,210,27.0,-0.5617476105690002,0.26091934744930256
COHFACE_s21_session2_natural,2,211,27.033333333333335,-0.7310342788696289,0.1966209861966833
COHFACE_s21_session2_natural,2,212,27.066666666666666,-0.8638214468955994,0.09556220878711064
COHFACE_s21_session2_natural,2,213,27.1,-0.9660020470619202,-0.040505849142432465
COHFACE_s21_session2_natural,2,214,27.133333333333333,-1.063894510269165,-0.19203329587459275
COHFACE_s21_session2_natural,2,215,27.166666666666668,-1.1621336936950684,-0.3271847628624938
COHFACE_s21_session2_natural,2,216,27.2,-1.1801074743270874,-0.41850018371575737
COHFACE_s21_session2_natural,2,217,27.233333333333334,-0.8317384123802185,-0.4562329043329007
COHFACE_s21_session2_natural,2,218,27.266666666666666,0.17195212841033936,-0.44977456252526105
COHFACE_s21_session2_natural,2,219,27.3,1.2447259426116943,-0.4166306429188822
COHFACE_s21_session2_natural,2,220,27.333333333333332,1.705122470855713,-0.3671779459646555
COHFACE_s21_session2_natural,2,221,27.366666666666667,1.6174107789993286,-0.30004406637972303
COHFACE_s21_session2_natural,2,222,27.4,1.234480857849121,-0.2107943205553923
COHFACE_s21_session2_natural,2,223,27.433333333333334,0.682020366191864,-0.10379952492093168
COHFACE_s21_session2_natural,2,224,27.466666666666665,0.25581231713294983,0.0027008967331204545
COHFACE_s21_session2_natural,2,225,27.5,0.1401900053024292,0.08549109408388778
COHFACE_s21_session2_natural,2,226,27.533333333333335,0.15092287957668304,0.13266592895426285
COHFACE_s21_session2_natural,2,227,27.566666666666666,0.0780908390879631,0.14877364205564841
COHFACE_s21_session2_natural,2,228,27.6,-0.09536831080913544,0.14527911005680907
COHFACE_s21_session2_natural,2,229,27.633333333333333,-0.3134407699108124,0.12873294840496835
COHFACE_s21_session2_natural,2,230,27.666666666666668,-0.5193167924880981,0.09547704254528894
COHFACE_s21_session2_natural,2,231,27.7,-0.696588933467865,0.03584500189102953
COHFACE_s21_session2_natural,2,232,27.733333333333334,-0.8302620053291321,-0.05553995857914954
COHFACE_s21_session2_natural,2,233,27.766666666666666,-0.9355365633964539,-0.17221180394347343
COHFACE_s21_session2_natural,2,234,27.8,-1.035444736480713,-0.2952777960154837
COHFACE_s21_session2_natural,2,235,27.833333333333332,-1.1078916788101196,-0.3984134475652405
COHFACE_s21_session2_natural,2,236,27.866666666666667,-0.9395678043365479,-0.45464434683096744
COHFACE_s21_session2_natural,2,237,27.9,-0.06178314983844757,-0.4397473582393761
COHFACE_s21_session2_natural,2,238,27.933333333333334,1.2180862426757812,-0.333665536373887
COHFACE_s21_session2_natural,2,239,27.966666666666665,2.0015218257904053,-0.12727229166622384
COHFACE_s21_session2_natural,2,240,28.0,2.1071557998657227,0.16689643368724866
COHFACE_s21_session2_natural,2,241,28.033333333333335,1.8766173124313354,0.5099294241099176
COHFACE_s21_session2_natural,2,242,28.066666666666666,1.4388548135757446,0.8434231385509025
COHFACE_s21_session2_natural,2,243,28.1,0.8730937242507935,1.10753263562704
COHFACE_s21_session2_natural,2,244,28.133333333333333,0.47990599274635315,1.2610257405372667
COHFACE_s21_session2_natural,2,245,28.166666666666668,0.3459247946739197,1.2875868866594025
COHFACE_s21_session2_natural,2,246,28.2,0.2781125605106354,1.1878628544538474
COHFACE_s21_session2_natural,2,247,28.233333333333334,0.13373230397701263,0.9718646970345521
COHFACE_s21_session2_natural,2,248,28.266666666666666,-0.09938672184944153,0.6586972113607605
COHFACE_s21_session2_natural,2,249,28.3,-0.3380519151687622,0.28102908295772844
COHFACE_s21_session2_natural,2,250,28.333333333333332,-0.5328612923622131,-0.11192827601830538
COHFACE_s21_session2_natural,2,251,28.366666666666667,-0.7002478837966919,-0.4609947526057858
COHFACE_s21_session2_natural,2,252,28.4,-0.8412131071090698,-0.7137832933986682
COHFACE_s21_session2_natural,2,253,28.433333333333334,-0.9640505909919739,-0.8443424997270853
COHFACE_s21_session2_natural,2,254,28.466666666666665,-1.0845386981964111,-0.8649944903919984
COHFACE_s21_session2_natural,2,255,28.5,-1.1531468629837036,-0.8188593369223548
COHFACE_s21_session2_natural,2,256,28.533333333333335,-0.9149566888809204,-0.7562631460167948
COHFACE_s21_session2_natural,2,257,28.566666666666666,0.035878293216228485,-0.7122601697111847
COHFACE_s21_session2_natural,2,258,28.6,1.2600934505462646,-0.6963952389482109
COHFACE_s21_session2_natural,2,259,28.633333333333333,1.927842378616333,-0.6971835479675714
COHFACE_s21_session2_natural,2,260,28.666666666666668,1.961504578590393,-0.695205770345933
COHFACE_s21_session2_natural,2,261,28.7,1.6917705535888672,-0.6719218089322196
COHFACE_s21_session2_natural,2,262,28.733333333333334,1.2079952955245972,-0.6110304300933073
COHFACE_s21_session2_natural,2,263,28.766666666666666,0.6238497495651245,-0.4995200987047936
COHFACE_s21_session2_natural,2,264,28.8,0.24591393768787384,-0.33192299956881577
COHFACE_s21_session2_natural,2,265,28.833333333333332,0.12247306108474731,-0.11643365940126651
COHFACE_s21_session2_natural,2,266,28.866666666666667,0.06055362895131111,0.1219218935558016
COHFACE_s21_session2_natural,2,267,28.9,-0.08697202056646347,0.34806981387091573
COHFACE_s21_session2_natural,2,268,28.933333333333334,-0.30591750144958496,0.5305392201162228
COHFACE_s21_session2_natural,2,269,28.966666666666665,-0.5316416025161743,0.6494937281213113
COHFACE_s21_session2_natural,2,270,29.0,-0.7296733856201172,0.696396558985802
COHFACE_s21_session2_natural,2,271,29.033333333333335,-0.894890308380127,0.6728142602691717
COHFACE_s21_session2_natural,2,272,29.066666666666666,-1.0229145288467407,0.5914550229365451
COHFACE_s21_session2_natural,2,273,29.1,-1.1375482082366943,0.47716267658853107
COHFACE_s21_session2_natural,2,274,29.133333333333333,-1.2556354999542236,0.363823655100139
COHFACE_s21_session2_natural,2,275,29.166666666666668,-1.339174747467041,0.2826659279089861
COHFACE_s21_session2_natural,2,276,29.2,-1.1739835739135742,0.24715487407229378
COHFACE_s21_session2_natural,2,277,29.233333333333334,-0.32739606499671936,0.24827826745939124
COHFACE_s21_session2_natural,2,278,29.266666666666666,0.8762391209602356,0.2630428648747029
COHFACE_s21_session2_natural,2,279,29.3,1.5970234870910645,0.2673324273592408
COHFACE_s21_session2_natural,2,280,29.333333333333332,1.6711649894714355,0.24547741619060334
COHFACE_s21_session2_natural,2,281,29.366666666666667,1.3844457864761353,0.19196735483055755
COHFACE_s21_session2_natural,2,282,29.4,0.8741721510887146,0.10688115894524226
COHFACE_s21_session2_natural,2,283,29.433333333333334,0.3223022222518921,-0.007846963893484722
COHFACE_s21_session2_natural,2,284,29.466666666666665,0.05528990179300308,-0.14754120920198646
COHFACE_s21_session2_natural,2,285,29.5,0.03523637354373932,-0.2998848261050572
COHFACE_s21_session2_natural,2,286,29.533333333333335,0.019650598987936974,-0.44083055662584725
COHFACE_s21_session2_natural,2,287,29.566666666666666,-0.11588402092456818,-0.5390198733199668
COHFACE_s21_session2_natural,2,288,29.6,-0.32372429966926575,-0.5679405650838147
COHFACE_s21_session2_natural,2,289,29.633333333333333,-0.5268144011497498,-0.5166273173537262
COHFACE_s21_session2_natural,2,290,29.666666666666668,-0.7065643668174744,-0.3929001225852671
COHFACE_s21_session2_natural,2,291,29.7,-0.8514966368675232,-0.21777990841522257
COHFACE_s21_session2_natural,2,292,29.733333333333334,-0.9726137518882751,-0.01607193348669269
COHFACE_s21_session2_natural,2,293,29.766666666666666,-1.0983141660690308,0.1869170569462213
COHFACE_s21_session2_natural,2,294,29.8,-1.1973236799240112,0.36265045368309384
COHFACE_s21_session2_natural,2,295,29.833333333333332,-1.1570625305175781,0.48064321101795215
COHFACE_s21_session2_natural,2,296,29.866666666666667,-0.630548357963562,0.5165609963484872
COHFACE_s21_session2_natural,2,297,29.9,0.515866219997406,0.46175690052099216
COHFACE_s21_session2_natural,2,298,29.933333333333334,1.5240117311477661,0.3287036340706796
COHFACE_s21_session2_natural,2,299,29.966666666666665,1.8436740636825562,0.14797809445123827
COHFACE_s21_session2_natural,3,0,30.0,1.6673134565353394,0.0037225317109819515
COHFACE_s21_session2_natural,3,1,30.033333333333335,1.2059540748596191,1.2711388883534611
COHFACE_s21_session2_natural,3,2,30.066666666666666,0.6061199307441711,2.3580331638583667
COHFACE_s21_session2_natural,3,3,30.1,0.23227959871292114,3.1134182386670655
COHFACE_s21_session2_natural,3,4,30.133333333333333,0.17068111896514893,3.451253007437281
COHFACE_s21_session2_natural,3,5,30.166666666666668,0.1730562150478363,3.3679220288308294
COHFACE_s21_session2_natural,3,6,30.2,0.08372687548398972,2.932478771261885
COHFACE_s21_session2_natural,3,7,30.233333333333334,-0.107795849442482,2.2585894259516057
COHFACE_s21_session2_natural,3,8,30.266666666666666,-0.33141449093818665,1.471352407783495
COHFACE_s21_session2_natural,3,9,30.3,-0.5364046692848206,0.6834589781466911
COHFACE_s21_session2_natural,3,10,30.333333333333332,-0.7081049680709839,-0.01519083160466218
COHFACE_s21_session2_natural,3,11,30.366666666666667,-0.8344473242759705,-0.5608766448550317
COHFACE_s21_session2_natural,3,12,30.4,-0.945280909538269,-0.917675433814258
COHFACE_s21_session2_natural,3,13,30.433333333333334,-1.0532387495040894,-1.0794882857050747
COHFACE_s21_session2_natural,3,14,30.466666666666665,-1.0577706098556519,-1.0701236819681614
COHFACE_s21_session2_natural,3,15,30.5,-0.5369053483009338,-0.9352854345258763
COHFACE_s21_session2_natural,3,16,30.533333333333335,0.7009826302528381,-0.7282008315800113
COHFACE_s21_session2_natural,3,17,30.566666666666666,1.82247793674469,-0.49834038002778186
COHFACE_s21_session2_natural,3,18,30.6,2.2238566875457764,-0.28708985161385475
COHFACE_s21_session2_natural,3,19,30.633333333333333,2.1217145919799805,-0.1278944681109493
COHFACE_s21_session2_natural,3,20,30.666666666666668,1.7711117267608643,-0.04664400115647591
COHFACE_s21_session2_natural,3,21,30.7,1.2087527513504028,-0.05766177646309458
COHFACE_s21_session2_natural,3,22,30.733333333333334,0.6783100962638855,-0.15600832782739452
COHFACE_s21_session2_natural,3,23,30.766666666666666,0.4436889588832855,-0.3121056884245028
COHFACE_s21_session2_natural,3,24,30.8,0.3828350901603699,-0.474478909944313
COHFACE_s21_session2_natural,3,25,30.833333333333332,0.2778172791004181,-0.5845660196206525
COHFACE_s21_session2_natural,3,26,30.866666666666667,0.07941319048404694,-0.5981230748848687
COHFACE_s21_session2_natural,3,27,30.9,-0.16823886334896088,-0.4994082183071377
COHFACE_s21_session2_natural,3,28,30.933333333333334,-0.4103319048881531,-0.302873643032051
COHFACE_s21_session2_natural,3,29,30.966666666666665,-0.6179154515266418,-0.046675773957366454
COHFACE_s21_session2_natural,3,30,31.0,-0.7876386046409607,0.21836180092072963
COHFACE_s21_session2_natural,3,31,31.033333333333335,-0.9428030848503113,0.44224789407734927
COHFACE_s21_session2_natural,3,32,31.066666666666666,-1.096979022026062,0.5887949811277061
COHFACE_s21_session2_natural,3,33,31.1,-1.1806466579437256,0.6444765252599034
COHFACE_s21_session2_natural,3,34,31.133333333333333,-0.9561678171157837,0.6192914719675229
COHFACE_s21_session2_natural,3,35,31.166666666666668,0.007505506742745638,0.5363223941964484
COHFACE_s21_session2_natural,3,36,31.2,1.3006882667541504,0.4161042904590293
COHFACE_s21_session2_natural,3,37,31.233333333333334,2.0498712062835693,0.2698738088498995
COHFACE_s21_session2_natural,3,38,31.266666666666666,2.139110565185547,0.10491638993917042
COHFACE_s21_session2_natural,3,39,31.3,1.8993284702301025,-0.06635472984193827
COHFACE_s21_session2_natural,3,40,31.333333333333332,1.4265941381454468,-0.2213208856454131
COHFACE_s21_session2_natural,3,41,31.366666666666667,0.838661253452301,-0.33110897938024353
COHFACE_s21_session2_natural,3,42,31.4,0.44877293705940247,-0.3721793541667281
COHFACE_s21_session2_natural,3,43,31.433333333333334,0.3188101649284363,-0.3380191503657646
COHFACE_s21_session2_natural,3,44,31.466666666666665,0.2563001811504364,-0.24455010187380283
COHFACE_s21_session2_natural,3,45,31.5,0.10398581624031067,-0.1255188883131796
COHFACE_s21_session2_natural,3,46,31.533333333333335,-0.13407598435878754,-0.020369084218200703
COHFACE_s21_session2_natural,3,47,31.566666666666666,-0.38977769017219543,0.037282523455391924
COHFACE_s21_session2_natural,3,48,31.6,-0.6192891597747803,0.026899386082985564
COHFACE_s21_session2_natural,3,49,31.633333333333333,-0.811607837677002,-0.054561354018151466
COHFACE_s21_session2_natural,3,50,31.666666666666668,-0.9543448090553284,-0.19088784817407878
COHFACE_s21_session2_natural,3,51,31.7,-1.0714178085327148,-0.34884390103425167
COHFACE_s21_session2_natural,3,52,31.733333333333334,-1.188516616821289,-0.48503359245687794
COHFACE_s21_session2_natural,3,53,31.766666666666666,-1.2481250762939453,-0.5570282009509498
COHFACE_s21_session2_natural,3,54,31.8,-0.9769788384437561,-0.5361561810585356
COHFACE_s21_session2_natural,3,55,31.833333333333332,0.03806081414222717,-0.41743755491104356
COHFACE_s21_session2_natural,3,56,31.866666666666667,1.274408221244812,-0.22108156716550456
COHFACE_s21_session2_natural,3,57,31.9,1.894976258277893,0.01973377436135509
COHFACE_s21_session2_natural,3,58,31.933333333333334,1.8939876556396484,0.27654197537442576
COHFACE_s21_session2_natural,3,59,31.966666666666665,1.5838769674301147,0.5290434591805137
COHFACE_s21_session2_natural,3,60,32.0,1.0400952100753784,0.7541511368333252
COHFACE_s21_session2_natural,3,61,32.03333333333333,0.46478238701820374,0.9198501379016034
COHFACE_s21_session2_natural,3,62,32.06666666666667,0.1653660386800766,0.9920936567873616
COHFACE_s21_session2_natural,3,63,32.1,0.10309997200965881,0.9495708136134098
COHFACE_s21_session2_natural,3,64,32.13333333333333,0.03720064461231232,0.7962043328050283
COHFACE_s21_session2_natural,3,65,32.166666666666664,-0.15136925876140594,0.5588873353649874
COHFACE_s21_session2_natural,3,66,32.2,-0.3959786295890808,0.272424794040259
COHFACE_s21_session2_natural,3,67,32.233333333333334,-0.6353884339332581,-0.03243742872219441
COHFACE_s21_session2_natural,3,68,32.266666666666666,-0.853935956954956,-0.3306696746787534
COHFACE_s21_session2_natural,3,69,32.3,-1.0280113220214844,-0.5975372669568199
COHFACE_s21_session2_natural,3,70,32.333333333333336,-1.1449944972991943,-0.8030589338137987
COHFACE_s21_session2_natural,3,71,32.36666666666667,-1.239972710609436,-0.9150293102378907
COHFACE_s21_session2_natural,3,72,32.4,-1.3523468971252441,-0.9108644954561859
COHFACE_s21_session2_natural,3,73,32.43333333333333,-1.4271817207336426,-0.7898907784275885
COHFACE_s21_session2_natural,3,74,32.46666666666667,-1.2615668773651123,-0.5773172929681493
COHFACE_s21_session2_natural,3,75,32.5,-0.43984732031822205,-0.3130389382394639
COHFACE_s21_session2_natural,3,76,32.53333333333333,0.7811710238456726,-0.03278887651863672
COHFACE_s21_session2_natural,3,77,32.56666666666667,1.5343722105026245,0.2384018244244687
COHFACE_s21_session2_natural,3,78,32.6,1.6037250757217407,0.47805580079852766
COHFACE_s21_session2_natural,3,79,32.63333333333333,1.2816362380981445,0.6590924902929909
COHFACE_s21_session2_natural,3,80,32.666666666666664,0.7304980158805847,0.7521025773962717
COHFACE_s21_session2_natural,3,81,32.7,0.20716775953769684,0.735853786041322
COHFACE_s21_session2_natural,3,82,32.733333333333334,-0.010609426535665989,0.6095087499266728
COHFACE_s21_session2_natural,3,83,32.766666666666666,0.0017924343701452017,0.3963596231392396
COHFACE_s21_session2_natural,3,84,32.8,-0.013485219329595566,0.13657921911987897
COHFACE_s21_session2_natural,3,85,32.833333333333336,-0.1482880562543869,-0.12518815887193505
COHFACE_s21_session2_natural,3,86,32.86666666666667,-0.35067203640937805,-0.3507035106298863
COHFACE_s21_session2_natural,3,87,32.9,-0.5503471493721008,-0.5115264333478661
COHFACE_s21_session2_natural,3,88,32.93333333333333,-0.7137024998664856,-0.5867404771297549
COHFACE_s21_session2_natural,3,89,32.96666666666667,-0.8429334759712219,-0.56384764239027
COHFACE_s21_session2_natural,3,90,33.0,-0.9494020342826843,-0.4450954127173108
COHFACE_s21_session2_natural,3,91,33.03333333333333,-1.0566279888153076,-0.254143833614196
COHFACE_s21_session2_natural,3,92,33.06666666666667,-1.1575632095336914,-0.03631288979730954
COHFACE_s21_session2_natural,3,93,33.1,-1.1807236671447754,0.15412441885351885
COHFACE_s21_session2_natural,3,94,33.13333333333333,-0.8693034648895264,0.2749173244197926
COHFACE_s21_session2_natural,3,95,33.166666666666664,0.109249547123909,0.3100989874195407
COHFACE_s21_session2_natural,3,96,33.2,1.2125272750854492,0.27077650397329933
COHFACE_s21_session2_natural,3,97,33.233333333333334,1.700950026512146,0.18544316378272732
COHFACE_s21_session2_natural,3,98,33.266666666666666,1.602364182472229,0.08615133585371443
COHFACE_s21_session2_natural,3,99,33.3,1.1723560094833374,-0.0013707132386295545
COHFACE_s21_session2_natural,3,100,33.333333333333336,0.5811236500740051,-0.06146559734624263
COHFACE_s21_session2_natural,3,101,33.36666666666667,0.17946256697177887,-0.09007749818320726
COHFACE_s21_session2_natural,3,102,33.4,0.10390878468751907,-0.09465461452658654
COHFACE_s21_session2_natural,3,103,33.43333333333333,0.11848033219575882,-0.08941892929763418
COHFACE_s21_session2_natural,3,104,33.46666666666667,0.07701241225004196,-0.08710591903628062
COHFACE_s21_session2_natural,3,105,33.5,-0.022151116281747818,-0.0922741300165062
COHFACE_s21_session2_natural,3,106,33.53333333333333,-0.14109855890274048,-0.09979105590046027
COHFACE_s21_session2_natural,3,107,33.56666666666667,-0.2373863011598587,-0.09975529855873538
COHFACE_s21_session2_natural,3,108,33.6,-0.32984820008277893,-0.08601427219066282
COHFACE_s21_session2_natural,3,109,33.63333333333333,-0.4348660409450531,-0.0620175569114693
COHFACE_s21_session2_natural,3,110,33.666666666666664,-0.587360143661499,-0.03958150996867333
COHFACE_s21_session2_natural,3,111,33.7,-0.7703838348388672,-0.029142325819014006
COHFACE_s21_session2_natural,3,112,33.733333333333334,-0.8833486437797546,-0.0278510606964634
COHFACE_s21_session2_natural,3,113,33.766666666666666,-0.6435921788215637,-0.018040506188470022
COHFACE_s21_session2_natural,3,114,33.8,0.32533207535743713,0.021587115035522995
COHFACE_s21_session2_natural,3,115,33.833333333333336,1.4929685592651367,0.100582482959648
COHFACE_s21_session2_natural,3,116,33.86666666666667,2.056431531906128,0.2064701983864002
COHFACE_s21_session2_natural,3,117,33.9,2.00266432762146,0.3073321061661337
COHFACE_s21_session2_natural,3,118,33.93333333333333,1.6494425535202026,0.3664966617654248
COHFACE_s21_session2_natural,3,119,33.96666666666667,1.0987921953201294,0.36018498989980385
COHFACE_s21_session2_natural,3,120,34.0,0.5567307472229004,0.2885597710551794
COHFACE_s21_session2_natural,3,121,34.03333333333333,0.297447144985199,0.17248538056119397
COHFACE_s21_session2_natural,3,122,34.06666666666667,0.24529770016670227,0.04007169979012823
COHFACE_s21_session2_natural,3,123,34.1,0.17778073251247406,-0.08235096318308245
COHFACE_s21_session2_natural,3,124,34.13333333333333,-0.0010705210734158754,-0.17166956635786315
COHFACE_s21_session2_natural,3,125,34.166666666666664,-0.24232907593250275,-0.21076363267523868
COHFACE_s21_session2_natural,3,126,34.2,-0.4809814393520355,-0.19479401674764613
COHFACE_s21_session2_natural,3,127,34.233333333333334,-0.6832113862037659,-0.1355737353479474
COHFACE_s21_session2_natural,3,128,34.266666666666666,-0.8380805253982544,-0.059629289664548106
COHFACE_s21_session2_natural,3,129,34.3,-0.9674655795097351,0.0021605109214959187
COHFACE_s21_session2_natural,3,130,34.333333333333336,-1.0937694311141968,0.028523606746078956
COHFACE_s21_session2_natural,3,131,34.36666666666667,-1.1807621717453003,0.01466511981577879
COHFACE_s21_session2_natural,3,132,34.4,-1.0803918838500977,-0.031070210712153525
COHFACE_s21_session2_natural,3,133,34.43333333333333,-0.35112136602401733,-0.09560236681382221
COHFACE_s21_session2_natural,3,134,34.46666666666667,0.9205186367034912,-0.16837943107867043
COHFACE_s21_session2_natural,3,135,34.5,1.8286917209625244,-0.2418491099878948
COHFACE_s21_session2_natural,3,136,34.53333333333333,2.020573854446411,-0.30680125476528974
COHFACE_s21_session2_natural,3,137,34.56666666666667,1.7836419343948364,-0.3509860688998036
COHFACE_s21_session2_natural,3,138,34.6,1.3170957565307617,-0.3627361176206834
COHFACE_s21_session2_natural,3,139,34.63333333333333,0.7145527601242065,-0.3341569177965044
COHFACE_s21_session2_natural,3,140,34.666666666666664,0.2891150414943695,-0.2619354332202843
COHFACE_s21_session2_natural,3,141,34.7,0.157868430018425,-0.1477961305598981
COHFACE_s21_session2_natural,3,142,34.733333333333334,0.11384568363428116,0.0006871560171401165
COHFACE_s21_session2_natural,3,143,34.766666666666666,-0.011918939650058746,0.1697956067023002
COHFACE_s21_session2_natural,3,144,34.8,-0.23409968614578247,0.3402697472941575
COHFACE_s21_session2_natural,3,145,34.833333333333336,-0.48612961173057556,0.4886082358126279
COHFACE_s21_session2_natural,3,146,34.86666666666667,-0.7105571031570435,0.5897015743488834
COHFACE_s21_session2_natural,3,147,34.9,-0.8868920207023621,0.6220276574607859
COHFACE_s21_session2_natural,3,148,34.93333333333333,-1.0306047201156616,0.5740924973174584
COHFACE_s21_session2_natural,3,149,34.96666666666667,-1.154687523841858,0.44844206799089137
COHFACE_s21_session2_natural,3,150,35.0,-1.2806317806243896,0.2614345738111188
COHFACE_s21_session2_natural,3,151,35.03333333333333,-1.3677401542663574,0.03922515920719463
COHFACE_s21_session2_natural,3,152,35.06666666666667,-1.2702713012695312,-0.18731320283230082
COHFACE_s21_session2_natural,3,153,35.1,-0.5418738126754761,-0.384452905116918
COHFACE_s21_session2_natural,3,154,35.13333333333333,0.7156568765640259,-0.51639243652233
COHFACE_s21_session2_natural,3,155,35.166666666666664,1.588742733001709,-0.5527248947412124
COHFACE_s21_session2_natural,3,156,35.2,1.7362940311431885,-0.4812212008426928
COHFACE_s21_session2_natural,3,157,35.233333333333334,1.4615402221679688,-0.3155029253639738
COHFACE_s21_session2_natural,3,158,35.266666666666666,0.9542835354804993,-0.09266457390527771
COHFACE_s21_session2_natural,3,159,35.3,0.3764030933380127,0.13736543883313643
COHFACE_s21_session2_natural,3,160,35.333333333333336,0.06315981596708298,0.3261931345952955
COHFACE_s21_session2_natural,3,161,35.36666666666667,0.019483700394630432,0.43876050406512274
COHFACE_s21_session2_natural,3,162,35.4,0.011087410151958466,0.4593157697373223
COHFACE_s21_session2_natural,3,163,35.43333333333333,-0.10703838616609573,0.3918209117606163
COHFACE_s21_session2_natural,3,164,35.46666666666667,-0.3248284161090851,0.2567102045865008
COHFACE_s21_session2_natural,3,165,35.5,-0.5471118688583374,0.08691494013164533
COHFACE_s21_session2_natural,3,166,35.53333333333333,-0.7318687438964844,-0.07710815291775686
COHFACE_s21_session2_natural,3,167,35.56666666666667,-0.8836182355880737,-0.19650118205158318
COHFACE_s21_session2_natural,3,168,35.6,-1.0050177574157715,-0.24579624094685132
COHFACE_s21_session2_natural,3,169,35.63333333333333,-1.1160696744918823,-0.22128782323239626
COHFACE_s21_session2_natural,3,170,35.666666666666664,-1.2274810075759888,-0.14216070846989554
COHFACE_s21_session2_natural,3,171,35.7,-1.2691928148269653,-0.04365764182709912
COHFACE_s21_session2_natural,3,172,35.733333333333334,-1.0068280696868896,0.0352130120378121
COHFACE_s21_session2_natural,3,173,35.766666666666666,-0.056673478335142136,0.06419616520184637
COHFACE_s21_session2_natural,3,174,35.8,1.1058404445648193,0.030152337719030486
COHFACE_s21_session2_natural,3,175,35.833333333333336,1.6545393466949463,-0.06144614396801855
COHFACE_s21_session2_natural,3,176,35.86666666666667,1.5762895345687866,-0.19046210126688287
COHFACE_s21_session2_natural,3,177,35.9,1.1638827323913574,-0.3264723137791735
COHFACE_s21_session2_natural,3,178,35.93333333333333,0.563381016254425,-0.4330154952939512
COHFACE_s21_session2_natural,3,179,35.96666666666667,0.10840221494436264,-0.4755658113727931
COHFACE_s21_session2_natural,3,180,36.0,0.005194601137191057,-0.43313027021933764
COHFACE_s21_session2_natural,3,181,36.03333333333333,0.04563545063138008,-0.3090441261258633
COHFACE_s21_session2_natural,3,182,36.06666666666667,0.007993364706635475,-0.13386192769847177
COHFACE_s21_session2_natural,3,183,36.1,-0.14955905079841614,0.0476233333564052
COHFACE_s21_session2_natural,3,184,36.13333333333333,-0.3686714172363281,0.1987475080179033
COHFACE_s21_session2_natural,3,185,36.166666666666664,-0.5819038152694702,0.30327959219804784
COHFACE_s21_session2_natural,3,186,36.2,-0.7506641149520874,0.3620501360356699
COHFACE_s21_session2_natural,3,187,36.233333333333334,-0.880626916885376,0.3833717192511528
COHFACE_s21_session2_natural,3,188,36.266666666666666,-0.9797390699386597,0.37565326552481176
COHFACE_s21_session2_natural,3,189,36.3,-1.0950275659561157,0.34725724718663653
COHFACE_s21_session2_natural,3,190,36.333333333333336,-1.1881955862045288,0.3103118916307688
COHFACE_s21_session2_natural,3,191,36.36666666666667,-1.067412257194519,0.27795833303931966
COHFACE_s21_session2_natural,3,192,36.4,-0.2573242783546448,0.2556578581671063
COHFACE_s21_session2_natural,3,193,36.43333333333333,1.070419430732727,0.23825587573037713
COHFACE_s21_session2_natural,3,194,36.46666666666667,1.950592041015625,0.2155705395843511
COHFACE_s21_session2_natural,3,195,36.5,2.0844318866729736,0.1795702482809053
COHFACE_s21_session2_natural,3,196,36.53333333333333,1.8221441507339478,0.12870059279411
COHFACE_s21_session2_natural,3,197,36.56666666666667,1.3426697254180908,0.06851961742924154
COHFACE_s21_session2_natural,3,198,36.6,0.7575869560241699,0.0084113778057524
COHFACE_s21_session2_natural,3,199,36.63333333333333,0.38094785809516907,-0.045195800009941965
COHFACE_s21_session2_natural,3,200,36.666666666666664,0.2760840952396393,-0.09468544736871388
COHFACE_s21_session2_natural,3,201,36.7,0.2367088347673416,-0.148881949165042
COHFACE_s21_session2_natural,3,202,36.733333333333334,0.10155937075614929,-0.2137444878420856
COHFACE_s21_session2_natural,3,203,36.766666666666666,-0.12770815193653107,-0.28570679652860304
COHFACE_s21_session2_natural,3,204,36.8,-0.3938217759132385,-0.35219832577904486
COHFACE_s21_session2_natural,3,205,36.833333333333336,-0.6291490197181702,-0.3976794685738478
COHFACE_s21_session2_natural,3,206,36.86666666666667,-0.8047007918357849,-0.41118357367374786
COHFACE_s21_session2_natural,3,207,36.9,-0.9409286975860596,-0.3900432783825883
COHFACE_s21_session2_natural,3,208,36.93333333333333,-1.0552287101745605,-0.33867953170166115
COHFACE_s21_session2_natural,3,209,36.96666666666667,-1.1726226806640625,-0.2657132059816892
COHFACE_s21_session2_natural,3,210,37.0,-1.2573301792144775,-0.18174348543658295
COHFACE_s21_session2_natural,3,211,37.03333333333333,-1.1183291673660278,-0.0985893284191383
COHFACE_s21_session2_natural,3,212,37.06666666666667,-0.27117687463760376,-0.02846822038746582
COHFACE_s21_session2_natural,3,213,37.1,1.0658233165740967,0.02019282579136595
COHFACE_s21_session2_natural,3,214,37.13333333333333,1.9005866050720215,0.047988797329748055
COHFACE_s21_session2_natural,3,215,37.166666666666664,1.9923808574676514,0.0634179452983734
COHFACE_s21_session2_natural,3,216,37.2,1.7051738500595093,0.07582405428543708
COHFACE_s21_session2_natural,3,217,37.233333333333334,1.2316949367523193,0.09053867779234193
COHFACE_s21_session2_natural,3,218,37.266666666666666,0.6441086530685425,0.11008205307121209
COHFACE_s21_session2_natural,3,219,37.3,0.2351682335138321,0.13995972225852982
COHFACE_s21_session2_natural,3,220,37.333333333333336,0.09538411349058151,0.1929226246955773
COHFACE_s21_session2_natural,3,221,37.36666666666667,0.030678754672408104,0.28261819170420865
COHFACE_s21_session2_natural,3,222,37.4,-0.11589685827493668,0.40860570942261515
COHFACE_s21_session2_natural,3,223,37.43333333333333,-0.33552277088165283,0.545434337705341
COHFACE_s21_session2_natural,3,224,37.46666666666667,-0.5899406671524048,0.6449357647975256
COHFACE_s21_session2_natural,3,225,37.5,-0.8199912905693054,0.6548796263261669
COHFACE_s21_session2_natural,3,226,37.53333333333333,-0.9944646954536438,0.5449570998156378
COHFACE_s21_session2_natural,3,227,37.56666666666667,-1.1253646612167358,0.3209297944323499
COHFACE_s21_session2_natural,3,228,37.6,-1.2354921102523804,0.020354549997434954
COHFACE_s21_session2_natural,3,229,37.63333333333333,-1.354080080986023,-0.3026724519304432
COHFACE_s21_session2_natural,3,230,37.666666666666664,-1.4668523073196411,-0.5945403265239626
COHFACE_s21_session2_natural,3,231,37.7,-1.4321887493133545,-0.8122262150170042
COHFACE_s21_session2_natural,3,232,37.733333333333334,-0.8522925972938538,-0.9260117389725224
COHFACE_s21_session2_natural,3,233,37.766666666666666,0.3651438355445862,-0.922234782901996
COHFACE_s21_session2_natural,3,234,37.8,1.368397831916809,-0.8075116076191998
COHFACE_s21_session2_natural,3,235,37.833333333333336,1.6378494501113892,-0.6092829191249257
COHFACE_s21_session2_natural,3,236,37.86666666666667,1.4140381813049316,-0.3701174386243572
COHFACE_s21_session2_natural,3,237,37.9,0.9396092891693115,-0.13661034180023612
COHFACE_s21_session2_natural,3,238,37.93333333333333,0.36382147669792175,0.054411387513559555
COHFACE_s21_session2_natural,3,239,37.96666666666667,0.010265755467116833,0.18813393334504563
COHFACE_s21_session2_natural,3,240,38.0,-0.06528802216053009,0.27599953259366594
COHFACE_s21_session2_natural,3,241,38.03333333333333,-0.0709369033575058,0.3448160322280202
COHFACE_s21_session2_natural,3,242,38.06666666666667,-0.16664691269397736,0.4170348899452674
COHFACE_s21_session2_natural,3,243,38.1,-0.36393406987190247,0.5004118447473982
COHFACE_s21_session2_natural,3,244,38.13333333333333,-0.6062453389167786,0.5910984986884827
COHFACE_s21_session2_natural,3,245,38.166666666666664,-0.8174236416816711,0.6792368305951757
COHFACE_s21_session2_natural,3,246,38.2,-0.9761314988136292,0.7511592527017286
COHFACE_s21_session2_natural,3,247,38.233333333333334,-1.10361647605896,0.7889999419396702
COHFACE_s21_session2_natural,3,248,38.266666666666666,-1.2137824296951294,0.7714892569916403
COHFACE_s21_session2_natural,3,249,38.3,-1.3263107538223267,0.6814385883807715
COHFACE_s21_session2_natural,3,250,38.333333333333336,-1.3966264724731445,0.5174885546710464
COHFACE_s21_session2_natural,3,251,38.36666666666667,-1.2747904062271118,0.3001818572942062
COHFACE_s21_session2_natural,3,252,38.4,-0.5509248375892639,0.06716169736496838
COHFACE_s21_session2_natural,3,253,38.43333333333333,0.6293317079544067,-0.14155439903831893
COHFACE_s21_session2_natural,3,254,38.46666666666667,1.4203290939331055,-0.3005410629408415
COHFACE_s21_session2_natural,3,255,38.5,1.5248076915740967,-0.4055565181386991
COHFACE_s21_session2_natural,3,256,38.53333333333333,1.2081621885299683,-0.4678484939026372
COHFACE_s21_session2_natural,3,257,38.56666666666667,0.6439674496650696,-0.5052712682802731
COHFACE_s21_session2_natural,3,258,38.6,0.11758164316415787,-0.535770898692941
COHFACE_s21_session2_natural,3,259,38.63333333333333,-0.06486435234546661,-0.5738701774422899
COHFACE_s21_session2_natural,3,260,38.666666666666664,-0.02170177362859249,-0.6294100764330527
COHFACE_s21_session2_natural,3,261,38.7,-0.01021143700927496,-0.7068498659714234
COHFACE_s21_session2_natural,3,262,38.733333333333334,-0.11711650341749191,-0.8037924185498725
COHFACE_s21_session2_natural,3,263,38.766666666666666,-0.30998724699020386,-0.9082361105688328
COHFACE_s21_session2_natural,3,264,38.8,-0.5196505784988403,-0.9970138305398406
COHFACE_s21_session2_natural,3,265,38.833333333333336,-0.6995032429695129,-1.0401694161166375
COHFACE_s21_session2_natural,3,266,38.86666666666667,-0.8363602161407471,-1.010052330607909
COHFACE_s21_session2_natural,3,267,38.9,-0.9555644392967224,-0.8881415752352714
COHFACE_s21_session2_natural,3,268,38.93333333333333,-1.0815216302871704,-0.6664564341054819
COHFACE_s21_session2_natural,3,269,38.96666666666667,-1.152954339981079,-0.3449775383441122
COHFACE_s21_session2_natural,3,270,39.0,-0.9676966667175293,0.0699833794978276
COHFACE_s21_session2_natural,3,271,39.03333333333333,-0.09567642956972122,0.5595105092736254
COHFACE_s21_session2_natural,3,272,39.06666666666667,1.1676315069198608,1.0809204595722746
COHFACE_s21_session2_natural,3,273,39.1,1.9176616668701172,1.5640395048152238
COHFACE_s21_session2_natural,3,274,39.13333333333333,1.9819304943084717,1.9219121336761784
COHFACE_s21_session2_natural,3,275,39.166666666666664,1.6892671585083008,2.0755133953251295
COHFACE_s21_session2_natural,3,276,39.2,1.1779022216796875,1.9822698534251115
COHFACE_s21_session2_natural,3,277,39.233333333333334,0.6339150071144104,1.6505840190558274
COHFACE_s21_session2_natural,3,278,39.266666666666666,0.35057228803634644,1.1353182476054313
COHFACE_s21_session2_natural,3,279,39.3,0.3029932975769043,0.5228883724245486
COHFACE_s21_session2_natural,3,280,39.333333333333336,0.26915138959884644,-0.08786436385610542
COHFACE_s21_session2_natural,3,281,39.36666666666667,0.12699216604232788,-0.6066477387054034
COHFACE_s21_session2_natural,3,282,39.4,-0.09509870409965515,-0.9698721077692024
COHFACE_s21_session2_natural,3,283,39.43333333333333,-0.3363444209098816,-1.149549204855729
COHFACE_s21_session2_natural,3,284,39.46666666666667,-0.5435171127319336,-1.1512496513109607
COHFACE_s21_session2_natural,3,285,39.5,-0.6953949928283691,-1.0043398853316385
COHFACE_s21_session2_natural,3,286,39.53333333333333,-0.8159472346305847,-0.7507809803251084
COHFACE_s21_session2_natural,3,287,39.56666666666667,-0.9459484815597534,-0.44026330069768776
COHFACE_s21_session2_natural,3,288,39.6,-1.036869764328003,-0.1302000495844411
COHFACE_s21_session2_natural,3,289,39.63333333333333,-0.8584293723106384,0.11944368651810033
COHFACE_s21_session2_natural,3,290,39.666666666666664,0.0413987897336483,0.25951896037343175
COHFACE_s21_session2_natural,3,291,39.7,1.309931993484497,0.26807617378593496
COHFACE_s21_session2_natural,3,292,39.733333333333334,2.0445687770843506,0.16114910195772364
COHFACE_s21_session2_natural,3,293,39.766666666666666,2.10784912109375,-0.012062623866465953
COHFACE_s21_session2_natural,3,294,39.8,1.8365103006362915,-0.18832078532731822
COHFACE_s21_session2_natural,3,295,39.833333333333336,1.3516180515289307,-0.311386837076188
COHFACE_s21_session2_natural,3,296,39.86666666666667,0.7762154340744019,-0.3465830212407423
COHFACE_s21_session2_natural,3,297,39.9,0.4328276813030243,-0.2862236547648076
COHFACE_s21_session2_natural,3,298,39.93333333333333,0.35815975069999695,-0.14683808446994823
COHFACE_s21_session2_natural,3,299,39.96666666666667,0.3119544982910156,0.037884013176990985
COHFACE_s21_session2_natural,4,0,40.0,0.15694406628608704,-0.047177882971802254
COHFACE_s21_session2_natural,4,1,40.03333333333333,-0.07604657113552094,0.8427684220539825
COHFACE_s21_session2_natural,4,2,40.06666666666667,-0.3133637309074402,1.5937904254246653
COHFACE_s21_session2_natural,4,3,40.1,-0.5227702856063843,2.089547448589562
COHFACE_s21_session2_natural,4,4,40.13333333333333,-0.69330233335495,2.268506550419241
COHFACE_s21_session2_natural,4,5,40.166666666666664,-0.8322519063949585,2.130963455295049
COHFACE_s21_session2_natural,4,6,40.2,-0.9670804142951965,1.7224625335820367
COHFACE_s21_session2_natural,4,7,40.233333333333334,-1.071944236755371,1.116393080683451
COHFACE_s21_session2_natural,4,8,40.266666666666666,-1.011051893234253,0.4046489621115522
COHFACE_s21_session2_natural,4,9,40.3,-0.373331755399704,-0.3107246844707204
COHFACE_s21_session2_natural,4,10,40.333333333333336,0.8191469311714172,-0.9290402258916366
COHFACE_s21_session2_natural,4,11,40.36666666666667,1.6851203441619873,-1.3651138786639814
COHFACE_s21_session2_natural,4,12,40.4,1.844521403312683,-1.56336759817029
COHFACE_s21_session2_natural,4,13,40.43333333333333,1.5879595279693604,-1.5072990563726358
COHFACE_s21_session2_natural,4,14,40.46666666666667,1.0974698066711426,-1.2203100550429846
COHFACE_s21_session2_natural,4,15,40.5,0.5060834288597107,-0.7553617360860992
COHFACE_s21_session2_natural,4,16,40.53333333333333,0.15028096735477448,-0.17985791291477587
COHFACE_s21_session2_natural,4,17,40.56666666666667,0.09467800706624985,0.4305142547299231
COHFACE_s21_session2_natural,4,18,40.6,0.0878479927778244,0.9904089599762744
COHFACE_s21_session2_natural,4,19,40.63333333333333,-0.030149416998028755,1.4117656349175067
COHFACE_s21_session2_natural,4,20,40.666666666666664,-0.2452177107334137,1.6232305717488238
COHFACE_s21_session2_natural,4,21,40.7,-0.4832923412322998,1.5928567250474879
COHFACE_s21_session2_natural,4,22,40.733333333333334,-0.692660391330719,1.34164072202565
COHFACE_s21_session2_natural,4,23,40.766666666666666,-0.8648742437362671,0.9352228258209611
COHFACE_s21_session2_natural,4,24,40.8,-1.0044015645980835,0.45759047924701957
COHFACE_s21_session2_natural,4,25,40.833333333333336,-1.1258012056350708,-0.01371278369454336
COHFACE_s21_session2_natural,4,26,40.86666666666667,-1.2220889329910278,-0.4206619684237854
COHFACE_s21_session2_natural,4,27,40.9,-1.228212833404541,-0.7273437225336072
COHFACE_s21_session2_natural,4,28,40.93333333333333,-0.8185918927192688,-0.91670743463205
COHFACE_s21_session2_natural,4,29,40.96666666666667,0.23414115607738495,-0.987897242961861
COHFACE_s21_session2_natural,4,30,41.0,1.2449954748153687,-0.9556155716542396
COHFACE_s21_session2_natural,4,31,41.03333333333333,1.5957781076431274,-0.8476876272297439
COHFACE_s21_session2_natural,4,32,41.06666666666667,1.4049614667892456,-0.6985073663066138
COHFACE_s21_session2_natural,4,33,41.1,0.9113007187843323,-0.5384530504357857
COHFACE_s21_session2_natural,4,34,41.13333333333333,0.32104405760765076,-0.38410236792383506
COHFACE_s21_session2_natural,4,35,41.166666666666664,0.008725151419639587,-0.2377393161797177
COHFACE_s21_session2_natural,4,36,41.2,0.023258179426193237,-0.09586412580942258
COHFACE_s21_session2_natural,4,37,41.233333333333334,0.08811759948730469,0.04226581836640746
COHFACE_s21_session2_natural,4,38,41.266666666666666,0.01993304304778576,0.1712673520199948
COHFACE_s21_session2_natural,4,39,41.3,-0.16146020591259003,0.28159900540837085
COHFACE_s21_session2_natural,4,40,41.333333333333336,-0.35626956820487976,0.3642484951483582
COHFACE_s21_session2_natural,4,41,41.36666666666667,-0.5240669846534729,0.41352050546125807
COHFACE_s21_session2_natural,4,42,41.4,-0.6694357991218567,0.4268613875097641
COHFACE_s21_session2_natural,4,43,41.43333333333333,-0.803917646408081,0.40442333703411665
COHFACE_s21_session2_natural,4,44,41.46666666666667,-0.9431112408638,0.3497424486553831
COHFACE_s21_session2_natural,4,45,41.5,-1.0389496088027954,0.2711398056330654
COHFACE_s21_session2_natural,4,46,41.53333333333333,-0.9568482637405396,0.18175846917886176
COHFACE_s21_session2_natural,4,47,41.56666666666667,-0.3067263066768646,0.0950708332515036
COHFACE_s21_session2_natural,4,48,41.6,0.8536050915718079,0.017840041774790955
COHFACE_s21_session2_natural,4,49,41.63333333333333,1.6997560262680054,-0.05276251557564498
COHFACE_s21_session2_natural,4,50,41.666666666666664,1.8593112230300903,-0.12554552871429983
COHFACE_s21_session2_natural,4,51,41.7,1.5768415927886963,-0.20785042217124453
COHFACE_s21_session2_natural,4,52,41.733333333333334,1.0367828607559204,-0.2981707865347329
COHFACE_s21_session2_natural,4,53,41.766666666666666,0.46493643522262573,-0.3830820643789979
COHFACE_s21_session2_natural,4,54,41.8,0.2135612666606903,-0.4404519428503676
COHFACE_s21_session2_natural,4,55,41.833333333333336,0.22678478062152863,-0.44814298317200224
COHFACE_s21_session2_natural,4,56,41.86666666666667,0.22978895902633667,-0.3943606809237421
COHFACE_s21_session2_natural,4,57,41.9,0.10845357179641724,-0.28357359850758973
COHFACE_s21_session2_natural,4,58,41.93333333333333,-0.0999002531170845,-0.13585657433846687
COHFACE_s21_session2_natural,4,59,41.96666666666667,-0.32196545600891113,0.01816563529911179
COHFACE_s21_session2_natural,4,60,42.0,-0.5024343729019165,0.14478266830236988
COHFACE_s21_session2_natural,4,61,42.03333333333333,-0.6525148153305054,0.21567898222470944
COHFACE_s21_session2_natural,4,62,42.06666666666667,-0.7829911112785339,0.21583607726869858
COHFACE_s21_session2_natural,4,63,42.1,-0.8918604850769043,0.14916297626153904
COHFACE_s21_session2_natural,4,64,42.13333333333333,-0.9559624195098877,0.03947298649221245
COHFACE_s21_session2_natural,4,65,42.166666666666664,-0.7103516459465027,-0.07576095624757792
COHFACE_s21_session2_natural,4,66,42.2,0.30222299695014954,-0.1574370245872272
COHFACE_s21_session2_natural,4,67,42.233333333333334,1.5554784536361694,-0.17736759531454624
COHFACE_s21_session2_natural,4,68,42.266666666666666,2.160691976547241,-0.1263637037998813
COHFACE_s21_session2_natural,4,69,42.3,2.121021270751953,-0.014213326880513893
COHFACE_s21_session2_natural,4,70,42.333333333333336,1.7933862209320068,0.13720660481372746
COHFACE_s21_session2_natural,4,71,42.36666666666667,1.2542904615402222,0.3019569861959489
COHFACE_s21_session2_natural,4,72,42.4,0.6676157116889954,0.455492471266549
COHFACE_s21_session2_natural,4,73,42.43333333333333,0.35446232557296753,0.5766785262507137
COHFACE_s21_session2_natural,4,74,42.46666666666667,0.2933773696422577,0.6479287558413649
COHFACE_s21_session2_natural,4,75,42.5,0.23435941338539124,0.6568466356121242
COHFACE_s21_session2_natural,4,76,42.53333333333333,0.054635144770145416,0.5993736013026919
COHFACE_s21_session2_natural,4,77,42.56666666666667,-0.20742155611515045,0.48099847306137306
COHFACE_s21_session2_natural,4,78,42.6,-0.4644199311733246,0.3151543614711479
COHFACE_s21_session2_natural,4,79,42.63333333333333,-0.6683188676834106,0.1207334833318899
COHFACE_s21_session2_natural,4,80,42.666666666666664,-0.8237144351005554,-0.07988519168602948
COHFACE_s21_session2_natural,4,81,42.7,-0.9467830061912537,-0.2617858436098185
COHFACE_s21_session2_natural,4,82,42.733333333333334,-1.0787485837936401,-0.3995156076345346
COHFACE_s21_session2_natural,4,83,42.766666666666666,-1.175318717956543,-0.47406968845971675
COHFACE_s21_session2_natural,4,84,42.8,-1.0506967306137085,-0.4825909271400775
COHFACE_s21_session2_natural,4,85,42.833333333333336,-0.23250772058963776,-0.44270908122169617
COHFACE_s21_session2_natural,4,86,42.86666666666667,1.0736804008483887,-0.3867324647151206
COHFACE_s21_session2_natural,4,87,42.9,1.9143493175506592,-0.3455608611715775
COHFACE_s21_session2_natural,4,88,42.93333333333333,2.0493061542510986,-0.33065998747246045
COHFACE_s21_session2_natural,4,89,42.96666666666667,1.8077523708343506,-0.32896817056695155
COHFACE_s21_session2_natural,4,90,43.0,1.3324247598648071,-0.31349184846434497
COHFACE_s21_session2_natural,4,91,43.03333333333333,0.7189691662788391,-0.2595770859678513
COHFACE_s21_session2_natural,4,92,43.06666666666667,0.3063826262950897,-0.15818429846662513
COHFACE_s21_session2_natural,4,93,43.1,0.1946118324995041,-0.020866188799192824
COHFACE_s21_session2_natural,4,94,43.13333333333333,0.15423518419265747,0.12380068873125553
COHFACE_s21_session2_natural,4,95,43.166666666666664,0.011164440773427486,0.23771977484109644
COHFACE_s21_session2_natural,4,96,43.2,-0.22732102870941162,0.2825261744064517
COHFACE_s21_session2_natural,4,97,43.233333333333334,-0.49609220027923584,0.23117415903171928
COHFACE_s21_session2_natural,4,98,43.266666666666666,-0.7415617108345032,0.08001369012159637
COHFACE_s21_session2_natural,4,99,43.3,-0.9339574575424194,-0.14291002121819313
COHFACE_s21_session2_natural,4,100,43.333333333333336,-1.079647183418274,-0.3787735625538203
COHFACE_s21_session2_natural,4,101,43.36666666666667,-1.2136284112930298,-0.5533609682343723
COHFACE_s21_session2_natural,4,102,43.4,-1.3463386297225952,-0.6032011164584994
COHFACE_s21_session2_natural,4,103,43.43333333333333,-1.4281574487686157,-0.5002357254294645
COHFACE_s21_session2_natural,4,104,43.46666666666667,-1.234169840812683,-0.2631231317434918
COHFACE_s21_session2_natural,4,105,43.5,-0.3202579617500305,0.05369179030887246
COHFACE_s21_session2_natural,4,106,43.53333333333333,0.9767635464668274,0.3858665005749252
COHFACE_s21_session2_natural,4,107,43.56666666666667,1.7290403842926025,0.6784425209445228
COHFACE_s21_session2_natural,4,108,43.6,1.7640248537063599,0.8911692875904506
COHFACE_s21_session2_natural,4,109,43.63333333333333,1.4393298625946045,0.9982080227057072
COHFACE_s21_session2_natural,4,110,43.666666666666664,0.9062552452087402,0.9883736453846402
COHFACE_s21_session2_natural,4,111,43.7,0.33315062522888184,0.8678970892023236
COHFACE_s21_session2_natural,4,112,43.733333333333334,0.03694387897849083,0.6625545235395034
COHFACE_s21_session2_natural,4,113,43.766666666666666,0.0054128533229231834,0.4117998060056025
COHFACE_s21_session2_natural,4,114,43.8,-0.013485219329595566,0.15589904979515365
COHFACE_s21_session2_natural,4,115,43.833333333333336,-0.1481596678495407,-0.07461219057861146
COHFACE_s21_session2_natural,4,116,43.86666666666667,-0.3831402659416199,-0.2624559795659537
COHFACE_s21_session2_natural,4,117,43.9,-0.653914213180542,-0.401099803703051
COHFACE_s21_session2_natural,4,118,43.93333333333333,-0.8827837109565735,-0.48969715664512403
COHFACE_s21_session2_natural,4,119,43.96666666666667,-1.0473458766937256,-0.5304813226938463
COHFACE_s21_session2_natural,4,120,44.0,-1.1820331811904907,-0.5293890100680221
COHFACE_s21_session2_natural,4,121,44.03333333333333,-1.3012117147445679,-0.4963542554713215
COHFACE_s21_session2_natural,4,122,44.06666666666667,-1.4166285991668701,-0.44321938359414087
COHFACE_s21_session2_natural,4,123,44.1,-1.4930425882339478,-0.3793803610275032
COHFACE_s21_session2_natural,4,124,44.13333333333333,-1.3762263059616089,-0.307900670979941
COHFACE_s21_session2_natural,4,125,44.166666666666664,-0.6244630217552185,-0.22675151858135187
COHFACE_s21_session2_natural,4,126,44.2,0.6166602373123169,-0.1348302944489165
COHFACE_s21_session2_natural,4,127,44.233333333333334,1.4463396072387695,-0.03744346593673031
COHFACE_s21_session2_natural,4,128,44.266666666666666,1.5568265914916992,0.05301687700245296
COHFACE_s21_session2_natural,4,129,44.3,1.234750509262085,0.12330207052731594
COHFACE_s21_session2_natural,4,130,44.333333333333336,0.6854995489120483,0.16860742716590812
COHFACE_s21_session2_natural,4,131,44.36666666666667,0.17073248326778412,0.19612961118272937
COHFACE_s21_session2_natural,4,132,44.4,-0.03239613026380539,0.2202356059519149
COHFACE_s21_session2_natural,4,133,44.43333333333333,-0.024526214227080345,0.2534604664384257
COHFACE_s21_session2_natural,4,134,44.46666666666667,-0.026285069063305855,0.2982585806969681
COHFACE_s21_session2_natural,4,135,44.5,-0.1348077654838562,0.3439731443073224
COHFACE_s21_session2_natural,4,136,44.53333333333333,-0.32918059825897217,0.3699771635947025
COHFACE_s21_session2_natural,4,137,44.56666666666667,-0.5444671511650085,0.3522783007095444
COHFACE_s21_session2_natural,4,138,44.6,-0.734218180179596,0.2708380464385968
COHFACE_s21_session2_natural,4,139,44.63333333333333,-0.8919118046760559,0.1153969418876917
COHFACE_s21_session2_natural,4,140,44.666666666666664,-1.0273951292037964,-0.11085214650345762
COHFACE_s21_session2_natural,4,141,44.7,-1.1528387069702148,-0.38892916534398986
COHFACE_s21_session2_natural,4,142,44.733333333333334,-1.2647250890731812,-0.6838419804275748
COHFACE_s21_session2_natural,4,143,44.766666666666666,-1.2708746194839478,-0.9487056471876054
COHFACE_s21_session2_natural,4,144,44.8,-0.8186432719230652,-1.133291052854763
COHFACE_s21_session2_natural,4,145,44.833333333333336,0.3411746025085449,-1.1947299544678354
COHFACE_s21_session2_natural,4,146,44.86666666666667,1.446365237236023,-1.1073285249683367
COHFACE_s21_session2_natural,4,147,44.9,1.811128854751587,-0.8681624347428387
COHFACE_s21_session2_natural,4,148,44.93333333333333,1.6099132299423218,-0.4975133490178219
COHFACE_s21_session2_natural,4,149,44.96666666666667,1.1474496126174927,-0.035633404348152736
COHFACE_s21_session2_natural,4,150,45.0,0.5492203235626221,0.46283396436422847
COHFACE_s21_session2_natural,4,151,45.03333333333333,0.11613091081380844,0.9358988386997281
COHFACE_s21_session2_natural,4,152,45.06666666666667,-0.0007752386154606938,1.3220817377448204
COHFACE_s21_session2_natural,4,153,45.1,0.010086017660796642,1.568556071209599
COHFACE_s21_session2_natural,4,154,45.13333333333333,-0.06622522324323654,1.6393057047847384
COHFACE_s21_session2_natural,4,155,45.166666666666664,-0.25619450211524963,1.5230050890639166
COHFACE_s21_session2_natural,4,156,45.2,-0.4985828399658203,1.2380807851843412
COHFACE_s21_session2_natural,4,157,45.233333333333334,-0.7187864780426025,0.8306260535045575
COHFACE_s21_session2_natural,4,158,45.266666666666666,-0.8939916491508484,0.36472609633708847
COHFACE_s21_session2_natural,4,159,45.3,-1.0251611471176147,-0.09112382005763085
COHFACE_s21_session2_natural,4,160,45.333333333333336,-1.147818922996521,-0.4773564167933993
COHFACE_s21_session2_natural,4,161,45.36666666666667,-1.268923282623291,-0.7525299203827013
COHFACE_s21_session2_natural,4,162,45.4,-1.3370563983917236,-0.897138889042004
COHFACE_s21_session2_natural,4,163,45.43333333333333,-1.1624674797058105,-0.9134291452449168
COHFACE_s21_session2_natural,4,164,45.46666666666667,-0.2589547634124756,-0.8215440984768845
COHFACE_s21_session2_natural,4,165,45.5,1.0865058898925781,-0.6511973144454798
COHFACE_s21_session2_natural,4,166,45.53333333333333,1.8878766298294067,-0.4325571544594727
COHFACE_s21_session2_natural,4,167,45.56666666666667,1.9605931043624878,-0.19372049441181585
COHFACE_s21_session2_natural,4,168,45.6,1.6854541301727295,0.035991992622594435
COHFACE_s21_session2_natural,4,169,45.63333333333333,1.2110637426376343,0.2254795437449282
COHFACE_s21_session2_natural,4,170,45.666666666666664,0.620858371257782,0.3476046979923805
COHFACE_s21_session2_natural,4,171,45.7,0.23150929808616638,0.38867659790916026
COHFACE_s21_session2_natural,4,172,45.733333333333334,0.11375581473112106,0.35551952970163475
COHFACE_s21_session2_natural,4,173,45.766666666666666,0.059513721615076065,0.2719521509699879
COHFACE_s21_session2_natural,4,174,45.8,-0.09344255924224854,0.16637981865590756
COHFACE_s21_session2_natural,4,175,45.833333333333336,-0.3501713275909424,0.061694562716555365
COHFACE_s21_session2_natural,4,176,45.86666666666667,-0.6212405562400818,-0.027621627616615144
COHFACE_s21_session2_natural,4,177,45.9,-0.8474525809288025,-0.09371195754655323
COHFACE_s21_session2_natural,4,178,45.93333333333333,-0.9998567700386047,-0.1331887875767089
COHFACE_s21_session2_natural,4,179,45.96666666666667,-1.102525234222412,-0.14937650520400203
COHFACE_s21_session2_natural,4,180,46.0,-1.1997501850128174,-0.15672766083900777
COHFACE_s21_session2_natural,4,181,46.03333333333333,-1.3100316524505615,-0.17881706501782085
COHFACE_s21_session2_natural,4,182,46.06666666666667,-1.381130576133728,-0.2384202662587981
COHFACE_s21_session2_natural,4,183,46.1,-1.1730592250823975,-0.34587814908842257
COHFACE_s21_session2_natural,4,184,46.13333333333333,-0.2081790268421173,-0.4921487426142958
COHFACE_s21_session2_natural,4,185,46.166666666666664,1.0892661809921265,-0.6516165922109715
COHFACE_s21_session2_natural,4,186,46.2,1.7699177265167236,-0.7926101591129329
COHFACE_s21_session2_natural,4,187,46.233333333333334,1.7711502313613892,-0.8870010926959202
COHFACE_s21_session2_natural,4,188,46.266666666666666,1.4611679315567017,-0.9139210374310559
COHFACE_s21_session2_natural,4,189,46.3,0.953474760055542,-0.8574690557738104
COHFACE_s21_session2_natural,4,190,46.333333333333336,0.37712201476097107,-0.7026739754723625
COHFACE_s21_session2_natural,4,191,46.36666666666667,0.017134280875325203,-0.4370991581491252
COHFACE_s21_session2_natural,4,192,46.4,-0.09459801018238068,-0.060004382726706385
COHFACE_s21_session2_natural,4,193,46.43333333333333,-0.16520901024341583,0.4052028120516883
COHFACE_s21_session2_natural,4,194,46.46666666666667,-0.3247513771057129,0.9040919163481083
COHFACE_s21_session2_natural,4,195,46.5,-0.5536594390869141,1.3610942208637813
COHFACE_s21_session2_natural,4,196,46.53333333333333,-0.8024412393569946,1.7027494916654704
COHFACE_s21_session2_natural,4,197,46.56666666666667,-1.0143256187438965,1.8769984063331475
COHFACE_s21_session2_natural,4,198,46.6,-1.1712874174118042,1.8605348952589804
COHFACE_s21_session2_natural,4,199,46.63333333333333,-1.3020975589752197,1.657265228751967
COHFACE_s21_session2_natural,4,200,46.666666666666664,-1.4131879806518555,1.2934094310844042
COHFACE_s21_session2_natural,4,201,46.7,-1.5209275484085083,0.8155265928198874
COHFACE_s21_session2_natural,4,202,46.733333333333334,-1.593387246131897,0.28922210261339437
COHFACE_s21_session2_natural,4,203,46.766666666666666,-1.420801043510437,-0.21139922836276218
COHFACE_s21_session2_natural,4,204,46.8,-0.557934582233429,-0.6229927390155856
COHFACE_s21_session2_natural,4,205,46.833333333333336,0.6819047927856445,-0.9096064448014699
COHFACE_s21_session2_natural,4,206,46.86666666666667,1.3965909481048584,-1.0679729763213786
COHFACE_s21_session2_natural,4,207,46.9,1.4166572093963623,-1.1174571659808972
COHFACE_s21_session2_natural,4,208,46.93333333333333,1.0859923362731934,-1.081618507893735
COHFACE_s21_session2_natural,4,209,46.96666666666667,0.5612241625785828,-0.9775429033406926
COHFACE_s21_session2_natural,4,210,47.0,0.03234774246811867,-0.8174378867702758
COHFACE_s21_session2_natural,4,211,47.03333333333333,-0.2200416773557663,-0.6143817411349136
COHFACE_s21_session2_natural,4,212,47.06666666666667,-0.24431902170181274,-0.3860602384706326
COHFACE_s21_session2_natural,4,213,47.1,-0.26599016785621643,-0.15399519405891085
COHFACE_s21_session2_natural,4,214,47.13333333333333,-0.39540088176727295,0.05989958557286398
COHFACE_s21_session2_natural,4,215,47.166666666666664,-0.6107901334762573,0.2338754226510572
COHFACE_s21_session2_natural,4,216,47.2,-0.8228799104690552,0.34528554424745794
COHFACE_s21_session2_natural,4,217,47.233333333333334,-0.9922436475753784,0.37556952061033805
COHFACE_s21_session2_natural,4,218,47.266666666666666,-1.1247227191925049,0.3207860928216628
COHFACE_s21_session2_natural,4,219,47.3,-1.2216652631759644,0.19894240015999365
COHFACE_s21_session2_natural,4,220,47.333333333333336,-1.3103526830673218,0.04809683272278803
COHFACE_s21_session2_natural,4,221,47.36666666666667,-1.4027760028839111,-0.08644393322529605
COHFACE_s21_session2_natural,4,222,47.4,-1.4001442193984985,-0.17000430269303268
COHFACE_s21_session2_natural,4,223,47.43333333333333,-0.9937713742256165,-0.1894512365002265
COHFACE_s21_session2_natural,4,224,47.46666666666667,0.07165881246328354,-0.15246303216994744
COHFACE_s21_session2_natural,4,225,47.5,1.127524495124817,-0.07885693007854193
COHFACE_s21_session2_natural,4,226,47.53333333333333,1.5154998302459717,0.009732445826260398
COHFACE_s21_session2_natural,4,227,47.56666666666667,1.3489220142364502,0.09457729870449157
COHFACE_s21_session2_natural,4,228,47.6,0.8879990577697754,0.15866566081499353
COHFACE_s21_session2_natural,4,229,47.63333333333333,0.30228719115257263,0.18607689631847563
COHFACE_s21_session2_natural,4,230,47.666666666666664,-0.05989591032266617,0.16524350361897333
COHFACE_s21_session2_natural,4,231,47.7,-0.09498316049575806,0.09520178919717733
COHFACE_s21_session2_natural,4,232,47.733333333333334,-0.053784847259521484,-0.00947356495563204
COHFACE_s21_session2_natural,4,233,47.766666666666666,-0.12018486857414246,-0.1216508477952241
COHFACE_s21_session2_natural,4,234,47.8,-0.29302778840065,-0.2119175956172776
COHFACE_s21_session2_natural,4,235,47.833333333333336,-0.5170058608055115,-0.2583722526224565
COHFACE_s21_session2_natural,4,236,47.86666666666667,-0.7148194313049316,-0.2512444856194578
COHFACE_s21_session2_natural,4,237,47.9,-0.8658627867698669,-0.1918172135979869
COHFACE_s21_session2_natural,4,238,47.93333333333333,-0.9892522692680359,-0.08860466828935104
COHFACE_s21_session2_natural,4,239,47.96666666666667,-1.1196001768112183,0.04369661265433219
COHFACE_s21_session2_natural,4,240,48.0,-1.231910228729248,0.1826193181629477
COHFACE_s21_session2_natural,4,241,48.03333333333333,-1.180505394935608,0.29939498403429843
COHFACE_s21_session2_natural,4,242,48.06666666666667,-0.5554182529449463,0.36634116584349014
COHFACE_s21_session2_natural,4,243,48.1,0.7114458680152893,0.3691754351648227
COHFACE_s21_session2_natural,4,244,48.13333333333333,1.7203744649887085,0.31715064231497203
COHFACE_s21_session2_natural,4,245,48.166666666666664,1.9816608428955078,0.23952434495804015
COHFACE_s21_session2_natural,4,246,48.2,1.766451358795166,0.1693653523819346
COHFACE_s21_session2_natural,4,247,48.233333333333334,1.3324761390686035,0.12803990254562236
COHFACE_s21_session2_natural,4,248,48.266666666666666,0.7850867509841919,0.11833084284807764
COHFACE_s21_session2_natural,4,249,48.3,0.3956221044063568,0.12691019384142213
COHFACE_s21_session2_natural,4,250,48.333333333333336,0.28385129570961,0.1329472691394654
COHFACE_s21_session2_natural,4,251,48.36666666666667,0.2738630473613739,0.11663661068811565
COHFACE_s21_session2_natural,4,252,48.4,0.1828262209892273,0.06513721333613119
COHFACE_s21_session2_natural,4,253,48.43333333333333,-0.019159777089953423,-0.02248974960348929
COHFACE_s21_session2_natural,4,254,48.46666666666667,-0.26358941197395325,-0.13250064569572922
COHFACE_s21_session2_natural,4,255,48.5,-0.47470346093177795,-0.23961860514393438
COHFACE_s21_session2_natural,4,256,48.53333333333333,-0.6412684321403503,-0.3159837414868011
COHFACE_s21_session2_natural,4,257,48.56666666666667,-0.7722454071044922,-0.34175762790081887
COHFACE_s21_session2_natural,4,258,48.6,-0.9053022265434265,-0.31317005946991483
COHFACE_s21_session2_natural,4,259,48.63333333333333,-1.026265263557434,-0.2445848770992138
COHFACE_s21_session2_natural,4,260,48.666666666666664,-0.9732171893119812,-0.162929080441496
COHFACE_s21_session2_natural,4,261,48.7,-0.26726117730140686,-0.09504285889644654
COHFACE_s21_session2_natural,4,262,48.733333333333334,1.0714592933654785,-0.054413096616628756
COHFACE_s21_session2_natural,4,263,48.766666666666666,2.087757110595703,-0.03816237252142354
COHFACE_s21_session2_natural,4,264,48.8,2.392706871032715,-0.03481138573553313
COHFACE_s21_session2_natural,4,265,48.833333333333336,2.2855448722839355,-0.03295552308925085
COHFACE_s21_session2_natural,4,266,48.86666666666667,1.959463357925415,-0.025051624476515717
COHFACE_s21_session2_natural,4,267,48.9,1.469499945640564,-0.006044801859363132
COHFACE_s21_session2_natural,4,268,48.93333333333333,1.1147117614746094,0.02939794064303062
COHFACE_s21_session2_natural,4,269,48.96666666666667,0.9859044551849365,0.08442324906261567
COHFACE_s21_session2_natural,4,270,49.0,0.8817981481552124,0.15324385102438026
COHFACE_s21_session2_natural,4,271,49.03333333333333,0.6590011715888977,0.21844000091875496
COHFACE_s21_session2_natural,4,272,49.06666666666667,0.30928412079811096,0.2556066381906048
COHFACE_s21_session2_natural,4,273,49.1,-0.07595670223236084,0.24266009949839637
COHFACE_s21_session2_natural,4,274,49.13333333333333,-0.3968387842178345,0.1691739394866244
COHFACE_s21_session2_natural,4,275,49.166666666666664,-0.6477004289627075,0.04023688146019216
COHFACE_s21_session2_natural,4,276,49.2,-0.8585448861122131,-0.12597965090693636
COHFACE_s21_session2_natural,4,277,49.233333333333334,-1.0418639183044434,-0.3029931428142587
COHFACE_s21_session2_natural,4,278,49.266666666666666,-1.1514136791229248,-0.4605471152934419
COHFACE_s21_session2_natural,4,279,49.3,-1.0545097589492798,-0.5683412961047775
COHFACE_s21_session2_natural,4,280,49.333333333333336,-0.3090885579586029,-0.5998430024232838
COHFACE_s21_session2_natural,4,281,49.36666666666667,0.9315724968910217,-0.5380640474241113
COHFACE_s21_session2_natural,4,282,49.4,1.7688778638839722,-0.38245685284663944
COHFACE_s21_session2_natural,4,283,49.43333333333333,1.936161756515503,-0.15334967366569716
COHFACE_s21_session2_natural,4,284,49.46666666666667,1.7366021871566772,0.11002015885250728
COHFACE_s21_session2_natural,4,285,49.5,1.315285563468933,0.3611000697470423
COHFACE_s21_session2_natural,4,286,49.53333333333333,0.7669204473495483,0.5618597140872359
COHFACE_s21_session2_natural,4,287,49.56666666666667,0.43547239899635315,0.6900926214555098
COHFACE_s21_session2_natural,4,288,49.6,0.39450517296791077,0.736181808587725
COHFACE_s21_session2_natural,4,289,49.63333333333333,0.3803572952747345,0.698425120508573
COHFACE_s21_session2_natural,4,290,49.666666666666664,0.25522175431251526,0.5821046267126648
COHFACE_s21_session2_natural,4,291,49.7,0.04374821111559868,0.40210802429437836
COHFACE_s21_session2_natural,4,292,49.733333333333334,-0.18275906145572662,0.1856058961858443
COHFACE_s21_session2_natural,4,293,49.766666666666666,-0.3958502411842346,-0.030995342738488602
COHFACE_s21_session2_natural,4,294,49.8,-0.5796185731887817,-0.2111909694720275
COHFACE_s21_session2_natural,4,295,49.833333333333336,-0.7344235777854919,-0.3283045398826909
COHFACE_s21_session2_natural,4,296,49.86666666666667,-0.8936834931373596,-0.37172740034445517
COHFACE_s21_session2_natural,4,297,49.9,-1.0285120010375977,-0.3468187915825836
COHFACE_s21_session2_natural,4,298,49.93333333333333,-0.9937585592269897,-0.26978144653472813
COHFACE_s21_session2_natural,4,299,49.96666666666667,-0.3947718143463135,-0.1623728522856226
