recording_id,measurement_id,sample_index,time_seconds,gt_signal,predicted_signal
UBFC_PHYS_s06_T2_test,0,0,0.0,-0.11320965284070586,-0.00352784214096441
UBFC_PHYS_s06_T2_test,0,1,0.03333333333333333,-0.1261932588451975,-0.016568239784300734
UBFC_PHYS_s06_T2_test,0,2,0.06666666666666667,-0.1517386461176812,-0.02190504126698417
UBFC_PHYS_s06_T2_test,0,3,0.1,-0.19415462907234607,-0.018407874040698186
UBFC_PHYS_s06_T2_test,0,4,0.13333333333333333,-0.2493235502139835,-0.0020967337724704382
UBFC_PHYS_s06_T2_test,0,5,0.16666666666666666,-0.30545973922699815,0.03368381953709207
UBFC_PHYS_s06_T2_test,0,6,0.2,-0.34384455660270963,0.08681918940621453
UBFC_PHYS_s06_T2_test,0,7,0.23333333333333334,-0.340549100577426,0.14618283629780604
UBFC_PHYS_s06_T2_test,0,8,0.26666666666666666,-0.2740250538855521,0.19732018687813818
UBFC_PHYS_s06_T2_test,0,9,0.3,-0.1372716636718087,0.22238928423146373
UBFC_PHYS_s06_T2_test,0,10,0.3333333333333333,0.053371899907278385,0.24116023018385388
UBFC_PHYS_s06_T2_test,0,11,0.36666666666666664,0.2586949143075266,0.31021919939235776
UBFC_PHYS_s06_T2_test,0,12,0.4,0.4275314412442529,0.4307680141609172
UBFC_PHYS_s06_T2_test,0,13,0.43333333333333335,0.5162332195467378,0.5480580334965126
UBFC_PHYS_s06_T2_test,0,14,0.4666666666666667,0.5078076814263809,0.6307938439386206
UBFC_PHYS_s06_T2_test,0,15,0.5,0.41734036573180683,0.6711728436579847
UBFC_PHYS_s06_T2_test,0,16,0.5333333333333333,0.28023546898642143,0.6649461834682299
UBFC_PHYS_s06_T2_test,0,17,0.5666666666666667,0.13407639499302593,0.6112480163474686
UBFC_PHYS_s06_T2_test,0,18,0.6,0.005778591834148722,0.5027449944049351
UBFC_PHYS_s06_T2_test,0,19,0.6333333333333333,-0.09271406694539074,0.3262461176639375
UBFC_PHYS_s06_T2_test,0,20,0.6666666666666666,-0.16185713642479266,0.09523038482412385
UBFC_PHYS_s06_T2_test,0,21,0.7,-0.208156691281965,-0.14924802302779702
UBFC_PHYS_s06_T2_test,0,22,0.7333333333333333,-0.2375465685832342,-0.38034382413933904
UBFC_PHYS_s06_T2_test,0,23,0.7666666666666667,-0.2512221754195515,-0.5844029564892133
UBFC_PHYS_s06_T2_test,0,24,0.8,-0.24655823071190566,-0.7376456630873518
UBFC_PHYS_s06_T2_test,0,25,0.8333333333333334,-0.22262289993457307,-0.805344697835088
UBFC_PHYS_s06_T2_test,0,26,0.8666666666666667,-0.18386844615456088,-0.7725218850706104
UBFC_PHYS_s06_T2_test,0,27,0.9,-0.13820053754068568,-0.643848410781434
UBFC_PHYS_s06_T2_test,0,28,0.9333333333333333,-0.09349752443066182,-0.4256929389310456
UBFC_PHYS_s06_T2_test,0,29,0.9666666666666667,-0.055602947033501784,-0.12681443007660828
UBFC_PHYS_s06_T2_test,0,30,1.0,-0.026416986933668146,0.1998071811734398
UBFC_PHYS_s06_T2_test,0,31,1.0333333333333334,-0.003229107635685541,0.45640139571394944
UBFC_PHYS_s06_T2_test,0,32,1.0666666666666667,0.01829497531133973,0.605595310051918
UBFC_PHYS_s06_T2_test,0,33,1.1,0.03985206611001124,0.6696993234292444
UBFC_PHYS_s06_T2_test,0,34,1.1333333333333333,0.05881976841602698,0.6623820655653553
UBFC_PHYS_s06_T2_test,0,35,1.1666666666666667,0.06985635810818648,0.5878689160585271
UBFC_PHYS_s06_T2_test,0,36,1.2,0.06880134292800538,0.4643214192697005
UBFC_PHYS_s06_T2_test,0,37,1.2333333333333334,0.05695965155544006,0.3239043987444354
UBFC_PHYS_s06_T2_test,0,38,1.2666666666666666,0.04256870624301627,0.18295680959648625
UBFC_PHYS_s06_T2_test,0,39,1.3,0.03718173906515984,0.042587095807877916
UBFC_PHYS_s06_T2_test,0,40,1.3333333333333333,0.04852040171415688,-0.08917454164254612
UBFC_PHYS_s06_T2_test,0,41,1.3666666666666667,0.07502761889583433,-0.19654167816918744
UBFC_PHYS_s06_T2_test,0,42,1.4,0.10660035313705106,-0.26698406707816175
UBFC_PHYS_s06_T2_test,0,43,1.4333333333333333,0.13093215582306306,-0.2907639602151631
UBFC_PHYS_s06_T2_test,0,44,1.4666666666666666,0.14029094727142952,-0.27681349194939786
UBFC_PHYS_s06_T2_test,0,45,1.5,0.13377233628866408,-0.2522614156821492
UBFC_PHYS_s06_T2_test,0,46,1.5333333333333334,0.11505837160929056,-0.23884165403322805
UBFC_PHYS_s06_T2_test,0,47,1.5666666666666667,0.08924259462288431,-0.25241190430928245
UBFC_PHYS_s06_T2_test,0,48,1.6,0.060170246535329173,-0.2957059857356523
UBFC_PHYS_s06_T2_test,0,49,1.6333333333333333,0.027834335772641605,-0.3581444085780463
UBFC_PHYS_s06_T2_test,0,50,1.6666666666666667,-0.012204083407422659,-0.4240561539310973
UBFC_PHYS_s06_T2_test,0,51,1.7,-0.06496086066990367,-0.47268883437417636
UBFC_PHYS_s06_T2_test,0,52,1.7333333333333334,-0.12958327389559163,-0.48351458367829947
UBFC_PHYS_s06_T2_test,0,53,1.7666666666666666,-0.1953814818931011,-0.43649841978806886
UBFC_PHYS_s06_T2_test,0,54,1.8,-0.2446336857542588,-0.3345276749464133
UBFC_PHYS_s06_T2_test,0,55,1.8333333333333333,-0.2617984846056628,-0.20370836803554454
UBFC_PHYS_s06_T2_test,0,56,1.8666666666666667,-0.2425678780486134,-0.06137695636188012
UBFC_PHYS_s06_T2_test,0,57,1.9,-0.1956889701917685,0.08340582157252158
UBFC_PHYS_s06_T2_test,0,58,1.9333333333333333,-0.1372344577624779,0.21649351332407396
UBFC_PHYS_s06_T2_test,0,59,1.9666666666666666,-0.08258767872102704,0.31796017887999584
UBFC_PHYS_s06_T2_test,0,60,2.0,-0.04108486041630296,0.3828831636662281
UBFC_PHYS_s06_T2_test,0,61,2.033333333333333,-0.015615615940275683,0.4206918043667852
UBFC_PHYS_s06_T2_test,0,62,2.066666666666667,-0.006279867757368506,0.43482818512609933
UBFC_PHYS_s06_T2_test,0,63,2.1,-0.013218109759157805,0.42231421545615927
UBFC_PHYS_s06_T2_test,0,64,2.1333333333333333,-0.035199086364140826,0.3919842920144794
UBFC_PHYS_s06_T2_test,0,65,2.1666666666666665,-0.06779710794892668,0.36426492341706274
UBFC_PHYS_s06_T2_test,0,66,2.2,-0.10496950964284699,0.33840162648189803
UBFC_PHYS_s06_T2_test,0,67,2.2333333333333334,-0.14050750157601335,0.2926332835517558
UBFC_PHYS_s06_T2_test,0,68,2.2666666666666666,-0.166265217345669,0.21056987108253358
UBFC_PHYS_s06_T2_test,0,69,2.3,-0.17046131996982203,0.08195633676649672
UBFC_PHYS_s06_T2_test,0,70,2.3333333333333335,-0.13923140143922252,-0.07205917015505267
UBFC_PHYS_s06_T2_test,0,71,2.3666666666666667,-0.06155654605864863,-0.1986408055609874
UBFC_PHYS_s06_T2_test,0,72,2.4,0.06411210123742198,-0.266150675937415
UBFC_PHYS_s06_T2_test,0,73,2.433333333333333,0.22718642442724166,-0.26417488036350856
UBFC_PHYS_s06_T2_test,0,74,2.466666666666667,0.4102163340253838,-0.20758487324607763
UBFC_PHYS_s06_T2_test,0,75,2.5,0.5963479007822369,-0.1361409719276687
UBFC_PHYS_s06_T2_test,0,76,2.533333333333333,0.7713060654684619,-0.07974598221464006
UBFC_PHYS_s06_T2_test,0,77,2.566666666666667,0.9211953720858159,-0.05811170080592898
UBFC_PHYS_s06_T2_test,0,78,2.6,1.0316276841017635,-0.06874280945362739
UBFC_PHYS_s06_T2_test,0,79,2.6333333333333333,1.0890919506798653,-0.08717951577592582
UBFC_PHYS_s06_T2_test,0,80,2.6666666666666665,1.0817224678375237,-0.10075446609707059
UBFC_PHYS_s06_T2_test,0,81,2.7,0.9985314311140152,-0.10884161791131557
UBFC_PHYS_s06_T2_test,0,82,2.7333333333333334,0.8298732936053306,-0.1093946541984922
UBFC_PHYS_s06_T2_test,0,83,2.7666666666666666,0.5708174572411878,-0.09896421855758672
UBFC_PHYS_s06_T2_test,0,84,2.8,0.22504511314813475,-0.07659914270303862
UBFC_PHYS_s06_T2_test,0,85,2.8333333333333335,-0.19212410562182533,-0.04396432452397018
UBFC_PHYS_s06_T2_test,0,86,2.8666666666666667,-0.6517721703521205,-0.0006030716171521876
UBFC_PHYS_s06_T2_test,0,87,2.9,-1.1139279450443804,0.05580172309159847
UBFC_PHYS_s06_T2_test,0,88,2.933333333333333,-1.533723549768938,0.12555957235829818
UBFC_PHYS_s06_T2_test,0,89,2.966666666666667,-1.863472580422179,0.20654799521085412
UBFC_PHYS_s06_T2_test,0,90,3.0,-2.0526412792583435,0.2794727160687644
UBFC_PHYS_s06_T2_test,0,91,3.033333333333333,-2.057443400643961,0.3078358434413411
UBFC_PHYS_s06_T2_test,0,92,3.066666666666667,-1.858324767560634,0.2806758236665128
UBFC_PHYS_s06_T2_test,0,93,3.1,-1.4707801192751417,0.21267716374578832
UBFC_PHYS_s06_T2_test,0,94,3.1333333333333333,-0.9440650078219511,0.11863884629622842
UBFC_PHYS_s06_T2_test,0,95,3.1666666666666665,-0.35127834245908074,0.013536635021183473
UBFC_PHYS_s06_T2_test,0,96,3.2,0.22702542293130545,-0.09282538985881397
UBFC_PHYS_s06_T2_test,0,97,3.2333333333333334,0.72141042799864,-0.195339603884417
UBFC_PHYS_s06_T2_test,0,98,3.2666666666666666,1.0850945072892817,-0.2821610733303301
UBFC_PHYS_s06_T2_test,0,99,3.3,1.2944830204186208,-0.33430796956410413
UBFC_PHYS_s06_T2_test,0,100,3.3333333333333335,1.3467717524984282,-0.3435010937434535
UBFC_PHYS_s06_T2_test,0,101,3.3666666666666667,1.2612160206256688,-0.3120220819704811
UBFC_PHYS_s06_T2_test,0,102,3.4,1.0771274337834609,-0.25101326587452244
UBFC_PHYS_s06_T2_test,0,103,3.433333333333333,0.8412485801022099,-0.1803757450641726
UBFC_PHYS_s06_T2_test,0,104,3.466666666666667,0.5916434962611214,-0.11246261386707533
UBFC_PHYS_s06_T2_test,0,105,3.5,0.3499142051144311,-0.05222232680400676
UBFC_PHYS_s06_T2_test,0,106,3.533333333333333,0.12401906715746018,0.000702662679553722
UBFC_PHYS_s06_T2_test,0,107,3.566666666666667,-0.08373852811157786,0.0515429697002862
UBFC_PHYS_s06_T2_test,0,108,3.6,-0.27166520118260395,0.10143143547016445
UBFC_PHYS_s06_T2_test,0,109,3.6333333333333333,-0.44082742463809277,0.14701981977848042
UBFC_PHYS_s06_T2_test,0,110,3.6666666666666665,-0.5960345470906677,0.1800313266810038
UBFC_PHYS_s06_T2_test,0,111,3.7,-0.7382671128275861,0.1871933646927172
UBFC_PHYS_s06_T2_test,0,112,3.7333333333333334,-0.8595077505967735,0.17732850183928645
UBFC_PHYS_s06_T2_test,0,113,3.7666666666666666,-0.948897398571827,0.1810798284417776
UBFC_PHYS_s06_T2_test,0,114,3.8,-0.9961807302856047,0.2055314572746184
UBFC_PHYS_s06_T2_test,0,115,3.8333333333333335,-0.9841471419081501,0.2340201216162953
UBFC_PHYS_s06_T2_test,0,116,3.8666666666666667,-0.8860928428717759,0.26844812419078307
UBFC_PHYS_s06_T2_test,0,117,3.9,-0.6759556107998463,0.3290795631029228
UBFC_PHYS_s06_T2_test,0,118,3.933333333333333,-0.3381959762470873,0.41356708355196453
UBFC_PHYS_s06_T2_test,0,119,3.966666666666667,0.12850316773898074,0.49665236229524845
UBFC_PHYS_s06_T2_test,0,120,4.0,0.7070570561869283,0.548818484541818
UBFC_PHYS_s06_T2_test,0,121,4.033333333333333,1.3523923751798173,0.5366221556784443
UBFC_PHYS_s06_T2_test,0,122,4.066666666666666,1.9755834285930658,0.4504446070087753
UBFC_PHYS_s06_T2_test,0,123,4.1,2.441067540429684,0.30493892313193754
UBFC_PHYS_s06_T2_test,0,124,4.133333333333334,2.6126685741569085,0.11995971594980606
UBFC_PHYS_s06_T2_test,0,125,4.166666666666667,2.4317576022507117,-0.07888410395260151
UBFC_PHYS_s06_T2_test,0,126,4.2,1.946828769600076,-0.2768223880381414
UBFC_PHYS_s06_T2_test,0,127,4.233333333333333,1.2858522511997914,-0.4688508046668515
UBFC_PHYS_s06_T2_test,0,128,4.266666666666667,0.6127517822369741,-0.6507313288933916
UBFC_PHYS_s06_T2_test,0,129,4.3,0.05426707898551114,-0.8176814854143788
UBFC_PHYS_s06_T2_test,0,130,4.333333333333333,-0.3567978108235166,-0.9523169566955358
UBFC_PHYS_s06_T2_test,0,131,4.366666666666666,-0.6600193347592906,-1.0239232370483726
UBFC_PHYS_s06_T2_test,0,132,4.4,-0.9153228640469088,-1.0085333362841524
UBFC_PHYS_s06_T2_test,0,133,4.433333333333334,-1.1702555476130296,-0.8891007610436524
UBFC_PHYS_s06_T2_test,0,134,4.466666666666667,-1.4379005621732375,-0.669773762188919
UBFC_PHYS_s06_T2_test,0,135,4.5,-1.6823046891011293,-0.37665651657995597
UBFC_PHYS_s06_T2_test,0,136,4.533333333333333,-1.834019463724037,-0.0523845110798255
UBFC_PHYS_s06_T2_test,0,137,4.566666666666666,-1.8399950787309103,0.24295216651215157
UBFC_PHYS_s06_T2_test,0,138,4.6,-1.702458085023681,0.4637470174109055
UBFC_PHYS_s06_T2_test,0,139,4.633333333333334,-1.466553645378143,0.5780028313486966
UBFC_PHYS_s06_T2_test,0,140,4.666666666666667,-1.1820191329075138,0.5746884319044078
UBFC_PHYS_s06_T2_test,0,141,4.7,-0.8841620145372984,0.4631520018904739
UBFC_PHYS_s06_T2_test,0,142,4.733333333333333,-0.594174553069419,0.2776987848256379
UBFC_PHYS_s06_T2_test,0,143,4.766666666666667,-0.31985654591943924,0.07730911312630323
UBFC_PHYS_s06_T2_test,0,144,4.8,-0.05993371663900955,-0.08200792199181507
UBFC_PHYS_s06_T2_test,0,145,4.833333333333333,0.18570395167321646,-0.14748641542896004
UBFC_PHYS_s06_T2_test,0,146,4.866666666666666,0.4130975811284777,-0.12189167259714263
UBFC_PHYS_s06_T2_test,0,147,4.9,0.6207838865771038,-0.06306258080823886
UBFC_PHYS_s06_T2_test,0,148,4.933333333333334,0.8110708277179468,-0.01085618337835888
UBFC_PHYS_s06_T2_test,0,149,4.966666666666667,0.9808304636261775,0.013494352874429398
UBFC_PHYS_s06_T2_test,0,150,5.0,1.1157856929084475,0.029745016547468826
UBFC_PHYS_s06_T2_test,0,151,5.033333333333333,1.1990833446347176,0.09782241284609
UBFC_PHYS_s06_T2_test,0,152,5.066666666666666,1.2233489921221714,0.22310586625311962
UBFC_PHYS_s06_T2_test,0,153,5.1,1.191767542404743,0.3557225274697315
UBFC_PHYS_s06_T2_test,0,154,5.133333333333334,1.1115092246158573,0.4473464241497761
UBFC_PHYS_s06_T2_test,0,155,5.166666666666667,0.9890036253604869,0.45159365991315165
UBFC_PHYS_s06_T2_test,0,156,5.2,0.8289759478568424,0.3687374429785812
UBFC_PHYS_s06_T2_test,0,157,5.233333333333333,0.6349417226259694,0.2456399524666523
UBFC_PHYS_s06_T2_test,0,158,5.266666666666667,0.40802302264313595,0.105050024440916
UBFC_PHYS_s06_T2_test,0,159,5.3,0.14428359139883687,-0.054182834567437235
UBFC_PHYS_s06_T2_test,0,160,5.333333333333333,-0.1628630182741655,-0.19731494106634165
UBFC_PHYS_s06_T2_test,0,161,5.366666666666666,-0.5131929658044809,-0.25356462244561784
UBFC_PHYS_s06_T2_test,0,162,5.4,-0.8916609242870956,-0.20328050674767772
UBFC_PHYS_s06_T2_test,0,163,5.433333333333334,-1.2657998678964515,-0.07808582911290834
UBFC_PHYS_s06_T2_test,0,164,5.466666666666667,-1.5839274873539662,0.0918036494558521
UBFC_PHYS_s06_T2_test,0,165,5.5,-1.777033097566052,0.2775850013205674
UBFC_PHYS_s06_T2_test,0,166,5.533333333333333,-1.7736472896388071,0.44811695210291613
UBFC_PHYS_s06_T2_test,0,167,5.566666666666666,-1.5269080722024866,0.5695287936004739
UBFC_PHYS_s06_T2_test,0,168,5.6,-1.0432472281701612,0.6151856527509034
UBFC_PHYS_s06_T2_test,0,169,5.633333333333334,-0.39509378356545843,0.5656368543848634
UBFC_PHYS_s06_T2_test,0,170,5.666666666666667,0.30267405970952327,0.41710012965432686
UBFC_PHYS_s06_T2_test,0,171,5.7,0.9424431181718516,0.18198039181240586
UBFC_PHYS_s06_T2_test,0,172,5.733333333333333,1.4549470744351471,-0.11385820633559747
UBFC_PHYS_s06_T2_test,0,173,5.766666666666667,1.8004169097633373,-0.43009989282049294
UBFC_PHYS_s06_T2_test,0,174,5.8,1.947082232599685,-0.7312442631979554
UBFC_PHYS_s06_T2_test,0,175,5.833333333333333,1.8668366176932643,-0.9853188631745805
UBFC_PHYS_s06_T2_test,0,176,5.866666666666666,1.5476563146065927,-1.1711573333838312
UBFC_PHYS_s06_T2_test,0,177,5.9,1.0090876005131295,-1.2771590410956524
UBFC_PHYS_s06_T2_test,0,178,5.933333333333334,0.31315444692439803,-1.2862277825111115
UBFC_PHYS_s06_T2_test,0,179,5.966666666666667,-0.43726253072319937,-1.1754929143626585
UBFC_PHYS_s06_T2_test,0,180,6.0,-1.1231135095593325,-0.9339080436892025
UBFC_PHYS_s06_T2_test,0,181,6.033333333333333,-1.6455146282610076,-0.5633675282752962
UBFC_PHYS_s06_T2_test,0,182,6.066666666666666,-1.9418847391798206,-0.09270913279992668
UBFC_PHYS_s06_T2_test,0,183,6.1,-1.9801402965370867,0.4204459451930307
UBFC_PHYS_s06_T2_test,0,184,6.133333333333334,-1.7596495920842208,0.8927212687296837
UBFC_PHYS_s06_T2_test,0,185,6.166666666666667,-1.3210952848457325,1.213692445104069
UBFC_PHYS_s06_T2_test,0,186,6.2,-0.7458921281233414,1.3449803859038638
UBFC_PHYS_s06_T2_test,0,187,6.233333333333333,-0.1424589863073025,1.3190470825551066
UBFC_PHYS_s06_T2_test,0,188,6.266666666666667,0.3784955626783465,1.1856495787832546
UBFC_PHYS_s06_T2_test,0,189,6.3,0.7401564374043794,1.0105979441598714
UBFC_PHYS_s06_T2_test,0,190,6.333333333333333,0.9270180207582365,0.8300434412839033
UBFC_PHYS_s06_T2_test,0,191,6.366666666666666,0.9767781958530387,0.6507163393809697
UBFC_PHYS_s06_T2_test,0,192,6.4,0.9440389903391522,0.4687351782562584
UBFC_PHYS_s06_T2_test,0,193,6.433333333333334,0.8699380845539704,0.2710466574000059
UBFC_PHYS_s06_T2_test,0,194,6.466666666666667,0.7771809581969258,0.05137511177131914
UBFC_PHYS_s06_T2_test,0,195,6.5,0.6791979291114725,-0.18812482191991464
UBFC_PHYS_s06_T2_test,0,196,6.533333333333333,0.5843099944197698,-0.43398888429283916
UBFC_PHYS_s06_T2_test,0,197,6.566666666666666,0.4933662006376343,-0.6600562229948039
UBFC_PHYS_s06_T2_test,0,198,6.6,0.4001175525810991,-0.846750247991876
UBFC_PHYS_s06_T2_test,0,199,6.633333333333334,0.2957892975313819,-0.9799700932920796
UBFC_PHYS_s06_T2_test,0,200,6.666666666666667,0.1742953263394228,-1.051186196668435
UBFC_PHYS_s06_T2_test,0,201,6.7,0.037310860386497904,-1.056692848584107
UBFC_PHYS_s06_T2_test,0,202,6.733333333333333,-0.10449616532035796,-0.9932048228198036
UBFC_PHYS_s06_T2_test,0,203,6.766666666666667,-0.23878827344878234,-0.8578927006397044
UBFC_PHYS_s06_T2_test,0,204,6.8,-0.3608503914206158,-0.6537043086392093
UBFC_PHYS_s06_T2_test,0,205,6.833333333333333,-0.47272506781356094,-0.39024870782763527
UBFC_PHYS_s06_T2_test,0,206,6.866666666666666,-0.5737217357172971,-0.07980237285585999
UBFC_PHYS_s06_T2_test,0,207,6.9,-0.6552229600412345,0.2611418256843911
UBFC_PHYS_s06_T2_test,0,208,6.933333333333334,-0.7038102246725588,0.6104735518409269
UBFC_PHYS_s06_T2_test,0,209,6.966666666666667,-0.704927469814416,0.9386350178289409
UBFC_PHYS_s06_T2_test,0,210,7.0,-0.6436383700423073,1.198859065729738
UBFC_PHYS_s06_T2_test,0,211,7.033333333333333,-0.5076542986228798,1.3261389743226497
UBFC_PHYS_s06_T2_test,0,212,7.066666666666666,-0.2938999279322301,1.2893234169037224
UBFC_PHYS_s06_T2_test,0,213,7.1,-0.013756527754719729,1.0910785986565317
UBFC_PHYS_s06_T2_test,0,214,7.133333333333334,0.3049293894570181,0.7566828227242842
UBFC_PHYS_s06_T2_test,0,215,7.166666666666667,0.619266957268658,0.3346994762676016
UBFC_PHYS_s06_T2_test,0,216,7.2,0.8788743188395827,-0.1299966912172308
UBFC_PHYS_s06_T2_test,0,217,7.233333333333333,1.0393840809310313,-0.5945068306691158
UBFC_PHYS_s06_T2_test,0,218,7.266666666666667,1.0750407061850544,-1.013907931445875
UBFC_PHYS_s06_T2_test,0,219,7.3,0.9830615116163343,-1.339241172048384
UBFC_PHYS_s06_T2_test,0,220,7.333333333333333,0.7792299608432652,-1.5365312651745116
UBFC_PHYS_s06_T2_test,0,221,7.366666666666666,0.49045327090207225,-1.5854666886187112
UBFC_PHYS_s06_T2_test,0,222,7.4,0.1502864742783597,-1.4703831550027266
UBFC_PHYS_s06_T2_test,0,223,7.433333333333334,-0.20166119579161906,-1.1804094715819209
UBFC_PHYS_s06_T2_test,0,224,7.466666666666667,-0.5207101931340589,-0.7364047580705121
UBFC_PHYS_s06_T2_test,0,225,7.5,-0.7621948831731435,-0.1924908859188506
UBFC_PHYS_s06_T2_test,0,226,7.533333333333333,-0.8909667562300679,0.36962947747945746
UBFC_PHYS_s06_T2_test,0,227,7.566666666666666,-0.8936861856978136,0.8390704675665122
UBFC_PHYS_s06_T2_test,0,228,7.6,-0.7875434282971777,1.1579152737081753
UBFC_PHYS_s06_T2_test,0,229,7.633333333333334,-0.615300226284242,1.3194691188422363
UBFC_PHYS_s06_T2_test,0,230,7.666666666666667,-0.4253861442381289,1.3456483325696156
UBFC_PHYS_s06_T2_test,0,231,7.7,-0.2510251673021976,1.285156903149075
UBFC_PHYS_s06_T2_test,0,232,7.733333333333333,-0.1039513920321645,1.1703671884552749
UBFC_PHYS_s06_T2_test,0,233,7.766666666666667,0.0163013544131769,1.0168111264022026
UBFC_PHYS_s06_T2_test,0,234,7.8,0.10993370086770618,0.8341833571590758
UBFC_PHYS_s06_T2_test,0,235,7.833333333333333,0.1725023644619273,0.627180060798099
UBFC_PHYS_s06_T2_test,0,236,7.866666666666666,0.19845748392773024,0.4084145332500935
UBFC_PHYS_s06_T2_test,0,237,7.9,0.18587667762541732,0.19957949196380598
UBFC_PHYS_s06_T2_test,0,238,7.933333333333334,0.1389900675700075,0.005514545346968325
UBFC_PHYS_s06_T2_test,0,239,7.966666666666667,0.06929225333161904,-0.18437738171810686
UBFC_PHYS_s06_T2_test,0,240,8.0,-0.004355673463064209,-0.36757512579147483
UBFC_PHYS_s06_T2_test,0,241,8.033333333333333,-0.05883224555804888,-0.5270851027317784
UBFC_PHYS_s06_T2_test,0,242,8.066666666666666,-0.0748424710169926,-0.6597877324886794
UBFC_PHYS_s06_T2_test,0,243,8.1,-0.045761324407240685,-0.7753226305128036
UBFC_PHYS_s06_T2_test,0,244,8.133333333333333,0.019996986795092757,-0.8721442632701799
UBFC_PHYS_s06_T2_test,0,245,8.166666666666666,0.1030414535132063,-0.9366912853561069
UBFC_PHYS_s06_T2_test,0,246,8.2,0.1788882789517136,-0.968013706822881
UBFC_PHYS_s06_T2_test,0,247,8.233333333333333,0.22732185086107085,-0.977311935515362
UBFC_PHYS_s06_T2_test,0,248,8.266666666666667,0.2444224675154321,-0.9633095875767907
UBFC_PHYS_s06_T2_test,0,249,8.3,0.24297890612136486,-0.9122224064049905
UBFC_PHYS_s06_T2_test,0,250,8.333333333333334,0.23625937438488653,-0.8074735286648376
UBFC_PHYS_s06_T2_test,0,251,8.366666666666667,0.22593515915446016,-0.6305588285684817
UBFC_PHYS_s06_T2_test,0,252,8.4,0.20792259471967017,-0.3633577189485642
UBFC_PHYS_s06_T2_test,0,253,8.433333333333334,0.18076528101848724,0.010038679070036952
UBFC_PHYS_s06_T2_test,0,254,8.466666666666667,0.14289049920886998,0.4570757921292412
UBFC_PHYS_s06_T2_test,0,255,8.5,0.0885258153139202,0.8949521635068023
UBFC_PHYS_s06_T2_test,0,256,8.533333333333333,0.012072182363798437,1.2507388674430449
UBFC_PHYS_s06_T2_test,0,257,8.566666666666666,-0.08561977376870297,1.460300365678109
UBFC_PHYS_s06_T2_test,0,258,8.6,-0.19513165872494279,1.4994883393829213
UBFC_PHYS_s06_T2_test,0,259,8.633333333333333,-0.29970309973445,1.3833052266759331
UBFC_PHYS_s06_T2_test,0,260,8.666666666666666,-0.38244489300042805,1.1393671803253203
UBFC_PHYS_s06_T2_test,0,261,8.7,-0.43678565494107563,0.8079274280580433
UBFC_PHYS_s06_T2_test,0,262,8.733333333333333,-0.46688341589885946,0.4314992940453679
UBFC_PHYS_s06_T2_test,0,263,8.766666666666667,-0.477890859776588,0.056009820632917144
UBFC_PHYS_s06_T2_test,0,264,8.8,-0.47133606472608747,-0.2894343515464492
UBFC_PHYS_s06_T2_test,0,265,8.833333333333334,-0.44696480957229495,-0.5906790805786369
UBFC_PHYS_s06_T2_test,0,266,8.866666666666667,-0.4021385119578156,-0.836579118927215
UBFC_PHYS_s06_T2_test,0,267,8.9,-0.332390064594236,-1.0171397576655399
UBFC_PHYS_s06_T2_test,0,268,8.933333333333334,-0.23595201110287015,-1.116187496306582
UBFC_PHYS_s06_T2_test,0,269,8.966666666666667,-0.11451298191172166,-1.1105237461681563
UBFC_PHYS_s06_T2_test,0,270,9.0,0.030162502786714666,-0.990749383662721
UBFC_PHYS_s06_T2_test,0,271,9.033333333333333,0.197910690911376,-0.7615650985812492
UBFC_PHYS_s06_T2_test,0,272,9.066666666666666,0.3899447572613608,-0.44288960210741407
UBFC_PHYS_s06_T2_test,0,273,9.1,0.605319630385881,-0.07092558411433297
UBFC_PHYS_s06_T2_test,0,274,9.133333333333333,0.8334796549998186,0.2894622355386082
UBFC_PHYS_s06_T2_test,0,275,9.166666666666666,1.0521410528722692,0.543946648988232
UBFC_PHYS_s06_T2_test,0,276,9.2,1.2355087277604575,0.6738590766556929
UBFC_PHYS_s06_T2_test,0,277,9.233333333333333,1.3634741695993104,0.7348983525725965
UBFC_PHYS_s06_T2_test,0,278,9.266666666666667,1.4236626093022862,0.7576780240473375
UBFC_PHYS_s06_T2_test,0,279,9.3,1.4072559308818668,0.7464046272151253
UBFC_PHYS_s06_T2_test,0,280,9.333333333333334,1.3020463560859472,0.6970380008525785
UBFC_PHYS_s06_T2_test,0,281,9.366666666666667,1.0906691688781116,0.5974923301184625
UBFC_PHYS_s06_T2_test,0,282,9.4,0.7619757354422746,0.4493477817444928
UBFC_PHYS_s06_T2_test,0,283,9.433333333333334,0.3254075440889636,0.26852873580566333
UBFC_PHYS_s06_T2_test,0,284,9.466666666666667,-0.19083951822733794,0.07328333732784681
UBFC_PHYS_s06_T2_test,0,285,9.5,-0.75258408373439,-0.11503228706312502
UBFC_PHYS_s06_T2_test,0,286,9.533333333333333,-1.321484519636348,-0.2895879200975696
UBFC_PHYS_s06_T2_test,0,287,9.566666666666666,-1.8481345031915841,-0.456913535223838
UBFC_PHYS_s06_T2_test,0,288,9.6,-2.2733097062834435,-0.6145222271662336
UBFC_PHYS_s06_T2_test,0,289,9.633333333333333,-2.5366974213137943,-0.7497766024116147
UBFC_PHYS_s06_T2_test,0,290,9.666666666666666,-2.5914007066547056,-0.8518778702829151
UBFC_PHYS_s06_T2_test,0,291,9.7,-2.426115702848775,-0.9112130695871372
UBFC_PHYS_s06_T2_test,0,292,9.733333333333333,-2.0734279562147178,-0.9096976623566873
UBFC_PHYS_s06_T2_test,0,293,9.766666666666667,-1.586983765718474,-0.8208904300082086
UBFC_PHYS_s06_T2_test,0,294,9.8,-1.0146245024730136,-0.6395628965771447
UBFC_PHYS_s06_T2_test,0,295,9.833333333333334,-0.3972054204773131,-0.3825178443425946
UBFC_PHYS_s06_T2_test,0,296,9.866666666666667,0.21954490496441656,-0.07711035834831188
UBFC_PHYS_s06_T2_test,0,297,9.9,0.7854338729239465,0.23765913683211107
UBFC_PHYS_s06_T2_test,0,298,9.933333333333334,1.2620130881990748,0.5244393915434453
UBFC_PHYS_s06_T2_test,0,299,9.966666666666667,1.6375998767017528,0.7463091444845592
UBFC_PHYS_s06_T2_test,0,300,10.0,1.9183819836771554,0.8897363723449306
UBFC_PHYS_s06_T2_test,0,301,10.033333333333333,2.0932028900853137,0.9633459774246685
UBFC_PHYS_s06_T2_test,0,302,10.066666666666666,2.1093571286448345,0.9757510133096585
UBFC_PHYS_s06_T2_test,0,303,10.1,1.904343530553962,0.934758778086579
UBFC_PHYS_s06_T2_test,0,304,10.133333333333333,1.4757955368199307,0.8355882402743497
UBFC_PHYS_s06_T2_test,0,305,10.166666666666666,0.9100191879075834,0.6613007486689448
UBFC_PHYS_s06_T2_test,0,306,10.2,0.33360419688602394,0.41229568644811626
UBFC_PHYS_s06_T2_test,0,307,10.233333333333333,-0.15168771077301682,0.10756429737916991
UBFC_PHYS_s06_T2_test,0,308,10.266666666666667,-0.49023837448053764,-0.21964633552422572
UBFC_PHYS_s06_T2_test,0,309,10.3,-0.6623729326997428,-0.5205775940757328
UBFC_PHYS_s06_T2_test,0,310,10.333333333333334,-0.6743241730659822,-0.7567398060962445
UBFC_PHYS_s06_T2_test,0,311,10.366666666666667,-0.5529497720695145,-0.8988269126283382
UBFC_PHYS_s06_T2_test,0,312,10.4,-0.3398639628461274,-0.9214663361508955
UBFC_PHYS_s06_T2_test,0,313,10.433333333333334,-0.08506543556264104,-0.8028914048305923
UBFC_PHYS_s06_T2_test,0,314,10.466666666666667,0.15486840111433595,-0.5476479138933028
UBFC_PHYS_s06_T2_test,0,315,10.5,0.31583905427700787,-0.18727340647302865
UBFC_PHYS_s06_T2_test,0,316,10.533333333333333,0.3402050091158719,0.20937695097637601
UBFC_PHYS_s06_T2_test,0,317,10.566666666666666,0.20932888402473065,0.5355688335462823
UBFC_PHYS_s06_T2_test,0,318,10.6,-0.03867525406701723,0.7411236581043641
UBFC_PHYS_s06_T2_test,0,319,10.633333333333333,-0.33133348459825673,0.8315619213366294
UBFC_PHYS_s06_T2_test,0,320,10.666666666666666,-0.6008046502590839,0.8191963520158061
UBFC_PHYS_s06_T2_test,0,321,10.7,-0.8032692267081614,0.7221626607883
UBFC_PHYS_s06_T2_test,0,322,10.733333333333333,-0.9158283109085849,0.5494111162223273
UBFC_PHYS_s06_T2_test,0,323,10.766666666666667,-0.9272523822077023,0.30117488235545853
UBFC_PHYS_s06_T2_test,0,324,10.8,-0.832472746591392,-0.002119275361743521
UBFC_PHYS_s06_T2_test,0,325,10.833333333333334,-0.6366289859418665,-0.31863572296939485
UBFC_PHYS_s06_T2_test,0,326,10.866666666666667,-0.36485925896259064,-0.6210567337484614
UBFC_PHYS_s06_T2_test,0,327,10.9,-0.061380180061390344,-0.8950875258552056
UBFC_PHYS_s06_T2_test,0,328,10.933333333333334,0.22651015365960603,-1.1232116260541463
UBFC_PHYS_s06_T2_test,0,329,10.966666666666667,0.4631561642185541,-1.2832342722996657
UBFC_PHYS_s06_T2_test,0,330,11.0,0.6261921454097409,-1.3421795893488169
UBFC_PHYS_s06_T2_test,0,331,11.033333333333333,0.7028202753542613,-1.2561155481314223
UBFC_PHYS_s06_T2_test,0,332,11.066666666666666,0.6921331522820713,-0.9897047284600377
UBFC_PHYS_s06_T2_test,0,333,11.1,0.6098139141259062,-0.5178787606994814
UBFC_PHYS_s06_T2_test,0,334,11.133333333333333,0.4839936692260268,0.08092168964545873
UBFC_PHYS_s06_T2_test,0,335,11.166666666666666,0.3431017483523653,0.6235734175829836
UBFC_PHYS_s06_T2_test,0,336,11.2,0.20660620111673056,1.014977440172529
UBFC_PHYS_s06_T2_test,0,337,11.233333333333333,0.08288154479995657,1.246853605287195
UBFC_PHYS_s06_T2_test,0,338,11.266666666666667,-0.029031229348224857,1.318344630538471
UBFC_PHYS_s06_T2_test,0,339,11.3,-0.13396842989577093,1.234327244384621
UBFC_PHYS_s06_T2_test,0,340,11.333333333333334,-0.2320173009696731,1.017519156778843
UBFC_PHYS_s06_T2_test,0,341,11.366666666666667,-0.31437436675212665,0.7083862209633758
UBFC_PHYS_s06_T2_test,0,342,11.4,-0.36810753298719684,0.3538649153709499
UBFC_PHYS_s06_T2_test,0,343,11.433333333333334,-0.3840334346186744,0.008199968363634597
UBFC_PHYS_s06_T2_test,0,344,11.466666666666667,-0.3613522960205827,-0.29278002852236074
UBFC_PHYS_s06_T2_test,0,345,11.5,-0.305933281482432,-0.5302285426855067
UBFC_PHYS_s06_T2_test,0,346,11.533333333333333,-0.22197978487948142,-0.6710037499955761
UBFC_PHYS_s06_T2_test,0,347,11.566666666666666,-0.10725219105719877,-0.666920631457032
UBFC_PHYS_s06_T2_test,0,348,11.6,0.03759140482346823,-0.5075347124840249
UBFC_PHYS_s06_T2_test,0,349,11.633333333333333,0.19535248902613053,-0.22046247947754624
UBFC_PHYS_s06_T2_test,0,350,11.666666666666666,0.331848016794465,0.13211594319375847
UBFC_PHYS_s06_T2_test,0,351,11.7,0.4103577733280138,0.4532066086804776
UBFC_PHYS_s06_T2_test,0,352,11.733333333333333,0.41010894449208024,0.6676690936156081
UBFC_PHYS_s06_T2_test,0,353,11.766666666666667,0.33622010097017485,0.7220996521826156
UBFC_PHYS_s06_T2_test,0,354,11.8,0.2132274437561979,0.609038746429476
UBFC_PHYS_s06_T2_test,0,355,11.833333333333334,0.06948686993504025,0.3668168231418433
UBFC_PHYS_s06_T2_test,0,356,11.866666666666667,-0.07130042920458897,0.04306019076144353
UBFC_PHYS_s06_T2_test,0,357,11.9,-0.19033235446014474,-0.304925548201939
UBFC_PHYS_s06_T2_test,0,358,11.933333333333334,-0.27652995944865877,-0.6283899084381622
UBFC_PHYS_s06_T2_test,0,359,11.966666666666667,-0.33068567999635173,-0.8860331195347233
UBFC_PHYS_s06_T2_test,0,360,12.0,-0.3609276988603813,-1.0386720587884326
UBFC_PHYS_s06_T2_test,0,361,12.033333333333333,-0.3711029329864374,-1.048515338102019
UBFC_PHYS_s06_T2_test,0,362,12.066666666666666,-0.35447277633093643,-0.8962171182786555
UBFC_PHYS_s06_T2_test,0,363,12.1,-0.2992760487357815,-0.5813657243333137
UBFC_PHYS_s06_T2_test,0,364,12.133333333333333,-0.20081224814717535,-0.15028350600862772
UBFC_PHYS_s06_T2_test,0,365,12.166666666666666,-0.0696244019236814,0.3030412822518362
UBFC_PHYS_s06_T2_test,0,366,12.2,0.07210689977776716,0.6829012659876627
UBFC_PHYS_s06_T2_test,0,367,12.233333333333333,0.2038333133223356,0.8913632327479191
UBFC_PHYS_s06_T2_test,0,368,12.266666666666667,0.3150517948764999,0.9099039844535017
UBFC_PHYS_s06_T2_test,0,369,12.3,0.39879822943694637,0.7984334103472024
UBFC_PHYS_s06_T2_test,0,370,12.333333333333334,0.442180229767577,0.5951214085237786
UBFC_PHYS_s06_T2_test,0,371,12.366666666666667,0.4295794095071089,0.3160824112782286
UBFC_PHYS_s06_T2_test,0,372,12.4,0.3528872388538248,-0.008266199587091322
UBFC_PHYS_s06_T2_test,0,373,12.433333333333334,0.21637748425713096,-0.3320916347784886
UBFC_PHYS_s06_T2_test,0,374,12.466666666666667,0.034394572338467835,-0.600027730843349
UBFC_PHYS_s06_T2_test,0,375,12.5,-0.17395184049532925,-0.7464564959801879
UBFC_PHYS_s06_T2_test,0,376,12.533333333333333,-0.38233680214144666,-0.737364005962172
UBFC_PHYS_s06_T2_test,0,377,12.566666666666666,-0.5460435896001226,-0.5702748443889072
UBFC_PHYS_s06_T2_test,0,378,12.6,-0.6102043875686135,-0.26533814409084466
UBFC_PHYS_s06_T2_test,0,379,12.633333333333333,-0.5473452448210642,0.13405491644440345
UBFC_PHYS_s06_T2_test,0,380,12.666666666666666,-0.37980340885273867,0.5339494262859176
UBFC_PHYS_s06_T2_test,0,381,12.7,-0.15687442944982757,0.7896748879137078
UBFC_PHYS_s06_T2_test,0,382,12.733333333333333,0.07946482554213169,0.8503189905016829
UBFC_PHYS_s06_T2_test,0,383,12.766666666666667,0.30468594595848225,0.7583704338117704
UBFC_PHYS_s06_T2_test,0,384,12.8,0.5080536428742612,0.5579277415574592
UBFC_PHYS_s06_T2_test,0,385,12.833333333333334,0.69024283538006,0.29410207749351047
UBFC_PHYS_s06_T2_test,0,386,12.866666666666667,0.8556403574108522,0.008026088530534027
UBFC_PHYS_s06_T2_test,0,387,12.9,0.9992866825691257,-0.2624212016218596
UBFC_PHYS_s06_T2_test,0,388,12.933333333333334,1.1004555371294327,-0.4925102768883862
UBFC_PHYS_s06_T2_test,0,389,12.966666666666667,1.1246027361641375,-0.6694135095984631
UBFC_PHYS_s06_T2_test,0,390,13.0,1.030243246741489,-0.7670655060672313
UBFC_PHYS_s06_T2_test,0,391,13.033333333333333,0.7861580590461468,-0.7456244415676064
UBFC_PHYS_s06_T2_test,0,392,13.066666666666666,0.39497930776394446,-0.5952820223332851
UBFC_PHYS_s06_T2_test,0,393,13.1,-0.09829587376901515,-0.3366798551395721
UBFC_PHYS_s06_T2_test,0,394,13.133333333333333,-0.6216262263425771,0.002988135896249508
UBFC_PHYS_s06_T2_test,0,395,13.166666666666666,-1.1014728215321885,0.3889236286060604
UBFC_PHYS_s06_T2_test,0,396,13.2,-1.4834244859559957,0.7440771467145252
UBFC_PHYS_s06_T2_test,0,397,13.233333333333333,-1.737393773293275,0.9486186100999902
UBFC_PHYS_s06_T2_test,0,398,13.266666666666667,-1.8451928256995591,0.9541631711484583
UBFC_PHYS_s06_T2_test,0,399,13.3,-1.7904194420272104,0.7837155683164923
UBFC_PHYS_s06_T2_test,0,400,13.333333333333334,-1.5710882565447002,0.4821121152776172
UBFC_PHYS_s06_T2_test,0,401,13.366666666666667,-1.218652987403528,0.11596604616904516
UBFC_PHYS_s06_T2_test,0,402,13.4,-0.7925455296231319,-0.25954172957723265
UBFC_PHYS_s06_T2_test,0,403,13.433333333333334,-0.35129118787555974,-0.5996155142103915
UBFC_PHYS_s06_T2_test,0,404,13.466666666666667,0.06892201162630501,-0.8673566542731175
UBFC_PHYS_s06_T2_test,0,405,13.5,0.4460097638133484,-1.0323823665743088
UBFC_PHYS_s06_T2_test,0,406,13.533333333333333,0.7511230513563241,-1.0745442429023069
UBFC_PHYS_s06_T2_test,0,407,13.566666666666666,0.9515219612495402,-0.9833276507553769
UBFC_PHYS_s06_T2_test,0,408,13.6,1.0370433024790793,-0.7538658655140695
UBFC_PHYS_s06_T2_test,0,409,13.633333333333333,1.035106258485176,-0.38774499558469866
UBFC_PHYS_s06_T2_test,0,410,13.666666666666666,0.9981134667087339,0.07503320957142078
UBFC_PHYS_s06_T2_test,0,411,13.7,0.9741790174250569,0.5545616379721876
UBFC_PHYS_s06_T2_test,0,412,13.733333333333333,0.9793480590155126,0.9499299337955758
UBFC_PHYS_s06_T2_test,0,413,13.766666666666667,0.992363298114988,1.1386733721164028
UBFC_PHYS_s06_T2_test,0,414,13.8,0.9769134985075876,1.0892420367950015
UBFC_PHYS_s06_T2_test,0,415,13.833333333333334,0.9084415572751251,0.8605359885066286
UBFC_PHYS_s06_T2_test,0,416,13.866666666666667,0.7837829240567487,0.5131962263296301
UBFC_PHYS_s06_T2_test,0,417,13.9,0.6135252868044744,0.10947889888779737
UBFC_PHYS_s06_T2_test,0,418,13.933333333333334,0.4080289600570406,-0.2829337816855763
UBFC_PHYS_s06_T2_test,0,419,13.966666666666667,0.16976577374206303,-0.5900037759874994
UBFC_PHYS_s06_T2_test,0,420,14.0,-0.10118129611640754,-0.7691766055697804
UBFC_PHYS_s06_T2_test,0,421,14.033333333333333,-0.3936095723082629,-0.8084169675526076
UBFC_PHYS_s06_T2_test,0,422,14.066666666666666,-0.6777548279346821,-0.7026129241725083
UBFC_PHYS_s06_T2_test,0,423,14.1,-0.9159699508461882,-0.45345026254796444
UBFC_PHYS_s06_T2_test,0,424,14.133333333333333,-1.0843561285019188,-0.09450634565486346
UBFC_PHYS_s06_T2_test,0,425,14.166666666666666,-1.1828832495577817,0.3079246906208409
UBFC_PHYS_s06_T2_test,0,426,14.2,-1.2268406053077217,0.6632077089124662
UBFC_PHYS_s06_T2_test,0,427,14.233333333333333,-1.234390266941,0.8560885257991453
UBFC_PHYS_s06_T2_test,0,428,14.266666666666667,-1.219693162271613,0.845357244134415
UBFC_PHYS_s06_T2_test,0,429,14.3,-1.1883907802423717,0.6636503732377528
UBFC_PHYS_s06_T2_test,0,430,14.333333333333334,-1.1368410845351635,0.3596347946799312
UBFC_PHYS_s06_T2_test,0,431,14.366666666666667,-1.0579547175286113,-0.0020925932543584685
UBFC_PHYS_s06_T2_test,0,432,14.4,-0.9448007841840538,-0.3563613271835163
UBFC_PHYS_s06_T2_test,0,433,14.433333333333334,-0.7856942846260192,-0.6367116777269747
UBFC_PHYS_s06_T2_test,0,434,14.466666666666667,-0.5623281124324919,-0.8072905394969881
UBFC_PHYS_s06_T2_test,0,435,14.5,-0.26097856910708245,-0.8618745814383355
UBFC_PHYS_s06_T2_test,0,436,14.533333333333333,0.11491785192727874,-0.7916263644940675
UBFC_PHYS_s06_T2_test,0,437,14.566666666666666,0.5458004967450435,-0.5849588245245109
UBFC_PHYS_s06_T2_test,0,438,14.6,1.0043906001955394,-0.2648220005455877
UBFC_PHYS_s06_T2_test,0,439,14.633333333333333,1.4575407613248221,0.11047437450687568
UBFC_PHYS_s06_T2_test,0,440,14.666666666666666,1.8629109576035034,0.471447223227561
UBFC_PHYS_s06_T2_test,0,441,14.7,2.1699538903551754,0.7367497160992554
UBFC_PHYS_s06_T2_test,0,442,14.733333333333333,2.330546609716655,0.8477778695419665
UBFC_PHYS_s06_T2_test,0,443,14.766666666666667,2.3204535832460977,0.7684574947099417
UBFC_PHYS_s06_T2_test,0,444,14.8,2.15840324909178,0.530347154348825
UBFC_PHYS_s06_T2_test,0,445,14.833333333333334,1.8976942316327994,0.23230193798815937
UBFC_PHYS_s06_T2_test,0,446,14.866666666666667,1.591276805383799,-0.048675934060554545
UBFC_PHYS_s06_T2_test,0,447,14.9,1.263507224901604,-0.2575093216362057
UBFC_PHYS_s06_T2_test,0,448,14.933333333333334,0.9088184816539053,-0.3668357382928934
UBFC_PHYS_s06_T2_test,0,449,14.966666666666667,0.508564772197837,-0.3762833147808382
UBFC_PHYS_s06_T2_test,0,450,15.0,0.05119699237425518,-0.29782946190425347
UBFC_PHYS_s06_T2_test,0,451,15.033333333333333,-0.45584741758427577,-0.155368254146789
UBFC_PHYS_s06_T2_test,0,452,15.066666666666666,-0.9893500138615159,0.02738688164821404
UBFC_PHYS_s06_T2_test,0,453,15.1,-1.520399342287997,0.22658756275645808
UBFC_PHYS_s06_T2_test,0,454,15.133333333333333,-2.014030362405419,0.4060938661720353
UBFC_PHYS_s06_T2_test,0,455,15.166666666666666,-2.4160247318230255,0.5171106999693085
UBFC_PHYS_s06_T2_test,0,456,15.2,-2.650098396394387,0.5352937807725209
UBFC_PHYS_s06_T2_test,0,457,15.233333333333333,-2.6493591892605504,0.4606768025027276
UBFC_PHYS_s06_T2_test,0,458,15.266666666666667,-2.403189915820303,0.29578118348884186
UBFC_PHYS_s06_T2_test,0,459,15.3,-1.9682352206373692,0.04609550943409566
UBFC_PHYS_s06_T2_test,0,460,15.333333333333334,-1.432648703667502,-0.2545442371820008
UBFC_PHYS_s06_T2_test,0,461,15.366666666666667,-0.8769766111245558,-0.5431304594543774
UBFC_PHYS_s06_T2_test,0,462,15.4,-0.35840764407701603,-0.777177362206165
UBFC_PHYS_s06_T2_test,0,463,15.433333333333334,0.09187424437551668,-0.9338786903441211
UBFC_PHYS_s06_T2_test,0,464,15.466666666666667,0.464764883990064,-1.0033106890291157
UBFC_PHYS_s06_T2_test,0,465,15.5,0.7623210059574647,-0.9876113000711533
UBFC_PHYS_s06_T2_test,0,466,15.533333333333333,0.9878804644978707,-0.8762752246965858
UBFC_PHYS_s06_T2_test,0,467,15.566666666666666,1.1404671941979212,-0.6466002006879203
UBFC_PHYS_s06_T2_test,0,468,15.6,1.2103844605014984,-0.30636922439303255
UBFC_PHYS_s06_T2_test,0,469,15.633333333333333,1.1844581530634317,0.1046846262600192
UBFC_PHYS_s06_T2_test,0,470,15.666666666666666,1.0648349936945807,0.5205866241916194
UBFC_PHYS_s06_T2_test,0,471,15.7,0.8781902780745162,0.8480257950133107
UBFC_PHYS_s06_T2_test,0,472,15.733333333333333,0.6589463206551331,1.027232630262583
UBFC_PHYS_s06_T2_test,0,473,15.766666666666667,0.4301069236108402,1.0313051170870418
UBFC_PHYS_s06_T2_test,0,474,15.8,0.20687637088291466,0.8687411305314126
UBFC_PHYS_s06_T2_test,0,475,15.833333333333334,0.009825788135180473,0.5831210798807355
UBFC_PHYS_s06_T2_test,0,476,15.866666666666667,-0.1339220575870615,0.2315456957477218
UBFC_PHYS_s06_T2_test,0,477,15.9,-0.20014176744100415,-0.1149956103786249
UBFC_PHYS_s06_T2_test,0,478,15.933333333333334,-0.18009012596158208,-0.39816906004110536
UBFC_PHYS_s06_T2_test,0,479,15.966666666666667,-0.09045862478582026,-0.5715154840084306
UBFC_PHYS_s06_T2_test,0,480,16.0,0.03009615652182314,-0.60041675069033
UBFC_PHYS_s06_T2_test,0,481,16.033333333333335,0.13817533585072267,-0.46186089472236025
UBFC_PHYS_s06_T2_test,0,482,16.066666666666666,0.2003235955390509,-0.18195378113301308
UBFC_PHYS_s06_T2_test,0,483,16.1,0.19721924450334127,0.1638414210646288
UBFC_PHYS_s06_T2_test,0,484,16.133333333333333,0.1251353718589628,0.4913687402512907
UBFC_PHYS_s06_T2_test,0,485,16.166666666666668,-0.002464217106173207,0.7077381975310836
UBFC_PHYS_s06_T2_test,0,486,16.2,-0.15820471519404064,0.7807453176523339
UBFC_PHYS_s06_T2_test,0,487,16.233333333333334,-0.3094696048515775,0.7382712109957051
UBFC_PHYS_s06_T2_test,0,488,16.266666666666666,-0.4280718560790364,0.6035971918096502
UBFC_PHYS_s06_T2_test,0,489,16.3,-0.4962790091437723,0.3950704315267125
UBFC_PHYS_s06_T2_test,0,490,16.333333333333332,-0.5064717963902973,0.14223304114959312
UBFC_PHYS_s06_T2_test,0,491,16.366666666666667,-0.4568442404910778,-0.11349636683546828
UBFC_PHYS_s06_T2_test,0,492,16.4,-0.3492787243632698,-0.3529512681722584
UBFC_PHYS_s06_T2_test,0,493,16.433333333333334,-0.19219985051993344,-0.5778967701433387
UBFC_PHYS_s06_T2_test,0,494,16.466666666666665,-0.004249234036964335,-0.7706169178519112
UBFC_PHYS_s06_T2_test,0,495,16.5,0.18801684888687267,-0.8927767545844352
UBFC_PHYS_s06_T2_test,0,496,16.533333333333335,0.35876341528067274,-0.9210050501891605
UBFC_PHYS_s06_T2_test,0,497,16.566666666666666,0.4900541578941817,-0.8466640438100841
UBFC_PHYS_s06_T2_test,0,498,16.6,0.572745970226162,-0.6724271776396317
UBFC_PHYS_s06_T2_test,0,499,16.633333333333333,0.604148693159788,-0.4127168709995538
UBFC_PHYS_s06_T2_test,0,500,16.666666666666668,0.5850234283279546,-0.08923267843210995
UBFC_PHYS_s06_T2_test,0,501,16.7,0.517049254182242,0.2678214248737098
UBFC_PHYS_s06_T2_test,0,502,16.733333333333334,0.40419043176428604,0.6072103248816533
UBFC_PHYS_s06_T2_test,0,503,16.766666666666666,0.2572434757635518,0.8555876282360017
UBFC_PHYS_s06_T2_test,0,504,16.8,0.09462577858394405,0.9626234988217102
UBFC_PHYS_s06_T2_test,0,505,16.833333333333332,-0.06263970571329079,0.9006746466998099
UBFC_PHYS_s06_T2_test,0,506,16.866666666666667,-0.19633746827290077,0.6855958800527455
UBFC_PHYS_s06_T2_test,0,507,16.9,-0.294269921125406,0.37672711668075176
UBFC_PHYS_s06_T2_test,0,508,16.933333333333334,-0.3523099186434587,0.02274890654613991
UBFC_PHYS_s06_T2_test,0,509,16.966666666666665,-0.37386157202043585,-0.33750635007956326
UBFC_PHYS_s06_T2_test,0,510,17.0,-0.3661661029128595,-0.6539844075767112
UBFC_PHYS_s06_T2_test,0,511,17.033333333333335,-0.33742750855203796,-0.8642700387547362
UBFC_PHYS_s06_T2_test,0,512,17.066666666666666,-0.2968354399521747,-0.9313635236619248
UBFC_PHYS_s06_T2_test,0,513,17.1,-0.2541378430044151,-0.8432425367381389
UBFC_PHYS_s06_T2_test,0,514,17.133333333333333,-0.21648387425971574,-0.6036018547675219
UBFC_PHYS_s06_T2_test,0,515,17.166666666666668,-0.18534987145506096,-0.23238432174372467
UBFC_PHYS_s06_T2_test,0,516,17.2,-0.15709361836463304,0.2138611030291635
UBFC_PHYS_s06_T2_test,0,517,17.233333333333334,-0.12686649876282213,0.640940449640533
UBFC_PHYS_s06_T2_test,0,518,17.266666666666666,-0.0928069934385182,0.9556491237509805
UBFC_PHYS_s06_T2_test,0,519,17.3,-0.05751622213512319,1.0653889815979833
UBFC_PHYS_s06_T2_test,0,520,17.333333333333332,-0.02564786146367018,0.9620921090842102
UBFC_PHYS_s06_T2_test,0,521,17.366666666666667,0.00010277524865459284,0.7216615103378283
UBFC_PHYS_s06_T2_test,0,522,17.4,0.020675664863735406,0.4001010392282197
UBFC_PHYS_s06_T2_test,0,523,17.433333333333334,0.03937486676999315,0.033622340017631785
UBFC_PHYS_s06_T2_test,0,524,17.466666666666665,0.0597546455230451,-0.3298282073783324
UBFC_PHYS_s06_T2_test,0,525,17.5,0.08364816604182267,-0.6293258840664538
UBFC_PHYS_s06_T2_test,0,526,17.533333333333335,0.1104001776474561,-0.8365113898878475
UBFC_PHYS_s06_T2_test,0,527,17.566666666666666,0.13830744083680135,-0.9542646522464956
UBFC_PHYS_s06_T2_test,0,528,17.6,0.16608593897646468,-0.9797536753131045
UBFC_PHYS_s06_T2_test,0,529,17.633333333333333,0.19254513719076283,-0.903679831875002
UBFC_PHYS_s06_T2_test,0,530,17.666666666666668,0.21676373183077507,-0.7061332576007993
UBFC_PHYS_s06_T2_test,0,531,17.7,0.2397229346682278,-0.35772424589286483
UBFC_PHYS_s06_T2_test,0,532,17.733333333333334,0.26400126641252214,0.10990788919506737
UBFC_PHYS_s06_T2_test,0,533,17.766666666666666,0.28998633812901353,0.6024939928441109
UBFC_PHYS_s06_T2_test,0,534,17.8,0.3121310910323527,1.0155724619075395
UBFC_PHYS_s06_T2_test,0,535,17.833333333333332,0.31921084481103085,1.2339541096725728
UBFC_PHYS_s06_T2_test,0,536,17.866666666666667,0.2990389135049771,1.2178562763085161
UBFC_PHYS_s06_T2_test,0,537,17.9,0.24450528147324965,1.0024738162696476
UBFC_PHYS_s06_T2_test,0,538,17.933333333333334,0.1559662034180758,0.644345176455059
UBFC_PHYS_s06_T2_test,0,539,17.966666666666665,0.038471930750237526,0.2212630554767733
UBFC_PHYS_s06_T2_test,0,540,18.0,-0.10120815670856534,-0.2001187936053781
UBFC_PHYS_s06_T2_test,0,541,18.033333333333335,-0.25431758089955486,-0.5631725133587508
UBFC_PHYS_s06_T2_test,0,542,18.066666666666666,-0.410609672956545,-0.836731977900733
UBFC_PHYS_s06_T2_test,0,543,18.1,-0.5612688692854488,-1.0133850607238124
UBFC_PHYS_s06_T2_test,0,544,18.133333333333333,-0.6976730056946968,-1.075973123800871
UBFC_PHYS_s06_T2_test,0,545,18.166666666666668,-0.8036479298758077,-0.9968163806796654
UBFC_PHYS_s06_T2_test,0,546,18.2,-0.8510978723465229,-0.7615151488372034
UBFC_PHYS_s06_T2_test,0,547,18.233333333333334,-0.8103808074192663,-0.3699313539061221
UBFC_PHYS_s06_T2_test,0,548,18.266666666666666,-0.6731929166675624,0.12259384152461177
UBFC_PHYS_s06_T2_test,0,549,18.3,-0.4661729440097404,0.604027446233312
UBFC_PHYS_s06_T2_test,0,550,18.333333333333332,-0.23331235371820153,0.978710414418003
UBFC_PHYS_s06_T2_test,0,551,18.366666666666667,-0.0016286707444254575,1.1666642200802302
UBFC_PHYS_s06_T2_test,0,552,18.4,0.22854501212160488,1.1523149611130588
UBFC_PHYS_s06_T2_test,0,553,18.433333333333334,0.4590161025889593,0.9836002960299355
UBFC_PHYS_s06_T2_test,0,554,18.466666666666665,0.6707707617639083,0.6986689234753007
UBFC_PHYS_s06_T2_test,0,555,18.5,0.8302625552585662,0.3260014128748867
UBFC_PHYS_s06_T2_test,0,556,18.533333333333335,0.911963720320321,-0.08800745903374617
UBFC_PHYS_s06_T2_test,0,557,18.566666666666666,0.9105301841830297,-0.4776996013190338
UBFC_PHYS_s06_T2_test,0,558,18.6,0.8355588630370244,-0.7959661453286766
UBFC_PHYS_s06_T2_test,0,559,18.633333333333333,0.7005355504295071,-1.0127962639809096
UBFC_PHYS_s06_T2_test,0,560,18.666666666666668,0.5167380307074111,-1.1055485889065861
UBFC_PHYS_s06_T2_test,0,561,18.7,0.2952043909471409,-1.0580373857885894
UBFC_PHYS_s06_T2_test,0,562,18.733333333333334,0.05414919814842099,-0.8553065840801377
UBFC_PHYS_s06_T2_test,0,563,18.766666666666666,-0.1776419802672132,-0.48439475272883714
UBFC_PHYS_s06_T2_test,0,564,18.8,-0.36922880397638524,-0.0001689561881935836
UBFC_PHYS_s06_T2_test,0,565,18.833333333333332,-0.500218604116827,0.473598660692147
UBFC_PHYS_s06_T2_test,0,566,18.866666666666667,-0.5648357365867583,0.8364730020003293
UBFC_PHYS_s06_T2_test,0,567,18.9,-0.5680628491184827,1.0108518774367121
UBFC_PHYS_s06_T2_test,0,568,18.933333333333334,-0.5212559221939952,0.9903209036788747
UBFC_PHYS_s06_T2_test,0,569,18.966666666666665,-0.4386125589408621,0.8385858881762918
UBFC_PHYS_s06_T2_test,0,570,19.0,-0.3336769676362846,0.59108760783583
UBFC_PHYS_s06_T2_test,0,571,19.033333333333335,-0.2166261193355663,0.25506705292721715
UBFC_PHYS_s06_T2_test,0,572,19.066666666666666,-0.0933006630183845,-0.12461151770500489
UBFC_PHYS_s06_T2_test,0,573,19.1,0.03290334655313613,-0.46434447109602034
UBFC_PHYS_s06_T2_test,0,574,19.133333333333333,0.15816172307416734,-0.7172247744973707
UBFC_PHYS_s06_T2_test,0,575,19.166666666666668,0.27881221843723003,-0.8719581916448458
UBFC_PHYS_s06_T2_test,0,576,19.2,0.39377367367603167,-0.9206207666208369
UBFC_PHYS_s06_T2_test,0,577,19.233333333333334,0.5026096451138956,-0.8577799109868965
UBFC_PHYS_s06_T2_test,0,578,19.266666666666666,0.6001893316253654,-0.670089857971726
UBFC_PHYS_s06_T2_test,0,579,19.3,0.674455759810154,-0.33713102830408614
UBFC_PHYS_s06_T2_test,0,580,19.333333333333332,0.7093708668496282,0.10274615728142121
UBFC_PHYS_s06_T2_test,0,581,19.366666666666667,0.6907642365519039,0.5511341463569747
UBFC_PHYS_s06_T2_test,0,582,19.4,0.6110109263443495,0.9135646957632948
UBFC_PHYS_s06_T2_test,0,583,19.433333333333334,0.4684848523963557,1.0990128720013241
UBFC_PHYS_s06_T2_test,0,584,19.466666666666665,0.2648603130540057,1.0849071542248014
UBFC_PHYS_s06_T2_test,0,585,19.5,0.006748559750491663,0.9164508680486189
UBFC_PHYS_s06_T2_test,0,586,19.533333333333335,-0.2920522404009684,0.634052349853258
UBFC_PHYS_s06_T2_test,0,587,19.566666666666666,-0.6149689430665343,0.27337376562538745
UBFC_PHYS_s06_T2_test,0,588,19.6,-0.9472649552259752,-0.11424402097697187
UBFC_PHYS_s06_T2_test,0,589,19.633333333333333,-1.269108592248993,-0.460665604552737
UBFC_PHYS_s06_T2_test,0,590,19.666666666666668,-1.5422213796982431,-0.7300947703257896
UBFC_PHYS_s06_T2_test,0,591,19.7,-1.7115948360096134,-0.917611733273062
UBFC_PHYS_s06_T2_test,0,592,19.733333333333334,-1.7318744455026625,-1.0070073308318457
UBFC_PHYS_s06_T2_test,0,593,19.766666666666666,-1.5905903221945845,-0.9698971652497592
UBFC_PHYS_s06_T2_test,0,594,19.8,-1.2915426027223191,-0.7906407950943821
UBFC_PHYS_s06_T2_test,0,595,19.833333333333332,-0.8235920042120783,-0.4670537742438321
UBFC_PHYS_s06_T2_test,0,596,19.866666666666667,-0.1836361121214647,-0.037606251096978904
UBFC_PHYS_s06_T2_test,0,597,19.9,0.5557115691376013,0.4173668401939767
UBFC_PHYS_s06_T2_test,0,598,19.933333333333334,1.2316176586869239,0.8111867875835501
UBFC_PHYS_s06_T2_test,0,599,19.966666666666665,1.6720856442192698,1.0500665506655829
UBFC_PHYS_s06_T2_test,0,600,20.0,1.7987396272072846,1.089291911254656
UBFC_PHYS_s06_T2_test,0,601,20.033333333333335,1.6591411851447821,0.9327975561071203
UBFC_PHYS_s06_T2_test,0,602,20.066666666666666,1.3661917836624182,0.6170156958102708
UBFC_PHYS_s06_T2_test,0,603,20.1,1.0083757619861062,0.21095024134731455
UBFC_PHYS_s06_T2_test,0,604,20.133333333333333,0.6260702384406522,-0.20817243469977909
UBFC_PHYS_s06_T2_test,0,605,20.166666666666668,0.2544124410760352,-0.5542139635266229
UBFC_PHYS_s06_T2_test,0,606,20.2,-0.059273575224462194,-0.7865464047461401
UBFC_PHYS_s06_T2_test,0,607,20.233333333333334,-0.2831273231109337,-0.9087384226413737
UBFC_PHYS_s06_T2_test,0,608,20.266666666666666,-0.4082269536266411,-0.9112747811687187
UBFC_PHYS_s06_T2_test,0,609,20.3,-0.43583158662728905,-0.7709527040405552
UBFC_PHYS_s06_T2_test,0,610,20.333333333333332,-0.3859853755172312,-0.49442718824398657
UBFC_PHYS_s06_T2_test,0,611,20.366666666666667,-0.298072057281352,-0.11902625111083621
UBFC_PHYS_s06_T2_test,0,612,20.4,-0.20067221251602763,0.28482241330394686
UBFC_PHYS_s06_T2_test,0,613,20.433333333333334,-0.09893279683358422,0.6129260984653376
UBFC_PHYS_s06_T2_test,0,614,20.466666666666665,0.006175306001831603,0.8158018462339677
UBFC_PHYS_s06_T2_test,0,615,20.5,0.10998763140909758,0.8977460990016944
UBFC_PHYS_s06_T2_test,0,616,20.533333333333335,0.21313992635398943,0.858559572316884
UBFC_PHYS_s06_T2_test,0,617,20.566666666666666,0.3177971192648486,0.6929625894456993
UBFC_PHYS_s06_T2_test,0,618,20.6,0.4159667635635317,0.4191728834730034
UBFC_PHYS_s06_T2_test,0,619,20.633333333333333,0.48790726855567274,0.0795663288035211
UBFC_PHYS_s06_T2_test,0,620,20.666666666666668,0.5013449221950447,-0.27832327368068843
UBFC_PHYS_s06_T2_test,0,621,20.7,0.4120942107624176,-0.6007404339396664
UBFC_PHYS_s06_T2_test,0,622,20.733333333333334,0.19328314106986955,-0.8459485699867156
UBFC_PHYS_s06_T2_test,0,623,20.766666666666666,-0.11749254337963488,-0.983124519676315
UBFC_PHYS_s06_T2_test,0,624,20.8,-0.42008646441892655,-0.9845578529939899
UBFC_PHYS_s06_T2_test,0,625,20.833333333333332,-0.6215535713135459,-0.8254731692667632
UBFC_PHYS_s06_T2_test,0,626,20.866666666666667,-0.69455952719941,-0.5106188204454783
UBFC_PHYS_s06_T2_test,0,627,20.9,-0.6671800112181818,-0.07528193354837193
UBFC_PHYS_s06_T2_test,0,628,20.933333333333334,-0.5828064970348982,0.3945332786234465
UBFC_PHYS_s06_T2_test,0,629,20.966666666666665,-0.4774894643759628,0.7614486924531955
UBFC_PHYS_s06_T2_test,0,630,21.0,-0.371815446550844,0.960583959709767
UBFC_PHYS_s06_T2_test,0,631,21.033333333333335,-0.27042315093596847,0.9987813336178057
UBFC_PHYS_s06_T2_test,0,632,21.066666666666666,-0.17379540310230385,0.893519559529998
UBFC_PHYS_s06_T2_test,0,633,21.1,-0.08790878248901085,0.672124206170153
UBFC_PHYS_s06_T2_test,0,634,21.133333333333333,-0.01838581484707479,0.37863481719190856
UBFC_PHYS_s06_T2_test,0,635,21.166666666666668,0.03548804750609896,0.07411394017498904
UBFC_PHYS_s06_T2_test,0,636,21.2,0.07426040783832122,-0.2065510207898387
UBFC_PHYS_s06_T2_test,0,637,21.233333333333334,0.09310507548111305,-0.4534770885643365
UBFC_PHYS_s06_T2_test,0,638,21.266666666666666,0.09017277416701883,-0.6314130880454292
UBFC_PHYS_s06_T2_test,0,639,21.3,0.0761310868835943,-0.6789929096265519
UBFC_PHYS_s06_T2_test,0,640,21.333333333333332,0.06813409000547388,-0.5990131017773461
UBFC_PHYS_s06_T2_test,0,641,21.366666666666667,0.07488798196798578,-0.4580228293921348
UBFC_PHYS_s06_T2_test,0,642,21.4,0.09260577194237116,-0.3205719544571628
UBFC_PHYS_s06_T2_test,0,643,21.433333333333334,0.11449022415514104,-0.2483801120403954
UBFC_PHYS_s06_T2_test,0,644,21.466666666666665,0.13808370614494325,-0.23119495524693337
UBFC_PHYS_s06_T2_test,0,645,21.5,0.1622671864136233,-0.18763064958118744
UBFC_PHYS_s06_T2_test,0,646,21.533333333333335,0.1823559732661723,-0.08234282580052439
UBFC_PHYS_s06_T2_test,0,647,21.566666666666666,0.19147789542844026,0.07260937856670845
UBFC_PHYS_s06_T2_test,0,648,21.6,0.185419082838009,0.2334622770992392
UBFC_PHYS_s06_T2_test,0,649,21.633333333333333,0.16515497715897165,0.3248636682080408
UBFC_PHYS_s06_T2_test,0,650,21.666666666666668,0.13576796783597272,0.3205492290675011
UBFC_PHYS_s06_T2_test,0,651,21.7,0.10322631753793016,0.24341043147760305
UBFC_PHYS_s06_T2_test,0,652,21.733333333333334,0.07082803921154732,0.11895287034195498
UBFC_PHYS_s06_T2_test,0,653,21.766666666666666,0.03778167890235259,-0.024915834803046988
UBFC_PHYS_s06_T2_test,0,654,21.8,0.002261585076397718,-0.14207747835955958
UBFC_PHYS_s06_T2_test,0,655,21.833333333333332,-0.03358795061546953,-0.16852454455443153
UBFC_PHYS_s06_T2_test,0,656,21.866666666666667,-0.06382209483836154,-0.09852287720172535
UBFC_PHYS_s06_T2_test,0,657,21.9,-0.08434504370813503,0.015397880386680714
UBFC_PHYS_s06_T2_test,0,658,21.933333333333334,-0.09497162003917076,0.13043930042516205
UBFC_PHYS_s06_T2_test,0,659,21.966666666666665,-0.09530055612776446,0.21394669535292832
UBFC_PHYS_s06_T2_test,0,660,22.0,-0.08286877309457526,0.2779395017928969
UBFC_PHYS_s06_T2_test,0,661,22.033333333333335,-0.056296277118804576,0.3781745403300862
UBFC_PHYS_s06_T2_test,0,662,22.066666666666666,-0.016810875516016035,0.4914577586010513
UBFC_PHYS_s06_T2_test,0,663,22.1,0.03300140872143066,0.5156147735109748
UBFC_PHYS_s06_T2_test,0,664,22.133333333333333,0.08944340345472014,0.4266112725517921
UBFC_PHYS_s06_T2_test,0,665,22.166666666666668,0.14751243747862144,0.27910511959135015
UBFC_PHYS_s06_T2_test,0,666,22.2,0.20038874496786574,0.12564619897335472
UBFC_PHYS_s06_T2_test,0,667,22.233333333333334,0.2379315117320617,0.016262558742359746
UBFC_PHYS_s06_T2_test,0,668,22.266666666666666,0.24915436798652918,-0.038331230685934664
UBFC_PHYS_s06_T2_test,0,669,22.3,0.22966815200451116,-0.06620906427459644
UBFC_PHYS_s06_T2_test,0,670,22.333333333333332,0.18460625677982817,-0.10514620378211381
UBFC_PHYS_s06_T2_test,0,671,22.366666666666667,0.12293734667376198,-0.2012790977064579
UBFC_PHYS_s06_T2_test,0,672,22.4,0.05113456947892792,-0.3530216605981733
UBFC_PHYS_s06_T2_test,0,673,22.433333333333334,-0.02738748889194022,-0.5103726014753259
UBFC_PHYS_s06_T2_test,0,674,22.466666666666665,-0.10977897919699336,-0.6409869707957009
UBFC_PHYS_s06_T2_test,0,675,22.5,-0.19486653918669294,-0.7299376703123905
UBFC_PHYS_s06_T2_test,0,676,22.533333333333335,-0.2875158144533426,-0.7576114007328869
UBFC_PHYS_s06_T2_test,0,677,22.566666666666666,-0.39546214797102786,-0.699602322663776
UBFC_PHYS_s06_T2_test,0,678,22.6,-0.5165840350565669,-0.5469970954187576
UBFC_PHYS_s06_T2_test,0,679,22.633333333333333,-0.6335264775238254,-0.30702164134650317
UBFC_PHYS_s06_T2_test,0,680,22.666666666666668,-0.723457532725787,-0.005108251862921451
UBFC_PHYS_s06_T2_test,0,681,22.7,-0.765413461392119,0.3141378871881909
UBFC_PHYS_s06_T2_test,0,682,22.733333333333334,-0.7318496521188839,0.621199746928266
UBFC_PHYS_s06_T2_test,0,683,22.766666666666666,-0.5806754917191687,0.9002309294117126
UBFC_PHYS_s06_T2_test,0,684,22.8,-0.2764200607487404,1.104183135931974
UBFC_PHYS_s06_T2_test,0,685,22.833333333333332,0.16068271234111026,1.1541857685924666
UBFC_PHYS_s06_T2_test,0,686,22.866666666666667,0.6271013072089927,1.038869107460417
UBFC_PHYS_s06_T2_test,0,687,22.9,0.9775714000142031,0.814363742688292
UBFC_PHYS_s06_T2_test,0,688,22.933333333333334,1.1088019747395048,0.5187089845001472
UBFC_PHYS_s06_T2_test,0,689,22.966666666666665,1.006983955900468,0.17240186337856958
UBFC_PHYS_s06_T2_test,0,690,23.0,0.7335246550665705,-0.18847018049502745
UBFC_PHYS_s06_T2_test,0,691,23.033333333333335,0.3883768699854282,-0.5107492863363005
UBFC_PHYS_s06_T2_test,0,692,23.066666666666666,0.07174543522404514,-0.7641635853621696
UBFC_PHYS_s06_T2_test,0,693,23.1,-0.1564340928395784,-0.9398560052986245
UBFC_PHYS_s06_T2_test,0,694,23.133333333333333,-0.2919021232671892,-1.0276826008631816
UBFC_PHYS_s06_T2_test,0,695,23.166666666666668,-0.35980988626651284,-1.015222442273474
UBFC_PHYS_s06_T2_test,0,696,23.2,-0.3812336223061208,-0.8852233043059994
UBFC_PHYS_s06_T2_test,0,697,23.233333333333334,-0.36430904814820714,-0.61617946119547
UBFC_PHYS_s06_T2_test,0,698,23.266666666666666,-0.3093503233930216,-0.2486685769105918
UBFC_PHYS_s06_T2_test,0,699,23.3,-0.21076184537076648,0.11388178632069675
UBFC_PHYS_s06_T2_test,0,700,23.333333333333332,-0.059614071335141655,0.4034132954467664
UBFC_PHYS_s06_T2_test,0,701,23.366666666666667,0.14615366774122024,0.586577482371969
UBFC_PHYS_s06_T2_test,0,702,23.4,0.3869945393472148,0.641438994976399
UBFC_PHYS_s06_T2_test,0,703,23.433333333333334,0.6121837170988067,0.5567616287144743
UBFC_PHYS_s06_T2_test,0,704,23.466666666666665,0.7504318661157805,0.35906828146140624
UBFC_PHYS_s06_T2_test,0,705,23.5,0.7446059677404365,0.11244240362422604
UBFC_PHYS_s06_T2_test,0,706,23.533333333333335,0.5838813387595687,-0.13242231965296256
UBFC_PHYS_s06_T2_test,0,707,23.566666666666666,0.30491574014505085,-0.3379614091479795
UBFC_PHYS_s06_T2_test,0,708,23.6,-0.026696157048552403,-0.4823550025782942
UBFC_PHYS_s06_T2_test,0,709,23.633333333333333,-0.334524459399651,-0.5587329865843689
UBFC_PHYS_s06_T2_test,0,710,23.666666666666668,-0.5569735681620898,-0.5558450983012317
UBFC_PHYS_s06_T2_test,0,711,23.7,-0.674412238592388,-0.4578883529312304
UBFC_PHYS_s06_T2_test,0,712,23.733333333333334,-0.7052135498931662,-0.24112202192625276
UBFC_PHYS_s06_T2_test,0,713,23.766666666666666,-0.6752669188486444,0.12469728273980468
UBFC_PHYS_s06_T2_test,0,714,23.8,-0.6021783299360166,0.5660138291528366
UBFC_PHYS_s06_T2_test,0,715,23.833333333333332,-0.5005462365186363,0.9049260856974396
UBFC_PHYS_s06_T2_test,0,716,23.866666666666667,-0.38245298372322456,1.055003403611941
UBFC_PHYS_s06_T2_test,0,717,23.9,-0.25251790213551306,1.021311107147435
UBFC_PHYS_s06_T2_test,0,718,23.933333333333334,-0.11263588259715131,0.8327748754755345
UBFC_PHYS_s06_T2_test,0,719,23.966666666666665,0.03042485841200851,0.541562339520392
UBFC_PHYS_s06_T2_test,0,720,24.0,0.16797994343129702,0.1883766703301813
UBFC_PHYS_s06_T2_test,0,721,24.033333333333335,0.29553687504175385,-0.19664651794607393
UBFC_PHYS_s06_T2_test,0,722,24.066666666666666,0.40937694744956044,-0.556942992429306
UBFC_PHYS_s06_T2_test,0,723,24.1,0.49938651998696193,-0.8084010218990019
UBFC_PHYS_s06_T2_test,0,724,24.133333333333333,0.5501029811162647,-0.9106494877708105
UBFC_PHYS_s06_T2_test,0,725,24.166666666666668,0.5485570133420696,-0.866426585742887
UBFC_PHYS_s06_T2_test,0,726,24.2,0.4906559475524487,-0.6971515765285484
UBFC_PHYS_s06_T2_test,0,727,24.233333333333334,0.38352944977118353,-0.44263220753368265
UBFC_PHYS_s06_T2_test,0,728,24.266666666666666,0.24439040319100958,-0.1346656432559879
UBFC_PHYS_s06_T2_test,0,729,24.3,0.09456866198479467,0.2020449406628292
UBFC_PHYS_s06_T2_test,0,730,24.333333333333332,-0.048540302275709976,0.5032483193745642
UBFC_PHYS_s06_T2_test,0,731,24.366666666666667,-0.17315199604206144,0.6645740980635794
UBFC_PHYS_s06_T2_test,0,732,24.4,-0.26818920413135344,0.6579242984212107
UBFC_PHYS_s06_T2_test,0,733,24.433333333333334,-0.3226522381109846,0.5311186463307648
UBFC_PHYS_s06_T2_test,0,734,24.466666666666665,-0.3326477607183679,0.33104124661369805
UBFC_PHYS_s06_T2_test,0,735,24.5,-0.3064974706802169,0.10319308669491199
UBFC_PHYS_s06_T2_test,0,736,24.533333333333335,-0.2627165225974632,-0.11541544349264082
UBFC_PHYS_s06_T2_test,0,737,24.566666666666666,-0.22430154946995773,-0.2957003778160778
UBFC_PHYS_s06_T2_test,0,738,24.6,-0.20882123871748415,-0.42671514105975084
UBFC_PHYS_s06_T2_test,0,739,24.633333333333333,-0.2164654734574761,-0.5146737019354458
UBFC_PHYS_s06_T2_test,0,740,24.666666666666668,-0.23058758599580736,-0.5477744901326421
UBFC_PHYS_s06_T2_test,0,741,24.7,-0.23361068395265888,-0.49590794885604367
UBFC_PHYS_s06_T2_test,0,742,24.733333333333334,-0.21738093753841187,-0.34322277734116063
UBFC_PHYS_s06_T2_test,0,743,24.766666666666666,-0.1790626218801614,-0.08895021781406168
UBFC_PHYS_s06_T2_test,0,744,24.8,-0.11805420729061344,0.23360051644757418
UBFC_PHYS_s06_T2_test,0,745,24.833333333333332,-0.037976547505682384,0.5561869619666142
UBFC_PHYS_s06_T2_test,0,746,24.866666666666667,0.05566399850665378,0.8062156871484462
UBFC_PHYS_s06_T2_test,0,747,24.9,0.15716830627187756,0.9065340241585053
UBFC_PHYS_s06_T2_test,0,748,24.933333333333334,0.2562809201930459,0.8291828406177539
UBFC_PHYS_s06_T2_test,0,749,24.966666666666665,0.3393255208796193,0.5955007692916149
UBFC_PHYS_s06_T2_test,0,750,25.0,0.39883346349555615,0.2526703508311745
UBFC_PHYS_s06_T2_test,0,751,25.033333333333335,0.4356543443315135,-0.12594421769299677
UBFC_PHYS_s06_T2_test,0,752,25.066666666666666,0.44921191801994786,-0.48277052265585935
UBFC_PHYS_s06_T2_test,0,753,25.1,0.4324607268192208,-0.7749483899706268
UBFC_PHYS_s06_T2_test,0,754,25.133333333333333,0.37927103958838543,-0.9615032451964738
UBFC_PHYS_s06_T2_test,0,755,25.166666666666668,0.2921973937245641,-1.0024082275497803
UBFC_PHYS_s06_T2_test,0,756,25.2,0.18153313156733372,-0.884942337487246
UBFC_PHYS_s06_T2_test,0,757,25.233333333333334,0.06078835324937252,-0.623741772652044
UBFC_PHYS_s06_T2_test,0,758,25.266666666666666,-0.056253237172536025,-0.26020802534492804
UBFC_PHYS_s06_T2_test,0,759,25.3,-0.15859503888491386,0.1368324463218787
UBFC_PHYS_s06_T2_test,0,760,25.333333333333332,-0.2399545067031018,0.5099511102343104
UBFC_PHYS_s06_T2_test,0,761,25.366666666666667,-0.2960752115583199,0.8119453635160078
UBFC_PHYS_s06_T2_test,0,762,25.4,-0.3215378688647139,1.00408871842289
UBFC_PHYS_s06_T2_test,0,763,25.433333333333334,-0.3122708345532782,1.0551034981322556
UBFC_PHYS_s06_T2_test,0,764,25.466666666666665,-0.27114383111131757,0.9636844148434828
UBFC_PHYS_s06_T2_test,0,765,25.5,-0.20907150981710815,0.758196262014226
UBFC_PHYS_s06_T2_test,0,766,25.533333333333335,-0.1398375148702913,0.48081007752113125
UBFC_PHYS_s06_T2_test,0,767,25.566666666666666,-0.07443268087643347,0.1877907676346549
UBFC_PHYS_s06_T2_test,0,768,25.6,-0.01962470818476926,-0.0935782312355297
UBFC_PHYS_s06_T2_test,0,769,25.633333333333333,0.020966363819857732,-0.36365003999727114
UBFC_PHYS_s06_T2_test,0,770,25.666666666666668,0.04605711574735747,-0.6111484681763891
UBFC_PHYS_s06_T2_test,0,771,25.7,0.056053688296655996,-0.8115306840780553
UBFC_PHYS_s06_T2_test,0,772,25.733333333333334,0.05232806922992861,-0.9450140379449842
UBFC_PHYS_s06_T2_test,0,773,25.766666666666666,0.03692766999757044,-0.995693309758285
UBFC_PHYS_s06_T2_test,0,774,25.8,0.01287375276593853,-0.9240937768369117
UBFC_PHYS_s06_T2_test,0,775,25.833333333333332,-0.015023977797788383,-0.6679426666825876
UBFC_PHYS_s06_T2_test,0,776,25.866666666666667,-0.03992808596900268,-0.27898300355229694
UBFC_PHYS_s06_T2_test,0,777,25.9,-0.05479918946718369,0.0766687694063024
UBFC_PHYS_s06_T2_test,0,778,25.933333333333334,-0.055167345929210305,0.31413677737252743
UBFC_PHYS_s06_T2_test,0,779,25.966666666666665,-0.040122798496237636,0.4296556991427529
UBFC_PHYS_s06_T2_test,0,780,26.0,-0.0112132635416536,0.4299217554779092
UBFC_PHYS_s06_T2_test,0,781,26.033333333333335,0.028271412164784897,0.3310347173913216
UBFC_PHYS_s06_T2_test,0,782,26.066666666666666,0.07211899939452487,0.16558754003766035
UBFC_PHYS_s06_T2_test,0,783,26.1,0.1104486967686107,-0.01760783193524751
UBFC_PHYS_s06_T2_test,0,784,26.133333333333333,0.13234487565505743,-0.16705284716060018
UBFC_PHYS_s06_T2_test,0,785,26.166666666666668,0.13045181168628942,-0.22877945123918403
UBFC_PHYS_s06_T2_test,0,786,26.2,0.10389562594455709,-0.2071787821089871
UBFC_PHYS_s06_T2_test,0,787,26.233333333333334,0.05833148691089295,-0.1644774508257901
UBFC_PHYS_s06_T2_test,0,788,26.266666666666666,0.003343855897841124,-0.12057175941953072
UBFC_PHYS_s06_T2_test,0,789,26.3,-0.05164562490164349,-0.05280130355122197
UBFC_PHYS_s06_T2_test,0,790,26.333333333333332,-0.09943570114655814,0.0737713062454142
UBFC_PHYS_s06_T2_test,0,791,26.366666666666667,-0.1339482007752075,0.30483510796944835
UBFC_PHYS_s06_T2_test,0,792,26.4,-0.1499556654237846,0.5847417964079499
UBFC_PHYS_s06_T2_test,0,793,26.433333333333334,-0.14559187959611297,0.7564305994135584
UBFC_PHYS_s06_T2_test,0,794,26.466666666666665,-0.12426439176791837,0.7564237110117713
UBFC_PHYS_s06_T2_test,0,795,26.5,-0.0931600198422633,0.6154149284886118
UBFC_PHYS_s06_T2_test,0,796,26.533333333333335,-0.05954323772650813,0.3802842129803287
UBFC_PHYS_s06_T2_test,0,797,26.566666666666666,-0.027456571139159162,0.11376088990135369
UBFC_PHYS_s06_T2_test,0,798,26.6,0.0029185568138255843,-0.12828894497067708
UBFC_PHYS_s06_T2_test,0,799,26.633333333333333,0.03185552434886174,-0.2965468546220067
UBFC_PHYS_s06_T2_test,0,800,26.666666666666668,0.05566260331968756,-0.36719763314633924
UBFC_PHYS_s06_T2_test,0,801,26.7,0.06853565610428104,-0.34138525585971535
UBFC_PHYS_s06_T2_test,0,802,26.733333333333334,0.07114905354668212,-0.2451777214807901
UBFC_PHYS_s06_T2_test,0,803,26.766666666666666,0.0746893808457742,-0.12897073233605463
UBFC_PHYS_s06_T2_test,0,804,26.8,0.09276428406633222,-0.03338967237133598
UBFC_PHYS_s06_T2_test,0,805,26.833333333333332,0.1293867305653593,0.011080778183323613
UBFC_PHYS_s06_T2_test,0,806,26.866666666666667,0.17496622886220894,0.022065577799637817
UBFC_PHYS_s06_T2_test,0,807,26.9,0.2123493292705681,0.06450536268943585
UBFC_PHYS_s06_T2_test,0,808,26.933333333333334,0.22775210552579936,0.15014575714040462
UBFC_PHYS_s06_T2_test,0,809,26.966666666666665,0.21892534846778952,0.2369250397013248
UBFC_PHYS_s06_T2_test,0,810,27.0,0.1938233501147205,0.26841123080914997
UBFC_PHYS_s06_T2_test,0,811,27.033333333333335,0.16102233949870648,0.17483180085361788
UBFC_PHYS_s06_T2_test,0,812,27.066666666666666,0.12166958187887654,-0.04252459206516016
UBFC_PHYS_s06_T2_test,0,813,27.1,0.07049624521084812,-0.3106555801845987
UBFC_PHYS_s06_T2_test,0,814,27.133333333333333,0.002722402231320758,-0.5692566942358801
UBFC_PHYS_s06_T2_test,0,815,27.166666666666668,-0.08084541253909519,-0.7705272063011248
UBFC_PHYS_s06_T2_test,0,816,27.2,-0.17299873052387446,-0.8768501001455861
UBFC_PHYS_s06_T2_test,0,817,27.233333333333334,-0.26210810230031883,-0.8604335075718331
UBFC_PHYS_s06_T2_test,0,818,27.266666666666666,-0.33577167429729354,-0.7051691183768561
UBFC_PHYS_s06_T2_test,0,819,27.3,-0.38364619826599894,-0.40722309254801203
UBFC_PHYS_s06_T2_test,0,820,27.333333333333332,-0.39779334720419834,0.006610578987666496
UBFC_PHYS_s06_T2_test,0,821,27.366666666666667,-0.37347785858466964,0.4775315495218953
UBFC_PHYS_s06_T2_test,0,822,27.4,-0.3117863033577426,0.8982918422380505
UBFC_PHYS_s06_T2_test,0,823,27.433333333333334,-0.22111069299182018,1.112893760372609
UBFC_PHYS_s06_T2_test,0,824,27.466666666666665,-0.1159518822007409,1.081565206620178
UBFC_PHYS_s06_T2_test,0,825,27.5,-0.013204349080746615,0.8803528491056468
UBFC_PHYS_s06_T2_test,0,826,27.533333333333335,0.07316295981098028,0.5810069162003164
UBFC_PHYS_s06_T2_test,0,827,27.566666666666666,0.1357149832655009,0.2503464213657668
UBFC_PHYS_s06_T2_test,0,828,27.6,0.17376475074397577,-0.06209463858724155
UBFC_PHYS_s06_T2_test,0,829,27.633333333333333,0.1918047848435784,-0.32312865277391917
UBFC_PHYS_s06_T2_test,0,830,27.666666666666668,0.19636932588975567,-0.5166451699716751
UBFC_PHYS_s06_T2_test,0,831,27.7,0.19211878521000647,-0.6422041950954791
UBFC_PHYS_s06_T2_test,0,832,27.733333333333334,0.1808273438841354,-0.6960600572584115
UBFC_PHYS_s06_T2_test,0,833,27.766666666666666,0.16356482539185818,-0.6703679044261703
UBFC_PHYS_s06_T2_test,0,834,27.8,0.14200719215445595,-0.5537282399882785
UBFC_PHYS_s06_T2_test,0,835,27.833333333333332,0.11764395860714341,-0.3316982910777466
UBFC_PHYS_s06_T2_test,0,836,27.866666666666667,0.09158253625367303,-0.02734884279238886
UBFC_PHYS_s06_T2_test,0,837,27.9,0.06608437500889583,0.29780986477554533
UBFC_PHYS_s06_T2_test,0,838,27.933333333333334,0.04551510067765109,0.5813126852550745
UBFC_PHYS_s06_T2_test,0,839,27.966666666666665,0.03470677302373046,0.7592101924137185
UBFC_PHYS_s06_T2_test,0,840,28.0,0.036305246492365224,0.8035137376867698
UBFC_PHYS_s06_T2_test,0,841,28.033333333333335,0.04941508693897538,0.7217301727677333
UBFC_PHYS_s06_T2_test,0,842,28.066666666666666,0.06914513767858005,0.5310880498789456
UBFC_PHYS_s06_T2_test,0,843,28.1,0.08688216051717705,0.25863299937861917
UBFC_PHYS_s06_T2_test,0,844,28.133333333333333,0.09359859950929228,-0.060689044188802665
UBFC_PHYS_s06_T2_test,0,845,28.166666666666668,0.08594565942509999,-0.38307934577876834
UBFC_PHYS_s06_T2_test,0,846,28.2,0.06859240600271943,-0.6656814856143112
UBFC_PHYS_s06_T2_test,0,847,28.233333333333334,0.048301779834255154,-0.865500311063644
UBFC_PHYS_s06_T2_test,0,848,28.266666666666666,0.026667978280484634,-0.9538348684475577
UBFC_PHYS_s06_T2_test,0,849,28.3,0.0002485116586712355,-0.9156718930909192
UBFC_PHYS_s06_T2_test,0,850,28.333333333333332,-0.034618773971195456,-0.7384176177382598
UBFC_PHYS_s06_T2_test,0,851,28.366666666666667,-0.07783120456139367,-0.4125376058642223
UBFC_PHYS_s06_T2_test,0,852,28.4,-0.12270124754319424,0.024463749126620513
UBFC_PHYS_s06_T2_test,0,853,28.433333333333334,-0.1576520240974078,0.48678120184760737
UBFC_PHYS_s06_T2_test,0,854,28.466666666666665,-0.17445365433851778,0.8801602735424244
UBFC_PHYS_s06_T2_test,0,855,28.5,-0.17390151057063977,1.1012916379994775
UBFC_PHYS_s06_T2_test,0,856,28.533333333333335,-0.16194314514176447,1.1127604707091607
UBFC_PHYS_s06_T2_test,0,857,28.566666666666666,-0.14346161584630635,0.9425338088188672
UBFC_PHYS_s06_T2_test,0,858,28.6,-0.12189797982855569,0.6365139811106296
UBFC_PHYS_s06_T2_test,0,859,28.633333333333333,-0.10216423638278105,0.25843373416446336
UBFC_PHYS_s06_T2_test,0,860,28.666666666666668,-0.09080593896911916,-0.1397402538743629
UBFC_PHYS_s06_T2_test,0,861,28.7,-0.0917007255301914,-0.5165947046197084
UBFC_PHYS_s06_T2_test,0,862,28.733333333333334,-0.10129210347992836,-0.8296599455638789
UBFC_PHYS_s06_T2_test,0,863,28.766666666666666,-0.11058573701578453,-1.033932345473547
UBFC_PHYS_s06_T2_test,0,864,28.8,-0.11408763843884719,-1.096906737042291
UBFC_PHYS_s06_T2_test,0,865,28.833333333333332,-0.1144464090437251,-0.9980513748046138
UBFC_PHYS_s06_T2_test,0,866,28.866666666666667,-0.11596937460853979,-0.7356074030264377
UBFC_PHYS_s06_T2_test,0,867,28.9,-0.11610899808322829,-0.32735432699301203
UBFC_PHYS_s06_T2_test,0,868,28.933333333333334,-0.10583659910733792,0.15865148752392688
UBFC_PHYS_s06_T2_test,0,869,28.966666666666665,-0.07674696043412213,0.6031027605079662
UBFC_PHYS_s06_T2_test,0,870,29.0,-0.02617550437905741,0.926305253222061
UBFC_PHYS_s06_T2_test,0,871,29.033333333333335,0.04191793081749374,1.0872799622908444
UBFC_PHYS_s06_T2_test,0,872,29.066666666666666,0.11731018284949332,1.0807113636345387
UBFC_PHYS_s06_T2_test,0,873,29.1,0.18596560110254773,0.9359418679101186
UBFC_PHYS_s06_T2_test,0,874,29.133333333333333,0.2362965483893484,0.6822151604874681
UBFC_PHYS_s06_T2_test,0,875,29.166666666666668,0.2637905090954591,0.34887132157214523
UBFC_PHYS_s06_T2_test,0,876,29.2,0.26890735957272016,-0.027552647171712658
UBFC_PHYS_s06_T2_test,0,877,29.233333333333334,0.25361554736978115,-0.40198213932254007
UBFC_PHYS_s06_T2_test,0,878,29.266666666666666,0.22212243983697072,-0.7315676569609693
UBFC_PHYS_s06_T2_test,0,879,29.3,0.18098965025061253,-0.9742304659276064
UBFC_PHYS_s06_T2_test,0,880,29.333333333333332,0.1353825698750857,-1.095558682383434
UBFC_PHYS_s06_T2_test,0,881,29.366666666666667,0.08720859554528163,-1.0680567184057033
UBFC_PHYS_s06_T2_test,0,882,29.4,0.03736403855343728,-0.8765073170820659
UBFC_PHYS_s06_T2_test,0,883,29.433333333333334,-0.012107575142634452,-0.5186087141332761
UBFC_PHYS_s06_T2_test,0,884,29.466666666666665,-0.05693999249613502,-0.03967831642550795
UBFC_PHYS_s06_T2_test,0,885,29.5,-0.09034571238811356,0.46608235354856964
UBFC_PHYS_s06_T2_test,0,886,29.533333333333335,-0.10625580874329904,0.8923116027861219
UBFC_PHYS_s06_T2_test,0,887,29.566666666666666,-0.10396454122030255,1.1199201331675845
UBFC_PHYS_s06_T2_test,0,888,29.6,-0.08742327166676331,1.1178807513878386
UBFC_PHYS_s06_T2_test,0,889,29.633333333333333,-0.06141810824957736,0.9424853222790704
UBFC_PHYS_s06_T2_test,0,890,29.666666666666668,-0.03170236984503201,0.6405823083173459
UBFC_PHYS_s06_T2_test,0,891,29.7,-0.00595114655131042,0.24948138468175535
UBFC_PHYS_s06_T2_test,0,892,29.733333333333334,0.01003146367446457,-0.18234763998817743
UBFC_PHYS_s06_T2_test,0,893,29.766666666666666,0.015726693826339098,-0.5938682290606908
UBFC_PHYS_s06_T2_test,0,894,29.8,0.013266674961864448,-0.9244660964490092
UBFC_PHYS_s06_T2_test,0,895,29.833333333333332,0.0031066026497414186,-1.1127452540212073
UBFC_PHYS_s06_T2_test,0,896,29.866666666666667,-0.01661090686137811,-1.130505812681675
UBFC_PHYS_s06_T2_test,0,897,29.9,-0.04730989166564846,-0.9822072026047648
UBFC_PHYS_s06_T2_test,0,898,29.933333333333334,-0.08622383622228962,-0.6737561587100993
UBFC_PHYS_s06_T2_test,0,899,29.966666666666665,-0.12579544297480097,-0.21340081130289196
UBFC_PHYS_s06_T2_test,0,900,30.0,-0.15882957291894578,0.32251480313670056
UBFC_PHYS_s06_T2_test,0,901,30.033333333333335,-0.18205791857383072,0.7884503086907938
UBFC_PHYS_s06_T2_test,0,902,30.066666666666666,-0.1910518085523566,1.100568610219572
UBFC_PHYS_s06_T2_test,0,903,30.1,-0.17672705161118035,1.2358156716416282
UBFC_PHYS_s06_T2_test,0,904,30.133333333333333,-0.13371451279744329,1.2055406716143893
UBFC_PHYS_s06_T2_test,0,905,30.166666666666668,-0.06816837292218744,1.0542110449523976
UBFC_PHYS_s06_T2_test,0,906,30.2,0.007943105939965743,0.8078083089735772
UBFC_PHYS_s06_T2_test,0,907,30.233333333333334,0.0852558590300091,0.4741840998436182
UBFC_PHYS_s06_T2_test,0,908,30.266666666666666,0.15556451243287472,0.08176329454945189
UBFC_PHYS_s06_T2_test,0,909,30.3,0.2091727459448924,-0.318857348432461
UBFC_PHYS_s06_T2_test,0,910,30.333333333333332,0.24147035025181346,-0.6865740762851962
UBFC_PHYS_s06_T2_test,0,911,30.366666666666667,0.2617975184841373,-0.9880612789785507
UBFC_PHYS_s06_T2_test,0,912,30.4,0.29402648269905785,-1.1932181817229977
UBFC_PHYS_s06_T2_test,0,913,30.433333333333334,0.362268047948554,-1.2738521736232744
UBFC_PHYS_s06_T2_test,0,914,30.466666666666665,0.46176010500948395,-1.2005277750819068
UBFC_PHYS_s06_T2_test,0,915,30.5,0.5434103434807376,-0.9428226355346618
UBFC_PHYS_s06_T2_test,0,916,30.533333333333335,0.5451120635400734,-0.5083345350940593
UBFC_PHYS_s06_T2_test,0,917,30.566666666666666,0.4399700994254422,0.05569476096311471
UBFC_PHYS_s06_T2_test,0,918,30.6,0.24326744091518188,0.6326936910249867
UBFC_PHYS_s06_T2_test,0,919,30.633333333333333,-0.013689921883139005,1.0360732247316256
UBFC_PHYS_s06_T2_test,0,920,30.666666666666668,-0.29840517790678794,1.1887647787862143
UBFC_PHYS_s06_T2_test,0,921,30.7,-0.5719021067541428,1.1225411782935408
UBFC_PHYS_s06_T2_test,0,922,30.733333333333334,-0.7769463435314168,0.8839451279783359
UBFC_PHYS_s06_T2_test,0,923,30.766666666666666,-0.8402790507865358,0.5334129001680898
UBFC_PHYS_s06_T2_test,0,924,30.8,-0.7139664998569943,0.1281208434323831
UBFC_PHYS_s06_T2_test,0,925,30.833333333333332,-0.4326998052041423,-0.2771598104310673
UBFC_PHYS_s06_T2_test,0,926,30.866666666666667,-0.11382768722307104,-0.6308701359138806
UBFC_PHYS_s06_T2_test,0,927,30.9,0.11757194004560254,-0.883255143319333
UBFC_PHYS_s06_T2_test,0,928,30.933333333333334,0.20535500019808098,-1.0031397253558196
UBFC_PHYS_s06_T2_test,0,929,30.966666666666665,0.1756415462869474,-0.9770311556018316
UBFC_PHYS_s06_T2_test,0,930,31.0,0.09731655522453214,-0.7928542522215777
UBFC_PHYS_s06_T2_test,0,931,31.033333333333335,0.032689548559527604,-0.4405027514428728
UBFC_PHYS_s06_T2_test,0,932,31.066666666666666,0.006485615466291478,0.024955318275280136
UBFC_PHYS_s06_T2_test,0,933,31.1,0.006786152297575468,0.48232031752893506
UBFC_PHYS_s06_T2_test,0,934,31.133333333333333,0.01094824371349932,0.8360524635272231
UBFC_PHYS_s06_T2_test,0,935,31.166666666666668,0.005787428588119217,1.0157281743086373
UBFC_PHYS_s06_T2_test,0,936,31.2,-0.017674534995958894,1.007986254800898
UBFC_PHYS_s06_T2_test,0,937,31.233333333333334,-0.0749631224796028,0.8556099088045894
UBFC_PHYS_s06_T2_test,0,938,31.266666666666666,-0.17544561711859508,0.6003920562043282
UBFC_PHYS_s06_T2_test,0,939,31.3,-0.29730998481429655,0.2830129449684035
UBFC_PHYS_s06_T2_test,0,940,31.333333333333332,-0.38874863507277874,-0.05469454242165311
UBFC_PHYS_s06_T2_test,0,941,31.366666666666667,-0.40316160732239736,-0.36868127127577177
UBFC_PHYS_s06_T2_test,0,942,31.4,-0.3320938353270481,-0.6290198743682868
UBFC_PHYS_s06_T2_test,0,943,31.433333333333334,-0.20253950988128588,-0.8185200531708635
UBFC_PHYS_s06_T2_test,0,944,31.466666666666665,-0.050241437462266024,-0.9085280410846255
UBFC_PHYS_s06_T2_test,0,945,31.5,0.09431595339266156,-0.8583977859525371
UBFC_PHYS_s06_T2_test,0,946,31.533333333333335,0.20498440139269974,-0.650585678468345
UBFC_PHYS_s06_T2_test,0,947,31.566666666666666,0.26967428939361293,-0.2915209821850042
UBFC_PHYS_s06_T2_test,0,948,31.6,0.3009823367983599,0.13841509314685135
UBFC_PHYS_s06_T2_test,0,949,31.633333333333333,0.3229507344972259,0.48462442983558374
UBFC_PHYS_s06_T2_test,0,950,31.666666666666668,0.3520711148886392,0.6647062602231623
UBFC_PHYS_s06_T2_test,0,951,31.7,0.3948107057690106,0.668342482049501
UBFC_PHYS_s06_T2_test,0,952,31.733333333333334,0.4464451371497344,0.5343719585285261
UBFC_PHYS_s06_T2_test,0,953,31.766666666666666,0.4849698301676177,0.3496403355623132
UBFC_PHYS_s06_T2_test,0,954,31.8,0.4806622315836445,0.15798095028783585
UBFC_PHYS_s06_T2_test,0,955,31.833333333333332,0.4174709890136743,-0.03972485943465722
UBFC_PHYS_s06_T2_test,0,956,31.866666666666667,0.29989871448124183,-0.21548241010285968
UBFC_PHYS_s06_T2_test,0,957,31.9,0.1451923014646133,-0.31356844455907484
UBFC_PHYS_s06_T2_test,0,958,31.933333333333334,-0.024636710100978634,-0.29647783967868224
UBFC_PHYS_s06_T2_test,0,959,31.966666666666665,-0.18840127944458337,-0.145290565594256
UBFC_PHYS_s06_T2_test,0,960,32.0,-0.32725007193677513,0.0980983715295558
UBFC_PHYS_s06_T2_test,0,961,32.03333333333333,-0.4245094948335967,0.33111808702316103
UBFC_PHYS_s06_T2_test,0,962,32.06666666666667,-0.4703563451357244,0.4880169480772946
UBFC_PHYS_s06_T2_test,0,963,32.1,-0.4638323076666963,0.540106359296646
UBFC_PHYS_s06_T2_test,0,964,32.13333333333333,-0.41066914086519984,0.48600600370467095
UBFC_PHYS_s06_T2_test,0,965,32.166666666666664,-0.32713409801741355,0.35133159931523994
UBFC_PHYS_s06_T2_test,0,966,32.2,-0.236894795358452,0.1580916388120014
UBFC_PHYS_s06_T2_test,0,967,32.233333333333334,-0.15218351705418007,-0.0749610473340236
UBFC_PHYS_s06_T2_test,0,968,32.266666666666666,-0.06996663956935142,-0.3274495917380799
UBFC_PHYS_s06_T2_test,0,969,32.3,0.007810851006597305,-0.5762736845869803
UBFC_PHYS_s06_T2_test,0,970,32.333333333333336,0.06782170536132705,-0.7912950606199659
UBFC_PHYS_s06_T2_test,0,971,32.36666666666667,0.10245286692434594,-0.934414015364851
UBFC_PHYS_s06_T2_test,0,972,32.4,0.11862185068860602,-0.973695340916812
UBFC_PHYS_s06_T2_test,0,973,32.43333333333333,0.12921938543069067,-0.8832641697798521
UBFC_PHYS_s06_T2_test,0,974,32.46666666666667,0.14519520541859157,-0.6631697458183528
UBFC_PHYS_s06_T2_test,0,975,32.5,0.1739363408165439,-0.3400433532120937
UBFC_PHYS_s06_T2_test,0,976,32.53333333333333,0.21845219223214468,0.03385734843303378
UBFC_PHYS_s06_T2_test,0,977,32.56666666666667,0.2788072313643604,0.37982004296583344
UBFC_PHYS_s06_T2_test,0,978,32.6,0.354960150314129,0.6573877264468929
UBFC_PHYS_s06_T2_test,0,979,32.63333333333333,0.4426451799723605,0.8630249041906835
UBFC_PHYS_s06_T2_test,0,980,32.666666666666664,0.5255910533138664,0.9860484486087593
UBFC_PHYS_s06_T2_test,0,981,32.7,0.5785751117644078,1.0074451522672414
UBFC_PHYS_s06_T2_test,0,982,32.733333333333334,0.5812165677329162,0.9219199945681573
UBFC_PHYS_s06_T2_test,0,983,32.766666666666666,0.5268994424799041,0.7378862221413112
UBFC_PHYS_s06_T2_test,0,984,32.8,0.4204533694466601,0.4717613205809079
UBFC_PHYS_s06_T2_test,0,985,32.833333333333336,0.2725320069489897,0.14881216730629193
UBFC_PHYS_s06_T2_test,0,986,32.86666666666667,0.09679346289750353,-0.19094040904960222
UBFC_PHYS_s06_T2_test,0,987,32.9,-0.09140119590548816,-0.4915546659221557
UBFC_PHYS_s06_T2_test,0,988,32.93333333333333,-0.27735867107999246,-0.7274257963415933
UBFC_PHYS_s06_T2_test,0,989,32.96666666666667,-0.45089616417450995,-0.9018614760977897
UBFC_PHYS_s06_T2_test,0,990,33.0,-0.6086352990570081,-0.9972329606344525
UBFC_PHYS_s06_T2_test,0,991,33.03333333333333,-0.7505195508490321,-0.97422689657589
UBFC_PHYS_s06_T2_test,0,992,33.06666666666667,-0.8733882143227948,-0.8125199252267529
UBFC_PHYS_s06_T2_test,0,993,33.1,-0.9714424970260175,-0.5115269530054368
UBFC_PHYS_s06_T2_test,0,994,33.13333333333333,-1.0439102073139184,-0.11071301307803279
UBFC_PHYS_s06_T2_test,0,995,33.166666666666664,-1.0954327509537574,0.30938561339322956
UBFC_PHYS_s06_T2_test,0,996,33.2,-1.1226094984413124,0.6753900710600256
UBFC_PHYS_s06_T2_test,0,997,33.233333333333334,-1.1023823998802036,0.920181036333427
UBFC_PHYS_s06_T2_test,0,998,33.266666666666666,-0.9992401056741155,1.0199672769325896
UBFC_PHYS_s06_T2_test,0,999,33.3,-0.7863957201718493,0.9932187559768142
UBFC_PHYS_s06_T2_test,0,1000,33.333333333333336,-0.4631686463618239,0.859965539403908
UBFC_PHYS_s06_T2_test,0,1001,33.36666666666667,-0.0591950642491224,0.6414200710791672
UBFC_PHYS_s06_T2_test,0,1002,33.4,0.37279810756603415,0.3574774299088928
UBFC_PHYS_s06_T2_test,0,1003,33.43333333333333,0.7709663070880995,0.027721576999089684
UBFC_PHYS_s06_T2_test,0,1004,33.46666666666667,1.0795943764854816,-0.31654648022252374
UBFC_PHYS_s06_T2_test,0,1005,33.5,1.2597406220923812,-0.6308313512639997
UBFC_PHYS_s06_T2_test,0,1006,33.53333333333333,1.292559188711228,-0.8792381567784379
UBFC_PHYS_s06_T2_test,0,1007,33.56666666666667,1.178295289353067,-1.033240146671784
UBFC_PHYS_s06_T2_test,0,1008,33.6,0.9357361131110558,-1.0679397997429834
UBFC_PHYS_s06_T2_test,0,1009,33.63333333333333,0.603793267706791,-0.9616738652034954
UBFC_PHYS_s06_T2_test,0,1010,33.666666666666664,0.2446777182808315,-0.717463997317842
UBFC_PHYS_s06_T2_test,0,1011,33.7,-0.05842261287395207,-0.3636897346342749
UBFC_PHYS_s06_T2_test,0,1012,33.733333333333334,-0.22294755114072667,0.05744756136076279
UBFC_PHYS_s06_T2_test,0,1013,33.766666666666666,-0.20368885481805699,0.4886010873485156
UBFC_PHYS_s06_T2_test,0,1014,33.8,-0.015258984367850087,0.8596698616306826
UBFC_PHYS_s06_T2_test,0,1015,33.833333333333336,0.2758758760570519,1.0867221532243043
UBFC_PHYS_s06_T2_test,0,1016,33.86666666666667,0.5766271786148779,1.1377240927537347
UBFC_PHYS_s06_T2_test,0,1017,33.9,0.7962269853943434,1.0318305234397147
UBFC_PHYS_s06_T2_test,0,1018,33.93333333333333,0.8730800409500638,0.795018934708082
UBFC_PHYS_s06_T2_test,0,1019,33.96666666666667,0.7887368329727488,0.46009851005835856
UBFC_PHYS_s06_T2_test,0,1020,34.0,0.5630433978855813,0.07025224233249877
UBFC_PHYS_s06_T2_test,0,1021,34.03333333333333,0.24071992973471312,-0.31980562825823067
UBFC_PHYS_s06_T2_test,0,1022,34.06666666666667,-0.1190702572673945,-0.668152935926889
UBFC_PHYS_s06_T2_test,0,1023,34.1,-0.4512258174567481,-0.944071020774589
UBFC_PHYS_s06_T2_test,0,1024,34.13333333333333,-0.6970465372281601,-1.1211687022315657
UBFC_PHYS_s06_T2_test,0,1025,34.166666666666664,-0.8212042314661155,-1.1761684862330997
UBFC_PHYS_s06_T2_test,0,1026,34.2,-0.8250433959234571,-1.0965069763936732
UBFC_PHYS_s06_T2_test,0,1027,34.233333333333334,-0.7421896683804092,-0.8803125349576228
UBFC_PHYS_s06_T2_test,0,1028,34.266666666666666,-0.6161252931788023,-0.5324587446359947
UBFC_PHYS_s06_T2_test,0,1029,34.3,-0.47897838702167106,-0.06598902245027682
UBFC_PHYS_s06_T2_test,0,1030,34.333333333333336,-0.34539542144662994,0.44977301147181403
UBFC_PHYS_s06_T2_test,0,1031,34.36666666666667,-0.21822148423591176,0.8878602553893791
UBFC_PHYS_s06_T2_test,0,1032,34.4,-0.09907334019234793,1.1748082812492675
UBFC_PHYS_s06_T2_test,0,1033,34.43333333333333,0.00361038344935888,1.2896183654389168
UBFC_PHYS_s06_T2_test,0,1034,34.46666666666667,0.0765901141114527,1.2451938502928006
UBFC_PHYS_s06_T2_test,0,1035,34.5,0.11124405249529395,1.08714013445964
UBFC_PHYS_s06_T2_test,0,1036,34.53333333333333,0.11105835527963515,0.8464250405886287
UBFC_PHYS_s06_T2_test,0,1037,34.56666666666667,0.09254441355961562,0.5396243879547794
UBFC_PHYS_s06_T2_test,0,1038,34.6,0.07738641270330593,0.17777099517374748
UBFC_PHYS_s06_T2_test,0,1039,34.63333333333333,0.0770239538450985,-0.23175065061521882
UBFC_PHYS_s06_T2_test,0,1040,34.666666666666664,0.08289659322833837,-0.646006472996447
UBFC_PHYS_s06_T2_test,0,1041,34.7,0.07503924707263462,-0.9847973752810801
UBFC_PHYS_s06_T2_test,0,1042,34.733333333333334,0.03999754983783704,-1.2034295268905524
UBFC_PHYS_s06_T2_test,0,1043,34.766666666666666,-0.01856062645775996,-1.2915590717263563
UBFC_PHYS_s06_T2_test,0,1044,34.8,-0.07781794109233418,-1.2374720377101798
UBFC_PHYS_s06_T2_test,0,1045,34.833333333333336,-0.10225670329135159,-1.027782449363668
UBFC_PHYS_s06_T2_test,0,1046,34.86666666666667,-0.06478973845018937,-0.6728082022801815
UBFC_PHYS_s06_T2_test,0,1047,34.9,0.029126966554899505,-0.20777717059770068
UBFC_PHYS_s06_T2_test,0,1048,34.93333333333333,0.1394492867395205,0.2953686490007442
UBFC_PHYS_s06_T2_test,0,1049,34.96666666666667,0.21387722116060745,0.7267063927835283
UBFC_PHYS_s06_T2_test,0,1050,35.0,0.2128365341975624,1.0180646012723733
UBFC_PHYS_s06_T2_test,0,1051,35.03333333333333,0.12240540208946331,1.1418877605542015
UBFC_PHYS_s06_T2_test,0,1052,35.06666666666667,-0.04332321449422717,1.110291843843779
UBFC_PHYS_s06_T2_test,0,1053,35.1,-0.24741226858921994,0.9738227717315205
UBFC_PHYS_s06_T2_test,0,1054,35.13333333333333,-0.4429596004568655,0.7579231507315537
UBFC_PHYS_s06_T2_test,0,1055,35.166666666666664,-0.588662537716416,0.4631781481611237
UBFC_PHYS_s06_T2_test,0,1056,35.2,-0.6580953227480832,0.1102020283514358
UBFC_PHYS_s06_T2_test,0,1057,35.233333333333334,-0.64215408141067,-0.25883698192991034
UBFC_PHYS_s06_T2_test,0,1058,35.266666666666666,-0.5488909981520392,-0.6005217727382854
UBFC_PHYS_s06_T2_test,0,1059,35.3,-0.3979331026712977,-0.8687835987122244
UBFC_PHYS_s06_T2_test,0,1060,35.333333333333336,-0.20964600464282723,-1.0397379932439055
UBFC_PHYS_s06_T2_test,0,1061,35.36666666666667,0.000967071065193767,-1.1104432935425248
UBFC_PHYS_s06_T2_test,0,1062,35.4,0.2217602736467492,-1.0570950688997387
UBFC_PHYS_s06_T2_test,0,1063,35.43333333333333,0.4385355309132462,-0.8352026679790185
UBFC_PHYS_s06_T2_test,0,1064,35.46666666666667,0.632601307057912,-0.4435187753473362
UBFC_PHYS_s06_T2_test,0,1065,35.5,0.7826938957113588,0.07433260509173031
UBFC_PHYS_s06_T2_test,0,1066,35.53333333333333,0.8711018310330032,0.6186479035938203
UBFC_PHYS_s06_T2_test,0,1067,35.56666666666667,0.888963053728861,1.0328016790694008
UBFC_PHYS_s06_T2_test,0,1068,35.6,0.8362484754590683,1.2474866927196513
UBFC_PHYS_s06_T2_test,0,1069,35.63333333333333,0.7191115124134994,1.2797410540225571
UBFC_PHYS_s06_T2_test,0,1070,35.666666666666664,0.5486737189744835,1.1501159965578278
UBFC_PHYS_s06_T2_test,0,1071,35.7,0.34056583999463763,0.8818558171154135
UBFC_PHYS_s06_T2_test,0,1072,35.733333333333334,0.11342428720774786,0.5063226782626689
UBFC_PHYS_s06_T2_test,0,1073,35.766666666666666,-0.11301191163068713,0.06402355102302362
UBFC_PHYS_s06_T2_test,0,1074,35.8,-0.3192972248067212,-0.390773718088412
UBFC_PHYS_s06_T2_test,0,1075,35.833333333333336,-0.4876151605458046,-0.788424240784509
UBFC_PHYS_s06_T2_test,0,1076,35.86666666666667,-0.6038888174893199,-1.084150783782688
UBFC_PHYS_s06_T2_test,0,1077,35.9,-0.660832269696718,-1.2564772413653933
UBFC_PHYS_s06_T2_test,0,1078,35.93333333333333,-0.6601235884017385,-1.289312378731482
UBFC_PHYS_s06_T2_test,0,1079,35.96666666666667,-0.6112464976986376,-1.17117924731466
UBFC_PHYS_s06_T2_test,0,1080,36.0,-0.5271752056261483,-0.895433011830713
UBFC_PHYS_s06_T2_test,0,1081,36.03333333333333,-0.4193290612899379,-0.46130911395106783
UBFC_PHYS_s06_T2_test,0,1082,36.06666666666667,-0.29455925608649636,0.06257347662612327
UBFC_PHYS_s06_T2_test,0,1083,36.1,-0.15589246741318924,0.5370603570557769
UBFC_PHYS_s06_T2_test,0,1084,36.13333333333333,-0.005798750999732285,0.882682767224468
UBFC_PHYS_s06_T2_test,0,1085,36.166666666666664,0.15073372933704132,1.0785259551459543
UBFC_PHYS_s06_T2_test,0,1086,36.2,0.304171026989394,1.1357838478848854
UBFC_PHYS_s06_T2_test,0,1087,36.233333333333334,0.4398412262170882,1.0960145514554616
UBFC_PHYS_s06_T2_test,0,1088,36.266666666666666,0.5402608785997297,0.9691988266411976
UBFC_PHYS_s06_T2_test,0,1089,36.3,0.5895229702148514,0.7337249779325306
UBFC_PHYS_s06_T2_test,0,1090,36.333333333333336,0.5778851139029715,0.40058617614580355
UBFC_PHYS_s06_T2_test,0,1091,36.36666666666667,0.5073100727121981,0.014745164542122713
UBFC_PHYS_s06_T2_test,0,1092,36.4,0.3942183394576371,-0.37900552273229016
UBFC_PHYS_s06_T2_test,0,1093,36.43333333333333,0.262286814147778,-0.7345713709201694
UBFC_PHYS_s06_T2_test,0,1094,36.46666666666667,0.1307927750379698,-1.0209584562277347
UBFC_PHYS_s06_T2_test,0,1095,36.5,0.011811788392254167,-1.2206216310937401
UBFC_PHYS_s06_T2_test,0,1096,36.53333333333333,-0.08474754921649269,-1.2942746970267074
UBFC_PHYS_s06_T2_test,0,1097,36.56666666666667,-0.15023757306317229,-1.1805993913319532
UBFC_PHYS_s06_T2_test,0,1098,36.6,-0.1825814149940369,-0.8640856241860527
UBFC_PHYS_s06_T2_test,0,1099,36.63333333333333,-0.1898309935366123,-0.376306438668507
UBFC_PHYS_s06_T2_test,0,1100,36.666666666666664,-0.18773099870331655,0.19270737024063825
UBFC_PHYS_s06_T2_test,0,1101,36.7,-0.19295546943963243,0.6935489863582261
UBFC_PHYS_s06_T2_test,0,1102,36.733333333333334,-0.21496409970800084,1.039582660048253
UBFC_PHYS_s06_T2_test,0,1103,36.766666666666666,-0.2508193215098027,1.2058358452611395
UBFC_PHYS_s06_T2_test,0,1104,36.8,-0.28738707641814853,1.1994960507808945
UBFC_PHYS_s06_T2_test,0,1105,36.833333333333336,-0.3093681698072284,1.0585046387215982
UBFC_PHYS_s06_T2_test,0,1106,36.86666666666667,-0.3070387666752377,0.8117985975970722
UBFC_PHYS_s06_T2_test,0,1107,36.9,-0.2800928846929954,0.4794898115696581
UBFC_PHYS_s06_T2_test,0,1108,36.93333333333333,-0.2361306632006991,0.09178951899378854
UBFC_PHYS_s06_T2_test,0,1109,36.96666666666667,-0.18437399545555025,-0.3094675684259006
UBFC_PHYS_s06_T2_test,0,1110,37.0,-0.13036579513704152,-0.6673755343275811
UBFC_PHYS_s06_T2_test,0,1111,37.03333333333333,-0.07691287794754771,-0.9087001745491795
UBFC_PHYS_s06_T2_test,0,1112,37.06666666666667,-0.028468997824987168,-0.9769950741248786
UBFC_PHYS_s06_T2_test,0,1113,37.1,0.007154751975149309,-0.8324731364583658
UBFC_PHYS_s06_T2_test,0,1114,37.13333333333333,0.021695119446176952,-0.5068947478642554
UBFC_PHYS_s06_T2_test,0,1115,37.166666666666664,0.012931768687477106,-0.10366188346344285
UBFC_PHYS_s06_T2_test,0,1116,37.2,-0.008926216466749813,0.2851708349181232
UBFC_PHYS_s06_T2_test,0,1117,37.233333333333334,-0.023050244564875984,0.5786848517363835
UBFC_PHYS_s06_T2_test,0,1118,37.266666666666666,-0.010644822793132648,0.7317949975661688
UBFC_PHYS_s06_T2_test,0,1119,37.3,0.03350236823308109,0.734470699582177
UBFC_PHYS_s06_T2_test,0,1120,37.333333333333336,0.1013471868538957,0.6090270136811251
UBFC_PHYS_s06_T2_test,0,1121,37.36666666666667,0.17798366531837131,0.4094876627153444
UBFC_PHYS_s06_T2_test,0,1122,37.4,0.24646569400264995,0.17059128278625507
UBFC_PHYS_s06_T2_test,0,1123,37.43333333333333,0.2926846010352911,-0.09175571490158216
UBFC_PHYS_s06_T2_test,0,1124,37.46666666666667,0.30995611376813953,-0.3604774219088485
UBFC_PHYS_s06_T2_test,0,1125,37.5,0.29902350193674404,-0.6159201229595971
UBFC_PHYS_s06_T2_test,0,1126,37.53333333333333,0.26449683333328555,-0.8169257643622412
UBFC_PHYS_s06_T2_test,0,1127,37.56666666666667,0.21237730824389667,-0.9001731564737367
UBFC_PHYS_s06_T2_test,0,1128,37.6,0.14945673821922642,-0.8326729357254099
UBFC_PHYS_s06_T2_test,0,1129,37.63333333333333,0.08217326504416762,-0.612115509330651
UBFC_PHYS_s06_T2_test,0,1130,37.666666666666664,0.015112443653382542,-0.2673814892381996
UBFC_PHYS_s06_T2_test,0,1131,37.7,-0.04825667289786635,0.1407076969850361
UBFC_PHYS_s06_T2_test,0,1132,37.733333333333334,-0.10360667419514505,0.5387153336576492
UBFC_PHYS_s06_T2_test,0,1133,37.766666666666666,-0.14603349663051757,0.8397724242593577
UBFC_PHYS_s06_T2_test,0,1134,37.8,-0.17212207014050715,0.9842458780217279
UBFC_PHYS_s06_T2_test,0,1135,37.833333333333336,-0.18107746049634976,0.9392871535056224
UBFC_PHYS_s06_T2_test,0,1136,37.86666666666667,-0.17452646621772996,0.7132027575530282
UBFC_PHYS_s06_T2_test,0,1137,37.9,-0.1550514289367872,0.3555232142936742
UBFC_PHYS_s06_T2_test,0,1138,37.93333333333333,-0.12420394095329482,-0.0652761777377078
UBFC_PHYS_s06_T2_test,0,1139,37.96666666666667,-0.08321717098283023,-0.4612005719111392
UBFC_PHYS_s06_T2_test,0,1140,38.0,-0.03609085169355981,-0.7772114038840048
UBFC_PHYS_s06_T2_test,0,1141,38.03333333333333,0.01053845629396582,-0.9899934054583572
UBFC_PHYS_s06_T2_test,0,1142,38.06666666666667,0.05118800319463297,-1.0803719503755127
UBFC_PHYS_s06_T2_test,0,1143,38.1,0.08267172420264637,-1.0323635895183996
UBFC_PHYS_s06_T2_test,0,1144,38.13333333333333,0.10153288226165842,-0.832975288327369
UBFC_PHYS_s06_T2_test,0,1145,38.166666666666664,0.10346486764804408,-0.47294979623931566
UBFC_PHYS_s06_T2_test,0,1146,38.2,0.08665212752047083,0.0011215724018303064
UBFC_PHYS_s06_T2_test,0,1147,38.233333333333334,0.05422399366845751,0.4855329517930328
UBFC_PHYS_s06_T2_test,0,1148,38.266666666666666,0.010855588350641727,0.9043525916534839
UBFC_PHYS_s06_T2_test,0,1149,38.3,-0.04453501922679827,1.2081143820367806
UBFC_PHYS_s06_T2_test,0,1150,38.333333333333336,-0.12001982464261166,1.350625582611051
UBFC_PHYS_s06_T2_test,0,1151,38.36666666666667,-0.21935876883032887,1.2881046612151819
UBFC_PHYS_s06_T2_test,0,1152,38.4,-0.32862588863808906,1.035568756716167
UBFC_PHYS_s06_T2_test,0,1153,38.43333333333333,-0.4185567268955238,0.6668443848879338
UBFC_PHYS_s06_T2_test,0,1154,38.46666666666667,-0.4624561359489243,0.23882307565420732
UBFC_PHYS_s06_T2_test,0,1155,38.5,-0.4495512648762984,-0.20752889011179299
UBFC_PHYS_s06_T2_test,0,1156,38.53333333333333,-0.38152085854086615,-0.617114881915074
UBFC_PHYS_s06_T2_test,0,1157,38.56666666666667,-0.26229735385823805,-0.9190825828856927
UBFC_PHYS_s06_T2_test,0,1158,38.6,-0.09510576320308783,-1.0831120411686612
UBFC_PHYS_s06_T2_test,0,1159,38.63333333333333,0.11227125736145908,-1.118108682060299
UBFC_PHYS_s06_T2_test,0,1160,38.666666666666664,0.3408555530680656,-1.0121240839236543
UBFC_PHYS_s06_T2_test,0,1161,38.7,0.5591939143459665,-0.7324346191484672
UBFC_PHYS_s06_T2_test,0,1162,38.733333333333334,0.7309922155407458,-0.30691626602258537
UBFC_PHYS_s06_T2_test,0,1163,38.766666666666666,0.8284470875282267,0.1747654329670142
UBFC_PHYS_s06_T2_test,0,1164,38.8,0.842463315020038,0.6106249367646297
UBFC_PHYS_s06_T2_test,0,1165,38.833333333333336,0.782435263398292,0.8858513799164874
UBFC_PHYS_s06_T2_test,0,1166,38.86666666666667,0.6664961426783494,0.9747981921771243
UBFC_PHYS_s06_T2_test,0,1167,38.9,0.5114831602576241,0.9397570256461804
UBFC_PHYS_s06_T2_test,0,1168,38.93333333333333,0.3299499794683899,0.8033304514333537
UBFC_PHYS_s06_T2_test,0,1169,38.96666666666667,0.1318883750574358,0.5480397273233958
UBFC_PHYS_s06_T2_test,0,1170,39.0,-0.07202417077975412,0.1995295262741112
UBFC_PHYS_s06_T2_test,0,1171,39.03333333333333,-0.26401443838576744,-0.17233358734648851
UBFC_PHYS_s06_T2_test,0,1172,39.06666666666667,-0.4163853030814382,-0.5169506408890242
UBFC_PHYS_s06_T2_test,0,1173,39.1,-0.5036471097418752,-0.8017778853841546
UBFC_PHYS_s06_T2_test,0,1174,39.13333333333333,-0.5207657297512528,-1.0000543802393163
UBFC_PHYS_s06_T2_test,0,1175,39.166666666666664,-0.48614772729744926,-1.0895327074351648
UBFC_PHYS_s06_T2_test,0,1176,39.2,-0.4266284200318453,-1.0569887175251154
UBFC_PHYS_s06_T2_test,0,1177,39.233333333333334,-0.3618446162772989,-0.8979706919930255
UBFC_PHYS_s06_T2_test,0,1178,39.266666666666666,-0.3015601059845677,-0.6069331317533653
UBFC_PHYS_s06_T2_test,0,1179,39.3,-0.2517361983372103,-0.1785536121210202
UBFC_PHYS_s06_T2_test,0,1180,39.333333333333336,-0.21645594776152055,0.31519315362289274
UBFC_PHYS_s06_T2_test,0,1181,39.36666666666667,-0.19335959816147855,0.7240166740642464
UBFC_PHYS_s06_T2_test,0,1182,39.4,-0.17262305966966474,0.9743912407029869
UBFC_PHYS_s06_T2_test,0,1183,39.43333333333333,-0.14389026693386028,1.0687224074800323
UBFC_PHYS_s06_T2_test,0,1184,39.46666666666667,-0.103275836625386,1.0267618306837214
UBFC_PHYS_s06_T2_test,0,1185,39.5,-0.05297036447595739,0.8843454820452197
UBFC_PHYS_s06_T2_test,0,1186,39.53333333333333,0.003610188388160771,0.6755374706911975
UBFC_PHYS_s06_T2_test,0,1187,39.56666666666667,0.06329274504476606,0.43266086790856945
UBFC_PHYS_s06_T2_test,0,1188,39.6,0.12077467463054511,0.16702879908046625
UBFC_PHYS_s06_T2_test,0,1189,39.63333333333333,0.16877428937343425,-0.12964097770344368
UBFC_PHYS_s06_T2_test,0,1190,39.666666666666664,0.2020782154249331,-0.44103055726847024
UBFC_PHYS_s06_T2_test,0,1191,39.7,0.22078372302715113,-0.7245604885192128
UBFC_PHYS_s06_T2_test,0,1192,39.733333333333334,0.2295706493559338,-0.9384335923434268
UBFC_PHYS_s06_T2_test,0,1193,39.766666666666666,0.2328546163009123,-1.0408002220354116
UBFC_PHYS_s06_T2_test,0,1194,39.8,0.22908263673164767,-0.9956610511329156
UBFC_PHYS_s06_T2_test,0,1195,39.833333333333336,0.21059407953900408,-0.7731647884003638
UBFC_PHYS_s06_T2_test,0,1196,39.86666666666667,0.1701119288277125,-0.40365584489794426
UBFC_PHYS_s06_T2_test,0,1197,39.9,0.10658988461339372,0.02160970021260146
UBFC_PHYS_s06_T2_test,0,1198,39.93333333333333,0.02513222686227656,0.4260974077702807
UBFC_PHYS_s06_T2_test,0,1199,39.96666666666667,-0.06644702817057208,0.7471566712383833
UBFC_PHYS_s06_T2_test,0,1200,40.0,-0.15901723428115125,0.953115455175169
UBFC_PHYS_s06_T2_test,0,1201,40.03333333333333,-0.23992879985450385,1.0419006987429449
UBFC_PHYS_s06_T2_test,0,1202,40.06666666666667,-0.2933765176307319,1.0228242278511428
UBFC_PHYS_s06_T2_test,0,1203,40.1,-0.30978528282189793,0.9156937677497243
UBFC_PHYS_s06_T2_test,0,1204,40.13333333333333,-0.29516328972958833,0.7310146530964688
UBFC_PHYS_s06_T2_test,0,1205,40.166666666666664,-0.26399094680890794,0.4704778230392297
UBFC_PHYS_s06_T2_test,0,1206,40.2,-0.2215394460055349,0.1507763961635958
UBFC_PHYS_s06_T2_test,0,1207,40.233333333333334,-0.1597512685765805,-0.19498064617875452
UBFC_PHYS_s06_T2_test,0,1208,40.266666666666666,-0.07106007542791815,-0.5368578927929257
UBFC_PHYS_s06_T2_test,0,1209,40.3,0.03912938258522513,-0.8464516033523923
UBFC_PHYS_s06_T2_test,0,1210,40.333333333333336,0.15193524069032194,-1.0916110931646068
UBFC_PHYS_s06_T2_test,0,1211,40.36666666666667,0.24250044599362094,-1.235127233052575
UBFC_PHYS_s06_T2_test,0,1212,40.4,0.29207081315729916,-1.2421146086658648
UBFC_PHYS_s06_T2_test,0,1213,40.43333333333333,0.29771245441645094,-1.0799811819904164
UBFC_PHYS_s06_T2_test,0,1214,40.46666666666667,0.2691724821386754,-0.7581182140611971
UBFC_PHYS_s06_T2_test,0,1215,40.5,0.21749262472500838,-0.3287983795905105
UBFC_PHYS_s06_T2_test,0,1216,40.53333333333333,0.15069478361175687,0.130437793537299
UBFC_PHYS_s06_T2_test,0,1217,40.56666666666667,0.07625350266745434,0.5159208969252667
UBFC_PHYS_s06_T2_test,0,1218,40.6,-0.0007087159097249156,0.775593128202217
UBFC_PHYS_s06_T2_test,0,1219,40.63333333333333,-0.08035227290993854,0.9077204819252417
UBFC_PHYS_s06_T2_test,0,1220,40.666666666666664,-0.16308830916592373,0.922727126940697
UBFC_PHYS_s06_T2_test,0,1221,40.7,-0.24239742387818639,0.8419219235897499
UBFC_PHYS_s06_T2_test,0,1222,40.733333333333334,-0.3054602088081835,0.6851385805876383
UBFC_PHYS_s06_T2_test,0,1223,40.766666666666666,-0.3384529592684718,0.47072023802538077
UBFC_PHYS_s06_T2_test,0,1224,40.8,-0.3299188476484849,0.22750330384683395
UBFC_PHYS_s06_T2_test,0,1225,40.833333333333336,-0.2734165394217648,-0.0044947018773978074
UBFC_PHYS_s06_T2_test,0,1226,40.86666666666667,-0.1702558417669482,-0.22456973982972278
UBFC_PHYS_s06_T2_test,0,1227,40.9,-0.03069477927982682,-0.4697027437638153
UBFC_PHYS_s06_T2_test,0,1228,40.93333333333333,0.12549166550673807,-0.7229931676252614
UBFC_PHYS_s06_T2_test,0,1229,40.96666666666667,0.2731106053146608,-0.9124010920900774
UBFC_PHYS_s06_T2_test,0,1230,41.0,0.39479607686749774,-0.9787118433267322
UBFC_PHYS_s06_T2_test,0,1231,41.03333333333333,0.49005403239497214,-0.8758962852872009
UBFC_PHYS_s06_T2_test,0,1232,41.06666666666667,0.5650661690638238,-0.5862300578822772
UBFC_PHYS_s06_T2_test,0,1233,41.1,0.6160866725231293,-0.12155196405648583
UBFC_PHYS_s06_T2_test,0,1234,41.13333333333333,0.6279427457926652,0.4321263355934971
UBFC_PHYS_s06_T2_test,0,1235,41.166666666666664,0.5857199154794828,0.9137606821594784
UBFC_PHYS_s06_T2_test,0,1236,41.2,0.4849598704249387,1.2226014601970454
UBFC_PHYS_s06_T2_test,0,1237,41.233333333333334,0.3342201624238794,1.3176437090456647
UBFC_PHYS_s06_T2_test,0,1238,41.266666666666666,0.15236321850260073,1.203731115829322
UBFC_PHYS_s06_T2_test,0,1239,41.3,-0.03591744090948016,0.9307435065572373
UBFC_PHYS_s06_T2_test,0,1240,41.333333333333336,-0.2051497044657145,0.555979751750672
UBFC_PHYS_s06_T2_test,0,1241,41.36666666666667,-0.33542722837778355,0.14448053662778015
UBFC_PHYS_s06_T2_test,0,1242,41.4,-0.4200405073396972,-0.2476928637796211
UBFC_PHYS_s06_T2_test,0,1243,41.43333333333333,-0.4701847917227776,-0.5721013991136683
UBFC_PHYS_s06_T2_test,0,1244,41.46666666666667,-0.5091460494182313,-0.818504336282422
UBFC_PHYS_s06_T2_test,0,1245,41.5,-0.555879497700657,-1.0128053935886558
UBFC_PHYS_s06_T2_test,0,1246,41.53333333333333,-0.6118792084202489,-1.1518785025212308
UBFC_PHYS_s06_T2_test,0,1247,41.56666666666667,-0.663714847612644,-1.2022463629871116
UBFC_PHYS_s06_T2_test,0,1248,41.6,-0.695744455964847,-1.124931712743622
UBFC_PHYS_s06_T2_test,0,1249,41.63333333333333,-0.6990036185242743,-0.8762085463953432
UBFC_PHYS_s06_T2_test,0,1250,41.666666666666664,-0.6696912298302369,-0.4626331751571039
UBFC_PHYS_s06_T2_test,0,1251,41.7,-0.600280812385038,0.05736519199327206
UBFC_PHYS_s06_T2_test,0,1252,41.733333333333334,-0.4743229328379003,0.5837697061463759
UBFC_PHYS_s06_T2_test,0,1253,41.766666666666666,-0.27611982950600883,0.9741298581148773
UBFC_PHYS_s06_T2_test,0,1254,41.8,-0.010133120281708683,1.1672689448522693
UBFC_PHYS_s06_T2_test,0,1255,41.833333333333336,0.2902744415078622,1.182249406699035
UBFC_PHYS_s06_T2_test,0,1256,41.86666666666667,0.5761253425958448,1.0669592100440326
UBFC_PHYS_s06_T2_test,0,1257,41.9,0.807263202867119,0.8966311175249231
UBFC_PHYS_s06_T2_test,0,1258,41.93333333333333,0.967761867176971,0.6976497099639245
UBFC_PHYS_s06_T2_test,0,1259,41.96666666666667,1.062050358268925,0.4480261859600294
UBFC_PHYS_s06_T2_test,0,1260,42.0,1.099597753403371,0.15118355052804783
UBFC_PHYS_s06_T2_test,0,1261,42.03333333333333,1.0834723371703525,-0.16233237514731183
UBFC_PHYS_s06_T2_test,0,1262,42.06666666666667,1.0078317675546153,-0.465186258434257
UBFC_PHYS_s06_T2_test,0,1263,42.1,0.8600070142338041,-0.7317717368724037
UBFC_PHYS_s06_T2_test,0,1264,42.13333333333333,0.6265445633147013,-0.931961470174564
UBFC_PHYS_s06_T2_test,0,1265,42.166666666666664,0.30537072500799567,-1.0300469381402024
UBFC_PHYS_s06_T2_test,0,1266,42.2,-0.08108254267060493,-0.9987907579353008
UBFC_PHYS_s06_T2_test,0,1267,42.233333333333334,-0.4837860954974904,-0.8195001971781504
UBFC_PHYS_s06_T2_test,0,1268,42.266666666666666,-0.8423009039514828,-0.517569777495813
UBFC_PHYS_s06_T2_test,0,1269,42.3,-1.1071270138254963,-0.16303801111161598
UBFC_PHYS_s06_T2_test,0,1270,42.333333333333336,-1.2513842777381752,0.1595761230050107
UBFC_PHYS_s06_T2_test,0,1271,42.36666666666667,-1.2671726176091376,0.35115265049554967
UBFC_PHYS_s06_T2_test,0,1272,42.4,-1.1578927779121697,0.4060813505284245
UBFC_PHYS_s06_T2_test,0,1273,42.43333333333333,-0.9375348163708772,0.4110271325846388
UBFC_PHYS_s06_T2_test,0,1274,42.46666666666667,-0.6364919507050308,0.3900421516529017
UBFC_PHYS_s06_T2_test,0,1275,42.5,-0.30311360749821226,0.30380940613060403
UBFC_PHYS_s06_T2_test,0,1276,42.53333333333333,0.008189557838207961,0.16566762284361106
UBFC_PHYS_s06_T2_test,0,1277,42.56666666666667,0.2569161542316074,0.04181609593940145
UBFC_PHYS_s06_T2_test,0,1278,42.6,0.42954132820335145,-0.049919037608278205
UBFC_PHYS_s06_T2_test,0,1279,42.63333333333333,0.5371341791629654,-0.1397375951620139
UBFC_PHYS_s06_T2_test,0,1280,42.666666666666664,0.6002114792247344,-0.22409700053835313
UBFC_PHYS_s06_T2_test,0,1281,42.7,0.631255995159143,-0.2651934967782628
UBFC_PHYS_s06_T2_test,0,1282,42.733333333333334,0.6275973267995185,-0.22337454087725536
UBFC_PHYS_s06_T2_test,0,1283,42.766666666666666,0.5789419809270255,-0.05800376481599924
UBFC_PHYS_s06_T2_test,0,1284,42.8,0.48118559354315216,0.20867657090500785
UBFC_PHYS_s06_T2_test,0,1285,42.833333333333336,0.34584187458888727,0.49099155204248185
UBFC_PHYS_s06_T2_test,0,1286,42.86666666666667,0.20031277097360412,0.7081374099887315
UBFC_PHYS_s06_T2_test,0,1287,42.9,0.07776428164928074,0.7844850646066137
UBFC_PHYS_s06_T2_test,0,1288,42.93333333333333,0.0005241765905473726,0.7118445332236965
UBFC_PHYS_s06_T2_test,0,1289,42.96666666666667,-0.031136595575856636,0.5491609058996626
UBFC_PHYS_s06_T2_test,0,1290,43.0,-0.035483399222072214,0.3362943596365235
UBFC_PHYS_s06_T2_test,0,1291,43.03333333333333,-0.03498731826586959,0.09405142071038708
UBFC_PHYS_s06_T2_test,0,1292,43.06666666666667,-0.043731507497166276,-0.157992882112682
UBFC_PHYS_s06_T2_test,0,1293,43.1,-0.06451285368857196,-0.4003060444917253
UBFC_PHYS_s06_T2_test,0,1294,43.13333333333333,-0.09291733891382246,-0.6224884478189125
UBFC_PHYS_s06_T2_test,0,1295,43.166666666666664,-0.12269349221346462,-0.8218210917242731
UBFC_PHYS_s06_T2_test,0,1296,43.2,-0.15042120750605806,-0.978667211970367
UBFC_PHYS_s06_T2_test,0,1297,43.233333333333334,-0.1769113832307342,-1.0556001426718662
UBFC_PHYS_s06_T2_test,0,1298,43.266666666666666,-0.2023220391261296,-1.0113563397263572
UBFC_PHYS_s06_T2_test,0,1299,43.3,-0.2201550100767466,-0.8014716117849825
UBFC_PHYS_s06_T2_test,0,1300,43.333333333333336,-0.2197130876041309,-0.4373471697703166
UBFC_PHYS_s06_T2_test,0,1301,43.36666666666667,-0.19578616553709788,0.012568938951585173
UBFC_PHYS_s06_T2_test,0,1302,43.4,-0.15396625598750596,0.47554925213742755
UBFC_PHYS_s06_T2_test,0,1303,43.43333333333333,-0.10485733841716258,0.8734490062172582
UBFC_PHYS_s06_T2_test,0,1304,43.46666666666667,-0.05335787584781574,1.1453781563430945
UBFC_PHYS_s06_T2_test,0,1305,43.5,0.0034663775748228053,1.2465971821941628
UBFC_PHYS_s06_T2_test,0,1306,43.53333333333333,0.06499768421851743,1.1692482513694378
UBFC_PHYS_s06_T2_test,0,1307,43.56666666666667,0.11720380428636915,0.9418554249264778
UBFC_PHYS_s06_T2_test,0,1308,43.6,0.14049750142688971,0.6130480830532206
UBFC_PHYS_s06_T2_test,0,1309,43.63333333333333,0.1258857992135045,0.2517964980751339
UBFC_PHYS_s06_T2_test,0,1310,43.666666666666664,0.07938294180027361,-0.10012462506121851
UBFC_PHYS_s06_T2_test,0,1311,43.7,0.01453028243396303,-0.42673764615746074
UBFC_PHYS_s06_T2_test,0,1312,43.733333333333334,-0.05428468877815927,-0.7074121715891565
UBFC_PHYS_s06_T2_test,0,1313,43.766666666666666,-0.11462654783433739,-0.9151036962318594
UBFC_PHYS_s06_T2_test,0,1314,43.8,-0.15856606283149177,-1.0271525501050431
UBFC_PHYS_s06_T2_test,0,1315,43.833333333333336,-0.1839468132894357,-1.024436195031326
UBFC_PHYS_s06_T2_test,0,1316,43.86666666666667,-0.1926266825814554,-0.8824382413686194
UBFC_PHYS_s06_T2_test,0,1317,43.9,-0.18776231207930258,-0.5719682457320544
UBFC_PHYS_s06_T2_test,0,1318,43.93333333333333,-0.17246078578568558,-0.13672969522556283
UBFC_PHYS_s06_T2_test,0,1319,43.96666666666667,-0.14997573433465544,0.3057135321015741
UBFC_PHYS_s06_T2_test,0,1320,44.0,-0.12348426008242885,0.6681219620016242
UBFC_PHYS_s06_T2_test,0,1321,44.03333333333333,-0.09341166134329196,0.8929177892143808
UBFC_PHYS_s06_T2_test,0,1322,44.06666666666667,-0.05451068348711421,0.9496388677923676
UBFC_PHYS_s06_T2_test,0,1323,44.1,0.0022711988407680267,0.8341978498354969
UBFC_PHYS_s06_T2_test,0,1324,44.13333333333333,0.08295337386954421,0.5789512180567671
UBFC_PHYS_s06_T2_test,0,1325,44.166666666666664,0.1846696502110135,0.25258676472130687
UBFC_PHYS_s06_T2_test,0,1326,44.2,0.29562182132938314,-0.09620397225672049
UBFC_PHYS_s06_T2_test,0,1327,44.233333333333334,0.3994318732486827,-0.4377969740899917
UBFC_PHYS_s06_T2_test,0,1328,44.266666666666666,0.4790846565282991,-0.7343100466720989
UBFC_PHYS_s06_T2_test,0,1329,44.3,0.5188613626409888,-0.938254259861629
UBFC_PHYS_s06_T2_test,0,1330,44.333333333333336,0.5081868245293051,-1.0177355073412997
UBFC_PHYS_s06_T2_test,0,1331,44.36666666666667,0.44969737170982654,-0.9559217480108735
UBFC_PHYS_s06_T2_test,0,1332,44.4,0.36409572017555225,-0.7308143882965165
UBFC_PHYS_s06_T2_test,0,1333,44.43333333333333,0.2812925590990752,-0.3163363353297453
UBFC_PHYS_s06_T2_test,0,1334,44.46666666666667,0.2197785087328678,0.22712221956163536
UBFC_PHYS_s06_T2_test,0,1335,44.5,0.17106923224986612,0.751463337086729
UBFC_PHYS_s06_T2_test,0,1336,44.53333333333333,0.10678160343727976,1.1550555595607745
UBFC_PHYS_s06_T2_test,0,1337,44.56666666666667,0.006939454380769455,1.381899490679852
UBFC_PHYS_s06_T2_test,0,1338,44.6,-0.118182354770554,1.4014509549681295
UBFC_PHYS_s06_T2_test,0,1339,44.63333333333333,-0.2383651803013795,1.2078789747604421
UBFC_PHYS_s06_T2_test,0,1340,44.666666666666664,-0.3320211751996107,0.8422780826861589
UBFC_PHYS_s06_T2_test,0,1341,44.7,-0.3973929050701838,0.39288447594716985
UBFC_PHYS_s06_T2_test,0,1342,44.733333333333334,-0.4407566353235592,-0.06968514149504254
UBFC_PHYS_s06_T2_test,0,1343,44.766666666666666,-0.46428922527952304,-0.4912278812521733
UBFC_PHYS_s06_T2_test,0,1344,44.8,-0.46351032790116714,-0.838682863219526
UBFC_PHYS_s06_T2_test,0,1345,44.833333333333336,-0.43017484812743934,-1.098041797702893
UBFC_PHYS_s06_T2_test,0,1346,44.86666666666667,-0.3600708330251779,-1.253011001305247
UBFC_PHYS_s06_T2_test,0,1347,44.9,-0.2607280925935377,-1.2836060488780487
UBFC_PHYS_s06_T2_test,0,1348,44.93333333333333,-0.15005161172184467,-1.1742894318929677
UBFC_PHYS_s06_T2_test,0,1349,44.96666666666667,-0.04790579114291938,-0.914192036358439
UBFC_PHYS_s06_T2_test,0,1350,45.0,0.03174807613562099,-0.5159973206338996
UBFC_PHYS_s06_T2_test,0,1351,45.03333333333333,0.08529436764480496,-0.017442752329558664
UBFC_PHYS_s06_T2_test,0,1352,45.06666666666667,0.11830341045902633,0.496149440922022
UBFC_PHYS_s06_T2_test,0,1353,45.1,0.13889155845028753,0.8907478274140104
UBFC_PHYS_s06_T2_test,0,1354,45.13333333333333,0.15142166194411535,1.10800586095353
UBFC_PHYS_s06_T2_test,0,1355,45.166666666666664,0.15366354953322017,1.1641032570151613
UBFC_PHYS_s06_T2_test,0,1356,45.2,0.1375173375176359,1.0774920017062892
UBFC_PHYS_s06_T2_test,0,1357,45.233333333333334,0.09580327384349997,0.8679534773802074
UBFC_PHYS_s06_T2_test,0,1358,45.266666666666666,0.031709368038805724,0.555596319712945
UBFC_PHYS_s06_T2_test,0,1359,45.3,-0.03982551604930792,0.161774157482797
UBFC_PHYS_s06_T2_test,0,1360,45.333333333333336,-0.10022892644401435,-0.2628853691493205
UBFC_PHYS_s06_T2_test,0,1361,45.36666666666667,-0.13589189830794696,-0.6371174254684773
UBFC_PHYS_s06_T2_test,0,1362,45.4,-0.1426339224830264,-0.9081100551449286
UBFC_PHYS_s06_T2_test,0,1363,45.43333333333333,-0.12532147351051526,-1.0503430085881498
UBFC_PHYS_s06_T2_test,0,1364,45.46666666666667,-0.0920327293219131,-1.0451633533649736
UBFC_PHYS_s06_T2_test,0,1365,45.5,-0.04835197414840588,-0.880304192812034
UBFC_PHYS_s06_T2_test,0,1366,45.53333333333333,0.0009208762155605756,-0.5644781965917227
UBFC_PHYS_s06_T2_test,0,1367,45.56666666666667,0.045496278049845254,-0.12831095490299277
UBFC_PHYS_s06_T2_test,0,1368,45.6,0.06876300495924874,0.347357947662617
UBFC_PHYS_s06_T2_test,0,1369,45.63333333333333,0.05628415865718027,0.7306742901832598
UBFC_PHYS_s06_T2_test,0,1370,45.666666666666664,0.005607586612016741,0.9694194249358592
UBFC_PHYS_s06_T2_test,0,1371,45.7,-0.07358507702710496,1.0897657394233107
UBFC_PHYS_s06_T2_test,0,1372,45.733333333333334,-0.1674930039223918,1.0933425767439091
UBFC_PHYS_s06_T2_test,0,1373,45.766666666666666,-0.2616074084264019,0.9563293650830361
UBFC_PHYS_s06_T2_test,0,1374,45.8,-0.33511070746840105,0.6814351048307637
UBFC_PHYS_s06_T2_test,0,1375,45.833333333333336,-0.357818152254174,0.2988096672867149
UBFC_PHYS_s06_T2_test,0,1376,45.86666666666667,-0.3018013706194447,-0.14432820325752926
UBFC_PHYS_s06_T2_test,0,1377,45.9,-0.16176102625624808,-0.5822991767526677
UBFC_PHYS_s06_T2_test,0,1378,45.93333333333333,0.039272772335825386,-0.9612959365886262
UBFC_PHYS_s06_T2_test,0,1379,45.96666666666667,0.2692469151132192,-1.2377865110605752
UBFC_PHYS_s06_T2_test,0,1380,46.0,0.5064923224709874,-1.378263680401031
UBFC_PHYS_s06_T2_test,0,1381,46.03333333333333,0.7340495927859886,-1.3582267649596365
UBFC_PHYS_s06_T2_test,0,1382,46.06666666666667,0.9242851355997385,-1.1578745929802292
UBFC_PHYS_s06_T2_test,0,1383,46.1,1.043320708490396,-0.762825142532525
UBFC_PHYS_s06_T2_test,0,1384,46.13333333333333,1.0753703072238883,-0.20498152849436396
UBFC_PHYS_s06_T2_test,0,1385,46.166666666666664,1.0399660637766377,0.4355449014842333
UBFC_PHYS_s06_T2_test,0,1386,46.2,0.9749642984642974,1.030991370039407
UBFC_PHYS_s06_T2_test,0,1387,46.233333333333334,0.8939747370060194,1.4050224925306305
UBFC_PHYS_s06_T2_test,0,1388,46.266666666666666,0.7685459549590243,1.4968782159227065
UBFC_PHYS_s06_T2_test,0,1389,46.3,0.5601416887271988,1.3604372558333386
UBFC_PHYS_s06_T2_test,0,1390,46.333333333333336,0.2581306823439583,1.0586514898031438
UBFC_PHYS_s06_T2_test,0,1391,46.36666666666667,-0.11823422460500103,0.6627128675250414
UBFC_PHYS_s06_T2_test,0,1392,46.4,-0.5352293136557857,0.24080239058910297
UBFC_PHYS_s06_T2_test,0,1393,46.43333333333333,-0.9508360420652888,-0.14102351335921043
UBFC_PHYS_s06_T2_test,0,1394,46.46666666666667,-1.3179965270587162,-0.4422948174799067
UBFC_PHYS_s06_T2_test,0,1395,46.5,-1.5916994326761138,-0.6465362639027658
UBFC_PHYS_s06_T2_test,0,1396,46.53333333333333,-1.7362407359509957,-0.7548431121861223
UBFC_PHYS_s06_T2_test,0,1397,46.56666666666667,-1.7368716993593984,-0.7843615332610343
UBFC_PHYS_s06_T2_test,0,1398,46.6,-1.6111607850102083,-0.7261640288148872
UBFC_PHYS_s06_T2_test,0,1399,46.63333333333333,-1.3983567123818061,-0.5452726323005157
UBFC_PHYS_s06_T2_test,0,1400,46.666666666666664,-1.1285263420067266,-0.26715644021227253
UBFC_PHYS_s06_T2_test,0,1401,46.7,-0.8064641804741604,0.02172285488477918
UBFC_PHYS_s06_T2_test,0,1402,46.733333333333334,-0.4284837922722904,0.2679837468784869
UBFC_PHYS_s06_T2_test,0,1403,46.766666666666666,-0.008086688655468313,0.4508027655127897
UBFC_PHYS_s06_T2_test,0,1404,46.8,0.4189617135465318,0.5426292158258972
UBFC_PHYS_s06_T2_test,0,1405,46.833333333333336,0.806871183985532,0.5086718086951177
UBFC_PHYS_s06_T2_test,0,1406,46.86666666666667,1.1085834157347572,0.3566883463535232
UBFC_PHYS_s06_T2_test,0,1407,46.9,1.280531632106016,0.13700151942760766
UBFC_PHYS_s06_T2_test,0,1408,46.93333333333333,1.2974866986867217,-0.10914895142246822
UBFC_PHYS_s06_T2_test,0,1409,46.96666666666667,1.1722560474392913,-0.34923162142063674
UBFC_PHYS_s06_T2_test,0,1410,47.0,0.9567028902281313,-0.5565005852258406
UBFC_PHYS_s06_T2_test,0,1411,47.03333333333333,0.7167471325436037,-0.7090654384058707
UBFC_PHYS_s06_T2_test,0,1412,47.06666666666667,0.5030398226020003,-0.788060610593691
UBFC_PHYS_s06_T2_test,0,1413,47.1,0.3390943871453485,-0.7771243672894506
UBFC_PHYS_s06_T2_test,0,1414,47.13333333333333,0.22484367153906196,-0.6564199899856022
UBFC_PHYS_s06_T2_test,0,1415,47.166666666666664,0.14459533168362923,-0.4033223104163619
UBFC_PHYS_s06_T2_test,0,1416,47.2,0.07698560905624194,-0.04074625957972733
UBFC_PHYS_s06_T2_test,0,1417,47.233333333333334,0.006464842913150963,0.36165815541567065
UBFC_PHYS_s06_T2_test,0,1418,47.266666666666666,-0.07114499941727319,0.7137362856663223
UBFC_PHYS_s06_T2_test,0,1419,47.3,-0.15525469985877527,0.904500900791497
UBFC_PHYS_s06_T2_test,0,1420,47.333333333333336,-0.24981017868922484,0.9082308508419529
UBFC_PHYS_s06_T2_test,0,1421,47.36666666666667,-0.3592721974248165,0.7838081012386767
UBFC_PHYS_s06_T2_test,0,1422,47.4,-0.47484737747656985,0.5774703076744927
UBFC_PHYS_s06_T2_test,0,1423,47.43333333333333,-0.5700786967744473,0.3223417003366471
UBFC_PHYS_s06_T2_test,0,1424,47.46666666666667,-0.6119573092356456,0.0537012968653935
UBFC_PHYS_s06_T2_test,0,1425,47.5,-0.5771489299058975,-0.19022388894253459
UBFC_PHYS_s06_T2_test,0,1426,47.53333333333333,-0.4634669701828776,-0.38126632699916824
UBFC_PHYS_s06_T2_test,0,1427,47.56666666666667,-0.2910199846052989,-0.5003905372840183
UBFC_PHYS_s06_T2_test,0,1428,47.6,-0.09166563970879327,-0.5430650706591093
UBFC_PHYS_s06_T2_test,0,1429,47.63333333333333,0.10523772281958675,-0.5185403524542442
UBFC_PHYS_s06_T2_test,0,1430,47.666666666666664,0.2804425210605022,-0.4477151661421364
UBFC_PHYS_s06_T2_test,0,1431,47.7,0.42249444058773317,-0.3627043785221955
UBFC_PHYS_s06_T2_test,0,1432,47.733333333333334,0.5198487139695087,-0.26213873542934907
UBFC_PHYS_s06_T2_test,0,1433,47.766666666666666,0.5575147373446591,-0.11180043313542054
UBFC_PHYS_s06_T2_test,0,1434,47.8,0.5242901487819498,0.11268373983572509
UBFC_PHYS_s06_T2_test,0,1435,47.833333333333336,0.4224900234638929,0.42408507664094974
UBFC_PHYS_s06_T2_test,0,1436,47.86666666666667,0.269243222643406,0.7677664726371766
UBFC_PHYS_s06_T2_test,0,1437,47.9,0.09005106916289049,1.0210588685469542
UBFC_PHYS_s06_T2_test,0,1438,47.93333333333333,-0.08994144671882284,1.122137028743077
UBFC_PHYS_s06_T2_test,0,1439,47.96666666666667,-0.2528675926196056,1.0700327252591704
UBFC_PHYS_s06_T2_test,0,1440,48.0,-0.3889563215951026,0.9040319131522532
UBFC_PHYS_s06_T2_test,0,1441,48.03333333333333,-0.49346160542574025,0.7029756815376395
UBFC_PHYS_s06_T2_test,0,1442,48.06666666666667,-0.5668577400441114,0.4830756385269155
UBFC_PHYS_s06_T2_test,0,1443,48.1,-0.614647837995242,0.19895474155448145
UBFC_PHYS_s06_T2_test,0,1444,48.13333333333333,-0.6377359800013042,-0.16006214410012812
UBFC_PHYS_s06_T2_test,0,1445,48.166666666666664,-0.6224060943122787,-0.5675377341503458
UBFC_PHYS_s06_T2_test,0,1446,48.2,-0.5490051210424793,-0.975777626654686
UBFC_PHYS_s06_T2_test,0,1447,48.233333333333334,-0.4140100059247226,-1.3142274295646776
UBFC_PHYS_s06_T2_test,0,1448,48.266666666666666,-0.23703622968674037,-1.539606867217492
UBFC_PHYS_s06_T2_test,0,1449,48.3,-0.043541596216934805,-1.634693555043926
UBFC_PHYS_s06_T2_test,0,1450,48.333333333333336,0.15316035945274972,-1.5822947282312145
UBFC_PHYS_s06_T2_test,0,1451,48.36666666666667,0.35130924067017366,-1.3650481105775916
UBFC_PHYS_s06_T2_test,0,1452,48.4,0.549981109710405,-1.0030948269113613
UBFC_PHYS_s06_T2_test,0,1453,48.43333333333333,0.7425850275120238,-0.5550678366171188
UBFC_PHYS_s06_T2_test,0,1454,48.46666666666667,0.9149730852396645,-0.06882367832665519
UBFC_PHYS_s06_T2_test,0,1455,48.5,1.0443285017683734,0.41669420580515315
UBFC_PHYS_s06_T2_test,0,1456,48.53333333333333,1.1020464085624513,0.8638404390095846
UBFC_PHYS_s06_T2_test,0,1457,48.56666666666667,1.062986856123899,1.233831470145619
UBFC_PHYS_s06_T2_test,0,1458,48.6,0.916140831012883,1.4982688136736446
UBFC_PHYS_s06_T2_test,0,1459,48.63333333333333,0.670468380077031,1.6372648621042343
UBFC_PHYS_s06_T2_test,0,1460,48.666666666666664,0.3513686884954383,1.6174567764107701
UBFC_PHYS_s06_T2_test,0,1461,48.7,-0.00846663888201829,1.3919395727303727
UBFC_PHYS_s06_T2_test,0,1462,48.733333333333334,-0.36967567380451904,0.979283571300115
UBFC_PHYS_s06_T2_test,0,1463,48.766666666666666,-0.680717964270986,0.46459599131120966
UBFC_PHYS_s06_T2_test,0,1464,48.8,-0.8911810486299646,-0.0817710085382508
UBFC_PHYS_s06_T2_test,0,1465,48.833333333333336,-0.9812743465571795,-0.6025673945406383
UBFC_PHYS_s06_T2_test,0,1466,48.86666666666667,-0.9695065803281888,-1.0364820126556822
UBFC_PHYS_s06_T2_test,0,1467,48.9,-0.8897369236132409,-1.3161797555534525
UBFC_PHYS_s06_T2_test,0,1468,48.93333333333333,-0.768975407204331,-1.3970686637757408
UBFC_PHYS_s06_T2_test,0,1469,48.96666666666667,-0.6230238141801958,-1.2565836165913096
UBFC_PHYS_s06_T2_test,0,1470,49.0,-0.4605387693133118,-0.9314654369788647
UBFC_PHYS_s06_T2_test,0,1471,49.03333333333333,-0.28873879502036853,-0.5177173688184269
UBFC_PHYS_s06_T2_test,0,1472,49.06666666666667,-0.11943146070496001,-0.0944871819692044
UBFC_PHYS_s06_T2_test,0,1473,49.1,0.03149317994980268,0.2752338791883139
UBFC_PHYS_s06_T2_test,0,1474,49.13333333333333,0.15265524987500215,0.563718763515933
UBFC_PHYS_s06_T2_test,0,1475,49.166666666666664,0.2433686786317555,0.7766359609876832
UBFC_PHYS_s06_T2_test,0,1476,49.2,0.3106836239740376,0.8984149188200634
UBFC_PHYS_s06_T2_test,0,1477,49.233333333333334,0.3631259914709888,0.8911508465476988
UBFC_PHYS_s06_T2_test,0,1478,49.266666666666666,0.40710844928647993,0.751228611048109
UBFC_PHYS_s06_T2_test,0,1479,49.3,0.4445568540385392,0.5094642993737587
UBFC_PHYS_s06_T2_test,0,1480,49.333333333333336,0.47217655297704186,0.19747942493062962
UBFC_PHYS_s06_T2_test,0,1481,49.36666666666667,0.4854748638145885,-0.1514876087979881
UBFC_PHYS_s06_T2_test,0,1482,49.4,0.4814922789258756,-0.48841532164815815
UBFC_PHYS_s06_T2_test,0,1483,49.43333333333333,0.4527408500516526,-0.747417010503121
UBFC_PHYS_s06_T2_test,0,1484,49.46666666666667,0.3822581059072866,-0.8769544660299305
UBFC_PHYS_s06_T2_test,0,1485,49.5,0.25349026614527564,-0.839470957420553
UBFC_PHYS_s06_T2_test,0,1486,49.53333333333333,0.06689142190242,-0.6323550725870115
UBFC_PHYS_s06_T2_test,0,1487,49.56666666666667,-0.1550971384604154,-0.2882877577590595
UBFC_PHYS_s06_T2_test,0,1488,49.6,-0.3779683655961082,0.11830041514789161
UBFC_PHYS_s06_T2_test,0,1489,49.63333333333333,-0.5694224373048359,0.470906093606076
UBFC_PHYS_s06_T2_test,0,1490,49.666666666666664,-0.7066102186885703,0.713327058749109
UBFC_PHYS_s06_T2_test,0,1491,49.7,-0.7743468786366509,0.8487556158859972
UBFC_PHYS_s06_T2_test,0,1492,49.733333333333334,-0.7648524261047918,0.8835139686088294
UBFC_PHYS_s06_T2_test,0,1493,49.766666666666666,-0.6833149339634061,0.8259071825635822
UBFC_PHYS_s06_T2_test,0,1494,49.8,-0.5472664539810365,0.6747547774988966
UBFC_PHYS_s06_T2_test,0,1495,49.833333333333336,-0.3765954002473741,0.41984802069615945
UBFC_PHYS_s06_T2_test,0,1496,49.86666666666667,-0.18791633938031616,0.07846777835764544
UBFC_PHYS_s06_T2_test,0,1497,49.9,0.002448736101224782,-0.3032732999310686
UBFC_PHYS_s06_T2_test,0,1498,49.93333333333333,0.17698819595730703,-0.6737059599681732
UBFC_PHYS_s06_T2_test,0,1499,49.96666666666667,0.3200762879053505,-0.9743450536346441
UBFC_PHYS_s06_T2_test,0,1500,50.0,0.4185444515898389,-1.1504266175999225
UBFC_PHYS_s06_T2_test,0,1501,50.03333333333333,0.4611701818441087,-1.1503241855653428
UBFC_PHYS_s06_T2_test,0,1502,50.06666666666667,0.4471173538238421,-0.9598218544152813
UBFC_PHYS_s06_T2_test,0,1503,50.1,0.39625779186904425,-0.6025252750345225
UBFC_PHYS_s06_T2_test,0,1504,50.13333333333333,0.34080664883960055,-0.1550864474023852
UBFC_PHYS_s06_T2_test,0,1505,50.166666666666664,0.30147985478819456,0.25243592185558167
UBFC_PHYS_s06_T2_test,0,1506,50.2,0.2753412686057964,0.5534727056805875
UBFC_PHYS_s06_T2_test,0,1507,50.233333333333334,0.2493982835712472,0.7439287685960254
UBFC_PHYS_s06_T2_test,0,1508,50.266666666666666,0.226439216775992,0.835445560401367
UBFC_PHYS_s06_T2_test,0,1509,50.3,0.2345977461262819,0.8536871189215843
UBFC_PHYS_s06_T2_test,0,1510,50.333333333333336,0.3047336604029029,0.7969117768457833
UBFC_PHYS_s06_T2_test,0,1511,50.36666666666667,0.4365953674957335,0.6358807213121778
UBFC_PHYS_s06_T2_test,0,1512,50.4,0.5881013649987391,0.3803146080464202
UBFC_PHYS_s06_T2_test,0,1513,50.43333333333333,0.6956748412983661,0.07976103981527315
UBFC_PHYS_s06_T2_test,0,1514,50.46666666666667,0.7083025193796175,-0.23188271395422816
UBFC_PHYS_s06_T2_test,0,1515,50.5,0.6105978601282966,-0.5351954787956387
UBFC_PHYS_s06_T2_test,0,1516,50.53333333333333,0.41952674628759956,-0.7844699124677407
UBFC_PHYS_s06_T2_test,0,1517,50.56666666666667,0.16673570465672677,-0.9068576958455822
UBFC_PHYS_s06_T2_test,0,1518,50.6,-0.11030120426100827,-0.8617187309246961
UBFC_PHYS_s06_T2_test,0,1519,50.63333333333333,-0.3689120710686945,-0.640917866904577
UBFC_PHYS_s06_T2_test,0,1520,50.666666666666664,-0.5705477390617418,-0.2922626469881174
UBFC_PHYS_s06_T2_test,0,1521,50.7,-0.7001700402721913,0.08028717648394537
UBFC_PHYS_s06_T2_test,0,1522,50.733333333333334,-0.7771789588763746,0.40052440890582114
UBFC_PHYS_s06_T2_test,0,1523,50.766666666666666,-0.841035834723635,0.6195151463432922
UBFC_PHYS_s06_T2_test,0,1524,50.8,-0.9182038058223742,0.7226771661291977
UBFC_PHYS_s06_T2_test,0,1525,50.833333333333336,-0.9987653161397326,0.7286273710342631
UBFC_PHYS_s06_T2_test,0,1526,50.86666666666667,-1.0446237714438882,0.6521827617926563
UBFC_PHYS_s06_T2_test,0,1527,50.9,-1.0210726360936127,0.5038912494177739
UBFC_PHYS_s06_T2_test,0,1528,50.93333333333333,-0.9211095340980073,0.3042613469878526
UBFC_PHYS_s06_T2_test,0,1529,50.96666666666667,-0.7625907940661398,0.08423861113569811
UBFC_PHYS_s06_T2_test,0,1530,51.0,-0.5709896620491516,-0.14502492137520284
UBFC_PHYS_s06_T2_test,0,1531,51.03333333333333,-0.36798500442910065,-0.3909078475823968
UBFC_PHYS_s06_T2_test,0,1532,51.06666666666667,-0.1606001891207732,-0.6266255585948063
UBFC_PHYS_s06_T2_test,0,1533,51.1,0.07596205218535557,-0.7902322427821498
UBFC_PHYS_s06_T2_test,0,1534,51.13333333333333,0.39497423579112223,-0.8233207965195777
UBFC_PHYS_s06_T2_test,0,1535,51.166666666666664,0.8266530841045768,-0.671527632621963
UBFC_PHYS_s06_T2_test,0,1536,51.2,1.3088749197768497,-0.3729522356180588
UBFC_PHYS_s06_T2_test,0,1537,51.233333333333334,1.6769314987051247,-0.05814499665081417
UBFC_PHYS_s06_T2_test,0,1538,51.266666666666666,1.7496915748544906,0.20788523526345054
UBFC_PHYS_s06_T2_test,0,1539,51.3,1.4518518332115684,0.42528805347754606
UBFC_PHYS_s06_T2_test,0,1540,51.333333333333336,0.8694134660468105,0.5792510424359193
UBFC_PHYS_s06_T2_test,0,1541,51.36666666666667,0.197846517469613,0.6388681991249825
UBFC_PHYS_s06_T2_test,0,1542,51.4,-0.3714687439043091,0.6001833092065583
UBFC_PHYS_s06_T2_test,0,1543,51.43333333333333,-0.7438019820292867,0.48587812368990335
UBFC_PHYS_s06_T2_test,0,1544,51.46666666666667,-0.9297072824772378,0.32399272297989984
UBFC_PHYS_s06_T2_test,0,1545,51.5,-0.9813620146008306,0.14794133852231553
UBFC_PHYS_s06_T2_test,0,1546,51.53333333333333,-0.9333765561085481,-0.04052032500027102
UBFC_PHYS_s06_T2_test,0,1547,51.56666666666667,-0.7988384925327634,-0.2700769225106608
UBFC_PHYS_s06_T2_test,0,1548,51.6,-0.5971735452343273,-0.5227702485283301
UBFC_PHYS_s06_T2_test,0,1549,51.63333333333333,-0.3678182447682606,-0.7328634303859574
UBFC_PHYS_s06_T2_test,0,1550,51.666666666666664,-0.1547281724588944,-0.8317838130681288
UBFC_PHYS_s06_T2_test,0,1551,51.7,0.02247968150628199,-0.748585211214012
UBFC_PHYS_s06_T2_test,0,1552,51.733333333333334,0.1787894867370578,-0.4834959475187216
UBFC_PHYS_s06_T2_test,0,1553,51.766666666666666,0.3364329412661062,-0.10850120769593685
UBFC_PHYS_s06_T2_test,0,1554,51.8,0.49023546885123603,0.2970230640662501
UBFC_PHYS_s06_T2_test,0,1555,51.833333333333336,0.6123017007838505,0.6459179887497734
UBFC_PHYS_s06_T2_test,0,1556,51.86666666666667,0.6860823123034826,0.8780085526828081
UBFC_PHYS_s06_T2_test,0,1557,51.9,0.7217941994537759,0.9593484891973347
UBFC_PHYS_s06_T2_test,0,1558,51.93333333333333,0.7412323075105499,0.8916057506196462
UBFC_PHYS_s06_T2_test,0,1559,51.96666666666667,0.7567700937550043,0.7114479634268112
UBFC_PHYS_s06_T2_test,0,1560,52.0,0.7616421350231025,0.4637337100614111
UBFC_PHYS_s06_T2_test,0,1561,52.03333333333333,0.7329024914179452,0.20153263238036878
UBFC_PHYS_s06_T2_test,0,1562,52.06666666666667,0.644980972040829,-0.05742526105727581
UBFC_PHYS_s06_T2_test,0,1563,52.1,0.48698351728301886,-0.3293573004247487
UBFC_PHYS_s06_T2_test,0,1564,52.13333333333333,0.2723659015197315,-0.6021848365433936
UBFC_PHYS_s06_T2_test,0,1565,52.166666666666664,0.034466379864316284,-0.8339099792684918
UBFC_PHYS_s06_T2_test,0,1566,52.2,-0.18950888655458745,-0.9760314630875248
UBFC_PHYS_s06_T2_test,0,1567,52.233333333333334,-0.37544244828284606,-0.9732648957210489
UBFC_PHYS_s06_T2_test,0,1568,52.266666666666666,-0.517022536633027,-0.8091980808209457
UBFC_PHYS_s06_T2_test,0,1569,52.3,-0.6165788531658912,-0.5067760724761129
UBFC_PHYS_s06_T2_test,0,1570,52.333333333333336,-0.6761021590261201,-0.11691997889541214
UBFC_PHYS_s06_T2_test,0,1571,52.36666666666667,-0.6979070306772228,0.28077130349835744
UBFC_PHYS_s06_T2_test,0,1572,52.4,-0.6884399703469086,0.6017163607008874
UBFC_PHYS_s06_T2_test,0,1573,52.43333333333333,-0.6583323109901565,0.7559291189680981
UBFC_PHYS_s06_T2_test,0,1574,52.46666666666667,-0.6189920658993279,0.7277982741488893
UBFC_PHYS_s06_T2_test,0,1575,52.5,-0.5772278441157772,0.5754182063512635
UBFC_PHYS_s06_T2_test,0,1576,52.53333333333333,-0.5324953065431655,0.35754995292274805
UBFC_PHYS_s06_T2_test,0,1577,52.56666666666667,-0.4808025918682197,0.13300432033229434
UBFC_PHYS_s06_T2_test,0,1578,52.6,-0.41958371213538487,-0.0636504789284028
UBFC_PHYS_s06_T2_test,0,1579,52.63333333333333,-0.3480689225446761,-0.2214925235219155
UBFC_PHYS_s06_T2_test,0,1580,52.666666666666664,-0.2665574167909288,-0.3469057737655701
UBFC_PHYS_s06_T2_test,0,1581,52.7,-0.17595517806157734,-0.46228301511362
UBFC_PHYS_s06_T2_test,0,1582,52.733333333333334,-0.07629390632698707,-0.5557506197904745
UBFC_PHYS_s06_T2_test,0,1583,52.766666666666666,0.03150916206577932,-0.5807035288415453
UBFC_PHYS_s06_T2_test,0,1584,52.8,0.1407510990889329,-0.5057658247419164
UBFC_PHYS_s06_T2_test,0,1585,52.833333333333336,0.23990497375390657,-0.31553713448114096
UBFC_PHYS_s06_T2_test,0,1586,52.86666666666667,0.31954875712246456,-0.03967744850511015
UBFC_PHYS_s06_T2_test,0,1587,52.9,0.3750250774141182,0.2465629334144905
UBFC_PHYS_s06_T2_test,0,1588,52.93333333333333,0.40380876037403723,0.4810887720331837
UBFC_PHYS_s06_T2_test,0,1589,52.96666666666667,0.4052619114041333,0.6146791390852545
UBFC_PHYS_s06_T2_test,0,1590,53.0,0.3829307289897457,0.6536770527777852
UBFC_PHYS_s06_T2_test,0,1591,53.03333333333333,0.3434896370823465,0.6588366727966725
UBFC_PHYS_s06_T2_test,0,1592,53.06666666666667,0.2928338545796817,0.6339200551967504
UBFC_PHYS_s06_T2_test,0,1593,53.1,0.23517342227159038,0.5255466787078586
UBFC_PHYS_s06_T2_test,0,1594,53.13333333333333,0.1760378629222219,0.3330890097989595
UBFC_PHYS_s06_T2_test,0,1595,53.166666666666664,0.1235362339978016,0.10946975733907888
UBFC_PHYS_s06_T2_test,0,1596,53.2,0.08443240072624718,-0.10898964023641405
UBFC_PHYS_s06_T2_test,0,1597,53.233333333333334,0.0593253021056937,-0.30200480373632016
UBFC_PHYS_s06_T2_test,0,1598,53.266666666666666,0.04241967093022142,-0.44691954011566426
UBFC_PHYS_s06_T2_test,0,1599,53.3,0.025204052091305034,-0.5179652436451283
UBFC_PHYS_s06_T2_test,0,1600,53.333333333333336,0.0007082252501518426,-0.5334267594997888
UBFC_PHYS_s06_T2_test,0,1601,53.36666666666667,-0.03326968770452448,-0.5545981246768787
UBFC_PHYS_s06_T2_test,0,1602,53.4,-0.07401863704722336,-0.5858910494875047
UBFC_PHYS_s06_T2_test,0,1603,53.43333333333333,-0.11762443391870567,-0.574552243783178
UBFC_PHYS_s06_T2_test,0,1604,53.46666666666667,-0.16190293469307176,-0.4893844168746472
UBFC_PHYS_s06_T2_test,0,1605,53.5,-0.20437926433673118,-0.32172747317140993
UBFC_PHYS_s06_T2_test,0,1606,53.53333333333333,-0.23898956352528017,-0.08789285775924324
UBFC_PHYS_s06_T2_test,0,1607,53.56666666666667,-0.257203572241007,0.17010059084971424
UBFC_PHYS_s06_T2_test,0,1608,53.6,-0.25211171027646617,0.4152509889484334
UBFC_PHYS_s06_T2_test,0,1609,53.63333333333333,-0.21996824251418456,0.6147866086373603
UBFC_PHYS_s06_T2_test,0,1610,53.666666666666664,-0.15801432514375352,0.7417900018455688
UBFC_PHYS_s06_T2_test,0,1611,53.7,-0.0626498092269385,0.7745436342734805
UBFC_PHYS_s06_T2_test,0,1612,53.733333333333334,0.06797777458009827,0.7240468281307658
UBFC_PHYS_s06_T2_test,0,1613,53.766666666666666,0.22808909862850538,0.6334709490959776
UBFC_PHYS_s06_T2_test,0,1614,53.8,0.40135092096812786,0.519074774237534
UBFC_PHYS_s06_T2_test,0,1615,53.833333333333336,0.564888319421285,0.370399196380924
UBFC_PHYS_s06_T2_test,0,1616,53.86666666666667,0.6963662562610089,0.18233609503869072
UBFC_PHYS_s06_T2_test,0,1617,53.9,0.7779328233804726,-0.043640040726990105
UBFC_PHYS_s06_T2_test,0,1618,53.93333333333333,0.796468357064636,-0.2974347562338876
UBFC_PHYS_s06_T2_test,0,1619,53.96666666666667,0.7443410748047716,-0.5589855637820629
UBFC_PHYS_s06_T2_test,0,1620,54.0,0.6225016322922363,-0.8043197202730034
UBFC_PHYS_s06_T2_test,0,1621,54.03333333333333,0.4419446658591559,-1.0043558957723957
UBFC_PHYS_s06_T2_test,0,1622,54.06666666666667,0.21942165207641456,-1.1186862624030407
UBFC_PHYS_s06_T2_test,0,1623,54.1,-0.028469619021697125,-1.095301325426466
UBFC_PHYS_s06_T2_test,0,1624,54.13333333333333,-0.2846696278377373,-0.9058311334182639
UBFC_PHYS_s06_T2_test,0,1625,54.166666666666664,-0.5264288627399543,-0.5465343087313811
UBFC_PHYS_s06_T2_test,0,1626,54.2,-0.7258348869381147,-0.0794532761646731
UBFC_PHYS_s06_T2_test,0,1627,54.233333333333334,-0.8587201148330765,0.36678649025166454
UBFC_PHYS_s06_T2_test,0,1628,54.266666666666666,-0.9138090146538512,0.7194584489676946
UBFC_PHYS_s06_T2_test,0,1629,54.3,-0.8942281102577105,0.9606174117906674
UBFC_PHYS_s06_T2_test,0,1630,54.333333333333336,-0.811918920909424,1.082575761839579
UBFC_PHYS_s06_T2_test,0,1631,54.36666666666667,-0.6845472930774223,1.0863841261939555
UBFC_PHYS_s06_T2_test,0,1632,54.4,-0.5395559974474671,0.9837886671255842
UBFC_PHYS_s06_T2_test,0,1633,54.43333333333333,-0.41100925857762505,0.7968593071166283
UBFC_PHYS_s06_T2_test,0,1634,54.46666666666667,-0.3197121966721853,0.5484384506329193
UBFC_PHYS_s06_T2_test,0,1635,54.5,-0.2589700717188936,0.26282417465241203
UBFC_PHYS_s06_T2_test,0,1636,54.53333333333333,-0.20679315792729452,-0.0463415786876033
UBFC_PHYS_s06_T2_test,0,1637,54.56666666666667,-0.14644805461862975,-0.374412146377902
UBFC_PHYS_s06_T2_test,0,1638,54.6,-0.07276290799638353,-0.6979778014841329
UBFC_PHYS_s06_T2_test,0,1639,54.63333333333333,0.009764510512928648,-0.9731814723893825
UBFC_PHYS_s06_T2_test,0,1640,54.666666666666664,0.0907133464690841,-1.1586791657742392
UBFC_PHYS_s06_T2_test,0,1641,54.7,0.1644073384157621,-1.2148556473355863
UBFC_PHYS_s06_T2_test,0,1642,54.733333333333334,0.23878630859453065,-1.1159357884557612
UBFC_PHYS_s06_T2_test,0,1643,54.766666666666666,0.3275428683745537,-0.8503285634265146
UBFC_PHYS_s06_T2_test,0,1644,54.8,0.4337350601319392,-0.44235116902486243
UBFC_PHYS_s06_T2_test,0,1645,54.833333333333336,0.5450462357621989,0.04655752015200025
UBFC_PHYS_s06_T2_test,0,1646,54.86666666666667,0.6415637736890305,0.5363245523856003
UBFC_PHYS_s06_T2_test,0,1647,54.9,0.7039781008681314,0.927032571385986
UBFC_PHYS_s06_T2_test,0,1648,54.93333333333333,0.7192397732952932,1.1631065859664662
UBFC_PHYS_s06_T2_test,0,1649,54.96666666666667,0.68520702071122,1.2321038010264636
UBFC_PHYS_s06_T2_test,0,1650,55.0,0.6108657016907905,1.148825483011882
UBFC_PHYS_s06_T2_test,0,1651,55.03333333333333,0.5102322808699226,0.9543914079131163
UBFC_PHYS_s06_T2_test,0,1652,55.06666666666667,0.39297835198851827,0.6814703046172463
UBFC_PHYS_s06_T2_test,0,1653,55.1,0.25750428674062775,0.3547358558460074
UBFC_PHYS_s06_T2_test,0,1654,55.13333333333333,0.09575151652060658,-0.0028778310074069127
UBFC_PHYS_s06_T2_test,0,1655,55.166666666666664,-0.0894605382601564,-0.36848493765358986
UBFC_PHYS_s06_T2_test,0,1656,55.2,-0.2757731110424706,-0.711107110341641
UBFC_PHYS_s06_T2_test,0,1657,55.233333333333334,-0.43700721994511055,-0.9899332245934456
UBFC_PHYS_s06_T2_test,0,1658,55.266666666666666,-0.5622701552550655,-1.169479471984658
UBFC_PHYS_s06_T2_test,0,1659,55.3,-0.6533482410093869,-1.2186039134505633
UBFC_PHYS_s06_T2_test,0,1660,55.333333333333336,-0.7110407455480751,-1.1058332169748528
UBFC_PHYS_s06_T2_test,0,1661,55.36666666666667,-0.7299463188638756,-0.7999141362576692
UBFC_PHYS_s06_T2_test,0,1662,55.4,-0.7004661901288575,-0.3427877048572009
UBFC_PHYS_s06_T2_test,0,1663,55.43333333333333,-0.6142125507200235,0.14942355703558485
UBFC_PHYS_s06_T2_test,0,1664,55.46666666666667,-0.4734709499565105,0.5862984808468996
UBFC_PHYS_s06_T2_test,0,1665,55.5,-0.2964238062233898,0.9021881212280387
UBFC_PHYS_s06_T2_test,0,1666,55.53333333333333,-0.11022100994374047,1.073089307709313
UBFC_PHYS_s06_T2_test,0,1667,55.56666666666667,0.06097467891332018,1.115066298924931
UBFC_PHYS_s06_T2_test,0,1668,55.6,0.20130856475151446,1.0410883878080706
UBFC_PHYS_s06_T2_test,0,1669,55.63333333333333,0.30180266126654604,0.8603536525460425
UBFC_PHYS_s06_T2_test,0,1670,55.666666666666664,0.3597290859780359,0.5871799044198438
UBFC_PHYS_s06_T2_test,0,1671,55.7,0.3799069839319864,0.2418910728462885
UBFC_PHYS_s06_T2_test,0,1672,55.733333333333334,0.3716060142246593,-0.1432560856173454
UBFC_PHYS_s06_T2_test,0,1673,55.766666666666666,0.34197616892318144,-0.522519837318273
UBFC_PHYS_s06_T2_test,0,1674,55.8,0.296933778195539,-0.8580741407476158
UBFC_PHYS_s06_T2_test,0,1675,55.833333333333336,0.25005767389164496,-1.118374520893799
UBFC_PHYS_s06_T2_test,0,1676,55.86666666666667,0.22445177972918823,-1.263694811341087
UBFC_PHYS_s06_T2_test,0,1677,55.9,0.24079448180169763,-1.2454056143297425
UBFC_PHYS_s06_T2_test,0,1678,55.93333333333333,0.30341026154992984,-1.045641529399893
UBFC_PHYS_s06_T2_test,0,1679,55.96666666666667,0.39822512250120906,-0.6779534570914554
UBFC_PHYS_s06_T2_test,0,1680,56.0,0.5034627864798469,-0.19372981871016948
UBFC_PHYS_s06_T2_test,0,1681,56.03333333333333,0.6017386060383529,0.3166367826390605
UBFC_PHYS_s06_T2_test,0,1682,56.06666666666667,0.6822053025637185,0.7698298929698635
UBFC_PHYS_s06_T2_test,0,1683,56.1,0.7331779338715949,1.0883386413005522
UBFC_PHYS_s06_T2_test,0,1684,56.13333333333333,0.7346462790711726,1.244227269934144
UBFC_PHYS_s06_T2_test,0,1685,56.166666666666664,0.6585177018269385,1.2576481207944086
UBFC_PHYS_s06_T2_test,0,1686,56.2,0.4800050595326642,1.1484830646715887
UBFC_PHYS_s06_T2_test,0,1687,56.233333333333334,0.19677513521514295,0.9356734959229192
UBFC_PHYS_s06_T2_test,0,1688,56.266666666666666,-0.15802707212176237,0.6405371977358383
UBFC_PHYS_s06_T2_test,0,1689,56.3,-0.5254211688994406,0.2876873435140543
UBFC_PHYS_s06_T2_test,0,1690,56.333333333333336,-0.8516447283595655,-0.09684754350865973
UBFC_PHYS_s06_T2_test,0,1691,56.36666666666667,-1.1137821232997969,-0.4838306638700194
UBFC_PHYS_s06_T2_test,0,1692,56.4,-1.3161234573911182,-0.8416687173414223
UBFC_PHYS_s06_T2_test,0,1693,56.43333333333333,-1.4667638957113878,-1.1345344675082554
UBFC_PHYS_s06_T2_test,0,1694,56.46666666666667,-1.5620001560928949,-1.324009756010747
UBFC_PHYS_s06_T2_test,0,1695,56.5,-1.5893231974262656,-1.3680849504684207
UBFC_PHYS_s06_T2_test,0,1696,56.53333333333333,-1.5401969886486337,-1.2400176923411108
UBFC_PHYS_s06_T2_test,0,1697,56.56666666666667,-1.4198314771017102,-0.9287881603015912
UBFC_PHYS_s06_T2_test,0,1698,56.6,-1.245040073028286,-0.4633756761719138
UBFC_PHYS_s06_T2_test,0,1699,56.63333333333333,-1.0314994131654596,0.0858362870855126
UBFC_PHYS_s06_T2_test,0,1700,56.666666666666664,-0.7794570511348213,0.6181206781549881
UBFC_PHYS_s06_T2_test,0,1701,56.7,-0.46513165558066705,1.0013584697724063
UBFC_PHYS_s06_T2_test,0,1702,56.733333333333334,-0.04479564087738522,1.1878859383963902
UBFC_PHYS_s06_T2_test,0,1703,56.766666666666666,0.5200382602134768,1.2131076488716965
UBFC_PHYS_s06_T2_test,0,1704,56.8,1.2184944018950934,1.1160638702759869
UBFC_PHYS_s06_T2_test,0,1705,56.833333333333336,1.9501314757295098,0.9381171677037867
UBFC_PHYS_s06_T2_test,0,1706,56.86666666666667,2.528155701319007,0.7059775109936053
UBFC_PHYS_s06_T2_test,0,1707,56.9,2.7556092612263763,0.43220845980566347
UBFC_PHYS_s06_T2_test,0,1708,56.93333333333333,2.540567729176667,0.11975561969336712
UBFC_PHYS_s06_T2_test,0,1709,56.96666666666667,1.951307256871452,-0.23616875681648714
UBFC_PHYS_s06_T2_test,0,1710,57.0,1.1585930382810723,-0.6099729358442783
UBFC_PHYS_s06_T2_test,0,1711,57.03333333333333,0.33276123018963144,-0.9438622166110002
UBFC_PHYS_s06_T2_test,0,1712,57.06666666666667,-0.4073847365783819,-1.1858624450513153
UBFC_PHYS_s06_T2_test,0,1713,57.1,-0.9769782454433675,-1.288917253783065
UBFC_PHYS_s06_T2_test,0,1714,57.13333333333333,-1.285450075089864,-1.2217417761832308
UBFC_PHYS_s06_T2_test,0,1715,57.166666666666664,-1.2365082819130317,-0.9689842717320327
UBFC_PHYS_s06_T2_test,0,1716,57.2,-0.8091741892364905,-0.5533550150988523
UBFC_PHYS_s06_T2_test,0,1717,57.233333333333334,-0.15321416380380354,-0.036788505389254114
UBFC_PHYS_s06_T2_test,0,1718,57.266666666666666,0.45054599011701185,0.49125947415970617
UBFC_PHYS_s06_T2_test,0,1719,57.3,0.7703929417041933,0.9126787585301368
UBFC_PHYS_s06_T2_test,0,1720,57.333333333333336,0.7555416163546607,1.1586535892510483
UBFC_PHYS_s06_T2_test,0,1721,57.36666666666667,0.5090198203083984,1.2086182223320507
UBFC_PHYS_s06_T2_test,0,1722,57.4,0.18465374978463528,1.0944723463642174
UBFC_PHYS_s06_T2_test,0,1723,57.43333333333333,-0.09649385406654354,0.8993030358497276
UBFC_PHYS_s06_T2_test,0,1724,57.46666666666667,-0.2843306272249439,0.6696710371195695
UBFC_PHYS_s06_T2_test,0,1725,57.5,-0.38718691640774583,0.41567519046999574
UBFC_PHYS_s06_T2_test,0,1726,57.53333333333333,-0.4321988710025083,0.138606285525179
UBFC_PHYS_s06_T2_test,0,1727,57.56666666666667,-0.4417083867472024,-0.1672559677652644
UBFC_PHYS_s06_T2_test,0,1728,57.6,-0.42968290613284743,-0.4877046020199511
UBFC_PHYS_s06_T2_test,0,1729,57.63333333333333,-0.3974377833848333,-0.7868066326915429
UBFC_PHYS_s06_T2_test,0,1730,57.666666666666664,-0.3348015663283975,-1.0292153839489038
UBFC_PHYS_s06_T2_test,0,1731,57.7,-0.23718166777497732,-1.179032671171535
UBFC_PHYS_s06_T2_test,0,1732,57.733333333333334,-0.120649323945759,-1.2068612382661035
UBFC_PHYS_s06_T2_test,0,1733,57.766666666666666,-0.01856046152821233,-1.089572945126265
UBFC_PHYS_s06_T2_test,0,1734,57.8,0.03248571405789349,-0.8076971215904616
UBFC_PHYS_s06_T2_test,0,1735,57.833333333333336,0.007230841983465859,-0.3468252415932914
UBFC_PHYS_s06_T2_test,0,1736,57.86666666666667,-0.0968740198379962,0.22935930020652084
UBFC_PHYS_s06_T2_test,0,1737,57.9,-0.25939307346869833,0.7776043004643856
UBFC_PHYS_s06_T2_test,0,1738,57.93333333333333,-0.44964305097359375,1.1793208902833823
UBFC_PHYS_s06_T2_test,0,1739,57.96666666666667,-0.6387478536893803,1.3400612690329066
UBFC_PHYS_s06_T2_test,0,1740,58.0,-0.7989682299541175,1.263019311674908
UBFC_PHYS_s06_T2_test,0,1741,58.03333333333333,-0.8981736523855841,1.0477802231207756
UBFC_PHYS_s06_T2_test,0,1742,58.06666666666667,-0.9059439477921473,0.7652902842126328
UBFC_PHYS_s06_T2_test,0,1743,58.1,-0.8077510880200033,0.45735488472975827
UBFC_PHYS_s06_T2_test,0,1744,58.13333333333333,-0.6051097321319231,0.1489657111087201
UBFC_PHYS_s06_T2_test,0,1745,58.166666666666664,-0.2984632307166464,-0.1502079412435301
UBFC_PHYS_s06_T2_test,0,1746,58.2,0.11928314702931186,-0.43643057926338713
UBFC_PHYS_s06_T2_test,0,1747,58.233333333333334,0.6381979663870221,-0.7098588309258435
UBFC_PHYS_s06_T2_test,0,1748,58.266666666666666,1.1949443300389289,-0.9523349345812209
UBFC_PHYS_s06_T2_test,0,1749,58.3,1.6664714994093788,-1.1259502233163774
UBFC_PHYS_s06_T2_test,0,1750,58.333333333333336,1.9169972651742446,-1.2048887246746465
UBFC_PHYS_s06_T2_test,0,1751,58.36666666666667,1.8730235834365674,-1.1749365077159972
UBFC_PHYS_s06_T2_test,0,1752,58.4,1.563731460121205,-1.0332142173365286
UBFC_PHYS_s06_T2_test,0,1753,58.43333333333333,1.08862561572329,-0.7884957900308768
UBFC_PHYS_s06_T2_test,0,1754,58.46666666666667,0.54868830489542,-0.4499930612645883
UBFC_PHYS_s06_T2_test,0,1755,58.5,0.008572206691775018,-0.028873618907502688
UBFC_PHYS_s06_T2_test,0,1756,58.53333333333333,-0.494722922740403,0.4128176716825107
UBFC_PHYS_s06_T2_test,0,1757,58.56666666666667,-0.9327783779808727,0.7608968980185682
UBFC_PHYS_s06_T2_test,0,1758,58.6,-1.278494643007655,0.9586391414696684
UBFC_PHYS_s06_T2_test,0,1759,58.63333333333333,-1.5043286214628402,1.0058934097760386
UBFC_PHYS_s06_T2_test,0,1760,58.666666666666664,-1.5856115250109066,0.9543242065149082
UBFC_PHYS_s06_T2_test,0,1761,58.7,-1.5124793273715111,0.9055744235424021
UBFC_PHYS_s06_T2_test,0,1762,58.733333333333334,-1.2970987717628273,0.8827069148341948
UBFC_PHYS_s06_T2_test,0,1763,58.766666666666666,-0.9665579721100058,0.8299001115240067
UBFC_PHYS_s06_T2_test,0,1764,58.8,-0.5541888555523758,0.7279557270603919
UBFC_PHYS_s06_T2_test,0,1765,58.833333333333336,-0.09776465664538118,0.5952636746046217
UBFC_PHYS_s06_T2_test,0,1766,58.86666666666667,0.36558498895783953,0.4599368413534656
UBFC_PHYS_s06_T2_test,0,1767,58.9,0.8109016647241806,0.36000562160434724
UBFC_PHYS_s06_T2_test,0,1768,58.93333333333333,1.22943997011275,0.29628563174329814
UBFC_PHYS_s06_T2_test,0,1769,58.96666666666667,1.6115372931847705,0.23313743089973282
UBFC_PHYS_s06_T2_test,0,1770,59.0,1.9108706481160185,0.12588655271077837
UBFC_PHYS_s06_T2_test,0,1771,59.03333333333333,2.0255860915139707,-0.07736598973654502
UBFC_PHYS_s06_T2_test,0,1772,59.06666666666667,1.845597431124145,-0.3775477043368326
UBFC_PHYS_s06_T2_test,0,1773,59.1,1.3460562256977835,-0.7230680903238688
UBFC_PHYS_s06_T2_test,0,1774,59.13333333333333,0.6331246786740371,-1.0673174144506539
UBFC_PHYS_s06_T2_test,0,1775,59.166666666666664,-0.10300441521548283,-1.3674891077813482
UBFC_PHYS_s06_T2_test,0,1776,59.2,-0.68262778061384,-1.5862050292129588
UBFC_PHYS_s06_T2_test,0,1777,59.233333333333334,-1.015944053541445,-1.6904244789759852
UBFC_PHYS_s06_T2_test,0,1778,59.266666666666666,-1.123074514859112,-1.650580877916154
UBFC_PHYS_s06_T2_test,0,1779,59.3,-1.085424938642458,-1.440701557224305
UBFC_PHYS_s06_T2_test,0,1780,59.333333333333336,-0.9795454922155449,-1.0666711153522228
UBFC_PHYS_s06_T2_test,0,1781,59.36666666666667,-0.8506379512445679,-0.5676104029278105
UBFC_PHYS_s06_T2_test,0,1782,59.4,-0.7214493703513706,-0.016550659777316394
UBFC_PHYS_s06_T2_test,0,1783,59.43333333333333,-0.6051835988922655,0.4780277981260428
UBFC_PHYS_s06_T2_test,0,1784,59.46666666666667,-0.5104279658726165,0.8560083224380357
UBFC_PHYS_s06_T2_test,0,1785,59.5,-0.43957043763150794,1.103749496470199
UBFC_PHYS_s06_T2_test,0,1786,59.53333333333333,-0.3869415655818265,1.239693222780605
UBFC_PHYS_s06_T2_test,0,1787,59.56666666666667,-0.34285317718327973,1.3119857482325836
UBFC_PHYS_s06_T2_test,0,1788,59.6,-0.30039447591579094,1.3447903756601627
UBFC_PHYS_s06_T2_test,0,1789,59.63333333333333,-0.25702330998235595,1.3370168273954712
UBFC_PHYS_s06_T2_test,0,1790,59.666666666666664,-0.21084754065933653,1.2807396119706342
UBFC_PHYS_s06_T2_test,0,1791,59.7,-0.15782182763014033,1.1614490960466308
UBFC_PHYS_s06_T2_test,0,1792,59.733333333333334,-0.09273580893984006,0.9663140831944897
UBFC_PHYS_s06_T2_test,0,1793,59.766666666666666,-0.01203171582734143,0.6853982651511332
UBFC_PHYS_s06_T2_test,0,1794,59.8,0.08436820436462672,0.32000745204543296
UBFC_PHYS_s06_T2_test,0,1795,59.833333333333336,0.19331237267442025,-0.11532272183538993
UBFC_PHYS_s06_T2_test,0,1796,59.86666666666667,0.30922657482483473,-0.5791783137248803
UBFC_PHYS_s06_T2_test,0,1797,59.9,0.42391380396274125,-1.0013167256463211
UBFC_PHYS_s06_T2_test,0,1798,59.93333333333333,0.5263526742040991,-1.3274090825884737
UBFC_PHYS_s06_T2_test,0,1799,59.96666666666667,0.6031203044951847,-1.5175549746969041
UBFC_PHYS_s06_T2_test,0,1800,60.0,0.6382787960589403,-1.5424089404350343
UBFC_PHYS_s06_T2_test,0,1801,60.03333333333333,0.614552675940311,-1.3826447953991459
UBFC_PHYS_s06_T2_test,0,1802,60.06666666666667,0.5209984121102038,-1.0571429602293376
UBFC_PHYS_s06_T2_test,0,1803,60.1,0.3660422315585498,-0.6235842064654739
UBFC_PHYS_s06_T2_test,0,1804,60.13333333333333,0.18278551575277535,-0.15971100652751763
UBFC_PHYS_s06_T2_test,0,1805,60.166666666666664,0.015746011036787827,0.23580149811012988
UBFC_PHYS_s06_T2_test,0,1806,60.2,-0.1014921574285268,0.5186880549670162
UBFC_PHYS_s06_T2_test,0,1807,60.233333333333334,-0.15807827175553502,0.6975240379356991
UBFC_PHYS_s06_T2_test,0,1808,60.266666666666666,-0.16192106075198595,0.7969338988892007
UBFC_PHYS_s06_T2_test,0,1809,60.3,-0.1291477390575509,0.8555902993550514
UBFC_PHYS_s06_T2_test,0,1810,60.333333333333336,-0.07547621415467876,0.891098959602387
UBFC_PHYS_s06_T2_test,0,1811,60.36666666666667,-0.013156203667950665,0.8990681897806134
UBFC_PHYS_s06_T2_test,0,1812,60.4,0.047413325236527054,0.8727636981661056
UBFC_PHYS_s06_T2_test,0,1813,60.43333333333333,0.09623421982437332,0.8032535833778369
UBFC_PHYS_s06_T2_test,0,1814,60.46666666666667,0.12536409745952623,0.6715254361222525
UBFC_PHYS_s06_T2_test,0,1815,60.5,0.131703965213255,0.4495512382681654
UBFC_PHYS_s06_T2_test,0,1816,60.53333333333333,0.11767352504158965,0.13943326944086704
UBFC_PHYS_s06_T2_test,0,1817,60.56666666666667,0.08881290145686702,-0.2250397539272071
UBFC_PHYS_s06_T2_test,0,1818,60.6,0.050246418180121655,-0.6032752855387101
UBFC_PHYS_s06_T2_test,0,1819,60.63333333333333,0.004897910281041428,-0.9464080378205758
UBFC_PHYS_s06_T2_test,0,1820,60.666666666666664,-0.04568312788673955,-1.202472689020706
UBFC_PHYS_s06_T2_test,0,1821,60.7,-0.09972866394136684,-1.3154218057697618
UBFC_PHYS_s06_T2_test,0,1822,60.733333333333334,-0.15455257182235285,-1.2585407571010903
UBFC_PHYS_s06_T2_test,0,1823,60.766666666666666,-0.20561024153985485,-1.0343987396659389
UBFC_PHYS_s06_T2_test,0,1824,60.8,-0.24500602161710278,-0.6806552291034543
UBFC_PHYS_s06_T2_test,0,1825,60.833333333333336,-0.26311561437797715,-0.27058443214408195
UBFC_PHYS_s06_T2_test,0,1826,60.86666666666667,-0.2543597469932634,0.12527535574020224
UBFC_PHYS_s06_T2_test,0,1827,60.9,-0.22127977238646326,0.4382021684436927
UBFC_PHYS_s06_T2_test,0,1828,60.93333333333333,-0.17220660449839156,0.6380436139219196
UBFC_PHYS_s06_T2_test,0,1829,60.96666666666667,-0.11571208972083653,0.7318252793516639
UBFC_PHYS_s06_T2_test,0,1830,61.0,-0.05797842644419453,0.74939195726056
UBFC_PHYS_s06_T2_test,0,1831,61.03333333333333,-0.003992458202318508,0.7418598321160794
UBFC_PHYS_s06_T2_test,0,1832,61.06666666666667,0.0413748973917619,0.7319471132078279
UBFC_PHYS_s06_T2_test,0,1833,61.1,0.07434829884936599,0.7133649636827629
UBFC_PHYS_s06_T2_test,0,1834,61.13333333333333,0.09357956892680341,0.6738421781406653
UBFC_PHYS_s06_T2_test,0,1835,61.166666666666664,0.10015082951203011,0.5956134562916013
UBFC_PHYS_s06_T2_test,0,1836,61.2,0.09607389360736707,0.4584653830090962
UBFC_PHYS_s06_T2_test,0,1837,61.233333333333334,0.08267347135223332,0.24089013120914188
UBFC_PHYS_s06_T2_test,0,1838,61.266666666666666,0.06074070960797209,-0.05337595523142365
UBFC_PHYS_s06_T2_test,0,1839,61.3,0.03161651890090422,-0.393884955627992
UBFC_PHYS_s06_T2_test,0,1840,61.333333333333336,-0.002881795712610302,-0.7332122021992756
UBFC_PHYS_s06_T2_test,0,1841,61.36666666666667,-0.04065390024998859,-1.0058669907070084
UBFC_PHYS_s06_T2_test,0,1842,61.4,-0.07838488213305377,-1.159452513182784
UBFC_PHYS_s06_T2_test,0,1843,61.43333333333333,-0.11115697700171463,-1.154211497178281
UBFC_PHYS_s06_T2_test,0,1844,61.46666666666667,-0.13323220035207597,-0.9774465810492482
UBFC_PHYS_s06_T2_test,0,1845,61.5,-0.13894119371286115,-0.6439217856461431
UBFC_PHYS_s06_T2_test,0,1846,61.53333333333333,-0.12448832039201492,-0.2174913276212311
UBFC_PHYS_s06_T2_test,0,1847,61.56666666666667,-0.09093948078457362,0.18834401890991712
UBFC_PHYS_s06_T2_test,0,1848,61.6,-0.04500250560676799,0.4981172050304427
UBFC_PHYS_s06_T2_test,0,1849,61.63333333333333,0.004647363397460549,0.6736502295929755
UBFC_PHYS_s06_T2_test,0,1850,61.666666666666664,0.05200818854973849,0.7268588493291961
UBFC_PHYS_s06_T2_test,0,1851,61.7,0.09448303834619073,0.7181409221546791
UBFC_PHYS_s06_T2_test,0,1852,61.733333333333334,0.13065625671276462,0.6834336644915224
UBFC_PHYS_s06_T2_test,0,1853,61.766666666666666,0.1595700165983117,0.6332351462090161
UBFC_PHYS_s06_T2_test,0,1854,61.8,0.1813550581221678,0.5722496370647515
UBFC_PHYS_s06_T2_test,0,1855,61.833333333333336,0.19612859578004394,0.49961386351099857
UBFC_PHYS_s06_T2_test,0,1856,61.86666666666667,0.20199001983267145,0.4035760347155085
UBFC_PHYS_s06_T2_test,0,1857,61.9,0.19488313282380482,0.2623644489364724
UBFC_PHYS_s06_T2_test,0,1858,61.93333333333333,0.17044105615088434,0.06367196504661411
UBFC_PHYS_s06_T2_test,0,1859,61.96666666666667,0.1263557448395032,-0.19396374287961915
UBFC_PHYS_s06_T2_test,0,1860,62.0,0.06381188426367049,-0.48937345851343605
UBFC_PHYS_s06_T2_test,0,1861,62.03333333333333,-0.012925711372895313,-0.7775069912663395
UBFC_PHYS_s06_T2_test,0,1862,62.06666666666667,-0.09755078700820355,-1.004110775109563
UBFC_PHYS_s06_T2_test,0,1863,62.1,-0.18147559664643492,-1.1052184485630205
UBFC_PHYS_s06_T2_test,0,1864,62.13333333333333,-0.2534090325636084,-1.0422608915585572
UBFC_PHYS_s06_T2_test,0,1865,62.166666666666664,-0.3013535318598381,-0.8024533626198318
UBFC_PHYS_s06_T2_test,0,1866,62.2,-0.31676428358760517,-0.4268237432506407
UBFC_PHYS_s06_T2_test,0,1867,62.233333333333334,-0.2978358156912259,-0.010757647742872162
UBFC_PHYS_s06_T2_test,0,1868,62.266666666666666,-0.2495677156581752,0.36962896983574445
UBFC_PHYS_s06_T2_test,0,1869,62.3,-0.1812209407066697,0.6566871673259853
UBFC_PHYS_s06_T2_test,0,1870,62.333333333333336,-0.10375229660235413,0.8170916070213885
UBFC_PHYS_s06_T2_test,0,1871,62.36666666666667,-0.028338130672829073,0.8407286991466384
UBFC_PHYS_s06_T2_test,0,1872,62.4,0.03533010386593355,0.7494931107046835
UBFC_PHYS_s06_T2_test,0,1873,62.43333333333333,0.0815139892500015,0.5964763694590505
UBFC_PHYS_s06_T2_test,0,1874,62.46666666666667,0.10999938633528311,0.42766589572921987
UBFC_PHYS_s06_T2_test,0,1875,62.5,0.12518387968860584,0.28171214996904836
UBFC_PHYS_s06_T2_test,0,1876,62.53333333333333,0.13320285020376943,0.17248093377472104
UBFC_PHYS_s06_T2_test,0,1877,62.56666666666667,0.13953401129256465,0.08970260296654031
UBFC_PHYS_s06_T2_test,0,1878,62.6,0.14884179963645577,0.01031213771849531
UBFC_PHYS_s06_T2_test,0,1879,62.63333333333333,0.1654003227434001,-0.10028523963330538
UBFC_PHYS_s06_T2_test,0,1880,62.666666666666664,0.19121019095380873,-0.25565648152047055
UBFC_PHYS_s06_T2_test,0,1881,62.7,0.22305860256508186,-0.44714800607632327
UBFC_PHYS_s06_T2_test,0,1882,62.733333333333334,0.2530693357523489,-0.642825042707663
UBFC_PHYS_s06_T2_test,0,1883,62.766666666666666,0.2730314761406462,-0.7870125646938687
UBFC_PHYS_s06_T2_test,0,1884,62.8,0.27715736456388007,-0.8230414513577304
UBFC_PHYS_s06_T2_test,0,1885,62.833333333333336,0.2614150897970692,-0.6938457147874196
UBFC_PHYS_s06_T2_test,0,1886,62.86666666666667,0.2237504783774153,-0.4003704214869171
UBFC_PHYS_s06_T2_test,0,1887,62.9,0.16644456115263195,-0.0024729616375310653
UBFC_PHYS_s06_T2_test,0,1888,62.93333333333333,0.09700789311082277,0.4111056487907231
UBFC_PHYS_s06_T2_test,0,1889,62.96666666666667,0.026626770943658225,0.7224401903495576
UBFC_PHYS_s06_T2_test,0,1890,63.0,-0.03297845310911869,0.875916716857424
UBFC_PHYS_s06_T2_test,0,1891,63.03333333333333,-0.07572880007725696,0.8775971951272404
UBFC_PHYS_s06_T2_test,0,1892,63.06666666666667,-0.10728351267523464,0.7499393673235163
UBFC_PHYS_s06_T2_test,0,1893,63.1,-0.14182465630540153,0.5311323841380692
UBFC_PHYS_s06_T2_test,0,1894,63.13333333333333,-0.18980548053235224,0.2608503482235968
UBFC_PHYS_s06_T2_test,0,1895,63.166666666666664,-0.24983656501994878,-0.019326409559890297
UBFC_PHYS_s06_T2_test,0,1896,63.2,-0.31141457374465725,-0.27143772200016053
UBFC_PHYS_s06_T2_test,0,1897,63.233333333333334,-0.3613058196668529,-0.4602330836635927
UBFC_PHYS_s06_T2_test,0,1898,63.266666666666666,-0.3878021569110241,-0.570335747913113
UBFC_PHYS_s06_T2_test,0,1899,63.3,-0.38406130046259124,-0.605339406743642
UBFC_PHYS_s06_T2_test,0,1900,63.333333333333336,-0.3495847968070938,-0.6008873553078602
UBFC_PHYS_s06_T2_test,0,1901,63.36666666666667,-0.2888198899537816,-0.6234075093436015
UBFC_PHYS_s06_T2_test,0,1902,63.4,-0.21002151742729036,-0.67739561703571
UBFC_PHYS_s06_T2_test,0,1903,63.43333333333333,-0.12375400423618503,-0.7051447420015656
UBFC_PHYS_s06_T2_test,0,1904,63.46666666666667,-0.038100689176558594,-0.6471179793889931
UBFC_PHYS_s06_T2_test,0,1905,63.5,0.04489122822480682,-0.44349148967837
UBFC_PHYS_s06_T2_test,0,1906,63.53333333333333,0.1256575669925187,-0.0969486329709521
UBFC_PHYS_s06_T2_test,0,1907,63.56666666666667,0.20002896524827127,0.3259095624384677
UBFC_PHYS_s06_T2_test,0,1908,63.6,0.25649117506871255,0.7423527297185263
UBFC_PHYS_s06_T2_test,0,1909,63.63333333333333,0.2804782181576305,1.0528498797713994
UBFC_PHYS_s06_T2_test,0,1910,63.666666666666664,0.2631890648298102,1.211134853932678
UBFC_PHYS_s06_T2_test,0,1911,63.7,0.2095340056909331,1.2232995202856056
UBFC_PHYS_s06_T2_test,0,1912,63.733333333333334,0.13805574073829638,1.1022618532105746
UBFC_PHYS_s06_T2_test,0,1913,63.766666666666666,0.07036748494109729,0.8673053598575926
UBFC_PHYS_s06_T2_test,0,1914,63.8,0.01886134307592541,0.5501649440706727
UBFC_PHYS_s06_T2_test,0,1915,63.833333333333336,-0.01556957227859589,0.1958088443207091
UBFC_PHYS_s06_T2_test,0,1916,63.86666666666667,-0.036341203831760385,-0.15843065664848646
UBFC_PHYS_s06_T2_test,0,1917,63.9,-0.04485617713730611,-0.4813705300935103
UBFC_PHYS_s06_T2_test,0,1918,63.93333333333333,-0.04011301794519655,-0.7466479961518488
UBFC_PHYS_s06_T2_test,0,1919,63.96666666666667,-0.020662844120821783,-0.9311384615918806
UBFC_PHYS_s06_T2_test,0,1920,64.0,0.014746813159157114,-1.029715126363952
UBFC_PHYS_s06_T2_test,0,1921,64.03333333333333,0.0658951676561696,-1.0540491229951
UBFC_PHYS_s06_T2_test,0,1922,64.06666666666666,0.12658312973642916,-0.9906696201898277
UBFC_PHYS_s06_T2_test,0,1923,64.1,0.18088493761202182,-0.8011582192730118
UBFC_PHYS_s06_T2_test,0,1924,64.13333333333334,0.20683666383129334,-0.47286613421654944
UBFC_PHYS_s06_T2_test,0,1925,64.16666666666667,0.18767898015437165,-0.02062437852222382
UBFC_PHYS_s06_T2_test,0,1926,64.2,0.12262624611307855,0.47020893116022217
UBFC_PHYS_s06_T2_test,0,1927,64.23333333333333,0.027742035330100456,0.8429742729734212
UBFC_PHYS_s06_T2_test,0,1928,64.26666666666667,-0.07438846538540975,1.0292067318545426
UBFC_PHYS_s06_T2_test,0,1929,64.3,-0.16661907272857773,1.0479433003501053
UBFC_PHYS_s06_T2_test,0,1930,64.33333333333333,-0.24068108612145866,0.9271964732195306
UBFC_PHYS_s06_T2_test,0,1931,64.36666666666666,-0.2921629121550459,0.7030209953953515
UBFC_PHYS_s06_T2_test,0,1932,64.4,-0.3147259671657344,0.41635004507518003
UBFC_PHYS_s06_T2_test,0,1933,64.43333333333334,-0.30043099576690746,0.11343356523743396
UBFC_PHYS_s06_T2_test,0,1934,64.46666666666667,-0.246848452853435,-0.17422535835012354
UBFC_PHYS_s06_T2_test,0,1935,64.5,-0.16340384856235787,-0.42859454334683245
UBFC_PHYS_s06_T2_test,0,1936,64.53333333333333,-0.06820338517411624,-0.638881103542994
UBFC_PHYS_s06_T2_test,0,1937,64.56666666666666,0.021895400020807924,-0.8000085817583164
UBFC_PHYS_s06_T2_test,0,1938,64.6,0.09670535884800067,-0.9040790626258507
UBFC_PHYS_s06_T2_test,0,1939,64.63333333333334,0.15121423241220022,-0.9394406635217388
UBFC_PHYS_s06_T2_test,0,1940,64.66666666666667,0.18426383418408468,-0.8828860567312804
UBFC_PHYS_s06_T2_test,0,1941,64.7,0.1987589266944249,-0.7000696881887887
UBFC_PHYS_s06_T2_test,0,1942,64.73333333333333,0.19908722666508855,-0.37850836906879703
UBFC_PHYS_s06_T2_test,0,1943,64.76666666666667,0.18789892607333658,0.07074080330304362
UBFC_PHYS_s06_T2_test,0,1944,64.8,0.16720471720285282,0.5658217529777592
UBFC_PHYS_s06_T2_test,0,1945,64.83333333333333,0.13991978790454046,0.9532076132315722
UBFC_PHYS_s06_T2_test,0,1946,64.86666666666666,0.10676776215865624,1.1538415594602973
UBFC_PHYS_s06_T2_test,0,1947,64.9,0.06428186042158573,1.1626297148462699
UBFC_PHYS_s06_T2_test,0,1948,64.93333333333334,0.009587527603246243,1.0081212556600454
UBFC_PHYS_s06_T2_test,0,1949,64.96666666666667,-0.054385580242620635,0.7516198242131782
UBFC_PHYS_s06_T2_test,0,1950,65.0,-0.11995901585428792,0.4435134091203077
UBFC_PHYS_s06_T2_test,0,1951,65.03333333333333,-0.1780066508752366,0.12366419762231289
UBFC_PHYS_s06_T2_test,0,1952,65.06666666666666,-0.21838613601228857,-0.17979731601402169
UBFC_PHYS_s06_T2_test,0,1953,65.1,-0.22968847121361588,-0.44898275526483317
UBFC_PHYS_s06_T2_test,0,1954,65.13333333333334,-0.20191754936253437,-0.6726827184221109
UBFC_PHYS_s06_T2_test,0,1955,65.16666666666667,-0.13208994192124954,-0.8447525609572961
UBFC_PHYS_s06_T2_test,0,1956,65.2,-0.029050187866380736,-0.9575232162822213
UBFC_PHYS_s06_T2_test,0,1957,65.23333333333333,0.0882572094688951,-1.00078535302377
UBFC_PHYS_s06_T2_test,0,1958,65.26666666666667,0.19968690468257894,-0.952134798613125
UBFC_PHYS_s06_T2_test,0,1959,65.3,0.2916616634571247,-0.7773113137824129
UBFC_PHYS_s06_T2_test,0,1960,65.33333333333333,0.3568333190742976,-0.4607708311323106
UBFC_PHYS_s06_T2_test,0,1961,65.36666666666666,0.38920871802727697,-0.0073957629541637065
UBFC_PHYS_s06_T2_test,0,1962,65.4,0.3823698119586077,0.5010199579137499
UBFC_PHYS_s06_T2_test,0,1963,65.43333333333334,0.3329072778326299,0.904865840360156
UBFC_PHYS_s06_T2_test,0,1964,65.46666666666667,0.24474063756613523,1.125365342029407
UBFC_PHYS_s06_T2_test,0,1965,65.5,0.1288513038688631,1.1639406203037161
UBFC_PHYS_s06_T2_test,0,1966,65.53333333333333,-0.001457289536577257,1.0478737803939269
UBFC_PHYS_s06_T2_test,0,1967,65.56666666666666,-0.13467239140042048,0.8292393233055755
UBFC_PHYS_s06_T2_test,0,1968,65.6,-0.261490938796471,0.5476096178736591
UBFC_PHYS_s06_T2_test,0,1969,65.63333333333334,-0.37221246704483657,0.23048351582778165
UBFC_PHYS_s06_T2_test,0,1970,65.66666666666667,-0.4543927206070277,-0.09586675811566492
UBFC_PHYS_s06_T2_test,0,1971,65.7,-0.4958504916410036,-0.40487261095765603
UBFC_PHYS_s06_T2_test,0,1972,65.73333333333333,-0.4918523433719177,-0.6751119553035353
UBFC_PHYS_s06_T2_test,0,1973,65.76666666666667,-0.4467367400296539,-0.8887034374392194
UBFC_PHYS_s06_T2_test,0,1974,65.8,-0.36727531358194926,-1.0289170428325085
UBFC_PHYS_s06_T2_test,0,1975,65.83333333333333,-0.25885892916332615,-1.0791202917416782
UBFC_PHYS_s06_T2_test,0,1976,65.86666666666666,-0.1312610919186795,-1.0132922962682356
UBFC_PHYS_s06_T2_test,0,1977,65.9,-0.004066322623966131,-0.7964145576640111
UBFC_PHYS_s06_T2_test,0,1978,65.93333333333334,0.10015838330988608,-0.42140081681582464
UBFC_PHYS_s06_T2_test,0,1979,65.96666666666667,0.1698954352294082,0.08913822846247482
UBFC_PHYS_s06_T2_test,0,1980,66.0,0.20953520087064004,0.6339643031758296
UBFC_PHYS_s06_T2_test,0,1981,66.03333333333333,0.23083880635325094,1.0324609829743518
UBFC_PHYS_s06_T2_test,0,1982,66.06666666666666,0.24281028651955938,1.209911944622437
UBFC_PHYS_s06_T2_test,0,1983,66.1,0.24778354090255678,1.1967913189397263
UBFC_PHYS_s06_T2_test,0,1984,66.13333333333334,0.24226926303501206,1.035625300607703
UBFC_PHYS_s06_T2_test,0,1985,66.16666666666667,0.22149751161304598,0.7798599723488622
UBFC_PHYS_s06_T2_test,0,1986,66.2,0.18420345304956237,0.46926237612987143
UBFC_PHYS_s06_T2_test,0,1987,66.23333333333333,0.13150741430063478,0.13061294187460035
UBFC_PHYS_s06_T2_test,0,1988,66.26666666666667,0.062308524902477805,-0.20994648295210652
UBFC_PHYS_s06_T2_test,0,1989,66.3,-0.02643085231051465,-0.525229714071214
UBFC_PHYS_s06_T2_test,0,1990,66.33333333333333,-0.13400335601536012,-0.7922675038018869
UBFC_PHYS_s06_T2_test,0,1991,66.36666666666666,-0.2521695039071095,-0.9907013434367995
UBFC_PHYS_s06_T2_test,0,1992,66.4,-0.366858887648099,-1.1064907510035502
UBFC_PHYS_s06_T2_test,0,1993,66.43333333333334,-0.46096837871745994,-1.1308926197701308
UBFC_PHYS_s06_T2_test,0,1994,66.46666666666667,-0.5140595009268553,-1.0417773664529697
UBFC_PHYS_s06_T2_test,0,1995,66.5,-0.5031917268156859,-0.8040962209404308
UBFC_PHYS_s06_T2_test,0,1996,66.53333333333333,-0.4107720165708966,-0.4102219868715149
UBFC_PHYS_s06_T2_test,0,1997,66.56666666666666,-0.23452335011837455,0.11811691946168551
UBFC_PHYS_s06_T2_test,0,1998,66.6,0.009950898611640665,0.6805470954649151
UBFC_PHYS_s06_T2_test,0,1999,66.63333333333334,0.2939032602293429,1.0971424660511395
UBFC_PHYS_s06_T2_test,0,2000,66.66666666666667,0.581791216529302,1.292225384463835
UBFC_PHYS_s06_T2_test,0,2001,66.7,0.8375292152137509,1.2935513568180594
UBFC_PHYS_s06_T2_test,0,2002,66.73333333333333,1.0307401868628912,1.1401279913539208
UBFC_PHYS_s06_T2_test,0,2003,66.76666666666667,1.1407859752153502,0.8810788518492596
UBFC_PHYS_s06_T2_test,0,2004,66.8,1.1561741398237515,0.5566795242377932
UBFC_PHYS_s06_T2_test,0,2005,66.83333333333333,1.0722192102788912,0.1990593848452475
UBFC_PHYS_s06_T2_test,0,2006,66.86666666666666,0.8934311932497165,-0.1595652770151133
UBFC_PHYS_s06_T2_test,0,2007,66.9,0.6378327401820378,-0.48524459697900824
UBFC_PHYS_s06_T2_test,0,2008,66.93333333333334,0.3321286876257258,-0.7583739256434575
UBFC_PHYS_s06_T2_test,0,2009,66.96666666666667,0.0007843255500841334,-0.9719114055775315
UBFC_PHYS_s06_T2_test,0,2010,67.0,-0.3358412660729686,-1.1121236802102896
UBFC_PHYS_s06_T2_test,0,2011,67.03333333333333,-0.6561591865706813,-1.1574420366444738
UBFC_PHYS_s06_T2_test,0,2012,67.06666666666666,-0.9374364590131206,-1.0814270144011682
UBFC_PHYS_s06_T2_test,0,2013,67.1,-1.1574105666231604,-0.8532033772065233
UBFC_PHYS_s06_T2_test,0,2014,67.13333333333334,-1.2922567341445281,-0.46569162642503836
UBFC_PHYS_s06_T2_test,0,2015,67.16666666666667,-1.32151830931952,0.06254769645927336
UBFC_PHYS_s06_T2_test,0,2016,67.2,-1.2404982374392148,0.6299505214316063
UBFC_PHYS_s06_T2_test,0,2017,67.23333333333333,-1.063745972063177,1.051081582595094
UBFC_PHYS_s06_T2_test,0,2018,67.26666666666667,-0.8171152753721931,1.2487426713727126
UBFC_PHYS_s06_T2_test,0,2019,67.3,-0.5311726453061411,1.2531718925120177
UBFC_PHYS_s06_T2_test,0,2020,67.33333333333333,-0.2380877633331543,1.1028746534082368
UBFC_PHYS_s06_T2_test,0,2021,67.36666666666666,0.03279766448791768,0.8434808554790756
UBFC_PHYS_s06_T2_test,0,2022,67.4,0.25725265593204605,0.5155974443788296
UBFC_PHYS_s06_T2_test,0,2023,67.43333333333334,0.41663086737662136,0.15550200466636827
UBFC_PHYS_s06_T2_test,0,2024,67.46666666666667,0.5044060195949215,-0.20083379648119834
UBFC_PHYS_s06_T2_test,0,2025,67.5,0.5325120080437808,-0.5161911259902924
UBFC_PHYS_s06_T2_test,0,2026,67.53333333333333,0.5224839410086514,-0.7725327677544467
UBFC_PHYS_s06_T2_test,0,2027,67.56666666666666,0.4892315866077651,-0.9692542889840472
UBFC_PHYS_s06_T2_test,0,2028,67.6,0.4384254599764367,-1.0946322079026602
UBFC_PHYS_s06_T2_test,0,2029,67.63333333333334,0.3753946269074871,-1.124748641527287
UBFC_PHYS_s06_T2_test,0,2030,67.66666666666667,0.30847168363589844,-1.0326130708279735
UBFC_PHYS_s06_T2_test,0,2031,67.7,0.24504462938597354,-0.7887285825809079
UBFC_PHYS_s06_T2_test,0,2032,67.73333333333333,0.19062445762729474,-0.3961761034841642
UBFC_PHYS_s06_T2_test,0,2033,67.76666666666667,0.15202178262515087,0.1077152657118584
UBFC_PHYS_s06_T2_test,0,2034,67.8,0.1361110613094003,0.6277518115207121
UBFC_PHYS_s06_T2_test,0,2035,67.83333333333333,0.14332889911785845,1.009992312086086
UBFC_PHYS_s06_T2_test,0,2036,67.86666666666666,0.16495322505655716,1.1891251430135021
UBFC_PHYS_s06_T2_test,0,2037,67.9,0.1874817164097274,1.1875982621286965
UBFC_PHYS_s06_T2_test,0,2038,67.93333333333334,0.19812817139994068,1.0419288563341187
UBFC_PHYS_s06_T2_test,0,2039,67.96666666666667,0.18711177128454415,0.8016559629571962
UBFC_PHYS_s06_T2_test,0,2040,68.0,0.1481919173308369,0.5046547513653634
UBFC_PHYS_s06_T2_test,0,2041,68.03333333333333,0.0802212799444831,0.17776861930087035
UBFC_PHYS_s06_T2_test,0,2042,68.06666666666666,-0.010840216012999108,-0.1510286487623874
UBFC_PHYS_s06_T2_test,0,2043,68.1,-0.11313814286445936,-0.45108879610763225
UBFC_PHYS_s06_T2_test,0,2044,68.13333333333334,-0.21407907567598145,-0.702615702027835
UBFC_PHYS_s06_T2_test,0,2045,68.16666666666667,-0.3047538865929108,-0.8950760852832175
UBFC_PHYS_s06_T2_test,0,2046,68.2,-0.3799614230412509,-1.011899842991736
UBFC_PHYS_s06_T2_test,0,2047,68.23333333333333,-0.436325253931474,-1.0295715703669233
UBFC_PHYS_s06_T2_test,0,2048,68.26666666666667,-0.4722896035611943,-0.9178989209183929
UBFC_PHYS_s06_T2_test,0,2049,68.3,-0.4878884629829707,-0.6407543624489114
UBFC_PHYS_s06_T2_test,0,2050,68.33333333333333,-0.4810528138696606,-0.2209139885970847
UBFC_PHYS_s06_T2_test,0,2051,68.36666666666666,-0.44452607169272446,0.2586092533856121
UBFC_PHYS_s06_T2_test,0,2052,68.4,-0.36859842235963347,0.6979220687291555
UBFC_PHYS_s06_T2_test,0,2053,68.43333333333334,-0.24785755185670602,0.979687062733606
UBFC_PHYS_s06_T2_test,0,2054,68.46666666666667,-0.08765268107307662,1.0644709890582789
UBFC_PHYS_s06_T2_test,0,2055,68.5,0.09354008161006973,0.9898580057882168
UBFC_PHYS_s06_T2_test,0,2056,68.53333333333333,0.26984440706676244,0.8006060455981274
UBFC_PHYS_s06_T2_test,0,2057,68.56666666666666,0.4186796948717444,0.5478927861508098
UBFC_PHYS_s06_T2_test,0,2058,68.6,0.5267403912974374,0.26732291933411245
UBFC_PHYS_s06_T2_test,0,2059,68.63333333333334,0.5894773639117551,-0.020281065345146274
UBFC_PHYS_s06_T2_test,0,2060,68.66666666666667,0.6093055196900445,-0.29358642594599593
UBFC_PHYS_s06_T2_test,0,2061,68.7,0.5931666437755206,-0.5292955610973193
UBFC_PHYS_s06_T2_test,0,2062,68.73333333333333,0.5495642032844094,-0.7155408967530213
UBFC_PHYS_s06_T2_test,0,2063,68.76666666666667,0.4875816636840372,-0.8505308094766186
UBFC_PHYS_s06_T2_test,0,2064,68.8,0.4146757245056447,-0.9152376698119681
UBFC_PHYS_s06_T2_test,0,2065,68.83333333333333,0.3319253542644092,-0.872976755383987
UBFC_PHYS_s06_T2_test,0,2066,68.86666666666666,0.2361686436735334,-0.6942900934076995
UBFC_PHYS_s06_T2_test,0,2067,68.9,0.13013716365379865,-0.35810241605418514
UBFC_PHYS_s06_T2_test,0,2068,68.93333333333334,0.02640427726108046,0.08397195224498034
UBFC_PHYS_s06_T2_test,0,2069,68.96666666666667,-0.05965274682125235,0.5066972973476781
UBFC_PHYS_s06_T2_test,0,2070,69.0,-0.11827328482184073,0.8103106289837322
UBFC_PHYS_s06_T2_test,0,2071,69.03333333333333,-0.1502087395911578,0.9203545262096235
UBFC_PHYS_s06_T2_test,0,2072,69.06666666666666,-0.1678861593513461,0.8383146541589646
UBFC_PHYS_s06_T2_test,0,2073,69.1,-0.1902118123940605,0.6407771483865861
UBFC_PHYS_s06_T2_test,0,2074,69.13333333333334,-0.23357854310798504,0.3865458320065954
UBFC_PHYS_s06_T2_test,0,2075,69.16666666666667,-0.30501782357630175,0.11635532012366068
UBFC_PHYS_s06_T2_test,0,2076,69.2,-0.39799601170014404,-0.13370324160955566
UBFC_PHYS_s06_T2_test,0,2077,69.23333333333333,-0.49277547460929855,-0.3312908074441558
UBFC_PHYS_s06_T2_test,0,2078,69.26666666666667,-0.5673045343618432,-0.4610189190110297
UBFC_PHYS_s06_T2_test,0,2079,69.3,-0.6124319200547661,-0.5234801753469132
UBFC_PHYS_s06_T2_test,0,2080,69.33333333333333,-0.6341749410385559,-0.5338923362211813
UBFC_PHYS_s06_T2_test,0,2081,69.36666666666666,-0.6415521324173995,-0.5212153547391316
UBFC_PHYS_s06_T2_test,0,2082,69.4,-0.6358012900703371,-0.4871935623986265
UBFC_PHYS_s06_T2_test,0,2083,69.43333333333334,-0.6086820266263809,-0.40640037421150543
UBFC_PHYS_s06_T2_test,0,2084,69.46666666666667,-0.5460607321735547,-0.2503450210305571
UBFC_PHYS_s06_T2_test,0,2085,69.5,-0.43456506870797784,0.011123341496989098
UBFC_PHYS_s06_T2_test,0,2086,69.53333333333333,-0.2703273320845754,0.3426336855575814
UBFC_PHYS_s06_T2_test,0,2087,69.56666666666666,-0.06476315098637454,0.6424363068182702
UBFC_PHYS_s06_T2_test,0,2088,69.6,0.15816059751893646,0.8338812182946207
UBFC_PHYS_s06_T2_test,0,2089,69.63333333333334,0.3726808781299882,0.8654808441800618
UBFC_PHYS_s06_T2_test,0,2090,69.66666666666667,0.5613312336010513,0.7532946252608912
UBFC_PHYS_s06_T2_test,0,2091,69.7,0.7146215640541961,0.5802495551815914
UBFC_PHYS_s06_T2_test,0,2092,69.73333333333333,0.8231138804347053,0.3855114909908163
UBFC_PHYS_s06_T2_test,0,2093,69.76666666666667,0.8751193655238522,0.16461314815499856
UBFC_PHYS_s06_T2_test,0,2094,69.8,0.8641535327663128,-0.07308031323905113
UBFC_PHYS_s06_T2_test,0,2095,69.83333333333333,0.7962155016245925,-0.30303754748816225
UBFC_PHYS_s06_T2_test,0,2096,69.86666666666666,0.6885532669950178,-0.5097641133022874
UBFC_PHYS_s06_T2_test,0,2097,69.9,0.561149905098911,-0.6855802342922142
UBFC_PHYS_s06_T2_test,0,2098,69.93333333333334,0.4276324489650716,-0.8191471671818459
UBFC_PHYS_s06_T2_test,0,2099,69.96666666666667,0.2924662790661262,-0.8945174545288256
UBFC_PHYS_s06_T2_test,0,2100,70.0,0.15177141992188142,-0.8824367112126275
UBFC_PHYS_s06_T2_test,0,2101,70.03333333333333,-0.008372829581795131,-0.7406367288426876
UBFC_PHYS_s06_T2_test,0,2102,70.06666666666666,-0.20477839285025276,-0.4439772320007145
UBFC_PHYS_s06_T2_test,0,2103,70.1,-0.4328134278645251,0.013816514628670618
UBFC_PHYS_s06_T2_test,0,2104,70.13333333333334,-0.6514652671026636,0.5307051768081755
UBFC_PHYS_s06_T2_test,0,2105,70.16666666666667,-0.8019359041506284,0.895992866657572
UBFC_PHYS_s06_T2_test,0,2106,70.2,-0.8408030951142227,1.033963337289335
UBFC_PHYS_s06_T2_test,0,2107,70.23333333333333,-0.758238987555481,1.0034409174534447
UBFC_PHYS_s06_T2_test,0,2108,70.26666666666667,-0.5764293499537324,0.8501787141084896
UBFC_PHYS_s06_T2_test,0,2109,70.3,-0.33663778593206767,0.6057579277874964
UBFC_PHYS_s06_T2_test,0,2110,70.33333333333333,-0.08372606312964967,0.30517597186740936
UBFC_PHYS_s06_T2_test,0,2111,70.36666666666666,0.14395302057442974,-0.012409449142551245
UBFC_PHYS_s06_T2_test,0,2112,70.4,0.31853382549788356,-0.3211425401834654
UBFC_PHYS_s06_T2_test,0,2113,70.43333333333334,0.4262095149307736,-0.6069372390255318
UBFC_PHYS_s06_T2_test,0,2114,70.46666666666667,0.4714680596640853,-0.8510791754009168
UBFC_PHYS_s06_T2_test,0,2115,70.5,0.4728901724632173,-1.0287184070388853
UBFC_PHYS_s06_T2_test,0,2116,70.53333333333333,0.44413673502926587,-1.1010564928850837
UBFC_PHYS_s06_T2_test,0,2117,70.56666666666666,0.3766082447819468,-1.0151983440611152
UBFC_PHYS_s06_T2_test,0,2118,70.6,0.2491855919971223,-0.7357284153501592
UBFC_PHYS_s06_T2_test,0,2119,70.63333333333334,0.05995052630215727,-0.24635884885850393
UBFC_PHYS_s06_T2_test,0,2120,70.66666666666667,-0.15490553744927604,0.3572389908961755
UBFC_PHYS_s06_T2_test,0,2121,70.7,-0.33716935834188244,0.8666683884326782
UBFC_PHYS_s06_T2_test,0,2122,70.73333333333333,-0.44148961509972795,1.1696925397670033
UBFC_PHYS_s06_T2_test,0,2123,70.76666666666667,-0.4544882804910614,1.2498029850216599
UBFC_PHYS_s06_T2_test,0,2124,70.8,-0.3867230005628377,1.1318877002979
UBFC_PHYS_s06_T2_test,0,2125,70.83333333333333,-0.256417722100524,0.8809302818648198
UBFC_PHYS_s06_T2_test,0,2126,70.86666666666666,-0.08027135196156919,0.5501690685889951
UBFC_PHYS_s06_T2_test,0,2127,70.9,0.12865506589390965,0.1813583727913463
UBFC_PHYS_s06_T2_test,0,2128,70.93333333333334,0.3556199739193813,-0.18656846567996863
UBFC_PHYS_s06_T2_test,0,2129,70.96666666666667,0.5776249726781334,-0.5159759703224056
UBFC_PHYS_s06_T2_test,0,2130,71.0,0.7674807603829529,-0.7846882695590243
UBFC_PHYS_s06_T2_test,0,2131,71.03333333333333,0.9013964618192903,-0.9842639269009504
UBFC_PHYS_s06_T2_test,0,2132,71.06666666666666,0.9578329329929938,-1.0898473622643692
UBFC_PHYS_s06_T2_test,0,2133,71.1,0.9164047296188017,-1.059453477962126
UBFC_PHYS_s06_T2_test,0,2134,71.13333333333334,0.7640912930577604,-0.859627456260746
UBFC_PHYS_s06_T2_test,0,2135,71.16666666666667,0.500433915976183,-0.4666291319889111
UBFC_PHYS_s06_T2_test,0,2136,71.2,0.13987663044199405,0.0599108722222034
UBFC_PHYS_s06_T2_test,0,2137,71.23333333333333,-0.28580499181618374,0.5758870076438526
UBFC_PHYS_s06_T2_test,0,2138,71.26666666666667,-0.7316235406000584,0.9672567565260147
UBFC_PHYS_s06_T2_test,0,2139,71.3,-1.1526392840935085,1.1496226555714344
UBFC_PHYS_s06_T2_test,0,2140,71.33333333333333,-1.5142375741052612,1.1137081535097204
UBFC_PHYS_s06_T2_test,0,2141,71.36666666666666,-1.788817943746166,0.9243150910151652
UBFC_PHYS_s06_T2_test,0,2142,71.4,-1.9451220970494825,0.6336727496133332
UBFC_PHYS_s06_T2_test,0,2143,71.43333333333334,-1.947619303710121,0.2812922148672913
UBFC_PHYS_s06_T2_test,0,2144,71.46666666666667,-1.7741600048235397,-0.09154523728772324
UBFC_PHYS_s06_T2_test,0,2145,71.5,-1.437322737266042,-0.44044622158497293
UBFC_PHYS_s06_T2_test,0,2146,71.53333333333333,-0.9868904981944827,-0.729276610378753
UBFC_PHYS_s06_T2_test,0,2147,71.56666666666666,-0.4880365353717761,-0.9286948917481777
UBFC_PHYS_s06_T2_test,0,2148,71.6,0.00798833606496667,-1.0188971380904006
UBFC_PHYS_s06_T2_test,0,2149,71.63333333333334,0.4769980494556545,-0.9887531038547956
UBFC_PHYS_s06_T2_test,0,2150,71.66666666666667,0.9115620869880205,-0.8246685365612356
UBFC_PHYS_s06_T2_test,0,2151,71.7,1.3029285498344036,-0.5111911690975279
UBFC_PHYS_s06_T2_test,0,2152,71.73333333333333,1.6312213186287197,-0.0732207841120699
UBFC_PHYS_s06_T2_test,0,2153,71.76666666666667,1.8645157743062988,0.4224606023487348
UBFC_PHYS_s06_T2_test,0,2154,71.8,1.9656540058977408,0.8663798312659309
UBFC_PHYS_s06_T2_test,0,2155,71.83333333333333,1.9088760304297545,1.1059733028566505
UBFC_PHYS_s06_T2_test,0,2156,71.86666666666666,1.6982210599236267,1.1107424057650022
UBFC_PHYS_s06_T2_test,0,2157,71.9,1.3724318191820073,0.9714175014878416
UBFC_PHYS_s06_T2_test,0,2158,71.93333333333334,0.9889633582271976,0.7404292756815971
UBFC_PHYS_s06_T2_test,0,2159,71.96666666666667,0.5960467876386549,0.43140418442387635
UBFC_PHYS_s06_T2_test,0,2160,72.0,0.21422725592882488,0.0773970213521348
UBFC_PHYS_s06_T2_test,0,2161,72.03333333333333,-0.15878331898216586,-0.2678346300290469
UBFC_PHYS_s06_T2_test,0,2162,72.06666666666666,-0.5285691954441366,-0.5672384865810388
UBFC_PHYS_s06_T2_test,0,2163,72.1,-0.8881047510582025,-0.7990470367201186
UBFC_PHYS_s06_T2_test,0,2164,72.13333333333334,-1.213839233026598,-0.9483164221748108
UBFC_PHYS_s06_T2_test,0,2165,72.16666666666667,-1.4713079185393452,-1.0056840393484403
UBFC_PHYS_s06_T2_test,0,2166,72.2,-1.625109441737901,-0.9444219606151945
UBFC_PHYS_s06_T2_test,0,2167,72.23333333333333,-1.648235884748804,-0.7207891472634425
UBFC_PHYS_s06_T2_test,0,2168,72.26666666666667,-1.524890858854754,-0.33839831128562653
UBFC_PHYS_s06_T2_test,0,2169,72.3,-1.2453309425418506,0.15028701843905598
UBFC_PHYS_s06_T2_test,0,2170,72.33333333333333,-0.8044870896356205,0.634401111148906
UBFC_PHYS_s06_T2_test,0,2171,72.36666666666666,-0.21788905568160333,0.9443662211342563
UBFC_PHYS_s06_T2_test,0,2172,72.4,0.4523434872431624,1.0265814043228192
UBFC_PHYS_s06_T2_test,0,2173,72.43333333333334,1.089830891313081,0.9427434061689461
UBFC_PHYS_s06_T2_test,0,2174,72.46666666666667,1.5613837520563973,0.7420933362756456
UBFC_PHYS_s06_T2_test,0,2175,72.5,1.7876932362442013,0.4605988342012247
UBFC_PHYS_s06_T2_test,0,2176,72.53333333333333,1.7863203961980891,0.13735859706019088
UBFC_PHYS_s06_T2_test,0,2177,72.56666666666666,1.6420001948254368,-0.18450423109928754
UBFC_PHYS_s06_T2_test,0,2178,72.6,1.4378527719810583,-0.4711018223394683
UBFC_PHYS_s06_T2_test,0,2179,72.63333333333334,1.2106998515340985,-0.6964477944471569
UBFC_PHYS_s06_T2_test,0,2180,72.66666666666667,0.9501478645624838,-0.8381012336991389
UBFC_PHYS_s06_T2_test,0,2181,72.7,0.6294448032154607,-0.8761963238662956
UBFC_PHYS_s06_T2_test,0,2182,72.73333333333333,0.24507951924476284,-0.7983608204042529
UBFC_PHYS_s06_T2_test,0,2183,72.76666666666667,-0.16758422413796634,-0.5998010282907499
UBFC_PHYS_s06_T2_test,0,2184,72.8,-0.5529146277517225,-0.2772005748445076
UBFC_PHYS_s06_T2_test,0,2185,72.83333333333333,-0.8641654904839718,0.16975623929766556
UBFC_PHYS_s06_T2_test,0,2186,72.86666666666666,-1.0822445530530402,0.6475696443795285
UBFC_PHYS_s06_T2_test,0,2187,72.9,-1.2198094779055881,0.9684087883428931
UBFC_PHYS_s06_T2_test,0,2188,72.93333333333334,-1.308095785630776,1.060992206310669
UBFC_PHYS_s06_T2_test,0,2189,72.96666666666667,-1.3709128965060964,0.9703368950626325
UBFC_PHYS_s06_T2_test,0,2190,73.0,-1.4036937554051123,0.7408596531690433
UBFC_PHYS_s06_T2_test,0,2191,73.03333333333333,-1.3751881952872564,0.4157442554434716
UBFC_PHYS_s06_T2_test,0,2192,73.06666666666666,-1.2521993536905056,0.04353748085646006
UBFC_PHYS_s06_T2_test,0,2193,73.1,-1.0259818577789348,-0.32092048204948614
UBFC_PHYS_s06_T2_test,0,2194,73.13333333333334,-0.719573876439615,-0.6353061140466563
UBFC_PHYS_s06_T2_test,0,2195,73.16666666666667,-0.3780960305901496,-0.8684211483522142
UBFC_PHYS_s06_T2_test,0,2196,73.2,-0.052447894591708864,-0.9984907543835958
UBFC_PHYS_s06_T2_test,0,2197,73.23333333333333,0.22020473337697866,-1.012124589751555
UBFC_PHYS_s06_T2_test,0,2198,73.26666666666667,0.4317789263930315,-0.898641155735597
UBFC_PHYS_s06_T2_test,0,2199,73.3,0.6002255734760941,-0.6502870775715376
UBFC_PHYS_s06_T2_test,0,2200,73.33333333333333,0.7461465471124931,-0.2757341881162655
UBFC_PHYS_s06_T2_test,0,2201,73.36666666666666,0.8679025831865204,0.19837721686828963
UBFC_PHYS_s06_T2_test,0,2202,73.4,0.9364775266357777,0.677985169601004
UBFC_PHYS_s06_T2_test,0,2203,73.43333333333334,0.9145572014956506,1.0009040437941148
UBFC_PHYS_s06_T2_test,0,2204,73.46666666666667,0.7848946436027435,1.1054146244557015
UBFC_PHYS_s06_T2_test,0,2205,73.5,0.5626400950090455,1.0297167746115663
UBFC_PHYS_s06_T2_test,0,2206,73.53333333333333,0.27973307609714526,0.8239386058745856
UBFC_PHYS_s06_T2_test,0,2207,73.56666666666666,-0.03644674942247135,0.5492293913300045
UBFC_PHYS_s06_T2_test,0,2208,73.6,-0.3613502270172429,0.24883864119521423
UBFC_PHYS_s06_T2_test,0,2209,73.63333333333334,-0.6566710837889074,-0.05115995011677689
UBFC_PHYS_s06_T2_test,0,2210,73.66666666666667,-0.8689805814844912,-0.32513026711335435
UBFC_PHYS_s06_T2_test,0,2211,73.7,-0.9527873700776941,-0.5464562451572823
UBFC_PHYS_s06_T2_test,0,2212,73.73333333333333,-0.8992976063427933,-0.6998589337536506
UBFC_PHYS_s06_T2_test,0,2213,73.76666666666667,-0.7446169732518598,-0.7802430312181239
UBFC_PHYS_s06_T2_test,0,2214,73.8,-0.5488908717116412,-0.7801172053180508
UBFC_PHYS_s06_T2_test,0,2215,73.83333333333333,-0.3666407606029874,-0.6892283708460842
UBFC_PHYS_s06_T2_test,0,2216,73.86666666666666,-0.23132493809244342,-0.49216299988685486
UBFC_PHYS_s06_T2_test,0,2217,73.9,-0.1498123289589935,-0.16944063263875175
UBFC_PHYS_s06_T2_test,0,2218,73.93333333333334,-0.09369798662161402,0.23122201542313484
UBFC_PHYS_s06_T2_test,0,2219,73.96666666666667,0.0016431057133877575,0.5939718642602865
UBFC_PHYS_s06_T2_test,0,2220,74.0,0.20979359398478006,0.828396840271649
UBFC_PHYS_s06_T2_test,0,2221,74.03333333333333,0.564948068443427,0.8695284807076836
UBFC_PHYS_s06_T2_test,0,2222,74.06666666666666,1.0294191782533206,0.7273430303648071
UBFC_PHYS_s06_T2_test,0,2223,74.1,1.5048862638176461,0.4861768270543019
UBFC_PHYS_s06_T2_test,0,2224,74.13333333333334,1.8756245685853679,0.20547345013095952
UBFC_PHYS_s06_T2_test,0,2225,74.16666666666667,2.0511438088786793,-0.08020249592016465
UBFC_PHYS_s06_T2_test,0,2226,74.2,1.992272418911627,-0.34349349141779306
UBFC_PHYS_s06_T2_test,0,2227,74.23333333333333,1.722252910851962,-0.5629925182392063
UBFC_PHYS_s06_T2_test,0,2228,74.26666666666667,1.3157791462390258,-0.7202233662761411
UBFC_PHYS_s06_T2_test,0,2229,74.3,0.8609894714159989,-0.7986050375184
UBFC_PHYS_s06_T2_test,0,2230,74.33333333333333,0.4202024970512208,-0.7861815089705477
UBFC_PHYS_s06_T2_test,0,2231,74.36666666666666,0.017251786331977048,-0.6754138417392355
UBFC_PHYS_s06_T2_test,0,2232,74.4,-0.3533487646095703,-0.4747481018704271
UBFC_PHYS_s06_T2_test,0,2233,74.43333333333334,-0.7083448745647609,-0.20917919078510264
UBFC_PHYS_s06_T2_test,0,2234,74.46666666666667,-1.0512760436189619,0.09344291399496991
UBFC_PHYS_s06_T2_test,0,2235,74.5,-1.352689892712821,0.40129759115735497
UBFC_PHYS_s06_T2_test,0,2236,74.53333333333333,-1.5569531177958373,0.6558399229097785
UBFC_PHYS_s06_T2_test,0,2237,74.56666666666666,-1.6167776715041478,0.7712690519998057
UBFC_PHYS_s06_T2_test,0,2238,74.6,-1.5220381176610531,0.7532458161560149
UBFC_PHYS_s06_T2_test,0,2239,74.63333333333334,-1.2977974905921803,0.6978972626971904
UBFC_PHYS_s06_T2_test,0,2240,74.66666666666667,-0.988132374564461,0.6567438653440338
UBFC_PHYS_s06_T2_test,0,2241,74.7,-0.6464813113578971,0.6356166017245067
UBFC_PHYS_s06_T2_test,0,2242,74.73333333333333,-0.32526747902546627,0.6016360086089814
UBFC_PHYS_s06_T2_test,0,2243,74.76666666666667,-0.060984161212139926,0.48432571932905355
UBFC_PHYS_s06_T2_test,0,2244,74.8,0.12994786588096496,0.2539005200250354
UBFC_PHYS_s06_T2_test,0,2245,74.83333333333333,0.24345954733739955,-0.07701282331315902
UBFC_PHYS_s06_T2_test,0,2246,74.86666666666666,0.2838889678923946,-0.46100567008285787
UBFC_PHYS_s06_T2_test,0,2247,74.9,0.2648059765076581,-0.8148580840247005
UBFC_PHYS_s06_T2_test,0,2248,74.93333333333334,0.205066836457944,-1.0795444830423753
UBFC_PHYS_s06_T2_test,0,2249,74.96666666666667,0.1224886616200461,-1.2193783699276477
UBFC_PHYS_s06_T2_test,0,2250,75.0,0.03288509433977815,-1.2014444038458083
UBFC_PHYS_s06_T2_test,0,2251,75.03333333333333,-0.04796757808198397,-0.9955323402058831
UBFC_PHYS_s06_T2_test,0,2252,75.06666666666666,-0.10582158268118763,-0.6273451001094118
UBFC_PHYS_s06_T2_test,0,2253,75.1,-0.13099814491265457,-0.1792303096690961
UBFC_PHYS_s06_T2_test,0,2254,75.13333333333334,-0.11852011362885909,0.2682439135022654
UBFC_PHYS_s06_T2_test,0,2255,75.16666666666667,-0.06695268424431713,0.6353958514634958
UBFC_PHYS_s06_T2_test,0,2256,75.2,0.022395474840252193,0.8888469379173956
UBFC_PHYS_s06_T2_test,0,2257,75.23333333333333,0.1466351886200442,1.0398471343768385
UBFC_PHYS_s06_T2_test,0,2258,75.26666666666667,0.29790948376686155,1.086784157542185
UBFC_PHYS_s06_T2_test,0,2259,75.3,0.4531253717361088,1.0141449916765133
UBFC_PHYS_s06_T2_test,0,2260,75.33333333333333,0.5722707008914991,0.8157644451386904
UBFC_PHYS_s06_T2_test,0,2261,75.36666666666666,0.6179027430122647,0.49552539446030214
UBFC_PHYS_s06_T2_test,0,2262,75.4,0.5781709611327516,0.085365824791191
UBFC_PHYS_s06_T2_test,0,2263,75.43333333333334,0.4689067646875643,-0.35333988648765763
UBFC_PHYS_s06_T2_test,0,2264,75.46666666666667,0.31836847632753923,-0.7532521856807198
UBFC_PHYS_s06_T2_test,0,2265,75.5,0.15380227213409192,-1.039854573144819
UBFC_PHYS_s06_T2_test,0,2266,75.53333333333333,-0.0043813628130153475,-1.150747102929327
UBFC_PHYS_s06_T2_test,0,2267,75.56666666666666,-0.14535634157431773,-1.0353843754266208
UBFC_PHYS_s06_T2_test,0,2268,75.6,-0.2671443683882401,-0.7167285626811806
UBFC_PHYS_s06_T2_test,0,2269,75.63333333333334,-0.3714879620157955,-0.29141306236411535
UBFC_PHYS_s06_T2_test,0,2270,75.66666666666667,-0.45918386435403435,0.12743491157174858
UBFC_PHYS_s06_T2_test,0,2271,75.7,-0.5280202852171785,0.4104024976785502
UBFC_PHYS_s06_T2_test,0,2272,75.73333333333333,-0.5724791145397258,0.541800335730002
UBFC_PHYS_s06_T2_test,0,2273,75.76666666666667,-0.5900644728253759,0.6180809715548327
UBFC_PHYS_s06_T2_test,0,2274,75.8,-0.5895540234648387,0.6774479277795223
UBFC_PHYS_s06_T2_test,0,2275,75.83333333333333,-0.580291382070059,0.698202900179816
UBFC_PHYS_s06_T2_test,0,2276,75.86666666666666,-0.548325326051294,0.6442624146106928
UBFC_PHYS_s06_T2_test,0,2277,75.9,-0.45712810665796544,0.466045646544173
UBFC_PHYS_s06_T2_test,0,2278,75.93333333333334,-0.2764095045145906,0.16721101687207385
UBFC_PHYS_s06_T2_test,0,2279,75.96666666666667,-0.001622389483821251,-0.19417224830907348
UBFC_PHYS_s06_T2_test,0,2280,76.0,0.34724110654862883,-0.5514340732566664
UBFC_PHYS_s06_T2_test,0,2281,76.03333333333333,0.7275280857641233,-0.8286334241170475
UBFC_PHYS_s06_T2_test,0,2282,76.06666666666666,1.0752706524208215,-0.9622682149488975
UBFC_PHYS_s06_T2_test,0,2283,76.1,1.3205727738399295,-0.9011176247159856
UBFC_PHYS_s06_T2_test,0,2284,76.13333333333334,1.4133101026726573,-0.6420544811528011
UBFC_PHYS_s06_T2_test,0,2285,76.16666666666667,1.3415952126540296,-0.23057387753805406
UBFC_PHYS_s06_T2_test,0,2286,76.2,1.1309678037006399,0.2313543436384215
UBFC_PHYS_s06_T2_test,0,2287,76.23333333333333,0.8254794984868132,0.5852740354516222
UBFC_PHYS_s06_T2_test,0,2288,76.26666666666667,0.46646309747021153,0.779826164484178
UBFC_PHYS_s06_T2_test,0,2289,76.3,0.08685440693915134,0.8696934516873517
UBFC_PHYS_s06_T2_test,0,2290,76.33333333333333,-0.2804167563427623,0.8905992647977186
UBFC_PHYS_s06_T2_test,0,2291,76.36666666666666,-0.5984497412121854,0.8576395864205024
UBFC_PHYS_s06_T2_test,0,2292,76.4,-0.8344342919169493,0.7462421368748516
UBFC_PHYS_s06_T2_test,0,2293,76.43333333333334,-0.9697394847401357,0.4931200317882868
UBFC_PHYS_s06_T2_test,0,2294,76.46666666666667,-1.0038052452739872,0.10437441672772266
UBFC_PHYS_s06_T2_test,0,2295,76.5,-0.9512212459364677,-0.3428555203166719
UBFC_PHYS_s06_T2_test,0,2296,76.53333333333333,-0.8341920991586991,-0.7674001667211596
UBFC_PHYS_s06_T2_test,0,2297,76.56666666666666,-0.6768372961885396,-1.0831830569983278
UBFC_PHYS_s06_T2_test,0,2298,76.6,-0.5045558446560052,-1.2273072355298391
UBFC_PHYS_s06_T2_test,0,2299,76.63333333333334,-0.34229003747584796,-1.1596006119718534
UBFC_PHYS_s06_T2_test,0,2300,76.66666666666667,-0.20853635362910464,-0.8951965694763355
UBFC_PHYS_s06_T2_test,0,2301,76.7,-0.10973965450583269,-0.5045882999980568
UBFC_PHYS_s06_T2_test,0,2302,76.73333333333333,-0.039381811620553146,-0.08259911046831396
UBFC_PHYS_s06_T2_test,0,2303,76.76666666666667,0.0156772097206066,0.25153614865515445
UBFC_PHYS_s06_T2_test,0,2304,76.8,0.0649748186572869,0.4519463116489404
UBFC_PHYS_s06_T2_test,0,2305,76.83333333333333,0.1105294958064606,0.5450304812578315
UBFC_PHYS_s06_T2_test,0,2306,76.86666666666666,0.15033392047926908,0.577776470340122
UBFC_PHYS_s06_T2_test,0,2307,76.9,0.1818660416881394,0.6157175862385539
UBFC_PHYS_s06_T2_test,0,2308,76.93333333333334,0.20651887419814238,0.655687802348083
UBFC_PHYS_s06_T2_test,0,2309,76.96666666666667,0.23474724857737553,0.6256209835169381
UBFC_PHYS_s06_T2_test,0,2310,77.0,0.28158345514913513,0.4794810148207736
UBFC_PHYS_s06_T2_test,0,2311,77.03333333333333,0.353834387270818,0.19878831383863863
UBFC_PHYS_s06_T2_test,0,2312,77.06666666666666,0.44439980524101425,-0.1718329137174428
UBFC_PHYS_s06_T2_test,0,2313,77.1,0.5355519727790337,-0.523938877933114
UBFC_PHYS_s06_T2_test,0,2314,77.13333333333334,0.6029457941554857,-0.7623049273093636
UBFC_PHYS_s06_T2_test,0,2315,77.16666666666667,0.6236805858203988,-0.8051513830909522
UBFC_PHYS_s06_T2_test,0,2316,77.2,0.5890165486481185,-0.6249076415680336
UBFC_PHYS_s06_T2_test,0,2317,77.23333333333333,0.5069834188811094,-0.2487012067627485
UBFC_PHYS_s06_T2_test,0,2318,77.26666666666667,0.38951773553061414,0.21307352194542573
UBFC_PHYS_s06_T2_test,0,2319,77.3,0.24189298190531866,0.5672418074401347
UBFC_PHYS_s06_T2_test,0,2320,77.33333333333333,0.06774438858943141,0.7359780505662911
UBFC_PHYS_s06_T2_test,0,2321,77.36666666666666,-0.12311586142252523,0.7565161790279521
UBFC_PHYS_s06_T2_test,0,2322,77.4,-0.31920378529642923,0.6773449539022319
UBFC_PHYS_s06_T2_test,0,2323,77.43333333333334,-0.5145834012130854,0.5566746473712051
UBFC_PHYS_s06_T2_test,0,2324,77.46666666666667,-0.7028067429011344,0.41921712631717994
UBFC_PHYS_s06_T2_test,0,2325,77.5,-0.8645673915395667,0.25635329709327115
UBFC_PHYS_s06_T2_test,0,2326,77.53333333333333,-0.9680960607927805,0.04435095439112588
UBFC_PHYS_s06_T2_test,0,2327,77.56666666666666,-0.9852938176732059,-0.2537684888846928
UBFC_PHYS_s06_T2_test,0,2328,77.6,-0.9091045864727509,-0.6160463615262388
UBFC_PHYS_s06_T2_test,0,2329,77.63333333333334,-0.7566516441093053,-0.9600700549560863
UBFC_PHYS_s06_T2_test,0,2330,77.66666666666667,-0.5563302904461517,-1.2064940590388413
UBFC_PHYS_s06_T2_test,0,2331,77.7,-0.3346948737775158,-1.2788545209045346
UBFC_PHYS_s06_T2_test,0,2332,77.73333333333333,-0.11531076268720718,-1.1228346587519902
UBFC_PHYS_s06_T2_test,0,2333,77.76666666666667,0.08034224529015607,-0.7073134330867467
UBFC_PHYS_s06_T2_test,0,2334,77.8,0.23879526108882285,-0.13047710444577423
UBFC_PHYS_s06_T2_test,0,2335,77.83333333333333,0.3574427877078694,0.3800224060022554
UBFC_PHYS_s06_T2_test,0,2336,77.86666666666666,0.4398718978538231,0.7116649604144929
UBFC_PHYS_s06_T2_test,0,2337,77.9,0.4919851729084159,0.8666329839811666
UBFC_PHYS_s06_T2_test,0,2338,77.93333333333334,0.5192947661832321,0.8986506350432861
UBFC_PHYS_s06_T2_test,0,2339,77.96666666666667,0.5229535271101006,0.910314977121471
UBFC_PHYS_s06_T2_test,0,2340,78.0,0.5009900736442101,0.9202577273397106
UBFC_PHYS_s06_T2_test,0,2341,78.03333333333333,0.45631649843703453,0.862520938299612
UBFC_PHYS_s06_T2_test,0,2342,78.06666666666666,0.40169154186864975,0.6919350190164673
UBFC_PHYS_s06_T2_test,0,2343,78.1,0.35488620687390987,0.38583831646860145
UBFC_PHYS_s06_T2_test,0,2344,78.13333333333334,0.32927214828297835,-0.027666133764236905
UBFC_PHYS_s06_T2_test,0,2345,78.16666666666667,0.33054460568194605,-0.4683153769332511
UBFC_PHYS_s06_T2_test,0,2346,78.2,0.36132151927311346,-0.8529396026154737
UBFC_PHYS_s06_T2_test,0,2347,78.23333333333333,0.42184011438713964,-1.0946861580258074
UBFC_PHYS_s06_T2_test,0,2348,78.26666666666667,0.5022560849499825,-1.1346312002806065
UBFC_PHYS_s06_T2_test,0,2349,78.3,0.58164589800604,-0.9417312886742469
UBFC_PHYS_s06_T2_test,0,2350,78.33333333333333,0.6407447566338509,-0.5629960255833701
UBFC_PHYS_s06_T2_test,0,2351,78.36666666666666,0.6704570340363545,-0.12350546263715559
UBFC_PHYS_s06_T2_test,0,2352,78.4,0.6638933571819714,0.27702372246504825
UBFC_PHYS_s06_T2_test,0,2353,78.43333333333334,0.6051255696827728,0.5639689734433933
UBFC_PHYS_s06_T2_test,0,2354,78.46666666666667,0.46828372147305825,0.7232096733824049
UBFC_PHYS_s06_T2_test,0,2355,78.5,0.22427764475998851,0.7994833985994384
UBFC_PHYS_s06_T2_test,0,2356,78.53333333333333,-0.14729093555895242,0.8103427676154369
UBFC_PHYS_s06_T2_test,0,2357,78.56666666666666,-0.6393730878320312,0.7451092243042827
UBFC_PHYS_s06_T2_test,0,2358,78.6,-1.2017164867549799,0.5828978807811609
UBFC_PHYS_s06_T2_test,0,2359,78.63333333333334,-1.7400770173983338,0.2936937182780318
UBFC_PHYS_s06_T2_test,0,2360,78.66666666666667,-2.1325665070480513,-0.09557449164038176
UBFC_PHYS_s06_T2_test,0,2361,78.7,-2.2695593714401228,-0.49973105654118855
UBFC_PHYS_s06_T2_test,0,2362,78.73333333333333,-2.111260139836023,-0.8439865670944362
UBFC_PHYS_s06_T2_test,0,2363,78.76666666666667,-1.7137303897308218,-1.0631935278538576
UBFC_PHYS_s06_T2_test,0,2364,78.8,-1.186364622158285,-1.1104839184587103
UBFC_PHYS_s06_T2_test,0,2365,78.83333333333333,-0.6251139805633619,-0.9570522187411755
UBFC_PHYS_s06_T2_test,0,2366,78.86666666666666,-0.08392445805757401,-0.6450129002565007
UBFC_PHYS_s06_T2_test,0,2367,78.9,0.4169187009177794,-0.28729768371672193
UBFC_PHYS_s06_T2_test,0,2368,78.93333333333334,0.8697958532886871,0.049841563052299524
UBFC_PHYS_s06_T2_test,0,2369,78.96666666666667,1.2516713216728783,0.3461611244827843
UBFC_PHYS_s06_T2_test,0,2370,79.0,1.5068181003676024,0.5779263953872078
UBFC_PHYS_s06_T2_test,0,2371,79.03333333333333,1.5695798521553697,0.7164530377725816
UBFC_PHYS_s06_T2_test,0,2372,79.06666666666666,1.4145844650747401,0.7698217910738646
UBFC_PHYS_s06_T2_test,0,2373,79.1,1.081344502195457,0.7816362674066801
UBFC_PHYS_s06_T2_test,0,2374,79.13333333333334,0.6524058961473405,0.7398575895774108
UBFC_PHYS_s06_T2_test,0,2375,79.16666666666667,0.21720005844964774,0.5770559965944198
UBFC_PHYS_s06_T2_test,0,2376,79.2,-0.14997297841368937,0.2934025316702453
UBFC_PHYS_s06_T2_test,0,2377,79.23333333333333,-0.4003918117998506,-0.04217232384065679
UBFC_PHYS_s06_T2_test,0,2378,79.26666666666667,-0.5152981223135125,-0.355140529219516
UBFC_PHYS_s06_T2_test,0,2379,79.3,-0.5011293676483293,-0.5651153210982639
UBFC_PHYS_s06_T2_test,0,2380,79.33333333333333,-0.38033342353206445,-0.6274383651275004
UBFC_PHYS_s06_T2_test,0,2381,79.36666666666666,-0.18695979702111004,-0.5329535871360148
UBFC_PHYS_s06_T2_test,0,2382,79.4,0.03556031586238999,-0.3235719823984893
UBFC_PHYS_s06_T2_test,0,2383,79.43333333333334,0.2422014778924297,-0.09173085401032624
UBFC_PHYS_s06_T2_test,0,2384,79.46666666666667,0.396773972452509,0.11192439359497594
UBFC_PHYS_s06_T2_test,0,2385,79.5,0.4756739913125151,0.27834905886261085
UBFC_PHYS_s06_T2_test,0,2386,79.53333333333333,0.4660190504231953,0.40566848016953977
UBFC_PHYS_s06_T2_test,0,2387,79.56666666666666,0.3701459908444034,0.4980504020929934
UBFC_PHYS_s06_T2_test,0,2388,79.6,0.21601074945516757,0.5300709063891647
UBFC_PHYS_s06_T2_test,0,2389,79.63333333333334,0.051993214427933,0.44679492726497605
UBFC_PHYS_s06_T2_test,0,2390,79.66666666666667,-0.08014696462806033,0.2483787017129842
UBFC_PHYS_s06_T2_test,0,2391,79.7,-0.16454306133106938,-0.009330136575857122
UBFC_PHYS_s06_T2_test,0,2392,79.73333333333333,-0.2053775158621942,-0.28196247905066957
UBFC_PHYS_s06_T2_test,0,2393,79.76666666666667,-0.2181017173416092,-0.5360560112727465
UBFC_PHYS_s06_T2_test,0,2394,79.8,-0.22776636885506407,-0.7365043520847849
UBFC_PHYS_s06_T2_test,0,2395,79.83333333333333,-0.2577444611245727,-0.8457516447763473
UBFC_PHYS_s06_T2_test,0,2396,79.86666666666666,-0.31215976910218945,-0.8540788489981245
UBFC_PHYS_s06_T2_test,0,2397,79.9,-0.3682013406666924,-0.7791139235750144
UBFC_PHYS_s06_T2_test,0,2398,79.93333333333334,-0.38174522984416603,-0.6316814619710992
UBFC_PHYS_s06_T2_test,0,2399,79.96666666666667,-0.31179132014293515,-0.4160497978722024
UBFC_PHYS_s06_T2_test,0,2400,80.0,-0.15391840476559213,-0.14172285334052015
UBFC_PHYS_s06_T2_test,0,2401,80.03333333333333,0.05472497510865841,0.1752610334425768
UBFC_PHYS_s06_T2_test,0,2402,80.06666666666666,0.26397800505859537,0.5043486648330491
UBFC_PHYS_s06_T2_test,0,2403,80.1,0.4333156132348673,0.7990528572132011
UBFC_PHYS_s06_T2_test,0,2404,80.13333333333334,0.5351731728941103,1.0200996147625054
UBFC_PHYS_s06_T2_test,0,2405,80.16666666666667,0.5575992026284851,1.134425266476034
UBFC_PHYS_s06_T2_test,0,2406,80.2,0.5071337980139237,1.123850139155492
UBFC_PHYS_s06_T2_test,0,2407,80.23333333333333,0.402591369320005,0.9847701796726986
UBFC_PHYS_s06_T2_test,0,2408,80.26666666666667,0.26707378455291614,0.7261497342596739
UBFC_PHYS_s06_T2_test,0,2409,80.3,0.12526004545908337,0.3702577790794513
UBFC_PHYS_s06_T2_test,0,2410,80.33333333333333,-0.0010168858043465567,-0.04377346739072114
UBFC_PHYS_s06_T2_test,0,2411,80.36666666666666,-0.09966437357323082,-0.45851945131437805
UBFC_PHYS_s06_T2_test,0,2412,80.4,-0.16857471368641863,-0.8227777722170038
UBFC_PHYS_s06_T2_test,0,2413,80.43333333333334,-0.21087193965981288,-1.0900616265416683
UBFC_PHYS_s06_T2_test,0,2414,80.46666666666667,-0.23344838475408902,-1.2255517103825477
UBFC_PHYS_s06_T2_test,0,2415,80.5,-0.2465948672630495,-1.2051761097058633
UBFC_PHYS_s06_T2_test,0,2416,80.53333333333333,-0.259510093180429,-1.0167276417428983
UBFC_PHYS_s06_T2_test,0,2417,80.56666666666666,-0.27532109343293865,-0.6603585768406212
UBFC_PHYS_s06_T2_test,0,2418,80.6,-0.2912366612025259,-0.18591780851724107
UBFC_PHYS_s06_T2_test,0,2419,80.63333333333334,-0.3026685673676561,0.3059295464661718
UBFC_PHYS_s06_T2_test,0,2420,80.66666666666667,-0.30610252220731,0.7252986258319611
UBFC_PHYS_s06_T2_test,0,2421,80.7,-0.29903567436274936,0.9921455666421529
UBFC_PHYS_s06_T2_test,0,2422,80.73333333333333,-0.2801931270837554,1.0799096904594356
UBFC_PHYS_s06_T2_test,0,2423,80.76666666666667,-0.25057234691967406,1.0143639454935585
UBFC_PHYS_s06_T2_test,0,2424,80.8,-0.21188920674849201,0.8264770007380886
UBFC_PHYS_s06_T2_test,0,2425,80.83333333333333,-0.1639355627551279,0.551992965068385
UBFC_PHYS_s06_T2_test,0,2426,80.86666666666666,-0.10576001254089523,0.22149114865686184
UBFC_PHYS_s06_T2_test,0,2427,80.9,-0.03873063497837397,-0.13852027943080117
UBFC_PHYS_s06_T2_test,0,2428,80.93333333333334,0.03373809797962842,-0.4907571778125285
UBFC_PHYS_s06_T2_test,0,2429,80.96666666666667,0.1080215820033868,-0.7856423767572033
UBFC_PHYS_s06_T2_test,0,2430,81.0,0.17886665735056678,-0.9732161944901515
UBFC_PHYS_s06_T2_test,0,2431,81.03333333333333,0.23784384821255786,-1.00245057188503
UBFC_PHYS_s06_T2_test,0,2432,81.06666666666666,0.2779132124859581,-0.8542654489994633
UBFC_PHYS_s06_T2_test,0,2433,81.1,0.2986395610054773,-0.5418584471151174
UBFC_PHYS_s06_T2_test,0,2434,81.13333333333334,0.30262172623276967,-0.1212443736298248
UBFC_PHYS_s06_T2_test,0,2435,81.16666666666667,0.2892265989546933,0.3081285797145986
UBFC_PHYS_s06_T2_test,0,2436,81.2,0.25658579878539506,0.6642410584011915
UBFC_PHYS_s06_T2_test,0,2437,81.23333333333333,0.20691415513538988,0.8817971716092461
UBFC_PHYS_s06_T2_test,0,2438,81.26666666666667,0.14566568224664403,0.9469502816966526
UBFC_PHYS_s06_T2_test,0,2439,81.3,0.07806011596616963,0.8961536264617449
UBFC_PHYS_s06_T2_test,0,2440,81.33333333333333,0.009248175747027701,0.7542560703611648
UBFC_PHYS_s06_T2_test,0,2441,81.36666666666666,-0.054287413684647345,0.5341644811155999
UBFC_PHYS_s06_T2_test,0,2442,81.4,-0.1052364515721392,0.24761193416368404
UBFC_PHYS_s06_T2_test,0,2443,81.43333333333334,-0.1369663634605904,-0.09358617720697926
UBFC_PHYS_s06_T2_test,0,2444,81.46666666666667,-0.14559080441343505,-0.4533230266915462
UBFC_PHYS_s06_T2_test,0,2445,81.5,-0.13204579975224376,-0.7697790413271544
UBFC_PHYS_s06_T2_test,0,2446,81.53333333333333,-0.10162149382359104,-1.000148803881406
UBFC_PHYS_s06_T2_test,0,2447,81.56666666666666,-0.061006490630282906,-1.1195946519804105
UBFC_PHYS_s06_T2_test,0,2448,81.6,-0.016833507613314622,-1.1016203180586388
UBFC_PHYS_s06_T2_test,0,2449,81.63333333333334,0.02359522129988551,-0.9179740679465183
UBFC_PHYS_s06_T2_test,0,2450,81.66666666666667,0.05345462503734144,-0.581285012824859
UBFC_PHYS_s06_T2_test,0,2451,81.7,0.06937607013668176,-0.14601892077896692
UBFC_PHYS_s06_T2_test,0,2452,81.73333333333333,0.07150481647292399,0.31559083387823605
UBFC_PHYS_s06_T2_test,0,2453,81.76666666666667,0.06106397282069998,0.7124962265201726
UBFC_PHYS_s06_T2_test,0,2454,81.8,0.04026035338816205,0.9884997447875163
UBFC_PHYS_s06_T2_test,0,2455,81.83333333333333,0.01363327421780221,1.1210193627906504
UBFC_PHYS_s06_T2_test,0,2456,81.86666666666666,-0.013231472764777354,1.1075513809242992
UBFC_PHYS_s06_T2_test,0,2457,81.9,-0.03602101102411494,0.9647864067491433
UBFC_PHYS_s06_T2_test,0,2458,81.93333333333334,-0.051772188752212726,0.7169621294312758
UBFC_PHYS_s06_T2_test,0,2459,81.96666666666667,-0.05850283171416075,0.3961869834710938
UBFC_PHYS_s06_T2_test,0,2460,82.0,-0.05688926164014992,0.04019884674262371
UBFC_PHYS_s06_T2_test,0,2461,82.03333333333333,-0.051428479028715626,-0.3064202336637795
UBFC_PHYS_s06_T2_test,0,2462,82.06666666666666,-0.04756452031992968,-0.6077280564271923
UBFC_PHYS_s06_T2_test,0,2463,82.1,-0.04728073817179966,-0.8349699453163212
UBFC_PHYS_s06_T2_test,0,2464,82.13333333333334,-0.0490952185477829,-0.9642988734344533
UBFC_PHYS_s06_T2_test,0,2465,82.16666666666667,-0.05326894312553405,-0.9758340837419153
UBFC_PHYS_s06_T2_test,0,2466,82.2,-0.06626147242592599,-0.8536103856623541
UBFC_PHYS_s06_T2_test,0,2467,82.23333333333333,-0.09773299431996939,-0.5859627577424684
UBFC_PHYS_s06_T2_test,0,2468,82.26666666666667,-0.14917733704145494,-0.19836627072003735
UBFC_PHYS_s06_T2_test,0,2469,82.3,-0.2030471496170792,0.24536433812514763
UBFC_PHYS_s06_T2_test,0,2470,82.33333333333333,-0.22758349434201816,0.6389836581090236
UBFC_PHYS_s06_T2_test,0,2471,82.36666666666666,-0.20087704694500086,0.833674097145299
UBFC_PHYS_s06_T2_test,0,2472,82.4,-0.1322322321632799,0.783809568756513
UBFC_PHYS_s06_T2_test,0,2473,82.43333333333334,-0.055596321262817765,0.5468472866661298
UBFC_PHYS_s06_T2_test,0,2474,82.46666666666667,-0.0019322184003065686,0.19118547921347107
UBFC_PHYS_s06_T2_test,0,2475,82.5,0.019027898370948926,-0.2041393999342672
UBFC_PHYS_s06_T2_test,0,2476,82.53333333333333,0.015864616534582078,-0.5657549032588708
UBFC_PHYS_s06_T2_test,0,2477,82.56666666666666,0.004916226418186981,-0.8252650738556249
UBFC_PHYS_s06_T2_test,0,2478,82.6,0.001057848803958046,-0.9419363232456655
UBFC_PHYS_s06_T2_test,0,2479,82.63333333333334,0.010472103480940242,-0.9020425182783405
UBFC_PHYS_s06_T2_test,0,2480,82.66666666666667,0.03191745476423836,-0.7054647377513922
UBFC_PHYS_s06_T2_test,0,2481,82.7,0.06524864967733832,-0.3660090879493505
UBFC_PHYS_s06_T2_test,0,2482,82.73333333333333,0.11277298884323186,0.07638289271185643
UBFC_PHYS_s06_T2_test,0,2483,82.76666666666667,0.17402071956363963,0.5543306303048307
UBFC_PHYS_s06_T2_test,0,2484,82.8,0.24699693476622622,0.9811644292797341
UBFC_PHYS_s06_T2_test,0,2485,82.83333333333333,0.33073100230555663,1.2499876143365338
UBFC_PHYS_s06_T2_test,0,2486,82.86666666666666,0.42184890919866674,1.3331493756547756
UBFC_PHYS_s06_T2_test,0,2487,82.9,0.5161119687617867,1.2811220677543282
UBFC_PHYS_s06_T2_test,0,2488,82.93333333333334,0.6129632844642702,1.123472677720355
UBFC_PHYS_s06_T2_test,0,2489,82.96666666666667,0.707542534096843,0.8684102683515064
UBFC_PHYS_s06_T2_test,0,2490,83.0,0.7810947730448063,0.5406350049632866
UBFC_PHYS_s06_T2_test,0,2491,83.03333333333333,0.8101218193131918,0.18249864284607611
UBFC_PHYS_s06_T2_test,0,2492,83.06666666666666,0.7834660599219028,-0.17293633716909834
UBFC_PHYS_s06_T2_test,0,2493,83.1,0.7081896295665132,-0.5002262414417693
UBFC_PHYS_s06_T2_test,0,2494,83.13333333333334,0.6038522510093135,-0.7727329198226318
UBFC_PHYS_s06_T2_test,0,2495,83.16666666666667,0.48861204479578596,-0.9609853949157801
UBFC_PHYS_s06_T2_test,0,2496,83.2,0.3647512597524421,-1.05540017654513
UBFC_PHYS_s06_T2_test,0,2497,83.23333333333333,0.21791711060585525,-1.0651528351953177
UBFC_PHYS_s06_T2_test,0,2498,83.26666666666667,0.02899568733828778,-0.9885563121827928
UBFC_PHYS_s06_T2_test,0,2499,83.3,-0.21521796552993225,-0.8129957872442277
UBFC_PHYS_s06_T2_test,0,2500,83.33333333333333,-0.5186248607718632,-0.5500050614162768
UBFC_PHYS_s06_T2_test,0,2501,83.36666666666666,-0.8801884427284431,-0.23616331623856004
UBFC_PHYS_s06_T2_test,0,2502,83.4,-1.2998335978378812,0.0822516911565569
UBFC_PHYS_s06_T2_test,0,2503,83.43333333333334,-1.7692855341513685,0.34836252213309993
UBFC_PHYS_s06_T2_test,0,2504,83.46666666666667,-2.2467856641557855,0.5354017970299423
UBFC_PHYS_s06_T2_test,0,2505,83.5,-2.6437246178127896,0.6455796815777062
UBFC_PHYS_s06_T2_test,0,2506,83.53333333333333,-2.8496442409830256,0.6750823507348422
UBFC_PHYS_s06_T2_test,0,2507,83.56666666666666,-2.787207093183247,0.6133880364078027
UBFC_PHYS_s06_T2_test,0,2508,83.6,-2.454903782411278,0.4744275597740827
UBFC_PHYS_s06_T2_test,0,2509,83.63333333333334,-1.9193697065291406,0.2966162320812892
UBFC_PHYS_s06_T2_test,0,2510,83.66666666666667,-1.2651764675641013,0.10532619817511588
UBFC_PHYS_s06_T2_test,0,2511,83.7,-0.5497668994442136,-0.0865825211931612
UBFC_PHYS_s06_T2_test,0,2512,83.73333333333333,0.19984410443715395,-0.26150309917892345
UBFC_PHYS_s06_T2_test,0,2513,83.76666666666667,0.9534654033939927,-0.3962299912710076
UBFC_PHYS_s06_T2_test,0,2514,83.8,1.646780792592001,-0.4760582653996564
UBFC_PHYS_s06_T2_test,0,2515,83.83333333333333,2.1980638789834592,-0.49426311317973104
UBFC_PHYS_s06_T2_test,0,2516,83.86666666666666,2.5656732290494833,-0.4550272218310899
UBFC_PHYS_s06_T2_test,0,2517,83.9,2.776946771745776,-0.37321752404899994
UBFC_PHYS_s06_T2_test,0,2518,83.93333333333334,2.8893294162899634,-0.2664722565588068
UBFC_PHYS_s06_T2_test,0,2519,83.96666666666667,2.937461034716217,-0.15531304892829303
UBFC_PHYS_s06_T2_test,0,2520,84.0,2.9313496249297364,-0.056321084390922496
UBFC_PHYS_s06_T2_test,0,2521,84.03333333333333,2.8839223823522238,0.017505440627507772
UBFC_PHYS_s06_T2_test,0,2522,84.06666666666666,2.8036003134211045,0.0569755049866465
UBFC_PHYS_s06_T2_test,0,2523,84.1,2.6528933788670033,0.05640093298553657
UBFC_PHYS_s06_T2_test,0,2524,84.13333333333334,2.3346509073119646,0.0323458076078353
UBFC_PHYS_s06_T2_test,0,2525,84.16666666666667,1.736409630366585,0.023115948145376437
UBFC_PHYS_s06_T2_test,0,2526,84.2,0.8019001882566661,0.04296234439769702
UBFC_PHYS_s06_T2_test,0,2527,84.23333333333333,-0.42092380552824205,0.08170648233524963
UBFC_PHYS_s06_T2_test,0,2528,84.26666666666667,-1.7813968441539632,0.1403070475259677
UBFC_PHYS_s06_T2_test,0,2529,84.3,-3.0638200212051476,0.2305360482059029
UBFC_PHYS_s06_T2_test,0,2530,84.33333333333333,-4.040412870277316,0.3489854434515823
UBFC_PHYS_s06_T2_test,0,2531,84.36666666666666,-4.539542541436685,0.4765155787641684
UBFC_PHYS_s06_T2_test,0,2532,84.4,-4.5104802135333,0.6000918017815386
UBFC_PHYS_s06_T2_test,0,2533,84.43333333333334,-4.031331195608314,0.7122609506979356
UBFC_PHYS_s06_T2_test,0,2534,84.46666666666667,-3.2500009638695833,0.7989379826037575
UBFC_PHYS_s06_T2_test,0,2535,84.5,-2.3151412443172203,0.8390413855739184
UBFC_PHYS_s06_T2_test,0,2536,84.53333333333333,-1.3379392776410355,0.8060252121213056
UBFC_PHYS_s06_T2_test,0,2537,84.56666666666666,-0.3831996982979067,0.6684061776162017
UBFC_PHYS_s06_T2_test,0,2538,84.6,0.5093759887665856,0.42705322272692403
UBFC_PHYS_s06_T2_test,0,2539,84.63333333333334,1.2819107774116578,0.11620911859740402
UBFC_PHYS_s06_T2_test,0,2540,84.66666666666667,1.8407406694331883,-0.2299312846928177
UBFC_PHYS_s06_T2_test,0,2541,84.7,2.102684762980222,-0.5759157339166627
UBFC_PHYS_s06_T2_test,0,2542,84.73333333333333,2.0636443627185823,-0.8834114065283237
UBFC_PHYS_s06_T2_test,0,2543,84.76666666666667,1.8078811798722199,-1.1097740595422143
UBFC_PHYS_s06_T2_test,0,2544,84.8,1.4513019926874853,-1.2297879820087565
UBFC_PHYS_s06_T2_test,0,2545,84.83333333333333,1.0878867054033603,-1.234730357079088
UBFC_PHYS_s06_T2_test,0,2546,84.86666666666666,0.7726606784651003,-1.137862050492851
UBFC_PHYS_s06_T2_test,0,2547,84.9,0.520849621776965,-0.9739921568509045
UBFC_PHYS_s06_T2_test,0,2548,84.93333333333334,0.3180859097894179,-0.7549475663099896
UBFC_PHYS_s06_T2_test,0,2549,84.96666666666667,0.14475012090437314,-0.4704122604509865
UBFC_PHYS_s06_T2_test,0,2550,85.0,-0.006915094792252628,-0.12676998372678366
UBFC_PHYS_s06_T2_test,0,2551,85.03333333333333,-0.13418825002670667,0.2510140429631774
UBFC_PHYS_s06_T2_test,0,2552,85.06666666666666,-0.22903287045030798,0.5966013859134648
UBFC_PHYS_s06_T2_test,0,2553,85.1,-0.28297270284553805,0.8014428677887387
UBFC_PHYS_s06_T2_test,0,2554,85.13333333333334,-0.2954265794890609,0.8483855630919869
UBFC_PHYS_s06_T2_test,0,2555,85.16666666666667,-0.27306899477034025,0.8106500929425802
UBFC_PHYS_s06_T2_test,0,2556,85.2,-0.2190326732309293,0.7150589646605325
UBFC_PHYS_s06_T2_test,0,2557,85.23333333333333,-0.13285195436595607,0.5414843078053568
UBFC_PHYS_s06_T2_test,0,2558,85.26666666666667,-0.020616909608755063,0.2964425778117604
UBFC_PHYS_s06_T2_test,0,2559,85.3,0.1074577972551068,0.014104136543289736
UBFC_PHYS_s06_T2_test,0,2560,85.33333333333333,0.2483113020329392,-0.2647382975771736
UBFC_PHYS_s06_T2_test,0,2561,85.36666666666666,0.4005832316869617,-0.4918626399997834
UBFC_PHYS_s06_T2_test,0,2562,85.4,0.5435080255484244,-0.6306342907346408
UBFC_PHYS_s06_T2_test,0,2563,85.43333333333334,0.6283229850293587,-0.6554688675097724
UBFC_PHYS_s06_T2_test,0,2564,85.46666666666667,0.5983882730250052,-0.5516547047495061
UBFC_PHYS_s06_T2_test,0,2565,85.5,0.42612414517578945,-0.315626755118123
UBFC_PHYS_s06_T2_test,0,2566,85.53333333333333,0.13698710198344533,0.01627195832119724
UBFC_PHYS_s06_T2_test,0,2567,85.56666666666666,-0.2066154279952135,0.367126381073892
UBFC_PHYS_s06_T2_test,0,2568,85.6,-0.5470086947027635,0.6749939248309506
UBFC_PHYS_s06_T2_test,0,2569,85.63333333333334,-0.8417326618727138,0.8921658797849321
UBFC_PHYS_s06_T2_test,0,2570,85.66666666666667,-1.0325160703994107,0.9886777980394971
UBFC_PHYS_s06_T2_test,0,2571,85.7,-1.0458682713926126,0.9516202966472602
UBFC_PHYS_s06_T2_test,0,2572,85.73333333333333,-0.8590201488712461,0.8034958230462895
UBFC_PHYS_s06_T2_test,0,2573,85.76666666666667,-0.5461924077848768,0.6018527781725963
UBFC_PHYS_s06_T2_test,0,2574,85.8,-0.23225391254691996,0.3652788015090823
UBFC_PHYS_s06_T2_test,0,2575,85.83333333333333,-0.006462682270833285,0.07433775865412529
UBFC_PHYS_s06_T2_test,0,2576,85.86666666666666,0.1185553843236425,-0.26112584440693676
UBFC_PHYS_s06_T2_test,0,2577,85.9,0.1846066044308221,-0.6001526367414943
UBFC_PHYS_s06_T2_test,0,2578,85.93333333333334,0.23281383325720278,-0.9062971638239599
UBFC_PHYS_s06_T2_test,0,2579,85.96666666666667,0.2668069279943903,-1.1462167166029122
UBFC_PHYS_s06_T2_test,0,2580,86.0,0.26808076997351,-1.2798500831642812
UBFC_PHYS_s06_T2_test,0,2581,86.03333333333333,0.2341127535998675,-1.2598279408700421
UBFC_PHYS_s06_T2_test,0,2582,86.06666666666666,0.18754772484753324,-1.0601390477581383
UBFC_PHYS_s06_T2_test,0,2583,86.1,0.15323587070086328,-0.6770086832383038
UBFC_PHYS_s06_T2_test,0,2584,86.13333333333334,0.13769618063920155,-0.1635248543327474
UBFC_PHYS_s06_T2_test,0,2585,86.16666666666667,0.12941950092089272,0.3691507734300917
UBFC_PHYS_s06_T2_test,0,2586,86.2,0.10953273991471167,0.8260947990585408
UBFC_PHYS_s06_T2_test,0,2587,86.23333333333333,0.060647073113291206,1.1275392354679898
UBFC_PHYS_s06_T2_test,0,2588,86.26666666666667,-0.02550103400687586,1.2316718559946183
UBFC_PHYS_s06_T2_test,0,2589,86.3,-0.1415887905784209,1.1336794136587645
UBFC_PHYS_s06_T2_test,0,2590,86.33333333333333,-0.2601623954300401,0.8656987780588927
UBFC_PHYS_s06_T2_test,0,2591,86.36666666666666,-0.33084474737944486,0.4965948660105865
UBFC_PHYS_s06_T2_test,0,2592,86.4,-0.2982598790346771,0.09311631160786234
UBFC_PHYS_s06_T2_test,0,2593,86.43333333333334,-0.14861475817030176,-0.2793770397815639
UBFC_PHYS_s06_T2_test,0,2594,86.46666666666667,0.06582727779858388,-0.582746471712255
UBFC_PHYS_s06_T2_test,0,2595,86.5,0.2656780057254557,-0.8044959557360294
UBFC_PHYS_s06_T2_test,0,2596,86.53333333333333,0.3974291926902075,-0.9295013237177897
UBFC_PHYS_s06_T2_test,0,2597,86.56666666666666,0.44043001168115614,-0.9388493811401468
UBFC_PHYS_s06_T2_test,0,2598,86.6,0.3932331525837488,-0.8067698203511353
UBFC_PHYS_s06_T2_test,0,2599,86.63333333333334,0.27999204756818935,-0.5013054319838031
UBFC_PHYS_s06_T2_test,0,2600,86.66666666666667,0.15280279869248667,-0.054569553032766394
UBFC_PHYS_s06_T2_test,0,2601,86.7,0.06260157800121001,0.43599312796223005
UBFC_PHYS_s06_T2_test,0,2602,86.73333333333333,0.02576904005365979,0.8575734675644882
UBFC_PHYS_s06_T2_test,0,2603,86.76666666666667,0.021493411149718915,1.0817348961443602
UBFC_PHYS_s06_T2_test,0,2604,86.8,0.014836071651546306,1.0716192054563414
UBFC_PHYS_s06_T2_test,0,2605,86.83333333333333,-0.021215899394640657,0.8814058974690837
UBFC_PHYS_s06_T2_test,0,2606,86.86666666666666,-0.0959243990949282,0.5726915243657866
UBFC_PHYS_s06_T2_test,0,2607,86.9,-0.19707218906503612,0.21408413091834178
UBFC_PHYS_s06_T2_test,0,2608,86.93333333333334,-0.29450996214925446,-0.1436263059787765
UBFC_PHYS_s06_T2_test,0,2609,86.96666666666667,-0.35759787719016456,-0.4663545798763053
UBFC_PHYS_s06_T2_test,0,2610,87.0,-0.37298284928918335,-0.7309723334324016
UBFC_PHYS_s06_T2_test,0,2611,87.03333333333333,-0.34315872747642345,-0.9236572429111294
UBFC_PHYS_s06_T2_test,0,2612,87.06666666666666,-0.2751708981160441,-1.0235251832048615
UBFC_PHYS_s06_T2_test,0,2613,87.1,-0.1794721835566396,-1.0018523842967568
UBFC_PHYS_s06_T2_test,0,2614,87.13333333333334,-0.07326753642560646,-0.8342347115893431
UBFC_PHYS_s06_T2_test,0,2615,87.16666666666667,0.025657355068007755,-0.5014547273249005
UBFC_PHYS_s06_T2_test,0,2616,87.2,0.10691920183336862,-0.04653102730158509
UBFC_PHYS_s06_T2_test,0,2617,87.23333333333333,0.16504741862085556,0.424121351965677
UBFC_PHYS_s06_T2_test,0,2618,87.26666666666667,0.19560151756317407,0.8090939720065543
UBFC_PHYS_s06_T2_test,0,2619,87.3,0.20019081817536127,1.0115155030825318
UBFC_PHYS_s06_T2_test,0,2620,87.33333333333333,0.18741462782254037,1.0090002495257642
UBFC_PHYS_s06_T2_test,0,2621,87.36666666666666,0.16139112623783558,0.8528245757194979
UBFC_PHYS_s06_T2_test,0,2622,87.4,0.1169042641065274,0.588521602941696
UBFC_PHYS_s06_T2_test,0,2623,87.43333333333334,0.052542124136075175,0.255673570843705
UBFC_PHYS_s06_T2_test,0,2624,87.46666666666667,-0.017122171049724133,-0.09558342131330147
UBFC_PHYS_s06_T2_test,0,2625,87.5,-0.06709728121907402,-0.4036300842635528
UBFC_PHYS_s06_T2_test,0,2626,87.53333333333333,-0.07708409895146533,-0.6370259505267738
UBFC_PHYS_s06_T2_test,0,2627,87.56666666666666,-0.04221337856099347,-0.7932168800819104
UBFC_PHYS_s06_T2_test,0,2628,87.6,0.025275570656693783,-0.8602601787190463
UBFC_PHYS_s06_T2_test,0,2629,87.63333333333334,0.1040228106968185,-0.8160581378124595
UBFC_PHYS_s06_T2_test,0,2630,87.66666666666667,0.17581780831826607,-0.6380136133465741
UBFC_PHYS_s06_T2_test,0,2631,87.7,0.2301933395111118,-0.30400663029091934
UBFC_PHYS_s06_T2_test,0,2632,87.73333333333333,0.2591057171566347,0.14143591989884735
UBFC_PHYS_s06_T2_test,0,2633,87.76666666666667,0.25323028328773334,0.5860220405221361
UBFC_PHYS_s06_T2_test,0,2634,87.8,0.20615688195789628,0.933849253548425
UBFC_PHYS_s06_T2_test,0,2635,87.83333333333333,0.12031729640303912,1.104978009542273
UBFC_PHYS_s06_T2_test,0,2636,87.86666666666666,0.008486112719163493,1.0787532521230667
UBFC_PHYS_s06_T2_test,0,2637,87.9,-0.10994598377781224,0.8931759031857381
UBFC_PHYS_s06_T2_test,0,2638,87.93333333333334,-0.21690311516986924,0.595858361430095
UBFC_PHYS_s06_T2_test,0,2639,87.96666666666667,-0.3029644734131113,0.2439922967619681
UBFC_PHYS_s06_T2_test,0,2640,88.0,-0.3670554522068436,-0.11645863466558892
UBFC_PHYS_s06_T2_test,0,2641,88.03333333333333,-0.4091488567227736,-0.4495468377375361
UBFC_PHYS_s06_T2_test,0,2642,88.06666666666666,-0.4248553361833555,-0.7297482731341421
UBFC_PHYS_s06_T2_test,0,2643,88.1,-0.406685574139959,-0.9402951159154945
UBFC_PHYS_s06_T2_test,0,2644,88.13333333333334,-0.34842899917619297,-1.0542638540619882
UBFC_PHYS_s06_T2_test,0,2645,88.16666666666667,-0.24910110808944766,-1.0338295959351116
UBFC_PHYS_s06_T2_test,0,2646,88.2,-0.11596437206645609,-0.8526168869514765
UBFC_PHYS_s06_T2_test,0,2647,88.23333333333333,0.034736955416461116,-0.4965991524391696
UBFC_PHYS_s06_T2_test,0,2648,88.26666666666667,0.18082545099004022,-0.0235923566796529
UBFC_PHYS_s06_T2_test,0,2649,88.3,0.29982966703987,0.4358607119236513
UBFC_PHYS_s06_T2_test,0,2650,88.33333333333333,0.37504536611984474,0.7853031649629775
UBFC_PHYS_s06_T2_test,0,2651,88.36666666666666,0.40068986181323574,0.9618484429682441
UBFC_PHYS_s06_T2_test,0,2652,88.4,0.3841715708017868,0.9537285061448272
UBFC_PHYS_s06_T2_test,0,2653,88.43333333333334,0.3433500205729556,0.7993653619662904
UBFC_PHYS_s06_T2_test,0,2654,88.46666666666667,0.29984766402818375,0.5357212009513986
UBFC_PHYS_s06_T2_test,0,2655,88.5,0.2717938142157561,0.19833892064189607
UBFC_PHYS_s06_T2_test,0,2656,88.53333333333333,0.2673061284951115,-0.1614168872593299
UBFC_PHYS_s06_T2_test,0,2657,88.56666666666666,0.2802453286072027,-0.475420988443043
UBFC_PHYS_s06_T2_test,0,2658,88.6,0.2933212665234664,-0.7030489863513398
UBFC_PHYS_s06_T2_test,0,2659,88.63333333333334,0.2891434903637963,-0.8300960417613286
UBFC_PHYS_s06_T2_test,0,2660,88.66666666666667,0.260102818089929,-0.8417432205401175
UBFC_PHYS_s06_T2_test,0,2661,88.7,0.20881082836795625,-0.722073748493868
UBFC_PHYS_s06_T2_test,0,2662,88.73333333333333,0.14119712390390826,-0.4721373251990962
UBFC_PHYS_s06_T2_test,0,2663,88.76666666666667,0.05959458766699458,-0.11077881843360249
UBFC_PHYS_s06_T2_test,0,2664,88.8,-0.03946839135889143,0.3042863860581444
UBFC_PHYS_s06_T2_test,0,2665,88.83333333333333,-0.16187946744982956,0.6755439635398194
UBFC_PHYS_s06_T2_test,0,2666,88.86666666666666,-0.3098121629647595,0.9297351196689118
UBFC_PHYS_s06_T2_test,0,2667,88.9,-0.4781464826786097,1.0173070910940807
UBFC_PHYS_s06_T2_test,0,2668,88.93333333333334,-0.6556954371020953,0.9365398728996904
UBFC_PHYS_s06_T2_test,0,2669,88.96666666666667,-0.8266865548095531,0.7329725654325747
UBFC_PHYS_s06_T2_test,0,2670,89.0,-0.9686187162816122,0.44464890711386756
UBFC_PHYS_s06_T2_test,0,2671,89.03333333333333,-1.0535469980948582,0.10248835240509102
UBFC_PHYS_s06_T2_test,0,2672,89.06666666666666,-1.059765448765842,-0.25408037893694924
UBFC_PHYS_s06_T2_test,0,2673,89.1,-0.9837085863715549,-0.5757931975496506
UBFC_PHYS_s06_T2_test,0,2674,89.13333333333334,-0.8373962828224509,-0.8330185353847683
UBFC_PHYS_s06_T2_test,0,2675,89.16666666666667,-0.6321172313038526,-1.014297578254481
UBFC_PHYS_s06_T2_test,0,2676,89.2,-0.36258494192684226,-1.0948890630909613
UBFC_PHYS_s06_T2_test,0,2677,89.23333333333333,-0.01006760345654456,-1.036180574315655
UBFC_PHYS_s06_T2_test,0,2678,89.26666666666667,0.42972831526745536,-0.8149472211637234
UBFC_PHYS_s06_T2_test,0,2679,89.3,0.9174841363919171,-0.42444584386406986
UBFC_PHYS_s06_T2_test,0,2680,89.33333333333333,1.3693072441487983,0.07296821390434165
UBFC_PHYS_s06_T2_test,0,2681,89.36666666666666,1.6835882273891118,0.5448295826991437
UBFC_PHYS_s06_T2_test,0,2682,89.4,1.776590274589108,0.9009606435040802
UBFC_PHYS_s06_T2_test,0,2683,89.43333333333334,1.6130659524814408,1.0926770470674139
UBFC_PHYS_s06_T2_test,0,2684,89.46666666666667,1.2202063493454507,1.1023910353238093
UBFC_PHYS_s06_T2_test,0,2685,89.5,0.6793097548814371,0.942735749677279
UBFC_PHYS_s06_T2_test,0,2686,89.53333333333333,0.10379347892121946,0.6538550463611109
UBFC_PHYS_s06_T2_test,0,2687,89.56666666666666,-0.3923257255594267,0.3033876528908763
UBFC_PHYS_s06_T2_test,0,2688,89.6,-0.7315308626517192,-0.0527897259940056
UBFC_PHYS_s06_T2_test,0,2689,89.63333333333334,-0.8846126337414207,-0.36965882391725485
UBFC_PHYS_s06_T2_test,0,2690,89.66666666666667,-0.8472049014642368,-0.6152982735838185
UBFC_PHYS_s06_T2_test,0,2691,89.7,-0.6327130761524857,-0.7695274335258202
UBFC_PHYS_s06_T2_test,0,2692,89.73333333333333,-0.30045921843514295,-0.8219881376242598
UBFC_PHYS_s06_T2_test,0,2693,89.76666666666667,0.0408472820300195,-0.7713325289206827
UBFC_PHYS_s06_T2_test,0,2694,89.8,0.2799989536862616,-0.6149940611120922
UBFC_PHYS_s06_T2_test,0,2695,89.83333333333333,0.35573506011206746,-0.34962080248404
UBFC_PHYS_s06_T2_test,0,2696,89.86666666666666,0.2802424744460346,-0.005668230677696312
UBFC_PHYS_s06_T2_test,0,2697,89.9,0.12237162522574327,0.3515784026951465
UBFC_PHYS_s06_T2_test,0,2698,89.93333333333334,-0.044557069862561874,0.6694220702083716
UBFC_PHYS_s06_T2_test,0,2699,89.96666666666667,-0.1848658881522057,0.9067138772716835
UBFC_PHYS_s06_T2_test,0,2700,90.0,-0.2961855320133827,1.0122828218153006
UBFC_PHYS_s06_T2_test,0,2701,90.03333333333333,-0.384007212667159,0.9247128931837425
UBFC_PHYS_s06_T2_test,0,2702,90.06666666666666,-0.45126481637577226,0.6557824460783603
UBFC_PHYS_s06_T2_test,0,2703,90.1,-0.49979005796924014,0.29075760458235633
UBFC_PHYS_s06_T2_test,0,2704,90.13333333333334,-0.5285388416969133,-0.09690825936798556
UBFC_PHYS_s06_T2_test,0,2705,90.16666666666667,-0.5310204046543547,-0.4450695479183986
UBFC_PHYS_s06_T2_test,0,2706,90.2,-0.497217471266049,-0.7264287006885599
UBFC_PHYS_s06_T2_test,0,2707,90.23333333333333,-0.41651291967168264,-0.9468256535275282
UBFC_PHYS_s06_T2_test,0,2708,90.26666666666667,-0.28175678527414316,-1.0944189784158862
UBFC_PHYS_s06_T2_test,0,2709,90.3,-0.09751944151817679,-1.1384525524946358
UBFC_PHYS_s06_T2_test,0,2710,90.33333333333333,0.11602237616586786,-1.0583597249459071
UBFC_PHYS_s06_T2_test,0,2711,90.36666666666666,0.3314894357346425,-0.8440538698057578
UBFC_PHYS_s06_T2_test,0,2712,90.4,0.5237623883031788,-0.5041447218100148
UBFC_PHYS_s06_T2_test,0,2713,90.43333333333334,0.6699826319113072,-0.06724665624988653
UBFC_PHYS_s06_T2_test,0,2714,90.46666666666667,0.7492620988393366,0.4135896518075308
UBFC_PHYS_s06_T2_test,0,2715,90.5,0.7498210867344282,0.8592521388463135
UBFC_PHYS_s06_T2_test,0,2716,90.53333333333333,0.67425568582584,1.1872437330683385
UBFC_PHYS_s06_T2_test,0,2717,90.56666666666666,0.5357641743208807,1.3108472387424104
UBFC_PHYS_s06_T2_test,0,2718,90.6,0.3521351306509231,1.2275322673362974
UBFC_PHYS_s06_T2_test,0,2719,90.63333333333334,0.1435179760450619,1.0181344341030552
UBFC_PHYS_s06_T2_test,0,2720,90.66666666666667,-0.06810278533630962,0.7513333029402367
UBFC_PHYS_s06_T2_test,0,2721,90.7,-0.2589992421169537,0.4831796959231007
UBFC_PHYS_s06_T2_test,0,2722,90.73333333333333,-0.4029058672016331,0.24422410697526042
UBFC_PHYS_s06_T2_test,0,2723,90.76666666666667,-0.4728715299673362,0.04057615328166415
UBFC_PHYS_s06_T2_test,0,2724,90.8,-0.4497061695660669,-0.144107058852445
UBFC_PHYS_s06_T2_test,0,2725,90.83333333333333,-0.33358373998358437,-0.34666466860085127
UBFC_PHYS_s06_T2_test,0,2726,90.86666666666666,-0.14883696457191228,-0.5779396227446241
UBFC_PHYS_s06_T2_test,0,2727,90.9,0.06405484898036631,-0.8209874905496719
UBFC_PHYS_s06_T2_test,0,2728,90.93333333333334,0.2628146028255087,-1.0261617536379417
UBFC_PHYS_s06_T2_test,0,2729,90.96666666666667,0.41250415765251763,-1.1107806154429476
UBFC_PHYS_s06_T2_test,0,2730,91.0,0.488021203422565,-1.0240752659903485
UBFC_PHYS_s06_T2_test,0,2731,91.03333333333333,0.476100762171675,-0.7480340333491182
UBFC_PHYS_s06_T2_test,0,2732,91.06666666666666,0.3769251891299983,-0.33357911826799147
UBFC_PHYS_s06_T2_test,0,2733,91.1,0.2022360917153565,0.09892368830838211
UBFC_PHYS_s06_T2_test,0,2734,91.13333333333334,-0.028296262119929687,0.43336783806336643
UBFC_PHYS_s06_T2_test,0,2735,91.16666666666667,-0.28989883892662194,0.5581439218759482
UBFC_PHYS_s06_T2_test,0,2736,91.2,-0.5536768125025955,0.4765072663999586
UBFC_PHYS_s06_T2_test,0,2737,91.23333333333333,-0.7857474737227521,0.30557668981619823
UBFC_PHYS_s06_T2_test,0,2738,91.26666666666667,-0.9479920462246328,0.14943053257335395
UBFC_PHYS_s06_T2_test,0,2739,91.3,-1.0034657152534365,0.09731874743936204
UBFC_PHYS_s06_T2_test,0,2740,91.33333333333333,-0.9239321912332312,0.18119889351956986
UBFC_PHYS_s06_T2_test,0,2741,91.36666666666666,-0.6960651202104434,0.37517763727717396
UBFC_PHYS_s06_T2_test,0,2742,91.4,-0.3289814452337883,0.5842384431076191
UBFC_PHYS_s06_T2_test,0,2743,91.43333333333334,0.13246515270418618,0.6455829307489566
UBFC_PHYS_s06_T2_test,0,2744,91.46666666666667,0.5982941435787491,0.4927820200318481
UBFC_PHYS_s06_T2_test,0,2745,91.5,0.9522679865666102,0.1572491880286801
UBFC_PHYS_s06_T2_test,0,2746,91.53333333333333,1.1047516913246838,-0.2635293003338943
UBFC_PHYS_s06_T2_test,0,2747,91.56666666666666,1.0400815036831705,-0.6063959943850257
UBFC_PHYS_s06_T2_test,0,2748,91.6,0.8142365611793685,-0.7674216181512331
UBFC_PHYS_s06_T2_test,0,2749,91.63333333333334,0.5120515859210353,-0.7024380716201637
UBFC_PHYS_s06_T2_test,0,2750,91.66666666666667,0.20630899668785035,-0.4510745588498243
UBFC_PHYS_s06_T2_test,0,2751,91.7,-0.05974901759027248,-0.1360771454088347
UBFC_PHYS_s06_T2_test,0,2752,91.73333333333333,-0.27120803454944503,0.14109216892185486
UBFC_PHYS_s06_T2_test,0,2753,91.76666666666667,-0.42956434475265964,0.300924935192241
UBFC_PHYS_s06_T2_test,0,2754,91.8,-0.5374439157506826,0.32552231552897554
UBFC_PHYS_s06_T2_test,0,2755,91.83333333333333,-0.5911627530452155,0.25796815279258206
UBFC_PHYS_s06_T2_test,0,2756,91.86666666666666,-0.585012866498591,0.15855392303056298
UBFC_PHYS_s06_T2_test,0,2757,91.9,-0.5188434795476737,0.10352849949457996
UBFC_PHYS_s06_T2_test,0,2758,91.93333333333334,-0.40086241875468065,0.12774907979831587
UBFC_PHYS_s06_T2_test,0,2759,91.96666666666667,-0.24603852558910622,0.22407478163062633
UBFC_PHYS_s06_T2_test,0,2760,92.0,-0.07387129477602682,0.32055009847578586
UBFC_PHYS_s06_T2_test,0,2761,92.03333333333333,0.09456039247427098,0.2817919037812354
UBFC_PHYS_s06_T2_test,0,2762,92.06666666666666,0.24236291833683432,0.0773298449905311
UBFC_PHYS_s06_T2_test,0,2763,92.1,0.36140603542269,-0.2172343837313049
UBFC_PHYS_s06_T2_test,0,2764,92.13333333333334,0.4490116034936205,-0.5022231280304666
UBFC_PHYS_s06_T2_test,0,2765,92.16666666666667,0.5002128806584633,-0.6546421344638018
UBFC_PHYS_s06_T2_test,0,2766,92.2,0.5060186735274993,-0.626845114190473
UBFC_PHYS_s06_T2_test,0,2767,92.23333333333333,0.4586909667802618,-0.4468160210765848
UBFC_PHYS_s06_T2_test,0,2768,92.26666666666667,0.35601973275902804,-0.18068015603130083
UBFC_PHYS_s06_T2_test,0,2769,92.3,0.20210692629900537,0.0679054936605062
UBFC_PHYS_s06_T2_test,0,2770,92.33333333333333,0.00860800350657466,0.2322297851555464
UBFC_PHYS_s06_T2_test,0,2771,92.36666666666666,-0.2034857085452507,0.2826598630237498
UBFC_PHYS_s06_T2_test,0,2772,92.4,-0.4060432744991727,0.23276194639173203
UBFC_PHYS_s06_T2_test,0,2773,92.43333333333334,-0.57094043002257,0.13853968567522562
UBFC_PHYS_s06_T2_test,0,2774,92.46666666666667,-0.676632233855387,0.06561782784179365
UBFC_PHYS_s06_T2_test,0,2775,92.5,-0.7092323483356676,0.08801830731063254
UBFC_PHYS_s06_T2_test,0,2776,92.53333333333333,-0.6605969877690194,0.21359547992825254
UBFC_PHYS_s06_T2_test,0,2777,92.56666666666666,-0.5283403983543574,0.3836437795794437
UBFC_PHYS_s06_T2_test,0,2778,92.6,-0.3182910525959912,0.5066081484397568
UBFC_PHYS_s06_T2_test,0,2779,92.63333333333334,-0.04839948171950151,0.4595011136834402
UBFC_PHYS_s06_T2_test,0,2780,92.66666666666667,0.24879014112663717,0.22829682739898532
UBFC_PHYS_s06_T2_test,0,2781,92.7,0.5332038062410459,-0.09132667329646962
UBFC_PHYS_s06_T2_test,0,2782,92.73333333333333,0.7735054803306438,-0.4020239804676347
UBFC_PHYS_s06_T2_test,0,2783,92.76666666666667,0.9537214391068342,-0.6052947553710589
UBFC_PHYS_s06_T2_test,0,2784,92.8,1.0592361123619762,-0.6519516578708326
UBFC_PHYS_s06_T2_test,0,2785,92.83333333333333,1.0630979622500114,-0.5420796231956247
UBFC_PHYS_s06_T2_test,0,2786,92.86666666666666,0.9370668461627298,-0.31745414154741675
UBFC_PHYS_s06_T2_test,0,2787,92.9,0.6802355225433173,-0.061125283867809105
UBFC_PHYS_s06_T2_test,0,2788,92.93333333333334,0.3381189280553509,0.14683625805718814
UBFC_PHYS_s06_T2_test,0,2789,92.96666666666667,-0.008935127572819813,0.22980724520178836
UBFC_PHYS_s06_T2_test,0,2790,93.0,-0.2875121775682499,0.19369912697895852
UBFC_PHYS_s06_T2_test,0,2791,93.03333333333333,-0.4710329137256304,0.12619041101566725
UBFC_PHYS_s06_T2_test,0,2792,93.06666666666666,-0.5785961644539814,0.09799882270594817
UBFC_PHYS_s06_T2_test,0,2793,93.1,-0.639335422218464,0.16132580898921425
UBFC_PHYS_s06_T2_test,0,2794,93.13333333333334,-0.6680853232239821,0.3071593869638618
UBFC_PHYS_s06_T2_test,0,2795,93.16666666666667,-0.670378081136499,0.4650805146234469
UBFC_PHYS_s06_T2_test,0,2796,93.2,-0.6546558516471406,0.5396602868896433
UBFC_PHYS_s06_T2_test,0,2797,93.23333333333333,-0.6326595295292138,0.4120808028930038
UBFC_PHYS_s06_T2_test,0,2798,93.26666666666667,-0.6099732391365897,0.09416387459214846
UBFC_PHYS_s06_T2_test,0,2799,93.3,-0.5788445859384153,-0.2710504916227662
UBFC_PHYS_s06_T2_test,0,2800,93.33333333333333,-0.5218469804831509,-0.5688210689849793
UBFC_PHYS_s06_T2_test,0,2801,93.36666666666666,-0.4234081883768396,-0.7133892565849586
UBFC_PHYS_s06_T2_test,0,2802,93.4,-0.28068207334688444,-0.6724093994635688
UBFC_PHYS_s06_T2_test,0,2803,93.43333333333334,-0.10851568589622401,-0.4668415477413823
UBFC_PHYS_s06_T2_test,0,2804,93.46666666666667,0.06570702693536541,-0.16971449343050685
UBFC_PHYS_s06_T2_test,0,2805,93.5,0.21727328379519373,0.09450588271506578
UBFC_PHYS_s06_T2_test,0,2806,93.53333333333333,0.33724342768470084,0.25062138920934707
UBFC_PHYS_s06_T2_test,0,2807,93.56666666666666,0.4305773877915513,0.27297299649206014
UBFC_PHYS_s06_T2_test,0,2808,93.6,0.5041100053387504,0.19370521471716162
UBFC_PHYS_s06_T2_test,0,2809,93.63333333333334,0.5595855325745862,0.10167696599513669
UBFC_PHYS_s06_T2_test,0,2810,93.66666666666667,0.5953113795927956,0.06495872360449616
UBFC_PHYS_s06_T2_test,0,2811,93.7,0.6086494125281343,0.12952852958364397
UBFC_PHYS_s06_T2_test,0,2812,93.73333333333333,0.5964672668540802,0.2783860151751977
UBFC_PHYS_s06_T2_test,0,2813,93.76666666666667,0.5571244818512681,0.4315791545052556
UBFC_PHYS_s06_T2_test,0,2814,93.8,0.4933596059436142,0.49928895206064283
UBFC_PHYS_s06_T2_test,0,2815,93.83333333333333,0.41127648312427545,0.3833211376150531
UBFC_PHYS_s06_T2_test,0,2816,93.86666666666666,0.3161326699637837,0.09572779208213363
UBFC_PHYS_s06_T2_test,0,2817,93.9,0.21064892495737855,-0.24070615077367405
UBFC_PHYS_s06_T2_test,0,2818,93.93333333333334,0.09713072133544234,-0.5258130171502767
UBFC_PHYS_s06_T2_test,0,2819,93.96666666666667,-0.020797030365603868,-0.6825155141720788
UBFC_PHYS_s06_T2_test,0,2820,94.0,-0.1385150535268807,-0.6758160739006339
UBFC_PHYS_s06_T2_test,0,2821,94.03333333333333,-0.2504105406246574,-0.5126826968035848
UBFC_PHYS_s06_T2_test,0,2822,94.06666666666666,-0.3494455759008619,-0.2589216485265554
UBFC_PHYS_s06_T2_test,0,2823,94.1,-0.4277732855667139,-0.038454101554853334
UBFC_PHYS_s06_T2_test,0,2824,94.13333333333334,-0.4775154932047568,0.09227629970083746
UBFC_PHYS_s06_T2_test,0,2825,94.16666666666667,-0.4917818012688182,0.14434354599800586
UBFC_PHYS_s06_T2_test,0,2826,94.2,-0.46706152147420665,0.1492653115750884
UBFC_PHYS_s06_T2_test,0,2827,94.23333333333333,-0.40524116523315223,0.15771468347811002
UBFC_PHYS_s06_T2_test,0,2828,94.26666666666667,-0.3141813037170246,0.2128069506395805
UBFC_PHYS_s06_T2_test,0,2829,94.3,-0.20797518389649286,0.3487913544406454
UBFC_PHYS_s06_T2_test,0,2830,94.33333333333333,-0.10478387619017893,0.5300512925545803
UBFC_PHYS_s06_T2_test,0,2831,94.36666666666666,-0.020714685404210374,0.651154134655009
UBFC_PHYS_s06_T2_test,0,2832,94.4,0.03529561446318116,0.6297212123177515
UBFC_PHYS_s06_T2_test,0,2833,94.43333333333334,0.062258300875531955,0.4079356274044359
UBFC_PHYS_s06_T2_test,0,2834,94.46666666666667,0.06630201003198709,0.0266582703570217
UBFC_PHYS_s06_T2_test,0,2835,94.5,0.058348474525429884,-0.3741548222549224
UBFC_PHYS_s06_T2_test,0,2836,94.53333333333333,0.048226940699162675,-0.6790704439545411
UBFC_PHYS_s06_T2_test,0,2837,94.56666666666666,0.0395736967142455,-0.7976255251528781
UBFC_PHYS_s06_T2_test,0,2838,94.6,0.030478508922131445,-0.7099934461530343
UBFC_PHYS_s06_T2_test,0,2839,94.63333333333334,0.017593326689768016,-0.4667007168663437
UBFC_PHYS_s06_T2_test,0,2840,94.66666666666667,0.00041160751710251145,-0.1574000060531952
UBFC_PHYS_s06_T2_test,0,2841,94.7,-0.016150513700942348,0.0899717798673507
UBFC_PHYS_s06_T2_test,0,2842,94.73333333333333,-0.023937519429444526,0.21579822280736227
UBFC_PHYS_s06_T2_test,0,2843,94.76666666666667,-0.01742868112807246,0.22872792849267376
UBFC_PHYS_s06_T2_test,0,2844,94.8,0.002653450159151494,0.1720155400331469
UBFC_PHYS_s06_T2_test,0,2845,94.83333333333333,0.030295739963437873,0.1221807697274902
UBFC_PHYS_s06_T2_test,0,2846,94.86666666666666,0.05726402987024504,0.13019107474040878
UBFC_PHYS_s06_T2_test,0,2847,94.9,0.07605198918834433,0.22034827565872275
UBFC_PHYS_s06_T2_test,0,2848,94.93333333333334,0.08172237885909482,0.3625667037779567
UBFC_PHYS_s06_T2_test,0,2849,94.96666666666667,0.07296492962627951,0.4725932140491384
UBFC_PHYS_s06_T2_test,0,2850,95.0,0.05191776788502287,0.47348010584993816
UBFC_PHYS_s06_T2_test,0,2851,95.03333333333333,0.02159983388708505,0.29701418689400894
UBFC_PHYS_s06_T2_test,0,2852,95.06666666666666,-0.01564598527156158,-0.030162451294060408
UBFC_PHYS_s06_T2_test,0,2853,95.1,-0.05647801400264415,-0.38605479861589825
UBFC_PHYS_s06_T2_test,0,2854,95.13333333333334,-0.09683455121510406,-0.6697248310044042
UBFC_PHYS_s06_T2_test,0,2855,95.16666666666667,-0.13463425729227213,-0.8016503299363288
UBFC_PHYS_s06_T2_test,0,2856,95.2,-0.1685085221408707,-0.7554053702741395
UBFC_PHYS_s06_T2_test,0,2857,95.23333333333333,-0.19370607409262,-0.5574803125060362
UBFC_PHYS_s06_T2_test,0,2858,95.26666666666667,-0.2011450301919384,-0.27587206081325166
UBFC_PHYS_s06_T2_test,0,2859,95.3,-0.18039041036719575,-0.019550398823556532
UBFC_PHYS_s06_T2_test,0,2860,95.33333333333333,-0.12588266451973112,0.15399848915910433
UBFC_PHYS_s06_T2_test,0,2861,95.36666666666666,-0.04304902302291074,0.23858279688783995
UBFC_PHYS_s06_T2_test,0,2862,95.4,0.05404593991018087,0.2691104513709359
UBFC_PHYS_s06_T2_test,0,2863,95.43333333333334,0.15206917317359936,0.319969946681782
UBFC_PHYS_s06_T2_test,0,2864,95.46666666666667,0.24169262683431056,0.43388580293209583
UBFC_PHYS_s06_T2_test,0,2865,95.5,0.3137980648641141,0.6203206110210661
UBFC_PHYS_s06_T2_test,0,2866,95.53333333333333,0.36225424544984886,0.8259127874171371
UBFC_PHYS_s06_T2_test,0,2867,95.56666666666666,0.3925646423633067,0.9346824082547437
UBFC_PHYS_s06_T2_test,0,2868,95.6,0.4199940001123037,0.8715407270245725
UBFC_PHYS_s06_T2_test,0,2869,95.63333333333334,0.45657554761324143,0.603685317750451
UBFC_PHYS_s06_T2_test,0,2870,95.66666666666667,0.5023886539338014,0.15926684556438145
UBFC_PHYS_s06_T2_test,0,2871,95.7,0.5455243174221333,-0.371487554436875
UBFC_PHYS_s06_T2_test,0,2872,95.73333333333333,0.5639817570088274,-0.8884124097440773
UBFC_PHYS_s06_T2_test,0,2873,95.76666666666667,0.5294816472525066,-1.2804724744086375
UBFC_PHYS_s06_T2_test,0,2874,95.8,0.41859795063278593,-1.4681445782381952
UBFC_PHYS_s06_T2_test,0,2875,95.83333333333333,0.2285986529863003,-1.4028909397741554
UBFC_PHYS_s06_T2_test,0,2876,95.86666666666666,-0.013580955128116079,-1.1018329636003192
UBFC_PHYS_s06_T2_test,0,2877,95.9,-0.259326211916871,-0.6477252787917578
UBFC_PHYS_s06_T2_test,0,2878,95.93333333333334,-0.4607378863752015,-0.14828598050648245
UBFC_PHYS_s06_T2_test,0,2879,95.96666666666667,-0.5910153026335447,0.2636456888988245
UBFC_PHYS_s06_T2_test,0,2880,96.0,-0.6488443252981746,0.5547596969132295
UBFC_PHYS_s06_T2_test,0,2881,96.03333333333333,-0.6491146497480648,0.7892730131047606
UBFC_PHYS_s06_T2_test,0,2882,96.06666666666666,-0.6105070039465305,0.9845181489493409
UBFC_PHYS_s06_T2_test,0,2883,96.1,-0.5468881071531378,1.108756141356631
UBFC_PHYS_s06_T2_test,0,2884,96.13333333333334,-0.4657343611027368,1.1405615985762037
UBFC_PHYS_s06_T2_test,0,2885,96.16666666666667,-0.3730079298261845,1.0685505523486356
UBFC_PHYS_s06_T2_test,0,2886,96.2,-0.278160953851385,0.8999796628893024
UBFC_PHYS_s06_T2_test,0,2887,96.23333333333333,-0.1934524520977899,0.6610642845896502
UBFC_PHYS_s06_T2_test,0,2888,96.26666666666667,-0.12932730379427224,0.3672245048815113
UBFC_PHYS_s06_T2_test,0,2889,96.3,-0.09101680892376433,0.024372093402450664
UBFC_PHYS_s06_T2_test,0,2890,96.33333333333333,-0.07767228360090564,-0.34937406499985185
UBFC_PHYS_s06_T2_test,0,2891,96.36666666666666,-0.08283143585017627,-0.7217316641964232
UBFC_PHYS_s06_T2_test,0,2892,96.4,-0.09663678825200825,-1.0522025094132605
UBFC_PHYS_s06_T2_test,0,2893,96.43333333333334,-0.10961597999263306,-1.2905545643499772
UBFC_PHYS_s06_T2_test,0,2894,96.46666666666667,-0.11473768296170152,-1.4044558534428384
UBFC_PHYS_s06_T2_test,0,2895,96.5,-0.10624291382798604,-1.3786929112104982
UBFC_PHYS_s06_T2_test,0,2896,96.53333333333333,-0.0788006843375339,-1.2093430125189681
UBFC_PHYS_s06_T2_test,0,2897,96.56666666666666,-0.02931643195758675,-0.9040810705225115
UBFC_PHYS_s06_T2_test,0,2898,96.6,0.041279980091969565,-0.49401354154464394
UBFC_PHYS_s06_T2_test,0,2899,96.63333333333334,0.12813169241188938,-0.034991536540737264
UBFC_PHYS_s06_T2_test,0,2900,96.66666666666667,0.22303074024496633,0.41561383101743665
UBFC_PHYS_s06_T2_test,0,2901,96.7,0.3152492507970771,0.7972466208202778
UBFC_PHYS_s06_T2_test,0,2902,96.73333333333333,0.39402620495567925,1.079617813608859
UBFC_PHYS_s06_T2_test,0,2903,96.76666666666667,0.45140735695307377,1.2608166117415525
UBFC_PHYS_s06_T2_test,0,2904,96.8,0.4821249745312616,1.3367486144216594
UBFC_PHYS_s06_T2_test,0,2905,96.83333333333333,0.48152572120389064,1.2999384251685122
UBFC_PHYS_s06_T2_test,0,2906,96.86666666666666,0.44622842930744155,1.162371786093686
UBFC_PHYS_s06_T2_test,0,2907,96.9,0.3773941874754006,0.9554116293222693
UBFC_PHYS_s06_T2_test,0,2908,96.93333333333334,0.2818966068546984,0.6887396391243894
UBFC_PHYS_s06_T2_test,0,2909,96.96666666666667,0.17037069712565003,0.3515724135975296
UBFC_PHYS_s06_T2_test,0,2910,97.0,0.05520904111288753,-0.041303276737497986
UBFC_PHYS_s06_T2_test,0,2911,97.03333333333333,-0.04999911084241646,-0.4475187319117458
UBFC_PHYS_s06_T2_test,0,2912,97.06666666666666,-0.13103260843853337,-0.8256382990781387
UBFC_PHYS_s06_T2_test,0,2913,97.1,-0.17565657273682664,-1.133418849532938
UBFC_PHYS_s06_T2_test,0,2914,97.13333333333334,-0.17816899339608047,-1.3416239077753607
UBFC_PHYS_s06_T2_test,0,2915,97.16666666666667,-0.14229026492208674,-1.4326436039407886
UBFC_PHYS_s06_T2_test,0,2916,97.2,-0.07906854604422667,-1.393628086653283
UBFC_PHYS_s06_T2_test,0,2917,97.23333333333333,-0.0023522588297730726,-1.2162009318403546
UBFC_PHYS_s06_T2_test,0,2918,97.26666666666667,0.07327710322586126,-0.907331192907756
UBFC_PHYS_s06_T2_test,0,2919,97.3,0.13342327213698008,-0.49041298672940037
UBFC_PHYS_s06_T2_test,0,2920,97.33333333333333,0.16665186442099802,-0.01185141296257991
UBFC_PHYS_s06_T2_test,0,2921,97.36666666666666,0.16596837640775053,0.45726794844975865
UBFC_PHYS_s06_T2_test,0,2922,97.4,0.1268888709885643,0.8565357440940082
UBFC_PHYS_s06_T2_test,0,2923,97.43333333333334,0.04614671010850912,1.1345759513768157
UBFC_PHYS_s06_T2_test,0,2924,97.46666666666667,-0.07640623895463103,1.2762343776800058
UBFC_PHYS_s06_T2_test,0,2925,97.5,-0.2335332635248916,1.3010065031311155
UBFC_PHYS_s06_T2_test,0,2926,97.53333333333333,-0.4058847697493397,1.227060424897084
UBFC_PHYS_s06_T2_test,0,2927,97.56666666666666,-0.5634358342441196,1.0705310290445478
UBFC_PHYS_s06_T2_test,0,2928,97.6,-0.6761395706366188,0.8428405845030351
UBFC_PHYS_s06_T2_test,0,2929,97.63333333333334,-0.7224980691016518,0.5515000110416899
UBFC_PHYS_s06_T2_test,0,2930,97.66666666666667,-0.6885463406327462,0.2140415736878467
UBFC_PHYS_s06_T2_test,0,2931,97.7,-0.5674576633701826,-0.1403789149645111
UBFC_PHYS_s06_T2_test,0,2932,97.73333333333333,-0.36576130335129864,-0.48650965001711427
UBFC_PHYS_s06_T2_test,0,2933,97.76666666666667,-0.10647237924168648,-0.8011665654348618
UBFC_PHYS_s06_T2_test,0,2934,97.8,0.17562017665327193,-1.0600018943131746
UBFC_PHYS_s06_T2_test,0,2935,97.83333333333333,0.44074388114150054,-1.2359303119770775
UBFC_PHYS_s06_T2_test,0,2936,97.86666666666666,0.6518316494903164,-1.307300765791778
UBFC_PHYS_s06_T2_test,0,2937,97.9,0.7834917286798997,-1.2572492036897214
UBFC_PHYS_s06_T2_test,0,2938,97.93333333333334,0.825826441729126,-1.080553712402726
UBFC_PHYS_s06_T2_test,0,2939,97.96666666666667,0.7805787320202903,-0.7841465243108303
UBFC_PHYS_s06_T2_test,0,2940,98.0,0.65665943374858,-0.3945333644636929
UBFC_PHYS_s06_T2_test,0,2941,98.03333333333333,0.4695548625584539,0.040831471652768826
UBFC_PHYS_s06_T2_test,0,2942,98.06666666666666,0.2409862278386855,0.47150182178595795
UBFC_PHYS_s06_T2_test,0,2943,98.1,-0.004069750533557379,0.8423521380522384
UBFC_PHYS_s06_T2_test,0,2944,98.13333333333334,-0.24117994416990673,1.112425767670476
UBFC_PHYS_s06_T2_test,0,2945,98.16666666666667,-0.4494333341385547,1.2534372010495947
UBFC_PHYS_s06_T2_test,0,2946,98.2,-0.6126411451311594,1.2606624504599468
UBFC_PHYS_s06_T2_test,0,2947,98.23333333333333,-0.7176416716577964,1.1520518040245962
UBFC_PHYS_s06_T2_test,0,2948,98.26666666666667,-0.751831201486702,0.9529825151120884
UBFC_PHYS_s06_T2_test,0,2949,98.3,-0.7048303351671229,0.6963038972396618
UBFC_PHYS_s06_T2_test,0,2950,98.33333333333333,-0.5753259522926674,0.39732161569420504
UBFC_PHYS_s06_T2_test,0,2951,98.36666666666666,-0.377056852425124,0.05520382021883401
UBFC_PHYS_s06_T2_test,0,2952,98.4,-0.136999642952953,-0.31266779272684236
UBFC_PHYS_s06_T2_test,0,2953,98.43333333333334,0.11328589878841774,-0.6687344648611214
UBFC_PHYS_s06_T2_test,0,2954,98.46666666666667,0.3452306709824443,-0.9807647933711267
UBFC_PHYS_s06_T2_test,0,2955,98.5,0.5361523002850042,-1.2202210887346752
UBFC_PHYS_s06_T2_test,0,2956,98.53333333333333,0.6708575748073671,-1.3615366080912206
UBFC_PHYS_s06_T2_test,0,2957,98.56666666666666,0.7424210760791831,-1.381133788230827
UBFC_PHYS_s06_T2_test,0,2958,98.6,0.7499969612839158,-1.255629714916328
UBFC_PHYS_s06_T2_test,0,2959,98.63333333333334,0.6964291362103799,-0.9623780967885742
UBFC_PHYS_s06_T2_test,0,2960,98.66666666666667,0.5880439948828073,-0.5192688523818865
UBFC_PHYS_s06_T2_test,0,2961,98.7,0.4342394807190612,0.013667596438384735
UBFC_PHYS_s06_T2_test,0,2962,98.73333333333333,0.24606460852797474,0.5512598623033382
UBFC_PHYS_s06_T2_test,0,2963,98.76666666666667,0.03547043828525192,0.9818081895370937
UBFC_PHYS_s06_T2_test,0,2964,98.8,-0.18454071743072817,1.2564566680317248
UBFC_PHYS_s06_T2_test,0,2965,98.83333333333333,-0.39878645164732085,1.3874970797797546
UBFC_PHYS_s06_T2_test,0,2966,98.86666666666666,-0.587641259874552,1.3892507757669172
UBFC_PHYS_s06_T2_test,0,2967,98.9,-0.7265889049325133,1.2767093293681284
UBFC_PHYS_s06_T2_test,0,2968,98.93333333333334,-0.7917186419938504,1.0666639116100005
UBFC_PHYS_s06_T2_test,0,2969,98.96666666666667,-0.7699153334411053,0.778034492405957
UBFC_PHYS_s06_T2_test,0,2970,99.0,-0.6659417136150101,0.4302807254833564
UBFC_PHYS_s06_T2_test,0,2971,99.03333333333333,-0.5007481039322772,0.04492909276566914
UBFC_PHYS_s06_T2_test,0,2972,99.06666666666666,-0.3036024983921828,-0.3518351175058668
UBFC_PHYS_s06_T2_test,0,2973,99.1,-0.10297348243266188,-0.72713404845758
UBFC_PHYS_s06_T2_test,0,2974,99.13333333333334,0.08119465592953486,-1.0485343073283113
UBFC_PHYS_s06_T2_test,0,2975,99.16666666666667,0.2400348217757733,-1.2822659762236739
UBFC_PHYS_s06_T2_test,0,2976,99.2,0.3705658538176753,-1.4000669891897304
UBFC_PHYS_s06_T2_test,0,2977,99.23333333333333,0.46824866713023017,-1.378304491966691
UBFC_PHYS_s06_T2_test,0,2978,99.26666666666667,0.5254951660784729,-1.2059274969345601
UBFC_PHYS_s06_T2_test,0,2979,99.3,0.5360136046080086,-0.8849353281343223
UBFC_PHYS_s06_T2_test,0,2980,99.33333333333333,0.4984851071950387,-0.4468416042626543
UBFC_PHYS_s06_T2_test,0,2981,99.36666666666666,0.4169744859637423,0.04592780847557574
UBFC_PHYS_s06_T2_test,0,2982,99.4,0.30025829387885183,0.5242434444299171
UBFC_PHYS_s06_T2_test,0,2983,99.43333333333334,0.1602449242227301,0.9107201252547178
UBFC_PHYS_s06_T2_test,0,2984,99.46666666666667,0.009147589248656635,1.1673426044651574
UBFC_PHYS_s06_T2_test,0,2985,99.5,-0.1405825262236936,1.2937785326985565
UBFC_PHYS_s06_T2_test,0,2986,99.53333333333333,-0.27222656884629526,1.2924325669729089
UBFC_PHYS_s06_T2_test,0,2987,99.56666666666666,-0.36477513852141813,1.1674640858923686
UBFC_PHYS_s06_T2_test,0,2988,99.6,-0.40193193413172357,0.9300359099005383
UBFC_PHYS_s06_T2_test,0,2989,99.63333333333334,-0.3811397108705513,0.5988899596496544
UBFC_PHYS_s06_T2_test,0,2990,99.66666666666667,-0.3130002002776999,0.2054692535094
UBFC_PHYS_s06_T2_test,0,2991,99.7,-0.21407951535595415,-0.2046058324504333
UBFC_PHYS_s06_T2_test,0,2992,99.73333333333333,-0.10140117900530699,-0.596116651654266
UBFC_PHYS_s06_T2_test,0,2993,99.76666666666667,0.00909945067256181,-0.9423107175242986
UBFC_PHYS_s06_T2_test,0,2994,99.8,0.10365110499523293,-1.2054140059684195
UBFC_PHYS_s06_T2_test,0,2995,99.83333333333333,0.17314713907769133,-1.3352305272042388
UBFC_PHYS_s06_T2_test,0,2996,99.86666666666666,0.21460950528954612,-1.3068360947738635
UBFC_PHYS_s06_T2_test,0,2997,99.9,0.22974074288231916,-1.1203668038480559
UBFC_PHYS_s06_T2_test,0,2998,99.93333333333334,0.2222967326346536,-0.7964840336320146
UBFC_PHYS_s06_T2_test,0,2999,99.96666666666667,0.19616110436872258,-0.37712597410164533
UBFC_PHYS_s06_T2_test,0,3000,100.0,0.15468031346531552,0.08031421316842882
UBFC_PHYS_s06_T2_test,0,3001,100.03333333333333,0.10178108225913327,0.5016191012373171
UBFC_PHYS_s06_T2_test,0,3002,100.06666666666666,0.0430776263654042,0.8428180284653715
UBFC_PHYS_s06_T2_test,0,3003,100.1,-0.015886280617366463,1.0884157105472514
UBFC_PHYS_s06_T2_test,0,3004,100.13333333333334,-0.07199046613931859,1.2223815634916986
UBFC_PHYS_s06_T2_test,0,3005,100.16666666666667,-0.12332586426110669,1.2268373540039434
UBFC_PHYS_s06_T2_test,0,3006,100.2,-0.16574678294859702,1.102334499161811
UBFC_PHYS_s06_T2_test,0,3007,100.23333333333333,-0.19120016993878752,0.8678012727872247
UBFC_PHYS_s06_T2_test,0,3008,100.26666666666667,-0.18977942569244094,0.551822076764934
UBFC_PHYS_s06_T2_test,0,3009,100.3,-0.15537954168308535,0.1934996021355385
UBFC_PHYS_s06_T2_test,0,3010,100.33333333333333,-0.09107136558868081,-0.17422693021121735
UBFC_PHYS_s06_T2_test,0,3011,100.36666666666666,-0.008455163907286695,-0.522951240103947
UBFC_PHYS_s06_T2_test,0,3012,100.4,0.07855408456305403,-0.8267590467852498
UBFC_PHYS_s06_T2_test,0,3013,100.43333333333334,0.15899595556024917,-1.0604629113746795
UBFC_PHYS_s06_T2_test,0,3014,100.46666666666667,0.2254955514455912,-1.1921989975152716
UBFC_PHYS_s06_T2_test,0,3015,100.5,0.27255673776171857,-1.18266233371556
UBFC_PHYS_s06_T2_test,0,3016,100.53333333333333,0.2961103367344589,-1.0262468961894755
UBFC_PHYS_s06_T2_test,0,3017,100.56666666666666,0.29456769647795283,-0.751275762445413
UBFC_PHYS_s06_T2_test,0,3018,100.6,0.26888003054288684,-0.3982610316360511
UBFC_PHYS_s06_T2_test,0,3019,100.63333333333334,0.22085770948611896,-0.02071565064303635
UBFC_PHYS_s06_T2_test,0,3020,100.66666666666667,0.151697922397903,0.3436093352632077
UBFC_PHYS_s06_T2_test,0,3021,100.7,0.06193829252344868,0.6710937334642941
UBFC_PHYS_s06_T2_test,0,3022,100.73333333333333,-0.047287103856748794,0.9367877843145143
UBFC_PHYS_s06_T2_test,0,3023,100.76666666666667,-0.17203856750313565,1.1127718985962793
UBFC_PHYS_s06_T2_test,0,3024,100.8,-0.30423144042840095,1.175763213575668
UBFC_PHYS_s06_T2_test,0,3025,100.83333333333333,-0.43275268792499166,1.106518847466994
UBFC_PHYS_s06_T2_test,0,3026,100.86666666666666,-0.5452766862874113,0.9099964858965414
UBFC_PHYS_s06_T2_test,0,3027,100.9,-0.6291157415701188,0.6157096413052247
UBFC_PHYS_s06_T2_test,0,3028,100.93333333333334,-0.6716973712442315,0.24853912916194934
UBFC_PHYS_s06_T2_test,0,3029,100.96666666666667,-0.6609437206140957,-0.16986604894254165
UBFC_PHYS_s06_T2_test,0,3030,101.0,-0.5871292613292312,-0.5971559744607609
UBFC_PHYS_s06_T2_test,0,3031,101.03333333333333,-0.44847931678247427,-0.9684902685693875
UBFC_PHYS_s06_T2_test,0,3032,101.06666666666666,-0.2562340315797171,-1.2312966533291991
UBFC_PHYS_s06_T2_test,0,3033,101.1,-0.032750695623158604,-1.3441162241565012
UBFC_PHYS_s06_T2_test,0,3034,101.13333333333334,0.19506757877545314,-1.2922743161690928
UBFC_PHYS_s06_T2_test,0,3035,101.16666666666667,0.40182261518752227,-1.0874935582965164
UBFC_PHYS_s06_T2_test,0,3036,101.2,0.5685517947588554,-0.7498588934109424
UBFC_PHYS_s06_T2_test,0,3037,101.23333333333333,0.6855115976752721,-0.30871285168853857
UBFC_PHYS_s06_T2_test,0,3038,101.26666666666667,0.7505721505433965,0.17658461143341386
UBFC_PHYS_s06_T2_test,0,3039,101.3,0.7653305805113781,0.6151940361560646
UBFC_PHYS_s06_T2_test,0,3040,101.33333333333333,0.7329614199100973,0.9640757121995837
UBFC_PHYS_s06_T2_test,0,3041,101.36666666666666,0.6581340537161625,1.2260770092966382
UBFC_PHYS_s06_T2_test,0,3042,101.4,0.5472428779753209,1.3871263835419494
UBFC_PHYS_s06_T2_test,0,3043,101.43333333333334,0.408023841230682,1.4147592479963174
UBFC_PHYS_s06_T2_test,0,3044,101.46666666666667,0.24895461436619198,1.2930313533434037
UBFC_PHYS_s06_T2_test,0,3045,101.5,0.07952840604782298,1.0227891236378917
UBFC_PHYS_s06_T2_test,0,3046,101.53333333333333,-0.08935122614734978,0.6265519859363131
UBFC_PHYS_s06_T2_test,0,3047,101.56666666666666,-0.2470433856185187,0.14981931966863105
UBFC_PHYS_s06_T2_test,0,3048,101.6,-0.38541280843468384,-0.35500142409021346
UBFC_PHYS_s06_T2_test,0,3049,101.63333333333334,-0.49761411650573417,-0.8266642318548707
UBFC_PHYS_s06_T2_test,0,3050,101.66666666666667,-0.5750707979693274,-1.2227530079232167
UBFC_PHYS_s06_T2_test,0,3051,101.7,-0.6085657115584313,-1.517502374941555
UBFC_PHYS_s06_T2_test,0,3052,101.73333333333333,-0.5934097264189317,-1.6747060112139505
UBFC_PHYS_s06_T2_test,0,3053,101.76666666666667,-0.5327182785190215,-1.6466361387061934
UBFC_PHYS_s06_T2_test,0,3054,101.8,-0.43600934743659897,-1.422738582268603
UBFC_PHYS_s06_T2_test,0,3055,101.83333333333333,-0.3156234649736545,-1.0301397656862616
UBFC_PHYS_s06_T2_test,0,3056,101.86666666666666,-0.18376273932319473,-0.5045753036198481
UBFC_PHYS_s06_T2_test,0,3057,101.9,-0.050764518596257836,0.10781305057475685
UBFC_PHYS_s06_T2_test,0,3058,101.93333333333334,0.07534045112035526,0.7332812338863954
UBFC_PHYS_s06_T2_test,0,3059,101.96666666666667,0.18753282606050278,1.2682011134432094
UBFC_PHYS_s06_T2_test,0,3060,102.0,0.2782555104513387,1.6451300532982578
UBFC_PHYS_s06_T2_test,0,3061,102.03333333333333,0.340828432137566,1.8309064765350587
UBFC_PHYS_s06_T2_test,0,3062,102.06666666666666,0.3726810468804017,1.8146188596764616
UBFC_PHYS_s06_T2_test,0,3063,102.1,0.37537655102667156,1.6065854091754281
UBFC_PHYS_s06_T2_test,0,3064,102.13333333333334,0.35133226897270947,1.2300428698630237
UBFC_PHYS_s06_T2_test,0,3065,102.16666666666667,0.30188822557441497,0.7219777570143494
UBFC_PHYS_s06_T2_test,0,3066,102.2,0.2288136475946128,0.13844539074920315
UBFC_PHYS_s06_T2_test,0,3067,102.23333333333333,0.1373398084566041,-0.4433842138213443
UBFC_PHYS_s06_T2_test,0,3068,102.26666666666667,0.037274444475365244,-0.9637889254656604
UBFC_PHYS_s06_T2_test,0,3069,102.3,-0.05930948984201683,-1.3780233775619903
UBFC_PHYS_s06_T2_test,0,3070,102.33333333333333,-0.14127843574398463,-1.6512097349318096
UBFC_PHYS_s06_T2_test,0,3071,102.36666666666666,-0.2003986451946372,-1.756358941710533
UBFC_PHYS_s06_T2_test,0,3072,102.4,-0.2329749346942558,-1.6799350862809856
UBFC_PHYS_s06_T2_test,0,3073,102.43333333333334,-0.2404091002777712,-1.4214910595103232
UBFC_PHYS_s06_T2_test,0,3074,102.46666666666667,-0.22718432378299572,-1.0027986366379869
UBFC_PHYS_s06_T2_test,0,3075,102.5,-0.1989084746140557,-0.46908911118177776
UBFC_PHYS_s06_T2_test,0,3076,102.53333333333333,-0.16204971454588415,0.10781415851653899
UBFC_PHYS_s06_T2_test,0,3077,102.56666666666666,-0.1222929758676998,0.6277110916148398
UBFC_PHYS_s06_T2_test,0,3078,102.6,-0.08209713266637352,1.0202564091165067
UBFC_PHYS_s06_T2_test,0,3079,102.63333333333334,-0.04250372827789741,1.2432251703705615
UBFC_PHYS_s06_T2_test,0,3080,102.66666666666667,-0.007453789063270872,1.290994876680543
UBFC_PHYS_s06_T2_test,0,3081,102.7,0.016526185584680195,1.193076389155052
UBFC_PHYS_s06_T2_test,0,3082,102.73333333333333,0.025072027261771473,0.9801987531164603
UBFC_PHYS_s06_T2_test,0,3083,102.76666666666667,0.01868186591568014,0.6841012804647747
UBFC_PHYS_s06_T2_test,0,3084,102.8,0.0015777307737836442,0.3438270769362738
UBFC_PHYS_s06_T2_test,0,3085,102.83333333333333,-0.02045090017637144,0.006707919273048098
UBFC_PHYS_s06_T2_test,0,3086,102.86666666666666,-0.04192510706234333,-0.29034525096448294
UBFC_PHYS_s06_T2_test,0,3087,102.9,-0.058641562402369035,-0.5194904341369636
UBFC_PHYS_s06_T2_test,0,3088,102.93333333333334,-0.06638861262774026,-0.6651842706155899
UBFC_PHYS_s06_T2_test,0,3089,102.96666666666667,-0.058315893898459856,-0.7229796164317661
UBFC_PHYS_s06_T2_test,0,3090,103.0,-0.024848719381695434,-0.688357847064522
UBFC_PHYS_s06_T2_test,0,3091,103.03333333333333,0.04101915092337089,-0.5564312690343871
UBFC_PHYS_s06_T2_test,0,3092,103.06666666666666,0.1363531114048121,-0.32112595977503994
UBFC_PHYS_s06_T2_test,0,3093,103.1,0.2460343035386909,0.02371500594464411
UBFC_PHYS_s06_T2_test,0,3094,103.13333333333334,0.34805002607701546,0.4130222836582629
UBFC_PHYS_s06_T2_test,0,3095,103.16666666666667,0.4220654240527717,0.709924027682085
UBFC_PHYS_s06_T2_test,0,3096,103.2,0.4558563287420478,0.8513071540472221
UBFC_PHYS_s06_T2_test,0,3097,103.23333333333333,0.44689045057367094,0.8475317160379835
UBFC_PHYS_s06_T2_test,0,3098,103.26666666666667,0.3998114660926119,0.7175290632031772
UBFC_PHYS_s06_T2_test,0,3099,103.3,0.3223674313223167,0.4883102895384422
UBFC_PHYS_s06_T2_test,0,3100,103.33333333333333,0.22204916435182695,0.19524997308186787
UBFC_PHYS_s06_T2_test,0,3101,103.36666666666666,0.10539167560062487,-0.11726248711556933
UBFC_PHYS_s06_T2_test,0,3102,103.4,-0.020133195363676634,-0.41275703760345017
UBFC_PHYS_s06_T2_test,0,3103,103.43333333333334,-0.14553026507082933,-0.6614689236246231
UBFC_PHYS_s06_T2_test,0,3104,103.46666666666667,-0.26291868524472245,-0.8487752179097118
UBFC_PHYS_s06_T2_test,0,3105,103.5,-0.36691864452079564,-0.9738158091295454
UBFC_PHYS_s06_T2_test,0,3106,103.53333333333333,-0.45174383718482347,-1.0204955449782114
UBFC_PHYS_s06_T2_test,0,3107,103.56666666666666,-0.5082925034891623,-0.9570447679816085
UBFC_PHYS_s06_T2_test,0,3108,103.6,-0.5257960374886151,-0.7687454642411748
UBFC_PHYS_s06_T2_test,0,3109,103.63333333333334,-0.49707819209298354,-0.45881472099816384
UBFC_PHYS_s06_T2_test,0,3110,103.66666666666667,-0.4233955034911331,-0.06712740632319822
UBFC_PHYS_s06_T2_test,0,3111,103.7,-0.31487886692962663,0.32869731098745647
UBFC_PHYS_s06_T2_test,0,3112,103.73333333333333,-0.18650639529200363,0.6590285651705571
UBFC_PHYS_s06_T2_test,0,3113,103.76666666666667,-0.05400388018662486,0.8613741503307129
UBFC_PHYS_s06_T2_test,0,3114,103.8,0.06820204270222387,0.924937335108996
UBFC_PHYS_s06_T2_test,0,3115,103.83333333333333,0.16896921321901837,0.88945934974148
UBFC_PHYS_s06_T2_test,0,3116,103.86666666666666,0.24224015196502185,0.782493409863671
UBFC_PHYS_s06_T2_test,0,3117,103.9,0.28628750831834476,0.6188516646907661
UBFC_PHYS_s06_T2_test,0,3118,103.93333333333334,0.30133028634807835,0.4115754254449637
UBFC_PHYS_s06_T2_test,0,3119,103.96666666666667,0.2882563014430891,0.17272559785300312
UBFC_PHYS_s06_T2_test,0,3120,104.0,0.24854154565306508,-0.07923418074098162
UBFC_PHYS_s06_T2_test,0,3121,104.03333333333333,0.1846838510625803,-0.3182583896222297
UBFC_PHYS_s06_T2_test,0,3122,104.06666666666666,0.1013565840932967,-0.5207241927206837
UBFC_PHYS_s06_T2_test,0,3123,104.1,0.006146853198009818,-0.6643967414512825
UBFC_PHYS_s06_T2_test,0,3124,104.13333333333334,-0.09095082776781581,-0.7258740109249385
UBFC_PHYS_s06_T2_test,0,3125,104.16666666666667,-0.17765651191245016,-0.6802294757893883
UBFC_PHYS_s06_T2_test,0,3126,104.2,-0.2392052987426769,-0.5269616783414218
UBFC_PHYS_s06_T2_test,0,3127,104.23333333333333,-0.2613331743427528,-0.290336440035391
UBFC_PHYS_s06_T2_test,0,3128,104.26666666666667,-0.23714039525445837,-0.010939035596498795
UBFC_PHYS_s06_T2_test,0,3129,104.3,-0.17187157161062988,0.25379567371298684
UBFC_PHYS_s06_T2_test,0,3130,104.33333333333333,-0.07994102716679642,0.45783037442195107
UBFC_PHYS_s06_T2_test,0,3131,104.36666666666666,0.022533965667822547,0.5659488589025565
UBFC_PHYS_s06_T2_test,0,3132,104.4,0.12188105784372405,0.5720134211444269
UBFC_PHYS_s06_T2_test,0,3133,104.43333333333334,0.20658976798807602,0.49836095594714286
UBFC_PHYS_s06_T2_test,0,3134,104.46666666666667,0.26753212862191406,0.3692632431730343
UBFC_PHYS_s06_T2_test,0,3135,104.5,0.29982539796309066,0.21075040984772062
UBFC_PHYS_s06_T2_test,0,3136,104.53333333333333,0.30266330559880283,0.03999897909597405
UBFC_PHYS_s06_T2_test,0,3137,104.56666666666666,0.2767311245238683,-0.1340313966896298
UBFC_PHYS_s06_T2_test,0,3138,104.6,0.22341898769718965,-0.3084318279987055
UBFC_PHYS_s06_T2_test,0,3139,104.63333333333334,0.14685996756729697,-0.4851858894743367
UBFC_PHYS_s06_T2_test,0,3140,104.66666666666667,0.054630864332896795,-0.6420352004491102
UBFC_PHYS_s06_T2_test,0,3141,104.7,-0.044597802932697085,-0.7318614943262497
UBFC_PHYS_s06_T2_test,0,3142,104.73333333333333,-0.143089924796566,-0.70824304612145
UBFC_PHYS_s06_T2_test,0,3143,104.76666666666667,-0.23358778180912124,-0.5261589156275431
UBFC_PHYS_s06_T2_test,0,3144,104.8,-0.3073693764989581,-0.20251277083198324
UBFC_PHYS_s06_T2_test,0,3145,104.83333333333333,-0.35250640120919674,0.1830367022572903
UBFC_PHYS_s06_T2_test,0,3146,104.86666666666666,-0.35588357035982987,0.5419192535035394
UBFC_PHYS_s06_T2_test,0,3147,104.9,-0.31082677027043476,0.7764297428726686
UBFC_PHYS_s06_T2_test,0,3148,104.93333333333334,-0.22341784978818224,0.8533287041958095
UBFC_PHYS_s06_T2_test,0,3149,104.96666666666667,-0.10971484587998609,0.803110595817901
UBFC_PHYS_s06_T2_test,0,3150,105.0,0.01218003186345633,0.6624726788724913
UBFC_PHYS_s06_T2_test,0,3151,105.03333333333333,0.12667592045086504,0.4736140800396495
UBFC_PHYS_s06_T2_test,0,3152,105.06666666666666,0.2216395704256353,0.26025706224583756
UBFC_PHYS_s06_T2_test,0,3153,105.1,0.2895544905852707,0.028318836856222367
UBFC_PHYS_s06_T2_test,0,3154,105.13333333333334,0.32823433994917334,-0.2203474028130271
UBFC_PHYS_s06_T2_test,0,3155,105.16666666666667,0.33902873954131313,-0.48633852528538707
UBFC_PHYS_s06_T2_test,0,3156,105.2,0.32397660431900316,-0.7396236799113058
UBFC_PHYS_s06_T2_test,0,3157,105.23333333333333,0.2844787990993508,-0.9184980227388438
UBFC_PHYS_s06_T2_test,0,3158,105.26666666666667,0.22170028450791565,-0.9710048755836709
UBFC_PHYS_s06_T2_test,0,3159,105.3,0.13762470852404016,-0.855148006087695
UBFC_PHYS_s06_T2_test,0,3160,105.33333333333333,0.03618131573545923,-0.5748137312987369
UBFC_PHYS_s06_T2_test,0,3161,105.36666666666666,-0.07626314582779761,-0.18048962033604699
UBFC_PHYS_s06_T2_test,0,3162,105.4,-0.1914344645948775,0.2483337255306906
UBFC_PHYS_s06_T2_test,0,3163,105.43333333333334,-0.29923501991946877,0.6026250997842842
UBFC_PHYS_s06_T2_test,0,3164,105.46666666666667,-0.38626563407554837,0.8304868705059734
UBFC_PHYS_s06_T2_test,0,3165,105.5,-0.4357276609851506,0.9361109878183369
UBFC_PHYS_s06_T2_test,0,3166,105.53333333333333,-0.4329784800759734,0.9355723926789147
UBFC_PHYS_s06_T2_test,0,3167,105.56666666666666,-0.37398267911099614,0.855613472702115
UBFC_PHYS_s06_T2_test,0,3168,105.6,-0.26795997179528075,0.7035256476465217
UBFC_PHYS_s06_T2_test,0,3169,105.63333333333334,-0.13216726142470062,0.4675228723873222
UBFC_PHYS_s06_T2_test,0,3170,105.66666666666667,0.014467733937357329,0.15770467602897875
UBFC_PHYS_s06_T2_test,0,3171,105.7,0.15445196057704486,-0.1925283477878187
UBFC_PHYS_s06_T2_test,0,3172,105.73333333333333,0.27331834088289947,-0.539423346041581
UBFC_PHYS_s06_T2_test,0,3173,105.76666666666667,0.36115784148627916,-0.8276099186196981
UBFC_PHYS_s06_T2_test,0,3174,105.8,0.4128962458618371,-1.0159520695548798
UBFC_PHYS_s06_T2_test,0,3175,105.83333333333333,0.427025641557131,-1.0766560690508034
UBFC_PHYS_s06_T2_test,0,3176,105.86666666666666,0.40392125331059003,-0.9948583212934083
UBFC_PHYS_s06_T2_test,0,3177,105.9,0.3446107326700954,-0.7686137064305328
UBFC_PHYS_s06_T2_test,0,3178,105.93333333333334,0.250935157103515,-0.42330146643625255
UBFC_PHYS_s06_T2_test,0,3179,105.96666666666667,0.12740603838258427,-0.012518348186720415
UBFC_PHYS_s06_T2_test,0,3180,106.0,-0.017142578263617966,0.3798695985405274
UBFC_PHYS_s06_T2_test,0,3181,106.03333333333333,-0.170081998682825,0.6391905270784436
UBFC_PHYS_s06_T2_test,0,3182,106.06666666666666,-0.31668528739586643,0.7448540898650469
UBFC_PHYS_s06_T2_test,0,3183,106.1,-0.44049637175878975,0.7690752633375204
UBFC_PHYS_s06_T2_test,0,3184,106.13333333333334,-0.5230171511815938,0.7402475704321698
UBFC_PHYS_s06_T2_test,0,3185,106.16666666666667,-0.5470006756247509,0.6419421889680488
UBFC_PHYS_s06_T2_test,0,3186,106.2,-0.5041855460993738,0.46462967114791065
UBFC_PHYS_s06_T2_test,0,3187,106.23333333333333,-0.4007313878992904,0.20665370466269736
UBFC_PHYS_s06_T2_test,0,3188,106.26666666666667,-0.2546197427044037,-0.10194605705532571
UBFC_PHYS_s06_T2_test,0,3189,106.3,-0.08842691356345078,-0.3984517567337775
UBFC_PHYS_s06_T2_test,0,3190,106.33333333333333,0.07627133107988941,-0.6172911149592403
UBFC_PHYS_s06_T2_test,0,3191,106.36666666666666,0.22204215056500642,-0.6897999971364805
UBFC_PHYS_s06_T2_test,0,3192,106.4,0.33768677870805897,-0.5988664116810698
UBFC_PHYS_s06_T2_test,0,3193,106.43333333333334,0.41818831592518957,-0.3789010770448027
UBFC_PHYS_s06_T2_test,0,3194,106.46666666666667,0.4617226639768691,-0.07394278380464708
UBFC_PHYS_s06_T2_test,0,3195,106.5,0.46641898437007046,0.2620368516057493
UBFC_PHYS_s06_T2_test,0,3196,106.53333333333333,0.43065280794447025,0.5483789111695613
UBFC_PHYS_s06_T2_test,0,3197,106.56666666666666,0.35641642333620627,0.6776555525941194
UBFC_PHYS_s06_T2_test,0,3198,106.6,0.2507644022768487,0.610216278351508
UBFC_PHYS_s06_T2_test,0,3199,106.63333333333334,0.12319433250981673,0.3744053610733814
UBFC_PHYS_s06_T2_test,0,3200,106.66666666666667,-0.016249726177863556,0.038100375441131346
UBFC_PHYS_s06_T2_test,0,3201,106.7,-0.15423479114260125,-0.29155307706267786
UBFC_PHYS_s06_T2_test,0,3202,106.73333333333333,-0.2716152471950631,-0.5506097330997725
UBFC_PHYS_s06_T2_test,0,3203,106.76666666666667,-0.34798212617495194,-0.7178059394607096
UBFC_PHYS_s06_T2_test,0,3204,106.8,-0.3712287061658446,-0.7771846079712865
UBFC_PHYS_s06_T2_test,0,3205,106.83333333333333,-0.34384934161020075,-0.7173604347463807
UBFC_PHYS_s06_T2_test,0,3206,106.86666666666666,-0.28115528953480184,-0.5462387638967098
UBFC_PHYS_s06_T2_test,0,3207,106.9,-0.2031103765279508,-0.29122210667908544
UBFC_PHYS_s06_T2_test,0,3208,106.93333333333334,-0.12550461449452768,0.0205033304200586
UBFC_PHYS_s06_T2_test,0,3209,106.96666666666667,-0.05534963141225261,0.36091786700237666
UBFC_PHYS_s06_T2_test,0,3210,107.0,0.009109886458878051,0.6942694616222609
UBFC_PHYS_s06_T2_test,0,3211,107.03333333333333,0.07455730216395187,0.9756620670340099
UBFC_PHYS_s06_T2_test,0,3212,107.06666666666666,0.1451069502985862,1.1543253272257912
UBFC_PHYS_s06_T2_test,0,3213,107.1,0.21543151766155294,1.1730649261395358
UBFC_PHYS_s06_T2_test,0,3214,107.13333333333334,0.27060182358374973,1.00986737861238
UBFC_PHYS_s06_T2_test,0,3215,107.16666666666667,0.2925469402179546,0.6784114544229444
UBFC_PHYS_s06_T2_test,0,3216,107.2,0.2681759168138995,0.23090162288484323
UBFC_PHYS_s06_T2_test,0,3217,107.23333333333333,0.19549171394265882,-0.241043854263022
UBFC_PHYS_s06_T2_test,0,3218,107.26666666666667,0.08594920882772261,-0.6674361022551957
UBFC_PHYS_s06_T2_test,0,3219,107.3,-0.03766812008318224,-0.9985324784569908
UBFC_PHYS_s06_T2_test,0,3220,107.33333333333333,-0.1468025363183807,-1.2085809546775559
UBFC_PHYS_s06_T2_test,0,3221,107.36666666666666,-0.21453230788087374,-1.2941768481953393
UBFC_PHYS_s06_T2_test,0,3222,107.4,-0.2238218427368198,-1.2558414415288173
UBFC_PHYS_s06_T2_test,0,3223,107.43333333333334,-0.17369094210644115,-1.0973903915796355
UBFC_PHYS_s06_T2_test,0,3224,107.46666666666667,-0.07863474932490361,-0.813524913691391
UBFC_PHYS_s06_T2_test,0,3225,107.5,0.03908896351398911,-0.3911269205124112
UBFC_PHYS_s06_T2_test,0,3226,107.53333333333333,0.15821171067980544,0.12965958304478
UBFC_PHYS_s06_T2_test,0,3227,107.56666666666666,0.2625133328025247,0.6535440353307699
UBFC_PHYS_s06_T2_test,0,3228,107.6,0.34008859996630025,1.0899244903355472
UBFC_PHYS_s06_T2_test,0,3229,107.63333333333334,0.3806768209978365,1.3517282646931206
UBFC_PHYS_s06_T2_test,0,3230,107.66666666666667,0.3744321230536012,1.4087962992840632
UBFC_PHYS_s06_T2_test,0,3231,107.7,0.31483445375094815,1.2868651076038955
UBFC_PHYS_s06_T2_test,0,3232,107.73333333333333,0.20328785943183286,1.0213883319305463
UBFC_PHYS_s06_T2_test,0,3233,107.76666666666667,0.04959230772052405,0.6573863053641166
UBFC_PHYS_s06_T2_test,0,3234,107.8,-0.13147763176395444,0.23983190254143721
UBFC_PHYS_s06_T2_test,0,3235,107.83333333333333,-0.3213161616849131,-0.18503167893510233
UBFC_PHYS_s06_T2_test,0,3236,107.86666666666666,-0.4952550201668886,-0.5721126603926997
UBFC_PHYS_s06_T2_test,0,3237,107.9,-0.6243002150866597,-0.8757162132078615
UBFC_PHYS_s06_T2_test,0,3238,107.93333333333334,-0.6855720096751703,-1.0764683499420051
UBFC_PHYS_s06_T2_test,0,3239,107.96666666666667,-0.6741365990934448,-1.1796911385709845
UBFC_PHYS_s06_T2_test,0,3240,108.0,-0.604381128324035,-1.1810029528985302
UBFC_PHYS_s06_T2_test,0,3241,108.03333333333333,-0.4991901038767649,-1.0657040487541614
UBFC_PHYS_s06_T2_test,0,3242,108.06666666666666,-0.37751739061771955,-0.8193714867028135
UBFC_PHYS_s06_T2_test,0,3243,108.1,-0.25095500410837746,-0.4291077697768966
UBFC_PHYS_s06_T2_test,0,3244,108.13333333333334,-0.12773965927522532,0.06607932365303082
UBFC_PHYS_s06_T2_test,0,3245,108.16666666666667,-0.014923442237344008,0.5735914311381123
UBFC_PHYS_s06_T2_test,0,3246,108.2,0.08292822846460819,0.996618457509352
UBFC_PHYS_s06_T2_test,0,3247,108.23333333333333,0.16284231011120806,1.233277487729921
UBFC_PHYS_s06_T2_test,0,3248,108.26666666666667,0.2218003665196099,1.2589142480825686
UBFC_PHYS_s06_T2_test,0,3249,108.3,0.25897903177892845,1.1251083892861302
UBFC_PHYS_s06_T2_test,0,3250,108.33333333333333,0.27706292521517684,0.8762531182103538
UBFC_PHYS_s06_T2_test,0,3251,108.36666666666666,0.28019511444832296,0.5492333297684246
UBFC_PHYS_s06_T2_test,0,3252,108.4,0.27567197304182256,0.1826330520233983
UBFC_PHYS_s06_T2_test,0,3253,108.43333333333334,0.2769831428497481,-0.18202724116452335
UBFC_PHYS_s06_T2_test,0,3254,108.46666666666667,0.2982039824572888,-0.5089388186155556
UBFC_PHYS_s06_T2_test,0,3255,108.5,0.3446049303857186,-0.7664136172014224
UBFC_PHYS_s06_T2_test,0,3256,108.53333333333333,0.41015033414007585,-0.9413093076480407
UBFC_PHYS_s06_T2_test,0,3257,108.56666666666666,0.47908596198503955,-1.037554034337391
UBFC_PHYS_s06_T2_test,0,3258,108.6,0.5281074109074062,-1.0364864000464364
UBFC_PHYS_s06_T2_test,0,3259,108.63333333333334,0.5348920950835175,-0.8966992114133854
UBFC_PHYS_s06_T2_test,0,3260,108.66666666666667,0.4912010401698717,-0.604451499249145
UBFC_PHYS_s06_T2_test,0,3261,108.7,0.40761801108202406,-0.17506769972724404
UBFC_PHYS_s06_T2_test,0,3262,108.73333333333333,0.30456337638160885,0.31151475331427547
UBFC_PHYS_s06_T2_test,0,3263,108.76666666666667,0.19809713497713047,0.7099657507786233
UBFC_PHYS_s06_T2_test,0,3264,108.8,0.09244049683514993,0.9476223349772341
UBFC_PHYS_s06_T2_test,0,3265,108.83333333333333,-0.016050823962737784,1.023720527935653
UBFC_PHYS_s06_T2_test,0,3266,108.86666666666666,-0.1304513262674504,0.955001003079342
UBFC_PHYS_s06_T2_test,0,3267,108.9,-0.24976560508130657,0.7746780268732856
UBFC_PHYS_s06_T2_test,0,3268,108.93333333333334,-0.3686936802290459,0.5139436309963763
UBFC_PHYS_s06_T2_test,0,3269,108.96666666666667,-0.47491774227428607,0.20236220340052935
UBFC_PHYS_s06_T2_test,0,3270,109.0,-0.5485811033361062,-0.12646595141900627
UBFC_PHYS_s06_T2_test,0,3271,109.03333333333333,-0.5716410895092346,-0.4336351191594564
UBFC_PHYS_s06_T2_test,0,3272,109.06666666666666,-0.5405749362901171,-0.6843193523306712
UBFC_PHYS_s06_T2_test,0,3273,109.1,-0.46745905368755913,-0.8465690430616172
UBFC_PHYS_s06_T2_test,0,3274,109.13333333333334,-0.36894056133892883,-0.9065544237601934
UBFC_PHYS_s06_T2_test,0,3275,109.16666666666667,-0.25884884458168383,-0.8677980217187541
UBFC_PHYS_s06_T2_test,0,3276,109.2,-0.15118138876360862,-0.731542159763298
UBFC_PHYS_s06_T2_test,0,3277,109.23333333333333,-0.06090874018641685,-0.49699141704201366
UBFC_PHYS_s06_T2_test,0,3278,109.26666666666667,0.003697012785704421,-0.17323745792042305
UBFC_PHYS_s06_T2_test,0,3279,109.3,0.04379165170439564,0.21931884400899068
UBFC_PHYS_s06_T2_test,0,3280,109.33333333333333,0.0624038006116453,0.6229350794407682
UBFC_PHYS_s06_T2_test,0,3281,109.36666666666666,0.06032405823889656,0.9413749552307864
UBFC_PHYS_s06_T2_test,0,3282,109.4,0.039859430395106976,1.1134776064190601
UBFC_PHYS_s06_T2_test,0,3283,109.43333333333334,0.006462512100919041,1.1126389654850475
UBFC_PHYS_s06_T2_test,0,3284,109.46666666666667,-0.03281134050157742,0.9520773367893021
UBFC_PHYS_s06_T2_test,0,3285,109.5,-0.06793336827975979,0.6844662916915312
UBFC_PHYS_s06_T2_test,0,3286,109.53333333333333,-0.08491082997778032,0.35371703372194746
UBFC_PHYS_s06_T2_test,0,3287,109.56666666666666,-0.07122909240149895,-0.004355277304302067
UBFC_PHYS_s06_T2_test,0,3288,109.6,-0.02361016436196224,-0.35410869494084546
UBFC_PHYS_s06_T2_test,0,3289,109.63333333333334,0.05037478701188758,-0.6585189180590255
UBFC_PHYS_s06_T2_test,0,3290,109.66666666666667,0.13775825166222297,-0.8929230926698386
UBFC_PHYS_s06_T2_test,0,3291,109.7,0.22519610026035217,-1.043534636008321
UBFC_PHYS_s06_T2_test,0,3292,109.73333333333333,0.2986865366777774,-1.094926773933117
UBFC_PHYS_s06_T2_test,0,3293,109.76666666666667,0.3435512258357888,-1.02939001855749
UBFC_PHYS_s06_T2_test,0,3294,109.8,0.3497771712396601,-0.8454425384156508
UBFC_PHYS_s06_T2_test,0,3295,109.83333333333333,0.31660172710381734,-0.5583433297959915
UBFC_PHYS_s06_T2_test,0,3296,109.86666666666666,0.2505030445710994,-0.18950836848537994
UBFC_PHYS_s06_T2_test,0,3297,109.9,0.16062090156915765,0.23204125426035196
UBFC_PHYS_s06_T2_test,0,3298,109.93333333333334,0.055742533854278964,0.6510152942824045
UBFC_PHYS_s06_T2_test,0,3299,109.96666666666667,-0.05750579830845573,0.9844160877972374
UBFC_PHYS_s06_T2_test,0,3300,110.0,-0.1739994586931745,1.1786745135599639
UBFC_PHYS_s06_T2_test,0,3301,110.03333333333333,-0.285624385447018,1.2087964367855413
UBFC_PHYS_s06_T2_test,0,3302,110.06666666666666,-0.3770449799659739,1.075814161560861
UBFC_PHYS_s06_T2_test,0,3303,110.1,-0.4275865812357966,0.8065395334205694
UBFC_PHYS_s06_T2_test,0,3304,110.13333333333334,-0.4199206895267723,0.43856267617513833
UBFC_PHYS_s06_T2_test,0,3305,110.16666666666667,-0.3499476259721084,0.02110458099504027
UBFC_PHYS_s06_T2_test,0,3306,110.2,-0.2296211596385035,-0.3917009444178545
UBFC_PHYS_s06_T2_test,0,3307,110.23333333333333,-0.08010037916087226,-0.7393644570823377
UBFC_PHYS_s06_T2_test,0,3308,110.26666666666667,0.07759825437579118,-0.982612075603148
UBFC_PHYS_s06_T2_test,0,3309,110.3,0.22664628826639804,-1.1020138580488155
UBFC_PHYS_s06_T2_test,0,3310,110.33333333333333,0.3533955065822183,-1.0835861690413284
UBFC_PHYS_s06_T2_test,0,3311,110.36666666666666,0.44591284341786114,-0.918330107513954
UBFC_PHYS_s06_T2_test,0,3312,110.4,0.4950279163522803,-0.6151502198257438
UBFC_PHYS_s06_T2_test,0,3313,110.43333333333334,0.49740226318802744,-0.20177778844553101
UBFC_PHYS_s06_T2_test,0,3314,110.46666666666667,0.4569024940627223,0.26451725198434517
UBFC_PHYS_s06_T2_test,0,3315,110.5,0.381644411985276,0.6956153542710135
UBFC_PHYS_s06_T2_test,0,3316,110.53333333333333,0.2785004102932481,1.0183529896795023
UBFC_PHYS_s06_T2_test,0,3317,110.56666666666666,0.1500360632614551,1.1735426289101438
UBFC_PHYS_s06_T2_test,0,3318,110.6,-0.0008034381937218286,1.1515706515156396
UBFC_PHYS_s06_T2_test,0,3319,110.63333333333334,-0.16113266518440725,0.9915666687250909
UBFC_PHYS_s06_T2_test,0,3320,110.66666666666667,-0.30716944426742193,0.721678768513262
UBFC_PHYS_s06_T2_test,0,3321,110.7,-0.4164874191735743,0.3594174305897905
UBFC_PHYS_s06_T2_test,0,3322,110.73333333333333,-0.47885702881681164,-0.05573987488886232
UBFC_PHYS_s06_T2_test,0,3323,110.76666666666667,-0.49516680970548343,-0.46088020216965186
UBFC_PHYS_s06_T2_test,0,3324,110.8,-0.47202005442110156,-0.8143056401530409
UBFC_PHYS_s06_T2_test,0,3325,110.83333333333333,-0.4185571069241688,-1.0938245863071965
UBFC_PHYS_s06_T2_test,0,3326,110.86666666666666,-0.34266818903430507,-1.2733024878677526
UBFC_PHYS_s06_T2_test,0,3327,110.9,-0.2480150208949465,-1.3214130218236988
UBFC_PHYS_s06_T2_test,0,3328,110.93333333333334,-0.1367688441328798,-1.2051953571490506
UBFC_PHYS_s06_T2_test,0,3329,110.96666666666667,-0.014967909605417407,-0.8906710961092855
UBFC_PHYS_s06_T2_test,0,3330,111.0,0.10622415036797384,-0.408063749213144
UBFC_PHYS_s06_T2_test,0,3331,111.03333333333333,0.2132320999153215,0.1467960500644701
UBFC_PHYS_s06_T2_test,0,3332,111.06666666666666,0.2925808817618884,0.6627677511908732
UBFC_PHYS_s06_T2_test,0,3333,111.1,0.33285206420862223,1.0125988427102357
UBFC_PHYS_s06_T2_test,0,3334,111.13333333333334,0.3286562610973309,1.1690436342616257
UBFC_PHYS_s06_T2_test,0,3335,111.16666666666667,0.2861284612391798,1.2031135911412412
UBFC_PHYS_s06_T2_test,0,3336,111.2,0.2247401137175117,1.1379398412014987
UBFC_PHYS_s06_T2_test,0,3337,111.23333333333333,0.1709972817593991,0.9478401107591954
UBFC_PHYS_s06_T2_test,0,3338,111.26666666666667,0.14669360964305464,0.6440670266299338
UBFC_PHYS_s06_T2_test,0,3339,111.3,0.15960074723223286,0.2758311823750311
UBFC_PHYS_s06_T2_test,0,3340,111.33333333333333,0.20180287217672843,-0.11238692638275498
UBFC_PHYS_s06_T2_test,0,3341,111.36666666666666,0.2551437394495488,-0.47948832941526914
UBFC_PHYS_s06_T2_test,0,3342,111.4,0.30006363172218464,-0.7840530983656158
UBFC_PHYS_s06_T2_test,0,3343,111.43333333333334,0.32208526789950964,-0.9829094556494321
UBFC_PHYS_s06_T2_test,0,3344,111.46666666666667,0.3114052314306925,-1.043112247047727
UBFC_PHYS_s06_T2_test,0,3345,111.5,0.2594057137432553,-0.9414756467432093
UBFC_PHYS_s06_T2_test,0,3346,111.53333333333333,0.16079752454891,-0.6916148291517077
UBFC_PHYS_s06_T2_test,0,3347,111.56666666666666,0.01889523015998825,-0.3442955949264086
UBFC_PHYS_s06_T2_test,0,3348,111.6,-0.15772335698900664,0.025080158440350234
UBFC_PHYS_s06_T2_test,0,3349,111.63333333333334,-0.3638868727318885,0.3161389171684085
UBFC_PHYS_s06_T2_test,0,3350,111.66666666666667,-0.5946243735285036,0.48640849518577245
UBFC_PHYS_s06_T2_test,0,3351,111.7,-0.8308793998357915,0.5504334987314873
UBFC_PHYS_s06_T2_test,0,3352,111.73333333333333,-1.036719094501345,0.5152680381503385
UBFC_PHYS_s06_T2_test,0,3353,111.76666666666667,-1.1739827253946173,0.3797908752377798
UBFC_PHYS_s06_T2_test,0,3354,111.8,-1.2100220906886576,0.16421087971122578
UBFC_PHYS_s06_T2_test,0,3355,111.83333333333333,-1.1081939549194948,-0.08956448242185353
UBFC_PHYS_s06_T2_test,0,3356,111.86666666666666,-0.8320233330973983,-0.32750365596703884
UBFC_PHYS_s06_T2_test,0,3357,111.9,-0.38843942505093554,-0.48320397050333247
UBFC_PHYS_s06_T2_test,0,3358,111.93333333333334,0.12244112737476348,-0.5140288619060345
UBFC_PHYS_s06_T2_test,0,3359,111.96666666666667,0.5217637434818522,-0.40122807908596825
UBFC_PHYS_s06_T2_test,0,3360,112.0,0.6599743249909724,-0.1504483623082265
UBFC_PHYS_s06_T2_test,0,3361,112.03333333333333,0.5398857763986401,0.2076227229088719
UBFC_PHYS_s06_T2_test,0,3362,112.06666666666666,0.3182683449347594,0.6087901804570806
UBFC_PHYS_s06_T2_test,0,3363,112.1,0.17064900411721706,0.9546484244093927
UBFC_PHYS_s06_T2_test,0,3364,112.13333333333334,0.17027132806446282,1.1756914693578961
UBFC_PHYS_s06_T2_test,0,3365,112.16666666666667,0.28580242777201426,1.2308630625209516
UBFC_PHYS_s06_T2_test,0,3366,112.2,0.4460187128804486,1.1116197946042425
UBFC_PHYS_s06_T2_test,0,3367,112.23333333333333,0.5951801307699189,0.8418198963787799
UBFC_PHYS_s06_T2_test,0,3368,112.26666666666667,0.7189555365683231,0.45395099564884805
UBFC_PHYS_s06_T2_test,0,3369,112.3,0.8302099733467065,-0.009826479536696978
UBFC_PHYS_s06_T2_test,0,3370,112.33333333333333,0.9218408221134992,-0.5005599498337119
UBFC_PHYS_s06_T2_test,0,3371,112.36666666666666,0.9453127245324044,-0.9605445738780211
UBFC_PHYS_s06_T2_test,0,3372,112.4,0.8536273838615341,-1.333611234458822
UBFC_PHYS_s06_T2_test,0,3373,112.43333333333334,0.6607172738897606,-1.5634088235220802
UBFC_PHYS_s06_T2_test,0,3374,112.46666666666667,0.44093226868476404,-1.6168933019457068
UBFC_PHYS_s06_T2_test,0,3375,112.5,0.2670885427216224,-1.4836076153682276
UBFC_PHYS_s06_T2_test,0,3376,112.53333333333333,0.1621757857123844,-1.1783527036043222
UBFC_PHYS_s06_T2_test,0,3377,112.56666666666666,0.1090885989974694,-0.7417083754253111
UBFC_PHYS_s06_T2_test,0,3378,112.6,0.08103421296388497,-0.22985842590064876
UBFC_PHYS_s06_T2_test,0,3379,112.63333333333334,0.05275549399939844,0.28389116208594084
UBFC_PHYS_s06_T2_test,0,3380,112.66666666666667,0.0022868663702631242,0.7490395825355081
UBFC_PHYS_s06_T2_test,0,3381,112.7,-0.08562563425032557,1.1356470931838885
UBFC_PHYS_s06_T2_test,0,3382,112.73333333333333,-0.22048904245891934,1.3964188142143723
UBFC_PHYS_s06_T2_test,0,3383,112.76666666666667,-0.4040510539478438,1.465277396590873
UBFC_PHYS_s06_T2_test,0,3384,112.8,-0.6185195139706102,1.3303042406003474
UBFC_PHYS_s06_T2_test,0,3385,112.83333333333333,-0.8245671218509096,1.0335743912846977
UBFC_PHYS_s06_T2_test,0,3386,112.86666666666666,-0.9824321926029144,0.6137644509557939
UBFC_PHYS_s06_T2_test,0,3387,112.9,-1.0740506552996272,0.10715686180685144
UBFC_PHYS_s06_T2_test,0,3388,112.93333333333334,-1.1023592816752816,-0.4189153017567252
UBFC_PHYS_s06_T2_test,0,3389,112.96666666666667,-1.0752272348935903,-0.8643795424093274
UBFC_PHYS_s06_T2_test,0,3390,113.0,-0.9953239840301156,-1.164833125408249
UBFC_PHYS_s06_T2_test,0,3391,113.03333333333333,-0.8620588665091914,-1.2902053458819198
UBFC_PHYS_s06_T2_test,0,3392,113.06666666666666,-0.6771534109541772,-1.2184685113506442
UBFC_PHYS_s06_T2_test,0,3393,113.1,-0.4487416115575295,-0.935373798693816
UBFC_PHYS_s06_T2_test,0,3394,113.13333333333334,-0.19489983781709902,-0.4874518396279067
UBFC_PHYS_s06_T2_test,0,3395,113.16666666666667,0.05748077209278256,0.017297750968117795
UBFC_PHYS_s06_T2_test,0,3396,113.2,0.2818710276812072,0.4922795582636968
UBFC_PHYS_s06_T2_test,0,3397,113.23333333333333,0.4593445651066659,0.8711785911808415
UBFC_PHYS_s06_T2_test,0,3398,113.26666666666667,0.576221416308614,1.1161581543873886
UBFC_PHYS_s06_T2_test,0,3399,113.3,0.6231452766593459,1.216236433824936
UBFC_PHYS_s06_T2_test,0,3400,113.33333333333333,0.6026290122101691,1.1669097956125853
UBFC_PHYS_s06_T2_test,0,3401,113.36666666666666,0.5322057198568645,0.969573197379706
UBFC_PHYS_s06_T2_test,0,3402,113.4,0.4342881176617506,0.6420645601084173
UBFC_PHYS_s06_T2_test,0,3403,113.43333333333334,0.32241404262651036,0.2195793278812292
UBFC_PHYS_s06_T2_test,0,3404,113.46666666666667,0.20060529046561915,-0.24434031735046763
UBFC_PHYS_s06_T2_test,0,3405,113.5,0.08216066580196871,-0.6763023897874368
UBFC_PHYS_s06_T2_test,0,3406,113.53333333333333,0.0061830963249023055,-1.0192615632332123
UBFC_PHYS_s06_T2_test,0,3407,113.56666666666666,0.02018252106036499,-1.2310503777261332
UBFC_PHYS_s06_T2_test,0,3408,113.6,0.13877061295878704,-1.2829584897011979
UBFC_PHYS_s06_T2_test,0,3409,113.63333333333334,0.3233111341882942,-1.1590313964249783
UBFC_PHYS_s06_T2_test,0,3410,113.66666666666667,0.5017622780281087,-0.8717073763029541
UBFC_PHYS_s06_T2_test,0,3411,113.7,0.6096277240920579,-0.4623450133816248
UBFC_PHYS_s06_T2_test,0,3412,113.73333333333333,0.621967855983445,-0.0034355284518151202
UBFC_PHYS_s06_T2_test,0,3413,113.76666666666667,0.5546068703134072,0.4005466801291618
UBFC_PHYS_s06_T2_test,0,3414,113.8,0.43850833085530233,0.7017529147668352
UBFC_PHYS_s06_T2_test,0,3415,113.83333333333333,0.29654015923778876,0.9074343268574313
UBFC_PHYS_s06_T2_test,0,3416,113.86666666666666,0.14178844491620765,1.0197109666652964
UBFC_PHYS_s06_T2_test,0,3417,113.9,-0.013652520317226781,1.0340282918399963
UBFC_PHYS_s06_T2_test,0,3418,113.93333333333334,-0.1560835596946551,0.9487537655984392
UBFC_PHYS_s06_T2_test,0,3419,113.96666666666667,-0.27411264802949376,0.7651173155342241
UBFC_PHYS_s06_T2_test,0,3420,114.0,-0.36171335407710675,0.48625415181997667
UBFC_PHYS_s06_T2_test,0,3421,114.03333333333333,-0.41676941171078685,0.11843158255003895
UBFC_PHYS_s06_T2_test,0,3422,114.06666666666666,-0.43618809081601445,-0.3000801577919784
UBFC_PHYS_s06_T2_test,0,3423,114.1,-0.4153495832400337,-0.6974707913809329
UBFC_PHYS_s06_T2_test,0,3424,114.13333333333334,-0.3571379421271048,-1.0032872882079724
UBFC_PHYS_s06_T2_test,0,3425,114.16666666666667,-0.2790893887438541,-1.1476135361697322
UBFC_PHYS_s06_T2_test,0,3426,114.2,-0.2066002373388468,-1.1080063620672707
UBFC_PHYS_s06_T2_test,0,3427,114.23333333333333,-0.15963498275606425,-0.9091106878974167
UBFC_PHYS_s06_T2_test,0,3428,114.26666666666667,-0.14465980248720772,-0.5923901023528739
UBFC_PHYS_s06_T2_test,0,3429,114.3,-0.15389342396866135,-0.21636705186203545
UBFC_PHYS_s06_T2_test,0,3430,114.33333333333333,-0.17234891053512327,0.15707543667609697
UBFC_PHYS_s06_T2_test,0,3431,114.36666666666666,-0.18848370004210233,0.4617672366219916
UBFC_PHYS_s06_T2_test,0,3432,114.4,-0.19732877678980293,0.6687265446335043
UBFC_PHYS_s06_T2_test,0,3433,114.43333333333334,-0.19721472732566953,0.7847949216492359
UBFC_PHYS_s06_T2_test,0,3434,114.46666666666667,-0.19195051338614907,0.823063192184113
UBFC_PHYS_s06_T2_test,0,3435,114.5,-0.19378853860074086,0.8016486176199225
UBFC_PHYS_s06_T2_test,0,3436,114.53333333333333,-0.21362294813324295,0.7183361233260611
UBFC_PHYS_s06_T2_test,0,3437,114.56666666666666,-0.24774728918878425,0.5507871201421023
UBFC_PHYS_s06_T2_test,0,3438,114.6,-0.27840748871786847,0.28892648086649636
UBFC_PHYS_s06_T2_test,0,3439,114.63333333333334,-0.28215956863461517,-0.06356918817549899
UBFC_PHYS_s06_T2_test,0,3440,114.66666666666667,-0.23499644418574503,-0.44802150802343915
UBFC_PHYS_s06_T2_test,0,3441,114.7,-0.11750740190467812,-0.7499136785644603
UBFC_PHYS_s06_T2_test,0,3442,114.73333333333333,0.07767616904033907,-0.9112258832906313
UBFC_PHYS_s06_T2_test,0,3443,114.76666666666667,0.338342632803103,-0.9299414080388418
UBFC_PHYS_s06_T2_test,0,3444,114.8,0.6246029078565493,-0.8117809469607931
UBFC_PHYS_s06_T2_test,0,3445,114.83333333333333,0.869279439735348,-0.5699028222354221
UBFC_PHYS_s06_T2_test,0,3446,114.86666666666666,1.001744684501143,-0.23932835292077748
UBFC_PHYS_s06_T2_test,0,3447,114.9,0.9856132206117713,0.12233329112641658
UBFC_PHYS_s06_T2_test,0,3448,114.93333333333334,0.8377092556573014,0.460867384056379
UBFC_PHYS_s06_T2_test,0,3449,114.96666666666667,0.6117404255929871,0.7244237669812245
UBFC_PHYS_s06_T2_test,0,3450,115.0,0.3644068516336748,0.8820392274187492
UBFC_PHYS_s06_T2_test,0,3451,115.03333333333333,0.13329976220290524,0.922643954389413
UBFC_PHYS_s06_T2_test,0,3452,115.06666666666666,-0.06333082636610167,0.8518391310065025
UBFC_PHYS_s06_T2_test,0,3453,115.1,-0.21815693740298137,0.6914529321749361
UBFC_PHYS_s06_T2_test,0,3454,115.13333333333334,-0.3302130694862179,0.46709442867932455
UBFC_PHYS_s06_T2_test,0,3455,115.16666666666667,-0.4020548814832315,0.20857868776937938
UBFC_PHYS_s06_T2_test,0,3456,115.2,-0.436362723919546,-0.06885092639808538
UBFC_PHYS_s06_T2_test,0,3457,115.23333333333333,-0.436102502452016,-0.36309339869682244
UBFC_PHYS_s06_T2_test,0,3458,115.26666666666667,-0.4066108142211637,-0.6480295477692557
UBFC_PHYS_s06_T2_test,0,3459,115.3,-0.35442403950944246,-0.8721522463699998
UBFC_PHYS_s06_T2_test,0,3460,115.33333333333333,-0.2860912862629339,-0.9911709353813021
UBFC_PHYS_s06_T2_test,0,3461,115.36666666666666,-0.21046330841535185,-0.9676748556134112
UBFC_PHYS_s06_T2_test,0,3462,115.4,-0.13811310652737474,-0.8075828098103256
UBFC_PHYS_s06_T2_test,0,3463,115.43333333333334,-0.07543339827553056,-0.5601443891837501
UBFC_PHYS_s06_T2_test,0,3464,115.46666666666667,-0.02246071215022981,-0.27829493244823117
UBFC_PHYS_s06_T2_test,0,3465,115.5,0.02182981325208169,-0.018917345368006967
UBFC_PHYS_s06_T2_test,0,3466,115.53333333333333,0.05491060562719963,0.1911730699809193
UBFC_PHYS_s06_T2_test,0,3467,115.56666666666666,0.07195984753526058,0.35412088273193554
UBFC_PHYS_s06_T2_test,0,3468,115.6,0.0691016123553944,0.4730557171384736
UBFC_PHYS_s06_T2_test,0,3469,115.63333333333334,0.04525160723355816,0.5508093726688896
UBFC_PHYS_s06_T2_test,0,3470,115.66666666666667,0.0040324282745722514,0.5954248830454526
UBFC_PHYS_s06_T2_test,0,3471,115.7,-0.04413692934170481,0.6193439148826272
UBFC_PHYS_s06_T2_test,0,3472,115.73333333333333,-0.08400012944153895,0.6106541641865681
UBFC_PHYS_s06_T2_test,0,3473,115.76666666666667,-0.10319690950883822,0.5332422278152642
UBFC_PHYS_s06_T2_test,0,3474,115.8,-0.09918900090836083,0.36834742510096447
UBFC_PHYS_s06_T2_test,0,3475,115.83333333333333,-0.07818547108844753,0.11564399851786042
UBFC_PHYS_s06_T2_test,0,3476,115.86666666666666,-0.04869324197220733,-0.18885616636000452
UBFC_PHYS_s06_T2_test,0,3477,115.9,-0.01711063842086277,-0.4720382703353664
UBFC_PHYS_s06_T2_test,0,3478,115.93333333333334,0.012718647345659606,-0.6651381375104305
UBFC_PHYS_s06_T2_test,0,3479,115.96666666666667,0.03852939496166855,-0.703699185632953
UBFC_PHYS_s06_T2_test,0,3480,116.0,0.05857516890081614,-0.5953744680867723
UBFC_PHYS_s06_T2_test,0,3481,116.03333333333333,0.07064854502470079,-0.41943394163578795
UBFC_PHYS_s06_T2_test,0,3482,116.06666666666666,0.07236948396804649,-0.22789970454271363
UBFC_PHYS_s06_T2_test,0,3483,116.1,0.06321079803285876,-0.04531175233191837
UBFC_PHYS_s06_T2_test,0,3484,116.13333333333334,0.045890203801833535,0.11463160114106427
UBFC_PHYS_s06_T2_test,0,3485,116.16666666666667,0.02506624890425333,0.24815737482246242
UBFC_PHYS_s06_T2_test,0,3486,116.2,0.0051819833606491575,0.36683260242277044
UBFC_PHYS_s06_T2_test,0,3487,116.23333333333333,-0.009579027611958299,0.4962748381745729
UBFC_PHYS_s06_T2_test,0,3488,116.26666666666667,-0.013847810750525498,0.61666956448518
UBFC_PHYS_s06_T2_test,0,3489,116.3,-0.0015281345165249205,0.6624193579121466
UBFC_PHYS_s06_T2_test,0,3490,116.33333333333333,0.03032671825561891,0.6061623824594754
UBFC_PHYS_s06_T2_test,0,3491,116.36666666666666,0.07718110556076961,0.45924489815087355
UBFC_PHYS_s06_T2_test,0,3492,116.4,0.12716989215119973,0.23178444859597697
UBFC_PHYS_s06_T2_test,0,3493,116.43333333333334,0.16634193067187103,-0.06655173906265996
UBFC_PHYS_s06_T2_test,0,3494,116.46666666666667,0.18398927976241267,-0.39797219474281326
UBFC_PHYS_s06_T2_test,0,3495,116.5,0.1750338667451245,-0.6954928011631684
UBFC_PHYS_s06_T2_test,0,3496,116.53333333333333,0.14109539546342784,-0.8933922086493365
UBFC_PHYS_s06_T2_test,0,3497,116.56666666666666,0.08976113487720827,-0.9269547966552598
UBFC_PHYS_s06_T2_test,0,3498,116.6,0.030283233838285448,-0.7836600516418576
UBFC_PHYS_s06_T2_test,0,3499,116.63333333333334,-0.03063307643910596,-0.5032873874201921
UBFC_PHYS_s06_T2_test,0,3500,116.66666666666667,-0.08874099071302814,-0.16245630168895245
UBFC_PHYS_s06_T2_test,0,3501,116.7,-0.14004718966079113,0.12558380572935712
UBFC_PHYS_s06_T2_test,0,3502,116.73333333333333,-0.17981833331255676,0.3286011170566403
UBFC_PHYS_s06_T2_test,0,3503,116.76666666666667,-0.20228545955442015,0.4942560387738084
UBFC_PHYS_s06_T2_test,0,3504,116.8,-0.20141354704292536,0.6381091800383729
UBFC_PHYS_s06_T2_test,0,3505,116.83333333333333,-0.17470515933030897,0.7419971353420961
UBFC_PHYS_s06_T2_test,0,3506,116.86666666666666,-0.12709754548527874,0.7800425835111898
UBFC_PHYS_s06_T2_test,0,3507,116.9,-0.06985226631314882,0.7186699856776215
UBFC_PHYS_s06_T2_test,0,3508,116.93333333333334,-0.015642577817677663,0.551531515266327
UBFC_PHYS_s06_T2_test,0,3509,116.96666666666667,0.02546008169778083,0.30014850323079734
UBFC_PHYS_s06_T2_test,0,3510,117.0,0.048002385354726534,-0.00983044157692977
UBFC_PHYS_s06_T2_test,0,3511,117.03333333333333,0.05172283682039866,-0.3475459348267066
UBFC_PHYS_s06_T2_test,0,3512,117.06666666666666,0.039916242353239956,-0.6662593887726892
UBFC_PHYS_s06_T2_test,0,3513,117.1,0.016718237437069242,-0.9022596522435469
UBFC_PHYS_s06_T2_test,0,3514,117.13333333333334,-0.01393508935368628,-0.9884353516628341
UBFC_PHYS_s06_T2_test,0,3515,117.16666666666667,-0.04800231879711706,-0.8545019073997497
UBFC_PHYS_s06_T2_test,0,3516,117.2,-0.08170212405046554,-0.5202247530518536
UBFC_PHYS_s06_T2_test,0,3517,117.23333333333333,-0.11184127826636961,-0.09580106008277994
UBFC_PHYS_s06_T2_test,0,3518,117.26666666666667,-0.13422199674053778,0.299128362596624
UBFC_PHYS_s06_T2_test,0,3519,117.3,-0.14164877142269358,0.5358859903990116
UBFC_PHYS_s06_T2_test,0,3520,117.33333333333333,-0.1258250584199014,0.5912201979528582
UBFC_PHYS_s06_T2_test,0,3521,117.36666666666666,-0.08332423442441875,0.5462740877719255
UBFC_PHYS_s06_T2_test,0,3522,117.4,-0.019169230910825487,0.4504138690146411
UBFC_PHYS_s06_T2_test,0,3523,117.43333333333334,0.05617835403887113,0.32011994933874777
UBFC_PHYS_s06_T2_test,0,3524,117.46666666666667,0.13202021613032855,0.1585394734419472
UBFC_PHYS_s06_T2_test,0,3525,117.5,0.20016652766094944,-0.04368261355434496
UBFC_PHYS_s06_T2_test,0,3526,117.53333333333333,0.2565124586880958,-0.27369683396641137
UBFC_PHYS_s06_T2_test,0,3527,117.56666666666666,0.3016162886358241,-0.4953853023366464
UBFC_PHYS_s06_T2_test,0,3528,117.6,0.3382393875894007,-0.6704508255285817
UBFC_PHYS_s06_T2_test,0,3529,117.63333333333334,0.3685322639155342,-0.757950324773655
UBFC_PHYS_s06_T2_test,0,3530,117.66666666666667,0.3944376175834932,-0.7372922707056024
UBFC_PHYS_s06_T2_test,0,3531,117.7,0.41893422728264385,-0.608224991854572
UBFC_PHYS_s06_T2_test,0,3532,117.73333333333333,0.44430714503453883,-0.37203354324569293
UBFC_PHYS_s06_T2_test,0,3533,117.76666666666667,0.4690185700124291,-0.03245091595459111
UBFC_PHYS_s06_T2_test,0,3534,117.8,0.48772879043862966,0.3752570821987297
UBFC_PHYS_s06_T2_test,0,3535,117.83333333333333,0.49465503006906925,0.7828536705534699
UBFC_PHYS_s06_T2_test,0,3536,117.86666666666666,0.4860414017004002,1.1050711664272768
UBFC_PHYS_s06_T2_test,0,3537,117.9,0.4589989607879139,1.2391329334299086
UBFC_PHYS_s06_T2_test,0,3538,117.93333333333334,0.4076781890090961,1.167370881367702
UBFC_PHYS_s06_T2_test,0,3539,117.96666666666667,0.32090773910695236,0.95677017840147
UBFC_PHYS_s06_T2_test,0,3540,118.0,0.18488241163170344,0.6606689417818468
UBFC_PHYS_s06_T2_test,0,3541,118.03333333333333,-0.012141309804476072,0.31873770520605166
UBFC_PHYS_s06_T2_test,0,3542,118.06666666666666,-0.27807711635196714,-0.033979728278488455
UBFC_PHYS_s06_T2_test,0,3543,118.1,-0.6154032855589604,-0.36561097236577417
UBFC_PHYS_s06_T2_test,0,3544,118.13333333333334,-1.0156843801477282,-0.6558687742478243
UBFC_PHYS_s06_T2_test,0,3545,118.16666666666667,-1.4547609812255855,-0.8942422267761488
UBFC_PHYS_s06_T2_test,0,3546,118.2,-1.8938634829257275,-1.069294702541792
UBFC_PHYS_s06_T2_test,0,3547,118.23333333333333,-2.2828701345542854,-1.167272555113026
UBFC_PHYS_s06_T2_test,0,3548,118.26666666666667,-2.5602376518288006,-1.1653446314874265
UBFC_PHYS_s06_T2_test,0,3549,118.3,-2.6552772589295226,-1.031554002624409
UBFC_PHYS_s06_T2_test,0,3550,118.33333333333333,-2.50468785116213,-0.7474558362043123
UBFC_PHYS_s06_T2_test,0,3551,118.36666666666666,-2.0814480417205226,-0.3096131146405275
UBFC_PHYS_s06_T2_test,0,3552,118.4,-1.4131067421054058,0.22620077144918926
UBFC_PHYS_s06_T2_test,0,3553,118.43333333333334,-0.568141990954559,0.7434590298815893
UBFC_PHYS_s06_T2_test,0,3554,118.46666666666667,0.3761094791731827,1.140968372773016
UBFC_PHYS_s06_T2_test,0,3555,118.5,1.3461815298320416,1.332063769406416
UBFC_PHYS_s06_T2_test,0,3556,118.53333333333333,2.256440810211666,1.302411300736569
UBFC_PHYS_s06_T2_test,0,3557,118.56666666666666,2.997192759497308,1.1090408834377663
UBFC_PHYS_s06_T2_test,0,3558,118.6,3.459113977374779,0.8035514738077014
UBFC_PHYS_s06_T2_test,0,3559,118.63333333333334,3.5854571673351794,0.4320048986198677
UBFC_PHYS_s06_T2_test,0,3560,118.66666666666667,3.4011262954913377,0.040037879391626285
UBFC_PHYS_s06_T2_test,0,3561,118.7,2.980067011632089,-0.3257909336571669
UBFC_PHYS_s06_T2_test,0,3562,118.73333333333333,2.390025061849049,-0.6418530456224728
UBFC_PHYS_s06_T2_test,0,3563,118.76666666666667,1.6826824163875904,-0.9055093587027504
UBFC_PHYS_s06_T2_test,0,3564,118.8,0.918531611716909,-1.1043550732009733
UBFC_PHYS_s06_T2_test,0,3565,118.83333333333333,0.16789202003159437,-1.214692253994486
UBFC_PHYS_s06_T2_test,0,3566,118.86666666666666,-0.5123226785386182,-1.210226486305262
UBFC_PHYS_s06_T2_test,0,3567,118.9,-1.085731565838045,-1.0620463432134621
UBFC_PHYS_s06_T2_test,0,3568,118.93333333333334,-1.5221729461176765,-0.7639600745615862
UBFC_PHYS_s06_T2_test,0,3569,118.96666666666667,-1.7870709507849585,-0.3337564930058357
UBFC_PHYS_s06_T2_test,0,3570,119.0,-1.8533579733603893,0.16730481113116732
UBFC_PHYS_s06_T2_test,0,3571,119.03333333333333,-1.731809913322045,0.6331506681851082
UBFC_PHYS_s06_T2_test,0,3572,119.06666666666666,-1.484212208257081,0.9915570524595367
UBFC_PHYS_s06_T2_test,0,3573,119.1,-1.1913579684394646,1.202868856200755
UBFC_PHYS_s06_T2_test,0,3574,119.13333333333334,-0.9079472565943488,1.2618942003458873
UBFC_PHYS_s06_T2_test,0,3575,119.16666666666667,-0.6557436201120705,1.1965255880061105
UBFC_PHYS_s06_T2_test,0,3576,119.2,-0.4499121667555991,1.0333695408110815
UBFC_PHYS_s06_T2_test,0,3577,119.23333333333333,-0.31028733329644886,0.7974471333561186
UBFC_PHYS_s06_T2_test,0,3578,119.26666666666667,-0.2427394581056465,0.5104543429149058
UBFC_PHYS_s06_T2_test,0,3579,119.3,-0.22776331618029116,0.19183942984100646
UBFC_PHYS_s06_T2_test,0,3580,119.33333333333333,-0.23709533344575612,-0.1385834656996394
UBFC_PHYS_s06_T2_test,0,3581,119.36666666666666,-0.2514818726909027,-0.45890067142499713
UBFC_PHYS_s06_T2_test,0,3582,119.4,-0.25969490381179583,-0.7465773992476488
UBFC_PHYS_s06_T2_test,0,3583,119.43333333333334,-0.24868611640490318,-0.9767871660696462
UBFC_PHYS_s06_T2_test,0,3584,119.46666666666667,-0.19518187488950695,-1.1296245481533937
UBFC_PHYS_s06_T2_test,0,3585,119.5,-0.06946854526364915,-1.1890079956002784
UBFC_PHYS_s06_T2_test,0,3586,119.53333333333333,0.1401387658126789,-1.1310461910601721
UBFC_PHYS_s06_T2_test,0,3587,119.56666666666666,0.4054643345383252,-0.9242874656144717
UBFC_PHYS_s06_T2_test,0,3588,119.6,0.6687715836112597,-0.5775988060495303
UBFC_PHYS_s06_T2_test,0,3589,119.63333333333334,0.8717913634384936,-0.14138676322409324
UBFC_PHYS_s06_T2_test,0,3590,119.66666666666667,0.9744475832292422,0.31533740745598776
UBFC_PHYS_s06_T2_test,0,3591,119.7,0.9600699449363337,0.7038203678155833
UBFC_PHYS_s06_T2_test,0,3592,119.73333333333333,0.8379817689967672,0.9765221688692942
UBFC_PHYS_s06_T2_test,0,3593,119.76666666666667,0.6444452615034412,1.1257026297295951
UBFC_PHYS_s06_T2_test,0,3594,119.8,0.4296267517545355,1.1565384193737764
UBFC_PHYS_s06_T2_test,0,3595,119.83333333333333,0.2304633255612044,1.085910919912203
UBFC_PHYS_s06_T2_test,0,3596,119.86666666666666,0.05668709434512826,0.926364646782258
UBFC_PHYS_s06_T2_test,0,3597,119.9,-0.09555939160769486,0.6862660744222421
UBFC_PHYS_s06_T2_test,0,3598,119.93333333333334,-0.22617679986650482,0.37926767510613113
UBFC_PHYS_s06_T2_test,0,3599,119.96666666666667,-0.3295805453261551,0.025656290069891795
UBFC_PHYS_s06_T2_test,0,3600,120.0,-0.4001300352558375,-0.3473033740189622
UBFC_PHYS_s06_T2_test,0,3601,120.03333333333333,-0.4337413174755851,-0.7035967047308378
UBFC_PHYS_s06_T2_test,0,3602,120.06666666666666,-0.427755618150111,-1.009712235324124
UBFC_PHYS_s06_T2_test,0,3603,120.1,-0.38183120675932813,-1.23303435746355
UBFC_PHYS_s06_T2_test,0,3604,120.13333333333334,-0.2990270330800544,-1.3401879879849372
UBFC_PHYS_s06_T2_test,0,3605,120.16666666666667,-0.18665881209028262,-1.2963897377141103
UBFC_PHYS_s06_T2_test,0,3606,120.2,-0.056825909962217834,-1.0830564503359783
UBFC_PHYS_s06_T2_test,0,3607,120.23333333333333,0.07445136574654944,-0.6986562254329038
UBFC_PHYS_s06_T2_test,0,3608,120.26666666666667,0.188902671117716,-0.19493623222594347
UBFC_PHYS_s06_T2_test,0,3609,120.3,0.26674947017566836,0.3218016186976607
UBFC_PHYS_s06_T2_test,0,3610,120.33333333333333,0.2892495924670035,0.7630300541766953
UBFC_PHYS_s06_T2_test,0,3611,120.36666666666666,0.24644495110235837,1.056826986452619
UBFC_PHYS_s06_T2_test,0,3612,120.4,0.14489210128376592,1.1875457877511073
UBFC_PHYS_s06_T2_test,0,3613,120.43333333333334,0.006489339708669495,1.1941450577819888
UBFC_PHYS_s06_T2_test,0,3614,120.46666666666667,-0.14162243784801612,1.1063351965512667
UBFC_PHYS_s06_T2_test,0,3615,120.5,-0.27576576766391026,0.9436659832109747
UBFC_PHYS_s06_T2_test,0,3616,120.53333333333333,-0.3749573123909625,0.7191081726274923
UBFC_PHYS_s06_T2_test,0,3617,120.56666666666666,-0.4183950504500584,0.43984471878430514
UBFC_PHYS_s06_T2_test,0,3618,120.6,-0.39412886895369004,0.1187023463376973
UBFC_PHYS_s06_T2_test,0,3619,120.63333333333334,-0.31159046309340793,-0.22421137441023395
UBFC_PHYS_s06_T2_test,0,3620,120.66666666666667,-0.19879370718500264,-0.569088296318877
UBFC_PHYS_s06_T2_test,0,3621,120.7,-0.08553242248836021,-0.8945269564858316
UBFC_PHYS_s06_T2_test,0,3622,120.73333333333333,0.008961369429572302,-1.1685325045510258
UBFC_PHYS_s06_T2_test,0,3623,120.76666666666667,0.07810291406907338,-1.3471059738784115
UBFC_PHYS_s06_T2_test,0,3624,120.8,0.1267517329057734,-1.3863755232237183
UBFC_PHYS_s06_T2_test,0,3625,120.83333333333333,0.16676537658054372,-1.2425904480207317
UBFC_PHYS_s06_T2_test,0,3626,120.86666666666666,0.20727633394629466,-0.9138148590060129
UBFC_PHYS_s06_T2_test,0,3627,120.9,0.2476954365843836,-0.44103429290127066
UBFC_PHYS_s06_T2_test,0,3628,120.93333333333334,0.2795325840455129,0.08902231116444588
UBFC_PHYS_s06_T2_test,0,3629,120.96666666666667,0.2915435391237398,0.5429656003757912
UBFC_PHYS_s06_T2_test,0,3630,121.0,0.2737969799370113,0.8645551982127443
UBFC_PHYS_s06_T2_test,0,3631,121.03333333333333,0.22297955911773815,1.0730387030118955
UBFC_PHYS_s06_T2_test,0,3632,121.06666666666666,0.14668480056491912,1.18554465751703
UBFC_PHYS_s06_T2_test,0,3633,121.1,0.060786148891540485,1.2150736108692834
UBFC_PHYS_s06_T2_test,0,3634,121.13333333333334,-0.01796604813194929,1.1637130658835109
UBFC_PHYS_s06_T2_test,0,3635,121.16666666666667,-0.07771501472593095,1.0223567246653773
UBFC_PHYS_s06_T2_test,0,3636,121.2,-0.11433861998256564,0.7940449172136551
UBFC_PHYS_s06_T2_test,0,3637,121.23333333333333,-0.13246092662998132,0.49489519596525006
UBFC_PHYS_s06_T2_test,0,3638,121.26666666666667,-0.142736769069967,0.1440771141283893
UBFC_PHYS_s06_T2_test,0,3639,121.3,-0.15387797560173927,-0.23457975194543407
UBFC_PHYS_s06_T2_test,0,3640,121.33333333333333,-0.1636984636449475,-0.6097557522134064
UBFC_PHYS_s06_T2_test,0,3641,121.36666666666666,-0.15745488501966076,-0.9408083211874647
UBFC_PHYS_s06_T2_test,0,3642,121.4,-0.11818244280115615,-1.1907197516301429
UBFC_PHYS_s06_T2_test,0,3643,121.43333333333334,-0.041290111619160186,-1.3247717120568197
UBFC_PHYS_s06_T2_test,0,3644,121.46666666666667,0.06151031429769921,-1.315176924407033
UBFC_PHYS_s06_T2_test,0,3645,121.5,0.1690968088922732,-1.1409069651595805
UBFC_PHYS_s06_T2_test,0,3646,121.53333333333333,0.2557223416930296,-0.8204071719787625
UBFC_PHYS_s06_T2_test,0,3647,121.56666666666666,0.29439442770592594,-0.41231122835183914
UBFC_PHYS_s06_T2_test,0,3648,121.6,0.26698387825637593,0.02675822090690351
UBFC_PHYS_s06_T2_test,0,3649,121.63333333333334,0.17454004194955725,0.44089231744117335
UBFC_PHYS_s06_T2_test,0,3650,121.66666666666667,0.03975320511378598,0.7877592368638108
UBFC_PHYS_s06_T2_test,0,3651,121.7,-0.09822419714076763,1.0368504261349798
UBFC_PHYS_s06_T2_test,0,3652,121.73333333333333,-0.19808036018337039,1.1740148652463986
UBFC_PHYS_s06_T2_test,0,3653,121.76666666666667,-0.23415547370914228,1.2000808415305984
UBFC_PHYS_s06_T2_test,0,3654,121.8,-0.20330243953120436,1.1223049914247365
UBFC_PHYS_s06_T2_test,0,3655,121.83333333333333,-0.12145690664972397,0.9539847771698773
UBFC_PHYS_s06_T2_test,0,3656,121.86666666666666,-0.020994019285530595,0.7152247665966286
UBFC_PHYS_s06_T2_test,0,3657,121.9,0.0561470477186885,0.43358202843672833
UBFC_PHYS_s06_T2_test,0,3658,121.93333333333334,0.07776745777960523,0.12223621904777118
UBFC_PHYS_s06_T2_test,0,3659,121.96666666666667,0.03968890983358038,-0.21834682702116984
UBFC_PHYS_s06_T2_test,0,3660,122.0,-0.035296421180316256,-0.5709721063685478
UBFC_PHYS_s06_T2_test,0,3661,122.03333333333333,-0.11379537922158692,-0.8997452367460067
UBFC_PHYS_s06_T2_test,0,3662,122.06666666666666,-0.16664769716757663,-1.166540487844386
UBFC_PHYS_s06_T2_test,0,3663,122.1,-0.1769410902667226,-1.3297258313739677
UBFC_PHYS_s06_T2_test,0,3664,122.13333333333334,-0.14397056322932214,-1.3638331012015394
UBFC_PHYS_s06_T2_test,0,3665,122.16666666666667,-0.08030518886330856,-1.2591183422152876
UBFC_PHYS_s06_T2_test,0,3666,122.2,-0.0023280485554790405,-1.020795817566873
UBFC_PHYS_s06_T2_test,0,3667,122.23333333333333,0.07625159825173843,-0.6696493237087516
UBFC_PHYS_s06_T2_test,0,3668,122.26666666666667,0.14432636293579407,-0.23939750108118074
UBFC_PHYS_s06_T2_test,0,3669,122.3,0.1932228949706741,0.22173780676629584
UBFC_PHYS_s06_T2_test,0,3670,122.33333333333333,0.21833991207650905,0.6589539278474663
UBFC_PHYS_s06_T2_test,0,3671,122.36666666666666,0.21823597263040573,1.0091124215140121
UBFC_PHYS_s06_T2_test,0,3672,122.4,0.19218103215246896,1.2368365942297381
UBFC_PHYS_s06_T2_test,0,3673,122.43333333333334,0.14071723070953887,1.3329942836120021
UBFC_PHYS_s06_T2_test,0,3674,122.46666666666667,0.06798280117463174,1.2993402804897283
UBFC_PHYS_s06_T2_test,0,3675,122.5,-0.018377281385654025,1.1477582741952905
UBFC_PHYS_s06_T2_test,0,3676,122.53333333333333,-0.10920392728616835,0.9034033811478537
UBFC_PHYS_s06_T2_test,0,3677,122.56666666666666,-0.19445592988653565,0.6050569978419204
UBFC_PHYS_s06_T2_test,0,3678,122.6,-0.2622809805271496,0.2581005303996243
UBFC_PHYS_s06_T2_test,0,3679,122.63333333333334,-0.29896150387973075,-0.16349823396056046
UBFC_PHYS_s06_T2_test,0,3680,122.66666666666667,-0.2918661133935814,-0.6235539773495783
UBFC_PHYS_s06_T2_test,0,3681,122.7,-0.23558035899578034,-1.0216768628160597
UBFC_PHYS_s06_T2_test,0,3682,122.73333333333333,-0.13709226195369287,-1.301511308109524
UBFC_PHYS_s06_T2_test,0,3683,122.76666666666667,-0.014137350342151713,-1.4495000686629131
UBFC_PHYS_s06_T2_test,0,3684,122.8,0.11227837819938277,-1.4425208826717055
UBFC_PHYS_s06_T2_test,0,3685,122.83333333333333,0.2239070238016828,-1.2474922086383546
UBFC_PHYS_s06_T2_test,0,3686,122.86666666666666,0.30730869708515685,-0.8654713880570198
UBFC_PHYS_s06_T2_test,0,3687,122.9,0.3545873605514639,-0.3330294704818957
UBFC_PHYS_s06_T2_test,0,3688,122.93333333333334,0.36265811534781084,0.26418374434835207
UBFC_PHYS_s06_T2_test,0,3689,122.96666666666667,0.33010695296630554,0.7900794561225628
UBFC_PHYS_s06_T2_test,0,3690,123.0,0.2554303328181302,1.16556634640053
UBFC_PHYS_s06_T2_test,0,3691,123.03333333333333,0.14073414827440323,1.3670495246848715
UBFC_PHYS_s06_T2_test,0,3692,123.06666666666666,-0.0025852526408116916,1.3969315572158212
UBFC_PHYS_s06_T2_test,0,3693,123.1,-0.1541222374221082,1.2820956032574318
UBFC_PHYS_s06_T2_test,0,3694,123.13333333333334,-0.2917489203238712,1.054523674007702
UBFC_PHYS_s06_T2_test,0,3695,123.16666666666667,-0.3985868542073756,0.7512051793716474
UBFC_PHYS_s06_T2_test,0,3696,123.2,-0.4639808855861449,0.4050300532568256
UBFC_PHYS_s06_T2_test,0,3697,123.23333333333333,-0.4801811796183979,0.046032104908951654
UBFC_PHYS_s06_T2_test,0,3698,123.26666666666667,-0.44028844358831803,-0.3059745420303009
UBFC_PHYS_s06_T2_test,0,3699,123.3,-0.34179820173556785,-0.6393709183173354
UBFC_PHYS_s06_T2_test,0,3700,123.33333333333333,-0.19416519336538918,-0.93674192733442
UBFC_PHYS_s06_T2_test,0,3701,123.36666666666666,-0.02144613908292044,-1.1729679502161927
UBFC_PHYS_s06_T2_test,0,3702,123.4,0.14610016078404522,-1.3236201276043016
UBFC_PHYS_s06_T2_test,0,3703,123.43333333333334,0.2845615761604219,-1.36395896646133
UBFC_PHYS_s06_T2_test,0,3704,123.46666666666667,0.38172946312130274,-1.2640987904314642
UBFC_PHYS_s06_T2_test,0,3705,123.5,0.4343751503600322,-0.9895795304348787
UBFC_PHYS_s06_T2_test,0,3706,123.53333333333333,0.44451644786575817,-0.5554081561237626
UBFC_PHYS_s06_T2_test,0,3707,123.56666666666666,0.41766312565292296,-0.02760475559634891
UBFC_PHYS_s06_T2_test,0,3708,123.6,0.3613131341690832,0.5114334719796974
UBFC_PHYS_s06_T2_test,0,3709,123.63333333333334,0.28319222915164266,0.9615061050900706
UBFC_PHYS_s06_T2_test,0,3710,123.66666666666667,0.18999269208911754,1.2591297527727547
UBFC_PHYS_s06_T2_test,0,3711,123.7,0.08711273445773057,1.3761244559340582
UBFC_PHYS_s06_T2_test,0,3712,123.73333333333333,-0.020422095515209012,1.3200588415322112
UBFC_PHYS_s06_T2_test,0,3713,123.76666666666667,-0.12696816469616123,1.133183019009349
UBFC_PHYS_s06_T2_test,0,3714,123.8,-0.22655259352231674,0.855136196106761
UBFC_PHYS_s06_T2_test,0,3715,123.83333333333333,-0.31300740339994926,0.5231431240187082
UBFC_PHYS_s06_T2_test,0,3716,123.86666666666666,-0.37774568632746375,0.17127612574878504
UBFC_PHYS_s06_T2_test,0,3717,123.9,-0.4081851629528794,-0.1681390519283719
UBFC_PHYS_s06_T2_test,0,3718,123.93333333333334,-0.3922965216454318,-0.47786205290211475
UBFC_PHYS_s06_T2_test,0,3719,123.96666666666667,-0.3270654151924673,-0.7537894222380215
UBFC_PHYS_s06_T2_test,0,3720,124.0,-0.22220189292056147,-0.9848056359583774
UBFC_PHYS_s06_T2_test,0,3721,124.03333333333333,-0.09615712041668752,-1.1511148710463335
UBFC_PHYS_s06_T2_test,0,3722,124.06666666666666,0.030828228390891402,-1.2284259815273328
UBFC_PHYS_s06_T2_test,0,3723,124.1,0.142356467317397,-1.1874563103409637
UBFC_PHYS_s06_T2_test,0,3724,124.13333333333334,0.22857762200019838,-0.9980390689635751
UBFC_PHYS_s06_T2_test,0,3725,124.16666666666667,0.28566476517731026,-0.6302904714178795
UBFC_PHYS_s06_T2_test,0,3726,124.2,0.31376304950335643,-0.12793880264088792
UBFC_PHYS_s06_T2_test,0,3727,124.23333333333333,0.31524694612804205,0.39028920208101175
UBFC_PHYS_s06_T2_test,0,3728,124.26666666666667,0.2930930979971568,0.8268374041892494
UBFC_PHYS_s06_T2_test,0,3729,124.3,0.2493806750299463,1.1044050704257558
UBFC_PHYS_s06_T2_test,0,3730,124.33333333333333,0.18540022367161757,1.211419821962181
UBFC_PHYS_s06_T2_test,0,3731,124.36666666666666,0.10353486085363964,1.2003747758429926
UBFC_PHYS_s06_T2_test,0,3732,124.4,0.008480054946696404,1.0976133363100817
UBFC_PHYS_s06_T2_test,0,3733,124.43333333333334,-0.09382841773862471,0.9026517379702946
UBFC_PHYS_s06_T2_test,0,3734,124.46666666666667,-0.19741129383079342,0.6383249937692412
UBFC_PHYS_s06_T2_test,0,3735,124.5,-0.29460264114668927,0.35153932820152123
UBFC_PHYS_s06_T2_test,0,3736,124.53333333333333,-0.3726532104313107,0.0694415822036162
UBFC_PHYS_s06_T2_test,0,3737,124.56666666666666,-0.4139542904235728,-0.19928649210068694
UBFC_PHYS_s06_T2_test,0,3738,124.6,-0.4040042390049009,-0.45634891647509185
UBFC_PHYS_s06_T2_test,0,3739,124.63333333333334,-0.3422474881408193,-0.7118374834001799
UBFC_PHYS_s06_T2_test,0,3740,124.66666666666667,-0.2440867805564697,-0.9512848358643207
UBFC_PHYS_s06_T2_test,0,3741,124.7,-0.130994336462389,-1.1342324815538847
UBFC_PHYS_s06_T2_test,0,3742,124.73333333333333,-0.019880504627830968,-1.2300139477684138
UBFC_PHYS_s06_T2_test,0,3743,124.76666666666667,0.07934200038405946,-1.2173202670730323
UBFC_PHYS_s06_T2_test,0,3744,124.8,0.16151749083950956,-1.0689215275685848
UBFC_PHYS_s06_T2_test,0,3745,124.83333333333333,0.22464477306049993,-0.7525483206648707
UBFC_PHYS_s06_T2_test,0,3746,124.86666666666666,0.26891514759710683,-0.29576309931458045
UBFC_PHYS_s06_T2_test,0,3747,124.9,0.2956313611554095,0.21254995688696363
UBFC_PHYS_s06_T2_test,0,3748,124.93333333333334,0.30630028067435755,0.6762799436779627
UBFC_PHYS_s06_T2_test,0,3749,124.96666666666667,0.30180068200672644,0.9911934352035799
UBFC_PHYS_s06_T2_test,0,3750,125.0,0.28186330392222336,1.131739400936456
UBFC_PHYS_s06_T2_test,0,3751,125.03333333333333,0.24589697800927052,1.1495080618899234
UBFC_PHYS_s06_T2_test,0,3752,125.06666666666666,0.19486310763974934,1.0774594385701581
UBFC_PHYS_s06_T2_test,0,3753,125.1,0.13189874729428994,0.9288333290072129
UBFC_PHYS_s06_T2_test,0,3754,125.13333333333334,0.06119547102325215,0.7202414092918575
UBFC_PHYS_s06_T2_test,0,3755,125.16666666666667,-0.012154605108712576,0.4722510139241521
UBFC_PHYS_s06_T2_test,0,3756,125.2,-0.08044255478364873,0.20140522877564757
UBFC_PHYS_s06_T2_test,0,3757,125.23333333333333,-0.13360747025745723,-0.07846986891807683
UBFC_PHYS_s06_T2_test,0,3758,125.26666666666667,-0.16457796290959875,-0.35506427206155267
UBFC_PHYS_s06_T2_test,0,3759,125.3,-0.17487006255742055,-0.6159214021598314
UBFC_PHYS_s06_T2_test,0,3760,125.33333333333333,-0.1726417987030866,-0.8436948527727597
UBFC_PHYS_s06_T2_test,0,3761,125.36666666666666,-0.16544943333893106,-1.0147680971208948
UBFC_PHYS_s06_T2_test,0,3762,125.4,-0.15648363374409233,-1.104677229068492
UBFC_PHYS_s06_T2_test,0,3763,125.43333333333334,-0.1446710439574193,-1.0875850760042007
UBFC_PHYS_s06_T2_test,0,3764,125.46666666666667,-0.12452393168118366,-0.9377030403972135
UBFC_PHYS_s06_T2_test,0,3765,125.5,-0.0885540194392862,-0.6301597644492143
UBFC_PHYS_s06_T2_test,0,3766,125.53333333333333,-0.03438049732784779,-0.19880261699415458
UBFC_PHYS_s06_T2_test,0,3767,125.56666666666666,0.03050098748097311,0.2625639013671869
UBFC_PHYS_s06_T2_test,0,3768,125.6,0.09145206556110186,0.6686191391137418
UBFC_PHYS_s06_T2_test,0,3769,125.63333333333334,0.13280852489882197,0.9416663676637355
UBFC_PHYS_s06_T2_test,0,3770,125.66666666666667,0.14345096689016187,1.0623346044676678
UBFC_PHYS_s06_T2_test,0,3771,125.7,0.12158685528075858,1.0681714333568113
UBFC_PHYS_s06_T2_test,0,3772,125.73333333333333,0.0757548696788204,0.9859074602957378
UBFC_PHYS_s06_T2_test,0,3773,125.76666666666667,0.018327233814279573,0.830643303059263
UBFC_PHYS_s06_T2_test,0,3774,125.8,-0.043494248044008546,0.6211759067874775
UBFC_PHYS_s06_T2_test,0,3775,125.83333333333333,-0.10855555520447598,0.3805775108563654
UBFC_PHYS_s06_T2_test,0,3776,125.86666666666666,-0.1737363873604029,0.12225825114890611
UBFC_PHYS_s06_T2_test,0,3777,125.9,-0.22775403838647965,-0.14868142452730662
UBFC_PHYS_s06_T2_test,0,3778,125.93333333333334,-0.25467784249372605,-0.4218620288667
UBFC_PHYS_s06_T2_test,0,3779,125.96666666666667,-0.24477308155415042,-0.6799663615120632
UBFC_PHYS_s06_T2_test,0,3780,126.0,-0.20282452285876923,-0.9043756240954967
UBFC_PHYS_s06_T2_test,0,3781,126.03333333333333,-0.144601314334568,-1.0738448157988096
UBFC_PHYS_s06_T2_test,0,3782,126.06666666666666,-0.08448909037777183,-1.1654396931379063
UBFC_PHYS_s06_T2_test,0,3783,126.1,-0.027873665439042215,-1.153981248774035
UBFC_PHYS_s06_T2_test,0,3784,126.13333333333334,0.026341365317821053,-1.0112019828527328
UBFC_PHYS_s06_T2_test,0,3785,126.16666666666667,0.0804266274988034,-0.7066516612060807
UBFC_PHYS_s06_T2_test,0,3786,126.2,0.13582271134976212,-0.26360769798734823
UBFC_PHYS_s06_T2_test,0,3787,126.23333333333333,0.1934367079498561,0.23939513260031825
UBFC_PHYS_s06_T2_test,0,3788,126.26666666666667,0.2528774277212369,0.7079708703711622
UBFC_PHYS_s06_T2_test,0,3789,126.3,0.3097543791302298,1.0309759745631621
UBFC_PHYS_s06_T2_test,0,3790,126.33333333333333,0.35486416729632236,1.177557597710227
UBFC_PHYS_s06_T2_test,0,3791,126.36666666666666,0.37843161572157913,1.1957101430701753
UBFC_PHYS_s06_T2_test,0,3792,126.4,0.37547577300269214,1.1120650672988408
UBFC_PHYS_s06_T2_test,0,3793,126.43333333333334,0.3465962765952805,0.9309847519283521
UBFC_PHYS_s06_T2_test,0,3794,126.46666666666667,0.29462192655428054,0.6780217256720387
UBFC_PHYS_s06_T2_test,0,3795,126.5,0.22207681660515907,0.4004824894683197
UBFC_PHYS_s06_T2_test,0,3796,126.53333333333333,0.13301664105699035,0.12113109247352932
UBFC_PHYS_s06_T2_test,0,3797,126.56666666666666,0.03678677781146081,-0.16046595625666335
UBFC_PHYS_s06_T2_test,0,3798,126.6,-0.05307746560014038,-0.43841086067386814
UBFC_PHYS_s06_T2_test,0,3799,126.63333333333334,-0.12572742005133364,-0.6986101240994078
UBFC_PHYS_s06_T2_test,0,3800,126.66666666666667,-0.17760095549275928,-0.9232798462705011
UBFC_PHYS_s06_T2_test,0,3801,126.7,-0.2101118891518023,-1.08957879051759
UBFC_PHYS_s06_T2_test,0,3802,126.73333333333333,-0.2265246321156971,-1.1695396868397696
UBFC_PHYS_s06_T2_test,0,3803,126.76666666666667,-0.23280583989853718,-1.1296752220962438
UBFC_PHYS_s06_T2_test,0,3804,126.8,-0.23701034462270412,-0.942985330688396
UBFC_PHYS_s06_T2_test,0,3805,126.83333333333333,-0.2439789082944067,-0.5900209449530189
UBFC_PHYS_s06_T2_test,0,3806,126.86666666666666,-0.2527326258155539,-0.11310237418907931
UBFC_PHYS_s06_T2_test,0,3807,126.9,-0.2610817052920008,0.38236426177991023
UBFC_PHYS_s06_T2_test,0,3808,126.93333333333334,-0.2702801786600028,0.8075603713940492
UBFC_PHYS_s06_T2_test,0,3809,126.96666666666667,-0.282716163764939,1.0892556829451407
UBFC_PHYS_s06_T2_test,0,3810,127.0,-0.29688387375513103,1.206981395081729
UBFC_PHYS_s06_T2_test,0,3811,127.03333333333333,-0.3073177730969171,1.19159820861164
UBFC_PHYS_s06_T2_test,0,3812,127.06666666666666,-0.307901423530155,1.0717342557539256
UBFC_PHYS_s06_T2_test,0,3813,127.1,-0.2927834888626409,0.8730761632298891
UBFC_PHYS_s06_T2_test,0,3814,127.13333333333334,-0.25606651113152973,0.6188374369179849
UBFC_PHYS_s06_T2_test,0,3815,127.16666666666667,-0.19356005658640316,0.3305283346961907
UBFC_PHYS_s06_T2_test,0,3816,127.2,-0.10529402747305891,0.027155330360444895
UBFC_PHYS_s06_T2_test,0,3817,127.23333333333333,0.0026249354084657214,-0.2732390700396055
UBFC_PHYS_s06_T2_test,0,3818,127.26666666666667,0.11771221228296827,-0.5576222108570627
UBFC_PHYS_s06_T2_test,0,3819,127.3,0.22558679045604918,-0.816172725227952
UBFC_PHYS_s06_T2_test,0,3820,127.33333333333333,0.31731223236527484,-1.0323342839228362
UBFC_PHYS_s06_T2_test,0,3821,127.36666666666666,0.3907970870842512,-1.1814254219614881
UBFC_PHYS_s06_T2_test,0,3822,127.4,0.44507151154285185,-1.2320095403427667
UBFC_PHYS_s06_T2_test,0,3823,127.43333333333334,0.47661205886020136,-1.1457300763837475
UBFC_PHYS_s06_T2_test,0,3824,127.46666666666667,0.48229023198677157,-0.9050080254431283
UBFC_PHYS_s06_T2_test,0,3825,127.5,0.4639634568277663,-0.5141783581949868
UBFC_PHYS_s06_T2_test,0,3826,127.53333333333333,0.42890301941456643,-0.029579231633306585
UBFC_PHYS_s06_T2_test,0,3827,127.56666666666666,0.38518341022675784,0.43924733750633854
UBFC_PHYS_s06_T2_test,0,3828,127.6,0.3363184562274635,0.8070821091585942
UBFC_PHYS_s06_T2_test,0,3829,127.63333333333334,0.28061722234536624,1.0120949892032067
UBFC_PHYS_s06_T2_test,0,3830,127.66666666666667,0.21472576934154258,1.0508348365971365
UBFC_PHYS_s06_T2_test,0,3831,127.7,0.13581135259070687,0.9768307560970368
UBFC_PHYS_s06_T2_test,0,3832,127.73333333333333,0.04144481458121993,0.8242595339283136
UBFC_PHYS_s06_T2_test,0,3833,127.76666666666667,-0.06814175728174253,0.6074674534875715
UBFC_PHYS_s06_T2_test,0,3834,127.8,-0.18511262282836582,0.33854627552085487
UBFC_PHYS_s06_T2_test,0,3835,127.83333333333333,-0.2927761970602778,0.02852191824100639
UBFC_PHYS_s06_T2_test,0,3836,127.86666666666666,-0.37187170942849335,-0.29286300196102943
UBFC_PHYS_s06_T2_test,0,3837,127.9,-0.4108728298978429,-0.5757942446503985
UBFC_PHYS_s06_T2_test,0,3838,127.93333333333334,-0.41225937338480834,-0.7839096040837976
UBFC_PHYS_s06_T2_test,0,3839,127.96666666666667,-0.38852756466847205,-0.89332468145585
UBFC_PHYS_s06_T2_test,0,3840,128.0,-0.3515198664809268,-0.8806346673167801
UBFC_PHYS_s06_T2_test,0,3841,128.03333333333333,-0.30561393419807487,-0.722808224335849
UBFC_PHYS_s06_T2_test,0,3842,128.06666666666666,-0.2490239177407861,-0.4252922486647006
UBFC_PHYS_s06_T2_test,0,3843,128.1,-0.1786613998344475,-0.02298791087080189
UBFC_PHYS_s06_T2_test,0,3844,128.13333333333333,-0.09388388732916568,0.40607690506797767
UBFC_PHYS_s06_T2_test,0,3845,128.16666666666666,0.0019444144416212042,0.740113943199482
UBFC_PHYS_s06_T2_test,0,3846,128.2,0.10083126273753548,0.9235164523088559
UBFC_PHYS_s06_T2_test,0,3847,128.23333333333332,0.1895719909270004,0.9660747509034867
UBFC_PHYS_s06_T2_test,0,3848,128.26666666666668,0.25172981482159185,0.8965044193492177
UBFC_PHYS_s06_T2_test,0,3849,128.3,0.2739598048717782,0.7613294690463923
UBFC_PHYS_s06_T2_test,0,3850,128.33333333333334,0.2518510859492332,0.5819497913266506
UBFC_PHYS_s06_T2_test,0,3851,128.36666666666667,0.1898156432306837,0.35501699046471535
UBFC_PHYS_s06_T2_test,0,3852,128.4,0.09695066809195861,0.09176824698953166
UBFC_PHYS_s06_T2_test,0,3853,128.43333333333334,-0.01545337654918412,-0.18064201875427072
UBFC_PHYS_s06_T2_test,0,3854,128.46666666666667,-0.13257501380662642,-0.4461698805182486
UBFC_PHYS_s06_T2_test,0,3855,128.5,-0.2341648354995889,-0.698362639206357
UBFC_PHYS_s06_T2_test,0,3856,128.53333333333333,-0.297736126672585,-0.9188450091923476
UBFC_PHYS_s06_T2_test,0,3857,128.56666666666666,-0.30790112084080995,-1.076017799872758
UBFC_PHYS_s06_T2_test,0,3858,128.6,-0.26468924653488685,-1.1426945827559187
UBFC_PHYS_s06_T2_test,0,3859,128.63333333333333,-0.18249262934220434,-1.0957456076294632
UBFC_PHYS_s06_T2_test,0,3860,128.66666666666666,-0.0804742738140465,-0.9113414866730655
UBFC_PHYS_s06_T2_test,0,3861,128.7,0.026177979905492362,-0.5659748740350568
UBFC_PHYS_s06_T2_test,0,3862,128.73333333333332,0.1277911516935118,-0.09081342893050907
UBFC_PHYS_s06_T2_test,0,3863,128.76666666666668,0.21729406515415398,0.4267152036613642
UBFC_PHYS_s06_T2_test,0,3864,128.8,0.2884297287672008,0.8843968929937721
UBFC_PHYS_s06_T2_test,0,3865,128.83333333333334,0.3365036524819294,1.1644548425578316
UBFC_PHYS_s06_T2_test,0,3866,128.86666666666667,0.3589525466348424,1.2342228166948943
UBFC_PHYS_s06_T2_test,0,3867,128.9,0.35358599308873767,1.1450683062003608
UBFC_PHYS_s06_T2_test,0,3868,128.93333333333334,0.3169529661513706,0.9404088859308368
UBFC_PHYS_s06_T2_test,0,3869,128.96666666666667,0.24655118302115694,0.6550944719798983
UBFC_PHYS_s06_T2_test,0,3870,129.0,0.14505108005588968,0.32708645005158665
UBFC_PHYS_s06_T2_test,0,3871,129.03333333333333,0.021278757502898746,-0.0015909796729657692
UBFC_PHYS_s06_T2_test,0,3872,129.06666666666666,-0.11284832810115127,-0.30471027273532675
UBFC_PHYS_s06_T2_test,0,3873,129.1,-0.24528689859768232,-0.5702365440712054
UBFC_PHYS_s06_T2_test,0,3874,129.13333333333333,-0.36329373746342836,-0.7917725688793233
UBFC_PHYS_s06_T2_test,0,3875,129.16666666666666,-0.4505093369279304,-0.9668366700081115
UBFC_PHYS_s06_T2_test,0,3876,129.2,-0.48757164928768393,-1.0740651927433251
UBFC_PHYS_s06_T2_test,0,3877,129.23333333333332,-0.4602109652405596,-1.0725746468222868
UBFC_PHYS_s06_T2_test,0,3878,129.26666666666668,-0.3689093485872103,-0.9249463776922271
UBFC_PHYS_s06_T2_test,0,3879,129.3,-0.22990735713227478,-0.5983228797518374
UBFC_PHYS_s06_T2_test,0,3880,129.33333333333334,-0.06710692714116512,-0.12536461319090064
UBFC_PHYS_s06_T2_test,0,3881,129.36666666666667,0.09629637021207037,0.3943379872477148
UBFC_PHYS_s06_T2_test,0,3882,129.4,0.2414302336674667,0.8556114578977245
UBFC_PHYS_s06_T2_test,0,3883,129.43333333333334,0.3546709539076102,1.1469920932040973
UBFC_PHYS_s06_T2_test,0,3884,129.46666666666667,0.42834663662209205,1.2294029137742024
UBFC_PHYS_s06_T2_test,0,3885,129.5,0.46089212922339096,1.1351823208554481
UBFC_PHYS_s06_T2_test,0,3886,129.53333333333333,0.45539796110843744,0.9108522477029632
UBFC_PHYS_s06_T2_test,0,3887,129.56666666666666,0.41689136691581763,0.6164509974027235
UBFC_PHYS_s06_T2_test,0,3888,129.6,0.3497135566005601,0.2936973332804094
UBFC_PHYS_s06_T2_test,0,3889,129.63333333333333,0.2567701824408555,-0.03309654453275085
UBFC_PHYS_s06_T2_test,0,3890,129.66666666666666,0.141457707185611,-0.34282896848408567
UBFC_PHYS_s06_T2_test,0,3891,129.7,0.009669649522589615,-0.615865385105327
UBFC_PHYS_s06_T2_test,0,3892,129.73333333333332,-0.13098687606488824,-0.8358514726053343
UBFC_PHYS_s06_T2_test,0,3893,129.76666666666668,-0.27228720220032826,-0.9882187101028709
UBFC_PHYS_s06_T2_test,0,3894,129.8,-0.40310484847117095,-1.0578770943389861
UBFC_PHYS_s06_T2_test,0,3895,129.83333333333334,-0.506114035381487,-1.028553990303256
UBFC_PHYS_s06_T2_test,0,3896,129.86666666666667,-0.5594522613233035,-0.874188444597466
UBFC_PHYS_s06_T2_test,0,3897,129.9,-0.5460270238578042,-0.5598948917488006
UBFC_PHYS_s06_T2_test,0,3898,129.93333333333334,-0.4648103267588012,-0.11019651952721439
UBFC_PHYS_s06_T2_test,0,3899,129.96666666666667,-0.3326264443632244,0.3894209705649266
UBFC_PHYS_s06_T2_test,0,3900,130.0,-0.17386986352172298,0.8432333311416744
UBFC_PHYS_s06_T2_test,0,3901,130.03333333333333,-0.009994654537283069,1.1444458798431865
UBFC_PHYS_s06_T2_test,0,3902,130.06666666666666,0.142699470217742,1.249470781012874
UBFC_PHYS_s06_T2_test,0,3903,130.1,0.27177461665897923,1.1770178799076418
UBFC_PHYS_s06_T2_test,0,3904,130.13333333333333,0.36902620400051706,0.9583498827640619
UBFC_PHYS_s06_T2_test,0,3905,130.16666666666666,0.43084659739839787,0.6369001412445284
UBFC_PHYS_s06_T2_test,0,3906,130.2,0.4570636221262191,0.2598221973051199
UBFC_PHYS_s06_T2_test,0,3907,130.23333333333332,0.4492137175287949,-0.12106049216589646
UBFC_PHYS_s06_T2_test,0,3908,130.26666666666668,0.40877239148417466,-0.4724642400650227
UBFC_PHYS_s06_T2_test,0,3909,130.3,0.33648636818275374,-0.7778677824497052
UBFC_PHYS_s06_T2_test,0,3910,130.33333333333334,0.23455184670478368,-1.0151592422765874
UBFC_PHYS_s06_T2_test,0,3911,130.36666666666667,0.10933744110838545,-1.1550806052908569
UBFC_PHYS_s06_T2_test,0,3912,130.4,-0.02998309516146932,-1.1758312361013252
UBFC_PHYS_s06_T2_test,0,3913,130.43333333333334,-0.17471406478470297,-1.0626961047558845
UBFC_PHYS_s06_T2_test,0,3914,130.46666666666667,-0.31467723995981084,-0.8048570971664356
UBFC_PHYS_s06_T2_test,0,3915,130.5,-0.43237470659105853,-0.39652618668529427
UBFC_PHYS_s06_T2_test,0,3916,130.53333333333333,-0.5039483198790413,0.1061215789704605
UBFC_PHYS_s06_T2_test,0,3917,130.56666666666666,-0.5108736819849438,0.5836240531912206
UBFC_PHYS_s06_T2_test,0,3918,130.6,-0.45164149021958183,0.945220720176074
UBFC_PHYS_s06_T2_test,0,3919,130.63333333333333,-0.3410118889183643,1.1280286322137019
UBFC_PHYS_s06_T2_test,0,3920,130.66666666666666,-0.19930114923582856,1.1289527909219879
UBFC_PHYS_s06_T2_test,0,3921,130.7,-0.04514884909116297,1.0034527059167764
UBFC_PHYS_s06_T2_test,0,3922,130.73333333333332,0.10399845658238059,0.7909303492650916
UBFC_PHYS_s06_T2_test,0,3923,130.76666666666668,0.23224435420866976,0.5144896500771334
UBFC_PHYS_s06_T2_test,0,3924,130.8,0.3291319625619824,0.19982884399760115
UBFC_PHYS_s06_T2_test,0,3925,130.83333333333334,0.3902534200711977,-0.12351515722785886
UBFC_PHYS_s06_T2_test,0,3926,130.86666666666667,0.4138867984572584,-0.4249194309033787
UBFC_PHYS_s06_T2_test,0,3927,130.9,0.3993445164750895,-0.671230467751138
UBFC_PHYS_s06_T2_test,0,3928,130.93333333333334,0.34772372580501526,-0.8398552522078278
UBFC_PHYS_s06_T2_test,0,3929,130.96666666666667,0.2623039796385239,-0.9176353981256837
UBFC_PHYS_s06_T2_test,0,3930,131.0,0.1483448169910344,-0.8933043350067364
UBFC_PHYS_s06_T2_test,0,3931,131.03333333333333,0.013309898780758053,-0.7572441744915968
UBFC_PHYS_s06_T2_test,0,3932,131.06666666666666,-0.13215052542832637,-0.500316502631806
UBFC_PHYS_s06_T2_test,0,3933,131.1,-0.2727614081468157,-0.11509265723024868
UBFC_PHYS_s06_T2_test,0,3934,131.13333333333333,-0.38775883060728394,0.3357793232560181
UBFC_PHYS_s06_T2_test,0,3935,131.16666666666666,-0.45299277700458357,0.718626083019116
UBFC_PHYS_s06_T2_test,0,3936,131.2,-0.44882356107088806,0.958429799355562
UBFC_PHYS_s06_T2_test,0,3937,131.23333333333332,-0.37123988823961973,1.0382546843016816
UBFC_PHYS_s06_T2_test,0,3938,131.26666666666668,-0.2360980064693377,0.9725050334364715
UBFC_PHYS_s06_T2_test,0,3939,131.3,-0.0711230318157492,0.8059509535857566
UBFC_PHYS_s06_T2_test,0,3940,131.33333333333334,0.09566820970492386,0.5666151177426129
UBFC_PHYS_s06_T2_test,0,3941,131.36666666666667,0.2417015285154759,0.26617588743322274
UBFC_PHYS_s06_T2_test,0,3942,131.4,0.3517157081575247,-0.07048933602547096
UBFC_PHYS_s06_T2_test,0,3943,131.43333333333334,0.41903907397510937,-0.4038492343959999
UBFC_PHYS_s06_T2_test,0,3944,131.46666666666667,0.4439270005986616,-0.7040894564465844
UBFC_PHYS_s06_T2_test,0,3945,131.5,0.4291824699649395,-0.9495669766335808
UBFC_PHYS_s06_T2_test,0,3946,131.53333333333333,0.3772676167198863,-1.1206128317422464
UBFC_PHYS_s06_T2_test,0,3947,131.56666666666666,0.29025310194507825,-1.1983317421721278
UBFC_PHYS_s06_T2_test,0,3948,131.6,0.17105231713156213,-1.155980732808791
UBFC_PHYS_s06_T2_test,0,3949,131.63333333333333,0.02484414413238372,-0.9591851623760762
UBFC_PHYS_s06_T2_test,0,3950,131.66666666666666,-0.13972187417928728,-0.59536527668747
UBFC_PHYS_s06_T2_test,0,3951,131.7,-0.3089582980619267,-0.07552081959498302
UBFC_PHYS_s06_T2_test,0,3952,131.73333333333332,-0.4619222264751799,0.5076845245929867
UBFC_PHYS_s06_T2_test,0,3953,131.76666666666668,-0.570375299334936,0.9788503979555915
UBFC_PHYS_s06_T2_test,0,3954,131.8,-0.6056389143464964,1.2491631222596786
UBFC_PHYS_s06_T2_test,0,3955,131.83333333333334,-0.5520813423458679,1.315561626242426
UBFC_PHYS_s06_T2_test,0,3956,131.86666666666667,-0.41736689236373076,1.2072349716577686
UBFC_PHYS_s06_T2_test,0,3957,131.9,-0.22924963668703635,0.984295254629584
UBFC_PHYS_s06_T2_test,0,3958,131.93333333333334,-0.02258632541834553,0.690654344762863
UBFC_PHYS_s06_T2_test,0,3959,131.96666666666667,0.1706042769347481,0.3543546380202884
UBFC_PHYS_s06_T2_test,0,3960,132.0,0.32482118548235006,0.007427704601329774
UBFC_PHYS_s06_T2_test,0,3961,132.03333333333333,0.425236956523954,-0.3126127078028676
UBFC_PHYS_s06_T2_test,0,3962,132.06666666666666,0.4707454067649869,-0.5886227879854223
UBFC_PHYS_s06_T2_test,0,3963,132.1,0.4681230892249596,-0.8220197933639037
UBFC_PHYS_s06_T2_test,0,3964,132.13333333333333,0.42274843656007477,-1.000114172949283
UBFC_PHYS_s06_T2_test,0,3965,132.16666666666666,0.3376323263792613,-1.0947950509195106
UBFC_PHYS_s06_T2_test,0,3966,132.2,0.2182485984893165,-1.0773963284249897
UBFC_PHYS_s06_T2_test,0,3967,132.23333333333332,0.07328110064649276,-0.9188419909078664
UBFC_PHYS_s06_T2_test,0,3968,132.26666666666668,-0.08785882744433045,-0.6066650191724658
UBFC_PHYS_s06_T2_test,0,3969,132.3,-0.2538348634196093,-0.14650668434848393
UBFC_PHYS_s06_T2_test,0,3970,132.33333333333334,-0.4069941010435852,0.38071994720722385
UBFC_PHYS_s06_T2_test,0,3971,132.36666666666667,-0.5215159354889497,0.8178562671925913
UBFC_PHYS_s06_T2_test,0,3972,132.4,-0.5684094079411782,1.0837430376202375
UBFC_PHYS_s06_T2_test,0,3973,132.43333333333334,-0.5281834539004344,1.1724195837958418
UBFC_PHYS_s06_T2_test,0,3974,132.46666666666667,-0.40336724996106577,1.1059546357406864
UBFC_PHYS_s06_T2_test,0,3975,132.5,-0.21802916508011602,0.9331734132889186
UBFC_PHYS_s06_T2_test,0,3976,132.53333333333333,-0.0046966836609127,0.6855524745402416
UBFC_PHYS_s06_T2_test,0,3977,132.56666666666666,0.20646563740878313,0.3775557722643207
UBFC_PHYS_s06_T2_test,0,3978,132.6,0.39008367969347735,0.03663739078129829
UBFC_PHYS_s06_T2_test,0,3979,132.63333333333333,0.5273629929615496,-0.29533269906651
UBFC_PHYS_s06_T2_test,0,3980,132.66666666666666,0.6095011376591781,-0.587941055769032
UBFC_PHYS_s06_T2_test,0,3981,132.7,0.6366049275775925,-0.8207180123449461
UBFC_PHYS_s06_T2_test,0,3982,132.73333333333332,0.6121304231493966,-0.9819884698942757
UBFC_PHYS_s06_T2_test,0,3983,132.76666666666668,0.5393319923077197,-1.0675350040316058
UBFC_PHYS_s06_T2_test,0,3984,132.8,0.4213788855231817,-1.0600513191921017
UBFC_PHYS_s06_T2_test,0,3985,132.83333333333334,0.2621993862379198,-0.9290313603359335
UBFC_PHYS_s06_T2_test,0,3986,132.86666666666667,0.06815259942460876,-0.6569129959457873
UBFC_PHYS_s06_T2_test,0,3987,132.9,-0.14898311004641948,-0.24053577305320367
UBFC_PHYS_s06_T2_test,0,3988,132.93333333333334,-0.370770578948198,0.2557549235727544
UBFC_PHYS_s06_T2_test,0,3989,132.96666666666667,-0.5730145228311634,0.6989581866493281
UBFC_PHYS_s06_T2_test,0,3990,133.0,-0.7261376546500162,1.002545638522511
UBFC_PHYS_s06_T2_test,0,3991,133.03333333333333,-0.7989820225715444,1.1257562913342039
UBFC_PHYS_s06_T2_test,0,3992,133.06666666666666,-0.7713484785663525,1.0682151671853886
UBFC_PHYS_s06_T2_test,0,3993,133.1,-0.6464024373163133,0.8690412526923601
UBFC_PHYS_s06_T2_test,0,3994,133.13333333333333,-0.44918107477300073,0.5665477279808899
UBFC_PHYS_s06_T2_test,0,3995,133.16666666666666,-0.21413727258206117,0.1985501179424527
UBFC_PHYS_s06_T2_test,0,3996,133.2,0.024819801173614285,-0.18363889690245536
UBFC_PHYS_s06_T2_test,0,3997,133.23333333333332,0.23849208962593646,-0.5140614771667692
UBFC_PHYS_s06_T2_test,0,3998,133.26666666666668,0.40602098798583497,-0.7494958855712235
UBFC_PHYS_s06_T2_test,0,3999,133.3,0.5172910361057433,-0.8683421703897963
UBFC_PHYS_s06_T2_test,0,4000,133.33333333333334,0.5700766600702661,-0.8680958134828424
UBFC_PHYS_s06_T2_test,0,4001,133.36666666666667,0.5653661553543998,-0.7645765987241818
UBFC_PHYS_s06_T2_test,0,4002,133.4,0.5064087025447956,-0.5850260589897791
UBFC_PHYS_s06_T2_test,0,4003,133.43333333333334,0.3997703220529716,-0.3680740908905803
UBFC_PHYS_s06_T2_test,0,4004,133.46666666666667,0.2549752384056822,-0.11009837330452774
UBFC_PHYS_s06_T2_test,0,4005,133.5,0.08397167061014846,0.23310708300271765
UBFC_PHYS_s06_T2_test,0,4006,133.53333333333333,-0.09825818150045872,0.6302558807309125
UBFC_PHYS_s06_T2_test,0,4007,133.56666666666666,-0.27346812155217337,0.9730050471916453
UBFC_PHYS_s06_T2_test,0,4008,133.6,-0.42100023603294867,1.1773071012207397
UBFC_PHYS_s06_T2_test,0,4009,133.63333333333333,-0.5198121700973732,1.1833760054601639
UBFC_PHYS_s06_T2_test,0,4010,133.66666666666666,-0.5532659014513139,0.9983676806521302
UBFC_PHYS_s06_T2_test,0,4011,133.7,-0.515569531001453,0.6961396701213142
UBFC_PHYS_s06_T2_test,0,4012,133.73333333333332,-0.4146665044415856,0.32636610699564256
UBFC_PHYS_s06_T2_test,0,4013,133.76666666666668,-0.2694594387277317,-0.08471099907978011
UBFC_PHYS_s06_T2_test,0,4014,133.8,-0.10455890373648817,-0.4935704403572181
UBFC_PHYS_s06_T2_test,0,4015,133.83333333333334,0.05564213806184033,-0.8376999694821597
UBFC_PHYS_s06_T2_test,0,4016,133.86666666666667,0.19327514148524305,-1.0668254083750377
UBFC_PHYS_s06_T2_test,0,4017,133.9,0.2998585450210812,-1.1418752354147497
UBFC_PHYS_s06_T2_test,0,4018,133.93333333333334,0.3732631922575974,-1.0796702906897295
UBFC_PHYS_s06_T2_test,0,4019,133.96666666666667,0.4133099823155084,-0.9518905585162506
UBFC_PHYS_s06_T2_test,0,4020,134.0,0.42011740779852413,-0.7809323251261557
UBFC_PHYS_s06_T2_test,0,4021,134.03333333333333,0.3930471868928394,-0.540176703121371
UBFC_PHYS_s06_T2_test,0,4022,134.06666666666666,0.3299388241507899,-0.21417942142636576
UBFC_PHYS_s06_T2_test,0,4023,134.1,0.2312230588157669,0.19915386890351575
UBFC_PHYS_s06_T2_test,0,4024,134.13333333333333,0.1075335183384475,0.650470442557049
UBFC_PHYS_s06_T2_test,0,4025,134.16666666666666,-0.01826924404975073,1.0374230576471366
UBFC_PHYS_s06_T2_test,0,4026,134.2,-0.11863182701708955,1.2788127851412276
UBFC_PHYS_s06_T2_test,0,4027,134.23333333333332,-0.1722521724804161,1.3141514595213362
UBFC_PHYS_s06_T2_test,0,4028,134.26666666666668,-0.17104660132195285,1.1441102269297851
UBFC_PHYS_s06_T2_test,0,4029,134.3,-0.12099378650929268,0.8302503080266923
UBFC_PHYS_s06_T2_test,0,4030,134.33333333333334,-0.03817033655551383,0.4342332476624283
UBFC_PHYS_s06_T2_test,0,4031,134.36666666666667,0.05694573031217537,0.018304990290692782
UBFC_PHYS_s06_T2_test,0,4032,134.4,0.1437313803438349,-0.36330272723553797
UBFC_PHYS_s06_T2_test,0,4033,134.43333333333334,0.20454033160307175,-0.6629372331283863
UBFC_PHYS_s06_T2_test,0,4034,134.46666666666667,0.22822126164781412,-0.8640325378873897
UBFC_PHYS_s06_T2_test,0,4035,134.5,0.21138898544665277,-0.9794214851224187
UBFC_PHYS_s06_T2_test,0,4036,134.53333333333333,0.15564590992447838,-1.0156851662908604
UBFC_PHYS_s06_T2_test,0,4037,134.56666666666666,0.06598321140586567,-0.9721223165023152
UBFC_PHYS_s06_T2_test,0,4038,134.6,-0.047061038134154846,-0.8299507780688666
UBFC_PHYS_s06_T2_test,0,4039,134.63333333333333,-0.1681004297060088,-0.5531528718928045
UBFC_PHYS_s06_T2_test,0,4040,134.66666666666666,-0.28316599596676395,-0.14863041139058153
UBFC_PHYS_s06_T2_test,0,4041,134.7,-0.3841708612047475,0.3320131692553726
UBFC_PHYS_s06_T2_test,0,4042,134.73333333333332,-0.46637787046736734,0.7887337162869047
UBFC_PHYS_s06_T2_test,0,4043,134.76666666666668,-0.5219767298476258,1.072484814134416
UBFC_PHYS_s06_T2_test,0,4044,134.8,-0.5369486271542111,1.1405172464817146
UBFC_PHYS_s06_T2_test,0,4045,134.83333333333334,-0.49751474421112224,1.0555796206055754
UBFC_PHYS_s06_T2_test,0,4046,134.86666666666667,-0.40205540107777954,0.8601358257866379
UBFC_PHYS_s06_T2_test,0,4047,134.9,-0.26423114626256794,0.5757570895090334
UBFC_PHYS_s06_T2_test,0,4048,134.93333333333334,-0.10388368488489894,0.2356024835459607
UBFC_PHYS_s06_T2_test,0,4049,134.96666666666667,0.0608897741799074,-0.11448755346808868
UBFC_PHYS_s06_T2_test,0,4050,135.0,0.2137788958587935,-0.4330677242319294
UBFC_PHYS_s06_T2_test,0,4051,135.03333333333333,0.3406297742817927,-0.6817608266796709
UBFC_PHYS_s06_T2_test,0,4052,135.06666666666666,0.43314513927874665,-0.8489565542581734
UBFC_PHYS_s06_T2_test,0,4053,135.1,0.48902345671652236,-0.9483546759885592
UBFC_PHYS_s06_T2_test,0,4054,135.13333333333333,0.5080530105672715,-0.9770454065692998
UBFC_PHYS_s06_T2_test,0,4055,135.16666666666666,0.4902165422290089,-0.9148787798657616
UBFC_PHYS_s06_T2_test,0,4056,135.2,0.4366621011566937,-0.7419405727896541
UBFC_PHYS_s06_T2_test,0,4057,135.23333333333332,0.35053691754076144,-0.4395776230207811
UBFC_PHYS_s06_T2_test,0,4058,135.26666666666668,0.23728405160717764,-0.03328527778328372
UBFC_PHYS_s06_T2_test,0,4059,135.3,0.10567042786921392,0.4058478796278827
UBFC_PHYS_s06_T2_test,0,4060,135.33333333333334,-0.03046746743408632,0.796158153140531
UBFC_PHYS_s06_T2_test,0,4061,135.36666666666667,-0.1520028444331458,1.0445977910339295
UBFC_PHYS_s06_T2_test,0,4062,135.4,-0.23907096185909654,1.1173689255483203
UBFC_PHYS_s06_T2_test,0,4063,135.43333333333334,-0.27947023908805785,1.039104243822655
UBFC_PHYS_s06_T2_test,0,4064,135.46666666666667,-0.2737528848246693,0.833591899667222
UBFC_PHYS_s06_T2_test,0,4065,135.5,-0.23229228320760592,0.5236432037139215
UBFC_PHYS_s06_T2_test,0,4066,135.53333333333333,-0.1693443724580047,0.15320870900981082
UBFC_PHYS_s06_T2_test,0,4067,135.56666666666666,-0.10010641269010542,-0.21166970158197773
UBFC_PHYS_s06_T2_test,0,4068,135.6,-0.038334734866903496,-0.529123737644503
UBFC_PHYS_s06_T2_test,0,4069,135.63333333333333,0.007616071957449984,-0.7800504303392046
UBFC_PHYS_s06_T2_test,0,4070,135.66666666666666,0.03540618600773599,-0.9498525706507627
UBFC_PHYS_s06_T2_test,0,4071,135.7,0.04518649610633947,-1.027062463923919
UBFC_PHYS_s06_T2_test,0,4072,135.73333333333332,0.038223428556776844,-0.9865625745005052
UBFC_PHYS_s06_T2_test,0,4073,135.76666666666668,0.018022039933193686,-0.7897609864378445
UBFC_PHYS_s06_T2_test,0,4074,135.8,-0.011448283631866864,-0.43693958783806064
UBFC_PHYS_s06_T2_test,0,4075,135.83333333333334,-0.04905223559188577,0.03133477520169764
UBFC_PHYS_s06_T2_test,0,4076,135.86666666666667,-0.09571215297998313,0.517879900910072
UBFC_PHYS_s06_T2_test,0,4077,135.9,-0.1499962501104677,0.86833184674014
UBFC_PHYS_s06_T2_test,0,4078,135.93333333333334,-0.20400221276016306,1.030817248403138
UBFC_PHYS_s06_T2_test,0,4079,135.96666666666667,-0.24234687410472544,1.054928078426751
UBFC_PHYS_s06_T2_test,0,4080,136.0,-0.24726808499015024,0.9719328603519981
UBFC_PHYS_s06_T2_test,0,4081,136.03333333333333,-0.20881563965526231,0.7936998681647721
UBFC_PHYS_s06_T2_test,0,4082,136.06666666666666,-0.13118047228270224,0.5366658179348429
UBFC_PHYS_s06_T2_test,0,4083,136.1,-0.029332072161620423,0.22264224727948223
UBFC_PHYS_s06_T2_test,0,4084,136.13333333333333,0.07838902269933183,-0.11966486856017115
UBFC_PHYS_s06_T2_test,0,4085,136.16666666666666,0.175246017085323,-0.4532254219727116
UBFC_PHYS_s06_T2_test,0,4086,136.2,0.2487872232026283,-0.749237146934225
UBFC_PHYS_s06_T2_test,0,4087,136.23333333333332,0.2925882766846012,-0.9855594305360883
UBFC_PHYS_s06_T2_test,0,4088,136.26666666666668,0.3064318465802825,-1.1332762273828256
UBFC_PHYS_s06_T2_test,0,4089,136.3,0.29437938570283667,-1.1558351681021217
UBFC_PHYS_s06_T2_test,0,4090,136.33333333333334,0.262118444565225,-1.0258921477117608
UBFC_PHYS_s06_T2_test,0,4091,136.36666666666667,0.21560362385781068,-0.7259444536896298
UBFC_PHYS_s06_T2_test,0,4092,136.4,0.16055622558194738,-0.29294795125125894
UBFC_PHYS_s06_T2_test,0,4093,136.43333333333334,0.10109951132907297,0.18058468278582362
UBFC_PHYS_s06_T2_test,0,4094,136.46666666666667,0.038426874798301,0.6082803756955932
UBFC_PHYS_s06_T2_test,0,4095,136.5,-0.02797697187036944,0.9089845965026194
UBFC_PHYS_s06_T2_test,0,4096,136.53333333333333,-0.09599494059645268,1.057710757811085
UBFC_PHYS_s06_T2_test,0,4097,136.56666666666666,-0.1561977103350858,1.084191711632038
UBFC_PHYS_s06_T2_test,0,4098,136.6,-0.19194162885560678,1.0121473795839346
UBFC_PHYS_s06_T2_test,0,4099,136.63333333333333,-0.18719973317792604,0.8584050729485939
UBFC_PHYS_s06_T2_test,0,4100,136.66666666666666,-0.13797807989795924,0.6278100566520723
UBFC_PHYS_s06_T2_test,0,4101,136.7,-0.05744388492558818,0.31418975142200434
UBFC_PHYS_s06_T2_test,0,4102,136.73333333333332,0.03088115433278915,-0.05709604561484585
UBFC_PHYS_s06_T2_test,0,4103,136.76666666666668,0.10509621260245483,-0.42762934809115655
UBFC_PHYS_s06_T2_test,0,4104,136.8,0.1512218048205665,-0.7544826556036703
UBFC_PHYS_s06_T2_test,0,4105,136.83333333333334,0.16359796143735686,-1.0087886595472595
UBFC_PHYS_s06_T2_test,0,4106,136.86666666666667,0.14504705931189327,-1.1499015572210634
UBFC_PHYS_s06_T2_test,0,4107,136.9,0.10514941914960932,-1.1247355246879391
UBFC_PHYS_s06_T2_test,0,4108,136.93333333333334,0.054064787508880996,-0.9162994249687892
UBFC_PHYS_s06_T2_test,0,4109,136.96666666666667,-0.0023401207553028483,-0.5443605556996994
UBFC_PHYS_s06_T2_test,0,4110,137.0,-0.06159193800818321,-0.07840940203728693
UBFC_PHYS_s06_T2_test,0,4111,137.03333333333333,-0.12176432762060632,0.3616794251756886
UBFC_PHYS_s06_T2_test,0,4112,137.06666666666666,-0.18031143184081266,0.7049384208309627
UBFC_PHYS_s06_T2_test,0,4113,137.1,-0.23372276364215153,0.928199549545373
UBFC_PHYS_s06_T2_test,0,4114,137.13333333333333,-0.27728508295455584,1.027126949126476
UBFC_PHYS_s06_T2_test,0,4115,137.16666666666666,-0.3049688619226039,1.014746298196294
UBFC_PHYS_s06_T2_test,0,4116,137.2,-0.30896723550419214,0.8996701913516713
UBFC_PHYS_s06_T2_test,0,4117,137.23333333333332,-0.2807222701033961,0.6859485408819513
UBFC_PHYS_s06_T2_test,0,4118,137.26666666666668,-0.2161453964578306,0.3984149872717861
UBFC_PHYS_s06_T2_test,0,4119,137.3,-0.12146668100850799,0.08351823823717244
UBFC_PHYS_s06_T2_test,0,4120,137.33333333333334,-0.012377533039506958,-0.23516325488531087
UBFC_PHYS_s06_T2_test,0,4121,137.36666666666667,0.09300415916501927,-0.5553264582167865
UBFC_PHYS_s06_T2_test,0,4122,137.4,0.17998805984048802,-0.850318747318801
UBFC_PHYS_s06_T2_test,0,4123,137.43333333333334,0.23939646094388878,-1.0675964846738464
UBFC_PHYS_s06_T2_test,0,4124,137.46666666666667,0.26843885379256543,-1.1532931362932701
UBFC_PHYS_s06_T2_test,0,4125,137.5,0.27057090741188206,-1.0522061371037466
UBFC_PHYS_s06_T2_test,0,4126,137.53333333333333,0.2526236357504758,-0.770489183220833
UBFC_PHYS_s06_T2_test,0,4127,137.56666666666666,0.22089002077787692,-0.376200441506702
UBFC_PHYS_s06_T2_test,0,4128,137.6,0.17964286878879282,0.048237148506182395
UBFC_PHYS_s06_T2_test,0,4129,137.63333333333333,0.13158677950099393,0.4055756415546531
UBFC_PHYS_s06_T2_test,0,4130,137.66666666666666,0.07767518933601525,0.6591469464999761
UBFC_PHYS_s06_T2_test,0,4131,137.7,0.017548104019284756,0.8313442764950085
UBFC_PHYS_s06_T2_test,0,4132,137.73333333333332,-0.046984221727790536,0.9124019412367127
UBFC_PHYS_s06_T2_test,0,4133,137.76666666666668,-0.10803967970701317,0.859427598953049
UBFC_PHYS_s06_T2_test,0,4134,137.8,-0.15228247335302514,0.6724208632173577
UBFC_PHYS_s06_T2_test,0,4135,137.83333333333334,-0.16671195984835147,0.3946400299764664
UBFC_PHYS_s06_T2_test,0,4136,137.86666666666667,-0.14598299706940648,0.07374559427401392
UBFC_PHYS_s06_T2_test,0,4137,137.9,-0.09630198281064929,-0.23759196170952912
UBFC_PHYS_s06_T2_test,0,4138,137.93333333333334,-0.03240088247999262,-0.5146664870365399
UBFC_PHYS_s06_T2_test,0,4139,137.96666666666667,0.02978442734847634,-0.7592246165960174
UBFC_PHYS_s06_T2_test,0,4140,138.0,0.07827070089884487,-0.9292505918255842
UBFC_PHYS_s06_T2_test,0,4141,138.03333333333333,0.10717497293718266,-0.9384316768035483
UBFC_PHYS_s06_T2_test,0,4142,138.06666666666666,0.11799059045156492,-0.749748495440831
UBFC_PHYS_s06_T2_test,0,4143,138.1,0.1169188635779137,-0.376483621255366
UBFC_PHYS_s06_T2_test,0,4144,138.13333333333333,0.1077635576020851,0.09299189824586383
UBFC_PHYS_s06_T2_test,0,4145,138.16666666666666,0.08842393969409414,0.4950824572779147
UBFC_PHYS_s06_T2_test,0,4146,138.2,0.055098394094094394,0.7574551633529406
UBFC_PHYS_s06_T2_test,0,4147,138.23333333333332,0.007924273432891708,0.8982384499253231
UBFC_PHYS_s06_T2_test,0,4148,138.26666666666668,-0.04771198925527224,0.9376572371463396
UBFC_PHYS_s06_T2_test,0,4149,138.3,-0.10313630098914002,0.8964436799698166
UBFC_PHYS_s06_T2_test,0,4150,138.33333333333334,-0.14864286091752224,0.7787783207748866
UBFC_PHYS_s06_T2_test,0,4151,138.36666666666667,-0.17458822424452403,0.5724748428999384
UBFC_PHYS_s06_T2_test,0,4152,138.4,-0.17242955890352926,0.288228393461031
UBFC_PHYS_s06_T2_test,0,4153,138.43333333333334,-0.13834532429505136,-0.039197886661020816
UBFC_PHYS_s06_T2_test,0,4154,138.46666666666667,-0.07789441528549264,-0.37999435324137626
UBFC_PHYS_s06_T2_test,0,4155,138.5,-0.005726020795093038,-0.707798564904814
UBFC_PHYS_s06_T2_test,0,4156,138.53333333333333,0.06050689132204736,-0.9855112018594138
UBFC_PHYS_s06_T2_test,0,4157,138.56666666666666,0.10548181034237675,-1.1639996916390045
UBFC_PHYS_s06_T2_test,0,4158,138.6,0.1182667372205754,-1.1851656815941811
UBFC_PHYS_s06_T2_test,0,4159,138.63333333333333,0.09497486973323009,-0.9823301591687635
UBFC_PHYS_s06_T2_test,0,4160,138.66666666666666,0.04104965544664058,-0.5763506873546924
UBFC_PHYS_s06_T2_test,0,4161,138.7,-0.03136937318658463,-0.0764722631000579
UBFC_PHYS_s06_T2_test,0,4162,138.73333333333332,-0.10844764065772958,0.4086706358938587
UBFC_PHYS_s06_T2_test,0,4163,138.76666666666668,-0.1768478383085876,0.7705969738584858
UBFC_PHYS_s06_T2_test,0,4164,138.8,-0.22391191234170235,0.9536496523230082
UBFC_PHYS_s06_T2_test,0,4165,138.83333333333334,-0.2375475447912926,0.9539974893467775
UBFC_PHYS_s06_T2_test,0,4166,138.86666666666667,-0.206626886392383,0.8056898705437471
UBFC_PHYS_s06_T2_test,0,4167,138.9,-0.12599683740628603,0.5796654518433956
UBFC_PHYS_s06_T2_test,0,4168,138.93333333333334,-0.004841308912413668,0.33117236447722664
UBFC_PHYS_s06_T2_test,0,4169,138.96666666666667,0.1322888794054096,0.09979039416466218
UBFC_PHYS_s06_T2_test,0,4170,139.0,0.25608702163098396,-0.11100108339531033
UBFC_PHYS_s06_T2_test,0,4171,139.03333333333333,0.34636556216024417,-0.33226949221997387
UBFC_PHYS_s06_T2_test,0,4172,139.06666666666666,0.398826569187925,-0.5635007229131105
UBFC_PHYS_s06_T2_test,0,4173,139.1,0.419803285778421,-0.7710332556922946
UBFC_PHYS_s06_T2_test,0,4174,139.13333333333333,0.4145590533352522,-0.917180052717812
UBFC_PHYS_s06_T2_test,0,4175,139.16666666666666,0.3823084543112186,-0.9598351132698231
UBFC_PHYS_s06_T2_test,0,4176,139.2,0.3207496281234855,-0.8656864096653495
UBFC_PHYS_s06_T2_test,0,4177,139.23333333333332,0.22948569881140568,-0.6108814342908898
UBFC_PHYS_s06_T2_test,0,4178,139.26666666666668,0.10874594609582224,-0.21325612347323802
UBFC_PHYS_s06_T2_test,0,4179,139.3,-0.04009143477334102,0.26634034894874153
UBFC_PHYS_s06_T2_test,0,4180,139.33333333333334,-0.2108788424118155,0.7374043552436153
UBFC_PHYS_s06_T2_test,0,4181,139.36666666666667,-0.3893486334604861,1.0789387794384768
UBFC_PHYS_s06_T2_test,0,4182,139.4,-0.5523225151540274,1.242482888847293
UBFC_PHYS_s06_T2_test,0,4183,139.43333333333334,-0.6725424907051895,1.251059199014886
UBFC_PHYS_s06_T2_test,0,4184,139.46666666666667,-0.7276378188774674,1.1297939040560923
UBFC_PHYS_s06_T2_test,0,4185,139.5,-0.7056459377220571,0.9051405555688058
UBFC_PHYS_s06_T2_test,0,4186,139.53333333333333,-0.6055505077089461,0.6066377663786534
UBFC_PHYS_s06_T2_test,0,4187,139.56666666666666,-0.43795147114058397,0.26768774326805345
UBFC_PHYS_s06_T2_test,0,4188,139.6,-0.22583274694020106,-0.08773319327801642
UBFC_PHYS_s06_T2_test,0,4189,139.63333333333333,-0.0020383491242672706,-0.4433101205425907
UBFC_PHYS_s06_T2_test,0,4190,139.66666666666666,0.1971400147078504,-0.7761352398859659
UBFC_PHYS_s06_T2_test,0,4191,139.7,0.3437093354452707,-1.0547935948428577
UBFC_PHYS_s06_T2_test,0,4192,139.73333333333332,0.4317642289326735,-1.249578270670174
UBFC_PHYS_s06_T2_test,0,4193,139.76666666666668,0.477384190958753,-1.331330417196361
UBFC_PHYS_s06_T2_test,0,4194,139.8,0.4976506301054523,-1.2766161284347106
UBFC_PHYS_s06_T2_test,0,4195,139.83333333333334,0.4917235249127422,-1.067808673140925
UBFC_PHYS_s06_T2_test,0,4196,139.86666666666667,0.44706847549607126,-0.7068208382569003
UBFC_PHYS_s06_T2_test,0,4197,139.9,0.35902601445811205,-0.21655151268848466
UBFC_PHYS_s06_T2_test,0,4198,139.93333333333334,0.23821608472496741,0.32973630767442424
UBFC_PHYS_s06_T2_test,0,4199,139.96666666666667,0.10276089964539178,0.8069985510613245
UBFC_PHYS_s06_T2_test,0,4200,140.0,-0.029617656512600468,1.1341077464592435
UBFC_PHYS_s06_T2_test,0,4201,140.03333333333333,-0.1420207275312599,1.2727526067548691
UBFC_PHYS_s06_T2_test,0,4202,140.06666666666666,-0.21703401040389467,1.230359587729197
UBFC_PHYS_s06_T2_test,0,4203,140.1,-0.2395126082607919,1.058870307066205
UBFC_PHYS_s06_T2_test,0,4204,140.13333333333333,-0.20229202024091297,0.7942398044468069
UBFC_PHYS_s06_T2_test,0,4205,140.16666666666666,-0.11070440655850865,0.4566203900834025
UBFC_PHYS_s06_T2_test,0,4206,140.2,0.016967135025021805,0.07778482537647233
UBFC_PHYS_s06_T2_test,0,4207,140.23333333333332,0.15408545223718845,-0.2973729957610831
UBFC_PHYS_s06_T2_test,0,4208,140.26666666666668,0.27327471511670764,-0.632123553992154
UBFC_PHYS_s06_T2_test,0,4209,140.3,0.3519590066761307,-0.8962721144305333
UBFC_PHYS_s06_T2_test,0,4210,140.33333333333334,0.3737078777356525,-1.0643828952618026
UBFC_PHYS_s06_T2_test,0,4211,140.36666666666667,0.32964198877330775,-1.1146211752624562
UBFC_PHYS_s06_T2_test,0,4212,140.4,0.22201163673791563,-1.0342937916260637
UBFC_PHYS_s06_T2_test,0,4213,140.43333333333334,0.06582425506463674,-0.8198614895492422
UBFC_PHYS_s06_T2_test,0,4214,140.46666666666667,-0.11336661912118608,-0.48092539985435423
UBFC_PHYS_s06_T2_test,0,4215,140.5,-0.2840685637908154,-0.04149808693215001
UBFC_PHYS_s06_T2_test,0,4216,140.53333333333333,-0.41724173019331157,0.43249719930510067
UBFC_PHYS_s06_T2_test,0,4217,140.56666666666666,-0.4960267206764443,0.8319644941094222
UBFC_PHYS_s06_T2_test,0,4218,140.6,-0.5172335061490065,1.0924862535584359
UBFC_PHYS_s06_T2_test,0,4219,140.63333333333333,-0.4841931677060509,1.1933076298746013
UBFC_PHYS_s06_T2_test,0,4220,140.66666666666666,-0.4025466438058054,1.1403962657513373
UBFC_PHYS_s06_T2_test,0,4221,140.7,-0.2829979862288554,0.9655462355366418
UBFC_PHYS_s06_T2_test,0,4222,140.73333333333332,-0.14268066694835754,0.6963641734685492
UBFC_PHYS_s06_T2_test,0,4223,140.76666666666668,-0.0003581850854905422,0.3567340493621295
UBFC_PHYS_s06_T2_test,0,4224,140.8,0.12847962345215042,-0.016310271223142436
UBFC_PHYS_s06_T2_test,0,4225,140.83333333333334,0.23118712041880896,-0.37120412298524996
UBFC_PHYS_s06_T2_test,0,4226,140.86666666666667,0.296578724506546,-0.6765595657451209
UBFC_PHYS_s06_T2_test,0,4227,140.9,0.31766456867309867,-0.91951017173796
UBFC_PHYS_s06_T2_test,0,4228,140.93333333333334,0.29430668606661103,-1.0844471704370746
UBFC_PHYS_s06_T2_test,0,4229,140.96666666666667,0.2304190393253492,-1.1517149173361403
UBFC_PHYS_s06_T2_test,0,4230,141.0,0.1282518642014303,-1.0992996812985856
UBFC_PHYS_s06_T2_test,0,4231,141.03333333333333,-0.014425801753019038,-0.9029752497293019
UBFC_PHYS_s06_T2_test,0,4232,141.06666666666666,-0.19790273041726048,-0.5556741423171134
UBFC_PHYS_s06_T2_test,0,4233,141.1,-0.40188707751767166,-0.06909838966850547
UBFC_PHYS_s06_T2_test,0,4234,141.13333333333333,-0.5716362595751608,0.46941314161313535
UBFC_PHYS_s06_T2_test,0,4235,141.16666666666666,-0.6358034727028274,0.8959099125437706
UBFC_PHYS_s06_T2_test,0,4236,141.2,-0.5488651518187053,1.1361028191832758
UBFC_PHYS_s06_T2_test,0,4237,141.23333333333332,-0.31854138046866515,1.204444609730976
UBFC_PHYS_s06_T2_test,0,4238,141.26666666666668,-0.0005832443441357305,1.123003373105125
UBFC_PHYS_s06_T2_test,0,4239,141.3,0.3238523226160226,0.9203382349270337
UBFC_PHYS_s06_T2_test,0,4240,141.33333333333334,0.5747418920173373,0.6291332822400433
UBFC_PHYS_s06_T2_test,0,4241,141.36666666666667,0.6980865461352306,0.2867158309924659
UBFC_PHYS_s06_T2_test,0,4242,141.4,0.6809940382631965,-0.06816368383765779
UBFC_PHYS_s06_T2_test,0,4243,141.43333333333334,0.5521547501342469,-0.39398192684351835
UBFC_PHYS_s06_T2_test,0,4244,141.46666666666667,0.3693469766066904,-0.6698907232540381
UBFC_PHYS_s06_T2_test,0,4245,141.5,0.19691670106081013,-0.8939699705263887
UBFC_PHYS_s06_T2_test,0,4246,141.53333333333333,0.07923648472608645,-1.0493871617918216
UBFC_PHYS_s06_T2_test,0,4247,141.56666666666666,0.023553512205416106,-1.1032680956580727
UBFC_PHYS_s06_T2_test,0,4248,141.6,0.0041234996145567,-1.0326383327606465
UBFC_PHYS_s06_T2_test,0,4249,141.63333333333333,-0.01639839360421926,-0.8246980586572239
UBFC_PHYS_s06_T2_test,0,4250,141.66666666666666,-0.06406935997641594,-0.48038097451612394
UBFC_PHYS_s06_T2_test,0,4251,141.7,-0.14213521908620033,-0.015824004665283095
UBFC_PHYS_s06_T2_test,0,4252,141.73333333333332,-0.23384550603398954,0.4884283482020809
UBFC_PHYS_s06_T2_test,0,4253,141.76666666666668,-0.3134833265876721,0.8864046349899579
UBFC_PHYS_s06_T2_test,0,4254,141.8,-0.35814963269134936,1.1094751777321425
UBFC_PHYS_s06_T2_test,0,4255,141.83333333333334,-0.3573708437770734,1.1654668290643933
UBFC_PHYS_s06_T2_test,0,4256,141.86666666666667,-0.31667282633600324,1.0740978745881784
UBFC_PHYS_s06_T2_test,0,4257,141.9,-0.2505451275349921,0.8660023852460362
UBFC_PHYS_s06_T2_test,0,4258,141.93333333333334,-0.17160173892672045,0.5704996542530569
UBFC_PHYS_s06_T2_test,0,4259,141.96666666666667,-0.08752474656015873,0.21624007891286556
UBFC_PHYS_s06_T2_test,0,4260,142.0,-0.002727592183271836,-0.15736980932104572
UBFC_PHYS_s06_T2_test,0,4261,142.03333333333333,0.08318019119890284,-0.4987605155399206
UBFC_PHYS_s06_T2_test,0,4262,142.06666666666666,0.17449219247418715,-0.7766470902087876
UBFC_PHYS_s06_T2_test,0,4263,142.1,0.27235124813799205,-0.9784803198137516
UBFC_PHYS_s06_T2_test,0,4264,142.13333333333333,0.37203025004406776,-1.0876259319918864
UBFC_PHYS_s06_T2_test,0,4265,142.16666666666666,0.4682357227448567,-1.082397720527499
UBFC_PHYS_s06_T2_test,0,4266,142.2,0.5583246629519536,-0.9484107342888369
UBFC_PHYS_s06_T2_test,0,4267,142.23333333333332,0.6391160409285327,-0.6790394629803173
UBFC_PHYS_s06_T2_test,0,4268,142.26666666666668,0.7034657382869147,-0.2822177499878023
UBFC_PHYS_s06_T2_test,0,4269,142.3,0.7415705563399275,0.21784825538922803
UBFC_PHYS_s06_T2_test,0,4270,142.33333333333334,0.7458949657011661,0.7296874905347522
UBFC_PHYS_s06_T2_test,0,4271,142.36666666666667,0.712938201345863,1.0936033787072383
UBFC_PHYS_s06_T2_test,0,4272,142.4,0.6359831836885458,1.2453048220273515
UBFC_PHYS_s06_T2_test,0,4273,142.43333333333334,0.49654421975789736,1.2151416725147144
UBFC_PHYS_s06_T2_test,0,4274,142.46666666666667,0.2687901611922223,1.0417083757049204
UBFC_PHYS_s06_T2_test,0,4275,142.5,-0.06496127465055078,0.7709461205862204
UBFC_PHYS_s06_T2_test,0,4276,142.53333333333333,-0.5026985729889158,0.4413049313495933
UBFC_PHYS_s06_T2_test,0,4277,142.56666666666666,-1.0199739904892067,0.08458130871225991
UBFC_PHYS_s06_T2_test,0,4278,142.6,-1.5667370695270069,-0.27149404273038275
UBFC_PHYS_s06_T2_test,0,4279,142.63333333333333,-2.0589493193449533,-0.6014894136323736
UBFC_PHYS_s06_T2_test,0,4280,142.66666666666666,-2.3821575716930985,-0.8830082748638209
UBFC_PHYS_s06_T2_test,0,4281,142.7,-2.431262014783552,-1.0949611137599016
UBFC_PHYS_s06_T2_test,0,4282,142.73333333333332,-2.170205894299913,-1.2111667940362183
UBFC_PHYS_s06_T2_test,0,4283,142.76666666666668,-1.65285537404205,-1.1995849648483712
UBFC_PHYS_s06_T2_test,0,4284,142.8,-0.9817862298783948,-1.0405774153225766
UBFC_PHYS_s06_T2_test,0,4285,142.83333333333334,-0.2543956491977786,-0.7275616638747177
UBFC_PHYS_s06_T2_test,0,4286,142.86666666666667,0.4549920455512848,-0.2786768723888523
UBFC_PHYS_s06_T2_test,0,4287,142.9,1.083404670528978,0.2614846228081774
UBFC_PHYS_s06_T2_test,0,4288,142.93333333333334,1.5661180212938766,0.7928605958670224
UBFC_PHYS_s06_T2_test,0,4289,142.96666666666667,1.8435963189322426,1.1589181520208585
UBFC_PHYS_s06_T2_test,0,4290,143.0,1.8916805983852087,1.3070993226142764
UBFC_PHYS_s06_T2_test,0,4291,143.03333333333333,1.744244127029067,1.2877032081963213
UBFC_PHYS_s06_T2_test,0,4292,143.06666666666666,1.4757838841096933,1.1405156377072965
UBFC_PHYS_s06_T2_test,0,4293,143.1,1.1604177795903308,0.8938011376487225
UBFC_PHYS_s06_T2_test,0,4294,143.13333333333333,0.8469689518350509,0.5777899064998663
UBFC_PHYS_s06_T2_test,0,4295,143.16666666666666,0.5568700458236983,0.22558301627995792
UBFC_PHYS_s06_T2_test,0,4296,143.2,0.2920008121742842,-0.13454638624082782
UBFC_PHYS_s06_T2_test,0,4297,143.23333333333332,0.04935740671045717,-0.47742943553723294
UBFC_PHYS_s06_T2_test,0,4298,143.26666666666668,-0.16569009807106727,-0.7820580183374183
UBFC_PHYS_s06_T2_test,0,4299,143.3,-0.34213992198127696,-1.0297182938660225
UBFC_PHYS_s06_T2_test,0,4300,143.33333333333334,-0.474585175957122,-1.19580989694484
UBFC_PHYS_s06_T2_test,0,4301,143.36666666666667,-0.5634132370095115,-1.2487710062490625
UBFC_PHYS_s06_T2_test,0,4302,143.4,-0.6076096740614969,-1.1688224420746995
UBFC_PHYS_s06_T2_test,0,4303,143.43333333333334,-0.605323152743003,-0.9481584498140363
UBFC_PHYS_s06_T2_test,0,4304,143.46666666666667,-0.5599210819669203,-0.6023302905952579
UBFC_PHYS_s06_T2_test,0,4305,143.5,-0.479338937824278,-0.17138916628748055
UBFC_PHYS_s06_T2_test,0,4306,143.53333333333333,-0.36844713381857735,0.2870742227699848
UBFC_PHYS_s06_T2_test,0,4307,143.56666666666666,-0.22669786519382673,0.696485851495422
UBFC_PHYS_s06_T2_test,0,4308,143.6,-0.05580686280662538,1.006708612803265
UBFC_PHYS_s06_T2_test,0,4309,143.63333333333333,0.1325204658043034,1.1925390935469933
UBFC_PHYS_s06_T2_test,0,4310,143.66666666666666,0.3164098364852312,1.2454679114869016
UBFC_PHYS_s06_T2_test,0,4311,143.7,0.46916373728115146,1.1725865527739394
UBFC_PHYS_s06_T2_test,0,4312,143.73333333333332,0.5666982499997989,0.9915750378714107
UBFC_PHYS_s06_T2_test,0,4313,143.76666666666668,0.5933726905785818,0.7307189399353344
UBFC_PHYS_s06_T2_test,0,4314,143.8,0.5432181206917592,0.42391178155726045
UBFC_PHYS_s06_T2_test,0,4315,143.83333333333334,0.41939751346924353,0.11156241519388263
UBFC_PHYS_s06_T2_test,0,4316,143.86666666666667,0.23472506379239585,-0.17977581661262548
UBFC_PHYS_s06_T2_test,0,4317,143.9,0.010105809412996858,-0.4359110828313164
UBFC_PHYS_s06_T2_test,0,4318,143.93333333333334,-0.22931116323688824,-0.6418435964419164
UBFC_PHYS_s06_T2_test,0,4319,143.96666666666667,-0.45519170147355187,-0.780342273469368
UBFC_PHYS_s06_T2_test,0,4320,144.0,-0.6356181845130222,-0.8659543331505107
UBFC_PHYS_s06_T2_test,0,4321,144.03333333333333,-0.7416867515398,-0.9435816472791405
UBFC_PHYS_s06_T2_test,0,4322,144.06666666666666,-0.7615956240982042,-1.0159981308487995
UBFC_PHYS_s06_T2_test,0,4323,144.1,-0.7082763147167066,-1.0432147340792215
UBFC_PHYS_s06_T2_test,0,4324,144.13333333333333,-0.6086695985385283,-0.9894112628846004
UBFC_PHYS_s06_T2_test,0,4325,144.16666666666666,-0.4837596238729093,-0.8237892684654445
UBFC_PHYS_s06_T2_test,0,4326,144.2,-0.34024422174931845,-0.5411190433308041
UBFC_PHYS_s06_T2_test,0,4327,144.23333333333332,-0.17913729892198257,-0.16310494830796032
UBFC_PHYS_s06_T2_test,0,4328,144.26666666666668,-0.007010153667154875,0.26242643283996575
UBFC_PHYS_s06_T2_test,0,4329,144.3,0.162642001008534,0.660162273470994
UBFC_PHYS_s06_T2_test,0,4330,144.33333333333334,0.31570986395176376,0.9794086892104953
UBFC_PHYS_s06_T2_test,0,4331,144.36666666666667,0.4415678145682474,1.1926712231626253
UBFC_PHYS_s06_T2_test,0,4332,144.4,0.5313815172834492,1.2909738270911497
UBFC_PHYS_s06_T2_test,0,4333,144.43333333333334,0.5766822280582319,1.2825705695824323
UBFC_PHYS_s06_T2_test,0,4334,144.46666666666667,0.5726913090369539,1.1783278337386525
UBFC_PHYS_s06_T2_test,0,4335,144.5,0.5223319342792053,0.9914690956234222
UBFC_PHYS_s06_T2_test,0,4336,144.53333333333333,0.4361771669094623,0.7436844665390177
UBFC_PHYS_s06_T2_test,0,4337,144.56666666666666,0.329696278259895,0.4658593882678078
UBFC_PHYS_s06_T2_test,0,4338,144.6,0.2199925545009418,0.17109838487179205
UBFC_PHYS_s06_T2_test,0,4339,144.63333333333333,0.12019959727588118,-0.14363431063642074
UBFC_PHYS_s06_T2_test,0,4340,144.66666666666666,0.032407772372339855,-0.47449980537931497
UBFC_PHYS_s06_T2_test,0,4341,144.7,-0.052636039490750505,-0.8086076847515221
UBFC_PHYS_s06_T2_test,0,4342,144.73333333333332,-0.14432052969498535,-1.118039680827901
UBFC_PHYS_s06_T2_test,0,4343,144.76666666666668,-0.23771778566117613,-1.358231983154626
UBFC_PHYS_s06_T2_test,0,4344,144.8,-0.3101417196126845,-1.4905633533175218
UBFC_PHYS_s06_T2_test,0,4345,144.83333333333334,-0.335049465062222,-1.4817304882170617
UBFC_PHYS_s06_T2_test,0,4346,144.86666666666667,-0.3024871685690909,-1.3099510609020815
UBFC_PHYS_s06_T2_test,0,4347,144.9,-0.22548280543546836,-0.9656533995237805
UBFC_PHYS_s06_T2_test,0,4348,144.93333333333334,-0.1275153998729626,-0.48398171619556596
UBFC_PHYS_s06_T2_test,0,4349,144.96666666666667,-0.0298148515388885,0.053737275529658894
UBFC_PHYS_s06_T2_test,0,4350,145.0,0.049488721233866835,0.5685299506982749
UBFC_PHYS_s06_T2_test,0,4351,145.03333333333333,0.09512652584377737,0.9821790054975573
UBFC_PHYS_s06_T2_test,0,4352,145.06666666666666,0.09967633794578196,1.2604062173571033
UBFC_PHYS_s06_T2_test,0,4353,145.1,0.06521403196243913,1.4108787528596989
UBFC_PHYS_s06_T2_test,0,4354,145.13333333333333,-2.6752938640156598e-05,1.435040644818352
UBFC_PHYS_s06_T2_test,0,4355,145.16666666666666,-0.0845075391634995,1.3269851948325873
UBFC_PHYS_s06_T2_test,0,4356,145.2,-0.1752155347408393,1.1048832478239303
UBFC_PHYS_s06_T2_test,0,4357,145.23333333333332,-0.2578668985209894,0.8112398815545155
UBFC_PHYS_s06_T2_test,0,4358,145.26666666666668,-0.31578585205232446,0.47676589593290686
UBFC_PHYS_s06_T2_test,0,4359,145.3,-0.3343650651797278,0.12161599136846556
UBFC_PHYS_s06_T2_test,0,4360,145.33333333333334,-0.31016567167961606,-0.23576633935171426
UBFC_PHYS_s06_T2_test,0,4361,145.36666666666667,-0.2500340755899907,-0.5766090984439401
UBFC_PHYS_s06_T2_test,0,4362,145.4,-0.1585028798376866,-0.8846554316453734
UBFC_PHYS_s06_T2_test,0,4363,145.43333333333334,-0.03222778903985398,-1.1441642830004657
UBFC_PHYS_s06_T2_test,0,4364,145.46666666666667,0.1315217138890513,-1.3317542752802145
UBFC_PHYS_s06_T2_test,0,4365,145.5,0.3262575324551376,-1.4152013345580792
UBFC_PHYS_s06_T2_test,0,4366,145.53333333333333,0.5342869803027545,-1.3691282563467995
UBFC_PHYS_s06_T2_test,0,4367,145.56666666666666,0.7278484664366716,-1.1751353484752431
UBFC_PHYS_s06_T2_test,0,4368,145.6,0.8770583199664623,-0.8367204519230863
UBFC_PHYS_s06_T2_test,0,4369,145.63333333333333,0.9627822335700809,-0.380579903788436
UBFC_PHYS_s06_T2_test,0,4370,145.66666666666666,0.9790259771109471,0.13809293712501847
UBFC_PHYS_s06_T2_test,0,4371,145.7,0.9223594964184993,0.6339079544897599
UBFC_PHYS_s06_T2_test,0,4372,145.73333333333332,0.7850870970364859,1.0401408319739867
UBFC_PHYS_s06_T2_test,0,4373,145.76666666666668,0.5609879763325781,1.3070791802721096
UBFC_PHYS_s06_T2_test,0,4374,145.8,0.2549360884779176,1.4154343990450384
UBFC_PHYS_s06_T2_test,0,4375,145.83333333333334,-0.11410437605777571,1.3749671420641132
UBFC_PHYS_s06_T2_test,0,4376,145.86666666666667,-0.5176308193792714,1.2068805566948597
UBFC_PHYS_s06_T2_test,0,4377,145.9,-0.9224815871579924,0.9434932934685737
UBFC_PHYS_s06_T2_test,0,4378,145.93333333333334,-1.2907595076878349,0.6175047354855627
UBFC_PHYS_s06_T2_test,0,4379,145.96666666666667,-1.5798330928012916,0.2629465999790476
UBFC_PHYS_s06_T2_test,0,4380,146.0,-1.749384296899887,-0.09447663934037623
UBFC_PHYS_s06_T2_test,0,4381,146.03333333333333,-1.7716093823793533,-0.43557246940502975
UBFC_PHYS_s06_T2_test,0,4382,146.06666666666666,-1.6361909989545993,-0.7455497812350156
UBFC_PHYS_s06_T2_test,0,4383,146.1,-1.3504448230578,-1.011983552884762
UBFC_PHYS_s06_T2_test,0,4384,146.13333333333333,-0.9400290475262303,-1.2104923915105454
UBFC_PHYS_s06_T2_test,0,4385,146.16666666666666,-0.44944123966425326,-1.3035196850969661
UBFC_PHYS_s06_T2_test,0,4386,146.2,0.06359233180561472,-1.268937812302273
UBFC_PHYS_s06_T2_test,0,4387,146.23333333333332,0.5420713347956105,-1.1000170979261328
UBFC_PHYS_s06_T2_test,0,4388,146.26666666666668,0.9439341517538783,-0.8004116831604995
UBFC_PHYS_s06_T2_test,0,4389,146.3,1.2440498841256913,-0.38527373896065786
UBFC_PHYS_s06_T2_test,0,4390,146.33333333333334,1.4258772680459728,0.09607625218825505
UBFC_PHYS_s06_T2_test,0,4391,146.36666666666667,1.478642285256663,0.558579095937858
UBFC_PHYS_s06_T2_test,0,4392,146.4,1.4044112894931424,0.9362295495469706
UBFC_PHYS_s06_T2_test,0,4393,146.43333333333334,1.2227890704147826,1.1806460496534361
UBFC_PHYS_s06_T2_test,0,4394,146.46666666666667,0.9661702513199283,1.274849695543609
UBFC_PHYS_s06_T2_test,0,4395,146.5,0.6710955444658446,1.2319899444878948
UBFC_PHYS_s06_T2_test,0,4396,146.53333333333333,0.3719370810563665,1.0764397406729973
UBFC_PHYS_s06_T2_test,0,4397,146.56666666666666,0.09864700279006595,0.8433987372784421
UBFC_PHYS_s06_T2_test,0,4398,146.6,-0.12321934701275278,0.5621033895022864
UBFC_PHYS_s06_T2_test,0,4399,146.63333333333333,-0.27554023182909904,0.25666397605478314
UBFC_PHYS_s06_T2_test,0,4400,146.66666666666666,-0.3543860034977075,-0.05752994337040968
UBFC_PHYS_s06_T2_test,0,4401,146.7,-0.3720076680751875,-0.37204706171576657
UBFC_PHYS_s06_T2_test,0,4402,146.73333333333332,-0.349709387067317,-0.6713176839926095
UBFC_PHYS_s06_T2_test,0,4403,146.76666666666668,-0.3083905189699155,-0.9308099646654647
UBFC_PHYS_s06_T2_test,0,4404,146.8,-0.26281596799755724,-1.1224231098732158
UBFC_PHYS_s06_T2_test,0,4405,146.83333333333334,-0.2196652741067737,-1.2134242397582777
UBFC_PHYS_s06_T2_test,0,4406,146.86666666666667,-0.179617559520365,-1.1810740826608845
UBFC_PHYS_s06_T2_test,0,4407,146.9,-0.14284376186257725,-1.0126266978242675
UBFC_PHYS_s06_T2_test,0,4408,146.93333333333334,-0.11278321218951279,-0.7184621817225865
UBFC_PHYS_s06_T2_test,0,4409,146.96666666666667,-0.09449962115878843,-0.33300220786841817
UBFC_PHYS_s06_T2_test,0,4410,147.0,-0.0910656055549193,0.0923914935209903
UBFC_PHYS_s06_T2_test,0,4411,147.03333333333333,-0.10298417554423063,0.4881194254331694
UBFC_PHYS_s06_T2_test,0,4412,147.06666666666666,-0.12945153608683962,0.8064631832148969
UBFC_PHYS_s06_T2_test,0,4413,147.1,-0.1677360492373201,1.0201071804815074
UBFC_PHYS_s06_T2_test,0,4414,147.13333333333333,-0.2112558452483707,1.1201666715955163
UBFC_PHYS_s06_T2_test,0,4415,147.16666666666666,-0.24881425354769454,1.114899697336598
UBFC_PHYS_s06_T2_test,0,4416,147.2,-0.2665210190372135,1.0135996359845016
UBFC_PHYS_s06_T2_test,0,4417,147.23333333333332,-0.25357055600998546,0.8263607160934479
UBFC_PHYS_s06_T2_test,0,4418,147.26666666666668,-0.20843264315286858,0.5732926490270905
UBFC_PHYS_s06_T2_test,0,4419,147.3,-0.13830281444454287,0.28528797376792153
UBFC_PHYS_s06_T2_test,0,4420,147.33333333333334,-0.05332547367598886,-0.018529469512814988
UBFC_PHYS_s06_T2_test,0,4421,147.36666666666667,0.03562572360443267,-0.3292802742588379
UBFC_PHYS_s06_T2_test,0,4422,147.4,0.11620363174140387,-0.6314350632245876
UBFC_PHYS_s06_T2_test,0,4423,147.43333333333334,0.17766847817088036,-0.901022943239303
UBFC_PHYS_s06_T2_test,0,4424,147.46666666666667,0.21544583851905286,-1.1079161845442975
UBFC_PHYS_s06_T2_test,0,4425,147.5,0.2311086754160801,-1.2147596068981925
UBFC_PHYS_s06_T2_test,0,4426,147.53333333333333,0.22931313805475756,-1.1970709076892156
UBFC_PHYS_s06_T2_test,0,4427,147.56666666666666,0.21551101606798093,-1.043183104225236
UBFC_PHYS_s06_T2_test,0,4428,147.6,0.19449737779901938,-0.7591732218104636
UBFC_PHYS_s06_T2_test,0,4429,147.63333333333333,0.16907662065382142,-0.3698025687207417
UBFC_PHYS_s06_T2_test,0,4430,147.66666666666666,0.13935671217582507,0.07828740727884839
UBFC_PHYS_s06_T2_test,0,4431,147.7,0.10376287941432212,0.5151097158307646
UBFC_PHYS_s06_T2_test,0,4432,147.73333333333332,0.0610135135293322,0.8834475011662084
UBFC_PHYS_s06_T2_test,0,4433,147.76666666666668,0.010166033190994048,1.137353109696056
UBFC_PHYS_s06_T2_test,0,4434,147.8,-0.049768407362159504,1.2549458876824184
UBFC_PHYS_s06_T2_test,0,4435,147.83333333333334,-0.1160645541477875,1.2372103395528073
UBFC_PHYS_s06_T2_test,0,4436,147.86666666666667,-0.17778334365380116,1.0995688780505164
UBFC_PHYS_s06_T2_test,0,4437,147.9,-0.2182811274941699,0.8715626279341537
UBFC_PHYS_s06_T2_test,0,4438,147.93333333333334,-0.2241015306154808,0.5800490509879754
UBFC_PHYS_s06_T2_test,0,4439,147.96666666666667,-0.19276266223386737,0.25007149793268757
UBFC_PHYS_s06_T2_test,0,4440,148.0,-0.13325411161714473,-0.09969648239100846
UBFC_PHYS_s06_T2_test,0,4441,148.03333333333333,-0.05895447143981216,-0.45510717664673944
UBFC_PHYS_s06_T2_test,0,4442,148.06666666666666,0.01945217010464695,-0.7905242344883074
UBFC_PHYS_s06_T2_test,0,4443,148.1,0.09422849509024898,-1.0669953311509057
UBFC_PHYS_s06_T2_test,0,4444,148.13333333333333,0.15812854122826267,-1.2485624745335886
UBFC_PHYS_s06_T2_test,0,4445,148.16666666666666,0.20561119254164784,-1.3013023898057587
UBFC_PHYS_s06_T2_test,0,4446,148.2,0.23487120971848527,-1.2016531391001803
UBFC_PHYS_s06_T2_test,0,4447,148.23333333333332,0.24613686564957998,-0.9367092823883651
UBFC_PHYS_s06_T2_test,0,4448,148.26666666666668,0.2393597037773141,-0.537731587032839
UBFC_PHYS_s06_T2_test,0,4449,148.3,0.21478177829958037,-0.0811480328712115
UBFC_PHYS_s06_T2_test,0,4450,148.33333333333334,0.17310311152343227,0.3644231856768027
UBFC_PHYS_s06_T2_test,0,4451,148.36666666666667,0.11398435354462065,0.7368705073733968
UBFC_PHYS_s06_T2_test,0,4452,148.4,0.03758988685579884,1.0054563263742444
UBFC_PHYS_s06_T2_test,0,4453,148.43333333333334,-0.05149496814166605,1.1690261855686939
UBFC_PHYS_s06_T2_test,0,4454,148.46666666666667,-0.14460078265677676,1.2226244103378026
UBFC_PHYS_s06_T2_test,0,4455,148.5,-0.23313205664224987,1.1564637240256532
UBFC_PHYS_s06_T2_test,0,4456,148.53333333333333,-0.30970053117998275,0.9818235882550996
UBFC_PHYS_s06_T2_test,0,4457,148.56666666666666,-0.365262462774781,0.7312077719474616
UBFC_PHYS_s06_T2_test,0,4458,148.6,-0.38824907739101355,0.4273071099036566
UBFC_PHYS_s06_T2_test,0,4459,148.63333333333333,-0.36935449804938236,0.08415854332905146
UBFC_PHYS_s06_T2_test,0,4460,148.66666666666666,-0.3080063028455349,-0.27623370111724527
UBFC_PHYS_s06_T2_test,0,4461,148.7,-0.21342359671795896,-0.6220526782946223
UBFC_PHYS_s06_T2_test,0,4462,148.73333333333332,-0.09986925439731603,-0.9255838548457757
UBFC_PHYS_s06_T2_test,0,4463,148.76666666666668,0.017380498242837203,-1.1615185329864768
UBFC_PHYS_s06_T2_test,0,4464,148.8,0.12310260129317785,-1.300972454300245
UBFC_PHYS_s06_T2_test,0,4465,148.83333333333334,0.20415604027038114,-1.3106203281184534
UBFC_PHYS_s06_T2_test,0,4466,148.86666666666667,0.2532379955639692,-1.1657260979204456
UBFC_PHYS_s06_T2_test,0,4467,148.9,0.27056350882616714,-0.8507929787816897
UBFC_PHYS_s06_T2_test,0,4468,148.93333333333334,0.26173227773594004,-0.4106309054840078
UBFC_PHYS_s06_T2_test,0,4469,148.96666666666667,0.23408631974860472,0.04865826509039031
UBFC_PHYS_s06_T2_test,0,4470,149.0,0.19406090667002268,0.45584436007547857
UBFC_PHYS_s06_T2_test,0,4471,149.03333333333333,0.1460491903930093,0.7733019970119314
UBFC_PHYS_s06_T2_test,0,4472,149.06666666666666,0.09310406603464791,0.9802108005992386
UBFC_PHYS_s06_T2_test,0,4473,149.1,0.0390857895619727,1.070850683793716
UBFC_PHYS_s06_T2_test,0,4474,149.13333333333333,-0.010799295680973393,1.048897854822367
UBFC_PHYS_s06_T2_test,0,4475,149.16666666666666,-0.05264219183529298,0.9266440389971148
UBFC_PHYS_s06_T2_test,0,4476,149.2,-0.08593155166407956,0.7221076573844186
UBFC_PHYS_s06_T2_test,0,4477,149.23333333333332,-0.11129694862359367,0.4593736175864398
UBFC_PHYS_s06_T2_test,0,4478,149.26666666666668,-0.12607279368483476,0.16077479847957638
UBFC_PHYS_s06_T2_test,0,4479,149.3,-0.12363951177969427,-0.1518772445297135
UBFC_PHYS_s06_T2_test,0,4480,149.33333333333334,-0.0986823808813892,-0.44861129663060506
UBFC_PHYS_s06_T2_test,0,4481,149.36666666666667,-0.053222868039147345,-0.6899221778374423
UBFC_PHYS_s06_T2_test,0,4482,149.4,0.0028854149533965034,-0.855161687349672
UBFC_PHYS_s06_T2_test,0,4483,149.43333333333334,0.05706257613801443,-0.941404818069132
UBFC_PHYS_s06_T2_test,0,4484,149.46666666666667,0.09970624751223231,-0.9353563638108908
UBFC_PHYS_s06_T2_test,0,4485,149.5,0.1265135011559885,-0.8131172870288926
UBFC_PHYS_s06_T2_test,0,4486,149.53333333333333,0.1374584010272426,-0.566238321077967
UBFC_PHYS_s06_T2_test,0,4487,149.56666666666666,0.13482231910213163,-0.2028418492033096
UBFC_PHYS_s06_T2_test,0,4488,149.6,0.1217601032343062,0.23082411647695336
UBFC_PHYS_s06_T2_test,0,4489,149.63333333333333,0.10103291308541397,0.6491129187792181
UBFC_PHYS_s06_T2_test,0,4490,149.66666666666666,0.07390397694854818,0.9768164207859527
UBFC_PHYS_s06_T2_test,0,4491,149.7,0.040249645157938906,1.1483379988088838
UBFC_PHYS_s06_T2_test,0,4492,149.73333333333332,-0.00024662963928042195,1.1550704539212613
UBFC_PHYS_s06_T2_test,0,4493,149.76666666666668,-0.04710247884722624,1.0444270890159457
UBFC_PHYS_s06_T2_test,0,4494,149.8,-0.09856009709243636,0.85148825536644
UBFC_PHYS_s06_T2_test,0,4495,149.83333333333334,-0.15148575818093948,0.5988054322771532
UBFC_PHYS_s06_T2_test,0,4496,149.86666666666667,-0.20150929155923766,0.311959917005038
UBFC_PHYS_s06_T2_test,0,4497,149.9,-0.2424994180058714,0.02066572821578954
UBFC_PHYS_s06_T2_test,0,4498,149.93333333333334,-0.2659085772454642,-0.2597373901124179
UBFC_PHYS_s06_T2_test,0,4499,149.96666666666667,-0.26266550750428325,-0.5266077868813522
UBFC_PHYS_s06_T2_test,0,4500,150.0,-0.22791543726410093,-0.7756464489744017
UBFC_PHYS_s06_T2_test,0,4501,150.03333333333333,-0.16491218447647488,-0.9990840225079148
UBFC_PHYS_s06_T2_test,0,4502,150.06666666666666,-0.08441016147938003,-1.1808994020174801
UBFC_PHYS_s06_T2_test,0,4503,150.1,0.000235325802341633,-1.2956692480846521
UBFC_PHYS_s06_T2_test,0,4504,150.13333333333333,0.07807043029855672,-1.3248824334258207
UBFC_PHYS_s06_T2_test,0,4505,150.16666666666666,0.14206618992810308,-1.2566578475569075
UBFC_PHYS_s06_T2_test,0,4506,150.2,0.18836691641993342,-1.0743949258417713
UBFC_PHYS_s06_T2_test,0,4507,150.23333333333332,0.2161490646987883,-0.7577650517472202
UBFC_PHYS_s06_T2_test,0,4508,150.26666666666668,0.22728057653367398,-0.30642013744048613
UBFC_PHYS_s06_T2_test,0,4509,150.3,0.22400313913499728,0.25769252888820066
UBFC_PHYS_s06_T2_test,0,4510,150.33333333333334,0.20691095345897054,0.8467606854542631
UBFC_PHYS_s06_T2_test,0,4511,150.36666666666667,0.1757401357142649,1.3055563172800055
UBFC_PHYS_s06_T2_test,0,4512,150.4,0.13126973304909528,1.572098668101544
UBFC_PHYS_s06_T2_test,0,4513,150.43333333333334,0.07584854581419027,1.6761219255292066
UBFC_PHYS_s06_T2_test,0,4514,150.46666666666667,0.012619117250562698,1.6355132795486533
UBFC_PHYS_s06_T2_test,0,4515,150.5,-0.05508517752733773,1.4550380423988158
UBFC_PHYS_s06_T2_test,0,4516,150.53333333333333,-0.1230886397312482,1.1614171567546347
UBFC_PHYS_s06_T2_test,0,4517,150.56666666666666,-0.18480370707831964,0.8038561169185993
UBFC_PHYS_s06_T2_test,0,4518,150.6,-0.23020414248338808,0.41541467148452793
UBFC_PHYS_s06_T2_test,0,4519,150.63333333333333,-0.2473943728462413,0.014639371873177494
UBFC_PHYS_s06_T2_test,0,4520,150.66666666666666,-0.22806384829671444,-0.37742690778731086
UBFC_PHYS_s06_T2_test,0,4521,150.7,-0.17347566101313872,-0.7349469437740094
UBFC_PHYS_s06_T2_test,0,4522,150.73333333333332,-0.09468949164140522,-1.0416208625954628
UBFC_PHYS_s06_T2_test,0,4523,150.76666666666668,-0.0067053731075343796,-1.2885622547685949
UBFC_PHYS_s06_T2_test,0,4524,150.8,0.0771294245541125,-1.4614712596309396
UBFC_PHYS_s06_T2_test,0,4525,150.83333333333334,0.1470634927533057,-1.5392561803864682
UBFC_PHYS_s06_T2_test,0,4526,150.86666666666667,0.19740402243417068,-1.5053401279079097
UBFC_PHYS_s06_T2_test,0,4527,150.9,0.22676634050765215,-1.3475773333973802
UBFC_PHYS_s06_T2_test,0,4528,150.93333333333334,0.23683417143005384,-1.0609056150474099
UBFC_PHYS_s06_T2_test,0,4529,150.96666666666667,0.22997475265703293,-0.6486363680452449
UBFC_PHYS_s06_T2_test,0,4530,151.0,0.20788340520140688,-0.13577332874507536
UBFC_PHYS_s06_T2_test,0,4531,151.03333333333333,0.17158108882614173,0.4287276047239029
UBFC_PHYS_s06_T2_test,0,4532,151.06666666666666,0.12171913148050269,0.9647885296614603
UBFC_PHYS_s06_T2_test,0,4533,151.1,0.05947101069685662,1.359442433272015
UBFC_PHYS_s06_T2_test,0,4534,151.13333333333333,-0.012194174882963434,1.5622082984348302
UBFC_PHYS_s06_T2_test,0,4535,151.16666666666666,-0.08875515798458443,1.5836955537911672
UBFC_PHYS_s06_T2_test,0,4536,151.2,-0.1655737474366772,1.4568843008696069
UBFC_PHYS_s06_T2_test,0,4537,151.23333333333332,-0.23730116602059376,1.2360145135875982
UBFC_PHYS_s06_T2_test,0,4538,151.26666666666668,-0.2950991584411013,0.9596064618997471
UBFC_PHYS_s06_T2_test,0,4539,151.3,-0.32659907590353066,0.6509455637810967
UBFC_PHYS_s06_T2_test,0,4540,151.33333333333334,-0.3215186727040621,0.33032341580329755
UBFC_PHYS_s06_T2_test,0,4541,151.36666666666667,-0.2785328917060619,0.01669329440174369
UBFC_PHYS_s06_T2_test,0,4542,151.4,-0.20666237127521692,-0.2815232006524193
UBFC_PHYS_s06_T2_test,0,4543,151.43333333333334,-0.1198178701444149,-0.5643937773404012
UBFC_PHYS_s06_T2_test,0,4544,151.46666666666667,-0.029795536432627924,-0.8244418487611305
UBFC_PHYS_s06_T2_test,0,4545,151.5,0.056053543109639524,-1.0447977758134666
UBFC_PHYS_s06_T2_test,0,4546,151.53333333333333,0.13232058701224447,-1.2106403405964843
UBFC_PHYS_s06_T2_test,0,4547,151.56666666666666,0.19342276734739092,-1.3080173068705947
UBFC_PHYS_s06_T2_test,0,4548,151.6,0.23463455789823262,-1.3187991891889852
UBFC_PHYS_s06_T2_test,0,4549,151.63333333333333,0.25375488042825484,-1.2204923787705553
UBFC_PHYS_s06_T2_test,0,4550,151.66666666666666,0.2510989419200382,-1.0023497862929713
UBFC_PHYS_s06_T2_test,0,4551,151.7,0.2285706425600743,-0.6663909541626394
UBFC_PHYS_s06_T2_test,0,4552,151.73333333333332,0.1887921655365564,-0.23995022210034306
UBFC_PHYS_s06_T2_test,0,4553,151.76666666666668,0.13444695484964744,0.22268349533330634
UBFC_PHYS_s06_T2_test,0,4554,151.8,0.06844230916988917,0.6606390014482033
UBFC_PHYS_s06_T2_test,0,4555,151.83333333333334,-0.005031793385082004,1.0048750888175033
UBFC_PHYS_s06_T2_test,0,4556,151.86666666666667,-0.0797871418671233,1.218029347666771
UBFC_PHYS_s06_T2_test,0,4557,151.9,-0.147662742350495,1.2930039679126772
UBFC_PHYS_s06_T2_test,0,4558,151.93333333333334,-0.1985914593835572,1.245568302383591
UBFC_PHYS_s06_T2_test,0,4559,151.96666666666667,-0.2217423793430055,1.1133533335441732
UBFC_PHYS_s06_T2_test,0,4560,152.0,-0.209845212004833,0.9239170394710543
UBFC_PHYS_s06_T2_test,0,4561,152.03333333333333,-0.16476994659215555,0.6948977266146942
UBFC_PHYS_s06_T2_test,0,4562,152.06666666666666,-0.09810886391891993,0.4392745649009089
UBFC_PHYS_s06_T2_test,0,4563,152.1,-0.02499225624778972,0.16664762587937115
UBFC_PHYS_s06_T2_test,0,4564,152.13333333333333,0.0425273755094073,-0.11523718645183034
UBFC_PHYS_s06_T2_test,0,4565,152.16666666666666,0.09765782671119645,-0.39873700978449694
UBFC_PHYS_s06_T2_test,0,4566,152.2,0.13842849438716948,-0.6717093050333782
UBFC_PHYS_s06_T2_test,0,4567,152.23333333333332,0.16650243326102251,-0.9158094548644367
UBFC_PHYS_s06_T2_test,0,4568,152.26666666666668,0.18423799483324155,-1.1120861724090079
UBFC_PHYS_s06_T2_test,0,4569,152.3,0.19148831654717088,-1.2397654311180406
UBFC_PHYS_s06_T2_test,0,4570,152.33333333333334,0.18578782071356773,-1.277257291162881
UBFC_PHYS_s06_T2_test,0,4571,152.36666666666667,0.1649758070397322,-1.2018633383102015
UBFC_PHYS_s06_T2_test,0,4572,152.4,0.1283724280496202,-1.0040741700284253
UBFC_PHYS_s06_T2_test,0,4573,152.43333333333334,0.076184546508746,-0.6883983537039873
UBFC_PHYS_s06_T2_test,0,4574,152.46666666666667,0.009278234437663709,-0.28286104910840537
UBFC_PHYS_s06_T2_test,0,4575,152.5,-0.06969233214236221,0.15951578779639017
UBFC_PHYS_s06_T2_test,0,4576,152.53333333333333,-0.15405599718291682,0.5803465494275661
UBFC_PHYS_s06_T2_test,0,4577,152.56666666666666,-0.23137132972673524,0.9143650060782109
UBFC_PHYS_s06_T2_test,0,4578,152.6,-0.2852419142295638,1.1313514245455794
UBFC_PHYS_s06_T2_test,0,4579,152.63333333333333,-0.30218008639240806,1.2345859201827198
UBFC_PHYS_s06_T2_test,0,4580,152.66666666666666,-0.2790319081286787,1.232938164692769
UBFC_PHYS_s06_T2_test,0,4581,152.7,-0.22370221895225534,1.139861356047633
UBFC_PHYS_s06_T2_test,0,4582,152.73333333333332,-0.14903482742827542,0.976829083335919
UBFC_PHYS_s06_T2_test,0,4583,152.76666666666668,-0.06724810653160841,0.773390280104916
UBFC_PHYS_s06_T2_test,0,4584,152.8,0.011258516455513547,0.5488228509019271
UBFC_PHYS_s06_T2_test,0,4585,152.83333333333334,0.0781594898876207,0.3130597769437263
UBFC_PHYS_s06_T2_test,0,4586,152.86666666666667,0.12880198611097365,0.06860549512108172
UBFC_PHYS_s06_T2_test,0,4587,152.9,0.16259559383578984,-0.18781098886382305
UBFC_PHYS_s06_T2_test,0,4588,152.93333333333334,0.18092120111609464,-0.45164542514330586
UBFC_PHYS_s06_T2_test,0,4589,152.96666666666667,0.18528359367832628,-0.7087918901538559
UBFC_PHYS_s06_T2_test,0,4590,153.0,0.1771336769350096,-0.9389993035878494
UBFC_PHYS_s06_T2_test,0,4591,153.03333333333333,0.1572147320150143,-1.1145771020314057
UBFC_PHYS_s06_T2_test,0,4592,153.06666666666666,0.12442492990744328,-1.2051161842038756
UBFC_PHYS_s06_T2_test,0,4593,153.1,0.07761964933235393,-1.177083829591475
UBFC_PHYS_s06_T2_test,0,4594,153.13333333333333,0.019391261481362214,-1.0221514724758924
UBFC_PHYS_s06_T2_test,0,4595,153.16666666666666,-0.04396880150406592,-0.7576283532146371
UBFC_PHYS_s06_T2_test,0,4596,153.2,-0.10642432125795669,-0.41740008224127956
UBFC_PHYS_s06_T2_test,0,4597,153.23333333333332,-0.16340089264812624,-0.05285606058815461
UBFC_PHYS_s06_T2_test,0,4598,153.26666666666668,-0.2085593189373786,0.28690177196453026
UBFC_PHYS_s06_T2_test,0,4599,153.3,-0.2323106293399379,0.5538421800569103
UBFC_PHYS_s06_T2_test,0,4600,153.33333333333334,-0.22601559722658332,0.7299528880151018
UBFC_PHYS_s06_T2_test,0,4601,153.36666666666667,-0.18799570764416793,0.8258231479814955
UBFC_PHYS_s06_T2_test,0,4602,153.4,-0.12499993511178008,0.8509842670960528
UBFC_PHYS_s06_T2_test,0,4603,153.43333333333334,-0.04812232041586337,0.8129268583580309
UBFC_PHYS_s06_T2_test,0,4604,153.46666666666667,0.031889925323287285,0.720968470562865
UBFC_PHYS_s06_T2_test,0,4605,153.5,0.10660455762446888,0.5862439749871093
UBFC_PHYS_s06_T2_test,0,4606,153.53333333333333,0.17083944712941282,0.43995120402006915
UBFC_PHYS_s06_T2_test,0,4607,153.56666666666666,0.22301048856114494,0.33341287967696004
UBFC_PHYS_s06_T2_test,0,4608,153.6,0.2628822718102706,0.2566024016240612
UBFC_PHYS_s06_T2_test,0,4609,153.63333333333333,0.28884079219435926,0.13919908472692608
UBFC_PHYS_s06_T2_test,0,4610,153.66666666666666,0.29885251104696003,-0.043996252242197866
UBFC_PHYS_s06_T2_test,0,4611,153.7,0.2934678239594578,-0.2714877514354282
UBFC_PHYS_s06_T2_test,0,4612,153.73333333333332,0.2757980266238074,-0.5066710325640145
UBFC_PHYS_s06_T2_test,0,4613,153.76666666666668,0.24851474302565127,-0.6972536048793577
UBFC_PHYS_s06_T2_test,0,4614,153.8,0.21209766417610249,-0.806849153332938
UBFC_PHYS_s06_T2_test,0,4615,153.83333333333334,0.16536081719149714,-0.8146637601147874
UBFC_PHYS_s06_T2_test,0,4616,153.86666666666667,0.1066546881299772,-0.7286715203726373
UBFC_PHYS_s06_T2_test,0,4617,153.9,0.03531031771079994,-0.5853435892441267
UBFC_PHYS_s06_T2_test,0,4618,153.93333333333334,-0.047432596403479174,-0.4256099869959229
UBFC_PHYS_s06_T2_test,0,4619,153.96666666666667,-0.1383449815983799,-0.29473444774932483
UBFC_PHYS_s06_T2_test,0,4620,154.0,-0.23087049442813048,-0.19829280880679553
UBFC_PHYS_s06_T2_test,0,4621,154.03333333333333,-0.31345666438320174,-0.10298749107555205
UBFC_PHYS_s06_T2_test,0,4622,154.06666666666666,-0.37288448520891376,0.014135743838921293
UBFC_PHYS_s06_T2_test,0,4623,154.1,-0.40140005567451376,0.16430036938551007
UBFC_PHYS_s06_T2_test,0,4624,154.13333333333333,-0.39892467743739857,0.35102190745170825
UBFC_PHYS_s06_T2_test,0,4625,154.16666666666666,-0.36904520712196415,0.5688874581157155
UBFC_PHYS_s06_T2_test,0,4626,154.2,-0.31657653955889636,0.7800688557981451
UBFC_PHYS_s06_T2_test,0,4627,154.23333333333332,-0.24849413401054082,0.9138139387783516
UBFC_PHYS_s06_T2_test,0,4628,154.26666666666668,-0.1727490513905193,0.9264370153589256
UBFC_PHYS_s06_T2_test,0,4629,154.3,-0.09561804678460255,0.8015913646707629
UBFC_PHYS_s06_T2_test,0,4630,154.33333333333334,-0.022344699213532902,0.5592325861753769
UBFC_PHYS_s06_T2_test,0,4631,154.36666666666667,0.04156784703881847,0.2559215613726472
UBFC_PHYS_s06_T2_test,0,4632,154.4,0.09176241186208078,-0.06588520629235228
UBFC_PHYS_s06_T2_test,0,4633,154.43333333333334,0.12506701909960904,-0.37689264901897807
UBFC_PHYS_s06_T2_test,0,4634,154.46666666666667,0.1369282540516515,-0.652439231499116
UBFC_PHYS_s06_T2_test,0,4635,154.5,0.12178086305842008,-0.8709802262465265
UBFC_PHYS_s06_T2_test,0,4636,154.53333333333333,0.07713363327933771,-1.0046817470455314
UBFC_PHYS_s06_T2_test,0,4637,154.56666666666666,0.006081700701106675,-1.0186556302865162
UBFC_PHYS_s06_T2_test,0,4638,154.6,-0.08321415888212444,-0.8963196354115935
UBFC_PHYS_s06_T2_test,0,4639,154.63333333333333,-0.17812733657519042,-0.6397735721937905
UBFC_PHYS_s06_T2_test,0,4640,154.66666666666666,-0.26110063066639566,-0.2730639456606583
UBFC_PHYS_s06_T2_test,0,4641,154.7,-0.31075288566790005,0.15667337739174825
UBFC_PHYS_s06_T2_test,0,4642,154.73333333333332,-0.3084446933103208,0.5772822000641442
UBFC_PHYS_s06_T2_test,0,4643,154.76666666666668,-0.24823823338805967,0.8905932137068623
UBFC_PHYS_s06_T2_test,0,4644,154.8,-0.13990998302036475,1.0516122401814512
UBFC_PHYS_s06_T2_test,0,4645,154.83333333333334,-0.0003999015936007426,1.0675886268526817
UBFC_PHYS_s06_T2_test,0,4646,154.86666666666667,0.15612355626218577,0.9676507742735778
UBFC_PHYS_s06_T2_test,0,4647,154.9,0.31975918034200423,0.801882706073738
UBFC_PHYS_s06_T2_test,0,4648,154.93333333333334,0.48099670336567546,0.5915888896814326
UBFC_PHYS_s06_T2_test,0,4649,154.96666666666667,0.628224482077137,0.32991235234506716
UBFC_PHYS_s06_T2_test,0,4650,155.0,0.7476193488713324,0.03164131576288111
UBFC_PHYS_s06_T2_test,0,4651,155.03333333333333,0.8244680186665246,-0.2652863786861413
UBFC_PHYS_s06_T2_test,0,4652,155.06666666666666,0.8457558800840679,-0.5266188633644747
UBFC_PHYS_s06_T2_test,0,4653,155.1,0.8019517025501536,-0.7205877809117077
UBFC_PHYS_s06_T2_test,0,4654,155.13333333333333,0.6880696602720073,-0.8153102898233481
UBFC_PHYS_s06_T2_test,0,4655,155.16666666666666,0.5082167733266956,-0.7782559503022015
UBFC_PHYS_s06_T2_test,0,4656,155.2,0.28126064339671364,-0.6066218076434676
UBFC_PHYS_s06_T2_test,0,4657,155.23333333333332,0.03790042027670791,-0.3276217852475962
UBFC_PHYS_s06_T2_test,0,4658,155.26666666666668,-0.1911240198520469,0.0011177589429420959
UBFC_PHYS_s06_T2_test,0,4659,155.3,-0.38422879175073427,0.2912677809752123
UBFC_PHYS_s06_T2_test,0,4660,155.33333333333334,-0.5292484348677976,0.47865447151532675
UBFC_PHYS_s06_T2_test,0,4661,155.36666666666667,-0.6188099707355088,0.5230680570274701
UBFC_PHYS_s06_T2_test,0,4662,155.4,-0.6473700135984534,0.44433138724209104
UBFC_PHYS_s06_T2_test,0,4663,155.43333333333334,-0.6138179472306519,0.3214393515482769
UBFC_PHYS_s06_T2_test,0,4664,155.46666666666667,-0.5268584931907474,0.18786274760491978
UBFC_PHYS_s06_T2_test,0,4665,155.5,-0.4053789528051861,0.03148211402085178
UBFC_PHYS_s06_T2_test,0,4666,155.53333333333333,-0.2725215376869783,-0.16045995774469096
UBFC_PHYS_s06_T2_test,0,4667,155.56666666666666,-0.15030001129678316,-0.39986615452627594
UBFC_PHYS_s06_T2_test,0,4668,155.6,-0.05720520031534525,-0.6624784356800997
UBFC_PHYS_s06_T2_test,0,4669,155.63333333333333,-0.005159290543087967,-0.8868718098024879
UBFC_PHYS_s06_T2_test,0,4670,155.66666666666666,0.003794917751734725,-1.0279607633859205
UBFC_PHYS_s06_T2_test,0,4671,155.7,-0.023229035536546094,-1.0567168060895058
UBFC_PHYS_s06_T2_test,0,4672,155.73333333333332,-0.07491833158425085,-0.9456721610738545
UBFC_PHYS_s06_T2_test,0,4673,155.76666666666668,-0.14054524936491025,-0.6695463758290227
UBFC_PHYS_s06_T2_test,0,4674,155.8,-0.211503776434081,-0.2441834778327054
UBFC_PHYS_s06_T2_test,0,4675,155.83333333333334,-0.2807121335954457,0.2718743880728517
UBFC_PHYS_s06_T2_test,0,4676,155.86666666666667,-0.34224584334881364,0.783989016514666
UBFC_PHYS_s06_T2_test,0,4677,155.9,-0.3908921455117012,1.1604000357449633
UBFC_PHYS_s06_T2_test,0,4678,155.93333333333334,-0.41963650490742976,1.3436519427325808
UBFC_PHYS_s06_T2_test,0,4679,155.96666666666667,-0.4166477244799848,1.3495017939367315
UBFC_PHYS_s06_T2_test,0,4680,156.0,-0.3668781005447284,1.2068483377997599
UBFC_PHYS_s06_T2_test,0,4681,156.03333333333333,-0.2594557742619953,0.9568173760522182
UBFC_PHYS_s06_T2_test,0,4682,156.06666666666666,-0.09585866993454842,0.6262028435020364
UBFC_PHYS_s06_T2_test,0,4683,156.1,0.10598642288977245,0.22845878104798195
UBFC_PHYS_s06_T2_test,0,4684,156.13333333333333,0.31479286427914777,-0.19973464843375976
UBFC_PHYS_s06_T2_test,0,4685,156.16666666666666,0.4975750034159351,-0.5966947749681669
UBFC_PHYS_s06_T2_test,0,4686,156.2,0.6325877424970853,-0.9153495310512445
UBFC_PHYS_s06_T2_test,0,4687,156.23333333333332,0.7121826484268583,-1.1217597334186034
UBFC_PHYS_s06_T2_test,0,4688,156.26666666666668,0.736670480054894,-1.1844423802622714
UBFC_PHYS_s06_T2_test,0,4689,156.3,0.7105678193033353,-1.0738075654963624
UBFC_PHYS_s06_T2_test,0,4690,156.33333333333334,0.6438015686221394,-0.7930285673597308
UBFC_PHYS_s06_T2_test,0,4691,156.36666666666667,0.550235406895934,-0.37875306557042865
UBFC_PHYS_s06_T2_test,0,4692,156.4,0.4428160019729936,0.10392276201112416
UBFC_PHYS_s06_T2_test,0,4693,156.43333333333334,0.3324364837165563,0.5603506829554177
UBFC_PHYS_s06_T2_test,0,4694,156.46666666666667,0.2300927201511133,0.9103251221686981
UBFC_PHYS_s06_T2_test,0,4695,156.5,0.14494009094204105,1.0871149679661207
UBFC_PHYS_s06_T2_test,0,4696,156.53333333333333,0.07689002338194076,1.0777576978636798
UBFC_PHYS_s06_T2_test,0,4697,156.56666666666666,0.010419454631711275,0.9221629598867604
UBFC_PHYS_s06_T2_test,0,4698,156.6,-0.0802328252307248,0.6594748154457258
UBFC_PHYS_s06_T2_test,0,4699,156.63333333333333,-0.20908819013767993,0.32806270804908577
UBFC_PHYS_s06_T2_test,0,4700,156.66666666666666,-0.3558974962428453,-0.03187930164931689
UBFC_PHYS_s06_T2_test,0,4701,156.7,-0.4732849870728553,-0.3771061930133612
UBFC_PHYS_s06_T2_test,0,4702,156.73333333333332,-0.5231761663876306,-0.6736784559586413
UBFC_PHYS_s06_T2_test,0,4703,156.76666666666668,-0.5026637652009994,-0.8954540589644462
UBFC_PHYS_s06_T2_test,0,4704,156.8,-0.4359892314996821,-1.0152451471873944
UBFC_PHYS_s06_T2_test,0,4705,156.83333333333334,-0.3532772829046242,-1.0040014712938397
UBFC_PHYS_s06_T2_test,0,4706,156.86666666666667,-0.27800170539156277,-0.848392049060074
UBFC_PHYS_s06_T2_test,0,4707,156.9,-0.22285594571156325,-0.5512628433207274
UBFC_PHYS_s06_T2_test,0,4708,156.93333333333334,-0.1929840665213769,-0.14673826580687288
UBFC_PHYS_s06_T2_test,0,4709,156.96666666666667,-0.1925467711316035,0.29863630025928145
UBFC_PHYS_s06_T2_test,0,4710,157.0,-0.21982068815882816,0.7008873181087696
UBFC_PHYS_s06_T2_test,0,4711,157.03333333333333,-0.2542184299107338,0.9578434736078747
UBFC_PHYS_s06_T2_test,0,4712,157.06666666666666,-0.2604709434457131,1.0355643620033272
UBFC_PHYS_s06_T2_test,0,4713,157.1,-0.21331057130297393,0.9674819253826649
UBFC_PHYS_s06_T2_test,0,4714,157.13333333333333,-0.11672144826427333,0.787820914204357
UBFC_PHYS_s06_T2_test,0,4715,157.16666666666666,-0.0005836914853496952,0.5311101595669804
UBFC_PHYS_s06_T2_test,0,4716,157.2,0.10066521996228422,0.22659791504881796
UBFC_PHYS_s06_T2_test,0,4717,157.23333333333332,0.17167956511930005,-0.10073760647201807
UBFC_PHYS_s06_T2_test,0,4718,157.26666666666668,0.22421380016392575,-0.418662409783825
UBFC_PHYS_s06_T2_test,0,4719,157.3,0.282609160782725,-0.686254611338151
UBFC_PHYS_s06_T2_test,0,4720,157.33333333333334,0.35984645566430506,-0.8783064703672167
UBFC_PHYS_s06_T2_test,0,4721,157.36666666666667,0.4456761554939711,-0.9841205203058083
UBFC_PHYS_s06_T2_test,0,4722,157.4,0.5150950993481193,-0.9843069966252975
UBFC_PHYS_s06_T2_test,0,4723,157.43333333333334,0.5453698725872357,-0.8505774135851567
UBFC_PHYS_s06_T2_test,0,4724,157.46666666666667,0.5260015594936269,-0.5759937369582269
UBFC_PHYS_s06_T2_test,0,4725,157.5,0.4597033686642542,-0.1761262995058607
UBFC_PHYS_s06_T2_test,0,4726,157.53333333333333,0.35944757182184345,0.2803710323010898
UBFC_PHYS_s06_T2_test,0,4727,157.56666666666666,0.2414566796544595,0.6708689506803351
UBFC_PHYS_s06_T2_test,0,4728,157.6,0.11686005296536751,0.9187750087809672
UBFC_PHYS_s06_T2_test,0,4729,157.63333333333333,-0.009815462121787227,0.9929364380518853
UBFC_PHYS_s06_T2_test,0,4730,157.66666666666666,-0.13591041593560285,0.9044100016925424
UBFC_PHYS_s06_T2_test,0,4731,157.7,-0.25735323213670613,0.7056088488248669
UBFC_PHYS_s06_T2_test,0,4732,157.73333333333332,-0.3678802060962473,0.43713118896556336
UBFC_PHYS_s06_T2_test,0,4733,157.76666666666668,-0.4577751900566182,0.12801625563346017
UBFC_PHYS_s06_T2_test,0,4734,157.8,-0.5135282054400401,-0.18640899591889853
UBFC_PHYS_s06_T2_test,0,4735,157.83333333333334,-0.52123238164411,-0.4633277953109666
UBFC_PHYS_s06_T2_test,0,4736,157.86666666666667,-0.4732400775111969,-0.6785784646815584
UBFC_PHYS_s06_T2_test,0,4737,157.9,-0.37407545281166843,-0.8253597797112795
UBFC_PHYS_s06_T2_test,0,4738,157.93333333333334,-0.24045370879433256,-0.8840205200112554
UBFC_PHYS_s06_T2_test,0,4739,157.96666666666667,-0.09516107760859534,-0.8215681356568187
UBFC_PHYS_s06_T2_test,0,4740,158.0,0.03984162880653745,-0.6187907651693503
UBFC_PHYS_s06_T2_test,0,4741,158.03333333333333,0.14790006812623024,-0.27125391152388256
UBFC_PHYS_s06_T2_test,0,4742,158.06666666666666,0.2198525459413184,0.1753195633664611
UBFC_PHYS_s06_T2_test,0,4743,158.1,0.2531478529974614,0.6238808202177164
UBFC_PHYS_s06_T2_test,0,4744,158.13333333333333,0.2489469449195736,0.9783511528832017
UBFC_PHYS_s06_T2_test,0,4745,158.16666666666666,0.21076646788708173,1.1431831597542703
UBFC_PHYS_s06_T2_test,0,4746,158.2,0.1448668565686536,1.1010620369139443
UBFC_PHYS_s06_T2_test,0,4747,158.23333333333332,0.05961181515473617,0.9122362150101911
UBFC_PHYS_s06_T2_test,0,4748,158.26666666666668,-0.03617522936996885,0.6294834153036861
UBFC_PHYS_s06_T2_test,0,4749,158.3,-0.1328803150575645,0.29796215992508523
UBFC_PHYS_s06_T2_test,0,4750,158.33333333333334,-0.21666996202298927,-0.0448249814333297
UBFC_PHYS_s06_T2_test,0,4751,158.36666666666667,-0.2675436549171278,-0.3677135855784275
UBFC_PHYS_s06_T2_test,0,4752,158.4,-0.2658022375715525,-0.6459508812900651
UBFC_PHYS_s06_T2_test,0,4753,158.43333333333334,-0.20471415579199354,-0.859573371354489
UBFC_PHYS_s06_T2_test,0,4754,158.46666666666667,-0.09649548899047862,-0.9964496963242249
UBFC_PHYS_s06_T2_test,0,4755,158.5,0.03470374452061403,-1.0510838033206
UBFC_PHYS_s06_T2_test,0,4756,158.53333333333333,0.1639178842977043,-1.0011509513770875
UBFC_PHYS_s06_T2_test,0,4757,158.56666666666666,0.2711130478436827,-0.8077436306622288
UBFC_PHYS_s06_T2_test,0,4758,158.6,0.3424894765558309,-0.46865929682292895
UBFC_PHYS_s06_T2_test,0,4759,158.63333333333333,0.3709767704652167,-0.019854303950837288
UBFC_PHYS_s06_T2_test,0,4760,158.66666666666666,0.3556744284077053,0.45533948119490714
UBFC_PHYS_s06_T2_test,0,4761,158.7,0.30004482735235344,0.8253868823333815
UBFC_PHYS_s06_T2_test,0,4762,158.73333333333332,0.2101394994022077,1.0168876317704998
UBFC_PHYS_s06_T2_test,0,4763,158.76666666666668,0.093161971296701,1.0140227550109704
UBFC_PHYS_s06_T2_test,0,4764,158.8,-0.04295031931131217,0.8456010440832908
UBFC_PHYS_s06_T2_test,0,4765,158.83333333333334,-0.18733815377651958,0.5842325348735494
UBFC_PHYS_s06_T2_test,0,4766,158.86666666666667,-0.32255996279710103,0.2901976130948802
UBFC_PHYS_s06_T2_test,0,4767,158.9,-0.42406201036547175,0.011567369117963404
UBFC_PHYS_s06_T2_test,0,4768,158.93333333333334,-0.4665537710050647,-0.23146847727179784
UBFC_PHYS_s06_T2_test,0,4769,158.96666666666667,-0.43500840286735765,-0.44520202472267306
UBFC_PHYS_s06_T2_test,0,4770,159.0,-0.3318465071894999,-0.6231157117027091
UBFC_PHYS_s06_T2_test,0,4771,159.03333333333333,-0.17475602583457261,-0.7445558010505415
UBFC_PHYS_s06_T2_test,0,4772,159.06666666666666,0.010685296787130427,-0.7845668907767239
UBFC_PHYS_s06_T2_test,0,4773,159.1,0.19713079923282134,-0.7137622724548615
UBFC_PHYS_s06_T2_test,0,4774,159.13333333333333,0.3601953745085196,-0.5232958175333721
UBFC_PHYS_s06_T2_test,0,4775,159.16666666666666,0.483274206667677,-0.2256509891278553
UBFC_PHYS_s06_T2_test,0,4776,159.2,0.5594747211598898,0.12471665516968267
UBFC_PHYS_s06_T2_test,0,4777,159.23333333333332,0.5884311627582777,0.43078473489643165
UBFC_PHYS_s06_T2_test,0,4778,159.26666666666668,0.5718971867884556,0.6233632455197939
UBFC_PHYS_s06_T2_test,0,4779,159.3,0.5124656879602622,0.6608627396593412
UBFC_PHYS_s06_T2_test,0,4780,159.33333333333334,0.41396475874293204,0.5493433672522087
UBFC_PHYS_s06_T2_test,0,4781,159.36666666666667,0.281387298634856,0.34204150010442697
UBFC_PHYS_s06_T2_test,0,4782,159.4,0.12280043221763634,0.1024015180242553
UBFC_PHYS_s06_T2_test,0,4783,159.43333333333334,-0.0461777453862415,-0.09629218626235816
UBFC_PHYS_s06_T2_test,0,4784,159.46666666666667,-0.2023875032585069,-0.22631975624987635
UBFC_PHYS_s06_T2_test,0,4785,159.5,-0.3255610668258591,-0.3049204681189786
UBFC_PHYS_s06_T2_test,0,4786,159.53333333333333,-0.41157771545734395,-0.34681781808812157
UBFC_PHYS_s06_T2_test,0,4787,159.56666666666666,-0.47400942073566477,-0.36324544516441887
UBFC_PHYS_s06_T2_test,0,4788,159.6,-0.532902878187694,-0.34302001010912714
UBFC_PHYS_s06_T2_test,0,4789,159.63333333333333,-0.6025034470378288,-0.25275200511004364
UBFC_PHYS_s06_T2_test,0,4790,159.66666666666666,-0.6832504770050111,-0.0719322521072939
UBFC_PHYS_s06_T2_test,0,4791,159.7,-0.7571267338955056,0.2058322860588369
UBFC_PHYS_s06_T2_test,0,4792,159.73333333333332,-0.7898604521179932,0.5291347226005458
UBFC_PHYS_s06_T2_test,0,4793,159.76666666666668,-0.7424453702709106,0.788270696176813
UBFC_PHYS_s06_T2_test,0,4794,159.8,-0.5859578529511541,0.922539692417248
UBFC_PHYS_s06_T2_test,0,4795,159.83333333333334,-0.3137396677307989,0.9201599162326988
UBFC_PHYS_s06_T2_test,0,4796,159.86666666666667,0.04863476281372269,0.7867509249392203
UBFC_PHYS_s06_T2_test,0,4797,159.9,0.44045183637750296,0.5452224968181836
UBFC_PHYS_s06_T2_test,0,4798,159.93333333333334,0.7816327682418771,0.2381626082559114
UBFC_PHYS_s06_T2_test,0,4799,159.96666666666667,1.005371468439751,-0.07161728678539546
UBFC_PHYS_s06_T2_test,0,4800,160.0,1.0862206740108773,-0.34757405617516657
UBFC_PHYS_s06_T2_test,0,4801,160.03333333333333,1.0425609072240498,-0.5782217779180097
UBFC_PHYS_s06_T2_test,0,4802,160.06666666666666,0.9127765373898544,-0.7673524508169394
UBFC_PHYS_s06_T2_test,0,4803,160.1,0.7269211615178186,-0.932233753486638
UBFC_PHYS_s06_T2_test,0,4804,160.13333333333333,0.4964472245645924,-1.063200472833246
UBFC_PHYS_s06_T2_test,0,4805,160.16666666666666,0.22271804624076125,-1.1227208301267073
UBFC_PHYS_s06_T2_test,0,4806,160.2,-0.08903498511102628,-1.0620052068418395
UBFC_PHYS_s06_T2_test,0,4807,160.23333333333332,-0.42051579354882707,-0.8219671320685124
UBFC_PHYS_s06_T2_test,0,4808,160.26666666666668,-0.7408410635837025,-0.40663065284569366
UBFC_PHYS_s06_T2_test,0,4809,160.3,-1.0150362531706278,0.11527201841851323
UBFC_PHYS_s06_T2_test,0,4810,160.33333333333334,-1.2106707502922007,0.6442372177513458
UBFC_PHYS_s06_T2_test,0,4811,160.36666666666667,-1.2964539090629357,1.0491154434823124
UBFC_PHYS_s06_T2_test,0,4812,160.4,-1.2422815306736292,1.263373140530401
UBFC_PHYS_s06_T2_test,0,4813,160.43333333333334,-1.0339137169036552,1.284104466629621
UBFC_PHYS_s06_T2_test,0,4814,160.46666666666667,-0.6943480058548092,1.1271738005539058
UBFC_PHYS_s06_T2_test,0,4815,160.5,-0.2850746078497469,0.8266077754111402
UBFC_PHYS_s06_T2_test,0,4816,160.53333333333333,0.12228176530704943,0.43367638240577766
UBFC_PHYS_s06_T2_test,0,4817,160.56666666666666,0.47913080773499905,0.01756996813060724
UBFC_PHYS_s06_T2_test,0,4818,160.6,0.7701650131947338,-0.3745680044021585
UBFC_PHYS_s06_T2_test,0,4819,160.63333333333333,0.9991556418616896,-0.7160164423222479
UBFC_PHYS_s06_T2_test,0,4820,160.66666666666666,1.1676392453641622,-0.9865386085265266
UBFC_PHYS_s06_T2_test,0,4821,160.7,1.2649169319934428,-1.1705207495164178
UBFC_PHYS_s06_T2_test,0,4822,160.73333333333332,1.274234209320095,-1.240791403379474
UBFC_PHYS_s06_T2_test,0,4823,160.76666666666668,1.185211486622641,-1.1580951010282805
UBFC_PHYS_s06_T2_test,0,4824,160.8,1.0034507567788873,-0.9036717158758854
UBFC_PHYS_s06_T2_test,0,4825,160.83333333333334,0.7526617864230712,-0.48040657046309493
UBFC_PHYS_s06_T2_test,0,4826,160.86666666666667,0.4658078085576194,0.049334221773413234
UBFC_PHYS_s06_T2_test,0,4827,160.9,0.1721519578587142,0.5624453088609672
UBFC_PHYS_s06_T2_test,0,4828,160.93333333333334,-0.10727862034573135,0.9713493497558696
UBFC_PHYS_s06_T2_test,0,4829,160.96666666666667,-0.35659874003260494,1.2228212351055219
UBFC_PHYS_s06_T2_test,0,4830,161.0,-0.5639704172931539,1.3006108656530624
UBFC_PHYS_s06_T2_test,0,4831,161.03333333333333,-0.7232651887196271,1.22409316170213
UBFC_PHYS_s06_T2_test,0,4832,161.06666666666666,-0.8327216465572587,1.017217605893157
UBFC_PHYS_s06_T2_test,0,4833,161.1,-0.8903834723181243,0.7083599582417005
UBFC_PHYS_s06_T2_test,0,4834,161.13333333333333,-0.8906576136498137,0.3375478683319012
UBFC_PHYS_s06_T2_test,0,4835,161.16666666666666,-0.8246320019293746,-0.04247594478387268
UBFC_PHYS_s06_T2_test,0,4836,161.2,-0.685781767096079,-0.3956117654759846
UBFC_PHYS_s06_T2_test,0,4837,161.23333333333332,-0.4800952214227231,-0.7007101950849813
UBFC_PHYS_s06_T2_test,0,4838,161.26666666666668,-0.23212823812734956,-0.9407295177799355
UBFC_PHYS_s06_T2_test,0,4839,161.3,0.021045012225247184,-1.1010299104192272
UBFC_PHYS_s06_T2_test,0,4840,161.33333333333334,0.24230855857692923,-1.153406861152546
UBFC_PHYS_s06_T2_test,0,4841,161.36666666666667,0.4012513577849062,-1.055748475249296
UBFC_PHYS_s06_T2_test,0,4842,161.4,0.4739888751696015,-0.7953078999243857
UBFC_PHYS_s06_T2_test,0,4843,161.43333333333334,0.44503421446921826,-0.3897698825999738
UBFC_PHYS_s06_T2_test,0,4844,161.46666666666667,0.317159769770836,0.09194423924991138
UBFC_PHYS_s06_T2_test,0,4845,161.5,0.12345236984969894,0.528751581883591
UBFC_PHYS_s06_T2_test,0,4846,161.53333333333333,-0.0744725583006517,0.8497511656568812
UBFC_PHYS_s06_T2_test,0,4847,161.56666666666666,-0.21189381707565275,1.033130428507973
UBFC_PHYS_s06_T2_test,0,4848,161.6,-0.25604848293499627,1.0711778483317076
UBFC_PHYS_s06_T2_test,0,4849,161.63333333333333,-0.22275400672422258,0.9691874914192316
UBFC_PHYS_s06_T2_test,0,4850,161.66666666666666,-0.16025387400825786,0.753250086541174
UBFC_PHYS_s06_T2_test,0,4851,161.7,-0.11191432122183187,0.4702335833873686
UBFC_PHYS_s06_T2_test,0,4852,161.73333333333332,-0.08645602191664456,0.1569239959083491
UBFC_PHYS_s06_T2_test,0,4853,161.76666666666668,-0.05995285997388982,-0.1590003106808968
UBFC_PHYS_s06_T2_test,0,4854,161.8,-0.005710681695995918,-0.45323291888286815
UBFC_PHYS_s06_T2_test,0,4855,161.83333333333334,0.07995216780048942,-0.7032680975043581
UBFC_PHYS_s06_T2_test,0,4856,161.86666666666667,0.17929605696901935,-0.890324401062144
UBFC_PHYS_s06_T2_test,0,4857,161.9,0.2698486013293337,-0.9980889851963034
UBFC_PHYS_s06_T2_test,0,4858,161.93333333333334,0.3343793034144593,-1.001972540321804
UBFC_PHYS_s06_T2_test,0,4859,161.96666666666667,0.3631894423936012,-0.8690462639934862
UBFC_PHYS_s06_T2_test,0,4860,162.0,0.35533542980403576,-0.5944464513686593
UBFC_PHYS_s06_T2_test,0,4861,162.03333333333333,0.3161118917631097,-0.20247438288346103
UBFC_PHYS_s06_T2_test,0,4862,162.06666666666666,0.2513341928170867,0.2381373804890043
UBFC_PHYS_s06_T2_test,0,4863,162.1,0.16632653918138274,0.6133848738907276
UBFC_PHYS_s06_T2_test,0,4864,162.13333333333333,0.06857415616156082,0.8654794318305841
UBFC_PHYS_s06_T2_test,0,4865,162.16666666666666,-0.033582445792266366,0.9918119598744888
UBFC_PHYS_s06_T2_test,0,4866,162.2,-0.1341723385248313,0.9961753314362356
UBFC_PHYS_s06_T2_test,0,4867,162.23333333333332,-0.2277163220793142,0.8877420614385739
UBFC_PHYS_s06_T2_test,0,4868,162.26666666666668,-0.3043929366879378,0.6806134090204563
UBFC_PHYS_s06_T2_test,0,4869,162.3,-0.349807359812355,0.394188387829677
UBFC_PHYS_s06_T2_test,0,4870,162.33333333333334,-0.3509742562891445,0.06388175626853425
UBFC_PHYS_s06_T2_test,0,4871,162.36666666666667,-0.304128020987413,-0.25784006804859005
UBFC_PHYS_s06_T2_test,0,4872,162.4,-0.2190880087307982,-0.5408794380933758
UBFC_PHYS_s06_T2_test,0,4873,162.43333333333334,-0.11669397223124314,-0.7760630264756405
UBFC_PHYS_s06_T2_test,0,4874,162.46666666666667,-0.020312920286844234,-0.9471456903538819
UBFC_PHYS_s06_T2_test,0,4875,162.5,0.05358964582672668,-1.0295884723870161
UBFC_PHYS_s06_T2_test,0,4876,162.53333333333333,0.10054206309175592,-0.9857016672748882
UBFC_PHYS_s06_T2_test,0,4877,162.56666666666666,0.1255111333237591,-0.7651390028227996
UBFC_PHYS_s06_T2_test,0,4878,162.6,0.1349756234494062,-0.3881419270650087
UBFC_PHYS_s06_T2_test,0,4879,162.63333333333333,0.13128368512965613,0.05346020268158359
UBFC_PHYS_s06_T2_test,0,4880,162.66666666666666,0.11335086086155688,0.4753088480454901
UBFC_PHYS_s06_T2_test,0,4881,162.7,0.08016474469397086,0.7997784435545094
UBFC_PHYS_s06_T2_test,0,4882,162.73333333333332,0.032712770926232634,0.9937419018691032
UBFC_PHYS_s06_T2_test,0,4883,162.76666666666668,-0.025141745048495107,1.067199365432138
UBFC_PHYS_s06_T2_test,0,4884,162.8,-0.08454142656848664,1.0270410159747778
UBFC_PHYS_s06_T2_test,0,4885,162.83333333333334,-0.1301819486479493,0.8763282335479292
UBFC_PHYS_s06_T2_test,0,4886,162.86666666666667,-0.14424402155969115,0.6364592364587159
UBFC_PHYS_s06_T2_test,0,4887,162.9,-0.11614209633478073,0.3476462252165825
UBFC_PHYS_s06_T2_test,0,4888,162.93333333333334,-0.050986617631519696,0.03933237133738735
UBFC_PHYS_s06_T2_test,0,4889,162.96666666666667,0.03201386794879574,-0.2685678704219508
UBFC_PHYS_s06_T2_test,0,4890,163.0,0.11080014721665458,-0.5629730523438627
UBFC_PHYS_s06_T2_test,0,4891,163.03333333333333,0.17085974364141387,-0.8357858774771139
UBFC_PHYS_s06_T2_test,0,4892,163.06666666666666,0.20717906902135344,-1.0609613689821698
UBFC_PHYS_s06_T2_test,0,4893,163.1,0.22053366010664505,-1.1932880863729611
UBFC_PHYS_s06_T2_test,0,4894,163.13333333333333,0.21347144249174732,-1.1895032096766764
UBFC_PHYS_s06_T2_test,0,4895,163.16666666666666,0.18763722215386192,-1.008585459701452
UBFC_PHYS_s06_T2_test,0,4896,163.2,0.1436799370970906,-0.6549239480370574
UBFC_PHYS_s06_T2_test,0,4897,163.23333333333332,0.08388675786107505,-0.17949231930301118
UBFC_PHYS_s06_T2_test,0,4898,163.26666666666668,0.013284821839995421,0.3317948073868346
UBFC_PHYS_s06_T2_test,0,4899,163.3,-0.06279817468288823,0.7571395115320316
UBFC_PHYS_s06_T2_test,0,4900,163.33333333333334,-0.1389998325740237,1.0336158306560692
UBFC_PHYS_s06_T2_test,0,4901,163.36666666666667,-0.20497829597505657,1.1559225787392555
UBFC_PHYS_s06_T2_test,0,4902,163.4,-0.243315447861595,1.130912814449606
UBFC_PHYS_s06_T2_test,0,4903,163.43333333333334,-0.2377024603925711,0.9765112630141164
UBFC_PHYS_s06_T2_test,0,4904,163.46666666666667,-0.18520750071167616,0.7224836339222558
UBFC_PHYS_s06_T2_test,0,4905,163.5,-0.10009253502884283,0.4106829133063821
UBFC_PHYS_s06_T2_test,0,4906,163.53333333333333,-0.00626385416904502,0.07916573292971699
UBFC_PHYS_s06_T2_test,0,4907,163.56666666666666,0.07377638967768649,-0.2366666396960875
UBFC_PHYS_s06_T2_test,0,4908,163.6,0.1263444071818158,-0.5200638660305902
UBFC_PHYS_s06_T2_test,0,4909,163.63333333333333,0.14847619711070953,-0.771140618501884
UBFC_PHYS_s06_T2_test,0,4910,163.66666666666666,0.14448381035014077,-0.973860842631278
UBFC_PHYS_s06_T2_test,0,4911,163.7,0.12003493903005316,-1.0946975830494579
UBFC_PHYS_s06_T2_test,0,4912,163.73333333333332,0.0788913194963547,-1.0894714061708626
UBFC_PHYS_s06_T2_test,0,4913,163.76666666666668,0.023594080015503678,-0.9037597341408218
UBFC_PHYS_s06_T2_test,0,4914,163.8,-0.04302081540688614,-0.5411968568050113
UBFC_PHYS_s06_T2_test,0,4915,163.83333333333334,-0.11687160932829997,-0.06470811367235328
UBFC_PHYS_s06_T2_test,0,4916,163.86666666666667,-0.1914177884190371,0.43789089390761016
UBFC_PHYS_s06_T2_test,0,4917,163.9,-0.2566116458635589,0.852998690327404
UBFC_PHYS_s06_T2_test,0,4918,163.93333333333334,-0.2987391123434523,1.1134750006495011
UBFC_PHYS_s06_T2_test,0,4919,163.96666666666667,-0.30219714470604736,1.1975905146608286
UBFC_PHYS_s06_T2_test,0,4920,164.0,-0.2556575156901907,1.1078533990951096
UBFC_PHYS_s06_T2_test,0,4921,164.03333333333333,-0.1605466713662648,0.870329123293018
UBFC_PHYS_s06_T2_test,0,4922,164.06666666666666,-0.03325005300846483,0.5327135317752854
UBFC_PHYS_s06_T2_test,0,4923,164.1,0.10171772462947147,0.16466177005107396
UBFC_PHYS_s06_T2_test,0,4924,164.13333333333333,0.22030710327967748,-0.1887422241815593
UBFC_PHYS_s06_T2_test,0,4925,164.16666666666666,0.3046536108730261,-0.505641743475868
UBFC_PHYS_s06_T2_test,0,4926,164.2,0.34626292158067784,-0.7725025689672134
UBFC_PHYS_s06_T2_test,0,4927,164.23333333333332,0.3451083376318138,-0.9822261092196507
UBFC_PHYS_s06_T2_test,0,4928,164.26666666666668,0.30509301621554863,-1.1092722238824198
UBFC_PHYS_s06_T2_test,0,4929,164.3,0.231764805967153,-1.1088898750809846
UBFC_PHYS_s06_T2_test,0,4930,164.33333333333334,0.13414165306393577,-0.943448180359936
UBFC_PHYS_s06_T2_test,0,4931,164.36666666666667,0.024551353454734436,-0.5835266005325792
UBFC_PHYS_s06_T2_test,0,4932,164.4,-0.08574293037824146,-0.08531286062981086
UBFC_PHYS_s06_T2_test,0,4933,164.43333333333334,-0.18852055397752335,0.40842874888688396
UBFC_PHYS_s06_T2_test,0,4934,164.46666666666667,-0.2744755605109806,0.804916700862434
UBFC_PHYS_s06_T2_test,0,4935,164.5,-0.32928878024073327,1.0604782032106022
UBFC_PHYS_s06_T2_test,0,4936,164.53333333333333,-0.33746045838429795,1.1600328381363405
UBFC_PHYS_s06_T2_test,0,4937,164.56666666666666,-0.2922218368011453,1.115689924165137
UBFC_PHYS_s06_T2_test,0,4938,164.6,-0.20201104761177002,0.9460464355594463
UBFC_PHYS_s06_T2_test,0,4939,164.63333333333333,-0.08704602832062067,0.6759691031626687
UBFC_PHYS_s06_T2_test,0,4940,164.66666666666666,0.030212053486959378,0.3386562916984087
UBFC_PHYS_s06_T2_test,0,4941,164.7,0.13183837794695355,-0.02337718386808979
UBFC_PHYS_s06_T2_test,0,4942,164.73333333333332,0.20578809664359288,-0.37758526011823446
UBFC_PHYS_s06_T2_test,0,4943,164.76666666666668,0.24623922319572905,-0.6997255622284428
UBFC_PHYS_s06_T2_test,0,4944,164.8,0.2543781591975399,-0.9699442595240703
UBFC_PHYS_s06_T2_test,0,4945,164.83333333333334,0.2364246253122313,-1.1710337221195604
UBFC_PHYS_s06_T2_test,0,4946,164.86666666666667,0.19950573705625546,-1.264366516706318
UBFC_PHYS_s06_T2_test,0,4947,164.9,0.14942613007640984,-1.189568046677528
UBFC_PHYS_s06_T2_test,0,4948,164.93333333333334,0.09068873474858892,-0.9251783823331359
UBFC_PHYS_s06_T2_test,0,4949,164.96666666666667,0.026985191248074674,-0.48981520540141354
UBFC_PHYS_s06_T2_test,0,4950,165.0,-0.03785526137733896,0.04623892224209354
UBFC_PHYS_s06_T2_test,0,4951,165.03333333333333,-0.09836423613614913,0.5599273513342161
UBFC_PHYS_s06_T2_test,0,4952,165.06666666666666,-0.14567547403981632,0.9653720146535347
UBFC_PHYS_s06_T2_test,0,4953,165.1,-0.1669682884197343,1.2126516537951608
UBFC_PHYS_s06_T2_test,0,4954,165.13333333333333,-0.1502662362611853,1.2843441496567656
UBFC_PHYS_s06_T2_test,0,4955,165.16666666666666,-0.09354893660164867,1.1942464232741683
UBFC_PHYS_s06_T2_test,0,4956,165.2,-0.007562073667976191,0.9654446032215462
UBFC_PHYS_s06_T2_test,0,4957,165.23333333333332,0.0916013511547012,0.6302928856413137
UBFC_PHYS_s06_T2_test,0,4958,165.26666666666668,0.18918413300707318,0.2238712571835983
UBFC_PHYS_s06_T2_test,0,4959,165.3,0.2721711195245807,-0.2146164708872349
UBFC_PHYS_s06_T2_test,0,4960,165.33333333333334,0.3313318108025532,-0.6307600259110371
UBFC_PHYS_s06_T2_test,0,4961,165.36666666666667,0.36536490603148636,-0.9533551907427839
UBFC_PHYS_s06_T2_test,0,4962,165.4,0.37783662206668617,-1.1292278470208854
UBFC_PHYS_s06_T2_test,0,4963,165.43333333333334,0.3694941559140949,-1.1224396937038448
UBFC_PHYS_s06_T2_test,0,4964,165.46666666666667,0.3382293869520998,-0.9181893549893312
UBFC_PHYS_s06_T2_test,0,4965,165.5,0.2859967710768651,-0.5232745047012574
UBFC_PHYS_s06_T2_test,0,4966,165.53333333333333,0.2199348646435725,-0.014638688807823819
UBFC_PHYS_s06_T2_test,0,4967,165.56666666666666,0.14591312826897113,0.46002572329515
UBFC_PHYS_s06_T2_test,0,4968,165.6,0.06810674362690212,0.803248885861395
UBFC_PHYS_s06_T2_test,0,4969,165.63333333333333,0.001117287901281988,0.9671986267247686
UBFC_PHYS_s06_T2_test,0,4970,165.66666666666666,-0.022543994068176837,0.9513544065624853
UBFC_PHYS_s06_T2_test,0,4971,165.7,0.025642180901041867,0.801355884138762
UBFC_PHYS_s06_T2_test,0,4972,165.73333333333332,0.12708061524672667,0.556321780629084
UBFC_PHYS_s06_T2_test,0,4973,165.76666666666668,0.20060991489757724,0.24880692110337085
UBFC_PHYS_s06_T2_test,0,4974,165.8,0.1464618279057055,-0.08570610406314577
UBFC_PHYS_s06_T2_test,0,4975,165.83333333333334,-0.08490839569953548,-0.40761671803744925
UBFC_PHYS_s06_T2_test,0,4976,165.86666666666667,-0.46300695796764274,-0.686447561803819
UBFC_PHYS_s06_T2_test,0,4977,165.9,-0.9087539886466225,-0.8994101059155107
UBFC_PHYS_s06_T2_test,0,4978,165.93333333333334,-1.3495422638559986,-1.0275062226627907
UBFC_PHYS_s06_T2_test,0,4979,165.96666666666667,-1.7425230704603463,-1.0545501100051362
UBFC_PHYS_s06_T2_test,0,4980,166.0,-2.0529528283303895,-0.9504265829302405
UBFC_PHYS_s06_T2_test,0,4981,166.03333333333333,-2.2273327797327704,-0.6717730746109689
UBFC_PHYS_s06_T2_test,0,4982,166.06666666666666,-2.202191411263531,-0.23296917751953508
UBFC_PHYS_s06_T2_test,0,4983,166.1,-1.9436498181735817,0.2922668288243354
UBFC_PHYS_s06_T2_test,0,4984,166.13333333333333,-1.4739083630360006,0.7931662187951566
UBFC_PHYS_s06_T2_test,0,4985,166.16666666666666,-0.8538189431867264,1.1213214489231313
UBFC_PHYS_s06_T2_test,0,4986,166.2,-0.14325015369586058,1.2258870729135891
UBFC_PHYS_s06_T2_test,0,4987,166.23333333333332,0.6135158947554233,1.1526802242019925
UBFC_PHYS_s06_T2_test,0,4988,166.26666666666668,1.361612889035987,0.9478934118776915
UBFC_PHYS_s06_T2_test,0,4989,166.3,2.0054913654479245,0.6572818283394766
UBFC_PHYS_s06_T2_test,0,4990,166.33333333333334,2.430526815061123,0.32346771944022396
UBFC_PHYS_s06_T2_test,0,4991,166.36666666666667,2.5734916702938913,-0.013204634828346155
UBFC_PHYS_s06_T2_test,0,4992,166.4,2.464129305135592,-0.3243666923693222
UBFC_PHYS_s06_T2_test,0,4993,166.43333333333334,2.192476509161022,-0.592025531302926
UBFC_PHYS_s06_T2_test,0,4994,166.46666666666667,1.8484851854089839,-0.8063542660632144
UBFC_PHYS_s06_T2_test,0,4995,166.5,1.4874530731525046,-0.9640524395787515
UBFC_PHYS_s06_T2_test,0,4996,166.53333333333333,1.1255847461757558,-1.049289930224779
UBFC_PHYS_s06_T2_test,0,4997,166.56666666666666,0.7581769592107778,-1.0330326583843956
UBFC_PHYS_s06_T2_test,0,4998,166.6,0.3882851974835283,-0.8826596229206796
UBFC_PHYS_s06_T2_test,0,4999,166.63333333333333,0.03806549275183116,-0.5630250092043905
UBFC_PHYS_s06_T2_test,0,5000,166.66666666666666,-0.26575721527336144,-0.10314827728984138
UBFC_PHYS_s06_T2_test,0,5001,166.7,-0.5084334752452963,0.4023210133870791
UBFC_PHYS_s06_T2_test,0,5002,166.73333333333332,-0.6875553197050694,0.8450935615209716
UBFC_PHYS_s06_T2_test,0,5003,166.76666666666668,-0.8062810444489856,1.1027268352869133
UBFC_PHYS_s06_T2_test,0,5004,166.8,-0.8698579592228108,1.1473375633443907
UBFC_PHYS_s06_T2_test,0,5005,166.83333333333334,-0.8788972261131598,1.04455148634559
UBFC_PHYS_s06_T2_test,0,5006,166.86666666666667,-0.822493794266224,0.8413220338641113
UBFC_PHYS_s06_T2_test,0,5007,166.9,-0.6891317433177524,0.5653135149586328
UBFC_PHYS_s06_T2_test,0,5008,166.93333333333334,-0.4896234993327629,0.2503460162880765
UBFC_PHYS_s06_T2_test,0,5009,166.96666666666667,-0.2638329875903267,-0.06259475500974163
UBFC_PHYS_s06_T2_test,0,5010,167.0,-0.06303632278986832,-0.34973744108406934
UBFC_PHYS_s06_T2_test,0,5011,167.03333333333333,0.07262870442236583,-0.6029567079017011
UBFC_PHYS_s06_T2_test,0,5012,167.06666666666666,0.12039646507453698,-0.8076802789809185
UBFC_PHYS_s06_T2_test,0,5013,167.1,0.06344647847745241,-0.941483655977195
UBFC_PHYS_s06_T2_test,0,5014,167.13333333333333,-0.11372661074290864,-0.9805296064387802
UBFC_PHYS_s06_T2_test,0,5015,167.16666666666666,-0.39918073451664765,-0.8992895306063061
UBFC_PHYS_s06_T2_test,0,5016,167.2,-0.7157748882591404,-0.6820487605422313
UBFC_PHYS_s06_T2_test,0,5017,167.23333333333332,-0.9307204046099238,-0.323940415387717
UBFC_PHYS_s06_T2_test,0,5018,167.26666666666668,-0.9348491047249738,0.11788973331373696
UBFC_PHYS_s06_T2_test,0,5019,167.3,-0.7211124716783922,0.5233602237915287
UBFC_PHYS_s06_T2_test,0,5020,167.33333333333334,-0.3804308805353913,0.8115215481865532
UBFC_PHYS_s06_T2_test,0,5021,167.36666666666667,-0.03221685229570985,0.9399784095151767
UBFC_PHYS_s06_T2_test,0,5022,167.4,0.24033971793159187,0.917873842179923
UBFC_PHYS_s06_T2_test,0,5023,167.43333333333334,0.4195817646484379,0.8047033895902992
UBFC_PHYS_s06_T2_test,0,5024,167.46666666666667,0.5430692815057466,0.6321745794496616
UBFC_PHYS_s06_T2_test,0,5025,167.5,0.6584800874043365,0.4041069168125925
UBFC_PHYS_s06_T2_test,0,5026,167.53333333333333,0.7799666206661595,0.13787350321829747
UBFC_PHYS_s06_T2_test,0,5027,167.56666666666666,0.8836169879494116,-0.13445865290201764
UBFC_PHYS_s06_T2_test,0,5028,167.6,0.9311989498177409,-0.392826386840015
UBFC_PHYS_s06_T2_test,0,5029,167.63333333333333,0.8886324877814903,-0.6277892065610063
UBFC_PHYS_s06_T2_test,0,5030,167.66666666666666,0.7340610202920484,-0.8230462521514276
UBFC_PHYS_s06_T2_test,0,5031,167.7,0.46715516158632275,-0.9542172544611931
UBFC_PHYS_s06_T2_test,0,5032,167.73333333333332,0.11566263243902589,-0.98861829680708
UBFC_PHYS_s06_T2_test,0,5033,167.76666666666668,-0.2725285326343303,-0.8852640434050996
UBFC_PHYS_s06_T2_test,0,5034,167.8,-0.6477809060738096,-0.6270619795091125
UBFC_PHYS_s06_T2_test,0,5035,167.83333333333334,-0.9703149529066043,-0.22205174709536515
UBFC_PHYS_s06_T2_test,0,5036,167.86666666666667,-1.2093383091522216,0.26141397224359914
UBFC_PHYS_s06_T2_test,0,5037,167.9,-1.342205682225132,0.693726912069877
UBFC_PHYS_s06_T2_test,0,5038,167.93333333333334,-1.3602011330772452,0.9865761901546123
UBFC_PHYS_s06_T2_test,0,5039,167.96666666666667,-1.2689984916899295,1.0923859230145074
UBFC_PHYS_s06_T2_test,0,5040,168.0,-1.0764943051809615,1.022554587683611
UBFC_PHYS_s06_T2_test,0,5041,168.03333333333333,-0.7844117059429462,0.8463644181676062
UBFC_PHYS_s06_T2_test,0,5042,168.06666666666666,-0.400866725457005,0.610632864600289
UBFC_PHYS_s06_T2_test,0,5043,168.1,0.03872396103863972,0.33962897630621236
UBFC_PHYS_s06_T2_test,0,5044,168.13333333333333,0.4703252597081126,0.053596931238562906
UBFC_PHYS_s06_T2_test,0,5045,168.16666666666666,0.825198266796265,-0.2298768620674217
UBFC_PHYS_s06_T2_test,0,5046,168.2,1.0575401611844197,-0.49270058742532535
UBFC_PHYS_s06_T2_test,0,5047,168.23333333333332,1.1558541788323247,-0.714756280582748
UBFC_PHYS_s06_T2_test,0,5048,168.26666666666668,1.1386954814466979,-0.8804127545411595
UBFC_PHYS_s06_T2_test,0,5049,168.3,1.0430173573468573,-0.9773762611310434
UBFC_PHYS_s06_T2_test,0,5050,168.33333333333334,0.9070485366719918,-0.9804893359577805
UBFC_PHYS_s06_T2_test,0,5051,168.36666666666667,0.7549325146642609,-0.8517575931639223
UBFC_PHYS_s06_T2_test,0,5052,168.4,0.5955026221623749,-0.571961198527402
UBFC_PHYS_s06_T2_test,0,5053,168.43333333333334,0.4303447282769653,-0.14213346161787122
UBFC_PHYS_s06_T2_test,0,5054,168.46666666666667,0.25684066834224495,0.3603017343141698
UBFC_PHYS_s06_T2_test,0,5055,168.5,0.06977369698914282,0.7806748472366071
UBFC_PHYS_s06_T2_test,0,5056,168.53333333333333,-0.1290757462003178,1.0322933856978087
UBFC_PHYS_s06_T2_test,0,5057,168.56666666666666,-0.32165900913361867,1.0959223531266917
UBFC_PHYS_s06_T2_test,0,5058,168.6,-0.4747260494840914,0.9980101930884879
UBFC_PHYS_s06_T2_test,0,5059,168.63333333333333,-0.549783167506053,0.8094703677705954
UBFC_PHYS_s06_T2_test,0,5060,168.66666666666666,-0.5220189072640662,0.5735914170136569
UBFC_PHYS_s06_T2_test,0,5061,168.7,-0.4007703404889664,0.306146104886664
UBFC_PHYS_s06_T2_test,0,5062,168.73333333333332,-0.22935965340677084,0.022086667882201618
UBFC_PHYS_s06_T2_test,0,5063,168.76666666666668,-0.06085234883290669,-0.2629599932747897
UBFC_PHYS_s06_T2_test,0,5064,168.8,0.06532875325419303,-0.5331258265928069
UBFC_PHYS_s06_T2_test,0,5065,168.83333333333334,0.1320747053629678,-0.7707064515903133
UBFC_PHYS_s06_T2_test,0,5066,168.86666666666667,0.14457998420941523,-0.957104486379911
UBFC_PHYS_s06_T2_test,0,5067,168.9,0.12157645694582443,-1.0716576915334166
UBFC_PHYS_s06_T2_test,0,5068,168.93333333333334,0.07912904594933516,-1.082142994758432
UBFC_PHYS_s06_T2_test,0,5069,168.96666666666667,0.022411263494996014,-0.9448864679034182
UBFC_PHYS_s06_T2_test,0,5070,169.0,-0.048250905300722985,-0.6377783613712266
UBFC_PHYS_s06_T2_test,0,5071,169.03333333333333,-0.12987831743019598,-0.16190376861940398
UBFC_PHYS_s06_T2_test,0,5072,169.06666666666666,-0.2166822079237432,0.39097269240729154
UBFC_PHYS_s06_T2_test,0,5073,169.1,-0.3014932799410914,0.8376257900384663
UBFC_PHYS_s06_T2_test,0,5074,169.13333333333333,-0.3730790571861425,1.0894883750570394
UBFC_PHYS_s06_T2_test,0,5075,169.16666666666666,-0.4135653075758987,1.1519876754541112
UBFC_PHYS_s06_T2_test,0,5076,169.2,-0.4023166448320741,1.0574592876597908
UBFC_PHYS_s06_T2_test,0,5077,169.23333333333332,-0.3257849830843391,0.8637576078351434
UBFC_PHYS_s06_T2_test,0,5078,169.26666666666668,-0.18770733872927786,0.6088791094442606
UBFC_PHYS_s06_T2_test,0,5079,169.3,-0.012180806922861748,0.3112522817410024
UBFC_PHYS_s06_T2_test,0,5080,169.33333333333334,0.16508096292413157,-0.004536417581022398
UBFC_PHYS_s06_T2_test,0,5081,169.36666666666667,0.31099775873092605,-0.30631565839776065
UBFC_PHYS_s06_T2_test,0,5082,169.4,0.4048321655744687,-0.5733591386098065
UBFC_PHYS_s06_T2_test,0,5083,169.43333333333334,0.44173879107728187,-0.7948153049401434
UBFC_PHYS_s06_T2_test,0,5084,169.46666666666667,0.42995230464425493,-0.9563832930211915
UBFC_PHYS_s06_T2_test,0,5085,169.5,0.3808939285339137,-1.039135021760585
UBFC_PHYS_s06_T2_test,0,5086,169.53333333333333,0.3010122728689691,-1.014205031262203
UBFC_PHYS_s06_T2_test,0,5087,169.56666666666666,0.1938307215335594,-0.843030727099932
UBFC_PHYS_s06_T2_test,0,5088,169.6,0.06571184518209207,-0.5105267053288395
UBFC_PHYS_s06_T2_test,0,5089,169.63333333333333,-0.07339780592777878,-0.02675188193090179
UBFC_PHYS_s06_T2_test,0,5090,169.66666666666666,-0.2114141132996646,0.5172336123064363
UBFC_PHYS_s06_T2_test,0,5091,169.7,-0.33277844777242643,0.9485179918401123
UBFC_PHYS_s06_T2_test,0,5092,169.73333333333332,-0.41718087142693583,1.1815074378235892
UBFC_PHYS_s06_T2_test,0,5093,169.76666666666668,-0.4441114744397613,1.217297344143964
UBFC_PHYS_s06_T2_test,0,5094,169.8,-0.40290418568354436,1.0861265163493967
UBFC_PHYS_s06_T2_test,0,5095,169.83333333333334,-0.3001497981144806,0.8462519192469785
UBFC_PHYS_s06_T2_test,0,5096,169.86666666666667,-0.15714427048052249,0.5439273620726188
UBFC_PHYS_s06_T2_test,0,5097,169.9,-0.0002959728517644457,0.2137997177358144
UBFC_PHYS_s06_T2_test,0,5098,169.93333333333334,0.14648005194326966,-0.11643945661116416
UBFC_PHYS_s06_T2_test,0,5099,169.96666666666667,0.26505320266524357,-0.4244708992038704
UBFC_PHYS_s06_T2_test,0,5100,170.0,0.34582231212543524,-0.6927561130492084
UBFC_PHYS_s06_T2_test,0,5101,170.03333333333333,0.38791991380395563,-0.906819672873365
UBFC_PHYS_s06_T2_test,0,5102,170.06666666666666,0.39345860125735704,-1.0567143632368277
UBFC_PHYS_s06_T2_test,0,5103,170.1,0.3630167499511762,-1.135762896697247
UBFC_PHYS_s06_T2_test,0,5104,170.13333333333333,0.29860000758524635,-1.1184737178138813
UBFC_PHYS_s06_T2_test,0,5105,170.16666666666666,0.20611533158818846,-0.9607059430725701
UBFC_PHYS_s06_T2_test,0,5106,170.2,0.09139744496508088,-0.6342501240163698
UBFC_PHYS_s06_T2_test,0,5107,170.23333333333332,-0.04125017717722055,-0.12877582066185833
UBFC_PHYS_s06_T2_test,0,5108,170.26666666666668,-0.18172431144781534,0.4677122721935311
UBFC_PHYS_s06_T2_test,0,5109,170.3,-0.30794665382818265,0.967779680550016
UBFC_PHYS_s06_T2_test,0,5110,170.33333333333334,-0.3917925988245652,1.2705641301891537
UBFC_PHYS_s06_T2_test,0,5111,170.36666666666667,-0.41333496357509625,1.3610919887778337
UBFC_PHYS_s06_T2_test,0,5112,170.4,-0.3714693593510876,1.267270325561534
UBFC_PHYS_s06_T2_test,0,5113,170.43333333333334,-0.28364314300550725,1.0584349300940739
UBFC_PHYS_s06_T2_test,0,5114,170.46666666666667,-0.17596627240601392,0.7814916008306393
UBFC_PHYS_s06_T2_test,0,5115,170.5,-0.07129939095284474,0.4610705474596286
UBFC_PHYS_s06_T2_test,0,5116,170.53333333333333,0.017120563424823147,0.12469887449614986
UBFC_PHYS_s06_T2_test,0,5117,170.56666666666666,0.08539031588974928,-0.19568050033197706
UBFC_PHYS_s06_T2_test,0,5118,170.6,0.13520517099680457,-0.4830855445016973
UBFC_PHYS_s06_T2_test,0,5119,170.63333333333333,0.16867740076284465,-0.7336715777109265
UBFC_PHYS_s06_T2_test,0,5120,170.66666666666666,0.184620606736519,-0.9452675358545571
UBFC_PHYS_s06_T2_test,0,5121,170.7,0.18050902510593675,-1.1156318538923564
UBFC_PHYS_s06_T2_test,0,5122,170.73333333333332,0.15701896162340978,-1.2300159030157294
UBFC_PHYS_s06_T2_test,0,5123,170.76666666666668,0.11712565983953804,-1.2603689184507896
UBFC_PHYS_s06_T2_test,0,5124,170.8,0.06233608280603667,-1.1769243054922007
UBFC_PHYS_s06_T2_test,0,5125,170.83333333333334,-0.0037927757509558617,-0.9488545981618846
UBFC_PHYS_s06_T2_test,0,5126,170.86666666666667,-0.06795391681041288,-0.5728207614375371
UBFC_PHYS_s06_T2_test,0,5127,170.9,-0.10892390423933664,-0.07472919722251578
UBFC_PHYS_s06_T2_test,0,5128,170.93333333333334,-0.10994911578396205,0.47246807487851256
UBFC_PHYS_s06_T2_test,0,5129,170.96666666666667,-0.06893478612848573,0.9472741998653673
UBFC_PHYS_s06_T2_test,0,5130,171.0,0.0013173844301058134,1.2772243902268052
UBFC_PHYS_s06_T2_test,0,5131,171.03333333333333,0.07961313612363898,1.4375426295821836
UBFC_PHYS_s06_T2_test,0,5132,171.06666666666666,0.1435317602738644,1.4343403403839516
UBFC_PHYS_s06_T2_test,0,5133,171.1,0.1753488269525326,1.303273457216725
UBFC_PHYS_s06_T2_test,0,5134,171.13333333333333,0.16802591131991523,1.0766508328506368
UBFC_PHYS_s06_T2_test,0,5135,171.16666666666666,0.12845587333623718,0.7834392367621343
UBFC_PHYS_s06_T2_test,0,5136,171.2,0.07251742095858293,0.44895425379229165
UBFC_PHYS_s06_T2_test,0,5137,171.23333333333332,0.014704817290537256,0.09624266079375653
UBFC_PHYS_s06_T2_test,0,5138,171.26666666666668,-0.03857472686246046,-0.2574117752659724
UBFC_PHYS_s06_T2_test,0,5139,171.3,-0.08823134656674884,-0.5984394240529848
UBFC_PHYS_s06_T2_test,0,5140,171.33333333333334,-0.137185267342122,-0.9112857545400963
UBFC_PHYS_s06_T2_test,0,5141,171.36666666666667,-0.18503150448118455,-1.1763955745019536
UBFC_PHYS_s06_T2_test,0,5142,171.4,-0.22577760843572728,-1.3656708981034948
UBFC_PHYS_s06_T2_test,0,5143,171.43333333333334,-0.24846910772568975,-1.4413673771172741
UBFC_PHYS_s06_T2_test,0,5144,171.46666666666667,-0.23945478223492883,-1.3704193054542255
UBFC_PHYS_s06_T2_test,0,5145,171.5,-0.18823947657160892,-1.1248476849017242
UBFC_PHYS_s06_T2_test,0,5146,171.53333333333333,-0.09634321365711783,-0.7082082592026795
UBFC_PHYS_s06_T2_test,0,5147,171.56666666666666,0.020807895545596426,-0.15725754050173046
UBFC_PHYS_s06_T2_test,0,5148,171.6,0.14349818589932387,0.43937036597920137
UBFC_PHYS_s06_T2_test,0,5149,171.63333333333333,0.2562311771750242,0.9397543257273968
UBFC_PHYS_s06_T2_test,0,5150,171.66666666666666,0.3465813759624359,1.2648156425016412
UBFC_PHYS_s06_T2_test,0,5151,171.7,0.40321491970318424,1.396996610543058
UBFC_PHYS_s06_T2_test,0,5152,171.73333333333332,0.41968334744711416,1.3588000847199648
UBFC_PHYS_s06_T2_test,0,5153,171.76666666666668,0.3971314030808454,1.2111877595879088
UBFC_PHYS_s06_T2_test,0,5154,171.8,0.3401272190881468,0.989490316152956
UBFC_PHYS_s06_T2_test,0,5155,171.83333333333334,0.2513057063296157,0.7034527678884344
UBFC_PHYS_s06_T2_test,0,5156,171.86666666666667,0.1330607481907508,0.3765695373876361
UBFC_PHYS_s06_T2_test,0,5157,171.9,-0.005424166647299386,0.04747397169989223
UBFC_PHYS_s06_T2_test,0,5158,171.93333333333334,-0.14606581087128864,-0.26678471214544397
UBFC_PHYS_s06_T2_test,0,5159,171.96666666666667,-0.26949631642899075,-0.5688512533927496
UBFC_PHYS_s06_T2_test,0,5160,172.0,-0.3640656900651435,-0.8499243802680935
UBFC_PHYS_s06_T2_test,0,5161,172.03333333333333,-0.425819001879645,-1.0878235727684624
UBFC_PHYS_s06_T2_test,0,5162,172.06666666666666,-0.4515878814036171,-1.254378961964398
UBFC_PHYS_s06_T2_test,0,5163,172.1,-0.43603330772046,-1.3145236601892056
UBFC_PHYS_s06_T2_test,0,5164,172.13333333333333,-0.3768123842946363,-1.234373594329086
UBFC_PHYS_s06_T2_test,0,5165,172.16666666666666,-0.2814765539071269,-0.9817698711583518
UBFC_PHYS_s06_T2_test,0,5166,172.2,-0.16858748441163546,-0.5682407895973766
UBFC_PHYS_s06_T2_test,0,5167,172.23333333333332,-0.061721157321209384,-0.050488220933204514
UBFC_PHYS_s06_T2_test,0,5168,172.26666666666668,0.019798781458853387,0.4751206035530812
UBFC_PHYS_s06_T2_test,0,5169,172.3,0.06716775117724684,0.8716038636200971
UBFC_PHYS_s06_T2_test,0,5170,172.33333333333334,0.0806415733955255,1.0889371792256743
UBFC_PHYS_s06_T2_test,0,5171,172.36666666666667,0.06416568573918706,1.162637644442772
UBFC_PHYS_s06_T2_test,0,5172,172.4,0.024149613921969577,1.126424299440893
UBFC_PHYS_s06_T2_test,0,5173,172.43333333333334,-0.02914916487422614,1.0107080519165677
UBFC_PHYS_s06_T2_test,0,5174,172.46666666666667,-0.08466061992282428,0.8342693617576304
UBFC_PHYS_s06_T2_test,0,5175,172.5,-0.13525105243248214,0.6045449033718072
UBFC_PHYS_s06_T2_test,0,5176,172.53333333333333,-0.1766278954027613,0.3360781339634953
UBFC_PHYS_s06_T2_test,0,5177,172.56666666666666,-0.2022630849757715,0.051753753255888366
UBFC_PHYS_s06_T2_test,0,5178,172.6,-0.20187670218698536,-0.23705733741914384
UBFC_PHYS_s06_T2_test,0,5179,172.63333333333333,-0.16531628237564194,-0.5287762311630904
UBFC_PHYS_s06_T2_test,0,5180,172.66666666666666,-0.08708926457784502,-0.8072315555675184
UBFC_PHYS_s06_T2_test,0,5181,172.7,0.03262027346371735,-1.0400243190176122
UBFC_PHYS_s06_T2_test,0,5182,172.73333333333332,0.18622091693201018,-1.1933147299588456
UBFC_PHYS_s06_T2_test,0,5183,172.76666666666668,0.3506529330546768,-1.2311251011649536
UBFC_PHYS_s06_T2_test,0,5184,172.8,0.4842149403482373,-1.1185764771843238
UBFC_PHYS_s06_T2_test,0,5185,172.83333333333334,0.5442753887445408,-0.8226280643139771
UBFC_PHYS_s06_T2_test,0,5186,172.86666666666667,0.5151898015969787,-0.37649393375892326
UBFC_PHYS_s06_T2_test,0,5187,172.9,0.4199587220312597,0.11917946891494752
UBFC_PHYS_s06_T2_test,0,5188,172.93333333333334,0.3069232722454536,0.5728027045534322
UBFC_PHYS_s06_T2_test,0,5189,172.96666666666667,0.22247583641903268,0.9009127638147929
UBFC_PHYS_s06_T2_test,0,5190,173.0,0.18762344294144911,1.078327660351371
UBFC_PHYS_s06_T2_test,0,5191,173.03333333333333,0.1938813041663183,1.136505944508857
UBFC_PHYS_s06_T2_test,0,5192,173.06666666666666,0.2175410101315099,1.0968942541617674
UBFC_PHYS_s06_T2_test,0,5193,173.1,0.2356731169637622,0.9698857194416723
UBFC_PHYS_s06_T2_test,0,5194,173.13333333333333,0.2324371756219566,0.7756610473542727
UBFC_PHYS_s06_T2_test,0,5195,173.16666666666666,0.1973266147659263,0.5445210580107328
UBFC_PHYS_s06_T2_test,0,5196,173.2,0.12257156912487062,0.29251076861004277
UBFC_PHYS_s06_T2_test,0,5197,173.23333333333332,0.006873735051130734,0.022626643976598568
UBFC_PHYS_s06_T2_test,0,5198,173.26666666666668,-0.13600490706577165,-0.2625314098714189
UBFC_PHYS_s06_T2_test,0,5199,173.3,-0.27593411875334606,-0.5588833398579705
UBFC_PHYS_s06_T2_test,0,5200,173.33333333333334,-0.3787544539628247,-0.8452710238336361
UBFC_PHYS_s06_T2_test,0,5201,173.36666666666667,-0.42269135861299734,-1.08192868636711
UBFC_PHYS_s06_T2_test,0,5202,173.4,-0.4056669017603775,-1.231638845857189
UBFC_PHYS_s06_T2_test,0,5203,173.43333333333334,-0.3406001254886312,-1.2591011090206474
UBFC_PHYS_s06_T2_test,0,5204,173.46666666666667,-0.245596722051106,-1.1362157566190796
UBFC_PHYS_s06_T2_test,0,5205,173.5,-0.13682488447154217,-0.8426996377116863
UBFC_PHYS_s06_T2_test,0,5206,173.53333333333333,-0.026784593459385025,-0.4092959714882328
UBFC_PHYS_s06_T2_test,0,5207,173.56666666666666,0.0736106862823432,0.0809954498264126
UBFC_PHYS_s06_T2_test,0,5208,173.6,0.15301783190074378,0.5456685530234548
UBFC_PHYS_s06_T2_test,0,5209,173.63333333333333,0.2009965778629602,0.901557214194448
UBFC_PHYS_s06_T2_test,0,5210,173.66666666666666,0.21104119762345078,1.111243790168147
UBFC_PHYS_s06_T2_test,0,5211,173.7,0.18104737768450738,1.1815711431349074
UBFC_PHYS_s06_T2_test,0,5212,173.73333333333332,0.11119677873527044,1.1323974723217338
UBFC_PHYS_s06_T2_test,0,5213,173.76666666666668,0.003209093391080331,0.9955119642668808
UBFC_PHYS_s06_T2_test,0,5214,173.8,-0.13738488501733315,0.8002336257718234
UBFC_PHYS_s06_T2_test,0,5215,173.83333333333334,-0.2987852543612734,0.5735496331640549
UBFC_PHYS_s06_T2_test,0,5216,173.86666666666667,-0.463172832200426,0.32337238458473977
UBFC_PHYS_s06_T2_test,0,5217,173.9,-0.6090839978960835,0.03994737357746917
UBFC_PHYS_s06_T2_test,0,5218,173.93333333333334,-0.7147572307780152,-0.2713110360777166
UBFC_PHYS_s06_T2_test,0,5219,173.96666666666667,-0.7630473614401139,-0.5879286279783061
UBFC_PHYS_s06_T2_test,0,5220,174.0,-0.7464478823407542,-0.881539666251504
UBFC_PHYS_s06_T2_test,0,5221,174.03333333333333,-0.6680511980223361,-1.1164213268833427
UBFC_PHYS_s06_T2_test,0,5222,174.06666666666666,-0.5377010611312194,-1.2584676871111733
UBFC_PHYS_s06_T2_test,0,5223,174.1,-0.3682638808488614,-1.2744830887544705
UBFC_PHYS_s06_T2_test,0,5224,174.13333333333333,-0.17632301899941638,-1.1381395068122708
UBFC_PHYS_s06_T2_test,0,5225,174.16666666666666,0.016682549693223928,-0.8306247394296289
UBFC_PHYS_s06_T2_test,0,5226,174.2,0.1910618591204758,-0.38876788262842876
UBFC_PHYS_s06_T2_test,0,5227,174.23333333333332,0.339708448422534,0.09380443016637331
UBFC_PHYS_s06_T2_test,0,5228,174.26666666666668,0.46878820135861854,0.5387551782659602
UBFC_PHYS_s06_T2_test,0,5229,174.3,0.5870302899369848,0.8818177626086967
UBFC_PHYS_s06_T2_test,0,5230,174.33333333333334,0.6976809317670429,1.094841853335371
UBFC_PHYS_s06_T2_test,0,5231,174.36666666666667,0.797781955274689,1.1841303633298172
UBFC_PHYS_s06_T2_test,0,5232,174.4,0.8785553497009588,1.1596620007620893
UBFC_PHYS_s06_T2_test,0,5233,174.43333333333334,0.926038942560072,1.034156540529885
UBFC_PHYS_s06_T2_test,0,5234,174.46666666666667,0.9241124468113262,0.8316830499928515
UBFC_PHYS_s06_T2_test,0,5235,174.5,0.8586511193969013,0.587869808797657
UBFC_PHYS_s06_T2_test,0,5236,174.53333333333333,0.7223982307061678,0.3192056872239584
UBFC_PHYS_s06_T2_test,0,5237,174.56666666666666,0.5205863985688212,0.024326648063861145
UBFC_PHYS_s06_T2_test,0,5238,174.6,0.2739104187865244,-0.28750798819026024
UBFC_PHYS_s06_T2_test,0,5239,174.63333333333333,0.015593229279912933,-0.5945491106535301
UBFC_PHYS_s06_T2_test,0,5240,174.66666666666666,-0.21658103291977043,-0.8710655334976172
UBFC_PHYS_s06_T2_test,0,5241,174.7,-0.389984286980439,-1.0858657762536983
UBFC_PHYS_s06_T2_test,0,5242,174.73333333333332,-0.48560395426993264,-1.2079880747096714
UBFC_PHYS_s06_T2_test,0,5243,174.76666666666668,-0.5025303199315488,-1.2060405032760582
UBFC_PHYS_s06_T2_test,0,5244,174.8,-0.4565561264846357,-1.0605269871013372
UBFC_PHYS_s06_T2_test,0,5245,174.83333333333334,-0.37371968687399487,-0.7644198398249485
UBFC_PHYS_s06_T2_test,0,5246,174.86666666666667,-0.2812327700928312,-0.3475119888179364
UBFC_PHYS_s06_T2_test,0,5247,174.9,-0.19871444208083033,0.12231402511371484
UBFC_PHYS_s06_T2_test,0,5248,174.93333333333334,-0.13462008215164942,0.5699723247823267
UBFC_PHYS_s06_T2_test,0,5249,174.96666666666667,-0.09044399814878079,0.911960472373757
UBFC_PHYS_s06_T2_test,0,5250,175.0,-0.06689947024348578,1.1132539457015778
UBFC_PHYS_s06_T2_test,0,5251,175.03333333333333,-0.06466525951203671,1.1858564341057645
UBFC_PHYS_s06_T2_test,0,5252,175.06666666666666,-0.08160744606239778,1.1421988172898268
UBFC_PHYS_s06_T2_test,0,5253,175.1,-0.11272495286403506,0.9942592495924277
UBFC_PHYS_s06_T2_test,0,5254,175.13333333333333,-0.15258314216078295,0.7614066914967905
UBFC_PHYS_s06_T2_test,0,5255,175.16666666666666,-0.19652156731482856,0.4709101221334799
UBFC_PHYS_s06_T2_test,0,5256,175.2,-0.23940021524207084,0.1489193237501823
UBFC_PHYS_s06_T2_test,0,5257,175.23333333333332,-0.2725337277989935,-0.17819288098317995
UBFC_PHYS_s06_T2_test,0,5258,175.26666666666668,-0.283100784642787,-0.4901896347812096
UBFC_PHYS_s06_T2_test,0,5259,175.3,-0.261215744321657,-0.771193348458139
UBFC_PHYS_s06_T2_test,0,5260,175.33333333333334,-0.2091574443922455,-1.0029502935791146
UBFC_PHYS_s06_T2_test,0,5261,175.36666666666667,-0.1410206414037562,-1.1633317792700284
UBFC_PHYS_s06_T2_test,0,5262,175.4,-0.07343056698376646,-1.2242430610679746
UBFC_PHYS_s06_T2_test,0,5263,175.43333333333334,-0.017819393908771287,-1.1512819664434464
UBFC_PHYS_s06_T2_test,0,5264,175.46666666666667,0.021895145040012408,-0.9306202169191932
UBFC_PHYS_s06_T2_test,0,5265,175.5,0.04912002399211655,-0.5699342954121257
UBFC_PHYS_s06_T2_test,0,5266,175.53333333333333,0.07258630553375518,-0.11942348620657925
UBFC_PHYS_s06_T2_test,0,5267,175.56666666666666,0.10157802362978427,0.32703329956389593
UBFC_PHYS_s06_T2_test,0,5268,175.6,0.14048297599672235,0.7034060637621699
UBFC_PHYS_s06_T2_test,0,5269,175.63333333333333,0.1863512141422678,0.9701950508651519
UBFC_PHYS_s06_T2_test,0,5270,175.66666666666666,0.23025760684774804,1.1070613230052586
UBFC_PHYS_s06_T2_test,0,5271,175.7,0.26092536803564026,1.1114824515703452
UBFC_PHYS_s06_T2_test,0,5272,175.73333333333332,0.26980860430517134,1.0120986654071993
UBFC_PHYS_s06_T2_test,0,5273,175.76666666666668,0.2554942778829969,0.8678461127100474
UBFC_PHYS_s06_T2_test,0,5274,175.8,0.2230311898180034,0.7107376986128193
UBFC_PHYS_s06_T2_test,0,5275,175.83333333333334,0.17925423291815293,0.5459752608835765
UBFC_PHYS_s06_T2_test,0,5276,175.86666666666667,0.13129079219693945,0.38868517194967284
UBFC_PHYS_s06_T2_test,0,5277,175.9,0.08871598807616576,0.26467267620075635
UBFC_PHYS_s06_T2_test,0,5278,175.93333333333334,0.06118003944097272,0.18462295480961977
UBFC_PHYS_s06_T2_test,0,5279,175.96666666666667,0.04962030171163635,0.1446940836911513
