recording_id,measurement_id,sample_index,time_seconds,gt_signal,predicted_signal
COHFACE_s30_session1_lamp,0,0,0.0,-5.679025173187256,-0.03649843006032712
COHFACE_s30_session1_lamp,0,1,0.03333333333333333,-4.349510669708252,0.3991470293239938
COHFACE_s30_session1_lamp,0,2,0.06666666666666667,-1.123567819595337,0.7905738388607016
COHFACE_s30_session1_lamp,0,3,0.1,-0.7081347107887268,1.0967441320205673
COHFACE_s30_session1_lamp,0,4,0.13333333333333333,-0.9238879084587097,1.2901103572417598
COHFACE_s30_session1_lamp,0,5,0.16666666666666666,-0.024490853771567345,1.3616482919437711
COHFACE_s30_session1_lamp,0,6,0.2,0.8853834271430969,1.320470290589521
COHFACE_s30_session1_lamp,0,7,0.23333333333333334,1.271539568901062,1.189946153793744
COHFACE_s30_session1_lamp,0,8,0.26666666666666666,1.366457462310791,1.001761566697408
COHFACE_s30_session1_lamp,0,9,0.3,1.2997851371765137,0.7885691244131136
COHFACE_s30_session1_lamp,0,10,0.3333333333333333,1.0863908529281616,0.5770236435889982
COHFACE_s30_session1_lamp,0,11,0.36666666666666664,0.767581045627594,0.383895738945554
COHFACE_s30_session1_lamp,0,12,0.4,0.5028422474861145,0.21606088464155518
COHFACE_s30_session1_lamp,0,13,0.43333333333333335,0.3991422653198242,0.07317589612980441
COHFACE_s30_session1_lamp,0,14,0.4666666666666667,0.3964463770389557,-0.04851669786409581
COHFACE_s30_session1_lamp,0,15,0.5,0.37187695503234863,-0.15282439767621286
COHFACE_s30_session1_lamp,0,16,0.5333333333333333,0.2656240463256836,-0.24203457936341097
COHFACE_s30_session1_lamp,0,17,0.5666666666666667,0.09827441722154617,-0.3180046918905501
COHFACE_s30_session1_lamp,0,18,0.6,-0.08428046107292175,-0.38447468456528805
COHFACE_s30_session1_lamp,0,19,0.6333333333333333,-0.2645683288574219,-0.4472722410362296
COHFACE_s30_session1_lamp,0,20,0.6666666666666666,-0.4323979318141937,-0.511832907071835
COHFACE_s30_session1_lamp,0,21,0.7,-0.5699089169502258,-0.5803806781514302
COHFACE_s30_session1_lamp,0,22,0.7333333333333333,-0.6734148859977722,-0.650123455078987
COHFACE_s30_session1_lamp,0,23,0.7666666666666667,-0.7461937665939331,-0.7125201349565018
COHFACE_s30_session1_lamp,0,24,0.8,-0.8022152781486511,-0.7538860511286464
COHFACE_s30_session1_lamp,0,25,0.8333333333333334,-0.8501082062721252,-0.7577697737150327
COHFACE_s30_session1_lamp,0,26,0.8666666666666667,-0.8957035541534424,-0.7088258066000486
COHFACE_s30_session1_lamp,0,27,0.9,-0.9430144429206848,-0.5971786495627696
COHFACE_s30_session1_lamp,0,28,0.9333333333333333,-0.9989950656890869,-0.42240611992975735
COHFACE_s30_session1_lamp,0,29,0.9666666666666667,-1.0749599933624268,-0.1964719230671015
COHFACE_s30_session1_lamp,0,30,1.0,-1.094934105873108,0.05581206439407265
COHFACE_s30_session1_lamp,0,31,1.0333333333333334,-0.7602553367614746,0.3006500490676803
COHFACE_s30_session1_lamp,0,32,1.0666666666666667,0.08676581084728241,0.5027425832013545
COHFACE_s30_session1_lamp,0,33,1.1,0.9165700078010559,0.633161201395512
COHFACE_s30_session1_lamp,0,34,1.1333333333333333,1.3160830736160278,0.6755225500137735
COHFACE_s30_session1_lamp,0,35,1.1666666666666667,1.391619086265564,0.6298026161584619
COHFACE_s30_session1_lamp,0,36,1.2,1.3006123304367065,0.5127568939575327
COHFACE_s30_session1_lamp,0,37,1.2333333333333334,1.0834294557571411,0.3536915480303449
COHFACE_s30_session1_lamp,0,38,1.2666666666666666,0.7652221322059631,0.18667757519173808
COHFACE_s30_session1_lamp,0,39,1.3,0.5059057474136353,0.042493277142083445
COHFACE_s30_session1_lamp,0,40,1.3333333333333333,0.41629794239997864,-0.05734819007477628
COHFACE_s30_session1_lamp,0,41,1.3666666666666667,0.421883761882782,-0.10344590626501242
COHFACE_s30_session1_lamp,0,42,1.4,0.3928926885128021,-0.0982517696505218
COHFACE_s30_session1_lamp,0,43,1.4333333333333333,0.28747713565826416,-0.05364778079414189
COHFACE_s30_session1_lamp,0,44,1.4666666666666666,0.12390583008527756,0.012461689204185533
COHFACE_s30_session1_lamp,0,45,1.5,-0.06344855576753616,0.07939218902513952
COHFACE_s30_session1_lamp,0,46,1.5333333333333334,-0.24494141340255737,0.12680133350802986
COHFACE_s30_session1_lamp,0,47,1.5666666666666667,-0.4016912877559662,0.13876098931140496
COHFACE_s30_session1_lamp,0,48,1.6,-0.5327178239822388,0.10799071703647921
COHFACE_s30_session1_lamp,0,49,1.6333333333333333,-0.6359685063362122,0.03767186725193754
COHFACE_s30_session1_lamp,0,50,1.6666666666666667,-0.7067867517471313,-0.059710286589444626
COHFACE_s30_session1_lamp,0,51,1.7,-0.7536278963088989,-0.1649259675146261
COHFACE_s30_session1_lamp,0,52,1.7333333333333334,-0.7981101870536804,-0.2553506212129784
COHFACE_s30_session1_lamp,0,53,1.7666666666666666,-0.8407849073410034,-0.3095322859190116
COHFACE_s30_session1_lamp,0,54,1.8,-0.8875342011451721,-0.3122433072948494
COHFACE_s30_session1_lamp,0,55,1.8333333333333333,-0.9492129683494568,-0.2581445440600674
COHFACE_s30_session1_lamp,0,56,1.8666666666666667,-1.025208592414856,-0.1529873186235733
COHFACE_s30_session1_lamp,0,57,1.9,-1.0287928581237793,-0.012253151999341062
COHFACE_s30_session1_lamp,0,58,1.9333333333333333,-0.6488250494003296,0.1423498941939692
COHFACE_s30_session1_lamp,0,59,1.9666666666666666,0.2052319496870041,0.28766799865473075
COHFACE_s30_session1_lamp,0,60,2.0,0.9678838849067688,0.4039451175226663
COHFACE_s30_session1_lamp,0,61,2.033333333333333,1.2967215776443481,0.478335738070699
COHFACE_s30_session1_lamp,0,62,2.066666666666667,1.3276426792144775,0.5062500555170897
COHFACE_s30_session1_lamp,0,63,2.1,1.204203486442566,0.4903634326414453
COHFACE_s30_session1_lamp,0,64,2.1333333333333333,0.9502482414245605,0.4380426460818689
COHFACE_s30_session1_lamp,0,65,2.1666666666666665,0.6357988119125366,0.35867267544240994
COHFACE_s30_session1_lamp,0,66,2.2,0.4372830092906952,0.26165744705131144
COHFACE_s30_session1_lamp,0,67,2.2333333333333334,0.40733206272125244,0.15503892730719523
COHFACE_s30_session1_lamp,0,68,2.2666666666666666,0.4364558756351471,0.04476324560684584
COHFACE_s30_session1_lamp,0,69,2.3,0.40159305930137634,-0.0652378970121544
COHFACE_s30_session1_lamp,0,70,2.3333333333333335,0.28374984860420227,-0.17246659451262902
COHFACE_s30_session1_lamp,0,71,2.3666666666666667,0.1224251314997673,-0.2754852576862308
COHFACE_s30_session1_lamp,0,72,2.4,-0.05346149578690529,-0.3740745178499853
COHFACE_s30_session1_lamp,0,73,2.433333333333333,-0.21467389166355133,-0.46977734413935296
COHFACE_s30_session1_lamp,0,74,2.466666666666667,-0.358781635761261,-0.5658160323094936
COHFACE_s30_session1_lamp,0,75,2.5,-0.4780953526496887,-0.6648077461021314
COHFACE_s30_session1_lamp,0,76,2.533333333333333,-0.5679176449775696,-0.764991461029683
COHFACE_s30_session1_lamp,0,77,2.566666666666667,-0.6270128488540649,-0.8578491302534448
COHFACE_s30_session1_lamp,0,78,2.6,-0.6646327972412109,-0.9284592171505779
COHFACE_s30_session1_lamp,0,79,2.6333333333333333,-0.7065621018409729,-0.9580633011942514
COHFACE_s30_session1_lamp,0,80,2.6666666666666665,-0.7483994960784912,-0.9279384153093561
COHFACE_s30_session1_lamp,0,81,2.7,-0.7976199984550476,-0.8234636696669022
COHFACE_s30_session1_lamp,0,82,2.7333333333333334,-0.8662835955619812,-0.637673196412515
COHFACE_s30_session1_lamp,0,83,2.7666666666666666,-0.9408087134361267,-0.37402906092421123
COHFACE_s30_session1_lamp,0,84,2.8,-0.8546626567840576,-0.04788069197109185
COHFACE_s30_session1_lamp,0,85,2.8333333333333335,-0.2900465726852417,0.3141537621250791
COHFACE_s30_session1_lamp,0,86,2.8666666666666667,0.5622642636299133,0.6773195059449332
COHFACE_s30_session1_lamp,0,87,2.9,1.1282283067703247,1.0043142620065648
COHFACE_s30_session1_lamp,0,88,2.933333333333333,1.2917280197143555,1.2620107507527705
COHFACE_s30_session1_lamp,0,89,2.966666666666667,1.2359720468521118,1.426898119653035
COHFACE_s30_session1_lamp,0,90,3.0,1.040948748588562,1.4879240609497801
COHFACE_s30_session1_lamp,0,91,3.033333333333333,0.7287867069244385,1.4466972355368533
COHFACE_s30_session1_lamp,0,92,3.066666666666667,0.45864593982696533,1.3154143448709248
COHFACE_s30_session1_lamp,0,93,3.1,0.38259926438331604,1.1131623587349122
COHFACE_s30_session1_lamp,0,94,3.1333333333333333,0.42329296469688416,0.8617660699010503
COHFACE_s30_session1_lamp,0,95,3.1666666666666665,0.43850842118263245,0.5826689686090989
COHFACE_s30_session1_lamp,0,96,3.2,0.369119793176651,0.2951850013722127
COHFACE_s30_session1_lamp,0,97,3.2333333333333334,0.23382475972175598,0.015340388701659873
COHFACE_s30_session1_lamp,0,98,3.2666666666666666,0.06618919968605042,-0.2448680762775882
COHFACE_s30_session1_lamp,0,99,3.3,-0.09699404984712601,-0.477266964937917
COHFACE_s30_session1_lamp,0,100,3.3333333333333335,-0.24542136490345,-0.676484176448122
COHFACE_s30_session1_lamp,0,101,3.3666666666666667,-0.3768053352832794,-0.8388873686763783
COHFACE_s30_session1_lamp,0,102,3.4,-0.4759508967399597,-0.9618150058899797
COHFACE_s30_session1_lamp,0,103,3.433333333333333,-0.5424597859382629,-1.042939846338088
COHFACE_s30_session1_lamp,0,104,3.466666666666667,-0.5852571129798889,-1.0797098612512017
COHFACE_s30_session1_lamp,0,105,3.5,-0.6226933002471924,-1.0689718948049796
COHFACE_s30_session1_lamp,0,106,3.533333333333333,-0.6555137634277344,-1.0071151357754375
COHFACE_s30_session1_lamp,0,107,3.566666666666667,-0.6961768269538879,-0.8912132669568742
COHFACE_s30_session1_lamp,0,108,3.6,-0.7595711350440979,-0.7210388424282026
COHFACE_s30_session1_lamp,0,109,3.6333333333333333,-0.8347293734550476,-0.5012014368002818
COHFACE_s30_session1_lamp,0,110,3.6666666666666665,-0.8249874114990234,-0.24255189482386774
COHFACE_s30_session1_lamp,0,111,3.7,-0.4177747368812561,0.037944906224925294
COHFACE_s30_session1_lamp,0,112,3.7333333333333334,0.43850842118263245,0.3189737618190594
COHFACE_s30_session1_lamp,0,113,3.7666666666666666,1.167839527130127,0.5776526587113147
COHFACE_s30_session1_lamp,0,114,3.8,1.479766607284546,0.7926229524137892
COHFACE_s30_session1_lamp,0,115,3.8333333333333335,1.521563172340393,0.9467472828063869
COHFACE_s30_session1_lamp,0,116,3.8666666666666667,1.4234694242477417,1.0291682302211775
COHFACE_s30_session1_lamp,0,117,3.9,1.1810126304626465,1.036891348199257
COHFACE_s30_session1_lamp,0,118,3.933333333333333,0.8608242273330688,0.975247427734203
COHFACE_s30_session1_lamp,0,119,3.966666666666667,0.6664952635765076,0.8559217710697952
COHFACE_s30_session1_lamp,0,120,4.0,0.6416195034980774,0.692994526724051
COHFACE_s30_session1_lamp,0,121,4.033333333333333,0.6635236144065857,0.4991470597813333
COHFACE_s30_session1_lamp,0,122,4.066666666666666,0.613986611366272,0.2836713620780779
COHFACE_s30_session1_lamp,0,123,4.1,0.4763428270816803,0.05304633431913468
COHFACE_s30_session1_lamp,0,124,4.133333333333334,0.30225348472595215,-0.18667632578342586
COHFACE_s30_session1_lamp,0,125,4.166666666666667,0.12061765789985657,-0.4277442648118734
COHFACE_s30_session1_lamp,0,126,4.2,-0.04822288453578949,-0.6598914176603667
COHFACE_s30_session1_lamp,0,127,4.233333333333333,-0.19211620092391968,-0.8706569662067103
COHFACE_s30_session1_lamp,0,128,4.266666666666667,-0.31582096219062805,-1.0463364493658769
COHFACE_s30_session1_lamp,0,129,4.3,-0.40643972158432007,-1.1729106293582627
COHFACE_s30_session1_lamp,0,130,4.333333333333333,-0.46747517585754395,-1.2368836559382321
COHFACE_s30_session1_lamp,0,131,4.366666666666666,-0.5080974102020264,-1.2265368062790565
COHFACE_s30_session1_lamp,0,132,4.4,-0.5553265810012817,-1.1335850647658041
COHFACE_s30_session1_lamp,0,133,4.433333333333334,-0.6165356040000916,-0.9546587094400112
COHFACE_s30_session1_lamp,0,134,4.466666666666667,-0.6841984391212463,-0.6926437911070019
COHFACE_s30_session1_lamp,0,135,4.5,-0.7685166001319885,-0.35844621644380437
COHFACE_s30_session1_lamp,0,136,4.533333333333333,-0.7453359961509705,0.027368931032237774
COHFACE_s30_session1_lamp,0,137,4.566666666666666,-0.2626076936721802,0.43464170749571457
COHFACE_s30_session1_lamp,0,138,4.6,0.6438865065574646,0.8262054075623849
COHFACE_s30_session1_lamp,0,139,4.633333333333334,1.3899341821670532,1.1628083684186437
COHFACE_s30_session1_lamp,0,140,4.666666666666667,1.7433617115020752,1.4096430943697102
COHFACE_s30_session1_lamp,0,141,4.7,1.8378303050994873,1.5432372661104052
COHFACE_s30_session1_lamp,0,142,4.733333333333333,1.7886608839035034,1.5563085889802644
COHFACE_s30_session1_lamp,0,143,4.766666666666667,1.5896549224853516,1.4574978794161642
COHFACE_s30_session1_lamp,0,144,4.8,1.2416702508926392,1.266441546520362
COHFACE_s30_session1_lamp,0,145,4.833333333333333,0.9549149870872498,1.008060967696797
COHFACE_s30_session1_lamp,0,146,4.866666666666666,0.8544929623603821,0.7085710025723574
COHFACE_s30_session1_lamp,0,147,4.9,0.8297193050384521,0.39378678186955207
COHFACE_s30_session1_lamp,0,148,4.933333333333334,0.7494858503341675,0.08847992447177463
COHFACE_s30_session1_lamp,0,149,4.966666666666667,0.5888146758079529,-0.18581453805017245
COHFACE_s30_session1_lamp,0,150,5.0,0.38750091195106506,-0.4144718599757283
COHFACE_s30_session1_lamp,0,151,5.033333333333333,0.17153328657150269,-0.5921292597277239
COHFACE_s30_session1_lamp,0,152,5.066666666666666,-0.027186747640371323,-0.7224667568926044
COHFACE_s30_session1_lamp,0,153,5.1,-0.19686464965343475,-0.8160257742596788
COHFACE_s30_session1_lamp,0,154,5.133333333333334,-0.33614227175712585,-0.8865868630726637
COHFACE_s30_session1_lamp,0,155,5.166666666666667,-0.4437839984893799,-0.9464774683606
COHFACE_s30_session1_lamp,0,156,5.2,-0.5316762328147888,-1.0021413658519562
COHFACE_s30_session1_lamp,0,157,5.233333333333333,-0.5999007225036621,-1.0520550498329284
COHFACE_s30_session1_lamp,0,158,5.266666666666667,-0.6603030562400818,-1.0874271869558785
COHFACE_s30_session1_lamp,0,159,5.3,-0.7248308658599854,-1.094427241674659
COHFACE_s30_session1_lamp,0,160,5.333333333333333,-0.7901654243469238,-1.0570566642930832
COHFACE_s30_session1_lamp,0,161,5.366666666666666,-0.8586248159408569,-0.9603286109183673
COHFACE_s30_session1_lamp,0,162,5.4,-0.9412988424301147,-0.7936034233512614
COHFACE_s30_session1_lamp,0,163,5.433333333333334,-0.9583728909492493,-0.5540059226664314
COHFACE_s30_session1_lamp,0,164,5.466666666666667,-0.5731460452079773,-0.24931476985146442
COHFACE_s30_session1_lamp,0,165,5.5,0.36927297711372375,0.10079039444234152
COHFACE_s30_session1_lamp,0,166,5.533333333333333,1.310589075088501,0.46595754030983916
COHFACE_s30_session1_lamp,0,167,5.566666666666666,1.8549859523773193,0.8092172388716523
COHFACE_s30_session1_lamp,0,168,5.6,2.084044933319092,1.093401642287022
COHFACE_s30_session1_lamp,0,169,5.633333333333334,2.1436917781829834,1.2886187135570975
COHFACE_s30_session1_lamp,0,170,5.666666666666667,2.0624778270721436,1.3785190824359592
COHFACE_s30_session1_lamp,0,171,5.7,1.7838817834854126,1.3625282581833584
COHFACE_s30_session1_lamp,0,172,5.733333333333333,1.3937329053878784,1.2536522899661657
COHFACE_s30_session1_lamp,0,173,5.766666666666667,1.1246745586395264,1.0739277284647564
COHFACE_s30_session1_lamp,0,174,5.8,1.0134689807891846,0.8494323972432374
COHFACE_s30_session1_lamp,0,175,5.833333333333333,0.9217779636383057,0.6062118603101914
COHFACE_s30_session1_lamp,0,176,5.866666666666666,0.7598711848258972,0.36758454466866564
COHFACE_s30_session1_lamp,0,177,5.9,0.5374906063079834,0.1524324222287454
COHFACE_s30_session1_lamp,0,178,5.933333333333334,0.2917354106903076,-0.025914516300555326
COHFACE_s30_session1_lamp,0,179,5.966666666666667,0.05077971890568733,-0.16039650505508446
COHFACE_s30_session1_lamp,0,180,6.0,-0.15489448606967926,-0.25055994570312856
COHFACE_s30_session1_lamp,0,181,6.033333333333333,-0.32813629508018494,-0.30231651395058545
COHFACE_s30_session1_lamp,0,182,6.066666666666666,-0.46942561864852905,-0.3265454504456003
COHFACE_s30_session1_lamp,0,183,6.1,-0.5843993425369263,-0.33577966427469697
COHFACE_s30_session1_lamp,0,184,6.133333333333334,-0.6771115064620972,-0.3400021306661286
COHFACE_s30_session1_lamp,0,185,6.166666666666667,-0.750799298286438,-0.34418755960431596
COHFACE_s30_session1_lamp,0,186,6.2,-0.8285308480262756,-0.34855505388265523
COHFACE_s30_session1_lamp,0,187,6.233333333333333,-0.9211307168006897,-0.35062435855163104
COHFACE_s30_session1_lamp,0,188,6.266666666666667,-1.003212571144104,-0.3479627618045657
COHFACE_s30_session1_lamp,0,189,6.3,-1.0774108171463013,-0.34055842556309474
COHFACE_s30_session1_lamp,0,190,6.333333333333333,-1.146707534790039,-0.3318642007301905
COHFACE_s30_session1_lamp,0,191,6.366666666666666,-1.2069261074066162,-0.3278523464095491
COHFACE_s30_session1_lamp,0,192,6.4,-1.2612524032592773,-0.33474699745093556
COHFACE_s30_session1_lamp,0,193,6.433333333333334,-1.3013129234313965,-0.35725032251700334
COHFACE_s30_session1_lamp,0,194,6.466666666666667,-1.3320910930633545,-0.3975953116729033
COHFACE_s30_session1_lamp,0,195,6.5,-1.3602346181869507,-0.4542542673611226
COHFACE_s30_session1_lamp,0,196,6.533333333333333,-1.3842934370040894,-0.5202995969791695
COHFACE_s30_session1_lamp,0,197,6.566666666666666,-1.4007750749588013,-0.5826532827930624
COHFACE_s30_session1_lamp,0,198,6.6,-1.415745496749878,-0.6231542362230545
COHFACE_s30_session1_lamp,0,199,6.633333333333334,-1.4297252893447876,-0.6218079443371739
COHFACE_s30_session1_lamp,0,200,6.666666666666667,-1.4298784732818604,-0.5615741018883856
COHFACE_s30_session1_lamp,0,201,6.7,-1.4322885274887085,-0.43310175826106345
COHFACE_s30_session1_lamp,0,202,6.733333333333333,-1.4109255075454712,-0.23803208325416053
COHFACE_s30_session1_lamp,0,203,6.766666666666667,-1.0508400201797485,0.01007662967582526
COHFACE_s30_session1_lamp,0,204,6.8,0.0037956039886921644,0.2875157096135381
COHFACE_s30_session1_lamp,0,205,6.833333333333333,1.2067869901657104,0.5645135983995709
COHFACE_s30_session1_lamp,0,206,6.866666666666666,1.9714301824569702,0.8107693720524852
COHFACE_s30_session1_lamp,0,207,6.9,2.3573718070983887,1.0011484306724798
COHFACE_s30_session1_lamp,0,208,6.933333333333334,2.5455431938171387,1.1199657703067487
COHFACE_s30_session1_lamp,0,209,6.966666666666667,2.5850114822387695,1.1622410827037992
COHFACE_s30_session1_lamp,0,210,7.0,2.4225940704345703,1.1317818558727721
COHFACE_s30_session1_lamp,0,211,7.033333333333333,2.063948392868042,1.0374228756780182
COHFACE_s30_session1_lamp,0,212,7.066666666666666,1.683858036994934,0.8894321137686174
COHFACE_s30_session1_lamp,0,213,7.1,1.4524707794189453,0.6983063908066849
COHFACE_s30_session1_lamp,0,214,7.133333333333334,1.3308900594711304,0.47580280567676014
COHFACE_s30_session1_lamp,0,215,7.166666666666667,1.1792664527893066,0.23578003352695023
COHFACE_s30_session1_lamp,0,216,7.2,0.9494721293449402,-0.006178138541524481
COHFACE_s30_session1_lamp,0,217,7.233333333333333,0.683814287185669,-0.2337054066443554
COHFACE_s30_session1_lamp,0,218,7.266666666666667,0.4110695421695709,-0.43082527304903656
COHFACE_s30_session1_lamp,0,219,7.3,0.16165855526924133,-0.5834137347031687
COHFACE_s30_session1_lamp,0,220,7.333333333333333,-0.05175613984465599,-0.6809396232165932
COHFACE_s30_session1_lamp,0,221,7.366666666666666,-0.23611849546432495,-0.7183388442653817
COHFACE_s30_session1_lamp,0,222,7.4,-0.38683322072029114,-0.6973605802945001
COHFACE_s30_session1_lamp,0,223,7.433333333333334,-0.5040228962898254,-0.6263346765212802
COHFACE_s30_session1_lamp,0,224,7.466666666666667,-0.6140031218528748,-0.5186385625670832
COHFACE_s30_session1_lamp,0,225,7.5,-0.7162836790084839,-0.39138491974623585
COHFACE_s30_session1_lamp,0,226,7.533333333333333,-0.8079236149787903,-0.26414141544645253
COHFACE_s30_session1_lamp,0,227,7.566666666666666,-0.8991245031356812,-0.15589958155328118
COHFACE_s30_session1_lamp,0,228,7.6,-0.9886608123779297,-0.08072756002378977
COHFACE_s30_session1_lamp,0,229,7.633333333333334,-1.0769615173339844,-0.04475447646237035
COHFACE_s30_session1_lamp,0,230,7.666666666666667,-1.1525793075561523,-0.0455710036496241
COHFACE_s30_session1_lamp,0,231,7.7,-1.2191903591156006,-0.07335283945857729
COHFACE_s30_session1_lamp,0,232,7.733333333333333,-1.2714539766311646,-0.11331510731551139
COHFACE_s30_session1_lamp,0,233,7.766666666666667,-1.3157830238342285,-0.14948001058874422
COHFACE_s30_session1_lamp,0,234,7.8,-1.3592236042022705,-0.16868020699623418
COHFACE_s30_session1_lamp,0,235,7.833333333333333,-1.3921972513198853,-0.16283317599452168
COHFACE_s30_session1_lamp,0,236,7.866666666666666,-1.411242127418518,-0.12914255331611413
COHFACE_s30_session1_lamp,0,237,7.9,-1.4275707006454468,-0.06951196785779011
COHFACE_s30_session1_lamp,0,238,7.933333333333334,-1.4405089616775513,0.010020002066701207
COHFACE_s30_session1_lamp,0,239,7.966666666666667,-1.464016318321228,0.0997249663289137
COHFACE_s30_session1_lamp,0,240,8.0,-1.419207215309143,0.18716336418757865
COHFACE_s30_session1_lamp,0,241,8.033333333333333,-0.9471604228019714,0.25986462407234856
COHFACE_s30_session1_lamp,0,242,8.066666666666666,0.11811578273773193,0.3090185243529457
COHFACE_s30_session1_lamp,0,243,8.1,1.1615899801254272,0.3317271456096216
COHFACE_s30_session1_lamp,0,244,8.133333333333333,1.7540432214736938,0.33098854122419047
COHFACE_s30_session1_lamp,0,245,8.166666666666666,2.01519775390625,0.31436827087109376
COHFACE_s30_session1_lamp,0,246,8.2,2.1052751541137695,0.2917864038379562
COHFACE_s30_session1_lamp,0,247,8.233333333333333,2.0642342567443848,0.2722454715284297
COHFACE_s30_session1_lamp,0,248,8.266666666666667,1.844529151916504,0.2606317459881777
COHFACE_s30_session1_lamp,0,249,8.3,1.4768869876861572,0.25681865166657153
COHFACE_s30_session1_lamp,0,250,8.333333333333334,1.1656337976455688,0.25740594547968493
COHFACE_s30_session1_lamp,0,251,8.366666666666667,1.0182583332061768,0.25846334492905626
COHFACE_s30_session1_lamp,0,252,8.4,0.9320407509803772,0.2576446937972052
COHFACE_s30_session1_lamp,0,253,8.433333333333334,0.7987063527107239,0.2544347334514516
COHFACE_s30_session1_lamp,0,254,8.466666666666667,0.5969330072402954,0.24858234257991657
COHFACE_s30_session1_lamp,0,255,8.5,0.3580911457538605,0.2380381070256222
COHFACE_s30_session1_lamp,0,256,8.533333333333333,0.1197802945971489,0.21775253997819446
COHFACE_s30_session1_lamp,0,257,8.566666666666666,-0.09332804381847382,0.1803932446424733
COHFACE_s30_session1_lamp,0,258,8.6,-0.27657732367515564,0.11861225690412502
COHFACE_s30_session1_lamp,0,259,8.633333333333333,-0.43061086535453796,0.027161947914056978
COHFACE_s30_session1_lamp,0,260,8.666666666666666,-0.5540194511413574,-0.09593488102823898
COHFACE_s30_session1_lamp,0,261,8.7,-0.6577398777008057,-0.24888630302573878
COHFACE_s30_session1_lamp,0,262,8.733333333333333,-0.745387077331543,-0.4259797576177242
COHFACE_s30_session1_lamp,0,263,8.766666666666667,-0.8195956349372864,-0.6175348702695813
COHFACE_s30_session1_lamp,0,264,8.8,-0.8992674350738525,-0.8100654931268029
COHFACE_s30_session1_lamp,0,265,8.833333333333334,-0.9787248373031616,-0.9870765766965357
COHFACE_s30_session1_lamp,0,266,8.866666666666667,-1.0568547248840332,-1.1302499939458166
COHFACE_s30_session1_lamp,0,267,8.9,-1.1259369850158691,-1.2201592690469798
COHFACE_s30_session1_lamp,0,268,8.933333333333334,-1.1880751848220825,-1.2370519486964058
COHFACE_s30_session1_lamp,0,269,8.966666666666667,-1.2416969537734985,-1.1634445658506962
COHFACE_s30_session1_lamp,0,270,9.0,-1.2936031818389893,-0.9887699343233248
COHFACE_s30_session1_lamp,0,271,9.033333333333333,-1.328721284866333,-0.7146151599060494
COHFACE_s30_session1_lamp,0,272,9.066666666666666,-1.3547508716583252,-0.3582503181044946
COHFACE_s30_session1_lamp,0,273,9.1,-1.375705361366272,0.048195640896274636
COHFACE_s30_session1_lamp,0,274,9.133333333333333,-1.3955466747283936,0.46311297042424215
COHFACE_s30_session1_lamp,0,275,9.166666666666666,-1.418798804283142,0.8430107652192415
COHFACE_s30_session1_lamp,0,276,9.2,-1.3420679569244385,1.1501829226664655
COHFACE_s30_session1_lamp,0,277,9.233333333333333,-0.800775408744812,1.3588147322849484
COHFACE_s30_session1_lamp,0,278,9.266666666666667,0.24521082639694214,1.4580097669866958
COHFACE_s30_session1_lamp,0,279,9.3,1.157392978668213,1.4505405935921651
COHFACE_s30_session1_lamp,0,280,9.333333333333334,1.6259269714355469,1.3487678469624336
COHFACE_s30_session1_lamp,0,281,9.366666666666667,1.7932868003845215,1.1714123355010502
COHFACE_s30_session1_lamp,0,282,9.4,1.8071645498275757,0.9418454433921154
COHFACE_s30_session1_lamp,0,283,9.433333333333334,1.684920072555542,0.6854832390673786
COHFACE_s30_session1_lamp,0,284,9.466666666666667,1.39972722530365,0.4258920579778463
COHFACE_s30_session1_lamp,0,285,9.5,1.063618779182434,0.18148016564455982
COHFACE_s30_session1_lamp,0,286,9.533333333333333,0.8609876036643982,-0.03603492981929274
COHFACE_s30_session1_lamp,0,287,9.566666666666666,0.8054460883140564,-0.22112628227260278
COHFACE_s30_session1_lamp,0,288,9.6,0.7560417652130127,-0.3724520114241387
COHFACE_s30_session1_lamp,0,289,9.633333333333333,0.6293551921844482,-0.4905227129884163
COHFACE_s30_session1_lamp,0,290,9.666666666666666,0.4411124289035797,-0.5760459160685
COHFACE_s30_session1_lamp,0,291,9.7,0.22053931653499603,-0.6295705746481293
COHFACE_s30_session1_lamp,0,292,9.733333333333333,0.00642001535743475,-0.6521387860109895
COHFACE_s30_session1_lamp,0,293,9.766666666666667,-0.1859074831008911,-0.6458496944545992
COHFACE_s30_session1_lamp,0,294,9.8,-0.34492433071136475,-0.6138167707610718
COHFACE_s30_session1_lamp,0,295,9.833333333333334,-0.47625723481178284,-0.559713481854088
COHFACE_s30_session1_lamp,0,296,9.866666666666667,-0.5744531154632568,-0.4872704320035987
COHFACE_s30_session1_lamp,0,297,9.9,-0.6609871983528137,-0.40015229358307375
COHFACE_s30_session1_lamp,0,298,9.933333333333334,-0.7380958795547485,-0.30228003685365307
COHFACE_s30_session1_lamp,0,299,9.966666666666667,-0.8039512634277344,-0.1982803885619483
COHFACE_s30_session1_lamp,1,0,10.0,-0.8719102740287781,-0.0774275324785937
COHFACE_s30_session1_lamp,1,1,10.033333333333333,-0.9438007473945618,-0.2563169729978328
COHFACE_s30_session1_lamp,1,2,10.066666666666666,-1.0138429403305054,-0.435064882893868
COHFACE_s30_session1_lamp,1,3,10.1,-1.080872654914856,-0.6098263950444827
COHFACE_s30_session1_lamp,1,4,10.133333333333333,-1.136301875114441,-0.7701276289079421
COHFACE_s30_session1_lamp,1,5,10.166666666666666,-1.18362295627594,-0.8989501385808241
COHFACE_s30_session1_lamp,1,6,10.2,-1.218822717666626,-0.97569103223889
COHFACE_s30_session1_lamp,1,7,10.233333333333333,-1.2534302473068237,-0.9806471260836952
COHFACE_s30_session1_lamp,1,8,10.266666666666667,-1.2977796792984009,-0.8998006879342181
COHFACE_s30_session1_lamp,1,9,10.3,-1.2788982391357422,-0.729000973689726
COHFACE_s30_session1_lamp,1,10,10.333333333333334,-0.8799264430999756,-0.4768033704904166
COHFACE_s30_session1_lamp,1,11,10.366666666666667,0.028262879699468613,-0.16542764365525986
COHFACE_s30_session1_lamp,1,12,10.4,0.8827794194221497,0.17117564074569985
COHFACE_s30_session1_lamp,1,13,10.433333333333334,1.2969156503677368,0.4933592669705362
COHFACE_s30_session1_lamp,1,14,10.466666666666667,1.3914148807525635,0.7640285097098982
COHFACE_s30_session1_lamp,1,15,10.5,1.3261619806289673,0.9544668748649282
COHFACE_s30_session1_lamp,1,16,10.533333333333333,1.1286673545837402,1.0468721262410543
COHFACE_s30_session1_lamp,1,17,10.566666666666666,0.8155250549316406,1.0365228985877653
COHFACE_s30_session1_lamp,1,18,10.6,0.542576014995575,0.9333639962947254
COHFACE_s30_session1_lamp,1,19,10.633333333333333,0.44791340827941895,0.7596399840703786
COHFACE_s30_session1_lamp,1,20,10.666666666666666,0.4579106867313385,0.5436623624508536
COHFACE_s30_session1_lamp,1,21,10.7,0.4462284743785858,0.3133418398777132
COHFACE_s30_session1_lamp,1,22,10.733333333333333,0.35053446888923645,0.09186700296574504
COHFACE_s30_session1_lamp,1,23,10.766666666666667,0.19561250507831573,-0.10381713276981504
COHFACE_s30_session1_lamp,1,24,10.8,0.012128365226089954,-0.26254920861172565
COHFACE_s30_session1_lamp,1,25,10.833333333333334,-0.1630638688802719,-0.3784734922059648
COHFACE_s30_session1_lamp,1,26,10.866666666666667,-0.3231223225593567,-0.4510156031887316
COHFACE_s30_session1_lamp,1,27,10.9,-0.4673730432987213,-0.4841769028784775
COHFACE_s30_session1_lamp,1,28,10.933333333333334,-0.5789156556129456,-0.4847031656499721
COHFACE_s30_session1_lamp,1,29,10.966666666666667,-0.6604766249656677,-0.4595627832803039
COHFACE_s30_session1_lamp,1,30,11.0,-0.7205725908279419,-0.41372012285370235
COHFACE_s30_session1_lamp,1,31,11.033333333333333,-0.7613275647163391,-0.34953938418045893
COHFACE_s30_session1_lamp,1,32,11.066666666666666,-0.807995080947876,-0.26795982898114384
COHFACE_s30_session1_lamp,1,33,11.1,-0.8630567193031311,-0.17036656757925434
COHFACE_s30_session1_lamp,1,34,11.133333333333333,-0.9167090654373169,-0.06024152303932723
COHFACE_s30_session1_lamp,1,35,11.166666666666666,-0.9749464988708496,0.05596053997685585
COHFACE_s30_session1_lamp,1,36,11.2,-1.044447422027588,0.16915026110379128
COHFACE_s30_session1_lamp,1,37,11.233333333333333,-1.1188091039657593,0.26938627470275234
COHFACE_s30_session1_lamp,1,38,11.266666666666667,-1.1493217945098877,0.34840381330481046
COHFACE_s30_session1_lamp,1,39,11.3,-0.905945897102356,0.4014082085527707
COHFACE_s30_session1_lamp,1,40,11.333333333333334,-0.18037272989749908,0.4274231916953566
COHFACE_s30_session1_lamp,1,41,11.366666666666667,0.6320613026618958,0.4284027584606757
COHFACE_s30_session1_lamp,1,42,11.4,1.054642677307129,0.4076185777085548
COHFACE_s30_session1_lamp,1,43,11.433333333333334,1.134508490562439,0.36801713546462145
COHFACE_s30_session1_lamp,1,44,11.466666666666667,1.0402032136917114,0.31121624252054825
COHFACE_s30_session1_lamp,1,45,11.5,0.8085810542106628,0.23764940012844385
COHFACE_s30_session1_lamp,1,46,11.533333333333333,0.4882088601589203,0.1474592671522217
COHFACE_s30_session1_lamp,1,47,11.566666666666666,0.24224942922592163,0.04095916222060239
COHFACE_s30_session1_lamp,1,48,11.6,0.1809893250465393,-0.08147839227121896
COHFACE_s30_session1_lamp,1,49,11.633333333333333,0.22140730917453766,-0.2191836162747307
COHFACE_s30_session1_lamp,1,50,11.666666666666666,0.2383587658405304,-0.37027016374690946
COHFACE_s30_session1_lamp,1,51,11.7,0.17250339686870575,-0.5304162692252762
COHFACE_s30_session1_lamp,1,52,11.733333333333333,0.0392506867647171,-0.6917829831798858
COHFACE_s30_session1_lamp,1,53,11.766666666666667,-0.12404488772153854,-0.842483502391214
COHFACE_s30_session1_lamp,1,54,11.8,-0.2827349901199341,-0.9670914828158563
COHFACE_s30_session1_lamp,1,55,11.833333333333334,-0.43193838000297546,-1.0486263930132829
COHFACE_s30_session1_lamp,1,56,11.866666666666667,-0.5620969533920288,-1.071546172175391
COHFACE_s30_session1_lamp,1,57,11.9,-0.6574947834014893,-1.0244382290385774
COHFACE_s30_session1_lamp,1,58,11.933333333333334,-0.7288441061973572,-0.9015876623830692
COHFACE_s30_session1_lamp,1,59,11.966666666666667,-0.7769412994384766,-0.7032385939317918
COHFACE_s30_session1_lamp,1,60,12.0,-0.8107931017875671,-0.4355807202872371
COHFACE_s30_session1_lamp,1,61,12.033333333333333,-0.8451759815216064,-0.11235847472582394
COHFACE_s30_session1_lamp,1,62,12.066666666666666,-0.8855735063552856,0.24300649644067265
COHFACE_s30_session1_lamp,1,63,12.1,-0.9327822923660278,0.5986198122875422
COHFACE_s30_session1_lamp,1,64,12.133333333333333,-0.9885382652282715,0.9195847907633301
COHFACE_s30_session1_lamp,1,65,12.166666666666666,-1.0523513555526733,1.175423542270647
COHFACE_s30_session1_lamp,1,66,12.2,-0.9962583184242249,1.3465199413363373
COHFACE_s30_session1_lamp,1,67,12.233333333333333,-0.4550066590309143,1.4266550776288847
COHFACE_s30_session1_lamp,1,68,12.266666666666667,0.497736394405365,1.421147939093036
COHFACE_s30_session1_lamp,1,69,12.3,1.2447949647903442,1.3426024174186952
COHFACE_s30_session1_lamp,1,70,12.333333333333334,1.568690299987793,1.2063427775303248
COHFACE_s30_session1_lamp,1,71,12.366666666666667,1.629021167755127,1.0272323708767994
COHFACE_s30_session1_lamp,1,72,12.4,1.555098533630371,0.8184998352670161
COHFACE_s30_session1_lamp,1,73,12.433333333333334,1.3542851209640503,0.5920738057645675
COHFACE_s30_session1_lamp,1,74,12.466666666666667,1.0449210405349731,0.3594492836391387
COHFACE_s30_session1_lamp,1,75,12.5,0.7958675026893616,0.13192108932321578
COHFACE_s30_session1_lamp,1,76,12.533333333333333,0.7068417072296143,-0.08023777017129297
COHFACE_s30_session1_lamp,1,77,12.566666666666666,0.6974163055419922,-0.26921857511293834
COHFACE_s30_session1_lamp,1,78,12.6,0.6542105674743652,-0.43099637940490143
COHFACE_s30_session1_lamp,1,79,12.633333333333333,0.5311185121536255,-0.5656519700694635
COHFACE_s30_session1_lamp,1,80,12.666666666666666,0.35318952798843384,-0.6765305448334263
COHFACE_s30_session1_lamp,1,81,12.7,0.16012679040431976,-0.7688174435663973
COHFACE_s30_session1_lamp,1,82,12.733333333333333,-0.025542661547660828,-0.8479999102680357
COHFACE_s30_session1_lamp,1,83,12.766666666666667,-0.18632616102695465,-0.9184846043535123
COHFACE_s30_session1_lamp,1,84,12.8,-0.3281056582927704,-0.9823868393280437
COHFACE_s30_session1_lamp,1,85,12.833333333333334,-0.43295955657958984,-1.0383143207857382
COHFACE_s30_session1_lamp,1,86,12.866666666666667,-0.5132542848587036,-1.080537513112483
COHFACE_s30_session1_lamp,1,87,12.9,-0.5765567421913147,-1.0994396367089527
COHFACE_s30_session1_lamp,1,88,12.933333333333334,-0.6276664137840271,-1.083174231392367
COHFACE_s30_session1_lamp,1,89,12.966666666666667,-0.6822888851165771,-1.0195010337001753
COHFACE_s30_session1_lamp,1,90,13.0,-0.7395663857460022,-0.8976332540398535
COHFACE_s30_session1_lamp,1,91,13.033333333333333,-0.8054625988006592,-0.71076444187402
COHFACE_s30_session1_lamp,1,92,13.066666666666666,-0.8703274130821228,-0.45902759586460956
COHFACE_s30_session1_lamp,1,93,13.1,-0.940379798412323,-0.15168387678777714
COHFACE_s30_session1_lamp,1,94,13.133333333333333,-0.8500673770904541,0.19226147657787335
COHFACE_s30_session1_lamp,1,95,13.166666666666666,-0.22862309217453003,0.5452681819514696
COHFACE_s30_session1_lamp,1,96,13.2,0.787749171257019,0.874619522308852
COHFACE_s30_session1_lamp,1,97,13.233333333333333,1.5797189474105835,1.1481736842374488
COHFACE_s30_session1_lamp,1,98,13.266666666666667,1.9630872011184692,1.3409630225378648
COHFACE_s30_session1_lamp,1,99,13.3,2.1016910076141357,1.4395465147783275
COHFACE_s30_session1_lamp,1,100,13.333333333333334,2.098167896270752,1.44277856145594
COHFACE_s30_session1_lamp,1,101,13.366666666666667,1.9512416124343872,1.3596524400959438
COHFACE_s30_session1_lamp,1,102,13.4,1.6490259170532227,1.2056750326160217
COHFACE_s30_session1_lamp,1,103,13.433333333333334,1.3158787488937378,0.9996601234804309
COHFACE_s30_session1_lamp,1,104,13.466666666666667,1.120651125907898,0.7613732605660376
COHFACE_s30_session1_lamp,1,105,13.5,1.0456972122192383,0.5090204300809128
COHFACE_s30_session1_lamp,1,106,13.533333333333333,0.9557625651359558,0.25679561236322823
COHFACE_s30_session1_lamp,1,107,13.566666666666666,0.7964904308319092,0.01396721873750276
COHFACE_s30_session1_lamp,1,108,13.6,0.5852201581001282,-0.21404157045566857
COHFACE_s30_session1_lamp,1,109,13.633333333333333,0.3582545518875122,-0.42326863803243625
COHFACE_s30_session1_lamp,1,110,13.666666666666666,0.13894769549369812,-0.6088068127213055
COHFACE_s30_session1_lamp,1,111,13.7,-0.060783300548791885,-0.7639577059615019
COHFACE_s30_session1_lamp,1,112,13.733333333333333,-0.22265945374965668,-0.8811485893048726
COHFACE_s30_session1_lamp,1,113,13.766666666666667,-0.35210317373275757,-0.9534195213539393
COHFACE_s30_session1_lamp,1,114,13.8,-0.4562218487262726,-0.9757760833748633
COHFACE_s30_session1_lamp,1,115,13.833333333333334,-0.5457479953765869,-0.9463514198045386
COHFACE_s30_session1_lamp,1,116,13.866666666666667,-0.6246131062507629,-0.8671431980120768
COHFACE_s30_session1_lamp,1,117,13.9,-0.6933379173278809,-0.7439310382792478
COHFACE_s30_session1_lamp,1,118,13.933333333333334,-0.7662597894668579,-0.5854015217215495
COHFACE_s30_session1_lamp,1,119,13.966666666666667,-0.8409789800643921,-0.4019220413247753
COHFACE_s30_session1_lamp,1,120,14.0,-0.9111232161521912,-0.20445862144392463
COHFACE_s30_session1_lamp,1,121,14.033333333333333,-0.9791026711463928,-0.004078041224516077
COHFACE_s30_session1_lamp,1,122,14.066666666666666,-1.0295791625976562,0.18807823083797756
COHFACE_s30_session1_lamp,1,123,14.1,-0.8487194180488586,0.3609618372644061
COHFACE_s30_session1_lamp,1,124,14.133333333333333,-0.10474474728107452,0.5043757478419326
COHFACE_s30_session1_lamp,1,125,14.166666666666666,0.9058987498283386,0.6104601364141884
COHFACE_s30_session1_lamp,1,126,14.2,1.5993969440460205,0.6752955724719968
COHFACE_s30_session1_lamp,1,127,14.233333333333333,1.9190236330032349,0.6993989278267908
COHFACE_s30_session1_lamp,1,128,14.266666666666667,2.0313832759857178,0.6867747006043738
COHFACE_s30_session1_lamp,1,129,14.3,2.0086519718170166,0.6431605266907948
COHFACE_s30_session1_lamp,1,130,14.333333333333334,1.8225024938583374,0.574332706223116
COHFACE_s30_session1_lamp,1,131,14.366666666666667,1.4725265502929688,0.48536539857551575
COHFACE_s30_session1_lamp,1,132,14.4,1.1502243280410767,0.38101484519954126
COHFACE_s30_session1_lamp,1,133,14.433333333333334,1.006627082824707,0.26665279795754926
COHFACE_s30_session1_lamp,1,134,14.466666666666667,0.9408738613128662,0.1489792431163574
COHFACE_s30_session1_lamp,1,135,14.5,0.8186906576156616,0.03574944055987574
COHFACE_s30_session1_lamp,1,136,14.533333333333333,0.6332254409790039,-0.06569722566188663
COHFACE_s30_session1_lamp,1,137,14.566666666666666,0.4103240966796875,-0.15068793234891936
COHFACE_s30_session1_lamp,1,138,14.6,0.1777726411819458,-0.21922934526207188
COHFACE_s30_session1_lamp,1,139,14.633333333333333,-0.034038811922073364,-0.2763889819514742
COHFACE_s30_session1_lamp,1,140,14.666666666666666,-0.2130502164363861,-0.33081042200967303
COHFACE_s30_session1_lamp,1,141,14.7,-0.3597211241722107,-0.392339879029186
COHFACE_s30_session1_lamp,1,142,14.733333333333333,-0.47971901297569275,-0.46915504839742334
COHFACE_s30_session1_lamp,1,143,14.766666666666667,-0.5794057846069336,-0.5641875349827865
COHFACE_s30_session1_lamp,1,144,14.8,-0.6635605692863464,-0.6720502890981224
COHFACE_s30_session1_lamp,1,145,14.833333333333334,-0.7379835844039917,-0.7788828459058842
COHFACE_s30_session1_lamp,1,146,14.866666666666667,-0.8132847547531128,-0.8652766900826326
COHFACE_s30_session1_lamp,1,147,14.9,-0.8845625519752502,-0.9101544501812824
COHFACE_s30_session1_lamp,1,148,14.933333333333334,-0.9572700262069702,-0.8943182926354188
COHFACE_s30_session1_lamp,1,149,14.966666666666667,-1.0235542058944702,-0.8034675998929016
COHFACE_s30_session1_lamp,1,150,15.0,-1.0794633626937866,-0.6310362977767342
COHFACE_s30_session1_lamp,1,151,15.033333333333333,-1.1309713125228882,-0.38149236694051636
COHFACE_s30_session1_lamp,1,152,15.066666666666666,-1.1821422576904297,-0.0728496216379489
COHFACE_s30_session1_lamp,1,153,15.1,-1.1895354986190796,0.2645044394471298
COHFACE_s30_session1_lamp,1,154,15.133333333333333,-0.8928136229515076,0.593223254434644
COHFACE_s30_session1_lamp,1,155,15.166666666666666,-0.030771059915423393,0.8766484940569428
COHFACE_s30_session1_lamp,1,156,15.2,0.9517391324043274,1.0861888615433042
COHFACE_s30_session1_lamp,1,157,15.233333333333333,1.5603677034378052,1.2058984086443232
COHFACE_s30_session1_lamp,1,158,15.266666666666667,1.8145884275436401,1.2333005707191036
COHFACE_s30_session1_lamp,1,159,15.3,1.8757566213607788,1.1771837449370774
COHFACE_s30_session1_lamp,1,160,15.333333333333334,1.8006494045257568,1.0536914555793915
COHFACE_s30_session1_lamp,1,161,15.366666666666667,1.5471946001052856,0.8823099596657444
COHFACE_s30_session1_lamp,1,162,15.4,1.1854547262191772,0.6827510932742258
COHFACE_s30_session1_lamp,1,163,15.433333333333334,0.9331742525100708,0.4729903842279177
COHFACE_s30_session1_lamp,1,164,15.466666666666667,0.8494994044303894,0.26836598768915754
COHFACE_s30_session1_lamp,1,165,15.5,0.7882087230682373,0.08140240037398408
COHFACE_s30_session1_lamp,1,166,15.533333333333333,0.6544454097747803,-0.07814227049666057
COHFACE_s30_session1_lamp,1,167,15.566666666666666,0.4667540490627289,-0.2035159878120047
COHFACE_s30_session1_lamp,1,168,15.6,0.241892009973526,-0.291462646028991
COHFACE_s30_session1_lamp,1,169,15.633333333333333,0.010075810365378857,-0.342389513833093
COHFACE_s30_session1_lamp,1,170,15.666666666666666,-0.18741880357265472,-0.36009004500409275
COHFACE_s30_session1_lamp,1,171,15.7,-0.3550645709037781,-0.35138321629894886
COHFACE_s30_session1_lamp,1,172,15.733333333333333,-0.49436262249946594,-0.32564216695142234
COHFACE_s30_session1_lamp,1,173,15.766666666666667,-0.6017796993255615,-0.2938164107439275
COHFACE_s30_session1_lamp,1,174,15.8,-0.6838410496711731,-0.2670034176213326
COHFACE_s30_session1_lamp,1,175,15.833333333333334,-0.7517183423042297,-0.2550956669290862
COHFACE_s30_session1_lamp,1,176,15.866666666666667,-0.8267438411712646,-0.2657787526767389
COHFACE_s30_session1_lamp,1,177,15.9,-0.8986547589302063,-0.303869375971481
COHFACE_s30_session1_lamp,1,178,15.933333333333334,-0.9697078466415405,-0.3706735576626626
COHFACE_s30_session1_lamp,1,179,15.966666666666667,-1.036778450012207,-0.46286822395732113
COHFACE_s30_session1_lamp,1,180,16.0,-1.101061224937439,-0.5713704326695617
COHFACE_s30_session1_lamp,1,181,16.033333333333335,-1.1620149612426758,-0.6815241310163395
COHFACE_s30_session1_lamp,1,182,16.066666666666666,-1.208437442779541,-0.774912259976602
COHFACE_s30_session1_lamp,1,183,16.1,-1.2469457387924194,-0.8319804574027561
COHFACE_s30_session1_lamp,1,184,16.133333333333333,-1.2795518636703491,-0.8350602610700276
COHFACE_s30_session1_lamp,1,185,16.166666666666668,-1.296411395072937,-0.7718008390627007
COHFACE_s30_session1_lamp,1,186,16.2,-1.3068681955337524,-0.6382173643259283
COHFACE_s30_session1_lamp,1,187,16.233333333333334,-1.325177788734436,-0.43986414516124656
COHFACE_s30_session1_lamp,1,188,16.266666666666666,-1.3570178747177124,-0.19079555531200978
COHFACE_s30_session1_lamp,1,189,16.3,-1.3043867349624634,0.08881105380609487
COHFACE_s30_session1_lamp,1,190,16.333333333333332,-0.835250198841095,0.375536611545439
COHFACE_s30_session1_lamp,1,191,16.366666666666667,0.17012406885623932,0.6454757047355567
COHFACE_s30_session1_lamp,1,192,16.4,1.1039959192276,0.8766775548014305
COHFACE_s30_session1_lamp,1,193,16.433333333333334,1.5696808099746704,1.0514647037525602
COHFACE_s30_session1_lamp,1,194,16.466666666666665,1.7093771696090698,1.1582518623895826
COHFACE_s30_session1_lamp,1,195,16.5,1.694243311882019,1.191944219358444
COHFACE_s30_session1_lamp,1,196,16.533333333333335,1.540220022201538,1.1531779536674953
COHFACE_s30_session1_lamp,1,197,16.566666666666666,1.234797716140747,1.0477541044313885
COHFACE_s30_session1_lamp,1,198,16.6,0.9296512007713318,0.8865006705879043
COHFACE_s30_session1_lamp,1,199,16.633333333333333,0.7849920392036438,0.6846326269340267
COHFACE_s30_session1_lamp,1,200,16.666666666666668,0.7572161555290222,0.46017641402131537
COHFACE_s30_session1_lamp,1,201,16.7,0.7060145735740662,0.2316882331016128
COHFACE_s30_session1_lamp,1,202,16.733333333333334,0.5735175609588623,0.01588132404522952
COHFACE_s30_session1_lamp,1,203,16.766666666666666,0.377197265625,-0.1739404576220981
COHFACE_s30_session1_lamp,1,204,16.8,0.16037186980247498,-0.32849143367894146
COHFACE_s30_session1_lamp,1,205,16.833333333333332,-0.04210606589913368,-0.44273470823553013
COHFACE_s30_session1_lamp,1,206,16.866666666666667,-0.22381336987018585,-0.5159076537651399
COHFACE_s30_session1_lamp,1,207,16.9,-0.37476298213005066,-0.5510485256790262
COHFACE_s30_session1_lamp,1,208,16.933333333333334,-0.4918096959590912,-0.5540367946598739
COHFACE_s30_session1_lamp,1,209,16.966666666666665,-0.5895051956176758,-0.5324865446163664
COHFACE_s30_session1_lamp,1,210,17.0,-0.66435706615448,-0.49472570902791835
COHFACE_s30_session1_lamp,1,211,17.033333333333335,-0.724391758441925,-0.4489595695868775
COHFACE_s30_session1_lamp,1,212,17.066666666666666,-0.7846307158470154,-0.40239164372144115
COHFACE_s30_session1_lamp,1,213,17.1,-0.843572735786438,-0.35985903925462315
COHFACE_s30_session1_lamp,1,214,17.133333333333333,-0.904924750328064,-0.3222489504621406
COHFACE_s30_session1_lamp,1,215,17.166666666666668,-0.9687173366546631,-0.2856494840007885
COHFACE_s30_session1_lamp,1,216,17.2,-1.0320402383804321,-0.24210443763605025
COHFACE_s30_session1_lamp,1,217,17.233333333333334,-1.0927079916000366,-0.18251359283460947
COHFACE_s30_session1_lamp,1,218,17.266666666666666,-1.1559492349624634,-0.10085524424065058
COHFACE_s30_session1_lamp,1,219,17.3,-1.219098448753357,0.0023313483714450037
COHFACE_s30_session1_lamp,1,220,17.333333333333332,-1.162842035293579,0.11856469819769554
COHFACE_s30_session1_lamp,1,221,17.366666666666667,-0.6772851347923279,0.23253062032422908
COHFACE_s30_session1_lamp,1,222,17.4,0.19309021532535553,0.32564603364491296
COHFACE_s30_session1_lamp,1,223,17.433333333333334,0.887231707572937,0.38157479976016867
COHFACE_s30_session1_lamp,1,224,17.466666666666665,1.1657359600067139,0.3918278379866178
COHFACE_s30_session1_lamp,1,225,17.5,1.1763560771942139,0.3585552513276924
COHFACE_s30_session1_lamp,1,226,17.533333333333335,1.0396109819412231,0.29327476373910333
COHFACE_s30_session1_lamp,1,227,17.566666666666666,0.7632002234458923,0.2121932934323829
COHFACE_s30_session1_lamp,1,228,17.6,0.4298386871814728,0.13024831809254564
COHFACE_s30_session1_lamp,1,229,17.633333333333333,0.23033234477043152,0.05699872927690105
COHFACE_s30_session1_lamp,1,230,17.666666666666668,0.2081320732831955,-0.004722408993240251
COHFACE_s30_session1_lamp,1,231,17.7,0.2374192774295807,-0.05879214069323963
COHFACE_s30_session1_lamp,1,232,17.733333333333334,0.20494602620601654,-0.11424188165036711
COHFACE_s30_session1_lamp,1,233,17.766666666666666,0.08940043300390244,-0.18047263216686557
COHFACE_s30_session1_lamp,1,234,17.8,-0.07221020758152008,-0.2607103360488817
COHFACE_s30_session1_lamp,1,235,17.833333333333332,-0.2443491369485855,-0.3480931127648165
COHFACE_s30_session1_lamp,1,236,17.866666666666667,-0.4100240468978882,-0.426520412278514
COHFACE_s30_session1_lamp,1,237,17.9,-0.5616680383682251,-0.47563281859640605
COHFACE_s30_session1_lamp,1,238,17.933333333333334,-0.6812983155250549,-0.4775964082905086
COHFACE_s30_session1_lamp,1,239,17.966666666666665,-0.7729688882827759,-0.4221950417271517
COHFACE_s30_session1_lamp,1,240,18.0,-0.8363734483718872,-0.30928014423856587
COHFACE_s30_session1_lamp,1,241,18.033333333333335,-0.8857164978981018,-0.1502299624179626
COHFACE_s30_session1_lamp,1,242,18.066666666666666,-0.9265940189361572,0.03239153035157857
COHFACE_s30_session1_lamp,1,243,18.1,-0.9662665128707886,0.21005708339545326
COHFACE_s30_session1_lamp,1,244,18.133333333333333,-1.0118107795715332,0.35704677808704793
COHFACE_s30_session1_lamp,1,245,18.166666666666668,-1.0641969442367554,0.4572033497768133
COHFACE_s30_session1_lamp,1,246,18.2,-1.1116915941238403,0.5061129450648666
COHFACE_s30_session1_lamp,1,247,18.233333333333334,-1.1580731868743896,0.5096710295382895
COHFACE_s30_session1_lamp,1,248,18.266666666666666,-1.202790379524231,0.48041246839752594
COHFACE_s30_session1_lamp,1,249,18.3,-1.2484469413757324,0.43302693718733476
COHFACE_s30_session1_lamp,1,250,18.333333333333332,-1.1822954416275024,0.3804145833358633
COHFACE_s30_session1_lamp,1,251,18.366666666666667,-0.6455981731414795,0.3313502342181408
COHFACE_s30_session1_lamp,1,252,18.4,0.3498809337615967,0.28998487958465485
COHFACE_s30_session1_lamp,1,253,18.433333333333334,1.1803079843521118,0.25660866406633415
COHFACE_s30_session1_lamp,1,254,18.466666666666665,1.573928952217102,0.2288976631053592
COHFACE_s30_session1_lamp,1,255,18.5,1.677087664604187,0.20287611535920716
COHFACE_s30_session1_lamp,1,256,18.533333333333335,1.6317987442016602,0.17365684902010003
COHFACE_s30_session1_lamp,1,257,18.566666666666666,1.4550849199295044,0.13678169416676642
COHFACE_s30_session1_lamp,1,258,18.6,1.141891598701477,0.0900221990877572
COHFACE_s30_session1_lamp,1,259,18.633333333333333,0.8503674268722534,0.034519034971040086
COHFACE_s30_session1_lamp,1,260,18.666666666666668,0.7189221978187561,-0.025437543127659296
COHFACE_s30_session1_lamp,1,261,18.7,0.6932703852653503,-0.08408434660000828
COHFACE_s30_session1_lamp,1,262,18.733333333333334,0.6587547659873962,-0.13672204612488892
COHFACE_s30_session1_lamp,1,263,18.766666666666666,0.5426985621452332,-0.18192955320346396
COHFACE_s30_session1_lamp,1,264,18.8,0.35855066776275635,-0.2226565669144644
COHFACE_s30_session1_lamp,1,265,18.833333333333332,0.1506401002407074,-0.26592491606439184
COHFACE_s30_session1_lamp,1,266,18.866666666666667,-0.05423758924007416,-0.32104027359258364
COHFACE_s30_session1_lamp,1,267,18.9,-0.23402509093284607,-0.39642927897472324
COHFACE_s30_session1_lamp,1,268,18.933333333333334,-0.38146185874938965,-0.4958986565472887
COHFACE_s30_session1_lamp,1,269,18.966666666666665,-0.4998156726360321,-0.6156900707335835
COHFACE_s30_session1_lamp,1,270,19.0,-0.5975724458694458,-0.7434408758074923
COHFACE_s30_session1_lamp,1,271,19.033333333333335,-0.6718014478683472,-0.8596843657943953
COHFACE_s30_session1_lamp,1,272,19.066666666666666,-0.727424681186676,-0.9413953521896509
COHFACE_s30_session1_lamp,1,273,19.1,-0.7861011624336243,-0.9660595058886875
COHFACE_s30_session1_lamp,1,274,19.133333333333333,-0.8490155935287476,-0.9156570953036369
COHFACE_s30_session1_lamp,1,275,19.166666666666668,-0.9153611063957214,-0.7808741056069763
COHFACE_s30_session1_lamp,1,276,19.2,-0.9699121117591858,-0.5645466952927458
COHFACE_s30_session1_lamp,1,277,19.233333333333334,-1.0251574516296387,-0.2821631782654205
COHFACE_s30_session1_lamp,1,278,19.266666666666666,-1.0940048694610596,0.040913629171068826
COHFACE_s30_session1_lamp,1,279,19.3,-1.145788550376892,0.3739178612422056
COHFACE_s30_session1_lamp,1,280,19.333333333333332,-0.942779541015625,0.6853675311150191
COHFACE_s30_session1_lamp,1,281,19.366666666666667,-0.14413133263587952,0.9468747800128964
COHFACE_s30_session1_lamp,1,282,19.4,0.9075019955635071,1.135967716920323
COHFACE_s30_session1_lamp,1,283,19.433333333333334,1.6121002435684204,1.2386582099798393
COHFACE_s30_session1_lamp,1,284,19.466666666666665,1.9108134508132935,1.251335661905393
COHFACE_s30_session1_lamp,1,285,19.5,1.9935487508773804,1.1804400550109138
COHFACE_s30_session1_lamp,1,286,19.533333333333335,1.944685697555542,1.039905628209186
COHFACE_s30_session1_lamp,1,287,19.566666666666666,1.7448424100875854,0.8479304503466706
COHFACE_s30_session1_lamp,1,288,19.6,1.409765362739563,0.624209096402291
COHFACE_s30_session1_lamp,1,289,19.633333333333333,1.0949482917785645,0.388126464684777
COHFACE_s30_session1_lamp,1,290,19.666666666666668,0.945673406124115,0.15765377394994654
COHFACE_s30_session1_lamp,1,291,19.7,0.8892127871513367,-0.05190880849827184
COHFACE_s30_session1_lamp,1,292,19.733333333333334,0.7921095490455627,-0.2291981043571974
COHFACE_s30_session1_lamp,1,293,19.766666666666666,0.6195111274719238,-0.366920791296656
COHFACE_s30_session1_lamp,1,294,19.8,0.405973881483078,-0.4609805476222263
COHFACE_s30_session1_lamp,1,295,19.833333333333332,0.18199007213115692,-0.5099604818450753
COHFACE_s30_session1_lamp,1,296,19.866666666666667,-0.028636811301112175,-0.5153635819023158
COHFACE_s30_session1_lamp,1,297,19.9,-0.21512320637702942,-0.4819526737203448
COHFACE_s30_session1_lamp,1,298,19.933333333333334,-0.36934056878089905,-0.4177692375422088
COHFACE_s30_session1_lamp,1,299,19.966666666666665,-0.48892998695373535,-0.33376511365303335
COHFACE_s30_session1_lamp,2,0,20.0,-0.586696982383728,-0.12463231350421546
COHFACE_s30_session1_lamp,2,1,20.033333333333335,-0.6675635576248169,-0.22667696162285067
COHFACE_s30_session1_lamp,2,2,20.066666666666666,-0.7421295046806335,-0.3184218541466664
COHFACE_s30_session1_lamp,2,3,20.1,-0.8127537965774536,-0.3918351422186223
COHFACE_s30_session1_lamp,2,4,20.133333333333333,-0.8834699392318726,-0.4373781430962473
COHFACE_s30_session1_lamp,2,5,20.166666666666668,-0.9539103507995605,-0.44523444362449643
COHFACE_s30_session1_lamp,2,6,20.2,-1.0218080282211304,-0.40765798008953674
COHFACE_s30_session1_lamp,2,7,20.233333333333334,-1.0772576332092285,-0.3203637170739067
COHFACE_s30_session1_lamp,2,8,20.266666666666666,-1.127744436264038,-0.18329140148828388
COHFACE_s30_session1_lamp,2,9,20.3,-1.187084674835205,-0.003301512738241053
COHFACE_s30_session1_lamp,2,10,20.333333333333332,-1.1724411249160767,0.20235012707628355
COHFACE_s30_session1_lamp,2,11,20.366666666666667,-0.7657901048660278,0.40639057533695
COHFACE_s30_session1_lamp,2,12,20.4,0.20136170089244843,0.5774780737365273
COHFACE_s30_session1_lamp,2,13,20.433333333333334,1.1645411252975464,0.689948365901972
COHFACE_s30_session1_lamp,2,14,20.466666666666665,1.6986140012741089,0.7328193566849721
COHFACE_s30_session1_lamp,2,15,20.5,1.9053195714950562,0.7117666740134843
COHFACE_s30_session1_lamp,2,16,20.533333333333335,1.9498324394226074,0.6434835112250094
COHFACE_s30_session1_lamp,2,17,20.566666666666666,1.8597753047943115,0.5476395447765027
COHFACE_s30_session1_lamp,2,18,20.6,1.596057653427124,0.44042142156707853
COHFACE_s30_session1_lamp,2,19,20.633333333333333,1.2420991659164429,0.3314969116302376
COHFACE_s30_session1_lamp,2,20,20.666666666666668,0.9936684370040894,0.2245381263350464
COHFACE_s30_session1_lamp,2,21,20.7,0.8983420729637146,0.1198359490121522
COHFACE_s30_session1_lamp,2,22,20.733333333333334,0.8376538157463074,0.017344957016706176
COHFACE_s30_session1_lamp,2,23,20.766666666666666,0.7097112536430359,-0.08129040332279705
COHFACE_s30_session1_lamp,2,24,20.8,0.5108686685562134,-0.17236140665388494
COHFACE_s30_session1_lamp,2,25,20.833333333333332,0.28364771604537964,-0.25109040599352556
COHFACE_s30_session1_lamp,2,26,20.866666666666667,0.0616551972925663,-0.31337233938574266
COHFACE_s30_session1_lamp,2,27,20.9,-0.1358087956905365,-0.3574531398257517
COHFACE_s30_session1_lamp,2,28,20.933333333333334,-0.3068346381187439,-0.38493651950575686
COHFACE_s30_session1_lamp,2,29,20.966666666666665,-0.44683727622032166,-0.40082318949131024
COHFACE_s30_session1_lamp,2,30,21.0,-0.5528451204299927,-0.412245433803556
COHFACE_s30_session1_lamp,2,31,21.033333333333335,-0.6396957635879517,-0.42562524055045425
COHFACE_s30_session1_lamp,2,32,21.066666666666666,-0.7134754657745361,-0.44347944600344086
COHFACE_s30_session1_lamp,2,33,21.1,-0.7871733903884888,-0.4633282757132399
COHFACE_s30_session1_lamp,2,34,21.133333333333333,-0.8646905422210693,-0.4793510724106105
COHFACE_s30_session1_lamp,2,35,21.166666666666668,-0.9400734901428223,-0.48546078183619396
COHFACE_s30_session1_lamp,2,36,21.2,-1.0120048522949219,-0.4781084109876264
COHFACE_s30_session1_lamp,2,37,21.233333333333334,-1.0765531063079834,-0.4571700948225661
COHFACE_s30_session1_lamp,2,38,21.266666666666666,-1.1308385133743286,-0.4247583426429023
COHFACE_s30_session1_lamp,2,39,21.3,-1.180651307106018,-0.38329645640949156
COHFACE_s30_session1_lamp,2,40,21.333333333333332,-1.2271759510040283,-0.33373021895750987
COHFACE_s30_session1_lamp,2,41,21.366666666666667,-1.2634172439575195,-0.274100597118783
COHFACE_s30_session1_lamp,2,42,21.4,-1.1228734254837036,-0.19854124454938257
COHFACE_s30_session1_lamp,2,43,21.433333333333334,-0.4487468898296356,-0.0966680624603323
COHFACE_s30_session1_lamp,2,44,21.466666666666665,0.5667471885681152,0.044889385194709794
COHFACE_s30_session1_lamp,2,45,21.5,1.3076276779174805,0.23582382319999823
COHFACE_s30_session1_lamp,2,46,21.533333333333335,1.631359577178955,0.47280173737335035
COHFACE_s30_session1_lamp,2,47,21.566666666666666,1.7138702869415283,0.7348497149744908
COHFACE_s30_session1_lamp,2,48,21.6,1.6618313789367676,0.9867246110756236
COHFACE_s30_session1_lamp,2,49,21.633333333333333,1.45344078540802,1.1885174720706868
COHFACE_s30_session1_lamp,2,50,21.666666666666668,1.1106947660446167,1.3071674039402015
COHFACE_s30_session1_lamp,2,51,21.7,0.8292598128318787,1.323948980919247
COHFACE_s30_session1_lamp,2,52,21.733333333333334,0.7194430232048035,1.2362549754052938
COHFACE_s30_session1_lamp,2,53,21.766666666666666,0.6891652345657349,1.056441762508753
COHFACE_s30_session1_lamp,2,54,21.8,0.6043365001678467,0.8087403910283871
COHFACE_s30_session1_lamp,2,55,21.833333333333332,0.44764792919158936,0.5232055409785514
COHFACE_s30_session1_lamp,2,56,21.866666666666667,0.24322974681854248,0.22801418006886673
COHFACE_s30_session1_lamp,2,57,21.9,0.030325647443532944,-0.05636464065943453
COHFACE_s30_session1_lamp,2,58,21.933333333333334,-0.16430969536304474,-0.31923092882328474
COHFACE_s30_session1_lamp,2,59,21.966666666666665,-0.3395938277244568,-0.5580175274453671
COHFACE_s30_session1_lamp,2,60,22.0,-0.48759225010871887,-0.7742741549680148
COHFACE_s30_session1_lamp,2,61,22.033333333333335,-0.5965512990951538,-0.9694966056536636
COHFACE_s30_session1_lamp,2,62,22.066666666666666,-0.6764069199562073,-1.1421455926396036
COHFACE_s30_session1_lamp,2,63,22.1,-0.744774341583252,-1.2860975062871784
COHFACE_s30_session1_lamp,2,64,22.133333333333333,-0.8106092810630798,-1.3906059557637667
COHFACE_s30_session1_lamp,2,65,22.166666666666668,-0.8749737739562988,-1.4417497444621596
COHFACE_s30_session1_lamp,2,66,22.2,-0.9351718425750732,-1.4249142441957496
COHFACE_s30_session1_lamp,2,67,22.233333333333334,-0.9973101615905762,-1.3275092281244643
COHFACE_s30_session1_lamp,2,68,22.266666666666666,-1.064462423324585,-1.1415643781285534
COHFACE_s30_session1_lamp,2,69,22.3,-1.1206676959991455,-0.86627177173265
COHFACE_s30_session1_lamp,2,70,22.333333333333332,-1.1752493381500244,-0.5102455462007365
COHFACE_s30_session1_lamp,2,71,22.366666666666667,-1.2303109169006348,-0.09291839918012902
COHFACE_s30_session1_lamp,2,72,22.4,-1.2420135736465454,0.3559224327750047
COHFACE_s30_session1_lamp,2,73,22.433333333333334,-0.9541860818862915,0.7996255565877444
COHFACE_s30_session1_lamp,2,74,22.466666666666665,-0.14349821209907532,1.200066742838162
COHFACE_s30_session1_lamp,2,75,22.5,0.7335249781608582,1.5217456674535474
COHFACE_s30_session1_lamp,2,76,22.533333333333335,1.1998021602630615,1.7343721616139898
COHFACE_s30_session1_lamp,2,77,22.566666666666666,1.3166753053665161,1.8165993862662035
COHFACE_s30_session1_lamp,2,78,22.6,1.2572635412216187,1.7608396694479747
COHFACE_s30_session1_lamp,2,79,22.633333333333333,1.062158465385437,1.5762290664476442
COHFACE_s30_session1_lamp,2,80,22.666666666666668,0.7353630661964417,1.2876085992168698
COHFACE_s30_session1_lamp,2,81,22.7,0.45189598202705383,0.9297519301624344
COHFACE_s30_session1_lamp,2,82,22.733333333333334,0.3659541606903076,0.5389767004086646
COHFACE_s30_session1_lamp,2,83,22.766666666666666,0.38915520906448364,0.14675625499054717
COHFACE_s30_session1_lamp,2,84,22.8,0.38272181153297424,-0.22278031947181837
COHFACE_s30_session1_lamp,2,85,22.833333333333332,0.29140862822532654,-0.5526250494516435
COHFACE_s30_session1_lamp,2,86,22.866666666666667,0.13171778619289398,-0.8312434939067864
COHFACE_s30_session1_lamp,2,87,22.9,-0.0515621192753315,-1.0505434328583814
COHFACE_s30_session1_lamp,2,88,22.933333333333334,-0.22968511283397675,-1.2042986722332252
COHFACE_s30_session1_lamp,2,89,22.966666666666665,-0.39232712984085083,-1.287512201686918
COHFACE_s30_session1_lamp,2,90,23.0,-0.5307878255844116,-1.2967633940532932
COHFACE_s30_session1_lamp,2,91,23.033333333333335,-0.6343857049942017,-1.2311710934770395
COHFACE_s30_session1_lamp,2,92,23.066666666666666,-0.7138839364051819,-1.0937328890377171
COHFACE_s30_session1_lamp,2,93,23.1,-0.769588828086853,-0.8929569787280329
COHFACE_s30_session1_lamp,2,94,23.133333333333333,-0.8107931017875671,-0.6440146458289593
COHFACE_s30_session1_lamp,2,95,23.166666666666668,-0.8493934273719788,-0.3681138443439191
COHFACE_s30_session1_lamp,2,96,23.2,-0.8959588408470154,-0.08956248789891805
COHFACE_s30_session1_lamp,2,97,23.233333333333334,-0.9463741183280945,0.1690488649119542
COHFACE_s30_session1_lamp,2,98,23.266666666666666,-0.9979739189147949,0.3916330536196273
COHFACE_s30_session1_lamp,2,99,23.3,-1.0640232563018799,0.5703701290744566
COHFACE_s30_session1_lamp,2,100,23.333333333333332,-1.134351372718811,0.703895427938368
COHFACE_s30_session1_lamp,2,101,23.366666666666667,-1.1278260946273804,0.7939025615304088
COHFACE_s30_session1_lamp,2,102,23.4,-0.739780843257904,0.8423337541559954
COHFACE_s30_session1_lamp,2,103,23.433333333333334,0.11086546629667282,0.8509719998280512
COHFACE_s30_session1_lamp,2,104,23.466666666666665,0.8853119015693665,0.8227321426385205
COHFACE_s30_session1_lamp,2,105,23.5,1.2449787855148315,0.7616850501156879
COHFACE_s30_session1_lamp,2,106,23.533333333333335,1.2984371185302734,0.6712703041427863
COHFACE_s30_session1_lamp,2,107,23.566666666666666,1.1947678327560425,0.5527505498004259
COHFACE_s30_session1_lamp,2,108,23.6,0.9575904607772827,0.4058274766252189
COHFACE_s30_session1_lamp,2,109,23.633333333333333,0.6294879913330078,0.23264190210076877
COHFACE_s30_session1_lamp,2,110,23.666666666666668,0.4065968096256256,0.042699306958229134
COHFACE_s30_session1_lamp,2,111,23.7,0.3727041184902191,-0.14681712816452358
COHFACE_s30_session1_lamp,2,112,23.733333333333334,0.40676018595695496,-0.31602653527503244
COHFACE_s30_session1_lamp,2,113,23.766666666666666,0.3879808485507965,-0.4482475980441301
COHFACE_s30_session1_lamp,2,114,23.8,0.2835864722728729,-0.5340018101627145
COHFACE_s30_session1_lamp,2,115,23.833333333333332,0.12480445951223373,-0.5725140809012899
COHFACE_s30_session1_lamp,2,116,23.866666666666667,-0.056473955512046814,-0.570997358018685
COHFACE_s30_session1_lamp,2,117,23.9,-0.2280205935239792,-0.5427314911821745
COHFACE_s30_session1_lamp,2,118,23.933333333333334,-0.37483447790145874,-0.5040413397287182
COHFACE_s30_session1_lamp,2,119,23.966666666666665,-0.5011023283004761,-0.469435022993974
COHFACE_s30_session1_lamp,2,120,24.0,-0.593743085861206,-0.44630640649280623
COHFACE_s30_session1_lamp,2,121,24.033333333333335,-0.6579135060310364,-0.4325275118828357
COHFACE_s30_session1_lamp,2,122,24.066666666666666,-0.7085227370262146,-0.4181702099698846
COHFACE_s30_session1_lamp,2,123,24.1,-0.7538117170333862,-0.39021831251888384
COHFACE_s30_session1_lamp,2,124,24.133333333333333,-0.7978140115737915,-0.3383922451194671
COHFACE_s30_session1_lamp,2,125,24.166666666666668,-0.8416324853897095,-0.25984846073297047
COHFACE_s30_session1_lamp,2,126,24.2,-0.8904751539230347,-0.16045384948885602
COHFACE_s30_session1_lamp,2,127,24.233333333333334,-0.9557790756225586,-0.050797851173306145
COHFACE_s30_session1_lamp,2,128,24.266666666666666,-1.0272406339645386,0.060643631700100564
COHFACE_s30_session1_lamp,2,129,24.3,-0.9599863290786743,0.17111783093854332
COHFACE_s30_session1_lamp,2,130,24.333333333333332,-0.4053879380226135,0.2820473185014322
COHFACE_s30_session1_lamp,2,131,24.366666666666667,0.5691877603530884,0.3949915065821866
COHFACE_s30_session1_lamp,2,132,24.4,1.350118637084961,0.5082943671193336
COHFACE_s30_session1_lamp,2,133,24.433333333333334,1.7129614353179932,0.6172600132687689
COHFACE_s30_session1_lamp,2,134,24.466666666666665,1.8131587505340576,0.7166208082796932
COHFACE_s30_session1_lamp,2,135,24.5,1.7806345224380493,0.8003930452997308
COHFACE_s30_session1_lamp,2,136,24.533333333333335,1.5954551696777344,0.8591823922421913
COHFACE_s30_session1_lamp,2,137,24.566666666666666,1.272223711013794,0.8799627527585575
COHFACE_s30_session1_lamp,2,138,24.6,0.9877354502677917,0.84999605473587
COHFACE_s30_session1_lamp,2,139,24.633333333333333,0.8584551215171814,0.762668729095021
COHFACE_s30_session1_lamp,2,140,24.666666666666668,0.8210904598236084,0.6218109407411431
COHFACE_s30_session1_lamp,2,141,24.7,0.7557967305183411,0.4406996480104211
COHFACE_s30_session1_lamp,2,142,24.733333333333334,0.5990264415740967,0.2362923800541071
COHFACE_s30_session1_lamp,2,143,24.766666666666666,0.3939751386642456,0.02345378468164181
COHFACE_s30_session1_lamp,2,144,24.8,0.18016217648983002,-0.18802894047824076
COHFACE_s30_session1_lamp,2,145,24.833333333333332,-0.02352074161171913,-0.3934455588452306
COHFACE_s30_session1_lamp,2,146,24.866666666666667,-0.20438046753406525,-0.5910445780232384
COHFACE_s30_session1_lamp,2,147,24.9,-0.3495502471923828,-0.7794458725264924
COHFACE_s30_session1_lamp,2,148,24.933333333333334,-0.4636457860469818,-0.9553756956395508
COHFACE_s30_session1_lamp,2,149,24.966666666666665,-0.5582471489906311,-1.1115388966641129
COHFACE_s30_session1_lamp,2,150,25.0,-0.6349473595619202,-1.2355725187984277
COHFACE_s30_session1_lamp,2,151,25.033333333333335,-0.6938382983207703,-1.3119595400181028
COHFACE_s30_session1_lamp,2,152,25.066666666666666,-0.754301905632019,-1.326413833155001
COHFACE_s30_session1_lamp,2,153,25.1,-0.8181455731391907,-1.2699519404681523
COHFACE_s30_session1_lamp,2,154,25.133333333333333,-0.8835414052009583,-1.140996775982974
COHFACE_s30_session1_lamp,2,155,25.166666666666668,-0.9542677402496338,-0.9453350013278151
COHFACE_s30_session1_lamp,2,156,25.2,-1.0271692276000977,-0.6940750901045915
COHFACE_s30_session1_lamp,2,157,25.233333333333334,-1.0054386854171753,-0.4000371822900676
COHFACE_s30_session1_lamp,2,158,25.266666666666666,-0.5504658222198486,-0.074401879791942
COHFACE_s30_session1_lamp,2,159,25.3,0.41844239830970764,0.27357928987432983
COHFACE_s30_session1_lamp,2,160,25.333333333333332,1.3082914352416992,0.6331142294518374
COHFACE_s30_session1_lamp,2,161,25.366666666666667,1.77909255027771,0.9862801448094509
COHFACE_s30_session1_lamp,2,162,25.4,1.961198091506958,1.3047894266743199
COHFACE_s30_session1_lamp,2,163,25.433333333333334,1.991322636604309,1.5552483109858393
COHFACE_s30_session1_lamp,2,164,25.466666666666665,1.8736530542373657,1.7106252393669636
COHFACE_s30_session1_lamp,2,165,25.5,1.5796679258346558,1.757734104750038
COHFACE_s30_session1_lamp,2,166,25.533333333333335,1.21431303024292,1.6970976949309555
COHFACE_s30_session1_lamp,2,167,25.566666666666666,0.9880418181419373,1.538952747503555
COHFACE_s30_session1_lamp,2,168,25.6,0.9042853116989136,1.2991205260683925
COHFACE_s30_session1_lamp,2,169,25.633333333333333,0.823479950428009,0.9974004831584112
COHFACE_s30_session1_lamp,2,170,25.666666666666668,0.6751649975776672,0.6577291230151945
COHFACE_s30_session1_lamp,2,171,25.7,0.46816325187683105,0.30625572027806297
COHFACE_s30_session1_lamp,2,172,25.733333333333334,0.2328648567199707,-0.03320575437064627
COHFACE_s30_session1_lamp,2,173,25.766666666666666,0.011811802163720131,-0.3433228093326606
COHFACE_s30_session1_lamp,2,174,25.8,-0.18347708880901337,-0.6149063725866328
COHFACE_s30_session1_lamp,2,175,25.833333333333332,-0.34610891342163086,-0.8454459619458865
COHFACE_s30_session1_lamp,2,176,25.866666666666667,-0.4788203835487366,-1.035496324117484
COHFACE_s30_session1_lamp,2,177,25.9,-0.584981381893158,-1.1852762670977344
COHFACE_s30_session1_lamp,2,178,25.933333333333334,-0.6721486449241638,-1.292917557357487
COHFACE_s30_session1_lamp,2,179,25.966666666666665,-0.7473375201225281,-1.3545820366678578
COHFACE_s30_session1_lamp,2,180,26.0,-0.8149288892745972,-1.3659185690958457
COHFACE_s30_session1_lamp,2,181,26.033333333333335,-0.883439302444458,-1.3237545040708256
COHFACE_s30_session1_lamp,2,182,26.066666666666666,-0.9520824551582336,-1.2273670699695356
COHFACE_s30_session1_lamp,2,183,26.1,-1.0168451070785522,-1.079258917569773
COHFACE_s30_session1_lamp,2,184,26.133333333333333,-1.076246738433838,-0.8852659818268742
COHFACE_s30_session1_lamp,2,185,26.166666666666668,-1.1395593881607056,-0.6537453592468935
COHFACE_s30_session1_lamp,2,186,26.2,-1.1725636720657349,-0.3940316227477589
COHFACE_s30_session1_lamp,2,187,26.233333333333334,-0.9278806447982788,-0.11476902865728339
COHFACE_s30_session1_lamp,2,188,26.266666666666666,-0.11673329770565033,0.17668659961294986
COHFACE_s30_session1_lamp,2,189,26.3,0.8783373236656189,0.47233205805725187
COHFACE_s30_session1_lamp,2,190,26.333333333333332,1.515129804611206,0.7599046975017032
COHFACE_s30_session1_lamp,2,191,26.366666666666667,1.7862815856933594,1.020601807216828
COHFACE_s30_session1_lamp,2,192,26.4,1.861572504043579,1.2303128273787434
COHFACE_s30_session1_lamp,2,193,26.433333333333334,1.7973511219024658,1.365129065031807
COHFACE_s30_session1_lamp,2,194,26.466666666666665,1.5525455474853516,1.4088637586451023
COHFACE_s30_session1_lamp,2,195,26.5,1.191980004310608,1.3577661039352709
COHFACE_s30_session1_lamp,2,196,26.533333333333335,0.9253418445587158,1.2205149230064165
COHFACE_s30_session1_lamp,2,197,26.566666666666666,0.8370615839958191,1.0148780993070083
COHFACE_s30_session1_lamp,2,198,26.6,0.7867075800895691,0.7630467927026192
COHFACE_s30_session1_lamp,2,199,26.633333333333333,0.6669241189956665,0.48777676694072875
COHFACE_s30_session1_lamp,2,200,26.666666666666668,0.4790489375591278,0.20997703450310518
COHFACE_s30_session1_lamp,2,201,26.7,0.2617129683494568,-0.05313328102201723
COHFACE_s30_session1_lamp,2,202,26.733333333333334,0.04288605973124504,-0.2893847988832232
COHFACE_s30_session1_lamp,2,203,26.766666666666666,-0.1568244993686676,-0.4917205390370798
COHFACE_s30_session1_lamp,2,204,26.8,-0.3264513611793518,-0.6567637342419943
COHFACE_s30_session1_lamp,2,205,26.833333333333332,-0.4663008153438568,-0.7823879343590658
COHFACE_s30_session1_lamp,2,206,26.866666666666667,-0.5705828666687012,-0.8656185099393932
COHFACE_s30_session1_lamp,2,207,26.9,-0.6503874659538269,-0.90271881960474
COHFACE_s30_session1_lamp,2,208,26.933333333333334,-0.7245960235595703,-0.8914564263189176
COHFACE_s30_session1_lamp,2,209,26.966666666666665,-0.7923098802566528,-0.8336841422318857
COHFACE_s30_session1_lamp,2,210,27.0,-0.8631792068481445,-0.7367083311076243
COHFACE_s30_session1_lamp,2,211,27.033333333333335,-0.9428918957710266,-0.6126221969707811
COHFACE_s30_session1_lamp,2,212,27.066666666666666,-1.0085633993148804,-0.47573743872772734
COHFACE_s30_session1_lamp,2,213,27.1,-1.0684959888458252,-0.3391840920841846
COHFACE_s30_session1_lamp,2,214,27.133333333333333,-1.1209843158721924,-0.21198283874588458
COHFACE_s30_session1_lamp,2,215,27.166666666666668,-1.1688669919967651,-0.09786245945565628
COHFACE_s30_session1_lamp,2,216,27.2,-1.2123280763626099,0.00431705301644756
COHFACE_s30_session1_lamp,2,217,27.233333333333334,-1.1938856840133667,0.09998331573952507
COHFACE_s30_session1_lamp,2,218,27.266666666666666,-0.8131418228149414,0.19757286666491766
COHFACE_s30_session1_lamp,2,219,27.3,0.10201190412044525,0.3042384616960161
COHFACE_s30_session1_lamp,2,220,27.333333333333332,1.0234867334365845,0.41987740219716074
COHFACE_s30_session1_lamp,2,221,27.366666666666667,1.5384432077407837,0.5342473242104246
COHFACE_s30_session1_lamp,2,222,27.4,1.7287079095840454,0.6295928045332884
COHFACE_s30_session1_lamp,2,223,27.433333333333334,1.7424426078796387,0.6882079996648295
COHFACE_s30_session1_lamp,2,224,27.466666666666665,1.597834587097168,0.7007120108340766
COHFACE_s30_session1_lamp,2,225,27.5,1.279443383216858,0.668181635584594
COHFACE_s30_session1_lamp,2,226,27.533333333333335,0.949431300163269,0.5979813668303584
COHFACE_s30_session1_lamp,2,227,27.566666666666666,0.7969397306442261,0.4997710240935656
COHFACE_s30_session1_lamp,2,228,27.6,0.768112063407898,0.3842232469064836
COHFACE_s30_session1_lamp,2,229,27.633333333333333,0.7108141183853149,0.2623987762505426
COHFACE_s30_session1_lamp,2,230,27.666666666666668,0.5726393461227417,0.14439796715488695
COHFACE_s30_session1_lamp,2,231,27.7,0.369640588760376,0.03706436307029713
COHFACE_s30_session1_lamp,2,232,27.733333333333334,0.15214122831821442,-0.05817679389620245
COHFACE_s30_session1_lamp,2,233,27.766666666666666,-0.051337458193302155,-0.1452026722111492
COHFACE_s30_session1_lamp,2,234,27.8,-0.22884774208068848,-0.2304935608249993
COHFACE_s30_session1_lamp,2,235,27.833333333333332,-0.37842899560928345,-0.3194896164309825
COHFACE_s30_session1_lamp,2,236,27.866666666666667,-0.4980592727661133,-0.41358604824859113
COHFACE_s30_session1_lamp,2,237,27.9,-0.5859004855155945,-0.5089539710504076
COHFACE_s30_session1_lamp,2,238,27.933333333333334,-0.6549521088600159,-0.5972304334231295
COHFACE_s30_session1_lamp,2,239,27.966666666666665,-0.7197045683860779,-0.6670258127770697
COHFACE_s30_session1_lamp,2,240,28.0,-0.7865913510322571,-0.7059355796054063
COHFACE_s30_session1_lamp,2,241,28.033333333333335,-0.8526305556297302,-0.7035128261491417
COHFACE_s30_session1_lamp,2,242,28.066666666666666,-0.9160656929016113,-0.6547163091443486
COHFACE_s30_session1_lamp,2,243,28.1,-0.979225218296051,-0.5624189119677429
COHFACE_s30_session1_lamp,2,244,28.133333333333333,-1.0315806865692139,-0.4379081420005278
COHFACE_s30_session1_lamp,2,245,28.166666666666668,-1.0696090459823608,-0.29888125756835615
COHFACE_s30_session1_lamp,2,246,28.2,-1.1134377717971802,-0.16492963968538635
COHFACE_s30_session1_lamp,2,247,28.233333333333334,-1.1625561714172363,-0.05109954425274696
COHFACE_s30_session1_lamp,2,248,28.266666666666666,-1.1570417881011963,0.038246720893873334
COHFACE_s30_session1_lamp,2,249,28.3,-0.8445530533790588,0.11181613912082106
COHFACE_s30_session1_lamp,2,250,28.333333333333332,-0.023418623954057693,0.1879511901289763
COHFACE_s30_session1_lamp,2,251,28.366666666666667,0.8519502282142639,0.2852618979313968
COHFACE_s30_session1_lamp,2,252,28.4,1.3283370733261108,0.41184258943284424
COHFACE_s30_session1_lamp,2,253,28.433333333333334,1.4584343433380127,0.5612071037675941
COHFACE_s30_session1_lamp,2,254,28.466666666666665,1.4052313566207886,0.7160617060094309
COHFACE_s30_session1_lamp,2,255,28.5,1.200557827949524,0.8538606435117428
COHFACE_s30_session1_lamp,2,256,28.533333333333335,0.8664406538009644,0.9510530959415148
COHFACE_s30_session1_lamp,2,257,28.566666666666666,0.5889474749565125,0.9866435286711883
COHFACE_s30_session1_lamp,2,258,28.6,0.5018006563186646,0.9460304276111862
COHFACE_s30_session1_lamp,2,259,28.633333333333333,0.5144733786582947,0.8259376568965384
COHFACE_s30_session1_lamp,2,260,28.666666666666668,0.4875757396221161,0.6382697578044033
COHFACE_s30_session1_lamp,2,261,28.7,0.3710804581642151,0.40821236500575164
COHFACE_s30_session1_lamp,2,262,28.733333333333334,0.19667452573776245,0.16667365021683841
COHFACE_s30_session1_lamp,2,263,28.766666666666666,0.00011938559327973053,-0.05800283915393668
COHFACE_s30_session1_lamp,2,264,28.8,-0.18424296379089355,-0.24595714047167327
COHFACE_s30_session1_lamp,2,265,28.833333333333332,-0.34284114837646484,-0.3887154068051147
COHFACE_s30_session1_lamp,2,266,28.866666666666667,-0.47485825419425964,-0.4890350457005101
COHFACE_s30_session1_lamp,2,267,28.9,-0.5795283317565918,-0.5581335143632843
COHFACE_s30_session1_lamp,2,268,28.933333333333334,-0.6569331884384155,-0.6112188731266035
COHFACE_s30_session1_lamp,2,269,28.966666666666665,-0.7161509394645691,-0.6625583184824854
COHFACE_s30_session1_lamp,2,270,29.0,-0.7692824602127075,-0.7212561301673664
COHFACE_s30_session1_lamp,2,271,29.033333333333335,-0.8214848041534424,-0.7887072148245822
COHFACE_s30_session1_lamp,2,272,29.066666666666666,-0.8789869546890259,-0.8581599932143973
COHFACE_s30_session1_lamp,2,273,29.1,-0.9394301176071167,-0.9162719640258105
COHFACE_s30_session1_lamp,2,274,29.133333333333333,-0.9932969212532043,-0.9459710212829099
COHFACE_s30_session1_lamp,2,275,29.166666666666668,-1.0430586338043213,-0.9295176588771535
COHFACE_s30_session1_lamp,2,276,29.2,-1.0893892049789429,-0.8513625904692109
COHFACE_s30_session1_lamp,2,277,29.233333333333334,-1.1430007219314575,-0.7010841238049959
COHFACE_s30_session1_lamp,2,278,29.266666666666666,-1.1828467845916748,-0.4763417052401993
COHFACE_s30_session1_lamp,2,279,29.3,-1.0223288536071777,-0.18531597712587639
COHFACE_s30_session1_lamp,2,280,29.333333333333332,-0.3393181264400482,0.15179256373894437
COHFACE_s30_session1_lamp,2,281,29.366666666666667,0.5949723720550537,0.5025207497217337
COHFACE_s30_session1_lamp,2,282,29.4,1.2000371217727661,0.824938470690647
COHFACE_s30_session1_lamp,2,283,29.433333333333334,1.4048943519592285,1.0761751893940503
COHFACE_s30_session1_lamp,2,284,29.466666666666665,1.3853389024734497,1.2242382036684798
COHFACE_s30_session1_lamp,2,285,29.5,1.2292016744613647,1.2559489600306348
COHFACE_s30_session1_lamp,2,286,29.533333333333335,0.9284462332725525,1.1779585369720322
COHFACE_s30_session1_lamp,2,287,29.566666666666666,0.5991489887237549,1.0125560041530934
COHFACE_s30_session1_lamp,2,288,29.6,0.43118661642074585,0.7907739383146357
COHFACE_s30_session1_lamp,2,289,29.633333333333333,0.4287562370300293,0.545469816269743
COHFACE_s30_session1_lamp,2,290,29.666666666666668,0.44116348028182983,0.3058071802113747
COHFACE_s30_session1_lamp,2,291,29.7,0.3678637742996216,0.09317348266001588
COHFACE_s30_session1_lamp,2,292,29.733333333333334,0.21048076450824738,-0.08083345387377128
COHFACE_s30_session1_lamp,2,293,29.766666666666666,0.013700970448553562,-0.21314827493204805
COHFACE_s30_session1_lamp,2,294,29.8,-0.18329328298568726,-0.3055325903619507
COHFACE_s30_session1_lamp,2,295,29.833333333333332,-0.3566780388355255,-0.36108011677274304
COHFACE_s30_session1_lamp,2,296,29.866666666666667,-0.5092819333076477,-0.3826337366139013
COHFACE_s30_session1_lamp,2,297,29.9,-0.630750298500061,-0.3734791939464769
COHFACE_s30_session1_lamp,2,298,29.933333333333334,-0.7199802994728088,-0.33922755410344885
COHFACE_s30_session1_lamp,2,299,29.966666666666665,-0.7845388054847717,-0.2886648328613716
COHFACE_s30_session1_lamp,3,0,30.0,-0.8339226841926575,-0.07442672363136627
COHFACE_s30_session1_lamp,3,1,30.033333333333335,-0.8779861927032471,0.39318217125473304
COHFACE_s30_session1_lamp,3,2,30.066666666666666,-0.9276253581047058,0.8060590690029621
COHFACE_s30_session1_lamp,3,3,30.1,-0.9841268062591553,1.115225878925553
COHFACE_s30_session1_lamp,3,4,30.133333333333333,-1.0456116199493408,1.2919332712446645
COHFACE_s30_session1_lamp,3,5,30.166666666666668,-1.0996825695037842,1.3328416096656155
COHFACE_s30_session1_lamp,3,6,30.2,-1.155561089515686,1.2568250186487673
COHFACE_s30_session1_lamp,3,7,30.233333333333334,-1.1965305805206299,1.0969975296813674
COHFACE_s30_session1_lamp,3,8,30.266666666666666,-0.9519292712211609,0.8913407623625603
COHFACE_s30_session1_lamp,3,9,30.3,-0.11081050336360931,0.6743779171737145
COHFACE_s30_session1_lamp,3,10,30.333333333333332,0.8953806757926941,0.4715860751519803
COHFACE_s30_session1_lamp,3,11,30.366666666666667,1.511014461517334,0.2973310291747249
COHFACE_s30_session1_lamp,3,12,30.4,1.7304234504699707,0.15608948854346208
COHFACE_s30_session1_lamp,3,13,30.433333333333334,1.744699478149414,0.045860059950683194
COHFACE_s30_session1_lamp,3,14,30.466666666666665,1.6239254474639893,-0.037853704528292405
COHFACE_s30_session1_lamp,3,15,30.5,1.3515892028808594,-0.09927997642375935
COHFACE_s30_session1_lamp,3,16,30.533333333333335,0.9943832755088806,-0.14145401328767165
COHFACE_s30_session1_lamp,3,17,30.566666666666666,0.7458709478378296,-0.16651812215922634
COHFACE_s30_session1_lamp,3,18,30.6,0.6651779413223267,-0.17668650279869016
COHFACE_s30_session1_lamp,3,19,30.633333333333333,0.6283340454101562,-0.17553201597416437
COHFACE_s30_session1_lamp,3,20,30.666666666666668,0.5391449332237244,-0.16906121895388565
COHFACE_s30_session1_lamp,3,21,30.7,0.37589016556739807,-0.16595142854226466
COHFACE_s30_session1_lamp,3,22,30.733333333333334,0.15402019023895264,-0.1766757704277092
COHFACE_s30_session1_lamp,3,23,30.766666666666666,-0.07447721064090729,-0.21165976211623597
COHFACE_s30_session1_lamp,3,24,30.8,-0.27700620889663696,-0.27889500853479876
COHFACE_s30_session1_lamp,3,25,30.833333333333332,-0.4499620795249939,-0.3816598548768018
COHFACE_s30_session1_lamp,3,26,30.866666666666667,-0.5988999605178833,-0.5168214053317132
COHFACE_s30_session1_lamp,3,27,30.9,-0.7055307030677795,-0.6739734040210085
COHFACE_s30_session1_lamp,3,28,30.933333333333334,-0.7837218642234802,-0.8356919629160091
COHFACE_s30_session1_lamp,3,29,30.966666666666665,-0.8503124713897705,-0.9791766743581644
COHFACE_s30_session1_lamp,3,30,31.0,-0.9037708044052124,-1.07931237779036
COHFACE_s30_session1_lamp,3,31,31.033333333333335,-0.9631417393684387,-1.1128764788910261
COHFACE_s30_session1_lamp,3,32,31.066666666666666,-1.027587890625,-1.0628859011389238
COHFACE_s30_session1_lamp,3,33,31.1,-1.0896955728530884,-0.921486905772552
COHFACE_s30_session1_lamp,3,34,31.133333333333333,-1.1461153030395508,-0.6910067132073077
COHFACE_s30_session1_lamp,3,35,31.166666666666668,-1.21333909034729,-0.383994929532361
COHFACE_s30_session1_lamp,3,36,31.2,-1.2195886373519897,-0.02247431733697846
COHFACE_s30_session1_lamp,3,37,31.233333333333334,-0.8103948831558228,0.3640636830936126
COHFACE_s30_session1_lamp,3,38,31.266666666666666,0.20669221878051758,0.7420167624362948
COHFACE_s30_session1_lamp,3,39,31.3,1.2132408618927002,1.077996695247033
COHFACE_s30_session1_lamp,3,40,31.333333333333332,1.7585772275924683,1.3432649662937715
COHFACE_s30_session1_lamp,3,41,31.366666666666667,1.9542235136032104,1.5170423343050794
COHFACE_s30_session1_lamp,3,42,31.4,1.9729620218276978,1.588373501726987
COHFACE_s30_session1_lamp,3,43,31.433333333333334,1.8558131456375122,1.557105537749756
COHFACE_s30_session1_lamp,3,44,31.466666666666665,1.5647996664047241,1.4336700844695753
COHFACE_s30_session1_lamp,3,45,31.5,1.1768156290054321,1.236554113151262
COHFACE_s30_session1_lamp,3,46,31.533333333333335,0.8988730907440186,0.9880333688781238
COHFACE_s30_session1_lamp,3,47,31.566666666666666,0.7988390922546387,0.7103661992475822
COHFACE_s30_session1_lamp,3,48,31.6,0.7381201982498169,0.4234494071833366
COHFACE_s30_session1_lamp,3,49,31.633333333333333,0.6183367967605591,0.143588110760567
COHFACE_s30_session1_lamp,3,50,31.666666666666668,0.4297774136066437,-0.11701695091475071
COHFACE_s30_session1_lamp,3,51,31.7,0.19073130190372467,-0.35033353784903887
COHFACE_s30_session1_lamp,3,52,31.733333333333334,-0.045618899166584015,-0.5522731738561624
COHFACE_s30_session1_lamp,3,53,31.766666666666666,-0.25840047001838684,-0.7221845305606702
COHFACE_s30_session1_lamp,3,54,31.8,-0.4365847110748291,-0.862023079625967
COHFACE_s30_session1_lamp,3,55,31.833333333333332,-0.5856757760047913,-0.9751491724695073
COHFACE_s30_session1_lamp,3,56,31.866666666666667,-0.7041215300559998,-1.0647074431597232
COHFACE_s30_session1_lamp,3,57,31.9,-0.7916154861450195,-1.1316166704358102
COHFACE_s30_session1_lamp,3,58,31.933333333333334,-0.8588494658470154,-1.17282012107167
COHFACE_s30_session1_lamp,3,59,31.966666666666665,-0.927155613899231,-1.1809543850875543
COHFACE_s30_session1_lamp,3,60,32.0,-0.9991993308067322,-1.1457618139208938
COHFACE_s30_session1_lamp,3,61,32.03333333333333,-1.0636965036392212,-1.0566519661039206
COHFACE_s30_session1_lamp,3,62,32.06666666666667,-1.125303864479065,-0.9056623413866656
COHFACE_s30_session1_lamp,3,63,32.1,-1.1902707815170288,-0.69003774067896
COHFACE_s30_session1_lamp,3,64,32.13333333333333,-1.248375415802002,-0.4140079828409434
COHFACE_s30_session1_lamp,3,65,32.166666666666664,-1.3065719604492188,-0.08971472493981349
COHFACE_s30_session1_lamp,3,66,32.2,-1.303191900253296,0.2628840546573792
COHFACE_s30_session1_lamp,3,67,32.233333333333334,-0.8757600784301758,0.6174222170787135
COHFACE_s30_session1_lamp,3,68,32.266666666666666,0.14932279288768768,0.9439918613671169
COHFACE_s30_session1_lamp,3,69,32.3,1.1461498737335205,1.2133651379449775
COHFACE_s30_session1_lamp,3,70,32.333333333333336,1.674330472946167,1.4016502664309414
COHFACE_s30_session1_lamp,3,71,32.36666666666667,1.8601837158203125,1.4937534873436475
COHFACE_s30_session1_lamp,3,72,32.4,1.8664435148239136,1.4848948694187818
COHFACE_s30_session1_lamp,3,73,32.43333333333333,1.7308217287063599,1.3803918145988148
COHFACE_s30_session1_lamp,3,74,32.46666666666667,1.4252667427062988,1.1941366657374635
COHFACE_s30_session1_lamp,3,75,32.5,1.0502924919128418,0.9462820478680635
COHFACE_s30_session1_lamp,3,76,32.53333333333333,0.7978485822677612,0.6603936693655783
COHFACE_s30_session1_lamp,3,77,32.56666666666667,0.7095887064933777,0.3601001165374428
COHFACE_s30_session1_lamp,3,78,32.6,0.6528932452201843,0.06576265989509605
COHFACE_s30_session1_lamp,3,79,32.63333333333333,0.53081214427948,-0.20783733584914046
COHFACE_s30_session1_lamp,3,80,32.666666666666664,0.34522438049316406,-0.45214590943777744
COHFACE_s30_session1_lamp,3,81,32.7,0.11778900772333145,-0.6636350354050323
COHFACE_s30_session1_lamp,3,82,32.733333333333334,-0.10962594300508499,-0.8416043096544116
COHFACE_s30_session1_lamp,3,83,32.766666666666666,-0.3128391206264496,-0.9866629554123469
COHFACE_s30_session1_lamp,3,84,32.8,-0.48596858978271484,-1.1000575373452437
COHFACE_s30_session1_lamp,3,85,32.833333333333336,-0.6310158371925354,-1.1825252944942906
COHFACE_s30_session1_lamp,3,86,32.86666666666667,-0.7443352341651917,-1.232489441259628
COHFACE_s30_session1_lamp,3,87,32.9,-0.8251303434371948,-1.2446705339774635
COHFACE_s30_session1_lamp,3,88,32.93333333333333,-0.8926706910133362,-1.2099595388434061
COHFACE_s30_session1_lamp,3,89,32.96666666666667,-0.9595778584480286,-1.1169653927683723
COHFACE_s30_session1_lamp,3,90,33.0,-1.0260050296783447,-0.9552209155716098
COHFACE_s30_session1_lamp,3,91,33.03333333333333,-1.0942703485488892,-0.7195349538911516
COHFACE_s30_session1_lamp,3,92,33.06666666666667,-1.15700101852417,-0.41435574213330506
COHFACE_s30_session1_lamp,3,93,33.1,-1.2173829078674316,-0.05654072301351448
COHFACE_s30_session1_lamp,3,94,33.13333333333333,-1.2696975469589233,0.3249711038530385
COHFACE_s30_session1_lamp,3,95,33.166666666666664,-1.3204089403152466,0.6936414242959982
COHFACE_s30_session1_lamp,3,96,33.2,-1.372948169708252,1.012802457051685
COHFACE_s30_session1_lamp,3,97,33.233333333333334,-1.2834526300430298,1.2529001828755566
COHFACE_s30_session1_lamp,3,98,33.266666666666666,-0.6641324162483215,1.396173019510188
COHFACE_s30_session1_lamp,3,99,33.3,0.4031860828399658,1.4377305946254983
COHFACE_s30_session1_lamp,3,100,33.333333333333336,1.2202154397964478,1.3836966502529802
COHFACE_s30_session1_lamp,3,101,33.36666666666667,1.5628900527954102,1.2485184426769704
COHFACE_s30_session1_lamp,3,102,33.4,1.6263558864593506,1.052338800615556
COHFACE_s30_session1_lamp,3,103,33.43333333333333,1.5390048027038574,0.8179616260446163
COHFACE_s30_session1_lamp,3,104,33.46666666666667,1.3068413734436035,0.5676326805356904
COHFACE_s30_session1_lamp,3,105,33.5,0.9547107815742493,0.32061549357442065
COHFACE_s30_session1_lamp,3,106,33.53333333333333,0.6476342082023621,0.09196005665861397
COHFACE_s30_session1_lamp,3,107,33.56666666666667,0.5167403817176819,-0.10774955557950061
COHFACE_s30_session1_lamp,3,108,33.6,0.495581716299057,-0.27213366148671286
COHFACE_s30_session1_lamp,3,109,33.63333333333333,0.444982647895813,-0.39880719622167976
COHFACE_s30_session1_lamp,3,110,33.666666666666664,0.3142828941345215,-0.48925071187132874
COHFACE_s30_session1_lamp,3,111,33.7,0.12253745645284653,-0.5482623207417796
COHFACE_s30_session1_lamp,3,112,33.733333333333334,-0.09885258227586746,-0.5829458027729936
COHFACE_s30_session1_lamp,3,113,33.766666666666666,-0.3111235499382019,-0.6016838756392596
COHFACE_s30_session1_lamp,3,114,33.8,-0.4846206307411194,-0.6132189658973427
COHFACE_s30_session1_lamp,3,115,33.833333333333336,-0.6311179399490356,-0.6256382349466088
COHFACE_s30_session1_lamp,3,116,33.86666666666667,-0.743834912776947,-0.6450944590471724
COHFACE_s30_session1_lamp,3,117,33.9,-0.8300013542175293,-0.6742264638160697
COHFACE_s30_session1_lamp,3,118,33.93333333333333,-0.8929157257080078,-0.7106424267575387
COHFACE_s30_session1_lamp,3,119,33.96666666666667,-0.9465374946594238,-0.7461855883326423
COHFACE_s30_session1_lamp,3,120,34.0,-0.9956762790679932,-0.7675746656637928
COHFACE_s30_session1_lamp,3,121,34.03333333333333,-1.0494307279586792,-0.7587308547357114
COHFACE_s30_session1_lamp,3,122,34.06666666666667,-1.1048702001571655,-0.7043101530369658
COHFACE_s30_session1_lamp,3,123,34.1,-1.1645678281784058,-0.5932191717937729
COHFACE_s30_session1_lamp,3,124,34.13333333333333,-1.2386335134506226,-0.4213379695451776
COHFACE_s30_session1_lamp,3,125,34.166666666666664,-1.300189733505249,-0.1932072799757662
COHFACE_s30_session1_lamp,3,126,34.2,-1.1634037494659424,0.07754902428895397
COHFACE_s30_session1_lamp,3,127,34.233333333333334,-0.49417880177497864,0.3692905004156008
COHFACE_s30_session1_lamp,3,128,34.266666666666666,0.46803051233291626,0.6549021137604533
COHFACE_s30_session1_lamp,3,129,34.3,1.1062934398651123,0.905521077459505
COHFACE_s30_session1_lamp,3,130,34.333333333333336,1.3014496564865112,1.094878933280367
COHFACE_s30_session1_lamp,3,131,34.36666666666667,1.2580089569091797,1.2034283606538716
COHFACE_s30_session1_lamp,3,132,34.4,1.0759034156799316,1.2214670759639186
COHFACE_s30_session1_lamp,3,133,34.43333333333333,0.7597180008888245,1.1505823560556985
COHFACE_s30_session1_lamp,3,134,34.46666666666667,0.4391824007034302,1.0028200925317194
COHFACE_s30_session1_lamp,3,135,34.5,0.29038745164871216,0.7971955034743936
COHFACE_s30_session1_lamp,3,136,34.53333333333333,0.2945742607116699,0.5550136851506609
COHFACE_s30_session1_lamp,3,137,34.56666666666667,0.3141705393791199,0.2970054932040017
COHFACE_s30_session1_lamp,3,138,34.6,0.26061010360717773,0.042819734042941766
COHFACE_s30_session1_lamp,3,139,34.63333333333333,0.12654045224189758,-0.18910278944233036
COHFACE_s30_session1_lamp,3,140,34.666666666666664,-0.0467013418674469,-0.3824727234417194
COHFACE_s30_session1_lamp,3,141,34.7,-0.22924600541591644,-0.5249549106484823
COHFACE_s30_session1_lamp,3,142,34.733333333333334,-0.3966467082500458,-0.6101960485983795
COHFACE_s30_session1_lamp,3,143,34.766666666666666,-0.5406625270843506,-0.638900207022892
COHFACE_s30_session1_lamp,3,144,34.8,-0.6626108884811401,-0.6184837575237799
COHFACE_s30_session1_lamp,3,145,34.833333333333336,-0.7518715262413025,-0.5616523164364116
COHFACE_s30_session1_lamp,3,146,34.86666666666667,-0.808587372303009,-0.48405399365037854
COHFACE_s30_session1_lamp,3,147,34.9,-0.8441854119300842,-0.40098954827200994
COHFACE_s30_session1_lamp,3,148,34.93333333333333,-0.8748920559883118,-0.3238531798378742
COHFACE_s30_session1_lamp,3,149,34.96666666666667,-0.9109598398208618,-0.25760607831976756
COHFACE_s30_session1_lamp,3,150,35.0,-0.95232754945755,-0.2002367545551324
COHFACE_s30_session1_lamp,3,151,35.03333333333333,-1.0076647996902466,-0.14461936894812694
COHFACE_s30_session1_lamp,3,152,35.06666666666667,-1.0844875574111938,-0.08203554912897981
COHFACE_s30_session1_lamp,3,153,35.1,-1.1207289695739746,-0.005625378160491499
COHFACE_s30_session1_lamp,3,154,35.13333333333333,-0.8625154495239258,0.08722025049320627
COHFACE_s30_session1_lamp,3,155,35.166666666666664,-0.07391557097434998,0.19361585194905365
COHFACE_s30_session1_lamp,3,156,35.2,0.7734119296073914,0.3051244635380533
COHFACE_s30_session1_lamp,3,157,35.233333333333334,1.19091796875,0.4089262361775999
COHFACE_s30_session1_lamp,3,158,35.266666666666666,1.2512385845184326,0.49026281857796017
COHFACE_s30_session1_lamp,3,159,35.3,1.135703206062317,0.5361467248932954
COHFACE_s30_session1_lamp,3,160,35.333333333333336,0.8744466304779053,0.539174991156572
COHFACE_s30_session1_lamp,3,161,35.36666666666667,0.5306385159492493,0.4993373310259896
COHFACE_s30_session1_lamp,3,162,35.4,0.2981994152069092,0.4229575419741329
COHFACE_s30_session1_lamp,3,163,35.43333333333333,0.2591191828250885,0.3193543230432267
COHFACE_s30_session1_lamp,3,164,35.46666666666667,0.30264151096343994,0.19691596463556812
COHFACE_s30_session1_lamp,3,165,35.5,0.3063177466392517,0.06100357903948574
COHFACE_s30_session1_lamp,3,166,35.53333333333333,0.2242870181798935,-0.08572513043720006
COHFACE_s30_session1_lamp,3,167,35.56666666666667,0.0786270722746849,-0.2418919869408098
COHFACE_s30_session1_lamp,3,168,35.6,-0.09304211288690567,-0.4057371009414581
COHFACE_s30_session1_lamp,3,169,35.63333333333333,-0.2614741921424866,-0.5734172231021805
COHFACE_s30_session1_lamp,3,170,35.666666666666664,-0.4205012619495392,-0.7374582527556691
COHFACE_s30_session1_lamp,3,171,35.7,-0.5507925748825073,-0.8855864123794296
COHFACE_s30_session1_lamp,3,172,35.733333333333334,-0.6450875997543335,-1.0006555058597773
COHFACE_s30_session1_lamp,3,173,35.766666666666666,-0.7130159139633179,-1.0627159153033507
COHFACE_s30_session1_lamp,3,174,35.8,-0.7549758553504944,-1.0530395941993804
COHFACE_s30_session1_lamp,3,175,35.833333333333336,-0.7925652265548706,-0.95865506925859
COHFACE_s30_session1_lamp,3,176,35.86666666666667,-0.8262128233909607,-0.7758738581711956
COHFACE_s30_session1_lamp,3,177,35.9,-0.8641902208328247,-0.5115009419899629
COHFACE_s30_session1_lamp,3,178,35.93333333333333,-0.9191802740097046,-0.18201309383221384
COHFACE_s30_session1_lamp,3,179,35.96666666666667,-0.992367684841156,0.18757595013049705
COHFACE_s30_session1_lamp,3,180,36.0,-0.9535529613494873,0.5651130656290666
COHFACE_s30_session1_lamp,3,181,36.03333333333333,-0.43092742562294006,0.9145583395360265
COHFACE_s30_session1_lamp,3,182,36.06666666666667,0.5165157318115234,1.2012133255897677
COHFACE_s30_session1_lamp,3,183,36.1,1.2565895318984985,1.3973938593942365
COHFACE_s30_session1_lamp,3,184,36.13333333333333,1.5516469478607178,1.4870141642592223
COHFACE_s30_session1_lamp,3,185,36.166666666666664,1.571447491645813,1.4677902396382818
COHFACE_s30_session1_lamp,3,186,36.2,1.4526238441467285,1.3504686299643376
COHFACE_s30_session1_lamp,3,187,36.233333333333334,1.1915000677108765,1.1552818367997653
COHFACE_s30_session1_lamp,3,188,36.266666666666666,0.8559634685516357,0.9067975548113493
COHFACE_s30_session1_lamp,3,189,36.3,0.6340526342391968,0.6290870927531982
COHFACE_s30_session1_lamp,3,190,36.333333333333336,0.5931138396263123,0.3425210915447602
COHFACE_s30_session1_lamp,3,191,36.36666666666667,0.602375864982605,0.0626817813971695
COHFACE_s30_session1_lamp,3,192,36.4,0.5544931292533875,-0.19914067231108937
COHFACE_s30_session1_lamp,3,193,36.43333333333333,0.4269079267978668,-0.43520908683461973
COHFACE_s30_session1_lamp,3,194,36.46666666666667,0.24389350414276123,-0.6408618326829233
COHFACE_s30_session1_lamp,3,195,36.5,0.05020786076784134,-0.8138498298054315
COHFACE_s30_session1_lamp,3,196,36.53333333333333,-0.13621725142002106,-0.9533651402629026
COHFACE_s30_session1_lamp,3,197,36.56666666666667,-0.2976747155189514,-1.0590435610586266
COHFACE_s30_session1_lamp,3,198,36.6,-0.4211752414703369,-1.1301526822399515
COHFACE_s30_session1_lamp,3,199,36.63333333333333,-0.5208415985107422,-1.1650875220020411
COHFACE_s30_session1_lamp,3,200,36.666666666666664,-0.5961428284645081,-1.1611796541074615
COHFACE_s30_session1_lamp,3,201,36.7,-0.6458228230476379,-1.1147344106942856
COHFACE_s30_session1_lamp,3,202,36.733333333333334,-0.6909177899360657,-1.0212813839863464
COHFACE_s30_session1_lamp,3,203,36.766666666666666,-0.7388209104537964,-0.8761012694032313
COHFACE_s30_session1_lamp,3,204,36.8,-0.7960270047187805,-0.675433695423863
COHFACE_s30_session1_lamp,3,205,36.833333333333336,-0.8728293180465698,-0.41895566750819757
COHFACE_s30_session1_lamp,3,206,36.86666666666667,-0.8905466198921204,-0.1130479470440103
COHFACE_s30_session1_lamp,3,207,36.9,-0.5185031294822693,0.2266746375343302
COHFACE_s30_session1_lamp,3,208,36.93333333333333,0.41053852438926697,0.574899527661223
COHFACE_s30_session1_lamp,3,209,36.96666666666667,1.3421229124069214,0.8990585133987641
COHFACE_s30_session1_lamp,3,210,37.0,1.8559969663619995,1.1646829863938797
COHFACE_s30_session1_lamp,3,211,37.03333333333333,2.0431368350982666,1.3427408983018183
COHFACE_s30_session1_lamp,3,212,37.06666666666667,2.0635910034179688,1.416435951140277
COHFACE_s30_session1_lamp,3,213,37.1,1.9354338645935059,1.3838409861473968
COHFACE_s30_session1_lamp,3,214,37.13333333333333,1.6340657472610474,1.255943456761866
COHFACE_s30_session1_lamp,3,215,37.166666666666664,1.2705591917037964,1.052902279516059
COHFACE_s30_session1_lamp,3,216,37.2,1.0494959354400635,0.8000363577075585
COHFACE_s30_session1_lamp,3,217,37.233333333333334,0.9817105531692505,0.5234704062033051
COHFACE_s30_session1_lamp,3,218,37.266666666666666,0.9163249135017395,0.2461041780934887
COHFACE_s30_session1_lamp,3,219,37.3,0.771849513053894,-0.014701859091127582
COHFACE_s30_session1_lamp,3,220,37.333333333333336,0.5693715810775757,-0.2474722871368923
COHFACE_s30_session1_lamp,3,221,37.36666666666667,0.3417932391166687,-0.4458687749070149
COHFACE_s30_session1_lamp,3,222,37.4,0.1229357123374939,-0.6075043601539267
COHFACE_s30_session1_lamp,3,223,37.43333333333333,-0.07014744728803635,-0.7325928029815719
COHFACE_s30_session1_lamp,3,224,37.46666666666667,-0.23641462624073029,-0.8227139581200801
COHFACE_s30_session1_lamp,3,225,37.5,-0.36857467889785767,-0.8799657128303755
COHFACE_s30_session1_lamp,3,226,37.53333333333333,-0.4686290919780731,-0.9063087155367598
COHFACE_s30_session1_lamp,3,227,37.56666666666667,-0.5474328994750977,-0.9025528802211221
COHFACE_s30_session1_lamp,3,228,37.6,-0.6173933744430542,-0.8673379031451126
COHFACE_s30_session1_lamp,3,229,37.63333333333333,-0.6877623200416565,-0.7972971853271087
COHFACE_s30_session1_lamp,3,230,37.666666666666664,-0.7533522248268127,-0.6887639504761552
COHFACE_s30_session1_lamp,3,231,37.7,-0.8219136595726013,-0.5404193859504413
COHFACE_s30_session1_lamp,3,232,37.733333333333334,-0.8970617055892944,-0.35574599246537564
COHFACE_s30_session1_lamp,3,233,37.766666666666666,-0.9716379046440125,-0.14385188810887106
COHFACE_s30_session1_lamp,3,234,37.8,-0.889617383480072,0.08134476559078588
COHFACE_s30_session1_lamp,3,235,37.833333333333336,-0.2656916379928589,0.3022051482996972
COHFACE_s30_session1_lamp,3,236,37.86666666666667,0.7797942161560059,0.498883031226562
COHFACE_s30_session1_lamp,3,237,37.9,1.593576192855835,0.6528335256599932
COHFACE_s30_session1_lamp,3,238,37.93333333333333,1.997459888458252,0.7514891379813395
COHFACE_s30_session1_lamp,3,239,37.96666666666667,2.1505846977233887,0.7909810304638362
COHFACE_s30_session1_lamp,3,240,38.0,2.1553025245666504,0.775676573871482
COHFACE_s30_session1_lamp,3,241,38.03333333333333,1.9987465143203735,0.7154731913789069
COHFACE_s30_session1_lamp,3,242,38.06666666666667,1.653733491897583,0.6224385322149643
COHFACE_s30_session1_lamp,3,243,38.1,1.2836403846740723,0.5086473000109405
COHFACE_s30_session1_lamp,3,244,38.13333333333333,1.0859006643295288,0.38557284458944546
COHFACE_s30_session1_lamp,3,245,38.166666666666664,1.0052076578140259,0.26388271962521187
COHFACE_s30_session1_lamp,3,246,38.2,0.8863331079483032,0.1529056669804614
COHFACE_s30_session1_lamp,3,247,38.233333333333334,0.6901047229766846,0.05969609625425872
COHFACE_s30_session1_lamp,3,248,38.266666666666666,0.45679759979248047,-0.01192667011678791
COHFACE_s30_session1_lamp,3,249,38.3,0.2116551250219345,-0.061623438607629935
COHFACE_s30_session1_lamp,3,250,38.333333333333336,-0.018414882943034172,-0.09192750586181447
COHFACE_s30_session1_lamp,3,251,38.36666666666667,-0.21566441655158997,-0.10728747418027093
COHFACE_s30_session1_lamp,3,252,38.4,-0.37614157795906067,-0.11317987366783168
COHFACE_s30_session1_lamp,3,253,38.43333333333333,-0.5071987509727478,-0.11553397872713808
COHFACE_s30_session1_lamp,3,254,38.46666666666667,-0.6106230020523071,-0.12042784118927925
COHFACE_s30_session1_lamp,3,255,38.5,-0.6922350525856018,-0.13376642851828924
COHFACE_s30_session1_lamp,3,256,38.53333333333333,-0.7694356441497803,-0.1609108304541997
COHFACE_s30_session1_lamp,3,257,38.56666666666667,-0.8469426035881042,-0.20650154191141518
COHFACE_s30_session1_lamp,3,258,38.6,-0.9250316023826599,-0.2742125288890313
COHFACE_s30_session1_lamp,3,259,38.63333333333333,-0.9997303485870361,-0.3657537297453331
COHFACE_s30_session1_lamp,3,260,38.666666666666664,-1.0737959146499634,-0.4791077222162135
COHFACE_s30_session1_lamp,3,261,38.7,-1.1419897079467773,-0.6067084187736472
COHFACE_s30_session1_lamp,3,262,38.733333333333334,-1.1970411539077759,-0.734376312608086
COHFACE_s30_session1_lamp,3,263,38.766666666666666,-1.2474768161773682,-0.841764061117499
COHFACE_s30_session1_lamp,3,264,38.8,-1.2868021726608276,-0.9047692353882008
COHFACE_s30_session1_lamp,3,265,38.833333333333336,-1.3095844984054565,-0.8999183980683859
COHFACE_s30_session1_lamp,3,266,38.86666666666667,-1.3317234516143799,-0.8097362796831717
COHFACE_s30_session1_lamp,3,267,38.9,-1.3476128578186035,-0.6272455565908597
COHFACE_s30_session1_lamp,3,268,38.93333333333333,-1.3551287651062012,-0.35873641243609655
COHFACE_s30_session1_lamp,3,269,38.96666666666667,-1.3645439147949219,-0.025001674655536443
COHFACE_s30_session1_lamp,3,270,39.0,-1.3685060739517212,0.3397005905565647
COHFACE_s30_session1_lamp,3,271,39.03333333333333,-1.1385688781738281,0.6924579591235586
COHFACE_s30_session1_lamp,3,272,39.06666666666667,-0.261453777551651,0.9897739425491792
COHFACE_s30_session1_lamp,3,273,39.1,0.9107186794281006,1.1963173093016317
COHFACE_s30_session1_lamp,3,274,39.13333333333333,1.701667308807373,1.291855783304188
COHFACE_s30_session1_lamp,3,275,39.166666666666664,2.0639076232910156,1.2743708284095443
COHFACE_s30_session1_lamp,3,276,39.2,2.2030320167541504,1.1585340195806124
COHFACE_s30_session1_lamp,3,277,39.233333333333334,2.1981916427612305,0.9700373347057274
COHFACE_s30_session1_lamp,3,278,39.266666666666666,2.0181896686553955,0.7380137079283765
COHFACE_s30_session1_lamp,3,279,39.3,1.6695207357406616,0.4890755630720313
COHFACE_s30_session1_lamp,3,280,39.333333333333336,1.3357609510421753,0.2445029008444047
COHFACE_s30_session1_lamp,3,281,39.36666666666667,1.175947666168213,0.01989580985947214
COHFACE_s30_session1_lamp,3,282,39.4,1.0971336364746094,-0.1739019779929487
COHFACE_s30_session1_lamp,3,283,39.43333333333333,0.9641361832618713,-0.32992057556015714
COHFACE_s30_session1_lamp,3,284,39.46666666666667,0.7579513788223267,-0.4446408839521098
COHFACE_s30_session1_lamp,3,285,39.5,0.513870894908905,-0.5174803968970502
COHFACE_s30_session1_lamp,3,286,39.53333333333333,0.2719961702823639,-0.5501111530489884
COHFACE_s30_session1_lamp,3,287,39.56666666666667,0.041160278022289276,-0.5460644424338539
COHFACE_s30_session1_lamp,3,288,39.6,-0.15838690102100372,-0.5107054396698947
COHFACE_s30_session1_lamp,3,289,39.63333333333333,-0.32094722986221313,-0.45127773411026906
COHFACE_s30_session1_lamp,3,290,39.666666666666664,-0.4590505063533783,-0.37660025234867756
COHFACE_s30_session1_lamp,3,291,39.7,-0.5696331858634949,-0.29600877088206223
COHFACE_s30_session1_lamp,3,292,39.733333333333334,-0.6534407734870911,-0.21775483641774418
COHFACE_s30_session1_lamp,3,293,39.766666666666666,-0.7380550503730774,-0.1476694348092183
COHFACE_s30_session1_lamp,3,294,39.8,-0.8243032097816467,-0.08866079472487297
COHFACE_s30_session1_lamp,3,295,39.833333333333336,-0.9061705470085144,-0.04124947842680222
COHFACE_s30_session1_lamp,3,296,39.86666666666667,-0.9903457760810852,-0.004689102028369967
COHFACE_s30_session1_lamp,3,297,39.9,-1.0716208219528198,0.022315718716011443
COHFACE_s30_session1_lamp,3,298,39.93333333333333,-1.1396307945251465,0.041446453137108985
COHFACE_s30_session1_lamp,3,299,39.96666666666667,-1.1984912157058716,0.05446620575833734
COHFACE_s30_session1_lamp,4,0,40.0,-1.2484163045883179,-0.11175975941555993
COHFACE_s30_session1_lamp,4,1,40.03333333333333,-1.2846168279647827,-0.2366271972596748
COHFACE_s30_session1_lamp,4,2,40.06666666666667,-1.316967487335205,-0.3254199809442541
COHFACE_s30_session1_lamp,4,3,40.1,-1.3447332382202148,-0.35241985716935276
COHFACE_s30_session1_lamp,4,4,40.13333333333333,-1.3635636568069458,-0.3042202654223905
COHFACE_s30_session1_lamp,4,5,40.166666666666664,-1.3814239501953125,-0.18379811854030592
COHFACE_s30_session1_lamp,4,6,40.2,-1.3955262899398804,-0.01036360616437345
COHFACE_s30_session1_lamp,4,7,40.233333333333334,-1.4083726406097412,0.18748202301895983
COHFACE_s30_session1_lamp,4,8,40.266666666666666,-1.406575322151184,0.3824576978842242
COHFACE_s30_session1_lamp,4,9,40.3,-1.1096696853637695,0.5556538909176026
COHFACE_s30_session1_lamp,4,10,40.333333333333336,-0.18215978145599365,0.6968231930136674
COHFACE_s30_session1_lamp,4,11,40.36666666666667,0.9008643627166748,0.7999207317071583
COHFACE_s30_session1_lamp,4,12,40.4,1.539413332939148,0.858226591724338
COHFACE_s30_session1_lamp,4,13,40.43333333333333,1.772659182548523,0.8645147500405606
COHFACE_s30_session1_lamp,4,14,40.46666666666667,1.8078691959381104,0.8157305622207239
COHFACE_s30_session1_lamp,4,15,40.5,1.7106331586837769,0.7158192343385413
COHFACE_s30_session1_lamp,4,16,40.53333333333333,1.454227089881897,0.5744657193690069
COHFACE_s30_session1_lamp,4,17,40.56666666666667,1.1058850288391113,0.4042223381834253
COHFACE_s30_session1_lamp,4,18,40.6,0.8725166320800781,0.21797508162017926
COHFACE_s30_session1_lamp,4,19,40.63333333333333,0.8041900396347046,0.027666369889855744
COHFACE_s30_session1_lamp,4,20,40.666666666666664,0.7679895162582397,-0.15611468788518856
COHFACE_s30_session1_lamp,4,21,40.7,0.662328839302063,-0.32518296463070556
COHFACE_s30_session1_lamp,4,22,40.733333333333334,0.4823371171951294,-0.47527335913306284
COHFACE_s30_session1_lamp,4,23,40.766666666666666,0.26229503750801086,-0.60617447993897
COHFACE_s30_session1_lamp,4,24,40.8,0.03844396397471428,-0.7200212037339464
COHFACE_s30_session1_lamp,4,25,40.833333333333336,-0.16000035405158997,-0.8188258050594314
COHFACE_s30_session1_lamp,4,26,40.86666666666667,-0.33249667286872864,-0.9022112492945757
COHFACE_s30_session1_lamp,4,27,40.9,-0.47270357608795166,-0.9660036466491632
COHFACE_s30_session1_lamp,4,28,40.93333333333333,-0.5745450258255005,-1.0021037959170005
COHFACE_s30_session1_lamp,4,29,40.96666666666667,-0.6515107750892639,-0.9997584820917526
COHFACE_s30_session1_lamp,4,30,41.0,-0.7172027230262756,-0.9479560572459457
COHFACE_s30_session1_lamp,4,31,41.03333333333333,-0.772264301776886,-0.8383075242915211
COHFACE_s30_session1_lamp,4,32,41.06666666666667,-0.838773250579834,-0.6677979989966868
COHFACE_s30_session1_lamp,4,33,41.1,-0.9077534079551697,-0.4408786550328613
COHFACE_s30_session1_lamp,4,34,41.13333333333333,-0.9724956750869751,-0.17048845609353266
COHFACE_s30_session1_lamp,4,35,41.166666666666664,-1.0348381996154785,0.12225951245718918
COHFACE_s30_session1_lamp,4,36,41.2,-1.0911660194396973,0.41077316437562605
COHFACE_s30_session1_lamp,4,37,41.233333333333334,-1.1492605209350586,0.6695296333924686
COHFACE_s30_session1_lamp,4,38,41.266666666666666,-1.2221211194992065,0.8816516075024499
COHFACE_s30_session1_lamp,4,39,41.3,-1.2333438396453857,1.041004167614817
COHFACE_s30_session1_lamp,4,40,41.333333333333336,-0.8997882604598999,1.1477947845152916
COHFACE_s30_session1_lamp,4,41,41.36666666666667,-0.0677783265709877,1.2023954396718757
COHFACE_s30_session1_lamp,4,42,41.4,0.7553371787071228,1.2018013206101226
COHFACE_s30_session1_lamp,4,43,41.43333333333333,1.1603645086288452,1.1416986924435304
COHFACE_s30_session1_lamp,4,44,41.46666666666667,1.2384841442108154,1.0222131702915853
COHFACE_s30_session1_lamp,4,45,41.5,1.1458741426467896,0.8510436820181341
COHFACE_s30_session1_lamp,4,46,41.53333333333333,0.906930148601532,0.6418840151440152
COHFACE_s30_session1_lamp,4,47,41.56666666666667,0.5647048354148865,0.4107579521163322
COHFACE_s30_session1_lamp,4,48,41.6,0.29645320773124695,0.1724519193546104
COHFACE_s30_session1_lamp,4,49,41.63333333333333,0.22269397974014282,-0.06175828744663457
COHFACE_s30_session1_lamp,4,50,41.666666666666664,0.25750574469566345,-0.284783246510811
COHFACE_s30_session1_lamp,4,51,41.7,0.2581899166107178,-0.4933775035203785
COHFACE_s30_session1_lamp,4,52,41.733333333333334,0.16993004083633423,-0.6869184209387988
COHFACE_s30_session1_lamp,4,53,41.766666666666666,0.017591634765267372,-0.8649839207807699
COHFACE_s30_session1_lamp,4,54,41.8,-0.1587851494550705,-1.0244776686305388
COHFACE_s30_session1_lamp,4,55,41.833333333333336,-0.33916494250297546,-1.1580034822540421
COHFACE_s30_session1_lamp,4,56,41.86666666666667,-0.502419650554657,-1.2540899683622408
COHFACE_s30_session1_lamp,4,57,41.9,-0.6358357667922974,-1.2986574117541312
COHFACE_s30_session1_lamp,4,58,41.93333333333333,-0.7466022372245789,-1.2774303371326017
COHFACE_s30_session1_lamp,4,59,41.96666666666667,-0.8266416788101196,-1.179343215023916
COHFACE_s30_session1_lamp,4,60,42.0,-0.8722165822982788,-1.000271593789807
COHFACE_s30_session1_lamp,4,61,42.03333333333333,-0.9101428985595703,-0.7457589984542731
COHFACE_s30_session1_lamp,4,62,42.06666666666667,-0.9546558260917664,-0.4316644052311736
COHFACE_s30_session1_lamp,4,63,42.1,-0.9967791438102722,-0.08212547998818766
COHFACE_s30_session1_lamp,4,64,42.13333333333333,-1.0427522659301758,0.2745750400620415
COHFACE_s30_session1_lamp,4,65,42.166666666666664,-1.0950872898101807,0.6105618283059612
COHFACE_s30_session1_lamp,4,66,42.2,-1.1433683633804321,0.902091015684379
COHFACE_s30_session1_lamp,4,67,42.233333333333334,-1.1993489265441895,1.1318280398825802
COHFACE_s30_session1_lamp,4,68,42.266666666666666,-1.2541348934173584,1.2894426051109005
COHFACE_s30_session1_lamp,4,69,42.3,-1.0895423889160156,1.370647221538094
COHFACE_s30_session1_lamp,4,70,42.333333333333336,-0.33860328793525696,1.3756675090767962
COHFACE_s30_session1_lamp,4,71,42.36666666666667,0.6799951195716858,1.30872873092686
COHFACE_s30_session1_lamp,4,72,42.4,1.326253890991211,1.178620736723829
COHFACE_s30_session1_lamp,4,73,42.43333333333333,1.540260910987854,0.9988864975540698
COHFACE_s30_session1_lamp,4,74,42.46666666666667,1.5332249402999878,0.7866202725887202
COHFACE_s30_session1_lamp,4,75,42.5,1.4050475358963013,0.5596185729931976
COHFACE_s30_session1_lamp,4,76,42.53333333333333,1.1346105337142944,0.33286316389132775
COHFACE_s30_session1_lamp,4,77,42.56666666666667,0.7950301170349121,0.11635909100554206
COHFACE_s30_session1_lamp,4,78,42.6,0.5737626552581787,-0.08488326881343025
COHFACE_s30_session1_lamp,4,79,42.63333333333333,0.5256858468055725,-0.2693289662602622
COHFACE_s30_session1_lamp,4,80,42.666666666666664,0.5263292193412781,-0.43697962567261706
COHFACE_s30_session1_lamp,4,81,42.7,0.4703996181488037,-0.5883559038727937
COHFACE_s30_session1_lamp,4,82,42.733333333333334,0.339567095041275,-0.7245007048193481
COHFACE_s30_session1_lamp,4,83,42.766666666666666,0.1525905430316925,-0.8468795719333297
COHFACE_s30_session1_lamp,4,84,42.8,-0.05434991791844368,-0.9566906803597707
COHFACE_s30_session1_lamp,4,85,42.833333333333336,-0.243532195687294,-1.0538949358948226
COHFACE_s30_session1_lamp,4,86,42.86666666666667,-0.4065418541431427,-1.1361516811306256
COHFACE_s30_session1_lamp,4,87,42.9,-0.54923015832901,-1.1977070948189243
COHFACE_s30_session1_lamp,4,88,42.93333333333333,-0.6583934426307678,-1.22875142112078
COHFACE_s30_session1_lamp,4,89,42.96666666666667,-0.7364211678504944,-1.2161221727649036
COHFACE_s30_session1_lamp,4,90,43.0,-0.7916461229324341,-1.1454748410332478
COHFACE_s30_session1_lamp,4,91,43.03333333333333,-0.8412240147590637,-1.0042229883666622
COHFACE_s30_session1_lamp,4,92,43.06666666666667,-0.885757327079773,-0.7847761897625274
COHFACE_s30_session1_lamp,4,93,43.1,-0.9368873834609985,-0.4878481662618781
COHFACE_s30_session1_lamp,4,94,43.13333333333333,-0.9946244359016418,-0.12543361257410143
COHFACE_s30_session1_lamp,4,95,43.166666666666664,-1.0604186058044434,0.2771593315507844
COHFACE_s30_session1_lamp,4,96,43.2,-1.1267027854919434,0.6824567130077726
COHFACE_s30_session1_lamp,4,97,43.233333333333334,-1.0007412433624268,1.0483806084464278
COHFACE_s30_session1_lamp,4,98,43.266666666666666,-0.27744531631469727,1.3396129116635613
COHFACE_s30_session1_lamp,4,99,43.3,0.7944276332855225,1.5348030516795304
COHFACE_s30_session1_lamp,4,100,43.333333333333336,1.5356043577194214,1.6269425946421556
COHFACE_s30_session1_lamp,4,101,43.36666666666667,1.8468472957611084,1.6200512807210226
COHFACE_s30_session1_lamp,4,102,43.4,1.9176348447799683,1.5252492703323146
COHFACE_s30_session1_lamp,4,103,43.43333333333333,1.8592851161956787,1.358381507226903
COHFACE_s30_session1_lamp,4,104,43.46666666666667,1.6671414375305176,1.1388498419751538
COHFACE_s30_session1_lamp,4,105,43.5,1.3280000686645508,0.887032428131056
COHFACE_s30_session1_lamp,4,106,43.53333333333333,1.0032062530517578,0.6204875554691409
COHFACE_s30_session1_lamp,4,107,43.56666666666667,0.8372862339019775,0.35200807010749346
COHFACE_s30_session1_lamp,4,108,43.6,0.7729217410087585,0.09035381599925116
COHFACE_s30_session1_lamp,4,109,43.63333333333333,0.694107711315155,-0.15794165566523555
COHFACE_s30_session1_lamp,4,110,43.666666666666664,0.5460888743400574,-0.38720467253070867
COHFACE_s30_session1_lamp,4,111,43.7,0.3374430537223816,-0.5927217348503677
COHFACE_s30_session1_lamp,4,112,43.733333333333334,0.10771004110574722,-0.771892823749734
COHFACE_s30_session1_lamp,4,113,43.766666666666666,-0.10811460763216019,-0.9247196019135322
COHFACE_s30_session1_lamp,4,114,43.8,-0.2956017553806305,-1.0528910236291147
COHFACE_s30_session1_lamp,4,115,43.833333333333336,-0.454302042722702,-1.1579269940504002
COHFACE_s30_session1_lamp,4,116,43.86666666666667,-0.5830615758895874,-1.239066127625347
COHFACE_s30_session1_lamp,4,117,43.9,-0.6842699646949768,-1.2916761787954274
COHFACE_s30_session1_lamp,4,118,43.93333333333333,-0.7652080059051514,-1.306854349100521
COHFACE_s30_session1_lamp,4,119,43.96666666666667,-0.8311450481414795,-1.272638617959167
COHFACE_s30_session1_lamp,4,120,44.0,-0.8954992890357971,-1.1766578275756412
COHFACE_s30_session1_lamp,4,121,44.03333333333333,-0.9570862054824829,-1.0094585394246485
COHFACE_s30_session1_lamp,4,122,44.06666666666667,-1.020715355873108,-0.767784729552984
COHFACE_s30_session1_lamp,4,123,44.1,-1.0878268480300903,-0.45720085888355383
COHFACE_s30_session1_lamp,4,124,44.13333333333333,-1.1546624898910522,-0.09357666676688013
COHFACE_s30_session1_lamp,4,125,44.166666666666664,-1.203433632850647,0.2968982720677191
COHFACE_s30_session1_lamp,4,126,44.2,-0.9930416345596313,0.6802403285523313
COHFACE_s30_session1_lamp,4,127,44.233333333333334,-0.14208899438381195,1.0212050708526368
COHFACE_s30_session1_lamp,4,128,44.266666666666666,0.9630026817321777,1.2914677761041164
COHFACE_s30_session1_lamp,4,129,44.3,1.6724004745483398,1.4737328759674388
COHFACE_s30_session1_lamp,4,130,44.333333333333336,1.9741976261138916,1.5607018469228962
COHFACE_s30_session1_lamp,4,131,44.36666666666667,2.065173864364624,1.5526426788489147
COHFACE_s30_session1_lamp,4,132,44.4,2.0227746963500977,1.4559198938049047
COHFACE_s30_session1_lamp,4,133,44.43333333333333,1.8313356637954712,1.2828123004829175
COHFACE_s30_session1_lamp,4,134,44.46666666666667,1.4781123399734497,1.0514385606247052
COHFACE_s30_session1_lamp,4,135,44.5,1.12442946434021,0.7835010242202736
COHFACE_s30_session1_lamp,4,136,44.53333333333333,0.9383618235588074,0.5001239567661153
COHFACE_s30_session1_lamp,4,137,44.56666666666667,0.8608242273330688,0.2186362702168906
COHFACE_s30_session1_lamp,4,138,44.6,0.7551533579826355,-0.0485140311726463
COHFACE_s30_session1_lamp,4,139,44.63333333333333,0.5783272385597229,-0.2934352806261412
COHFACE_s30_session1_lamp,4,140,44.666666666666664,0.3575805723667145,-0.5118783282248381
COHFACE_s30_session1_lamp,4,141,44.7,0.12492699921131134,-0.7024092959224789
COHFACE_s30_session1_lamp,4,142,44.733333333333334,-0.09616690129041672,-0.8656709163667212
COHFACE_s30_session1_lamp,4,143,44.766666666666666,-0.2846956253051758,-1.0031075741107638
COHFACE_s30_session1_lamp,4,144,44.8,-0.4435082674026489,-1.1152133023907782
COHFACE_s30_session1_lamp,4,145,44.833333333333336,-0.5749534964561462,-1.2000918829420097
COHFACE_s30_session1_lamp,4,146,44.86666666666667,-0.6777650713920593,-1.2527340218345542
COHFACE_s30_session1_lamp,4,147,44.9,-0.762052595615387,-1.2649734555948104
COHFACE_s30_session1_lamp,4,148,44.93333333333333,-0.8301851749420166,-1.2262919004115005
COHFACE_s30_session1_lamp,4,149,44.96666666666667,-0.9009625911712646,-1.1258030913246633
COHFACE_s30_session1_lamp,4,150,45.0,-0.9690237045288086,-0.9553845278585397
COHFACE_s30_session1_lamp,4,151,45.03333333333333,-1.0334596633911133,-0.7134791311337474
COHFACE_s30_session1_lamp,4,152,45.06666666666667,-1.094586968421936,-0.40825243968684166
COHFACE_s30_session1_lamp,4,153,45.1,-1.1456966400146484,-0.05819639619689007
COHFACE_s30_session1_lamp,4,154,45.13333333333333,-1.203597068786621,0.3100205783995403
COHFACE_s30_session1_lamp,4,155,45.166666666666664,-1.2516329288482666,0.6649241024319115
COHFACE_s30_session1_lamp,4,156,45.2,-1.108107328414917,0.9744132407403376
COHFACE_s30_session1_lamp,4,157,45.233333333333334,-0.38316723704338074,1.2114406606865424
COHFACE_s30_session1_lamp,4,158,45.266666666666666,0.7246611714363098,1.3595789926889532
COHFACE_s30_session1_lamp,4,159,45.3,1.5319076776504517,1.4148169274159705
COHFACE_s30_session1_lamp,4,160,45.333333333333336,1.9095574617385864,1.3831403990346807
COHFACE_s30_session1_lamp,4,161,45.36666666666667,2.0484368801116943,1.2767356195387185
COHFACE_s30_session1_lamp,4,162,45.4,2.0423505306243896,1.1109566770723003
COHFACE_s30_session1_lamp,4,163,45.43333333333333,1.8848655223846436,0.9029897886858577
COHFACE_s30_session1_lamp,4,164,45.46666666666667,1.5494616031646729,0.671510608251948
COHFACE_s30_session1_lamp,4,165,45.5,1.1970348358154297,0.43528434245764797
COHFACE_s30_session1_lamp,4,166,45.53333333333333,1.0142042636871338,0.2104745229928954
COHFACE_s30_session1_lamp,4,167,45.56666666666667,0.9450096487998962,0.008373127745805113
COHFACE_s30_session1_lamp,4,168,45.6,0.8489581942558289,-0.1654214164010567
COHFACE_s30_session1_lamp,4,169,45.63333333333333,0.6747156977653503,-0.3102762442322168
COHFACE_s30_session1_lamp,4,170,45.666666666666664,0.454949289560318,-0.4288117220086267
COHFACE_s30_session1_lamp,4,171,45.7,0.22442997992038727,-0.5252928574792103
COHFACE_s30_session1_lamp,4,172,45.733333333333334,0.008135584183037281,-0.6046068995305485
COHFACE_s30_session1_lamp,4,173,45.766666666666666,-0.17736026644706726,-0.6716236450672523
COHFACE_s30_session1_lamp,4,174,45.8,-0.3348453938961029,-0.7307228338893861
COHFACE_s30_session1_lamp,4,175,45.833333333333336,-0.46451377868652344,-0.7853568028181291
COHFACE_s30_session1_lamp,4,176,45.86666666666667,-0.5644966959953308,-0.8374075722607948
COHFACE_s30_session1_lamp,4,177,45.9,-0.6446586847305298,-0.8860834475051863
COHFACE_s30_session1_lamp,4,178,45.93333333333333,-0.713158905506134,-0.9267162921783192
COHFACE_s30_session1_lamp,4,179,45.96666666666667,-0.7834053039550781,-0.950373254404081
COHFACE_s30_session1_lamp,4,180,46.0,-0.8526101112365723,-0.9447535872477607
COHFACE_s30_session1_lamp,4,181,46.03333333333333,-0.9258893728256226,-0.8962697445782704
COHFACE_s30_session1_lamp,4,182,46.06666666666667,-0.996319591999054,-0.7929569456225164
COHFACE_s30_session1_lamp,4,183,46.1,-1.0520143508911133,-0.6276234517832225
COHFACE_s30_session1_lamp,4,184,46.13333333333333,-1.096220850944519,-0.40069875465284005
COHFACE_s30_session1_lamp,4,185,46.166666666666664,-1.138844609260559,-0.12230705814076458
COHFACE_s30_session1_lamp,4,186,46.2,-1.1743711233139038,0.18758345643223892
COHFACE_s30_session1_lamp,4,187,46.233333333333334,-1.2101529836654663,0.5024889301121301
COHFACE_s30_session1_lamp,4,188,46.266666666666666,-1.1324009895324707,0.795234624417236
COHFACE_s30_session1_lamp,4,189,46.3,-0.5685303211212158,1.042926931205021
COHFACE_s30_session1_lamp,4,190,46.333333333333336,0.4785383641719818,1.2292507300367386
COHFACE_s30_session1_lamp,4,191,46.36666666666667,1.3676624298095703,1.344165592102358
COHFACE_s30_session1_lamp,4,192,46.4,1.805203914642334,1.3826011563318295
COHFACE_s30_session1_lamp,4,193,46.43333333333333,1.9586349725723267,1.344778931520821
COHFACE_s30_session1_lamp,4,194,46.46666666666667,1.9634038209915161,1.2375921201652775
COHFACE_s30_session1_lamp,4,195,46.5,1.8112696409225464,1.0734592087819703
COHFACE_s30_session1_lamp,4,196,46.53333333333333,1.4884568452835083,0.8666623696483939
COHFACE_s30_session1_lamp,4,197,46.56666666666667,1.151214838027954,0.6308280068660839
COHFACE_s30_session1_lamp,4,198,46.6,0.9777790307998657,0.3788214114027457
COHFACE_s30_session1_lamp,4,199,46.63333333333333,0.9279764890670776,0.12363633232043751
COHFACE_s30_session1_lamp,4,200,46.666666666666664,0.8469260931015015,-0.12127860724382705
COHFACE_s30_session1_lamp,4,201,46.7,0.6798215508460999,-0.34349582994570727
COHFACE_s30_session1_lamp,4,202,46.733333333333334,0.46973586082458496,-0.5343379479773538
COHFACE_s30_session1_lamp,4,203,46.766666666666666,0.23767457902431488,-0.690639365346661
COHFACE_s30_session1_lamp,4,204,46.8,0.023984169587492943,-0.8144850252840753
COHFACE_s30_session1_lamp,4,205,46.833333333333336,-0.16051092743873596,-0.911298641336277
COHFACE_s30_session1_lamp,4,206,46.86666666666667,-0.3123387396335602,-0.9869568417608237
COHFACE_s30_session1_lamp,4,207,46.9,-0.43931126594543457,-1.0447823854566725
COHFACE_s30_session1_lamp,4,208,46.93333333333333,-0.551139771938324,-1.0833130844562049
COHFACE_s30_session1_lamp,4,209,46.96666666666667,-0.6343550682067871,-1.0956440870723947
COHFACE_s30_session1_lamp,4,210,47.0,-0.7081653475761414,-1.0706173634262643
COHFACE_s30_session1_lamp,4,211,47.03333333333333,-0.7807502746582031,-0.995555364713906
COHFACE_s30_session1_lamp,4,212,47.06666666666667,-0.855928897857666,-0.8599553415712275
COHFACE_s30_session1_lamp,4,213,47.1,-0.9236223697662354,-0.659339620009757
COHFACE_s30_session1_lamp,4,214,47.13333333333333,-0.9899781346321106,-0.39842757358387143
COHFACE_s30_session1_lamp,4,215,47.166666666666664,-1.0541894435882568,-0.09284575858460493
COHFACE_s30_session1_lamp,4,216,47.2,-1.1012144088745117,0.23194541272225588
COHFACE_s30_session1_lamp,4,217,47.233333333333334,-1.145114541053772,0.5460230004023399
COHFACE_s30_session1_lamp,4,218,47.266666666666666,-1.1995633840560913,0.8227315032477397
COHFACE_s30_session1_lamp,4,219,47.3,-1.1953256130218506,1.0437587372550754
COHFACE_s30_session1_lamp,4,220,47.333333333333336,-0.8681319355964661,1.199398715372626
COHFACE_s30_session1_lamp,4,221,47.36666666666667,-0.005752352066338062,1.285171456636203
COHFACE_s30_session1_lamp,4,222,47.4,0.9275067448616028,1.298082266837438
COHFACE_s30_session1_lamp,4,223,47.43333333333333,1.4536144733428955,1.2370148555394547
COHFACE_s30_session1_lamp,4,224,47.46666666666667,1.6328402757644653,1.106686393477924
COHFACE_s30_session1_lamp,4,225,47.5,1.6315944194793701,0.9196997650909805
COHFACE_s30_session1_lamp,4,226,47.53333333333333,1.4721589088439941,0.6945266784718903
COHFACE_s30_session1_lamp,4,227,47.56666666666667,1.1485087871551514,0.4511587126461894
COHFACE_s30_session1_lamp,4,228,47.6,0.8148919343948364,0.2066844481443075
COHFACE_s30_session1_lamp,4,229,47.63333333333333,0.6560588479042053,-0.026967735696486063
COHFACE_s30_session1_lamp,4,230,47.666666666666664,0.6351350545883179,-0.24284696928676455
COHFACE_s30_session1_lamp,4,231,47.7,0.5913472175598145,-0.4380338197376491
COHFACE_s30_session1_lamp,4,232,47.733333333333334,0.4705936312675476,-0.6124778284932585
COHFACE_s30_session1_lamp,4,233,47.766666666666666,0.28680315613746643,-0.7669117591286295
COHFACE_s30_session1_lamp,4,234,47.8,0.07462407648563385,-0.9003096028515791
COHFACE_s30_session1_lamp,4,235,47.833333333333336,-0.12543368339538574,-1.0084864532203663
COHFACE_s30_session1_lamp,4,236,47.86666666666667,-0.3005952835083008,-1.0843021650441012
COHFACE_s30_session1_lamp,4,237,47.9,-0.45024800300598145,-1.1187164973301764
COHFACE_s30_session1_lamp,4,238,47.93333333333333,-0.5696433782577515,-1.1023333942889944
COHFACE_s30_session1_lamp,4,239,47.96666666666667,-0.6593839526176453,-1.0275330214623901
COHFACE_s30_session1_lamp,4,240,48.0,-0.7256274223327637,-0.8910680677043238
COHFACE_s30_session1_lamp,4,241,48.03333333333333,-0.7823637127876282,-0.696712801560355
COHFACE_s30_session1_lamp,4,242,48.06666666666667,-0.8387017250061035,-0.45670416784784046
COHFACE_s30_session1_lamp,4,243,48.1,-0.9029130339622498,-0.19014549257836016
COHFACE_s30_session1_lamp,4,244,48.13333333333333,-0.966593325138092,0.08107246738805995
COHFACE_s30_session1_lamp,4,245,48.166666666666664,-1.0243711471557617,0.3360056813034335
COHFACE_s30_session1_lamp,4,246,48.2,-1.081515908241272,0.5572882765351028
COHFACE_s30_session1_lamp,4,247,48.233333333333334,-1.1324928998947144,0.7340439043794265
COHFACE_s30_session1_lamp,4,248,48.266666666666666,-1.1674884557724,0.8638775883504798
COHFACE_s30_session1_lamp,4,249,48.3,-1.2033519744873047,0.9504269689337849
COHFACE_s30_session1_lamp,4,250,48.333333333333336,-1.2460676431655884,0.9975483403959884
COHFACE_s30_session1_lamp,4,251,48.36666666666667,-1.2260934114456177,1.0055877805759583
COHFACE_s30_session1_lamp,4,252,48.4,-0.8365879058837891,0.972191192411668
COHFACE_s30_session1_lamp,4,253,48.43333333333333,0.0659441202878952,0.8964876804970365
COHFACE_s30_session1_lamp,4,254,48.46666666666667,0.9244023561477661,0.7834237683486669
COHFACE_s30_session1_lamp,4,255,48.5,1.333361268043518,0.643817964588538
COHFACE_s30_session1_lamp,4,256,48.53333333333333,1.4192008972167969,0.49026681354564844
COHFACE_s30_session1_lamp,4,257,48.56666666666667,1.3430113792419434,0.33353979457087474
COHFACE_s30_session1_lamp,4,258,48.6,1.111562728881836,0.1814601683595504
COHFACE_s30_session1_lamp,4,259,48.63333333333333,0.7697561383247375,0.03914417435000754
COHFACE_s30_session1_lamp,4,260,48.666666666666664,0.5199468731880188,-0.09043409777549521
COHFACE_s30_session1_lamp,4,261,48.7,0.46601879596710205,-0.20616397156490945
COHFACE_s30_session1_lamp,4,262,48.733333333333334,0.48960787057876587,-0.30876904857073045
COHFACE_s30_session1_lamp,4,263,48.766666666666666,0.46260806918144226,-0.40037193509217656
COHFACE_s30_session1_lamp,4,264,48.8,0.34641915559768677,-0.483641610652559
COHFACE_s30_session1_lamp,4,265,48.833333333333336,0.1685616672039032,-0.5611795427087435
COHFACE_s30_session1_lamp,4,266,48.86666666666667,-0.016382750123739243,-0.6351948242716765
COHFACE_s30_session1_lamp,4,267,48.9,-0.19000238180160522,-0.7069221255699143
COHFACE_s30_session1_lamp,4,268,48.93333333333333,-0.3450877368450165,-0.7757473611635186
COHFACE_s30_session1_lamp,4,269,48.96666666666667,-0.4720602333545685,-0.8385551973299461
COHFACE_s30_session1_lamp,4,270,49.0,-0.571838915348053,-0.8894060879821201
COHFACE_s30_session1_lamp,4,271,49.03333333333333,-0.6429839730262756,-0.9192445694127757
COHFACE_s30_session1_lamp,4,272,49.06666666666667,-0.6941140294075012,-0.915887513702091
COHFACE_s30_session1_lamp,4,273,49.1,-0.7351242899894714,-0.8650314692241174
COHFACE_s30_session1_lamp,4,274,49.13333333333333,-0.7794227004051208,-0.7531656152221765
COHFACE_s30_session1_lamp,4,275,49.166666666666664,-0.8329014778137207,-0.5730891573291111
COHFACE_s30_session1_lamp,4,276,49.2,-0.8937531113624573,-0.3296242270212158
COHFACE_s30_session1_lamp,4,277,49.233333333333334,-0.9574435949325562,-0.04052847235212666
COHFACE_s30_session1_lamp,4,278,49.266666666666666,-1.0276798009872437,0.26789580924178946
COHFACE_s30_session1_lamp,4,279,49.3,-1.0856211185455322,0.5663926898135445
COHFACE_s30_session1_lamp,4,280,49.333333333333336,-0.9686662554740906,0.8272029491551423
COHFACE_s30_session1_lamp,4,281,49.36666666666667,-0.35967007279396057,1.0273017405500917
COHFACE_s30_session1_lamp,4,282,49.4,0.5455170273780823,1.1507696539704655
COHFACE_s30_session1_lamp,4,283,49.43333333333333,1.1747221946716309,1.1907989961997982
COHFACE_s30_session1_lamp,4,284,49.46666666666667,1.3917620182037354,1.1505201691533289
COHFACE_s30_session1_lamp,4,285,49.5,1.3756377696990967,1.0406994683603505
COHFACE_s30_session1_lamp,4,286,49.53333333333333,1.2150176763534546,0.8753854609336774
COHFACE_s30_session1_lamp,4,287,49.56666666666667,0.905806839466095,0.6693699221086599
COHFACE_s30_session1_lamp,4,288,49.6,0.5737320184707642,0.43838675991275744
COHFACE_s30_session1_lamp,4,289,49.63333333333333,0.4095786213874817,0.19984151085129898
COHFACE_s30_session1_lamp,4,290,49.666666666666664,0.40133777260780334,-0.02761621850446965
COHFACE_s30_session1_lamp,4,291,49.7,0.4071686565876007,-0.226341729853247
COHFACE_s30_session1_lamp,4,292,49.733333333333334,0.3420996069908142,-0.38292817318297595
COHFACE_s30_session1_lamp,4,293,49.766666666666666,0.20117789506912231,-0.49026498740690416
COHFACE_s30_session1_lamp,4,294,49.8,0.018347302451729774,-0.5476133963188595
COHFACE_s30_session1_lamp,4,295,49.833333333333336,-0.1713353544473648,-0.5594129314304783
COHFACE_s30_session1_lamp,4,296,49.86666666666667,-0.34674203395843506,-0.5334297937721096
COHFACE_s30_session1_lamp,4,297,49.9,-0.49687469005584717,-0.47861533669189865
COHFACE_s30_session1_lamp,4,298,49.93333333333333,-0.615759551525116,-0.4033669517195088
COHFACE_s30_session1_lamp,4,299,49.96666666666667,-0.7023651003837585,-0.31508254969994737
