recording_id,measurement_id,sample_index,time_seconds,gt_signal,predicted_signal
BH_s10_high,0,0,0.0,-1.2969346046447754,0.10763058821227012
BH_s10_high,0,1,0.03333333333333333,-1.3396598100662231,1.3450591492993793
BH_s10_high,0,2,0.06666666666666667,-1.020241141319275,2.3925893453683953
BH_s10_high,0,3,0.1,-0.20490746200084686,3.1042620844092776
BH_s10_high,0,4,0.13333333333333333,0.7572543621063232,3.4045189282357193
BH_s10_high,0,5,0.16666666666666666,1.424245834350586,3.301282803654159
BH_s10_high,0,6,0.2,1.5656538009643555,2.8757086660649414
BH_s10_high,0,7,0.23333333333333334,1.4505349397659302,2.252797535102016
BH_s10_high,0,8,0.26666666666666666,1.2536962032318115,1.5645648260740135
BH_s10_high,0,9,0.3,1.0178627967834473,0.9184903233490815
BH_s10_high,0,10,0.3333333333333333,0.7243821620941162,0.37908959189199576
BH_s10_high,0,11,0.36666666666666664,0.4958341717720032,-0.03578115503454239
BH_s10_high,0,12,0.4,0.3490060567855835,-0.34583703673281696
BH_s10_high,0,13,0.43333333333333335,0.2042187750339508,-0.5900506766961109
BH_s10_high,0,14,0.4666666666666667,0.03704848140478134,-0.8044938004454895
BH_s10_high,0,15,0.5,-0.23031863570213318,-1.003569022119262
BH_s10_high,0,16,0.5333333333333333,-0.48107409477233887,-1.1719469223410262
BH_s10_high,0,17,0.5666666666666667,-0.6780884265899658,-1.2710359805825486
BH_s10_high,0,18,0.6,-0.8361080288887024,-1.2572625782757605
BH_s10_high,0,19,0.6333333333333333,-0.9624183773994446,-1.1041056108945948
BH_s10_high,0,20,0.6666666666666666,-1.0460035800933838,-0.8192062787301388
BH_s10_high,0,21,0.7,-1.1331435441970825,-0.45037572069673715
BH_s10_high,0,22,0.7333333333333333,-1.2542093992233276,-0.0772404951899724
BH_s10_high,0,23,0.7666666666666667,-1.1265605688095093,0.2110601022817006
BH_s10_high,0,24,0.8,-0.46283891797065735,0.34631006532568176
BH_s10_high,0,25,0.8333333333333334,0.41183167695999146,0.30809421116530805
BH_s10_high,0,26,0.8666666666666667,1.1407276391983032,0.13295216905124868
BH_s10_high,0,27,0.9,1.3520278930664062,-0.1018824883344027
BH_s10_high,0,28,0.9333333333333333,1.2428559064865112,-0.312875160163202
BH_s10_high,0,29,0.9666666666666667,0.9702442288398743,-0.4438599570925026
BH_s10_high,0,30,1.0,0.6786288022994995,-0.4822772889810373
BH_s10_high,0,31,1.0333333333333334,0.41464102268218994,-0.45328172944944783
BH_s10_high,0,32,1.0666666666666667,0.25813549757003784,-0.39878017712649
BH_s10_high,0,33,1.1,0.19844743609428406,-0.35371096809180375
BH_s10_high,0,34,1.1333333333333333,0.11165854334831238,-0.32980872151395674
BH_s10_high,0,35,1.1666666666666667,-0.055511754006147385,-0.31174448515722947
BH_s10_high,0,36,1.2,-0.3020099401473999,-0.26586669951861686
BH_s10_high,0,37,1.2333333333333334,-0.5771892666816711,-0.15725834727103605
BH_s10_high,0,38,1.2666666666666666,-0.7706486582756042,0.03362037819560336
BH_s10_high,0,39,1.3,-0.882388174533844,0.30274513699465355
BH_s10_high,0,40,1.3333333333333333,-0.9659733176231384,0.6232890344198
BH_s10_high,0,41,1.3666666666666667,-1.049558401107788,0.9503459847441186
BH_s10_high,0,42,1.4,-1.1260337829589844,1.2278605314964275
BH_s10_high,0,43,1.4333333333333333,-1.0091158151626587,1.4003722555006919
BH_s10_high,0,44,1.4666666666666666,-0.3659120500087738,1.4291561840263127
BH_s10_high,0,45,1.5,0.5569038987159729,1.306111051954559
BH_s10_high,0,46,1.5333333333333334,1.3915925025939941,1.0573784157824704
BH_s10_high,0,47,1.5666666666666667,1.6488877534866333,0.7335444451497491
BH_s10_high,0,48,1.6,1.5738171339035034,0.3906902914956464
BH_s10_high,0,49,1.6333333333333333,1.3271434307098389,0.07137897514199082
BH_s10_high,0,50,1.6666666666666667,1.0414749383926392,-0.20616118415717705
BH_s10_high,0,51,1.7,0.7829073071479797,-0.44714396042245913
BH_s10_high,0,52,1.7333333333333334,0.5633344054222107,-0.6692351724607865
BH_s10_high,0,53,1.7666666666666666,0.425481379032135,-0.8867173005143992
BH_s10_high,0,54,1.8,0.3144442141056061,-1.0966339261460378
BH_s10_high,0,55,1.8333333333333333,0.1216871440410614,-1.2730177268595393
BH_s10_high,0,56,1.8666666666666667,-0.11006461828947067,-1.372431913348177
BH_s10_high,0,57,1.9,-0.3798237442970276,-1.3496256968552138
BH_s10_high,0,58,1.9333333333333333,-0.6105881929397583,-1.177472650085644
BH_s10_high,0,59,1.9666666666666666,-0.7777584791183472,-0.8627109522614123
BH_s10_high,0,60,2.0,-0.8859430551528931,-0.4500468945202101
BH_s10_high,0,61,2.033333333333333,-0.9695281982421875,-0.011867882808484512
BH_s10_high,0,62,2.066666666666667,-1.0833085775375366,0.3728270984173472
BH_s10_high,0,63,2.1,-0.9979243278503418,0.6420644735941227
BH_s10_high,0,64,2.1333333333333333,-0.4398859441280365,0.7683933390966037
BH_s10_high,0,65,2.1666666666666665,0.452559232711792,0.7642803089880708
BH_s10_high,0,66,2.2,1.3875107765197754,0.673506939425516
BH_s10_high,0,67,2.2333333333333334,1.8252087831497192,0.5514940446672099
BH_s10_high,0,68,2.2666666666666666,1.8193280696868896,0.44222527949008655
BH_s10_high,0,69,2.3,1.609959363937378,0.3614982813530396
BH_s10_high,0,70,2.3333333333333335,1.359203815460205,0.29368155780627553
BH_s10_high,0,71,2.3666666666666667,1.065723180770874,0.20323667191794423
BH_s10_high,0,72,2.4,0.772242546081543,0.055925241996832985
BH_s10_high,0,73,2.433333333333333,0.5562245845794678,-0.15945132073920354
BH_s10_high,0,74,2.466666666666667,0.4317794740200043,-0.4182274217027146
BH_s10_high,0,75,2.5,0.23360224068164825,-0.6621642462007419
BH_s10_high,0,76,2.533333333333333,-0.017153209075331688,-0.8174441847854014
BH_s10_high,0,77,2.566666666666667,-0.3106338679790497,-0.822226984566294
BH_s10_high,0,78,2.6,-0.5613893270492554,-0.652141450019446
BH_s10_high,0,79,2.6333333333333333,-0.7885988354682922,-0.3319045996333498
BH_s10_high,0,80,2.6666666666666665,-0.9130439162254333,0.07203081478375045
BH_s10_high,0,81,2.7,-1.0176736116409302,0.4736357135520075
BH_s10_high,0,82,2.7333333333333334,-1.1012587547302246,0.7941551606917783
BH_s10_high,0,83,2.7666666666666666,-1.0938639640808105,0.9833767084629678
BH_s10_high,0,84,2.8,-0.7131999731063843,1.029395261397396
BH_s10_high,0,85,2.8333333333333335,0.10836563259363174,0.9557355483623682
BH_s10_high,0,86,2.8666666666666667,0.9764531254768372,0.8073238964113073
BH_s10_high,0,87,2.9,1.4974513053894043,0.6296156866999676
BH_s10_high,0,88,2.933333333333333,1.558895230293274,0.44962425054765587
BH_s10_high,0,89,2.966666666666667,1.4227980375289917,0.26885454795147873
BH_s10_high,0,90,3.0,1.1720426082611084,0.07213980121473937
BH_s10_high,0,91,3.033333333333333,0.8773990273475647,-0.15328679262047784
BH_s10_high,0,92,3.066666666666667,0.5850812792778015,-0.4005652438707413
BH_s10_high,0,93,3.1,0.3343258202075958,-0.6385670293747682
BH_s10_high,0,94,3.1333333333333333,0.20731313526630402,-0.8221055993981375
BH_s10_high,0,95,3.1666666666666665,0.040142834186553955,-0.9102360374713749
BH_s10_high,0,96,3.2,-0.16158930957317352,-0.8826725862407382
BH_s10_high,0,97,3.2333333333333334,-0.412344753742218,-0.7471673096003126
BH_s10_high,0,98,3.2666666666666666,-0.6631001830101013,-0.5360214673329972
BH_s10_high,0,99,3.3,-0.8421643376350403,-0.2942933192460506
BH_s10_high,0,100,3.3333333333333335,-0.9822338223457336,-0.06425409762016582
BH_s10_high,0,101,3.3666666666666667,-1.0658189058303833,0.1282987535828992
BH_s10_high,0,102,3.4,-1.1494040489196777,0.2794282244522339
BH_s10_high,0,103,3.433333333333333,-1.2114841938018799,0.40033444239289656
BH_s10_high,0,104,3.466666666666667,-0.9458296895027161,0.5021012123640031
BH_s10_high,0,105,3.5,-0.26468467712402344,0.5817192302334824
BH_s10_high,0,106,3.533333333333333,0.4966229200363159,0.6182509996118001
BH_s10_high,0,107,3.566666666666667,0.9955891966819763,0.5811023909741821
BH_s10_high,0,108,3.6,1.040772557258606,0.4449653398235195
BH_s10_high,0,109,3.6333333333333333,0.8938350677490234,0.20323352147875967
BH_s10_high,0,110,3.6666666666666665,0.634631335735321,-0.1251925156398804
BH_s10_high,0,111,3.7,0.3495990037918091,-0.4964765173261769
BH_s10_high,0,112,3.7333333333333334,0.1035613864660263,-0.8492783693886505
BH_s10_high,0,113,3.7666666666666666,-0.018031135201454163,-1.11812128323522
BH_s10_high,0,114,3.8,-0.10260360687971115,-1.2493202951158926
BH_s10_high,0,115,3.8333333333333335,-0.22792662680149078,-1.2139148833471387
BH_s10_high,0,116,3.8666666666666667,-0.4769262373447418,-1.0132540376437773
BH_s10_high,0,117,3.9,-0.6849564909934998,-0.6765424254455426
BH_s10_high,0,118,3.933333333333333,-0.8994603753089905,-0.25284163726256326
BH_s10_high,0,119,3.966666666666667,-1.0322444438934326,0.19935017880262665
BH_s10_high,0,120,4.0,-1.1585547924041748,0.6233179511417427
BH_s10_high,0,121,4.033333333333333,-1.2421399354934692,0.9746218887842051
BH_s10_high,0,122,4.066666666666666,-1.3257250785827637,1.2268217130962014
BH_s10_high,0,123,4.1,-1.2588839530944824,1.3687368998480012
BH_s10_high,0,124,4.133333333333334,-0.7797129154205322,1.3960107999807723
BH_s10_high,0,125,4.166666666666667,-0.08597169816493988,1.30535975155587
BH_s10_high,0,126,4.2,0.4759957790374756,1.0973884405461976
BH_s10_high,0,127,4.233333333333333,0.7306140661239624,0.7858774794039506
BH_s10_high,0,128,4.266666666666667,0.6759518384933472,0.40525586778365497
BH_s10_high,0,129,4.3,0.535772979259491,0.00829778479429311
BH_s10_high,0,130,4.333333333333333,0.28501754999160767,-0.3471986063373777
BH_s10_high,0,131,4.366666666666666,0.07698729634284973,-0.6163541629798639
BH_s10_high,0,132,4.4,-0.1107669547200203,-0.7805092549845578
BH_s10_high,0,133,4.433333333333334,-0.19435210525989532,-0.8492892540819609
BH_s10_high,0,134,4.466666666666667,-0.3206624388694763,-0.8505834110456817
BH_s10_high,0,135,4.5,-0.45605728030204773,-0.8134677509572831
BH_s10_high,0,136,4.533333333333333,-0.6614105105400085,-0.7525691198556906
BH_s10_high,0,137,4.566666666666666,-0.8713060617446899,-0.6618439575788023
BH_s10_high,0,138,4.6,-0.9968046545982361,-0.5212489120807452
BH_s10_high,0,139,4.633333333333334,-1.1231149435043335,-0.31313558882629244
BH_s10_high,0,140,4.666666666666667,-1.206700086593628,-0.039530195836220375
BH_s10_high,0,141,4.7,-1.290285348892212,0.2697809488103989
BH_s10_high,0,142,4.733333333333333,-1.3738704919815063,0.5637785246818305
BH_s10_high,0,143,4.766666666666667,-1.2426234483718872,0.7884979492780978
BH_s10_high,0,144,4.8,-0.7540167570114136,0.9070943406397979
BH_s10_high,0,145,4.833333333333333,-0.08533554524183273,0.910708941636959
BH_s10_high,0,146,4.866666666666666,0.4871210753917694,0.8155490580443209
BH_s10_high,0,147,4.9,0.7360342741012573,0.650147232667775
BH_s10_high,0,148,4.933333333333334,0.7538750171661377,0.4412266849728096
BH_s10_high,0,149,4.966666666666667,0.6688420176506042,0.2053866370980646
BH_s10_high,0,150,5.0,0.5016716718673706,-0.05092710545751525
BH_s10_high,0,151,5.033333333333333,0.2743527889251709,-0.3254257095065558
BH_s10_high,0,152,5.066666666666666,0.08188071101903915,-0.6122369049905196
BH_s10_high,0,153,5.1,-0.028871474787592888,-0.8960457386740629
BH_s10_high,0,154,5.133333333333334,-0.1242842823266983,-1.1499639938879902
BH_s10_high,0,155,5.166666666666667,-0.25869178771972656,-1.3374864229528558
BH_s10_high,0,156,5.2,-0.4667220413684845,-1.418248480508937
BH_s10_high,0,157,5.233333333333333,-0.6685203909873962,-1.3569368343856896
BH_s10_high,0,158,5.266666666666667,-0.8356906771659851,-1.1338871507967474
BH_s10_high,0,159,5.3,-0.9576343894004822,-0.7547460809741846
BH_s10_high,0,160,5.333333333333333,-1.0412194728851318,-0.25576949161845236
BH_s10_high,0,161,5.366666666666666,-1.1248046159744263,0.29839540291207317
BH_s10_high,0,162,5.4,-1.2480206489562988,0.8257473076414994
BH_s10_high,0,163,5.433333333333334,-1.2969346046447754,1.2446831869560282
BH_s10_high,0,164,5.466666666666667,-1.2251338958740234,1.4928053447300578
BH_s10_high,0,165,5.5,-0.759612500667572,1.5405367658415743
BH_s10_high,0,166,5.533333333333333,-0.09962140768766403,1.3966572157530828
BH_s10_high,0,167,5.566666666666666,0.4657253921031952,1.1059588703232495
BH_s10_high,0,168,5.6,0.7680284976959229,0.7389295338379542
BH_s10_high,0,169,5.633333333333334,0.7966002225875854,0.3734416272961985
BH_s10_high,0,170,5.666666666666667,0.7718914151191711,0.07242046971832343
BH_s10_high,0,171,5.7,0.622737467288971,-0.13418347100814454
BH_s10_high,0,172,5.733333333333333,0.3918636441230774,-0.2551436543317494
BH_s10_high,0,173,5.766666666666667,0.18383339047431946,-0.3286288730609321
BH_s10_high,0,174,5.8,0.03577617555856705,-0.40174775353002046
BH_s10_high,0,175,5.833333333333333,-0.0459437221288681,-0.5074234080749803
BH_s10_high,0,176,5.866666666666666,-0.18390615284442902,-0.6473275981405502
BH_s10_high,0,177,5.9,-0.38028430938720703,-0.787152681600996
BH_s10_high,0,178,5.933333333333334,-0.5474545955657959,-0.8671644271641451
BH_s10_high,0,179,5.966666666666667,-0.7146248817443848,-0.8259035850277977
BH_s10_high,0,180,6.0,-0.8390700221061707,-0.6281948808940528
BH_s10_high,0,181,6.033333333333333,-0.9593240022659302,-0.284686626079595
BH_s10_high,0,182,6.066666666666666,-1.0429091453552246,0.14687251528036557
BH_s10_high,0,183,6.1,-1.126494288444519,0.5793825922877984
BH_s10_high,0,184,6.133333333333334,-1.2100794315338135,0.9240479123888528
BH_s10_high,0,185,6.166666666666667,-1.1325736045837402,1.1152878665410597
BH_s10_high,0,186,6.2,-0.6868676543235779,1.1254742685842842
BH_s10_high,0,187,6.233333333333333,-0.0641816258430481,0.9686891418334957
BH_s10_high,0,188,6.266666666666667,0.48705488443374634,0.6939973371539906
BH_s10_high,0,189,6.3,0.7324131727218628,0.3684883280982675
BH_s10_high,0,190,6.333333333333333,0.7538750171661377,0.05406287411021512
BH_s10_high,0,191,6.366666666666666,0.6828860640525818,-0.21269167375247852
BH_s10_high,0,192,6.4,0.5301772356033325,-0.42705346983168696
BH_s10_high,0,193,6.433333333333334,0.3202817440032959,-0.6051894943975957
BH_s10_high,0,194,6.466666666666667,0.1330542415380478,-0.763247298537924
BH_s10_high,0,195,6.5,0.04946909099817276,-0.9007036358796887
BH_s10_high,0,196,6.533333333333333,-0.01517856027930975,-0.9972270595360396
BH_s10_high,0,197,6.566666666666666,-0.13477344810962677,-1.022224880473147
BH_s10_high,0,198,6.6,-0.30194374918937683,-0.9502593275038432
BH_s10_high,0,199,6.633333333333334,-0.5118392705917358,-0.7747822922437556
BH_s10_high,0,200,6.666666666666667,-0.636284351348877,-0.5143166082353431
BH_s10_high,0,201,6.7,-0.7938433885574341,-0.20814656780673757
BH_s10_high,0,202,6.733333333333333,-0.8774285316467285,0.09737252643108196
BH_s10_high,0,203,6.766666666666667,-0.961013674736023,0.3661052229500859
BH_s10_high,0,204,6.8,-1.0445988178253174,0.5838756627868533
BH_s10_high,0,205,6.833333333333333,-1.0811582803726196,0.757179588033627
BH_s10_high,0,206,6.866666666666666,-0.9109828472137451,0.899170142936145
BH_s10_high,0,207,6.9,-0.3696223199367523,1.01182046194514
BH_s10_high,0,208,6.933333333333334,0.2990588843822479,1.0760998380028182
BH_s10_high,0,209,6.966666666666667,0.8127715587615967,1.057248762309736
BH_s10_high,0,210,7.0,1.0385993719100952,0.9226812461605842
BH_s10_high,0,211,7.033333333333333,1.052951455116272,0.6621314420294796
BH_s10_high,0,212,7.066666666666666,0.9784075617790222,0.2986633505173013
BH_s10_high,0,213,7.1,0.7921903729438782,-0.1151465649975571
BH_s10_high,0,214,7.133333333333334,0.5414349436759949,-0.5132311056010466
BH_s10_high,0,215,7.166666666666667,0.3596276044845581,-0.8356680636314697
BH_s10_high,0,216,7.2,0.21681496500968933,-1.042860917434736
BH_s10_high,0,217,7.233333333333333,0.06801220774650574,-1.1195147924745168
BH_s10_high,0,218,7.266666666666667,-0.07706005126237869,-1.069658799125832
BH_s10_high,0,219,7.3,-0.3278155028820038,-0.9082628548543604
BH_s10_high,0,220,7.333333333333333,-0.5358457565307617,-0.6554712668486589
BH_s10_high,0,221,7.366666666666666,-0.7138131856918335,-0.33631700180851853
BH_s10_high,0,222,7.4,-0.8105644583702087,0.015897642284624345
BH_s10_high,0,223,7.433333333333334,-0.9124077558517456,0.3575361336771987
BH_s10_high,0,224,7.466666666666667,-0.9645686149597168,0.6384044244316995
BH_s10_high,0,225,7.5,-1.0481537580490112,0.8121280033432567
BH_s10_high,0,226,7.533333333333333,-1.1260337829589844,0.8491814795248857
BH_s10_high,0,227,7.566666666666666,-1.0679489374160767,0.7463058793823045
BH_s10_high,0,228,7.6,-0.6382847428321838,0.5278559195668756
BH_s10_high,0,229,7.633333333333334,0.07125641405582428,0.23871820058862223
BH_s10_high,0,230,7.666666666666667,0.7825533747673035,-0.06807799588159681
BH_s10_high,0,231,7.7,1.1702637672424316,-0.3442557571615734
BH_s10_high,0,232,7.733333333333333,1.223852276802063,-0.555156662580627
BH_s10_high,0,233,7.766666666666667,1.223852276802063,-0.6824035904326327
BH_s10_high,0,234,7.8,1.071385145187378,-0.7216980798378838
BH_s10_high,0,235,7.833333333333333,0.8298465609550476,-0.6789725328506805
BH_s10_high,0,236,7.866666666666666,0.5790911316871643,-0.5668762406022388
BH_s10_high,0,237,7.9,0.3989734649658203,-0.401620706748652
BH_s10_high,0,238,7.933333333333334,0.2745283842086792,-0.2001466164732704
BH_s10_high,0,239,7.966666666666667,0.12590119242668152,0.021537615609205817
BH_s10_high,1,0,1.0,0.6786288022994995,-0.02001532581601526
BH_s10_high,1,1,1.0333333333333334,0.41464102268218994,0.6913922089880422
BH_s10_high,1,2,1.0666666666666667,0.25813549757003784,1.3025099156197375
BH_s10_high,1,3,1.1,0.19844743609428406,1.7246861948463774
BH_s10_high,1,4,1.1333333333333333,0.11165854334831238,1.8954682812018797
BH_s10_high,1,5,1.1666666666666667,-0.055511754006147385,1.7989698153543325
BH_s10_high,1,6,1.2,-0.3020099401473999,1.480376347419269
BH_s10_high,1,7,1.2333333333333334,-0.5771892666816711,1.0423514444731656
BH_s10_high,1,8,1.2666666666666666,-0.7706486582756042,0.6190370793801625
BH_s10_high,1,9,1.3,-0.882388174533844,0.33484334096432095
BH_s10_high,1,10,1.3333333333333333,-0.9659733176231384,0.26255918627337743
BH_s10_high,1,11,1.3666666666666667,-1.049558401107788,0.39694485440961313
BH_s10_high,1,12,1.4,-1.1260337829589844,0.6564876636711053
BH_s10_high,1,13,1.4333333333333333,-1.0091158151626587,0.9156351288291232
BH_s10_high,1,14,1.4666666666666666,-0.3659120500087738,1.0545253515591646
BH_s10_high,1,15,1.5,0.5569038987159729,1.0036310550334733
BH_s10_high,1,16,1.5333333333333334,1.3915925025939941,0.7648970807024053
BH_s10_high,1,17,1.5666666666666667,1.6488877534866333,0.4039216336983761
BH_s10_high,1,18,1.6,1.5738171339035034,0.019858547078024404
BH_s10_high,1,19,1.6333333333333333,1.3271434307098389,-0.29350321363914966
BH_s10_high,1,20,1.6666666666666667,1.0414749383926392,-0.48093055007273505
BH_s10_high,1,21,1.7,0.7829073071479797,-0.5420137846990372
BH_s10_high,1,22,1.7333333333333334,0.5633344054222107,-0.5255031839767189
BH_s10_high,1,23,1.7666666666666666,0.425481379032135,-0.5045446206315086
BH_s10_high,1,24,1.8,0.3144442141056061,-0.5432277318170585
BH_s10_high,1,25,1.8333333333333333,0.1216871440410614,-0.6685656816431315
BH_s10_high,1,26,1.8666666666666667,-0.11006461828947067,-0.8593608632006023
BH_s10_high,1,27,1.9,-0.3798237442970276,-1.0557086038527865
BH_s10_high,1,28,1.9333333333333333,-0.6105881929397583,-1.1839791190547173
BH_s10_high,1,29,1.9666666666666666,-0.7777584791183472,-1.1862394100739018
BH_s10_high,1,30,2.0,-0.8859430551528931,-1.0425805729863176
BH_s10_high,1,31,2.033333333333333,-0.9695281982421875,-0.7785164558839203
BH_s10_high,1,32,2.066666666666667,-1.0833085775375366,-0.45510337661888933
BH_s10_high,1,33,2.1,-0.9979243278503418,-0.14552663854229816
BH_s10_high,1,34,2.1333333333333333,-0.4398859441280365,0.09258157187002225
BH_s10_high,1,35,2.1666666666666665,0.452559232711792,0.2374203450179744
BH_s10_high,1,36,2.2,1.3875107765197754,0.30688715048577314
BH_s10_high,1,37,2.2333333333333334,1.8252087831497192,0.34417984253590944
BH_s10_high,1,38,2.2666666666666666,1.8193280696868896,0.3919817374308392
BH_s10_high,1,39,2.3,1.609959363937378,0.4679757124151252
BH_s10_high,1,40,2.3333333333333335,1.359203815460205,0.5541452909400657
BH_s10_high,1,41,2.3666666666666667,1.065723180770874,0.6056301764187003
BH_s10_high,1,42,2.4,0.772242546081543,0.5748794071700948
BH_s10_high,1,43,2.433333333333333,0.5562245845794678,0.4389380856726382
BH_s10_high,1,44,2.466666666666667,0.4317794740200043,0.21625391990655232
BH_s10_high,1,45,2.5,0.23360224068164825,-0.03551421653341069
BH_s10_high,1,46,2.533333333333333,-0.017153209075331688,-0.24042611494238456
BH_s10_high,1,47,2.566666666666667,-0.3106338679790497,-0.3348994554751681
BH_s10_high,1,48,2.6,-0.5613893270492554,-0.29404523865907123
BH_s10_high,1,49,2.6333333333333333,-0.7885988354682922,-0.14156559899630886
BH_s10_high,1,50,2.6666666666666665,-0.9130439162254333,0.06048542226928006
BH_s10_high,1,51,2.7,-1.0176736116409302,0.23614944766477897
BH_s10_high,1,52,2.7333333333333334,-1.1012587547302246,0.32324875932764136
BH_s10_high,1,53,2.7666666666666666,-1.0938639640808105,0.29436339662030275
BH_s10_high,1,54,2.8,-0.7131999731063843,0.16581787546994653
BH_s10_high,1,55,2.8333333333333335,0.10836563259363174,-0.006865904978721164
BH_s10_high,1,56,2.8666666666666667,0.9764531254768372,-0.14751702514745482
BH_s10_high,1,57,2.9,1.4974513053894043,-0.18931242973118617
BH_s10_high,1,58,2.933333333333333,1.558895230293274,-0.10600306282308877
BH_s10_high,1,59,2.966666666666667,1.4227980375289917,0.07151652481424735
BH_s10_high,1,60,3.0,1.1720426082611084,0.26516794991143355
BH_s10_high,1,61,3.033333333333333,0.8773990273475647,0.3847649266961478
BH_s10_high,1,62,3.066666666666667,0.5850812792778015,0.37162084645673216
BH_s10_high,1,63,3.1,0.3343258202075958,0.22762117913391613
BH_s10_high,1,64,3.1333333333333333,0.20731313526630402,0.014495908095818162
BH_s10_high,1,65,3.1666666666666665,0.040142834186553955,-0.17576838748501747
BH_s10_high,1,66,3.2,-0.16158930957317352,-0.2642225169122512
BH_s10_high,1,67,3.2333333333333334,-0.412344753742218,-0.2210564753325006
BH_s10_high,1,68,3.2666666666666666,-0.6631001830101013,-0.07785888588533214
BH_s10_high,1,69,3.3,-0.8421643376350403,0.08917684294519779
BH_s10_high,1,70,3.3333333333333335,-0.9822338223457336,0.19694184112344318
BH_s10_high,1,71,3.3666666666666667,-1.0658189058303833,0.19591634364771893
BH_s10_high,1,72,3.4,-1.1494040489196777,0.09333272471618236
BH_s10_high,1,73,3.433333333333333,-1.2114841938018799,-0.05293298971888546
BH_s10_high,1,74,3.466666666666667,-0.9458296895027161,-0.16593336823793758
BH_s10_high,1,75,3.5,-0.26468467712402344,-0.18935129546469334
BH_s10_high,1,76,3.533333333333333,0.4966229200363159,-0.11524848926193872
BH_s10_high,1,77,3.566666666666667,0.9955891966819763,0.012498496143927097
BH_s10_high,1,78,3.6,1.040772557258606,0.11909405143312538
BH_s10_high,1,79,3.6333333333333333,0.8938350677490234,0.13342363109513575
BH_s10_high,1,80,3.6666666666666665,0.634631335735321,0.02098176020953787
BH_s10_high,1,81,3.7,0.3495990037918091,-0.19861929236392914
BH_s10_high,1,82,3.7333333333333334,0.1035613864660263,-0.4569867743968498
BH_s10_high,1,83,3.7666666666666666,-0.018031135201454163,-0.6634236119171407
BH_s10_high,1,84,3.8,-0.10260360687971115,-0.7416589703950108
BH_s10_high,1,85,3.8333333333333335,-0.22792662680149078,-0.6609391086912452
BH_s10_high,1,86,3.8666666666666667,-0.4769262373447418,-0.44777018022539006
BH_s10_high,1,87,3.9,-0.6849564909934998,-0.17334869728736083
BH_s10_high,1,88,3.933333333333333,-0.8994603753089905,0.0770244688158595
BH_s10_high,1,89,3.966666666666667,-1.0322444438934326,0.23859769549419557
BH_s10_high,1,90,4.0,-1.1585547924041748,0.2916874803487507
BH_s10_high,1,91,4.033333333333333,-1.2421399354934692,0.26689040982323536
BH_s10_high,1,92,4.066666666666666,-1.3257250785827637,0.22855275220233687
BH_s10_high,1,93,4.1,-1.2588839530944824,0.24207655421057042
BH_s10_high,1,94,4.133333333333334,-0.7797129154205322,0.33894577641104456
BH_s10_high,1,95,4.166666666666667,-0.08597169816493988,0.49685096952945385
BH_s10_high,1,96,4.2,0.4759957790374756,0.6466372268666513
BH_s10_high,1,97,4.233333333333333,0.7306140661239624,0.704450813355391
BH_s10_high,1,98,4.266666666666667,0.6759518384933472,0.6131353215437885
BH_s10_high,1,99,4.3,0.535772979259491,0.37114551845496635
BH_s10_high,1,100,4.333333333333333,0.28501754999160767,0.03477175295977135
BH_s10_high,1,101,4.366666666666666,0.07698729634284973,-0.3056701445071333
BH_s10_high,1,102,4.4,-0.1107669547200203,-0.5626392152909684
BH_s10_high,1,103,4.433333333333334,-0.19435210525989532,-0.6837406067224627
BH_s10_high,1,104,4.466666666666667,-0.3206624388694763,-0.666374899314602
BH_s10_high,1,105,4.5,-0.45605728030204773,-0.550442155339259
BH_s10_high,1,106,4.533333333333333,-0.6614105105400085,-0.3942165934050275
BH_s10_high,1,107,4.566666666666666,-0.8713060617446899,-0.24527981703904642
BH_s10_high,1,108,4.6,-0.9968046545982361,-0.12063093841717322
BH_s10_high,1,109,4.633333333333334,-1.1231149435043335,-0.005526024251106291
BH_s10_high,1,110,4.666666666666667,-1.206700086593628,0.12987183219969495
BH_s10_high,1,111,4.7,-1.290285348892212,0.3067653098148953
BH_s10_high,1,112,4.733333333333333,-1.3738704919815063,0.5203417577029131
BH_s10_high,1,113,4.766666666666667,-1.2426234483718872,0.7371351932675
BH_s10_high,1,114,4.8,-0.7540167570114136,0.9067218981483707
BH_s10_high,1,115,4.833333333333333,-0.08533554524183273,0.9803212541408993
BH_s10_high,1,116,4.866666666666666,0.4871210753917694,0.927372405807997
BH_s10_high,1,117,4.9,0.7360342741012573,0.7443848504313191
BH_s10_high,1,118,4.933333333333334,0.7538750171661377,0.45498406790828594
BH_s10_high,1,119,4.966666666666667,0.6688420176506042,0.10300975422033631
BH_s10_high,1,120,5.0,0.5016716718673706,-0.2591028563739095
BH_s10_high,1,121,5.033333333333333,0.2743527889251709,-0.5843379675984379
BH_s10_high,1,122,5.066666666666666,0.08188071101903915,-0.8435291501190896
BH_s10_high,1,123,5.1,-0.028871474787592888,-1.0308840228672544
BH_s10_high,1,124,5.133333333333334,-0.1242842823266983,-1.1589790935425999
BH_s10_high,1,125,5.166666666666667,-0.25869178771972656,-1.2444494072691819
BH_s10_high,1,126,5.2,-0.4667220413684845,-1.2912009983304025
BH_s10_high,1,127,5.233333333333333,-0.6685203909873962,-1.2804813772204233
BH_s10_high,1,128,5.266666666666667,-0.8356906771659851,-1.1742802506851762
BH_s10_high,1,129,5.3,-0.9576343894004822,-0.9321428149658361
BH_s10_high,1,130,5.333333333333333,-1.0412194728851318,-0.535121213854395
BH_s10_high,1,131,5.366666666666666,-1.1248046159744263,-0.00662379258168051
BH_s10_high,1,132,5.4,-1.2480206489562988,0.5803318862307599
BH_s10_high,1,133,5.433333333333334,-1.2969346046447754,1.1157736071058466
BH_s10_high,1,134,5.466666666666667,-1.2251338958740234,1.4838324862272159
BH_s10_high,1,135,5.5,-0.759612500667572,1.6022085400179262
BH_s10_high,1,136,5.533333333333333,-0.09962140768766403,1.4546526466786873
BH_s10_high,1,137,5.566666666666666,0.4657253921031952,1.1016526940748141
BH_s10_high,1,138,5.6,0.7680284976959229,0.6618945867718051
BH_s10_high,1,139,5.633333333333334,0.7966002225875854,0.2692788168710043
BH_s10_high,1,140,5.666666666666667,0.7718914151191711,0.022412665510106428
BH_s10_high,1,141,5.7,0.622737467288971,-0.05134922481234663
BH_s10_high,1,142,5.733333333333333,0.3918636441230774,-0.0011743672312107753
BH_s10_high,1,143,5.766666666666667,0.18383339047431946,0.074660535505023
BH_s10_high,1,144,5.8,0.03577617555856705,0.07579689501382297
BH_s10_high,1,145,5.833333333333333,-0.0459437221288681,-0.054812453828931726
BH_s10_high,1,146,5.866666666666666,-0.18390615284442902,-0.30585783910911374
BH_s10_high,1,147,5.9,-0.38028430938720703,-0.6016806723515661
BH_s10_high,1,148,5.933333333333334,-0.5474545955657959,-0.8325200661586828
BH_s10_high,1,149,5.966666666666667,-0.7146248817443848,-0.8988996331982969
BH_s10_high,1,150,6.0,-0.8390700221061707,-0.7530070324054504
BH_s10_high,1,151,6.033333333333333,-0.9593240022659302,-0.42050419696860364
BH_s10_high,1,152,6.066666666666666,-1.0429091453552246,0.007058111036043477
BH_s10_high,1,153,6.1,-1.126494288444519,0.40700747502057527
BH_s10_high,1,154,6.133333333333334,-1.2100794315338135,0.6722023510981631
BH_s10_high,1,155,6.166666666666667,-1.1325736045837402,0.7486647657869357
BH_s10_high,1,156,6.2,-0.6868676543235779,0.6496763443834311
BH_s10_high,1,157,6.233333333333333,-0.0641816258430481,0.44376599679009254
BH_s10_high,1,158,6.266666666666667,0.48705488443374634,0.2231389550073629
BH_s10_high,1,159,6.3,0.7324131727218628,0.06448312155561775
BH_s10_high,1,160,6.333333333333333,0.7538750171661377,-0.0027486292384482254
BH_s10_high,1,161,6.366666666666666,0.6828860640525818,-0.006524451970866238
BH_s10_high,1,162,6.4,0.5301772356033325,-0.014474187800688959
BH_s10_high,1,163,6.433333333333334,0.3202817440032959,-0.09501177981652845
BH_s10_high,1,164,6.466666666666667,0.1330542415380478,-0.2771469649989406
BH_s10_high,1,165,6.5,0.04946909099817276,-0.5313010501401485
BH_s10_high,1,166,6.533333333333333,-0.01517856027930975,-0.7810557521113001
BH_s10_high,1,167,6.566666666666666,-0.13477344810962677,-0.9381045080560223
BH_s10_high,1,168,6.6,-0.30194374918937683,-0.9421657480793318
BH_s10_high,1,169,6.633333333333334,-0.5118392705917358,-0.7873526257397009
BH_s10_high,1,170,6.666666666666667,-0.636284351348877,-0.5236217911505189
BH_s10_high,1,171,6.7,-0.7938433885574341,-0.23303964030387278
BH_s10_high,1,172,6.733333333333333,-0.8774285316467285,0.008163397605253695
BH_s10_high,1,173,6.766666666666667,-0.961013674736023,0.16389940606696177
BH_s10_high,1,174,6.8,-1.0445988178253174,0.2519047443783549
BH_s10_high,1,175,6.833333333333333,-1.0811582803726196,0.3291438273325877
BH_s10_high,1,176,6.866666666666666,-0.9109828472137451,0.45572057989896253
BH_s10_high,1,177,6.9,-0.3696223199367523,0.6559913645383249
BH_s10_high,1,178,6.933333333333334,0.2990588843822479,0.8978392292574604
BH_s10_high,1,179,6.966666666666667,0.8127715587615967,1.1019237868465976
BH_s10_high,1,180,7.0,1.0385993719100952,1.1765938702538825
BH_s10_high,1,181,7.033333333333333,1.052951455116272,1.0605143813156561
BH_s10_high,1,182,7.066666666666666,0.9784075617790222,0.7519484058445822
BH_s10_high,1,183,7.1,0.7921903729438782,0.3116487192716411
BH_s10_high,1,184,7.133333333333334,0.5414349436759949,-0.15990451995700364
BH_s10_high,1,185,7.166666666666667,0.3596276044845581,-0.5585418381621864
BH_s10_high,1,186,7.2,0.21681496500968933,-0.8096075597837229
BH_s10_high,1,187,7.233333333333333,0.06801220774650574,-0.8862283375657912
BH_s10_high,1,188,7.266666666666667,-0.07706005126237869,-0.8085605264925672
BH_s10_high,1,189,7.3,-0.3278155028820038,-0.6280027305226181
BH_s10_high,1,190,7.333333333333333,-0.5358457565307617,-0.4053720622882316
BH_s10_high,1,191,7.366666666666666,-0.7138131856918335,-0.19225355493009189
BH_s10_high,1,192,7.4,-0.8105644583702087,-0.020735363867068327
BH_s10_high,1,193,7.433333333333334,-0.9124077558517456,0.09828137925832807
BH_s10_high,1,194,7.466666666666667,-0.9645686149597168,0.17086247044837913
BH_s10_high,1,195,7.5,-1.0481537580490112,0.2124904003396983
BH_s10_high,1,196,7.533333333333333,-1.1260337829589844,0.23842429258753994
BH_s10_high,1,197,7.566666666666666,-1.0679489374160767,0.2537793787099381
BH_s10_high,1,198,7.6,-0.6382847428321838,0.24816457460633956
BH_s10_high,1,199,7.633333333333334,0.07125641405582428,0.20024352130000408
BH_s10_high,1,200,7.666666666666667,0.7825533747673035,0.09200676710111547
BH_s10_high,1,201,7.7,1.1702637672424316,-0.0749473929156955
BH_s10_high,1,202,7.733333333333333,1.223852276802063,-0.27171957260159313
BH_s10_high,1,203,7.766666666666667,1.223852276802063,-0.44958032133854187
BH_s10_high,1,204,7.8,1.071385145187378,-0.5604557872583541
BH_s10_high,1,205,7.833333333333333,0.8298465609550476,-0.5802645265506433
BH_s10_high,1,206,7.866666666666666,0.5790911316871643,-0.522564792582676
BH_s10_high,1,207,7.9,0.3989734649658203,-0.4341264102818204
BH_s10_high,1,208,7.933333333333334,0.2745283842086792,-0.3724957676761244
BH_s10_high,1,209,7.966666666666667,0.12590119242668152,-0.3748444825736806
BH_s10_high,1,210,8.0,-0.05981222167611122,-0.43326091788971427
BH_s10_high,1,211,8.033333333333333,-0.2474340945482254,-0.4903944744322356
BH_s10_high,1,212,8.066666666666666,-0.45546433329582214,-0.46033537259690505
BH_s10_high,1,213,8.1,-0.6300524473190308,-0.26715777988876854
BH_s10_high,1,214,8.133333333333333,-0.756362795829773,0.11583809202368804
BH_s10_high,1,215,8.166666666666666,-0.8529384732246399,0.6444797689416748
BH_s10_high,1,216,8.2,-0.9662582874298096,1.2103017012166888
BH_s10_high,1,217,8.233333333333333,-1.049843430519104,1.6737795242409073
BH_s10_high,1,218,8.266666666666667,-1.1334285736083984,1.9119983659586974
BH_s10_high,1,219,8.3,-1.2114841938018799,1.8630220082131046
BH_s10_high,1,220,8.333333333333334,-1.1077121496200562,1.550031222235842
BH_s10_high,1,221,8.366666666666667,-0.5544145703315735,1.0749462867971946
BH_s10_high,1,222,8.4,0.1978517472743988,0.5819542614227505
BH_s10_high,1,223,8.433333333333334,0.9520494937896729,0.20336250244824275
BH_s10_high,1,224,8.466666666666667,1.258984088897705,0.009236175671833933
BH_s10_high,1,225,8.5,1.272239327430725,-0.01726330843385467
BH_s10_high,1,226,8.533333333333333,1.1961814165115356,0.03251131402160919
BH_s10_high,1,227,8.566666666666666,1.0290111303329468,0.03643280273486923
BH_s10_high,1,228,8.6,0.7876481413841248,-0.10386390360630024
BH_s10_high,1,229,8.633333333333333,0.5368927121162415,-0.42234684313638643
BH_s10_high,1,230,8.666666666666666,0.3843364417552948,-0.8774595429971895
BH_s10_high,1,231,8.7,0.2748795449733734,-1.3710424982236804
BH_s10_high,1,232,8.733333333333333,0.10770924389362335,-1.7861483766953448
BH_s10_high,1,233,8.766666666666667,-0.05946104973554611,-2.0275335155001164
BH_s10_high,1,234,8.8,-0.28963252902030945,-2.0496107833132005
BH_s10_high,1,235,8.833333333333334,-0.47925204038619995,-1.862840835469329
BH_s10_high,1,236,8.866666666666667,-0.6464223265647888,-1.5189427283718584
BH_s10_high,1,237,8.9,-0.7989124059677124,-1.0840201753348484
BH_s10_high,1,238,8.933333333333334,-0.8824975490570068,-0.6129601036482316
BH_s10_high,1,239,8.966666666666667,-0.9660826921463013,-0.13668969558417743
BH_s10_high,2,0,2.0,-0.8859430551528931,-0.08124236107539906
BH_s10_high,2,1,2.033333333333333,-0.9695281982421875,0.7786726483151529
BH_s10_high,2,2,2.066666666666667,-1.0833085775375366,1.4637008201253474
BH_s10_high,2,3,2.1,-0.9979243278503418,1.847142978125707
BH_s10_high,2,4,2.1333333333333333,-0.4398859441280365,1.886029538929345
BH_s10_high,2,5,2.1666666666666665,0.452559232711792,1.627705646844679
BH_s10_high,2,6,2.2,1.3875107765197754,1.1861749114934732
BH_s10_high,2,7,2.2333333333333334,1.8252087831497192,0.6989976550520227
BH_s10_high,2,8,2.2666666666666666,1.8193280696868896,0.2829445284306187
BH_s10_high,2,9,2.3,1.609959363937378,0.004440950278073544
BH_s10_high,2,10,2.3333333333333335,1.359203815460205,-0.12822168152474778
BH_s10_high,2,11,2.3666666666666667,1.065723180770874,-0.15330232044754374
BH_s10_high,2,12,2.4,0.772242546081543,-0.13177207255076726
BH_s10_high,2,13,2.433333333333333,0.5562245845794678,-0.11968611826295417
BH_s10_high,2,14,2.466666666666667,0.4317794740200043,-0.14591419306781045
BH_s10_high,2,15,2.5,0.23360224068164825,-0.2033879703320401
BH_s10_high,2,16,2.533333333333333,-0.017153209075331688,-0.2574153488794978
BH_s10_high,2,17,2.566666666666667,-0.3106338679790497,-0.26701087496800446
BH_s10_high,2,18,2.6,-0.5613893270492554,-0.20810139321201068
BH_s10_high,2,19,2.6333333333333333,-0.7885988354682922,-0.08637489597291527
BH_s10_high,2,20,2.6666666666666665,-0.9130439162254333,0.06551875334913244
BH_s10_high,2,21,2.7,-1.0176736116409302,0.2024350256288362
BH_s10_high,2,22,2.7333333333333334,-1.1012587547302246,0.2842264350791646
BH_s10_high,2,23,2.7666666666666666,-1.0938639640808105,0.28885081415586134
BH_s10_high,2,24,2.8,-0.7131999731063843,0.21792736299610777
BH_s10_high,2,25,2.8333333333333335,0.10836563259363174,0.09476862909633038
BH_s10_high,2,26,2.8666666666666667,0.9764531254768372,-0.044556163441517915
BH_s10_high,2,27,2.9,1.4974513053894043,-0.16554410040204862
BH_s10_high,2,28,2.933333333333333,1.558895230293274,-0.24961004792231914
BH_s10_high,2,29,2.966666666666667,1.4227980375289917,-0.3005344550449227
BH_s10_high,2,30,3.0,1.1720426082611084,-0.3381525931449724
BH_s10_high,2,31,3.033333333333333,0.8773990273475647,-0.38199747148356217
BH_s10_high,2,32,3.066666666666667,0.5850812792778015,-0.43467130572982066
BH_s10_high,2,33,3.1,0.3343258202075958,-0.47577771801943264
BH_s10_high,2,34,3.1333333333333333,0.20731313526630402,-0.47062637237480887
BH_s10_high,2,35,3.1666666666666665,0.040142834186553955,-0.3887480276815885
BH_s10_high,2,36,3.2,-0.16158930957317352,-0.22207214622782356
BH_s10_high,2,37,3.2333333333333334,-0.412344753742218,0.006470397220323229
BH_s10_high,2,38,3.2666666666666666,-0.6631001830101013,0.24788697983512437
BH_s10_high,2,39,3.3,-0.8421643376350403,0.4435738571261121
BH_s10_high,2,40,3.3333333333333335,-0.9822338223457336,0.5472454768023912
BH_s10_high,2,41,3.3666666666666667,-1.0658189058303833,0.5439052884420317
BH_s10_high,2,42,3.4,-1.1494040489196777,0.4565283732474937
BH_s10_high,2,43,3.433333333333333,-1.2114841938018799,0.3350661185032773
BH_s10_high,2,44,3.466666666666667,-0.9458296895027161,0.23198714122768727
BH_s10_high,2,45,3.5,-0.26468467712402344,0.17706600571551254
BH_s10_high,2,46,3.533333333333333,0.4966229200363159,0.1645090059348489
BH_s10_high,2,47,3.566666666666667,0.9955891966819763,0.15813212325496032
BH_s10_high,2,48,3.6,1.040772557258606,0.1105066035120273
BH_s10_high,2,49,3.6333333333333333,0.8938350677490234,-0.014143655573340505
BH_s10_high,2,50,3.6666666666666665,0.634631335735321,-0.22300226424480182
BH_s10_high,2,51,3.7,0.3495990037918091,-0.4890308766765798
BH_s10_high,2,52,3.7333333333333334,0.1035613864660263,-0.7577563190962586
BH_s10_high,2,53,3.7666666666666666,-0.018031135201454163,-0.9638132153039297
BH_s10_high,2,54,3.8,-0.10260360687971115,-1.0509559863332107
BH_s10_high,2,55,3.8333333333333335,-0.22792662680149078,-0.987942989514147
BH_s10_high,2,56,3.8666666666666667,-0.4769262373447418,-0.7753209637878276
BH_s10_high,2,57,3.9,-0.6849564909934998,-0.44273768200220254
BH_s10_high,2,58,3.933333333333333,-0.8994603753089905,-0.039851303471221955
BH_s10_high,2,59,3.966666666666667,-1.0322444438934326,0.37531247873528595
BH_s10_high,2,60,4.0,-1.1585547924041748,0.747924442416245
BH_s10_high,2,61,4.033333333333333,-1.2421399354934692,1.0359545652645077
BH_s10_high,2,62,4.066666666666666,-1.3257250785827637,1.2151858932261481
BH_s10_high,2,63,4.1,-1.2588839530944824,1.2777377040475713
BH_s10_high,2,64,4.133333333333334,-0.7797129154205322,1.226215718819851
BH_s10_high,2,65,4.166666666666667,-0.08597169816493988,1.0689123485405296
BH_s10_high,2,66,4.2,0.4759957790374756,0.8198870754107406
BH_s10_high,2,67,4.233333333333333,0.7306140661239624,0.5027374724672686
BH_s10_high,2,68,4.266666666666667,0.6759518384933472,0.15280277219531754
BH_s10_high,2,69,4.3,0.535772979259491,-0.18721071525449365
BH_s10_high,2,70,4.333333333333333,0.28501754999160767,-0.47834507793163056
BH_s10_high,2,71,4.366666666666666,0.07698729634284973,-0.6976591000833207
BH_s10_high,2,72,4.4,-0.1107669547200203,-0.8439081112455485
BH_s10_high,2,73,4.433333333333334,-0.19435210525989532,-0.9321290659113599
BH_s10_high,2,74,4.466666666666667,-0.3206624388694763,-0.9795121854164365
BH_s10_high,2,75,4.5,-0.45605728030204773,-0.9906816312252792
BH_s10_high,2,76,4.533333333333333,-0.6614105105400085,-0.9510452551238784
BH_s10_high,2,77,4.566666666666666,-0.8713060617446899,-0.8324344601504745
BH_s10_high,2,78,4.6,-0.9968046545982361,-0.6088279618426321
BH_s10_high,2,79,4.633333333333334,-1.1231149435043335,-0.2748534352828763
BH_s10_high,2,80,4.666666666666667,-1.206700086593628,0.14179419609629185
BH_s10_high,2,81,4.7,-1.290285348892212,0.5807621288596543
BH_s10_high,2,82,4.733333333333333,-1.3738704919815063,0.9641576595024945
BH_s10_high,2,83,4.766666666666667,-1.2426234483718872,1.221450368535996
BH_s10_high,2,84,4.8,-0.7540167570114136,1.3129363536359397
BH_s10_high,2,85,4.833333333333333,-0.08533554524183273,1.2399491307762693
BH_s10_high,2,86,4.866666666666666,0.4871210753917694,1.0374564669772253
BH_s10_high,2,87,4.9,0.7360342741012573,0.7549452053627712
BH_s10_high,2,88,4.933333333333334,0.7538750171661377,0.43715284190938974
BH_s10_high,2,89,4.966666666666667,0.6688420176506042,0.11391739173492238
BH_s10_high,2,90,5.0,0.5016716718673706,-0.19956907944397956
BH_s10_high,2,91,5.033333333333333,0.2743527889251709,-0.4972565995389728
BH_s10_high,2,92,5.066666666666666,0.08188071101903915,-0.7764116933360847
BH_s10_high,2,93,5.1,-0.028871474787592888,-1.0326787419592658
BH_s10_high,2,94,5.133333333333334,-0.1242842823266983,-1.2554775618584093
BH_s10_high,2,95,5.166666666666667,-0.25869178771972656,-1.4243026493221405
BH_s10_high,2,96,5.2,-0.4667220413684845,-1.5083054107047917
BH_s10_high,2,97,5.233333333333333,-0.6685203909873962,-1.471579256094138
BH_s10_high,2,98,5.266666666666667,-0.8356906771659851,-1.2839856976378319
BH_s10_high,2,99,5.3,-0.9576343894004822,-0.9342111473399026
BH_s10_high,2,100,5.333333333333333,-1.0412194728851318,-0.44037488398196734
BH_s10_high,2,101,5.366666666666666,-1.1248046159744263,0.14614603433446144
BH_s10_high,2,102,5.4,-1.2480206489562988,0.7466571881944483
BH_s10_high,2,103,5.433333333333334,-1.2969346046447754,1.2709186478072256
BH_s10_high,2,104,5.466666666666667,-1.2251338958740234,1.6385373222786896
BH_s10_high,2,105,5.5,-0.759612500667572,1.7988924053747752
BH_s10_high,2,106,5.533333333333333,-0.09962140768766403,1.7432188079532454
BH_s10_high,2,107,5.566666666666666,0.4657253921031952,1.5053953103066544
BH_s10_high,2,108,5.6,0.7680284976959229,1.1509957288301234
BH_s10_high,2,109,5.633333333333334,0.7966002225875854,0.7573617986767239
BH_s10_high,2,110,5.666666666666667,0.7718914151191711,0.3909590668263868
BH_s10_high,2,111,5.7,0.622737467288971,0.08997568397989725
BH_s10_high,2,112,5.733333333333333,0.3918636441230774,-0.14180093126022808
BH_s10_high,2,113,5.766666666666667,0.18383339047431946,-0.3283041097853013
BH_s10_high,2,114,5.8,0.03577617555856705,-0.5048782903817405
BH_s10_high,2,115,5.833333333333333,-0.0459437221288681,-0.6985758331864984
BH_s10_high,2,116,5.866666666666666,-0.18390615284442902,-0.9120067658114388
BH_s10_high,2,117,5.9,-0.38028430938720703,-1.116578039941984
BH_s10_high,2,118,5.933333333333334,-0.5474545955657959,-1.2585738734570753
BH_s10_high,2,119,5.966666666666667,-0.7146248817443848,-1.2774074929320731
BH_s10_high,2,120,6.0,-0.8390700221061707,-1.1299587619411442
BH_s10_high,2,121,6.033333333333333,-0.9593240022659302,-0.8111717827211863
BH_s10_high,2,122,6.066666666666666,-1.0429091453552246,-0.36185855884414686
BH_s10_high,2,123,6.1,-1.126494288444519,0.14015034651692415
BH_s10_high,2,124,6.133333333333334,-1.2100794315338135,0.602298956680396
BH_s10_high,2,125,6.166666666666667,-1.1325736045837402,0.9446291574080671
BH_s10_high,2,126,6.2,-0.6868676543235779,1.1226353209709545
BH_s10_high,2,127,6.233333333333333,-0.0641816258430481,1.1378679953910433
BH_s10_high,2,128,6.266666666666667,0.48705488443374634,1.0315329773301902
BH_s10_high,2,129,6.3,0.7324131727218628,0.8621688898191509
BH_s10_high,2,130,6.333333333333333,0.7538750171661377,0.6769887908007013
BH_s10_high,2,131,6.366666666666666,0.6828860640525818,0.4917898887235781
BH_s10_high,2,132,6.4,0.5301772356033325,0.29085866982865494
BH_s10_high,2,133,6.433333333333334,0.3202817440032959,0.046845120297356053
BH_s10_high,2,134,6.466666666666667,0.1330542415380478,-0.2521903587972098
BH_s10_high,2,135,6.5,0.04946909099817276,-0.5857479162648724
BH_s10_high,2,136,6.533333333333333,-0.01517856027930975,-0.9029854520724793
BH_s10_high,2,137,6.566666666666666,-0.13477344810962677,-1.140563753616445
BH_s10_high,2,138,6.6,-0.30194374918937683,-1.2460105006612456
BH_s10_high,2,139,6.633333333333334,-0.5118392705917358,-1.1964160313505958
BH_s10_high,2,140,6.666666666666667,-0.636284351348877,-1.0057437138099017
BH_s10_high,2,141,6.7,-0.7938433885574341,-0.7185567356458799
BH_s10_high,2,142,6.733333333333333,-0.8774285316467285,-0.3925689759493316
BH_s10_high,2,143,6.766666666666667,-0.961013674736023,-0.07701452164729809
BH_s10_high,2,144,6.8,-1.0445988178253174,0.20288395778850307
BH_s10_high,2,145,6.833333333333333,-1.0811582803726196,0.44693773006767684
BH_s10_high,2,146,6.866666666666666,-0.9109828472137451,0.6664265020665776
BH_s10_high,2,147,6.9,-0.3696223199367523,0.8650667344186701
BH_s10_high,2,148,6.933333333333334,0.2990588843822479,1.0268621333340917
BH_s10_high,2,149,6.966666666666667,0.8127715587615967,1.1185605726696104
BH_s10_high,2,150,7.0,1.0385993719100952,1.105033391861646
BH_s10_high,2,151,7.033333333333333,1.052951455116272,0.9679301680832146
BH_s10_high,2,152,7.066666666666666,0.9784075617790222,0.7166029435423279
BH_s10_high,2,153,7.1,0.7921903729438782,0.3858019166758472
BH_s10_high,2,154,7.133333333333334,0.5414349436759949,0.023107682309291614
BH_s10_high,2,155,7.166666666666667,0.3596276044845581,-0.32542993966956874
BH_s10_high,2,156,7.2,0.21681496500968933,-0.6239909551798368
BH_s10_high,2,157,7.233333333333333,0.06801220774650574,-0.8478858400723845
BH_s10_high,2,158,7.266666666666667,-0.07706005126237869,-0.9796071810315204
BH_s10_high,2,159,7.3,-0.3278155028820038,-1.0051775935351557
BH_s10_high,2,160,7.333333333333333,-0.5358457565307617,-0.9147929673406817
BH_s10_high,2,161,7.366666666666666,-0.7138131856918335,-0.7084863315297688
BH_s10_high,2,162,7.4,-0.8105644583702087,-0.403993564204209
BH_s10_high,2,163,7.433333333333334,-0.9124077558517456,-0.0415590358257296
BH_s10_high,2,164,7.466666666666667,-0.9645686149597168,0.31967013180626375
BH_s10_high,2,165,7.5,-1.0481537580490112,0.6153101783429828
BH_s10_high,2,166,7.533333333333333,-1.1260337829589844,0.7946168852562888
BH_s10_high,2,167,7.566666666666666,-1.0679489374160767,0.8355947206434318
BH_s10_high,2,168,7.6,-0.6382847428321838,0.7495306538251516
BH_s10_high,2,169,7.633333333333334,0.07125641405582428,0.5742561290396087
BH_s10_high,2,170,7.666666666666667,0.7825533747673035,0.3605899325129333
BH_s10_high,2,171,7.7,1.1702637672424316,0.15778041556337885
BH_s10_high,2,172,7.733333333333333,1.223852276802063,0.0016253047462908067
BH_s10_high,2,173,7.766666666666667,1.223852276802063,-0.09354061073450136
BH_s10_high,2,174,7.8,1.071385145187378,-0.13809184106500114
BH_s10_high,2,175,7.833333333333333,0.8298465609550476,-0.16397664938254614
BH_s10_high,2,176,7.866666666666666,0.5790911316871643,-0.214207214120326
BH_s10_high,2,177,7.9,0.3989734649658203,-0.32638289922140395
BH_s10_high,2,178,7.933333333333334,0.2745283842086792,-0.5147706353622953
BH_s10_high,2,179,7.966666666666667,0.12590119242668152,-0.7577748717770465
BH_s10_high,2,180,8.0,-0.05981222167611122,-0.9975035893494926
BH_s10_high,2,181,8.033333333333333,-0.2474340945482254,-1.1543733664664821
BH_s10_high,2,182,8.066666666666666,-0.45546433329582214,-1.153062538433578
BH_s10_high,2,183,8.1,-0.6300524473190308,-0.9502628449713018
BH_s10_high,2,184,8.133333333333333,-0.756362795829773,-0.5532429600422564
BH_s10_high,2,185,8.166666666666666,-0.8529384732246399,-0.021890808298335798
BH_s10_high,2,186,8.2,-0.9662582874298096,0.5463631159517173
BH_s10_high,2,187,8.233333333333333,-1.049843430519104,1.0430669467996518
BH_s10_high,2,188,8.266666666666667,-1.1334285736083984,1.3780156283393261
BH_s10_high,2,189,8.3,-1.2114841938018799,1.5028843704712862
BH_s10_high,2,190,8.333333333333334,-1.1077121496200562,1.4230359038563496
BH_s10_high,2,191,8.366666666666667,-0.5544145703315735,1.1939346984317418
BH_s10_high,2,192,8.4,0.1978517472743988,0.9015466395157364
BH_s10_high,2,193,8.433333333333334,0.9520494937896729,0.6311031773414999
BH_s10_high,2,194,8.466666666666667,1.258984088897705,0.43532266291997834
BH_s10_high,2,195,8.5,1.272239327430725,0.3161522613493092
BH_s10_high,2,196,8.533333333333333,1.1961814165115356,0.22885946159326861
BH_s10_high,2,197,8.566666666666666,1.0290111303329468,0.10641637691505602
BH_s10_high,2,198,8.6,0.7876481413841248,-0.10781519716320326
BH_s10_high,2,199,8.633333333333333,0.5368927121162415,-0.43391327858605794
BH_s10_high,2,200,8.666666666666666,0.3843364417552948,-0.8448246223034037
BH_s10_high,2,201,8.7,0.2748795449733734,-1.2720378825425969
BH_s10_high,2,202,8.733333333333333,0.10770924389362335,-1.6233010008836726
BH_s10_high,2,203,8.766666666666667,-0.05946104973554611,-1.8069534045040678
BH_s10_high,2,204,8.8,-0.28963252902030945,-1.7571341418986939
BH_s10_high,2,205,8.833333333333334,-0.47925204038619995,-1.4539430135143325
BH_s10_high,2,206,8.866666666666667,-0.6464223265647888,-0.9331270684749726
BH_s10_high,2,207,8.9,-0.7989124059677124,-0.28163128444095675
BH_s10_high,2,208,8.933333333333334,-0.8824975490570068,0.3814106003909276
BH_s10_high,2,209,8.966666666666667,-0.9660826921463013,0.9345347921868664
BH_s10_high,2,210,9.0,-1.0496678352355957,1.2869697369584814
BH_s10_high,2,211,9.033333333333333,-1.1332529783248901,1.4044038878691127
BH_s10_high,2,212,9.066666666666666,-1.1046178340911865,1.3171322016754115
BH_s10_high,2,213,9.1,-0.6673831939697266,1.1050617375351042
BH_s10_high,2,214,9.133333333333333,0.08650661259889603,0.863566012843283
BH_s10_high,2,215,9.166666666666666,0.8373912572860718,0.6640447809446061
BH_s10_high,2,216,9.2,1.1769130229949951,0.5273398355484945
BH_s10_high,2,217,9.233333333333333,1.1850993633270264,0.42271108987064837
BH_s10_high,2,218,9.266666666666667,1.021901249885559,0.29140728501770563
BH_s10_high,2,219,9.3,0.8197085857391357,0.08117006847388179
BH_s10_high,2,220,9.333333333333334,0.5262279510498047,-0.22526733949137118
BH_s10_high,2,221,9.366666666666667,0.3067643940448761,-0.5989344526759754
BH_s10_high,2,222,9.4,0.16902077198028564,-0.9726862435113328
BH_s10_high,2,223,9.433333333333334,0.08543562889099121,-1.2628914930980035
BH_s10_high,2,224,9.466666666666667,-0.040874723345041275,-1.3955128079872858
BH_s10_high,2,225,9.5,-0.25757208466529846,-1.3278223436552536
BH_s10_high,2,226,9.533333333333333,-0.48636189103126526,-1.0599063131141522
BH_s10_high,2,227,9.566666666666666,-0.6962573528289795,-0.6341678993371818
BH_s10_high,2,228,9.6,-0.8451924920082092,-0.12489913983858847
BH_s10_high,2,229,9.633333333333333,-0.9287776350975037,0.37823567213997084
BH_s10_high,2,230,9.666666666666666,-1.0123628377914429,0.7896089138167343
BH_s10_high,2,231,9.7,-1.0959479808807373,1.0470556876553456
BH_s10_high,2,232,9.733333333333333,-1.1795331239700317,1.1266896679198866
BH_s10_high,2,233,9.766666666666667,-1.2453004121780396,1.0474615411960464
BH_s10_high,2,234,9.8,-1.0410466194152832,0.8625935431658045
BH_s10_high,2,235,9.833333333333334,-0.3906466066837311,0.6404060544754062
BH_s10_high,2,236,9.866666666666667,0.4912432134151459,0.4416462912225505
BH_s10_high,2,237,9.9,1.2738169431686401,0.30160911771105076
BH_s10_high,2,238,9.933333333333334,1.564819097518921,0.22260297644925078
BH_s10_high,2,239,9.966666666666667,1.525211215019226,0.17789945564901483
BH_s10_high,3,0,3.0,1.1720426082611084,0.038789760592693255
BH_s10_high,3,1,3.033333333333333,0.8773990273475647,0.2747906502346096
BH_s10_high,3,2,3.066666666666667,0.5850812792778015,0.5024948162469697
BH_s10_high,3,3,3.1,0.3343258202075958,0.7176031429333503
BH_s10_high,3,4,3.1333333333333333,0.20731313526630402,0.919677179743512
BH_s10_high,3,5,3.1666666666666665,0.040142834186553955,1.1048821745046205
BH_s10_high,3,6,3.2,-0.16158930957317352,1.2569273609196916
BH_s10_high,3,7,3.2333333333333334,-0.412344753742218,1.3451550331671855
BH_s10_high,3,8,3.2666666666666666,-0.6631001830101013,1.333997874624062
BH_s10_high,3,9,3.3,-0.8421643376350403,1.1994681591585148
BH_s10_high,3,10,3.3333333333333335,-0.9822338223457336,0.9438432422315415
BH_s10_high,3,11,3.3666666666666667,-1.0658189058303833,0.6008774077043444
BH_s10_high,3,12,3.4,-1.1494040489196777,0.22841993413926548
BH_s10_high,3,13,3.433333333333333,-1.2114841938018799,-0.10909642382587315
BH_s10_high,3,14,3.466666666666667,-0.9458296895027161,-0.36135854807185847
BH_s10_high,3,15,3.5,-0.26468467712402344,-0.5076625546353855
BH_s10_high,3,16,3.533333333333333,0.4966229200363159,-0.5610666743696116
BH_s10_high,3,17,3.566666666666667,0.9955891966819763,-0.5600667014998943
BH_s10_high,3,18,3.6,1.040772557258606,-0.5519537278866175
BH_s10_high,3,19,3.6333333333333333,0.8938350677490234,-0.5747716782854425
BH_s10_high,3,20,3.6666666666666665,0.634631335735321,-0.643838501642403
BH_s10_high,3,21,3.7,0.3495990037918091,-0.7462072935323506
BH_s10_high,3,22,3.7333333333333334,0.1035613864660263,-0.8444361583491191
BH_s10_high,3,23,3.7666666666666666,-0.018031135201454163,-0.8889745234389
BH_s10_high,3,24,3.8,-0.10260360687971115,-0.8354692544087651
BH_s10_high,3,25,3.8333333333333335,-0.22792662680149078,-0.6609409703185366
BH_s10_high,3,26,3.8666666666666667,-0.4769262373447418,-0.37305896375820796
BH_s10_high,3,27,3.9,-0.6849564909934998,-0.009627128226201646
BH_s10_high,3,28,3.933333333333333,-0.8994603753089905,0.3707589752621267
BH_s10_high,3,29,3.966666666666667,-1.0322444438934326,0.7034242269550287
BH_s10_high,3,30,4.0,-1.1585547924041748,0.9339333680964638
BH_s10_high,3,31,4.033333333333333,-1.2421399354934692,1.0320377478135419
BH_s10_high,3,32,4.066666666666666,-1.3257250785827637,0.998113877392116
BH_s10_high,3,33,4.1,-1.2588839530944824,0.8583829444437604
BH_s10_high,3,34,4.133333333333334,-0.7797129154205322,0.6512261375867769
BH_s10_high,3,35,4.166666666666667,-0.08597169816493988,0.4125274070323763
BH_s10_high,3,36,4.2,0.4759957790374756,0.16766410174786983
BH_s10_high,3,37,4.233333333333333,0.7306140661239624,-0.06765723210334099
BH_s10_high,3,38,4.266666666666667,0.6759518384933472,-0.28156677537967245
BH_s10_high,3,39,4.3,0.535772979259491,-0.4615907534894578
BH_s10_high,3,40,4.333333333333333,0.28501754999160767,-0.5955356879489843
BH_s10_high,3,41,4.366666666666666,0.07698729634284973,-0.676507857107396
BH_s10_high,3,42,4.4,-0.1107669547200203,-0.7070606161029258
BH_s10_high,3,43,4.433333333333334,-0.19435210525989532,-0.697738003163761
BH_s10_high,3,44,4.466666666666667,-0.3206624388694763,-0.6596163319700175
BH_s10_high,3,45,4.5,-0.45605728030204773,-0.5953778640769367
BH_s10_high,3,46,4.533333333333333,-0.6614105105400085,-0.4951864383945553
BH_s10_high,3,47,4.566666666666666,-0.8713060617446899,-0.34124198910197395
BH_s10_high,3,48,4.6,-0.9968046545982361,-0.11992030973987934
BH_s10_high,3,49,4.633333333333334,-1.1231149435043335,0.16435240645029045
BH_s10_high,3,50,4.666666666666667,-1.206700086593628,0.48124010177717924
BH_s10_high,3,51,4.7,-1.290285348892212,0.7782856519496151
BH_s10_high,3,52,4.733333333333333,-1.3738704919815063,0.9965334281962523
BH_s10_high,3,53,4.766666666666667,-1.2426234483718872,1.091751829931182
BH_s10_high,3,54,4.8,-0.7540167570114136,1.0509515607948745
BH_s10_high,3,55,4.833333333333333,-0.08533554524183273,0.8953323519674459
BH_s10_high,3,56,4.866666666666666,0.4871210753917694,0.6680309334393428
BH_s10_high,3,57,4.9,0.7360342741012573,0.41372007005874056
BH_s10_high,3,58,4.933333333333334,0.7538750171661377,0.1615511010280688
BH_s10_high,3,59,4.966666666666667,0.6688420176506042,-0.07994259648767194
BH_s10_high,3,60,5.0,0.5016716718673706,-0.3158441975732372
BH_s10_high,3,61,5.033333333333333,0.2743527889251709,-0.5527225636937972
BH_s10_high,3,62,5.066666666666666,0.08188071101903915,-0.7886769569347027
BH_s10_high,3,63,5.1,-0.028871474787592888,-1.008775357810647
BH_s10_high,3,64,5.133333333333334,-0.1242842823266983,-1.1856388705856227
BH_s10_high,3,65,5.166666666666667,-0.25869178771972656,-1.283843592680209
BH_s10_high,3,66,5.2,-0.4667220413684845,-1.2672663754889915
BH_s10_high,3,67,5.233333333333333,-0.6685203909873962,-1.1088414276550074
BH_s10_high,3,68,5.266666666666667,-0.8356906771659851,-0.8012867438171098
BH_s10_high,3,69,5.3,-0.9576343894004822,-0.36563746836397454
BH_s10_high,3,70,5.333333333333333,-1.0412194728851318,0.14661918977618968
BH_s10_high,3,71,5.366666666666666,-1.1248046159744263,0.6608196997518907
BH_s10_high,3,72,5.4,-1.2480206489562988,1.095147100188883
BH_s10_high,3,73,5.433333333333334,-1.2969346046447754,1.3805701619820472
BH_s10_high,3,74,5.466666666666667,-1.2251338958740234,1.477765814150209
BH_s10_high,3,75,5.5,-0.759612500667572,1.3852514772551205
BH_s10_high,3,76,5.533333333333333,-0.09962140768766403,1.136765650739229
BH_s10_high,3,77,5.566666666666666,0.4657253921031952,0.7901233954288174
BH_s10_high,3,78,5.6,0.7680284976959229,0.41209316619843134
BH_s10_high,3,79,5.633333333333334,0.7966002225875854,0.06370872776255744
BH_s10_high,3,80,5.666666666666667,0.7718914151191711,-0.2112404769479626
BH_s10_high,3,81,5.7,0.622737467288971,-0.39327295183882444
BH_s10_high,3,82,5.733333333333333,0.3918636441230774,-0.48885151817952954
BH_s10_high,3,83,5.766666666666667,0.18383339047431946,-0.5256181843589173
BH_s10_high,3,84,5.8,0.03577617555856705,-0.5413212968345302
BH_s10_high,3,85,5.833333333333333,-0.0459437221288681,-0.5687477627601955
BH_s10_high,3,86,5.866666666666666,-0.18390615284442902,-0.6213597087402959
BH_s10_high,3,87,5.9,-0.38028430938720703,-0.685461256377926
BH_s10_high,3,88,5.933333333333334,-0.5474545955657959,-0.7233560036014087
BH_s10_high,3,89,5.966666666666667,-0.7146248817443848,-0.6877551938133385
BH_s10_high,3,90,6.0,-0.8390700221061707,-0.5421263175961477
BH_s10_high,3,91,6.033333333333333,-0.9593240022659302,-0.27828428974150793
BH_s10_high,3,92,6.066666666666666,-1.0429091453552246,0.07614151374301806
BH_s10_high,3,93,6.1,-1.126494288444519,0.4629760700247363
BH_s10_high,3,94,6.133333333333334,-1.2100794315338135,0.8090303691658237
BH_s10_high,3,95,6.166666666666667,-1.1325736045837402,1.0463044117550833
BH_s10_high,3,96,6.2,-0.6868676543235779,1.1307249171102993
BH_s10_high,3,97,6.233333333333333,-0.0641816258430481,1.0540180013492941
BH_s10_high,3,98,6.266666666666667,0.48705488443374634,0.8444481038514615
BH_s10_high,3,99,6.3,0.7324131727218628,0.5551203485760595
BH_s10_high,3,100,6.333333333333333,0.7538750171661377,0.24396311683661703
BH_s10_high,3,101,6.366666666666666,0.6828860640525818,-0.045747478225851665
BH_s10_high,3,102,6.4,0.5301772356033325,-0.29519248021213795
BH_s10_high,3,103,6.433333333333334,0.3202817440032959,-0.5061850605677068
BH_s10_high,3,104,6.466666666666667,0.1330542415380478,-0.6877318381457275
BH_s10_high,3,105,6.5,0.04946909099817276,-0.8421135718820265
BH_s10_high,3,106,6.533333333333333,-0.01517856027930975,-0.9581880036120082
BH_s10_high,3,107,6.566666666666666,-0.13477344810962677,-1.014203760963578
BH_s10_high,3,108,6.6,-0.30194374918937683,-0.987583224334069
BH_s10_high,3,109,6.633333333333334,-0.5118392705917358,-0.8665890177683767
BH_s10_high,3,110,6.666666666666667,-0.636284351348877,-0.6583816009576366
BH_s10_high,3,111,6.7,-0.7938433885574341,-0.3894382058204571
BH_s10_high,3,112,6.733333333333333,-0.8774285316467285,-0.0973698445967447
BH_s10_high,3,113,6.766666666666667,-0.961013674736023,0.1825268894641985
BH_s10_high,3,114,6.8,-1.0445988178253174,0.4287813550601664
BH_s10_high,3,115,6.833333333333333,-1.0811582803726196,0.6362952401968209
BH_s10_high,3,116,6.866666666666666,-0.9109828472137451,0.8085503379844516
BH_s10_high,3,117,6.9,-0.3696223199367523,0.9451234530380711
BH_s10_high,3,118,6.933333333333334,0.2990588843822479,1.0331978072503019
BH_s10_high,3,119,6.966666666666667,0.8127715587615967,1.049105735135772
BH_s10_high,3,120,7.0,1.0385993719100952,0.9694423264470767
BH_s10_high,3,121,7.033333333333333,1.052951455116272,0.7850837266717137
BH_s10_high,3,122,7.066666666666666,0.9784075617790222,0.5094617822462459
BH_s10_high,3,123,7.1,0.7921903729438782,0.17603236586291635
BH_s10_high,3,124,7.133333333333334,0.5414349436759949,-0.1730243807791892
BH_s10_high,3,125,7.166666666666667,0.3596276044845581,-0.4992845736604203
BH_s10_high,3,126,7.2,0.21681496500968933,-0.7742766758815743
BH_s10_high,3,127,7.233333333333333,0.06801220774650574,-0.9772636693748322
BH_s10_high,3,128,7.266666666666667,-0.07706005126237869,-1.0891078719402858
BH_s10_high,3,129,7.3,-0.3278155028820038,-1.0896186695641938
BH_s10_high,3,130,7.333333333333333,-0.5358457565307617,-0.9626235319206795
BH_s10_high,3,131,7.366666666666666,-0.7138131856918335,-0.7068561940780681
BH_s10_high,3,132,7.4,-0.8105644583702087,-0.34631443545188284
BH_s10_high,3,133,7.433333333333334,-0.9124077558517456,0.06702422722912524
BH_s10_high,3,134,7.466666666666667,-0.9645686149597168,0.46237353056979796
BH_s10_high,3,135,7.5,-1.0481537580490112,0.7696442965541729
BH_s10_high,3,136,7.533333333333333,-1.1260337829589844,0.9413658527481169
BH_s10_high,3,137,7.566666666666666,-1.0679489374160767,0.9666226133660707
BH_s10_high,3,138,7.6,-0.6382847428321838,0.8705812709410725
BH_s10_high,3,139,7.633333333333334,0.07125641405582428,0.7008769120087762
BH_s10_high,3,140,7.666666666666667,0.7825533747673035,0.5084420982723562
BH_s10_high,3,141,7.7,1.1702637672424316,0.33164459441796446
BH_s10_high,3,142,7.733333333333333,1.223852276802063,0.18860040747098064
BH_s10_high,3,143,7.766666666666667,1.223852276802063,0.077132631213862
BH_s10_high,3,144,7.8,1.071385145187378,-0.020764240486321705
BH_s10_high,3,145,7.833333333333333,0.8298465609550476,-0.1322597977532451
BH_s10_high,3,146,7.866666666666666,0.5790911316871643,-0.2849575685216206
BH_s10_high,3,147,7.9,0.3989734649658203,-0.49575697119071493
BH_s10_high,3,148,7.933333333333334,0.2745283842086792,-0.7594006663917644
BH_s10_high,3,149,7.966666666666667,0.12590119242668152,-1.0416139957084547
BH_s10_high,3,150,8.0,-0.05981222167611122,-1.281740097862718
BH_s10_high,3,151,8.033333333333333,-0.2474340945482254,-1.4065166597797638
BH_s10_high,3,152,8.066666666666666,-0.45546433329582214,-1.3518228098491858
BH_s10_high,3,153,8.1,-0.6300524473190308,-1.0852781806392084
BH_s10_high,3,154,8.133333333333333,-0.756362795829773,-0.6214894668023043
BH_s10_high,3,155,8.166666666666666,-0.8529384732246399,-0.024008637977906207
BH_s10_high,3,156,8.2,-0.9662582874298096,0.6073346408673752
BH_s10_high,3,157,8.233333333333333,-1.049843430519104,1.160291812315885
BH_s10_high,3,158,8.266666666666667,-1.1334285736083984,1.538680098138287
BH_s10_high,3,159,8.3,-1.2114841938018799,1.6876450426866576
BH_s10_high,3,160,8.333333333333334,-1.1077121496200562,1.6081022515624195
BH_s10_high,3,161,8.366666666666667,-0.5544145703315735,1.3548391625578273
BH_s10_high,3,162,8.4,0.1978517472743988,1.0170881366077253
BH_s10_high,3,163,8.433333333333334,0.9520494937896729,0.6867228755959911
BH_s10_high,3,164,8.466666666666667,1.258984088897705,0.4255496800547619
BH_s10_high,3,165,8.5,1.272239327430725,0.24524926355711313
BH_s10_high,3,166,8.533333333333333,1.1961814165115356,0.1086892581071918
BH_s10_high,3,167,8.566666666666666,1.0290111303329468,-0.04818869621256218
BH_s10_high,3,168,8.6,0.7876481413841248,-0.28384360371906836
BH_s10_high,3,169,8.633333333333333,0.5368927121162415,-0.6218734068403124
BH_s10_high,3,170,8.666666666666666,0.3843364417552948,-1.035979581303781
BH_s10_high,3,171,8.7,0.2748795449733734,-1.4533790412299117
BH_s10_high,3,172,8.733333333333333,0.10770924389362335,-1.7745529911174824
BH_s10_high,3,173,8.766666666666667,-0.05946104973554611,-1.9027583665171621
BH_s10_high,3,174,8.8,-0.28963252902030945,-1.7741973978059074
BH_s10_high,3,175,8.833333333333334,-0.47925204038619995,-1.3797201178515068
BH_s10_high,3,176,8.866666666666667,-0.6464223265647888,-0.7716140311406383
BH_s10_high,3,177,8.9,-0.7989124059677124,-0.05322633642777333
BH_s10_high,3,178,8.933333333333334,-0.8824975490570068,0.6464339255201146
BH_s10_high,3,179,8.966666666666667,-0.9660826921463013,1.2066294130548922
BH_s10_high,3,180,9.0,-1.0496678352355957,1.5472176854073327
BH_s10_high,3,181,9.033333333333333,-1.1332529783248901,1.6483407787824882
BH_s10_high,3,182,9.066666666666666,-1.1046178340911865,1.5500000615380818
BH_s10_high,3,183,9.1,-0.6673831939697266,1.331098368231032
BH_s10_high,3,184,9.133333333333333,0.08650661259889603,1.0755162484627274
BH_s10_high,3,185,9.166666666666666,0.8373912572860718,0.8387306982315703
BH_s10_high,3,186,9.2,1.1769130229949951,0.6294856034862356
BH_s10_high,3,187,9.233333333333333,1.1850993633270264,0.4148983472470307
BH_s10_high,3,188,9.266666666666667,1.021901249885559,0.14573290316105597
BH_s10_high,3,189,9.3,0.8197085857391357,-0.21136834325509782
BH_s10_high,3,190,9.333333333333334,0.5262279510498047,-0.6497450333026579
BH_s10_high,3,191,9.366666666666667,0.3067643940448761,-1.1162064364871744
BH_s10_high,3,192,9.4,0.16902077198028564,-1.5234200673359195
BH_s10_high,3,193,9.433333333333334,0.08543562889099121,-1.7754994486897238
BH_s10_high,3,194,9.466666666666667,-0.040874723345041275,-1.7975713467256738
BH_s10_high,3,195,9.5,-0.25757208466529846,-1.5599428612903612
BH_s10_high,3,196,9.533333333333333,-0.48636189103126526,-1.089622015974683
BH_s10_high,3,197,9.566666666666666,-0.6962573528289795,-0.46577069304342433
BH_s10_high,3,198,9.6,-0.8451924920082092,0.1995316901898351
BH_s10_high,3,199,9.633333333333333,-0.9287776350975037,0.7896240371853669
BH_s10_high,3,200,9.666666666666666,-1.0123628377914429,1.2127778121219186
BH_s10_high,3,201,9.7,-1.0959479808807373,1.4244977682127826
BH_s10_high,3,202,9.733333333333333,-1.1795331239700317,1.4354846685474916
BH_s10_high,3,203,9.766666666666667,-1.2453004121780396,1.3019451509330346
BH_s10_high,3,204,9.8,-1.0410466194152832,1.101197469790735
BH_s10_high,3,205,9.833333333333334,-0.3906466066837311,0.9016146624344551
BH_s10_high,3,206,9.866666666666667,0.4912432134151459,0.7386239155534137
BH_s10_high,3,207,9.9,1.2738169431686401,0.6061546390224505
BH_s10_high,3,208,9.933333333333334,1.564819097518921,0.46631057480439353
BH_s10_high,3,209,9.966666666666667,1.525211215019226,0.272142763736513
BH_s10_high,3,210,10.0,1.3603235483169556,-0.007058686955695262
BH_s10_high,3,211,10.033333333333333,1.1137160062789917,-0.3689393949315998
BH_s10_high,3,212,10.066666666666666,0.8281136751174927,-0.7758707413603956
BH_s10_high,3,213,10.1,0.5694798827171326,-1.1662827303258723
BH_s10_high,3,214,10.133333333333333,0.34984079003334045,-1.4728184935478188
BH_s10_high,3,215,10.166666666666666,0.22539567947387695,-1.6393243355394551
BH_s10_high,3,216,10.2,0.030839554965496063,-1.631880060537457
BH_s10_high,3,217,10.233333333333333,-0.17719069123268127,-1.4434288003122464
BH_s10_high,3,218,10.266666666666667,-0.4279461205005646,-1.0937486867932897
BH_s10_high,3,219,10.3,-0.6569114923477173,-0.6263419480599841
BH_s10_high,3,220,10.333333333333334,-0.8240817785263062,-0.10276647117816219
BH_s10_high,3,221,10.366666666666667,-0.948526918888092,0.40602447253305113
BH_s10_high,3,222,10.4,-1.0567777156829834,0.8318575115696967
BH_s10_high,3,223,10.433333333333334,-1.1260337829589844,1.1237945497453095
BH_s10_high,3,224,10.466666666666667,-1.1812227964401245,1.260411550441218
BH_s10_high,3,225,10.5,-1.2542093992233276,1.253527732346302
BH_s10_high,3,226,10.533333333333333,-1.064900517463684,1.1392078196921003
BH_s10_high,3,227,10.566666666666666,-0.3737499415874481,0.9584856472032951
BH_s10_high,3,228,10.6,0.5098295211791992,0.7379164389897916
BH_s10_high,3,229,10.633333333333333,1.2822651863098145,0.48191347937289997
BH_s10_high,3,230,10.666666666666666,1.56438148021698,0.18147606431825047
BH_s10_high,3,231,10.7,1.4807963371276855,-0.16684195675158622
BH_s10_high,3,232,10.733333333333333,1.3142189979553223,-0.5438266356225716
BH_s10_high,3,233,10.766666666666667,1.1086469888687134,-0.9026376264273613
BH_s10_high,3,234,10.8,0.7786298394203186,-1.1787555713612177
BH_s10_high,3,235,10.833333333333334,0.5216857194900513,-1.309634788051644
BH_s10_high,3,236,10.866666666666667,0.37926745414733887,-1.2550409236725382
BH_s10_high,3,237,10.9,0.2529571056365967,-1.0102418861942268
BH_s10_high,3,238,10.933333333333334,0.05484605208039284,-0.6084801897795152
BH_s10_high,3,239,10.966666666666667,-0.13953448832035065,-0.1137642614340832
BH_s10_high,4,0,4.0,-1.1585547924041748,-0.07069858323696285
BH_s10_high,4,1,4.033333333333333,-1.2421399354934692,0.348184123884364
BH_s10_high,4,2,4.066666666666666,-1.3257250785827637,0.7009800715869069
BH_s10_high,4,3,4.1,-1.2588839530944824,0.9349284494918433
BH_s10_high,4,4,4.133333333333334,-0.7797129154205322,1.0190852058407198
BH_s10_high,4,5,4.166666666666667,-0.08597169816493988,0.9487194211081653
BH_s10_high,4,6,4.2,0.4759957790374756,0.7440817667910654
BH_s10_high,4,7,4.233333333333333,0.7306140661239624,0.44499921049334645
BH_s10_high,4,8,4.266666666666667,0.6759518384933472,0.10253360698977565
BH_s10_high,4,9,4.3,0.535772979259491,-0.23169157974396154
BH_s10_high,4,10,4.333333333333333,0.28501754999160767,-0.5165644635729016
BH_s10_high,4,11,4.366666666666666,0.07698729634284973,-0.7291708195634371
BH_s10_high,4,12,4.4,-0.1107669547200203,-0.8655184110906693
BH_s10_high,4,13,4.433333333333334,-0.19435210525989532,-0.9335373031475007
BH_s10_high,4,14,4.466666666666667,-0.3206624388694763,-0.9416330706686175
BH_s10_high,4,15,4.5,-0.45605728030204773,-0.8889377848468316
BH_s10_high,4,16,4.533333333333333,-0.6614105105400085,-0.7631247848049927
BH_s10_high,4,17,4.566666666666666,-0.8713060617446899,-0.5480327629443319
BH_s10_high,4,18,4.6,-0.9968046545982361,-0.23797677696836683
BH_s10_high,4,19,4.633333333333334,-1.1231149435043335,0.14867762894629855
BH_s10_high,4,20,4.666666666666667,-1.206700086593628,0.5648136029540706
BH_s10_high,4,21,4.7,-1.290285348892212,0.9432460802918313
BH_s10_high,4,22,4.733333333333333,-1.3738704919815063,1.216705373474769
BH_s10_high,4,23,4.766666666666667,-1.2426234483718872,1.3406725549563432
BH_s10_high,4,24,4.8,-0.7540167570114136,1.3080337040968206
BH_s10_high,4,25,4.833333333333333,-0.08533554524183273,1.147929876284521
BH_s10_high,4,26,4.866666666666666,0.4871210753917694,0.9095548314497511
BH_s10_high,4,27,4.9,0.7360342741012573,0.6398693846355988
BH_s10_high,4,28,4.933333333333334,0.7538750171661377,0.3669425013087514
BH_s10_high,4,29,4.966666666666667,0.6688420176506042,0.09640823547800874
BH_s10_high,4,30,5.0,0.5016716718673706,-0.17983867638248507
BH_s10_high,4,31,5.033333333333333,0.2743527889251709,-0.47001271549266344
BH_s10_high,4,32,5.066666666666666,0.08188071101903915,-0.771427098048784
BH_s10_high,4,33,5.1,-0.028871474787592888,-1.0656773835877282
BH_s10_high,4,34,5.133333333333334,-0.1242842823266983,-1.319740850256818
BH_s10_high,4,35,5.166666666666667,-0.25869178771972656,-1.4911706193536935
BH_s10_high,4,36,5.2,-0.4667220413684845,-1.5361029998459823
BH_s10_high,4,37,5.233333333333333,-0.6685203909873962,-1.4195807310783577
BH_s10_high,4,38,5.266666666666667,-0.8356906771659851,-1.1270957174090865
BH_s10_high,4,39,5.3,-0.9576343894004822,-0.6745295147634809
BH_s10_high,4,40,5.333333333333333,-1.0412194728851318,-0.11230273769383543
BH_s10_high,4,41,5.366666666666666,-1.1248046159744263,0.4799519270921168
BH_s10_high,4,42,5.4,-1.2480206489562988,1.0089386133361666
BH_s10_high,4,43,5.433333333333334,-1.2969346046447754,1.3899049615322023
BH_s10_high,4,44,5.466666666666667,-1.2251338958740234,1.5683662569249297
BH_s10_high,4,45,5.5,-0.759612500667572,1.5335011650118862
BH_s10_high,4,46,5.533333333333333,-0.09962140768766403,1.3183439360456248
BH_s10_high,4,47,5.566666666666666,0.4657253921031952,0.9870265966147409
BH_s10_high,4,48,5.6,0.7680284976959229,0.6140794695541245
BH_s10_high,4,49,5.633333333333334,0.7966002225875854,0.2632353367648359
BH_s10_high,4,50,5.666666666666667,0.7718914151191711,-0.027428224760448757
BH_s10_high,4,51,5.7,0.622737467288971,-0.2501020643046124
BH_s10_high,4,52,5.733333333333333,0.3918636441230774,-0.4214566974486312
BH_s10_high,4,53,5.766666666666667,0.18383339047431946,-0.5694262323195065
BH_s10_high,4,54,5.8,0.03577617555856705,-0.7172678016113764
BH_s10_high,4,55,5.833333333333333,-0.0459437221288681,-0.8700918736223571
BH_s10_high,4,56,5.866666666666666,-0.18390615284442902,-1.008574845276648
BH_s10_high,4,57,5.9,-0.38028430938720703,-1.0926911655061353
BH_s10_high,4,58,5.933333333333334,-0.5474545955657959,-1.0749074780583499
BH_s10_high,4,59,5.966666666666667,-0.7146248817443848,-0.9184908300027377
BH_s10_high,4,60,6.0,-0.8390700221061707,-0.6141360279710064
BH_s10_high,4,61,6.033333333333333,-0.9593240022659302,-0.18843789307616257
BH_s10_high,4,62,6.066666666666666,-1.0429091453552246,0.29904932027567976
BH_s10_high,4,63,6.1,-1.126494288444519,0.7690907122239622
BH_s10_high,4,64,6.133333333333334,-1.2100794315338135,1.1420321719406543
BH_s10_high,4,65,6.166666666666667,-1.1325736045837402,1.357418285742103
BH_s10_high,4,66,6.2,-0.6868676543235779,1.3888024001389339
BH_s10_high,4,67,6.233333333333333,-0.0641816258430481,1.2496624482567047
BH_s10_high,4,68,6.266666666666667,0.48705488443374634,0.9876676775589621
BH_s10_high,4,69,6.3,0.7324131727218628,0.6676205281017089
BH_s10_high,4,70,6.333333333333333,0.7538750171661377,0.3486260394950604
BH_s10_high,4,71,6.366666666666666,0.6828860640525818,0.06516390026209781
BH_s10_high,4,72,6.4,0.5301772356033325,-0.17899397375717066
BH_s10_high,4,73,6.433333333333334,0.3202817440032959,-0.4013448522883602
BH_s10_high,4,74,6.466666666666667,0.1330542415380478,-0.6217210013788769
BH_s10_high,4,75,6.5,0.04946909099817276,-0.8448153958729012
BH_s10_high,4,76,6.533333333333333,-0.01517856027930975,-1.0525807555185678
BH_s10_high,4,77,6.566666666666666,-0.13477344810962677,-1.2083968413227069
BH_s10_high,4,78,6.6,-0.30194374918937683,-1.2697845927868547
BH_s10_high,4,79,6.633333333333334,-0.5118392705917358,-1.2041292697766184
BH_s10_high,4,80,6.666666666666667,-0.636284351348877,-1.0015468237723055
BH_s10_high,4,81,6.7,-0.7938433885574341,-0.6803069951933236
BH_s10_high,4,82,6.733333333333333,-0.8774285316467285,-0.28292591289420504
BH_s10_high,4,83,6.766666666666667,-0.961013674736023,0.13536585678626917
BH_s10_high,4,84,6.8,-1.0445988178253174,0.5208294600930214
BH_s10_high,4,85,6.833333333333333,-1.0811582803726196,0.8323104014159735
BH_s10_high,4,86,6.866666666666666,-0.9109828472137451,1.0458842107450455
BH_s10_high,4,87,6.9,-0.3696223199367523,1.153539435987852
BH_s10_high,4,88,6.933333333333334,0.2990588843822479,1.1589037702004459
BH_s10_high,4,89,6.966666666666667,0.8127715587615967,1.0731638000734116
BH_s10_high,4,90,7.0,1.0385993719100952,0.9125851728523647
BH_s10_high,4,91,7.033333333333333,1.052951455116272,0.696880905996375
BH_s10_high,4,92,7.066666666666666,0.9784075617790222,0.4467238836678023
BH_s10_high,4,93,7.1,0.7921903729438782,0.17986336138008757
BH_s10_high,4,94,7.133333333333334,0.5414349436759949,-0.09214889886863525
BH_s10_high,4,95,7.166666666666667,0.3596276044845581,-0.3633456799664372
BH_s10_high,4,96,7.2,0.21681496500968933,-0.6274945162075195
BH_s10_high,4,97,7.233333333333333,0.06801220774650574,-0.8695720410243598
BH_s10_high,4,98,7.266666666666667,-0.07706005126237869,-1.0601367982672905
BH_s10_high,4,99,7.3,-0.3278155028820038,-1.1578881442597946
BH_s10_high,4,100,7.333333333333333,-0.5358457565307617,-1.1217131757579446
BH_s10_high,4,101,7.366666666666666,-0.7138131856918335,-0.9282704693423227
BH_s10_high,4,102,7.4,-0.8105644583702087,-0.5876928517822617
BH_s10_high,4,103,7.433333333333334,-0.9124077558517456,-0.14958503482053295
BH_s10_high,4,104,7.466666666666667,-0.9645686149597168,0.3056923431249735
BH_s10_high,4,105,7.5,-1.0481537580490112,0.6894652894598035
BH_s10_high,4,106,7.533333333333333,-1.1260337829589844,0.9326513735400144
BH_s10_high,4,107,7.566666666666666,-1.0679489374160767,1.0070741070277607
BH_s10_high,4,108,7.6,-0.6382847428321838,0.931125153576968
BH_s10_high,4,109,7.633333333333334,0.07125641405582428,0.7583275513648741
BH_s10_high,4,110,7.666666666666667,0.7825533747673035,0.5548579188923556
BH_s10_high,4,111,7.7,1.1702637672424316,0.3758859129611791
BH_s10_high,4,112,7.733333333333333,1.223852276802063,0.2494590221653077
BH_s10_high,4,113,7.766666666666667,1.223852276802063,0.17212649818476894
BH_s10_high,4,114,7.8,1.071385145187378,0.11539190316099462
BH_s10_high,4,115,7.833333333333333,0.8298465609550476,0.0388067777688573
BH_s10_high,4,116,7.866666666666666,0.5790911316871643,-0.09500430982410248
BH_s10_high,4,117,7.9,0.3989734649658203,-0.30685230574064265
BH_s10_high,4,118,7.933333333333334,0.2745283842086792,-0.5911851448132087
BH_s10_high,4,119,7.966666666666667,0.12590119242668152,-0.9118273470828469
BH_s10_high,4,120,8.0,-0.05981222167611122,-1.2054938001176534
BH_s10_high,4,121,8.033333333333333,-0.2474340945482254,-1.3947195568791906
BH_s10_high,4,122,8.066666666666666,-0.45546433329582214,-1.4089964760784732
BH_s10_high,4,123,8.1,-0.6300524473190308,-1.2086586345926762
BH_s10_high,4,124,8.133333333333333,-0.756362795829773,-0.8027956089968825
BH_s10_high,4,125,8.166666666666666,-0.8529384732246399,-0.25282630441126197
BH_s10_high,4,126,8.2,-0.9662582874298096,0.34169608813057867
BH_s10_high,4,127,8.233333333333333,-1.049843430519104,0.8710928838228579
BH_s10_high,4,128,8.266666666666667,-1.1334285736083984,1.2473211031504208
BH_s10_high,4,129,8.3,-1.2114841938018799,1.427817418944148
BH_s10_high,4,130,8.333333333333334,-1.1077121496200562,1.4234307017600296
BH_s10_high,4,131,8.366666666666667,-0.5544145703315735,1.288609257275078
BH_s10_high,4,132,8.4,0.1978517472743988,1.09752269544648
BH_s10_high,4,133,8.433333333333334,0.9520494937896729,0.9143357602557179
BH_s10_high,4,134,8.466666666666667,1.258984088897705,0.7690579603056414
BH_s10_high,4,135,8.5,1.272239327430725,0.649195477658208
BH_s10_high,4,136,8.533333333333333,1.1961814165115356,0.5103469221988132
BH_s10_high,4,137,8.566666666666666,1.0290111303329468,0.2999922158608791
BH_s10_high,4,138,8.6,0.7876481413841248,-0.016487649094972204
BH_s10_high,4,139,8.633333333333333,0.5368927121162415,-0.4378576591849681
BH_s10_high,4,140,8.666666666666666,0.3843364417552948,-0.9222851727346877
BH_s10_high,4,141,8.7,0.2748795449733734,-1.395316160681833
BH_s10_high,4,142,8.733333333333333,0.10770924389362335,-1.7671393730646812
BH_s10_high,4,143,8.766666666666667,-0.05946104973554611,-1.9548218461599796
BH_s10_high,4,144,8.8,-0.28963252902030945,-1.9044943134425967
BH_s10_high,4,145,8.833333333333334,-0.47925204038619995,-1.6077999774172715
BH_s10_high,4,146,8.866666666666667,-0.6464223265647888,-1.107302649474758
BH_s10_high,4,147,8.9,-0.7989124059677124,-0.48790680473880027
BH_s10_high,4,148,8.933333333333334,-0.8824975490570068,0.1443498011505569
BH_s10_high,4,149,8.966666666666667,-0.9660826921463013,0.6900761194200205
BH_s10_high,4,150,9.0,-1.0496678352355957,1.0818928525228648
BH_s10_high,4,151,9.033333333333333,-1.1332529783248901,1.2987157081422602
BH_s10_high,4,152,9.066666666666666,-1.1046178340911865,1.3640434243514774
BH_s10_high,4,153,9.1,-0.6673831939697266,1.3290483812141625
BH_s10_high,4,154,9.133333333333333,0.08650661259889603,1.246857683111839
BH_s10_high,4,155,9.166666666666666,0.8373912572860718,1.1483419728983106
BH_s10_high,4,156,9.2,1.1769130229949951,1.030313472583844
BH_s10_high,4,157,9.233333333333333,1.1850993633270264,0.862038532868611
BH_s10_high,4,158,9.266666666666667,1.021901249885559,0.6063024304890392
BH_s10_high,4,159,9.3,0.8197085857391357,0.24363394197616403
BH_s10_high,4,160,9.333333333333334,0.5262279510498047,-0.21164967438846327
BH_s10_high,4,161,9.366666666666667,0.3067643940448761,-0.7091229634955941
BH_s10_high,4,162,9.4,0.16902077198028564,-1.1728303206057102
BH_s10_high,4,163,9.433333333333334,0.08543562889099121,-1.5199294416546283
BH_s10_high,4,164,9.466666666666667,-0.040874723345041275,-1.6814428784799649
BH_s10_high,4,165,9.5,-0.25757208466529846,-1.619811891681403
BH_s10_high,4,166,9.533333333333333,-0.48636189103126526,-1.339107941512515
BH_s10_high,4,167,9.566666666666666,-0.6962573528289795,-0.8853231147128804
BH_s10_high,4,168,9.6,-0.8451924920082092,-0.33639141024784763
BH_s10_high,4,169,9.633333333333333,-0.9287776350975037,0.21594147838686012
BH_s10_high,4,170,9.666666666666666,-1.0123628377914429,0.688128095235192
BH_s10_high,4,171,9.7,-1.0959479808807373,1.0246496208159777
BH_s10_high,4,172,9.733333333333333,-1.1795331239700317,1.2088343071207117
BH_s10_high,4,173,9.766666666666667,-1.2453004121780396,1.2600219963372092
BH_s10_high,4,174,9.8,-1.0410466194152832,1.218131728127011
BH_s10_high,4,175,9.833333333333334,-0.3906466066837311,1.1227356118997542
BH_s10_high,4,176,9.866666666666667,0.4912432134151459,0.9962107373539405
BH_s10_high,4,177,9.9,1.2738169431686401,0.8380597517848398
BH_s10_high,4,178,9.933333333333334,1.564819097518921,0.6315194130736403
BH_s10_high,4,179,9.966666666666667,1.525211215019226,0.35773958442968884
BH_s10_high,4,180,10.0,1.3603235483169556,0.010305205564953608
BH_s10_high,4,181,10.033333333333333,1.1137160062789917,-0.39592466168281615
BH_s10_high,4,182,10.066666666666666,0.8281136751174927,-0.824278834061633
BH_s10_high,4,183,10.1,0.5694798827171326,-1.2229326096025994
BH_s10_high,4,184,10.133333333333333,0.34984079003334045,-1.5352807212778108
BH_s10_high,4,185,10.166666666666666,0.22539567947387695,-1.710487305276281
BH_s10_high,4,186,10.2,0.030839554965496063,-1.712497963615986
BH_s10_high,4,187,10.233333333333333,-0.17719069123268127,-1.5273874353314205
BH_s10_high,4,188,10.266666666666667,-0.4279461205005646,-1.1686391180483955
BH_s10_high,4,189,10.3,-0.6569114923477173,-0.6785632856628807
BH_s10_high,4,190,10.333333333333334,-0.8240817785263062,-0.12343662985379675
BH_s10_high,4,191,10.366666666666667,-0.948526918888092,0.41865879861380306
BH_s10_high,4,192,10.4,-1.0567777156829834,0.8751145626035841
BH_s10_high,4,193,10.433333333333334,-1.1260337829589844,1.1959556859553293
BH_s10_high,4,194,10.466666666666667,-1.1812227964401245,1.3647054585909681
BH_s10_high,4,195,10.5,-1.2542093992233276,1.3981526655707612
BH_s10_high,4,196,10.533333333333333,-1.064900517463684,1.3335834785990088
BH_s10_high,4,197,10.566666666666666,-0.3737499415874481,1.2078140643263513
BH_s10_high,4,198,10.6,0.5098295211791992,1.038674085170828
BH_s10_high,4,199,10.633333333333333,1.2822651863098145,0.8202229426872684
BH_s10_high,4,200,10.666666666666666,1.56438148021698,0.5347629297612394
BH_s10_high,4,201,10.7,1.4807963371276855,0.17396047906127707
BH_s10_high,4,202,10.733333333333333,1.3142189979553223,-0.2435998084076716
BH_s10_high,4,203,10.766666666666667,1.1086469888687134,-0.6683056418586616
BH_s10_high,4,204,10.8,0.7786298394203186,-1.0310689273598128
BH_s10_high,4,205,10.833333333333334,0.5216857194900513,-1.2649931305131124
BH_s10_high,4,206,10.866666666666667,0.37926745414733887,-1.3276525828967525
BH_s10_high,4,207,10.9,0.2529571056365967,-1.2151652750597106
BH_s10_high,4,208,10.933333333333334,0.05484605208039284,-0.9631682452267525
BH_s10_high,4,209,10.966666666666667,-0.13953448832035065,-0.6348319346965852
BH_s10_high,4,210,11.0,-0.39028993248939514,-0.30039790683730594
BH_s10_high,4,211,11.033333333333333,-0.6175656318664551,-0.015754590206395525
BH_s10_high,4,212,11.066666666666666,-0.7631214261054993,0.19155084932516844
BH_s10_high,4,213,11.1,-0.8894317746162415,0.3238213919034349
BH_s10_high,4,214,11.133333333333333,-0.9730169177055359,0.40426521937162985
BH_s10_high,4,215,11.166666666666666,-1.056602120399475,0.4642935140062664
BH_s10_high,4,216,11.2,-1.1543407440185547,0.5318929157147956
BH_s10_high,4,217,11.233333333333333,-1.1869076490402222,0.6221060046362908
BH_s10_high,4,218,11.266666666666667,-0.7862987518310547,0.7304538950340828
BH_s10_high,4,219,11.3,0.02767351269721985,0.8319192480739421
BH_s10_high,4,220,11.333333333333334,0.8928652405738831,0.8877939831785151
BH_s10_high,4,221,11.366666666666667,1.356855034828186,0.859527708584489
BH_s10_high,4,222,11.4,1.3461039066314697,0.7247034145540241
BH_s10_high,4,223,11.433333333333334,1.1778368949890137,0.4884776909575598
BH_s10_high,4,224,11.466666666666667,0.8851247429847717,0.18579444855443206
BH_s10_high,4,225,11.5,0.6336007714271545,-0.12658144454609324
BH_s10_high,4,226,11.533333333333333,0.38284534215927124,-0.38613577541974203
BH_s10_high,4,227,11.566666666666666,0.2539012134075165,-0.5442354150541308
BH_s10_high,4,228,11.6,0.20667697489261627,-0.5825264622097003
BH_s10_high,4,229,11.633333333333333,0.047736216336488724,-0.519258712861936
BH_s10_high,4,230,11.666666666666666,-0.15019923448562622,-0.40230827896831856
BH_s10_high,4,231,11.7,-0.4009546935558319,-0.2911266699234397
BH_s10_high,4,232,11.733333333333333,-0.624675452709198,-0.23424241249754452
BH_s10_high,4,233,11.766666666666667,-0.7918457984924316,-0.2508725960199881
BH_s10_high,4,234,11.8,-0.8929867148399353,-0.32420322417172615
BH_s10_high,4,235,11.833333333333334,-0.9765718579292297,-0.4096857269642426
BH_s10_high,4,236,11.866666666666667,-1.060157060623169,-0.4552497484087741
BH_s10_high,4,237,11.9,-1.1687589883804321,-0.424666794342654
BH_s10_high,4,238,11.933333333333334,-0.9613676071166992,-0.3135927182762868
BH_s10_high,4,239,11.966666666666667,-0.3313989043235779,-0.15134583994094936
BH_s10_high,5,0,5.0,0.5016716718673706,0.037241171939741594
BH_s10_high,5,1,5.033333333333333,0.2743527889251709,0.07770677444302121
BH_s10_high,5,2,5.066666666666666,0.08188071101903915,0.07080556946992798
BH_s10_high,5,3,5.1,-0.028871474787592888,-0.008511203043408458
BH_s10_high,5,4,5.133333333333334,-0.1242842823266983,-0.15149526567546362
BH_s10_high,5,5,5.166666666666667,-0.25869178771972656,-0.31534837185985676
BH_s10_high,5,6,5.2,-0.4667220413684845,-0.4362220895168358
BH_s10_high,5,7,5.233333333333333,-0.6685203909873962,-0.450429754279161
BH_s10_high,5,8,5.266666666666667,-0.8356906771659851,-0.31635175223255924
BH_s10_high,5,9,5.3,-0.9576343894004822,-0.03018856159300177
BH_s10_high,5,10,5.333333333333333,-1.0412194728851318,0.36897582470955076
BH_s10_high,5,11,5.366666666666666,-1.1248046159744263,0.8063682397684354
BH_s10_high,5,12,5.4,-1.2480206489562988,1.1893777923683937
BH_s10_high,5,13,5.433333333333334,-1.2969346046447754,1.4314376494489238
BH_s10_high,5,14,5.466666666666667,-1.2251338958740234,1.475106701760111
BH_s10_high,5,15,5.5,-0.759612500667572,1.3074108670946651
BH_s10_high,5,16,5.533333333333333,-0.09962140768766403,0.9630203855740889
BH_s10_high,5,17,5.566666666666666,0.4657253921031952,0.5145861457826877
BH_s10_high,5,18,5.6,0.7680284976959229,0.052888086787984276
BH_s10_high,5,19,5.633333333333334,0.7966002225875854,-0.33787359632253333
BH_s10_high,5,20,5.666666666666667,0.7718914151191711,-0.6023905753814429
BH_s10_high,5,21,5.7,0.622737467288971,-0.7269756249207562
BH_s10_high,5,22,5.733333333333333,0.3918636441230774,-0.7384972276696822
BH_s10_high,5,23,5.766666666666667,0.18383339047431946,-0.6902579853888784
BH_s10_high,5,24,5.8,0.03577617555856705,-0.6403421424266527
BH_s10_high,5,25,5.833333333333333,-0.0459437221288681,-0.6302888627079415
BH_s10_high,5,26,5.866666666666666,-0.18390615284442902,-0.6709098297472215
BH_s10_high,5,27,5.9,-0.38028430938720703,-0.7392073070720581
BH_s10_high,5,28,5.933333333333334,-0.5474545955657959,-0.7873419656272339
BH_s10_high,5,29,5.966666666666667,-0.7146248817443848,-0.7610901296740694
BH_s10_high,5,30,6.0,-0.8390700221061707,-0.6212434902997688
BH_s10_high,5,31,6.033333333333333,-0.9593240022659302,-0.35962673235097975
BH_s10_high,5,32,6.066666666666666,-1.0429091453552246,-0.003946687447505081
BH_s10_high,5,33,6.1,-1.126494288444519,0.3891239258113551
BH_s10_high,5,34,6.133333333333334,-1.2100794315338135,0.7487540045719422
BH_s10_high,5,35,6.166666666666667,-1.1325736045837402,1.0074321479432884
BH_s10_high,5,36,6.2,-0.6868676543235779,1.1174299699291497
BH_s10_high,5,37,6.233333333333333,-0.0641816258430481,1.063469055545775
BH_s10_high,5,38,6.266666666666667,0.48705488443374634,0.8673174444336065
BH_s10_high,5,39,6.3,0.7324131727218628,0.5802736172544121
BH_s10_high,5,40,6.333333333333333,0.7538750171661377,0.2648146443787603
BH_s10_high,5,41,6.366666666666666,0.6828860640525818,-0.02674811698620174
BH_s10_high,5,42,6.4,0.5301772356033325,-0.26669278630713955
BH_s10_high,5,43,6.433333333333334,0.3202817440032959,-0.45337355717112626
BH_s10_high,5,44,6.466666666666667,0.1330542415380478,-0.6010310752670028
BH_s10_high,5,45,6.5,0.04946909099817276,-0.7249176568046671
BH_s10_high,5,46,6.533333333333333,-0.01517856027930975,-0.8294411446622213
BH_s10_high,5,47,6.566666666666666,-0.13477344810962677,-0.9039085395367067
BH_s10_high,5,48,6.6,-0.30194374918937683,-0.9265229145555857
BH_s10_high,5,49,6.633333333333334,-0.5118392705917358,-0.8740809386191905
BH_s10_high,5,50,6.666666666666667,-0.636284351348877,-0.7328539884649725
BH_s10_high,5,51,6.7,-0.7938433885574341,-0.5058883888319415
BH_s10_high,5,52,6.733333333333333,-0.8774285316467285,-0.21363507406040516
BH_s10_high,5,53,6.766666666666667,-0.961013674736023,0.11192805422181698
BH_s10_high,5,54,6.8,-1.0445988178253174,0.43605644473535876
BH_s10_high,5,55,6.833333333333333,-1.0811582803726196,0.7280933747421917
BH_s10_high,5,56,6.866666666666666,-0.9109828472137451,0.9639252272752039
BH_s10_high,5,57,6.9,-0.3696223199367523,1.125094778213661
BH_s10_high,5,58,6.933333333333334,0.2990588843822479,1.1975027088784793
BH_s10_high,5,59,6.966666666666667,0.8127715587615967,1.1720414131340786
BH_s10_high,5,60,7.0,1.0385993719100952,1.0473615714119575
BH_s10_high,5,61,7.033333333333333,1.052951455116272,0.8327610372610209
BH_s10_high,5,62,7.066666666666666,0.9784075617790222,0.5483859597181214
BH_s10_high,5,63,7.1,0.7921903729438782,0.22142639585070925
BH_s10_high,5,64,7.133333333333334,0.5414349436759949,-0.11991349711792215
BH_s10_high,5,65,7.166666666666667,0.3596276044845581,-0.45082807111438483
BH_s10_high,5,66,7.2,0.21681496500968933,-0.7499308361895818
BH_s10_high,5,67,7.233333333333333,0.06801220774650574,-0.995529946604023
BH_s10_high,5,68,7.266666666666667,-0.07706005126237869,-1.162051116172338
BH_s10_high,5,69,7.3,-0.3278155028820038,-1.2210807892880442
BH_s10_high,5,70,7.333333333333333,-0.5358457565307617,-1.1486718302356218
BH_s10_high,5,71,7.366666666666666,-0.7138131856918335,-0.9363833161271089
BH_s10_high,5,72,7.4,-0.8105644583702087,-0.6007970616778544
BH_s10_high,5,73,7.433333333333334,-0.9124077558517456,-0.18612179243925528
BH_s10_high,5,74,7.466666666666667,-0.9645686149597168,0.24312721302566445
BH_s10_high,5,75,7.5,-1.0481537580490112,0.618083127683788
BH_s10_high,5,76,7.533333333333333,-1.1260337829589844,0.8842454092432414
BH_s10_high,5,77,7.566666666666666,-1.0679489374160767,1.0151492166616485
BH_s10_high,5,78,7.6,-0.6382847428321838,1.015615805504559
BH_s10_high,5,79,7.633333333333334,0.07125641405582428,0.9144514012543682
BH_s10_high,5,80,7.666666666666667,0.7825533747673035,0.7512254417007534
BH_s10_high,5,81,7.7,1.1702637672424316,0.5632978210752481
BH_s10_high,5,82,7.733333333333333,1.223852276802063,0.37706796134064385
BH_s10_high,5,83,7.766666666666667,1.223852276802063,0.2040978696771156
BH_s10_high,5,84,7.8,1.071385145187378,0.04116842406963777
BH_s10_high,5,85,7.833333333333333,0.8298465609550476,-0.1263194203146528
BH_s10_high,5,86,7.866666666666666,0.5790911316871643,-0.3174209124190165
BH_s10_high,5,87,7.9,0.3989734649658203,-0.545517281073771
BH_s10_high,5,88,7.933333333333334,0.2745283842086792,-0.8074347723225375
BH_s10_high,5,89,7.966666666666667,0.12590119242668152,-1.0762799641001706
BH_s10_high,5,90,8.0,-0.05981222167611122,-1.3022781995089228
BH_s10_high,5,91,8.033333333333333,-0.2474340945482254,-1.4232312651647305
BH_s10_high,5,92,8.066666666666666,-0.45546433329582214,-1.3822524463829085
BH_s10_high,5,93,8.1,-0.6300524473190308,-1.1471157777813894
BH_s10_high,5,94,8.133333333333333,-0.756362795829773,-0.7244776871953321
BH_s10_high,5,95,8.166666666666666,-0.8529384732246399,-0.16373255242122214
BH_s10_high,5,96,8.2,-0.9662582874298096,0.4513742382883544
BH_s10_high,5,97,8.233333333333333,-1.049843430519104,1.0213489730714624
BH_s10_high,5,98,8.266666666666667,-1.1334285736083984,1.454627969552596
BH_s10_high,5,99,8.3,-1.2114841938018799,1.6896880918248214
BH_s10_high,5,100,8.333333333333334,-1.1077121496200562,1.709269946977596
BH_s10_high,5,101,8.366666666666667,-0.5544145703315735,1.542195666321742
BH_s10_high,5,102,8.4,0.1978517472743988,1.2513077857143668
BH_s10_high,5,103,8.433333333333334,0.9520494937896729,0.910662624919894
BH_s10_high,5,104,8.466666666666667,1.258984088897705,0.5802878864189239
BH_s10_high,5,105,8.5,1.272239327430725,0.2889176399736419
BH_s10_high,5,106,8.533333333333333,1.1961814165115356,0.03157817942459989
BH_s10_high,5,107,8.566666666666666,1.0290111303329468,-0.21827220639790754
BH_s10_high,5,108,8.6,0.7876481413841248,-0.488873540688139
BH_s10_high,5,109,8.633333333333333,0.5368927121162415,-0.7918483200411945
BH_s10_high,5,110,8.666666666666666,0.3843364417552948,-1.1123000267716212
BH_s10_high,5,111,8.7,0.2748795449733734,-1.409497985558191
BH_s10_high,5,112,8.733333333333333,0.10770924389362335,-1.6265569657857917
BH_s10_high,5,113,8.766666666666667,-0.05946104973554611,-1.7055455920708837
BH_s10_high,5,114,8.8,-0.28963252902030945,-1.6037533030776716
BH_s10_high,5,115,8.833333333333334,-0.47925204038619995,-1.3069927244741564
BH_s10_high,5,116,8.866666666666667,-0.6464223265647888,-0.836624605559654
BH_s10_high,5,117,8.9,-0.7989124059677124,-0.24840573735033114
BH_s10_high,5,118,8.933333333333334,-0.8824975490570068,0.37689500801712295
BH_s10_high,5,119,8.966666666666667,-0.9660826921463013,0.949434029210554
BH_s10_high,5,120,9.0,-1.0496678352355957,1.3897266261680998
BH_s10_high,5,121,9.033333333333333,-1.1332529783248901,1.646916104505609
BH_s10_high,5,122,9.066666666666666,-1.1046178340911865,1.7096842653631752
BH_s10_high,5,123,9.1,-0.6673831939697266,1.6045574381020766
BH_s10_high,5,124,9.133333333333333,0.08650661259889603,1.3812516926158445
BH_s10_high,5,125,9.166666666666666,0.8373912572860718,1.0911902531532083
BH_s10_high,5,126,9.2,1.1769130229949951,0.7693141570749262
BH_s10_high,5,127,9.233333333333333,1.1850993633270264,0.4277402882564764
BH_s10_high,5,128,9.266666666666667,1.021901249885559,0.06298953639403465
BH_s10_high,5,129,9.3,0.8197085857391357,-0.32880969345604166
BH_s10_high,5,130,9.333333333333334,0.5262279510498047,-0.7373348450316156
BH_s10_high,5,131,9.366666666666667,0.3067643940448761,-1.130950386803318
BH_s10_high,5,132,9.4,0.16902077198028564,-1.4597096095318687
BH_s10_high,5,133,9.433333333333334,0.08543562889099121,-1.6668662949857675
BH_s10_high,5,134,9.466666666666667,-0.040874723345041275,-1.7045394460962886
BH_s10_high,5,135,9.5,-0.25757208466529846,-1.5482498095363901
BH_s10_high,5,136,9.533333333333333,-0.48636189103126526,-1.205661866386325
BH_s10_high,5,137,9.566666666666666,-0.6962573528289795,-0.7169449560600907
BH_s10_high,5,138,9.6,-0.8451924920082092,-0.14716447744061245
BH_s10_high,5,139,9.633333333333333,-0.9287776350975037,0.42659688212326147
BH_s10_high,5,140,9.666666666666666,-1.0123628377914429,0.930122598478014
BH_s10_high,5,141,9.7,-1.0959479808807373,1.3058094617135763
BH_s10_high,5,142,9.733333333333333,-1.1795331239700317,1.521984355970989
BH_s10_high,5,143,9.766666666666667,-1.2453004121780396,1.5751584990998537
BH_s10_high,5,144,9.8,-1.0410466194152832,1.485001665045615
BH_s10_high,5,145,9.833333333333334,-0.3906466066837311,1.284535624165236
BH_s10_high,5,146,9.866666666666667,0.4912432134151459,1.0092577725077978
BH_s10_high,5,147,9.9,1.2738169431686401,0.6886375285184627
BH_s10_high,5,148,9.933333333333334,1.564819097518921,0.342392283678019
BH_s10_high,5,149,9.966666666666667,1.525211215019226,-0.017791012860476647
BH_s10_high,5,150,10.0,1.3603235483169556,-0.3826729136290055
BH_s10_high,5,151,10.033333333333333,1.1137160062789917,-0.7392354967421113
BH_s10_high,5,152,10.066666666666666,0.8281136751174927,-1.0669979482294514
BH_s10_high,5,153,10.1,0.5694798827171326,-1.3384157807719477
BH_s10_high,5,154,10.133333333333333,0.34984079003334045,-1.5226899873168112
BH_s10_high,5,155,10.166666666666666,0.22539567947387695,-1.5910643420985655
BH_s10_high,5,156,10.2,0.030839554965496063,-1.5221392553030209
BH_s10_high,5,157,10.233333333333333,-0.17719069123268127,-1.306810202663402
BH_s10_high,5,158,10.266666666666667,-0.4279461205005646,-0.9527111841179454
BH_s10_high,5,159,10.3,-0.6569114923477173,-0.48725857943370615
BH_s10_high,5,160,10.333333333333334,-0.8240817785263062,0.042608775112180336
BH_s10_high,5,161,10.366666666666667,-0.948526918888092,0.5757404266149116
BH_s10_high,5,162,10.4,-1.0567777156829834,1.0470113464503716
BH_s10_high,5,163,10.433333333333334,-1.1260337829589844,1.4000659776156503
BH_s10_high,5,164,10.466666666666667,-1.1812227964401245,1.598899556414572
BH_s10_high,5,165,10.5,-1.2542093992233276,1.6343142338309116
BH_s10_high,5,166,10.533333333333333,-1.064900517463684,1.5219719421578815
BH_s10_high,5,167,10.566666666666666,-0.3737499415874481,1.2920368894070313
BH_s10_high,5,168,10.6,0.5098295211791992,0.975907914317033
BH_s10_high,5,169,10.633333333333333,1.2822651863098145,0.5981819417064926
BH_s10_high,5,170,10.666666666666666,1.56438148021698,0.17807353357303268
BH_s10_high,5,171,10.7,1.4807963371276855,-0.2625001447102213
BH_s10_high,5,172,10.733333333333333,1.3142189979553223,-0.6912883282837426
BH_s10_high,5,173,10.766666666666667,1.1086469888687134,-1.0648908680346274
BH_s10_high,5,174,10.8,0.7786298394203186,-1.3363842313253198
BH_s10_high,5,175,10.833333333333334,0.5216857194900513,-1.4677434394132938
BH_s10_high,5,176,10.866666666666667,0.37926745414733887,-1.440956444177688
BH_s10_high,5,177,10.9,0.2529571056365967,-1.2630436227338193
BH_s10_high,5,178,10.933333333333334,0.05484605208039284,-0.9638664545050111
BH_s10_high,5,179,10.966666666666667,-0.13953448832035065,-0.5886981301559127
BH_s10_high,5,180,11.0,-0.39028993248939514,-0.18824886901881632
BH_s10_high,5,181,11.033333333333333,-0.6175656318664551,0.19132902373384217
BH_s10_high,5,182,11.066666666666666,-0.7631214261054993,0.5155551259932216
BH_s10_high,5,183,11.1,-0.8894317746162415,0.7638348379503657
BH_s10_high,5,184,11.133333333333333,-0.9730169177055359,0.9278918070641209
BH_s10_high,5,185,11.166666666666666,-1.056602120399475,1.009364868274787
BH_s10_high,5,186,11.2,-1.1543407440185547,1.0174533965235646
BH_s10_high,5,187,11.233333333333333,-1.1869076490402222,0.9651140030610595
BH_s10_high,5,188,11.266666666666667,-0.7862987518310547,0.8634784206839626
BH_s10_high,5,189,11.3,0.02767351269721985,0.7170654208764115
BH_s10_high,5,190,11.333333333333334,0.8928652405738831,0.523282449161386
BH_s10_high,5,191,11.366666666666667,1.356855034828186,0.27763900636829275
BH_s10_high,5,192,11.4,1.3461039066314697,-0.017509846210922518
BH_s10_high,5,193,11.433333333333334,1.1778368949890137,-0.3452643527569015
BH_s10_high,5,194,11.466666666666667,0.8851247429847717,-0.671540628021011
BH_s10_high,5,195,11.5,0.6336007714271545,-0.949132251465055
BH_s10_high,5,196,11.533333333333333,0.38284534215927124,-1.1278021152479192
BH_s10_high,5,197,11.566666666666666,0.2539012134075165,-1.1677743020521847
BH_s10_high,5,198,11.6,0.20667697489261627,-1.0523495025943883
BH_s10_high,5,199,11.633333333333333,0.047736216336488724,-0.7950547411941542
BH_s10_high,5,200,11.666666666666666,-0.15019923448562622,-0.43844958998519157
BH_s10_high,5,201,11.7,-0.4009546935558319,-0.04443389869807778
BH_s10_high,5,202,11.733333333333333,-0.624675452709198,0.3216069445337926
BH_s10_high,5,203,11.766666666666667,-0.7918457984924316,0.6082208426594983
BH_s10_high,5,204,11.8,-0.8929867148399353,0.7905688195645104
BH_s10_high,5,205,11.833333333333334,-0.9765718579292297,0.8729436605207833
BH_s10_high,5,206,11.866666666666667,-1.060157060623169,0.8801704523703779
BH_s10_high,5,207,11.9,-1.1687589883804321,0.8424711820538406
BH_s10_high,5,208,11.933333333333334,-0.9613676071166992,0.7813546807031009
BH_s10_high,5,209,11.966666666666667,-0.3313989043235779,0.7026215815652616
BH_s10_high,5,210,12.0,0.5453125238418579,0.5977217687146995
BH_s10_high,5,211,12.033333333333333,1.275089144706726,0.4506425599629621
BH_s10_high,5,212,12.066666666666666,1.48020339012146,0.24706891180527585
BH_s10_high,5,213,12.1,1.3817192316055298,-0.016582261844352117
BH_s10_high,5,214,12.133333333333333,1.1625205278396606,-0.32714766398973544
BH_s10_high,5,215,12.166666666666666,0.8709051012992859,-0.6546051329986818
BH_s10_high,5,216,12.2,0.58021080493927,-0.9581518615539087
BH_s10_high,5,217,12.233333333333333,0.3712364733219147,-1.1957940886864107
BH_s10_high,5,218,12.266666666666667,0.28670719265937805,-1.3340899089123273
BH_s10_high,5,219,12.3,0.16507147252559662,-1.3553916704720588
BH_s10_high,5,220,12.333333333333334,-0.00209881947375834,-1.2604772222502643
BH_s10_high,5,221,12.366666666666667,-0.28063446283340454,-1.0657609810986053
BH_s10_high,5,222,12.4,-0.5397950410842896,-0.7969714718587037
BH_s10_high,5,223,12.433333333333334,-0.7172356843948364,-0.4829301771883287
BH_s10_high,5,224,12.466666666666667,-0.8556816577911377,-0.1518828913063525
BH_s10_high,5,225,12.5,-0.9661259055137634,0.16965759936271332
BH_s10_high,5,226,12.533333333333333,-1.0228519439697266,0.45697400720146153
BH_s10_high,5,227,12.566666666666666,-1.106437087059021,0.6876419338482372
BH_s10_high,5,228,12.6,-1.1687589883804321,0.8435317093388426
BH_s10_high,5,229,12.633333333333333,-1.0096453428268433,0.9141193006344935
BH_s10_high,5,230,12.666666666666666,-0.3350200057029724,0.8991781176548989
BH_s10_high,5,231,12.7,0.6000841856002808,0.8089017094912784
BH_s10_high,5,232,12.733333333333333,1.4348417520523071,0.6619625307731128
BH_s10_high,5,233,12.766666666666667,1.7365546226501465,0.4836061523578552
BH_s10_high,5,234,12.8,1.6736857891082764,0.30407228735666364
BH_s10_high,5,235,12.833333333333334,1.4637902975082397,0.15524907937171453
BH_s10_high,5,236,12.866666666666667,1.2048282623291016,0.06407526601513781
BH_s10_high,5,237,12.9,0.9068716168403625,0.04416604381665701
BH_s10_high,5,238,12.933333333333334,0.6178670525550842,0.08963423004844474
BH_s10_high,5,239,12.966666666666667,0.4105823338031769,0.1750507101967868
BH_s10_high,6,0,6.0,-0.8390700221061707,0.07494243943055096
BH_s10_high,6,1,6.033333333333333,-0.9593240022659302,0.87505596709316
BH_s10_high,6,2,6.066666666666666,-1.0429091453552246,1.5603631185128979
BH_s10_high,6,3,6.1,-1.126494288444519,2.04347184825027
BH_s10_high,6,4,6.133333333333334,-1.2100794315338135,2.2761862979014995
BH_s10_high,6,5,6.166666666666667,-1.1325736045837402,2.2556343541903563
BH_s10_high,6,6,6.2,-0.6868676543235779,2.0191107151704513
BH_s10_high,6,7,6.233333333333333,-0.0641816258430481,1.631736797130378
BH_s10_high,6,8,6.266666666666667,0.48705488443374634,1.1706973753065224
BH_s10_high,6,9,6.3,0.7324131727218628,0.7077852749167636
BH_s10_high,6,10,6.333333333333333,0.7538750171661377,0.2932820987948735
BH_s10_high,6,11,6.366666666666666,0.6828860640525818,-0.053258124590691264
BH_s10_high,6,12,6.4,0.5301772356033325,-0.3404632649049163
BH_s10_high,6,13,6.433333333333334,0.3202817440032959,-0.5909706878616313
BH_s10_high,6,14,6.466666666666667,0.1330542415380478,-0.8223578844435906
BH_s10_high,6,15,6.5,0.04946909099817276,-1.0329201091251452
BH_s10_high,6,16,6.533333333333333,-0.01517856027930975,-1.1986517406273625
BH_s10_high,6,17,6.566666666666666,-0.13477344810962677,-1.2815394920879264
BH_s10_high,6,18,6.6,-0.30194374918937683,-1.2449737291457608
BH_s10_high,6,19,6.633333333333334,-0.5118392705917358,-1.0703643343277447
BH_s10_high,6,20,6.666666666666667,-0.636284351348877,-0.7687080254689632
BH_s10_high,6,21,6.7,-0.7938433885574341,-0.3818800679408719
BH_s10_high,6,22,6.733333333333333,-0.8774285316467285,0.028427485623759827
BH_s10_high,6,23,6.766666666666667,-0.961013674736023,0.4003916670602814
BH_s10_high,6,24,6.8,-1.0445988178253174,0.6904301217384643
BH_s10_high,6,25,6.833333333333333,-1.0811582803726196,0.8801278165147646
BH_s10_high,6,26,6.866666666666666,-0.9109828472137451,0.9700390426695055
BH_s10_high,6,27,6.9,-0.3696223199367523,0.9679982802198871
BH_s10_high,6,28,6.933333333333334,0.2990588843822479,0.881258266582696
BH_s10_high,6,29,6.966666666666667,0.8127715587615967,0.7165990270324173
BH_s10_high,6,30,7.0,1.0385993719100952,0.4860501765953085
BH_s10_high,6,31,7.033333333333333,1.052951455116272,0.2120620281598688
BH_s10_high,6,32,7.066666666666666,0.9784075617790222,-0.07345128130433562
BH_s10_high,6,33,7.1,0.7921903729438782,-0.3372807234231079
BH_s10_high,6,34,7.133333333333334,0.5414349436759949,-0.5556837962845406
BH_s10_high,6,35,7.166666666666667,0.3596276044845581,-0.7203766669883633
BH_s10_high,6,36,7.2,0.21681496500968933,-0.835113479144744
BH_s10_high,6,37,7.233333333333333,0.06801220774650574,-0.9046216677809842
BH_s10_high,6,38,7.266666666666667,-0.07706005126237869,-0.9234194798622054
BH_s10_high,6,39,7.3,-0.3278155028820038,-0.8728614599592637
BH_s10_high,6,40,7.333333333333333,-0.5358457565307617,-0.7295123895170192
BH_s10_high,6,41,7.366666666666666,-0.7138131856918335,-0.48062792202982835
BH_s10_high,6,42,7.4,-0.8105644583702087,-0.13822133988713337
BH_s10_high,6,43,7.433333333333334,-0.9124077558517456,0.2562311705899561
BH_s10_high,6,44,7.466666666666667,-0.9645686149597168,0.6398534508035911
BH_s10_high,6,45,7.5,-1.0481537580490112,0.9463372540987891
BH_s10_high,6,46,7.533333333333333,-1.1260337829589844,1.1259216472848634
BH_s10_high,6,47,7.566666666666666,-1.0679489374160767,1.1586003535025182
BH_s10_high,6,48,7.6,-0.6382847428321838,1.0557597034631077
BH_s10_high,6,49,7.633333333333334,0.07125641405582428,0.8514721204017442
BH_s10_high,6,50,7.666666666666667,0.7825533747673035,0.5889316472745344
BH_s10_high,6,51,7.7,1.1702637672424316,0.3081599296346473
BH_s10_high,6,52,7.733333333333333,1.223852276802063,0.038592819007950495
BH_s10_high,6,53,7.766666666666667,1.223852276802063,-0.20319261114286719
BH_s10_high,6,54,7.8,1.071385145187378,-0.4122499662010765
BH_s10_high,6,55,7.833333333333333,0.8298465609550476,-0.5921681773367533
BH_s10_high,6,56,7.866666666666666,0.5790911316871643,-0.7507394343364505
BH_s10_high,6,57,7.9,0.3989734649658203,-0.8942984472647517
BH_s10_high,6,58,7.933333333333334,0.2745283842086792,-1.0210917457253341
BH_s10_high,6,59,7.966666666666667,0.12590119242668152,-1.1155868643189149
BH_s10_high,6,60,8.0,-0.05981222167611122,-1.147170220662665
BH_s10_high,6,61,8.033333333333333,-0.2474340945482254,-1.076422421933455
BH_s10_high,6,62,8.066666666666666,-0.45546433329582214,-0.8691528082800332
BH_s10_high,6,63,8.1,-0.6300524473190308,-0.5137819305531177
BH_s10_high,6,64,8.133333333333333,-0.756362795829773,-0.03419925587123963
BH_s10_high,6,65,8.166666666666666,-0.8529384732246399,0.5090457458637143
BH_s10_high,6,66,8.2,-0.9662582874298096,1.0309091530327819
BH_s10_high,6,67,8.233333333333333,-1.049843430519104,1.442896906079415
BH_s10_high,6,68,8.266666666666667,-1.1334285736083984,1.675792872431672
BH_s10_high,6,69,8.3,-1.2114841938018799,1.6975609480708607
BH_s10_high,6,70,8.333333333333334,-1.1077121496200562,1.5218461562746266
BH_s10_high,6,71,8.366666666666667,-0.5544145703315735,1.2042655307156358
BH_s10_high,6,72,8.4,0.1978517472743988,0.8255817450858225
BH_s10_high,6,73,8.433333333333334,0.9520494937896729,0.46498827524773395
BH_s10_high,6,74,8.466666666666667,1.258984088897705,0.17296282220820247
BH_s10_high,6,75,8.5,1.272239327430725,-0.043991618196989074
BH_s10_high,6,76,8.533333333333333,1.1961814165115356,-0.2192608594013066
BH_s10_high,6,77,8.566666666666666,1.0290111303329468,-0.404855479590833
BH_s10_high,6,78,8.6,0.7876481413841248,-0.6432329422753482
BH_s10_high,6,79,8.633333333333333,0.5368927121162415,-0.9446637537773636
BH_s10_high,6,80,8.666666666666666,0.3843364417552948,-1.278397693286262
BH_s10_high,6,81,8.7,0.2748795449733734,-1.5792570521354155
BH_s10_high,6,82,8.733333333333333,0.10770924389362335,-1.7664104571344779
BH_s10_high,6,83,8.766666666666667,-0.05946104973554611,-1.768292916554914
BH_s10_high,6,84,8.8,-0.28963252902030945,-1.5459917722657992
BH_s10_high,6,85,8.833333333333334,-0.47925204038619995,-1.107722232832658
BH_s10_high,6,86,8.866666666666667,-0.6464223265647888,-0.5100132062205196
BH_s10_high,6,87,8.9,-0.7989124059677124,0.15442903408518216
BH_s10_high,6,88,8.933333333333334,-0.8824975490570068,0.7784656346915333
BH_s10_high,6,89,8.966666666666667,-0.9660826921463013,1.2659366784546433
BH_s10_high,6,90,9.0,-1.0496678352355957,1.5541487112533194
BH_s10_high,6,91,9.033333333333333,-1.1332529783248901,1.6274366717934434
BH_s10_high,6,92,9.066666666666666,-1.1046178340911865,1.5174790629343553
BH_s10_high,6,93,9.1,-0.6673831939697266,1.289195220022041
BH_s10_high,6,94,9.133333333333333,0.08650661259889603,1.0157591688382535
BH_s10_high,6,95,9.166666666666666,0.8373912572860718,0.7514838564616625
BH_s10_high,6,96,9.2,1.1769130229949951,0.5143715876426349
BH_s10_high,6,97,9.233333333333333,1.1850993633270264,0.28696983297705886
BH_s10_high,6,98,9.266666666666667,1.021901249885559,0.03446594943575253
BH_s10_high,6,99,9.3,0.8197085857391357,-0.2702284172091116
BH_s10_high,6,100,9.333333333333334,0.5262279510498047,-0.6264898783289445
BH_s10_high,6,101,9.366666666666667,0.3067643940448761,-0.9986956382720761
BH_s10_high,6,102,9.4,0.16902077198028564,-1.3231001621673892
BH_s10_high,6,103,9.433333333333334,0.08543562889099121,-1.5254298932369914
BH_s10_high,6,104,9.466666666666667,-0.040874723345041275,-1.5430573890302441
BH_s10_high,6,105,9.5,-0.25757208466529846,-1.3450195679546038
BH_s10_high,6,106,9.533333333333333,-0.48636189103126526,-0.9440990652234195
BH_s10_high,6,107,9.566666666666666,-0.6962573528289795,-0.3973955507246133
BH_s10_high,6,108,9.6,-0.8451924920082092,0.20508394642986505
BH_s10_high,6,109,9.633333333333333,-0.9287776350975037,0.7611456650050079
BH_s10_high,6,110,9.666666666666666,-1.0123628377914429,1.1813044867246423
BH_s10_high,6,111,9.7,-1.0959479808807373,1.4109412390089295
BH_s10_high,6,112,9.733333333333333,-1.1795331239700317,1.4422509949599192
BH_s10_high,6,113,9.766666666666667,-1.2453004121780396,1.3110573863780643
BH_s10_high,6,114,9.8,-1.0410466194152832,1.0796177941643894
BH_s10_high,6,115,9.833333333333334,-0.3906466066837311,0.8126001459587038
BH_s10_high,6,116,9.866666666666667,0.4912432134151459,0.5556904249379864
BH_s10_high,6,117,9.9,1.2738169431686401,0.32448976775177635
BH_s10_high,6,118,9.933333333333334,1.564819097518921,0.10704364495488476
BH_s10_high,6,119,9.966666666666667,1.525211215019226,-0.12220153419348329
BH_s10_high,6,120,10.0,1.3603235483169556,-0.3841868705703296
BH_s10_high,6,121,10.033333333333333,1.1137160062789917,-0.6813328995807912
BH_s10_high,6,122,10.066666666666666,0.8281136751174927,-0.9930220081196479
BH_s10_high,6,123,10.1,0.5694798827171326,-1.2800876221183046
BH_s10_high,6,124,10.133333333333333,0.34984079003334045,-1.4943467988489598
BH_s10_high,6,125,10.166666666666666,0.22539567947387695,-1.5890295964117853
BH_s10_high,6,126,10.2,0.030839554965496063,-1.528165771727711
BH_s10_high,6,127,10.233333333333333,-0.17719069123268127,-1.2949071595247164
BH_s10_high,6,128,10.266666666666667,-0.4279461205005646,-0.8984774716324944
BH_s10_high,6,129,10.3,-0.6569114923477173,-0.3778518820496988
BH_s10_high,6,130,10.333333333333334,-0.8240817785263062,0.20061242427014842
BH_s10_high,6,131,10.366666666666667,-0.948526918888092,0.7535911386863189
BH_s10_high,6,132,10.4,-1.0567777156829834,1.1987792326528148
BH_s10_high,6,133,10.433333333333334,-1.1260337829589844,1.4762893459670845
BH_s10_high,6,134,10.466666666666667,-1.1812227964401245,1.565817690220476
BH_s10_high,6,135,10.5,-1.2542093992233276,1.4910747667899356
BH_s10_high,6,136,10.533333333333333,-1.064900517463684,1.3067786900022633
BH_s10_high,6,137,10.566666666666666,-0.3737499415874481,1.072102333354992
BH_s10_high,6,138,10.6,0.5098295211791992,0.8239908634466149
BH_s10_high,6,139,10.633333333333333,1.2822651863098145,0.5658725213829714
BH_s10_high,6,140,10.666666666666666,1.56438148021698,0.27784437460959455
BH_s10_high,6,141,10.7,1.4807963371276855,-0.05917825944308847
BH_s10_high,6,142,10.733333333333333,1.3142189979553223,-0.4403160994141835
BH_s10_high,6,143,10.766666666666667,1.1086469888687134,-0.8273963021934624
BH_s10_high,6,144,10.8,0.7786298394203186,-1.1573244970123784
BH_s10_high,6,145,10.833333333333334,0.5216857194900513,-1.3627079223605356
BH_s10_high,6,146,10.866666666666667,0.37926745414733887,-1.3948884321332193
BH_s10_high,6,147,10.9,0.2529571056365967,-1.2405076299708662
BH_s10_high,6,148,10.933333333333334,0.05484605208039284,-0.9265342489191883
BH_s10_high,6,149,10.966666666666667,-0.13953448832035065,-0.5128834808406587
BH_s10_high,6,150,11.0,-0.39028993248939514,-0.07517504062957323
BH_s10_high,6,151,11.033333333333333,-0.6175656318664551,0.3166064668348633
BH_s10_high,6,152,11.066666666666666,-0.7631214261054993,0.6151979643701946
BH_s10_high,6,153,11.1,-0.8894317746162415,0.802221041958031
BH_s10_high,6,154,11.133333333333333,-0.9730169177055359,0.88369135162581
BH_s10_high,6,155,11.166666666666666,-1.056602120399475,0.8807501441076424
BH_s10_high,6,156,11.2,-1.1543407440185547,0.8203583545568071
BH_s10_high,6,157,11.233333333333333,-1.1869076490402222,0.7268663365762821
BH_s10_high,6,158,11.266666666666667,-0.7862987518310547,0.6147103254301265
BH_s10_high,6,159,11.3,0.02767351269721985,0.4843439860626199
BH_s10_high,6,160,11.333333333333334,0.8928652405738831,0.32424789325836784
BH_s10_high,6,161,11.366666666666667,1.356855034828186,0.11967224125075016
BH_s10_high,6,162,11.4,1.3461039066314697,-0.13534898130205195
BH_s10_high,6,163,11.433333333333334,1.1778368949890137,-0.42865313133283206
BH_s10_high,6,164,11.466666666666667,0.8851247429847717,-0.7276392880721865
BH_s10_high,6,165,11.5,0.6336007714271545,-0.9847683470710761
BH_s10_high,6,166,11.533333333333333,0.38284534215927124,-1.1490368018415957
BH_s10_high,6,167,11.566666666666666,0.2539012134075165,-1.180142753334018
BH_s10_high,6,168,11.6,0.20667697489261627,-1.0610693933030673
BH_s10_high,6,169,11.633333333333333,0.047736216336488724,-0.8049222998518925
BH_s10_high,6,170,11.666666666666666,-0.15019923448562622,-0.45361938141345254
BH_s10_high,6,171,11.7,-0.4009546935558319,-0.06833799175313607
BH_s10_high,6,172,11.733333333333333,-0.624675452709198,0.2864821101699573
BH_s10_high,6,173,11.766666666666667,-0.7918457984924316,0.5614401174791416
BH_s10_high,6,174,11.8,-0.8929867148399353,0.735899298213107
BH_s10_high,6,175,11.833333333333334,-0.9765718579292297,0.8203436289723872
BH_s10_high,6,176,11.866666666666667,-1.060157060623169,0.8456204876149866
BH_s10_high,6,177,11.9,-1.1687589883804321,0.8443369572000549
BH_s10_high,6,178,11.933333333333334,-0.9613676071166992,0.8338172295257488
BH_s10_high,6,179,11.966666666666667,-0.3313989043235779,0.8086524304599313
BH_s10_high,6,180,12.0,0.5453125238418579,0.744958444917873
BH_s10_high,6,181,12.033333333333333,1.275089144706726,0.6127148820177442
BH_s10_high,6,182,12.066666666666666,1.48020339012146,0.3907003672146167
BH_s10_high,6,183,12.1,1.3817192316055298,0.07906112389116947
BH_s10_high,6,184,12.133333333333333,1.1625205278396606,-0.2949165933329823
BH_s10_high,6,185,12.166666666666666,0.8709051012992859,-0.6804063145911197
BH_s10_high,6,186,12.2,0.58021080493927,-1.0144490406042135
BH_s10_high,6,187,12.233333333333333,0.3712364733219147,-1.2365431319675397
BH_s10_high,6,188,12.266666666666667,0.28670719265937805,-1.302497635527314
BH_s10_high,6,189,12.3,0.16507147252559662,-1.195345995090547
BH_s10_high,6,190,12.333333333333334,-0.00209881947375834,-0.9308537410731548
BH_s10_high,6,191,12.366666666666667,-0.28063446283340454,-0.5549115778073619
BH_s10_high,6,192,12.4,-0.5397950410842896,-0.13251316542792507
BH_s10_high,6,193,12.433333333333334,-0.7172356843948364,0.26837602205515093
BH_s10_high,6,194,12.466666666666667,-0.8556816577911377,0.5927303370581343
BH_s10_high,6,195,12.5,-0.9661259055137634,0.8091792663143728
BH_s10_high,6,196,12.533333333333333,-1.0228519439697266,0.9127028021850123
BH_s10_high,6,197,12.566666666666666,-1.106437087059021,0.919590325462605
BH_s10_high,6,198,12.6,-1.1687589883804321,0.8577430409534706
BH_s10_high,6,199,12.633333333333333,-1.0096453428268433,0.7561721297483989
BH_s10_high,6,200,12.666666666666666,-0.3350200057029724,0.6360768494309886
BH_s10_high,6,201,12.7,0.6000841856002808,0.5048380748414656
BH_s10_high,6,202,12.733333333333333,1.4348417520523071,0.35514211632139975
BH_s10_high,6,203,12.766666666666667,1.7365546226501465,0.17116970894584496
BH_s10_high,6,204,12.8,1.6736857891082764,-0.05997150444527084
BH_s10_high,6,205,12.833333333333334,1.4637902975082397,-0.33708465040320035
BH_s10_high,6,206,12.866666666666667,1.2048282623291016,-0.6391444324286266
BH_s10_high,6,207,12.9,0.9068716168403625,-0.926950089133338
BH_s10_high,6,208,12.933333333333334,0.6178670525550842,-1.1512819284307931
BH_s10_high,6,209,12.966666666666667,0.4105823338031769,-1.2652113957042912
BH_s10_high,6,210,13.0,0.243412047624588,-1.23759392192942
BH_s10_high,6,211,13.033333333333333,0.07624174654483795,-1.0639813737463504
BH_s10_high,6,212,13.066666666666666,-0.1666785478591919,-0.7703351359224684
BH_s10_high,6,213,13.1,-0.42228418588638306,-0.4062167045077255
BH_s10_high,6,214,13.133333333333333,-0.6388951539993286,-0.028787654315785557
BH_s10_high,6,215,13.166666666666666,-0.8060654401779175,0.31565899089368754
BH_s10_high,6,216,13.2,-0.942821741104126,0.6036931370798281
BH_s10_high,6,217,13.233333333333333,-1.0264068841934204,0.8342975274471109
BH_s10_high,6,218,13.266666666666667,-1.1099920272827148,1.017078800950786
BH_s10_high,6,219,13.3,-1.1935771703720093,1.1570592702722307
BH_s10_high,6,220,13.333333333333334,-1.2542093992233276,1.2459077741617652
BH_s10_high,6,221,13.366666666666667,-0.9784196615219116,1.2648596636248253
BH_s10_high,6,222,13.4,-0.23098327219486237,1.1961141663645694
BH_s10_high,6,223,13.433333333333334,0.8086181879043579,1.0340705028166781
BH_s10_high,6,224,13.466666666666667,1.6158804893493652,0.7898385230910484
BH_s10_high,6,225,13.5,1.8647302389144897,0.4884194046367987
BH_s10_high,6,226,13.533333333333333,1.7557568550109863,0.16192858329279075
BH_s10_high,6,227,13.566666666666666,1.5786904096603394,-0.15730126607560485
BH_s10_high,6,228,13.6,1.2771787643432617,-0.44150954642807844
BH_s10_high,6,229,13.633333333333333,0.9428381323814392,-0.6698208838817795
BH_s10_high,6,230,13.666666666666666,0.6598237156867981,-0.8287095600895231
BH_s10_high,6,231,13.7,0.49265339970588684,-0.9116680216669149
BH_s10_high,6,232,13.733333333333333,0.325483113527298,-0.9193768803609264
BH_s10_high,6,233,13.766666666666667,0.11688289791345596,-0.8609262600946535
BH_s10_high,6,234,13.8,-0.13387253880500793,-0.7546871049525902
BH_s10_high,6,235,13.833333333333334,-0.4223273992538452,-0.6262554318416567
BH_s10_high,6,236,13.866666666666667,-0.6353834271430969,-0.5022366477018231
BH_s10_high,6,237,13.9,-0.7754758596420288,-0.4016228141567792
BH_s10_high,6,238,13.933333333333334,-0.8590610027313232,-0.32888968867341967
BH_s10_high,6,239,13.966666666666667,-0.9426461458206177,-0.2728763616606616
BH_s10_high,7,0,7.0,1.0385993719100952,-0.03211387646536902
BH_s10_high,7,1,7.033333333333333,1.052951455116272,0.08076353705014043
BH_s10_high,7,2,7.066666666666666,0.9784075617790222,0.16627260424006882
BH_s10_high,7,3,7.1,0.7921903729438782,0.20257962764373552
BH_s10_high,7,4,7.133333333333334,0.5414349436759949,0.1797095875935712
BH_s10_high,7,5,7.166666666666667,0.3596276044845581,0.10002026495752227
BH_s10_high,7,6,7.2,0.21681496500968933,-0.02372076169956665
BH_s10_high,7,7,7.233333333333333,0.06801220774650574,-0.16933066825314672
BH_s10_high,7,8,7.266666666666667,-0.07706005126237869,-0.30480360862631145
BH_s10_high,7,9,7.3,-0.3278155028820038,-0.3900501523381589
BH_s10_high,7,10,7.333333333333333,-0.5358457565307617,-0.3847553683808542
BH_s10_high,7,11,7.366666666666666,-0.7138131856918335,-0.2624101819670499
BH_s10_high,7,12,7.4,-0.8105644583702087,-0.02504422133779544
BH_s10_high,7,13,7.433333333333334,-0.9124077558517456,0.28969704620464404
BH_s10_high,7,14,7.466666666666667,-0.9645686149597168,0.6150037527421574
BH_s10_high,7,15,7.5,-1.0481537580490112,0.8742288756020841
BH_s10_high,7,16,7.533333333333333,-1.1260337829589844,1.0056776736208195
BH_s10_high,7,17,7.566666666666666,-1.0679489374160767,0.9822829021292812
BH_s10_high,7,18,7.6,-0.6382847428321838,0.8179534158220606
BH_s10_high,7,19,7.633333333333334,0.07125641405582428,0.5589693040960977
BH_s10_high,7,20,7.666666666666667,0.7825533747673035,0.26592294352063583
BH_s10_high,7,21,7.7,1.1702637672424316,-0.005040971752256452
BH_s10_high,7,22,7.733333333333333,1.223852276802063,-0.2153412189252278
BH_s10_high,7,23,7.766666666666667,1.223852276802063,-0.34993039527816744
BH_s10_high,7,24,7.8,1.071385145187378,-0.41758149054640836
BH_s10_high,7,25,7.833333333333333,0.8298465609550476,-0.44684427667178633
BH_s10_high,7,26,7.866666666666666,0.5790911316871643,-0.47745054809328796
BH_s10_high,7,27,7.9,0.3989734649658203,-0.5468121405097872
BH_s10_high,7,28,7.933333333333334,0.2745283842086792,-0.67400061266768
BH_s10_high,7,29,7.966666666666667,0.12590119242668152,-0.8470596043872942
BH_s10_high,7,30,8.0,-0.05981222167611122,-1.0204062509064682
BH_s10_high,7,31,8.033333333333333,-0.2474340945482254,-1.1260626577636603
BH_s10_high,7,32,8.066666666666666,-0.45546433329582214,-1.0964866066078358
BH_s10_high,7,33,8.1,-0.6300524473190308,-0.8907545406852828
BH_s10_high,7,34,8.133333333333333,-0.756362795829773,-0.513175001723237
BH_s10_high,7,35,8.166666666666666,-0.8529384732246399,-0.016202416179845403
BH_s10_high,7,36,8.2,-0.9662582874298096,0.5131987715422586
BH_s10_high,7,37,8.233333333333333,-1.049843430519104,0.977717134759808
BH_s10_high,7,38,8.266666666666667,-1.1334285736083984,1.2959965731695589
BH_s10_high,7,39,8.3,-1.2114841938018799,1.4238044774520622
BH_s10_high,7,40,8.333333333333334,-1.1077121496200562,1.3646405839843194
BH_s10_high,7,41,8.366666666666667,-0.5544145703315735,1.1663970755871524
BH_s10_high,7,42,8.4,0.1978517472743988,0.9037649563819004
BH_s10_high,7,43,8.433333333333334,0.9520494937896729,0.6508978954465463
BH_s10_high,7,44,8.466666666666667,1.258984088897705,0.4541572684668834
BH_s10_high,7,45,8.5,1.272239327430725,0.31651536742019004
BH_s10_high,7,46,8.533333333333333,1.1961814165115356,0.20062541348077334
BH_s10_high,7,47,8.566666666666666,1.0290111303329468,0.04905103689181372
BH_s10_high,7,48,8.6,0.7876481413841248,-0.18743075647385485
BH_s10_high,7,49,8.633333333333333,0.5368927121162415,-0.5253005809898258
BH_s10_high,7,50,8.666666666666666,0.3843364417552948,-0.9364078180563176
BH_s10_high,7,51,8.7,0.2748795449733734,-1.351815485887082
BH_s10_high,7,52,8.733333333333333,0.10770924389362335,-1.679410254500241
BH_s10_high,7,53,8.766666666666667,-0.05946104973554611,-1.8297222509665132
BH_s10_high,7,54,8.8,-0.28963252902030945,-1.7420937676465225
BH_s10_high,7,55,8.833333333333334,-0.47925204038619995,-1.403283150487184
BH_s10_high,7,56,8.866666666666667,-0.6464223265647888,-0.8533448250353811
BH_s10_high,7,57,8.9,-0.7989124059677124,-0.17769337542862146
BH_s10_high,7,58,8.933333333333334,-0.8824975490570068,0.5122415176638756
BH_s10_high,7,59,8.966666666666667,-0.9660826921463013,1.1049897618163775
BH_s10_high,7,60,9.0,-1.0496678352355957,1.5153800765020988
BH_s10_high,7,61,9.033333333333333,-1.1332529783248901,1.704163454604852
BH_s10_high,7,62,9.066666666666666,-1.1046178340911865,1.6842628367071333
BH_s10_high,7,63,9.1,-0.6673831939697266,1.5102455394748693
BH_s10_high,7,64,9.133333333333333,0.08650661259889603,1.2540109113187405
BH_s10_high,7,65,9.166666666666666,0.8373912572860718,0.9762890949090776
BH_s10_high,7,66,9.2,1.1769130229949951,0.7062908489269396
BH_s10_high,7,67,9.233333333333333,1.1850993633270264,0.4382374002665345
BH_s10_high,7,68,9.266666666666667,1.021901249885559,0.14477634210691984
BH_s10_high,7,69,9.3,0.8197085857391357,-0.20066394962244782
BH_s10_high,7,70,9.333333333333334,0.5262279510498047,-0.6027806932646274
BH_s10_high,7,71,9.366666666666667,0.3067643940448761,-1.0324921531510929
BH_s10_high,7,72,9.4,0.16902077198028564,-1.428540970799558
BH_s10_high,7,73,9.433333333333334,0.08543562889099121,-1.7125110135320298
BH_s10_high,7,74,9.466666666666667,-0.040874723345041275,-1.8121025724140634
BH_s10_high,7,75,9.5,-0.25757208466529846,-1.6841547215736334
BH_s10_high,7,76,9.533333333333333,-0.48636189103126526,-1.3293941580020578
BH_s10_high,7,77,9.566666666666666,-0.6962573528289795,-0.7946611083528053
BH_s10_high,7,78,9.6,-0.8451924920082092,-0.1630840516148195
BH_s10_high,7,79,9.633333333333333,-0.9287776350975037,0.46424923449434863
BH_s10_high,7,80,9.666666666666666,-1.0123628377914429,0.9909491171053004
BH_s10_high,7,81,9.7,-1.0959479808807373,1.3476874032162636
BH_s10_high,7,82,9.733333333333333,-1.1795331239700317,1.5079424620795392
BH_s10_high,7,83,9.766666666666667,-1.2453004121780396,1.4906675921062962
BH_s10_high,7,84,9.8,-1.0410466194152832,1.3476467513035975
BH_s10_high,7,85,9.833333333333334,-0.3906466066837311,1.1401785404210487
BH_s10_high,7,86,9.866666666666667,0.4912432134151459,0.9151254843332506
BH_s10_high,7,87,9.9,1.2738169431686401,0.6907820526305468
BH_s10_high,7,88,9.933333333333334,1.564819097518921,0.4577617665681356
BH_s10_high,7,89,9.966666666666667,1.525211215019226,0.19254648829934928
BH_s10_high,7,90,10.0,1.3603235483169556,-0.12403794196048541
BH_s10_high,7,91,10.033333333333333,1.1137160062789917,-0.4920234547147836
BH_s10_high,7,92,10.066666666666666,0.8281136751174927,-0.8864829459196181
BH_s10_high,7,93,10.1,0.5694798827171326,-1.2611595323282083
BH_s10_high,7,94,10.133333333333333,0.34984079003334045,-1.5585280382804367
BH_s10_high,7,95,10.166666666666666,0.22539567947387695,-1.7223595389914337
BH_s10_high,7,96,10.2,0.030839554965496063,-1.7099308828073378
BH_s10_high,7,97,10.233333333333333,-0.17719069123268127,-1.5023082031722943
BH_s10_high,7,98,10.266666666666667,-0.4279461205005646,-1.111302495738146
BH_s10_high,7,99,10.3,-0.6569114923477173,-0.5812099488698133
BH_s10_high,7,100,10.333333333333334,-0.8240817785263062,0.016462241554612244
BH_s10_high,7,101,10.366666666666667,-0.948526918888092,0.5958098962686027
BH_s10_high,7,102,10.4,-1.0567777156829834,1.075047120744622
BH_s10_high,7,103,10.433333333333334,-1.1260337829589844,1.3960821174783677
BH_s10_high,7,104,10.466666666666667,-1.1812227964401245,1.538464950077817
BH_s10_high,7,105,10.5,-1.2542093992233276,1.5211901047108958
BH_s10_high,7,106,10.533333333333333,-1.064900517463684,1.389430132108876
BH_s10_high,7,107,10.566666666666666,-0.3737499415874481,1.1905740401522895
BH_s10_high,7,108,10.6,0.5098295211791992,0.9518747949257778
BH_s10_high,7,109,10.633333333333333,1.2822651863098145,0.6731013940443242
BH_s10_high,7,110,10.666666666666666,1.56438148021698,0.33830745187053435
BH_s10_high,7,111,10.7,1.4807963371276855,-0.06141246723272245
BH_s10_high,7,112,10.733333333333333,1.3142189979553223,-0.5079691340351983
BH_s10_high,7,113,10.766666666666667,1.1086469888687134,-0.9499781771078936
BH_s10_high,7,114,10.8,0.7786298394203186,-1.3129689657091834
BH_s10_high,7,115,10.833333333333334,0.5216857194900513,-1.5210769776329203
BH_s10_high,7,116,10.866666666666667,0.37926745414733887,-1.521278034141339
BH_s10_high,7,117,10.9,0.2529571056365967,-1.3015766970134321
BH_s10_high,7,118,10.933333333333334,0.05484605208039284,-0.8974520767718536
BH_s10_high,7,119,10.966666666666667,-0.13953448832035065,-0.3846340171366393
BH_s10_high,7,120,11.0,-0.39028993248939514,0.13997939994491432
BH_s10_high,7,121,11.033333333333333,-0.6175656318664551,0.5837501499564363
BH_s10_high,7,122,11.066666666666666,-0.7631214261054993,0.8816219731214119
BH_s10_high,7,123,11.1,-0.8894317746162415,1.009386319854218
BH_s10_high,7,124,11.133333333333333,-0.9730169177055359,0.983828099427252
BH_s10_high,7,125,11.166666666666666,-1.056602120399475,0.851981074535302
BH_s10_high,7,126,11.2,-1.1543407440185547,0.673703936202825
BH_s10_high,7,127,11.233333333333333,-1.1869076490402222,0.5019521146637197
BH_s10_high,7,128,11.266666666666667,-0.7862987518310547,0.3659894287922289
BH_s10_high,7,129,11.3,0.02767351269721985,0.2633773432344021
BH_s10_high,7,130,11.333333333333334,0.8928652405738831,0.1646812246121877
BH_s10_high,7,131,11.366666666666667,1.356855034828186,0.029966867623326867
BH_s10_high,7,132,11.4,1.3461039066314697,-0.16967932450892423
BH_s10_high,7,133,11.433333333333334,1.1778368949890137,-0.4349791043009478
BH_s10_high,7,134,11.466666666666667,0.8851247429847717,-0.7321800945116139
BH_s10_high,7,135,11.5,0.6336007714271545,-0.9992499414608964
BH_s10_high,7,136,11.533333333333333,0.38284534215927124,-1.16281907332265
BH_s10_high,7,137,11.566666666666666,0.2539012134075165,-1.1615943366796726
BH_s10_high,7,138,11.6,0.20667697489261627,-0.9688363238615456
BH_s10_high,7,139,11.633333333333333,0.047736216336488724,-0.6052844147659561
BH_s10_high,7,140,11.666666666666666,-0.15019923448562622,-0.1370198856396823
BH_s10_high,7,141,11.7,-0.4009546935558319,0.341662294466845
BH_s10_high,7,142,11.733333333333333,-0.624675452709198,0.7352812511519942
BH_s10_high,7,143,11.766666666666667,-0.7918457984924316,0.9753744680493952
BH_s10_high,7,144,11.8,-0.8929867148399353,1.039501010243263
BH_s10_high,7,145,11.833333333333334,-0.9765718579292297,0.9532518582394572
BH_s10_high,7,146,11.866666666666667,-1.060157060623169,0.7748516623975599
BH_s10_high,7,147,11.9,-1.1687589883804321,0.5699719779487142
BH_s10_high,7,148,11.933333333333334,-0.9613676071166992,0.3880530526257966
BH_s10_high,7,149,11.966666666666667,-0.3313989043235779,0.24903764110805496
BH_s10_high,7,150,12.0,0.5453125238418579,0.14301593562531686
BH_s10_high,7,151,12.033333333333333,1.275089144706726,0.03984198487741086
BH_s10_high,7,152,12.066666666666666,1.48020339012146,-0.0955556702247139
BH_s10_high,7,153,12.1,1.3817192316055298,-0.28625584241986995
BH_s10_high,7,154,12.133333333333333,1.1625205278396606,-0.530006958171092
BH_s10_high,7,155,12.166666666666666,0.8709051012992859,-0.7947034451819637
BH_s10_high,7,156,12.2,0.58021080493927,-1.024472263216825
BH_s10_high,7,157,12.233333333333333,0.3712364733219147,-1.1539994794118602
BH_s10_high,7,158,12.266666666666667,0.28670719265937805,-1.1270543206376042
BH_s10_high,7,159,12.3,0.16507147252559662,-0.9147982627003239
BH_s10_high,7,160,12.333333333333334,-0.00209881947375834,-0.5286070313903452
BH_s10_high,7,161,12.366666666666667,-0.28063446283340454,-0.022365563483587494
BH_s10_high,7,162,12.4,-0.5397950410842896,0.517741057096378
BH_s10_high,7,163,12.433333333333334,-0.7172356843948364,0.993567376375977
BH_s10_high,7,164,12.466666666666667,-0.8556816577911377,1.3198393070530694
BH_s10_high,7,165,12.5,-0.9661259055137634,1.446107687074958
BH_s10_high,7,166,12.533333333333333,-1.0228519439697266,1.3683817282226232
BH_s10_high,7,167,12.566666666666666,-1.106437087059021,1.1259735789175165
BH_s10_high,7,168,12.6,-1.1687589883804321,0.7851069333590541
BH_s10_high,7,169,12.633333333333333,-1.0096453428268433,0.41627450670741356
BH_s10_high,7,170,12.666666666666666,-0.3350200057029724,0.07377190718508783
BH_s10_high,7,171,12.7,0.6000841856002808,-0.21604933538060256
BH_s10_high,7,172,12.733333333333333,1.4348417520523071,-0.4545046555484903
BH_s10_high,7,173,12.766666666666667,1.7365546226501465,-0.6593342118495009
BH_s10_high,7,174,12.8,1.6736857891082764,-0.8483377808434625
BH_s10_high,7,175,12.833333333333334,1.4637902975082397,-1.02563940216109
BH_s10_high,7,176,12.866666666666667,1.2048282623291016,-1.1755574729563403
BH_s10_high,7,177,12.9,0.9068716168403625,-1.2648586071526946
BH_s10_high,7,178,12.933333333333334,0.6178670525550842,-1.2521349606202479
BH_s10_high,7,179,12.966666666666667,0.4105823338031769,-1.1022923454924445
BH_s10_high,7,180,13.0,0.243412047624588,-0.8025497562108836
BH_s10_high,7,181,13.033333333333333,0.07624174654483795,-0.3742881917357134
BH_s10_high,7,182,13.066666666666666,-0.1666785478591919,0.12544358500175712
BH_s10_high,7,183,13.1,-0.42228418588638306,0.6159704938462941
BH_s10_high,7,184,13.133333333333333,-0.6388951539993286,1.0155181546925909
BH_s10_high,7,185,13.166666666666666,-0.8060654401779175,1.2655031847971772
BH_s10_high,7,186,13.2,-0.942821741104126,1.346661785564088
BH_s10_high,7,187,13.233333333333333,-1.0264068841934204,1.28043582806276
BH_s10_high,7,188,13.266666666666667,-1.1099920272827148,1.1150015129270474
BH_s10_high,7,189,13.3,-1.1935771703720093,0.9022746407691457
BH_s10_high,7,190,13.333333333333334,-1.2542093992233276,0.6774499555294586
BH_s10_high,7,191,13.366666666666667,-0.9784196615219116,0.45145713538381876
BH_s10_high,7,192,13.4,-0.23098327219486237,0.2180854579896649
BH_s10_high,7,193,13.433333333333334,0.8086181879043579,-0.03162240714802024
BH_s10_high,7,194,13.466666666666667,1.6158804893493652,-0.2974813188260611
BH_s10_high,7,195,13.5,1.8647302389144897,-0.5662461004387701
BH_s10_high,7,196,13.533333333333333,1.7557568550109863,-0.8147760464888363
BH_s10_high,7,197,13.566666666666666,1.5786904096603394,-1.015624845052415
BH_s10_high,7,198,13.6,1.2771787643432617,-1.1412904813617233
BH_s10_high,7,199,13.633333333333333,0.9428381323814392,-1.1669267832877928
BH_s10_high,7,200,13.666666666666666,0.6598237156867981,-1.0739359857017552
BH_s10_high,7,201,13.7,0.49265339970588684,-0.856248974560315
BH_s10_high,7,202,13.733333333333333,0.325483113527298,-0.5276187247685679
BH_s10_high,7,203,13.766666666666667,0.11688289791345596,-0.125148088318777
BH_s10_high,7,204,13.8,-0.13387253880500793,0.29530277288516704
BH_s10_high,7,205,13.833333333333334,-0.4223273992538452,0.6721478846978522
BH_s10_high,7,206,13.866666666666667,-0.6353834271430969,0.9547264074843994
BH_s10_high,7,207,13.9,-0.7754758596420288,1.1161589386961475
BH_s10_high,7,208,13.933333333333334,-0.8590610027313232,1.1569216547501897
BH_s10_high,7,209,13.966666666666667,-0.9426461458206177,1.098203912453215
BH_s10_high,7,210,14.0,-1.026231288909912,0.968381134358577
BH_s10_high,7,211,14.033333333333333,-1.1098164319992065,0.7890779225450629
BH_s10_high,7,212,14.066666666666666,-1.1687589883804321,0.5684753167979968
BH_s10_high,7,213,14.1,-0.9694215655326843,0.30593641320391834
BH_s10_high,7,214,14.133333333333333,-0.2551221549510956,0.00391587299787083
BH_s10_high,7,215,14.166666666666666,0.7260865569114685,-0.3223644283710969
BH_s10_high,7,216,14.2,1.5405681133270264,-0.6441555485159772
BH_s10_high,7,217,14.233333333333333,1.7792798280715942,-0.9265309535727895
BH_s10_high,7,218,14.266666666666667,1.6669270992279053,-1.1379019740436125
BH_s10_high,7,219,14.3,1.4454457759857178,-1.2560298358048156
BH_s10_high,7,220,14.333333333333334,1.1519651412963867,-1.269267546040535
BH_s10_high,7,221,14.366666666666667,0.8584845066070557,-1.1759929255556276
BH_s10_high,7,222,14.4,0.6137191653251648,-0.9855378876706344
BH_s10_high,7,223,14.433333333333334,0.4892740845680237,-0.7205745053278574
BH_s10_high,7,224,14.466666666666667,0.3648289740085602,-0.4170956378921764
BH_s10_high,7,225,14.5,0.1545391082763672,-0.11795680749638093
BH_s10_high,7,226,14.533333333333333,-0.0962163433432579,0.13929528123853538
BH_s10_high,7,227,14.566666666666666,-0.3469717800617218,0.3341203046274829
BH_s10_high,7,228,14.6,-0.5977272391319275,0.46702518007537036
BH_s10_high,7,229,14.633333333333333,-0.7344403266906738,0.5533546466921192
BH_s10_high,7,230,14.666666666666666,-0.8180254697799683,0.6112680573245631
BH_s10_high,7,231,14.7,-0.9016106128692627,0.6518431892134873
BH_s10_high,7,232,14.733333333333333,-0.9851957559585571,0.6761075998615736
BH_s10_high,7,233,14.766666666666667,-1.0687808990478516,0.6782863134887734
BH_s10_high,7,234,14.8,-0.9089217782020569,0.6519472162382669
BH_s10_high,7,235,14.833333333333334,-0.28321030735969543,0.5956472950556706
BH_s10_high,7,236,14.866666666666667,0.6405699849128723,0.5150657544973064
BH_s10_high,7,237,14.9,1.4544585943222046,0.42027358059819264
BH_s10_high,7,238,14.933333333333334,1.7365546226501465,0.3202489216512568
BH_s10_high,7,239,14.966666666666667,1.6428112983703613,0.21903933935482311
BH_s10_high,8,0,8.0,-0.05981222167611122,0.10982080299443259
BH_s10_high,8,1,8.033333333333333,-0.2474340945482254,0.5025815837762179
BH_s10_high,8,2,8.066666666666666,-0.45546433329582214,0.8768351258004237
BH_s10_high,8,3,8.1,-0.6300524473190308,1.2166952270766285
BH_s10_high,8,4,8.133333333333333,-0.756362795829773,1.5095714018549953
BH_s10_high,8,5,8.166666666666666,-0.8529384732246399,1.7448301487504376
BH_s10_high,8,6,8.2,-0.9662582874298096,1.910259377068025
BH_s10_high,8,7,8.233333333333333,-1.049843430519104,1.9893199954390415
BH_s10_high,8,8,8.266666666666667,-1.1334285736083984,1.962501805698365
BH_s10_high,8,9,8.3,-1.2114841938018799,1.8140547711322093
BH_s10_high,8,10,8.333333333333334,-1.1077121496200562,1.5424376632920374
BH_s10_high,8,11,8.366666666666667,-0.5544145703315735,1.1695942713993834
BH_s10_high,8,12,8.4,0.1978517472743988,0.7420423047156074
BH_s10_high,8,13,8.433333333333334,0.9520494937896729,0.3193091597842943
BH_s10_high,8,14,8.466666666666667,1.258984088897705,-0.04681989288539615
BH_s10_high,8,15,8.5,1.272239327430725,-0.3316269799470259
BH_s10_high,8,16,8.533333333333333,1.1961814165115356,-0.5447355542335804
BH_s10_high,8,17,8.566666666666666,1.0290111303329468,-0.721497872481231
BH_s10_high,8,18,8.6,0.7876481413841248,-0.9033400870355608
BH_s10_high,8,19,8.633333333333333,0.5368927121162415,-1.1167872102122547
BH_s10_high,8,20,8.666666666666666,0.3843364417552948,-1.3594170933721494
BH_s10_high,8,21,8.7,0.2748795449733734,-1.5964276468844747
BH_s10_high,8,22,8.733333333333333,0.10770924389362335,-1.768073813220318
BH_s10_high,8,23,8.766666666666667,-0.05946104973554611,-1.8061429340359803
BH_s10_high,8,24,8.8,-0.28963252902030945,-1.6555264049718887
BH_s10_high,8,25,8.833333333333334,-0.47925204038619995,-1.2950377688278714
BH_s10_high,8,26,8.866666666666667,-0.6464223265647888,-0.750934291256165
BH_s10_high,8,27,8.9,-0.7989124059677124,-0.0976565779223839
BH_s10_high,8,28,8.933333333333334,-0.8824975490570068,0.5566998852347711
BH_s10_high,8,29,8.966666666666667,-0.9660826921463013,1.0977791793922749
BH_s10_high,8,30,9.0,-1.0496678352355957,1.4372313364338314
BH_s10_high,8,31,9.033333333333333,-1.1332529783248901,1.5383710814040397
BH_s10_high,8,32,9.066666666666666,-1.1046178340911865,1.424901660823282
BH_s10_high,8,33,9.1,-0.6673831939697266,1.1684052844566435
BH_s10_high,8,34,9.133333333333333,0.08650661259889603,0.8590472936484669
BH_s10_high,8,35,9.166666666666666,0.8373912572860718,0.5714585627726995
BH_s10_high,8,36,9.2,1.1769130229949951,0.34020569709784015
BH_s10_high,8,37,9.233333333333333,1.1850993633270264,0.1548687580029875
BH_s10_high,8,38,9.266666666666667,1.021901249885559,-0.02476305231362195
BH_s10_high,8,39,9.3,0.8197085857391357,-0.24197670238842492
BH_s10_high,8,40,9.333333333333334,0.5262279510498047,-0.5172060380507991
BH_s10_high,8,41,9.366666666666667,0.3067643940448761,-0.8330887793698496
BH_s10_high,8,42,9.4,0.16902077198028564,-1.1352856880211002
BH_s10_high,8,43,9.433333333333334,0.08543562889099121,-1.3478875566219009
BH_s10_high,8,44,9.466666666666667,-0.040874723345041275,-1.3977520793783806
BH_s10_high,8,45,9.5,-0.25757208466529846,-1.239673659884933
BH_s10_high,8,46,9.533333333333333,-0.48636189103126526,-0.8739944917829625
BH_s10_high,8,47,9.566666666666666,-0.6962573528289795,-0.350686935478299
BH_s10_high,8,48,9.6,-0.8451924920082092,0.2412758509379483
BH_s10_high,8,49,9.633333333333333,-0.9287776350975037,0.7957938122672784
BH_s10_high,8,50,9.666666666666666,-1.0123628377914429,1.216768488109359
BH_s10_high,8,51,9.7,-1.0959479808807373,1.4431815468760472
BH_s10_high,8,52,9.733333333333333,-1.1795331239700317,1.4639945565515378
BH_s10_high,8,53,9.766666666666667,-1.2453004121780396,1.3167407881525943
BH_s10_high,8,54,9.8,-1.0410466194152832,1.0699086269732365
BH_s10_high,8,55,9.833333333333334,-0.3906466066837311,0.7963319818595147
BH_s10_high,8,56,9.866666666666667,0.4912432134151459,0.5483503068379836
BH_s10_high,8,57,9.9,1.2738169431686401,0.34404362250611425
BH_s10_high,8,58,9.933333333333334,1.564819097518921,0.16859328863387807
BH_s10_high,8,59,9.966666666666667,1.525211215019226,-0.011593131416119083
BH_s10_high,8,60,10.0,1.3603235483169556,-0.22910192991047626
BH_s10_high,8,61,10.033333333333333,1.1137160062789917,-0.49846977201940595
BH_s10_high,8,62,10.066666666666666,0.8281136751174927,-0.8078713871586902
BH_s10_high,8,63,10.1,0.5694798827171326,-1.1209398412173073
BH_s10_high,8,64,10.133333333333333,0.34984079003334045,-1.3858076520497553
BH_s10_high,8,65,10.166666666666666,0.22539567947387695,-1.5469199115729153
BH_s10_high,8,66,10.2,0.030839554965496063,-1.5568722021987544
BH_s10_high,8,67,10.233333333333333,-0.17719069123268127,-1.3876225462451333
BH_s10_high,8,68,10.266666666666667,-0.4279461205005646,-1.0402017546312607
BH_s10_high,8,69,10.3,-0.6569114923477173,-0.550223043734436
BH_s10_high,8,70,10.333333333333334,-0.8240817785263062,0.014501134236564045
BH_s10_high,8,71,10.366666666666667,-0.948526918888092,0.5664328190929754
BH_s10_high,8,72,10.4,-1.0567777156829834,1.0191307232882265
BH_s10_high,8,73,10.433333333333334,-1.1260337829589844,1.3103315792708188
BH_s10_high,8,74,10.466666666666667,-1.1812227964401245,1.4188880310157603
BH_s10_high,8,75,10.5,-1.2542093992233276,1.367948889182693
BH_s10_high,8,76,10.533333333333333,-1.064900517463684,1.2110099970807162
BH_s10_high,8,77,10.566666666666666,-0.3737499415874481,1.0054724856477484
BH_s10_high,8,78,10.6,0.5098295211791992,0.7871153757664617
BH_s10_high,8,79,10.633333333333333,1.2822651863098145,0.5601783960296
BH_s10_high,8,80,10.666666666666666,1.56438148021698,0.30764230657900243
BH_s10_high,8,81,10.7,1.4807963371276855,0.013303547591982365
BH_s10_high,8,82,10.733333333333333,1.3142189979553223,-0.3181641078540792
BH_s10_high,8,83,10.766666666666667,1.1086469888687134,-0.6535604420632042
BH_s10_high,8,84,10.8,0.7786298394203186,-0.9386101909689183
BH_s10_high,8,85,10.833333333333334,0.5216857194900513,-1.1158516401285885
BH_s10_high,8,86,10.866666666666667,0.37926745414733887,-1.1445023114627237
BH_s10_high,8,87,10.9,0.2529571056365967,-1.0144522688270319
BH_s10_high,8,88,10.933333333333334,0.05484605208039284,-0.7502093530279684
BH_s10_high,8,89,10.966666666666667,-0.13953448832035065,-0.40463060909102316
BH_s10_high,8,90,11.0,-0.39028993248939514,-0.044775839706755735
BH_s10_high,8,91,11.033333333333333,-0.6175656318664551,0.26600712521905123
BH_s10_high,8,92,11.066666666666666,-0.7631214261054993,0.483957022335504
BH_s10_high,8,93,11.1,-0.8894317746162415,0.5933728067320668
BH_s10_high,8,94,11.133333333333333,-0.9730169177055359,0.6060202833666556
BH_s10_high,8,95,11.166666666666666,-1.056602120399475,0.5534459630245294
BH_s10_high,8,96,11.2,-1.1543407440185547,0.47485027048710604
BH_s10_high,8,97,11.233333333333333,-1.1869076490402222,0.40295649721540794
BH_s10_high,8,98,11.266666666666667,-0.7862987518310547,0.3517157361727851
BH_s10_high,8,99,11.3,0.02767351269721985,0.3110058906530658
BH_s10_high,8,100,11.333333333333334,0.8928652405738831,0.25191700572064624
BH_s10_high,8,101,11.366666666666667,1.356855034828186,0.14160990748438967
BH_s10_high,8,102,11.4,1.3461039066314697,-0.03854592641625706
BH_s10_high,8,103,11.433333333333334,1.1778368949890137,-0.28005174939885635
BH_s10_high,8,104,11.466666666666667,0.8851247429847717,-0.5452826686946027
BH_s10_high,8,105,11.5,0.6336007714271545,-0.7768684532267522
BH_s10_high,8,106,11.533333333333333,0.38284534215927124,-0.9147397300527433
BH_s10_high,8,107,11.566666666666666,0.2539012134075165,-0.9149311520568284
BH_s10_high,8,108,11.6,0.20667697489261627,-0.7637695190021372
BH_s10_high,8,109,11.633333333333333,0.047736216336488724,-0.48290144707805965
BH_s10_high,8,110,11.666666666666666,-0.15019923448562622,-0.1243928991247095
BH_s10_high,8,111,11.7,-0.4009546935558319,0.24185843413419658
BH_s10_high,8,112,11.733333333333333,-0.624675452709198,0.5455575440779131
BH_s10_high,8,113,11.766666666666667,-0.7918457984924316,0.7348599047152462
BH_s10_high,8,114,11.8,-0.8929867148399353,0.790870673606587
BH_s10_high,8,115,11.833333333333334,-0.9765718579292297,0.7312264751395207
BH_s10_high,8,116,11.866666666666667,-1.060157060623169,0.6001374737632906
BH_s10_high,8,117,11.9,-1.1687589883804321,0.4489758266669125
BH_s10_high,8,118,11.933333333333334,-0.9613676071166992,0.3163968212313686
BH_s10_high,8,119,11.966666666666667,-0.3313989043235779,0.21663724179532526
BH_s10_high,8,120,12.0,0.5453125238418579,0.13921494328975986
BH_s10_high,8,121,12.033333333333333,1.275089144706726,0.05765097562272304
BH_s10_high,8,122,12.066666666666666,1.48020339012146,-0.056928109936066056
BH_s10_high,8,123,12.1,1.3817192316055298,-0.22133934776004283
BH_s10_high,8,124,12.133333333333333,1.1625205278396606,-0.429799321179908
BH_s10_high,8,125,12.166666666666666,0.8709051012992859,-0.6516323441229314
BH_s10_high,8,126,12.2,0.58021080493927,-0.8380754107962418
BH_s10_high,8,127,12.233333333333333,0.3712364733219147,-0.9353124082078157
BH_s10_high,8,128,12.266666666666667,0.28670719265937805,-0.8999488475921402
BH_s10_high,8,129,12.3,0.16507147252559662,-0.7133800166133741
BH_s10_high,8,130,12.333333333333334,-0.00209881947375834,-0.39082900926748404
BH_s10_high,8,131,12.366666666666667,-0.28063446283340454,0.019019495025708065
BH_s10_high,8,132,12.4,-0.5397950410842896,0.44488661883656977
BH_s10_high,8,133,12.433333333333334,-0.7172356843948364,0.8111101344756685
BH_s10_high,8,134,12.466666666666667,-0.8556816577911377,1.057194276921613
BH_s10_high,8,135,12.5,-0.9661259055137634,1.152192139023226
BH_s10_high,8,136,12.533333333333333,-1.0228519439697266,1.0991562546564773
BH_s10_high,8,137,12.566666666666666,-1.106437087059021,0.9287282910830881
BH_s10_high,8,138,12.6,-1.1687589883804321,0.6856093688294594
BH_s10_high,8,139,12.633333333333333,-1.0096453428268433,0.41408214362091705
BH_s10_high,8,140,12.666666666666666,-0.3350200057029724,0.1473028909530667
BH_s10_high,8,141,12.7,0.6000841856002808,-0.09772002937912802
BH_s10_high,8,142,12.733333333333333,1.4348417520523071,-0.31898515169399067
BH_s10_high,8,143,12.766666666666667,1.7365546226501465,-0.5228382902003933
BH_s10_high,8,144,12.8,1.6736857891082764,-0.7146333362564229
BH_s10_high,8,145,12.833333333333334,1.4637902975082397,-0.8910138357043076
BH_s10_high,8,146,12.866666666666667,1.2048282623291016,-1.0369040197659911
BH_s10_high,8,147,12.9,0.9068716168403625,-1.1275739817075021
BH_s10_high,8,148,12.933333333333334,0.6178670525550842,-1.1342105715716813
BH_s10_high,8,149,12.966666666666667,0.4105823338031769,-1.0313359044045576
BH_s10_high,8,150,13.0,0.243412047624588,-0.8053949470288895
BH_s10_high,8,151,13.033333333333333,0.07624174654483795,-0.4634764769037808
BH_s10_high,8,152,13.066666666666666,-0.1666785478591919,-0.038664681642539174
BH_s10_high,8,153,13.1,-0.42228418588638306,0.41266637561889163
BH_s10_high,8,154,13.133333333333333,-0.6388951539993286,0.8232288766721688
BH_s10_high,8,155,13.166666666666666,-0.8060654401779175,1.1330932725095006
BH_s10_high,8,156,13.2,-0.942821741104126,1.3063275197253432
BH_s10_high,8,157,13.233333333333333,-1.0264068841934204,1.3385676676137297
BH_s10_high,8,158,13.266666666666667,-1.1099920272827148,1.2521152478569635
BH_s10_high,8,159,13.3,-1.1935771703720093,1.0814029556637985
BH_s10_high,8,160,13.333333333333334,-1.2542093992233276,0.8569244512987902
BH_s10_high,8,161,13.366666666666667,-0.9784196615219116,0.5961715607953069
BH_s10_high,8,162,13.4,-0.23098327219486237,0.3048370402645079
BH_s10_high,8,163,13.433333333333334,0.8086181879043579,-0.0150134533018533
BH_s10_high,8,164,13.466666666666667,1.6158804893493652,-0.3559223521361726
BH_s10_high,8,165,13.5,1.8647302389144897,-0.6998510490400893
BH_s10_high,8,166,13.533333333333333,1.7557568550109863,-1.0181411996891925
BH_s10_high,8,167,13.566666666666666,1.5786904096603394,-1.275317268309915
BH_s10_high,8,168,13.6,1.2771787643432617,-1.434872775319148
BH_s10_high,8,169,13.633333333333333,0.9428381323814392,-1.4658383023962438
BH_s10_high,8,170,13.666666666666666,0.6598237156867981,-1.3493368165755624
BH_s10_high,8,171,13.7,0.49265339970588684,-1.0842935595293346
BH_s10_high,8,172,13.733333333333333,0.325483113527298,-0.6913015126334496
BH_s10_high,8,173,13.766666666666667,0.11688289791345596,-0.21321158153074504
BH_s10_high,8,174,13.8,-0.13387253880500793,0.28941639354886833
BH_s10_high,8,175,13.833333333333334,-0.4223273992538452,0.7489669409051936
BH_s10_high,8,176,13.866666666666667,-0.6353834271430969,1.1056666658495327
BH_s10_high,8,177,13.9,-0.7754758596420288,1.321819496969585
BH_s10_high,8,178,13.933333333333334,-0.8590610027313232,1.3895256735217292
BH_s10_high,8,179,13.966666666666667,-0.9426461458206177,1.3281265818502297
BH_s10_high,8,180,14.0,-1.026231288909912,1.1721365624970992
BH_s10_high,8,181,14.033333333333333,-1.1098164319992065,0.9554853394915157
BH_s10_high,8,182,14.066666666666666,-1.1687589883804321,0.700575361189686
BH_s10_high,8,183,14.1,-0.9694215655326843,0.41770194666629706
BH_s10_high,8,184,14.133333333333333,-0.2551221549510956,0.11248577712028755
BH_s10_high,8,185,14.166666666666666,0.7260865569114685,-0.20642116701420699
BH_s10_high,8,186,14.2,1.5405681133270264,-0.5245208243572075
BH_s10_high,8,187,14.233333333333333,1.7792798280715942,-0.8226834998530888
BH_s10_high,8,188,14.266666666666667,1.6669270992279053,-1.0789354790108536
BH_s10_high,8,189,14.3,1.4454457759857178,-1.2689920856636652
BH_s10_high,8,190,14.333333333333334,1.1519651412963867,-1.3666479540585939
BH_s10_high,8,191,14.366666666666667,0.8584845066070557,-1.3466792486771701
BH_s10_high,8,192,14.4,0.6137191653251648,-1.1917536842149214
BH_s10_high,8,193,14.433333333333334,0.4892740845680237,-0.9016840431180453
BH_s10_high,8,194,14.466666666666667,0.3648289740085602,-0.5003493513606374
BH_s10_high,8,195,14.5,0.1545391082763672,-0.03523110889869398
BH_s10_high,8,196,14.533333333333333,-0.0962163433432579,0.43220768967319795
BH_s10_high,8,197,14.566666666666666,-0.3469717800617218,0.8418948319884434
BH_s10_high,8,198,14.6,-0.5977272391319275,1.1491816434763074
BH_s10_high,8,199,14.633333333333333,-0.7344403266906738,1.3314644436591712
BH_s10_high,8,200,14.666666666666666,-0.8180254697799683,1.3868352422271646
BH_s10_high,8,201,14.7,-0.9016106128692627,1.328629773342435
BH_s10_high,8,202,14.733333333333333,-0.9851957559585571,1.1789766405387796
BH_s10_high,8,203,14.766666666666667,-1.0687808990478516,0.9620249144737303
BH_s10_high,8,204,14.8,-0.9089217782020569,0.6978363398024164
BH_s10_high,8,205,14.833333333333334,-0.28321030735969543,0.3991935948684943
BH_s10_high,8,206,14.866666666666667,0.6405699849128723,0.07266758758759129
BH_s10_high,8,207,14.9,1.4544585943222046,-0.2768288126261585
BH_s10_high,8,208,14.933333333333334,1.7365546226501465,-0.6399165743974651
BH_s10_high,8,209,14.966666666666667,1.6428112983703613,-0.997147051339388
BH_s10_high,8,210,15.0,1.392055869102478,-1.3160386424562813
BH_s10_high,8,211,15.033333333333333,1.0852996110916138,-1.5527010294937327
BH_s10_high,8,212,15.066666666666666,0.7623693346977234,-1.6591587757873014
BH_s10_high,8,213,15.1,0.5211589336395264,-1.59582354283451
BH_s10_high,8,214,15.133333333333333,0.39671385288238525,-1.3462756389776274
BH_s10_high,8,215,15.166666666666666,0.27226874232292175,-0.9291250340977207
BH_s10_high,8,216,15.2,0.06237324699759483,-0.4005962021436996
BH_s10_high,8,217,15.233333333333333,-0.1923314929008484,0.15610183471668904
BH_s10_high,8,218,15.266666666666667,-0.4430869519710541,0.65235942647974
BH_s10_high,8,219,15.3,-0.6527636647224426,1.0185234029785917
BH_s10_high,8,220,15.333333333333334,-0.7807204723358154,1.2214737279171426
BH_s10_high,8,221,15.366666666666667,-0.9070308208465576,1.2692668712193267
BH_s10_high,8,222,15.4,-0.990615963935852,1.2023317633545452
BH_s10_high,8,223,15.433333333333334,-1.0742011070251465,1.0754870909397622
BH_s10_high,8,224,15.466666666666667,-1.157786250114441,0.9372088984909585
BH_s10_high,8,225,15.5,-1.2114841938018799,0.8129408696911915
BH_s10_high,8,226,15.533333333333333,-0.9579018950462341,0.6986203996903103
BH_s10_high,8,227,15.566666666666666,-0.19743172824382782,0.5674123124545967
BH_s10_high,8,228,15.6,0.8560382723808289,0.3865000082771574
BH_s10_high,8,229,15.633333333333333,1.6799122095108032,0.1357050384781074
BH_s10_high,8,230,15.666666666666666,1.9501806497573853,-0.18039527423804794
BH_s10_high,8,231,15.7,1.8513683080673218,-0.5311010305362748
BH_s10_high,8,232,15.733333333333333,1.6433379650115967,-0.8680973860011312
BH_s10_high,8,233,15.766666666666667,1.3498573303222656,-1.139138825909767
BH_s10_high,8,234,15.8,1.0136514902114868,-1.3009983350695702
BH_s10_high,8,235,15.833333333333334,0.7201708555221558,-1.3275865248978647
BH_s10_high,8,236,15.866666666666667,0.530879557132721,-1.212780100372629
BH_s10_high,8,237,15.9,0.3895607888698578,-0.969871788947421
BH_s10_high,8,238,15.933333333333334,0.18153055012226105,-0.6289664846145622
BH_s10_high,8,239,15.966666666666667,-0.07299860566854477,-0.23242303851511736
BH_s10_high,9,0,9.0,-1.0496678352355957,-0.1702219689133156
BH_s10_high,9,1,9.033333333333333,-1.1332529783248901,0.2301034575041455
BH_s10_high,9,2,9.066666666666666,-1.1046178340911865,0.5460404189239191
BH_s10_high,9,3,9.1,-0.6673831939697266,0.7149896479124037
BH_s10_high,9,4,9.133333333333333,0.08650661259889603,0.714258636352664
BH_s10_high,9,5,9.166666666666666,0.8373912572860718,0.5598062295910227
BH_s10_high,9,6,9.2,1.1769130229949951,0.29175281235256356
BH_s10_high,9,7,9.233333333333333,1.1850993633270264,-0.04306201483438565
BH_s10_high,9,8,9.266666666666667,1.021901249885559,-0.40227647471073874
BH_s10_high,9,9,9.3,0.8197085857391357,-0.7504554221702602
BH_s10_high,9,10,9.333333333333334,0.5262279510498047,-1.0558971569415523
BH_s10_high,9,11,9.366666666666667,0.3067643940448761,-1.2868204122756666
BH_s10_high,9,12,9.4,0.16902077198028564,-1.4107866084918117
BH_s10_high,9,13,9.433333333333334,0.08543562889099121,-1.3986057153492415
BH_s10_high,9,14,9.466666666666667,-0.040874723345041275,-1.2315613392543252
BH_s10_high,9,15,9.5,-0.25757208466529846,-0.9093224477538828
BH_s10_high,9,16,9.533333333333333,-0.48636189103126526,-0.45549243688795815
BH_s10_high,9,17,9.566666666666666,-0.6962573528289795,0.08167895171310335
BH_s10_high,9,18,9.6,-0.8451924920082092,0.6346111320174531
BH_s10_high,9,19,9.633333333333333,-0.9287776350975037,1.1274903718428717
BH_s10_high,9,20,9.666666666666666,-1.0123628377914429,1.491546383413559
BH_s10_high,9,21,9.7,-1.0959479808807373,1.681111952931753
BH_s10_high,9,22,9.733333333333333,-1.1795331239700317,1.6850936019447946
BH_s10_high,9,23,9.766666666666667,-1.2453004121780396,1.528468649885726
BH_s10_high,9,24,9.8,-1.0410466194152832,1.261916671695847
BH_s10_high,9,25,9.833333333333334,-0.3906466066837311,0.9432174897556831
BH_s10_high,9,26,9.866666666666667,0.4912432134151459,0.6183999644005008
BH_s10_high,9,27,9.9,1.2738169431686401,0.31085746383044627
BH_s10_high,9,28,9.933333333333334,1.564819097518921,0.02215071861472548
BH_s10_high,9,29,9.966666666666667,1.525211215019226,-0.25795873171933403
BH_s10_high,9,30,10.0,1.3603235483169556,-0.5386305226211873
BH_s10_high,9,31,10.033333333333333,1.1137160062789917,-0.8185154155354484
BH_s10_high,9,32,10.066666666666666,0.8281136751174927,-1.0826916270121425
BH_s10_high,9,33,10.1,0.5694798827171326,-1.3049598360402086
BH_s10_high,9,34,10.133333333333333,0.34984079003334045,-1.4526583741946137
BH_s10_high,9,35,10.166666666666666,0.22539567947387695,-1.4920371876198872
BH_s10_high,9,36,10.2,0.030839554965496063,-1.394401106444036
BH_s10_high,9,37,10.233333333333333,-0.17719069123268127,-1.1440524090757298
BH_s10_high,9,38,10.266666666666667,-0.4279461205005646,-0.7471823968465753
BH_s10_high,9,39,10.3,-0.6569114923477173,-0.2382184510776222
BH_s10_high,9,40,10.333333333333334,-0.8240817785263062,0.32057603401836604
BH_s10_high,9,41,10.366666666666667,-0.948526918888092,0.8486226791686204
BH_s10_high,9,42,10.4,-1.0567777156829834,1.2645922713337736
BH_s10_high,9,43,10.433333333333334,-1.1260337829589844,1.5071937992321733
BH_s10_high,9,44,10.466666666666667,-1.1812227964401245,1.5518669381457797
BH_s10_high,9,45,10.5,-1.2542093992233276,1.4162015107178216
BH_s10_high,9,46,10.533333333333333,-1.064900517463684,1.150483130603209
BH_s10_high,9,47,10.566666666666666,-0.3737499415874481,0.8164351836057213
BH_s10_high,9,48,10.6,0.5098295211791992,0.46422719188101075
BH_s10_high,9,49,10.633333333333333,1.2822651863098145,0.11959120448713154
BH_s10_high,9,50,10.666666666666666,1.56438148021698,-0.21334235502862678
BH_s10_high,9,51,10.7,1.4807963371276855,-0.5374146105501522
BH_s10_high,9,52,10.733333333333333,1.3142189979553223,-0.8459557013819813
BH_s10_high,9,53,10.766666666666667,1.1086469888687134,-1.1140298944833098
BH_s10_high,9,54,10.8,0.7786298394203186,-1.3015164571746383
BH_s10_high,9,55,10.833333333333334,0.5216857194900513,-1.3656182887989465
BH_s10_high,9,56,10.866666666666667,0.37926745414733887,-1.2766287374541825
BH_s10_high,9,57,10.9,0.2529571056365967,-1.0305135505678409
BH_s10_high,9,58,10.933333333333334,0.05484605208039284,-0.6538687999119497
BH_s10_high,9,59,10.966666666666667,-0.13953448832035065,-0.19970485809708005
BH_s10_high,9,60,11.0,-0.39028993248939514,0.26465773665423864
BH_s10_high,9,61,11.033333333333333,-0.6175656318664551,0.6737163623322093
BH_s10_high,9,62,11.066666666666666,-0.7631214261054993,0.9782980284923617
BH_s10_high,9,63,11.1,-0.8894317746162415,1.1535876037592805
BH_s10_high,9,64,11.133333333333333,-0.9730169177055359,1.1994665441211225
BH_s10_high,9,65,11.166666666666666,-1.056602120399475,1.1352801982965148
BH_s10_high,9,66,11.2,-1.1543407440185547,0.9914992146539504
BH_s10_high,9,67,11.233333333333333,-1.1869076490402222,0.799922994289077
BH_s10_high,9,68,11.266666666666667,-0.7862987518310547,0.5845778991314127
BH_s10_high,9,69,11.3,0.02767351269721985,0.35645090766462295
BH_s10_high,9,70,11.333333333333334,0.8928652405738831,0.11463404575287058
BH_s10_high,9,71,11.366666666666667,1.356855034828186,-0.14617224209093652
BH_s10_high,9,72,11.4,1.3461039066314697,-0.4252972073914125
BH_s10_high,9,73,11.433333333333334,1.1778368949890137,-0.7081422188718338
BH_s10_high,9,74,11.466666666666667,0.8851247429847717,-0.9644875808375928
BH_s10_high,9,75,11.5,0.6336007714271545,-1.1538463235654255
BH_s10_high,9,76,11.533333333333333,0.38284534215927124,-1.2360707371083224
BH_s10_high,9,77,11.566666666666666,0.2539012134075165,-1.1837452116401448
BH_s10_high,9,78,11.6,0.20667697489261627,-0.9920191107328542
BH_s10_high,9,79,11.633333333333333,0.047736216336488724,-0.6822443400944403
BH_s10_high,9,80,11.666666666666666,-0.15019923448562622,-0.29828491774833654
BH_s10_high,9,81,11.7,-0.4009546935558319,0.10311295588840916
BH_s10_high,9,82,11.733333333333333,-0.624675452709198,0.4653923365755121
BH_s10_high,9,83,11.766666666666667,-0.7918457984924316,0.7454622421897866
BH_s10_high,9,84,11.8,-0.8929867148399353,0.9227732699845016
BH_s10_high,9,85,11.833333333333334,-0.9765718579292297,1.0001490488476972
BH_s10_high,9,86,11.866666666666667,-1.060157060623169,0.9958213995334089
BH_s10_high,9,87,11.9,-1.1687589883804321,0.9308361269587778
BH_s10_high,9,88,11.933333333333334,-0.9613676071166992,0.8186082692534556
BH_s10_high,9,89,11.966666666666667,-0.3313989043235779,0.6618292317176505
BH_s10_high,9,90,12.0,0.5453125238418579,0.45692995781740947
BH_s10_high,9,91,12.033333333333333,1.275089144706726,0.2020449717931542
BH_s10_high,9,92,12.066666666666666,1.48020339012146,-0.09589076796338904
BH_s10_high,9,93,12.1,1.3817192316055298,-0.4173094682969407
BH_s10_high,9,94,12.133333333333333,1.1625205278396606,-0.730403433958282
BH_s10_high,9,95,12.166666666666666,0.8709051012992859,-0.9957038959328479
BH_s10_high,9,96,12.2,0.58021080493927,-1.1734217204127244
BH_s10_high,9,97,12.233333333333333,0.3712364733219147,-1.2313517221296855
BH_s10_high,9,98,12.266666666666667,0.28670719265937805,-1.1517713806359042
BH_s10_high,9,99,12.3,0.16507147252559662,-0.9364087109670871
BH_s10_high,9,100,12.333333333333334,-0.00209881947375834,-0.6081098523095635
BH_s10_high,9,101,12.366666666666667,-0.28063446283340454,-0.20779229741859678
BH_s10_high,9,102,12.4,-0.5397950410842896,0.2130333865480058
BH_s10_high,9,103,12.433333333333334,-0.7172356843948364,0.6019631303445895
BH_s10_high,9,104,12.466666666666667,-0.8556816577911377,0.9150370946611346
BH_s10_high,9,105,12.5,-0.9661259055137634,1.1236696798105317
BH_s10_high,9,106,12.533333333333333,-1.0228519439697266,1.217519162686836
BH_s10_high,9,107,12.566666666666666,-1.106437087059021,1.2025584136599992
BH_s10_high,9,108,12.6,-1.1687589883804321,1.095523587501944
BH_s10_high,9,109,12.633333333333333,-1.0096453428268433,0.917261988532268
BH_s10_high,9,110,12.666666666666666,-0.3350200057029724,0.6870482522002685
BH_s10_high,9,111,12.7,0.6000841856002808,0.4190917247532645
BH_s10_high,9,112,12.733333333333333,1.4348417520523071,0.12247075368096087
BH_s10_high,9,113,12.766666666666667,1.7365546226501465,-0.19494044751563824
BH_s10_high,9,114,12.8,1.6736857891082764,-0.5204628347809027
BH_s10_high,9,115,12.833333333333334,1.4637902975082397,-0.8323499224884952
BH_s10_high,9,116,12.866666666666667,1.2048282623291016,-1.1000886305747248
BH_s10_high,9,117,12.9,0.9068716168403625,-1.2893123794995105
BH_s10_high,9,118,12.933333333333334,0.6178670525550842,-1.3692781662003246
BH_s10_high,9,119,12.966666666666667,0.4105823338031769,-1.3203577918238154
BH_s10_high,9,120,13.0,0.243412047624588,-1.1396425229161609
BH_s10_high,9,121,13.033333333333333,0.07624174654483795,-0.8434326043703223
BH_s10_high,9,122,13.066666666666666,-0.1666785478591919,-0.46554187080952736
BH_s10_high,9,123,13.1,-0.42228418588638306,-0.050996553940834584
BH_s10_high,9,124,13.133333333333333,-0.6388951539993286,0.3534400582287286
BH_s10_high,9,125,13.166666666666666,-0.8060654401779175,0.7087364030770489
BH_s10_high,9,126,13.2,-0.942821741104126,0.9897166116360849
BH_s10_high,9,127,13.233333333333333,-1.0264068841934204,1.1856500238297303
BH_s10_high,9,128,13.266666666666667,-1.1099920272827148,1.294951994202712
BH_s10_high,9,129,13.3,-1.1935771703720093,1.316675479574315
BH_s10_high,9,130,13.333333333333334,-1.2542093992233276,1.2447990934952695
BH_s10_high,9,131,13.366666666666667,-0.9784196615219116,1.0706897235707955
BH_s10_high,9,132,13.4,-0.23098327219486237,0.7928126835648426
BH_s10_high,9,133,13.433333333333334,0.8086181879043579,0.4265384784916162
BH_s10_high,9,134,13.466666666666667,1.6158804893493652,0.006846191428582769
BH_s10_high,9,135,13.5,1.8647302389144897,-0.4180603675275355
BH_s10_high,9,136,13.533333333333333,1.7557568550109863,-0.7984370154153193
BH_s10_high,9,137,13.566666666666666,1.5786904096603394,-1.0937419219314448
BH_s10_high,9,138,13.6,1.2771787643432617,-1.2781803700859766
BH_s10_high,9,139,13.633333333333333,0.9428381323814392,-1.3407968970109843
BH_s10_high,9,140,13.666666666666666,0.6598237156867981,-1.282628943103666
BH_s10_high,9,141,13.7,0.49265339970588684,-1.1138353996040085
BH_s10_high,9,142,13.733333333333333,0.325483113527298,-0.8523194903017863
BH_s10_high,9,143,13.766666666666667,0.11688289791345596,-0.5234147084398838
BH_s10_high,9,144,13.8,-0.13387253880500793,-0.15897160776367444
BH_s10_high,9,145,13.833333333333334,-0.4223273992538452,0.20558822769837978
BH_s10_high,9,146,13.866666666666667,-0.6353834271430969,0.5362104914125211
BH_s10_high,9,147,13.9,-0.7754758596420288,0.8056135411312284
BH_s10_high,9,148,13.933333333333334,-0.8590610027313232,0.9971732587780107
BH_s10_high,9,149,13.966666666666667,-0.9426461458206177,1.1055728301893297
BH_s10_high,9,150,14.0,-1.026231288909912,1.1332715974479233
BH_s10_high,9,151,14.033333333333333,-1.1098164319992065,1.0841743295896165
BH_s10_high,9,152,14.066666666666666,-1.1687589883804321,0.9591894090619757
BH_s10_high,9,153,14.1,-0.9694215655326843,0.7581928204243178
BH_s10_high,9,154,14.133333333333333,-0.2551221549510956,0.4872679393661728
BH_s10_high,9,155,14.166666666666666,0.7260865569114685,0.164851545290984
BH_s10_high,9,156,14.2,1.5405681133270264,-0.17851167957752032
BH_s10_high,9,157,14.233333333333333,1.7792798280715942,-0.5067111809552731
BH_s10_high,9,158,14.266666666666667,1.6669270992279053,-0.7864800549983582
BH_s10_high,9,159,14.3,1.4454457759857178,-0.9929028311653227
BH_s10_high,9,160,14.333333333333334,1.1519651412963867,-1.1105142751005017
BH_s10_high,9,161,14.366666666666667,0.8584845066070557,-1.1320765542527016
BH_s10_high,9,162,14.4,0.6137191653251648,-1.0579355536272563
BH_s10_high,9,163,14.433333333333334,0.4892740845680237,-0.8968404798235348
BH_s10_high,9,164,14.466666666666667,0.3648289740085602,-0.6664337607406994
BH_s10_high,9,165,14.5,0.1545391082763672,-0.3909506989437916
BH_s10_high,9,166,14.533333333333333,-0.0962163433432579,-0.09598223992677164
BH_s10_high,9,167,14.566666666666666,-0.3469717800617218,0.19679019631096326
BH_s10_high,9,168,14.6,-0.5977272391319275,0.4712587531264602
BH_s10_high,9,169,14.633333333333333,-0.7344403266906738,0.714110956800915
BH_s10_high,9,170,14.666666666666666,-0.8180254697799683,0.9111182237724865
BH_s10_high,9,171,14.7,-0.9016106128692627,1.0469079301131976
BH_s10_high,9,172,14.733333333333333,-0.9851957559585571,1.1081959251859659
BH_s10_high,9,173,14.766666666666667,-1.0687808990478516,1.0867441690043773
BH_s10_high,9,174,14.8,-0.9089217782020569,0.9803356143792341
BH_s10_high,9,175,14.833333333333334,-0.28321030735969543,0.7932168378241727
BH_s10_high,9,176,14.866666666666667,0.6405699849128723,0.5364784947125725
BH_s10_high,9,177,14.9,1.4544585943222046,0.22697899922953785
BH_s10_high,9,178,14.933333333333334,1.7365546226501465,-0.1150642637753682
BH_s10_high,9,179,14.966666666666667,1.6428112983703613,-0.46746367943932654
BH_s10_high,9,180,15.0,1.392055869102478,-0.8050065493468181
BH_s10_high,9,181,15.033333333333333,1.0852996110916138,-1.0973683823686657
BH_s10_high,9,182,15.066666666666666,0.7623693346977234,-1.3090199715356168
BH_s10_high,9,183,15.1,0.5211589336395264,-1.4035743643103968
BH_s10_high,9,184,15.133333333333333,0.39671385288238525,-1.3527913982061217
BH_s10_high,9,185,15.166666666666666,0.27226874232292175,-1.1474368140283109
BH_s10_high,9,186,15.2,0.06237324699759483,-0.8048705833106696
BH_s10_high,9,187,15.233333333333333,-0.1923314929008484,-0.3688060123361593
BH_s10_high,9,188,15.266666666666667,-0.4430869519710541,0.09943504394880559
BH_s10_high,9,189,15.3,-0.6527636647224426,0.5348319867518629
BH_s10_high,9,190,15.333333333333334,-0.7807204723358154,0.8832185729110533
BH_s10_high,9,191,15.366666666666667,-0.9070308208465576,1.112633776012464
BH_s10_high,9,192,15.4,-0.990615963935852,1.2182673394736758
BH_s10_high,9,193,15.433333333333334,-1.0742011070251465,1.2188766938605273
BH_s10_high,9,194,15.466666666666667,-1.157786250114441,1.1451867066455688
BH_s10_high,9,195,15.5,-1.2114841938018799,1.0246166339903986
BH_s10_high,9,196,15.533333333333333,-0.9579018950462341,0.8696491120701854
BH_s10_high,9,197,15.566666666666666,-0.19743172824382782,0.6760535144269406
BH_s10_high,9,198,15.6,0.8560382723808289,0.43127940687670135
BH_s10_high,9,199,15.633333333333333,1.6799122095108032,0.12718746038566242
BH_s10_high,9,200,15.666666666666666,1.9501806497573853,-0.23025233652131313
BH_s10_high,9,201,15.7,1.8513683080673218,-0.6184939949655314
BH_s10_high,9,202,15.733333333333333,1.6433379650115967,-1.0025257109511334
BH_s10_high,9,203,15.766666666666667,1.3498573303222656,-1.3417408841032696
BH_s10_high,9,204,15.8,1.0136514902114868,-1.5960202538517652
BH_s10_high,9,205,15.833333333333334,0.7201708555221558,-1.7299721956344674
BH_s10_high,9,206,15.866666666666667,0.530879557132721,-1.716540334962455
BH_s10_high,9,207,15.9,0.3895607888698578,-1.541572566034152
BH_s10_high,9,208,15.933333333333334,0.18153055012226105,-1.2093317696071508
BH_s10_high,9,209,15.966666666666667,-0.07299860566854477,-0.7468046472137447
BH_s10_high,9,210,16.0,-0.3627055287361145,-0.20376693463808487
BH_s10_high,9,211,16.033333333333335,-0.5707358121871948,0.35356927263901927
BH_s10_high,9,212,16.066666666666666,-0.7805880904197693,0.8552583847038293
BH_s10_high,9,213,16.1,-0.9050331711769104,1.2437494571325751
BH_s10_high,9,214,16.133333333333333,-0.9923056364059448,1.4881091517957006
BH_s10_high,9,215,16.166666666666668,-1.0758907794952393,1.5902673106917307
BH_s10_high,9,216,16.2,-1.1594759225845337,1.57925136150821
BH_s10_high,9,217,16.233333333333334,-1.2857862710952759,1.4948265773073526
BH_s10_high,9,218,16.266666666666666,-1.3396598100662231,1.3687416695875514
BH_s10_high,9,219,16.3,-1.0444058179855347,1.2139387203926848
BH_s10_high,9,220,16.333333333333332,-0.21610721945762634,1.026387425274874
BH_s10_high,9,221,16.366666666666667,0.8537556529045105,0.7957957774965395
BH_s10_high,9,222,16.4,1.7214083671569824,0.5172994795837982
BH_s10_high,9,223,16.433333333333334,1.992905855178833,0.19789446498885985
BH_s10_high,9,224,16.466666666666665,1.9131404161453247,-0.1437398828935492
BH_s10_high,9,225,16.5,1.729315161705017,-0.48117980049752335
BH_s10_high,9,226,16.533333333333335,1.421044945716858,-0.7843011108271667
BH_s10_high,9,227,16.566666666666666,1.0737799406051636,-1.021914035397473
BH_s10_high,9,228,16.6,0.7206976413726807,-1.1642003275775334
BH_s10_high,9,229,16.633333333333333,0.5218612551689148,-1.187074155768483
BH_s10_high,9,230,16.666666666666668,0.3546909689903259,-1.078913803271634
BH_s10_high,9,231,16.7,0.1393321007490158,-0.8476957630229374
BH_s10_high,9,232,16.733333333333334,-0.11142333596944809,-0.5254806411560525
BH_s10_high,9,233,16.766666666666666,-0.40490397810935974,-0.16733060051778093
BH_s10_high,9,234,16.8,-0.6556594371795654,0.1574216108508716
BH_s10_high,9,235,16.833333333333332,-0.8229621052742004,0.3810893906384353
BH_s10_high,9,236,16.866666666666667,-0.9512701034545898,0.45611320973437947
BH_s10_high,9,237,16.9,-1.0718523263931274,0.3690577747959966
BH_s10_high,9,238,16.933333333333334,-1.1611655950546265,0.14498306283819662
BH_s10_high,9,239,16.966666666666665,-1.2020255327224731,-0.15868314360616226
BH_s10_high,10,0,10.0,1.3603235483169556,0.00881552044363895
BH_s10_high,10,1,10.033333333333333,1.1137160062789917,0.029140526683805196
BH_s10_high,10,2,10.066666666666666,0.8281136751174927,0.02476731787279129
BH_s10_high,10,3,10.1,0.5694798827171326,-0.01732487719294271
BH_s10_high,10,4,10.133333333333333,0.34984079003334045,-0.0886841347792457
BH_s10_high,10,5,10.166666666666666,0.22539567947387695,-0.15979382126873337
BH_s10_high,10,6,10.2,0.030839554965496063,-0.18917238935365308
BH_s10_high,10,7,10.233333333333333,-0.17719069123268127,-0.13757727697539252
BH_s10_high,10,8,10.266666666666667,-0.4279461205005646,0.017702284896989953
BH_s10_high,10,9,10.3,-0.6569114923477173,0.2728191326690289
BH_s10_high,10,10,10.333333333333334,-0.8240817785263062,0.5945144058781748
BH_s10_high,10,11,10.366666666666667,-0.948526918888092,0.9255908614323951
BH_s10_high,10,12,10.4,-1.0567777156829834,1.1978589415957197
BH_s10_high,10,13,10.433333333333334,-1.1260337829589844,1.349675041849648
BH_s10_high,10,14,10.466666666666667,-1.1812227964401245,1.343412875351728
BH_s10_high,10,15,10.5,-1.2542093992233276,1.1767772144699518
BH_s10_high,10,16,10.533333333333333,-1.064900517463684,0.8819899027501058
BH_s10_high,10,17,10.566666666666666,-0.3737499415874481,0.5114875278466714
BH_s10_high,10,18,10.6,0.5098295211791992,0.11735080940742405
BH_s10_high,10,19,10.633333333333333,1.2822651863098145,-0.26358012226381544
BH_s10_high,10,20,10.666666666666666,1.56438148021698,-0.6117960933505682
BH_s10_high,10,21,10.7,1.4807963371276855,-0.9166715152161241
BH_s10_high,10,22,10.733333333333333,1.3142189979553223,-1.1654884565214756
BH_s10_high,10,23,10.766666666666667,1.1086469888687134,-1.3377289642336854
BH_s10_high,10,24,10.8,0.7786298394203186,-1.4081100756871152
BH_s10_high,10,25,10.833333333333334,0.5216857194900513,-1.3563130708336832
BH_s10_high,10,26,10.866666666666667,0.37926745414733887,-1.1775662192934073
BH_s10_high,10,27,10.9,0.2529571056365967,-0.8882260954272664
BH_s10_high,10,28,10.933333333333334,0.05484605208039284,-0.524016042523602
BH_s10_high,10,29,10.966666666666667,-0.13953448832035065,-0.13246066178840232
BH_s10_high,10,30,11.0,-0.39028993248939514,0.23739674790080698
BH_s10_high,10,31,11.033333333333333,-0.6175656318664551,0.5448492440961269
BH_s10_high,10,32,11.066666666666666,-0.7631214261054993,0.7638626785405923
BH_s10_high,10,33,11.1,-0.8894317746162415,0.8841694207820018
BH_s10_high,10,34,11.133333333333333,-0.9730169177055359,0.9085846877363625
BH_s10_high,10,35,11.166666666666666,-1.056602120399475,0.8497789229699247
BH_s10_high,10,36,11.2,-1.1543407440185547,0.7277594524688694
BH_s10_high,10,37,11.233333333333333,-1.1869076490402222,0.5665111977695704
BH_s10_high,10,38,11.266666666666667,-0.7862987518310547,0.38835647877586815
BH_s10_high,10,39,11.3,0.02767351269721985,0.20738678907209807
BH_s10_high,10,40,11.333333333333334,0.8928652405738831,0.02596553203120092
BH_s10_high,10,41,11.366666666666667,1.356855034828186,-0.16216188273577842
BH_s10_high,10,42,11.4,1.3461039066314697,-0.36271023390087564
BH_s10_high,10,43,11.433333333333334,1.1778368949890137,-0.5704091430891
BH_s10_high,10,44,11.466666666666667,0.8851247429847717,-0.7628453948648057
BH_s10_high,10,45,11.5,0.6336007714271545,-0.9022109825937399
BH_s10_high,10,46,11.533333333333333,0.38284534215927124,-0.9457375681462011
BH_s10_high,10,47,11.566666666666666,0.2539012134075165,-0.8618600577761375
BH_s10_high,10,48,11.6,0.20667697489261627,-0.6451665299156198
BH_s10_high,10,49,11.633333333333333,0.047736216336488724,-0.3226095046535182
BH_s10_high,10,50,11.666666666666666,-0.15019923448562622,0.0518981212496579
BH_s10_high,10,51,11.7,-0.4009546935558319,0.4117343922330073
BH_s10_high,10,52,11.733333333333333,-0.624675452709198,0.695647960863145
BH_s10_high,10,53,11.766666666666667,-0.7918457984924316,0.8644646859904657
BH_s10_high,10,54,11.8,-0.8929867148399353,0.9108201338949209
BH_s10_high,10,55,11.833333333333334,-0.9765718579292297,0.8574821580983978
BH_s10_high,10,56,11.866666666666667,-1.060157060623169,0.7444162319634324
BH_s10_high,10,57,11.9,-1.1687589883804321,0.610472541683214
BH_s10_high,10,58,11.933333333333334,-0.9613676071166992,0.47850881289714736
BH_s10_high,10,59,11.966666666666667,-0.3313989043235779,0.3505887038036848
BH_s10_high,10,60,12.0,0.5453125238418579,0.21365259025845842
BH_s10_high,10,61,12.033333333333333,1.275089144706726,0.050678188941858604
BH_s10_high,10,62,12.066666666666666,1.48020339012146,-0.1483461796388179
BH_s10_high,10,63,12.1,1.3817192316055298,-0.37911346847206767
BH_s10_high,10,64,12.133333333333333,1.1625205278396606,-0.620969628035387
BH_s10_high,10,65,12.166666666666666,0.8709051012992859,-0.8403127442649575
BH_s10_high,10,66,12.2,0.58021080493927,-0.9977879793190159
BH_s10_high,10,67,12.233333333333333,0.3712364733219147,-1.0568576725137433
BH_s10_high,10,68,12.266666666666667,0.28670719265937805,-0.9922928946282963
BH_s10_high,10,69,12.3,0.16507147252559662,-0.7977130689362223
BH_s10_high,10,70,12.333333333333334,-0.00209881947375834,-0.4900479731153204
BH_s10_high,10,71,12.366666666666667,-0.28063446283340454,-0.10822919528389009
BH_s10_high,10,72,12.4,-0.5397950410842896,0.29426215336441286
BH_s10_high,10,73,12.433333333333334,-0.7172356843948364,0.6604655580716059
BH_s10_high,10,74,12.466666666666667,-0.8556816577911377,0.9414235778784745
BH_s10_high,10,75,12.5,-0.9661259055137634,1.1054836659761926
BH_s10_high,10,76,12.533333333333333,-1.0228519439697266,1.1430834795926081
BH_s10_high,10,77,12.566666666666666,-1.106437087059021,1.0654569825979379
BH_s10_high,10,78,12.6,-1.1687589883804321,0.897942231370198
BH_s10_high,10,79,12.633333333333333,-1.0096453428268433,0.6707779824605632
BH_s10_high,10,80,12.666666666666666,-0.3350200057029724,0.4107482566363655
BH_s10_high,10,81,12.7,0.6000841856002808,0.13626576713458136
BH_s10_high,10,82,12.733333333333333,1.4348417520523071,-0.1425824412182643
BH_s10_high,10,83,12.766666666666667,1.7365546226501465,-0.41931972044469557
BH_s10_high,10,84,12.8,1.6736857891082764,-0.6845426986587909
BH_s10_high,10,85,12.833333333333334,1.4637902975082397,-0.9215471598777311
BH_s10_high,10,86,12.866666666666667,1.2048282623291016,-1.1063670353588813
BH_s10_high,10,87,12.9,0.9068716168403625,-1.211758097649816
BH_s10_high,10,88,12.933333333333334,0.6178670525550842,-1.213385490822006
BH_s10_high,10,89,12.966666666666667,0.4105823338031769,-1.0966438513624857
BH_s10_high,10,90,13.0,0.243412047624588,-0.8628471574611549
BH_s10_high,10,91,13.033333333333333,0.07624174654483795,-0.5330361731602463
BH_s10_high,10,92,13.066666666666666,-0.1666785478591919,-0.14681393245535496
BH_s10_high,10,93,13.1,-0.42228418588638306,0.24537087485794568
BH_s10_high,10,94,13.133333333333333,-0.6388951539993286,0.5944370109192969
BH_s10_high,10,95,13.166666666666666,-0.8060654401779175,0.8643111085561304
BH_s10_high,10,96,13.2,-0.942821741104126,1.0384959756807828
BH_s10_high,10,97,13.233333333333333,-1.0264068841934204,1.1196566080220247
BH_s10_high,10,98,13.266666666666667,-1.1099920272827148,1.1225409893357707
BH_s10_high,10,99,13.3,-1.1935771703720093,1.0631294841163395
BH_s10_high,10,100,13.333333333333334,-1.2542093992233276,0.949966858921277
BH_s10_high,10,101,13.366666666666667,-0.9784196615219116,0.7833320709353586
BH_s10_high,10,102,13.4,-0.23098327219486237,0.5622408377960186
BH_s10_high,10,103,13.433333333333334,0.8086181879043579,0.2933084072859034
BH_s10_high,10,104,13.466666666666667,1.6158804893493652,-0.005139481923050653
BH_s10_high,10,105,13.5,1.8647302389144897,-0.3061635506711866
BH_s10_high,10,106,13.533333333333333,1.7557568550109863,-0.5819560583366938
BH_s10_high,10,107,13.566666666666666,1.5786904096603394,-0.8110903665972141
BH_s10_high,10,108,13.6,1.2771787643432617,-0.9812217429844317
BH_s10_high,10,109,13.633333333333333,0.9428381323814392,-1.0865613467051707
BH_s10_high,10,110,13.666666666666666,0.6598237156867981,-1.1226685474103129
BH_s10_high,10,111,13.7,0.49265339970588684,-1.0825791806302671
BH_s10_high,10,112,13.733333333333333,0.325483113527298,-0.9574524248420135
BH_s10_high,10,113,13.766666666666667,0.11688289791345596,-0.7421055698193025
BH_s10_high,10,114,13.8,-0.13387253880500793,-0.44245128369814957
BH_s10_high,10,115,13.833333333333334,-0.4223273992538452,-0.080354808588696
BH_s10_high,10,116,13.866666666666667,-0.6353834271430969,0.3070057257751562
BH_s10_high,10,117,13.9,-0.7754758596420288,0.6732794118036145
BH_s10_high,10,118,13.933333333333334,-0.8590610027313232,0.9724895807232875
BH_s10_high,10,119,13.966666666666667,-0.9426461458206177,1.1686672683314705
BH_s10_high,10,120,14.0,-1.026231288909912,1.24176646110973
BH_s10_high,10,121,14.033333333333333,-1.1098164319992065,1.187930440971178
BH_s10_high,10,122,14.066666666666666,-1.1687589883804321,1.016355388863395
BH_s10_high,10,123,14.1,-0.9694215655326843,0.7469611506327081
BH_s10_high,10,124,14.133333333333333,-0.2551221549510956,0.40994136356021205
BH_s10_high,10,125,14.166666666666666,0.7260865569114685,0.04422789197307956
BH_s10_high,10,126,14.2,1.5405681133270264,-0.3079512690619269
BH_s10_high,10,127,14.233333333333333,1.7792798280715942,-0.609535106208541
BH_s10_high,10,128,14.266666666666667,1.6669270992279053,-0.8358152794236505
BH_s10_high,10,129,14.3,1.4454457759857178,-0.9762168308036548
BH_s10_high,10,130,14.333333333333334,1.1519651412963867,-1.0305713805615202
BH_s10_high,10,131,14.366666666666667,0.8584845066070557,-1.0036659880261105
BH_s10_high,10,132,14.4,0.6137191653251648,-0.9018902508966707
BH_s10_high,10,133,14.433333333333334,0.4892740845680237,-0.7329883774655485
BH_s10_high,10,134,14.466666666666667,0.3648289740085602,-0.5073452440611315
BH_s10_high,10,135,14.5,0.1545391082763672,-0.238692935959926
BH_s10_high,10,136,14.533333333333333,-0.0962163433432579,0.056419340553344466
BH_s10_high,10,137,14.566666666666666,-0.3469717800617218,0.35924508437782987
BH_s10_high,10,138,14.6,-0.5977272391319275,0.6481449910463999
BH_s10_high,10,139,14.633333333333333,-0.7344403266906738,0.8971315463702425
BH_s10_high,10,140,14.666666666666666,-0.8180254697799683,1.076831404134884
BH_s10_high,10,141,14.7,-0.9016106128692627,1.1604781464452048
BH_s10_high,10,142,14.733333333333333,-0.9851957559585571,1.132719040347397
BH_s10_high,10,143,14.766666666666667,-1.0687808990478516,0.995559158864427
BH_s10_high,10,144,14.8,-0.9089217782020569,0.7681907169321472
BH_s10_high,10,145,14.833333333333334,-0.28321030735969543,0.48177823391171165
BH_s10_high,10,146,14.866666666666667,0.6405699849128723,0.1714279353480186
BH_s10_high,10,147,14.9,1.4544585943222046,-0.13279158285863382
BH_s10_high,10,148,14.933333333333334,1.7365546226501465,-0.41287837380399417
BH_s10_high,10,149,14.966666666666667,1.6428112983703613,-0.6644183549933399
BH_s10_high,10,150,15.0,1.392055869102478,-0.8911906753595306
BH_s10_high,10,151,15.033333333333333,1.0852996110916138,-1.095089155665521
BH_s10_high,10,152,15.066666666666666,0.7623693346977234,-1.2661085197567845
BH_s10_high,10,153,15.1,0.5211589336395264,-1.3776103620063966
BH_s10_high,10,154,15.133333333333333,0.39671385288238525,-1.3905107447159448
BH_s10_high,10,155,15.166666666666666,0.27226874232292175,-1.2663569578992544
BH_s10_high,10,156,15.2,0.06237324699759483,-0.9845235187980378
BH_s10_high,10,157,15.233333333333333,-0.1923314929008484,-0.5559182343677179
BH_s10_high,10,158,15.266666666666667,-0.4430869519710541,-0.02682697841216421
BH_s10_high,10,159,15.3,-0.6527636647224426,0.5292725619960356
BH_s10_high,10,160,15.333333333333334,-0.7807204723358154,1.0294662443591462
BH_s10_high,10,161,15.366666666666667,-0.9070308208465576,1.4028687881465256
BH_s10_high,10,162,15.4,-0.990615963935852,1.6085244465481066
BH_s10_high,10,163,15.433333333333334,-1.0742011070251465,1.6431632265663596
BH_s10_high,10,164,15.466666666666667,-1.157786250114441,1.5352283126847246
BH_s10_high,10,165,15.5,-1.2114841938018799,1.3275329423449167
BH_s10_high,10,166,15.533333333333333,-0.9579018950462341,1.0578758577472478
BH_s10_high,10,167,15.566666666666666,-0.19743172824382782,0.7484768666043411
BH_s10_high,10,168,15.6,0.8560382723808289,0.4080072151040799
BH_s10_high,10,169,15.633333333333333,1.6799122095108032,0.04108422906477356
BH_s10_high,10,170,15.666666666666666,1.9501806497573853,-0.34268130213974396
BH_s10_high,10,171,15.7,1.8513683080673218,-0.7248076720566596
BH_s10_high,10,172,15.733333333333333,1.6433379650115967,-1.0792584745492402
BH_s10_high,10,173,15.766666666666667,1.3498573303222656,-1.3761085722712347
BH_s10_high,10,174,15.8,1.0136514902114868,-1.584869873677799
BH_s10_high,10,175,15.833333333333334,0.7201708555221558,-1.6769216961500433
BH_s10_high,10,176,15.866666666666667,0.530879557132721,-1.628501842698461
BH_s10_high,10,177,15.9,0.3895607888698578,-1.425950149502451
BH_s10_high,10,178,15.933333333333334,0.18153055012226105,-1.0729965044442498
BH_s10_high,10,179,15.966666666666667,-0.07299860566854477,-0.5971272202389658
BH_s10_high,10,180,16.0,-0.3627055287361145,-0.0505419854260319
BH_s10_high,10,181,16.033333333333335,-0.5707358121871948,0.49732538562446155
BH_s10_high,10,182,16.066666666666666,-0.7805880904197693,0.9745316386968526
BH_s10_high,10,183,16.1,-0.9050331711769104,1.323533432385482
BH_s10_high,10,184,16.133333333333333,-0.9923056364059448,1.514374723237916
BH_s10_high,10,185,16.166666666666668,-1.0758907794952393,1.5495509644860268
BH_s10_high,10,186,16.2,-1.1594759225845337,1.458032976595382
BH_s10_high,10,187,16.233333333333334,-1.2857862710952759,1.2799871753519512
BH_s10_high,10,188,16.266666666666666,-1.3396598100662231,1.04946346161124
BH_s10_high,10,189,16.3,-1.0444058179855347,0.7844942296107185
BH_s10_high,10,190,16.333333333333332,-0.21610721945762634,0.4890694922517577
BH_s10_high,10,191,16.366666666666667,0.8537556529045105,0.16352446350160219
BH_s10_high,10,192,16.4,1.7214083671569824,-0.18458202115215108
BH_s10_high,10,193,16.433333333333334,1.992905855178833,-0.5357854004911902
BH_s10_high,10,194,16.466666666666665,1.9131404161453247,-0.8617510384877071
BH_s10_high,10,195,16.5,1.729315161705017,-1.1324905507263683
BH_s10_high,10,196,16.533333333333335,1.421044945716858,-1.3226858280264684
BH_s10_high,10,197,16.566666666666666,1.0737799406051636,-1.4142531875517563
BH_s10_high,10,198,16.6,0.7206976413726807,-1.3959857979847532
BH_s10_high,10,199,16.633333333333333,0.5218612551689148,-1.2632500770760635
BH_s10_high,10,200,16.666666666666668,0.3546909689903259,-1.0196676122490147
BH_s10_high,10,201,16.7,0.1393321007490158,-0.680005353576829
BH_s10_high,10,202,16.733333333333334,-0.11142333596944809,-0.2716927426930115
BH_s10_high,10,203,16.766666666666666,-0.40490397810935974,0.16734976390008158
BH_s10_high,10,204,16.8,-0.6556594371795654,0.5948488798512753
BH_s10_high,10,205,16.833333333333332,-0.8229621052742004,0.9720225221836941
BH_s10_high,10,206,16.866666666666667,-0.9512701034545898,1.2694719560726067
BH_s10_high,10,207,16.9,-1.0718523263931274,1.4684823768606772
BH_s10_high,10,208,16.933333333333334,-1.1611655950546265,1.5582736542636664
BH_s10_high,10,209,16.966666666666665,-1.2020255327224731,1.532699344023485
BH_s10_high,10,210,17.0,-1.2856106758117676,1.3900888447905497
BH_s10_high,10,211,17.033333333333335,-1.382385015487671,1.1367768530100206
BH_s10_high,10,212,17.066666666666666,-1.271701693534851,0.7905542400326521
BH_s10_high,10,213,17.1,-0.6543521881103516,0.3794883106735886
BH_s10_high,10,214,17.133333333333333,0.3814958333969116,-0.06389734102139746
BH_s10_high,10,215,17.166666666666668,1.4018776416778564,-0.5085240077282873
BH_s10_high,10,216,17.2,1.862424612045288,-0.9268284315059346
BH_s10_high,10,217,17.233333333333334,1.8280410766601562,-1.2930109831612306
BH_s10_high,10,218,17.266666666666666,1.6016663312911987,-1.5802540196027177
BH_s10_high,10,219,17.3,1.336296796798706,-1.7601568709254705
BH_s10_high,10,220,17.333333333333332,0.9892074465751648,-1.806447554865866
BH_s10_high,10,221,17.366666666666667,0.6676156520843506,-1.7027047777699857
BH_s10_high,10,222,17.4,0.4367620348930359,-1.4511252917032238
BH_s10_high,10,223,17.433333333333334,0.3123169541358948,-1.0777797006069845
BH_s10_high,10,224,17.466666666666665,0.09713366627693176,-0.6305427077771238
BH_s10_high,10,225,17.5,-0.11431912332773209,-0.16898356856237984
BH_s10_high,10,226,17.533333333333335,-0.4043772220611572,0.25037560234983075
BH_s10_high,10,227,17.566666666666666,-0.6551326513290405,0.5872645616644737
BH_s10_high,10,228,17.6,-0.8653361201286316,0.823646440769993
BH_s10_high,10,229,17.633333333333333,-0.9897812008857727,0.9604626599518175
BH_s10_high,10,230,17.666666666666668,-1.0774048566818237,1.0081824366830183
BH_s10_high,10,231,17.7,-1.1609899997711182,0.9778288990032523
BH_s10_high,10,232,17.733333333333334,-1.2018499374389648,0.8788528357173543
BH_s10_high,10,233,17.766666666666666,-1.316660761833191,0.7250778909156435
BH_s10_high,10,234,17.8,-1.310299277305603,0.5425423691390824
BH_s10_high,10,235,17.833333333333332,-0.9060719609260559,0.370100706567536
BH_s10_high,10,236,17.866666666666667,-0.0066952770575881,0.24896140781261086
BH_s10_high,10,237,17.9,1.015286922454834,0.20600309102734535
BH_s10_high,10,238,17.933333333333334,1.6313523054122925,0.24042118791533146
BH_s10_high,10,239,17.966666666666665,1.6537610292434692,0.32161431117612316
BH_s10_high,11,0,11.0,-0.39028993248939514,-0.012217347812922271
BH_s10_high,11,1,11.033333333333333,-0.6175656318664551,0.4346335613131872
BH_s10_high,11,2,11.066666666666666,-0.7631214261054993,0.8058021947972337
BH_s10_high,11,3,11.1,-0.8894317746162415,1.0439015839420567
BH_s10_high,11,4,11.133333333333333,-0.9730169177055359,1.1201117261842215
BH_s10_high,11,5,11.166666666666666,-1.056602120399475,1.03875674878813
BH_s10_high,11,6,11.2,-1.1543407440185547,0.832451007144418
BH_s10_high,11,7,11.233333333333333,-1.1869076490402222,0.5497730504367154
BH_s10_high,11,8,11.266666666666667,-0.7862987518310547,0.24009318863899679
BH_s10_high,11,9,11.3,0.02767351269721985,-0.059052395220515676
BH_s10_high,11,10,11.333333333333334,0.8928652405738831,-0.32762894436216605
BH_s10_high,11,11,11.366666666666667,1.356855034828186,-0.5602392930531994
BH_s10_high,11,12,11.4,1.3461039066314697,-0.757161444350956
BH_s10_high,11,13,11.433333333333334,1.1778368949890137,-0.9145411456493262
BH_s10_high,11,14,11.466666666666667,0.8851247429847717,-1.018812045554216
BH_s10_high,11,15,11.5,0.6336007714271545,-1.047985387071876
BH_s10_high,11,16,11.533333333333333,0.38284534215927124,-0.9794281482406527
BH_s10_high,11,17,11.566666666666666,0.2539012134075165,-0.8008049039077111
BH_s10_high,11,18,11.6,0.20667697489261627,-0.5188196840721191
BH_s10_high,11,19,11.633333333333333,0.047736216336488724,-0.16128559156294367
BH_s10_high,11,20,11.666666666666666,-0.15019923448562622,0.22787396625399262
BH_s10_high,11,21,11.7,-0.4009546935558319,0.59770552586966
BH_s10_high,11,22,11.733333333333333,-0.624675452709198,0.9005958551903591
BH_s10_high,11,23,11.766666666666667,-0.7918457984924316,1.1021405940255107
BH_s10_high,11,24,11.8,-0.8929867148399353,1.1877117449818713
BH_s10_high,11,25,11.833333333333334,-0.9765718579292297,1.162604595944718
BH_s10_high,11,26,11.866666666666667,-1.060157060623169,1.045765743359492
BH_s10_high,11,27,11.9,-1.1687589883804321,0.8609110862468601
BH_s10_high,11,28,11.933333333333334,-0.9613676071166992,0.6295458217694471
BH_s10_high,11,29,11.966666666666667,-0.3313989043235779,0.36812278904331086
BH_s10_high,11,30,12.0,0.5453125238418579,0.08871256757517199
BH_s10_high,11,31,12.033333333333333,1.275089144706726,-0.1987558812745154
BH_s10_high,11,32,12.066666666666666,1.48020339012146,-0.4838958552440104
BH_s10_high,11,33,12.1,1.3817192316055298,-0.7531632994652495
BH_s10_high,11,34,12.133333333333333,1.1625205278396606,-0.987717069885016
BH_s10_high,11,35,12.166666666666666,0.8709051012992859,-1.1631934541388234
BH_s10_high,11,36,12.2,0.58021080493927,-1.2522856361079262
BH_s10_high,11,37,12.233333333333333,0.3712364733219147,-1.2299904770156729
BH_s10_high,11,38,12.266666666666667,0.28670719265937805,-1.0807182003843343
BH_s10_high,11,39,12.3,0.16507147252559662,-0.8055884997124174
BH_s10_high,11,40,12.333333333333334,-0.00209881947375834,-0.42695217240330086
BH_s10_high,11,41,12.366666666666667,-0.28063446283340454,0.012688513004546976
BH_s10_high,11,42,12.4,-0.5397950410842896,0.4576217940652411
BH_s10_high,11,43,12.433333333333334,-0.7172356843948364,0.8493818131136222
BH_s10_high,11,44,12.466666666666667,-0.8556816577911377,1.1379757437165574
BH_s10_high,11,45,12.5,-0.9661259055137634,1.2916465958725905
BH_s10_high,11,46,12.533333333333333,-1.0228519439697266,1.3026633420317038
BH_s10_high,11,47,12.566666666666666,-1.106437087059021,1.1868509451920803
BH_s10_high,11,48,12.6,-1.1687589883804321,0.9767165139269119
BH_s10_high,11,49,12.633333333333333,-1.0096453428268433,0.7107445081800524
BH_s10_high,11,50,12.666666666666666,-0.3350200057029724,0.4227342297011503
BH_s10_high,11,51,12.7,0.6000841856002808,0.13472635383180231
BH_s10_high,11,52,12.733333333333333,1.4348417520523071,-0.14427693189183452
BH_s10_high,11,53,12.766666666666667,1.7365546226501465,-0.4137253887586432
BH_s10_high,11,54,12.8,1.6736857891082764,-0.6734435810443118
BH_s10_high,11,55,12.833333333333334,1.4637902975082397,-0.9158914503744877
BH_s10_high,11,56,12.866666666666667,1.2048282623291016,-1.122125893129463
BH_s10_high,11,57,12.9,0.9068716168403625,-1.2630513465562936
BH_s10_high,11,58,12.933333333333334,0.6178670525550842,-1.3056479653356479
BH_s10_high,11,59,12.966666666666667,0.4105823338031769,-1.2225009803302385
BH_s10_high,11,60,13.0,0.243412047624588,-1.0021429224443872
BH_s10_high,11,61,13.033333333333333,0.07624174654483795,-0.6570101660242615
BH_s10_high,11,62,13.066666666666666,-0.1666785478591919,-0.22535987945646146
BH_s10_high,11,63,13.1,-0.42228418588638306,0.23521844159578736
BH_s10_high,11,64,13.133333333333333,-0.6388951539993286,0.6614316260964435
BH_s10_high,11,65,13.166666666666666,-0.8060654401779175,1.0000519856035488
BH_s10_high,11,66,13.2,-0.942821741104126,1.219643180213686
BH_s10_high,11,67,13.233333333333333,-1.0264068841934204,1.313852208639141
BH_s10_high,11,68,13.266666666666667,-1.1099920272827148,1.295600118183636
BH_s10_high,11,69,13.3,-1.1935771703720093,1.1858322436204993
BH_s10_high,11,70,13.333333333333334,-1.2542093992233276,1.0034367829300381
BH_s10_high,11,71,13.366666666666667,-0.9784196615219116,0.7617635992450784
BH_s10_high,11,72,13.4,-0.23098327219486237,0.47175792952511625
BH_s10_high,11,73,13.433333333333334,0.8086181879043579,0.1470305176084199
BH_s10_high,11,74,13.466666666666667,1.6158804893493652,-0.19351506599669074
BH_s10_high,11,75,13.5,1.8647302389144897,-0.5264934024461885
BH_s10_high,11,76,13.533333333333333,1.7557568550109863,-0.8267914647810115
BH_s10_high,11,77,13.566666666666666,1.5786904096603394,-1.070354826650901
BH_s10_high,11,78,13.6,1.2771787643432617,-1.2359935201417371
BH_s10_high,11,79,13.633333333333333,0.9428381323814392,-1.3063749087168446
BH_s10_high,11,80,13.666666666666666,0.6598237156867981,-1.2690563902621514
BH_s10_high,11,81,13.7,0.49265339970588684,-1.1184499155574419
BH_s10_high,11,82,13.733333333333333,0.325483113527298,-0.8590693247162283
BH_s10_high,11,83,13.766666666666667,0.11688289791345596,-0.5091240623541614
BH_s10_high,11,84,13.8,-0.13387253880500793,-0.1019928351798768
BH_s10_high,11,85,13.833333333333334,-0.4223273992538452,0.31686264767348155
BH_s10_high,11,86,13.866666666666667,-0.6353834271430969,0.69761592944127
BH_s10_high,11,87,13.9,-0.7754758596420288,0.9959623460249775
BH_s10_high,11,88,13.933333333333334,-0.8590610027313232,1.1821006154600466
BH_s10_high,11,89,13.966666666666667,-0.9426461458206177,1.2460898875758228
BH_s10_high,11,90,14.0,-1.026231288909912,1.1971568853922048
BH_s10_high,11,91,14.033333333333333,-1.1098164319992065,1.0565947763005303
BH_s10_high,11,92,14.066666666666666,-1.1687589883804321,0.8482039828665109
BH_s10_high,11,93,14.1,-0.9694215655326843,0.5921906768982023
BH_s10_high,11,94,14.133333333333333,-0.2551221549510956,0.30486866413381924
BH_s10_high,11,95,14.166666666666666,0.7260865569114685,0.001571598238668215
BH_s10_high,11,96,14.2,1.5405681133270264,-0.3009345238413344
BH_s10_high,11,97,14.233333333333333,1.7792798280715942,-0.5840554937343616
BH_s10_high,11,98,14.266666666666667,1.6669270992279053,-0.8282351200112649
BH_s10_high,11,99,14.3,1.4454457759857178,-1.0138643493987096
BH_s10_high,11,100,14.333333333333334,1.1519651412963867,-1.122257270613742
BH_s10_high,11,101,14.366666666666667,0.8584845066070557,-1.1378110902559095
BH_s10_high,11,102,14.4,0.6137191653251648,-1.0518285475657545
BH_s10_high,11,103,14.433333333333334,0.4892740845680237,-0.8667096038663743
BH_s10_high,11,104,14.466666666666667,0.3648289740085602,-0.5980108501168735
BH_s10_high,11,105,14.5,0.1545391082763672,-0.2724734005948922
BH_s10_high,11,106,14.533333333333333,-0.0962163433432579,0.07750528095040889
BH_s10_high,11,107,14.566666666666666,-0.3469717800617218,0.4200111299405839
BH_s10_high,11,108,14.6,-0.5977272391319275,0.7269327577274515
BH_s10_high,11,109,14.633333333333333,-0.7344403266906738,0.9735503358342703
BH_s10_high,11,110,14.666666666666666,-0.8180254697799683,1.1374747749966736
BH_s10_high,11,111,14.7,-0.9016106128692627,1.2008803065525961
BH_s10_high,11,112,14.733333333333333,-0.9851957559585571,1.1557415399061706
BH_s10_high,11,113,14.766666666666667,-1.0687808990478516,1.0077501723450846
BH_s10_high,11,114,14.8,-0.9089217782020569,0.7757417021794325
BH_s10_high,11,115,14.833333333333334,-0.28321030735969543,0.4870901113945973
BH_s10_high,11,116,14.866666666666667,0.6405699849128723,0.17115833752529155
BH_s10_high,11,117,14.9,1.4544585943222046,-0.14707583100092647
BH_s10_high,11,118,14.933333333333334,1.7365546226501465,-0.4508581628025424
BH_s10_high,11,119,14.966666666666667,1.6428112983703613,-0.7309710009748877
BH_s10_high,11,120,15.0,1.392055869102478,-0.9806115439359043
BH_s10_high,11,121,15.033333333333333,1.0852996110916138,-1.1885226346350377
BH_s10_high,11,122,15.066666666666666,0.7623693346977234,-1.3343136720179452
BH_s10_high,11,123,15.1,0.5211589336395264,-1.3892070140167265
BH_s10_high,11,124,15.133333333333333,0.39671385288238525,-1.3231809038576974
BH_s10_high,11,125,15.166666666666666,0.27226874232292175,-1.1164722367208768
BH_s10_high,11,126,15.2,0.06237324699759483,-0.7708707669383951
BH_s10_high,11,127,15.233333333333333,-0.1923314929008484,-0.3156408462876571
BH_s10_high,11,128,15.266666666666667,-0.4430869519710541,0.19511439491261617
BH_s10_high,11,129,15.3,-0.6527636647224426,0.6933110692701842
BH_s10_high,11,130,15.333333333333334,-0.7807204723358154,1.1123693173065639
BH_s10_high,11,131,15.366666666666667,-0.9070308208465576,1.4021649113715098
BH_s10_high,11,132,15.4,-0.990615963935852,1.5388463577110594
BH_s10_high,11,133,15.433333333333334,-1.0742011070251465,1.5267182422550782
BH_s10_high,11,134,15.466666666666667,-1.157786250114441,1.3916251799919857
BH_s10_high,11,135,15.5,-1.2114841938018799,1.1683792911893922
BH_s10_high,11,136,15.533333333333333,-0.9579018950462341,0.8881729287734473
BH_s10_high,11,137,15.566666666666666,-0.19743172824382782,0.5721628635504769
BH_s10_high,11,138,15.6,0.8560382723808289,0.23286212301046036
BH_s10_high,11,139,15.633333333333333,1.6799122095108032,-0.1201438674087187
BH_s10_high,11,140,15.666666666666666,1.9501806497573853,-0.4747727435651231
BH_s10_high,11,141,15.7,1.8513683080673218,-0.8138274941441341
BH_s10_high,11,142,15.733333333333333,1.6433379650115967,-1.1153318668625676
BH_s10_high,11,143,15.766666666666667,1.3498573303222656,-1.3545864262261884
BH_s10_high,11,144,15.8,1.0136514902114868,-1.5064599389026607
BH_s10_high,11,145,15.833333333333334,0.7201708555221558,-1.5473945771462851
BH_s10_high,11,146,15.866666666666667,0.530879557132721,-1.458159228001935
BH_s10_high,11,147,15.9,0.3895607888698578,-1.2287690836949912
BH_s10_high,11,148,15.933333333333334,0.18153055012226105,-0.865206933174286
BH_s10_high,11,149,15.966666666666667,-0.07299860566854477,-0.3950316168405039
BH_s10_high,11,150,16.0,-0.3627055287361145,0.13209616594892437
BH_s10_high,11,151,16.033333333333335,-0.5707358121871948,0.6512896272290932
BH_s10_high,11,152,16.066666666666666,-0.7805880904197693,1.0953658229182637
BH_s10_high,11,153,16.1,-0.9050331711769104,1.4095333498016793
BH_s10_high,11,154,16.133333333333333,-0.9923056364059448,1.56326382535502
BH_s10_high,11,155,16.166666666666668,-1.0758907794952393,1.5558523494193144
BH_s10_high,11,156,16.2,-1.1594759225845337,1.4132250154203325
BH_s10_high,11,157,16.233333333333334,-1.2857862710952759,1.1761999211473029
BH_s10_high,11,158,16.266666666666666,-1.3396598100662231,0.8851770290647589
BH_s10_high,11,159,16.3,-1.0444058179855347,0.5688532681522978
BH_s10_high,11,160,16.333333333333332,-0.21610721945762634,0.2416153680879805
BH_s10_high,11,161,16.366666666666667,0.8537556529045105,-0.0913731442790823
BH_s10_high,11,162,16.4,1.7214083671569824,-0.4259768712629427
BH_s10_high,11,163,16.433333333333334,1.992905855178833,-0.7524810246324003
BH_s10_high,11,164,16.466666666666665,1.9131404161453247,-1.052984932643569
BH_s10_high,11,165,16.5,1.729315161705017,-1.302515263272144
BH_s10_high,11,166,16.533333333333335,1.421044945716858,-1.4721975708333115
BH_s10_high,11,167,16.566666666666666,1.0737799406051636,-1.5332929287291515
BH_s10_high,11,168,16.6,0.7206976413726807,-1.4623118878701287
BH_s10_high,11,169,16.633333333333333,0.5218612551689148,-1.2477224767246131
BH_s10_high,11,170,16.666666666666668,0.3546909689903259,-0.8969903456188006
BH_s10_high,11,171,16.7,0.1393321007490158,-0.4406385543643552
BH_s10_high,11,172,16.733333333333334,-0.11142333596944809,0.06995032165190847
BH_s10_high,11,173,16.766666666666666,-0.40490397810935974,0.5717570801999817
BH_s10_high,11,174,16.8,-0.6556594371795654,1.0035788717564658
BH_s10_high,11,175,16.833333333333332,-0.8229621052742004,1.318689575982179
BH_s10_high,11,176,16.866666666666667,-0.9512701034545898,1.4923432657036948
BH_s10_high,11,177,16.9,-1.0718523263931274,1.52250956196992
BH_s10_high,11,178,16.933333333333334,-1.1611655950546265,1.4251631309345407
BH_s10_high,11,179,16.966666666666665,-1.2020255327224731,1.2271035893185867
BH_s10_high,11,180,17.0,-1.2856106758117676,0.9591128116037348
BH_s10_high,11,181,17.033333333333335,-1.382385015487671,0.6507489069914819
BH_s10_high,11,182,17.066666666666666,-1.271701693534851,0.32650353425737666
BH_s10_high,11,183,17.1,-0.6543521881103516,0.002967580613520115
BH_s10_high,11,184,17.133333333333333,0.3814958333969116,-0.311829427425702
BH_s10_high,11,185,17.166666666666668,1.4018776416778564,-0.6150667490105634
BH_s10_high,11,186,17.2,1.862424612045288,-0.9019536674274088
BH_s10_high,11,187,17.233333333333334,1.8280410766601562,-1.157967092376341
BH_s10_high,11,188,17.266666666666666,1.6016663312911987,-1.3550766752674663
BH_s10_high,11,189,17.3,1.336296796798706,-1.4552003408756407
BH_s10_high,11,190,17.333333333333332,0.9892074465751648,-1.4208912210140672
BH_s10_high,11,191,17.366666666666667,0.6676156520843506,-1.2297720137804822
BH_s10_high,11,192,17.4,0.4367620348930359,-0.8871478458435543
BH_s10_high,11,193,17.433333333333334,0.3123169541358948,-0.4312427822727289
BH_s10_high,11,194,17.466666666666665,0.09713366627693176,0.07235163674335311
BH_s10_high,11,195,17.5,-0.11431912332773209,0.5464072139582822
BH_s10_high,11,196,17.533333333333335,-0.4043772220611572,0.9226914708117161
BH_s10_high,11,197,17.566666666666666,-0.6551326513290405,1.159494587987389
BH_s10_high,11,198,17.6,-0.8653361201286316,1.249207147335059
BH_s10_high,11,199,17.633333333333333,-0.9897812008857727,1.2135902819485582
BH_s10_high,11,200,17.666666666666668,-1.0774048566818237,1.0898753068438205
BH_s10_high,11,201,17.7,-1.1609899997711182,0.9146101425079222
BH_s10_high,11,202,17.733333333333334,-1.2018499374389648,0.7123636369580945
BH_s10_high,11,203,17.766666666666666,-1.316660761833191,0.4929945899829339
BH_s10_high,11,204,17.8,-1.310299277305603,0.25616067361225314
BH_s10_high,11,205,17.833333333333332,-0.9060719609260559,-0.0014865489372571394
BH_s10_high,11,206,17.866666666666667,-0.0066952770575881,-0.28036046582479784
BH_s10_high,11,207,17.9,1.015286922454834,-0.5743874874720145
BH_s10_high,11,208,17.933333333333334,1.6313523054122925,-0.8689283306211356
BH_s10_high,11,209,17.966666666666665,1.6537610292434692,-1.1393528663559342
BH_s10_high,11,210,18.0,1.4075275659561157,-1.3511308658413168
BH_s10_high,11,211,18.033333333333335,1.073186993598938,-1.4634554906908168
BH_s10_high,11,212,18.066666666666666,0.7388463616371155,-1.4374396342881406
BH_s10_high,11,213,18.1,0.41707900166511536,-1.247571159715825
BH_s10_high,11,214,18.133333333333333,0.2624819278717041,-0.8930479766445454
BH_s10_high,11,215,18.166666666666668,0.14687952399253845,-0.4046323244706324
BH_s10_high,11,216,18.2,0.013591723516583443,0.15686278329650769
BH_s10_high,11,217,18.233333333333334,-0.2065281867980957,0.7119206052850662
BH_s10_high,11,218,18.266666666666666,-0.49489662051200867,1.180973781608487
BH_s10_high,11,219,18.3,-0.7456520795822144,1.5042639221403842
BH_s10_high,11,220,18.333333333333332,-0.9541658759117126,1.655735494557968
BH_s10_high,11,221,18.366666666666667,-1.0809597969055176,1.6457500802710197
BH_s10_high,11,222,18.4,-1.164544939994812,1.511656647915102
BH_s10_high,11,223,18.433333333333334,-1.2481300830841064,1.3003864584144298
BH_s10_high,11,224,18.466666666666665,-1.2889900207519531,1.0510481434568355
BH_s10_high,11,225,18.5,-1.3725751638412476,0.7851642943990442
BH_s10_high,11,226,18.533333333333335,-1.456160306930542,0.5072132565307577
BH_s10_high,11,227,18.566666666666666,-1.2364604473114014,0.21248623710190728
BH_s10_high,11,228,18.6,-0.4290768504142761,-0.10298739060594449
BH_s10_high,11,229,18.633333333333333,0.682984471321106,-0.43471442216742534
BH_s10_high,11,230,18.666666666666668,1.6689165830612183,-0.7664298980267314
BH_s10_high,11,231,18.7,1.992905855178833,-1.0715446896065381
BH_s10_high,11,232,18.733333333333334,1.8906047344207764,-1.318337353348542
BH_s10_high,11,233,18.766666666666666,1.6218558549880981,-1.4770525550754976
BH_s10_high,11,234,18.8,1.3141124248504639,-1.5266908866053637
BH_s10_high,11,235,18.833333333333332,0.9531747102737427,-1.4594898712649444
BH_s10_high,11,236,18.866666666666667,0.6312317848205566,-1.2819781253923737
BH_s10_high,11,237,18.9,0.43373388051986694,-1.0127186881773886
BH_s10_high,11,238,18.933333333333334,0.2665635943412781,-0.6779928715398262
BH_s10_high,11,239,18.966666666666665,0.09259141981601715,-0.30741084742905794
BH_s10_high,12,0,12.0,0.5453125238418579,0.009165690768891649
BH_s10_high,12,1,12.033333333333333,1.275089144706726,0.17339668830718122
BH_s10_high,12,2,12.066666666666666,1.48020339012146,0.2689116089562132
BH_s10_high,12,3,12.1,1.3817192316055298,0.2520116929233002
BH_s10_high,12,4,12.133333333333333,1.1625205278396606,0.11871913725662084
BH_s10_high,12,5,12.166666666666666,0.8709051012992859,-0.09542214420549823
BH_s10_high,12,6,12.2,0.58021080493927,-0.32911999279017534
BH_s10_high,12,7,12.233333333333333,0.3712364733219147,-0.5148793222468624
BH_s10_high,12,8,12.266666666666667,0.28670719265937805,-0.5969572803600216
BH_s10_high,12,9,12.3,0.16507147252559662,-0.544174720621316
BH_s10_high,12,10,12.333333333333334,-0.00209881947375834,-0.35612215434023997
BH_s10_high,12,11,12.366666666666667,-0.28063446283340454,-0.06212039614511928
BH_s10_high,12,12,12.4,-0.5397950410842896,0.28610298535875295
BH_s10_high,12,13,12.433333333333334,-0.7172356843948364,0.6256892733018382
BH_s10_high,12,14,12.466666666666667,-0.8556816577911377,0.8956990198515155
BH_s10_high,12,15,12.5,-0.9661259055137634,1.0500742608374314
BH_s10_high,12,16,12.533333333333333,-1.0228519439697266,1.0678028244176228
BH_s10_high,12,17,12.566666666666666,-1.106437087059021,0.9569492010908663
BH_s10_high,12,18,12.6,-1.1687589883804321,0.7505440598636811
BH_s10_high,12,19,12.633333333333333,-1.0096453428268433,0.4951136627367534
BH_s10_high,12,20,12.666666666666666,-0.3350200057029724,0.23540282807187107
BH_s10_high,12,21,12.7,0.6000841856002808,0.0007365055630622878
BH_s10_high,12,22,12.733333333333333,1.4348417520523071,-0.2013439784532712
BH_s10_high,12,23,12.766666666666667,1.7365546226501465,-0.38130244979693223
BH_s10_high,12,24,12.8,1.6736857891082764,-0.556070120715345
BH_s10_high,12,25,12.833333333333334,1.4637902975082397,-0.7360617996666776
BH_s10_high,12,26,12.866666666666667,1.2048282623291016,-0.916608499585894
BH_s10_high,12,27,12.9,0.9068716168403625,-1.076336524586032
BH_s10_high,12,28,12.933333333333334,0.6178670525550842,-1.181956198809902
BH_s10_high,12,29,12.966666666666667,0.4105823338031769,-1.1974538641028658
BH_s10_high,12,30,13.0,0.243412047624588,-1.0953840458551323
BH_s10_high,12,31,13.033333333333333,0.07624174654483795,-0.8674766892783818
BH_s10_high,12,32,13.066666666666666,-0.1666785478591919,-0.5307527683401952
BH_s10_high,12,33,13.1,-0.42228418588638306,-0.12584201171846077
BH_s10_high,12,34,13.133333333333333,-0.6388951539993286,0.2924935091095884
BH_s10_high,12,35,13.166666666666666,-0.8060654401779175,0.6689483724631313
BH_s10_high,12,36,13.2,-0.942821741104126,0.9604342203311553
BH_s10_high,12,37,13.233333333333333,-1.0264068841934204,1.1438294840041883
BH_s10_high,12,38,13.266666666666667,-1.1099920272827148,1.2161613096007036
BH_s10_high,12,39,13.3,-1.1935771703720093,1.1878469045856221
BH_s10_high,12,40,13.333333333333334,-1.2542093992233276,1.0738758896851375
BH_s10_high,12,41,13.366666666666667,-0.9784196615219116,0.8888919010404264
BH_s10_high,12,42,13.4,-0.23098327219486237,0.6477576082930631
BH_s10_high,12,43,13.433333333333334,0.8086181879043579,0.3680998252712127
BH_s10_high,12,44,13.466666666666667,1.6158804893493652,0.07078992267237366
BH_s10_high,12,45,13.5,1.8647302389144897,-0.22258276453694528
BH_s10_high,12,46,13.533333333333333,1.7557568550109863,-0.49318159921106813
BH_s10_high,12,47,13.566666666666666,1.5786904096603394,-0.7265121184640517
BH_s10_high,12,48,13.6,1.2771787643432617,-0.9109256451021756
BH_s10_high,12,49,13.633333333333333,0.9428381323814392,-1.034382446530322
BH_s10_high,12,50,13.666666666666666,0.6598237156867981,-1.0824087505459281
BH_s10_high,12,51,13.7,0.49265339970588684,-1.0397679228849377
BH_s10_high,12,52,13.733333333333333,0.325483113527298,-0.8961282463271641
BH_s10_high,12,53,13.766666666666667,0.11688289791345596,-0.6532918384782164
BH_s10_high,12,54,13.8,-0.13387253880500793,-0.3300733865399783
BH_s10_high,12,55,13.833333333333334,-0.4223273992538452,0.038153193438534155
BH_s10_high,12,56,13.866666666666667,-0.6353834271430969,0.4053295362397586
BH_s10_high,12,57,13.9,-0.7754758596420288,0.7237518976841201
BH_s10_high,12,58,13.933333333333334,-0.8590610027313232,0.9538298997386805
BH_s10_high,12,59,13.966666666666667,-0.9426461458206177,1.0722645933820116
BH_s10_high,12,60,14.0,-1.026231288909912,1.0755295891593795
BH_s10_high,12,61,14.033333333333333,-1.1098164319992065,0.9766513151210675
BH_s10_high,12,62,14.066666666666666,-1.1687589883804321,0.797771732926786
BH_s10_high,12,63,14.1,-0.9694215655326843,0.5637725011356529
BH_s10_high,12,64,14.133333333333333,-0.2551221549510956,0.2993634586578079
BH_s10_high,12,65,14.166666666666666,0.7260865569114685,0.027805938870334654
BH_s10_high,12,66,14.2,1.5405681133270264,-0.23080554387481234
BH_s10_high,12,67,14.233333333333333,1.7792798280715942,-0.46133554263616233
BH_s10_high,12,68,14.266666666666667,1.6669270992279053,-0.6537700941509992
BH_s10_high,12,69,14.3,1.4454457759857178,-0.8009481660064556
BH_s10_high,12,70,14.333333333333334,1.1519651412963867,-0.8951414073564747
BH_s10_high,12,71,14.366666666666667,0.8584845066070557,-0.9261673282727213
BH_s10_high,12,72,14.4,0.6137191653251648,-0.8831135711060668
BH_s10_high,12,73,14.433333333333334,0.4892740845680237,-0.7594128632615518
BH_s10_high,12,74,14.466666666666667,0.3648289740085602,-0.5584773056767338
BH_s10_high,12,75,14.5,0.1545391082763672,-0.2963255554799901
BH_s10_high,12,76,14.533333333333333,-0.0962163433432579,0.0005300561590109802
BH_s10_high,12,77,14.566666666666666,-0.3469717800617218,0.30059055372886445
BH_s10_high,12,78,14.6,-0.5977272391319275,0.5729865235343132
BH_s10_high,12,79,14.633333333333333,-0.7344403266906738,0.7909268936182491
BH_s10_high,12,80,14.666666666666666,-0.8180254697799683,0.9338879081036958
BH_s10_high,12,81,14.7,-0.9016106128692627,0.9905058694217042
BH_s10_high,12,82,14.733333333333333,-0.9851957559585571,0.9610484431435448
BH_s10_high,12,83,14.766666666666667,-1.0687808990478516,0.8562065811949537
BH_s10_high,12,84,14.8,-0.9089217782020569,0.6919580614285156
BH_s10_high,12,85,14.833333333333334,-0.28321030735969543,0.4840234901297606
BH_s10_high,12,86,14.866666666666667,0.6405699849128723,0.24483900992108112
BH_s10_high,12,87,14.9,1.4544585943222046,-0.016730707966087867
BH_s10_high,12,88,14.933333333333334,1.7365546226501465,-0.29357379550125606
BH_s10_high,12,89,14.966666666666667,1.6428112983703613,-0.5767944567509502
BH_s10_high,12,90,15.0,1.392055869102478,-0.8515196763311861
BH_s10_high,12,91,15.033333333333333,1.0852996110916138,-1.0940587032619429
BH_s10_high,12,92,15.066666666666666,0.7623693346977234,-1.272286656843093
BH_s10_high,12,93,15.1,0.5211589336395264,-1.3501422602505115
BH_s10_high,12,94,15.133333333333333,0.39671385288238525,-1.2959829588775003
BH_s10_high,12,95,15.166666666666666,0.27226874232292175,-1.0930392399004236
BH_s10_high,12,96,15.2,0.06237324699759483,-0.7484594956514864
BH_s10_high,12,97,15.233333333333333,-0.1923314929008484,-0.29687762130511297
BH_s10_high,12,98,15.266666666666667,-0.4430869519710541,0.20386410302023014
BH_s10_high,12,99,15.3,-0.6527636647224426,0.6841982201128285
BH_s10_high,12,100,15.333333333333334,-0.7807204723358154,1.0782893887009335
BH_s10_high,12,101,15.366666666666667,-0.9070308208465576,1.3390183414109436
BH_s10_high,12,102,15.4,-0.990615963935852,1.4482220840350575
BH_s10_high,12,103,15.433333333333334,-1.0742011070251465,1.4187005791138347
BH_s10_high,12,104,15.466666666666667,-1.157786250114441,1.2859130907254122
BH_s10_high,12,105,15.5,-1.2114841938018799,1.091281465584138
BH_s10_high,12,106,15.533333333333333,-0.9579018950462341,0.8650439531003287
BH_s10_high,12,107,15.566666666666666,-0.19743172824382782,0.6182455209279951
BH_s10_high,12,108,15.6,0.8560382723808289,0.34692163962411265
BH_s10_high,12,109,15.633333333333333,1.6799122095108032,0.04326548325392463
BH_s10_high,12,110,15.666666666666666,1.9501806497573853,-0.2937522844415987
BH_s10_high,12,111,15.7,1.8513683080673218,-0.6527198888378415
BH_s10_high,12,112,15.733333333333333,1.6433379650115967,-1.0093864303851456
BH_s10_high,12,113,15.766666666666667,1.3498573303222656,-1.3294595502267197
BH_s10_high,12,114,15.8,1.0136514902114868,-1.5725342231867852
BH_s10_high,12,115,15.833333333333334,0.7201708555221558,-1.6967495766637544
BH_s10_high,12,116,15.866666666666667,0.530879557132721,-1.6653910266807959
BH_s10_high,12,117,15.9,0.3895607888698578,-1.4563267350224869
BH_s10_high,12,118,15.933333333333334,0.18153055012226105,-1.0724983695788413
BH_s10_high,12,119,15.966666666666667,-0.07299860566854477,-0.5489269223533546
BH_s10_high,12,120,16.0,-0.3627055287361145,0.04854659702033684
BH_s10_high,12,121,16.033333333333335,-0.5707358121871948,0.6347972167100591
BH_s10_high,12,122,16.066666666666666,-0.7805880904197693,1.1248458608180718
BH_s10_high,12,123,16.1,-0.9050331711769104,1.4551328135408033
BH_s10_high,12,124,16.133333333333333,-0.9923056364059448,1.599406876622747
BH_s10_high,12,125,16.166666666666668,-1.0758907794952393,1.5731492472543023
BH_s10_high,12,126,16.2,-1.1594759225845337,1.4235112234937581
BH_s10_high,12,127,16.233333333333334,-1.2857862710952759,1.207595384648376
BH_s10_high,12,128,16.266666666666666,-1.3396598100662231,0.9691003166365433
BH_s10_high,12,129,16.3,-1.0444058179855347,0.7254165010684162
BH_s10_high,12,130,16.333333333333332,-0.21610721945762634,0.4704583155810673
BH_s10_high,12,131,16.366666666666667,0.8537556529045105,0.18867583263737922
BH_s10_high,12,132,16.4,1.7214083671569824,-0.12927829179928862
BH_s10_high,12,133,16.433333333333334,1.992905855178833,-0.47711862775468544
BH_s10_high,12,134,16.466666666666665,1.9131404161453247,-0.8322094830026525
BH_s10_high,12,135,16.5,1.729315161705017,-1.1608798095816453
BH_s10_high,12,136,16.533333333333335,1.421044945716858,-1.4252202806398195
BH_s10_high,12,137,16.566666666666666,1.0737799406051636,-1.5885252093622702
BH_s10_high,12,138,16.6,0.7206976413726807,-1.619769590542173
BH_s10_high,12,139,16.633333333333333,0.5218612551689148,-1.499050960871167
BH_s10_high,12,140,16.666666666666668,0.3546909689903259,-1.2242368105044508
BH_s10_high,12,141,16.7,0.1393321007490158,-0.8163536636546033
BH_s10_high,12,142,16.733333333333334,-0.11142333596944809,-0.3204077115098649
BH_s10_high,12,143,16.766666666666666,-0.40490397810935974,0.20046383694051734
BH_s10_high,12,144,16.8,-0.6556594371795654,0.6773930306835925
BH_s10_high,12,145,16.833333333333332,-0.8229621052742004,1.0518119315502288
BH_s10_high,12,146,16.866666666666667,-0.9512701034545898,1.289572808902334
BH_s10_high,12,147,16.9,-1.0718523263931274,1.3871352913319273
BH_s10_high,12,148,16.933333333333334,-1.1611655950546265,1.3667571425331646
BH_s10_high,12,149,16.966666666666665,-1.2020255327224731,1.262933360682996
BH_s10_high,12,150,17.0,-1.2856106758117676,1.10700753170457
BH_s10_high,12,151,17.033333333333335,-1.382385015487671,0.9173172122056761
BH_s10_high,12,152,17.066666666666666,-1.271701693534851,0.6977011285243461
BH_s10_high,12,153,17.1,-0.6543521881103516,0.44230051007496024
BH_s10_high,12,154,17.133333333333333,0.3814958333969116,0.14349552091191153
BH_s10_high,12,155,17.166666666666668,1.4018776416778564,-0.1992468174633382
BH_s10_high,12,156,17.2,1.862424612045288,-0.5719480268638476
BH_s10_high,12,157,17.233333333333334,1.8280410766601562,-0.9428684184666517
BH_s10_high,12,158,17.266666666666666,1.6016663312911987,-1.265147788390024
BH_s10_high,12,159,17.3,1.336296796798706,-1.4851055276960117
BH_s10_high,12,160,17.333333333333332,0.9892074465751648,-1.5544006081905408
BH_s10_high,12,161,17.366666666666667,0.6676156520843506,-1.4432497677012899
BH_s10_high,12,162,17.4,0.4367620348930359,-1.151253499610441
BH_s10_high,12,163,17.433333333333334,0.3123169541358948,-0.7123137405417306
BH_s10_high,12,164,17.466666666666665,0.09713366627693176,-0.19104915878844367
BH_s10_high,12,165,17.5,-0.11431912332773209,0.32983485875508284
BH_s10_high,12,166,17.533333333333335,-0.4043772220611572,0.7688689423924019
BH_s10_high,12,167,17.566666666666666,-0.6551326513290405,1.0665193603294374
BH_s10_high,12,168,17.6,-0.8653361201286316,1.2001751738915731
BH_s10_high,12,169,17.633333333333333,-0.9897812008857727,1.187216268838016
BH_s10_high,12,170,17.666666666666668,-1.0774048566818237,1.0741057219215318
BH_s10_high,12,171,17.7,-1.1609899997711182,0.9157034816354619
BH_s10_high,12,172,17.733333333333334,-1.2018499374389648,0.7542739257786827
BH_s10_high,12,173,17.766666666666666,-1.316660761833191,0.6076068649536381
BH_s10_high,12,174,17.8,-1.310299277305603,0.4693127666140701
BH_s10_high,12,175,17.833333333333332,-0.9060719609260559,0.3175332564846874
BH_s10_high,12,176,17.866666666666667,-0.0066952770575881,0.12663158958893891
BH_s10_high,12,177,17.9,1.015286922454834,-0.12161309920517908
BH_s10_high,12,178,17.933333333333334,1.6313523054122925,-0.4291534440666599
BH_s10_high,12,179,17.966666666666665,1.6537610292434692,-0.7765690617371542
BH_s10_high,12,180,18.0,1.4075275659561157,-1.122933823775464
BH_s10_high,12,181,18.033333333333335,1.073186993598938,-1.4113796223630015
BH_s10_high,12,182,18.066666666666666,0.7388463616371155,-1.5800650987471423
BH_s10_high,12,183,18.1,0.41707900166511536,-1.5767738734703907
BH_s10_high,12,184,18.133333333333333,0.2624819278717041,-1.3738354092365659
BH_s10_high,12,185,18.166666666666668,0.14687952399253845,-0.9792510317139252
BH_s10_high,12,186,18.2,0.013591723516583443,-0.44030995288744285
BH_s10_high,12,187,18.233333333333334,-0.2065281867980957,0.1627586556082305
BH_s10_high,12,188,18.266666666666666,-0.49489662051200867,0.7335950667431463
BH_s10_high,12,189,18.3,-0.7456520795822144,1.1839702964342098
BH_s10_high,12,190,18.333333333333332,-0.9541658759117126,1.4578275452691798
BH_s10_high,12,191,18.366666666666667,-1.0809597969055176,1.545028492264846
BH_s10_high,12,192,18.4,-1.164544939994812,1.4778189669353836
BH_s10_high,12,193,18.433333333333334,-1.2481300830841064,1.311293647873582
BH_s10_high,12,194,18.466666666666665,-1.2889900207519531,1.0982349171291752
BH_s10_high,12,195,18.5,-1.3725751638412476,0.871349068116143
BH_s10_high,12,196,18.533333333333335,-1.456160306930542,0.6391847214473315
BH_s10_high,12,197,18.566666666666666,-1.2364604473114014,0.39297759435138785
BH_s10_high,12,198,18.6,-0.4290768504142761,0.11817130089586898
BH_s10_high,12,199,18.633333333333333,0.682984471321106,-0.1943666093887098
BH_s10_high,12,200,18.666666666666668,1.6689165830612183,-0.5405191639063104
BH_s10_high,12,201,18.7,1.992905855178833,-0.9000099321570697
BH_s10_high,12,202,18.733333333333334,1.8906047344207764,-1.2382483454152087
BH_s10_high,12,203,18.766666666666666,1.6218558549880981,-1.511579026429484
BH_s10_high,12,204,18.8,1.3141124248504639,-1.6745111811015212
BH_s10_high,12,205,18.833333333333332,0.9531747102737427,-1.6880584090563302
BH_s10_high,12,206,18.866666666666667,0.6312317848205566,-1.528610620924001
BH_s10_high,12,207,18.9,0.43373388051986694,-1.1963575201085748
BH_s10_high,12,208,18.933333333333334,0.2665635943412781,-0.7212730109033553
BH_s10_high,12,209,18.966666666666665,0.09259141981601715,-0.1635036151553845
BH_s10_high,12,210,19.0,-0.16310064494609833,0.3951714197395087
BH_s10_high,12,211,19.033333333333335,-0.49436986446380615,0.869516321997595
BH_s10_high,12,212,19.066666666666666,-0.7439191937446594,1.1939334816956206
BH_s10_high,12,213,19.1,-0.9110894799232483,1.3411497698531354
BH_s10_high,12,214,19.133333333333333,-1.078259825706482,1.3274125697484858
BH_s10_high,12,215,19.166666666666668,-1.1643693447113037,1.2011360733811118
BH_s10_high,12,216,19.2,-1.2479544878005981,1.0207357309086613
BH_s10_high,12,217,19.233333333333334,-1.3315396308898926,0.8326621833856167
BH_s10_high,12,218,19.266666666666666,-1.415124773979187,0.658556018790177
BH_s10_high,12,219,19.3,-1.4987099170684814,0.4944525565703673
BH_s10_high,12,220,19.333333333333332,-1.351798176765442,0.32019739431111677
BH_s10_high,12,221,19.366666666666667,-0.6294043064117432,0.11440554055066357
BH_s10_high,12,222,19.4,0.517457902431488,-0.13138899218116343
BH_s10_high,12,223,19.433333333333334,1.628888487815857,-0.40511479494309993
BH_s10_high,12,224,19.466666666666665,2.121452808380127,-0.6752292278108463
BH_s10_high,12,225,19.5,2.10475754737854,-0.8985582596978021
BH_s10_high,12,226,19.533333333333335,1.8540019989013672,-1.0311212320213083
BH_s10_high,12,227,19.566666666666666,1.5445688962936401,-1.038499106989772
BH_s10_high,12,228,19.6,1.2102282047271729,-0.90359909951049
BH_s10_high,12,229,19.633333333333333,0.8453845381736755,-0.6310923116763949
BH_s10_high,12,230,19.666666666666668,0.5946290493011475,-0.24877956180993022
BH_s10_high,12,231,19.7,0.39509037137031555,0.1940290190397276
BH_s10_high,12,232,19.733333333333334,0.21466748416423798,0.6321034645329612
BH_s10_high,12,233,19.766666666666666,-0.03422270342707634,0.9949066434286035
BH_s10_high,12,234,19.8,-0.36566752195358276,1.221072257292803
BH_s10_high,12,235,19.833333333333332,-0.6581176519393921,1.2724581533269756
BH_s10_high,12,236,19.866666666666667,-0.8671783804893494,1.142092262644998
BH_s10_high,12,237,19.9,-0.9951581954956055,0.852677889795843
BH_s10_high,12,238,19.933333333333334,-1.1214685440063477,0.447700593356675
BH_s10_high,12,239,19.966666666666665,-1.205053687095642,-0.01888861639059226
BH_s10_high,13,0,13.0,0.243412047624588,0.09251580156596786
BH_s10_high,13,1,13.033333333333333,0.07624174654483795,0.9927654159201614
BH_s10_high,13,2,13.066666666666666,-0.1666785478591919,1.786072051113173
BH_s10_high,13,3,13.1,-0.42228418588638306,2.3864099507767085
BH_s10_high,13,4,13.133333333333333,-0.6388951539993286,2.742520350087186
BH_s10_high,13,5,13.166666666666666,-0.8060654401779175,2.845061697690446
BH_s10_high,13,6,13.2,-0.942821741104126,2.7227606271604423
BH_s10_high,13,7,13.233333333333333,-1.0264068841934204,2.430287984162539
BH_s10_high,13,8,13.266666666666667,-1.1099920272827148,2.0325756856316413
BH_s10_high,13,9,13.3,-1.1935771703720093,1.5896957113195027
BH_s10_high,13,10,13.333333333333334,-1.2542093992233276,1.1458950958910281
BH_s10_high,13,11,13.366666666666667,-0.9784196615219116,0.7254535545640658
BH_s10_high,13,12,13.4,-0.23098327219486237,0.3355887946554069
BH_s10_high,13,13,13.433333333333334,0.8086181879043579,-0.026206987835150856
BH_s10_high,13,14,13.466666666666667,1.6158804893493652,-0.3643657765494668
BH_s10_high,13,15,13.5,1.8647302389144897,-0.679952871964087
BH_s10_high,13,16,13.533333333333333,1.7557568550109863,-0.9683004455029329
BH_s10_high,13,17,13.566666666666666,1.5786904096603394,-1.2182162960092444
BH_s10_high,13,18,13.6,1.2771787643432617,-1.4119781762147936
BH_s10_high,13,19,13.633333333333333,0.9428381323814392,-1.5268137462458313
BH_s10_high,13,20,13.666666666666666,0.6598237156867981,-1.5389350002663607
BH_s10_high,13,21,13.7,0.49265339970588684,-1.4302436148239877
BH_s10_high,13,22,13.733333333333333,0.325483113527298,-1.1963396512374405
BH_s10_high,13,23,13.766666666666667,0.11688289791345596,-0.8529844066705837
BH_s10_high,13,24,13.8,-0.13387253880500793,-0.4374603049829674
BH_s10_high,13,25,13.833333333333334,-0.4223273992538452,-0.0027043998808034776
BH_s10_high,13,26,13.866666666666667,-0.6353834271430969,0.39429006017302126
BH_s10_high,13,27,13.9,-0.7754758596420288,0.7052466604080955
BH_s10_high,13,28,13.933333333333334,-0.8590610027313232,0.8999319372742364
BH_s10_high,13,29,13.966666666666667,-0.9426461458206177,0.9695102133692901
BH_s10_high,13,30,14.0,-1.026231288909912,0.9237758674079987
BH_s10_high,13,31,14.033333333333333,-1.1098164319992065,0.7843705303542244
BH_s10_high,13,32,14.066666666666666,-1.1687589883804321,0.577827699613205
BH_s10_high,13,33,14.1,-0.9694215655326843,0.33157572103177446
BH_s10_high,13,34,14.133333333333333,-0.2551221549510956,0.0725281030204278
BH_s10_high,13,35,14.166666666666666,0.7260865569114685,-0.17464211250509748
BH_s10_high,13,36,14.2,1.5405681133270264,-0.3909404733723979
BH_s10_high,13,37,14.233333333333333,1.7792798280715942,-0.5662034066272894
BH_s10_high,13,38,14.266666666666667,1.6669270992279053,-0.6986098702262513
BH_s10_high,13,39,14.3,1.4454457759857178,-0.7893957866674202
BH_s10_high,13,40,14.333333333333334,1.1519651412963867,-0.835832378631878
BH_s10_high,13,41,14.366666666666667,0.8584845066070557,-0.8277748691953282
BH_s10_high,13,42,14.4,0.6137191653251648,-0.7507834327210317
BH_s10_high,13,43,14.433333333333334,0.4892740845680237,-0.5941389838605624
BH_s10_high,13,44,14.466666666666667,0.3648289740085602,-0.35891922693200673
BH_s10_high,13,45,14.5,0.1545391082763672,-0.061598321101949814
BH_s10_high,13,46,14.533333333333333,-0.0962163433432579,0.26816929446705723
BH_s10_high,13,47,14.566666666666666,-0.3469717800617218,0.5934526501971114
BH_s10_high,13,48,14.6,-0.5977272391319275,0.8763388462482344
BH_s10_high,13,49,14.633333333333333,-0.7344403266906738,1.0828970535739624
BH_s10_high,13,50,14.666666666666666,-0.8180254697799683,1.187612778855434
BH_s10_high,13,51,14.7,-0.9016106128692627,1.1782986271364728
BH_s10_high,13,52,14.733333333333333,-0.9851957559585571,1.0595809065888342
BH_s10_high,13,53,14.766666666666667,-1.0687808990478516,0.8515835134621854
BH_s10_high,13,54,14.8,-0.9089217782020569,0.583620267823695
BH_s10_high,13,55,14.833333333333334,-0.28321030735969543,0.286395077609791
BH_s10_high,13,56,14.866666666666667,0.6405699849128723,-0.014164306590007116
BH_s10_high,13,57,14.9,1.4544585943222046,-0.30052788813777687
BH_s10_high,13,58,14.933333333333334,1.7365546226501465,-0.5641827655384208
BH_s10_high,13,59,14.966666666666667,1.6428112983703613,-0.8024278716097308
BH_s10_high,13,60,15.0,1.392055869102478,-1.0116313375180874
BH_s10_high,13,61,15.033333333333333,1.0852996110916138,-1.1796335973856464
BH_s10_high,13,62,15.066666666666666,0.7623693346977234,-1.2818233724269106
BH_s10_high,13,63,15.1,0.5211589336395264,-1.284791735106274
BH_s10_high,13,64,15.133333333333333,0.39671385288238525,-1.1578568671748806
BH_s10_high,13,65,15.166666666666666,0.27226874232292175,-0.8880169019607702
BH_s10_high,13,66,15.2,0.06237324699759483,-0.49101745716096523
BH_s10_high,13,67,15.233333333333333,-0.1923314929008484,-0.0125691356272118
BH_s10_high,13,68,15.266666666666667,-0.4430869519710541,0.48101435397764325
BH_s10_high,13,69,15.3,-0.6527636647224426,0.9184853060767418
BH_s10_high,13,70,15.333333333333334,-0.7807204723358154,1.2401113421624876
BH_s10_high,13,71,15.366666666666667,-0.9070308208465576,1.4106799864459485
BH_s10_high,13,72,15.4,-0.990615963935852,1.4260814286064196
BH_s10_high,13,73,15.433333333333334,-1.0742011070251465,1.311397415055563
BH_s10_high,13,74,15.466666666666667,-1.157786250114441,1.1101166404713898
BH_s10_high,13,75,15.5,-1.2114841938018799,0.8674900684958531
BH_s10_high,13,76,15.533333333333333,-0.9579018950462341,0.6150009292420057
BH_s10_high,13,77,15.566666666666666,-0.19743172824382782,0.3633552260962226
BH_s10_high,13,78,15.6,0.8560382723808289,0.10628487188711279
BH_s10_high,13,79,15.633333333333333,1.6799122095108032,-0.1687909549801336
BH_s10_high,13,80,15.666666666666666,1.9501806497573853,-0.46940176782332016
BH_s10_high,13,81,15.7,1.8513683080673218,-0.7902639815014224
BH_s10_high,13,82,15.733333333333333,1.6433379650115967,-1.110370336964599
BH_s10_high,13,83,15.766666666666667,1.3498573303222656,-1.3942316286964505
BH_s10_high,13,84,15.8,1.0136514902114868,-1.5964992695093883
BH_s10_high,13,85,15.833333333333334,0.7201708555221558,-1.669920130178577
BH_s10_high,13,86,15.866666666666667,0.530879557132721,-1.5764642033026626
BH_s10_high,13,87,15.9,0.3895607888698578,-1.2998454055180977
BH_s10_high,13,88,15.933333333333334,0.18153055012226105,-0.8553706525276309
BH_s10_high,13,89,15.966666666666667,-0.07299860566854477,-0.2923795923591396
BH_s10_high,13,90,16.0,-0.3627055287361145,0.3131086129676397
BH_s10_high,13,91,16.033333333333335,-0.5707358121871948,0.8740182202795602
BH_s10_high,13,92,16.066666666666666,-0.7805880904197693,1.3115744979315198
BH_s10_high,13,93,16.1,-0.9050331711769104,1.572905628345673
BH_s10_high,13,94,16.133333333333333,-0.9923056364059448,1.642245353956151
BH_s10_high,13,95,16.166666666666668,-1.0758907794952393,1.5424568514757333
BH_s10_high,13,96,16.2,-1.1594759225845337,1.3251029395243419
BH_s10_high,13,97,16.233333333333334,-1.2857862710952759,1.0508437290172634
BH_s10_high,13,98,16.266666666666666,-1.3396598100662231,0.7676524779703982
BH_s10_high,13,99,16.3,-1.0444058179855347,0.49714063097335387
BH_s10_high,13,100,16.333333333333332,-0.21610721945762634,0.23512466641182078
BH_s10_high,13,101,16.366666666666667,0.8537556529045105,-0.03560667703049925
BH_s10_high,13,102,16.4,1.7214083671569824,-0.3286142551863205
BH_s10_high,13,103,16.433333333333334,1.992905855178833,-0.6420299363824692
BH_s10_high,13,104,16.466666666666665,1.9131404161453247,-0.9555530381977438
BH_s10_high,13,105,16.5,1.729315161705017,-1.2344495923268763
BH_s10_high,13,106,16.533333333333335,1.421044945716858,-1.4368500856061148
BH_s10_high,13,107,16.566666666666666,1.0737799406051636,-1.5220093460394233
BH_s10_high,13,108,16.6,0.7206976413726807,-1.4589733963470624
BH_s10_high,13,109,16.633333333333333,0.5218612551689148,-1.235258758070023
BH_s10_high,13,110,16.666666666666668,0.3546909689903259,-0.8636245501718606
BH_s10_high,13,111,16.7,0.1393321007490158,-0.3839436642413035
BH_s10_high,13,112,16.733333333333334,-0.11142333596944809,0.14168290276135853
BH_s10_high,13,113,16.766666666666666,-0.40490397810935974,0.640125915874546
BH_s10_high,13,114,16.8,-0.6556594371795654,1.0424945506862833
BH_s10_high,13,115,16.833333333333332,-0.8229621052742004,1.2997688634237403
BH_s10_high,13,116,16.866666666666667,-0.9512701034545898,1.3938357790487728
BH_s10_high,13,117,16.9,-1.0718523263931274,1.3394619544367903
BH_s10_high,13,118,16.933333333333334,-1.1611655950546265,1.1760405770836175
BH_s10_high,13,119,16.966666666666665,-1.2020255327224731,0.952426538089812
BH_s10_high,13,120,17.0,-1.2856106758117676,0.7110893642608087
BH_s10_high,13,121,17.033333333333335,-1.382385015487671,0.4773693666571967
BH_s10_high,13,122,17.066666666666666,-1.271701693534851,0.25625598177461684
BH_s10_high,13,123,17.1,-0.6543521881103516,0.035973047991105504
BH_s10_high,13,124,17.133333333333333,0.3814958333969116,-0.20307127346757436
BH_s10_high,13,125,17.166666666666668,1.4018776416778564,-0.47572676594953445
BH_s10_high,13,126,17.2,1.862424612045288,-0.7796254433127622
BH_s10_high,13,127,17.233333333333334,1.8280410766601562,-1.087993125146341
BH_s10_high,13,128,17.266666666666666,1.6016663312911987,-1.3515136217900359
BH_s10_high,13,129,17.3,1.336296796798706,-1.5094685531923198
BH_s10_high,13,130,17.333333333333332,0.9892074465751648,-1.506989570938263
BH_s10_high,13,131,17.366666666666667,0.6676156520843506,-1.3131966479674402
BH_s10_high,13,132,17.4,0.4367620348930359,-0.9345238154848752
BH_s10_high,13,133,17.433333333333334,0.3123169541358948,-0.4185363570552286
BH_s10_high,13,134,17.466666666666665,0.09713366627693176,0.15415855791553323
BH_s10_high,13,135,17.5,-0.11431912332773209,0.6887827006087708
BH_s10_high,13,136,17.533333333333335,-0.4043772220611572,1.1008413608091776
BH_s10_high,13,137,17.566666666666666,-0.6551326513290405,1.3381538078424977
BH_s10_high,13,138,17.6,-0.8653361201286316,1.392611514239227
BH_s10_high,13,139,17.633333333333333,-0.9897812008857727,1.2972062941985767
BH_s10_high,13,140,17.666666666666668,-1.0774048566818237,1.1094356316118326
BH_s10_high,13,141,17.7,-1.1609899997711182,0.8880168973977914
BH_s10_high,13,142,17.733333333333334,-1.2018499374389648,0.673215079000938
BH_s10_high,13,143,17.766666666666666,-1.316660761833191,0.4789685822686607
BH_s10_high,13,144,17.8,-1.310299277305603,0.2975769875709232
BH_s10_high,13,145,17.833333333333332,-0.9060719609260559,0.11088523157648189
BH_s10_high,13,146,17.866666666666667,-0.0066952770575881,-0.09899761835258107
BH_s10_high,13,147,17.9,1.015286922454834,-0.34259155406351566
BH_s10_high,13,148,17.933333333333334,1.6313523054122925,-0.6186733575379479
BH_s10_high,13,149,17.966666666666665,1.6537610292434692,-0.910808903996131
BH_s10_high,13,150,18.0,1.4075275659561157,-1.1853364955593275
BH_s10_high,13,151,18.033333333333335,1.073186993598938,-1.3937722356953408
BH_s10_high,13,152,18.066666666666666,0.7388463616371155,-1.481924568459015
BH_s10_high,13,153,18.1,0.41707900166511536,-1.4047754879566627
BH_s10_high,13,154,18.133333333333333,0.2624819278717041,-1.142841014568659
BH_s10_high,13,155,18.166666666666668,0.14687952399253845,-0.7139908193484534
BH_s10_high,13,156,18.2,0.013591723516583443,-0.17535775599374465
BH_s10_high,13,157,18.233333333333334,-0.2065281867980957,0.38711681349761756
BH_s10_high,13,158,18.266666666666666,-0.49489662051200867,0.8796584932023831
BH_s10_high,13,159,18.3,-0.7456520795822144,1.2260034159047142
BH_s10_high,13,160,18.333333333333332,-0.9541658759117126,1.388295401905762
BH_s10_high,13,161,18.366666666666667,-1.0809597969055176,1.3752932258808588
BH_s10_high,13,162,18.4,-1.164544939994812,1.2340443618326682
BH_s10_high,13,163,18.433333333333334,-1.2481300830841064,1.0282494559050752
BH_s10_high,13,164,18.466666666666665,-1.2889900207519531,0.8131055057809757
BH_s10_high,13,165,18.5,-1.3725751638412476,0.6178102712131682
BH_s10_high,13,166,18.533333333333335,-1.456160306930542,0.441513718373396
BH_s10_high,13,167,18.566666666666666,-1.2364604473114014,0.2612370595937292
BH_s10_high,13,168,18.6,-0.4290768504142761,0.04657794835845201
BH_s10_high,13,169,18.633333333333333,0.682984471321106,-0.2242618859705084
BH_s10_high,13,170,18.666666666666668,1.6689165830612183,-0.5518584076490446
BH_s10_high,13,171,18.7,1.992905855178833,-0.9098735319801676
BH_s10_high,13,172,18.733333333333334,1.8906047344207764,-1.247825216174145
BH_s10_high,13,173,18.766666666666666,1.6218558549880981,-1.5015713154697554
BH_s10_high,13,174,18.8,1.3141124248504639,-1.6088674182683995
BH_s10_high,13,175,18.833333333333332,0.9531747102737427,-1.5261768404115381
BH_s10_high,13,176,18.866666666666667,0.6312317848205566,-1.2425170104899725
BH_s10_high,13,177,18.9,0.43373388051986694,-0.7865350482406842
BH_s10_high,13,178,18.933333333333334,0.2665635943412781,-0.2242235756901882
BH_s10_high,13,179,18.966666666666665,0.09259141981601715,0.35332895030160655
BH_s10_high,13,180,19.0,-0.16310064494609833,0.8501796783993982
BH_s10_high,13,181,19.033333333333335,-0.49436986446380615,1.1890061955845226
BH_s10_high,13,182,19.066666666666666,-0.7439191937446594,1.3309280204931744
BH_s10_high,13,183,19.1,-0.9110894799232483,1.284656530629129
BH_s10_high,13,184,19.133333333333333,-1.078259825706482,1.1007598346270118
BH_s10_high,13,185,19.166666666666668,-1.1643693447113037,0.8521996578120082
BH_s10_high,13,186,19.2,-1.2479544878005981,0.60823061386921
BH_s10_high,13,187,19.233333333333334,-1.3315396308898926,0.41187057377766345
BH_s10_high,13,188,19.266666666666666,-1.415124773979187,0.2693462215399026
BH_s10_high,13,189,19.3,-1.4987099170684814,0.15464809704447982
BH_s10_high,13,190,19.333333333333332,-1.351798176765442,0.026512092284881363
BH_s10_high,13,191,19.366666666666667,-0.6294043064117432,-0.1493245917185495
BH_s10_high,13,192,19.4,0.517457902431488,-0.3816609064235971
BH_s10_high,13,193,19.433333333333334,1.628888487815857,-0.6465341508215509
BH_s10_high,13,194,19.466666666666665,2.121452808380127,-0.8934482989765089
BH_s10_high,13,195,19.5,2.10475754737854,-1.061732881593781
BH_s10_high,13,196,19.533333333333335,1.8540019989013672,-1.100051753339444
BH_s10_high,13,197,19.566666666666666,1.5445688962936401,-0.981926724924062
BH_s10_high,13,198,19.6,1.2102282047271729,-0.7129157272265574
BH_s10_high,13,199,19.633333333333333,0.8453845381736755,-0.32897247703647253
BH_s10_high,13,200,19.666666666666668,0.5946290493011475,0.11157864204363674
BH_s10_high,13,201,19.7,0.39509037137031555,0.5394148826859329
BH_s10_high,13,202,19.733333333333334,0.21466748416423798,0.8871981856732438
BH_s10_high,13,203,19.766666666666666,-0.03422270342707634,1.1032354983295245
BH_s10_high,13,204,19.8,-0.36566752195358276,1.163545856973073
BH_s10_high,13,205,19.833333333333332,-0.6581176519393921,1.078110640947057
BH_s10_high,13,206,19.866666666666667,-0.8671783804893494,0.8871826941233567
BH_s10_high,13,207,19.9,-0.9951581954956055,0.6469168794110502
BH_s10_high,13,208,19.933333333333334,-1.1214685440063477,0.4090882084929986
BH_s10_high,13,209,19.966666666666665,-1.205053687095642,0.2036516625113237
BH_s10_high,13,210,20.0,-1.2886388301849365,0.032165107197724446
BH_s10_high,13,211,20.033333333333335,-1.372223973274231,-0.1252924868423105
BH_s10_high,13,212,20.066666666666666,-1.4558091163635254,-0.2941582123180052
BH_s10_high,13,213,20.1,-1.5105605125427246,-0.4891327282921487
BH_s10_high,13,214,20.133333333333333,-1.2632993459701538,-0.7052063612788058
BH_s10_high,13,215,20.166666666666668,-0.34733670949935913,-0.9185453475278724
BH_s10_high,13,216,20.2,0.8460932970046997,-1.0947179400469491
BH_s10_high,13,217,20.233333333333334,1.8648111820220947,-1.1991633740466605
BH_s10_high,13,218,20.266666666666666,2.183314085006714,-1.2055268774905967
BH_s10_high,13,219,20.3,2.068154811859131,-1.1003003230634214
BH_s10_high,13,220,20.333333333333332,1.7746741771697998,-0.8849151192865686
BH_s10_high,13,221,20.366666666666667,1.4672818183898926,-0.5770841758806723
BH_s10_high,13,222,20.4,1.090216040611267,-0.2114136564083056
BH_s10_high,13,223,20.433333333333334,0.7762378454208374,0.1629905152457649
BH_s10_high,13,224,20.466666666666665,0.6090675592422485,0.49051311253721813
BH_s10_high,13,225,20.5,0.4418972432613373,0.7224006838487239
BH_s10_high,13,226,20.533333333333335,0.22283083200454712,0.8307656327459649
BH_s10_high,13,227,20.566666666666666,-0.06878455728292465,0.8163457994829574
BH_s10_high,13,228,20.6,-0.40227019786834717,0.7060897358584293
BH_s10_high,13,229,20.633333333333333,-0.6530256271362305,0.5422158956083589
BH_s10_high,13,230,20.666666666666668,-0.8240817785263062,0.3683327175529525
BH_s10_high,13,231,20.7,-0.9503921270370483,0.21839145733195955
BH_s10_high,13,232,20.733333333333334,-1.070096492767334,0.11128490097391615
BH_s10_high,13,233,20.766666666666666,-1.1175624132156372,0.05067656098601625
BH_s10_high,13,234,20.8,-1.2438727617263794,0.02845690101986279
BH_s10_high,13,235,20.833333333333332,-1.3274579048156738,0.030336843660515464
BH_s10_high,13,236,20.866666666666667,-1.453768253326416,0.04195205595188105
BH_s10_high,13,237,20.9,-1.2911456823349,0.053624804641769136
BH_s10_high,13,238,20.933333333333334,-0.5278257727622986,0.062399891480797144
BH_s10_high,13,239,20.966666666666665,0.587108314037323,0.07113207129269802
BH_s10_high,14,0,14.0,-1.026231288909912,-0.08718981534453117
BH_s10_high,14,1,14.033333333333333,-1.1098164319992065,0.4085511338079431
BH_s10_high,14,2,14.066666666666666,-1.1687589883804321,0.7926669503952581
BH_s10_high,14,3,14.1,-0.9694215655326843,0.9849696565155087
BH_s10_high,14,4,14.133333333333333,-0.2551221549510956,0.9592116082761357
BH_s10_high,14,5,14.166666666666666,0.7260865569114685,0.7446759473982192
BH_s10_high,14,6,14.2,1.5405681133270264,0.40872706139072135
BH_s10_high,14,7,14.233333333333333,1.7792798280715942,0.03020850889545635
BH_s10_high,14,8,14.266666666666667,1.6669270992279053,-0.32369632189260866
BH_s10_high,14,9,14.3,1.4454457759857178,-0.6091022727279856
BH_s10_high,14,10,14.333333333333334,1.1519651412963867,-0.805283283958568
BH_s10_high,14,11,14.366666666666667,0.8584845066070557,-0.9081638433392392
BH_s10_high,14,12,14.4,0.6137191653251648,-0.9233776508382573
BH_s10_high,14,13,14.433333333333334,0.4892740845680237,-0.8617014523619764
BH_s10_high,14,14,14.466666666666667,0.3648289740085602,-0.736400846196989
BH_s10_high,14,15,14.5,0.1545391082763672,-0.560921690002737
BH_s10_high,14,16,14.533333333333333,-0.0962163433432579,-0.3466362725082842
BH_s10_high,14,17,14.566666666666666,-0.3469717800617218,-0.10211196914812729
BH_s10_high,14,18,14.6,-0.5977272391319275,0.16455851216923068
BH_s10_high,14,19,14.633333333333333,-0.7344403266906738,0.44095916487715914
BH_s10_high,14,20,14.666666666666666,-0.8180254697799683,0.7064677066178405
BH_s10_high,14,21,14.7,-0.9016106128692627,0.9329487867221837
BH_s10_high,14,22,14.733333333333333,-0.9851957559585571,1.0902758032903082
BH_s10_high,14,23,14.766666666666667,-1.0687808990478516,1.1534764890203901
BH_s10_high,14,24,14.8,-0.9089217782020569,1.1083053240128071
BH_s10_high,14,25,14.833333333333334,-0.28321030735969543,0.9540387786581647
BH_s10_high,14,26,14.866666666666667,0.6405699849128723,0.7034623805081791
BH_s10_high,14,27,14.9,1.4544585943222046,0.3803930039539339
BH_s10_high,14,28,14.933333333333334,1.7365546226501465,0.015661557242346545
BH_s10_high,14,29,14.966666666666667,1.6428112983703613,-0.35702152377595386
BH_s10_high,14,30,15.0,1.392055869102478,-0.7041522564033681
BH_s10_high,14,31,15.033333333333333,1.0852996110916138,-0.9942286320111847
BH_s10_high,14,32,15.066666666666666,0.7623693346977234,-1.1990178952860595
BH_s10_high,14,33,15.1,0.5211589336395264,-1.2955020922701175
BH_s10_high,14,34,15.133333333333333,0.39671385288238525,-1.2692042672203216
BH_s10_high,14,35,15.166666666666666,0.27226874232292175,-1.118239835558154
BH_s10_high,14,36,15.2,0.06237324699759483,-0.856031402584738
BH_s10_high,14,37,15.233333333333333,-0.1923314929008484,-0.5106271607585667
BH_s10_high,14,38,15.266666666666667,-0.4430869519710541,-0.12040484651293228
BH_s10_high,14,39,15.3,-0.6527636647224426,0.27225523538802904
BH_s10_high,14,40,15.333333333333334,-0.7807204723358154,0.6276524974473343
BH_s10_high,14,41,15.366666666666667,-0.9070308208465576,0.9147880072997363
BH_s10_high,14,42,15.4,-0.990615963935852,1.1156319535525474
BH_s10_high,14,43,15.433333333333334,-1.0742011070251465,1.2259914368516363
BH_s10_high,14,44,15.466666666666667,-1.157786250114441,1.2516411018009903
BH_s10_high,14,45,15.5,-1.2114841938018799,1.200729329936876
BH_s10_high,14,46,15.533333333333333,-0.9579018950462341,1.0769632616408904
BH_s10_high,14,47,15.566666666666666,-0.19743172824382782,0.8786698872294939
BH_s10_high,14,48,15.6,0.8560382723808289,0.6044443485475861
BH_s10_high,14,49,15.633333333333333,1.6799122095108032,0.2609721696281763
BH_s10_high,14,50,15.666666666666666,1.9501806497573853,-0.13230956080236428
BH_s10_high,14,51,15.7,1.8513683080673218,-0.5440429612207448
BH_s10_high,14,52,15.733333333333333,1.6433379650115967,-0.935861319670682
BH_s10_high,14,53,15.766666666666667,1.3498573303222656,-1.2681703679874616
BH_s10_high,14,54,15.8,1.0136514902114868,-1.5045734149700578
BH_s10_high,14,55,15.833333333333334,0.7201708555221558,-1.6149479399671667
BH_s10_high,14,56,15.866666666666667,0.530879557132721,-1.5785261178301078
BH_s10_high,14,57,15.9,0.3895607888698578,-1.3880287633548594
BH_s10_high,14,58,15.933333333333334,0.18153055012226105,-1.0543832155699286
BH_s10_high,14,59,15.966666666666667,-0.07299860566854477,-0.6098031569132264
BH_s10_high,14,60,16.0,-0.3627055287361145,-0.10622488988376352
BH_s10_high,14,61,16.033333333333335,-0.5707358121871948,0.3927232674725103
BH_s10_high,14,62,16.066666666666666,-0.7805880904197693,0.825035241517783
BH_s10_high,14,63,16.1,-0.9050331711769104,1.1447339447717408
BH_s10_high,14,64,16.133333333333333,-0.9923056364059448,1.3320439346236876
BH_s10_high,14,65,16.166666666666668,-1.0758907794952393,1.3950001916552919
BH_s10_high,14,66,16.2,-1.1594759225845337,1.3609167465718173
BH_s10_high,14,67,16.233333333333334,-1.2857862710952759,1.260708684649079
BH_s10_high,14,68,16.266666666666666,-1.3396598100662231,1.113914607461511
BH_s10_high,14,69,16.3,-1.0444058179855347,0.9229019442212247
BH_s10_high,14,70,16.333333333333332,-0.21610721945762634,0.678941158829904
BH_s10_high,14,71,16.366666666666667,0.8537556529045105,0.3751984000740675
BH_s10_high,14,72,16.4,1.7214083671569824,0.0182301935034845
BH_s10_high,14,73,16.433333333333334,1.992905855178833,-0.368237265197702
BH_s10_high,14,74,16.466666666666665,1.9131404161453247,-0.7479232426234413
BH_s10_high,14,75,16.5,1.729315161705017,-1.0808491314077673
BH_s10_high,14,76,16.533333333333335,1.421044945716858,-1.331214998719204
BH_s10_high,14,77,16.566666666666666,1.0737799406051636,-1.4715816978357015
BH_s10_high,14,78,16.6,0.7206976413726807,-1.4842649549839764
BH_s10_high,14,79,16.633333333333333,0.5218612551689148,-1.362625379235578
BH_s10_high,14,80,16.666666666666668,0.3546909689903259,-1.1135953244855734
BH_s10_high,14,81,16.7,0.1393321007490158,-0.7601973152296543
BH_s10_high,14,82,16.733333333333334,-0.11142333596944809,-0.34150856271162455
BH_s10_high,14,83,16.766666666666666,-0.40490397810935974,0.0920221120268433
BH_s10_high,14,84,16.8,-0.6556594371795654,0.4883182626365177
BH_s10_high,14,85,16.833333333333332,-0.8229621052742004,0.806091178796552
BH_s10_high,14,86,16.866666666666667,-0.9512701034545898,1.024630986569649
BH_s10_high,14,87,16.9,-1.0718523263931274,1.1455630248737876
BH_s10_high,14,88,16.933333333333334,-1.1611655950546265,1.1852986600783872
BH_s10_high,14,89,16.966666666666665,-1.2020255327224731,1.1624742603940499
BH_s10_high,14,90,17.0,-1.2856106758117676,1.0875104389441332
BH_s10_high,14,91,17.033333333333335,-1.382385015487671,0.9595821827665525
BH_s10_high,14,92,17.066666666666666,-1.271701693534851,0.7710682658165594
BH_s10_high,14,93,17.1,-0.6543521881103516,0.5153437687304913
BH_s10_high,14,94,17.133333333333333,0.3814958333969116,0.19377550700990476
BH_s10_high,14,95,17.166666666666668,1.4018776416778564,-0.179830116193456
BH_s10_high,14,96,17.2,1.862424612045288,-0.5775331313935966
BH_s10_high,14,97,17.233333333333334,1.8280410766601562,-0.9584486497250188
BH_s10_high,14,98,17.266666666666666,1.6016663312911987,-1.2732817965872147
BH_s10_high,14,99,17.3,1.336296796798706,-1.4723720505564308
BH_s10_high,14,100,17.333333333333332,0.9892074465751648,-1.516160839657473
BH_s10_high,14,101,17.366666666666667,0.6676156520843506,-1.3856252305310814
BH_s10_high,14,102,17.4,0.4367620348930359,-1.0896828287620122
BH_s10_high,14,103,17.433333333333334,0.3123169541358948,-0.6668771769976765
BH_s10_high,14,104,17.466666666666665,0.09713366627693176,-0.17960172407301156
BH_s10_high,14,105,17.5,-0.11431912332773209,0.2989417287965312
BH_s10_high,14,106,17.533333333333335,-0.4043772220611572,0.7020074520313929
BH_s10_high,14,107,17.566666666666666,-0.6551326513290405,0.985350007411818
BH_s10_high,14,108,17.6,-0.8653361201286316,1.1362156682637965
BH_s10_high,14,109,17.633333333333333,-0.9897812008857727,1.1716045196816616
BH_s10_high,14,110,17.666666666666668,-1.0774048566818237,1.126263978894036
BH_s10_high,14,111,17.7,-1.1609899997711182,1.0355515280117529
BH_s10_high,14,112,17.733333333333334,-1.2018499374389648,0.9212205685548102
BH_s10_high,14,113,17.766666666666666,-1.316660761833191,0.7865981579565078
BH_s10_high,14,114,17.8,-1.310299277305603,0.6215592632049393
BH_s10_high,14,115,17.833333333333332,-0.9060719609260559,0.4121838127766421
BH_s10_high,14,116,17.866666666666667,-0.0066952770575881,0.14949200563492163
BH_s10_high,14,117,17.9,1.015286922454834,-0.16518192668834702
BH_s10_high,14,118,17.933333333333334,1.6313523054122925,-0.517667079960718
BH_s10_high,14,119,17.966666666666665,1.6537610292434692,-0.8801290539000673
BH_s10_high,14,120,18.0,1.4075275659561157,-1.212167891914351
BH_s10_high,14,121,18.033333333333335,1.073186993598938,-1.4652685429812375
BH_s10_high,14,122,18.066666666666666,0.7388463616371155,-1.5912474889978574
BH_s10_high,14,123,18.1,0.41707900166511536,-1.5533462376284308
BH_s10_high,14,124,18.133333333333333,0.2624819278717041,-1.337106888626047
BH_s10_high,14,125,18.166666666666668,0.14687952399253845,-0.9577081330786573
BH_s10_high,14,126,18.2,0.013591723516583443,-0.4609317488666855
BH_s10_high,14,127,18.233333333333334,-0.2065281867980957,0.08377564342376051
BH_s10_high,14,128,18.266666666666666,-0.49489662051200867,0.5976634263194042
BH_s10_high,14,129,18.3,-0.7456520795822144,1.0112836208634055
BH_s10_high,14,130,18.333333333333332,-0.9541658759117126,1.2814997906996288
BH_s10_high,14,131,18.366666666666667,-1.0809597969055176,1.4001917523195317
BH_s10_high,14,132,18.4,-1.164544939994812,1.390409564433332
BH_s10_high,14,133,18.433333333333334,-1.2481300830841064,1.2913687506414422
BH_s10_high,14,134,18.466666666666665,-1.2889900207519531,1.1398670380292455
BH_s10_high,14,135,18.5,-1.3725751638412476,0.9574761741777871
BH_s10_high,14,136,18.533333333333335,-1.456160306930542,0.7480801984888513
BH_s10_high,14,137,18.566666666666666,-1.2364604473114014,0.5038317805512345
BH_s10_high,14,138,18.6,-0.4290768504142761,0.21485916746760486
BH_s10_high,14,139,18.633333333333333,0.682984471321106,-0.12128130729428875
BH_s10_high,14,140,18.666666666666668,1.6689165830612183,-0.4930949331360791
BH_s10_high,14,141,18.7,1.992905855178833,-0.8730859840855825
BH_s10_high,14,142,18.733333333333334,1.8906047344207764,-1.2203799293165756
BH_s10_high,14,143,18.766666666666666,1.6218558549880981,-1.4871637436498815
BH_s10_high,14,144,18.8,1.3141124248504639,-1.6274774348443108
BH_s10_high,14,145,18.833333333333332,0.9531747102737427,-1.6067777862871948
BH_s10_high,14,146,18.866666666666667,0.6312317848205566,-1.4107689899391263
BH_s10_high,14,147,18.9,0.43373388051986694,-1.0518280197239955
BH_s10_high,14,148,18.933333333333334,0.2665635943412781,-0.5709286573155665
BH_s10_high,14,149,18.966666666666665,0.09259141981601715,-0.03301230122849545
BH_s10_high,14,150,19.0,-0.16310064494609833,0.48494336002541205
BH_s10_high,14,151,19.033333333333335,-0.49436986446380615,0.9112589450004225
BH_s10_high,14,152,19.066666666666666,-0.7439191937446594,1.1972966488485226
BH_s10_high,14,153,19.1,-0.9110894799232483,1.3288513843881884
BH_s10_high,14,154,19.133333333333333,-1.078259825706482,1.3257061242429213
BH_s10_high,14,155,19.166666666666668,-1.1643693447113037,1.228765017814977
BH_s10_high,14,156,19.2,-1.2479544878005981,1.0807725926385578
BH_s10_high,14,157,19.233333333333334,-1.3315396308898926,0.9100608875052459
BH_s10_high,14,158,19.266666666666666,-1.415124773979187,0.7240237424837441
BH_s10_high,14,159,19.3,-1.4987099170684814,0.5130840234370693
BH_s10_high,14,160,19.333333333333332,-1.351798176765442,0.2614537571056751
BH_s10_high,14,161,19.366666666666667,-0.6294043064117432,-0.0405323863370553
BH_s10_high,14,162,19.4,0.517457902431488,-0.38702412520381413
BH_s10_high,14,163,19.433333333333334,1.628888487815857,-0.7528803858521347
BH_s10_high,14,164,19.466666666666665,2.121452808380127,-1.0961621276539306
BH_s10_high,14,165,19.5,2.10475754737854,-1.3658051467747623
BH_s10_high,14,166,19.533333333333335,1.8540019989013672,-1.5122000539824705
BH_s10_high,14,167,19.566666666666666,1.5445688962936401,-1.49815931390053
BH_s10_high,14,168,19.6,1.2102282047271729,-1.3083525386550934
BH_s10_high,14,169,19.633333333333333,0.8453845381736755,-0.9557294980576639
BH_s10_high,14,170,19.666666666666668,0.5946290493011475,-0.4831232375312764
BH_s10_high,14,171,19.7,0.39509037137031555,0.041938921897774296
BH_s10_high,14,172,19.733333333333334,0.21466748416423798,0.5399585290815109
BH_s10_high,14,173,19.766666666666666,-0.03422270342707634,0.937716244147199
BH_s10_high,14,174,19.8,-0.36566752195358276,1.1868380670154788
BH_s10_high,14,175,19.833333333333332,-0.6581176519393921,1.2756670948812394
BH_s10_high,14,176,19.866666666666667,-0.8671783804893494,1.228746497762303
BH_s10_high,14,177,19.9,-0.9951581954956055,1.093175434642511
BH_s10_high,14,178,19.933333333333334,-1.1214685440063477,0.9178203945824077
BH_s10_high,14,179,19.966666666666665,-1.205053687095642,0.7352317634302798
BH_s10_high,14,180,20.0,-1.2886388301849365,0.5539760978017928
BH_s10_high,14,181,20.033333333333335,-1.372223973274231,0.3630143715957977
BH_s10_high,14,182,20.066666666666666,-1.4558091163635254,0.14402199732398688
BH_s10_high,14,183,20.1,-1.5105605125427246,-0.1150668345321059
BH_s10_high,14,184,20.133333333333333,-1.2632993459701538,-0.41092338423257097
BH_s10_high,14,185,20.166666666666668,-0.34733670949935913,-0.7224315703421246
BH_s10_high,14,186,20.2,0.8460932970046997,-1.0141270341934265
BH_s10_high,14,187,20.233333333333334,1.8648111820220947,-1.2429765258102645
BH_s10_high,14,188,20.266666666666666,2.183314085006714,-1.3663949569313663
BH_s10_high,14,189,20.3,2.068154811859131,-1.3506169059217963
BH_s10_high,14,190,20.333333333333332,1.7746741771697998,-1.1790861328924989
BH_s10_high,14,191,20.366666666666667,1.4672818183898926,-0.859708391535787
BH_s10_high,14,192,20.4,1.090216040611267,-0.4282461121773594
BH_s10_high,14,193,20.433333333333334,0.7762378454208374,0.055314936793881886
BH_s10_high,14,194,20.466666666666665,0.6090675592422485,0.5185543467692662
BH_s10_high,14,195,20.5,0.4418972432613373,0.8938867839565172
BH_s10_high,14,196,20.533333333333335,0.22283083200454712,1.1352600128091905
BH_s10_high,14,197,20.566666666666666,-0.06878455728292465,1.2276681469146646
BH_s10_high,14,198,20.6,-0.40227019786834717,1.1860080874213985
BH_s10_high,14,199,20.633333333333333,-0.6530256271362305,1.0447785873590831
BH_s10_high,14,200,20.666666666666668,-0.8240817785263062,0.8439549225261566
BH_s10_high,14,201,20.7,-0.9503921270370483,0.6170347343300986
BH_s10_high,14,202,20.733333333333334,-1.070096492767334,0.3847267815248689
BH_s10_high,14,203,20.766666666666666,-1.1175624132156372,0.15441065078050334
BH_s10_high,14,204,20.8,-1.2438727617263794,-0.07629226606232459
BH_s10_high,14,205,20.833333333333332,-1.3274579048156738,-0.31361836443148444
BH_s10_high,14,206,20.866666666666667,-1.453768253326416,-0.5608373020047093
BH_s10_high,14,207,20.9,-1.2911456823349,-0.8119888886626384
BH_s10_high,14,208,20.933333333333334,-0.5278257727622986,-1.0482277265831113
BH_s10_high,14,209,20.966666666666665,0.587108314037323,-1.23868953318161
BH_s10_high,14,210,21.0,1.5643301010131836,-1.3461800269749555
BH_s10_high,14,211,21.033333333333335,1.8647302389144897,-1.3359532735104593
BH_s10_high,14,212,21.066666666666666,1.666688084602356,-1.18487128140431
BH_s10_high,14,213,21.1,1.3323475122451782,-0.8886148258529153
BH_s10_high,14,214,21.133333333333333,0.9552817344665527,-0.46566331939424543
BH_s10_high,14,215,21.166666666666668,0.6328120231628418,0.04261029752937877
BH_s10_high,14,216,21.2,0.40206781029701233,0.5765033117200096
BH_s10_high,14,217,21.233333333333334,0.31034231185913086,1.0676143811335985
BH_s10_high,14,218,21.266666666666666,0.18589720129966736,1.4521704905701271
BH_s10_high,14,219,21.3,-0.023998290300369263,1.6846081182861399
BH_s10_high,14,220,21.333333333333332,-0.2817082107067108,1.7472278642995274
BH_s10_high,14,221,21.366666666666667,-0.615369439125061,1.6526461031097879
BH_s10_high,14,222,21.4,-0.8661248683929443,1.437876035430241
BH_s10_high,14,223,21.433333333333334,-1.0344810485839844,1.1517573503802
BH_s10_high,14,224,21.466666666666665,-1.121117353439331,0.8402180394807899
BH_s10_high,14,225,21.5,-1.2047024965286255,0.5347980895522394
BH_s10_high,14,226,21.533333333333335,-1.28828763961792,0.2481128365424012
BH_s10_high,14,227,21.566666666666666,-1.3718727827072144,-0.023192696619303795
BH_s10_high,14,228,21.6,-1.4554579257965088,-0.2900797230350231
BH_s10_high,14,229,21.633333333333333,-1.4535953998565674,-0.5609358954677552
BH_s10_high,14,230,21.666666666666668,-0.9880363941192627,-0.8335469567595867
BH_s10_high,14,231,21.7,0.03227368742227554,-1.092173586609869
BH_s10_high,14,232,21.733333333333334,1.245190978050232,-1.3104332259497868
BH_s10_high,14,233,21.766666666666666,2.055288314819336,-1.458304873443695
BH_s10_high,14,234,21.8,2.1682193279266357,-1.5102755252963933
BH_s10_high,14,235,21.833333333333332,1.9410327672958374,-1.4518339819965167
BH_s10_high,14,236,21.866666666666667,1.616700530052185,-1.2827757165403795
BH_s10_high,14,237,21.9,1.2550604343414307,-1.0171306081325835
BH_s10_high,14,238,21.933333333333334,0.9207199215888977,-0.6803217606760679
BH_s10_high,14,239,21.966666666666665,0.6487645506858826,-0.30481236432608133
BH_s10_high,15,0,15.0,1.392055869102478,0.04764057043020427
BH_s10_high,15,1,15.033333333333333,1.0852996110916138,-0.04859498153066353
BH_s10_high,15,2,15.066666666666666,0.7623693346977234,-0.15141099476897202
BH_s10_high,15,3,15.1,0.5211589336395264,-0.2545503301618013
BH_s10_high,15,4,15.133333333333333,0.39671385288238525,-0.3337942057060221
BH_s10_high,15,5,15.166666666666666,0.27226874232292175,-0.35350792954468085
BH_s10_high,15,6,15.2,0.06237324699759483,-0.28192136358199804
BH_s10_high,15,7,15.233333333333333,-0.1923314929008484,-0.10693903882205685
BH_s10_high,15,8,15.266666666666667,-0.4430869519710541,0.15531337620882174
BH_s10_high,15,9,15.3,-0.6527636647224426,0.46267405301340236
BH_s10_high,15,10,15.333333333333334,-0.7807204723358154,0.7589197680003068
BH_s10_high,15,11,15.366666666666667,-0.9070308208465576,0.991086366629698
BH_s10_high,15,12,15.4,-0.990615963935852,1.125199588615801
BH_s10_high,15,13,15.433333333333334,-1.0742011070251465,1.1535421271217892
BH_s10_high,15,14,15.466666666666667,-1.157786250114441,1.0903037632304533
BH_s10_high,15,15,15.5,-1.2114841938018799,0.9585777957534521
BH_s10_high,15,16,15.533333333333333,-0.9579018950462341,0.7768387464943044
BH_s10_high,15,17,15.566666666666666,-0.19743172824382782,0.552981936923075
BH_s10_high,15,18,15.6,0.8560382723808289,0.28783450261241517
BH_s10_high,15,19,15.633333333333333,1.6799122095108032,-0.016629309375065023
BH_s10_high,15,20,15.666666666666666,1.9501806497573853,-0.35062791444426555
BH_s10_high,15,21,15.7,1.8513683080673218,-0.694667493130631
BH_s10_high,15,22,15.733333333333333,1.6433379650115967,-1.021777536524455
BH_s10_high,15,23,15.766666666666667,1.3498573303222656,-1.3013175506813341
BH_s10_high,15,24,15.8,1.0136514902114868,-1.5023442304741932
BH_s10_high,15,25,15.833333333333334,0.7201708555221558,-1.5963488720941024
BH_s10_high,15,26,15.866666666666667,0.530879557132721,-1.5604546142626756
BH_s10_high,15,27,15.9,0.3895607888698578,-1.3820528819823754
BH_s10_high,15,28,15.933333333333334,0.18153055012226105,-1.0645204330229887
BH_s10_high,15,29,15.966666666666667,-0.07299860566854477,-0.6319357258424297
BH_s10_high,15,30,16.0,-0.3627055287361145,-0.12976602542325566
BH_s10_high,15,31,16.033333333333335,-0.5707358121871948,0.38069328712282
BH_s10_high,15,32,16.066666666666666,-0.7805880904197693,0.8338054570741527
BH_s10_high,15,33,16.1,-0.9050331711769104,1.1739398929837093
BH_s10_high,15,34,16.133333333333333,-0.9923056364059448,1.3682015320196665
BH_s10_high,15,35,16.166666666666668,-1.0758907794952393,1.41303890326346
BH_s10_high,15,36,16.2,-1.1594759225845337,1.3314816624787917
BH_s10_high,15,37,16.233333333333334,-1.2857862710952759,1.161234475327288
BH_s10_high,15,38,16.266666666666666,-1.3396598100662231,0.9389774719879326
BH_s10_high,15,39,16.3,-1.0444058179855347,0.6888860561376098
BH_s10_high,15,40,16.333333333333332,-0.21610721945762634,0.42052730937629385
BH_s10_high,15,41,16.366666666666667,0.8537556529045105,0.1352158406846341
BH_s10_high,15,42,16.4,1.7214083671569824,-0.16479019537780104
BH_s10_high,15,43,16.433333333333334,1.992905855178833,-0.4702422404142345
BH_s10_high,15,44,16.466666666666665,1.9131404161453247,-0.7642328757082104
BH_s10_high,15,45,16.5,1.729315161705017,-1.0249341259635896
BH_s10_high,15,46,16.533333333333335,1.421044945716858,-1.2286216416187559
BH_s10_high,15,47,16.566666666666666,1.0737799406051636,-1.3515380908915058
BH_s10_high,15,48,16.6,0.7206976413726807,-1.3713912928320733
BH_s10_high,15,49,16.633333333333333,0.5218612551689148,-1.2702732606207527
BH_s10_high,15,50,16.666666666666668,0.3546909689903259,-1.039881485989637
BH_s10_high,15,51,16.7,0.1393321007490158,-0.6879033569625075
BH_s10_high,15,52,16.733333333333334,-0.11142333596944809,-0.2426988400840489
BH_s10_high,15,53,16.766666666666666,-0.40490397810935974,0.2469837662211372
BH_s10_high,15,54,16.8,-0.6556594371795654,0.7191573341804003
BH_s10_high,15,55,16.833333333333332,-0.8229621052742004,1.1115697323929554
BH_s10_high,15,56,16.866666666666667,-0.9512701034545898,1.3762010587349955
BH_s10_high,15,57,16.9,-1.0718523263931274,1.4897406990099442
BH_s10_high,15,58,16.933333333333334,-1.1611655950546265,1.4564718179035168
BH_s10_high,15,59,16.966666666666665,-1.2020255327224731,1.3033784817416239
BH_s10_high,15,60,17.0,-1.2856106758117676,1.069745063512056
BH_s10_high,15,61,17.033333333333335,-1.382385015487671,0.7947080442439549
BH_s10_high,15,62,17.066666666666666,-1.271701693534851,0.50666416656533
BH_s10_high,15,63,17.1,-0.6543521881103516,0.21802255491635003
BH_s10_high,15,64,17.133333333333333,0.3814958333969116,-0.07280997970585597
BH_s10_high,15,65,17.166666666666668,1.4018776416778564,-0.37299062170422304
BH_s10_high,15,66,17.2,1.862424612045288,-0.683997457454597
BH_s10_high,15,67,17.233333333333334,1.8280410766601562,-0.9926185457216434
BH_s10_high,15,68,17.266666666666666,1.6016663312911987,-1.2681042977031378
BH_s10_high,15,69,17.3,1.336296796798706,-1.4667486443231719
BH_s10_high,15,70,17.333333333333332,0.9892074465751648,-1.542520242162666
BH_s10_high,15,71,17.366666666666667,0.6676156520843506,-1.4605035229239318
BH_s10_high,15,72,17.4,0.4367620348930359,-1.2090559199240902
BH_s10_high,15,73,17.433333333333334,0.3123169541358948,-0.8069112373869334
BH_s10_high,15,74,17.466666666666665,0.09713366627693176,-0.30285585551803895
BH_s10_high,15,75,17.5,-0.11431912332773209,0.232517141474884
BH_s10_high,15,76,17.533333333333335,-0.4043772220611572,0.721583682710534
BH_s10_high,15,77,17.566666666666666,-0.6551326513290405,1.0975786210275331
BH_s10_high,15,78,17.6,-0.8653361201286316,1.3202766827541172
BH_s10_high,15,79,17.633333333333333,-0.9897812008857727,1.383766335488876
BH_s10_high,15,80,17.666666666666668,-1.0774048566818237,1.312998610924353
BH_s10_high,15,81,17.7,-1.1609899997711182,1.1505159224615715
BH_s10_high,15,82,17.733333333333334,-1.2018499374389648,0.9395881214216593
BH_s10_high,15,83,17.766666666666666,-1.316660761833191,0.711346117150917
BH_s10_high,15,84,17.8,-1.310299277305603,0.4799920939056816
BH_s10_high,15,85,17.833333333333332,-0.9060719609260559,0.2452151719909129
BH_s10_high,15,86,17.866666666666667,-0.0066952770575881,-0.0014155671768622232
BH_s10_high,15,87,17.9,1.015286922454834,-0.26884509544077695
BH_s10_high,15,88,17.933333333333334,1.6313523054122925,-0.5591760464604699
BH_s10_high,15,89,17.966666666666665,1.6537610292434692,-0.8616148002030148
BH_s10_high,15,90,18.0,1.4075275659561157,-1.1495236804504032
BH_s10_high,15,91,18.033333333333335,1.073186993598938,-1.3825813898398114
BH_s10_high,15,92,18.066666666666666,0.7388463616371155,-1.5143793072716736
BH_s10_high,15,93,18.1,0.41707900166511536,-1.5035361480034484
BH_s10_high,15,94,18.133333333333333,0.2624819278717041,-1.3253762282479762
BH_s10_high,15,95,18.166666666666668,0.14687952399253845,-0.981301810932346
BH_s10_high,15,96,18.2,0.013591723516583443,-0.503350887726293
BH_s10_high,15,97,18.233333333333334,-0.2065281867980957,0.0481653012481404
BH_s10_high,15,98,18.266666666666666,-0.49489662051200867,0.5951247380233915
BH_s10_high,15,99,18.3,-0.7456520795822144,1.0589871129377615
BH_s10_high,15,100,18.333333333333332,-0.9541658759117126,1.3803343949404596
BH_s10_high,15,101,18.366666666666667,-1.0809597969055176,1.5331966362929406
BH_s10_high,15,102,18.4,-1.164544939994812,1.527762124567178
BH_s10_high,15,103,18.433333333333334,-1.2481300830841064,1.4001459209816083
BH_s10_high,15,104,18.466666666666665,-1.2889900207519531,1.1947567268301607
BH_s10_high,15,105,18.5,-1.3725751638412476,0.9483728657443193
BH_s10_high,15,106,18.533333333333335,-1.456160306930542,0.6823256962546482
BH_s10_high,15,107,18.566666666666666,-1.2364604473114014,0.40341747592846244
BH_s10_high,15,108,18.6,-0.4290768504142761,0.11023113842556755
BH_s10_high,15,109,18.633333333333333,0.682984471321106,-0.19927948530828676
BH_s10_high,15,110,18.666666666666668,1.6689165830612183,-0.5217053351868691
BH_s10_high,15,111,18.7,1.992905855178833,-0.8446422240339077
BH_s10_high,15,112,18.733333333333334,1.8906047344207764,-1.1457527768343694
BH_s10_high,15,113,18.766666666666666,1.6218558549880981,-1.3942459098362596
BH_s10_high,15,114,18.8,1.3141124248504639,-1.5545446632036806
BH_s10_high,15,115,18.833333333333332,0.9531747102737427,-1.5919062895904008
BH_s10_high,15,116,18.866666666666667,0.6312317848205566,-1.47971827506578
BH_s10_high,15,117,18.9,0.43373388051986694,-1.2077886073690098
BH_s10_high,15,118,18.933333333333334,0.2665635943412781,-0.7899742587635122
BH_s10_high,15,119,18.966666666666665,0.09259141981601715,-0.26822788003016973
BH_s10_high,15,120,19.0,-0.16310064494609833,0.29046222587607157
BH_s10_high,15,121,19.033333333333335,-0.49436986446380615,0.8062397226666884
BH_s10_high,15,122,19.066666666666666,-0.7439191937446594,1.2056343932119058
BH_s10_high,15,123,19.1,-0.9110894799232483,1.4413676321930977
BH_s10_high,15,124,19.133333333333333,-1.078259825706482,1.5041852611788882
BH_s10_high,15,125,19.166666666666668,-1.1643693447113037,1.4208990671012287
BH_s10_high,15,126,19.2,-1.2479544878005981,1.2395901282880422
BH_s10_high,15,127,19.233333333333334,-1.3315396308898926,1.009349445625418
BH_s10_high,15,128,19.266666666666666,-1.415124773979187,0.7637627597871586
BH_s10_high,15,129,19.3,-1.4987099170684814,0.514427708575586
BH_s10_high,15,130,19.333333333333332,-1.351798176765442,0.2555461530490898
BH_s10_high,15,131,19.366666666666667,-0.6294043064117432,-0.02426753940049438
BH_s10_high,15,132,19.4,0.517457902431488,-0.3293353250519972
BH_s10_high,15,133,19.433333333333334,1.628888487815857,-0.6490694320820649
BH_s10_high,15,134,19.466666666666665,2.121452808380127,-0.9573219669757504
BH_s10_high,15,135,19.5,2.10475754737854,-1.2176954068923893
BH_s10_high,15,136,19.533333333333335,1.8540019989013672,-1.3916399710915817
BH_s10_high,15,137,19.566666666666666,1.5445688962936401,-1.4463936998711209
BH_s10_high,15,138,19.6,1.2102282047271729,-1.3613608893348086
BH_s10_high,15,139,19.633333333333333,0.8453845381736755,-1.132875219941411
BH_s10_high,15,140,19.666666666666668,0.5946290493011475,-0.7773951405719709
BH_s10_high,15,141,19.7,0.39509037137031555,-0.33226685536460265
BH_s10_high,15,142,19.733333333333334,0.21466748416423798,0.14763995799713717
BH_s10_high,15,143,19.766666666666666,-0.03422270342707634,0.598701184053727
BH_s10_high,15,144,19.8,-0.36566752195358276,0.9618854149509432
BH_s10_high,15,145,19.833333333333332,-0.6581176519393921,1.1968962713747997
BH_s10_high,15,146,19.866666666666667,-0.8671783804893494,1.291360364091041
BH_s10_high,15,147,19.9,-0.9951581954956055,1.2604648323025314
BH_s10_high,15,148,19.933333333333334,-1.1214685440063477,1.1370361076298245
BH_s10_high,15,149,19.966666666666665,-1.205053687095642,0.9570798047368607
BH_s10_high,15,150,20.0,-1.2886388301849365,0.7477498769018183
BH_s10_high,15,151,20.033333333333335,-1.372223973274231,0.5225508231133416
BH_s10_high,15,152,20.066666666666666,-1.4558091163635254,0.283917337044322
BH_s10_high,15,153,20.1,-1.5105605125427246,0.029643131415286267
BH_s10_high,15,154,20.133333333333333,-1.2632993459701538,-0.24066969248751371
BH_s10_high,15,155,20.166666666666668,-0.34733670949935913,-0.5210871055024872
BH_s10_high,15,156,20.2,0.8460932970046997,-0.7970431126199155
BH_s10_high,15,157,20.233333333333334,1.8648111820220947,-1.04503196611989
BH_s10_high,15,158,20.266666666666666,2.183314085006714,-1.2343186946019755
BH_s10_high,15,159,20.3,2.068154811859131,-1.3310279137103775
BH_s10_high,15,160,20.333333333333332,1.7746741771697998,-1.3047564748864877
BH_s10_high,15,161,20.366666666666667,1.4672818183898926,-1.136960710437113
BH_s10_high,15,162,20.4,1.090216040611267,-0.829145854956742
BH_s10_high,15,163,20.433333333333334,0.7762378454208374,-0.4079737700958907
BH_s10_high,15,164,20.466666666666665,0.6090675592422485,0.07552780728961886
BH_s10_high,15,165,20.5,0.4418972432613373,0.5540504332610735
BH_s10_high,15,166,20.533333333333335,0.22283083200454712,0.9582190726680408
BH_s10_high,15,167,20.566666666666666,-0.06878455728292465,1.2330065317897865
BH_s10_high,15,168,20.6,-0.40227019786834717,1.350788034000536
BH_s10_high,15,169,20.633333333333333,-0.6530256271362305,1.316176858629262
BH_s10_high,15,170,20.666666666666668,-0.8240817785263062,1.1609272301101954
BH_s10_high,15,171,20.7,-0.9503921270370483,0.9311542818016143
BH_s10_high,15,172,20.733333333333334,-1.070096492767334,0.6718836955848208
BH_s10_high,15,173,20.766666666666666,-1.1175624132156372,0.41455243222478166
BH_s10_high,15,174,20.8,-1.2438727617263794,0.17156149721741723
BH_s10_high,15,175,20.833333333333332,-1.3274579048156738,-0.061025968313819644
BH_s10_high,15,176,20.866666666666667,-1.453768253326416,-0.29483286192937336
BH_s10_high,15,177,20.9,-1.2911456823349,-0.5387151743968547
BH_s10_high,15,178,20.933333333333334,-0.5278257727622986,-0.7904541039028637
BH_s10_high,15,179,20.966666666666665,0.587108314037323,-1.032972501024311
BH_s10_high,15,180,21.0,1.5643301010131836,-1.2357745534189457
BH_s10_high,15,181,21.033333333333335,1.8647302389144897,-1.3609163381914102
BH_s10_high,15,182,21.066666666666666,1.666688084602356,-1.3717553493510506
BH_s10_high,15,183,21.1,1.3323475122451782,-1.242331602649756
BH_s10_high,15,184,21.133333333333333,0.9552817344665527,-0.9655578343913361
BH_s10_high,15,185,21.166666666666668,0.6328120231628418,-0.5587254374675974
BH_s10_high,15,186,21.2,0.40206781029701233,-0.06468870655046988
BH_s10_high,15,187,21.233333333333334,0.31034231185913086,0.4528918413782574
BH_s10_high,15,188,21.266666666666666,0.18589720129966736,0.9207898570326928
BH_s10_high,15,189,21.3,-0.023998290300369263,1.2722041931141181
BH_s10_high,15,190,21.333333333333332,-0.2817082107067108,1.4630954182261544
BH_s10_high,15,191,21.366666666666667,-0.615369439125061,1.4829549073977495
BH_s10_high,15,192,21.4,-0.8661248683929443,1.3551835020668634
BH_s10_high,15,193,21.433333333333334,-1.0344810485839844,1.1262898896867695
BH_s10_high,15,194,21.466666666666665,-1.121117353439331,0.8485163844177637
BH_s10_high,15,195,21.5,-1.2047024965286255,0.5636150629102235
BH_s10_high,15,196,21.533333333333335,-1.28828763961792,0.29396079756470256
BH_s10_high,15,197,21.566666666666666,-1.3718727827072144,0.0428325910631778
BH_s10_high,15,198,21.6,-1.4554579257965088,-0.1982155750479037
BH_s10_high,15,199,21.633333333333333,-1.4535953998565674,-0.43895334797150076
BH_s10_high,15,200,21.666666666666668,-0.9880363941192627,-0.6811784758580298
BH_s10_high,15,201,21.7,0.03227368742227554,-0.9135171837549808
BH_s10_high,15,202,21.733333333333334,1.245190978050232,-1.1116813849226828
BH_s10_high,15,203,21.766666666666666,2.055288314819336,-1.2437584111599782
BH_s10_high,15,204,21.8,2.1682193279266357,-1.2784886914131945
BH_s10_high,15,205,21.833333333333332,1.9410327672958374,-1.1937821667206658
BH_s10_high,15,206,21.866666666666667,1.616700530052185,-0.9832925663589221
BH_s10_high,15,207,21.9,1.2550604343414307,-0.659955530705185
BH_s10_high,15,208,21.933333333333334,0.9207199215888977,-0.2561015422328064
BH_s10_high,15,209,21.966666666666665,0.6487645506858826,0.17999038825051997
BH_s10_high,15,210,22.0,0.4815942645072937,0.5910363724771279
BH_s10_high,15,211,22.033333333333335,0.3083244562149048,0.9207125105625021
BH_s10_high,15,212,22.066666666666666,0.057569000869989395,1.1253059376630905
BH_s10_high,15,213,22.1,-0.23828066885471344,1.1841690566498886
BH_s10_high,15,214,22.133333333333333,-0.529896080493927,1.1046703659875028
BH_s10_high,15,215,22.166666666666668,-0.7815092206001282,0.9184845105381325
BH_s10_high,15,216,22.2,-0.948679506778717,0.6705064133158573
BH_s10_high,15,217,22.233333333333334,-1.078216552734375,0.40566816195892474
BH_s10_high,15,218,22.266666666666666,-1.1618016958236694,0.1588872048308662
BH_s10_high,15,219,22.3,-1.2453868389129639,-0.04958644053994606
BH_s10_high,15,220,22.333333333333332,-1.3289719820022583,-0.21396378593091245
BH_s10_high,15,221,22.366666666666667,-1.4125571250915527,-0.3395461683258626
BH_s10_high,15,222,22.4,-1.3118822574615479,-0.437586147823106
BH_s10_high,15,223,22.433333333333334,-0.5951071977615356,-0.5193224319828162
BH_s10_high,15,224,22.466666666666665,0.5489456057548523,-0.5904393143024037
BH_s10_high,15,225,22.5,1.687301516532898,-0.6475443986431966
BH_s10_high,15,226,22.533333333333335,2.2482237815856934,-0.6777202809492806
BH_s10_high,15,227,22.566666666666666,2.2112956047058105,-0.6612356747704019
BH_s10_high,15,228,22.6,1.967169165611267,-0.5768830139262325
BH_s10_high,15,229,22.633333333333333,1.6603035926818848,-0.4091024011510255
BH_s10_high,15,230,22.666666666666668,1.2984880208969116,-0.15563098574842915
BH_s10_high,15,231,22.7,0.9329419136047363,0.1663185846140662
BH_s10_high,15,232,22.733333333333334,0.6918409466743469,0.5180320480403026
BH_s10_high,15,233,22.766666666666666,0.5168814659118652,0.8437375666008555
BH_s10_high,15,234,22.8,0.30292725563049316,1.0818056862605634
BH_s10_high,15,235,22.833333333333332,0.015370558016002178,1.1799809419801897
BH_s10_high,15,236,22.866666666666667,-0.2781100869178772,1.1095446313521347
BH_s10_high,15,237,22.9,-0.5715907216072083,0.8733221124630479
BH_s10_high,15,238,22.933333333333334,-0.7811580300331116,0.5052650859951674
BH_s10_high,15,239,22.966666666666665,-0.9483283162117004,0.06298225911005088
BH_s10_high,16,0,16.0,-0.3627055287361145,0.0838628149786132
BH_s10_high,16,1,16.033333333333335,-0.5707358121871948,0.7318646639022436
BH_s10_high,16,2,16.066666666666666,-0.7805880904197693,1.2857134144550662
BH_s10_high,16,3,16.1,-0.9050331711769104,1.6787045089475363
BH_s10_high,16,4,16.133333333333333,-0.9923056364059448,1.8846676905655688
BH_s10_high,16,5,16.166666666666668,-1.0758907794952393,1.9196408826036013
BH_s10_high,16,6,16.2,-1.1594759225845337,1.8277733737783866
BH_s10_high,16,7,16.233333333333334,-1.2857862710952759,1.658532348181394
BH_s10_high,16,8,16.266666666666666,-1.3396598100662231,1.4463744179421163
BH_s10_high,16,9,16.3,-1.0444058179855347,1.2020094456549795
BH_s10_high,16,10,16.333333333333332,-0.21610721945762634,0.9179939827330339
BH_s10_high,16,11,16.366666666666667,0.8537556529045105,0.5839498109261285
BH_s10_high,16,12,16.4,1.7214083671569824,0.20194161994679008
BH_s10_high,16,13,16.433333333333334,1.992905855178833,-0.20658580794143716
BH_s10_high,16,14,16.466666666666665,1.9131404161453247,-0.6047060846088852
BH_s10_high,16,15,16.5,1.729315161705017,-0.9504839778758462
BH_s10_high,16,16,16.533333333333335,1.421044945716858,-1.207487896232796
BH_s10_high,16,17,16.566666666666666,1.0737799406051636,-1.3511408653342962
BH_s10_high,16,18,16.6,0.7206976413726807,-1.3707579617985715
BH_s10_high,16,19,16.633333333333333,0.5218612551689148,-1.2695236570069997
BH_s10_high,16,20,16.666666666666668,0.3546909689903259,-1.0639285865964974
BH_s10_high,16,21,16.7,0.1393321007490158,-0.7821920710080046
BH_s10_high,16,22,16.733333333333334,-0.11142333596944809,-0.46048760645267206
BH_s10_high,16,23,16.766666666666666,-0.40490397810935974,-0.13664189232185034
BH_s10_high,16,24,16.8,-0.6556594371795654,0.15754524426126576
BH_s10_high,16,25,16.833333333333332,-0.8229621052742004,0.40274152655749895
BH_s10_high,16,26,16.866666666666667,-0.9512701034545898,0.5940091843015731
BH_s10_high,16,27,16.9,-1.0718523263931274,0.7364811029529711
BH_s10_high,16,28,16.933333333333334,-1.1611655950546265,0.8367524901031612
BH_s10_high,16,29,16.966666666666665,-1.2020255327224731,0.8949226487336353
BH_s10_high,16,30,17.0,-1.2856106758117676,0.9017559716155304
BH_s10_high,16,31,17.033333333333335,-1.382385015487671,0.8420909212747085
BH_s10_high,16,32,17.066666666666666,-1.271701693534851,0.7019769581211956
BH_s10_high,16,33,17.1,-0.6543521881103516,0.4756388826429084
BH_s10_high,16,34,17.133333333333333,0.3814958333969116,0.16995163085347056
BH_s10_high,16,35,17.166666666666668,1.4018776416778564,-0.1936685942166638
BH_s10_high,16,36,17.2,1.862424612045288,-0.579556096418459
BH_s10_high,16,37,17.233333333333334,1.8280410766601562,-0.9405892513207974
BH_s10_high,16,38,17.266666666666666,1.6016663312911987,-1.2241033635400036
BH_s10_high,16,39,17.3,1.336296796798706,-1.38088709450355
BH_s10_high,16,40,17.333333333333332,0.9892074465751648,-1.375969205047896
BH_s10_high,16,41,17.366666666666667,0.6676156520843506,-1.198673758282203
BH_s10_high,16,42,17.4,0.4367620348930359,-0.868795800863753
BH_s10_high,16,43,17.433333333333334,0.3123169541358948,-0.43591472956926475
BH_s10_high,16,44,17.466666666666665,0.09713366627693176,0.02993612654553683
BH_s10_high,16,45,17.5,-0.11431912332773209,0.4551733454279496
BH_s10_high,16,46,17.533333333333335,-0.4043772220611572,0.7820728398072808
BH_s10_high,16,47,17.566666666666666,-0.6551326513290405,0.9831705331481974
BH_s10_high,16,48,17.6,-0.8653361201286316,1.0645972717143593
BH_s10_high,16,49,17.633333333333333,-0.9897812008857727,1.0571222021603208
BH_s10_high,16,50,17.666666666666668,-1.0774048566818237,0.9993301196651565
BH_s10_high,16,51,17.7,-1.1609899997711182,0.920806383307987
BH_s10_high,16,52,17.733333333333334,-1.2018499374389648,0.8325459993948966
BH_s10_high,16,53,17.766666666666666,-1.316660761833191,0.7275047751571959
BH_s10_high,16,54,17.8,-1.310299277305603,0.5887528923079048
BH_s10_high,16,55,17.833333333333332,-0.9060719609260559,0.39957081942289624
BH_s10_high,16,56,17.866666666666667,-0.0066952770575881,0.15089887061709667
BH_s10_high,16,57,17.9,1.015286922454834,-0.15500745556732898
BH_s10_high,16,58,17.933333333333334,1.6313523054122925,-0.5032200330010641
BH_s10_high,16,59,17.966666666666665,1.6537610292434692,-0.8654647658441043
BH_s10_high,16,60,18.0,1.4075275659561157,-1.2005149171331557
BH_s10_high,16,61,18.033333333333335,1.073186993598938,-1.4577515588114567
BH_s10_high,16,62,18.066666666666666,0.7388463616371155,-1.585417075895851
BH_s10_high,16,63,18.1,0.41707900166511536,-1.5427728627751642
BH_s10_high,16,64,18.133333333333333,0.2624819278717041,-1.3130388428000592
BH_s10_high,16,65,18.166666666666668,0.14687952399253845,-0.9126989093204437
BH_s10_high,16,66,18.2,0.013591723516583443,-0.3929873602701026
BH_s10_high,16,67,18.233333333333334,-0.2065281867980957,0.16869356863132598
BH_s10_high,16,68,18.266666666666666,-0.49489662051200867,0.6863517617792407
BH_s10_high,16,69,18.3,-0.7456520795822144,1.0871287214548677
BH_s10_high,16,70,18.333333333333332,-0.9541658759117126,1.3296392619210151
BH_s10_high,16,71,18.366666666666667,-1.0809597969055176,1.4116957975025313
BH_s10_high,16,72,18.4,-1.164544939994812,1.3642012458196116
BH_s10_high,16,73,18.433333333333334,-1.2481300830841064,1.234125135897069
BH_s10_high,16,74,18.466666666666665,-1.2889900207519531,1.0645801188871837
BH_s10_high,16,75,18.5,-1.3725751638412476,0.8807949905880423
BH_s10_high,16,76,18.533333333333335,-1.456160306930542,0.6865070466359844
BH_s10_high,16,77,18.566666666666666,-1.2364604473114014,0.4696524063062304
BH_s10_high,16,78,18.6,-0.4290768504142761,0.21318802813642893
BH_s10_high,16,79,18.633333333333333,0.682984471321106,-0.09341755667659082
BH_s10_high,16,80,18.666666666666668,1.6689165830612183,-0.4456186841157528
BH_s10_high,16,81,18.7,1.992905855178833,-0.8203192320031536
BH_s10_high,16,82,18.733333333333334,1.8906047344207764,-1.1778807128516622
BH_s10_high,16,83,18.766666666666666,1.6218558549880981,-1.4685386134105871
BH_s10_high,16,84,18.8,1.3141124248504639,-1.6415449099676
BH_s10_high,16,85,18.833333333333332,0.9531747102737427,-1.65545815280996
BH_s10_high,16,86,18.866666666666667,0.6312317848205566,-1.488225382671439
BH_s10_high,16,87,18.9,0.43373388051986694,-1.1453818986992537
BH_s10_high,16,88,18.933333333333334,0.2665635943412781,-0.6638431860528798
BH_s10_high,16,89,18.966666666666665,0.09259141981601715,-0.10848245520149577
BH_s10_high,16,90,19.0,-0.16310064494609833,0.439852251844827
BH_s10_high,16,91,19.033333333333335,-0.49436986446380615,0.9029260321099477
BH_s10_high,16,92,19.066666666666666,-0.7439191937446594,1.2245569138530368
BH_s10_high,16,93,19.1,-0.9110894799232483,1.3834497851944039
BH_s10_high,16,94,19.133333333333333,-1.078259825706482,1.3941381681599867
BH_s10_high,16,95,19.166666666666668,-1.1643693447113037,1.2958993087931088
BH_s10_high,16,96,19.2,-1.2479544878005981,1.134902465157611
BH_s10_high,16,97,19.233333333333334,-1.3315396308898926,0.9473866084695077
BH_s10_high,16,98,19.266666666666666,-1.415124773979187,0.7499967275627109
BH_s10_high,16,99,19.3,-1.4987099170684814,0.5394549177777592
BH_s10_high,16,100,19.333333333333332,-1.351798176765442,0.30021698124945884
BH_s10_high,16,101,19.366666666666667,-0.6294043064117432,0.016554176569149405
BH_s10_high,16,102,19.4,0.517457902431488,-0.315483046686022
BH_s10_high,16,103,19.433333333333334,1.628888487815857,-0.6803472563494127
BH_s10_high,16,104,19.466666666666665,2.121452808380127,-1.0418976302162946
BH_s10_high,16,105,19.5,2.10475754737854,-1.349032149997934
BH_s10_high,16,106,19.533333333333335,1.8540019989013672,-1.5463212093784577
BH_s10_high,16,107,19.566666666666666,1.5445688962936401,-1.5869567909564015
BH_s10_high,16,108,19.6,1.2102282047271729,-1.4451551493480852
BH_s10_high,16,109,19.633333333333333,0.8453845381736755,-1.1252855171336105
BH_s10_high,16,110,19.666666666666668,0.5946290493011475,-0.6651605923021788
BH_s10_high,16,111,19.7,0.39509037137031555,-0.13144356636017335
BH_s10_high,16,112,19.733333333333334,0.21466748416423798,0.3934006233912201
BH_s10_high,16,113,19.766666666666666,-0.03422270342707634,0.8304176130382865
BH_s10_high,16,114,19.8,-0.36566752195358276,1.124207638262062
BH_s10_high,16,115,19.833333333333332,-0.6581176519393921,1.256393990117547
BH_s10_high,16,116,19.866666666666667,-0.8671783804893494,1.2468367570065224
BH_s10_high,16,117,19.9,-0.9951581954956055,1.1417298870428072
BH_s10_high,16,118,19.933333333333334,-1.1214685440063477,0.993564338999177
BH_s10_high,16,119,19.966666666666665,-1.205053687095642,0.84148666316214
BH_s10_high,16,120,20.0,-1.2886388301849365,0.6997110436567326
BH_s10_high,16,121,20.033333333333335,-1.372223973274231,0.5574315319105384
BH_s10_high,16,122,20.066666666666666,-1.4558091163635254,0.3887568528386737
BH_s10_high,16,123,20.1,-1.5105605125427246,0.1676405291422725
BH_s10_high,16,124,20.133333333333333,-1.2632993459701538,-0.11829545260223943
BH_s10_high,16,125,20.166666666666668,-0.34733670949935913,-0.4597039701219857
BH_s10_high,16,126,20.2,0.8460932970046997,-0.8249106872452366
BH_s10_high,16,127,20.233333333333334,1.8648111820220947,-1.1656686388711848
BH_s10_high,16,128,20.266666666666666,2.183314085006714,-1.4268481041830432
BH_s10_high,16,129,20.3,2.068154811859131,-1.5576552862191568
BH_s10_high,16,130,20.333333333333332,1.7746741771697998,-1.522466016000912
BH_s10_high,16,131,20.366666666666667,1.4672818183898926,-1.3096364688532236
BH_s10_high,16,132,20.4,1.090216040611267,-0.9365296594069524
BH_s10_high,16,133,20.433333333333334,0.7762378454208374,-0.4488910527723168
BH_s10_high,16,134,20.466666666666665,0.6090675592422485,0.08664681025283168
BH_s10_high,16,135,20.5,0.4418972432613373,0.5961621836229688
BH_s10_high,16,136,20.533333333333335,0.22283083200454712,1.0145144456495077
BH_s10_high,16,137,20.566666666666666,-0.06878455728292465,1.2985472651723393
BH_s10_high,16,138,20.6,-0.40227019786834717,1.4331462871034495
BH_s10_high,16,139,20.633333333333333,-0.6530256271362305,1.4290335407713775
BH_s10_high,16,140,20.666666666666668,-0.8240817785263062,1.3144696661625461
BH_s10_high,16,141,20.7,-0.9503921270370483,1.1246242258697239
BH_s10_high,16,142,20.733333333333334,-1.070096492767334,0.8917752696042148
BH_s10_high,16,143,20.766666666666666,-1.1175624132156372,0.6382342148235215
BH_s10_high,16,144,20.8,-1.2438727617263794,0.3733797004495293
BH_s10_high,16,145,20.833333333333332,-1.3274579048156738,0.09576469958678871
BH_s10_high,16,146,20.866666666666667,-1.453768253326416,-0.20016005886959112
BH_s10_high,16,147,20.9,-1.2911456823349,-0.5152443613860274
BH_s10_high,16,148,20.933333333333334,-0.5278257727622986,-0.8386900586138595
BH_s10_high,16,149,20.966666666666665,0.587108314037323,-1.1461399006978228
BH_s10_high,16,150,21.0,1.5643301010131836,-1.4030822279513426
BH_s10_high,16,151,21.033333333333335,1.8647302389144897,-1.5712281352597102
BH_s10_high,16,152,21.066666666666666,1.666688084602356,-1.6153545263315507
BH_s10_high,16,153,21.1,1.3323475122451782,-1.5097005099541443
BH_s10_high,16,154,21.133333333333333,0.9552817344665527,-1.2442760125457482
BH_s10_high,16,155,21.166666666666668,0.6328120231628418,-0.8309675515227191
BH_s10_high,16,156,21.2,0.40206781029701233,-0.30734433767052427
BH_s10_high,16,157,21.233333333333334,0.31034231185913086,0.2652216490302264
BH_s10_high,16,158,21.266666666666666,0.18589720129966736,0.811175628720147
BH_s10_high,16,159,21.3,-0.023998290300369263,1.256752066142814
BH_s10_high,16,160,21.333333333333332,-0.2817082107067108,1.5474048998061063
BH_s10_high,16,161,21.366666666666667,-0.615369439125061,1.6603152898034386
BH_s10_high,16,162,21.4,-0.8661248683929443,1.6071719222105105
BH_s10_high,16,163,21.433333333333334,-1.0344810485839844,1.4263015079370185
BH_s10_high,16,164,21.466666666666665,-1.121117353439331,1.1675276790396765
BH_s10_high,16,165,21.5,-1.2047024965286255,0.8758377336910075
BH_s10_high,16,166,21.533333333333335,-1.28828763961792,0.5798666698795125
BH_s10_high,16,167,21.566666666666666,-1.3718727827072144,0.2887466287659946
BH_s10_high,16,168,21.6,-1.4554579257965088,-0.002668601933120406
BH_s10_high,16,169,21.633333333333333,-1.4535953998565674,-0.3033985815904048
BH_s10_high,16,170,21.666666666666668,-0.9880363941192627,-0.6156215235337177
BH_s10_high,16,171,21.7,0.03227368742227554,-0.9279259936184525
BH_s10_high,16,172,21.733333333333334,1.245190978050232,-1.2143219991570917
BH_s10_high,16,173,21.766666666666666,2.055288314819336,-1.438276603287192
BH_s10_high,16,174,21.8,2.1682193279266357,-1.5600084380553665
BH_s10_high,16,175,21.833333333333332,1.9410327672958374,-1.5453931207912919
BH_s10_high,16,176,21.866666666666667,1.616700530052185,-1.3749913659414599
BH_s10_high,16,177,21.9,1.2550604343414307,-1.0514574888817472
BH_s10_high,16,178,21.933333333333334,0.9207199215888977,-0.6032084361390296
BH_s10_high,16,179,21.966666666666665,0.6487645506858826,-0.08250372087397953
BH_s10_high,16,180,22.0,0.4815942645072937,0.4425605711109431
BH_s10_high,16,181,22.033333333333335,0.3083244562149048,0.9008236214217531
BH_s10_high,16,182,22.066666666666666,0.057569000869989395,1.2328051714763242
BH_s10_high,16,183,22.1,-0.23828066885471344,1.4035886580269732
BH_s10_high,16,184,22.133333333333333,-0.529896080493927,1.4096297522616494
BH_s10_high,16,185,22.166666666666668,-0.7815092206001282,1.2766937699433276
BH_s10_high,16,186,22.2,-0.948679506778717,1.0495906098403984
BH_s10_high,16,187,22.233333333333334,-1.078216552734375,0.7777731944714613
BH_s10_high,16,188,22.266666666666666,-1.1618016958236694,0.5019766491819675
BH_s10_high,16,189,22.3,-1.2453868389129639,0.24591799671459755
BH_s10_high,16,190,22.333333333333332,-1.3289719820022583,0.014849666995407925
BH_s10_high,16,191,22.366666666666667,-1.4125571250915527,-0.19957378799938777
BH_s10_high,16,192,22.4,-1.3118822574615479,-0.41045121232614523
BH_s10_high,16,193,22.433333333333334,-0.5951071977615356,-0.6259612596188934
BH_s10_high,16,194,22.466666666666665,0.5489456057548523,-0.8417878426549467
BH_s10_high,16,195,22.5,1.687301516532898,-1.0377482555993445
BH_s10_high,16,196,22.533333333333335,2.2482237815856934,-1.1797334529942343
BH_s10_high,16,197,22.566666666666666,2.2112956047058105,-1.2269422457097516
BH_s10_high,16,198,22.6,1.967169165611267,-1.1430627747434532
BH_s10_high,16,199,22.633333333333333,1.6603035926818848,-0.9087241539247887
BH_s10_high,16,200,22.666666666666668,1.2984880208969116,-0.5316280297319462
BH_s10_high,16,201,22.7,0.9329419136047363,-0.05074461064285161
BH_s10_high,16,202,22.733333333333334,0.6918409466743469,0.46786568021886643
BH_s10_high,16,203,22.766666666666666,0.5168814659118652,0.9437430507887947
BH_s10_high,16,204,22.8,0.30292725563049316,1.3004922500256249
BH_s10_high,16,205,22.833333333333332,0.015370558016002178,1.484798609480037
BH_s10_high,16,206,22.866666666666667,-0.2781100869178772,1.479768969137506
BH_s10_high,16,207,22.9,-0.5715907216072083,1.3075927966668845
BH_s10_high,16,208,22.933333333333334,-0.7811580300331116,1.0200059912418984
BH_s10_high,16,209,22.966666666666665,-0.9483283162117004,0.6798365278420923
BH_s10_high,16,210,23.0,-1.035315752029419,0.34104411306235616
BH_s10_high,16,211,23.033333333333335,-1.1189008951187134,0.03551455875392698
BH_s10_high,16,212,23.066666666666666,-1.2024860382080078,-0.22869520204905425
BH_s10_high,16,213,23.1,-1.2860711812973022,-0.4588573774794401
BH_s10_high,16,214,23.133333333333333,-1.3696564435958862,-0.6647815703382789
BH_s10_high,16,215,23.166666666666668,-1.2417280673980713,-0.8488273919540784
BH_s10_high,16,216,23.2,-0.48549771308898926,-1.0029500749613423
BH_s10_high,16,217,23.233333333333334,0.6499109864234924,-1.1123726370299094
BH_s10_high,16,218,23.266666666666666,1.7055597305297852,-1.1620505035457902
BH_s10_high,16,219,23.3,2.141751766204834,-1.1415380097423296
BH_s10_high,16,220,23.333333333333332,2.0646660327911377,-1.0461213879388604
BH_s10_high,16,221,23.366666666666667,1.7711853981018066,-0.8755556472924805
BH_s10_high,16,222,23.4,1.4626301527023315,-0.6339866035985902
BH_s10_high,16,223,23.433333333333334,1.1282895803451538,-0.3333535648434754
BH_s10_high,16,224,23.466666666666665,0.8480182886123657,0.0018493940302348917
BH_s10_high,16,225,23.5,0.6494669318199158,0.33352784759965376
BH_s10_high,16,226,23.533333333333335,0.4822966158390045,0.6157322067066427
BH_s10_high,16,227,23.566666666666666,0.26665276288986206,0.8058254065484898
BH_s10_high,16,228,23.6,-0.02682788483798504,0.8768650289675882
BH_s10_high,16,229,23.633333333333333,-0.27960118651390076,0.8263388510353782
BH_s10_high,16,230,23.666666666666668,-0.5709113478660583,0.6772312043379302
BH_s10_high,16,231,23.7,-0.738081693649292,0.47037006070703496
BH_s10_high,16,232,23.733333333333334,-0.8661046624183655,0.2516522513163095
BH_s10_high,16,233,23.766666666666666,-0.9496898055076599,0.06041016649389153
BH_s10_high,16,234,23.8,-1.0332750082015991,-0.07676310283227158
BH_s10_high,16,235,23.833333333333332,-1.1168601512908936,-0.1466761372875544
BH_s10_high,16,236,23.866666666666667,-1.200445294380188,-0.14742045922319835
BH_s10_high,16,237,23.9,-1.3267556428909302,-0.08618017561822228
BH_s10_high,16,238,23.933333333333334,-1.185111403465271,0.022217821405071312
BH_s10_high,16,239,23.966666666666665,-0.4972361922264099,0.1568811706351802
BH_s10_high,17,0,17.0,-1.2856106758117676,-0.037700046952880546
BH_s10_high,17,1,17.033333333333335,-1.382385015487671,0.36256495561365026
BH_s10_high,17,2,17.066666666666666,-1.271701693534851,0.6642834238196447
BH_s10_high,17,3,17.1,-0.6543521881103516,0.7942882859342374
BH_s10_high,17,4,17.133333333333333,0.3814958333969116,0.7216872316304658
BH_s10_high,17,5,17.166666666666668,1.4018776416778564,0.4642795512801295
BH_s10_high,17,6,17.2,1.862424612045288,0.08132985746088038
BH_s10_high,17,7,17.233333333333334,1.8280410766601562,-0.3442183048067671
BH_s10_high,17,8,17.266666666666666,1.6016663312911987,-0.7274536637022968
BH_s10_high,17,9,17.3,1.336296796798706,-1.0001931010009737
BH_s10_high,17,10,17.333333333333332,0.9892074465751648,-1.1222654492540558
BH_s10_high,17,11,17.366666666666667,0.6676156520843506,-1.0846069562175795
BH_s10_high,17,12,17.4,0.4367620348930359,-0.9060858079702558
BH_s10_high,17,13,17.433333333333334,0.3123169541358948,-0.6266300411926118
BH_s10_high,17,14,17.466666666666665,0.09713366627693176,-0.29817075005256316
BH_s10_high,17,15,17.5,-0.11431912332773209,0.026131963141396496
BH_s10_high,17,16,17.533333333333335,-0.4043772220611572,0.3034401606986773
BH_s10_high,17,17,17.566666666666666,-0.6551326513290405,0.5109011062657212
BH_s10_high,17,18,17.6,-0.8653361201286316,0.6494098044762248
BH_s10_high,17,19,17.633333333333333,-0.9897812008857727,0.7384856453325832
BH_s10_high,17,20,17.666666666666668,-1.0774048566818237,0.8032460563021384
BH_s10_high,17,21,17.7,-1.1609899997711182,0.8592066768180036
BH_s10_high,17,22,17.733333333333334,-1.2018499374389648,0.9028265859043731
BH_s10_high,17,23,17.766666666666666,-1.316660761833191,0.91294390183787
BH_s10_high,17,24,17.8,-1.310299277305603,0.8614530751357946
BH_s10_high,17,25,17.833333333333332,-0.9060719609260559,0.7262375182588817
BH_s10_high,17,26,17.866666666666667,-0.0066952770575881,0.49987490917078853
BH_s10_high,17,27,17.9,1.015286922454834,0.1920644763173958
BH_s10_high,17,28,17.933333333333334,1.6313523054122925,-0.1723729801894697
BH_s10_high,17,29,17.966666666666665,1.6537610292434692,-0.5570386216245452
BH_s10_high,17,30,18.0,1.4075275659561157,-0.917738107802302
BH_s10_high,17,31,18.033333333333335,1.073186993598938,-1.2071383188677027
BH_s10_high,17,32,18.066666666666666,0.7388463616371155,-1.3812208724656718
BH_s10_high,17,33,18.1,0.41707900166511536,-1.407379575993982
BH_s10_high,17,34,18.133333333333333,0.2624819278717041,-1.272762854556004
BH_s10_high,17,35,18.166666666666668,0.14687952399253845,-0.9904051979067936
BH_s10_high,17,36,18.2,0.013591723516583443,-0.6000733128838774
BH_s10_high,17,37,18.233333333333334,-0.2065281867980957,-0.16146516141759262
BH_s10_high,17,38,18.266666666666666,-0.49489662051200867,0.25998135057899646
BH_s10_high,17,39,18.3,-0.7456520795822144,0.610573496163106
BH_s10_high,17,40,18.333333333333332,-0.9541658759117126,0.8619877731458836
BH_s10_high,17,41,18.366666666666667,-1.0809597969055176,1.0144031118852164
BH_s10_high,17,42,18.4,-1.164544939994812,1.0875841766133318
BH_s10_high,17,43,18.433333333333334,-1.2481300830841064,1.1050258759179779
BH_s10_high,17,44,18.466666666666665,-1.2889900207519531,1.0801046059699984
BH_s10_high,17,45,18.5,-1.3725751638412476,1.0112918777191022
BH_s10_high,17,46,18.533333333333335,-1.456160306930542,0.8868505832559995
BH_s10_high,17,47,18.566666666666666,-1.2364604473114014,0.6938009770545176
BH_s10_high,17,48,18.6,-0.4290768504142761,0.4258343752785474
BH_s10_high,17,49,18.633333333333333,0.682984471321106,0.08811834390960763
BH_s10_high,17,50,18.666666666666668,1.6689165830612183,-0.30071499775804017
BH_s10_high,17,51,18.7,1.992905855178833,-0.7088205565170004
BH_s10_high,17,52,18.733333333333334,1.8906047344207764,-1.093737578861243
BH_s10_high,17,53,18.766666666666666,1.6218558549880981,-1.4076401519145834
BH_s10_high,17,54,18.8,1.3141124248504639,-1.6046678891894561
BH_s10_high,17,55,18.833333333333332,0.9531747102737427,-1.6488530621579107
BH_s10_high,17,56,18.866666666666667,0.6312317848205566,-1.5212613381610978
BH_s10_high,17,57,18.9,0.43373388051986694,-1.2254496288592553
BH_s10_high,17,58,18.933333333333334,0.2665635943412781,-0.7902318082573621
BH_s10_high,17,59,18.966666666666665,0.09259141981601715,-0.2681398914268184
BH_s10_high,17,60,19.0,-0.16310064494609833,0.27211656335988743
BH_s10_high,17,61,19.033333333333335,-0.49436986446380615,0.7591731293800018
BH_s10_high,17,62,19.066666666666666,-0.7439191937446594,1.1350849084552366
BH_s10_high,17,63,19.1,-0.9110894799232483,1.3680378626837197
BH_s10_high,17,64,19.133333333333333,-1.078259825706482,1.4566140300114279
BH_s10_high,17,65,19.166666666666668,-1.1643693447113037,1.4241016783220404
BH_s10_high,17,66,19.2,-1.2479544878005981,1.305490213208761
BH_s10_high,17,67,19.233333333333334,-1.3315396308898926,1.1326587139856525
BH_s10_high,17,68,19.266666666666666,-1.415124773979187,0.923776833981964
BH_s10_high,17,69,19.3,-1.4987099170684814,0.6809777460905011
BH_s10_high,17,70,19.333333333333332,-1.351798176765442,0.39672706316377715
BH_s10_high,17,71,19.366666666666667,-0.6294043064117432,0.06543086186348471
BH_s10_high,17,72,19.4,0.517457902431488,-0.3055984631398701
BH_s10_high,17,73,19.433333333333334,1.628888487815857,-0.6911813570096346
BH_s10_high,17,74,19.466666666666665,2.121452808380127,-1.0512275748763025
BH_s10_high,17,75,19.5,2.10475754737854,-1.339466549176877
BH_s10_high,17,76,19.533333333333335,1.8540019989013672,-1.513739680516968
BH_s10_high,17,77,19.566666666666666,1.5445688962936401,-1.5442988080595983
BH_s10_high,17,78,19.6,1.2102282047271729,-1.418900813640386
BH_s10_high,17,79,19.633333333333333,0.8453845381736755,-1.145435843847297
BH_s10_high,17,80,19.666666666666668,0.5946290493011475,-0.7528378745088785
BH_s10_high,17,81,19.7,0.39509037137031555,-0.2894568448468386
BH_s10_high,17,82,19.733333333333334,0.21466748416423798,0.18327664749181952
BH_s10_high,17,83,19.766666666666666,-0.03422270342707634,0.6029902117314476
BH_s10_high,17,84,19.8,-0.36566752195358276,0.9215724014572959
BH_s10_high,17,85,19.833333333333332,-0.6581176519393921,1.1171460812397749
BH_s10_high,17,86,19.866666666666667,-0.8671783804893494,1.1966431567910172
BH_s10_high,17,87,19.9,-0.9951581954956055,1.187091797347255
BH_s10_high,17,88,19.933333333333334,-1.1214685440063477,1.119826816215169
BH_s10_high,17,89,19.966666666666665,-1.205053687095642,1.0157346350681438
BH_s10_high,17,90,20.0,-1.2886388301849365,0.8786028066048155
BH_s10_high,17,91,20.033333333333335,-1.372223973274231,0.6987173197031138
BH_s10_high,17,92,20.066666666666666,-1.4558091163635254,0.4633299092029492
BH_s10_high,17,93,20.1,-1.5105605125427246,0.1677108718615753
BH_s10_high,17,94,20.133333333333333,-1.2632993459701538,-0.17839291245674346
BH_s10_high,17,95,20.166666666666668,-0.34733670949935913,-0.5504284931841341
BH_s10_high,17,96,20.2,0.8460932970046997,-0.9129556187865454
BH_s10_high,17,97,20.233333333333334,1.8648111820220947,-1.2248683791550643
BH_s10_high,17,98,20.266666666666666,2.183314085006714,-1.444497188324383
BH_s10_high,17,99,20.3,2.068154811859131,-1.5351675516146512
BH_s10_high,17,100,20.333333333333332,1.7746741771697998,-1.4720520894332805
BH_s10_high,17,101,20.366666666666667,1.4672818183898926,-1.2496008458315528
BH_s10_high,17,102,20.4,1.090216040611267,-0.8868786264712956
BH_s10_high,17,103,20.433333333333334,0.7762378454208374,-0.42740371528614834
BH_s10_high,17,104,20.466666666666665,0.6090675592422485,0.06843815681976959
BH_s10_high,17,105,20.5,0.4418972432613373,0.5369375688727416
BH_s10_high,17,106,20.533333333333335,0.22283083200454712,0.9255475120981667
BH_s10_high,17,107,20.566666666666666,-0.06878455728292465,1.2024073305259273
BH_s10_high,17,108,20.6,-0.40227019786834717,1.3579769348255817
BH_s10_high,17,109,20.633333333333333,-0.6530256271362305,1.4001854454102147
BH_s10_high,17,110,20.666666666666668,-0.8240817785263062,1.3468703966198372
BH_s10_high,17,111,20.7,-0.9503921270370483,1.2187641191384264
BH_s10_high,17,112,20.733333333333334,-1.070096492767334,1.034165258365588
BH_s10_high,17,113,20.766666666666666,-1.1175624132156372,0.8052092153448677
BH_s10_high,17,114,20.8,-1.2438727617263794,0.5364638936276568
BH_s10_high,17,115,20.833333333333332,-1.3274579048156738,0.22729554555777032
BH_s10_high,17,116,20.866666666666667,-1.453768253326416,-0.12202596855682717
BH_s10_high,17,117,20.9,-1.2911456823349,-0.5029492755443077
BH_s10_high,17,118,20.933333333333334,-0.5278257727622986,-0.8935335935163435
BH_s10_high,17,119,20.966666666666665,0.587108314037323,-1.2581844742893729
BH_s10_high,17,120,21.0,1.5643301010131836,-1.5525522797306834
BH_s10_high,17,121,21.033333333333335,1.8647302389144897,-1.7318459215467499
BH_s10_high,17,122,21.066666666666666,1.666688084602356,-1.7600502271414191
BH_s10_high,17,123,21.1,1.3323475122451782,-1.6179279783598468
BH_s10_high,17,124,21.133333333333333,0.9552817344665527,-1.3084320945907326
BH_s10_high,17,125,21.166666666666668,0.6328120231628418,-0.8586026375886021
BH_s10_high,17,126,21.2,0.40206781029701233,-0.31713789737853976
BH_s10_high,17,127,21.233333333333334,0.31034231185913086,0.2526734584718892
BH_s10_high,17,128,21.266666666666666,0.18589720129966736,0.7836592201017996
BH_s10_high,17,129,21.3,-0.023998290300369263,1.2167694999083423
BH_s10_high,17,130,21.333333333333332,-0.2817082107067108,1.5115544643209318
BH_s10_high,17,131,21.366666666666667,-0.615369439125061,1.6524428819302577
BH_s10_high,17,132,21.4,-0.8661248683929443,1.6486908936151263
BH_s10_high,17,133,21.433333333333334,-1.0344810485839844,1.5274710558422155
BH_s10_high,17,134,21.466666666666665,-1.121117353439331,1.3223935889067053
BH_s10_high,17,135,21.5,-1.2047024965286255,1.0621442527451816
BH_s10_high,17,136,21.533333333333335,-1.28828763961792,0.7640333453748865
BH_s10_high,17,137,21.566666666666666,-1.3718727827072144,0.4347946569644155
BH_s10_high,17,138,21.6,-1.4554579257965088,0.07722870409446383
BH_s10_high,17,139,21.633333333333333,-1.4535953998565674,-0.3014607154177933
BH_s10_high,17,140,21.666666666666668,-0.9880363941192627,-0.6839141281892526
BH_s10_high,17,141,21.7,0.03227368742227554,-1.0417164775781602
BH_s10_high,17,142,21.733333333333334,1.245190978050232,-1.3390978860969898
BH_s10_high,17,143,21.766666666666666,2.055288314819336,-1.539392111154466
BH_s10_high,17,144,21.8,2.1682193279266357,-1.6122584399338553
BH_s10_high,17,145,21.833333333333332,1.9410327672958374,-1.5401945881910784
BH_s10_high,17,146,21.866666666666667,1.616700530052185,-1.3231542499383269
BH_s10_high,17,147,21.9,1.2550604343414307,-0.9802138222095576
BH_s10_high,17,148,21.933333333333334,0.9207199215888977,-0.5476682055698484
BH_s10_high,17,149,21.966666666666665,0.6487645506858826,-0.07371234891505778
BH_s10_high,17,150,22.0,0.4815942645072937,0.38927738573397974
BH_s10_high,17,151,22.033333333333335,0.3083244562149048,0.7932235939624952
BH_s10_high,17,152,22.066666666666666,0.057569000869989395,1.1017403692752268
BH_s10_high,17,153,22.1,-0.23828066885471344,1.2946918272180559
BH_s10_high,17,154,22.133333333333333,-0.529896080493927,1.3686413277598515
BH_s10_high,17,155,22.166666666666668,-0.7815092206001282,1.3332667098640445
BH_s10_high,17,156,22.2,-0.948679506778717,1.205799623085367
BH_s10_high,17,157,22.233333333333334,-1.078216552734375,1.0062410749814144
BH_s10_high,17,158,22.266666666666666,-1.1618016958236694,0.7544665786947938
BH_s10_high,17,159,22.3,-1.2453868389129639,0.4684233999560496
BH_s10_high,17,160,22.333333333333332,-1.3289719820022583,0.1626422602088972
BH_s10_high,17,161,22.366666666666667,-1.4125571250915527,-0.1524220397144268
BH_s10_high,17,162,22.4,-1.3118822574615479,-0.46899468896155383
BH_s10_high,17,163,22.433333333333334,-0.5951071977615356,-0.7780512990442521
BH_s10_high,17,164,22.466666666666665,0.5489456057548523,-1.0642037685538948
BH_s10_high,17,165,22.5,1.687301516532898,-1.302240945284114
BH_s10_high,17,166,22.533333333333335,2.2482237815856934,-1.4580474419976956
BH_s10_high,17,167,22.566666666666666,2.2112956047058105,-1.4949259354469413
BH_s10_high,17,168,22.6,1.967169165611267,-1.3839690678112484
BH_s10_high,17,169,22.633333333333333,1.6603035926818848,-1.1151374345455844
BH_s10_high,17,170,22.666666666666668,1.2984880208969116,-0.7049598713885848
BH_s10_high,17,171,22.7,0.9329419136047363,-0.1976132338205359
BH_s10_high,17,172,22.733333333333334,0.6918409466743469,0.34171022195403805
BH_s10_high,17,173,22.766666666666666,0.5168814659118652,0.839591956116552
BH_s10_high,17,174,22.8,0.30292725563049316,1.2296869363661376
BH_s10_high,17,175,22.833333333333332,0.015370558016002178,1.466280069788783
BH_s10_high,17,176,22.866666666666667,-0.2781100869178772,1.532816818676574
BH_s10_high,17,177,22.9,-0.5715907216072083,1.4435203046150804
BH_s10_high,17,178,22.933333333333334,-0.7811580300331116,1.2372762297714712
BH_s10_high,17,179,22.966666666666665,-0.9483283162117004,0.9647540344566579
BH_s10_high,17,180,23.0,-1.035315752029419,0.6727252794703086
BH_s10_high,17,181,23.033333333333335,-1.1189008951187134,0.3915371778193233
BH_s10_high,17,182,23.066666666666666,-1.2024860382080078,0.13053031377114574
BH_s10_high,17,183,23.1,-1.2860711812973022,-0.11745872918503948
BH_s10_high,17,184,23.133333333333333,-1.3696564435958862,-0.3652981700016315
BH_s10_high,17,185,23.166666666666668,-1.2417280673980713,-0.619619292655194
BH_s10_high,17,186,23.2,-0.48549771308898926,-0.8727881295147168
BH_s10_high,17,187,23.233333333333334,0.6499109864234924,-1.1015905105166321
BH_s10_high,17,188,23.266666666666666,1.7055597305297852,-1.2722762562418637
BH_s10_high,17,189,23.3,2.141751766204834,-1.3492583427398452
BH_s10_high,17,190,23.333333333333332,2.0646660327911377,-1.3042997553471398
BH_s10_high,17,191,23.366666666666667,1.7711853981018066,-1.124089403160705
BH_s10_high,17,192,23.4,1.4626301527023315,-0.8154528528672454
BH_s10_high,17,193,23.433333333333334,1.1282895803451538,-0.40774760217010475
BH_s10_high,17,194,23.466666666666665,0.8480182886123657,0.04886445260820796
BH_s10_high,17,195,23.5,0.6494669318199158,0.4907939345231798
BH_s10_high,17,196,23.533333333333335,0.4822966158390045,0.853744394149675
BH_s10_high,17,197,23.566666666666666,0.26665276288986206,1.087729200713136
BH_s10_high,17,198,23.6,-0.02682788483798504,1.1696191795918096
BH_s10_high,17,199,23.633333333333333,-0.27960118651390076,1.1083813302146222
BH_s10_high,17,200,23.666666666666668,-0.5709113478660583,0.9399152837599318
BH_s10_high,17,201,23.7,-0.738081693649292,0.7125940337910828
BH_s10_high,17,202,23.733333333333334,-0.8661046624183655,0.4700351049474154
BH_s10_high,17,203,23.766666666666666,-0.9496898055076599,0.23956428072287575
BH_s10_high,17,204,23.8,-1.0332750082015991,0.03056094650934692
BH_s10_high,17,205,23.833333333333332,-1.1168601512908936,-0.15956587155033927
BH_s10_high,17,206,23.866666666666667,-1.200445294380188,-0.33715011019287955
BH_s10_high,17,207,23.9,-1.3267556428909302,-0.5059197640533665
BH_s10_high,17,208,23.933333333333334,-1.185111403465271,-0.6633532746631629
BH_s10_high,17,209,23.966666666666665,-0.4972361922264099,-0.7985825961163205
BH_s10_high,17,210,24.0,0.5803266763687134,-0.8916599623510625
BH_s10_high,17,211,24.033333333333335,1.5736333131790161,-0.9158681807612997
BH_s10_high,17,212,24.066666666666666,1.9501806497573853,-0.8446238894751363
BH_s10_high,17,213,24.1,1.808841586112976,-0.6619594589346476
BH_s10_high,17,214,24.133333333333333,1.4985966682434082,-0.372353067418546
BH_s10_high,17,215,24.166666666666668,1.1215308904647827,-0.0046703122268320005
BH_s10_high,17,216,24.2,0.8002240657806396,0.3923909191793822
BH_s10_high,17,217,24.233333333333334,0.5606371760368347,0.7617162277712067
BH_s10_high,17,218,24.266666666666666,0.4361920952796936,1.0515353287808709
BH_s10_high,17,219,24.3,0.3117469847202301,1.2266269199176167
BH_s10_high,17,220,24.333333333333332,0.09627871960401535,1.2737539452515405
BH_s10_high,17,221,24.366666666666667,-0.1581842452287674,1.2007378429694162
BH_s10_high,17,222,24.4,-0.44979965686798096,1.0308906298709748
BH_s10_high,17,223,24.433333333333334,-0.7414380311965942,0.7957086472714886
BH_s10_high,17,224,24.466666666666665,-0.9086312651634216,0.5284632661701967
BH_s10_high,17,225,24.5,-0.9941046833992004,0.2596749640810366
BH_s10_high,17,226,24.533333333333335,-1.07768976688385,0.013479103701915698
BH_s10_high,17,227,24.566666666666666,-1.161275029182434,-0.19617281384879515
BH_s10_high,17,228,24.6,-1.2448601722717285,-0.3680968802611042
BH_s10_high,17,229,24.633333333333333,-1.2857201099395752,-0.5121684991464973
BH_s10_high,17,230,24.666666666666668,-1.4120304584503174,-0.6421721987972446
BH_s10_high,17,231,24.7,-1.3973299264907837,-0.7660709660981329
BH_s10_high,17,232,24.733333333333334,-0.8927991390228271,-0.8791193774244751
BH_s10_high,17,233,24.766666666666666,0.1265667974948883,-0.964105293858428
BH_s10_high,17,234,24.8,1.2986241579055786,-0.9985767431605914
BH_s10_high,17,235,24.833333333333332,2.0090513229370117,-0.9646567280759907
BH_s10_high,17,236,24.866666666666667,2.0841734409332275,-0.8562102550036017
BH_s10_high,17,237,24.9,1.8838258981704712,-0.6805524807421381
BH_s10_high,17,238,24.933333333333334,1.5922104120254517,-0.455370002682355
BH_s10_high,17,239,24.966666666666665,1.2450116872787476,-0.20388069509145088
BH_s10_high,18,0,18.0,1.4075275659561157,0.04777169648179415
BH_s10_high,18,1,18.033333333333335,1.073186993598938,0.04340068457819959
BH_s10_high,18,2,18.066666666666666,0.7388463616371155,0.07319845187859314
BH_s10_high,18,3,18.1,0.41707900166511536,0.1648766958104371
BH_s10_high,18,4,18.133333333333333,0.2624819278717041,0.33346748621454103
BH_s10_high,18,5,18.166666666666668,0.14687952399253845,0.5744678051223152
BH_s10_high,18,6,18.2,0.013591723516583443,0.8591824176415759
BH_s10_high,18,7,18.233333333333334,-0.2065281867980957,1.1364569757162584
BH_s10_high,18,8,18.266666666666666,-0.49489662051200867,1.3440517043330962
BH_s10_high,18,9,18.3,-0.7456520795822144,1.4283689153400816
BH_s10_high,18,10,18.333333333333332,-0.9541658759117126,1.3651123140531591
BH_s10_high,18,11,18.366666666666667,-1.0809597969055176,1.1704408165549514
BH_s10_high,18,12,18.4,-1.164544939994812,0.8956806111727597
BH_s10_high,18,13,18.433333333333334,-1.2481300830841064,0.6070507570040157
BH_s10_high,18,14,18.466666666666665,-1.2889900207519531,0.3600918050368282
BH_s10_high,18,15,18.5,-1.3725751638412476,0.18097167542074968
BH_s10_high,18,16,18.533333333333335,-1.456160306930542,0.06172888842332468
BH_s10_high,18,17,18.566666666666666,-1.2364604473114014,-0.03136533032917039
BH_s10_high,18,18,18.6,-0.4290768504142761,-0.14194390510518587
BH_s10_high,18,19,18.633333333333333,0.682984471321106,-0.3065551855834264
BH_s10_high,18,20,18.666666666666668,1.6689165830612183,-0.5414775205770916
BH_s10_high,18,21,18.7,1.992905855178833,-0.836129632911294
BH_s10_high,18,22,18.733333333333334,1.8906047344207764,-1.15389475389938
BH_s10_high,18,23,18.766666666666666,1.6218558549880981,-1.4396604544934808
BH_s10_high,18,24,18.8,1.3141124248504639,-1.632229015250257
BH_s10_high,18,25,18.833333333333332,0.9531747102737427,-1.6788305275179785
BH_s10_high,18,26,18.866666666666667,0.6312317848205566,-1.5483727165356282
BH_s10_high,18,27,18.9,0.43373388051986694,-1.2402690319330951
BH_s10_high,18,28,18.933333333333334,0.2665635943412781,-0.7868714993700846
BH_s10_high,18,29,18.966666666666665,0.09259141981601715,-0.24893077978500466
BH_s10_high,18,30,19.0,-0.16310064494609833,0.2955170992749736
BH_s10_high,18,31,19.033333333333335,-0.49436986446380615,0.7674037289819886
BH_s10_high,18,32,19.066666666666666,-0.7439191937446594,1.1049020051669274
BH_s10_high,18,33,19.1,-0.9110894799232483,1.2786059137717034
BH_s10_high,18,34,19.133333333333333,-1.078259825706482,1.2975813767216928
BH_s10_high,18,35,19.166666666666668,-1.1643693447113037,1.2024071330026438
BH_s10_high,18,36,19.2,-1.2479544878005981,1.0468735873168635
BH_s10_high,18,37,19.233333333333334,-1.3315396308898926,0.8758439435862893
BH_s10_high,18,38,19.266666666666666,-1.415124773979187,0.7090845089850236
BH_s10_high,18,39,19.3,-1.4987099170684814,0.538176379786782
BH_s10_high,18,40,19.333333333333332,-1.351798176765442,0.3372249126016597
BH_s10_high,18,41,19.366666666666667,-0.6294043064117432,0.08154266641301246
BH_s10_high,18,42,19.4,0.517457902431488,-0.2346882101479066
BH_s10_high,18,43,19.433333333333334,1.628888487815857,-0.5893514420674543
BH_s10_high,18,44,19.466666666666665,2.121452808380127,-0.9347744794689662
BH_s10_high,18,45,19.5,2.10475754737854,-1.2094831176310277
BH_s10_high,18,46,19.533333333333335,1.8540019989013672,-1.3547145619736654
BH_s10_high,18,47,19.566666666666666,1.5445688962936401,-1.3306866521608822
BH_s10_high,18,48,19.6,1.2102282047271729,-1.1282369142451871
BH_s10_high,18,49,19.633333333333333,0.8453845381736755,-0.7729289060873267
BH_s10_high,18,50,19.666666666666668,0.5946290493011475,-0.32096985442520537
BH_s10_high,18,51,19.7,0.39509037137031555,0.15192137687149887
BH_s10_high,18,52,19.733333333333334,0.21466748416423798,0.5668649002679191
BH_s10_high,18,53,19.766666666666666,-0.03422270342707634,0.8606411417979415
BH_s10_high,18,54,19.8,-0.36566752195358276,1.00221175016708
BH_s10_high,18,55,19.833333333333332,-0.6581176519393921,1.0008042671757502
BH_s10_high,18,56,19.866666666666667,-0.8671783804893494,0.9009781893893297
BH_s10_high,18,57,19.9,-0.9951581954956055,0.76480767590928
BH_s10_high,18,58,19.933333333333334,-1.1214685440063477,0.6472942272314687
BH_s10_high,18,59,19.966666666666665,-1.205053687095642,0.5749633879324615
BH_s10_high,18,60,20.0,-1.2886388301849365,0.5367140186053246
BH_s10_high,18,61,20.033333333333335,-1.372223973274231,0.4907215504487658
BH_s10_high,18,62,20.066666666666666,-1.4558091163635254,0.3841448216941498
BH_s10_high,18,63,20.1,-1.5105605125427246,0.1770188586075492
BH_s10_high,18,64,20.133333333333333,-1.2632993459701538,-0.13939462118363932
BH_s10_high,18,65,20.166666666666668,-0.34733670949935913,-0.5361891982307688
BH_s10_high,18,66,20.2,0.8460932970046997,-0.9530006092463222
BH_s10_high,18,67,20.233333333333334,1.8648111820220947,-1.3128901593931221
BH_s10_high,18,68,20.266666666666666,2.183314085006714,-1.5407727798276691
BH_s10_high,18,69,20.3,2.068154811859131,-1.5810343711564423
BH_s10_high,18,70,20.333333333333332,1.7746741771697998,-1.4107383682995698
BH_s10_high,18,71,20.366666666666667,1.4672818183898926,-1.0455620160642074
BH_s10_high,18,72,20.4,1.090216040611267,-0.5371147394092486
BH_s10_high,18,73,20.433333333333334,0.7762378454208374,0.03764978981991091
BH_s10_high,18,74,20.466666666666665,0.6090675592422485,0.5923494683387297
BH_s10_high,18,75,20.5,0.4418972432613373,1.0487162138618396
BH_s10_high,18,76,20.533333333333335,0.22283083200454712,1.3518778119692263
BH_s10_high,18,77,20.566666666666666,-0.06878455728292465,1.4800058046157825
BH_s10_high,18,78,20.6,-0.40227019786834717,1.445957567238757
BH_s10_high,18,79,20.633333333333333,-0.6530256271362305,1.2901898081449688
BH_s10_high,18,80,20.666666666666668,-0.8240817785263062,1.06656811778839
BH_s10_high,18,81,20.7,-0.9503921270370483,0.8251810838684134
BH_s10_high,18,82,20.733333333333334,-1.070096492767334,0.5978318671492191
BH_s10_high,18,83,20.766666666666666,-1.1175624132156372,0.3913496918128165
BH_s10_high,18,84,20.8,-1.2438727617263794,0.19090826291871965
BH_s10_high,18,85,20.833333333333332,-1.3274579048156738,-0.028566462244347557
BH_s10_high,18,86,20.866666666666667,-1.453768253326416,-0.28804890513017767
BH_s10_high,18,87,20.9,-1.2911456823349,-0.5929950922407399
BH_s10_high,18,88,20.933333333333334,-0.5278257727622986,-0.9286188514798862
BH_s10_high,18,89,20.966666666666665,0.587108314037323,-1.2622661054382025
BH_s10_high,18,90,21.0,1.5643301010131836,-1.5506447159726304
BH_s10_high,18,91,21.033333333333335,1.8647302389144897,-1.7486196061526482
BH_s10_high,18,92,21.066666666666666,1.666688084602356,-1.8168291986403102
BH_s10_high,18,93,21.1,1.3323475122451782,-1.7271400599329383
BH_s10_high,18,94,21.133333333333333,0.9552817344665527,-1.4668918133630162
BH_s10_high,18,95,21.166666666666668,0.6328120231628418,-1.0432188011497094
BH_s10_high,18,96,21.2,0.40206781029701233,-0.4868503500567206
BH_s10_high,18,97,21.233333333333334,0.31034231185913086,0.14732844994104596
BH_s10_high,18,98,21.266666666666666,0.18589720129966736,0.7857474723013055
BH_s10_high,18,99,21.3,-0.023998290300369263,1.3483365869778077
BH_s10_high,18,100,21.333333333333332,-0.2817082107067108,1.7650627430732704
BH_s10_high,18,101,21.366666666666667,-0.615369439125061,1.9918503041017612
BH_s10_high,18,102,21.4,-0.8661248683929443,2.020022522878492
BH_s10_high,18,103,21.433333333333334,-1.0344810485839844,1.875164173675911
BH_s10_high,18,104,21.466666666666665,-1.121117353439331,1.6054801300462878
BH_s10_high,18,105,21.5,-1.2047024965286255,1.2643571242915217
BH_s10_high,18,106,21.533333333333335,-1.28828763961792,0.8944485724749058
BH_s10_high,18,107,21.566666666666666,-1.3718727827072144,0.5196151985775395
BH_s10_high,18,108,21.6,-1.4554579257965088,0.14679079558295663
BH_s10_high,18,109,21.633333333333333,-1.4535953998565674,-0.22506681606430498
BH_s10_high,18,110,21.666666666666668,-0.9880363941192627,-0.5944569746351003
BH_s10_high,18,111,21.7,0.03227368742227554,-0.9502001612379196
BH_s10_high,18,112,21.733333333333334,1.245190978050232,-1.2697741690372542
BH_s10_high,18,113,21.766666666666666,2.055288314819336,-1.522382838677462
BH_s10_high,18,114,21.8,2.1682193279266357,-1.674928098259649
BH_s10_high,18,115,21.833333333333332,1.9410327672958374,-1.699131697234841
BH_s10_high,18,116,21.866666666666667,1.616700530052185,-1.5781489688737995
BH_s10_high,18,117,21.9,1.2550604343414307,-1.3113015891676922
BH_s10_high,18,118,21.933333333333334,0.9207199215888977,-0.9163686922158016
BH_s10_high,18,119,21.966666666666665,0.6487645506858826,-0.42946403953885187
BH_s10_high,18,120,22.0,0.4815942645072937,0.09774253891376905
BH_s10_high,18,121,22.033333333333335,0.3083244562149048,0.6041784809414721
BH_s10_high,18,122,22.066666666666666,0.057569000869989395,1.0292134307071317
BH_s10_high,18,123,22.1,-0.23828066885471344,1.3247641020850744
BH_s10_high,18,124,22.133333333333333,-0.529896080493927,1.4659158688431113
BH_s10_high,18,125,22.166666666666668,-0.7815092206001282,1.4555815070167812
BH_s10_high,18,126,22.2,-0.948679506778717,1.3208695216926951
BH_s10_high,18,127,22.233333333333334,-1.078216552734375,1.102439198793638
BH_s10_high,18,128,22.266666666666666,-1.1618016958236694,0.8408776509966713
BH_s10_high,18,129,22.3,-1.2453868389129639,0.5650652076808912
BH_s10_high,18,130,22.333333333333332,-1.3289719820022583,0.28661998406834754
BH_s10_high,18,131,22.366666666666667,-1.4125571250915527,0.0022112451079838768
BH_s10_high,18,132,22.4,-1.3118822574615479,-0.2974632008856083
BH_s10_high,18,133,22.433333333333334,-0.5951071977615356,-0.6158717447751799
BH_s10_high,18,134,22.466666666666665,0.5489456057548523,-0.9410576367630747
BH_s10_high,18,135,22.5,1.687301516532898,-1.2423771310216993
BH_s10_high,18,136,22.533333333333335,2.2482237815856934,-1.474891016422842
BH_s10_high,18,137,22.566666666666666,2.2112956047058105,-1.5896589355082698
BH_s10_high,18,138,22.6,1.967169165611267,-1.5464382719958945
BH_s10_high,18,139,22.633333333333333,1.6603035926818848,-1.3252371484532763
BH_s10_high,18,140,22.666666666666668,1.2984880208969116,-0.9341930630578366
BH_s10_high,18,141,22.7,0.9329419136047363,-0.412317796245072
BH_s10_high,18,142,22.733333333333334,0.6918409466743469,0.173865744238184
BH_s10_high,18,143,22.766666666666666,0.5168814659118652,0.7405298415739304
BH_s10_high,18,144,22.8,0.30292725563049316,1.2033561060219427
BH_s10_high,18,145,22.833333333333332,0.015370558016002178,1.4980529514892573
BH_s10_high,18,146,22.866666666666667,-0.2781100869178772,1.597995555929236
BH_s10_high,18,147,22.9,-0.5715907216072083,1.52101505949899
BH_s10_high,18,148,22.933333333333334,-0.7811580300331116,1.3208355524678894
BH_s10_high,18,149,22.966666666666665,-0.9483283162117004,1.0656600409785295
BH_s10_high,18,150,23.0,-1.035315752029419,0.8129897041102419
BH_s10_high,18,151,23.033333333333335,-1.1189008951187134,0.5916563163185415
BH_s10_high,18,152,23.066666666666666,-1.2024860382080078,0.39774191415428384
BH_s10_high,18,153,23.1,-1.2860711812973022,0.20393181568479649
BH_s10_high,18,154,23.133333333333333,-1.3696564435958862,-0.023474853810643917
BH_s10_high,18,155,23.166666666666668,-1.2417280673980713,-0.3072941232876222
BH_s10_high,18,156,23.2,-0.48549771308898926,-0.6477159530677131
BH_s10_high,18,157,23.233333333333334,0.6499109864234924,-1.0186765734619208
BH_s10_high,18,158,23.266666666666666,1.7055597305297852,-1.371930552747737
BH_s10_high,18,159,23.3,2.141751766204834,-1.6467339016530198
BH_s10_high,18,160,23.333333333333332,2.0646660327911377,-1.7827638228302822
BH_s10_high,18,161,23.366666666666667,1.7711853981018066,-1.7340893224637899
BH_s10_high,18,162,23.4,1.4626301527023315,-1.4818149560193485
BH_s10_high,18,163,23.433333333333334,1.1282895803451538,-1.0426004525297876
BH_s10_high,18,164,23.466666666666665,0.8480182886123657,-0.4702600077294184
BH_s10_high,18,165,23.5,0.6494669318199158,0.15155577094608458
BH_s10_high,18,166,23.533333333333335,0.4822966158390045,0.7257757515316516
BH_s10_high,18,167,23.566666666666666,0.26665276288986206,1.1646077791448064
BH_s10_high,18,168,23.6,-0.02682788483798504,1.4122145541982216
BH_s10_high,18,169,23.633333333333333,-0.27960118651390076,1.4590443196136693
BH_s10_high,18,170,23.666666666666668,-0.5709113478660583,1.3410663620809844
BH_s10_high,18,171,23.7,-0.738081693649292,1.1231349007561067
BH_s10_high,18,172,23.733333333333334,-0.8661046624183655,0.8738211999729792
BH_s10_high,18,173,23.766666666666666,-0.9496898055076599,0.6433380474549685
BH_s10_high,18,174,23.8,-1.0332750082015991,0.45290902946370865
BH_s10_high,18,175,23.833333333333332,-1.1168601512908936,0.2968366838340362
BH_s10_high,18,176,23.866666666666667,-1.200445294380188,0.15331806573679177
BH_s10_high,18,177,23.9,-1.3267556428909302,-0.001629916820392414
BH_s10_high,18,178,23.933333333333334,-1.185111403465271,-0.18206354568246275
BH_s10_high,18,179,23.966666666666665,-0.4972361922264099,-0.3850993150982375
BH_s10_high,18,180,24.0,0.5803266763687134,-0.5905751655028558
BH_s10_high,18,181,24.033333333333335,1.5736333131790161,-0.767108362481802
BH_s10_high,18,182,24.066666666666666,1.9501806497573853,-0.8821025787085276
BH_s10_high,18,183,24.1,1.808841586112976,-0.9116261652720481
BH_s10_high,18,184,24.133333333333333,1.4985966682434082,-0.846188664018097
BH_s10_high,18,185,24.166666666666668,1.1215308904647827,-0.6909186344734204
BH_s10_high,18,186,24.2,0.8002240657806396,-0.4623482928613171
BH_s10_high,18,187,24.233333333333334,0.5606371760368347,-0.18547585439501216
BH_s10_high,18,188,24.266666666666666,0.4361920952796936,0.10775252916627066
BH_s10_high,18,189,24.3,0.3117469847202301,0.38061411811324697
BH_s10_high,18,190,24.333333333333332,0.09627871960401535,0.5966149774137005
BH_s10_high,18,191,24.366666666666667,-0.1581842452287674,0.7269967224651082
BH_s10_high,18,192,24.4,-0.44979965686798096,0.7579537047736563
BH_s10_high,18,193,24.433333333333334,-0.7414380311965942,0.6942637720714563
BH_s10_high,18,194,24.466666666666665,-0.9086312651634216,0.5576731445483221
BH_s10_high,18,195,24.5,-0.9941046833992004,0.38040469235246205
BH_s10_high,18,196,24.533333333333335,-1.07768976688385,0.1952317538612688
BH_s10_high,18,197,24.566666666666666,-1.161275029182434,0.0248192382182777
BH_s10_high,18,198,24.6,-1.2448601722717285,-0.12498860057160503
BH_s10_high,18,199,24.633333333333333,-1.2857201099395752,-0.2634273170367017
BH_s10_high,18,200,24.666666666666668,-1.4120304584503174,-0.40444823012411446
BH_s10_high,18,201,24.7,-1.3973299264907837,-0.5531710807270906
BH_s10_high,18,202,24.733333333333334,-0.8927991390228271,-0.697061095620754
BH_s10_high,18,203,24.766666666666666,0.1265667974948883,-0.8071745857595383
BH_s10_high,18,204,24.8,1.2986241579055786,-0.8487104777159591
BH_s10_high,18,205,24.833333333333332,2.0090513229370117,-0.7949358558515568
BH_s10_high,18,206,24.866666666666667,2.0841734409332275,-0.6378921678764097
BH_s10_high,18,207,24.9,1.8838258981704712,-0.3922753235539452
BH_s10_high,18,208,24.933333333333334,1.5922104120254517,-0.09248174096038811
BH_s10_high,18,209,24.966666666666665,1.2450116872787476,0.21518723428712744
BH_s10_high,18,210,25.0,0.8917970061302185,0.4830873422637846
BH_s10_high,18,211,25.033333333333335,0.6410415768623352,0.6735193473911097
BH_s10_high,18,212,25.066666666666666,0.48299896717071533,0.7676753147676391
BH_s10_high,18,213,25.1,0.31043148040771484,0.7689165380390989
BH_s10_high,18,214,25.133333333333333,0.05967602878808975,0.6992539661287983
BH_s10_high,18,215,25.166666666666668,-0.23547130823135376,0.5909333663583388
BH_s10_high,18,216,25.2,-0.5698118805885315,0.47651870564532567
BH_s10_high,18,217,25.233333333333334,-0.7801045179367065,0.3805598075614087
BH_s10_high,18,218,25.266666666666666,-0.9472748041152954,0.3147555941354391
BH_s10_high,18,219,25.3,-1.0717198848724365,0.27724876101693247
BH_s10_high,18,220,25.333333333333332,-1.1610994338989258,0.25567283597126367
BH_s10_high,18,221,25.366666666666667,-1.2446845769882202,0.23276932491153446
BH_s10_high,18,222,25.4,-1.3282697200775146,0.192721282890441
BH_s10_high,18,223,25.433333333333334,-1.411854863166809,0.12607233219894742
BH_s10_high,18,224,25.466666666666665,-1.4954400062561035,0.03159111485159244
BH_s10_high,18,225,25.5,-1.5532857179641724,-0.08515233244220287
BH_s10_high,18,226,25.533333333333335,-1.300716519355774,-0.21488669050919418
BH_s10_high,18,227,25.566666666666666,-0.45539167523384094,-0.34679111810006924
BH_s10_high,18,228,25.6,0.7142276763916016,-0.46797163240667355
BH_s10_high,18,229,25.633333333333333,1.754606008529663,-0.5612560324832528
BH_s10_high,18,230,25.666666666666668,2.094769239425659,-0.6051244928805296
BH_s10_high,18,231,25.7,1.9919874668121338,-0.5793683949660849
BH_s10_high,18,232,25.733333333333334,1.7285493612289429,-0.47566693558958906
BH_s10_high,18,233,25.766666666666666,1.436933994293213,-0.30728627364110667
BH_s10_high,18,234,25.8,1.0598682165145874,-0.1109584632803284
BH_s10_high,18,235,25.833333333333332,0.7326144576072693,0.06235752748353836
BH_s10_high,18,236,25.866666666666667,0.5298058390617371,0.1649331601106024
BH_s10_high,18,237,25.9,0.3626355230808258,0.17029595504500547
BH_s10_high,18,238,25.933333333333334,0.15124893188476562,0.08383837326105337
BH_s10_high,18,239,25.966666666666665,-0.09950650483369827,-0.05836240652467629
BH_s10_high,19,0,19.0,-0.16310064494609833,0.01083890073739407
BH_s10_high,19,1,19.033333333333335,-0.49436986446380615,0.5877964149592598
BH_s10_high,19,2,19.066666666666666,-0.7439191937446594,1.0514415738867129
BH_s10_high,19,3,19.1,-0.9110894799232483,1.324823247294888
BH_s10_high,19,4,19.133333333333333,-1.078259825706482,1.3863757883106878
BH_s10_high,19,5,19.166666666666668,-1.1643693447113037,1.2708500870721433
BH_s10_high,19,6,19.2,-1.2479544878005981,1.0491104170706338
BH_s10_high,19,7,19.233333333333334,-1.3315396308898926,0.7967531354662409
BH_s10_high,19,8,19.266666666666666,-1.415124773979187,0.5660461390873822
BH_s10_high,19,9,19.3,-1.4987099170684814,0.3725225780921625
BH_s10_high,19,10,19.333333333333332,-1.351798176765442,0.1995325984755237
BH_s10_high,19,11,19.366666666666667,-0.6294043064117432,0.015862008564424327
BH_s10_high,19,12,19.4,0.517457902431488,-0.20292070321228228
BH_s10_high,19,13,19.433333333333334,1.628888487815857,-0.45849199412686253
BH_s10_high,19,14,19.466666666666665,2.121452808380127,-0.7246743195190716
BH_s10_high,19,15,19.5,2.10475754737854,-0.953906931884959
BH_s10_high,19,16,19.533333333333335,1.8540019989013672,-1.0919672454850953
BH_s10_high,19,17,19.566666666666666,1.5445688962936401,-1.0954021100872142
BH_s10_high,19,18,19.6,1.2102282047271729,-0.9458983040915704
BH_s10_high,19,19,19.633333333333333,0.8453845381736755,-0.6573679727639374
BH_s10_high,19,20,19.666666666666668,0.5946290493011475,-0.274141915132829
BH_s10_high,19,21,19.7,0.39509037137031555,0.13887441202607642
BH_s10_high,19,22,19.733333333333334,0.21466748416423798,0.5116606835088444
BH_s10_high,19,23,19.766666666666666,-0.03422270342707634,0.7865626033347308
BH_s10_high,19,24,19.8,-0.36566752195358276,0.9329819014517946
BH_s10_high,19,25,19.833333333333332,-0.6581176519393921,0.9540478638026092
BH_s10_high,19,26,19.866666666666667,-0.8671783804893494,0.8817410838341367
BH_s10_high,19,27,19.9,-0.9951581954956055,0.7613585268805121
BH_s10_high,19,28,19.933333333333334,-1.1214685440063477,0.6318615984044558
BH_s10_high,19,29,19.966666666666665,-1.205053687095642,0.5113828630687122
BH_s10_high,19,30,20.0,-1.2886388301849365,0.3941998656259233
BH_s10_high,19,31,20.033333333333335,-1.372223973274231,0.2590467933049625
BH_s10_high,19,32,20.066666666666666,-1.4558091163635254,0.08313347613189093
BH_s10_high,19,33,20.1,-1.5105605125427246,-0.14534275731372145
BH_s10_high,19,34,20.133333333333333,-1.2632993459701538,-0.42078831944758904
BH_s10_high,19,35,20.166666666666668,-0.34733670949935913,-0.7203625495904663
BH_s10_high,19,36,20.2,0.8460932970046997,-1.0084967068299617
BH_s10_high,19,37,20.233333333333334,1.8648111820220947,-1.243185503774265
BH_s10_high,19,38,20.266666666666666,2.183314085006714,-1.3824770263514488
BH_s10_high,19,39,20.3,2.068154811859131,-1.3910263137791663
BH_s10_high,19,40,20.333333333333332,1.7746741771697998,-1.2473408205175442
BH_s10_high,19,41,20.366666666666667,1.4672818183898926,-0.9513896057762846
BH_s10_high,19,42,20.4,1.090216040611267,-0.529879502986292
BH_s10_high,19,43,20.433333333333334,0.7762378454208374,-0.03513988676043315
BH_s10_high,19,44,20.466666666666665,0.6090675592422485,0.4646598847516718
BH_s10_high,19,45,20.5,0.4418972432613373,0.9018165650821849
BH_s10_high,19,46,20.533333333333335,0.22283083200454712,1.225463139739699
BH_s10_high,19,47,20.566666666666666,-0.06878455728292465,1.4109940116314432
BH_s10_high,19,48,20.6,-0.40227019786834717,1.4598781568581969
BH_s10_high,19,49,20.633333333333333,-0.6530256271362305,1.3924808331580172
BH_s10_high,19,50,20.666666666666668,-0.8240817785263062,1.238455032466142
BH_s10_high,19,51,20.7,-0.9503921270370483,1.0280129977403092
BH_s10_high,19,52,20.733333333333334,-1.070096492767334,0.785403398684559
BH_s10_high,19,53,20.766666666666666,-1.1175624132156372,0.5249438885919326
BH_s10_high,19,54,20.8,-1.2438727617263794,0.2502336297102126
BH_s10_high,19,55,20.833333333333332,-1.3274579048156738,-0.04264932736772624
BH_s10_high,19,56,20.866666666666667,-1.453768253326416,-0.35830683642673533
BH_s10_high,19,57,20.9,-1.2911456823349,-0.693812565458197
BH_s10_high,19,58,20.933333333333334,-0.5278257727622986,-1.0326643314463664
BH_s10_high,19,59,20.966666666666665,0.587108314037323,-1.343821167883763
BH_s10_high,19,60,21.0,1.5643301010131836,-1.5863486354653908
BH_s10_high,19,61,21.033333333333335,1.8647302389144897,-1.7177513061590541
BH_s10_high,19,62,21.066666666666666,1.666688084602356,-1.7032391678522683
BH_s10_high,19,63,21.1,1.3323475122451782,-1.5237756966127198
BH_s10_high,19,64,21.133333333333333,0.9552817344665527,-1.1816929485825156
BH_s10_high,19,65,21.166666666666668,0.6328120231628418,-0.7031617945527131
BH_s10_high,19,66,21.2,0.40206781029701233,-0.13679401411239223
BH_s10_high,19,67,21.233333333333334,0.31034231185913086,0.4522225542864442
BH_s10_high,19,68,21.266666666666666,0.18589720129966736,0.9922416630150216
BH_s10_high,19,69,21.3,-0.023998290300369263,1.418151133781163
BH_s10_high,19,70,21.333333333333332,-0.2817082107067108,1.684783337732176
BH_s10_high,19,71,21.366666666666667,-0.615369439125061,1.7770163538250257
BH_s10_high,19,72,21.4,-0.8661248683929443,1.711916385681447
BH_s10_high,19,73,21.433333333333334,-1.0344810485839844,1.5301568276600725
BH_s10_high,19,74,21.466666666666665,-1.121117353439331,1.2793809974279586
BH_s10_high,19,75,21.5,-1.2047024965286255,0.997137675813218
BH_s10_high,19,76,21.533333333333335,-1.28828763961792,0.7012415135917769
BH_s10_high,19,77,21.566666666666666,-1.3718727827072144,0.39106993150823693
BH_s10_high,19,78,21.6,-1.4554579257965088,0.05750162861326195
BH_s10_high,19,79,21.633333333333333,-1.4535953998565674,-0.3046171352231542
BH_s10_high,19,80,21.666666666666668,-0.9880363941192627,-0.6875144743055276
BH_s10_high,19,81,21.7,0.03227368742227554,-1.0680361388290995
BH_s10_high,19,82,21.733333333333334,1.245190978050232,-1.4110779226942893
BH_s10_high,19,83,21.766666666666666,2.055288314819336,-1.676184970721881
BH_s10_high,19,84,21.8,2.1682193279266357,-1.8247111426904805
BH_s10_high,19,85,21.833333333333332,1.9410327672958374,-1.8262405401282118
BH_s10_high,19,86,21.866666666666667,1.616700530052185,-1.664006393837613
BH_s10_high,19,87,21.9,1.2550604343414307,-1.339313723340332
BH_s10_high,19,88,21.933333333333334,0.9207199215888977,-0.8746245564273298
BH_s10_high,19,89,21.966666666666665,0.6487645506858826,-0.31415773634421995
BH_s10_high,19,90,22.0,0.4815942645072937,0.27984689502395194
BH_s10_high,19,91,22.033333333333335,0.3083244562149048,0.8364625845600333
BH_s10_high,19,92,22.066666666666666,0.057569000869989395,1.2898757156751697
BH_s10_high,19,93,22.1,-0.23828066885471344,1.5935432481026324
BH_s10_high,19,94,22.133333333333333,-0.529896080493927,1.7291560522760014
BH_s10_high,19,95,22.166666666666668,-0.7815092206001282,1.7066761301036875
BH_s10_high,19,96,22.2,-0.948679506778717,1.5563059682297735
BH_s10_high,19,97,22.233333333333334,-1.078216552734375,1.316875379577532
BH_s10_high,19,98,22.266666666666666,-1.1618016958236694,1.0249801628693074
BH_s10_high,19,99,22.3,-1.2453868389129639,0.7071585200806076
BH_s10_high,19,100,22.333333333333332,-1.3289719820022583,0.37630407754164374
BH_s10_high,19,101,22.366666666666667,-1.4125571250915527,0.03320564826627319
BH_s10_high,19,102,22.4,-1.3118822574615479,-0.32682928539927064
BH_s10_high,19,103,22.433333333333334,-0.5951071977615356,-0.7040955184901886
BH_s10_high,19,104,22.466666666666665,0.5489456057548523,-1.0849890175591668
BH_s10_high,19,105,22.5,1.687301516532898,-1.4370422185865637
BH_s10_high,19,106,22.533333333333335,2.2482237815856934,-1.7112181257562535
BH_s10_high,19,107,22.566666666666666,2.2112956047058105,-1.8516378422854205
BH_s10_high,19,108,22.6,1.967169165611267,-1.8104973149739616
BH_s10_high,19,109,22.633333333333333,1.6603035926818848,-1.5640519859977744
BH_s10_high,19,110,22.666666666666668,1.2984880208969116,-1.1244455877457333
BH_s10_high,19,111,22.7,0.9329419136047363,-0.5425594739024654
BH_s10_high,19,112,22.733333333333334,0.6918409466743469,0.1005045811006767
BH_s10_high,19,113,22.766666666666666,0.5168814659118652,0.711650014994747
BH_s10_high,19,114,22.8,0.30292725563049316,1.2079614377431862
BH_s10_high,19,115,22.833333333333332,0.015370558016002178,1.5353415195158342
BH_s10_high,19,116,22.866666666666667,-0.2781100869178772,1.6779320642471647
BH_s10_high,19,117,22.9,-0.5715907216072083,1.656196440043163
BH_s10_high,19,118,22.933333333333334,-0.7811580300331116,1.5147116287880873
BH_s10_high,19,119,22.966666666666665,-0.9483283162117004,1.3036794833759362
BH_s10_high,19,120,23.0,-1.035315752029419,1.0610172624808307
BH_s10_high,19,121,23.033333333333335,-1.1189008951187134,0.8023461266169403
BH_s10_high,19,122,23.066666666666666,-1.2024860382080078,0.5226180294057989
BH_s10_high,19,123,23.1,-1.2860711812973022,0.20745607784845124
BH_s10_high,19,124,23.133333333333333,-1.3696564435958862,-0.15206004662483671
BH_s10_high,19,125,23.166666666666668,-1.2417280673980713,-0.5482608323332493
BH_s10_high,19,126,23.2,-0.48549771308898926,-0.9537009643736057
BH_s10_high,19,127,23.233333333333334,0.6499109864234924,-1.325893471049893
BH_s10_high,19,128,23.266666666666666,1.7055597305297852,-1.616721308887762
BH_s10_high,19,129,23.3,2.141751766204834,-1.782511018146682
BH_s10_high,19,130,23.333333333333332,2.0646660327911377,-1.7921501796276271
BH_s10_high,19,131,23.366666666666667,1.7711853981018066,-1.6325832969041798
BH_s10_high,19,132,23.4,1.4626301527023315,-1.3119539146710946
BH_s10_high,19,133,23.433333333333334,1.1282895803451538,-0.8603252610609181
BH_s10_high,19,134,23.466666666666665,0.8480182886123657,-0.32715110603766073
BH_s10_high,19,135,23.5,0.6494669318199158,0.225263882400665
BH_s10_high,19,136,23.533333333333335,0.4822966158390045,0.7317406511451418
BH_s10_high,19,137,23.566666666666666,0.26665276288986206,1.1357218580610418
BH_s10_high,19,138,23.6,-0.02682788483798504,1.4000061689650083
BH_s10_high,19,139,23.633333333333333,-0.27960118651390076,1.5139492855151948
BH_s10_high,19,140,23.666666666666668,-0.5709113478660583,1.4934892354278253
BH_s10_high,19,141,23.7,-0.738081693649292,1.3721911843341166
BH_s10_high,19,142,23.733333333333334,-0.8661046624183655,1.1871027373114122
BH_s10_high,19,143,23.766666666666666,-0.9496898055076599,0.9669734215372674
BH_s10_high,19,144,23.8,-1.0332750082015991,0.7276900864630949
BH_s10_high,19,145,23.833333333333332,-1.1168601512908936,0.4742391142312787
BH_s10_high,19,146,23.866666666666667,-1.200445294380188,0.20577333216703206
BH_s10_high,19,147,23.9,-1.3267556428909302,-0.07888772557897321
BH_s10_high,19,148,23.933333333333334,-1.185111403465271,-0.37617632641176163
BH_s10_high,19,149,23.966666666666665,-0.4972361922264099,-0.673439957419478
BH_s10_high,19,150,24.0,0.5803266763687134,-0.946927871892643
BH_s10_high,19,151,24.033333333333335,1.5736333131790161,-1.1643601294818224
BH_s10_high,19,152,24.066666666666666,1.9501806497573853,-1.2924437228267276
BH_s10_high,19,153,24.1,1.808841586112976,-1.3066306005506734
BH_s10_high,19,154,24.133333333333333,1.4985966682434082,-1.198803408142452
BH_s10_high,19,155,24.166666666666668,1.1215308904647827,-0.9795937190148793
BH_s10_high,19,156,24.2,0.8002240657806396,-0.6750351485370574
BH_s10_high,19,157,24.233333333333334,0.5606371760368347,-0.3200879047155085
BH_s10_high,19,158,24.266666666666666,0.4361920952796936,0.04766962088985363
BH_s10_high,19,159,24.3,0.3117469847202301,0.39226792499786256
BH_s10_high,19,160,24.333333333333332,0.09627871960401535,0.6817731121937016
BH_s10_high,19,161,24.366666666666667,-0.1581842452287674,0.890441805416773
BH_s10_high,19,162,24.4,-0.44979965686798096,1.0015818090505226
BH_s10_high,19,163,24.433333333333334,-0.7414380311965942,1.0107671781649448
BH_s10_high,19,164,24.466666666666665,-0.9086312651634216,0.9281608765365389
BH_s10_high,19,165,24.5,-0.9941046833992004,0.7779399398993314
BH_s10_high,19,166,24.533333333333335,-1.07768976688385,0.5924020844493584
BH_s10_high,19,167,24.566666666666666,-1.161275029182434,0.4006884017143759
BH_s10_high,19,168,24.6,-1.2448601722717285,0.21737746492868035
BH_s10_high,19,169,24.633333333333333,-1.2857201099395752,0.03887850958585154
BH_s10_high,19,170,24.666666666666668,-1.4120304584503174,-0.14882409176579933
BH_s10_high,19,171,24.7,-1.3973299264907837,-0.3554566012687456
BH_s10_high,19,172,24.733333333333334,-0.8927991390228271,-0.5740843133703007
BH_s10_high,19,173,24.766666666666666,0.1265667974948883,-0.778752794410981
BH_s10_high,19,174,24.8,1.2986241579055786,-0.9327815676551952
BH_s10_high,19,175,24.833333333333332,2.0090513229370117,-1.0018329405801676
BH_s10_high,19,176,24.866666666666667,2.0841734409332275,-0.9648513794141826
BH_s10_high,19,177,24.9,1.8838258981704712,-0.8192781509217331
BH_s10_high,19,178,24.933333333333334,1.5922104120254517,-0.5806774492169285
BH_s10_high,19,179,24.966666666666665,1.2450116872787476,-0.2787401049900612
BH_s10_high,19,180,25.0,0.8917970061302185,0.04859726679410557
BH_s10_high,19,181,25.033333333333335,0.6410415768623352,0.36183240524064786
BH_s10_high,19,182,25.066666666666666,0.48299896717071533,0.6261066139857674
BH_s10_high,19,183,25.1,0.31043148040771484,0.8156733798331317
BH_s10_high,19,184,25.133333333333333,0.05967602878808975,0.9164776487173425
BH_s10_high,19,185,25.166666666666668,-0.23547130823135376,0.9274324370859541
BH_s10_high,19,186,25.2,-0.5698118805885315,0.8600912769717177
BH_s10_high,19,187,25.233333333333334,-0.7801045179367065,0.7355368652109036
BH_s10_high,19,188,25.266666666666666,-0.9472748041152954,0.5782894649494368
BH_s10_high,19,189,25.3,-1.0717198848724365,0.4091795300485925
BH_s10_high,19,190,25.333333333333332,-1.1610994338989258,0.2404686950672156
BH_s10_high,19,191,25.366666666666667,-1.2446845769882202,0.07567296442745192
BH_s10_high,19,192,25.4,-1.3282697200775146,-0.0862757548625804
BH_s10_high,19,193,25.433333333333334,-1.411854863166809,-0.2455865442943702
BH_s10_high,19,194,25.466666666666665,-1.4954400062561035,-0.3983788630057569
BH_s10_high,19,195,25.5,-1.5532857179641724,-0.5371255817322916
BH_s10_high,19,196,25.533333333333335,-1.300716519355774,-0.6532571183245854
BH_s10_high,19,197,25.566666666666666,-0.45539167523384094,-0.7389473009539631
BH_s10_high,19,198,25.6,0.7142276763916016,-0.7864698022000988
BH_s10_high,19,199,25.633333333333333,1.754606008529663,-0.7863202153142089
BH_s10_high,19,200,25.666666666666668,2.094769239425659,-0.7270831258167887
BH_s10_high,19,201,25.7,1.9919874668121338,-0.5993332016210565
BH_s10_high,19,202,25.733333333333334,1.7285493612289429,-0.4029067972722635
BH_s10_high,19,203,25.766666666666666,1.436933994293213,-0.15358629251180025
BH_s10_high,19,204,25.8,1.0598682165145874,0.1159455973214562
BH_s10_high,19,205,25.833333333333332,0.7326144576072693,0.36354565724287063
BH_s10_high,19,206,25.866666666666667,0.5298058390617371,0.5508395404414548
BH_s10_high,19,207,25.9,0.3626355230808258,0.6555234771149613
BH_s10_high,19,208,25.933333333333334,0.15124893188476562,0.6765302948927573
BH_s10_high,19,209,25.966666666666665,-0.09950650483369827,0.6305365782448926
BH_s10_high,19,210,26.0,-0.3929871618747711,0.5436374035948082
BH_s10_high,19,211,26.033333333333335,-0.6864677667617798,0.44346551826656305
BH_s10_high,19,212,26.066666666666666,-0.8577427268028259,0.3534455311928251
BH_s10_high,19,213,26.1,-1.0249130725860596,0.2876214245777463
BH_s10_high,19,214,26.133333333333333,-1.1163333654403687,0.2460541795442049
BH_s10_high,19,215,26.166666666666668,-1.199918508529663,0.21378455360677212
BH_s10_high,19,216,26.2,-1.2835036516189575,0.1658798737373093
BH_s10_high,19,217,26.233333333333334,-1.3945177793502808,0.07765123123636332
BH_s10_high,19,218,26.266666666666666,-1.4933991432189941,-0.0640359839810345
BH_s10_high,19,219,26.3,-1.5769842863082886,-0.253241903966969
BH_s10_high,19,220,26.333333333333332,-1.4659526348114014,-0.46425608750092223
BH_s10_high,19,221,26.366666666666667,-0.8009669780731201,-0.6577062232351105
BH_s10_high,19,222,26.4,0.3418135344982147,-0.791023586482398
BH_s10_high,19,223,26.433333333333334,1.4716778993606567,-0.8297748522425482
BH_s10_high,19,224,26.466666666666665,2.0072782039642334,-0.7566422524496647
BH_s10_high,19,225,26.5,1.9981099367141724,-0.5760340062420432
BH_s10_high,19,226,26.533333333333335,1.747354507446289,-0.31382384828582377
BH_s10_high,19,227,26.566666666666666,1.4878225326538086,-0.012816469649656907
BH_s10_high,19,228,26.6,1.1534819602966309,0.2750459696065058
BH_s10_high,19,229,26.633333333333333,0.8241873979568481,0.49837989326805904
BH_s10_high,19,230,26.666666666666668,0.5766127109527588,0.6160923526005605
BH_s10_high,19,231,26.7,0.4521676003932953,0.6057302133904526
BH_s10_high,19,232,26.733333333333334,0.2849973142147064,0.4704250985863371
BH_s10_high,19,233,26.766666666666666,-0.005518608260899782,0.24360023736449887
BH_s10_high,19,234,26.8,-0.29713401198387146,-0.013138604040859758
BH_s10_high,19,235,26.833333333333332,-0.552169680595398,-0.2239426535806789
BH_s10_high,19,236,26.866666666666667,-0.7682106494903564,-0.32254820917028226
BH_s10_high,19,237,26.9,-0.9353809952735901,-0.2761012633169025
BH_s10_high,19,238,26.933333333333334,-1.0288420915603638,-0.09803588701245093
BH_s10_high,19,239,26.966666666666665,-1.1124272346496582,0.15539561240326796
BH_s10_high,20,0,20.0,-1.2886388301849365,-0.10103343500783174
BH_s10_high,20,1,20.033333333333335,-1.372223973274231,0.3609788943041584
BH_s10_high,20,2,20.066666666666666,-1.4558091163635254,0.7315146365992939
BH_s10_high,20,3,20.1,-1.5105605125427246,0.9383293208809065
BH_s10_high,20,4,20.133333333333333,-1.2632993459701538,0.9486510203365365
BH_s10_high,20,5,20.166666666666668,-0.34733670949935913,0.7751833134170154
BH_s10_high,20,6,20.2,0.8460932970046997,0.4691650746229406
BH_s10_high,20,7,20.233333333333334,1.8648111820220947,0.10389203036421114
BH_s10_high,20,8,20.266666666666666,2.183314085006714,-0.2445567359916467
BH_s10_high,20,9,20.3,2.068154811859131,-0.5131712482660895
BH_s10_high,20,10,20.333333333333332,1.7746741771697998,-0.6616629573419304
BH_s10_high,20,11,20.366666666666667,1.4672818183898926,-0.6763566325309195
BH_s10_high,20,12,20.4,1.090216040611267,-0.5694403734006017
BH_s10_high,20,13,20.433333333333334,0.7762378454208374,-0.3738724756088966
BH_s10_high,20,14,20.466666666666665,0.6090675592422485,-0.13415106573212104
BH_s10_high,20,15,20.5,0.4418972432613373,0.10545286211912754
BH_s10_high,20,16,20.533333333333335,0.22283083200454712,0.3116334643592257
BH_s10_high,20,17,20.566666666666666,-0.06878455728292465,0.46772838464329447
BH_s10_high,20,18,20.6,-0.40227019786834717,0.572540330676843
BH_s10_high,20,19,20.633333333333333,-0.6530256271362305,0.6340308573050643
BH_s10_high,20,20,20.666666666666668,-0.8240817785263062,0.6619049288054297
BH_s10_high,20,21,20.7,-0.9503921270370483,0.6624422911895693
BH_s10_high,20,22,20.733333333333334,-1.070096492767334,0.6359677966409241
BH_s10_high,20,23,20.766666666666666,-1.1175624132156372,0.5757262367540528
BH_s10_high,20,24,20.8,-1.2438727617263794,0.4686285707857687
BH_s10_high,20,25,20.833333333333332,-1.3274579048156738,0.29981112642522545
BH_s10_high,20,26,20.866666666666667,-1.453768253326416,0.06079212131243035
BH_s10_high,20,27,20.9,-1.2911456823349,-0.24239439050167505
BH_s10_high,20,28,20.933333333333334,-0.5278257727622986,-0.585479796669963
BH_s10_high,20,29,20.966666666666665,0.587108314037323,-0.9287811576021814
BH_s10_high,20,30,21.0,1.5643301010131836,-1.2253009464737197
BH_s10_high,20,31,21.033333333333335,1.8647302389144897,-1.4305785620481293
BH_s10_high,20,32,21.066666666666666,1.666688084602356,-1.5108331380689553
BH_s10_high,20,33,21.1,1.3323475122451782,-1.4476556884517127
BH_s10_high,20,34,21.133333333333333,0.9552817344665527,-1.2394011185983411
BH_s10_high,20,35,21.166666666666668,0.6328120231628418,-0.90057142761108
BH_s10_high,20,36,21.2,0.40206781029701233,-0.46051927274848975
BH_s10_high,20,37,21.233333333333334,0.31034231185913086,0.03824619119539477
BH_s10_high,20,38,21.266666666666666,0.18589720129966736,0.5433146421776822
BH_s10_high,20,39,21.3,-0.023998290300369263,0.9987790359487366
BH_s10_high,20,40,21.333333333333332,-0.2817082107067108,1.3548978134960814
BH_s10_high,20,41,21.366666666666667,-0.615369439125061,1.578486569289853
BH_s10_high,20,42,21.4,-0.8661248683929443,1.6595629068444395
BH_s10_high,20,43,21.433333333333334,-1.0344810485839844,1.6104618959085977
BH_s10_high,20,44,21.466666666666665,-1.121117353439331,1.4573229942505677
BH_s10_high,20,45,21.5,-1.2047024965286255,1.228111968100548
BH_s10_high,20,46,21.533333333333335,-1.28828763961792,0.9431986065589345
BH_s10_high,20,47,21.566666666666666,-1.3718727827072144,0.612833018413911
BH_s10_high,20,48,21.6,-1.4554579257965088,0.24171299305022304
BH_s10_high,20,49,21.633333333333333,-1.4535953998565674,-0.16296365120029369
BH_s10_high,20,50,21.666666666666668,-0.9880363941192627,-0.5846540301846002
BH_s10_high,20,51,21.7,0.03227368742227554,-0.9950150548021837
BH_s10_high,20,52,21.733333333333334,1.245190978050232,-1.356480961035492
BH_s10_high,20,53,21.766666666666666,2.055288314819336,-1.6284546914388454
BH_s10_high,20,54,21.8,2.1682193279266357,-1.7748959994124276
BH_s10_high,20,55,21.833333333333332,1.9410327672958374,-1.771287264794585
BH_s10_high,20,56,21.866666666666667,1.616700530052185,-1.6095235437138422
BH_s10_high,20,57,21.9,1.2550604343414307,-1.2999830822416545
BH_s10_high,20,58,21.933333333333334,0.9207199215888977,-0.8707796485479916
BH_s10_high,20,59,21.966666666666665,0.6487645506858826,-0.36460940894471977
BH_s10_high,20,60,22.0,0.4815942645072937,0.16646657781029345
BH_s10_high,20,61,22.033333333333335,0.3083244562149048,0.6680496861878145
BH_s10_high,20,62,22.066666666666666,0.057569000869989395,1.0915465308245773
BH_s10_high,20,63,22.1,-0.23828066885471344,1.4017318972330663
BH_s10_high,20,64,22.133333333333333,-0.529896080493927,1.58120893557144
BH_s10_high,20,65,22.166666666666668,-0.7815092206001282,1.630002296059595
BH_s10_high,20,66,22.2,-0.948679506778717,1.5610502361108063
BH_s10_high,20,67,22.233333333333334,-1.078216552734375,1.3941923628326771
BH_s10_high,20,68,22.266666666666666,-1.1618016958236694,1.1505936767654914
BH_s10_high,20,69,22.3,-1.2453868389129639,0.8483549330009156
BH_s10_high,20,70,22.333333333333332,-1.3289719820022583,0.5003797279689343
BH_s10_high,20,71,22.366666666666667,-1.4125571250915527,0.11590948781509938
BH_s10_high,20,72,22.4,-1.3118822574615479,-0.29440223910639945
BH_s10_high,20,73,22.433333333333334,-0.5951071977615356,-0.7123890512916116
BH_s10_high,20,74,22.466666666666665,0.5489456057548523,-1.1088362287448277
BH_s10_high,20,75,22.5,1.687301516532898,-1.4449391909615836
BH_s10_high,20,76,22.533333333333335,2.2482237815856934,-1.6784681556954135
BH_s10_high,20,77,22.566666666666666,2.2112956047058105,-1.7721925870936754
BH_s10_high,20,78,22.6,1.967169165611267,-1.7020078521810569
BH_s10_high,20,79,22.633333333333333,1.6603035926818848,-1.4632377076212097
BH_s10_high,20,80,22.666666666666668,1.2984880208969116,-1.0741914799127155
BH_s10_high,20,81,22.7,0.9329419136047363,-0.5759549331430244
BH_s10_high,20,82,22.733333333333334,0.6918409466743469,-0.027328113522997917
BH_s10_high,20,83,22.766666666666666,0.5168814659118652,0.5051938870030432
BH_s10_high,20,84,22.8,0.30292725563049316,0.9603362997431855
BH_s10_high,20,85,22.833333333333332,0.015370558016002178,1.2939948238435284
BH_s10_high,20,86,22.866666666666667,-0.2781100869178772,1.486417395357135
BH_s10_high,20,87,22.9,-0.5715907216072083,1.5424173573782214
BH_s10_high,20,88,22.933333333333334,-0.7811580300331116,1.484591517492803
BH_s10_high,20,89,22.966666666666665,-0.9483283162117004,1.3419462640952982
BH_s10_high,20,90,23.0,-1.035315752029419,1.138511078945167
BH_s10_high,20,91,23.033333333333335,-1.1189008951187134,0.8869597796749474
BH_s10_high,20,92,23.066666666666666,-1.2024860382080078,0.5899893049782361
BH_s10_high,20,93,23.1,-1.2860711812973022,0.24816325147955756
BH_s10_high,20,94,23.133333333333333,-1.3696564435958862,-0.13064464020364855
BH_s10_high,20,95,23.166666666666668,-1.2417280673980713,-0.5257347702649431
BH_s10_high,20,96,23.2,-0.48549771308898926,-0.9046068169432145
BH_s10_high,20,97,23.233333333333334,0.6499109864234924,-1.2290976050475786
BH_s10_high,20,98,23.266666666666666,1.7055597305297852,-1.4630372930669748
BH_s10_high,20,99,23.3,2.141751766204834,-1.5783574994671261
BH_s10_high,20,100,23.333333333333332,2.0646660327911377,-1.5587184683901978
BH_s10_high,20,101,23.366666666666667,1.7711853981018066,-1.401455053958506
BH_s10_high,20,102,23.4,1.4626301527023315,-1.1186480034387267
BH_s10_high,20,103,23.433333333333334,1.1282895803451538,-0.7370367012876688
BH_s10_high,20,104,23.466666666666665,0.8480182886123657,-0.2957561732964789
BH_s10_high,20,105,23.5,0.6494669318199158,0.15866701724092955
BH_s10_high,20,106,23.533333333333335,0.4822966158390045,0.5792650216076183
BH_s10_high,20,107,23.566666666666666,0.26665276288986206,0.9258626800503758
BH_s10_high,20,108,23.6,-0.02682788483798504,1.1712729504986137
BH_s10_high,20,109,23.633333333333333,-0.27960118651390076,1.305204463290724
BH_s10_high,20,110,23.666666666666668,-0.5709113478660583,1.3337677688760663
BH_s10_high,20,111,23.7,-0.738081693649292,1.2733884497554795
BH_s10_high,20,112,23.733333333333334,-0.8661046624183655,1.1419451326542784
BH_s10_high,20,113,23.766666666666666,-0.9496898055076599,0.9526768713715456
BH_s10_high,20,114,23.8,-1.0332750082015991,0.7140095320773048
BH_s10_high,20,115,23.833333333333332,-1.1168601512908936,0.4337014421952281
BH_s10_high,20,116,23.866666666666667,-1.200445294380188,0.12329473983671878
BH_s10_high,20,117,23.9,-1.3267556428909302,-0.20004935014088235
BH_s10_high,20,118,23.933333333333334,-1.185111403465271,-0.5144086323685096
BH_s10_high,20,119,23.966666666666665,-0.4972361922264099,-0.7950399510218874
BH_s10_high,20,120,24.0,0.5803266763687134,-1.0166697036945789
BH_s10_high,20,121,24.033333333333335,1.5736333131790161,-1.1567943699374124
BH_s10_high,20,122,24.066666666666666,1.9501806497573853,-1.200189473761
BH_s10_high,20,123,24.1,1.808841586112976,-1.143116778049152
BH_s10_high,20,124,24.133333333333333,1.4985966682434082,-0.9947727232905457
BH_s10_high,20,125,24.166666666666668,1.1215308904647827,-0.7745719588666722
BH_s10_high,20,126,24.2,0.8002240657806396,-0.5064989805912735
BH_s10_high,20,127,24.233333333333334,0.5606371760368347,-0.21371726860099
BH_s10_high,20,128,24.266666666666666,0.4361920952796936,0.08393503413266461
BH_s10_high,20,129,24.3,0.3117469847202301,0.3692643618681025
BH_s10_high,20,130,24.333333333333332,0.09627871960401535,0.6256745917166222
BH_s10_high,20,131,24.366666666666667,-0.1581842452287674,0.8360604517867948
BH_s10_high,20,132,24.4,-0.44979965686798096,0.9837342512508456
BH_s10_high,20,133,24.433333333333334,-0.7414380311965942,1.0550699023802053
BH_s10_high,20,134,24.466666666666665,-0.9086312651634216,1.043058574369666
BH_s10_high,20,135,24.5,-0.9941046833992004,0.9503786488079664
BH_s10_high,20,136,24.533333333333335,-1.07768976688385,0.7894577793744094
BH_s10_high,20,137,24.566666666666666,-1.161275029182434,0.5779244662697434
BH_s10_high,20,138,24.6,-1.2448601722717285,0.3318939601435165
BH_s10_high,20,139,24.633333333333333,-1.2857201099395752,0.06236440880252891
BH_s10_high,20,140,24.666666666666668,-1.4120304584503174,-0.22229924509289006
BH_s10_high,20,141,24.7,-1.3973299264907837,-0.5099596640470612
BH_s10_high,20,142,24.733333333333334,-0.8927991390228271,-0.7797959910851519
BH_s10_high,20,143,24.766666666666666,0.1265667974948883,-1.0032050121385916
BH_s10_high,20,144,24.8,1.2986241579055786,-1.150314656700734
BH_s10_high,20,145,24.833333333333332,2.0090513229370117,-1.198064890647369
BH_s10_high,20,146,24.866666666666667,2.0841734409332275,-1.135857854924714
BH_s10_high,20,147,24.9,1.8838258981704712,-0.9674195653009927
BH_s10_high,20,148,24.933333333333334,1.5922104120254517,-0.7097236649415339
BH_s10_high,20,149,24.966666666666665,1.2450116872787476,-0.39026879478860543
BH_s10_high,20,150,25.0,0.8917970061302185,-0.04315879912169518
BH_s10_high,20,151,25.033333333333335,0.6410415768623352,0.2960399770973766
BH_s10_high,20,152,25.066666666666666,0.48299896717071533,0.5958585726722733
BH_s10_high,20,153,25.1,0.31043148040771484,0.8332682461291838
BH_s10_high,20,154,25.133333333333333,0.05967602878808975,0.9957102914382107
BH_s10_high,20,155,25.166666666666668,-0.23547130823135376,1.080812009983339
BH_s10_high,20,156,25.2,-0.5698118805885315,1.0942068567797532
BH_s10_high,20,157,25.233333333333334,-0.7801045179367065,1.045874200888031
BH_s10_high,20,158,25.266666666666666,-0.9472748041152954,0.9457598232812804
BH_s10_high,20,159,25.3,-1.0717198848724365,0.8002155843155108
BH_s10_high,20,160,25.333333333333332,-1.1610994338989258,0.6112919445724543
BH_s10_high,20,161,25.366666666666667,-1.2446845769882202,0.37989094267395734
BH_s10_high,20,162,25.4,-1.3282697200775146,0.1111479961352916
BH_s10_high,20,163,25.433333333333334,-1.411854863166809,-0.18155476899311984
BH_s10_high,20,164,25.466666666666665,-1.4954400062561035,-0.47676135309075934
BH_s10_high,20,165,25.5,-1.5532857179641724,-0.7492935745179112
BH_s10_high,20,166,25.533333333333335,-1.300716519355774,-0.9760904509685615
BH_s10_high,20,167,25.566666666666666,-0.45539167523384094,-1.1401252846922723
BH_s10_high,20,168,25.6,0.7142276763916016,-1.230691336602376
BH_s10_high,20,169,25.633333333333333,1.754606008529663,-1.2410573445994253
BH_s10_high,20,170,25.666666666666668,2.094769239425659,-1.1662407848627456
BH_s10_high,20,171,25.7,1.9919874668121338,-1.0033813372774565
BH_s10_high,20,172,25.733333333333334,1.7285493612289429,-0.7551478176719922
BH_s10_high,20,173,25.766666666666666,1.436933994293213,-0.43417811448081844
BH_s10_high,20,174,25.8,1.0598682165145874,-0.06535237305957516
BH_s10_high,20,175,25.833333333333332,0.7326144576072693,0.3164529801958759
BH_s10_high,20,176,25.866666666666667,0.5298058390617371,0.6729527921771145
BH_s10_high,20,177,25.9,0.3626355230808258,0.9705036975807558
BH_s10_high,20,178,25.933333333333334,0.15124893188476562,1.1857000627954508
BH_s10_high,20,179,25.966666666666665,-0.09950650483369827,1.3063952269090837
BH_s10_high,20,180,26.0,-0.3929871618747711,1.3296609168032996
BH_s10_high,20,181,26.033333333333335,-0.6864677667617798,1.2598168007467148
BH_s10_high,20,182,26.066666666666666,-0.8577427268028259,1.1073033382909874
BH_s10_high,20,183,26.1,-1.0249130725860596,0.8867043484600454
BH_s10_high,20,184,26.133333333333333,-1.1163333654403687,0.6134013032888164
BH_s10_high,20,185,26.166666666666668,-1.199918508529663,0.30091432695070175
BH_s10_high,20,186,26.2,-1.2835036516189575,-0.038796082046545624
BH_s10_high,20,187,26.233333333333334,-1.3945177793502808,-0.39204357079917873
BH_s10_high,20,188,26.266666666666666,-1.4933991432189941,-0.7396394768909935
BH_s10_high,20,189,26.3,-1.5769842863082886,-1.0556520609127282
BH_s10_high,20,190,26.333333333333332,-1.4659526348114014,-1.3097235604788673
BH_s10_high,20,191,26.366666666666667,-0.8009669780731201,-1.4716092789143995
BH_s10_high,20,192,26.4,0.3418135344982147,-1.51611460550387
BH_s10_high,20,193,26.433333333333334,1.4716778993606567,-1.4275652923194517
BH_s10_high,20,194,26.466666666666665,2.0072782039642334,-1.203750024069285
BH_s10_high,20,195,26.5,1.9981099367141724,-0.8590684377057289
BH_s10_high,20,196,26.533333333333335,1.747354507446289,-0.42563389639748367
BH_s10_high,20,197,26.566666666666666,1.4878225326538086,0.04950142108006603
BH_s10_high,20,198,26.6,1.1534819602966309,0.5118696709546868
BH_s10_high,20,199,26.633333333333333,0.8241873979568481,0.9101349347412236
BH_s10_high,20,200,26.666666666666668,0.5766127109527588,1.2053200179172552
BH_s10_high,20,201,26.7,0.4521676003932953,1.374932579556029
BH_s10_high,20,202,26.733333333333334,0.2849973142147064,1.4125215405363882
BH_s10_high,20,203,26.766666666666666,-0.005518608260899782,1.3259486437923527
BH_s10_high,20,204,26.8,-0.29713401198387146,1.135254103457035
BH_s10_high,20,205,26.833333333333332,-0.552169680595398,0.8683466887093197
BH_s10_high,20,206,26.866666666666667,-0.7682106494903564,0.5547734522225605
BH_s10_high,20,207,26.9,-0.9353809952735901,0.22094587605358176
BH_s10_high,20,208,26.933333333333334,-1.0288420915603638,-0.11062245400592574
BH_s10_high,20,209,26.966666666666665,-1.1124272346496582,-0.41908479960223566
BH_s10_high,20,210,27.0,-1.1960123777389526,-0.6834232428796292
BH_s10_high,20,211,27.033333333333335,-1.279597520828247,-0.8834681489732373
BH_s10_high,20,212,27.066666666666666,-1.4059078693389893,-1.0029503888724947
BH_s10_high,20,213,27.1,-1.402862310409546,-1.0319313097832308
BH_s10_high,20,214,27.133333333333333,-0.90517657995224,-0.967768968497098
BH_s10_high,20,215,27.166666666666668,0.04697415605187416,-0.8159513461743257
BH_s10_high,20,216,27.2,1.1014572381973267,-0.591282186372513
BH_s10_high,20,217,27.233333333333334,1.6794975996017456,-0.31796208680752513
BH_s10_high,20,218,27.266666666666666,1.6568350791931152,-0.027129144981544916
BH_s10_high,20,219,27.3,1.395613431930542,0.24802719565012768
BH_s10_high,20,220,27.333333333333332,1.0612728595733643,0.478242113085407
BH_s10_high,20,221,27.366666666666667,0.7336679697036743,0.6436063607841875
BH_s10_high,20,222,27.4,0.4877829849720001,0.7370458120846579
BH_s10_high,20,223,27.433333333333334,0.36634305119514465,0.7644825938867323
BH_s10_high,20,224,27.466666666666665,0.2827579081058502,0.740347026284299
BH_s10_high,20,225,27.5,0.15717288851737976,0.6789812484708826
BH_s10_high,20,226,27.533333333333335,-0.052722614258527756,0.5863048900078444
BH_s10_high,20,227,27.566666666666666,-0.3436126708984375,0.45765247202307524
BH_s10_high,20,228,27.6,-0.5943681001663208,0.28385605593870744
BH_s10_high,20,229,27.633333333333333,-0.8105847239494324,0.061685370864607916
BH_s10_high,20,230,27.666666666666668,-0.9350298047065735,-0.19815134009743576
BH_s10_high,20,231,27.7,-1.0286664962768555,-0.4701967384305622
BH_s10_high,20,232,27.733333333333334,-1.0695264339447021,-0.7201658586624771
BH_s10_high,20,233,27.766666666666666,-1.1531115770339966,-0.9132562989859886
BH_s10_high,20,234,27.8,-1.236696720123291,-1.020961815980992
BH_s10_high,20,235,27.833333333333332,-1.1608198881149292,-1.0253311415150137
BH_s10_high,20,236,27.866666666666667,-0.5479289293289185,-0.9213745006458883
BH_s10_high,20,237,27.9,0.4730834662914276,-0.7181607063455855
BH_s10_high,20,238,27.933333333333334,1.469067096710205,-0.438184911255464
BH_s10_high,20,239,27.966666666666665,1.9392281770706177,-0.11445279555873622
BH_s10_high,21,0,21.0,1.5643301010131836,0.03592390503715612
BH_s10_high,21,1,21.033333333333335,1.8647302389144897,0.20268879046762678
BH_s10_high,21,2,21.066666666666666,1.666688084602356,0.3353029464876777
BH_s10_high,21,3,21.1,1.3323475122451782,0.41461943839480775
BH_s10_high,21,4,21.133333333333333,0.9552817344665527,0.4469742890096072
BH_s10_high,21,5,21.166666666666668,0.6328120231628418,0.461958880903778
BH_s10_high,21,6,21.2,0.40206781029701233,0.49844243128606214
BH_s10_high,21,7,21.233333333333334,0.31034231185913086,0.5849832976388005
BH_s10_high,21,8,21.266666666666666,0.18589720129966736,0.724382171404669
BH_s10_high,21,9,21.3,-0.023998290300369263,0.8904703233374864
BH_s10_high,21,10,21.333333333333332,-0.2817082107067108,1.0387525061834113
BH_s10_high,21,11,21.366666666666667,-0.615369439125061,1.1251165754622514
BH_s10_high,21,12,21.4,-0.8661248683929443,1.1229267370916836
BH_s10_high,21,13,21.433333333333334,-1.0344810485839844,1.0303987257574583
BH_s10_high,21,14,21.466666666666665,-1.121117353439331,0.8660756832648765
BH_s10_high,21,15,21.5,-1.2047024965286255,0.6566592030707047
BH_s10_high,21,16,21.533333333333335,-1.28828763961792,0.4245774963495191
BH_s10_high,21,17,21.566666666666666,-1.3718727827072144,0.18129132381047436
BH_s10_high,21,18,21.6,-1.4554579257965088,-0.07202441162185441
BH_s10_high,21,19,21.633333333333333,-1.4535953998565674,-0.3387171678717005
BH_s10_high,21,20,21.666666666666668,-0.9880363941192627,-0.6192405735168897
BH_s10_high,21,21,21.7,0.03227368742227554,-0.9049498949906709
BH_s10_high,21,22,21.733333333333334,1.245190978050232,-1.1754858356252404
BH_s10_high,21,23,21.766666666666666,2.055288314819336,-1.4012220788425358
BH_s10_high,21,24,21.8,2.1682193279266357,-1.5501282310251616
BH_s10_high,21,25,21.833333333333332,1.9410327672958374,-1.5960991313522606
BH_s10_high,21,26,21.866666666666667,1.616700530052185,-1.5250110449733538
BH_s10_high,21,27,21.9,1.2550604343414307,-1.3362756471637611
BH_s10_high,21,28,21.933333333333334,0.9207199215888977,-1.0407251609574222
BH_s10_high,21,29,21.966666666666665,0.6487645506858826,-0.6579064641910938
BH_s10_high,21,30,22.0,0.4815942645072937,-0.21532869295003343
BH_s10_high,21,31,22.033333333333335,0.3083244562149048,0.2507503752754049
BH_s10_high,21,32,22.066666666666666,0.057569000869989395,0.6963810410995616
BH_s10_high,21,33,22.1,-0.23828066885471344,1.0757735624272198
BH_s10_high,21,34,22.133333333333333,-0.529896080493927,1.350504727422064
BH_s10_high,21,35,22.166666666666668,-0.7815092206001282,1.4972419998138722
BH_s10_high,21,36,22.2,-0.948679506778717,1.5107311961749808
BH_s10_high,21,37,22.233333333333334,-1.078216552734375,1.402272733200607
BH_s10_high,21,38,22.266666666666666,-1.1618016958236694,1.1950357691292475
BH_s10_high,21,39,22.3,-1.2453868389129639,0.9172192244673589
BH_s10_high,21,40,22.333333333333332,-1.3289719820022583,0.5946583124532495
BH_s10_high,21,41,22.366666666666667,-1.4125571250915527,0.2456168037959602
BH_s10_high,21,42,22.4,-1.3118822574615479,-0.11948617423035353
BH_s10_high,21,43,22.433333333333334,-0.5951071977615356,-0.4926722990691484
BH_s10_high,21,44,22.466666666666665,0.5489456057548523,-0.8599061569044837
BH_s10_high,21,45,22.5,1.687301516532898,-1.1942992556930965
BH_s10_high,21,46,22.533333333333335,2.2482237815856934,-1.4551168801108767
BH_s10_high,21,47,22.566666666666666,2.2112956047058105,-1.5940877089650436
BH_s10_high,21,48,22.6,1.967169165611267,-1.5678373951973223
BH_s10_high,21,49,22.633333333333333,1.6603035926818848,-1.3529707378089162
BH_s10_high,21,50,22.666666666666668,1.2984880208969116,-0.9585770192350322
BH_s10_high,21,51,22.7,0.9329419136047363,-0.4307815224278041
BH_s10_high,21,52,22.733333333333334,0.6918409466743469,0.1537937983068466
BH_s10_high,21,53,22.766666666666666,0.5168814659118652,0.7048316743091945
BH_s10_high,21,54,22.8,0.30292725563049316,1.1405100544284865
BH_s10_high,21,55,22.833333333333332,0.015370558016002178,1.4079108200865815
BH_s10_high,21,56,22.866666666666667,-0.2781100869178772,1.4949018037667505
BH_s10_high,21,57,22.9,-0.5715907216072083,1.4292514552335833
BH_s10_high,21,58,22.933333333333334,-0.7811580300331116,1.264439540457646
BH_s10_high,21,59,22.966666666666665,-0.9483283162117004,1.056688193856025
BH_s10_high,21,60,23.0,-1.035315752029419,0.842906327420387
BH_s10_high,21,61,23.033333333333335,-1.1189008951187134,0.6300232216883107
BH_s10_high,21,62,23.066666666666666,-1.2024860382080078,0.400130976334696
BH_s10_high,21,63,23.1,-1.2860711812973022,0.12724940649313457
BH_s10_high,21,64,23.133333333333333,-1.3696564435958862,-0.20359578356136346
BH_s10_high,21,65,23.166666666666668,-1.2417280673980713,-0.5837909089837873
BH_s10_high,21,66,23.2,-0.48549771308898926,-0.9792051971312405
BH_s10_high,21,67,23.233333333333334,0.6499109864234924,-1.3377696750829233
BH_s10_high,21,68,23.266666666666666,1.7055597305297852,-1.6024344226928244
BH_s10_high,21,69,23.3,2.141751766204834,-1.7249392774868058
BH_s10_high,21,70,23.333333333333332,2.0646660327911377,-1.6767699680663075
BH_s10_high,21,71,23.366666666666667,1.7711853981018066,-1.4551845443407954
BH_s10_high,21,72,23.4,1.4626301527023315,-1.0837808332300038
BH_s10_high,21,73,23.433333333333334,1.1282895803451538,-0.6082031356864336
BH_s10_high,21,74,23.466666666666665,0.8480182886123657,-0.08809389468719943
BH_s10_high,21,75,23.5,0.6494669318199158,0.4132630659097308
BH_s10_high,21,76,23.533333333333335,0.4822966158390045,0.8397103086231404
BH_s10_high,21,77,23.566666666666666,0.26665276288986206,1.1515124080848844
BH_s10_high,21,78,23.6,-0.02682788483798504,1.3318757435081263
BH_s10_high,21,79,23.633333333333333,-0.27960118651390076,1.3890247779118035
BH_s10_high,21,80,23.666666666666668,-0.5709113478660583,1.3509358828241553
BH_s10_high,21,81,23.7,-0.738081693649292,1.2518344871816147
BH_s10_high,21,82,23.733333333333334,-0.8661046624183655,1.1161471234272935
BH_s10_high,21,83,23.766666666666666,-0.9496898055076599,0.9496841502976688
BH_s10_high,21,84,23.8,-1.0332750082015991,0.7433583725087942
BH_s10_high,21,85,23.833333333333332,-1.1168601512908936,0.4858924893540519
BH_s10_high,21,86,23.866666666666667,-1.200445294380188,0.17659437980060438
BH_s10_high,21,87,23.9,-1.3267556428909302,-0.16908670665394526
BH_s10_high,21,88,23.933333333333334,-1.185111403465271,-0.521922862330373
BH_s10_high,21,89,23.966666666666665,-0.4972361922264099,-0.8450443576665256
BH_s10_high,21,90,24.0,0.5803266763687134,-1.1008290661277957
BH_s10_high,21,91,24.033333333333335,1.5736333131790161,-1.258392167161862
BH_s10_high,21,92,24.066666666666666,1.9501806497573853,-1.3009716552846442
BH_s10_high,21,93,24.1,1.808841586112976,-1.2302274274912943
BH_s10_high,21,94,24.133333333333333,1.4985966682434082,-1.0644868354545138
BH_s10_high,21,95,24.166666666666668,1.1215308904647827,-0.8310200917137358
BH_s10_high,21,96,24.2,0.8002240657806396,-0.556387569212987
BH_s10_high,21,97,24.233333333333334,0.5606371760368347,-0.26037175278753655
BH_s10_high,21,98,24.266666666666666,0.4361920952796936,0.04369244910333273
BH_s10_high,21,99,24.3,0.3117469847202301,0.34386243402957906
BH_s10_high,21,100,24.333333333333332,0.09627871960401535,0.624179899575585
BH_s10_high,21,101,24.366666666666667,-0.1581842452287674,0.8627263047656942
BH_s10_high,21,102,24.4,-0.44979965686798096,1.0341174528425687
BH_s10_high,21,103,24.433333333333334,-0.7414380311965942,1.1150847059631372
BH_s10_high,21,104,24.466666666666665,-0.9086312651634216,1.0915109634244657
BH_s10_high,21,105,24.5,-0.9941046833992004,0.9648672416144112
BH_s10_high,21,106,24.533333333333335,-1.07768976688385,0.7541752587052619
BH_s10_high,21,107,24.566666666666666,-1.161275029182434,0.4902586325265774
BH_s10_high,21,108,24.6,-1.2448601722717285,0.20448867308732618
BH_s10_high,21,109,24.633333333333333,-1.2857201099395752,-0.08076874463018772
BH_s10_high,21,110,24.666666666666668,-1.4120304584503174,-0.3539310014214269
BH_s10_high,21,111,24.7,-1.3973299264907837,-0.6080760642231535
BH_s10_high,21,112,24.733333333333334,-0.8927991390228271,-0.8324528543447132
BH_s10_high,21,113,24.766666666666666,0.1265667974948883,-1.008328515744031
BH_s10_high,21,114,24.8,1.2986241579055786,-1.1118636833527153
BH_s10_high,21,115,24.833333333333332,2.0090513229370117,-1.1215436713386997
BH_s10_high,21,116,24.866666666666667,2.0841734409332275,-1.0257078535117434
BH_s10_high,21,117,24.9,1.8838258981704712,-0.8270764623600416
BH_s10_high,21,118,24.933333333333334,1.5922104120254517,-0.5435590040017686
BH_s10_high,21,119,24.966666666666665,1.2450116872787476,-0.20587975751711218
BH_s10_high,21,120,25.0,0.8917970061302185,0.14773143168686145
BH_s10_high,21,121,25.033333333333335,0.6410415768623352,0.4792230651761714
BH_s10_high,21,122,25.066666666666666,0.48299896717071533,0.7581734056209699
BH_s10_high,21,123,25.1,0.31043148040771484,0.9655571344105988
BH_s10_high,21,124,25.133333333333333,0.05967602878808975,1.0929972826532426
BH_s10_high,21,125,25.166666666666668,-0.23547130823135376,1.1398281001850894
BH_s10_high,21,126,25.2,-0.5698118805885315,1.1105080089112638
BH_s10_high,21,127,25.233333333333334,-0.7801045179367065,1.0130611644004546
BH_s10_high,21,128,25.266666666666666,-0.9472748041152954,0.8578634981357721
BH_s10_high,21,129,25.3,-1.0717198848724365,0.6561826092362043
BH_s10_high,21,130,25.333333333333332,-1.1610994338989258,0.4188750837093575
BH_s10_high,21,131,25.366666666666667,-1.2446845769882202,0.15622088980330195
BH_s10_high,21,132,25.4,-1.3282697200775146,-0.12081283745989671
BH_s10_high,21,133,25.433333333333334,-1.411854863166809,-0.39887744555081167
BH_s10_high,21,134,25.466666666666665,-1.4954400062561035,-0.661752360529716
BH_s10_high,21,135,25.5,-1.5532857179641724,-0.8919738581850657
BH_s10_high,21,136,25.533333333333335,-1.300716519355774,-1.0737665262708018
BH_s10_high,21,137,25.566666666666666,-0.45539167523384094,-1.1951783931232516
BH_s10_high,21,138,25.6,0.7142276763916016,-1.24775696647178
BH_s10_high,21,139,25.633333333333333,1.754606008529663,-1.2240769353125232
BH_s10_high,21,140,25.666666666666668,2.094769239425659,-1.11561330907524
BH_s10_high,21,141,25.7,1.9919874668121338,-0.9141188177934736
BH_s10_high,21,142,25.733333333333334,1.7285493612289429,-0.6178231351806159
BH_s10_high,21,143,25.766666666666666,1.436933994293213,-0.24008894038003542
BH_s10_high,21,144,25.8,1.0598682165145874,0.1851272933651187
BH_s10_high,21,145,25.833333333333332,0.7326144576072693,0.6064651697938406
BH_s10_high,21,146,25.866666666666667,0.5298058390617371,0.9676879545844339
BH_s10_high,21,147,25.9,0.3626355230808258,1.2239845537876732
BH_s10_high,21,148,25.933333333333334,0.15124893188476562,1.3534331307885694
BH_s10_high,21,149,25.966666666666665,-0.09950650483369827,1.3581671944148495
BH_s10_high,21,150,26.0,-0.3929871618747711,1.2574217619971015
BH_s10_high,21,151,26.033333333333335,-0.6864677667617798,1.0790977915102316
BH_s10_high,21,152,26.066666666666666,-0.8577427268028259,0.8532124671332376
BH_s10_high,21,153,26.1,-1.0249130725860596,0.6058848684339558
BH_s10_high,21,154,26.133333333333333,-1.1163333654403687,0.3532846015646341
BH_s10_high,21,155,26.166666666666668,-1.199918508529663,0.09848513990765512
BH_s10_high,21,156,26.2,-1.2835036516189575,-0.16541829985888973
BH_s10_high,21,157,26.233333333333334,-1.3945177793502808,-0.4461718244042262
BH_s10_high,21,158,26.266666666666666,-1.4933991432189941,-0.742034766239036
BH_s10_high,21,159,26.3,-1.5769842863082886,-1.0362362249094714
BH_s10_high,21,160,26.333333333333332,-1.4659526348114014,-1.298335414441568
BH_s10_high,21,161,26.366666666666667,-0.8009669780731201,-1.490092335962003
BH_s10_high,21,162,26.4,0.3418135344982147,-1.572765309180433
BH_s10_high,21,163,26.433333333333334,1.4716778993606567,-1.5147138999712784
BH_s10_high,21,164,26.466666666666665,2.0072782039642334,-1.2993895373113165
BH_s10_high,21,165,26.5,1.9981099367141724,-0.9329006817779966
BH_s10_high,21,166,26.533333333333335,1.747354507446289,-0.4482791886963855
BH_s10_high,21,167,26.566666666666666,1.4878225326538086,0.09722641269713943
BH_s10_high,21,168,26.6,1.1534819602966309,0.6332172558365802
BH_s10_high,21,169,26.633333333333333,0.8241873979568481,1.0922586864171866
BH_s10_high,21,170,26.666666666666668,0.5766127109527588,1.4238134292950373
BH_s10_high,21,171,26.7,0.4521676003932953,1.6002520849560076
BH_s10_high,21,172,26.733333333333334,0.2849973142147064,1.6162120724870193
BH_s10_high,21,173,26.766666666666666,-0.005518608260899782,1.486573247756116
BH_s10_high,21,174,26.8,-0.29713401198387146,1.2438913278908807
BH_s10_high,21,175,26.833333333333332,-0.552169680595398,0.9314425292789087
BH_s10_high,21,176,26.866666666666667,-0.7682106494903564,0.5913744322043496
BH_s10_high,21,177,26.9,-0.9353809952735901,0.2537629236675803
BH_s10_high,21,178,26.933333333333334,-1.0288420915603638,-0.0668460070133004
BH_s10_high,21,179,26.966666666666665,-1.1124272346496582,-0.3660478948202715
BH_s10_high,21,180,27.0,-1.1960123777389526,-0.6402584130782253
BH_s10_high,21,181,27.033333333333335,-1.279597520828247,-0.8801899984347166
BH_s10_high,21,182,27.066666666666666,-1.4059078693389893,-1.069751126477939
BH_s10_high,21,183,27.1,-1.402862310409546,-1.1885089136173828
BH_s10_high,21,184,27.133333333333333,-0.90517657995224,-1.21593497105741
BH_s10_high,21,185,27.166666666666668,0.04697415605187416,-1.1373869102352838
BH_s10_high,21,186,27.2,1.1014572381973267,-0.9509087956188524
BH_s10_high,21,187,27.233333333333334,1.6794975996017456,-0.6719038018527876
BH_s10_high,21,188,27.266666666666666,1.6568350791931152,-0.3327260801602956
BH_s10_high,21,189,27.3,1.395613431930542,0.023576246001391837
BH_s10_high,21,190,27.333333333333332,1.0612728595733643,0.35339804504107875
BH_s10_high,21,191,27.366666666666667,0.7336679697036743,0.6228522540801037
BH_s10_high,21,192,27.4,0.4877829849720001,0.8143682364026297
BH_s10_high,21,193,27.433333333333334,0.36634305119514465,0.9270285626186519
BH_s10_high,21,194,27.466666666666665,0.2827579081058502,0.970120052545631
BH_s10_high,21,195,27.5,0.15717288851737976,0.952663288524217
BH_s10_high,21,196,27.533333333333335,-0.052722614258527756,0.8752256708567488
BH_s10_high,21,197,27.566666666666666,-0.3436126708984375,0.7301259423778619
BH_s10_high,21,198,27.6,-0.5943681001663208,0.5103788496681423
BH_s10_high,21,199,27.633333333333333,-0.8105847239494324,0.22119674850643287
BH_s10_high,21,200,27.666666666666668,-0.9350298047065735,-0.11368701674505415
BH_s10_high,21,201,27.7,-1.0286664962768555,-0.45454501434434585
BH_s10_high,21,202,27.733333333333334,-1.0695264339447021,-0.7545679351005602
BH_s10_high,21,203,27.766666666666666,-1.1531115770339966,-0.9696626050765945
BH_s10_high,21,204,27.8,-1.236696720123291,-1.0659529497071116
BH_s10_high,21,205,27.833333333333332,-1.1608198881149292,-1.0254476899576344
BH_s10_high,21,206,27.866666666666667,-0.5479289293289185,-0.8507609928693123
BH_s10_high,21,207,27.9,0.4730834662914276,-0.5677494613882313
BH_s10_high,21,208,27.933333333333334,1.469067096710205,-0.22353577391833004
BH_s10_high,21,209,27.966666666666665,1.9392281770706177,0.12200265845738222
BH_s10_high,21,210,28.0,1.9081172943115234,0.41068126079035805
BH_s10_high,21,211,28.033333333333335,1.6573618650436401,0.6021093682008681
BH_s10_high,21,212,28.066666666666666,1.3535906076431274,0.6842910478566449
BH_s10_high,21,213,28.1,1.0192500352859497,0.6727500439907772
BH_s10_high,21,214,28.133333333333333,0.6914695501327515,0.5983311974223996
BH_s10_high,21,215,28.166666666666668,0.49282899498939514,0.4906644817535359
BH_s10_high,21,216,28.2,0.36368903517723083,0.36661074956821854
BH_s10_high,21,217,28.233333333333334,0.19555440545082092,0.2292912601864335
BH_s10_high,21,218,28.266666666666666,-0.013376745395362377,0.07603579085317852
BH_s10_high,21,219,28.3,-0.30319032073020935,-0.09177306995992462
BH_s10_high,21,220,28.333333333333332,-0.5567119121551514,-0.2635190617178874
BH_s10_high,21,221,28.366666666666667,-0.7712388634681702,-0.4206445958826632
BH_s10_high,21,222,28.4,-0.938409149646759,-0.5415575940896775
BH_s10_high,21,223,28.433333333333334,-1.0303561687469482,-0.6062716854759896
BH_s10_high,21,224,28.466666666666665,-1.1139413118362427,-0.5997439267716559
BH_s10_high,21,225,28.5,-1.197526454925537,-0.5153102376655636
BH_s10_high,21,226,28.533333333333335,-1.1845818758010864,-0.3583757598297193
BH_s10_high,21,227,28.566666666666666,-0.7548367381095886,-0.14834131784305862
BH_s10_high,21,228,28.6,0.1774323582649231,0.08291353923110605
BH_s10_high,21,229,28.633333333333333,1.2018728256225586,0.29625442407871133
BH_s10_high,21,230,28.666666666666668,1.8376036882400513,0.4540325992311203
BH_s10_high,21,231,28.7,1.9150285720825195,0.5308127072074368
BH_s10_high,21,232,28.733333333333334,1.7321475744247437,0.521481732618855
BH_s10_high,21,233,28.766666666666666,1.4675465822219849,0.44190390988063377
BH_s10_high,21,234,28.8,1.1332060098648071,0.3224283127063975
BH_s10_high,21,235,28.833333333333332,0.8415905833244324,0.19881048083745972
BH_s10_high,21,236,28.866666666666667,0.6091998815536499,0.10325961964595995
BH_s10_high,21,237,28.9,0.4420296251773834,0.05555814116109062
BH_s10_high,21,238,28.933333333333334,0.27485930919647217,0.05611564355096765
BH_s10_high,21,239,28.966666666666665,0.062309809029102325,0.0853076598882727
BH_s10_high,22,0,22.0,0.4815942645072937,0.041359024501146396
BH_s10_high,22,1,22.033333333333335,0.3083244562149048,1.0124733455984947
BH_s10_high,22,2,22.066666666666666,0.057569000869989395,1.8474214775828535
BH_s10_high,22,3,22.1,-0.23828066885471344,2.4416037777599557
BH_s10_high,22,4,22.133333333333333,-0.529896080493927,2.7398280599967424
BH_s10_high,22,5,22.166666666666668,-0.7815092206001282,2.74303765704906
BH_s10_high,22,6,22.2,-0.948679506778717,2.4991039857281834
BH_s10_high,22,7,22.233333333333334,-1.078216552734375,2.083490687646601
BH_s10_high,22,8,22.266666666666666,-1.1618016958236694,1.5775065442048168
BH_s10_high,22,9,22.3,-1.2453868389129639,1.0497222276734035
BH_s10_high,22,10,22.333333333333332,-1.3289719820022583,0.5443511311365232
BH_s10_high,22,11,22.366666666666667,-1.4125571250915527,0.07905456796000124
BH_s10_high,22,12,22.4,-1.3118822574615479,-0.34781074881258534
BH_s10_high,22,13,22.433333333333334,-0.5951071977615356,-0.7435974140588334
BH_s10_high,22,14,22.466666666666665,0.5489456057548523,-1.1068824655558775
BH_s10_high,22,15,22.5,1.687301516532898,-1.41819745968827
BH_s10_high,22,16,22.533333333333335,2.2482237815856934,-1.6404895671559325
BH_s10_high,22,17,22.566666666666666,2.2112956047058105,-1.7299062874653952
BH_s10_high,22,18,22.6,1.967169165611267,-1.6524811529713057
BH_s10_high,22,19,22.633333333333333,1.6603035926818848,-1.3992541514627324
BH_s10_high,22,20,22.666666666666668,1.2984880208969116,-0.9934482327245614
BH_s10_high,22,21,22.7,0.9329419136047363,-0.48732931169439897
BH_s10_high,22,22,22.733333333333334,0.6918409466743469,0.049397708126970245
BH_s10_high,22,23,22.766666666666666,0.5168814659118652,0.5452030254888606
BH_s10_high,22,24,22.8,0.30292725563049316,0.9414988073957377
BH_s10_high,22,25,22.833333333333332,0.015370558016002178,1.2028854586845594
BH_s10_high,22,26,22.866666666666667,-0.2781100869178772,1.320931162907822
BH_s10_high,22,27,22.9,-0.5715907216072083,1.3111237624117862
BH_s10_high,22,28,22.933333333333334,-0.7811580300331116,1.2040022023754946
BH_s10_high,22,29,22.966666666666665,-0.9483283162117004,1.0330926971108203
BH_s10_high,22,30,23.0,-1.035315752029419,0.8239476430820578
BH_s10_high,22,31,23.033333333333335,-1.1189008951187134,0.5885828531357244
BH_s10_high,22,32,23.066666666666666,-1.2024860382080078,0.32697096161587935
BH_s10_high,22,33,23.1,-1.2860711812973022,0.03387730769574909
BH_s10_high,22,34,23.133333333333333,-1.3696564435958862,-0.29242159302008264
BH_s10_high,22,35,23.166666666666668,-1.2417280673980713,-0.6428629773431156
BH_s10_high,22,36,23.2,-0.48549771308898926,-0.9940052587862929
BH_s10_high,22,37,23.233333333333334,0.6499109864234924,-1.3090868624013763
BH_s10_high,22,38,23.266666666666666,1.7055597305297852,-1.5436140963201244
BH_s10_high,22,39,23.3,2.141751766204834,-1.6543938438092487
BH_s10_high,22,40,23.333333333333332,2.0646660327911377,-1.609999262213335
BH_s10_high,22,41,23.366666666666667,1.7711853981018066,-1.3999981003645754
BH_s10_high,22,42,23.4,1.4626301527023315,-1.04023073532978
BH_s10_high,22,43,23.433333333333334,1.1282895803451538,-0.5721419511225997
BH_s10_high,22,44,23.466666666666665,0.8480182886123657,-0.05563512384748123
BH_s10_high,22,45,23.5,0.6494669318199158,0.4429983654595906
BH_s10_high,22,46,23.533333333333335,0.4822966158390045,0.864544704403134
BH_s10_high,22,47,23.566666666666666,0.26665276288986206,1.1678841931817974
BH_s10_high,22,48,23.6,-0.02682788483798504,1.336395679680172
BH_s10_high,22,49,23.633333333333333,-0.27960118651390076,1.3787781274610051
BH_s10_high,22,50,23.666666666666668,-0.5709113478660583,1.3228687552982858
BH_s10_high,22,51,23.7,-0.738081693649292,1.2026013663840058
BH_s10_high,22,52,23.733333333333334,-0.8661046624183655,1.0435601730164359
BH_s10_high,22,53,23.766666666666666,-0.9496898055076599,0.8555275027729821
BH_s10_high,22,54,23.8,-1.0332750082015991,0.6358434523668688
BH_s10_high,22,55,23.833333333333332,-1.1168601512908936,0.37967010297219655
BH_s10_high,22,56,23.866666666666667,-1.200445294380188,0.0895500819971578
BH_s10_high,22,57,23.9,-1.3267556428909302,-0.22095380835148748
BH_s10_high,22,58,23.933333333333334,-1.185111403465271,-0.5290937837869031
BH_s10_high,22,59,23.966666666666665,-0.4972361922264099,-0.8065231938093143
BH_s10_high,22,60,24.0,0.5803266763687134,-1.022890924592983
BH_s10_high,22,61,24.033333333333335,1.5736333131790161,-1.150733305648043
BH_s10_high,22,62,24.066666666666666,1.9501806497573853,-1.1722533637046746
BH_s10_high,22,63,24.1,1.808841586112976,-1.0855023765129648
BH_s10_high,22,64,24.133333333333333,1.4985966682434082,-0.9059653035640352
BH_s10_high,22,65,24.166666666666668,1.1215308904647827,-0.6614398256699171
BH_s10_high,22,66,24.2,0.8002240657806396,-0.3824042850712273
BH_s10_high,22,67,24.233333333333334,0.5606371760368347,-0.09338541417809097
BH_s10_high,22,68,24.266666666666666,0.4361920952796936,0.18977094200215106
BH_s10_high,22,69,24.3,0.3117469847202301,0.4560548223940103
BH_s10_high,22,70,24.333333333333332,0.09627871960401535,0.6930414007133272
BH_s10_high,22,71,24.366666666666667,-0.1581842452287674,0.8836763117955755
BH_s10_high,22,72,24.4,-0.44979965686798096,1.007994484243991
BH_s10_high,22,73,24.433333333333334,-0.7414380311965942,1.0478972710214016
BH_s10_high,22,74,24.466666666666665,-0.9086312651634216,0.9930107466350793
BH_s10_high,22,75,24.5,-0.9941046833992004,0.846292314067687
BH_s10_high,22,76,24.533333333333335,-1.07768976688385,0.6264223815984867
BH_s10_high,22,77,24.566666666666666,-1.161275029182434,0.36368744759410726
BH_s10_high,22,78,24.6,-1.2448601722717285,0.09025611791840128
BH_s10_high,22,79,24.633333333333333,-1.2857201099395752,-0.16956000719781478
BH_s10_high,22,80,24.666666666666668,-1.4120304584503174,-0.4034113914530888
BH_s10_high,22,81,24.7,-1.3973299264907837,-0.6078406839548188
BH_s10_high,22,82,24.733333333333334,-0.8927991390228271,-0.7811511174596043
BH_s10_high,22,83,24.766666666666666,0.1265667974948883,-0.9174138082989458
BH_s10_high,22,84,24.8,1.2986241579055786,-1.005222295575968
BH_s10_high,22,85,24.833333333333332,2.0090513229370117,-1.0311275207072956
BH_s10_high,22,86,24.866666666666667,2.0841734409332275,-0.9847236042756381
BH_s10_high,22,87,24.9,1.8838258981704712,-0.862181976191792
BH_s10_high,22,88,24.933333333333334,1.5922104120254517,-0.6674691054920611
BH_s10_high,22,89,24.966666666666665,1.2450116872787476,-0.412449887224811
BH_s10_high,22,90,25.0,0.8917970061302185,-0.11639855848733939
BH_s10_high,22,91,25.033333333333335,0.6410415768623352,0.1957873545150792
BH_s10_high,22,92,25.066666666666666,0.48299896717071533,0.4967510128721245
BH_s10_high,22,93,25.1,0.31043148040771484,0.7602138733167613
BH_s10_high,22,94,25.133333333333333,0.05967602878808975,0.9642038012473918
BH_s10_high,22,95,25.166666666666668,-0.23547130823135376,1.093854787982032
BH_s10_high,22,96,25.2,-0.5698118805885315,1.143091896746527
BH_s10_high,22,97,25.233333333333334,-0.7801045179367065,1.1141328618814323
BH_s10_high,22,98,25.266666666666666,-0.9472748041152954,1.014897995212367
BH_s10_high,22,99,25.3,-1.0717198848724365,0.8558242744881946
BH_s10_high,22,100,25.333333333333332,-1.1610994338989258,0.6475912025575072
BH_s10_high,22,101,25.366666666666667,-1.2446845769882202,0.400382718309785
BH_s10_high,22,102,25.4,-1.3282697200775146,0.12462674535400056
BH_s10_high,22,103,25.433333333333334,-1.411854863166809,-0.16738788522797363
BH_s10_high,22,104,25.466666666666665,-1.4954400062561035,-0.46022384110637027
BH_s10_high,22,105,25.5,-1.5532857179641724,-0.7354933540952543
BH_s10_high,22,106,25.533333333333335,-1.300716519355774,-0.9735695681474507
BH_s10_high,22,107,25.566666666666666,-0.45539167523384094,-1.1556510233959965
BH_s10_high,22,108,25.6,0.7142276763916016,-1.2649734447592744
BH_s10_high,22,109,25.633333333333333,1.754606008529663,-1.2870931704304505
BH_s10_high,22,110,25.666666666666668,2.094769239425659,-1.2105519391001376
BH_s10_high,22,111,25.7,1.9919874668121338,-1.029590172908275
BH_s10_high,22,112,25.733333333333334,1.7285493612289429,-0.7491648473945128
BH_s10_high,22,113,25.766666666666666,1.436933994293213,-0.38987941228852224
BH_s10_high,22,114,25.8,1.0598682165145874,0.011547272337361879
BH_s10_high,22,115,25.833333333333332,0.7326144576072693,0.40917531178984023
BH_s10_high,22,116,25.866666666666667,0.5298058390617371,0.7597820696886262
BH_s10_high,22,117,25.9,0.3626355230808258,1.033155212926393
BH_s10_high,22,118,25.933333333333334,0.15124893188476562,1.2150308655086919
BH_s10_high,22,119,25.966666666666665,-0.09950650483369827,1.3026356584739491
BH_s10_high,22,120,26.0,-0.3929871618747711,1.2985500252265751
BH_s10_high,22,121,26.033333333333335,-0.6864677667617798,1.208718733479795
BH_s10_high,22,122,26.066666666666666,-0.8577427268028259,1.0440531681996121
BH_s10_high,22,123,26.1,-1.0249130725860596,0.8203088167702665
BH_s10_high,22,124,26.133333333333333,-1.1163333654403687,0.5540973594451909
BH_s10_high,22,125,26.166666666666668,-1.199918508529663,0.25856588895603577
BH_s10_high,22,126,26.2,-1.2835036516189575,-0.05714490399342172
BH_s10_high,22,127,26.233333333333334,-1.3945177793502808,-0.38432890314004337
BH_s10_high,22,128,26.266666666666666,-1.4933991432189941,-0.7100912154625438
BH_s10_high,22,129,26.3,-1.5769842863082886,-1.0149971118425989
BH_s10_high,22,130,26.333333333333332,-1.4659526348114014,-1.273765337499148
BH_s10_high,22,131,26.366666666666667,-0.8009669780731201,-1.4576110020736244
BH_s10_high,22,132,26.4,0.3418135344982147,-1.5374148747672949
BH_s10_high,22,133,26.433333333333334,1.4716778993606567,-1.4884055147820483
BH_s10_high,22,134,26.466666666666665,2.0072782039642334,-1.296820244243064
BH_s10_high,22,135,26.5,1.9981099367141724,-0.9671701603175109
BH_s10_high,22,136,26.533333333333335,1.747354507446289,-0.5269640853375819
BH_s10_high,22,137,26.566666666666666,1.4878225326538086,-0.025451657744050248
BH_s10_high,22,138,26.6,1.1534819602966309,0.47514721584492053
BH_s10_high,22,139,26.633333333333333,0.8241873979568481,0.9135039395150962
BH_s10_high,22,140,26.666666666666668,0.5766127109527588,1.2418934359280966
BH_s10_high,22,141,26.7,0.4521676003932953,1.4323473688555242
BH_s10_high,22,142,26.733333333333334,0.2849973142147064,1.4769828374616911
BH_s10_high,22,143,26.766666666666666,-0.005518608260899782,1.3868751704951965
BH_s10_high,22,144,26.8,-0.29713401198387146,1.1898692951143766
BH_s10_high,22,145,26.833333333333332,-0.552169680595398,0.9237960526719966
BH_s10_high,22,146,26.866666666666667,-0.7682106494903564,0.6252285527964575
BH_s10_high,22,147,26.9,-0.9353809952735901,0.3198218433141894
BH_s10_high,22,148,26.933333333333334,-1.0288420915603638,0.02025382074691884
BH_s10_high,22,149,26.966666666666665,-1.1124272346496582,-0.26780548066603327
BH_s10_high,22,150,27.0,-1.1960123777389526,-0.5370350532847245
BH_s10_high,22,151,27.033333333333335,-1.279597520828247,-0.7735618672358721
BH_s10_high,22,152,27.066666666666666,-1.4059078693389893,-0.9579344778789345
BH_s10_high,22,153,27.1,-1.402862310409546,-1.0694376982389375
BH_s10_high,22,154,27.133333333333333,-0.90517657995224,-1.0908694900025235
BH_s10_high,22,155,27.166666666666668,0.04697415605187416,-1.0129031055708402
BH_s10_high,22,156,27.2,1.1014572381973267,-0.8377823811119955
BH_s10_high,22,157,27.233333333333334,1.6794975996017456,-0.581353919261251
BH_s10_high,22,158,27.266666666666666,1.6568350791931152,-0.27209760415772116
BH_s10_high,22,159,27.3,1.395613431930542,0.053354434006566594
BH_s10_high,22,160,27.333333333333332,1.0612728595733643,0.3571323403611356
BH_s10_high,22,161,27.366666666666667,0.7336679697036743,0.6073233500456876
BH_s10_high,22,162,27.4,0.4877829849720001,0.7834399931979219
BH_s10_high,22,163,27.433333333333334,0.36634305119514465,0.878484086858613
BH_s10_high,22,164,27.466666666666665,0.2827579081058502,0.896047313905783
BH_s10_high,22,165,27.5,0.15717288851737976,0.8430676957645863
BH_s10_high,22,166,27.533333333333335,-0.052722614258527756,0.7232957372858926
BH_s10_high,22,167,27.566666666666666,-0.3436126708984375,0.5374754434362923
BH_s10_high,22,168,27.6,-0.5943681001663208,0.2903343768159733
BH_s10_high,22,169,27.633333333333333,-0.8105847239494324,-0.0018909969723757965
BH_s10_high,22,170,27.666666666666668,-0.9350298047065735,-0.3094696842750361
BH_s10_high,22,171,27.7,-1.0286664962768555,-0.5938454351210658
BH_s10_high,22,172,27.733333333333334,-1.0695264339447021,-0.8158548327938996
BH_s10_high,22,173,27.766666666666666,-1.1531115770339966,-0.9435234561391088
BH_s10_high,22,174,27.8,-1.236696720123291,-0.9574404053443265
BH_s10_high,22,175,27.833333333333332,-1.1608198881149292,-0.8539045111123612
BH_s10_high,22,176,27.866666666666667,-0.5479289293289185,-0.6463388335295841
BH_s10_high,22,177,27.9,0.4730834662914276,-0.3645687845003442
BH_s10_high,22,178,27.933333333333334,1.469067096710205,-0.05109993587571308
BH_s10_high,22,179,27.966666666666665,1.9392281770706177,0.2460973428571261
BH_s10_high,22,180,28.0,1.9081172943115234,0.4837562928958972
BH_s10_high,22,181,28.033333333333335,1.6573618650436401,0.6340176963970378
BH_s10_high,22,182,28.066666666666666,1.3535906076431274,0.6912075078428538
BH_s10_high,22,183,28.1,1.0192500352859497,0.6703905546005015
BH_s10_high,22,184,28.133333333333333,0.6914695501327515,0.59719673126206
BH_s10_high,22,185,28.166666666666668,0.49282899498939514,0.49391178017767845
BH_s10_high,22,186,28.2,0.36368903517723083,0.37016195678042546
BH_s10_high,22,187,28.233333333333334,0.19555440545082092,0.2241731979632886
BH_s10_high,22,188,28.266666666666666,-0.013376745395362377,0.05292164674254985
BH_s10_high,22,189,28.3,-0.30319032073020935,-0.13709387504531848
BH_s10_high,22,190,28.333333333333332,-0.5567119121551514,-0.326342406414766
BH_s10_high,22,191,28.366666666666667,-0.7712388634681702,-0.4875250977353307
BH_s10_high,22,192,28.4,-0.938409149646759,-0.594346779631086
BH_s10_high,22,193,28.433333333333334,-1.0303561687469482,-0.6274843849448519
BH_s10_high,22,194,28.466666666666665,-1.1139413118362427,-0.5770186700058906
BH_s10_high,22,195,28.5,-1.197526454925537,-0.44480429851976877
BH_s10_high,22,196,28.533333333333335,-1.1845818758010864,-0.24719058369062757
BH_s10_high,22,197,28.566666666666666,-0.7548367381095886,-0.014347945810137933
BH_s10_high,22,198,28.6,0.1774323582649231,0.21573124894678689
BH_s10_high,22,199,28.633333333333333,1.2018728256225586,0.40629889806903874
BH_s10_high,22,200,28.666666666666668,1.8376036882400513,0.5308516092967771
BH_s10_high,22,201,28.7,1.9150285720825195,0.5797417674865332
BH_s10_high,22,202,28.733333333333334,1.7321475744247437,0.5617003914299024
BH_s10_high,22,203,28.766666666666666,1.4675465822219849,0.4984643438454274
BH_s10_high,22,204,28.8,1.1332060098648071,0.4147305745867926
BH_s10_high,22,205,28.833333333333332,0.8415905833244324,0.32838771523239085
BH_s10_high,22,206,28.866666666666667,0.6091998815536499,0.24398998247315445
BH_s10_high,22,207,28.9,0.4420296251773834,0.15030269176076771
BH_s10_high,22,208,28.933333333333334,0.27485930919647217,0.024230771351834646
BH_s10_high,22,209,28.966666666666665,0.062309809029102325,-0.15680167625698782
BH_s10_high,22,210,29.0,-0.1892343908548355,-0.3981608675731334
BH_s10_high,22,211,29.033333333333335,-0.481926292181015,-0.6766326484027811
BH_s10_high,22,212,29.066666666666666,-0.6928982734680176,-0.9415515506306044
BH_s10_high,22,213,29.1,-0.8600685596466064,-1.1282129521223085
BH_s10_high,22,214,29.133333333333333,-0.9845136404037476,-1.177652278614725
BH_s10_high,22,215,29.166666666666668,-1.0747710466384888,-1.0551990976496677
BH_s10_high,22,216,29.2,-1.1583561897277832,-0.7617631776254435
BH_s10_high,22,217,29.233333333333334,-1.1810269355773926,-0.3350673594930357
BH_s10_high,22,218,29.266666666666666,-0.8404397368431091,0.15860854944253966
BH_s10_high,22,219,29.3,-0.06298651546239853,0.6394196074010207
BH_s10_high,22,220,29.333333333333332,0.8991752862930298,1.0320933743331346
BH_s10_high,22,221,29.366666666666667,1.5721882581710815,1.2830165350390679
BH_s10_high,22,222,29.4,1.6515675783157349,1.3712898234246482
BH_s10_high,22,223,29.433333333333334,1.4651315212249756,1.3097270424370002
BH_s10_high,22,224,29.466666666666665,1.1716508865356445,1.1356588742638118
BH_s10_high,22,225,29.5,0.86263507604599,0.8958024677446784
BH_s10_high,22,226,29.533333333333335,0.5846896171569824,0.6313381017873946
BH_s10_high,22,227,29.566666666666666,0.3884640634059906,0.3682910613551488
BH_s10_high,22,228,29.6,0.2739584147930145,0.11555397289203093
BH_s10_high,22,229,29.633333333333333,0.13957388699054718,-0.13033251794133394
BH_s10_high,22,230,29.666666666666668,-0.040014270693063736,-0.37689461683164943
BH_s10_high,22,231,29.7,-0.3316296637058258,-0.6273668477145016
BH_s10_high,22,232,29.733333333333334,-0.6182882189750671,-0.8739657562847677
BH_s10_high,22,233,29.766666666666666,-0.8281837105751038,-1.0938673386202085
BH_s10_high,22,234,29.8,-0.9538809061050415,-1.2506267611499409
BH_s10_high,22,235,29.833333333333332,-1.0801912546157837,-1.3035298650429
BH_s10_high,22,236,29.866666666666667,-1.1637763977050781,-1.2224145027640612
BH_s10_high,22,237,29.9,-1.2473615407943726,-1.0008005427060975
BH_s10_high,22,238,29.933333333333334,-1.0754356384277344,-0.6611211526165706
BH_s10_high,22,239,29.966666666666665,-0.45218518376350403,-0.25073159062257205
BH_s10_high,23,0,23.0,-1.035315752029419,-0.05479311914073576
BH_s10_high,23,1,23.033333333333335,-1.1189008951187134,0.5342286336858971
BH_s10_high,23,2,23.066666666666666,-1.2024860382080078,0.9688414161941155
BH_s10_high,23,3,23.1,-1.2860711812973022,1.1404586257980507
BH_s10_high,23,4,23.133333333333333,-1.3696564435958862,1.0161998983796472
BH_s10_high,23,5,23.166666666666668,-1.2417280673980713,0.6443771923379428
BH_s10_high,23,6,23.2,-0.48549771308898926,0.13322391926555482
BH_s10_high,23,7,23.233333333333334,0.6499109864234924,-0.3870953411944793
BH_s10_high,23,8,23.266666666666666,1.7055597305297852,-0.8032374734805889
BH_s10_high,23,9,23.3,2.141751766204834,-1.0445306305899282
BH_s10_high,23,10,23.333333333333332,2.0646660327911377,-1.0902275343012118
BH_s10_high,23,11,23.366666666666667,1.7711853981018066,-0.9611524636364408
BH_s10_high,23,12,23.4,1.4626301527023315,-0.7036814206028568
BH_s10_high,23,13,23.433333333333334,1.1282895803451538,-0.37385756080665483
BH_s10_high,23,14,23.466666666666665,0.8480182886123657,-0.025787960441973967
BH_s10_high,23,15,23.5,0.6494669318199158,0.29538291014611934
BH_s10_high,23,16,23.533333333333335,0.4822966158390045,0.5572399992981112
BH_s10_high,23,17,23.566666666666666,0.26665276288986206,0.7418866774795686
BH_s10_high,23,18,23.6,-0.02682788483798504,0.8466198648295944
BH_s10_high,23,19,23.633333333333333,-0.27960118651390076,0.8829578341558248
BH_s10_high,23,20,23.666666666666668,-0.5709113478660583,0.871545333120048
BH_s10_high,23,21,23.7,-0.738081693649292,0.8318893217332862
BH_s10_high,23,22,23.733333333333334,-0.8661046624183655,0.7716931264120579
BH_s10_high,23,23,23.766666666666666,-0.9496898055076599,0.6836721792627881
BH_s10_high,23,24,23.8,-1.0332750082015991,0.552671306275895
BH_s10_high,23,25,23.833333333333332,-1.1168601512908936,0.3679437463420616
BH_s10_high,23,26,23.866666666666667,-1.200445294380188,0.13246656893792544
BH_s10_high,23,27,23.9,-1.3267556428909302,-0.13561795011613564
BH_s10_high,23,28,23.933333333333334,-1.185111403465271,-0.40852171535207144
BH_s10_high,23,29,23.966666666666665,-0.4972361922264099,-0.6566494879738755
BH_s10_high,23,30,24.0,0.5803266763687134,-0.8548602986956378
BH_s10_high,23,31,24.033333333333335,1.5736333131790161,-0.9860983772738477
BH_s10_high,23,32,24.066666666666666,1.9501806497573853,-1.0428638002088946
BH_s10_high,23,33,24.1,1.808841586112976,-1.0267619722348496
BH_s10_high,23,34,24.133333333333333,1.4985966682434082,-0.9458406972930393
BH_s10_high,23,35,24.166666666666668,1.1215308904647827,-0.8100253134118823
BH_s10_high,23,36,24.2,0.8002240657806396,-0.6267673100502118
BH_s10_high,23,37,24.233333333333334,0.5606371760368347,-0.4000075330354079
BH_s10_high,23,38,24.266666666666666,0.4361920952796936,-0.13393680186844262
BH_s10_high,23,39,24.3,0.3117469847202301,0.16043291393669495
BH_s10_high,23,40,24.333333333333332,0.09627871960401535,0.46065745817164333
BH_s10_high,23,41,24.366666666666667,-0.1581842452287674,0.7342577424436711
BH_s10_high,23,42,24.4,-0.44979965686798096,0.9458249127876135
BH_s10_high,23,43,24.433333333333334,-0.7414380311965942,1.0660749045711473
BH_s10_high,23,44,24.466666666666665,-0.9086312651634216,1.0797250776005283
BH_s10_high,23,45,24.5,-0.9941046833992004,0.9903193134327214
BH_s10_high,23,46,24.533333333333335,-1.07768976688385,0.8190686862644283
BH_s10_high,23,47,24.566666666666666,-1.161275029182434,0.5958345711214725
BH_s10_high,23,48,24.6,-1.2448601722717285,0.34650088205298396
BH_s10_high,23,49,24.633333333333333,-1.2857201099395752,0.08531220570935316
BH_s10_high,23,50,24.666666666666668,-1.4120304584503174,-0.18307273535766025
BH_s10_high,23,51,24.7,-1.3973299264907837,-0.454711186255346
BH_s10_high,23,52,24.733333333333334,-0.8927991390228271,-0.717609068546927
BH_s10_high,23,53,24.766666666666666,0.1265667974948883,-0.9486311415350444
BH_s10_high,23,54,24.8,1.2986241579055786,-1.117342584368496
BH_s10_high,23,55,24.833333333333332,2.0090513229370117,-1.1940582003393034
BH_s10_high,23,56,24.866666666666667,2.0841734409332275,-1.1580797321309853
BH_s10_high,23,57,24.9,1.8838258981704712,-1.0034233915315232
BH_s10_high,23,58,24.933333333333334,1.5922104120254517,-0.7414617604346282
BH_s10_high,23,59,24.966666666666665,1.2450116872787476,-0.4005491936484751
BH_s10_high,23,60,25.0,0.8917970061302185,-0.02162370000668498
BH_s10_high,23,61,25.033333333333335,0.6410415768623352,0.3506649869792897
BH_s10_high,23,62,25.066666666666666,0.48299896717071533,0.6780244209492875
BH_s10_high,23,63,25.1,0.31043148040771484,0.9345147038496564
BH_s10_high,23,64,25.133333333333333,0.05967602878808975,1.106726745033662
BH_s10_high,23,65,25.166666666666668,-0.23547130823135376,1.190964915992329
BH_s10_high,23,66,25.2,-0.5698118805885315,1.1905338213127663
BH_s10_high,23,67,25.233333333333334,-0.7801045179367065,1.1138219141181187
BH_s10_high,23,68,25.266666666666666,-0.9472748041152954,0.9725886647565128
BH_s10_high,23,69,25.3,-1.0717198848724365,0.7801105144493254
BH_s10_high,23,70,25.333333333333332,-1.1610994338989258,0.5493915878652683
BH_s10_high,23,71,25.366666666666667,-1.2446845769882202,0.29207910329382303
BH_s10_high,23,72,25.4,-1.3282697200775146,0.0188424076229257
BH_s10_high,23,73,25.433333333333334,-1.411854863166809,-0.2588948034839174
BH_s10_high,23,74,25.466666666666665,-1.4954400062561035,-0.5275826878522165
BH_s10_high,23,75,25.5,-1.5532857179641724,-0.7723851082551295
BH_s10_high,23,76,25.533333333333335,-1.300716519355774,-0.9797036090810815
BH_s10_high,23,77,25.566666666666666,-0.45539167523384094,-1.138703850057697
BH_s10_high,23,78,25.6,0.7142276763916016,-1.240006654349837
BH_s10_high,23,79,25.633333333333333,1.754606008529663,-1.2725513871634009
BH_s10_high,23,80,25.666666666666668,2.094769239425659,-1.2218072589828115
BH_s10_high,23,81,25.7,1.9919874668121338,-1.0723998569162774
BH_s10_high,23,82,25.733333333333334,1.7285493612289429,-0.8157309370835103
BH_s10_high,23,83,25.766666666666666,1.436933994293213,-0.4595573544634075
BH_s10_high,23,84,25.8,1.0598682165145874,-0.03392263131696152
BH_s10_high,23,85,25.833333333333332,0.7326144576072693,0.4114511576260229
BH_s10_high,23,86,25.866666666666667,0.5298058390617371,0.8187808610334618
BH_s10_high,23,87,25.9,0.3626355230808258,1.1378967917303981
BH_s10_high,23,88,25.933333333333334,0.15124893188476562,1.3383630406011562
BH_s10_high,23,89,25.966666666666665,-0.09950650483369827,1.4128194083669183
BH_s10_high,23,90,26.0,-0.3929871618747711,1.372411056481494
BH_s10_high,23,91,26.033333333333335,-0.6864677667617798,1.239215299748496
BH_s10_high,23,92,26.066666666666666,-0.8577427268028259,1.0389846508482743
BH_s10_high,23,93,26.1,-1.0249130725860596,0.7945151824339441
BH_s10_high,23,94,26.133333333333333,-1.1163333654403687,0.5203197597933641
BH_s10_high,23,95,26.166666666666668,-1.199918508529663,0.2210602824864025
BH_s10_high,23,96,26.2,-1.2835036516189575,-0.10447914348321272
BH_s10_high,23,97,26.233333333333334,-1.3945177793502808,-0.4551848706413149
BH_s10_high,23,98,26.266666666666666,-1.4933991432189941,-0.8194272271742493
BH_s10_high,23,99,26.3,-1.5769842863082886,-1.1713112945692996
BH_s10_high,23,100,26.333333333333332,-1.4659526348114014,-1.4727317543368155
BH_s10_high,23,101,26.366666666666667,-0.8009669780731201,-1.679576756671312
BH_s10_high,23,102,26.4,0.3418135344982147,-1.7501563173095378
BH_s10_high,23,103,26.433333333333334,1.4716778993606567,-1.6547235445469606
BH_s10_high,23,104,26.466666666666665,2.0072782039642334,-1.384405248728675
BH_s10_high,23,105,26.5,1.9981099367141724,-0.9567973356206207
BH_s10_high,23,106,26.533333333333335,1.747354507446289,-0.41574901615174376
BH_s10_high,23,107,26.566666666666666,1.4878225326538086,0.1754259317802574
BH_s10_high,23,108,26.6,1.1534819602966309,0.7457788082646618
BH_s10_high,23,109,26.633333333333333,0.8241873979568481,1.2299377320925764
BH_s10_high,23,110,26.666666666666668,0.5766127109527588,1.5781783276158974
BH_s10_high,23,111,26.7,0.4521676003932953,1.7609298318863773
BH_s10_high,23,112,26.733333333333334,0.2849973142147064,1.7695978478552727
BH_s10_high,23,113,26.766666666666666,-0.005518608260899782,1.6167849516644246
BH_s10_high,23,114,26.8,-0.29713401198387146,1.3347738276338068
BH_s10_high,23,115,26.833333333333332,-0.552169680595398,0.9684769589404084
BH_s10_high,23,116,26.866666666666667,-0.7682106494903564,0.5635344384976958
BH_s10_high,23,117,26.9,-0.9353809952735901,0.1559466115895927
BH_s10_high,23,118,26.933333333333334,-1.0288420915603638,-0.231004547282492
BH_s10_high,23,119,26.966666666666665,-1.1124272346496582,-0.5823891180475408
BH_s10_high,23,120,27.0,-1.1960123777389526,-0.8845796889217583
BH_s10_high,23,121,27.033333333333335,-1.279597520828247,-1.1209947081083453
BH_s10_high,23,122,27.066666666666666,-1.4059078693389893,-1.2727180503997029
BH_s10_high,23,123,27.1,-1.402862310409546,-1.3223280375727615
BH_s10_high,23,124,27.133333333333333,-0.90517657995224,-1.258458579242633
BH_s10_high,23,125,27.166666666666668,0.04697415605187416,-1.0797674029423785
BH_s10_high,23,126,27.2,1.1014572381973267,-0.7977235226932785
BH_s10_high,23,127,27.233333333333334,1.6794975996017456,-0.43756984916652014
BH_s10_high,23,128,27.266666666666666,1.6568350791931152,-0.03671081456602946
BH_s10_high,23,129,27.3,1.395613431930542,0.35990930253131387
BH_s10_high,23,130,27.333333333333332,1.0612728595733643,0.7070594475073714
BH_s10_high,23,131,27.366666666666667,0.7336679697036743,0.9677032171084372
BH_s10_high,23,132,27.4,0.4877829849720001,1.1203996624357748
BH_s10_high,23,133,27.433333333333334,0.36634305119514465,1.1625924295105907
BH_s10_high,23,134,27.466666666666665,0.2827579081058502,1.1069962453820963
BH_s10_high,23,135,27.5,0.15717288851737976,0.9715552629422322
BH_s10_high,23,136,27.533333333333335,-0.052722614258527756,0.7691038087609746
BH_s10_high,23,137,27.566666666666666,-0.3436126708984375,0.5046956324904517
BH_s10_high,23,138,27.6,-0.5943681001663208,0.18270085996083066
BH_s10_high,23,139,27.633333333333333,-0.8105847239494324,-0.18226020836621898
BH_s10_high,23,140,27.666666666666668,-0.9350298047065735,-0.5591543494114948
BH_s10_high,23,141,27.7,-1.0286664962768555,-0.9038423672845486
BH_s10_high,23,142,27.733333333333334,-1.0695264339447021,-1.1697509680568763
BH_s10_high,23,143,27.766666666666666,-1.1531115770339966,-1.3194733338921112
BH_s10_high,23,144,27.8,-1.236696720123291,-1.3320140108592962
BH_s10_high,23,145,27.833333333333332,-1.1608198881149292,-1.204639922332363
BH_s10_high,23,146,27.866666666666667,-0.5479289293289185,-0.9514717589511884
BH_s10_high,23,147,27.9,0.4730834662914276,-0.601321110023061
BH_s10_high,23,148,27.933333333333334,1.469067096710205,-0.19544612451982107
BH_s10_high,23,149,27.966666666666665,1.9392281770706177,0.21626563534004875
BH_s10_high,23,150,28.0,1.9081172943115234,0.5826169623033658
BH_s10_high,23,151,28.033333333333335,1.6573618650436401,0.8614736923229691
BH_s10_high,23,152,28.066666666666666,1.3535906076431274,1.0288849304279446
BH_s10_high,23,153,28.1,1.0192500352859497,1.0815657925113302
BH_s10_high,23,154,28.133333333333333,0.6914695501327515,1.031411196102599
BH_s10_high,23,155,28.166666666666668,0.49282899498939514,0.8962497865949705
BH_s10_high,23,156,28.2,0.36368903517723083,0.69307685598818
BH_s10_high,23,157,28.233333333333334,0.19555440545082092,0.43738304483179197
BH_s10_high,23,158,28.266666666666666,-0.013376745395362377,0.14719600416737666
BH_s10_high,23,159,28.3,-0.30319032073020935,-0.1529793264201534
BH_s10_high,23,160,28.333333333333332,-0.5567119121551514,-0.43237763237404786
BH_s10_high,23,161,28.366666666666667,-0.7712388634681702,-0.6586166149283373
BH_s10_high,23,162,28.4,-0.938409149646759,-0.8036139222249941
BH_s10_high,23,163,28.433333333333334,-1.0303561687469482,-0.847782543267451
BH_s10_high,23,164,28.466666666666665,-1.1139413118362427,-0.782998713412081
BH_s10_high,23,165,28.5,-1.197526454925537,-0.6161080393670658
BH_s10_high,23,166,28.533333333333335,-1.1845818758010864,-0.3709555850648144
BH_s10_high,23,167,28.566666666666666,-0.7548367381095886,-0.08477922179404342
BH_s10_high,23,168,28.6,0.1774323582649231,0.20056598190772557
BH_s10_high,23,169,28.633333333333333,1.2018728256225586,0.4475055850322891
BH_s10_high,23,170,28.666666666666668,1.8376036882400513,0.6289133951888926
BH_s10_high,23,171,28.7,1.9150285720825195,0.732265959470696
BH_s10_high,23,172,28.733333333333334,1.7321475744247437,0.7611653481765239
BH_s10_high,23,173,28.766666666666666,1.4675465822219849,0.7317595311314175
BH_s10_high,23,174,28.8,1.1332060098648071,0.6644909102218384
BH_s10_high,23,175,28.833333333333332,0.8415905833244324,0.5752038646959102
BH_s10_high,23,176,28.866666666666667,0.6091998815536499,0.4689751444760322
BH_s10_high,23,177,28.9,0.4420296251773834,0.3380446885412476
BH_s10_high,23,178,28.933333333333334,0.27485930919647217,0.1654873543308332
BH_s10_high,23,179,28.966666666666665,0.062309809029102325,-0.06450400641463076
BH_s10_high,23,180,29.0,-0.1892343908548355,-0.35344722681797397
BH_s10_high,23,181,29.033333333333335,-0.481926292181015,-0.6797549755912433
BH_s10_high,23,182,29.066666666666666,-0.6928982734680176,-0.999097298228406
BH_s10_high,23,183,29.1,-0.8600685596466064,-1.253391633763946
BH_s10_high,23,184,29.133333333333333,-0.9845136404037476,-1.3846697944139426
BH_s10_high,23,185,29.166666666666668,-1.0747710466384888,-1.3497866616798193
BH_s10_high,23,186,29.2,-1.1583561897277832,-1.1328106771209254
BH_s10_high,23,187,29.233333333333334,-1.1810269355773926,-0.7526163954484411
BH_s10_high,23,188,29.266666666666666,-0.8404397368431091,-0.2633491523934783
BH_s10_high,23,189,29.3,-0.06298651546239853,0.2541816578912285
BH_s10_high,23,190,29.333333333333332,0.8991752862930298,0.7103543561610351
BH_s10_high,23,191,29.366666666666667,1.5721882581710815,1.0302854445724143
BH_s10_high,23,192,29.4,1.6515675783157349,1.1751710460936944
BH_s10_high,23,193,29.433333333333334,1.4651315212249756,1.152193769730831
BH_s10_high,23,194,29.466666666666665,1.1716508865356445,1.0078836235141608
BH_s10_high,23,195,29.5,0.86263507604599,0.8071215013081807
BH_s10_high,23,196,29.533333333333335,0.5846896171569824,0.6063590817633459
BH_s10_high,23,197,29.566666666666666,0.3884640634059906,0.4325561776000449
BH_s10_high,23,198,29.6,0.2739584147930145,0.27752187204181045
BH_s10_high,23,199,29.633333333333333,0.13957388699054718,0.1101977363106441
BH_s10_high,23,200,29.666666666666668,-0.040014270693063736,-0.10045386987678259
BH_s10_high,23,201,29.7,-0.3316296637058258,-0.3646865801509426
BH_s10_high,23,202,29.733333333333334,-0.6182882189750671,-0.662581328224118
BH_s10_high,23,203,29.766666666666666,-0.8281837105751038,-0.9477754564433489
BH_s10_high,23,204,29.8,-0.9538809061050415,-1.1610884116340625
BH_s10_high,23,205,29.833333333333332,-1.0801912546157837,-1.2487115624108591
BH_s10_high,23,206,29.866666666666667,-1.1637763977050781,-1.1785694247042837
BH_s10_high,23,207,29.9,-1.2473615407943726,-0.949487864636948
BH_s10_high,23,208,29.933333333333334,-1.0754356384277344,-0.5915169294690107
BH_s10_high,23,209,29.966666666666665,-0.45218518376350403,-0.15901072788196557
BH_s10_high,23,210,30.0,0.37308797240257263,0.2815736736573692
BH_s10_high,23,211,30.033333333333335,1.0525487661361694,0.6673619004378221
BH_s10_high,23,212,30.066666666666666,1.2665774822235107,0.9545058975511963
BH_s10_high,23,213,30.1,1.1744805574417114,1.127388458913947
BH_s10_high,23,214,30.133333333333333,0.9417644143104553,1.1964051368294295
BH_s10_high,23,215,30.166666666666668,0.6700536012649536,1.1845548402749109
BH_s10_high,23,216,30.2,0.3975283205509186,1.1106531501186725
BH_s10_high,23,217,30.233333333333334,0.16399773955345154,0.9799010417742536
BH_s10_high,23,218,30.266666666666666,0.05491223931312561,0.7868828119472739
BH_s10_high,23,219,30.3,-0.02867290936410427,0.5271216495049099
BH_s10_high,23,220,30.333333333333332,-0.17824144661426544,0.20865190609165726
BH_s10_high,23,221,30.366666666666667,-0.42899689078330994,-0.14326748253491264
BH_s10_high,23,222,30.4,-0.6718537211418152,-0.48973057487809507
BH_s10_high,23,223,30.433333333333334,-0.8390240669250488,-0.7867924461110016
BH_s10_high,23,224,30.466666666666665,-0.9593010544776917,-0.9949061397747146
BH_s10_high,23,225,30.5,-1.0428861379623413,-1.0865108383446154
BH_s10_high,23,226,30.533333333333335,-1.1264714002609253,-1.0505445996016618
BH_s10_high,23,227,30.566666666666666,-1.2100565433502197,-0.8936714334552694
BH_s10_high,23,228,30.6,-1.2509164810180664,-0.6390037909603324
BH_s10_high,23,229,30.633333333333333,-1.0184907913208008,-0.32347290966008885
BH_s10_high,23,230,30.666666666666668,-0.3347405195236206,0.005806008467836403
BH_s10_high,23,231,30.7,0.4940875470638275,0.2972391538501561
BH_s10_high,23,232,30.733333333333334,1.1166034936904907,0.5041509828820812
BH_s10_high,23,233,30.766666666666666,1.296683430671692,0.5974770200851968
BH_s10_high,23,234,30.8,1.2100958824157715,0.5770560608102568
BH_s10_high,23,235,30.833333333333332,1.0429255962371826,0.47399422893358456
BH_s10_high,23,236,30.866666666666667,0.784009575843811,0.3390051325042025
BH_s10_high,23,237,30.9,0.5150392055511475,0.21953356221371803
BH_s10_high,23,238,30.933333333333334,0.2850635051727295,0.13744750776476833
BH_s10_high,23,239,30.966666666666665,0.13680772483348846,0.08096572278454378
BH_s10_high,24,0,24.0,0.5803266763687134,-0.00500361334824001
BH_s10_high,24,1,24.033333333333335,1.5736333131790161,0.5518067173207631
BH_s10_high,24,2,24.066666666666666,1.9501806497573853,1.0186736413238031
BH_s10_high,24,3,24.1,1.808841586112976,1.326948346433077
BH_s10_high,24,4,24.133333333333333,1.4985966682434082,1.4460958483425497
BH_s10_high,24,5,24.166666666666668,1.1215308904647827,1.388477590142975
BH_s10_high,24,6,24.2,0.8002240657806396,1.2015829470602253
BH_s10_high,24,7,24.233333333333334,0.5606371760368347,0.9515399772352312
BH_s10_high,24,8,24.266666666666666,0.4361920952796936,0.7033753669823133
BH_s10_high,24,9,24.3,0.3117469847202301,0.5031826982367215
BH_s10_high,24,10,24.333333333333332,0.09627871960401535,0.3675707742010248
BH_s10_high,24,11,24.366666666666667,-0.1581842452287674,0.2843339582543035
BH_s10_high,24,12,24.4,-0.44979965686798096,0.22344200232515277
BH_s10_high,24,13,24.433333333333334,-0.7414380311965942,0.15283028616279096
BH_s10_high,24,14,24.466666666666665,-0.9086312651634216,0.05276146923614086
BH_s10_high,24,15,24.5,-0.9941046833992004,-0.07598367458340438
BH_s10_high,24,16,24.533333333333335,-1.07768976688385,-0.21345788719982714
BH_s10_high,24,17,24.566666666666666,-1.161275029182434,-0.33162535873389504
BH_s10_high,24,18,24.6,-1.2448601722717285,-0.40948678762646346
BH_s10_high,24,19,24.633333333333333,-1.2857201099395752,-0.44320720819053216
BH_s10_high,24,20,24.666666666666668,-1.4120304584503174,-0.44567585146691563
BH_s10_high,24,21,24.7,-1.3973299264907837,-0.43704326525299425
BH_s10_high,24,22,24.733333333333334,-0.8927991390228271,-0.432755050116549
BH_s10_high,24,23,24.766666666666666,0.1265667974948883,-0.4359825012805512
BH_s10_high,24,24,24.8,1.2986241579055786,-0.4378709309747865
BH_s10_high,24,25,24.833333333333332,2.0090513229370117,-0.4242694400426051
BH_s10_high,24,26,24.866666666666667,2.0841734409332275,-0.38439303681714293
BH_s10_high,24,27,24.9,1.8838258981704712,-0.3166691407248054
BH_s10_high,24,28,24.933333333333334,1.5922104120254517,-0.22941826046966649
BH_s10_high,24,29,24.966666666666665,1.2450116872787476,-0.13684204310030412
BH_s10_high,24,30,25.0,0.8917970061302185,-0.052343449254258434
BH_s10_high,24,31,25.033333333333335,0.6410415768623352,0.01781949315398996
BH_s10_high,24,32,25.066666666666666,0.48299896717071533,0.07677580477282225
BH_s10_high,24,33,25.1,0.31043148040771484,0.13329058364063492
BH_s10_high,24,34,25.133333333333333,0.05967602878808975,0.19508888988366263
BH_s10_high,24,35,25.166666666666668,-0.23547130823135376,0.26471164605442943
BH_s10_high,24,36,25.2,-0.5698118805885315,0.3395224200227787
BH_s10_high,24,37,25.233333333333334,-0.7801045179367065,0.4130194365524145
BH_s10_high,24,38,25.266666666666666,-0.9472748041152954,0.47536541673371874
BH_s10_high,24,39,25.3,-1.0717198848724365,0.5140531932892459
BH_s10_high,24,40,25.333333333333332,-1.1610994338989258,0.5159730312286804
BH_s10_high,24,41,25.366666666666667,-1.2446845769882202,0.47068257090381094
BH_s10_high,24,42,25.4,-1.3282697200775146,0.3739890235105672
BH_s10_high,24,43,25.433333333333334,-1.411854863166809,0.23062659082880654
BH_s10_high,24,44,25.466666666666665,-1.4954400062561035,0.054122438476889655
BH_s10_high,24,45,25.5,-1.5532857179641724,-0.13735015160690467
BH_s10_high,24,46,25.533333333333335,-1.300716519355774,-0.3272895883629374
BH_s10_high,24,47,25.566666666666666,-0.45539167523384094,-0.5050249165109882
BH_s10_high,24,48,25.6,0.7142276763916016,-0.6644817980965163
BH_s10_high,24,49,25.633333333333333,1.754606008529663,-0.798325856216843
BH_s10_high,24,50,25.666666666666668,2.094769239425659,-0.8921266458561118
BH_s10_high,24,51,25.7,1.9919874668121338,-0.9237990574762345
BH_s10_high,24,52,25.733333333333334,1.7285493612289429,-0.8699998141804814
BH_s10_high,24,53,25.766666666666666,1.436933994293213,-0.7161217341417756
BH_s10_high,24,54,25.8,1.0598682165145874,-0.46391114092435887
BH_s10_high,24,55,25.833333333333332,0.7326144576072693,-0.13256526979306008
BH_s10_high,24,56,25.866666666666667,0.5298058390617371,0.2458118253199207
BH_s10_high,24,57,25.9,0.3626355230808258,0.6320423596123328
BH_s10_high,24,58,25.933333333333334,0.15124893188476562,0.9840351452620588
BH_s10_high,24,59,25.966666666666665,-0.09950650483369827,1.2601532357723475
BH_s10_high,24,60,26.0,-0.3929871618747711,1.4245189402484573
BH_s10_high,24,61,26.033333333333335,-0.6864677667617798,1.454882579952027
BH_s10_high,24,62,26.066666666666666,-0.8577427268028259,1.3493189454494738
BH_s10_high,24,63,26.1,-1.0249130725860596,1.1264008236478973
BH_s10_high,24,64,26.133333333333333,-1.1163333654403687,0.8174954618929239
BH_s10_high,24,65,26.166666666666668,-1.199918508529663,0.45553747853707566
BH_s10_high,24,66,26.2,-1.2835036516189575,0.06669153315450584
BH_s10_high,24,67,26.233333333333334,-1.3945177793502808,-0.3311926922786496
BH_s10_high,24,68,26.266666666666666,-1.4933991432189941,-0.7240639752386663
BH_s10_high,24,69,26.3,-1.5769842863082886,-1.0951110361043768
BH_s10_high,24,70,26.333333333333332,-1.4659526348114014,-1.4201574285553655
BH_s10_high,24,71,26.366666666666667,-0.8009669780731201,-1.6670630800804356
BH_s10_high,24,72,26.4,0.3418135344982147,-1.7995217594591715
BH_s10_high,24,73,26.433333333333334,1.4716778993606567,-1.784484603335845
BH_s10_high,24,74,26.466666666666665,2.0072782039642334,-1.6012948895111747
BH_s10_high,24,75,26.5,1.9981099367141724,-1.2498622900316967
BH_s10_high,24,76,26.533333333333335,1.747354507446289,-0.7553007622708933
BH_s10_high,24,77,26.566666666666666,1.4878225326538086,-0.16708729401131048
BH_s10_high,24,78,26.6,1.1534819602966309,0.44815615201493675
BH_s10_high,24,79,26.633333333333333,0.8241873979568481,1.0188304259799823
BH_s10_high,24,80,26.666666666666668,0.5766127109527588,1.4810045779656704
BH_s10_high,24,81,26.7,0.4521676003932953,1.7870853565745073
BH_s10_high,24,82,26.733333333333334,0.2849973142147064,1.9103997551555896
BH_s10_high,24,83,26.766666666666666,-0.005518608260899782,1.8482328602563813
BH_s10_high,24,84,26.8,-0.29713401198387146,1.622658109556
BH_s10_high,24,85,26.833333333333332,-0.552169680595398,1.2754176582914734
BH_s10_high,24,86,26.866666666666667,-0.7682106494903564,0.8563144971360626
BH_s10_high,24,87,26.9,-0.9353809952735901,0.4103072744222363
BH_s10_high,24,88,26.933333333333334,-1.0288420915603638,-0.029924077702908627
BH_s10_high,24,89,26.966666666666665,-1.1124272346496582,-0.44306318861715055
BH_s10_high,24,90,27.0,-1.1960123777389526,-0.8130245215574039
BH_s10_high,24,91,27.033333333333335,-1.279597520828247,-1.1234405939956895
BH_s10_high,24,92,27.066666666666666,-1.4059078693389893,-1.355695138547159
BH_s10_high,24,93,27.1,-1.402862310409546,-1.4896000140591923
BH_s10_high,24,94,27.133333333333333,-0.90517657995224,-1.5057420707160245
BH_s10_high,24,95,27.166666666666668,0.04697415605187416,-1.3899397495742303
BH_s10_high,24,96,27.2,1.1014572381973267,-1.13948682187392
BH_s10_high,24,97,27.233333333333334,1.6794975996017456,-0.7690053270095963
BH_s10_high,24,98,27.266666666666666,1.6568350791931152,-0.31322761090327705
BH_s10_high,24,99,27.3,1.395613431930542,0.1753055642520122
BH_s10_high,24,100,27.333333333333332,1.0612728595733643,0.634641408037415
BH_s10_high,24,101,27.366666666666667,0.7336679697036743,1.0068703674769637
BH_s10_high,24,102,27.4,0.4877829849720001,1.2523478561963908
BH_s10_high,24,103,27.433333333333334,0.36634305119514465,1.3582049764155204
BH_s10_high,24,104,27.466666666666665,0.2827579081058502,1.336142012653418
BH_s10_high,24,105,27.5,0.15717288851737976,1.2100735042943833
BH_s10_high,24,106,27.533333333333335,-0.052722614258527756,1.001112002530973
BH_s10_high,24,107,27.566666666666666,-0.3436126708984375,0.7198538479059979
BH_s10_high,24,108,27.6,-0.5943681001663208,0.37072811886783585
BH_s10_high,24,109,27.633333333333333,-0.8105847239494324,-0.035683538215717445
BH_s10_high,24,110,27.666666666666668,-0.9350298047065735,-0.4720848143030825
BH_s10_high,24,111,27.7,-1.0286664962768555,-0.893628932166279
BH_s10_high,24,112,27.733333333333334,-1.0695264339447021,-1.2469044987355244
BH_s10_high,24,113,27.766666666666666,-1.1531115770339966,-1.482281286703176
BH_s10_high,24,114,27.8,-1.236696720123291,-1.5636248182459351
BH_s10_high,24,115,27.833333333333332,-1.1608198881149292,-1.4737921822199054
BH_s10_high,24,116,27.866666666666667,-0.5479289293289185,-1.2170267802782875
BH_s10_high,24,117,27.9,0.4730834662914276,-0.8193891368457527
BH_s10_high,24,118,27.933333333333334,1.469067096710205,-0.327267970959042
BH_s10_high,24,119,27.966666666666665,1.9392281770706177,0.19721544764950824
BH_s10_high,24,120,28.0,1.9081172943115234,0.6854687700257742
BH_s10_high,24,121,28.033333333333335,1.6573618650436401,1.0757830392881351
BH_s10_high,24,122,28.066666666666666,1.3535906076431274,1.3261024609044043
BH_s10_high,24,123,28.1,1.0192500352859497,1.4200946800301626
BH_s10_high,24,124,28.133333333333333,0.6914695501327515,1.3645186929672881
BH_s10_high,24,125,28.166666666666668,0.49282899498939514,1.181435030652255
BH_s10_high,24,126,28.2,0.36368903517723083,0.9005337180078955
BH_s10_high,24,127,28.233333333333334,0.19555440545082092,0.5546796700408638
BH_s10_high,24,128,28.266666666666666,-0.013376745395362377,0.1784692195690792
BH_s10_high,24,129,28.3,-0.30319032073020935,-0.19258985142409193
BH_s10_high,24,130,28.333333333333332,-0.5567119121551514,-0.5245370004836817
BH_s10_high,24,131,28.366666666666667,-0.7712388634681702,-0.7888746514940119
BH_s10_high,24,132,28.4,-0.938409149646759,-0.9649851244083595
BH_s10_high,24,133,28.433333333333334,-1.0303561687469482,-1.0389937516866272
BH_s10_high,24,134,28.466666666666665,-1.1139413118362427,-1.00203880170102
BH_s10_high,24,135,28.5,-1.197526454925537,-0.8528285999904037
BH_s10_high,24,136,28.533333333333335,-1.1845818758010864,-0.6037977421931799
BH_s10_high,24,137,28.566666666666666,-0.7548367381095886,-0.28484950431713
BH_s10_high,24,138,28.6,0.1774323582649231,0.059029666016801506
BH_s10_high,24,139,28.633333333333333,1.2018728256225586,0.3753656398826833
BH_s10_high,24,140,28.666666666666668,1.8376036882400513,0.6156695911059091
BH_s10_high,24,141,28.7,1.9150285720825195,0.7492487350183542
BH_s10_high,24,142,28.733333333333334,1.7321475744247437,0.7736837282664417
BH_s10_high,24,143,28.766666666666666,1.4675465822219849,0.7144683346676415
BH_s10_high,24,144,28.8,1.1332060098648071,0.6123146892772824
BH_s10_high,24,145,28.833333333333332,0.8415905833244324,0.5044033378394219
BH_s10_high,24,146,28.866666666666667,0.6091998815536499,0.40791378171260556
BH_s10_high,24,147,28.9,0.4420296251773834,0.3123695517926234
BH_s10_high,24,148,28.933333333333334,0.27485930919647217,0.18536295843335862
BH_s10_high,24,149,28.966666666666665,0.062309809029102325,-0.008441813086391234
BH_s10_high,24,150,29.0,-0.1892343908548355,-0.2835824389066555
BH_s10_high,24,151,29.033333333333335,-0.481926292181015,-0.6185970736805769
BH_s10_high,24,152,29.066666666666666,-0.6928982734680176,-0.9574358788082935
BH_s10_high,24,153,29.1,-0.8600685596466064,-1.225675754812046
BH_s10_high,24,154,29.133333333333333,-0.9845136404037476,-1.3533226027881293
BH_s10_high,24,155,29.166666666666668,-1.0747710466384888,-1.2951967908720885
BH_s10_high,24,156,29.2,-1.1583561897277832,-1.0428376499523397
BH_s10_high,24,157,29.233333333333334,-1.1810269355773926,-0.6262290245840025
BH_s10_high,24,158,29.266666666666666,-0.8404397368431091,-0.10723807551316396
BH_s10_high,24,159,29.3,-0.06298651546239853,0.4323440906063881
BH_s10_high,24,160,29.333333333333332,0.8991752862930298,0.9065486326695893
BH_s10_high,24,161,29.366666666666667,1.5721882581710815,1.2433482808228373
BH_s10_high,24,162,29.4,1.6515675783157349,1.401029666679699
BH_s10_high,24,163,29.433333333333334,1.4651315212249756,1.3766459518508258
BH_s10_high,24,164,29.466666666666665,1.1716508865356445,1.2026646766085654
BH_s10_high,24,165,29.5,0.86263507604599,0.9329583774806519
BH_s10_high,24,166,29.533333333333335,0.5846896171569824,0.6235322605897589
BH_s10_high,24,167,29.566666666666666,0.3884640634059906,0.3154481224463624
BH_s10_high,24,168,29.6,0.2739584147930145,0.026839462527672192
BH_s10_high,24,169,29.633333333333333,0.13957388699054718,-0.2432175918831952
BH_s10_high,24,170,29.666666666666668,-0.040014270693063736,-0.5027195677439557
BH_s10_high,24,171,29.7,-0.3316296637058258,-0.7540557524246035
BH_s10_high,24,172,29.733333333333334,-0.6182882189750671,-0.9858128334600185
BH_s10_high,24,173,29.766666666666666,-0.8281837105751038,-1.1704458405505098
BH_s10_high,24,174,29.8,-0.9538809061050415,-1.2683753355561036
BH_s10_high,24,175,29.833333333333332,-1.0801912546157837,-1.2387659688620185
BH_s10_high,24,176,29.866666666666667,-1.1637763977050781,-1.0542865848425396
BH_s10_high,24,177,29.9,-1.2473615407943726,-0.7142827177241847
BH_s10_high,24,178,29.933333333333334,-1.0754356384277344,-0.2513808946267348
BH_s10_high,24,179,29.966666666666665,-0.45218518376350403,0.27102692861922895
BH_s10_high,24,180,30.0,0.37308797240257263,0.7710845641142204
BH_s10_high,24,181,30.033333333333335,1.0525487661361694,1.1686137380095076
BH_s10_high,24,182,30.066666666666666,1.2665774822235107,1.4068450983265899
BH_s10_high,24,183,30.1,1.1744805574417114,1.4666706198733506
BH_s10_high,24,184,30.133333333333333,0.9417644143104553,1.3665707911820082
BH_s10_high,24,185,30.166666666666668,0.6700536012649536,1.1483465392495136
BH_s10_high,24,186,30.2,0.3975283205509186,0.8567094639815932
BH_s10_high,24,187,30.233333333333334,0.16399773955345154,0.5239617313922473
BH_s10_high,24,188,30.266666666666666,0.05491223931312561,0.1666323673367218
BH_s10_high,24,189,30.3,-0.02867290936410427,-0.20709935990922987
BH_s10_high,24,190,30.333333333333332,-0.17824144661426544,-0.5860664195930303
BH_s10_high,24,191,30.366666666666667,-0.42899689078330994,-0.9482239638242344
BH_s10_high,24,192,30.4,-0.6718537211418152,-1.25972408554198
BH_s10_high,24,193,30.433333333333334,-0.8390240669250488,-1.4801575246020386
BH_s10_high,24,194,30.466666666666665,-0.9593010544776917,-1.5714535199398274
BH_s10_high,24,195,30.5,-1.0428861379623413,-1.5078258205964672
BH_s10_high,24,196,30.533333333333335,-1.1264714002609253,-1.2837943314881521
BH_s10_high,24,197,30.566666666666666,-1.2100565433502197,-0.9174549000231493
BH_s10_high,24,198,30.6,-1.2509164810180664,-0.4479629113565381
BH_s10_high,24,199,30.633333333333333,-1.0184907913208008,0.07132282569558175
BH_s10_high,24,200,30.666666666666668,-0.3347405195236206,0.5812162921384048
BH_s10_high,24,201,30.7,0.4940875470638275,1.0244999107626678
BH_s10_high,24,202,30.733333333333334,1.1166034936904907,1.3531078747029124
BH_s10_high,24,203,30.766666666666666,1.296683430671692,1.5353857814049896
BH_s10_high,24,204,30.8,1.2100958824157715,1.5621015424990594
BH_s10_high,24,205,30.833333333333332,1.0429255962371826,1.4477717979881024
BH_s10_high,24,206,30.866666666666667,0.784009575843811,1.2247899654868222
BH_s10_high,24,207,30.9,0.5150392055511475,0.9316303480246378
BH_s10_high,24,208,30.933333333333334,0.2850635051727295,0.6004516473232292
BH_s10_high,24,209,30.966666666666665,0.13680772483348846,0.2505306822828187
BH_s10_high,24,210,31.0,0.010497373528778553,-0.10927654443387544
BH_s10_high,24,211,31.033333333333335,-0.14618100225925446,-0.47124944309090494
BH_s10_high,24,212,31.066666666666666,-0.38361769914627075,-0.8188338856281574
BH_s10_high,24,213,31.1,-0.6049667000770569,-1.1221750204958234
BH_s10_high,24,214,31.133333333333333,-0.803408682346344,-1.3416455327254724
BH_s10_high,24,215,31.166666666666668,-0.9628559947013855,-1.437627105830707
BH_s10_high,24,216,31.2,-1.0464410781860352,-1.3828945463095403
BH_s10_high,24,217,31.233333333333334,-1.1300262212753296,-1.1738051644066567
BH_s10_high,24,218,31.266666666666666,-1.213611364364624,-0.8365322904948052
BH_s10_high,24,219,31.3,-1.2536853551864624,-0.42497404812468065
BH_s10_high,24,220,31.333333333333332,-0.9631491899490356,-0.008832466558119386
BH_s10_high,24,221,31.366666666666667,-0.26348957419395447,0.3456104172731675
BH_s10_high,24,222,31.4,0.49224525690078735,0.5946130193723977
BH_s10_high,24,223,31.433333333333334,1.0241553783416748,0.726947357372571
BH_s10_high,24,224,31.466666666666665,1.1384018659591675,0.7600038083057304
BH_s10_high,24,225,31.5,1.07481050491333,0.7251478798116654
BH_s10_high,24,226,31.533333333333335,0.9076401591300964,0.6515051507762502
BH_s10_high,24,227,31.566666666666666,0.6696794629096985,0.5568821812362059
BH_s10_high,24,228,31.6,0.4189240336418152,0.44762510811656714
BH_s10_high,24,229,31.633333333333333,0.21683795750141144,0.323200216780568
BH_s10_high,24,230,31.666666666666668,0.09052760154008865,0.18176016816292725
BH_s10_high,24,231,31.7,0.006942456122487783,0.025696719245338565
BH_s10_high,24,232,31.733333333333334,-0.15684576332569122,-0.13426442528668672
BH_s10_high,24,233,31.766666666666666,-0.4076012074947357,-0.2791059510140637
BH_s10_high,24,234,31.8,-0.6006230115890503,-0.38649629313028944
BH_s10_high,24,235,31.833333333333332,-0.7973753213882446,-0.43812921628022466
BH_s10_high,24,236,31.866666666666667,-0.9236856698989868,-0.4254788807477819
BH_s10_high,24,237,31.9,-0.9978581666946411,-0.3514872997300831
BH_s10_high,24,238,31.933333333333334,-1.048130750656128,-0.2285873634472785
BH_s10_high,24,239,31.966666666666665,-1.1317158937454224,-0.0753771009255316
BH_s10_high,25,0,25.0,0.8917970061302185,0.05118745054972036
BH_s10_high,25,1,25.033333333333335,0.6410415768623352,0.1236998435237204
BH_s10_high,25,2,25.066666666666666,0.48299896717071533,0.1881453073237738
BH_s10_high,25,3,25.1,0.31043148040771484,0.2392251859755589
BH_s10_high,25,4,25.133333333333333,0.05967602878808975,0.2768697285200521
BH_s10_high,25,5,25.166666666666668,-0.23547130823135376,0.30694613139458976
BH_s10_high,25,6,25.2,-0.5698118805885315,0.3394830424286304
BH_s10_high,25,7,25.233333333333334,-0.7801045179367065,0.38469154832507574
BH_s10_high,25,8,25.266666666666666,-0.9472748041152954,0.44805902832889216
BH_s10_high,25,9,25.3,-1.0717198848724365,0.5262853128577772
BH_s10_high,25,10,25.333333333333332,-1.1610994338989258,0.6057406334774095
BH_s10_high,25,11,25.366666666666667,-1.2446845769882202,0.6646069426739201
BH_s10_high,25,12,25.4,-1.3282697200775146,0.6789023077934401
BH_s10_high,25,13,25.433333333333334,-1.411854863166809,0.6307321874492764
BH_s10_high,25,14,25.466666666666665,-1.4954400062561035,0.5149083242315131
BH_s10_high,25,15,25.5,-1.5532857179641724,0.34006433529477903
BH_s10_high,25,16,25.533333333333335,-1.300716519355774,0.12387460059947836
BH_s10_high,25,17,25.566666666666666,-0.45539167523384094,-0.11381259007207929
BH_s10_high,25,18,25.6,0.7142276763916016,-0.3548822878662008
BH_s10_high,25,19,25.633333333333333,1.754606008529663,-0.5816782849340807
BH_s10_high,25,20,25.666666666666668,2.094769239425659,-0.7732189281869997
BH_s10_high,25,21,25.7,1.9919874668121338,-0.9042059623751912
BH_s10_high,25,22,25.733333333333334,1.7285493612289429,-0.949807406227146
BH_s10_high,25,23,25.766666666666666,1.436933994293213,-0.8942501764296249
BH_s10_high,25,24,25.8,1.0598682165145874,-0.737986009644548
BH_s10_high,25,25,25.833333333333332,0.7326144576072693,-0.49905202004383464
BH_s10_high,25,26,25.866666666666667,0.5298058390617371,-0.20848725040173133
BH_s10_high,25,27,25.9,0.3626355230808258,0.0967793240838272
BH_s10_high,25,28,25.933333333333334,0.15124893188476562,0.3803921166012837
BH_s10_high,25,29,25.966666666666665,-0.09950650483369827,0.6115393062482684
BH_s10_high,25,30,26.0,-0.3929871618747711,0.7688343112235246
BH_s10_high,25,31,26.033333333333335,-0.6864677667617798,0.8428914128089039
BH_s10_high,25,32,26.066666666666666,-0.8577427268028259,0.836186629389814
BH_s10_high,25,33,26.1,-1.0249130725860596,0.7591902016939158
BH_s10_high,25,34,26.133333333333333,-1.1163333654403687,0.6243176363313935
BH_s10_high,25,35,26.166666666666668,-1.199918508529663,0.4411975134280675
BH_s10_high,25,36,26.2,-1.2835036516189575,0.21566737906410086
BH_s10_high,25,37,26.233333333333334,-1.3945177793502808,-0.04771368217736066
BH_s10_high,25,38,26.266666666666666,-1.4933991432189941,-0.3414053935501
BH_s10_high,25,39,26.3,-1.5769842863082886,-0.6506900377168477
BH_s10_high,25,40,26.333333333333332,-1.4659526348114014,-0.9507978602298188
BH_s10_high,25,41,26.366666666666667,-0.8009669780731201,-1.2064319516584885
BH_s10_high,25,42,26.4,0.3418135344982147,-1.3750637940089883
BH_s10_high,25,43,26.433333333333334,1.4716778993606567,-1.4148981852293858
BH_s10_high,25,44,26.466666666666665,2.0072782039642334,-1.296321197372726
BH_s10_high,25,45,26.5,1.9981099367141724,-1.0131036627435854
BH_s10_high,25,46,26.533333333333335,1.747354507446289,-0.5885530999730466
BH_s10_high,25,47,26.566666666666666,1.4878225326538086,-0.07326195488599391
BH_s10_high,25,48,26.6,1.1534819602966309,0.4652876539112764
BH_s10_high,25,49,26.633333333333333,0.8241873979568481,0.9571813534389142
BH_s10_high,25,50,26.666666666666668,0.5766127109527588,1.3429037012534926
BH_s10_high,25,51,26.7,0.4521676003932953,1.5810300359254812
BH_s10_high,25,52,26.733333333333334,0.2849973142147064,1.6518127753502796
BH_s10_high,25,53,26.766666666666666,-0.005518608260899782,1.5592614389334813
BH_s10_high,25,54,26.8,-0.29713401198387146,1.3305937805741648
BH_s10_high,25,55,26.833333333333332,-0.552169680595398,1.0093501728597538
BH_s10_high,25,56,26.866666666666667,-0.7682106494903564,0.6424856666730882
BH_s10_high,25,57,26.9,-0.9353809952735901,0.2676010924246881
BH_s10_high,25,58,26.933333333333334,-1.0288420915603638,-0.09287694846758683
BH_s10_high,25,59,26.966666666666665,-1.1124272346496582,-0.4285544322187001
BH_s10_high,25,60,27.0,-1.1960123777389526,-0.7328656368038714
BH_s10_high,25,61,27.033333333333335,-1.279597520828247,-0.9958546452020676
BH_s10_high,25,62,27.066666666666666,-1.4059078693389893,-1.200969505467866
BH_s10_high,25,63,27.1,-1.402862310409546,-1.3253443388697512
BH_s10_high,25,64,27.133333333333333,-0.90517657995224,-1.3430982187259797
BH_s10_high,25,65,27.166666666666668,0.04697415605187416,-1.2322497309314548
BH_s10_high,25,66,27.2,1.1014572381973267,-0.9842920600238381
BH_s10_high,25,67,27.233333333333334,1.6794975996017456,-0.6127244988228573
BH_s10_high,25,68,27.266666666666666,1.6568350791931152,-0.15607686205537338
BH_s10_high,25,69,27.3,1.395613431930542,0.3269949546518037
BH_s10_high,25,70,27.333333333333332,1.0612728595733643,0.769417461763071
BH_s10_high,25,71,27.366666666666667,0.7336679697036743,1.1103672374206068
BH_s10_high,25,72,27.4,0.4877829849720001,1.308532801106288
BH_s10_high,25,73,27.433333333333334,0.36634305119514465,1.3501249380801932
BH_s10_high,25,74,27.466666666666665,0.2827579081058502,1.2484350532100998
BH_s10_high,25,75,27.5,0.15717288851737976,1.034367941966027
BH_s10_high,25,76,27.533333333333335,-0.052722614258527756,0.7425238212865312
BH_s10_high,25,77,27.566666666666666,-0.3436126708984375,0.40069299501503597
BH_s10_high,25,78,27.6,-0.5943681001663208,0.0281549113989669
BH_s10_high,25,79,27.633333333333333,-0.8105847239494324,-0.3581163964082894
BH_s10_high,25,80,27.666666666666668,-0.9350298047065735,-0.7354624903031185
BH_s10_high,25,81,27.7,-1.0286664962768555,-1.072261755001996
BH_s10_high,25,82,27.733333333333334,-1.0695264339447021,-1.331281285723508
BH_s10_high,25,83,27.766666666666666,-1.1531115770339966,-1.4768009095801282
BH_s10_high,25,84,27.8,-1.236696720123291,-1.4818800566680599
BH_s10_high,25,85,27.833333333333332,-1.1608198881149292,-1.3339783929820106
BH_s10_high,25,86,27.866666666666667,-0.5479289293289185,-1.0384421802307138
BH_s10_high,25,87,27.9,0.4730834662914276,-0.6197218973683639
BH_s10_high,25,88,27.933333333333334,1.469067096710205,-0.12032494444464682
BH_s10_high,25,89,27.966666666666665,1.9392281770706177,0.40280868453246776
BH_s10_high,25,90,28.0,1.9081172943115234,0.8854518916952224
BH_s10_high,25,91,28.033333333333335,1.6573618650436401,1.266939068501031
BH_s10_high,25,92,28.066666666666666,1.3535906076431274,1.5021173791013527
BH_s10_high,25,93,28.1,1.0192500352859497,1.5696842694224122
BH_s10_high,25,94,28.133333333333333,0.6914695501327515,1.4734134956075924
BH_s10_high,25,95,28.166666666666668,0.49282899498939514,1.2365721706661512
BH_s10_high,25,96,28.2,0.36368903517723083,0.8934220758741391
BH_s10_high,25,97,28.233333333333334,0.19555440545082092,0.4824323597369704
BH_s10_high,25,98,28.266666666666666,-0.013376745395362377,0.04314539834890614
BH_s10_high,25,99,28.3,-0.30319032073020935,-0.3847959885882697
BH_s10_high,25,100,28.333333333333332,-0.5567119121551514,-0.7631020307941316
BH_s10_high,25,101,28.366666666666667,-0.7712388634681702,-1.0578637663177943
BH_s10_high,25,102,28.4,-0.938409149646759,-1.242834009635366
BH_s10_high,25,103,28.433333333333334,-1.0303561687469482,-1.3011690201444428
BH_s10_high,25,104,28.466666666666665,-1.1139413118362427,-1.2260494971387643
BH_s10_high,25,105,28.5,-1.197526454925537,-1.0220063546240832
BH_s10_high,25,106,28.533333333333335,-1.1845818758010864,-0.7068637058640488
BH_s10_high,25,107,28.566666666666666,-0.7548367381095886,-0.3122008361849211
BH_s10_high,25,108,28.6,0.1774323582649231,0.1187120112817191
BH_s10_high,25,109,28.633333333333333,1.2018728256225586,0.5350888265970706
BH_s10_high,25,110,28.666666666666668,1.8376036882400513,0.8853177571233423
BH_s10_high,25,111,28.7,1.9150285720825195,1.1266274113796269
BH_s10_high,25,112,28.733333333333334,1.7321475744247437,1.2349705178070558
BH_s10_high,25,113,28.766666666666666,1.4675465822219849,1.20992349084056
BH_s10_high,25,114,28.8,1.1332060098648071,1.0717534166611993
BH_s10_high,25,115,28.833333333333332,0.8415905833244324,0.852242309754549
BH_s10_high,25,116,28.866666666666667,0.6091998815536499,0.583218074432978
BH_s10_high,25,117,28.9,0.4420296251773834,0.287219842163432
BH_s10_high,25,118,28.933333333333334,0.27485930919647217,-0.025488440366401965
BH_s10_high,25,119,28.966666666666665,0.062309809029102325,-0.3517497008438475
BH_s10_high,25,120,29.0,-0.1892343908548355,-0.6853643792898747
BH_s10_high,25,121,29.033333333333335,-0.481926292181015,-1.0084787516951021
BH_s10_high,25,122,29.066666666666666,-0.6928982734680176,-1.2893054005317943
BH_s10_high,25,123,29.1,-0.8600685596466064,-1.486649325575366
BH_s10_high,25,124,29.133333333333333,-0.9845136404037476,-1.5588523455879413
BH_s10_high,25,125,29.166666666666668,-1.0747710466384888,-1.474135522336011
BH_s10_high,25,126,29.2,-1.1583561897277832,-1.219792379164779
BH_s10_high,25,127,29.233333333333334,-1.1810269355773926,-0.8084127149071243
BH_s10_high,25,128,29.266666666666666,-0.8404397368431091,-0.2798730037778555
BH_s10_high,25,129,29.3,-0.06298651546239853,0.30189207069336
BH_s10_high,25,130,29.333333333333332,0.8991752862930298,0.8579856385029301
BH_s10_high,25,131,29.366666666666667,1.5721882581710815,1.309075513739131
BH_s10_high,25,132,29.4,1.6515675783157349,1.5927741434398102
BH_s10_high,25,133,29.433333333333334,1.4651315212249756,1.6787868920182183
BH_s10_high,25,134,29.466666666666665,1.1716508865356445,1.5755403512105142
BH_s10_high,25,135,29.5,0.86263507604599,1.3242372832444327
BH_s10_high,25,136,29.533333333333335,0.5846896171569824,0.9821329741618339
BH_s10_high,25,137,29.566666666666666,0.3884640634059906,0.6027316430546539
BH_s10_high,25,138,29.6,0.2739584147930145,0.22232555089664038
BH_s10_high,25,139,29.633333333333333,0.13957388699054718,-0.14165317993050883
BH_s10_high,25,140,29.666666666666668,-0.040014270693063736,-0.4823815179566261
BH_s10_high,25,141,29.7,-0.3316296637058258,-0.7925853389470957
BH_s10_high,25,142,29.733333333333334,-0.6182882189750671,-1.057021979319534
BH_s10_high,25,143,29.766666666666666,-0.8281837105751038,-1.2509594652344254
BH_s10_high,25,144,29.8,-0.9538809061050415,-1.3442982196498814
BH_s10_high,25,145,29.833333333333332,-1.0801912546157837,-1.3096002041532102
BH_s10_high,25,146,29.866666666666667,-1.1637763977050781,-1.1312413703200004
BH_s10_high,25,147,29.9,-1.2473615407943726,-0.8127473326671075
BH_s10_high,25,148,29.933333333333334,-1.0754356384277344,-0.3805585526466325
BH_s10_high,25,149,29.966666666666665,-0.45218518376350403,0.11647827050138987
BH_s10_high,25,150,30.0,0.37308797240257263,0.6127297908241784
BH_s10_high,25,151,30.033333333333335,1.0525487661361694,1.0371454542679255
BH_s10_high,25,152,30.066666666666666,1.2665774822235107,1.3288498100205022
BH_s10_high,25,153,30.1,1.1744805574417114,1.452089621124845
BH_s10_high,25,154,30.133333333333333,0.9417644143104553,1.4037617344505933
BH_s10_high,25,155,30.166666666666668,0.6700536012649536,1.2092435322882802
BH_s10_high,25,156,30.2,0.3975283205509186,0.909013363423188
BH_s10_high,25,157,30.233333333333334,0.16399773955345154,0.5440539815166041
BH_s10_high,25,158,30.266666666666666,0.05491223931312561,0.14739024240032345
BH_s10_high,25,159,30.3,-0.02867290936410427,-0.2560818827300735
BH_s10_high,25,160,30.333333333333332,-0.17824144661426544,-0.6444646334279677
BH_s10_high,25,161,30.366666666666667,-0.42899689078330994,-0.9934769484565845
BH_s10_high,25,162,30.4,-0.6718537211418152,-1.2744379065587543
BH_s10_high,25,163,30.433333333333334,-0.8390240669250488,-1.456519062899471
BH_s10_high,25,164,30.466666666666665,-0.9593010544776917,-1.512395364877675
BH_s10_high,25,165,30.5,-1.0428861379623413,-1.4253121443949963
BH_s10_high,25,166,30.533333333333335,-1.1264714002609253,-1.1945947391653853
BH_s10_high,25,167,30.566666666666666,-1.2100565433502197,-0.837243613622075
BH_s10_high,25,168,30.6,-1.2509164810180664,-0.3860275665485598
BH_s10_high,25,169,30.633333333333333,-1.0184907913208008,0.11363152821898898
BH_s10_high,25,170,30.666666666666668,-0.3347405195236206,0.6070981610050268
BH_s10_high,25,171,30.7,0.4940875470638275,1.0358788793534672
BH_s10_high,25,172,30.733333333333334,1.1166034936904907,1.3466345410511458
BH_s10_high,25,173,30.766666666666666,1.296683430671692,1.502799781276698
BH_s10_high,25,174,30.8,1.2100958824157715,1.4941183867888437
BH_s10_high,25,175,30.833333333333332,1.0429255962371826,1.3384790219549303
BH_s10_high,25,176,30.866666666666667,0.784009575843811,1.0740520364949204
BH_s10_high,25,177,30.9,0.5150392055511475,0.7453519936363253
BH_s10_high,25,178,30.933333333333334,0.2850635051727295,0.3903277599464008
BH_s10_high,25,179,30.966666666666665,0.13680772483348846,0.03451465259781386
BH_s10_high,25,180,31.0,0.010497373528778553,-0.30664892308304004
BH_s10_high,25,181,31.033333333333335,-0.14618100225925446,-0.621085677846799
BH_s10_high,25,182,31.066666666666666,-0.38361769914627075,-0.8939273183300995
BH_s10_high,25,183,31.1,-0.6049667000770569,-1.1050328913061547
BH_s10_high,25,184,31.133333333333333,-0.803408682346344,-1.2305835080283596
BH_s10_high,25,185,31.166666666666668,-0.9628559947013855,-1.2474770102268697
BH_s10_high,25,186,31.2,-1.0464410781860352,-1.1390617352429602
BH_s10_high,25,187,31.233333333333334,-1.1300262212753296,-0.9012478692939507
BH_s10_high,25,188,31.266666666666666,-1.213611364364624,-0.5480604157965486
BH_s10_high,25,189,31.3,-1.2536853551864624,-0.11482311360048236
BH_s10_high,25,190,31.333333333333332,-0.9631491899490356,0.34380442017406326
BH_s10_high,25,191,31.366666666666667,-0.26348957419395447,0.7627948596311099
BH_s10_high,25,192,31.4,0.49224525690078735,1.081069016003034
BH_s10_high,25,193,31.433333333333334,1.0241553783416748,1.2559187618127683
BH_s10_high,25,194,31.466666666666665,1.1384018659591675,1.2716892765981138
BH_s10_high,25,195,31.5,1.07481050491333,1.1397934818794992
BH_s10_high,25,196,31.533333333333335,0.9076401591300964,0.8916735443967383
BH_s10_high,25,197,31.566666666666666,0.6696794629096985,0.5690661988516464
BH_s10_high,25,198,31.6,0.4189240336418152,0.2150884617770467
BH_s10_high,25,199,31.633333333333333,0.21683795750141144,-0.1324266621891854
BH_s10_high,25,200,31.666666666666668,0.09052760154008865,-0.4446389390897542
BH_s10_high,25,201,31.7,0.006942456122487783,-0.702067913584559
BH_s10_high,25,202,31.733333333333334,-0.15684576332569122,-0.8926248406799046
BH_s10_high,25,203,31.766666666666666,-0.4076012074947357,-1.00949410349929
BH_s10_high,25,204,31.8,-0.6006230115890503,-1.0503355802753642
BH_s10_high,25,205,31.833333333333332,-0.7973753213882446,-1.0172226270705809
BH_s10_high,25,206,31.866666666666667,-0.9236856698989868,-0.9153333765842196
BH_s10_high,25,207,31.9,-0.9978581666946411,-0.7497415546103869
BH_s10_high,25,208,31.933333333333334,-1.048130750656128,-0.5232004677832112
BH_s10_high,25,209,31.966666666666665,-1.1317158937454224,-0.23894158745839614
BH_s10_high,25,210,32.0,-1.1145830154418945,0.09163741389782072
BH_s10_high,25,211,32.03333333333333,-0.7258936166763306,0.4417791724254728
BH_s10_high,25,212,32.06666666666667,-0.014400809071958065,0.7689596699310477
BH_s10_high,25,213,32.1,0.6969191431999207,1.0236442467481446
BH_s10_high,25,214,32.13333333333333,1.0420191287994385,1.1638587644489353
BH_s10_high,25,215,32.166666666666664,1.0956766605377197,1.1683704883191628
BH_s10_high,25,216,32.2,0.9748756289482117,1.041813352311466
BH_s10_high,25,217,32.233333333333334,0.7723547220230103,0.8100092942525665
BH_s10_high,25,218,32.266666666666666,0.5308391451835632,0.5099692178304702
BH_s10_high,25,219,32.3,0.30983853340148926,0.18114057552173743
BH_s10_high,25,220,32.333333333333336,0.21328303217887878,-0.13966467660747311
BH_s10_high,25,221,32.36666666666667,0.12969788908958435,-0.4218070255508281
BH_s10_high,25,222,32.4,0.0033875382505357265,-0.6444216517963236
BH_s10_high,25,223,32.43333333333333,-0.21023571491241455,-0.7985244044648101
BH_s10_high,25,224,32.46666666666667,-0.4182659685611725,-0.8852037700062327
BH_s10_high,25,225,32.5,-0.650458037853241,-0.9096041131443291
BH_s10_high,25,226,32.53333333333333,-0.7749031782150269,-0.8734442395613455
BH_s10_high,25,227,32.56666666666667,-0.8845154047012329,-0.7706152252881058
BH_s10_high,25,228,32.6,-0.9681005477905273,-0.5895695176907179
BH_s10_high,25,229,32.63333333333333,-1.0516856908798218,-0.32270756237727666
BH_s10_high,25,230,32.666666666666664,-1.116796612739563,0.021568468908855415
BH_s10_high,25,231,32.7,-0.8681767582893372,0.4109712437515225
BH_s10_high,25,232,32.733333333333334,-0.2646956741809845,0.7909218614633144
BH_s10_high,25,233,32.766666666666666,0.483929306268692,1.0965454845319258
BH_s10_high,25,234,32.8,1.0582796335220337,1.2712116579055834
BH_s10_high,25,235,32.833333333333336,1.1811270713806152,1.28401035319919
BH_s10_high,25,236,32.86666666666667,1.1403563022613525,1.1374942220034872
BH_s10_high,25,237,32.9,1.017865538597107,0.8615380175530541
BH_s10_high,25,238,32.93333333333333,0.8136550188064575,0.4984324442963531
BH_s10_high,25,239,32.96666666666667,0.52772456407547,0.09018489846180827
BH_s10_high,26,0,26.0,-0.3929871618747711,-0.04757098527530841
BH_s10_high,26,1,26.033333333333335,-0.6864677667617798,0.6327656709378376
BH_s10_high,26,2,26.066666666666666,-0.8577427268028259,1.2112746517043367
BH_s10_high,26,3,26.1,-1.0249130725860596,1.6069996286932648
BH_s10_high,26,4,26.133333333333333,-1.1163333654403687,1.7728691104522847
BH_s10_high,26,5,26.166666666666668,-1.199918508529663,1.7017796508594822
BH_s10_high,26,6,26.2,-1.2835036516189575,1.422342011975079
BH_s10_high,26,7,26.233333333333334,-1.3945177793502808,0.9875030716949506
BH_s10_high,26,8,26.266666666666666,-1.4933991432189941,0.4615774596775206
BH_s10_high,26,9,26.3,-1.5769842863082886,-0.08986097270445956
BH_s10_high,26,10,26.333333333333332,-1.4659526348114014,-0.6055707398154176
BH_s10_high,26,11,26.366666666666667,-0.8009669780731201,-1.0309865217945549
BH_s10_high,26,12,26.4,0.3418135344982147,-1.32032116286759
BH_s10_high,26,13,26.433333333333334,1.4716778993606567,-1.4408840666798843
BH_s10_high,26,14,26.466666666666665,2.0072782039642334,-1.379412261242695
BH_s10_high,26,15,26.5,1.9981099367141724,-1.1474837377332292
BH_s10_high,26,16,26.533333333333335,1.747354507446289,-0.7823316034636527
BH_s10_high,26,17,26.566666666666666,1.4878225326538086,-0.340754308804482
BH_s10_high,26,18,26.6,1.1534819602966309,0.11343852603972207
BH_s10_high,26,19,26.633333333333333,0.8241873979568481,0.5243425635188284
BH_s10_high,26,20,26.666666666666668,0.5766127109527588,0.8543104808135653
BH_s10_high,26,21,26.7,0.4521676003932953,1.0849031919232952
BH_s10_high,26,22,26.733333333333334,0.2849973142147064,1.2109615608835476
BH_s10_high,26,23,26.766666666666666,-0.005518608260899782,1.234947952718535
BH_s10_high,26,24,26.8,-0.29713401198387146,1.16492818555087
BH_s10_high,26,25,26.833333333333332,-0.552169680595398,1.0137377565499577
BH_s10_high,26,26,26.866666666666667,-0.7682106494903564,0.7967173113233309
BH_s10_high,26,27,26.9,-0.9353809952735901,0.5288092853616407
BH_s10_high,26,28,26.933333333333334,-1.0288420915603638,0.22332695617931342
BH_s10_high,26,29,26.966666666666665,-1.1124272346496582,-0.1066016099800024
BH_s10_high,26,30,27.0,-1.1960123777389526,-0.44507383543977386
BH_s10_high,26,31,27.033333333333335,-1.279597520828247,-0.771060876705719
BH_s10_high,26,32,27.066666666666666,-1.4059078693389893,-1.0579083836670375
BH_s10_high,26,33,27.1,-1.402862310409546,-1.2748295058869987
BH_s10_high,26,34,27.133333333333333,-0.90517657995224,-1.3905888511311884
BH_s10_high,26,35,27.166666666666668,0.04697415605187416,-1.379615806399173
BH_s10_high,26,36,27.2,1.1014572381973267,-1.2294897095919135
BH_s10_high,26,37,27.233333333333334,1.6794975996017456,-0.9471699390343473
BH_s10_high,26,38,27.266666666666666,1.6568350791931152,-0.5611515443821944
BH_s10_high,26,39,27.3,1.395613431930542,-0.11807029473040127
BH_s10_high,26,40,27.333333333333332,1.0612728595733643,0.32572752555802403
BH_s10_high,26,41,27.366666666666667,0.7336679697036743,0.715600552781472
BH_s10_high,26,42,27.4,0.4877829849720001,1.0102338121711119
BH_s10_high,26,43,27.433333333333334,0.36634305119514465,1.189732945334252
BH_s10_high,26,44,27.466666666666665,0.2827579081058502,1.255609113203403
BH_s10_high,26,45,27.5,0.15717288851737976,1.2210464852654108
BH_s10_high,26,46,27.533333333333335,-0.052722614258527756,1.0973391551314569
BH_s10_high,26,47,27.566666666666666,-0.3436126708984375,0.8868568999214
BH_s10_high,26,48,27.6,-0.5943681001663208,0.5881401457121735
BH_s10_high,26,49,27.633333333333333,-0.8105847239494324,0.20906491306499492
BH_s10_high,26,50,27.666666666666668,-0.9350298047065735,-0.22212691988504124
BH_s10_high,26,51,27.7,-1.0286664962768555,-0.6563611040031249
BH_s10_high,26,52,27.733333333333334,-1.0695264339447021,-1.034158717732637
BH_s10_high,26,53,27.766666666666666,-1.1531115770339966,-1.300145669044965
BH_s10_high,26,54,27.8,-1.236696720123291,-1.4145087599833028
BH_s10_high,26,55,27.833333333333332,-1.1608198881149292,-1.3587670959488216
BH_s10_high,26,56,27.866666666666667,-0.5479289293289185,-1.1372862467554326
BH_s10_high,26,57,27.9,0.4730834662914276,-0.7768093765918678
BH_s10_high,26,58,27.933333333333334,1.469067096710205,-0.32430660370651726
BH_s10_high,26,59,27.966666666666665,1.9392281770706177,0.15848470125979636
BH_s10_high,26,60,28.0,1.9081172943115234,0.6048743077807676
BH_s10_high,26,61,28.033333333333335,1.6573618650436401,0.9559368257987237
BH_s10_high,26,62,28.066666666666666,1.3535906076431274,1.1723930525371793
BH_s10_high,26,63,28.1,1.0192500352859497,1.2413469587049362
BH_s10_high,26,64,28.133333333333333,0.6914695501327515,1.175217749784322
BH_s10_high,26,65,28.166666666666668,0.49282899498939514,1.003489019808782
BH_s10_high,26,66,28.2,0.36368903517723083,0.7612529878254041
BH_s10_high,26,67,28.233333333333334,0.19555440545082092,0.4798478608747773
BH_s10_high,26,68,28.266666666666666,-0.013376745395362377,0.18307549808957638
BH_s10_high,26,69,28.3,-0.30319032073020935,-0.11128307270279568
BH_s10_high,26,70,28.333333333333332,-0.5567119121551514,-0.38804575062115476
BH_s10_high,26,71,28.366666666666667,-0.7712388634681702,-0.6324425585841165
BH_s10_high,26,72,28.4,-0.938409149646759,-0.8289764949504376
BH_s10_high,26,73,28.433333333333334,-1.0303561687469482,-0.9598338767485178
BH_s10_high,26,74,28.466666666666665,-1.1139413118362427,-1.004655410388556
BH_s10_high,26,75,28.5,-1.197526454925537,-0.9453169481885584
BH_s10_high,26,76,28.533333333333335,-1.1845818758010864,-0.774913500766525
BH_s10_high,26,77,28.566666666666666,-0.7548367381095886,-0.505290344330183
BH_s10_high,26,78,28.6,0.1774323582649231,-0.16867965127781137
BH_s10_high,26,79,28.633333333333333,1.2018728256225586,0.18712229107590939
BH_s10_high,26,80,28.666666666666668,1.8376036882400513,0.5091228003478837
BH_s10_high,26,81,28.7,1.9150285720825195,0.7529772669092636
BH_s10_high,26,82,28.733333333333334,1.7321475744247437,0.8950100170494366
BH_s10_high,26,83,28.766666666666666,1.4675465822219849,0.9359995919056512
BH_s10_high,26,84,28.8,1.1332060098648071,0.8948560970012189
BH_s10_high,26,85,28.833333333333332,0.8415905833244324,0.7962101671767672
BH_s10_high,26,86,28.866666666666667,0.6091998815536499,0.6579222626308907
BH_s10_high,26,87,28.9,0.4420296251773834,0.48362875287607937
BH_s10_high,26,88,28.933333333333334,0.27485930919647217,0.26409288493381894
BH_s10_high,26,89,28.966666666666665,0.062309809029102325,-0.012138062815422112
BH_s10_high,26,90,29.0,-0.1892343908548355,-0.3440119185212549
BH_s10_high,26,91,29.033333333333335,-0.481926292181015,-0.7077774781402937
BH_s10_high,26,92,29.066666666666666,-0.6928982734680176,-1.0569388658691237
BH_s10_high,26,93,29.1,-0.8600685596466064,-1.331876276792186
BH_s10_high,26,94,29.133333333333333,-0.9845136404037476,-1.4745837276293061
BH_s10_high,26,95,29.166666666666668,-1.0747710466384888,-1.443287960040427
BH_s10_high,26,96,29.2,-1.1583561897277832,-1.2231815883012693
BH_s10_high,26,97,29.233333333333334,-1.1810269355773926,-0.8315829206204055
BH_s10_high,26,98,29.266666666666666,-0.8404397368431091,-0.3172696479869156
BH_s10_high,26,99,29.3,-0.06298651546239853,0.24606787740428174
BH_s10_high,26,100,29.333333333333332,0.8991752862930298,0.7726426109796134
BH_s10_high,26,101,29.366666666666667,1.5721882581710815,1.1828441359091184
BH_s10_high,26,102,29.4,1.6515675783157349,1.4226821922022306
BH_s10_high,26,103,29.433333333333334,1.4651315212249756,1.4771010491857586
BH_s10_high,26,104,29.466666666666665,1.1716508865356445,1.370633101142326
BH_s10_high,26,105,29.5,0.86263507604599,1.154028749925637
BH_s10_high,26,106,29.533333333333335,0.5846896171569824,0.8826465119439728
BH_s10_high,26,107,29.566666666666666,0.3884640634059906,0.5968268237824111
BH_s10_high,26,108,29.6,0.2739584147930145,0.31291863462827707
BH_s10_high,26,109,29.633333333333333,0.13957388699054718,0.027418531480520127
BH_s10_high,26,110,29.666666666666668,-0.040014270693063736,-0.2700658076993192
BH_s10_high,26,111,29.7,-0.3316296637058258,-0.5825082574408189
BH_s10_high,26,112,29.733333333333334,-0.6182882189750671,-0.8956536082230498
BH_s10_high,26,113,29.766666666666666,-0.8281837105751038,-1.1753014578685261
BH_s10_high,26,114,29.8,-0.9538809061050415,-1.3725493555578767
BH_s10_high,26,115,29.833333333333332,-1.0801912546157837,-1.436265912541535
BH_s10_high,26,116,29.866666666666667,-1.1637763977050781,-1.329024389839507
BH_s10_high,26,117,29.9,-1.2473615407943726,-1.0408129339618308
BH_s10_high,26,118,29.933333333333334,-1.0754356384277344,-0.5963317226837876
BH_s10_high,26,119,29.966666666666665,-0.45218518376350403,-0.05415441709220562
BH_s10_high,26,120,30.0,0.37308797240257263,0.503045693303906
BH_s10_high,26,121,30.033333333333335,1.0525487661361694,0.9866661542066916
BH_s10_high,26,122,30.066666666666666,1.2665774822235107,1.324432291813376
BH_s10_high,26,123,30.1,1.1744805574417114,1.4786448861532602
BH_s10_high,26,124,30.133333333333333,0.9417644143104553,1.4523321888017335
BH_s10_high,26,125,30.166666666666668,0.6700536012649536,1.2804186359004155
BH_s10_high,26,126,30.2,0.3975283205509186,1.0110978178563348
BH_s10_high,26,127,30.233333333333334,0.16399773955345154,0.6876277833509148
BH_s10_high,26,128,30.266666666666666,0.05491223931312561,0.33874986861328676
BH_s10_high,26,129,30.3,-0.02867290936410427,-0.02036933012753957
BH_s10_high,26,130,30.333333333333332,-0.17824144661426544,-0.3802182791445987
BH_s10_high,26,131,30.366666666666667,-0.42899689078330994,-0.727824598154477
BH_s10_high,26,132,30.4,-0.6718537211418152,-1.041335293140733
BH_s10_high,26,133,30.433333333333334,-0.8390240669250488,-1.2903929812584674
BH_s10_high,26,134,30.466666666666665,-0.9593010544776917,-1.4414105731018334
BH_s10_high,26,135,30.5,-1.0428861379623413,-1.4651245598594924
BH_s10_high,26,136,30.533333333333335,-1.1264714002609253,-1.3438653383832277
BH_s10_high,26,137,30.566666666666666,-1.2100565433502197,-1.076978031086972
BH_s10_high,26,138,30.6,-1.2509164810180664,-0.6836647259091122
BH_s10_high,26,139,30.633333333333333,-1.0184907913208008,-0.20297661132854666
BH_s10_high,26,140,30.666666666666668,-0.3347405195236206,0.30916429180250127
BH_s10_high,26,141,30.7,0.4940875470638275,0.7865175756505266
BH_s10_high,26,142,30.733333333333334,1.1166034936904907,1.1637586437981664
BH_s10_high,26,143,30.766666666666666,1.296683430671692,1.391559000765253
BH_s10_high,26,144,30.8,1.2100958824157715,1.4500502976987306
BH_s10_high,26,145,30.833333333333332,1.0429255962371826,1.3530502845060395
BH_s10_high,26,146,30.866666666666667,0.784009575843811,1.1397315159706236
BH_s10_high,26,147,30.9,0.5150392055511475,0.8578067080299852
BH_s10_high,26,148,30.933333333333334,0.2850635051727295,0.5468913122798454
BH_s10_high,26,149,30.966666666666665,0.13680772483348846,0.22990935013606367
BH_s10_high,26,150,31.0,0.010497373528778553,-0.08476824109396586
BH_s10_high,26,151,31.033333333333335,-0.14618100225925446,-0.39379735250012643
BH_s10_high,26,152,31.066666666666666,-0.38361769914627075,-0.688526714760768
BH_s10_high,26,153,31.1,-0.6049667000770569,-0.9494512265852886
BH_s10_high,26,154,31.133333333333333,-0.803408682346344,-1.1471323356896923
BH_s10_high,26,155,31.166666666666668,-0.9628559947013855,-1.2479294855005019
BH_s10_high,26,156,31.2,-1.0464410781860352,-1.2224055925544581
BH_s10_high,26,157,31.233333333333334,-1.1300262212753296,-1.0548321139016896
BH_s10_high,26,158,31.266666666666666,-1.213611364364624,-0.7515206506490827
BH_s10_high,26,159,31.3,-1.2536853551864624,-0.3446854136912103
BH_s10_high,26,160,31.333333333333332,-0.9631491899490356,0.11085172070673412
BH_s10_high,26,161,31.366666666666667,-0.26348957419395447,0.5483361352236823
BH_s10_high,26,162,31.4,0.49224525690078735,0.9041845057467514
BH_s10_high,26,163,31.433333333333334,1.0241553783416748,1.1323409712082546
BH_s10_high,26,164,31.466666666666665,1.1384018659591675,1.2127867490230566
BH_s10_high,26,165,31.5,1.07481050491333,1.1517885742319922
BH_s10_high,26,166,31.533333333333335,0.9076401591300964,0.9754438641760774
BH_s10_high,26,167,31.566666666666666,0.6696794629096985,0.7204064496958441
BH_s10_high,26,168,31.6,0.4189240336418152,0.4248545861596518
BH_s10_high,26,169,31.633333333333333,0.21683795750141144,0.12119199164263515
BH_s10_high,26,170,31.666666666666668,0.09052760154008865,-0.16805068618932487
BH_s10_high,26,171,31.7,0.006942456122487783,-0.4297852341899907
BH_s10_high,26,172,31.733333333333334,-0.15684576332569122,-0.6562050299655819
BH_s10_high,26,173,31.766666666666666,-0.4076012074947357,-0.8400135047265829
BH_s10_high,26,174,31.8,-0.6006230115890503,-0.9720939240220756
BH_s10_high,26,175,31.833333333333332,-0.7973753213882446,-1.0421357600561387
BH_s10_high,26,176,31.866666666666667,-0.9236856698989868,-1.0399329720208679
BH_s10_high,26,177,31.9,-0.9978581666946411,-0.9553427084441865
BH_s10_high,26,178,31.933333333333334,-1.048130750656128,-0.7786735410489889
BH_s10_high,26,179,31.966666666666665,-1.1317158937454224,-0.5052717681622132
BH_s10_high,26,180,32.0,-1.1145830154418945,-0.14438266527598495
BH_s10_high,26,181,32.03333333333333,-0.7258936166763306,0.27298906499654346
BH_s10_high,26,182,32.06666666666667,-0.014400809071958065,0.6936933205784505
BH_s10_high,26,183,32.1,0.6969191431999207,1.0523693224624944
BH_s10_high,26,184,32.13333333333333,1.0420191287994385,1.2888587481956313
BH_s10_high,26,185,32.166666666666664,1.0956766605377197,1.3657001025833422
BH_s10_high,26,186,32.2,0.9748756289482117,1.2775297900161067
BH_s10_high,26,187,32.233333333333334,0.7723547220230103,1.0484878545757539
BH_s10_high,26,188,32.266666666666666,0.5308391451835632,0.7209676071092209
BH_s10_high,26,189,32.3,0.30983853340148926,0.3430601163771262
BH_s10_high,26,190,32.333333333333336,0.21328303217887878,-0.040687406349202676
BH_s10_high,26,191,32.36666666666667,0.12969788908958435,-0.39516030642212296
BH_s10_high,26,192,32.4,0.0033875382505357265,-0.697948004179137
BH_s10_high,26,193,32.43333333333333,-0.21023571491241455,-0.9391334552035753
BH_s10_high,26,194,32.46666666666667,-0.4182659685611725,-1.116643673511885
BH_s10_high,26,195,32.5,-0.650458037853241,-1.2282753452131292
BH_s10_high,26,196,32.53333333333333,-0.7749031782150269,-1.2641157301249382
BH_s10_high,26,197,32.56666666666667,-0.8845154047012329,-1.2042408404446472
BH_s10_high,26,198,32.6,-0.9681005477905273,-1.0249294777407139
BH_s10_high,26,199,32.63333333333333,-1.0516856908798218,-0.7122496101137128
BH_s10_high,26,200,32.666666666666664,-1.116796612739563,-0.27679751967833843
BH_s10_high,26,201,32.7,-0.8681767582893372,0.23857844197324118
BH_s10_high,26,202,32.733333333333334,-0.2646956741809845,0.7630239723725962
BH_s10_high,26,203,32.766666666666666,0.483929306268692,1.2131927712493598
BH_s10_high,26,204,32.8,1.0582796335220337,1.514937462257873
BH_s10_high,26,205,32.833333333333336,1.1811270713806152,1.6236525187029813
BH_s10_high,26,206,32.86666666666667,1.1403563022613525,1.5353041317674916
BH_s10_high,26,207,32.9,1.017865538597107,1.2836191805248558
BH_s10_high,26,208,32.93333333333333,0.8136550188064575,0.9260159709016338
BH_s10_high,26,209,32.96666666666667,0.52772456407547,0.5260885137991105
BH_s10_high,26,210,33.0,0.3454538881778717,0.1394286930247569
BH_s10_high,26,211,33.03333333333333,0.20972812175750732,-0.19479843756666435
BH_s10_high,26,212,33.06666666666667,0.09656369686126709,-0.45696377149304046
BH_s10_high,26,213,33.1,-0.07060659676790237,-0.6457398239866549
BH_s10_high,26,214,33.13333333333333,-0.30635085701942444,-0.7732737137945213
BH_s10_high,26,215,33.166666666666664,-0.5571063160896301,-0.8577597065866934
BH_s10_high,26,216,33.2,-0.7430182695388794,-0.9152772554584798
BH_s10_high,26,217,33.233333333333334,-0.8674634099006653,-0.9531915573332366
BH_s10_high,26,218,33.266666666666666,-0.9735206961631775,-0.9666889608579928
BH_s10_high,26,219,33.3,-1.0571058988571167,-0.939256785608843
BH_s10_high,26,220,33.333333333333336,-1.1406910419464111,-0.8479015865125323
BH_s10_high,26,221,33.36666666666667,-1.2242761850357056,-0.6731100065108705
BH_s10_high,26,222,33.4,-1.2860077619552612,-0.410860098117399
BH_s10_high,26,223,33.43333333333333,-1.0289394855499268,-0.08121911543041048
BH_s10_high,26,224,33.46666666666667,-0.37046805024147034,0.27193586913399836
BH_s10_high,26,225,33.5,0.422658234834671,0.5913916922291589
BH_s10_high,26,226,33.53333333333333,1.0702801942825317,0.8222515813888942
BH_s10_high,26,227,33.56666666666667,1.3109031915664673,0.9250701029979681
BH_s10_high,26,228,33.6,1.3520278930664062,0.8827277712031169
BH_s10_high,26,229,33.63333333333333,1.2281122207641602,0.7023950510093294
BH_s10_high,26,230,33.666666666666664,1.022212028503418,0.4143749405205862
BH_s10_high,26,231,33.7,0.7714565396308899,0.06751127321888038
BH_s10_high,26,232,33.733333333333334,0.5207011103630066,-0.27936096624395396
BH_s10_high,26,233,33.766666666666666,0.3458050489425659,-0.5685573443191655
BH_s10_high,26,234,33.8,0.20990370213985443,-0.7541331190637337
BH_s10_high,26,235,33.833333333333336,0.024785984307527542,-0.808871615273931
BH_s10_high,26,236,33.86666666666667,-0.1832442581653595,-0.7267085943303233
BH_s10_high,26,237,33.9,-0.40832653641700745,-0.5216284423250738
BH_s10_high,26,238,33.93333333333333,-0.6182219982147217,-0.22427897773765473
BH_s10_high,26,239,33.96666666666667,-0.7853923439979553,0.12299029596161323
BH_s10_high,27,0,27.0,-1.1960123777389526,0.08373624476198029
BH_s10_high,27,1,27.033333333333335,-1.279597520828247,0.5207231158668467
BH_s10_high,27,2,27.066666666666666,-1.4059078693389893,0.8510716758092726
BH_s10_high,27,3,27.1,-1.402862310409546,1.009750723339897
BH_s10_high,27,4,27.133333333333333,-0.90517657995224,0.9938202974485787
BH_s10_high,27,5,27.166666666666668,0.04697415605187416,0.8557481963255472
BH_s10_high,27,6,27.2,1.1014572381973267,0.6731779651628117
BH_s10_high,27,7,27.233333333333334,1.6794975996017456,0.5137402862153561
BH_s10_high,27,8,27.266666666666666,1.6568350791931152,0.4126520957027159
BH_s10_high,27,9,27.3,1.395613431930542,0.3696127439285915
BH_s10_high,27,10,27.333333333333332,1.0612728595733643,0.36061686540204346
BH_s10_high,27,11,27.366666666666667,0.7336679697036743,0.3554141062836015
BH_s10_high,27,12,27.4,0.4877829849720001,0.33245052255316787
BH_s10_high,27,13,27.433333333333334,0.36634305119514465,0.2863416423351258
BH_s10_high,27,14,27.466666666666665,0.2827579081058502,0.2253664427832703
BH_s10_high,27,15,27.5,0.15717288851737976,0.16033665790619658
BH_s10_high,27,16,27.533333333333335,-0.052722614258527756,0.09237181313385981
BH_s10_high,27,17,27.566666666666666,-0.3436126708984375,0.009298768202920409
BH_s10_high,27,18,27.6,-0.5943681001663208,-0.10599702234507737
BH_s10_high,27,19,27.633333333333333,-0.8105847239494324,-0.26136988129282784
BH_s10_high,27,20,27.666666666666668,-0.9350298047065735,-0.44561399433056603
BH_s10_high,27,21,27.7,-1.0286664962768555,-0.6296092090371778
BH_s10_high,27,22,27.733333333333334,-1.0695264339447021,-0.7766816055792811
BH_s10_high,27,23,27.766666666666666,-1.1531115770339966,-0.8546529823443831
BH_s10_high,27,24,27.8,-1.236696720123291,-0.8433623640776167
BH_s10_high,27,25,27.833333333333332,-1.1608198881149292,-0.7368990820977814
BH_s10_high,27,26,27.866666666666667,-0.5479289293289185,-0.5436501646518814
BH_s10_high,27,27,27.9,0.4730834662914276,-0.2868244619336851
BH_s10_high,27,28,27.933333333333334,1.469067096710205,-0.004433778956284893
BH_s10_high,27,29,27.966666666666665,1.9392281770706177,0.25518106670787105
BH_s10_high,27,30,28.0,1.9081172943115234,0.4448056502896904
BH_s10_high,27,31,28.033333333333335,1.6573618650436401,0.5340174748345798
BH_s10_high,27,32,28.066666666666666,1.3535906076431274,0.520908035773436
BH_s10_high,27,33,28.1,1.0192500352859497,0.4317146786721253
BH_s10_high,27,34,28.133333333333333,0.6914695501327515,0.3074110536685109
BH_s10_high,27,35,28.166666666666668,0.49282899498939514,0.18484806551344118
BH_s10_high,27,36,28.2,0.36368903517723083,0.08293271706089271
BH_s10_high,27,37,28.233333333333334,0.19555440545082092,0.0003863731628028105
BH_s10_high,27,38,28.266666666666666,-0.013376745395362377,-0.07579252494516735
BH_s10_high,27,39,28.3,-0.30319032073020935,-0.15789076115204984
BH_s10_high,27,40,28.333333333333332,-0.5567119121551514,-0.24847063152584753
BH_s10_high,27,41,28.366666666666667,-0.7712388634681702,-0.33796863791532655
BH_s10_high,27,42,28.4,-0.938409149646759,-0.4067247648412729
BH_s10_high,27,43,28.433333333333334,-1.0303561687469482,-0.428273777159497
BH_s10_high,27,44,28.466666666666665,-1.1139413118362427,-0.37504671091886604
BH_s10_high,27,45,28.5,-1.197526454925537,-0.2292854738518723
BH_s10_high,27,46,28.533333333333335,-1.1845818758010864,0.004119359550007733
BH_s10_high,27,47,28.566666666666666,-0.7548367381095886,0.29165687634585363
BH_s10_high,27,48,28.6,0.1774323582649231,0.5773479173352117
BH_s10_high,27,49,28.633333333333333,1.2018728256225586,0.7986399551566967
BH_s10_high,27,50,28.666666666666668,1.8376036882400513,0.9058707137161289
BH_s10_high,27,51,28.7,1.9150285720825195,0.8786675191016928
BH_s10_high,27,52,28.733333333333334,1.7321475744247437,0.732753707067934
BH_s10_high,27,53,28.766666666666666,1.4675465822219849,0.5132995238335046
BH_s10_high,27,54,28.8,1.1332060098648071,0.2774030082753789
BH_s10_high,27,55,28.833333333333332,0.8415905833244324,0.07352769819500546
BH_s10_high,27,56,28.866666666666667,0.6091998815536499,-0.07454979130264348
BH_s10_high,27,57,28.9,0.4420296251773834,-0.17448110357766758
BH_s10_high,27,58,28.933333333333334,0.27485930919647217,-0.25968337127472163
BH_s10_high,27,59,28.966666666666665,0.062309809029102325,-0.3716634657587381
BH_s10_high,27,60,29.0,-0.1892343908548355,-0.5376804702645018
BH_s10_high,27,61,29.033333333333335,-0.481926292181015,-0.7550489644089428
BH_s10_high,27,62,29.066666666666666,-0.6928982734680176,-0.9889503741182586
BH_s10_high,27,63,29.1,-0.8600685596466064,-1.1825761200569307
BH_s10_high,27,64,29.133333333333333,-0.9845136404037476,-1.273907777562863
BH_s10_high,27,65,29.166666666666668,-1.0747710466384888,-1.213287998882396
BH_s10_high,27,66,29.2,-1.1583561897277832,-0.9776064017659153
BH_s10_high,27,67,29.233333333333334,-1.1810269355773926,-0.5787073403249636
BH_s10_high,27,68,29.266666666666666,-0.8404397368431091,-0.06476842651679722
BH_s10_high,27,69,29.3,-0.06298651546239853,0.48631636897233754
BH_s10_high,27,70,29.333333333333332,0.8991752862930298,0.9822400468046237
BH_s10_high,27,71,29.366666666666667,1.5721882581710815,1.3387433186154902
BH_s10_high,27,72,29.4,1.6515675783157349,1.5032058719274755
BH_s10_high,27,73,29.433333333333334,1.4651315212249756,1.4699253176800278
BH_s10_high,27,74,29.466666666666665,1.1716508865356445,1.27907038305969
BH_s10_high,27,75,29.5,0.86263507604599,0.9980910391139454
BH_s10_high,27,76,29.533333333333335,0.5846896171569824,0.693468993264432
BH_s10_high,27,77,29.566666666666666,0.3884640634059906,0.40641892052495715
BH_s10_high,27,78,29.6,0.2739584147930145,0.14420500567020303
BH_s10_high,27,79,29.633333333333333,0.13957388699054718,-0.11015091694785333
BH_s10_high,27,80,29.666666666666668,-0.040014270693063736,-0.3775498163165153
BH_s10_high,27,81,29.7,-0.3316296637058258,-0.6641945444786408
BH_s10_high,27,82,29.733333333333334,-0.6182882189750671,-0.9523863303628867
BH_s10_high,27,83,29.766666666666666,-0.8281837105751038,-1.2014889259212627
BH_s10_high,27,84,29.8,-0.9538809061050415,-1.3573605910114863
BH_s10_high,27,85,29.833333333333332,-1.0801912546157837,-1.3681849626938434
BH_s10_high,27,86,29.866666666666667,-1.1637763977050781,-1.20220720436761
BH_s10_high,27,87,29.9,-1.2473615407943726,-0.8608792208848042
BH_s10_high,27,88,29.933333333333334,-1.0754356384277344,-0.3827268951740955
BH_s10_high,27,89,29.966666666666665,-0.45218518376350403,0.16307639547027727
BH_s10_high,27,90,30.0,0.37308797240257263,0.6918963794827901
BH_s10_high,27,91,30.033333333333335,1.0525487661361694,1.1240034246619572
BH_s10_high,27,92,30.066666666666666,1.2665774822235107,1.4039690044721538
BH_s10_high,27,93,30.1,1.1744805574417114,1.511793524865591
BH_s10_high,27,94,30.133333333333333,0.9417644143104553,1.4610302178373642
BH_s10_high,27,95,30.166666666666668,0.6700536012649536,1.2851560217484583
BH_s10_high,27,96,30.2,0.3975283205509186,1.0198536597987358
BH_s10_high,27,97,30.233333333333334,0.16399773955345154,0.6909630865141422
BH_s10_high,27,98,30.266666666666666,0.05491223931312561,0.3133786886792495
BH_s10_high,27,99,30.3,-0.02867290936410427,-0.10125355711857793
BH_s10_high,27,100,30.333333333333332,-0.17824144661426544,-0.5350213532783332
BH_s10_high,27,101,30.366666666666667,-0.42899689078330994,-0.9589056087383
BH_s10_high,27,102,30.4,-0.6718537211418152,-1.3344365343048457
BH_s10_high,27,103,30.433333333333334,-0.8390240669250488,-1.6194808565327428
BH_s10_high,27,104,30.466666666666665,-0.9593010544776917,-1.7754127678590117
BH_s10_high,27,105,30.5,-1.0428861379623413,-1.7741504881643722
BH_s10_high,27,106,30.533333333333335,-1.1264714002609253,-1.603520181110153
BH_s10_high,27,107,30.566666666666666,-1.2100565433502197,-1.2696391505637132
BH_s10_high,27,108,30.6,-1.2509164810180664,-0.7970272079301248
BH_s10_high,27,109,30.633333333333333,-1.0184907913208008,-0.2281548101949251
BH_s10_high,27,110,30.666666666666668,-0.3347405195236206,0.37807541641701214
BH_s10_high,27,111,30.7,0.4940875470638275,0.9516915832893063
BH_s10_high,27,112,30.733333333333334,1.1166034936904907,1.4224304536159618
BH_s10_high,27,113,30.766666666666666,1.296683430671692,1.7340263324084064
BH_s10_high,27,114,30.8,1.2100958824157715,1.8573435459766434
BH_s10_high,27,115,30.833333333333332,1.0429255962371826,1.7966848980048962
BH_s10_high,27,116,30.866666666666667,0.784009575843811,1.584921364700541
BH_s10_high,27,117,30.9,0.5150392055511475,1.2682477631904008
BH_s10_high,27,118,30.933333333333334,0.2850635051727295,0.8888178852829463
BH_s10_high,27,119,30.966666666666665,0.13680772483348846,0.4757500208450561
BH_s10_high,27,120,31.0,0.010497373528778553,0.047899642909251174
BH_s10_high,27,121,31.033333333333335,-0.14618100225925446,-0.3772622996465249
BH_s10_high,27,122,31.066666666666666,-0.38361769914627075,-0.7766165612791853
BH_s10_high,27,123,31.1,-0.6049667000770569,-1.1202083152795068
BH_s10_high,27,124,31.133333333333333,-0.803408682346344,-1.3750118045935664
BH_s10_high,27,125,31.166666666666668,-0.9628559947013855,-1.5106425296633839
BH_s10_high,27,126,31.2,-1.0464410781860352,-1.5052139441504657
BH_s10_high,27,127,31.233333333333334,-1.1300262212753296,-1.3511618607158389
BH_s10_high,27,128,31.266666666666666,-1.213611364364624,-1.0602681445192985
BH_s10_high,27,129,31.3,-1.2536853551864624,-0.6653861985586813
BH_s10_high,27,130,31.333333333333332,-0.9631491899490356,-0.21616588675338994
BH_s10_high,27,131,31.366666666666667,-0.26348957419395447,0.2312295196802479
BH_s10_high,27,132,31.4,0.49224525690078735,0.6261526600430232
BH_s10_high,27,133,31.433333333333334,1.0241553783416748,0.9314630988229076
BH_s10_high,27,134,31.466666666666665,1.1384018659591675,1.1252582575561865
BH_s10_high,27,135,31.5,1.07481050491333,1.1988995611103308
BH_s10_high,27,136,31.533333333333335,0.9076401591300964,1.1550931303722163
BH_s10_high,27,137,31.566666666666666,0.6696794629096985,1.0073553182135255
BH_s10_high,27,138,31.6,0.4189240336418152,0.7791156981877791
BH_s10_high,27,139,31.633333333333333,0.21683795750141144,0.5001062563580799
BH_s10_high,27,140,31.666666666666668,0.09052760154008865,0.2003235647629425
BH_s10_high,27,141,31.7,0.006942456122487783,-0.09536221742148736
BH_s10_high,27,142,31.733333333333334,-0.15684576332569122,-0.3691312454533284
BH_s10_high,27,143,31.766666666666666,-0.4076012074947357,-0.6086286937826626
BH_s10_high,27,144,31.8,-0.6006230115890503,-0.80436522766971
BH_s10_high,27,145,31.833333333333332,-0.7973753213882446,-0.9482538405099823
BH_s10_high,27,146,31.866666666666667,-0.9236856698989868,-1.0324673432703182
BH_s10_high,27,147,31.9,-0.9978581666946411,-1.0469167162054434
BH_s10_high,27,148,31.933333333333334,-1.048130750656128,-0.9773010453903173
BH_s10_high,27,149,31.966666666666665,-1.1317158937454224,-0.8083446874969082
BH_s10_high,27,150,32.0,-1.1145830154418945,-0.5334107883728718
BH_s10_high,27,151,32.03333333333333,-0.7258936166763306,-0.16574800500242373
BH_s10_high,27,152,32.06666666666667,-0.014400809071958065,0.2558073977027537
BH_s10_high,27,153,32.1,0.6969191431999207,0.671660853125861
BH_s10_high,27,154,32.13333333333333,1.0420191287994385,1.0167839866690267
BH_s10_high,27,155,32.166666666666664,1.0956766605377197,1.240366099913273
BH_s10_high,27,156,32.2,0.9748756289482117,1.3194179441500784
BH_s10_high,27,157,32.233333333333334,0.7723547220230103,1.258817754936584
BH_s10_high,27,158,32.266666666666666,0.5308391451835632,1.0804292623320444
BH_s10_high,27,159,32.3,0.30983853340148926,0.8113872884948616
BH_s10_high,27,160,32.333333333333336,0.21328303217887878,0.47858577158592547
BH_s10_high,27,161,32.36666666666667,0.12969788908958435,0.10848301937701826
BH_s10_high,27,162,32.4,0.0033875382505357265,-0.2722748302223279
BH_s10_high,27,163,32.43333333333333,-0.21023571491241455,-0.6378988023471794
BH_s10_high,27,164,32.46666666666667,-0.4182659685611725,-0.9648738305979623
BH_s10_high,27,165,32.5,-0.650458037853241,-1.23111142071017
BH_s10_high,27,166,32.53333333333333,-0.7749031782150269,-1.4128353069097208
BH_s10_high,27,167,32.56666666666667,-0.8845154047012329,-1.4827615626117745
BH_s10_high,27,168,32.6,-0.9681005477905273,-1.4136889879575445
BH_s10_high,27,169,32.63333333333333,-1.0516856908798218,-1.188365798406232
BH_s10_high,27,170,32.666666666666664,-1.116796612739563,-0.8116239049468461
BH_s10_high,27,171,32.7,-0.8681767582893372,-0.3180841487417115
BH_s10_high,27,172,32.733333333333334,-0.2646956741809845,0.22952608422349577
BH_s10_high,27,173,32.766666666666666,0.483929306268692,0.7521867162504362
BH_s10_high,27,174,32.8,1.0582796335220337,1.1734501779522928
BH_s10_high,27,175,32.833333333333336,1.1811270713806152,1.4391506680980506
BH_s10_high,27,176,32.86666666666667,1.1403563022613525,1.5298260585134391
BH_s10_high,27,177,32.9,1.017865538597107,1.4602733673862776
BH_s10_high,27,178,32.93333333333333,0.8136550188064575,1.2682126802151537
BH_s10_high,27,179,32.96666666666667,0.52772456407547,0.9998074171423457
BH_s10_high,27,180,33.0,0.3454538881778717,0.6983176081696779
BH_s10_high,27,181,33.03333333333333,0.20972812175750732,0.3974225993925958
BH_s10_high,27,182,33.06666666666667,0.09656369686126709,0.11857088201497423
BH_s10_high,27,183,33.1,-0.07060659676790237,-0.12841645732750612
BH_s10_high,27,184,33.13333333333333,-0.30635085701942444,-0.3428388689856812
BH_s10_high,27,185,33.166666666666664,-0.5571063160896301,-0.5303473982141703
BH_s10_high,27,186,33.2,-0.7430182695388794,-0.700274566654456
BH_s10_high,27,187,33.233333333333334,-0.8674634099006653,-0.8617293790470264
BH_s10_high,27,188,33.266666666666666,-0.9735206961631775,-1.0170994265788598
BH_s10_high,27,189,33.3,-1.0571058988571167,-1.1542965056364602
BH_s10_high,27,190,33.333333333333336,-1.1406910419464111,-1.2429525559189298
BH_s10_high,27,191,33.36666666666667,-1.2242761850357056,-1.2402185214924284
BH_s10_high,27,192,33.4,-1.2860077619552612,-1.106419122059191
BH_s10_high,27,193,33.43333333333333,-1.0289394855499268,-0.8237888156288052
BH_s10_high,27,194,33.46666666666667,-0.37046805024147034,-0.40878076193716884
BH_s10_high,27,195,33.5,0.422658234834671,0.08804148865344008
BH_s10_high,27,196,33.53333333333333,1.0702801942825317,0.593352337757115
BH_s10_high,27,197,33.56666666666667,1.3109031915664673,1.0276848993281873
BH_s10_high,27,198,33.6,1.3520278930664062,1.3223626942755928
BH_s10_high,27,199,33.63333333333333,1.2281122207641602,1.4344948364306238
BH_s10_high,27,200,33.666666666666664,1.022212028503418,1.357547672237684
BH_s10_high,27,201,33.7,0.7714565396308899,1.1236151462273776
BH_s10_high,27,202,33.733333333333334,0.5207011103630066,0.7946901934099112
BH_s10_high,27,203,33.766666666666666,0.3458050489425659,0.44417328853615223
BH_s10_high,27,204,33.8,0.20990370213985443,0.13434202657318634
BH_s10_high,27,205,33.833333333333336,0.024785984307527542,-0.10191221812528002
BH_s10_high,27,206,33.86666666666667,-0.1832442581653595,-0.26774807555278773
BH_s10_high,27,207,33.9,-0.40832653641700745,-0.39461103692652316
BH_s10_high,27,208,33.93333333333333,-0.6182219982147217,-0.5234044006938917
BH_s10_high,27,209,33.96666666666667,-0.7853923439979553,-0.6825723791004488
BH_s10_high,27,210,34.0,-0.9098374247550964,-0.871774897261346
BH_s10_high,27,211,34.03333333333333,-1.0160703659057617,-1.0571975413073287
BH_s10_high,27,212,34.06666666666667,-1.0996555089950562,-1.1803902286594272
BH_s10_high,27,213,34.1,-1.197722315788269,-1.1779824626624233
BH_s10_high,27,214,34.13333333333333,-1.3095510005950928,-1.0056402526540882
BH_s10_high,27,215,34.166666666666664,-1.3931361436843872,-0.6576899872557341
BH_s10_high,27,216,34.2,-1.3984524011611938,-0.1749637633370428
BH_s10_high,27,217,34.233333333333334,-0.9844180345535278,0.36278702829391074
BH_s10_high,27,218,34.266666666666666,-0.17209500074386597,0.8582828722195289
BH_s10_high,27,219,34.3,0.7407612800598145,1.224701517666635
BH_s10_high,27,220,34.333333333333336,1.31357741355896,1.4093298991227194
BH_s10_high,27,221,34.36666666666667,1.522047996520996,1.4037350021439479
BH_s10_high,27,222,34.4,1.4825090169906616,1.2389476472646976
BH_s10_high,27,223,34.43333333333333,1.3603695631027222,0.9711378759098273
BH_s10_high,27,224,34.46666666666667,1.1565101146697998,0.6641453102527887
BH_s10_high,27,225,34.5,0.8709307909011841,0.37309048614108403
BH_s10_high,27,226,34.53333333333333,0.6122740507125854,0.13265958053231358
BH_s10_high,27,227,34.56666666666667,0.4353371262550354,-0.04700016624064887
BH_s10_high,27,228,34.6,0.26816684007644653,-0.17678584813663517
BH_s10_high,27,229,34.63333333333333,0.07363369315862656,-0.2800961089011613
BH_s10_high,27,230,34.666666666666664,-0.15989413857460022,-0.3815256060109419
BH_s10_high,27,231,34.7,-0.42787718772888184,-0.4950832186458766
BH_s10_high,27,232,34.733333333333334,-0.6141403317451477,-0.6166452169328279
BH_s10_high,27,233,34.766666666666666,-0.7813106179237366,-0.7255319791879016
BH_s10_high,27,234,34.8,-0.9057557582855225,-0.794564287421747
BH_s10_high,27,235,34.833333333333336,-1.0140295028686523,-0.8021091394761466
BH_s10_high,27,236,34.86666666666667,-1.0976146459579468,-0.7396378727771891
BH_s10_high,27,237,34.9,-1.223924994468689,-0.6126750637024848
BH_s10_high,27,238,34.93333333333333,-1.3075101375579834,-0.4370391356182188
BH_s10_high,27,239,34.96666666666667,-1.3910952806472778,-0.23385513159163035
BH_s10_high,28,0,28.0,1.9081172943115234,-0.1554415903033833
BH_s10_high,28,1,28.033333333333335,1.6573618650436401,0.26958582547362003
BH_s10_high,28,2,28.066666666666666,1.3535906076431274,0.6035096794488108
BH_s10_high,28,3,28.1,1.0192500352859497,0.7749628946279962
BH_s10_high,28,4,28.133333333333333,0.6914695501327515,0.7538864682010029
BH_s10_high,28,5,28.166666666666668,0.49282899498939514,0.5558465218875962
BH_s10_high,28,6,28.2,0.36368903517723083,0.2331186208096836
BH_s10_high,28,7,28.233333333333334,0.19555440545082092,-0.1420843850774998
BH_s10_high,28,8,28.266666666666666,-0.013376745395362377,-0.4953114903981189
BH_s10_high,28,9,28.3,-0.30319032073020935,-0.7641052911537016
BH_s10_high,28,10,28.333333333333332,-0.5567119121551514,-0.9076338476857988
BH_s10_high,28,11,28.366666666666667,-0.7712388634681702,-0.911469419107399
BH_s10_high,28,12,28.4,-0.938409149646759,-0.7858953656821618
BH_s10_high,28,13,28.433333333333334,-1.0303561687469482,-0.5574060722482204
BH_s10_high,28,14,28.466666666666665,-1.1139413118362427,-0.25865310605685704
BH_s10_high,28,15,28.5,-1.197526454925537,0.07615774959646274
BH_s10_high,28,16,28.533333333333335,-1.1845818758010864,0.41057359428727924
BH_s10_high,28,17,28.566666666666666,-0.7548367381095886,0.7064798585393508
BH_s10_high,28,18,28.6,0.1774323582649231,0.9292240609760141
BH_s10_high,28,19,28.633333333333333,1.2018728256225586,1.0542656088134124
BH_s10_high,28,20,28.666666666666668,1.8376036882400513,1.072084996901728
BH_s10_high,28,21,28.7,1.9150285720825195,0.9906081003322922
BH_s10_high,28,22,28.733333333333334,1.7321475744247437,0.8340233556625126
BH_s10_high,28,23,28.766666666666666,1.4675465822219849,0.6362492214466685
BH_s10_high,28,24,28.8,1.1332060098648071,0.4301649791427878
BH_s10_high,28,25,28.833333333333332,0.8415905833244324,0.2370128266976097
BH_s10_high,28,26,28.866666666666667,0.6091998815536499,0.06023409431899563
BH_s10_high,28,27,28.9,0.4420296251773834,-0.11398321565118395
BH_s10_high,28,28,28.933333333333334,0.27485930919647217,-0.3085701682702948
BH_s10_high,28,29,28.966666666666665,0.062309809029102325,-0.5414304614573161
BH_s10_high,28,30,29.0,-0.1892343908548355,-0.8111862647523735
BH_s10_high,28,31,29.033333333333335,-0.481926292181015,-1.0904186662475068
BH_s10_high,28,32,29.066666666666666,-0.6928982734680176,-1.3298069957306922
BH_s10_high,28,33,29.1,-0.8600685596466064,-1.4706912261761582
BH_s10_high,28,34,29.133333333333333,-0.9845136404037476,-1.4612073070909286
BH_s10_high,28,35,29.166666666666668,-1.0747710466384888,-1.2716066988903498
BH_s10_high,28,36,29.2,-1.1583561897277832,-0.9050036535106335
BH_s10_high,28,37,29.233333333333334,-1.1810269355773926,-0.4005410817899055
BH_s10_high,28,38,29.266666666666666,-0.8404397368431091,0.1722987438423076
BH_s10_high,28,39,29.3,-0.06298651546239853,0.7271912737670998
BH_s10_high,28,40,29.333333333333332,0.8991752862930298,1.1792382598986155
BH_s10_high,28,41,29.366666666666667,1.5721882581710815,1.4637812348274124
BH_s10_high,28,42,29.4,1.6515675783157349,1.5511371768634885
BH_s10_high,28,43,29.433333333333334,1.4651315212249756,1.452687915123804
BH_s10_high,28,44,29.466666666666665,1.1716508865356445,1.214768999474729
BH_s10_high,28,45,29.5,0.86263507604599,0.900809764003811
BH_s10_high,28,46,29.533333333333335,0.5846896171569824,0.5688143126883088
BH_s10_high,28,47,29.566666666666666,0.3884640634059906,0.25482009085855284
BH_s10_high,28,48,29.6,0.2739584147930145,-0.030870085304585876
BH_s10_high,28,49,29.633333333333333,0.13957388699054718,-0.29559912241942393
BH_s10_high,28,50,29.666666666666668,-0.040014270693063736,-0.5507670805731614
BH_s10_high,28,51,29.7,-0.3316296637058258,-0.7996442606279028
BH_s10_high,28,52,29.733333333333334,-0.6182882189750671,-1.0303280603294693
BH_s10_high,28,53,29.766666666666666,-0.8281837105751038,-1.2145423761717422
BH_s10_high,28,54,29.8,-0.9538809061050415,-1.312465232899879
BH_s10_high,28,55,29.833333333333332,-1.0801912546157837,-1.2835173813854888
BH_s10_high,28,56,29.866666666666667,-1.1637763977050781,-1.1006142579308873
BH_s10_high,28,57,29.9,-1.2473615407943726,-0.7627506217003414
BH_s10_high,28,58,29.933333333333334,-1.0754356384277344,-0.30083221916160185
BH_s10_high,28,59,29.966666666666665,-0.45218518376350403,0.22579973882348228
BH_s10_high,28,60,30.0,0.37308797240257263,0.741436188816604
BH_s10_high,28,61,30.033333333333335,1.0525487661361694,1.1711825714003883
BH_s10_high,28,62,30.066666666666666,1.2665774822235107,1.4581452989615684
BH_s10_high,28,63,30.1,1.1744805574417114,1.5751608450174277
BH_s10_high,28,64,30.133333333333333,0.9417644143104553,1.5268263176761807
BH_s10_high,28,65,30.166666666666668,0.6700536012649536,1.341179653150717
BH_s10_high,28,66,30.2,0.3975283205509186,1.0555760172655575
BH_s10_high,28,67,30.233333333333334,0.16399773955345154,0.7042912262274644
BH_s10_high,28,68,30.266666666666666,0.05491223931312561,0.31332445435845313
BH_s10_high,28,69,30.3,-0.02867290936410427,-0.09728242056349469
BH_s10_high,28,70,30.333333333333332,-0.17824144661426544,-0.5075790028377692
BH_s10_high,28,71,30.366666666666667,-0.42899689078330994,-0.8931850165395331
BH_s10_high,28,72,30.4,-0.6718537211418152,-1.2246424807368668
BH_s10_high,28,73,30.433333333333334,-0.8390240669250488,-1.4703069534333209
BH_s10_high,28,74,30.466666666666665,-0.9593010544776917,-1.601425879214889
BH_s10_high,28,75,30.5,-1.0428861379623413,-1.5979579960874208
BH_s10_high,28,76,30.533333333333335,-1.1264714002609253,-1.4531788000580221
BH_s10_high,28,77,30.566666666666666,-1.2100565433502197,-1.175412396671841
BH_s10_high,28,78,30.6,-1.2509164810180664,-0.7871809953358981
BH_s10_high,28,79,30.633333333333333,-1.0184907913208008,-0.3233303737537583
BH_s10_high,28,80,30.666666666666668,-0.3347405195236206,0.17153163187909615
BH_s10_high,28,81,30.7,0.4940875470638275,0.6474122722431904
BH_s10_high,28,82,30.733333333333334,1.1166034936904907,1.0555145003306932
BH_s10_high,28,83,30.766666666666666,1.296683430671692,1.355727178668128
BH_s10_high,28,84,30.8,1.2100958824157715,1.52312734527724
BH_s10_high,28,85,30.833333333333332,1.0429255962371826,1.551578038226032
BH_s10_high,28,86,30.866666666666667,0.784009575843811,1.452457586950681
BH_s10_high,28,87,30.9,0.5150392055511475,1.2481322319284862
BH_s10_high,28,88,30.933333333333334,0.2850635051727295,0.9634217182348598
BH_s10_high,28,89,30.966666666666665,0.13680772483348846,0.6202188574401304
BH_s10_high,28,90,31.0,0.010497373528778553,0.23771337902131723
BH_s10_high,28,91,31.033333333333335,-0.14618100225925446,-0.1638259533447307
BH_s10_high,28,92,31.066666666666666,-0.38361769914627075,-0.5597335229124648
BH_s10_high,28,93,31.1,-0.6049667000770569,-0.9206439025046778
BH_s10_high,28,94,31.133333333333333,-0.803408682346344,-1.2147705403722546
BH_s10_high,28,95,31.166666666666668,-0.9628559947013855,-1.410982045854895
BH_s10_high,28,96,31.2,-1.0464410781860352,-1.482392861276656
BH_s10_high,28,97,31.233333333333334,-1.1300262212753296,-1.4115467067321092
BH_s10_high,28,98,31.266666666666666,-1.213611364364624,-1.196764938828679
BH_s10_high,28,99,31.3,-1.2536853551864624,-0.8567363194751474
BH_s10_high,28,100,31.333333333333332,-0.9631491899490356,-0.43005354224930625
BH_s10_high,28,101,31.366666666666667,-0.26348957419395447,0.03142312066639463
BH_s10_high,28,102,31.4,0.49224525690078735,0.4732875433748424
BH_s10_high,28,103,31.433333333333334,1.0241553783416748,0.8490125126788047
BH_s10_high,28,104,31.466666666666665,1.1384018659591675,1.1258758876889772
BH_s10_high,28,105,31.5,1.07481050491333,1.285310168499487
BH_s10_high,28,106,31.533333333333335,0.9076401591300964,1.3207857713112805
BH_s10_high,28,107,31.566666666666666,0.6696794629096985,1.2370363687923631
BH_s10_high,28,108,31.6,0.4189240336418152,1.0501859076557671
BH_s10_high,28,109,31.633333333333333,0.21683795750141144,0.7852875500705284
BH_s10_high,28,110,31.666666666666668,0.09052760154008865,0.4707580215484932
BH_s10_high,28,111,31.7,0.006942456122487783,0.13333707092271962
BH_s10_high,28,112,31.733333333333334,-0.15684576332569122,-0.20349398805282604
BH_s10_high,28,113,31.766666666666666,-0.4076012074947357,-0.5184155617326285
BH_s10_high,28,114,31.8,-0.6006230115890503,-0.7912921708125488
BH_s10_high,28,115,31.833333333333332,-0.7973753213882446,-1.0039690944910746
BH_s10_high,28,116,31.866666666666667,-0.9236856698989868,-1.1418224490576554
BH_s10_high,28,117,31.9,-0.9978581666946411,-1.1940705129229108
BH_s10_high,28,118,31.933333333333334,-1.048130750656128,-1.1530030007752843
BH_s10_high,28,119,31.966666666666665,-1.1317158937454224,-1.0144966087783527
BH_s10_high,28,120,32.0,-1.1145830154418945,-0.7812709230060101
BH_s10_high,28,121,32.03333333333333,-0.7258936166763306,-0.46738457127590616
BH_s10_high,28,122,32.06666666666667,-0.014400809071958065,-0.10046927082578792
BH_s10_high,28,123,32.1,0.6969191431999207,0.2811152272289156
BH_s10_high,28,124,32.13333333333333,1.0420191287994385,0.6359091617728744
BH_s10_high,28,125,32.166666666666664,1.0956766605377197,0.928155842770617
BH_s10_high,28,126,32.2,0.9748756289482117,1.133244938164992
BH_s10_high,28,127,32.233333333333334,0.7723547220230103,1.2378721921586842
BH_s10_high,28,128,32.266666666666666,0.5308391451835632,1.237450996781454
BH_s10_high,28,129,32.3,0.30983853340148926,1.134793786791474
BH_s10_high,28,130,32.333333333333336,0.21328303217887878,0.9404719091450235
BH_s10_high,28,131,32.36666666666667,0.12969788908958435,0.6718809899375312
BH_s10_high,28,132,32.4,0.0033875382505357265,0.34978050032257807
BH_s10_high,28,133,32.43333333333333,-0.21023571491241455,-0.0052427157524752395
BH_s10_high,28,134,32.46666666666667,-0.4182659685611725,-0.37336971663062773
BH_s10_high,28,135,32.5,-0.650458037853241,-0.7326581321575203
BH_s10_high,28,136,32.53333333333333,-0.7749031782150269,-1.0549535280986964
BH_s10_high,28,137,32.56666666666667,-0.8845154047012329,-1.3043893555390738
BH_s10_high,28,138,32.6,-0.9681005477905273,-1.4416444667619506
BH_s10_high,28,139,32.63333333333333,-1.0516856908798218,-1.4341541584161361
BH_s10_high,28,140,32.666666666666664,-1.116796612739563,-1.268370436663463
BH_s10_high,28,141,32.7,-0.8681767582893372,-0.9580546891547067
BH_s10_high,28,142,32.733333333333334,-0.2646956741809845,-0.5443588135282995
BH_s10_high,28,143,32.766666666666666,0.483929306268692,-0.08710723504744722
BH_s10_high,28,144,32.8,1.0582796335220337,0.35031097518430376
BH_s10_high,28,145,32.833333333333336,1.1811270713806152,0.7173466381353051
BH_s10_high,28,146,32.86666666666667,1.1403563022613525,0.9867311194994884
BH_s10_high,28,147,32.9,1.017865538597107,1.1539006939101275
BH_s10_high,28,148,32.93333333333333,0.8136550188064575,1.2278782758161146
BH_s10_high,28,149,32.96666666666667,0.52772456407547,1.2214455824080006
BH_s10_high,28,150,33.0,0.3454538881778717,1.1457598380827836
BH_s10_high,28,151,33.03333333333333,0.20972812175750732,1.0090113024735567
BH_s10_high,28,152,33.06666666666667,0.09656369686126709,0.8171628771771968
BH_s10_high,28,153,33.1,-0.07060659676790237,0.5759632504571172
BH_s10_high,28,154,33.13333333333333,-0.30635085701942444,0.29346822564572445
BH_s10_high,28,155,33.166666666666664,-0.5571063160896301,-0.01837461754968822
BH_s10_high,28,156,33.2,-0.7430182695388794,-0.3440207528165863
BH_s10_high,28,157,33.233333333333334,-0.8674634099006653,-0.6657497398605617
BH_s10_high,28,158,33.266666666666666,-0.9735206961631775,-0.9640945779328396
BH_s10_high,28,159,33.3,-1.0571058988571167,-1.2161505903911414
BH_s10_high,28,160,33.333333333333336,-1.1406910419464111,-1.3939272332923047
BH_s10_high,28,161,33.36666666666667,-1.2242761850357056,-1.4666559362723992
BH_s10_high,28,162,33.4,-1.2860077619552612,-1.4083454780256075
BH_s10_high,28,163,33.43333333333333,-1.0289394855499268,-1.2075122043570115
BH_s10_high,28,164,33.46666666666667,-0.37046805024147034,-0.8740882946985151
BH_s10_high,28,165,33.5,0.422658234834671,-0.44022038848376327
BH_s10_high,28,166,33.53333333333333,1.0702801942825317,0.0446963734361442
BH_s10_high,28,167,33.56666666666667,1.3109031915664673,0.5222320796524541
BH_s10_high,28,168,33.6,1.3520278930664062,0.9347397917839635
BH_s10_high,28,169,33.63333333333333,1.2281122207641602,1.2361610750647203
BH_s10_high,28,170,33.666666666666664,1.022212028503418,1.4017036418218984
BH_s10_high,28,171,33.7,0.7714565396308899,1.4323233613540036
BH_s10_high,28,172,33.733333333333334,0.5207011103630066,1.3508197164054552
BH_s10_high,28,173,33.766666666666666,0.3458050489425659,1.1903943314136134
BH_s10_high,28,174,33.8,0.20990370213985443,0.9812207130895929
BH_s10_high,28,175,33.833333333333336,0.024785984307527542,0.7418547414295604
BH_s10_high,28,176,33.86666666666667,-0.1832442581653595,0.4785316344185037
BH_s10_high,28,177,33.9,-0.40832653641700745,0.19041299587297303
BH_s10_high,28,178,33.93333333333333,-0.6182219982147217,-0.12302881227107926
BH_s10_high,28,179,33.96666666666667,-0.7853923439979553,-0.4555021212654091
BH_s10_high,28,180,34.0,-0.9098374247550964,-0.7900991696650624
BH_s10_high,28,181,34.03333333333333,-1.0160703659057617,-1.0990963862582233
BH_s10_high,28,182,34.06666666666667,-1.0996555089950562,-1.3472678730559797
BH_s10_high,28,183,34.1,-1.197722315788269,-1.4978270944810368
BH_s10_high,28,184,34.13333333333333,-1.3095510005950928,-1.519733496114063
BH_s10_high,28,185,34.166666666666664,-1.3931361436843872,-1.3950507968303323
BH_s10_high,28,186,34.2,-1.3984524011611938,-1.1250328022757756
BH_s10_high,28,187,34.233333333333334,-0.9844180345535278,-0.7333738937284261
BH_s10_high,28,188,34.266666666666666,-0.17209500074386597,-0.264861270177881
BH_s10_high,28,189,34.3,0.7407612800598145,0.2214517541732922
BH_s10_high,28,190,34.333333333333336,1.31357741355896,0.6631951074492961
BH_s10_high,28,191,34.36666666666667,1.522047996520996,1.0065640234230309
BH_s10_high,28,192,34.4,1.4825090169906616,1.216026439726688
BH_s10_high,28,193,34.43333333333333,1.3603695631027222,1.27981968898726
BH_s10_high,28,194,34.46666666666667,1.1565101146697998,1.2100047364739648
BH_s10_high,28,195,34.5,0.8709307909011841,1.0369669562673902
BH_s10_high,28,196,34.53333333333333,0.6122740507125854,0.8002118304955105
BH_s10_high,28,197,34.56666666666667,0.4353371262550354,0.5386554044169416
BH_s10_high,28,198,34.6,0.26816684007644653,0.28306590259959724
BH_s10_high,28,199,34.63333333333333,0.07363369315862656,0.05186313919877957
BH_s10_high,28,200,34.666666666666664,-0.15989413857460022,-0.14943541238714977
BH_s10_high,28,201,34.7,-0.42787718772888184,-0.32528731841223946
BH_s10_high,28,202,34.733333333333334,-0.6141403317451477,-0.48451967597431855
BH_s10_high,28,203,34.766666666666666,-0.7813106179237366,-0.6337042416973344
BH_s10_high,28,204,34.8,-0.9057557582855225,-0.7717546039953891
BH_s10_high,28,205,34.833333333333336,-1.0140295028686523,-0.8876243140261452
BH_s10_high,28,206,34.86666666666667,-1.0976146459579468,-0.9616234742543565
BH_s10_high,28,207,34.9,-1.223924994468689,-0.9696542494715448
BH_s10_high,28,208,34.93333333333333,-1.3075101375579834,-0.8894828906619472
BH_s10_high,28,209,34.96666666666667,-1.3910952806472778,-0.7083248814886495
BH_s10_high,28,210,35.0,-1.4045748710632324,-0.43043550451158763
BH_s10_high,28,211,35.03333333333333,-0.9957649111747742,-0.0819495449783567
BH_s10_high,28,212,35.06666666666667,-0.15181900560855865,0.2908380987218514
BH_s10_high,28,213,35.1,0.7651189565658569,0.6318050454631403
BH_s10_high,28,214,35.13333333333333,1.3489482402801514,0.8910359317142483
BH_s10_high,28,215,35.166666666666664,1.4374781847000122,1.0394654068288767
BH_s10_high,28,216,35.2,1.3563742637634277,1.0755422856198031
BH_s10_high,28,217,35.233333333333334,1.1570369005203247,1.0217969860496523
BH_s10_high,28,218,35.266666666666666,0.9062814116477966,0.9141741027067549
BH_s10_high,28,219,35.3,0.6555259823799133,0.7892074018934202
BH_s10_high,28,220,35.333333333333336,0.435688316822052,0.6728577971832543
BH_s10_high,28,221,35.36666666666667,0.29757052659988403,0.5732898477360253
BH_s10_high,28,222,35.4,0.1867981106042862,0.480165322245016
BH_s10_high,28,223,35.43333333333333,-0.023097382858395576,0.37193727889403566
BH_s10_high,28,224,35.46666666666667,-0.2564496397972107,0.22794502817574303
BH_s10_high,28,225,35.5,-0.507205069065094,0.03874111505690289
BH_s10_high,28,226,35.53333333333333,-0.738234281539917,-0.18953196760160898
BH_s10_high,28,227,35.56666666666667,-0.8448183536529541,-0.43623158088241754
BH_s10_high,28,228,35.6,-0.9711287021636963,-0.670471768111596
BH_s10_high,28,229,35.63333333333333,-1.0547138452529907,-0.8571790773168366
BH_s10_high,28,230,35.666666666666664,-1.1505643129348755,-0.9646271049962403
BH_s10_high,28,231,35.7,-1.2750093936920166,-0.972886970505895
BH_s10_high,28,232,35.733333333333334,-1.3909196853637695,-0.8812382474756355
BH_s10_high,28,233,35.766666666666666,-1.3557069301605225,-0.7113611865684951
BH_s10_high,28,234,35.8,-0.821640133857727,-0.5035559519922184
BH_s10_high,28,235,35.833333333333336,0.06281454861164093,-0.30581664289210186
BH_s10_high,28,236,35.86666666666667,0.9322920441627502,-0.15926797125975592
BH_s10_high,28,237,35.9,1.3077195882797241,-0.0856236212713934
BH_s10_high,28,238,35.93333333333333,1.2718909978866577,-0.08124292668652983
BH_s10_high,28,239,35.96666666666667,1.1047207117080688,-0.11944105939374486
BH_s10_high,29,0,29.0,-0.1892343908548355,0.0956160430220993
BH_s10_high,29,1,29.033333333333335,-0.481926292181015,0.13644771094267025
BH_s10_high,29,2,29.066666666666666,-0.6928982734680176,0.16667308198648303
BH_s10_high,29,3,29.1,-0.8600685596466064,0.18949701227743365
BH_s10_high,29,4,29.133333333333333,-0.9845136404037476,0.22451351442287923
BH_s10_high,29,5,29.166666666666668,-1.0747710466384888,0.3012254105980201
BH_s10_high,29,6,29.2,-1.1583561897277832,0.44454784307258005
BH_s10_high,29,7,29.233333333333334,-1.1810269355773926,0.6604726868692183
BH_s10_high,29,8,29.266666666666666,-0.8404397368431091,0.9287464855927242
BH_s10_high,29,9,29.3,-0.06298651546239853,1.2046113440448087
BH_s10_high,29,10,29.333333333333332,0.8991752862930298,1.4284601780058879
BH_s10_high,29,11,29.366666666666667,1.5721882581710815,1.5409826233328494
BH_s10_high,29,12,29.4,1.6515675783157349,1.500187586726986
BH_s10_high,29,13,29.433333333333334,1.4651315212249756,1.2951379296482988
BH_s10_high,29,14,29.466666666666665,1.1716508865356445,0.9505824446082691
BH_s10_high,29,15,29.5,0.86263507604599,0.5193115817603358
BH_s10_high,29,16,29.533333333333335,0.5846896171569824,0.06516546674972938
BH_s10_high,29,17,29.566666666666666,0.3884640634059906,-0.3554100867029365
BH_s10_high,29,18,29.6,0.2739584147930145,-0.7057161069085822
BH_s10_high,29,19,29.633333333333333,0.13957388699054718,-0.9718738235484634
BH_s10_high,29,20,29.666666666666668,-0.040014270693063736,-1.1579762817217154
BH_s10_high,29,21,29.7,-0.3316296637058258,-1.2769753089652711
BH_s10_high,29,22,29.733333333333334,-0.6182882189750671,-1.3408000675775673
BH_s10_high,29,23,29.766666666666666,-0.8281837105751038,-1.3524864078020649
BH_s10_high,29,24,29.8,-0.9538809061050415,-1.303125889437821
BH_s10_high,29,25,29.833333333333332,-1.0801912546157837,-1.1755926433693105
BH_s10_high,29,26,29.866666666666667,-1.1637763977050781,-0.9539657263758002
BH_s10_high,29,27,29.9,-1.2473615407943726,-0.6345255649127762
BH_s10_high,29,28,29.933333333333334,-1.0754356384277344,-0.2336904045059629
BH_s10_high,29,29,29.966666666666665,-0.45218518376350403,0.21021852991481194
BH_s10_high,29,30,30.0,0.37308797240257263,0.6424834777141235
BH_s10_high,29,31,30.033333333333335,1.0525487661361694,1.003685166017306
BH_s10_high,29,32,30.066666666666666,1.2665774822235107,1.2441597566784892
BH_s10_high,29,33,30.1,1.1744805574417114,1.3361068738309088
BH_s10_high,29,34,30.133333333333333,0.9417644143104553,1.2784342131032118
BH_s10_high,29,35,30.166666666666668,0.6700536012649536,1.0924189802300286
BH_s10_high,29,36,30.2,0.3975283205509186,0.8111542455522608
BH_s10_high,29,37,30.233333333333334,0.16399773955345154,0.4689348836822221
BH_s10_high,29,38,30.266666666666666,0.05491223931312561,0.09553668673427336
BH_s10_high,29,39,30.3,-0.02867290936410427,-0.28372080158965635
BH_s10_high,29,40,30.333333333333332,-0.17824144661426544,-0.6448089057078884
BH_s10_high,29,41,30.366666666666667,-0.42899689078330994,-0.9623376377043441
BH_s10_high,29,42,30.4,-0.6718537211418152,-1.2093553205718528
BH_s10_high,29,43,30.433333333333334,-0.8390240669250488,-1.3595418064359839
BH_s10_high,29,44,30.466666666666665,-0.9593010544776917,-1.3912187015667004
BH_s10_high,29,45,30.5,-1.0428861379623413,-1.2924066639153446
BH_s10_high,29,46,30.533333333333335,-1.1264714002609253,-1.0650639538039004
BH_s10_high,29,47,30.566666666666666,-1.2100565433502197,-0.7262200362626978
BH_s10_high,29,48,30.6,-1.2509164810180664,-0.30545978755540776
BH_s10_high,29,49,30.633333333333333,-1.0184907913208008,0.15941444246797085
BH_s10_high,29,50,30.666666666666668,-0.3347405195236206,0.6260661595451643
BH_s10_high,29,51,30.7,0.4940875470638275,1.0498553338473524
BH_s10_high,29,52,30.733333333333334,1.1166034936904907,1.3864265665106084
BH_s10_high,29,53,30.766666666666666,1.296683430671692,1.5971531025624786
BH_s10_high,29,54,30.8,1.2100958824157715,1.6572858044965664
BH_s10_high,29,55,30.833333333333332,1.0429255962371826,1.563016052569231
BH_s10_high,29,56,30.866666666666667,0.784009575843811,1.332580242086145
BH_s10_high,29,57,30.9,0.5150392055511475,0.9996667257565508
BH_s10_high,29,58,30.933333333333334,0.2850635051727295,0.6029609387054835
BH_s10_high,29,59,30.966666666666665,0.13680772483348846,0.17830635806226922
BH_s10_high,29,60,31.0,0.010497373528778553,-0.24342144776187732
BH_s10_high,29,61,31.033333333333335,-0.14618100225925446,-0.6348411602500509
BH_s10_high,29,62,31.066666666666666,-0.38361769914627075,-0.970742565641063
BH_s10_high,29,63,31.1,-0.6049667000770569,-1.2286173981272517
BH_s10_high,29,64,31.133333333333333,-0.803408682346344,-1.3900686860786695
BH_s10_high,29,65,31.166666666666668,-0.9628559947013855,-1.4416079290645796
BH_s10_high,29,66,31.2,-1.0464410781860352,-1.3753393422744433
BH_s10_high,29,67,31.233333333333334,-1.1300262212753296,-1.191285687260426
BH_s10_high,29,68,31.266666666666666,-1.213611364364624,-0.9011863742664363
BH_s10_high,29,69,31.3,-1.2536853551864624,-0.5308784108162247
BH_s10_high,29,70,31.333333333333332,-0.9631491899490356,-0.1182785357428774
BH_s10_high,29,71,31.366666666666667,-0.26348957419395447,0.29327109815670205
BH_s10_high,29,72,31.4,0.49224525690078735,0.6631804448930481
BH_s10_high,29,73,31.433333333333334,1.0241553783416748,0.9591434638664843
BH_s10_high,29,74,31.466666666666665,1.1384018659591675,1.1583044159730307
BH_s10_high,29,75,31.5,1.07481050491333,1.2460878680914087
BH_s10_high,29,76,31.533333333333335,0.9076401591300964,1.2163761055953535
BH_s10_high,29,77,31.566666666666666,0.6696794629096985,1.0744006787457856
BH_s10_high,29,78,31.6,0.4189240336418152,0.8390769493562994
BH_s10_high,29,79,31.633333333333333,0.21683795750141144,0.5402923013102667
BH_s10_high,29,80,31.666666666666668,0.09052760154008865,0.21154702080652588
BH_s10_high,29,81,31.7,0.006942456122487783,-0.1169168521559784
BH_s10_high,29,82,31.733333333333334,-0.15684576332569122,-0.42084596144793474
BH_s10_high,29,83,31.766666666666666,-0.4076012074947357,-0.6814351764672377
BH_s10_high,29,84,31.8,-0.6006230115890503,-0.8842261419885082
BH_s10_high,29,85,31.833333333333332,-0.7973753213882446,-1.0187661283855771
BH_s10_high,29,86,31.866666666666667,-0.9236856698989868,-1.0783200513120252
BH_s10_high,29,87,31.9,-0.9978581666946411,-1.0586252528744806
BH_s10_high,29,88,31.933333333333334,-1.048130750656128,-0.956498839259136
BH_s10_high,29,89,31.966666666666665,-1.1317158937454224,-0.7706017106226785
BH_s10_high,29,90,32.0,-1.1145830154418945,-0.5055225384883323
BH_s10_high,29,91,32.03333333333333,-0.7258936166763306,-0.1773499244528376
BH_s10_high,29,92,32.06666666666667,-0.014400809071958065,0.18341279369084182
BH_s10_high,29,93,32.1,0.6969191431999207,0.5351485273349723
BH_s10_high,29,94,32.13333333333333,1.0420191287994385,0.8344684184976219
BH_s10_high,29,95,32.166666666666664,1.0956766605377197,1.0471992205534124
BH_s10_high,29,96,32.2,0.9748756289482117,1.1552260246344994
BH_s10_high,29,97,32.233333333333334,0.7723547220230103,1.1562538781079312
BH_s10_high,29,98,32.266666666666666,0.5308391451835632,1.0588492164006418
BH_s10_high,29,99,32.3,0.30983853340148926,0.8777441284848754
BH_s10_high,29,100,32.333333333333336,0.21328303217887878,0.6315888959766613
BH_s10_high,29,101,32.36666666666667,0.12969788908958435,0.3414673911354661
BH_s10_high,29,102,32.4,0.0033875382505357265,0.02845691769093702
BH_s10_high,29,103,32.43333333333333,-0.21023571491241455,-0.2889098330210123
BH_s10_high,29,104,32.46666666666667,-0.4182659685611725,-0.5949718708397752
BH_s10_high,29,105,32.5,-0.650458037853241,-0.8739732859088615
BH_s10_high,29,106,32.53333333333333,-0.7749031782150269,-1.1056856248730567
BH_s10_high,29,107,32.56666666666667,-0.8845154047012329,-1.2635037764433623
BH_s10_high,29,108,32.6,-0.9681005477905273,-1.3178863679544663
BH_s10_high,29,109,32.63333333333333,-1.0516856908798218,-1.2447612200638796
BH_s10_high,29,110,32.666666666666664,-1.116796612739563,-1.035367015914834
BH_s10_high,29,111,32.7,-0.8681767582893372,-0.7029971614329223
BH_s10_high,29,112,32.733333333333334,-0.2646956741809845,-0.2837152414180074
BH_s10_high,29,113,32.766666666666666,0.483929306268692,0.16947579573058658
BH_s10_high,29,114,32.8,1.0582796335220337,0.5978485557214807
BH_s10_high,29,115,32.833333333333336,1.1811270713806152,0.9504381235639962
BH_s10_high,29,116,32.86666666666667,1.1403563022613525,1.1943211427518778
BH_s10_high,29,117,32.9,1.017865538597107,1.3170954810469566
BH_s10_high,29,118,32.93333333333333,0.8136550188064575,1.322563917188878
BH_s10_high,29,119,32.96666666666667,0.52772456407547,1.2249256524914358
BH_s10_high,29,120,33.0,0.3454538881778717,1.0448083936854438
BH_s10_high,29,121,33.03333333333333,0.20972812175750732,0.8063491163888976
BH_s10_high,29,122,33.06666666666667,0.09656369686126709,0.5338696430105161
BH_s10_high,29,123,33.1,-0.07060659676790237,0.24845521170997592
BH_s10_high,29,124,33.13333333333333,-0.30635085701942444,-0.03443658866554132
BH_s10_high,29,125,33.166666666666664,-0.5571063160896301,-0.3057217410698476
BH_s10_high,29,126,33.2,-0.7430182695388794,-0.5617818501704123
BH_s10_high,29,127,33.233333333333334,-0.8674634099006653,-0.8017977064991478
BH_s10_high,29,128,33.266666666666666,-0.9735206961631775,-1.0228474676911161
BH_s10_high,29,129,33.3,-1.0571058988571167,-1.2134930442173615
BH_s10_high,29,130,33.333333333333336,-1.1406910419464111,-1.3495689847578187
BH_s10_high,29,131,33.36666666666667,-1.2242761850357056,-1.396901143735802
BH_s10_high,29,132,33.4,-1.2860077619552612,-1.32196901985573
BH_s10_high,29,133,33.43333333333333,-1.0289394855499268,-1.106041650131881
BH_s10_high,29,134,33.46666666666667,-0.37046805024147034,-0.7557425315748687
BH_s10_high,29,135,33.5,0.422658234834671,-0.305030369458859
BH_s10_high,29,136,33.53333333333333,1.0702801942825317,0.19143316843647246
BH_s10_high,29,137,33.56666666666667,1.3109031915664673,0.6697190119314393
BH_s10_high,29,138,33.6,1.3520278930664062,1.0690235631837295
BH_s10_high,29,139,33.63333333333333,1.2281122207641602,1.3429105841182578
BH_s10_high,29,140,33.666666666666664,1.022212028503418,1.4678152701422944
BH_s10_high,29,141,33.7,0.7714565396308899,1.446606775626984
BH_s10_high,29,142,33.733333333333334,0.5207011103630066,1.3051066183579185
BH_s10_high,29,143,33.766666666666666,0.3458050489425659,1.0817898194162319
BH_s10_high,29,144,33.8,0.20990370213985443,0.8147975330756465
BH_s10_high,29,145,33.833333333333336,0.024785984307527542,0.532131413706014
BH_s10_high,29,146,33.86666666666667,-0.1832442581653595,0.2482093360256334
BH_s10_high,29,147,33.9,-0.40832653641700745,-0.033965034678856525
BH_s10_high,29,148,33.93333333333333,-0.6182219982147217,-0.3171841912654112
BH_s10_high,29,149,33.96666666666667,-0.7853923439979553,-0.6028137261404404
BH_s10_high,29,150,34.0,-0.9098374247550964,-0.8839039326613477
BH_s10_high,29,151,34.03333333333333,-1.0160703659057617,-1.1409620952726338
BH_s10_high,29,152,34.06666666666667,-1.0996555089950562,-1.3423200792036127
BH_s10_high,29,153,34.1,-1.197722315788269,-1.4496786842202682
BH_s10_high,29,154,34.13333333333333,-1.3095510005950928,-1.4276176974636607
BH_s10_high,29,155,34.166666666666664,-1.3931361436843872,-1.254413226833028
BH_s10_high,29,156,34.2,-1.3984524011611938,-0.9309599414349901
BH_s10_high,29,157,34.233333333333334,-0.9844180345535278,-0.48487637806024564
BH_s10_high,29,158,34.266666666666666,-0.17209500074386597,0.03213450690910545
BH_s10_high,29,159,34.3,0.7407612800598145,0.5535123668418416
BH_s10_high,29,160,34.333333333333336,1.31357741355896,1.010769772378547
BH_s10_high,29,161,34.36666666666667,1.522047996520996,1.3461455501609605
BH_s10_high,29,162,34.4,1.4825090169906616,1.5225455881593521
BH_s10_high,29,163,34.43333333333333,1.3603695631027222,1.5296651206486649
BH_s10_high,29,164,34.46666666666667,1.1565101146697998,1.3843869568965315
BH_s10_high,29,165,34.5,0.8709307909011841,1.1239648653017835
BH_s10_high,29,166,34.53333333333333,0.6122740507125854,0.7944774904832956
BH_s10_high,29,167,34.56666666666667,0.4353371262550354,0.44006588321902135
BH_s10_high,29,168,34.6,0.26816684007644653,0.09637976472111243
BH_s10_high,29,169,34.63333333333333,0.07363369315862656,-0.21224243578770258
BH_s10_high,29,170,34.666666666666664,-0.15989413857460022,-0.4733831904557564
BH_s10_high,29,171,34.7,-0.42787718772888184,-0.6852686947914811
BH_s10_high,29,172,34.733333333333334,-0.6141403317451477,-0.8532278858415516
BH_s10_high,29,173,34.766666666666666,-0.7813106179237366,-0.9841785329813096
BH_s10_high,29,174,34.8,-0.9057557582855225,-1.0807391394053951
BH_s10_high,29,175,34.833333333333336,-1.0140295028686523,-1.1371723898450268
BH_s10_high,29,176,34.86666666666667,-1.0976146459579468,-1.138637078072159
BH_s10_high,29,177,34.9,-1.223924994468689,-1.0642561510509283
BH_s10_high,29,178,34.93333333333333,-1.3075101375579834,-0.8941579566344693
BH_s10_high,29,179,34.96666666666667,-1.3910952806472778,-0.6197299011931402
BH_s10_high,29,180,35.0,-1.4045748710632324,-0.2539269536479148
BH_s10_high,29,181,35.03333333333333,-0.9957649111747742,0.16380266759679976
BH_s10_high,29,182,35.06666666666667,-0.15181900560855865,0.572983314417125
BH_s10_high,29,183,35.1,0.7651189565658569,0.9083171237270975
BH_s10_high,29,184,35.13333333333333,1.3489482402801514,1.1198876440468075
BH_s10_high,29,185,35.166666666666664,1.4374781847000122,1.1871857588754664
BH_s10_high,29,186,35.2,1.3563742637634277,1.1208876785212787
BH_s10_high,29,187,35.233333333333334,1.1570369005203247,0.9539359613943491
BH_s10_high,29,188,35.266666666666666,0.9062814116477966,0.7282743190755181
BH_s10_high,29,189,35.3,0.6555259823799133,0.4833532931391816
BH_s10_high,29,190,35.333333333333336,0.435688316822052,0.2489824101188059
BH_s10_high,29,191,35.36666666666667,0.29757052659988403,0.042191616386631964
BH_s10_high,29,192,35.4,0.1867981106042862,-0.13227476329348845
BH_s10_high,29,193,35.43333333333333,-0.023097382858395576,-0.277878673033255
BH_s10_high,29,194,35.46666666666667,-0.2564496397972107,-0.40038691969328005
BH_s10_high,29,195,35.5,-0.507205069065094,-0.5032471032415067
BH_s10_high,29,196,35.53333333333333,-0.738234281539917,-0.585700415767894
BH_s10_high,29,197,35.56666666666667,-0.8448183536529541,-0.6425181950736712
BH_s10_high,29,198,35.6,-0.9711287021636963,-0.6638051805830274
BH_s10_high,29,199,35.63333333333333,-1.0547138452529907,-0.6350202526366702
BH_s10_high,29,200,35.666666666666664,-1.1505643129348755,-0.539208156103233
BH_s10_high,29,201,35.7,-1.2750093936920166,-0.36320821772706047
BH_s10_high,29,202,35.733333333333334,-1.3909196853637695,-0.1067284526404336
BH_s10_high,29,203,35.766666666666666,-1.3557069301605225,0.21013563822486755
BH_s10_high,29,204,35.8,-0.821640133857727,0.5461766888920571
BH_s10_high,29,205,35.833333333333336,0.06281454861164093,0.8475164646985635
BH_s10_high,29,206,35.86666666666667,0.9322920441627502,1.0623893190348588
BH_s10_high,29,207,35.9,1.3077195882797241,1.1557219289194278
BH_s10_high,29,208,35.93333333333333,1.2718909978866577,1.1174993373456503
BH_s10_high,29,209,35.96666666666667,1.1047207117080688,0.9624097638086798
BH_s10_high,29,210,36.0,0.8221492767333984,0.7219409948473012
BH_s10_high,29,211,36.03333333333333,0.5650066137313843,0.4327208306261585
BH_s10_high,29,212,36.06666666666667,0.3142511546611786,0.12600709523079145
BH_s10_high,29,213,36.1,0.1677052527666092,-0.17787717587052984
BH_s10_high,29,214,36.13333333333333,0.08412010967731476,-0.46940563063443663
BH_s10_high,29,215,36.166666666666664,-0.06920191645622253,-0.745911405265206
BH_s10_high,29,216,36.2,-0.28666505217552185,-1.006216704259097
BH_s10_high,29,217,36.233333333333334,-0.5977244973182678,-1.245384891879675
BH_s10_high,29,218,36.266666666666666,-0.8484799265861511,-1.4507573286332747
BH_s10_high,29,219,36.3,-1.0565102100372314,-1.6006594262955067
BH_s10_high,29,220,36.333333333333336,-1.2041298151016235,-1.6671397111848367
BH_s10_high,29,221,36.36666666666667,-1.31275475025177,-1.622860822846937
BH_s10_high,29,222,36.4,-1.3963398933410645,-1.449929886094498
BH_s10_high,29,223,36.43333333333333,-1.4799250364303589,-1.1470743103876546
BH_s10_high,29,224,36.46666666666667,-1.5532857179641724,-0.7326441987724511
BH_s10_high,29,225,36.5,-1.4176803827285767,-0.243172748224051
BH_s10_high,29,226,36.53333333333333,-0.7063052654266357,0.2713577444206915
BH_s10_high,29,227,36.56666666666667,0.30134519934654236,0.754238802201072
BH_s10_high,29,228,36.6,1.2831578254699707,1.1499467033261392
BH_s10_high,29,229,36.63333333333333,1.6938294172286987,1.4129611161746485
BH_s10_high,29,230,36.666666666666664,1.6520713567733765,1.5170562404493122
BH_s10_high,29,231,36.7,1.4459753036499023,1.4630841214829033
BH_s10_high,29,232,36.733333333333334,1.195219874382019,1.2811865139699343
BH_s10_high,29,233,36.766666666666666,0.9083020687103271,1.0240674066490165
BH_s10_high,29,234,36.8,0.6082585453987122,0.7527501138577232
BH_s10_high,29,235,36.833333333333336,0.3899349570274353,0.5207371393843067
BH_s10_high,29,236,36.86666666666667,0.22276465594768524,0.3623347110533058
BH_s10_high,29,237,36.9,0.02689301036298275,0.28755280293003616
BH_s10_high,29,238,36.93333333333333,-0.20797333121299744,0.2830809370168722
BH_s10_high,29,239,36.96666666666667,-0.4995887279510498,0.31775827714342153
BH_s10_high,30,0,30.0,0.37308797240257263,-0.06717326245825414
BH_s10_high,30,1,30.033333333333335,1.0525487661361694,0.532982468730216
BH_s10_high,30,2,30.066666666666666,1.2665774822235107,1.0195537586003665
BH_s10_high,30,3,30.1,1.1744805574417114,1.3091889518490771
BH_s10_high,30,4,30.133333333333333,0.9417644143104553,1.367429116665607
BH_s10_high,30,5,30.166666666666668,0.6700536012649536,1.2108707881992384
BH_s10_high,30,6,30.2,0.3975283205509186,0.8926420771484421
BH_s10_high,30,7,30.233333333333334,0.16399773955345154,0.4801174686298936
BH_s10_high,30,8,30.266666666666666,0.05491223931312561,0.035644318826479025
BH_s10_high,30,9,30.3,-0.02867290936410427,-0.3933328500130346
BH_s10_high,30,10,30.333333333333332,-0.17824144661426544,-0.7744870418122896
BH_s10_high,30,11,30.366666666666667,-0.42899689078330994,-1.085200210776689
BH_s10_high,30,12,30.4,-0.6718537211418152,-1.3065733254332432
BH_s10_high,30,13,30.433333333333334,-0.8390240669250488,-1.4204338438360753
BH_s10_high,30,14,30.466666666666665,-0.9593010544776917,-1.4106623459763654
BH_s10_high,30,15,30.5,-1.0428861379623413,-1.2679942342943396
BH_s10_high,30,16,30.533333333333335,-1.1264714002609253,-0.9958251147743469
BH_s10_high,30,17,30.566666666666666,-1.2100565433502197,-0.6140480558888631
BH_s10_high,30,18,30.6,-1.2509164810180664,-0.1588482925016529
BH_s10_high,30,19,30.633333333333333,-1.0184907913208008,0.32178816626231016
BH_s10_high,30,20,30.666666666666668,-0.3347405195236206,0.7753181608411431
BH_s10_high,30,21,30.7,0.4940875470638275,1.1525049209542888
BH_s10_high,30,22,30.733333333333334,1.1166034936904907,1.4145552444487979
BH_s10_high,30,23,30.766666666666666,1.296683430671692,1.53893981626591
BH_s10_high,30,24,30.8,1.2100958824157715,1.5228881079083056
BH_s10_high,30,25,30.833333333333332,1.0429255962371826,1.382827883632413
BH_s10_high,30,26,30.866666666666667,0.784009575843811,1.1485834692877273
BH_s10_high,30,27,30.9,0.5150392055511475,0.8535633742210939
BH_s10_high,30,28,30.933333333333334,0.2850635051727295,0.5252580424686796
BH_s10_high,30,29,30.966666666666665,0.13680772483348846,0.18104452855489261
BH_s10_high,30,30,31.0,0.010497373528778553,-0.16901697459546983
BH_s10_high,30,31,31.033333333333335,-0.14618100225925446,-0.5151987449419068
BH_s10_high,30,32,31.066666666666666,-0.38361769914627075,-0.8417146863520409
BH_s10_high,30,33,31.1,-0.6049667000770569,-1.1244465640938917
BH_s10_high,30,34,31.133333333333333,-0.803408682346344,-1.3333903142172545
BH_s10_high,30,35,31.166666666666668,-0.9628559947013855,-1.4381804805334673
BH_s10_high,30,36,31.2,-1.0464410781860352,-1.4147812096615624
BH_s10_high,30,37,31.233333333333334,-1.1300262212753296,-1.2520785315242446
BH_s10_high,30,38,31.266666666666666,-1.213611364364624,-0.9571661830818036
BH_s10_high,30,39,31.3,-1.2536853551864624,-0.5576817995526734
BH_s10_high,30,40,31.333333333333332,-0.9631491899490356,-0.09955488452677302
BH_s10_high,30,41,31.366666666666667,-0.26348957419395447,0.3604202165444911
BH_s10_high,30,42,31.4,0.49224525690078735,0.7657626295623158
BH_s10_high,30,43,31.433333333333334,1.0241553783416748,1.0717424344810325
BH_s10_high,30,44,31.466666666666665,1.1384018659591675,1.2528231170002244
BH_s10_high,30,45,31.5,1.07481050491333,1.3036301222899722
BH_s10_high,30,46,31.533333333333335,0.9076401591300964,1.2347066736574197
BH_s10_high,30,47,31.566666666666666,0.6696794629096985,1.0666490620373852
BH_s10_high,30,48,31.6,0.4189240336418152,0.8249859606542685
BH_s10_high,30,49,31.633333333333333,0.21683795750141144,0.5359802382974765
BH_s10_high,30,50,31.666666666666668,0.09052760154008865,0.22336607616523466
BH_s10_high,30,51,31.7,0.006942456122487783,-0.09321556655102899
BH_s10_high,30,52,31.733333333333334,-0.15684576332569122,-0.39774024472338126
BH_s10_high,30,53,31.766666666666666,-0.4076012074947357,-0.6760687930771373
BH_s10_high,30,54,31.8,-0.6006230115890503,-0.914197559919678
BH_s10_high,30,55,31.833333333333332,-0.7973753213882446,-1.0972119780054643
BH_s10_high,30,56,31.866666666666667,-0.9236856698989868,-1.208886048251759
BH_s10_high,30,57,31.9,-0.9978581666946411,-1.2319643997073106
BH_s10_high,30,58,31.933333333333334,-1.048130750656128,-1.1502520359477835
BH_s10_high,30,59,31.966666666666665,-1.1317158937454224,-0.9538144017224767
BH_s10_high,30,60,32.0,-1.1145830154418945,-0.6464975711566107
BH_s10_high,30,61,32.03333333333333,-0.7258936166763306,-0.2521826075486723
BH_s10_high,30,62,32.06666666666667,-0.014400809071958065,0.1847395915817583
BH_s10_high,30,63,32.1,0.6969191431999207,0.6070593888578224
BH_s10_high,30,64,32.13333333333333,1.0420191287994385,0.9586161537442689
BH_s10_high,30,65,32.166666666666664,1.0956766605377197,1.1984172750622655
BH_s10_high,30,66,32.2,0.9748756289482117,1.308408401477752
BH_s10_high,30,67,32.233333333333334,0.7723547220230103,1.2919626490218081
BH_s10_high,30,68,32.266666666666666,0.5308391451835632,1.1661648414650383
BH_s10_high,30,69,32.3,0.30983853340148926,0.9540440994394181
BH_s10_high,30,70,32.333333333333336,0.21328303217887878,0.6801585190253995
BH_s10_high,30,71,32.36666666666667,0.12969788908958435,0.3685407169188262
BH_s10_high,30,72,32.4,0.0033875382505357265,0.04101734830580705
BH_s10_high,30,73,32.43333333333333,-0.21023571491241455,-0.28425857673334065
BH_s10_high,30,74,32.46666666666667,-0.4182659685611725,-0.5927244622583454
BH_s10_high,30,75,32.5,-0.650458037853241,-0.870864202662393
BH_s10_high,30,76,32.53333333333333,-0.7749031782150269,-1.102292296214561
BH_s10_high,30,77,32.56666666666667,-0.8845154047012329,-1.2652286081024695
BH_s10_high,30,78,32.6,-0.9681005477905273,-1.333860057116905
BH_s10_high,30,79,32.63333333333333,-1.0516856908798218,-1.2842492340784029
BH_s10_high,30,80,32.666666666666664,-1.116796612739563,-1.1032847748424335
BH_s10_high,30,81,32.7,-0.8681767582893372,-0.7973818139197527
BH_s10_high,30,82,32.733333333333334,-0.2646956741809845,-0.39677189718552586
BH_s10_high,30,83,32.766666666666666,0.483929306268692,0.04795226355811055
BH_s10_high,30,84,32.8,1.0582796335220337,0.47745617991330286
BH_s10_high,30,85,32.833333333333336,1.1811270713806152,0.839461538394681
BH_s10_high,30,86,32.86666666666667,1.1403563022613525,1.101172355594057
BH_s10_high,30,87,32.9,1.017865538597107,1.2520813854833972
BH_s10_high,30,88,32.93333333333333,0.8136550188064575,1.2977448905404736
BH_s10_high,30,89,32.96666666666667,0.52772456407547,1.2509736736005723
BH_s10_high,30,90,33.0,0.3454538881778717,1.126096303645924
BH_s10_high,30,91,33.03333333333333,0.20972812175750732,0.9373362830261288
BH_s10_high,30,92,33.06666666666667,0.09656369686126709,0.6993341093831571
BH_s10_high,30,93,33.1,-0.07060659676790237,0.4275940741025944
BH_s10_high,30,94,33.13333333333333,-0.30635085701942444,0.1377497510414662
BH_s10_high,30,95,33.166666666666664,-0.5571063160896301,-0.1561449679783344
BH_s10_high,30,96,33.2,-0.7430182695388794,-0.44320228106703274
BH_s10_high,30,97,33.233333333333334,-0.8674634099006653,-0.7156736019821996
BH_s10_high,30,98,33.266666666666666,-0.9735206961631775,-0.9660934119167519
BH_s10_high,30,99,33.3,-1.0571058988571167,-1.1821290782275578
BH_s10_high,30,100,33.333333333333336,-1.1406910419464111,-1.3424723386793842
BH_s10_high,30,101,33.36666666666667,-1.2242761850357056,-1.4179216437759417
BH_s10_high,30,102,33.4,-1.2860077619552612,-1.3787721824843384
BH_s10_high,30,103,33.43333333333333,-1.0289394855499268,-1.2054525826576659
BH_s10_high,30,104,33.46666666666667,-0.37046805024147034,-0.8976272645988558
BH_s10_high,30,105,33.5,0.422658234834671,-0.4782143664967242
BH_s10_high,30,106,33.53333333333333,1.0702801942825317,0.008657807959110244
BH_s10_high,30,107,33.56666666666667,1.3109031915664673,0.5047332080764553
BH_s10_high,30,108,33.6,1.3520278930664062,0.9481363752563701
BH_s10_high,30,109,33.63333333333333,1.2281122207641602,1.285401208079624
BH_s10_high,30,110,33.666666666666664,1.022212028503418,1.4821180819403745
BH_s10_high,30,111,33.7,0.7714565396308899,1.5286640055308507
BH_s10_high,30,112,33.733333333333334,0.5207011103630066,1.4386870485318097
BH_s10_high,30,113,33.766666666666666,0.3458050489425659,1.2410182317560001
BH_s10_high,30,114,33.8,0.20990370213985443,0.9689111453230336
BH_s10_high,30,115,33.833333333333336,0.024785984307527542,0.6514728681552653
BH_s10_high,30,116,33.86666666666667,-0.1832442581653595,0.30989365400977253
BH_s10_high,30,117,33.9,-0.40832653641700745,-0.041924489909621485
BH_s10_high,30,118,33.93333333333333,-0.6182219982147217,-0.393915125758386
BH_s10_high,30,119,33.96666666666667,-0.7853923439979553,-0.7350676746509122
BH_s10_high,30,120,34.0,-0.9098374247550964,-1.0489771866555608
BH_s10_high,30,121,34.03333333333333,-1.0160703659057617,-1.3115764081980317
BH_s10_high,30,122,34.06666666666667,-1.0996555089950562,-1.4923677275651959
BH_s10_high,30,123,34.1,-1.197722315788269,-1.5592966157229342
BH_s10_high,30,124,34.13333333333333,-1.3095510005950928,-1.4861677151534536
BH_s10_high,30,125,34.166666666666664,-1.3931361436843872,-1.260702049744805
BH_s10_high,30,126,34.2,-1.3984524011611938,-0.8911258710095966
BH_s10_high,30,127,34.233333333333334,-0.9844180345535278,-0.40924048122117324
BH_s10_high,30,128,34.266666666666666,-0.17209500074386597,0.13179935923148153
BH_s10_high,30,129,34.3,0.7407612800598145,0.6654617719248646
BH_s10_high,30,130,34.333333333333336,1.31357741355896,1.123646394755726
BH_s10_high,30,131,34.36666666666667,1.522047996520996,1.4489923458134182
BH_s10_high,30,132,34.4,1.4825090169906616,1.6051837986747277
BH_s10_high,30,133,34.43333333333333,1.3603695631027222,1.5837272246219258
BH_s10_high,30,134,34.46666666666667,1.1565101146697998,1.4051346881084026
BH_s10_high,30,135,34.5,0.8709307909011841,1.112709826389625
BH_s10_high,30,136,34.53333333333333,0.6122740507125854,0.7601817930687679
BH_s10_high,30,137,34.56666666666667,0.4353371262550354,0.3976921414210005
BH_s10_high,30,138,34.6,0.26816684007644653,0.06100175496099235
BH_s10_high,30,139,34.63333333333333,0.07363369315862656,-0.2330978716561411
BH_s10_high,30,140,34.666666666666664,-0.15989413857460022,-0.48436902131379705
BH_s10_high,30,141,34.7,-0.42787718772888184,-0.7010585283061213
BH_s10_high,30,142,34.733333333333334,-0.6141403317451477,-0.8896420313363931
BH_s10_high,30,143,34.766666666666666,-0.7813106179237366,-1.0468120228368878
BH_s10_high,30,144,34.8,-0.9057557582855225,-1.1570226212640693
BH_s10_high,30,145,34.833333333333336,-1.0140295028686523,-1.1963132152873948
BH_s10_high,30,146,34.86666666666667,-1.0976146459579468,-1.1405012639574548
BH_s10_high,30,147,34.9,-1.223924994468689,-0.9744395816256047
BH_s10_high,30,148,34.93333333333333,-1.3075101375579834,-0.69931932764946
BH_s10_high,30,149,34.96666666666667,-1.3910952806472778,-0.33620243862060395
BH_s10_high,30,150,35.0,-1.4045748710632324,0.07495908290245878
BH_s10_high,30,151,35.03333333333333,-0.9957649111747742,0.48097488300190167
BH_s10_high,30,152,35.06666666666667,-0.15181900560855865,0.825391503078956
BH_s10_high,30,153,35.1,0.7651189565658569,1.061115664828356
BH_s10_high,30,154,35.13333333333333,1.3489482402801514,1.161911435326863
BH_s10_high,30,155,35.166666666666664,1.4374781847000122,1.12815650857253
BH_s10_high,30,156,35.2,1.3563742637634277,0.9842723490711435
BH_s10_high,30,157,35.233333333333334,1.1570369005203247,0.7690165572200237
BH_s10_high,30,158,35.266666666666666,0.9062814116477966,0.5229373420443219
BH_s10_high,30,159,35.3,0.6555259823799133,0.2779973240920504
BH_s10_high,30,160,35.333333333333336,0.435688316822052,0.05249176888616415
BH_s10_high,30,161,35.36666666666667,0.29757052659988403,-0.14837793426970003
BH_s10_high,30,162,35.4,0.1867981106042862,-0.3277838947335698
BH_s10_high,30,163,35.43333333333333,-0.023097382858395576,-0.4907922347010884
BH_s10_high,30,164,35.46666666666667,-0.2564496397972107,-0.6387913497336926
BH_s10_high,30,165,35.5,-0.507205069065094,-0.7666996425553139
BH_s10_high,30,166,35.53333333333333,-0.738234281539917,-0.8629788779495566
BH_s10_high,30,167,35.56666666666667,-0.8448183536529541,-0.9113249133198379
BH_s10_high,30,168,35.6,-0.9711287021636963,-0.893569221847122
BH_s10_high,30,169,35.63333333333333,-1.0547138452529907,-0.7942323237949047
BH_s10_high,30,170,35.666666666666664,-1.1505643129348755,-0.6065314975976779
BH_s10_high,30,171,35.7,-1.2750093936920166,-0.33800765917673414
BH_s10_high,30,172,35.733333333333334,-1.3909196853637695,-0.012949744891378918
BH_s10_high,30,173,35.766666666666666,-1.3557069301605225,0.3305105596482733
BH_s10_high,30,174,35.8,-0.821640133857727,0.6484666720365053
BH_s10_high,30,175,35.833333333333336,0.06281454861164093,0.9016885733061207
BH_s10_high,30,176,35.86666666666667,0.9322920441627502,1.0643343478806153
BH_s10_high,30,177,35.9,1.3077195882797241,1.1275819197802912
BH_s10_high,30,178,35.93333333333333,1.2718909978866577,1.0974107271256541
BH_s10_high,30,179,35.96666666666667,1.1047207117080688,0.9884927454992687
BH_s10_high,30,180,36.0,0.8221492767333984,0.8174549777884015
BH_s10_high,30,181,36.03333333333333,0.5650066137313843,0.5983843030188611
BH_s10_high,30,182,36.06666666666667,0.3142511546611786,0.34194652010640614
BH_s10_high,30,183,36.1,0.1677052527666092,0.05759414860421066
BH_s10_high,30,184,36.13333333333333,0.08412010967731476,-0.2431331356948362
BH_s10_high,30,185,36.166666666666664,-0.06920191645622253,-0.5443371374221029
BH_s10_high,30,186,36.2,-0.28666505217552185,-0.8253328016491511
BH_s10_high,30,187,36.233333333333334,-0.5977244973182678,-1.061509065050031
BH_s10_high,30,188,36.266666666666666,-0.8484799265861511,-1.2258354739544723
BH_s10_high,30,189,36.3,-1.0565102100372314,-1.2913946473867937
BH_s10_high,30,190,36.333333333333336,-1.2041298151016235,-1.236139844164896
BH_s10_high,30,191,36.36666666666667,-1.31275475025177,-1.0500659144607092
BH_s10_high,30,192,36.4,-1.3963398933410645,-0.7421963470055322
BH_s10_high,30,193,36.43333333333333,-1.4799250364303589,-0.3432570964080957
BH_s10_high,30,194,36.46666666666667,-1.5532857179641724,0.0981410058607907
BH_s10_high,30,195,36.5,-1.4176803827285767,0.5246139002174883
BH_s10_high,30,196,36.53333333333333,-0.7063052654266357,0.8813501132025016
BH_s10_high,30,197,36.56666666666667,0.30134519934654236,1.1263785813995537
BH_s10_high,30,198,36.6,1.2831578254699707,1.2369164615266826
BH_s10_high,30,199,36.63333333333333,1.6938294172286987,1.2104700559224049
BH_s10_high,30,200,36.666666666666664,1.6520713567733765,1.0617786579302118
BH_s10_high,30,201,36.7,1.4459753036499023,0.8178474783118923
BH_s10_high,30,202,36.733333333333334,1.195219874382019,0.5121010345548245
BH_s10_high,30,203,36.766666666666666,0.9083020687103271,0.17768884935422333
BH_s10_high,30,204,36.8,0.6082585453987122,-0.15866821912586804
BH_s10_high,30,205,36.833333333333336,0.3899349570274353,-0.47941833035306153
BH_s10_high,30,206,36.86666666666667,0.22276465594768524,-0.7737865913113198
BH_s10_high,30,207,36.9,0.02689301036298275,-1.0315157636508578
BH_s10_high,30,208,36.93333333333333,-0.20797333121299744,-1.2363931196801867
BH_s10_high,30,209,36.96666666666667,-0.4995887279510498,-1.3635774079456742
BH_s10_high,30,210,37.0,-0.7680985331535339,-1.382958455848306
BH_s10_high,30,211,37.03333333333333,-1.018854022026062,-1.2679098086170875
BH_s10_high,30,212,37.06666666666667,-1.1881340742111206,-1.0062362338265907
BH_s10_high,30,213,37.1,-1.3144444227218628,-0.6087523344334944
BH_s10_high,30,214,37.13333333333333,-1.3980295658111572,-0.1113663288317625
BH_s10_high,30,215,37.166666666666664,-1.4816147089004517,0.43061476983958497
BH_s10_high,30,216,37.2,-1.565199851989746,0.9530992724078364
BH_s10_high,30,217,37.233333333333334,-1.4502675533294678,1.3943072334309317
BH_s10_high,30,218,37.266666666666666,-0.7796632051467896,1.704491438551348
BH_s10_high,30,219,37.3,0.23786045610904694,1.8543685270840828
BH_s10_high,30,220,37.333333333333336,1.255023717880249,1.8401596401123053
BH_s10_high,30,221,37.36666666666667,1.6536920070648193,1.6816797461988375
BH_s10_high,30,222,37.4,1.6489365100860596,1.4136906253037795
BH_s10_high,30,223,37.43333333333333,1.3981810808181763,1.0753118412382896
BH_s10_high,30,224,37.46666666666667,1.147425651550293,0.7021306732689316
BH_s10_high,30,225,37.5,0.8160929679870605,0.32246845460320084
BH_s10_high,30,226,37.53333333333333,0.5244776010513306,-0.042916684740660224
BH_s10_high,30,227,37.56666666666667,0.3097088932991028,-0.37901969767485094
BH_s10_high,30,228,37.6,0.17666012048721313,-0.6741153050886985
BH_s10_high,30,229,37.63333333333333,0.009489821270108223,-0.9178567900544934
BH_s10_high,30,230,37.666666666666664,-0.18620623648166656,-1.1005763098666659
BH_s10_high,30,231,37.7,-0.4796868860721588,-1.213927513684752
BH_s10_high,30,232,37.733333333333334,-0.7304423451423645,-1.2528947134525428
BH_s10_high,30,233,37.766666666666666,-0.9582677483558655,-1.2187252637965826
BH_s10_high,30,234,37.8,-1.1043733358383179,-1.1212014978834066
BH_s10_high,30,235,37.833333333333336,-1.1879584789276123,-0.9781383473158551
BH_s10_high,30,236,37.86666666666667,-1.3142688274383545,-0.8112127106568588
BH_s10_high,30,237,37.9,-1.397853970527649,-0.6394566481850961
BH_s10_high,30,238,37.93333333333333,-1.3706952333450317,-0.47341851576690624
BH_s10_high,30,239,37.96666666666667,-0.8377479910850525,-0.3131317183914798
BH_s10_high,31,0,31.0,0.010497373528778553,0.026965951456643288
BH_s10_high,31,1,31.033333333333335,-0.14618100225925446,-0.03937825899111433
BH_s10_high,31,2,31.066666666666666,-0.38361769914627075,-0.11936471805148915
BH_s10_high,31,3,31.1,-0.6049667000770569,-0.2172989103451859
BH_s10_high,31,4,31.133333333333333,-0.803408682346344,-0.3217119467575521
BH_s10_high,31,5,31.166666666666668,-0.9628559947013855,-0.40544242941944986
BH_s10_high,31,6,31.2,-1.0464410781860352,-0.43192423565488497
BH_s10_high,31,7,31.233333333333334,-1.1300262212753296,-0.3656770280401646
BH_s10_high,31,8,31.266666666666666,-1.213611364364624,-0.18439324012998343
BH_s10_high,31,9,31.3,-1.2536853551864624,0.110263974519795
BH_s10_high,31,10,31.333333333333332,-0.9631491899490356,0.4869679829389559
BH_s10_high,31,11,31.366666666666667,-0.26348957419395447,0.8877519124820499
BH_s10_high,31,12,31.4,0.49224525690078735,1.240368083434319
BH_s10_high,31,13,31.433333333333334,1.0241553783416748,1.4762799711954535
BH_s10_high,31,14,31.466666666666665,1.1384018659591675,1.5477972275453615
BH_s10_high,31,15,31.5,1.07481050491333,1.438611390849
BH_s10_high,31,16,31.533333333333335,0.9076401591300964,1.165775467954672
BH_s10_high,31,17,31.566666666666666,0.6696794629096985,0.7743212176504249
BH_s10_high,31,18,31.6,0.4189240336418152,0.3259389611100351
BH_s10_high,31,19,31.633333333333333,0.21683795750141144,-0.11655454018512518
BH_s10_high,31,20,31.666666666666668,0.09052760154008865,-0.5044400303105498
BH_s10_high,31,21,31.7,0.006942456122487783,-0.8118836632145797
BH_s10_high,31,22,31.733333333333334,-0.15684576332569122,-1.035325424016383
BH_s10_high,31,23,31.766666666666666,-0.4076012074947357,-1.1856361614512811
BH_s10_high,31,24,31.8,-0.6006230115890503,-1.2778216872275447
BH_s10_high,31,25,31.833333333333332,-0.7973753213882446,-1.3223518004558104
BH_s10_high,31,26,31.866666666666667,-0.9236856698989868,-1.3199793690849422
BH_s10_high,31,27,31.9,-0.9978581666946411,-1.2604579020918012
BH_s10_high,31,28,31.933333333333334,-1.048130750656128,-1.125677546348078
BH_s10_high,31,29,31.966666666666665,-1.1317158937454224,-0.8975538790396307
BH_s10_high,31,30,32.0,-1.1145830154418945,-0.5689232834771144
BH_s10_high,31,31,32.03333333333333,-0.7258936166763306,-0.1532285262617781
BH_s10_high,31,32,32.06666666666667,-0.014400809071958065,0.3117249266532401
BH_s10_high,31,33,32.1,0.6969191431999207,0.7686617642882682
BH_s10_high,31,34,32.13333333333333,1.0420191287994385,1.153500182672699
BH_s10_high,31,35,32.166666666666664,1.0956766605377197,1.411187460583359
BH_s10_high,31,36,32.2,0.9748756289482117,1.5082270171987682
BH_s10_high,31,37,32.233333333333334,0.7723547220230103,1.4374675931780045
BH_s10_high,31,38,32.266666666666666,0.5308391451835632,1.2159903764929614
BH_s10_high,31,39,32.3,0.30983853340148926,0.8799729257077108
BH_s10_high,31,40,32.333333333333336,0.21328303217887878,0.47804107515566896
BH_s10_high,31,41,32.36666666666667,0.12969788908958435,0.06190349703528957
BH_s10_high,31,42,32.4,0.0033875382505357265,-0.32491042973957296
BH_s10_high,31,43,32.43333333333333,-0.21023571491241455,-0.6556925845701197
BH_s10_high,31,44,32.46666666666667,-0.4182659685611725,-0.9218917000364256
BH_s10_high,31,45,32.5,-0.650458037853241,-1.1261369182739664
BH_s10_high,31,46,32.53333333333333,-0.7749031782150269,-1.2706399512801336
BH_s10_high,31,47,32.56666666666667,-0.8845154047012329,-1.3473590143329526
BH_s10_high,31,48,32.6,-0.9681005477905273,-1.3353876339833946
BH_s10_high,31,49,32.63333333333333,-1.0516856908798218,-1.2073721800927175
BH_s10_high,31,50,32.666666666666664,-1.116796612739563,-0.9425113165208147
BH_s10_high,31,51,32.7,-0.8681767582893372,-0.5406945493922088
BH_s10_high,31,52,32.733333333333334,-0.2646956741809845,-0.031633771654078685
BH_s10_high,31,53,32.766666666666666,0.483929306268692,0.5255578648601749
BH_s10_high,31,54,32.8,1.0582796335220337,1.0535293618660206
BH_s10_high,31,55,32.833333333333336,1.1811270713806152,1.475284713588004
BH_s10_high,31,56,32.86666666666667,1.1403563022613525,1.7329433616581145
BH_s10_high,31,57,32.9,1.017865538597107,1.7993754908985875
BH_s10_high,31,58,32.93333333333333,0.8136550188064575,1.6802094786339639
BH_s10_high,31,59,32.96666666666667,0.52772456407547,1.408501155006443
BH_s10_high,31,60,33.0,0.3454538881778717,1.034997777505553
BH_s10_high,31,61,33.03333333333333,0.20972812175750732,0.6159612819527356
BH_s10_high,31,62,33.06666666666667,0.09656369686126709,0.2013232037880955
BH_s10_high,31,63,33.1,-0.07060659676790237,-0.17334400868133415
BH_s10_high,31,64,33.13333333333333,-0.30635085701942444,-0.4894507366443665
BH_s10_high,31,65,33.166666666666664,-0.5571063160896301,-0.7436963078584627
BH_s10_high,31,66,33.2,-0.7430182695388794,-0.9438719193964645
BH_s10_high,31,67,33.233333333333334,-0.8674634099006653,-1.1029545949661952
BH_s10_high,31,68,33.266666666666666,-0.9735206961631775,-1.2314699222788525
BH_s10_high,31,69,33.3,-1.0571058988571167,-1.32926915457968
BH_s10_high,31,70,33.333333333333336,-1.1406910419464111,-1.38057633211274
BH_s10_high,31,71,33.36666666666667,-1.2242761850357056,-1.3566716684435125
BH_s10_high,31,72,33.4,-1.2860077619552612,-1.2265934113417583
BH_s10_high,31,73,33.43333333333333,-1.0289394855499268,-0.9711375009012703
BH_s10_high,31,74,33.46666666666667,-0.37046805024147034,-0.5937234379876771
BH_s10_high,31,75,33.5,0.422658234834671,-0.12400019551674
BH_s10_high,31,76,33.53333333333333,1.0702801942825317,0.3859636957752525
BH_s10_high,31,77,33.56666666666667,1.3109031915664673,0.8707101680944768
BH_s10_high,31,78,33.6,1.3520278930664062,1.2639073985515397
BH_s10_high,31,79,33.63333333333333,1.2281122207641602,1.5129169363981627
BH_s10_high,31,80,33.666666666666664,1.022212028503418,1.591793571701547
BH_s10_high,31,81,33.7,0.7714565396308899,1.5072417295892098
BH_s10_high,31,82,33.733333333333334,0.5207011103630066,1.294010547933001
BH_s10_high,31,83,33.766666666666666,0.3458050489425659,1.0012850047319128
BH_s10_high,31,84,33.8,0.20990370213985443,0.676401393802062
BH_s10_high,31,85,33.833333333333336,0.024785984307527542,0.35311090625194236
BH_s10_high,31,86,33.86666666666667,-0.1832442581653595,0.047828002679544006
BH_s10_high,31,87,33.9,-0.40832653641700745,-0.2373339795866222
BH_s10_high,31,88,33.93333333333333,-0.6182219982147217,-0.5076312355205511
BH_s10_high,31,89,33.96666666666667,-0.7853923439979553,-0.7673260972450039
BH_s10_high,31,90,34.0,-0.9098374247550964,-1.0121324943339238
BH_s10_high,31,91,34.03333333333333,-1.0160703659057617,-1.2248505202807363
BH_s10_high,31,92,34.06666666666667,-1.0996555089950562,-1.376107942563366
BH_s10_high,31,93,34.1,-1.197722315788269,-1.4305824913564145
BH_s10_high,31,94,34.13333333333333,-1.3095510005950928,-1.3568768185220195
BH_s10_high,31,95,34.166666666666664,-1.3931361436843872,-1.1377443667455953
BH_s10_high,31,96,34.2,-1.3984524011611938,-0.777593561930188
BH_s10_high,31,97,34.233333333333334,-0.9844180345535278,-0.305452077901382
BH_s10_high,31,98,34.266666666666666,-0.17209500074386597,0.2272475165925626
BH_s10_high,31,99,34.3,0.7407612800598145,0.7537845354675022
BH_s10_high,31,100,34.333333333333336,1.31357741355896,1.2030539240227416
BH_s10_high,31,101,34.36666666666667,1.522047996520996,1.5125178232955445
BH_s10_high,31,102,34.4,1.4825090169906616,1.6410278330230081
BH_s10_high,31,103,34.43333333333333,1.3603695631027222,1.5784510958706175
BH_s10_high,31,104,34.46666666666667,1.1565101146697998,1.3480851839220787
BH_s10_high,31,105,34.5,0.8709307909011841,0.9993902516260378
BH_s10_high,31,106,34.53333333333333,0.6122740507125854,0.593401318285946
BH_s10_high,31,107,34.56666666666667,0.4353371262550354,0.18710181068346388
BH_s10_high,31,108,34.6,0.26816684007644653,-0.17772266285526414
BH_s10_high,31,109,34.63333333333333,0.07363369315862656,-0.4790747286425833
BH_s10_high,31,110,34.666666666666664,-0.15989413857460022,-0.7132124283232164
BH_s10_high,31,111,34.7,-0.42787718772888184,-0.8884645718367227
BH_s10_high,31,112,34.733333333333334,-0.6141403317451477,-1.016475440951087
BH_s10_high,31,113,34.766666666666666,-0.7813106179237366,-1.103564304605129
BH_s10_high,31,114,34.8,-0.9057557582855225,-1.1451749724852023
BH_s10_high,31,115,34.833333333333336,-1.0140295028686523,-1.1256073691219974
BH_s10_high,31,116,34.86666666666667,-1.0976146459579468,-1.023220784125718
BH_s10_high,31,117,34.9,-1.223924994468689,-0.8194056461273067
BH_s10_high,31,118,34.93333333333333,-1.3075101375579834,-0.5088769852464995
BH_s10_high,31,119,34.96666666666667,-1.3910952806472778,-0.1083778925597171
BH_s10_high,31,120,35.0,-1.4045748710632324,0.33991707602716287
BH_s10_high,31,121,35.03333333333333,-0.9957649111747742,0.7735048958371423
BH_s10_high,31,122,35.06666666666667,-0.15181900560855865,1.1232557261992167
BH_s10_high,31,123,35.1,0.7651189565658569,1.3316532966620176
BH_s10_high,31,124,35.13333333333333,1.3489482402801514,1.3689503751312873
BH_s10_high,31,125,35.166666666666664,1.4374781847000122,1.2410416569979263
BH_s10_high,31,126,35.2,1.3563742637634277,0.9861184690542671
BH_s10_high,31,127,35.233333333333334,1.1570369005203247,0.6617130644286102
BH_s10_high,31,128,35.266666666666666,0.9062814116477966,0.32743158918053894
BH_s10_high,31,129,35.3,0.6555259823799133,0.029784650040138732
BH_s10_high,31,130,35.333333333333336,0.435688316822052,-0.20630629666053454
BH_s10_high,31,131,35.36666666666667,0.29757052659988403,-0.37797706045334944
BH_s10_high,31,132,35.4,0.1867981106042862,-0.4982880993576179
BH_s10_high,31,133,35.43333333333333,-0.023097382858395576,-0.5866641015682617
BH_s10_high,31,134,35.46666666666667,-0.2564496397972107,-0.6597338086695071
BH_s10_high,31,135,35.5,-0.507205069065094,-0.7254676686464698
BH_s10_high,31,136,35.53333333333333,-0.738234281539917,-0.7812453357614065
BH_s10_high,31,137,35.56666666666667,-0.8448183536529541,-0.8148343551393126
BH_s10_high,31,138,35.6,-0.9711287021636963,-0.8075087246916502
BH_s10_high,31,139,35.63333333333333,-1.0547138452529907,-0.7392258182823562
BH_s10_high,31,140,35.666666666666664,-1.1505643129348755,-0.5952524370218891
BH_s10_high,31,141,35.7,-1.2750093936920166,-0.3726150375402603
BH_s10_high,31,142,35.733333333333334,-1.3909196853637695,-0.0845325734457363
BH_s10_high,31,143,35.766666666666666,-1.3557069301605225,0.23866362223038945
BH_s10_high,31,144,35.8,-0.821640133857727,0.5532497994231461
BH_s10_high,31,145,35.833333333333336,0.06281454861164093,0.8107348177463489
BH_s10_high,31,146,35.86666666666667,0.9322920441627502,0.9698488861839597
BH_s10_high,31,147,35.9,1.3077195882797241,1.0082440773672037
BH_s10_high,31,148,35.93333333333333,1.2718909978866577,0.9291760990536254
BH_s10_high,31,149,35.96666666666667,1.1047207117080688,0.7596776252927882
BH_s10_high,31,150,36.0,0.8221492767333984,0.5403626464182789
BH_s10_high,31,151,36.03333333333333,0.5650066137313843,0.31108338282785974
BH_s10_high,31,152,36.06666666666667,0.3142511546611786,0.09873457273599945
BH_s10_high,31,153,36.1,0.1677052527666092,-0.08771238654433215
BH_s10_high,31,154,36.13333333333333,0.08412010967731476,-0.25375370004087
BH_s10_high,31,155,36.166666666666664,-0.06920191645622253,-0.4102931650785746
BH_s10_high,31,156,36.2,-0.28666505217552185,-0.5635536816790266
BH_s10_high,31,157,36.233333333333334,-0.5977244973182678,-0.7078903332672726
BH_s10_high,31,158,36.266666666666666,-0.8484799265861511,-0.8236299071915466
BH_s10_high,31,159,36.3,-1.0565102100372314,-0.8804509540283928
BH_s10_high,31,160,36.333333333333336,-1.2041298151016235,-0.8458341034421432
BH_s10_high,31,161,36.36666666666667,-1.31275475025177,-0.6967125870400627
BH_s10_high,31,162,36.4,-1.3963398933410645,-0.4303187547531975
BH_s10_high,31,163,36.43333333333333,-1.4799250364303589,-0.06961065843024776
BH_s10_high,31,164,36.46666666666667,-1.5532857179641724,0.33889529985741956
BH_s10_high,31,165,36.5,-1.4176803827285767,0.7338520417927953
BH_s10_high,31,166,36.53333333333333,-0.7063052654266357,1.0519053042358772
BH_s10_high,31,167,36.56666666666667,0.30134519934654236,1.2416808820962772
BH_s10_high,31,168,36.6,1.2831578254699707,1.2752107948646563
BH_s10_high,31,169,36.63333333333333,1.6938294172286987,1.1532122424982645
BH_s10_high,31,170,36.666666666666664,1.6520713567733765,0.9028491524108974
BH_s10_high,31,171,36.7,1.4459753036499023,0.5692213689574122
BH_s10_high,31,172,36.733333333333334,1.195219874382019,0.20305712984152774
BH_s10_high,31,173,36.766666666666666,0.9083020687103271,-0.1522341545346353
BH_s10_high,31,174,36.8,0.6082585453987122,-0.4699782031151627
BH_s10_high,31,175,36.833333333333336,0.3899349570274353,-0.7422061050286134
BH_s10_high,31,176,36.86666666666667,0.22276465594768524,-0.9732041437453189
BH_s10_high,31,177,36.9,0.02689301036298275,-1.1678046938289717
BH_s10_high,31,178,36.93333333333333,-0.20797333121299744,-1.320283235905117
BH_s10_high,31,179,36.96666666666667,-0.4995887279510498,-1.4094774768955416
BH_s10_high,31,180,37.0,-0.7680985331535339,-1.402709337326838
BH_s10_high,31,181,37.03333333333333,-1.018854022026062,-1.2671392331741143
BH_s10_high,31,182,37.06666666666667,-1.1881340742111206,-0.9842977144267593
BH_s10_high,31,183,37.1,-1.3144444227218628,-0.5622738476610452
BH_s10_high,31,184,37.13333333333333,-1.3980295658111572,-0.040454556921733754
BH_s10_high,31,185,37.166666666666664,-1.4816147089004517,0.515610196941854
BH_s10_high,31,186,37.2,-1.565199851989746,1.0273474816131647
BH_s10_high,31,187,37.233333333333334,-1.4502675533294678,1.419783360363135
BH_s10_high,31,188,37.266666666666666,-0.7796632051467896,1.6378293757781026
BH_s10_high,31,189,37.3,0.23786045610904694,1.6591720579920237
BH_s10_high,31,190,37.333333333333336,1.255023717880249,1.4992706934042181
BH_s10_high,31,191,37.36666666666667,1.6536920070648193,1.2046872063890004
BH_s10_high,31,192,37.4,1.6489365100860596,0.8369217780884091
BH_s10_high,31,193,37.43333333333333,1.3981810808181763,0.45450895007183695
BH_s10_high,31,194,37.46666666666667,1.147425651550293,0.10046306278182864
BH_s10_high,31,195,37.5,0.8160929679870605,-0.20231110607809025
BH_s10_high,31,196,37.53333333333333,0.5244776010513306,-0.4483835096950562
BH_s10_high,31,197,37.56666666666667,0.3097088932991028,-0.6422397196623414
BH_s10_high,31,198,37.6,0.17666012048721313,-0.7890547179322119
BH_s10_high,31,199,37.63333333333333,0.009489821270108223,-0.8873147665516165
BH_s10_high,31,200,37.666666666666664,-0.18620623648166656,-0.9259404349740193
BH_s10_high,31,201,37.7,-0.4796868860721588,-0.8870669950710619
BH_s10_high,31,202,37.733333333333334,-0.7304423451423645,-0.7539957351010429
BH_s10_high,31,203,37.766666666666666,-0.9582677483558655,-0.5217076776372874
BH_s10_high,31,204,37.8,-1.1043733358383179,-0.20514258599667756
BH_s10_high,31,205,37.833333333333336,-1.1879584789276123,0.1594293900500977
BH_s10_high,31,206,37.86666666666667,-1.3142688274383545,0.5210416193470953
BH_s10_high,31,207,37.9,-1.397853970527649,0.8256614314570063
BH_s10_high,31,208,37.93333333333333,-1.3706952333450317,1.028343759632103
BH_s10_high,31,209,37.96666666666667,-0.8377479910850525,1.1021741259738962
BH_s10_high,31,210,38.0,0.09342710673809052,1.0416194498944011
BH_s10_high,31,211,38.03333333333333,0.9888397455215454,0.8599519554641101
BH_s10_high,31,212,38.06666666666667,1.4436209201812744,0.5830654546437821
BH_s10_high,31,213,38.1,1.381920576095581,0.24317236026211883
BH_s10_high,31,214,38.13333333333333,1.1287529468536377,-0.12571956353818367
BH_s10_high,31,215,38.166666666666664,0.7944123148918152,-0.49090160131635086
BH_s10_high,31,216,38.2,0.46007171273231506,-0.8234616346142745
BH_s10_high,31,217,38.233333333333334,0.2475396692752838,-1.1001063693719493
BH_s10_high,31,218,38.266666666666666,0.11804580688476562,-1.303595891130287
BH_s10_high,31,219,38.3,0.03446066007018089,-1.421625709008684
BH_s10_high,31,220,38.333333333333336,-0.08307041227817535,-1.4453750969008263
BH_s10_high,31,221,38.36666666666667,-0.3250465989112854,-1.3696151550190045
BH_s10_high,31,222,38.4,-0.6185272336006165,-1.1951513986641453
BH_s10_high,31,223,38.43333333333333,-0.8692826628684998,-0.9323352110260612
BH_s10_high,31,224,38.46666666666667,-1.050827980041504,-0.6030669555022559
BH_s10_high,31,225,38.5,-1.1933785676956177,-0.23907014050197997
BH_s10_high,31,226,38.53333333333333,-1.2769638299942017,0.1238463975425374
BH_s10_high,31,227,38.56666666666667,-1.360548973083496,0.45337041357734814
BH_s10_high,31,228,38.6,-1.282588005065918,0.726525025960692
BH_s10_high,31,229,38.63333333333333,-0.7579798102378845,0.9311085702603278
BH_s10_high,31,230,38.666666666666664,0.16834238171577454,1.063126691143952
BH_s10_high,31,231,38.7,1.088354468345642,1.123215564119196
BH_s10_high,31,232,38.733333333333334,1.5344915390014648,1.114974039920231
BH_s10_high,31,233,38.766666666666666,1.4608081579208374,1.0459167367153068
BH_s10_high,31,234,38.8,1.192522644996643,0.9293965939974727
BH_s10_high,31,235,38.833333333333336,0.8581820130348206,0.7847712875903035
BH_s10_high,31,236,38.86666666666667,0.5279433131217957,0.6339037145793389
BH_s10_high,31,237,38.9,0.28166118264198303,0.49452863780149964
BH_s10_high,31,238,38.93333333333333,0.1980760395526886,0.37377445064822484
BH_s10_high,31,239,38.96666666666667,0.11449088901281357,0.2660395233940036
BH_s10_high,32,0,32.0,-1.1145830154418945,0.07708570730581896
BH_s10_high,32,1,32.03333333333333,-0.7258936166763306,1.018920547570656
BH_s10_high,32,2,32.06666666666667,-0.014400809071958065,1.8248552268832576
BH_s10_high,32,3,32.1,0.6969191431999207,2.393818806123058
BH_s10_high,32,4,32.13333333333333,1.0420191287994385,2.6781742966187356
BH_s10_high,32,5,32.166666666666664,1.0956766605377197,2.6889382745426946
BH_s10_high,32,6,32.2,0.9748756289482117,2.4810731971942426
BH_s10_high,32,7,32.233333333333334,0.7723547220230103,2.126493506982173
BH_s10_high,32,8,32.266666666666666,0.5308391451835632,1.689105685864651
BH_s10_high,32,9,32.3,0.30983853340148926,1.2134115748795264
BH_s10_high,32,10,32.333333333333336,0.21328303217887878,0.7271995222585033
BH_s10_high,32,11,32.36666666666667,0.12969788908958435,0.24961336912776733
BH_s10_high,32,12,32.4,0.0033875382505357265,-0.2035309698966202
BH_s10_high,32,13,32.43333333333333,-0.21023571491241455,-0.6186294982005935
BH_s10_high,32,14,32.46666666666667,-0.4182659685611725,-0.9840319233779236
BH_s10_high,32,15,32.5,-0.650458037853241,-1.2875935344235963
BH_s10_high,32,16,32.53333333333333,-0.7749031782150269,-1.5128032324865344
BH_s10_high,32,17,32.56666666666667,-0.8845154047012329,-1.637279288700447
BH_s10_high,32,18,32.6,-0.9681005477905273,-1.6365257575453829
BH_s10_high,32,19,32.63333333333333,-1.0516856908798218,-1.4924298299094612
BH_s10_high,32,20,32.666666666666664,-1.116796612739563,-1.2031505479917157
BH_s10_high,32,21,32.7,-0.8681767582893372,-0.7901038891358086
BH_s10_high,32,22,32.733333333333334,-0.2646956741809845,-0.2985991641395099
BH_s10_high,32,23,32.766666666666666,0.483929306268692,0.20922175411235192
BH_s10_high,32,24,32.8,1.0582796335220337,0.6677706696569046
BH_s10_high,32,25,32.833333333333336,1.1811270713806152,1.023426500266958
BH_s10_high,32,26,32.86666666666667,1.1403563022613525,1.2457226837692623
BH_s10_high,32,27,32.9,1.017865538597107,1.329587294383134
BH_s10_high,32,28,32.93333333333333,0.8136550188064575,1.289246169565057
BH_s10_high,32,29,32.96666666666667,0.52772456407547,1.148878398921985
BH_s10_high,32,30,33.0,0.3454538881778717,0.9347763096051198
BH_s10_high,32,31,33.03333333333333,0.20972812175750732,0.6707109336204989
BH_s10_high,32,32,33.06666666666667,0.09656369686126709,0.37619564507725284
BH_s10_high,32,33,33.1,-0.07060659676790237,0.06679966684749289
BH_s10_high,32,34,33.13333333333333,-0.30635085701942444,-0.24452775651673542
BH_s10_high,32,35,33.166666666666664,-0.5571063160896301,-0.5462044715116217
BH_s10_high,32,36,33.2,-0.7430182695388794,-0.8274786302446491
BH_s10_high,32,37,33.233333333333334,-0.8674634099006653,-1.0781544123085645
BH_s10_high,32,38,33.266666666666666,-0.9735206961631775,-1.2870786295224788
BH_s10_high,32,39,33.3,-1.0571058988571167,-1.4388339770008274
BH_s10_high,32,40,33.333333333333336,-1.1406910419464111,-1.5111990614515733
BH_s10_high,32,41,33.36666666666667,-1.2242761850357056,-1.4773363420525314
BH_s10_high,32,42,33.4,-1.2860077619552612,-1.3136389530546444
BH_s10_high,32,43,33.43333333333333,-1.0289394855499268,-1.0099368656412038
BH_s10_high,32,44,33.46666666666667,-0.37046805024147034,-0.5775421588324829
BH_s10_high,32,45,33.5,0.422658234834671,-0.05222988853824292
BH_s10_high,32,46,33.53333333333333,1.0702801942825317,0.5086496439744173
BH_s10_high,32,47,33.56666666666667,1.3109031915664673,1.0346436428713994
BH_s10_high,32,48,33.6,1.3520278930664062,1.4556737118119538
BH_s10_high,32,49,33.63333333333333,1.2281122207641602,1.7184472193473037
BH_s10_high,32,50,33.666666666666664,1.022212028503418,1.8005097253114792
BH_s10_high,32,51,33.7,0.7714565396308899,1.7151360894969048
BH_s10_high,32,52,33.733333333333334,0.5207011103630066,1.5035768618221248
BH_s10_high,32,53,33.766666666666666,0.3458050489425659,1.217745453884996
BH_s10_high,32,54,33.8,0.20990370213985443,0.901858350271257
BH_s10_high,32,55,33.833333333333336,0.024785984307527542,0.5816371660627151
BH_s10_high,32,56,33.86666666666667,-0.1832442581653595,0.2639819976006322
BH_s10_high,32,57,33.9,-0.40832653641700745,-0.056078539998990526
BH_s10_high,32,58,33.93333333333333,-0.6182219982147217,-0.3858746915171982
BH_s10_high,32,59,33.96666666666667,-0.7853923439979553,-0.7260710783816081
BH_s10_high,32,60,34.0,-0.9098374247550964,-1.0639335663544902
BH_s10_high,32,61,34.03333333333333,-1.0160703659057617,-1.3706456641976756
BH_s10_high,32,62,34.06666666666667,-1.0996555089950562,-1.6044009741224348
BH_s10_high,32,63,34.1,-1.197722315788269,-1.7195846097341776
BH_s10_high,32,64,34.13333333333333,-1.3095510005950928,-1.6795210856836904
BH_s10_high,32,65,34.166666666666664,-1.3931361436843872,-1.4683177773911784
BH_s10_high,32,66,34.2,-1.3984524011611938,-1.0980293878226055
BH_s10_high,32,67,34.233333333333334,-0.9844180345535278,-0.6092046302979498
BH_s10_high,32,68,34.266666666666666,-0.17209500074386597,-0.06413084543914464
BH_s10_high,32,69,34.3,0.7407612800598145,0.4661452551215321
BH_s10_high,32,70,34.333333333333336,1.31357741355896,0.9169893138010704
BH_s10_high,32,71,34.36666666666667,1.522047996520996,1.2421480399348162
BH_s10_high,32,72,34.4,1.4825090169906616,1.4194248720232459
BH_s10_high,32,73,34.43333333333333,1.3603695631027222,1.4503526576300763
BH_s10_high,32,74,34.46666666666667,1.1565101146697998,1.3554854539073489
BH_s10_high,32,75,34.5,0.8709307909011841,1.1668647933313177
BH_s10_high,32,76,34.53333333333333,0.6122740507125854,0.9195247788229916
BH_s10_high,32,77,34.56666666666667,0.4353371262550354,0.644392343099196
BH_s10_high,32,78,34.6,0.26816684007644653,0.36454908809099784
BH_s10_high,32,79,34.63333333333333,0.07363369315862656,0.09516121242013101
BH_s10_high,32,80,34.666666666666664,-0.15989413857460022,-0.15470834330204816
BH_s10_high,32,81,34.7,-0.42787718772888184,-0.380612510882243
BH_s10_high,32,82,34.733333333333334,-0.6141403317451477,-0.5817330563369817
BH_s10_high,32,83,34.766666666666666,-0.7813106179237366,-0.7586938417713689
BH_s10_high,32,84,34.8,-0.9057557582855225,-0.9092922480505518
BH_s10_high,32,85,34.833333333333336,-1.0140295028686523,-1.0238079254343664
BH_s10_high,32,86,34.86666666666667,-1.0976146459579468,-1.0832477245829037
BH_s10_high,32,87,34.9,-1.223924994468689,-1.063161686643508
BH_s10_high,32,88,34.93333333333333,-1.3075101375579834,-0.9427028968184913
BH_s10_high,32,89,34.96666666666667,-1.3910952806472778,-0.7154694331219627
BH_s10_high,32,90,35.0,-1.4045748710632324,-0.39741095529744735
BH_s10_high,32,91,35.03333333333333,-0.9957649111747742,-0.02787145070951403
BH_s10_high,32,92,35.06666666666667,-0.15181900560855865,0.33799831943974035
BH_s10_high,32,93,35.1,0.7651189565658569,0.6439399986341904
BH_s10_high,32,94,35.13333333333333,1.3489482402801514,0.8492414289005547
BH_s10_high,32,95,35.166666666666664,1.4374781847000122,0.9402755230527978
BH_s10_high,32,96,35.2,1.3563742637634277,0.9314761522701221
BH_s10_high,32,97,35.233333333333334,1.1570369005203247,0.8553560562630341
BH_s10_high,32,98,35.266666666666666,0.9062814116477966,0.7471475546062367
BH_s10_high,32,99,35.3,0.6555259823799133,0.6320303035649615
BH_s10_high,32,100,35.333333333333336,0.435688316822052,0.5196462339638553
BH_s10_high,32,101,35.36666666666667,0.29757052659988403,0.4056525174055943
BH_s10_high,32,102,35.4,0.1867981106042862,0.27783317773613425
BH_s10_high,32,103,35.43333333333333,-0.023097382858395576,0.12401158258735094
BH_s10_high,32,104,35.46666666666667,-0.2564496397972107,-0.06135142106568829
BH_s10_high,32,105,35.5,-0.507205069065094,-0.2743542560656282
BH_s10_high,32,106,35.53333333333333,-0.738234281539917,-0.5025273789276195
BH_s10_high,32,107,35.56666666666667,-0.8448183536529541,-0.7270911991527678
BH_s10_high,32,108,35.6,-0.9711287021636963,-0.9248374920050686
BH_s10_high,32,109,35.63333333333333,-1.0547138452529907,-1.0697946537424117
BH_s10_high,32,110,35.666666666666664,-1.1505643129348755,-1.1357962730643005
BH_s10_high,32,111,35.7,-1.2750093936920166,-1.1006045075987936
BH_s10_high,32,112,35.733333333333334,-1.3909196853637695,-0.9511333150710455
BH_s10_high,32,113,35.766666666666666,-1.3557069301605225,-0.68846140096876
BH_s10_high,32,114,35.8,-0.821640133857727,-0.33116309813966643
BH_s10_high,32,115,35.833333333333336,0.06281454861164093,0.08432855826043847
BH_s10_high,32,116,35.86666666666667,0.9322920441627502,0.5074406226713206
BH_s10_high,32,117,35.9,1.3077195882797241,0.8818587950889636
BH_s10_high,32,118,35.93333333333333,1.2718909978866577,1.1576974602928565
BH_s10_high,32,119,35.96666666666667,1.1047207117080688,1.3037308736379085
BH_s10_high,32,120,36.0,0.8221492767333984,1.3134969310791194
BH_s10_high,32,121,36.03333333333333,0.5650066137313843,1.2011681323364887
BH_s10_high,32,122,36.06666666666667,0.3142511546611786,0.9904904662604976
BH_s10_high,32,123,36.1,0.1677052527666092,0.7053546982025637
BH_s10_high,32,124,36.13333333333333,0.08412010967731476,0.3675263558146122
BH_s10_high,32,125,36.166666666666664,-0.06920191645622253,-5.7441576167515046e-05
BH_s10_high,32,126,36.2,-0.28666505217552185,-0.36984478261052345
BH_s10_high,32,127,36.233333333333334,-0.5977244973182678,-0.7099784969854986
BH_s10_high,32,128,36.266666666666666,-0.8484799265861511,-0.9879525407316231
BH_s10_high,32,129,36.3,-1.0565102100372314,-1.1747533916675363
BH_s10_high,32,130,36.333333333333336,-1.2041298151016235,-1.2482388011493348
BH_s10_high,32,131,36.36666666666667,-1.31275475025177,-1.196607859454214
BH_s10_high,32,132,36.4,-1.3963398933410645,-1.021847914171499
BH_s10_high,32,133,36.43333333333333,-1.4799250364303589,-0.7412319017580293
BH_s10_high,32,134,36.46666666666667,-1.5532857179641724,-0.38552488210759894
BH_s10_high,32,135,36.5,-1.4176803827285767,0.005425711065098772
BH_s10_high,32,136,36.53333333333333,-0.7063052654266357,0.3880114469618944
BH_s10_high,32,137,36.56666666666667,0.30134519934654236,0.719838980033398
BH_s10_high,32,138,36.6,1.2831578254699707,0.964191402355381
BH_s10_high,32,139,36.63333333333333,1.6938294172286987,1.0945017289555725
BH_s10_high,32,140,36.666666666666664,1.6520713567733765,1.098961727784177
BH_s10_high,32,141,36.7,1.4459753036499023,0.9838810654020248
BH_s10_high,32,142,36.733333333333334,1.195219874382019,0.7730095884074941
BH_s10_high,32,143,36.766666666666666,0.9083020687103271,0.5011453173042745
BH_s10_high,32,144,36.8,0.6082585453987122,0.20436528351707273
BH_s10_high,32,145,36.833333333333336,0.3899349570274353,-0.08789685837356387
BH_s10_high,32,146,36.86666666666667,0.22276465594768524,-0.3553278132240354
BH_s10_high,32,147,36.9,0.02689301036298275,-0.5841833310424652
BH_s10_high,32,148,36.93333333333333,-0.20797333121299744,-0.7627165209082427
BH_s10_high,32,149,36.96666666666667,-0.4995887279510498,-0.8776970135984633
BH_s10_high,32,150,37.0,-0.7680985331535339,-0.913749877681378
BH_s10_high,32,151,37.03333333333333,-1.018854022026062,-0.8559280772122461
BH_s10_high,32,152,37.06666666666667,-1.1881340742111206,-0.6953510937756268
BH_s10_high,32,153,37.1,-1.3144444227218628,-0.43670923953313884
BH_s10_high,32,154,37.13333333333333,-1.3980295658111572,-0.10440220044910438
BH_s10_high,32,155,37.166666666666664,-1.4816147089004517,0.25665638471233565
BH_s10_high,32,156,37.2,-1.565199851989746,0.5873371965709134
BH_s10_high,32,157,37.233333333333334,-1.4502675533294678,0.8266303504121917
BH_s10_high,32,158,37.266666666666666,-0.7796632051467896,0.9276106058384919
BH_s10_high,32,159,37.3,0.23786045610904694,0.8727884231656198
BH_s10_high,32,160,37.333333333333336,1.255023717880249,0.6815881033391322
BH_s10_high,32,161,37.36666666666667,1.6536920070648193,0.4039071776023734
BH_s10_high,32,162,37.4,1.6489365100860596,0.10194468329183627
BH_s10_high,32,163,37.43333333333333,1.3981810808181763,-0.1698602179339484
BH_s10_high,32,164,37.46666666666667,1.147425651550293,-0.3775416570505061
BH_s10_high,32,165,37.5,0.8160929679870605,-0.5099248231692944
BH_s10_high,32,166,37.53333333333333,0.5244776010513306,-0.5728463190361539
BH_s10_high,32,167,37.56666666666667,0.3097088932991028,-0.579852305315798
BH_s10_high,32,168,37.6,0.17666012048721313,-0.5437689743351489
BH_s10_high,32,169,37.63333333333333,0.009489821270108223,-0.4718017229018642
BH_s10_high,32,170,37.666666666666664,-0.18620623648166656,-0.3646946138364823
BH_s10_high,32,171,37.7,-0.4796868860721588,-0.21943126079640365
BH_s10_high,32,172,37.733333333333334,-0.7304423451423645,-0.035062060142202055
BH_s10_high,32,173,37.766666666666666,-0.9582677483558655,0.17984673275919877
BH_s10_high,32,174,37.8,-1.1043733358383179,0.40257903524334804
BH_s10_high,32,175,37.833333333333336,-1.1879584789276123,0.599268445231265
BH_s10_high,32,176,37.86666666666667,-1.3142688274383545,0.7353259984054284
BH_s10_high,32,177,37.9,-1.397853970527649,0.7873989044930391
BH_s10_high,32,178,37.93333333333333,-1.3706952333450317,0.7502435965917418
BH_s10_high,32,179,37.96666666666667,-0.8377479910850525,0.6355970603835853
BH_s10_high,32,180,38.0,0.09342710673809052,0.46464450914044625
BH_s10_high,32,181,38.03333333333333,0.9888397455215454,0.2586210254889247
BH_s10_high,32,182,38.06666666666667,1.4436209201812744,0.03246744621244935
BH_s10_high,32,183,38.1,1.381920576095581,-0.20567917626324053
BH_s10_high,32,184,38.13333333333333,1.1287529468536377,-0.449851999667577
BH_s10_high,32,185,38.166666666666664,0.7944123148918152,-0.6898161310139973
BH_s10_high,32,186,38.2,0.46007171273231506,-0.9065006619928029
BH_s10_high,32,187,38.233333333333334,0.2475396692752838,-1.0715568686737071
BH_s10_high,32,188,38.266666666666666,0.11804580688476562,-1.1515096602893138
BH_s10_high,32,189,38.3,0.03446066007018089,-1.115575901300509
BH_s10_high,32,190,38.333333333333336,-0.08307041227817535,-0.9452969747842227
BH_s10_high,32,191,38.36666666666667,-0.3250465989112854,-0.6433086871752627
BH_s10_high,32,192,38.4,-0.6185272336006165,-0.23788460104040052
BH_s10_high,32,193,38.43333333333333,-0.8692826628684998,0.21962031367408308
BH_s10_high,32,194,38.46666666666667,-1.050827980041504,0.664901056925419
BH_s10_high,32,195,38.5,-1.1933785676956177,1.0354511439344667
BH_s10_high,32,196,38.53333333333333,-1.2769638299942017,1.2844595949950213
BH_s10_high,32,197,38.56666666666667,-1.360548973083496,1.3888606491353126
BH_s10_high,32,198,38.6,-1.282588005065918,1.3500626576025159
BH_s10_high,32,199,38.63333333333333,-0.7579798102378845,1.189146769350918
BH_s10_high,32,200,38.666666666666664,0.16834238171577454,0.938786868142756
BH_s10_high,32,201,38.7,1.088354468345642,0.6337648184975712
BH_s10_high,32,202,38.733333333333334,1.5344915390014648,0.30292893502282636
BH_s10_high,32,203,38.766666666666666,1.4608081579208374,-0.03412544513736861
BH_s10_high,32,204,38.8,1.192522644996643,-0.36466579994456677
BH_s10_high,32,205,38.833333333333336,0.8581820130348206,-0.6771936747443289
BH_s10_high,32,206,38.86666666666667,0.5279433131217957,-0.9567433125844407
BH_s10_high,32,207,38.9,0.28166118264198303,-1.1838619503168113
BH_s10_high,32,208,38.93333333333333,0.1980760395526886,-1.336659419138572
BH_s10_high,32,209,38.96666666666667,0.11449088901281357,-1.3935628134068825
BH_s10_high,32,210,39.0,-0.011819456703960896,-1.3361838686441083
BH_s10_high,32,211,39.03333333333333,-0.2933575510978699,-1.153882943516485
BH_s10_high,32,212,39.06666666666667,-0.5920625329017639,-0.8506326836356304
BH_s10_high,32,213,39.1,-0.885543167591095,-0.45141862478535333
BH_s10_high,32,214,39.13333333333333,-1.0616683959960938,-0.0030437699112748013
BH_s10_high,32,215,39.166666666666664,-1.1560735702514648,0.43404188739308136
BH_s10_high,32,216,39.2,-1.2396587133407593,0.8005817726983792
BH_s10_high,32,217,39.233333333333334,-1.2969346046447754,1.0533769798612715
BH_s10_high,32,218,39.266666666666666,-1.0892637968063354,1.1745560593477546
BH_s10_high,32,219,39.3,-0.36496421694755554,1.1729902986143181
BH_s10_high,32,220,39.333333333333336,0.6179112195968628,1.0774566301090331
BH_s10_high,32,221,39.36666666666667,1.441240906715393,0.9233273538209009
BH_s10_high,32,222,39.4,1.719571590423584,0.738713252980097
BH_s10_high,32,223,39.43333333333333,1.6057507991790771,0.5378590179664541
BH_s10_high,32,224,39.46666666666667,1.341742753982544,0.32534099940334066
BH_s10_high,32,225,39.5,1.050127387046814,0.10715132133854927
BH_s10_high,32,226,39.53333333333333,0.7253088355064392,-0.10014798655852926
BH_s10_high,32,227,39.56666666666667,0.4822101891040802,-0.2697397513416689
BH_s10_high,32,228,39.6,0.3635566830635071,-0.37500031662690636
BH_s10_high,32,229,39.63333333333333,0.23332001268863678,-0.4035270086727045
BH_s10_high,32,230,39.666666666666664,0.06614971160888672,-0.36588101194322925
BH_s10_high,32,231,39.7,-0.186666801571846,-0.2934242626013543
BH_s10_high,32,232,39.733333333333334,-0.47847801446914673,-0.22575503521814738
BH_s10_high,32,233,39.766666666666666,-0.6917123794555664,-0.1937403386129768
BH_s10_high,32,234,39.8,-0.8588826656341553,-0.20632525270756913
BH_s10_high,32,235,39.833333333333336,-0.9833277463912964,-0.24764134944393892
BH_s10_high,32,236,39.86666666666667,-1.0741780996322632,-0.286366983155438
BH_s10_high,32,237,39.9,-1.1260337829589844,-0.29316612951786925
BH_s10_high,32,238,39.93333333333333,-0.8613978624343872,-0.2569166316334088
BH_s10_high,32,239,39.96666666666667,-0.11971534788608551,-0.190425634798124
BH_s10_high,33,0,33.0,0.3454538881778717,-0.13765764787140816
BH_s10_high,33,1,33.03333333333333,0.20972812175750732,0.8055847519781876
BH_s10_high,33,2,33.06666666666667,0.09656369686126709,1.5832040195944268
BH_s10_high,33,3,33.1,-0.07060659676790237,2.067299294647571
BH_s10_high,33,4,33.13333333333333,-0.30635085701942444,2.1999769517815326
BH_s10_high,33,5,33.166666666666664,-0.5571063160896301,1.9992401737832393
BH_s10_high,33,6,33.2,-0.7430182695388794,1.541171663154628
BH_s10_high,33,7,33.233333333333334,-0.8674634099006653,0.9294404912641028
BH_s10_high,33,8,33.266666666666666,-0.9735206961631775,0.267320887593416
BH_s10_high,33,9,33.3,-1.0571058988571167,-0.3580125125146619
BH_s10_high,33,10,33.333333333333336,-1.1406910419464111,-0.8791218566528874
BH_s10_high,33,11,33.36666666666667,-1.2242761850357056,-1.2469501310915836
BH_s10_high,33,12,33.4,-1.2860077619552612,-1.4308176730572706
BH_s10_high,33,13,33.43333333333333,-1.0289394855499268,-1.4209122065273965
BH_s10_high,33,14,33.46666666666667,-0.37046805024147034,-1.230473422505958
BH_s10_high,33,15,33.5,0.422658234834671,-0.8946719595225909
BH_s10_high,33,16,33.53333333333333,1.0702801942825317,-0.46566716275566605
BH_s10_high,33,17,33.56666666666667,1.3109031915664673,-0.005127117621355164
BH_s10_high,33,18,33.6,1.3520278930664062,0.4252014606100959
BH_s10_high,33,19,33.63333333333333,1.2281122207641602,0.7746037227619268
BH_s10_high,33,20,33.666666666666664,1.022212028503418,1.0134636826180636
BH_s10_high,33,21,33.7,0.7714565396308899,1.1373644951324677
BH_s10_high,33,22,33.733333333333334,0.5207011103630066,1.1620644964329334
BH_s10_high,33,23,33.766666666666666,0.3458050489425659,1.1111755055034331
BH_s10_high,33,24,33.8,0.20990370213985443,1.0029721938672946
BH_s10_high,33,25,33.833333333333336,0.024785984307527542,0.8432987316847279
BH_s10_high,33,26,33.86666666666667,-0.1832442581653595,0.6272137434161461
BH_s10_high,33,27,33.9,-0.40832653641700745,0.34680264124993637
BH_s10_high,33,28,33.93333333333333,-0.6182219982147217,0.000615078402024203
BH_s10_high,33,29,33.96666666666667,-0.7853923439979553,-0.39886424426562817
BH_s10_high,33,30,34.0,-0.9098374247550964,-0.8217277141806149
BH_s10_high,33,31,34.03333333333333,-1.0160703659057617,-1.222035847749028
BH_s10_high,33,32,34.06666666666667,-1.0996555089950562,-1.544222609593615
BH_s10_high,33,33,34.1,-1.197722315788269,-1.7336061702530643
BH_s10_high,33,34,34.13333333333333,-1.3095510005950928,-1.7485781825194935
BH_s10_high,33,35,34.166666666666664,-1.3931361436843872,-1.5711054786132106
BH_s10_high,33,36,34.2,-1.3984524011611938,-1.2127242073696902
BH_s10_high,33,37,34.233333333333334,-0.9844180345535278,-0.7146131064220328
BH_s10_high,33,38,34.266666666666666,-0.17209500074386597,-0.1416005802415566
BH_s10_high,33,39,34.3,0.7407612800598145,0.4290326289846535
BH_s10_high,33,40,34.333333333333336,1.31357741355896,0.9220466122352726
BH_s10_high,33,41,34.36666666666667,1.522047996520996,1.2789651196458378
BH_s10_high,33,42,34.4,1.4825090169906616,1.469119227956302
BH_s10_high,33,43,34.43333333333333,1.3603695631027222,1.4935023577621984
BH_s10_high,33,44,34.46666666666667,1.1565101146697998,1.3800674407322904
BH_s10_high,33,45,34.5,0.8709307909011841,1.1721983899923398
BH_s10_high,33,46,34.53333333333333,0.6122740507125854,0.9146741171964413
BH_s10_high,33,47,34.56666666666667,0.4353371262550354,0.6421870001614887
BH_s10_high,33,48,34.6,0.26816684007644653,0.3739465104498043
BH_s10_high,33,49,34.63333333333333,0.07363369315862656,0.11503731822928812
BH_s10_high,33,50,34.666666666666664,-0.15989413857460022,-0.13743534667269225
BH_s10_high,33,51,34.7,-0.42787718772888184,-0.38656161111783033
BH_s10_high,33,52,34.733333333333334,-0.6141403317451477,-0.6288783937352957
BH_s10_high,33,53,34.766666666666666,-0.7813106179237366,-0.8503478240698695
BH_s10_high,33,54,34.8,-0.9057557582855225,-1.026229648633467
BH_s10_high,33,55,34.833333333333336,-1.0140295028686523,-1.1253681365691468
BH_s10_high,33,56,34.86666666666667,-1.0976146459579468,-1.1180168223385212
BH_s10_high,33,57,34.9,-1.223924994468689,-0.9850423620747345
BH_s10_high,33,58,34.93333333333333,-1.3075101375579834,-0.7261200931966387
BH_s10_high,33,59,34.96666666666667,-1.3910952806472778,-0.36489197944118834
BH_s10_high,33,60,35.0,-1.4045748710632324,0.05074409837508405
BH_s10_high,33,61,35.03333333333333,-0.9957649111747742,0.45483245716961934
BH_s10_high,33,62,35.06666666666667,-0.15181900560855865,0.7766180771119924
BH_s10_high,33,63,35.1,0.7651189565658569,0.9587209579564492
BH_s10_high,33,64,35.13333333333333,1.3489482402801514,0.9743876196236138
BH_s10_high,33,65,35.166666666666664,1.4374781847000122,0.8364486324907433
BH_s10_high,33,66,35.2,1.3563742637634277,0.5935017167478369
BH_s10_high,33,67,35.233333333333334,1.1570369005203247,0.314428224608358
BH_s10_high,33,68,35.266666666666666,0.9062814116477966,0.06717731953274708
BH_s10_high,33,69,35.3,0.6555259823799133,-0.10050375906174941
BH_s10_high,33,70,35.333333333333336,0.435688316822052,-0.17240638494374716
BH_s10_high,33,71,35.36666666666667,0.29757052659988403,-0.16465701494308072
BH_s10_high,33,72,35.4,0.1867981106042862,-0.11655397418072788
BH_s10_high,33,73,35.43333333333333,-0.023097382858395576,-0.0748400833769841
BH_s10_high,33,74,35.46666666666667,-0.2564496397972107,-0.07713600617164057
BH_s10_high,33,75,35.5,-0.507205069065094,-0.14043012103921126
BH_s10_high,33,76,35.53333333333333,-0.738234281539917,-0.2576635387279903
BH_s10_high,33,77,35.56666666666667,-0.8448183536529541,-0.4016847987872178
BH_s10_high,33,78,35.6,-0.9711287021636963,-0.5337515039720858
BH_s10_high,33,79,35.63333333333333,-1.0547138452529907,-0.6136832014775551
BH_s10_high,33,80,35.666666666666664,-1.1505643129348755,-0.6096621947852267
BH_s10_high,33,81,35.7,-1.2750093936920166,-0.5063905072674919
BH_s10_high,33,82,35.733333333333334,-1.3909196853637695,-0.31028826792734515
BH_s10_high,33,83,35.766666666666666,-1.3557069301605225,-0.050073171617089705
BH_s10_high,33,84,35.8,-0.821640133857727,0.22867996665240817
BH_s10_high,33,85,35.833333333333336,0.06281454861164093,0.47479045018241406
BH_s10_high,33,86,35.86666666666667,0.9322920441627502,0.6456415455449215
BH_s10_high,33,87,35.9,1.3077195882797241,0.719366199999938
BH_s10_high,33,88,35.93333333333333,1.2718909978866577,0.7003558869471542
BH_s10_high,33,89,35.96666666666667,1.1047207117080688,0.615535935502689
BH_s10_high,33,90,36.0,0.8221492767333984,0.5019808057938716
BH_s10_high,33,91,36.03333333333333,0.5650066137313843,0.3903183773306039
BH_s10_high,33,92,36.06666666666667,0.3142511546611786,0.29172249089411295
BH_s10_high,33,93,36.1,0.1677052527666092,0.19558662029529497
BH_s10_high,33,94,36.13333333333333,0.08412010967731476,0.07888112614878759
BH_s10_high,33,95,36.166666666666664,-0.06920191645622253,-0.07865143024213864
BH_s10_high,33,96,36.2,-0.28666505217552185,-0.2815887383320367
BH_s10_high,33,97,36.233333333333334,-0.5977244973182678,-0.5135663937979215
BH_s10_high,33,98,36.266666666666666,-0.8484799265861511,-0.7401427099970567
BH_s10_high,33,99,36.3,-1.0565102100372314,-0.9169762773426794
BH_s10_high,33,100,36.333333333333336,-1.2041298151016235,-1.0004279817367694
BH_s10_high,33,101,36.36666666666667,-1.31275475025177,-0.9585841282419125
BH_s10_high,33,102,36.4,-1.3963398933410645,-0.780249813525891
BH_s10_high,33,103,36.43333333333333,-1.4799250364303589,-0.47914366083464777
BH_s10_high,33,104,36.46666666666667,-1.5532857179641724,-0.09218332405059067
BH_s10_high,33,105,36.5,-1.4176803827285767,0.326981422453597
BH_s10_high,33,106,36.53333333333333,-0.7063052654266357,0.7171728946314543
BH_s10_high,33,107,36.56666666666667,0.30134519934654236,1.0199925208687732
BH_s10_high,33,108,36.6,1.2831578254699707,1.1900457756074774
BH_s10_high,33,109,36.63333333333333,1.6938294172286987,1.2038294209585159
BH_s10_high,33,110,36.666666666666664,1.6520713567733765,1.0654290307975465
BH_s10_high,33,111,36.7,1.4459753036499023,0.8063701169737469
BH_s10_high,33,112,36.733333333333334,1.195219874382019,0.47715012573860555
BH_s10_high,33,113,36.766666666666666,0.9083020687103271,0.13132860368059446
BH_s10_high,33,114,36.8,0.6082585453987122,-0.1910369368846653
BH_s10_high,33,115,36.833333333333336,0.3899349570274353,-0.47136610856902644
BH_s10_high,33,116,36.86666666666667,0.22276465594768524,-0.7078682504046562
BH_s10_high,33,117,36.9,0.02689301036298275,-0.9025790835079566
BH_s10_high,33,118,36.93333333333333,-0.20797333121299744,-1.0492485045695477
BH_s10_high,33,119,36.96666666666667,-0.4995887279510498,-1.1294361155153603
BH_s10_high,33,120,37.0,-0.7680985331535339,-1.1178652929126922
BH_s10_high,33,121,37.03333333333333,-1.018854022026062,-0.9927225160763881
BH_s10_high,33,122,37.06666666666667,-1.1881340742111206,-0.7459804316152012
BH_s10_high,33,123,37.1,-1.3144444227218628,-0.39074719932524415
BH_s10_high,33,124,37.13333333333333,-1.3980295658111572,0.036358253857613536
BH_s10_high,33,125,37.166666666666664,-1.4816147089004517,0.47925768774197663
BH_s10_high,33,126,37.2,-1.565199851989746,0.8726660730279241
BH_s10_high,33,127,37.233333333333334,-1.4502675533294678,1.1562111814525164
BH_s10_high,33,128,37.266666666666666,-0.7796632051467896,1.2887791568178257
BH_s10_high,33,129,37.3,0.23786045610904694,1.2587128699559105
BH_s10_high,33,130,37.333333333333336,1.255023717880249,1.0854542571354018
BH_s10_high,33,131,37.36666666666667,1.6536920070648193,0.8108949664743225
BH_s10_high,33,132,37.4,1.6489365100860596,0.48425804372253767
BH_s10_high,33,133,37.43333333333333,1.3981810808181763,0.14806416183693838
BH_s10_high,33,134,37.46666666666667,1.147425651550293,-0.16911558624060077
BH_s10_high,33,135,37.5,0.8160929679870605,-0.4521022743172499
BH_s10_high,33,136,37.53333333333333,0.5244776010513306,-0.6929681844702428
BH_s10_high,33,137,37.56666666666667,0.3097088932991028,-0.8829899584346186
BH_s10_high,33,138,37.6,0.17666012048721313,-1.007021268836076
BH_s10_high,33,139,37.63333333333333,0.009489821270108223,-1.0436037501414561
BH_s10_high,33,140,37.666666666666664,-0.18620623648166656,-0.97106136799671
BH_s10_high,33,141,37.7,-0.4796868860721588,-0.7769163369980409
BH_s10_high,33,142,37.733333333333334,-0.7304423451423645,-0.4671599201886055
BH_s10_high,33,143,37.766666666666666,-0.9582677483558655,-0.07204491289125937
BH_s10_high,33,144,37.8,-1.1043733358383179,0.35502585101870654
BH_s10_high,33,145,37.833333333333336,-1.1879584789276123,0.7474368089569787
BH_s10_high,33,146,37.86666666666667,-1.3142688274383545,1.0417848900172508
BH_s10_high,33,147,37.9,-1.397853970527649,1.1944196017559445
BH_s10_high,33,148,37.93333333333333,-1.3706952333450317,1.1913319480403073
BH_s10_high,33,149,37.96666666666667,-0.8377479910850525,1.0477592590854106
BH_s10_high,33,150,38.0,0.09342710673809052,0.7984187024350985
BH_s10_high,33,151,38.03333333333333,0.9888397455215454,0.4833282215510742
BH_s10_high,33,152,38.06666666666667,1.4436209201812744,0.1360802425234967
BH_s10_high,33,153,38.1,1.381920576095581,-0.22018457347280698
BH_s10_high,33,154,38.13333333333333,1.1287529468536377,-0.5686090607814088
BH_s10_high,33,155,38.166666666666664,0.7944123148918152,-0.8905095790890425
BH_s10_high,33,156,38.2,0.46007171273231506,-1.1592015392871
BH_s10_high,33,157,38.233333333333334,0.2475396692752838,-1.3398028622819238
BH_s10_high,33,158,38.266666666666666,0.11804580688476562,-1.39549204361545
BH_s10_high,33,159,38.3,0.03446066007018089,-1.2977643166057389
BH_s10_high,33,160,38.333333333333336,-0.08307041227817535,-1.0372537442593701
BH_s10_high,33,161,38.36666666666667,-0.3250465989112854,-0.6317697243216623
BH_s10_high,33,162,38.4,-0.6185272336006165,-0.12829350571649217
BH_s10_high,33,163,38.43333333333333,-0.8692826628684998,0.403349580174051
BH_s10_high,33,164,38.46666666666667,-1.050827980041504,0.8846685594432422
BH_s10_high,33,165,38.5,-1.1933785676956177,1.2465176841607986
BH_s10_high,33,166,38.53333333333333,-1.2769638299942017,1.4446298091560874
BH_s10_high,33,167,38.56666666666667,-1.360548973083496,1.4670509500983475
BH_s10_high,33,168,38.6,-1.282588005065918,1.3315572740529857
BH_s10_high,33,169,38.63333333333333,-0.7579798102378845,1.0753704231244514
BH_s10_high,33,170,38.666666666666664,0.16834238171577454,0.7417714830557537
BH_s10_high,33,171,38.7,1.088354468345642,0.3685155628433229
BH_s10_high,33,172,38.733333333333334,1.5344915390014648,-0.017932998743346293
BH_s10_high,33,173,38.766666666666666,1.4608081579208374,-0.40059263086375385
BH_s10_high,33,174,38.8,1.192522644996643,-0.7643776019637376
BH_s10_high,33,175,38.833333333333336,0.8581820130348206,-1.0876226816372387
BH_s10_high,33,176,38.86666666666667,0.5279433131217957,-1.3382610921646922
BH_s10_high,33,177,38.9,0.28166118264198303,-1.4776859625027472
BH_s10_high,33,178,38.93333333333333,0.1980760395526886,-1.4708591744578525
BH_s10_high,33,179,38.96666666666667,0.11449088901281357,-1.2979193619371612
BH_s10_high,33,180,39.0,-0.011819456703960896,-0.9626053107701867
BH_s10_high,33,181,39.03333333333333,-0.2933575510978699,-0.4951436482602002
BH_s10_high,33,182,39.06666666666667,-0.5920625329017639,0.05051301808069301
BH_s10_high,33,183,39.1,-0.885543167591095,0.6042032596729509
BH_s10_high,33,184,39.13333333333333,-1.0616683959960938,1.090855735424642
BH_s10_high,33,185,39.166666666666664,-1.1560735702514648,1.444141186588667
BH_s10_high,33,186,39.2,-1.2396587133407593,1.6195883922528407
BH_s10_high,33,187,39.233333333333334,-1.2969346046447754,1.6032082975360407
BH_s10_high,33,188,39.266666666666666,-1.0892637968063354,1.4125551696930672
BH_s10_high,33,189,39.3,-0.36496421694755554,1.0896944733770466
BH_s10_high,33,190,39.333333333333336,0.6179112195968628,0.6884352384927513
BH_s10_high,33,191,39.36666666666667,1.441240906715393,0.26028729215134244
BH_s10_high,33,192,39.4,1.719571590423584,-0.15583185301928965
BH_s10_high,33,193,39.43333333333333,1.6057507991790771,-0.5363673714005128
BH_s10_high,33,194,39.46666666666667,1.341742753982544,-0.8675406130539232
BH_s10_high,33,195,39.5,1.050127387046814,-1.1347334790055803
BH_s10_high,33,196,39.53333333333333,0.7253088355064392,-1.313879360035323
BH_s10_high,33,197,39.56666666666667,0.4822101891040802,-1.3718948692852866
BH_s10_high,33,198,39.6,0.3635566830635071,-1.2780307150557617
BH_s10_high,33,199,39.63333333333333,0.23332001268863678,-1.020917358540328
BH_s10_high,33,200,39.666666666666664,0.06614971160888672,-0.6218681498552343
BH_s10_high,33,201,39.7,-0.186666801571846,-0.1364656734459876
BH_s10_high,33,202,39.733333333333334,-0.47847801446914673,0.3571857466353524
BH_s10_high,33,203,39.766666666666666,-0.6917123794555664,0.7785114593539895
BH_s10_high,33,204,39.8,-0.8588826656341553,1.0650175613107367
BH_s10_high,33,205,39.833333333333336,-0.9833277463912964,1.1863620829739752
BH_s10_high,33,206,39.86666666666667,-1.0741780996322632,1.1474848892079712
BH_s10_high,33,207,39.9,-1.1260337829589844,0.9802689168706598
BH_s10_high,33,208,39.93333333333333,-0.8613978624343872,0.7280577009598953
BH_s10_high,33,209,39.96666666666667,-0.11971534788608551,0.43050734734998963
BH_s10_high,33,210,40.0,0.8277202844619751,0.11541640719747191
BH_s10_high,33,211,40.03333333333333,1.4491018056869507,-0.20013642027596415
BH_s10_high,33,212,40.06666666666667,1.543250560760498,-0.502275003098748
BH_s10_high,33,213,40.1,1.3964022397994995,-0.7724568497211612
BH_s10_high,33,214,40.13333333333333,1.1491612195968628,-0.9844753092144232
BH_s10_high,33,215,40.166666666666664,0.8575458526611328,-1.1078968173466852
BH_s10_high,33,216,40.2,0.538147509098053,-1.1156331888411957
BH_s10_high,33,217,40.233333333333334,0.35627123713493347,-0.9917961620356577
BH_s10_high,33,218,40.266666666666666,0.27268609404563904,-0.7373821760506751
BH_s10_high,33,219,40.3,0.1370292603969574,-0.3734609894005157
BH_s10_high,33,220,40.333333333333336,-0.03762226179242134,0.05803443516758952
BH_s10_high,33,221,40.36666666666667,-0.28837770223617554,0.4970307645984809
BH_s10_high,33,222,40.4,-0.5391331315040588,0.8736501182103014
BH_s10_high,33,223,40.43333333333333,-0.7452779412269592,1.1228478447687673
BH_s10_high,33,224,40.46666666666667,-0.8697230219841003,1.2019661766635972
BH_s10_high,33,225,40.5,-0.9960131049156189,1.1041814961407361
BH_s10_high,33,226,40.53333333333333,-1.1223235130310059,0.8610544613115707
BH_s10_high,33,227,40.56666666666667,-1.051734447479248,0.5319674755429432
BH_s10_high,33,228,40.6,-0.5019567608833313,0.18473413883513348
BH_s10_high,33,229,40.63333333333333,0.3858514726161957,-0.12411042224427296
BH_s10_high,33,230,40.666666666666664,1.2199324369430542,-0.3616439243331344
BH_s10_high,33,231,40.7,1.5823060274124146,-0.5202865820229794
BH_s10_high,33,232,40.733333333333334,1.5378304719924927,-0.6105843614649409
BH_s10_high,33,233,40.766666666666666,1.359603762626648,-0.649819875659334
BH_s10_high,33,234,40.8,1.0847554206848145,-0.6518011756353154
BH_s10_high,33,235,40.833333333333336,0.7726424336433411,-0.621701112573426
BH_s10_high,33,236,40.86666666666667,0.49952420592308044,-0.5572664296229084
BH_s10_high,33,237,40.9,0.3508510887622833,-0.45477081650353374
BH_s10_high,33,238,40.93333333333333,0.22454072535037994,-0.3157043420628592
BH_s10_high,33,239,40.96666666666667,0.06869707256555557,-0.15006497200439178
BH_s10_high,34,0,34.0,-0.9098374247550964,-0.018270049870391533
BH_s10_high,34,1,34.03333333333333,-1.0160703659057617,-0.1913778246727086
BH_s10_high,34,2,34.06666666666667,-1.0996555089950562,-0.3751821426216126
BH_s10_high,34,3,34.1,-1.197722315788269,-0.5659369251955402
BH_s10_high,34,4,34.13333333333333,-1.3095510005950928,-0.7384937899456969
BH_s10_high,34,5,34.166666666666664,-1.3931361436843872,-0.8520650500506105
BH_s10_high,34,6,34.2,-1.3984524011611938,-0.8652441334392956
BH_s10_high,34,7,34.233333333333334,-0.9844180345535278,-0.7521929035945366
BH_s10_high,34,8,34.266666666666666,-0.17209500074386597,-0.5126760077624428
BH_s10_high,34,9,34.3,0.7407612800598145,-0.17311985821395828
BH_s10_high,34,10,34.333333333333336,1.31357741355896,0.2201488826012601
BH_s10_high,34,11,34.36666666666667,1.522047996520996,0.6122440546928322
BH_s10_high,34,12,34.4,1.4825090169906616,0.9517717389273322
BH_s10_high,34,13,34.43333333333333,1.3603695631027222,1.200153578719389
BH_s10_high,34,14,34.46666666666667,1.1565101146697998,1.336041760504099
BH_s10_high,34,15,34.5,0.8709307909011841,1.3546167707686532
BH_s10_high,34,16,34.53333333333333,0.6122740507125854,1.2636609437261028
BH_s10_high,34,17,34.56666666666667,0.4353371262550354,1.079082983396626
BH_s10_high,34,18,34.6,0.26816684007644653,0.8213709098444794
BH_s10_high,34,19,34.63333333333333,0.07363369315862656,0.5127883737498911
BH_s10_high,34,20,34.666666666666664,-0.15989413857460022,0.17477661675124032
BH_s10_high,34,21,34.7,-0.42787718772888184,-0.17398277281867364
BH_s10_high,34,22,34.733333333333334,-0.6141403317451477,-0.517393846207631
BH_s10_high,34,23,34.766666666666666,-0.7813106179237366,-0.8389836709668225
BH_s10_high,34,24,34.8,-0.9057557582855225,-1.1180999870368629
BH_s10_high,34,25,34.833333333333336,-1.0140295028686523,-1.3286867690526927
BH_s10_high,34,26,34.86666666666667,-1.0976146459579468,-1.4422396716183739
BH_s10_high,34,27,34.9,-1.223924994468689,-1.4338385426818665
BH_s10_high,34,28,34.93333333333333,-1.3075101375579834,-1.289406262600651
BH_s10_high,34,29,34.96666666666667,-1.3910952806472778,-1.0126367318700111
BH_s10_high,34,30,35.0,-1.4045748710632324,-0.6295609271825818
BH_s10_high,34,31,35.03333333333333,-0.9957649111747742,-0.18800071237835017
BH_s10_high,34,32,35.06666666666667,-0.15181900560855865,0.25020423864628116
BH_s10_high,34,33,35.1,0.7651189565658569,0.6234514497353005
BH_s10_high,34,34,35.13333333333333,1.3489482402801514,0.886295060860577
BH_s10_high,34,35,35.166666666666664,1.4374781847000122,1.0202071889837192
BH_s10_high,34,36,35.2,1.3563742637634277,1.0346681901427313
BH_s10_high,34,37,35.233333333333334,1.1570369005203247,0.9589169327545229
BH_s10_high,34,38,35.266666666666666,0.9062814116477966,0.8287321870895631
BH_s10_high,34,39,35.3,0.6555259823799133,0.673964622717849
BH_s10_high,34,40,35.333333333333336,0.435688316822052,0.5111302108219926
BH_s10_high,34,41,35.36666666666667,0.29757052659988403,0.34266897285393766
BH_s10_high,34,42,35.4,0.1867981106042862,0.16202142442429884
BH_s10_high,34,43,35.43333333333333,-0.023097382858395576,-0.038198123328615344
BH_s10_high,34,44,35.46666666666667,-0.2564496397972107,-0.2587846870896369
BH_s10_high,34,45,35.5,-0.507205069065094,-0.49043363292699943
BH_s10_high,34,46,35.53333333333333,-0.738234281539917,-0.7145777368209785
BH_s10_high,34,47,35.56666666666667,-0.8448183536529541,-0.9065913534253129
BH_s10_high,34,48,35.6,-0.9711287021636963,-1.0393554500228044
BH_s10_high,34,49,35.63333333333333,-1.0547138452529907,-1.086805402337316
BH_s10_high,34,50,35.666666666666664,-1.1505643129348755,-1.0283305441758301
BH_s10_high,34,51,35.7,-1.2750093936920166,-0.854457914633006
BH_s10_high,34,52,35.733333333333334,-1.3909196853637695,-0.5723759666356022
BH_s10_high,34,53,35.766666666666666,-1.3557069301605225,-0.20849534678637704
BH_s10_high,34,54,35.8,-0.821640133857727,0.19401313720942315
BH_s10_high,34,55,35.833333333333336,0.06281454861164093,0.5826612330159806
BH_s10_high,34,56,35.86666666666667,0.9322920441627502,0.9061459692926592
BH_s10_high,34,57,35.9,1.3077195882797241,1.1249764906245971
BH_s10_high,34,58,35.93333333333333,1.2718909978866577,1.2191223722091353
BH_s10_high,34,59,35.96666666666667,1.1047207117080688,1.1901288175267588
BH_s10_high,34,60,36.0,0.8221492767333984,1.056558500337747
BH_s10_high,34,61,36.03333333333333,0.5650066137313843,0.844500451586378
BH_s10_high,34,62,36.06666666666667,0.3142511546611786,0.578309754978379
BH_s10_high,34,63,36.1,0.1677052527666092,0.2769398051813183
BH_s10_high,34,64,36.13333333333333,0.08412010967731476,-0.043435982413873246
BH_s10_high,34,65,36.166666666666664,-0.06920191645622253,-0.36464870353786283
BH_s10_high,34,66,36.2,-0.28666505217552185,-0.6639143343252175
BH_s10_high,34,67,36.233333333333334,-0.5977244973182678,-0.9144868130472227
BH_s10_high,34,68,36.266666666666666,-0.8484799265861511,-1.0880872772032375
BH_s10_high,34,69,36.3,-1.0565102100372314,-1.1576728082492764
BH_s10_high,34,70,36.333333333333336,-1.2041298151016235,-1.1011546188937664
BH_s10_high,34,71,36.36666666666667,-1.31275475025177,-0.90750413874186
BH_s10_high,34,72,36.4,-1.3963398933410645,-0.5843510902814079
BH_s10_high,34,73,36.43333333333333,-1.4799250364303589,-0.16323246435729044
BH_s10_high,34,74,36.46666666666667,-1.5532857179641724,0.30153210146165504
BH_s10_high,34,75,36.5,-1.4176803827285767,0.7416451965490852
BH_s10_high,34,76,36.53333333333333,-0.7063052654266357,1.0890036490595594
BH_s10_high,34,77,36.56666666666667,0.30134519934654236,1.290629657587068
BH_s10_high,34,78,36.6,1.2831578254699707,1.3198813992534693
BH_s10_high,34,79,36.63333333333333,1.6938294172286987,1.1810783804659652
BH_s10_high,34,80,36.666666666666664,1.6520713567733765,0.9064326486897543
BH_s10_high,34,81,36.7,1.4459753036499023,0.5459861213009086
BH_s10_high,34,82,36.733333333333334,1.195219874382019,0.15338788192581657
BH_s10_high,34,83,36.766666666666666,0.9083020687103271,-0.22766751961109902
BH_s10_high,34,84,36.8,0.6082585453987122,-0.5708867261232206
BH_s10_high,34,85,36.833333333333336,0.3899349570274353,-0.8654958352237071
BH_s10_high,34,86,36.86666666666667,0.22276465594768524,-1.1067659581970026
BH_s10_high,34,87,36.9,0.02689301036298275,-1.2850629324273968
BH_s10_high,34,88,36.93333333333333,-0.20797333121299744,-1.3801291756882044
BH_s10_high,34,89,36.96666666666667,-0.4995887279510498,-1.364140607185015
BH_s10_high,34,90,37.0,-0.7680985331535339,-1.2123645732530526
BH_s10_high,34,91,37.03333333333333,-1.018854022026062,-0.9165315872431519
BH_s10_high,34,92,37.06666666666667,-1.1881340742111206,-0.4949538049161898
BH_s10_high,34,93,37.1,-1.3144444227218628,0.005216706676957196
BH_s10_high,34,94,37.13333333333333,-1.3980295658111572,0.5153740948700044
BH_s10_high,34,95,37.166666666666664,-1.4816147089004517,0.9605751204535294
BH_s10_high,34,96,37.2,-1.565199851989746,1.277007190682082
BH_s10_high,34,97,37.233333333333334,-1.4502675533294678,1.4255636595628682
BH_s10_high,34,98,37.266666666666666,-0.7796632051467896,1.397936215350249
BH_s10_high,34,99,37.3,0.23786045610904694,1.2150567517262965
BH_s10_high,34,100,37.333333333333336,1.255023717880249,0.9192748239226622
BH_s10_high,34,101,37.36666666666667,1.6536920070648193,0.5624468947246326
BH_s10_high,34,102,37.4,1.6489365100860596,0.19361698414947087
BH_s10_high,34,103,37.43333333333333,1.3981810808181763,-0.14944970399278
BH_s10_high,34,104,37.46666666666667,1.147425651550293,-0.442636424418523
BH_s10_high,34,105,37.5,0.8160929679870605,-0.6726388422441061
BH_s10_high,34,106,37.53333333333333,0.5244776010513306,-0.8317544181069209
BH_s10_high,34,107,37.56666666666667,0.3097088932991028,-0.9133775507377998
BH_s10_high,34,108,37.6,0.17666012048721313,-0.9103710824064182
BH_s10_high,34,109,37.63333333333333,0.009489821270108223,-0.8168299347650753
BH_s10_high,34,110,37.666666666666664,-0.18620623648166656,-0.632001254428194
BH_s10_high,34,111,37.7,-0.4796868860721588,-0.36447586873403476
BH_s10_high,34,112,37.733333333333334,-0.7304423451423645,-0.0354704154093786
BH_s10_high,34,113,37.766666666666666,-0.9582677483558655,0.31972894360001297
BH_s10_high,34,114,37.8,-1.1043733358383179,0.6541810170840421
BH_s10_high,34,115,37.833333333333336,-1.1879584789276123,0.9174543178355749
BH_s10_high,34,116,37.86666666666667,-1.3142688274383545,1.06816228223283
BH_s10_high,34,117,37.9,-1.397853970527649,1.0856653983294267
BH_s10_high,34,118,37.93333333333333,-1.3706952333450317,0.9750250768876961
BH_s10_high,34,119,37.96666666666667,-0.8377479910850525,0.7624665074045671
BH_s10_high,34,120,38.0,0.09342710673809052,0.48376951943174745
BH_s10_high,34,121,38.03333333333333,0.9888397455215454,0.17180803211322984
BH_s10_high,34,122,38.06666666666667,1.4436209201812744,-0.15058350093298475
BH_s10_high,34,123,38.1,1.381920576095581,-0.4697285112958776
BH_s10_high,34,124,38.13333333333333,1.1287529468536377,-0.7741410626035063
BH_s10_high,34,125,38.166666666666664,0.7944123148918152,-1.0464916725967561
BH_s10_high,34,126,38.2,0.46007171273231506,-1.2595303793633674
BH_s10_high,34,127,38.233333333333334,0.2475396692752838,-1.3784746757654376
BH_s10_high,34,128,38.266666666666666,0.11804580688476562,-1.3691105476729835
BH_s10_high,34,129,38.3,0.03446066007018089,-1.208585690800791
BH_s10_high,34,130,38.333333333333336,-0.08307041227817535,-0.8953440398678967
BH_s10_high,34,131,38.36666666666667,-0.3250465989112854,-0.45510209400820334
BH_s10_high,34,132,38.4,-0.6185272336006165,0.059630493463237684
BH_s10_high,34,133,38.43333333333333,-0.8692826628684998,0.5777803172114857
BH_s10_high,34,134,38.46666666666667,-1.050827980041504,1.0246016008528127
BH_s10_high,34,135,38.5,-1.1933785676956177,1.3391706489952067
BH_s10_high,34,136,38.53333333333333,-1.2769638299942017,1.488382250392898
BH_s10_high,34,137,38.56666666666667,-1.360548973083496,1.4719987059503563
BH_s10_high,34,138,38.6,-1.282588005065918,1.3170690235683333
BH_s10_high,34,139,38.63333333333333,-0.7579798102378845,1.0648068733059899
BH_s10_high,34,140,38.666666666666664,0.16834238171577454,0.7560116860436917
BH_s10_high,34,141,38.7,1.088354468345642,0.4209954072600518
BH_s10_high,34,142,38.733333333333334,1.5344915390014648,0.07709726847185075
BH_s10_high,34,143,38.766666666666666,1.4608081579208374,-0.2669957067435381
BH_s10_high,34,144,38.8,1.192522644996643,-0.6036978804672661
BH_s10_high,34,145,38.833333333333336,0.8581820130348206,-0.9198673343599851
BH_s10_high,34,146,38.86666666666667,0.5279433131217957,-1.1936378007879545
BH_s10_high,34,147,38.9,0.28166118264198303,-1.3952440494823262
BH_s10_high,34,148,38.93333333333333,0.1980760395526886,-1.4911443633958745
BH_s10_high,34,149,38.96666666666667,0.11449088901281357,-1.4505487326157067
BH_s10_high,34,150,39.0,-0.011819456703960896,-1.253546358400896
BH_s10_high,34,151,39.03333333333333,-0.2933575510978699,-0.8996716541467875
BH_s10_high,34,152,39.06666666666667,-0.5920625329017639,-0.41477200046411394
BH_s10_high,34,153,39.1,-0.885543167591095,0.1469154503373474
BH_s10_high,34,154,39.13333333333333,-1.0616683959960938,0.7084147947693777
BH_s10_high,34,155,39.166666666666664,-1.1560735702514648,1.1841424535383034
BH_s10_high,34,156,39.2,-1.2396587133407593,1.4994337480660147
BH_s10_high,34,157,39.233333333333334,-1.2969346046447754,1.6092162962188683
BH_s10_high,34,158,39.266666666666666,-1.0892637968063354,1.5092389300037659
BH_s10_high,34,159,39.3,-0.36496421694755554,1.2355993801831906
BH_s10_high,34,160,39.333333333333336,0.6179112195968628,0.8521483912906144
BH_s10_high,34,161,39.36666666666667,1.441240906715393,0.4299711416100536
BH_s10_high,34,162,39.4,1.719571590423584,0.027184436187825692
BH_s10_high,34,163,39.43333333333333,1.6057507991790771,-0.3221587853866863
BH_s10_high,34,164,39.46666666666667,1.341742753982544,-0.6058273505913324
BH_s10_high,34,165,39.5,1.050127387046814,-0.8211183457398322
BH_s10_high,34,166,39.53333333333333,0.7253088355064392,-0.9617899196701579
BH_s10_high,34,167,39.56666666666667,0.4822101891040802,-1.0135360926881567
BH_s10_high,34,168,39.6,0.3635566830635071,-0.9606637701372264
BH_s10_high,34,169,39.63333333333333,0.23332001268863678,-0.7985684812814999
BH_s10_high,34,170,39.666666666666664,0.06614971160888672,-0.5432059146731077
BH_s10_high,34,171,39.7,-0.186666801571846,-0.23138246500048007
BH_s10_high,34,172,39.733333333333334,-0.47847801446914673,0.08828840062788802
BH_s10_high,34,173,39.766666666666666,-0.6917123794555664,0.368937759176824
BH_s10_high,34,174,39.8,-0.8588826656341553,0.5776350236589668
BH_s10_high,34,175,39.833333333333336,-0.9833277463912964,0.7019602471446502
BH_s10_high,34,176,39.86666666666667,-1.0741780996322632,0.7487062617618591
BH_s10_high,34,177,39.9,-1.1260337829589844,0.7351858068799942
BH_s10_high,34,178,39.93333333333333,-0.8613978624343872,0.6773038908132705
BH_s10_high,34,179,39.96666666666667,-0.11971534788608551,0.5807813027163697
BH_s10_high,34,180,40.0,0.8277202844619751,0.44036718570180855
BH_s10_high,34,181,40.03333333333333,1.4491018056869507,0.24724190610386257
BH_s10_high,34,182,40.06666666666667,1.543250560760498,-5.375651126633181e-05
BH_s10_high,34,183,40.1,1.3964022397994995,-0.2875222869547977
BH_s10_high,34,184,40.13333333333333,1.1491612195968628,-0.5841535316571163
BH_s10_high,34,185,40.166666666666664,0.8575458526611328,-0.8465933994769372
BH_s10_high,34,186,40.2,0.538147509098053,-1.0277233843673417
BH_s10_high,34,187,40.233333333333334,0.35627123713493347,-1.086888509269141
BH_s10_high,34,188,40.266666666666666,0.27268609404563904,-0.9999869237721007
BH_s10_high,34,189,40.3,0.1370292603969574,-0.7676357224036782
BH_s10_high,34,190,40.333333333333336,-0.03762226179242134,-0.41919498473918465
BH_s10_high,34,191,40.36666666666667,-0.28837770223617554,-0.010298065856895248
BH_s10_high,34,192,40.4,-0.5391331315040588,0.3874506061998129
BH_s10_high,34,193,40.43333333333333,-0.7452779412269592,0.7035032142746427
BH_s10_high,34,194,40.46666666666667,-0.8697230219841003,0.8877421807631335
BH_s10_high,34,195,40.5,-0.9960131049156189,0.9252254237040068
BH_s10_high,34,196,40.53333333333333,-1.1223235130310059,0.8393285719017427
BH_s10_high,34,197,40.56666666666667,-1.051734447479248,0.6804343924502282
BH_s10_high,34,198,40.6,-0.5019567608833313,0.5045522285156846
BH_s10_high,34,199,40.63333333333333,0.3858514726161957,0.3517542572149796
BH_s10_high,34,200,40.666666666666664,1.2199324369430542,0.2339094795863283
BH_s10_high,34,201,40.7,1.5823060274124146,0.13567958203022432
BH_s10_high,34,202,40.733333333333334,1.5378304719924927,0.026038801290505904
BH_s10_high,34,203,40.766666666666666,1.359603762626648,-0.12619431204112208
BH_s10_high,34,204,40.8,1.0847554206848145,-0.3385736506877975
BH_s10_high,34,205,40.833333333333336,0.7726424336433411,-0.6060728017665636
BH_s10_high,34,206,40.86666666666667,0.49952420592308044,-0.8984508599162874
BH_s10_high,34,207,40.9,0.3508510887622833,-1.1645620210460241
BH_s10_high,34,208,40.93333333333333,0.22454072535037994,-1.3427839960673713
BH_s10_high,34,209,40.96666666666667,0.06869707256555557,-1.375263969909492
BH_s10_high,34,210,41.0,-0.15223456919193268,-1.2230706258510804
BH_s10_high,34,211,41.03333333333333,-0.432813823223114,-0.8790937390940897
BH_s10_high,34,212,41.06666666666667,-0.6743983626365662,-0.37513907905696287
BH_s10_high,34,213,41.1,-0.834263026714325,0.2200530505834252
BH_s10_high,34,214,41.13333333333333,-0.9178481698036194,0.8132482035148201
BH_s10_high,34,215,41.166666666666664,-1.0441584587097168,1.3078206156793182
BH_s10_high,34,216,41.2,-1.124323844909668,1.6283167680025317
BH_s10_high,34,217,41.233333333333334,-0.9555990099906921,1.7406910791934673
BH_s10_high,34,218,41.266666666666666,-0.24901065230369568,1.6600479730781956
BH_s10_high,34,219,41.3,0.6645194888114929,1.4413662191448877
BH_s10_high,34,220,41.333333333333336,1.4769197702407837,1.1561278334920708
BH_s10_high,34,221,41.36666666666667,1.7716634273529053,0.8649655560950177
BH_s10_high,34,222,41.4,1.7460362911224365,0.5986859107443385
BH_s10_high,34,223,41.43333333333333,1.5996944904327393,0.3555780598229409
BH_s10_high,34,224,41.46666666666667,1.3489389419555664,0.11404695667683637
BH_s10_high,34,225,41.5,1.0001627206802368,-0.14773907132738442
BH_s10_high,34,226,41.53333333333333,0.6765273213386536,-0.43480688152623215
BH_s10_high,34,227,41.56666666666667,0.44968917965888977,-0.7272735114871882
BH_s10_high,34,228,41.6,0.2604668140411377,-0.9832744218041798
BH_s10_high,34,229,41.63333333333333,0.05243656784296036,-1.1513354310450403
BH_s10_high,34,230,41.666666666666664,-0.19831888377666473,-1.1877394520354752
BH_s10_high,34,231,41.7,-0.44907432794570923,-1.073028905560374
BH_s10_high,34,232,41.733333333333334,-0.6852387189865112,-0.8222402934084914
BH_s10_high,34,233,41.766666666666666,-0.8396831750869751,-0.48539044850559815
BH_s10_high,34,234,41.8,-0.9659935235977173,-0.13740483472843434
BH_s10_high,34,235,41.833333333333336,-1.0495786666870117,0.14045722242214187
BH_s10_high,34,236,41.86666666666667,-1.1331638097763062,0.2830184209923195
BH_s10_high,34,237,41.9,-1.2114841938018799,0.2609169065309231
BH_s10_high,34,238,41.93333333333333,-1.0629111528396606,0.0908341142888901
BH_s10_high,34,239,41.96666666666667,-0.4270874559879303,-0.16818242989709994
BH_s10_high,35,0,35.0,-1.4045748710632324,0.07636001565362427
BH_s10_high,35,1,35.03333333333333,-0.9957649111747742,1.1402956431210542
BH_s10_high,35,2,35.06666666666667,-0.15181900560855865,2.0345842598167594
BH_s10_high,35,3,35.1,0.7651189565658569,2.632279205285538
BH_s10_high,35,4,35.13333333333333,1.3489482402801514,2.8752896893466553
BH_s10_high,35,5,35.166666666666664,1.4374781847000122,2.782920887778843
BH_s10_high,35,6,35.2,1.3563742637634277,2.4368378811702467
BH_s10_high,35,7,35.233333333333334,1.1570369005203247,1.9501040199009865
BH_s10_high,35,8,35.266666666666666,0.9062814116477966,1.4330470960136847
BH_s10_high,35,9,35.3,0.6555259823799133,0.9668785546151715
BH_s10_high,35,10,35.333333333333336,0.435688316822052,0.5906680686195344
BH_s10_high,35,11,35.36666666666667,0.29757052659988403,0.3021308323679446
BH_s10_high,35,12,35.4,0.1867981106042862,0.06963377648486843
BH_s10_high,35,13,35.43333333333333,-0.023097382858395576,-0.14902024198144084
BH_s10_high,35,14,35.46666666666667,-0.2564496397972107,-0.38715259699593
BH_s10_high,35,15,35.5,-0.507205069065094,-0.6553363212755703
BH_s10_high,35,16,35.53333333333333,-0.738234281539917,-0.9366585869686674
BH_s10_high,35,17,35.56666666666667,-0.8448183536529541,-1.1910994013070493
BH_s10_high,35,18,35.6,-0.9711287021636963,-1.3667585829471152
BH_s10_high,35,19,35.63333333333333,-1.0547138452529907,-1.4147900488850365
BH_s10_high,35,20,35.666666666666664,-1.1505643129348755,-1.3044851503416441
BH_s10_high,35,21,35.7,-1.2750093936920166,-1.0347339237383701
BH_s10_high,35,22,35.733333333333334,-1.3909196853637695,-0.6384055371344471
BH_s10_high,35,23,35.766666666666666,-1.3557069301605225,-0.17747988438092327
BH_s10_high,35,24,35.8,-0.821640133857727,0.2707763226935547
BH_s10_high,35,25,35.833333333333336,0.06281454861164093,0.6331044831901741
BH_s10_high,35,26,35.86666666666667,0.9322920441627502,0.8588500260757231
BH_s10_high,35,27,35.9,1.3077195882797241,0.9313513959901832
BH_s10_high,35,28,35.93333333333333,1.2718909978866577,0.8683666004933229
BH_s10_high,35,29,35.96666666666667,1.1047207117080688,0.7118714391976956
BH_s10_high,35,30,36.0,0.8221492767333984,0.5109410607723999
BH_s10_high,35,31,36.03333333333333,0.5650066137313843,0.3039460803391555
BH_s10_high,35,32,36.06666666666667,0.3142511546611786,0.10759177948864523
BH_s10_high,35,33,36.1,0.1677052527666092,-0.08207884849073027
BH_s10_high,35,34,36.13333333333333,0.08412010967731476,-0.27819399469172895
BH_s10_high,35,35,36.166666666666664,-0.06920191645622253,-0.4883440955142186
BH_s10_high,35,36,36.2,-0.28666505217552185,-0.7042249542826191
BH_s10_high,35,37,36.233333333333334,-0.5977244973182678,-0.8993169179095805
BH_s10_high,35,38,36.266666666666666,-0.8484799265861511,-1.0341536344502333
BH_s10_high,35,39,36.3,-1.0565102100372314,-1.0666327103151283
BH_s10_high,35,40,36.333333333333336,-1.2041298151016235,-0.9646936530561845
BH_s10_high,35,41,36.36666666666667,-1.31275475025177,-0.7185141513066022
BH_s10_high,35,42,36.4,-1.3963398933410645,-0.3481078652224075
BH_s10_high,35,43,36.43333333333333,-1.4799250364303589,0.09780905751554944
BH_s10_high,35,44,36.46666666666667,-1.5532857179641724,0.5525054654068076
BH_s10_high,35,45,36.5,-1.4176803827285767,0.9475290531055678
BH_s10_high,35,46,36.53333333333333,-0.7063052654266357,1.2278853582826528
BH_s10_high,35,47,36.56666666666667,0.30134519934654236,1.3606138568619093
BH_s10_high,35,48,36.6,1.2831578254699707,1.3357757997837705
BH_s10_high,35,49,36.63333333333333,1.6938294172286987,1.1628667308746892
BH_s10_high,35,50,36.666666666666664,1.6520713567733765,0.8661305787549926
BH_s10_high,35,51,36.7,1.4459753036499023,0.48032700299076114
BH_s10_high,35,52,36.733333333333334,1.195219874382019,0.04687980218507197
BH_s10_high,35,53,36.766666666666666,0.9083020687103271,-0.3899403660360712
BH_s10_high,35,54,36.8,0.6082585453987122,-0.7865479631561679
BH_s10_high,35,55,36.833333333333336,0.3899349570274353,-1.1027825518515746
BH_s10_high,35,56,36.86666666666667,0.22276465594768524,-1.3041201857578402
BH_s10_high,35,57,36.9,0.02689301036298275,-1.364543963770158
BH_s10_high,35,58,36.93333333333333,-0.20797333121299744,-1.2710375313333173
BH_s10_high,35,59,36.96666666666667,-0.4995887279510498,-1.028895657700982
BH_s10_high,35,60,37.0,-0.7680985331535339,-0.6648122436182001
BH_s10_high,35,61,37.03333333333333,-1.018854022026062,-0.2245205087590073
BH_s10_high,35,62,37.06666666666667,-1.1881340742111206,0.23531526666837915
BH_s10_high,35,63,37.1,-1.3144444227218628,0.6579476001193255
BH_s10_high,35,64,37.13333333333333,-1.3980295658111572,0.9963462971614516
BH_s10_high,35,65,37.166666666666664,-1.4816147089004517,1.2193669776992495
BH_s10_high,35,66,37.2,-1.565199851989746,1.3132163900005738
BH_s10_high,35,67,37.233333333333334,-1.4502675533294678,1.2788974027360824
BH_s10_high,35,68,37.266666666666666,-0.7796632051467896,1.1281847885643776
BH_s10_high,35,69,37.3,0.23786045610904694,0.8808246622830305
BH_s10_high,35,70,37.333333333333336,1.255023717880249,0.5632774656387215
BH_s10_high,35,71,37.36666666666667,1.6536920070648193,0.20709814335340768
BH_s10_high,35,72,37.4,1.6489365100860596,-0.15445971416866106
BH_s10_high,35,73,37.43333333333333,1.3981810808181763,-0.4908370298237434
BH_s10_high,35,74,37.46666666666667,1.147425651550293,-0.7773763836396914
BH_s10_high,35,75,37.5,0.8160929679870605,-0.9957700742048985
BH_s10_high,35,76,37.53333333333333,0.5244776010513306,-1.1323033901595905
BH_s10_high,35,77,37.56666666666667,0.3097088932991028,-1.176098678130668
BH_s10_high,35,78,37.6,0.17666012048721313,-1.1192194674973457
BH_s10_high,35,79,37.63333333333333,0.009489821270108223,-0.9588680128144831
BH_s10_high,35,80,37.666666666666664,-0.18620623648166656,-0.7005906697097467
BH_s10_high,35,81,37.7,-0.4796868860721588,-0.361156813540894
BH_s10_high,35,82,37.733333333333334,-0.7304423451423645,0.029729953115483265
BH_s10_high,35,83,37.766666666666666,-0.9582677483558655,0.42972034095839595
BH_s10_high,35,84,37.8,-1.1043733358383179,0.7877255914547795
BH_s10_high,35,85,37.833333333333336,-1.1879584789276123,1.0526646812185496
BH_s10_high,35,86,37.86666666666667,-1.3142688274383545,1.185469379747814
BH_s10_high,35,87,37.9,-1.397853970527649,1.1698231302587043
BH_s10_high,35,88,37.93333333333333,-1.3706952333450317,1.016816884148528
BH_s10_high,35,89,37.96666666666667,-0.8377479910850525,0.761081237273238
BH_s10_high,35,90,38.0,0.09342710673809052,0.44946372176334415
BH_s10_high,35,91,38.03333333333333,0.9888397455215454,0.12660229258241892
BH_s10_high,35,92,38.06666666666667,1.4436209201812744,-0.17649812072633722
BH_s10_high,35,93,38.1,1.381920576095581,-0.4459045362672308
BH_s10_high,35,94,38.13333333333333,1.1287529468536377,-0.6792809698673603
BH_s10_high,35,95,38.166666666666664,0.7944123148918152,-0.8752876939057326
BH_s10_high,35,96,38.2,0.46007171273231506,-1.0242000919854966
BH_s10_high,35,97,38.233333333333334,0.2475396692752838,-1.1050683861120951
BH_s10_high,35,98,38.266666666666666,0.11804580688476562,-1.0908077268847203
BH_s10_high,35,99,38.3,0.03446066007018089,-0.958515493601118
BH_s10_high,35,100,38.333333333333336,-0.08307041227817535,-0.7005002651247872
BH_s10_high,35,101,38.36666666666667,-0.3250465989112854,-0.33191611747935185
BH_s10_high,35,102,38.4,-0.6185272336006165,0.10768185066853994
BH_s10_high,35,103,38.43333333333333,-0.8692826628684998,0.5597589327154195
BH_s10_high,35,104,38.46666666666667,-1.050827980041504,0.9581726479550609
BH_s10_high,35,105,38.5,-1.1933785676956177,1.2436154814587845
BH_s10_high,35,106,38.53333333333333,-1.2769638299942017,1.3769189130282968
BH_s10_high,35,107,38.56666666666667,-1.360548973083496,1.3470079159999393
BH_s10_high,35,108,38.6,-1.282588005065918,1.1710169778581008
BH_s10_high,35,109,38.63333333333333,-0.7579798102378845,0.8867990913268262
BH_s10_high,35,110,38.666666666666664,0.16834238171577454,0.5406240722580281
BH_s10_high,35,111,38.7,1.088354468345642,0.1744897529734967
BH_s10_high,35,112,38.733333333333334,1.5344915390014648,-0.18235258346784602
BH_s10_high,35,113,38.766666666666666,1.4608081579208374,-0.514704430590454
BH_s10_high,35,114,38.8,1.192522644996643,-0.815748543250594
BH_s10_high,35,115,38.833333333333336,0.8581820130348206,-1.0777961352991776
BH_s10_high,35,116,38.86666666666667,0.5279433131217957,-1.2844640666787246
BH_s10_high,35,117,38.9,0.28166118264198303,-1.4084498307346625
BH_s10_high,35,118,38.93333333333333,0.1980760395526886,-1.4162326062869035
BH_s10_high,35,119,38.96666666666667,0.11449088901281357,-1.2781003862804665
BH_s10_high,35,120,39.0,-0.011819456703960896,-0.9804008401023828
BH_s10_high,35,121,39.03333333333333,-0.2933575510978699,-0.5363438499410076
BH_s10_high,35,122,39.06666666666667,-0.5920625329017639,0.008699103435181823
BH_s10_high,35,123,39.1,-0.885543167591095,0.5808699590972562
BH_s10_high,35,124,39.13333333333333,-1.0616683959960938,1.091470858449686
BH_s10_high,35,125,39.166666666666664,-1.1560735702514648,1.4577231768643886
BH_s10_high,35,126,39.2,-1.2396587133407593,1.6241864865309108
BH_s10_high,35,127,39.233333333333334,-1.2969346046447754,1.5770924723337332
BH_s10_high,35,128,39.266666666666666,-1.0892637968063354,1.3459958141227752
BH_s10_high,35,129,39.3,-0.36496421694755554,0.991893580093922
BH_s10_high,35,130,39.333333333333336,0.6179112195968628,0.5862488809460982
BH_s10_high,35,131,39.36666666666667,1.441240906715393,0.18897755545744788
BH_s10_high,35,132,39.4,1.719571590423584,-0.16610011751961143
BH_s10_high,35,133,39.43333333333333,1.6057507991790771,-0.4727798734013445
BH_s10_high,35,134,39.46666666666667,1.341742753982544,-0.7407857163584388
BH_s10_high,35,135,39.5,1.050127387046814,-0.9768279961467117
BH_s10_high,35,136,39.53333333333333,0.7253088355064392,-1.1686708702897537
BH_s10_high,35,137,39.56666666666667,0.4822101891040802,-1.2817517558461997
BH_s10_high,35,138,39.6,0.3635566830635071,-1.2712847439158148
BH_s10_high,35,139,39.63333333333333,0.23332001268863678,-1.1040636361471141
BH_s10_high,35,140,39.666666666666664,0.06614971160888672,-0.778683039239392
BH_s10_high,35,141,39.7,-0.186666801571846,-0.33379396651185517
BH_s10_high,35,142,39.733333333333334,-0.47847801446914673,0.1593395210550148
BH_s10_high,35,143,39.766666666666666,-0.6917123794555664,0.616133784999732
BH_s10_high,35,144,39.8,-0.8588826656341553,0.9620020776621627
BH_s10_high,35,145,39.833333333333336,-0.9833277463912964,1.1515486936924793
BH_s10_high,35,146,39.86666666666667,-1.0741780996322632,1.1772304089944314
BH_s10_high,35,147,39.9,-1.1260337829589844,1.0648766815378603
BH_s10_high,35,148,39.93333333333333,-0.8613978624343872,0.8589519622453203
BH_s10_high,35,149,39.96666666666667,-0.11971534788608551,0.6048083180295286
BH_s10_high,35,150,40.0,0.8277202844619751,0.3356989288764712
BH_s10_high,35,151,40.03333333333333,1.4491018056869507,0.0690057195290956
BH_s10_high,35,152,40.06666666666667,1.543250560760498,-0.1889107226620984
BH_s10_high,35,153,40.1,1.3964022397994995,-0.4336776517464185
BH_s10_high,35,154,40.13333333333333,1.1491612195968628,-0.6548983617971835
BH_s10_high,35,155,40.166666666666664,0.8575458526611328,-0.8326449383656621
BH_s10_high,35,156,40.2,0.538147509098053,-0.93947521095327
BH_s10_high,35,157,40.233333333333334,0.35627123713493347,-0.9470446467551358
BH_s10_high,35,158,40.266666666666666,0.27268609404563904,-0.8353525268178862
BH_s10_high,35,159,40.3,0.1370292603969574,-0.6021434181729568
BH_s10_high,35,160,40.333333333333336,-0.03762226179242134,-0.26951885014252164
BH_s10_high,35,161,40.36666666666667,-0.28837770223617554,0.1153986753427775
BH_s10_high,35,162,40.4,-0.5391331315040588,0.4881137590752603
BH_s10_high,35,163,40.43333333333333,-0.7452779412269592,0.782421246693964
BH_s10_high,35,164,40.46666666666667,-0.8697230219841003,0.9496022832546847
BH_s10_high,35,165,40.5,-0.9960131049156189,0.973390402568056
BH_s10_high,35,166,40.53333333333333,-1.1223235130310059,0.8733013442868612
BH_s10_high,35,167,40.56666666666667,-1.051734447479248,0.6938950269211553
BH_s10_high,35,168,40.6,-0.5019567608833313,0.48507116808530304
BH_s10_high,35,169,40.63333333333333,0.3858514726161957,0.28330320016369215
BH_s10_high,35,170,40.666666666666664,1.2199324369430542,0.1020635886668751
BH_s10_high,35,171,40.7,1.5823060274124146,-0.06630544360278272
BH_s10_high,35,172,40.733333333333334,1.5378304719924927,-0.24068221782310634
BH_s10_high,35,173,40.766666666666666,1.359603762626648,-0.4388124677617555
BH_s10_high,35,174,40.8,1.0847554206848145,-0.6666404846949259
BH_s10_high,35,175,40.833333333333336,0.7726424336433411,-0.9112925552713713
BH_s10_high,35,176,40.86666666666667,0.49952420592308044,-1.1392671303319488
BH_s10_high,35,177,40.9,0.3508510887622833,-1.3013227661318982
BH_s10_high,35,178,40.93333333333333,0.22454072535037994,-1.3438578206442109
BH_s10_high,35,179,40.96666666666667,0.06869707256555557,-1.2242028432878271
BH_s10_high,35,180,41.0,-0.15223456919193268,-0.9258657199653102
BH_s10_high,35,181,41.03333333333333,-0.432813823223114,-0.4692190815190251
BH_s10_high,35,182,41.06666666666667,-0.6743983626365662,0.08687264250910506
BH_s10_high,35,183,41.1,-0.834263026714325,0.6551328160448152
BH_s10_high,35,184,41.13333333333333,-0.9178481698036194,1.1400421315305511
BH_s10_high,35,185,41.166666666666664,-1.0441584587097168,1.462103034253954
BH_s10_high,35,186,41.2,-1.124323844909668,1.5783593229252315
BH_s10_high,35,187,41.233333333333334,-0.9555990099906921,1.4923475732303644
BH_s10_high,35,188,41.266666666666666,-0.24901065230369568,1.2497762636735321
BH_s10_high,35,189,41.3,0.6645194888114929,0.9210842498957976
BH_s10_high,35,190,41.333333333333336,1.4769197702407837,0.5774304756069804
BH_s10_high,35,191,41.36666666666667,1.7716634273529053,0.26961658108573816
BH_s10_high,35,192,41.4,1.7460362911224365,0.017758353617031708
BH_s10_high,35,193,41.43333333333333,1.5996944904327393,-0.18570644638616945
BH_s10_high,35,194,41.46666666666667,1.3489389419555664,-0.3628864495019839
BH_s10_high,35,195,41.5,1.0001627206802368,-0.5339081843383413
BH_s10_high,35,196,41.53333333333333,0.6765273213386536,-0.7036782247957493
BH_s10_high,35,197,41.56666666666667,0.44968917965888977,-0.8562337471374831
BH_s10_high,35,198,41.6,0.2604668140411377,-0.9580812505940687
BH_s10_high,35,199,41.63333333333333,0.05243656784296036,-0.9690995926846812
BH_s10_high,35,200,41.666666666666664,-0.19831888377666473,-0.8570895068601989
BH_s10_high,35,201,41.7,-0.44907432794570923,-0.6109199568864819
BH_s10_high,35,202,41.733333333333334,-0.6852387189865112,-0.24810290813002125
BH_s10_high,35,203,41.766666666666666,-0.8396831750869751,0.18532466573708664
BH_s10_high,35,204,41.8,-0.9659935235977173,0.6226890002083029
BH_s10_high,35,205,41.833333333333336,-1.0495786666870117,0.9906617412223834
BH_s10_high,35,206,41.86666666666667,-1.1331638097763062,1.2260534722974081
BH_s10_high,35,207,41.9,-1.2114841938018799,1.2907564364255866
BH_s10_high,35,208,41.93333333333333,-1.0629111528396606,1.1797588197940503
BH_s10_high,35,209,41.96666666666667,-0.4270874559879303,0.9191412543214798
BH_s10_high,35,210,42.0,0.535946786403656,0.5554101371270536
BH_s10_high,35,211,42.03333333333333,1.4582414627075195,0.14145750619174857
BH_s10_high,35,212,42.06666666666667,1.891209602355957,-0.27501851427549245
BH_s10_high,35,213,42.1,1.9501806497573853,-0.6573317243650247
BH_s10_high,35,214,42.13333333333333,1.837588906288147,-0.9799921324104527
BH_s10_high,35,215,42.166666666666664,1.594625473022461,-1.2256319313261275
BH_s10_high,35,216,42.2,1.238739252090454,-1.3812749556120287
BH_s10_high,35,217,42.233333333333334,0.8501510620117188,-1.4357501513687236
BH_s10_high,35,218,42.266666666666666,0.5860078930854797,-1.3794509276521105
BH_s10_high,35,219,42.3,0.3779776692390442,-1.2071072471554083
BH_s10_high,35,220,42.333333333333336,0.16994741559028625,-0.9231325811408541
BH_s10_high,35,221,42.36666666666667,-0.058931540697813034,-0.5474409626829992
BH_s10_high,35,222,42.4,-0.33156347274780273,-0.11828963001387446
BH_s10_high,35,223,42.43333333333333,-0.582318902015686,0.3107099681851574
BH_s10_high,35,224,42.46666666666667,-0.7740684151649475,0.6794461793175762
BH_s10_high,35,225,42.5,-0.9268232583999634,0.9335105160157487
BH_s10_high,35,226,42.53333333333333,-1.0531336069107056,1.036905665766101
BH_s10_high,35,227,42.56666666666667,-1.13671875,0.9825663052540984
BH_s10_high,35,228,42.6,-1.2203038930892944,0.7969953407949221
BH_s10_high,35,229,42.63333333333333,-1.3038890361785889,0.5352753213132017
BH_s10_high,35,230,42.666666666666664,-1.281666874885559,0.2659437898712069
BH_s10_high,35,231,42.7,-0.8406667709350586,0.05042917205208609
BH_s10_high,35,232,42.733333333333334,0.002484844299033284,-0.07455861238784989
BH_s10_high,35,233,42.766666666666666,1.0468730926513672,-0.104420143868832
BH_s10_high,35,234,42.8,1.6819705963134766,-0.06248990467347776
BH_s10_high,35,235,42.833333333333336,1.822005033493042,0.011736628186684629
BH_s10_high,35,236,42.86666666666667,1.748759150505066,0.07739929511227292
BH_s10_high,35,237,42.9,1.5468312501907349,0.10659317547549554
BH_s10_high,35,238,42.93333333333333,1.2204581499099731,0.0939092335375915
BH_s10_high,35,239,42.96666666666667,0.8433923721313477,0.05691687359499568
BH_s10_high,36,0,36.0,0.8221492767333984,-0.11006870452153364
BH_s10_high,36,1,36.03333333333333,0.5650066137313843,0.378035572729739
BH_s10_high,36,2,36.06666666666667,0.3142511546611786,0.7262402576456071
BH_s10_high,36,3,36.1,0.1677052527666092,0.8361632604077344
BH_s10_high,36,4,36.13333333333333,0.08412010967731476,0.6837751966923558
BH_s10_high,36,5,36.166666666666664,-0.06920191645622253,0.31965887458950637
BH_s10_high,36,6,36.2,-0.28666505217552185,-0.15653761757343576
BH_s10_high,36,7,36.233333333333334,-0.5977244973182678,-0.6321557836848732
BH_s10_high,36,8,36.266666666666666,-0.8484799265861511,-1.0113374611039279
BH_s10_high,36,9,36.3,-1.0565102100372314,-1.2303506277038807
BH_s10_high,36,10,36.333333333333336,-1.2041298151016235,-1.2604172081449312
BH_s10_high,36,11,36.36666666666667,-1.31275475025177,-1.1046693680327453
BH_s10_high,36,12,36.4,-1.3963398933410645,-0.7931171257641815
BH_s10_high,36,13,36.43333333333333,-1.4799250364303589,-0.37532165598122746
BH_s10_high,36,14,36.46666666666667,-1.5532857179641724,0.08937278747942302
BH_s10_high,36,15,36.5,-1.4176803827285767,0.5416825613406487
BH_s10_high,36,16,36.53333333333333,-0.7063052654266357,0.9295138807469782
BH_s10_high,36,17,36.56666666666667,0.30134519934654236,1.2117531681045282
BH_s10_high,36,18,36.6,1.2831578254699707,1.3605758150071063
BH_s10_high,36,19,36.63333333333333,1.6938294172286987,1.3642349786412515
BH_s10_high,36,20,36.666666666666664,1.6520713567733765,1.229500318576762
BH_s10_high,36,21,36.7,1.4459753036499023,0.9805779265555635
BH_s10_high,36,22,36.733333333333334,1.195219874382019,0.6526209873091557
BH_s10_high,36,23,36.766666666666666,0.9083020687103271,0.28180875605132616
BH_s10_high,36,24,36.8,0.6082585453987122,-0.10289215854592458
BH_s10_high,36,25,36.833333333333336,0.3899349570274353,-0.48154262851237795
BH_s10_high,36,26,36.86666666666667,0.22276465594768524,-0.8380300284124406
BH_s10_high,36,27,36.9,0.02689301036298275,-1.1519257017729652
BH_s10_high,36,28,36.93333333333333,-0.20797333121299744,-1.3931529593843293
BH_s10_high,36,29,36.96666666666667,-0.4995887279510498,-1.5235157581585697
BH_s10_high,36,30,37.0,-0.7680985331535339,-1.505636782827848
BH_s10_high,36,31,37.03333333333333,-1.018854022026062,-1.316291474302945
BH_s10_high,36,32,37.06666666666667,-1.1881340742111206,-0.9588806106300156
BH_s10_high,36,33,37.1,-1.3144444227218628,-0.46955769553755566
BH_s10_high,36,34,37.13333333333333,-1.3980295658111572,0.08653839890607384
BH_s10_high,36,35,37.166666666666664,-1.4816147089004517,0.6286290218904669
BH_s10_high,36,36,37.2,-1.565199851989746,1.0785217595775334
BH_s10_high,36,37,37.233333333333334,-1.4502675533294678,1.3771287299801898
BH_s10_high,36,38,37.266666666666666,-0.7796632051467896,1.494706743170933
BH_s10_high,36,39,37.3,0.23786045610904694,1.4333862820992256
BH_s10_high,36,40,37.333333333333336,1.255023717880249,1.222114529375316
BH_s10_high,36,41,37.36666666666667,1.6536920070648193,0.9056161682897214
BH_s10_high,36,42,37.4,1.6489365100860596,0.5317354801625714
BH_s10_high,36,43,37.43333333333333,1.3981810808181763,0.14253170324285372
BH_s10_high,36,44,37.46666666666667,1.147425651550293,-0.22863273789581465
BH_s10_high,36,45,37.5,0.8160929679870605,-0.5558934641635366
BH_s10_high,36,46,37.53333333333333,0.5244776010513306,-0.8186705502882989
BH_s10_high,36,47,37.56666666666667,0.3097088932991028,-1.0002711391963508
BH_s10_high,36,48,37.6,0.17666012048721313,-1.0876819070171564
BH_s10_high,36,49,37.63333333333333,0.009489821270108223,-1.0722259981308337
BH_s10_high,36,50,37.666666666666664,-0.18620623648166656,-0.950758946479353
BH_s10_high,36,51,37.7,-0.4796868860721588,-0.7274896354182511
BH_s10_high,36,52,37.733333333333334,-0.7304423451423645,-0.41669230468888935
BH_s10_high,36,53,37.766666666666666,-0.9582677483558655,-0.04554133597451131
BH_s10_high,36,54,37.8,-1.1043733358383179,0.34561139288512965
BH_s10_high,36,55,37.833333333333336,-1.1879584789276123,0.7082451447682684
BH_s10_high,36,56,37.86666666666667,-1.3142688274383545,0.9953977002007426
BH_s10_high,36,57,37.9,-1.397853970527649,1.1718851269102406
BH_s10_high,36,58,37.93333333333333,-1.3706952333450317,1.2203121138817943
BH_s10_high,36,59,37.96666666666667,-0.8377479910850525,1.1408301131586702
BH_s10_high,36,60,38.0,0.09342710673809052,0.9461596748206789
BH_s10_high,36,61,38.03333333333333,0.9888397455215454,0.655655976099372
BH_s10_high,36,62,38.06666666666667,1.4436209201812744,0.2919607900627258
BH_s10_high,36,63,38.1,1.381920576095581,-0.118587932240404
BH_s10_high,36,64,38.13333333333333,1.1287529468536377,-0.5435375682422993
BH_s10_high,36,65,38.166666666666664,0.7944123148918152,-0.9430460825093628
BH_s10_high,36,66,38.2,0.46007171273231506,-1.2718869291068966
BH_s10_high,36,67,38.233333333333334,0.2475396692752838,-1.4848692001969097
BH_s10_high,36,68,38.266666666666666,0.11804580688476562,-1.5445690903893152
BH_s10_high,36,69,38.3,0.03446066007018089,-1.429753308645342
BH_s10_high,36,70,38.333333333333336,-0.08307041227817535,-1.1424409340280728
BH_s10_high,36,71,38.36666666666667,-0.3250465989112854,-0.7113630736534395
BH_s10_high,36,72,38.4,-0.6185272336006165,-0.19005315116949834
BH_s10_high,36,73,38.43333333333333,-0.8692826628684998,0.35113211403793454
BH_s10_high,36,74,38.46666666666667,-1.050827980041504,0.8382421917842459
BH_s10_high,36,75,38.5,-1.1933785676956177,1.2092651361266704
BH_s10_high,36,76,38.53333333333333,-1.2769638299942017,1.4269059957305052
BH_s10_high,36,77,38.56666666666667,-1.360548973083496,1.4836088734854869
BH_s10_high,36,78,38.6,-1.282588005065918,1.3971350557085758
BH_s10_high,36,79,38.63333333333333,-0.7579798102378845,1.1993765721285568
BH_s10_high,36,80,38.666666666666664,0.16834238171577454,0.9236346359578801
BH_s10_high,36,81,38.7,1.088354468345642,0.5956723838822211
BH_s10_high,36,82,38.733333333333334,1.5344915390014648,0.23197606552435274
BH_s10_high,36,83,38.766666666666666,1.4608081579208374,-0.15487641101875868
BH_s10_high,36,84,38.8,1.192522644996643,-0.5478573393154158
BH_s10_high,36,85,38.833333333333336,0.8581820130348206,-0.9198729140932055
BH_s10_high,36,86,38.86666666666667,0.5279433131217957,-1.234255423864846
BH_s10_high,36,87,38.9,0.28166118264198303,-1.4507076003348223
BH_s10_high,36,88,38.93333333333333,0.1980760395526886,-1.5336161723344905
BH_s10_high,36,89,38.96666666666667,0.11449088901281357,-1.4597394734473614
BH_s10_high,36,90,39.0,-0.011819456703960896,-1.223840324887338
BH_s10_high,36,91,39.03333333333333,-0.2933575510978699,-0.8420350517616058
BH_s10_high,36,92,39.06666666666667,-0.5920625329017639,-0.3524186710185355
BH_s10_high,36,93,39.1,-0.885543167591095,0.1881213406361211
BH_s10_high,36,94,39.13333333333333,-1.0616683959960938,0.7116247503712934
BH_s10_high,36,95,39.166666666666664,-1.1560735702514648,1.1504798698469407
BH_s10_high,36,96,39.2,-1.2396587133407593,1.4498601866233298
BH_s10_high,36,97,39.233333333333334,-1.2969346046447754,1.5776352921910475
BH_s10_high,36,98,39.266666666666666,-1.0892637968063354,1.529032324505677
BH_s10_high,36,99,39.3,-0.36496421694755554,1.3250331551901824
BH_s10_high,36,100,39.333333333333336,0.6179112195968628,1.0050995440415325
BH_s10_high,36,101,39.36666666666667,1.441240906715393,0.6163620890674005
BH_s10_high,36,102,39.4,1.719571590423584,0.20291670757935373
BH_s10_high,36,103,39.43333333333333,1.6057507991790771,-0.20066710980013766
BH_s10_high,36,104,39.46666666666667,1.341742753982544,-0.5691714177348894
BH_s10_high,36,105,39.5,1.050127387046814,-0.8811642961666456
BH_s10_high,36,106,39.53333333333333,0.7253088355064392,-1.1132953444747544
BH_s10_high,36,107,39.56666666666667,0.4822101891040802,-1.2402935414704237
BH_s10_high,36,108,39.6,0.3635566830635071,-1.2421320451902875
BH_s10_high,36,109,39.63333333333333,0.23332001268863678,-1.1140801104781066
BH_s10_high,36,110,39.666666666666664,0.06614971160888672,-0.8729614786531142
BH_s10_high,36,111,39.7,-0.186666801571846,-0.5551949739547802
BH_s10_high,36,112,39.733333333333334,-0.47847801446914673,-0.20724069527728034
BH_s10_high,36,113,39.766666666666666,-0.6917123794555664,0.12673805954837197
BH_s10_high,36,114,39.8,-0.8588826656341553,0.41450174800357986
BH_s10_high,36,115,39.833333333333336,-0.9833277463912964,0.639246541880553
BH_s10_high,36,116,39.86666666666667,-1.0741780996322632,0.7964785885196896
BH_s10_high,36,117,39.9,-1.1260337829589844,0.886608776118426
BH_s10_high,36,118,39.93333333333333,-0.8613978624343872,0.9078406631973035
BH_s10_high,36,119,39.96666666666667,-0.11971534788608551,0.8537874887582697
BH_s10_high,36,120,40.0,0.8277202844619751,0.7171644459973054
BH_s10_high,36,121,40.03333333333333,1.4491018056869507,0.4971311986747436
BH_s10_high,36,122,40.06666666666667,1.543250560760498,0.20608232705134708
BH_s10_high,36,123,40.1,1.3964022397994995,-0.12762810458585566
BH_s10_high,36,124,40.13333333333333,1.1491612195968628,-0.4623790903060649
BH_s10_high,36,125,40.166666666666664,0.8575458526611328,-0.7503199178491073
BH_s10_high,36,126,40.2,0.538147509098053,-0.9461419290213048
BH_s10_high,36,127,40.233333333333334,0.35627123713493347,-1.0151841264501007
BH_s10_high,36,128,40.266666666666666,0.27268609404563904,-0.9400570452461423
BH_s10_high,36,129,40.3,0.1370292603969574,-0.7258381773939584
BH_s10_high,36,130,40.333333333333336,-0.03762226179242134,-0.40275216442460027
BH_s10_high,36,131,40.36666666666667,-0.28837770223617554,-0.02377006875473174
BH_s10_high,36,132,40.4,-0.5391331315040588,0.34493124109738965
BH_s10_high,36,133,40.43333333333333,-0.7452779412269592,0.6398634814484505
BH_s10_high,36,134,40.46666666666667,-0.8697230219841003,0.8178918318547764
BH_s10_high,36,135,40.5,-0.9960131049156189,0.8685569033438898
BH_s10_high,36,136,40.53333333333333,-1.1223235130310059,0.8147048246415896
BH_s10_high,36,137,40.56666666666667,-1.051734447479248,0.6998939680975187
BH_s10_high,36,138,40.6,-0.5019567608833313,0.5680956860439906
BH_s10_high,36,139,40.63333333333333,0.3858514726161957,0.44569344756156287
BH_s10_high,36,140,40.666666666666664,1.2199324369430542,0.3341353526297702
BH_s10_high,36,141,40.7,1.5823060274124146,0.2152875369706894
BH_s10_high,36,142,40.733333333333334,1.5378304719924927,0.06489948088944412
BH_s10_high,36,143,40.766666666666666,1.359603762626648,-0.13338746106777313
BH_s10_high,36,144,40.8,1.0847554206848145,-0.37911489264170184
BH_s10_high,36,145,40.833333333333336,0.7726424336433411,-0.6527167726279757
BH_s10_high,36,146,40.86666666666667,0.49952420592308044,-0.9186804031623275
BH_s10_high,36,147,40.9,0.3508510887622833,-1.1322592524317863
BH_s10_high,36,148,40.93333333333333,0.22454072535037994,-1.2481325748759982
BH_s10_high,36,149,40.96666666666667,0.06869707256555557,-1.2298205610574335
BH_s10_high,36,150,41.0,-0.15223456919193268,-1.0586893177337273
BH_s10_high,36,151,41.03333333333333,-0.432813823223114,-0.7409419235577013
BH_s10_high,36,152,41.06666666666667,-0.6743983626365662,-0.31049682327148037
BH_s10_high,36,153,41.1,-0.834263026714325,0.17417351900644557
BH_s10_high,36,154,41.13333333333333,-0.9178481698036194,0.639914325911706
BH_s10_high,36,155,41.166666666666664,-1.0441584587097168,1.0142269000971575
BH_s10_high,36,156,41.2,-1.124323844909668,1.2428339287993546
BH_s10_high,36,157,41.233333333333334,-0.9555990099906921,1.3041733583752442
BH_s10_high,36,158,41.266666666666666,-0.24901065230369568,1.214336453159304
BH_s10_high,36,159,41.3,0.6645194888114929,1.018478097432627
BH_s10_high,36,160,41.333333333333336,1.4769197702407837,0.7716000302479824
BH_s10_high,36,161,41.36666666666667,1.7716634273529053,0.518017539631474
BH_s10_high,36,162,41.4,1.7460362911224365,0.2794693558253562
BH_s10_high,36,163,41.43333333333333,1.5996944904327393,0.05626993497072644
BH_s10_high,36,164,41.46666666666667,1.3489389419555664,-0.16201515838112
BH_s10_high,36,165,41.5,1.0001627206802368,-0.38415439799633677
BH_s10_high,36,166,41.53333333333333,0.6765273213386536,-0.6086508108642841
BH_s10_high,36,167,41.56666666666667,0.44968917965888977,-0.8201674367454717
BH_s10_high,36,168,41.6,0.2604668140411377,-0.9906952842976262
BH_s10_high,36,169,41.63333333333333,0.05243656784296036,-1.0854125467665297
BH_s10_high,36,170,41.666666666666664,-0.19831888377666473,-1.0722430470452424
BH_s10_high,36,171,41.7,-0.44907432794570923,-0.9324406614762389
BH_s10_high,36,172,41.733333333333334,-0.6852387189865112,-0.6688023959132664
BH_s10_high,36,173,41.766666666666666,-0.8396831750869751,-0.308648135752045
BH_s10_high,36,174,41.8,-0.9659935235977173,0.09993423064314044
BH_s10_high,36,175,41.833333333333336,-1.0495786666870117,0.4981613465760018
BH_s10_high,36,176,41.86666666666667,-1.1331638097763062,0.8303194750463987
BH_s10_high,36,177,41.9,-1.2114841938018799,1.0565977942188944
BH_s10_high,36,178,41.93333333333333,-1.0629111528396606,1.1597280843058022
BH_s10_high,36,179,41.96666666666667,-0.4270874559879303,1.1427412992622321
BH_s10_high,36,180,42.0,0.535946786403656,1.0205874678236717
BH_s10_high,36,181,42.03333333333333,1.4582414627075195,0.8120418944771337
BH_s10_high,36,182,42.06666666666667,1.891209602355957,0.5365672758361455
BH_s10_high,36,183,42.1,1.9501806497573853,0.21581774431413633
BH_s10_high,36,184,42.13333333333333,1.837588906288147,-0.12415683974978074
BH_s10_high,36,185,42.166666666666664,1.594625473022461,-0.4536414231312038
BH_s10_high,36,186,42.2,1.238739252090454,-0.742980610365344
BH_s10_high,36,187,42.233333333333334,0.8501510620117188,-0.966360220207573
BH_s10_high,36,188,42.266666666666666,0.5860078930854797,-1.1033357078174075
BH_s10_high,36,189,42.3,0.3779776692390442,-1.1386768011400674
BH_s10_high,36,190,42.333333333333336,0.16994741559028625,-1.0630155785513031
BH_s10_high,36,191,42.36666666666667,-0.058931540697813034,-0.8760020816115474
BH_s10_high,36,192,42.4,-0.33156347274780273,-0.5908277137710446
BH_s10_high,36,193,42.43333333333333,-0.582318902015686,-0.23702620176162334
BH_s10_high,36,194,42.46666666666667,-0.7740684151649475,0.14068298218514202
BH_s10_high,36,195,42.5,-0.9268232583999634,0.48811352006302744
BH_s10_high,36,196,42.53333333333333,-1.0531336069107056,0.7520116457269934
BH_s10_high,36,197,42.56666666666667,-1.13671875,0.8938132016998607
BH_s10_high,36,198,42.6,-1.2203038930892944,0.9017534065531301
BH_s10_high,36,199,42.63333333333333,-1.3038890361785889,0.794421126433836
BH_s10_high,36,200,42.666666666666664,-1.281666874885559,0.6124328288872015
BH_s10_high,36,201,42.7,-0.8406667709350586,0.40170569974257236
BH_s10_high,36,202,42.733333333333334,0.002484844299033284,0.19673142937718743
BH_s10_high,36,203,42.766666666666666,1.0468730926513672,0.011644939800458266
BH_s10_high,36,204,42.8,1.6819705963134766,-0.15877954825484952
BH_s10_high,36,205,42.833333333333336,1.822005033493042,-0.3311033450213703
BH_s10_high,36,206,42.86666666666667,1.748759150505066,-0.5214093404246779
BH_s10_high,36,207,42.9,1.5468312501907349,-0.7321947871813733
BH_s10_high,36,208,42.93333333333333,1.2204581499099731,-0.9424873725478817
BH_s10_high,36,209,42.96666666666667,0.8433923721313477,-1.1071783300939548
BH_s10_high,36,210,43.0,0.6101008057594299,-1.168301034774223
BH_s10_high,36,211,43.03333333333333,0.44293051958084106,-1.0747106241732156
BH_s10_high,36,212,43.06666666666667,0.25032880902290344,-0.8019268059902386
BH_s10_high,36,213,43.1,0.0422985702753067,-0.36395508911494134
BH_s10_high,36,214,43.13333333333333,-0.2301577776670456,0.18652178159758076
BH_s10_high,36,215,43.166666666666664,-0.5019375085830688,0.7684047600359365
BH_s10_high,36,216,43.2,-0.6919973492622375,1.2900752418020056
BH_s10_high,36,217,43.233333333333334,-0.8430625200271606,1.6715128832432429
BH_s10_high,36,218,43.266666666666666,-0.9266476631164551,1.8649915226250402
BH_s10_high,36,219,43.3,-1.0102328062057495,1.8666888501479755
BH_s10_high,36,220,43.333333333333336,-1.093817949295044,1.7131203305834852
BH_s10_high,36,221,43.36666666666667,-1.15147066116333,1.4625914310594847
BH_s10_high,36,222,43.4,-0.858176589012146,1.1702198274196205
BH_s10_high,36,223,43.43333333333333,-0.09421774744987488,0.8691312904952962
BH_s10_high,36,224,43.46666666666667,0.7813105583190918,0.5661511001675218
BH_s10_high,36,225,43.5,1.4398444890975952,0.2513540631142602
BH_s10_high,36,226,43.53333333333333,1.564971685409546,-0.08620268397553263
BH_s10_high,36,227,43.56666666666667,1.3998477458953857,-0.44560424977867735
BH_s10_high,36,228,43.6,1.113327145576477,-0.8091334514403291
BH_s10_high,36,229,43.63333333333333,0.7789865136146545,-1.145177154770371
BH_s10_high,36,230,43.666666666666664,0.4873711168766022,-1.4163372539177435
BH_s10_high,36,231,43.7,0.3039145767688751,-1.5896971932171566
BH_s10_high,36,232,43.733333333333334,0.17946948111057281,-1.6461085472560388
BH_s10_high,36,233,43.766666666666666,0.02603806182742119,-1.5856169568591942
BH_s10_high,36,234,43.8,-0.18199218809604645,-1.427356564507439
BH_s10_high,36,235,43.833333333333336,-0.4580034613609314,-1.203964894833047
BH_s10_high,36,236,43.86666666666667,-0.7028377056121826,-0.9520952995920978
BH_s10_high,36,237,43.9,-0.8912078738212585,-0.70182142798263
BH_s10_high,36,238,43.93333333333333,-1.0175182819366455,-0.46855375626217544
BH_s10_high,36,239,43.96666666666667,-1.10110342502594,-0.2509158213380889
BH_s10_high,37,0,37.0,-0.7680985331535339,0.02667156641360005
BH_s10_high,37,1,37.03333333333333,-1.018854022026062,0.9448950159540903
BH_s10_high,37,2,37.06666666666667,-1.1881340742111206,1.7548175234373573
BH_s10_high,37,3,37.1,-1.3144444227218628,2.3698390491818246
BH_s10_high,37,4,37.13333333333333,-1.3980295658111572,2.7389663336966033
BH_s10_high,37,5,37.166666666666664,-1.4816147089004517,2.8534176435432195
BH_s10_high,37,6,37.2,-1.565199851989746,2.741435143004593
BH_s10_high,37,7,37.233333333333334,-1.4502675533294678,2.4549055202659114
BH_s10_high,37,8,37.266666666666666,-0.7796632051467896,2.0543372024078455
BH_s10_high,37,9,37.3,0.23786045610904694,1.5971597282111287
BH_s10_high,37,10,37.333333333333336,1.255023717880249,1.13061375937133
BH_s10_high,37,11,37.36666666666667,1.6536920070648193,0.6879334665183725
BH_s10_high,37,12,37.4,1.6489365100860596,0.28677523662462995
BH_s10_high,37,13,37.43333333333333,1.3981810808181763,-0.0696165380996444
BH_s10_high,37,14,37.46666666666667,1.147425651550293,-0.3875774371166821
BH_s10_high,37,15,37.5,0.8160929679870605,-0.6747984291422542
BH_s10_high,37,16,37.53333333333333,0.5244776010513306,-0.9309979355493935
BH_s10_high,37,17,37.56666666666667,0.3097088932991028,-1.1414310160153214
BH_s10_high,37,18,37.6,0.17666012048721313,-1.2772275008408835
BH_s10_high,37,19,37.63333333333333,0.009489821270108223,-1.304078134505429
BH_s10_high,37,20,37.666666666666664,-0.18620623648166656,-1.196448704498919
BH_s10_high,37,21,37.7,-0.4796868860721588,-0.9512468144149913
BH_s10_high,37,22,37.733333333333334,-0.7304423451423645,-0.595072279745296
BH_s10_high,37,23,37.766666666666666,-0.9582677483558655,-0.18196866219263547
BH_s10_high,37,24,37.8,-1.1043733358383179,0.2180766260894925
BH_s10_high,37,25,37.833333333333336,-1.1879584789276123,0.5365326589417402
BH_s10_high,37,26,37.86666666666667,-1.3142688274383545,0.7238631793019678
BH_s10_high,37,27,37.9,-1.397853970527649,0.7609808252320069
BH_s10_high,37,28,37.93333333333333,-1.3706952333450317,0.6606690898674287
BH_s10_high,37,29,37.96666666666667,-0.8377479910850525,0.4590796066729391
BH_s10_high,37,30,38.0,0.09342710673809052,0.20135222402475803
BH_s10_high,37,31,38.03333333333333,0.9888397455215454,-0.0725357123627118
BH_s10_high,37,32,38.06666666666667,1.4436209201812744,-0.3362618101170296
BH_s10_high,37,33,38.1,1.381920576095581,-0.5774169690544767
BH_s10_high,37,34,38.13333333333333,1.1287529468536377,-0.7906388257860417
BH_s10_high,37,35,38.166666666666664,0.7944123148918152,-0.9679159413024749
BH_s10_high,37,36,38.2,0.46007171273231506,-1.0917883209479518
BH_s10_high,37,37,38.233333333333334,0.2475396692752838,-1.1357341750333236
BH_s10_high,37,38,38.266666666666666,0.11804580688476562,-1.0720328460786055
BH_s10_high,37,39,38.3,0.03446066007018089,-0.8833764402140599
BH_s10_high,37,40,38.333333333333336,-0.08307041227817535,-0.5729535262328099
BH_s10_high,37,41,38.36666666666667,-0.3250465989112854,-0.168799787252755
BH_s10_high,37,42,38.4,-0.6185272336006165,0.2793408747749716
BH_s10_high,37,43,38.43333333333333,-0.8692826628684998,0.709833001785274
BH_s10_high,37,44,38.46666666666667,-1.050827980041504,1.0629024034529069
BH_s10_high,37,45,38.5,-1.1933785676956177,1.294322859007181
BH_s10_high,37,46,38.53333333333333,-1.2769638299942017,1.3845433171876815
BH_s10_high,37,47,38.56666666666667,-1.360548973083496,1.3398878327816757
BH_s10_high,37,48,38.6,-1.282588005065918,1.1855202101127629
BH_s10_high,37,49,38.63333333333333,-0.7579798102378845,0.9534621126882435
BH_s10_high,37,50,38.666666666666664,0.16834238171577454,0.671145390903505
BH_s10_high,37,51,38.7,1.088354468345642,0.3556809788933153
BH_s10_high,37,52,38.733333333333334,1.5344915390014648,0.01624341358013854
BH_s10_high,37,53,38.766666666666666,1.4608081579208374,-0.33726281394722046
BH_s10_high,37,54,38.8,1.192522644996643,-0.6847872984471425
BH_s10_high,37,55,38.833333333333336,0.8581820130348206,-0.9921548661510198
BH_s10_high,37,56,38.86666666666667,0.5279433131217957,-1.2154812369017196
BH_s10_high,37,57,38.9,0.28166118264198303,-1.3123058890777926
BH_s10_high,37,58,38.93333333333333,0.1980760395526886,-1.2547830014091639
BH_s10_high,37,59,38.96666666666667,0.11449088901281357,-1.0396926528044288
BH_s10_high,37,60,39.0,-0.011819456703960896,-0.6913715955751402
BH_s10_high,37,61,39.03333333333333,-0.2933575510978699,-0.2566474130574052
BH_s10_high,37,62,39.06666666666667,-0.5920625329017639,0.20549758398242526
BH_s10_high,37,63,39.1,-0.885543167591095,0.6349621554746716
BH_s10_high,37,64,39.13333333333333,-1.0616683959960938,0.9790696174518779
BH_s10_high,37,65,39.166666666666664,-1.1560735702514648,1.198270496874026
BH_s10_high,37,66,39.2,-1.2396587133407593,1.2702918289809013
BH_s10_high,37,67,39.233333333333334,-1.2969346046447754,1.193446834608356
BH_s10_high,37,68,39.266666666666666,-1.0892637968063354,0.987867081728525
BH_s10_high,37,69,39.3,-0.36496421694755554,0.6921783158291195
BH_s10_high,37,70,39.333333333333336,0.6179112195968628,0.3543034872587882
BH_s10_high,37,71,39.36666666666667,1.441240906715393,0.018416230601873827
BH_s10_high,37,72,39.4,1.719571590423584,-0.28642991524331013
BH_s10_high,37,73,39.43333333333333,1.6057507991790771,-0.5497626075777767
BH_s10_high,37,74,39.46666666666667,1.341742753982544,-0.7726711956229669
BH_s10_high,37,75,39.5,1.050127387046814,-0.9540687098577406
BH_s10_high,37,76,39.53333333333333,0.7253088355064392,-1.079103444830989
BH_s10_high,37,77,39.56666666666667,0.4822101891040802,-1.118335662534507
BH_s10_high,37,78,39.6,0.3635566830635071,-1.0397349828569413
BH_s10_high,37,79,39.63333333333333,0.23332001268863678,-0.8272428905989856
BH_s10_high,37,80,39.666666666666664,0.06614971160888672,-0.4953752001584505
BH_s10_high,37,81,39.7,-0.186666801571846,-0.0914056115379159
BH_s10_high,37,82,39.733333333333334,-0.47847801446914673,0.31648793814403403
BH_s10_high,37,83,39.766666666666666,-0.6917123794555664,0.6595499363322271
BH_s10_high,37,84,39.8,-0.8588826656341553,0.8882693092756353
BH_s10_high,37,85,39.833333333333336,-0.9833277463912964,0.9838844220852515
BH_s10_high,37,86,39.86666666666667,-1.0741780996322632,0.9580112938806163
BH_s10_high,37,87,39.9,-1.1260337829589844,0.8420874654039598
BH_s10_high,37,88,39.93333333333333,-0.8613978624343872,0.672405051620929
BH_s10_high,37,89,39.96666666666667,-0.11971534788608551,0.47759901078589867
BH_s10_high,37,90,40.0,0.8277202844619751,0.27317156602412246
BH_s10_high,37,91,40.03333333333333,1.4491018056869507,0.06366306233577387
BH_s10_high,37,92,40.06666666666667,1.543250560760498,-0.15029201077504822
BH_s10_high,37,93,40.1,1.3964022397994995,-0.36428687147029665
BH_s10_high,37,94,40.13333333333333,1.1491612195968628,-0.5655241519634472
BH_s10_high,37,95,40.166666666666664,0.8575458526611328,-0.73280758251862
BH_s10_high,37,96,40.2,0.538147509098053,-0.8402508405777653
BH_s10_high,37,97,40.233333333333334,0.35627123713493347,-0.8627682084465379
BH_s10_high,37,98,40.266666666666666,0.27268609404563904,-0.7822578454333028
BH_s10_high,37,99,40.3,0.1370292603969574,-0.5941935220851389
BH_s10_high,37,100,40.333333333333336,-0.03762226179242134,-0.3134194572281395
BH_s10_high,37,101,40.36666666666667,-0.28837770223617554,0.0236136615764234
BH_s10_high,37,102,40.4,-0.5391331315040588,0.3630916610770786
BH_s10_high,37,103,40.43333333333333,-0.7452779412269592,0.6455365864474513
BH_s10_high,37,104,40.46666666666667,-0.8697230219841003,0.8224821265030559
BH_s10_high,37,105,40.5,-0.9960131049156189,0.8720427075429925
BH_s10_high,37,106,40.53333333333333,-1.1223235130310059,0.8057147356370914
BH_s10_high,37,107,40.56666666666667,-1.051734447479248,0.6617273992048331
BH_s10_high,37,108,40.6,-0.5019567608833313,0.4875275817625139
BH_s10_high,37,109,40.63333333333333,0.3858514726161957,0.32026373670940467
BH_s10_high,37,110,40.666666666666664,1.2199324369430542,0.17450570369760568
BH_s10_high,37,111,40.7,1.5823060274124146,0.04161905958583613
BH_s10_high,37,112,40.733333333333334,1.5378304719924927,-0.10087709259505422
BH_s10_high,37,113,40.766666666666666,1.359603762626648,-0.27543634928530686
BH_s10_high,37,114,40.8,1.0847554206848145,-0.4916662901179076
BH_s10_high,37,115,40.833333333333336,0.7726424336433411,-0.7382185442342972
BH_s10_high,37,116,40.86666666666667,0.49952420592308044,-0.9813103265116135
BH_s10_high,37,117,40.9,0.3508510887622833,-1.1704132241193308
BH_s10_high,37,118,40.93333333333333,0.22454072535037994,-1.2500006252770033
BH_s10_high,37,119,40.96666666666667,0.06869707256555557,-1.1746489615385476
BH_s10_high,37,120,41.0,-0.15223456919193268,-0.923808700179475
BH_s10_high,37,121,41.03333333333333,-0.432813823223114,-0.5122356630076792
BH_s10_high,37,122,41.06666666666667,-0.6743983626365662,0.007592556613254477
BH_s10_high,37,123,41.1,-0.834263026714325,0.55335176339762
BH_s10_high,37,124,41.13333333333333,-0.9178481698036194,1.0306046154009074
BH_s10_high,37,125,41.166666666666664,-1.0441584587097168,1.3564490343752755
BH_s10_high,37,126,41.2,-1.124323844909668,1.4820578606078727
BH_s10_high,37,127,41.233333333333334,-0.9555990099906921,1.4060404103638087
BH_s10_high,37,128,41.266666666666666,-0.24901065230369568,1.1727493311951318
BH_s10_high,37,129,41.3,0.6645194888114929,0.8550797213327075
BH_s10_high,37,130,41.333333333333336,1.4769197702407837,0.5281164020798347
BH_s10_high,37,131,41.36666666666667,1.7716634273529053,0.24448230909545934
BH_s10_high,37,132,41.4,1.7460362911224365,0.021481548193636516
BH_s10_high,37,133,41.43333333333333,1.5996944904327393,-0.15560281587295352
BH_s10_high,37,134,41.46666666666667,1.3489389419555664,-0.31739517407214946
BH_s10_high,37,135,41.5,1.0001627206802368,-0.4901515956132926
BH_s10_high,37,136,41.53333333333333,0.6765273213386536,-0.6801957133857807
BH_s10_high,37,137,41.56666666666667,0.44968917965888977,-0.8683676059908578
BH_s10_high,37,138,41.6,0.2604668140411377,-1.0153218358269516
BH_s10_high,37,139,41.63333333333333,0.05243656784296036,-1.0748237029277417
BH_s10_high,37,140,41.666666666666664,-0.19831888377666473,-1.0099569422499677
BH_s10_high,37,141,41.7,-0.44907432794570923,-0.8067324242224353
BH_s10_high,37,142,41.733333333333334,-0.6852387189865112,-0.48090736783999977
BH_s10_high,37,143,41.766666666666666,-0.8396831750869751,-0.07628932098144099
BH_s10_high,37,144,41.8,-0.9659935235977173,0.3445252576189924
BH_s10_high,37,145,41.833333333333336,-1.0495786666870117,0.7141766935727142
BH_s10_high,37,146,41.86666666666667,-1.1331638097763062,0.9758491891448435
BH_s10_high,37,147,41.9,-1.2114841938018799,1.09600491387556
BH_s10_high,37,148,41.93333333333333,-1.0629111528396606,1.0704016642704643
BH_s10_high,37,149,41.96666666666667,-0.4270874559879303,0.920898818656849
BH_s10_high,37,150,42.0,0.535946786403656,0.6848562200267547
BH_s10_high,37,151,42.03333333333333,1.4582414627075195,0.4026177385723237
BH_s10_high,37,152,42.06666666666667,1.891209602355957,0.1084053820274722
BH_s10_high,37,153,42.1,1.9501806497573853,-0.1732232513130419
BH_s10_high,37,154,42.13333333333333,1.837588906288147,-0.4265012210457659
BH_s10_high,37,155,42.166666666666664,1.594625473022461,-0.6416153394949011
BH_s10_high,37,156,42.2,1.238739252090454,-0.8114234761808382
BH_s10_high,37,157,42.233333333333334,0.8501510620117188,-0.9280188705999678
BH_s10_high,37,158,42.266666666666666,0.5860078930854797,-0.9797264691425402
BH_s10_high,37,159,42.3,0.3779776692390442,-0.9503490602689944
BH_s10_high,37,160,42.333333333333336,0.16994741559028625,-0.8228378253671349
BH_s10_high,37,161,42.36666666666667,-0.058931540697813034,-0.5876911011347741
BH_s10_high,37,162,42.4,-0.33156347274780273,-0.2528554298158499
BH_s10_high,37,163,42.43333333333333,-0.582318902015686,0.1501200242533394
BH_s10_high,37,164,42.46666666666667,-0.7740684151649475,0.5673095802326378
BH_s10_high,37,165,42.5,-0.9268232583999634,0.9315549790892075
BH_s10_high,37,166,42.53333333333333,-1.0531336069107056,1.1779886909943347
BH_s10_high,37,167,42.56666666666667,-1.13671875,1.2622350328245946
BH_s10_high,37,168,42.6,-1.2203038930892944,1.1745825464416988
BH_s10_high,37,169,42.63333333333333,-1.3038890361785889,0.9429495644169902
BH_s10_high,37,170,42.666666666666664,-1.281666874885559,0.6221885578125723
BH_s10_high,37,171,42.7,-0.8406667709350586,0.2743824805459172
BH_s10_high,37,172,42.733333333333334,0.002484844299033284,-0.05068514284000491
BH_s10_high,37,173,42.766666666666666,1.0468730926513672,-0.3266647782979783
BH_s10_high,37,174,42.8,1.6819705963134766,-0.5507442129328124
BH_s10_high,37,175,42.833333333333336,1.822005033493042,-0.7353320745158939
BH_s10_high,37,176,42.86666666666667,1.748759150505066,-0.895262796946507
BH_s10_high,37,177,42.9,1.5468312501907349,-1.0344551513357492
BH_s10_high,37,178,42.93333333333333,1.2204581499099731,-1.1373784074935982
BH_s10_high,37,179,42.96666666666667,0.8433923721313477,-1.1705834930938352
BH_s10_high,37,180,43.0,0.6101008057594299,-1.0949953029776391
BH_s10_high,37,181,43.03333333333333,0.44293051958084106,-0.8835979348437768
BH_s10_high,37,182,43.06666666666667,0.25032880902290344,-0.5362924300726869
BH_s10_high,37,183,43.1,0.0422985702753067,-0.08561002218615117
BH_s10_high,37,184,43.13333333333333,-0.2301577776670456,0.4080901327828094
BH_s10_high,37,185,43.166666666666664,-0.5019375085830688,0.8691778877620983
BH_s10_high,37,186,43.2,-0.6919973492622375,1.2233872349054185
BH_s10_high,37,187,43.233333333333334,-0.8430625200271606,1.4151974849541828
BH_s10_high,37,188,43.266666666666666,-0.9266476631164551,1.4218431787799028
BH_s10_high,37,189,43.3,-1.0102328062057495,1.2591045026410297
BH_s10_high,37,190,43.333333333333336,-1.093817949295044,0.9756282367399253
BH_s10_high,37,191,43.36666666666667,-1.15147066116333,0.6367348992595578
BH_s10_high,37,192,43.4,-0.858176589012146,0.30365070009266726
BH_s10_high,37,193,43.43333333333333,-0.09421774744987488,0.016646929262139426
BH_s10_high,37,194,43.46666666666667,0.7813105583190918,-0.2114021883667621
BH_s10_high,37,195,43.5,1.4398444890975952,-0.3897543656554837
BH_s10_high,37,196,43.53333333333333,1.564971685409546,-0.5368796746637317
BH_s10_high,37,197,43.56666666666667,1.3998477458953857,-0.6665006820584537
BH_s10_high,37,198,43.6,1.113327145576477,-0.7780301943981164
BH_s10_high,37,199,43.63333333333333,0.7789865136146545,-0.8539012891756493
BH_s10_high,37,200,43.666666666666664,0.4873711168766022,-0.8639487632122878
BH_s10_high,37,201,43.7,0.3039145767688751,-0.7755217117062978
BH_s10_high,37,202,43.733333333333334,0.17946948111057281,-0.5666982726524832
BH_s10_high,37,203,43.766666666666666,0.02603806182742119,-0.23881656174908628
BH_s10_high,37,204,43.8,-0.18199218809604645,0.1759858868431278
BH_s10_high,37,205,43.833333333333336,-0.4580034613609314,0.6158912127589959
BH_s10_high,37,206,43.86666666666667,-0.7028377056121826,1.0007434602739484
BH_s10_high,37,207,43.9,-0.8912078738212585,1.2518334706572214
BH_s10_high,37,208,43.93333333333333,-1.0175182819366455,1.314649222251242
BH_s10_high,37,209,43.96666666666667,-1.10110342502594,1.1765598995872735
BH_s10_high,37,210,44.0,-1.1846885681152344,0.8716786703552125
BH_s10_high,37,211,44.03333333333333,-1.2542093992233276,0.46948387774319333
BH_s10_high,37,212,44.06666666666667,-1.16268789768219,0.0511160018132345
BH_s10_high,37,213,44.1,-0.6381688714027405,-0.3167941229147435
BH_s10_high,37,214,44.13333333333333,0.25734493136405945,-0.6002375743235712
BH_s10_high,37,215,44.166666666666664,1.1846250295639038,-0.8015107150897687
BH_s10_high,37,216,44.2,1.6131170988082886,-0.9483045916946666
BH_s10_high,37,217,44.233333333333334,1.645358681678772,-1.0737915826658768
BH_s10_high,37,218,44.266666666666666,1.4344556331634521,-1.1966659530450063
BH_s10_high,37,219,44.3,1.1418325901031494,-1.3096872486447342
BH_s10_high,37,220,44.333333333333336,0.7674897909164429,-1.3811689602672665
BH_s10_high,37,221,44.36666666666667,0.4685632586479187,-1.368135421239038
BH_s10_high,37,222,44.4,0.25407955050468445,-1.2351889277083792
BH_s10_high,37,223,44.43333333333333,0.08690924942493439,-0.9711455627621258
BH_s10_high,37,224,44.46666666666667,-0.08026104420423508,-0.5966977305147638
BH_s10_high,37,225,44.5,-0.3515085279941559,-0.16019134324437434
BH_s10_high,37,226,44.53333333333333,-0.6431239247322083,0.27641070772906673
BH_s10_high,37,227,44.56666666666667,-0.8808483481407166,0.6552697244604324
BH_s10_high,37,228,44.6,-1.0480185747146606,0.9368120397681658
BH_s10_high,37,229,44.63333333333333,-1.1724637746810913,1.105473924289499
BH_s10_high,37,230,44.666666666666664,-1.2542093992233276,1.1671965665092494
BH_s10_high,37,231,44.7,-1.316419005393982,1.1423915563181477
BH_s10_high,37,232,44.733333333333334,-1.4000041484832764,1.0579071280711425
BH_s10_high,37,233,44.766666666666666,-1.452081322669983,0.9398998713122261
BH_s10_high,37,234,44.8,-1.2136021852493286,0.8091352300546822
BH_s10_high,37,235,44.833333333333336,-0.4690496325492859,0.6797348998726412
BH_s10_high,37,236,44.86666666666667,0.5238139033317566,0.560258268164492
BH_s10_high,37,237,44.9,1.308042287826538,0.45461824724476324
BH_s10_high,37,238,44.93333333333333,1.5656538009643555,0.3618638101369879
BH_s10_high,37,239,44.96666666666667,1.5138037204742432,0.2762473643960324
BH_s10_high,38,0,38.0,0.09342710673809052,-0.01481453329698895
BH_s10_high,38,1,38.03333333333333,0.9888397455215454,0.4609564681338785
BH_s10_high,38,2,38.06666666666667,1.4436209201812744,0.8057830665607879
BH_s10_high,38,3,38.1,1.381920576095581,0.9281752876264598
BH_s10_high,38,4,38.13333333333333,1.1287529468536377,0.8009397375894993
BH_s10_high,38,5,38.166666666666664,0.7944123148918152,0.46597249208534175
BH_s10_high,38,6,38.2,0.46007171273231506,0.016898373768224183
BH_s10_high,38,7,38.233333333333334,0.2475396692752838,-0.4320957426754286
BH_s10_high,38,8,38.266666666666666,0.11804580688476562,-0.7785861262136374
BH_s10_high,38,9,38.3,0.03446066007018089,-0.954927796785567
BH_s10_high,38,10,38.333333333333336,-0.08307041227817535,-0.9374660312941422
BH_s10_high,38,11,38.36666666666667,-0.3250465989112854,-0.7434801070359552
BH_s10_high,38,12,38.4,-0.6185272336006165,-0.42063354235162065
BH_s10_high,38,13,38.43333333333333,-0.8692826628684998,-0.03362314957753525
BH_s10_high,38,14,38.46666666666667,-1.050827980041504,0.34928600122922626
BH_s10_high,38,15,38.5,-1.1933785676956177,0.6688184438323319
BH_s10_high,38,16,38.53333333333333,-1.2769638299942017,0.8852076376319128
BH_s10_high,38,17,38.56666666666667,-1.360548973083496,0.9843235273328694
BH_s10_high,38,18,38.6,-1.282588005065918,0.9765725799914604
BH_s10_high,38,19,38.63333333333333,-0.7579798102378845,0.8875920914810153
BH_s10_high,38,20,38.666666666666664,0.16834238171577454,0.7438857125700192
BH_s10_high,38,21,38.7,1.088354468345642,0.5604024652233656
BH_s10_high,38,22,38.733333333333334,1.5344915390014648,0.33741253412976313
BH_s10_high,38,23,38.766666666666666,1.4608081579208374,0.06912863496520288
BH_s10_high,38,24,38.8,1.192522644996643,-0.24159832769771813
BH_s10_high,38,25,38.833333333333336,0.8581820130348206,-0.572811374117283
BH_s10_high,38,26,38.86666666666667,0.5279433131217957,-0.8840932851054986
BH_s10_high,38,27,38.9,0.28166118264198303,-1.1273979699850432
BH_s10_high,38,28,38.93333333333333,0.1980760395526886,-1.2614297424111063
BH_s10_high,38,29,38.96666666666667,0.11449088901281357,-1.262303643135038
BH_s10_high,38,30,39.0,-0.011819456703960896,-1.1269169084889763
BH_s10_high,38,31,39.03333333333333,-0.2933575510978699,-0.8702216759939165
BH_s10_high,38,32,39.06666666666667,-0.5920625329017639,-0.5201718001806712
BH_s10_high,38,33,39.1,-0.885543167591095,-0.11369728489809663
BH_s10_high,38,34,39.13333333333333,-1.0616683959960938,0.3053357469366915
BH_s10_high,38,35,39.166666666666664,-1.1560735702514648,0.6879363670481806
BH_s10_high,38,36,39.2,-1.2396587133407593,0.9846334135964814
BH_s10_high,38,37,39.233333333333334,-1.2969346046447754,1.154669585432867
BH_s10_high,38,38,39.266666666666666,-1.0892637968063354,1.1777057154282344
BH_s10_high,38,39,39.3,-0.36496421694755554,1.0620476924331035
BH_s10_high,38,40,39.333333333333336,0.6179112195968628,0.8425234534096449
BH_s10_high,38,41,39.36666666666667,1.441240906715393,0.5661297181822312
BH_s10_high,38,42,39.4,1.719571590423584,0.2728136423490159
BH_s10_high,38,43,39.43333333333333,1.6057507991790771,-0.01608981565853613
BH_s10_high,38,44,39.46666666666667,1.341742753982544,-0.2943312995538078
BH_s10_high,38,45,39.5,1.050127387046814,-0.5557865993879894
BH_s10_high,38,46,39.53333333333333,0.7253088355064392,-0.7800197562897428
BH_s10_high,38,47,39.56666666666667,0.4822101891040802,-0.9301112785354653
BH_s10_high,38,48,39.6,0.3635566830635071,-0.9658424625851222
BH_s10_high,38,49,39.63333333333333,0.23332001268863678,-0.8647447300113047
BH_s10_high,38,50,39.666666666666664,0.06614971160888672,-0.638354741370233
BH_s10_high,38,51,39.7,-0.186666801571846,-0.3336376922212641
BH_s10_high,38,52,39.733333333333334,-0.47847801446914673,-0.01773147426550519
BH_s10_high,38,53,39.766666666666666,-0.6917123794555664,0.2469461516626611
BH_s10_high,38,54,39.8,-0.8588826656341553,0.4253068758230822
BH_s10_high,38,55,39.833333333333336,-0.9833277463912964,0.5190376837056874
BH_s10_high,38,56,39.86666666666667,-1.0741780996322632,0.5582467584229455
BH_s10_high,38,57,39.9,-1.1260337829589844,0.5796833875251155
BH_s10_high,38,58,39.93333333333333,-0.8613978624343872,0.603537245441353
BH_s10_high,38,59,39.96666666666667,-0.11971534788608551,0.6218289545226547
BH_s10_high,38,60,40.0,0.8277202844619751,0.6040655556282379
BH_s10_high,38,61,40.03333333333333,1.4491018056869507,0.5154525135057425
BH_s10_high,38,62,40.06666666666667,1.543250560760498,0.3366564723952851
BH_s10_high,38,63,40.1,1.3964022397994995,0.07503338240769915
BH_s10_high,38,64,40.13333333333333,1.1491612195968628,-0.23618791715005633
BH_s10_high,38,65,40.166666666666664,0.8575458526611328,-0.5473107446245394
BH_s10_high,38,66,40.2,0.538147509098053,-0.8040687255605653
BH_s10_high,38,67,40.233333333333334,0.35627123713493347,-0.957874424826825
BH_s10_high,38,68,40.266666666666666,0.27268609404563904,-0.9739632768829645
BH_s10_high,38,69,40.3,0.1370292603969574,-0.838897699129987
BH_s10_high,38,70,40.333333333333336,-0.03762226179242134,-0.5673553612378257
BH_s10_high,38,71,40.36666666666667,-0.28837770223617554,-0.2049093153272868
BH_s10_high,38,72,40.4,-0.5391331315040588,0.17802803798434505
BH_s10_high,38,73,40.43333333333333,-0.7452779412269592,0.503425062881666
BH_s10_high,38,74,40.46666666666667,-0.8697230219841003,0.7101235089013632
BH_s10_high,38,75,40.5,-0.9960131049156189,0.775452997046044
BH_s10_high,38,76,40.53333333333333,-1.1223235130310059,0.722232757664068
BH_s10_high,38,77,40.56666666666667,-1.051734447479248,0.6053727797029376
BH_s10_high,38,78,40.6,-0.5019567608833313,0.48380977317373525
BH_s10_high,38,79,40.63333333333333,0.3858514726161957,0.3926166523216769
BH_s10_high,38,80,40.666666666666664,1.2199324369430542,0.32977738665250933
BH_s10_high,38,81,40.7,1.5823060274124146,0.263030810977046
BH_s10_high,38,82,40.733333333333334,1.5378304719924927,0.1506500247320832
BH_s10_high,38,83,40.766666666666666,1.359603762626648,-0.03623169026883574
BH_s10_high,38,84,40.8,1.0847554206848145,-0.299564790656494
BH_s10_high,38,85,40.833333333333336,0.7726424336433411,-0.6116225106790789
BH_s10_high,38,86,40.86666666666667,0.49952420592308044,-0.9217503240125234
BH_s10_high,38,87,40.9,0.3508510887622833,-1.168872186918541
BH_s10_high,38,88,40.93333333333333,0.22454072535037994,-1.295416358999487
BH_s10_high,38,89,40.96666666666667,0.06869707256555557,-1.2593057706106656
BH_s10_high,38,90,41.0,-0.15223456919193268,-1.043026102939884
BH_s10_high,38,91,41.03333333333333,-0.432813823223114,-0.660010951519882
BH_s10_high,38,92,41.06666666666667,-0.6743983626365662,-0.15711416011769713
BH_s10_high,38,93,41.1,-0.834263026714325,0.3898880026083557
BH_s10_high,38,94,41.13333333333333,-0.9178481698036194,0.8899967964761838
BH_s10_high,38,95,41.166666666666664,-1.0441584587097168,1.2585068009683595
BH_s10_high,38,96,41.2,-1.124323844909668,1.4404254272597763
BH_s10_high,38,97,41.233333333333334,-0.9555990099906921,1.426738067039352
BH_s10_high,38,98,41.266666666666666,-0.24901065230369568,1.2550144772437573
BH_s10_high,38,99,41.3,0.6645194888114929,0.9918976391309147
BH_s10_high,38,100,41.333333333333336,1.4769197702407837,0.7048400945140957
BH_s10_high,38,101,41.36666666666667,1.7716634273529053,0.43710843051138176
BH_s10_high,38,102,41.4,1.7460362911224365,0.19792095801893975
BH_s10_high,38,103,41.43333333333333,1.5996944904327393,-0.029517053722692033
BH_s10_high,38,104,41.46666666666667,1.3489389419555664,-0.2690526662682862
BH_s10_high,38,105,41.5,1.0001627206802368,-0.5329407819184397
BH_s10_high,38,106,41.53333333333333,0.6765273213386536,-0.81155087719038
BH_s10_high,38,107,41.56666666666667,0.44968917965888977,-1.0731714331629403
BH_s10_high,38,108,41.6,0.2604668140411377,-1.271633806938371
BH_s10_high,38,109,41.63333333333333,0.05243656784296036,-1.3584116766371144
BH_s10_high,38,110,41.666666666666664,-0.19831888377666473,-1.2959894105659193
BH_s10_high,38,111,41.7,-0.44907432794570923,-1.069608344160892
BH_s10_high,38,112,41.733333333333334,-0.6852387189865112,-0.6947429893544689
BH_s10_high,38,113,41.766666666666666,-0.8396831750869751,-0.2179487075368903
BH_s10_high,38,114,41.8,-0.9659935235977173,0.29047451653161455
BH_s10_high,38,115,41.833333333333336,-1.0495786666870117,0.7516508189188609
BH_s10_high,38,116,41.86666666666667,-1.1331638097763062,1.0977068524519615
BH_s10_high,38,117,41.9,-1.2114841938018799,1.289060648611391
BH_s10_high,38,118,41.93333333333333,-1.0629111528396606,1.3215004150308942
BH_s10_high,38,119,41.96666666666667,-0.4270874559879303,1.2191184724641888
BH_s10_high,38,120,42.0,0.535946786403656,1.017827207258998
BH_s10_high,38,121,42.03333333333333,1.4582414627075195,0.7501092314332494
BH_s10_high,38,122,42.06666666666667,1.891209602355957,0.4389523139364351
BH_s10_high,38,123,42.1,1.9501806497573853,0.10112148657437253
BH_s10_high,38,124,42.13333333333333,1.837588906288147,-0.2459041879807463
BH_s10_high,38,125,42.166666666666664,1.594625473022461,-0.5794407750755134
BH_s10_high,38,126,42.2,1.238739252090454,-0.8717265642507254
BH_s10_high,38,127,42.233333333333334,0.8501510620117188,-1.092959626101013
BH_s10_high,38,128,42.266666666666666,0.5860078930854797,-1.2151480521817486
BH_s10_high,38,129,42.3,0.3779776692390442,-1.2163037695695562
BH_s10_high,38,130,42.333333333333336,0.16994741559028625,-1.0851761779608675
BH_s10_high,38,131,42.36666666666667,-0.058931540697813034,-0.825901133785211
BH_s10_high,38,132,42.4,-0.33156347274780273,-0.46086568581114146
BH_s10_high,38,133,42.43333333333333,-0.582318902015686,-0.030263128976712003
BH_s10_high,38,134,42.46666666666667,-0.7740684151649475,0.411670345101322
BH_s10_high,38,135,42.5,-0.9268232583999634,0.8032755058192064
BH_s10_high,38,136,42.53333333333333,-1.0531336069107056,1.0859043337962628
BH_s10_high,38,137,42.56666666666667,-1.13671875,1.218420676275933
BH_s10_high,38,138,42.6,-1.2203038930892944,1.1910069511191568
BH_s10_high,38,139,42.63333333333333,-1.3038890361785889,1.029795587952322
BH_s10_high,38,140,42.666666666666664,-1.281666874885559,0.7871702113075376
BH_s10_high,38,141,42.7,-0.8406667709350586,0.5210074264287129
BH_s10_high,38,142,42.733333333333334,0.002484844299033284,0.2732937346145947
BH_s10_high,38,143,42.766666666666666,1.0468730926513672,0.05875927217342872
BH_s10_high,38,144,42.8,1.6819705963134766,-0.13305854785938492
BH_s10_high,38,145,42.833333333333336,1.822005033493042,-0.326288131007704
BH_s10_high,38,146,42.86666666666667,1.748759150505066,-0.5431472916358763
BH_s10_high,38,147,42.9,1.5468312501907349,-0.7886583204516437
BH_s10_high,38,148,42.93333333333333,1.2204581499099731,-1.040974214881671
BH_s10_high,38,149,42.96666666666667,0.8433923721313477,-1.2527292001648258
BH_s10_high,38,150,43.0,0.6101008057594299,-1.36433905935799
BH_s10_high,38,151,43.03333333333333,0.44293051958084106,-1.3239217982577125
BH_s10_high,38,152,43.06666666666667,0.25032880902290344,-1.1054485942555343
BH_s10_high,38,153,43.1,0.0422985702753067,-0.7186638254263126
BH_s10_high,38,154,43.13333333333333,-0.2301577776670456,-0.2093184661247269
BH_s10_high,38,155,43.166666666666664,-0.5019375085830688,0.34840717169617447
BH_s10_high,38,156,43.2,-0.6919973492622375,0.8660893899851075
BH_s10_high,38,157,43.233333333333334,-0.8430625200271606,1.2611088321856447
BH_s10_high,38,158,43.266666666666666,-0.9266476631164551,1.478274852764922
BH_s10_high,38,159,43.3,-1.0102328062057495,1.5046695546063333
BH_s10_high,38,160,43.333333333333336,-1.093817949295044,1.3700309556945591
BH_s10_high,38,161,43.36666666666667,-1.15147066116333,1.131177640075015
BH_s10_high,38,162,43.4,-0.858176589012146,0.847335547269599
BH_s10_high,38,163,43.43333333333333,-0.09421774744987488,0.5583392791657292
BH_s10_high,38,164,43.46666666666667,0.7813105583190918,0.27584568303145307
BH_s10_high,38,165,43.5,1.4398444890975952,-0.009793982780669962
BH_s10_high,38,166,43.53333333333333,1.564971685409546,-0.3128135662325834
BH_s10_high,38,167,43.56666666666667,1.3998477458953857,-0.6353608104732819
BH_s10_high,38,168,43.6,1.113327145576477,-0.9583208975835034
BH_s10_high,38,169,43.63333333333333,0.7789865136146545,-1.2416882461473011
BH_s10_high,38,170,43.666666666666664,0.4873711168766022,-1.4328278643835033
BH_s10_high,38,171,43.7,0.3039145767688751,-1.4796223636818515
BH_s10_high,38,172,43.733333333333334,0.17946948111057281,-1.345170126348006
BH_s10_high,38,173,43.766666666666666,0.02603806182742119,-1.020714475835131
BH_s10_high,38,174,43.8,-0.18199218809604645,-0.533707503198913
BH_s10_high,38,175,43.833333333333336,-0.4580034613609314,0.05174089488223812
BH_s10_high,38,176,43.86666666666667,-0.7028377056121826,0.6440085092408881
BH_s10_high,38,177,43.9,-0.8912078738212585,1.1426987216960849
BH_s10_high,38,178,43.93333333333333,-1.0175182819366455,1.463483918699856
BH_s10_high,38,179,43.96666666666667,-1.10110342502594,1.5616444893558346
BH_s10_high,38,180,44.0,-1.1846885681152344,1.444832374186185
BH_s10_high,38,181,44.03333333333333,-1.2542093992233276,1.168174969534732
BH_s10_high,38,182,44.06666666666667,-1.16268789768219,0.8124062786634272
BH_s10_high,38,183,44.1,-0.6381688714027405,0.45399214259265985
BH_s10_high,38,184,44.13333333333333,0.25734493136405945,0.1400735629941439
BH_s10_high,38,185,44.166666666666664,1.1846250295639038,-0.1213610704645059
BH_s10_high,38,186,44.2,1.6131170988082886,-0.3529192810805788
BH_s10_high,38,187,44.233333333333334,1.645358681678772,-0.5861379189873671
BH_s10_high,38,188,44.266666666666666,1.4344556331634521,-0.8375644307864649
BH_s10_high,38,189,44.3,1.1418325901031494,-1.0937381494797127
BH_s10_high,38,190,44.333333333333336,0.7674897909164429,-1.3113566308082072
BH_s10_high,38,191,44.36666666666667,0.4685632586479187,-1.4318017128812048
BH_s10_high,38,192,44.4,0.25407955050468445,-1.4033636090085475
BH_s10_high,38,193,44.43333333333333,0.08690924942493439,-1.2018060953108927
BH_s10_high,38,194,44.46666666666667,-0.08026104420423508,-0.8409245398274144
BH_s10_high,38,195,44.5,-0.3515085279941559,-0.36940159724254734
BH_s10_high,38,196,44.53333333333333,-0.6431239247322083,0.14317140564432834
BH_s10_high,38,197,44.56666666666667,-0.8808483481407166,0.6237552778205937
BH_s10_high,38,198,44.6,-1.0480185747146606,1.0099600298268823
BH_s10_high,38,199,44.63333333333333,-1.1724637746810913,1.2582729713663903
BH_s10_high,38,200,44.666666666666664,-1.2542093992233276,1.3482800716230792
BH_s10_high,38,201,44.7,-1.316419005393982,1.2850694784164487
BH_s10_high,38,202,44.733333333333334,-1.4000041484832764,1.098108350933576
BH_s10_high,38,203,44.766666666666666,-1.452081322669983,0.8329687706435086
BH_s10_high,38,204,44.8,-1.2136021852493286,0.5366886453764095
BH_s10_high,38,205,44.833333333333336,-0.4690496325492859,0.24329035376614377
BH_s10_high,38,206,44.86666666666667,0.5238139033317566,-0.033451239186959796
BH_s10_high,38,207,44.9,1.308042287826538,-0.29698147102844824
BH_s10_high,38,208,44.93333333333333,1.5656538009643555,-0.5565777210525038
BH_s10_high,38,209,44.96666666666667,1.5138037204742432,-0.8130487591304838
BH_s10_high,38,210,45.0,1.3012109994888306,-1.04824891714382
BH_s10_high,38,211,45.03333333333333,1.0068984031677246,-1.2236100302816582
BH_s10_high,38,212,45.06666666666667,0.6725577712059021,-1.289001434072252
BH_s10_high,38,213,45.1,0.338217169046402,-1.1987645642214793
BH_s10_high,38,214,45.13333333333333,0.12252461165189743,-0.928863575096268
BH_s10_high,38,215,45.166666666666664,-0.044645681977272034,-0.4890670584079948
BH_s10_high,38,216,45.2,-0.24604688584804535,0.07342436414958371
BH_s10_high,38,217,45.233333333333334,-0.5291680097579956,0.6797927163373864
BH_s10_high,38,218,45.266666666666666,-0.7902829647064209,1.23438741735861
BH_s10_high,38,219,45.3,-1.0124032497406006,1.6464128212207347
BH_s10_high,38,220,45.333333333333336,-1.152803659439087,1.8532247441733753
BH_s10_high,38,221,45.36666666666667,-1.2612934112548828,1.8370704599777499
BH_s10_high,38,222,45.4,-1.3199739456176758,1.627700946112658
BH_s10_high,38,223,45.43333333333333,-1.4035590887069702,1.288661725101963
BH_s10_high,38,224,45.46666666666667,-1.444419026374817,0.8931982386794238
BH_s10_high,38,225,45.5,-1.5105605125427246,0.500904912537945
BH_s10_high,38,226,45.53333333333333,-1.3316397666931152,0.14448196892898021
BH_s10_high,38,227,45.56666666666667,-0.633387565612793,-0.1703438163934594
BH_s10_high,38,228,45.6,0.2978969216346741,-0.4546637762506557
BH_s10_high,38,229,45.63333333333333,1.1555724143981934,-0.7220483764077027
BH_s10_high,38,230,45.666666666666664,1.48020339012146,-0.97614081371953
BH_s10_high,38,231,45.7,1.424973964691162,-1.2045526585058237
BH_s10_high,38,232,45.733333333333334,1.2534167766571045,-1.3811092027571386
BH_s10_high,38,233,45.766666666666666,1.0001397132873535,-1.4756001261332923
BH_s10_high,38,234,45.8,0.6664555072784424,-1.4668408076465427
BH_s10_high,38,235,45.833333333333336,0.4157000482082367,-1.3526117496639878
BH_s10_high,38,236,45.86666666666667,0.204595685005188,-1.1508233282326457
BH_s10_high,38,237,45.9,0.08015058189630508,-0.8908546228648516
BH_s10_high,38,238,45.93333333333333,-0.08701971173286438,-0.6005519879779435
BH_s10_high,38,239,45.96666666666667,-0.32230064272880554,-0.2976849394582777
BH_s10_high,39,0,39.0,-0.011819456703960896,-0.0734491322153548
BH_s10_high,39,1,39.03333333333333,-0.2933575510978699,0.47646073213289397
BH_s10_high,39,2,39.06666666666667,-0.5920625329017639,0.967750144720661
BH_s10_high,39,3,39.1,-0.885543167591095,1.3544105845703038
BH_s10_high,39,4,39.13333333333333,-1.0616683959960938,1.6104684515967482
BH_s10_high,39,5,39.166666666666664,-1.1560735702514648,1.7287976567076735
BH_s10_high,39,6,39.2,-1.2396587133407593,1.7137480177733062
BH_s10_high,39,7,39.233333333333334,-1.2969346046447754,1.575010542776299
BH_s10_high,39,8,39.266666666666666,-1.0892637968063354,1.3278432950864096
BH_s10_high,39,9,39.3,-0.36496421694755554,0.9975711535588678
BH_s10_high,39,10,39.333333333333336,0.6179112195968628,0.6212544070508399
BH_s10_high,39,11,39.36666666666667,1.441240906715393,0.24138946525574997
BH_s10_high,39,12,39.4,1.719571590423584,-0.10554615342013636
BH_s10_high,39,13,39.43333333333333,1.6057507991790771,-0.3969362532488357
BH_s10_high,39,14,39.46666666666667,1.341742753982544,-0.6220730931191187
BH_s10_high,39,15,39.5,1.050127387046814,-0.7726230302173566
BH_s10_high,39,16,39.53333333333333,0.7253088355064392,-0.8345274635222145
BH_s10_high,39,17,39.56666666666667,0.4822101891040802,-0.7899431220389519
BH_s10_high,39,18,39.6,0.3635566830635071,-0.6298847086940741
BH_s10_high,39,19,39.63333333333333,0.23332001268863678,-0.36925664380625633
BH_s10_high,39,20,39.666666666666664,0.06614971160888672,-0.053160883146361734
BH_s10_high,39,21,39.7,-0.186666801571846,0.2516838986791151
BH_s10_high,39,22,39.733333333333334,-0.47847801446914673,0.4774459021318752
BH_s10_high,39,23,39.766666666666666,-0.6917123794555664,0.5776533726196994
BH_s10_high,39,24,39.8,-0.8588826656341553,0.5412976528503485
BH_s10_high,39,25,39.833333333333336,-0.9833277463912964,0.39315710601807075
BH_s10_high,39,26,39.86666666666667,-1.0741780996322632,0.18126201700770364
BH_s10_high,39,27,39.9,-1.1260337829589844,-0.04249972576814572
BH_s10_high,39,28,39.93333333333333,-0.8613978624343872,-0.24028418701775714
BH_s10_high,39,29,39.96666666666667,-0.11971534788608551,-0.3976204014672838
BH_s10_high,39,30,40.0,0.8277202844619751,-0.5214668656333523
BH_s10_high,39,31,40.03333333333333,1.4491018056869507,-0.6293561368107764
BH_s10_high,39,32,40.06666666666667,1.543250560760498,-0.7351916139077397
BH_s10_high,39,33,40.1,1.3964022397994995,-0.8377315537902489
BH_s10_high,39,34,40.13333333333333,1.1491612195968628,-0.9160422850671326
BH_s10_high,39,35,40.166666666666664,0.8575458526611328,-0.9334121375377976
BH_s10_high,39,36,40.2,0.538147509098053,-0.848539696227657
BH_s10_high,39,37,40.233333333333334,0.35627123713493347,-0.6307891221907197
BH_s10_high,39,38,40.266666666666666,0.27268609404563904,-0.2750656588553908
BH_s10_high,39,39,40.3,0.1370292603969574,0.18855627679779405
BH_s10_high,39,40,40.333333333333336,-0.03762226179242134,0.6946915015222511
BH_s10_high,39,41,40.36666666666667,-0.28837770223617554,1.154056991116119
BH_s10_high,39,42,40.4,-0.5391331315040588,1.4748290771850643
BH_s10_high,39,43,40.43333333333333,-0.7452779412269592,1.5884030683387986
BH_s10_high,39,44,40.46666666666667,-0.8697230219841003,1.4714470388881238
BH_s10_high,39,45,40.5,-0.9960131049156189,1.1558921512474793
BH_s10_high,39,46,40.53333333333333,-1.1223235130310059,0.7212186907638074
BH_s10_high,39,47,40.56666666666667,-1.051734447479248,0.26967132146441325
BH_s10_high,39,48,40.6,-0.5019567608833313,-0.10681415826911667
BH_s10_high,39,49,40.63333333333333,0.3858514726161957,-0.3545281025546879
BH_s10_high,39,50,40.666666666666664,1.2199324369430542,-0.4700430310084625
BH_s10_high,39,51,40.7,1.5823060274124146,-0.493551508727649
BH_s10_high,39,52,40.733333333333334,1.5378304719924927,-0.48842062028904426
BH_s10_high,39,53,40.766666666666666,1.359603762626648,-0.5158694962263359
BH_s10_high,39,54,40.8,1.0847554206848145,-0.6130089014580649
BH_s10_high,39,55,40.833333333333336,0.7726424336433411,-0.7796955111384621
BH_s10_high,39,56,40.86666666666667,0.49952420592308044,-0.9772595221473409
BH_s10_high,39,57,40.9,0.3508510887622833,-1.139580878652679
BH_s10_high,39,58,40.93333333333333,0.22454072535037994,-1.1933076518898174
BH_s10_high,39,59,40.96666666666667,0.06869707256555557,-1.0809690306871285
BH_s10_high,39,60,41.0,-0.15223456919193268,-0.7802552198490421
BH_s10_high,39,61,41.03333333333333,-0.432813823223114,-0.31427359982349495
BH_s10_high,39,62,41.06666666666667,-0.6743983626365662,0.250178892314038
BH_s10_high,39,63,41.1,-0.834263026714325,0.8166115015887937
BH_s10_high,39,64,41.13333333333333,-0.9178481698036194,1.2822044185429755
BH_s10_high,39,65,41.166666666666664,-1.0441584587097168,1.5645685756136956
BH_s10_high,39,66,41.2,-1.124323844909668,1.624001744927165
BH_s10_high,39,67,41.233333333333334,-0.9555990099906921,1.4735283206101557
BH_s10_high,39,68,41.266666666666666,-0.24901065230369568,1.1720399605916916
BH_s10_high,39,69,41.3,0.6645194888114929,0.8019485933429648
BH_s10_high,39,70,41.333333333333336,1.4769197702407837,0.44004829582059035
BH_s10_high,39,71,41.36666666666667,1.7716634273529053,0.13397882558046495
BH_s10_high,39,72,41.4,1.7460362911224365,-0.10645410826671509
BH_s10_high,39,73,41.43333333333333,1.5996944904327393,-0.30149126127587245
BH_s10_high,39,74,41.46666666666667,1.3489389419555664,-0.48286067572835945
BH_s10_high,39,75,41.5,1.0001627206802368,-0.6736275967846856
BH_s10_high,39,76,41.53333333333333,0.6765273213386536,-0.8744125950579501
BH_s10_high,39,77,41.56666666666667,0.44968917965888977,-1.0599994614021537
BH_s10_high,39,78,41.6,0.2604668140411377,-1.186345280299776
BH_s10_high,39,79,41.63333333333333,0.05243656784296036,-1.2049718086588705
BH_s10_high,39,80,41.666666666666664,-0.19831888377666473,-1.0798118695300465
BH_s10_high,39,81,41.7,-0.44907432794570923,-0.8011396357327677
BH_s10_high,39,82,41.733333333333334,-0.6852387189865112,-0.3923788493066248
BH_s10_high,39,83,41.766666666666666,-0.8396831750869751,0.0921172868954409
BH_s10_high,39,84,41.8,-0.9659935235977173,0.577649917923238
BH_s10_high,39,85,41.833333333333336,-1.0495786666870117,0.9855616915424763
BH_s10_high,39,86,41.86666666666667,-1.1331638097763062,1.2518045622404783
BH_s10_high,39,87,41.9,-1.2114841938018799,1.3426804178956535
BH_s10_high,39,88,41.93333333333333,-1.0629111528396606,1.2613607064559478
BH_s10_high,39,89,41.96666666666667,-0.4270874559879303,1.0412269379725485
BH_s10_high,39,90,42.0,0.535946786403656,0.7295671459317072
BH_s10_high,39,91,42.03333333333333,1.4582414627075195,0.3712217351455346
BH_s10_high,39,92,42.06666666666667,1.891209602355957,0.00026236801089914597
BH_s10_high,39,93,42.1,1.9501806497573853,-0.35900361373233264
BH_s10_high,39,94,42.13333333333333,1.837588906288147,-0.6863698661222088
BH_s10_high,39,95,42.166666666666664,1.594625473022461,-0.9613020191941525
BH_s10_high,39,96,42.2,1.238739252090454,-1.1622338966820898
BH_s10_high,39,97,42.233333333333334,0.8501510620117188,-1.2683324675400625
BH_s10_high,39,98,42.266666666666666,0.5860078930854797,-1.2620539942217412
BH_s10_high,39,99,42.3,0.3779776692390442,-1.1323578282057702
BH_s10_high,39,100,42.333333333333336,0.16994741559028625,-0.8789512616534151
BH_s10_high,39,101,42.36666666666667,-0.058931540697813034,-0.5168177259167825
BH_s10_high,39,102,42.4,-0.33156347274780273,-0.078826623969125
BH_s10_high,39,103,42.43333333333333,-0.582318902015686,0.3857385805844336
BH_s10_high,39,104,42.46666666666667,-0.7740684151649475,0.8170164095913572
BH_s10_high,39,105,42.5,-0.9268232583999634,1.1538375606585514
BH_s10_high,39,106,42.53333333333333,-1.0531336069107056,1.3461740730563625
BH_s10_high,39,107,42.56666666666667,-1.13671875,1.3694625917471963
BH_s10_high,39,108,42.6,-1.2203038930892944,1.2349528555873814
BH_s10_high,39,109,42.63333333333333,-1.3038890361785889,0.9881362181931364
BH_s10_high,39,110,42.666666666666664,-1.281666874885559,0.692804858349317
BH_s10_high,39,111,42.7,-0.8406667709350586,0.4073604369570342
BH_s10_high,39,112,42.733333333333334,0.002484844299033284,0.16512743022488924
BH_s10_high,39,113,42.766666666666666,1.0468730926513672,-0.032206912111828384
BH_s10_high,39,114,42.8,1.6819705963134766,-0.20736526347721362
BH_s10_high,39,115,42.833333333333336,1.822005033493042,-0.39246614127650725
BH_s10_high,39,116,42.86666666666667,1.748759150505066,-0.6121091323508941
BH_s10_high,39,117,42.9,1.5468312501907349,-0.8683447123874496
BH_s10_high,39,118,42.93333333333333,1.2204581499099731,-1.1323892861177676
BH_s10_high,39,119,42.96666666666667,0.8433923721313477,-1.3483760164021308
BH_s10_high,39,120,43.0,0.6101008057594299,-1.4496178394213908
BH_s10_high,39,121,43.03333333333333,0.44293051958084106,-1.3811340215773773
BH_s10_high,39,122,43.06666666666667,0.25032880902290344,-1.119268643840039
BH_s10_high,39,123,43.1,0.0422985702753067,-0.6815848803593484
BH_s10_high,39,124,43.13333333333333,-0.2301577776670456,-0.12545571625627122
BH_s10_high,39,125,43.166666666666664,-0.5019375085830688,0.46255264747895547
BH_s10_high,39,126,43.2,-0.6919973492622375,0.9843920830079236
BH_s10_high,39,127,43.233333333333334,-0.8430625200271606,1.3533236281940473
BH_s10_high,39,128,43.266666666666666,-0.9266476631164551,1.516763773597529
BH_s10_high,39,129,43.3,-1.0102328062057495,1.470917642551459
BH_s10_high,39,130,43.333333333333336,-1.093817949295044,1.259923266611881
BH_s10_high,39,131,43.36666666666667,-1.15147066116333,0.9581788682333822
BH_s10_high,39,132,43.4,-0.858176589012146,0.6425479185967612
BH_s10_high,39,133,43.43333333333333,-0.09421774744987488,0.36627042076811545
BH_s10_high,39,134,43.46666666666667,0.7813105583190918,0.1452297448538884
BH_s10_high,39,135,43.5,1.4398444890975952,-0.03901217443981906
BH_s10_high,39,136,43.53333333333333,1.564971685409546,-0.2224517873573814
BH_s10_high,39,137,43.56666666666667,1.3998477458953857,-0.4363295232703654
BH_s10_high,39,138,43.6,1.113327145576477,-0.6884197843431412
BH_s10_high,39,139,43.63333333333333,0.7789865136146545,-0.9545009270202698
BH_s10_high,39,140,43.666666666666664,0.4873711168766022,-1.1823359387870735
BH_s10_high,39,141,43.7,0.3039145767688751,-1.3063603965324706
BH_s10_high,39,142,43.733333333333334,0.17946948111057281,-1.2683798469054368
BH_s10_high,39,143,43.766666666666666,0.02603806182742119,-1.0382217707214927
BH_s10_high,39,144,43.8,-0.18199218809604645,-0.6282785710590275
BH_s10_high,39,145,43.833333333333336,-0.4580034613609314,-0.09696164469560815
BH_s10_high,39,146,43.86666666666667,-0.7028377056121826,0.46169825022610955
BH_s10_high,39,147,43.9,-0.8912078738212585,0.9413256684279374
BH_s10_high,39,148,43.93333333333333,-1.0175182819366455,1.2533955869033617
BH_s10_high,39,149,43.96666666666667,-1.10110342502594,1.3540269537277947
BH_s10_high,39,150,44.0,-1.1846885681152344,1.2560666056678653
BH_s10_high,39,151,44.03333333333333,-1.2542093992233276,1.0200539272099438
BH_s10_high,39,152,44.06666666666667,-1.16268789768219,0.7275734836872708
BH_s10_high,39,153,44.1,-0.6381688714027405,0.44922820691054305
BH_s10_high,39,154,44.13333333333333,0.25734493136405945,0.22117091833908922
BH_s10_high,39,155,44.166666666666664,1.1846250295639038,0.03903216150227797
BH_s10_high,39,156,44.2,1.6131170988082886,-0.13009470150471542
BH_s10_high,39,157,44.233333333333334,1.645358681678772,-0.32458925549424394
BH_s10_high,39,158,44.266666666666666,1.4344556331634521,-0.5653299462259078
BH_s10_high,39,159,44.3,1.1418325901031494,-0.8427872762041818
BH_s10_high,39,160,44.333333333333336,0.7674897909164429,-1.1182013039273064
BH_s10_high,39,161,44.36666666666667,0.4685632586479187,-1.336129407604223
BH_s10_high,39,162,44.4,0.25407955050468445,-1.441996229109544
BH_s10_high,39,163,44.43333333333333,0.08690924942493439,-1.3980472894167826
BH_s10_high,39,164,44.46666666666667,-0.08026104420423508,-1.1928945386548369
BH_s10_high,39,165,44.5,-0.3515085279941559,-0.8427818130852477
BH_s10_high,39,166,44.53333333333333,-0.6431239247322083,-0.3859991726950218
BH_s10_high,39,167,44.56666666666667,-0.8808483481407166,0.1258329303860167
BH_s10_high,39,168,44.6,-1.0480185747146606,0.6358195273176469
BH_s10_high,39,169,44.63333333333333,-1.1724637746810913,1.087846206626173
BH_s10_high,39,170,44.666666666666664,-1.2542093992233276,1.4325165331400789
BH_s10_high,39,171,44.7,-1.316419005393982,1.6347528831128506
BH_s10_high,39,172,44.733333333333334,-1.4000041484832764,1.6804198521177738
BH_s10_high,39,173,44.766666666666666,-1.452081322669983,1.576866371070085
BH_s10_high,39,174,44.8,-1.2136021852493286,1.34646017049862
BH_s10_high,39,175,44.833333333333336,-0.4690496325492859,1.0178521410539496
BH_s10_high,39,176,44.86666666666667,0.5238139033317566,0.6202446844831281
BH_s10_high,39,177,44.9,1.308042287826538,0.18226621658752973
BH_s10_high,39,178,44.93333333333333,1.5656538009643555,-0.26644739214289315
BH_s10_high,39,179,44.96666666666667,1.5138037204742432,-0.6938039743368065
BH_s10_high,39,180,45.0,1.3012109994888306,-1.0653383357819828
BH_s10_high,39,181,45.03333333333333,1.0068984031677246,-1.3456495345112667
BH_s10_high,39,182,45.06666666666667,0.6725577712059021,-1.5010597937929988
BH_s10_high,39,183,45.1,0.338217169046402,-1.5040423171320438
BH_s10_high,39,184,45.13333333333333,0.12252461165189743,-1.3396516307297346
BH_s10_high,39,185,45.166666666666664,-0.044645681977272034,-1.0130016067695389
BH_s10_high,39,186,45.2,-0.24604688584804535,-0.555589766083019
BH_s10_high,39,187,45.233333333333334,-0.5291680097579956,-0.027148937924346864
BH_s10_high,39,188,45.266666666666666,-0.7902829647064209,0.4907462679610743
BH_s10_high,39,189,45.3,-1.0124032497406006,0.9112286116116016
BH_s10_high,39,190,45.333333333333336,-1.152803659439087,1.165872815212051
BH_s10_high,39,191,45.36666666666667,-1.2612934112548828,1.2268097324812857
BH_s10_high,39,192,45.4,-1.3199739456176758,1.1156833560728936
BH_s10_high,39,193,45.43333333333333,-1.4035590887069702,0.8925973057391794
BH_s10_high,39,194,45.46666666666667,-1.444419026374817,0.6296538434342294
BH_s10_high,39,195,45.5,-1.5105605125427246,0.3829319762391282
BH_s10_high,39,196,45.53333333333333,-1.3316397666931152,0.1760014651126122
BH_s10_high,39,197,45.56666666666667,-0.633387565612793,-8.685931188153727e-05
BH_s10_high,39,198,45.6,0.2978969216346741,-0.17375056401422173
BH_s10_high,39,199,45.63333333333333,1.1555724143981934,-0.37428167776454363
BH_s10_high,39,200,45.666666666666664,1.48020339012146,-0.6146179905248128
BH_s10_high,39,201,45.7,1.424973964691162,-0.8802035790791992
BH_s10_high,39,202,45.733333333333334,1.2534167766571045,-1.1275101550285807
BH_s10_high,39,203,45.766666666666666,1.0001397132873535,-1.2941197748992226
BH_s10_high,39,204,45.8,0.6664555072784424,-1.3182031133414476
BH_s10_high,39,205,45.833333333333336,0.4157000482082367,-1.1606408748201387
BH_s10_high,39,206,45.86666666666667,0.204595685005188,-0.8212085199127152
BH_s10_high,39,207,45.9,0.08015058189630508,-0.34281041483609803
BH_s10_high,39,208,45.93333333333333,-0.08701971173286438,0.1966591553210447
BH_s10_high,39,209,45.96666666666667,-0.32230064272880554,0.7012633010366993
BH_s10_high,39,210,46.0,-0.5817259550094604,1.0792997980311305
BH_s10_high,39,211,46.03333333333333,-0.7897562384605408,1.2674615154072908
BH_s10_high,39,212,46.06666666666667,-0.969326913356781,1.2500890271883613
BH_s10_high,39,213,46.1,-1.067177653312683,1.0644557745008638
BH_s10_high,39,214,46.13333333333333,-1.1507627964019775,0.787122892023232
BH_s10_high,39,215,46.166666666666664,-1.234347939491272,0.5054675312474579
BH_s10_high,39,216,46.2,-1.3179330825805664,0.2867332574696863
BH_s10_high,39,217,46.233333333333334,-1.3632516860961914,0.15827047096752406
BH_s10_high,39,218,46.266666666666666,-1.0478825569152832,0.10554614037044258
BH_s10_high,39,219,46.3,-0.3157248795032501,0.08539889655586398
BH_s10_high,39,220,46.333333333333336,0.547448992729187,0.04746202629512407
BH_s10_high,39,221,46.36666666666667,1.1734187602996826,-0.04414680527973509
BH_s10_high,39,222,46.4,1.2994955778121948,-0.196628962469873
BH_s10_high,39,223,46.43333333333333,1.157301664352417,-0.387111148950009
BH_s10_high,39,224,46.46666666666667,0.9065461754798889,-0.5734326832065698
BH_s10_high,39,225,46.5,0.6130655407905579,-0.7105414029670294
BH_s10_high,39,226,46.53333333333333,0.3623100817203522,-0.7642599305084871
BH_s10_high,39,227,46.56666666666667,0.1552414447069168,-0.7177049540296012
BH_s10_high,39,228,46.6,0.07165629416704178,-0.5715661672546217
BH_s10_high,39,229,46.63333333333333,-0.011928853578865528,-0.34240436618550396
BH_s10_high,39,230,46.666666666666664,-0.21345968544483185,-0.060606627150136906
BH_s10_high,39,231,46.7,-0.46421512961387634,0.2337433154526456
BH_s10_high,39,232,46.733333333333334,-0.6810908317565918,0.4981442143510846
BH_s10_high,39,233,46.766666666666666,-0.8909863233566284,0.6961061493293393
BH_s10_high,39,234,46.8,-1.0154314041137695,0.8033230557584052
BH_s10_high,39,235,46.833333333333336,-1.0833085775375366,0.8096382318672395
BH_s10_high,39,236,46.86666666666667,-1.1524524688720703,0.717723042893523
BH_s10_high,39,237,46.9,-1.2360376119613647,0.5408668098543341
BH_s10_high,39,238,46.93333333333333,-1.3196227550506592,0.3010141429296585
BH_s10_high,39,239,46.96666666666667,-1.2136425971984863,0.02649721049920367
BH_s10_high,40,0,40.0,0.8277202844619751,0.015057663845686294
BH_s10_high,40,1,40.03333333333333,1.4491018056869507,0.47195100032333165
BH_s10_high,40,2,40.06666666666667,1.543250560760498,0.8479962617636446
BH_s10_high,40,3,40.1,1.3964022397994995,1.0868621486893826
BH_s10_high,40,4,40.13333333333333,1.1491612195968628,1.1716304421440102
BH_s10_high,40,5,40.166666666666664,0.8575458526611328,1.1266701555672223
BH_s10_high,40,6,40.2,0.538147509098053,1.005380033419323
BH_s10_high,40,7,40.233333333333334,0.35627123713493347,0.8700662510290409
BH_s10_high,40,8,40.266666666666666,0.27268609404563904,0.7719291575308537
BH_s10_high,40,9,40.3,0.1370292603969574,0.7367199046238875
BH_s10_high,40,10,40.333333333333336,-0.03762226179242134,0.7586664667440484
BH_s10_high,40,11,40.36666666666667,-0.28837770223617554,0.8033821890572183
BH_s10_high,40,12,40.4,-0.5391331315040588,0.8193664880328277
BH_s10_high,40,13,40.43333333333333,-0.7452779412269592,0.7561313891545456
BH_s10_high,40,14,40.46666666666667,-0.8697230219841003,0.5842921752012449
BH_s10_high,40,15,40.5,-0.9960131049156189,0.3104020971588528
BH_s10_high,40,16,40.53333333333333,-1.1223235130310059,-0.020813359060258677
BH_s10_high,40,17,40.56666666666667,-1.051734447479248,-0.33997370067848287
BH_s10_high,40,18,40.6,-0.5019567608833313,-0.5778183399662792
BH_s10_high,40,19,40.63333333333333,0.3858514726161957,-0.690625487359214
BH_s10_high,40,20,40.666666666666664,1.2199324369430542,-0.6755127698917867
BH_s10_high,40,21,40.7,1.5823060274124146,-0.5700581140790212
BH_s10_high,40,22,40.733333333333334,1.5378304719924927,-0.43762388167741195
BH_s10_high,40,23,40.766666666666666,1.359603762626648,-0.3449294749469901
BH_s10_high,40,24,40.8,1.0847554206848145,-0.339952176318127
BH_s10_high,40,25,40.833333333333336,0.7726424336433411,-0.4368772793495296
BH_s10_high,40,26,40.86666666666667,0.49952420592308044,-0.6121379105198207
BH_s10_high,40,27,40.9,0.3508510887622833,-0.8121418399720247
BH_s10_high,40,28,40.93333333333333,0.22454072535037994,-0.9695662117676065
BH_s10_high,40,29,40.96666666666667,0.06869707256555557,-1.0226086063585986
BH_s10_high,40,30,41.0,-0.15223456919193268,-0.9315032491487849
BH_s10_high,40,31,41.03333333333333,-0.432813823223114,-0.6885315852492473
BH_s10_high,40,32,41.06666666666667,-0.6743983626365662,-0.3203105083096205
BH_s10_high,40,33,41.1,-0.834263026714325,0.11707198819930356
BH_s10_high,40,34,41.13333333333333,-0.9178481698036194,0.5490302751892722
BH_s10_high,40,35,41.166666666666664,-1.0441584587097168,0.898540196420165
BH_s10_high,40,36,41.2,-1.124323844909668,1.105369467008418
BH_s10_high,40,37,41.233333333333334,-0.9555990099906921,1.1438058488916296
BH_s10_high,40,38,41.266666666666666,-0.24901065230369568,1.0310850423609423
BH_s10_high,40,39,41.3,0.6645194888114929,0.8200823727283744
BH_s10_high,40,40,41.333333333333336,1.4769197702407837,0.5777284898633515
BH_s10_high,40,41,41.36666666666667,1.7716634273529053,0.3591148250769088
BH_s10_high,40,42,41.4,1.7460362911224365,0.1894046870723376
BH_s10_high,40,43,41.43333333333333,1.5996944904327393,0.060883790212835374
BH_s10_high,40,44,41.46666666666667,1.3489389419555664,-0.055426028999165475
BH_s10_high,40,45,41.5,1.0001627206802368,-0.19057623926297262
BH_s10_high,40,46,41.53333333333333,0.6765273213386536,-0.3598421514689531
BH_s10_high,40,47,41.56666666666667,0.44968917965888977,-0.5530112008375291
BH_s10_high,40,48,41.6,0.2604668140411377,-0.7355989753690864
BH_s10_high,40,49,41.63333333333333,0.05243656784296036,-0.8596750911212439
BH_s10_high,40,50,41.666666666666664,-0.19831888377666473,-0.8799526380712296
BH_s10_high,40,51,41.7,-0.44907432794570923,-0.7695479694422316
BH_s10_high,40,52,41.733333333333334,-0.6852387189865112,-0.530428155157467
BH_s10_high,40,53,41.766666666666666,-0.8396831750869751,-0.19546202293853182
BH_s10_high,40,54,41.8,-0.9659935235977173,0.17860158166354245
BH_s10_high,40,55,41.833333333333336,-1.0495786666870117,0.5255865416685033
BH_s10_high,40,56,41.86666666666667,-1.1331638097763062,0.7880384696471697
BH_s10_high,40,57,41.9,-1.2114841938018799,0.9330969424243348
BH_s10_high,40,58,41.93333333333333,-1.0629111528396606,0.9588175082660781
BH_s10_high,40,59,41.96666666666667,-0.4270874559879303,0.8870288554159355
BH_s10_high,40,60,42.0,0.535946786403656,0.7472716317684959
BH_s10_high,40,61,42.03333333333333,1.4582414627075195,0.562399226821038
BH_s10_high,40,62,42.06666666666667,1.891209602355957,0.34370985503437834
BH_s10_high,40,63,42.1,1.9501806497573853,0.09573043958508942
BH_s10_high,40,64,42.13333333333333,1.837588906288147,-0.17486682592500163
BH_s10_high,40,65,42.166666666666664,1.594625473022461,-0.45252985409800534
BH_s10_high,40,66,42.2,1.238739252090454,-0.7116399705488717
BH_s10_high,40,67,42.233333333333334,0.8501510620117188,-0.920394355459282
BH_s10_high,40,68,42.266666666666666,0.5860078930854797,-1.0471455450331852
BH_s10_high,40,69,42.3,0.3779776692390442,-1.066778244862571
BH_s10_high,40,70,42.333333333333336,0.16994741559028625,-0.9661062259149839
BH_s10_high,40,71,42.36666666666667,-0.058931540697813034,-0.7479686256952233
BH_s10_high,40,72,42.4,-0.33156347274780273,-0.43301250913699574
BH_s10_high,40,73,42.43333333333333,-0.582318902015686,-0.05806390299494575
BH_s10_high,40,74,42.46666666666667,-0.7740684151649475,0.32833985817059386
BH_s10_high,40,75,42.5,-0.9268232583999634,0.6721064896510948
BH_s10_high,40,76,42.53333333333333,-1.0531336069107056,0.9223156216236408
BH_s10_high,40,77,42.56666666666667,-1.13671875,1.0434822732559434
BH_s10_high,40,78,42.6,-1.2203038930892944,1.027535852717594
BH_s10_high,40,79,42.63333333333333,-1.3038890361785889,0.8977847084827143
BH_s10_high,40,80,42.666666666666664,-1.281666874885559,0.7001883729876709
BH_s10_high,40,81,42.7,-0.8406667709350586,0.48506111716025185
BH_s10_high,40,82,42.733333333333334,0.002484844299033284,0.28848130633557373
BH_s10_high,40,83,42.766666666666666,1.0468730926513672,0.12240954117505996
BH_s10_high,40,84,42.8,1.6819705963134766,-0.02394305643084748
BH_s10_high,40,85,42.833333333333336,1.822005033493042,-0.17494195275127766
BH_s10_high,40,86,42.86666666666667,1.748759150505066,-0.3554698673962742
BH_s10_high,40,87,42.9,1.5468312501907349,-0.5766752331835738
BH_s10_high,40,88,42.93333333333333,1.2204581499099731,-0.8248583631440619
BH_s10_high,40,89,42.96666666666667,0.8433923721313477,-1.0592983211193734
BH_s10_high,40,90,43.0,0.6101008057594299,-1.2218681886681177
BH_s10_high,40,91,43.03333333333333,0.44293051958084106,-1.2554255331583977
BH_s10_high,40,92,43.06666666666667,0.25032880902290344,-1.1234914586002955
BH_s10_high,40,93,43.1,0.0422985702753067,-0.8235335635347288
BH_s10_high,40,94,43.13333333333333,-0.2301577776670456,-0.3900675846495903
BH_s10_high,40,95,43.166666666666664,-0.5019375085830688,0.11196629178822144
BH_s10_high,40,96,43.2,-0.6919973492622375,0.601501477661357
BH_s10_high,40,97,43.233333333333334,-0.8430625200271606,1.0006535769681695
BH_s10_high,40,98,43.266666666666666,-0.9266476631164551,1.2544281189179745
BH_s10_high,40,99,43.3,-1.0102328062057495,1.344197493119484
BH_s10_high,40,100,43.333333333333336,-1.093817949295044,1.2889341561557415
BH_s10_high,40,101,43.36666666666667,-1.15147066116333,1.1326689168122608
BH_s10_high,40,102,43.4,-0.858176589012146,0.9235061371546017
BH_s10_high,40,103,43.43333333333333,-0.09421774744987488,0.6943511974186887
BH_s10_high,40,104,43.46666666666667,0.7813105583190918,0.4545410096568416
BH_s10_high,40,105,43.5,1.4398444890975952,0.19522798837632624
BH_s10_high,40,106,43.53333333333333,1.564971685409546,-0.09642796004460372
BH_s10_high,40,107,43.56666666666667,1.3998477458953857,-0.4229428098689911
BH_s10_high,40,108,43.6,1.113327145576477,-0.7680741892177616
BH_s10_high,40,109,43.63333333333333,0.7789865136146545,-1.095503100903079
BH_s10_high,40,110,43.666666666666664,0.4873711168766022,-1.353840523299269
BH_s10_high,40,111,43.7,0.3039145767688751,-1.4870864624165647
BH_s10_high,40,112,43.733333333333334,0.17946948111057281,-1.4488526277548253
BH_s10_high,40,113,43.766666666666666,0.02603806182742119,-1.2171253228359922
BH_s10_high,40,114,43.8,-0.18199218809604645,-0.8053504220477096
BH_s10_high,40,115,43.833333333333336,-0.4580034613609314,-0.26561873662203583
BH_s10_high,40,116,43.86666666666667,-0.7028377056121826,0.31900785405759957
BH_s10_high,40,117,43.9,-0.8912078738212585,0.8527635422703486
BH_s10_high,40,118,43.93333333333333,-1.0175182819366455,1.2510707511797954
BH_s10_high,40,119,43.96666666666667,-1.10110342502594,1.4617769268483785
BH_s10_high,40,120,44.0,-1.1846885681152344,1.4760682884048317
BH_s10_high,40,121,44.03333333333333,-1.2542093992233276,1.3254275628365435
BH_s10_high,40,122,44.06666666666667,-1.16268789768219,1.0662808638663996
BH_s10_high,40,123,44.1,-0.6381688714027405,0.7585057005779415
BH_s10_high,40,124,44.13333333333333,0.25734493136405945,0.4461899066576003
BH_s10_high,40,125,44.166666666666664,1.1846250295639038,0.14792565472005506
BH_s10_high,40,126,44.2,1.6131170988082886,-0.14030939346042598
BH_s10_high,40,127,44.233333333333334,1.645358681678772,-0.4321730778691808
BH_s10_high,40,128,44.266666666666666,1.4344556331634521,-0.734678394300986
BH_s10_high,40,129,44.3,1.1418325901031494,-1.0363408689352014
BH_s10_high,40,130,44.333333333333336,0.7674897909164429,-1.3046251367003094
BH_s10_high,40,131,44.36666666666667,0.4685632586479187,-1.4930112985781638
BH_s10_high,40,132,44.4,0.25407955050468445,-1.55436237059128
BH_s10_high,40,133,44.43333333333333,0.08690924942493439,-1.4555838412068023
BH_s10_high,40,134,44.46666666666667,-0.08026104420423508,-1.1887140171690262
BH_s10_high,40,135,44.5,-0.3515085279941559,-0.7751215953060684
BH_s10_high,40,136,44.53333333333333,-0.6431239247322083,-0.26186485360258416
BH_s10_high,40,137,44.56666666666667,-0.8808483481407166,0.28804544612753535
BH_s10_high,40,138,44.6,-1.0480185747146606,0.8077033336708797
BH_s10_high,40,139,44.63333333333333,-1.1724637746810913,1.2371847838379613
BH_s10_high,40,140,44.666666666666664,-1.2542093992233276,1.532231450997147
BH_s10_high,40,141,44.7,-1.316419005393982,1.6707987647832632
BH_s10_high,40,142,44.733333333333334,-1.4000041484832764,1.6553740919920101
BH_s10_high,40,143,44.766666666666666,-1.452081322669983,1.5081302017148401
BH_s10_high,40,144,44.8,-1.2136021852493286,1.260046333728233
BH_s10_high,40,145,44.833333333333336,-0.4690496325492859,0.9398315171285495
BH_s10_high,40,146,44.86666666666667,0.5238139033317566,0.5684087559206905
BH_s10_high,40,147,44.9,1.308042287826538,0.1605812706943504
BH_s10_high,40,148,44.93333333333333,1.5656538009643555,-0.2688297321333102
BH_s10_high,40,149,44.96666666666667,1.5138037204742432,-0.6987999842173688
BH_s10_high,40,150,45.0,1.3012109994888306,-1.0989097199716082
BH_s10_high,40,151,45.03333333333333,1.0068984031677246,-1.429876447248065
BH_s10_high,40,152,45.06666666666667,0.6725577712059021,-1.6475488447473712
BH_s10_high,40,153,45.1,0.338217169046402,-1.7101865083723866
BH_s10_high,40,154,45.13333333333333,0.12252461165189743,-1.58860780663806
BH_s10_high,40,155,45.166666666666664,-0.044645681977272034,-1.277391665799148
BH_s10_high,40,156,45.2,-0.24604688584804535,-0.8032660088019351
BH_s10_high,40,157,45.233333333333334,-0.5291680097579956,-0.2260643970760279
BH_s10_high,40,158,45.266666666666666,-0.7902829647064209,0.3703763676394372
BH_s10_high,40,159,45.3,-1.0124032497406006,0.8962066343654902
BH_s10_high,40,160,45.333333333333336,-1.152803659439087,1.2775394055801979
BH_s10_high,40,161,45.36666666666667,-1.2612934112548828,1.474916628479347
BH_s10_high,40,162,45.4,-1.3199739456176758,1.4904979899187116
BH_s10_high,40,163,45.43333333333333,-1.4035590887069702,1.3602325632441206
BH_s10_high,40,164,45.46666666666667,-1.444419026374817,1.1350078850198146
BH_s10_high,40,165,45.5,-1.5105605125427246,0.8605293482168542
BH_s10_high,40,166,45.53333333333333,-1.3316397666931152,0.5647515211131615
BH_s10_high,40,167,45.56666666666667,-0.633387565612793,0.2560778650461076
BH_s10_high,40,168,45.6,0.2978969216346741,-0.06985366735528213
BH_s10_high,40,169,45.63333333333333,1.1555724143981934,-0.41929011326083765
BH_s10_high,40,170,45.666666666666664,1.48020339012146,-0.7891394559332631
BH_s10_high,40,171,45.7,1.424973964691162,-1.1580431816224577
BH_s10_high,40,172,45.733333333333334,1.2534167766571045,-1.482815713725381
BH_s10_high,40,173,45.766666666666666,1.0001397132873535,-1.7035064627517666
BH_s10_high,40,174,45.8,0.6664555072784424,-1.7579336401303622
BH_s10_high,40,175,45.833333333333336,0.4157000482082367,-1.6021068801840876
BH_s10_high,40,176,45.86666666666667,0.204595685005188,-1.2290573643653118
BH_s10_high,40,177,45.9,0.08015058189630508,-0.6780145980838221
BH_s10_high,40,178,45.93333333333333,-0.08701971173286438,-0.029527808189964803
BH_s10_high,40,179,45.96666666666667,-0.32230064272880554,0.612399754102999
BH_s10_high,40,180,46.0,-0.5817259550094604,1.145839893996887
BH_s10_high,40,181,46.03333333333333,-0.7897562384605408,1.4965359817311032
BH_s10_high,40,182,46.06666666666667,-0.969326913356781,1.6355033156239607
BH_s10_high,40,183,46.1,-1.067177653312683,1.5823628745775131
BH_s10_high,40,184,46.13333333333333,-1.1507627964019775,1.3926066441127336
BH_s10_high,40,185,46.166666666666664,-1.234347939491272,1.133582545966824
BH_s10_high,40,186,46.2,-1.3179330825805664,0.8599757454883187
BH_s10_high,40,187,46.233333333333334,-1.3632516860961914,0.5997836579300553
BH_s10_high,40,188,46.266666666666666,-1.0478825569152832,0.3545680717295642
BH_s10_high,40,189,46.3,-0.3157248795032501,0.10968948249485659
BH_s10_high,40,190,46.333333333333336,0.547448992729187,-0.15210456838905367
BH_s10_high,40,191,46.36666666666667,1.1734187602996826,-0.43841368524432245
BH_s10_high,40,192,46.4,1.2994955778121948,-0.7390397420240657
BH_s10_high,40,193,46.43333333333333,1.157301664352417,-1.0239775823370862
BH_s10_high,40,194,46.46666666666667,0.9065461754798889,-1.2487063627795982
BH_s10_high,40,195,46.5,0.6130655407905579,-1.3659046263233405
BH_s10_high,40,196,46.53333333333333,0.3623100817203522,-1.3397353256208178
BH_s10_high,40,197,46.56666666666667,0.1552414447069168,-1.157321878494021
BH_s10_high,40,198,46.6,0.07165629416704178,-0.8336206473385875
BH_s10_high,40,199,46.63333333333333,-0.011928853578865528,-0.40887762558781654
BH_s10_high,40,200,46.666666666666664,-0.21345968544483185,0.060047729032780106
BH_s10_high,40,201,46.7,-0.46421512961387634,0.5119236939815096
BH_s10_high,40,202,46.733333333333334,-0.6810908317565918,0.8932932134969236
BH_s10_high,40,203,46.766666666666666,-0.8909863233566284,1.1668315913304674
BH_s10_high,40,204,46.8,-1.0154314041137695,1.3140670136777588
BH_s10_high,40,205,46.833333333333336,-1.0833085775375366,1.3335133955461644
BH_s10_high,40,206,46.86666666666667,-1.1524524688720703,1.2372766604277554
BH_s10_high,40,207,46.9,-1.2360376119613647,1.0483032218004835
BH_s10_high,40,208,46.93333333333333,-1.3196227550506592,0.797060895358702
BH_s10_high,40,209,46.96666666666667,-1.2136425971984863,0.5149703394991642
BH_s10_high,40,210,47.0,-0.6373801231384277,0.22523199278569506
BH_s10_high,40,211,47.03333333333333,0.27538153529167175,-0.06366862162256133
BH_s10_high,40,212,47.06666666666667,1.1320440769195557,-0.3558455398247128
BH_s10_high,40,213,47.1,1.5362906455993652,-0.6564092864347691
BH_s10_high,40,214,47.13333333333333,1.5114319324493408,-0.9571939278286279
BH_s10_high,40,215,47.166666666666664,1.3658586740493774,-1.2298607302217552
BH_s10_high,40,216,47.2,1.1151032447814941,-1.431293514963587
BH_s10_high,40,217,47.233333333333334,0.8643477559089661,-1.5180805814450458
BH_s10_high,40,218,47.266666666666666,0.613592267036438,-1.4627894129311896
BH_s10_high,40,219,47.3,0.45045772194862366,-1.2651936292604968
BH_s10_high,40,220,47.333333333333336,0.32601261138916016,-0.9541368852719584
BH_s10_high,40,221,47.36666666666667,0.1588423252105713,-0.5794726993430953
BH_s10_high,40,222,47.4,-0.05105317384004593,-0.19775557105354075
BH_s10_high,40,223,47.43333333333333,-0.3411085307598114,0.14230306264235373
BH_s10_high,40,224,47.46666666666667,-0.5562945604324341,0.40962493046837983
BH_s10_high,40,225,47.5,-0.7661900520324707,0.5934708882262415
BH_s10_high,40,226,47.53333333333333,-0.8906351327896118,0.6990934614373245
BH_s10_high,40,227,47.56666666666667,-0.9851065874099731,0.7391962459653723
BH_s10_high,40,228,47.6,-1.0686917304992676,0.7270998016479244
BH_s10_high,40,229,47.63333333333333,-1.1260337829589844,0.6762483513715826
BH_s10_high,40,230,47.666666666666664,-1.2358620166778564,0.6036976002480238
BH_s10_high,40,231,47.7,-1.1866713762283325,0.530346105089012
BH_s10_high,40,232,47.733333333333334,-0.7265812158584595,0.47447240864167417
BH_s10_high,40,233,47.766666666666666,0.167481929063797,0.44279661482175203
BH_s10_high,40,234,47.8,1.179395079612732,0.4265339556506823
BH_s10_high,40,235,47.833333333333336,1.7389843463897705,0.40639486931135693
BH_s10_high,40,236,47.86666666666667,1.85154390335083,0.3634730937630229
BH_s10_high,40,237,47.9,1.7139123678207397,0.28878802138415166
BH_s10_high,40,238,47.93333333333333,1.494560956954956,0.18658148354021067
BH_s10_high,40,239,47.96666666666667,1.193489670753479,0.0716819576933707
BH_s10_high,41,0,41.0,-0.15223456919193268,-0.014176812499835559
BH_s10_high,41,1,41.03333333333333,-0.432813823223114,0.6137438579781123
BH_s10_high,41,2,41.06666666666667,-0.6743983626365662,1.1507425993559546
BH_s10_high,41,3,41.1,-0.834263026714325,1.5234407529201934
BH_s10_high,41,4,41.13333333333333,-0.9178481698036194,1.6889113693100881
BH_s10_high,41,5,41.166666666666664,-1.0441584587097168,1.6406957797459638
BH_s10_high,41,6,41.2,-1.124323844909668,1.406277861220014
BH_s10_high,41,7,41.233333333333334,-0.9555990099906921,1.0384512582148764
BH_s10_high,41,8,41.266666666666666,-0.24901065230369568,0.6034025683739361
BH_s10_high,41,9,41.3,0.6645194888114929,0.1672933632149359
BH_s10_high,41,10,41.333333333333336,1.4769197702407837,-0.2164034532098185
BH_s10_high,41,11,41.36666666666667,1.7716634273529053,-0.5155011671797924
BH_s10_high,41,12,41.4,1.7460362911224365,-0.7208913095069406
BH_s10_high,41,13,41.43333333333333,1.5996944904327393,-0.8412672064546564
BH_s10_high,41,14,41.46666666666667,1.3489389419555664,-0.8935493503493825
BH_s10_high,41,15,41.5,1.0001627206802368,-0.8933688923263303
BH_s10_high,41,16,41.53333333333333,0.6765273213386536,-0.8490707773000613
BH_s10_high,41,17,41.56666666666667,0.44968917965888977,-0.76053571471367
BH_s10_high,41,18,41.6,0.2604668140411377,-0.6223418724573854
BH_s10_high,41,19,41.63333333333333,0.05243656784296036,-0.42958993953916524
BH_s10_high,41,20,41.666666666666664,-0.19831888377666473,-0.18389661353509315
BH_s10_high,41,21,41.7,-0.44907432794570923,0.10277475215920456
BH_s10_high,41,22,41.733333333333334,-0.6852387189865112,0.40739032036132117
BH_s10_high,41,23,41.766666666666666,-0.8396831750869751,0.6977720830339237
BH_s10_high,41,24,41.8,-0.9659935235977173,0.936485703750542
BH_s10_high,41,25,41.833333333333336,-1.0495786666870117,1.086633313221731
BH_s10_high,41,26,41.86666666666667,-1.1331638097763062,1.119700547392697
BH_s10_high,41,27,41.9,-1.2114841938018799,1.0240426655443988
BH_s10_high,41,28,41.93333333333333,-1.0629111528396606,0.809923027851316
BH_s10_high,41,29,41.96666666666667,-0.4270874559879303,0.5070877620450662
BH_s10_high,41,30,42.0,0.535946786403656,0.15554649389042235
BH_s10_high,41,31,42.03333333333333,1.4582414627075195,-0.20498847188939312
BH_s10_high,41,32,42.06666666666667,1.891209602355957,-0.5415827424447688
BH_s10_high,41,33,42.1,1.9501806497573853,-0.8290000087112623
BH_s10_high,41,34,42.13333333333333,1.837588906288147,-1.0475453344347971
BH_s10_high,41,35,42.166666666666664,1.594625473022461,-1.1814050830874472
BH_s10_high,41,36,42.2,1.238739252090454,-1.218966437278341
BH_s10_high,41,37,42.233333333333334,0.8501510620117188,-1.1541400938834603
BH_s10_high,41,38,42.266666666666666,0.5860078930854797,-0.987485405908808
BH_s10_high,41,39,42.3,0.3779776692390442,-0.7271718462797317
BH_s10_high,41,40,42.333333333333336,0.16994741559028625,-0.390369332941132
BH_s10_high,41,41,42.36666666666667,-0.058931540697813034,-0.004634681866975556
BH_s10_high,41,42,42.4,-0.33156347274780273,0.39277864145414615
BH_s10_high,41,43,42.43333333333333,-0.582318902015686,0.7593482783893872
BH_s10_high,41,44,42.46666666666667,-0.7740684151649475,1.0539717262237358
BH_s10_high,41,45,42.5,-0.9268232583999634,1.2427522209573134
BH_s10_high,41,46,42.53333333333333,-1.0531336069107056,1.303208123248175
BH_s10_high,41,47,42.56666666666667,-1.13671875,1.2284939345130086
BH_s10_high,41,48,42.6,-1.2203038930892944,1.0311567434905369
BH_s10_high,41,49,42.63333333333333,-1.3038890361785889,0.7430697091837205
BH_s10_high,41,50,42.666666666666664,-1.281666874885559,0.4091749863785354
BH_s10_high,41,51,42.7,-0.8406667709350586,0.07643686383150261
BH_s10_high,41,52,42.733333333333334,0.002484844299033284,-0.21769725193183526
BH_s10_high,41,53,42.766666666666666,1.0468730926513672,-0.45291705017117895
BH_s10_high,41,54,42.8,1.6819705963134766,-0.6276059404114989
BH_s10_high,41,55,42.833333333333336,1.822005033493042,-0.7544557590954629
BH_s10_high,41,56,42.86666666666667,1.748759150505066,-0.8511077258085159
BH_s10_high,41,57,42.9,1.5468312501907349,-0.9281676661816368
BH_s10_high,41,58,42.93333333333333,1.2204581499099731,-0.9798770679236602
BH_s10_high,41,59,42.96666666666667,0.8433923721313477,-0.9834343316661169
BH_s10_high,41,60,43.0,0.6101008057594299,-0.9084955340302787
BH_s10_high,41,61,43.03333333333333,0.44293051958084106,-0.7320342209949111
BH_s10_high,41,62,43.06666666666667,0.25032880902290344,-0.45072273241787825
BH_s10_high,41,63,43.1,0.0422985702753067,-0.08531002015430732
BH_s10_high,41,64,43.13333333333333,-0.2301577776670456,0.3229202698610975
BH_s10_high,41,65,43.166666666666664,-0.5019375085830688,0.7199439855434807
BH_s10_high,41,66,43.2,-0.6919973492622375,1.0487237840305461
BH_s10_high,41,67,43.233333333333334,-0.8430625200271606,1.2606921126662094
BH_s10_high,41,68,43.266666666666666,-0.9266476631164551,1.3273849249518175
BH_s10_high,41,69,43.3,-1.0102328062057495,1.2478849020592062
BH_s10_high,41,70,43.333333333333336,-1.093817949295044,1.047882010217987
BH_s10_high,41,71,43.36666666666667,-1.15147066116333,0.7697326840739134
BH_s10_high,41,72,43.4,-0.858176589012146,0.45761883117756275
BH_s10_high,41,73,43.43333333333333,-0.09421774744987488,0.14463806653031538
BH_s10_high,41,74,43.46666666666667,0.7813105583190918,-0.15256773449243616
BH_s10_high,41,75,43.5,1.4398444890975952,-0.43037773714076555
BH_s10_high,41,76,43.53333333333333,1.564971685409546,-0.6893740732526553
BH_s10_high,41,77,43.56666666666667,1.3998477458953857,-0.9254699280863855
BH_s10_high,41,78,43.6,1.113327145576477,-1.1245010408546705
BH_s10_high,41,79,43.63333333333333,0.7789865136146545,-1.2612384328611022
BH_s10_high,41,80,43.666666666666664,0.4873711168766022,-1.3031755386135617
BH_s10_high,41,81,43.7,0.3039145767688751,-1.2192846082007107
BH_s10_high,41,82,43.733333333333334,0.17946948111057281,-0.9920716029555845
BH_s10_high,41,83,43.766666666666666,0.02603806182742119,-0.6287494648195199
BH_s10_high,41,84,43.8,-0.18199218809604645,-0.16646924775109237
BH_s10_high,41,85,43.833333333333336,-0.4580034613609314,0.3318133109528485
BH_s10_high,41,86,43.86666666666667,-0.7028377056121826,0.7906824018726316
BH_s10_high,41,87,43.9,-0.8912078738212585,1.140793141963326
BH_s10_high,41,88,43.93333333333333,-1.0175182819366455,1.3362250198280448
BH_s10_high,41,89,43.96666666666667,-1.10110342502594,1.36455507322566
BH_s10_high,41,90,44.0,-1.1846885681152344,1.2463532742559833
BH_s10_high,41,91,44.03333333333333,-1.2542093992233276,1.0249024639457234
BH_s10_high,41,92,44.06666666666667,-1.16268789768219,0.7505568858826748
BH_s10_high,41,93,44.1,-0.6381688714027405,0.4657526769269888
BH_s10_high,41,94,44.13333333333333,0.25734493136405945,0.1956965998005383
BH_s10_high,41,95,44.166666666666664,1.1846250295639038,-0.053021502980752366
BH_s10_high,41,96,44.2,1.6131170988082886,-0.2867830213752586
BH_s10_high,41,97,44.233333333333334,1.645358681678772,-0.5154120007348414
BH_s10_high,41,98,44.266666666666666,1.4344556331634521,-0.7426463207813544
BH_s10_high,41,99,44.3,1.1418325901031494,-0.9597829273933418
BH_s10_high,41,100,44.333333333333336,0.7674897909164429,-1.1441822293905977
BH_s10_high,41,101,44.36666666666667,0.4685632586479187,-1.2629771429713827
BH_s10_high,41,102,44.4,0.25407955050468445,-1.2814325869453895
BH_s10_high,41,103,44.43333333333333,0.08690924942493439,-1.1740138022738296
BH_s10_high,41,104,44.46666666666667,-0.08026104420423508,-0.9342086400842313
BH_s10_high,41,105,44.5,-0.3515085279941559,-0.5787976961075002
BH_s10_high,41,106,44.53333333333333,-0.6431239247322083,-0.14505436588309567
BH_s10_high,41,107,44.56666666666667,-0.8808483481407166,0.3170455840650098
BH_s10_high,41,108,44.6,-1.0480185747146606,0.7541085620577116
BH_s10_high,41,109,44.63333333333333,-1.1724637746810913,1.1176128311942737
BH_s10_high,41,110,44.666666666666664,-1.2542093992233276,1.3704829883750624
BH_s10_high,41,111,44.7,-1.316419005393982,1.4917740268252944
BH_s10_high,41,112,44.733333333333334,-1.4000041484832764,1.478278355572521
BH_s10_high,41,113,44.766666666666666,-1.452081322669983,1.3418385348246495
BH_s10_high,41,114,44.8,-1.2136021852493286,1.1036228740795966
BH_s10_high,41,115,44.833333333333336,-0.4690496325492859,0.7886574183234659
BH_s10_high,41,116,44.86666666666667,0.5238139033317566,0.42271020955938704
BH_s10_high,41,117,44.9,1.308042287826538,0.031130174667201117
BH_s10_high,41,118,44.93333333333333,1.5656538009643555,-0.36156786208681396
BH_s10_high,41,119,44.96666666666667,1.5138037204742432,-0.7317910799160298
BH_s10_high,41,120,45.0,1.3012109994888306,-1.0563056423639072
BH_s10_high,41,121,45.03333333333333,1.0068984031677246,-1.3110576744616014
BH_s10_high,41,122,45.06666666666667,0.6725577712059021,-1.4706639564772197
BH_s10_high,41,123,45.1,0.338217169046402,-1.5104091669132285
BH_s10_high,41,124,45.13333333333333,0.12252461165189743,-1.4113574449394337
BH_s10_high,41,125,45.166666666666664,-0.044645681977272034,-1.1673072149349548
BH_s10_high,41,126,45.2,-0.24604688584804535,-0.7912878810171798
BH_s10_high,41,127,45.233333333333334,-0.5291680097579956,-0.3190118795833623
BH_s10_high,41,128,45.266666666666666,-0.7902829647064209,0.19323950596772319
BH_s10_high,41,129,45.3,-1.0124032497406006,0.6777140000035305
BH_s10_high,41,130,45.333333333333336,-1.152803659439087,1.0699828643615468
BH_s10_high,41,131,45.36666666666667,-1.2612934112548828,1.3246704405994287
BH_s10_high,41,132,45.4,-1.3199739456176758,1.4252635764162225
BH_s10_high,41,133,45.43333333333333,-1.4035590887069702,1.383207460489764
BH_s10_high,41,134,45.46666666666667,-1.444419026374817,1.2276981210725835
BH_s10_high,41,135,45.5,-1.5105605125427246,0.9927343331167813
BH_s10_high,41,136,45.53333333333333,-1.3316397666931152,0.7076316461766365
BH_s10_high,41,137,45.56666666666667,-0.633387565612793,0.393238004108847
BH_s10_high,41,138,45.6,0.2978969216346741,0.06277575821253915
BH_s10_high,41,139,45.63333333333333,1.1555724143981934,-0.27470631652224853
BH_s10_high,41,140,45.666666666666664,1.48020339012146,-0.6095522839532287
BH_s10_high,41,141,45.7,1.424973964691162,-0.926237981153103
BH_s10_high,41,142,45.733333333333334,1.2534167766571045,-1.1994636017905564
BH_s10_high,41,143,45.766666666666666,1.0001397132873535,-1.394380141354032
BH_s10_high,41,144,45.8,0.6664555072784424,-1.4727500082682332
BH_s10_high,41,145,45.833333333333336,0.4157000482082367,-1.4040053155157772
BH_s10_high,41,146,45.86666666666667,0.204595685005188,-1.1771466371301038
BH_s10_high,41,147,45.9,0.08015058189630508,-0.8084929283105706
BH_s10_high,41,148,45.93333333333333,-0.08701971173286438,-0.34223682483021955
BH_s10_high,41,149,45.96666666666667,-0.32230064272880554,0.15665275537205153
BH_s10_high,41,150,46.0,-0.5817259550094604,0.6162582946894829
BH_s10_high,41,151,46.03333333333333,-0.7897562384605408,0.9755312753257243
BH_s10_high,41,152,46.06666666666667,-0.969326913356781,1.2000799060945273
BH_s10_high,41,153,46.1,-1.067177653312683,1.2885898277351207
BH_s10_high,41,154,46.13333333333333,-1.1507627964019775,1.266342548273672
BH_s10_high,41,155,46.166666666666664,-1.234347939491272,1.1693033601582392
BH_s10_high,41,156,46.2,-1.3179330825805664,1.0276604833602332
BH_s10_high,41,157,46.233333333333334,-1.3632516860961914,0.857187489768689
BH_s10_high,41,158,46.266666666666666,-1.0478825569152832,0.6602819159036089
BH_s10_high,41,159,46.3,-0.3157248795032501,0.43230824015489466
BH_s10_high,41,160,46.333333333333336,0.547448992729187,0.16837916151940188
BH_s10_high,41,161,46.36666666666667,1.1734187602996826,-0.13130797450267592
BH_s10_high,41,162,46.4,1.2994955778121948,-0.4576322272128246
BH_s10_high,41,163,46.43333333333333,1.157301664352417,-0.7903950425241149
BH_s10_high,41,164,46.46666666666667,0.9065461754798889,-1.0986439928625695
BH_s10_high,41,165,46.5,0.6130655407905579,-1.3440715569135135
BH_s10_high,41,166,46.53333333333333,0.3623100817203522,-1.4869428157328453
BH_s10_high,41,167,46.56666666666667,0.1552414447069168,-1.4932836698610341
BH_s10_high,41,168,46.6,0.07165629416704178,-1.3425542239123605
BH_s10_high,41,169,46.63333333333333,-0.011928853578865528,-1.0351269039739215
BH_s10_high,41,170,46.666666666666664,-0.21345968544483185,-0.597404993380889
BH_s10_high,41,171,46.7,-0.46421512961387634,-0.08125304872942792
BH_s10_high,41,172,46.733333333333334,-0.6810908317565918,0.4442224329167492
BH_s10_high,41,173,46.766666666666666,-0.8909863233566284,0.9070573382039299
BH_s10_high,41,174,46.8,-1.0154314041137695,1.2482335151335624
BH_s10_high,41,175,46.833333333333336,-1.0833085775375366,1.4335691104882677
BH_s10_high,41,176,46.86666666666667,-1.1524524688720703,1.4588755753373537
BH_s10_high,41,177,46.9,-1.2360376119613647,1.3480404753271322
BH_s10_high,41,178,46.93333333333333,-1.3196227550506592,1.1440051580565307
BH_s10_high,41,179,46.96666666666667,-1.2136425971984863,0.8936206194863611
BH_s10_high,41,180,47.0,-0.6373801231384277,0.6312818166852315
BH_s10_high,41,181,47.03333333333333,0.27538153529167175,0.3691834016006851
BH_s10_high,41,182,47.06666666666667,1.1320440769195557,0.09962186963387128
BH_s10_high,41,183,47.1,1.5362906455993652,-0.19194547660722397
BH_s10_high,41,184,47.13333333333333,1.5114319324493408,-0.510784400217106
BH_s10_high,41,185,47.166666666666664,1.3658586740493774,-0.8426978376551624
BH_s10_high,41,186,47.2,1.1151032447814941,-1.1538105524462459
BH_s10_high,41,187,47.233333333333334,0.8643477559089661,-1.3982961849733413
BH_s10_high,41,188,47.266666666666666,0.613592267036438,-1.5299043927721876
BH_s10_high,41,189,47.3,0.45045772194862366,-1.5139149636790132
BH_s10_high,41,190,47.333333333333336,0.32601261138916016,-1.336770014564771
BH_s10_high,41,191,47.36666666666667,0.1588423252105713,-1.0110391862882153
BH_s10_high,41,192,47.4,-0.05105317384004593,-0.5745025122519831
BH_s10_high,41,193,47.43333333333333,-0.3411085307598114,-0.08349513684649541
BH_s10_high,41,194,47.46666666666667,-0.5562945604324341,0.3983090733705055
BH_s10_high,41,195,47.5,-0.7661900520324707,0.8130240163195375
BH_s10_high,41,196,47.53333333333333,-0.8906351327896118,1.1191505343530648
BH_s10_high,41,197,47.56666666666667,-0.9851065874099731,1.2959211267192254
BH_s10_high,41,198,47.6,-1.0686917304992676,1.341850737278573
BH_s10_high,41,199,47.63333333333333,-1.1260337829589844,1.2709526395601503
BH_s10_high,41,200,47.666666666666664,-1.2358620166778564,1.10831228974297
BH_s10_high,41,201,47.7,-1.1866713762283325,0.8839803736110188
BH_s10_high,41,202,47.733333333333334,-0.7265812158584595,0.6250520037377337
BH_s10_high,41,203,47.766666666666666,0.167481929063797,0.3488592072423376
BH_s10_high,41,204,47.8,1.179395079612732,0.06143449479834431
BH_s10_high,41,205,47.833333333333336,1.7389843463897705,-0.2369909470044778
BH_s10_high,41,206,47.86666666666667,1.85154390335083,-0.5424184393474816
BH_s10_high,41,207,47.9,1.7139123678207397,-0.8394337484809565
BH_s10_high,41,208,47.93333333333333,1.494560956954956,-1.0999354766664962
BH_s10_high,41,209,47.96666666666667,1.193489670753479,-1.2883852156054647
BH_s10_high,41,210,48.0,0.901874303817749,-1.3702960327187608
BH_s10_high,41,211,48.03333333333333,0.6607043743133545,-1.3201861564649
BH_s10_high,41,212,48.06666666666667,0.4935340881347656,-1.1273205540337756
BH_s10_high,41,213,48.1,0.28350895643234253,-0.7996278108843453
BH_s10_high,41,214,48.13333333333333,0.03275351971387863,-0.36600049029307336
BH_s10_high,41,215,48.166666666666664,-0.21440105140209198,0.1245981806987673
BH_s10_high,41,216,48.2,-0.46875736117362976,0.6098250969855179
BH_s10_high,41,217,48.233333333333334,-0.6841189861297607,1.0270992116376403
BH_s10_high,41,218,48.266666666666666,-0.817760705947876,1.3292208739538252
BH_s10_high,41,219,48.3,-0.9440710544586182,1.495360566009126
BH_s10_high,41,220,48.333333333333336,-1.0276561975479126,1.532144954559876
BH_s10_high,41,221,48.36666666666667,-1.111241340637207,1.4647867543966406
BH_s10_high,41,222,48.4,-1.1948264837265015,1.3230289440357468
BH_s10_high,41,223,48.43333333333333,-1.3211368322372437,1.1287982087192994
BH_s10_high,41,224,48.46666666666667,-1.3173227310180664,0.8912046163774306
BH_s10_high,41,225,48.5,-0.8563370704650879,0.6104153685769182
BH_s10_high,41,226,48.53333333333333,0.055805858224630356,0.28694092845142954
BH_s10_high,41,227,48.56666666666667,1.1256715059280396,-0.06980321191475919
BH_s10_high,41,228,48.6,1.838784098625183,-0.43833576753947656
BH_s10_high,41,229,48.63333333333333,1.979894995689392,-0.788108379203759
BH_s10_high,41,230,48.666666666666664,1.8740187883377075,-1.0861081859209358
BH_s10_high,41,231,48.7,1.6567082405090332,-1.3036734851374936
BH_s10_high,41,232,48.733333333333334,1.3650928735733032,-1.4216465910642988
BH_s10_high,41,233,48.766666666666666,1.0307523012161255,-1.4336984834403215
BH_s10_high,41,234,48.8,0.7465059757232666,-1.3477475830119283
BH_s10_high,41,235,48.833333333333336,0.6220608353614807,-1.1845314988255191
BH_s10_high,41,236,48.86666666666667,0.45489054918289185,-0.9723238911852847
BH_s10_high,41,237,48.9,0.24690628051757812,-0.7384562788571986
BH_s10_high,41,238,48.93333333333333,-0.046574369072914124,-0.5010044535183992
BH_s10_high,41,239,48.96666666666667,-0.3344132900238037,-0.26524621433437695
BH_s10_high,42,0,42.0,0.535946786403656,0.0022342520897868368
BH_s10_high,42,1,42.03333333333333,1.4582414627075195,0.03294018813843013
BH_s10_high,42,2,42.06666666666667,1.891209602355957,0.016242059423894683
BH_s10_high,42,3,42.1,1.9501806497573853,-0.07390387666290056
BH_s10_high,42,4,42.13333333333333,1.837588906288147,-0.22946782644235292
BH_s10_high,42,5,42.166666666666664,1.594625473022461,-0.4110593757105255
BH_s10_high,42,6,42.2,1.238739252090454,-0.5633959243220276
BH_s10_high,42,7,42.233333333333334,0.8501510620117188,-0.6348864116366176
BH_s10_high,42,8,42.266666666666666,0.5860078930854797,-0.5926983634265525
BH_s10_high,42,9,42.3,0.3779776692390442,-0.4295153958141912
BH_s10_high,42,10,42.333333333333336,0.16994741559028625,-0.16306178155271525
BH_s10_high,42,11,42.36666666666667,-0.058931540697813034,0.16869556928396787
BH_s10_high,42,12,42.4,-0.33156347274780273,0.5149687180570814
BH_s10_high,42,13,42.43333333333333,-0.582318902015686,0.8216869285654057
BH_s10_high,42,14,42.46666666666667,-0.7740684151649475,1.041641710104297
BH_s10_high,42,15,42.5,-0.9268232583999634,1.1427296903896451
BH_s10_high,42,16,42.53333333333333,-1.0531336069107056,1.1129939936644406
BH_s10_high,42,17,42.56666666666667,-1.13671875,0.9624146225837291
BH_s10_high,42,18,42.6,-1.2203038930892944,0.7206295665868313
BH_s10_high,42,19,42.63333333333333,-1.3038890361785889,0.42944520422556565
BH_s10_high,42,20,42.666666666666664,-1.281666874885559,0.1314904353483562
BH_s10_high,42,21,42.7,-0.8406667709350586,-0.1406493217355365
BH_s10_high,42,22,42.733333333333334,0.002484844299033284,-0.37033921777219886
BH_s10_high,42,23,42.766666666666666,1.0468730926513672,-0.55617734532393
BH_s10_high,42,24,42.8,1.6819705963134766,-0.7065010077127393
BH_s10_high,42,25,42.833333333333336,1.822005033493042,-0.8323197327262899
BH_s10_high,42,26,42.86666666666667,1.748759150505066,-0.9403751529547544
BH_s10_high,42,27,42.9,1.5468312501907349,-1.0269896706866435
BH_s10_high,42,28,42.93333333333333,1.2204581499099731,-1.0750315957411547
BH_s10_high,42,29,42.96666666666667,0.8433923721313477,-1.057285877122804
BH_s10_high,42,30,43.0,0.6101008057594299,-0.9464813953098572
BH_s10_high,42,31,43.03333333333333,0.44293051958084106,-0.7277905260252331
BH_s10_high,42,32,43.06666666666667,0.25032880902290344,-0.40800432455193336
BH_s10_high,42,33,43.1,0.0422985702753067,-0.017641016699681756
BH_s10_high,42,34,43.13333333333333,-0.2301577776670456,0.3939821181862171
BH_s10_high,42,35,43.166666666666664,-0.5019375085830688,0.7682752447341337
BH_s10_high,42,36,43.2,-0.6919973492622375,1.0493874403892458
BH_s10_high,42,37,43.233333333333334,-0.8430625200271606,1.197223233762239
BH_s10_high,42,38,43.266666666666666,-0.9266476631164551,1.1985933731921687
BH_s10_high,42,39,43.3,-1.0102328062057495,1.071764021041945
BH_s10_high,42,40,43.333333333333336,-1.093817949295044,0.8603294047499205
BH_s10_high,42,41,43.36666666666667,-1.15147066116333,0.6167997920123792
BH_s10_high,42,42,43.4,-0.858176589012146,0.38270697997912967
BH_s10_high,42,43,43.43333333333333,-0.09421774744987488,0.17521037003262788
BH_s10_high,42,44,43.46666666666667,0.7813105583190918,-0.013322811796583976
BH_s10_high,42,45,43.5,1.4398444890975952,-0.20375819886570296
BH_s10_high,42,46,43.53333333333333,1.564971685409546,-0.4137224383641409
BH_s10_high,42,47,43.56666666666667,1.3998477458953857,-0.644498942662482
BH_s10_high,42,48,43.6,1.113327145576477,-0.875977321407547
BH_s10_high,42,49,43.63333333333333,0.7789865136146545,-1.0697900685568245
BH_s10_high,42,50,43.666666666666664,0.4873711168766022,-1.1786728726671019
BH_s10_high,42,51,43.7,0.3039145767688751,-1.159539542108676
BH_s10_high,42,52,43.733333333333334,0.17946948111057281,-0.9868748550007533
BH_s10_high,42,53,43.766666666666666,0.02603806182742119,-0.6626162258304021
BH_s10_high,42,54,43.8,-0.18199218809604645,-0.21986496557190474
BH_s10_high,42,55,43.833333333333336,-0.4580034613609314,0.28055552770148506
BH_s10_high,42,56,43.86666666666667,-0.7028377056121826,0.7606869969267489
BH_s10_high,42,57,43.9,-0.8912078738212585,1.1420162612171438
BH_s10_high,42,58,43.93333333333333,-1.0175182819366455,1.3646220666350748
BH_s10_high,42,59,43.96666666666667,-1.10110342502594,1.4029429797757256
BH_s10_high,42,60,44.0,-1.1846885681152344,1.2715386811115814
BH_s10_high,42,61,44.03333333333333,-1.2542093992233276,1.0173811025718271
BH_s10_high,42,62,44.06666666666667,-1.16268789768219,0.7016844489638451
BH_s10_high,42,63,44.1,-0.6381688714027405,0.3794354956100194
BH_s10_high,42,64,44.13333333333333,0.25734493136405945,0.08473965430979989
BH_s10_high,42,65,44.166666666666664,1.1846250295639038,-0.17367847504811612
BH_s10_high,42,66,44.2,1.6131170988082886,-0.4066420493478381
BH_s10_high,42,67,44.233333333333334,1.645358681678772,-0.6315348757386974
BH_s10_high,42,68,44.266666666666666,1.4344556331634521,-0.8576943705080532
BH_s10_high,42,69,44.3,1.1418325901031494,-1.0762563243650005
BH_s10_high,42,70,44.333333333333336,0.7674897909164429,-1.2586502338160968
BH_s10_high,42,71,44.36666666666667,0.4685632586479187,-1.3642321790677998
BH_s10_high,42,72,44.4,0.25407955050468445,-1.3535789233626634
BH_s10_high,42,73,44.43333333333333,0.08690924942493439,-1.2018770152733727
BH_s10_high,42,74,44.46666666666667,-0.08026104420423508,-0.9077189991880276
BH_s10_high,42,75,44.5,-0.3515085279941559,-0.4952987700236115
BH_s10_high,42,76,44.53333333333333,-0.6431239247322083,-0.010531238858006175
BH_s10_high,42,77,44.56666666666667,-0.8808483481407166,0.4870371421558206
BH_s10_high,42,78,44.6,-1.0480185747146606,0.9345661351250004
BH_s10_high,42,79,44.63333333333333,-1.1724637746810913,1.277079192028808
BH_s10_high,42,80,44.666666666666664,-1.2542093992233276,1.478160893331138
BH_s10_high,42,81,44.7,-1.316419005393982,1.5276978449352276
BH_s10_high,42,82,44.733333333333334,-1.4000041484832764,1.4424860636937347
BH_s10_high,42,83,44.766666666666666,-1.452081322669983,1.2571587480665176
BH_s10_high,42,84,44.8,-1.2136021852493286,1.0090115088213374
BH_s10_high,42,85,44.833333333333336,-0.4690496325492859,0.7250512513058132
BH_s10_high,42,86,44.86666666666667,0.5238139033317566,0.41762745404931656
BH_s10_high,42,87,44.9,1.308042287826538,0.08895422875301304
BH_s10_high,42,88,44.93333333333333,1.5656538009643555,-0.259760268646547
BH_s10_high,42,89,44.96666666666667,1.5138037204742432,-0.6197035724030524
BH_s10_high,42,90,45.0,1.3012109994888306,-0.9694557007151345
BH_s10_high,42,91,45.03333333333333,1.0068984031677246,-1.2744226197182293
BH_s10_high,42,92,45.06666666666667,0.6725577712059021,-1.4908750066573484
BH_s10_high,42,93,45.1,0.338217169046402,-1.5745150395501963
BH_s10_high,42,94,45.13333333333333,0.12252461165189743,-1.4921020208115723
BH_s10_high,42,95,45.166666666666664,-0.044645681977272034,-1.2329684666862986
BH_s10_high,42,96,45.2,-0.24604688584804535,-0.8167348261266929
BH_s10_high,42,97,45.233333333333334,-0.5291680097579956,-0.29423628236100907
BH_s10_high,42,98,45.266666666666666,-0.7902829647064209,0.2598803189234024
BH_s10_high,42,99,45.3,-1.0124032497406006,0.7622493874647279
BH_s10_high,42,100,45.333333333333336,-1.152803659439087,1.1401396467782405
BH_s10_high,42,101,45.36666666666667,-1.2612934112548828,1.3491277119298046
BH_s10_high,42,102,45.4,-1.3199739456176758,1.3824170270276186
BH_s10_high,42,103,45.43333333333333,-1.4035590887069702,1.2677475421651074
BH_s10_high,42,104,45.46666666666667,-1.444419026374817,1.0534648826062665
BH_s10_high,42,105,45.5,-1.5105605125427246,0.7902807405918313
BH_s10_high,42,106,45.53333333333333,-1.3316397666931152,0.5161857798210993
BH_s10_high,42,107,45.56666666666667,-0.633387565612793,0.249311260776984
BH_s10_high,42,108,45.6,0.2978969216346741,-0.01030795894517504
BH_s10_high,42,109,45.63333333333333,1.1555724143981934,-0.27222111277765976
BH_s10_high,42,110,45.666666666666664,1.48020339012146,-0.5440199834248404
BH_s10_high,42,111,45.7,1.424973964691162,-0.8209383140704091
BH_s10_high,42,112,45.733333333333334,1.2534167766571045,-1.0805358881139886
BH_s10_high,42,113,45.766666666666666,1.0001397132873535,-1.2848984284556983
BH_s10_high,42,114,45.8,0.6664555072784424,-1.3897804069318778
BH_s10_high,42,115,45.833333333333336,0.4157000482082367,-1.3572132413587648
BH_s10_high,42,116,45.86666666666667,0.204595685005188,-1.1671248485723993
BH_s10_high,42,117,45.9,0.08015058189630508,-0.8248363356922952
BH_s10_high,42,118,45.93333333333333,-0.08701971173286438,-0.3636246241789029
BH_s10_high,42,119,45.96666666666667,-0.32230064272880554,0.15766730985446245
BH_s10_high,42,120,46.0,-0.5817259550094604,0.6632993102108922
BH_s10_high,42,121,46.03333333333333,-0.7897562384605408,1.0766128086036226
BH_s10_high,42,122,46.06666666666667,-0.969326913356781,1.3399694939534803
BH_s10_high,42,123,46.1,-1.067177653312683,1.4306016344471928
BH_s10_high,42,124,46.13333333333333,-1.1507627964019775,1.3644195681275069
BH_s10_high,42,125,46.166666666666664,-1.234347939491272,1.1855563588617921
BH_s10_high,42,126,46.2,-1.3179330825805664,0.9473509330377317
BH_s10_high,42,127,46.233333333333334,-1.3632516860961914,0.6944428128337131
BH_s10_high,42,128,46.266666666666666,-1.0478825569152832,0.4525783794119139
BH_s10_high,42,129,46.3,-0.3157248795032501,0.22710068752577323
BH_s10_high,42,130,46.333333333333336,0.547448992729187,0.0082849312268128
BH_s10_high,42,131,46.36666666666667,1.1734187602996826,-0.2189303662229477
BH_s10_high,42,132,46.4,1.2994955778121948,-0.46413558506933356
BH_s10_high,42,133,46.43333333333333,1.157301664352417,-0.7234042944691297
BH_s10_high,42,134,46.46666666666667,0.9065461754798889,-0.9766365065061134
BH_s10_high,42,135,46.5,0.6130655407905579,-1.1905692663334326
BH_s10_high,42,136,46.53333333333333,0.3623100817203522,-1.3257578582132852
BH_s10_high,42,137,46.56666666666667,0.1552414447069168,-1.3452402348276862
BH_s10_high,42,138,46.6,0.07165629416704178,-1.2232979525382743
BH_s10_high,42,139,46.63333333333333,-0.011928853578865528,-0.9533518417701098
BH_s10_high,42,140,46.666666666666664,-0.21345968544483185,-0.5535540617073567
BH_s10_high,42,141,46.7,-0.46421512961387634,-0.06780851036497366
BH_s10_high,42,142,46.733333333333334,-0.6810908317565918,0.43979004093651924
BH_s10_high,42,143,46.766666666666666,-0.8909863233566284,0.8970479740073796
BH_s10_high,42,144,46.8,-1.0154314041137695,1.239169591387321
BH_s10_high,42,145,46.833333333333336,-1.0833085775375366,1.4228921686569356
BH_s10_high,42,146,46.86666666666667,-1.1524524688720703,1.435580880414432
BH_s10_high,42,147,46.9,-1.2360376119613647,1.2971738229510346
BH_s10_high,42,148,46.93333333333333,-1.3196227550506592,1.0532543608136191
BH_s10_high,42,149,46.96666666666667,-1.2136425971984863,0.7594018675471982
BH_s10_high,42,150,47.0,-0.6373801231384277,0.46196477366563315
BH_s10_high,42,151,47.03333333333333,0.27538153529167175,0.18412882472059994
BH_s10_high,42,152,47.06666666666667,1.1320440769195557,-0.07594784189582977
BH_s10_high,42,153,47.1,1.5362906455993652,-0.3347581502740544
BH_s10_high,42,154,47.13333333333333,1.5114319324493408,-0.6071135466047187
BH_s10_high,42,155,47.166666666666664,1.3658586740493774,-0.892389945153383
BH_s10_high,42,156,47.2,1.1151032447814941,-1.1689040004854747
BH_s10_high,42,157,47.233333333333334,0.8643477559089661,-1.39712992924277
BH_s10_high,42,158,47.266666666666666,0.613592267036438,-1.5294890232024694
BH_s10_high,42,159,47.3,0.45045772194862366,-1.523391200158698
BH_s10_high,42,160,47.333333333333336,0.32601261138916016,-1.353773284313903
BH_s10_high,42,161,47.36666666666667,0.1588423252105713,-1.0216946572375678
BH_s10_high,42,162,47.4,-0.05105317384004593,-0.5569603443045313
BH_s10_high,42,163,47.43333333333333,-0.3411085307598114,-0.014360509918921037
BH_s10_high,42,164,47.46666666666667,-0.5562945604324341,0.5358110868488191
BH_s10_high,42,165,47.5,-0.7661900520324707,1.021139373697297
BH_s10_high,42,166,47.53333333333333,-0.8906351327896118,1.3810192172358546
BH_s10_high,42,167,47.56666666666667,-0.9851065874099731,1.5774778899888737
BH_s10_high,42,168,47.6,-1.0686917304992676,1.6009708289552866
BH_s10_high,42,169,47.63333333333333,-1.1260337829589844,1.4706609315525574
BH_s10_high,42,170,47.666666666666664,-1.2358620166778564,1.2282753709482923
BH_s10_high,42,171,47.7,-1.1866713762283325,0.9252513930056351
BH_s10_high,42,172,47.733333333333334,-0.7265812158584595,0.60668829354497
BH_s10_high,42,173,47.766666666666666,0.167481929063797,0.29918595631289785
BH_s10_high,42,174,47.8,1.179395079612732,0.008672124391327442
BH_s10_high,42,175,47.833333333333336,1.7389843463897705,-0.2711452053618843
BH_s10_high,42,176,47.86666666666667,1.85154390335083,-0.5454360651947562
BH_s10_high,42,177,47.9,1.7139123678207397,-0.8081270427598818
BH_s10_high,42,178,47.93333333333333,1.494560956954956,-1.0394817887696464
BH_s10_high,42,179,47.96666666666667,1.193489670753479,-1.2102593668785733
BH_s10_high,42,180,48.0,0.901874303817749,-1.2887215826219138
BH_s10_high,42,181,48.03333333333333,0.6607043743133545,-1.247739084033481
BH_s10_high,42,182,48.06666666666667,0.4935340881347656,-1.071504074788258
BH_s10_high,42,183,48.1,0.28350895643234253,-0.7623591112222083
BH_s10_high,42,184,48.13333333333333,0.03275351971387863,-0.3468597624397315
BH_s10_high,42,185,48.166666666666664,-0.21440105140209198,0.12231939622424279
BH_s10_high,42,186,48.2,-0.46875736117362976,0.5730025625514195
BH_s10_high,42,187,48.233333333333334,-0.6841189861297607,0.9301053620145258
BH_s10_high,42,188,48.266666666666666,-0.817760705947876,1.1373691714693934
BH_s10_high,42,189,48.3,-0.9440710544586182,1.174648497286909
BH_s10_high,42,190,48.333333333333336,-1.0276561975479126,1.0623529015227338
BH_s10_high,42,191,48.36666666666667,-1.111241340637207,0.8509354213322335
BH_s10_high,42,192,48.4,-1.1948264837265015,0.6006252176893133
BH_s10_high,42,193,48.43333333333333,-1.3211368322372437,0.3607724401019634
BH_s10_high,42,194,48.46666666666667,-1.3173227310180664,0.15711142198510405
BH_s10_high,42,195,48.5,-0.8563370704650879,-0.009709063183938077
BH_s10_high,42,196,48.53333333333333,0.055805858224630356,-0.15650825370889407
BH_s10_high,42,197,48.56666666666667,1.1256715059280396,-0.3058932013269428
BH_s10_high,42,198,48.6,1.838784098625183,-0.4747165375299333
BH_s10_high,42,199,48.63333333333333,1.979894995689392,-0.6649460462865796
BH_s10_high,42,200,48.666666666666664,1.8740187883377075,-0.8587584429073176
BH_s10_high,42,201,48.7,1.6567082405090332,-1.0198271206178757
BH_s10_high,42,202,48.733333333333334,1.3650928735733032,-1.1016530603717027
BH_s10_high,42,203,48.766666666666666,1.0307523012161255,-1.0613098012356739
BH_s10_high,42,204,48.8,0.7465059757232666,-0.8744000333940712
BH_s10_high,42,205,48.833333333333336,0.6220608353614807,-0.5459151823106024
BH_s10_high,42,206,48.86666666666667,0.45489054918289185,-0.11293385048468726
BH_s10_high,42,207,48.9,0.24690628051757812,0.36189582706261225
BH_s10_high,42,208,48.93333333333333,-0.046574369072914124,0.8038826656420277
BH_s10_high,42,209,48.96666666666667,-0.3344132900238037,1.1427098973756389
BH_s10_high,42,210,49.0,-0.5555922389030457,1.3276775642635663
BH_s10_high,42,211,49.03333333333333,-0.7654877305030823,1.3386245337886096
BH_s10_high,42,212,49.06666666666667,-0.8584451079368591,1.1900015956333603
BH_s10_high,42,213,49.1,-0.9847554564476013,0.9261831355689869
BH_s10_high,42,214,49.13333333333333,-1.068340539932251,0.607790856903242
BH_s10_high,42,215,49.166666666666664,-1.1519256830215454,0.29226779833061106
BH_s10_high,42,216,49.2,-1.2782360315322876,0.0159865975092253
BH_s10_high,42,217,49.233333333333334,-1.1006767749786377,-0.21401933212498858
BH_s10_high,42,218,49.266666666666666,-0.39007291197776794,-0.4151751744035928
BH_s10_high,42,219,49.3,0.5662256479263306,-0.6143763699957053
BH_s10_high,42,220,49.333333333333336,1.4086968898773193,-0.8299344723534199
BH_s10_high,42,221,49.36666666666667,1.6938294172286987,-1.057835918544941
BH_s10_high,42,222,49.4,1.6125985383987427,-1.267458556477086
BH_s10_high,42,223,49.43333333333333,1.3508732318878174,-1.4083265036763213
BH_s10_high,42,224,49.46666666666667,1.01653254032135,-1.4256979007175248
BH_s10_high,42,225,49.5,0.7249171733856201,-1.2797017397294193
BH_s10_high,42,226,49.53333333333333,0.4867754280567169,-0.9612545802275885
BH_s10_high,42,227,49.56666666666667,0.36583927273750305,-0.4990114456040498
BH_s10_high,42,228,49.6,0.28061044216156006,0.04498508620664453
BH_s10_high,42,229,49.63333333333333,0.07093647867441177,0.5894687123601328
BH_s10_high,42,230,49.666666666666664,-0.17981897294521332,1.0539045651756487
BH_s10_high,42,231,49.7,-0.512072741985321,1.3784989880300706
BH_s10_high,42,232,49.733333333333334,-0.7298723459243774,1.5374177829459457
BH_s10_high,42,233,49.766666666666666,-0.904725193977356,1.540114332017029
BH_s10_high,42,234,49.8,-1.0310355424880981,1.421190190100085
BH_s10_high,42,235,49.833333333333336,-1.1146206855773926,1.2246687136459997
BH_s10_high,42,236,49.86666666666667,-1.1554806232452393,0.9898250126370588
BH_s10_high,42,237,49.9,-1.2817909717559814,0.7429782814250327
BH_s10_high,42,238,49.93333333333333,-1.2455017566680908,0.4957345871123308
BH_s10_high,42,239,49.96666666666667,-0.7831978797912598,0.24786426646137127
BH_s10_high,43,0,43.0,0.6101008057594299,0.10771882016979661
BH_s10_high,43,1,43.03333333333333,0.44293051958084106,0.8446410374203126
BH_s10_high,43,2,43.06666666666667,0.25032880902290344,1.4992170420358075
BH_s10_high,43,3,43.1,0.0422985702753067,2.0060684011896277
BH_s10_high,43,4,43.13333333333333,-0.2301577776670456,2.3250442029431846
BH_s10_high,43,5,43.166666666666664,-0.5019375085830688,2.4439718366151113
BH_s10_high,43,6,43.2,-0.6919973492622375,2.374227048640691
BH_s10_high,43,7,43.233333333333334,-0.8430625200271606,2.144511554901328
BH_s10_high,43,8,43.266666666666666,-0.9266476631164551,1.7964297001663454
BH_s10_high,43,9,43.3,-1.0102328062057495,1.3804263935138967
BH_s10_high,43,10,43.333333333333336,-1.093817949295044,0.9487432613652829
BH_s10_high,43,11,43.36666666666667,-1.15147066116333,0.5447697978805331
BH_s10_high,43,12,43.4,-0.858176589012146,0.19278608540484327
BH_s10_high,43,13,43.43333333333333,-0.09421774744987488,-0.10595746113884831
BH_s10_high,43,14,43.46666666666667,0.7813105583190918,-0.3679833016817735
BH_s10_high,43,15,43.5,1.4398444890975952,-0.6154998791917324
BH_s10_high,43,16,43.53333333333333,1.564971685409546,-0.8628544324324997
BH_s10_high,43,17,43.56666666666667,1.3998477458953857,-1.1067661093314927
BH_s10_high,43,18,43.6,1.113327145576477,-1.3235003046744425
BH_s10_high,43,19,43.63333333333333,0.7789865136146545,-1.4736280658462613
BH_s10_high,43,20,43.666666666666664,0.4873711168766022,-1.5130255155683299
BH_s10_high,43,21,43.7,0.3039145767688751,-1.4072177571008706
BH_s10_high,43,22,43.733333333333334,0.17946948111057281,-1.1448816223009337
BH_s10_high,43,23,43.766666666666666,0.02603806182742119,-0.7459871228778667
BH_s10_high,43,24,43.8,-0.18199218809604645,-0.26137301952858555
BH_s10_high,43,25,43.833333333333336,-0.4580034613609314,0.23678225378265108
BH_s10_high,43,26,43.86666666666667,-0.7028377056121826,0.6711313279057766
BH_s10_high,43,27,43.9,-0.8912078738212585,0.9773946072812274
BH_s10_high,43,28,43.93333333333333,-1.0175182819366455,1.1195548614726902
BH_s10_high,43,29,43.96666666666667,-1.10110342502594,1.0975410955628293
BH_s10_high,43,30,44.0,-1.1846885681152344,0.9444418772284136
BH_s10_high,43,31,44.03333333333333,-1.2542093992233276,0.7134718626815918
BH_s10_high,43,32,44.06666666666667,-1.16268789768219,0.4594676412455593
BH_s10_high,43,33,44.1,-0.6381688714027405,0.2223753006866319
BH_s10_high,43,34,44.13333333333333,0.25734493136405945,0.018575764093968338
BH_s10_high,43,35,44.166666666666664,1.1846250295639038,-0.15814346721987085
BH_s10_high,43,36,44.2,1.6131170988082886,-0.32756963096528724
BH_s10_high,43,37,44.233333333333334,1.645358681678772,-0.5096486718480926
BH_s10_high,43,38,44.266666666666666,1.4344556331634521,-0.7113921841870735
BH_s10_high,43,39,44.3,1.1418325901031494,-0.9187500264102982
BH_s10_high,43,40,44.333333333333336,0.7674897909164429,-1.096591049147708
BH_s10_high,43,41,44.36666666666667,0.4685632586479187,-1.1972713168266484
BH_s10_high,43,42,44.4,0.25407955050468445,-1.175221323335429
BH_s10_high,43,43,44.43333333333333,0.08690924942493439,-1.0026914025947378
BH_s10_high,43,44,44.46666666666667,-0.08026104420423508,-0.68121242981204
BH_s10_high,43,45,44.5,-0.3515085279941559,-0.24468527059480258
BH_s10_high,43,46,44.53333333333333,-0.6431239247322083,0.24713234698803724
BH_s10_high,43,47,44.56666666666667,-0.8808483481407166,0.7225405026936006
BH_s10_high,43,48,44.6,-1.0480185747146606,1.114360160946098
BH_s10_high,43,49,44.63333333333333,-1.1724637746810913,1.3738006862413248
BH_s10_high,43,50,44.666666666666664,-1.2542093992233276,1.4787560597387095
BH_s10_high,43,51,44.7,-1.316419005393982,1.4356079405695057
BH_s10_high,43,52,44.733333333333334,-1.4000041484832764,1.273962391129916
BH_s10_high,43,53,44.766666666666666,-1.452081322669983,1.0349104817563464
BH_s10_high,43,54,44.8,-1.2136021852493286,0.7570137746328608
BH_s10_high,43,55,44.833333333333336,-0.4690496325492859,0.46640436479281605
BH_s10_high,43,56,44.86666666666667,0.5238139033317566,0.17468561779032932
BH_s10_high,43,57,44.9,1.308042287826538,-0.11648979845811272
BH_s10_high,43,58,44.93333333333333,1.5656538009643555,-0.4078497900320028
BH_s10_high,43,59,44.96666666666667,1.5138037204742432,-0.6953031677101769
BH_s10_high,43,60,45.0,1.3012109994888306,-0.9649657366563295
BH_s10_high,43,61,45.03333333333333,1.0068984031677246,-1.1913065007875985
BH_s10_high,43,62,45.06666666666667,0.6725577712059021,-1.3393880017572297
BH_s10_high,43,63,45.1,0.338217169046402,-1.3718938834175183
BH_s10_high,43,64,45.13333333333333,0.12252461165189743,-1.2598690657834626
BH_s10_high,43,65,45.166666666666664,-0.044645681977272034,-0.9940582968869451
BH_s10_high,43,66,45.2,-0.24604688584804535,-0.5930326666524119
BH_s10_high,43,67,45.233333333333334,-0.5291680097579956,-0.10482539025154668
BH_s10_high,43,68,45.266666666666666,-0.7902829647064209,0.3999687249162275
BH_s10_high,43,69,45.3,-1.0124032497406006,0.8432863141048617
BH_s10_high,43,70,45.333333333333336,-1.152803659439087,1.1590033539552536
BH_s10_high,43,71,45.36666666666667,-1.2612934112548828,1.3099093046632928
BH_s10_high,43,72,45.4,-1.3199739456176758,1.2954520552258995
BH_s10_high,43,73,45.43333333333333,-1.4035590887069702,1.1470330481647248
BH_s10_high,43,74,45.46666666666667,-1.444419026374817,0.9134304222911098
BH_s10_high,43,75,45.5,-1.5105605125427246,0.6432825282697776
BH_s10_high,43,76,45.53333333333333,-1.3316397666931152,0.3716736977472977
BH_s10_high,43,77,45.56666666666667,-0.633387565612793,0.11463165901547043
BH_s10_high,43,78,45.6,0.2978969216346741,-0.12853206718900465
BH_s10_high,43,79,45.63333333333333,1.1555724143981934,-0.36762398177002475
BH_s10_high,43,80,45.666666666666664,1.48020339012146,-0.6118613885639099
BH_s10_high,43,81,45.7,1.424973964691162,-0.8607546884001915
BH_s10_high,43,82,45.733333333333334,1.2534167766571045,-1.0979508377548193
BH_s10_high,43,83,45.766666666666666,1.0001397132873535,-1.2902228186188716
BH_s10_high,43,84,45.8,0.6664555072784424,-1.3930588374577861
BH_s10_high,43,85,45.833333333333336,0.4157000482082367,-1.362432310938291
BH_s10_high,43,86,45.86666666666667,0.204595685005188,-1.1696371439846942
BH_s10_high,43,87,45.9,0.08015058189630508,-0.8142511901202166
BH_s10_high,43,88,45.93333333333333,-0.08701971173286438,-0.3306233852270438
BH_s10_high,43,89,45.96666666666667,-0.32230064272880554,0.21505808750023836
BH_s10_high,43,90,46.0,-0.5817259550094604,0.7380143690575572
BH_s10_high,43,91,46.03333333333333,-0.7897562384605408,1.156090896468902
BH_s10_high,43,92,46.06666666666667,-0.969326913356781,1.4121755619589413
BH_s10_high,43,93,46.1,-1.067177653312683,1.4886730471284533
BH_s10_high,43,94,46.13333333333333,-1.1507627964019775,1.4075166669242436
BH_s10_high,43,95,46.166666666666664,-1.234347939491272,1.2161140856430803
BH_s10_high,43,96,46.2,-1.3179330825805664,0.9669417635110206
BH_s10_high,43,97,46.233333333333334,-1.3632516860961914,0.700935632271979
BH_s10_high,43,98,46.266666666666666,-1.0478825569152832,0.4403862358045478
BH_s10_high,43,99,46.3,-0.3157248795032501,0.19055018998786244
BH_s10_high,43,100,46.333333333333336,0.547448992729187,-0.053848574606712926
BH_s10_high,43,101,46.36666666666667,1.1734187602996826,-0.30065065841046645
BH_s10_high,43,102,46.4,1.2994955778121948,-0.5530052565851157
BH_s10_high,43,103,46.43333333333333,1.157301664352417,-0.8041646925672759
BH_s10_high,43,104,46.46666666666667,0.9065461754798889,-1.0352701421635613
BH_s10_high,43,105,46.5,0.6130655407905579,-1.2167165527206072
BH_s10_high,43,106,46.53333333333333,0.3623100817203522,-1.3130634283063642
BH_s10_high,43,107,46.56666666666667,0.1552414447069168,-1.2908194411179859
BH_s10_high,43,108,46.6,0.07165629416704178,-1.1279471253818625
BH_s10_high,43,109,46.63333333333333,-0.011928853578865528,-0.8231072412945416
BH_s10_high,43,110,46.666666666666664,-0.21345968544483185,-0.4014772522551051
BH_s10_high,43,111,46.7,-0.46421512961387634,0.08615600772817127
BH_s10_high,43,112,46.733333333333334,-0.6810908317565918,0.5722814610700863
BH_s10_high,43,113,46.766666666666666,-0.8909863233566284,0.9873720119080683
BH_s10_high,43,114,46.8,-1.0154314041137695,1.275495499741474
BH_s10_high,43,115,46.833333333333336,-1.0833085775375366,1.4057015118778287
BH_s10_high,43,116,46.86666666666667,-1.1524524688720703,1.37655450647367
BH_s10_high,43,117,46.9,-1.2360376119613647,1.2137156143577827
BH_s10_high,43,118,46.93333333333333,-1.3196227550506592,0.9611347726850814
BH_s10_high,43,119,46.96666666666667,-1.2136425971984863,0.6672104146411544
BH_s10_high,43,120,47.0,-0.6373801231384277,0.36997987639918106
BH_s10_high,43,121,47.03333333333333,0.27538153529167175,0.08752152942523543
BH_s10_high,43,122,47.06666666666667,1.1320440769195557,-0.18182427457912229
BH_s10_high,43,123,47.1,1.5362906455993652,-0.44971353449641244
BH_s10_high,43,124,47.13333333333333,1.5114319324493408,-0.7240546686100678
BH_s10_high,43,125,47.166666666666664,1.3658586740493774,-0.9984958960816446
BH_s10_high,43,126,47.2,1.1151032447814941,-1.2492650851161642
BH_s10_high,43,127,47.233333333333334,0.8643477559089661,-1.4390839836825484
BH_s10_high,43,128,47.266666666666666,0.613592267036438,-1.5259301181496983
BH_s10_high,43,129,47.3,0.45045772194862366,-1.474237600293614
BH_s10_high,43,130,47.333333333333336,0.32601261138916016,-1.2657422104926919
BH_s10_high,43,131,47.36666666666667,0.1588423252105713,-0.9069539576185051
BH_s10_high,43,132,47.4,-0.05105317384004593,-0.4311255504169891
BH_s10_high,43,133,47.43333333333333,-0.3411085307598114,0.10600105469543215
BH_s10_high,43,134,47.46666666666667,-0.5562945604324341,0.6361569882232969
BH_s10_high,43,135,47.5,-0.7661900520324707,1.0921054493784292
BH_s10_high,43,136,47.53333333333333,-0.8906351327896118,1.4207641760061638
BH_s10_high,43,137,47.56666666666667,-0.9851065874099731,1.5918378118540346
BH_s10_high,43,138,47.6,-1.0686917304992676,1.6007379851662338
BH_s10_high,43,139,47.63333333333333,-1.1260337829589844,1.4669430122778948
BH_s10_high,43,140,47.666666666666664,-1.2358620166778564,1.2282957330258784
BH_s10_high,43,141,47.7,-1.1866713762283325,0.9308729434925105
BH_s10_high,43,142,47.733333333333334,-0.7265812158584595,0.6160927404551348
BH_s10_high,43,143,47.766666666666666,0.167481929063797,0.30983608377735355
BH_s10_high,43,144,47.8,1.179395079612732,0.018963194985945994
BH_s10_high,43,145,47.833333333333336,1.7389843463897705,-0.26263981602725356
BH_s10_high,43,146,47.86666666666667,1.85154390335083,-0.5418196990252867
BH_s10_high,43,147,47.9,1.7139123678207397,-0.8145833824457007
BH_s10_high,43,148,47.93333333333333,1.494560956954956,-1.060826455157334
BH_s10_high,43,149,47.96666666666667,1.193489670753479,-1.2469434517216882
BH_s10_high,43,150,48.0,0.901874303817749,-1.334473861316231
BH_s10_high,43,151,48.03333333333333,0.6607043743133545,-1.2913674688857821
BH_s10_high,43,152,48.06666666666667,0.4935340881347656,-1.1024197358342613
BH_s10_high,43,153,48.1,0.28350895643234253,-0.7763501573510059
BH_s10_high,43,154,48.13333333333333,0.03275351971387863,-0.3481199899005923
BH_s10_high,43,155,48.166666666666664,-0.21440105140209198,0.12444828612951585
BH_s10_high,43,156,48.2,-0.46875736117362976,0.5706576157033003
BH_s10_high,43,157,48.233333333333334,-0.6841189861297607,0.9228694188729677
BH_s10_high,43,158,48.266666666666666,-0.817760705947876,1.1339672458865715
BH_s10_high,43,159,48.3,-0.9440710544586182,1.1891986911749046
BH_s10_high,43,160,48.333333333333336,-1.0276561975479126,1.1068102819278323
BH_s10_high,43,161,48.36666666666667,-1.111241340637207,0.9271697677608554
BH_s10_high,43,162,48.4,-1.1948264837265015,0.6958356250582028
BH_s10_high,43,163,48.43333333333333,-1.3211368322372437,0.44864868558005777
BH_s10_high,43,164,48.46666666666667,-1.3173227310180664,0.2047289599667328
BH_s10_high,43,165,48.5,-0.8563370704650879,-0.031726088700941846
BH_s10_high,43,166,48.53333333333333,0.055805858224630356,-0.26422759907414956
BH_s10_high,43,167,48.56666666666667,1.1256715059280396,-0.49599398374714526
BH_s10_high,43,168,48.6,1.838784098625183,-0.7239866702695359
BH_s10_high,43,169,48.63333333333333,1.979894995689392,-0.9355347334872717
BH_s10_high,43,170,48.666666666666664,1.8740187883377075,-1.107611701331679
BH_s10_high,43,171,48.7,1.6567082405090332,-1.2093764874311819
BH_s10_high,43,172,48.733333333333334,1.3650928735733032,-1.2084263421048242
BH_s10_high,43,173,48.766666666666666,1.0307523012161255,-1.0800023201129274
BH_s10_high,43,174,48.8,0.7465059757232666,-0.8167918742053359
BH_s10_high,43,175,48.833333333333336,0.6220608353614807,-0.43578145457912515
BH_s10_high,43,176,48.86666666666667,0.45489054918289185,0.02127655305951996
BH_s10_high,43,177,48.9,0.24690628051757812,0.4949401661446204
BH_s10_high,43,178,48.93333333333333,-0.046574369072914124,0.9201388748846091
BH_s10_high,43,179,48.96666666666667,-0.3344132900238037,1.2387788394799544
BH_s10_high,43,180,49.0,-0.5555922389030457,1.4101561834675715
BH_s10_high,43,181,49.03333333333333,-0.7654877305030823,1.4185065331682372
BH_s10_high,43,182,49.06666666666667,-0.8584451079368591,1.2763989140495655
BH_s10_high,43,183,49.1,-0.9847554564476013,1.0215306103251651
BH_s10_high,43,184,49.13333333333333,-1.068340539932251,0.7059762679575593
BH_s10_high,43,185,49.166666666666664,-1.1519256830215454,0.38062905717992573
BH_s10_high,43,186,49.2,-1.2782360315322876,0.08078580178937503
BH_s10_high,43,187,49.233333333333334,-1.1006767749786377,-0.18090609944510314
BH_s10_high,43,188,49.266666666666666,-0.39007291197776794,-0.4112801673578328
BH_s10_high,43,189,49.3,0.5662256479263306,-0.6252578025668584
BH_s10_high,43,190,49.333333333333336,1.4086968898773193,-0.8317120895901715
BH_s10_high,43,191,49.36666666666667,1.6938294172286987,-1.0228459163299728
BH_s10_high,43,192,49.4,1.6125985383987427,-1.171543466450945
BH_s10_high,43,193,49.43333333333333,1.3508732318878174,-1.2378439711704867
BH_s10_high,43,194,49.46666666666667,1.01653254032135,-1.1822461844770205
BH_s10_high,43,195,49.5,0.7249171733856201,-0.9810792063002977
BH_s10_high,43,196,49.53333333333333,0.4867754280567169,-0.6383614447372146
BH_s10_high,43,197,49.56666666666667,0.36583927273750305,-0.1896812593599358
BH_s10_high,43,198,49.6,0.28061044216156006,0.3036495401757709
BH_s10_high,43,199,49.63333333333333,0.07093647867441177,0.7685768291931712
BH_s10_high,43,200,49.666666666666664,-0.17981897294521332,1.1380132253953534
BH_s10_high,43,201,49.7,-0.512072741985321,1.3663900530192041
BH_s10_high,43,202,49.733333333333334,-0.7298723459243774,1.4376759251962035
BH_s10_high,43,203,49.766666666666666,-0.904725193977356,1.3635829786935105
BH_s10_high,43,204,49.8,-1.0310355424880981,1.1744465123585224
BH_s10_high,43,205,49.833333333333336,-1.1146206855773926,0.9082922019454279
BH_s10_high,43,206,49.86666666666667,-1.1554806232452393,0.6025262495273987
BH_s10_high,43,207,49.9,-1.2817909717559814,0.2893168088260468
BH_s10_high,43,208,49.93333333333333,-1.2455017566680908,-0.006718203858229039
BH_s10_high,43,209,49.96666666666667,-0.7831978797912598,-0.2701390666739543
BH_s10_high,43,210,50.0,0.14121580123901367,-0.49581565555030804
BH_s10_high,43,211,50.03333333333333,1.146102786064148,-0.6882346604644917
BH_s10_high,43,212,50.06666666666667,1.7058703899383545,-0.8575217566706433
BH_s10_high,43,213,50.1,1.7892247438430786,-1.0122033124835237
BH_s10_high,43,214,50.13333333333333,1.5648044347763062,-1.1509795793218887
BH_s10_high,43,215,50.166666666666664,1.3013893365859985,-1.257380467974726
BH_s10_high,43,216,50.2,0.967048704624176,-1.300908721590888
BH_s10_high,43,217,50.233333333333334,0.6416372656822205,-1.2458415152032896
BH_s10_high,43,218,50.266666666666666,0.4406708776950836,-1.0651941942057748
BH_s10_high,43,219,50.3,0.3162257969379425,-0.7545240663930068
BH_s10_high,43,220,50.333333333333336,0.14572212100028992,-0.3399301081160798
BH_s10_high,43,221,50.36666666666667,-0.06230812147259712,0.1233993065087732
BH_s10_high,43,222,50.4,-0.35539162158966064,0.5625628428937052
BH_s10_high,43,223,50.43333333333333,-0.6065441966056824,0.9053223304751128
BH_s10_high,43,224,50.46666666666667,-0.8572996258735657,1.0998046647377129
BH_s10_high,43,225,50.5,-0.9918652772903442,1.1286932478483327
BH_s10_high,43,226,50.53333333333333,-1.1181756258010864,1.012331949721671
BH_s10_high,43,227,50.56666666666667,-1.2017607688903809,0.7992608195537172
BH_s10_high,43,228,50.6,-1.2853459119796753,0.5483935308472236
BH_s10_high,43,229,50.63333333333333,-1.3689310550689697,0.3107515674151716
BH_s10_high,43,230,50.666666666666664,-1.3977041244506836,0.1177682767924437
BH_s10_high,43,231,50.7,-1.0498828887939453,-0.020982065853849197
BH_s10_high,43,232,50.733333333333334,-0.15832391381263733,-0.11214381652450864
BH_s10_high,43,233,50.766666666666666,0.9519585371017456,-0.16918742216588617
BH_s10_high,43,234,50.8,1.770774483680725,-0.20378726547142817
BH_s10_high,43,235,50.833333333333336,1.992905855178833,-0.22110568091681934
BH_s10_high,43,236,50.86666666666667,1.8750263452529907,-0.21996338184620856
BH_s10_high,43,237,50.9,1.6364322900772095,-0.19670183477901818
BH_s10_high,43,238,50.93333333333333,1.3020917177200317,-0.15000476741484903
BH_s10_high,43,239,50.96666666666667,0.9677510857582092,-0.08379984219630046
BH_s10_high,44,0,44.0,-1.1846885681152344,-0.1627118633697562
BH_s10_high,44,1,44.03333333333333,-1.2542093992233276,-0.05076979598510262
BH_s10_high,44,2,44.06666666666667,-1.16268789768219,0.01702873819061596
BH_s10_high,44,3,44.1,-0.6381688714027405,0.006406919783628668
BH_s10_high,44,4,44.13333333333333,0.25734493136405945,-0.09439163166643415
BH_s10_high,44,5,44.166666666666664,1.1846250295639038,-0.2747082598359435
BH_s10_high,44,6,44.2,1.6131170988082886,-0.5086214910803525
BH_s10_high,44,7,44.233333333333334,1.645358681678772,-0.7638131654262293
BH_s10_high,44,8,44.266666666666666,1.4344556331634521,-1.007491543295613
BH_s10_high,44,9,44.3,1.1418325901031494,-1.2083655301198084
BH_s10_high,44,10,44.333333333333336,0.7674897909164429,-1.3368292714611267
BH_s10_high,44,11,44.36666666666667,0.4685632586479187,-1.36631282545791
BH_s10_high,44,12,44.4,0.25407955050468445,-1.2772004168141378
BH_s10_high,44,13,44.43333333333333,0.08690924942493439,-1.0622982898702547
BH_s10_high,44,14,44.46666666666667,-0.08026104420423508,-0.7312992327193052
BH_s10_high,44,15,44.5,-0.3515085279941559,-0.31180547560281163
BH_s10_high,44,16,44.53333333333333,-0.6431239247322083,0.1540343442999871
BH_s10_high,44,17,44.56666666666667,-0.8808483481407166,0.6163348058736114
BH_s10_high,44,18,44.6,-1.0480185747146606,1.0256292617447564
BH_s10_high,44,19,44.63333333333333,-1.1724637746810913,1.3404479920787489
BH_s10_high,44,20,44.666666666666664,-1.2542093992233276,1.5334305667610415
BH_s10_high,44,21,44.7,-1.316419005393982,1.5952295333181707
BH_s10_high,44,22,44.733333333333334,-1.4000041484832764,1.5343226858097212
BH_s10_high,44,23,44.766666666666666,-1.452081322669983,1.371367765533309
BH_s10_high,44,24,44.8,-1.2136021852493286,1.1304317985915482
BH_s10_high,44,25,44.833333333333336,-0.4690496325492859,0.8322329171525529
BH_s10_high,44,26,44.86666666666667,0.5238139033317566,0.49267159656889375
BH_s10_high,44,27,44.9,1.308042287826538,0.12577168930505633
BH_s10_high,44,28,44.93333333333333,1.5656538009643555,-0.252148270844866
BH_s10_high,44,29,44.96666666666667,1.5138037204742432,-0.6198182368442693
BH_s10_high,44,30,45.0,1.3012109994888306,-0.9508320097452361
BH_s10_high,44,31,45.03333333333333,1.0068984031677246,-1.2154797761657763
BH_s10_high,44,32,45.06666666666667,0.6725577712059021,-1.383979303840824
BH_s10_high,44,33,45.1,0.338217169046402,-1.4308180610036196
BH_s10_high,44,34,45.13333333333333,0.12252461165189743,-1.3397670149989827
BH_s10_high,44,35,45.166666666666664,-0.044645681977272034,-1.1087661367903208
BH_s10_high,44,36,45.2,-0.24604688584804535,-0.7537867096300489
BH_s10_high,44,37,45.233333333333334,-0.5291680097579956,-0.31048695368036333
BH_s10_high,44,38,45.266666666666666,-0.7902829647064209,0.1681500059263182
BH_s10_high,44,39,45.3,-1.0124032497406006,0.6197070734593977
BH_s10_high,44,40,45.333333333333336,-1.152803659439087,0.985059428751758
BH_s10_high,44,41,45.36666666666667,-1.2612934112548828,1.2220929293169303
BH_s10_high,44,42,45.4,-1.3199739456176758,1.3146715403650049
BH_s10_high,44,43,45.43333333333333,-1.4035590887069702,1.272622030051626
BH_s10_high,44,44,45.46666666666667,-1.444419026374817,1.1233292671297883
BH_s10_high,44,45,45.5,-1.5105605125427246,0.8999087766741365
BH_s10_high,44,46,45.53333333333333,-1.3316397666931152,0.6314235310297451
BH_s10_high,44,47,45.56666666666667,-0.633387565612793,0.33804096414733587
BH_s10_high,44,48,45.6,0.2978969216346741,0.031119887277877758
BH_s10_high,44,49,45.63333333333333,1.1555724143981934,-0.2833258911911906
BH_s10_high,44,50,45.666666666666664,1.48020339012146,-0.5993710573603096
BH_s10_high,44,51,45.7,1.424973964691162,-0.9054629777426823
BH_s10_high,44,52,45.733333333333334,1.2534167766571045,-1.1800343936850555
BH_s10_high,44,53,45.766666666666666,1.0001397132873535,-1.3906707353856411
BH_s10_high,44,54,45.8,0.6664555072784424,-1.4983728002042194
BH_s10_high,44,55,45.833333333333336,0.4157000482082367,-1.4666853079518387
BH_s10_high,44,56,45.86666666666667,0.204595685005188,-1.2734172022211359
BH_s10_high,44,57,45.9,0.08015058189630508,-0.9212767136803376
BH_s10_high,44,58,45.93333333333333,-0.08701971173286438,-0.44355437076611814
BH_s10_high,44,59,45.96666666666667,-0.32230064272880554,0.09810943147136074
BH_s10_high,44,60,46.0,-0.5817259550094604,0.6250165832464089
BH_s10_high,44,61,46.03333333333333,-0.7897562384605408,1.0598755128267676
BH_s10_high,44,62,46.06666666666667,-0.969326913356781,1.3467992679343885
BH_s10_high,44,63,46.1,-1.067177653312683,1.4649902081640278
BH_s10_high,44,64,46.13333333333333,-1.1507627964019775,1.4298615434714916
BH_s10_high,44,65,46.166666666666664,-1.234347939491272,1.2810666154903234
BH_s10_high,44,66,46.2,-1.3179330825805664,1.064069705715116
BH_s10_high,44,67,46.233333333333334,-1.3632516860961914,0.8149028126976453
BH_s10_high,44,68,46.266666666666666,-1.0478825569152832,0.5537888758406097
BH_s10_high,44,69,46.3,-0.3157248795032501,0.2869976150369974
BH_s10_high,44,70,46.333333333333336,0.547448992729187,0.013271228206681295
BH_s10_high,44,71,46.36666666666667,1.1734187602996826,-0.2686405144017125
BH_s10_high,44,72,46.4,1.2994955778121948,-0.5538470607309711
BH_s10_high,44,73,46.43333333333333,1.157301664352417,-0.8281159940982401
BH_s10_high,44,74,46.46666666666667,0.9065461754798889,-1.068003254646181
BH_s10_high,44,75,46.5,0.6130655407905579,-1.243874637797317
BH_s10_high,44,76,46.53333333333333,0.3623100817203522,-1.3251479291773602
BH_s10_high,44,77,46.56666666666667,0.1552414447069168,-1.2870080012311385
BH_s10_high,44,78,46.6,0.07165629416704178,-1.1174296334351757
BH_s10_high,44,79,46.63333333333333,-0.011928853578865528,-0.8227855015512696
BH_s10_high,44,80,46.666666666666664,-0.21345968544483185,-0.4301307509959124
BH_s10_high,44,81,46.7,-0.46421512961387634,0.01527937510408777
BH_s10_high,44,82,46.733333333333334,-0.6810908317565918,0.4574963427810255
BH_s10_high,44,83,46.766666666666666,-0.8909863233566284,0.8408440864353894
BH_s10_high,44,84,46.8,-1.0154314041137695,1.1210179884665226
BH_s10_high,44,85,46.833333333333336,-1.0833085775375366,1.2728101605550737
BH_s10_high,44,86,46.86666666666667,-1.1524524688720703,1.2928327811580949
BH_s10_high,44,87,46.9,-1.2360376119613647,1.1975118490988648
BH_s10_high,44,88,46.93333333333333,-1.3196227550506592,1.0169359596556824
BH_s10_high,44,89,46.96666666666667,-1.2136425971984863,0.7853942981905061
BH_s10_high,44,90,47.0,-0.6373801231384277,0.5311471383876093
BH_s10_high,44,91,47.03333333333333,0.27538153529167175,0.26953102009395413
BH_s10_high,44,92,47.06666666666667,1.1320440769195557,0.0026905912918121825
BH_s10_high,44,93,47.1,1.5362906455993652,-0.27390394564735315
BH_s10_high,44,94,47.13333333333333,1.5114319324493408,-0.5616016347730213
BH_s10_high,44,95,47.166666666666664,1.3658586740493774,-0.8504171112240753
BH_s10_high,44,96,47.2,1.1151032447814941,-1.1160930065829784
BH_s10_high,44,97,47.233333333333334,0.8643477559089661,-1.3230551316800976
BH_s10_high,44,98,47.266666666666666,0.613592267036438,-1.432006795117487
BH_s10_high,44,99,47.3,0.45045772194862366,-1.4099673430689192
BH_s10_high,44,100,47.333333333333336,0.32601261138916016,-1.2399454083919668
BH_s10_high,44,101,47.36666666666667,0.1588423252105713,-0.9274239419625409
BH_s10_high,44,102,47.4,-0.05105317384004593,-0.5017888259537807
BH_s10_high,44,103,47.43333333333333,-0.3411085307598114,-0.012245203235199639
BH_s10_high,44,104,47.46666666666667,-0.5562945604324341,0.4809339228734064
BH_s10_high,44,105,47.5,-0.7661900520324707,0.9176292949536595
BH_s10_high,44,106,47.53333333333333,-0.8906351327896118,1.2482122702085516
BH_s10_high,44,107,47.56666666666667,-0.9851065874099731,1.440269214335561
BH_s10_high,44,108,47.6,-1.0686917304992676,1.4816416775169425
BH_s10_high,44,109,47.63333333333333,-1.1260337829589844,1.381120305985879
BH_s10_high,44,110,47.666666666666664,-1.2358620166778564,1.1663377725240804
BH_s10_high,44,111,47.7,-1.1866713762283325,0.8770389090056672
BH_s10_high,44,112,47.733333333333334,-0.7265812158584595,0.5543559973923711
BH_s10_high,44,113,47.766666666666666,0.167481929063797,0.2303971457102996
BH_s10_high,44,114,47.8,1.179395079612732,-0.07683272116200576
BH_s10_high,44,115,47.833333333333336,1.7389843463897705,-0.3611275733056082
BH_s10_high,44,116,47.86666666666667,1.85154390335083,-0.6207898208846578
BH_s10_high,44,117,47.9,1.7139123678207397,-0.8512766332304762
BH_s10_high,44,118,47.93333333333333,1.494560956954956,-1.0414623342116065
BH_s10_high,44,119,47.96666666666667,1.193489670753479,-1.1740270697407063
BH_s10_high,44,120,48.0,0.901874303817749,-1.2283514335177923
BH_s10_high,44,121,48.03333333333333,0.6607043743133545,-1.1843395101794667
BH_s10_high,44,122,48.06666666666667,0.4935340881347656,-1.0270228411132751
BH_s10_high,44,123,48.1,0.28350895643234253,-0.7526040711395514
BH_s10_high,44,124,48.13333333333333,0.03275351971387863,-0.3753749380290668
BH_s10_high,44,125,48.166666666666664,-0.21440105140209198,0.06754155793129546
BH_s10_high,44,126,48.2,-0.46875736117362976,0.5181527029912841
BH_s10_high,44,127,48.233333333333334,-0.6841189861297607,0.9088398555989354
BH_s10_high,44,128,48.266666666666666,-0.817760705947876,1.1801062744927686
BH_s10_high,44,129,48.3,-0.9440710544586182,1.2974180332356797
BH_s10_high,44,130,48.333333333333336,-1.0276561975479126,1.2597275666715981
BH_s10_high,44,131,48.36666666666667,-1.111241340637207,1.0962852777929022
BH_s10_high,44,132,48.4,-1.1948264837265015,0.8534958854749969
BH_s10_high,44,133,48.43333333333333,-1.3211368322372437,0.5777354627885893
BH_s10_high,44,134,48.46666666666667,-1.3173227310180664,0.30168524886630316
BH_s10_high,44,135,48.5,-0.8563370704650879,0.039572065559853334
BH_s10_high,44,136,48.53333333333333,0.055805858224630356,-0.2085438369901527
BH_s10_high,44,137,48.56666666666667,1.1256715059280396,-0.4477565694273554
BH_s10_high,44,138,48.6,1.838784098625183,-0.6794825355917151
BH_s10_high,44,139,48.63333333333333,1.979894995689392,-0.8956705432288667
BH_s10_high,44,140,48.666666666666664,1.8740187883377075,-1.0770092957562623
BH_s10_high,44,141,48.7,1.6567082405090332,-1.1952192083576736
BH_s10_high,44,142,48.733333333333334,1.3650928735733032,-1.2191567961568324
BH_s10_high,44,143,48.766666666666666,1.0307523012161255,-1.1237317278110857
BH_s10_high,44,144,48.8,0.7465059757232666,-0.8992791647454341
BH_s10_high,44,145,48.833333333333336,0.6220608353614807,-0.5580797118891191
BH_s10_high,44,146,48.86666666666667,0.45489054918289185,-0.13530964041846252
BH_s10_high,44,147,48.9,0.24690628051757812,0.31623959344132035
BH_s10_high,44,148,48.93333333333333,-0.046574369072914124,0.735945358537422
BH_s10_high,44,149,48.96666666666667,-0.3344132900238037,1.066842083112043
BH_s10_high,44,150,49.0,-0.5555922389030457,1.2667008305149334
BH_s10_high,44,151,49.03333333333333,-0.7654877305030823,1.3170450623712313
BH_s10_high,44,152,49.06666666666667,-0.8584451079368591,1.2274068230901984
BH_s10_high,44,153,49.1,-0.9847554564476013,1.0318149398037924
BH_s10_high,44,154,49.13333333333333,-1.068340539932251,0.7771586101164306
BH_s10_high,44,155,49.166666666666664,-1.1519256830215454,0.5073525023751615
BH_s10_high,44,156,49.2,-1.2782360315322876,0.25006189560714087
BH_s10_high,44,157,49.233333333333334,-1.1006767749786377,0.011879131583492422
BH_s10_high,44,158,49.266666666666666,-0.39007291197776794,-0.21661073655246924
BH_s10_high,44,159,49.3,0.5662256479263306,-0.4493084183701301
BH_s10_high,44,160,49.333333333333336,1.4086968898773193,-0.6922001170953935
BH_s10_high,44,161,49.36666666666667,1.6938294172286987,-0.9349651309261937
BH_s10_high,44,162,49.4,1.6125985383987427,-1.1493938272134154
BH_s10_high,44,163,49.43333333333333,1.3508732318878174,-1.2949364583006535
BH_s10_high,44,164,49.46666666666667,1.01653254032135,-1.329454898285121
BH_s10_high,44,165,49.5,0.7249171733856201,-1.2218307036057943
BH_s10_high,44,166,49.53333333333333,0.4867754280567169,-0.9627809607926562
BH_s10_high,44,167,49.56666666666667,0.36583927273750305,-0.5708211921677762
BH_s10_high,44,168,49.6,0.28061044216156006,-0.09144120688102483
BH_s10_high,44,169,49.63333333333333,0.07093647867441177,0.4109041212990058
BH_s10_high,44,170,49.666666666666664,-0.17981897294521332,0.866452887192079
BH_s10_high,44,171,49.7,-0.512072741985321,1.2156855623643499
BH_s10_high,44,172,49.733333333333334,-0.7298723459243774,1.4214226848532232
BH_s10_high,44,173,49.766666666666666,-0.904725193977356,1.473213081397616
BH_s10_high,44,174,49.8,-1.0310355424880981,1.3839070674444456
BH_s10_high,44,175,49.833333333333336,-1.1146206855773926,1.1820985751672743
BH_s10_high,44,176,49.86666666666667,-1.1554806232452393,0.9043520275043232
BH_s10_high,44,177,49.9,-1.2817909717559814,0.5888146228179916
BH_s10_high,44,178,49.93333333333333,-1.2455017566680908,0.26979227442702153
BH_s10_high,44,179,49.96666666666667,-0.7831978797912598,-0.027258553696802423
BH_s10_high,44,180,50.0,0.14121580123901367,-0.28937409833623823
BH_s10_high,44,181,50.03333333333333,1.146102786064148,-0.5162852309414528
BH_s10_high,44,182,50.06666666666667,1.7058703899383545,-0.7159776178017576
BH_s10_high,44,183,50.1,1.7892247438430786,-0.8966341880639096
BH_s10_high,44,184,50.13333333333333,1.5648044347763062,-1.057924364235205
BH_s10_high,44,185,50.166666666666664,1.3013893365859985,-1.1853349540749147
BH_s10_high,44,186,50.2,0.967048704624176,-1.2505004350139224
BH_s10_high,44,187,50.233333333333334,0.6416372656822205,-1.2184421228931968
BH_s10_high,44,188,50.266666666666666,0.4406708776950836,-1.0599282186901282
BH_s10_high,44,189,50.3,0.3162257969379425,-0.7649589100832738
BH_s10_high,44,190,50.333333333333336,0.14572212100028992,-0.35255524175805
BH_s10_high,44,191,50.36666666666667,-0.06230812147259712,0.12741912939262948
BH_s10_high,44,192,50.4,-0.35539162158966064,0.6028385465664193
BH_s10_high,44,193,50.43333333333333,-0.6065441966056824,0.9970931801632011
BH_s10_high,44,194,50.46666666666667,-0.8572996258735657,1.2501072243688713
BH_s10_high,44,195,50.5,-0.9918652772903442,1.334060702738651
BH_s10_high,44,196,50.53333333333333,-1.1181756258010864,1.2574468518316957
BH_s10_high,44,197,50.56666666666667,-1.2017607688903809,1.056710073103014
BH_s10_high,44,198,50.6,-1.2853459119796753,0.7803277574713086
BH_s10_high,44,199,50.63333333333333,-1.3689310550689697,0.472741517853593
BH_s10_high,44,200,50.666666666666664,-1.3977041244506836,0.16400340686662743
BH_s10_high,44,201,50.7,-1.0498828887939453,-0.1325935290918189
BH_s10_high,44,202,50.733333333333334,-0.15832391381263733,-0.4157176959990151
BH_s10_high,44,203,50.766666666666666,0.9519585371017456,-0.6868609915710612
BH_s10_high,44,204,50.8,1.770774483680725,-0.940882612024834
BH_s10_high,44,205,50.833333333333336,1.992905855178833,-1.1602405394070205
BH_s10_high,44,206,50.86666666666667,1.8750263452529907,-1.315377303537238
BH_s10_high,44,207,50.9,1.6364322900772095,-1.3712862514441626
BH_s10_high,44,208,50.93333333333333,1.3020917177200317,-1.297974797291251
BH_s10_high,44,209,50.96666666666667,0.9677510857582092,-1.0811667777264578
BH_s10_high,44,210,51.0,0.6421639919281006,-0.7295320348346127
BH_s10_high,44,211,51.03333333333333,0.4410220682621002,-0.2758846585661084
BH_s10_high,44,212,51.06666666666667,0.27385175228118896,0.22824820279611452
BH_s10_high,44,213,51.1,0.06079848110675812,0.7229843277150972
BH_s10_high,44,214,51.13333333333333,-0.19124950468540192,1.1518210423595394
BH_s10_high,44,215,51.166666666666664,-0.5255901217460632,1.4710464413850148
BH_s10_high,44,216,51.2,-0.7366310358047485,1.6549800909787
BH_s10_high,44,217,51.233333333333334,-0.9465265274047852,1.697332488334034
BH_s10_high,44,218,51.266666666666666,-1.0709716081619263,1.6096531676469015
BH_s10_high,44,219,51.3,-1.1607252359390259,1.4172783515542395
BH_s10_high,44,220,51.333333333333336,-1.2114841938018799,1.1527548157019687
BH_s10_high,44,221,51.36666666666667,-1.285170316696167,0.8476349678776005
BH_s10_high,44,222,51.4,-1.3687554597854614,0.5255345968124435
BH_s10_high,44,223,51.43333333333333,-1.397879719734192,0.1999347965009328
BH_s10_high,44,224,51.46666666666667,-0.9404720067977905,-0.1222337741429494
BH_s10_high,44,225,51.5,-0.008755377493798733,-0.4336599686186203
BH_s10_high,44,226,51.53333333333333,1.1205767393112183,-0.7204483833050467
BH_s10_high,44,227,51.56666666666667,1.8583576679229736,-0.959902398076644
BH_s10_high,44,228,51.6,1.975001573562622,-1.1233725101800025
BH_s10_high,44,229,51.63333333333333,1.773888111114502,-1.1833086767644454
BH_s10_high,44,230,51.666666666666664,1.5089589357376099,-1.1227464199490824
BH_s10_high,44,231,51.7,1.1746183633804321,-0.9446204916710912
BH_s10_high,44,232,51.733333333333334,0.8402777910232544,-0.6770065002361041
BH_s10_high,44,233,51.766666666666666,0.5658183097839355,-0.37046819321846314
BH_s10_high,44,234,51.8,0.40536072850227356,-0.08666260091313473
BH_s10_high,44,235,51.833333333333336,0.2693554759025574,0.11820804377943472
BH_s10_high,44,236,51.86666666666667,0.021582238376140594,0.20853459698788557
BH_s10_high,44,237,51.9,-0.23327235877513885,0.17726114124180142
BH_s10_high,44,238,51.93333333333333,-0.5256360769271851,0.0452053016008883
BH_s10_high,44,239,51.96666666666667,-0.7763915061950684,-0.14572986551572617
BH_s10_high,45,0,45.0,1.3012109994888306,0.0775093043687448
BH_s10_high,45,1,45.03333333333333,1.0068984031677246,-0.03158625624669348
BH_s10_high,45,2,45.06666666666667,0.6725577712059021,-0.1299188016023631
BH_s10_high,45,3,45.1,0.338217169046402,-0.1991113205070102
BH_s10_high,45,4,45.13333333333333,0.12252461165189743,-0.21226883687629985
BH_s10_high,45,5,45.166666666666664,-0.044645681977272034,-0.14071760108378276
BH_s10_high,45,6,45.2,-0.24604688584804535,0.03317364718001265
BH_s10_high,45,7,45.233333333333334,-0.5291680097579956,0.3035540745451707
BH_s10_high,45,8,45.266666666666666,-0.7902829647064209,0.6358779570329246
BH_s10_high,45,9,45.3,-1.0124032497406006,0.9724890954317115
BH_s10_high,45,10,45.333333333333336,-1.152803659439087,1.2478398615618058
BH_s10_high,45,11,45.36666666666667,-1.2612934112548828,1.4077259783263516
BH_s10_high,45,12,45.4,-1.3199739456176758,1.424450180372292
BH_s10_high,45,13,45.43333333333333,-1.4035590887069702,1.301453549627611
BH_s10_high,45,14,45.46666666666667,-1.444419026374817,1.0666360525851657
BH_s10_high,45,15,45.5,-1.5105605125427246,0.7592884010943521
BH_s10_high,45,16,45.53333333333333,-1.3316397666931152,0.4172997372477274
BH_s10_high,45,17,45.56666666666667,-0.633387565612793,0.06920279648718924
BH_s10_high,45,18,45.6,0.2978969216346741,-0.26784384069983946
BH_s10_high,45,19,45.63333333333333,1.1555724143981934,-0.5855456687203769
BH_s10_high,45,20,45.666666666666664,1.48020339012146,-0.8794615553841415
BH_s10_high,45,21,45.7,1.424973964691162,-1.1432473138543349
BH_s10_high,45,22,45.733333333333334,1.2534167766571045,-1.3639565269168001
BH_s10_high,45,23,45.766666666666666,1.0001397132873535,-1.5202515223249806
BH_s10_high,45,24,45.8,0.6664555072784424,-1.584681839599675
BH_s10_high,45,25,45.833333333333336,0.4157000482082367,-1.5299065184561056
BH_s10_high,45,26,45.86666666666667,0.204595685005188,-1.337449943923693
BH_s10_high,45,27,45.9,0.08015058189630508,-1.0066437287271108
BH_s10_high,45,28,45.93333333333333,-0.08701971173286438,-0.5609524711082726
BH_s10_high,45,29,45.96666666666667,-0.32230064272880554,-0.04889796859292985
BH_s10_high,45,30,46.0,-0.5817259550094604,0.46247442233991
BH_s10_high,45,31,46.03333333333333,-0.7897562384605408,0.9015083324999567
BH_s10_high,45,32,46.06666666666667,-0.969326913356781,1.2096918506244716
BH_s10_high,45,33,46.1,-1.067177653312683,1.3567755296305284
BH_s10_high,45,34,46.13333333333333,-1.1507627964019775,1.3466374449667433
BH_s10_high,45,35,46.166666666666664,-1.234347939491272,1.211108597255068
BH_s10_high,45,36,46.2,-1.3179330825805664,0.9952749593139043
BH_s10_high,45,37,46.233333333333334,-1.3632516860961914,0.7418751511428162
BH_s10_high,45,38,46.266666666666666,-1.0478825569152832,0.4811114019255874
BH_s10_high,45,39,46.3,-0.3157248795032501,0.22787232527127704
BH_s10_high,45,40,46.333333333333336,0.547448992729187,-0.015014104875287829
BH_s10_high,45,41,46.36666666666667,1.1734187602996826,-0.25030296755728515
BH_s10_high,45,42,46.4,1.2994955778121948,-0.4795826284356329
BH_s10_high,45,43,46.43333333333333,1.157301664352417,-0.6985138330867898
BH_s10_high,45,44,46.46666666666667,0.9065461754798889,-0.8950970820244449
BH_s10_high,45,45,46.5,0.6130655407905579,-1.0507117764612073
BH_s10_high,45,46,46.53333333333333,0.3623100817203522,-1.1428409705852265
BH_s10_high,45,47,46.56666666666667,0.1552414447069168,-1.1485625602009433
BH_s10_high,45,48,46.6,0.07165629416704178,-1.0488263880738373
BH_s10_high,45,49,46.63333333333333,-0.011928853578865528,-0.8338146033752287
BH_s10_high,45,50,46.666666666666664,-0.21345968544483185,-0.5085054262935047
BH_s10_high,45,51,46.7,-0.46421512961387634,-0.09634652900869296
BH_s10_high,45,52,46.733333333333334,-0.6810908317565918,0.36079819509003674
BH_s10_high,45,53,46.766666666666666,-0.8909863233566284,0.8071093220530567
BH_s10_high,45,54,46.8,-1.0154314041137695,1.1814298148058378
BH_s10_high,45,55,46.833333333333336,-1.0833085775375366,1.4290304059119259
BH_s10_high,45,56,46.86666666666667,-1.1524524688720703,1.5143710836257043
BH_s10_high,45,57,46.9,-1.2360376119613647,1.431048276975833
BH_s10_high,45,58,46.93333333333333,-1.3196227550506592,1.204035766464541
BH_s10_high,45,59,46.96666666666667,-1.2136425971984863,0.8813491401082547
BH_s10_high,45,60,47.0,-0.6373801231384277,0.5178566598755325
BH_s10_high,45,61,47.03333333333333,0.27538153529167175,0.15879256443174616
BH_s10_high,45,62,47.06666666666667,1.1320440769195557,-0.16966416336769083
BH_s10_high,45,63,47.1,1.5362906455993652,-0.4598817038689933
BH_s10_high,45,64,47.13333333333333,1.5114319324493408,-0.7147601530023932
BH_s10_high,45,65,47.166666666666664,1.3658586740493774,-0.9375773748117793
BH_s10_high,45,66,47.2,1.1151032447814941,-1.1245022618840022
BH_s10_high,45,67,47.233333333333334,0.8643477559089661,-1.2620812793452187
BH_s10_high,45,68,47.266666666666666,0.613592267036438,-1.3297217482452302
BH_s10_high,45,69,47.3,0.45045772194862366,-1.3056347930201966
BH_s10_high,45,70,47.333333333333336,0.32601261138916016,-1.1737475369065833
BH_s10_high,45,71,47.36666666666667,0.1588423252105713,-0.9293028131503338
BH_s10_high,45,72,47.4,-0.05105317384004593,-0.5822617206086292
BH_s10_high,45,73,47.43333333333333,-0.3411085307598114,-0.15865809495114158
BH_s10_high,45,74,47.46666666666667,-0.5562945604324341,0.30036842035391526
BH_s10_high,45,75,47.5,-0.7661900520324707,0.7428204964796091
BH_s10_high,45,76,47.53333333333333,-0.8906351327896118,1.1137741451443413
BH_s10_high,45,77,47.56666666666667,-0.9851065874099731,1.3658766674711302
BH_s10_high,45,78,47.6,-1.0686917304992676,1.469857451507484
BH_s10_high,45,79,47.63333333333333,-1.1260337829589844,1.421592459992714
BH_s10_high,45,80,47.666666666666664,-1.2358620166778564,1.2423778300908748
BH_s10_high,45,81,47.7,-1.1866713762283325,0.9712548691878735
BH_s10_high,45,82,47.733333333333334,-0.7265812158584595,0.6522596288342047
BH_s10_high,45,83,47.766666666666666,0.167481929063797,0.3224385681262611
BH_s10_high,45,84,47.8,1.179395079612732,0.0057619216754255026
BH_s10_high,45,85,47.833333333333336,1.7389843463897705,-0.28570776478513227
BH_s10_high,45,86,47.86666666666667,1.85154390335083,-0.5461783086835684
BH_s10_high,45,87,47.9,1.7139123678207397,-0.7704578640057045
BH_s10_high,45,88,47.93333333333333,1.494560956954956,-0.9509080413301543
BH_s10_high,45,89,47.96666666666667,1.193489670753479,-1.0768019286868509
BH_s10_high,45,90,48.0,0.901874303817749,-1.1347131627837965
BH_s10_high,45,91,48.03333333333333,0.6607043743133545,-1.1094905827389223
BH_s10_high,45,92,48.06666666666667,0.4935340881347656,-0.9869042438192108
BH_s10_high,45,93,48.1,0.28350895643234253,-0.7592133952410953
BH_s10_high,45,94,48.13333333333333,0.03275351971387863,-0.4328853326008157
BH_s10_high,45,95,48.166666666666664,-0.21440105140209198,-0.03498805983831318
BH_s10_high,45,96,48.2,-0.46875736117362976,0.38627149470510436
BH_s10_high,45,97,48.233333333333334,-0.6841189861297607,0.7694756003115555
BH_s10_high,45,98,48.266666666666666,-0.817760705947876,1.054746203146971
BH_s10_high,45,99,48.3,-0.9440710544586182,1.1998590304627388
BH_s10_high,45,100,48.333333333333336,-1.0276561975479126,1.1914296139944378
BH_s10_high,45,101,48.36666666666667,-1.111241340637207,1.047008877067438
BH_s10_high,45,102,48.4,-1.1948264837265015,0.807549924041049
BH_s10_high,45,103,48.43333333333333,-1.3211368322372437,0.5234539307268816
BH_s10_high,45,104,48.46666666666667,-1.3173227310180664,0.23988146160260532
BH_s10_high,45,105,48.5,-0.8563370704650879,-0.013300645515833456
BH_s10_high,45,106,48.53333333333333,0.055805858224630356,-0.22468719765045242
BH_s10_high,45,107,48.56666666666667,1.1256715059280396,-0.3986201024966484
BH_s10_high,45,108,48.6,1.838784098625183,-0.5486592247358437
BH_s10_high,45,109,48.63333333333333,1.979894995689392,-0.6890411758522245
BH_s10_high,45,110,48.666666666666664,1.8740187883377075,-0.82608012458518
BH_s10_high,45,111,48.7,1.6567082405090332,-0.9520599064709852
BH_s10_high,45,112,48.733333333333334,1.3650928735733032,-1.0441942957289934
BH_s10_high,45,113,48.766666666666666,1.0307523012161255,-1.0698404896674536
BH_s10_high,45,114,48.8,0.7465059757232666,-0.9965372893385901
BH_s10_high,45,115,48.833333333333336,0.6220608353614807,-0.803343491428986
BH_s10_high,45,116,48.86666666666667,0.45489054918289185,-0.4898348685035521
BH_s10_high,45,117,48.9,0.24690628051757812,-0.08042965840988998
BH_s10_high,45,118,48.93333333333333,-0.046574369072914124,0.3769087583644318
BH_s10_high,45,119,48.96666666666667,-0.3344132900238037,0.8178055312325846
BH_s10_high,45,120,49.0,-0.5555922389030457,1.1741589663356864
BH_s10_high,45,121,49.03333333333333,-0.7654877305030823,1.3903886247361048
BH_s10_high,45,122,49.06666666666667,-0.8584451079368591,1.438245137157153
BH_s10_high,45,123,49.1,-0.9847554564476013,1.3238642897608637
BH_s10_high,45,124,49.13333333333333,-1.068340539932251,1.0835594119197602
BH_s10_high,45,125,49.166666666666664,-1.1519256830215454,0.7700373147366525
BH_s10_high,45,126,49.2,-1.2782360315322876,0.4348978341409733
BH_s10_high,45,127,49.233333333333334,-1.1006767749786377,0.11452981776897195
BH_s10_high,45,128,49.266666666666666,-0.39007291197776794,-0.17540118863107765
BH_s10_high,45,129,49.3,0.5662256479263306,-0.435740050158911
BH_s10_high,45,130,49.333333333333336,1.4086968898773193,-0.6731013427510584
BH_s10_high,45,131,49.36666666666667,1.6938294172286987,-0.8883036095777638
BH_s10_high,45,132,49.4,1.6125985383987427,-1.0692558655317264
BH_s10_high,45,133,49.43333333333333,1.3508732318878174,-1.1909881373164555
BH_s10_high,45,134,49.46666666666667,1.01653254032135,-1.2223896635216047
BH_s10_high,45,135,49.5,0.7249171733856201,-1.136780326396933
BH_s10_high,45,136,49.53333333333333,0.4867754280567169,-0.922375284392059
BH_s10_high,45,137,49.56666666666667,0.36583927273750305,-0.5891942793800438
BH_s10_high,45,138,49.6,0.28061044216156006,-0.1705410128957178
BH_s10_high,45,139,49.63333333333333,0.07093647867441177,0.28129142186847783
BH_s10_high,45,140,49.666666666666664,-0.17981897294521332,0.7045092274572614
BH_s10_high,45,141,49.7,-0.512072741985321,1.0406946179085372
BH_s10_high,45,142,49.733333333333334,-0.7298723459243774,1.2473717193412739
BH_s10_high,45,143,49.766666666666666,-0.904725193977356,1.3059408025911146
BH_s10_high,45,144,49.8,-1.0310355424880981,1.222764718736917
BH_s10_high,45,145,49.833333333333336,-1.1146206855773926,1.0243200152051952
BH_s10_high,45,146,49.86666666666667,-1.1554806232452393,0.7490758562331834
BH_s10_high,45,147,49.9,-1.2817909717559814,0.4387488754095465
BH_s10_high,45,148,49.93333333333333,-1.2455017566680908,0.13068096925323944
BH_s10_high,45,149,49.96666666666667,-0.7831978797912598,-0.14777784523462625
BH_s10_high,45,150,50.0,0.14121580123901367,-0.38232802733151466
BH_s10_high,45,151,50.03333333333333,1.146102786064148,-0.5716168997699264
BH_s10_high,45,152,50.06666666666667,1.7058703899383545,-0.7235175334623651
BH_s10_high,45,153,50.1,1.7892247438430786,-0.848253949319204
BH_s10_high,45,154,50.13333333333333,1.5648044347763062,-0.9504433037382183
BH_s10_high,45,155,50.166666666666664,1.3013893365859985,-1.0232979468397254
BH_s10_high,45,156,50.2,0.967048704624176,-1.0478413801399982
BH_s10_high,45,157,50.233333333333334,0.6416372656822205,-0.9980043583984881
BH_s10_high,45,158,50.266666666666666,0.4406708776950836,-0.8498806795840368
BH_s10_high,45,159,50.3,0.3162257969379425,-0.5918515768704932
BH_s10_high,45,160,50.333333333333336,0.14572212100028992,-0.23252914050377732
BH_s10_high,45,161,50.36666666666667,-0.06230812147259712,0.1956132752722359
BH_s10_high,45,162,50.4,-0.35539162158966064,0.6386007649150492
BH_s10_high,45,163,50.43333333333333,-0.6065441966056824,1.0302864865635353
BH_s10_high,45,164,50.46666666666667,-0.8572996258735657,1.3075948209264125
BH_s10_high,45,165,50.5,-0.9918652772903442,1.4274511560212564
BH_s10_high,45,166,50.53333333333333,-1.1181756258010864,1.3786575561357104
BH_s10_high,45,167,50.56666666666667,-1.2017607688903809,1.1830488959056529
BH_s10_high,45,168,50.6,-1.2853459119796753,0.885627264162001
BH_s10_high,45,169,50.63333333333333,-1.3689310550689697,0.5388951336114057
BH_s10_high,45,170,50.666666666666664,-1.3977041244506836,0.18810865500199747
BH_s10_high,45,171,50.7,-1.0498828887939453,-0.13779852568639658
BH_s10_high,45,172,50.733333333333334,-0.15832391381263733,-0.4277420826763465
BH_s10_high,45,173,50.766666666666666,0.9519585371017456,-0.6831569309408523
BH_s10_high,45,174,50.8,1.770774483680725,-0.9084981175251786
BH_s10_high,45,175,50.833333333333336,1.992905855178833,-1.101414387791802
BH_s10_high,45,176,50.86666666666667,1.8750263452529907,-1.2465396463342564
BH_s10_high,45,177,50.9,1.6364322900772095,-1.3158643576463995
BH_s10_high,45,178,50.93333333333333,1.3020917177200317,-1.2765781207182798
BH_s10_high,45,179,50.96666666666667,0.9677510857582092,-1.1041254360506474
BH_s10_high,45,180,51.0,0.6421639919281006,-0.7950110428079127
BH_s10_high,45,181,51.03333333333333,0.4410220682621002,-0.3732442320962083
BH_s10_high,45,182,51.06666666666667,0.27385175228118896,0.11245849140204822
BH_s10_high,45,183,51.1,0.06079848110675812,0.5989570228401321
BH_s10_high,45,184,51.13333333333333,-0.19124950468540192,1.021997893768414
BH_s10_high,45,185,51.166666666666664,-0.5255901217460632,1.3283001325181114
BH_s10_high,45,186,51.2,-0.7366310358047485,1.4841654600263563
BH_s10_high,45,187,51.233333333333334,-0.9465265274047852,1.4799739134323089
BH_s10_high,45,188,51.266666666666666,-1.0709716081619263,1.3300203488388274
BH_s10_high,45,189,51.3,-1.1607252359390259,1.0672164267953188
BH_s10_high,45,190,51.333333333333336,-1.2114841938018799,0.7337496919530087
BH_s10_high,45,191,51.36666666666667,-1.285170316696167,0.37079903924406954
BH_s10_high,45,192,51.4,-1.3687554597854614,0.010983234894003432
BH_s10_high,45,193,51.43333333333333,-1.397879719734192,-0.32416031485442726
BH_s10_high,45,194,51.46666666666667,-0.9404720067977905,-0.6219021775913118
BH_s10_high,45,195,51.5,-0.008755377493798733,-0.8735405968171951
BH_s10_high,45,196,51.53333333333333,1.1205767393112183,-1.0697966140960902
BH_s10_high,45,197,51.56666666666667,1.8583576679229736,-1.1981797578756128
BH_s10_high,45,198,51.6,1.975001573562622,-1.2430068123344302
BH_s10_high,45,199,51.63333333333333,1.773888111114502,-1.1880669079833073
BH_s10_high,45,200,51.666666666666664,1.5089589357376099,-1.0215987331149405
BH_s10_high,45,201,51.7,1.1746183633804321,-0.7425416159117794
BH_s10_high,45,202,51.733333333333334,0.8402777910232544,-0.36577773119986196
BH_s10_high,45,203,51.766666666666666,0.5658183097839355,0.0763079514046085
BH_s10_high,45,204,51.8,0.40536072850227356,0.5371323772431624
BH_s10_high,45,205,51.833333333333336,0.2693554759025574,0.9630618523314235
BH_s10_high,45,206,51.86666666666667,0.021582238376140594,1.3021934878301564
BH_s10_high,45,207,51.9,-0.23327235877513885,1.51283285494897
BH_s10_high,45,208,51.93333333333333,-0.5256360769271851,1.5706357563817008
BH_s10_high,45,209,51.96666666666667,-0.7763915061950684,1.4733714768733732
BH_s10_high,45,210,52.0,-0.9461753368377686,1.2411448169564752
BH_s10_high,45,211,52.03333333333333,-1.0342392921447754,0.9103025794933828
BH_s10_high,45,212,52.06666666666667,-1.0833085775375366,0.5226482130838476
BH_s10_high,45,213,52.1,-1.1586843729019165,0.11487872304291068
BH_s10_high,45,214,52.13333333333333,-1.242269515991211,-0.2871241702859522
BH_s10_high,45,215,52.166666666666664,-1.1674489974975586,-0.6677091671175788
BH_s10_high,45,216,52.2,-0.5834633708000183,-1.016504981638548
BH_s10_high,45,217,52.233333333333334,0.35501188039779663,-1.3225975114993969
BH_s10_high,45,218,52.266666666666666,1.239546537399292,-1.5706669175680807
BH_s10_high,45,219,52.3,1.5871130228042603,-1.7403287065275945
BH_s10_high,45,220,52.333333333333336,1.4641469717025757,-1.8087993992850588
BH_s10_high,45,221,52.36666666666667,1.1529377698898315,-1.7562660869361337
BH_s10_high,45,222,52.4,0.818597137928009,-1.572473727194001
BH_s10_high,45,223,52.43333333333333,0.498254656791687,-1.262360645965106
BH_s10_high,45,224,52.46666666666667,0.27176496386528015,-0.8486375740972618
BH_s10_high,45,225,52.5,0.18817982077598572,-0.3701279740483979
BH_s10_high,45,226,52.53333333333333,0.09619230031967163,0.1238898118661506
BH_s10_high,45,227,52.56666666666667,-0.0775151178240776,0.5818594910880618
BH_s10_high,45,228,52.6,-0.3329424262046814,0.9586196721251956
BH_s10_high,45,229,52.63333333333333,-0.6217511892318726,1.2226061307223728
BH_s10_high,45,230,52.666666666666664,-0.8288400769233704,1.360037717611884
BH_s10_high,45,231,52.7,-0.9542090892791748,1.3754095647636682
BH_s10_high,45,232,52.733333333333334,-1.080519437789917,1.288812370295258
BH_s10_high,45,233,52.766666666666666,-1.1213793754577637,1.1313129032255533
BH_s10_high,45,234,52.8,-1.204964518547058,0.9393555885173654
BH_s10_high,45,235,52.833333333333336,-1.2885496616363525,0.7485265951147225
BH_s10_high,45,236,52.86666666666667,-1.1243091821670532,0.5869718495227624
BH_s10_high,45,237,52.9,-0.4475243389606476,0.4694568351622086
BH_s10_high,45,238,52.93333333333333,0.5721266269683838,0.39395209399935216
BH_s10_high,45,239,52.96666666666667,1.5084911584854126,0.3427718376024795
BH_s10_high,46,0,46.0,-0.5817259550094604,-0.03650817808891791
BH_s10_high,46,1,46.03333333333333,-0.7897562384605408,0.609073989679437
BH_s10_high,46,2,46.06666666666667,-0.969326913356781,1.1302357648745966
BH_s10_high,46,3,46.1,-1.067177653312683,1.4372898540465842
BH_s10_high,46,4,46.13333333333333,-1.1507627964019775,1.4966464997138218
BH_s10_high,46,5,46.166666666666664,-1.234347939491272,1.33365806096292
BH_s10_high,46,6,46.2,-1.3179330825805664,1.0156795377821117
BH_s10_high,46,7,46.233333333333334,-1.3632516860961914,0.6246862698569761
BH_s10_high,46,8,46.266666666666666,-1.0478825569152832,0.23195303978540566
BH_s10_high,46,9,46.3,-0.3157248795032501,-0.11645111612388145
BH_s10_high,46,10,46.333333333333336,0.547448992729187,-0.40131629563049126
BH_s10_high,46,11,46.36666666666667,1.1734187602996826,-0.6226607858563021
BH_s10_high,46,12,46.4,1.2994955778121948,-0.7885493536491319
BH_s10_high,46,13,46.43333333333333,1.157301664352417,-0.9053273920707496
BH_s10_high,46,14,46.46666666666667,0.9065461754798889,-0.9722412414193371
BH_s10_high,46,15,46.5,0.6130655407905579,-0.9811559101305032
BH_s10_high,46,16,46.53333333333333,0.3623100817203522,-0.9201349861431575
BH_s10_high,46,17,46.56666666666667,0.1552414447069168,-0.7787929081714072
BH_s10_high,46,18,46.6,0.07165629416704178,-0.5537346900319438
BH_s10_high,46,19,46.63333333333333,-0.011928853578865528,-0.2530106224381952
BH_s10_high,46,20,46.666666666666664,-0.21345968544483185,0.10152147929699225
BH_s10_high,46,21,46.7,-0.46421512961387634,0.47509102503862966
BH_s10_high,46,22,46.733333333333334,-0.6810908317565918,0.8245634413996892
BH_s10_high,46,23,46.766666666666666,-0.8909863233566284,1.1057590892349114
BH_s10_high,46,24,46.8,-1.0154314041137695,1.281697675877661
BH_s10_high,46,25,46.833333333333336,-1.0833085775375366,1.329781103016287
BH_s10_high,46,26,46.86666666666667,-1.1524524688720703,1.2464690453876803
BH_s10_high,46,27,46.9,-1.2360376119613647,1.0484038549905141
BH_s10_high,46,28,46.93333333333333,-1.3196227550506592,0.7689154299650122
BH_s10_high,46,29,46.96666666666667,-1.2136425971984863,0.4495722902519771
BH_s10_high,46,30,47.0,-0.6373801231384277,0.1287375652293173
BH_s10_high,46,31,47.03333333333333,0.27538153529167175,-0.1684089664857161
BH_s10_high,46,32,47.06666666666667,1.1320440769195557,-0.43343143573742815
BH_s10_high,46,33,47.1,1.5362906455993652,-0.6697294823395002
BH_s10_high,46,34,47.13333333333333,1.5114319324493408,-0.8822771463476737
BH_s10_high,46,35,47.166666666666664,1.3658586740493774,-1.0682364359222896
BH_s10_high,46,36,47.2,1.1151032447814941,-1.2129161361108192
BH_s10_high,46,37,47.233333333333334,0.8643477559089661,-1.2917636359853661
BH_s10_high,46,38,47.266666666666666,0.613592267036438,-1.2770255210203107
BH_s10_high,46,39,47.3,0.45045772194862366,-1.147069069560356
BH_s10_high,46,40,47.333333333333336,0.32601261138916016,-0.8955522998432838
BH_s10_high,46,41,47.36666666666667,0.1588423252105713,-0.5371900966109473
BH_s10_high,46,42,47.4,-0.05105317384004593,-0.10782150369369475
BH_s10_high,46,43,47.43333333333333,-0.3411085307598114,0.3415277220270851
BH_s10_high,46,44,47.46666666666667,-0.5562945604324341,0.7548395924132656
BH_s10_high,46,45,47.5,-0.7661900520324707,1.0822570339328133
BH_s10_high,46,46,47.53333333333333,-0.8906351327896118,1.2884530124805187
BH_s10_high,46,47,47.56666666666667,-0.9851065874099731,1.3561295696219435
BH_s10_high,46,48,47.6,-1.0686917304992676,1.2857897944693566
BH_s10_high,46,49,47.63333333333333,-1.1260337829589844,1.0943334807504919
BH_s10_high,46,50,47.666666666666664,-1.2358620166778564,0.8127940905239854
BH_s10_high,46,51,47.7,-1.1866713762283325,0.48121196811336087
BH_s10_high,46,52,47.733333333333334,-0.7265812158584595,0.13996404023509054
BH_s10_high,46,53,47.766666666666666,0.167481929063797,-0.17950530716781088
BH_s10_high,46,54,47.8,1.179395079612732,-0.45949202518015486
BH_s10_high,46,55,47.833333333333336,1.7389843463897705,-0.693287334233227
BH_s10_high,46,56,47.86666666666667,1.85154390335083,-0.8771341160448182
BH_s10_high,46,57,47.9,1.7139123678207397,-1.0031194867171203
BH_s10_high,46,58,47.93333333333333,1.494560956954956,-1.0579867767647535
BH_s10_high,46,59,47.96666666666667,1.193489670753479,-1.0279747180357615
BH_s10_high,46,60,48.0,0.901874303817749,-0.9055725355974986
BH_s10_high,46,61,48.03333333333333,0.6607043743133545,-0.6936467092649737
BH_s10_high,46,62,48.06666666666667,0.4935340881347656,-0.4057608289360811
BH_s10_high,46,63,48.1,0.28350895643234253,-0.06484596570227183
BH_s10_high,46,64,48.13333333333333,0.03275351971387863,0.29774876792147564
BH_s10_high,46,65,48.166666666666664,-0.21440105140209198,0.6434041050499393
BH_s10_high,46,66,48.2,-0.46875736117362976,0.9300607919428976
BH_s10_high,46,67,48.233333333333334,-0.6841189861297607,1.120152211397222
BH_s10_high,46,68,48.266666666666666,-0.817760705947876,1.190377801463027
BH_s10_high,46,69,48.3,-0.9440710544586182,1.1383499954205292
BH_s10_high,46,70,48.333333333333336,-1.0276561975479126,0.982371001275903
BH_s10_high,46,71,48.36666666666667,-1.111241340637207,0.7544026759012904
BH_s10_high,46,72,48.4,-1.1948264837265015,0.4895890968924278
BH_s10_high,46,73,48.43333333333333,-1.3211368322372437,0.2168288735071779
BH_s10_high,46,74,48.46666666666667,-1.3173227310180664,-0.046225034081112955
BH_s10_high,46,75,48.5,-0.8563370704650879,-0.29276202417238945
BH_s10_high,46,76,48.53333333333333,0.055805858224630356,-0.5223516858505535
BH_s10_high,46,77,48.56666666666667,1.1256715059280396,-0.734993259781618
BH_s10_high,46,78,48.6,1.838784098625183,-0.9260858691078291
BH_s10_high,46,79,48.63333333333333,1.979894995689392,-1.0837149695189228
BH_s10_high,46,80,48.666666666666664,1.8740187883377075,-1.1886246124810296
BH_s10_high,46,81,48.7,1.6567082405090332,-1.2167676244566294
BH_s10_high,46,82,48.733333333333334,1.3650928735733032,-1.1443341727055816
BH_s10_high,46,83,48.766666666666666,1.0307523012161255,-0.9549002687520375
BH_s10_high,46,84,48.8,0.7465059757232666,-0.6472990394733619
BH_s10_high,46,85,48.833333333333336,0.6220608353614807,-0.2415571588578208
BH_s10_high,46,86,48.86666666666667,0.45489054918289185,0.22013743162871657
BH_s10_high,46,87,48.9,0.24690628051757812,0.6791070250362868
BH_s10_high,46,88,48.93333333333333,-0.046574369072914124,1.0713776241079682
BH_s10_high,46,89,48.96666666666667,-0.3344132900238037,1.3410438885625104
BH_s10_high,46,90,49.0,-0.5555922389030457,1.4522493610248761
BH_s10_high,46,91,49.03333333333333,-0.7654877305030823,1.3970496616429717
BH_s10_high,46,92,49.06666666666667,-0.8584451079368591,1.1969848320280922
BH_s10_high,46,93,49.1,-0.9847554564476013,0.8970947556535224
BH_s10_high,46,94,49.13333333333333,-1.068340539932251,0.5532702847274684
BH_s10_high,46,95,49.166666666666664,-1.1519256830215454,0.2166091555958638
BH_s10_high,46,96,49.2,-1.2782360315322876,-0.07970272234542457
BH_s10_high,46,97,49.233333333333334,-1.1006767749786377,-0.32594037550550076
BH_s10_high,46,98,49.266666666666666,-0.39007291197776794,-0.5318404107712852
BH_s10_high,46,99,49.3,0.5662256479263306,-0.7151841889016978
BH_s10_high,46,100,49.333333333333336,1.4086968898773193,-0.8881094989697287
BH_s10_high,46,101,49.36666666666667,1.6938294172286987,-1.0468911951625588
BH_s10_high,46,102,49.4,1.6125985383987427,-1.1690734177680318
BH_s10_high,46,103,49.43333333333333,1.3508732318878174,-1.2188556420307626
BH_s10_high,46,104,49.46666666666667,1.01653254032135,-1.1589516974237508
BH_s10_high,46,105,49.5,0.7249171733856201,-0.9650799097011019
BH_s10_high,46,106,49.53333333333333,0.4867754280567169,-0.6379534847931009
BH_s10_high,46,107,49.56666666666667,0.36583927273750305,-0.2080377605101775
BH_s10_high,46,108,49.6,0.28061044216156006,0.2691033883676485
BH_s10_high,46,109,49.63333333333333,0.07093647867441177,0.7254790234838506
BH_s10_high,46,110,49.666666666666664,-0.17981897294521332,1.097052298670856
BH_s10_high,46,111,49.7,-0.512072741985321,1.3382091211120077
BH_s10_high,46,112,49.733333333333334,-0.7298723459243774,1.4294259303093733
BH_s10_high,46,113,49.766666666666666,-0.904725193977356,1.3762805984454332
BH_s10_high,46,114,49.8,-1.0310355424880981,1.2022139756407013
BH_s10_high,46,115,49.833333333333336,-1.1146206855773926,0.9398731429787982
BH_s10_high,46,116,49.86666666666667,-1.1554806232452393,0.6245407621467162
BH_s10_high,46,117,49.9,-1.2817909717559814,0.2900773507297094
BH_s10_high,46,118,49.93333333333333,-1.2455017566680908,-0.03399008167443576
BH_s10_high,46,119,49.96666666666667,-0.7831978797912598,-0.3252635519574661
BH_s10_high,46,120,50.0,0.14121580123901367,-0.570687807298413
BH_s10_high,46,121,50.03333333333333,1.146102786064148,-0.7667289886136693
BH_s10_high,46,122,50.06666666666667,1.7058703899383545,-0.9166174599426817
BH_s10_high,46,123,50.1,1.7892247438430786,-1.025180863861568
BH_s10_high,46,124,50.13333333333333,1.5648044347763062,-1.0929520725165212
BH_s10_high,46,125,50.166666666666664,1.3013893365859985,-1.1118844205262075
BH_s10_high,46,126,50.2,0.967048704624176,-1.0650893799567756
BH_s10_high,46,127,50.233333333333334,0.6416372656822205,-0.9319139467138355
BH_s10_high,46,128,50.266666666666666,0.4406708776950836,-0.6972974409689502
BH_s10_high,46,129,50.3,0.3162257969379425,-0.36204500781921667
BH_s10_high,46,130,50.333333333333336,0.14572212100028992,0.05013337207231839
BH_s10_high,46,131,50.36666666666667,-0.06230812147259712,0.4921494339444955
BH_s10_high,46,132,50.4,-0.35539162158966064,0.9010619130599197
BH_s10_high,46,133,50.43333333333333,-0.6065441966056824,1.2123496674958358
BH_s10_high,46,134,50.46666666666667,-0.8572996258735657,1.3767770972418674
BH_s10_high,46,135,50.5,-0.9918652772903442,1.3738653247339392
BH_s10_high,46,136,50.53333333333333,-1.1181756258010864,1.21650879489804
BH_s10_high,46,137,50.56666666666667,-1.2017607688903809,0.9445674695077232
BH_s10_high,46,138,50.6,-1.2853459119796753,0.6101902153805459
BH_s10_high,46,139,50.63333333333333,-1.3689310550689697,0.26136236255683665
BH_s10_high,46,140,50.666666666666664,-1.3977041244506836,-0.06957851268845036
BH_s10_high,46,141,50.7,-1.0498828887939453,-0.36864776146993533
BH_s10_high,46,142,50.733333333333334,-0.15832391381263733,-0.6345387357034122
BH_s10_high,46,143,50.766666666666666,0.9519585371017456,-0.8684244615831489
BH_s10_high,46,144,50.8,1.770774483680725,-1.0644311470304428
BH_s10_high,46,145,50.833333333333336,1.992905855178833,-1.205001806551001
BH_s10_high,46,146,50.86666666666667,1.8750263452529907,-1.26289936740461
BH_s10_high,46,147,50.9,1.6364322900772095,-1.2090515962788828
BH_s10_high,46,148,50.93333333333333,1.3020917177200317,-1.023745973233173
BH_s10_high,46,149,50.96666666666667,0.9677510857582092,-0.7074880568040705
BH_s10_high,46,150,51.0,0.6421639919281006,-0.287023118223856
BH_s10_high,46,151,51.03333333333333,0.4410220682621002,0.18696620930079108
BH_s10_high,46,152,51.06666666666667,0.27385175228118896,0.65043266812783
BH_s10_high,46,153,51.1,0.06079848110675812,1.0408530890590877
BH_s10_high,46,154,51.13333333333333,-0.19124950468540192,1.3108638288814072
BH_s10_high,46,155,51.166666666666664,-0.5255901217460632,1.4362603453099343
BH_s10_high,46,156,51.2,-0.7366310358047485,1.4168469617799173
BH_s10_high,46,157,51.233333333333334,-0.9465265274047852,1.2714648835320908
BH_s10_high,46,158,51.266666666666666,-1.0709716081619263,1.0300303870084169
BH_s10_high,46,159,51.3,-1.1607252359390259,0.7254360412722702
BH_s10_high,46,160,51.333333333333336,-1.2114841938018799,0.38732185616429704
BH_s10_high,46,161,51.36666666666667,-1.285170316696167,0.03874368901469141
BH_s10_high,46,162,51.4,-1.3687554597854614,-0.30396810854738693
BH_s10_high,46,163,51.43333333333333,-1.397879719734192,-0.6285912037818042
BH_s10_high,46,164,51.46666666666667,-0.9404720067977905,-0.9229711177644566
BH_s10_high,46,165,51.5,-0.008755377493798733,-1.1714885840149203
BH_s10_high,46,166,51.53333333333333,1.1205767393112183,-1.3537194410677946
BH_s10_high,46,167,51.56666666666667,1.8583576679229736,-1.4460235405177233
BH_s10_high,46,168,51.6,1.975001573562622,-1.4257097042594409
BH_s10_high,46,169,51.63333333333333,1.773888111114502,-1.2767985000886075
BH_s10_high,46,170,51.666666666666664,1.5089589357376099,-0.9963066669554366
BH_s10_high,46,171,51.7,1.1746183633804321,-0.5995803224224553
BH_s10_high,46,172,51.733333333333334,0.8402777910232544,-0.12228849266209958
BH_s10_high,46,173,51.766666666666666,0.5658183097839355,0.38316149955616347
BH_s10_high,46,174,51.8,0.40536072850227356,0.8567179188381554
BH_s10_high,46,175,51.833333333333336,0.2693554759025574,1.2423124914638626
BH_s10_high,46,176,51.86666666666667,0.021582238376140594,1.497857435505666
BH_s10_high,46,177,51.9,-0.23327235877513885,1.6008138497944278
BH_s10_high,46,178,51.93333333333333,-0.5256360769271851,1.549364133194586
BH_s10_high,46,179,51.96666666666667,-0.7763915061950684,1.3607725158477444
BH_s10_high,46,180,52.0,-0.9461753368377686,1.0674582950475369
BH_s10_high,46,181,52.03333333333333,-1.0342392921447754,0.7101571667573934
BH_s10_high,46,182,52.06666666666667,-1.0833085775375366,0.3288288745779823
BH_s10_high,46,183,52.1,-1.1586843729019165,-0.04563439727880393
BH_s10_high,46,184,52.13333333333333,-1.242269515991211,-0.3950854095696318
BH_s10_high,46,185,52.166666666666664,-1.1674489974975586,-0.711374550977277
BH_s10_high,46,186,52.2,-0.5834633708000183,-0.9890879482933475
BH_s10_high,46,187,52.233333333333334,0.35501188039779663,-1.2182088845615204
BH_s10_high,46,188,52.266666666666666,1.239546537399292,-1.380512259322002
BH_s10_high,46,189,52.3,1.5871130228042603,-1.4511446504178063
BH_s10_high,46,190,52.333333333333336,1.4641469717025757,-1.4049258889697376
BH_s10_high,46,191,52.36666666666667,1.1529377698898315,-1.2254989810044226
BH_s10_high,46,192,52.4,0.818597137928009,-0.9141161206084564
BH_s10_high,46,193,52.43333333333333,0.498254656791687,-0.4944477325068089
BH_s10_high,46,194,52.46666666666667,0.27176496386528015,-0.011144212236520923
BH_s10_high,46,195,52.5,0.18817982077598572,0.47773942888264936
BH_s10_high,46,196,52.53333333333333,0.09619230031967163,0.9121935924031438
BH_s10_high,46,197,52.56666666666667,-0.0775151178240776,1.2420888160987853
BH_s10_high,46,198,52.6,-0.3329424262046814,1.435869764590007
BH_s10_high,46,199,52.63333333333333,-0.6217511892318726,1.4838396012839394
BH_s10_high,46,200,52.666666666666664,-0.8288400769233704,1.3958973214666952
BH_s10_high,46,201,52.7,-0.9542090892791748,1.1954363788790292
BH_s10_high,46,202,52.733333333333334,-1.080519437789917,0.911795575544378
BH_s10_high,46,203,52.766666666666666,-1.1213793754577637,0.5734829212982766
BH_s10_high,46,204,52.8,-1.204964518547058,0.2039766698991526
BH_s10_high,46,205,52.833333333333336,-1.2885496616363525,-0.1788009396516551
BH_s10_high,46,206,52.86666666666667,-1.1243091821670532,-0.5594583687750829
BH_s10_high,46,207,52.9,-0.4475243389606476,-0.920177058670772
BH_s10_high,46,208,52.93333333333333,0.5721266269683838,-1.2365874189655046
BH_s10_high,46,209,52.96666666666667,1.5084911584854126,-1.4772249007502432
BH_s10_high,46,210,53.0,1.847019076347351,-1.6077947679781392
BH_s10_high,46,211,53.03333333333333,1.775707483291626,-1.5991546754940194
BH_s10_high,46,212,53.06666666666667,1.5018031597137451,-1.4360444163264408
BH_s10_high,46,213,53.1,1.1889042854309082,-1.123255076806612
BH_s10_high,46,214,53.13333333333333,0.8118384480476379,-0.6872791815436526
BH_s10_high,46,215,53.166666666666664,0.5359108448028564,-0.17321843728095712
BH_s10_high,46,216,53.2,0.3555257022380829,0.3623057656320727
BH_s10_high,46,217,53.233333333333334,0.21725806593894958,0.8608304214662924
BH_s10_high,46,218,53.266666666666666,0.007362567353993654,1.271957753162926
BH_s10_high,46,219,53.3,-0.21898649632930756,1.5606848481773754
BH_s10_high,46,220,53.333333333333336,-0.5042403340339661,1.710291253796543
BH_s10_high,46,221,53.36666666666667,-0.7504995465278625,1.720812704546147
BH_s10_high,46,222,53.4,-0.9176698327064514,1.604831955947671
BH_s10_high,46,223,53.43333333333333,-1.041349172592163,1.382859262470866
BH_s10_high,46,224,53.46666666666667,-1.1249343156814575,1.0797715209322172
BH_s10_high,46,225,53.5,-1.1657942533493042,0.7225596647957404
BH_s10_high,46,226,53.53333333333333,-1.2493793964385986,0.3389841800420318
BH_s10_high,46,227,53.56666666666667,-1.1821494102478027,-0.043335447744890995
BH_s10_high,46,228,53.6,-0.6476504802703857,-0.3978069835439077
BH_s10_high,46,229,53.63333333333333,0.3619893491268158,-0.7001022339146713
BH_s10_high,46,230,53.666666666666664,1.3877278566360474,-0.930047351683958
BH_s10_high,46,231,53.7,1.9504371881484985,-1.0742144051806988
BH_s10_high,46,232,53.733333333333334,2.008927345275879,-1.1287373652156794
BH_s10_high,46,233,53.766666666666666,1.8329401016235352,-1.1011831114695372
BH_s10_high,46,234,53.8,1.5592113733291626,-1.009891715322387
BH_s10_high,46,235,53.833333333333336,1.2248708009719849,-0.879835369603753
BH_s10_high,46,236,53.86666666666667,0.8905302286148071,-0.7358457168909726
BH_s10_high,46,237,53.9,0.6162922382354736,-0.5957203172109865
BH_s10_high,46,238,53.93333333333333,0.42377424240112305,-0.4659458001765472
BH_s10_high,46,239,53.96666666666667,0.2429569810628891,-0.3417252856968867
BH_s10_high,47,0,47.0,-0.6373801231384277,-0.07437903256581917
BH_s10_high,47,1,47.03333333333333,0.27538153529167175,0.20161325190668072
BH_s10_high,47,2,47.06666666666667,1.1320440769195557,0.3853184522269901
BH_s10_high,47,3,47.1,1.5362906455993652,0.4115279390285256
BH_s10_high,47,4,47.13333333333333,1.5114319324493408,0.26306838601500987
BH_s10_high,47,5,47.166666666666664,1.3658586740493774,-0.026942889580700947
BH_s10_high,47,6,47.2,1.1151032447814941,-0.38866549493810226
BH_s10_high,47,7,47.233333333333334,0.8643477559089661,-0.736913582098599
BH_s10_high,47,8,47.266666666666666,0.613592267036438,-0.9919314777455682
BH_s10_high,47,9,47.3,0.45045772194862366,-1.0951542136135555
BH_s10_high,47,10,47.333333333333336,0.32601261138916016,-1.0188289007714344
BH_s10_high,47,11,47.36666666666667,0.1588423252105713,-0.7696183170563267
BH_s10_high,47,12,47.4,-0.05105317384004593,-0.3864687040560029
BH_s10_high,47,13,47.43333333333333,-0.3411085307598114,0.06714525324408212
BH_s10_high,47,14,47.46666666666667,-0.5562945604324341,0.5162202050344722
BH_s10_high,47,15,47.5,-0.7661900520324707,0.8903779403395402
BH_s10_high,47,16,47.53333333333333,-0.8906351327896118,1.1385123422829162
BH_s10_high,47,17,47.56666666666667,-0.9851065874099731,1.23718330567287
BH_s10_high,47,18,47.6,-1.0686917304992676,1.191768875126241
BH_s10_high,47,19,47.63333333333333,-1.1260337829589844,1.0323953086332196
BH_s10_high,47,20,47.666666666666664,-1.2358620166778564,0.8054689118062217
BH_s10_high,47,21,47.7,-1.1866713762283325,0.5604684400913671
BH_s10_high,47,22,47.733333333333334,-0.7265812158584595,0.3347398531988208
BH_s10_high,47,23,47.766666666666666,0.167481929063797,0.14286791336309926
BH_s10_high,47,24,47.8,1.179395079612732,-0.023499679956094307
BH_s10_high,47,25,47.833333333333336,1.7389843463897705,-0.18497863420644134
BH_s10_high,47,26,47.86666666666667,1.85154390335083,-0.35905015865444134
BH_s10_high,47,27,47.9,1.7139123678207397,-0.5485488726545863
BH_s10_high,47,28,47.93333333333333,1.494560956954956,-0.7389210696125504
BH_s10_high,47,29,47.96666666666667,1.193489670753479,-0.9030927619488268
BH_s10_high,47,30,48.0,0.901874303817749,-1.0095421665089683
BH_s10_high,47,31,48.03333333333333,0.6607043743133545,-1.0298526515327173
BH_s10_high,47,32,48.06666666666667,0.4935340881347656,-0.9447060097857524
BH_s10_high,47,33,48.1,0.28350895643234253,-0.7491259804130611
BH_s10_high,47,34,48.13333333333333,0.03275351971387863,-0.457115286732533
BH_s10_high,47,35,48.166666666666664,-0.21440105140209198,-0.10365063138342011
BH_s10_high,47,36,48.2,-0.46875736117362976,0.25924954103600084
BH_s10_high,47,37,48.233333333333334,-0.6841189861297607,0.5739690975831594
BH_s10_high,47,38,48.266666666666666,-0.817760705947876,0.7933584854377432
BH_s10_high,47,39,48.3,-0.9440710544586182,0.8945759436302004
BH_s10_high,47,40,48.333333333333336,-1.0276561975479126,0.8838451480967255
BH_s10_high,47,41,48.36666666666667,-1.111241340637207,0.7895625932661132
BH_s10_high,47,42,48.4,-1.1948264837265015,0.6473926793014587
BH_s10_high,47,43,48.43333333333333,-1.3211368322372437,0.4851785768136944
BH_s10_high,47,44,48.46666666666667,-1.3173227310180664,0.3149212440006546
BH_s10_high,47,45,48.5,-0.8563370704650879,0.13446183868109146
BH_s10_high,47,46,48.53333333333333,0.055805858224630356,-0.06402963519078103
BH_s10_high,47,47,48.56666666666667,1.1256715059280396,-0.2844726416144292
BH_s10_high,47,48,48.6,1.838784098625183,-0.5205126306729945
BH_s10_high,47,49,48.63333333333333,1.979894995689392,-0.7534942861158556
BH_s10_high,47,50,48.666666666666664,1.8740187883377075,-0.9540500497054613
BH_s10_high,47,51,48.7,1.6567082405090332,-1.0865675067404519
BH_s10_high,47,52,48.733333333333334,1.3650928735733032,-1.116314469494211
BH_s10_high,47,53,48.766666666666666,1.0307523012161255,-1.018634139644794
BH_s10_high,47,54,48.8,0.7465059757232666,-0.7880187194983943
BH_s10_high,47,55,48.833333333333336,0.6220608353614807,-0.44343055673235543
BH_s10_high,47,56,48.86666666666667,0.45489054918289185,-0.02671831796720841
BH_s10_high,47,57,48.9,0.24690628051757812,0.40614659646411133
BH_s10_high,47,58,48.93333333333333,-0.046574369072914124,0.7974907837879377
BH_s10_high,47,59,48.96666666666667,-0.3344132900238037,1.0991299018817853
BH_s10_high,47,60,49.0,-0.5555922389030457,1.2798952694418138
BH_s10_high,47,61,49.03333333333333,-0.7654877305030823,1.32967563323726
BH_s10_high,47,62,49.06666666666667,-0.8584451079368591,1.2597077131944432
BH_s10_high,47,63,49.1,-0.9847554564476013,1.097759929668197
BH_s10_high,47,64,49.13333333333333,-1.068340539932251,0.8783722408384697
BH_s10_high,47,65,49.166666666666664,-1.1519256830215454,0.6313413964316634
BH_s10_high,47,66,49.2,-1.2782360315322876,0.37329300183478265
BH_s10_high,47,67,49.233333333333334,-1.1006767749786377,0.10615493797919855
BH_s10_high,47,68,49.266666666666666,-0.39007291197776794,-0.17685515286516168
BH_s10_high,47,69,49.3,0.5662256479263306,-0.48060827442307447
BH_s10_high,47,70,49.333333333333336,1.4086968898773193,-0.7975909616500534
BH_s10_high,47,71,49.36666666666667,1.6938294172286987,-1.1021468432570636
BH_s10_high,47,72,49.4,1.6125985383987427,-1.3521277128135327
BH_s10_high,47,73,49.43333333333333,1.3508732318878174,-1.497935203483225
BH_s10_high,47,74,49.46666666666667,1.01653254032135,-1.4962937269303864
BH_s10_high,47,75,49.5,0.7249171733856201,-1.324345898587468
BH_s10_high,47,76,49.53333333333333,0.4867754280567169,-0.9893513581177982
BH_s10_high,47,77,49.56666666666667,0.36583927273750305,-0.5305429637727651
BH_s10_high,47,78,49.6,0.28061044216156006,-0.012163415092156259
BH_s10_high,47,79,49.63333333333333,0.07093647867441177,0.4905810318860006
BH_s10_high,47,80,49.666666666666664,-0.17981897294521332,0.9088049383111376
BH_s10_high,47,81,49.7,-0.512072741985321,1.1952850195922016
BH_s10_high,47,82,49.733333333333334,-0.7298723459243774,1.3325380326657408
BH_s10_high,47,83,49.766666666666666,-0.904725193977356,1.3307621148950046
BH_s10_high,47,84,49.8,-1.0310355424880981,1.217702769131807
BH_s10_high,47,85,49.833333333333336,-1.1146206855773926,1.0263796089361479
BH_s10_high,47,86,49.86666666666667,-1.1554806232452393,0.7862771351481775
BH_s10_high,47,87,49.9,-1.2817909717559814,0.5200634415845053
BH_s10_high,47,88,49.93333333333333,-1.2455017566680908,0.24424698056356678
BH_s10_high,47,89,49.96666666666667,-0.7831978797912598,-0.029213569131023607
BH_s10_high,47,90,50.0,0.14121580123901367,-0.2920115907349306
BH_s10_high,47,91,50.03333333333333,1.146102786064148,-0.5388184175373693
BH_s10_high,47,92,50.06666666666667,1.7058703899383545,-0.7655124907947009
BH_s10_high,47,93,50.1,1.7892247438430786,-0.9657991231150965
BH_s10_high,47,94,50.13333333333333,1.5648044347763062,-1.127249353063921
BH_s10_high,47,95,50.166666666666664,1.3013893365859985,-1.2290213162348869
BH_s10_high,47,96,50.2,0.967048704624176,-1.2436126270442756
BH_s10_high,47,97,50.233333333333334,0.6416372656822205,-1.1435425190180035
BH_s10_high,47,98,50.266666666666666,0.4406708776950836,-0.911406453233883
BH_s10_high,47,99,50.3,0.3162257969379425,-0.5498643051842359
BH_s10_high,47,100,50.333333333333336,0.14572212100028992,-0.0879325060047661
BH_s10_high,47,101,50.36666666666667,-0.06230812147259712,0.4192354415304499
BH_s10_high,47,102,50.4,-0.35539162158966064,0.8987790209998022
BH_s10_high,47,103,50.43333333333333,-0.6065441966056824,1.2760956031602937
BH_s10_high,47,104,50.46666666666667,-0.8572996258735657,1.4938205487749407
BH_s10_high,47,105,50.5,-0.9918652772903442,1.5266664458646897
BH_s10_high,47,106,50.53333333333333,-1.1181756258010864,1.386104506541262
BH_s10_high,47,107,50.56666666666667,-1.2017607688903809,1.1131583097830509
BH_s10_high,47,108,50.6,-1.2853459119796753,0.7625904193655877
BH_s10_high,47,109,50.63333333333333,-1.3689310550689697,0.38527076113503606
BH_s10_high,47,110,50.666666666666664,-1.3977041244506836,0.01602764428247791
BH_s10_high,47,111,50.7,-1.0498828887939453,-0.3286518167146516
BH_s10_high,47,112,50.733333333333334,-0.15832391381263733,-0.6438448007080271
BH_s10_high,47,113,50.766666666666666,0.9519585371017456,-0.9253866434814243
BH_s10_high,47,114,50.8,1.770774483680725,-1.161024684851779
BH_s10_high,47,115,50.833333333333336,1.992905855178833,-1.3274733849674822
BH_s10_high,47,116,50.86666666666667,1.8750263452529907,-1.3941859440760649
BH_s10_high,47,117,50.9,1.6364322900772095,-1.33219778482354
BH_s10_high,47,118,50.93333333333333,1.3020917177200317,-1.1252552580126345
BH_s10_high,47,119,50.96666666666667,0.9677510857582092,-0.7797670495830611
BH_s10_high,47,120,51.0,0.6421639919281006,-0.3294297478356054
BH_s10_high,47,121,51.03333333333333,0.4410220682621002,0.16879975722971324
BH_s10_high,47,122,51.06666666666667,0.27385175228118896,0.6472826844491003
BH_s10_high,47,123,51.1,0.06079848110675812,1.0443660126110161
BH_s10_high,47,124,51.13333333333333,-0.19124950468540192,1.318248547334521
BH_s10_high,47,125,51.166666666666664,-0.5255901217460632,1.4525639497124703
BH_s10_high,47,126,51.2,-0.7366310358047485,1.452943308616315
BH_s10_high,47,127,51.233333333333334,-0.9465265274047852,1.3383701125572465
BH_s10_high,47,128,51.266666666666666,-1.0709716081619263,1.132319624000946
BH_s10_high,47,129,51.3,-1.1607252359390259,0.85686089392674
BH_s10_high,47,130,51.333333333333336,-1.2114841938018799,0.5303618364394566
BH_s10_high,47,131,51.36666666666667,-1.285170316696167,0.16799947553996245
BH_s10_high,47,132,51.4,-1.3687554597854614,-0.21570210018739236
BH_s10_high,47,133,51.43333333333333,-1.397879719734192,-0.6030614192559257
BH_s10_high,47,134,51.46666666666667,-0.9404720067977905,-0.9699040108931508
BH_s10_high,47,135,51.5,-0.008755377493798733,-1.2850076830627593
BH_s10_high,47,136,51.53333333333333,1.1205767393112183,-1.5133437513704668
BH_s10_high,47,137,51.56666666666667,1.8583576679229736,-1.6221268796179813
BH_s10_high,47,138,51.6,1.975001573562622,-1.5877185663803308
BH_s10_high,47,139,51.63333333333333,1.773888111114502,-1.4016554148067288
BH_s10_high,47,140,51.666666666666664,1.5089589357376099,-1.0746643668494515
BH_s10_high,47,141,51.7,1.1746183633804321,-0.6376565253598818
BH_s10_high,47,142,51.733333333333334,0.8402777910232544,-0.13841773260512852
BH_s10_high,47,143,51.766666666666666,0.5658183097839355,0.366563401437367
BH_s10_high,47,144,51.8,0.40536072850227356,0.8232583260414852
BH_s10_high,47,145,51.833333333333336,0.2693554759025574,1.189985881806141
BH_s10_high,47,146,51.86666666666667,0.021582238376140594,1.4417687697116364
BH_s10_high,47,147,51.9,-0.23327235877513885,1.568136244373745
BH_s10_high,47,148,51.93333333333333,-0.5256360769271851,1.5679726992077034
BH_s10_high,47,149,51.96666666666667,-0.7763915061950684,1.4465026849135896
BH_s10_high,47,150,52.0,-0.9461753368377686,1.2158002323991624
BH_s10_high,47,151,52.03333333333333,-1.0342392921447754,0.8958966733711906
BH_s10_high,47,152,52.06666666666667,-1.0833085775375366,0.5135310250630906
BH_s10_high,47,153,52.1,-1.1586843729019165,0.09861868318887052
BH_s10_high,47,154,52.13333333333333,-1.242269515991211,-0.31920065052567476
BH_s10_high,47,155,52.166666666666664,-1.1674489974975586,-0.7118581694550259
BH_s10_high,47,156,52.2,-0.5834633708000183,-1.0521838767927092
BH_s10_high,47,157,52.233333333333334,0.35501188039779663,-1.3132966207311516
BH_s10_high,47,158,52.266666666666666,1.239546537399292,-1.4697423130964733
BH_s10_high,47,159,52.3,1.5871130228042603,-1.5006185869991993
BH_s10_high,47,160,52.333333333333336,1.4641469717025757,-1.3940574544393827
BH_s10_high,47,161,52.36666666666667,1.1529377698898315,-1.152015801447072
BH_s10_high,47,162,52.4,0.818597137928009,-0.7937210538361759
BH_s10_high,47,163,52.43333333333333,0.498254656791687,-0.35576277553583413
BH_s10_high,47,164,52.46666666666667,0.27176496386528015,0.11253434739559415
BH_s10_high,47,165,52.5,0.18817982077598572,0.5580222539426596
BH_s10_high,47,166,52.53333333333333,0.09619230031967163,0.9342247717086444
BH_s10_high,47,167,52.56666666666667,-0.0775151178240776,1.2094160471256887
BH_s10_high,47,168,52.6,-0.3329424262046814,1.3691217979133659
BH_s10_high,47,169,52.63333333333333,-0.6217511892318726,1.4127759347396731
BH_s10_high,47,170,52.666666666666664,-0.8288400769233704,1.3476212815106914
BH_s10_high,47,171,52.7,-0.9542090892791748,1.18399325214558
BH_s10_high,47,172,52.733333333333334,-1.080519437789917,0.9337808244886854
BH_s10_high,47,173,52.766666666666666,-1.1213793754577637,0.6109328685922734
BH_s10_high,47,174,52.8,-1.204964518547058,0.23232633868450286
BH_s10_high,47,175,52.833333333333336,-1.2885496616363525,-0.18152928635071633
BH_s10_high,47,176,52.86666666666667,-1.1243091821670532,-0.6056795598294926
BH_s10_high,47,177,52.9,-0.4475243389606476,-1.0097920659792057
BH_s10_high,47,178,52.93333333333333,0.5721266269683838,-1.357959249146118
BH_s10_high,47,179,52.96666666666667,1.5084911584854126,-1.6107091387948065
BH_s10_high,47,180,53.0,1.847019076347351,-1.7303005015042823
BH_s10_high,47,181,53.03333333333333,1.775707483291626,-1.6888143742651112
BH_s10_high,47,182,53.06666666666667,1.5018031597137451,-1.4765623967544208
BH_s10_high,47,183,53.1,1.1889042854309082,-1.107502630635546
BH_s10_high,47,184,53.13333333333333,0.8118384480476379,-0.6195323764362536
BH_s10_high,47,185,53.166666666666664,0.5359108448028564,-0.06949168309673992
BH_s10_high,47,186,53.2,0.3555257022380829,0.4760110284619065
BH_s10_high,47,187,53.233333333333334,0.21725806593894958,0.9521070721024569
BH_s10_high,47,188,53.266666666666666,0.007362567353993654,1.3069514145919405
BH_s10_high,47,189,53.3,-0.21898649632930756,1.5099890977575774
BH_s10_high,47,190,53.333333333333336,-0.5042403340339661,1.5552266150359892
BH_s10_high,47,191,53.36666666666667,-0.7504995465278625,1.4590879415004656
BH_s10_high,47,192,53.4,-0.9176698327064514,1.2539933704122
BH_s10_high,47,193,53.43333333333333,-1.041349172592163,0.9797808311654621
BH_s10_high,47,194,53.46666666666667,-1.1249343156814575,0.6752676561624964
BH_s10_high,47,195,53.5,-1.1657942533493042,0.37181922100910236
BH_s10_high,47,196,53.53333333333333,-1.2493793964385986,0.09008180087104138
BH_s10_high,47,197,53.56666666666667,-1.1821494102478027,-0.15975785412757573
BH_s10_high,47,198,53.6,-0.6476504802703857,-0.37467089719040114
BH_s10_high,47,199,53.63333333333333,0.3619893491268158,-0.5538698750925415
BH_s10_high,47,200,53.666666666666664,1.3877278566360474,-0.694485513102669
BH_s10_high,47,201,53.7,1.9504371881484985,-0.7898826321049573
BH_s10_high,47,202,53.733333333333334,2.008927345275879,-0.8312079874534776
BH_s10_high,47,203,53.766666666666666,1.8329401016235352,-0.8109433179735432
BH_s10_high,47,204,53.8,1.5592113733291626,-0.7263220931944627
BH_s10_high,47,205,53.833333333333336,1.2248708009719849,-0.5810086634645092
BH_s10_high,47,206,53.86666666666667,0.8905302286148071,-0.3849896403075794
BH_s10_high,47,207,53.9,0.6162922382354736,-0.15384460976440592
BH_s10_high,47,208,53.93333333333333,0.42377424240112305,0.09163563212355781
BH_s10_high,47,209,53.96666666666667,0.2429569810628891,0.32589241393999485
BH_s10_high,47,210,54.0,-0.007798467297106981,0.5207440903745235
BH_s10_high,47,211,54.03333333333333,-0.30127909779548645,0.6502290988363656
BH_s10_high,47,212,54.06666666666667,-0.5520345568656921,0.6965609449053926
BH_s10_high,47,213,54.1,-0.7538788318634033,0.6540686764302535
BH_s10_high,47,214,54.13333333333333,-0.8740032315254211,0.5295946318160335
BH_s10_high,47,215,54.166666666666664,-0.9551329612731934,0.3401885201035073
BH_s10_high,47,216,54.2,-0.9978581666946411,0.10931837122995829
BH_s10_high,47,217,54.233333333333334,-1.0393083095550537,-0.13772840457914112
BH_s10_high,47,218,54.266666666666666,-1.1228934526443481,-0.3781984786378574
BH_s10_high,47,219,54.3,-1.0933196544647217,-0.5942882773513867
BH_s10_high,47,220,54.333333333333336,-0.5469930768013,-0.7724977575407257
BH_s10_high,47,221,54.36666666666667,0.42668020725250244,-0.9006734923031332
BH_s10_high,47,222,54.4,1.4169154167175293,-0.9654590677038293
BH_s10_high,47,223,54.43333333333333,1.8700556755065918,-0.9529942843503161
BH_s10_high,47,224,54.46666666666667,1.8506686687469482,-0.8533067014694222
BH_s10_high,47,225,54.5,1.6569702625274658,-0.6660093506556308
BH_s10_high,47,226,54.53333333333333,1.3141638040542603,-0.4040348861868686
BH_s10_high,47,227,54.56666666666667,0.9389632940292358,-0.09327875288506204
BH_s10_high,47,228,54.6,0.5846951603889465,0.23194057139221497
BH_s10_high,47,229,54.63333333333333,0.37393918633461,0.5356082333645027
BH_s10_high,47,230,54.666666666666664,0.20676890015602112,0.7858085927983479
BH_s10_high,47,231,54.7,-0.003126600058749318,0.9578930775969956
BH_s10_high,47,232,54.733333333333334,-0.2264934629201889,1.0366959451319342
BH_s10_high,47,233,54.766666666666666,-0.5199741125106812,1.0201797314416277
BH_s10_high,47,234,54.8,-0.7280043363571167,0.9227709487542176
BH_s10_high,47,235,54.833333333333336,-0.8854337930679321,0.7734525420630333
BH_s10_high,47,236,54.86666666666667,-1.0038684606552124,0.6066835448322606
BH_s10_high,47,237,54.9,-1.0833085775375366,0.4499586451554198
BH_s10_high,47,238,54.93333333333333,-1.1305934190750122,0.31438701485877174
BH_s10_high,47,239,54.96666666666667,-1.2546240091323853,0.19297997998936176
BH_s10_high,48,0,48.0,0.901874303817749,0.09233802536980643
BH_s10_high,48,1,48.03333333333333,0.6607043743133545,0.39586402533551635
BH_s10_high,48,2,48.06666666666667,0.4935340881347656,0.6849401285404928
BH_s10_high,48,3,48.1,0.28350895643234253,0.9483442159509867
BH_s10_high,48,4,48.13333333333333,0.03275351971387863,1.1764915546425345
BH_s10_high,48,5,48.166666666666664,-0.21440105140209198,1.3583845767532194
BH_s10_high,48,6,48.2,-0.46875736117362976,1.4783568964789522
BH_s10_high,48,7,48.233333333333334,-0.6841189861297607,1.5173867730097
BH_s10_high,48,8,48.266666666666666,-0.817760705947876,1.4600556948967212
BH_s10_high,48,9,48.3,-0.9440710544586182,1.3029063536840861
BH_s10_high,48,10,48.333333333333336,-1.0276561975479126,1.0587702192393322
BH_s10_high,48,11,48.36666666666667,-1.111241340637207,0.7545355746936022
BH_s10_high,48,12,48.4,-1.1948264837265015,0.42366913406997625
BH_s10_high,48,13,48.43333333333333,-1.3211368322372437,0.09726869524214793
BH_s10_high,48,14,48.46666666666667,-1.3173227310180664,-0.20245241478892176
BH_s10_high,48,15,48.5,-0.8563370704650879,-0.4642106447906766
BH_s10_high,48,16,48.53333333333333,0.055805858224630356,-0.6856823858975764
BH_s10_high,48,17,48.56666666666667,1.1256715059280396,-0.8693714832057985
BH_s10_high,48,18,48.6,1.838784098625183,-1.017827241894439
BH_s10_high,48,19,48.63333333333333,1.979894995689392,-1.1290948757660537
BH_s10_high,48,20,48.666666666666664,1.8740187883377075,-1.1936678457692664
BH_s10_high,48,21,48.7,1.6567082405090332,-1.194682977499733
BH_s10_high,48,22,48.733333333333334,1.3650928735733032,-1.1123118852219906
BH_s10_high,48,23,48.766666666666666,1.0307523012161255,-0.9315565037135337
BH_s10_high,48,24,48.8,0.7465059757232666,-0.6509917986541844
BH_s10_high,48,25,48.833333333333336,0.6220608353614807,-0.2889998584608736
BH_s10_high,48,26,48.86666666666667,0.45489054918289185,0.11580131645224134
BH_s10_high,48,27,48.9,0.24690628051757812,0.5111846267898132
BH_s10_high,48,28,48.93333333333333,-0.046574369072914124,0.8427901037352359
BH_s10_high,48,29,48.96666666666667,-0.3344132900238037,1.0660752382462706
BH_s10_high,48,30,49.0,-0.5555922389030457,1.1552644926150848
BH_s10_high,48,31,49.03333333333333,-0.7654877305030823,1.1078655304990768
BH_s10_high,48,32,49.06666666666667,-0.8584451079368591,0.9441829524832238
BH_s10_high,48,33,49.1,-0.9847554564476013,0.7016183079638898
BH_s10_high,48,34,49.13333333333333,-1.068340539932251,0.4247916928383777
BH_s10_high,48,35,49.166666666666664,-1.1519256830215454,0.1541605558186568
BH_s10_high,48,36,49.2,-1.2782360315322876,-0.08337956084733623
BH_s10_high,48,37,49.233333333333334,-1.1006767749786377,-0.278894082925122
BH_s10_high,48,38,49.266666666666666,-0.39007291197776794,-0.4393455346987039
BH_s10_high,48,39,49.3,0.5662256479263306,-0.5797663498951777
BH_s10_high,48,40,49.333333333333336,1.4086968898773193,-0.712469874928756
BH_s10_high,48,41,49.36666666666667,1.6938294172286987,-0.8374290961040196
BH_s10_high,48,42,49.4,1.6125985383987427,-0.9378922578219819
BH_s10_high,48,43,49.43333333333333,1.3508732318878174,-0.9835262570954323
BH_s10_high,48,44,49.46666666666667,1.01653254032135,-0.940326887025898
BH_s10_high,48,45,49.5,0.7249171733856201,-0.7837030050336602
BH_s10_high,48,46,49.53333333333333,0.4867754280567169,-0.5099529041958796
BH_s10_high,48,47,49.56666666666667,0.36583927273750305,-0.14205032349892896
BH_s10_high,48,48,49.6,0.28061044216156006,0.27237538874916406
BH_s10_high,48,49,49.63333333333333,0.07093647867441177,0.6706758516939533
BH_s10_high,48,50,49.666666666666664,-0.17981897294521332,0.9901763518657031
BH_s10_high,48,51,49.7,-0.512072741985321,1.184201969737747
BH_s10_high,48,52,49.733333333333334,-0.7298723459243774,1.233260004219524
BH_s10_high,48,53,49.766666666666666,-0.904725193977356,1.146795147956046
BH_s10_high,48,54,49.8,-1.0310355424880981,0.9557973756822881
BH_s10_high,48,55,49.833333333333336,-1.1146206855773926,0.7011541430806911
BH_s10_high,48,56,49.86666666666667,-1.1554806232452393,0.4231772564350255
BH_s10_high,48,57,49.9,-1.2817909717559814,0.15495098702741508
BH_s10_high,48,58,49.93333333333333,-1.2455017566680908,-0.08091897491013186
BH_s10_high,48,59,49.96666666666667,-0.7831978797912598,-0.27372535401262565
BH_s10_high,48,60,50.0,0.14121580123901367,-0.42475565616975325
BH_s10_high,48,61,50.03333333333333,1.146102786064148,-0.5451692414926879
BH_s10_high,48,62,50.06666666666667,1.7058703899383545,-0.650849858712111
BH_s10_high,48,63,50.1,1.7892247438430786,-0.7546737101581807
BH_s10_high,48,64,50.13333333333333,1.5648044347763062,-0.857969674485502
BH_s10_high,48,65,50.166666666666664,1.3013893365859985,-0.9443018434863519
BH_s10_high,48,66,50.2,0.967048704624176,-0.9796404215480347
BH_s10_high,48,67,50.233333333333334,0.6416372656822205,-0.9215595852210775
BH_s10_high,48,68,50.266666666666666,0.4406708776950836,-0.7356530813674337
BH_s10_high,48,69,50.3,0.3162257969379425,-0.41290026924692247
BH_s10_high,48,70,50.333333333333336,0.14572212100028992,0.019436264827916418
BH_s10_high,48,71,50.36666666666667,-0.06230812147259712,0.49855439607492763
BH_s10_high,48,72,50.4,-0.35539162158966064,0.9396213721583437
BH_s10_high,48,73,50.43333333333333,-0.6065441966056824,1.2585520946071442
BH_s10_high,48,74,50.46666666666667,-0.8572996258735657,1.3965982293213406
BH_s10_high,48,75,50.5,-0.9918652772903442,1.337631064483143
BH_s10_high,48,76,50.53333333333333,-1.1181756258010864,1.1109475704734721
BH_s10_high,48,77,50.56666666666667,-1.2017607688903809,0.7780788659027938
BH_s10_high,48,78,50.6,-1.2853459119796753,0.4094230260103133
BH_s10_high,48,79,50.63333333333333,-1.3689310550689697,0.0612370805836668
BH_s10_high,48,80,50.666666666666664,-1.3977041244506836,-0.23753347565303137
BH_s10_high,48,81,50.7,-1.0498828887939453,-0.4847246776525321
BH_s10_high,48,82,50.733333333333334,-0.15832391381263733,-0.6934172802275337
BH_s10_high,48,83,50.766666666666666,0.9519585371017456,-0.876264391010249
BH_s10_high,48,84,50.8,1.770774483680725,-1.032840167389598
BH_s10_high,48,85,50.833333333333336,1.992905855178833,-1.1446620518231232
BH_s10_high,48,86,50.86666666666667,1.8750263452529907,-1.179255760100659
BH_s10_high,48,87,50.9,1.6364322900772095,-1.1016195202783774
BH_s10_high,48,88,50.93333333333333,1.3020917177200317,-0.8890826288810786
BH_s10_high,48,89,50.96666666666667,0.9677510857582092,-0.5441802468082461
BH_s10_high,48,90,51.0,0.6421639919281006,-0.10026474800975776
BH_s10_high,48,91,51.03333333333333,0.4410220682621002,0.38323543941794297
BH_s10_high,48,92,51.06666666666667,0.27385175228118896,0.8349159810452614
BH_s10_high,48,93,51.1,0.06079848110675812,1.189672928014727
BH_s10_high,48,94,51.13333333333333,-0.19124950468540192,1.4039770806800589
BH_s10_high,48,95,51.166666666666664,-0.5255901217460632,1.4626465575277596
BH_s10_high,48,96,51.2,-0.7366310358047485,1.3762959943645119
BH_s10_high,48,97,51.233333333333334,-0.9465265274047852,1.1728895819410188
BH_s10_high,48,98,51.266666666666666,-1.0709716081619263,0.8878088568847716
BH_s10_high,48,99,51.3,-1.1607252359390259,0.555397367147593
BH_s10_high,48,100,51.333333333333336,-1.2114841938018799,0.20333729105975828
BH_s10_high,48,101,51.36666666666667,-1.285170316696167,-0.14955596054698733
BH_s10_high,48,102,51.4,-1.3687554597854614,-0.4917867449973614
BH_s10_high,48,103,51.43333333333333,-1.397879719734192,-0.8143361308163898
BH_s10_high,48,104,51.46666666666667,-0.9404720067977905,-1.1046527146083525
BH_s10_high,48,105,51.5,-0.008755377493798733,-1.342665615667055
BH_s10_high,48,106,51.53333333333333,1.1205767393112183,-1.5010990088870448
BH_s10_high,48,107,51.56666666666667,1.8583576679229736,-1.5502686033628266
BH_s10_high,48,108,51.6,1.975001573562622,-1.465776252806329
BH_s10_high,48,109,51.63333333333333,1.773888111114502,-1.2367162866068526
BH_s10_high,48,110,51.666666666666664,1.5089589357376099,-0.872022767028702
BH_s10_high,48,111,51.7,1.1746183633804321,-0.40293576057010405
BH_s10_high,48,112,51.733333333333334,0.8402777910232544,0.11992643029345425
BH_s10_high,48,113,51.766666666666666,0.5658183097839355,0.6351533132619354
BH_s10_high,48,114,51.8,0.40536072850227356,1.0828110279397205
BH_s10_high,48,115,51.833333333333336,0.2693554759025574,1.416256842238798
BH_s10_high,48,116,51.86666666666667,0.021582238376140594,1.6089574879112838
BH_s10_high,48,117,51.9,-0.23327235877513885,1.6543575113460736
BH_s10_high,48,118,51.93333333333333,-0.5256360769271851,1.561314925995403
BH_s10_high,48,119,51.96666666666667,-0.7763915061950684,1.349530245117957
BH_s10_high,48,120,52.0,-0.9461753368377686,1.0464279546101125
BH_s10_high,48,121,52.03333333333333,-1.0342392921447754,0.6835369668439183
BH_s10_high,48,122,52.06666666666667,-1.0833085775375366,0.2911917930348309
BH_s10_high,48,123,52.1,-1.1586843729019165,-0.10642016003599947
BH_s10_high,48,124,52.13333333333333,-1.242269515991211,-0.4924032883499543
BH_s10_high,48,125,52.166666666666664,-1.1674489974975586,-0.852997938850852
BH_s10_high,48,126,52.2,-0.5834633708000183,-1.1706626562300495
BH_s10_high,48,127,52.233333333333334,0.35501188039779663,-1.4194882167823195
BH_s10_high,48,128,52.266666666666666,1.239546537399292,-1.566682053271625
BH_s10_high,48,129,52.3,1.5871130228042603,-1.5801427214804211
BH_s10_high,48,130,52.333333333333336,1.4641469717025757,-1.4390344878591683
BH_s10_high,48,131,52.36666666666667,1.1529377698898315,-1.1431225772821727
BH_s10_high,48,132,52.4,0.818597137928009,-0.7173349784772286
BH_s10_high,48,133,52.43333333333333,0.498254656791687,-0.20973748323743632
BH_s10_high,48,134,52.46666666666667,0.27176496386528015,0.3169591832026546
BH_s10_high,48,135,52.5,0.18817982077598572,0.7982369544008541
BH_s10_high,48,136,52.53333333333333,0.09619230031967163,1.1809939785083141
BH_s10_high,48,137,52.56666666666667,-0.0775151178240776,1.4325897954595364
BH_s10_high,48,138,52.6,-0.3329424262046814,1.542669014341741
BH_s10_high,48,139,52.63333333333333,-0.6217511892318726,1.5180562744866173
BH_s10_high,48,140,52.666666666666664,-0.8288400769233704,1.3745177198676237
BH_s10_high,48,141,52.7,-0.9542090892791748,1.130247670978023
BH_s10_high,48,142,52.733333333333334,-1.080519437789917,0.8035234745268949
BH_s10_high,48,143,52.766666666666666,-1.1213793754577637,0.41356296816148397
BH_s10_high,48,144,52.8,-1.204964518547058,-0.017800088001895517
BH_s10_high,48,145,52.833333333333336,-1.2885496616363525,-0.46513795009518116
BH_s10_high,48,146,52.86666666666667,-1.1243091821670532,-0.8990619752163613
BH_s10_high,48,147,52.9,-0.4475243389606476,-1.285892220162689
BH_s10_high,48,148,52.93333333333333,0.5721266269683838,-1.5879908864376215
BH_s10_high,48,149,52.96666666666667,1.5084911584854126,-1.7665878321587392
BH_s10_high,48,150,53.0,1.847019076347351,-1.788289507738534
BH_s10_high,48,151,53.03333333333333,1.775707483291626,-1.6342088369865144
BH_s10_high,48,152,53.06666666666667,1.5018031597137451,-1.3083589675996137
BH_s10_high,48,153,53.1,1.1889042854309082,-0.841300086323098
BH_s10_high,48,154,53.13333333333333,0.8118384480476379,-0.2867127478885792
BH_s10_high,48,155,53.166666666666664,0.5359108448028564,0.288447699637587
BH_s10_high,48,156,53.2,0.3555257022380829,0.8170170508372482
BH_s10_high,48,157,53.233333333333334,0.21725806593894958,1.243761757596699
BH_s10_high,48,158,53.266666666666666,0.007362567353993654,1.53329257840311
BH_s10_high,48,159,53.3,-0.21898649632930756,1.6722812105131617
BH_s10_high,48,160,53.333333333333336,-0.5042403340339661,1.6663616640407
BH_s10_high,48,161,53.36666666666667,-0.7504995465278625,1.5337069143251845
BH_s10_high,48,162,53.4,-0.9176698327064514,1.2983477728115689
BH_s10_high,48,163,53.43333333333333,-1.041349172592163,0.9858662099705661
BH_s10_high,48,164,53.46666666666667,-1.1249343156814575,0.621973598889028
BH_s10_high,48,165,53.5,-1.1657942533493042,0.2325401568441126
BH_s10_high,48,166,53.53333333333333,-1.2493793964385986,-0.15644714191199055
BH_s10_high,48,167,53.56666666666667,-1.1821494102478027,-0.519407384899609
BH_s10_high,48,168,53.6,-0.6476504802703857,-0.8318015202437374
BH_s10_high,48,169,53.63333333333333,0.3619893491268158,-1.0707145644973575
BH_s10_high,48,170,53.666666666666664,1.3877278566360474,-1.2160083647205944
BH_s10_high,48,171,53.7,1.9504371881484985,-1.2529410411697635
BH_s10_high,48,172,53.733333333333334,2.008927345275879,-1.1761676075244343
BH_s10_high,48,173,53.766666666666666,1.8329401016235352,-0.9933904229426391
BH_s10_high,48,174,53.8,1.5592113733291626,-0.7260200571093254
BH_s10_high,48,175,53.833333333333336,1.2248708009719849,-0.4053764229663005
BH_s10_high,48,176,53.86666666666667,0.8905302286148071,-0.06597039495843492
BH_s10_high,48,177,53.9,0.6162922382354736,0.26045865798519013
BH_s10_high,48,178,53.93333333333333,0.42377424240112305,0.5474579833008069
BH_s10_high,48,179,53.96666666666667,0.2429569810628891,0.7733131059689698
BH_s10_high,48,180,54.0,-0.007798467297106981,0.920243899511669
BH_s10_high,48,181,54.03333333333333,-0.30127909779548645,0.9757052775347863
BH_s10_high,48,182,54.06666666666667,-0.5520345568656921,0.9350762938634688
BH_s10_high,48,183,54.1,-0.7538788318634033,0.8029644334814333
BH_s10_high,48,184,54.13333333333333,-0.8740032315254211,0.5919026715360303
BH_s10_high,48,185,54.166666666666664,-0.9551329612731934,0.3198920504243182
BH_s10_high,48,186,54.2,-0.9978581666946411,0.008679353337338599
BH_s10_high,48,187,54.233333333333334,-1.0393083095550537,-0.3168468571494099
BH_s10_high,48,188,54.266666666666666,-1.1228934526443481,-0.6291436752100122
BH_s10_high,48,189,54.3,-1.0933196544647217,-0.8994347557385989
BH_s10_high,48,190,54.333333333333336,-0.5469930768013,-1.1000192340261146
BH_s10_high,48,191,54.36666666666667,0.42668020725250244,-1.2067417086607093
BH_s10_high,48,192,54.4,1.4169154167175293,-1.2015800705818738
BH_s10_high,48,193,54.43333333333333,1.8700556755065918,-1.0760092816540052
BH_s10_high,48,194,54.46666666666667,1.8506686687469482,-0.835012175938904
BH_s10_high,48,195,54.5,1.6569702625274658,-0.4998902927397773
BH_s10_high,48,196,54.53333333333333,1.3141638040542603,-0.10710011490912917
BH_s10_high,48,197,54.56666666666667,0.9389632940292358,0.2983332130712901
BH_s10_high,48,198,54.6,0.5846951603889465,0.6728866714528873
BH_s10_high,48,199,54.63333333333333,0.37393918633461,0.9833321516408686
BH_s10_high,48,200,54.666666666666664,0.20676890015602112,1.2098815172473205
BH_s10_high,48,201,54.7,-0.003126600058749318,1.343138102503575
BH_s10_high,48,202,54.733333333333334,-0.2264934629201889,1.3789925573326276
BH_s10_high,48,203,54.766666666666666,-0.5199741125106812,1.3165469728443135
BH_s10_high,48,204,54.8,-0.7280043363571167,1.159802617459885
BH_s10_high,48,205,54.833333333333336,-0.8854337930679321,0.9195452940588009
BH_s10_high,48,206,54.86666666666667,-1.0038684606552124,0.6126444305313535
BH_s10_high,48,207,54.9,-1.0833085775375366,0.25953397901362896
BH_s10_high,48,208,54.93333333333333,-1.1305934190750122,-0.1176721830999972
BH_s10_high,48,209,54.96666666666667,-1.2546240091323853,-0.4951609381847178
BH_s10_high,48,210,55.0,-1.2969346046447754,-0.8465231085769159
BH_s10_high,48,211,55.03333333333333,-0.8501686453819275,-1.1429377166852193
BH_s10_high,48,212,55.06666666666667,-0.02944597788155079,-1.3550841296524778
BH_s10_high,48,213,55.1,0.9327158331871033,-1.4562039003043534
BH_s10_high,48,214,55.13333333333333,1.4445568323135376,-1.4263917590028061
BH_s10_high,48,215,55.166666666666664,1.4590320587158203,-1.258527415400444
BH_s10_high,48,216,55.2,1.261778712272644,-0.9642563698597124
BH_s10_high,48,217,55.233333333333334,0.9400802850723267,-0.576405964374983
BH_s10_high,48,218,55.266666666666666,0.6057396531105042,-0.14504273913885288
BH_s10_high,48,219,55.3,0.33861157298088074,0.2726360863663462
BH_s10_high,48,220,55.333333333333336,0.17582540214061737,0.6254528667944288
BH_s10_high,48,221,55.36666666666667,0.09224025160074234,0.8796385337689832
BH_s10_high,48,222,55.4,-0.05296163633465767,1.0238575804216483
BH_s10_high,48,223,55.43333333333333,-0.2969096899032593,1.066013808460524
BH_s10_high,48,224,55.46666666666667,-0.5733640789985657,1.0244276808045567
BH_s10_high,48,225,55.5,-0.824119508266449,0.9187151552159426
BH_s10_high,48,226,55.53333333333333,-1.0092886686325073,0.7644008867317315
BH_s10_high,48,227,55.56666666666667,-1.1355990171432495,0.5719632564784257
BH_s10_high,48,228,55.6,-1.2114841938018799,0.3487969488813277
BH_s10_high,48,229,55.63333333333333,-1.2600440979003906,0.10226732056530322
BH_s10_high,48,230,55.666666666666664,-1.343629240989685,-0.15729275729363779
BH_s10_high,48,231,55.7,-1.333346962928772,-0.4143395241304217
BH_s10_high,48,232,55.733333333333334,-0.9100175499916077,-0.6475562962215745
BH_s10_high,48,233,55.766666666666666,0.008031887002289295,-0.8318632376421136
BH_s10_high,48,234,55.8,1.053778886795044,-0.9428025831580295
BH_s10_high,48,235,55.833333333333336,1.709770917892456,-0.9618921219442542
BH_s10_high,48,236,55.86666666666667,1.822005033493042,-0.8813093451331634
BH_s10_high,48,237,55.9,1.7120039463043213,-0.7066922795254555
BH_s10_high,48,238,55.93333333333333,1.4385629892349243,-0.4572699782796335
BH_s10_high,48,239,55.96666666666667,1.1042224168777466,-0.16319359917168258
BH_s10_high,49,0,49.0,-0.5555922389030457,-0.13734552580461107
BH_s10_high,49,1,49.03333333333333,-0.7654877305030823,0.3970309155020161
BH_s10_high,49,2,49.06666666666667,-0.8584451079368591,0.8067492028276358
BH_s10_high,49,3,49.1,-0.9847554564476013,1.0036478967748987
BH_s10_high,49,4,49.13333333333333,-1.068340539932251,0.9632983710744754
BH_s10_high,49,5,49.166666666666664,-1.1519256830215454,0.7246253874514783
BH_s10_high,49,6,49.2,-1.2782360315322876,0.3665125343791757
BH_s10_high,49,7,49.233333333333334,-1.1006767749786377,-0.025037051086147177
BH_s10_high,49,8,49.266666666666666,-0.39007291197776794,-0.38321935538675383
BH_s10_high,49,9,49.3,0.5662256479263306,-0.6710648480860455
BH_s10_high,49,10,49.333333333333336,1.4086968898773193,-0.8770421053816695
BH_s10_high,49,11,49.36666666666667,1.6938294172286987,-1.0029338813747246
BH_s10_high,49,12,49.4,1.6125985383987427,-1.0519358425970387
BH_s10_high,49,13,49.43333333333333,1.3508732318878174,-1.0219275423812808
BH_s10_high,49,14,49.46666666666667,1.01653254032135,-0.9057506861387981
BH_s10_high,49,15,49.5,0.7249171733856201,-0.6975641906016428
BH_s10_high,49,16,49.53333333333333,0.4867754280567169,-0.4015842507888337
BH_s10_high,49,17,49.56666666666667,0.36583927273750305,-0.03827143887919009
BH_s10_high,49,18,49.6,0.28061044216156006,0.35546873333330614
BH_s10_high,49,19,49.63333333333333,0.07093647867441177,0.7324477603664746
BH_s10_high,49,20,49.666666666666664,-0.17981897294521332,1.0454024848248524
BH_s10_high,49,21,49.7,-0.512072741985321,1.257328470296534
BH_s10_high,49,22,49.733333333333334,-0.7298723459243774,1.347869755526995
BH_s10_high,49,23,49.766666666666666,-0.904725193977356,1.3139371157109014
BH_s10_high,49,24,49.8,-1.0310355424880981,1.1666159407597028
BH_s10_high,49,25,49.833333333333336,-1.1146206855773926,0.9279426081737567
BH_s10_high,49,26,49.86666666666667,-1.1554806232452393,0.6282520845003642
BH_s10_high,49,27,49.9,-1.2817909717559814,0.3019740283487306
BH_s10_high,49,28,49.93333333333333,-1.2455017566680908,-0.018803705616724953
BH_s10_high,49,29,49.96666666666667,-0.7831978797912598,-0.3105642409552987
BH_s10_high,49,30,50.0,0.14121580123901367,-0.5613372146784161
BH_s10_high,49,31,50.03333333333333,1.146102786064148,-0.7692081958034049
BH_s10_high,49,32,50.06666666666667,1.7058703899383545,-0.9372769110758915
BH_s10_high,49,33,50.1,1.7892247438430786,-1.0672098757429545
BH_s10_high,49,34,50.13333333333333,1.5648044347763062,-1.1537345993711403
BH_s10_high,49,35,50.166666666666664,1.3013893365859985,-1.1821577698683816
BH_s10_high,49,36,50.2,0.967048704624176,-1.1305714631693655
BH_s10_high,49,37,50.233333333333334,0.6416372656822205,-0.977149083583817
BH_s10_high,49,38,50.266666666666666,0.4406708776950836,-0.7105635263397991
BH_s10_high,49,39,50.3,0.3162257969379425,-0.3395468371129511
BH_s10_high,49,40,50.333333333333336,0.14572212100028992,0.10251273640290474
BH_s10_high,49,41,50.36666666666667,-0.06230812147259712,0.5604084601898274
BH_s10_high,49,42,50.4,-0.35539162158966064,0.9674405964804695
BH_s10_high,49,43,50.43333333333333,-0.6065441966056824,1.260801568551427
BH_s10_high,49,44,50.46666666666667,-0.8572996258735657,1.397592068592249
BH_s10_high,49,45,50.5,-0.9918652772903442,1.366040963251904
BH_s10_high,49,46,50.53333333333333,-1.1181756258010864,1.1872117130632476
BH_s10_high,49,47,50.56666666666667,-1.2017607688903809,0.9057674126591683
BH_s10_high,49,48,50.6,-1.2853459119796753,0.5735523156166882
BH_s10_high,49,49,50.63333333333333,-1.3689310550689697,0.23340795900172254
BH_s10_high,49,50,50.666666666666664,-1.3977041244506836,-0.09002076614008313
BH_s10_high,49,51,50.7,-1.0498828887939453,-0.38968602306395245
BH_s10_high,49,52,50.733333333333334,-0.15832391381263733,-0.6674179837089387
BH_s10_high,49,53,50.766666666666666,0.9519585371017456,-0.9219193594254664
BH_s10_high,49,54,50.8,1.770774483680725,-1.1392996814021419
BH_s10_high,49,55,50.833333333333336,1.992905855178833,-1.2906458504633664
BH_s10_high,49,56,50.86666666666667,1.8750263452529907,-1.3380803278825493
BH_s10_high,49,57,50.9,1.6364322900772095,-1.2473043835749298
BH_s10_high,49,58,50.93333333333333,1.3020917177200317,-1.0020515241773076
BH_s10_high,49,59,50.96666666666667,0.9677510857582092,-0.6148012298585446
BH_s10_high,49,60,51.0,0.6421639919281006,-0.1288767374548108
BH_s10_high,49,61,51.03333333333333,0.4410220682621002,0.3898661509654592
BH_s10_high,49,62,51.06666666666667,0.27385175228118896,0.8688601460566971
BH_s10_high,49,63,51.1,0.06079848110675812,1.2457365536533949
BH_s10_high,49,64,51.13333333333333,-0.19124950468540192,1.4799982854166795
BH_s10_high,49,65,51.166666666666664,-0.5255901217460632,1.5565844747479871
BH_s10_high,49,66,51.2,-0.7366310358047485,1.482860510387268
BH_s10_high,49,67,51.233333333333334,-0.9465265274047852,1.2826741898088494
BH_s10_high,49,68,51.266666666666666,-1.0709716081619263,0.9897354468227221
BH_s10_high,49,69,51.3,-1.1607252359390259,0.640616005496594
BH_s10_high,49,70,51.333333333333336,-1.2114841938018799,0.2679758612343015
BH_s10_high,49,71,51.36666666666667,-1.285170316696167,-0.10407090848273673
BH_s10_high,49,72,51.4,-1.3687554597854614,-0.4606491169755271
BH_s10_high,49,73,51.43333333333333,-1.397879719734192,-0.7926502697066332
BH_s10_high,49,74,51.46666666666667,-0.9404720067977905,-1.0907078049570822
BH_s10_high,49,75,51.5,-0.008755377493798733,-1.3394669989492562
BH_s10_high,49,76,51.53333333333333,1.1205767393112183,-1.5151380494388331
BH_s10_high,49,77,51.56666666666667,1.8583576679229736,-1.5881413342817785
BH_s10_high,49,78,51.6,1.975001573562622,-1.5305226002410752
BH_s10_high,49,79,51.63333333333333,1.773888111114502,-1.3258647057035384
BH_s10_high,49,80,51.666666666666664,1.5089589357376099,-0.978474760347094
BH_s10_high,49,81,51.7,1.1746183633804321,-0.5182672309327185
BH_s10_high,49,82,51.733333333333334,0.8402777910232544,0.002021358302090853
BH_s10_high,49,83,51.766666666666666,0.5658183097839355,0.5181333826952246
BH_s10_high,49,84,51.8,0.40536072850227356,0.9699720969220454
BH_s10_high,49,85,51.833333333333336,0.2693554759025574,1.3142199565945325
BH_s10_high,49,86,51.86666666666667,0.021582238376140594,1.5284722736621503
BH_s10_high,49,87,51.9,-0.23327235877513885,1.6072945039910973
BH_s10_high,49,88,51.93333333333333,-0.5256360769271851,1.555696470930561
BH_s10_high,49,89,51.96666666666667,-0.7763915061950684,1.385637235859087
BH_s10_high,49,90,52.0,-0.9461753368377686,1.1160939895704076
BH_s10_high,49,91,52.03333333333333,-1.0342392921447754,0.772773019007577
BH_s10_high,49,92,52.06666666666667,-1.0833085775375366,0.38468070387862835
BH_s10_high,49,93,52.1,-1.1586843729019165,-0.02090312062884377
BH_s10_high,49,94,52.13333333333333,-1.242269515991211,-0.4211301443380101
BH_s10_high,49,95,52.166666666666664,-1.1674489974975586,-0.7957084954861748
BH_s10_high,49,96,52.2,-0.5834633708000183,-1.1223953575944834
BH_s10_high,49,97,52.233333333333334,0.35501188039779663,-1.374404735129
BH_s10_high,49,98,52.266666666666666,1.239546537399292,-1.5225901416614367
BH_s10_high,49,99,52.3,1.5871130228042603,-1.5416013561432464
BH_s10_high,49,100,52.333333333333336,1.4641469717025757,-1.417142347109587
BH_s10_high,49,101,52.36666666666667,1.1529377698898315,-1.15158918467718
BH_s10_high,49,102,52.4,0.818597137928009,-0.7663647755487599
BH_s10_high,49,103,52.43333333333333,0.498254656791687,-0.3004550602679314
BH_s10_high,49,104,52.46666666666667,0.27176496386528015,0.19504355915856242
BH_s10_high,49,105,52.5,0.18817982077598572,0.6655881746924782
BH_s10_high,49,106,52.53333333333333,0.09619230031967163,1.0626870937340425
BH_s10_high,49,107,52.56666666666667,-0.0775151178240776,1.350974406416226
BH_s10_high,49,108,52.6,-0.3329424262046814,1.5108135539862828
BH_s10_high,49,109,52.63333333333333,-0.6217511892318726,1.5368396890078406
BH_s10_high,49,110,52.666666666666664,-0.8288400769233704,1.4347096889084119
BH_s10_high,49,111,52.7,-0.9542090892791748,1.2183091978703195
BH_s10_high,49,112,52.733333333333334,-1.080519437789917,0.9079479053666393
BH_s10_high,49,113,52.766666666666666,-1.1213793754577637,0.5286191592949727
BH_s10_high,49,114,52.8,-1.204964518547058,0.10776646820187846
BH_s10_high,49,115,52.833333333333336,-1.2885496616363525,-0.32665286268071414
BH_s10_high,49,116,52.86666666666667,-1.1243091821670532,-0.7464707916675762
BH_s10_high,49,117,52.9,-0.4475243389606476,-1.121770610050173
BH_s10_high,49,118,52.93333333333333,0.5721266269683838,-1.4194570802754347
BH_s10_high,49,119,52.96666666666667,1.5084911584854126,-1.6049213344405249
BH_s10_high,49,120,53.0,1.847019076347351,-1.64819328790088
BH_s10_high,49,121,53.03333333333333,1.775707483291626,-1.5327942404321444
BH_s10_high,49,122,53.06666666666667,1.5018031597137451,-1.2631086567328906
BH_s10_high,49,123,53.1,1.1889042854309082,-0.8664206910976723
BH_s10_high,49,124,53.13333333333333,0.8118384480476379,-0.38877750523540894
BH_s10_high,49,125,53.166666666666664,0.5359108448028564,0.11323121900372496
BH_s10_high,49,126,53.2,0.3555257022380829,0.5821561371335437
BH_s10_high,49,127,53.233333333333334,0.21725806593894958,0.9689323872255163
BH_s10_high,49,128,53.266666666666666,0.007362567353993654,1.2399391912455544
BH_s10_high,49,129,53.3,-0.21898649632930756,1.3802167317872318
BH_s10_high,49,130,53.333333333333336,-0.5042403340339661,1.392262287113003
BH_s10_high,49,131,53.36666666666667,-0.7504995465278625,1.2914691838583852
BH_s10_high,49,132,53.4,-0.9176698327064514,1.1003716827846004
BH_s10_high,49,133,53.43333333333333,-1.041349172592163,0.843754512250133
BH_s10_high,49,134,53.46666666666667,-1.1249343156814575,0.5455515470270816
BH_s10_high,49,135,53.5,-1.1657942533493042,0.22738984392871583
BH_s10_high,49,136,53.53333333333333,-1.2493793964385986,-0.09155368355646964
BH_s10_high,49,137,53.56666666666667,-1.1821494102478027,-0.3935498339720004
BH_s10_high,49,138,53.6,-0.6476504802703857,-0.6606226875642377
BH_s10_high,49,139,53.63333333333333,0.3619893491268158,-0.873278967071506
BH_s10_high,49,140,53.666666666666664,1.3877278566360474,-1.0111446835504723
BH_s10_high,49,141,53.7,1.9504371881484985,-1.056374456362955
BH_s10_high,49,142,53.733333333333334,2.008927345275879,-0.9990450603456891
BH_s10_high,49,143,53.766666666666666,1.8329401016235352,-0.8420782056734729
BH_s10_high,49,144,53.8,1.5592113733291626,-0.6028449376805927
BH_s10_high,49,145,53.833333333333336,1.2248708009719849,-0.31008369132033897
BH_s10_high,49,146,53.86666666666667,0.8905302286148071,0.0025382463799112397
BH_s10_high,49,147,53.9,0.6162922382354736,0.30298741476505797
BH_s10_high,49,148,53.93333333333333,0.42377424240112305,0.5647693373391357
BH_s10_high,49,149,53.96666666666667,0.2429569810628891,0.767641652224138
BH_s10_high,49,150,54.0,-0.007798467297106981,0.8967988167266622
BH_s10_high,49,151,54.03333333333333,-0.30127909779548645,0.9425189642014546
BH_s10_high,49,152,54.06666666666667,-0.5520345568656921,0.9005769823460407
BH_s10_high,49,153,54.1,-0.7538788318634033,0.7725304672834122
BH_s10_high,49,154,54.13333333333333,-0.8740032315254211,0.5659291379752307
BH_s10_high,49,155,54.166666666666664,-0.9551329612731934,0.29529162420558713
BH_s10_high,49,156,54.2,-0.9978581666946411,-0.016750619203807625
BH_s10_high,49,157,54.233333333333334,-1.0393083095550537,-0.3402498567298784
BH_s10_high,49,158,54.266666666666666,-1.1228934526443481,-0.6417808108598753
BH_s10_high,49,159,54.3,-1.0933196544647217,-0.8899942358034092
BH_s10_high,49,160,54.333333333333336,-0.5469930768013,-1.0602396936557714
BH_s10_high,49,161,54.36666666666667,0.42668020725250244,-1.1365456408414634
BH_s10_high,49,162,54.4,1.4169154167175293,-1.1116241500593622
BH_s10_high,49,163,54.43333333333333,1.8700556755065918,-0.9868707819551547
BH_s10_high,49,164,54.46666666666667,1.8506686687469482,-0.7730617925997592
BH_s10_high,49,165,54.5,1.6569702625274658,-0.49045152691041927
BH_s10_high,49,166,54.53333333333333,1.3141638040542603,-0.16666798767027227
BH_s10_high,49,167,54.56666666666667,0.9389632940292358,0.167778197905565
BH_s10_high,49,168,54.6,0.5846951603889465,0.4847908217438509
BH_s10_high,49,169,54.63333333333333,0.37393918633461,0.762317496449848
BH_s10_high,49,170,54.666666666666664,0.20676890015602112,0.9845347635557643
BH_s10_high,49,171,54.7,-0.003126600058749318,1.1391336935633796
BH_s10_high,49,172,54.733333333333334,-0.2264934629201889,1.214822426673034
BH_s10_high,49,173,54.766666666666666,-0.5199741125106812,1.2020466340780311
BH_s10_high,49,174,54.8,-0.7280043363571167,1.0963584266211124
BH_s10_high,49,175,54.833333333333336,-0.8854337930679321,0.9011135045635849
BH_s10_high,49,176,54.86666666666667,-1.0038684606552124,0.6277109298525383
BH_s10_high,49,177,54.9,-1.0833085775375366,0.294556301450843
BH_s10_high,49,178,54.93333333333333,-1.1305934190750122,-0.07367621906075983
BH_s10_high,49,179,54.96666666666667,-1.2546240091323853,-0.446615245077564
BH_s10_high,49,180,55.0,-1.2969346046447754,-0.7899804936554156
BH_s10_high,49,181,55.03333333333333,-0.8501686453819275,-1.0693868355350102
BH_s10_high,49,182,55.06666666666667,-0.02944597788155079,-1.2550779607497888
BH_s10_high,49,183,55.1,0.9327158331871033,-1.3256881550023565
BH_s10_high,49,184,55.13333333333333,1.4445568323135376,-1.2706105823173148
BH_s10_high,49,185,55.166666666666664,1.4590320587158203,-1.0919216122486315
BH_s10_high,49,186,55.2,1.261778712272644,-0.8058777685693072
BH_s10_high,49,187,55.233333333333334,0.9400802850723267,-0.4425141804940964
BH_s10_high,49,188,55.266666666666666,0.6057396531105042,-0.04218603761453052
BH_s10_high,49,189,55.3,0.33861157298088074,0.35063514977632915
BH_s10_high,49,190,55.333333333333336,0.17582540214061737,0.6949358242969547
BH_s10_high,49,191,55.36666666666667,0.09224025160074234,0.9601222837706438
BH_s10_high,49,192,55.4,-0.05296163633465767,1.130018811877361
BH_s10_high,49,193,55.43333333333333,-0.2969096899032593,1.2022852906732544
BH_s10_high,49,194,55.46666666666667,-0.5733640789985657,1.1838476458153173
BH_s10_high,49,195,55.5,-0.824119508266449,1.0850664670273458
BH_s10_high,49,196,55.53333333333333,-1.0092886686325073,0.9156956365176907
BH_s10_high,49,197,55.56666666666667,-1.1355990171432495,0.6841572281254252
BH_s10_high,49,198,55.6,-1.2114841938018799,0.399473814961708
BH_s10_high,49,199,55.63333333333333,-1.2600440979003906,0.07389268394161654
BH_s10_high,49,200,55.666666666666664,-1.343629240989685,-0.27544020675885195
BH_s10_high,49,201,55.7,-1.333346962928772,-0.6262885476920617
BH_s10_high,49,202,55.733333333333334,-0.9100175499916077,-0.9524285824034523
BH_s10_high,49,203,55.766666666666666,0.008031887002289295,-1.2256917163626526
BH_s10_high,49,204,55.8,1.053778886795044,-1.418640479570261
BH_s10_high,49,205,55.833333333333336,1.709770917892456,-1.5077228199558055
BH_s10_high,49,206,55.86666666666667,1.822005033493042,-1.4768939159036558
BH_s10_high,49,207,55.9,1.7120039463043213,-1.3214897149044305
BH_s10_high,49,208,55.93333333333333,1.4385629892349243,-1.0514561218781213
BH_s10_high,49,209,55.96666666666667,1.1042224168777466,-0.6923405963898548
BH_s10_high,49,210,56.0,0.7271565794944763,-0.28246948734456917
BH_s10_high,49,211,56.03333333333333,0.4617181718349457,0.13399214949931149
BH_s10_high,49,212,56.06666666666667,0.30231133103370667,0.5162313653337998
BH_s10_high,49,213,56.1,0.13110807538032532,0.8349314099179286
BH_s10_high,49,214,56.13333333333333,-0.07692217081785202,1.0765231055970899
BH_s10_high,49,215,56.166666666666664,-0.37040281295776367,1.2420841492947807
BH_s10_high,49,216,56.2,-0.621158242225647,1.340808513894821
BH_s10_high,49,217,56.233333333333334,-0.8142030835151672,1.3803912079997183
BH_s10_high,49,218,56.266666666666666,-0.9682531356811523,1.3599119054102764
BH_s10_high,49,219,56.3,-1.0518382787704468,1.2706619479324537
BH_s10_high,49,220,56.333333333333336,-1.1354234218597412,1.1046705769744243
BH_s10_high,49,221,56.36666666666667,-1.2190085649490356,0.8645846830522226
BH_s10_high,49,222,56.4,-1.30259370803833,0.5679496312878903
BH_s10_high,49,223,56.43333333333333,-1.285552740097046,0.24360019105686048
BH_s10_high,49,224,56.46666666666667,-0.850395679473877,-0.07643390211292554
BH_s10_high,49,225,56.5,0.0710965171456337,-0.3639383947342939
BH_s10_high,49,226,56.53333333333333,1.1577033996582031,-0.5976593969721491
BH_s10_high,49,227,56.56666666666667,1.8000026941299438,-0.7636342773407717
BH_s10_high,49,228,56.6,1.9074554443359375,-0.8546095188723463
BH_s10_high,49,229,56.63333333333333,1.7940750122070312,-0.8693115632456038
BH_s10_high,49,230,56.666666666666664,1.5507171154022217,-0.811817705583889
BH_s10_high,49,231,56.7,1.1940422058105469,-0.6915077659930352
BH_s10_high,49,232,56.733333333333334,0.8058483600616455,-0.5239785065711839
BH_s10_high,49,233,56.766666666666666,0.4993743598461151,-0.3323775983337562
BH_s10_high,49,234,56.8,0.3173454999923706,-0.14730266294404917
BH_s10_high,49,235,56.833333333333336,0.1260390728712082,-0.003022982223758527
BH_s10_high,49,236,56.86666666666667,-0.08199116587638855,0.07070058884665781
BH_s10_high,49,237,56.9,-0.3754718005657196,0.058967898814835704
BH_s10_high,49,238,56.93333333333333,-0.6262272596359253,-0.030587197327187052
BH_s10_high,49,239,56.96666666666667,-0.8342574834823608,-0.1675674786592748
BH_s10_high,50,0,50.0,0.14121580123901367,0.05075102656675881
BH_s10_high,50,1,50.03333333333333,1.146102786064148,0.1706565553164068
BH_s10_high,50,2,50.06666666666667,1.7058703899383545,0.26041959215715305
BH_s10_high,50,3,50.1,1.7892247438430786,0.29887009609000953
BH_s10_high,50,4,50.13333333333333,1.5648044347763062,0.2804880470709624
BH_s10_high,50,5,50.166666666666664,1.3013893365859985,0.22015707064714582
BH_s10_high,50,6,50.2,0.967048704624176,0.15210714761659588
BH_s10_high,50,7,50.233333333333334,0.6416372656822205,0.12109056529848414
BH_s10_high,50,8,50.266666666666666,0.4406708776950836,0.16743899692212375
BH_s10_high,50,9,50.3,0.3162257969379425,0.31121269858183115
BH_s10_high,50,10,50.333333333333336,0.14572212100028992,0.5416144701003021
BH_s10_high,50,11,50.36666666666667,-0.06230812147259712,0.8159831470708261
BH_s10_high,50,12,50.4,-0.35539162158966064,1.069292995699122
BH_s10_high,50,13,50.43333333333333,-0.6065441966056824,1.2316486139034293
BH_s10_high,50,14,50.46666666666667,-0.8572996258735657,1.2487766517369439
BH_s10_high,50,15,50.5,-0.9918652772903442,1.099075095399817
BH_s10_high,50,16,50.53333333333333,-1.1181756258010864,0.800759993431411
BH_s10_high,50,17,50.56666666666667,-1.2017607688903809,0.40558504665925227
BH_s10_high,50,18,50.6,-1.2853459119796753,-0.018490482653855306
BH_s10_high,50,19,50.63333333333333,-1.3689310550689697,-0.4081854501978307
BH_s10_high,50,20,50.666666666666664,-1.3977041244506836,-0.7210675514092586
BH_s10_high,50,21,50.7,-1.0498828887939453,-0.9418598386623233
BH_s10_high,50,22,50.733333333333334,-0.15832391381263733,-1.0782216107520368
BH_s10_high,50,23,50.766666666666666,0.9519585371017456,-1.1493674785987011
BH_s10_high,50,24,50.8,1.770774483680725,-1.1732271273930694
BH_s10_high,50,25,50.833333333333336,1.992905855178833,-1.1575716658707027
BH_s10_high,50,26,50.86666666666667,1.8750263452529907,-1.0978448913938377
BH_s10_high,50,27,50.9,1.6364322900772095,-0.981212220591921
BH_s10_high,50,28,50.93333333333333,1.3020917177200317,-0.7943865633218209
BH_s10_high,50,29,50.96666666666667,0.9677510857582092,-0.5322273300632275
BH_s10_high,50,30,51.0,0.6421639919281006,-0.20425645000166773
BH_s10_high,50,31,51.03333333333333,0.4410220682621002,0.16322106066259223
BH_s10_high,50,32,51.06666666666667,0.27385175228118896,0.5306255994290034
BH_s10_high,50,33,51.1,0.06079848110675812,0.8534731458769481
BH_s10_high,50,34,51.13333333333333,-0.19124950468540192,1.0923840382296282
BH_s10_high,50,35,51.166666666666664,-0.5255901217460632,1.2206691346261767
BH_s10_high,50,36,51.2,-0.7366310358047485,1.227371633658505
BH_s10_high,50,37,51.233333333333334,-0.9465265274047852,1.1163927081193004
BH_s10_high,50,38,51.266666666666666,-1.0709716081619263,0.9035026456051025
BH_s10_high,50,39,51.3,-1.1607252359390259,0.6126659587779777
BH_s10_high,50,40,51.333333333333336,-1.2114841938018799,0.27240062957906036
BH_s10_high,50,41,51.36666666666667,-1.285170316696167,-0.08745187120721304
BH_s10_high,50,42,51.4,-1.3687554597854614,-0.43814308987165757
BH_s10_high,50,43,51.43333333333333,-1.397879719734192,-0.7533609257586531
BH_s10_high,50,44,51.46666666666667,-0.9404720067977905,-1.009839910527202
BH_s10_high,50,45,51.5,-0.008755377493798733,-1.1879904483832446
BH_s10_high,50,46,51.53333333333333,1.1205767393112183,-1.2729277694425674
BH_s10_high,50,47,51.56666666666667,1.8583576679229736,-1.255556817537374
BH_s10_high,50,48,51.6,1.975001573562622,-1.1331151070682326
BH_s10_high,50,49,51.63333333333333,1.773888111114502,-0.909206358884557
BH_s10_high,50,50,51.666666666666664,1.5089589357376099,-0.5943303396425704
BH_s10_high,50,51,51.7,1.1746183633804321,-0.2075927295464894
BH_s10_high,50,52,51.733333333333334,0.8402777910232544,0.22176039444208231
BH_s10_high,50,53,51.766666666666666,0.5658183097839355,0.6555062728478528
BH_s10_high,50,54,51.8,0.40536072850227356,1.0510882237916357
BH_s10_high,50,55,51.833333333333336,0.2693554759025574,1.3677495855134194
BH_s10_high,50,56,51.86666666666667,0.021582238376140594,1.5713656216570488
BH_s10_high,50,57,51.9,-0.23327235877513885,1.6371443131359489
BH_s10_high,50,58,51.93333333333333,-0.5256360769271851,1.552240474862171
BH_s10_high,50,59,51.96666666666667,-0.7763915061950684,1.3202160036126267
BH_s10_high,50,60,52.0,-0.9461753368377686,0.965097908101253
BH_s10_high,50,61,52.03333333333333,-1.0342392921447754,0.5299308922034917
BH_s10_high,50,62,52.06666666666667,-1.0833085775375366,0.06778018908327782
BH_s10_high,50,63,52.1,-1.1586843729019165,-0.37111485016569257
BH_s10_high,50,64,52.13333333333333,-1.242269515991211,-0.7495922572509888
BH_s10_high,50,65,52.166666666666664,-1.1674489974975586,-1.0468083031939002
BH_s10_high,50,66,52.2,-0.5834633708000183,-1.25488085225441
BH_s10_high,50,67,52.233333333333334,0.35501188039779663,-1.3728986158316137
BH_s10_high,50,68,52.266666666666666,1.239546537399292,-1.4019530220705059
BH_s10_high,50,69,52.3,1.5871130228042603,-1.342553097476591
BH_s10_high,50,70,52.333333333333336,1.4641469717025757,-1.194414837119254
BH_s10_high,50,71,52.36666666666667,1.1529377698898315,-0.9584110499117761
BH_s10_high,50,72,52.4,0.818597137928009,-0.6402893700595921
BH_s10_high,50,73,52.43333333333333,0.498254656791687,-0.25502323240748054
BH_s10_high,50,74,52.46666666666667,0.27176496386528015,0.17032460049165285
BH_s10_high,50,75,52.5,0.18817982077598572,0.5973962865517359
BH_s10_high,50,76,52.53333333333333,0.09619230031967163,0.9816010471127575
BH_s10_high,50,77,52.56666666666667,-0.0775151178240776,1.2799106003617817
BH_s10_high,50,78,52.6,-0.3329424262046814,1.458645738824071
BH_s10_high,50,79,52.63333333333333,-0.6217511892318726,1.4988543738956792
BH_s10_high,50,80,52.666666666666664,-0.8288400769233704,1.3983223715593442
BH_s10_high,50,81,52.7,-0.9542090892791748,1.1705175560650543
BH_s10_high,50,82,52.733333333333334,-1.080519437789917,0.8410623263426822
BH_s10_high,50,83,52.766666666666666,-1.1213793754577637,0.44245416256338943
BH_s10_high,50,84,52.8,-1.204964518547058,0.008505958237451502
BH_s10_high,50,85,52.833333333333336,-1.2885496616363525,-0.42938421743987026
BH_s10_high,50,86,52.86666666666667,-1.1243091821670532,-0.8426269127562817
BH_s10_high,50,87,52.9,-0.4475243389606476,-1.2029572586695096
BH_s10_high,50,88,52.93333333333333,0.5721266269683838,-1.4798159766520742
BH_s10_high,50,89,52.96666666666667,1.5084911584854126,-1.6410354404147256
BH_s10_high,50,90,53.0,1.847019076347351,-1.658351529981489
BH_s10_high,50,91,53.03333333333333,1.775707483291626,-1.5160216272777374
BH_s10_high,50,92,53.06666666666667,1.5018031597137451,-1.2185256504399817
BH_s10_high,50,93,53.1,1.1889042854309082,-0.7934509494092801
BH_s10_high,50,94,53.13333333333333,0.8118384480476379,-0.2881098176080644
BH_s10_high,50,95,53.166666666666664,0.5359108448028564,0.23873748022018512
BH_s10_high,50,96,53.2,0.3555257022380829,0.7273421861647448
BH_s10_high,50,97,53.233333333333334,0.21725806593894958,1.126977982544194
BH_s10_high,50,98,53.266666666666666,0.007362567353993654,1.4034198436095076
BH_s10_high,50,99,53.3,-0.21898649632930756,1.5423282704220345
BH_s10_high,50,100,53.333333333333336,-0.5042403340339661,1.5476585508759049
BH_s10_high,50,101,53.36666666666667,-0.7504995465278625,1.4357770870822315
BH_s10_high,50,102,53.4,-0.9176698327064514,1.2282162792912144
BH_s10_high,50,103,53.43333333333333,-1.041349172592163,0.9467748451484934
BH_s10_high,50,104,53.46666666666667,-1.1249343156814575,0.6125918792094668
BH_s10_high,50,105,53.5,-1.1657942533493042,0.2477922482788294
BH_s10_high,50,106,53.53333333333333,-1.2493793964385986,-0.12303425341135688
BH_s10_high,50,107,53.56666666666667,-1.1821494102478027,-0.47332850054712483
BH_s10_high,50,108,53.6,-0.6476504802703857,-0.7768192607348954
BH_s10_high,50,109,53.63333333333333,0.3619893491268158,-1.0101103012467747
BH_s10_high,50,110,53.666666666666664,1.3877278566360474,-1.154724231812472
BH_s10_high,50,111,53.7,1.9504371881484985,-1.1988775076188463
BH_s10_high,50,112,53.733333333333334,2.008927345275879,-1.1394084602947046
BH_s10_high,50,113,53.766666666666666,1.8329401016235352,-0.983346512489252
BH_s10_high,50,114,53.8,1.5592113733291626,-0.7476726139823804
BH_s10_high,50,115,53.833333333333336,1.2248708009719849,-0.45626171205534655
BH_s10_high,50,116,53.86666666666667,0.8905302286148071,-0.13506330005352826
BH_s10_high,50,117,53.9,0.6162922382354736,0.19161625953482048
BH_s10_high,50,118,53.93333333333333,0.42377424240112305,0.5013678843610468
BH_s10_high,50,119,53.96666666666667,0.2429569810628891,0.771062606192678
BH_s10_high,50,120,54.0,-0.007798467297106981,0.9752157251938905
BH_s10_high,50,121,54.03333333333333,-0.30127909779548645,1.0888889900040564
BH_s10_high,50,122,54.06666666666667,-0.5520345568656921,1.0939731658532714
BH_s10_high,50,123,54.1,-0.7538788318634033,0.9842094658291242
BH_s10_high,50,124,54.13333333333333,-0.8740032315254211,0.7664853738971137
BH_s10_high,50,125,54.166666666666664,-0.9551329612731934,0.4597743053628587
BH_s10_high,50,126,54.2,-0.9978581666946411,0.09339816790754824
BH_s10_high,50,127,54.233333333333334,-1.0393083095550537,-0.29558208640544803
BH_s10_high,50,128,54.266666666666666,-1.1228934526443481,-0.6666054612926124
BH_s10_high,50,129,54.3,-1.0933196544647217,-0.9811163517556488
BH_s10_high,50,130,54.333333333333336,-0.5469930768013,-1.2076999482637065
BH_s10_high,50,131,54.36666666666667,0.42668020725250244,-1.3251649227899982
BH_s10_high,50,132,54.4,1.4169154167175293,-1.3233041342034693
BH_s10_high,50,133,54.43333333333333,1.8700556755065918,-1.202498947993998
BH_s10_high,50,134,54.46666666666667,1.8506686687469482,-0.9733606600973522
BH_s10_high,50,135,54.5,1.6569702625274658,-0.6564755579978431
BH_s10_high,50,136,54.53333333333333,1.3141638040542603,-0.2812213049516873
BH_s10_high,50,137,54.56666666666667,0.9389632940292358,0.11745363190171598
BH_s10_high,50,138,54.6,0.5846951603889465,0.5041727530287969
BH_s10_high,50,139,54.63333333333333,0.37393918633461,0.8482613918381436
BH_s10_high,50,140,54.666666666666664,0.20676890015602112,1.126053440481304
BH_s10_high,50,141,54.7,-0.003126600058749318,1.3194952852313075
BH_s10_high,50,142,54.733333333333334,-0.2264934629201889,1.4141713987560272
BH_s10_high,50,143,54.766666666666666,-0.5199741125106812,1.4007899019587258
BH_s10_high,50,144,54.8,-0.7280043363571167,1.2794566921541668
BH_s10_high,50,145,54.833333333333336,-0.8854337930679321,1.061829747320893
BH_s10_high,50,146,54.86666666666667,-1.0038684606552124,0.7683042148136568
BH_s10_high,50,147,54.9,-1.0833085775375366,0.42247407577407503
BH_s10_high,50,148,54.93333333333333,-1.1305934190750122,0.04724957467812723
BH_s10_high,50,149,54.96666666666667,-1.2546240091323853,-0.33508385107365024
BH_s10_high,50,150,55.0,-1.2969346046447754,-0.7004107570055069
BH_s10_high,50,151,55.03333333333333,-0.8501686453819275,-1.0213204276598904
BH_s10_high,50,152,55.06666666666667,-0.02944597788155079,-1.2682737954935313
BH_s10_high,50,153,55.1,0.9327158331871033,-1.4127236413135515
BH_s10_high,50,154,55.13333333333333,1.4445568323135376,-1.431511544325356
BH_s10_high,50,155,55.166666666666664,1.4590320587158203,-1.3124167299505771
BH_s10_high,50,156,55.2,1.261778712272644,-1.059582319306659
BH_s10_high,50,157,55.233333333333334,0.9400802850723267,-0.6963595346773396
BH_s10_high,50,158,55.266666666666666,0.6057396531105042,-0.2639226756332434
BH_s10_high,50,159,55.3,0.33861157298088074,0.18453138954801002
BH_s10_high,50,160,55.333333333333336,0.17582540214061737,0.5935861355502742
BH_s10_high,50,161,55.36666666666667,0.09224025160074234,0.9177009422955021
BH_s10_high,50,162,55.4,-0.05296163633465767,1.1311280161755535
BH_s10_high,50,163,55.43333333333333,-0.2969096899032593,1.2304862812935684
BH_s10_high,50,164,55.46666666666667,-0.5733640789985657,1.2287882603510614
BH_s10_high,50,165,55.5,-0.824119508266449,1.1449849185807548
BH_s10_high,50,166,55.53333333333333,-1.0092886686325073,0.9950409442670788
BH_s10_high,50,167,55.56666666666667,-1.1355990171432495,0.7884494014252649
BH_s10_high,50,168,55.6,-1.2114841938018799,0.530159757881692
BH_s10_high,50,169,55.63333333333333,-1.2600440979003906,0.22522636469009558
BH_s10_high,50,170,55.666666666666664,-1.343629240989685,-0.11638867829718455
BH_s10_high,50,171,55.7,-1.333346962928772,-0.4763004770556998
BH_s10_high,50,172,55.733333333333334,-0.9100175499916077,-0.8267417662109113
BH_s10_high,50,173,55.766666666666666,0.008031887002289295,-1.1331591937859367
BH_s10_high,50,174,55.8,1.053778886795044,-1.3597586696046238
BH_s10_high,50,175,55.833333333333336,1.709770917892456,-1.4759006547713156
BH_s10_high,50,176,55.86666666666667,1.822005033493042,-1.4615082524925502
BH_s10_high,50,177,55.9,1.7120039463043213,-1.3108607409230901
BH_s10_high,50,178,55.93333333333333,1.4385629892349243,-1.0347564848734887
BH_s10_high,50,179,55.96666666666667,1.1042224168777466,-0.6607470135858642
BH_s10_high,50,180,56.0,0.7271565794944763,-0.23062130577948264
BH_s10_high,50,181,56.03333333333333,0.4617181718349457,0.205558441110407
BH_s10_high,50,182,56.06666666666667,0.30231133103370667,0.5983957254716347
BH_s10_high,50,183,56.1,0.13110807538032532,0.9089796337103124
BH_s10_high,50,184,56.13333333333333,-0.07692217081785202,1.1163981929153182
BH_s10_high,50,185,56.166666666666664,-0.37040281295776367,1.2197417660407806
BH_s10_high,50,186,56.2,-0.621158242225647,1.2328984921543018
BH_s10_high,50,187,56.233333333333334,-0.8142030835151672,1.1740486672081976
BH_s10_high,50,188,56.266666666666666,-0.9682531356811523,1.0560361015874553
BH_s10_high,50,189,56.3,-1.0518382787704468,0.8839831203071357
BH_s10_high,50,190,56.333333333333336,-1.1354234218597412,0.6606125776284828
BH_s10_high,50,191,56.36666666666667,-1.2190085649490356,0.3935270360951844
BH_s10_high,50,192,56.4,-1.30259370803833,0.09837945684165592
BH_s10_high,50,193,56.43333333333333,-1.285552740097046,-0.20347287039951956
BH_s10_high,50,194,56.46666666666667,-0.850395679473877,-0.48946429804600855
BH_s10_high,50,195,56.5,0.0710965171456337,-0.7382487775488071
BH_s10_high,50,196,56.53333333333333,1.1577033996582031,-0.929371626132347
BH_s10_high,50,197,56.56666666666667,1.8000026941299438,-1.0429888366123252
BH_s10_high,50,198,56.6,1.9074554443359375,-1.0619785281365692
BH_s10_high,50,199,56.63333333333333,1.7940750122070312,-0.9760841846335752
BH_s10_high,50,200,56.666666666666664,1.5507171154022217,-0.7861921170576797
BH_s10_high,50,201,56.7,1.1940422058105469,-0.5070234301989381
BH_s10_high,50,202,56.733333333333334,0.8058483600616455,-0.16730754062248743
BH_s10_high,50,203,56.766666666666666,0.4993743598461151,0.19295632451462683
BH_s10_high,50,204,56.8,0.3173454999923706,0.5283657924202217
BH_s10_high,50,205,56.833333333333336,0.1260390728712082,0.7967639021247209
BH_s10_high,50,206,56.86666666666667,-0.08199116587638855,0.9688580737938501
BH_s10_high,50,207,56.9,-0.3754718005657196,1.0353499674837845
BH_s10_high,50,208,56.93333333333333,-0.6262272596359253,1.0077424142120897
BH_s10_high,50,209,56.96666666666667,-0.8342574834823608,0.9111995344241991
BH_s10_high,50,210,57.0,-0.9847526550292969,0.7722127893728257
BH_s10_high,50,211,57.03333333333333,-1.0962531566619873,0.6072733290382867
BH_s10_high,50,212,57.06666666666667,-1.1687589883804321,0.4183739431790167
BH_s10_high,50,213,57.1,-1.2206982374191284,0.1971478252861768
BH_s10_high,50,214,57.13333333333333,-1.3470085859298706,-0.06555625500666402
BH_s10_high,50,215,57.166666666666664,-1.436077356338501,-0.3702747103535713
BH_s10_high,50,216,57.2,-1.4569803476333618,-0.7036045224808141
BH_s10_high,50,217,57.233333333333334,-1.0212992429733276,-1.0377284444691133
BH_s10_high,50,218,57.266666666666666,-0.016636494547128677,-1.3341207634567227
BH_s10_high,50,219,57.3,1.0292226076126099,-1.550554821153495
BH_s10_high,50,220,57.333333333333336,1.6746162176132202,-1.6499566163071053
BH_s10_high,50,221,57.36666666666667,1.7422624826431274,-1.6088031819650324
BH_s10_high,50,222,57.4,1.580800175666809,-1.4226269450066964
BH_s10_high,50,223,57.43333333333333,1.3043310642242432,-1.1073446047499893
BH_s10_high,50,224,57.46666666666667,0.9385689496994019,-0.697042932721665
BH_s10_high,50,225,57.5,0.6224809885025024,-0.23957662477475444
BH_s10_high,50,226,57.53333333333333,0.39941656589508057,0.20992803502598073
BH_s10_high,50,227,57.56666666666667,0.27497145533561707,0.5983766712867531
BH_s10_high,50,228,57.6,0.1265658289194107,0.8857727944572773
BH_s10_high,50,229,57.63333333333333,-0.08146440982818604,1.0543300210286257
BH_s10_high,50,230,57.666666666666664,-0.3749450445175171,1.1112267789272898
BH_s10_high,50,231,57.7,-0.6500608921051025,1.0829545359955335
BH_s10_high,50,232,57.733333333333334,-0.8599564433097839,1.0035067441168446
BH_s10_high,50,233,57.766666666666666,-0.984401524066925,0.902123315420371
BH_s10_high,50,234,57.8,-1.096077561378479,0.7964151356828189
BH_s10_high,50,235,57.833333333333336,-1.1369374990463257,0.6930341360658848
BH_s10_high,50,236,57.86666666666667,-1.2205226421356201,0.5928655946863173
BH_s10_high,50,237,57.9,-1.3112810850143433,0.4954316423060146
BH_s10_high,50,238,57.93333333333333,-1.3237357139587402,0.39996077418611603
BH_s10_high,50,239,57.96666666666667,-0.8779800534248352,0.30469691855488734
