recording_id,measurement_id,sample_index,time_seconds,gt_signal,predicted_signal
BH_s00_high,0,0,0.0,-0.28157493472099304,-0.09512190948820351
BH_s00_high,0,1,0.03333333333333333,-0.48537275195121765,-0.19065576977896287
BH_s00_high,0,2,0.06666666666666667,-0.6253466606140137,-0.2989238632617381
BH_s00_high,0,3,0.1,-0.7014967799186707,-0.4281736137257355
BH_s00_high,0,4,0.13333333333333333,-0.7591575384140015,-0.5752521398692186
BH_s00_high,0,5,0.16666666666666666,-0.7714837193489075,-0.7243483408851802
BH_s00_high,0,6,0.2,-0.7714837193489075,-0.850843859283577
BH_s00_high,0,7,0.23333333333333334,-0.7230676412582397,-0.928291923631683
BH_s00_high,0,8,0.26666666666666666,-0.7714837193489075,-0.9358935439385592
BH_s00_high,0,9,0.3,-0.7714837193489075,-0.8637155039789889
BH_s00_high,0,10,0.3333333333333333,-0.8806421756744385,-0.7138378793951289
BH_s00_high,0,11,0.36666666666666664,-0.7692909240722656,-0.49690876574970017
BH_s00_high,0,12,0.4,-0.25650712847709656,-0.22671087815822405
BH_s00_high,0,13,0.43333333333333335,0.5577954053878784,0.08220802188695914
BH_s00_high,0,14,0.4666666666666667,1.392364740371704,0.41271645459029277
BH_s00_high,0,15,0.5,1.6780602931976318,0.7421564999277043
BH_s00_high,0,16,0.5333333333333333,1.5460268259048462,1.0410892416432977
BH_s00_high,0,17,0.5666666666666667,1.1353496313095093,1.275533984320349
BH_s00_high,0,18,0.6,0.6546855568885803,1.4131410433612488
BH_s00_high,0,19,0.6333333333333333,0.18545888364315033,1.4321399754612585
BH_s00_high,0,20,0.6666666666666666,-0.00998298916965723,1.3293439684018606
BH_s00_high,0,21,0.7,-0.07161401957273483,1.1217198337809235
BH_s00_high,0,22,0.7333333333333333,0.0005657869623973966,0.8408043185966491
BH_s00_high,0,23,0.7666666666666667,0.1374581754207611,0.5241753847950807
BH_s00_high,0,24,0.8,0.20833386480808258,0.2073039154782479
BH_s00_high,0,25,0.8333333333333334,0.14539870619773865,-0.0824525473511103
BH_s00_high,0,26,0.8666666666666667,0.008506320416927338,-0.3291958930760225
BH_s00_high,0,27,0.9,-0.19837304949760437,-0.5297808419516643
BH_s00_high,0,28,0.9333333333333333,-0.45894289016723633,-0.6925982115350705
BH_s00_high,0,29,0.9666666666666667,-0.6121317744255066,-0.8324260192309798
BH_s00_high,0,30,1.0,-0.7490241527557373,-0.9621397323502395
BH_s00_high,0,31,1.0333333333333334,-0.8414707183837891,-1.084297129609042
BH_s00_high,0,32,1.0666666666666667,-0.8828349709510803,-1.1861141257900787
BH_s00_high,0,33,1.1,-0.8731749653816223,-1.2411224143439892
BH_s00_high,0,34,1.1333333333333333,-0.8414707183837891,-1.2180604252175167
BH_s00_high,0,35,1.1666666666666667,-0.8414707183837891,-1.0945465748427152
BH_s00_high,0,36,1.2,-0.8414707183837891,-0.8697229195981834
BH_s00_high,0,37,1.2333333333333334,-0.8414707183837891,-0.5679202800713101
BH_s00_high,0,38,1.2666666666666666,-0.9114576578140259,-0.23118459264108748
BH_s00_high,0,39,1.3,-0.782090425491333,0.0951850403061554
BH_s00_high,0,40,1.3333333333333333,-0.12802857160568237,0.3777021183106657
BH_s00_high,0,41,1.3666666666666667,0.8072853088378906,0.6031277209805296
BH_s00_high,0,42,1.4,1.7202553749084473,0.7768298944760001
BH_s00_high,0,43,1.4333333333333333,2.090514898300171,0.9121380980016589
BH_s00_high,0,44,1.4666666666666666,1.8748642206192017,1.0168284627982496
BH_s00_high,0,45,1.5,1.4641870260238647,1.0864713063208356
BH_s00_high,0,46,1.5333333333333334,0.9853003025054932,1.1076916216141504
BH_s00_high,0,47,1.5666666666666667,0.5728456974029541,1.067050594885792
BH_s00_high,0,48,1.6,0.29420191049575806,0.9600566820317494
BH_s00_high,0,49,1.6333333333333333,0.20833386480808258,0.7949756619703664
BH_s00_high,0,50,1.6666666666666667,0.26421719789505005,0.5901541480283069
BH_s00_high,0,51,1.7,0.3483078181743622,0.36783684530010574
BH_s00_high,0,52,1.7333333333333334,0.4182947874069214,0.14755594889892673
BH_s00_high,0,53,1.7666666666666666,0.3016691207885742,-0.05844005969681107
BH_s00_high,0,54,1.8,0.12121960520744324,-0.2462391165657553
BH_s00_high,0,55,1.8333333333333333,-0.08257820457220078,-0.417571456762093
BH_s00_high,0,56,1.8666666666666667,-0.3189689517021179,-0.5752789062920859
BH_s00_high,0,57,1.9,-0.5258483290672302,-0.7205081056077068
BH_s00_high,0,58,1.9333333333333333,-0.6627407073974609,-0.8521509905639904
BH_s00_high,0,59,1.9666666666666666,-0.7714837193489075,-0.9659943525215422
BH_s00_high,0,60,2.0,-0.7714837193489075,-1.0528482882087693
BH_s00_high,0,61,2.033333333333333,-0.7714837193489075,-1.0970257818593738
BH_s00_high,0,62,2.066666666666667,-0.7714837193489075,-1.0777754233635422
BH_s00_high,0,63,2.1,-0.7714837193489075,-0.9767219569278962
BH_s00_high,0,64,2.1333333333333333,-0.7714837193489075,-0.788651422275337
BH_s00_high,0,65,2.1666666666666665,-0.8414707183837891,-0.5277639052821421
BH_s00_high,0,66,2.2,-0.9114576578140259,-0.22526384275970693
BH_s00_high,0,67,2.2333333333333334,-0.9849416017532349,0.08105036750337903
BH_s00_high,0,68,2.2666666666666666,-1.0510162115097046,0.3600415975172453
BH_s00_high,0,69,2.3,-0.6448405385017395,0.5948704831120037
BH_s00_high,0,70,2.3333333333333335,0.17384767532348633,0.7825148466499008
BH_s00_high,0,71,2.3666666666666667,1.3274784088134766,0.9290866528884499
BH_s00_high,0,72,2.4,1.9922627210617065,1.0431581107185557
BH_s00_high,0,73,2.433333333333333,2.042987585067749,1.127130465123528
BH_s00_high,0,74,2.466666666666667,1.7322819232940674,1.1707082206299733
BH_s00_high,0,75,2.5,1.272773265838623,1.1536811518858596
BH_s00_high,0,76,2.533333333333333,0.795190691947937,1.0575041818877196
BH_s00_high,0,77,2.566666666666667,0.4029449224472046,0.8774790836619286
BH_s00_high,0,78,2.6,0.16874700784683228,0.6289131356720796
BH_s00_high,0,79,2.6333333333333333,0.13834689557552338,0.3437646842412651
BH_s00_high,0,80,2.6666666666666665,0.2417576164007187,0.05935681079718807
BH_s00_high,0,81,2.7,0.3086630403995514,-0.19455089614703702
BH_s00_high,0,82,2.7333333333333334,0.278320848941803,-0.4048195334994436
BH_s00_high,0,83,2.7666666666666666,0.11416778713464737,-0.576550976947255
BH_s00_high,0,84,2.8,-0.04382215440273285,-0.7268498085226927
BH_s00_high,0,85,2.8333333333333335,-0.29959094524383545,-0.8735149257848434
BH_s00_high,0,86,2.8666666666666667,-0.5214047431945801,-1.0237525106822647
BH_s00_high,0,87,2.9,-0.7133496403694153,-1.1692065686514002
BH_s00_high,0,88,2.933333333333333,-0.8502420783042908,-1.2882032036903721
BH_s00_high,0,89,2.966666666666667,-0.9114576578140259,-1.3506744189340925
BH_s00_high,0,90,3.0,-0.9814446568489075,-1.3242504179903545
BH_s00_high,0,91,3.033333333333333,-0.9119309782981873,-1.1832933584916185
BH_s00_high,0,92,3.066666666666667,-0.9114576578140259,-0.9194608197743674
BH_s00_high,0,93,3.1,-0.9114576578140259,-0.5492120012565591
BH_s00_high,0,94,3.1333333333333333,-0.9114576578140259,-0.11380361679874285
BH_s00_high,0,95,3.1666666666666665,-0.9686451554298401,0.3314550749511934
BH_s00_high,0,96,3.2,-1.035550594329834,0.7347064087538335
BH_s00_high,0,97,3.2333333333333334,-1.102455973625183,1.0613990063877017
BH_s00_high,0,98,3.2666666666666666,-1.1434627771377563,1.2983626960913401
BH_s00_high,0,99,3.3,-0.6422901749610901,1.447600932640995
BH_s00_high,0,100,3.3333333333333335,0.332610547542572,1.514916709959888
BH_s00_high,0,101,3.3666666666666667,1.3890515565872192,1.5027553043516788
BH_s00_high,0,102,3.4,1.9592543840408325,1.4105610064581706
BH_s00_high,0,103,3.433333333333333,1.8929380178451538,1.2391471741402766
BH_s00_high,0,104,3.466666666666667,1.5197128057479858,0.9954531115207778
BH_s00_high,0,105,3.5,1.01267671585083,0.6949072566154711
BH_s00_high,0,106,3.533333333333333,0.46510717272758484,0.3603675950118344
BH_s00_high,0,107,3.566666666666667,0.0979292169213295,0.01856213495434602
BH_s00_high,0,108,3.6,-0.001627049408853054,-0.3046103447516524
BH_s00_high,0,109,3.6333333333333333,0.012418683618307114,-0.5884082543981546
BH_s00_high,0,110,3.6666666666666665,0.21929804980754852,-0.8201756806525832
BH_s00_high,0,111,3.7,0.3483078181743622,-0.9964589227043529
BH_s00_high,0,112,3.7333333333333334,0.34350672364234924,-1.1218260466501246
BH_s00_high,0,113,3.7666666666666666,0.13490784168243408,-1.2049451191248184
BH_s00_high,0,114,3.8,-0.07025199383497238,-1.2527034784281597
BH_s00_high,0,115,3.8333333333333335,-0.34267476201057434,-1.2643273614266348
BH_s00_high,0,116,3.8666666666666667,-0.5539976954460144,-1.2284601993225188
BH_s00_high,0,117,3.9,-0.7608770728111267,-1.1264846078260426
BH_s00_high,0,118,3.933333333333333,-0.8414707183837891,-0.9417795931997928
BH_s00_high,0,119,3.966666666666667,-0.9114576578140259,-0.6709422456014766
BH_s00_high,0,120,4.0,-0.8613220453262329,-0.3315702365896402
BH_s00_high,0,121,4.033333333333333,-0.8414707183837891,0.03902545284549604
BH_s00_high,0,122,4.066666666666666,-0.8414707183837891,0.3944635088857617
BH_s00_high,0,123,4.1,-0.8414707183837891,0.694085310459169
BH_s00_high,0,124,4.133333333333334,-0.8736482262611389,0.9153583866709034
BH_s00_high,0,125,4.166666666666667,-0.5625852346420288,1.0574400608654424
BH_s00_high,0,126,4.2,0.18825091421604156,1.1345957886748912
BH_s00_high,0,127,4.233333333333333,1.0096052885055542,1.1635785055737091
BH_s00_high,0,128,4.266666666666667,1.5890527963638306,1.1522621846969798
BH_s00_high,0,129,4.3,1.5856716632843018,1.0982492094415754
BH_s00_high,0,130,4.333333333333333,1.250844955444336,0.9966493282512088
BH_s00_high,0,131,4.366666666666666,0.7732623219490051,0.8470425970239261
BH_s00_high,0,132,4.4,0.2256927639245987,0.6552494335794344
BH_s00_high,0,133,4.433333333333334,-0.09176495671272278,0.43222494148097695
BH_s00_high,0,134,4.466666666666667,-0.28157493472099304,0.19199484166524952
BH_s00_high,0,135,4.5,-0.2037632316350937,-0.05044044635567459
BH_s00_high,0,136,4.533333333333333,-0.0007962376112118363,-0.28088264557053283
BH_s00_high,0,137,4.566666666666666,0.13609614968299866,-0.487633177677927
BH_s00_high,0,138,4.6,0.13834689557552338,-0.6630371367890213
BH_s00_high,0,139,4.633333333333334,0.00678679347038269,-0.8044297795026522
BH_s00_high,0,140,4.666666666666667,-0.188597172498703,-0.913910752351556
BH_s00_high,0,141,4.7,-0.4623819589614868,-0.9963865919489509
BH_s00_high,0,142,4.733333333333333,-0.6838382482528687,-1.0561154463875548
BH_s00_high,0,143,4.766666666666667,-0.869977593421936,-1.0928076236569233
BH_s00_high,0,144,4.8,-0.9814446568489075,-1.098589791133334
BH_s00_high,0,145,4.833333333333333,-1.051431655883789,-1.0571704746647728
BH_s00_high,0,146,4.866666666666666,-1.051431655883789,-0.9470824720630991
BH_s00_high,0,147,4.9,-1.0145108699798584,-0.7508449220978122
BH_s00_high,0,148,4.933333333333334,-0.9814446568489075,-0.46672519462781253
BH_s00_high,0,149,4.966666666666667,-0.9114576578140259,-0.11524800430032797
BH_s00_high,0,150,5.0,-0.9814446568489075,0.2637369423201624
BH_s00_high,0,151,5.033333333333333,-0.9814446568489075,0.6229074976741259
BH_s00_high,0,152,5.066666666666666,-0.6639189720153809,0.9228233825809878
BH_s00_high,0,153,5.1,0.12739279866218567,1.141671246682195
BH_s00_high,0,154,5.133333333333334,1.1556265354156494,1.2754336286920431
BH_s00_high,0,155,5.166666666666667,1.91255784034729,1.3304955938714673
BH_s00_high,0,156,5.2,2.018808364868164,1.3143261656916545
BH_s00_high,0,157,5.233333333333333,1.7297316789627075,1.2320219839822868
BH_s00_high,0,158,5.266666666666667,1.2460438013076782,1.0890688031170321
BH_s00_high,0,159,5.3,0.7684033513069153,0.8933110521520593
BH_s00_high,0,160,5.333333333333333,0.35772618651390076,0.6541493218674438
BH_s00_high,0,161,5.366666666666666,0.14456790685653687,0.3825612827792569
BH_s00_high,0,162,5.4,0.06835991889238358,0.09269127836766142
BH_s00_high,0,163,5.433333333333334,0.1959497481584549,-0.19736273506506496
BH_s00_high,0,164,5.466666666666667,0.3328421413898468,-0.4669539302411666
BH_s00_high,0,165,5.5,0.29686805605888367,-0.6964844627454874
BH_s00_high,0,166,5.533333333333333,0.15997566282749176,-0.8723720191094518
BH_s00_high,0,167,5.566666666666666,-0.04690370336174965,-0.9918326873867271
BH_s00_high,0,168,5.6,-0.2959781587123871,-1.0639814889462467
BH_s00_high,0,169,5.633333333333334,-0.4997759759426117,-1.102727458096805
BH_s00_high,0,170,5.666666666666667,-0.7375287413597107,-1.1150931266585806
BH_s00_high,0,171,5.7,-0.8744211792945862,-1.095907448379622
BH_s00_high,0,172,5.733333333333333,-0.9413265585899353,-1.0317644234605314
BH_s00_high,0,173,5.766666666666667,-0.9814446568489075,-0.9084005520093257
BH_s00_high,0,174,5.8,-0.9577388763427734,-0.7173659274558121
BH_s00_high,0,175,5.833333333333333,-0.9114576578140259,-0.4605761261057624
BH_s00_high,0,176,5.866666666666666,-0.9114576578140259,-0.15211250781813274
BH_s00_high,0,177,5.9,-0.9114576578140259,0.18261354558009815
BH_s00_high,0,178,5.933333333333334,-0.9228372573852539,0.5105025393495884
BH_s00_high,0,179,5.966666666666667,-0.9897426962852478,0.7975827092582402
BH_s00_high,0,180,6.0,-1.0409986972808838,1.0174373838438455
BH_s00_high,0,181,6.033333333333333,-0.5465782880783081,1.157933354836163
BH_s00_high,0,182,6.066666666666666,0.41166844964027405,1.2226212371722038
BH_s00_high,0,183,6.1,1.4399021863937378,1.223736360107861
BH_s00_high,0,184,6.133333333333334,2.0066659450531006,1.1712530917009958
BH_s00_high,0,185,6.166666666666667,1.908403754234314,1.0688618918695225
BH_s00_high,0,186,6.2,1.507917881011963,0.9182090406623332
BH_s00_high,0,187,6.233333333333333,1.0272536277770996,0.7229726300081758
BH_s00_high,0,188,6.266666666666667,0.5465895533561707,0.4895068346003319
BH_s00_high,0,189,6.3,0.1833818554878235,0.226811811394552
BH_s00_high,0,190,6.333333333333333,0.023971982300281525,-0.05305716938338946
BH_s00_high,0,191,6.366666666666666,0.10966631025075912,-0.33505298252888216
BH_s00_high,0,192,6.4,0.24655869603157043,-0.6019625438612025
BH_s00_high,0,193,6.433333333333334,0.3483078181743622,-0.8355768398686841
BH_s00_high,0,194,6.466666666666667,0.31624606251716614,-1.0186688701369797
BH_s00_high,0,195,6.5,0.15037350356578827,-1.1389238586953199
BH_s00_high,0,196,6.533333333333333,-0.05342430993914604,-1.1931727982365488
BH_s00_high,0,197,6.566666666666666,-0.32720908522605896,-1.1878399626585086
BH_s00_high,0,198,6.6,-0.531006932258606,-1.1344692635728177
BH_s00_high,0,199,6.633333333333334,-0.7181507349014282,-1.042508720864068
BH_s00_high,0,200,6.666666666666667,-0.7850561738014221,-0.9130467151578776
BH_s00_high,0,201,6.7,-0.8414707183837891,-0.7378595764450164
BH_s00_high,0,202,6.733333333333333,-0.8414707183837891,-0.5051065615478045
BH_s00_high,0,203,6.766666666666667,-0.7714837193489075,-0.20958994692848779
BH_s00_high,0,204,6.8,-0.7714837193489075,0.13730095630387115
BH_s00_high,0,205,6.833333333333333,-0.7714837193489075,0.5045631891968514
BH_s00_high,0,206,6.866666666666666,-0.8414707183837891,0.8477338497579296
BH_s00_high,0,207,6.9,-0.8414707183837891,1.1215731733289505
BH_s00_high,0,208,6.933333333333334,-0.39588186144828796,1.2937985515306984
BH_s00_high,0,209,6.966666666666667,0.3891509771347046,1.3527485572416784
BH_s00_high,0,210,7.0,1.2946537733078003,1.3069587637180755
BH_s00_high,0,211,7.033333333333333,1.7073979377746582,1.1800210163386664
BH_s00_high,0,212,7.066666666666666,1.5848987102508545,1.0029333974213028
BH_s00_high,0,213,7.1,1.1976277828216553,0.8045196120276358
BH_s00_high,0,214,7.133333333333334,0.6765459179878235,0.6027286093652011
BH_s00_high,0,215,7.166666666666667,0.16631247103214264,0.4014117052489141
BH_s00_high,0,216,7.2,-0.0701361894607544,0.1939123286176087
BH_s00_high,0,217,7.233333333333333,-0.14160099625587463,-0.028750488536556457
BH_s00_high,0,218,7.266666666666667,-0.04352255538105965,-0.26894776685861765
BH_s00_high,0,219,7.3,0.11837974935770035,-0.51738234573605
BH_s00_high,0,220,7.333333333333333,0.20833386480808258,-0.7538104351884483
BH_s00_high,0,221,7.366666666666666,0.1894870549440384,-0.9523636392048588
BH_s00_high,0,222,7.4,-0.001627049408853054,-1.0895757994400679
BH_s00_high,0,223,7.433333333333334,-0.16696840524673462,-1.152862227093233
BH_s00_high,0,224,7.466666666666667,-0.44075319170951843,-1.1458618180915345
BH_s00_high,0,225,7.5,-0.6380304098129272,-1.086470976605355
BH_s00_high,0,226,7.533333333333333,-0.774922788143158,-0.9971980507206982
BH_s00_high,0,227,7.566666666666666,-0.9114576578140259,-0.8914991540100333
BH_s00_high,0,228,7.6,-0.9114576578140259,-0.7637331252780943
BH_s00_high,0,229,7.633333333333334,-0.9114576578140259,-0.5925259696833278
BH_s00_high,0,230,7.666666666666667,-0.9114576578140259,-0.35661025495538695
BH_s00_high,0,231,7.7,-0.8534393906593323,-0.05161389896868532
BH_s00_high,0,232,7.733333333333333,-0.8414707183837891,0.30132303890999995
BH_s00_high,0,233,7.766666666666667,-0.8414707183837891,0.659671603063984
BH_s00_high,0,234,7.8,-0.9114576578140259,0.973968835547788
BH_s00_high,0,235,7.833333333333333,-0.9814446568489075,1.203824143104182
BH_s00_high,0,236,7.866666666666666,-0.6284181475639343,1.3285187194850185
BH_s00_high,0,237,7.9,0.16555972397327423,1.3485618777816815
BH_s00_high,0,238,7.933333333333334,1.2697697877883911,1.279398007712601
BH_s00_high,0,239,7.966666666666667,1.9881187677383423,1.1428254665518873
BH_s00_high,0,240,8.0,2.1376848220825195,0.9601215461322519
BH_s00_high,0,241,8.033333333333333,1.8491971492767334,0.7484216106440514
BH_s00_high,0,242,8.066666666666666,1.3716145753860474,0.5199979047254083
BH_s00_high,0,243,8.1,0.8940319418907166,0.28247607606024483
BH_s00_high,0,244,8.133333333333333,0.5043944120407104,0.039399707524695585
BH_s00_high,0,245,8.166666666666666,0.26344430446624756,-0.20790513509829828
BH_s00_high,0,246,8.2,0.20833386480808258,-0.45700991091957427
BH_s00_high,0,247,8.233333333333333,0.287034273147583,-0.7004104299271151
BH_s00_high,0,248,8.266666666666667,0.4182947874069214,-0.9228404209666183
BH_s00_high,0,249,8.3,0.41574445366859436,-1.1025222468025861
BH_s00_high,0,250,8.333333333333334,0.27885204553604126,-1.2168660255087815
BH_s00_high,0,251,8.366666666666667,0.07197268307209015,-1.250764035807974
BH_s00_high,0,252,8.4,-0.1282123625278473,-1.2035697502117804
BH_s00_high,0,253,8.433333333333334,-0.4019971489906311,-1.0896677815091056
BH_s00_high,0,254,8.466666666666667,-0.6057949662208557,-0.9314764495521507
BH_s00_high,0,255,8.5,-0.7014967799186707,-0.7480191356214919
BH_s00_high,0,256,8.533333333333333,-0.7714837193489075,-0.5452647561014552
BH_s00_high,0,257,8.566666666666666,-0.7714837193489075,-0.3160346923204123
BH_s00_high,0,258,8.6,-0.7714837193489075,-0.04975191819067809
BH_s00_high,0,259,8.633333333333333,-0.7714837193489075,0.25530648556341995
BH_s00_high,0,260,8.666666666666666,-0.7714837193489075,0.5835750987779253
BH_s00_high,0,261,8.7,-0.7714837193489075,0.9014403257195039
BH_s00_high,0,262,8.733333333333333,-0.8039608597755432,1.164847995848385
BH_s00_high,0,263,8.766666666666667,-0.8708662986755371,1.332639367630249
BH_s00_high,0,264,8.8,-0.937771737575531,1.3805739839807747
BH_s00_high,0,265,8.833333333333334,-1.051431655883789,1.3095943570640312
BH_s00_high,0,266,8.866666666666667,-0.9008409380912781,1.1447321166851139
BH_s00_high,0,267,8.9,-0.1620892584323883,0.9246750980764111
BH_s00_high,0,268,8.933333333333334,0.8941200971603394,0.6869945998131728
BH_s00_high,0,269,8.966666666666667,1.861659288406372,0.4578850041643566
BH_s00_high,0,270,9.0,2.160144329071045,0.24961340082133493
BH_s00_high,0,271,9.033333333333333,1.8737916946411133,0.06267549389817366
BH_s00_high,0,272,9.066666666666666,1.3931275606155396,-0.10982501131053854
BH_s00_high,0,273,9.1,0.9138832688331604,-0.27683836742499024
BH_s00_high,0,274,9.133333333333333,0.5017861723899841,-0.4445233923666411
BH_s00_high,0,275,9.166666666666666,0.15351295471191406,-0.6133345645203977
BH_s00_high,0,276,9.2,0.13834689557552338,-0.7772597410978176
BH_s00_high,0,277,9.233333333333333,0.2508285641670227,-0.9242832992281044
BH_s00_high,0,278,9.266666666666667,0.40146708488464355,-1.0382119485093724
BH_s00_high,0,279,9.3,0.4382040202617645,-1.1029943336410524
BH_s00_high,0,280,9.333333333333334,0.371298611164093,-1.108331480760818
BH_s00_high,0,281,9.366666666666667,0.12050460278987885,-1.0532209667655819
BH_s00_high,0,282,9.4,-0.08329320698976517,-0.9456511761701563
BH_s00_high,0,283,9.433333333333334,-0.3570779860019684,-0.7986494037975366
BH_s00_high,0,284,9.466666666666667,-0.526205837726593,-0.6241166349700554
BH_s00_high,0,285,9.5,-0.6630982160568237,-0.42684520901229045
BH_s00_high,0,286,9.533333333333333,-0.7714837193489075,-0.2025344508149865
BH_s00_high,0,287,9.566666666666666,-0.7714837193489075,0.05591939996995424
BH_s00_high,0,288,9.6,-0.7714837193489075,0.34651354353341546
BH_s00_high,0,289,9.633333333333333,-0.7522215247154236,0.649650568423542
BH_s00_high,0,290,9.666666666666666,-0.7014967799186707,0.9285839414087167
BH_s00_high,0,291,9.7,-0.7145958542823792,1.1394081251735195
BH_s00_high,0,292,9.733333333333333,-0.7714837193489075,1.24681814357729
BH_s00_high,0,293,9.766666666666667,-0.8484067320823669,1.2382304472196655
BH_s00_high,0,294,9.8,-0.9814446568489075,1.1296166802023002
BH_s00_high,0,295,9.833333333333334,-0.8383790850639343,0.9586446087573748
BH_s00_high,0,296,9.866666666666667,-0.15545284748077393,0.7682424823655353
BH_s00_high,0,297,9.9,0.8004852533340454,0.5905414891968378
BH_s00_high,0,298,9.933333333333334,1.7056884765625,0.437947090123369
BH_s00_high,0,299,9.966666666666667,1.9580081701278687,0.30346517124792227
BH_s00_high,1,0,10.0,1.777316927909851,0.008101043361182616
BH_s00_high,1,1,10.033333333333333,1.3112876415252686,0.09431366336968018
BH_s00_high,1,2,10.066666666666666,0.7814344763755798,0.16150752822576375
BH_s00_high,1,3,10.1,0.3499593436717987,0.19653156801214516
BH_s00_high,1,4,10.133333333333333,0.09532097727060318,0.19658927111244334
BH_s00_high,1,5,10.166666666666666,-0.001627049408853054,0.168183124568893
BH_s00_high,1,6,10.2,0.10522273182868958,0.12056816002008235
BH_s00_high,1,7,10.233333333333333,0.3121021091938019,0.061582709931694395
BH_s00_high,1,8,10.266666666666667,0.3483078181743622,-0.002148215727165388
BH_s00_high,1,9,10.3,0.2507026791572571,-0.06496200758544295
BH_s00_high,1,10,10.333333333333334,0.04382331669330597,-0.123246288815942
BH_s00_high,1,11,10.366666666666667,-0.18451109528541565,-0.17586957576730664
BH_s00_high,1,12,10.4,-0.38830891251564026,-0.22242543861931358
BH_s00_high,1,13,10.433333333333334,-0.646801769733429,-0.2587260861926733
BH_s00_high,1,14,10.466666666666667,-0.7836941480636597,-0.2728768647315279
BH_s00_high,1,15,10.5,-0.8414707183837891,-0.24829550353006694
BH_s00_high,1,16,10.533333333333333,-0.8414707183837891,-0.17278964448346557
BH_s00_high,1,17,10.566666666666666,-0.8414707183837891,-0.04570151956896282
BH_s00_high,1,18,10.6,-0.8414707183837891,0.12048755221538338
BH_s00_high,1,19,10.633333333333333,-0.8414707183837891,0.30249008257511245
BH_s00_high,1,20,10.666666666666666,-0.8414707183837891,0.4711800443585997
BH_s00_high,1,21,10.7,-0.902097225189209,0.5985176141279817
BH_s00_high,1,22,10.733333333333333,-0.9114576578140259,0.6649164359224538
BH_s00_high,1,23,10.766666666666667,-0.9814446568489075,0.6648593438826469
BH_s00_high,1,24,10.8,-1.102813482284546,0.6080258593256228
BH_s00_high,1,25,10.833333333333334,-1.1431052684783936,0.5132838274285606
BH_s00_high,1,26,10.866666666666667,-0.7553508877754211,0.39867019028963513
BH_s00_high,1,27,10.9,0.22334638237953186,0.27553488481285254
BH_s00_high,1,28,10.933333333333334,1.399678349494934,0.14920382429325457
BH_s00_high,1,29,10.966666666666667,2.2418785095214844,0.02221280758602654
BH_s00_high,1,30,11.0,2.3450374603271484,-0.10284947633783448
BH_s00_high,1,31,11.033333333333333,2.048725128173828,-0.22205888676482044
BH_s00_high,1,32,11.066666666666666,1.5278849601745605,-0.3305905979815596
BH_s00_high,1,33,11.1,1.0472208261489868,-0.4240387310466231
BH_s00_high,1,34,11.133333333333333,0.6365436315536499,-0.4996125397888546
BH_s00_high,1,35,11.166666666666666,0.33082303404808044,-0.5562937606945024
BH_s00_high,1,36,11.2,0.278320848941803,-0.5939009871581906
BH_s00_high,1,37,11.233333333333333,0.35962948203086853,-0.6118790950251756
BH_s00_high,1,38,11.266666666666667,0.4882817566394806,-0.6090654158448675
BH_s00_high,1,39,11.3,0.48312318325042725,-0.5857632085850449
BH_s00_high,1,40,11.333333333333334,0.3441537618637085,-0.546066387594131
BH_s00_high,1,41,11.366666666666667,0.07036896795034409,-0.4955687374335101
BH_s00_high,1,42,11.4,-0.13342884182929993,-0.43587823963851924
BH_s00_high,1,43,11.433333333333334,-0.40721362829208374,-0.36329100729662833
BH_s00_high,1,44,11.466666666666667,-0.6110114455223083,-0.27279183344419633
BH_s00_high,1,45,11.5,-0.7581530213356018,-0.16204266144035032
BH_s00_high,1,46,11.533333333333333,-0.8250584006309509,-0.03223925451070657
BH_s00_high,1,47,11.566666666666666,-0.8414707183837891,0.11422926678711891
BH_s00_high,1,48,11.6,-0.8414707183837891,0.27612552435378546
BH_s00_high,1,49,11.633333333333333,-0.7971406579017639,0.45020477194389963
BH_s00_high,1,50,11.666666666666666,-0.7714837193489075,0.6250707538105168
BH_s00_high,1,51,11.7,-0.8096506595611572,0.7819232770215475
BH_s00_high,1,52,11.733333333333333,-0.8414707183837891,0.9024361929227441
BH_s00_high,1,53,11.766666666666667,-0.9114576578140259,0.9742583017053907
BH_s00_high,1,54,11.8,-0.9814446568489075,0.9910084824314178
BH_s00_high,1,55,11.833333333333334,-1.0772722959518433,0.9507825409728848
BH_s00_high,1,56,11.866666666666667,-1.1914055347442627,0.8553564390183606
BH_s00_high,1,57,11.9,-1.1520503759384155,0.7097963451146172
BH_s00_high,1,58,11.933333333333334,-0.5687282085418701,0.5222061271654247
BH_s00_high,1,59,11.966666666666667,0.5399254560470581,0.30347570612475144
BH_s00_high,1,60,12.0,1.7406580448150635,0.06677426291722993
BH_s00_high,1,61,12.033333333333333,2.377929925918579,-0.17349667241578426
BH_s00_high,1,62,12.066666666666666,2.295133352279663,-0.4032585760713037
BH_s00_high,1,63,12.1,1.883267879486084,-0.610439094082124
BH_s00_high,1,64,12.133333333333333,1.2676045894622803,-0.7860356705609379
BH_s00_high,1,65,12.166666666666666,0.7831540107727051,-0.9236192530992422
BH_s00_high,1,66,12.2,0.36442050337791443,-1.0181479681809784
BH_s00_high,1,67,12.233333333333333,0.149484783411026,-1.066515925018107
BH_s00_high,1,68,12.266666666666667,0.19411441683769226,-1.0690782796484133
BH_s00_high,1,69,12.3,0.40099379420280457,-1.028439447130724
BH_s00_high,1,70,12.333333333333334,0.5378862023353577,-0.9458490222254841
BH_s00_high,1,71,12.366666666666667,0.5117458701133728,-0.8195600312718094
BH_s00_high,1,72,12.4,0.331412136554718,-0.6471169676287529
BH_s00_high,1,73,12.433333333333334,0.0576273538172245,-0.4305831618481244
BH_s00_high,1,74,12.466666666666667,-0.21615742146968842,-0.18100205030447541
BH_s00_high,1,75,12.5,-0.45574554800987244,0.08337111953577367
BH_s00_high,1,76,12.533333333333333,-0.6626248955726624,0.34379876092526723
BH_s00_high,1,77,12.566666666666666,-0.7714837193489075,0.5850910900870306
BH_s00_high,1,78,12.6,-0.8414707183837891,0.7949957122576503
BH_s00_high,1,79,12.633333333333333,-0.8414707183837891,0.9631727954660785
BH_s00_high,1,80,12.666666666666666,-0.7714837193489075,1.0813419257220447
BH_s00_high,1,81,12.7,-0.7714837193489075,1.1430858524011611
BH_s00_high,1,82,12.733333333333333,-0.7714837193489075,1.1439510906695425
BH_s00_high,1,83,12.766666666666667,-0.7714837193489075,1.084445405024706
BH_s00_high,1,84,12.8,-0.8479334115982056,0.9737826857298125
BH_s00_high,1,85,12.833333333333334,-0.9148388504981995,0.8280339680402015
BH_s00_high,1,86,12.866666666666667,-1.0508323907852173,0.6630072132246438
BH_s00_high,1,87,12.9,-0.6426376104354858,0.488825318231042
BH_s00_high,1,88,12.933333333333334,0.23727630078792572,0.30934981737480566
BH_s00_high,1,89,12.966666666666667,1.3965388536453247,0.12500240357457412
BH_s00_high,1,90,13.0,2.1198625564575195,-0.06345307623659222
BH_s00_high,1,91,13.033333333333333,2.183077335357666,-0.2529367370479024
BH_s00_high,1,92,13.066666666666666,1.7508190870285034,-0.4384870378619011
BH_s00_high,1,93,13.1,1.2032495737075806,-0.6144425090735679
BH_s00_high,1,94,13.133333333333333,0.6556800007820129,-0.7757967020819412
BH_s00_high,1,95,13.166666666666666,0.22064998745918274,-0.9203656853510788
BH_s00_high,1,96,13.2,-0.001627049408853054,-1.0498690484782411
BH_s00_high,1,97,13.233333333333333,-0.001627049408853054,-1.1660052698831702
BH_s00_high,1,98,13.266666666666667,0.20496279001235962,-1.2629895220991103
BH_s00_high,1,99,13.3,0.378534197807312,-1.3231347457124691
BH_s00_high,1,100,13.333333333333334,0.39114993810653687,-1.3196476908021477
BH_s00_high,1,101,13.366666666666667,0.23019424080848694,-1.2272579679047042
BH_s00_high,1,102,13.4,-0.022608794271945953,-1.035157167859133
BH_s00_high,1,103,13.433333333333334,-0.2652885317802429,-0.7518814609897861
BH_s00_high,1,104,13.466666666666667,-0.576341450214386,-0.4002350037774201
BH_s00_high,1,105,13.5,-0.7832208275794983,-0.009198198038916354
BH_s00_high,1,106,13.533333333333333,-0.920113205909729,0.3921930650554089
BH_s00_high,1,107,13.566666666666666,-0.9814446568489075,0.7772163082607175
BH_s00_high,1,108,13.6,-0.9814446568489075,1.120988453606176
BH_s00_high,1,109,13.633333333333333,-0.9814446568489075,1.4003447179007125
BH_s00_high,1,110,13.666666666666666,-0.9151283502578735,1.5954671654694927
BH_s00_high,1,111,13.7,-0.9114576578140259,1.692431789994524
BH_s00_high,1,112,13.733333333333333,-0.9114576578140259,1.6856221001896525
BH_s00_high,1,113,13.766666666666667,-0.9685293436050415,1.5789728690805642
BH_s00_high,1,114,13.8,-1.0354347229003906,1.3856599723395093
BH_s00_high,1,115,13.833333333333334,-1.1023402214050293,1.1265687115286895
BH_s00_high,1,116,13.866666666666667,-1.1435785293579102,0.8273993261978899
BH_s00_high,1,117,13.9,-0.5282526016235352,0.5139094837062353
BH_s00_high,1,118,13.933333333333334,0.5549858212471008,0.20664537484514617
BH_s00_high,1,119,13.966666666666667,1.8467450141906738,-0.08185551555426127
BH_s00_high,1,120,14.0,2.518918514251709,-0.3462767176721798
BH_s00_high,1,121,14.033333333333333,2.523052453994751,-0.585149213854478
BH_s00_high,1,122,14.066666666666666,2.120605230331421,-0.7972361868460893
BH_s00_high,1,123,14.1,1.5030487775802612,-0.980769737342507
BH_s00_high,1,124,14.133333333333333,0.9786537885665894,-1.1352867178135682
BH_s00_high,1,125,14.166666666666666,0.5180826783180237,-1.2625874410029387
BH_s00_high,1,126,14.2,0.26130935549736023,-1.3645553682568377
BH_s00_high,1,127,14.233333333333333,0.22226379811763763,-1.4374933144672808
BH_s00_high,1,128,14.266666666666667,0.35915619134902954,-1.467245684829404
BH_s00_high,1,129,14.3,0.4882817566394806,-1.4328691019809627
BH_s00_high,1,130,14.333333333333334,0.48359647393226624,-1.3175531707957722
BH_s00_high,1,131,14.366666666666667,0.27511340379714966,-1.116682398464541
BH_s00_high,1,132,14.4,0.0013286136090755463,-0.8384800659496104
BH_s00_high,1,133,14.433333333333334,-0.20246919989585876,-0.4993301016809427
BH_s00_high,1,134,14.466666666666667,-0.4762539863586426,-0.11795682680758779
BH_s00_high,1,135,14.5,-0.750038743019104,0.2864223554340345
BH_s00_high,1,136,14.533333333333333,-0.8976536393165588,0.6917793042509605
BH_s00_high,1,137,14.566666666666666,-0.9645590782165527,1.0715047472496477
BH_s00_high,1,138,14.6,-0.9814446568489075,1.3959410493659095
BH_s00_high,1,139,14.633333333333333,-0.934506356716156,1.6372187439950652
BH_s00_high,1,140,14.666666666666666,-0.9114576578140259,1.7753425012326438
BH_s00_high,1,141,14.7,-0.9114576578140259,1.8018748133838705
BH_s00_high,1,142,14.733333333333333,-0.9114576578140259,1.7200581059429
BH_s00_high,1,143,14.766666666666667,-0.9114576578140259,1.542915659878712
BH_s00_high,1,144,14.8,-1.0129752159118652,1.2904505622116935
BH_s00_high,1,145,14.833333333333334,-1.1498675346374512,0.9863657243604186
BH_s00_high,1,146,14.866666666666667,-1.1406707763671875,0.6545254426247431
BH_s00_high,1,147,14.9,-0.5454956889152527,0.31526074549163874
BH_s00_high,1,148,14.933333333333334,0.470363974571228,-0.017295423823608186
BH_s00_high,1,149,14.966666666666667,1.7209326028823853,-0.33479480787803945
BH_s00_high,1,150,15.0,2.320984125137329,-0.6316961856127986
BH_s00_high,1,151,15.033333333333333,2.278064012527466,-0.9026660617321234
BH_s00_high,1,152,15.066666666666666,1.8536306619644165,-1.1414305045841873
BH_s00_high,1,153,15.1,1.2429522275924683,-1.3400700009642292
BH_s00_high,1,154,15.133333333333333,0.6953826546669006,-1.4886547665975145
BH_s00_high,1,155,15.166666666666666,0.2154335081577301,-1.5761020016488347
BH_s00_high,1,156,15.2,0.0038210488855838776,-1.5925802239274065
BH_s00_high,1,157,15.233333333333333,0.12981724739074707,-1.5330809797699516
BH_s00_high,1,158,15.266666666666667,0.3250854015350342,-1.3998190233967789
BH_s00_high,1,159,15.3,0.4735890030860901,-1.1997615059180304
BH_s00_high,1,160,15.333333333333334,0.4360690712928772,-0.9394066642515828
BH_s00_high,1,161,15.366666666666667,0.2500455677509308,-0.6241780096495314
BH_s00_high,1,162,15.4,0.02231035940349102,-0.2633533349014414
BH_s00_high,1,163,15.433333333333334,-0.29752397537231445,0.12528004138272203
BH_s00_high,1,164,15.466666666666667,-0.5713087916374207,0.5151997442362214
BH_s00_high,1,165,15.5,-0.738301694393158,0.8767293946276149
BH_s00_high,1,166,15.533333333333333,-0.8751940727233887,1.1850775744575597
BH_s00_high,1,167,15.566666666666666,-0.9114576578140259,1.4236054628612482
BH_s00_high,1,168,15.6,-0.9114576578140259,1.5813731585330477
BH_s00_high,1,169,15.633333333333333,-0.8414707183837891,1.6504602232933483
BH_s00_high,1,170,15.666666666666666,-0.8414707183837891,1.6263266308849924
BH_s00_high,1,171,15.7,-0.7897993326187134,1.5113158081246272
BH_s00_high,1,172,15.733333333333333,-0.8567047715187073,1.3183724474808587
BH_s00_high,1,173,15.766666666666667,-0.9114576578140259,1.0698102144345711
BH_s00_high,1,174,15.8,-0.7261289954185486,0.7909946303583134
BH_s00_high,1,175,15.833333333333334,0.0402987003326416,0.5039321330199402
BH_s00_high,1,176,15.866666666666667,1.0685324668884277,0.22379890727557109
BH_s00_high,1,177,15.9,1.8871526718139648,-0.04120665632587961
BH_s00_high,1,178,15.933333333333334,2.0279951095581055,-0.28782705989438134
BH_s00_high,1,179,15.966666666666667,1.6970707178115845,-0.5158118638638864
BH_s00_high,1,180,16.0,1.1652562618255615,-0.7269325996917719
BH_s00_high,1,181,16.033333333333335,0.6082683801651001,-0.9241737544771755
BH_s00_high,1,182,16.066666666666666,0.13068579137325287,-1.1098527136905865
BH_s00_high,1,183,16.1,-0.05295100063085556,-1.2814042268238275
BH_s00_high,1,184,16.133333333333333,-0.02337162010371685,-1.4270070588554453
BH_s00_high,1,185,16.166666666666668,0.08869464695453644,-1.526170822479427
BH_s00_high,1,186,16.2,0.2504131495952606,-1.55613576569076
BH_s00_high,1,187,16.233333333333334,0.3483078181743622,-1.5003671489165396
BH_s00_high,1,188,16.266666666666666,0.2064884454011917,-1.3543288503840971
BH_s00_high,1,189,16.3,-0.03446169197559357,-1.1237976261770795
BH_s00_high,1,190,16.333333333333332,-0.2710941433906555,-0.8182505237943376
BH_s00_high,1,191,16.366666666666667,-0.5448789000511169,-0.448382832115876
BH_s00_high,1,192,16.4,-0.7486767172813416,-0.029865445784178518
BH_s00_high,1,193,16.433333333333334,-0.9114576578140259,0.41207621042803194
BH_s00_high,1,194,16.466666666666665,-0.9814446568489075,0.84199639394548
BH_s00_high,1,195,16.5,-0.9814446568489075,1.2202123065732318
BH_s00_high,1,196,16.533333333333335,-0.970180869102478,1.512858872589921
BH_s00_high,1,197,16.566666666666666,-0.9032754302024841,1.6987008196137716
BH_s00_high,1,198,16.6,-0.8414707183837891,1.7700003724282596
BH_s00_high,1,199,16.633333333333333,-0.8414707183837891,1.7299201872064995
BH_s00_high,1,200,16.666666666666668,-0.8414707183837891,1.5893463749557803
BH_s00_high,1,201,16.7,-0.9114576578140259,1.3656063093490167
BH_s00_high,1,202,16.733333333333334,-1.044206142425537,1.082274602981615
BH_s00_high,1,203,16.766666666666666,-1.0020588636398315,0.7663071171639891
BH_s00_high,1,204,16.8,-0.30530840158462524,0.44266237809315695
BH_s00_high,1,205,16.833333333333332,0.7599719166755676,0.13056374295953094
BH_s00_high,1,206,16.866666666666667,1.9415682554244995,-0.1570661175305801
BH_s00_high,1,207,16.9,2.425283670425415,-0.4124267291864929
BH_s00_high,1,208,16.933333333333334,2.2451136112213135,-0.6315552438760912
BH_s00_high,1,209,16.966666666666665,1.793245792388916,-0.8143123007798148
BH_s00_high,1,210,17.0,1.283785343170166,-0.9647558045554498
BH_s00_high,1,211,17.033333333333335,0.8031211495399475,-1.0890585664407875
BH_s00_high,1,212,17.066666666666666,0.42438989877700806,-1.1910237791811318
BH_s00_high,1,213,17.1,0.278320848941803,-1.2682387902994892
BH_s00_high,1,214,17.133333333333333,0.30410367250442505,-1.3106413247981583
BH_s00_high,1,215,17.166666666666668,0.4182947874069214,-1.301619191130601
BH_s00_high,1,216,17.2,0.4882817566394806,-1.222614351370085
BH_s00_high,1,217,17.233333333333334,0.40175661444664,-1.0626758482603413
BH_s00_high,1,218,17.266666666666666,0.18142062425613403,-0.8282193977337169
BH_s00_high,1,219,17.3,-0.02237717993557453,-0.5431460293798641
BH_s00_high,1,220,17.333333333333332,-0.296161949634552,-0.23814211589766876
BH_s00_high,1,221,17.366666666666667,-0.5657348036766052,0.06296121780251265
BH_s00_high,1,222,17.4,-0.7026271820068359,0.35089333858807037
BH_s00_high,1,223,17.433333333333334,-0.8395195603370667,0.6250940262684939
BH_s00_high,1,224,17.466666666666665,-0.8414707183837891,0.8795737508584601
BH_s00_high,1,225,17.5,-0.8414707183837891,1.0972044974379893
BH_s00_high,1,226,17.533333333333335,-0.782679557800293,1.2567034859562205
BH_s00_high,1,227,17.566666666666666,-0.7714837193489075,1.3430091989069313
BH_s00_high,1,228,17.6,-0.7714837193489075,1.353334022854483
BH_s00_high,1,229,17.633333333333333,-0.8414707183837891,1.29479981364443
BH_s00_high,1,230,17.666666666666668,-0.8879356980323792,1.176667456302141
BH_s00_high,1,231,17.7,-0.9548410773277283,1.0063976063297202
BH_s00_high,1,232,17.733333333333334,-1.0217465162277222,0.7917528450089533
BH_s00_high,1,233,17.766666666666666,-1.1586389541625977,0.5435914539806729
BH_s00_high,1,234,17.8,-0.9848635196685791,0.2765829752500889
BH_s00_high,1,235,17.833333333333332,-0.23520560562610626,0.008419478747925181
BH_s00_high,1,236,17.866666666666667,0.8520609736442566,-0.24261137554951076
BH_s00_high,1,237,17.9,1.8025307655334473,-0.46246213511464
BH_s00_high,1,238,17.933333333333334,2.076169490814209,-0.6460515491655181
BH_s00_high,1,239,17.966666666666665,1.8318281173706055,-0.7966675663675096
BH_s00_high,1,240,18.0,1.4055014848709106,-0.9203853557525947
BH_s00_high,1,241,18.033333333333335,0.870499849319458,-1.0213117252246493
BH_s00_high,1,242,18.066666666666666,0.4693090617656708,-1.1000759614638322
BH_s00_high,1,243,18.1,0.20192906260490417,-1.154037697451397
BH_s00_high,1,244,18.133333333333333,0.07168316841125488,-1.177291258529089
BH_s00_high,1,245,18.166666666666668,0.2085755616426468,-1.158788236502813
BH_s00_high,1,246,18.2,0.3454679548740387,-1.0812186935570476
BH_s00_high,1,247,18.233333333333334,0.3483078181743622,-0.926836665511345
BH_s00_high,1,248,18.266666666666666,0.28732380270957947,-0.6889088161087542
BH_s00_high,1,249,18.3,0.022541971877217293,-0.38009852329453137
BH_s00_high,1,250,18.333333333333332,-0.18125583231449127,-0.032052679063602756
BH_s00_high,1,251,18.366666666666667,-0.3850536644458771,0.315119020715372
BH_s00_high,1,252,18.4,-0.5401936769485474,0.6273147134620038
BH_s00_high,1,253,18.433333333333334,-0.6770860552787781,0.8827541653056341
BH_s00_high,1,254,18.466666666666665,-0.7014967799186707,1.068669587925461
BH_s00_high,1,255,18.5,-0.7714837193489075,1.1777290733699177
BH_s00_high,1,256,18.533333333333335,-0.7014967799186707,1.2083438053277458
BH_s00_high,1,257,18.566666666666666,-0.7014967799186707,1.166627128361632
BH_s00_high,1,258,18.6,-0.7014967799186707,1.0669598465924803
BH_s00_high,1,259,18.633333333333333,-0.7285836935043335,0.9282177826714627
BH_s00_high,1,260,18.666666666666668,-0.7714837193489075,0.7673600173964464
BH_s00_high,1,261,18.7,-0.8623945713043213,0.5963370137237817
BH_s00_high,1,262,18.733333333333334,-0.9114576578140259,0.42340614226212214
BH_s00_high,1,263,18.766666666666666,-0.6424537897109985,0.2548542603997108
BH_s00_high,1,264,18.8,0.06844807416200638,0.09523602715273449
BH_s00_high,1,265,18.833333333333332,0.8898023962974548,-0.053125847101371415
BH_s00_high,1,266,18.866666666666667,1.4736154079437256,-0.19027237256456728
BH_s00_high,1,267,18.9,1.4632302522659302,-0.3172542206655507
BH_s00_high,1,268,18.933333333333334,1.1894454956054688,-0.43404281141868767
BH_s00_high,1,269,18.966666666666665,0.7094283699989319,-0.5391453332793424
BH_s00_high,1,270,19.0,0.29875120520591736,-0.6309581611366326
BH_s00_high,1,271,19.033333333333335,0.008264625445008278,-0.7084942796579733
BH_s00_high,1,272,19.066666666666666,-0.07161401957273483,-0.7704817559585527
BH_s00_high,1,273,19.1,-0.017681827768683434,-0.8134874808708427
BH_s00_high,1,274,19.133333333333333,0.04922359436750412,-0.8307426366163656
BH_s00_high,1,275,19.166666666666668,0.18611598014831543,-0.8139108386513608
BH_s00_high,1,276,19.2,0.16364632546901703,-0.7571039602243295
BH_s00_high,1,277,19.233333333333334,0.02675393410027027,-0.6596582339011692
BH_s00_high,1,278,19.266666666666666,-0.14866289496421814,-0.5264783062310313
BH_s00_high,1,279,19.3,-0.3870047926902771,-0.3673049315628097
BH_s00_high,1,280,19.333333333333332,-0.5238971710205078,-0.19524011585068862
BH_s00_high,1,281,19.366666666666667,-0.6607895493507385,-0.023765569117716386
BH_s00_high,1,282,19.4,-0.7714837193489075,0.13711888248818488
BH_s00_high,1,283,19.433333333333334,-0.7714837193489075,0.2836761599910824
BH_s00_high,1,284,19.466666666666665,-0.7714837193489075,0.4178987082355328
BH_s00_high,1,285,19.5,-0.7545301914215088,0.5417617832520905
BH_s00_high,1,286,19.533333333333335,-0.7014967799186707,0.6495830441727009
BH_s00_high,1,287,19.566666666666666,-0.7122872471809387,0.7262325296079347
BH_s00_high,1,288,19.6,-0.7714837193489075,0.7533231559260096
BH_s00_high,1,289,19.633333333333333,-0.7761111259460449,0.7192887948141702
BH_s00_high,1,290,19.666666666666668,-0.843016505241394,0.6274395443758372
BH_s00_high,1,291,19.7,-0.9114576578140259,0.4957084501949842
BH_s00_high,1,292,19.733333333333334,-1.0468143224716187,0.34856270807053263
BH_s00_high,1,293,19.766666666666666,-0.9268553853034973,0.20815983304143262
BH_s00_high,1,294,19.8,-0.2062833309173584,0.08912670409017989
BH_s00_high,1,295,19.833333333333332,0.7273210883140564,-0.0023699076433091014
BH_s00_high,1,296,19.866666666666667,1.6463862657546997,-0.06637293437648815
BH_s00_high,1,297,19.9,1.9379831552505493,-0.10619005860603357
BH_s00_high,1,298,19.933333333333334,1.747380018234253,-0.12635327126946658
BH_s00_high,1,299,19.966666666666665,1.4066898822784424,-0.13182450893279243
BH_s00_high,2,0,20.0,0.9960126876831055,-0.1045792258690729
BH_s00_high,2,1,20.033333333333335,0.62297123670578,-0.07867915569622219
BH_s00_high,2,2,20.066666666666666,0.3837406039237976,-0.07046624555341659
BH_s00_high,2,3,20.1,0.278320848941803,-0.0943780611871484
BH_s00_high,2,4,20.133333333333333,0.278320848941803,-0.15716830449161154
BH_s00_high,2,5,20.166666666666668,0.3736173212528229,-0.25631813102679535
BH_s00_high,2,6,20.2,0.396066814661026,-0.3812011070394887
BH_s00_high,2,7,20.233333333333334,0.3100149929523468,-0.5138659043563265
BH_s00_high,2,8,20.266666666666666,0.10621717572212219,-0.6290501557914455
BH_s00_high,2,9,20.3,-0.027593664824962616,-0.6958920056999919
BH_s00_high,2,10,20.333333333333332,-0.23139147460460663,-0.6831390521473788
BH_s00_high,2,11,20.366666666666667,-0.42836907505989075,-0.568325034016716
BH_s00_high,2,12,20.4,-0.5615228414535522,-0.3477799601678776
BH_s00_high,2,13,20.433333333333334,-0.6315097808837891,-0.0413176803337389
BH_s00_high,2,14,20.466666666666665,-0.6315097808837891,0.31080637158920443
BH_s00_high,2,15,20.5,-0.6315097808837891,0.656775081960766
BH_s00_high,2,16,20.533333333333335,-0.5701103806495667,0.9451845528303454
BH_s00_high,2,17,20.566666666666666,-0.619840681552887,1.1369977239992128
BH_s00_high,2,18,20.6,-0.6315097808837891,1.213988568622671
BH_s00_high,2,19,20.633333333333333,-0.6836645603179932,1.1803863722585912
BH_s00_high,2,20,20.666666666666668,-0.7505699992179871,1.0577550812122671
BH_s00_high,2,21,20.7,-0.8174753785133362,0.8763901800570078
BH_s00_high,2,22,20.733333333333334,-0.8414707183837891,0.666754276943054
BH_s00_high,2,23,20.766666666666666,-0.9114576578140259,0.4539830013285088
BH_s00_high,2,24,20.8,-0.9814446568489075,0.25558984109603244
BH_s00_high,2,25,20.833333333333332,-0.9141137599945068,0.07982002722593703
BH_s00_high,2,26,20.866666666666667,-0.37801942229270935,-0.07525096061206536
BH_s00_high,2,27,20.9,0.5408242344856262,-0.21909685969376724
BH_s00_high,2,28,20.933333333333334,1.4502294063568115,-0.36262237284294047
BH_s00_high,2,29,20.966666666666665,1.8880212306976318,-0.5115090580197467
BH_s00_high,2,30,21.0,1.781518816947937,-0.6625278829427547
BH_s00_high,2,31,21.033333333333335,1.4073947668075562,-0.8060389652714027
BH_s00_high,2,32,21.066666666666666,0.941906750202179,-0.9321685878017316
BH_s00_high,2,33,21.1,0.540242612361908,-1.0331261847536182
BH_s00_high,2,34,21.133333333333333,0.27238935232162476,-1.1005421575097885
BH_s00_high,2,35,21.166666666666668,0.20833386480808258,-1.1233825775143989
BH_s00_high,2,36,21.2,0.2780892252922058,-1.0894240792009673
BH_s00_high,2,37,21.233333333333334,0.4149816036224365,-0.9898254835879026
BH_s00_high,2,38,21.266666666666666,0.4882817566394806,-0.824322039608117
BH_s00_high,2,39,21.3,0.42777106165885925,-0.6031507177805865
BH_s00_high,2,40,21.333333333333332,0.22089168429374695,-0.3444438676930684
BH_s00_high,2,41,21.366666666666667,0.014012322761118412,-0.06877626735717042
BH_s00_high,2,42,21.4,-0.19286704063415527,0.20636111526773496
BH_s00_high,2,43,21.433333333333334,-0.3997464179992676,0.46894523137085425
BH_s00_high,2,44,21.466666666666665,-0.49153584241867065,0.7112633596048046
BH_s00_high,2,45,21.5,-0.5615228414535522,0.9276498441752815
BH_s00_high,2,46,21.533333333333335,-0.5615228414535522,1.1119773697677273
BH_s00_high,2,47,21.566666666666666,-0.5615228414535522,1.2540355336910267
BH_s00_high,2,48,21.6,-0.5615228414535522,1.337246548092074
BH_s00_high,2,49,21.633333333333333,-0.5615228414535522,1.3428734445865003
BH_s00_high,2,50,21.666666666666668,-0.5615228414535522,1.2593603352012717
BH_s00_high,2,51,21.7,-0.6315097808837891,1.0891695773595031
BH_s00_high,2,52,21.733333333333334,-0.7219473123550415,0.8494487025163858
BH_s00_high,2,53,21.766666666666666,-0.7541147470474243,0.5676901084324115
BH_s00_high,2,54,21.8,-0.43438613414764404,0.2748818429304254
BH_s00_high,2,55,21.833333333333332,0.21678803861141205,-0.0006363459397597214
BH_s00_high,2,56,21.866666666666667,1.0887991189956665,-0.23726477163032506
BH_s00_high,2,57,21.9,1.6131160259246826,-0.42285052313663735
BH_s00_high,2,58,21.933333333333334,1.6041508913040161,-0.5561406534769044
BH_s00_high,2,59,21.966666666666665,1.3303660154342651,-0.6464071911846007
BH_s00_high,2,60,22.0,0.8550241589546204,-0.7105741353724309
BH_s00_high,2,61,22.033333333333335,0.5028486251831055,-0.7673254004964346
BH_s00_high,2,62,22.066666666666666,0.15907685458660126,-0.8295000474725737
BH_s00_high,2,63,22.1,0.06835991889238358,-0.8977747973100231
BH_s00_high,2,64,22.133333333333333,0.06835991889238358,-0.9591350597723292
BH_s00_high,2,65,22.166666666666668,0.25871118903160095,-0.9932942941896791
BH_s00_high,2,66,22.2,0.32561662793159485,-0.9832769713735762
BH_s00_high,2,67,22.233333333333334,0.278320848941803,-0.9203632429900662
BH_s00_high,2,68,22.266666666666666,0.12606850266456604,-0.8020679383247105
BH_s00_high,2,69,22.3,-0.0396781750023365,-0.6304928163006626
BH_s00_high,2,70,22.333333333333332,-0.2815271019935608,-0.4136702570186806
BH_s00_high,2,71,22.366666666666667,-0.4534369111061096,-0.16701399930763283
BH_s00_high,2,72,22.4,-0.5903292894363403,0.08791656944808857
BH_s00_high,2,73,22.433333333333334,-0.6572347283363342,0.3291896311566968
BH_s00_high,2,74,22.466666666666665,-0.7014967799186707,0.5421691796025141
BH_s00_high,2,75,22.5,-0.7014967799186707,0.722531436498349
BH_s00_high,2,76,22.533333333333335,-0.7014967799186707,0.8726946744506494
BH_s00_high,2,77,22.566666666666666,-0.7014967799186707,0.994838074343554
BH_s00_high,2,78,22.6,-0.7014967799186707,1.0851552857681253
BH_s00_high,2,79,22.633333333333333,-0.7087323665618896,1.1342846145531356
BH_s00_high,2,80,22.666666666666668,-0.7714837193489075,1.1329633983949796
BH_s00_high,2,81,22.7,-0.8414707183837891,1.0763602877737737
BH_s00_high,2,82,22.733333333333334,-0.9094486236572266,0.9650861376022155
BH_s00_high,2,83,22.766666666666666,-0.9814446568489075,0.805869623625537
BH_s00_high,2,84,22.8,-1.051431655883789,0.6118204327059042
BH_s00_high,2,85,22.833333333333332,-0.6065376400947571,0.39912668777457194
BH_s00_high,2,86,22.866666666666667,0.26229628920555115,0.18129143532929107
BH_s00_high,2,87,22.9,1.3987518548965454,-0.03392865120302234
BH_s00_high,2,88,22.933333333333334,2.036487102508545,-0.2433977907169858
BH_s00_high,2,89,22.966666666666665,2.1215620040893555,-0.44582443614859757
BH_s00_high,2,90,23.0,1.8280316591262817,-0.6392060714517124
BH_s00_high,2,91,23.033333333333335,1.377110481262207,-0.8192323807471246
BH_s00_high,2,92,23.066666666666666,0.9738526940345764,-0.9787343216363484
BH_s00_high,2,93,23.1,0.6300809383392334,-1.1076780478202184
BH_s00_high,2,94,23.133333333333333,0.4572824537754059,-1.1943494820003637
BH_s00_high,2,95,23.166666666666668,0.3483078181743622,-1.2293110958833637
BH_s00_high,2,96,23.2,0.4182947874069214,-1.210035620542243
BH_s00_high,2,97,23.233333333333334,0.4882817566394806,-1.1409398281726961
BH_s00_high,2,98,23.266666666666666,0.4696086645126343,-1.0282724810797825
BH_s00_high,2,99,23.3,0.31712469458580017,-0.8742288693765928
BH_s00_high,2,100,23.333333333333332,0.05584992468357086,-0.6747219522871546
BH_s00_high,2,101,23.366666666666667,-0.09047091752290726,-0.4241346392773625
BH_s00_high,2,102,23.4,-0.35790881514549255,-0.12417490088219324
BH_s00_high,2,103,23.433333333333334,-0.49480119347572327,0.21153792274303312
BH_s00_high,2,104,23.466666666666665,-0.6315097808837891,0.5595961867276533
BH_s00_high,2,105,23.5,-0.6985989809036255,0.8915836131734137
BH_s00_high,2,106,23.533333333333335,-0.7014967799186707,1.1786025181838022
BH_s00_high,2,107,23.566666666666666,-0.7014967799186707,1.3945223173254078
BH_s00_high,2,108,23.6,-0.7014967799186707,1.5186999872745781
BH_s00_high,2,109,23.633333333333333,-0.7014967799186707,1.5403008062917405
BH_s00_high,2,110,23.666666666666668,-0.7014967799186707,1.4624880715686173
BH_s00_high,2,111,23.7,-0.7714837193489075,1.3012568732721894
BH_s00_high,2,112,23.733333333333334,-0.8414707183837891,1.0793021108505443
BH_s00_high,2,113,23.766666666666666,-0.9538944959640503,0.8208551413463484
BH_s00_high,2,114,23.8,-1.0207998752593994,0.549220449670661
BH_s00_high,2,115,23.833333333333332,-1.087705373764038,0.28421787971152
BH_s00_high,2,116,23.866666666666667,-1.1214185953140259,0.03926662072284764
BH_s00_high,2,117,23.9,-0.7609047293663025,-0.17942027251062875
BH_s00_high,2,118,23.933333333333334,0.11758926510810852,-0.3714362592998924
BH_s00_high,2,119,23.966666666666665,1.215809941291809,-0.5408581078010425
BH_s00_high,2,120,24.0,1.9506189823150635,-0.695379065062135
BH_s00_high,2,121,24.033333333333335,2.062413215637207,-0.8443176302020333
BH_s00_high,2,122,24.066666666666666,1.7592228651046753,-0.9948209579480486
BH_s00_high,2,123,24.1,1.2816402912139893,-1.146806672773397
BH_s00_high,2,124,24.133333333333333,0.812597393989563,-1.2886434294295768
BH_s00_high,2,125,24.166666666666668,0.4773654043674469,-1.39662726549969
BH_s00_high,2,126,24.2,0.27594420313835144,-1.4396300993898543
BH_s00_high,2,127,24.233333333333334,0.20833386480808258,-1.3881992102377638
BH_s00_high,2,128,24.266666666666666,0.2745343744754791,-1.2251819802184558
BH_s00_high,2,129,24.3,0.41142675280570984,-0.9532601923777275
BH_s00_high,2,130,24.333333333333332,0.4182947874069214,-0.5960775018176663
BH_s00_high,2,131,24.366666666666667,0.23439612984657288,-0.1916596788067638
BH_s00_high,2,132,24.4,0.030598312616348267,0.2189578083021609
BH_s00_high,2,133,24.433333333333334,-0.17319950461387634,0.6014021992305433
BH_s00_high,2,134,24.466666666666665,-0.3992730975151062,0.9318957827052478
BH_s00_high,2,135,24.5,-0.5361654758453369,1.1947278878752752
BH_s00_high,2,136,24.533333333333335,-0.6730578541755676,1.3770841814455967
BH_s00_high,2,137,24.566666666666666,-0.7014967799186707,1.4684796778498062
BH_s00_high,2,138,24.6,-0.7014967799186707,1.4652039253044098
BH_s00_high,2,139,24.633333333333333,-0.7014967799186707,1.3732607387524765
BH_s00_high,2,140,24.666666666666668,-0.7014967799186707,1.2072346434182557
BH_s00_high,2,141,24.7,-0.7276371121406555,0.9871661544693578
BH_s00_high,2,142,24.733333333333334,-0.7714837193489075,0.7352411354104349
BH_s00_high,2,143,24.766666666666666,-0.8414707183837891,0.4733678975523314
BH_s00_high,2,144,24.8,-0.8583663702011108,0.22153249452385654
BH_s00_high,2,145,24.833333333333332,-0.9814446568489075,-0.004218306900409981
BH_s00_high,2,146,24.866666666666667,-1.0621641874313354,-0.19368899136018436
BH_s00_high,2,147,24.9,-1.1137676239013672,-0.3423112696339359
BH_s00_high,2,148,24.933333333333334,-0.7440669536590576,-0.4496107240506979
BH_s00_high,2,149,24.966666666666665,0.08026322722434998,-0.5197935861531897
BH_s00_high,2,150,25.0,1.1070090532302856,-0.5637534802845193
BH_s00_high,2,151,25.033333333333335,1.7993334531784058,-0.5978651229199325
BH_s00_high,2,152,25.066666666666666,1.8257910013198853,-0.6385126911233308
BH_s00_high,2,153,25.1,1.4414654970169067,-0.6952828083915402
BH_s00_high,2,154,25.133333333333333,0.9638829827308655,-0.7667744387531323
BH_s00_high,2,155,25.166666666666668,0.5392859578132629,-0.8430268657561444
BH_s00_high,2,156,25.2,0.1785127967596054,-0.9122593139657174
BH_s00_high,2,157,25.233333333333334,-0.001627049408853054,-0.9639465717697784
BH_s00_high,2,158,25.266666666666666,-0.001627049408853054,-0.9861862486309967
BH_s00_high,2,159,25.3,0.10901929438114166,-0.9617777980443125
BH_s00_high,2,160,25.333333333333332,0.24591168761253357,-0.8680606650982351
BH_s00_high,2,161,25.366666666666667,0.2438245713710785,-0.6847313738653963
BH_s00_high,2,162,25.4,0.07551746815443039,-0.4066256675309234
BH_s00_high,2,163,25.433333333333334,-0.05829337239265442,-0.05182632785281707
BH_s00_high,2,164,25.466666666666665,-0.33207815885543823,0.340211456479811
BH_s00_high,2,165,25.5,-0.5836929082870483,0.7201563840355817
BH_s00_high,2,166,25.533333333333335,-0.720585286617279,1.044077221087382
BH_s00_high,2,167,25.566666666666666,-0.8414707183837891,1.282544666942334
BH_s00_high,2,168,25.6,-0.8414707183837891,1.4213451798440686
BH_s00_high,2,169,25.633333333333333,-0.8414707183837891,1.4596224212717284
BH_s00_high,2,170,25.666666666666668,-0.8414707183837891,1.40769969317786
BH_s00_high,2,171,25.7,-0.8414707183837891,1.2826414651273623
BH_s00_high,2,172,25.733333333333334,-0.8414707183837891,1.1025140392285795
BH_s00_high,2,173,25.766666666666666,-0.8414707183837891,0.8831216250856407
BH_s00_high,2,174,25.8,-0.9114576578140259,0.6383102670804859
BH_s00_high,2,175,25.833333333333332,-0.9727991819381714,0.3820375364989245
BH_s00_high,2,176,25.866666666666667,-1.0397045612335205,0.12961014017973504
BH_s00_high,2,177,25.9,-1.1066100597381592,-0.1045669034518599
BH_s00_high,2,178,25.933333333333334,-1.1914055347442627,-0.3115130184500426
BH_s00_high,2,179,25.966666666666665,-1.142390251159668,-0.4896784358967008
BH_s00_high,2,180,26.0,-0.49588119983673096,-0.6428248425090555
BH_s00_high,2,181,26.033333333333335,0.5240167379379272,-0.7757857569558543
BH_s00_high,2,182,26.066666666666666,1.6765069961547852,-0.890592213286353
BH_s00_high,2,183,26.1,2.1713602542877197,-0.9853222428652135
BH_s00_high,2,184,26.133333333333333,2.1007540225982666,-1.056050645648073
BH_s00_high,2,185,26.166666666666668,1.7264561653137207,-1.100223720034347
BH_s00_high,2,186,26.2,1.2183476686477661,-1.1183703954716926
BH_s00_high,2,187,26.233333333333334,0.7651278972625732,-1.1104992648378904
BH_s00_high,2,188,26.266666666666666,0.44571906328201294,-1.069677367038381
BH_s00_high,2,189,26.3,0.26012104749679565,-0.980797683969585
BH_s00_high,2,190,26.333333333333332,0.2234521061182022,-0.8266845902193412
BH_s00_high,2,191,26.366666666666667,0.3603444993495941,-0.5971887761478017
BH_s00_high,2,192,26.4,0.4182947874069214,-0.29697911280744005
BH_s00_high,2,193,26.433333333333334,0.4065476059913635,0.05124854812474558
BH_s00_high,2,194,26.466666666666665,0.2027498036623001,0.4102120701129184
BH_s00_high,2,195,26.5,-0.001337532070465386,0.7384761504620273
BH_s00_high,2,196,26.533333333333335,-0.2748327851295471,1.003941699688411
BH_s00_high,2,197,26.566666666666666,-0.4850832223892212,1.1929568168195033
BH_s00_high,2,198,26.6,-0.6919625997543335,1.3101841026247176
BH_s00_high,2,199,26.633333333333333,-0.7714837193489075,1.3680927153169646
BH_s00_high,2,200,26.666666666666668,-0.8414707183837891,1.3732165151807874
BH_s00_high,2,201,26.7,-0.8414707183837891,1.3227768569179132
BH_s00_high,2,202,26.733333333333334,-0.8414707183837891,1.2125992562662118
BH_s00_high,2,203,26.766666666666666,-0.7714837193489075,1.0444527675957749
BH_s00_high,2,204,26.8,-0.8134472370147705,0.8275294918593704
BH_s00_high,2,205,26.833333333333332,-0.8414707183837891,0.5767367267985668
BH_s00_high,2,206,26.866666666666667,-0.9114576578140259,0.3098256433296497
BH_s00_high,2,207,26.9,-0.9814446568489075,0.04413384737073829
BH_s00_high,2,208,26.933333333333334,-1.051431655883789,-0.20630908247648871
BH_s00_high,2,209,26.966666666666665,-1.1214185953140259,-0.4326802275942463
BH_s00_high,2,210,27.0,-1.2148797512054443,-0.6318283041907228
BH_s00_high,2,211,27.033333333333335,-1.2409999370574951,-0.805116598767597
BH_s00_high,2,212,27.066666666666666,-0.8775781989097595,-0.9561678892634801
BH_s00_high,2,213,27.1,0.04222218319773674,-1.088635596257992
BH_s00_high,2,214,27.133333333333333,1.2184962034225464,-1.2042090153421474
BH_s00_high,2,215,27.166666666666668,2.1841018199920654,-1.3001904921698655
BH_s00_high,2,216,27.2,2.367960214614868,-1.3667729692196575
BH_s00_high,2,217,27.233333333333334,2.022285223007202,-1.3850281117153636
BH_s00_high,2,218,27.266666666666666,1.5427992343902588,-1.3284633687422087
BH_s00_high,2,219,27.3,1.0609568357467651,-1.1720219655047197
BH_s00_high,2,220,27.333333333333332,0.5802927017211914,-0.9053217132333907
BH_s00_high,2,221,27.366666666666667,0.29916661977767944,-0.5404591693673264
BH_s00_high,2,222,27.4,0.20833386480808258,-0.11051100494533579
BH_s00_high,2,223,27.433333333333334,0.33172181248664856,0.33845276255273193
BH_s00_high,2,224,27.466666666666665,0.46861422061920166,0.7579557822645965
BH_s00_high,2,225,27.5,0.4882817566394806,1.106241645614385
BH_s00_high,2,226,27.533333333333335,0.3741384446620941,1.354011544502212
BH_s00_high,2,227,27.566666666666666,0.12618431448936462,1.4871759700934637
BH_s00_high,2,228,27.6,-0.07761349529027939,1.5068994949687893
BH_s00_high,2,229,27.633333333333333,-0.3513982892036438,1.4268846990631328
BH_s00_high,2,230,27.666666666666668,-0.5551961064338684,1.269048611345399
BH_s00_high,2,231,27.7,-0.7014967799186707,1.0597142870238918
BH_s00_high,2,232,27.733333333333334,-0.7714837193489075,0.8265754580570057
BH_s00_high,2,233,27.766666666666666,-0.7714837193489075,0.5949218781897754
BH_s00_high,2,234,27.8,-0.7714837193489075,0.38302782042255856
BH_s00_high,2,235,27.833333333333332,-0.7714837193489075,0.19822705151039627
BH_s00_high,2,236,27.866666666666667,-0.7714837193489075,0.03603243501198461
BH_s00_high,2,237,27.9,-0.7714837193489075,-0.1151032465858915
BH_s00_high,2,238,27.933333333333334,-0.8414707183837891,-0.265620619674435
BH_s00_high,2,239,27.966666666666665,-0.8455668687820435,-0.4198554451741546
BH_s00_high,2,240,28.0,-0.9824592471122742,-0.5759882700915556
BH_s00_high,2,241,28.033333333333335,-1.051431655883789,-0.7275908267026766
BH_s00_high,2,242,28.066666666666666,-0.9217546582221985,-0.8649732402377504
BH_s00_high,2,243,28.1,-0.19921134412288666,-0.9766055476011961
BH_s00_high,2,244,28.133333333333333,0.8177107572555542,-1.0507668385986555
BH_s00_high,2,245,28.166666666666668,1.8016622066497803,-1.077332923749716
BH_s00_high,2,246,28.2,2.097982168197632,-1.0499501115757564
BH_s00_high,2,247,28.233333333333334,1.8797029256820679,-0.9690096921505806
BH_s00_high,2,248,28.266666666666666,1.422676682472229,-0.8435457902627191
BH_s00_high,2,249,28.3,0.8751071095466614,-0.6883599694157916
BH_s00_high,2,250,28.333333333333332,0.36772358417510986,-0.5166693449482257
BH_s00_high,2,251,28.366666666666667,0.06413787603378296,-0.3326228354920166
BH_s00_high,2,252,28.4,-0.001627049408853054,-0.12896462460787544
BH_s00_high,2,253,28.433333333333334,0.060255758464336395,0.10530914712644607
BH_s00_high,2,254,28.466666666666665,0.3061806857585907,0.3713749196707409
BH_s00_high,2,255,28.5,0.3483078181743622,0.6531318494590915
BH_s00_high,2,256,28.533333333333335,0.30491429567337036,0.9199886028797444
BH_s00_high,2,257,28.566666666666666,0.10111650079488754,1.1351005581949218
BH_s00_high,2,258,28.6,-0.17266827821731567,1.265475427186141
BH_s00_high,2,259,28.633333333333333,-0.4464530646800995,1.2923491602004231
BH_s00_high,2,260,28.666666666666668,-0.6502508521080017,1.2180288666430408
BH_s00_high,2,261,28.7,-0.8477597236633301,1.063929772033589
BH_s00_high,2,262,28.733333333333334,-0.9146651029586792,0.8607584122832039
BH_s00_high,2,263,28.766666666666666,-0.9814446568489075,0.6378070485028184
BH_s00_high,2,264,28.8,-0.9814446568489075,0.4163551078088066
BH_s00_high,2,265,28.833333333333332,-0.9114576578140259,0.20908602522128658
BH_s00_high,2,266,28.866666666666667,-0.9114576578140259,0.023621431187698744
BH_s00_high,2,267,28.9,-0.9114576578140259,-0.13489016188850547
BH_s00_high,2,268,28.933333333333334,-0.9114576578140259,-0.26389949248392397
BH_s00_high,2,269,28.966666666666665,-0.9630812406539917,-0.3643348581276888
BH_s00_high,2,270,29.0,-1.0299866199493408,-0.44086135045892416
BH_s00_high,2,271,29.033333333333335,-1.1214185953140259,-0.501152559923664
BH_s00_high,2,272,29.066666666666666,-1.2337844371795654,-0.5541357741912569
BH_s00_high,2,273,29.1,-1.0342161655426025,-0.607542747100134
BH_s00_high,2,274,29.133333333333333,-0.20180951058864594,-0.6656720351183357
BH_s00_high,2,275,29.166666666666668,1.0295851230621338,-0.7286586933155755
BH_s00_high,2,276,29.2,2.13832426071167,-0.7931313828598536
BH_s00_high,2,277,29.233333333333334,2.587890863418579,-0.8527933951354177
BH_s00_high,2,278,29.266666666666666,2.3762481212615967,-0.8982015936906229
BH_s00_high,2,279,29.3,1.944762945175171,-0.9159711774445014
BH_s00_high,2,280,29.333333333333332,1.397193431854248,-0.8892094271267584
BH_s00_high,2,281,29.366666666666667,0.8642687797546387,-0.8020107328206765
BH_s00_high,2,282,29.4,0.5351419448852539,-0.6466173759719234
BH_s00_high,2,283,29.433333333333334,0.3483078181743622,-0.4278650879073396
BH_s00_high,2,284,29.466666666666665,0.35370808839797974,-0.16282795844379397
BH_s00_high,2,285,29.5,0.5582687258720398,0.12266333696417801
BH_s00_high,2,286,29.533333333333335,0.6274928450584412,0.39968732484282077
BH_s00_high,2,287,29.566666666666666,0.49212613701820374,0.6440104142965012
BH_s00_high,2,288,29.6,0.29217270016670227,0.8426049887535708
BH_s00_high,2,289,29.633333333333333,0.018387913703918457,0.9929633393673377
BH_s00_high,2,290,29.666666666666668,-0.25539687275886536,1.096208899877834
BH_s00_high,2,291,29.7,-0.5291816592216492,1.151670271144151
BH_s00_high,2,292,29.733333333333334,-0.682244598865509,1.15626255537889
BH_s00_high,2,293,29.766666666666666,-0.8191370368003845,1.1068788622548509
BH_s00_high,2,294,29.8,-0.8860424160957336,1.003781274764312
BH_s00_high,2,295,29.833333333333332,-0.869967520236969,0.8533110472778866
BH_s00_high,2,296,29.866666666666667,-0.8414707183837891,0.6682464449127744
BH_s00_high,2,297,29.9,-0.8061436414718628,0.4645524988755385
BH_s00_high,2,298,29.933333333333334,-0.803729236125946,0.25616746484411446
BH_s00_high,2,299,29.966666666666665,-0.8414707183837891,0.05198534962617196
BH_s00_high,3,0,30.0,-0.9114576578140259,-0.09430850560663073
BH_s00_high,3,1,30.033333333333335,-0.9814446568489075,0.16332825046082095
BH_s00_high,3,2,30.066666666666666,-1.0713509321212769,0.38208352011509267
BH_s00_high,3,3,30.1,-1.1914055347442627,0.5258747912164892
BH_s00_high,3,4,30.133333333333333,-1.2338801622390747,0.574565686453121
BH_s00_high,3,5,30.166666666666668,-0.7667480707168579,0.5305689895978339
BH_s00_high,3,6,30.2,0.21427802741527557,0.41901975291676774
BH_s00_high,3,7,30.233333333333334,1.5741788148880005,0.2797308884201054
BH_s00_high,3,8,30.266666666666666,2.3807899951934814,0.15369144775042248
BH_s00_high,3,9,30.3,2.517904043197632,0.07090469377954231
BH_s00_high,3,10,30.333333333333332,2.1821682453155518,0.0438618354331561
BH_s00_high,3,11,30.366666666666667,1.5771595239639282,0.0676286016358945
BH_s00_high,3,12,30.4,1.0217753648757935,0.1251926249107919
BH_s00_high,3,13,30.433333333333334,0.5441927313804626,0.19481992882126054
BH_s00_high,3,14,30.466666666666665,0.2953801453113556,0.2572057594849531
BH_s00_high,3,15,30.5,0.25817999243736267,0.3015914362312111
BH_s00_high,3,16,30.533333333333335,0.3950723707675934,0.32812050947857874
BH_s00_high,3,17,30.566666666666666,0.6019517183303833,0.342409518239234
BH_s00_high,3,18,30.6,0.6282556653022766,0.3458159342153079
BH_s00_high,3,19,30.633333333333333,0.4507618248462677,0.3315329453713443
BH_s00_high,3,20,30.666666666666668,0.1750057488679886,0.289170588282418
BH_s00_high,3,21,30.7,-0.06434067338705063,0.21233938136370972
BH_s00_high,3,22,30.733333333333334,-0.33812546730041504,0.10422655249728091
BH_s00_high,3,23,30.766666666666666,-0.5419232845306396,-0.022099439229508203
BH_s00_high,3,24,30.8,-0.7014967799186707,-0.14844806851935158
BH_s00_high,3,25,30.833333333333332,-0.7714837193489075,-0.25774167704181633
BH_s00_high,3,26,30.866666666666667,-0.7714837193489075,-0.3393051364903116
BH_s00_high,3,27,30.9,-0.7714837193489075,-0.3924405015096419
BH_s00_high,3,28,30.933333333333334,-0.7714837193489075,-0.42650697723866493
BH_s00_high,3,29,30.966666666666665,-0.7714837193489075,-0.4551261101459105
BH_s00_high,3,30,31.0,-0.7714837193489075,-0.48700841534085654
BH_s00_high,3,31,31.033333333333335,-0.7720250487327576,-0.5202492634259156
BH_s00_high,3,32,31.066666666666666,-0.9089174270629883,-0.5437687523889285
BH_s00_high,3,33,31.1,-0.9758228659629822,-0.5454695988139527
BH_s00_high,3,34,31.133333333333333,-0.9288644194602966,-0.521611421875857
BH_s00_high,3,35,31.166666666666668,-0.21231046319007874,-0.4782277547841625
BH_s00_high,3,36,31.2,0.789271891117096,-0.42376860143131057
BH_s00_high,3,37,31.233333333333334,1.7803330421447754,-0.36070892743203725
BH_s00_high,3,38,31.266666666666666,2.146939516067505,-0.2819619135600101
BH_s00_high,3,39,31.3,1.9362434148788452,-0.17453649872211144
BH_s00_high,3,40,31.333333333333332,1.4368960857391357,-0.028461356800331468
BH_s00_high,3,41,31.366666666666667,0.8893265128135681,0.15494815166290657
BH_s00_high,3,42,31.4,0.3084011971950531,0.35956530857927405
BH_s00_high,3,43,31.433333333333334,-0.001627049408853054,0.5569963780657842
BH_s00_high,3,44,31.466666666666665,-0.0411459244787693,0.7151405183979205
BH_s00_high,3,45,31.5,0.053146038204431534,0.8112255546402305
BH_s00_high,3,46,31.533333333333335,0.302625834941864,0.8426117400499761
BH_s00_high,3,47,31.566666666666666,0.4182947874069214,0.8250488216565008
BH_s00_high,3,48,31.6,0.3120240271091461,0.7793994010609884
BH_s00_high,3,49,31.633333333333333,0.1082262173295021,0.7189309932486282
BH_s00_high,3,50,31.666666666666668,-0.1655585616827011,0.6446129258173525
BH_s00_high,3,51,31.7,-0.43934333324432373,0.549376736214137
BH_s00_high,3,52,31.733333333333334,-0.7073124647140503,0.42703712975677066
BH_s00_high,3,53,31.766666666666666,-0.9141917824745178,0.2775157737025496
BH_s00_high,3,54,31.8,-0.9814446568489075,0.10622348722002521
BH_s00_high,3,55,31.833333333333332,-1.051431655883789,-0.07789612269488677
BH_s00_high,3,56,31.866666666666667,-0.9879551529884338,-0.2637154151808952
BH_s00_high,3,57,31.9,-0.9814446568489075,-0.43982359275033583
BH_s00_high,3,58,31.933333333333334,-0.9114576578140259,-0.5972537215626759
BH_s00_high,3,59,31.966666666666665,-0.9114576578140259,-0.7322340880163415
BH_s00_high,3,60,32.0,-0.9114576578140259,-0.8466848757282268
BH_s00_high,3,61,32.03333333333333,-0.9595263600349426,-0.9433252137914341
BH_s00_high,3,62,32.06666666666667,-1.0964187383651733,-1.017872349741288
BH_s00_high,3,63,32.1,-0.9257148504257202,-1.0558706749196571
BH_s00_high,3,64,32.13333333333333,-0.21976760029792786,-1.0371859134267407
BH_s00_high,3,65,32.166666666666664,0.9856805205345154,-0.9458615769406716
BH_s00_high,3,66,32.2,2.116647720336914,-0.7795728034224791
BH_s00_high,3,67,32.233333333333334,2.547483205795288,-0.5508623797412086
BH_s00_high,3,68,32.266666666666666,2.438410520553589,-0.28036646971461726
BH_s00_high,3,69,32.3,1.9577462673187256,0.009874533169513757
BH_s00_high,3,70,32.333333333333336,1.407095193862915,0.29929699788973474
BH_s00_high,3,71,32.36666666666667,0.909177839756012,0.5694362732626986
BH_s00_high,3,72,32.4,0.5299254655838013,0.8037769094930238
BH_s00_high,3,73,32.43333333333333,0.3372177481651306,0.987745965576055
BH_s00_high,3,74,32.46666666666667,0.35631632804870605,1.1097867722853705
BH_s00_high,3,75,32.5,0.49320870637893677,1.1641796237166413
BH_s00_high,3,76,32.53333333333333,0.6282556653022766,1.1537240982196149
BH_s00_high,3,77,32.56666666666667,0.5595048666000366,1.088334878932425
BH_s00_high,3,78,32.6,0.28695622086524963,0.9800496477176185
BH_s00_high,3,79,32.63333333333333,0.013171428814530373,0.8393001455696337
BH_s00_high,3,80,32.666666666666664,-0.260613352060318,0.6741506696446513
BH_s00_high,3,81,32.7,-0.5343981385231018,0.49068164156347505
BH_s00_high,3,82,32.733333333333334,-0.6848528981208801,0.29373286581436847
BH_s00_high,3,83,32.766666666666666,-0.8217452764511108,0.08849016518120163
BH_s00_high,3,84,32.8,-0.88865065574646,-0.11779298535030244
BH_s00_high,3,85,32.833333333333336,-0.8414707183837891,-0.3156959668783815
BH_s00_high,3,86,32.86666666666667,-0.8414707183837891,-0.49528697216591694
BH_s00_high,3,87,32.9,-0.8414707183837891,-0.6480113591830253
BH_s00_high,3,88,32.93333333333333,-0.8414707183837891,-0.7687103513637401
BH_s00_high,3,89,32.96666666666667,-0.8414707183837891,-0.8590240007289398
BH_s00_high,3,90,33.0,-0.9401483535766602,-0.929571335078028
BH_s00_high,3,91,33.03333333333333,-1.0070537328720093,-0.9951258353828594
BH_s00_high,3,92,33.06666666666667,-1.1214185953140259,-1.0636926836188674
BH_s00_high,3,93,33.1,-0.7947816252708435,-1.1270349693520787
BH_s00_high,3,94,33.13333333333333,0.14565306901931763,-1.1585814920837723
BH_s00_high,3,95,33.166666666666664,1.3776845932006836,-1.12156526586889
BH_s00_high,3,96,33.2,2.328345775604248,-0.9843034073869193
BH_s00_high,3,97,33.233333333333334,2.503664255142212,-0.7342100068042193
BH_s00_high,3,98,33.266666666666666,2.1558542251586914,-0.3849755435066916
BH_s00_high,3,99,33.3,1.6742334365844727,0.024686196830222887
BH_s00_high,3,100,33.333333333333336,1.1266639232635498,0.4405713936099399
BH_s00_high,3,101,33.36666666666667,0.6438748836517334,0.8088920175481285
BH_s00_high,3,102,33.4,0.2948967516422272,1.092431272232338
BH_s00_high,3,103,33.43333333333333,0.278320848941803,1.2778415915552503
BH_s00_high,3,104,33.46666666666667,0.4038437306880951,1.3718007555629992
BH_s00_high,3,105,33.5,0.5407361388206482,1.3909704280631345
BH_s00_high,3,106,33.53333333333333,0.5582687258720398,1.3516938666401876
BH_s00_high,3,107,33.56666666666667,0.39569923281669617,1.2649229630975272
BH_s00_high,3,108,33.6,0.12191445380449295,1.1371349958585302
BH_s00_high,3,109,33.63333333333333,-0.12201151996850967,0.9732769989416333
BH_s00_high,3,110,33.666666666666664,-0.4256551265716553,0.7789487463201031
BH_s00_high,3,111,33.7,-0.6654748320579529,0.5609687586811316
BH_s00_high,3,112,33.733333333333334,-0.8023672103881836,0.32611686256086214
BH_s00_high,3,113,33.766666666666666,-0.8414707183837891,0.0785272345166935
BH_s00_high,3,114,33.8,-0.8414707183837891,-0.1819146133229932
BH_s00_high,3,115,33.833333333333336,-0.8414707183837891,-0.4565862280309623
BH_s00_high,3,116,33.86666666666667,-0.7714837193489075,-0.7412249992009228
BH_s00_high,3,117,33.9,-0.7714837193489075,-1.0199728629274223
BH_s00_high,3,118,33.93333333333333,-0.7714837193489075,-1.2650860688813512
BH_s00_high,3,119,33.96666666666667,-0.8507833480834961,-1.4456300747002517
BH_s00_high,3,120,34.0,-0.91768878698349,-1.5407075334209943
BH_s00_high,3,121,34.03333333333333,-0.9751455783843994,-1.5460365724075271
BH_s00_high,3,122,34.06666666666667,-0.49105995893478394,-1.4703037435483408
BH_s00_high,3,123,34.1,0.4671867787837982,-1.326182638964864
BH_s00_high,3,124,34.13333333333333,1.559312343597412,-1.1221149627592581
BH_s00_high,3,125,34.166666666666664,2.0796287059783936,-0.8606037823549895
BH_s00_high,3,126,34.2,2.0402534008026123,-0.5436830410637697
BH_s00_high,3,127,34.233333333333334,1.5994454622268677,-0.18100600697964705
BH_s00_high,3,128,34.266666666666666,1.0003101825714111,0.20521688808566102
BH_s00_high,3,129,34.3,0.43431931734085083,0.5839296889174183
BH_s00_high,3,130,34.333333333333336,0.04754180461168289,0.9256115669409966
BH_s00_high,3,131,34.36666666666667,-0.07161401957273483,1.2103503660357648
BH_s00_high,3,132,34.4,0.03761238977313042,1.428739528258744
BH_s00_high,3,133,34.43333333333333,0.2806496322154999,1.5760550209850752
BH_s00_high,3,134,34.46666666666667,0.4182947874069214,1.645061460975501
BH_s00_high,3,135,34.5,0.38830000162124634,1.6262291640824666
BH_s00_high,3,136,34.53333333333333,0.15450739860534668,1.5152815600992648
BH_s00_high,3,137,34.56666666666667,-0.07312209904193878,1.3191539460350632
BH_s00_high,3,138,34.6,-0.39306217432022095,1.0560706567043554
BH_s00_high,3,139,34.63333333333333,-0.6668469309806824,0.7511856371615785
BH_s00_high,3,140,34.666666666666664,-0.8560577630996704,0.43030397706994117
BH_s00_high,3,141,34.7,-0.9814446568489075,0.11464845655376239
BH_s00_high,3,142,34.733333333333334,-0.9814446568489075,-0.18171391600714815
BH_s00_high,3,143,34.766666666666666,-0.9814446568489075,-0.451798929429327
BH_s00_high,3,144,34.8,-0.9114576578140259,-0.6941018643005795
BH_s00_high,3,145,34.833333333333336,-0.9114576578140259,-0.911324979614422
BH_s00_high,3,146,34.86666666666667,-0.8414707183837891,-1.1086730893850782
BH_s00_high,3,147,34.9,-0.9044738411903381,-1.28865648910507
BH_s00_high,3,148,34.93333333333333,-0.971379280090332,-1.4441032460032892
BH_s00_high,3,149,34.96666666666667,-0.9945915937423706,-1.5555565474344855
BH_s00_high,3,150,35.0,-0.44893282651901245,-1.5960934250523569
BH_s00_high,3,151,35.03333333333333,0.5244523286819458,-1.5425943319101034
BH_s00_high,3,152,35.06666666666667,1.7088884115219116,-1.3873792225348627
BH_s00_high,3,153,35.1,2.396970748901367,-1.1404595102455701
BH_s00_high,3,154,35.13333333333333,2.3650524616241455,-0.8222269196169032
BH_s00_high,3,155,35.166666666666664,1.9829299449920654,-0.45591787691652286
BH_s00_high,3,156,35.2,1.3970096111297607,-0.06447374421109428
BH_s00_high,3,157,35.233333333333334,0.8494400382041931,0.3294537846590842
BH_s00_high,3,158,35.266666666666666,0.40096354484558105,0.7025593472252711
BH_s00_high,3,159,35.3,0.1823093444108963,1.031452043982629
BH_s00_high,3,160,35.333333333333336,0.23127683997154236,1.295511641212336
BH_s00_high,3,161,35.36666666666667,0.38803064823150635,1.4808732199718837
BH_s00_high,3,162,35.4,0.5582687258720398,1.58277531652032
BH_s00_high,3,163,35.43333333333333,0.4745834469795227,1.6026329569909334
BH_s00_high,3,164,35.46666666666667,0.3270742893218994,1.5425255851051145
BH_s00_high,3,165,35.5,-0.009162258356809616,1.4053822820667934
BH_s00_high,3,166,35.53333333333333,-0.2249489426612854,1.2005181530138034
BH_s00_high,3,167,35.56666666666667,-0.5628949403762817,0.945648056854618
BH_s00_high,3,168,35.6,-0.7680648565292358,0.6630137541170738
BH_s00_high,3,169,35.63333333333333,-0.8414707183837891,0.37443801669090127
BH_s00_high,3,170,35.666666666666664,-0.9114576578140259,0.09784547754034649
BH_s00_high,3,171,35.7,-0.9114576578140259,-0.1550886679492118
BH_s00_high,3,172,35.733333333333334,-0.8555063605308533,-0.3796131746868245
BH_s00_high,3,173,35.766666666666666,-0.8414707183837891,-0.5755345164684359
BH_s00_high,3,174,35.8,-0.8414707183837891,-0.7437493321385672
BH_s00_high,3,175,35.833333333333336,-0.8414707183837891,-0.8864002876604644
BH_s00_high,3,176,35.86666666666667,-0.9114576578140259,-1.0095128023821571
BH_s00_high,3,177,35.9,-1.0219881534576416,-1.1214702237608511
BH_s00_high,3,178,35.93333333333333,-1.158880591392517,-1.2267111047619927
BH_s00_high,3,179,35.96666666666667,-1.1570250988006592,-1.3203384540888679
BH_s00_high,3,180,36.0,-0.5523914098739624,-1.3870548411552701
BH_s00_high,3,181,36.03333333333333,0.5604943633079529,-1.4047092272258779
BH_s00_high,3,182,36.06666666666667,1.879146695137024,-1.350520576868459
BH_s00_high,3,183,36.1,2.609945058822632,-1.2062975195806647
BH_s00_high,3,184,36.13333333333333,2.6199324131011963,-0.9622854959904509
BH_s00_high,3,185,36.166666666666664,2.1902825832366943,-0.6224486957390353
BH_s00_high,3,186,36.2,1.6839993000030518,-0.20886219927053662
BH_s00_high,3,187,36.233333333333334,1.1492393016815186,0.24173995325702194
BH_s00_high,3,188,36.266666666666666,0.6849496960639954,0.6882675284613919
BH_s00_high,3,189,36.3,0.4147298336029053,1.093651775685128
BH_s00_high,3,190,36.333333333333336,0.3487912118434906,1.4277637519071111
BH_s00_high,3,191,36.36666666666667,0.4856835901737213,1.667351489219422
BH_s00_high,3,192,36.4,0.5582687258720398,1.7959738427267375
BH_s00_high,3,193,36.43333333333333,0.5582687258720398,1.8064503451905347
BH_s00_high,3,194,36.46666666666667,0.36015063524246216,1.7043473376833835
BH_s00_high,3,195,36.5,0.02822168543934822,1.5074034218554182
BH_s00_high,3,196,36.53333333333333,-0.22755718231201172,1.2404995502620684
BH_s00_high,3,197,36.56666666666667,-0.5193479061126709,0.9306366364387821
BH_s00_high,3,198,36.6,-0.7473146915435791,0.6036829520134896
BH_s00_high,3,199,36.63333333333333,-0.8842071294784546,0.28160794439021053
BH_s00_high,3,200,36.666666666666664,-0.9114576578140259,-0.020144027730383558
BH_s00_high,3,201,36.7,-0.9114576578140259,-0.29431060659376534
BH_s00_high,3,202,36.733333333333334,-0.8779659271240234,-0.5416221422719429
BH_s00_high,3,203,36.766666666666666,-0.8414707183837891,-0.7680603913487329
BH_s00_high,3,204,36.8,-0.8414707183837891,-0.9796280417738619
BH_s00_high,3,205,36.833333333333336,-0.9114576578140259,-1.1755886135071627
BH_s00_high,3,206,36.86666666666667,-0.9326232075691223,-1.3438120558625586
BH_s00_high,3,207,36.9,-1.051431655883789,-1.4636829151088881
BH_s00_high,3,208,36.93333333333333,-1.1364210844039917,-1.515164829993723
BH_s00_high,3,209,36.96666666666667,-1.2733134031295776,-1.4860738149101345
BH_s00_high,3,210,37.0,-1.3048615455627441,-1.3742726690354878
BH_s00_high,3,211,37.03333333333333,-0.7254214882850647,-1.186879758223626
BH_s00_high,3,212,37.06666666666667,0.37507009506225586,-0.9377116951214596
BH_s00_high,3,213,37.1,1.7439939975738525,-0.642945164262
BH_s00_high,3,214,37.13333333333333,2.5039563179016113,-0.31715076229427064
BH_s00_high,3,215,37.166666666666664,2.524472236633301,0.026474682622738277
BH_s00_high,3,216,37.2,2.0665950775146484,0.37279838343781047
BH_s00_high,3,217,37.233333333333334,1.519025444984436,0.7040854737009182
BH_s00_high,3,218,37.266666666666666,0.9172820448875427,1.002513983111323
BH_s00_high,3,219,37.3,0.4749786853790283,1.2511003108049397
BH_s00_high,3,220,37.333333333333336,0.23031005263328552,1.4326670174804286
BH_s00_high,3,221,37.36666666666667,0.25326308608055115,1.5309815956474673
BH_s00_high,3,222,37.4,0.4320031702518463,1.5350336758411298
BH_s00_high,3,223,37.43333333333333,0.5582687258720398,1.4438875720706836
BH_s00_high,3,224,37.46666666666667,0.5225841403007507,1.2691404690899821
BH_s00_high,3,225,37.5,0.35308873653411865,1.0323483656812944
BH_s00_high,3,226,37.53333333333333,0.03883844614028931,0.7587196135924414
BH_s00_high,3,227,37.56666666666667,-0.22092077136039734,0.4720042803372385
BH_s00_high,3,228,37.6,-0.5148942470550537,0.19220576582208554
BH_s00_high,3,229,37.63333333333333,-0.7217735648155212,-0.06585321135150932
BH_s00_high,3,230,37.666666666666664,-0.8414707183837891,-0.29419598542970943
BH_s00_high,3,231,37.7,-0.8414707183837891,-0.49336968962307814
BH_s00_high,3,232,37.733333333333334,-0.8414707183837891,-0.6722005363592407
BH_s00_high,3,233,37.766666666666666,-0.8414707183837891,-0.8425384809405817
BH_s00_high,3,234,37.8,-0.8366016149520874,-1.0103691185118495
BH_s00_high,3,235,37.833333333333336,-0.7732712626457214,-1.168953802533085
BH_s00_high,3,236,37.86666666666667,-0.8414707183837891,-1.2979576658763539
BH_s00_high,3,237,37.9,-0.9070820808410645,-1.3698681969472122
BH_s00_high,3,238,37.93333333333333,-1.04397451877594,-1.3606873522312357
BH_s00_high,3,239,37.96666666666667,-0.9919833540916443,-1.2582396125811497
BH_s00_high,3,240,38.0,-0.30692967772483826,-1.0650073436178327
BH_s00_high,3,241,38.03333333333333,0.7046022415161133,-0.796576560568141
BH_s00_high,3,242,38.06666666666667,1.769321084022522,-0.47704855648218597
BH_s00_high,3,243,38.1,2.145104169845581,-0.1326771090239743
BH_s00_high,3,244,38.13333333333333,1.9658604860305786,0.2134600962826061
BH_s00_high,3,245,38.166666666666664,1.5142244100570679,0.5420133287298198
BH_s00_high,3,246,38.2,0.8966678380966187,0.834046225392091
BH_s00_high,3,247,38.233333333333334,0.3139071762561798,1.069111748631847
BH_s00_high,3,248,38.266666666666666,-0.033341363072395325,1.2272240058369372
BH_s00_high,3,249,38.3,-0.11296822875738144,1.2937714089639079
BH_s00_high,3,250,38.333333333333336,0.02392416074872017,1.2651978748938424
BH_s00_high,3,251,38.36666666666667,0.2532731890678406,1.1525382753988633
BH_s00_high,3,252,38.4,0.3483078181743622,0.9804477213945182
BH_s00_high,3,253,38.43333333333333,0.2620142698287964,0.7805126067090673
BH_s00_high,3,254,38.46666666666667,0.05513491854071617,0.5812735958377844
BH_s00_high,3,255,38.5,-0.23187486827373505,0.40055741012649426
BH_s00_high,3,256,38.53333333333333,-0.5056596398353577,0.2429098957182845
BH_s00_high,3,257,38.56666666666667,-0.7794444561004639,0.10157372714220625
BH_s00_high,3,258,38.6,-0.9823434352874756,-0.03580590728111265
BH_s00_high,3,259,38.63333333333333,-1.051431655883789,-0.17866707354641162
BH_s00_high,3,260,38.666666666666664,-1.051431655883789,-0.3261370104731799
BH_s00_high,3,261,38.7,-1.051431655883789,-0.46683681345510203
BH_s00_high,3,262,38.733333333333334,-0.9928720593452454,-0.5860249702817665
BH_s00_high,3,263,38.766666666666666,-0.9814446568489075,-0.6742407426372009
BH_s00_high,3,264,38.8,-0.9814446568489075,-0.7322485985723909
BH_s00_high,3,265,38.833333333333336,-0.9814446568489075,-0.7690001676623102
BH_s00_high,3,266,38.86666666666667,-1.0276780128479004,-0.793998906484575
BH_s00_high,3,267,38.9,-1.1645704507827759,-0.8097670937309603
BH_s00_high,3,268,38.93333333333333,-1.0012078285217285,-0.8084922055325088
BH_s00_high,3,269,38.96666666666667,-0.23261494934558868,-0.7743500999714095
BH_s00_high,3,270,39.0,1.0373141765594482,-0.690729973804556
BH_s00_high,3,271,39.03333333333333,2.212948799133301,-0.5494547383034438
BH_s00_high,3,272,39.06666666666667,2.6578779220581055,-0.35736184962544754
BH_s00_high,3,273,39.1,2.4439165592193604,-0.13494252862135403
BH_s00_high,3,274,39.13333333333333,1.9900773763656616,0.09238593752605725
BH_s00_high,3,275,39.166666666666664,1.3941017389297485,0.30404597319768006
BH_s00_high,3,276,39.2,0.8619500398635864,0.48935972200391425
BH_s00_high,3,277,39.233333333333334,0.4636091887950897,0.6441576886593606
BH_s00_high,3,278,39.266666666666666,0.278320848941803,0.7629134961652502
BH_s00_high,3,279,39.3,0.3544809818267822,0.8369718991339535
BH_s00_high,3,280,39.333333333333336,0.4913733899593353,0.8598792239213175
BH_s00_high,3,281,39.36666666666667,0.5582687258720398,0.8310359758150652
BH_s00_high,3,282,39.4,0.4244377315044403,0.7550186583415692
BH_s00_high,3,283,39.43333333333333,0.2206399142742157,0.64073860689466
BH_s00_high,3,284,39.46666666666667,-0.053144875913858414,0.501241891547848
BH_s00_high,3,285,39.5,-0.32692965865135193,0.35135893412258845
BH_s00_high,3,286,39.53333333333333,-0.6007144451141357,0.20337552575202628
BH_s00_high,3,287,39.56666666666667,-0.8229914903640747,0.06391806757493726
BH_s00_high,3,288,39.6,-0.9114576578140259,-0.06641721470690112
BH_s00_high,3,289,39.63333333333333,-0.9114576578140259,-0.19117829936029376
BH_s00_high,3,290,39.666666666666664,-0.9114576578140259,-0.31455890056194624
BH_s00_high,3,291,39.7,-0.9114576578140259,-0.43697764693644686
BH_s00_high,3,292,39.733333333333334,-0.9114576578140259,-0.5515850914316254
BH_s00_high,3,293,39.766666666666666,-0.9114576578140259,-0.6443295973754158
BH_s00_high,3,294,39.8,-0.941394567489624,-0.6979683717751018
BH_s00_high,3,295,39.833333333333336,-1.0082999467849731,-0.6980398080004212
BH_s00_high,3,296,39.86666666666667,-1.1451923847198486,-0.6382546807830558
BH_s00_high,3,297,39.9,-1.2120977640151978,-0.5227458731870905
BH_s00_high,3,298,39.93333333333333,-1.3313795328140259,-0.3647354287268987
BH_s00_high,3,299,39.96666666666667,-0.9642568826675415,-0.18332634517281013
BH_s00_high,4,0,40.0,0.031414132565259933,0.05766284856519508
BH_s00_high,4,1,40.03333333333333,1.4034196138381958,0.7813244555629848
BH_s00_high,4,2,40.06666666666667,2.4637703895568848,1.412467513732618
BH_s00_high,4,3,40.1,2.655674934387207,1.8712439994805203
BH_s00_high,4,4,40.13333333333333,2.380565881729126,2.1086262414356196
BH_s00_high,4,5,40.166666666666664,1.8338749408721924,2.118190413795253
BH_s00_high,4,6,40.2,1.2863054275512695,1.9355993692098907
BH_s00_high,4,7,40.233333333333334,0.7387357950210571,1.6251555963974094
BH_s00_high,4,8,40.266666666666666,0.44470447301864624,1.2584171715652808
BH_s00_high,4,9,40.3,0.3483078181743622,0.8945194410653414
BH_s00_high,4,10,40.333333333333336,0.39892682433128357,0.568883412439948
BH_s00_high,4,11,40.36666666666667,0.5358192324638367,0.29279116491965557
BH_s00_high,4,12,40.4,0.5582687258720398,0.06171022012142459
BH_s00_high,4,13,40.43333333333333,0.4055330157279968,-0.13366800186015265
BH_s00_high,4,14,40.46666666666667,0.13174821436405182,-0.29923463440655085
BH_s00_high,4,15,40.5,-0.1420365571975708,-0.4359472270197626
BH_s00_high,4,16,40.53333333333333,-0.4158213436603546,-0.5441779470179897
BH_s00_high,4,17,40.56666666666667,-0.6605579853057861,-0.6288117353262925
BH_s00_high,4,18,40.6,-0.7974503636360168,-0.7012071443895532
BH_s00_high,4,19,40.63333333333333,-0.9114576578140259,-0.7763675085056508
BH_s00_high,4,20,40.666666666666664,-0.9114576578140259,-0.8657608576132594
BH_s00_high,4,21,40.7,-0.8414707183837891,-0.9683084316004209
BH_s00_high,4,22,40.733333333333334,-0.8414707183837891,-1.065085320739793
BH_s00_high,4,23,40.766666666666666,-0.8414707183837891,-1.1249276706167048
BH_s00_high,4,24,40.8,-0.8414707183837891,-1.1189980556145824
BH_s00_high,4,25,40.833333333333336,-0.8458664417266846,-1.0335820267399092
BH_s00_high,4,26,40.86666666666667,-0.9814446568489075,-0.8743734904824213
BH_s00_high,4,27,40.9,-1.0496642589569092,-0.661077621139304
BH_s00_high,4,28,40.93333333333333,-1.1865566968917847,-0.4161344374531197
BH_s00_high,4,29,40.96666666666667,-0.7411490082740784,-0.15536317105165715
BH_s00_high,4,30,41.0,0.2012368142604828,0.11441194443669238
BH_s00_high,4,31,41.03333333333333,1.3553508520126343,0.38963288589908407
BH_s00_high,4,32,41.06666666666667,2.116443634033203,0.6611485301369895
BH_s00_high,4,33,41.1,2.138495445251465,0.9119488608169173
BH_s00_high,4,34,41.13333333333333,1.7714130878448486,1.1226635608299085
BH_s00_high,4,35,41.166666666666664,1.2238435745239258,1.277188402165145
BH_s00_high,4,36,41.2,0.6762740015983582,1.364851219915391
BH_s00_high,4,37,41.233333333333334,0.16610851883888245,1.3804915127153963
BH_s00_high,4,38,41.266666666666666,-0.001627049408853054,1.3236031820839569
BH_s00_high,4,39,41.3,0.029613954946398735,1.1970872505218122
BH_s00_high,4,40,41.333333333333336,0.1946658045053482,1.0063264232537157
BH_s00_high,4,41,41.36666666666667,0.3733856976032257,0.7592916641807506
BH_s00_high,4,42,41.4,0.39629843831062317,0.4677033020365856
BH_s00_high,4,43,41.43333333333333,0.17050427198410034,0.14856127714625453
BH_s00_high,4,44,41.46666666666667,-0.03329354152083397,-0.1747108730800174
BH_s00_high,4,45,41.5,-0.3770653009414673,-0.47218360853570707
BH_s00_high,4,46,41.53333333333333,-0.6411799192428589,-0.7113070682991105
BH_s00_high,4,47,41.56666666666667,-0.8480592966079712,-0.8689586740659349
BH_s00_high,4,48,41.6,-0.9149647355079651,-0.9454992795289826
BH_s00_high,4,49,41.63333333333333,-0.9814446568489075,-0.9657657940489136
BH_s00_high,4,50,41.666666666666664,-0.9814446568489075,-0.9648277202284469
BH_s00_high,4,51,41.7,-0.9171953201293945,-0.9699046352853206
BH_s00_high,4,52,41.733333333333334,-0.9114576578140259,-0.9882569432899062
BH_s00_high,4,53,41.766666666666666,-0.9114576578140259,-1.0069470325403578
BH_s00_high,4,54,41.8,-0.9114576578140259,-1.0026602457444762
BH_s00_high,4,55,41.833333333333336,-0.9633808135986328,-0.9526796859858631
BH_s00_high,4,56,41.86666666666667,-1.030286192893982,-0.8425039128289756
BH_s00_high,4,57,41.9,-1.1214185953140259,-0.6709188287325697
BH_s00_high,4,58,41.93333333333333,-0.7680521607398987,-0.45103750588756436
BH_s00_high,4,59,41.96666666666667,0.20556457340717316,-0.20376062040442916
BH_s00_high,4,60,42.0,1.4468029737472534,0.05305474522170668
BH_s00_high,4,61,42.03333333333333,2.268270492553711,0.31034198386248446
BH_s00_high,4,62,42.06666666666667,2.417564630508423,0.5651367783748227
BH_s00_high,4,63,42.1,2.0588860511779785,0.8129511169468501
BH_s00_high,4,64,42.13333333333333,1.5813034772872925,1.0411944178705972
BH_s00_high,4,65,42.166666666666664,1.0337339639663696,1.2305329610294398
BH_s00_high,4,66,42.2,0.5222165584564209,1.3622767535651186
BH_s00_high,4,67,42.233333333333334,0.26337629556655884,1.4216651876739155
BH_s00_high,4,68,42.266666666666666,0.20833386480808258,1.3962548242830655
BH_s00_high,4,69,42.3,0.35708922147750854,1.2780520180274733
BH_s00_high,4,70,42.333333333333336,0.4882817566394806,1.0702838858400054
BH_s00_high,4,71,42.36666666666667,0.48566341400146484,0.7915464115462447
BH_s00_high,4,72,42.4,0.2792472839355469,0.47354571343929813
BH_s00_high,4,73,42.43333333333333,0.005462509114295244,0.15316067619702564
BH_s00_high,4,74,42.46666666666667,-0.19833530485630035,-0.13748222999225732
BH_s00_high,4,75,42.5,-0.472120076417923,-0.37710560584436603
BH_s00_high,4,76,42.53333333333333,-0.7459048628807068,-0.5567132415959117
BH_s00_high,4,77,42.56666666666667,-0.8955866694450378,-0.6804789676827615
BH_s00_high,4,78,42.6,-0.9114576578140259,-0.7652704657889605
BH_s00_high,4,79,42.63333333333333,-0.9114576578140259,-0.8332782045002689
BH_s00_high,4,80,42.666666666666664,-0.9114576578140259,-0.9003658295885256
BH_s00_high,4,81,42.7,-0.8696678876876831,-0.9704130250111044
BH_s00_high,4,82,42.733333333333334,-0.8414707183837891,-1.0376610358526854
BH_s00_high,4,83,42.766666666666666,-0.8770973682403564,-1.0904269504790938
BH_s00_high,4,84,42.8,-0.9440028071403503,-1.112806601498924
BH_s00_high,4,85,42.833333333333336,-1.0109082460403442,-1.0851749604220968
BH_s00_high,4,86,42.86666666666667,-1.1214185953140259,-0.9866997891686716
BH_s00_high,4,87,42.9,-1.2147060632705688,-0.8044029803768267
BH_s00_high,4,88,42.93333333333333,-1.3313795328140259,-0.5444650091304957
BH_s00_high,4,89,42.96666666666667,-1.0185943841934204,-0.23359696943339553
BH_s00_high,4,90,43.0,-0.015098657459020615,0.09187175223132096
BH_s00_high,4,91,43.03333333333333,1.2978941202163696,0.4010075240035926
BH_s00_high,4,92,43.06666666666667,2.4016082286834717,0.6781880546716227
BH_s00_high,4,93,43.1,2.6482555866241455,0.9199952684985505
BH_s00_high,4,94,43.13333333333333,2.3027541637420654,1.1229716895263102
BH_s00_high,4,95,43.166666666666664,1.823441982269287,1.2768242090166493
BH_s00_high,4,96,43.2,1.205885410308838,1.3674860249881686
BH_s00_high,4,97,43.233333333333334,0.7283028364181519,1.3831797362205307
BH_s00_high,4,98,43.266666666666666,0.4288913905620575,1.3191178702485833
BH_s00_high,4,99,43.3,0.278320848941803,1.1801140407600512
BH_s00_high,4,100,43.333333333333336,0.4015350937843323,0.980313981700506
BH_s00_high,4,101,43.36666666666667,0.538427472114563,0.7393142241149733
BH_s00_high,4,102,43.4,0.5582687258720398,0.47651387805679724
BH_s00_high,4,103,43.43333333333333,0.4003165066242218,0.20770271569236343
BH_s00_high,4,104,43.46666666666667,0.12653173506259918,-0.05503065972153768
BH_s00_high,4,105,43.5,-0.14725305140018463,-0.3021027118818944
BH_s00_high,4,106,43.53333333333333,-0.42103782296180725,-0.5256386490736291
BH_s00_high,4,107,43.56666666666667,-0.6631662249565125,-0.7199324070833926
BH_s00_high,4,108,43.6,-0.8000586032867432,-0.8825560920550143
BH_s00_high,4,109,43.63333333333333,-0.8669640421867371,-1.014233436069921
BH_s00_high,4,110,43.666666666666664,-0.9114576578140259,-1.1174601117688963
BH_s00_high,4,111,43.7,-0.8921274542808533,-1.1957318613698007
BH_s00_high,4,112,43.733333333333334,-0.8414707183837891,-1.2522406785294409
BH_s00_high,4,113,43.766666666666666,-0.8414707183837891,-1.2843198673759844
BH_s00_high,4,114,43.8,-0.8414707183837891,-1.276481157935363
BH_s00_high,4,115,43.833333333333336,-0.9114576578140259,-1.2008053178915348
BH_s00_high,4,116,43.86666666666667,-0.9814446568489075,-1.0277934956991825
BH_s00_high,4,117,43.9,-1.0522725582122803,-0.7440875344405891
BH_s00_high,4,118,43.93333333333333,-1.1891648769378662,-0.36704810353334233
BH_s00_high,4,119,43.96666666666667,-0.862759530544281,0.057830235743870924
BH_s00_high,4,120,44.0,0.009533592499792576,0.47588386897302587
BH_s00_high,4,121,44.03333333333333,1.2247575521469116,0.8431749731815679
BH_s00_high,4,122,44.06666666666667,2.109701633453369,1.1366444605049708
BH_s00_high,4,123,44.1,2.185617446899414,1.3511665359201763
BH_s00_high,4,124,44.13333333333333,1.8802241086959839,1.4881178646723057
BH_s00_high,4,125,44.166666666666664,1.3072090148925781,1.546688666513391
BH_s00_high,4,126,44.2,0.7358279824256897,1.522939140492396
BH_s00_high,4,127,44.233333333333334,0.2282707542181015,1.4141882864557873
BH_s00_high,4,128,44.266666666666666,-0.001627049408853054,1.2250568655588419
BH_s00_high,4,129,44.3,-0.001627049408853054,0.9712135053646238
BH_s00_high,4,130,44.333333333333336,0.19988228380680084,0.6784732842314446
BH_s00_high,4,131,44.36666666666667,0.375993937253952,0.3770672626575313
BH_s00_high,4,132,44.4,0.39369019865989685,0.09322364838209145
BH_s00_high,4,133,44.43333333333333,0.2352747619152069,-0.15790712953034133
BH_s00_high,4,134,44.46666666666667,-0.020068537443876266,-0.3750752666717757
BH_s00_high,4,135,44.5,-0.3122948110103607,-0.5683278379791437
BH_s00_high,4,136,44.53333333333333,-0.5860795974731445,-0.751312940233671
BH_s00_high,4,137,44.56666666666667,-0.8506675362586975,-0.9303683641041977
BH_s00_high,4,138,44.6,-0.9814446568489075,-1.0961888639481967
BH_s00_high,4,139,44.63333333333333,-1.051431655883789,-1.2264288323249573
BH_s00_high,4,140,44.666666666666664,-1.051431655883789,-1.2979279418616385
BH_s00_high,4,141,44.7,-0.9814446568489075,-1.2978807245135624
BH_s00_high,4,142,44.733333333333334,-0.9176685810089111,-1.227602363703212
BH_s00_high,4,143,44.766666666666666,-0.9114576578140259,-1.0984078683838971
BH_s00_high,4,144,44.8,-0.9114576578140259,-0.92306959689178
BH_s00_high,4,145,44.833333333333336,-0.9659890532493591,-0.7093328928173631
BH_s00_high,4,146,44.86666666666667,-1.1028814315795898,-0.4595555052682742
BH_s00_high,4,147,44.9,-1.1214185953140259,-0.17710688035989477
BH_s00_high,4,148,44.93333333333333,-0.5697503089904785,0.12532826052097773
BH_s00_high,4,149,44.96666666666667,0.4482066035270691,0.424618699834139
BH_s00_high,4,150,45.0,1.6411144733428955,0.6944726913546284
BH_s00_high,4,151,45.03333333333333,2.310040235519409,0.9142145678533671
BH_s00_high,4,152,45.06666666666667,2.312008857727051,1.0739844998499233
BH_s00_high,4,153,45.1,1.9084792137145996,1.1743941320195623
BH_s00_high,4,154,45.13333333333333,1.3341121673583984,1.2214898312352631
BH_s00_high,4,155,45.166666666666664,0.7433531284332275,1.2204377052833386
BH_s00_high,4,156,45.2,0.2864048480987549,1.1713444735765126
BH_s00_high,4,157,45.233333333333334,0.05080714821815491,1.0698282471565845
BH_s00_high,4,158,45.266666666666666,0.08283114433288574,0.9123001482964956
BH_s00_high,4,159,45.3,0.28971049189567566,0.7032435377258651
BH_s00_high,4,160,45.333333333333336,0.42660290002822876,0.4599123584385444
BH_s00_high,4,161,45.36666666666667,0.4130682051181793,0.20913698297072914
BH_s00_high,4,162,45.4,0.20404383540153503,-0.02256958897206018
BH_s00_high,4,163,45.43333333333333,-0.0006905123009346426,-0.21815109292893722
BH_s00_high,4,164,45.46666666666667,-0.3435257375240326,-0.3741931471913213
BH_s00_high,4,165,45.5,-0.6173105239868164,-0.5001363890788032
BH_s00_high,4,166,45.53333333333333,-0.831289529800415,-0.6127712054915508
BH_s00_high,4,167,45.56666666666667,-0.9681819081306458,-0.7264985831120991
BH_s00_high,4,168,45.6,-1.0350873470306396,-0.8438161249194672
BH_s00_high,4,169,45.63333333333333,-1.0008704662322998,-0.9534873352382598
BH_s00_high,4,170,45.666666666666664,-0.9814446568489075,-1.03726430680443
BH_s00_high,4,171,45.7,-0.9370466470718384,-1.0792490611847418
BH_s00_high,4,172,45.733333333333334,-0.9114576578140259,-1.0724817591102653
BH_s00_high,4,173,45.766666666666666,-0.9114576578140259,-1.0191607618365144
BH_s00_high,4,174,45.8,-0.9814446568489075,-0.924925124360028
BH_s00_high,4,175,45.833333333333336,-1.0835034847259521,-0.7915101010954287
BH_s00_high,4,176,45.86666666666667,-1.1914055347442627,-0.6131448908388915
BH_s00_high,4,177,45.9,-0.9918750524520874,-0.38172640326475094
BH_s00_high,4,178,45.93333333333333,-0.09895765036344528,-0.09753014790541428
BH_s00_high,4,179,45.96666666666667,1.1559010744094849,0.2252437507378406
BH_s00_high,4,180,46.0,2.2346253395080566,0.5609803495856446
BH_s00_high,4,181,46.03333333333333,2.504321336746216,0.877635219388035
BH_s00_high,4,182,46.06666666666667,2.276440143585205,1.1418614952632162
BH_s00_high,4,183,46.1,1.7883565425872803,1.325728348546877
BH_s00_high,4,184,46.13333333333333,1.2407870292663574,1.4135055942824164
BH_s00_high,4,185,46.166666666666664,0.6944737434387207,1.404190878555615
BH_s00_high,4,186,46.2,0.351958304643631,1.3086997958449225
BH_s00_high,4,187,46.233333333333334,0.21324066817760468,1.1441255761702427
BH_s00_high,4,188,46.266666666666666,0.2703324854373932,0.928423958616831
BH_s00_high,4,189,46.3,0.4072248637676239,0.6790075429410282
BH_s00_high,4,190,46.333333333333336,0.4324462413787842,0.41426314643475076
BH_s00_high,4,191,46.36666666666667,0.31278684735298157,0.1529210233335313
BH_s00_high,4,192,46.4,0.05931663513183594,-0.09005355553252328
BH_s00_high,4,193,46.43333333333333,-0.16479574143886566,-0.308175005423175
BH_s00_high,4,194,46.46666666666667,-0.5085675120353699,-0.5050071931402335
BH_s00_high,4,195,46.5,-0.741924524307251,-0.6889704679413494
BH_s00_high,4,196,46.53333333333333,-0.9488039016723633,-0.863927954265439
BH_s00_high,4,197,46.56666666666667,-1.051431655883789,-1.0236820746161175
BH_s00_high,4,198,46.6,-1.051431655883789,-1.1530537439532194
BH_s00_high,4,199,46.63333333333333,-1.051431655883789,-1.2321625143343962
BH_s00_high,4,200,46.666666666666664,-0.9814446568489075,-1.2418997272426717
BH_s00_high,4,201,46.7,-0.9814446568489075,-1.170413161473493
BH_s00_high,4,202,46.733333333333334,-0.9814446568489075,-1.0187292219665045
BH_s00_high,4,203,46.766666666666666,-1.051431655883789,-0.8022343093546748
BH_s00_high,4,204,46.8,-1.1214185953140259,-0.5464848180518239
BH_s00_high,4,205,46.833333333333336,-1.2010178565979004,-0.2779951037199788
BH_s00_high,4,206,46.86666666666667,-1.3379101753234863,-0.014468249215055
BH_s00_high,4,207,46.9,-1.404815673828125,0.23826279564909303
BH_s00_high,4,208,46.93333333333333,-1.2595546245574951,0.48088400330648534
BH_s00_high,4,209,46.96666666666667,-0.373273640871048,0.7111287815963281
BH_s00_high,4,210,47.0,0.850248396396637,0.916415167129121
BH_s00_high,4,211,47.03333333333333,2.096952438354492,1.0751978838183116
BH_s00_high,4,212,47.06666666666667,2.5059452056884766,1.1661248118031564
BH_s00_high,4,213,47.1,2.3380234241485596,1.1768166895022658
BH_s00_high,4,214,47.13333333333333,1.820534110069275,1.1075217825814443
BH_s00_high,4,215,47.166666666666664,1.2241809368133545,0.9694581768423572
BH_s00_high,4,216,47.2,0.6554080247879028,0.7803018736673049
BH_s00_high,4,217,47.233333333333334,0.2630666196346283,0.5611878870578212
BH_s00_high,4,218,47.266666666666666,0.13834689557552338,0.33543585094558237
BH_s00_high,4,219,47.3,0.21126186847686768,0.12512996189030942
BH_s00_high,4,220,47.333333333333336,0.38168373703956604,-0.054207431224285854
BH_s00_high,4,221,47.36666666666667,0.4882817566394806,-0.19641899932878085
BH_s00_high,4,222,47.4,0.39108195900917053,-0.3040561880366532
BH_s00_high,4,223,47.43333333333333,0.16007129848003387,-0.38699627681650106
BH_s00_high,4,224,47.46666666666667,-0.11371348053216934,-0.46051218601809984
BH_s00_high,4,225,47.5,-0.38749825954437256,-0.5404305558250955
BH_s00_high,4,226,47.53333333333333,-0.6612830758094788,-0.6360480163653323
BH_s00_high,4,227,47.56666666666667,-0.8532757759094238,-0.7445336115987298
BH_s00_high,4,228,47.6,-0.9814446568489075,-0.8498635789019974
BH_s00_high,4,229,47.63333333333333,-0.9814446568489075,-0.927928630226582
BH_s00_high,4,230,47.666666666666664,-0.9814446568489075,-0.9554352037864509
BH_s00_high,4,231,47.7,-0.9119787812232971,-0.9167367988531858
BH_s00_high,4,232,47.733333333333334,-0.9114576578140259,-0.8068188044117859
BH_s00_high,4,233,47.766666666666666,-0.9114576578140259,-0.6329912721531745
BH_s00_high,4,234,47.8,-0.9716788530349731,-0.4147393016162202
BH_s00_high,4,235,47.833333333333336,-1.0385842323303223,-0.1781746919128158
BH_s00_high,4,236,47.86666666666667,-1.067360520362854,0.053371062758596134
BH_s00_high,4,237,47.9,-0.5166010856628418,0.2662030169132558
BH_s00_high,4,238,47.93333333333333,0.45151975750923157,0.4569866451174064
BH_s00_high,4,239,47.96666666666667,1.5718324184417725,0.6274332681716592
BH_s00_high,4,240,48.0,2.0697269439697266,0.7765401855170332
BH_s00_high,4,241,48.03333333333333,1.9820311069488525,0.8965732724846015
BH_s00_high,4,242,48.06666666666667,1.53578519821167,0.975094692830769
BH_s00_high,4,243,48.1,0.9557284116744995,1.0009059572367058
BH_s00_high,4,244,48.13333333333333,0.37065908312797546,0.9702304849141651
BH_s00_high,4,245,48.166666666666664,-0.054275285452604294,0.888828927061223
BH_s00_high,4,246,48.2,-0.21158796548843384,0.7693375338305907
BH_s00_high,4,247,48.233333333333334,-0.05145300552248955,0.6268387079117916
BH_s00_high,4,248,48.266666666666666,0.15542635321617126,0.4749032754715939
BH_s00_high,4,249,48.3,0.278320848941803,0.32305412591603344
BH_s00_high,4,250,48.333333333333336,0.2564881145954132,0.17553354913602917
BH_s00_high,4,251,48.36666666666667,0.052690304815769196,0.03035684623018228
BH_s00_high,4,252,48.4,-0.22109447419643402,-0.12012612548352608
BH_s00_high,4,253,48.43333333333333,-0.5648662447929382,-0.28406139630190835
BH_s00_high,4,254,48.46666666666667,-0.8386510014533997,-0.462356408240586
BH_s00_high,4,255,48.5,-0.9769532680511475,-0.645158215774095
BH_s00_high,4,256,48.53333333333333,-1.1214185953140259,-0.8150039121149295
BH_s00_high,4,257,48.56666666666667,-1.1914055347442627,-0.9541505924804454
BH_s00_high,4,258,48.6,-1.1914055347442627,-1.0509814002023221
BH_s00_high,4,259,48.63333333333333,-1.1214185953140259,-1.0990987796231981
BH_s00_high,4,260,48.666666666666664,-1.0713307857513428,-1.091541514357835
BH_s00_high,4,261,48.7,-1.051431655883789,-1.0206342913932471
BH_s00_high,4,262,48.733333333333334,-1.051431655883789,-0.8847480341910157
BH_s00_high,4,263,48.766666666666666,-1.1214185953140259,-0.6936072436095555
BH_s00_high,4,264,48.8,-1.2291672229766846,-0.46736510918166635
BH_s00_high,4,265,48.833333333333336,-1.0873653888702393,-0.2295639562060256
BH_s00_high,4,266,48.86666666666667,-0.3087347745895386,0.0018901124603828423
BH_s00_high,4,267,48.9,0.9134252667427063,0.21861574129333994
BH_s00_high,4,268,48.93333333333333,2.1106204986572266,0.41892637677134786
BH_s00_high,4,269,48.96666666666667,2.540257692337036,0.6025750594588515
BH_s00_high,4,270,49.0,2.409372329711914,0.7663552508953867
BH_s00_high,4,271,49.03333333333333,1.963232159614563,0.9020208932391374
BH_s00_high,4,272,49.06666666666667,1.3456755876541138,0.9971688199073985
BH_s00_high,4,273,49.1,0.7981060147285461,1.0388111974791963
BH_s00_high,4,274,49.13333333333333,0.33441561460494995,1.018633669489966
BH_s00_high,4,275,49.166666666666664,0.13834689557552338,0.938351965700439
BH_s00_high,4,276,49.2,0.2091168612241745,0.8121054004865428
BH_s00_high,4,277,49.233333333333334,0.41369765996932983,0.6620873905492256
BH_s00_high,4,278,49.266666666666666,0.4882817566394806,0.5092306581885232
BH_s00_high,4,279,49.3,0.42675644159317017,0.36599824914326956
BH_s00_high,4,280,49.333333333333336,0.16143332421779633,0.2344547710521632
BH_s00_high,4,281,49.36666666666667,-0.11235145479440689,0.10822849485916142
BH_s00_high,4,282,49.4,-0.43841689825057983,-0.022715256220187403
BH_s00_high,4,283,49.43333333333333,-0.7299079895019531,-0.1650079631103695
BH_s00_high,4,284,49.46666666666667,-0.9575752019882202,-0.3155975803848094
BH_s00_high,4,285,49.5,-1.0944676399230957,-0.46124127692279615
BH_s00_high,4,286,49.53333333333333,-1.1214185953140259,-0.5840994480684507
BH_s00_high,4,287,49.56666666666667,-1.1214185953140259,-0.6690192914070691
BH_s00_high,4,288,49.6,-1.1214185953140259,-0.7093233550013381
BH_s00_high,4,289,49.63333333333333,-1.051431655883789,-0.7098248612075753
BH_s00_high,4,290,49.666666666666664,-1.051431655883789,-0.6849391507828885
BH_s00_high,4,291,49.7,-1.051431655883789,-0.6494623557475604
BH_s00_high,4,292,49.733333333333334,-1.1214185953140259,-0.6073875825977187
BH_s00_high,4,293,49.766666666666666,-1.2097891569137573,-0.550623491240886
BH_s00_high,4,294,49.8,-1.3313795328140259,-0.4687724304264189
BH_s00_high,4,295,49.833333333333336,-1.1180826425552368,-0.36009396136942157
BH_s00_high,4,296,49.86666666666667,-0.1993245631456375,-0.23576850061557467
BH_s00_high,4,297,49.9,1.1087512969970703,-0.11361253099430814
BH_s00_high,4,298,49.93333333333333,2.3168704509735107,-0.005987792508523375
BH_s00_high,4,299,49.96666666666667,2.6576664447784424,0.08601670134564524
