recording_id,measurement_id,sample_index,time_seconds,gt_signal,predicted_signal
903,0,0,0.0,-0.2275096044572871,-0.08698843297331138
903,0,1,0.03333333333333333,-0.39225756278061646,-0.27413539524515906
903,0,2,0.06666666666666667,-0.5497690819198443,-0.4551321691239142
903,0,3,0.1,-0.6893306423324237,-0.6080004509279824
903,0,4,0.13333333333333333,-0.7991862461242386,-0.7091058547018139
903,0,5,0.16666666666666666,-0.8613118068038441,-0.7327847388681349
903,0,6,0.2,-0.8490423230335797,-0.6703612213730792
903,0,7,0.23333333333333334,-0.7318976777475372,-0.5302804869843543
903,0,8,0.26666666666666666,-0.48720443080922116,-0.33753064068933486
903,0,9,0.3,-0.12190594581108002,-0.13398553975779803
903,0,10,0.3333333333333333,0.3069600466052045,0.06403024374181533
903,0,11,0.36666666666666664,0.7010464313437418,0.2646964756868396
903,0,12,0.4,0.9658815905253131,0.4748862253391918
903,0,13,0.43333333333333335,1.0637722917616066,0.6984851853589015
903,0,14,0.4666666666666667,1.0239585705111907,0.9145202112774664
903,0,15,0.5,0.904458380889097,1.0761381095243234
903,0,16,0.5333333333333333,0.7550059409112696,1.158631575407647
903,0,17,0.5666666666666667,0.6076466528176725,1.1589988879802584
903,0,18,0.6,0.4788360533588218,1.0827422438933525
903,0,19,0.6333333333333333,0.3703899244096589,0.9437456722332801
903,0,20,0.6666666666666666,0.272180789857583,0.7623403939360893
903,0,21,0.7,0.16959665860519504,0.5657863969483555
903,0,22,0.7333333333333333,0.05607193511556024,0.3724853546528369
903,0,23,0.7666666666666667,-0.05859613477043776,0.19295686904580367
903,0,24,0.8,-0.15516606976387054,0.028987646076007262
903,0,25,0.8333333333333334,-0.21878085591129992,-0.12501864902260584
903,0,26,0.8666666666666667,-0.24552138247621325,-0.272864480679681
903,0,27,0.9,-0.24045447315173998,-0.4152258693674411
903,0,28,0.9333333333333333,-0.2146965240025857,-0.5456309714200279
903,0,29,0.9666666666666667,-0.18222086827941517,-0.6495156078114087
903,0,30,1.0,-0.15470088721472414,-0.7202248486053063
903,0,31,1.0333333333333334,-0.13992507523044564,-0.7583705897041524
903,0,32,1.0666666666666667,-0.14330111968874387,-0.7747617367603342
903,0,33,1.1,-0.1676225758192384,-0.7897609527249743
903,0,34,1.1333333333333333,-0.21144507491028497,-0.8124203668147344
903,0,35,1.1666666666666667,-0.27057645915841577,-0.8400929014786469
903,0,36,1.2,-0.3407941439120004,-0.8705382863951696
903,0,37,1.2333333333333334,-0.41806245583079127,-0.9018098663279285
903,0,38,1.2666666666666666,-0.4989444763968311,-0.9171615211808405
903,0,39,1.3,-0.5796891292182382,-0.885365842972793
903,0,40,1.3333333333333333,-0.6534993137163765,-0.7816291734506515
903,0,41,1.3666666666666667,-0.7080007234476515,-0.5886263536541372
903,0,42,1.4,-0.7228307781385248,-0.3135390381059749
903,0,43,1.4333333333333333,-0.6701425674738902,0.010653463720653913
903,0,44,1.4666666666666666,-0.517716459075368,0.3418499226800051
903,0,45,1.5,-0.2439926494005371,0.6275939540068916
903,0,46,1.5333333333333334,0.13170352426088058,0.8437681464468924
903,0,47,1.5666666666666667,0.5329683876683098,0.9931250277626444
903,0,48,1.6,0.8540786029503491,1.0907379207600065
903,0,49,1.6333333333333333,1.0226799733099399,1.1624013433399534
903,0,50,1.6666666666666667,1.0375481636921224,1.2142650384831721
903,0,51,1.7,0.947439870478042,1.2320808010261823
903,0,52,1.7333333333333334,0.8096126219113883,1.1935415487105843
903,0,53,1.7666666666666666,0.6666865928731545,1.0687730625190333
903,0,54,1.8,0.5429762399944862,0.8630955745001726
903,0,55,1.8333333333333333,0.44574868075870305,0.617781474970744
903,0,56,1.8666666666666667,0.3654873570406976,0.3688316400258923
903,0,57,1.9,0.28363291204304353,0.14774870879407265
903,0,58,1.9333333333333333,0.18737748220294553,-0.030796640239960427
903,0,59,1.9666666666666666,0.07808111538382641,-0.16772473576174812
903,0,60,2.0,-0.030503484036071588,-0.27045353310287357
903,0,61,2.033333333333333,-0.12235873240960365,-0.3516092022929167
903,0,62,2.066666666666667,-0.19016808965491946,-0.42187558374371514
903,0,63,2.1,-0.2355514754643348,-0.489008011605084
903,0,64,2.1333333333333333,-0.26466323500361233,-0.5552875213464963
903,0,65,2.1666666666666665,-0.2861807442697525,-0.61688714255028
903,0,66,2.2,-0.30851843811813484,-0.6689779144003699
903,0,67,2.2333333333333334,-0.33951130831038207,-0.7053598735294392
903,0,68,2.2666666666666666,-0.3860154433906019,-0.7338258534662655
903,0,69,2.3,-0.4501077180653826,-0.7756372841752674
903,0,70,2.3333333333333335,-0.5286464740984211,-0.8260661753907325
903,0,71,2.3666666666666667,-0.6145544997334379,-0.8542244664736993
903,0,72,2.4,-0.6969478671423979,-0.8310369199281933
903,0,73,2.433333333333333,-0.7626586035320805,-0.7299014767352275
903,0,74,2.466666666666667,-0.7955074582477685,-0.5403874036988783
903,0,75,2.5,-0.7726787025942835,-0.26931268856866586
903,0,76,2.533333333333333,-0.6647710292269872,0.03998544341096654
903,0,77,2.566666666666667,-0.4440216665636013,0.3068841344519972
903,0,78,2.6,-0.10610236723277673,0.4960223417855383
903,0,79,2.6333333333333333,0.3060785960141738,0.6163238601230051
903,0,80,2.6666666666666665,0.7024823554086562,0.678738480332526
903,0,81,2.7,0.9837324272135926,0.6949807363291037
903,0,82,2.7333333333333334,1.0982338574091248,0.6747213097056015
903,0,83,2.7666666666666666,1.0642597147437107,0.6251168412237349
903,0,84,2.8,0.938166723274547,0.5460799355317191
903,0,85,2.8333333333333335,0.776617404308807,0.43057729998116445
903,0,86,2.8666666666666667,0.6228823642289218,0.2914847140979326
903,0,87,2.9,0.5006565971468652,0.1620031617846797
903,0,88,2.933333333333333,0.4097698342680324,0.06448746791818097
903,0,89,2.966666666666667,0.3316437867788967,0.01070997776166005
903,0,90,3.0,0.24222356656717087,-0.0009180647548137078
903,0,91,3.033333333333333,0.12902017847668995,0.015084162157928814
903,0,92,3.066666666666667,0.001071207496670279,0.04867754542647294
903,0,93,3.1,-0.12181452558720654,0.09449475967027667
903,0,94,3.1333333333333333,-0.2223140673546587,0.14109871175028882
903,0,95,3.1666666666666665,-0.2896963891137747,0.17101562834158535
903,0,96,3.2,-0.3261335430759552,0.1749021410099324
903,0,97,3.2333333333333334,-0.34391677640595475,0.15164330941951973
903,0,98,3.2666666666666666,-0.35581946126718533,0.10422938221197177
903,0,99,3.3,-0.37451528683362445,0.03988695979685501
903,0,100,3.3333333333333335,-0.4096966910826493,-0.03351217552090843
903,0,101,3.3666666666666667,-0.46302913267953033,-0.107163080276875
903,0,102,3.4,-0.5301316901217954,-0.18523200487981298
903,0,103,3.433333333333333,-0.6026118651453501,-0.28415649202584126
903,0,104,3.466666666666667,-0.6701278025047142,-0.40470357884598823
903,0,105,3.5,-0.7201774323648311,-0.531192695397662
903,0,106,3.533333333333333,-0.7333931047426746,-0.62458121555037
903,0,107,3.566666666666667,-0.6841652990372312,-0.6226459445457941
903,0,108,3.6,-0.5455332066667319,-0.5075310224326947
903,0,109,3.6333333333333333,-0.29788856634843597,-0.30624998558866356
903,0,110,3.6666666666666665,0.04801230686063867,-0.06837562612841531
903,0,111,3.7,0.43192063694594024,0.13396179897858718
903,0,112,3.7333333333333334,0.7605503378914453,0.2745546437377469
903,0,113,3.7666666666666666,0.9550369840944244,0.3724307109191709
903,0,114,3.8,0.9933310744905475,0.4417080523688802
903,0,115,3.8333333333333335,0.9105876389457924,0.4904890733693719
903,0,116,3.8666666666666667,0.765931561965088,0.5063110710640648
903,0,117,3.9,0.611204903584101,0.456154751208037
903,0,118,3.933333333333333,0.47747591997435174,0.3336478529294473
903,0,119,3.966666666666667,0.3752700034764439,0.15960505650024825
903,0,120,4.0,0.2977913951196669,-0.03862146478896672
903,0,121,4.033333333333333,0.2264159171910352,-0.2266886970206105
903,0,122,4.066666666666666,0.14383065510857995,-0.3826695910550419
903,0,123,4.1,0.04805944377370025,-0.4963473852649678
903,0,124,4.133333333333334,-0.04766006236892229,-0.5596775465589705
903,0,125,4.166666666666667,-0.1267435603465673,-0.5662214730683258
903,0,126,4.2,-0.17806056663331576,-0.5162001896604632
903,0,127,4.233333333333333,-0.20009225731114483,-0.4164647417409798
903,0,128,4.266666666666667,-0.20087578617485008,-0.2766854004455378
903,0,129,4.3,-0.1915365206808537,-0.10981763937492789
903,0,130,4.333333333333333,-0.18324946200782724,0.06375277833555781
903,0,131,4.366666666666666,-0.18661440491614356,0.21556796458116573
903,0,132,4.4,-0.2077205159124269,0.3300581425444424
903,0,133,4.433333333333334,-0.24857736546637904,0.40386940453966436
903,0,134,4.466666666666667,-0.30913594389508425,0.44241641491375944
903,0,135,4.5,-0.38542830925629945,0.4591693132231846
903,0,136,4.533333333333333,-0.4703944440165372,0.45504033845745917
903,0,137,4.566666666666666,-0.5559998325737794,0.41821746496692286
903,0,138,4.6,-0.6329266556173737,0.3444522354569781
903,0,139,4.633333333333334,-0.690202221134346,0.23743594368144594
903,0,140,4.666666666666667,-0.7115206860206355,0.10783963542659758
903,0,141,4.7,-0.671919988547092,-0.02622662557156319
903,0,142,4.733333333333333,-0.5430013263189444,-0.14641578072546732
903,0,143,4.766666666666667,-0.30499315013240785,-0.2337034210599909
903,0,144,4.8,0.0314353207774274,-0.2762737007066405
903,0,145,4.833333333333333,0.40560540153160785,-0.26921987066435193
903,0,146,4.866666666666666,0.724262958056542,-0.22463898715111036
903,0,147,4.9,0.9143499275211591,-0.17131567833088202
903,0,148,4.933333333333334,0.9627704690090402,-0.12119969221324332
903,0,149,4.966666666666667,0.9067386073370058,-0.06942329126992931
903,0,150,5.0,0.7964315588516124,-0.019788455596290347
903,0,151,5.033333333333333,0.6704266192318011,0.014993340447749085
903,0,152,5.066666666666666,0.5511353336287899,0.02703588015543438
903,0,153,5.1,0.44803702486139574,0.013278970055429221
903,0,154,5.133333333333334,0.357440207003211,-0.008348731841480344
903,0,155,5.166666666666667,0.2655186438004863,0.0006766573429644717
903,0,156,5.2,0.16154980180996573,0.05325390865965815
903,0,157,5.233333333333333,0.04823476892790068,0.13624675944817277
903,0,158,5.266666666666667,-0.058804955772832374,0.23710477045421136
903,0,159,5.3,-0.1413415529080441,0.34365891320203856
903,0,160,5.333333333333333,-0.1900761300222616,0.4290062604270478
903,0,161,5.366666666666666,-0.20482213230716206,0.45155212691753793
903,0,162,5.4,-0.19189385177966134,0.4053335843639828
903,0,163,5.433333333333334,-0.16315421349072365,0.3200605770382087
903,0,164,5.466666666666667,-0.13169502101710015,0.21025624414507896
903,0,165,5.5,-0.10930211796712902,0.07547766610957637
903,0,166,5.533333333333333,-0.10398236915044443,-0.07070124385215014
903,0,167,5.566666666666666,-0.11944596987860731,-0.20009404529682398
903,0,168,5.6,-0.15732004821282286,-0.3050819847535593
903,0,169,5.633333333333334,-0.21547125313534,-0.3978976912514447
903,0,170,5.666666666666667,-0.28838545813667976,-0.49333238306760757
903,0,171,5.7,-0.37273632297461784,-0.6076536759522306
903,0,172,5.733333333333333,-0.466212749394871,-0.7347671880810119
903,0,173,5.766666666666667,-0.5633722543636681,-0.8456035594402715
903,0,174,5.8,-0.6572038217622218,-0.9169219228584333
903,0,175,5.833333333333333,-0.7383698871852865,-0.93123895610049
903,0,176,5.866666666666666,-0.7928400146550308,-0.8724419691518539
903,0,177,5.9,-0.7994662668963946,-0.726225211967425
903,0,178,5.933333333333334,-0.727964734033546,-0.49925598479231204
903,0,179,5.966666666666667,-0.5446026450639873,-0.2201200137363051
903,0,180,6.0,-0.23246353385710214,0.07335548645278268
903,0,181,6.033333333333333,0.17721670781052026,0.33309599568833875
903,0,182,6.066666666666666,0.5952713269383686,0.544635971537491
903,0,183,6.1,0.9130636712623914,0.7255848550084236
903,0,184,6.133333333333334,1.0661001193069888,0.8844582277004518
903,0,185,6.166666666666667,1.0653957558896017,1.0190641221284067
903,0,186,6.2,0.9686891633757629,1.1140628346841646
903,0,187,6.233333333333333,0.8309787141423403,1.1404004509125532
903,0,188,6.266666666666667,0.6852449474900947,1.0868431605637872
903,0,189,6.3,0.5490759879319245,0.9601026495529621
903,0,190,6.333333333333333,0.4297684264404723,0.7794002523030297
903,0,191,6.366666666666666,0.3249667236082362,0.5768479102993098
903,0,192,6.4,0.2235741125519238,0.3766111885625026
903,0,193,6.433333333333334,0.11566952546748302,0.195724012163006
903,0,194,6.466666666666667,0.005013504534914573,0.04286329671891906
903,0,195,6.5,-0.09186466674187838,-0.08051947032376396
903,0,196,6.533333333333333,-0.15840787501116554,-0.17995738244170395
903,0,197,6.566666666666666,-0.1890814469338452,-0.26682322373963724
903,0,198,6.6,-0.18794923356288892,-0.3412420656300449
903,0,199,6.633333333333334,-0.16399763195504852,-0.3913589655640999
903,0,200,6.666666666666667,-0.12975827744070645,-0.4138329455232785
903,0,201,6.7,-0.09871961840337018,-0.4134738959215364
903,0,202,6.733333333333333,-0.08135553982571675,-0.40004756053962476
903,0,203,6.766666666666667,-0.08321301843383953,-0.3879122452423114
903,0,204,6.8,-0.10442865187883177,-0.38873201447983136
903,0,205,6.833333333333333,-0.1409588683314201,-0.41116666438696425
903,0,206,6.866666666666666,-0.18907149483068245,-0.4511654045116231
903,0,207,6.9,-0.24732469472328036,-0.4918910955851103
903,0,208,6.933333333333334,-0.3145409804796146,-0.5342582140888075
903,0,209,6.966666666666667,-0.38832248588625745,-0.5966154906938058
903,0,210,7.0,-0.46501682291377466,-0.6783858981998644
903,0,211,7.033333333333333,-0.5409566910624503,-0.7596702832159029
903,0,212,7.066666666666666,-0.611685284409903,-0.8132171656120804
903,0,213,7.1,-0.66928556118992,-0.8046895772085667
903,0,214,7.133333333333334,-0.6991702585590595,-0.7134895388305473
903,0,215,7.166666666666667,-0.6801315611799467,-0.533500972896135
903,0,216,7.2,-0.5879287236961798,-0.28050436797094425
903,0,217,7.233333333333333,-0.3990823608038822,0.006885101542223396
903,0,218,7.266666666666667,-0.1054298247515459,0.28887575846478747
903,0,219,7.3,0.26114300674911733,0.523481011503395
903,0,220,7.333333333333333,0.620538925733876,0.7085202399733826
903,0,221,7.366666666666666,0.8781612761631816,0.8799060926872107
903,0,222,7.4,0.9823249061735084,1.0461469731016049
903,0,223,7.433333333333334,0.9492134611172635,1.1868032125408616
903,0,224,7.466666666666667,0.833401681384895,1.2760806012896706
903,0,225,7.5,0.6871166026540766,1.2825287501720106
903,0,226,7.533333333333333,0.5446855728485945,1.2005983511526617
903,0,227,7.566666666666666,0.42264956010669313,1.050757098083908
903,0,228,7.6,0.32235158746886566,0.854236040515779
903,0,229,7.633333333333334,0.23433656317282986,0.6335327779809371
903,0,230,7.666666666666667,0.14617778657601505,0.4063011870573488
903,0,231,7.7,0.052511584933725264,0.18649868067433503
903,0,232,7.733333333333333,-0.03948239843293789,-0.01934123803433066
903,0,233,7.766666666666667,-0.1162202099254539,-0.2106246573151479
903,0,234,7.8,-0.1665860179358371,-0.3852765871334657
903,0,235,7.833333333333333,-0.18535181044776872,-0.5383223278889877
903,0,236,7.866666666666666,-0.1762001068462859,-0.6646565841635875
903,0,237,7.9,-0.14922838501206553,-0.7579896069734833
903,0,238,7.933333333333334,-0.11505673904125399,-0.8140844303152996
903,0,239,7.966666666666667,-0.08336964062126782,-0.8301218807169868
903,0,240,8.0,-0.06283022297067148,-0.8066325928319535
903,0,241,8.033333333333333,-0.05954161071529338,-0.7473043927478464
903,0,242,8.066666666666666,-0.07614146306085229,-0.6638793731118635
903,0,243,8.1,-0.11234636901795547,-0.5762104887849837
903,0,244,8.133333333333333,-0.16571846966403284,-0.4955799270986977
903,0,245,8.166666666666666,-0.2330431611162109,-0.4250066679389979
903,0,246,8.2,-0.30999811315564374,-0.36853619774006857
903,0,247,8.233333333333333,-0.3906621705652842,-0.33166753020048223
903,0,248,8.266666666666667,-0.4694125221694894,-0.31607119512587306
903,0,249,8.3,-0.541431858270719,-0.31987233075250726
903,0,250,8.333333333333334,-0.6000275163255316,-0.3252790066288405
903,0,251,8.366666666666667,-0.6347442153643256,-0.29915677391046047
903,0,252,8.4,-0.6289827062585879,-0.22328355873542757
903,0,253,8.433333333333334,-0.5579742850338804,-0.09516413524106014
903,0,254,8.466666666666667,-0.39520273507283343,0.07576388475011987
903,0,255,8.5,-0.13171609166440168,0.26737896093765845
903,0,256,8.533333333333333,0.1992480904409755,0.46190147317644215
903,0,257,8.566666666666666,0.5205626106619009,0.6449364458168051
903,0,258,8.6,0.7467865179899121,0.8088061678754446
903,0,259,8.633333333333333,0.8338592630504862,0.9513822717775338
903,0,260,8.666666666666666,0.8008687246964453,1.0579817558533522
903,0,261,8.7,0.7010077562386102,1.1007180137586183
903,0,262,8.733333333333333,0.579930647501897,1.0635317416243493
903,0,263,8.766666666666667,0.4631893829511866,0.94232905851958
903,0,264,8.8,0.36258968138543374,0.7488189439297855
903,0,265,8.833333333333334,0.2809505725496867,0.5110585220075778
903,0,266,8.866666666666667,0.21327755161578268,0.2571280169934225
903,0,267,8.9,0.1499565611549917,0.016067986565362305
903,0,268,8.933333333333334,0.08413567994244218,-0.19379401691761472
903,0,269,8.966666666666667,0.019055128746355274,-0.36358078794788384
903,0,270,9.0,-0.0361404583542546,-0.48899496951772625
903,0,271,9.033333333333333,-0.07321507840827823,-0.5691516739639539
903,0,272,9.066666666666666,-0.08693795936053476,-0.6041414238391853
903,0,273,9.1,-0.07915991694369034,-0.5943771708952816
903,0,274,9.133333333333333,-0.05850150141750504,-0.5508800743085502
903,0,275,9.166666666666666,-0.0356519384120592,-0.4949629747967072
903,0,276,9.2,-0.018652090244194765,-0.4398657556250257
903,0,277,9.233333333333333,-0.012748998451701736,-0.3907187512105341
903,0,278,9.266666666666667,-0.022489642650786124,-0.3446057340744624
903,0,279,9.3,-0.04937669674998457,-0.2909608089978162
903,0,280,9.333333333333334,-0.09175723576583486,-0.22872829624357577
903,0,281,9.366666666666667,-0.14688954165604917,-0.1667557009659031
903,0,282,9.4,-0.21088331458735257,-0.10997577489436243
903,0,283,9.433333333333334,-0.282567944097068,-0.05970291249505445
903,0,284,9.466666666666667,-0.36312435873146054,-0.017927055243814514
903,0,285,9.5,-0.44922202311280546,0.01237530527789047
903,0,286,9.533333333333333,-0.5340888942365398,0.03194868850561061
903,0,287,9.566666666666666,-0.6091503769209639,0.04500177917934779
903,0,288,9.6,-0.662186165693625,0.05864009328464683
903,0,289,9.633333333333333,-0.6794997288236966,0.08254325413740392
903,0,290,9.666666666666666,-0.6433942541751463,0.11848141286418101
903,0,291,9.7,-0.5284277658684208,0.16006620406990937
903,0,292,9.733333333333333,-0.31263470537014504,0.19847868268948
903,0,293,9.766666666666667,-0.0038464352788474586,0.22239994037156832
903,0,294,9.8,0.34081334263048474,0.22914074205493293
903,0,295,9.833333333333334,0.6320956566539669,0.22452634294690993
903,0,296,9.866666666666667,0.7989851838613484,0.21134798961460854
903,0,297,9.9,0.8297030290005526,0.18930059059023355
903,0,298,9.933333333333334,0.7651376575638662,0.1571260860312669
903,0,299,9.966666666666667,0.6574420149840232,0.112800011779145
903,0,300,10.0,0.5417849948162556,0.06230534546925255
903,0,301,10.033333333333333,0.4365913954160501,0.0197775232773741
903,0,302,10.066666666666666,0.3493931196314677,-0.007156167667233006
903,0,303,10.1,0.27853625744413124,-0.017285106241231918
903,0,304,10.133333333333333,0.21448168973205245,-0.014315092107289418
903,0,305,10.166666666666666,0.14520019563738204,-0.006677041803076329
903,0,306,10.2,0.06769925561010726,-0.0004246400235502802
903,0,307,10.233333333333333,-0.009091448526119997,0.0009012411048423159
903,0,308,10.266666666666667,-0.07246508803825058,-0.0027442331927894446
903,0,309,10.3,-0.11316023357709372,-0.007899853009442417
903,0,310,10.333333333333334,-0.12877730700207934,-0.011042801338524198
903,0,311,10.366666666666667,-0.1223495609512076,-0.008634294259929681
903,0,312,10.4,-0.1006733812305673,-0.005789427659799777
903,0,313,10.433333333333334,-0.07470163597747419,-0.01612905826922939
903,0,314,10.466666666666667,-0.054732055909843855,-0.041804191702972615
903,0,315,10.5,-0.046677742756051195,-0.07334430095721813
903,0,316,10.533333333333333,-0.05432215527490443,-0.10038672206004054
903,0,317,10.566666666666666,-0.07949244389408089,-0.11173729550418987
903,0,318,10.6,-0.12078500361702046,-0.10045802183481606
903,0,319,10.633333333333333,-0.17437614122042375,-0.0639785087894186
903,0,320,10.666666666666666,-0.2371572703071368,-0.019401590155279487
903,0,321,10.7,-0.3075943155207295,-0.003270504963169079
903,0,322,10.733333333333333,-0.38312654543955543,-0.02297118463151352
903,0,323,10.766666666666667,-0.45854090336601905,-0.0566396341455018
903,0,324,10.8,-0.5266336415393873,-0.09080603784214061
903,0,325,10.833333333333334,-0.579152354729117,-0.12055232686132773
903,0,326,10.866666666666667,-0.6044838998739609,-0.1429751088404459
903,0,327,10.9,-0.585131335726909,-0.15707281782587834
903,0,328,10.933333333333334,-0.49681958244472246,-0.15881952060056037
903,0,329,10.966666666666667,-0.3147743114835461,-0.1412015860594053
903,0,330,11.0,-0.037942679171717106,-0.10547843354511076
903,0,331,11.033333333333333,0.2872847124294187,-0.06129789145533284
903,0,332,11.066666666666666,0.5756260519539137,-0.014508688007994461
903,0,333,11.1,0.7481632631245972,0.032664292740219925
903,0,334,11.133333333333333,0.7817452997825617,0.07792867586559467
903,0,335,11.166666666666666,0.7114813535241726,0.11862601324510805
903,0,336,11.2,0.59218993434989,0.15035006591200414
903,0,337,11.233333333333333,0.46785136238465236,0.16675856391804184
903,0,338,11.266666666666667,0.36285689461635723,0.16641930963698104
903,0,339,11.3,0.28589067023372694,0.1527156163097712
903,0,340,11.333333333333334,0.23282894757466954,0.1336102940930183
903,0,341,11.366666666666667,0.1896141068981318,0.12150329599902719
903,0,342,11.4,0.14182774109297064,0.12226379597110204
903,0,343,11.433333333333334,0.08389936132007587,0.13514490226880974
903,0,344,11.466666666666667,0.024128404367112784,0.15799394508522924
903,0,345,11.5,-0.02247448999021099,0.1872277246729065
903,0,346,11.533333333333333,-0.048515662815501154,0.21786327660217628
903,0,347,11.566666666666666,-0.05579049813790364,0.24346535949146658
903,0,348,11.6,-0.049099754662478706,0.25476450822876084
903,0,349,11.633333333333333,-0.035986203756501904,0.23976029167917554
903,0,350,11.666666666666666,-0.025613210108255083,0.1965270475898183
903,0,351,11.7,-0.025907278694699658,0.13340013362725228
903,0,352,11.733333333333333,-0.0418852406732186,0.053383495553929405
903,0,353,11.766666666666667,-0.0735777476402531,-0.04546134246735463
903,0,354,11.8,-0.1177625520223302,-0.15729783242022854
903,0,355,11.833333333333334,-0.17036120030303253,-0.26795550238148763
903,0,356,11.866666666666667,-0.23031464774238788,-0.3690370923853116
903,0,357,11.9,-0.2991413142412727,-0.45735767576964387
903,0,358,11.933333333333334,-0.3743366975734408,-0.5294190480264427
903,0,359,11.966666666666667,-0.45077455467391886,-0.5808804516030645
903,0,360,12.0,-0.5246860907166777,-0.6110301269963218
903,0,361,12.033333333333333,-0.5911720828924061,-0.6224547621942835
903,0,362,12.066666666666666,-0.6414504737429993,-0.6109019364540706
903,0,363,12.1,-0.6604512336779502,-0.5653531700381801
903,0,364,12.133333333333333,-0.6248033745274733,-0.48042956763480477
903,0,365,12.166666666666666,-0.5078496921783168,-0.35691727257892625
903,0,366,12.2,-0.289814594184428,-0.19765055979235377
903,0,367,12.233333333333333,0.0201391622672733,-0.008365258470609566
903,0,368,12.266666666666667,0.3643004830051516,0.20052232281936513
903,0,369,12.3,0.653783188551116,0.4128110454565014
903,0,370,12.333333333333334,0.8183390856741901,0.6177392536379354
903,0,371,12.366666666666667,0.8474694581680849,0.8087361974610573
903,0,372,12.4,0.7814962024686931,0.9611405467878374
903,0,373,12.433333333333334,0.6720051429277125,1.031523340031459
903,0,374,12.466666666666667,0.5550482884606771,1.0070155180783928
903,0,375,12.5,0.44786527176880964,0.9051793374271938
903,0,376,12.533333333333333,0.358126273887004,0.7481371001912331
903,0,377,12.566666666666666,0.28490850100556747,0.5626942201582904
903,0,378,12.6,0.2169724076769545,0.3712124309966053
903,0,379,12.633333333333333,0.1419100135294806,0.19234840284844348
903,0,380,12.666666666666666,0.05677930557393895,0.03645794953944734
903,0,381,12.7,-0.02837879134188799,-0.09334919523634262
903,0,382,12.733333333333333,-0.09695483960965698,-0.19425528055299965
903,0,383,12.766666666666667,-0.13662974123259009,-0.2628052175807482
903,0,384,12.8,-0.14457201673672865,-0.3076262098408904
903,0,385,12.833333333333334,-0.12707865539811025,-0.3486084653985184
903,0,386,12.866666666666667,-0.09656109494151333,-0.38699520039837193
903,0,387,12.9,-0.06531179785207136,-0.4049839278960534
903,0,388,12.933333333333334,-0.04130314078442663,-0.4062367634512861
903,0,389,12.966666666666667,-0.029986369324184844,-0.41559544146932936
903,0,390,13.0,-0.03544570184432914,-0.45201544968673035
903,0,391,13.033333333333333,-0.060290285260612086,-0.5279274715911928
903,0,392,13.066666666666666,-0.10604230999690126,-0.6234892761804164
903,0,393,13.1,-0.17218681933053745,-0.6866172624609702
903,0,394,13.133333333333333,-0.25422502442661665,-0.7001927348017161
903,0,395,13.166666666666666,-0.34470008450442263,-0.6821371890229567
903,0,396,13.2,-0.4375604377540162,-0.643330258524565
903,0,397,13.233333333333333,-0.5277615870997393,-0.5874889027125137
903,0,398,13.266666666666667,-0.6075670534245564,-0.5110785404926895
903,0,399,13.3,-0.666881316817877,-0.4039019309060668
903,0,400,13.333333333333334,-0.692412903017819,-0.26528463975372424
903,0,401,13.366666666666667,-0.6652939575247377,-0.10496487381516573
903,0,402,13.4,-0.5635540534564721,0.06937844523364617
903,0,403,13.433333333333334,-0.36745238487284637,0.25109088474374175
903,0,404,13.466666666666667,-0.07715080024509094,0.43059841728141446
903,0,405,13.5,0.26431706970315283,0.5942811469538993
903,0,406,13.533333333333333,0.576154394881196,0.7423148052074154
903,0,407,13.566666666666666,0.7815398178151708,0.8874119003341027
903,0,408,13.6,0.8547788455624372,1.0200280609867007
903,0,409,13.633333333333333,0.8238057843431817,1.1075455521526039
903,0,410,13.666666666666666,0.7340927269610811,1.1254120438288844
903,0,411,13.7,0.6217022131097,1.0572048571197097
903,0,412,13.733333333333333,0.5075575945360772,0.9100017785274207
903,0,413,13.766666666666667,0.40214718041932057,0.7146878410964548
903,0,414,13.8,0.30947412747269215,0.49822849987875295
903,0,415,13.833333333333334,0.2266010634925777,0.2843495216004021
903,0,416,13.866666666666667,0.14531866812034241,0.0886503797296126
903,0,417,13.9,0.060853627710466096,-0.08022699632511086
903,0,418,13.933333333333334,-0.021385249623902668,-0.22399349113866518
903,0,419,13.966666666666667,-0.08827735569316246,-0.3533493668572474
903,0,420,14.0,-0.12913854602507846,-0.4657091910442278
903,0,421,14.033333333333333,-0.1426508841485406,-0.5442382483885301
903,0,422,14.066666666666666,-0.13337794335190045,-0.580266478450495
903,0,423,14.1,-0.10920624579158116,-0.5728682913594926
903,0,424,14.133333333333333,-0.08060655171123168,-0.5310227344622667
903,0,425,14.166666666666666,-0.0573232726560024,-0.4733139068229578
903,0,426,14.2,-0.045067762494195515,-0.4099440493797421
903,0,427,14.233333333333333,-0.04634692749540789,-0.34277963462148836
903,0,428,14.266666666666667,-0.06200821737538211,-0.2828481485412122
903,0,429,14.3,-0.09118962623309748,-0.25045315072935226
903,0,430,14.333333333333334,-0.13267258305065294,-0.25127099353020255
903,0,431,14.366666666666667,-0.18530350138323873,-0.27639807382475534
903,0,432,14.4,-0.24693224059561308,-0.31616642201126494
903,0,433,14.433333333333334,-0.31505971956348106,-0.3602480380658585
903,0,434,14.466666666666667,-0.3887899797445928,-0.4015229035648845
903,0,435,14.5,-0.46619678818038723,-0.43599939771376783
903,0,436,14.533333333333333,-0.5398110035679385,-0.44917608073438803
903,0,437,14.566666666666666,-0.5974023350316708,-0.4162650178068511
903,0,438,14.6,-0.6253405550827585,-0.3263385728563196
903,0,439,14.633333333333333,-0.6057655040988974,-0.18294826384171584
903,0,440,14.666666666666666,-0.5151971702192416,-0.0022496343698160393
903,0,441,14.7,-0.3335043873886222,0.18635937121314378
903,0,442,14.733333333333333,-0.06197167891679533,0.3609648421194206
903,0,443,14.766666666666667,0.2564811333202693,0.506340860286622
903,0,444,14.8,0.5436133709826394,0.6130781000582209
903,0,445,14.833333333333334,0.7284317231893258,0.6767463831084517
903,0,446,14.866666666666667,0.7884310035681792,0.7010872463104901
903,0,447,14.9,0.7523224814872485,0.6973995990048023
903,0,448,14.933333333333334,0.6665417216349441,0.6685637794197014
903,0,449,14.966666666666667,0.5637711927034955,0.6089562710331912
903,0,450,15.0,0.46085128833189004,0.5185042336766363
903,0,451,15.033333333333333,0.3677983730483415,0.4031096756432596
903,0,452,15.066666666666666,0.28826880321815884,0.27497055636701395
903,0,453,15.1,0.21813652396409336,0.15307382331521596
903,0,454,15.133333333333333,0.14853831002599252,0.046405701965333675
903,0,455,15.166666666666666,0.07335806193019054,-0.045397235275739856
903,0,456,15.2,-0.003313220698431117,-0.11951273105937793
903,0,457,15.233333333333333,-0.06901835216668104,-0.1693064270201991
903,0,458,15.266666666666667,-0.11185264275918282,-0.19668957623898098
903,0,459,15.3,-0.12709876399529224,-0.21165024370207475
903,0,460,15.333333333333334,-0.11696127985923717,-0.221430751751369
903,0,461,15.366666666666667,-0.08814689225104443,-0.2301542387046852
903,0,462,15.4,-0.05171639887139695,-0.23705860117091287
903,0,463,15.433333333333334,-0.020588362556122716,-0.236403387618541
903,0,464,15.466666666666667,-0.00477396049790358,-0.22627779952078586
903,0,465,15.5,-0.008961216519763476,-0.20861757887832866
903,0,466,15.533333333333333,-0.0326792930244566,-0.18999193262552894
903,0,467,15.566666666666666,-0.07256725006292056,-0.18151113109651887
903,0,468,15.6,-0.1261472104118107,-0.18916082552196184
903,0,469,15.633333333333333,-0.18953598430970398,-0.21367610109620974
903,0,470,15.666666666666666,-0.25758889763561327,-0.2508295674017688
903,0,471,15.7,-0.32795016333743704,-0.291379645536602
903,0,472,15.733333333333333,-0.39832589623380177,-0.3290645504748082
903,0,473,15.766666666666667,-0.4656410938105846,-0.3605104236198191
903,0,474,15.8,-0.5283458104180786,-0.3758813943061268
903,0,475,15.833333333333334,-0.5840557775372216,-0.35897023929437516
903,0,476,15.866666666666667,-0.6219413409452347,-0.30013139994130916
903,0,477,15.9,-0.6226801093074237,-0.19672357629326448
903,0,478,15.933333333333334,-0.5633924308859721,-0.04429539681354108
903,0,479,15.966666666666667,-0.420091662571917,0.16249582089234743
903,0,480,16.0,-0.1831902033340673,0.3815259591783634
903,0,481,16.033333333333335,0.12123408568483594,0.5228860317527599
903,0,482,16.066666666666666,0.4287135853775051,0.5647133527200586
903,0,483,16.1,0.6647343085135647,0.552764019916855
903,0,484,16.133333333333333,0.7883483549652293,0.511030867793166
903,0,485,16.166666666666668,0.8083785549799472,0.4411035873410016
903,0,486,16.2,0.7602460348860246,0.3467120155021939
903,0,487,16.233333333333334,0.6756423135570903,0.23409856485772945
903,0,488,16.266666666666666,0.5747315963828066,0.11763027236363108
903,0,489,16.3,0.4722035022795851,0.020184755530935853
903,0,490,16.333333333333332,0.37754368773849567,-0.04449230089016494
903,0,491,16.366666666666667,0.29162305149213347,-0.07147874116513764
903,0,492,16.4,0.2065766937448142,-0.06947921500429849
903,0,493,16.433333333333334,0.11483533889730885,-0.06036370514530513
903,0,494,16.466666666666665,0.019138601894532724,-0.047028574276922315
903,0,495,16.5,-0.06919212197383251,-0.013352508152861618
903,0,496,16.533333333333335,-0.13667654574980248,0.04043957544501626
903,0,497,16.566666666666666,-0.17464216317966147,0.09757352733938833
903,0,498,16.6,-0.18353773379759425,0.14474947606903496
903,0,499,16.633333333333333,-0.16905064216500676,0.17215056179712884
903,0,500,16.666666666666668,-0.1395438438814958,0.175972582247242
903,0,501,16.7,-0.10598535931160773,0.15837242759370393
903,0,502,16.733333333333334,-0.07720825557079133,0.12259818876337356
903,0,503,16.766666666666666,-0.05763946619422209,0.07305370847770366
903,0,504,16.8,-0.04960247156993516,0.011447685027883556
903,0,505,16.833333333333332,-0.05321707004321879,-0.0628755943112585
903,0,506,16.866666666666667,-0.06762554043892795,-0.15190794264853308
903,0,507,16.9,-0.0933839270348476,-0.2583737151282963
903,0,508,16.933333333333334,-0.13089746465345875,-0.3776622347185078
903,0,509,16.966666666666665,-0.1812654919566207,-0.49719961919923455
903,0,510,17.0,-0.2451343601460258,-0.6017820104314848
903,0,511,17.033333333333335,-0.3200384607402482,-0.6731776350077571
903,0,512,17.066666666666666,-0.403357797255879,-0.7001723502467427
903,0,513,17.1,-0.4909868560732444,-0.6784218424994902
903,0,514,17.133333333333333,-0.5731644096739069,-0.6094073065711871
903,0,515,17.166666666666668,-0.6359331458042016,-0.5006082933464918
903,0,516,17.2,-0.6615269345993671,-0.3567902418963418
903,0,517,17.233333333333334,-0.627599462704646,-0.18072134938801523
903,0,518,17.266666666666666,-0.5109308608909701,0.012311162299852539
903,0,519,17.3,-0.2959452893500496,0.1935970285008893
903,0,520,17.333333333333332,0.006508702335748455,0.34793281411487775
903,0,521,17.366666666666667,0.34249125421504634,0.4726782237915269
903,0,522,17.4,0.6295998900436882,0.5677151921355766
903,0,523,17.433333333333334,0.8052752226337796,0.6344836542571447
903,0,524,17.466666666666665,0.8625309429963999,0.6733153277032528
903,0,525,17.5,0.8345646252755329,0.6828886364143912
903,0,526,17.533333333333335,0.7582432547772254,0.6604244710873827
903,0,527,17.566666666666666,0.6585451878097006,0.6016627837943124
903,0,528,17.6,0.5500851371988261,0.5072266327436077
903,0,529,17.633333333333333,0.442088096659143,0.38301522459063647
903,0,530,17.666666666666668,0.34066504933015923,0.24378918273153033
903,0,531,17.7,0.24406303300893292,0.11364968473293463
903,0,532,17.733333333333334,0.14424974240350447,0.007659026110989842
903,0,533,17.766666666666666,0.038813837185678005,-0.0676249586322419
903,0,534,17.8,-0.0629878835186802,-0.11301875021144381
903,0,535,17.833333333333332,-0.1445806856403321,-0.1360974554773925
903,0,536,17.866666666666667,-0.19238604830038716,-0.14334663720232949
903,0,537,17.9,-0.20437112433741256,-0.1397459344873418
903,0,538,17.933333333333334,-0.1894506361716033,-0.1259308697342595
903,0,539,17.966666666666665,-0.1602057674548113,-0.0981302347944098
903,0,540,18.0,-0.12620199549743288,-0.060427695712130684
903,0,541,18.033333333333335,-0.09577998995846167,-0.024772435381860837
903,0,542,18.066666666666666,-0.07807362019344474,-0.0006263007425742276
903,0,543,18.1,-0.07678051548765959,0.00512039279678541
903,0,544,18.133333333333333,-0.0899798611794641,-0.01193041609851582
903,0,545,18.166666666666668,-0.11659380061461945,-0.053539940056515266
903,0,546,18.2,-0.15430204611785553,-0.11541384490266862
903,0,547,18.233333333333334,-0.19949535392813578,-0.18698060118637477
903,0,548,18.266666666666666,-0.2514286236709907,-0.2638837630103634
903,0,549,18.3,-0.30963186320103814,-0.34756264095012557
903,0,550,18.333333333333332,-0.3736298230805027,-0.43769674437879125
903,0,551,18.366666666666667,-0.44254671832787346,-0.5316010669969055
903,0,552,18.4,-0.5123892132264739,-0.6112468363227799
903,0,553,18.433333333333334,-0.5756946682819883,-0.643112346409277
903,0,554,18.466666666666665,-0.6191274789192117,-0.6081209475269088
903,0,555,18.5,-0.6211777702564929,-0.5019841310786817
903,0,556,18.533333333333335,-0.5566573574868263,-0.34340062079834593
903,0,557,18.566666666666666,-0.4017974306643937,-0.17431400068662728
903,0,558,18.6,-0.1466863033883139,-0.016107179844226743
903,0,559,18.633333333333333,0.1801622806672791,0.12975816782301003
903,0,560,18.666666666666668,0.5074968098641106,0.26174689992492817
903,0,561,18.7,0.7538293508361755,0.3772050034427309
903,0,562,18.733333333333334,0.8746329005007061,0.4714131240854469
903,0,563,18.766666666666666,0.8821051309970354,0.5368583019787996
903,0,564,18.8,0.8194311279531892,0.5751439007203543
903,0,565,18.833333333333332,0.725311691085881,0.5964525019529885
903,0,566,18.866666666666667,0.6239067322506646,0.6051139182262812
903,0,567,18.9,0.5286591756803606,0.5993262990090739
903,0,568,18.933333333333334,0.4415831208446446,0.5795770924231822
903,0,569,18.966666666666665,0.35392835302603526,0.5486924209100924
903,0,570,19.0,0.25246221418368264,0.5123217330986691
903,0,571,19.033333333333335,0.13139674266496798,0.47904163030325425
903,0,572,19.066666666666666,0.001156763449447415,0.44432371800877746
903,0,573,19.1,-0.1184525781506534,0.39096894359949785
903,0,574,19.133333333333333,-0.20862762434841364,0.3127924267862001
903,0,575,19.166666666666668,-0.2584883579668042,0.21526346179756817
903,0,576,19.2,-0.26983011189643935,0.10094881475940713
903,0,577,19.233333333333334,-0.2525210398246394,-0.029777154434625766
903,0,578,19.266666666666666,-0.21878878598079127,-0.17823029187442818
903,0,579,19.3,-0.18017045487514116,-0.34636103288484626
903,0,580,19.333333333333332,-0.14420863954066132,-0.5237622888621845
903,0,581,19.366666666666667,-0.11600567334813457,-0.6866981247797349
903,0,582,19.4,-0.09988146595039193,-0.8189248097810112
903,0,583,19.433333333333334,-0.09777603985421707,-0.9109489161918434
903,0,584,19.466666666666665,-0.11064462124264046,-0.9594268804169506
903,0,585,19.5,-0.13919296294373307,-0.9665907638789828
903,0,586,19.533333333333335,-0.1832243162820484,-0.9278987397882082
903,0,587,19.566666666666666,-0.24375757440606088,-0.8321382010310742
903,0,588,19.6,-0.3218059664966174,-0.6842522339084673
903,0,589,19.633333333333333,-0.41562490733425556,-0.5059411112565979
903,0,590,19.666666666666668,-0.5189788120328356,-0.3181973420887425
903,0,591,19.7,-0.6196287794221901,-0.14206562002863402
903,0,592,19.733333333333334,-0.7014842930393825,0.013980076896211127
903,0,593,19.766666666666666,-0.7442071303653329,0.15291050686382995
903,0,594,19.8,-0.7197261867681717,0.276319175845408
903,0,595,19.833333333333332,-0.5963605661305631,0.38326238731787415
903,0,596,19.866666666666667,-0.35247946510732586,0.47114147014129054
903,0,597,19.9,-0.0007101633886742696,0.5348935042259986
903,0,598,19.933333333333334,0.3955909285418835,0.567169663841957
903,0,599,19.966666666666665,0.7401448326911666,0.5579834145797048
903,0,600,20.0,0.9518783356075178,0.5120667956012901
903,0,601,20.033333333333335,1.0111276925765185,0.44871297688360506
903,0,602,20.066666666666666,0.9583418318860919,0.38499267740000753
903,0,603,20.1,0.8494754486968373,0.33565541094412904
903,0,604,20.133333333333333,0.7214022552310816,0.30609516159313427
903,0,605,20.166666666666668,0.5908290750049763,0.29251734634469784
903,0,606,20.2,0.467526108531732,0.29515220927318725
903,0,607,20.233333333333334,0.3578146537735819,0.31834543771805146
903,0,608,20.266666666666666,0.25839847655292025,0.35483544316571314
903,0,609,20.3,0.159698602269738,0.38582660708096306
903,0,610,20.333333333333332,0.05677317019888165,0.3982176208750829
903,0,611,20.366666666666667,-0.045317826896377325,0.38481449420942315
903,0,612,20.4,-0.13304876865104884,0.34767200446085
903,0,613,20.433333333333334,-0.1940209577515381,0.29821078930834244
903,0,614,20.466666666666665,-0.22431871090503075,0.2417359918792073
903,0,615,20.5,-0.22549235115779148,0.1777350372390526
903,0,616,20.533333333333335,-0.2012808782460741,0.0981719628132203
903,0,617,20.566666666666666,-0.16009786431535172,-0.011718654422461228
903,0,618,20.6,-0.11328325976727868,-0.15278643624748517
903,0,619,20.633333333333333,-0.0705262360828004,-0.3110513583789938
903,0,620,20.666666666666668,-0.039881403303819916,-0.47423135601207245
903,0,621,20.7,-0.026540366734609397,-0.630871841676878
903,0,622,20.733333333333334,-0.03282211971695146,-0.7707594575449035
903,0,623,20.766666666666666,-0.05991367764571674,-0.8840242181586712
903,0,624,20.8,-0.10775154331792683,-0.9516655258010878
903,0,625,20.833333333333332,-0.17516480580169336,-0.9452455039624672
903,0,626,20.866666666666667,-0.2595203534521018,-0.8655789139455927
903,0,627,20.9,-0.35753491797423437,-0.7427438146314216
903,0,628,20.933333333333334,-0.46510691875401794,-0.5905235250773557
903,0,629,20.966666666666665,-0.575465413443786,-0.40690781905724055
903,0,630,21.0,-0.6802894420060192,-0.19821760777319652
903,0,631,21.033333333333335,-0.7688778644827652,0.019717836393305523
903,0,632,21.066666666666666,-0.8234669050658847,0.2257494690178572
903,0,633,21.1,-0.819165279883602,0.39239434172472953
903,0,634,21.133333333333333,-0.7266489286896177,0.5093993074002009
903,0,635,21.166666666666668,-0.5157547088340779,0.5827711857210873
903,0,636,21.2,-0.17808397431960038,0.6170754103868106
903,0,637,21.233333333333334,0.2442769877015988,0.6147069545409211
903,0,638,21.266666666666666,0.658364591846619,0.5620263127642183
903,0,639,21.3,0.9611062964627385,0.429703972850757
903,0,640,21.333333333333332,1.1004060759154621,0.247402172002834
903,0,641,21.366666666666667,1.094681923693386,0.10381431885812745
903,0,642,21.4,0.999370181511889,0.02872113624738542
903,0,643,21.433333333333334,0.8642499966612935,-0.006878780452475631
903,0,644,21.466666666666665,0.7166095962901975,-0.01699315990986467
903,0,645,21.5,0.5727605041583734,-3.153288924809955e-06
903,0,646,21.533333333333335,0.4433561909864432,0.037088534065669636
903,0,647,21.566666666666666,0.3273038137215859,0.07872619463140844
903,0,648,21.6,0.21452704436529632,0.1164195511595098
903,0,649,21.633333333333333,0.0983354211336549,0.14869177951288182
903,0,650,21.666666666666668,-0.016114735776793246,0.17516737369824664
903,0,651,21.7,-0.1152104869287291,0.19636529682799342
903,0,652,21.733333333333334,-0.1874367877354186,0.21180233637371554
903,0,653,21.766666666666666,-0.22803909784896123,0.21987853975394853
903,0,654,21.8,-0.23750538016483183,0.2176926749593885
903,0,655,21.833333333333332,-0.22288838885554463,0.20109843858211285
903,0,656,21.866666666666667,-0.19644526703392684,0.1632387921182117
903,0,657,21.9,-0.17100650824379218,0.09489628697628044
903,0,658,21.933333333333334,-0.1559321518309687,-0.0010906263958560258
903,0,659,21.966666666666665,-0.1569881452557276,-0.10938699673246458
903,0,660,22.0,-0.1763587653846573,-0.22116243896714377
903,0,661,22.033333333333335,-0.2125531466290283,-0.3335431742300766
903,0,662,22.066666666666666,-0.2632993888378122,-0.44788743588415614
903,0,663,22.1,-0.3252697394556364,-0.5689259821939222
903,0,664,22.133333333333333,-0.3953903515681436,-0.6846959957384396
903,0,665,22.166666666666668,-0.4728023824151389,-0.7660184035797364
903,0,666,22.2,-0.5532416745185235,-0.7931019874440619
903,0,667,22.233333333333334,-0.6263177003523759,-0.7555475668180608
903,0,668,22.266666666666666,-0.6798620424441306,-0.6586178436387832
903,0,669,22.3,-0.6982298332673991,-0.5233870920066908
903,0,670,22.333333333333332,-0.6578320016858908,-0.3598060148068915
903,0,671,22.366666666666667,-0.5300836219279793,-0.1674272037050369
903,0,672,22.4,-0.29387704119068553,0.04903019751738301
903,0,673,22.433333333333334,0.040990752186349635,0.2783912762393672
903,0,674,22.466666666666665,0.4169480473658077,0.5072311486177582
903,0,675,22.5,0.7422466714475815,0.7185770994592362
903,0,676,22.533333333333335,0.9373741589423265,0.8878975930470976
903,0,677,22.566666666666666,0.9819555312516517,0.9822680997429536
903,0,678,22.6,0.9122914236629946,0.9873965531863661
903,0,679,22.633333333333333,0.7826311083076702,0.907354221030962
903,0,680,22.666666666666668,0.6377153287505296,0.7636017531507513
903,0,681,22.7,0.5053984764329638,0.5949656657449821
903,0,682,22.733333333333334,0.398206714855134,0.43004921534907403
903,0,683,22.766666666666666,0.3136903123809669,0.2876639442591253
903,0,684,22.8,0.23766248059753578,0.17694620055303795
903,0,685,22.833333333333332,0.1545385022669667,0.09818386832173392
903,0,686,22.866666666666667,0.06075315784961396,0.04923342559306203
903,0,687,22.9,-0.03117305940210073,0.026231675329415338
903,0,688,22.933333333333334,-0.1048252107409445,0.007679865739585165
903,0,689,22.966666666666665,-0.14985369627036138,-0.044679135728766584
903,0,690,23.0,-0.1639629904159096,-0.13329891551157969
903,0,691,23.033333333333335,-0.15376609640983938,-0.2242926475177476
903,0,692,23.066666666666666,-0.13115203180053592,-0.3040279873284254
903,0,693,23.1,-0.10837992269311951,-0.3787881466057222
903,0,694,23.133333333333333,-0.09658518210405477,-0.4572814927194585
903,0,695,23.166666666666668,-0.10466597005590474,-0.5497952823822407
903,0,696,23.2,-0.13624462386093794,-0.6459735244316792
903,0,697,23.233333333333334,-0.18954128941319626,-0.7144196472483274
903,0,698,23.266666666666666,-0.2613597813815599,-0.7564985562377773
903,0,699,23.3,-0.34853237372717344,-0.8058056880411466
903,0,700,23.333333333333332,-0.4460610777764624,-0.8610804735118618
903,0,701,23.366666666666667,-0.5465089929218662,-0.8859211797767271
903,0,702,23.4,-0.6418008469128805,-0.8501344116898566
903,0,703,23.433333333333334,-0.7235269588875307,-0.7304893011138631
903,0,704,23.466666666666665,-0.7802580085215824,-0.5226667711375999
903,0,705,23.5,-0.7935059848929367,-0.2423276080289049
903,0,706,23.533333333333335,-0.7356007487479016,0.07386991281605154
903,0,707,23.566666666666666,-0.5756564854794365,0.36721700674072655
903,0,708,23.6,-0.2964547535152062,0.6090150062985251
903,0,709,23.633333333333333,0.08047948970218403,0.7991978472444587
903,0,710,23.666666666666668,0.4826740823252157,0.9461515293804199
903,0,711,23.7,0.8119442180048846,1.0650177239538958
903,0,712,23.733333333333334,0.9986474757289167,1.1441031743512557
903,0,713,23.766666666666666,1.038426931703186,1.1442933271230897
903,0,714,23.8,0.9755535051773697,1.0521937081704806
903,0,715,23.833333333333332,0.8594727387071905,0.8804699849708153
903,0,716,23.866666666666667,0.7204582134852721,0.6505807566009649
903,0,717,23.9,0.5749235185709216,0.39337418373701444
903,0,718,23.933333333333334,0.4381661424843431,0.13904625771897053
903,0,719,23.966666666666665,0.3196935019312242,-0.08187573486296248
903,0,720,24.0,0.21408295839591676,-0.25018729329522527
903,0,721,24.033333333333335,0.11151623394730506,-0.35694669597548867
903,0,722,24.066666666666666,0.011613379271570953,-0.40699311602881416
903,0,723,24.1,-0.07577664421001909,-0.41800005748457064
903,0,724,24.133333333333333,-0.13751526821611662,-0.4032472618700975
903,0,725,24.166666666666668,-0.16815103616009885,-0.3711133347148194
903,0,726,24.2,-0.17320687342409025,-0.3292143537045073
903,0,727,24.233333333333334,-0.16230178106278342,-0.2843721124093133
903,0,728,24.266666666666666,-0.14451529713224487,-0.24149367009773037
903,0,729,24.3,-0.12774463630520652,-0.20371739808085032
903,0,730,24.333333333333332,-0.11854448149046742,-0.17485684127008486
903,0,731,24.366666666666667,-0.12214400964461616,-0.159539903415247
903,0,732,24.4,-0.14007914745666483,-0.1627770281924597
903,0,733,24.433333333333334,-0.17005551252735376,-0.189919246188756
903,0,734,24.466666666666665,-0.21039485930952467,-0.23816700754630682
903,0,735,24.5,-0.26203135478603945,-0.29646389817592494
903,0,736,24.533333333333335,-0.32597879588189627,-0.359821441554962
903,0,737,24.566666666666666,-0.4006713663792329,-0.42906685142181855
903,0,738,24.6,-0.48361767971454844,-0.4910569564103169
903,0,739,24.633333333333333,-0.5711263609927033,-0.5185943606401667
903,0,740,24.666666666666668,-0.6533652239727472,-0.48731492257149156
903,0,741,24.7,-0.7139202415010426,-0.37623378007331937
903,0,742,24.733333333333334,-0.7323026073321964,-0.17799212710462178
903,0,743,24.766666666666666,-0.6838764422512311,0.100091785852886
903,0,744,24.8,-0.5419069199711453,0.41807726553459845
903,0,745,24.833333333333332,-0.2877721835672455,0.7025219982867461
903,0,746,24.866666666666667,0.06467682558050918,0.916084613678862
903,0,747,24.9,0.448982047640328,1.0565384086985956
903,0,748,24.933333333333334,0.7675117571090638,1.1244741540282264
903,0,749,24.966666666666665,0.9497828075271312,1.1222721087776113
903,0,750,25.0,0.9895599080481561,1.0490625443612767
903,0,751,25.033333333333335,0.9273042877124126,0.9007840063520899
903,0,752,25.066666666666666,0.8117507089793404,0.6813571050048446
903,0,753,25.1,0.6769513507353586,0.40367177026156686
903,0,754,25.133333333333333,0.5416157645993178,0.08999213999044461
903,0,755,25.166666666666668,0.41921152133411527,-0.22664316600865597
903,0,756,25.2,0.31687684125852544,-0.5161741314653709
903,0,757,25.233333333333334,0.22856696236161064,-0.7500595271067232
903,0,758,25.266666666666666,0.141622967667888,-0.9060882131217893
903,0,759,25.3,0.0505746721540696,-0.9672912879938685
903,0,760,25.333333333333332,-0.037534471247273035,-0.9491923782504869
903,0,761,25.366666666666667,-0.10790835936203444,-0.8988842133093788
903,0,762,25.4,-0.14853527889070084,-0.8300328714745203
903,0,763,25.433333333333334,-0.1599080409990459,-0.7228270748742858
903,0,764,25.466666666666665,-0.1515704954343624,-0.5744932365493578
903,0,765,25.5,-0.1346924940786965,-0.40014823579101977
903,0,766,25.533333333333335,-0.12017678713510212,-0.21691493997107075
903,0,767,25.566666666666666,-0.11627986055743818,-0.044703073812165185
903,0,768,25.6,-0.1270797022392777,0.10585366173799815
903,0,769,25.633333333333333,-0.15382627590893694,0.23242994517089327
903,0,770,25.666666666666668,-0.1965546684892348,0.3257649314007212
903,0,771,25.7,-0.2538038401378723,0.36897370029015797
903,0,772,25.733333333333334,-0.3228771072470783,0.359541971879826
903,0,773,25.766666666666666,-0.39951468144084534,0.3090393461979889
903,0,774,25.8,-0.47885259146882897,0.23245973123484376
903,0,775,25.833333333333332,-0.5573157034780561,0.1481069861372708
903,0,776,25.866666666666667,-0.6298625795388746,0.07385434949922993
903,0,777,25.9,-0.6872897118316863,0.027200398902365586
903,0,778,25.933333333333334,-0.7137085309438835,0.027981143559500713
903,0,779,25.966666666666665,-0.6855451756136279,0.09811430200231934
903,0,780,26.0,-0.5754721084104393,0.23788885306211385
903,0,781,26.033333333333335,-0.36105164721282595,0.425453744940192
903,0,782,26.066666666666666,-0.046719639875660746,0.6138585563337705
903,0,783,26.1,0.31620895579490366,0.7310815486856351
903,0,784,26.133333333333333,0.6424711161856765,0.7460667004522524
903,0,785,26.166666666666668,0.8558815833172961,0.6688177109812544
903,0,786,26.2,0.9315214033051176,0.534027731667211
903,0,787,26.233333333333334,0.8980826377494244,0.40069019736868344
903,0,788,26.266666666666666,0.8014222521993349,0.27584048270474804
903,0,789,26.3,0.6774536051450301,0.11537799087225688
903,0,790,26.333333333333332,0.550800202868442,-0.10788064818356033
903,0,791,26.366666666666667,0.4372343963550845,-0.40219402739822707
903,0,792,26.4,0.3417149868032612,-0.7249808015628729
903,0,793,26.433333333333334,0.2575511276756913,-0.9818659600148639
903,0,794,26.466666666666665,0.17338294930401718,-1.1208292639245965
903,0,795,26.5,0.08475985481086926,-1.131802372149195
903,0,796,26.533333333333335,-0.0018684808049756335,-1.0125738276131215
903,0,797,26.566666666666666,-0.07384441069828666,-0.7687290774124197
903,0,798,26.6,-0.12139082956312869,-0.4173218479569581
903,0,799,26.633333333333333,-0.14123544675224114,0.01189772338578389
903,0,800,26.666666666666668,-0.1352478603795438,0.4264855322478551
903,0,801,26.7,-0.1124561236480933,0.6709033100089615
903,0,802,26.733333333333334,-0.0853187963869861,0.712191879886978
903,0,803,26.766666666666666,-0.0625879217692631,0.639169393056092
903,0,804,26.8,-0.04931717620524878,0.5092429031198704
903,0,805,26.833333333333332,-0.04914952637499734,0.3472697192351093
903,0,806,26.866666666666667,-0.06520067486892678,0.17854180117086021
903,0,807,26.9,-0.09990110905579827,0.029204358868411946
903,0,808,26.933333333333334,-0.15464869818067603,-0.08938954954988988
903,0,809,26.966666666666665,-0.23143485008652626,-0.1799535748069302
903,0,810,27.0,-0.3316598292234643,-0.246124411235238
903,0,811,27.033333333333335,-0.45165015980095796,-0.29173021680915834
903,0,812,27.066666666666666,-0.5824096453006782,-0.31389860540830467
903,0,813,27.1,-0.711210740292567,-0.3028400499960831
903,0,814,27.133333333333333,-0.8210278989168222,-0.2573796366279695
903,0,815,27.166666666666668,-0.8917742596629528,-0.18510311048398018
903,0,816,27.2,-0.9001962086408828,-0.09742840100538501
903,0,817,27.233333333333334,-0.8164085492998799,-0.009832224509022821
903,0,818,27.266666666666666,-0.611809087511966,0.0651790358832707
903,0,819,27.3,-0.2830038289507501,0.11776144410846826
903,0,820,27.333333333333332,0.12622315136342702,0.14911668426472588
903,0,821,27.366666666666667,0.5286442206069996,0.17103972728728728
903,0,822,27.4,0.8344220087298743,0.18614949418958476
903,0,823,27.433333333333334,1.0006486263840797,0.18761750740651523
903,0,824,27.466666666666665,1.0414696637020433,0.17425934202651072
903,0,825,27.5,0.996833390444862,0.1505237055674263
903,0,826,27.533333333333335,0.9013027560566295,0.12015109082670261
903,0,827,27.566666666666666,0.7763264739739518,0.08620731716728998
903,0,828,27.6,0.6393065968686393,0.05189068259988334
903,0,829,27.633333333333333,0.5064636778026252,0.02066069540583429
903,0,830,27.666666666666668,0.3842355120311011,-0.003970071708507145
903,0,831,27.7,0.2676564420164205,-0.018329275020932914
903,0,832,27.733333333333334,0.15035796025087125,-0.022520753742802966
903,0,833,27.766666666666666,0.034531268066094786,-0.020328433821638917
903,0,834,27.8,-0.06981329570502574,-0.012264519582285992
903,0,835,27.833333333333332,-0.15090745831619354,0.004425268023130506
903,0,836,27.866666666666667,-0.20175192458512684,0.025541711486338804
903,0,837,27.9,-0.22194398743697147,0.039934013995900526
903,0,838,27.933333333333334,-0.21561821821772448,0.04238201224997764
903,0,839,27.966666666666665,-0.19070986361040881,0.03364806253780049
903,0,840,28.0,-0.15604699686177997,0.016829135178021738
903,0,841,28.033333333333335,-0.11971660158883582,-0.0026618644656010697
903,0,842,28.066666666666666,-0.08952919312189812,-0.02154697662596533
903,0,843,28.1,-0.0720892917692609,-0.03862748479858396
903,0,844,28.133333333333333,-0.07000755231834677,-0.052446955663669755
903,0,845,28.166666666666668,-0.0823386748491946,-0.06119863771044578
903,0,846,28.2,-0.10857556641065809,-0.06455797312636696
903,0,847,28.233333333333334,-0.1491301131176093,-0.06361613382996306
903,0,848,28.266666666666666,-0.20399404651167177,-0.058606563682435525
903,0,849,28.3,-0.27352773445724743,-0.048891557421640544
903,0,850,28.333333333333332,-0.35744350870166164,-0.037295109445440226
903,0,851,28.366666666666667,-0.4526092685990464,-0.030077740379633473
903,0,852,28.4,-0.5525451477508596,-0.02485715607878744
903,0,853,28.433333333333334,-0.6469475041005982,-0.010715258289204704
903,0,854,28.466666666666665,-0.7205002030380852,0.015268557582479428
903,0,855,28.5,-0.7520047271584743,0.04784530135225547
903,0,856,28.533333333333335,-0.7167409503765697,0.08175482786648472
903,0,857,28.566666666666666,-0.5892162358357445,0.11165754391198911
903,0,858,28.6,-0.35007178245446835,0.12969765679945144
903,0,859,28.633333333333333,-0.008611302383043688,0.12552909256992417
903,0,860,28.666666666666668,0.37609174443169086,0.09810183335664706
903,0,861,28.7,0.7099029129017314,0.05573592378141108
903,0,862,28.733333333333334,0.9143550065964011,0.006176810082005643
903,0,863,28.766666666666666,0.9699213389224316,-0.04331091734489067
903,0,864,28.8,0.9120569554117124,-0.08968369686346139
903,0,865,28.833333333333332,0.7928815966824434,-0.13384021164178983
903,0,866,28.866666666666667,0.6533052258835486,-0.16860590553604918
903,0,867,28.9,0.5206911584471411,-0.17861373610013134
903,0,868,28.933333333333334,0.41146869768516636,-0.16126890267300797
903,0,869,28.966666666666665,0.3293278881915409,-0.12674531311924406
903,0,870,29.0,0.26352104877108457,-0.08117225001130328
903,0,871,29.033333333333335,0.19536672621789308,-0.02670169960326576
903,0,872,29.066666666666666,0.11414359515043446,0.03211742126369076
903,0,873,29.1,0.02495966947478776,0.08808074894999982
903,0,874,29.133333333333333,-0.05634540964301145,0.13770330569249373
903,0,875,29.166666666666668,-0.11432386743801032,0.18091759702872134
903,0,876,29.2,-0.14278192127295972,0.21306158984788792
903,0,877,29.233333333333334,-0.14479105918253157,0.22470067746978634
903,0,878,29.266666666666666,-0.12814005012239094,0.21198411581752133
903,0,879,29.3,-0.10375705780779208,0.17666865106184507
903,0,880,29.333333333333332,-0.08412575256269594,0.12428241711889254
903,0,881,29.366666666666667,-0.0776198417583819,0.06421305453806289
903,0,882,29.4,-0.08837495743812823,0.0009675733308980531
903,0,883,29.433333333333334,-0.1186071197054456,-0.06553582791376869
903,0,884,29.466666666666665,-0.16763515833186018,-0.13856029344980766
903,0,885,29.5,-0.2338654856500953,-0.22399348844248987
903,0,886,29.533333333333335,-0.3166995058583508,-0.3214876309433171
903,0,887,29.566666666666666,-0.41450636465826163,-0.4238778712020176
903,0,888,29.6,-0.5218862401595402,-0.5154511315680935
903,0,889,29.633333333333333,-0.6314588988021445,-0.5716935452493319
903,0,890,29.666666666666668,-0.7340459523837457,-0.5770307406585093
903,0,891,29.7,-0.8135774578193427,-0.5249093903478177
903,0,892,29.733333333333334,-0.846860556283488,-0.414579460248545
903,0,893,29.766666666666666,-0.8060298309480511,-0.251530032238175
903,0,894,29.8,-0.6619661193138084,-0.052327820751055534
903,0,895,29.833333333333332,-0.39608011097147344,0.15465080986028895
903,0,896,29.866666666666667,-0.02476318048378543,0.34445145286482265
903,0,897,29.9,0.38549014263610953,0.4947424229880507
903,0,898,29.933333333333334,0.7404079437196809,0.6028855271046442
903,0,899,29.966666666666665,0.9647647409498711,0.6849125966556282
903,0,900,30.0,1.0405261664325758,0.7407378377282243
903,0,901,30.033333333333335,1.0034643336166331,0.7535680198984287
903,0,902,30.066666666666666,0.9044074167913589,0.7146660633028918
903,0,903,30.1,0.7807870761692772,0.6235276172440439
903,0,904,30.133333333333333,0.6552642902847079,0.49174258365046886
903,0,905,30.166666666666668,0.5422715117544176,0.34335264302461815
903,0,906,30.2,0.44590676020756453,0.19851390062442392
903,0,907,30.233333333333334,0.35649906910374607,0.07403652720836787
903,0,908,30.266666666666666,0.2587698460685927,-0.025880739897515867
903,0,909,30.3,0.146473047159014,-0.10880937351258091
903,0,910,30.333333333333332,0.027408776831222385,-0.17468479324675396
903,0,911,30.366666666666667,-0.08294241674445997,-0.21513761697605652
903,0,912,30.4,-0.16992938397279567,-0.2306213819386295
903,0,913,30.433333333333334,-0.2258912507291645,-0.23003477420216373
903,0,914,30.466666666666665,-0.24968913116640112,-0.22156591076407248
903,0,915,30.5,-0.24632093714567682,-0.21239476907271915
903,0,916,30.533333333333335,-0.22645907924731845,-0.20792868053902594
903,0,917,30.566666666666666,-0.1993542504554446,-0.21166189729943696
903,0,918,30.6,-0.17038377607779107,-0.22623624462085373
903,0,919,30.633333333333333,-0.14546611923269964,-0.2533088313403391
903,0,920,30.666666666666668,-0.13100833152829724,-0.29674409494028087
903,0,921,30.7,-0.13160283697241737,-0.3623041014278081
903,0,922,30.733333333333334,-0.14995168303203604,-0.4436783168649668
903,0,923,30.766666666666666,-0.1888122684951663,-0.5222188615698089
903,0,924,30.8,-0.2509978006142445,-0.5885201093874085
903,0,925,30.833333333333332,-0.3368895544379389,-0.6421783552806911
903,0,926,30.866666666666667,-0.44379323806056437,-0.6793185347746798
903,0,927,30.9,-0.565413597912769,-0.6923993632769524
903,0,928,30.933333333333334,-0.6912954850852554,-0.6657495619936746
903,0,929,30.966666666666665,-0.806292481391601,-0.5760254227024626
903,0,930,31.0,-0.8901528487099454,-0.4148538803671301
903,0,931,31.033333333333335,-0.9131780899064298,-0.1898305510908007
903,0,932,31.066666666666666,-0.8356498229473678,0.07815928216186188
903,0,933,31.1,-0.6194964835962498,0.3538123725771699
903,0,934,31.133333333333333,-0.25404442623577134,0.6138160411125342
903,0,935,31.166666666666668,0.21288129649539103,0.8454352461017485
903,0,936,31.2,0.6760014438376879,1.035402050049551
903,0,937,31.233333333333334,1.0210503909181965,1.1685486585521985
903,0,938,31.266666666666666,1.1882412943755947,1.2234169009810887
903,0,939,31.3,1.1952423163543362,1.1718619139507565
903,0,940,31.333333333333332,1.1007867869721935,1.015712181243674
903,0,941,31.366666666666667,0.9578582016264892,0.7870602156115388
903,0,942,31.4,0.7993894118358382,0.5217557302480993
903,0,943,31.433333333333334,0.6455189180992489,0.26002011488303833
903,0,944,31.466666666666665,0.5078143362350318,0.026048254119128825
903,0,945,31.5,0.3861315036741646,-0.17077313543039746
903,0,946,31.533333333333335,0.26960160294205,-0.31941144907142704
903,0,947,31.566666666666666,0.1484625595029615,-0.4060317807096074
903,0,948,31.6,0.025880716646562982,-0.4338877064857428
903,0,949,31.633333333333333,-0.08327047357421921,-0.42252740343066286
903,0,950,31.666666666666668,-0.1647366789277942,-0.3853389196197348
903,0,951,31.7,-0.21295071777690805,-0.3291591656067951
903,0,952,31.733333333333334,-0.22907279664479704,-0.2640111132550145
903,0,953,31.766666666666666,-0.2205323424131977,-0.20313065379359924
903,0,954,31.8,-0.2006184099389009,-0.14973151470916668
903,0,955,31.833333333333332,-0.18221816882273148,-0.09726705867373192
903,0,956,31.866666666666667,-0.17400327034674973,-0.053943978012033635
903,0,957,31.9,-0.18050709603410003,-0.04278882636035547
903,0,958,31.933333333333334,-0.20327243401639644,-0.06712290221597865
903,0,959,31.966666666666665,-0.24172187660969363,-0.11048501287340323
903,0,960,32.0,-0.2940970026840124,-0.16182520400067169
903,0,961,32.03333333333333,-0.3583659942088064,-0.2154641186044045
903,0,962,32.06666666666667,-0.43191832543126957,-0.26119695867274684
903,0,963,32.1,-0.5111306087755406,-0.28416899688402714
903,0,964,32.13333333333333,-0.5918388746317348,-0.27733582361059544
903,0,965,32.166666666666664,-0.670310733708877,-0.24148169454522656
903,0,966,32.2,-0.7396551030863907,-0.18463234581956955
903,0,967,32.233333333333334,-0.7857388400097364,-0.12207385563732687
903,0,968,32.266666666666666,-0.7872480589637775,-0.059531657725397404
903,0,969,32.3,-0.7136305222919908,0.006541870199308908
903,0,970,32.333333333333336,-0.5287768665405232,0.07174849508365157
903,0,971,32.36666666666667,-0.2126090458931971,0.12338488465088925
903,0,972,32.4,0.20734746796143833,0.15794682356990092
903,0,973,32.43333333333333,0.6443644985823695,0.18084276268306082
903,0,974,32.46666666666667,0.9874860969351076,0.194729712941496
903,0,975,32.5,1.161401131731743,0.19925362218696582
903,0,976,32.53333333333333,1.162953520119785,0.19327532372309603
903,0,977,32.56666666666667,1.0463188272174313,0.1748530709685735
903,0,978,32.6,0.8765908899012909,0.14905875972335753
903,0,979,32.63333333333333,0.7003498945654104,0.12794908757518533
903,0,980,32.666666666666664,0.5446968660718602,0.11714907576762178
903,0,981,32.7,0.4209968012036527,0.11583076745030896
903,0,982,32.733333333333334,0.32339594198629185,0.12082379675324582
903,0,983,32.766666666666666,0.2327874165573049,0.1267100607578934
903,0,984,32.8,0.13232733698205001,0.12792312493201824
903,0,985,32.833333333333336,0.021677826767678335,0.11886405875837283
903,0,986,32.86666666666667,-0.0837452512712619,0.09963406282095803
903,0,987,32.9,-0.16414687461916522,0.07609650158618736
903,0,988,32.93333333333333,-0.20732670170461287,0.050407929273010715
903,0,989,32.96666666666667,-0.21385692970327688,0.021125058446798278
903,0,990,33.0,-0.19298820183056808,-0.01172908470514766
903,0,991,33.03333333333333,-0.15811584149716496,-0.04645759993161888
903,0,992,33.06666666666667,-0.12536987785187725,-0.08386111992034159
903,0,993,33.1,-0.10908472821145594,-0.12697224430766507
903,0,994,33.13333333333333,-0.11773799649791908,-0.17735550227166605
903,0,995,33.166666666666664,-0.15339392574332883,-0.23476711472928394
903,0,996,33.2,-0.21383944154114667,-0.2965530584498185
903,0,997,33.233333333333334,-0.29676041234200984,-0.3573374630722791
903,0,998,33.266666666666666,-0.39955243385638695,-0.40839028584840054
903,0,999,33.3,-0.5167397937561719,-0.43747733941371686
903,0,1000,33.333333333333336,-0.6392717652928168,-0.43824244151571673
903,0,1001,33.36666666666667,-0.7562338096873932,-0.4102266474702612
903,0,1002,33.4,-0.8563374709412119,-0.3509237643312821
903,0,1003,33.43333333333333,-0.925171570749266,-0.25610620679145346
903,0,1004,33.46666666666667,-0.9427772302802812,-0.1313121676218946
903,0,1005,33.5,-0.8815161875919904,0.007577151482123914
903,0,1006,33.53333333333333,-0.7045611460655472,0.14553374853014747
903,0,1007,33.56666666666667,-0.38338289617366034,0.26776405499897826
903,0,1008,33.6,0.06596086170151488,0.3716643172527219
903,0,1009,33.63333333333333,0.5626378698695831,0.4659701463579186
903,0,1010,33.666666666666664,0.9866595317849087,0.544099627913665
903,0,1011,33.7,1.2438629668310086,0.5836300524612521
903,0,1012,33.733333333333334,1.3165000611340316,0.5755225097167038
903,0,1013,33.766666666666666,1.2501640270180863,0.5240785783456721
903,0,1014,33.8,1.1043318616478206,0.43647364494292873
903,0,1015,33.833333333333336,0.9226573813639433,0.3229170985834637
903,0,1016,33.86666666666667,0.732277151499848,0.19835894724367126
903,0,1017,33.9,0.5532232616170912,0.08288955082585261
903,0,1018,33.93333333333333,0.39689061575197715,-0.0079420062183653
903,0,1019,33.96666666666667,0.25838985317834096,-0.06271561025410022
903,0,1020,34.0,0.12439485845034504,-0.08037335964629751
903,0,1021,34.03333333333333,-0.01043427597024682,-0.06981236822604836
903,0,1022,34.06666666666667,-0.136992832743508,-0.03850697567268835
903,0,1023,34.1,-0.23672651418992186,0.007683853064882007
903,0,1024,34.13333333333333,-0.29484068598832464,0.054930646591357796
903,0,1025,34.166666666666664,-0.3112878352081403,0.08155666653375501
903,0,1026,34.2,-0.2948057548561099,0.07948782791095044
903,0,1027,34.233333333333334,-0.25604188883768364,0.054348234478079564
903,0,1028,34.266666666666666,-0.2080969129851007,0.006100413430092495
903,0,1029,34.3,-0.1646280259364753,-0.07072679375138284
903,0,1030,34.333333333333336,-0.13795710570603464,-0.1744224255538242
903,0,1031,34.36666666666667,-0.13678828122173997,-0.29555742438111626
903,0,1032,34.4,-0.16381706927169537,-0.42957363289935013
903,0,1033,34.43333333333333,-0.2166303323265194,-0.5760286805179694
903,0,1034,34.46666666666667,-0.29139345493647356,-0.725719629447543
903,0,1035,34.5,-0.3839217769759923,-0.8598997724716577
903,0,1036,34.53333333333333,-0.4899361819635321,-0.9499686885808214
903,0,1037,34.56666666666667,-0.6053390952382125,-0.9573562221722567
903,0,1038,34.6,-0.7217932261554681,-0.8557116325629466
903,0,1039,34.63333333333333,-0.8231754482639487,-0.6316492785005309
903,0,1040,34.666666666666664,-0.8882371661270982,-0.3145867669921807
903,0,1041,34.7,-0.8911302363098726,0.02244551847367446
903,0,1042,34.733333333333334,-0.7997952139629277,0.3303786487848511
903,0,1043,34.766666666666666,-0.5828077417867944,0.5830491734368008
903,0,1044,34.8,-0.22965049505762222,0.7761039345600094
903,0,1045,34.833333333333336,0.22240823576866614,0.9252677189140944
903,0,1046,34.86666666666667,0.681716928317389,1.027226748008001
903,0,1047,34.9,1.0383624108509997,1.0586253132737418
903,0,1048,34.93333333333333,1.2251109586375553,1.0135184948077711
903,0,1049,34.96666666666667,1.2460383939818387,0.9033130599491053
903,0,1050,35.0,1.1504578731608985,0.7464668666383034
903,0,1051,35.03333333333333,0.9916025196810219,0.5687693764926742
903,0,1052,35.06666666666667,0.8077202343722343,0.38757857300725446
903,0,1053,35.1,0.6256048786901907,0.21264366454835124
903,0,1054,35.13333333333333,0.46360372347820034,0.056618364807931275
903,0,1055,35.166666666666664,0.3255461780191506,-0.06397866428097457
903,0,1056,35.2,0.2015259879040303,-0.14400379500485508
903,0,1057,35.233333333333334,0.08165513602628457,-0.18888655136117247
903,0,1058,35.266666666666666,-0.033790523650876064,-0.20489802728521664
903,0,1059,35.3,-0.13416203176189234,-0.1985571730455738
903,0,1060,35.333333333333336,-0.20723441452162122,-0.18429069857758276
903,0,1061,35.36666666666667,-0.24958455055036508,-0.18397507436032756
903,0,1062,35.4,-0.26545165202971144,-0.20446076110638303
903,0,1063,35.43333333333333,-0.26176410242651105,-0.2373014864451254
903,0,1064,35.46666666666667,-0.2477811883816618,-0.2781103228032824
903,0,1065,35.5,-0.23418776820363785,-0.3263947980595603
903,0,1066,35.53333333333333,-0.22973330842375989,-0.38387738507268154
903,0,1067,35.56666666666667,-0.2394422569688922,-0.45406974902598557
903,0,1068,35.6,-0.2653160317423592,-0.5353543820118423
903,0,1069,35.63333333333333,-0.30605394659554663,-0.6205282803252877
903,0,1070,35.666666666666664,-0.3584619197394616,-0.702818429478636
903,0,1071,35.7,-0.42033213474366865,-0.7754989977685358
903,0,1072,35.733333333333334,-0.4891713703015574,-0.823598261746488
903,0,1073,35.766666666666666,-0.5612187953365162,-0.823873078709913
903,0,1074,35.8,-0.6304115474252224,-0.7543653466250795
903,0,1075,35.833333333333336,-0.6858926100468011,-0.5951238483647584
903,0,1076,35.86666666666667,-0.7095872446682148,-0.3533198472482428
903,0,1077,35.9,-0.6756561095909238,-0.06429223172580956
903,0,1078,35.93333333333333,-0.5556758363865192,0.22574000689097046
903,0,1079,35.96666666666667,-0.32871471548143677,0.45881873227142533
903,0,1080,36.0,-0.0001524276874490041,0.6204427022145147
903,0,1081,36.03333333333333,0.37985610951230175,0.7381990475532305
903,0,1082,36.06666666666667,0.7239665327428056,0.8300382746709124
903,0,1083,36.1,0.9501725537275956,0.902812601599741
903,0,1084,36.13333333333333,1.028446056544621,0.9452456223799545
903,0,1085,36.166666666666664,0.9855775059118335,0.9276603768111368
903,0,1086,36.2,0.8716747508718147,0.8468615253229144
903,0,1087,36.233333333333334,0.7305959493081259,0.7263100351029731
903,0,1088,36.266666666666666,0.5914929244112138,0.5824335736641065
903,0,1089,36.3,0.47106635768473226,0.4250079340843141
903,0,1090,36.333333333333336,0.371525388980627,0.2687044947573756
903,0,1091,36.36666666666667,0.27949732122513354,0.13381902516571992
903,0,1092,36.4,0.17885462710424505,0.03126642815305242
903,0,1093,36.43333333333333,0.0654270504076724,-0.036716080802783824
903,0,1094,36.46666666666667,-0.047990659649867,-0.07454263860998706
903,0,1095,36.5,-0.14259353194940255,-0.09259278011774214
903,0,1096,36.53333333333333,-0.20678013720793753,-0.09999536523611177
903,0,1097,36.56666666666667,-0.23571642653923547,-0.10415225074951052
903,0,1098,36.6,-0.23090403778204577,-0.1159469684939744
903,0,1099,36.63333333333333,-0.20211831257231283,-0.14931353849343076
903,0,1100,36.666666666666664,-0.16259001259688782,-0.20714950864174803
903,0,1101,36.7,-0.124178306730162,-0.2809097497849701
903,0,1102,36.733333333333334,-0.09708969135185565,-0.35697256858562304
903,0,1103,36.766666666666666,-0.08764408022475959,-0.41643135598041
903,0,1104,36.8,-0.09832951633255965,-0.4571785644361851
903,0,1105,36.833333333333336,-0.12788214854449587,-0.4934853983134315
903,0,1106,36.86666666666667,-0.17329586509960154,-0.529747054413741
903,0,1107,36.9,-0.23383964422714126,-0.5600623450109393
903,0,1108,36.93333333333333,-0.30887727606064164,-0.5811736859910834
903,0,1109,36.96666666666667,-0.39767017688709794,-0.5923333330888131
903,0,1110,37.0,-0.49865411328905723,-0.5884660937956894
903,0,1111,37.03333333333333,-0.6065709108192039,-0.5602475177499389
903,0,1112,37.06666666666667,-0.7119330021508391,-0.49477481096481196
903,0,1113,37.1,-0.7986912238568449,-0.3761711550783311
903,0,1114,37.13333333333333,-0.8435825405245443,-0.1934056306150256
903,0,1115,37.166666666666664,-0.8177106201299067,0.058496909206490755
903,0,1116,37.2,-0.687481421336225,0.35291310287976263
903,0,1117,37.233333333333334,-0.42670344420984463,0.6305375002771909
903,0,1118,37.266666666666666,-0.04484083042607661,0.8545485687836838
903,0,1119,37.3,0.39261645853139326,1.0096401902686143
903,0,1120,37.333333333333336,0.7817268148754521,1.0734865305383359
903,0,1121,37.36666666666667,1.0357586309288556,1.0162470672695527
903,0,1122,37.4,1.1320856529332644,0.8616007242741734
903,0,1123,37.43333333333333,1.103804932828361,0.6864648452732574
903,0,1124,37.46666666666667,0.9982750886551116,0.5204571840032539
903,0,1125,37.5,0.8516860463241233,0.346307283883763
903,0,1126,37.53333333333333,0.6884218500422641,0.1620514434587809
903,0,1127,37.56666666666667,0.5274900275183627,-0.017637477288414125
903,0,1128,37.6,0.3822783284846597,-0.18320580850000323
903,0,1129,37.63333333333333,0.25449182998564945,-0.32917177353242905
903,0,1130,37.666666666666664,0.1373985963765216,-0.450199813157748
903,0,1131,37.7,0.027488162220538924,-0.5401714253825959
903,0,1132,37.733333333333334,-0.07214847740215685,-0.5929909421658335
903,0,1133,37.766666666666666,-0.1531216022289721,-0.6020849031003175
903,0,1134,37.8,-0.20565711425417338,-0.569033200220127
903,0,1135,37.833333333333336,-0.2259532712990794,-0.503438164479931
903,0,1136,37.86666666666667,-0.2167105608334367,-0.41703035934696336
903,0,1137,37.9,-0.1855518115715538,-0.3237953332337565
903,0,1138,37.93333333333333,-0.14251105342812992,-0.23239177303067007
903,0,1139,37.96666666666667,-0.09663564846001962,-0.1465808069534063
903,0,1140,38.0,-0.05705423205966197,-0.06932063182472446
903,0,1141,38.03333333333333,-0.030739583324614364,-0.0033217082917488643
903,0,1142,38.06666666666667,-0.020292796944433436,0.04846939078310201
903,0,1143,38.1,-0.02729042378305077,0.08244428021832337
903,0,1144,38.13333333333333,-0.05340398496695082,0.10060661362287353
903,0,1145,38.166666666666664,-0.09909828905482748,0.11022470518723798
903,0,1146,38.2,-0.16353820935285093,0.11292948771277327
903,0,1147,38.233333333333334,-0.24430170816744723,0.10454766514679684
903,0,1148,38.266666666666666,-0.3389132717658762,0.0840876729228002
903,0,1149,38.3,-0.4442743998267853,0.05377621244246589
903,0,1150,38.333333333333336,-0.5552773021120172,0.022372125866770835
903,0,1151,38.36666666666667,-0.6642351386838274,0.005081242342420515
903,0,1152,38.4,-0.7590569632976909,0.006807379236096974
903,0,1153,38.43333333333333,-0.8251545063401877,0.02208985017347817
903,0,1154,38.46666666666667,-0.8429314217685178,0.04854380176335536
903,0,1155,38.5,-0.7848102646435469,0.08678170182322406
903,0,1156,38.53333333333333,-0.6198919767735401,0.12886427601531716
903,0,1157,38.56666666666667,-0.329257538757054,0.15822708117544407
903,0,1158,38.6,0.06417880616850997,0.1704892683338693
903,0,1159,38.63333333333333,0.4828829512996437,0.1733525240595399
903,0,1160,38.666666666666664,0.8257282205988592,0.16821294322577807
903,0,1161,38.7,1.0247032026705636,0.1500959013242313
903,0,1162,38.733333333333334,1.0767807658184707,0.12184504946269716
903,0,1163,38.766666666666666,1.0233003268152934,0.09417881276000192
903,0,1164,38.8,0.9120016952852734,0.07343323047965643
903,0,1165,38.833333333333336,0.776407616052891,0.0615990650497384
903,0,1166,38.86666666666667,0.6364022065807003,0.05893465587888232
903,0,1167,38.9,0.5060743982830156,0.06407657597127853
903,0,1168,38.93333333333333,0.39081353446107087,0.07842143095194751
903,0,1169,38.96666666666667,0.2828538190997954,0.10609249747928072
903,0,1170,39.0,0.17011253133824353,0.13959407036646354
903,0,1171,39.03333333333333,0.05055401507035897,0.15988119647448396
903,0,1172,39.06666666666667,-0.0641315957988529,0.1566882989470418
903,0,1173,39.1,-0.15748287749364315,0.12873733073358612
903,0,1174,39.13333333333333,-0.21644589001799724,0.08377926067474308
903,0,1175,39.166666666666664,-0.23713288548116596,0.03863135725430598
903,0,1176,39.2,-0.22605813515283169,-0.0020134658635116987
903,0,1177,39.233333333333334,-0.19528318198444494,-0.045339254387771775
903,0,1178,39.266666666666666,-0.15811767680368227,-0.09495573304447787
903,0,1179,39.3,-0.12482644152607111,-0.15043005867515796
903,0,1180,39.333333333333336,-0.10199986804174338,-0.20902294834478524
903,0,1181,39.36666666666667,-0.09457747483440322,-0.2653256620908142
903,0,1182,39.4,-0.10594375822820479,-0.31819833970852773
903,0,1183,39.43333333333333,-0.13786495065814386,-0.37036797747072436
903,0,1184,39.46666666666667,-0.19063224475961538,-0.42105089964593706
903,0,1185,39.5,-0.26284048926162124,-0.4655856786521342
903,0,1186,39.53333333333333,-0.3508407253783837,-0.49173184767729833
903,0,1187,39.56666666666667,-0.4504462735012434,-0.4797041407018805
903,0,1188,39.6,-0.556470785269862,-0.42462245237527185
903,0,1189,39.63333333333333,-0.6600068114308826,-0.33675485886041234
903,0,1190,39.666666666666664,-0.7479756176625912,-0.22237778017007304
903,0,1191,39.7,-0.8027264131844627,-0.08425341676623174
903,0,1192,39.733333333333334,-0.8019739082492856,0.06687099670882841
903,0,1193,39.766666666666666,-0.7191156873550206,0.21154693172866593
903,0,1194,39.8,-0.5262134218456587,0.33377742106363945
903,0,1195,39.833333333333336,-0.21099530092910848,0.4204034701179153
903,0,1196,39.86666666666667,0.1943366920381635,0.47607958623697605
903,0,1197,39.9,0.6061404577177778,0.522485516474426
903,0,1198,39.93333333333333,0.9232866155208161,0.5559369390645355
903,0,1199,39.96666666666667,1.0831723748680986,0.5471347839431313
903,0,1200,40.0,1.0945453935495586,0.4912412131971616
903,0,1201,40.03333333333333,1.010074953237156,0.4080698406213312
903,0,1202,40.06666666666667,0.876084641709288,0.31552212804790486
903,0,1203,40.1,0.7194739477517053,0.22966805689797937
903,0,1204,40.13333333333333,0.5597796869082214,0.14970414941150142
903,0,1205,40.166666666666664,0.41107216912476974,0.05860313478598564
903,0,1206,40.2,0.2761594924236038,-0.038175146256185434
903,0,1207,40.233333333333334,0.15086259753266884,-0.11216951205258444
903,0,1208,40.266666666666666,0.033779490973594006,-0.15943071012823934
903,0,1209,40.3,-0.06909602917498418,-0.20008344983156345
903,0,1210,40.333333333333336,-0.14493094459068562,-0.24535194550914835
903,0,1211,40.36666666666667,-0.18326439019048973,-0.29692579861509955
903,0,1212,40.4,-0.18477604422038071,-0.3432681809104523
903,0,1213,40.43333333333333,-0.15859212312471888,-0.3595655478093506
903,0,1214,40.46666666666667,-0.11787012616691159,-0.3448398537426863
903,0,1215,40.5,-0.07722916309563777,-0.32185643173605877
903,0,1216,40.53333333333333,-0.04865504828134096,-0.2965934335151245
903,0,1217,40.56666666666667,-0.039834556363853524,-0.2582420400846872
903,0,1218,40.6,-0.05345570232469019,-0.20505208256020507
903,0,1219,40.63333333333333,-0.0879775661471134,-0.1446763740035144
903,0,1220,40.666666666666664,-0.13749298052487513,-0.08396338620491137
903,0,1221,40.7,-0.19377543382503026,-0.02922168373216852
903,0,1222,40.733333333333334,-0.2529975117601903,0.02019724424444138
903,0,1223,40.766666666666666,-0.31475738385163965,0.07145145480383687
903,0,1224,40.8,-0.37936806829509623,0.1201731431433617
903,0,1225,40.833333333333336,-0.4488827466370573,0.15018625645406797
903,0,1226,40.86666666666667,-0.5242731570083401,0.15816861317815203
903,0,1227,40.9,-0.602616467367252,0.1534905006394094
903,0,1228,40.93333333333333,-0.6766660741328747,0.14503905385465632
903,0,1229,40.96666666666667,-0.7345380735180207,0.1409555795068443
903,0,1230,41.0,-0.7595737318691155,0.1455114871576929
903,0,1231,41.03333333333333,-0.7292559367634477,0.15897858748310228
903,0,1232,41.06666666666667,-0.6123564413719513,0.17307749289706081
903,0,1233,41.1,-0.3783311178349682,0.17108957555557175
903,0,1234,41.13333333333333,-0.028778251122213397,0.14524564805623932
903,0,1235,41.166666666666664,0.3781637675048285,0.09694051614368714
903,0,1236,41.2,0.7426729317544188,0.031764342750606675
903,0,1237,41.233333333333334,0.9775571828769503,-0.04032928013434141
903,0,1238,41.266666666666666,1.0596420200699723,-0.10597744777124363
903,0,1239,41.3,1.0250324880598045,-0.14828736671748374
903,0,1240,41.333333333333336,0.9245213124200748,-0.1605035339564177
903,0,1241,41.36666666666667,0.7953708775556949,-0.14590494127297388
903,0,1242,41.4,0.6614671963263278,-0.10813653045996283
903,0,1243,41.43333333333333,0.5393824724219646,-0.05120982939322944
903,0,1244,41.46666666666667,0.4369607543059456,0.022237388672746734
903,0,1245,41.5,0.34709714028223443,0.11061260786647703
903,0,1246,41.53333333333333,0.25132177350843665,0.19842201826265254
903,0,1247,41.56666666666667,0.13557553753134116,0.25609139292318794
903,0,1248,41.6,0.0033146078602413614,0.2705961247483204
903,0,1249,41.63333333333333,-0.12610002302258994,0.2454350948324197
903,0,1250,41.666666666666664,-0.22986836161167346,0.18858248289492538
903,0,1251,41.7,-0.29049714330629134,0.11245354371197608
903,0,1252,41.733333333333334,-0.30242246616005997,0.03134277019642358
903,0,1253,41.766666666666666,-0.2731237981749103,-0.0384253489825947
903,0,1254,41.8,-0.21657569098300325,-0.09273711571100923
903,0,1255,41.833333333333336,-0.14934343175833878,-0.13929144813380065
903,0,1256,41.86666666666667,-0.08816479070484964,-0.18235185669924286
903,0,1257,41.9,-0.04770885361129776,-0.22227608924449166
903,0,1258,41.93333333333333,-0.038256437801674474,-0.2561312941374144
903,0,1259,41.96666666666667,-0.06267966647841433,-0.27748364293417355
903,0,1260,42.0,-0.11815494167847099,-0.2858036804140265
903,0,1261,42.03333333333333,-0.1995025914963905,-0.2863265399342374
903,0,1262,42.06666666666667,-0.2994705027721117,-0.28493078371423813
903,0,1263,42.1,-0.4106494978638026,-0.2879704679050804
903,0,1264,42.13333333333333,-0.5253493045430615,-0.2936516426096218
903,0,1265,42.166666666666664,-0.6346569860830445,-0.292073649134452
903,0,1266,42.2,-0.7300973520597628,-0.2719922059287822
903,0,1267,42.233333333333334,-0.8035353908476938,-0.22116974737621692
903,0,1268,42.266666666666666,-0.8455379712772685,-0.13328781893191524
903,0,1269,42.3,-0.8383517617961797,-0.008508063549065685
903,0,1270,42.333333333333336,-0.7510245080602183,0.14623105908519107
903,0,1271,42.36666666666667,-0.5478628000717591,0.31651062212237674
903,0,1272,42.4,-0.21255293402396014,0.4874423515124869
903,0,1273,42.43333333333333,0.220793166432619,0.6428786296616087
903,0,1274,42.46666666666667,0.6625404970977798,0.7700364952127033
903,0,1275,42.5,1.0045577905003809,0.8587684471558158
903,0,1276,42.53333333333333,1.1791129635383704,0.8902911476470203
903,0,1277,42.56666666666667,1.1908915144346444,0.837124452820313
903,0,1278,42.6,1.0920735232107919,0.6764332660446442
903,0,1279,42.63333333333333,0.9400320176624815,0.3911166543458905
903,0,1280,42.666666666666664,0.7784756079194852,0.03654870860345054
903,0,1281,42.7,0.6327316920348562,-0.2589092826124448
903,0,1282,42.733333333333334,0.5056410603363982,-0.44040069554955985
903,0,1283,42.766666666666666,0.3830586978759522,-0.5259673937135537
903,0,1284,42.8,0.25090730808795236,-0.5389506235430912
903,0,1285,42.833333333333336,0.11010664946373042,-0.5066369488482956
903,0,1286,42.86666666666667,-0.022156236268413343,-0.4509214206601947
903,0,1287,42.9,-0.1270583582473533,-0.38784776706833696
903,0,1288,42.93333333333333,-0.19516986399733616,-0.3245389078189319
903,0,1289,42.96666666666667,-0.2245966317028306,-0.25939656318457116
903,0,1290,43.0,-0.22023887051213362,-0.19489771346833082
903,0,1291,43.03333333333333,-0.19297854183084004,-0.1379596757342677
903,0,1292,43.06666666666667,-0.1552362595155209,-0.09395177553445516
903,0,1293,43.1,-0.11880065297988915,-0.06693652413476524
903,0,1294,43.13333333333333,-0.09445320729067103,-0.056362487051130464
903,0,1295,43.166666666666664,-0.08886422218049848,-0.05727981386320393
903,0,1296,43.2,-0.10448163408824408,-0.0680943149694729
903,0,1297,43.233333333333334,-0.14206839865225607,-0.09063010836795343
903,0,1298,43.266666666666666,-0.20051853924572383,-0.12031001505494379
903,0,1299,43.3,-0.2806805919433458,-0.14616480742079077
903,0,1300,43.333333333333336,-0.38486258101571863,-0.16456810446735937
903,0,1301,43.36666666666667,-0.5108075552409549,-0.17920778117860134
903,0,1302,43.4,-0.6510634508670163,-0.19044658273620838
903,0,1303,43.43333333333333,-0.793053614007248,-0.19526942359657126
903,0,1304,43.46666666666667,-0.9201121776824662,-0.18766336043423318
903,0,1305,43.5,-1.0114950147785344,-0.15882567874259726
903,0,1306,43.53333333333333,-1.0410575379791,-0.1073912257988526
903,0,1307,43.56666666666667,-0.9797522906403662,-0.039750044707961465
903,0,1308,43.6,-0.795734493380122,0.03976440965429319
903,0,1309,43.63333333333333,-0.46429981923343655,0.12844675664957114
903,0,1310,43.666666666666664,-0.0013137734455090158,0.2235049642590815
903,0,1311,43.7,0.5144322694108622,0.3214452445043443
903,0,1312,43.733333333333334,0.9650797764551736,0.4129528194858534
903,0,1313,43.766666666666666,1.2521525778597016,0.4824122777058889
903,0,1314,43.8,1.3465114945684653,0.5208799244045184
903,0,1315,43.833333333333336,1.2872440756302739,0.5258156851973164
903,0,1316,43.86666666666667,1.1377642672873656,0.49998784230330484
903,0,1317,43.9,0.9495787217016383,0.4513505791004471
903,0,1318,43.93333333333333,0.7555908055284866,0.3797250031961783
903,0,1319,43.96666666666667,0.576033366535367,0.2771665316531437
903,0,1320,44.0,0.42110327315114576,0.15642542100606646
903,0,1321,44.03333333333333,0.2876725229257001,0.05134728398070677
903,0,1322,44.06666666666667,0.16400736190972148,-0.026700715062104967
903,0,1323,44.1,0.04475748006550916,-0.08835588854214538
903,0,1324,44.13333333333333,-0.06353692670600855,-0.1401644223166934
903,0,1325,44.166666666666664,-0.14870666462448737,-0.18389179589292914
903,0,1326,44.2,-0.20032698521399334,-0.21458414720703695
903,0,1327,44.233333333333334,-0.21617047628400665,-0.22033299831307135
903,0,1328,44.266666666666666,-0.2029884082378606,-0.20035800751392369
903,0,1329,44.3,-0.17144779878448646,-0.1649231094346929
903,0,1330,44.333333333333336,-0.1336291328117561,-0.12717823155012203
903,0,1331,44.36666666666667,-0.10303195556276752,-0.10297299794149871
903,0,1332,44.4,-0.0908874897033088,-0.09718951812747614
903,0,1333,44.43333333333333,-0.10107973582084492,-0.10372099057861361
903,0,1334,44.46666666666667,-0.13232202660598696,-0.11279870201131004
903,0,1335,44.5,-0.18163896308789818,-0.11118217932636104
903,0,1336,44.53333333333333,-0.24503677320358003,-0.10353383126036461
903,0,1337,44.56666666666667,-0.31865208499139763,-0.1122632428041444
903,0,1338,44.6,-0.39975711792513846,-0.14275658813637201
903,0,1339,44.63333333333333,-0.48720384358830315,-0.1831385208727662
903,0,1340,44.666666666666664,-0.5785639438853013,-0.22010149623450215
903,0,1341,44.7,-0.6687550203702955,-0.23899231112687855
903,0,1342,44.733333333333334,-0.752670736940934,-0.23497379196666243
903,0,1343,44.766666666666666,-0.8224402224483728,-0.213033680338743
903,0,1344,44.8,-0.8601642318261725,-0.17108768255875198
903,0,1345,44.833333333333336,-0.8357863408808973,-0.1002124560537143
903,0,1346,44.86666666666667,-0.709955793644765,-0.01482810847269334
903,0,1347,44.9,-0.4430618451642436,0.04718519205973927
903,0,1348,44.93333333333333,-0.03794660580753422,0.07932035094590184
903,0,1349,44.96666666666667,0.4246576397312107,0.10615689632035677
903,0,1350,45.0,0.8235680222895092,0.14124940863774663
903,0,1351,45.03333333333333,1.0665092121707522,0.1865132175777529
903,0,1352,45.06666666666667,1.1347125435392784,0.23264899497095873
903,0,1353,45.1,1.07470092646581,0.25905607727679386
903,0,1354,45.13333333333333,0.9505118847362442,0.2599260696578273
903,0,1355,45.166666666666664,0.8075829530862065,0.2441945983496395
903,0,1356,45.2,0.6718975218046761,0.21957223647105337
903,0,1357,45.233333333333334,0.5562135774149533,0.19241421811345705
903,0,1358,45.266666666666666,0.4583579882136197,0.16555557504087498
903,0,1359,45.3,0.3626977604909304,0.13840915454277383
903,0,1360,45.333333333333336,0.25098962632999455,0.11172483909853807
903,0,1361,45.36666666666667,0.121020938567442,0.08775290611536894
903,0,1362,45.4,-0.011042808146031695,0.06720104877685625
903,0,1363,45.43333333333333,-0.12186726690256544,0.04937995184292526
903,0,1364,45.46666666666667,-0.19389775540871657,0.032294657108334374
903,0,1365,45.5,-0.2211466955714862,0.012825314949422763
903,0,1366,45.53333333333333,-0.2045234830734977,-0.010111444505107946
903,0,1367,45.56666666666667,-0.15594544887218298,-0.03539765936152454
903,0,1368,45.6,-0.09790362582672597,-0.06278154142087142
903,0,1369,45.63333333333333,-0.051871128741592214,-0.09271391695347353
903,0,1370,45.666666666666664,-0.03345396993270598,-0.12791520812898724
903,0,1371,45.7,-0.050001752838249786,-0.17310048131377154
903,0,1372,45.733333333333334,-0.10044543286722186,-0.2279791535880267
903,0,1373,45.766666666666666,-0.17970262133884904,-0.2869676561478676
903,0,1374,45.8,-0.28293503332427333,-0.3409407964757597
903,0,1375,45.833333333333336,-0.4051821238764622,-0.37711205551470695
903,0,1376,45.86666666666667,-0.5384868244422132,-0.3936224713559286
903,0,1377,45.9,-0.673340085040002,-0.3993877970663608
903,0,1378,45.93333333333333,-0.8004773661911212,-0.3957754804676999
903,0,1379,45.96666666666667,-0.9103193518957903,-0.3765885202676528
903,0,1380,46.0,-0.9899580007272017,-0.3390857698549984
903,0,1381,46.03333333333333,-1.0204918452152196,-0.28427196249387304
903,0,1382,46.06666666666667,-0.9747629450609467,-0.20953742458855038
903,0,1383,46.1,-0.817995900830558,-0.10920395383805787
903,0,1384,46.13333333333333,-0.5200331029125478,0.014148036782999862
903,0,1385,46.166666666666664,-0.08507760916951575,0.1489588750837993
903,0,1386,46.2,0.42240970407945017,0.27854380743577245
903,0,1387,46.233333333333334,0.891943964580219,0.3805406482986856
903,0,1388,46.266666666666666,1.2191580657308618,0.45210614319857634
903,0,1389,46.3,1.3599414793897528,0.509216155854984
903,0,1390,46.333333333333336,1.3385171005331375,0.5564190110906526
903,0,1391,46.36666666666667,1.2118364183908357,0.5862667139191211
903,0,1392,46.4,1.0338332496937466,0.5927456879946089
903,0,1393,46.43333333333333,0.8414625246728044,0.5712342381295008
903,0,1394,46.46666666666667,0.6577881412995175,0.5205296223430812
903,0,1395,46.5,0.4933399446879461,0.443063297476069
903,0,1396,46.53333333333333,0.34370136400713125,0.34716820986816693
903,0,1397,46.56666666666667,0.19583994294810664,0.24744761663477632
903,0,1398,46.6,0.043231146745095726,0.14907991911014526
903,0,1399,46.63333333333333,-0.10476940643624649,0.04846163248708958
903,0,1400,46.666666666666664,-0.22757304694941172,-0.04795317627425519
903,0,1401,46.7,-0.3081169698304499,-0.12302187725889567
903,0,1402,46.733333333333334,-0.34216863834166344,-0.17062591057454304
903,0,1403,46.766666666666666,-0.3346456316315136,-0.1952014023594566
903,0,1404,46.8,-0.2960962658765689,-0.20255964316513592
903,0,1405,46.833333333333336,-0.24078558583675821,-0.19943094459233113
903,0,1406,46.86666666666667,-0.18211225484016497,-0.19021944094491722
903,0,1407,46.9,-0.13246417025050225,-0.17678765615294084
903,0,1408,46.93333333333333,-0.10289557907452727,-0.166399781427161
903,0,1409,46.96666666666667,-0.09896076172875438,-0.17150512139836138
903,0,1410,47.0,-0.12163123730224057,-0.19279696124174805
903,0,1411,47.03333333333333,-0.17031454332068927,-0.21906470254224772
903,0,1412,47.06666666666667,-0.2426231967485347,-0.24487032257309088
903,0,1413,47.1,-0.3358105326955334,-0.270441372880224
903,0,1414,47.13333333333333,-0.44757482457709036,-0.2904046238242988
903,0,1415,47.166666666666664,-0.5746186730773399,-0.29370048116112646
903,0,1416,47.2,-0.7095036213967377,-0.2768723683146896
903,0,1417,47.233333333333334,-0.8387566579183293,-0.24410494921321582
903,0,1418,47.266666666666666,-0.9424621012244907,-0.1968697289579279
903,0,1419,47.3,-0.9916902083853846,-0.13409891275502633
903,0,1420,47.333333333333336,-0.9485847281630898,-0.059327798901624214
903,0,1421,47.36666666666667,-0.7715089903126656,0.018958071387689904
903,0,1422,47.4,-0.4355780867891796,0.09046676112622867
903,0,1423,47.43333333333333,0.03569953701776394,0.1428208390417062
903,0,1424,47.46666666666667,0.5560500336871411,0.1708882159514854
903,0,1425,47.5,1.0032707925790874,0.17652755813966625
903,0,1426,47.53333333333333,1.281263932221837,0.16254137134432292
903,0,1427,47.56666666666667,1.367486862416726,0.13251762887491428
903,0,1428,47.6,1.3067315783077023,0.08907617823862118
903,0,1429,47.63333333333333,1.162032477550531,0.033963556072182974
903,0,1430,47.666666666666664,0.9779732353888204,-0.030454118260466873
903,0,1431,47.7,0.7841869031421267,-0.10091506000416578
903,0,1432,47.733333333333334,0.6015378386755041,-0.17332116537618197
903,0,1433,47.766666666666666,0.43595807946851517,-0.24240617519044397
903,0,1434,47.8,0.2788506137333192,-0.2973480685959905
903,0,1435,47.833333333333336,0.1215147526350262,-0.3216434697220056
903,0,1436,47.86666666666667,-0.03282469924243657,-0.2992682057225986
903,0,1437,47.9,-0.17087481274336358,-0.21502285851556668
903,0,1438,47.93333333333333,-0.27498294509275867,-0.05643206322518175
903,0,1439,47.96666666666667,-0.332183896464702,0.18523734914149556
903,0,1440,48.0,-0.34330830448967864,0.4511396554768485
903,0,1441,48.03333333333333,-0.3201490530643032,0.6147653227357994
903,0,1442,48.06666666666667,-0.2782326891307648,0.6422893176262128
903,0,1443,48.1,-0.2330779385002711,0.5923345448513369
903,0,1444,48.13333333333333,-0.19639106331131229,0.5009123749060784
903,0,1445,48.166666666666664,-0.17595643975380446,0.38071676944690175
903,0,1446,48.2,-0.1750886862856637,0.24749960424355227
903,0,1447,48.233333333333334,-0.19262837755644704,0.12046438876002127
903,0,1448,48.266666666666666,-0.22753856710383696,0.008363412746476423
903,0,1449,48.3,-0.27909523130825403,-0.0898467050699132
903,0,1450,48.333333333333336,-0.3443076872906087,-0.17769506149970773
903,0,1451,48.36666666666667,-0.41925680330493276,-0.26038559290112884
903,0,1452,48.4,-0.5010677613260497,-0.33336068263965013
903,0,1453,48.43333333333333,-0.5857350889301967,-0.3818300738766424
903,0,1454,48.46666666666667,-0.6672615802022204,-0.3985290813910098
903,0,1455,48.5,-0.7347152997627405,-0.383569536114915
903,0,1456,48.53333333333333,-0.7659382045373544,-0.34136176688740005
903,0,1457,48.56666666666667,-0.7297720782555825,-0.28058452921753996
903,0,1458,48.6,-0.5912020789336158,-0.20044912138733187
903,0,1459,48.63333333333333,-0.3248946630636457,-0.09114863886636249
903,0,1460,48.666666666666664,0.05354936616548417,0.036559713410474155
903,0,1461,48.7,0.4707470683397003,0.15089004139859727
903,0,1462,48.733333333333334,0.8246463352158742,0.23382077029478077
903,0,1463,48.766666666666666,1.0390250782720978,0.2808049344290953
903,0,1464,48.8,1.0994646101512981,0.3038289777507319
903,0,1465,48.833333333333336,1.0430837605018455,0.33074484169049084
903,0,1466,48.86666666666667,0.9183696471360758,0.35895053534506083
903,0,1467,48.9,0.7635081771825148,0.35529146167247544
903,0,1468,48.93333333333333,0.6080112972921009,0.3078988184695534
903,0,1469,48.96666666666667,0.4709751387176581,0.22658237072511156
903,0,1470,49.0,0.35516106871058245,0.12529376176329507
903,0,1471,49.03333333333333,0.2495588896231346,0.022336059893201456
903,0,1472,49.06666666666667,0.14162643622150248,-0.07033289976190436
903,0,1473,49.1,0.029675106669155703,-0.14667675148923212
903,0,1474,49.13333333333333,-0.07551107999515065,-0.20459650625121184
903,0,1475,49.166666666666664,-0.16016740728946144,-0.24541491666671617
903,0,1476,49.2,-0.21477989283475574,-0.2669974815427355
903,0,1477,49.233333333333334,-0.23486665640195029,-0.2634970698057285
903,0,1478,49.266666666666666,-0.22268679633216937,-0.2355252895063568
903,0,1479,49.3,-0.1885163147847273,-0.19014293059148046
903,0,1480,49.333333333333336,-0.14573798466946525,-0.13665147219539836
903,0,1481,49.36666666666667,-0.10505297252592018,-0.08664240654125444
903,0,1482,49.4,-0.07446101509212542,-0.05144185172600994
903,0,1483,49.43333333333333,-0.06020590566461982,-0.04214458032447216
903,0,1484,49.46666666666667,-0.06617176138782715,-0.053582772962038554
903,0,1485,49.5,-0.09254122657262728,-0.06455323427700072
903,0,1486,49.53333333333333,-0.13682583953094613,-0.06578172509941482
903,0,1487,49.56666666666667,-0.19719828681461707,-0.060132153810320096
903,0,1488,49.6,-0.273285484819881,-0.057907952025924095
903,0,1489,49.63333333333333,-0.36396919396690536,-0.07662395081234366
903,0,1490,49.666666666666664,-0.4658689767097917,-0.11248691542461267
903,0,1491,49.7,-0.5751290003232463,-0.14040481934678292
903,0,1492,49.733333333333334,-0.6846487853068479,-0.15073974422855196
903,0,1493,49.766666666666666,-0.7804794247804715,-0.14942330970729065
903,0,1494,49.8,-0.8430802287142292,-0.13708901701534143
903,0,1495,49.833333333333336,-0.846503160266999,-0.10910221495856769
903,0,1496,49.86666666666667,-0.759364144095724,-0.05829961825708237
903,0,1497,49.9,-0.5524195745683749,0.024567393602634824
903,0,1498,49.93333333333333,-0.21961515109801238,0.12631564557213337
903,0,1499,49.96666666666667,0.19560595137205986,0.21108587920239155
903,0,1500,50.0,0.6032578721017305,0.26768227836447417
903,0,1501,50.03333333333333,0.9099239362666574,0.30926715568431573
903,0,1502,50.06666666666667,1.0690044385683117,0.3423325223875948
903,0,1503,50.1,1.092580470552658,0.3662078098945056
903,0,1504,50.13333333333333,1.0238727396048177,0.38051855608304064
903,0,1505,50.166666666666664,0.9042804989325618,0.3850342415576666
903,0,1506,50.2,0.7596022559321168,0.38082332544395425
903,0,1507,50.233333333333334,0.6084103445890955,0.3702143616718551
903,0,1508,50.266666666666666,0.4669212068860201,0.3512340401311048
903,0,1509,50.3,0.34152270609660074,0.3177792582612644
903,0,1510,50.333333333333336,0.22731337562649823,0.2722116117281659
903,0,1511,50.36666666666667,0.1160264453261881,0.22558011971342465
903,0,1512,50.4,0.006312922449897208,0.17593122596195626
903,0,1513,50.43333333333333,-0.09306599985750881,0.1087571558611685
903,0,1514,50.46666666666667,-0.16921415233682174,0.020297414836257188
903,0,1515,50.5,-0.2138423190389726,-0.08181308897231733
903,0,1516,50.53333333333333,-0.22672995708931096,-0.19202585191534294
903,0,1517,50.56666666666667,-0.21075175191753492,-0.3062552282465215
903,0,1518,50.6,-0.1712113135158737,-0.42185713890219445
903,0,1519,50.63333333333333,-0.12029440926623788,-0.5368490456868885
903,0,1520,50.666666666666664,-0.07282038686885516,-0.644588406018971
903,0,1521,50.7,-0.038409581724857644,-0.7331227322080289
903,0,1522,50.733333333333334,-0.020101115363417743,-0.7810782257031593
903,0,1523,50.766666666666666,-0.016081411206689177,-0.7576484588479298
903,0,1524,50.8,-0.024377551814880702,-0.6593346340390784
903,0,1525,50.833333333333336,-0.04505835023064438,-0.5102477075270104
903,0,1526,50.86666666666667,-0.08009652283111923,-0.3429561189302966
903,0,1527,50.9,-0.13562508260176537,-0.19867374617961875
903,0,1528,50.93333333333333,-0.21755956535444734,-0.08790537712338194
903,0,1529,50.96666666666667,-0.32615646493851413,0.008744187493126027
903,0,1530,51.0,-0.45581564422475856,0.09547829918411943
903,0,1531,51.03333333333333,-0.5961392432966527,0.16040372096426295
903,0,1532,51.06666666666667,-0.7337030000485454,0.19609326381338943
903,0,1533,51.1,-0.8537233192949061,0.19923814912204854
903,0,1534,51.13333333333333,-0.9378493764637363,0.1808338551579653
903,0,1535,51.166666666666664,-0.9611610996359415,0.1657473759800034
903,0,1536,51.2,-0.8933719084034553,0.16880465612588677
903,0,1537,51.233333333333334,-0.7036450775085044,0.19438881561304466
903,0,1538,51.266666666666666,-0.3791112467043799,0.23990897019232732
903,0,1539,51.3,0.04528631182924721,0.2956263101031643
903,0,1540,51.333333333333336,0.4822495593735675,0.35729739035888697
903,0,1541,51.36666666666667,0.8318676622234122,0.42585502985254553
903,0,1542,51.4,1.0347473414639752,0.49707377161112776
903,0,1543,51.43333333333333,1.0971499046415556,0.5611854011506837
903,0,1544,51.46666666666667,1.0644221510534602,0.5963673581224518
903,0,1545,51.5,0.9777299511655388,0.5689261960212441
903,0,1546,51.53333333333333,0.8625534597619896,0.47464360012317675
903,0,1547,51.56666666666667,0.7353283973505057,0.339137508695051
903,0,1548,51.6,0.6085967386821219,0.19318998365816753
903,0,1549,51.63333333333333,0.488904804650934,0.07290047000469474
903,0,1550,51.666666666666664,0.37079975053105707,-0.007165068775384739
903,0,1551,51.7,0.24489100447223291,-0.0534413695285965
903,0,1552,51.733333333333334,0.11022157720437792,-0.07185287653446104
903,0,1553,51.766666666666666,-0.02248807965595577,-0.06720581478485675
903,0,1554,51.8,-0.13476853567350205,-0.04637119267040246
903,0,1555,51.833333333333336,-0.20904440228767746,-0.018006385118121665
903,0,1556,51.86666666666667,-0.23954665413255274,0.0071658210011203705
903,0,1557,51.9,-0.23645220036310335,0.016577414738229115
903,0,1558,51.93333333333333,-0.21402696106460434,0.006004861142414622
903,0,1559,51.96666666666667,-0.18330330218541335,-0.02026865439855033
903,0,1560,52.0,-0.15192130131429032,-0.05962987781114759
903,0,1561,52.03333333333333,-0.1240755544152004,-0.11092810199063619
903,0,1562,52.06666666666667,-0.10460161148281903,-0.17507316788128058
903,0,1563,52.1,-0.09891552993662545,-0.25456766264148023
903,0,1564,52.13333333333333,-0.10917498929716432,-0.3482684734341436
903,0,1565,52.166666666666664,-0.13425148716545915,-0.45080268821167857
903,0,1566,52.2,-0.1735222465105718,-0.5521932282505718
903,0,1567,52.233333333333334,-0.22664453054036726,-0.6373958256003307
903,0,1568,52.266666666666666,-0.2931298315817487,-0.7001608938248668
903,0,1569,52.3,-0.3719349274600275,-0.7426221768022506
903,0,1570,52.333333333333336,-0.45943325747729685,-0.7672985029811767
903,0,1571,52.36666666666667,-0.5512879392292541,-0.7767714816696744
903,0,1572,52.4,-0.641619149287348,-0.7560627444705064
903,0,1573,52.43333333333333,-0.7202452468328939,-0.6730846297437639
903,0,1574,52.46666666666667,-0.7723717586104373,-0.5190701767964558
903,0,1575,52.5,-0.7744565405040087,-0.30953337053165797
903,0,1576,52.53333333333333,-0.6923017923059818,-0.06892618306753952
903,0,1577,52.56666666666667,-0.4930218165407793,0.16843502948703604
903,0,1578,52.6,-0.16998977189807424,0.3795269196266535
903,0,1579,52.63333333333333,0.2327226923384852,0.5514478944398864
903,0,1580,52.666666666666664,0.6240619490159228,0.6874335322859135
903,0,1581,52.7,0.9105592654308468,0.8054061015456522
903,0,1582,52.733333333333334,1.0475216384921793,0.8980574948430002
903,0,1583,52.766666666666666,1.050773798738962,0.9321090123987014
903,0,1584,52.8,0.9674585242491022,0.8966522902696241
903,0,1585,52.833333333333336,0.8405832818670331,0.803142993572085
903,0,1586,52.86666666666667,0.6978254918725763,0.6671273871289467
903,0,1587,52.9,0.5577723685924606,0.5084219742613169
903,0,1588,52.93333333333333,0.43203049054273773,0.3448440697271361
903,0,1589,52.96666666666667,0.31992492196612804,0.19282845920082134
903,0,1590,53.0,0.21047582070653736,0.07240434829838571
903,0,1591,53.03333333333333,0.09684594784686396,0.0077335451165510966
903,0,1592,53.06666666666667,-0.015865924750192655,-0.001198617091927423
903,0,1593,53.1,-0.11399730273794195,0.021935009029427882
903,0,1594,53.13333333333333,-0.1837756901147885,0.05849386417817498
903,0,1595,53.166666666666664,-0.21978280094376376,0.09531769323364338
903,0,1596,53.2,-0.22403029576888706,0.12492765088659792
903,0,1597,53.233333333333334,-0.2012337383674403,0.14556983576964122
903,0,1598,53.266666666666666,-0.15883758030232417,0.14913814555773708
903,0,1599,53.3,-0.10676274454287382,0.12135933658743168
903,0,1600,53.333333333333336,-0.05732599952583796,0.05632849088711346
903,0,1601,53.36666666666667,-0.02287183668860912,-0.04302294371546425
903,0,1602,53.4,-0.010058371373377187,-0.16312170968780482
903,0,1603,53.43333333333333,-0.01979275700769284,-0.279341873076658
903,0,1604,53.46666666666667,-0.05066665643963977,-0.38761537465418755
903,0,1605,53.5,-0.10137124912827741,-0.5036435292420025
903,0,1606,53.53333333333333,-0.17244345703672176,-0.6278234043982975
903,0,1607,53.56666666666667,-0.2645820073090366,-0.744356400011599
903,0,1608,53.6,-0.375097317806126,-0.8433419192274123
903,0,1609,53.63333333333333,-0.4973540375127412,-0.9202086627403554
903,0,1610,53.666666666666664,-0.6234789536876645,-0.9634573059962124
903,0,1611,53.7,-0.7460391060150185,-0.9544540000325556
903,0,1612,53.733333333333334,-0.8542719749988816,-0.8824589501255055
903,0,1613,53.766666666666666,-0.9297850650807656,-0.7450435138902534
903,0,1614,53.8,-0.9449418475042016,-0.5464900185746784
903,0,1615,53.833333333333336,-0.8646250240335794,-0.2987203905835143
903,0,1616,53.86666666666667,-0.6539791287531832,-0.025028602635221803
903,0,1617,53.9,-0.301185763245595,0.23873328654846257
903,0,1618,53.93333333333333,0.1531526840110322,0.47336283144202035
903,0,1619,53.96666666666667,0.6129149933661717,0.6748866374449035
903,0,1620,54.0,0.9668382414692124,0.845093790132895
903,0,1621,54.03333333333333,1.1533592908108454,0.9899674459785041
903,0,1622,54.06666666666667,1.1848234826554662,1.0981754513994586
903,0,1623,54.1,1.111860500577046,1.1403082633760557
903,0,1624,54.13333333333333,0.983659451941194,1.1079869813744572
903,0,1625,54.166666666666664,0.8327538705223244,1.013782824678418
903,0,1626,54.2,0.6776228789567212,0.8707709215269515
903,0,1627,54.233333333333334,0.5308030334370302,0.6928424685598311
903,0,1628,54.266666666666666,0.3981638171904226,0.4955382506771239
903,0,1629,54.3,0.27383065785570154,0.29692195492796275
903,0,1630,54.333333333333336,0.1490666639743372,0.108280155567242
903,0,1631,54.36666666666667,0.024812205350710333,-0.06470719142870529
903,0,1632,54.4,-0.08817433341556917,-0.2171181953419964
903,0,1633,54.43333333333333,-0.17424299910298086,-0.34360137601248314
903,0,1634,54.46666666666667,-0.2234872970596537,-0.4366699012154729
903,0,1635,54.5,-0.23750845513590682,-0.48591392675310807
903,0,1636,54.53333333333333,-0.22411698436407662,-0.4882566676935852
903,0,1637,54.56666666666667,-0.19464536429635068,-0.447596160757499
903,0,1638,54.6,-0.15948099305987143,-0.3755949933348661
903,0,1639,54.63333333333333,-0.12542842788105912,-0.29155350295561755
903,0,1640,54.666666666666664,-0.09995914694085117,-0.21237811831987788
903,0,1641,54.7,-0.08918753517316898,-0.15263320167704436
903,0,1642,54.733333333333334,-0.09336576951450998,-0.1302400371663245
903,0,1643,54.766666666666666,-0.11132817819324066,-0.16634937876135888
903,0,1644,54.8,-0.14504093836764048,-0.2590909423909953
903,0,1645,54.833333333333336,-0.1970552917528199,-0.3833567441424044
903,0,1646,54.86666666666667,-0.2678294770857152,-0.5160314769424447
903,0,1647,54.9,-0.355382198505935,-0.635785335891965
903,0,1648,54.93333333333333,-0.45709261590772476,-0.7265404788745423
903,0,1649,54.96666666666667,-0.5691471962962529,-0.7771221961784112
903,0,1650,55.0,-0.6836452743681246,-0.7711938329013811
903,0,1651,55.03333333333333,-0.7880494454301534,-0.6874368511663173
903,0,1652,55.06666666666667,-0.8626528285129486,-0.5196212736797631
903,0,1653,55.1,-0.8800449854964582,-0.2774770183324881
903,0,1654,55.13333333333333,-0.8055036865975804,0.00716909752814706
903,0,1655,55.166666666666664,-0.6025817327203,0.27947240516040267
903,0,1656,55.2,-0.26045351881229234,0.510711877585194
903,0,1657,55.233333333333334,0.17658311108466915,0.6970632267164684
903,0,1658,55.266666666666666,0.6117608038371897,0.8465293667202121
903,0,1659,55.3,0.9387552557842569,0.9772821035953587
903,0,1660,55.333333333333336,1.1009688209518473,1.0766710127588885
903,0,1661,55.36666666666667,1.1123336138057456,1.1005785974592106
903,0,1662,55.4,1.0247070559065254,1.02987267346389
903,0,1663,55.43333333333333,0.8899254775402444,0.8707399398416716
903,0,1664,55.46666666666667,0.7451458874196148,0.641942192601146
903,0,1665,55.5,0.6109988398534331,0.37539747265675055
903,0,1666,55.53333333333333,0.49295146773084675,0.10689707465587013
903,0,1667,55.56666666666667,0.384880590223321,-0.12300919078403397
903,0,1668,55.6,0.2759557118409532,-0.29245258848738775
903,0,1669,55.63333333333333,0.16031692732952685,-0.39720235264945847
903,0,1670,55.666666666666664,0.044818263936857755,-0.4438094352778229
903,0,1671,55.7,-0.05534027315546772,-0.4486296135359934
903,0,1672,55.733333333333334,-0.12865919186340868,-0.4236849747192182
903,0,1673,55.766666666666666,-0.17106476382704117,-0.3762410562083349
903,0,1674,55.8,-0.18532738715560054,-0.31504142308490113
903,0,1675,55.833333333333336,-0.17840134079185488,-0.2503556309315221
903,0,1676,55.86666666666667,-0.15792955069646814,-0.1898542120405024
903,0,1677,55.9,-0.13281052736773813,-0.13881745923280117
903,0,1678,55.93333333333333,-0.11227093473095086,-0.1005827764349542
903,0,1679,55.96666666666667,-0.10415205636445013,-0.07678960181248037
903,0,1680,56.0,-0.11476686154715646,-0.0679491662964559
903,0,1681,56.03333333333333,-0.14641810780382822,-0.07358611468964275
903,0,1682,56.06666666666667,-0.19720774870558888,-0.09128667655804734
903,0,1683,56.1,-0.26445892755835243,-0.11672456431699663
903,0,1684,56.13333333333333,-0.34437692358802463,-0.1480486711001802
903,0,1685,56.166666666666664,-0.43229644948060086,-0.18576143156414904
903,0,1686,56.2,-0.5235472580373477,-0.22674810431580467
903,0,1687,56.233333333333334,-0.6145864247175156,-0.2641130804131704
903,0,1688,56.266666666666666,-0.7034170935635347,-0.2905751367937768
903,0,1689,56.3,-0.7842459638899826,-0.2984338235661935
903,0,1690,56.333333333333336,-0.8447903310643964,-0.2825539997303166
903,0,1691,56.36666666666667,-0.8650723518730151,-0.24048632227616132
903,0,1692,56.4,-0.8154290357374034,-0.17138799617783507
903,0,1693,56.43333333333333,-0.660595765281673,-0.0763775660115243
903,0,1694,56.46666666666667,-0.3745757887573716,0.039502567228518554
903,0,1695,56.5,0.03232285794871517,0.16672668859129897
903,0,1696,56.53333333333333,0.49186619212237154,0.30241488279458606
903,0,1697,56.56666666666667,0.8939771247032621,0.4494915488759212
903,0,1698,56.6,1.147165708525996,0.5998542696262474
903,0,1699,56.63333333333333,1.2286186499898615,0.7335572443378421
903,0,1700,56.666666666666664,1.1759011228837812,0.82943769995956
903,0,1701,56.7,1.0456022181208853,0.8647922241318794
903,0,1702,56.733333333333334,0.8833300757008201,0.8358404195925454
903,0,1703,56.766666666666666,0.7192251214496728,0.7576274744123309
903,0,1704,56.8,0.5726060499402802,0.6386273327068196
903,0,1705,56.833333333333336,0.4488103085684135,0.4811263286575931
903,0,1706,56.86666666666667,0.33798303830619325,0.29590838216178816
903,0,1707,56.9,0.22533083061370537,0.10315505123423814
903,0,1708,56.93333333333333,0.10214048674757903,-0.08779090387300359
903,0,1709,56.96666666666667,-0.027731490597134437,-0.2772250169469309
903,0,1710,57.0,-0.14820043184200885,-0.4657409657210134
903,0,1711,57.03333333333333,-0.240040139349816,-0.6527715148770588
903,0,1712,57.06666666666667,-0.2908683349017689,-0.8155924747355242
903,0,1713,57.1,-0.3014609072455379,-0.9085667373969692
903,0,1714,57.13333333333333,-0.2808750322884137,-0.9173114263742619
903,0,1715,57.166666666666664,-0.23806888460166095,-0.8583981223914829
903,0,1716,57.2,-0.18405455895549672,-0.7467071080350886
903,0,1717,57.233333333333334,-0.13185300953309775,-0.5954007670078696
903,0,1718,57.266666666666666,-0.09112210240319733,-0.4220552838253373
903,0,1719,57.3,-0.06815368692929845,-0.24924796201674895
903,0,1720,57.333333333333336,-0.06809381336538481,-0.09963074766343706
903,0,1721,57.36666666666667,-0.09487723328217806,0.003446788699169097
903,0,1722,57.4,-0.1498962723127058,0.058026275247839654
903,0,1723,57.43333333333333,-0.23178407703909581,0.08279763705023248
903,0,1724,57.46666666666667,-0.33718347669847537,0.09084223522924069
903,0,1725,57.5,-0.46022183025814734,0.08900039457294229
903,0,1726,57.53333333333333,-0.5918026915677986,0.08193496156851403
903,0,1727,57.56666666666667,-0.7212799635192442,0.07192129119229164
903,0,1728,57.6,-0.8376337937226837,0.06522862183798607
903,0,1729,57.63333333333333,-0.926457295096952,0.07191816120534199
903,0,1730,57.666666666666664,-0.965439130954863,0.09516458230677799
903,0,1731,57.7,-0.9224835840302913,0.13102556598884224
903,0,1732,57.733333333333334,-0.7607914043606029,0.17300689101747907
903,0,1733,57.766666666666666,-0.45421320258524533,0.21190909708525812
903,0,1734,57.8,-0.016863552433379406,0.2482957157799589
903,0,1735,57.833333333333336,0.47728333628025627,0.2921273141720717
903,0,1736,57.86666666666667,0.9164549326261532,0.3395229151611147
903,0,1737,57.9,1.2052765328848232,0.37250315864767175
903,0,1738,57.93333333333333,1.3143251405016925,0.3861596615989031
903,0,1739,57.96666666666667,1.2788783223022522,0.38852453085484373
903,0,1740,58.0,1.153954905742038,0.3791189598993506
903,0,1741,58.03333333333333,0.983121204158582,0.3489344622723703
903,0,1742,58.06666666666667,0.7954923505993303,0.2931676934491184
903,0,1743,58.1,0.6108556300121157,0.21157858718011857
903,0,1744,58.13333333333333,0.4426422731257964,0.11086613425967663
903,0,1745,58.166666666666664,0.29207345948480984,0.005080003146996234
903,0,1746,58.2,0.14925805180855567,-0.09381827171979555
903,0,1747,58.233333333333334,0.007663869917633431,-0.17550927691270957
903,0,1748,58.266666666666666,-0.1272762800216664,-0.23617138152817685
903,0,1749,58.3,-0.23877559523418032,-0.2779648327487487
903,0,1750,58.333333333333336,-0.31143747952715345,-0.3025947870292591
903,0,1751,58.36666666666667,-0.3425338821597942,-0.31091854531221663
903,0,1752,58.4,-0.33636072594266586,-0.30329314836231336
903,0,1753,58.43333333333333,-0.3011496974494189,-0.2794615339395218
903,0,1754,58.46666666666667,-0.24961619446797723,-0.23976931302850696
903,0,1755,58.5,-0.19315693909520737,-0.18528449685388737
903,0,1756,58.53333333333333,-0.13994439487770682,-0.11819556476923637
903,0,1757,58.56666666666667,-0.09597782335640223,-0.04210180844905737
903,0,1758,58.6,-0.06694398333001941,0.0389971963763945
903,0,1759,58.63333333333333,-0.058742657942144866,0.12030440194503661
903,0,1760,58.666666666666664,-0.07396419683771552,0.18304571136660702
903,0,1761,58.7,-0.11249321840614981,0.19445736733338334
903,0,1762,58.733333333333334,-0.1748098881548194,0.1524148586943083
903,0,1763,58.766666666666666,-0.26041500244023674,0.08543840675071822
903,0,1764,58.8,-0.36635854282923846,-0.004815297271193973
903,0,1765,58.833333333333336,-0.48735191919642373,-0.1430975307856157
903,0,1766,58.86666666666667,-0.614547027708347,-0.29897142250997044
903,0,1767,58.9,-0.7372578342846419,-0.3866768674436715
903,0,1768,58.93333333333333,-0.8409104645843699,-0.3728489497763774
903,0,1769,58.96666666666667,-0.9020631269833366,-0.27683122191931314
903,0,1770,59.0,-0.889112663893406,-0.12053262775123383
903,0,1771,59.03333333333333,-0.7642342972337842,0.07153477875875018
903,0,1772,59.06666666666667,-0.49418228649426194,0.27300639792797166
903,0,1773,59.1,-0.08237677825472425,0.4550689616472409
903,0,1774,59.13333333333333,0.403724229310638,0.5987504249787821
903,0,1775,59.166666666666664,0.8473536061785105,0.6941858090198618
903,0,1776,59.2,1.141985447743894,0.7299374867771993
903,0,1777,59.233333333333334,1.2491849181965293,0.6926687738867061
903,0,1778,59.266666666666666,1.2007951016130738,0.5749361021390977
903,0,1779,59.3,1.0587982768320254,0.3757013499589651
903,0,1780,59.333333333333336,0.8793321565344856,0.11171887060656248
903,0,1781,59.36666666666667,0.7002201185384291,-0.18148939052943577
903,0,1782,59.4,0.5433222741996232,-0.4778964405006174
903,0,1783,59.43333333333333,0.41515906164272,-0.7595950154802134
903,0,1784,59.46666666666667,0.3055841058996813,-0.9958202837811918
903,0,1785,59.5,0.19567506652140632,-1.141805480540248
903,0,1786,59.53333333333333,0.0739732343812923,-1.1604449109500918
903,0,1787,59.56666666666667,-0.05296799355554871,-1.022320686955949
903,0,1788,59.6,-0.16540342761126386,-0.7457211449417077
903,0,1789,59.63333333333333,-0.24364272443382012,-0.3971244216777358
903,0,1790,59.666666666666664,-0.27815506971637016,-0.03693012792491897
903,0,1791,59.7,-0.270467445752006,0.27974796772490973
903,0,1792,59.733333333333334,-0.22960424486337652,0.5414005104536219
903,0,1793,59.766666666666666,-0.16952509477518074,0.7781416472744217
903,0,1794,59.8,-0.1061320501212316,0.979370175395393
903,0,1795,59.833333333333336,-0.05551873201128182,1.0923334358460537
903,0,1796,59.86666666666667,-0.030727437740444938,1.0877953776519764
903,0,1797,59.9,-0.0380628666708262,0.9600277415545928
903,0,1798,59.93333333333333,-0.0785474831650872,0.7228387121261922
903,0,1799,59.96666666666667,-0.15074801276514205,0.4100546704535386
903,0,1800,60.0,-0.251301570789832,0.05214361561573056
903,0,1801,60.03333333333333,-0.37611197363777715,-0.32245322128068404
903,0,1802,60.06666666666667,-0.518728650448003,-0.6862120857919061
903,0,1803,60.1,-0.668023275061922,-1.0106675088342278
903,0,1804,60.13333333333333,-0.8124023339200179,-1.270512798525948
903,0,1805,60.166666666666664,-0.9391255899862556,-1.4420411655375094
903,0,1806,60.2,-1.0292047520420904,-1.4691266138457477
903,0,1807,60.233333333333334,-1.057123636928506,-1.263656069437381
903,0,1808,60.266666666666666,-0.9897876696026833,-0.8416771792456577
903,0,1809,60.3,-0.7887056155157418,-0.3244582438260134
903,0,1810,60.333333333333336,-0.4307426144742197,0.18925845123986432
903,0,1811,60.36666666666667,0.05832415433996655,0.6223456603102685
903,0,1812,60.4,0.5888884374551995,0.9539360904980534
903,0,1813,60.43333333333333,1.0366143129521426,1.2168804996547293
903,0,1814,60.46666666666667,1.3100532084917786,1.4107668309030714
903,0,1815,60.5,1.3945468162139034,1.5000275452017393
903,0,1816,60.53333333333333,1.3342772144469586,1.4616126856441054
903,0,1817,60.56666666666667,1.189793842359669,1.2850203762837742
903,0,1818,60.6,1.0088368698401209,0.9894002860236281
903,0,1819,60.63333333333333,0.8204521763145902,0.6243019802639944
903,0,1820,60.666666666666664,0.6418068768490952,0.2415334343156861
903,0,1821,60.7,0.4805027550945414,-0.10365559894533538
903,0,1822,60.733333333333334,0.3316291186372234,-0.3756726251232344
903,0,1823,60.766666666666666,0.18432820060319705,-0.5570573975560985
903,0,1824,60.8,0.034272632475140674,-0.6536588550149756
903,0,1825,60.833333333333336,-0.10865705230386566,-0.6930832930131288
903,0,1826,60.86666666666667,-0.22411763532627377,-0.692173556628781
903,0,1827,60.9,-0.29657247410912846,-0.6561616838403598
903,0,1828,60.93333333333333,-0.3238613508516763,-0.5933456762974272
903,0,1829,60.96666666666667,-0.3144107754365144,-0.5150416996833482
903,0,1830,61.0,-0.2821312503319854,-0.43228226394523384
903,0,1831,61.03333333333333,-0.24155292221477714,-0.35601154096534443
903,0,1832,61.06666666666667,-0.2053017199372939,-0.2843829101280101
903,0,1833,61.1,-0.18376062727146597,-0.2033325158726217
903,0,1834,61.13333333333333,-0.18263259981924834,-0.11965418556931204
903,0,1835,61.166666666666664,-0.20293969588715405,-0.061380482920901994
903,0,1836,61.2,-0.24533243996239718,-0.03800145730024989
903,0,1837,61.233333333333334,-0.3098627155958992,-0.04062550716262782
903,0,1838,61.266666666666666,-0.39377132814182453,-0.063333564772306
903,0,1839,61.3,-0.4934221128736876,-0.1033654976888434
903,0,1840,61.333333333333336,-0.605915992484662,-0.152250612844158
903,0,1841,61.36666666666667,-0.7261804743167906,-0.19581395559397455
903,0,1842,61.4,-0.8444181987334058,-0.22416798490174092
903,0,1843,61.43333333333333,-0.9456049556828456,-0.23174453162068007
903,0,1844,61.46666666666667,-1.0079986003225587,-0.21104260072822312
903,0,1845,61.5,-1.0007689257317827,-0.1528545477639231
903,0,1846,61.53333333333333,-0.883398018205801,-0.05137133269525225
903,0,1847,61.56666666666667,-0.6152331914936962,0.09516951578450977
903,0,1848,61.6,-0.1844553487894086,0.26158218031630126
903,0,1849,61.63333333333333,0.35715895812093396,0.39535137063167347
903,0,1850,61.666666666666664,0.8937734401210178,0.47690070161635223
903,0,1851,61.7,1.296953464961299,0.5191544878245108
903,0,1852,61.733333333333334,1.4947529477973318,0.53531256873079
903,0,1853,61.766666666666666,1.4992129003473058,0.5381418769721558
903,0,1854,61.8,1.372372351018798,0.5284434314956935
903,0,1855,61.833333333333336,1.1755899840640913,0.495005310605133
903,0,1856,61.86666666666667,0.9508651088430604,0.435012191444896
903,0,1857,61.9,0.7276458463698584,0.35438522767433905
903,0,1858,61.93333333333333,0.5263130165654416,0.259447071029195
903,0,1859,61.96666666666667,0.35382948516318,0.15735807630199958
903,0,1860,62.0,0.20198890290586158,0.06059534433812558
903,0,1861,62.03333333333333,0.058017207164708526,-0.012616696828144515
903,0,1862,62.06666666666667,-0.08100090623623062,-0.05813542724918273
903,0,1863,62.1,-0.20527722345135527,-0.0854234765764064
903,0,1864,62.13333333333333,-0.3003456337196178,-0.09527458652485664
903,0,1865,62.166666666666664,-0.3564754812833705,-0.07951709219020286
903,0,1866,62.2,-0.3721760165537913,-0.038809647250537656
903,0,1867,62.233333333333334,-0.3514346807054379,0.017343495620492172
903,0,1868,62.266666666666666,-0.30338848771981897,0.06629848213997915
903,0,1869,62.3,-0.24211027218736925,0.07259469240406094
903,0,1870,62.333333333333336,-0.18170480439444425,0.02320615960839803
903,0,1871,62.36666666666667,-0.13400149578977807,-0.07206743428294149
903,0,1872,62.4,-0.1066041591590024,-0.19530538433087608
903,0,1873,62.43333333333333,-0.10289090553023747,-0.320256662066156
903,0,1874,62.46666666666667,-0.12533573224231193,-0.4312436312629374
903,0,1875,62.5,-0.17543851170391064,-0.5226987684355922
903,0,1876,62.53333333333333,-0.25237972876782955,-0.6026162878418977
903,0,1877,62.56666666666667,-0.35266064274521963,-0.6916744030330458
903,0,1878,62.6,-0.4719438458287845,-0.778575892302056
903,0,1879,62.63333333333333,-0.6044641944082451,-0.8197729467685637
903,0,1880,62.666666666666664,-0.7400584486828353,-0.8002016748578177
903,0,1881,62.7,-0.8658443870088854,-0.733487328741736
903,0,1882,62.733333333333334,-0.9647486424871304,-0.6246803865481129
903,0,1883,62.766666666666666,-1.0105829029803512,-0.47068020762285495
903,0,1884,62.8,-0.9654296938289801,-0.2757229952914081
903,0,1885,62.833333333333336,-0.7844594282617701,-0.05247125318893994
903,0,1886,62.86666666666667,-0.4368535634066216,0.18254384743044288
903,0,1887,62.9,0.05856379501872385,0.40768458529526846
903,0,1888,62.93333333333333,0.6104721113472601,0.6081692926170179
903,0,1889,62.96666666666667,1.0822410981302846,0.7747760323143718
903,0,1890,63.0,1.3631258709575023,0.900025869465407
903,0,1891,63.03333333333333,1.42577706317067,0.977112573056861
903,0,1892,63.06666666666667,1.3200087323047691,0.9915192253134607
903,0,1893,63.1,1.1232911074299337,0.9208183524200619
903,0,1894,63.13333333333333,0.9007099259336271,0.7780319375000722
903,0,1895,63.166666666666664,0.6942268094182488,0.6117290983888497
903,0,1896,63.2,0.5263840061091108,0.4532870300644315
903,0,1897,63.233333333333334,0.39939704952256094,0.3171785082060753
903,0,1898,63.266666666666666,0.29514086014400726,0.21200057048404888
903,0,1899,63.3,0.19026590476388802,0.14123330759862815
903,0,1900,63.333333333333336,0.07361718415271615,0.09660803983677642
903,0,1901,63.36666666666667,-0.0486304282675146,0.05890985244589313
903,0,1902,63.4,-0.1582308549429487,0.01425286392299184
903,0,1903,63.43333333333333,-0.23668542738377266,-0.04517373955351145
903,0,1904,63.46666666666667,-0.2753846284039211,-0.10920607720424347
903,0,1905,63.5,-0.2785402189825148,-0.14948649407998504
903,0,1906,63.53333333333333,-0.2578121269031516,-0.16143653386908483
903,0,1907,63.56666666666667,-0.22741898625237192,-0.16401262638953348
903,0,1908,63.6,-0.20191666373253755,-0.17025609469732486
903,0,1909,63.63333333333333,-0.18987014673043495,-0.18681829478042217
903,0,1910,63.666666666666664,-0.19367506559945064,-0.2269098144863743
903,0,1911,63.7,-0.2156001703217288,-0.3097351850225323
903,0,1912,63.733333333333334,-0.25767434187318794,-0.43682270388981276
903,0,1913,63.766666666666666,-0.3215626723857573,-0.5913422242026984
903,0,1914,63.8,-0.4083350594882225,-0.7482713694469625
903,0,1915,63.833333333333336,-0.5136462499569967,-0.8739906231425614
903,0,1916,63.86666666666667,-0.6292653691260717,-0.9454204227005518
903,0,1917,63.9,-0.7470399997406216,-0.9497948978476012
903,0,1918,63.93333333333333,-0.8561744339363344,-0.8689619700419825
903,0,1919,63.96666666666667,-0.9404422646585602,-0.6799115172077277
903,0,1920,64.0,-0.9756664499044921,-0.41504192264853357
903,0,1921,64.03333333333333,-0.9276070161472103,-0.16263979047996968
903,0,1922,64.06666666666666,-0.7549431189315132,0.046330929149998076
903,0,1923,64.1,-0.4243177396388455,0.23724049545045406
903,0,1924,64.13333333333334,0.055617898088202666,0.41555043158200605
903,0,1925,64.16666666666667,0.6045039219995368,0.5652135637513327
903,0,1926,64.2,1.08829647939259,0.6706852372734323
903,0,1927,64.23333333333333,1.3924507401519222,0.71623261307904
903,0,1928,64.26666666666667,1.484078652444732,0.7137749208770364
903,0,1929,64.3,1.4047673131153555,0.7021664364945764
903,0,1930,64.33333333333333,1.2241357204722059,0.6969079709531127
903,0,1931,64.36666666666666,1.0009539699421517,0.6897627831288979
903,0,1932,64.4,0.7723792904087461,0.6735170183794952
903,0,1933,64.43333333333334,0.5628215727235572,0.6422489313497258
903,0,1934,64.46666666666667,0.3836058636639718,0.5917204522933917
903,0,1935,64.5,0.22949979035770338,0.5197650580646852
903,0,1936,64.53333333333333,0.08786888160271202,0.4324209274568154
903,0,1937,64.56666666666666,-0.04846559994319727,0.3443428399942219
903,0,1938,64.6,-0.1746290453779564,0.2630649425067002
903,0,1939,64.63333333333334,-0.2759605375598556,0.18950750291825003
903,0,1940,64.66666666666667,-0.33781979749665403,0.11729148685908482
903,0,1941,64.7,-0.3534882785574759,0.03355588919337674
903,0,1942,64.73333333333333,-0.32536990762362067,-0.06506002735858298
903,0,1943,64.76666666666667,-0.2659366102538482,-0.1716099626785375
903,0,1944,64.8,-0.1946371755219652,-0.27887692190442537
903,0,1945,64.83333333333333,-0.12967589606952412,-0.37871536821142215
903,0,1946,64.86666666666666,-0.08403099409849948,-0.4649038526758237
903,0,1947,64.9,-0.06720812272071748,-0.53252512792815
903,0,1948,64.93333333333334,-0.08543117510823267,-0.5851385902615273
903,0,1949,64.96666666666667,-0.13994428028979314,-0.6341377002657439
903,0,1950,65.0,-0.2266507732996147,-0.6874468931966309
903,0,1951,65.03333333333333,-0.33662926880445565,-0.7489224911774615
903,0,1952,65.06666666666666,-0.46107384037562055,-0.8200764638847263
903,0,1953,65.1,-0.5946440669629869,-0.8996130781459168
903,0,1954,65.13333333333334,-0.7309310222113522,-0.9766187394681103
903,0,1955,65.16666666666667,-0.8623063067526539,-1.030368368462262
903,0,1956,65.2,-0.9778273723544022,-1.0345996978284357
903,0,1957,65.23333333333333,-1.0566354997658145,-0.9579840221297747
903,0,1958,65.26666666666667,-1.0692371631589332,-0.7756131131766292
903,0,1959,65.3,-0.9778758405905532,-0.4703939387241389
903,0,1960,65.33333333333333,-0.7411853063093894,-0.07847887088001189
903,0,1961,65.36666666666666,-0.3373169264458489,0.30944455657095693
903,0,1962,65.4,0.2015716568030289,0.6412725868933957
903,0,1963,65.43333333333334,0.772335569537011,0.9020619454787925
903,0,1964,65.46666666666667,1.2358201995971887,1.1007411714452329
903,0,1965,65.5,1.4950463344720772,1.2678559092775097
903,0,1966,65.53333333333333,1.5432973880421181,1.3986852967989318
903,0,1967,65.56666666666666,1.4395798247398464,1.4520820119721505
903,0,1968,65.6,1.2541990755593846,1.4083593035852775
903,0,1969,65.63333333333334,1.036479528382995,1.269417474568066
903,0,1970,65.66666666666667,0.8164507643761993,1.0494751955809902
903,0,1971,65.7,0.6136810504189368,0.775642045588145
903,0,1972,65.73333333333333,0.4341249947049002,0.4825634931809606
903,0,1973,65.76666666666667,0.2688396500407966,0.21341421140854588
903,0,1974,65.8,0.10668709177428516,-0.010003947304988964
903,0,1975,65.83333333333333,-0.052747547429006794,-0.18589658281455373
903,0,1976,65.86666666666666,-0.19832545823745157,-0.31667842945174174
903,0,1977,65.9,-0.31361868225727085,-0.4075535004961826
903,0,1978,65.93333333333334,-0.3865424376208604,-0.4695127389737118
903,0,1979,65.96666666666667,-0.4139299118378519,-0.5182632071098767
903,0,1980,66.0,-0.399670820194029,-0.5554182161103645
903,0,1981,66.03333333333333,-0.353530378570862,-0.5679969611538017
903,0,1982,66.06666666666666,-0.2908435119778242,-0.5504568136483872
903,0,1983,66.1,-0.23016673202820556,-0.5046664132604708
903,0,1984,66.13333333333334,-0.18701253747383656,-0.43145293457830197
903,0,1985,66.16666666666667,-0.1705438816183878,-0.33082519165269103
903,0,1986,66.2,-0.1835316350597217,-0.2209797008707109
903,0,1987,66.23333333333333,-0.22393905803347772,-0.13843625467180398
903,0,1988,66.26666666666667,-0.2877010901778155,-0.09972119224480351
903,0,1989,66.3,-0.3684997826601509,-0.10144389599169557
903,0,1990,66.33333333333333,-0.4609490810025499,-0.1377006520447813
903,0,1991,66.36666666666666,-0.5624980118565873,-0.2002166115578672
903,0,1992,66.4,-0.6688311036051686,-0.28015268198556137
903,0,1993,66.43333333333334,-0.7705662260690035,-0.36791879226148894
903,0,1994,66.46666666666667,-0.8509300972990326,-0.4419814771438295
903,0,1995,66.5,-0.8864198884902738,-0.4688821120333372
903,0,1996,66.53333333333333,-0.8503703974563247,-0.4249708121563399
903,0,1997,66.56666666666666,-0.7111670877353288,-0.2969382771392801
903,0,1998,66.6,-0.4358271003301026,-0.10448156053152635
903,0,1999,66.63333333333334,-0.017647630584436427,0.09929134571437417
903,0,2000,66.66666666666667,0.4894729675470195,0.273363671183599
903,0,2001,66.7,0.9720770647501089,0.3884717197116026
903,0,2002,66.73333333333333,1.3080955623218185,0.4459890580358088
903,0,2003,66.76666666666667,1.433913770362975,0.4770042044926046
903,0,2004,66.8,1.3703516200145296,0.4965477420975111
903,0,2005,66.83333333333333,1.1879467002710014,0.5028871300754015
903,0,2006,66.86666666666666,0.956506568590697,0.48819897769901793
903,0,2007,66.9,0.726795210577251,0.4387118653437034
903,0,2008,66.93333333333334,0.5305487198230205,0.3595408483623078
903,0,2009,66.96666666666667,0.374658123625284,0.2748730197357369
903,0,2010,67.0,0.2424959276960559,0.19724764218911192
903,0,2011,67.03333333333333,0.11145646345327215,0.12779573825680238
903,0,2012,67.06666666666666,-0.0271812620226229,0.06670135433791775
903,0,2013,67.1,-0.16249478190551564,0.013702331822117698
903,0,2014,67.13333333333334,-0.274468795831345,-0.028648016501554283
903,0,2015,67.16666666666667,-0.34702548454644955,-0.05465492345539984
903,0,2016,67.2,-0.3700612447135013,-0.0640744047993707
903,0,2017,67.23333333333333,-0.3438656864445131,-0.06190650648735253
903,0,2018,67.26666666666667,-0.28338843648635514,-0.05348158135903963
903,0,2019,67.3,-0.208936795876662,-0.044291151782877826
903,0,2020,67.33333333333333,-0.13906622073884362,-0.035289181179401254
903,0,2021,67.36666666666666,-0.08805109771193492,-0.022899564637746683
903,0,2022,67.4,-0.06391042151658498,-0.012854268813955495
903,0,2023,67.43333333333334,-0.07048092903400516,-0.02009006254576614
903,0,2024,67.46666666666667,-0.10717679119995266,-0.05100432198897162
903,0,2025,67.5,-0.16917513297437434,-0.10319941801519493
903,0,2026,67.53333333333333,-0.25146303862523384,-0.17138541442067998
903,0,2027,67.56666666666666,-0.34892870070972093,-0.2471495796402058
903,0,2028,67.6,-0.45627283592733475,-0.3283480845020123
903,0,2029,67.63333333333334,-0.5694224134946074,-0.4186291020823196
903,0,2030,67.66666666666667,-0.684905636058404,-0.5096852018811813
903,0,2031,67.7,-0.7968807172559192,-0.5808645048175499
903,0,2032,67.73333333333333,-0.8919286065358637,-0.6113207081492932
903,0,2033,67.76666666666667,-0.9469847767885685,-0.5801365137595842
903,0,2034,67.8,-0.9294270707080875,-0.47572323673649836
903,0,2035,67.83333333333333,-0.7988740995000115,-0.2964226123964918
903,0,2036,67.86666666666666,-0.5197265095579597,-0.06708627936736453
903,0,2037,67.9,-0.0908744058975918,0.16030407151766474
903,0,2038,67.93333333333334,0.4246265001354463,0.3480767983222769
903,0,2039,67.96666666666667,0.9067496954418646,0.4722744505020177
903,0,2040,68.0,1.2386897645313792,0.5398565085887694
903,0,2041,68.03333333333333,1.3723535296021094,0.5875637031577094
903,0,2042,68.06666666666666,1.3358164002452493,0.6219002035840132
903,0,2043,68.1,1.1928110198287518,0.6185719050382174
903,0,2044,68.13333333333334,1.0015767564351703,0.564374880500551
903,0,2045,68.16666666666667,0.8002905732390181,0.45758423685189303
903,0,2046,68.2,0.6128024371500499,0.3157141997347149
903,0,2047,68.23333333333333,0.45115426851445944,0.17578231000293354
903,0,2048,68.26666666666667,0.31252171604185275,0.05826983879562618
903,0,2049,68.3,0.18453556536794852,-0.0324437280799537
903,0,2050,68.33333333333333,0.05800699033204865,-0.09236148731796506
903,0,2051,68.36666666666666,-0.06440212404155825,-0.1172965639000682
903,0,2052,68.4,-0.16756140384621254,-0.10988936329956528
903,0,2053,68.43333333333334,-0.2357922394816618,-0.07930280308413035
903,0,2054,68.46666666666667,-0.263874979520593,-0.03332818085172215
903,0,2055,68.5,-0.2554592763819135,0.021678573188320366
903,0,2056,68.53333333333333,-0.22023274071489743,0.07691051779886987
903,0,2057,68.56666666666666,-0.1735791057624606,0.1210322608539036
903,0,2058,68.6,-0.1329353108220741,0.146315635307374
903,0,2059,68.63333333333334,-0.1107585376134313,0.14860984905947516
903,0,2060,68.66666666666667,-0.11210122859944267,0.12335682662168956
903,0,2061,68.7,-0.13670586137205168,0.06576639810766627
903,0,2062,68.73333333333333,-0.1812140990113767,-0.022389701725533725
903,0,2063,68.76666666666667,-0.24120829168737798,-0.1323635396616951
903,0,2064,68.8,-0.3146156348726405,-0.2559830109676676
903,0,2065,68.83333333333333,-0.4025950385017261,-0.3850586201979012
903,0,2066,68.86666666666666,-0.5062626917940896,-0.5052051452342526
903,0,2067,68.9,-0.6251396786974207,-0.5953065189097111
903,0,2068,68.93333333333334,-0.7531965628642747,-0.6438479439377678
903,0,2069,68.96666666666667,-0.876029167322528,-0.6485960133936829
903,0,2070,69.0,-0.9735146420949555,-0.6023954421229641
903,0,2071,69.03333333333333,-1.0188945760008163,-0.49335445961256497
903,0,2072,69.06666666666666,-0.9788566581976129,-0.3293367318428499
903,0,2073,69.1,-0.8171904993791445,-0.13854680920603793
903,0,2074,69.13333333333334,-0.5051372093716388,0.05079584183627536
903,0,2075,69.16666666666667,-0.05073814901682296,0.20985885262174148
903,0,2076,69.2,0.47518091487450487,0.32439983456851024
903,0,2077,69.23333333333333,0.9532396418383119,0.39398563242458995
903,0,2078,69.26666666666667,1.27408318689038,0.41421177060946357
903,0,2079,69.3,1.3984919355524013,0.37627821061963607
903,0,2080,69.33333333333333,1.3609141683283625,0.29755675651237334
903,0,2081,69.36666666666666,1.222556362435567,0.22131438546090637
903,0,2082,69.4,1.0332769667717028,0.16878735913487625
903,0,2083,69.43333333333334,0.8274386369283859,0.1390767190244277
903,0,2084,69.46666666666667,0.630108451571582,0.12869830184227554
903,0,2085,69.5,0.45593796040280965,0.1318689858036074
903,0,2086,69.53333333333333,0.30459357550095506,0.1413823277279228
903,0,2087,69.56666666666666,0.16562371190790864,0.14878008170336243
903,0,2088,69.6,0.032748376576672025,0.1581189225696103
903,0,2089,69.63333333333334,-0.0904321450972788,0.1858013584258
903,0,2090,69.66666666666667,-0.19241738777516706,0.23171580972337733
903,0,2091,69.7,-0.26067772997573,0.27905595599739924
903,0,2092,69.73333333333333,-0.2898974735299022,0.31437685818135486
903,0,2093,69.76666666666667,-0.28328622618135935,0.3276697418705168
903,0,2094,69.8,-0.25172190260603383,0.3158493010373244
903,0,2095,69.83333333333333,-0.2092621305781637,0.28278339531344976
903,0,2096,69.86666666666666,-0.16837824878819313,0.22873161019393629
903,0,2097,69.9,-0.139610374796227,0.1506159960624249
903,0,2098,69.93333333333334,-0.13160708868655724,0.04581185614125976
903,0,2099,69.96666666666667,-0.14879550719838652,-0.08717585877378015
903,0,2100,70.0,-0.19138463686477028,-0.24557708834021907
903,0,2101,70.03333333333333,-0.2573480382227503,-0.4214490504030812
903,0,2102,70.06666666666666,-0.34212773239995564,-0.5994470319655603
903,0,2103,70.1,-0.44064363375390014,-0.7559845519805006
903,0,2104,70.13333333333334,-0.5490308386143692,-0.8709024166582421
903,0,2105,70.16666666666667,-0.661776197557171,-0.926923847814441
903,0,2106,70.2,-0.768813029443484,-0.9122194621430497
903,0,2107,70.23333333333333,-0.8548865319520521,-0.8203627276882451
903,0,2108,70.26666666666667,-0.8971094530906129,-0.6595541825485354
903,0,2109,70.3,-0.865345326430649,-0.4530784001186857
903,0,2110,70.33333333333333,-0.7271517040531068,-0.2160750555617085
903,0,2111,70.36666666666666,-0.4550396453733769,0.04336852953057051
903,0,2112,70.4,-0.052637053353357735,0.3120923610353024
903,0,2113,70.43333333333334,0.41565613905341975,0.5703280557249365
903,0,2114,70.46666666666667,0.8386506869008796,0.7908710530547799
903,0,2115,70.5,1.114781603807178,0.9379603435516799
903,0,2116,70.53333333333333,1.2062420119991173,0.9934260481218549
903,0,2117,70.56666666666666,1.1440435953564254,0.9561154437881438
903,0,2118,70.6,0.9897866037915541,0.8347256996319125
903,0,2119,70.63333333333334,0.8013537709195528,0.647792758821421
903,0,2120,70.66666666666667,0.6209317288982171,0.4266428888782756
903,0,2121,70.7,0.4734189152530839,0.21581920990080342
903,0,2122,70.73333333333333,0.3633576523189583,0.04267074860383778
903,0,2123,70.76666666666667,0.27625493544563956,-0.08191940111763427
903,0,2124,70.8,0.19197291413678755,-0.15913364563580645
903,0,2125,70.83333333333333,0.10006608207257718,-0.2012761028051262
903,0,2126,70.86666666666666,0.006297520043438198,-0.21828741205264704
903,0,2127,70.9,-0.07420659778976489,-0.21713357434134317
903,0,2128,70.93333333333334,-0.12974851993345188,-0.20413576292156838
903,0,2129,70.96666666666667,-0.1558759861343727,-0.1847738319921305
903,0,2130,71.0,-0.15566972692001402,-0.16477020477059004
903,0,2131,71.03333333333333,-0.14033051934814045,-0.15004664691132155
903,0,2132,71.06666666666666,-0.1241636091110898,-0.14375257937470473
903,0,2133,71.1,-0.11957931344262207,-0.14627270623360447
903,0,2134,71.13333333333334,-0.13684133716520516,-0.1653031569557203
903,0,2135,71.16666666666667,-0.1829048684249327,-0.2156179458833603
903,0,2136,71.2,-0.2595679098039083,-0.29973381433266433
903,0,2137,71.23333333333333,-0.36092052894192894,-0.4074991117456614
903,0,2138,71.26666666666667,-0.47491567115929306,-0.5260899171233703
903,0,2139,71.3,-0.5913025340182863,-0.6396457774426607
903,0,2140,71.33333333333333,-0.7024468379123207,-0.7305863637901443
903,0,2141,71.36666666666666,-0.7994712326649106,-0.7793582208352086
903,0,2142,71.4,-0.8699081907716065,-0.7677890340405168
903,0,2143,71.43333333333334,-0.894767612657698,-0.6793273525631724
903,0,2144,71.46666666666667,-0.8487953490210444,-0.5079653439048044
903,0,2145,71.5,-0.7035503380444628,-0.2591162951468583
903,0,2146,71.53333333333333,-0.4375422353978947,0.049036349249613136
903,0,2147,71.56666666666666,-0.06194492037209265,0.3842139252759828
903,0,2148,71.6,0.36183618083915536,0.713889199970978
903,0,2149,71.63333333333334,0.7393694402425494,1.003772027019127
903,0,2150,71.66666666666667,0.9904267748582531,1.2218144757518807
903,0,2151,71.7,1.090900969781459,1.3370343031869287
903,0,2152,71.73333333333333,1.0688532365446717,1.3471778486632744
903,0,2153,71.76666666666667,0.9689680062244113,1.277972230854628
903,0,2154,71.8,0.8293367382608536,1.1482279011030703
903,0,2155,71.83333333333333,0.6783113593071864,0.9698449831572321
903,0,2156,71.86666666666666,0.5346441382465219,0.7544212059860304
903,0,2157,71.9,0.4061025576924969,0.514286216004457
903,0,2158,71.93333333333334,0.2880061299048121,0.2628221400500125
903,0,2159,71.96666666666667,0.17011850119494093,0.01591983624505333
903,0,2160,72.0,0.05155144803790112,-0.2068905520747158
903,0,2161,72.03333333333333,-0.056580232694114774,-0.38109226549734665
903,0,2162,72.06666666666666,-0.1420115632995036,-0.5017910631856922
903,0,2163,72.1,-0.19669160243205736,-0.582460837603046
903,0,2164,72.13333333333334,-0.21866978991985664,-0.6371903091272957
903,0,2165,72.16666666666667,-0.2148209895620556,-0.6795591658027818
903,0,2166,72.2,-0.1964944614375188,-0.7070704757491993
903,0,2167,72.23333333333333,-0.1745233771351412,-0.7007982456043216
903,0,2168,72.26666666666667,-0.1576157050925172,-0.6606203330225303
903,0,2169,72.3,-0.1522286826790332,-0.6051744960603118
903,0,2170,72.33333333333333,-0.16314807663447242,-0.5516179092599124
903,0,2171,72.36666666666666,-0.19334326824545134,-0.5154719922381977
903,0,2172,72.4,-0.24324550124157415,-0.49999788134267936
903,0,2173,72.43333333333334,-0.310514792543815,-0.4963398997967715
903,0,2174,72.46666666666667,-0.3889628908712953,-0.49457732950820005
903,0,2175,72.5,-0.4704903412759834,-0.48405049997873767
903,0,2176,72.53333333333333,-0.5501525502371061,-0.44708640294363977
903,0,2177,72.56666666666666,-0.6211515046654956,-0.35962890748821613
903,0,2178,72.6,-0.6700054481307642,-0.2207623383889809
903,0,2179,72.63333333333334,-0.6787863099462627,-0.05343504827305721
903,0,2180,72.66666666666667,-0.6237880272757663,0.1246644045614225
903,0,2181,72.7,-0.47704946008027604,0.3003310586101636
903,0,2182,72.73333333333333,-0.22635388000366807,0.4550180125790388
903,0,2183,72.76666666666667,0.09735990559451285,0.5640183683664148
903,0,2184,72.8,0.42318236166879375,0.620957076076934
903,0,2185,72.83333333333333,0.6748301790862312,0.6371022381333133
903,0,2186,72.86666666666666,0.8107145997637872,0.6251765560275886
903,0,2187,72.9,0.839203453929986,0.598793831783697
903,0,2188,72.93333333333334,0.7940160074407576,0.5585465140379202
903,0,2189,72.96666666666667,0.7045337844111217,0.49211167968656055
903,0,2190,73.0,0.5909991219033606,0.40046811558985235
903,0,2191,73.03333333333333,0.4712836789453829,0.2982958343395234
903,0,2192,73.06666666666666,0.3611551650882254,0.19650589077719094
903,0,2193,73.1,0.267796900955149,0.10262710084246195
903,0,2194,73.13333333333334,0.18584983380542613,0.018206345863058537
903,0,2195,73.16666666666667,0.10737118925143523,-0.06057972608728953
903,0,2196,73.2,0.03181282991281376,-0.13162270999791487
903,0,2197,73.23333333333333,-0.035576715406985676,-0.1863844266075833
903,0,2198,73.26666666666667,-0.08776630629712928,-0.22375756738736408
903,0,2199,73.3,-0.12039028718741163,-0.24970488809421842
903,0,2200,73.33333333333333,-0.13383881225183525,-0.26655739514665133
903,0,2201,73.36666666666666,-0.1326676164647335,-0.2727591457329768
903,0,2202,73.4,-0.12322845706651023,-0.2686285720542802
903,0,2203,73.43333333333334,-0.1113022838758627,-0.2563043749898697
903,0,2204,73.46666666666667,-0.1017903446102284,-0.23774589013757066
903,0,2205,73.5,-0.09861120971812597,-0.21476833169652695
903,0,2206,73.53333333333333,-0.10461247759703753,-0.18797027111015124
903,0,2207,73.56666666666666,-0.12147265999270626,-0.15688921491661553
903,0,2208,73.6,-0.14996352469000604,-0.11981216170371925
903,0,2209,73.63333333333334,-0.18980553478465603,-0.07406030394189254
903,0,2210,73.66666666666667,-0.2405676827969566,-0.024428949118956128
903,0,2211,73.7,-0.3013324715070345,0.016607022811767413
903,0,2212,73.73333333333333,-0.36926522042533816,0.044699561691261616
903,0,2213,73.76666666666667,-0.44159231841557384,0.06344178850911372
903,0,2214,73.8,-0.5130333471869052,0.07897860817272404
903,0,2215,73.83333333333333,-0.5726186754393916,0.09967975536250438
903,0,2216,73.86666666666666,-0.6053386395950041,0.126524566968911
903,0,2217,73.9,-0.5909880973618671,0.15291337664651936
903,0,2218,73.93333333333334,-0.5056087626612911,0.17363968916654723
903,0,2219,73.96666666666667,-0.3296222448724977,0.18484456202395394
903,0,2220,74.0,-0.06716900320502932,0.18681751977155453
903,0,2221,74.03333333333333,0.2386311801104547,0.1839082678234992
903,0,2222,74.06666666666666,0.5230213464092233,0.17558506962111212
903,0,2223,74.1,0.7372061216881844,0.1564786379865864
903,0,2224,74.13333333333334,0.8570268486677816,0.12706224817681758
903,0,2225,74.16666666666667,0.8804764317052955,0.09378977740798874
903,0,2226,74.2,0.835639642150665,0.06048539623387247
903,0,2227,74.23333333333333,0.755252124593244,0.02849244981768421
903,0,2228,74.26666666666667,0.6605777176891487,-0.001597505471071483
903,0,2229,74.3,0.5676458125940713,-0.029707832802104015
903,0,2230,74.33333333333333,0.47910400403346,-0.05742514751347684
903,0,2231,74.36666666666666,0.3830118767511615,-0.08772574267850149
903,0,2232,74.4,0.26464735536923983,-0.11829447597675516
903,0,2233,74.43333333333334,0.12457093611952846,-0.14134847988632998
903,0,2234,74.46666666666667,-0.01337626970718779,-0.15292615922639546
903,0,2235,74.5,-0.11794391134813563,-0.15281295720665003
903,0,2236,74.53333333333333,-0.16845233134886745,-0.1398337978126073
903,0,2237,74.56666666666666,-0.16106745225970695,-0.11186892690174757
903,0,2238,74.6,-0.10829342510279807,-0.07158325863231045
903,0,2239,74.63333333333334,-0.029643661564648913,-0.026536577821079856
