recording_id,measurement_id,sample_index,time_seconds,gt_signal,predicted_signal
COHFACE_s12_session1_lamp,0,0,0.0,-0.10348903585354968,-0.11496434460520485
COHFACE_s12_session1_lamp,0,1,0.03333333333333333,2.6513267551783826,-0.13487790690786344
COHFACE_s12_session1_lamp,0,2,0.06666666666666667,4.9834956192059074,-0.1552729437470311
COHFACE_s12_session1_lamp,0,3,0.1,6.372618228486057,-0.17255493844646533
COHFACE_s12_session1_lamp,0,4,0.13333333333333333,6.739593615903312,-0.1923540681025042
COHFACE_s12_session1_lamp,0,5,0.16666666666666666,6.396477039035749,-0.2292574206604715
COHFACE_s12_session1_lamp,0,6,0.2,5.615307825304628,-0.2728727915620248
COHFACE_s12_session1_lamp,0,7,0.23333333333333334,4.591615800203874,-0.2878899838045528
COHFACE_s12_session1_lamp,0,8,0.26666666666666666,3.503972429128676,-0.2528544475815161
COHFACE_s12_session1_lamp,0,9,0.3,2.5013769684508267,-0.1607084854779748
COHFACE_s12_session1_lamp,0,10,0.3333333333333333,1.6986720572532317,-0.025640707956270617
COHFACE_s12_session1_lamp,0,11,0.36666666666666664,1.1688612148910602,0.1166320365915777
COHFACE_s12_session1_lamp,0,12,0.4,0.903584012623107,0.2476982965686702
COHFACE_s12_session1_lamp,0,13,0.43333333333333335,0.7978955702732347,0.3659382334492579
COHFACE_s12_session1_lamp,0,14,0.4666666666666667,0.7263195886213627,0.4670406745701585
COHFACE_s12_session1_lamp,0,15,0.5,0.6339221240504669,0.5432662972933996
COHFACE_s12_session1_lamp,0,16,0.5333333333333333,0.5341458907900704,0.588058537957963
COHFACE_s12_session1_lamp,0,17,0.5666666666666667,0.449253843099893,0.5956878742243401
COHFACE_s12_session1_lamp,0,18,0.6,0.37508929648736944,0.568712560067052
COHFACE_s12_session1_lamp,0,19,0.6333333333333333,0.29294055232602156,0.5178698033688816
COHFACE_s12_session1_lamp,0,20,0.6666666666666666,0.2010749426177117,0.4542192524159902
COHFACE_s12_session1_lamp,0,21,0.7,0.11742041199740692,0.3892263316385479
COHFACE_s12_session1_lamp,0,22,0.7333333333333333,0.05240191332312852,0.32413611375196116
COHFACE_s12_session1_lamp,0,23,0.7666666666666667,-0.0020372994566062175,0.2504563415540822
COHFACE_s12_session1_lamp,0,24,0.8,-0.05734256827483,0.1688416358288889
COHFACE_s12_session1_lamp,0,25,0.8333333333333334,-0.11541199393037713,0.089666327715373
COHFACE_s12_session1_lamp,0,26,0.8666666666666667,-0.17007328474626973,0.024082739573939943
COHFACE_s12_session1_lamp,0,27,0.9,-0.21459439408551576,-0.015665370591719824
COHFACE_s12_session1_lamp,0,28,0.9333333333333333,-0.24689370243942615,-0.04655776196217189
COHFACE_s12_session1_lamp,0,29,0.9666666666666667,-0.2701678537660525,-0.11396084391465185
COHFACE_s12_session1_lamp,0,30,1.0,-0.29005592994386714,-0.23455730809779385
COHFACE_s12_session1_lamp,0,31,1.0333333333333334,-0.3128152329577944,-0.3953327969698131
COHFACE_s12_session1_lamp,0,32,1.0666666666666667,-0.345040644797456,-0.5692306884362472
COHFACE_s12_session1_lamp,0,33,1.1,-0.39213418171887354,-0.7147510174635776
COHFACE_s12_session1_lamp,0,34,1.1333333333333333,-0.4576076388981102,-0.8273681778855915
COHFACE_s12_session1_lamp,0,35,1.1666666666666667,-0.5427363214494343,-0.9386178221019307
COHFACE_s12_session1_lamp,0,36,1.2,-0.644565784274339,-1.0585336589491363
COHFACE_s12_session1_lamp,0,37,1.2333333333333334,-0.7542186843172567,-1.1745919193153345
COHFACE_s12_session1_lamp,0,38,1.2666666666666666,-0.8582598731806019,-1.2387168296718731
COHFACE_s12_session1_lamp,0,39,1.3,-0.9413688859560541,-1.1678956405418905
COHFACE_s12_session1_lamp,0,40,1.3333333333333333,-0.9859428130612697,-0.9524750092205689
COHFACE_s12_session1_lamp,0,41,1.3666666666666667,-0.9694676080259269,-0.6570337390644568
COHFACE_s12_session1_lamp,0,42,1.4,-0.8635365211057484,-0.3084449525986509
COHFACE_s12_session1_lamp,0,43,1.4333333333333333,-0.637068808857131,0.1026788580202215
COHFACE_s12_session1_lamp,0,44,1.4666666666666666,-0.27417715281458793,0.5470102357035027
COHFACE_s12_session1_lamp,0,45,1.5,0.1829135385078302,0.954302501962915
COHFACE_s12_session1_lamp,0,46,1.5333333333333334,0.620598756147558,1.2802307989647213
COHFACE_s12_session1_lamp,0,47,1.5666666666666667,0.9292459431659645,1.5046617302443646
COHFACE_s12_session1_lamp,0,48,1.6,1.0832673587494297,1.6176967922134147
COHFACE_s12_session1_lamp,0,49,1.6333333333333333,1.1248560847832807,1.6182887138251147
COHFACE_s12_session1_lamp,0,50,1.6666666666666667,1.0982170651407772,1.5139470126649994
COHFACE_s12_session1_lamp,0,51,1.7,1.019364810684349,1.3204942463126366
COHFACE_s12_session1_lamp,0,52,1.7333333333333334,0.893811375122054,1.0576462321869196
COHFACE_s12_session1_lamp,0,53,1.7666666666666666,0.7419268610383519,0.749847638909333
COHFACE_s12_session1_lamp,0,54,1.8,0.5917376922011268,0.4272051837409918
COHFACE_s12_session1_lamp,0,55,1.8333333333333333,0.4547606427143399,0.12688024819494464
COHFACE_s12_session1_lamp,0,56,1.8666666666666667,0.3256181847414812,-0.12496687441466624
COHFACE_s12_session1_lamp,0,57,1.9,0.19947717756798203,-0.31169616932220867
COHFACE_s12_session1_lamp,0,58,1.9333333333333333,0.08004270588284058,-0.43640130859669146
COHFACE_s12_session1_lamp,0,59,1.9666666666666666,-0.02475423172453152,-0.5203843522594102
COHFACE_s12_session1_lamp,0,60,2.0,-0.10872663187998881,-0.57855725651203
COHFACE_s12_session1_lamp,0,61,2.033333333333333,-0.17071590605194165,-0.6183100736665675
COHFACE_s12_session1_lamp,0,62,2.066666666666667,-0.21520366716136458,-0.6420890218230576
COHFACE_s12_session1_lamp,0,63,2.1,-0.24983394528104508,-0.6469509274535765
COHFACE_s12_session1_lamp,0,64,2.1333333333333333,-0.282852554353067,-0.6411669767949791
COHFACE_s12_session1_lamp,0,65,2.1666666666666665,-0.3216704382225801,-0.6438795984305636
COHFACE_s12_session1_lamp,0,66,2.2,-0.3711790461734671,-0.6531704965260154
COHFACE_s12_session1_lamp,0,67,2.2333333333333334,-0.43314050710071494,-0.6460535380943924
COHFACE_s12_session1_lamp,0,68,2.2666666666666666,-0.5065707499328428,-0.6147414310412607
COHFACE_s12_session1_lamp,0,69,2.3,-0.5875168821856598,-0.5669085062143769
COHFACE_s12_session1_lamp,0,70,2.3333333333333335,-0.6689719464212378,-0.5187523206994208
COHFACE_s12_session1_lamp,0,71,2.3666666666666667,-0.7410990627060411,-0.49488746296458164
COHFACE_s12_session1_lamp,0,72,2.4,-0.790754085291993,-0.4930235331605183
COHFACE_s12_session1_lamp,0,73,2.433333333333333,-0.8009885967175451,-0.4842465499082347
COHFACE_s12_session1_lamp,0,74,2.466666666666667,-0.7505109905681213,-0.4306385710405089
COHFACE_s12_session1_lamp,0,75,2.5,-0.6134319639037732,-0.28649743166625574
COHFACE_s12_session1_lamp,0,76,2.533333333333333,-0.36467816765483047,-0.060415941854466866
COHFACE_s12_session1_lamp,0,77,2.566666666666667,-0.008276849897381405,0.18385747355244964
COHFACE_s12_session1_lamp,0,78,2.6,0.3847577117337135,0.4094374188342025
COHFACE_s12_session1_lamp,0,79,2.6333333333333333,0.7022323169314358,0.6055382842222761
COHFACE_s12_session1_lamp,0,80,2.6666666666666665,0.8780118339722316,0.7727615892358515
COHFACE_s12_session1_lamp,0,81,2.7,0.9269348243500513,0.9216085602255809
COHFACE_s12_session1_lamp,0,82,2.7333333333333334,0.8971336797555582,1.0368672770113638
COHFACE_s12_session1_lamp,0,83,2.7666666666666666,0.8217488003768016,1.0769391904265273
COHFACE_s12_session1_lamp,0,84,2.8,0.7175896003454613,1.0302059086231377
COHFACE_s12_session1_lamp,0,85,2.8333333333333335,0.6047225434715582,0.9150574957390251
COHFACE_s12_session1_lamp,0,86,2.8666666666666667,0.5045807296587352,0.7539220365435519
COHFACE_s12_session1_lamp,0,87,2.9,0.4207246739178514,0.5734530807358101
COHFACE_s12_session1_lamp,0,88,2.933333333333333,0.33993908512024495,0.39205345071040754
COHFACE_s12_session1_lamp,0,89,2.966666666666667,0.25207180611832947,0.22067185969789366
COHFACE_s12_session1_lamp,0,90,3.0,0.15938409833380537,0.06175821807108023
COHFACE_s12_session1_lamp,0,91,3.033333333333333,0.07130659079286875,-0.08952656929225129
COHFACE_s12_session1_lamp,0,92,3.066666666666667,-0.003293470482589239,-0.22837407848202257
COHFACE_s12_session1_lamp,0,93,3.1,-0.06044712932229672,-0.33932090508534
COHFACE_s12_session1_lamp,0,94,3.1333333333333333,-0.10234291225781385,-0.4266803824480909
COHFACE_s12_session1_lamp,0,95,3.1666666666666665,-0.1358699483512329,-0.5135619602846874
COHFACE_s12_session1_lamp,0,96,3.2,-0.16926462831308092,-0.6010437992470573
COHFACE_s12_session1_lamp,0,97,3.2333333333333334,-0.2095162494334034,-0.6674680527168425
COHFACE_s12_session1_lamp,0,98,3.2666666666666666,-0.2614386403785249,-0.7039231753803025
COHFACE_s12_session1_lamp,0,99,3.3,-0.3274880393181247,-0.7139916889562563
COHFACE_s12_session1_lamp,0,100,3.3333333333333335,-0.4077887048773012,-0.7104368561245334
COHFACE_s12_session1_lamp,0,101,3.3666666666666667,-0.5003317510583314,-0.7147530280606683
COHFACE_s12_session1_lamp,0,102,3.4,-0.6005199878779133,-0.7243380933918965
COHFACE_s12_session1_lamp,0,103,3.433333333333333,-0.6997747683254927,-0.712552497563439
COHFACE_s12_session1_lamp,0,104,3.466666666666667,-0.7850203937651753,-0.6558683583778175
COHFACE_s12_session1_lamp,0,105,3.5,-0.8397381290669375,-0.5346693388923502
COHFACE_s12_session1_lamp,0,106,3.533333333333333,-0.8440516499617642,-0.35419010525201006
COHFACE_s12_session1_lamp,0,107,3.566666666666667,-0.7732378512717678,-0.14528844742135308
COHFACE_s12_session1_lamp,0,108,3.6,-0.6036293312500844,0.07621581120995137
COHFACE_s12_session1_lamp,0,109,3.6333333333333333,-0.3432420321665262,0.3084370041170232
COHFACE_s12_session1_lamp,0,110,3.6666666666666665,-0.05252274636595083,0.5366660914486528
COHFACE_s12_session1_lamp,0,111,3.7,0.20972991511800732,0.7320697468550159
COHFACE_s12_session1_lamp,0,112,3.7333333333333334,0.4369344308128379,0.8748268320844191
COHFACE_s12_session1_lamp,0,113,3.7666666666666666,0.6322437139317658,0.953250638974368
COHFACE_s12_session1_lamp,0,114,3.8,0.7744085838743429,0.9668680813382733
COHFACE_s12_session1_lamp,0,115,3.8333333333333335,0.8466340832063689,0.9258430468876749
COHFACE_s12_session1_lamp,0,116,3.8666666666666667,0.857398728277417,0.8415319474881504
COHFACE_s12_session1_lamp,0,117,3.9,0.83355796850182,0.7264473546494863
COHFACE_s12_session1_lamp,0,118,3.933333333333333,0.795919586728217,0.5900183083047559
COHFACE_s12_session1_lamp,0,119,3.966666666666667,0.7399387730695587,0.43916610949088114
COHFACE_s12_session1_lamp,0,120,4.0,0.6509137358947525,0.2871486842155998
COHFACE_s12_session1_lamp,0,121,4.033333333333333,0.5272425690001555,0.1543050635503456
COHFACE_s12_session1_lamp,0,122,4.066666666666666,0.3823294311306176,0.04759951416801998
COHFACE_s12_session1_lamp,0,123,4.1,0.2349953912952215,-0.038565607271199745
COHFACE_s12_session1_lamp,0,124,4.133333333333334,0.09964549816559261,-0.1147126560128656
COHFACE_s12_session1_lamp,0,125,4.166666666666667,-0.017760800097148283,-0.19529926123081515
COHFACE_s12_session1_lamp,0,126,4.2,-0.11574590903328866,-0.28962787087071307
COHFACE_s12_session1_lamp,0,127,4.233333333333333,-0.19609260989308402,-0.40093389005121965
COHFACE_s12_session1_lamp,0,128,4.266666666666667,-0.2655797572426759,-0.5165430510584161
COHFACE_s12_session1_lamp,0,129,4.3,-0.33219395656599215,-0.6073844074356369
COHFACE_s12_session1_lamp,0,130,4.333333333333333,-0.4007837711471905,-0.6701887113311673
COHFACE_s12_session1_lamp,0,131,4.366666666666666,-0.4732813494223558,-0.7268968736654833
COHFACE_s12_session1_lamp,0,132,4.4,-0.5510290135077849,-0.783237078595796
COHFACE_s12_session1_lamp,0,133,4.433333333333334,-0.633561440008924,-0.8281438426747333
COHFACE_s12_session1_lamp,0,134,4.466666666666667,-0.7142613614208937,-0.8624706049023485
COHFACE_s12_session1_lamp,0,135,4.5,-0.7804006049732743,-0.8986611588546513
COHFACE_s12_session1_lamp,0,136,4.533333333333333,-0.8178300837639216,-0.8902509252545558
COHFACE_s12_session1_lamp,0,137,4.566666666666666,-0.8133567641202571,-0.7329894295942423
COHFACE_s12_session1_lamp,0,138,4.6,-0.7502149012339023,-0.42377293948777917
COHFACE_s12_session1_lamp,0,139,4.633333333333334,-0.6028337664582978,-0.06192334455597282
COHFACE_s12_session1_lamp,0,140,4.666666666666667,-0.34632276455956296,0.2800365555135471
COHFACE_s12_session1_lamp,0,141,4.7,0.00689356197864263,0.5558067084367144
COHFACE_s12_session1_lamp,0,142,4.733333333333333,0.3764022214744381,0.744560493378492
COHFACE_s12_session1_lamp,0,143,4.766666666666667,0.6596284894730325,0.8494965678710069
COHFACE_s12_session1_lamp,0,144,4.8,0.8173554009916961,0.8901780805701751
COHFACE_s12_session1_lamp,0,145,4.833333333333333,0.8808447483138995,0.9011564013313855
COHFACE_s12_session1_lamp,0,146,4.866666666666666,0.8916144939389206,0.8894511678986863
COHFACE_s12_session1_lamp,0,147,4.9,0.8644763767169037,0.8342286190625277
COHFACE_s12_session1_lamp,0,148,4.933333333333334,0.7949809484466669,0.729263037616992
COHFACE_s12_session1_lamp,0,149,4.966666666666667,0.6879909319973905,0.583496060033561
COHFACE_s12_session1_lamp,0,150,5.0,0.5670745398778693,0.4145064384691067
COHFACE_s12_session1_lamp,0,151,5.033333333333333,0.45054114115305804,0.24905836537246798
COHFACE_s12_session1_lamp,0,152,5.066666666666666,0.3368472177801922,0.10517613343271784
COHFACE_s12_session1_lamp,0,153,5.1,0.21831692157397992,-0.007156002653834634
COHFACE_s12_session1_lamp,0,154,5.133333333333334,0.09612295909675353,-0.08766971737639338
COHFACE_s12_session1_lamp,0,155,5.166666666666667,-0.019253863777952143,-0.14496370723920066
COHFACE_s12_session1_lamp,0,156,5.2,-0.11538045325565077,-0.1786873256890791
COHFACE_s12_session1_lamp,0,157,5.233333333333333,-0.18433530846897606,-0.17907696842542348
COHFACE_s12_session1_lamp,0,158,5.266666666666667,-0.22553967530690683,-0.14582824720754695
COHFACE_s12_session1_lamp,0,159,5.3,-0.24558951926392897,-0.08803442694135062
COHFACE_s12_session1_lamp,0,160,5.333333333333333,-0.25581267794780144,-0.020003775967086343
COHFACE_s12_session1_lamp,0,161,5.366666666666666,-0.26754244107144853,0.03880353166604826
COHFACE_s12_session1_lamp,0,162,5.4,-0.28892183941889527,0.06038145850468628
COHFACE_s12_session1_lamp,0,163,5.433333333333334,-0.32528374149792094,0.008619509282517548
COHFACE_s12_session1_lamp,0,164,5.466666666666667,-0.3798493968511041,-0.10700512425781444
COHFACE_s12_session1_lamp,0,165,5.5,-0.45439749769261006,-0.23128880357606113
COHFACE_s12_session1_lamp,0,166,5.533333333333333,-0.5473405266415448,-0.3566700586570565
COHFACE_s12_session1_lamp,0,167,5.566666666666666,-0.6476136327726317,-0.5225365022053828
COHFACE_s12_session1_lamp,0,168,5.6,-0.7337242542161532,-0.7235710727650703
COHFACE_s12_session1_lamp,0,169,5.633333333333334,-0.7809003927162328,-0.9087210528231634
COHFACE_s12_session1_lamp,0,170,5.666666666666667,-0.7661993441826361,-1.0281080005833694
COHFACE_s12_session1_lamp,0,171,5.7,-0.6691520554700969,-1.0331690334948418
COHFACE_s12_session1_lamp,0,172,5.733333333333333,-0.47118407354558,-0.9388258814336569
COHFACE_s12_session1_lamp,0,173,5.766666666666667,-0.16520728267315907,-0.8230752790776604
COHFACE_s12_session1_lamp,0,174,5.8,0.2093308600550105,-0.6991388404215974
COHFACE_s12_session1_lamp,0,175,5.833333333333333,0.554335304135915,-0.515988308135588
COHFACE_s12_session1_lamp,0,176,5.866666666666666,0.7787183226226054,-0.2456293423458503
COHFACE_s12_session1_lamp,0,177,5.9,0.8672329244622657,0.11469203450983094
COHFACE_s12_session1_lamp,0,178,5.933333333333334,0.8648446086828842,0.5226186039983205
COHFACE_s12_session1_lamp,0,179,5.966666666666667,0.8161928290770293,0.8892341203049178
COHFACE_s12_session1_lamp,0,180,6.0,0.7357880163626378,1.1697590387369758
COHFACE_s12_session1_lamp,0,181,6.033333333333333,0.6245929701132933,1.3621418814311634
COHFACE_s12_session1_lamp,0,182,6.066666666666666,0.4966781153202407,1.4563404046401702
COHFACE_s12_session1_lamp,0,183,6.1,0.37676395801507023,1.4331864364583569
COHFACE_s12_session1_lamp,0,184,6.133333333333334,0.27681701416729715,1.3000253752071356
COHFACE_s12_session1_lamp,0,185,6.166666666666667,0.19046838356926327,1.0906574297943021
COHFACE_s12_session1_lamp,0,186,6.2,0.10893649962219243,0.8386849091220507
COHFACE_s12_session1_lamp,0,187,6.233333333333333,0.03213016633087541,0.5780659119910397
COHFACE_s12_session1_lamp,0,188,6.266666666666667,-0.03423851203049719,0.3358814495213652
COHFACE_s12_session1_lamp,0,189,6.3,-0.0854996145977622,0.13347472734486338
COHFACE_s12_session1_lamp,0,190,6.333333333333333,-0.12038990148050054,-0.036470360314597494
COHFACE_s12_session1_lamp,0,191,6.366666666666666,-0.14127094220413405,-0.20819448726748768
COHFACE_s12_session1_lamp,0,192,6.4,-0.15509189855732303,-0.3851046699219425
COHFACE_s12_session1_lamp,0,193,6.433333333333334,-0.1707661478878924,-0.5383620799086628
COHFACE_s12_session1_lamp,0,194,6.466666666666667,-0.19525792805039033,-0.6497354144630225
COHFACE_s12_session1_lamp,0,195,6.5,-0.23366432283829947,-0.7109469265747804
COHFACE_s12_session1_lamp,0,196,6.533333333333333,-0.2894399809318845,-0.7372601363295621
COHFACE_s12_session1_lamp,0,197,6.566666666666666,-0.36303566398754905,-0.7665342708303086
COHFACE_s12_session1_lamp,0,198,6.6,-0.4513779565491935,-0.7999092873474608
COHFACE_s12_session1_lamp,0,199,6.633333333333334,-0.5481320371837594,-0.8015184450798092
COHFACE_s12_session1_lamp,0,200,6.666666666666667,-0.643395172584705,-0.7628845443490071
COHFACE_s12_session1_lamp,0,201,6.7,-0.7239592498699566,-0.7031352877323741
COHFACE_s12_session1_lamp,0,202,6.733333333333333,-0.7744097620153598,-0.6394591985445655
COHFACE_s12_session1_lamp,0,203,6.766666666666667,-0.775811386473046,-0.5870498789332383
COHFACE_s12_session1_lamp,0,204,6.8,-0.7038381083377695,-0.5347938860711464
COHFACE_s12_session1_lamp,0,205,6.833333333333333,-0.530953288682601,-0.4460034818328803
COHFACE_s12_session1_lamp,0,206,6.866666666666666,-0.2406004047018895,-0.30608842797204605
COHFACE_s12_session1_lamp,0,207,6.9,0.13490575216316275,-0.12366891672185214
COHFACE_s12_session1_lamp,0,208,6.933333333333334,0.4972756782019314,0.08171290792889171
COHFACE_s12_session1_lamp,0,209,6.966666666666667,0.7473821799630822,0.27878219167207124
COHFACE_s12_session1_lamp,0,210,7.0,0.8619856770931487,0.45551190664563335
COHFACE_s12_session1_lamp,0,211,7.033333333333333,0.882272992808325,0.6179908706365635
COHFACE_s12_session1_lamp,0,212,7.066666666666666,0.853510433142755,0.7584092097813088
COHFACE_s12_session1_lamp,0,213,7.1,0.7933242050182712,0.854063303122063
COHFACE_s12_session1_lamp,0,214,7.133333333333334,0.7029188486785937,0.8978165218918956
COHFACE_s12_session1_lamp,0,215,7.166666666666667,0.5925906845034022,0.8975827851765315
COHFACE_s12_session1_lamp,0,216,7.2,0.4827513388137363,0.8661109049763343
COHFACE_s12_session1_lamp,0,217,7.233333333333333,0.3832569031954193,0.8206070827970962
COHFACE_s12_session1_lamp,0,218,7.266666666666667,0.2881613620062186,0.756414815179136
COHFACE_s12_session1_lamp,0,219,7.3,0.1908660056279259,0.6474894514325981
COHFACE_s12_session1_lamp,0,220,7.333333333333333,0.09448174898220624,0.4903887028034012
COHFACE_s12_session1_lamp,0,221,7.366666666666666,0.007613774813196875,0.30519024061902233
COHFACE_s12_session1_lamp,0,222,7.4,-0.0633763022584121,0.11379992916720129
COHFACE_s12_session1_lamp,0,223,7.433333333333334,-0.1170684136604717,-0.0592970847298116
COHFACE_s12_session1_lamp,0,224,7.466666666666667,-0.15654641028986452,-0.2086005343229007
COHFACE_s12_session1_lamp,0,225,7.5,-0.18799615268683312,-0.34644979878745963
COHFACE_s12_session1_lamp,0,226,7.533333333333333,-0.2185000391368777,-0.46828899510891187
COHFACE_s12_session1_lamp,0,227,7.566666666666666,-0.25444367888764075,-0.551748953747371
COHFACE_s12_session1_lamp,0,228,7.6,-0.30076857056251227,-0.5973073146784867
COHFACE_s12_session1_lamp,0,229,7.633333333333334,-0.3605532336404345,-0.6276268366234807
COHFACE_s12_session1_lamp,0,230,7.666666666666667,-0.43383393345471233,-0.6592600705959549
COHFACE_s12_session1_lamp,0,231,7.7,-0.5164196608009938,-0.7019250540722871
COHFACE_s12_session1_lamp,0,232,7.733333333333333,-0.6010218802130852,-0.756172346477524
COHFACE_s12_session1_lamp,0,233,7.766666666666667,-0.6779254506973413,-0.8130582501974508
COHFACE_s12_session1_lamp,0,234,7.8,-0.7342899620338356,-0.8547664210083805
COHFACE_s12_session1_lamp,0,235,7.833333333333333,-0.7542399579870076,-0.854734992412194
COHFACE_s12_session1_lamp,0,236,7.866666666666666,-0.7181772115314278,-0.786831542391628
COHFACE_s12_session1_lamp,0,237,7.9,-0.6025114969784113,-0.6261518907658598
COHFACE_s12_session1_lamp,0,238,7.933333333333334,-0.38404612156610424,-0.38583691644976775
COHFACE_s12_session1_lamp,0,239,7.966666666666667,-0.06190169507944778,-0.11790900489835264
COHFACE_s12_session1_lamp,0,240,8.0,0.30531203404964974,0.1517560375985044
COHFACE_s12_session1_lamp,0,241,8.033333333333333,0.6124922494088381,0.42218244323408327
COHFACE_s12_session1_lamp,0,242,8.066666666666666,0.7887344019324488,0.6749086568056748
COHFACE_s12_session1_lamp,0,243,8.1,0.8415268124140054,0.87251193613837
COHFACE_s12_session1_lamp,0,244,8.133333333333333,0.8188049756438882,0.9965475603037015
COHFACE_s12_session1_lamp,0,245,8.166666666666666,0.7577679280938118,1.0466082919973159
COHFACE_s12_session1_lamp,0,246,8.2,0.6730231206263259,1.0310665183405792
COHFACE_s12_session1_lamp,0,247,8.233333333333333,0.5751619622989655,0.9664406155952243
COHFACE_s12_session1_lamp,0,248,8.266666666666667,0.4806134778157733,0.8627301016362184
COHFACE_s12_session1_lamp,0,249,8.3,0.39808713840440835,0.7235840878139197
COHFACE_s12_session1_lamp,0,250,8.333333333333334,0.3206731414615898,0.5583192568457894
COHFACE_s12_session1_lamp,0,251,8.366666666666667,0.2382894970405598,0.38266959625090835
COHFACE_s12_session1_lamp,0,252,8.4,0.1499885096925783,0.21276643710064116
COHFACE_s12_session1_lamp,0,253,8.433333333333334,0.063581684575103,0.06597728669579626
COHFACE_s12_session1_lamp,0,254,8.466666666666667,-0.01159937555009348,-0.047771534785678194
COHFACE_s12_session1_lamp,0,255,8.5,-0.07072710116373283,-0.1251672982652062
COHFACE_s12_session1_lamp,0,256,8.533333333333333,-0.11513319926124423,-0.18320697634845023
COHFACE_s12_session1_lamp,0,257,8.566666666666666,-0.15078877261356605,-0.25808348855107915
COHFACE_s12_session1_lamp,0,258,8.6,-0.1851396693997553,-0.3523841110990965
COHFACE_s12_session1_lamp,0,259,8.633333333333333,-0.22455254336173663,-0.43441173174609826
COHFACE_s12_session1_lamp,0,260,8.666666666666666,-0.2739802698569936,-0.49208138957438186
COHFACE_s12_session1_lamp,0,261,8.7,-0.3375301100283553,-0.5326237578574227
COHFACE_s12_session1_lamp,0,262,8.733333333333333,-0.4172562885268059,-0.5716629502675643
COHFACE_s12_session1_lamp,0,263,8.766666666666667,-0.5106230783146758,-0.6324371078751921
COHFACE_s12_session1_lamp,0,264,8.8,-0.6103701581482603,-0.7117119928028762
COHFACE_s12_session1_lamp,0,265,8.833333333333334,-0.7057682617726544,-0.779422839342976
COHFACE_s12_session1_lamp,0,266,8.866666666666667,-0.7827739881680799,-0.8010115576720769
COHFACE_s12_session1_lamp,0,267,8.9,-0.824681131287971,-0.7379459263624845
COHFACE_s12_session1_lamp,0,268,8.933333333333334,-0.8119344463775675,-0.6000291538748944
COHFACE_s12_session1_lamp,0,269,8.966666666666667,-0.7201567853061077,-0.4456010151751495
COHFACE_s12_session1_lamp,0,270,9.0,-0.5219207290548099,-0.29638191147531584
COHFACE_s12_session1_lamp,0,271,9.033333333333333,-0.20587101559534413,-0.13800299716270445
COHFACE_s12_session1_lamp,0,272,9.066666666666666,0.18311825344949062,0.043922504892816364
COHFACE_s12_session1_lamp,0,273,9.1,0.5407472173970973,0.26219101851300025
COHFACE_s12_session1_lamp,0,274,9.133333333333333,0.7779244192822126,0.4918513072425226
COHFACE_s12_session1_lamp,0,275,9.166666666666666,0.8836834463619417,0.6693002498302559
COHFACE_s12_session1_lamp,0,276,9.2,0.9016659255679751,0.7702545593244768
COHFACE_s12_session1_lamp,0,277,9.233333333333333,0.8729060481506377,0.8091293398061443
COHFACE_s12_session1_lamp,0,278,9.266666666666667,0.8101752237427793,0.8043421229271001
COHFACE_s12_session1_lamp,0,279,9.3,0.714640279902388,0.777471726176153
COHFACE_s12_session1_lamp,0,280,9.333333333333334,0.6011992133618512,0.7346473129361503
COHFACE_s12_session1_lamp,0,281,9.366666666666667,0.49171923151980773,0.6665549416233696
COHFACE_s12_session1_lamp,0,282,9.4,0.39291250519219434,0.5750410759143745
COHFACE_s12_session1_lamp,0,283,9.433333333333334,0.29771891743825524,0.4735619786132474
COHFACE_s12_session1_lamp,0,284,9.466666666666667,0.20113144378490908,0.36975677696622533
COHFACE_s12_session1_lamp,0,285,9.5,0.10626571142682535,0.2659910799384186
COHFACE_s12_session1_lamp,0,286,9.533333333333333,0.020504391410386014,0.15942179718123062
COHFACE_s12_session1_lamp,0,287,9.566666666666666,-0.05023478563986564,0.04287558364450328
COHFACE_s12_session1_lamp,0,288,9.6,-0.1045887252866529,-0.07532179893145963
COHFACE_s12_session1_lamp,0,289,9.633333333333333,-0.14579097155927154,-0.17068837502435238
COHFACE_s12_session1_lamp,0,290,9.666666666666666,-0.18034200904813585,-0.23998451200270995
COHFACE_s12_session1_lamp,0,291,9.7,-0.21544629948140803,-0.30056102274843266
COHFACE_s12_session1_lamp,0,292,9.733333333333333,-0.25770687692693117,-0.3700840672766599
COHFACE_s12_session1_lamp,0,293,9.766666666666667,-0.3130966717936032,-0.46553917954360524
COHFACE_s12_session1_lamp,0,294,9.8,-0.3853908650727933,-0.573690393731905
COHFACE_s12_session1_lamp,0,295,9.833333333333334,-0.47455531585021116,-0.6507414250680686
COHFACE_s12_session1_lamp,0,296,9.866666666666667,-0.5760003390070132,-0.6866655864629405
COHFACE_s12_session1_lamp,0,297,9.9,-0.6814617779198275,-0.7049292065294089
COHFACE_s12_session1_lamp,0,298,9.933333333333334,-0.7805728463949687,-0.7247456944216351
COHFACE_s12_session1_lamp,0,299,9.966666666666667,-0.8594952270516665,-0.7604038864484082
COHFACE_s12_session1_lamp,0,300,10.0,-0.8994442598495662,-0.7920552680885902
COHFACE_s12_session1_lamp,0,301,10.033333333333333,-0.8768321035721254,-0.766068851091014
COHFACE_s12_session1_lamp,0,302,10.066666666666666,-0.7631779900824813,-0.6536274567791315
COHFACE_s12_session1_lamp,0,303,10.1,-0.5292836610161803,-0.4518045522784708
COHFACE_s12_session1_lamp,0,304,10.133333333333333,-0.17075029219475535,-0.1906336443045334
COHFACE_s12_session1_lamp,0,305,10.166666666666666,0.2498889837441109,0.06623595769516993
COHFACE_s12_session1_lamp,0,306,10.2,0.6175600757878408,0.30011149145806515
COHFACE_s12_session1_lamp,0,307,10.233333333333333,0.8524612028275612,0.5358755166055466
COHFACE_s12_session1_lamp,0,308,10.266666666666667,0.9576408841608106,0.7588994214191768
COHFACE_s12_session1_lamp,0,309,10.3,0.9790426525329958,0.9137030527259897
COHFACE_s12_session1_lamp,0,310,10.333333333333334,0.9511707243166099,0.9815531799985522
COHFACE_s12_session1_lamp,0,311,10.366666666666667,0.881931521131236,0.9798384028833469
COHFACE_s12_session1_lamp,0,312,10.4,0.7749485075199174,0.9304497958048088
COHFACE_s12_session1_lamp,0,313,10.433333333333334,0.6504300995882629,0.8591315494001688
COHFACE_s12_session1_lamp,0,314,10.466666666666667,0.5314712853541955,0.7704031233217687
COHFACE_s12_session1_lamp,0,315,10.5,0.42238159682668963,0.6479372982220639
COHFACE_s12_session1_lamp,0,316,10.533333333333333,0.31423857628822727,0.4907974040281428
COHFACE_s12_session1_lamp,0,317,10.566666666666666,0.20321137878915363,0.3143666396345291
COHFACE_s12_session1_lamp,0,318,10.6,0.09601225447892561,0.13677327152400723
COHFACE_s12_session1_lamp,0,319,10.633333333333333,0.002332674131711926,-0.020319553932530543
COHFACE_s12_session1_lamp,0,320,10.666666666666666,-0.07212858427469333,-0.13112000991649167
COHFACE_s12_session1_lamp,0,321,10.7,-0.1268617540696494,-0.16526140266697217
COHFACE_s12_session1_lamp,0,322,10.733333333333333,-0.16659642612705172,-0.14710760390142483
COHFACE_s12_session1_lamp,0,323,10.766666666666667,-0.19964304496639013,-0.15473619655527962
COHFACE_s12_session1_lamp,0,324,10.8,-0.23396391627049215,-0.21782119523996057
COHFACE_s12_session1_lamp,0,325,10.833333333333334,-0.27657532542412216,-0.3166558759228557
COHFACE_s12_session1_lamp,0,326,10.866666666666667,-0.3337306651748166,-0.4324591694875814
COHFACE_s12_session1_lamp,0,327,10.9,-0.40807574164114946,-0.547152387527407
COHFACE_s12_session1_lamp,0,328,10.933333333333334,-0.49795842392681355,-0.6552833346114326
COHFACE_s12_session1_lamp,0,329,10.966666666666667,-0.5986957321029767,-0.7633241634965452
COHFACE_s12_session1_lamp,0,330,11.0,-0.7022776166508737,-0.8607193106504398
COHFACE_s12_session1_lamp,0,331,11.033333333333333,-0.7974479555458485,-0.919401510273905
COHFACE_s12_session1_lamp,0,332,11.066666666666666,-0.8700632060520758,-0.9104858224450372
COHFACE_s12_session1_lamp,0,333,11.1,-0.9022476587007601,-0.8046922969630133
COHFACE_s12_session1_lamp,0,334,11.133333333333333,-0.871066626238405,-0.6113209534870218
COHFACE_s12_session1_lamp,0,335,11.166666666666666,-0.7480759749049762,-0.3787755823067975
COHFACE_s12_session1_lamp,0,336,11.2,-0.5051716981254152,-0.14509173037548392
COHFACE_s12_session1_lamp,0,337,11.233333333333333,-0.1418190755168984,0.061442328647103306
COHFACE_s12_session1_lamp,0,338,11.266666666666667,0.27630601168866054,0.2345481508179038
COHFACE_s12_session1_lamp,0,339,11.3,0.6358379847279463,0.38859956280653946
COHFACE_s12_session1_lamp,0,340,11.333333333333334,0.8606847221220889,0.5354021483552971
COHFACE_s12_session1_lamp,0,341,11.366666666666667,0.9561262868106366,0.6826927657092619
COHFACE_s12_session1_lamp,0,342,11.4,0.9685534082737701,0.8218338044582933
COHFACE_s12_session1_lamp,0,343,11.433333333333334,0.9315640686374178,0.9269617636662485
COHFACE_s12_session1_lamp,0,344,11.466666666666667,0.853661492996879,0.9769645270597773
COHFACE_s12_session1_lamp,0,345,11.5,0.7424571213302951,0.9553105094810754
COHFACE_s12_session1_lamp,0,346,11.533333333333333,0.6201908895510265,0.864035157471837
COHFACE_s12_session1_lamp,0,347,11.566666666666666,0.5059142439335145,0.7238345937243881
COHFACE_s12_session1_lamp,0,348,11.6,0.3995816499858148,0.5521897097115381
COHFACE_s12_session1_lamp,0,349,11.633333333333333,0.29257765901921073,0.36388689713506817
COHFACE_s12_session1_lamp,0,350,11.666666666666666,0.18295056476537722,0.17992831136942686
COHFACE_s12_session1_lamp,0,351,11.7,0.0778328839902171,0.0283143053596671
COHFACE_s12_session1_lamp,0,352,11.733333333333333,-0.012634877907137465,-0.09370556032515302
COHFACE_s12_session1_lamp,0,353,11.766666666666667,-0.08213229730804925,-0.2184174333211983
COHFACE_s12_session1_lamp,0,354,11.8,-0.13170824078547227,-0.35414976229937545
COHFACE_s12_session1_lamp,0,355,11.833333333333334,-0.16850029738393768,-0.48408793577332565
COHFACE_s12_session1_lamp,0,356,11.866666666666667,-0.20108830060222554,-0.5897754628008718
COHFACE_s12_session1_lamp,0,357,11.9,-0.23639511603778107,-0.6506694410552589
COHFACE_s12_session1_lamp,0,358,11.933333333333334,-0.280315961475601,-0.6758232589513959
COHFACE_s12_session1_lamp,0,359,11.966666666666667,-0.33784552921570893,-0.7031585733547525
COHFACE_s12_session1_lamp,0,360,12.0,-0.4110382424801281,-0.7409662225715393
COHFACE_s12_session1_lamp,0,361,12.033333333333333,-0.4982671038996232,-0.7674600450491613
COHFACE_s12_session1_lamp,0,362,12.066666666666666,-0.5946966520156348,-0.7449600388932096
COHFACE_s12_session1_lamp,0,363,12.1,-0.6920328531824562,-0.620797738674437
COHFACE_s12_session1_lamp,0,364,12.133333333333333,-0.7785163716797995,-0.4169799705687567
COHFACE_s12_session1_lamp,0,365,12.166666666666666,-0.8388576184340898,-0.23047371933386412
COHFACE_s12_session1_lamp,0,366,12.2,-0.8538171667386278,-0.10459543633484361
COHFACE_s12_session1_lamp,0,367,12.233333333333333,-0.8003552115743633,-0.02914332159599882
COHFACE_s12_session1_lamp,0,368,12.266666666666667,-0.6519129893204699,0.035041007910076055
COHFACE_s12_session1_lamp,0,369,12.3,-0.3848673787185588,0.15435273001526784
COHFACE_s12_session1_lamp,0,370,12.333333333333334,-0.010137537033297749,0.32854948631885456
COHFACE_s12_session1_lamp,0,371,12.366666666666667,0.3923864973389387,0.4898537136866228
COHFACE_s12_session1_lamp,0,372,12.4,0.7102459018860607,0.6059022349025464
COHFACE_s12_session1_lamp,0,373,12.433333333333334,0.8848484118043152,0.679482915043028
COHFACE_s12_session1_lamp,0,374,12.466666666666667,0.9360740392737015,0.7176047754476569
COHFACE_s12_session1_lamp,0,375,12.5,0.9117726438456816,0.7307458872548381
COHFACE_s12_session1_lamp,0,376,12.533333333333333,0.8424897605695592,0.7225592985658351
COHFACE_s12_session1_lamp,0,377,12.566666666666666,0.7432738600274242,0.6896721278818658
COHFACE_s12_session1_lamp,0,378,12.6,0.6344535134662787,0.6286263676211237
COHFACE_s12_session1_lamp,0,379,12.633333333333333,0.5363632061000572,0.5362354793691291
COHFACE_s12_session1_lamp,0,380,12.666666666666666,0.44958860946155343,0.4222033250078759
COHFACE_s12_session1_lamp,0,381,12.7,0.3604224840471589,0.30954872106403075
COHFACE_s12_session1_lamp,0,382,12.733333333333333,0.2612977776889737,0.2071819681802411
COHFACE_s12_session1_lamp,0,383,12.766666666666667,0.15791679285264437,0.11051299995722495
COHFACE_s12_session1_lamp,0,384,12.8,0.06254877531120553,0.010002625564798959
COHFACE_s12_session1_lamp,0,385,12.833333333333334,-0.015630385614777018,-0.10780451369144448
COHFACE_s12_session1_lamp,0,386,12.866666666666667,-0.07500840406499033,-0.23274449817720916
COHFACE_s12_session1_lamp,0,387,12.9,-0.1198590349335445,-0.3304185857041968
COHFACE_s12_session1_lamp,0,388,12.933333333333334,-0.15711695745529183,-0.4011686450314893
COHFACE_s12_session1_lamp,0,389,12.966666666666667,-0.19394381302873515,-0.47931392454038363
COHFACE_s12_session1_lamp,0,390,13.0,-0.23708874884299136,-0.5828973821560808
COHFACE_s12_session1_lamp,0,391,13.033333333333333,-0.2931520318121823,-0.712571757628266
COHFACE_s12_session1_lamp,0,392,13.066666666666666,-0.36673944637888073,-0.8362926967043173
COHFACE_s12_session1_lamp,0,393,13.1,-0.4583371109867498,-0.8893043830268125
COHFACE_s12_session1_lamp,0,394,13.133333333333333,-0.5638862320194244,-0.8702253654455068
COHFACE_s12_session1_lamp,0,395,13.166666666666666,-0.6752177522018974,-0.8407295370513168
COHFACE_s12_session1_lamp,0,396,13.2,-0.7813378334584321,-0.8278750494333139
COHFACE_s12_session1_lamp,0,397,13.233333333333333,-0.8691199982293512,-0.8235862805373646
COHFACE_s12_session1_lamp,0,398,13.266666666666667,-0.9221718122231086,-0.793165935452857
COHFACE_s12_session1_lamp,0,399,13.3,-0.9185126412512706,-0.6763999506344514
COHFACE_s12_session1_lamp,0,400,13.333333333333334,-0.8298377853239798,-0.4622300730984709
COHFACE_s12_session1_lamp,0,401,13.366666666666667,-0.6252457853598138,-0.18999930930414524
COHFACE_s12_session1_lamp,0,402,13.4,-0.2887303464669601,0.12896674677858075
COHFACE_s12_session1_lamp,0,403,13.433333333333334,0.14013065516056836,0.5096421149277203
COHFACE_s12_session1_lamp,0,404,13.466666666666667,0.5535119343751553,0.9187847136758615
COHFACE_s12_session1_lamp,0,405,13.5,0.8465176446512384,1.2730835874602753
COHFACE_s12_session1_lamp,0,406,13.533333333333333,0.9938800349307826,1.5139198311807256
COHFACE_s12_session1_lamp,0,407,13.566666666666666,1.0358732812540956,1.6064575625866262
COHFACE_s12_session1_lamp,0,408,13.6,1.0152865746806885,1.5515259814361881
COHFACE_s12_session1_lamp,0,409,13.633333333333333,0.947896439787869,1.3849066359681588
COHFACE_s12_session1_lamp,0,410,13.666666666666666,0.8403703748649647,1.1483765614092527
COHFACE_s12_session1_lamp,0,411,13.7,0.7131523280265424,0.8897103800796592
COHFACE_s12_session1_lamp,0,412,13.733333333333333,0.5897568301729085,0.6394561258639809
COHFACE_s12_session1_lamp,0,413,13.766666666666667,0.47467278049482603,0.41195593457022806
COHFACE_s12_session1_lamp,0,414,13.8,0.359170591430243,0.20242816162823207
COHFACE_s12_session1_lamp,0,415,13.833333333333334,0.24007068312276145,-0.011189769358881066
COHFACE_s12_session1_lamp,0,416,13.866666666666667,0.12422848514483706,-0.23313079891571703
COHFACE_s12_session1_lamp,0,417,13.9,0.022478579336667887,-0.44805514555069675
COHFACE_s12_session1_lamp,0,418,13.933333333333334,-0.05793207615910946,-0.6494488405736737
COHFACE_s12_session1_lamp,0,419,13.966666666666667,-0.11759013727260464,-0.8381794643393112
COHFACE_s12_session1_lamp,0,420,14.0,-0.1630268911286764,-0.9977137217337131
COHFACE_s12_session1_lamp,0,421,14.033333333333333,-0.2031759758646462,-1.0931615985219918
COHFACE_s12_session1_lamp,0,422,14.066666666666666,-0.2471380531111412,-1.1061956526993277
COHFACE_s12_session1_lamp,0,423,14.1,-0.3026637707963048,-1.0348381889503633
COHFACE_s12_session1_lamp,0,424,14.133333333333333,-0.3751894529610028,-0.9064271830062813
COHFACE_s12_session1_lamp,0,425,14.166666666666666,-0.466673490281227,-0.7773128903268464
COHFACE_s12_session1_lamp,0,426,14.2,-0.5751272056413053,-0.668459288226434
COHFACE_s12_session1_lamp,0,427,14.233333333333333,-0.6949601320183203,-0.5657700300698855
COHFACE_s12_session1_lamp,0,428,14.266666666666667,-0.8166517158451316,-0.45329341119035854
COHFACE_s12_session1_lamp,0,429,14.3,-0.9265044060349424,-0.31445174287645505
COHFACE_s12_session1_lamp,0,430,14.333333333333334,-1.0076690163651647,-0.16144359167440503
COHFACE_s12_session1_lamp,0,431,14.366666666666667,-1.0403208392361882,-0.03594396957412725
COHFACE_s12_session1_lamp,0,432,14.4,-0.9993220393807354,0.0629548556603616
COHFACE_s12_session1_lamp,0,433,14.433333333333334,-0.8530372079898325,0.17774782163957792
COHFACE_s12_session1_lamp,0,434,14.466666666666667,-0.5710400688998507,0.3235765302333698
COHFACE_s12_session1_lamp,0,435,14.5,-0.15555584981856022,0.4868976937342612
COHFACE_s12_session1_lamp,0,436,14.533333333333333,0.31817812766468856,0.6353531522467757
COHFACE_s12_session1_lamp,0,437,14.566666666666666,0.7264613271777768,0.7174668732782232
COHFACE_s12_session1_lamp,0,438,14.6,0.9902587661634232,0.7266617272297736
COHFACE_s12_session1_lamp,0,439,14.633333333333333,1.1183384211495153,0.7008126817353284
COHFACE_s12_session1_lamp,0,440,14.666666666666666,1.157763646435948,0.6790358164721134
COHFACE_s12_session1_lamp,0,441,14.7,1.136156916636026,0.7007224415772372
COHFACE_s12_session1_lamp,0,442,14.733333333333333,1.0551155503462788,0.751197116471347
COHFACE_s12_session1_lamp,0,443,14.766666666666667,0.9215746889144671,0.7619878182250235
COHFACE_s12_session1_lamp,0,444,14.8,0.765071257533226,0.7044203894054282
COHFACE_s12_session1_lamp,0,445,14.833333333333334,0.6142245543275002,0.5903965819401124
COHFACE_s12_session1_lamp,0,446,14.866666666666667,0.47449633187683604,0.4439694968478769
COHFACE_s12_session1_lamp,0,447,14.9,0.3389217904165553,0.3015192044162571
COHFACE_s12_session1_lamp,0,448,14.933333333333334,0.20589375954005912,0.15919001628673896
COHFACE_s12_session1_lamp,0,449,14.966666666666667,0.08160878765600334,-0.025911550182703372
COHFACE_s12_session1_lamp,0,450,15.0,-0.02589692320100831,-0.25317671973281447
COHFACE_s12_session1_lamp,0,451,15.033333333333333,-0.11169069599707405,-0.4771146221798483
COHFACE_s12_session1_lamp,0,452,15.066666666666666,-0.17624952686832326,-0.6518331377830259
COHFACE_s12_session1_lamp,0,453,15.1,-0.2249969402650985,-0.7306910453309687
COHFACE_s12_session1_lamp,0,454,15.133333333333333,-0.2655883141422354,-0.7357459016202416
COHFACE_s12_session1_lamp,0,455,15.166666666666666,-0.3061430637563405,-0.7565038549201663
COHFACE_s12_session1_lamp,0,456,15.2,-0.35460210737418113,-0.8213668111628947
COHFACE_s12_session1_lamp,0,457,15.233333333333333,-0.41726832642261813,-0.8966390863574519
COHFACE_s12_session1_lamp,0,458,15.266666666666667,-0.49734394284065675,-0.9355430298562283
COHFACE_s12_session1_lamp,0,459,15.3,-0.5938098834409786,-0.8790283170199921
COHFACE_s12_session1_lamp,0,460,15.333333333333334,-0.7011689676291472,-0.7354185398326887
COHFACE_s12_session1_lamp,0,461,15.366666666666667,-0.8099057420915883,-0.5806048314314316
COHFACE_s12_session1_lamp,0,462,15.4,-0.9073283961552912,-0.43175072494720595
COHFACE_s12_session1_lamp,0,463,15.433333333333334,-0.9783485812875053,-0.2479585568448619
COHFACE_s12_session1_lamp,0,464,15.466666666666667,-1.0040420578388327,-0.01599889768562964
COHFACE_s12_session1_lamp,0,465,15.5,-0.9594076793477688,0.24792449619065687
COHFACE_s12_session1_lamp,0,466,15.533333333333333,-0.8133211122979055,0.5002854564186752
COHFACE_s12_session1_lamp,0,467,15.566666666666666,-0.5350951160973256,0.6695258442501271
COHFACE_s12_session1_lamp,0,468,15.6,-0.12539721798311607,0.7370083651595787
COHFACE_s12_session1_lamp,0,469,15.633333333333333,0.3410952389887922,0.7362733023587396
COHFACE_s12_session1_lamp,0,470,15.666666666666666,0.7403439341714538,0.6989187707425448
COHFACE_s12_session1_lamp,0,471,15.7,0.9938411312145193,0.6536421283179256
COHFACE_s12_session1_lamp,0,472,15.733333333333333,1.1103062971173432,0.6087808171508602
COHFACE_s12_session1_lamp,0,473,15.766666666666667,1.1359399064705527,0.5523635705063397
COHFACE_s12_session1_lamp,0,474,15.8,1.0998511996749822,0.47846669812816184
COHFACE_s12_session1_lamp,0,475,15.833333333333334,1.0080682050272074,0.3877798781552942
COHFACE_s12_session1_lamp,0,476,15.866666666666667,0.8709090286688739,0.29015966468012694
COHFACE_s12_session1_lamp,0,477,15.9,0.7172498236114163,0.20501025853565216
COHFACE_s12_session1_lamp,0,478,15.933333333333334,0.5722606769813882,0.13418550338691457
COHFACE_s12_session1_lamp,0,479,15.966666666666667,0.43794381599769455,0.06258196473652194
COHFACE_s12_session1_lamp,0,480,16.0,0.3059579166212459,0.0020863789189771303
COHFACE_s12_session1_lamp,0,481,16.033333333333335,0.17586910069184086,-0.008200377585032517
COHFACE_s12_session1_lamp,0,482,16.066666666666666,0.055881089456203986,0.023596832772412854
COHFACE_s12_session1_lamp,0,483,16.1,-0.04554031474532953,0.04249978385728147
COHFACE_s12_session1_lamp,0,484,16.133333333333333,-0.12494988780849046,0.03380702629120505
COHFACE_s12_session1_lamp,0,485,16.166666666666668,-0.18414191796667964,0.02345141357462001
COHFACE_s12_session1_lamp,0,486,16.2,-0.22831395704196805,0.010827004202063867
COHFACE_s12_session1_lamp,0,487,16.233333333333334,-0.26454281343901903,-0.03105173175492197
COHFACE_s12_session1_lamp,0,488,16.266666666666666,-0.30052711039353447,-0.11264667047182245
COHFACE_s12_session1_lamp,0,489,16.3,-0.3432796400548246,-0.22723569877130784
COHFACE_s12_session1_lamp,0,490,16.333333333333332,-0.3985108928809814,-0.37376734959343944
COHFACE_s12_session1_lamp,0,491,16.366666666666667,-0.4694118051135803,-0.5560261871966411
COHFACE_s12_session1_lamp,0,492,16.4,-0.5549207034791861,-0.745431613241323
COHFACE_s12_session1_lamp,0,493,16.433333333333334,-0.6497845509198223,-0.8805316618705281
COHFACE_s12_session1_lamp,0,494,16.466666666666665,-0.745136744345649,-0.9522534068496905
COHFACE_s12_session1_lamp,0,495,16.5,-0.8291158546659542,-1.0031958873799927
COHFACE_s12_session1_lamp,0,496,16.533333333333335,-0.8872957330813533,-0.9936140520140879
COHFACE_s12_session1_lamp,0,497,16.566666666666666,-0.9009740053353962,-0.8022211332985429
COHFACE_s12_session1_lamp,0,498,16.6,-0.8454971599362056,-0.42908872369924256
COHFACE_s12_session1_lamp,0,499,16.633333333333333,-0.6914601918212018,0.0029428044972327483
COHFACE_s12_session1_lamp,0,500,16.666666666666668,-0.41269640197217583,0.39908337301805574
COHFACE_s12_session1_lamp,0,501,16.7,-0.01784299977502105,0.6921757628697167
COHFACE_s12_session1_lamp,0,502,16.733333333333334,0.41195170493174077,0.8650359728183444
COHFACE_s12_session1_lamp,0,503,16.766666666666666,0.7564559490222463,0.9487931100646956
COHFACE_s12_session1_lamp,0,504,16.8,0.9496657222920734,0.9660228815993775
COHFACE_s12_session1_lamp,0,505,16.833333333333332,1.0111455682257808,0.9294480448937132
COHFACE_s12_session1_lamp,0,506,16.866666666666667,0.992511650109138,0.8518815874543162
COHFACE_s12_session1_lamp,0,507,16.9,0.9268243210762654,0.7460829278504906
COHFACE_s12_session1_lamp,0,508,16.933333333333334,0.8271290054395465,0.6124420087045919
COHFACE_s12_session1_lamp,0,509,16.966666666666665,0.709752680147988,0.4397041421015501
COHFACE_s12_session1_lamp,0,510,17.0,0.5963848156342976,0.2382700983663381
COHFACE_s12_session1_lamp,0,511,17.033333333333335,0.4931891404624511,0.04112536088203518
COHFACE_s12_session1_lamp,0,512,17.066666666666666,0.3890954444336718,-0.13514510844373517
COHFACE_s12_session1_lamp,0,513,17.1,0.2760491705078053,-0.28942245151692914
COHFACE_s12_session1_lamp,0,514,17.133333333333333,0.15916646241645385,-0.42949456994024393
COHFACE_s12_session1_lamp,0,515,17.166666666666668,0.05058270745686125,-0.5707247178897288
COHFACE_s12_session1_lamp,0,516,17.2,-0.039340462674178844,-0.7047401654764831
COHFACE_s12_session1_lamp,0,517,17.233333333333334,-0.10698175461192518,-0.7986642170531417
COHFACE_s12_session1_lamp,0,518,17.266666666666666,-0.156565709845693,-0.825813618431537
COHFACE_s12_session1_lamp,0,519,17.3,-0.19653242636449614,-0.7658061172902901
COHFACE_s12_session1_lamp,0,520,17.333333333333332,-0.23534770176049785,-0.6222085157948936
COHFACE_s12_session1_lamp,0,521,17.366666666666667,-0.2808931828097353,-0.4228867336165425
COHFACE_s12_session1_lamp,0,522,17.4,-0.33986930290029177,-0.1954552923813916
COHFACE_s12_session1_lamp,0,523,17.433333333333334,-0.4157572026922014,0.03205733715370254
COHFACE_s12_session1_lamp,0,524,17.466666666666665,-0.5080434261822221,0.22507982222781034
COHFACE_s12_session1_lamp,0,525,17.5,-0.6123190040245647,0.34182484960579984
COHFACE_s12_session1_lamp,0,526,17.533333333333335,-0.7201365869828641,0.37503942649874666
COHFACE_s12_session1_lamp,0,527,17.566666666666666,-0.8195402930307147,0.35133738910567003
COHFACE_s12_session1_lamp,0,528,17.6,-0.8962971224795092,0.2995616069676906
COHFACE_s12_session1_lamp,0,529,17.633333333333333,-0.9333767547817484,0.2500873673281242
COHFACE_s12_session1_lamp,0,530,17.666666666666668,-0.9084290776361755,0.2138112981683622
COHFACE_s12_session1_lamp,0,531,17.7,-0.7930644790033337,0.18216553127203233
COHFACE_s12_session1_lamp,0,532,17.733333333333334,-0.557001312729682,0.14378062377732834
COHFACE_s12_session1_lamp,0,533,17.766666666666666,-0.19005554460973587,0.08502595282678904
COHFACE_s12_session1_lamp,0,534,17.8,0.2540524092821706,0.025698859844392664
COHFACE_s12_session1_lamp,0,535,17.833333333333332,0.6575230323813201,0.018876117596799847
COHFACE_s12_session1_lamp,0,536,17.866666666666667,0.9231938292229136,0.08138604629741387
COHFACE_s12_session1_lamp,0,537,17.9,1.0413494627261062,0.1933892812674896
COHFACE_s12_session1_lamp,0,538,17.933333333333334,1.0592201334284568,0.31102856107165916
COHFACE_s12_session1_lamp,0,539,17.966666666666665,1.0182569867102216,0.3669224479168357
COHFACE_s12_session1_lamp,0,540,18.0,0.9327059711326532,0.35244848321863514
COHFACE_s12_session1_lamp,0,541,18.033333333333335,0.8115735256797645,0.3176392776327285
COHFACE_s12_session1_lamp,0,542,18.066666666666666,0.6782605699415764,0.2939466710180126
COHFACE_s12_session1_lamp,0,543,18.1,0.5542080804600842,0.29364673414320763
COHFACE_s12_session1_lamp,0,544,18.133333333333333,0.4393609367872775,0.2957514167218177
COHFACE_s12_session1_lamp,0,545,18.166666666666668,0.3230472065255841,0.2466871275715891
COHFACE_s12_session1_lamp,0,546,18.2,0.20295760885052694,0.13312172881186998
COHFACE_s12_session1_lamp,0,547,18.233333333333334,0.08783529288358695,-0.017222706654798525
COHFACE_s12_session1_lamp,0,548,18.266666666666666,-0.011126942325944647,-0.15723315316687114
COHFACE_s12_session1_lamp,0,549,18.3,-0.08778307213913406,-0.220609153669076
COHFACE_s12_session1_lamp,0,550,18.333333333333332,-0.1432355581284963,-0.21544926324526648
COHFACE_s12_session1_lamp,0,551,18.366666666666667,-0.18415287894640095,-0.2234943948980763
COHFACE_s12_session1_lamp,0,552,18.4,-0.21975639970887212,-0.2790543694506929
COHFACE_s12_session1_lamp,0,553,18.433333333333334,-0.25930226186073924,-0.36790629857167756
COHFACE_s12_session1_lamp,0,554,18.466666666666665,-0.31017385255983004,-0.4687433215937211
COHFACE_s12_session1_lamp,0,555,18.5,-0.3773934706168369,-0.5531154717435651
COHFACE_s12_session1_lamp,0,556,18.533333333333335,-0.4639033175236524,-0.6155163563398394
COHFACE_s12_session1_lamp,0,557,18.566666666666666,-0.5688828841690535,-0.672924070672386
COHFACE_s12_session1_lamp,0,558,18.6,-0.6863843557507373,-0.715671288427023
COHFACE_s12_session1_lamp,0,559,18.633333333333333,-0.806677531206125,-0.7073237152927107
COHFACE_s12_session1_lamp,0,560,18.666666666666668,-0.9172198451972955,-0.6244124974170873
COHFACE_s12_session1_lamp,0,561,18.7,-1.0017245910043897,-0.45720429696861803
COHFACE_s12_session1_lamp,0,562,18.733333333333334,-1.0394653065348127,-0.24536908653667547
COHFACE_s12_session1_lamp,0,563,18.766666666666666,-1.0051934284244444,-0.07808794029830576
COHFACE_s12_session1_lamp,0,564,18.8,-0.8680128251408437,0.024807356660131688
COHFACE_s12_session1_lamp,0,565,18.833333333333332,-0.5952378041551181,0.1121432424281739
COHFACE_s12_session1_lamp,0,566,18.866666666666667,-0.18127336794173035,0.21954978754760998
COHFACE_s12_session1_lamp,0,567,18.9,0.3054248348591274,0.367742303309451
COHFACE_s12_session1_lamp,0,568,18.933333333333334,0.7358649547501608,0.5434066474155372
COHFACE_s12_session1_lamp,0,569,18.966666666666665,1.0162951445032036,0.6984616839907967
COHFACE_s12_session1_lamp,0,570,19.0,1.1462308587176007,0.804457583893755
COHFACE_s12_session1_lamp,0,571,19.033333333333335,1.176985492608515,0.8522402830634737
COHFACE_s12_session1_lamp,0,572,19.066666666666666,1.147803552156277,0.841917580696052
COHFACE_s12_session1_lamp,0,573,19.1,1.066793349837163,0.7824904100982204
COHFACE_s12_session1_lamp,0,574,19.133333333333333,0.9366062454124302,0.6815935870579022
COHFACE_s12_session1_lamp,0,575,19.166666666666668,0.7809030188515284,0.5457017549201586
COHFACE_s12_session1_lamp,0,576,19.2,0.6301808211132965,0.3973627144743405
COHFACE_s12_session1_lamp,0,577,19.233333333333334,0.49322249740859136,0.27554388230769666
COHFACE_s12_session1_lamp,0,578,19.266666666666666,0.3608339621114978,0.19017522502358764
COHFACE_s12_session1_lamp,0,579,19.3,0.22785847253584338,0.12277614799352535
COHFACE_s12_session1_lamp,0,580,19.333333333333332,0.10021144347701298,0.056342678551535935
COHFACE_s12_session1_lamp,0,581,19.366666666666667,-0.011973715453130848,-0.0236290555044565
COHFACE_s12_session1_lamp,0,582,19.4,-0.10183318433152255,-0.12722079932010633
COHFACE_s12_session1_lamp,0,583,19.433333333333334,-0.16934559316525316,-0.259176254558292
COHFACE_s12_session1_lamp,0,584,19.466666666666665,-0.22016766442426464,-0.42258418278951243
COHFACE_s12_session1_lamp,0,585,19.5,-0.26236549249818797,-0.6177989796890808
COHFACE_s12_session1_lamp,0,586,19.533333333333335,-0.3041417270839061,-0.7879040826667054
COHFACE_s12_session1_lamp,0,587,19.566666666666666,-0.35287249176209756,-0.8189236948294689
COHFACE_s12_session1_lamp,0,588,19.6,-0.4150806849693224,-0.7222208960598497
COHFACE_s12_session1_lamp,0,589,19.633333333333333,-0.4952526737170512,-0.6339409328269886
COHFACE_s12_session1_lamp,0,590,19.666666666666668,-0.59302810232042,-0.6207117881281363
COHFACE_s12_session1_lamp,0,591,19.7,-0.7024655302533358,-0.6783758095839443
COHFACE_s12_session1_lamp,0,592,19.733333333333334,-0.8141930600016933,-0.7651811151392366
COHFACE_s12_session1_lamp,0,593,19.766666666666666,-0.9164960311351477,-0.8026152880425099
COHFACE_s12_session1_lamp,0,594,19.8,-0.9943135483159277,-0.7408806740720014
COHFACE_s12_session1_lamp,0,595,19.833333333333332,-1.0286042128800268,-0.5601263077312272
COHFACE_s12_session1_lamp,0,596,19.866666666666667,-0.9951172429636199,-0.2906236218410709
COHFACE_s12_session1_lamp,0,597,19.9,-0.8633928287716124,-0.013268774366505351
COHFACE_s12_session1_lamp,0,598,19.933333333333334,-0.6008539245685052,0.2324280426407263
COHFACE_s12_session1_lamp,0,599,19.966666666666665,-0.1962580565410621,0.44741105641319
COHFACE_s12_session1_lamp,0,600,20.0,0.2926597274388814,0.6490651299973001
COHFACE_s12_session1_lamp,0,601,20.033333333333335,0.7369401181115737,0.8691006625398414
COHFACE_s12_session1_lamp,0,602,20.066666666666666,1.0268110633122716,1.084405182991231
COHFACE_s12_session1_lamp,0,603,20.1,1.1480255074127603,1.2160785119422592
COHFACE_s12_session1_lamp,0,604,20.133333333333333,1.1545824481781541,1.2313058824858563
COHFACE_s12_session1_lamp,0,605,20.166666666666668,1.0996143157227358,1.1433341261931986
COHFACE_s12_session1_lamp,0,606,20.2,1.0045604650108753,0.9841024664771552
COHFACE_s12_session1_lamp,0,607,20.233333333333334,0.8770299145700323,0.8039597101582875
COHFACE_s12_session1_lamp,0,608,20.266666666666666,0.7353666037967286,0.6307333969464769
COHFACE_s12_session1_lamp,0,609,20.3,0.5996330134579893,0.4702577592338709
COHFACE_s12_session1_lamp,0,610,20.333333333333332,0.4721218332656159,0.31521709633375805
COHFACE_s12_session1_lamp,0,611,20.366666666666667,0.3436132476261976,0.1465715459336558
COHFACE_s12_session1_lamp,0,612,20.4,0.21052601684709296,-0.03433590823817782
COHFACE_s12_session1_lamp,0,613,20.433333333333334,0.07997168668028924,-0.20452769876228763
COHFACE_s12_session1_lamp,0,614,20.466666666666665,-0.036150096234860624,-0.3473886866286022
COHFACE_s12_session1_lamp,0,615,20.5,-0.12927596823605214,-0.4518381246997137
COHFACE_s12_session1_lamp,0,616,20.533333333333335,-0.19831069369155196,-0.5343395987880288
COHFACE_s12_session1_lamp,0,617,20.566666666666666,-0.24824974018921048,-0.6375981080678226
COHFACE_s12_session1_lamp,0,618,20.6,-0.28698750507022763,-0.7714451567327232
COHFACE_s12_session1_lamp,0,619,20.633333333333333,-0.3235037432232034,-0.91175343849934
COHFACE_s12_session1_lamp,0,620,20.666666666666668,-0.36624510448999353,-1.0306546119166953
COHFACE_s12_session1_lamp,0,621,20.7,-0.42168936442765526,-1.0963009107827293
COHFACE_s12_session1_lamp,0,622,20.733333333333334,-0.4935209587648628,-1.1063965600876646
COHFACE_s12_session1_lamp,0,623,20.766666666666666,-0.5814704787376594,-1.0877883308812446
COHFACE_s12_session1_lamp,0,624,20.8,-0.6806676869106941,-1.007771988671873
COHFACE_s12_session1_lamp,0,625,20.833333333333332,-0.7816405097178055,-0.775192657160048
COHFACE_s12_session1_lamp,0,626,20.866666666666667,-0.8707890820610436,-0.3837627708605877
COHFACE_s12_session1_lamp,0,627,20.9,-0.9306276345391566,0.08604071911038075
COHFACE_s12_session1_lamp,0,628,20.933333333333334,-0.9390850401462993,0.5316831474058926
COHFACE_s12_session1_lamp,0,629,20.966666666666665,-0.8699770010168676,0.8280943928395763
COHFACE_s12_session1_lamp,0,630,21.0,-0.6935863954395698,0.9452404022208176
COHFACE_s12_session1_lamp,0,631,21.033333333333335,-0.3826730926522455,0.946794152294822
COHFACE_s12_session1_lamp,0,632,21.066666666666666,0.052053152979957974,0.8760646506506112
COHFACE_s12_session1_lamp,0,633,21.1,0.519241512485037,0.754672810389337
COHFACE_s12_session1_lamp,0,634,21.133333333333333,0.8846336322193994,0.5860407916792727
COHFACE_s12_session1_lamp,0,635,21.166666666666668,1.0744394471171743,0.35611083923449793
COHFACE_s12_session1_lamp,0,636,21.2,1.1121015034006825,0.09820590193601132
COHFACE_s12_session1_lamp,0,637,21.233333333333334,1.0613562701843509,-0.10631748310811862
COHFACE_s12_session1_lamp,0,638,21.266666666666666,0.9667685588083476,-0.20676747137772977
COHFACE_s12_session1_lamp,0,639,21.3,0.8460837735981623,-0.18312676360647412
COHFACE_s12_session1_lamp,0,640,21.333333333333332,0.7151407839980418,-0.041136139221483264
COHFACE_s12_session1_lamp,0,641,21.366666666666667,0.594433298602607,0.1877063618355067
COHFACE_s12_session1_lamp,0,642,21.4,0.4890725737035356,0.4361050287839697
COHFACE_s12_session1_lamp,0,643,21.433333333333334,0.3859820829262922,0.6012889289732346
COHFACE_s12_session1_lamp,0,644,21.466666666666665,0.2745383923648251,0.6493645237147406
COHFACE_s12_session1_lamp,0,645,21.5,0.1576085347954705,0.6151483619623231
COHFACE_s12_session1_lamp,0,646,21.533333333333335,0.04637901260618628,0.5164821190793757
COHFACE_s12_session1_lamp,0,647,21.566666666666666,-0.04780404549269242,0.3540163339572495
COHFACE_s12_session1_lamp,0,648,21.6,-0.11932196456262126,0.14733540609408557
COHFACE_s12_session1_lamp,0,649,21.633333333333333,-0.17051834134024488,-0.06438261133552395
COHFACE_s12_session1_lamp,0,650,21.666666666666668,-0.2096243375156775,-0.24802065822154815
COHFACE_s12_session1_lamp,0,651,21.7,-0.2467681350886981,-0.3758994859993466
COHFACE_s12_session1_lamp,0,652,21.733333333333334,-0.29108900438054824,-0.4581395697595101
COHFACE_s12_session1_lamp,0,653,21.766666666666666,-0.3501497921077405,-0.541400709063715
COHFACE_s12_session1_lamp,0,654,21.8,-0.42978648074814785,-0.6396366261111073
COHFACE_s12_session1_lamp,0,655,21.833333333333332,-0.5321053646740378,-0.7330590930158539
COHFACE_s12_session1_lamp,0,656,21.866666666666667,-0.6533204828202235,-0.7929056231229629
COHFACE_s12_session1_lamp,0,657,21.9,-0.7844082826633204,-0.7815823771484447
COHFACE_s12_session1_lamp,0,658,21.933333333333334,-0.9129217109105211,-0.7054297947230679
COHFACE_s12_session1_lamp,0,659,21.966666666666665,-1.022827380559036,-0.6146286042277018
COHFACE_s12_session1_lamp,0,660,22.0,-1.0935162711632642,-0.5239098536543061
COHFACE_s12_session1_lamp,0,661,22.033333333333335,-1.0996412870557641,-0.41281185536247617
COHFACE_s12_session1_lamp,0,662,22.066666666666666,-1.0107150439428798,-0.2725418632795309
COHFACE_s12_session1_lamp,0,663,22.1,-0.7917432483861536,-0.10707532377639736
COHFACE_s12_session1_lamp,0,664,22.133333333333333,-0.4167908380474303,0.058768317742109846
COHFACE_s12_session1_lamp,0,665,22.166666666666668,0.08537777530384556,0.1787925578158892
COHFACE_s12_session1_lamp,0,666,22.2,0.5990184602334643,0.24746405556781406
COHFACE_s12_session1_lamp,0,667,22.233333333333334,0.9876744367968178,0.2991453716049388
COHFACE_s12_session1_lamp,0,668,22.266666666666666,1.1981532154487717,0.35825512201701637
COHFACE_s12_session1_lamp,0,669,22.3,1.2683020218131964,0.43813214281561824
COHFACE_s12_session1_lamp,0,670,22.333333333333332,1.2553072837133408,0.526459320056663
COHFACE_s12_session1_lamp,0,671,22.366666666666667,1.1848647257331921,0.5849966774244884
COHFACE_s12_session1_lamp,0,672,22.4,1.0596929662702588,0.6024352441549934
COHFACE_s12_session1_lamp,0,673,22.433333333333334,0.8945929511930278,0.5942729840876693
COHFACE_s12_session1_lamp,0,674,22.466666666666665,0.7225644517872436,0.5720376629661578
COHFACE_s12_session1_lamp,0,675,22.5,0.5664088366061321,0.5430056236636397
COHFACE_s12_session1_lamp,0,676,22.533333333333335,0.4237221913516248,0.5051672744553787
COHFACE_s12_session1_lamp,0,677,22.566666666666666,0.28371248107963287,0.44750921306009195
COHFACE_s12_session1_lamp,0,678,22.6,0.14565010852692672,0.37361096497813423
COHFACE_s12_session1_lamp,0,679,22.633333333333333,0.018890322479614807,0.3019931797704684
COHFACE_s12_session1_lamp,0,680,22.666666666666668,-0.08656582510416455,0.2381094837000513
COHFACE_s12_session1_lamp,0,681,22.7,-0.1663963502920435,0.17475814447302265
COHFACE_s12_session1_lamp,0,682,22.733333333333334,-0.22268221731735757,0.09664166929363029
COHFACE_s12_session1_lamp,0,683,22.766666666666666,-0.2626422654277184,-0.018672247001197934
COHFACE_s12_session1_lamp,0,684,22.8,-0.29647352381383874,-0.16194476819189008
COHFACE_s12_session1_lamp,0,685,22.833333333333332,-0.33437428918688633,-0.29163686697664737
COHFACE_s12_session1_lamp,0,686,22.866666666666667,-0.3850781568563264,-0.3870087664535583
COHFACE_s12_session1_lamp,0,687,22.9,-0.45505263062529905,-0.4477250799929635
COHFACE_s12_session1_lamp,0,688,22.933333333333334,-0.5469350370149927,-0.4976427679587207
COHFACE_s12_session1_lamp,0,689,22.966666666666665,-0.6582242153344557,-0.5836396231436789
COHFACE_s12_session1_lamp,0,690,23.0,-0.7808082740799407,-0.7039478495673883
COHFACE_s12_session1_lamp,0,691,23.033333333333335,-0.9021162850874305,-0.8075598307686322
COHFACE_s12_session1_lamp,0,692,23.066666666666666,-1.0063167877655714,-0.8491992751925524
COHFACE_s12_session1_lamp,0,693,23.1,-1.0741783771472437,-0.7898780648043505
COHFACE_s12_session1_lamp,0,694,23.133333333333333,-1.0822606458482942,-0.6578932414112904
COHFACE_s12_session1_lamp,0,695,23.166666666666668,-1.0011787150968945,-0.5484560542979772
COHFACE_s12_session1_lamp,0,696,23.2,-0.7962107560029339,-0.47253703523974827
COHFACE_s12_session1_lamp,0,697,23.233333333333334,-0.44004337056488635,-0.3573743061229824
COHFACE_s12_session1_lamp,0,698,23.266666666666666,0.04532150477555322,-0.17239085017003894
COHFACE_s12_session1_lamp,0,699,23.3,0.5525986230497658,0.06904471776515302
COHFACE_s12_session1_lamp,0,700,23.333333333333332,0.9441083719385219,0.3273531116599297
COHFACE_s12_session1_lamp,0,701,23.366666666666667,1.1565175438906936,0.5360941643707684
COHFACE_s12_session1_lamp,0,702,23.4,1.2213320588473886,0.682818695186105
COHFACE_s12_session1_lamp,0,703,23.433333333333334,1.199239020588274,0.807874866599243
COHFACE_s12_session1_lamp,0,704,23.466666666666665,1.123771067816961,0.9108284239646294
COHFACE_s12_session1_lamp,0,705,23.5,1.0013616490977904,0.9495349546283642
COHFACE_s12_session1_lamp,0,706,23.533333333333335,0.8452413286389899,0.9044280843627428
COHFACE_s12_session1_lamp,0,707,23.566666666666666,0.6846387674871677,0.7787799980686816
COHFACE_s12_session1_lamp,0,708,23.6,0.537622195645786,0.5996104391853458
COHFACE_s12_session1_lamp,0,709,23.633333333333333,0.3994199970162127,0.4178036251484005
COHFACE_s12_session1_lamp,0,710,23.666666666666668,0.26071429008651603,0.2632527495731691
COHFACE_s12_session1_lamp,0,711,23.7,0.12253169774890774,0.14531596433733546
COHFACE_s12_session1_lamp,0,712,23.733333333333334,-0.005109469372929137,0.05315523722461335
COHFACE_s12_session1_lamp,0,713,23.766666666666666,-0.1111685635310145,-0.04307706500057597
COHFACE_s12_session1_lamp,0,714,23.8,-0.19022712503740377,-0.1487331710481839
COHFACE_s12_session1_lamp,0,715,23.833333333333332,-0.24464246670621112,-0.24378884522653854
COHFACE_s12_session1_lamp,0,716,23.866666666666667,-0.2822280516227076,-0.320241275835633
COHFACE_s12_session1_lamp,0,717,23.9,-0.3126896247529609,-0.38162087850755605
COHFACE_s12_session1_lamp,0,718,23.933333333333334,-0.34498304316670425,-0.4412511743619678
COHFACE_s12_session1_lamp,0,719,23.966666666666665,-0.38609582942419596,-0.5213945831860534
COHFACE_s12_session1_lamp,0,720,24.0,-0.44113217243194885,-0.6259205059333389
COHFACE_s12_session1_lamp,0,721,24.033333333333335,-0.5120684912550943,-0.7396020118492839
COHFACE_s12_session1_lamp,0,722,24.066666666666666,-0.5958680526946201,-0.8155447488480567
COHFACE_s12_session1_lamp,0,723,24.1,-0.6850995304070958,-0.7757221774998458
COHFACE_s12_session1_lamp,0,724,24.133333333333333,-0.7692100470914144,-0.6277739801185686
COHFACE_s12_session1_lamp,0,725,24.166666666666668,-0.8342274346442297,-0.4650870371693435
COHFACE_s12_session1_lamp,0,726,24.2,-0.8626116389533401,-0.3267874792312392
COHFACE_s12_session1_lamp,0,727,24.233333333333334,-0.8337890601752551,-0.19780907907134243
COHFACE_s12_session1_lamp,0,728,24.266666666666666,-0.7235703150778892,-0.05715431543639579
COHFACE_s12_session1_lamp,0,729,24.3,-0.5048589214170183,0.12053816801072262
COHFACE_s12_session1_lamp,0,730,24.333333333333332,-0.16383823076921786,0.31480365876952776
COHFACE_s12_session1_lamp,0,731,24.366666666666667,0.25747043362369004,0.4586282614202999
COHFACE_s12_session1_lamp,0,732,24.4,0.6471683549884483,0.5369309973736781
COHFACE_s12_session1_lamp,0,733,24.433333333333334,0.8980173908046662,0.5859353461119545
COHFACE_s12_session1_lamp,0,734,24.466666666666665,0.9886953296864827,0.6256215786282295
COHFACE_s12_session1_lamp,0,735,24.5,0.9688027659928795,0.6587819909132452
COHFACE_s12_session1_lamp,0,736,24.533333333333335,0.8922156148926634,0.6755629750819008
COHFACE_s12_session1_lamp,0,737,24.566666666666666,0.7867878943584173,0.6535127410811711
COHFACE_s12_session1_lamp,0,738,24.6,0.6700438154369371,0.5977301531478725
COHFACE_s12_session1_lamp,0,739,24.633333333333333,0.5622397895922016,0.5408991176311896
COHFACE_s12_session1_lamp,0,740,24.666666666666668,0.4714345102036068,0.4941640861217181
COHFACE_s12_session1_lamp,0,741,24.7,0.3855221156118416,0.4472603471875963
COHFACE_s12_session1_lamp,0,742,24.733333333333334,0.2910557841973194,0.3884629284695212
COHFACE_s12_session1_lamp,0,743,24.766666666666666,0.18863684247927967,0.30532128012451204
COHFACE_s12_session1_lamp,0,744,24.8,0.08921713939149487,0.20046215311936097
COHFACE_s12_session1_lamp,0,745,24.833333333333332,0.004306001309750715,0.09218026327005159
COHFACE_s12_session1_lamp,0,746,24.866666666666667,-0.06019115767055862,-0.013726435396577946
COHFACE_s12_session1_lamp,0,747,24.9,-0.10577471681336752,-0.1232765559925556
COHFACE_s12_session1_lamp,0,748,24.933333333333334,-0.13984124615271815,-0.252622165489735
COHFACE_s12_session1_lamp,0,749,24.966666666666665,-0.17205405406262314,-0.42673659885800075
COHFACE_s12_session1_lamp,0,750,25.0,-0.21116852824445764,-0.6283347964570766
COHFACE_s12_session1_lamp,0,751,25.033333333333335,-0.26385728503427364,-0.7970813118189151
COHFACE_s12_session1_lamp,0,752,25.066666666666666,-0.33439778473027276,-0.9158189554971657
COHFACE_s12_session1_lamp,0,753,25.1,-0.4240983184636944,-1.0098398008975236
COHFACE_s12_session1_lamp,0,754,25.133333333333333,-0.5302465500277226,-1.1020714483278975
COHFACE_s12_session1_lamp,0,755,25.166666666666668,-0.645450417214581,-1.211762662603718
COHFACE_s12_session1_lamp,0,756,25.2,-0.7588416952335418,-1.3060349433160152
COHFACE_s12_session1_lamp,0,757,25.233333333333334,-0.8571318140490569,-1.3000988472213746
COHFACE_s12_session1_lamp,0,758,25.266666666666666,-0.924907277216903,-1.1490744753272573
COHFACE_s12_session1_lamp,0,759,25.3,-0.944554935883411,-0.8494131593963861
COHFACE_s12_session1_lamp,0,760,25.333333333333332,-0.8930070786623949,-0.44300362899566026
COHFACE_s12_session1_lamp,0,761,25.366666666666667,-0.739957519633427,-0.018220079717490026
COHFACE_s12_session1_lamp,0,762,25.4,-0.4572374526049473,0.3901686215563691
COHFACE_s12_session1_lamp,0,763,25.433333333333334,-0.05336601129600439,0.7988418938998025
COHFACE_s12_session1_lamp,0,764,25.466666666666665,0.3883614877219711,1.1793735378597858
COHFACE_s12_session1_lamp,0,765,25.5,0.7467385349002725,1.4560161503017919
COHFACE_s12_session1_lamp,0,766,25.533333333333335,0.9574563883097684,1.5908385000442615
COHFACE_s12_session1_lamp,0,767,25.566666666666666,1.0411639223738929,1.5827536878323838
COHFACE_s12_session1_lamp,0,768,25.6,1.0477419615692725,1.4552450166958382
COHFACE_s12_session1_lamp,0,769,25.633333333333333,1.0041083486520983,1.255700260924797
COHFACE_s12_session1_lamp,0,770,25.666666666666668,0.9119785460135234,1.0177581886004412
COHFACE_s12_session1_lamp,0,771,25.7,0.7789016300702147,0.761762794956712
COHFACE_s12_session1_lamp,0,772,25.733333333333334,0.6325004600904268,0.5065907314612754
COHFACE_s12_session1_lamp,0,773,25.766666666666666,0.49748272513560265,0.2709750759959421
COHFACE_s12_session1_lamp,0,774,25.8,0.3768533762903699,0.06824159669721894
COHFACE_s12_session1_lamp,0,775,25.833333333333332,0.263044981113143,-0.0923202520101763
COHFACE_s12_session1_lamp,0,776,25.866666666666667,0.15381605528216707,-0.210967957948734
COHFACE_s12_session1_lamp,0,777,25.9,0.05449822525297901,-0.2962583133322872
COHFACE_s12_session1_lamp,0,778,25.933333333333334,-0.027808678913866375,-0.35891730146939516
COHFACE_s12_session1_lamp,0,779,25.966666666666665,-0.09021451760373901,-0.4108190613094642
COHFACE_s12_session1_lamp,0,780,26.0,-0.13550797685162833,-0.455405642043592
COHFACE_s12_session1_lamp,0,781,26.033333333333335,-0.17053079603430848,-0.48711578026620006
COHFACE_s12_session1_lamp,0,782,26.066666666666666,-0.20407071088158835,-0.5031616723218559
COHFACE_s12_session1_lamp,0,783,26.1,-0.24402106353614106,-0.5032931786696694
COHFACE_s12_session1_lamp,0,784,26.133333333333333,-0.296097680072676,-0.5003580519359107
COHFACE_s12_session1_lamp,0,785,26.166666666666668,-0.3641323934247488,-0.5198616730046276
COHFACE_s12_session1_lamp,0,786,26.2,-0.4496437231078995,-0.5641913154452762
COHFACE_s12_session1_lamp,0,787,26.233333333333334,-0.5506311025529214,-0.61236392692635
COHFACE_s12_session1_lamp,0,788,26.266666666666666,-0.6609338850158364,-0.6486125899215252
COHFACE_s12_session1_lamp,0,789,26.3,-0.7708068483516456,-0.66248023274806
COHFACE_s12_session1_lamp,0,790,26.333333333333332,-0.867169057682126,-0.6512589752707606
COHFACE_s12_session1_lamp,0,791,26.366666666666667,-0.9340518346957416,-0.619981454677758
COHFACE_s12_session1_lamp,0,792,26.4,-0.9522539892722746,-0.5570787875016427
COHFACE_s12_session1_lamp,0,793,26.433333333333334,-0.8969454011338336,-0.4349750017822622
COHFACE_s12_session1_lamp,0,794,26.466666666666665,-0.7380889760754318,-0.24779420426845167
COHFACE_s12_session1_lamp,0,795,26.5,-0.45048119730186725,-0.012459456565811752
COHFACE_s12_session1_lamp,0,796,26.533333333333335,-0.046702171416648744,0.2305884557113522
COHFACE_s12_session1_lamp,0,797,26.566666666666666,0.3895737617840772,0.41680643036092957
COHFACE_s12_session1_lamp,0,798,26.6,0.742171316063633,0.5277778689390962
COHFACE_s12_session1_lamp,0,799,26.633333333333333,0.9517690040886099,0.5903469234667361
COHFACE_s12_session1_lamp,0,800,26.666666666666668,1.0389117673591624,0.6439945722243582
COHFACE_s12_session1_lamp,0,801,26.7,1.049082927633618,0.7392021005823127
COHFACE_s12_session1_lamp,0,802,26.733333333333334,1.006041676025449,0.8706686468496322
COHFACE_s12_session1_lamp,0,803,26.766666666666666,0.9125462269004591,0.9767500324029839
COHFACE_s12_session1_lamp,0,804,26.8,0.7787712966846441,1.0173434224917204
COHFACE_s12_session1_lamp,0,805,26.833333333333332,0.6328016184400547,0.9742745512216806
COHFACE_s12_session1_lamp,0,806,26.866666666666667,0.49676266653855977,0.8525706991405706
COHFACE_s12_session1_lamp,0,807,26.9,0.37140372867909693,0.6806405522412431
COHFACE_s12_session1_lamp,0,808,26.933333333333334,0.24935311252487585,0.4779741746039995
COHFACE_s12_session1_lamp,0,809,26.966666666666665,0.1297664767824825,0.2558495623356176
COHFACE_s12_session1_lamp,0,810,27.0,0.01979912146551488,0.02416849605886799
COHFACE_s12_session1_lamp,0,811,27.033333333333335,-0.07150641389761637,-0.20718878354008025
COHFACE_s12_session1_lamp,0,812,27.066666666666666,-0.14032957310163963,-0.41561518600490055
COHFACE_s12_session1_lamp,0,813,27.1,-0.19023207211753485,-0.5647200204620689
COHFACE_s12_session1_lamp,0,814,27.133333333333333,-0.22889544478021523,-0.6667489863552181
COHFACE_s12_session1_lamp,0,815,27.166666666666668,-0.2644120045723945,-0.7811219600453059
COHFACE_s12_session1_lamp,0,816,27.2,-0.3039982140553278,-0.9216014646929908
COHFACE_s12_session1_lamp,0,817,27.233333333333334,-0.35391925164531723,-1.0550548343248982
COHFACE_s12_session1_lamp,0,818,27.266666666666666,-0.4176438262712267,-1.1473963410274686
COHFACE_s12_session1_lamp,0,819,27.3,-0.4940234696849335,-1.163617182458287
COHFACE_s12_session1_lamp,0,820,27.333333333333332,-0.5785573169118073,-1.0992952123270214
COHFACE_s12_session1_lamp,0,821,27.366666666666667,-0.6645860053529276,-0.9806389333996912
COHFACE_s12_session1_lamp,0,822,27.4,-0.742916573826576,-0.8130815278739477
COHFACE_s12_session1_lamp,0,823,27.433333333333334,-0.8011930028275425,-0.5820331993184303
COHFACE_s12_session1_lamp,0,824,27.466666666666665,-0.8227710045920005,-0.28730542596898473
COHFACE_s12_session1_lamp,0,825,27.5,-0.7860804136788544,0.05515117017897229
COHFACE_s12_session1_lamp,0,826,27.533333333333335,-0.6656282097253136,0.4114376882363925
COHFACE_s12_session1_lamp,0,827,27.566666666666666,-0.43657090863501297,0.7281457309922512
COHFACE_s12_session1_lamp,0,828,27.6,-0.09579207720044619,0.9708665664383689
COHFACE_s12_session1_lamp,0,829,27.633333333333333,0.30042086114778077,1.1228346983564406
COHFACE_s12_session1_lamp,0,830,27.666666666666668,0.643660512270846,1.1784488982170072
COHFACE_s12_session1_lamp,0,831,27.7,0.8531910364292401,1.1422835738013861
COHFACE_s12_session1_lamp,0,832,27.733333333333334,0.9297217406100509,1.0256322535431854
COHFACE_s12_session1_lamp,0,833,27.766666666666666,0.9204657225696816,0.846406119492853
COHFACE_s12_session1_lamp,0,834,27.8,0.8622015002791066,0.6282609934315093
COHFACE_s12_session1_lamp,0,835,27.833333333333332,0.769493084906945,0.40119482810445284
COHFACE_s12_session1_lamp,0,836,27.866666666666667,0.6580420711876555,0.20186081772310652
COHFACE_s12_session1_lamp,0,837,27.9,0.5511786091308961,0.07416294078438251
COHFACE_s12_session1_lamp,0,838,27.933333333333334,0.4584152829374699,0.030591782213445787
COHFACE_s12_session1_lamp,0,839,27.966666666666665,0.3697391109040818,0.05282978019597069
COHFACE_s12_session1_lamp,0,840,28.0,0.27472423195607815,0.1061891828328021
COHFACE_s12_session1_lamp,0,841,28.033333333333335,0.17462380953840756,0.14052098223735443
COHFACE_s12_session1_lamp,0,842,28.066666666666666,0.07920528717860681,0.13798558815487516
COHFACE_s12_session1_lamp,0,843,28.1,-0.0007878271114790808,0.11340032998618187
COHFACE_s12_session1_lamp,0,844,28.133333333333333,-0.06069510691537028,0.06324990849265409
COHFACE_s12_session1_lamp,0,845,28.166666666666668,-0.10508559558070868,-0.033955135332820754
COHFACE_s12_session1_lamp,0,846,28.2,-0.1438342483151152,-0.1793014093634568
COHFACE_s12_session1_lamp,0,847,28.233333333333334,-0.18615811154909026,-0.3526717054109376
COHFACE_s12_session1_lamp,0,848,28.266666666666666,-0.23941168038182364,-0.5385245196955883
COHFACE_s12_session1_lamp,0,849,28.3,-0.30927071353185465,-0.7250432150636547
COHFACE_s12_session1_lamp,0,850,28.333333333333332,-0.3978371212229668,-0.8956301441486504
COHFACE_s12_session1_lamp,0,851,28.366666666666667,-0.5033215801386617,-1.0280164984437568
COHFACE_s12_session1_lamp,0,852,28.4,-0.6207515354995368,-1.116367362327546
COHFACE_s12_session1_lamp,0,853,28.433333333333334,-0.7413531021500022,-1.1704988093843416
COHFACE_s12_session1_lamp,0,854,28.466666666666665,-0.8531196179543128,-1.184446759811373
COHFACE_s12_session1_lamp,0,855,28.5,-0.9419944445465969,-1.1362788536952468
COHFACE_s12_session1_lamp,0,856,28.533333333333335,-0.990891262449444,-0.9662579960161221
COHFACE_s12_session1_lamp,0,857,28.566666666666666,-0.977262050822049,-0.5789624536661323
COHFACE_s12_session1_lamp,0,858,28.6,-0.8709596900647335,-0.030224775337620437
COHFACE_s12_session1_lamp,0,859,28.633333333333333,-0.6385821032197861,0.4716303355844323
COHFACE_s12_session1_lamp,0,860,28.666666666666668,-0.2688665493850328,0.8345021068433578
COHFACE_s12_session1_lamp,0,861,28.7,0.1836526632086554,1.081494704140542
COHFACE_s12_session1_lamp,0,862,28.733333333333334,0.6024995554808292,1.2258111303364538
COHFACE_s12_session1_lamp,0,863,28.766666666666666,0.8938213499873121,1.2685345243474448
COHFACE_s12_session1_lamp,0,864,28.8,1.0475757190859958,1.2162029081760717
COHFACE_s12_session1_lamp,0,865,28.833333333333332,1.1042172314218264,1.0802648799138048
COHFACE_s12_session1_lamp,0,866,28.866666666666667,1.0959928629571245,0.8819566999263644
COHFACE_s12_session1_lamp,0,867,28.9,1.030321258155606,0.6526405761155809
COHFACE_s12_session1_lamp,0,868,28.933333333333334,0.9125496593703434,0.41993088429208875
COHFACE_s12_session1_lamp,0,869,28.966666666666665,0.7676174549992298,0.2085457619757862
COHFACE_s12_session1_lamp,0,870,29.0,0.6253339898101489,0.034245459786169975
COHFACE_s12_session1_lamp,0,871,29.033333333333335,0.49440400459069594,-0.09507745076930599
COHFACE_s12_session1_lamp,0,872,29.066666666666666,0.3672965788989349,-0.17357550630046814
COHFACE_s12_session1_lamp,0,873,29.1,0.24029488124193,-0.19663846069940438
COHFACE_s12_session1_lamp,0,874,29.133333333333333,0.11931130671028564,-0.1758917635579111
COHFACE_s12_session1_lamp,0,875,29.166666666666668,0.013951666612741762,-0.1386336531038299
COHFACE_s12_session1_lamp,0,876,29.2,-0.0693645610175276,-0.10151000866766423
COHFACE_s12_session1_lamp,0,877,29.233333333333334,-0.1311167326276511,-0.07023341611011441
COHFACE_s12_session1_lamp,0,878,29.266666666666666,-0.17846351884127465,-0.0503630494924564
COHFACE_s12_session1_lamp,0,879,29.3,-0.22115935938193668,-0.04730169901217207
COHFACE_s12_session1_lamp,0,880,29.333333333333332,-0.2672202876613199,-0.07077697016662163
COHFACE_s12_session1_lamp,0,881,29.366666666666667,-0.32272439979580675,-0.13452392243728617
COHFACE_s12_session1_lamp,0,882,29.4,-0.3928912638449193,-0.2383084805354328
COHFACE_s12_session1_lamp,0,883,29.433333333333334,-0.4803836551795032,-0.36743190215189786
COHFACE_s12_session1_lamp,0,884,29.466666666666665,-0.5831218781677696,-0.4960487504787783
COHFACE_s12_session1_lamp,0,885,29.5,-0.6954426275911709,-0.5869589286956307
COHFACE_s12_session1_lamp,0,886,29.533333333333335,-0.8098472200285532,-0.6425879330059239
COHFACE_s12_session1_lamp,0,887,29.566666666666666,-0.9155463156201183,-0.7042595478834999
COHFACE_s12_session1_lamp,0,888,29.6,-0.9971582966677431,-0.7613269396546515
COHFACE_s12_session1_lamp,0,889,29.633333333333333,-1.034888444247529,-0.751053500451532
COHFACE_s12_session1_lamp,0,890,29.666666666666668,-1.0029922468410524,-0.6449390208217592
COHFACE_s12_session1_lamp,0,891,29.7,-0.8685805937972694,-0.44965022906784075
COHFACE_s12_session1_lamp,0,892,29.733333333333334,-0.5988766920697305,-0.20186985024055132
COHFACE_s12_session1_lamp,0,893,29.766666666666666,-0.19157587588669317,0.03131032060790062
COHFACE_s12_session1_lamp,0,894,29.8,0.2830795287401897,0.21992513622365542
COHFACE_s12_session1_lamp,0,895,29.833333333333332,0.701426137218198,0.370271027931066
COHFACE_s12_session1_lamp,0,896,29.866666666666667,0.9791786477090052,0.49136836475481516
COHFACE_s12_session1_lamp,0,897,29.9,1.1190750349730676,0.5935688028001276
COHFACE_s12_session1_lamp,0,898,29.933333333333334,1.1634917150692128,0.686250748211889
COHFACE_s12_session1_lamp,0,899,29.966666666666665,1.1391336984574902,0.7767721710266148
COHFACE_s12_session1_lamp,0,900,30.0,1.0520788107772137,0.8505226485437517
COHFACE_s12_session1_lamp,0,901,30.033333333333335,0.9137294700789691,0.8706687107605154
COHFACE_s12_session1_lamp,0,902,30.066666666666666,0.7539281660781119,0.8273921844673546
COHFACE_s12_session1_lamp,0,903,30.1,0.6001753084949152,0.7380232931058432
COHFACE_s12_session1_lamp,0,904,30.133333333333333,0.45692541021787136,0.6201070982306294
COHFACE_s12_session1_lamp,0,905,30.166666666666668,0.3164995075601974,0.4915545541173462
COHFACE_s12_session1_lamp,0,906,30.2,0.1781549676340374,0.35813047633767564
COHFACE_s12_session1_lamp,0,907,30.233333333333334,0.05016844676190363,0.21424245812674791
COHFACE_s12_session1_lamp,0,908,30.266666666666666,-0.057988710893276896,0.06136706283342003
COHFACE_s12_session1_lamp,0,909,30.3,-0.14160784530528014,-0.09091711967991259
COHFACE_s12_session1_lamp,0,910,30.333333333333332,-0.20234309812433648,-0.24964449750331785
COHFACE_s12_session1_lamp,0,911,30.366666666666667,-0.2462701575912356,-0.4371225419680794
COHFACE_s12_session1_lamp,0,912,30.4,-0.28119287296871964,-0.6490324515497272
COHFACE_s12_session1_lamp,0,913,30.433333333333334,-0.31564351059570417,-0.8531723385798584
COHFACE_s12_session1_lamp,0,914,30.466666666666665,-0.3576356313926743,-1.0035236895272917
COHFACE_s12_session1_lamp,0,915,30.5,-0.4128684665685867,-1.0400931701083804
COHFACE_s12_session1_lamp,0,916,30.533333333333335,-0.4840580804043793,-0.9773644295895058
COHFACE_s12_session1_lamp,0,917,30.566666666666666,-0.5700979650946418,-0.9036200722261272
COHFACE_s12_session1_lamp,0,918,30.6,-0.6647096681914516,-0.8430459531978877
COHFACE_s12_session1_lamp,0,919,30.633333333333333,-0.757319447821057,-0.7555883088687265
COHFACE_s12_session1_lamp,0,920,30.666666666666668,-0.8353674779937728,-0.6160453607034526
COHFACE_s12_session1_lamp,0,921,30.7,-0.8839914352381231,-0.41546704043047594
COHFACE_s12_session1_lamp,0,922,30.733333333333334,-0.8834588980391791,-0.16778347862775594
COHFACE_s12_session1_lamp,0,923,30.766666666666666,-0.8080857506521572,0.089097311858019
COHFACE_s12_session1_lamp,0,924,30.8,-0.628379351963511,0.333410827723779
COHFACE_s12_session1_lamp,0,925,30.833333333333332,-0.3223517436809052,0.5582557335686535
COHFACE_s12_session1_lamp,0,926,30.866666666666667,0.08781193901264775,0.7556488212138929
COHFACE_s12_session1_lamp,0,927,30.9,0.5065429959591737,0.9150831152833344
COHFACE_s12_session1_lamp,0,928,30.933333333333334,0.8174172438423727,1.0223019053189868
COHFACE_s12_session1_lamp,0,929,30.966666666666665,0.973253846357043,1.0585220528474397
COHFACE_s12_session1_lamp,0,930,31.0,1.0060998517884037,1.022838052263808
COHFACE_s12_session1_lamp,0,931,31.033333333333335,0.9667386742378876,0.9319664120070237
COHFACE_s12_session1_lamp,0,932,31.066666666666666,0.8830801423005046,0.8034085002463738
COHFACE_s12_session1_lamp,0,933,31.1,0.7693121568836856,0.6556010659726975
COHFACE_s12_session1_lamp,0,934,31.133333333333333,0.6477475251846274,0.49423809966032217
COHFACE_s12_session1_lamp,0,935,31.166666666666668,0.5389345857097737,0.31319360580517774
COHFACE_s12_session1_lamp,0,936,31.2,0.44121242500564456,0.11636299991365652
COHFACE_s12_session1_lamp,0,937,31.233333333333334,0.3402700452871145,-0.08110569284541545
COHFACE_s12_session1_lamp,0,938,31.266666666666666,0.2307109163352944,-0.2626187525445575
COHFACE_s12_session1_lamp,0,939,31.3,0.11983348267556546,-0.4091437421782883
COHFACE_s12_session1_lamp,0,940,31.333333333333332,0.019575802988659782,-0.5255207357511006
COHFACE_s12_session1_lamp,0,941,31.366666666666667,-0.06121889157771325,-0.6392165783481473
COHFACE_s12_session1_lamp,0,942,31.4,-0.12210717441205321,-0.7463374668702015
COHFACE_s12_session1_lamp,0,943,31.433333333333334,-0.1700116845634898,-0.8108788408356717
COHFACE_s12_session1_lamp,0,944,31.466666666666665,-0.21328481424602008,-0.8234327020943805
COHFACE_s12_session1_lamp,0,945,31.5,-0.2595214049002923,-0.8009642969003621
COHFACE_s12_session1_lamp,0,946,31.533333333333335,-0.3159727312175433,-0.7372024450826856
COHFACE_s12_session1_lamp,0,947,31.566666666666666,-0.387581297453854,-0.6029687202321002
COHFACE_s12_session1_lamp,0,948,31.6,-0.4753342360394478,-0.404366297599144
COHFACE_s12_session1_lamp,0,949,31.633333333333333,-0.5765636934464322,-0.18357298928924365
COHFACE_s12_session1_lamp,0,950,31.666666666666668,-0.6847807805526765,0.026918109431011576
COHFACE_s12_session1_lamp,0,951,31.7,-0.7894487559663256,0.20362911595442307
COHFACE_s12_session1_lamp,0,952,31.733333333333334,-0.8764841693153024,0.32613723461960153
COHFACE_s12_session1_lamp,0,953,31.766666666666666,-0.9278254976501243,0.37636201471405994
COHFACE_s12_session1_lamp,0,954,31.8,-0.920857171649974,0.35461892053232413
COHFACE_s12_session1_lamp,0,955,31.833333333333332,-0.8288014970396064,0.27921004253930665
COHFACE_s12_session1_lamp,0,956,31.866666666666667,-0.6220608152371031,0.17767673757481492
COHFACE_s12_session1_lamp,0,957,31.9,-0.28192261940083563,0.08650656791776579
COHFACE_s12_session1_lamp,0,958,31.933333333333334,0.15732213183479649,0.0137347059200663
COHFACE_s12_session1_lamp,0,959,31.966666666666665,0.5862295706528456,-0.06066896676708361
COHFACE_s12_session1_lamp,0,960,32.0,0.8889663191943662,-0.11156819908634212
COHFACE_s12_session1_lamp,0,961,32.03333333333333,1.0319719460512382,-0.06887668446993628
COHFACE_s12_session1_lamp,0,962,32.06666666666667,1.0574226303515168,0.07058450754803121
COHFACE_s12_session1_lamp,0,963,32.1,1.0166984898963025,0.24267689741345555
COHFACE_s12_session1_lamp,0,964,32.13333333333333,0.9338229881788199,0.39553248471337893
COHFACE_s12_session1_lamp,0,965,32.166666666666664,0.8175405400819231,0.4898177372628578
COHFACE_s12_session1_lamp,0,966,32.2,0.6860672539895346,0.5156136551022019
COHFACE_s12_session1_lamp,0,967,32.233333333333334,0.5617683598869952,0.4920459420877151
COHFACE_s12_session1_lamp,0,968,32.266666666666666,0.44920040166750996,0.45045289222353674
COHFACE_s12_session1_lamp,0,969,32.3,0.33856850183280174,0.43368899223477875
COHFACE_s12_session1_lamp,0,970,32.333333333333336,0.22451852795796923,0.44159491772153714
COHFACE_s12_session1_lamp,0,971,32.36666666666667,0.11188216527700409,0.43117580756130874
COHFACE_s12_session1_lamp,0,972,32.4,0.010489944931726822,0.38726924821558056
COHFACE_s12_session1_lamp,0,973,32.43333333333333,-0.07118043851508705,0.3231224710565192
COHFACE_s12_session1_lamp,0,974,32.46666666666667,-0.13143777416000463,0.2503669583326792
COHFACE_s12_session1_lamp,0,975,32.5,-0.17616320704538138,0.17921466396562816
COHFACE_s12_session1_lamp,0,976,32.53333333333333,-0.21432953395609114,0.10317850386780748
COHFACE_s12_session1_lamp,0,977,32.56666666666667,-0.2549262447153871,-0.0001615595687654986
COHFACE_s12_session1_lamp,0,978,32.6,-0.3061861274810538,-0.14421844965644073
COHFACE_s12_session1_lamp,0,979,32.63333333333333,-0.37437321324186973,-0.3322135733824292
COHFACE_s12_session1_lamp,0,980,32.666666666666664,-0.46263056547151604,-0.5665798837697416
COHFACE_s12_session1_lamp,0,981,32.7,-0.5698410455494358,-0.8475089216840065
COHFACE_s12_session1_lamp,0,982,32.733333333333334,-0.6903725184968578,-1.142003181018299
COHFACE_s12_session1_lamp,0,983,32.766666666666666,-0.8148606140810761,-1.3828081877434588
COHFACE_s12_session1_lamp,0,984,32.8,-0.9302536779781911,-1.5282082181027365
COHFACE_s12_session1_lamp,0,985,32.833333333333336,-1.019245577923357,-1.5615325461807803
COHFACE_s12_session1_lamp,0,986,32.86666666666667,-1.0603999814842096,-1.4743727623827607
COHFACE_s12_session1_lamp,0,987,32.9,-1.0285283192265149,-1.2666518988855384
COHFACE_s12_session1_lamp,0,988,32.93333333333333,-0.8932447388185997,-0.9448255131528945
COHFACE_s12_session1_lamp,0,989,32.96666666666667,-0.620789414154602,-0.5232796618619184
COHFACE_s12_session1_lamp,0,990,33.0,-0.201656256856403,-0.04019606966812149
COHFACE_s12_session1_lamp,0,991,33.03333333333333,0.2989210160787569,0.44041347927540697
COHFACE_s12_session1_lamp,0,992,33.06666666666667,0.7484679116846684,0.8662803556629396
COHFACE_s12_session1_lamp,0,993,33.1,1.044179909619963,1.1948246425155877
COHFACE_s12_session1_lamp,0,994,33.13333333333333,1.1803433224745734,1.40239125771484
COHFACE_s12_session1_lamp,0,995,33.166666666666664,1.210525600309978,1.4824747836144658
COHFACE_s12_session1_lamp,0,996,33.2,1.1775276376599457,1.4516937895335187
COHFACE_s12_session1_lamp,0,997,33.233333333333334,1.090396383645184,1.3486642206561972
COHFACE_s12_session1_lamp,0,998,33.266666666666666,0.9514341458824838,1.2043187496571497
COHFACE_s12_session1_lamp,0,999,33.3,0.7843299357048767,1.0417180793488787
COHFACE_s12_session1_lamp,0,1000,33.333333333333336,0.6214603851997312,0.8698233172816446
COHFACE_s12_session1_lamp,0,1001,33.36666666666667,0.47488256030664777,0.6844088307537022
COHFACE_s12_session1_lamp,0,1002,33.4,0.33736187138247686,0.4867009456921949
COHFACE_s12_session1_lamp,0,1003,33.43333333333333,0.20285037796048394,0.2847161398520696
COHFACE_s12_session1_lamp,0,1004,33.46666666666667,0.07478649786190229,0.1011734273788917
COHFACE_s12_session1_lamp,0,1005,33.5,-0.03889746712178892,-0.025636573788873657
COHFACE_s12_session1_lamp,0,1006,33.53333333333333,-0.1327259204902752,-0.09707915703971717
COHFACE_s12_session1_lamp,0,1007,33.56666666666667,-0.2072135027278598,-0.1531310888882561
COHFACE_s12_session1_lamp,0,1008,33.6,-0.26735967442755726,-0.21925245625112177
COHFACE_s12_session1_lamp,0,1009,33.63333333333333,-0.3198470124194269,-0.30514775261638716
COHFACE_s12_session1_lamp,0,1010,33.666666666666664,-0.371966366119248,-0.41045628509547394
COHFACE_s12_session1_lamp,0,1011,33.7,-0.4303968347170375,-0.5240490045781683
COHFACE_s12_session1_lamp,0,1012,33.733333333333334,-0.49968425417968343,-0.6546646325634007
COHFACE_s12_session1_lamp,0,1013,33.766666666666666,-0.5815641837344854,-0.8297636071159566
COHFACE_s12_session1_lamp,0,1014,33.8,-0.673605193622798,-1.0443915650266273
COHFACE_s12_session1_lamp,0,1015,33.833333333333336,-0.7675242207549261,-1.260014257046585
COHFACE_s12_session1_lamp,0,1016,33.86666666666667,-0.8504464942715961,-1.404757396652258
COHFACE_s12_session1_lamp,0,1017,33.9,-0.9064928443294978,-1.3739117942908494
COHFACE_s12_session1_lamp,0,1018,33.93333333333333,-0.9162223011945573,-1.172541140863191
COHFACE_s12_session1_lamp,0,1019,33.96666666666667,-0.8565595762481147,-0.9155700131018826
COHFACE_s12_session1_lamp,0,1020,34.0,-0.7009309038500489,-0.6570760063371555
COHFACE_s12_session1_lamp,0,1021,34.03333333333333,-0.4237113114938445,-0.3906144207453046
COHFACE_s12_session1_lamp,0,1022,34.06666666666667,-0.02898980074950982,-0.07924799232844712
COHFACE_s12_session1_lamp,0,1023,34.1,0.4085349122804668,0.3414199026123403
COHFACE_s12_session1_lamp,0,1024,34.13333333333333,0.7675414431335988,0.8306576435211765
COHFACE_s12_session1_lamp,0,1025,34.166666666666664,0.9727116933920257,1.2406992674466466
COHFACE_s12_session1_lamp,0,1026,34.2,1.037641437812619,1.5000813394913104
COHFACE_s12_session1_lamp,0,1027,34.233333333333334,1.0174741530849338,1.6127063272782047
COHFACE_s12_session1_lamp,0,1028,34.266666666666666,0.9510310237631949,1.5888320960461837
COHFACE_s12_session1_lamp,0,1029,34.3,0.8485310448161123,1.4439307624431512
COHFACE_s12_session1_lamp,0,1030,34.333333333333336,0.7162499105059528,1.1984060568102892
COHFACE_s12_session1_lamp,0,1031,34.36666666666667,0.5740523050540532,0.8780293537049482
COHFACE_s12_session1_lamp,0,1032,34.4,0.4403398307263491,0.513121559523121
COHFACE_s12_session1_lamp,0,1033,34.43333333333333,0.31515527600942667,0.13998458442722664
COHFACE_s12_session1_lamp,0,1034,34.46666666666667,0.18911779683106036,-0.21132874477069732
COHFACE_s12_session1_lamp,0,1035,34.5,0.0587584626451995,-0.5151794818791225
COHFACE_s12_session1_lamp,0,1036,34.53333333333333,-0.07169406178932472,-0.7412396410570511
COHFACE_s12_session1_lamp,0,1037,34.56666666666667,-0.19575837540430818,-0.8531525308201755
COHFACE_s12_session1_lamp,0,1038,34.6,-0.3086161215331713,-0.8658784893127948
COHFACE_s12_session1_lamp,0,1039,34.63333333333333,-0.408695153639393,-0.8444267816439763
COHFACE_s12_session1_lamp,0,1040,34.666666666666664,-0.4975777526446293,-0.8171991121621408
COHFACE_s12_session1_lamp,0,1041,34.7,-0.5779611954219122,-0.7752989117705982
COHFACE_s12_session1_lamp,0,1042,34.733333333333334,-0.6505327588118888,-0.7046918017850438
COHFACE_s12_session1_lamp,0,1043,34.766666666666666,-0.7121715387137179,-0.5868976055745329
COHFACE_s12_session1_lamp,0,1044,34.8,-0.7564223999649392,-0.4232940264256508
COHFACE_s12_session1_lamp,0,1045,34.833333333333336,-0.7734097928594847,-0.23592291136283136
COHFACE_s12_session1_lamp,0,1046,34.86666666666667,-0.7471403216990364,-0.0336683498893715
COHFACE_s12_session1_lamp,0,1047,34.9,-0.6544372709308502,0.1866430355086946
COHFACE_s12_session1_lamp,0,1048,34.93333333333333,-0.4699547625246942,0.39620751751614003
COHFACE_s12_session1_lamp,0,1049,34.96666666666667,-0.18408408109857316,0.5334748453285544
COHFACE_s12_session1_lamp,0,1050,35.0,0.1630661526580828,0.5742447332826975
COHFACE_s12_session1_lamp,0,1051,35.03333333333333,0.47853049237345124,0.5313582825101599
COHFACE_s12_session1_lamp,0,1052,35.06666666666667,0.6821153010681338,0.4392793812853846
COHFACE_s12_session1_lamp,0,1053,35.1,0.763566058776373,0.3533901030347939
COHFACE_s12_session1_lamp,0,1054,35.13333333333333,0.7613037965577759,0.29576314925757025
COHFACE_s12_session1_lamp,0,1055,35.166666666666664,0.7121519387665,0.25512856512408155
COHFACE_s12_session1_lamp,0,1056,35.2,0.633357005245202,0.22208845853045647
COHFACE_s12_session1_lamp,0,1057,35.233333333333334,0.5365011703669893,0.18967331837153986
COHFACE_s12_session1_lamp,0,1058,35.266666666666666,0.4387862252976638,0.15505996288554091
COHFACE_s12_session1_lamp,0,1059,35.3,0.3520605874984922,0.11988581983737079
COHFACE_s12_session1_lamp,0,1060,35.333333333333336,0.2724364850997031,0.08052488751710142
COHFACE_s12_session1_lamp,0,1061,35.36666666666667,0.18990357149121,0.028448636404111386
COHFACE_s12_session1_lamp,0,1062,35.4,0.10155115476681272,-0.04104632271937782
COHFACE_s12_session1_lamp,0,1063,35.43333333333333,0.012701256154056081,-0.12832493213548787
COHFACE_s12_session1_lamp,0,1064,35.46666666666667,-0.06904004151266707,-0.2182355488744907
COHFACE_s12_session1_lamp,0,1065,35.5,-0.13866792383438514,-0.2799199338015049
COHFACE_s12_session1_lamp,0,1066,35.53333333333333,-0.19633023342926045,-0.3181195027206265
COHFACE_s12_session1_lamp,0,1067,35.56666666666667,-0.24630604157408648,-0.3726027454067372
COHFACE_s12_session1_lamp,0,1068,35.6,-0.2934462449505001,-0.45057489044023674
COHFACE_s12_session1_lamp,0,1069,35.63333333333333,-0.34148700273038185,-0.5260957385669469
COHFACE_s12_session1_lamp,0,1070,35.666666666666664,-0.39301970021960536,-0.5714141029548544
COHFACE_s12_session1_lamp,0,1071,35.7,-0.44824294225999917,-0.557252758151028
COHFACE_s12_session1_lamp,0,1072,35.733333333333334,-0.5034074152074157,-0.4830613277473689
COHFACE_s12_session1_lamp,0,1073,35.766666666666666,-0.5512776664583853,-0.3771699220319664
COHFACE_s12_session1_lamp,0,1074,35.8,-0.5821335973542977,-0.25225298415223707
COHFACE_s12_session1_lamp,0,1075,35.833333333333336,-0.5833125271169666,-0.10576544786442882
COHFACE_s12_session1_lamp,0,1076,35.86666666666667,-0.5379889635929824,0.0611177551969007
COHFACE_s12_session1_lamp,0,1077,35.9,-0.4256456004551876,0.24244257393614532
COHFACE_s12_session1_lamp,0,1078,35.93333333333333,-0.22801876336201982,0.418621069294044
COHFACE_s12_session1_lamp,0,1079,35.96666666666667,0.047464170474560904,0.5556588794158949
COHFACE_s12_session1_lamp,0,1080,36.0,0.3383189819480906,0.6466560203044622
COHFACE_s12_session1_lamp,0,1081,36.03333333333333,0.5535404352583719,0.7109984138948403
COHFACE_s12_session1_lamp,0,1082,36.06666666666667,0.6483790507179032,0.7415776778247951
COHFACE_s12_session1_lamp,0,1083,36.1,0.6468460787179598,0.7045267954290053
COHFACE_s12_session1_lamp,0,1084,36.13333333333333,0.596213559201621,0.5981260424943471
COHFACE_s12_session1_lamp,0,1085,36.166666666666664,0.5271220215642738,0.4531296927218048
COHFACE_s12_session1_lamp,0,1086,36.2,0.4530227668899397,0.29898493910902096
COHFACE_s12_session1_lamp,0,1087,36.233333333333334,0.38511265275514317,0.16405355212467718
COHFACE_s12_session1_lamp,0,1088,36.266666666666666,0.330525646469062,0.060517447787437964
COHFACE_s12_session1_lamp,0,1089,36.3,0.28171640121363273,-0.014958175834102638
COHFACE_s12_session1_lamp,0,1090,36.333333333333336,0.2238708934671988,-0.07531345657574455
COHFACE_s12_session1_lamp,0,1091,36.36666666666667,0.15054651720244186,-0.14212199735157213
COHFACE_s12_session1_lamp,0,1092,36.4,0.06718285380419425,-0.21959447435243484
COHFACE_s12_session1_lamp,0,1093,36.43333333333333,-0.015977283299182715,-0.2939155752990077
COHFACE_s12_session1_lamp,0,1094,36.46666666666667,-0.0920764332182626,-0.35111719995974083
COHFACE_s12_session1_lamp,0,1095,36.5,-0.16013927927037597,-0.3768867077069053
COHFACE_s12_session1_lamp,0,1096,36.53333333333333,-0.22263219910776294,-0.3760266390508923
COHFACE_s12_session1_lamp,0,1097,36.56666666666667,-0.28299256227605774,-0.37207685993532896
COHFACE_s12_session1_lamp,0,1098,36.6,-0.3441706588131126,-0.37137697882951615
COHFACE_s12_session1_lamp,0,1099,36.63333333333333,-0.4071237666440909,-0.36286777589384134
COHFACE_s12_session1_lamp,0,1100,36.666666666666664,-0.4700238780774499,-0.33181239292584497
COHFACE_s12_session1_lamp,0,1101,36.7,-0.5280061962753191,-0.260250299129437
COHFACE_s12_session1_lamp,0,1102,36.733333333333334,-0.5723336031781443,-0.16374003246960045
COHFACE_s12_session1_lamp,0,1103,36.766666666666666,-0.5896476390418258,-0.09140518645060552
COHFACE_s12_session1_lamp,0,1104,36.8,-0.5623919300345064,-0.05031495687834872
COHFACE_s12_session1_lamp,0,1105,36.833333333333336,-0.4704646680878501,-0.0057919415499602216
COHFACE_s12_session1_lamp,0,1106,36.86666666666667,-0.29514892321919933,0.06121432696466755
COHFACE_s12_session1_lamp,0,1107,36.9,-0.03684969760152025,0.1532570468593576
COHFACE_s12_session1_lamp,0,1108,36.93333333333333,0.2538568475868962,0.24156988910639138
COHFACE_s12_session1_lamp,0,1109,36.96666666666667,0.4878814022116216,0.2662271041575874
COHFACE_s12_session1_lamp,0,1110,37.0,0.6090195577756723,0.22590399441691456
COHFACE_s12_session1_lamp,0,1111,37.03333333333333,0.6308958542689491,0.17772535495806438
COHFACE_s12_session1_lamp,0,1112,37.06666666666667,0.5984796475446221,0.15136097857985692
COHFACE_s12_session1_lamp,0,1113,37.1,0.5432822688436323,0.1485011333778346
COHFACE_s12_session1_lamp,0,1114,37.13333333333333,0.477227395573042,0.1457187739413174
COHFACE_s12_session1_lamp,0,1115,37.166666666666664,0.4092275191086168,0.09514908654904028
COHFACE_s12_session1_lamp,0,1116,37.2,0.3500597841293433,0.0037082495537892335
COHFACE_s12_session1_lamp,0,1117,37.233333333333334,0.2999356530760284,-0.06675984034018698
COHFACE_s12_session1_lamp,0,1118,37.266666666666666,0.24774014181336504,-0.07736075763489786
COHFACE_s12_session1_lamp,0,1119,37.3,0.1854600837891884,-0.012782340383513502
COHFACE_s12_session1_lamp,0,1120,37.333333333333336,0.11482790490203063,0.11837223129423122
COHFACE_s12_session1_lamp,0,1121,37.36666666666667,0.0429230708061385,0.28335071564547243
COHFACE_s12_session1_lamp,0,1122,37.4,-0.023288292919286385,0.3963558982337757
COHFACE_s12_session1_lamp,0,1123,37.43333333333333,-0.08073840116309432,0.3198132420409939
COHFACE_s12_session1_lamp,0,1124,37.46666666666667,-0.13163163052641402,0.0318675316125759
COHFACE_s12_session1_lamp,0,1125,37.5,-0.181111177072523,-0.37246608922577734
COHFACE_s12_session1_lamp,0,1126,37.53333333333333,-0.2345484873307911,-0.7508170665709537
COHFACE_s12_session1_lamp,0,1127,37.56666666666667,-0.29636438977867396,-0.9146975934358752
COHFACE_s12_session1_lamp,0,1128,37.6,-0.36867869322366986,-0.8456849352956627
COHFACE_s12_session1_lamp,0,1129,37.63333333333333,-0.4506819924245147,-0.6948193270188828
COHFACE_s12_session1_lamp,0,1130,37.666666666666664,-0.5383471303474023,-0.5391569612727596
COHFACE_s12_session1_lamp,0,1131,37.7,-0.6229823534532416,-0.3806790456353493
COHFACE_s12_session1_lamp,0,1132,37.733333333333334,-0.691617525603186,-0.20698030946612747
COHFACE_s12_session1_lamp,0,1133,37.766666666666666,-0.7283539928148841,0.0071869535972823514
COHFACE_s12_session1_lamp,0,1134,37.8,-0.7139569628053657,0.23689410633229618
COHFACE_s12_session1_lamp,0,1135,37.833333333333336,-0.6257596757668398,0.40617094650253627
COHFACE_s12_session1_lamp,0,1136,37.86666666666667,-0.4404894021720488,0.5047253067858958
COHFACE_s12_session1_lamp,0,1137,37.9,-0.1529115931534428,0.5869871882038655
COHFACE_s12_session1_lamp,0,1138,37.93333333333333,0.18766879986529256,0.6618183899669945
COHFACE_s12_session1_lamp,0,1139,37.96666666666667,0.48370373984975795,0.6916443920286582
COHFACE_s12_session1_lamp,0,1140,38.0,0.6651478905997625,0.6740155704442157
COHFACE_s12_session1_lamp,0,1141,38.03333333333333,0.7370310459602053,0.6414616804740495
COHFACE_s12_session1_lamp,0,1142,38.06666666666667,0.7437480492579476,0.6070208584160728
COHFACE_s12_session1_lamp,0,1143,38.1,0.7162801594892307,0.5641181509046914
COHFACE_s12_session1_lamp,0,1144,38.13333333333333,0.6595056003375317,0.49591975031810875
COHFACE_s12_session1_lamp,0,1145,38.166666666666664,0.5753945225705297,0.3761684106859506
COHFACE_s12_session1_lamp,0,1146,38.2,0.48108580925363675,0.21580386283451625
COHFACE_s12_session1_lamp,0,1147,38.233333333333334,0.39437081324640805,0.06356684221512407
COHFACE_s12_session1_lamp,0,1148,38.266666666666666,0.31661825251961073,-0.05500607398679119
COHFACE_s12_session1_lamp,0,1149,38.3,0.24053808413583055,-0.1371545967223035
COHFACE_s12_session1_lamp,0,1150,38.333333333333336,0.16347986265870265,-0.21071579525641382
COHFACE_s12_session1_lamp,0,1151,38.36666666666667,0.08972593412829705,-0.33265720575583047
COHFACE_s12_session1_lamp,0,1152,38.4,0.025678347709711676,-0.4912615043790616
COHFACE_s12_session1_lamp,0,1153,38.43333333333333,-0.024982758211288328,-0.6055185335093106
COHFACE_s12_session1_lamp,0,1154,38.46666666666667,-0.0627631286150683,-0.6248897509512564
COHFACE_s12_session1_lamp,0,1155,38.5,-0.09173924557468835,-0.5298854220140546
COHFACE_s12_session1_lamp,0,1156,38.53333333333333,-0.11758034004898589,-0.36917251209284024
COHFACE_s12_session1_lamp,0,1157,38.56666666666667,-0.14596588064818466,-0.258810534177941
COHFACE_s12_session1_lamp,0,1158,38.6,-0.18274196982899563,-0.23240130902774764
COHFACE_s12_session1_lamp,0,1159,38.63333333333333,-0.23274095033313183,-0.240889347732224
COHFACE_s12_session1_lamp,0,1160,38.666666666666664,-0.297862755158559,-0.25654841842513293
COHFACE_s12_session1_lamp,0,1161,38.7,-0.37711530825348316,-0.27371874631641
COHFACE_s12_session1_lamp,0,1162,38.733333333333334,-0.46678146459459235,-0.31258797768845614
COHFACE_s12_session1_lamp,0,1163,38.766666666666666,-0.5600352725401045,-0.4185065792336104
COHFACE_s12_session1_lamp,0,1164,38.8,-0.6472422304300595,-0.5635717661865927
COHFACE_s12_session1_lamp,0,1165,38.833333333333336,-0.7161269983644577,-0.6467100424240062
COHFACE_s12_session1_lamp,0,1166,38.86666666666667,-0.7516455027383959,-0.5850562049370215
COHFACE_s12_session1_lamp,0,1167,38.9,-0.7357741052714386,-0.3157948695233437
COHFACE_s12_session1_lamp,0,1168,38.93333333333333,-0.6465368667579523,0.08790013778015003
COHFACE_s12_session1_lamp,0,1169,38.96666666666667,-0.4595851705432011,0.41698907666362944
COHFACE_s12_session1_lamp,0,1170,39.0,-0.1664708502884325,0.6014453577985891
COHFACE_s12_session1_lamp,0,1171,39.03333333333333,0.18656720668654203,0.7098622363250819
COHFACE_s12_session1_lamp,0,1172,39.06666666666667,0.49961115922814053,0.7895278271657171
COHFACE_s12_session1_lamp,0,1173,39.1,0.6955444150658525,0.8642440343008523
COHFACE_s12_session1_lamp,0,1174,39.13333333333333,0.7742622505865129,0.910423074992054
COHFACE_s12_session1_lamp,0,1175,39.166666666666664,0.780191582832217,0.8572067191825201
COHFACE_s12_session1_lamp,0,1176,39.2,0.7484084345905848,0.7025802440877047
COHFACE_s12_session1_lamp,0,1177,39.233333333333334,0.687761260898501,0.5138073216824844
COHFACE_s12_session1_lamp,0,1178,39.266666666666666,0.6003686544874993,0.34158763563811523
COHFACE_s12_session1_lamp,0,1179,39.3,0.5017867058453427,0.21996463009732203
COHFACE_s12_session1_lamp,0,1180,39.333333333333336,0.41022859086897967,0.1372597841436608
COHFACE_s12_session1_lamp,0,1181,39.36666666666667,0.32762888111107186,0.03731270155984909
COHFACE_s12_session1_lamp,0,1182,39.4,0.24521587739082418,-0.08558528157991616
COHFACE_s12_session1_lamp,0,1183,39.43333333333333,0.15944976786313125,-0.18576797395157568
COHFACE_s12_session1_lamp,0,1184,39.46666666666667,0.07528224768903494,-0.24017446394242428
COHFACE_s12_session1_lamp,0,1185,39.5,0.0004012990170076808,-0.24825030151020003
COHFACE_s12_session1_lamp,0,1186,39.53333333333333,-0.06032262682913554,-0.24351322764086974
COHFACE_s12_session1_lamp,0,1187,39.56666666666667,-0.10742954868847898,-0.2924893402282833
COHFACE_s12_session1_lamp,0,1188,39.6,-0.14539765489498538,-0.40349691596686776
COHFACE_s12_session1_lamp,0,1189,39.63333333333333,-0.18052180073354324,-0.5260273834227017
COHFACE_s12_session1_lamp,0,1190,39.666666666666664,-0.21859600083655673,-0.6103417461028614
COHFACE_s12_session1_lamp,0,1191,39.7,-0.26090145041560703,-0.6080143414111837
COHFACE_s12_session1_lamp,0,1192,39.733333333333334,-0.3043383777519158,-0.5371900509093722
COHFACE_s12_session1_lamp,0,1193,39.766666666666666,-0.3468236552025057,-0.4820876043161845
COHFACE_s12_session1_lamp,0,1194,39.8,-0.3895043996278571,-0.47466680524354926
COHFACE_s12_session1_lamp,0,1195,39.833333333333336,-0.4340428864764121,-0.4941332268889133
COHFACE_s12_session1_lamp,0,1196,39.86666666666667,-0.4800109522597341,-0.49540625351232453
COHFACE_s12_session1_lamp,0,1197,39.9,-0.5234384845189219,-0.41032804330680045
COHFACE_s12_session1_lamp,0,1198,39.93333333333333,-0.5560967253623551,-0.24354100255981384
COHFACE_s12_session1_lamp,0,1199,39.96666666666667,-0.565323566644403,-0.07302786150549373
COHFACE_s12_session1_lamp,0,1200,40.0,-0.5338526702813158,0.05946643911757449
COHFACE_s12_session1_lamp,0,1201,40.03333333333333,-0.4400409901545591,0.1483437631654715
COHFACE_s12_session1_lamp,0,1202,40.06666666666667,-0.26153036437869026,0.2259632448662258
COHFACE_s12_session1_lamp,0,1203,40.1,0.0035682879284044174,0.3610009453026278
COHFACE_s12_session1_lamp,0,1204,40.13333333333333,0.30196276126978006,0.5415761281921532
COHFACE_s12_session1_lamp,0,1205,40.166666666666664,0.5387707681958706,0.6745633634459959
COHFACE_s12_session1_lamp,0,1206,40.2,0.6539473618983627,0.7283087528704271
COHFACE_s12_session1_lamp,0,1207,40.233333333333334,0.6624719328807986,0.7325422356068624
COHFACE_s12_session1_lamp,0,1208,40.266666666666666,0.6149595857555089,0.7007688010982618
COHFACE_s12_session1_lamp,0,1209,40.3,0.5480832171873279,0.629823143128757
COHFACE_s12_session1_lamp,0,1210,40.333333333333336,0.47599894009481053,0.5169067595495903
COHFACE_s12_session1_lamp,0,1211,40.36666666666667,0.4078287301296836,0.36017361381815133
COHFACE_s12_session1_lamp,0,1212,40.4,0.3517415757014808,0.19336309046120842
COHFACE_s12_session1_lamp,0,1213,40.43333333333333,0.3034732038140589,0.08596943199876794
COHFACE_s12_session1_lamp,0,1214,40.46666666666667,0.24974831181777926,0.039715644477651066
COHFACE_s12_session1_lamp,0,1215,40.5,0.18404625190657253,-0.010690216227852448
COHFACE_s12_session1_lamp,0,1216,40.53333333333333,0.11121157961873604,-0.08387437454849661
COHFACE_s12_session1_lamp,0,1217,40.56666666666667,0.04116710858596007,-0.15085052346476355
COHFACE_s12_session1_lamp,0,1218,40.6,-0.017574133026894485,-0.19436646704892946
COHFACE_s12_session1_lamp,0,1219,40.63333333333333,-0.06230301346508156,-0.2088657598346395
COHFACE_s12_session1_lamp,0,1220,40.666666666666664,-0.09683175098829164,-0.21115830212170505
COHFACE_s12_session1_lamp,0,1221,40.7,-0.12800054064209954,-0.23977651758230684
COHFACE_s12_session1_lamp,0,1222,40.733333333333334,-0.1624249772026369,-0.30616212270290544
COHFACE_s12_session1_lamp,0,1223,40.766666666666666,-0.2047635269490245,-0.3940810285551142
COHFACE_s12_session1_lamp,0,1224,40.8,-0.25748232468653076,-0.4762898605323831
COHFACE_s12_session1_lamp,0,1225,40.833333333333336,-0.3219561047846416,-0.514649792487597
COHFACE_s12_session1_lamp,0,1226,40.86666666666667,-0.3974930889024419,-0.4972683405874527
COHFACE_s12_session1_lamp,0,1227,40.9,-0.47934817460631796,-0.43853779885268623
COHFACE_s12_session1_lamp,0,1228,40.93333333333333,-0.5588530747944072,-0.35122319532457075
COHFACE_s12_session1_lamp,0,1229,40.96666666666667,-0.6245018303840808,-0.2464980941485178
COHFACE_s12_session1_lamp,0,1230,41.0,-0.6628199606985264,-0.12304792340637732
COHFACE_s12_session1_lamp,0,1231,41.03333333333333,-0.6576098562414706,0.032148692664503785
COHFACE_s12_session1_lamp,0,1232,41.06666666666667,-0.5882461040704182,0.1898840663705194
COHFACE_s12_session1_lamp,0,1233,41.1,-0.4314687522936995,0.27845054457621077
COHFACE_s12_session1_lamp,0,1234,41.13333333333333,-0.17592658840822195,0.26958879175050343
COHFACE_s12_session1_lamp,0,1235,41.166666666666664,0.14300001546842747,0.17866370616987948
COHFACE_s12_session1_lamp,0,1236,41.2,0.43593414968677413,0.0648651539720152
COHFACE_s12_session1_lamp,0,1237,41.233333333333334,0.625311556233832,0.03015159601903795
COHFACE_s12_session1_lamp,0,1238,41.266666666666666,0.7037715731886021,0.10467836661704563
COHFACE_s12_session1_lamp,0,1239,41.3,0.7101540726342266,0.24617956624841034
COHFACE_s12_session1_lamp,0,1240,41.333333333333336,0.6777204627771519,0.3862862495436098
COHFACE_s12_session1_lamp,0,1241,41.36666666666667,0.6180740928702523,0.43149130652112755
COHFACE_s12_session1_lamp,0,1242,41.4,0.5379732831206606,0.3881043663073227
COHFACE_s12_session1_lamp,0,1243,41.43333333333333,0.4536379595033595,0.36176397101128066
COHFACE_s12_session1_lamp,0,1244,41.46666666666667,0.37964027467351236,0.3928100046691241
COHFACE_s12_session1_lamp,0,1245,41.5,0.3140917864896888,0.45533664602111185
COHFACE_s12_session1_lamp,0,1246,41.53333333333333,0.24648666896398977,0.4948085619632159
COHFACE_s12_session1_lamp,0,1247,41.56666666666667,0.17278027923370826,0.42921674776582525
COHFACE_s12_session1_lamp,0,1248,41.6,0.09820841337095948,0.25451821824583487
COHFACE_s12_session1_lamp,0,1249,41.63333333333333,0.031772318767171064,0.045257634062981056
COHFACE_s12_session1_lamp,0,1250,41.666666666666664,-0.020871265822376348,-0.1462782648549329
COHFACE_s12_session1_lamp,0,1251,41.7,-0.06039732830013082,-0.290035808095962
COHFACE_s12_session1_lamp,0,1252,41.733333333333334,-0.09155329754613921,-0.39425910318756063
COHFACE_s12_session1_lamp,0,1253,41.766666666666666,-0.12030894869489829,-0.5042008526094105
COHFACE_s12_session1_lamp,0,1254,41.8,-0.1523499702641092,-0.6255856199033394
COHFACE_s12_session1_lamp,0,1255,41.833333333333336,-0.19324036209234213,-0.7236520686630327
COHFACE_s12_session1_lamp,0,1256,41.86666666666667,-0.2478429409432433,-0.7732779857415475
COHFACE_s12_session1_lamp,0,1257,41.9,-0.31824109374977455,-0.7590177482054896
COHFACE_s12_session1_lamp,0,1258,41.93333333333333,-0.4031004373723802,-0.7213384289459686
COHFACE_s12_session1_lamp,0,1259,41.96666666666667,-0.49790053751092345,-0.7555964129493499
COHFACE_s12_session1_lamp,0,1260,42.0,-0.5951205857024741,-0.8379628994789271
COHFACE_s12_session1_lamp,0,1261,42.03333333333333,-0.6847369244535226,-0.8259275523330482
COHFACE_s12_session1_lamp,0,1262,42.06666666666667,-0.7535281785015268,-0.6373532227140217
COHFACE_s12_session1_lamp,0,1263,42.1,-0.7844680552929625,-0.2530080990640152
COHFACE_s12_session1_lamp,0,1264,42.13333333333333,-0.7568117319215816,0.22506653432356477
COHFACE_s12_session1_lamp,0,1265,42.166666666666664,-0.6454278740749121,0.5736538389698893
COHFACE_s12_session1_lamp,0,1266,42.2,-0.426479523192624,0.7266499337115547
COHFACE_s12_session1_lamp,0,1267,42.233333333333334,-0.1053029391678894,0.7743842849717593
COHFACE_s12_session1_lamp,0,1268,42.266666666666666,0.2511811905108557,0.7855623937230143
COHFACE_s12_session1_lamp,0,1269,42.3,0.5439964692855057,0.8048706374837004
COHFACE_s12_session1_lamp,0,1270,42.333333333333336,0.7211184997474829,0.8238567404474384
COHFACE_s12_session1_lamp,0,1271,42.36666666666667,0.7998975627524647,0.7809822901426845
COHFACE_s12_session1_lamp,0,1272,42.4,0.8196559385037688,0.6685157127422817
COHFACE_s12_session1_lamp,0,1273,42.43333333333333,0.8004935210238211,0.5330365659911471
COHFACE_s12_session1_lamp,0,1274,42.46666666666667,0.7425657327097263,0.40593110315898945
COHFACE_s12_session1_lamp,0,1275,42.5,0.6501676504785053,0.30346206168672357
COHFACE_s12_session1_lamp,0,1276,42.53333333333333,0.5439475420979903,0.22558498496100707
COHFACE_s12_session1_lamp,0,1277,42.56666666666667,0.4433976703451007,0.15671426536110644
COHFACE_s12_session1_lamp,0,1278,42.6,0.35057083277333406,0.07946450658723662
COHFACE_s12_session1_lamp,0,1279,42.63333333333333,0.25914285739114906,-0.024301524357772428
COHFACE_s12_session1_lamp,0,1280,42.666666666666664,0.16840480563003313,-0.12669171634450427
COHFACE_s12_session1_lamp,0,1281,42.7,0.08394950636818105,-0.15377382682895863
COHFACE_s12_session1_lamp,0,1282,42.733333333333334,0.01191994590129064,-0.09662664955794377
COHFACE_s12_session1_lamp,0,1283,42.766666666666666,-0.044958896840955276,-0.01132172441230861
COHFACE_s12_session1_lamp,0,1284,42.8,-0.08868632063204368,0.05979760988024971
COHFACE_s12_session1_lamp,0,1285,42.833333333333336,-0.12454885963480267,0.08880949871103035
COHFACE_s12_session1_lamp,0,1286,42.86666666666667,-0.15858043013962064,0.06921262285811847
COHFACE_s12_session1_lamp,0,1287,42.9,-0.19630912478421675,0.01598666611638521
COHFACE_s12_session1_lamp,0,1288,42.93333333333333,-0.2425169475695212,-0.0652579798922313
COHFACE_s12_session1_lamp,0,1289,42.96666666666667,-0.30070166033968165,-0.17798999041022628
COHFACE_s12_session1_lamp,0,1290,43.0,-0.37175997726019044,-0.3141285269651394
COHFACE_s12_session1_lamp,0,1291,43.03333333333333,-0.4532560975254085,-0.4534149037415881
COHFACE_s12_session1_lamp,0,1292,43.06666666666667,-0.5401582887210519,-0.5753374065416629
COHFACE_s12_session1_lamp,0,1293,43.1,-0.6252716178305948,-0.6586935661557007
COHFACE_s12_session1_lamp,0,1294,43.13333333333333,-0.6991251633170747,-0.7111681771858305
COHFACE_s12_session1_lamp,0,1295,43.166666666666664,-0.7498548992808935,-0.7685109119344931
COHFACE_s12_session1_lamp,0,1296,43.2,-0.7616920671676598,-0.8365504742282974
COHFACE_s12_session1_lamp,0,1297,43.233333333333334,-0.7135316507219549,-0.8906405001190076
COHFACE_s12_session1_lamp,0,1298,43.266666666666666,-0.5804586537197105,-0.8864462435747666
COHFACE_s12_session1_lamp,0,1299,43.3,-0.3421382746835306,-0.7608853262820798
COHFACE_s12_session1_lamp,0,1300,43.333333333333336,-0.01170399750551029,-0.5120059313093287
COHFACE_s12_session1_lamp,0,1301,43.36666666666667,0.33639551697699477,-0.20001436403541153
COHFACE_s12_session1_lamp,0,1302,43.4,0.6047605678657815,0.13082713538900512
COHFACE_s12_session1_lamp,0,1303,43.43333333333333,0.7505754841088449,0.45115702226073495
COHFACE_s12_session1_lamp,0,1304,43.46666666666667,0.7981856716010369,0.7448838345784102
COHFACE_s12_session1_lamp,0,1305,43.5,0.7880835691917011,1.0072712680883014
COHFACE_s12_session1_lamp,0,1306,43.53333333333333,0.7409489885398535,1.2124952496659966
COHFACE_s12_session1_lamp,0,1307,43.56666666666667,0.6639134943926065,1.3124351026179049
COHFACE_s12_session1_lamp,0,1308,43.6,0.5708183837915254,1.288764701403967
COHFACE_s12_session1_lamp,0,1309,43.63333333333333,0.4800777178675397,1.1527104127043661
COHFACE_s12_session1_lamp,0,1310,43.666666666666664,0.39614026872042135,0.9284721910172518
COHFACE_s12_session1_lamp,0,1311,43.7,0.3100964518197072,0.6534700793932898
COHFACE_s12_session1_lamp,0,1312,43.733333333333334,0.2167034593373666,0.3593029227676856
COHFACE_s12_session1_lamp,0,1313,43.766666666666666,0.12114915568555637,0.07279895644931321
COHFACE_s12_session1_lamp,0,1314,43.8,0.03367386512896805,-0.18868726319224993
COHFACE_s12_session1_lamp,0,1315,43.833333333333336,-0.03813481881645003,-0.4157151820596593
COHFACE_s12_session1_lamp,0,1316,43.86666666666667,-0.09333492344942038,-0.5963815834153947
COHFACE_s12_session1_lamp,0,1317,43.9,-0.13582943474773215,-0.7150215780367576
COHFACE_s12_session1_lamp,0,1318,43.93333333333333,-0.17148966459793238,-0.7684491699414957
COHFACE_s12_session1_lamp,0,1319,43.96666666666667,-0.20664128334311818,-0.7651835148211503
COHFACE_s12_session1_lamp,0,1320,44.0,-0.24706135090843112,-0.721513749536117
COHFACE_s12_session1_lamp,0,1321,44.03333333333333,-0.29748349653521183,-0.6610440552614495
COHFACE_s12_session1_lamp,0,1322,44.06666666666667,-0.36029445076762534,-0.5932425434629082
COHFACE_s12_session1_lamp,0,1323,44.1,-0.4342438794190232,-0.5136027269091253
COHFACE_s12_session1_lamp,0,1324,44.13333333333333,-0.5146958230301046,-0.4190842552952382
COHFACE_s12_session1_lamp,0,1325,44.166666666666664,-0.5941010663704562,-0.3087823585204612
COHFACE_s12_session1_lamp,0,1326,44.2,-0.6617906892652136,-0.1836228570950813
COHFACE_s12_session1_lamp,0,1327,44.233333333333334,-0.7039520501029807,-0.04714439247770445
COHFACE_s12_session1_lamp,0,1328,44.266666666666666,-0.7037501157483412,0.0934480976751302
COHFACE_s12_session1_lamp,0,1329,44.3,-0.6405643237770515,0.2264923697718851
COHFACE_s12_session1_lamp,0,1330,44.333333333333336,-0.4907675698085687,0.34409180290153496
COHFACE_s12_session1_lamp,0,1331,44.36666666666667,-0.23909154447390993,0.4413731938853873
COHFACE_s12_session1_lamp,0,1332,44.4,0.08939574278171127,0.515862613236564
COHFACE_s12_session1_lamp,0,1333,44.43333333333333,0.41181916626775367,0.5668538023154103
COHFACE_s12_session1_lamp,0,1334,44.46666666666667,0.6395257128113216,0.5922726743306927
COHFACE_s12_session1_lamp,0,1335,44.5,0.7474126203160649,0.5883815017008386
COHFACE_s12_session1_lamp,0,1336,44.53333333333333,0.7689561752450169,0.5552176195868093
COHFACE_s12_session1_lamp,0,1337,44.56666666666667,0.7434738670933243,0.4966485781051186
COHFACE_s12_session1_lamp,0,1338,44.6,0.6888432431687124,0.4178769692638986
COHFACE_s12_session1_lamp,0,1339,44.63333333333333,0.613581336921286,0.3257573925491098
COHFACE_s12_session1_lamp,0,1340,44.666666666666664,0.5332487161601831,0.23268533991154144
COHFACE_s12_session1_lamp,0,1341,44.7,0.4604041674482533,0.1569638482199771
COHFACE_s12_session1_lamp,0,1342,44.733333333333334,0.3908226541429519,0.09883295730658143
COHFACE_s12_session1_lamp,0,1343,44.766666666666666,0.3138070512492979,0.04108095048218306
COHFACE_s12_session1_lamp,0,1344,44.8,0.22704367907441442,-0.023980273414448444
COHFACE_s12_session1_lamp,0,1345,44.833333333333336,0.13734938496694904,-0.09379864368977263
COHFACE_s12_session1_lamp,0,1346,44.86666666666667,0.053911136125124826,-0.1642493472541829
COHFACE_s12_session1_lamp,0,1347,44.9,-0.017104485149457574,-0.22917352716638678
COHFACE_s12_session1_lamp,0,1348,44.93333333333333,-0.07450530962125877,-0.2898642670341535
COHFACE_s12_session1_lamp,0,1349,44.96666666666667,-0.12246156194983324,-0.35449281150892853
COHFACE_s12_session1_lamp,0,1350,45.0,-0.1683797823446166,-0.42903208221236533
COHFACE_s12_session1_lamp,0,1351,45.03333333333333,-0.2194214754600603,-0.5165651237394938
COHFACE_s12_session1_lamp,0,1352,45.06666666666667,-0.28138226100403624,-0.5912101535818477
COHFACE_s12_session1_lamp,0,1353,45.1,-0.35823191554127637,-0.5982023498683129
COHFACE_s12_session1_lamp,0,1354,45.13333333333333,-0.4506561227795567,-0.5438522148870462
COHFACE_s12_session1_lamp,0,1355,45.166666666666664,-0.5554097277683603,-0.4952995976635859
COHFACE_s12_session1_lamp,0,1356,45.2,-0.6655799531245326,-0.4752192349917174
COHFACE_s12_session1_lamp,0,1357,45.233333333333334,-0.770667452377967,-0.46152410647802394
COHFACE_s12_session1_lamp,0,1358,45.266666666666666,-0.8568197708015565,-0.4175982517891255
COHFACE_s12_session1_lamp,0,1359,45.3,-0.906466397960944,-0.2934786489963636
COHFACE_s12_session1_lamp,0,1360,45.333333333333336,-0.8973837397103472,-0.09885655475096082
COHFACE_s12_session1_lamp,0,1361,45.36666666666667,-0.8027006197452038,0.09626816690367801
COHFACE_s12_session1_lamp,0,1362,45.4,-0.593902169115577,0.25168817603348703
COHFACE_s12_session1_lamp,0,1363,45.43333333333333,-0.2615414434042047,0.35669608164655264
COHFACE_s12_session1_lamp,0,1364,45.46666666666667,0.14458899571823394,0.41629333587660267
COHFACE_s12_session1_lamp,0,1365,45.5,0.5187739167917789,0.45023966413893757
COHFACE_s12_session1_lamp,0,1366,45.53333333333333,0.7774694885546065,0.4662812137920672
COHFACE_s12_session1_lamp,0,1367,45.56666666666667,0.9145417400830705,0.4596356052901188
COHFACE_s12_session1_lamp,0,1368,45.6,0.9693005414285688,0.43929684243038847
COHFACE_s12_session1_lamp,0,1369,45.63333333333333,0.9720142518235628,0.4277862982655778
COHFACE_s12_session1_lamp,0,1370,45.666666666666664,0.9273207595083788,0.43360382464949976
COHFACE_s12_session1_lamp,0,1371,45.7,0.8354353130365391,0.45104227081503484
COHFACE_s12_session1_lamp,0,1372,45.733333333333334,0.7153151164044385,0.46350406290445834
COHFACE_s12_session1_lamp,0,1373,45.766666666666666,0.5930606279561457,0.4438466625844793
COHFACE_s12_session1_lamp,0,1374,45.8,0.47761422404324344,0.38958761520689433
COHFACE_s12_session1_lamp,0,1375,45.833333333333336,0.3632468141972057,0.32312296567233706
COHFACE_s12_session1_lamp,0,1376,45.86666666666667,0.24690994065760272,0.25627426092685135
COHFACE_s12_session1_lamp,0,1377,45.9,0.13388589650412835,0.1904401933690621
COHFACE_s12_session1_lamp,0,1378,45.93333333333333,0.03199585500849739,0.1185678697599511
COHFACE_s12_session1_lamp,0,1379,45.96666666666667,-0.05395872415192632,0.02584776050170995
COHFACE_s12_session1_lamp,0,1380,46.0,-0.1241005180185256,-0.09234544551129979
COHFACE_s12_session1_lamp,0,1381,46.03333333333333,-0.1832620827208062,-0.22963833691866073
COHFACE_s12_session1_lamp,0,1382,46.06666666666667,-0.23867168236542485,-0.37836076067495295
COHFACE_s12_session1_lamp,0,1383,46.1,-0.2967054668444245,-0.5287771287854901
COHFACE_s12_session1_lamp,0,1384,46.13333333333333,-0.3621033386702982,-0.6804273894942054
COHFACE_s12_session1_lamp,0,1385,46.166666666666664,-0.4382713122168779,-0.8410748015580074
COHFACE_s12_session1_lamp,0,1386,46.2,-0.5263238022381705,-1.0048586969853832
COHFACE_s12_session1_lamp,0,1387,46.233333333333334,-0.6247956297823667,-1.1513480001197904
COHFACE_s12_session1_lamp,0,1388,46.266666666666666,-0.7285029645965097,-1.236185992364562
COHFACE_s12_session1_lamp,0,1389,46.3,-0.8270884235178505,-1.191379512424677
COHFACE_s12_session1_lamp,0,1390,46.333333333333336,-0.906034273767075,-1.0057933567836916
COHFACE_s12_session1_lamp,0,1391,46.36666666666667,-0.9471408315051348,-0.7258755306508538
COHFACE_s12_session1_lamp,0,1392,46.4,-0.9272970346465442,-0.39646321390768785
COHFACE_s12_session1_lamp,0,1393,46.43333333333333,-0.8180565400885166,-0.06159499410442633
COHFACE_s12_session1_lamp,0,1394,46.46666666666667,-0.5899950991011693,0.26750206225519946
COHFACE_s12_session1_lamp,0,1395,46.5,-0.23485724395198324,0.6102349892109177
COHFACE_s12_session1_lamp,0,1396,46.53333333333333,0.19494914811313627,0.9457142567765926
COHFACE_s12_session1_lamp,0,1397,46.56666666666667,0.5894624917599254,1.2108088210967163
COHFACE_s12_session1_lamp,0,1398,46.6,0.8593100939331934,1.3674310642007523
COHFACE_s12_session1_lamp,0,1399,46.63333333333333,0.9945000279836499,1.401667171534271
COHFACE_s12_session1_lamp,0,1400,46.666666666666664,1.0355097763102799,1.3285286406619174
COHFACE_s12_session1_lamp,0,1401,46.7,1.0170842096245092,1.1912406073663244
COHFACE_s12_session1_lamp,0,1402,46.733333333333334,0.9491331781459795,1.0126588559015597
COHFACE_s12_session1_lamp,0,1403,46.766666666666666,0.8365743145975788,0.7955994545959779
COHFACE_s12_session1_lamp,0,1404,46.8,0.7003800583514506,0.5491187076027764
COHFACE_s12_session1_lamp,0,1405,46.833333333333336,0.5658861080469455,0.28984929041600876
COHFACE_s12_session1_lamp,0,1406,46.86666666666667,0.44060291604723517,0.04314512640584001
COHFACE_s12_session1_lamp,0,1407,46.9,0.3180706755719211,-0.15571813197644835
COHFACE_s12_session1_lamp,0,1408,46.93333333333333,0.19472228468665567,-0.2942035371256683
COHFACE_s12_session1_lamp,0,1409,46.96666666666667,0.07539050771923066,-0.3813540193722966
COHFACE_s12_session1_lamp,0,1410,47.0,-0.03098023172230477,-0.4309493706151095
COHFACE_s12_session1_lamp,0,1411,47.03333333333333,-0.11740565114986375,-0.46037879496924006
COHFACE_s12_session1_lamp,0,1412,47.06666666666667,-0.18288044343891155,-0.4794333559420363
COHFACE_s12_session1_lamp,0,1413,47.1,-0.23236926105611466,-0.48970687620222453
COHFACE_s12_session1_lamp,0,1414,47.13333333333333,-0.27381346184710287,-0.4951253948445353
COHFACE_s12_session1_lamp,0,1415,47.166666666666664,-0.31515569810979505,-0.5016633978307165
COHFACE_s12_session1_lamp,0,1416,47.2,-0.3631365104773133,-0.5121389632824023
COHFACE_s12_session1_lamp,0,1417,47.233333333333334,-0.4223916328974977,-0.5260046905143019
COHFACE_s12_session1_lamp,0,1418,47.266666666666666,-0.4941842908863634,-0.5302791231769466
COHFACE_s12_session1_lamp,0,1419,47.3,-0.576083616033863,-0.4997605068756096
COHFACE_s12_session1_lamp,0,1420,47.333333333333336,-0.6620338207778504,-0.4320430002254158
COHFACE_s12_session1_lamp,0,1421,47.36666666666667,-0.742394973374719,-0.3477653701870396
COHFACE_s12_session1_lamp,0,1422,47.4,-0.8042511516410729,-0.25539454206702017
COHFACE_s12_session1_lamp,0,1423,47.43333333333333,-0.831234818646261,-0.15156667220392467
COHFACE_s12_session1_lamp,0,1424,47.46666666666667,-0.8028096112350656,-0.03403838580330175
COHFACE_s12_session1_lamp,0,1425,47.5,-0.6939713328822618,0.0975063958373093
COHFACE_s12_session1_lamp,0,1426,47.53333333333333,-0.478616325866414,0.2248791672849273
COHFACE_s12_session1_lamp,0,1427,47.56666666666667,-0.14923572550361452,0.3109574900424143
COHFACE_s12_session1_lamp,0,1428,47.6,0.24467258297716185,0.3430997568941927
COHFACE_s12_session1_lamp,0,1429,47.63333333333333,0.5970174251935095,0.3328743325181841
COHFACE_s12_session1_lamp,0,1430,47.666666666666664,0.821664549214627,0.3057319830761292
COHFACE_s12_session1_lamp,0,1431,47.7,0.9127653939657622,0.3003248167043484
COHFACE_s12_session1_lamp,0,1432,47.733333333333334,0.9155521695542298,0.315220244842274
COHFACE_s12_session1_lamp,0,1433,47.766666666666666,0.8687920643559064,0.30896048199801074
COHFACE_s12_session1_lamp,0,1434,47.8,0.7861376022734323,0.26795107681087943
COHFACE_s12_session1_lamp,0,1435,47.833333333333336,0.6753213063115419,0.20687946326406412
COHFACE_s12_session1_lamp,0,1436,47.86666666666667,0.5554448464163466,0.1407161640782157
COHFACE_s12_session1_lamp,0,1437,47.9,0.44429070472305215,0.08470613175566251
COHFACE_s12_session1_lamp,0,1438,47.93333333333333,0.3421546786276215,0.04198802135715622
COHFACE_s12_session1_lamp,0,1439,47.96666666666667,0.2403742142753129,0.0038921344504943313
COHFACE_s12_session1_lamp,0,1440,48.0,0.13705244080084306,-0.028986652421924525
COHFACE_s12_session1_lamp,0,1441,48.03333333333333,0.039204292842519334,-0.04654583426266637
COHFACE_s12_session1_lamp,0,1442,48.06666666666667,-0.044605886509329104,-0.06230155576297958
COHFACE_s12_session1_lamp,0,1443,48.1,-0.10943094158135228,-0.1128883989084551
COHFACE_s12_session1_lamp,0,1444,48.13333333333333,-0.15564735958384718,-0.20895063524741234
COHFACE_s12_session1_lamp,0,1445,48.166666666666664,-0.18927047094664556,-0.3344927030106618
COHFACE_s12_session1_lamp,0,1446,48.2,-0.21897881317439677,-0.4594195651905101
COHFACE_s12_session1_lamp,0,1447,48.233333333333334,-0.2519929448258543,-0.5395300581694898
COHFACE_s12_session1_lamp,0,1448,48.266666666666666,-0.29272647867439594,-0.5456001291038313
COHFACE_s12_session1_lamp,0,1449,48.3,-0.34376578961840243,-0.4636833051340507
COHFACE_s12_session1_lamp,0,1450,48.333333333333336,-0.40614896885347257,-0.3123427382167311
COHFACE_s12_session1_lamp,0,1451,48.36666666666667,-0.4778172048748657,-0.14274133046161777
COHFACE_s12_session1_lamp,0,1452,48.4,-0.5532637980599564,0.007251309587548105
COHFACE_s12_session1_lamp,0,1453,48.43333333333333,-0.6245983828901787,0.11289426139686537
COHFACE_s12_session1_lamp,0,1454,48.46666666666667,-0.6812814893263125,0.18641039447650504
COHFACE_s12_session1_lamp,0,1455,48.5,-0.7092797980136565,0.27583890715982934
COHFACE_s12_session1_lamp,0,1456,48.53333333333333,-0.690617333776432,0.3749739096589342
COHFACE_s12_session1_lamp,0,1457,48.56666666666667,-0.6040138030263387,0.4228708559782343
COHFACE_s12_session1_lamp,0,1458,48.6,-0.4273155218009168,0.4070617878029587
COHFACE_s12_session1_lamp,0,1459,48.63333333333333,-0.1486858937744408,0.36355103131965094
COHFACE_s12_session1_lamp,0,1460,48.666666666666664,0.19972232544925803,0.3173304540070319
COHFACE_s12_session1_lamp,0,1461,48.7,0.525538283720878,0.28196547375072606
COHFACE_s12_session1_lamp,0,1462,48.733333333333334,0.7366719172509847,0.26307652992047464
COHFACE_s12_session1_lamp,0,1463,48.766666666666666,0.813227851142471,0.25844081977110334
COHFACE_s12_session1_lamp,0,1464,48.8,0.79649078825673,0.26237729294817264
COHFACE_s12_session1_lamp,0,1465,48.833333333333336,0.732666527549556,0.26596957277381567
COHFACE_s12_session1_lamp,0,1466,48.86666666666667,0.6457938457884861,0.2695100234691651
COHFACE_s12_session1_lamp,0,1467,48.9,0.5491754287493905,0.28250538840254924
COHFACE_s12_session1_lamp,0,1468,48.93333333333333,0.4586033064532399,0.28969592074899153
COHFACE_s12_session1_lamp,0,1469,48.96666666666667,0.38179011749888564,0.25145173487088146
COHFACE_s12_session1_lamp,0,1470,49.0,0.3097159899461883,0.1573211000914474
COHFACE_s12_session1_lamp,0,1471,49.03333333333333,0.23004198888336652,0.02666035201929781
COHFACE_s12_session1_lamp,0,1472,49.06666666666667,0.14065124002660814,-0.12251815628077226
COHFACE_s12_session1_lamp,0,1473,49.1,0.04959579104333404,-0.2730752031073769
COHFACE_s12_session1_lamp,0,1474,49.13333333333333,-0.031922507284581986,-0.40962008653051574
COHFACE_s12_session1_lamp,0,1475,49.166666666666664,-0.0965875459567163,-0.5178294714373017
COHFACE_s12_session1_lamp,0,1476,49.2,-0.144001088780914,-0.5949823192695594
COHFACE_s12_session1_lamp,0,1477,49.233333333333334,-0.17902011713016497,-0.649230943643841
COHFACE_s12_session1_lamp,0,1478,49.266666666666666,-0.2080884628016531,-0.6609941006470557
COHFACE_s12_session1_lamp,0,1479,49.3,-0.23750110974330793,-0.5831185774425036
COHFACE_s12_session1_lamp,0,1480,49.333333333333336,-0.2729934524191402,-0.44032470752938363
COHFACE_s12_session1_lamp,0,1481,49.36666666666667,-0.3186054365416797,-0.3290587492242322
COHFACE_s12_session1_lamp,0,1482,49.4,-0.37555736560115827,-0.2875298647199197
COHFACE_s12_session1_lamp,0,1483,49.43333333333333,-0.44182793056953074,-0.29543303912221025
COHFACE_s12_session1_lamp,0,1484,49.46666666666667,-0.5125029518154792,-0.33594268969602276
COHFACE_s12_session1_lamp,0,1485,49.5,-0.5793950539902136,-0.3961839304750184
COHFACE_s12_session1_lamp,0,1486,49.53333333333333,-0.630672423715798,-0.41715581330779067
COHFACE_s12_session1_lamp,0,1487,49.56666666666667,-0.6515878863086524,-0.2950536693787706
COHFACE_s12_session1_lamp,0,1488,49.6,-0.6239373777046723,-0.0356732542342953
COHFACE_s12_session1_lamp,0,1489,49.63333333333333,-0.5253050810530542,0.2448235500882708
COHFACE_s12_session1_lamp,0,1490,49.666666666666664,-0.3331430429962338,0.4814820791135565
COHFACE_s12_session1_lamp,0,1491,49.7,-0.04400809201523696,0.6603634286089879
COHFACE_s12_session1_lamp,0,1492,49.733333333333334,0.2919882985486944,0.7777214839744362
COHFACE_s12_session1_lamp,0,1493,49.766666666666666,0.5763203844262335,0.8387892932928048
COHFACE_s12_session1_lamp,0,1494,49.8,0.7354328874592492,0.850730874503216
COHFACE_s12_session1_lamp,0,1495,49.833333333333336,0.7718431381781896,0.8219770436833188
COHFACE_s12_session1_lamp,0,1496,49.86666666666667,0.7329823941027944,0.7640493318886543
COHFACE_s12_session1_lamp,0,1497,49.9,0.6591071290195221,0.6914373075148199
COHFACE_s12_session1_lamp,0,1498,49.93333333333333,0.569374884967496,0.6025216512874931
COHFACE_s12_session1_lamp,0,1499,49.96666666666667,0.47764450021873384,0.4801678364645142
COHFACE_s12_session1_lamp,0,1500,50.0,0.3986342261623432,0.32811957752080706
COHFACE_s12_session1_lamp,0,1501,50.03333333333333,0.33410984952686945,0.1718142821723382
COHFACE_s12_session1_lamp,0,1502,50.06666666666667,0.2711150075307224,0.031871708010614994
COHFACE_s12_session1_lamp,0,1503,50.1,0.1991401190937642,-0.07532041548669442
COHFACE_s12_session1_lamp,0,1504,50.13333333333333,0.11972314672719596,-0.15808092594919132
COHFACE_s12_session1_lamp,0,1505,50.166666666666664,0.042570031630104775,-0.248363652564632
COHFACE_s12_session1_lamp,0,1506,50.2,-0.02250757759215745,-0.3543300804051304
COHFACE_s12_session1_lamp,0,1507,50.233333333333334,-0.07192605239736526,-0.4594089737972231
COHFACE_s12_session1_lamp,0,1508,50.266666666666666,-0.10880811009174535,-0.5450525877496081
COHFACE_s12_session1_lamp,0,1509,50.3,-0.13943248398597508,-0.5904744723588485
COHFACE_s12_session1_lamp,0,1510,50.333333333333336,-0.17053112875999127,-0.6144444712844765
COHFACE_s12_session1_lamp,0,1511,50.36666666666667,-0.20840435518002243,-0.6744013869271115
COHFACE_s12_session1_lamp,0,1512,50.4,-0.2581583607057706,-0.784663810002673
COHFACE_s12_session1_lamp,0,1513,50.43333333333333,-0.3223636937515203,-0.9155944577431933
COHFACE_s12_session1_lamp,0,1514,50.46666666666667,-0.4005768674400903,-1.0229847209103355
COHFACE_s12_session1_lamp,0,1515,50.5,-0.48942753548884543,-1.0484256961238274
COHFACE_s12_session1_lamp,0,1516,50.53333333333333,-0.5817326342652236,-0.9724712393297205
COHFACE_s12_session1_lamp,0,1517,50.56666666666667,-0.6661949451100718,-0.8150779705909472
COHFACE_s12_session1_lamp,0,1518,50.6,-0.728488876341945,-0.594347165918811
COHFACE_s12_session1_lamp,0,1519,50.63333333333333,-0.7520686300100101,-0.3272124190598088
COHFACE_s12_session1_lamp,0,1520,50.666666666666664,-0.7177083484256539,-0.014585000092530484
COHFACE_s12_session1_lamp,0,1521,50.7,-0.6031552995001829,0.35666878236896693
COHFACE_s12_session1_lamp,0,1522,50.733333333333334,-0.38620241645664255,0.748833069462154
COHFACE_s12_session1_lamp,0,1523,50.766666666666666,-0.06681225218206764,1.071684674691726
COHFACE_s12_session1_lamp,0,1524,50.8,0.29469917422693825,1.2862361498785864
COHFACE_s12_session1_lamp,0,1525,50.833333333333336,0.5935150666668134,1.4034804537300671
COHFACE_s12_session1_lamp,0,1526,50.86666666666667,0.7636240529275197,1.4398326738914473
COHFACE_s12_session1_lamp,0,1527,50.9,0.8182978295291198,1.4157820183972072
COHFACE_s12_session1_lamp,0,1528,50.93333333333333,0.8070308996741135,1.3336750974161786
COHFACE_s12_session1_lamp,0,1529,50.96666666666667,0.7630852435490361,1.1778220836456117
COHFACE_s12_session1_lamp,0,1530,51.0,0.6925189755014347,0.9570664426346541
COHFACE_s12_session1_lamp,0,1531,51.03333333333333,0.5977055620170798,0.7056850113894153
COHFACE_s12_session1_lamp,0,1532,51.06666666666667,0.49491444260056694,0.45230366516657566
COHFACE_s12_session1_lamp,0,1533,51.1,0.400750973097842,0.22094265017832956
COHFACE_s12_session1_lamp,0,1534,51.13333333333333,0.3159435478647386,0.009300532388242022
COHFACE_s12_session1_lamp,0,1535,51.166666666666664,0.2322861176378663,-0.2094334318478093
COHFACE_s12_session1_lamp,0,1536,51.2,0.14662022683133205,-0.43926837568584876
COHFACE_s12_session1_lamp,0,1537,51.233333333333334,0.0639594713367479,-0.6596354800877564
COHFACE_s12_session1_lamp,0,1538,51.266666666666666,-0.008091777572466666,-0.851138537800119
COHFACE_s12_session1_lamp,0,1539,51.3,-0.06543832803210459,-0.9944499914580605
COHFACE_s12_session1_lamp,0,1540,51.333333333333336,-0.10964763912669231,-1.1020425768743802
COHFACE_s12_session1_lamp,0,1541,51.36666666666667,-0.14587279338664041,-1.2167427229617136
COHFACE_s12_session1_lamp,0,1542,51.4,-0.18046855541446982,-1.3413863917802176
COHFACE_s12_session1_lamp,0,1543,51.43333333333333,-0.2197014215221424,-1.4378882137717912
COHFACE_s12_session1_lamp,0,1544,51.46666666666667,-0.2686254895128668,-1.4507280653620416
COHFACE_s12_session1_lamp,0,1545,51.5,-0.3311407873647987,-1.307869148856995
COHFACE_s12_session1_lamp,0,1546,51.53333333333333,-0.4084475820491918,-1.0254172680814666
COHFACE_s12_session1_lamp,0,1547,51.56666666666667,-0.49674525734350583,-0.7082260109455704
COHFACE_s12_session1_lamp,0,1548,51.6,-0.5887319675963745,-0.3877911945575807
COHFACE_s12_session1_lamp,0,1549,51.63333333333333,-0.675534880098466,-0.023689169965604925
COHFACE_s12_session1_lamp,0,1550,51.666666666666664,-0.7456577458738163,0.370808344049973
COHFACE_s12_session1_lamp,0,1551,51.7,-0.783929666144929,0.726420187028319
COHFACE_s12_session1_lamp,0,1552,51.733333333333334,-0.7716889955797053,0.9971730844383042
COHFACE_s12_session1_lamp,0,1553,51.766666666666666,-0.6864685029289304,1.159090831743187
COHFACE_s12_session1_lamp,0,1554,51.8,-0.503438001209288,1.2201373479459734
COHFACE_s12_session1_lamp,0,1555,51.833333333333336,-0.2109188241625568,1.2187547841528759
COHFACE_s12_session1_lamp,0,1556,51.86666666666667,0.15240406906685236,1.175749410038197
COHFACE_s12_session1_lamp,0,1557,51.9,0.4897955617781815,1.0936561219199896
COHFACE_s12_session1_lamp,0,1558,51.93333333333333,0.7149231978226116,0.9770421603046041
COHFACE_s12_session1_lamp,0,1559,51.96666666666667,0.8151449892988396,0.8329505500272811
COHFACE_s12_session1_lamp,0,1560,52.0,0.8312967255517173,0.6726727642758603
COHFACE_s12_session1_lamp,0,1561,52.03333333333333,0.8036066717900737,0.5124764331637467
COHFACE_s12_session1_lamp,0,1562,52.06666666666667,0.7464259229308041,0.3552401972412448
COHFACE_s12_session1_lamp,0,1563,52.1,0.6607541846954734,0.19156867227101948
COHFACE_s12_session1_lamp,0,1564,52.13333333333333,0.5583637655718297,0.023508076748270365
COHFACE_s12_session1_lamp,0,1565,52.166666666666664,0.4589606854563923,-0.13426862024202252
COHFACE_s12_session1_lamp,0,1566,52.2,0.36945412133013866,-0.2753076691155335
COHFACE_s12_session1_lamp,0,1567,52.233333333333334,0.2835723515216532,-0.40034790550469446
COHFACE_s12_session1_lamp,0,1568,52.266666666666666,0.19635507771685579,-0.5096980216219353
COHFACE_s12_session1_lamp,0,1569,52.3,0.11056009813312284,-0.6022503268101366
COHFACE_s12_session1_lamp,0,1570,52.333333333333336,0.0334280831506115,-0.6808608736965789
COHFACE_s12_session1_lamp,0,1571,52.36666666666667,-0.029733927508598643,-0.7515337639035155
COHFACE_s12_session1_lamp,0,1572,52.4,-0.07872189516684833,-0.8026461373179828
COHFACE_s12_session1_lamp,0,1573,52.43333333333333,-0.1173052403860371,-0.804725798362056
COHFACE_s12_session1_lamp,0,1574,52.46666666666667,-0.15163427391289894,-0.7572874863321873
COHFACE_s12_session1_lamp,0,1575,52.5,-0.18861741321811926,-0.6888056836871549
COHFACE_s12_session1_lamp,0,1576,52.53333333333333,-0.234323245811143,-0.6065046947171383
COHFACE_s12_session1_lamp,0,1577,52.56666666666667,-0.2933376143196674,-0.49664091401930344
COHFACE_s12_session1_lamp,0,1578,52.6,-0.3678737507095041,-0.3631133692592487
COHFACE_s12_session1_lamp,0,1579,52.63333333333333,-0.4560022031536471,-0.22816204512736896
COHFACE_s12_session1_lamp,0,1580,52.666666666666664,-0.5516270902075646,-0.09504022060661334
COHFACE_s12_session1_lamp,0,1581,52.7,-0.6464619817414583,0.05107043074818805
COHFACE_s12_session1_lamp,0,1582,52.733333333333334,-0.7299051356199735,0.21234853735033174
COHFACE_s12_session1_lamp,0,1583,52.766666666666666,-0.7881435801637808,0.37717052616528257
COHFACE_s12_session1_lamp,0,1584,52.8,-0.8044291889275147,0.5268648264418799
COHFACE_s12_session1_lamp,0,1585,52.833333333333336,-0.7577122034770392,0.6350131471741793
COHFACE_s12_session1_lamp,0,1586,52.86666666666667,-0.6218980188107766,0.6903998596030092
COHFACE_s12_session1_lamp,0,1587,52.9,-0.3749597463183748,0.6965091954781842
COHFACE_s12_session1_lamp,0,1588,52.93333333333333,-0.030842845418316993,0.6551817005291655
COHFACE_s12_session1_lamp,0,1589,52.96666666666667,0.3328895810386466,0.5664765552769778
COHFACE_s12_session1_lamp,0,1590,53.0,0.616588494859005,0.44155590646114
COHFACE_s12_session1_lamp,0,1591,53.03333333333333,0.776926320422901,0.3029709673886429
COHFACE_s12_session1_lamp,0,1592,53.06666666666667,0.8376870956467186,0.1564443011317539
COHFACE_s12_session1_lamp,0,1593,53.1,0.8386340566230349,-0.008316957067333009
COHFACE_s12_session1_lamp,0,1594,53.13333333333333,0.8001267061795219,-0.18990308243271126
COHFACE_s12_session1_lamp,0,1595,53.166666666666664,0.7271525645804123,-0.3740658224854661
COHFACE_s12_session1_lamp,0,1596,53.2,0.6307558755097202,-0.5287798955292526
COHFACE_s12_session1_lamp,0,1597,53.233333333333334,0.5309151370459188,-0.6038421228719577
COHFACE_s12_session1_lamp,0,1598,53.266666666666666,0.4364738617362232,-0.5758090213473002
COHFACE_s12_session1_lamp,0,1599,53.3,0.3408303670458553,-0.4481251399544232
COHFACE_s12_session1_lamp,0,1600,53.333333333333336,0.23869309717772988,-0.23519560240627208
COHFACE_s12_session1_lamp,0,1601,53.36666666666667,0.13493797394615784,0.03712720791582989
COHFACE_s12_session1_lamp,0,1602,53.4,0.04053053102401491,0.3259700879629163
COHFACE_s12_session1_lamp,0,1603,53.43333333333333,-0.0349395633118388,0.5707401071484266
COHFACE_s12_session1_lamp,0,1604,53.46666666666667,-0.08919404939309095,0.732247266674394
COHFACE_s12_session1_lamp,0,1605,53.5,-0.1279638566046405,0.7921014345197127
COHFACE_s12_session1_lamp,0,1606,53.53333333333333,-0.16032984501097539,0.7405322317450448
COHFACE_s12_session1_lamp,0,1607,53.56666666666667,-0.19422043628191019,0.5762676930725686
COHFACE_s12_session1_lamp,0,1608,53.6,-0.2359173953583647,0.32970463799015154
COHFACE_s12_session1_lamp,0,1609,53.63333333333333,-0.29018916620451823,0.06323834783799516
COHFACE_s12_session1_lamp,0,1610,53.666666666666664,-0.35889799403755973,-0.19001529979089052
COHFACE_s12_session1_lamp,0,1611,53.7,-0.440533000418116,-0.42523792831503643
COHFACE_s12_session1_lamp,0,1612,53.733333333333334,-0.5307195782373135,-0.6353059224460448
COHFACE_s12_session1_lamp,0,1613,53.766666666666666,-0.6221139437286829,-0.8092907232830812
COHFACE_s12_session1_lamp,0,1614,53.8,-0.7045382349983972,-0.9373918546355684
COHFACE_s12_session1_lamp,0,1615,53.833333333333336,-0.7653265449245179,-1.0099653258440489
COHFACE_s12_session1_lamp,0,1616,53.86666666666667,-0.7879757300489816,-1.008623756585532
COHFACE_s12_session1_lamp,0,1617,53.9,-0.7502168178980845,-0.9062538786336742
COHFACE_s12_session1_lamp,0,1618,53.93333333333333,-0.6251049113324467,-0.7034985070246121
COHFACE_s12_session1_lamp,0,1619,53.96666666666667,-0.3902075051794221,-0.4294937096832855
COHFACE_s12_session1_lamp,0,1620,54.0,-0.056208640563134175,-0.11340159687064039
COHFACE_s12_session1_lamp,0,1621,54.03333333333333,0.30468535413683956,0.21443440050708074
COHFACE_s12_session1_lamp,0,1622,54.06666666666667,0.592286852403617,0.518667360167786
COHFACE_s12_session1_lamp,0,1623,54.1,0.756112052857733,0.7575814235686215
COHFACE_s12_session1_lamp,0,1624,54.13333333333333,0.8156831401444087,0.9053932685803447
COHFACE_s12_session1_lamp,0,1625,54.166666666666664,0.8123427645632468,0.9512538806608531
COHFACE_s12_session1_lamp,0,1626,54.2,0.7688584064470356,0.9075976024647807
COHFACE_s12_session1_lamp,0,1627,54.233333333333334,0.6922987568936061,0.8094389015085245
COHFACE_s12_session1_lamp,0,1628,54.266666666666666,0.5960947874399616,0.6865634257519339
COHFACE_s12_session1_lamp,0,1629,54.3,0.5006388989475926,0.5633738942444176
COHFACE_s12_session1_lamp,0,1630,54.333333333333336,0.4130586160830699,0.44077290007926073
COHFACE_s12_session1_lamp,0,1631,54.36666666666667,0.3251413821636816,0.2970379217850549
COHFACE_s12_session1_lamp,0,1632,54.4,0.23132036731004274,0.13689799672346004
COHFACE_s12_session1_lamp,0,1633,54.43333333333333,0.13688476282564455,-0.0075395058461959485
COHFACE_s12_session1_lamp,0,1634,54.46666666666667,0.05186478972826938,-0.11339045378314354
COHFACE_s12_session1_lamp,0,1635,54.5,-0.016148865799640325,-0.16657593704288454
COHFACE_s12_session1_lamp,0,1636,54.53333333333333,-0.06538003469165088,-0.18637804713849218
COHFACE_s12_session1_lamp,0,1637,54.56666666666667,-0.10007894824383658,-0.22445876168336604
COHFACE_s12_session1_lamp,0,1638,54.6,-0.12797542417041202,-0.2889001290387948
COHFACE_s12_session1_lamp,0,1639,54.63333333333333,-0.15716147860762103,-0.3436590948255533
COHFACE_s12_session1_lamp,0,1640,54.666666666666664,-0.19432026707250544,-0.37811161523793435
COHFACE_s12_session1_lamp,0,1641,54.7,-0.24438362952107334,-0.4069385313270331
COHFACE_s12_session1_lamp,0,1642,54.733333333333334,-0.31051567867489094,-0.44618837175099346
COHFACE_s12_session1_lamp,0,1643,54.766666666666666,-0.39269463296832285,-0.5125974890580096
COHFACE_s12_session1_lamp,0,1644,54.8,-0.4864854110659508,-0.5937129476357682
COHFACE_s12_session1_lamp,0,1645,54.833333333333336,-0.5839918346281534,-0.6477844030348334
COHFACE_s12_session1_lamp,0,1646,54.86666666666667,-0.6750429305319471,-0.6512329803740387
COHFACE_s12_session1_lamp,0,1647,54.9,-0.7474600505936848,-0.5989726141784679
COHFACE_s12_session1_lamp,0,1648,54.93333333333333,-0.7862861546633935,-0.5074278958522915
COHFACE_s12_session1_lamp,0,1649,54.96666666666667,-0.772320281234327,-0.4144831677820051
COHFACE_s12_session1_lamp,0,1650,55.0,-0.6824984718605897,-0.3195403727868811
COHFACE_s12_session1_lamp,0,1651,55.03333333333333,-0.4930098956499772,-0.18426322767024872
COHFACE_s12_session1_lamp,0,1652,55.06666666666667,-0.19495140511181247,-0.001299989010212374
COHFACE_s12_session1_lamp,0,1653,55.1,0.1695508541043494,0.20446883947283928
COHFACE_s12_session1_lamp,0,1654,55.13333333333333,0.5031630649627727,0.40396174662995593
COHFACE_s12_session1_lamp,0,1655,55.166666666666664,0.7232850334221707,0.5631963331969202
COHFACE_s12_session1_lamp,0,1656,55.2,0.8207230154896719,0.6787793719341382
COHFACE_s12_session1_lamp,0,1657,55.233333333333334,0.8338811691156044,0.7768127674651906
COHFACE_s12_session1_lamp,0,1658,55.266666666666666,0.796735134019651,0.8604299633097247
COHFACE_s12_session1_lamp,0,1659,55.3,0.7247717677731097,0.9089724771285767
COHFACE_s12_session1_lamp,0,1660,55.333333333333336,0.6318201952158717,0.9011217533899737
COHFACE_s12_session1_lamp,0,1661,55.36666666666667,0.5376880356843221,0.8151595977223839
COHFACE_s12_session1_lamp,0,1662,55.4,0.451702499327672,0.6629534160578346
COHFACE_s12_session1_lamp,0,1663,55.43333333333333,0.3654860401610463,0.49025032704804306
COHFACE_s12_session1_lamp,0,1664,55.46666666666667,0.27037939787232074,0.32452773290839315
COHFACE_s12_session1_lamp,0,1665,55.5,0.16999183263821632,0.17548241154317007
COHFACE_s12_session1_lamp,0,1666,55.53333333333333,0.07505940231409977,0.04874662619017668
COHFACE_s12_session1_lamp,0,1667,55.56666666666667,-0.004993679324959005,-0.05314590963149449
COHFACE_s12_session1_lamp,0,1668,55.6,-0.0666748745411044,-0.13744139640600156
COHFACE_s12_session1_lamp,0,1669,55.63333333333333,-0.1125956019827786,-0.22015819268275966
COHFACE_s12_session1_lamp,0,1670,55.666666666666664,-0.14823965507345127,-0.3110468182610187
COHFACE_s12_session1_lamp,0,1671,55.7,-0.18047656469872003,-0.4126482978367879
COHFACE_s12_session1_lamp,0,1672,55.733333333333334,-0.21682653764238308,-0.5235181949255493
COHFACE_s12_session1_lamp,0,1673,55.766666666666666,-0.26292550342427035,-0.6374821537064769
COHFACE_s12_session1_lamp,0,1674,55.8,-0.32121812566542296,-0.7457893143914677
COHFACE_s12_session1_lamp,0,1675,55.833333333333336,-0.39128160613512125,-0.8365073214052937
COHFACE_s12_session1_lamp,0,1676,55.86666666666667,-0.47016637498032976,-0.8865174431842657
COHFACE_s12_session1_lamp,0,1677,55.9,-0.5524916465235806,-0.8615124477798217
COHFACE_s12_session1_lamp,0,1678,55.93333333333333,-0.6298715476136518,-0.7676635221706074
COHFACE_s12_session1_lamp,0,1679,55.96666666666667,-0.6912281580892217,-0.6516273205610406
COHFACE_s12_session1_lamp,0,1680,56.0,-0.7234449584164153,-0.5249235997353054
COHFACE_s12_session1_lamp,0,1681,56.03333333333333,-0.7096123367025527,-0.3644618023915337
COHFACE_s12_session1_lamp,0,1682,56.06666666666667,-0.6284781759004235,-0.1630321303176639
COHFACE_s12_session1_lamp,0,1683,56.1,-0.45699574535546533,0.06929460297054885
COHFACE_s12_session1_lamp,0,1684,56.13333333333333,-0.1832746274634691,0.30616785082068293
COHFACE_s12_session1_lamp,0,1685,56.166666666666664,0.1590771109475971,0.504002491032504
COHFACE_s12_session1_lamp,0,1686,56.2,0.4791236473045898,0.6507505788177627
COHFACE_s12_session1_lamp,0,1687,56.233333333333334,0.6895036679520247,0.7647842845034925
COHFACE_s12_session1_lamp,0,1688,56.266666666666666,0.773436958183992,0.8519681425946226
COHFACE_s12_session1_lamp,0,1689,56.3,0.7711866392695095,0.9046378080143148
COHFACE_s12_session1_lamp,0,1690,56.333333333333336,0.7232247208030134,0.91106396668228
COHFACE_s12_session1_lamp,0,1691,56.36666666666667,0.6481715105909641,0.8553952859224975
COHFACE_s12_session1_lamp,0,1692,56.4,0.5609283927550688,0.747080936280069
COHFACE_s12_session1_lamp,0,1693,56.43333333333333,0.48127162088408737,0.6210000359648382
COHFACE_s12_session1_lamp,0,1694,56.46666666666667,0.4155203191379767,0.4948316630025277
COHFACE_s12_session1_lamp,0,1695,56.5,0.35008791902374053,0.36947068209870676
COHFACE_s12_session1_lamp,0,1696,56.53333333333333,0.2714188353154135,0.23242266005057127
COHFACE_s12_session1_lamp,0,1697,56.56666666666667,0.18063818567935847,0.05909756978611397
COHFACE_s12_session1_lamp,0,1698,56.6,0.08890271852171011,-0.1470975623176103
COHFACE_s12_session1_lamp,0,1699,56.63333333333333,0.007920778095520727,-0.35357353055822455
COHFACE_s12_session1_lamp,0,1700,56.666666666666664,-0.05616582754190658,-0.5408332079435731
COHFACE_s12_session1_lamp,0,1701,56.7,-0.10474824600779681,-0.7015158366809682
COHFACE_s12_session1_lamp,0,1702,56.733333333333334,-0.14449076423710167,-0.8268884520150581
COHFACE_s12_session1_lamp,0,1703,56.766666666666666,-0.18371101784577012,-0.905920417641121
COHFACE_s12_session1_lamp,0,1704,56.8,-0.22937127696530074,-0.9352835917540654
COHFACE_s12_session1_lamp,0,1705,56.833333333333336,-0.2858984950511553,-0.9188751210294273
COHFACE_s12_session1_lamp,0,1706,56.86666666666667,-0.3553406754285214,-0.8534336456689395
COHFACE_s12_session1_lamp,0,1707,56.9,-0.43711902852640505,-0.7287662519034473
COHFACE_s12_session1_lamp,0,1708,56.93333333333333,-0.5269156070376696,-0.5594855315510102
COHFACE_s12_session1_lamp,0,1709,56.96666666666667,-0.6164608380352078,-0.38551883564215916
COHFACE_s12_session1_lamp,0,1710,57.0,-0.6952894002708069,-0.2256383454967498
COHFACE_s12_session1_lamp,0,1711,57.03333333333333,-0.7509432650879911,-0.07822064436951853
COHFACE_s12_session1_lamp,0,1712,57.06666666666667,-0.7664561458965655,0.06647528820235588
COHFACE_s12_session1_lamp,0,1713,57.1,-0.719959646591687,0.2249081181685022
COHFACE_s12_session1_lamp,0,1714,57.13333333333333,-0.5870830233692712,0.38042019593784215
COHFACE_s12_session1_lamp,0,1715,57.166666666666664,-0.34723226931401724,0.4825193683382806
COHFACE_s12_session1_lamp,0,1716,57.2,-0.0098432280118847,0.5207322550226439
COHFACE_s12_session1_lamp,0,1717,57.233333333333334,0.3539674650148619,0.5241213775481169
COHFACE_s12_session1_lamp,0,1718,57.266666666666666,0.6405698294076727,0.522925086058456
COHFACE_s12_session1_lamp,0,1719,57.3,0.7946042718401274,0.5476275132208189
COHFACE_s12_session1_lamp,0,1720,57.333333333333336,0.8366927421628563,0.5963598589383635
COHFACE_s12_session1_lamp,0,1721,57.36666666666667,0.8149582799757769,0.6347673706143766
COHFACE_s12_session1_lamp,0,1722,57.4,0.7582073049948057,0.6396812247334175
COHFACE_s12_session1_lamp,0,1723,57.43333333333333,0.6763866252584562,0.5995293026535626
COHFACE_s12_session1_lamp,0,1724,57.46666666666667,0.5835190388865651,0.5204217093870364
COHFACE_s12_session1_lamp,0,1725,57.5,0.49754510183050044,0.4263097913947627
COHFACE_s12_session1_lamp,0,1726,57.53333333333333,0.4205481170597122,0.33439907198443614
COHFACE_s12_session1_lamp,0,1727,57.56666666666667,0.3400682222353441,0.255401526018458
COHFACE_s12_session1_lamp,0,1728,57.6,0.2488716506976852,0.1970925652303702
COHFACE_s12_session1_lamp,0,1729,57.63333333333333,0.15267561888715112,0.16474775406288278
COHFACE_s12_session1_lamp,0,1730,57.666666666666664,0.06281282678387143,0.14847072656164806
COHFACE_s12_session1_lamp,0,1731,57.7,-0.012237284401416665,0.12381837874750089
COHFACE_s12_session1_lamp,0,1732,57.733333333333334,-0.07033700542722653,0.07617568432733604
COHFACE_s12_session1_lamp,0,1733,57.766666666666666,-0.11520744900810237,0.0014663069609674728
COHFACE_s12_session1_lamp,0,1734,57.8,-0.15369088326125688,-0.09355932696330808
COHFACE_s12_session1_lamp,0,1735,57.833333333333336,-0.19387819014237473,-0.1908756251890542
COHFACE_s12_session1_lamp,0,1736,57.86666666666667,-0.24380696103764765,-0.2948819001953527
COHFACE_s12_session1_lamp,0,1737,57.9,-0.3082531527070399,-0.43148635571722344
COHFACE_s12_session1_lamp,0,1738,57.93333333333333,-0.38772528071530643,-0.6134491980343534
COHFACE_s12_session1_lamp,0,1739,57.96666666666667,-0.4804182624362517,-0.838969350413609
COHFACE_s12_session1_lamp,0,1740,58.0,-0.5812733631266847,-1.084408167520523
COHFACE_s12_session1_lamp,0,1741,58.03333333333333,-0.6804501203391654,-1.303320286762675
COHFACE_s12_session1_lamp,0,1742,58.06666666666667,-0.7641128369416996,-1.4337342462029248
COHFACE_s12_session1_lamp,0,1743,58.1,-0.8152580734623026,-1.3983715650913662
COHFACE_s12_session1_lamp,0,1744,58.13333333333333,-0.8140872216270378,-1.194693927893511
COHFACE_s12_session1_lamp,0,1745,58.166666666666664,-0.7368747424438546,-0.8952676635070461
COHFACE_s12_session1_lamp,0,1746,58.2,-0.556046040929727,-0.543862595654962
COHFACE_s12_session1_lamp,0,1747,58.233333333333334,-0.25371060771380305,-0.15640387607744008
COHFACE_s12_session1_lamp,0,1748,58.266666666666666,0.14017610774697223,0.25847437827542197
COHFACE_s12_session1_lamp,0,1749,58.3,0.528302326994487,0.6968158830622282
COHFACE_s12_session1_lamp,0,1750,58.333333333333336,0.806807300945874,1.1151974488244114
COHFACE_s12_session1_lamp,0,1751,58.36666666666667,0.9443298900577649,1.4287484619476951
COHFACE_s12_session1_lamp,0,1752,58.4,0.9773178118911018,1.6027249946196833
COHFACE_s12_session1_lamp,0,1753,58.43333333333333,0.9495520534507713,1.6511814525261246
COHFACE_s12_session1_lamp,0,1754,58.46666666666667,0.8764615855965412,1.583226532483159
COHFACE_s12_session1_lamp,0,1755,58.5,0.7575668282681299,1.40234835935447
COHFACE_s12_session1_lamp,0,1756,58.53333333333333,0.6071242818079033,1.1418327962921033
COHFACE_s12_session1_lamp,0,1757,58.56666666666667,0.4564300651960478,0.8650561171191056
COHFACE_s12_session1_lamp,0,1758,58.6,0.327428691974507,0.6100073281644822
COHFACE_s12_session1_lamp,0,1759,58.63333333333333,0.22275754337239656,0.3901501465288725
