recording_id,measurement_id,sample_index,time_seconds,gt_signal,predicted_signal
UBFC_PHYS_s14_T2_ctrl,0,0,0.0,0.013499985172064757,0.03571507622259469
UBFC_PHYS_s14_T2_ctrl,0,1,0.03333333333333333,0.036382132463914675,0.20045370945377747
UBFC_PHYS_s14_T2_ctrl,0,2,0.06666666666666667,0.05672442737527426,0.3591265614034063
UBFC_PHYS_s14_T2_ctrl,0,3,0.1,0.07109208325927807,0.48613882841696354
UBFC_PHYS_s14_T2_ctrl,0,4,0.13333333333333333,0.07606038772218356,0.5682295907115645
UBFC_PHYS_s14_T2_ctrl,0,5,0.16666666666666666,0.07054197717960906,0.6039671494649945
UBFC_PHYS_s14_T2_ctrl,0,6,0.2,0.055937469916379406,0.5982538997176484
UBFC_PHYS_s14_T2_ctrl,0,7,0.23333333333333334,0.03386773865432362,0.561962373740639
UBFC_PHYS_s14_T2_ctrl,0,8,0.26666666666666666,0.004972335591518079,0.5041380954029583
UBFC_PHYS_s14_T2_ctrl,0,9,0.3,-0.028880247443967555,0.4320439838588652
UBFC_PHYS_s14_T2_ctrl,0,10,0.3333333333333333,-0.06133524943373241,0.3506158897306162
UBFC_PHYS_s14_T2_ctrl,0,11,0.36666666666666664,-0.08203706299054157,0.2628926337501044
UBFC_PHYS_s14_T2_ctrl,0,12,0.4,-0.08220564964587997,0.17212732025672484
UBFC_PHYS_s14_T2_ctrl,0,13,0.43333333333333335,-0.06048839210580162,0.08238511941580612
UBFC_PHYS_s14_T2_ctrl,0,14,0.4666666666666667,-0.023293126248218915,-0.003642310645893182
UBFC_PHYS_s14_T2_ctrl,0,15,0.5,0.01995015287498066,-0.08400655387749317
UBFC_PHYS_s14_T2_ctrl,0,16,0.5333333333333333,0.06137446073719955,-0.15761149719677164
UBFC_PHYS_s14_T2_ctrl,0,17,0.5666666666666667,0.09608150636366115,-0.22360907703329333
UBFC_PHYS_s14_T2_ctrl,0,18,0.6,0.12137147591077159,-0.2818540341045966
UBFC_PHYS_s14_T2_ctrl,0,19,0.6333333333333333,0.13570182871955955,-0.3323869465097542
UBFC_PHYS_s14_T2_ctrl,0,20,0.6666666666666666,0.13828769131765986,-0.37788203360177997
UBFC_PHYS_s14_T2_ctrl,0,21,0.7,0.1293612067209827,-0.4231779475604779
UBFC_PHYS_s14_T2_ctrl,0,22,0.7333333333333333,0.11040010546744497,-0.4695494641388309
UBFC_PHYS_s14_T2_ctrl,0,23,0.7666666666666667,0.08383968389323221,-0.5143394510769492
UBFC_PHYS_s14_T2_ctrl,0,24,0.8,0.052693437229521724,-0.5536138042602262
UBFC_PHYS_s14_T2_ctrl,0,25,0.8333333333333334,0.020146719464853812,-0.5819736704665691
UBFC_PHYS_s14_T2_ctrl,0,26,0.8666666666666667,-0.01129945527785884,-0.592880753966039
UBFC_PHYS_s14_T2_ctrl,0,27,0.9,-0.03998106239503473,-0.5786896334704593
UBFC_PHYS_s14_T2_ctrl,0,28,0.9333333333333333,-0.06340534391098228,-0.532655203194642
UBFC_PHYS_s14_T2_ctrl,0,29,0.9666666666666667,-0.07758705470900992,-0.44930116692669075
UBFC_PHYS_s14_T2_ctrl,0,30,1.0,-0.08070157733953649,-0.3341685217154375
UBFC_PHYS_s14_T2_ctrl,0,31,1.0333333333333334,-0.077683803358477,-0.20434620324859415
UBFC_PHYS_s14_T2_ctrl,0,32,1.0666666666666667,-0.07911264215844445,-0.06943025168198388
UBFC_PHYS_s14_T2_ctrl,0,33,1.1,-0.09527083181498001,0.06771613056406896
UBFC_PHYS_s14_T2_ctrl,0,34,1.1333333333333333,-0.13227573533334375,0.19813288372640236
UBFC_PHYS_s14_T2_ctrl,0,35,1.1666666666666667,-0.1913960608627705,0.3059278949466864
UBFC_PHYS_s14_T2_ctrl,0,36,1.2,-0.26776541340948484,0.3886549056415941
UBFC_PHYS_s14_T2_ctrl,0,37,1.2333333333333334,-0.34932442694089916,0.4565062517346259
UBFC_PHYS_s14_T2_ctrl,0,38,1.2666666666666666,-0.4197818364601087,0.5114690174695484
UBFC_PHYS_s14_T2_ctrl,0,39,1.3,-0.46527586917420627,0.5466906901574531
UBFC_PHYS_s14_T2_ctrl,0,40,1.3333333333333333,-0.4807888862393473,0.5593624568195418
UBFC_PHYS_s14_T2_ctrl,0,41,1.3666666666666667,-0.4715039820177705,0.5504788655875545
UBFC_PHYS_s14_T2_ctrl,0,42,1.4,-0.44637839465993306,0.5247613408523086
UBFC_PHYS_s14_T2_ctrl,0,43,1.4333333333333333,-0.4092936260647564,0.49054432990188035
UBFC_PHYS_s14_T2_ctrl,0,44,1.4666666666666666,-0.3565279465576691,0.45352861119006727
UBFC_PHYS_s14_T2_ctrl,0,45,1.5,-0.27968944596840895,0.4168508081434171
UBFC_PHYS_s14_T2_ctrl,0,46,1.5333333333333334,-0.1682854416283502,0.3813633747065559
UBFC_PHYS_s14_T2_ctrl,0,47,1.5666666666666667,-0.012468425544261794,0.34589140074827973
UBFC_PHYS_s14_T2_ctrl,0,48,1.6,0.1932180461276614,0.3076431035462191
UBFC_PHYS_s14_T2_ctrl,0,49,1.6333333333333333,0.44762488091015085,0.26259030941083694
UBFC_PHYS_s14_T2_ctrl,0,50,1.6666666666666667,0.7413040109375375,0.21010139389046711
UBFC_PHYS_s14_T2_ctrl,0,51,1.7,1.054800645421132,0.1533506291543777
UBFC_PHYS_s14_T2_ctrl,0,52,1.7333333333333334,1.3605226808148823,0.09483336292806184
UBFC_PHYS_s14_T2_ctrl,0,53,1.7666666666666666,1.6263874761689558,0.03678490776957692
UBFC_PHYS_s14_T2_ctrl,0,54,1.8,1.814148700576258,-0.02082220079393729
UBFC_PHYS_s14_T2_ctrl,0,55,1.8333333333333333,1.874132066651479,-0.07976940570477373
UBFC_PHYS_s14_T2_ctrl,0,56,1.8666666666666667,1.749570324297925,-0.14098281485491876
UBFC_PHYS_s14_T2_ctrl,0,57,1.9,1.3982322772965683,-0.20399266788564388
UBFC_PHYS_s14_T2_ctrl,0,58,1.9333333333333333,0.8183238794221624,-0.2692479075322098
UBFC_PHYS_s14_T2_ctrl,0,59,1.9666666666666666,0.0575227565055914,-0.3375694277368431
UBFC_PHYS_s14_T2_ctrl,0,60,2.0,-0.7947447210387043,-0.40802790821378154
UBFC_PHYS_s14_T2_ctrl,0,61,2.033333333333333,-1.6154904683393942,-0.47741573651874125
UBFC_PHYS_s14_T2_ctrl,0,62,2.066666666666667,-2.262683227907916,-0.5437602215256364
UBFC_PHYS_s14_T2_ctrl,0,63,2.1,-2.616635098463063,-0.605841456697028
UBFC_PHYS_s14_T2_ctrl,0,64,2.1333333333333333,-2.632894958207836,-0.6572623359440646
UBFC_PHYS_s14_T2_ctrl,0,65,2.1666666666666665,-2.36058594369208,-0.6861741377379347
UBFC_PHYS_s14_T2_ctrl,0,66,2.2,-1.9072600227471717,-0.6854560679711154
UBFC_PHYS_s14_T2_ctrl,0,67,2.2333333333333334,-1.379599831006384,-0.6527289049087704
UBFC_PHYS_s14_T2_ctrl,0,68,2.2666666666666666,-0.84284185728385,-0.5899068267419871
UBFC_PHYS_s14_T2_ctrl,0,69,2.3,-0.31726652584526455,-0.5034204625903321
UBFC_PHYS_s14_T2_ctrl,0,70,2.3333333333333335,0.19924953458971056,-0.3944762500145369
UBFC_PHYS_s14_T2_ctrl,0,71,2.3666666666666667,0.7048907357029711,-0.25970835290800276
UBFC_PHYS_s14_T2_ctrl,0,72,2.4,1.1818402016761598,-0.10292789549485967
UBFC_PHYS_s14_T2_ctrl,0,73,2.433333333333333,1.6049214201461457,0.06393851637311596
UBFC_PHYS_s14_T2_ctrl,0,74,2.466666666666667,1.9587739092969174,0.22885637407253623
UBFC_PHYS_s14_T2_ctrl,0,75,2.5,2.2415892170798553,0.37874552576894704
UBFC_PHYS_s14_T2_ctrl,0,76,2.533333333333333,2.4499127302926142,0.5027107308269085
UBFC_PHYS_s14_T2_ctrl,0,77,2.566666666666667,2.558976398984533,0.5911969128422263
UBFC_PHYS_s14_T2_ctrl,0,78,2.6,2.512091441271429,0.6413610221485553
UBFC_PHYS_s14_T2_ctrl,0,79,2.6333333333333333,2.2306301051079287,0.6564491144825313
UBFC_PHYS_s14_T2_ctrl,0,80,2.6666666666666665,1.6555864396782207,0.6431387182688301
UBFC_PHYS_s14_T2_ctrl,0,81,2.7,0.7979463623312044,0.6111892146213184
UBFC_PHYS_s14_T2_ctrl,0,82,2.7333333333333334,-0.250342722490301,0.568450144912992
UBFC_PHYS_s14_T2_ctrl,0,83,2.7666666666666666,-1.3488275211920508,0.5208416543273712
UBFC_PHYS_s14_T2_ctrl,0,84,2.8,-2.347289408170032,0.47054416726625947
UBFC_PHYS_s14_T2_ctrl,0,85,2.8333333333333335,-3.118664379188644,0.41628316333971843
UBFC_PHYS_s14_T2_ctrl,0,86,2.8666666666666667,-3.586981060582385,0.35713070735054436
UBFC_PHYS_s14_T2_ctrl,0,87,2.9,-3.731747327310867,0.29295519942421844
UBFC_PHYS_s14_T2_ctrl,0,88,2.933333333333333,-3.566095760741006,0.22493517400106225
UBFC_PHYS_s14_T2_ctrl,0,89,2.966666666666667,-3.114243801436963,0.15604342665671334
UBFC_PHYS_s14_T2_ctrl,0,90,3.0,-2.4099498234811563,0.09056843555473332
UBFC_PHYS_s14_T2_ctrl,0,91,3.033333333333333,-1.5108613162425661,0.03456087907417703
UBFC_PHYS_s14_T2_ctrl,0,92,3.066666666666667,-0.5157310338995783,-0.01083923510889688
UBFC_PHYS_s14_T2_ctrl,0,93,3.1,0.44087463765842616,-0.04894675393254577
UBFC_PHYS_s14_T2_ctrl,0,94,3.1333333333333333,1.2364244362089658,-0.08252578997393943
UBFC_PHYS_s14_T2_ctrl,0,95,3.1666666666666665,1.807752701660224,-0.11334687014779612
UBFC_PHYS_s14_T2_ctrl,0,96,3.2,2.152180003242841,-0.14178177969573563
UBFC_PHYS_s14_T2_ctrl,0,97,3.2333333333333334,2.2934877251538612,-0.16648734834448314
UBFC_PHYS_s14_T2_ctrl,0,98,3.2666666666666666,2.252879593613244,-0.19249341302668335
UBFC_PHYS_s14_T2_ctrl,0,99,3.3,2.05016240347395,-0.23080982589880064
UBFC_PHYS_s14_T2_ctrl,0,100,3.3333333333333335,1.719002611896244,-0.2894688208368705
UBFC_PHYS_s14_T2_ctrl,0,101,3.3666666666666667,1.311670445196376,-0.37296897741645674
UBFC_PHYS_s14_T2_ctrl,0,102,3.4,0.8897132414036899,-0.4799902231802097
UBFC_PHYS_s14_T2_ctrl,0,103,3.433333333333333,0.5032701526248193,-0.6028106052234166
UBFC_PHYS_s14_T2_ctrl,0,104,3.466666666666667,0.17150389465689814,-0.7283226549871282
UBFC_PHYS_s14_T2_ctrl,0,105,3.5,-0.11334117487287168,-0.8375393766090822
UBFC_PHYS_s14_T2_ctrl,0,106,3.533333333333333,-0.35892699036621406,-0.9102092757563749
UBFC_PHYS_s14_T2_ctrl,0,107,3.566666666666667,-0.5506498985379891,-0.924658493284243
UBFC_PHYS_s14_T2_ctrl,0,108,3.6,-0.6552237818328096,-0.8669256606143624
UBFC_PHYS_s14_T2_ctrl,0,109,3.6333333333333333,-0.6442225338119278,-0.731132691267057
UBFC_PHYS_s14_T2_ctrl,0,110,3.6666666666666665,-0.5139106654549793,-0.525074608179792
UBFC_PHYS_s14_T2_ctrl,0,111,3.7,-0.28572383132214996,-0.27106504619990024
UBFC_PHYS_s14_T2_ctrl,0,112,3.7333333333333334,0.0019643382884445837,0.0024021501336509293
UBFC_PHYS_s14_T2_ctrl,0,113,3.7666666666666666,0.2968223471048411,0.2595410696140234
UBFC_PHYS_s14_T2_ctrl,0,114,3.8,0.5421488481844459,0.4761777168702316
UBFC_PHYS_s14_T2_ctrl,0,115,3.8333333333333335,0.702495310183313,0.6384873797281796
UBFC_PHYS_s14_T2_ctrl,0,116,3.8666666666666667,0.774762226715973,0.743555473364121
UBFC_PHYS_s14_T2_ctrl,0,117,3.9,0.7588184258499424,0.7981903951564568
UBFC_PHYS_s14_T2_ctrl,0,118,3.933333333333333,0.6274544954624972,0.8108987568292132
UBFC_PHYS_s14_T2_ctrl,0,119,3.966666666666667,0.35307997043474293,0.791160389548615
UBFC_PHYS_s14_T2_ctrl,0,120,4.0,-0.029446596802717585,0.7482222614763562
UBFC_PHYS_s14_T2_ctrl,0,121,4.033333333333333,-0.40749964620776946,0.6909132027087539
UBFC_PHYS_s14_T2_ctrl,0,122,4.066666666666666,-0.6635642503470005,0.6245894654605318
UBFC_PHYS_s14_T2_ctrl,0,123,4.1,-0.7720585318323331,0.551363724446014
UBFC_PHYS_s14_T2_ctrl,0,124,4.133333333333334,-0.805881599391243,0.4711422661197061
UBFC_PHYS_s14_T2_ctrl,0,125,4.166666666666667,-0.8368715966497697,0.38215902022673987
UBFC_PHYS_s14_T2_ctrl,0,126,4.2,-0.864013764751355,0.28813241698248426
UBFC_PHYS_s14_T2_ctrl,0,127,4.233333333333333,-0.860412995434294,0.1988340173829536
UBFC_PHYS_s14_T2_ctrl,0,128,4.266666666666667,-0.8378110812788118,0.1186168189832712
UBFC_PHYS_s14_T2_ctrl,0,129,4.3,-0.8235767590571996,0.04699416381574312
UBFC_PHYS_s14_T2_ctrl,0,130,4.333333333333333,-0.8159436042828053,-0.018932753546429065
UBFC_PHYS_s14_T2_ctrl,0,131,4.366666666666666,-0.790204255962099,-0.08379453128504748
UBFC_PHYS_s14_T2_ctrl,0,132,4.4,-0.714734958281118,-0.14479219703015034
UBFC_PHYS_s14_T2_ctrl,0,133,4.433333333333334,-0.5561842238448694,-0.1912183903763808
UBFC_PHYS_s14_T2_ctrl,0,134,4.466666666666667,-0.3062431534579517,-0.21971419101704037
UBFC_PHYS_s14_T2_ctrl,0,135,4.5,-0.002704017746019756,-0.23393584987516886
UBFC_PHYS_s14_T2_ctrl,0,136,4.533333333333333,0.3066789879519206,-0.24050071327465428
UBFC_PHYS_s14_T2_ctrl,0,137,4.566666666666666,0.6128056188692694,-0.24860259028525078
UBFC_PHYS_s14_T2_ctrl,0,138,4.6,0.9303204755613389,-0.26115370645670366
UBFC_PHYS_s14_T2_ctrl,0,139,4.633333333333334,1.248477240175553,-0.2745630101669414
UBFC_PHYS_s14_T2_ctrl,0,140,4.666666666666667,1.5190861221450904,-0.2905554294436363
UBFC_PHYS_s14_T2_ctrl,0,141,4.7,1.678596911929963,-0.3159645574976131
UBFC_PHYS_s14_T2_ctrl,0,142,4.733333333333333,1.6730888997375344,-0.3532732556992954
UBFC_PHYS_s14_T2_ctrl,0,143,4.766666666666667,1.483709758367238,-0.40032108631809804
UBFC_PHYS_s14_T2_ctrl,0,144,4.8,1.1389127089510036,-0.4511449080055326
UBFC_PHYS_s14_T2_ctrl,0,145,4.833333333333333,0.6998024334412155,-0.49579974009904304
UBFC_PHYS_s14_T2_ctrl,0,146,4.866666666666666,0.2438280487657445,-0.5242431352753443
UBFC_PHYS_s14_T2_ctrl,0,147,4.9,-0.14694557496855376,-0.5263164139050102
UBFC_PHYS_s14_T2_ctrl,0,148,4.933333333333334,-0.41877483156331896,-0.49591716164137106
UBFC_PHYS_s14_T2_ctrl,0,149,4.966666666666667,-0.5782207258782188,-0.43119598184176156
UBFC_PHYS_s14_T2_ctrl,0,150,5.0,-0.6764945059004326,-0.33100814552748664
UBFC_PHYS_s14_T2_ctrl,0,151,5.033333333333333,-0.7657961906892317,-0.19546583693215308
UBFC_PHYS_s14_T2_ctrl,0,152,5.066666666666666,-0.878128124474392,-0.035312184746329654
UBFC_PHYS_s14_T2_ctrl,0,153,5.1,-1.0221749471671155,0.1273481155788397
UBFC_PHYS_s14_T2_ctrl,0,154,5.133333333333334,-1.1716924811100686,0.27280042890329825
UBFC_PHYS_s14_T2_ctrl,0,155,5.166666666666667,-1.2650813325510757,0.38304805473369175
UBFC_PHYS_s14_T2_ctrl,0,156,5.2,-1.2419019466295955,0.44986386532738787
UBFC_PHYS_s14_T2_ctrl,0,157,5.233333333333333,-1.0880233172075928,0.4741653175469169
UBFC_PHYS_s14_T2_ctrl,0,158,5.266666666666667,-0.8484756609582804,0.45922209379620815
UBFC_PHYS_s14_T2_ctrl,0,159,5.3,-0.6012647602408017,0.41032580538961305
UBFC_PHYS_s14_T2_ctrl,0,160,5.333333333333333,-0.40532535657028257,0.3469160340382206
UBFC_PHYS_s14_T2_ctrl,0,161,5.366666666666666,-0.26333040378042516,0.3023248798429795
UBFC_PHYS_s14_T2_ctrl,0,162,5.4,-0.14583484742595237,0.29984956280393316
UBFC_PHYS_s14_T2_ctrl,0,163,5.433333333333334,-0.043024778149516274,0.352375377908347
UBFC_PHYS_s14_T2_ctrl,0,164,5.466666666666667,0.03580820589093062,0.44123550887372276
UBFC_PHYS_s14_T2_ctrl,0,165,5.5,0.10660181299949675,0.5163693520342222
UBFC_PHYS_s14_T2_ctrl,0,166,5.533333333333333,0.21975175609568665,0.5431575338196128
UBFC_PHYS_s14_T2_ctrl,0,167,5.566666666666666,0.4168982816382695,0.5028996760966565
UBFC_PHYS_s14_T2_ctrl,0,168,5.6,0.6914692155348303,0.40689613169509636
UBFC_PHYS_s14_T2_ctrl,0,169,5.633333333333334,0.990311403500211,0.2964487770374131
UBFC_PHYS_s14_T2_ctrl,0,170,5.666666666666667,1.241619885795477,0.19330949867936426
UBFC_PHYS_s14_T2_ctrl,0,171,5.7,1.3855375511474588,0.09989698428296798
UBFC_PHYS_s14_T2_ctrl,0,172,5.733333333333333,1.399459268534617,-0.00041487542587061166
UBFC_PHYS_s14_T2_ctrl,0,173,5.766666666666667,1.3047799730893528,-0.1420892427258424
UBFC_PHYS_s14_T2_ctrl,0,174,5.8,1.1422962433276793,-0.33206292407369975
UBFC_PHYS_s14_T2_ctrl,0,175,5.833333333333333,0.9398573366609841,-0.548472417991426
UBFC_PHYS_s14_T2_ctrl,0,176,5.866666666666666,0.7063723357631405,-0.7415664000389515
UBFC_PHYS_s14_T2_ctrl,0,177,5.9,0.44532862380681787,-0.8335375012854227
UBFC_PHYS_s14_T2_ctrl,0,178,5.933333333333334,0.16433993203942873,-0.7894880704710988
UBFC_PHYS_s14_T2_ctrl,0,179,5.966666666666667,-0.12185037982152802,-0.6177399143307966
UBFC_PHYS_s14_T2_ctrl,0,180,6.0,-0.3917143096274028,-0.37751042215414243
UBFC_PHYS_s14_T2_ctrl,0,181,6.033333333333333,-0.6223010116614398,-0.17841868681130924
UBFC_PHYS_s14_T2_ctrl,0,182,6.066666666666666,-0.7961309633261453,-0.06908998812846032
UBFC_PHYS_s14_T2_ctrl,0,183,6.1,-0.9041879723367537,-0.03718236696927545
UBFC_PHYS_s14_T2_ctrl,0,184,6.133333333333334,-0.9425262043590085,-0.06898037932733542
UBFC_PHYS_s14_T2_ctrl,0,185,6.166666666666667,-0.9061629336016447,-0.15003807146908085
UBFC_PHYS_s14_T2_ctrl,0,186,6.2,-0.7947569062426896,-0.2596220108907654
UBFC_PHYS_s14_T2_ctrl,0,187,6.233333333333333,-0.6299492038450014,-0.3707623921004622
UBFC_PHYS_s14_T2_ctrl,0,188,6.266666666666667,-0.453997469113557,-0.4360281355863298
UBFC_PHYS_s14_T2_ctrl,0,189,6.3,-0.30119905643703404,-0.3881422711237951
UBFC_PHYS_s14_T2_ctrl,0,190,6.333333333333333,-0.1801377198077961,-0.21355656710400822
UBFC_PHYS_s14_T2_ctrl,0,191,6.366666666666666,-0.08495375493418504,0.0467648686146251
UBFC_PHYS_s14_T2_ctrl,0,192,6.4,-0.009665790625925298,0.33252502931016403
UBFC_PHYS_s14_T2_ctrl,0,193,6.433333333333334,0.04807156733204212,0.563917312267784
UBFC_PHYS_s14_T2_ctrl,0,194,6.466666666666667,0.08480494893404505,0.7076216172743474
UBFC_PHYS_s14_T2_ctrl,0,195,6.5,0.09190807144364269,0.7760660288480999
UBFC_PHYS_s14_T2_ctrl,0,196,6.533333333333333,0.06279527486946251,0.7868664043345845
UBFC_PHYS_s14_T2_ctrl,0,197,6.566666666666666,-0.0005596965363289241,0.7618019865890461
UBFC_PHYS_s14_T2_ctrl,0,198,6.6,-0.08335835208960184,0.7084641567606335
UBFC_PHYS_s14_T2_ctrl,0,199,6.633333333333334,-0.15481811855500288,0.620207884984598
UBFC_PHYS_s14_T2_ctrl,0,200,6.666666666666667,-0.17877374128944626,0.4859384489436073
UBFC_PHYS_s14_T2_ctrl,0,201,6.7,-0.13899451916509042,0.29107117658178355
UBFC_PHYS_s14_T2_ctrl,0,202,6.733333333333333,-0.05152597874106597,0.057317483144523555
UBFC_PHYS_s14_T2_ctrl,0,203,6.766666666666667,0.050258113835102314,-0.15652237719549883
UBFC_PHYS_s14_T2_ctrl,0,204,6.8,0.13691221803641318,-0.30104515042054497
UBFC_PHYS_s14_T2_ctrl,0,205,6.833333333333333,0.192622492001192,-0.33610463952683167
UBFC_PHYS_s14_T2_ctrl,0,206,6.866666666666666,0.2166508131876605,-0.2691785738239738
UBFC_PHYS_s14_T2_ctrl,0,207,6.9,0.21893767283311183,-0.1548683272647332
UBFC_PHYS_s14_T2_ctrl,0,208,6.933333333333334,0.2102001527172096,-0.070814766617609
UBFC_PHYS_s14_T2_ctrl,0,209,6.966666666666667,0.19611227584819746,-0.11625080020574424
UBFC_PHYS_s14_T2_ctrl,0,210,7.0,0.1813038979670831,-0.2972674248994123
UBFC_PHYS_s14_T2_ctrl,0,211,7.033333333333333,0.17325805607908457,-0.5262925232975288
UBFC_PHYS_s14_T2_ctrl,0,212,7.066666666666666,0.17722798269539577,-0.7405130431419095
UBFC_PHYS_s14_T2_ctrl,0,213,7.1,0.19024839189435927,-0.9020370531265283
UBFC_PHYS_s14_T2_ctrl,0,214,7.133333333333334,0.2045315671940861,-0.9792613058588192
UBFC_PHYS_s14_T2_ctrl,0,215,7.166666666666667,0.2149126703798586,-0.9466330250473822
UBFC_PHYS_s14_T2_ctrl,0,216,7.2,0.22007595626734344,-0.7821395340155037
UBFC_PHYS_s14_T2_ctrl,0,217,7.233333333333333,0.21900584758138494,-0.4681983616949915
UBFC_PHYS_s14_T2_ctrl,0,218,7.266666666666667,0.21005829158227793,-0.05893463951997519
UBFC_PHYS_s14_T2_ctrl,0,219,7.3,0.19289069950437165,0.319097759717784
UBFC_PHYS_s14_T2_ctrl,0,220,7.333333333333333,0.1693814865706365,0.5881189997807884
UBFC_PHYS_s14_T2_ctrl,0,221,7.366666666666666,0.14367082502300016,0.718622650196903
UBFC_PHYS_s14_T2_ctrl,0,222,7.4,0.12075032904874344,0.7357445929631552
UBFC_PHYS_s14_T2_ctrl,0,223,7.433333333333334,0.10068999160620468,0.7175775083429611
UBFC_PHYS_s14_T2_ctrl,0,224,7.466666666666667,0.07381004946881242,0.702897455599527
UBFC_PHYS_s14_T2_ctrl,0,225,7.5,0.026120926460854982,0.6901642782485559
UBFC_PHYS_s14_T2_ctrl,0,226,7.533333333333333,-0.04892520461204241,0.668584512294522
UBFC_PHYS_s14_T2_ctrl,0,227,7.566666666666666,-0.14510369866353892,0.6185193233707568
UBFC_PHYS_s14_T2_ctrl,0,228,7.6,-0.2475349233057481,0.5343669821852889
UBFC_PHYS_s14_T2_ctrl,0,229,7.633333333333334,-0.34007148110258184,0.42510855633554
UBFC_PHYS_s14_T2_ctrl,0,230,7.666666666666667,-0.4109623622727829,0.3112879441682535
UBFC_PHYS_s14_T2_ctrl,0,231,7.7,-0.4538884779258568,0.22524622580657794
UBFC_PHYS_s14_T2_ctrl,0,232,7.733333333333333,-0.46529272314521114,0.18479293814381081
UBFC_PHYS_s14_T2_ctrl,0,233,7.766666666666667,-0.4444521192251891,0.19336564180204455
UBFC_PHYS_s14_T2_ctrl,0,234,7.8,-0.39762409638069734,0.20653422409089078
UBFC_PHYS_s14_T2_ctrl,0,235,7.833333333333333,-0.3363320653078249,0.13328104924749593
UBFC_PHYS_s14_T2_ctrl,0,236,7.866666666666666,-0.26597314314637654,-0.053508711409332034
UBFC_PHYS_s14_T2_ctrl,0,237,7.9,-0.18111715720635704,-0.3156828033483007
UBFC_PHYS_s14_T2_ctrl,0,238,7.933333333333334,-0.08104216106487605,-0.5986923197157756
UBFC_PHYS_s14_T2_ctrl,0,239,7.966666666666667,0.012554924872103034,-0.8312388852695074
UBFC_PHYS_s14_T2_ctrl,0,240,8.0,0.06360979705707895,-0.9824941454368157
UBFC_PHYS_s14_T2_ctrl,0,241,8.033333333333333,0.04763006672469164,-1.0612965042123068
UBFC_PHYS_s14_T2_ctrl,0,242,8.066666666666666,-0.03693350339738315,-1.0660712114031732
UBFC_PHYS_s14_T2_ctrl,0,243,8.1,-0.17612716901950468,-0.9843121214268835
UBFC_PHYS_s14_T2_ctrl,0,244,8.133333333333333,-0.34261337476654563,-0.8181391806731728
UBFC_PHYS_s14_T2_ctrl,0,245,8.166666666666666,-0.48324299634982076,-0.5848523194661278
UBFC_PHYS_s14_T2_ctrl,0,246,8.2,-0.5124953761513806,-0.35111532598192946
UBFC_PHYS_s14_T2_ctrl,0,247,8.233333333333333,-0.3451172497334494,-0.23276210696412675
UBFC_PHYS_s14_T2_ctrl,0,248,8.266666666666667,0.03223264865814876,-0.23302318505896555
UBFC_PHYS_s14_T2_ctrl,0,249,8.3,0.5185339140392703,-0.24335573234761287
UBFC_PHYS_s14_T2_ctrl,0,250,8.333333333333334,0.9475315335859384,-0.18076020884467622
UBFC_PHYS_s14_T2_ctrl,0,251,8.366666666666667,1.1880025923257997,0.009817071088929735
UBFC_PHYS_s14_T2_ctrl,0,252,8.4,1.203471872793413,0.3005353000646539
UBFC_PHYS_s14_T2_ctrl,0,253,8.433333333333334,1.0404764611265156,0.5800109670018003
UBFC_PHYS_s14_T2_ctrl,0,254,8.466666666666667,0.7819670131043096,0.7809085798922667
UBFC_PHYS_s14_T2_ctrl,0,255,8.5,0.507413923179466,0.8798054215211069
UBFC_PHYS_s14_T2_ctrl,0,256,8.533333333333333,0.2716925424547545,0.8887073791920598
UBFC_PHYS_s14_T2_ctrl,0,257,8.566666666666666,0.09749309324280667,0.853943930416361
UBFC_PHYS_s14_T2_ctrl,0,258,8.6,-0.022152582306844484,0.8090070472799928
UBFC_PHYS_s14_T2_ctrl,0,259,8.633333333333333,-0.11182182567900417,0.7738141922717223
UBFC_PHYS_s14_T2_ctrl,0,260,8.666666666666666,-0.19505531565101242,0.7512558969125445
UBFC_PHYS_s14_T2_ctrl,0,261,8.7,-0.27867561087923187,0.7273763478770303
UBFC_PHYS_s14_T2_ctrl,0,262,8.733333333333333,-0.35062184618055514,0.6787757147156154
UBFC_PHYS_s14_T2_ctrl,0,263,8.766666666666667,-0.3908530163949288,0.57349931996886
UBFC_PHYS_s14_T2_ctrl,0,264,8.8,-0.38774422693871835,0.41263168069686407
UBFC_PHYS_s14_T2_ctrl,0,265,8.833333333333334,-0.3504279447559091,0.2310910109271387
UBFC_PHYS_s14_T2_ctrl,0,266,8.866666666666667,-0.3034108621811791,0.0602121176147086
UBFC_PHYS_s14_T2_ctrl,0,267,8.9,-0.2637113548976706,-0.0717647297261361
UBFC_PHYS_s14_T2_ctrl,0,268,8.933333333333334,-0.2274599844759661,-0.15958660649257977
UBFC_PHYS_s14_T2_ctrl,0,269,8.966666666666667,-0.18411166041954524,-0.22009375424645608
UBFC_PHYS_s14_T2_ctrl,0,270,9.0,-0.13687742284333912,-0.2669243129228961
UBFC_PHYS_s14_T2_ctrl,0,271,9.033333333333333,-0.10280781284896613,-0.309590359609221
UBFC_PHYS_s14_T2_ctrl,0,272,9.066666666666666,-0.10029209989029057,-0.3720439848193109
UBFC_PHYS_s14_T2_ctrl,0,273,9.1,-0.1417281198304974,-0.4915978063498284
UBFC_PHYS_s14_T2_ctrl,0,274,9.133333333333333,-0.22857503069884108,-0.6711533568656647
UBFC_PHYS_s14_T2_ctrl,0,275,9.166666666666666,-0.34430421022041136,-0.8782010185537167
UBFC_PHYS_s14_T2_ctrl,0,276,9.2,-0.4530707686941614,-1.0616262049640295
UBFC_PHYS_s14_T2_ctrl,0,277,9.233333333333333,-0.5098311603409246,-1.1516699030051685
UBFC_PHYS_s14_T2_ctrl,0,278,9.266666666666667,-0.47990650540968277,-1.1274349000829378
UBFC_PHYS_s14_T2_ctrl,0,279,9.3,-0.35692171469051337,-1.0168493865820296
UBFC_PHYS_s14_T2_ctrl,0,280,9.333333333333334,-0.16292153542902196,-0.8631623692785676
UBFC_PHYS_s14_T2_ctrl,0,281,9.366666666666667,0.06705301108042255,-0.7245314865203386
UBFC_PHYS_s14_T2_ctrl,0,282,9.4,0.2967931791677352,-0.5987417649355801
UBFC_PHYS_s14_T2_ctrl,0,283,9.433333333333334,0.49373786524652424,-0.4243333404408637
UBFC_PHYS_s14_T2_ctrl,0,284,9.466666666666667,0.6361318545276773,-0.16575524156859914
UBFC_PHYS_s14_T2_ctrl,0,285,9.5,0.7182685984845625,0.18427075605403956
UBFC_PHYS_s14_T2_ctrl,0,286,9.533333333333333,0.7448070418594598,0.5850967433994783
UBFC_PHYS_s14_T2_ctrl,0,287,9.566666666666666,0.7209105487736789,0.9467148858310948
UBFC_PHYS_s14_T2_ctrl,0,288,9.6,0.6496543187535168,1.2047106205241314
UBFC_PHYS_s14_T2_ctrl,0,289,9.633333333333333,0.5355056858627998,1.31943684168239
UBFC_PHYS_s14_T2_ctrl,0,290,9.666666666666666,0.38680610098765716,1.2857115681773192
UBFC_PHYS_s14_T2_ctrl,0,291,9.7,0.21537344269449052,1.1320722146095716
UBFC_PHYS_s14_T2_ctrl,0,292,9.733333333333333,0.03569045284755996,0.9042592567663339
UBFC_PHYS_s14_T2_ctrl,0,293,9.766666666666667,-0.13417018986763474,0.6649511672845139
UBFC_PHYS_s14_T2_ctrl,0,294,9.8,-0.27302108785694745,0.45218422829040394
UBFC_PHYS_s14_T2_ctrl,0,295,9.833333333333334,-0.3646279121303593,0.2799506495003885
UBFC_PHYS_s14_T2_ctrl,0,296,9.866666666666667,-0.4097320125238875,0.14730413814365836
UBFC_PHYS_s14_T2_ctrl,0,297,9.9,-0.42685094309046934,0.039625875950576886
UBFC_PHYS_s14_T2_ctrl,0,298,9.933333333333334,-0.4345739588877776,-0.05300902078624334
UBFC_PHYS_s14_T2_ctrl,0,299,9.966666666666667,-0.43101560837393027,-0.13474945637348384
UBFC_PHYS_s14_T2_ctrl,0,300,10.0,-0.3945096853368963,-0.20926542719001537
UBFC_PHYS_s14_T2_ctrl,0,301,10.033333333333333,-0.3067318592753322,-0.2790194448941655
UBFC_PHYS_s14_T2_ctrl,0,302,10.066666666666666,-0.17132084891236482,-0.33572559582628797
UBFC_PHYS_s14_T2_ctrl,0,303,10.1,-0.009608214240308693,-0.3600464450380681
UBFC_PHYS_s14_T2_ctrl,0,304,10.133333333333333,0.15240947550309758,-0.34860916215276827
UBFC_PHYS_s14_T2_ctrl,0,305,10.166666666666666,0.2880746544610447,-0.31388865143157785
UBFC_PHYS_s14_T2_ctrl,0,306,10.2,0.3706984099149971,-0.28498534800036507
UBFC_PHYS_s14_T2_ctrl,0,307,10.233333333333333,0.38171712857655715,-0.3070039483866102
UBFC_PHYS_s14_T2_ctrl,0,308,10.266666666666667,0.31887681636611853,-0.3866669400179815
UBFC_PHYS_s14_T2_ctrl,0,309,10.3,0.19223781805790588,-0.4919436526590786
UBFC_PHYS_s14_T2_ctrl,0,310,10.333333333333334,0.014740257853953345,-0.575509590219667
UBFC_PHYS_s14_T2_ctrl,0,311,10.366666666666667,-0.19860077801963566,-0.5753501327922336
UBFC_PHYS_s14_T2_ctrl,0,312,10.4,-0.4223812190427758,-0.46884367986877834
UBFC_PHYS_s14_T2_ctrl,0,313,10.433333333333334,-0.6132050534145376,-0.2734230809825319
UBFC_PHYS_s14_T2_ctrl,0,314,10.466666666666667,-0.7169492802085676,-0.036409952771540174
UBFC_PHYS_s14_T2_ctrl,0,315,10.5,-0.6976136522406354,0.16492816890029002
UBFC_PHYS_s14_T2_ctrl,0,316,10.533333333333333,-0.5645013873363642,0.2903555162355046
UBFC_PHYS_s14_T2_ctrl,0,317,10.566666666666666,-0.36329401772383074,0.3363565567298419
UBFC_PHYS_s14_T2_ctrl,0,318,10.6,-0.13914767377807774,0.31019218030083473
UBFC_PHYS_s14_T2_ctrl,0,319,10.633333333333333,0.08494858822220101,0.2293294745459862
UBFC_PHYS_s14_T2_ctrl,0,320,10.666666666666666,0.2997423497809465,0.11825318504356498
UBFC_PHYS_s14_T2_ctrl,0,321,10.7,0.49472006932221796,0.008309370987530706
UBFC_PHYS_s14_T2_ctrl,0,322,10.733333333333333,0.6547040289596445,-0.0774331769717892
UBFC_PHYS_s14_T2_ctrl,0,323,10.766666666666667,0.7639083074290586,-0.12408502637432746
UBFC_PHYS_s14_T2_ctrl,0,324,10.8,0.8101291664545314,-0.11589642169436692
UBFC_PHYS_s14_T2_ctrl,0,325,10.833333333333334,0.7887232954543234,-0.036393511052666014
UBFC_PHYS_s14_T2_ctrl,0,326,10.866666666666667,0.7048986961908892,0.11103651686061758
UBFC_PHYS_s14_T2_ctrl,0,327,10.9,0.5718165283727998,0.30266801775235436
UBFC_PHYS_s14_T2_ctrl,0,328,10.933333333333334,0.40563839638374155,0.5092301396543861
UBFC_PHYS_s14_T2_ctrl,0,329,10.966666666666667,0.21908428944396763,0.6953853486448089
UBFC_PHYS_s14_T2_ctrl,0,330,11.0,0.01775404474788814,0.8209471936022605
UBFC_PHYS_s14_T2_ctrl,0,331,11.033333333333333,-0.19285823359311777,0.8407272123027292
UBFC_PHYS_s14_T2_ctrl,0,332,11.066666666666666,-0.3958910660708545,0.7383475479845623
UBFC_PHYS_s14_T2_ctrl,0,333,11.1,-0.5673120528624765,0.5266076487453953
UBFC_PHYS_s14_T2_ctrl,0,334,11.133333333333333,-0.6943250859548973,0.23536205576286437
UBFC_PHYS_s14_T2_ctrl,0,335,11.166666666666666,-0.78069453913713,-0.08777595581175668
UBFC_PHYS_s14_T2_ctrl,0,336,11.2,-0.8278871672625202,-0.4017628340111412
UBFC_PHYS_s14_T2_ctrl,0,337,11.233333333333333,-0.8144076524177485,-0.6709411349322112
UBFC_PHYS_s14_T2_ctrl,0,338,11.266666666666667,-0.7006724081330049,-0.8691563174030166
UBFC_PHYS_s14_T2_ctrl,0,339,11.3,-0.4606558928885652,-0.9785334310103382
UBFC_PHYS_s14_T2_ctrl,0,340,11.333333333333334,-0.1112554898129682,-0.982530858893118
UBFC_PHYS_s14_T2_ctrl,0,341,11.366666666666667,0.28909145217984417,-0.8655934907616674
UBFC_PHYS_s14_T2_ctrl,0,342,11.4,0.666517182536845,-0.6328358356378503
UBFC_PHYS_s14_T2_ctrl,0,343,11.433333333333334,0.9567253587110075,-0.3107046345521377
UBFC_PHYS_s14_T2_ctrl,0,344,11.466666666666667,1.1190570265607351,0.04543753973452169
UBFC_PHYS_s14_T2_ctrl,0,345,11.5,1.1423253989560445,0.35061493333792537
UBFC_PHYS_s14_T2_ctrl,0,346,11.533333333333333,1.0346119903029676,0.5437433800505131
UBFC_PHYS_s14_T2_ctrl,0,347,11.566666666666666,0.7941912368671945,0.5872092234873306
UBFC_PHYS_s14_T2_ctrl,0,348,11.6,0.394099887560158,0.4867579015584347
UBFC_PHYS_s14_T2_ctrl,0,349,11.633333333333333,-0.18433303166028991,0.2910158478799897
UBFC_PHYS_s14_T2_ctrl,0,350,11.666666666666666,-0.8921248155658777,0.05126108554389995
UBFC_PHYS_s14_T2_ctrl,0,351,11.7,-1.5888542182819203,-0.17865667764654175
UBFC_PHYS_s14_T2_ctrl,0,352,11.733333333333333,-2.08240721772564,-0.3566068515361738
UBFC_PHYS_s14_T2_ctrl,0,353,11.766666666666667,-2.211366549926204,-0.45175123567259046
UBFC_PHYS_s14_T2_ctrl,0,354,11.8,-1.9236337198492381,-0.44797286968099737
UBFC_PHYS_s14_T2_ctrl,0,355,11.833333333333334,-1.301857762073916,-0.34366546791623576
UBFC_PHYS_s14_T2_ctrl,0,356,11.866666666666667,-0.5218862725440808,-0.14485112241646186
UBFC_PHYS_s14_T2_ctrl,0,357,11.9,0.2268079316000604,0.1342410809998374
UBFC_PHYS_s14_T2_ctrl,0,358,11.933333333333334,0.8163612102945693,0.45154207920327416
UBFC_PHYS_s14_T2_ctrl,0,359,11.966666666666667,1.2063626102275775,0.7363548106194966
UBFC_PHYS_s14_T2_ctrl,0,360,12.0,1.4092095955363924,0.9288414285667381
UBFC_PHYS_s14_T2_ctrl,0,361,12.033333333333333,1.4508767202101813,0.9797127181320813
UBFC_PHYS_s14_T2_ctrl,0,362,12.066666666666666,1.371423269744624,0.8734635379435967
UBFC_PHYS_s14_T2_ctrl,0,363,12.1,1.2311392239420922,0.6284683867058469
UBFC_PHYS_s14_T2_ctrl,0,364,12.133333333333333,1.089309318927489,0.2918979018572671
UBFC_PHYS_s14_T2_ctrl,0,365,12.166666666666666,0.9807272547879279,-0.059865987553097515
UBFC_PHYS_s14_T2_ctrl,0,366,12.2,0.9107072834303552,-0.37119731375970055
UBFC_PHYS_s14_T2_ctrl,0,367,12.233333333333333,0.8563374808628127,-0.6062884434865491
UBFC_PHYS_s14_T2_ctrl,0,368,12.266666666666667,0.7694148903673589,-0.739010914643522
UBFC_PHYS_s14_T2_ctrl,0,369,12.3,0.593247761720721,-0.751968548183545
UBFC_PHYS_s14_T2_ctrl,0,370,12.333333333333334,0.29615861420476275,-0.6460134161859914
UBFC_PHYS_s14_T2_ctrl,0,371,12.366666666666667,-0.09658357140537369,-0.44012327498846504
UBFC_PHYS_s14_T2_ctrl,0,372,12.4,-0.5017450504169914,-0.19016791061671123
UBFC_PHYS_s14_T2_ctrl,0,373,12.433333333333334,-0.821660799958733,0.01121628769910469
UBFC_PHYS_s14_T2_ctrl,0,374,12.466666666666667,-1.0044289802488724,0.10220349312021312
UBFC_PHYS_s14_T2_ctrl,0,375,12.5,-1.0663295159648756,0.05209157982222175
UBFC_PHYS_s14_T2_ctrl,0,376,12.533333333333333,-1.053206537913752,-0.12411398351804544
UBFC_PHYS_s14_T2_ctrl,0,377,12.566666666666666,-0.9864058250322973,-0.3658147248950093
UBFC_PHYS_s14_T2_ctrl,0,378,12.6,-0.858536301488846,-0.6116199792744753
UBFC_PHYS_s14_T2_ctrl,0,379,12.633333333333333,-0.6783203592715974,-0.7994397285288056
UBFC_PHYS_s14_T2_ctrl,0,380,12.666666666666666,-0.5006411256527128,-0.8815866805896989
UBFC_PHYS_s14_T2_ctrl,0,381,12.7,-0.39772456641691195,-0.8248714990221307
UBFC_PHYS_s14_T2_ctrl,0,382,12.733333333333333,-0.39889478149945623,-0.6167637083108687
UBFC_PHYS_s14_T2_ctrl,0,383,12.766666666666667,-0.46484312775449704,-0.2662314195047803
UBFC_PHYS_s14_T2_ctrl,0,384,12.8,-0.5237348749667959,0.19160937554885327
UBFC_PHYS_s14_T2_ctrl,0,385,12.833333333333334,-0.5253038432825561,0.6939253528924298
UBFC_PHYS_s14_T2_ctrl,0,386,12.866666666666667,-0.45634893386465675,1.1678758884025806
UBFC_PHYS_s14_T2_ctrl,0,387,12.9,-0.3212103863346989,1.5290548461157234
UBFC_PHYS_s14_T2_ctrl,0,388,12.933333333333334,-0.13114343748301033,1.7185992328347677
UBFC_PHYS_s14_T2_ctrl,0,389,12.966666666666667,0.08725649614461774,1.702259499811352
UBFC_PHYS_s14_T2_ctrl,0,390,13.0,0.29547744423867156,1.4852625285513208
UBFC_PHYS_s14_T2_ctrl,0,391,13.033333333333333,0.4658411638692258,1.1122647204307565
UBFC_PHYS_s14_T2_ctrl,0,392,13.066666666666666,0.5898292021296777,0.6360454673590576
UBFC_PHYS_s14_T2_ctrl,0,393,13.1,0.6596171855495049,0.11866886458764087
UBFC_PHYS_s14_T2_ctrl,0,394,13.133333333333333,0.6555323546425215,-0.38390524264292114
UBFC_PHYS_s14_T2_ctrl,0,395,13.166666666666666,0.5629831839729561,-0.819699958469007
UBFC_PHYS_s14_T2_ctrl,0,396,13.2,0.4044068242372554,-1.1463289574157938
UBFC_PHYS_s14_T2_ctrl,0,397,13.233333333333333,0.25392843700521744,-1.3290614852179718
UBFC_PHYS_s14_T2_ctrl,0,398,13.266666666666667,0.20474667327578255,-1.3522998006638862
UBFC_PHYS_s14_T2_ctrl,0,399,13.3,0.29658657204242067,-1.2186880517563066
UBFC_PHYS_s14_T2_ctrl,0,400,13.333333333333334,0.47331143064424036,-0.9568602275186995
UBFC_PHYS_s14_T2_ctrl,0,401,13.366666666666667,0.6269175712717963,-0.6215506643789733
UBFC_PHYS_s14_T2_ctrl,0,402,13.4,0.6800350334406475,-0.27104348738085693
UBFC_PHYS_s14_T2_ctrl,0,403,13.433333333333334,0.6210007757984614,0.032114029998415464
UBFC_PHYS_s14_T2_ctrl,0,404,13.466666666666667,0.48113272948292285,0.24042399875309609
UBFC_PHYS_s14_T2_ctrl,0,405,13.5,0.30043303886977996,0.3206337867781466
UBFC_PHYS_s14_T2_ctrl,0,406,13.533333333333333,0.10911496642470696,0.28417891907569837
UBFC_PHYS_s14_T2_ctrl,0,407,13.566666666666666,-0.07395543573353638,0.18627244580995234
UBFC_PHYS_s14_T2_ctrl,0,408,13.6,-0.23393223613793723,0.0780882446733261
UBFC_PHYS_s14_T2_ctrl,0,409,13.633333333333333,-0.35835677551659595,0.005981116426061417
UBFC_PHYS_s14_T2_ctrl,0,410,13.666666666666666,-0.4443010680211944,-0.005561752739589677
UBFC_PHYS_s14_T2_ctrl,0,411,13.7,-0.5006172642525075,0.04588801290783276
UBFC_PHYS_s14_T2_ctrl,0,412,13.733333333333333,-0.539857702288168,0.15515227754992164
UBFC_PHYS_s14_T2_ctrl,0,413,13.766666666666667,-0.5684106820478818,0.3092340182146435
UBFC_PHYS_s14_T2_ctrl,0,414,13.8,-0.5811728139345679,0.48292160618140617
UBFC_PHYS_s14_T2_ctrl,0,415,13.833333333333334,-0.5642934269487937,0.6384312802658794
UBFC_PHYS_s14_T2_ctrl,0,416,13.866666666666667,-0.5068046993356997,0.7456420494799885
UBFC_PHYS_s14_T2_ctrl,0,417,13.9,-0.40994957690550127,0.7818844344011895
UBFC_PHYS_s14_T2_ctrl,0,418,13.933333333333334,-0.2845384318443468,0.7390149394186847
UBFC_PHYS_s14_T2_ctrl,0,419,13.966666666666667,-0.14492723595916876,0.623441079894379
UBFC_PHYS_s14_T2_ctrl,0,420,14.0,-0.008279536183557364,0.4468061062922945
UBFC_PHYS_s14_T2_ctrl,0,421,14.033333333333333,0.10741118920494988,0.22654371196346645
UBFC_PHYS_s14_T2_ctrl,0,422,14.066666666666666,0.18984008585315104,-0.018569649605464637
UBFC_PHYS_s14_T2_ctrl,0,423,14.1,0.2356952952771619,-0.26730913172360043
UBFC_PHYS_s14_T2_ctrl,0,424,14.133333333333333,0.24810864319580653,-0.49505659038183775
UBFC_PHYS_s14_T2_ctrl,0,425,14.166666666666666,0.23277661121658283,-0.6726603087598644
UBFC_PHYS_s14_T2_ctrl,0,426,14.2,0.19581502047598143,-0.7827627652697561
UBFC_PHYS_s14_T2_ctrl,0,427,14.233333333333333,0.14432285904008668,-0.8189697366050717
UBFC_PHYS_s14_T2_ctrl,0,428,14.266666666666667,0.08854464418975791,-0.7783742113051885
UBFC_PHYS_s14_T2_ctrl,0,429,14.3,0.04359316222636702,-0.6613375383996665
UBFC_PHYS_s14_T2_ctrl,0,430,14.333333333333334,0.029934899446417765,-0.4782834923870668
UBFC_PHYS_s14_T2_ctrl,0,431,14.366666666666667,0.07033873934575896,-0.25021242250551234
UBFC_PHYS_s14_T2_ctrl,0,432,14.4,0.18036307124283024,-0.019304133906346818
UBFC_PHYS_s14_T2_ctrl,0,433,14.433333333333334,0.3533269748131846,0.1506671620806333
UBFC_PHYS_s14_T2_ctrl,0,434,14.466666666666667,0.547925676984231,0.2186972435540886
UBFC_PHYS_s14_T2_ctrl,0,435,14.5,0.6972397829738929,0.1665005095354137
UBFC_PHYS_s14_T2_ctrl,0,436,14.533333333333333,0.7464180174428818,0.010551119648809754
UBFC_PHYS_s14_T2_ctrl,0,437,14.566666666666666,0.6828793823082528,-0.19804851711233923
UBFC_PHYS_s14_T2_ctrl,0,438,14.6,0.5252569115942831,-0.40621583043400616
UBFC_PHYS_s14_T2_ctrl,0,439,14.633333333333333,0.30001489175253426,-0.5589660585906953
UBFC_PHYS_s14_T2_ctrl,0,440,14.666666666666666,0.03855507107444661,-0.6086254654334946
UBFC_PHYS_s14_T2_ctrl,0,441,14.7,-0.22489679470348775,-0.5151614785323168
UBFC_PHYS_s14_T2_ctrl,0,442,14.733333333333333,-0.46853047527119907,-0.27419952939227965
UBFC_PHYS_s14_T2_ctrl,0,443,14.766666666666667,-0.6868929481503733,0.0821279570122386
UBFC_PHYS_s14_T2_ctrl,0,444,14.8,-0.8733095046605244,0.5030150633311576
UBFC_PHYS_s14_T2_ctrl,0,445,14.833333333333334,-1.0046098411734736,0.9178440661849553
UBFC_PHYS_s14_T2_ctrl,0,446,14.866666666666667,-1.049669111464244,1.2537830927651348
UBFC_PHYS_s14_T2_ctrl,0,447,14.9,-0.9961743199995411,1.4348738426491836
UBFC_PHYS_s14_T2_ctrl,0,448,14.933333333333334,-0.8669227105977466,1.4251875885884393
UBFC_PHYS_s14_T2_ctrl,0,449,14.966666666666667,-0.7042109398358393,1.2285393211213902
UBFC_PHYS_s14_T2_ctrl,0,450,15.0,-0.5381307182431877,0.878589922370117
UBFC_PHYS_s14_T2_ctrl,0,451,15.033333333333333,-0.3722694304272835,0.4392772632579476
UBFC_PHYS_s14_T2_ctrl,0,452,15.066666666666666,-0.1933087881965668,-0.031302450597511355
UBFC_PHYS_s14_T2_ctrl,0,453,15.1,0.015822625533617463,-0.4794175482361685
UBFC_PHYS_s14_T2_ctrl,0,454,15.133333333333333,0.2674038348815434,-0.8639161210894278
UBFC_PHYS_s14_T2_ctrl,0,455,15.166666666666666,0.555228861193743,-1.1541936048183619
UBFC_PHYS_s14_T2_ctrl,0,456,15.2,0.8416488457145315,-1.3255590762849667
UBFC_PHYS_s14_T2_ctrl,0,457,15.233333333333333,1.0663873869916682,-1.3578634687666757
UBFC_PHYS_s14_T2_ctrl,0,458,15.266666666666667,1.1750142227829143,-1.2455911845932333
UBFC_PHYS_s14_T2_ctrl,0,459,15.3,1.1384000628022353,-0.9977941818868297
UBFC_PHYS_s14_T2_ctrl,0,460,15.333333333333334,0.9508202515568626,-0.6476681429262715
UBFC_PHYS_s14_T2_ctrl,0,461,15.366666666666667,0.6281161072455579,-0.25339007695360904
UBFC_PHYS_s14_T2_ctrl,0,462,15.4,0.21787589154839984,0.12767924987290116
UBFC_PHYS_s14_T2_ctrl,0,463,15.433333333333334,-0.2007209674196114,0.437795052914947
UBFC_PHYS_s14_T2_ctrl,0,464,15.466666666666667,-0.539088006371914,0.6481598303849929
UBFC_PHYS_s14_T2_ctrl,0,465,15.5,-0.7252083474578093,0.757499676721529
UBFC_PHYS_s14_T2_ctrl,0,466,15.533333333333333,-0.7298510610836667,0.7741033015881277
UBFC_PHYS_s14_T2_ctrl,0,467,15.566666666666666,-0.5918636945524037,0.7147716330054112
UBFC_PHYS_s14_T2_ctrl,0,468,15.6,-0.40542297727613474,0.6011403779272536
UBFC_PHYS_s14_T2_ctrl,0,469,15.633333333333333,-0.25717335437272687,0.4594624118935873
UBFC_PHYS_s14_T2_ctrl,0,470,15.666666666666666,-0.1689859079549111,0.3135236103730642
UBFC_PHYS_s14_T2_ctrl,0,471,15.7,-0.09965483505407861,0.18496528923477193
UBFC_PHYS_s14_T2_ctrl,0,472,15.733333333333333,0.0005940734711014188,0.08836384992996253
UBFC_PHYS_s14_T2_ctrl,0,473,15.766666666666667,0.1332974842811539,0.03173699292058688
UBFC_PHYS_s14_T2_ctrl,0,474,15.8,0.2474326085251889,0.011409205590511756
UBFC_PHYS_s14_T2_ctrl,0,475,15.833333333333334,0.29105608853969456,0.012539106038197162
UBFC_PHYS_s14_T2_ctrl,0,476,15.866666666666667,0.25961501748234006,0.025944858677018408
UBFC_PHYS_s14_T2_ctrl,0,477,15.9,0.195367531040676,0.048383853920288364
UBFC_PHYS_s14_T2_ctrl,0,478,15.933333333333334,0.15246464529172904,0.06656218893782265
UBFC_PHYS_s14_T2_ctrl,0,479,15.966666666666667,0.16297315092228234,0.057383715803462854
UBFC_PHYS_s14_T2_ctrl,0,480,16.0,0.22373919717595087,0.014758108589647677
UBFC_PHYS_s14_T2_ctrl,0,481,16.033333333333335,0.30703934486111545,-0.0501317488966329
UBFC_PHYS_s14_T2_ctrl,0,482,16.066666666666666,0.38133836598160326,-0.14352060431476657
UBFC_PHYS_s14_T2_ctrl,0,483,16.1,0.4223376928377772,-0.2883950917979872
UBFC_PHYS_s14_T2_ctrl,0,484,16.133333333333333,0.413097563392144,-0.48191189065815637
UBFC_PHYS_s14_T2_ctrl,0,485,16.166666666666668,0.3465187465917045,-0.6944291984728014
UBFC_PHYS_s14_T2_ctrl,0,486,16.2,0.23006477546222173,-0.8832348504609624
UBFC_PHYS_s14_T2_ctrl,0,487,16.233333333333334,0.08114032921766849,-0.9922528445688149
UBFC_PHYS_s14_T2_ctrl,0,488,16.266666666666666,-0.08546004322353239,-0.9828679586919802
UBFC_PHYS_s14_T2_ctrl,0,489,16.3,-0.26297505345897637,-0.8342668675818758
UBFC_PHYS_s14_T2_ctrl,0,490,16.333333333333332,-0.4429859231304615,-0.5499079128127494
UBFC_PHYS_s14_T2_ctrl,0,491,16.366666666666667,-0.6010857976034607,-0.1585036763081938
UBFC_PHYS_s14_T2_ctrl,0,492,16.4,-0.6982493084263973,0.2880593141437745
UBFC_PHYS_s14_T2_ctrl,0,493,16.433333333333334,-0.7049042284034666,0.7133920856925753
UBFC_PHYS_s14_T2_ctrl,0,494,16.466666666666665,-0.6266433956996025,1.0698866538732228
UBFC_PHYS_s14_T2_ctrl,0,495,16.5,-0.5040367831287673,1.3370276525508018
UBFC_PHYS_s14_T2_ctrl,0,496,16.533333333333335,-0.38685759214424575,1.494805185285208
UBFC_PHYS_s14_T2_ctrl,0,497,16.566666666666666,-0.3063122936738532,1.5223783387624419
UBFC_PHYS_s14_T2_ctrl,0,498,16.6,-0.2622639590702562,1.4128616494440611
UBFC_PHYS_s14_T2_ctrl,0,499,16.633333333333333,-0.22916457013686092,1.1733440745322266
UBFC_PHYS_s14_T2_ctrl,0,500,16.666666666666668,-0.17629347023501848,0.8264798181832077
UBFC_PHYS_s14_T2_ctrl,0,501,16.7,-0.0869390773028048,0.4115854093695309
UBFC_PHYS_s14_T2_ctrl,0,502,16.733333333333334,0.036057051788702825,-0.03675838373525295
UBFC_PHYS_s14_T2_ctrl,0,503,16.766666666666666,0.17423910959529126,-0.486688154551578
UBFC_PHYS_s14_T2_ctrl,0,504,16.8,0.3019865527703875,-0.9111521536549047
UBFC_PHYS_s14_T2_ctrl,0,505,16.833333333333332,0.3995659323940555,-1.2854263426822599
UBFC_PHYS_s14_T2_ctrl,0,506,16.866666666666667,0.46210029797041047,-1.5841585613758664
UBFC_PHYS_s14_T2_ctrl,0,507,16.9,0.4967813259541416,-1.7793913079330934
UBFC_PHYS_s14_T2_ctrl,0,508,16.933333333333334,0.5140235266090416,-1.8397024641555266
UBFC_PHYS_s14_T2_ctrl,0,509,16.966666666666665,0.5189460764493976,-1.7297075775610478
UBFC_PHYS_s14_T2_ctrl,0,510,17.0,0.505268482742988,-1.4432388900906632
UBFC_PHYS_s14_T2_ctrl,0,511,17.033333333333335,0.45621233885633056,-1.0043312062760477
UBFC_PHYS_s14_T2_ctrl,0,512,17.066666666666666,0.3558409104014964,-0.46479532397632195
UBFC_PHYS_s14_T2_ctrl,0,513,17.1,0.20546078957557692,0.09408997008947304
UBFC_PHYS_s14_T2_ctrl,0,514,17.133333333333333,0.029473887899094234,0.603299760365529
UBFC_PHYS_s14_T2_ctrl,0,515,17.166666666666668,-0.14066935981214174,1.0039976569433182
UBFC_PHYS_s14_T2_ctrl,0,516,17.2,-0.2885797999119992,1.2698426638937166
UBFC_PHYS_s14_T2_ctrl,0,517,17.233333333333334,-0.41371517481207265,1.4048309871801696
UBFC_PHYS_s14_T2_ctrl,0,518,17.266666666666666,-0.5154627736459559,1.4291893811977077
UBFC_PHYS_s14_T2_ctrl,0,519,17.3,-0.5871132729943902,1.3777950578404403
UBFC_PHYS_s14_T2_ctrl,0,520,17.333333333333332,-0.6212637137727669,1.2749880264978866
UBFC_PHYS_s14_T2_ctrl,0,521,17.366666666666667,-0.6113821769065056,1.1342324511424777
UBFC_PHYS_s14_T2_ctrl,0,522,17.4,-0.5524141729947095,0.9649446066098469
UBFC_PHYS_s14_T2_ctrl,0,523,17.433333333333334,-0.4472222776804189,0.7732518646524519
UBFC_PHYS_s14_T2_ctrl,0,524,17.466666666666665,-0.3092025337237976,0.5645531772098547
UBFC_PHYS_s14_T2_ctrl,0,525,17.5,-0.15523038825901905,0.344782889986057
UBFC_PHYS_s14_T2_ctrl,0,526,17.533333333333335,0.0012892043542913068,0.1144959174329377
UBFC_PHYS_s14_T2_ctrl,0,527,17.566666666666666,0.15208479686934726,-0.12951216030264895
UBFC_PHYS_s14_T2_ctrl,0,528,17.6,0.2960889818112409,-0.38863813677250014
UBFC_PHYS_s14_T2_ctrl,0,529,17.633333333333333,0.4413042614763177,-0.6606175851352137
UBFC_PHYS_s14_T2_ctrl,0,530,17.666666666666668,0.5988208856501305,-0.9306094943783486
UBFC_PHYS_s14_T2_ctrl,0,531,17.7,0.7708659257934565,-1.16961935621729
UBFC_PHYS_s14_T2_ctrl,0,532,17.733333333333334,0.9445803443180241,-1.3513727804036952
UBFC_PHYS_s14_T2_ctrl,0,533,17.766666666666666,1.0973146952054726,-1.4513248156498666
UBFC_PHYS_s14_T2_ctrl,0,534,17.8,1.206837187877514,-1.4621722094827934
UBFC_PHYS_s14_T2_ctrl,0,535,17.833333333333332,1.2558569074690291,-1.3933405563583365
UBFC_PHYS_s14_T2_ctrl,0,536,17.866666666666667,1.2271366300668576,-1.2422126846607997
UBFC_PHYS_s14_T2_ctrl,0,537,17.9,1.095707975759184,-0.9947198399280736
UBFC_PHYS_s14_T2_ctrl,0,538,17.933333333333334,0.8311267324134188,-0.640698469985686
UBFC_PHYS_s14_T2_ctrl,0,539,17.966666666666665,0.41783867902305,-0.17600407829139625
UBFC_PHYS_s14_T2_ctrl,0,540,18.0,-0.11903169303882796,0.35804440362415835
UBFC_PHYS_s14_T2_ctrl,0,541,18.033333333333335,-0.7094675115011152,0.8724621371996965
UBFC_PHYS_s14_T2_ctrl,0,542,18.066666666666666,-1.2629648042686807,1.287750146548793
UBFC_PHYS_s14_T2_ctrl,0,543,18.1,-1.6999176371285618,1.5324332577662898
UBFC_PHYS_s14_T2_ctrl,0,544,18.133333333333333,-1.971992533603227,1.581103368047258
UBFC_PHYS_s14_T2_ctrl,0,545,18.166666666666668,-2.067877743911539,1.4533402107317661
UBFC_PHYS_s14_T2_ctrl,0,546,18.2,-2.0011762037403242,1.1851021123653651
UBFC_PHYS_s14_T2_ctrl,0,547,18.233333333333334,-1.7884280460256223,0.8285640762204088
UBFC_PHYS_s14_T2_ctrl,0,548,18.266666666666666,-1.4409152173848763,0.4348732713821787
UBFC_PHYS_s14_T2_ctrl,0,549,18.3,-0.9812411002137499,0.05520848495442917
UBFC_PHYS_s14_T2_ctrl,0,550,18.333333333333332,-0.4676993746542281,-0.2744878895627071
UBFC_PHYS_s14_T2_ctrl,0,551,18.366666666666667,0.006313624056510203,-0.5318285835830299
UBFC_PHYS_s14_T2_ctrl,0,552,18.4,0.35548718340724295,-0.7009198522753574
UBFC_PHYS_s14_T2_ctrl,0,553,18.433333333333334,0.5549487316026054,-0.7709657676213122
UBFC_PHYS_s14_T2_ctrl,0,554,18.466666666666665,0.6444786180720138,-0.7304633345175172
UBFC_PHYS_s14_T2_ctrl,0,555,18.5,0.6838425688683316,-0.5670143318753204
UBFC_PHYS_s14_T2_ctrl,0,556,18.533333333333335,0.7132664552425473,-0.31281166529840265
UBFC_PHYS_s14_T2_ctrl,0,557,18.566666666666666,0.7463086455195513,-0.04486164947503178
UBFC_PHYS_s14_T2_ctrl,0,558,18.6,0.7768179988351043,0.17395481204033203
UBFC_PHYS_s14_T2_ctrl,0,559,18.633333333333333,0.7845915616527703,0.2947967612205127
UBFC_PHYS_s14_T2_ctrl,0,560,18.666666666666668,0.743594483002703,0.3127563552500868
UBFC_PHYS_s14_T2_ctrl,0,561,18.7,0.6370945331621893,0.2661581943322663
UBFC_PHYS_s14_T2_ctrl,0,562,18.733333333333334,0.4791952262871314,0.18845728333409
UBFC_PHYS_s14_T2_ctrl,0,563,18.766666666666666,0.3278241639109784,0.10763382446909901
UBFC_PHYS_s14_T2_ctrl,0,564,18.8,0.25266652782487753,0.040254009642783035
UBFC_PHYS_s14_T2_ctrl,0,565,18.833333333333332,0.26821239878581377,-0.008402586809075
UBFC_PHYS_s14_T2_ctrl,0,566,18.866666666666667,0.3228444982731475,-0.0386215653021508
UBFC_PHYS_s14_T2_ctrl,0,567,18.9,0.3722348149459966,-0.05587119428357977
UBFC_PHYS_s14_T2_ctrl,0,568,18.933333333333334,0.4311531699492462,-0.053239890845858014
UBFC_PHYS_s14_T2_ctrl,0,569,18.966666666666665,0.5390629258437655,-0.011487283825431675
UBFC_PHYS_s14_T2_ctrl,0,570,19.0,0.7093920627244427,0.06385031386975587
UBFC_PHYS_s14_T2_ctrl,0,571,19.033333333333335,0.9221030351115312,0.14234181067113602
UBFC_PHYS_s14_T2_ctrl,0,572,19.066666666666666,1.1331728911611259,0.1998088635078499
UBFC_PHYS_s14_T2_ctrl,0,573,19.1,1.2775118647708579,0.21847676985486555
UBFC_PHYS_s14_T2_ctrl,0,574,19.133333333333333,1.2800520031919878,0.18115742113321132
UBFC_PHYS_s14_T2_ctrl,0,575,19.166666666666668,1.0799830645411665,0.0716203301848626
UBFC_PHYS_s14_T2_ctrl,0,576,19.2,0.6492044337185848,-0.11472689341027648
UBFC_PHYS_s14_T2_ctrl,0,577,19.233333333333334,-0.007315795071326507,-0.36992154310480335
UBFC_PHYS_s14_T2_ctrl,0,578,19.266666666666666,-0.8526792513013515,-0.6574489973949177
UBFC_PHYS_s14_T2_ctrl,0,579,19.3,-1.8022711595041485,-0.9114783863054646
UBFC_PHYS_s14_T2_ctrl,0,580,19.333333333333332,-2.709632419101967,-1.0779963611483392
UBFC_PHYS_s14_T2_ctrl,0,581,19.366666666666667,-3.3843881117492134,-1.1145682364059915
UBFC_PHYS_s14_T2_ctrl,0,582,19.4,-3.6511925505038905,-0.9902910276630462
UBFC_PHYS_s14_T2_ctrl,0,583,19.433333333333334,-3.4396516031786013,-0.6864581866692107
UBFC_PHYS_s14_T2_ctrl,0,584,19.466666666666665,-2.838648351200504,-0.23123694241473558
UBFC_PHYS_s14_T2_ctrl,0,585,19.5,-2.0280195470094275,0.29892337295597105
UBFC_PHYS_s14_T2_ctrl,0,586,19.533333333333335,-1.1508663043720386,0.8130780621287312
UBFC_PHYS_s14_T2_ctrl,0,587,19.566666666666666,-0.286455224211466,1.204566786728321
UBFC_PHYS_s14_T2_ctrl,0,588,19.6,0.49609681004639916,1.4210945701872217
UBFC_PHYS_s14_T2_ctrl,0,589,19.633333333333333,1.1382165468183594,1.463400954793575
UBFC_PHYS_s14_T2_ctrl,0,590,19.666666666666668,1.6265183780008086,1.354464173803726
UBFC_PHYS_s14_T2_ctrl,0,591,19.7,1.979796429784093,1.1385191564389892
UBFC_PHYS_s14_T2_ctrl,0,592,19.733333333333334,2.2166240757728604,0.8533903829737243
UBFC_PHYS_s14_T2_ctrl,0,593,19.766666666666666,2.3403000808952643,0.5309500825557557
UBFC_PHYS_s14_T2_ctrl,0,594,19.8,2.3266889004743048,0.1860220831824766
UBFC_PHYS_s14_T2_ctrl,0,595,19.833333333333332,2.1323993369277776,-0.18171972669521466
UBFC_PHYS_s14_T2_ctrl,0,596,19.866666666666667,1.7448417986837215,-0.556572523961899
UBFC_PHYS_s14_T2_ctrl,0,597,19.9,1.2250309341427705,-0.904599132427802
UBFC_PHYS_s14_T2_ctrl,0,598,19.933333333333334,0.6841341150894533,-1.1888143072048272
UBFC_PHYS_s14_T2_ctrl,0,599,19.966666666666665,0.21244548463549914,-1.3677343999210188
UBFC_PHYS_s14_T2_ctrl,0,600,20.0,-0.1682520222585115,-1.4016699296678081
UBFC_PHYS_s14_T2_ctrl,0,601,20.033333333333335,-0.4905356892018037,-1.252572350239994
UBFC_PHYS_s14_T2_ctrl,0,602,20.066666666666666,-0.7914660302721821,-0.9249437632561472
UBFC_PHYS_s14_T2_ctrl,0,603,20.1,-1.0734040402787295,-0.46677143130784243
UBFC_PHYS_s14_T2_ctrl,0,604,20.133333333333333,-1.296432386387999,0.032504852477597726
UBFC_PHYS_s14_T2_ctrl,0,605,20.166666666666668,-1.3994093017876568,0.44128136308830707
UBFC_PHYS_s14_T2_ctrl,0,606,20.2,-1.333367921431599,0.7009769808093931
UBFC_PHYS_s14_T2_ctrl,0,607,20.233333333333334,-1.0841294950484914,0.8247822279683676
UBFC_PHYS_s14_T2_ctrl,0,608,20.266666666666666,-0.6750148552938438,0.8390403989289783
UBFC_PHYS_s14_T2_ctrl,0,609,20.3,-0.15908082369753795,0.7815936017269052
UBFC_PHYS_s14_T2_ctrl,0,610,20.333333333333332,0.3933010753568234,0.6932931866149491
UBFC_PHYS_s14_T2_ctrl,0,611,20.366666666666667,0.9093852370456209,0.6172336098583715
UBFC_PHYS_s14_T2_ctrl,0,612,20.4,1.3200313888284536,0.5540238277404768
UBFC_PHYS_s14_T2_ctrl,0,613,20.433333333333334,1.5558707759276256,0.4623236822431169
UBFC_PHYS_s14_T2_ctrl,0,614,20.466666666666665,1.5562215990535968,0.3187295914859814
UBFC_PHYS_s14_T2_ctrl,0,615,20.5,1.2978481496082688,0.11912392406377142
UBFC_PHYS_s14_T2_ctrl,0,616,20.533333333333335,0.8255258732749844,-0.11497763682724524
UBFC_PHYS_s14_T2_ctrl,0,617,20.566666666666666,0.2609216282893518,-0.3355919474379911
UBFC_PHYS_s14_T2_ctrl,0,618,20.6,-0.24459591773361167,-0.5072099124297443
UBFC_PHYS_s14_T2_ctrl,0,619,20.633333333333333,-0.5905729245137501,-0.6062142304596321
UBFC_PHYS_s14_T2_ctrl,0,620,20.666666666666668,-0.7580432915951665,-0.6216479497854828
UBFC_PHYS_s14_T2_ctrl,0,621,20.7,-0.7841872785606729,-0.5548004271489186
UBFC_PHYS_s14_T2_ctrl,0,622,20.733333333333334,-0.7372023372152873,-0.43318772945245254
UBFC_PHYS_s14_T2_ctrl,0,623,20.766666666666666,-0.6966003707594227,-0.31022645385073405
UBFC_PHYS_s14_T2_ctrl,0,624,20.8,-0.7192711918397432,-0.21839355654510206
UBFC_PHYS_s14_T2_ctrl,0,625,20.833333333333332,-0.8053186917995527,-0.1691689549831096
UBFC_PHYS_s14_T2_ctrl,0,626,20.866666666666667,-0.8960027034159124,-0.14987325735393311
UBFC_PHYS_s14_T2_ctrl,0,627,20.9,-0.921221973009605,-0.12439215111740223
UBFC_PHYS_s14_T2_ctrl,0,628,20.933333333333334,-0.8650776956830948,-0.06950156523096777
UBFC_PHYS_s14_T2_ctrl,0,629,20.966666666666665,-0.772613495579528,0.024267278908883298
UBFC_PHYS_s14_T2_ctrl,0,630,21.0,-0.6867809381666247,0.15355984571697434
UBFC_PHYS_s14_T2_ctrl,0,631,21.033333333333335,-0.6077596357403665,0.30160591646256957
UBFC_PHYS_s14_T2_ctrl,0,632,21.066666666666666,-0.514394446832562,0.4436756814183306
UBFC_PHYS_s14_T2_ctrl,0,633,21.1,-0.38833607225839345,0.5467138805272832
UBFC_PHYS_s14_T2_ctrl,0,634,21.133333333333333,-0.21528921848752264,0.5806556737071457
UBFC_PHYS_s14_T2_ctrl,0,635,21.166666666666668,0.01014525691662281,0.5185390083013822
UBFC_PHYS_s14_T2_ctrl,0,636,21.2,0.27828762854072703,0.35993257707029347
UBFC_PHYS_s14_T2_ctrl,0,637,21.233333333333334,0.5756404958849738,0.13138083034355366
UBFC_PHYS_s14_T2_ctrl,0,638,21.266666666666666,0.9005064868869967,-0.1354475097998084
UBFC_PHYS_s14_T2_ctrl,0,639,21.3,1.2557428190049715,-0.40304426232793894
UBFC_PHYS_s14_T2_ctrl,0,640,21.333333333333332,1.6200999837404733,-0.6230893325892204
UBFC_PHYS_s14_T2_ctrl,0,641,21.366666666666667,1.92799109623361,-0.7359344729284633
UBFC_PHYS_s14_T2_ctrl,0,642,21.4,2.0811939184292525,-0.7059635963142199
UBFC_PHYS_s14_T2_ctrl,0,643,21.433333333333334,1.9958742504752918,-0.521819496080735
UBFC_PHYS_s14_T2_ctrl,0,644,21.466666666666665,1.657406772552725,-0.2131704162484624
UBFC_PHYS_s14_T2_ctrl,0,645,21.5,1.1247130046300513,0.1488158916214632
UBFC_PHYS_s14_T2_ctrl,0,646,21.533333333333335,0.4765033407772248,0.49408935469914067
UBFC_PHYS_s14_T2_ctrl,0,647,21.566666666666666,-0.22520334318386215,0.7531337400486391
UBFC_PHYS_s14_T2_ctrl,0,648,21.6,-0.9193176361126518,0.8784726797431895
UBFC_PHYS_s14_T2_ctrl,0,649,21.633333333333333,-1.5309275442514636,0.8441758927174807
UBFC_PHYS_s14_T2_ctrl,0,650,21.666666666666668,-1.9853436811613618,0.6548496709011904
UBFC_PHYS_s14_T2_ctrl,0,651,21.7,-2.2214398284995944,0.34574809041317084
UBFC_PHYS_s14_T2_ctrl,0,652,21.733333333333334,-2.189989648791257,-0.03373369681652359
UBFC_PHYS_s14_T2_ctrl,0,653,21.766666666666666,-1.8699942356933126,-0.4192667926621869
UBFC_PHYS_s14_T2_ctrl,0,654,21.8,-1.3172856779696192,-0.7561335349655399
UBFC_PHYS_s14_T2_ctrl,0,655,21.833333333333332,-0.6718790184297416,-0.9980400165520291
UBFC_PHYS_s14_T2_ctrl,0,656,21.866666666666667,-0.07871660621921686,-1.107200568724841
UBFC_PHYS_s14_T2_ctrl,0,657,21.9,0.3889081116535518,-1.0536933326164868
UBFC_PHYS_s14_T2_ctrl,0,658,21.933333333333334,0.7211417871814233,-0.8228107551226722
UBFC_PHYS_s14_T2_ctrl,0,659,21.966666666666665,0.9211490546054196,-0.4158691924514333
UBFC_PHYS_s14_T2_ctrl,0,660,22.0,0.9823518322466389,0.1066325416770947
UBFC_PHYS_s14_T2_ctrl,0,661,22.033333333333335,0.9090241017896374,0.6238376434902206
UBFC_PHYS_s14_T2_ctrl,0,662,22.066666666666666,0.7517368130923401,1.041549636202245
UBFC_PHYS_s14_T2_ctrl,0,663,22.1,0.5972485540746477,1.2912414526420213
UBFC_PHYS_s14_T2_ctrl,0,664,22.133333333333333,0.5018837033392342,1.3421486424382318
UBFC_PHYS_s14_T2_ctrl,0,665,22.166666666666668,0.44790824788139966,1.2003756774931424
UBFC_PHYS_s14_T2_ctrl,0,666,22.2,0.36508493714047663,0.9037176837945256
UBFC_PHYS_s14_T2_ctrl,0,667,22.233333333333334,0.1781346551081987,0.5216061032879756
UBFC_PHYS_s14_T2_ctrl,0,668,22.266666666666666,-0.1375614923216042,0.10982780024624862
UBFC_PHYS_s14_T2_ctrl,0,669,22.3,-0.509443834216761,-0.2883177266286714
UBFC_PHYS_s14_T2_ctrl,0,670,22.333333333333332,-0.7959253132009122,-0.64000258294348
UBFC_PHYS_s14_T2_ctrl,0,671,22.366666666666667,-0.8844254478272277,-0.9209341143805971
UBFC_PHYS_s14_T2_ctrl,0,672,22.4,-0.758137934527809,-1.1102021191889675
UBFC_PHYS_s14_T2_ctrl,0,673,22.433333333333334,-0.48222771756245536,-1.1888423956545637
UBFC_PHYS_s14_T2_ctrl,0,674,22.466666666666665,-0.15105730813555723,-1.1389443720761436
UBFC_PHYS_s14_T2_ctrl,0,675,22.5,0.15497877156079104,-0.9435859911079005
UBFC_PHYS_s14_T2_ctrl,0,676,22.533333333333335,0.38627596769032435,-0.6144355166509265
UBFC_PHYS_s14_T2_ctrl,0,677,22.566666666666666,0.5218305207736471,-0.1928074880498018
UBFC_PHYS_s14_T2_ctrl,0,678,22.6,0.564468809600524,0.2611089135368086
UBFC_PHYS_s14_T2_ctrl,0,679,22.633333333333333,0.5371403480407364,0.666962439990722
UBFC_PHYS_s14_T2_ctrl,0,680,22.666666666666668,0.4726595201336931,0.9582099205076278
UBFC_PHYS_s14_T2_ctrl,0,681,22.7,0.39951630870641147,1.0811210322507716
UBFC_PHYS_s14_T2_ctrl,0,682,22.733333333333334,0.33259136113975313,1.0242743290409306
UBFC_PHYS_s14_T2_ctrl,0,683,22.766666666666666,0.27121628004474235,0.8180017197791654
UBFC_PHYS_s14_T2_ctrl,0,684,22.8,0.20721560022485083,0.5109510419585458
UBFC_PHYS_s14_T2_ctrl,0,685,22.833333333333332,0.14152492300150282,0.17016148312873847
UBFC_PHYS_s14_T2_ctrl,0,686,22.866666666666667,0.09148826570136909,-0.15523100480709742
UBFC_PHYS_s14_T2_ctrl,0,687,22.9,0.07463810511350169,-0.43296592259359895
UBFC_PHYS_s14_T2_ctrl,0,688,22.933333333333334,0.08585682863999591,-0.6386466871380374
UBFC_PHYS_s14_T2_ctrl,0,689,22.966666666666665,0.09832405559100381,-0.7544516484436243
UBFC_PHYS_s14_T2_ctrl,0,690,23.0,0.08800917824770313,-0.7638319081122853
UBFC_PHYS_s14_T2_ctrl,0,691,23.033333333333335,0.04485804598989985,-0.6511590163250169
UBFC_PHYS_s14_T2_ctrl,0,692,23.066666666666666,-0.04871332030488064,-0.42698238200734534
UBFC_PHYS_s14_T2_ctrl,0,693,23.1,-0.23533013807861097,-0.12853758803718157
UBFC_PHYS_s14_T2_ctrl,0,694,23.133333333333333,-0.5524630639625033,0.19262714526858143
UBFC_PHYS_s14_T2_ctrl,0,695,23.166666666666668,-0.9709970624724483,0.46998858430398605
UBFC_PHYS_s14_T2_ctrl,0,696,23.2,-1.3681563852636034,0.651813947493512
UBFC_PHYS_s14_T2_ctrl,0,697,23.233333333333334,-1.582075074436461,0.700652209929594
UBFC_PHYS_s14_T2_ctrl,0,698,23.266666666666666,-1.5184654053231843,0.6071192821937197
UBFC_PHYS_s14_T2_ctrl,0,699,23.3,-1.2103932120256302,0.3898054831347538
UBFC_PHYS_s14_T2_ctrl,0,700,23.333333333333332,-0.7694006740083408,0.08850566745614655
UBFC_PHYS_s14_T2_ctrl,0,701,23.366666666666667,-0.28898831321033613,-0.23538369484839605
UBFC_PHYS_s14_T2_ctrl,0,702,23.4,0.19806205215742403,-0.5256592336137591
UBFC_PHYS_s14_T2_ctrl,0,703,23.433333333333334,0.6893810397126066,-0.7306237468606911
UBFC_PHYS_s14_T2_ctrl,0,704,23.466666666666665,1.160560964610181,-0.8152486991667784
UBFC_PHYS_s14_T2_ctrl,0,705,23.5,1.5387862728734005,-0.7607311293139454
UBFC_PHYS_s14_T2_ctrl,0,706,23.533333333333335,1.7260249118879067,-0.5673139598595656
UBFC_PHYS_s14_T2_ctrl,0,707,23.566666666666666,1.6624540388123328,-0.25468746935987235
UBFC_PHYS_s14_T2_ctrl,0,708,23.6,1.3742717505884827,0.13062176932729214
UBFC_PHYS_s14_T2_ctrl,0,709,23.633333333333333,0.9523993698105483,0.5143338134412966
UBFC_PHYS_s14_T2_ctrl,0,710,23.666666666666668,0.4868326586722484,0.8257044504504403
UBFC_PHYS_s14_T2_ctrl,0,711,23.7,0.03044667363995658,0.9967998992811005
UBFC_PHYS_s14_T2_ctrl,0,712,23.733333333333334,-0.38867413501889525,1.000791080302973
UBFC_PHYS_s14_T2_ctrl,0,713,23.766666666666666,-0.7486252744115054,0.8514928676278166
UBFC_PHYS_s14_T2_ctrl,0,714,23.8,-1.028426435544167,0.5802020120730178
UBFC_PHYS_s14_T2_ctrl,0,715,23.833333333333332,-1.2024705918745122,0.23586488025742658
UBFC_PHYS_s14_T2_ctrl,0,716,23.866666666666667,-1.2376562337539785,-0.13499223326314233
UBFC_PHYS_s14_T2_ctrl,0,717,23.9,-1.1067110580381385,-0.4871306269210735
UBFC_PHYS_s14_T2_ctrl,0,718,23.933333333333334,-0.8116610468559488,-0.7784717477911914
UBFC_PHYS_s14_T2_ctrl,0,719,23.966666666666665,-0.3962971310031605,-0.9687778361709526
UBFC_PHYS_s14_T2_ctrl,0,720,24.0,0.06775244683277994,-1.0269898008489304
UBFC_PHYS_s14_T2_ctrl,0,721,24.033333333333335,0.509889508223755,-0.9307503958589763
UBFC_PHYS_s14_T2_ctrl,0,722,24.066666666666666,0.8754857123870017,-0.6820053880276825
UBFC_PHYS_s14_T2_ctrl,0,723,24.1,1.1227396965003287,-0.30763105974505145
UBFC_PHYS_s14_T2_ctrl,0,724,24.133333333333333,1.2216102163134381,0.13882665095960134
UBFC_PHYS_s14_T2_ctrl,0,725,24.166666666666668,1.1619342537224011,0.5760172245262978
UBFC_PHYS_s14_T2_ctrl,0,726,24.2,0.964935107663865,0.9270759716775621
UBFC_PHYS_s14_T2_ctrl,0,727,24.233333333333334,0.6875704565434198,1.1187124385523994
UBFC_PHYS_s14_T2_ctrl,0,728,24.266666666666666,0.40352201792482645,1.1292566623104112
UBFC_PHYS_s14_T2_ctrl,0,729,24.3,0.16815904997095762,0.9879212920779883
UBFC_PHYS_s14_T2_ctrl,0,730,24.333333333333332,0.0011849659399874451,0.7288411388412389
UBFC_PHYS_s14_T2_ctrl,0,731,24.366666666666667,-0.10382212072491913,0.39111859198549154
UBFC_PHYS_s14_T2_ctrl,0,732,24.4,-0.16506122588519823,0.009655319860238931
UBFC_PHYS_s14_T2_ctrl,0,733,24.433333333333334,-0.20632102392135915,-0.3834142666612194
UBFC_PHYS_s14_T2_ctrl,0,734,24.466666666666665,-0.25906935315337637,-0.7501703062367742
UBFC_PHYS_s14_T2_ctrl,0,735,24.5,-0.3690515536034232,-1.045165978065804
UBFC_PHYS_s14_T2_ctrl,0,736,24.533333333333335,-0.5880777841568878,-1.22672914385728
UBFC_PHYS_s14_T2_ctrl,0,737,24.566666666666666,-0.9331188980822375,-1.25603828714313
UBFC_PHYS_s14_T2_ctrl,0,738,24.6,-1.3405147738507581,-1.1205675718597607
UBFC_PHYS_s14_T2_ctrl,0,739,24.633333333333333,-1.6735372127974797,-0.8342365673513132
UBFC_PHYS_s14_T2_ctrl,0,740,24.666666666666668,-1.7995958502774438,-0.43506707119756394
UBFC_PHYS_s14_T2_ctrl,0,741,24.7,-1.6742684143660502,0.013852376969873473
UBFC_PHYS_s14_T2_ctrl,0,742,24.733333333333334,-1.3515048274224095,0.4515100578493409
UBFC_PHYS_s14_T2_ctrl,0,743,24.766666666666666,-0.9225858632873875,0.8174983571621173
UBFC_PHYS_s14_T2_ctrl,0,744,24.8,-0.4483509906654936,1.0605098475844663
UBFC_PHYS_s14_T2_ctrl,0,745,24.833333333333332,0.06185803782544627,1.1371793906613208
UBFC_PHYS_s14_T2_ctrl,0,746,24.866666666666667,0.6028718041158684,1.0412087082193204
UBFC_PHYS_s14_T2_ctrl,0,747,24.9,1.114540066511324,0.802990317859219
UBFC_PHYS_s14_T2_ctrl,0,748,24.933333333333334,1.5046677088117082,0.4720174927341957
UBFC_PHYS_s14_T2_ctrl,0,749,24.966666666666665,1.7348178790875783,0.11716561832003124
UBFC_PHYS_s14_T2_ctrl,0,750,25.0,1.8455393030001648,-0.20527919065591418
UBFC_PHYS_s14_T2_ctrl,0,751,25.033333333333335,1.8871288407856404,-0.45069022990734053
UBFC_PHYS_s14_T2_ctrl,0,752,25.066666666666666,1.8614226086087777,-0.5849549374024462
UBFC_PHYS_s14_T2_ctrl,0,753,25.1,1.732871836459331,-0.5836841183120263
UBFC_PHYS_s14_T2_ctrl,0,754,25.133333333333333,1.4603795860361777,-0.45130447472185886
UBFC_PHYS_s14_T2_ctrl,0,755,25.166666666666668,1.0242355027596743,-0.22092183972460783
UBFC_PHYS_s14_T2_ctrl,0,756,25.2,0.4487853484052713,0.05114825779161665
UBFC_PHYS_s14_T2_ctrl,0,757,25.233333333333334,-0.2031367707341601,0.2853711214707485
UBFC_PHYS_s14_T2_ctrl,0,758,25.266666666666666,-0.8530302445887245,0.4354599823225203
UBFC_PHYS_s14_T2_ctrl,0,759,25.3,-1.4104760932562874,0.4880487061666097
UBFC_PHYS_s14_T2_ctrl,0,760,25.333333333333332,-1.782667298622152,0.4428032968834358
UBFC_PHYS_s14_T2_ctrl,0,761,25.366666666666667,-1.9197986056123868,0.31206918180556875
UBFC_PHYS_s14_T2_ctrl,0,762,25.4,-1.8366252368430536,0.11306617667322663
UBFC_PHYS_s14_T2_ctrl,0,763,25.433333333333334,-1.573808844851027,-0.1316614384488767
UBFC_PHYS_s14_T2_ctrl,0,764,25.466666666666665,-1.183906930514707,-0.39987312668321173
UBFC_PHYS_s14_T2_ctrl,0,765,25.5,-0.7688215591916188,-0.6685175134317807
UBFC_PHYS_s14_T2_ctrl,0,766,25.533333333333335,-0.4526728959072718,-0.904224608142739
UBFC_PHYS_s14_T2_ctrl,0,767,25.566666666666666,-0.2704652985762298,-1.0623505530689732
UBFC_PHYS_s14_T2_ctrl,0,768,25.6,-0.13871826268759216,-1.0968347443075621
UBFC_PHYS_s14_T2_ctrl,0,769,25.633333333333333,0.028687155063356673,-0.9604129032513462
UBFC_PHYS_s14_T2_ctrl,0,770,25.666666666666668,0.23295563471206548,-0.6444950206989181
UBFC_PHYS_s14_T2_ctrl,0,771,25.7,0.43994686031635233,-0.18041813963793485
UBFC_PHYS_s14_T2_ctrl,0,772,25.733333333333334,0.6473622665759291,0.36251552137305426
UBFC_PHYS_s14_T2_ctrl,0,773,25.766666666666666,0.8692059889371015,0.875678409671812
UBFC_PHYS_s14_T2_ctrl,0,774,25.8,1.094987478623315,1.2762965076382131
UBFC_PHYS_s14_T2_ctrl,0,775,25.833333333333332,1.2855626388992385,1.5061284851807866
UBFC_PHYS_s14_T2_ctrl,0,776,25.866666666666667,1.3987575554424936,1.5310297068542678
UBFC_PHYS_s14_T2_ctrl,0,777,25.9,1.4185893017488878,1.3402690563269841
UBFC_PHYS_s14_T2_ctrl,0,778,25.933333333333334,1.3567361965806717,0.9685694797825379
UBFC_PHYS_s14_T2_ctrl,0,779,25.966666666666665,1.225685408823381,0.49646534112360885
UBFC_PHYS_s14_T2_ctrl,0,780,26.0,1.0145284558290442,-0.009404622596979467
UBFC_PHYS_s14_T2_ctrl,0,781,26.033333333333335,0.6926554215892785,-0.4948344983510202
UBFC_PHYS_s14_T2_ctrl,0,782,26.066666666666666,0.2476749543600601,-0.9157910478375093
UBFC_PHYS_s14_T2_ctrl,0,783,26.1,-0.2833279339608993,-1.2362004931576074
UBFC_PHYS_s14_T2_ctrl,0,784,26.133333333333333,-0.8298606748329045,-1.418879307053261
UBFC_PHYS_s14_T2_ctrl,0,785,26.166666666666668,-1.3245058863794124,-1.4243085922809076
UBFC_PHYS_s14_T2_ctrl,0,786,26.2,-1.7180685392448019,-1.2321493862789945
UBFC_PHYS_s14_T2_ctrl,0,787,26.233333333333334,-1.9709972479441982,-0.841795384623498
UBFC_PHYS_s14_T2_ctrl,0,788,26.266666666666666,-2.0401343247287276,-0.3169259042066307
UBFC_PHYS_s14_T2_ctrl,0,789,26.3,-1.8860010987197469,0.21351884605161792
UBFC_PHYS_s14_T2_ctrl,0,790,26.333333333333332,-1.509765082264795,0.6563037827285897
UBFC_PHYS_s14_T2_ctrl,0,791,26.366666666666667,-0.9809635888834337,0.9527675207031251
UBFC_PHYS_s14_T2_ctrl,0,792,26.4,-0.4127775689254214,1.071355441732105
UBFC_PHYS_s14_T2_ctrl,0,793,26.433333333333334,0.09239659153701042,1.0063892335788764
UBFC_PHYS_s14_T2_ctrl,0,794,26.466666666666665,0.47403567089595366,0.7891595222612513
UBFC_PHYS_s14_T2_ctrl,0,795,26.5,0.7139347400381479,0.4874808733976465
UBFC_PHYS_s14_T2_ctrl,0,796,26.533333333333335,0.8284190295940299,0.1654565250645884
UBFC_PHYS_s14_T2_ctrl,0,797,26.566666666666666,0.8542002903147248,-0.116206739779789
UBFC_PHYS_s14_T2_ctrl,0,798,26.6,0.8262312740333682,-0.31478767247548484
UBFC_PHYS_s14_T2_ctrl,0,799,26.633333333333333,0.7658161303149187,-0.40475377738488105
UBFC_PHYS_s14_T2_ctrl,0,800,26.666666666666668,0.687373665051483,-0.3959249961634802
UBFC_PHYS_s14_T2_ctrl,0,801,26.7,0.6065478908285993,-0.3325290616347627
UBFC_PHYS_s14_T2_ctrl,0,802,26.733333333333334,0.5361898238448495,-0.2238311112643202
UBFC_PHYS_s14_T2_ctrl,0,803,26.766666666666666,0.478866623460252,-0.044298152525775195
UBFC_PHYS_s14_T2_ctrl,0,804,26.8,0.427228928465839,0.18374371132634482
UBFC_PHYS_s14_T2_ctrl,0,805,26.833333333333332,0.36971719114167684,0.38949296419335555
UBFC_PHYS_s14_T2_ctrl,0,806,26.866666666666667,0.29609827516665455,0.521061437880108
UBFC_PHYS_s14_T2_ctrl,0,807,26.9,0.2022099193630093,0.5455243932747664
UBFC_PHYS_s14_T2_ctrl,0,808,26.933333333333334,0.09197152984839041,0.46695243564551353
UBFC_PHYS_s14_T2_ctrl,0,809,26.966666666666665,-0.02474469868959423,0.32614933912176686
UBFC_PHYS_s14_T2_ctrl,0,810,27.0,-0.13529715296295114,0.14622681284958464
UBFC_PHYS_s14_T2_ctrl,0,811,27.033333333333335,-0.2272004394661965,-0.06702397658651374
UBFC_PHYS_s14_T2_ctrl,0,812,27.066666666666666,-0.29228668133714797,-0.30760959976050606
UBFC_PHYS_s14_T2_ctrl,0,813,27.1,-0.3294939315410115,-0.5679563569856664
UBFC_PHYS_s14_T2_ctrl,0,814,27.133333333333333,-0.3420713045891435,-0.8185586441967516
UBFC_PHYS_s14_T2_ctrl,0,815,27.166666666666668,-0.3327197087377698,-1.0069506581314087
UBFC_PHYS_s14_T2_ctrl,0,816,27.2,-0.3048315743728052,-1.0791645671623458
UBFC_PHYS_s14_T2_ctrl,0,817,27.233333333333334,-0.26788959823382497,-0.9799350212693237
UBFC_PHYS_s14_T2_ctrl,0,818,27.266666666666666,-0.23624209807275767,-0.6964105251443257
UBFC_PHYS_s14_T2_ctrl,0,819,27.3,-0.22192274624434333,-0.25924681272921124
UBFC_PHYS_s14_T2_ctrl,0,820,27.333333333333332,-0.2309394403969949,0.23838209707924107
UBFC_PHYS_s14_T2_ctrl,0,821,27.366666666666667,-0.2612012431132431,0.6403139427223783
UBFC_PHYS_s14_T2_ctrl,0,822,27.4,-0.29872506227768,0.8598246161737315
UBFC_PHYS_s14_T2_ctrl,0,823,27.433333333333334,-0.318111176816559,0.8792199446517155
UBFC_PHYS_s14_T2_ctrl,0,824,27.466666666666665,-0.2898923504916981,0.7448786323298184
UBFC_PHYS_s14_T2_ctrl,0,825,27.5,-0.19594240608550517,0.5657508025143267
UBFC_PHYS_s14_T2_ctrl,0,826,27.533333333333335,-0.049869658890043314,0.39125903624629244
UBFC_PHYS_s14_T2_ctrl,0,827,27.566666666666666,0.10288724283564385,0.21113594190196994
UBFC_PHYS_s14_T2_ctrl,0,828,27.6,0.21734418466155092,0.013776058839921751
UBFC_PHYS_s14_T2_ctrl,0,829,27.633333333333333,0.2767561305216434,-0.2121552399738839
UBFC_PHYS_s14_T2_ctrl,0,830,27.666666666666668,0.28682498115285904,-0.4380101978174513
UBFC_PHYS_s14_T2_ctrl,0,831,27.7,0.2596310808218511,-0.5943751746364287
UBFC_PHYS_s14_T2_ctrl,0,832,27.733333333333334,0.215752235720035,-0.6176627008833318
UBFC_PHYS_s14_T2_ctrl,0,833,27.766666666666666,0.19298179370566645,-0.4508276640359994
UBFC_PHYS_s14_T2_ctrl,0,834,27.8,0.2329653904738519,-0.09840705858663792
UBFC_PHYS_s14_T2_ctrl,0,835,27.833333333333332,0.3483468917173284,0.37241577676323456
UBFC_PHYS_s14_T2_ctrl,0,836,27.866666666666667,0.5054886198378314,0.8259926124333417
UBFC_PHYS_s14_T2_ctrl,0,837,27.9,0.642123576170456,1.0587503520981534
UBFC_PHYS_s14_T2_ctrl,0,838,27.933333333333334,0.7023397205537479,1.0044415624593812
UBFC_PHYS_s14_T2_ctrl,0,839,27.966666666666665,0.6622547304701254,0.7343958166580838
UBFC_PHYS_s14_T2_ctrl,0,840,28.0,0.5308596860643039,0.33970685628508224
UBFC_PHYS_s14_T2_ctrl,0,841,28.033333333333335,0.32397036647023075,-0.06944301250561621
UBFC_PHYS_s14_T2_ctrl,0,842,28.066666666666666,0.038763464737189154,-0.43425344848651665
UBFC_PHYS_s14_T2_ctrl,0,843,28.1,-0.33348237962562677,-0.7460548979133075
UBFC_PHYS_s14_T2_ctrl,0,844,28.133333333333333,-0.7735262659482988,-0.9984082673585817
UBFC_PHYS_s14_T2_ctrl,0,845,28.166666666666668,-1.2271361940998697,-1.1850472866932193
UBFC_PHYS_s14_T2_ctrl,0,846,28.2,-1.6170957581535021,-1.276423124715418
UBFC_PHYS_s14_T2_ctrl,0,847,28.233333333333334,-1.8413886880145878,-1.2192171213871437
UBFC_PHYS_s14_T2_ctrl,0,848,28.266666666666666,-1.7820250899637546,-0.9799298010994624
UBFC_PHYS_s14_T2_ctrl,0,849,28.3,-1.3592666654726884,-0.5462626760271794
UBFC_PHYS_s14_T2_ctrl,0,850,28.333333333333332,-0.5935292016316112,0.03265287236760704
UBFC_PHYS_s14_T2_ctrl,0,851,28.366666666666667,0.3850598752048999,0.6445523957003796
UBFC_PHYS_s14_T2_ctrl,0,852,28.4,1.3773407033541445,1.1793972554917727
UBFC_PHYS_s14_T2_ctrl,0,853,28.433333333333334,2.1724866804099987,1.528150778701401
UBFC_PHYS_s14_T2_ctrl,0,854,28.466666666666665,2.6134417408435446,1.6371890471315171
UBFC_PHYS_s14_T2_ctrl,0,855,28.5,2.6518040319963974,1.5073453428493702
UBFC_PHYS_s14_T2_ctrl,0,856,28.533333333333335,2.3367637050580603,1.183807337585293
UBFC_PHYS_s14_T2_ctrl,0,857,28.566666666666666,1.7392859958244178,0.7557558124348764
UBFC_PHYS_s14_T2_ctrl,0,858,28.6,0.9084677085052955,0.2912425885778615
UBFC_PHYS_s14_T2_ctrl,0,859,28.633333333333333,-0.09299500466028018,-0.16168172611271273
UBFC_PHYS_s14_T2_ctrl,0,860,28.666666666666668,-1.1466086608811739,-0.5661756788540406
UBFC_PHYS_s14_T2_ctrl,0,861,28.7,-2.0912660955862488,-0.8943957385322437
UBFC_PHYS_s14_T2_ctrl,0,862,28.733333333333334,-2.766551650565842,-1.111898384523208
UBFC_PHYS_s14_T2_ctrl,0,863,28.766666666666666,-3.056483911126223,-1.176254268838289
UBFC_PHYS_s14_T2_ctrl,0,864,28.8,-2.9137885592431534,-1.0710578134309254
UBFC_PHYS_s14_T2_ctrl,0,865,28.833333333333332,-2.3545437495860417,-0.8059198807442953
UBFC_PHYS_s14_T2_ctrl,0,866,28.866666666666667,-1.459649765162728,-0.43014823754038667
UBFC_PHYS_s14_T2_ctrl,0,867,28.9,-0.38167825418087575,-0.033219481096972564
UBFC_PHYS_s14_T2_ctrl,0,868,28.933333333333334,0.6766363824472703,0.3063866777531523
UBFC_PHYS_s14_T2_ctrl,0,869,28.966666666666665,1.511421170096112,0.5205992709139362
UBFC_PHYS_s14_T2_ctrl,0,870,29.0,1.9800595396638478,0.5758996927594161
UBFC_PHYS_s14_T2_ctrl,0,871,29.033333333333335,2.0488643022898567,0.4727365755635805
UBFC_PHYS_s14_T2_ctrl,0,872,29.066666666666666,1.786244290717028,0.24387791667744751
UBFC_PHYS_s14_T2_ctrl,0,873,29.1,1.3084974023139517,-0.045818200606599316
UBFC_PHYS_s14_T2_ctrl,0,874,29.133333333333333,0.7338118729114291,-0.3283686931382835
UBFC_PHYS_s14_T2_ctrl,0,875,29.166666666666668,0.16457440857945918,-0.5325789693788276
UBFC_PHYS_s14_T2_ctrl,0,876,29.2,-0.3212356095827947,-0.6105276917590364
UBFC_PHYS_s14_T2_ctrl,0,877,29.233333333333334,-0.6711230235001857,-0.5375189244509194
UBFC_PHYS_s14_T2_ctrl,0,878,29.266666666666666,-0.8515276051357329,-0.32369636770003096
UBFC_PHYS_s14_T2_ctrl,0,879,29.3,-0.8532236479040781,-0.014310721951484875
UBFC_PHYS_s14_T2_ctrl,0,880,29.333333333333332,-0.7045646558193666,0.3282654849254198
UBFC_PHYS_s14_T2_ctrl,0,881,29.366666666666667,-0.4576406210738847,0.6240827682342776
UBFC_PHYS_s14_T2_ctrl,0,882,29.4,-0.15058664856523515,0.8204453814825938
UBFC_PHYS_s14_T2_ctrl,0,883,29.433333333333334,0.19883976990933216,0.8912790250952657
UBFC_PHYS_s14_T2_ctrl,0,884,29.466666666666665,0.5575832271940846,0.8310453884568721
UBFC_PHYS_s14_T2_ctrl,0,885,29.5,0.8672090220718883,0.6543700232475034
UBFC_PHYS_s14_T2_ctrl,0,886,29.533333333333335,1.080524990951771,0.38338993872169624
UBFC_PHYS_s14_T2_ctrl,0,887,29.566666666666666,1.1713847544648095,0.04836464786359369
UBFC_PHYS_s14_T2_ctrl,0,888,29.6,1.1011355161300933,-0.30889079357723404
UBFC_PHYS_s14_T2_ctrl,0,889,29.633333333333333,0.8193519500701458,-0.6338217969536066
UBFC_PHYS_s14_T2_ctrl,0,890,29.666666666666668,0.31460771707519386,-0.8826955556230107
UBFC_PHYS_s14_T2_ctrl,0,891,29.7,-0.34853117940413986,-1.0215423963912562
UBFC_PHYS_s14_T2_ctrl,0,892,29.733333333333334,-1.0364118763544279,-1.0347522650248773
UBFC_PHYS_s14_T2_ctrl,0,893,29.766666666666666,-1.584164361528731,-0.9245394151949691
UBFC_PHYS_s14_T2_ctrl,0,894,29.8,-1.8533643966654934,-0.699259489617301
UBFC_PHYS_s14_T2_ctrl,0,895,29.833333333333332,-1.7790910836293512,-0.37396860367940427
UBFC_PHYS_s14_T2_ctrl,0,896,29.866666666666667,-1.370130107914502,0.020288063076979758
UBFC_PHYS_s14_T2_ctrl,0,897,29.9,-0.6932789841171143,0.43503247055013233
UBFC_PHYS_s14_T2_ctrl,0,898,29.933333333333334,0.1225261507210503,0.8128341186962181
UBFC_PHYS_s14_T2_ctrl,0,899,29.966666666666665,0.902161320325353,1.0859932979308007
UBFC_PHYS_s14_T2_ctrl,0,900,30.0,1.4803395360094287,1.2015127711986893
UBFC_PHYS_s14_T2_ctrl,0,901,30.033333333333335,1.7503630053358106,1.1206810610708449
UBFC_PHYS_s14_T2_ctrl,0,902,30.066666666666666,1.6862936355744562,0.8702469461503953
UBFC_PHYS_s14_T2_ctrl,0,903,30.1,1.3543124038588716,0.542258648416698
UBFC_PHYS_s14_T2_ctrl,0,904,30.133333333333333,0.8932656595796107,0.2154556991299253
UBFC_PHYS_s14_T2_ctrl,0,905,30.166666666666668,0.4506402052944732,-0.04460139048482674
UBFC_PHYS_s14_T2_ctrl,0,906,30.2,0.11941570724352313,-0.2070259537853298
UBFC_PHYS_s14_T2_ctrl,0,907,30.233333333333334,-0.08628605446660495,-0.27456908807213043
UBFC_PHYS_s14_T2_ctrl,0,908,30.266666666666666,-0.22381234195223768,-0.2704058347767569
UBFC_PHYS_s14_T2_ctrl,0,909,30.3,-0.38654323977341254,-0.2369116032934036
UBFC_PHYS_s14_T2_ctrl,0,910,30.333333333333332,-0.6423661129029286,-0.2006934459792361
UBFC_PHYS_s14_T2_ctrl,0,911,30.366666666666667,-0.9859766315222089,-0.17198823031726165
UBFC_PHYS_s14_T2_ctrl,0,912,30.4,-1.3448325684547522,-0.14543781931765215
UBFC_PHYS_s14_T2_ctrl,0,913,30.433333333333334,-1.6165836355166898,-0.1003762614873606
UBFC_PHYS_s14_T2_ctrl,0,914,30.466666666666665,-1.6943691904417055,-0.03939077722598398
UBFC_PHYS_s14_T2_ctrl,0,915,30.5,-1.4911273871720778,0.011495371690188695
UBFC_PHYS_s14_T2_ctrl,0,916,30.533333333333335,-0.9861897989978063,0.02544235086407877
UBFC_PHYS_s14_T2_ctrl,0,917,30.566666666666666,-0.2516242591961616,-0.024743655398946872
UBFC_PHYS_s14_T2_ctrl,0,918,30.6,0.5775250096832873,-0.1455546255662841
UBFC_PHYS_s14_T2_ctrl,0,919,30.633333333333333,1.3430939414378211,-0.3221950534161877
UBFC_PHYS_s14_T2_ctrl,0,920,30.666666666666668,1.88178176374281,-0.5061577881647464
UBFC_PHYS_s14_T2_ctrl,0,921,30.7,2.0583543185859954,-0.6153342804192752
UBFC_PHYS_s14_T2_ctrl,0,922,30.733333333333334,1.8238099756557529,-0.6071328723180351
UBFC_PHYS_s14_T2_ctrl,0,923,30.766666666666666,1.2417156183763507,-0.4789207634413028
UBFC_PHYS_s14_T2_ctrl,0,924,30.8,0.45097144827930163,-0.2745636269202347
UBFC_PHYS_s14_T2_ctrl,0,925,30.833333333333332,-0.3916265178462929,-0.08409620755993466
UBFC_PHYS_s14_T2_ctrl,0,926,30.866666666666667,-1.1408835953875038,0.049614477648474854
UBFC_PHYS_s14_T2_ctrl,0,927,30.9,-1.6720289376630935,0.13070728232107232
UBFC_PHYS_s14_T2_ctrl,0,928,30.933333333333334,-1.8998193234177885,0.1798358530651813
UBFC_PHYS_s14_T2_ctrl,0,929,30.966666666666665,-1.808027613679219,0.2329474310316998
UBFC_PHYS_s14_T2_ctrl,0,930,31.0,-1.4567668372192455,0.29442003192053307
UBFC_PHYS_s14_T2_ctrl,0,931,31.033333333333335,-0.9505191952519896,0.3365014574734684
UBFC_PHYS_s14_T2_ctrl,0,932,31.066666666666666,-0.38968436899657766,0.32477492939510816
UBFC_PHYS_s14_T2_ctrl,0,933,31.1,0.1609703011105646,0.2187892270145801
UBFC_PHYS_s14_T2_ctrl,0,934,31.133333333333333,0.6680645792743305,0.026378328968475792
UBFC_PHYS_s14_T2_ctrl,0,935,31.166666666666668,1.0958796356063765,-0.1958674394289483
UBFC_PHYS_s14_T2_ctrl,0,936,31.2,1.386283280615297,-0.3866463674725655
UBFC_PHYS_s14_T2_ctrl,0,937,31.233333333333334,1.489821162600553,-0.48018204334435716
UBFC_PHYS_s14_T2_ctrl,0,938,31.266666666666666,1.4129252134278238,-0.45270662932651456
UBFC_PHYS_s14_T2_ctrl,0,939,31.3,1.2129412909460675,-0.3225367540115682
UBFC_PHYS_s14_T2_ctrl,0,940,31.333333333333332,0.9476434638669824,-0.12427069214870176
UBFC_PHYS_s14_T2_ctrl,0,941,31.366666666666667,0.6467817186944537,0.09121882668794191
UBFC_PHYS_s14_T2_ctrl,0,942,31.4,0.3238510769934686,0.2961823057266778
UBFC_PHYS_s14_T2_ctrl,0,943,31.433333333333334,-0.0025367072750414757,0.48519999558280436
UBFC_PHYS_s14_T2_ctrl,0,944,31.466666666666665,-0.29233042209528026,0.6351365994159598
UBFC_PHYS_s14_T2_ctrl,0,945,31.5,-0.4864242832569088,0.704416000501982
UBFC_PHYS_s14_T2_ctrl,0,946,31.533333333333335,-0.5441453527436669,0.6846055586291947
UBFC_PHYS_s14_T2_ctrl,0,947,31.566666666666666,-0.48120213732442,0.6001393861288788
UBFC_PHYS_s14_T2_ctrl,0,948,31.6,-0.35700836524846136,0.47775118315542087
UBFC_PHYS_s14_T2_ctrl,0,949,31.633333333333333,-0.23074116679114365,0.3463010448692066
UBFC_PHYS_s14_T2_ctrl,0,950,31.666666666666668,-0.1379131719616798,0.2069724972745654
UBFC_PHYS_s14_T2_ctrl,0,951,31.7,-0.09098836432297218,0.03418535917008004
UBFC_PHYS_s14_T2_ctrl,0,952,31.733333333333334,-0.08193106105585218,-0.1677601392673705
UBFC_PHYS_s14_T2_ctrl,0,953,31.766666666666666,-0.08766177881590029,-0.3635545278556496
UBFC_PHYS_s14_T2_ctrl,0,954,31.8,-0.08429927162634679,-0.527837209267441
UBFC_PHYS_s14_T2_ctrl,0,955,31.833333333333332,-0.0586004391171215,-0.6445048091562252
UBFC_PHYS_s14_T2_ctrl,0,956,31.866666666666667,-0.011919603064816382,-0.7019484593326131
UBFC_PHYS_s14_T2_ctrl,0,957,31.9,0.034519147037493765,-0.6925327486334554
UBFC_PHYS_s14_T2_ctrl,0,958,31.933333333333334,0.038773594814200396,-0.6150335200055159
UBFC_PHYS_s14_T2_ctrl,0,959,31.966666666666665,-0.041294071280432,-0.4747236329936182
UBFC_PHYS_s14_T2_ctrl,0,960,32.0,-0.21292264787286697,-0.28739034368881766
UBFC_PHYS_s14_T2_ctrl,0,961,32.03333333333333,-0.43135252550478925,-0.07987183406079165
UBFC_PHYS_s14_T2_ctrl,0,962,32.06666666666667,-0.6184552798643107,0.12288127228109565
UBFC_PHYS_s14_T2_ctrl,0,963,32.1,-0.6997479826984383,0.29705074783971475
UBFC_PHYS_s14_T2_ctrl,0,964,32.13333333333333,-0.63791442718101,0.43341067638964037
UBFC_PHYS_s14_T2_ctrl,0,965,32.166666666666664,-0.4538754965912631,0.5363605378353768
UBFC_PHYS_s14_T2_ctrl,0,966,32.2,-0.21948719332575417,0.60964837801949
UBFC_PHYS_s14_T2_ctrl,0,967,32.233333333333334,-0.014575821748799537,0.6555461791902584
UBFC_PHYS_s14_T2_ctrl,0,968,32.266666666666666,0.11750436213908735,0.6671150886985857
UBFC_PHYS_s14_T2_ctrl,0,969,32.3,0.17661218126745826,0.628105284993952
UBFC_PHYS_s14_T2_ctrl,0,970,32.333333333333336,0.1837453513238243,0.5311060204413154
UBFC_PHYS_s14_T2_ctrl,0,971,32.36666666666667,0.16222272290938503,0.3780749870020227
UBFC_PHYS_s14_T2_ctrl,0,972,32.4,0.13087896601034726,0.18091361043571327
UBFC_PHYS_s14_T2_ctrl,0,973,32.43333333333333,0.10332142144805118,-0.03773842436277525
UBFC_PHYS_s14_T2_ctrl,0,974,32.46666666666667,0.09144801770064791,-0.25774285702751515
UBFC_PHYS_s14_T2_ctrl,0,975,32.5,0.10877441452938744,-0.4604360164311379
UBFC_PHYS_s14_T2_ctrl,0,976,32.53333333333333,0.1662037766226951,-0.6273834748697322
UBFC_PHYS_s14_T2_ctrl,0,977,32.56666666666667,0.263359820014396,-0.7394250462175561
UBFC_PHYS_s14_T2_ctrl,0,978,32.6,0.385063177024289,-0.7945058703526873
UBFC_PHYS_s14_T2_ctrl,0,979,32.63333333333333,0.503015709258422,-0.8069109754926455
UBFC_PHYS_s14_T2_ctrl,0,980,32.666666666666664,0.5809176034107587,-0.7818054545931278
UBFC_PHYS_s14_T2_ctrl,0,981,32.7,0.589539315499863,-0.7149900071790282
UBFC_PHYS_s14_T2_ctrl,0,982,32.733333333333334,0.5285328960753504,-0.5873078178751863
UBFC_PHYS_s14_T2_ctrl,0,983,32.766666666666666,0.4332239057935908,-0.3656834121769747
UBFC_PHYS_s14_T2_ctrl,0,984,32.8,0.35276949020250314,-0.043837075914083846
UBFC_PHYS_s14_T2_ctrl,0,985,32.833333333333336,0.3153589228422453,0.3559262706925476
UBFC_PHYS_s14_T2_ctrl,0,986,32.86666666666667,0.30806488556529255,0.7559640234147589
UBFC_PHYS_s14_T2_ctrl,0,987,32.9,0.28359966650777896,1.0226416973077632
UBFC_PHYS_s14_T2_ctrl,0,988,32.93333333333333,0.18794826920939617,1.0903136659639716
UBFC_PHYS_s14_T2_ctrl,0,989,32.96666666666667,-0.006037005197977858,0.9612755299431016
UBFC_PHYS_s14_T2_ctrl,0,990,33.0,-0.27800386690705425,0.675938786943694
UBFC_PHYS_s14_T2_ctrl,0,991,33.03333333333333,-0.5669009719841075,0.3125653744206852
UBFC_PHYS_s14_T2_ctrl,0,992,33.06666666666667,-0.801848725678368,-0.060503084627090226
UBFC_PHYS_s14_T2_ctrl,0,993,33.1,-0.9352198804473633,-0.3842330641635796
UBFC_PHYS_s14_T2_ctrl,0,994,33.13333333333333,-0.9566798472107224,-0.6258992886775064
UBFC_PHYS_s14_T2_ctrl,0,995,33.166666666666664,-0.8849861889386486,-0.7777282264815777
UBFC_PHYS_s14_T2_ctrl,0,996,33.2,-0.7492428455710702,-0.8350225713100541
UBFC_PHYS_s14_T2_ctrl,0,997,33.233333333333334,-0.5731988978632045,-0.795228408336536
UBFC_PHYS_s14_T2_ctrl,0,998,33.266666666666666,-0.3711457063182176,-0.6522638933719291
UBFC_PHYS_s14_T2_ctrl,0,999,33.3,-0.15536575122749738,-0.39699935583484525
UBFC_PHYS_s14_T2_ctrl,0,1000,33.333333333333336,0.055416317120158445,-0.04382243767109893
UBFC_PHYS_s14_T2_ctrl,0,1001,33.36666666666667,0.23781659261075483,0.36792911385402727
UBFC_PHYS_s14_T2_ctrl,0,1002,33.4,0.374240353078999,0.7630131738699595
UBFC_PHYS_s14_T2_ctrl,0,1003,33.43333333333333,0.4604502654527194,1.0294870166999879
UBFC_PHYS_s14_T2_ctrl,0,1004,33.46666666666667,0.5029233508557842,1.1068205984897515
UBFC_PHYS_s14_T2_ctrl,0,1005,33.5,0.5102000998253521,0.9857254460425616
UBFC_PHYS_s14_T2_ctrl,0,1006,33.53333333333333,0.48756608766572146,0.7037009065231116
UBFC_PHYS_s14_T2_ctrl,0,1007,33.56666666666667,0.43812325643212074,0.3448256896913897
UBFC_PHYS_s14_T2_ctrl,0,1008,33.6,0.36555161777106604,-0.021928427163801667
UBFC_PHYS_s14_T2_ctrl,0,1009,33.63333333333333,0.2746723321364065,-0.3420990417002362
UBFC_PHYS_s14_T2_ctrl,0,1010,33.666666666666664,0.17104858395104974,-0.5821054904518914
UBFC_PHYS_s14_T2_ctrl,0,1011,33.7,0.06164573290219044,-0.7279030941879533
UBFC_PHYS_s14_T2_ctrl,0,1012,33.733333333333334,-0.044361731017443236,-0.7822327689076557
UBFC_PHYS_s14_T2_ctrl,0,1013,33.766666666666666,-0.13651431693987895,-0.7634762924906578
UBFC_PHYS_s14_T2_ctrl,0,1014,33.8,-0.20617458669195532,-0.6777420660005415
UBFC_PHYS_s14_T2_ctrl,0,1015,33.833333333333336,-0.24994662694087136,-0.5188034317161079
UBFC_PHYS_s14_T2_ctrl,0,1016,33.86666666666667,-0.2695574244117069,-0.2800169727568844
UBFC_PHYS_s14_T2_ctrl,0,1017,33.9,-0.2683841579755279,0.04436562785373534
UBFC_PHYS_s14_T2_ctrl,0,1018,33.93333333333333,-0.25036903247340586,0.409174915087847
UBFC_PHYS_s14_T2_ctrl,0,1019,33.96666666666667,-0.22105298511729587,0.7173186730655516
UBFC_PHYS_s14_T2_ctrl,0,1020,34.0,-0.18323415618344863,0.9025196487445336
UBFC_PHYS_s14_T2_ctrl,0,1021,34.03333333333333,-0.13017783513268621,0.929036947989399
UBFC_PHYS_s14_T2_ctrl,0,1022,34.06666666666667,-0.05049367325034397,0.8041235012832959
UBFC_PHYS_s14_T2_ctrl,0,1023,34.1,0.055660627400451725,0.5776505116775618
UBFC_PHYS_s14_T2_ctrl,0,1024,34.13333333333333,0.16878374667151805,0.3008175420797546
UBFC_PHYS_s14_T2_ctrl,0,1025,34.166666666666664,0.2606362513706224,0.02632653344708191
UBFC_PHYS_s14_T2_ctrl,0,1026,34.2,0.31077865894966245,-0.22133167932559064
UBFC_PHYS_s14_T2_ctrl,0,1027,34.233333333333334,0.3146568420089489,-0.4445898479912746
UBFC_PHYS_s14_T2_ctrl,0,1028,34.266666666666666,0.2818056534987584,-0.6458412741652377
UBFC_PHYS_s14_T2_ctrl,0,1029,34.3,0.2283507969932791,-0.8257493091818389
UBFC_PHYS_s14_T2_ctrl,0,1030,34.333333333333336,0.16796251080971458,-0.965782766355096
UBFC_PHYS_s14_T2_ctrl,0,1031,34.36666666666667,0.107454098690791,-1.0274474160429503
UBFC_PHYS_s14_T2_ctrl,0,1032,34.4,0.04951835086111403,-0.9633652832862276
UBFC_PHYS_s14_T2_ctrl,0,1033,34.43333333333333,-0.0033151633926323566,-0.7181948641426363
UBFC_PHYS_s14_T2_ctrl,0,1034,34.46666666666667,-0.049029384308753005,-0.29115188509865925
UBFC_PHYS_s14_T2_ctrl,0,1035,34.5,-0.0880941614298636,0.26220515167850655
UBFC_PHYS_s14_T2_ctrl,0,1036,34.53333333333333,-0.12220991002103503,0.8340855022762256
UBFC_PHYS_s14_T2_ctrl,0,1037,34.56666666666667,-0.15104048051953808,1.2635949693879125
UBFC_PHYS_s14_T2_ctrl,0,1038,34.6,-0.17151929740605862,1.4533265589849642
UBFC_PHYS_s14_T2_ctrl,0,1039,34.63333333333333,-0.18088281027652853,1.3690763728599078
UBFC_PHYS_s14_T2_ctrl,0,1040,34.666666666666664,-0.18027611138943853,1.052699026307651
UBFC_PHYS_s14_T2_ctrl,0,1041,34.7,-0.17460819637987757,0.6214941582931549
UBFC_PHYS_s14_T2_ctrl,0,1042,34.733333333333334,-0.16747252428146012,0.15641031836598185
UBFC_PHYS_s14_T2_ctrl,0,1043,34.766666666666666,-0.15628953302213178,-0.29720803875864055
UBFC_PHYS_s14_T2_ctrl,0,1044,34.8,-0.13475386314703874,-0.7074173995945916
UBFC_PHYS_s14_T2_ctrl,0,1045,34.833333333333336,-0.10043885720199695,-1.0533587589522968
UBFC_PHYS_s14_T2_ctrl,0,1046,34.86666666666667,-0.0568086946745051,-1.3147938014967577
UBFC_PHYS_s14_T2_ctrl,0,1047,34.9,-0.00815010324301123,-1.4702306329131385
UBFC_PHYS_s14_T2_ctrl,0,1048,34.93333333333333,0.04130128239432608,-1.4833374293028527
UBFC_PHYS_s14_T2_ctrl,0,1049,34.96666666666667,0.082110471666051,-1.3029079302381346
UBFC_PHYS_s14_T2_ctrl,0,1050,35.0,0.10101833146464578,-0.9043763832858576
UBFC_PHYS_s14_T2_ctrl,0,1051,35.03333333333333,0.0909485742997223,-0.2918608920000678
UBFC_PHYS_s14_T2_ctrl,0,1052,35.06666666666667,0.05549203444228892,0.42792335219337424
UBFC_PHYS_s14_T2_ctrl,0,1053,35.1,0.003930492960175634,1.0443016307798862
UBFC_PHYS_s14_T2_ctrl,0,1054,35.13333333333333,-0.052948613056547474,1.4297109894403603
UBFC_PHYS_s14_T2_ctrl,0,1055,35.166666666666664,-0.10251888488033557,1.5389133382153606
UBFC_PHYS_s14_T2_ctrl,0,1056,35.2,-0.13004745361458603,1.3930245988339365
UBFC_PHYS_s14_T2_ctrl,0,1057,35.233333333333334,-0.12256014250877766,1.0780888172181835
UBFC_PHYS_s14_T2_ctrl,0,1058,35.266666666666666,-0.0771868857063822,0.682848251764135
UBFC_PHYS_s14_T2_ctrl,0,1059,35.3,-0.005887835754687855,0.29842347357446986
UBFC_PHYS_s14_T2_ctrl,0,1060,35.333333333333336,0.07154968657100785,-0.02699947762158303
UBFC_PHYS_s14_T2_ctrl,0,1061,35.36666666666667,0.1390450349853517,-0.28680646765408274
UBFC_PHYS_s14_T2_ctrl,0,1062,35.4,0.1891425716783908,-0.48516623930651576
UBFC_PHYS_s14_T2_ctrl,0,1063,35.43333333333333,0.22201007084307084,-0.6350386875043881
UBFC_PHYS_s14_T2_ctrl,0,1064,35.46666666666667,0.2413744387803536,-0.7311426863048869
UBFC_PHYS_s14_T2_ctrl,0,1065,35.5,0.24853118677913133,-0.749014724968575
UBFC_PHYS_s14_T2_ctrl,0,1066,35.53333333333333,0.2419369806917013,-0.6589237210795583
UBFC_PHYS_s14_T2_ctrl,0,1067,35.56666666666667,0.22369282723770087,-0.42657372757493495
UBFC_PHYS_s14_T2_ctrl,0,1068,35.6,0.2001856757122302,-0.0705012728206465
UBFC_PHYS_s14_T2_ctrl,0,1069,35.63333333333333,0.17400855222543418,0.33682409684260334
UBFC_PHYS_s14_T2_ctrl,0,1070,35.666666666666664,0.14083496747821395,0.7123089171408968
UBFC_PHYS_s14_T2_ctrl,0,1071,35.7,0.09617106049342836,0.9617457852331498
UBFC_PHYS_s14_T2_ctrl,0,1072,35.733333333333334,0.04180962369910102,1.0369343001314535
UBFC_PHYS_s14_T2_ctrl,0,1073,35.766666666666666,-0.014988728110003888,0.9353215935944973
UBFC_PHYS_s14_T2_ctrl,0,1074,35.8,-0.06657643015415374,0.6904874864235749
UBFC_PHYS_s14_T2_ctrl,0,1075,35.833333333333336,-0.10858179525022899,0.3719473969968228
UBFC_PHYS_s14_T2_ctrl,0,1076,35.86666666666667,-0.13922043313844723,0.032987812350921256
UBFC_PHYS_s14_T2_ctrl,0,1077,35.9,-0.1561656793519142,-0.28854499875361195
UBFC_PHYS_s14_T2_ctrl,0,1078,35.93333333333333,-0.15596989047934035,-0.5731872837774469
UBFC_PHYS_s14_T2_ctrl,0,1079,35.96666666666667,-0.13772214490884926,-0.8180800301575608
UBFC_PHYS_s14_T2_ctrl,0,1080,36.0,-0.10681584771276985,-1.0198629107341521
UBFC_PHYS_s14_T2_ctrl,0,1081,36.03333333333333,-0.07499503826814363,-1.1729951328923034
UBFC_PHYS_s14_T2_ctrl,0,1082,36.06666666666667,-0.057533581929622976,-1.2505436687544955
UBFC_PHYS_s14_T2_ctrl,0,1083,36.1,-0.06916376804523675,-1.2038590238305384
UBFC_PHYS_s14_T2_ctrl,0,1084,36.13333333333333,-0.11902783029111709,-1.0086684666990575
UBFC_PHYS_s14_T2_ctrl,0,1085,36.166666666666664,-0.20553414943370776,-0.6661264116402534
UBFC_PHYS_s14_T2_ctrl,0,1086,36.2,-0.3119337083847231,-0.21497267236847778
UBFC_PHYS_s14_T2_ctrl,0,1087,36.233333333333334,-0.40688342817077916,0.26709627546483705
UBFC_PHYS_s14_T2_ctrl,0,1088,36.266666666666666,-0.45800543280447586,0.7011356547916339
UBFC_PHYS_s14_T2_ctrl,0,1089,36.3,-0.4518919589006927,1.0057299545705045
UBFC_PHYS_s14_T2_ctrl,0,1090,36.333333333333336,-0.39809030879963014,1.1378363328431096
UBFC_PHYS_s14_T2_ctrl,0,1091,36.36666666666667,-0.31354373751582454,1.0917977595712904
UBFC_PHYS_s14_T2_ctrl,0,1092,36.4,-0.20961371161905265,0.901693247153003
UBFC_PHYS_s14_T2_ctrl,0,1093,36.43333333333333,-0.09293191459691126,0.6406467008022868
UBFC_PHYS_s14_T2_ctrl,0,1094,36.46666666666667,0.030086972869674412,0.3647847557035095
UBFC_PHYS_s14_T2_ctrl,0,1095,36.5,0.15329960622459976,0.11346036742104168
UBFC_PHYS_s14_T2_ctrl,0,1096,36.53333333333333,0.27208761004513377,-0.09966775482891274
UBFC_PHYS_s14_T2_ctrl,0,1097,36.56666666666667,0.3811314906245938,-0.2852475077798422
UBFC_PHYS_s14_T2_ctrl,0,1098,36.6,0.4710982980170519,-0.43421126351770467
UBFC_PHYS_s14_T2_ctrl,0,1099,36.63333333333333,0.5310605906234557,-0.5167182263895571
UBFC_PHYS_s14_T2_ctrl,0,1100,36.666666666666664,0.5568399906367278,-0.5115503810353399
UBFC_PHYS_s14_T2_ctrl,0,1101,36.7,0.554214351268012,-0.4061368781955897
UBFC_PHYS_s14_T2_ctrl,0,1102,36.733333333333334,0.5304034598429577,-0.21507165465132833
UBFC_PHYS_s14_T2_ctrl,0,1103,36.766666666666666,0.48545594083598526,0.019552238719813278
UBFC_PHYS_s14_T2_ctrl,0,1104,36.8,0.41624627976711936,0.24799299262509458
UBFC_PHYS_s14_T2_ctrl,0,1105,36.833333333333336,0.32643784513526813,0.4126166636314007
UBFC_PHYS_s14_T2_ctrl,0,1106,36.86666666666667,0.22903414188607668,0.48419829369201844
UBFC_PHYS_s14_T2_ctrl,0,1107,36.9,0.13962047334349786,0.4615932168330259
UBFC_PHYS_s14_T2_ctrl,0,1108,36.93333333333333,0.06592542406985974,0.36555452892454426
UBFC_PHYS_s14_T2_ctrl,0,1109,36.96666666666667,0.0014090617613933126,0.23831012632704113
UBFC_PHYS_s14_T2_ctrl,0,1110,37.0,-0.06977627819351892,0.1102985311009041
UBFC_PHYS_s14_T2_ctrl,0,1111,37.03333333333333,-0.15908017558958346,0.00021962769709490265
UBFC_PHYS_s14_T2_ctrl,0,1112,37.06666666666667,-0.2642301558922398,-0.09550905228354424
UBFC_PHYS_s14_T2_ctrl,0,1113,37.1,-0.37190765559516076,-0.2018437372029726
UBFC_PHYS_s14_T2_ctrl,0,1114,37.13333333333333,-0.4663269860596237,-0.3281526906273674
UBFC_PHYS_s14_T2_ctrl,0,1115,37.166666666666664,-0.5347278357847669,-0.4671699747407647
UBFC_PHYS_s14_T2_ctrl,0,1116,37.2,-0.5679600617566941,-0.5903604883116846
UBFC_PHYS_s14_T2_ctrl,0,1117,37.233333333333334,-0.5596802131351373,-0.6477363651296829
UBFC_PHYS_s14_T2_ctrl,0,1118,37.266666666666666,-0.5063493354905888,-0.6019939016358941
UBFC_PHYS_s14_T2_ctrl,0,1119,37.3,-0.4075915462597062,-0.42917365859638446
UBFC_PHYS_s14_T2_ctrl,0,1120,37.333333333333336,-0.26775984517673185,-0.16654119659592434
UBFC_PHYS_s14_T2_ctrl,0,1121,37.36666666666667,-0.09900814913741664,0.08724614003312355
UBFC_PHYS_s14_T2_ctrl,0,1122,37.4,0.07810710095831434,0.2691155123194942
UBFC_PHYS_s14_T2_ctrl,0,1123,37.43333333333333,0.23894192349351945,0.35157186857464756
UBFC_PHYS_s14_T2_ctrl,0,1124,37.46666666666667,0.3603849859286372,0.35664829401350984
UBFC_PHYS_s14_T2_ctrl,0,1125,37.5,0.42556877009627114,0.35467516335385
UBFC_PHYS_s14_T2_ctrl,0,1126,37.53333333333333,0.4292667086519836,0.37284796935106446
UBFC_PHYS_s14_T2_ctrl,0,1127,37.56666666666667,0.3805600849025341,0.3944560081719226
UBFC_PHYS_s14_T2_ctrl,0,1128,37.6,0.29777571321848295,0.3972806541088557
UBFC_PHYS_s14_T2_ctrl,0,1129,37.63333333333333,0.1997783376179867,0.35408419961161525
UBFC_PHYS_s14_T2_ctrl,0,1130,37.666666666666664,0.10051970670485995,0.26237017440628385
UBFC_PHYS_s14_T2_ctrl,0,1131,37.7,0.007986374496538336,0.14477450123837293
UBFC_PHYS_s14_T2_ctrl,0,1132,37.733333333333334,-0.07417489888407691,0.024101934402404254
UBFC_PHYS_s14_T2_ctrl,0,1133,37.766666666666666,-0.14375349304379162,-0.07647358954864336
UBFC_PHYS_s14_T2_ctrl,0,1134,37.8,-0.1969776119277317,-0.15260132097075732
UBFC_PHYS_s14_T2_ctrl,0,1135,37.833333333333336,-0.22749391324303275,-0.21814096288530474
UBFC_PHYS_s14_T2_ctrl,0,1136,37.86666666666667,-0.22963310119328556,-0.28793033301017434
UBFC_PHYS_s14_T2_ctrl,0,1137,37.9,-0.20363708080855772,-0.37687091377627463
UBFC_PHYS_s14_T2_ctrl,0,1138,37.93333333333333,-0.1568328975480653,-0.4671131840898771
UBFC_PHYS_s14_T2_ctrl,0,1139,37.96666666666667,-0.10041256600582148,-0.5079184780610971
UBFC_PHYS_s14_T2_ctrl,0,1140,38.0,-0.04673128177124873,-0.4569201508478155
UBFC_PHYS_s14_T2_ctrl,0,1141,38.03333333333333,-0.00729289464401427,-0.28103990556297365
UBFC_PHYS_s14_T2_ctrl,0,1142,38.06666666666667,0.011576666924604653,-0.002736460755818612
UBFC_PHYS_s14_T2_ctrl,0,1143,38.1,0.012006568967892439,0.2993902816008702
UBFC_PHYS_s14_T2_ctrl,0,1144,38.13333333333333,0.0009422408240893874,0.5502223302627313
UBFC_PHYS_s14_T2_ctrl,0,1145,38.166666666666664,-0.016944251247605884,0.6781304955709668
UBFC_PHYS_s14_T2_ctrl,0,1146,38.2,-0.04024102769355155,0.664014518983061
UBFC_PHYS_s14_T2_ctrl,0,1147,38.233333333333334,-0.06536404607548736,0.5409443825211737
UBFC_PHYS_s14_T2_ctrl,0,1148,38.266666666666666,-0.08482689653539177,0.35194794980366645
UBFC_PHYS_s14_T2_ctrl,0,1149,38.3,-0.09386083615505242,0.14966097934002254
UBFC_PHYS_s14_T2_ctrl,0,1150,38.333333333333336,-0.09617424092381022,-0.04464748984450247
UBFC_PHYS_s14_T2_ctrl,0,1151,38.36666666666667,-0.09690525725830751,-0.24023163242140375
UBFC_PHYS_s14_T2_ctrl,0,1152,38.4,-0.08686588934253509,-0.43840205482572997
UBFC_PHYS_s14_T2_ctrl,0,1153,38.43333333333333,-0.040269523258588444,-0.6310831919016643
UBFC_PHYS_s14_T2_ctrl,0,1154,38.46666666666667,0.06260565334751801,-0.7791884951430762
UBFC_PHYS_s14_T2_ctrl,0,1155,38.5,0.21066040204663888,-0.8123682598597239
UBFC_PHYS_s14_T2_ctrl,0,1156,38.53333333333333,0.36425055311895377,-0.69421975733592
UBFC_PHYS_s14_T2_ctrl,0,1157,38.56666666666667,0.47930693865110113,-0.423107589148159
UBFC_PHYS_s14_T2_ctrl,0,1158,38.6,0.5279209743215405,-0.045460051717119254
UBFC_PHYS_s14_T2_ctrl,0,1159,38.63333333333333,0.5058562931517823,0.34361034759513176
UBFC_PHYS_s14_T2_ctrl,0,1160,38.666666666666664,0.4298496806852901,0.6632067986134742
UBFC_PHYS_s14_T2_ctrl,0,1161,38.7,0.3259668035458942,0.8461718280680922
UBFC_PHYS_s14_T2_ctrl,0,1162,38.733333333333334,0.21650359366112804,0.8636965922262234
UBFC_PHYS_s14_T2_ctrl,0,1163,38.766666666666666,0.11644840685448309,0.7248198320457173
UBFC_PHYS_s14_T2_ctrl,0,1164,38.8,0.03599994186868604,0.45947567994964317
UBFC_PHYS_s14_T2_ctrl,0,1165,38.833333333333336,-0.021592609514162697,0.11860726223730728
UBFC_PHYS_s14_T2_ctrl,0,1166,38.86666666666667,-0.06232863263130328,-0.24790845137306275
UBFC_PHYS_s14_T2_ctrl,0,1167,38.9,-0.09387309383534148,-0.5902731746358896
UBFC_PHYS_s14_T2_ctrl,0,1168,38.93333333333333,-0.11555368781515295,-0.85690454759461
UBFC_PHYS_s14_T2_ctrl,0,1169,38.96666666666667,-0.12014018733328503,-0.9934868665801224
UBFC_PHYS_s14_T2_ctrl,0,1170,39.0,-0.10532822762160694,-0.9528221291173884
UBFC_PHYS_s14_T2_ctrl,0,1171,39.03333333333333,-0.08109791883325981,-0.6952292257412064
UBFC_PHYS_s14_T2_ctrl,0,1172,39.06666666666667,-0.0640796671784947,-0.25566932845749385
UBFC_PHYS_s14_T2_ctrl,0,1173,39.1,-0.06128449842290127,0.25539821805175383
UBFC_PHYS_s14_T2_ctrl,0,1174,39.13333333333333,-0.058803130585450045,0.7276238423090406
UBFC_PHYS_s14_T2_ctrl,0,1175,39.166666666666664,-0.033366659990188174,1.050270957526403
UBFC_PHYS_s14_T2_ctrl,0,1176,39.2,0.01965748909132055,1.1726096433633622
UBFC_PHYS_s14_T2_ctrl,0,1177,39.233333333333334,0.07038163222668324,1.1030590793684663
UBFC_PHYS_s14_T2_ctrl,0,1178,39.266666666666666,0.06401808910521234,0.8798444779066013
UBFC_PHYS_s14_T2_ctrl,0,1179,39.3,-0.05354041258320173,0.570395748494853
UBFC_PHYS_s14_T2_ctrl,0,1180,39.333333333333336,-0.30460647830163784,0.2239315370108478
UBFC_PHYS_s14_T2_ctrl,0,1181,39.36666666666667,-0.6570767249957272,-0.12773171171405415
UBFC_PHYS_s14_T2_ctrl,0,1182,39.4,-1.030028625093109,-0.46270123401666496
UBFC_PHYS_s14_T2_ctrl,0,1183,39.43333333333333,-1.3255550073450688,-0.7671043016539209
UBFC_PHYS_s14_T2_ctrl,0,1184,39.46666666666667,-1.4616378332270528,-1.005959838046076
UBFC_PHYS_s14_T2_ctrl,0,1185,39.5,-1.3915732932926512,-1.121990223905462
UBFC_PHYS_s14_T2_ctrl,0,1186,39.53333333333333,-1.1111455566902404,-1.0712667477205806
UBFC_PHYS_s14_T2_ctrl,0,1187,39.56666666666667,-0.6531361780574245,-0.823632423035001
UBFC_PHYS_s14_T2_ctrl,0,1188,39.6,-0.07415490243822409,-0.401465008557669
UBFC_PHYS_s14_T2_ctrl,0,1189,39.63333333333333,0.5526406068652951,0.11919992147589503
UBFC_PHYS_s14_T2_ctrl,0,1190,39.666666666666664,1.136666658162319,0.6301101073905434
UBFC_PHYS_s14_T2_ctrl,0,1191,39.7,1.5755781972498033,0.9901877456954097
UBFC_PHYS_s14_T2_ctrl,0,1192,39.733333333333334,1.7826487534181985,1.1257593061254478
UBFC_PHYS_s14_T2_ctrl,0,1193,39.766666666666666,1.7268988058010448,1.0301002774552797
UBFC_PHYS_s14_T2_ctrl,0,1194,39.8,1.4486436603769546,0.7447515998972015
UBFC_PHYS_s14_T2_ctrl,0,1195,39.833333333333336,1.0317456715839195,0.35901176856999134
UBFC_PHYS_s14_T2_ctrl,0,1196,39.86666666666667,0.5647895931166893,-0.05466495627035002
UBFC_PHYS_s14_T2_ctrl,0,1197,39.9,0.12555110248118323,-0.4399873202350966
UBFC_PHYS_s14_T2_ctrl,0,1198,39.93333333333333,-0.2199882725041924,-0.7547561456584477
UBFC_PHYS_s14_T2_ctrl,0,1199,39.96666666666667,-0.42705229765167335,-0.9693149373478502
UBFC_PHYS_s14_T2_ctrl,0,1200,40.0,-0.48763340240915387,-1.0430585601799527
UBFC_PHYS_s14_T2_ctrl,0,1201,40.03333333333333,-0.4335935606282577,-0.9240640349304561
UBFC_PHYS_s14_T2_ctrl,0,1202,40.06666666666667,-0.3213978648247793,-0.6095952065319188
UBFC_PHYS_s14_T2_ctrl,0,1203,40.1,-0.2082045535478897,-0.14703598372531368
UBFC_PHYS_s14_T2_ctrl,0,1204,40.13333333333333,-0.1307601756109663,0.37117919305732927
UBFC_PHYS_s14_T2_ctrl,0,1205,40.166666666666664,-0.0966899319533028,0.8069098541792217
UBFC_PHYS_s14_T2_ctrl,0,1206,40.2,-0.09257967067025734,1.0681857419972662
UBFC_PHYS_s14_T2_ctrl,0,1207,40.233333333333334,-0.09935583962284295,1.108730353614918
UBFC_PHYS_s14_T2_ctrl,0,1208,40.266666666666666,-0.10118337251024376,0.9410840259123724
UBFC_PHYS_s14_T2_ctrl,0,1209,40.3,-0.08786321785021156,0.6359506000369333
UBFC_PHYS_s14_T2_ctrl,0,1210,40.333333333333336,-0.057854693246533646,0.2584604963959665
UBFC_PHYS_s14_T2_ctrl,0,1211,40.36666666666667,-0.020189071027176264,-0.13151807774391827
UBFC_PHYS_s14_T2_ctrl,0,1212,40.4,0.010279981771841327,-0.4929460538660008
UBFC_PHYS_s14_T2_ctrl,0,1213,40.43333333333333,0.021804166784664285,-0.8019993530714218
UBFC_PHYS_s14_T2_ctrl,0,1214,40.46666666666667,0.011826665359759488,-1.0230364804563858
UBFC_PHYS_s14_T2_ctrl,0,1215,40.5,-0.01297549842134152,-1.1074106573858677
UBFC_PHYS_s14_T2_ctrl,0,1216,40.53333333333333,-0.04198980415617409,-1.0129149041849372
UBFC_PHYS_s14_T2_ctrl,0,1217,40.56666666666667,-0.06786775166174831,-0.7043971925177585
UBFC_PHYS_s14_T2_ctrl,0,1218,40.6,-0.09010163589007811,-0.2234379149854869
UBFC_PHYS_s14_T2_ctrl,0,1219,40.63333333333333,-0.11271800187280237,0.3106297708216549
UBFC_PHYS_s14_T2_ctrl,0,1220,40.666666666666664,-0.13915074822992657,0.7780896294260036
UBFC_PHYS_s14_T2_ctrl,0,1221,40.7,-0.1680398292698372,1.0584554009952236
UBFC_PHYS_s14_T2_ctrl,0,1222,40.733333333333334,-0.19186727138516746,1.1098308351839645
UBFC_PHYS_s14_T2_ctrl,0,1223,40.766666666666666,-0.19934970418233583,0.9681004347836552
UBFC_PHYS_s14_T2_ctrl,0,1224,40.8,-0.18096292177062934,0.6865939137544652
UBFC_PHYS_s14_T2_ctrl,0,1225,40.833333333333336,-0.13439958646281688,0.3355620354448436
UBFC_PHYS_s14_T2_ctrl,0,1226,40.86666666666667,-0.06599285246547587,-0.02912893800109001
UBFC_PHYS_s14_T2_ctrl,0,1227,40.9,0.012659759480567037,-0.36509062225219435
UBFC_PHYS_s14_T2_ctrl,0,1228,40.93333333333333,0.08921615908956305,-0.6463726409580881
UBFC_PHYS_s14_T2_ctrl,0,1229,40.96666666666667,0.1528431000323361,-0.8617999095633271
UBFC_PHYS_s14_T2_ctrl,0,1230,41.0,0.19511451674783883,-0.9856074708379876
UBFC_PHYS_s14_T2_ctrl,0,1231,41.03333333333333,0.21138393311232873,-0.9766364498338236
UBFC_PHYS_s14_T2_ctrl,0,1232,41.06666666666667,0.2015032518704451,-0.8026069700540657
UBFC_PHYS_s14_T2_ctrl,0,1233,41.1,0.16870441968025046,-0.4411112449018461
UBFC_PHYS_s14_T2_ctrl,0,1234,41.13333333333333,0.11779024731013615,0.05814152454443339
UBFC_PHYS_s14_T2_ctrl,0,1235,41.166666666666664,0.05386562407558394,0.5721676300752808
UBFC_PHYS_s14_T2_ctrl,0,1236,41.2,-0.01800970340708741,0.9858244751929965
UBFC_PHYS_s14_T2_ctrl,0,1237,41.233333333333334,-0.09223203430372875,1.191447479417302
UBFC_PHYS_s14_T2_ctrl,0,1238,41.266666666666666,-0.16182682566241982,1.1573483073504223
UBFC_PHYS_s14_T2_ctrl,0,1239,41.3,-0.21823554302028825,0.9272624896094577
UBFC_PHYS_s14_T2_ctrl,0,1240,41.333333333333336,-0.25166066817729776,0.5681534382380591
UBFC_PHYS_s14_T2_ctrl,0,1241,41.36666666666667,-0.25182027961958847,0.16994632146755434
UBFC_PHYS_s14_T2_ctrl,0,1242,41.4,-0.2103408647542274,-0.20673855621201415
UBFC_PHYS_s14_T2_ctrl,0,1243,41.43333333333333,-0.1256262418159646,-0.5294595083165482
UBFC_PHYS_s14_T2_ctrl,0,1244,41.46666666666667,-0.007579863296798866,-0.7709163477927534
UBFC_PHYS_s14_T2_ctrl,0,1245,41.5,0.12261595605999595,-0.9074034436716031
UBFC_PHYS_s14_T2_ctrl,0,1246,41.53333333333333,0.23967271756918515,-0.9175584906938888
UBFC_PHYS_s14_T2_ctrl,0,1247,41.56666666666667,0.32409067848677797,-0.7819809922461587
UBFC_PHYS_s14_T2_ctrl,0,1248,41.6,0.36740945392508384,-0.5023897689646696
UBFC_PHYS_s14_T2_ctrl,0,1249,41.63333333333333,0.3701698621068204,-0.10253031909121246
UBFC_PHYS_s14_T2_ctrl,0,1250,41.666666666666664,0.33687078155145145,0.33773820572880237
UBFC_PHYS_s14_T2_ctrl,0,1251,41.7,0.27305074754759145,0.6818884234619133
UBFC_PHYS_s14_T2_ctrl,0,1252,41.733333333333334,0.18536812833079677,0.8532035669795867
UBFC_PHYS_s14_T2_ctrl,0,1253,41.766666666666666,0.08247359686505397,0.8345279512966524
UBFC_PHYS_s14_T2_ctrl,0,1254,41.8,-0.02563534315891304,0.6576327868079612
UBFC_PHYS_s14_T2_ctrl,0,1255,41.833333333333336,-0.13000686094793262,0.4024384903682481
UBFC_PHYS_s14_T2_ctrl,0,1256,41.86666666666667,-0.22389882338019224,0.12006180158150132
UBFC_PHYS_s14_T2_ctrl,0,1257,41.9,-0.3005817344847861,-0.16682717671151448
UBFC_PHYS_s14_T2_ctrl,0,1258,41.93333333333333,-0.35123945836100334,-0.4424118766686576
UBFC_PHYS_s14_T2_ctrl,0,1259,41.96666666666667,-0.3673262542242969,-0.6961325058563193
UBFC_PHYS_s14_T2_ctrl,0,1260,42.0,-0.3451591234047862,-0.9003932094208734
UBFC_PHYS_s14_T2_ctrl,0,1261,42.03333333333333,-0.28745687213820137,-1.0095489197039447
UBFC_PHYS_s14_T2_ctrl,0,1262,42.06666666666667,-0.20134374881938785,-0.9877604003689269
UBFC_PHYS_s14_T2_ctrl,0,1263,42.1,-0.09603803717888808,-0.8092621584986366
UBFC_PHYS_s14_T2_ctrl,0,1264,42.13333333333333,0.017920417144524147,-0.47032258776766983
UBFC_PHYS_s14_T2_ctrl,0,1265,42.166666666666664,0.1279933802791197,0.009345734034006237
UBFC_PHYS_s14_T2_ctrl,0,1266,42.2,0.21920386267259553,0.5339318931590314
UBFC_PHYS_s14_T2_ctrl,0,1267,42.233333333333334,0.27702527686615613,0.9308237511853716
UBFC_PHYS_s14_T2_ctrl,0,1268,42.266666666666666,0.2935384065330367,1.1141767842374581
UBFC_PHYS_s14_T2_ctrl,0,1269,42.3,0.2712595296407916,1.0845199847070603
UBFC_PHYS_s14_T2_ctrl,0,1270,42.333333333333336,0.2206708734233456,0.8918851801981909
UBFC_PHYS_s14_T2_ctrl,0,1271,42.36666666666667,0.15448271354473544,0.6345621425775011
UBFC_PHYS_s14_T2_ctrl,0,1272,42.4,0.08345990372232225,0.3762403597570831
UBFC_PHYS_s14_T2_ctrl,0,1273,42.43333333333333,0.015729833676553447,0.1460114922127993
UBFC_PHYS_s14_T2_ctrl,0,1274,42.46666666666667,-0.04120853395497348,-0.04730546459897014
UBFC_PHYS_s14_T2_ctrl,0,1275,42.5,-0.0794815540116008,-0.21376626274919208
UBFC_PHYS_s14_T2_ctrl,0,1276,42.53333333333333,-0.09405666350620479,-0.34576703838435163
UBFC_PHYS_s14_T2_ctrl,0,1277,42.56666666666667,-0.08702911696409062,-0.4170625956496029
UBFC_PHYS_s14_T2_ctrl,0,1278,42.6,-0.06715161130892099,-0.4152009514338712
UBFC_PHYS_s14_T2_ctrl,0,1279,42.63333333333333,-0.0448703273315479,-0.34136170437816776
UBFC_PHYS_s14_T2_ctrl,0,1280,42.666666666666664,-0.027839457029311388,-0.25163369559521903
UBFC_PHYS_s14_T2_ctrl,0,1281,42.7,-0.019485851543473404,-0.25592122701601416
UBFC_PHYS_s14_T2_ctrl,0,1282,42.733333333333334,-0.019636918280600022,-0.36657559347143703
UBFC_PHYS_s14_T2_ctrl,0,1283,42.766666666666666,-0.0258399750570347,-0.49800646837080076
UBFC_PHYS_s14_T2_ctrl,0,1284,42.8,-0.03506186407795976,-0.5667605649129972
UBFC_PHYS_s14_T2_ctrl,0,1285,42.833333333333336,-0.04539935355300417,-0.4929873055287405
UBFC_PHYS_s14_T2_ctrl,0,1286,42.86666666666667,-0.05663667398743142,-0.24796484279621278
UBFC_PHYS_s14_T2_ctrl,0,1287,42.9,-0.06894738191059296,0.1445371067615921
UBFC_PHYS_s14_T2_ctrl,0,1288,42.93333333333333,-0.08105088967148222,0.5730480024992043
UBFC_PHYS_s14_T2_ctrl,0,1289,42.96666666666667,-0.08964994781568528,0.8387879492544227
UBFC_PHYS_s14_T2_ctrl,0,1290,43.0,-0.08994507948004594,0.862624275067577
UBFC_PHYS_s14_T2_ctrl,0,1291,43.03333333333333,-0.07699007642295172,0.6854418367538382
UBFC_PHYS_s14_T2_ctrl,0,1292,43.06666666666667,-0.048928625563801405,0.3904474577029452
UBFC_PHYS_s14_T2_ctrl,0,1293,43.1,-0.009917703602004672,0.10204124255520762
UBFC_PHYS_s14_T2_ctrl,0,1294,43.13333333333333,0.03159541347978739,-0.10982808477476615
UBFC_PHYS_s14_T2_ctrl,0,1295,43.166666666666664,0.06764755001002332,-0.2296082968078583
UBFC_PHYS_s14_T2_ctrl,0,1296,43.2,0.0932379693347899,-0.26165007521942907
UBFC_PHYS_s14_T2_ctrl,0,1297,43.233333333333334,0.10645951183661193,-0.22921612099093774
UBFC_PHYS_s14_T2_ctrl,0,1298,43.266666666666666,0.1087167309693855,-0.1686548965049403
UBFC_PHYS_s14_T2_ctrl,0,1299,43.3,0.10332186681003243,-0.12857681697403073
UBFC_PHYS_s14_T2_ctrl,0,1300,43.333333333333336,0.09213498962084926,-0.12351209153980645
UBFC_PHYS_s14_T2_ctrl,0,1301,43.36666666666667,0.07473820017331124,-0.13377063069713993
UBFC_PHYS_s14_T2_ctrl,0,1302,43.4,0.05073863492482586,-0.126748496049469
UBFC_PHYS_s14_T2_ctrl,0,1303,43.43333333333333,0.020877741337527046,-0.05778677195181998
UBFC_PHYS_s14_T2_ctrl,0,1304,43.46666666666667,-0.013224020043047947,0.05988617933658817
UBFC_PHYS_s14_T2_ctrl,0,1305,43.5,-0.04773343525020638,0.15504613771947742
UBFC_PHYS_s14_T2_ctrl,0,1306,43.53333333333333,-0.07527697691858803,0.17260587404642144
UBFC_PHYS_s14_T2_ctrl,0,1307,43.56666666666667,-0.08741620199098955,0.074521990858666
UBFC_PHYS_s14_T2_ctrl,0,1308,43.6,-0.07981280497577391,-0.11416071830723457
UBFC_PHYS_s14_T2_ctrl,0,1309,43.63333333333333,-0.055295023224659796,-0.3053291191129597
UBFC_PHYS_s14_T2_ctrl,0,1310,43.666666666666664,-0.022375903394893246,-0.42287911536184675
UBFC_PHYS_s14_T2_ctrl,0,1311,43.7,0.009013607515552347,-0.4035419612712905
UBFC_PHYS_s14_T2_ctrl,0,1312,43.733333333333334,0.031276427616117757,-0.2345869038475536
UBFC_PHYS_s14_T2_ctrl,0,1313,43.766666666666666,0.04103892294290327,0.04566836151361471
UBFC_PHYS_s14_T2_ctrl,0,1314,43.8,0.03969212399557415,0.36112106052924353
UBFC_PHYS_s14_T2_ctrl,0,1315,43.833333333333336,0.03204600384803379,0.5980622164697816
UBFC_PHYS_s14_T2_ctrl,0,1316,43.86666666666667,0.022583273443436597,0.6793266980564546
UBFC_PHYS_s14_T2_ctrl,0,1317,43.9,0.012211970057773126,0.5648136574986506
UBFC_PHYS_s14_T2_ctrl,0,1318,43.93333333333333,-0.0010136775904839887,0.2773774852995838
UBFC_PHYS_s14_T2_ctrl,0,1319,43.96666666666667,-0.018429509543867774,-0.09701401891002916
UBFC_PHYS_s14_T2_ctrl,0,1320,44.0,-0.03814230642811413,-0.4682504776094187
UBFC_PHYS_s14_T2_ctrl,0,1321,44.03333333333333,-0.05451815866891326,-0.7419955382670903
UBFC_PHYS_s14_T2_ctrl,0,1322,44.06666666666667,-0.06034674500446119,-0.8497940418387122
UBFC_PHYS_s14_T2_ctrl,0,1323,44.1,-0.05170873347985881,-0.7490854343306415
UBFC_PHYS_s14_T2_ctrl,0,1324,44.13333333333333,-0.03146122327207222,-0.4471464688885208
UBFC_PHYS_s14_T2_ctrl,0,1325,44.166666666666664,-0.007382646133324965,-0.0016050076125555812
UBFC_PHYS_s14_T2_ctrl,0,1326,44.2,0.012442410299426405,0.4808448496378382
UBFC_PHYS_s14_T2_ctrl,0,1327,44.233333333333334,0.022551255912312024,0.8443243597191267
UBFC_PHYS_s14_T2_ctrl,0,1328,44.266666666666666,0.021164984388312824,1.0007553017217399
UBFC_PHYS_s14_T2_ctrl,0,1329,44.3,0.010252762184523211,0.9297969713434598
UBFC_PHYS_s14_T2_ctrl,0,1330,44.333333333333336,-0.005916167065159905,0.6884028923934058
UBFC_PHYS_s14_T2_ctrl,0,1331,44.36666666666667,-0.022637559440342448,0.4096972342172449
UBFC_PHYS_s14_T2_ctrl,0,1332,44.4,-0.035480032437367616,0.17003618051790345
UBFC_PHYS_s14_T2_ctrl,0,1333,44.43333333333333,-0.040692143163215434,-0.011181999866308905
UBFC_PHYS_s14_T2_ctrl,0,1334,44.46666666666667,-0.0357578310847775,-0.1575979774489041
UBFC_PHYS_s14_T2_ctrl,0,1335,44.5,-0.018418537713886667,-0.33389789888795646
UBFC_PHYS_s14_T2_ctrl,0,1336,44.53333333333333,0.015202918322454378,-0.5584566582571588
UBFC_PHYS_s14_T2_ctrl,0,1337,44.56666666666667,0.06906495568527354,-0.8015346834405659
UBFC_PHYS_s14_T2_ctrl,0,1338,44.6,0.1415762080321252,-1.0103913789017978
UBFC_PHYS_s14_T2_ctrl,0,1339,44.63333333333333,0.22231416110150864,-1.10905961001377
UBFC_PHYS_s14_T2_ctrl,0,1340,44.666666666666664,0.2956449716931886,-1.0458212964416986
UBFC_PHYS_s14_T2_ctrl,0,1341,44.7,0.3470871136378499,-0.793996300224385
UBFC_PHYS_s14_T2_ctrl,0,1342,44.733333333333334,0.366416688245141,-0.3734931128381884
UBFC_PHYS_s14_T2_ctrl,0,1343,44.766666666666666,0.34776198445067485,0.14794690143451306
UBFC_PHYS_s14_T2_ctrl,0,1344,44.8,0.2897596242287422,0.6569362831019215
UBFC_PHYS_s14_T2_ctrl,0,1345,44.833333333333336,0.19550215714661529,0.9939552312340092
UBFC_PHYS_s14_T2_ctrl,0,1346,44.86666666666667,0.07054230589834537,1.0991124259425469
UBFC_PHYS_s14_T2_ctrl,0,1347,44.9,-0.08003697813212636,1.0114413844387307
UBFC_PHYS_s14_T2_ctrl,0,1348,44.93333333333333,-0.2511482174518481,0.799954717759972
UBFC_PHYS_s14_T2_ctrl,0,1349,44.96666666666667,-0.4305739778569997,0.5622770916104575
UBFC_PHYS_s14_T2_ctrl,0,1350,45.0,-0.5912384993732827,0.35892541003626244
UBFC_PHYS_s14_T2_ctrl,0,1351,45.03333333333333,-0.6955310505521477,0.2132709961507222
UBFC_PHYS_s14_T2_ctrl,0,1352,45.06666666666667,-0.7140784853060956,0.12906319316078563
UBFC_PHYS_s14_T2_ctrl,0,1353,45.1,-0.6449221348266748,0.09137659529753672
UBFC_PHYS_s14_T2_ctrl,0,1354,45.13333333333333,-0.5153961721957223,0.05841665164830757
UBFC_PHYS_s14_T2_ctrl,0,1355,45.166666666666664,-0.36246100336825643,-0.036989314422097734
UBFC_PHYS_s14_T2_ctrl,0,1356,45.2,-0.20961767983703505,-0.22039394562742287
UBFC_PHYS_s14_T2_ctrl,0,1357,45.233333333333334,-0.06284346267243639,-0.4742932444903705
UBFC_PHYS_s14_T2_ctrl,0,1358,45.266666666666666,0.07722174410348012,-0.7508650121680744
UBFC_PHYS_s14_T2_ctrl,0,1359,45.3,0.206200159647149,-0.971515829246762
UBFC_PHYS_s14_T2_ctrl,0,1360,45.333333333333336,0.3160947349941996,-1.075075306197962
UBFC_PHYS_s14_T2_ctrl,0,1361,45.36666666666667,0.3988455615792854,-1.0179748021561508
UBFC_PHYS_s14_T2_ctrl,0,1362,45.4,0.4496621279152315,-0.7844772519187926
UBFC_PHYS_s14_T2_ctrl,0,1363,45.43333333333333,0.4664457508172531,-0.38754677345719823
UBFC_PHYS_s14_T2_ctrl,0,1364,45.46666666666667,0.44530928985535606,0.10233805692927679
UBFC_PHYS_s14_T2_ctrl,0,1365,45.5,0.3817319047914909,0.556356033724835
UBFC_PHYS_s14_T2_ctrl,0,1366,45.53333333333333,0.2807762060247192,0.8798259323521991
UBFC_PHYS_s14_T2_ctrl,0,1367,45.56666666666667,0.1626885273705973,1.011663402643774
UBFC_PHYS_s14_T2_ctrl,0,1368,45.6,0.05404507190903199,0.963430957266221
UBFC_PHYS_s14_T2_ctrl,0,1369,45.63333333333333,-0.025929973314279813,0.8180441505276672
UBFC_PHYS_s14_T2_ctrl,0,1370,45.666666666666664,-0.07176039771440469,0.6291545580609081
UBFC_PHYS_s14_T2_ctrl,0,1371,45.7,-0.08928157974385273,0.420634527457022
UBFC_PHYS_s14_T2_ctrl,0,1372,45.733333333333334,-0.08749929845419982,0.19177558985004534
UBFC_PHYS_s14_T2_ctrl,0,1373,45.766666666666666,-0.07024259418492626,-0.0812031429269383
UBFC_PHYS_s14_T2_ctrl,0,1374,45.8,-0.03582780058860198,-0.38894830103771943
UBFC_PHYS_s14_T2_ctrl,0,1375,45.833333333333336,0.014205095544783074,-0.6872886756736059
UBFC_PHYS_s14_T2_ctrl,0,1376,45.86666666666667,0.06810340652867371,-0.9243046143218148
UBFC_PHYS_s14_T2_ctrl,0,1377,45.9,0.10738389176480483,-1.0396889419212993
UBFC_PHYS_s14_T2_ctrl,0,1378,45.93333333333333,0.11795936464162035,-0.9931477994990795
UBFC_PHYS_s14_T2_ctrl,0,1379,45.96666666666667,0.09989492138971061,-0.7647395554486323
UBFC_PHYS_s14_T2_ctrl,0,1380,46.0,0.06604604530924375,-0.37414514920829905
UBFC_PHYS_s14_T2_ctrl,0,1381,46.03333333333333,0.028576016698681064,0.11825585314417986
UBFC_PHYS_s14_T2_ctrl,0,1382,46.06666666666667,-0.011136391224882662,0.6121618876795922
UBFC_PHYS_s14_T2_ctrl,0,1383,46.1,-0.05756622078444969,0.9667053795576193
UBFC_PHYS_s14_T2_ctrl,0,1384,46.13333333333333,-0.1119707852509044,1.1154450853815028
UBFC_PHYS_s14_T2_ctrl,0,1385,46.166666666666664,-0.17074529942973227,1.0657390535029985
UBFC_PHYS_s14_T2_ctrl,0,1386,46.2,-0.2272234188655,0.8640447661607753
UBFC_PHYS_s14_T2_ctrl,0,1387,46.233333333333334,-0.2727444749029353,0.5949436860939219
UBFC_PHYS_s14_T2_ctrl,0,1388,46.266666666666666,-0.2984189348613916,0.31798288969360233
UBFC_PHYS_s14_T2_ctrl,0,1389,46.3,-0.29697234997952987,0.06790254166089241
UBFC_PHYS_s14_T2_ctrl,0,1390,46.333333333333336,-0.26442622658354764,-0.1377988800792933
UBFC_PHYS_s14_T2_ctrl,0,1391,46.36666666666667,-0.20298784159728583,-0.2975563970919599
UBFC_PHYS_s14_T2_ctrl,0,1392,46.4,-0.12213480831247811,-0.4219741223927376
UBFC_PHYS_s14_T2_ctrl,0,1393,46.43333333333333,-0.03461628280590602,-0.5323536816368052
UBFC_PHYS_s14_T2_ctrl,0,1394,46.46666666666667,0.0489347827747773,-0.6412704925475944
UBFC_PHYS_s14_T2_ctrl,0,1395,46.5,0.12166939923427486,-0.751403474120454
UBFC_PHYS_s14_T2_ctrl,0,1396,46.53333333333333,0.17892462231839582,-0.8288292741604799
UBFC_PHYS_s14_T2_ctrl,0,1397,46.56666666666667,0.21662364658244454,-0.8032013629126739
UBFC_PHYS_s14_T2_ctrl,0,1398,46.6,0.2314580404210673,-0.644674656277838
UBFC_PHYS_s14_T2_ctrl,0,1399,46.63333333333333,0.22245756923727059,-0.36494899173333656
UBFC_PHYS_s14_T2_ctrl,0,1400,46.666666666666664,0.19182837471244457,-0.01510444629374151
UBFC_PHYS_s14_T2_ctrl,0,1401,46.7,0.1439661841699591,0.3138585118337497
UBFC_PHYS_s14_T2_ctrl,0,1402,46.733333333333334,0.08472316108676428,0.5539533567815375
UBFC_PHYS_s14_T2_ctrl,0,1403,46.766666666666666,0.022575871282973912,0.6597980212711823
UBFC_PHYS_s14_T2_ctrl,0,1404,46.8,-0.03068178355211957,0.6387188861958157
UBFC_PHYS_s14_T2_ctrl,0,1405,46.833333333333336,-0.06281799985746525,0.549771187287021
UBFC_PHYS_s14_T2_ctrl,0,1406,46.86666666666667,-0.06636939450385484,0.44982937639064563
UBFC_PHYS_s14_T2_ctrl,0,1407,46.9,-0.04191947427327945,0.3925804975212141
UBFC_PHYS_s14_T2_ctrl,0,1408,46.93333333333333,0.002831791481755129,0.3952060155920606
UBFC_PHYS_s14_T2_ctrl,0,1409,46.96666666666667,0.057008770201890796,0.4382981178619373
UBFC_PHYS_s14_T2_ctrl,0,1410,47.0,0.11040365747356888,0.45323001687616665
UBFC_PHYS_s14_T2_ctrl,0,1411,47.03333333333333,0.15499082738993503,0.3238310187032184
UBFC_PHYS_s14_T2_ctrl,0,1412,47.06666666666667,0.18502307455949416,0.022441031104940348
UBFC_PHYS_s14_T2_ctrl,0,1413,47.1,0.19722763012648387,-0.3883561063794999
UBFC_PHYS_s14_T2_ctrl,0,1414,47.13333333333333,0.19060387949586718,-0.8146594349678541
UBFC_PHYS_s14_T2_ctrl,0,1415,47.166666666666664,0.1657385897151946,-1.1310048494346967
UBFC_PHYS_s14_T2_ctrl,0,1416,47.2,0.12399114676224109,-1.253972830000862
UBFC_PHYS_s14_T2_ctrl,0,1417,47.233333333333334,0.06619427246060927,-1.1423219609066433
UBFC_PHYS_s14_T2_ctrl,0,1418,47.266666666666666,-0.006977062090240781,-0.8004619800759045
UBFC_PHYS_s14_T2_ctrl,0,1419,47.3,-0.09135530346506651,-0.27912922254473027
UBFC_PHYS_s14_T2_ctrl,0,1420,47.333333333333336,-0.1775292046496663,0.31569836505777327
UBFC_PHYS_s14_T2_ctrl,0,1421,47.36666666666667,-0.25502451403960974,0.8221126617568286
UBFC_PHYS_s14_T2_ctrl,0,1422,47.4,-0.31716331454284896,1.1275536856317676
UBFC_PHYS_s14_T2_ctrl,0,1423,47.43333333333333,-0.3608869592040047,1.1684173131746913
UBFC_PHYS_s14_T2_ctrl,0,1424,47.46666666666667,-0.3833329055452329,0.9778796928043864
UBFC_PHYS_s14_T2_ctrl,0,1425,47.5,-0.3802363942919859,0.6846457238610874
UBFC_PHYS_s14_T2_ctrl,0,1426,47.53333333333333,-0.3487059632688333,0.37745663331590523
UBFC_PHYS_s14_T2_ctrl,0,1427,47.56666666666667,-0.2915524803093219,0.10463706718952279
UBFC_PHYS_s14_T2_ctrl,0,1428,47.6,-0.21717670049215726,-0.12065142120253053
UBFC_PHYS_s14_T2_ctrl,0,1429,47.63333333333333,-0.13409430699462474,-0.31882730950615906
UBFC_PHYS_s14_T2_ctrl,0,1430,47.666666666666664,-0.04616711186163518,-0.4904974040338847
UBFC_PHYS_s14_T2_ctrl,0,1431,47.7,0.0468473275145508,-0.6150099005702243
UBFC_PHYS_s14_T2_ctrl,0,1432,47.733333333333334,0.14492917342905226,-0.6797177484172177
UBFC_PHYS_s14_T2_ctrl,0,1433,47.766666666666666,0.24329459286353658,-0.6794428660527343
UBFC_PHYS_s14_T2_ctrl,0,1434,47.8,0.33061757414865794,-0.6074780175196429
UBFC_PHYS_s14_T2_ctrl,0,1435,47.833333333333336,0.3917094127704853,-0.45577793901393465
UBFC_PHYS_s14_T2_ctrl,0,1436,47.86666666666667,0.4133697448326766,-0.22213176684991628
UBFC_PHYS_s14_T2_ctrl,0,1437,47.9,0.3892690162799123,0.08868631136216834
UBFC_PHYS_s14_T2_ctrl,0,1438,47.93333333333333,0.3210902772441032,0.41238264499850846
UBFC_PHYS_s14_T2_ctrl,0,1439,47.96666666666667,0.21705299392332106,0.6247668009573049
UBFC_PHYS_s14_T2_ctrl,0,1440,48.0,0.09022567269601889,0.6973129360946968
UBFC_PHYS_s14_T2_ctrl,0,1441,48.03333333333333,-0.04309004251319261,0.6964573625103722
UBFC_PHYS_s14_T2_ctrl,0,1442,48.06666666666667,-0.16537887110505442,0.6370086299223895
UBFC_PHYS_s14_T2_ctrl,0,1443,48.1,-0.25948162302378364,0.4817263688474601
UBFC_PHYS_s14_T2_ctrl,0,1444,48.13333333333333,-0.3105431018121308,0.2399421874554168
UBFC_PHYS_s14_T2_ctrl,0,1445,48.166666666666664,-0.3106409467778649,-0.03159531642135214
UBFC_PHYS_s14_T2_ctrl,0,1446,48.2,-0.26328876680667984,-0.29011173725856404
UBFC_PHYS_s14_T2_ctrl,0,1447,48.233333333333334,-0.1819817231720375,-0.5060920350116294
UBFC_PHYS_s14_T2_ctrl,0,1448,48.266666666666666,-0.08383095727731943,-0.6629303174502849
UBFC_PHYS_s14_T2_ctrl,0,1449,48.3,0.015267086466791324,-0.7558616551235311
UBFC_PHYS_s14_T2_ctrl,0,1450,48.333333333333336,0.10228233752948387,-0.7768484717945332
UBFC_PHYS_s14_T2_ctrl,0,1451,48.36666666666667,0.16851054191634307,-0.7141517440102176
UBFC_PHYS_s14_T2_ctrl,0,1452,48.4,0.21088807813330568,-0.5516242173038383
UBFC_PHYS_s14_T2_ctrl,0,1453,48.43333333333333,0.23071372469738577,-0.2696351163184594
UBFC_PHYS_s14_T2_ctrl,0,1454,48.46666666666667,0.23025886912779825,0.11687370909662598
UBFC_PHYS_s14_T2_ctrl,0,1455,48.5,0.2106052152058161,0.5567847257451135
UBFC_PHYS_s14_T2_ctrl,0,1456,48.53333333333333,0.17254551555970152,0.9566956744437117
UBFC_PHYS_s14_T2_ctrl,0,1457,48.56666666666667,0.11896626769048733,1.180445892080975
UBFC_PHYS_s14_T2_ctrl,0,1458,48.6,0.056079643358629555,1.1715874935430513
UBFC_PHYS_s14_T2_ctrl,0,1459,48.63333333333333,-0.007716497463235534,0.9533993220717976
UBFC_PHYS_s14_T2_ctrl,0,1460,48.666666666666664,-0.06468946127193434,0.5819708658239705
UBFC_PHYS_s14_T2_ctrl,0,1461,48.7,-0.10971340547632287,0.1461448693931517
UBFC_PHYS_s14_T2_ctrl,0,1462,48.733333333333334,-0.13924620648181546,-0.2856309815415677
UBFC_PHYS_s14_T2_ctrl,0,1463,48.766666666666666,-0.14969663796452992,-0.6641558350297305
UBFC_PHYS_s14_T2_ctrl,0,1464,48.8,-0.13903908477645327,-0.9599861334888549
UBFC_PHYS_s14_T2_ctrl,0,1465,48.833333333333336,-0.11001977870997627,-1.1615757686971193
UBFC_PHYS_s14_T2_ctrl,0,1466,48.86666666666667,-0.06995498260019209,-1.254197703308734
UBFC_PHYS_s14_T2_ctrl,0,1467,48.9,-0.02720507136806645,-1.2189328864370925
UBFC_PHYS_s14_T2_ctrl,0,1468,48.93333333333333,0.011255237617818284,-1.035766493798039
UBFC_PHYS_s14_T2_ctrl,0,1469,48.96666666666667,0.039913489373610785,-0.6844321347480664
UBFC_PHYS_s14_T2_ctrl,0,1470,49.0,0.05506754232349759,-0.18356518004820122
UBFC_PHYS_s14_T2_ctrl,0,1471,49.03333333333333,0.05620373620478066,0.40729885301766244
UBFC_PHYS_s14_T2_ctrl,0,1472,49.06666666666667,0.04606014436795965,0.9941328177071602
UBFC_PHYS_s14_T2_ctrl,0,1473,49.1,0.02865618579941988,1.4468781232955095
UBFC_PHYS_s14_T2_ctrl,0,1474,49.13333333333333,0.007264397931140625,1.6822892103449827
UBFC_PHYS_s14_T2_ctrl,0,1475,49.166666666666664,-0.016507333584748318,1.6630820163590836
UBFC_PHYS_s14_T2_ctrl,0,1476,49.2,-0.04233751741269653,1.4123397712032553
UBFC_PHYS_s14_T2_ctrl,0,1477,49.233333333333334,-0.06936650512126998,1.0129930829333431
UBFC_PHYS_s14_T2_ctrl,0,1478,49.266666666666666,-0.09454746977832582,0.540864946286066
UBFC_PHYS_s14_T2_ctrl,0,1479,49.3,-0.11321882638986694,0.06536797109508295
UBFC_PHYS_s14_T2_ctrl,0,1480,49.333333333333336,-0.12061203449975733,-0.3762287092205879
UBFC_PHYS_s14_T2_ctrl,0,1481,49.36666666666667,-0.11197728475334105,-0.7764382706868501
UBFC_PHYS_s14_T2_ctrl,0,1482,49.4,-0.08277570430850688,-1.1168614527556107
UBFC_PHYS_s14_T2_ctrl,0,1483,49.43333333333333,-0.031443337201354046,-1.3658216394707043
UBFC_PHYS_s14_T2_ctrl,0,1484,49.46666666666667,0.03701530359502414,-1.4886664154413045
UBFC_PHYS_s14_T2_ctrl,0,1485,49.5,0.1105593267962538,-1.446962881592989
UBFC_PHYS_s14_T2_ctrl,0,1486,49.53333333333333,0.17355787988082644,-1.2185007690189282
UBFC_PHYS_s14_T2_ctrl,0,1487,49.56666666666667,0.21169285926839929,-0.7982248427637471
UBFC_PHYS_s14_T2_ctrl,0,1488,49.6,0.21588319806580208,-0.2553943599718292
UBFC_PHYS_s14_T2_ctrl,0,1489,49.63333333333333,0.18385819808732337,0.2653942333233148
UBFC_PHYS_s14_T2_ctrl,0,1490,49.666666666666664,0.11948703529656415,0.6636960225444634
UBFC_PHYS_s14_T2_ctrl,0,1491,49.7,0.03181578406269549,0.8823643430560089
UBFC_PHYS_s14_T2_ctrl,0,1492,49.733333333333334,-0.06629333661194857,0.9227335962710334
UBFC_PHYS_s14_T2_ctrl,0,1493,49.766666666666666,-0.16319143896627436,0.8429960030796572
UBFC_PHYS_s14_T2_ctrl,0,1494,49.8,-0.25420768924757153,0.7045131220237433
UBFC_PHYS_s14_T2_ctrl,0,1495,49.833333333333336,-0.3391732089560443,0.5706048430626984
UBFC_PHYS_s14_T2_ctrl,0,1496,49.86666666666667,-0.4133352289457739,0.45531901450948103
UBFC_PHYS_s14_T2_ctrl,0,1497,49.9,-0.4629284889528765,0.32397884906323343
UBFC_PHYS_s14_T2_ctrl,0,1498,49.93333333333333,-0.46820794236624913,0.1561706021341553
UBFC_PHYS_s14_T2_ctrl,0,1499,49.96666666666667,-0.4098539899046736,-0.052726661756944876
UBFC_PHYS_s14_T2_ctrl,0,1500,50.0,-0.27773531909317145,-0.2748023876402662
UBFC_PHYS_s14_T2_ctrl,0,1501,50.03333333333333,-0.07843757316921902,-0.44891498061016916
UBFC_PHYS_s14_T2_ctrl,0,1502,50.06666666666667,0.16473352017780393,-0.5345035932572938
UBFC_PHYS_s14_T2_ctrl,0,1503,50.1,0.41739685409584537,-0.5114988213747313
UBFC_PHYS_s14_T2_ctrl,0,1504,50.13333333333333,0.6408502312159354,-0.3888764080078927
UBFC_PHYS_s14_T2_ctrl,0,1505,50.166666666666664,0.8016828246176115,-0.20455227100683052
UBFC_PHYS_s14_T2_ctrl,0,1506,50.2,0.8814882902772241,-0.010022787368000712
UBFC_PHYS_s14_T2_ctrl,0,1507,50.233333333333334,0.8778833888868499,0.12980874663602554
UBFC_PHYS_s14_T2_ctrl,0,1508,50.266666666666666,0.7982205029779869,0.18290652495516638
UBFC_PHYS_s14_T2_ctrl,0,1509,50.3,0.655443589346586,0.15003303983836347
UBFC_PHYS_s14_T2_ctrl,0,1510,50.333333333333336,0.4658289363163582,0.06331162221203163
UBFC_PHYS_s14_T2_ctrl,0,1511,50.36666666666667,0.2417749062566333,-0.014453986558654427
UBFC_PHYS_s14_T2_ctrl,0,1512,50.4,-0.014970789832755165,-0.049603976236244
UBFC_PHYS_s14_T2_ctrl,0,1513,50.43333333333333,-0.305968502086843,-0.03802491022170415
UBFC_PHYS_s14_T2_ctrl,0,1514,50.46666666666667,-0.6179020361588973,0.006080802142417413
UBFC_PHYS_s14_T2_ctrl,0,1515,50.5,-0.914783982877324,0.05053262034155664
UBFC_PHYS_s14_T2_ctrl,0,1516,50.53333333333333,-1.1489624019053772,0.08885021730467864
UBFC_PHYS_s14_T2_ctrl,0,1517,50.56666666666667,-1.2770334185914853,0.1401352876690858
UBFC_PHYS_s14_T2_ctrl,0,1518,50.6,-1.269804849338146,0.2117445111731937
UBFC_PHYS_s14_T2_ctrl,0,1519,50.63333333333333,-1.1182657419013915,0.2987260357800965
UBFC_PHYS_s14_T2_ctrl,0,1520,50.666666666666664,-0.8372839694725599,0.3832615702893079
UBFC_PHYS_s14_T2_ctrl,0,1521,50.7,-0.4659437839402769,0.4345741056856012
UBFC_PHYS_s14_T2_ctrl,0,1522,50.733333333333334,-0.06199176952886272,0.4231895455367698
UBFC_PHYS_s14_T2_ctrl,0,1523,50.766666666666666,0.3137623835186219,0.3214359323048649
UBFC_PHYS_s14_T2_ctrl,0,1524,50.8,0.6165251328866994,0.12334375056116384
UBFC_PHYS_s14_T2_ctrl,0,1525,50.833333333333336,0.823298403110826,-0.15443804640094527
UBFC_PHYS_s14_T2_ctrl,0,1526,50.86666666666667,0.9254191312768759,-0.4724086714060374
UBFC_PHYS_s14_T2_ctrl,0,1527,50.9,0.9258420379324838,-0.7673547302854054
UBFC_PHYS_s14_T2_ctrl,0,1528,50.93333333333333,0.8441093007304834,-0.983558741236324
UBFC_PHYS_s14_T2_ctrl,0,1529,50.96666666666667,0.7144555031579769,-1.072292581051772
UBFC_PHYS_s14_T2_ctrl,0,1530,51.0,0.5734153154749199,-1.0179852678820043
UBFC_PHYS_s14_T2_ctrl,0,1531,51.03333333333333,0.44723451114418095,-0.8380490694635707
UBFC_PHYS_s14_T2_ctrl,0,1532,51.06666666666667,0.34554373295692586,-0.5569936333437738
UBFC_PHYS_s14_T2_ctrl,0,1533,51.1,0.2619724900041366,-0.20703290667732252
UBFC_PHYS_s14_T2_ctrl,0,1534,51.13333333333333,0.1823595031062974,0.186944982586069
UBFC_PHYS_s14_T2_ctrl,0,1535,51.166666666666664,0.09710063532966971,0.605557416699996
UBFC_PHYS_s14_T2_ctrl,0,1536,51.2,0.008060255980140096,0.9992872497925409
UBFC_PHYS_s14_T2_ctrl,0,1537,51.233333333333334,-0.07552549249793293,1.2868802683539788
UBFC_PHYS_s14_T2_ctrl,0,1538,51.266666666666666,-0.14636915271227852,1.4042465238719173
UBFC_PHYS_s14_T2_ctrl,0,1539,51.3,-0.2042628443013651,1.3042222376875932
UBFC_PHYS_s14_T2_ctrl,0,1540,51.333333333333336,-0.2541962924808898,0.9931760610432167
UBFC_PHYS_s14_T2_ctrl,0,1541,51.36666666666667,-0.3013074343195653,0.5315273565852647
UBFC_PHYS_s14_T2_ctrl,0,1542,51.4,-0.3476825052113041,0.0019184205610141558
UBFC_PHYS_s14_T2_ctrl,0,1543,51.43333333333333,-0.3924449132777679,-0.48986534737809023
UBFC_PHYS_s14_T2_ctrl,0,1544,51.46666666666667,-0.4321599482586851,-0.8746406961035413
UBFC_PHYS_s14_T2_ctrl,0,1545,51.5,-0.4596657330258701,-1.1182982972332753
UBFC_PHYS_s14_T2_ctrl,0,1546,51.53333333333333,-0.4649186105160473,-1.2065515187693516
UBFC_PHYS_s14_T2_ctrl,0,1547,51.56666666666667,-0.44111040175232985,-1.1436048464833517
UBFC_PHYS_s14_T2_ctrl,0,1548,51.6,-0.39157024782184,-0.9453892248009275
UBFC_PHYS_s14_T2_ctrl,0,1549,51.63333333333333,-0.3292265966804836,-0.639560279702419
UBFC_PHYS_s14_T2_ctrl,0,1550,51.666666666666664,-0.26751736154364825,-0.25482167056549
UBFC_PHYS_s14_T2_ctrl,0,1551,51.7,-0.21143682107107553,0.17770087238327548
UBFC_PHYS_s14_T2_ctrl,0,1552,51.733333333333334,-0.15738642169306824,0.6150306843981165
UBFC_PHYS_s14_T2_ctrl,0,1553,51.766666666666666,-0.10113168307253817,1.0004690764678346
UBFC_PHYS_s14_T2_ctrl,0,1554,51.8,-0.044666618887518446,1.2706412099425928
UBFC_PHYS_s14_T2_ctrl,0,1555,51.833333333333336,0.006667480214718344,1.3545537207466312
UBFC_PHYS_s14_T2_ctrl,0,1556,51.86666666666667,0.053351356666658814,1.2234247237050535
UBFC_PHYS_s14_T2_ctrl,0,1557,51.9,0.10398736521098732,0.8909118312067961
UBFC_PHYS_s14_T2_ctrl,0,1558,51.93333333333333,0.16739391836683185,0.4134566482119818
UBFC_PHYS_s14_T2_ctrl,0,1559,51.96666666666667,0.24593788679022452,-0.10895247491913569
UBFC_PHYS_s14_T2_ctrl,0,1560,52.0,0.33763757359221674,-0.598165474756749
UBFC_PHYS_s14_T2_ctrl,0,1561,52.03333333333333,0.441400939470626,-0.996370015176471
UBFC_PHYS_s14_T2_ctrl,0,1562,52.06666666666667,0.5558908940549858,-1.2677057961322238
UBFC_PHYS_s14_T2_ctrl,0,1563,52.1,0.66938350625488,-1.3964382658464674
UBFC_PHYS_s14_T2_ctrl,0,1564,52.13333333333333,0.7512152709921507,-1.3683085307229552
UBFC_PHYS_s14_T2_ctrl,0,1565,52.166666666666664,0.7605587748600515,-1.1700223718070843
UBFC_PHYS_s14_T2_ctrl,0,1566,52.2,0.670886110455084,-0.8140390172987082
UBFC_PHYS_s14_T2_ctrl,0,1567,52.233333333333334,0.48755328509412066,-0.3396412331229286
UBFC_PHYS_s14_T2_ctrl,0,1568,52.266666666666666,0.24257288783159162,0.1907434488063104
UBFC_PHYS_s14_T2_ctrl,0,1569,52.3,-0.024496193297237224,0.6899293792671851
UBFC_PHYS_s14_T2_ctrl,0,1570,52.333333333333336,-0.28131094139221413,1.0894238139505126
UBFC_PHYS_s14_T2_ctrl,0,1571,52.36666666666667,-0.5056978913558906,1.3378123902839518
UBFC_PHYS_s14_T2_ctrl,0,1572,52.4,-0.680242002610331,1.406857337892498
UBFC_PHYS_s14_T2_ctrl,0,1573,52.43333333333333,-0.7865160158119142,1.2905282677005696
UBFC_PHYS_s14_T2_ctrl,0,1574,52.46666666666667,-0.8073460009846825,1.0259390688803067
UBFC_PHYS_s14_T2_ctrl,0,1575,52.5,-0.7368049638137565,0.6931211271548027
UBFC_PHYS_s14_T2_ctrl,0,1576,52.53333333333333,-0.5870487649318072,0.3471572495298553
UBFC_PHYS_s14_T2_ctrl,0,1577,52.56666666666667,-0.38445204225334884,0.019000026355802332
UBFC_PHYS_s14_T2_ctrl,0,1578,52.6,-0.16024370618776668,-0.2815156885635569
UBFC_PHYS_s14_T2_ctrl,0,1579,52.63333333333333,0.05590763668428074,-0.5635770047348228
UBFC_PHYS_s14_T2_ctrl,0,1580,52.666666666666664,0.23928144913550195,-0.817445566015936
UBFC_PHYS_s14_T2_ctrl,0,1581,52.7,0.3734457497119463,-1.0126887494246388
UBFC_PHYS_s14_T2_ctrl,0,1582,52.733333333333334,0.4513948598491271,-1.1143872722270647
UBFC_PHYS_s14_T2_ctrl,0,1583,52.766666666666666,0.47292292784477596,-1.0827199341624876
UBFC_PHYS_s14_T2_ctrl,0,1584,52.8,0.44185745792256925,-0.9004536594793894
UBFC_PHYS_s14_T2_ctrl,0,1585,52.833333333333336,0.3646453710177186,-0.5736547083906133
UBFC_PHYS_s14_T2_ctrl,0,1586,52.86666666666667,0.24906787872945016,-0.15234928618589177
UBFC_PHYS_s14_T2_ctrl,0,1587,52.9,0.10578310037351457,0.2685774371049502
UBFC_PHYS_s14_T2_ctrl,0,1588,52.93333333333333,-0.04711755951016128,0.604982697328516
UBFC_PHYS_s14_T2_ctrl,0,1589,52.96666666666667,-0.18459918957537527,0.7828669044294977
UBFC_PHYS_s14_T2_ctrl,0,1590,53.0,-0.28369671324525314,0.7862055072146829
UBFC_PHYS_s14_T2_ctrl,0,1591,53.03333333333333,-0.33238129388313237,0.6561237004336875
UBFC_PHYS_s14_T2_ctrl,0,1592,53.06666666666667,-0.3307742219266177,0.4392271199642465
UBFC_PHYS_s14_T2_ctrl,0,1593,53.1,-0.2876539877339013,0.18717693547778952
UBFC_PHYS_s14_T2_ctrl,0,1594,53.13333333333333,-0.2168984417554036,-0.06291055130965054
UBFC_PHYS_s14_T2_ctrl,0,1595,53.166666666666664,-0.13428797406680157,-0.28774173906479644
UBFC_PHYS_s14_T2_ctrl,0,1596,53.2,-0.05510174588554586,-0.4658525276889828
UBFC_PHYS_s14_T2_ctrl,0,1597,53.233333333333334,0.007977041966769545,-0.5766301908041391
UBFC_PHYS_s14_T2_ctrl,0,1598,53.266666666666666,0.048620305917910805,-0.5983501364056952
UBFC_PHYS_s14_T2_ctrl,0,1599,53.3,0.06921754662245927,-0.5080226222751755
UBFC_PHYS_s14_T2_ctrl,0,1600,53.333333333333336,0.07714139440881285,-0.32116868531494713
UBFC_PHYS_s14_T2_ctrl,0,1601,53.36666666666667,0.07880662102276517,-0.09203445604496424
UBFC_PHYS_s14_T2_ctrl,0,1602,53.4,0.07867472126051925,0.13598578504673045
UBFC_PHYS_s14_T2_ctrl,0,1603,53.43333333333333,0.08220775571730411,0.3299458715294538
UBFC_PHYS_s14_T2_ctrl,0,1604,53.46666666666667,0.09591233061794643,0.4806899608164866
UBFC_PHYS_s14_T2_ctrl,0,1605,53.5,0.12163622687309392,0.6017194381175
UBFC_PHYS_s14_T2_ctrl,0,1606,53.53333333333333,0.15205972196560724,0.6845510314808947
UBFC_PHYS_s14_T2_ctrl,0,1607,53.56666666666667,0.1766175679490795,0.6980945182289097
UBFC_PHYS_s14_T2_ctrl,0,1608,53.6,0.19242650701506228,0.628453896053004
UBFC_PHYS_s14_T2_ctrl,0,1609,53.63333333333333,0.20507496170632952,0.4792400607617641
UBFC_PHYS_s14_T2_ctrl,0,1610,53.666666666666664,0.22004113134866088,0.26968186481767736
UBFC_PHYS_s14_T2_ctrl,0,1611,53.7,0.2385733573534085,0.03515862601995842
UBFC_PHYS_s14_T2_ctrl,0,1612,53.733333333333334,0.25890654797063944,-0.19404685365510554
UBFC_PHYS_s14_T2_ctrl,0,1613,53.766666666666666,0.2742705627385263,-0.39191818346636814
UBFC_PHYS_s14_T2_ctrl,0,1614,53.8,0.27128288863366207,-0.540872325105964
UBFC_PHYS_s14_T2_ctrl,0,1615,53.833333333333336,0.23589482080480165,-0.6308257915506534
UBFC_PHYS_s14_T2_ctrl,0,1616,53.86666666666667,0.15974487185325176,-0.6587481718208392
UBFC_PHYS_s14_T2_ctrl,0,1617,53.9,0.03945130177547329,-0.6280860624581677
UBFC_PHYS_s14_T2_ctrl,0,1618,53.93333333333333,-0.12421968050300583,-0.5462886753286348
UBFC_PHYS_s14_T2_ctrl,0,1619,53.96666666666667,-0.3210961916520305,-0.4248005117615672
UBFC_PHYS_s14_T2_ctrl,0,1620,54.0,-0.5259254262922842,-0.27068023687934484
UBFC_PHYS_s14_T2_ctrl,0,1621,54.03333333333333,-0.700168052604557,-0.08726220147930161
UBFC_PHYS_s14_T2_ctrl,0,1622,54.06666666666667,-0.8045001519585984,0.11836424936041738
UBFC_PHYS_s14_T2_ctrl,0,1623,54.1,-0.8163627362019051,0.3342453848415209
UBFC_PHYS_s14_T2_ctrl,0,1624,54.13333333333333,-0.7374260063108017,0.5408139058025672
UBFC_PHYS_s14_T2_ctrl,0,1625,54.166666666666664,-0.5858372110733367,0.7099044018139541
UBFC_PHYS_s14_T2_ctrl,0,1626,54.2,-0.3871010182805745,0.8083190987107813
UBFC_PHYS_s14_T2_ctrl,0,1627,54.233333333333334,-0.17138833214339033,0.7975718916119089
UBFC_PHYS_s14_T2_ctrl,0,1628,54.266666666666666,0.03215182655824492,0.6643869885196101
UBFC_PHYS_s14_T2_ctrl,0,1629,54.3,0.2063917216289051,0.42115916457303226
UBFC_PHYS_s14_T2_ctrl,0,1630,54.333333333333336,0.349265418729634,0.09903655408013122
UBFC_PHYS_s14_T2_ctrl,0,1631,54.36666666666667,0.4639277673208717,-0.25123292744209935
UBFC_PHYS_s14_T2_ctrl,0,1632,54.4,0.5483076771133508,-0.5835968980552294
UBFC_PHYS_s14_T2_ctrl,0,1633,54.43333333333333,0.5944380939610923,-0.8555175051316721
UBFC_PHYS_s14_T2_ctrl,0,1634,54.46666666666667,0.5948575158796724,-1.0339586702045092
UBFC_PHYS_s14_T2_ctrl,0,1635,54.5,0.5486405655504436,-1.0943980442761463
UBFC_PHYS_s14_T2_ctrl,0,1636,54.53333333333333,0.4637951516895603,-1.0298477439541467
UBFC_PHYS_s14_T2_ctrl,0,1637,54.56666666666667,0.3563234889581153,-0.8506397307932672
UBFC_PHYS_s14_T2_ctrl,0,1638,54.6,0.24667618745512687,-0.5724789122495196
UBFC_PHYS_s14_T2_ctrl,0,1639,54.63333333333333,0.15450053526712743,-0.21729934463700207
UBFC_PHYS_s14_T2_ctrl,0,1640,54.666666666666664,0.09322489347674477,0.18153142835415553
UBFC_PHYS_s14_T2_ctrl,0,1641,54.7,0.06650106196227823,0.5776010932551559
UBFC_PHYS_s14_T2_ctrl,0,1642,54.733333333333334,0.06789405334101642,0.9212336789952814
UBFC_PHYS_s14_T2_ctrl,0,1643,54.766666666666666,0.08366990739290789,1.1580585344958458
UBFC_PHYS_s14_T2_ctrl,0,1644,54.8,0.09685996143241948,1.2620461592783938
UBFC_PHYS_s14_T2_ctrl,0,1645,54.833333333333336,0.09016085220896365,1.2345466860645267
UBFC_PHYS_s14_T2_ctrl,0,1646,54.86666666666667,0.047812497249167106,1.0868108870400237
UBFC_PHYS_s14_T2_ctrl,0,1647,54.9,-0.0405766470840845,0.8398620157646838
UBFC_PHYS_s14_T2_ctrl,0,1648,54.93333333333333,-0.17426498958482578,0.5212858090206333
UBFC_PHYS_s14_T2_ctrl,0,1649,54.96666666666667,-0.33899450055330516,0.16621721426484323
UBFC_PHYS_s14_T2_ctrl,0,1650,55.0,-0.5111145131676087,-0.19675011250081806
UBFC_PHYS_s14_T2_ctrl,0,1651,55.03333333333333,-0.6641293281056424,-0.543822735997049
UBFC_PHYS_s14_T2_ctrl,0,1652,55.06666666666667,-0.7733291036635654,-0.8500342382510291
UBFC_PHYS_s14_T2_ctrl,0,1653,55.1,-0.8192355519346263,-1.087455185332084
UBFC_PHYS_s14_T2_ctrl,0,1654,55.13333333333333,-0.7904198783212294,-1.2320687847023386
UBFC_PHYS_s14_T2_ctrl,0,1655,55.166666666666664,-0.6840066018197142,-1.2627442969702927
UBFC_PHYS_s14_T2_ctrl,0,1656,55.2,-0.5050551212757288,-1.1626401341355685
UBFC_PHYS_s14_T2_ctrl,0,1657,55.233333333333334,-0.26780038643741105,-0.919461345903963
UBFC_PHYS_s14_T2_ctrl,0,1658,55.266666666666666,0.0026138641444636134,-0.5514110899413434
UBFC_PHYS_s14_T2_ctrl,0,1659,55.3,0.2724256261679936,-0.10841035463857082
UBFC_PHYS_s14_T2_ctrl,0,1660,55.333333333333336,0.5063382178012351,0.353659082860975
UBFC_PHYS_s14_T2_ctrl,0,1661,55.36666666666667,0.6758395893269111,0.7713827516095743
UBFC_PHYS_s14_T2_ctrl,0,1662,55.4,0.7656507601651871,1.0903185819965842
UBFC_PHYS_s14_T2_ctrl,0,1663,55.43333333333333,0.7758433104073756,1.2635646391358557
UBFC_PHYS_s14_T2_ctrl,0,1664,55.46666666666667,0.7181528025891435,1.280903498492446
UBFC_PHYS_s14_T2_ctrl,0,1665,55.5,0.6097451302881339,1.167853148363415
UBFC_PHYS_s14_T2_ctrl,0,1666,55.53333333333333,0.4691606263563739,0.9502489683041311
UBFC_PHYS_s14_T2_ctrl,0,1667,55.56666666666667,0.3141632907840254,0.6543155436136758
UBFC_PHYS_s14_T2_ctrl,0,1668,55.6,0.15979131001423927,0.30598120708907245
UBFC_PHYS_s14_T2_ctrl,0,1669,55.63333333333333,0.018020119967070796,-0.06773568848081851
UBFC_PHYS_s14_T2_ctrl,0,1670,55.666666666666664,-0.10077353905321626,-0.4410479272826169
UBFC_PHYS_s14_T2_ctrl,0,1671,55.7,-0.18718155776817685,-0.7874501652993429
UBFC_PHYS_s14_T2_ctrl,0,1672,55.733333333333334,-0.2342299241650228,-1.0792411112154332
UBFC_PHYS_s14_T2_ctrl,0,1673,55.766666666666666,-0.24021340402223806,-1.2858304344442157
UBFC_PHYS_s14_T2_ctrl,0,1674,55.8,-0.2113832909239871,-1.3838896987192633
UBFC_PHYS_s14_T2_ctrl,0,1675,55.833333333333336,-0.1615455702750817,-1.3565462321147448
UBFC_PHYS_s14_T2_ctrl,0,1676,55.86666666666667,-0.10710404876311103,-1.1960205407556748
UBFC_PHYS_s14_T2_ctrl,0,1677,55.9,-0.061056869578260994,-0.9040617835673433
UBFC_PHYS_s14_T2_ctrl,0,1678,55.93333333333333,-0.03036579501222962,-0.501004472858982
UBFC_PHYS_s14_T2_ctrl,0,1679,55.96666666666667,-0.01682573758810109,-0.02730078435701415
UBFC_PHYS_s14_T2_ctrl,0,1680,56.0,-0.019086880944589966,0.4620276162860827
UBFC_PHYS_s14_T2_ctrl,0,1681,56.03333333333333,-0.03447321694346519,0.895550501364161
UBFC_PHYS_s14_T2_ctrl,0,1682,56.06666666666667,-0.05998961128012599,1.226021765962803
UBFC_PHYS_s14_T2_ctrl,0,1683,56.1,-0.09260686137621228,1.4286095478386294
UBFC_PHYS_s14_T2_ctrl,0,1684,56.13333333333333,-0.12990576052820782,1.4957559066160686
UBFC_PHYS_s14_T2_ctrl,0,1685,56.166666666666664,-0.17021541682775904,1.4359318414098228
UBFC_PHYS_s14_T2_ctrl,0,1686,56.2,-0.2096543857124878,1.2660253095847733
UBFC_PHYS_s14_T2_ctrl,0,1687,56.233333333333334,-0.23810073494738176,1.0112904054241165
UBFC_PHYS_s14_T2_ctrl,0,1688,56.266666666666666,-0.24093563922373656,0.6966136946670061
UBFC_PHYS_s14_T2_ctrl,0,1689,56.3,-0.20832657054587395,0.3476470101064739
UBFC_PHYS_s14_T2_ctrl,0,1690,56.333333333333336,-0.14365833663781832,-0.01586960490223411
UBFC_PHYS_s14_T2_ctrl,0,1691,56.36666666666667,-0.06194885073924509,-0.37814022643089407
UBFC_PHYS_s14_T2_ctrl,0,1692,56.4,0.01995639291615351,-0.7220293231598759
UBFC_PHYS_s14_T2_ctrl,0,1693,56.43333333333333,0.09142607687919468,-1.0269219633512328
UBFC_PHYS_s14_T2_ctrl,0,1694,56.46666666666667,0.14893995082562922,-1.2718254770187105
UBFC_PHYS_s14_T2_ctrl,0,1695,56.5,0.19281118411043754,-1.4337605398433124
UBFC_PHYS_s14_T2_ctrl,0,1696,56.53333333333333,0.2234502243863656,-1.4962492637699398
UBFC_PHYS_s14_T2_ctrl,0,1697,56.56666666666667,0.23861930505215606,-1.4486172155448138
UBFC_PHYS_s14_T2_ctrl,0,1698,56.6,0.2337314296319023,-1.284060497881594
UBFC_PHYS_s14_T2_ctrl,0,1699,56.63333333333333,0.2058135910242333,-1.0001905856778195
UBFC_PHYS_s14_T2_ctrl,0,1700,56.666666666666664,0.15712599318721643,-0.6070444951133578
UBFC_PHYS_s14_T2_ctrl,0,1701,56.7,0.09368384969947098,-0.12885448629772783
UBFC_PHYS_s14_T2_ctrl,0,1702,56.733333333333334,0.020243991018640665,0.38944504541596214
UBFC_PHYS_s14_T2_ctrl,0,1703,56.766666666666666,-0.06116006516334927,0.8800511251538224
UBFC_PHYS_s14_T2_ctrl,0,1704,56.8,-0.14641669441398453,1.2767661654532432
UBFC_PHYS_s14_T2_ctrl,0,1705,56.833333333333336,-0.2243006385443112,1.51335555014638
UBFC_PHYS_s14_T2_ctrl,0,1706,56.86666666666667,-0.27806712299155995,1.5655112534225955
UBFC_PHYS_s14_T2_ctrl,0,1707,56.9,-0.2932727465707776,1.4498327173260783
UBFC_PHYS_s14_T2_ctrl,0,1708,56.93333333333333,-0.26479796506496667,1.2024490035563902
UBFC_PHYS_s14_T2_ctrl,0,1709,56.96666666666667,-0.19706560315955599,0.8787986981796152
UBFC_PHYS_s14_T2_ctrl,0,1710,57.0,-0.09944778479520434,0.5214102831947232
UBFC_PHYS_s14_T2_ctrl,0,1711,57.03333333333333,0.017057632147759183,0.1610048529237077
UBFC_PHYS_s14_T2_ctrl,0,1712,57.06666666666667,0.1406884219576068,-0.18262241177659042
UBFC_PHYS_s14_T2_ctrl,0,1713,57.1,0.2597833955090392,-0.4985683000412557
UBFC_PHYS_s14_T2_ctrl,0,1714,57.13333333333333,0.36332706471632387,-0.7737094185473932
UBFC_PHYS_s14_T2_ctrl,0,1715,57.166666666666664,0.4398522780514043,-0.9907889244460387
UBFC_PHYS_s14_T2_ctrl,0,1716,57.2,0.4774149527441384,-1.129564800522784
UBFC_PHYS_s14_T2_ctrl,0,1717,57.233333333333334,0.4679388923593783,-1.1658120693855136
UBFC_PHYS_s14_T2_ctrl,0,1718,57.266666666666666,0.4125311542401022,-1.0925577519220517
UBFC_PHYS_s14_T2_ctrl,0,1719,57.3,0.32079394537029365,-0.9200039330921804
UBFC_PHYS_s14_T2_ctrl,0,1720,57.333333333333336,0.2045409834464773,-0.6548997439424848
UBFC_PHYS_s14_T2_ctrl,0,1721,57.36666666666667,0.07371977088460828,-0.3015740892348066
UBFC_PHYS_s14_T2_ctrl,0,1722,57.4,-0.06200744790711502,0.1207669781652119
UBFC_PHYS_s14_T2_ctrl,0,1723,57.43333333333333,-0.19090805665285215,0.5760647782321445
UBFC_PHYS_s14_T2_ctrl,0,1724,57.46666666666667,-0.3007342834162757,0.9990874724716478
UBFC_PHYS_s14_T2_ctrl,0,1725,57.5,-0.3821184213012424,1.2940483884752794
UBFC_PHYS_s14_T2_ctrl,0,1726,57.53333333333333,-0.43023015826634714,1.4087827748154793
UBFC_PHYS_s14_T2_ctrl,0,1727,57.56666666666667,-0.4460321590702929,1.3341417659517016
UBFC_PHYS_s14_T2_ctrl,0,1728,57.6,-0.4383208734986591,1.0897816525581132
UBFC_PHYS_s14_T2_ctrl,0,1729,57.63333333333333,-0.421954071054875,0.7241423805942404
UBFC_PHYS_s14_T2_ctrl,0,1730,57.666666666666664,-0.40823615484952197,0.286635094556067
UBFC_PHYS_s14_T2_ctrl,0,1731,57.7,-0.3921510450996852,-0.17114808802419285
UBFC_PHYS_s14_T2_ctrl,0,1732,57.733333333333334,-0.3482598990124255,-0.6050086828603592
UBFC_PHYS_s14_T2_ctrl,0,1733,57.766666666666666,-0.24561863756694075,-0.9761237831429886
UBFC_PHYS_s14_T2_ctrl,0,1734,57.8,-0.07579949804167117,-1.259929123253473
UBFC_PHYS_s14_T2_ctrl,0,1735,57.833333333333336,0.1331315794746371,-1.4441656835386372
UBFC_PHYS_s14_T2_ctrl,0,1736,57.86666666666667,0.33314410324674415,-1.5145933254346278
UBFC_PHYS_s14_T2_ctrl,0,1737,57.9,0.4824322335009933,-1.4540941070719553
UBFC_PHYS_s14_T2_ctrl,0,1738,57.93333333333333,0.5559866100375912,-1.2505661738149993
UBFC_PHYS_s14_T2_ctrl,0,1739,57.96666666666667,0.545203991507752,-0.8977358288260202
UBFC_PHYS_s14_T2_ctrl,0,1740,58.0,0.45835824249328594,-0.42427844423697236
UBFC_PHYS_s14_T2_ctrl,0,1741,58.03333333333333,0.3175615084059914,0.10443650535509932
UBFC_PHYS_s14_T2_ctrl,0,1742,58.06666666666667,0.15046046694913912,0.6253009184697401
UBFC_PHYS_s14_T2_ctrl,0,1743,58.1,-0.014192862877607855,1.0754499058716465
UBFC_PHYS_s14_T2_ctrl,0,1744,58.13333333333333,-0.14800014138872267,1.4057671774688276
UBFC_PHYS_s14_T2_ctrl,0,1745,58.166666666666664,-0.23068840866530899,1.5790321520589141
UBFC_PHYS_s14_T2_ctrl,0,1746,58.2,-0.2595534263796445,1.581908172499624
UBFC_PHYS_s14_T2_ctrl,0,1747,58.233333333333334,-0.24732643866114923,1.4240571689400556
UBFC_PHYS_s14_T2_ctrl,0,1748,58.266666666666666,-0.2103125729992629,1.1332167655675431
UBFC_PHYS_s14_T2_ctrl,0,1749,58.3,-0.16157115137727987,0.7555234844744455
UBFC_PHYS_s14_T2_ctrl,0,1750,58.333333333333336,-0.11227400529376502,0.33745409308516755
UBFC_PHYS_s14_T2_ctrl,0,1751,58.36666666666667,-0.07033761741426606,-0.0727969326336043
UBFC_PHYS_s14_T2_ctrl,0,1752,58.4,-0.03473315882996099,-0.4404804464178409
UBFC_PHYS_s14_T2_ctrl,0,1753,58.43333333333333,0.0037611652045026808,-0.7423303169655413
UBFC_PHYS_s14_T2_ctrl,0,1754,58.46666666666667,0.05320992133777086,-0.9641357291454611
UBFC_PHYS_s14_T2_ctrl,0,1755,58.5,0.11233694167554077,-1.098957917365498
UBFC_PHYS_s14_T2_ctrl,0,1756,58.53333333333333,0.17059811171031772,-1.1365991167300689
UBFC_PHYS_s14_T2_ctrl,0,1757,58.56666666666667,0.2164125581739486,-1.062901836508844
UBFC_PHYS_s14_T2_ctrl,0,1758,58.6,0.24629116510478122,-0.8655353431046408
UBFC_PHYS_s14_T2_ctrl,0,1759,58.63333333333333,0.26288025014506256,-0.5348563630036263
UBFC_PHYS_s14_T2_ctrl,0,1760,58.666666666666664,0.2633121798598606,-0.12285737582987823
UBFC_PHYS_s14_T2_ctrl,0,1761,58.7,0.23667710529318672,0.2559776642447759
UBFC_PHYS_s14_T2_ctrl,0,1762,58.733333333333334,0.17624803818967597,0.5453417384031881
UBFC_PHYS_s14_T2_ctrl,0,1763,58.766666666666666,0.08690370546408854,0.7460238118089664
UBFC_PHYS_s14_T2_ctrl,0,1764,58.8,-0.02230650105078592,0.8630681006299066
UBFC_PHYS_s14_T2_ctrl,0,1765,58.833333333333336,-0.14351060650185815,0.9042013013589125
UBFC_PHYS_s14_T2_ctrl,0,1766,58.86666666666667,-0.2632666886187086,0.8658055913618199
UBFC_PHYS_s14_T2_ctrl,0,1767,58.9,-0.3596726926432036,0.7327404339212197
UBFC_PHYS_s14_T2_ctrl,0,1768,58.93333333333333,-0.4139025428763207,0.5096915246689151
UBFC_PHYS_s14_T2_ctrl,0,1769,58.96666666666667,-0.421871137611878,0.2220036779799081
UBFC_PHYS_s14_T2_ctrl,0,1770,59.0,-0.3916571401790953,-0.10395643390470702
UBFC_PHYS_s14_T2_ctrl,0,1771,59.03333333333333,-0.3320743761381577,-0.43948463856629755
UBFC_PHYS_s14_T2_ctrl,0,1772,59.06666666666667,-0.24533051624216656,-0.7525701327274853
UBFC_PHYS_s14_T2_ctrl,0,1773,59.1,-0.1293219721745835,-1.006404764916448
UBFC_PHYS_s14_T2_ctrl,0,1774,59.13333333333333,0.012676858221332594,-1.1646588252023244
UBFC_PHYS_s14_T2_ctrl,0,1775,59.166666666666664,0.16260531819114896,-1.1907095704382824
UBFC_PHYS_s14_T2_ctrl,0,1776,59.2,0.2891608293295866,-1.0704661840323109
UBFC_PHYS_s14_T2_ctrl,0,1777,59.233333333333334,0.3632872360744104,-0.8126012759058401
UBFC_PHYS_s14_T2_ctrl,0,1778,59.266666666666666,0.3746374339490763,-0.44259732164310656
UBFC_PHYS_s14_T2_ctrl,0,1779,59.3,0.3332231383448945,-0.003882406962536382
UBFC_PHYS_s14_T2_ctrl,0,1780,59.333333333333336,0.25861833130518663,0.4468478618434913
UBFC_PHYS_s14_T2_ctrl,0,1781,59.36666666666667,0.17099825471398838,0.8380929337009231
UBFC_PHYS_s14_T2_ctrl,0,1782,59.4,0.08743692699821916,1.1231079114978588
UBFC_PHYS_s14_T2_ctrl,0,1783,59.43333333333333,0.018547474722675043,1.2784211656886926
UBFC_PHYS_s14_T2_ctrl,0,1784,59.46666666666667,-0.032542393711772366,1.2902201398505118
UBFC_PHYS_s14_T2_ctrl,0,1785,59.5,-0.06590637639605793,1.1536181359073363
UBFC_PHYS_s14_T2_ctrl,0,1786,59.53333333333333,-0.08119209008552596,0.8838417398463062
UBFC_PHYS_s14_T2_ctrl,0,1787,59.56666666666667,-0.07929860932703624,0.5167628583420897
UBFC_PHYS_s14_T2_ctrl,0,1788,59.6,-0.06426200463939828,0.09352123638814573
UBFC_PHYS_s14_T2_ctrl,0,1789,59.63333333333333,-0.04136489789098452,-0.3380296368874038
UBFC_PHYS_s14_T2_ctrl,0,1790,59.666666666666664,-0.014817675509174864,-0.7319105757985797
UBFC_PHYS_s14_T2_ctrl,0,1791,59.7,0.011786636367416059,-1.042243738571928
UBFC_PHYS_s14_T2_ctrl,0,1792,59.733333333333334,0.03337892885362375,-1.229518190942572
UBFC_PHYS_s14_T2_ctrl,0,1793,59.766666666666666,0.042948771409079066,-1.2595000798800486
UBFC_PHYS_s14_T2_ctrl,0,1794,59.8,0.03413653865906266,-1.122080038731982
UBFC_PHYS_s14_T2_ctrl,0,1795,59.833333333333336,0.004033000376966901,-0.8313498808883679
UBFC_PHYS_s14_T2_ctrl,0,1796,59.86666666666667,-0.046628913674878474,-0.4203741032666214
UBFC_PHYS_s14_T2_ctrl,0,1797,59.9,-0.11424314189920694,0.057673952597143335
UBFC_PHYS_s14_T2_ctrl,0,1798,59.93333333333333,-0.19146605892162888,0.5375107209731127
UBFC_PHYS_s14_T2_ctrl,0,1799,59.96666666666667,-0.26510227306718115,0.9401897782735036
UBFC_PHYS_s14_T2_ctrl,0,1800,60.0,-0.31597326456194136,1.2035286236670815
UBFC_PHYS_s14_T2_ctrl,0,1801,60.03333333333333,-0.324377551874507,1.2810086678586738
UBFC_PHYS_s14_T2_ctrl,0,1802,60.06666666666667,-0.27894410476504333,1.1667266844158104
UBFC_PHYS_s14_T2_ctrl,0,1803,60.1,-0.18090502397011407,0.8950091500627346
UBFC_PHYS_s14_T2_ctrl,0,1804,60.13333333333333,-0.04147561985693232,0.5145951422804674
UBFC_PHYS_s14_T2_ctrl,0,1805,60.166666666666664,0.12158180405447853,0.08918503037592403
UBFC_PHYS_s14_T2_ctrl,0,1806,60.2,0.28518817069690205,-0.3346479346119616
UBFC_PHYS_s14_T2_ctrl,0,1807,60.233333333333334,0.42383737506291663,-0.7257412617033968
UBFC_PHYS_s14_T2_ctrl,0,1808,60.266666666666666,0.5160148285031914,-1.0471982604930203
UBFC_PHYS_s14_T2_ctrl,0,1809,60.3,0.5499851676799921,-1.2546392155962998
UBFC_PHYS_s14_T2_ctrl,0,1810,60.333333333333336,0.5250812164124643,-1.3054613678490878
UBFC_PHYS_s14_T2_ctrl,0,1811,60.36666666666667,0.4492092309887299,-1.1585748394900321
UBFC_PHYS_s14_T2_ctrl,0,1812,60.4,0.3345201336486352,-0.8131261894464717
UBFC_PHYS_s14_T2_ctrl,0,1813,60.43333333333333,0.19261102560614102,-0.3095762896983245
UBFC_PHYS_s14_T2_ctrl,0,1814,60.46666666666667,0.03263675947474928,0.2659330619819797
UBFC_PHYS_s14_T2_ctrl,0,1815,60.5,-0.13555807891324848,0.7804480093008823
UBFC_PHYS_s14_T2_ctrl,0,1816,60.53333333333333,-0.2982046227120334,1.1435735677107814
UBFC_PHYS_s14_T2_ctrl,0,1817,60.56666666666667,-0.4398889823442591,1.3063867958416613
UBFC_PHYS_s14_T2_ctrl,0,1818,60.6,-0.5485325634644831,1.2661605391139172
UBFC_PHYS_s14_T2_ctrl,0,1819,60.63333333333333,-0.6165153738370555,1.0652756595851613
UBFC_PHYS_s14_T2_ctrl,0,1820,60.666666666666664,-0.6362471385765966,0.7522661558002256
UBFC_PHYS_s14_T2_ctrl,0,1821,60.7,-0.5959029010885617,0.3818673043789995
UBFC_PHYS_s14_T2_ctrl,0,1822,60.733333333333334,-0.48541139960128354,-0.006810160055205634
UBFC_PHYS_s14_T2_ctrl,0,1823,60.766666666666666,-0.3119956198895392,-0.388740463442395
UBFC_PHYS_s14_T2_ctrl,0,1824,60.8,-0.10559150807345105,-0.7385850786047545
UBFC_PHYS_s14_T2_ctrl,0,1825,60.833333333333336,0.09633322975205093,-1.028672639532092
UBFC_PHYS_s14_T2_ctrl,0,1826,60.86666666666667,0.2657653237462014,-1.2201057808784501
UBFC_PHYS_s14_T2_ctrl,0,1827,60.9,0.3871066991698284,-1.2617935989997466
UBFC_PHYS_s14_T2_ctrl,0,1828,60.93333333333333,0.4548237927441112,-1.1217533903739327
UBFC_PHYS_s14_T2_ctrl,0,1829,60.96666666666667,0.4732284811323883,-0.7877307231021153
UBFC_PHYS_s14_T2_ctrl,0,1830,61.0,0.45273895331861164,-0.30099787950698775
UBFC_PHYS_s14_T2_ctrl,0,1831,61.03333333333333,0.40260876568988296,0.24243766440921533
UBFC_PHYS_s14_T2_ctrl,0,1832,61.06666666666667,0.3282029913703509,0.7448122824693101
UBFC_PHYS_s14_T2_ctrl,0,1833,61.1,0.23408161039316122,1.105521190669724
UBFC_PHYS_s14_T2_ctrl,0,1834,61.13333333333333,0.1268679382276516,1.2758901377914438
UBFC_PHYS_s14_T2_ctrl,0,1835,61.166666666666664,0.015033584235483548,1.2579864751246639
UBFC_PHYS_s14_T2_ctrl,0,1836,61.2,-0.09218246038545788,1.0751099189922622
UBFC_PHYS_s14_T2_ctrl,0,1837,61.233333333333334,-0.1853629639009992,0.7712472949197688
UBFC_PHYS_s14_T2_ctrl,0,1838,61.266666666666666,-0.2562921445912962,0.38791550133133623
UBFC_PHYS_s14_T2_ctrl,0,1839,61.3,-0.29947404651778087,-0.034854949347417376
UBFC_PHYS_s14_T2_ctrl,0,1840,61.333333333333336,-0.31163345356692945,-0.4588852182682334
UBFC_PHYS_s14_T2_ctrl,0,1841,61.36666666666667,-0.2906948069814387,-0.8459147015263916
UBFC_PHYS_s14_T2_ctrl,0,1842,61.4,-0.23681608631323983,-1.1552267815704444
UBFC_PHYS_s14_T2_ctrl,0,1843,61.43333333333333,-0.1543224545339694,-1.3420475371288598
UBFC_PHYS_s14_T2_ctrl,0,1844,61.46666666666667,-0.05223109876234733,-1.365667623528871
UBFC_PHYS_s14_T2_ctrl,0,1845,61.5,0.056765745367259215,-1.1892820147491523
UBFC_PHYS_s14_T2_ctrl,0,1846,61.53333333333333,0.15800122212430723,-0.8206710341639893
UBFC_PHYS_s14_T2_ctrl,0,1847,61.56666666666667,0.23746467096498355,-0.3132529222163757
UBFC_PHYS_s14_T2_ctrl,0,1848,61.6,0.28557507059400805,0.2527332071130185
UBFC_PHYS_s14_T2_ctrl,0,1849,61.63333333333333,0.2997569734900738,0.7688861958675939
UBFC_PHYS_s14_T2_ctrl,0,1850,61.666666666666664,0.28349733251224707,1.1562191434380136
UBFC_PHYS_s14_T2_ctrl,0,1851,61.7,0.24315393001715102,1.3637211424603088
UBFC_PHYS_s14_T2_ctrl,0,1852,61.733333333333334,0.18447893881352417,1.3780712626628948
UBFC_PHYS_s14_T2_ctrl,0,1853,61.766666666666666,0.11000075969735554,1.2225273907231349
UBFC_PHYS_s14_T2_ctrl,0,1854,61.8,0.020331419893100403,0.9382388746484589
UBFC_PHYS_s14_T2_ctrl,0,1855,61.833333333333336,-0.08022766416754519,0.5841780273093944
UBFC_PHYS_s14_T2_ctrl,0,1856,61.86666666666667,-0.1807857594137822,0.20432137290618607
UBFC_PHYS_s14_T2_ctrl,0,1857,61.9,-0.2681332901646904,-0.17106797092553663
UBFC_PHYS_s14_T2_ctrl,0,1858,61.93333333333333,-0.3322434435669556,-0.5184263265336694
UBFC_PHYS_s14_T2_ctrl,0,1859,61.96666666666667,-0.36674303418019066,-0.8188606277024817
UBFC_PHYS_s14_T2_ctrl,0,1860,62.0,-0.36722802257698794,-1.0466034325249884
UBFC_PHYS_s14_T2_ctrl,0,1861,62.03333333333333,-0.33223371142906327,-1.1675851479492931
UBFC_PHYS_s14_T2_ctrl,0,1862,62.06666666666667,-0.2653207527676217,-1.1593051667880638
UBFC_PHYS_s14_T2_ctrl,0,1863,62.1,-0.17582621379399377,-1.0106013649283803
UBFC_PHYS_s14_T2_ctrl,0,1864,62.13333333333333,-0.0791352025438371,-0.7264200544846051
UBFC_PHYS_s14_T2_ctrl,0,1865,62.166666666666664,0.00611908752506516,-0.32873467225313147
UBFC_PHYS_s14_T2_ctrl,0,1866,62.2,0.06783533667217734,0.13602795519574012
UBFC_PHYS_s14_T2_ctrl,0,1867,62.233333333333334,0.10994632253657634,0.5954739824632637
UBFC_PHYS_s14_T2_ctrl,0,1868,62.266666666666666,0.1486608407948405,0.9713009994878775
UBFC_PHYS_s14_T2_ctrl,0,1869,62.3,0.19785286332154145,1.1782581884628867
UBFC_PHYS_s14_T2_ctrl,0,1870,62.333333333333336,0.2605536954268097,1.1843517060271342
UBFC_PHYS_s14_T2_ctrl,0,1871,62.36666666666667,0.33275003550160653,1.0102820697022676
UBFC_PHYS_s14_T2_ctrl,0,1872,62.4,0.408499546033691,0.704603139484981
UBFC_PHYS_s14_T2_ctrl,0,1873,62.43333333333333,0.47968867425864875,0.3435736221859156
UBFC_PHYS_s14_T2_ctrl,0,1874,62.46666666666667,0.5367855951623217,-0.02226779736947336
UBFC_PHYS_s14_T2_ctrl,0,1875,62.5,0.5732533810561289,-0.3669648143263931
UBFC_PHYS_s14_T2_ctrl,0,1876,62.53333333333333,0.5850056892810334,-0.6667352687111248
UBFC_PHYS_s14_T2_ctrl,0,1877,62.56666666666667,0.5625016064422941,-0.8981792725042711
UBFC_PHYS_s14_T2_ctrl,0,1878,62.6,0.48705361531144226,-1.0387787066597425
UBFC_PHYS_s14_T2_ctrl,0,1879,62.63333333333333,0.33826017135959674,-1.0658840135844583
UBFC_PHYS_s14_T2_ctrl,0,1880,62.666666666666664,0.10739025818483207,-0.9629655401557611
UBFC_PHYS_s14_T2_ctrl,0,1881,62.7,-0.19126515680121883,-0.7198980550059474
UBFC_PHYS_s14_T2_ctrl,0,1882,62.733333333333334,-0.5221800606807768,-0.34720646646545655
UBFC_PHYS_s14_T2_ctrl,0,1883,62.766666666666666,-0.8456469626820134,0.122487617294898
UBFC_PHYS_s14_T2_ctrl,0,1884,62.8,-1.1265820472627146,0.608964588063755
UBFC_PHYS_s14_T2_ctrl,0,1885,62.833333333333336,-1.3259295722894338,0.9833418724333441
UBFC_PHYS_s14_T2_ctrl,0,1886,62.86666666666667,-1.4068222925711547,1.1710220709727694
UBFC_PHYS_s14_T2_ctrl,0,1887,62.9,-1.3611984915787292,1.1511509395948876
UBFC_PHYS_s14_T2_ctrl,0,1888,62.93333333333333,-1.2131566602471127,0.9508674805311501
UBFC_PHYS_s14_T2_ctrl,0,1889,62.96666666666667,-0.9882172405757033,0.6446612535514262
UBFC_PHYS_s14_T2_ctrl,0,1890,63.0,-0.6911558932489212,0.29550546883881595
UBFC_PHYS_s14_T2_ctrl,0,1891,63.03333333333333,-0.31864233489660065,-0.044760184500596385
UBFC_PHYS_s14_T2_ctrl,0,1892,63.06666666666667,0.11185945395179878,-0.3430004204156023
UBFC_PHYS_s14_T2_ctrl,0,1893,63.1,0.5481165457371943,-0.5832936674131699
UBFC_PHYS_s14_T2_ctrl,0,1894,63.13333333333333,0.9189138560800484,-0.7544062334096177
UBFC_PHYS_s14_T2_ctrl,0,1895,63.166666666666664,1.1686013787997813,-0.848386576309369
UBFC_PHYS_s14_T2_ctrl,0,1896,63.2,1.2804376221673655,-0.8612401202184181
UBFC_PHYS_s14_T2_ctrl,0,1897,63.233333333333334,1.2693703530843088,-0.7923666305421749
UBFC_PHYS_s14_T2_ctrl,0,1898,63.266666666666666,1.1594940211315876,-0.632347122920699
UBFC_PHYS_s14_T2_ctrl,0,1899,63.3,0.9732058259067584,-0.363709310801878
UBFC_PHYS_s14_T2_ctrl,0,1900,63.333333333333336,0.7346521976151871,-0.007403716833606383
UBFC_PHYS_s14_T2_ctrl,0,1901,63.36666666666667,0.47329213734509024,0.3758706149057692
UBFC_PHYS_s14_T2_ctrl,0,1902,63.4,0.22041071905616078,0.708803163730089
UBFC_PHYS_s14_T2_ctrl,0,1903,63.43333333333333,0.00024427186513071436,0.8969476946911716
UBFC_PHYS_s14_T2_ctrl,0,1904,63.46666666666667,-0.17651038844822015,0.9083856237791019
UBFC_PHYS_s14_T2_ctrl,0,1905,63.5,-0.3097718887013483,0.7732948789575949
UBFC_PHYS_s14_T2_ctrl,0,1906,63.53333333333333,-0.40235586385258787,0.5469347376960162
UBFC_PHYS_s14_T2_ctrl,0,1907,63.56666666666667,-0.4562806906444418,0.3090240780113108
UBFC_PHYS_s14_T2_ctrl,0,1908,63.6,-0.47273231883866906,0.10104353908318092
UBFC_PHYS_s14_T2_ctrl,0,1909,63.63333333333333,-0.44959294399719685,-0.07324779842830373
UBFC_PHYS_s14_T2_ctrl,0,1910,63.666666666666664,-0.37649894720862953,-0.2178805856369308
UBFC_PHYS_s14_T2_ctrl,0,1911,63.7,-0.23664282433054004,-0.34330080727830964
UBFC_PHYS_s14_T2_ctrl,0,1912,63.733333333333334,-0.020441797556921576,-0.4547928033895672
UBFC_PHYS_s14_T2_ctrl,0,1913,63.766666666666666,0.26007671081119343,-0.5514201617968748
UBFC_PHYS_s14_T2_ctrl,0,1914,63.8,0.5713287909230407,-0.6163842593870792
UBFC_PHYS_s14_T2_ctrl,0,1915,63.833333333333336,0.8729804249433186,-0.6168123408257737
UBFC_PHYS_s14_T2_ctrl,0,1916,63.86666666666667,1.1308773252569668,-0.5299433575024379
UBFC_PHYS_s14_T2_ctrl,0,1917,63.9,1.309088679460838,-0.3437836405083693
UBFC_PHYS_s14_T2_ctrl,0,1918,63.93333333333333,1.3483925671061954,-0.08403225907171251
UBFC_PHYS_s14_T2_ctrl,0,1919,63.96666666666667,1.1704201192097448,0.185316083508421
UBFC_PHYS_s14_T2_ctrl,0,1920,64.0,0.7257225938925587,0.4094572202751004
UBFC_PHYS_s14_T2_ctrl,0,1921,64.03333333333333,0.043903221333974674,0.5424124323682609
UBFC_PHYS_s14_T2_ctrl,0,1922,64.06666666666666,-0.7691568828090662,0.562443981614105
UBFC_PHYS_s14_T2_ctrl,0,1923,64.1,-1.584254563407075,0.47171239907356177
UBFC_PHYS_s14_T2_ctrl,0,1924,64.13333333333334,-2.29578537588482,0.2935033623608748
UBFC_PHYS_s14_T2_ctrl,0,1925,64.16666666666667,-2.819768459001333,0.07219024717184212
UBFC_PHYS_s14_T2_ctrl,0,1926,64.2,-3.0608190384369203,-0.15635617785294006
UBFC_PHYS_s14_T2_ctrl,0,1927,64.23333333333333,-2.917960298524071,-0.36423160009082145
UBFC_PHYS_s14_T2_ctrl,0,1928,64.26666666666667,-2.3682803678066464,-0.5256957605203099
UBFC_PHYS_s14_T2_ctrl,0,1929,64.3,-1.5422272684250267,-0.6164399679933756
UBFC_PHYS_s14_T2_ctrl,0,1930,64.33333333333333,-0.6615366208854708,-0.6159400046507248
UBFC_PHYS_s14_T2_ctrl,0,1931,64.36666666666666,0.11750208286125713,-0.5074114013675929
UBFC_PHYS_s14_T2_ctrl,0,1932,64.4,0.7683258652135426,-0.2873658332107281
UBFC_PHYS_s14_T2_ctrl,0,1933,64.43333333333334,1.3117074673207074,0.033499388976089714
UBFC_PHYS_s14_T2_ctrl,0,1934,64.46666666666667,1.7234277466862449,0.406946315173224
UBFC_PHYS_s14_T2_ctrl,0,1935,64.5,1.9412346072986464,0.7462812287609221
UBFC_PHYS_s14_T2_ctrl,0,1936,64.53333333333333,1.9483443558168565,0.986095769941503
UBFC_PHYS_s14_T2_ctrl,0,1937,64.56666666666666,1.8350856860191238,1.081722846787692
UBFC_PHYS_s14_T2_ctrl,0,1938,64.6,1.7463887971682737,1.0259276302738427
UBFC_PHYS_s14_T2_ctrl,0,1939,64.63333333333334,1.749854713189349,0.8484443454435154
UBFC_PHYS_s14_T2_ctrl,0,1940,64.66666666666667,1.77247258163465,0.5830122336952884
UBFC_PHYS_s14_T2_ctrl,0,1941,64.7,1.6680100776840978,0.26769859054060674
UBFC_PHYS_s14_T2_ctrl,0,1942,64.73333333333333,1.3326594724101142,-0.06541581210318613
UBFC_PHYS_s14_T2_ctrl,0,1943,64.76666666666667,0.7746922758559435,-0.38887245739540904
UBFC_PHYS_s14_T2_ctrl,0,1944,64.8,0.10037970444356711,-0.6849516378953796
UBFC_PHYS_s14_T2_ctrl,0,1945,64.83333333333333,-0.5605988439376866,-0.9438364547124112
UBFC_PHYS_s14_T2_ctrl,0,1946,64.86666666666666,-1.1163812197000853,-1.146826390963272
UBFC_PHYS_s14_T2_ctrl,0,1947,64.9,-1.5180975258017266,-1.2649990684908465
UBFC_PHYS_s14_T2_ctrl,0,1948,64.93333333333334,-1.7373325677998759,-1.261249714050017
UBFC_PHYS_s14_T2_ctrl,0,1949,64.96666666666667,-1.7565498512534934,-1.0905024366809462
UBFC_PHYS_s14_T2_ctrl,0,1950,65.0,-1.5818830307726246,-0.7411340595487723
UBFC_PHYS_s14_T2_ctrl,0,1951,65.03333333333333,-1.2593586516451398,-0.2365328928691125
UBFC_PHYS_s14_T2_ctrl,0,1952,65.06666666666666,-0.8675534866646012,0.34408847855259267
UBFC_PHYS_s14_T2_ctrl,0,1953,65.1,-0.48485619019993453,0.8643512684489968
UBFC_PHYS_s14_T2_ctrl,0,1954,65.13333333333334,-0.16024400486403353,1.2355452279945247
UBFC_PHYS_s14_T2_ctrl,0,1955,65.16666666666667,0.09189847742638659,1.4154460078353768
UBFC_PHYS_s14_T2_ctrl,0,1956,65.2,0.27852841351442015,1.396426603334562
UBFC_PHYS_s14_T2_ctrl,0,1957,65.23333333333333,0.4086036067030878,1.2043808618076597
UBFC_PHYS_s14_T2_ctrl,0,1958,65.26666666666667,0.47985363537252457,0.8811071777015743
UBFC_PHYS_s14_T2_ctrl,0,1959,65.3,0.48420838865212223,0.48447908035352427
UBFC_PHYS_s14_T2_ctrl,0,1960,65.33333333333333,0.4244299262709649,0.06001072919149009
UBFC_PHYS_s14_T2_ctrl,0,1961,65.36666666666666,0.31898299883954906,-0.3576091313542602
UBFC_PHYS_s14_T2_ctrl,0,1962,65.4,0.1947458463505381,-0.7432272009429906
UBFC_PHYS_s14_T2_ctrl,0,1963,65.43333333333334,0.08209305002593911,-1.078954912024177
UBFC_PHYS_s14_T2_ctrl,0,1964,65.46666666666667,0.008174056505412378,-1.3375684076280596
UBFC_PHYS_s14_T2_ctrl,0,1965,65.5,-0.017379177741695694,-1.480890252751049
UBFC_PHYS_s14_T2_ctrl,0,1966,65.53333333333333,-0.007130758358623752,-1.4703421308296292
UBFC_PHYS_s14_T2_ctrl,0,1967,65.56666666666666,0.020308450222405284,-1.267041988388773
UBFC_PHYS_s14_T2_ctrl,0,1968,65.6,0.05611021107124236,-0.8696789680144965
UBFC_PHYS_s14_T2_ctrl,0,1969,65.63333333333334,0.09656858201852357,-0.3160296471274257
UBFC_PHYS_s14_T2_ctrl,0,1970,65.66666666666667,0.13158878767180962,0.31755921517114105
UBFC_PHYS_s14_T2_ctrl,0,1971,65.7,0.14696748833183582,0.9143773421019563
UBFC_PHYS_s14_T2_ctrl,0,1972,65.73333333333333,0.13577842703352908,1.3826737979000474
UBFC_PHYS_s14_T2_ctrl,0,1973,65.76666666666667,0.10407218702021845,1.6540019507397683
UBFC_PHYS_s14_T2_ctrl,0,1974,65.8,0.06677582066060177,1.7025930945471686
UBFC_PHYS_s14_T2_ctrl,0,1975,65.83333333333333,0.034912719718065574,1.5441440721025046
UBFC_PHYS_s14_T2_ctrl,0,1976,65.86666666666666,0.0038867410861953802,1.2266080644093207
UBFC_PHYS_s14_T2_ctrl,0,1977,65.9,-0.03662941606430066,0.8299533152260937
UBFC_PHYS_s14_T2_ctrl,0,1978,65.93333333333334,-0.07621800121524788,0.40639927685249716
UBFC_PHYS_s14_T2_ctrl,0,1979,65.96666666666667,-0.08154030176448517,-0.018226234358766406
UBFC_PHYS_s14_T2_ctrl,0,1980,66.0,-0.031213358664938025,-0.4258400789325956
UBFC_PHYS_s14_T2_ctrl,0,1981,66.03333333333333,0.05611339301462039,-0.8035541385361766
UBFC_PHYS_s14_T2_ctrl,0,1982,66.06666666666666,0.13206512416580932,-1.1269295196408198
UBFC_PHYS_s14_T2_ctrl,0,1983,66.1,0.1474180894727388,-1.3579460488946147
UBFC_PHYS_s14_T2_ctrl,0,1984,66.13333333333334,0.07638880988231586,-1.4691725847681494
UBFC_PHYS_s14_T2_ctrl,0,1985,66.16666666666667,-0.07054387950026617,-1.4428817689477333
UBFC_PHYS_s14_T2_ctrl,0,1986,66.2,-0.25739843698217296,-1.2657070054215216
UBFC_PHYS_s14_T2_ctrl,0,1987,66.23333333333333,-0.449566918434482,-0.9292080232916391
UBFC_PHYS_s14_T2_ctrl,0,1988,66.26666666666667,-0.6207289809323051,-0.4509442527638229
UBFC_PHYS_s14_T2_ctrl,0,1989,66.3,-0.7370613469731758,0.1236161161850088
UBFC_PHYS_s14_T2_ctrl,0,1990,66.33333333333333,-0.7572471220960534,0.7032870723838957
UBFC_PHYS_s14_T2_ctrl,0,1991,66.36666666666666,-0.6549515747739094,1.1496640995520997
UBFC_PHYS_s14_T2_ctrl,0,1992,66.4,-0.4321502541887542,1.3962052845541832
UBFC_PHYS_s14_T2_ctrl,0,1993,66.43333333333334,-0.11352955525613592,1.4469388956973468
UBFC_PHYS_s14_T2_ctrl,0,1994,66.46666666666667,0.26247222260958064,1.3236587158099904
UBFC_PHYS_s14_T2_ctrl,0,1995,66.5,0.6503732513575968,1.064927060616389
UBFC_PHYS_s14_T2_ctrl,0,1996,66.53333333333333,1.0069148303032052,0.7126606615771667
UBFC_PHYS_s14_T2_ctrl,0,1997,66.56666666666666,1.2989521346448192,0.31277894249345484
UBFC_PHYS_s14_T2_ctrl,0,1998,66.6,1.5011411289052452,-0.10145522202176474
UBFC_PHYS_s14_T2_ctrl,0,1999,66.63333333333334,1.5888988380004805,-0.5075210066458653
UBFC_PHYS_s14_T2_ctrl,0,2000,66.66666666666667,1.5415473579249344,-0.8733408922522389
UBFC_PHYS_s14_T2_ctrl,0,2001,66.7,1.3537365650585214,-1.1552873716708458
UBFC_PHYS_s14_T2_ctrl,0,2002,66.73333333333333,1.0341170666624737,-1.3167793512771457
UBFC_PHYS_s14_T2_ctrl,0,2003,66.76666666666667,0.5883609490792641,-1.3273133265353827
UBFC_PHYS_s14_T2_ctrl,0,2004,66.8,0.020340740017731736,-1.1734651117974302
UBFC_PHYS_s14_T2_ctrl,0,2005,66.83333333333333,-0.6330507964279681,-0.8592074298820301
UBFC_PHYS_s14_T2_ctrl,0,2006,66.86666666666666,-1.277346966268992,-0.4199963690915665
UBFC_PHYS_s14_T2_ctrl,0,2007,66.9,-1.7861476103971148,0.07598370149346947
UBFC_PHYS_s14_T2_ctrl,0,2008,66.93333333333334,-2.058249418922602,0.5570196214871267
UBFC_PHYS_s14_T2_ctrl,0,2009,66.96666666666667,-2.062016756364442,0.946362836646751
UBFC_PHYS_s14_T2_ctrl,0,2010,67.0,-1.8352216596052142,1.1954366505929515
UBFC_PHYS_s14_T2_ctrl,0,2011,67.03333333333333,-1.4488427664510903,1.2824290524001187
UBFC_PHYS_s14_T2_ctrl,0,2012,67.06666666666666,-0.985994921729479,1.2076678229512092
UBFC_PHYS_s14_T2_ctrl,0,2013,67.1,-0.5464035862568847,0.9929780217794866
UBFC_PHYS_s14_T2_ctrl,0,2014,67.13333333333334,-0.22148707571577042,0.6769267939573098
UBFC_PHYS_s14_T2_ctrl,0,2015,67.16666666666667,-0.04063326903749609,0.3152502857487927
UBFC_PHYS_s14_T2_ctrl,0,2016,67.2,0.03472923338843556,-0.05461578577298463
UBFC_PHYS_s14_T2_ctrl,0,2017,67.23333333333333,0.05540046620218564,-0.4120154779614985
UBFC_PHYS_s14_T2_ctrl,0,2018,67.26666666666667,0.0480471559664232,-0.7310406746621406
UBFC_PHYS_s14_T2_ctrl,0,2019,67.3,0.04336362554685502,-0.9787053935712394
UBFC_PHYS_s14_T2_ctrl,0,2020,67.33333333333333,0.10512669202779762,-1.120938173529578
UBFC_PHYS_s14_T2_ctrl,0,2021,67.36666666666666,0.290204946997206,-1.1217792428294717
UBFC_PHYS_s14_T2_ctrl,0,2022,67.4,0.5821081595427583,-0.9655228085013334
UBFC_PHYS_s14_T2_ctrl,0,2023,67.43333333333334,0.896104242204501,-0.6571583344980688
UBFC_PHYS_s14_T2_ctrl,0,2024,67.46666666666667,1.159781697977794,-0.24161784574772854
UBFC_PHYS_s14_T2_ctrl,0,2025,67.5,1.3660247218905952,0.1953093650399894
UBFC_PHYS_s14_T2_ctrl,0,2026,67.53333333333333,1.5319563332054797,0.5837303234339173
UBFC_PHYS_s14_T2_ctrl,0,2027,67.56666666666666,1.6245341810123926,0.8685294945383037
UBFC_PHYS_s14_T2_ctrl,0,2028,67.6,1.554690793387476,1.0223128410926545
UBFC_PHYS_s14_T2_ctrl,0,2029,67.63333333333334,1.2539962299029581,1.0441565408332267
UBFC_PHYS_s14_T2_ctrl,0,2030,67.66666666666667,0.7530672991214411,0.9485841757143036
UBFC_PHYS_s14_T2_ctrl,0,2031,67.7,0.17926315957639918,0.7649970091027931
UBFC_PHYS_s14_T2_ctrl,0,2032,67.73333333333333,-0.3240172454957681,0.5166520291451384
UBFC_PHYS_s14_T2_ctrl,0,2033,67.76666666666667,-0.6759661465020467,0.2213180983276486
UBFC_PHYS_s14_T2_ctrl,0,2034,67.8,-0.8703607265686769,-0.10557869312998773
UBFC_PHYS_s14_T2_ctrl,0,2035,67.83333333333333,-0.935687298165605,-0.449269780933263
UBFC_PHYS_s14_T2_ctrl,0,2036,67.86666666666666,-0.901678050312839,-0.777298530622091
UBFC_PHYS_s14_T2_ctrl,0,2037,67.9,-0.8002216415359454,-1.037981153823059
UBFC_PHYS_s14_T2_ctrl,0,2038,67.93333333333334,-0.6772597518844435,-1.1851657926276666
UBFC_PHYS_s14_T2_ctrl,0,2039,67.96666666666667,-0.5828563954794419,-1.1776895590197545
UBFC_PHYS_s14_T2_ctrl,0,2040,68.0,-0.5416541864441223,-1.0053561809424236
UBFC_PHYS_s14_T2_ctrl,0,2041,68.03333333333333,-0.535192987676547,-0.6892879605353459
UBFC_PHYS_s14_T2_ctrl,0,2042,68.06666666666666,-0.5171434257252855,-0.2732956730484843
UBFC_PHYS_s14_T2_ctrl,0,2043,68.1,-0.44904559317943427,0.17510578491348475
UBFC_PHYS_s14_T2_ctrl,0,2044,68.13333333333334,-0.32422259821131133,0.5841403411993351
UBFC_PHYS_s14_T2_ctrl,0,2045,68.16666666666667,-0.16440123784733995,0.8766080453218805
UBFC_PHYS_s14_T2_ctrl,0,2046,68.2,-0.00362461299394381,1.0193625968174753
UBFC_PHYS_s14_T2_ctrl,0,2047,68.23333333333333,0.12690377982932394,1.0221539479500736
UBFC_PHYS_s14_T2_ctrl,0,2048,68.26666666666667,0.21299908364924747,0.9116969397933546
UBFC_PHYS_s14_T2_ctrl,0,2049,68.3,0.26033410597311823,0.7308705324600645
UBFC_PHYS_s14_T2_ctrl,0,2050,68.33333333333333,0.28010366056981295,0.5048599194073988
UBFC_PHYS_s14_T2_ctrl,0,2051,68.36666666666666,0.2788020630907546,0.24172316157849644
UBFC_PHYS_s14_T2_ctrl,0,2052,68.4,0.2620896097659314,-0.04530677084833762
UBFC_PHYS_s14_T2_ctrl,0,2053,68.43333333333334,0.2378966622002184,-0.33631462029635406
UBFC_PHYS_s14_T2_ctrl,0,2054,68.46666666666667,0.21574096560068545,-0.6025443912709552
UBFC_PHYS_s14_T2_ctrl,0,2055,68.5,0.20682009728862252,-0.8051361725155111
UBFC_PHYS_s14_T2_ctrl,0,2056,68.53333333333333,0.21850089515896368,-0.9137872454999847
UBFC_PHYS_s14_T2_ctrl,0,2057,68.56666666666666,0.24621131710406233,-0.9061674665879703
UBFC_PHYS_s14_T2_ctrl,0,2058,68.6,0.2761068257766482,-0.7710417590057179
UBFC_PHYS_s14_T2_ctrl,0,2059,68.63333333333334,0.29507796614272497,-0.5086450990550793
UBFC_PHYS_s14_T2_ctrl,0,2060,68.66666666666667,0.2948173373309583,-0.15130027438173327
UBFC_PHYS_s14_T2_ctrl,0,2061,68.7,0.27004773261187753,0.23563400318236905
UBFC_PHYS_s14_T2_ctrl,0,2062,68.73333333333333,0.21828076817327097,0.579082247666488
UBFC_PHYS_s14_T2_ctrl,0,2063,68.76666666666667,0.14060271247196712,0.7975857321760711
UBFC_PHYS_s14_T2_ctrl,0,2064,68.8,0.04056454536928402,0.865034172646821
UBFC_PHYS_s14_T2_ctrl,0,2065,68.83333333333333,-0.07587565456253514,0.8098563192567108
UBFC_PHYS_s14_T2_ctrl,0,2066,68.86666666666666,-0.19883441691053708,0.6666008587112012
UBFC_PHYS_s14_T2_ctrl,0,2067,68.9,-0.31580506686468157,0.4753461442352632
UBFC_PHYS_s14_T2_ctrl,0,2068,68.93333333333334,-0.41422009039282837,0.2633496337955656
UBFC_PHYS_s14_T2_ctrl,0,2069,68.96666666666667,-0.4805037963982658,0.045648688428898174
UBFC_PHYS_s14_T2_ctrl,0,2070,69.0,-0.4995155587218398,-0.1593414096559787
UBFC_PHYS_s14_T2_ctrl,0,2071,69.03333333333333,-0.46147313933857664,-0.32877845862807126
UBFC_PHYS_s14_T2_ctrl,0,2072,69.06666666666666,-0.37278087274034116,-0.45036432269108617
UBFC_PHYS_s14_T2_ctrl,0,2073,69.1,-0.2587196200157853,-0.5214652394859419
UBFC_PHYS_s14_T2_ctrl,0,2074,69.13333333333334,-0.15134067525986686,-0.5383344658868182
UBFC_PHYS_s14_T2_ctrl,0,2075,69.16666666666667,-0.06971532444326692,-0.49569443742550834
UBFC_PHYS_s14_T2_ctrl,0,2076,69.2,-0.010466868244246884,-0.3892674183443865
UBFC_PHYS_s14_T2_ctrl,0,2077,69.23333333333333,0.04133975140156811,-0.21619433294058044
UBFC_PHYS_s14_T2_ctrl,0,2078,69.26666666666667,0.09423547679754654,0.0019645322419012123
UBFC_PHYS_s14_T2_ctrl,0,2079,69.3,0.14437993925850068,0.21861285227214963
UBFC_PHYS_s14_T2_ctrl,0,2080,69.33333333333333,0.18106070541133712,0.39265506720821003
UBFC_PHYS_s14_T2_ctrl,0,2081,69.36666666666666,0.19423317396906178,0.48812263688281626
UBFC_PHYS_s14_T2_ctrl,0,2082,69.4,0.1827305690826524,0.48727061868271365
UBFC_PHYS_s14_T2_ctrl,0,2083,69.43333333333334,0.15888167220660399,0.39039219681546333
UBFC_PHYS_s14_T2_ctrl,0,2084,69.46666666666667,0.14153242011996184,0.208012710978334
UBFC_PHYS_s14_T2_ctrl,0,2085,69.5,0.14223154476220173,-0.03873957695563237
UBFC_PHYS_s14_T2_ctrl,0,2086,69.53333333333333,0.157200780980525,-0.3209831609708402
UBFC_PHYS_s14_T2_ctrl,0,2087,69.56666666666666,0.17072277740231004,-0.6011759461473009
UBFC_PHYS_s14_T2_ctrl,0,2088,69.6,0.16668952375564175,-0.8350439010687966
UBFC_PHYS_s14_T2_ctrl,0,2089,69.63333333333334,0.13842855537479476,-0.9708870273819832
UBFC_PHYS_s14_T2_ctrl,0,2090,69.66666666666667,0.08902805553062346,-0.9881752799743249
UBFC_PHYS_s14_T2_ctrl,0,2091,69.7,0.027338156302899992,-0.897214064203112
UBFC_PHYS_s14_T2_ctrl,0,2092,69.73333333333333,-0.03236346584824958,-0.7085210910105946
UBFC_PHYS_s14_T2_ctrl,0,2093,69.76666666666667,-0.07319320057456857,-0.4332289889266867
UBFC_PHYS_s14_T2_ctrl,0,2094,69.8,-0.08646105169584761,-0.09376642230395141
UBFC_PHYS_s14_T2_ctrl,0,2095,69.83333333333333,-0.07602602098907572,0.27476114371465776
UBFC_PHYS_s14_T2_ctrl,0,2096,69.86666666666666,-0.04838976868413134,0.6216250106580643
UBFC_PHYS_s14_T2_ctrl,0,2097,69.9,-0.006500889048846662,0.8792475087644623
UBFC_PHYS_s14_T2_ctrl,0,2098,69.93333333333334,0.04511600906980266,1.028533146710064
UBFC_PHYS_s14_T2_ctrl,0,2099,69.96666666666667,0.09982038936894289,1.097543065024274
UBFC_PHYS_s14_T2_ctrl,0,2100,70.0,0.15443251769907967,1.0956864064515301
UBFC_PHYS_s14_T2_ctrl,0,2101,70.03333333333333,0.20508563934349905,1.0129493456883478
UBFC_PHYS_s14_T2_ctrl,0,2102,70.06666666666666,0.2371659921314252,0.8594393595664446
UBFC_PHYS_s14_T2_ctrl,0,2103,70.1,0.22854195043996364,0.6657097875335333
UBFC_PHYS_s14_T2_ctrl,0,2104,70.13333333333334,0.16678715319451465,0.4686532444721878
UBFC_PHYS_s14_T2_ctrl,0,2105,70.16666666666667,0.06299042832385891,0.311877916573117
UBFC_PHYS_s14_T2_ctrl,0,2106,70.2,-0.054275541680063225,0.20233591927821265
UBFC_PHYS_s14_T2_ctrl,0,2107,70.23333333333333,-0.1644456222699314,0.11132088019962123
UBFC_PHYS_s14_T2_ctrl,0,2108,70.26666666666667,-0.2693854507452562,0.022137187095411057
UBFC_PHYS_s14_T2_ctrl,0,2109,70.3,-0.36915506156163436,-0.06867666727474835
UBFC_PHYS_s14_T2_ctrl,0,2110,70.33333333333333,-0.4340490138618295,-0.16094871445131742
UBFC_PHYS_s14_T2_ctrl,0,2111,70.36666666666666,-0.4278510723706424,-0.2501316539048456
UBFC_PHYS_s14_T2_ctrl,0,2112,70.4,-0.3558861054793673,-0.34170303931086526
UBFC_PHYS_s14_T2_ctrl,0,2113,70.43333333333334,-0.26453735196119066,-0.45027689881999566
UBFC_PHYS_s14_T2_ctrl,0,2114,70.46666666666667,-0.1904338683814073,-0.5676528940141597
UBFC_PHYS_s14_T2_ctrl,0,2115,70.5,-0.1303153753949683,-0.6621972850566118
UBFC_PHYS_s14_T2_ctrl,0,2116,70.53333333333333,-0.07017055374432911,-0.7155358566343574
UBFC_PHYS_s14_T2_ctrl,0,2117,70.56666666666666,-0.02604754751371639,-0.7223507048465321
UBFC_PHYS_s14_T2_ctrl,0,2118,70.6,-0.03111781612421744,-0.688533552561585
UBFC_PHYS_s14_T2_ctrl,0,2119,70.63333333333334,-0.08176150496026906,-0.6309396643971336
UBFC_PHYS_s14_T2_ctrl,0,2120,70.66666666666667,-0.11832336028107024,-0.5696129881432289
UBFC_PHYS_s14_T2_ctrl,0,2121,70.7,-0.07449200768425114,-0.5276237250726858
UBFC_PHYS_s14_T2_ctrl,0,2122,70.73333333333333,0.058990312928941635,-0.514859619369164
UBFC_PHYS_s14_T2_ctrl,0,2123,70.76666666666667,0.2270229450710901,-0.5280730585008958
UBFC_PHYS_s14_T2_ctrl,0,2124,70.8,0.35991995387999987,-0.5424073238910526
UBFC_PHYS_s14_T2_ctrl,0,2125,70.83333333333333,0.4230322362988779,-0.512073266311454
UBFC_PHYS_s14_T2_ctrl,0,2126,70.86666666666666,0.4250467733076928,-0.39119229465891425
UBFC_PHYS_s14_T2_ctrl,0,2127,70.9,0.3917979813900952,-0.13540707505115585
UBFC_PHYS_s14_T2_ctrl,0,2128,70.93333333333334,0.33783084886390635,0.24441036174935246
UBFC_PHYS_s14_T2_ctrl,0,2129,70.96666666666667,0.26253157284415257,0.6805610288345554
UBFC_PHYS_s14_T2_ctrl,0,2130,71.0,0.16828047598957974,1.080901278032654
UBFC_PHYS_s14_T2_ctrl,0,2131,71.03333333333333,0.07144908794668922,1.3282982367795606
UBFC_PHYS_s14_T2_ctrl,0,2132,71.06666666666666,-0.00928660621649287,1.379253418266668
UBFC_PHYS_s14_T2_ctrl,0,2133,71.1,-0.06652084526227967,1.2633222571077274
UBFC_PHYS_s14_T2_ctrl,0,2134,71.13333333333334,-0.09918392653166122,1.0256764484731844
UBFC_PHYS_s14_T2_ctrl,0,2135,71.16666666666667,-0.10387243945892288,0.7265910673354927
UBFC_PHYS_s14_T2_ctrl,0,2136,71.2,-0.08239627538472571,0.41261710125351253
UBFC_PHYS_s14_T2_ctrl,0,2137,71.23333333333333,-0.052045029897545544,0.11736128699091047
UBFC_PHYS_s14_T2_ctrl,0,2138,71.26666666666667,-0.0362681260243096,-0.14081295792657503
UBFC_PHYS_s14_T2_ctrl,0,2139,71.3,-0.04632998551382007,-0.3572037810418297
UBFC_PHYS_s14_T2_ctrl,0,2140,71.33333333333333,-0.0782211595038725,-0.5262586058415096
UBFC_PHYS_s14_T2_ctrl,0,2141,71.36666666666666,-0.12189188530818763,-0.6401768070158187
UBFC_PHYS_s14_T2_ctrl,0,2142,71.4,-0.16584746080481674,-0.6818015047315008
UBFC_PHYS_s14_T2_ctrl,0,2143,71.43333333333334,-0.19716417719229073,-0.6242856594939126
UBFC_PHYS_s14_T2_ctrl,0,2144,71.46666666666667,-0.20488503655014761,-0.4678395476719208
UBFC_PHYS_s14_T2_ctrl,0,2145,71.5,-0.1847550563068931,-0.24012517473339567
UBFC_PHYS_s14_T2_ctrl,0,2146,71.53333333333333,-0.14041642119144404,0.002324230794405066
UBFC_PHYS_s14_T2_ctrl,0,2147,71.56666666666666,-0.08150577120037783,0.17410901772368262
UBFC_PHYS_s14_T2_ctrl,0,2148,71.6,-0.019219261830340263,0.2300873087058407
UBFC_PHYS_s14_T2_ctrl,0,2149,71.63333333333334,0.03972366540943537,0.1654466540542449
UBFC_PHYS_s14_T2_ctrl,0,2150,71.66666666666667,0.09473548996254867,0.005094024453491011
UBFC_PHYS_s14_T2_ctrl,0,2151,71.7,0.14533859777169603,-0.1966028691277578
UBFC_PHYS_s14_T2_ctrl,0,2152,71.73333333333333,0.184632565717415,-0.3850198502372546
UBFC_PHYS_s14_T2_ctrl,0,2153,71.76666666666667,0.20035783592789283,-0.5054151396046898
UBFC_PHYS_s14_T2_ctrl,0,2154,71.8,0.18210716041574235,-0.5123242551417374
UBFC_PHYS_s14_T2_ctrl,0,2155,71.83333333333333,0.1285469723815417,-0.37002252026485805
UBFC_PHYS_s14_T2_ctrl,0,2156,71.86666666666666,0.0508273049759296,-0.11614154977601684
UBFC_PHYS_s14_T2_ctrl,0,2157,71.9,-0.03023793606493891,0.13837670671122446
UBFC_PHYS_s14_T2_ctrl,0,2158,71.93333333333334,-0.09228503306888308,0.31553585661482747
UBFC_PHYS_s14_T2_ctrl,0,2159,71.96666666666667,-0.11809232990542085,0.37068920300504965
UBFC_PHYS_s14_T2_ctrl,0,2160,72.0,-0.09845912707659041,0.3108628539964715
UBFC_PHYS_s14_T2_ctrl,0,2161,72.03333333333333,-0.03720528686885676,0.19414140084183204
UBFC_PHYS_s14_T2_ctrl,0,2162,72.06666666666666,0.0443316784997308,0.07033945465752302
UBFC_PHYS_s14_T2_ctrl,0,2163,72.1,0.11429482815413732,-0.01960829390005378
UBFC_PHYS_s14_T2_ctrl,0,2164,72.13333333333334,0.145466252401854,-0.046937002828017244
UBFC_PHYS_s14_T2_ctrl,0,2165,72.16666666666667,0.12579126318573575,0.004761297860320542
UBFC_PHYS_s14_T2_ctrl,0,2166,72.2,0.06069563548438946,0.12466647145737945
UBFC_PHYS_s14_T2_ctrl,0,2167,72.23333333333333,-0.03227908555407083,0.27467905668636505
UBFC_PHYS_s14_T2_ctrl,0,2168,72.26666666666667,-0.13388974435295126,0.3974942932505791
UBFC_PHYS_s14_T2_ctrl,0,2169,72.3,-0.22748920470652956,0.41719685534935425
UBFC_PHYS_s14_T2_ctrl,0,2170,72.33333333333333,-0.2949308923733106,0.32789983118169685
UBFC_PHYS_s14_T2_ctrl,0,2171,72.36666666666666,-0.31874155094751383,0.1938030497975724
UBFC_PHYS_s14_T2_ctrl,0,2172,72.4,-0.29336611815146013,0.06539105294610661
UBFC_PHYS_s14_T2_ctrl,0,2173,72.43333333333334,-0.23055743425699135,-0.021020406272792072
UBFC_PHYS_s14_T2_ctrl,0,2174,72.46666666666667,-0.15202912891203196,-0.038589390326485604
UBFC_PHYS_s14_T2_ctrl,0,2175,72.5,-0.07537045166570355,0.02994636560775822
UBFC_PHYS_s14_T2_ctrl,0,2176,72.53333333333333,-0.005404356607329321,0.16355914178561426
UBFC_PHYS_s14_T2_ctrl,0,2177,72.56666666666666,0.056995104621057543,0.30309946885784356
UBFC_PHYS_s14_T2_ctrl,0,2178,72.6,0.10018140134651532,0.38909696196717114
UBFC_PHYS_s14_T2_ctrl,0,2179,72.63333333333334,0.10995752593411978,0.36252841558922716
UBFC_PHYS_s14_T2_ctrl,0,2180,72.66666666666667,0.09483329741356035,0.219017639376177
UBFC_PHYS_s14_T2_ctrl,0,2181,72.7,0.08679775175562707,0.009202677639275151
UBFC_PHYS_s14_T2_ctrl,0,2182,72.73333333333333,0.10987722379179699,-0.22259044786196136
UBFC_PHYS_s14_T2_ctrl,0,2183,72.76666666666667,0.1608356297259085,-0.43808011331331265
UBFC_PHYS_s14_T2_ctrl,0,2184,72.8,0.22506121004683116,-0.6247521456723808
UBFC_PHYS_s14_T2_ctrl,0,2185,72.83333333333333,0.29542518205292173,-0.7946502959259636
UBFC_PHYS_s14_T2_ctrl,0,2186,72.86666666666666,0.370746437062536,-0.944265092713127
UBFC_PHYS_s14_T2_ctrl,0,2187,72.9,0.4468911938171526,-1.0534113322671246
UBFC_PHYS_s14_T2_ctrl,0,2188,72.93333333333334,0.5061944505168468,-1.094299244576267
UBFC_PHYS_s14_T2_ctrl,0,2189,72.96666666666667,0.5096546259192725,-1.0315685102252758
UBFC_PHYS_s14_T2_ctrl,0,2190,73.0,0.41655740483487946,-0.8556274992605191
UBFC_PHYS_s14_T2_ctrl,0,2191,73.03333333333333,0.2242955235567432,-0.5834144568996523
UBFC_PHYS_s14_T2_ctrl,0,2192,73.06666666666666,-0.02385195178260391,-0.23266536928755402
UBFC_PHYS_s14_T2_ctrl,0,2193,73.1,-0.2723855212131747,0.17659728841187072
UBFC_PHYS_s14_T2_ctrl,0,2194,73.13333333333334,-0.479639710494557,0.5909986945065488
UBFC_PHYS_s14_T2_ctrl,0,2195,73.16666666666667,-0.6187787130752566,0.9223629208600038
UBFC_PHYS_s14_T2_ctrl,0,2196,73.2,-0.6770375830864294,1.115163772766064
UBFC_PHYS_s14_T2_ctrl,0,2197,73.23333333333333,-0.6571033595382275,1.1457016172022159
UBFC_PHYS_s14_T2_ctrl,0,2198,73.26666666666667,-0.5720952934617696,1.0359613900180957
UBFC_PHYS_s14_T2_ctrl,0,2199,73.3,-0.4413901962806658,0.8527264024890473
UBFC_PHYS_s14_T2_ctrl,0,2200,73.33333333333333,-0.28925765581129803,0.6520235329841357
UBFC_PHYS_s14_T2_ctrl,0,2201,73.36666666666666,-0.1365620613257035,0.4788085281157354
UBFC_PHYS_s14_T2_ctrl,0,2202,73.4,0.00812881607496925,0.36455322168546905
UBFC_PHYS_s14_T2_ctrl,0,2203,73.43333333333334,0.1428552752276047,0.3275889539463569
UBFC_PHYS_s14_T2_ctrl,0,2204,73.46666666666667,0.258206398038883,0.34487641305188754
UBFC_PHYS_s14_T2_ctrl,0,2205,73.5,0.3355205613577898,0.35296366170421806
UBFC_PHYS_s14_T2_ctrl,0,2206,73.53333333333333,0.36097934391868713,0.3143939995313791
UBFC_PHYS_s14_T2_ctrl,0,2207,73.56666666666666,0.33704426334457316,0.21877158814569303
UBFC_PHYS_s14_T2_ctrl,0,2208,73.6,0.2792059844786009,0.0756473846115363
UBFC_PHYS_s14_T2_ctrl,0,2209,73.63333333333334,0.20625754737203614,-0.08501899986926968
UBFC_PHYS_s14_T2_ctrl,0,2210,73.66666666666667,0.1324307232902985,-0.24331152813214713
UBFC_PHYS_s14_T2_ctrl,0,2211,73.7,0.06274094456550322,-0.38872999524048824
UBFC_PHYS_s14_T2_ctrl,0,2212,73.73333333333333,-0.005046585224914867,-0.518930301413248
UBFC_PHYS_s14_T2_ctrl,0,2213,73.76666666666667,-0.07296729878751428,-0.6387103738806936
UBFC_PHYS_s14_T2_ctrl,0,2214,73.8,-0.13712358163806745,-0.7467692978002431
UBFC_PHYS_s14_T2_ctrl,0,2215,73.83333333333333,-0.1851623117866625,-0.8348656113413151
UBFC_PHYS_s14_T2_ctrl,0,2216,73.86666666666666,-0.1982358886060413,-0.9020821239757522
UBFC_PHYS_s14_T2_ctrl,0,2217,73.9,-0.16296419696448267,-0.9542247404591405
UBFC_PHYS_s14_T2_ctrl,0,2218,73.93333333333334,-0.08589885259236621,-0.9832359500434533
UBFC_PHYS_s14_T2_ctrl,0,2219,73.96666666666667,0.00665776248364992,-0.9670838322151489
UBFC_PHYS_s14_T2_ctrl,0,2220,74.0,0.08387022240953658,-0.876754818890752
UBFC_PHYS_s14_T2_ctrl,0,2221,74.03333333333333,0.12626942013493897,-0.6772605246522432
UBFC_PHYS_s14_T2_ctrl,0,2222,74.06666666666666,0.1334127379645761,-0.37102824087431735
UBFC_PHYS_s14_T2_ctrl,0,2223,74.1,0.12042020512709264,0.0006660029895860925
UBFC_PHYS_s14_T2_ctrl,0,2224,74.13333333333334,0.10426592616143306,0.3880722813140006
UBFC_PHYS_s14_T2_ctrl,0,2225,74.16666666666667,0.09076905290427711,0.7316546466669899
UBFC_PHYS_s14_T2_ctrl,0,2226,74.2,0.07480523195298079,0.9929172575683735
UBFC_PHYS_s14_T2_ctrl,0,2227,74.23333333333333,0.05071053090694402,1.1529721941336584
UBFC_PHYS_s14_T2_ctrl,0,2228,74.26666666666667,0.019929072012956097,1.2051121909291842
UBFC_PHYS_s14_T2_ctrl,0,2229,74.3,-0.008942167874077282,1.1537907369189215
UBFC_PHYS_s14_T2_ctrl,0,2230,74.33333333333333,-0.024905036719326958,1.016450603332016
UBFC_PHYS_s14_T2_ctrl,0,2231,74.36666666666666,-0.022153658161738175,0.8233431512016524
UBFC_PHYS_s14_T2_ctrl,0,2232,74.4,-0.006121479251219121,0.592841156315391
UBFC_PHYS_s14_T2_ctrl,0,2233,74.43333333333334,0.009705414586229578,0.3322705954184136
UBFC_PHYS_s14_T2_ctrl,0,2234,74.46666666666667,0.01541527321899693,0.053374536539109216
UBFC_PHYS_s14_T2_ctrl,0,2235,74.5,0.011680753771665756,-0.22615878382194926
UBFC_PHYS_s14_T2_ctrl,0,2236,74.53333333333333,0.003612209215197131,-0.4722116175210022
UBFC_PHYS_s14_T2_ctrl,0,2237,74.56666666666666,-0.008348213769193182,-0.6331999324224892
UBFC_PHYS_s14_T2_ctrl,0,2238,74.6,-0.027480137439631565,-0.6754311108230608
UBFC_PHYS_s14_T2_ctrl,0,2239,74.63333333333334,-0.05387868182170894,-0.5828925793776586
UBFC_PHYS_s14_T2_ctrl,0,2240,74.66666666666667,-0.08061216985374782,-0.3841754330975755
UBFC_PHYS_s14_T2_ctrl,0,2241,74.7,-0.09536403826608385,-0.1522787458175286
UBFC_PHYS_s14_T2_ctrl,0,2242,74.73333333333333,-0.09004231930612311,0.06562038250530448
UBFC_PHYS_s14_T2_ctrl,0,2243,74.76666666666667,-0.07237839902050403,0.24790222204942142
UBFC_PHYS_s14_T2_ctrl,0,2244,74.8,-0.061991832178940796,0.36671969832798534
UBFC_PHYS_s14_T2_ctrl,0,2245,74.83333333333333,-0.07209567113372355,0.3875326591082148
UBFC_PHYS_s14_T2_ctrl,0,2246,74.86666666666666,-0.09975658163799771,0.29707991027163927
UBFC_PHYS_s14_T2_ctrl,0,2247,74.9,-0.12922976897308222,0.10364852392961885
UBFC_PHYS_s14_T2_ctrl,0,2248,74.93333333333334,-0.13493428351526668,-0.15492037044708318
UBFC_PHYS_s14_T2_ctrl,0,2249,74.96666666666667,-0.08970086269582143,-0.41090291751235936
UBFC_PHYS_s14_T2_ctrl,0,2250,75.0,0.010614832923000132,-0.6064267946447349
UBFC_PHYS_s14_T2_ctrl,0,2251,75.03333333333333,0.13059830396326558,-0.6932767574774304
UBFC_PHYS_s14_T2_ctrl,0,2252,75.06666666666666,0.2177236557073145,-0.6340876102171368
UBFC_PHYS_s14_T2_ctrl,0,2253,75.1,0.2416302330576873,-0.4027772686073189
UBFC_PHYS_s14_T2_ctrl,0,2254,75.13333333333334,0.2058861392268985,-0.04136182162170479
UBFC_PHYS_s14_T2_ctrl,0,2255,75.16666666666667,0.13221416481154613,0.3396120749978085
UBFC_PHYS_s14_T2_ctrl,0,2256,75.2,0.04387690125977431,0.6336944672620968
UBFC_PHYS_s14_T2_ctrl,0,2257,75.23333333333333,-0.043067852007412394,0.7388777936692768
UBFC_PHYS_s14_T2_ctrl,0,2258,75.26666666666667,-0.12325975839308695,0.6370397112509872
UBFC_PHYS_s14_T2_ctrl,0,2259,75.3,-0.1982986769464643,0.3937154677417074
UBFC_PHYS_s14_T2_ctrl,0,2260,75.33333333333333,-0.2683237568722794,0.07603149020750398
UBFC_PHYS_s14_T2_ctrl,0,2261,75.36666666666666,-0.32872674179552674,-0.24748534780373843
UBFC_PHYS_s14_T2_ctrl,0,2262,75.4,-0.3739766689304653,-0.5235161769937785
UBFC_PHYS_s14_T2_ctrl,0,2263,75.43333333333334,-0.40055403155769304,-0.7131729919011913
UBFC_PHYS_s14_T2_ctrl,0,2264,75.46666666666667,-0.4048717731638168,-0.7976827004166049
UBFC_PHYS_s14_T2_ctrl,0,2265,75.5,-0.3795996428365848,-0.7775786873499945
UBFC_PHYS_s14_T2_ctrl,0,2266,75.53333333333333,-0.3130700901799337,-0.6554132557358672
UBFC_PHYS_s14_T2_ctrl,0,2267,75.56666666666666,-0.19491013886090597,-0.4358419341747192
UBFC_PHYS_s14_T2_ctrl,0,2268,75.6,-0.02438820283698711,-0.13263740914417632
UBFC_PHYS_s14_T2_ctrl,0,2269,75.63333333333334,0.18791242511333842,0.23011866941913714
UBFC_PHYS_s14_T2_ctrl,0,2270,75.66666666666667,0.42448768229092015,0.6076084382419619
UBFC_PHYS_s14_T2_ctrl,0,2271,75.7,0.6618707128183398,0.9329572247739113
UBFC_PHYS_s14_T2_ctrl,0,2272,75.73333333333333,0.8701254184511319,1.1433744650034314
UBFC_PHYS_s14_T2_ctrl,0,2273,75.76666666666667,1.0212620939206125,1.1796262296718716
UBFC_PHYS_s14_T2_ctrl,0,2274,75.8,1.1047176378918402,1.0390946761477864
UBFC_PHYS_s14_T2_ctrl,0,2275,75.83333333333333,1.1324333703461056,0.7755987258182319
UBFC_PHYS_s14_T2_ctrl,0,2276,75.86666666666666,1.1204079538224154,0.4420487508900616
UBFC_PHYS_s14_T2_ctrl,0,2277,75.9,1.0633110698392112,0.09082532966982236
UBFC_PHYS_s14_T2_ctrl,0,2278,75.93333333333334,0.9358645542660092,-0.24134823264831187
UBFC_PHYS_s14_T2_ctrl,0,2279,75.96666666666667,0.721219427335231,-0.5319256886557904
UBFC_PHYS_s14_T2_ctrl,0,2280,76.0,0.4265863004378931,-0.761687908419622
UBFC_PHYS_s14_T2_ctrl,0,2281,76.03333333333333,0.0656126030756746,-0.9131919781138488
UBFC_PHYS_s14_T2_ctrl,0,2282,76.06666666666666,-0.36013107011023754,-0.9730719417149778
UBFC_PHYS_s14_T2_ctrl,0,2283,76.1,-0.8474464911708127,-0.9313205165520209
UBFC_PHYS_s14_T2_ctrl,0,2284,76.13333333333334,-1.3676847843655686,-0.7836880041568322
UBFC_PHYS_s14_T2_ctrl,0,2285,76.16666666666667,-1.866203272746929,-0.5320945427165991
UBFC_PHYS_s14_T2_ctrl,0,2286,76.2,-2.273311815794015,-0.18964639308850728
UBFC_PHYS_s14_T2_ctrl,0,2287,76.23333333333333,-2.5107000327647344,0.21793916625040405
UBFC_PHYS_s14_T2_ctrl,0,2288,76.26666666666667,-2.507180505537208,0.623887872830275
UBFC_PHYS_s14_T2_ctrl,0,2289,76.3,-2.2244733910217818,0.9193646981254442
UBFC_PHYS_s14_T2_ctrl,0,2290,76.33333333333333,-1.674240955990253,1.0369652184840523
UBFC_PHYS_s14_T2_ctrl,0,2291,76.36666666666666,-0.9219269015738415,0.9505286109678465
UBFC_PHYS_s14_T2_ctrl,0,2292,76.4,-0.07579612993044613,0.6785184564109201
UBFC_PHYS_s14_T2_ctrl,0,2293,76.43333333333334,0.740387102516627,0.28409547139439484
UBFC_PHYS_s14_T2_ctrl,0,2294,76.46666666666667,1.4151073843087252,-0.16466585399095318
UBFC_PHYS_s14_T2_ctrl,0,2295,76.5,1.8688411649569483,-0.5939302453446225
UBFC_PHYS_s14_T2_ctrl,0,2296,76.53333333333333,2.072907265268502,-0.9469191139823885
UBFC_PHYS_s14_T2_ctrl,0,2297,76.56666666666666,2.0545198533385705,-1.182493441153663
UBFC_PHYS_s14_T2_ctrl,0,2298,76.6,1.872419019541133,-1.2718125756769265
UBFC_PHYS_s14_T2_ctrl,0,2299,76.63333333333334,1.5851044727343737,-1.1975064743548558
UBFC_PHYS_s14_T2_ctrl,0,2300,76.66666666666667,1.2379950936694097,-0.9645021594472988
UBFC_PHYS_s14_T2_ctrl,0,2301,76.7,0.864385538790866,-0.6004490144224356
UBFC_PHYS_s14_T2_ctrl,0,2302,76.73333333333333,0.4875094523870977,-0.13770248196464246
UBFC_PHYS_s14_T2_ctrl,0,2303,76.76666666666667,0.12315460174182016,0.3849636312982972
UBFC_PHYS_s14_T2_ctrl,0,2304,76.8,-0.21599444443200114,0.9002869439361314
UBFC_PHYS_s14_T2_ctrl,0,2305,76.83333333333333,-0.515117752620745,1.3106795005099479
UBFC_PHYS_s14_T2_ctrl,0,2306,76.86666666666666,-0.7499446820534474,1.5558912393000128
UBFC_PHYS_s14_T2_ctrl,0,2307,76.9,-0.8846122573746749,1.6117894624209903
UBFC_PHYS_s14_T2_ctrl,0,2308,76.93333333333334,-0.8895356280223703,1.484444683046992
UBFC_PHYS_s14_T2_ctrl,0,2309,76.96666666666667,-0.770848289800181,1.2095590597958887
UBFC_PHYS_s14_T2_ctrl,0,2310,77.0,-0.576728898894397,0.829905637969452
UBFC_PHYS_s14_T2_ctrl,0,2311,77.03333333333333,-0.37007719936244543,0.3960900555869051
UBFC_PHYS_s14_T2_ctrl,0,2312,77.06666666666666,-0.19868406132290933,-0.04439208195705134
UBFC_PHYS_s14_T2_ctrl,0,2313,77.1,-0.08559036580872872,-0.44537446149256177
UBFC_PHYS_s14_T2_ctrl,0,2314,77.13333333333334,-0.031354799351572114,-0.7665024813928689
UBFC_PHYS_s14_T2_ctrl,0,2315,77.16666666666667,-0.020440626803245817,-0.971473748633477
UBFC_PHYS_s14_T2_ctrl,0,2316,77.2,-0.03175685744224211,-1.0507874283087915
UBFC_PHYS_s14_T2_ctrl,0,2317,77.23333333333333,-0.047052709597455944,-1.0205014019078624
UBFC_PHYS_s14_T2_ctrl,0,2318,77.26666666666667,-0.05303090678785179,-0.8923742948969888
UBFC_PHYS_s14_T2_ctrl,0,2319,77.3,-0.042284434865038203,-0.6737048560386341
UBFC_PHYS_s14_T2_ctrl,0,2320,77.33333333333333,-0.015353177429734534,-0.3995614895984073
UBFC_PHYS_s14_T2_ctrl,0,2321,77.36666666666666,0.020830017589968188,-0.13331382137675968
UBFC_PHYS_s14_T2_ctrl,0,2322,77.4,0.059480133972339824,0.07405637731006168
UBFC_PHYS_s14_T2_ctrl,0,2323,77.43333333333334,0.09863904313826291,0.1835257285745737
UBFC_PHYS_s14_T2_ctrl,0,2324,77.46666666666667,0.13745155719349347,0.1884165722657687
UBFC_PHYS_s14_T2_ctrl,0,2325,77.5,0.16863432216967195,0.11380023631570982
UBFC_PHYS_s14_T2_ctrl,0,2326,77.53333333333333,0.17813682865055916,-0.007694087614362674
UBFC_PHYS_s14_T2_ctrl,0,2327,77.56666666666666,0.1533530621073328,-0.13630102486641243
UBFC_PHYS_s14_T2_ctrl,0,2328,77.6,0.0911302273119618,-0.23645358834055302
UBFC_PHYS_s14_T2_ctrl,0,2329,77.63333333333334,0.00033163157329541004,-0.2769107944418507
UBFC_PHYS_s14_T2_ctrl,0,2330,77.66666666666667,-0.10028183373231886,-0.2453361108959453
UBFC_PHYS_s14_T2_ctrl,0,2331,77.7,-0.18708094498175604,-0.14839183164614267
UBFC_PHYS_s14_T2_ctrl,0,2332,77.73333333333333,-0.2369782807956756,-0.01430878947444563
UBFC_PHYS_s14_T2_ctrl,0,2333,77.76666666666667,-0.23190123273458413,0.10720307015192983
UBFC_PHYS_s14_T2_ctrl,0,2334,77.8,-0.1643717246587157,0.1992596055759822
UBFC_PHYS_s14_T2_ctrl,0,2335,77.83333333333333,-0.04340786360114294,0.2773929245249033
UBFC_PHYS_s14_T2_ctrl,0,2336,77.86666666666666,0.10634528129678383,0.35088193611148843
UBFC_PHYS_s14_T2_ctrl,0,2337,77.9,0.2548524862699796,0.4219081371542458
UBFC_PHYS_s14_T2_ctrl,0,2338,77.93333333333334,0.3775429120144147,0.48859632680492865
UBFC_PHYS_s14_T2_ctrl,0,2339,77.96666666666667,0.45851592573506506,0.5445545378228263
UBFC_PHYS_s14_T2_ctrl,0,2340,78.0,0.48832832634642337,0.58144896869191
UBFC_PHYS_s14_T2_ctrl,0,2341,78.03333333333333,0.46285847695821813,0.5888519442467184
UBFC_PHYS_s14_T2_ctrl,0,2342,78.06666666666666,0.3860195405692467,0.5492251867166141
UBFC_PHYS_s14_T2_ctrl,0,2343,78.1,0.2724802371370227,0.43839464017273183
UBFC_PHYS_s14_T2_ctrl,0,2344,78.13333333333334,0.1427441873673797,0.26242066587831114
UBFC_PHYS_s14_T2_ctrl,0,2345,78.16666666666667,0.012864761690633077,0.05825130934086327
UBFC_PHYS_s14_T2_ctrl,0,2346,78.2,-0.10759418008645757,-0.14290391568393226
UBFC_PHYS_s14_T2_ctrl,0,2347,78.23333333333333,-0.20899472805106367,-0.3149700888022694
UBFC_PHYS_s14_T2_ctrl,0,2348,78.26666666666667,-0.28394073675227693,-0.4559775634967228
UBFC_PHYS_s14_T2_ctrl,0,2349,78.3,-0.34034768540938404,-0.5868451990289396
UBFC_PHYS_s14_T2_ctrl,0,2350,78.33333333333333,-0.4014185055370851,-0.7012179300878847
UBFC_PHYS_s14_T2_ctrl,0,2351,78.36666666666666,-0.48338758687204486,-0.7646766816662989
UBFC_PHYS_s14_T2_ctrl,0,2352,78.4,-0.5773017613988489,-0.7393461430377393
UBFC_PHYS_s14_T2_ctrl,0,2353,78.43333333333334,-0.6563010890723529,-0.5845049073452101
UBFC_PHYS_s14_T2_ctrl,0,2354,78.46666666666667,-0.6933090996840254,-0.3016552607290104
UBFC_PHYS_s14_T2_ctrl,0,2355,78.5,-0.665913433279181,0.06442611239041522
UBFC_PHYS_s14_T2_ctrl,0,2356,78.53333333333333,-0.5527912625416825,0.43040564264909403
UBFC_PHYS_s14_T2_ctrl,0,2357,78.56666666666666,-0.3411455267838334,0.6741756169796266
UBFC_PHYS_s14_T2_ctrl,0,2358,78.6,-0.0459941160488845,0.739570553619656
UBFC_PHYS_s14_T2_ctrl,0,2359,78.63333333333334,0.2806545461681187,0.6362345902541093
UBFC_PHYS_s14_T2_ctrl,0,2360,78.66666666666667,0.567312648792437,0.40194078718035225
UBFC_PHYS_s14_T2_ctrl,0,2361,78.7,0.7554077737772473,0.10223141245586488
UBFC_PHYS_s14_T2_ctrl,0,2362,78.73333333333333,0.8200727789125559,-0.20483443956910763
UBFC_PHYS_s14_T2_ctrl,0,2363,78.76666666666667,0.7689505864270959,-0.46822566577964625
UBFC_PHYS_s14_T2_ctrl,0,2364,78.8,0.6292857948182502,-0.6600103293514002
UBFC_PHYS_s14_T2_ctrl,0,2365,78.83333333333333,0.43620448320955185,-0.774301057025884
UBFC_PHYS_s14_T2_ctrl,0,2366,78.86666666666666,0.22711414141623734,-0.8168525066830459
UBFC_PHYS_s14_T2_ctrl,0,2367,78.9,0.039094128279434925,-0.8041132201304133
UBFC_PHYS_s14_T2_ctrl,0,2368,78.93333333333334,-0.09774099182789045,-0.7328688632185362
UBFC_PHYS_s14_T2_ctrl,0,2369,78.96666666666667,-0.1713840181202544,-0.5804697740899757
UBFC_PHYS_s14_T2_ctrl,0,2370,79.0,-0.19227908512466468,-0.34124100139455993
UBFC_PHYS_s14_T2_ctrl,0,2371,79.03333333333333,-0.18182907329713838,-0.027784277037696804
UBFC_PHYS_s14_T2_ctrl,0,2372,79.06666666666666,-0.1554436583808106,0.32812030911045
UBFC_PHYS_s14_T2_ctrl,0,2373,79.1,-0.11990714837628666,0.6741413542485105
UBFC_PHYS_s14_T2_ctrl,0,2374,79.13333333333334,-0.08494615118601898,0.9723014199762008
UBFC_PHYS_s14_T2_ctrl,0,2375,79.16666666666667,-0.0675420071359038,1.1975612469287051
UBFC_PHYS_s14_T2_ctrl,0,2376,79.2,-0.07936414144015215,1.3302944376733679
UBFC_PHYS_s14_T2_ctrl,0,2377,79.23333333333333,-0.11346194670999868,1.3552270198008052
UBFC_PHYS_s14_T2_ctrl,0,2378,79.26666666666667,-0.14641014299462574,1.2773216806345873
UBFC_PHYS_s14_T2_ctrl,0,2379,79.3,-0.15304366126960142,1.1214664555013183
UBFC_PHYS_s14_T2_ctrl,0,2380,79.33333333333333,-0.12107221971108764,0.8972682274399151
UBFC_PHYS_s14_T2_ctrl,0,2381,79.36666666666666,-0.0549751550295197,0.5999235096098271
UBFC_PHYS_s14_T2_ctrl,0,2382,79.4,0.03147688123002258,0.23567338697164197
UBFC_PHYS_s14_T2_ctrl,0,2383,79.43333333333334,0.12224702448554003,-0.17620131405167822
UBFC_PHYS_s14_T2_ctrl,0,2384,79.46666666666667,0.19780214758248368,-0.6038666115599635
UBFC_PHYS_s14_T2_ctrl,0,2385,79.5,0.23565807423505625,-1.000854029546594
UBFC_PHYS_s14_T2_ctrl,0,2386,79.53333333333333,0.22184922938178825,-1.330203757733869
UBFC_PHYS_s14_T2_ctrl,0,2387,79.56666666666666,0.1621827862788806,-1.562646894616789
UBFC_PHYS_s14_T2_ctrl,0,2388,79.6,0.07977446390654987,-1.66956473657695
UBFC_PHYS_s14_T2_ctrl,0,2389,79.63333333333334,0.0022886111415659893,-1.6221290641861281
UBFC_PHYS_s14_T2_ctrl,0,2390,79.66666666666667,-0.05137043816496678,-1.4053943766070436
UBFC_PHYS_s14_T2_ctrl,0,2391,79.7,-0.07831312041479743,-1.0190744307061872
UBFC_PHYS_s14_T2_ctrl,0,2392,79.73333333333333,-0.08970117152402432,-0.5130898980490504
UBFC_PHYS_s14_T2_ctrl,0,2393,79.76666666666667,-0.10216671204432223,0.011071250814814713
UBFC_PHYS_s14_T2_ctrl,0,2394,79.8,-0.12537504893361015,0.46265515102913735
UBFC_PHYS_s14_T2_ctrl,0,2395,79.83333333333333,-0.14978837141567367,0.7604515624656807
UBFC_PHYS_s14_T2_ctrl,0,2396,79.86666666666666,-0.15047508499876255,0.8768940068648743
UBFC_PHYS_s14_T2_ctrl,0,2397,79.9,-0.11285877563972212,0.8366608712033436
UBFC_PHYS_s14_T2_ctrl,0,2398,79.93333333333334,-0.050560417832031586,0.6860952507798519
UBFC_PHYS_s14_T2_ctrl,0,2399,79.96666666666667,0.010174769107212194,0.4920982560100851
UBFC_PHYS_s14_T2_ctrl,0,2400,80.0,0.055161804366281375,0.31566756426845566
UBFC_PHYS_s14_T2_ctrl,0,2401,80.03333333333333,0.08282032527270909,0.2114777240444792
UBFC_PHYS_s14_T2_ctrl,0,2402,80.06666666666666,0.0912571780239524,0.18718192900627645
UBFC_PHYS_s14_T2_ctrl,0,2403,80.1,0.07658935923245691,0.20389848987857967
UBFC_PHYS_s14_T2_ctrl,0,2404,80.13333333333334,0.03992586105537976,0.2344497821907192
UBFC_PHYS_s14_T2_ctrl,0,2405,80.16666666666667,-0.009060140823796865,0.2640014308171615
UBFC_PHYS_s14_T2_ctrl,0,2406,80.2,-0.053982343484698846,0.2783756687897117
UBFC_PHYS_s14_T2_ctrl,0,2407,80.23333333333333,-0.07881124892951537,0.26424018433984503
UBFC_PHYS_s14_T2_ctrl,0,2408,80.26666666666667,-0.07766342409004129,0.22252723107208355
UBFC_PHYS_s14_T2_ctrl,0,2409,80.3,-0.0583798733377288,0.16851528969932753
UBFC_PHYS_s14_T2_ctrl,0,2410,80.33333333333333,-0.03563978643108799,0.11347427127833613
UBFC_PHYS_s14_T2_ctrl,0,2411,80.36666666666666,-0.021121828455138776,0.06474795459153856
UBFC_PHYS_s14_T2_ctrl,0,2412,80.4,-0.018647173073101576,0.02393875776547176
UBFC_PHYS_s14_T2_ctrl,0,2413,80.43333333333334,-0.02404171703334743,-0.012759559485110934
UBFC_PHYS_s14_T2_ctrl,0,2414,80.46666666666667,-0.026873494672445562,-0.047930673417299126
UBFC_PHYS_s14_T2_ctrl,0,2415,80.5,-0.015129426879107453,-0.082562918670399
UBFC_PHYS_s14_T2_ctrl,0,2416,80.53333333333333,0.015894626616153217,-0.12015631223281026
UBFC_PHYS_s14_T2_ctrl,0,2417,80.56666666666666,0.05816001526259684,-0.16633684052252937
UBFC_PHYS_s14_T2_ctrl,0,2418,80.6,0.09805298982331426,-0.2231057542648596
UBFC_PHYS_s14_T2_ctrl,0,2419,80.63333333333334,0.12796528652874545,-0.2884171133238489
UBFC_PHYS_s14_T2_ctrl,0,2420,80.66666666666667,0.1463116976619631,-0.3560137486681349
UBFC_PHYS_s14_T2_ctrl,0,2421,80.7,0.14860636098870708,-0.41511193520207335
UBFC_PHYS_s14_T2_ctrl,0,2422,80.73333333333333,0.12701050781523004,-0.4538943760282087
UBFC_PHYS_s14_T2_ctrl,0,2423,80.76666666666667,0.08360532477606203,-0.45940809281322653
UBFC_PHYS_s14_T2_ctrl,0,2424,80.8,0.039167509571586,-0.42272419615505086
UBFC_PHYS_s14_T2_ctrl,0,2425,80.83333333333333,0.018010458610505736,-0.3391455765369895
UBFC_PHYS_s14_T2_ctrl,0,2426,80.86666666666666,0.023168325366357424,-0.21201183375728982
UBFC_PHYS_s14_T2_ctrl,0,2427,80.9,0.03624715656386981,-0.05319967876875378
UBFC_PHYS_s14_T2_ctrl,0,2428,80.93333333333334,0.03972761298399027,0.11595310480744755
UBFC_PHYS_s14_T2_ctrl,0,2429,80.96666666666667,0.026289125387623014,0.26412173890940976
UBFC_PHYS_s14_T2_ctrl,0,2430,81.0,-0.009908870774055693,0.3723281752407774
UBFC_PHYS_s14_T2_ctrl,0,2431,81.03333333333333,-0.07308814834586026,0.4334221817776813
UBFC_PHYS_s14_T2_ctrl,0,2432,81.06666666666666,-0.15701468966839432,0.4496313338108825
UBFC_PHYS_s14_T2_ctrl,0,2433,81.1,-0.24986838952454088,0.43205743991013507
UBFC_PHYS_s14_T2_ctrl,0,2434,81.13333333333334,-0.34628667267361485,0.3904106189977279
UBFC_PHYS_s14_T2_ctrl,0,2435,81.16666666666667,-0.44391346224300104,0.33285878599038615
UBFC_PHYS_s14_T2_ctrl,0,2436,81.2,-0.5245410238863151,0.2655145665708985
UBFC_PHYS_s14_T2_ctrl,0,2437,81.23333333333333,-0.5409317918732508,0.1926808212746527
UBFC_PHYS_s14_T2_ctrl,0,2438,81.26666666666667,-0.4365094172513859,0.1178254303920453
UBFC_PHYS_s14_T2_ctrl,0,2439,81.3,-0.19724852018264655,0.044017671119363055
UBFC_PHYS_s14_T2_ctrl,0,2440,81.33333333333333,0.12018032266318263,-0.02737297739815174
UBFC_PHYS_s14_T2_ctrl,0,2441,81.36666666666666,0.42402767347756215,-0.09617012495157531
UBFC_PHYS_s14_T2_ctrl,0,2442,81.4,0.642837329626586,-0.16151733098734555
UBFC_PHYS_s14_T2_ctrl,0,2443,81.43333333333334,0.7476396842781873,-0.22139272151733697
UBFC_PHYS_s14_T2_ctrl,0,2444,81.46666666666667,0.7474113320809268,-0.2785251406482328
UBFC_PHYS_s14_T2_ctrl,0,2445,81.5,0.6753484356019543,-0.33987282275748876
UBFC_PHYS_s14_T2_ctrl,0,2446,81.53333333333333,0.5660428460180646,-0.4043260049607031
UBFC_PHYS_s14_T2_ctrl,0,2447,81.56666666666666,0.4372476687541521,-0.4622915945598758
UBFC_PHYS_s14_T2_ctrl,0,2448,81.6,0.29275434886644125,-0.5019651627381194
UBFC_PHYS_s14_T2_ctrl,0,2449,81.63333333333334,0.1348913063403962,-0.509255057777529
UBFC_PHYS_s14_T2_ctrl,0,2450,81.66666666666667,-0.02968771948785164,-0.47088996298733
UBFC_PHYS_s14_T2_ctrl,0,2451,81.7,-0.18899516585119389,-0.3747547080660747
UBFC_PHYS_s14_T2_ctrl,0,2452,81.73333333333333,-0.32832768172963345,-0.2220614253278655
UBFC_PHYS_s14_T2_ctrl,0,2453,81.76666666666667,-0.4405330914113825,-0.028012652081760816
UBFC_PHYS_s14_T2_ctrl,0,2454,81.8,-0.5313953048801379,0.18535296272786722
UBFC_PHYS_s14_T2_ctrl,0,2455,81.83333333333333,-0.6042328416711483,0.38839702622138644
UBFC_PHYS_s14_T2_ctrl,0,2456,81.86666666666666,-0.6400626023538349,0.5602686658076494
UBFC_PHYS_s14_T2_ctrl,0,2457,81.9,-0.6044854786921351,0.6880485616997238
UBFC_PHYS_s14_T2_ctrl,0,2458,81.93333333333334,-0.48057929464204646,0.7643888153535288
UBFC_PHYS_s14_T2_ctrl,0,2459,81.96666666666667,-0.2943165659382366,0.7868183007064593
UBFC_PHYS_s14_T2_ctrl,0,2460,82.0,-0.10288270621102392,0.7580605520244633
UBFC_PHYS_s14_T2_ctrl,0,2461,82.03333333333333,0.04764164813063665,0.6858176432281293
UBFC_PHYS_s14_T2_ctrl,0,2462,82.06666666666666,0.15075519260190504,0.5779217001229627
UBFC_PHYS_s14_T2_ctrl,0,2463,82.1,0.22581337014165667,0.4426636182503764
UBFC_PHYS_s14_T2_ctrl,0,2464,82.13333333333334,0.2906074964896594,0.29103787111131857
UBFC_PHYS_s14_T2_ctrl,0,2465,82.16666666666667,0.3522682873430124,0.137441889818129
UBFC_PHYS_s14_T2_ctrl,0,2466,82.2,0.4067648129478614,-0.009629394345322131
UBFC_PHYS_s14_T2_ctrl,0,2467,82.23333333333333,0.43435053020399805,-0.14667677451877636
UBFC_PHYS_s14_T2_ctrl,0,2468,82.26666666666667,0.4034184761860104,-0.2760860233412331
UBFC_PHYS_s14_T2_ctrl,0,2469,82.3,0.29073657612981924,-0.4050303223306062
UBFC_PHYS_s14_T2_ctrl,0,2470,82.33333333333333,0.10092366185812705,-0.535658101180399
UBFC_PHYS_s14_T2_ctrl,0,2471,82.36666666666666,-0.13374801900957986,-0.664072961131926
UBFC_PHYS_s14_T2_ctrl,0,2472,82.4,-0.3680778323610113,-0.7833061347853142
UBFC_PHYS_s14_T2_ctrl,0,2473,82.43333333333334,-0.556541037074704,-0.8825828693023516
UBFC_PHYS_s14_T2_ctrl,0,2474,82.46666666666667,-0.6612757931230762,-0.9519454330980963
UBFC_PHYS_s14_T2_ctrl,0,2475,82.5,-0.6597598119777629,-0.9818392771167246
UBFC_PHYS_s14_T2_ctrl,0,2476,82.53333333333333,-0.5480233878829024,-0.9685494043297764
UBFC_PHYS_s14_T2_ctrl,0,2477,82.56666666666666,-0.33963070596700146,-0.9141298953906034
UBFC_PHYS_s14_T2_ctrl,0,2478,82.6,-0.06724730831195153,-0.8101891009516379
UBFC_PHYS_s14_T2_ctrl,0,2479,82.63333333333334,0.2210381183788812,-0.6385808344657852
UBFC_PHYS_s14_T2_ctrl,0,2480,82.66666666666667,0.48137560678497804,-0.3890917616231151
UBFC_PHYS_s14_T2_ctrl,0,2481,82.7,0.6930728084125573,-0.061039902952934474
UBFC_PHYS_s14_T2_ctrl,0,2482,82.73333333333333,0.8531547896080748,0.3242828915045466
UBFC_PHYS_s14_T2_ctrl,0,2483,82.76666666666667,0.9562310830738946,0.7217950230523698
UBFC_PHYS_s14_T2_ctrl,0,2484,82.8,0.9877924341361631,1.078116731487825
UBFC_PHYS_s14_T2_ctrl,0,2485,82.83333333333333,0.9351818723226974,1.3301892288124848
UBFC_PHYS_s14_T2_ctrl,0,2486,82.86666666666666,0.7969740159975293,1.447082005200637
UBFC_PHYS_s14_T2_ctrl,0,2487,82.9,0.579928276167355,1.4290269153905184
UBFC_PHYS_s14_T2_ctrl,0,2488,82.93333333333334,0.29358587113289847,1.2995210796400112
UBFC_PHYS_s14_T2_ctrl,0,2489,82.96666666666667,-0.04092994091765916,1.1047557459832327
UBFC_PHYS_s14_T2_ctrl,0,2490,83.0,-0.3712966286609925,0.8814223150632802
UBFC_PHYS_s14_T2_ctrl,0,2491,83.03333333333333,-0.6137874356720097,0.6570569478976909
UBFC_PHYS_s14_T2_ctrl,0,2492,83.06666666666666,-0.6917021077575259,0.4391491552513996
UBFC_PHYS_s14_T2_ctrl,0,2493,83.1,-0.5895363351159254,0.21656620102210522
UBFC_PHYS_s14_T2_ctrl,0,2494,83.13333333333334,-0.37727498403904286,-0.011055208689082108
UBFC_PHYS_s14_T2_ctrl,0,2495,83.16666666666667,-0.1731342061818702,-0.23165274935502378
UBFC_PHYS_s14_T2_ctrl,0,2496,83.2,-0.06845275809698487,-0.4321858803968346
UBFC_PHYS_s14_T2_ctrl,0,2497,83.23333333333333,-0.09135139789908142,-0.5973728844916089
UBFC_PHYS_s14_T2_ctrl,0,2498,83.26666666666667,-0.23581963024755712,-0.7280336464583519
UBFC_PHYS_s14_T2_ctrl,0,2499,83.3,-0.48916135096063096,-0.8398292228913306
UBFC_PHYS_s14_T2_ctrl,0,2500,83.33333333333333,-0.816499865905957,-0.938924080478469
UBFC_PHYS_s14_T2_ctrl,0,2501,83.36666666666666,-1.1422346799679328,-1.0209696311918484
UBFC_PHYS_s14_T2_ctrl,0,2502,83.4,-1.362230220101158,-1.0749988604138172
UBFC_PHYS_s14_T2_ctrl,0,2503,83.43333333333334,-1.384187145782986,-1.0831393429580352
UBFC_PHYS_s14_T2_ctrl,0,2504,83.46666666666667,-1.180431027665863,-1.0314476956920977
UBFC_PHYS_s14_T2_ctrl,0,2505,83.5,-0.813178016022694,-0.910263628628053
UBFC_PHYS_s14_T2_ctrl,0,2506,83.53333333333333,-0.397016647729013,-0.7159383399185426
UBFC_PHYS_s14_T2_ctrl,0,2507,83.56666666666666,-0.024236785026126334,-0.45184234871286993
UBFC_PHYS_s14_T2_ctrl,0,2508,83.6,0.2821543619812228,-0.13585354717477305
UBFC_PHYS_s14_T2_ctrl,0,2509,83.63333333333334,0.5522980818089233,0.19821394893774502
UBFC_PHYS_s14_T2_ctrl,0,2510,83.66666666666667,0.8120089455355234,0.5160527339629886
UBFC_PHYS_s14_T2_ctrl,0,2511,83.7,1.0434989500463145,0.7813976734291697
UBFC_PHYS_s14_T2_ctrl,0,2512,83.73333333333333,1.203286113774355,0.9687932655219694
UBFC_PHYS_s14_T2_ctrl,0,2513,83.76666666666667,1.2657571990167553,1.062369706064588
UBFC_PHYS_s14_T2_ctrl,0,2514,83.8,1.2343112901675253,1.063340907260813
UBFC_PHYS_s14_T2_ctrl,0,2515,83.83333333333333,1.1198268507587386,0.9892554747325502
UBFC_PHYS_s14_T2_ctrl,0,2516,83.86666666666666,0.9299062934099392,0.8652671814614527
UBFC_PHYS_s14_T2_ctrl,0,2517,83.9,0.6807243004793778,0.7239162692974099
UBFC_PHYS_s14_T2_ctrl,0,2518,83.93333333333334,0.40791534056942325,0.5833126729467234
UBFC_PHYS_s14_T2_ctrl,0,2519,83.96666666666667,0.16146264227463886,0.4476228371432127
UBFC_PHYS_s14_T2_ctrl,0,2520,84.0,-0.012072849949257947,0.31553681490735336
UBFC_PHYS_s14_T2_ctrl,0,2521,84.03333333333333,-0.09143468247317198,0.1812922317606214
UBFC_PHYS_s14_T2_ctrl,0,2522,84.06666666666666,-0.09389455398648193,0.039545171960158956
UBFC_PHYS_s14_T2_ctrl,0,2523,84.1,-0.06523649700206625,-0.11348764827047668
UBFC_PHYS_s14_T2_ctrl,0,2524,84.13333333333334,-0.0503540683440125,-0.2760518040627392
UBFC_PHYS_s14_T2_ctrl,0,2525,84.16666666666667,-0.07060412688157888,-0.43977854316621334
UBFC_PHYS_s14_T2_ctrl,0,2526,84.2,-0.1252104793778686,-0.5977531012985046
UBFC_PHYS_s14_T2_ctrl,0,2527,84.23333333333333,-0.20480484875061605,-0.7435143230357748
UBFC_PHYS_s14_T2_ctrl,0,2528,84.26666666666667,-0.29935553438381035,-0.8642978939146164
UBFC_PHYS_s14_T2_ctrl,0,2529,84.3,-0.39765406349923266,-0.9403447469591071
UBFC_PHYS_s14_T2_ctrl,0,2530,84.33333333333333,-0.48072228393865346,-0.9551635351749097
UBFC_PHYS_s14_T2_ctrl,0,2531,84.36666666666666,-0.5183293244635614,-0.8954621605714985
UBFC_PHYS_s14_T2_ctrl,0,2532,84.4,-0.4832977934625992,-0.7600974179890496
UBFC_PHYS_s14_T2_ctrl,0,2533,84.43333333333334,-0.372916830806512,-0.560554319740539
UBFC_PHYS_s14_T2_ctrl,0,2534,84.46666666666667,-0.21016100896486492,-0.3164998375225625
UBFC_PHYS_s14_T2_ctrl,0,2535,84.5,-0.02890184065310522,-0.05667917644957966
UBFC_PHYS_s14_T2_ctrl,0,2536,84.53333333333333,0.13314743816908536,0.19294180416161133
UBFC_PHYS_s14_T2_ctrl,0,2537,84.56666666666666,0.2346095675141796,0.4080214507705159
UBFC_PHYS_s14_T2_ctrl,0,2538,84.6,0.2371936854178623,0.5730059543984187
UBFC_PHYS_s14_T2_ctrl,0,2539,84.63333333333334,0.1210279372211882,0.6799942585636192
UBFC_PHYS_s14_T2_ctrl,0,2540,84.66666666666667,-0.09560436050060885,0.7253362865941009
UBFC_PHYS_s14_T2_ctrl,0,2541,84.7,-0.3469205304329899,0.7089367291518499
UBFC_PHYS_s14_T2_ctrl,0,2542,84.73333333333333,-0.5414665169215429,0.6422918900476007
UBFC_PHYS_s14_T2_ctrl,0,2543,84.76666666666667,-0.6094044838401147,0.5482548470384587
UBFC_PHYS_s14_T2_ctrl,0,2544,84.8,-0.538836751642942,0.4487832098155423
UBFC_PHYS_s14_T2_ctrl,0,2545,84.83333333333333,-0.371874696556757,0.36497648391674825
UBFC_PHYS_s14_T2_ctrl,0,2546,84.86666666666666,-0.16666126098483253,0.30258305647197503
UBFC_PHYS_s14_T2_ctrl,0,2547,84.9,0.0404047519307217,0.25244917699291763
UBFC_PHYS_s14_T2_ctrl,0,2548,84.93333333333334,0.24289020882420473,0.20326195898422852
UBFC_PHYS_s14_T2_ctrl,0,2549,84.96666666666667,0.4479125542227399,0.1422644746552926
UBFC_PHYS_s14_T2_ctrl,0,2550,85.0,0.6587639223118321,0.06411165349532243
UBFC_PHYS_s14_T2_ctrl,0,2551,85.03333333333333,0.8626132303357179,-0.028497001452334796
UBFC_PHYS_s14_T2_ctrl,0,2552,85.06666666666666,1.0236624249865547,-0.130840363796228
UBFC_PHYS_s14_T2_ctrl,0,2553,85.1,1.0925711796091089,-0.23560016216198104
UBFC_PHYS_s14_T2_ctrl,0,2554,85.13333333333334,1.0229239185049381,-0.3370193356698349
UBFC_PHYS_s14_T2_ctrl,0,2555,85.16666666666667,0.7779812910806785,-0.4302687199653244
UBFC_PHYS_s14_T2_ctrl,0,2556,85.2,0.3456522508698885,-0.5060439522509542
UBFC_PHYS_s14_T2_ctrl,0,2557,85.23333333333333,-0.2335989760520284,-0.5501213818887969
UBFC_PHYS_s14_T2_ctrl,0,2558,85.26666666666667,-0.8708594057274922,-0.5478498905768888
UBFC_PHYS_s14_T2_ctrl,0,2559,85.3,-1.4699064878596555,-0.4842214088196997
UBFC_PHYS_s14_T2_ctrl,0,2560,85.33333333333333,-1.9465319850571503,-0.3677663289610519
UBFC_PHYS_s14_T2_ctrl,0,2561,85.36666666666666,-2.2149308191652346,-0.23073790648815715
UBFC_PHYS_s14_T2_ctrl,0,2562,85.4,-2.189092160624969,-0.0971515924924714
UBFC_PHYS_s14_T2_ctrl,0,2563,85.43333333333334,-1.8185210317449614,0.016941109420401244
UBFC_PHYS_s14_T2_ctrl,0,2564,85.46666666666667,-1.1351975300337769,0.11852017289379749
UBFC_PHYS_s14_T2_ctrl,0,2565,85.5,-0.2674154126433851,0.23658702495567274
UBFC_PHYS_s14_T2_ctrl,0,2566,85.53333333333333,0.6117449184575523,0.3746475523907495
UBFC_PHYS_s14_T2_ctrl,0,2567,85.56666666666666,1.3617084249056521,0.5097689680423756
UBFC_PHYS_s14_T2_ctrl,0,2568,85.6,1.9035471185387611,0.5963011370580874
UBFC_PHYS_s14_T2_ctrl,0,2569,85.63333333333334,2.197521238743254,0.5662250904900142
UBFC_PHYS_s14_T2_ctrl,0,2570,85.66666666666667,2.225074680450548,0.40976454313697275
UBFC_PHYS_s14_T2_ctrl,0,2571,85.7,2.001060108285217,0.1758835089028012
UBFC_PHYS_s14_T2_ctrl,0,2572,85.73333333333333,1.5871417096108151,-0.08152813602803724
UBFC_PHYS_s14_T2_ctrl,0,2573,85.76666666666667,1.0752395413170333,-0.3035323429660775
UBFC_PHYS_s14_T2_ctrl,0,2574,85.8,0.5500711494804132,-0.4622915995671004
UBFC_PHYS_s14_T2_ctrl,0,2575,85.83333333333333,0.06057192205387234,-0.560284117884053
UBFC_PHYS_s14_T2_ctrl,0,2576,85.86666666666666,-0.3776820026815501,-0.60128519326694
UBFC_PHYS_s14_T2_ctrl,0,2577,85.9,-0.750605084709131,-0.589564672033739
UBFC_PHYS_s14_T2_ctrl,0,2578,85.93333333333334,-1.0225160189694893,-0.5323411532050774
UBFC_PHYS_s14_T2_ctrl,0,2579,85.96666666666667,-1.1543781991488036,-0.43967128276990486
UBFC_PHYS_s14_T2_ctrl,0,2580,86.0,-1.13661298836611,-0.3019823425747351
UBFC_PHYS_s14_T2_ctrl,0,2581,86.03333333333333,-0.9953603298029652,-0.0910287075737879
UBFC_PHYS_s14_T2_ctrl,0,2582,86.06666666666666,-0.77791506672489,0.18668659253360537
UBFC_PHYS_s14_T2_ctrl,0,2583,86.1,-0.5383661289552688,0.4885710440020208
UBFC_PHYS_s14_T2_ctrl,0,2584,86.13333333333334,-0.3237100009031979,0.7671482432287414
UBFC_PHYS_s14_T2_ctrl,0,2585,86.16666666666667,-0.16178805941775637,0.9692502293580769
UBFC_PHYS_s14_T2_ctrl,0,2586,86.2,-0.060546808600187935,1.0519637571333689
UBFC_PHYS_s14_T2_ctrl,0,2587,86.23333333333333,-0.014252717165147762,0.9824138574040588
UBFC_PHYS_s14_T2_ctrl,0,2588,86.26666666666667,-0.004918356450487681,0.7696523485249762
UBFC_PHYS_s14_T2_ctrl,0,2589,86.3,-0.0037864242283199914,0.4648995535374318
UBFC_PHYS_s14_T2_ctrl,0,2590,86.33333333333333,0.015762608625174153,0.11731054667325594
UBFC_PHYS_s14_T2_ctrl,0,2591,86.36666666666666,0.06193473626883984,-0.22524639895376591
UBFC_PHYS_s14_T2_ctrl,0,2592,86.4,0.12364268148311931,-0.5332829118996001
UBFC_PHYS_s14_T2_ctrl,0,2593,86.43333333333334,0.18536279932544975,-0.7940724020113045
UBFC_PHYS_s14_T2_ctrl,0,2594,86.46666666666667,0.23983048929310177,-0.993603853977613
UBFC_PHYS_s14_T2_ctrl,0,2595,86.5,0.2886280789287924,-1.1151069308432169
UBFC_PHYS_s14_T2_ctrl,0,2596,86.53333333333333,0.3356537178541796,-1.1306344627829719
UBFC_PHYS_s14_T2_ctrl,0,2597,86.56666666666666,0.37951334440341844,-1.0009943863478774
UBFC_PHYS_s14_T2_ctrl,0,2598,86.6,0.40933537290412364,-0.7075835405828044
UBFC_PHYS_s14_T2_ctrl,0,2599,86.63333333333334,0.4087828119487534,-0.25385821495995187
UBFC_PHYS_s14_T2_ctrl,0,2600,86.66666666666667,0.36608127169448534,0.2941628430108312
UBFC_PHYS_s14_T2_ctrl,0,2601,86.7,0.2817894013034646,0.8065376414351525
UBFC_PHYS_s14_T2_ctrl,0,2602,86.73333333333333,0.16915695048932816,1.1729917474291884
UBFC_PHYS_s14_T2_ctrl,0,2603,86.76666666666667,0.047483806854330526,1.3024105339792253
UBFC_PHYS_s14_T2_ctrl,0,2604,86.8,-0.06628814161941088,1.1900495932779842
UBFC_PHYS_s14_T2_ctrl,0,2605,86.83333333333333,-0.16073632022344214,0.9167331145055958
UBFC_PHYS_s14_T2_ctrl,0,2606,86.86666666666666,-0.22783637847798727,0.5562229479230414
UBFC_PHYS_s14_T2_ctrl,0,2607,86.9,-0.2622827705812409,0.17504514021964473
UBFC_PHYS_s14_T2_ctrl,0,2608,86.93333333333334,-0.2640782216420383,-0.1923928985868437
UBFC_PHYS_s14_T2_ctrl,0,2609,86.96666666666667,-0.23941112264113265,-0.542066409674203
UBFC_PHYS_s14_T2_ctrl,0,2610,87.0,-0.19751175638063784,-0.8578267988843965
UBFC_PHYS_s14_T2_ctrl,0,2611,87.03333333333333,-0.14713258755354053,-1.1093660799868215
UBFC_PHYS_s14_T2_ctrl,0,2612,87.06666666666666,-0.0959802426560671,-1.2559280642439732
UBFC_PHYS_s14_T2_ctrl,0,2613,87.1,-0.051738053000308495,-1.245689248003238
UBFC_PHYS_s14_T2_ctrl,0,2614,87.13333333333334,-0.022006811017638725,-1.052889607800464
UBFC_PHYS_s14_T2_ctrl,0,2615,87.16666666666667,-0.012746672831354899,-0.6786628115456854
UBFC_PHYS_s14_T2_ctrl,0,2616,87.2,-0.025760756753914427,-0.16290923626302595
UBFC_PHYS_s14_T2_ctrl,0,2617,87.23333333333333,-0.056584417474720504,0.4141540813762694
UBFC_PHYS_s14_T2_ctrl,0,2618,87.26666666666667,-0.09602091105767487,0.952851206635554
UBFC_PHYS_s14_T2_ctrl,0,2619,87.3,-0.13566205218142333,1.3327679560501857
UBFC_PHYS_s14_T2_ctrl,0,2620,87.33333333333333,-0.17126496797337004,1.4936510021943843
UBFC_PHYS_s14_T2_ctrl,0,2621,87.36666666666666,-0.20000833470875398,1.434413153009511
UBFC_PHYS_s14_T2_ctrl,0,2622,87.4,-0.21682076155128538,1.1887559115237258
UBFC_PHYS_s14_T2_ctrl,0,2623,87.43333333333334,-0.21492058914381604,0.8246263286411886
UBFC_PHYS_s14_T2_ctrl,0,2624,87.46666666666667,-0.18816712788489834,0.40222027532885374
UBFC_PHYS_s14_T2_ctrl,0,2625,87.5,-0.13284101496292555,-0.025127568550267043
UBFC_PHYS_s14_T2_ctrl,0,2626,87.53333333333333,-0.05027941800728145,-0.4227848330421624
UBFC_PHYS_s14_T2_ctrl,0,2627,87.56666666666666,0.05117332417694411,-0.7727340786137721
UBFC_PHYS_s14_T2_ctrl,0,2628,87.6,0.15766816033872288,-1.051374155052533
UBFC_PHYS_s14_T2_ctrl,0,2629,87.63333333333334,0.2527738119823456,-1.227667808064705
UBFC_PHYS_s14_T2_ctrl,0,2630,87.66666666666667,0.32057425688914687,-1.2646094930931429
UBFC_PHYS_s14_T2_ctrl,0,2631,87.7,0.3506468114680041,-1.1190073486803875
UBFC_PHYS_s14_T2_ctrl,0,2632,87.73333333333333,0.34255443071340436,-0.7859869629941827
UBFC_PHYS_s14_T2_ctrl,0,2633,87.76666666666667,0.3054028813980861,-0.30016097340552816
UBFC_PHYS_s14_T2_ctrl,0,2634,87.8,0.25273646871320055,0.2496149075978375
UBFC_PHYS_s14_T2_ctrl,0,2635,87.83333333333333,0.19580972849097564,0.7193284645936262
UBFC_PHYS_s14_T2_ctrl,0,2636,87.86666666666666,0.13825309848887782,1.0193743463941216
UBFC_PHYS_s14_T2_ctrl,0,2637,87.9,0.07629086540296148,1.113774331285226
UBFC_PHYS_s14_T2_ctrl,0,2638,87.93333333333334,0.0066022975489318765,1.026885472547796
UBFC_PHYS_s14_T2_ctrl,0,2639,87.96666666666667,-0.06407963887096277,0.842026419031214
UBFC_PHYS_s14_T2_ctrl,0,2640,88.0,-0.1191212707860487,0.6097368235083759
UBFC_PHYS_s14_T2_ctrl,0,2641,88.03333333333333,-0.14489052634738142,0.34765182498832364
UBFC_PHYS_s14_T2_ctrl,0,2642,88.06666666666666,-0.14130784608212996,0.05802750620486515
UBFC_PHYS_s14_T2_ctrl,0,2643,88.1,-0.11587997828773416,-0.2704401708317617
UBFC_PHYS_s14_T2_ctrl,0,2644,88.13333333333334,-0.07203216127269667,-0.6157689485463722
UBFC_PHYS_s14_T2_ctrl,0,2645,88.16666666666667,-0.010754896088466838,-0.9209677084651071
UBFC_PHYS_s14_T2_ctrl,0,2646,88.2,0.0571248319841651,-1.1390937041001405
UBFC_PHYS_s14_T2_ctrl,0,2647,88.23333333333333,0.1073686898576215,-1.232424006148572
UBFC_PHYS_s14_T2_ctrl,0,2648,88.26666666666667,0.11753331361516818,-1.1784271797200425
UBFC_PHYS_s14_T2_ctrl,0,2649,88.3,0.08770710261786062,-0.9697603397982439
UBFC_PHYS_s14_T2_ctrl,0,2650,88.33333333333333,0.042585860087508726,-0.6219320642875575
UBFC_PHYS_s14_T2_ctrl,0,2651,88.36666666666666,0.010917426699052239,-0.1743772696297025
UBFC_PHYS_s14_T2_ctrl,0,2652,88.4,0.005106975178285348,0.30893914485518204
UBFC_PHYS_s14_T2_ctrl,0,2653,88.43333333333334,0.019011765897433346,0.7381263676552159
UBFC_PHYS_s14_T2_ctrl,0,2654,88.46666666666667,0.038244911567431816,1.0510030578970704
UBFC_PHYS_s14_T2_ctrl,0,2655,88.5,0.04873032906878144,1.2117829721710947
UBFC_PHYS_s14_T2_ctrl,0,2656,88.53333333333333,0.03924214023558038,1.2159165209931702
UBFC_PHYS_s14_T2_ctrl,0,2657,88.56666666666666,0.003406272025665666,1.0890471216316215
UBFC_PHYS_s14_T2_ctrl,0,2658,88.6,-0.05716771122850005,0.8589733070079442
UBFC_PHYS_s14_T2_ctrl,0,2659,88.63333333333334,-0.13402088030165712,0.5557460736366737
UBFC_PHYS_s14_T2_ctrl,0,2660,88.66666666666667,-0.21698936688222908,0.21163462205828315
UBFC_PHYS_s14_T2_ctrl,0,2661,88.7,-0.29675570901260884,-0.13762930662702974
UBFC_PHYS_s14_T2_ctrl,0,2662,88.73333333333333,-0.36486728277967334,-0.4620518899918596
UBFC_PHYS_s14_T2_ctrl,0,2663,88.76666666666667,-0.4144403877523034,-0.7357284032137629
UBFC_PHYS_s14_T2_ctrl,0,2664,88.8,-0.4385018309420608,-0.9248623321871775
UBFC_PHYS_s14_T2_ctrl,0,2665,88.83333333333333,-0.427100242343904,-0.9867632704433243
UBFC_PHYS_s14_T2_ctrl,0,2666,88.86666666666666,-0.3715847342927772,-0.8988540724013035
UBFC_PHYS_s14_T2_ctrl,0,2667,88.9,-0.273276399793164,-0.6588624501386608
UBFC_PHYS_s14_T2_ctrl,0,2668,88.93333333333334,-0.14458222121941047,-0.30610826238419053
UBFC_PHYS_s14_T2_ctrl,0,2669,88.96666666666667,-0.0027950624335197592,0.07792369668004431
UBFC_PHYS_s14_T2_ctrl,0,2670,89.0,0.1350329587324184,0.4285828324608401
UBFC_PHYS_s14_T2_ctrl,0,2671,89.03333333333333,0.25580924532674315,0.697177050155211
UBFC_PHYS_s14_T2_ctrl,0,2672,89.06666666666666,0.3539029204434842,0.8644714294953029
UBFC_PHYS_s14_T2_ctrl,0,2673,89.1,0.4304674619214459,0.9393326588686824
UBFC_PHYS_s14_T2_ctrl,0,2674,89.13333333333334,0.48845595337735,0.9174861702207001
UBFC_PHYS_s14_T2_ctrl,0,2675,89.16666666666667,0.5273326524292509,0.7811204074109619
UBFC_PHYS_s14_T2_ctrl,0,2676,89.2,0.5397773568652822,0.5326379296422472
UBFC_PHYS_s14_T2_ctrl,0,2677,89.23333333333333,0.5124781260364781,0.19558262635601292
UBFC_PHYS_s14_T2_ctrl,0,2678,89.26666666666667,0.4334530359583981,-0.1940766287738082
UBFC_PHYS_s14_T2_ctrl,0,2679,89.3,0.30403965884429046,-0.58654952909498
UBFC_PHYS_s14_T2_ctrl,0,2680,89.33333333333333,0.14518691337934442,-0.9412688479938792
UBFC_PHYS_s14_T2_ctrl,0,2681,89.36666666666666,-0.011789771934998533,-1.2252363832703042
UBFC_PHYS_s14_T2_ctrl,0,2682,89.4,-0.14228546371493206,-1.3984875774221126
UBFC_PHYS_s14_T2_ctrl,0,2683,89.43333333333334,-0.23560070182893905,-1.4132091660602024
UBFC_PHYS_s14_T2_ctrl,0,2684,89.46666666666667,-0.2897341905558155,-1.2375931600822418
UBFC_PHYS_s14_T2_ctrl,0,2685,89.5,-0.3057021278061837,-0.8566619258335285
UBFC_PHYS_s14_T2_ctrl,0,2686,89.53333333333333,-0.28700143179711596,-0.3142789286023051
UBFC_PHYS_s14_T2_ctrl,0,2687,89.56666666666666,-0.2405330770969775,0.2853605843801287
UBFC_PHYS_s14_T2_ctrl,0,2688,89.6,-0.17662092398228163,0.8391061829748199
UBFC_PHYS_s14_T2_ctrl,0,2689,89.63333333333334,-0.10838573253960668,1.2434979096968846
UBFC_PHYS_s14_T2_ctrl,0,2690,89.66666666666667,-0.04925554969542545,1.4455531644794832
UBFC_PHYS_s14_T2_ctrl,0,2691,89.7,-0.008308313005817046,1.4413690223148155
UBFC_PHYS_s14_T2_ctrl,0,2692,89.73333333333333,0.012499973783956468,1.2596388896188613
UBFC_PHYS_s14_T2_ctrl,0,2693,89.76666666666667,0.015967040215820707,0.9608383869185438
UBFC_PHYS_s14_T2_ctrl,0,2694,89.8,0.005534429426554414,0.5922725157295826
UBFC_PHYS_s14_T2_ctrl,0,2695,89.83333333333333,-0.01573747495810648,0.1888478437899357
UBFC_PHYS_s14_T2_ctrl,0,2696,89.86666666666666,-0.0440159769125994,-0.21712683774403926
UBFC_PHYS_s14_T2_ctrl,0,2697,89.9,-0.07478742293560724,-0.5939768906183354
UBFC_PHYS_s14_T2_ctrl,0,2698,89.93333333333334,-0.10416129638288733,-0.9026150071773934
UBFC_PHYS_s14_T2_ctrl,0,2699,89.96666666666667,-0.12907735695230774,-1.0949581342435364
UBFC_PHYS_s14_T2_ctrl,0,2700,90.0,-0.1462577387089493,-1.134305836013311
UBFC_PHYS_s14_T2_ctrl,0,2701,90.03333333333333,-0.1514232560437436,-0.9950103098733342
UBFC_PHYS_s14_T2_ctrl,0,2702,90.06666666666666,-0.13869473490065476,-0.697801547733308
UBFC_PHYS_s14_T2_ctrl,0,2703,90.1,-0.10060332530602883,-0.31018195699232554
UBFC_PHYS_s14_T2_ctrl,0,2704,90.13333333333334,-0.03153546255025513,0.10216396268454997
UBFC_PHYS_s14_T2_ctrl,0,2705,90.16666666666667,0.06641181744557191,0.4744878715508972
UBFC_PHYS_s14_T2_ctrl,0,2706,90.2,0.18178813838119579,0.7533695478215874
UBFC_PHYS_s14_T2_ctrl,0,2707,90.23333333333333,0.2987089821918933,0.8955907172872393
UBFC_PHYS_s14_T2_ctrl,0,2708,90.26666666666667,0.402459992507294,0.8970498363698292
UBFC_PHYS_s14_T2_ctrl,0,2709,90.3,0.4807070606903306,0.791865980648406
UBFC_PHYS_s14_T2_ctrl,0,2710,90.33333333333333,0.5222374294444035,0.6127716710157112
UBFC_PHYS_s14_T2_ctrl,0,2711,90.36666666666666,0.5175379203853576,0.39093204807787696
UBFC_PHYS_s14_T2_ctrl,0,2712,90.4,0.4615325251848891,0.14209980139573933
UBFC_PHYS_s14_T2_ctrl,0,2713,90.43333333333334,0.3553964197342686,-0.13223780841717386
UBFC_PHYS_s14_T2_ctrl,0,2714,90.46666666666667,0.20588248584461674,-0.42134127096023827
UBFC_PHYS_s14_T2_ctrl,0,2715,90.5,0.023693181322898563,-0.70355159534445
UBFC_PHYS_s14_T2_ctrl,0,2716,90.53333333333333,-0.17622613779048915,-0.9331497904160873
UBFC_PHYS_s14_T2_ctrl,0,2717,90.56666666666666,-0.37129365280937543,-1.0396452837105485
UBFC_PHYS_s14_T2_ctrl,0,2718,90.6,-0.5300982157366989,-0.9814419958235234
UBFC_PHYS_s14_T2_ctrl,0,2719,90.63333333333334,-0.621387523231148,-0.7462741379721993
UBFC_PHYS_s14_T2_ctrl,0,2720,90.66666666666667,-0.6298534411139124,-0.3970043732449563
UBFC_PHYS_s14_T2_ctrl,0,2721,90.7,-0.564294867764433,-0.07150582086483404
UBFC_PHYS_s14_T2_ctrl,0,2722,90.73333333333333,-0.45174451182031106,0.19689049239450437
UBFC_PHYS_s14_T2_ctrl,0,2723,90.76666666666667,-0.3251630178950672,0.47801078893662075
UBFC_PHYS_s14_T2_ctrl,0,2724,90.8,-0.21285677291858596,0.757933484470635
UBFC_PHYS_s14_T2_ctrl,0,2725,90.83333333333333,-0.1322430004461873,0.9373625884934126
UBFC_PHYS_s14_T2_ctrl,0,2726,90.86666666666666,-0.08918177350502018,0.9656398806989767
UBFC_PHYS_s14_T2_ctrl,0,2727,90.9,-0.08168695943840595,0.8409088956851143
UBFC_PHYS_s14_T2_ctrl,0,2728,90.93333333333334,-0.10414965207549545,0.6008079974976485
UBFC_PHYS_s14_T2_ctrl,0,2729,90.96666666666667,-0.15050802475161404,0.3222761643803179
UBFC_PHYS_s14_T2_ctrl,0,2730,91.0,-0.2149011894837776,0.04487165719241506
UBFC_PHYS_s14_T2_ctrl,0,2731,91.03333333333333,-0.2854734048540869,-0.2283696701050189
UBFC_PHYS_s14_T2_ctrl,0,2732,91.06666666666666,-0.33571477320395554,-0.4835246303225354
UBFC_PHYS_s14_T2_ctrl,0,2733,91.1,-0.32853074370067475,-0.6942204389161738
UBFC_PHYS_s14_T2_ctrl,0,2734,91.13333333333334,-0.23522837077443431,-0.8323547884839295
UBFC_PHYS_s14_T2_ctrl,0,2735,91.16666666666667,-0.05108159604432195,-0.867390094892573
UBFC_PHYS_s14_T2_ctrl,0,2736,91.2,0.20473287933393497,-0.7851340934460316
UBFC_PHYS_s14_T2_ctrl,0,2737,91.23333333333333,0.49542319827232095,-0.5878940788329796
UBFC_PHYS_s14_T2_ctrl,0,2738,91.26666666666667,0.7698920766082114,-0.28932878257058237
UBFC_PHYS_s14_T2_ctrl,0,2739,91.3,0.973218715332213,0.08453348875186002
UBFC_PHYS_s14_T2_ctrl,0,2740,91.33333333333333,1.0695101208237938,0.47277966353571155
UBFC_PHYS_s14_T2_ctrl,0,2741,91.36666666666666,1.0554429132092575,0.7786898798227354
UBFC_PHYS_s14_T2_ctrl,0,2742,91.4,0.9491460900650627,0.9451659183694332
UBFC_PHYS_s14_T2_ctrl,0,2743,91.43333333333334,0.7732263839271926,0.9541896483150755
UBFC_PHYS_s14_T2_ctrl,0,2744,91.46666666666667,0.5518931421102662,0.8368524233244683
UBFC_PHYS_s14_T2_ctrl,0,2745,91.5,0.31376130168152055,0.6724060543225313
UBFC_PHYS_s14_T2_ctrl,0,2746,91.53333333333333,0.08764398130803772,0.4892973219417833
UBFC_PHYS_s14_T2_ctrl,0,2747,91.56666666666666,-0.10335182724064342,0.2655440157211741
UBFC_PHYS_s14_T2_ctrl,0,2748,91.6,-0.2433719416502593,-0.007475343430835894
UBFC_PHYS_s14_T2_ctrl,0,2749,91.63333333333334,-0.3254168877696282,-0.3231495227044283
UBFC_PHYS_s14_T2_ctrl,0,2750,91.66666666666667,-0.35352820775556615,-0.6406925061298382
UBFC_PHYS_s14_T2_ctrl,0,2751,91.7,-0.34019537241437214,-0.884037992612687
UBFC_PHYS_s14_T2_ctrl,0,2752,91.73333333333333,-0.30115157329560027,-1.0184547926994372
UBFC_PHYS_s14_T2_ctrl,0,2753,91.76666666666667,-0.2542221629894873,-1.0497920364054307
UBFC_PHYS_s14_T2_ctrl,0,2754,91.8,-0.21970360717177656,-0.9775119039167831
UBFC_PHYS_s14_T2_ctrl,0,2755,91.83333333333333,-0.21627843393101148,-0.7944789513535935
UBFC_PHYS_s14_T2_ctrl,0,2756,91.86666666666666,-0.25627004279778237,-0.5105095323660833
UBFC_PHYS_s14_T2_ctrl,0,2757,91.9,-0.34474801012222334,-0.1534089379060004
UBFC_PHYS_s14_T2_ctrl,0,2758,91.93333333333334,-0.4766400711236442,0.2349226286615432
UBFC_PHYS_s14_T2_ctrl,0,2759,91.96666666666667,-0.6291992098871034,0.5971230559158924
UBFC_PHYS_s14_T2_ctrl,0,2760,92.0,-0.760645580451596,0.88985920178759
UBFC_PHYS_s14_T2_ctrl,0,2761,92.03333333333333,-0.8238223120557405,1.0824628629689426
UBFC_PHYS_s14_T2_ctrl,0,2762,92.06666666666666,-0.7875993192997773,1.1428983352199955
UBFC_PHYS_s14_T2_ctrl,0,2763,92.1,-0.6509142992314434,1.0372911871579127
UBFC_PHYS_s14_T2_ctrl,0,2764,92.13333333333334,-0.44087444141433035,0.7764551557517777
UBFC_PHYS_s14_T2_ctrl,0,2765,92.16666666666667,-0.19854782496379955,0.416328913033042
UBFC_PHYS_s14_T2_ctrl,0,2766,92.2,0.03576210024984065,0.0183468188080258
UBFC_PHYS_s14_T2_ctrl,0,2767,92.23333333333333,0.23089666231646172,-0.34975377944661357
UBFC_PHYS_s14_T2_ctrl,0,2768,92.26666666666667,0.3689391675571167,-0.6518363949605964
UBFC_PHYS_s14_T2_ctrl,0,2769,92.3,0.446554887105008,-0.8817701773547225
UBFC_PHYS_s14_T2_ctrl,0,2770,92.33333333333333,0.47384504282371476,-1.0226776984726713
UBFC_PHYS_s14_T2_ctrl,0,2771,92.36666666666666,0.47125567558519804,-1.0457768523794122
UBFC_PHYS_s14_T2_ctrl,0,2772,92.4,0.46144528499840487,-0.9290623182926923
UBFC_PHYS_s14_T2_ctrl,0,2773,92.43333333333334,0.4583174358789326,-0.657781735462088
UBFC_PHYS_s14_T2_ctrl,0,2774,92.46666666666667,0.46463681500677123,-0.26428294343417974
UBFC_PHYS_s14_T2_ctrl,0,2775,92.5,0.4785927004050144,0.17096199605881823
UBFC_PHYS_s14_T2_ctrl,0,2776,92.53333333333333,0.49460161932483854,0.5745245047628473
UBFC_PHYS_s14_T2_ctrl,0,2777,92.56666666666666,0.49623125469565876,0.8790024985820184
UBFC_PHYS_s14_T2_ctrl,0,2778,92.6,0.45848722341527026,1.0425649254264735
UBFC_PHYS_s14_T2_ctrl,0,2779,92.63333333333334,0.3656205691372379,1.0479637524354912
UBFC_PHYS_s14_T2_ctrl,0,2780,92.66666666666667,0.22619218025655116,0.9052314718716024
UBFC_PHYS_s14_T2_ctrl,0,2781,92.7,0.06878240711405674,0.6513472103677739
UBFC_PHYS_s14_T2_ctrl,0,2782,92.73333333333333,-0.07514533550115682,0.3316415778743697
UBFC_PHYS_s14_T2_ctrl,0,2783,92.76666666666667,-0.18423963256242198,0.000309592853366944
UBFC_PHYS_s14_T2_ctrl,0,2784,92.8,-0.24954424840738987,-0.31093150473976694
UBFC_PHYS_s14_T2_ctrl,0,2785,92.83333333333333,-0.2717423768569654,-0.5913784817611986
UBFC_PHYS_s14_T2_ctrl,0,2786,92.86666666666666,-0.25944956536824315,-0.8243671462396713
UBFC_PHYS_s14_T2_ctrl,0,2787,92.9,-0.22674629787245792,-0.9857395762247372
UBFC_PHYS_s14_T2_ctrl,0,2788,92.93333333333334,-0.1869191178582511,-1.044001235698002
UBFC_PHYS_s14_T2_ctrl,0,2789,92.96666666666667,-0.1469467083067772,-0.9600720363173721
UBFC_PHYS_s14_T2_ctrl,0,2790,93.0,-0.10781813927900064,-0.7264102889259232
UBFC_PHYS_s14_T2_ctrl,0,2791,93.03333333333333,-0.06884476300909129,-0.36783577410801416
UBFC_PHYS_s14_T2_ctrl,0,2792,93.06666666666666,-0.03237471815223407,0.07199069876085983
UBFC_PHYS_s14_T2_ctrl,0,2793,93.1,-0.005798351833215171,0.529248971982005
UBFC_PHYS_s14_T2_ctrl,0,2794,93.13333333333334,0.002544327212527099,0.9379428563233458
UBFC_PHYS_s14_T2_ctrl,0,2795,93.16666666666667,-0.009367770003899935,1.2285197521411169
UBFC_PHYS_s14_T2_ctrl,0,2796,93.2,-0.035612682124618156,1.3456595659947685
UBFC_PHYS_s14_T2_ctrl,0,2797,93.23333333333333,-0.06833850841694808,1.2477865400459394
UBFC_PHYS_s14_T2_ctrl,0,2798,93.26666666666667,-0.10317454065595008,0.9538805254405534
UBFC_PHYS_s14_T2_ctrl,0,2799,93.3,-0.1377962154502878,0.5436388131295946
UBFC_PHYS_s14_T2_ctrl,0,2800,93.33333333333333,-0.16784467316568052,0.08076782329762297
UBFC_PHYS_s14_T2_ctrl,0,2801,93.36666666666666,-0.18712357132667956,-0.38589996916112373
UBFC_PHYS_s14_T2_ctrl,0,2802,93.4,-0.1913657588191942,-0.8150410749586743
UBFC_PHYS_s14_T2_ctrl,0,2803,93.43333333333334,-0.18039922261002292,-1.1706741858457321
UBFC_PHYS_s14_T2_ctrl,0,2804,93.46666666666667,-0.1568493373237205,-1.4078249351553151
UBFC_PHYS_s14_T2_ctrl,0,2805,93.5,-0.12337005321510637,-1.4712645090481118
UBFC_PHYS_s14_T2_ctrl,0,2806,93.53333333333333,-0.0814815706765038,-1.334008347976953
UBFC_PHYS_s14_T2_ctrl,0,2807,93.56666666666666,-0.03318932293448753,-0.9976382311276751
UBFC_PHYS_s14_T2_ctrl,0,2808,93.6,0.01716591301528238,-0.5030826069408852
UBFC_PHYS_s14_T2_ctrl,0,2809,93.63333333333334,0.063565311373248,0.06814540609140361
UBFC_PHYS_s14_T2_ctrl,0,2810,93.66666666666667,0.10053710854477146,0.6285963793644588
UBFC_PHYS_s14_T2_ctrl,0,2811,93.7,0.12482167000823595,1.0833005777086273
UBFC_PHYS_s14_T2_ctrl,0,2812,93.73333333333333,0.13608496063111883,1.369658209429556
UBFC_PHYS_s14_T2_ctrl,0,2813,93.76666666666667,0.13693524492998593,1.4559772757589404
UBFC_PHYS_s14_T2_ctrl,0,2814,93.8,0.13191552347310903,1.354282520026816
UBFC_PHYS_s14_T2_ctrl,0,2815,93.83333333333333,0.12533836118048083,1.1193511869709334
UBFC_PHYS_s14_T2_ctrl,0,2816,93.86666666666666,0.11913695066906803,0.7982545266905507
UBFC_PHYS_s14_T2_ctrl,0,2817,93.9,0.11244265718420743,0.430695963644131
UBFC_PHYS_s14_T2_ctrl,0,2818,93.93333333333334,0.10311982844928291,0.04171439052869218
UBFC_PHYS_s14_T2_ctrl,0,2819,93.96666666666667,0.08969932012097571,-0.3563847881686588
UBFC_PHYS_s14_T2_ctrl,0,2820,94.0,0.07221954137701002,-0.7359785409111423
UBFC_PHYS_s14_T2_ctrl,0,2821,94.03333333333333,0.05209174566952989,-1.0520487845926032
UBFC_PHYS_s14_T2_ctrl,0,2822,94.06666666666666,0.032067734777199264,-1.2643030165875058
UBFC_PHYS_s14_T2_ctrl,0,2823,94.1,0.016371718472625148,-1.3360544974743365
UBFC_PHYS_s14_T2_ctrl,0,2824,94.13333333333334,0.009681549555018414,-1.257484047095069
UBFC_PHYS_s14_T2_ctrl,0,2825,94.16666666666667,0.014501591030740375,-1.04540275466781
UBFC_PHYS_s14_T2_ctrl,0,2826,94.2,0.02901793164351254,-0.7129999240951451
UBFC_PHYS_s14_T2_ctrl,0,2827,94.23333333333333,0.04778648654323473,-0.27098750978863734
UBFC_PHYS_s14_T2_ctrl,0,2828,94.26666666666667,0.06409770934659922,0.24276817087882221
UBFC_PHYS_s14_T2_ctrl,0,2829,94.3,0.07110956947438431,0.7611576434846331
UBFC_PHYS_s14_T2_ctrl,0,2830,94.33333333333333,0.062419128061019305,1.1869059367570107
UBFC_PHYS_s14_T2_ctrl,0,2831,94.36666666666666,0.034576141288138046,1.3916457252690788
UBFC_PHYS_s14_T2_ctrl,0,2832,94.4,-0.009857965220437602,1.3398636925714391
UBFC_PHYS_s14_T2_ctrl,0,2833,94.43333333333334,-0.06175535832006168,1.0884449072881255
UBFC_PHYS_s14_T2_ctrl,0,2834,94.46666666666667,-0.10763164348241358,0.7065098832518563
UBFC_PHYS_s14_T2_ctrl,0,2835,94.5,-0.1342208422206355,0.2752192087699415
UBFC_PHYS_s14_T2_ctrl,0,2836,94.53333333333333,-0.1349021923618742,-0.14399652051607703
UBFC_PHYS_s14_T2_ctrl,0,2837,94.56666666666666,-0.11360885711592156,-0.508116011838534
UBFC_PHYS_s14_T2_ctrl,0,2838,94.6,-0.0818950106075701,-0.7861578934707162
UBFC_PHYS_s14_T2_ctrl,0,2839,94.63333333333334,-0.05172664151934109,-0.9574615516416944
UBFC_PHYS_s14_T2_ctrl,0,2840,94.66666666666667,-0.0295801758408973,-1.0168034783676692
UBFC_PHYS_s14_T2_ctrl,0,2841,94.7,-0.014936694920274884,-0.9733190283824061
UBFC_PHYS_s14_T2_ctrl,0,2842,94.73333333333333,-0.003763197238223332,-0.8227061873976953
UBFC_PHYS_s14_T2_ctrl,0,2843,94.76666666666667,0.00587215238439004,-0.5476635564889947
UBFC_PHYS_s14_T2_ctrl,0,2844,94.8,0.01194836813930232,-0.1549943033612765
UBFC_PHYS_s14_T2_ctrl,0,2845,94.83333333333333,0.01251446219390636,0.32261340449202275
UBFC_PHYS_s14_T2_ctrl,0,2846,94.86666666666666,0.009733953057860057,0.7912700266664515
UBFC_PHYS_s14_T2_ctrl,0,2847,94.9,0.007997338589120167,1.0951612861490323
UBFC_PHYS_s14_T2_ctrl,0,2848,94.93333333333334,0.008935869047978754,1.173234377034845
UBFC_PHYS_s14_T2_ctrl,0,2849,94.96666666666667,0.010344672138243225,1.058776499678164
UBFC_PHYS_s14_T2_ctrl,0,2850,95.0,0.009625046145764813,0.8081036802707863
UBFC_PHYS_s14_T2_ctrl,0,2851,95.03333333333333,0.006308756853327033,0.4997608922223177
UBFC_PHYS_s14_T2_ctrl,0,2852,95.06666666666666,0.0009286844625935355,0.17627523342982587
UBFC_PHYS_s14_T2_ctrl,0,2853,95.1,-0.0071052180167537875,-0.15485291533975912
UBFC_PHYS_s14_T2_ctrl,0,2854,95.13333333333334,-0.01925734497858686,-0.47965244607760804
UBFC_PHYS_s14_T2_ctrl,0,2855,95.16666666666667,-0.03533721995702427,-0.7757032061030388
UBFC_PHYS_s14_T2_ctrl,0,2856,95.2,-0.05222703050738488,-1.0177896751038813
UBFC_PHYS_s14_T2_ctrl,0,2857,95.23333333333333,-0.06612256479221104,-1.176501284117612
UBFC_PHYS_s14_T2_ctrl,0,2858,95.26666666666667,-0.07491046523704199,-1.2173932252367827
UBFC_PHYS_s14_T2_ctrl,0,2859,95.3,-0.07674945572898234,-1.1008434814881651
UBFC_PHYS_s14_T2_ctrl,0,2860,95.33333333333333,-0.06822502375067308,-0.8087121399003936
UBFC_PHYS_s14_T2_ctrl,0,2861,95.36666666666666,-0.04692807250076507,-0.345707900693738
UBFC_PHYS_s14_T2_ctrl,0,2862,95.4,-0.01493445693999609,0.21151983504331057
UBFC_PHYS_s14_T2_ctrl,0,2863,95.43333333333334,0.022151517928414303,0.7132592862691096
UBFC_PHYS_s14_T2_ctrl,0,2864,95.46666666666667,0.05837802544729519,1.069364133428338
UBFC_PHYS_s14_T2_ctrl,0,2865,95.5,0.08918932789737644,1.2482453660844837
UBFC_PHYS_s14_T2_ctrl,0,2866,95.53333333333333,0.11198262085171326,1.2545869437235633
UBFC_PHYS_s14_T2_ctrl,0,2867,95.56666666666666,0.12499413672392054,1.1279271300015115
UBFC_PHYS_s14_T2_ctrl,0,2868,95.6,0.12528058481826948,0.9059278506064823
UBFC_PHYS_s14_T2_ctrl,0,2869,95.63333333333334,0.110485482089531,0.6242068467755846
UBFC_PHYS_s14_T2_ctrl,0,2870,95.66666666666667,0.0831235328017086,0.31729529956587665
UBFC_PHYS_s14_T2_ctrl,0,2871,95.7,0.049473029771841245,0.01968268681688641
UBFC_PHYS_s14_T2_ctrl,0,2872,95.73333333333333,0.013443916323891594,-0.24091393441874698
UBFC_PHYS_s14_T2_ctrl,0,2873,95.76666666666667,-0.025386959428556823,-0.4421873605617832
UBFC_PHYS_s14_T2_ctrl,0,2874,95.8,-0.0666071197909676,-0.5744115697113625
UBFC_PHYS_s14_T2_ctrl,0,2875,95.83333333333333,-0.10301497136546629,-0.6392499382660342
UBFC_PHYS_s14_T2_ctrl,0,2876,95.86666666666666,-0.1215587962879334,-0.6346639203105741
UBFC_PHYS_s14_T2_ctrl,0,2877,95.9,-0.11412018855570552,-0.5544828390305525
UBFC_PHYS_s14_T2_ctrl,0,2878,95.93333333333334,-0.08912568425960053,-0.4266906869069237
UBFC_PHYS_s14_T2_ctrl,0,2879,95.96666666666667,-0.06740051406726233,-0.31318096581770904
UBFC_PHYS_s14_T2_ctrl,0,2880,96.0,-0.06265580973289012,-0.2561827679441251
UBFC_PHYS_s14_T2_ctrl,0,2881,96.03333333333333,-0.06917691914143642,-0.27785811796356547
UBFC_PHYS_s14_T2_ctrl,0,2882,96.06666666666666,-0.07038328762015698,-0.35300323422489044
UBFC_PHYS_s14_T2_ctrl,0,2883,96.1,-0.05533813337834394,-0.4096345949721792
UBFC_PHYS_s14_T2_ctrl,0,2884,96.13333333333334,-0.024718318904774432,-0.4193530420290015
UBFC_PHYS_s14_T2_ctrl,0,2885,96.16666666666667,0.015442632776686404,-0.3977843818772489
UBFC_PHYS_s14_T2_ctrl,0,2886,96.2,0.06058220346469888,-0.34946315993237037
UBFC_PHYS_s14_T2_ctrl,0,2887,96.23333333333333,0.10732849829920776,-0.26789379201740415
UBFC_PHYS_s14_T2_ctrl,0,2888,96.26666666666667,0.1511475775969589,-0.1330215007843963
UBFC_PHYS_s14_T2_ctrl,0,2889,96.3,0.18795157979206037,0.08756506569121184
UBFC_PHYS_s14_T2_ctrl,0,2890,96.33333333333333,0.21544401126797924,0.382928698841049
UBFC_PHYS_s14_T2_ctrl,0,2891,96.36666666666666,0.23065928816582515,0.6974813750641266
UBFC_PHYS_s14_T2_ctrl,0,2892,96.4,0.22979549769280766,0.9675201993039246
UBFC_PHYS_s14_T2_ctrl,0,2893,96.43333333333334,0.21425346096175357,1.12078218894895
UBFC_PHYS_s14_T2_ctrl,0,2894,96.46666666666667,0.195282588885614,1.12602863718611
UBFC_PHYS_s14_T2_ctrl,0,2895,96.5,0.18738103417150434,0.9928353517434082
UBFC_PHYS_s14_T2_ctrl,0,2896,96.53333333333333,0.19381343565879103,0.7525996466363523
UBFC_PHYS_s14_T2_ctrl,0,2897,96.56666666666666,0.20017936487288968,0.4585953181096449
UBFC_PHYS_s14_T2_ctrl,0,2898,96.6,0.18191395093644805,0.14830857867874214
UBFC_PHYS_s14_T2_ctrl,0,2899,96.63333333333334,0.11395166285379048,-0.1555154071531398
UBFC_PHYS_s14_T2_ctrl,0,2900,96.66666666666667,-0.023382407742246588,-0.43219559338988506
UBFC_PHYS_s14_T2_ctrl,0,2901,96.7,-0.23351811687144083,-0.6615042515764897
UBFC_PHYS_s14_T2_ctrl,0,2902,96.73333333333333,-0.4839590817073067,-0.8271037740684124
UBFC_PHYS_s14_T2_ctrl,0,2903,96.76666666666667,-0.6972500800808401,-0.9153412255780624
UBFC_PHYS_s14_T2_ctrl,0,2904,96.8,-0.7841817260171727,-0.9111801672797156
UBFC_PHYS_s14_T2_ctrl,0,2905,96.83333333333333,-0.7081023002252641,-0.7979706375945808
UBFC_PHYS_s14_T2_ctrl,0,2906,96.86666666666666,-0.513179289988171,-0.5788067653868503
UBFC_PHYS_s14_T2_ctrl,0,2907,96.9,-0.28347704181559513,-0.27722302088301465
UBFC_PHYS_s14_T2_ctrl,0,2908,96.93333333333334,-0.08362937664945298,0.07147693559020174
UBFC_PHYS_s14_T2_ctrl,0,2909,96.96666666666667,0.06291672835594807,0.41909683043042883
UBFC_PHYS_s14_T2_ctrl,0,2910,97.0,0.16152389884917606,0.7117569822971712
UBFC_PHYS_s14_T2_ctrl,0,2911,97.03333333333333,0.227074241155519,0.8889726255941106
UBFC_PHYS_s14_T2_ctrl,0,2912,97.06666666666666,0.2693575358761434,0.926476743350003
UBFC_PHYS_s14_T2_ctrl,0,2913,97.1,0.2880671043030265,0.8356647827014041
UBFC_PHYS_s14_T2_ctrl,0,2914,97.13333333333334,0.27962856315318185,0.6452359197467612
UBFC_PHYS_s14_T2_ctrl,0,2915,97.16666666666667,0.2464871651999792,0.4010314702892682
UBFC_PHYS_s14_T2_ctrl,0,2916,97.2,0.1977137356327553,0.12450830571565745
UBFC_PHYS_s14_T2_ctrl,0,2917,97.23333333333333,0.142708882873541,-0.18611782113497977
UBFC_PHYS_s14_T2_ctrl,0,2918,97.26666666666667,0.08753065898862525,-0.5150917230267863
UBFC_PHYS_s14_T2_ctrl,0,2919,97.3,0.03696081230078102,-0.8273421756961425
UBFC_PHYS_s14_T2_ctrl,0,2920,97.33333333333333,-0.003865705564596835,-1.0838405059620309
UBFC_PHYS_s14_T2_ctrl,0,2921,97.36666666666666,-0.03261558356320684,-1.2404944096926058
UBFC_PHYS_s14_T2_ctrl,0,2922,97.4,-0.05210538443235839,-1.265749559268446
UBFC_PHYS_s14_T2_ctrl,0,2923,97.43333333333334,-0.06603683027417649,-1.1403975455004585
UBFC_PHYS_s14_T2_ctrl,0,2924,97.46666666666667,-0.07326176112851804,-0.8604989488475256
UBFC_PHYS_s14_T2_ctrl,0,2925,97.5,-0.06871665264604652,-0.43843032517312
UBFC_PHYS_s14_T2_ctrl,0,2926,97.53333333333333,-0.04941311400919185,0.07335788902231966
UBFC_PHYS_s14_T2_ctrl,0,2927,97.56666666666666,-0.017642339810851948,0.5807834452383086
UBFC_PHYS_s14_T2_ctrl,0,2928,97.6,0.0209450387783397,1.0000804369936551
UBFC_PHYS_s14_T2_ctrl,0,2929,97.63333333333334,0.06020953375774872,1.2565297319124522
UBFC_PHYS_s14_T2_ctrl,0,2930,97.66666666666667,0.09473547610334236,1.3201658129899703
UBFC_PHYS_s14_T2_ctrl,0,2931,97.7,0.12056165973869382,1.2047610204251633
UBFC_PHYS_s14_T2_ctrl,0,2932,97.73333333333333,0.1360777928215175,0.9495319372047604
UBFC_PHYS_s14_T2_ctrl,0,2933,97.76666666666667,0.14180354967175476,0.6188059949254259
UBFC_PHYS_s14_T2_ctrl,0,2934,97.8,0.13844599173700592,0.2595204800367634
UBFC_PHYS_s14_T2_ctrl,0,2935,97.83333333333333,0.12508824144723826,-0.09777746982973845
UBFC_PHYS_s14_T2_ctrl,0,2936,97.86666666666666,0.10004369015740182,-0.42376084270978365
UBFC_PHYS_s14_T2_ctrl,0,2937,97.9,0.0638303790960174,-0.6886135486017073
UBFC_PHYS_s14_T2_ctrl,0,2938,97.93333333333334,0.020813598211430813,-0.8639547087641287
UBFC_PHYS_s14_T2_ctrl,0,2939,97.96666666666667,-0.021930746294304037,-0.9217565315274557
UBFC_PHYS_s14_T2_ctrl,0,2940,98.0,-0.05738058766498792,-0.8496767161773484
UBFC_PHYS_s14_T2_ctrl,0,2941,98.03333333333333,-0.08229662969365419,-0.6509928985791515
UBFC_PHYS_s14_T2_ctrl,0,2942,98.06666666666666,-0.09919305387066701,-0.3378543569889307
UBFC_PHYS_s14_T2_ctrl,0,2943,98.1,-0.11298328752936715,0.0676552113332513
UBFC_PHYS_s14_T2_ctrl,0,2944,98.13333333333334,-0.12608199168615605,0.5018568669019028
UBFC_PHYS_s14_T2_ctrl,0,2945,98.16666666666667,-0.1384164914962407,0.8584211233806778
UBFC_PHYS_s14_T2_ctrl,0,2946,98.2,-0.15042922349481416,1.0698379687721904
UBFC_PHYS_s14_T2_ctrl,0,2947,98.23333333333333,-0.16329739641817914,1.1068295052757147
UBFC_PHYS_s14_T2_ctrl,0,2948,98.26666666666667,-0.175906667951669,0.9819720968576814
UBFC_PHYS_s14_T2_ctrl,0,2949,98.3,-0.1821621126459114,0.7490995255056584
UBFC_PHYS_s14_T2_ctrl,0,2950,98.33333333333333,-0.1721324739529634,0.4516274961029135
UBFC_PHYS_s14_T2_ctrl,0,2951,98.36666666666666,-0.13770985934651894,0.12300834570553482
UBFC_PHYS_s14_T2_ctrl,0,2952,98.4,-0.0789086133941494,-0.21307809879653997
UBFC_PHYS_s14_T2_ctrl,0,2953,98.43333333333334,-0.005259389171875836,-0.5410133166398235
UBFC_PHYS_s14_T2_ctrl,0,2954,98.46666666666667,0.06967700874714901,-0.836714405732376
UBFC_PHYS_s14_T2_ctrl,0,2955,98.5,0.1361323823321238,-1.0659439163393034
UBFC_PHYS_s14_T2_ctrl,0,2956,98.53333333333333,0.1906044032751597,-1.1983038046943373
UBFC_PHYS_s14_T2_ctrl,0,2957,98.56666666666666,0.2317110409190606,-1.2064451541568288
UBFC_PHYS_s14_T2_ctrl,0,2958,98.6,0.25653450231269626,-1.0682540248173078
UBFC_PHYS_s14_T2_ctrl,0,2959,98.63333333333334,0.26166488664815896,-0.7674209585729383
UBFC_PHYS_s14_T2_ctrl,0,2960,98.66666666666667,0.24497039451825497,-0.3269051326801279
UBFC_PHYS_s14_T2_ctrl,0,2961,98.7,0.2051202829463804,0.18956665077504176
UBFC_PHYS_s14_T2_ctrl,0,2962,98.73333333333333,0.14225776785049857,0.6811977845117178
UBFC_PHYS_s14_T2_ctrl,0,2963,98.76666666666667,0.06218174872531718,1.0093093749375746
UBFC_PHYS_s14_T2_ctrl,0,2964,98.8,-0.020704940043440687,1.1152311555853887
UBFC_PHYS_s14_T2_ctrl,0,2965,98.83333333333333,-0.08776764786887507,1.0196190421371918
UBFC_PHYS_s14_T2_ctrl,0,2966,98.86666666666666,-0.12649764709449154,0.7703216679060141
UBFC_PHYS_s14_T2_ctrl,0,2967,98.9,-0.13782228228622212,0.4416634536531199
UBFC_PHYS_s14_T2_ctrl,0,2968,98.93333333333334,-0.13275056068970273,0.09164329061331328
UBFC_PHYS_s14_T2_ctrl,0,2969,98.96666666666667,-0.12217670463575674,-0.2374049028452956
UBFC_PHYS_s14_T2_ctrl,0,2970,99.0,-0.11065373661714048,-0.5142349440139379
UBFC_PHYS_s14_T2_ctrl,0,2971,99.03333333333333,-0.09745535346143064,-0.7172545415204752
UBFC_PHYS_s14_T2_ctrl,0,2972,99.06666666666666,-0.08042439318030359,-0.8380292759558238
UBFC_PHYS_s14_T2_ctrl,0,2973,99.1,-0.05938622964530715,-0.8800962825388543
UBFC_PHYS_s14_T2_ctrl,0,2974,99.13333333333334,-0.03729537696879276,-0.8419018221674781
UBFC_PHYS_s14_T2_ctrl,0,2975,99.16666666666667,-0.018453569951097405,-0.7165723038398732
UBFC_PHYS_s14_T2_ctrl,0,2976,99.2,-0.006659834363942994,-0.4896190812420742
UBFC_PHYS_s14_T2_ctrl,0,2977,99.23333333333333,-0.004499274379689634,-0.14028196070463952
UBFC_PHYS_s14_T2_ctrl,0,2978,99.26666666666667,-0.011636171973944657,0.2990551565033722
UBFC_PHYS_s14_T2_ctrl,0,2979,99.3,-0.02354595880119752,0.7412701096600609
UBFC_PHYS_s14_T2_ctrl,0,2980,99.33333333333333,-0.03368387428951077,1.1053070428302043
UBFC_PHYS_s14_T2_ctrl,0,2981,99.36666666666666,-0.03695145003460678,1.3153287209624145
UBFC_PHYS_s14_T2_ctrl,0,2982,99.4,-0.03177108452846895,1.3411283684475603
UBFC_PHYS_s14_T2_ctrl,0,2983,99.43333333333334,-0.021398529980766953,1.1974953752215458
UBFC_PHYS_s14_T2_ctrl,0,2984,99.46666666666667,-0.013347736810808856,0.9234921051431526
UBFC_PHYS_s14_T2_ctrl,0,2985,99.5,-0.014943645318998758,0.5823743883390078
UBFC_PHYS_s14_T2_ctrl,0,2986,99.53333333333333,-0.028870182288981,0.21962096208865128
UBFC_PHYS_s14_T2_ctrl,0,2987,99.56666666666666,-0.05401700579127972,-0.13590180174546848
UBFC_PHYS_s14_T2_ctrl,0,2988,99.6,-0.08792254204924399,-0.46172045857458655
UBFC_PHYS_s14_T2_ctrl,0,2989,99.63333333333334,-0.12384714578880786,-0.739815616127874
UBFC_PHYS_s14_T2_ctrl,0,2990,99.66666666666667,-0.14652275061233358,-0.9599276390715047
UBFC_PHYS_s14_T2_ctrl,0,2991,99.7,-0.13672434086320065,-1.1178201978138878
UBFC_PHYS_s14_T2_ctrl,0,2992,99.73333333333333,-0.08372487242017408,-1.1898943145633263
UBFC_PHYS_s14_T2_ctrl,0,2993,99.76666666666667,0.006829913776526457,-1.1327037718334727
UBFC_PHYS_s14_T2_ctrl,0,2994,99.8,0.11701471223076321,-0.9293201327123574
UBFC_PHYS_s14_T2_ctrl,0,2995,99.83333333333333,0.2265077443375775,-0.5902070370914424
UBFC_PHYS_s14_T2_ctrl,0,2996,99.86666666666666,0.31884809841265027,-0.1513767713307555
UBFC_PHYS_s14_T2_ctrl,0,2997,99.9,0.3824645312580199,0.3242309043357089
UBFC_PHYS_s14_T2_ctrl,0,2998,99.93333333333334,0.41010052917582207,0.7567498255238929
UBFC_PHYS_s14_T2_ctrl,0,2999,99.96666666666667,0.3997865095440207,1.0482876147827802
UBFC_PHYS_s14_T2_ctrl,0,3000,100.0,0.35742337449623346,1.1546083919866483
UBFC_PHYS_s14_T2_ctrl,0,3001,100.03333333333333,0.2959777223027081,1.084323346845018
UBFC_PHYS_s14_T2_ctrl,0,3002,100.06666666666666,0.22814971784329346,0.8722505853977734
UBFC_PHYS_s14_T2_ctrl,0,3003,100.1,0.16098638837223697,0.578921796584992
UBFC_PHYS_s14_T2_ctrl,0,3004,100.13333333333334,0.10024996658228912,0.2490730957818174
UBFC_PHYS_s14_T2_ctrl,0,3005,100.16666666666667,0.054087915765575076,-0.08753460511700628
UBFC_PHYS_s14_T2_ctrl,0,3006,100.2,0.025493337381289984,-0.4072777259247644
UBFC_PHYS_s14_T2_ctrl,0,3007,100.23333333333333,0.005922629854352726,-0.690932646141843
UBFC_PHYS_s14_T2_ctrl,0,3008,100.26666666666667,-0.018779430336299904,-0.9181347772118432
UBFC_PHYS_s14_T2_ctrl,0,3009,100.3,-0.06307463031178534,-1.0659321756243596
UBFC_PHYS_s14_T2_ctrl,0,3010,100.33333333333333,-0.14346213093726,-1.1128652124707081
UBFC_PHYS_s14_T2_ctrl,0,3011,100.36666666666666,-0.2736489158535801,-1.0385339926439403
UBFC_PHYS_s14_T2_ctrl,0,3012,100.4,-0.45483944102664253,-0.8332465167950506
UBFC_PHYS_s14_T2_ctrl,0,3013,100.43333333333334,-0.6747520332573366,-0.498847998994014
UBFC_PHYS_s14_T2_ctrl,0,3014,100.46666666666667,-0.9092062391608532,-0.06030248069340738
UBFC_PHYS_s14_T2_ctrl,0,3015,100.5,-1.1199911968235703,0.4326065629452644
UBFC_PHYS_s14_T2_ctrl,0,3016,100.53333333333333,-1.2628373791507972,0.8992954554882607
UBFC_PHYS_s14_T2_ctrl,0,3017,100.56666666666666,-1.3042828667203858,1.2271455868576702
UBFC_PHYS_s14_T2_ctrl,0,3018,100.6,-1.2219517507611035,1.363553130212954
UBFC_PHYS_s14_T2_ctrl,0,3019,100.63333333333334,-0.9914305368408356,1.3150761453891695
UBFC_PHYS_s14_T2_ctrl,0,3020,100.66666666666667,-0.5999367706423465,1.1163377257881029
UBFC_PHYS_s14_T2_ctrl,0,3021,100.7,-0.08686974125131774,0.8293657218716682
UBFC_PHYS_s14_T2_ctrl,0,3022,100.73333333333333,0.4537776227444769,0.4923884143580744
UBFC_PHYS_s14_T2_ctrl,0,3023,100.76666666666667,0.9303863159454371,0.12078830652848688
UBFC_PHYS_s14_T2_ctrl,0,3024,100.8,1.2979035119099573,-0.26361391496458103
UBFC_PHYS_s14_T2_ctrl,0,3025,100.83333333333333,1.5511509947947355,-0.6305213835323157
UBFC_PHYS_s14_T2_ctrl,0,3026,100.86666666666666,1.7099606323213008,-0.9493898774628609
UBFC_PHYS_s14_T2_ctrl,0,3027,100.9,1.80880760074404,-1.1876760105973951
UBFC_PHYS_s14_T2_ctrl,0,3028,100.93333333333334,1.8735521384707081,-1.3177605483310362
UBFC_PHYS_s14_T2_ctrl,0,3029,100.96666666666667,1.9072116465127618,-1.3160413641665016
UBFC_PHYS_s14_T2_ctrl,0,3030,101.0,1.8961748493960162,-1.1638885643378956
UBFC_PHYS_s14_T2_ctrl,0,3031,101.03333333333333,1.8125953953704994,-0.8482088433065992
UBFC_PHYS_s14_T2_ctrl,0,3032,101.06666666666666,1.6176619562660828,-0.4002799580591395
UBFC_PHYS_s14_T2_ctrl,0,3033,101.1,1.2823174633978267,0.10286337606464868
UBFC_PHYS_s14_T2_ctrl,0,3034,101.13333333333334,0.7994081915549827,0.561346189749535
UBFC_PHYS_s14_T2_ctrl,0,3035,101.16666666666667,0.17043098880819407,0.8516953200436348
UBFC_PHYS_s14_T2_ctrl,0,3036,101.2,-0.597623573124794,0.9410671912003773
UBFC_PHYS_s14_T2_ctrl,0,3037,101.23333333333333,-1.4662432294264085,0.8860853237195325
UBFC_PHYS_s14_T2_ctrl,0,3038,101.26666666666667,-2.3458271081133097,0.7596132010278718
UBFC_PHYS_s14_T2_ctrl,0,3039,101.3,-3.10590788186989,0.6490294237852658
UBFC_PHYS_s14_T2_ctrl,0,3040,101.33333333333333,-3.603527891878416,0.586979923384704
UBFC_PHYS_s14_T2_ctrl,0,3041,101.36666666666666,-3.73200207315623,0.5512232375439656
UBFC_PHYS_s14_T2_ctrl,0,3042,101.4,-3.4821265122958414,0.5133934047229632
UBFC_PHYS_s14_T2_ctrl,0,3043,101.43333333333334,-2.962262736954832,0.44008101251942383
UBFC_PHYS_s14_T2_ctrl,0,3044,101.46666666666667,-2.342052931292159,0.30858896716734385
UBFC_PHYS_s14_T2_ctrl,0,3045,101.5,-1.748474915550804,0.1081310649874887
UBFC_PHYS_s14_T2_ctrl,0,3046,101.53333333333333,-1.1853204686617789,-0.15260594997436702
UBFC_PHYS_s14_T2_ctrl,0,3047,101.56666666666666,-0.5556822926451241,-0.4442503433229738
UBFC_PHYS_s14_T2_ctrl,0,3048,101.6,0.21720539454742624,-0.7217425132449363
UBFC_PHYS_s14_T2_ctrl,0,3049,101.63333333333334,1.0969014897179532,-0.9235169487926582
UBFC_PHYS_s14_T2_ctrl,0,3050,101.66666666666667,1.9608890489360207,-1.0143651838119931
UBFC_PHYS_s14_T2_ctrl,0,3051,101.7,2.6917793759734963,-0.984982709880212
UBFC_PHYS_s14_T2_ctrl,0,3052,101.73333333333333,3.225551784024294,-0.8364868491754575
UBFC_PHYS_s14_T2_ctrl,0,3053,101.76666666666667,3.5353281363968394,-0.5805812457426859
UBFC_PHYS_s14_T2_ctrl,0,3054,101.8,3.606800517628273,-0.2477298628432813
UBFC_PHYS_s14_T2_ctrl,0,3055,101.83333333333333,3.435456106079743,0.11189319857636021
UBFC_PHYS_s14_T2_ctrl,0,3056,101.86666666666666,3.0319421362181673,0.44783409793153195
UBFC_PHYS_s14_T2_ctrl,0,3057,101.9,2.4333361725552605,0.7082372917339669
UBFC_PHYS_s14_T2_ctrl,0,3058,101.93333333333334,1.7096718681943726,0.8672599340244675
UBFC_PHYS_s14_T2_ctrl,0,3059,101.96666666666667,0.9334500915531472,0.9239511024994446
UBFC_PHYS_s14_T2_ctrl,0,3060,102.0,0.13765125035581666,0.882874132649666
UBFC_PHYS_s14_T2_ctrl,0,3061,102.03333333333333,-0.667306717929253,0.7535722505348468
UBFC_PHYS_s14_T2_ctrl,0,3062,102.06666666666666,-1.4341840788992435,0.5502572857009893
UBFC_PHYS_s14_T2_ctrl,0,3063,102.1,-2.0658608008412416,0.2923338911463228
UBFC_PHYS_s14_T2_ctrl,0,3064,102.13333333333334,-2.462592788774683,-0.0029163923664487987
UBFC_PHYS_s14_T2_ctrl,0,3065,102.16666666666667,-2.570326244191115,-0.3189756675304633
UBFC_PHYS_s14_T2_ctrl,0,3066,102.2,-2.4015103589647406,-0.6299034562340581
UBFC_PHYS_s14_T2_ctrl,0,3067,102.23333333333333,-2.0320365752260527,-0.898811964471842
UBFC_PHYS_s14_T2_ctrl,0,3068,102.26666666666667,-1.570172468501287,-1.0892718417044047
UBFC_PHYS_s14_T2_ctrl,0,3069,102.3,-1.1097482080177619,-1.1644334236883356
UBFC_PHYS_s14_T2_ctrl,0,3070,102.33333333333333,-0.7047893884398699,-1.094368861545366
UBFC_PHYS_s14_T2_ctrl,0,3071,102.36666666666666,-0.3764323156375709,-0.8564024166570137
UBFC_PHYS_s14_T2_ctrl,0,3072,102.4,-0.127086073556288,-0.46655136305998746
UBFC_PHYS_s14_T2_ctrl,0,3073,102.43333333333334,0.053022782317892383,0.01921674080736148
UBFC_PHYS_s14_T2_ctrl,0,3074,102.46666666666667,0.18100962750933713,0.5173347524040226
UBFC_PHYS_s14_T2_ctrl,0,3075,102.5,0.27452226544520175,0.9155463997649784
UBFC_PHYS_s14_T2_ctrl,0,3076,102.53333333333333,0.346261263174431,1.1509778057106692
UBFC_PHYS_s14_T2_ctrl,0,3077,102.56666666666666,0.4025413800804163,1.2090821928453692
UBFC_PHYS_s14_T2_ctrl,0,3078,102.6,0.4451386626875451,1.109367434086693
UBFC_PHYS_s14_T2_ctrl,0,3079,102.63333333333334,0.4731238075362748,0.9044125057091867
UBFC_PHYS_s14_T2_ctrl,0,3080,102.66666666666667,0.4837330534313213,0.6417545633416306
UBFC_PHYS_s14_T2_ctrl,0,3081,102.7,0.4753709581805865,0.3639932833944485
UBFC_PHYS_s14_T2_ctrl,0,3082,102.73333333333333,0.4525855819682039,0.09469355532694662
UBFC_PHYS_s14_T2_ctrl,0,3083,102.76666666666667,0.42620041372175466,-0.16028865297595699
UBFC_PHYS_s14_T2_ctrl,0,3084,102.8,0.40537008507567646,-0.4044253953063034
UBFC_PHYS_s14_T2_ctrl,0,3085,102.83333333333333,0.3898768862716476,-0.6485703866592277
UBFC_PHYS_s14_T2_ctrl,0,3086,102.86666666666666,0.37153755307786906,-0.8739561036519488
UBFC_PHYS_s14_T2_ctrl,0,3087,102.9,0.3418198173004831,-1.030966610387919
UBFC_PHYS_s14_T2_ctrl,0,3088,102.93333333333334,0.29767233312364483,-1.076734727750045
UBFC_PHYS_s14_T2_ctrl,0,3089,102.96666666666667,0.24232676423689326,-0.9752388004052752
UBFC_PHYS_s14_T2_ctrl,0,3090,103.0,0.18168068423214725,-0.7214799014341209
UBFC_PHYS_s14_T2_ctrl,0,3091,103.03333333333333,0.11943480976406672,-0.3423468139799692
UBFC_PHYS_s14_T2_ctrl,0,3092,103.06666666666666,0.055887194356253535,0.10741541303949928
UBFC_PHYS_s14_T2_ctrl,0,3093,103.1,-0.009572653681484425,0.54406708421516
UBFC_PHYS_s14_T2_ctrl,0,3094,103.13333333333334,-0.07687849759519866,0.8923329488014483
UBFC_PHYS_s14_T2_ctrl,0,3095,103.16666666666667,-0.14502036097883206,1.0844417147041283
UBFC_PHYS_s14_T2_ctrl,0,3096,103.2,-0.2111049716114635,1.1064522651162494
UBFC_PHYS_s14_T2_ctrl,0,3097,103.23333333333333,-0.27045905329368924,0.9972810213633427
UBFC_PHYS_s14_T2_ctrl,0,3098,103.26666666666667,-0.3181799830229801,0.7980347636445028
UBFC_PHYS_s14_T2_ctrl,0,3099,103.3,-0.349295524786546,0.5516156687359803
UBFC_PHYS_s14_T2_ctrl,0,3100,103.33333333333333,-0.3586555202075087,0.2837818176909605
UBFC_PHYS_s14_T2_ctrl,0,3101,103.36666666666666,-0.34335910997371316,0.004181635813334427
UBFC_PHYS_s14_T2_ctrl,0,3102,103.4,-0.30494371155634276,-0.28515907240870475
UBFC_PHYS_s14_T2_ctrl,0,3103,103.43333333333334,-0.24864443933965363,-0.5878815687861416
UBFC_PHYS_s14_T2_ctrl,0,3104,103.46666666666667,-0.18199832270610075,-0.8825785981722571
UBFC_PHYS_s14_T2_ctrl,0,3105,103.5,-0.11324642009301154,-1.1212376346471884
UBFC_PHYS_s14_T2_ctrl,0,3106,103.53333333333333,-0.047911804108339985,-1.2615087915100625
UBFC_PHYS_s14_T2_ctrl,0,3107,103.56666666666666,0.012739804251841732,-1.266221517332265
UBFC_PHYS_s14_T2_ctrl,0,3108,103.6,0.0673214798908146,-1.1138418456082488
UBFC_PHYS_s14_T2_ctrl,0,3109,103.63333333333334,0.10925921489531376,-0.7990786454260754
UBFC_PHYS_s14_T2_ctrl,0,3110,103.66666666666667,0.12893457096393932,-0.34944196864697896
UBFC_PHYS_s14_T2_ctrl,0,3111,103.7,0.12155144254421195,0.1732637710758492
UBFC_PHYS_s14_T2_ctrl,0,3112,103.73333333333333,0.09198812468747236,0.6805623762287243
UBFC_PHYS_s14_T2_ctrl,0,3113,103.76666666666667,0.05231735381630457,1.056074000367426
UBFC_PHYS_s14_T2_ctrl,0,3114,103.8,0.015365343433964725,1.2410692018377114
UBFC_PHYS_s14_T2_ctrl,0,3115,103.83333333333333,-0.010977344811988275,1.2334367977692895
UBFC_PHYS_s14_T2_ctrl,0,3116,103.86666666666666,-0.02520208627479204,1.0704280547155867
UBFC_PHYS_s14_T2_ctrl,0,3117,103.9,-0.02818606861002127,0.8276129124778215
UBFC_PHYS_s14_T2_ctrl,0,3118,103.93333333333334,-0.018315172369744517,0.5589462815513446
UBFC_PHYS_s14_T2_ctrl,0,3119,103.96666666666667,0.008588863311822674,0.2969394592397924
UBFC_PHYS_s14_T2_ctrl,0,3120,104.0,0.05500982959030354,0.045243138381056584
UBFC_PHYS_s14_T2_ctrl,0,3121,104.03333333333333,0.11724991068430103,-0.21958387565127732
UBFC_PHYS_s14_T2_ctrl,0,3122,104.06666666666666,0.18452457933705338,-0.4991132210566116
UBFC_PHYS_s14_T2_ctrl,0,3123,104.1,0.24270163103180828,-0.7711007173288181
UBFC_PHYS_s14_T2_ctrl,0,3124,104.13333333333334,0.27926279280717115,-0.9919113675124759
UBFC_PHYS_s14_T2_ctrl,0,3125,104.16666666666667,0.28729076534101466,-1.0958218151593013
UBFC_PHYS_s14_T2_ctrl,0,3126,104.2,0.2682337420602177,-1.0368948713083599
UBFC_PHYS_s14_T2_ctrl,0,3127,104.23333333333333,0.22961529211033704,-0.7895533240121522
UBFC_PHYS_s14_T2_ctrl,0,3128,104.26666666666667,0.17744976944956803,-0.37568072092416016
UBFC_PHYS_s14_T2_ctrl,0,3129,104.3,0.11222657787148098,0.13424096729440665
UBFC_PHYS_s14_T2_ctrl,0,3130,104.33333333333333,0.03295182272303736,0.6399665801296408
UBFC_PHYS_s14_T2_ctrl,0,3131,104.36666666666666,-0.05689465579697836,1.0107276409363974
UBFC_PHYS_s14_T2_ctrl,0,3132,104.4,-0.14669792853852012,1.1810831057584936
UBFC_PHYS_s14_T2_ctrl,0,3133,104.43333333333334,-0.21957414524811703,1.1501586095587166
UBFC_PHYS_s14_T2_ctrl,0,3134,104.46666666666667,-0.2568480173012645,0.9604279480459372
UBFC_PHYS_s14_T2_ctrl,0,3135,104.5,-0.2456572690429229,0.6967290461070588
UBFC_PHYS_s14_T2_ctrl,0,3136,104.53333333333333,-0.18633988160579762,0.416836894512211
UBFC_PHYS_s14_T2_ctrl,0,3137,104.56666666666666,-0.09430018879217542,0.15171393008849476
UBFC_PHYS_s14_T2_ctrl,0,3138,104.6,0.0061529526451893635,-0.09658543918746701
UBFC_PHYS_s14_T2_ctrl,0,3139,104.63333333333334,0.09179411400387194,-0.3530450405011495
UBFC_PHYS_s14_T2_ctrl,0,3140,104.66666666666667,0.14746090335690357,-0.6225519713640763
UBFC_PHYS_s14_T2_ctrl,0,3141,104.7,0.16713189785446278,-0.8878907011731405
UBFC_PHYS_s14_T2_ctrl,0,3142,104.73333333333333,0.15156227245977064,-1.1112244473754398
UBFC_PHYS_s14_T2_ctrl,0,3143,104.76666666666667,0.10619911418718074,-1.2332642261451567
UBFC_PHYS_s14_T2_ctrl,0,3144,104.8,0.03966061378333643,-1.207570582314346
UBFC_PHYS_s14_T2_ctrl,0,3145,104.83333333333333,-0.038912566915937204,-1.001008629517707
UBFC_PHYS_s14_T2_ctrl,0,3146,104.86666666666666,-0.12260698293550035,-0.6198190842338791
UBFC_PHYS_s14_T2_ctrl,0,3147,104.9,-0.2068475830857765,-0.11092141136406077
UBFC_PHYS_s14_T2_ctrl,0,3148,104.93333333333334,-0.2867666876742251,0.442459978196606
UBFC_PHYS_s14_T2_ctrl,0,3149,104.96666666666667,-0.3542743277692977,0.9195364634095674
UBFC_PHYS_s14_T2_ctrl,0,3150,105.0,-0.39761297000952295,1.2343427993748903
UBFC_PHYS_s14_T2_ctrl,0,3151,105.03333333333333,-0.40531636953997563,1.3347826574783217
UBFC_PHYS_s14_T2_ctrl,0,3152,105.06666666666666,-0.37247225327325895,1.2255227356290994
UBFC_PHYS_s14_T2_ctrl,0,3153,105.1,-0.30348901130128114,0.9671287901301868
UBFC_PHYS_s14_T2_ctrl,0,3154,105.13333333333334,-0.2094226459749381,0.6212967023420823
UBFC_PHYS_s14_T2_ctrl,0,3155,105.16666666666667,-0.10359852126405614,0.25092185012100254
UBFC_PHYS_s14_T2_ctrl,0,3156,105.2,0.0014977592159599075,-0.10793617649876183
UBFC_PHYS_s14_T2_ctrl,0,3157,105.23333333333333,0.0959865645340244,-0.4444392979733337
UBFC_PHYS_s14_T2_ctrl,0,3158,105.26666666666667,0.17338966431516933,-0.7464450689772338
UBFC_PHYS_s14_T2_ctrl,0,3159,105.3,0.23110613834795313,-0.9984460057969826
UBFC_PHYS_s14_T2_ctrl,0,3160,105.33333333333333,0.27050699645380916,-1.1697690072349927
UBFC_PHYS_s14_T2_ctrl,0,3161,105.36666666666666,0.2947366586863417,-1.2136583656041648
UBFC_PHYS_s14_T2_ctrl,0,3162,105.4,0.30482750294107225,-1.0959378248086609
UBFC_PHYS_s14_T2_ctrl,0,3163,105.43333333333334,0.2983963708849653,-0.7956924028667938
UBFC_PHYS_s14_T2_ctrl,0,3164,105.46666666666667,0.2721161436192248,-0.33750672477065846
UBFC_PHYS_s14_T2_ctrl,0,3165,105.5,0.22488255210839575,0.20707458883803498
UBFC_PHYS_s14_T2_ctrl,0,3166,105.53333333333333,0.16014841276303277,0.7412566683198234
UBFC_PHYS_s14_T2_ctrl,0,3167,105.56666666666666,0.08654445898771473,1.1418621250502545
UBFC_PHYS_s14_T2_ctrl,0,3168,105.6,0.015097639611302791,1.3414619566830812
UBFC_PHYS_s14_T2_ctrl,0,3169,105.63333333333334,-0.043708330837509836,1.3274327243650252
UBFC_PHYS_s14_T2_ctrl,0,3170,105.66666666666667,-0.07923961648754993,1.124481481532214
UBFC_PHYS_s14_T2_ctrl,0,3171,105.7,-0.08160670734799401,0.7940273861444611
UBFC_PHYS_s14_T2_ctrl,0,3172,105.73333333333333,-0.04852946566168932,0.39816147670991264
UBFC_PHYS_s14_T2_ctrl,0,3173,105.76666666666667,0.009440999890193404,0.00022727274381982576
UBFC_PHYS_s14_T2_ctrl,0,3174,105.8,0.07254096326236786,-0.3590121935108333
UBFC_PHYS_s14_T2_ctrl,0,3175,105.83333333333333,0.1202617136711911,-0.6596896757065899
UBFC_PHYS_s14_T2_ctrl,0,3176,105.86666666666666,0.13883306698104841,-0.8897634112233216
UBFC_PHYS_s14_T2_ctrl,0,3177,105.9,0.1260156577888624,-1.04320052442546
UBFC_PHYS_s14_T2_ctrl,0,3178,105.93333333333334,0.09088704595816079,-1.104389320630072
UBFC_PHYS_s14_T2_ctrl,0,3179,105.96666666666667,0.04728613875662558,-1.0474838475681527
UBFC_PHYS_s14_T2_ctrl,0,3180,106.0,0.0058171459291355265,-0.850408273036369
UBFC_PHYS_s14_T2_ctrl,0,3181,106.03333333333333,-0.028645755128377037,-0.49590025532343884
UBFC_PHYS_s14_T2_ctrl,0,3182,106.06666666666666,-0.05405403782753339,-0.018984148495317002
UBFC_PHYS_s14_T2_ctrl,0,3183,106.1,-0.06925882949942325,0.49149401517286295
UBFC_PHYS_s14_T2_ctrl,0,3184,106.13333333333334,-0.07519543031992545,0.9431762017040731
UBFC_PHYS_s14_T2_ctrl,0,3185,106.16666666666667,-0.07511830186490874,1.2391909753331096
UBFC_PHYS_s14_T2_ctrl,0,3186,106.2,-0.072697772076525,1.3310451198213662
UBFC_PHYS_s14_T2_ctrl,0,3187,106.23333333333333,-0.07120159978320537,1.2178985786320577
UBFC_PHYS_s14_T2_ctrl,0,3188,106.26666666666667,-0.07401362386141414,0.9357594385802046
UBFC_PHYS_s14_T2_ctrl,0,3189,106.3,-0.08340913113646363,0.5572615235694292
UBFC_PHYS_s14_T2_ctrl,0,3190,106.33333333333333,-0.09788731913384413,0.14303573506716152
UBFC_PHYS_s14_T2_ctrl,0,3191,106.36666666666666,-0.11164396723406647,-0.25731644989312025
UBFC_PHYS_s14_T2_ctrl,0,3192,106.4,-0.11744452583855224,-0.6098476374241403
UBFC_PHYS_s14_T2_ctrl,0,3193,106.43333333333334,-0.11089666531241879,-0.8943661989855327
UBFC_PHYS_s14_T2_ctrl,0,3194,106.46666666666667,-0.09305368571060847,-1.0977857131189752
UBFC_PHYS_s14_T2_ctrl,0,3195,106.5,-0.06938353229752717,-1.212461937820148
UBFC_PHYS_s14_T2_ctrl,0,3196,106.53333333333333,-0.0463086850756246,-1.2274964375274122
UBFC_PHYS_s14_T2_ctrl,0,3197,106.56666666666666,-0.028374220691394798,-1.1282383062188
UBFC_PHYS_s14_T2_ctrl,0,3198,106.6,-0.01746537165871056,-0.9125283164189402
UBFC_PHYS_s14_T2_ctrl,0,3199,106.63333333333334,-0.013628330582662895,-0.5914935688409767
UBFC_PHYS_s14_T2_ctrl,0,3200,106.66666666666667,-0.016252289196310027,-0.2017306195558132
UBFC_PHYS_s14_T2_ctrl,0,3201,106.7,-0.024291998648943387,0.19341886415900575
UBFC_PHYS_s14_T2_ctrl,0,3202,106.73333333333333,-0.03624338692621448,0.5499444569238653
UBFC_PHYS_s14_T2_ctrl,0,3203,106.76666666666667,-0.05120803180847483,0.8415723397816933
UBFC_PHYS_s14_T2_ctrl,0,3204,106.8,-0.06931997592791371,1.0462044600790752
UBFC_PHYS_s14_T2_ctrl,0,3205,106.83333333333333,-0.0897191553748442,1.1444411998255914
UBFC_PHYS_s14_T2_ctrl,0,3206,106.86666666666666,-0.10823316845984464,1.131362670024451
UBFC_PHYS_s14_T2_ctrl,0,3207,106.9,-0.11758508552364416,1.0159562258515824
UBFC_PHYS_s14_T2_ctrl,0,3208,106.93333333333334,-0.11034752045467379,0.825287826289462
UBFC_PHYS_s14_T2_ctrl,0,3209,106.96666666666667,-0.08331517537189478,0.6045570006000069
UBFC_PHYS_s14_T2_ctrl,0,3210,107.0,-0.03998187480554202,0.373979467338813
UBFC_PHYS_s14_T2_ctrl,0,3211,107.03333333333333,0.01298254982894019,0.12981209972904303
UBFC_PHYS_s14_T2_ctrl,0,3212,107.06666666666666,0.07258695819670379,-0.12380525747722392
UBFC_PHYS_s14_T2_ctrl,0,3213,107.1,0.1407247665228589,-0.3731797436294616
UBFC_PHYS_s14_T2_ctrl,0,3214,107.13333333333334,0.21821427053972547,-0.5866927523646005
UBFC_PHYS_s14_T2_ctrl,0,3215,107.16666666666667,0.29993633390381985,-0.7138763820943788
UBFC_PHYS_s14_T2_ctrl,0,3216,107.2,0.3756325360959946,-0.7274224182127685
UBFC_PHYS_s14_T2_ctrl,0,3217,107.23333333333333,0.433564006296937,-0.6230088432612721
UBFC_PHYS_s14_T2_ctrl,0,3218,107.26666666666667,0.46442296902234037,-0.4225509172248445
UBFC_PHYS_s14_T2_ctrl,0,3219,107.3,0.4643063347692377,-0.17427306214534954
UBFC_PHYS_s14_T2_ctrl,0,3220,107.33333333333333,0.4348613997181034,0.07300060508203823
UBFC_PHYS_s14_T2_ctrl,0,3221,107.36666666666666,0.38111714314650896,0.2695113499016231
UBFC_PHYS_s14_T2_ctrl,0,3222,107.4,0.3099624052723531,0.38332883361536335
UBFC_PHYS_s14_T2_ctrl,0,3223,107.43333333333334,0.22902058135612754,0.39989107380257344
UBFC_PHYS_s14_T2_ctrl,0,3224,107.46666666666667,0.14315590759751595,0.33003545471503176
UBFC_PHYS_s14_T2_ctrl,0,3225,107.5,0.050175141681654246,0.20958541818748494
UBFC_PHYS_s14_T2_ctrl,0,3226,107.53333333333333,-0.05865136809909717,0.053369735727821506
UBFC_PHYS_s14_T2_ctrl,0,3227,107.56666666666666,-0.19177177736772139,-0.14433600498073607
UBFC_PHYS_s14_T2_ctrl,0,3228,107.6,-0.3494386700669211,-0.3802283841919812
UBFC_PHYS_s14_T2_ctrl,0,3229,107.63333333333334,-0.5199044994791131,-0.6406628102393415
UBFC_PHYS_s14_T2_ctrl,0,3230,107.66666666666667,-0.6809681633128881,-0.8911154213945753
UBFC_PHYS_s14_T2_ctrl,0,3231,107.7,-0.8060984888388478,-1.075334835111179
UBFC_PHYS_s14_T2_ctrl,0,3232,107.73333333333333,-0.8725519365069985,-1.1390601286170001
UBFC_PHYS_s14_T2_ctrl,0,3233,107.76666666666667,-0.8668416357704029,-1.0303019659706516
UBFC_PHYS_s14_T2_ctrl,0,3234,107.8,-0.7857758669925519,-0.7318976432471325
UBFC_PHYS_s14_T2_ctrl,0,3235,107.83333333333333,-0.6364632564083222,-0.26283380455231486
UBFC_PHYS_s14_T2_ctrl,0,3236,107.86666666666666,-0.4365642209780279,0.3022669765692238
UBFC_PHYS_s14_T2_ctrl,0,3237,107.9,-0.21106992619411258,0.8318816060577903
UBFC_PHYS_s14_T2_ctrl,0,3238,107.93333333333334,0.014395119709273506,1.2279453134941805
UBFC_PHYS_s14_T2_ctrl,0,3239,107.96666666666667,0.21840809308206557,1.424832492245498
UBFC_PHYS_s14_T2_ctrl,0,3240,108.0,0.3853119951564346,1.4168455285796395
UBFC_PHYS_s14_T2_ctrl,0,3241,108.03333333333333,0.5060570919505213,1.25693050563641
UBFC_PHYS_s14_T2_ctrl,0,3242,108.06666666666666,0.5776251332043355,0.9988197051473232
UBFC_PHYS_s14_T2_ctrl,0,3243,108.1,0.6005179277908241,0.6966084671534438
UBFC_PHYS_s14_T2_ctrl,0,3244,108.13333333333334,0.5778493840121366,0.3733904065404317
UBFC_PHYS_s14_T2_ctrl,0,3245,108.16666666666667,0.5168687540072702,0.02275374021035945
UBFC_PHYS_s14_T2_ctrl,0,3246,108.2,0.4297537214102771,-0.3438011958024083
UBFC_PHYS_s14_T2_ctrl,0,3247,108.23333333333333,0.3322571500818502,-0.6946710834758554
UBFC_PHYS_s14_T2_ctrl,0,3248,108.26666666666667,0.2399228902854653,-0.9834322420413366
UBFC_PHYS_s14_T2_ctrl,0,3249,108.3,0.16267955170205534,-1.1476465534213511
UBFC_PHYS_s14_T2_ctrl,0,3250,108.33333333333333,0.10294724946501214,-1.1439888363449748
UBFC_PHYS_s14_T2_ctrl,0,3251,108.36666666666666,0.05992835953067718,-0.9482987893878505
UBFC_PHYS_s14_T2_ctrl,0,3252,108.4,0.03394042381524022,-0.5726343490283635
UBFC_PHYS_s14_T2_ctrl,0,3253,108.43333333333334,0.025353366847952134,-0.06630777255167525
UBFC_PHYS_s14_T2_ctrl,0,3254,108.46666666666667,0.031098480360519418,0.46942501521427377
UBFC_PHYS_s14_T2_ctrl,0,3255,108.5,0.043886306899791304,0.8806710645980906
UBFC_PHYS_s14_T2_ctrl,0,3256,108.53333333333333,0.055374981186717194,1.0879198440550852
UBFC_PHYS_s14_T2_ctrl,0,3257,108.56666666666666,0.06052569295682341,1.0854048351100907
UBFC_PHYS_s14_T2_ctrl,0,3258,108.6,0.05854857510178984,0.9092163505886306
UBFC_PHYS_s14_T2_ctrl,0,3259,108.63333333333334,0.04932516121078265,0.6362987233486521
UBFC_PHYS_s14_T2_ctrl,0,3260,108.66666666666667,0.029614988119537354,0.31431431563325907
UBFC_PHYS_s14_T2_ctrl,0,3261,108.7,-0.007068858328947145,-0.037754848350496945
UBFC_PHYS_s14_T2_ctrl,0,3262,108.73333333333333,-0.06702970758852339,-0.400539893650534
UBFC_PHYS_s14_T2_ctrl,0,3263,108.76666666666667,-0.15122827689882065,-0.7523041789670905
UBFC_PHYS_s14_T2_ctrl,0,3264,108.8,-0.25105453851455156,-1.0567016822359638
UBFC_PHYS_s14_T2_ctrl,0,3265,108.83333333333333,-0.34841861521964657,-1.2612949152809443
UBFC_PHYS_s14_T2_ctrl,0,3266,108.86666666666666,-0.42141758689785835,-1.3236013129063935
UBFC_PHYS_s14_T2_ctrl,0,3267,108.9,-0.4530675537566084,-1.2108536133896721
UBFC_PHYS_s14_T2_ctrl,0,3268,108.93333333333334,-0.43797397545217187,-0.9104022101814869
UBFC_PHYS_s14_T2_ctrl,0,3269,108.96666666666667,-0.3824511807745131,-0.4309014564326137
UBFC_PHYS_s14_T2_ctrl,0,3270,109.0,-0.29921847304523047,0.15451288494855278
UBFC_PHYS_s14_T2_ctrl,0,3271,109.03333333333333,-0.2024214306226825,0.7068726212936131
UBFC_PHYS_s14_T2_ctrl,0,3272,109.06666666666666,-0.10511758949844865,1.124478673327329
UBFC_PHYS_s14_T2_ctrl,0,3273,109.1,-0.016822332989721592,1.3418485649329832
UBFC_PHYS_s14_T2_ctrl,0,3274,109.13333333333334,0.05830677822227786,1.3484736920538802
UBFC_PHYS_s14_T2_ctrl,0,3275,109.16666666666667,0.11976287538362224,1.1875438667076315
UBFC_PHYS_s14_T2_ctrl,0,3276,109.2,0.16705708281890808,0.9057646851868184
UBFC_PHYS_s14_T2_ctrl,0,3277,109.23333333333333,0.19803011573751303,0.5531522000184926
UBFC_PHYS_s14_T2_ctrl,0,3278,109.26666666666667,0.20928904765862227,0.165022441159159
UBFC_PHYS_s14_T2_ctrl,0,3279,109.3,0.19730455019627213,-0.23650425077224738
UBFC_PHYS_s14_T2_ctrl,0,3280,109.33333333333333,0.16103137366275108,-0.619554468646003
UBFC_PHYS_s14_T2_ctrl,0,3281,109.36666666666666,0.10633683341014644,-0.9405427225244481
UBFC_PHYS_s14_T2_ctrl,0,3282,109.4,0.04814822187998654,-1.161695140086803
UBFC_PHYS_s14_T2_ctrl,0,3283,109.43333333333334,0.0062608678851996565,-1.24983695008122
UBFC_PHYS_s14_T2_ctrl,0,3284,109.46666666666667,-0.0028250343589454555,-1.1755448026024453
UBFC_PHYS_s14_T2_ctrl,0,3285,109.5,0.027605548309202498,-0.9133646371715729
UBFC_PHYS_s14_T2_ctrl,0,3286,109.53333333333333,0.09217815353176867,-0.48140516788747717
UBFC_PHYS_s14_T2_ctrl,0,3287,109.56666666666666,0.1756734043520188,0.05730093900450357
UBFC_PHYS_s14_T2_ctrl,0,3288,109.6,0.25884720999502964,0.6035790176864947
UBFC_PHYS_s14_T2_ctrl,0,3289,109.63333333333334,0.32368980470654896,1.0211058856151554
UBFC_PHYS_s14_T2_ctrl,0,3290,109.66666666666667,0.3557860952949368,1.2452703686458944
UBFC_PHYS_s14_T2_ctrl,0,3291,109.7,0.3463981856460096,1.2820446914561536
UBFC_PHYS_s14_T2_ctrl,0,3292,109.73333333333333,0.2950471435592427,1.1590823274436948
UBFC_PHYS_s14_T2_ctrl,0,3293,109.76666666666667,0.20916328269065487,0.9246688147825377
UBFC_PHYS_s14_T2_ctrl,0,3294,109.8,0.10041349567106964,0.6199185517221073
UBFC_PHYS_s14_T2_ctrl,0,3295,109.83333333333333,-0.01845445502594185,0.2792912335463579
UBFC_PHYS_s14_T2_ctrl,0,3296,109.86666666666666,-0.1352036206527938,-0.07058905173094221
UBFC_PHYS_s14_T2_ctrl,0,3297,109.9,-0.2399368766206313,-0.40923126126377385
UBFC_PHYS_s14_T2_ctrl,0,3298,109.93333333333334,-0.3260228808143849,-0.7083198403531479
UBFC_PHYS_s14_T2_ctrl,0,3299,109.96666666666667,-0.3878080945419684,-0.9300730045017377
UBFC_PHYS_s14_T2_ctrl,0,3300,110.0,-0.4178788274396549,-1.0433758661983885
UBFC_PHYS_s14_T2_ctrl,0,3301,110.03333333333333,-0.4090716062531258,-1.023060962500285
UBFC_PHYS_s14_T2_ctrl,0,3302,110.06666666666666,-0.3601463733738288,-0.8584922831044157
UBFC_PHYS_s14_T2_ctrl,0,3303,110.1,-0.27892660454967194,-0.5539988623390484
UBFC_PHYS_s14_T2_ctrl,0,3304,110.13333333333334,-0.18055742966718843,-0.15465074495172754
UBFC_PHYS_s14_T2_ctrl,0,3305,110.16666666666667,-0.08339663513673536,0.25286580600029535
UBFC_PHYS_s14_T2_ctrl,0,3306,110.2,-0.004785338922308008,0.5877385174553044
UBFC_PHYS_s14_T2_ctrl,0,3307,110.23333333333333,0.04297314409341412,0.7744360049233865
UBFC_PHYS_s14_T2_ctrl,0,3308,110.26666666666667,0.05576486619777846,0.7922034308885668
UBFC_PHYS_s14_T2_ctrl,0,3309,110.3,0.03757910194025977,0.6743140942716689
UBFC_PHYS_s14_T2_ctrl,0,3310,110.33333333333333,-0.002944721804114779,0.4591067179492144
UBFC_PHYS_s14_T2_ctrl,0,3311,110.36666666666666,-0.05520226605130898,0.18971132954206565
UBFC_PHYS_s14_T2_ctrl,0,3312,110.4,-0.10677517499896058,-0.10314967285927751
UBFC_PHYS_s14_T2_ctrl,0,3313,110.43333333333334,-0.14413664946893756,-0.40013617739008384
UBFC_PHYS_s14_T2_ctrl,0,3314,110.46666666666667,-0.15526399625718276,-0.676710966977883
UBFC_PHYS_s14_T2_ctrl,0,3315,110.5,-0.13219535822114703,-0.9017450141292844
UBFC_PHYS_s14_T2_ctrl,0,3316,110.53333333333333,-0.0726190405048338,-1.0392528071818439
UBFC_PHYS_s14_T2_ctrl,0,3317,110.56666666666666,0.019720649821087226,-1.0478503492368931
UBFC_PHYS_s14_T2_ctrl,0,3318,110.6,0.13631904861311786,-0.9044650912343756
UBFC_PHYS_s14_T2_ctrl,0,3319,110.63333333333334,0.26483463588691636,-0.6049788994968397
UBFC_PHYS_s14_T2_ctrl,0,3320,110.66666666666667,0.3878157272944591,-0.18583557359486425
UBFC_PHYS_s14_T2_ctrl,0,3321,110.7,0.4835334117541741,0.27482126470034984
UBFC_PHYS_s14_T2_ctrl,0,3322,110.73333333333333,0.5331436290086161,0.6946504095591403
UBFC_PHYS_s14_T2_ctrl,0,3323,110.76666666666667,0.5284002824148032,0.9861471786288382
UBFC_PHYS_s14_T2_ctrl,0,3324,110.8,0.47233489455144445,1.1204783244593253
UBFC_PHYS_s14_T2_ctrl,0,3325,110.83333333333333,0.3761889251606958,1.1261987422275668
UBFC_PHYS_s14_T2_ctrl,0,3326,110.86666666666666,0.2578403306795427,1.0349234959767821
UBFC_PHYS_s14_T2_ctrl,0,3327,110.9,0.13837000965535215,0.8803688661148283
UBFC_PHYS_s14_T2_ctrl,0,3328,110.93333333333334,0.0347130094182053,0.6874502402623461
UBFC_PHYS_s14_T2_ctrl,0,3329,110.96666666666667,-0.04587461928576649,0.47268560867195386
UBFC_PHYS_s14_T2_ctrl,0,3330,111.0,-0.10551707077820044,0.24925916656886504
UBFC_PHYS_s14_T2_ctrl,0,3331,111.03333333333333,-0.15185105955237096,0.028214115686873893
UBFC_PHYS_s14_T2_ctrl,0,3332,111.06666666666666,-0.19317728109195448,-0.17377702381425716
UBFC_PHYS_s14_T2_ctrl,0,3333,111.1,-0.23334052893172152,-0.3332598311438841
UBFC_PHYS_s14_T2_ctrl,0,3334,111.13333333333334,-0.2690142824565739,-0.43159516802218456
UBFC_PHYS_s14_T2_ctrl,0,3335,111.16666666666667,-0.2926678023703531,-0.45429575856654714
UBFC_PHYS_s14_T2_ctrl,0,3336,111.2,-0.2985261426411679,-0.4040384614627227
UBFC_PHYS_s14_T2_ctrl,0,3337,111.23333333333333,-0.28517351166708976,-0.30036529674565093
UBFC_PHYS_s14_T2_ctrl,0,3338,111.26666666666667,-0.2545114592074288,-0.17995437114918417
UBFC_PHYS_s14_T2_ctrl,0,3339,111.3,-0.21150529114171682,-0.09625165452014095
UBFC_PHYS_s14_T2_ctrl,0,3340,111.33333333333333,-0.1644020131654546,-0.06648729117794105
UBFC_PHYS_s14_T2_ctrl,0,3341,111.36666666666666,-0.1222237964923295,-0.0717343469114342
UBFC_PHYS_s14_T2_ctrl,0,3342,111.4,-0.09088602047383956,-0.10150836509412892
UBFC_PHYS_s14_T2_ctrl,0,3343,111.43333333333334,-0.07142249798512763,-0.15400064692374185
UBFC_PHYS_s14_T2_ctrl,0,3344,111.46666666666667,-0.06126273034221412,-0.22376920562369218
UBFC_PHYS_s14_T2_ctrl,0,3345,111.5,-0.05723459472985607,-0.3015041729803044
UBFC_PHYS_s14_T2_ctrl,0,3346,111.53333333333333,-0.05747371021318792,-0.3771328904437586
UBFC_PHYS_s14_T2_ctrl,0,3347,111.56666666666666,-0.06063055685251656,-0.43955505761561275
UBFC_PHYS_s14_T2_ctrl,0,3348,111.6,-0.06443007094419981,-0.47852787127974294
UBFC_PHYS_s14_T2_ctrl,0,3349,111.63333333333334,-0.06541496800156316,-0.48453298369325726
UBFC_PHYS_s14_T2_ctrl,0,3350,111.66666666666667,-0.059454178484612666,-0.44416824325157633
UBFC_PHYS_s14_T2_ctrl,0,3351,111.7,-0.0433117546914612,-0.3405253418197508
UBFC_PHYS_s14_T2_ctrl,0,3352,111.73333333333333,-0.016819111932857924,-0.17355251664741642
UBFC_PHYS_s14_T2_ctrl,0,3353,111.76666666666667,0.016637872320100038,0.03915493357430173
UBFC_PHYS_s14_T2_ctrl,0,3354,111.8,0.05168563302780686,0.2505798588340031
UBFC_PHYS_s14_T2_ctrl,0,3355,111.83333333333333,0.08291484184752512,0.38406045876889133
UBFC_PHYS_s14_T2_ctrl,0,3356,111.86666666666666,0.10571675661924616,0.4182247076797223
UBFC_PHYS_s14_T2_ctrl,0,3357,111.9,0.11529547407864535,0.3865953860395923
UBFC_PHYS_s14_T2_ctrl,0,3358,111.93333333333334,0.10642593734965922,0.3305311947225328
UBFC_PHYS_s14_T2_ctrl,0,3359,111.96666666666667,0.07839830974578975,0.29821219565138457
UBFC_PHYS_s14_T2_ctrl,0,3360,112.0,0.04200900466683295,0.3016348326185591
UBFC_PHYS_s14_T2_ctrl,0,3361,112.03333333333333,0.01763276857145608,0.3164572824762059
UBFC_PHYS_s14_T2_ctrl,0,3362,112.06666666666666,0.02246417718096197,0.3283982951988802
UBFC_PHYS_s14_T2_ctrl,0,3363,112.1,0.05959791625572203,0.33351380289880317
UBFC_PHYS_s14_T2_ctrl,0,3364,112.13333333333334,0.11770358617656076,0.3035926726075592
UBFC_PHYS_s14_T2_ctrl,0,3365,112.16666666666667,0.17760535009307885,0.1869171307891083
UBFC_PHYS_s14_T2_ctrl,0,3366,112.2,0.22100693800849208,-0.017275726747065456
UBFC_PHYS_s14_T2_ctrl,0,3367,112.23333333333333,0.238575164039974,-0.25793920936759823
UBFC_PHYS_s14_T2_ctrl,0,3368,112.26666666666667,0.23269873194369195,-0.44959050471126205
UBFC_PHYS_s14_T2_ctrl,0,3369,112.3,0.213789096517432,-0.47304095143549324
UBFC_PHYS_s14_T2_ctrl,0,3370,112.33333333333333,0.19454716767750857,-0.30305587616895757
UBFC_PHYS_s14_T2_ctrl,0,3371,112.36666666666666,0.1847152718880188,-0.008895623934312619
UBFC_PHYS_s14_T2_ctrl,0,3372,112.4,0.18707691147671868,0.3017058596344527
UBFC_PHYS_s14_T2_ctrl,0,3373,112.43333333333334,0.19766076724260165,0.4835636487934875
UBFC_PHYS_s14_T2_ctrl,0,3374,112.46666666666667,0.20918536177469305,0.5082019699056441
UBFC_PHYS_s14_T2_ctrl,0,3375,112.5,0.2127380577038075,0.46340576845508363
UBFC_PHYS_s14_T2_ctrl,0,3376,112.53333333333333,0.19945495795127594,0.4033443163520103
UBFC_PHYS_s14_T2_ctrl,0,3377,112.56666666666666,0.16524748259772545,0.34737182356649154
UBFC_PHYS_s14_T2_ctrl,0,3378,112.6,0.11137916082995003,0.2910336476937395
UBFC_PHYS_s14_T2_ctrl,0,3379,112.63333333333334,0.03710856517132782,0.20663901522008532
UBFC_PHYS_s14_T2_ctrl,0,3380,112.66666666666667,-0.06551703540649992,0.07080059282852111
UBFC_PHYS_s14_T2_ctrl,0,3381,112.7,-0.20733820387692656,-0.13424481509914626
UBFC_PHYS_s14_T2_ctrl,0,3382,112.73333333333333,-0.3920060075275159,-0.3984854382487751
UBFC_PHYS_s14_T2_ctrl,0,3383,112.76666666666667,-0.6067194502657444,-0.6829181306475876
UBFC_PHYS_s14_T2_ctrl,0,3384,112.8,-0.8212598385124477,-0.922172044183541
UBFC_PHYS_s14_T2_ctrl,0,3385,112.83333333333333,-0.9977919592316082,-1.024330000799727
UBFC_PHYS_s14_T2_ctrl,0,3386,112.86666666666666,-1.100879550236876,-0.9428341097208728
UBFC_PHYS_s14_T2_ctrl,0,3387,112.9,-1.1014010025935648,-0.6770864053316445
UBFC_PHYS_s14_T2_ctrl,0,3388,112.93333333333334,-0.9838839709696489,-0.3045746486864206
UBFC_PHYS_s14_T2_ctrl,0,3389,112.96666666666667,-0.7569775967341167,0.019448360788630804
UBFC_PHYS_s14_T2_ctrl,0,3390,113.0,-0.4483972615152859,0.2215319581541672
UBFC_PHYS_s14_T2_ctrl,0,3391,113.03333333333333,-0.08406583074550607,0.3098000148195057
UBFC_PHYS_s14_T2_ctrl,0,3392,113.06666666666666,0.320015127286685,0.3150610825641557
UBFC_PHYS_s14_T2_ctrl,0,3393,113.1,0.7426972051276075,0.2892557360425463
UBFC_PHYS_s14_T2_ctrl,0,3394,113.13333333333334,1.1456640252486094,0.2635046777200271
UBFC_PHYS_s14_T2_ctrl,0,3395,113.16666666666667,1.4831177382105367,0.24735828614112876
UBFC_PHYS_s14_T2_ctrl,0,3396,113.2,1.7186525337292178,0.22827611700590048
UBFC_PHYS_s14_T2_ctrl,0,3397,113.23333333333333,1.8271023507498139,0.1720631508503721
UBFC_PHYS_s14_T2_ctrl,0,3398,113.26666666666667,1.7810450485277944,0.04856965148317509
UBFC_PHYS_s14_T2_ctrl,0,3399,113.3,1.5473157747201975,-0.1670769980685365
UBFC_PHYS_s14_T2_ctrl,0,3400,113.33333333333333,1.113503093878272,-0.423837137380355
UBFC_PHYS_s14_T2_ctrl,0,3401,113.36666666666666,0.5200370219162421,-0.5947198464881254
UBFC_PHYS_s14_T2_ctrl,0,3402,113.4,-0.14750859084969645,-0.5816030488290184
UBFC_PHYS_s14_T2_ctrl,0,3403,113.43333333333334,-0.8029781533188837,-0.316865091294513
UBFC_PHYS_s14_T2_ctrl,0,3404,113.46666666666667,-1.3870589486392457,0.13939688096746847
UBFC_PHYS_s14_T2_ctrl,0,3405,113.5,-1.8463831401486646,0.5991819466545137
UBFC_PHYS_s14_T2_ctrl,0,3406,113.53333333333333,-2.102677837110442,0.931097169059878
UBFC_PHYS_s14_T2_ctrl,0,3407,113.56666666666666,-2.07920548805454,1.0608421199178688
UBFC_PHYS_s14_T2_ctrl,0,3408,113.6,-1.7793835279869628,0.9945976710343426
UBFC_PHYS_s14_T2_ctrl,0,3409,113.63333333333334,-1.318195672170983,0.8179274298882735
UBFC_PHYS_s14_T2_ctrl,0,3410,113.66666666666667,-0.8494565145026803,0.5949290734825818
UBFC_PHYS_s14_T2_ctrl,0,3411,113.7,-0.4635048591473406,0.3676784515611324
UBFC_PHYS_s14_T2_ctrl,0,3412,113.73333333333333,-0.15444253711167874,0.15524295746031816
UBFC_PHYS_s14_T2_ctrl,0,3413,113.76666666666667,0.13450448425091724,-0.04520153794147632
UBFC_PHYS_s14_T2_ctrl,0,3414,113.8,0.44397057507757837,-0.24771956535831083
UBFC_PHYS_s14_T2_ctrl,0,3415,113.83333333333333,0.7626244271947817,-0.475728822957883
UBFC_PHYS_s14_T2_ctrl,0,3416,113.86666666666666,1.0396291732639042,-0.7119877875491898
UBFC_PHYS_s14_T2_ctrl,0,3417,113.9,1.222292759625811,-0.8974116306134344
UBFC_PHYS_s14_T2_ctrl,0,3418,113.93333333333334,1.281083880660284,-0.9656919871363177
UBFC_PHYS_s14_T2_ctrl,0,3419,113.96666666666667,1.208570350332981,-0.8438362063035689
UBFC_PHYS_s14_T2_ctrl,0,3420,114.0,1.0142233413060209,-0.5301772086405925
UBFC_PHYS_s14_T2_ctrl,0,3421,114.03333333333333,0.7332858885107161,-0.09526059150419527
UBFC_PHYS_s14_T2_ctrl,0,3422,114.06666666666666,0.42861909198356885,0.34810991012250614
UBFC_PHYS_s14_T2_ctrl,0,3423,114.1,0.16455014062271597,0.6450301296332422
UBFC_PHYS_s14_T2_ctrl,0,3424,114.13333333333334,-0.02396797481345795,0.7335356113899271
UBFC_PHYS_s14_T2_ctrl,0,3425,114.16666666666667,-0.13695596665047433,0.6442737741936655
UBFC_PHYS_s14_T2_ctrl,0,3426,114.2,-0.19407304792761965,0.42899794634724353
UBFC_PHYS_s14_T2_ctrl,0,3427,114.23333333333333,-0.2179976026533963,0.159721246987796
UBFC_PHYS_s14_T2_ctrl,0,3428,114.26666666666667,-0.22606098556604315,-0.11601023138577816
UBFC_PHYS_s14_T2_ctrl,0,3429,114.3,-0.2294413437271477,-0.3745619855127448
UBFC_PHYS_s14_T2_ctrl,0,3430,114.33333333333333,-0.23471409416151678,-0.5982715395121967
UBFC_PHYS_s14_T2_ctrl,0,3431,114.36666666666666,-0.24295370733452465,-0.774119324868861
UBFC_PHYS_s14_T2_ctrl,0,3432,114.4,-0.2487257190517072,-0.8951881789697568
UBFC_PHYS_s14_T2_ctrl,0,3433,114.43333333333334,-0.24417752513320856,-0.9596284062043593
UBFC_PHYS_s14_T2_ctrl,0,3434,114.46666666666667,-0.2252486555309813,-0.9263095546622971
UBFC_PHYS_s14_T2_ctrl,0,3435,114.5,-0.19294718579840653,-0.715579409862451
UBFC_PHYS_s14_T2_ctrl,0,3436,114.53333333333333,-0.15053919395127308,-0.3102251107187967
UBFC_PHYS_s14_T2_ctrl,0,3437,114.56666666666666,-0.10131465770644305,0.24247919538398016
UBFC_PHYS_s14_T2_ctrl,0,3438,114.6,-0.04671120549513638,0.8248301892191292
UBFC_PHYS_s14_T2_ctrl,0,3439,114.63333333333334,0.014846690376716879,1.248084286275986
UBFC_PHYS_s14_T2_ctrl,0,3440,114.66666666666667,0.08512351283035348,1.4192117383082277
UBFC_PHYS_s14_T2_ctrl,0,3441,114.7,0.1612266677786344,1.3405090165558426
UBFC_PHYS_s14_T2_ctrl,0,3442,114.73333333333333,0.23425610416871812,1.066193766873849
UBFC_PHYS_s14_T2_ctrl,0,3443,114.76666666666667,0.291469247255967,0.7013834565930736
UBFC_PHYS_s14_T2_ctrl,0,3444,114.8,0.3185855453912435,0.32787725723738503
UBFC_PHYS_s14_T2_ctrl,0,3445,114.83333333333333,0.30280273555513754,0.0044033989080679535
UBFC_PHYS_s14_T2_ctrl,0,3446,114.86666666666666,0.2380287070907606,-0.24746089930343815
UBFC_PHYS_s14_T2_ctrl,0,3447,114.9,0.12847686084126292,-0.4415920087811265
UBFC_PHYS_s14_T2_ctrl,0,3448,114.93333333333334,-0.013282206293065264,-0.5988662087032857
UBFC_PHYS_s14_T2_ctrl,0,3449,114.96666666666667,-0.1706933109180572,-0.745159259134018
UBFC_PHYS_s14_T2_ctrl,0,3450,115.0,-0.32607046941902856,-0.860620858612124
UBFC_PHYS_s14_T2_ctrl,0,3451,115.03333333333333,-0.46324153780804983,-0.8791884764798548
UBFC_PHYS_s14_T2_ctrl,0,3452,115.06666666666666,-0.5698503118343122,-0.7459966318730117
UBFC_PHYS_s14_T2_ctrl,0,3453,115.1,-0.6368136266036859,-0.41881599025909977
UBFC_PHYS_s14_T2_ctrl,0,3454,115.13333333333334,-0.6573698145230217,0.04717117138582877
UBFC_PHYS_s14_T2_ctrl,0,3455,115.16666666666667,-0.6275957934957523,0.49862281520298973
UBFC_PHYS_s14_T2_ctrl,0,3456,115.2,-0.545942885940693,0.8195556533114375
UBFC_PHYS_s14_T2_ctrl,0,3457,115.23333333333333,-0.41513354298657046,0.9314572273627051
UBFC_PHYS_s14_T2_ctrl,0,3458,115.26666666666667,-0.24969757408994941,0.8253887723824498
UBFC_PHYS_s14_T2_ctrl,0,3459,115.3,-0.07733922990536635,0.5614468920979421
UBFC_PHYS_s14_T2_ctrl,0,3460,115.33333333333333,0.07441951628895851,0.21727291617552344
UBFC_PHYS_s14_T2_ctrl,0,3461,115.36666666666666,0.19173318634531827,-0.11228576059085532
UBFC_PHYS_s14_T2_ctrl,0,3462,115.4,0.275592789116224,-0.36845295160559505
UBFC_PHYS_s14_T2_ctrl,0,3463,115.43333333333334,0.3376540251289706,-0.5278487109803476
UBFC_PHYS_s14_T2_ctrl,0,3464,115.46666666666667,0.39443592427667784,-0.6071736468158908
UBFC_PHYS_s14_T2_ctrl,0,3465,115.5,0.4552905004220968,-0.6615809081635489
UBFC_PHYS_s14_T2_ctrl,0,3466,115.53333333333333,0.5122749098746321,-0.706949887648444
UBFC_PHYS_s14_T2_ctrl,0,3467,115.56666666666666,0.5451860703375124,-0.719038061382412
UBFC_PHYS_s14_T2_ctrl,0,3468,115.6,0.5355460791393737,-0.6505843709842314
UBFC_PHYS_s14_T2_ctrl,0,3469,115.63333333333334,0.4755630476166634,-0.4325871515843961
UBFC_PHYS_s14_T2_ctrl,0,3470,115.66666666666667,0.3724458027959556,-0.062192849035162756
UBFC_PHYS_s14_T2_ctrl,0,3471,115.7,0.25014999897311174,0.3956554426662663
UBFC_PHYS_s14_T2_ctrl,0,3472,115.73333333333333,0.1410081657261825,0.8393496375723082
UBFC_PHYS_s14_T2_ctrl,0,3473,115.76666666666667,0.06838211343987827,1.1302617580296197
UBFC_PHYS_s14_T2_ctrl,0,3474,115.8,0.03635407709779474,1.202387820254986
UBFC_PHYS_s14_T2_ctrl,0,3475,115.83333333333333,0.03420442968974235,1.0621701285665828
UBFC_PHYS_s14_T2_ctrl,0,3476,115.86666666666666,0.04621068693047333,0.7607982969689973
UBFC_PHYS_s14_T2_ctrl,0,3477,115.9,0.05829181689866837,0.3937533054985185
UBFC_PHYS_s14_T2_ctrl,0,3478,115.93333333333334,0.06173193689340426,0.0402176190586155
UBFC_PHYS_s14_T2_ctrl,0,3479,115.96666666666667,0.05461413420616236,-0.23655383209218325
UBFC_PHYS_s14_T2_ctrl,0,3480,116.0,0.04026416065689438,-0.4177369970524515
UBFC_PHYS_s14_T2_ctrl,0,3481,116.03333333333333,0.02336199902400001,-0.5274710170997188
UBFC_PHYS_s14_T2_ctrl,0,3482,116.06666666666666,0.005424352085317545,-0.5945188522915373
UBFC_PHYS_s14_T2_ctrl,0,3483,116.1,-0.017530210740460468,-0.6506258212947861
UBFC_PHYS_s14_T2_ctrl,0,3484,116.13333333333334,-0.0532255436540731,-0.6826362076332428
UBFC_PHYS_s14_T2_ctrl,0,3485,116.16666666666667,-0.10950185483212008,-0.6324485306166236
UBFC_PHYS_s14_T2_ctrl,0,3486,116.2,-0.19171409027205008,-0.4707556010532754
UBFC_PHYS_s14_T2_ctrl,0,3487,116.23333333333333,-0.30014908911650395,-0.19823421004214048
UBFC_PHYS_s14_T2_ctrl,0,3488,116.26666666666667,-0.4263434923682807,0.134990085898805
UBFC_PHYS_s14_T2_ctrl,0,3489,116.3,-0.5506927816795113,0.4288406590178455
UBFC_PHYS_s14_T2_ctrl,0,3490,116.33333333333333,-0.6445572213977164,0.6072409209585036
UBFC_PHYS_s14_T2_ctrl,0,3491,116.36666666666666,-0.6791758565355298,0.6181999109400447
UBFC_PHYS_s14_T2_ctrl,0,3492,116.4,-0.6392548415518025,0.4550156314326287
UBFC_PHYS_s14_T2_ctrl,0,3493,116.43333333333334,-0.5309684535419801,0.15638338245338804
UBFC_PHYS_s14_T2_ctrl,0,3494,116.46666666666667,-0.3764985744261587,-0.19650064688638685
UBFC_PHYS_s14_T2_ctrl,0,3495,116.5,-0.2017371106582577,-0.480149681279937
UBFC_PHYS_s14_T2_ctrl,0,3496,116.53333333333333,-0.02897807682559778,-0.6188337184429101
UBFC_PHYS_s14_T2_ctrl,0,3497,116.56666666666666,0.12466936776291856,-0.5847437801483722
UBFC_PHYS_s14_T2_ctrl,0,3498,116.6,0.2493635965624004,-0.4218134104137
UBFC_PHYS_s14_T2_ctrl,0,3499,116.63333333333334,0.3432592134917859,-0.24471571231956432
UBFC_PHYS_s14_T2_ctrl,0,3500,116.66666666666667,0.40619054085060985,-0.10426041671692882
UBFC_PHYS_s14_T2_ctrl,0,3501,116.7,0.43190293485844655,0.012780380686707553
UBFC_PHYS_s14_T2_ctrl,0,3502,116.73333333333333,0.4099049409298828,0.1300444705642701
UBFC_PHYS_s14_T2_ctrl,0,3503,116.76666666666667,0.33776830536523395,0.2800397583241834
UBFC_PHYS_s14_T2_ctrl,0,3504,116.8,0.23411660781395752,0.45910826096913965
UBFC_PHYS_s14_T2_ctrl,0,3505,116.83333333333333,0.13835786610951634,0.6264401593708414
UBFC_PHYS_s14_T2_ctrl,0,3506,116.86666666666666,0.09075994223248408,0.7396661423911901
UBFC_PHYS_s14_T2_ctrl,0,3507,116.9,0.10796243864419117,0.7548688550045871
UBFC_PHYS_s14_T2_ctrl,0,3508,116.93333333333334,0.17734926477915686,0.6439389693867849
UBFC_PHYS_s14_T2_ctrl,0,3509,116.96666666666667,0.2727274949751011,0.3952732379422438
UBFC_PHYS_s14_T2_ctrl,0,3510,117.0,0.37142944677893425,0.05939730963401285
UBFC_PHYS_s14_T2_ctrl,0,3511,117.03333333333333,0.45647276004952875,-0.25070469577032933
UBFC_PHYS_s14_T2_ctrl,0,3512,117.06666666666666,0.5095468915551843,-0.45622213327389305
UBFC_PHYS_s14_T2_ctrl,0,3513,117.1,0.5117041435864493,-0.5125595517989595
UBFC_PHYS_s14_T2_ctrl,0,3514,117.13333333333334,0.45316255564140145,-0.4475107000410463
UBFC_PHYS_s14_T2_ctrl,0,3515,117.16666666666667,0.33822934786450837,-0.3600478266729747
UBFC_PHYS_s14_T2_ctrl,0,3516,117.2,0.18043105475512763,-0.31393378725194354
UBFC_PHYS_s14_T2_ctrl,0,3517,117.23333333333333,-0.004358041422241804,-0.33650944189893994
UBFC_PHYS_s14_T2_ctrl,0,3518,117.26666666666667,-0.2017120283236396,-0.4081687609448341
UBFC_PHYS_s14_T2_ctrl,0,3519,117.3,-0.39921361156211893,-0.4627656085680917
UBFC_PHYS_s14_T2_ctrl,0,3520,117.33333333333333,-0.5842925336596275,-0.4482197194429487
UBFC_PHYS_s14_T2_ctrl,0,3521,117.36666666666666,-0.74245245087433,-0.3276356300878686
UBFC_PHYS_s14_T2_ctrl,0,3522,117.4,-0.8577757509485205,-0.10244604739932231
UBFC_PHYS_s14_T2_ctrl,0,3523,117.43333333333334,-0.912536293967916,0.18675175321546006
UBFC_PHYS_s14_T2_ctrl,0,3524,117.46666666666667,-0.8877031060264893,0.48585809898415716
UBFC_PHYS_s14_T2_ctrl,0,3525,117.5,-0.7729199298598333,0.7267429931769569
UBFC_PHYS_s14_T2_ctrl,0,3526,117.53333333333333,-0.5813141096790037,0.8543491256949872
UBFC_PHYS_s14_T2_ctrl,0,3527,117.56666666666666,-0.34949557700817596,0.8265400987577963
UBFC_PHYS_s14_T2_ctrl,0,3528,117.6,-0.11928311512019699,0.6494022180724959
UBFC_PHYS_s14_T2_ctrl,0,3529,117.63333333333334,0.07963146749215685,0.37726063564720336
UBFC_PHYS_s14_T2_ctrl,0,3530,117.66666666666667,0.23351777792550105,0.062079871453123256
UBFC_PHYS_s14_T2_ctrl,0,3531,117.7,0.3394287565010663,-0.2460870905815101
UBFC_PHYS_s14_T2_ctrl,0,3532,117.73333333333333,0.4001091279544829,-0.5173037870286167
UBFC_PHYS_s14_T2_ctrl,0,3533,117.76666666666667,0.4216463824840023,-0.7404064248232511
UBFC_PHYS_s14_T2_ctrl,0,3534,117.8,0.41090070356216674,-0.88942613811227
UBFC_PHYS_s14_T2_ctrl,0,3535,117.83333333333333,0.37507112920205044,-0.9227407116743247
UBFC_PHYS_s14_T2_ctrl,0,3536,117.86666666666666,0.3254826925628442,-0.8074390518148105
UBFC_PHYS_s14_T2_ctrl,0,3537,117.9,0.27737843492021347,-0.5200343911655665
UBFC_PHYS_s14_T2_ctrl,0,3538,117.93333333333334,0.24312736956879458,-0.09793527909537263
UBFC_PHYS_s14_T2_ctrl,0,3539,117.96666666666667,0.227766745416135,0.359568272208474
UBFC_PHYS_s14_T2_ctrl,0,3540,118.0,0.22876545599163814,0.755911413356509
UBFC_PHYS_s14_T2_ctrl,0,3541,118.03333333333333,0.23612223785028855,0.9967556986645496
UBFC_PHYS_s14_T2_ctrl,0,3542,118.06666666666666,0.2360001141483338,1.0476199667954473
UBFC_PHYS_s14_T2_ctrl,0,3543,118.1,0.22007214569757172,0.9331505359932247
UBFC_PHYS_s14_T2_ctrl,0,3544,118.13333333333334,0.19244452999484882,0.6994681507831462
UBFC_PHYS_s14_T2_ctrl,0,3545,118.16666666666667,0.16506183084042694,0.41366897612017783
UBFC_PHYS_s14_T2_ctrl,0,3546,118.2,0.14559874838306078,0.11907766229173128
UBFC_PHYS_s14_T2_ctrl,0,3547,118.23333333333333,0.1325469270549395,-0.16393713484888475
UBFC_PHYS_s14_T2_ctrl,0,3548,118.26666666666667,0.12157928533557796,-0.42709561287881487
UBFC_PHYS_s14_T2_ctrl,0,3549,118.3,0.10979594869781253,-0.6723983093203881
UBFC_PHYS_s14_T2_ctrl,0,3550,118.33333333333333,0.09125097161254242,-0.8745255382279299
UBFC_PHYS_s14_T2_ctrl,0,3551,118.36666666666666,0.055498241168865724,-0.9797907246375295
UBFC_PHYS_s14_T2_ctrl,0,3552,118.4,-0.0046046995251011885,-0.9419941698442321
UBFC_PHYS_s14_T2_ctrl,0,3553,118.43333333333334,-0.08741974437375524,-0.7229851556054768
UBFC_PHYS_s14_T2_ctrl,0,3554,118.46666666666667,-0.1866441294316541,-0.34509920566040286
UBFC_PHYS_s14_T2_ctrl,0,3555,118.5,-0.2956809387568622,0.10792610806553347
UBFC_PHYS_s14_T2_ctrl,0,3556,118.53333333333333,-0.4063071918871973,0.5366284377198939
UBFC_PHYS_s14_T2_ctrl,0,3557,118.56666666666666,-0.5085276829834317,0.8254469052448187
UBFC_PHYS_s14_T2_ctrl,0,3558,118.6,-0.5923155082520923,0.9314966161178106
UBFC_PHYS_s14_T2_ctrl,0,3559,118.63333333333334,-0.6444115408298533,0.8837411349561938
UBFC_PHYS_s14_T2_ctrl,0,3560,118.66666666666667,-0.6450780170000602,0.7181005940086105
UBFC_PHYS_s14_T2_ctrl,0,3561,118.7,-0.5742404007839438,0.47676722158621715
UBFC_PHYS_s14_T2_ctrl,0,3562,118.73333333333333,-0.4245200662887342,0.20020023798491687
UBFC_PHYS_s14_T2_ctrl,0,3563,118.76666666666667,-0.21411114323012007,-0.07230034111997205
UBFC_PHYS_s14_T2_ctrl,0,3564,118.8,0.009738306625280016,-0.32677888486249596
UBFC_PHYS_s14_T2_ctrl,0,3565,118.83333333333333,0.18887004962656403,-0.5730633277461278
UBFC_PHYS_s14_T2_ctrl,0,3566,118.86666666666666,0.28451290936836404,-0.7930911104314137
UBFC_PHYS_s14_T2_ctrl,0,3567,118.9,0.28935503632782406,-0.9396573884981324
UBFC_PHYS_s14_T2_ctrl,0,3568,118.93333333333334,0.21695307060803126,-0.9630306897152352
UBFC_PHYS_s14_T2_ctrl,0,3569,118.96666666666667,0.09388126088945625,-0.8113331044231935
UBFC_PHYS_s14_T2_ctrl,0,3570,119.0,-0.039272273079905426,-0.4847180493880154
UBFC_PHYS_s14_T2_ctrl,0,3571,119.03333333333333,-0.1351014994682563,-0.03645569026248338
UBFC_PHYS_s14_T2_ctrl,0,3572,119.06666666666666,-0.15623818604626163,0.4422993254294388
UBFC_PHYS_s14_T2_ctrl,0,3573,119.1,-0.08978583472941802,0.8219161257367628
UBFC_PHYS_s14_T2_ctrl,0,3574,119.13333333333334,0.04635393832647656,1.0322285292328712
UBFC_PHYS_s14_T2_ctrl,0,3575,119.16666666666667,0.21195076856192285,1.0618309322216626
UBFC_PHYS_s14_T2_ctrl,0,3576,119.2,0.36781260806599486,0.9286921480510066
UBFC_PHYS_s14_T2_ctrl,0,3577,119.23333333333333,0.4930922058488432,0.6794234214005384
UBFC_PHYS_s14_T2_ctrl,0,3578,119.26666666666667,0.5814682882093848,0.3627612329942582
UBFC_PHYS_s14_T2_ctrl,0,3579,119.3,0.629644904825599,0.02995114535416299
UBFC_PHYS_s14_T2_ctrl,0,3580,119.33333333333333,0.6346095164738607,-0.28854157864605184
UBFC_PHYS_s14_T2_ctrl,0,3581,119.36666666666666,0.5968295917802395,-0.581520891064836
UBFC_PHYS_s14_T2_ctrl,0,3582,119.4,0.5219903739628108,-0.8263215004711837
UBFC_PHYS_s14_T2_ctrl,0,3583,119.43333333333334,0.4213642411107126,-0.9873596223566287
UBFC_PHYS_s14_T2_ctrl,0,3584,119.46666666666667,0.30949243574111035,-1.0239741933989335
UBFC_PHYS_s14_T2_ctrl,0,3585,119.5,0.19678116893277936,-0.8904456678459406
UBFC_PHYS_s14_T2_ctrl,0,3586,119.53333333333333,0.08466097047932324,-0.5826684377916688
UBFC_PHYS_s14_T2_ctrl,0,3587,119.56666666666666,-0.029280300894967123,-0.13923236345627524
UBFC_PHYS_s14_T2_ctrl,0,3588,119.6,-0.1452545346006423,0.3546468199939098
UBFC_PHYS_s14_T2_ctrl,0,3589,119.63333333333334,-0.26370857644541357,0.7663949252875611
UBFC_PHYS_s14_T2_ctrl,0,3590,119.66666666666667,-0.38821956854801737,1.0135156089259019
UBFC_PHYS_s14_T2_ctrl,0,3591,119.7,-0.519407241633807,1.0630057677957585
UBFC_PHYS_s14_T2_ctrl,0,3592,119.73333333333333,-0.6450629037369056,0.9299209729791047
UBFC_PHYS_s14_T2_ctrl,0,3593,119.76666666666667,-0.7385592068887228,0.6765781845670209
UBFC_PHYS_s14_T2_ctrl,0,3594,119.8,-0.7704834403358596,0.3552347659026744
UBFC_PHYS_s14_T2_ctrl,0,3595,119.83333333333333,-0.7244910816027166,0.008392247767241644
UBFC_PHYS_s14_T2_ctrl,0,3596,119.86666666666666,-0.6043163156524111,-0.32975245982976686
UBFC_PHYS_s14_T2_ctrl,0,3597,119.9,-0.43191777284854527,-0.631811551818895
UBFC_PHYS_s14_T2_ctrl,0,3598,119.93333333333334,-0.2430332564441737,-0.8693466429560979
UBFC_PHYS_s14_T2_ctrl,0,3599,119.96666666666667,-0.07767572497272826,-1.0115296515831451
UBFC_PHYS_s14_T2_ctrl,0,3600,120.0,0.034407338045933454,-1.0244798648839841
UBFC_PHYS_s14_T2_ctrl,0,3601,120.03333333333333,0.08168019111410955,-0.871231065847469
UBFC_PHYS_s14_T2_ctrl,0,3602,120.06666666666666,0.06874863909431224,-0.5469081578179953
UBFC_PHYS_s14_T2_ctrl,0,3603,120.1,0.015121551619413406,-0.07997973593211583
UBFC_PHYS_s14_T2_ctrl,0,3604,120.13333333333334,-0.0448450897043601,0.43751613505155673
UBFC_PHYS_s14_T2_ctrl,0,3605,120.16666666666667,-0.0727679074601294,0.8492615897390184
UBFC_PHYS_s14_T2_ctrl,0,3606,120.2,-0.0444476825400204,1.0693005458751697
UBFC_PHYS_s14_T2_ctrl,0,3607,120.23333333333333,0.04154999794490463,1.081549950356281
UBFC_PHYS_s14_T2_ctrl,0,3608,120.26666666666667,0.16708857780888792,0.9143114055307157
UBFC_PHYS_s14_T2_ctrl,0,3609,120.3,0.3004714409764171,0.639357784806218
UBFC_PHYS_s14_T2_ctrl,0,3610,120.33333333333333,0.40871274371166055,0.3132430331724729
UBFC_PHYS_s14_T2_ctrl,0,3611,120.36666666666666,0.4777041954796414,-0.02236161765150947
UBFC_PHYS_s14_T2_ctrl,0,3612,120.4,0.5205767386022585,-0.3373258937442638
UBFC_PHYS_s14_T2_ctrl,0,3613,120.43333333333334,0.561053385252037,-0.6115240850648385
UBFC_PHYS_s14_T2_ctrl,0,3614,120.46666666666667,0.6096618795302489,-0.8197301021099264
UBFC_PHYS_s14_T2_ctrl,0,3615,120.5,0.6560381692826595,-0.9303782760961282
UBFC_PHYS_s14_T2_ctrl,0,3616,120.53333333333333,0.6775468154246289,-0.9150514596594556
UBFC_PHYS_s14_T2_ctrl,0,3617,120.56666666666666,0.6513859974992804,-0.7485066666203912
UBFC_PHYS_s14_T2_ctrl,0,3618,120.6,0.5640931521980185,-0.4331627399428773
UBFC_PHYS_s14_T2_ctrl,0,3619,120.63333333333334,0.417299092880265,-0.00022541602600413546
UBFC_PHYS_s14_T2_ctrl,0,3620,120.66666666666667,0.22558420200506904,0.4638699820118451
UBFC_PHYS_s14_T2_ctrl,0,3621,120.7,0.006838225278747216,0.8168450614833118
UBFC_PHYS_s14_T2_ctrl,0,3622,120.73333333333333,-0.2252354257658933,0.9888036077964928
UBFC_PHYS_s14_T2_ctrl,0,3623,120.76666666666667,-0.46088128760643643,0.9817172297956618
UBFC_PHYS_s14_T2_ctrl,0,3624,120.8,-0.6904913158558244,0.8239820066649648
UBFC_PHYS_s14_T2_ctrl,0,3625,120.83333333333333,-0.8999314749453808,0.5696572132663432
UBFC_PHYS_s14_T2_ctrl,0,3626,120.86666666666666,-1.064869251994197,0.2636613449904682
UBFC_PHYS_s14_T2_ctrl,0,3627,120.9,-1.150121905005663,-0.057688553035665974
UBFC_PHYS_s14_T2_ctrl,0,3628,120.93333333333334,-1.1214069729503267,-0.3685269879718002
UBFC_PHYS_s14_T2_ctrl,0,3629,120.96666666666667,-0.9658911520460067,-0.6518684419615169
UBFC_PHYS_s14_T2_ctrl,0,3630,121.0,-0.7070362176745748,-0.8744512379557576
UBFC_PHYS_s14_T2_ctrl,0,3631,121.03333333333333,-0.39951061782311553,-0.9856515033044767
UBFC_PHYS_s14_T2_ctrl,0,3632,121.06666666666666,-0.10381111238811257,-0.9457520986811468
UBFC_PHYS_s14_T2_ctrl,0,3633,121.1,0.140417272358269,-0.7262787148575923
UBFC_PHYS_s14_T2_ctrl,0,3634,121.13333333333334,0.32169172550722935,-0.344989749560096
UBFC_PHYS_s14_T2_ctrl,0,3635,121.16666666666667,0.44592746474192513,0.1330707826528268
UBFC_PHYS_s14_T2_ctrl,0,3636,121.2,0.5241915965941086,0.600436717801073
UBFC_PHYS_s14_T2_ctrl,0,3637,121.23333333333333,0.5669272598661783,0.9068966471787845
UBFC_PHYS_s14_T2_ctrl,0,3638,121.26666666666667,0.5817874345146518,0.9994483588251186
UBFC_PHYS_s14_T2_ctrl,0,3639,121.3,0.5743811764377424,0.9216371161651853
UBFC_PHYS_s14_T2_ctrl,0,3640,121.33333333333333,0.5517061679761368,0.7271623051405024
UBFC_PHYS_s14_T2_ctrl,0,3641,121.36666666666666,0.5221594080529289,0.4788979260473974
UBFC_PHYS_s14_T2_ctrl,0,3642,121.4,0.4898611536349777,0.21197581717264324
UBFC_PHYS_s14_T2_ctrl,0,3643,121.43333333333334,0.4516264696631106,-0.06543498060711386
UBFC_PHYS_s14_T2_ctrl,0,3644,121.46666666666667,0.40208795802783276,-0.34614131987985736
UBFC_PHYS_s14_T2_ctrl,0,3645,121.5,0.33879315091532997,-0.6221326136214274
UBFC_PHYS_s14_T2_ctrl,0,3646,121.53333333333333,0.2581045867430913,-0.8645487731692083
UBFC_PHYS_s14_T2_ctrl,0,3647,121.56666666666666,0.14829951612364717,-1.0225246054620771
UBFC_PHYS_s14_T2_ctrl,0,3648,121.6,-0.006397569940601701,-1.0537472469093259
UBFC_PHYS_s14_T2_ctrl,0,3649,121.63333333333334,-0.21042379316038884,-0.9245398504153007
UBFC_PHYS_s14_T2_ctrl,0,3650,121.66666666666667,-0.4445744057363061,-0.6268878473999235
UBFC_PHYS_s14_T2_ctrl,0,3651,121.7,-0.6683638381369439,-0.17959859252317645
UBFC_PHYS_s14_T2_ctrl,0,3652,121.73333333333333,-0.8331869787566702,0.3460094822764388
UBFC_PHYS_s14_T2_ctrl,0,3653,121.76666666666667,-0.8964150743341046,0.8249498038648861
UBFC_PHYS_s14_T2_ctrl,0,3654,121.8,-0.8339543169975525,1.159219517451563
UBFC_PHYS_s14_T2_ctrl,0,3655,121.83333333333333,-0.6506632298488791,1.2771846076317643
UBFC_PHYS_s14_T2_ctrl,0,3656,121.86666666666666,-0.38320765289201364,1.1749320613118615
UBFC_PHYS_s14_T2_ctrl,0,3657,121.9,-0.09014438654381485,0.9155345835674846
UBFC_PHYS_s14_T2_ctrl,0,3658,121.93333333333334,0.1700750016902142,0.5609551394612406
UBFC_PHYS_s14_T2_ctrl,0,3659,121.96666666666667,0.3619877304526403,0.17212262106836973
UBFC_PHYS_s14_T2_ctrl,0,3660,122.0,0.48080296879960577,-0.21056269163676966
UBFC_PHYS_s14_T2_ctrl,0,3661,122.03333333333333,0.5414413924541255,-0.5656019352407509
UBFC_PHYS_s14_T2_ctrl,0,3662,122.06666666666666,0.5612895994532064,-0.8608020749718432
UBFC_PHYS_s14_T2_ctrl,0,3663,122.1,0.5501817408012681,-1.0516557128230704
UBFC_PHYS_s14_T2_ctrl,0,3664,122.13333333333334,0.5111229847365214,-1.1159343666148944
UBFC_PHYS_s14_T2_ctrl,0,3665,122.16666666666667,0.44513444810474534,-1.052963390836791
UBFC_PHYS_s14_T2_ctrl,0,3666,122.2,0.35369173534817727,-0.8603877587277793
UBFC_PHYS_s14_T2_ctrl,0,3667,122.23333333333333,0.2398592294123547,-0.5347012367496057
UBFC_PHYS_s14_T2_ctrl,0,3668,122.26666666666667,0.10971809421274127,-0.11106492215331511
UBFC_PHYS_s14_T2_ctrl,0,3669,122.3,-0.02757930441609667,0.3353547973345173
UBFC_PHYS_s14_T2_ctrl,0,3670,122.33333333333333,-0.16034280535920564,0.7137124027780729
UBFC_PHYS_s14_T2_ctrl,0,3671,122.36666666666666,-0.2750581162863453,0.9168807523939709
UBFC_PHYS_s14_T2_ctrl,0,3672,122.4,-0.3597971388265912,0.9113150746495707
UBFC_PHYS_s14_T2_ctrl,0,3673,122.43333333333334,-0.4075942653849197,0.7365436239134611
UBFC_PHYS_s14_T2_ctrl,0,3674,122.46666666666667,-0.41374126539867573,0.45685637313587213
UBFC_PHYS_s14_T2_ctrl,0,3675,122.5,-0.37129864116362205,0.16069007412921632
UBFC_PHYS_s14_T2_ctrl,0,3676,122.53333333333333,-0.27623121022153935,-0.09255761356133331
UBFC_PHYS_s14_T2_ctrl,0,3677,122.56666666666666,-0.13873561781635613,-0.27212526756921906
UBFC_PHYS_s14_T2_ctrl,0,3678,122.6,0.015803863524096323,-0.3416986563245577
UBFC_PHYS_s14_T2_ctrl,0,3679,122.63333333333334,0.15742123674156067,-0.25917089002194466
UBFC_PHYS_s14_T2_ctrl,0,3680,122.66666666666667,0.2603707645267474,-0.07183070806685696
UBFC_PHYS_s14_T2_ctrl,0,3681,122.7,0.3067423467940392,0.08441433401037676
UBFC_PHYS_s14_T2_ctrl,0,3682,122.73333333333333,0.28882660772212754,0.14280187200181954
UBFC_PHYS_s14_T2_ctrl,0,3683,122.76666666666667,0.2087829815879475,0.10652936274460198
UBFC_PHYS_s14_T2_ctrl,0,3684,122.8,0.07656830080843863,0.032711105470187775
UBFC_PHYS_s14_T2_ctrl,0,3685,122.83333333333333,-0.08922070868984322,0.03100747962005241
UBFC_PHYS_s14_T2_ctrl,0,3686,122.86666666666666,-0.2615483711230627,0.1222506978482081
UBFC_PHYS_s14_T2_ctrl,0,3687,122.9,-0.41238837145489,0.2378744359796133
UBFC_PHYS_s14_T2_ctrl,0,3688,122.93333333333334,-0.522243926449162,0.31712636113195
UBFC_PHYS_s14_T2_ctrl,0,3689,122.96666666666667,-0.5836417275239705,0.3080089183329397
UBFC_PHYS_s14_T2_ctrl,0,3690,123.0,-0.5992262047633401,0.20678027712883146
UBFC_PHYS_s14_T2_ctrl,0,3691,123.03333333333333,-0.5768400258259596,0.0581458591634781
UBFC_PHYS_s14_T2_ctrl,0,3692,123.06666666666666,-0.5213901044177135,-0.10231664527414572
UBFC_PHYS_s14_T2_ctrl,0,3693,123.1,-0.4293627780887698,-0.24810245792781727
UBFC_PHYS_s14_T2_ctrl,0,3694,123.13333333333334,-0.2927689793622848,-0.3676792313838369
UBFC_PHYS_s14_T2_ctrl,0,3695,123.16666666666667,-0.10696421935492005,-0.4637667577393666
UBFC_PHYS_s14_T2_ctrl,0,3696,123.2,0.12539038334886554,-0.5463676390084389
UBFC_PHYS_s14_T2_ctrl,0,3697,123.23333333333333,0.3912674729798297,-0.6317923112457572
UBFC_PHYS_s14_T2_ctrl,0,3698,123.26666666666667,0.6633487471479763,-0.711612141891662
UBFC_PHYS_s14_T2_ctrl,0,3699,123.3,0.9022481424706937,-0.752302817826342
UBFC_PHYS_s14_T2_ctrl,0,3700,123.33333333333333,1.0673402604526425,-0.698796183827277
UBFC_PHYS_s14_T2_ctrl,0,3701,123.36666666666666,1.1299342272343553,-0.4757976235120436
UBFC_PHYS_s14_T2_ctrl,0,3702,123.4,1.0824876984410055,-0.09399983471762674
UBFC_PHYS_s14_T2_ctrl,0,3703,123.43333333333334,0.9393000171394033,0.34859878184864623
UBFC_PHYS_s14_T2_ctrl,0,3704,123.46666666666667,0.7285785189558096,0.7417462442846446
UBFC_PHYS_s14_T2_ctrl,0,3705,123.5,0.4828729872220286,0.9629126027444246
UBFC_PHYS_s14_T2_ctrl,0,3706,123.53333333333333,0.23229064661861795,0.9856937337564158
UBFC_PHYS_s14_T2_ctrl,0,3707,123.56666666666666,-0.0011903584239035467,0.8789629745938523
UBFC_PHYS_s14_T2_ctrl,0,3708,123.6,-0.20644738932538242,0.7050806480645545
UBFC_PHYS_s14_T2_ctrl,0,3709,123.63333333333334,-0.3793050592540154,0.5188470956289218
UBFC_PHYS_s14_T2_ctrl,0,3710,123.66666666666667,-0.5155171080647829,0.3320705946909039
UBFC_PHYS_s14_T2_ctrl,0,3711,123.7,-0.60718102063716,0.1145570774726596
UBFC_PHYS_s14_T2_ctrl,0,3712,123.73333333333333,-0.6452593012665182,-0.1322552196340774
UBFC_PHYS_s14_T2_ctrl,0,3713,123.76666666666667,-0.626861895361893,-0.37377367748982526
UBFC_PHYS_s14_T2_ctrl,0,3714,123.8,-0.5605818988051514,-0.5697492630461759
UBFC_PHYS_s14_T2_ctrl,0,3715,123.83333333333333,-0.46272243583107925,-0.6736941639330151
UBFC_PHYS_s14_T2_ctrl,0,3716,123.86666666666666,-0.34906333586827554,-0.6577890358409055
UBFC_PHYS_s14_T2_ctrl,0,3717,123.9,-0.2330257204035028,-0.5129252170753912
UBFC_PHYS_s14_T2_ctrl,0,3718,123.93333333333334,-0.12892166809780772,-0.26096249575105546
UBFC_PHYS_s14_T2_ctrl,0,3719,123.96666666666667,-0.05015707678740937,0.04487802169230719
UBFC_PHYS_s14_T2_ctrl,0,3720,124.0,-0.002685463099591008,0.33728338141049935
UBFC_PHYS_s14_T2_ctrl,0,3721,124.03333333333333,0.015396979107216305,0.5346119966427959
UBFC_PHYS_s14_T2_ctrl,0,3722,124.06666666666666,0.005610321698327002,0.6057416732998698
UBFC_PHYS_s14_T2_ctrl,0,3723,124.1,-0.037196370142976234,0.5695677370826533
UBFC_PHYS_s14_T2_ctrl,0,3724,124.13333333333334,-0.11996294031967186,0.447970228714271
UBFC_PHYS_s14_T2_ctrl,0,3725,124.16666666666667,-0.23556350867219286,0.26545793797433925
UBFC_PHYS_s14_T2_ctrl,0,3726,124.2,-0.3491667180935398,0.04097591691268349
UBFC_PHYS_s14_T2_ctrl,0,3727,124.23333333333333,-0.40926161409887085,-0.21131894565054898
UBFC_PHYS_s14_T2_ctrl,0,3728,124.26666666666667,-0.38188193039173224,-0.4603492017824241
UBFC_PHYS_s14_T2_ctrl,0,3729,124.3,-0.27110230023981124,-0.6571946144098528
UBFC_PHYS_s14_T2_ctrl,0,3730,124.33333333333333,-0.10797519833200413,-0.7739181437549222
UBFC_PHYS_s14_T2_ctrl,0,3731,124.36666666666666,0.06830479966705301,-0.8029568385713376
UBFC_PHYS_s14_T2_ctrl,0,3732,124.4,0.22227543471152825,-0.7541743370322986
UBFC_PHYS_s14_T2_ctrl,0,3733,124.43333333333334,0.3321663672933426,-0.6543726439865821
UBFC_PHYS_s14_T2_ctrl,0,3734,124.46666666666667,0.39344293124413354,-0.4904095923060373
UBFC_PHYS_s14_T2_ctrl,0,3735,124.5,0.4135463805078664,-0.21030277100121803
UBFC_PHYS_s14_T2_ctrl,0,3736,124.53333333333333,0.4077022217429041,0.18475718144487666
UBFC_PHYS_s14_T2_ctrl,0,3737,124.56666666666666,0.39594781654876005,0.6384211808888202
UBFC_PHYS_s14_T2_ctrl,0,3738,124.6,0.3946218580298956,1.0603636613386727
UBFC_PHYS_s14_T2_ctrl,0,3739,124.63333333333334,0.40777702446811187,1.3256239218326353
UBFC_PHYS_s14_T2_ctrl,0,3740,124.66666666666667,0.4269337266685478,1.3691526040890973
UBFC_PHYS_s14_T2_ctrl,0,3741,124.7,0.4383235573113355,1.1857813009506821
UBFC_PHYS_s14_T2_ctrl,0,3742,124.73333333333333,0.43129293663252044,0.8233983527067681
UBFC_PHYS_s14_T2_ctrl,0,3743,124.76666666666667,0.4006836880562948,0.38288711658994257
UBFC_PHYS_s14_T2_ctrl,0,3744,124.8,0.34305880726106797,-0.06147344648105422
UBFC_PHYS_s14_T2_ctrl,0,3745,124.83333333333333,0.25653687564809774,-0.4609829296257707
UBFC_PHYS_s14_T2_ctrl,0,3746,124.86666666666666,0.14610990298414028,-0.7952170723634042
UBFC_PHYS_s14_T2_ctrl,0,3747,124.9,0.021751859532875173,-1.0697439654742524
UBFC_PHYS_s14_T2_ctrl,0,3748,124.93333333333334,-0.11212236181746124,-1.2757065949663045
UBFC_PHYS_s14_T2_ctrl,0,3749,124.96666666666667,-0.25849311570141686,-1.388106911448188
UBFC_PHYS_s14_T2_ctrl,0,3750,125.0,-0.41606993971055745,-1.3562318556001072
UBFC_PHYS_s14_T2_ctrl,0,3751,125.03333333333333,-0.5717117381421174,-1.1043141613085625
UBFC_PHYS_s14_T2_ctrl,0,3752,125.06666666666666,-0.7066382876904891,-0.6189595238398606
UBFC_PHYS_s14_T2_ctrl,0,3753,125.1,-0.8065548032416376,0.048648426720459464
UBFC_PHYS_s14_T2_ctrl,0,3754,125.13333333333334,-0.8646831034782676,0.7528516660517303
UBFC_PHYS_s14_T2_ctrl,0,3755,125.16666666666667,-0.8741754302592956,1.2529115727200835
UBFC_PHYS_s14_T2_ctrl,0,3756,125.2,-0.8182550668139289,1.4409257482515432
UBFC_PHYS_s14_T2_ctrl,0,3757,125.23333333333333,-0.6779473689696411,1.3413357325357256
UBFC_PHYS_s14_T2_ctrl,0,3758,125.26666666666667,-0.4574483096250914,1.0358737239912976
UBFC_PHYS_s14_T2_ctrl,0,3759,125.3,-0.19359332783232813,0.6619101072397533
UBFC_PHYS_s14_T2_ctrl,0,3760,125.33333333333333,0.0668685291669947,0.31219877375897703
UBFC_PHYS_s14_T2_ctrl,0,3761,125.36666666666666,0.29116258590108285,0.034881927650885686
UBFC_PHYS_s14_T2_ctrl,0,3762,125.4,0.4608738134346952,-0.1635177763232516
UBFC_PHYS_s14_T2_ctrl,0,3763,125.43333333333334,0.5667898552473722,-0.31629272215630116
UBFC_PHYS_s14_T2_ctrl,0,3764,125.46666666666667,0.6139251628865716,-0.45217791699633847
UBFC_PHYS_s14_T2_ctrl,0,3765,125.5,0.6210870818251055,-0.5934188402304694
UBFC_PHYS_s14_T2_ctrl,0,3766,125.53333333333333,0.6080463667462865,-0.7125599698218316
UBFC_PHYS_s14_T2_ctrl,0,3767,125.56666666666666,0.5874820912939775,-0.7322142104158189
UBFC_PHYS_s14_T2_ctrl,0,3768,125.6,0.5630647775307587,-0.6315033640274752
UBFC_PHYS_s14_T2_ctrl,0,3769,125.63333333333334,0.5217694183763604,-0.4465126112112389
UBFC_PHYS_s14_T2_ctrl,0,3770,125.66666666666667,0.43407480162792134,-0.21424692922415534
UBFC_PHYS_s14_T2_ctrl,0,3771,125.7,0.280495329228061,0.02711140454073452
UBFC_PHYS_s14_T2_ctrl,0,3772,125.73333333333333,0.0872516791759449,0.2443511323661346
UBFC_PHYS_s14_T2_ctrl,0,3773,125.76666666666667,-0.06257276806680431,0.40845830701772795
UBFC_PHYS_s14_T2_ctrl,0,3774,125.8,-0.06726015827423251,0.5119897594993295
UBFC_PHYS_s14_T2_ctrl,0,3775,125.83333333333333,0.10726511388059584,0.5681098413040989
UBFC_PHYS_s14_T2_ctrl,0,3776,125.86666666666666,0.36599042967997375,0.5803504068629866
UBFC_PHYS_s14_T2_ctrl,0,3777,125.9,0.5433215785194075,0.5421065678370276
UBFC_PHYS_s14_T2_ctrl,0,3778,125.93333333333334,0.5419145447641066,0.4420084928673283
UBFC_PHYS_s14_T2_ctrl,0,3779,125.96666666666667,0.3991081593923318,0.2645247842729131
UBFC_PHYS_s14_T2_ctrl,0,3780,126.0,0.21885961862761988,0.01674842037315198
UBFC_PHYS_s14_T2_ctrl,0,3781,126.03333333333333,0.0614475778506505,-0.2705330070955273
UBFC_PHYS_s14_T2_ctrl,0,3782,126.06666666666666,-0.09575351784981169,-0.5581006369210023
UBFC_PHYS_s14_T2_ctrl,0,3783,126.1,-0.3152743035132682,-0.7973742360316352
UBFC_PHYS_s14_T2_ctrl,0,3784,126.13333333333334,-0.6249817851881018,-0.9439777232844516
UBFC_PHYS_s14_T2_ctrl,0,3785,126.16666666666667,-0.9641121940195396,-0.9573052456563625
UBFC_PHYS_s14_T2_ctrl,0,3786,126.2,-1.2105038926173841,-0.8127385127132689
UBFC_PHYS_s14_T2_ctrl,0,3787,126.23333333333333,-1.2853560817678658,-0.502266810329117
UBFC_PHYS_s14_T2_ctrl,0,3788,126.26666666666667,-1.21291462059172,-0.06165785009720465
UBFC_PHYS_s14_T2_ctrl,0,3789,126.3,-1.058434708028083,0.42833938223770146
UBFC_PHYS_s14_T2_ctrl,0,3790,126.33333333333333,-0.8540383738776784,0.8698845792231367
UBFC_PHYS_s14_T2_ctrl,0,3791,126.36666666666666,-0.6093896634489469,1.1473463054564597
UBFC_PHYS_s14_T2_ctrl,0,3792,126.4,-0.3420130396195764,1.2128724970781999
UBFC_PHYS_s14_T2_ctrl,0,3793,126.43333333333334,-0.07222261433524418,1.0857783018865004
UBFC_PHYS_s14_T2_ctrl,0,3794,126.46666666666667,0.18506610885183156,0.8154274600634757
UBFC_PHYS_s14_T2_ctrl,0,3795,126.5,0.4133879586486976,0.4807251408325116
UBFC_PHYS_s14_T2_ctrl,0,3796,126.53333333333333,0.5882296050747557,0.12338475135131505
UBFC_PHYS_s14_T2_ctrl,0,3797,126.56666666666666,0.6785169983539672,-0.25086524152803247
UBFC_PHYS_s14_T2_ctrl,0,3798,126.6,0.6579444901942996,-0.6279710128962581
UBFC_PHYS_s14_T2_ctrl,0,3799,126.63333333333334,0.5267527121393417,-0.9832638802542213
UBFC_PHYS_s14_T2_ctrl,0,3800,126.66666666666667,0.32401566122809955,-1.2575355629419795
UBFC_PHYS_s14_T2_ctrl,0,3801,126.7,0.1112426660726315,-1.3561872661468501
UBFC_PHYS_s14_T2_ctrl,0,3802,126.73333333333333,-0.05657627657746214,-1.217280799843502
UBFC_PHYS_s14_T2_ctrl,0,3803,126.76666666666667,-0.1455746744139673,-0.8126098506755352
UBFC_PHYS_s14_T2_ctrl,0,3804,126.8,-0.1422332533984436,-0.20874280798524328
UBFC_PHYS_s14_T2_ctrl,0,3805,126.83333333333333,-0.049906876526623886,0.4319973329906867
UBFC_PHYS_s14_T2_ctrl,0,3806,126.86666666666666,0.11317845703902052,0.9681450086262381
UBFC_PHYS_s14_T2_ctrl,0,3807,126.9,0.3154019707765002,1.2785771047179924
UBFC_PHYS_s14_T2_ctrl,0,3808,126.93333333333334,0.5149881705384728,1.327295786653523
UBFC_PHYS_s14_T2_ctrl,0,3809,126.96666666666667,0.6694752719127899,1.1622445635590037
UBFC_PHYS_s14_T2_ctrl,0,3810,127.0,0.7481144608682639,0.8561959484466865
UBFC_PHYS_s14_T2_ctrl,0,3811,127.03333333333333,0.7365132121607252,0.5058463741508692
UBFC_PHYS_s14_T2_ctrl,0,3812,127.06666666666666,0.6353797367641736,0.157489789452803
UBFC_PHYS_s14_T2_ctrl,0,3813,127.1,0.4641988979206379,-0.19179160797289957
UBFC_PHYS_s14_T2_ctrl,0,3814,127.13333333333334,0.2634583313082691,-0.5381544936448368
UBFC_PHYS_s14_T2_ctrl,0,3815,127.16666666666667,0.08086809184440444,-0.8685862577299632
UBFC_PHYS_s14_T2_ctrl,0,3816,127.2,-0.05083697523002273,-1.1335250844016416
UBFC_PHYS_s14_T2_ctrl,0,3817,127.23333333333333,-0.12362969952712578,-1.2459063003179975
UBFC_PHYS_s14_T2_ctrl,0,3818,127.26666666666667,-0.14707922657621586,-1.1484680309199917
UBFC_PHYS_s14_T2_ctrl,0,3819,127.3,-0.1363027656722654,-0.8145873954338655
UBFC_PHYS_s14_T2_ctrl,0,3820,127.33333333333333,-0.1045415817286359,-0.29962674896377495
UBFC_PHYS_s14_T2_ctrl,0,3821,127.36666666666666,-0.062496184858642403,0.2582710187780553
UBFC_PHYS_s14_T2_ctrl,0,3822,127.4,-0.021767091651663018,0.7367592219555152
UBFC_PHYS_s14_T2_ctrl,0,3823,127.43333333333334,0.003843456241974963,1.0288128312040195
UBFC_PHYS_s14_T2_ctrl,0,3824,127.46666666666667,0.0024425822094549937,1.1035967900930945
UBFC_PHYS_s14_T2_ctrl,0,3825,127.5,-0.03069313211473898,1.00525962532512
UBFC_PHYS_s14_T2_ctrl,0,3826,127.53333333333333,-0.09268238436868309,0.7930652526310216
UBFC_PHYS_s14_T2_ctrl,0,3827,127.56666666666666,-0.17775093091289718,0.5403906272050965
UBFC_PHYS_s14_T2_ctrl,0,3828,127.6,-0.2806819673744265,0.2938526660793948
UBFC_PHYS_s14_T2_ctrl,0,3829,127.63333333333334,-0.39439016405634986,0.07377898703629793
UBFC_PHYS_s14_T2_ctrl,0,3830,127.66666666666667,-0.5074977569326555,-0.11699091940484199
UBFC_PHYS_s14_T2_ctrl,0,3831,127.7,-0.6082024118403828,-0.2916070301243718
UBFC_PHYS_s14_T2_ctrl,0,3832,127.73333333333333,-0.6880527262259196,-0.448978458981963
UBFC_PHYS_s14_T2_ctrl,0,3833,127.76666666666667,-0.7388502970880799,-0.5725545385361621
UBFC_PHYS_s14_T2_ctrl,0,3834,127.8,-0.7496768224694157,-0.6485695218707714
UBFC_PHYS_s14_T2_ctrl,0,3835,127.83333333333333,-0.7110369024875527,-0.6655641175788969
UBFC_PHYS_s14_T2_ctrl,0,3836,127.86666666666666,-0.6199672666762953,-0.6263267757919805
UBFC_PHYS_s14_T2_ctrl,0,3837,127.9,-0.47951497618778766,-0.547715496603357
UBFC_PHYS_s14_T2_ctrl,0,3838,127.93333333333334,-0.29631100364256197,-0.4430048835363719
UBFC_PHYS_s14_T2_ctrl,0,3839,127.96666666666667,-0.08161827788919204,-0.32210593338824356
UBFC_PHYS_s14_T2_ctrl,0,3840,128.0,0.14482576211638398,-0.20419795984801345
UBFC_PHYS_s14_T2_ctrl,0,3841,128.03333333333333,0.3529599384353376,-0.1180952565586444
UBFC_PHYS_s14_T2_ctrl,0,3842,128.06666666666666,0.5094345960374369,-0.06968102754275766
UBFC_PHYS_s14_T2_ctrl,0,3843,128.1,0.594083106614691,-0.042418330441232735
UBFC_PHYS_s14_T2_ctrl,0,3844,128.13333333333333,0.6115049491152876,-0.014131099542271208
UBFC_PHYS_s14_T2_ctrl,0,3845,128.16666666666666,0.5854362194028104,0.04209278788877608
UBFC_PHYS_s14_T2_ctrl,0,3846,128.2,0.5445749503931079,0.11952183123197056
UBFC_PHYS_s14_T2_ctrl,0,3847,128.23333333333332,0.5135297446921843,0.17750379821871048
UBFC_PHYS_s14_T2_ctrl,0,3848,128.26666666666668,0.5061755656060362,0.19584093421008297
UBFC_PHYS_s14_T2_ctrl,0,3849,128.3,0.515670317312626,0.17489513531456025
UBFC_PHYS_s14_T2_ctrl,0,3850,128.33333333333334,0.512301557533175,0.13609515240272005
UBFC_PHYS_s14_T2_ctrl,0,3851,128.36666666666667,0.4619326053904487,0.12142098755257254
UBFC_PHYS_s14_T2_ctrl,0,3852,128.4,0.35377628912348674,0.15213879753938914
UBFC_PHYS_s14_T2_ctrl,0,3853,128.43333333333334,0.2113011801314962,0.22826324739877668
UBFC_PHYS_s14_T2_ctrl,0,3854,128.46666666666667,0.07679630303502476,0.33455554404920423
UBFC_PHYS_s14_T2_ctrl,0,3855,128.5,-0.014817710390915749,0.44040943710975694
UBFC_PHYS_s14_T2_ctrl,0,3856,128.53333333333333,-0.05502344114885724,0.5193823272903928
UBFC_PHYS_s14_T2_ctrl,0,3857,128.56666666666666,-0.06613043557182346,0.5492165408997035
UBFC_PHYS_s14_T2_ctrl,0,3858,128.6,-0.0862083370791036,0.5300836835097054
UBFC_PHYS_s14_T2_ctrl,0,3859,128.63333333333333,-0.13898087594297232,0.4844105413610531
UBFC_PHYS_s14_T2_ctrl,0,3860,128.66666666666666,-0.21468802308554938,0.43141522345015976
UBFC_PHYS_s14_T2_ctrl,0,3861,128.7,-0.2841719962702902,0.3869510396859387
UBFC_PHYS_s14_T2_ctrl,0,3862,128.73333333333332,-0.3294716105510598,0.3530352857138793
UBFC_PHYS_s14_T2_ctrl,0,3863,128.76666666666668,-0.3559319142186555,0.31820228711592896
UBFC_PHYS_s14_T2_ctrl,0,3864,128.8,-0.3796889782889281,0.27104340986566133
UBFC_PHYS_s14_T2_ctrl,0,3865,128.83333333333334,-0.4112082113456785,0.20089443920745714
UBFC_PHYS_s14_T2_ctrl,0,3866,128.86666666666667,-0.4491762079711519,0.10268646510471593
UBFC_PHYS_s14_T2_ctrl,0,3867,128.9,-0.484698580809993,-0.022287553351017814
UBFC_PHYS_s14_T2_ctrl,0,3868,128.93333333333334,-0.5090177969972693,-0.1643126712040754
UBFC_PHYS_s14_T2_ctrl,0,3869,128.96666666666667,-0.5154993443169458,-0.30451878274803795
UBFC_PHYS_s14_T2_ctrl,0,3870,129.0,-0.49568269767404277,-0.42798619295577983
UBFC_PHYS_s14_T2_ctrl,0,3871,129.03333333333333,-0.439172998648077,-0.5230630271605989
UBFC_PHYS_s14_T2_ctrl,0,3872,129.06666666666666,-0.33898412203855005,-0.5867815138407997
UBFC_PHYS_s14_T2_ctrl,0,3873,129.1,-0.1961124555686657,-0.6241730348753177
UBFC_PHYS_s14_T2_ctrl,0,3874,129.13333333333333,-0.023030526752844435,-0.6472975093436374
UBFC_PHYS_s14_T2_ctrl,0,3875,129.16666666666666,0.15543706388724304,-0.6745645940244511
UBFC_PHYS_s14_T2_ctrl,0,3876,129.2,0.31034060197168456,-0.7008749044610637
UBFC_PHYS_s14_T2_ctrl,0,3877,129.23333333333332,0.4228069550810097,-0.6975383660394311
UBFC_PHYS_s14_T2_ctrl,0,3878,129.26666666666668,0.49273258414641874,-0.6432015134690059
UBFC_PHYS_s14_T2_ctrl,0,3879,129.3,0.5369104876248093,-0.5244849208407927
UBFC_PHYS_s14_T2_ctrl,0,3880,129.33333333333334,0.5795052751091897,-0.354195856775274
UBFC_PHYS_s14_T2_ctrl,0,3881,129.36666666666667,0.6410766401904655,-0.17183783305778202
UBFC_PHYS_s14_T2_ctrl,0,3882,129.4,0.7320232395154463,-0.0028814091165343253
UBFC_PHYS_s14_T2_ctrl,0,3883,129.43333333333334,0.8503805521510472,0.14061038913585733
UBFC_PHYS_s14_T2_ctrl,0,3884,129.46666666666667,0.9794059615336157,0.2365337862809943
UBFC_PHYS_s14_T2_ctrl,0,3885,129.5,1.0819116345722897,0.2522823323466251
UBFC_PHYS_s14_T2_ctrl,0,3886,129.53333333333333,1.0956344854137252,0.19854211368669644
UBFC_PHYS_s14_T2_ctrl,0,3887,129.56666666666666,0.9490371629421093,0.12879013147582155
UBFC_PHYS_s14_T2_ctrl,0,3888,129.6,0.6052948436154983,0.110653490670199
UBFC_PHYS_s14_T2_ctrl,0,3889,129.63333333333333,0.09276643232263707,0.22437740357611546
UBFC_PHYS_s14_T2_ctrl,0,3890,129.66666666666666,-0.5157734089443803,0.44656213499723924
UBFC_PHYS_s14_T2_ctrl,0,3891,129.7,-1.13786423335891,0.6499428509312432
UBFC_PHYS_s14_T2_ctrl,0,3892,129.73333333333332,-1.680762245099916,0.7464230877669645
UBFC_PHYS_s14_T2_ctrl,0,3893,129.76666666666668,-2.0326381252017085,0.6880851279115824
UBFC_PHYS_s14_T2_ctrl,0,3894,129.8,-2.0960500703481433,0.49848190591905955
UBFC_PHYS_s14_T2_ctrl,0,3895,129.83333333333334,-1.8449667832467385,0.2723181416125966
UBFC_PHYS_s14_T2_ctrl,0,3896,129.86666666666667,-1.3443989309959767,0.0747394268205155
UBFC_PHYS_s14_T2_ctrl,0,3897,129.9,-0.7154727370378993,-0.05896977166567027
UBFC_PHYS_s14_T2_ctrl,0,3898,129.93333333333334,-0.08225229412942883,-0.11985404076149203
UBFC_PHYS_s14_T2_ctrl,0,3899,129.96666666666667,0.46545471717300035,-0.12462126742643417
UBFC_PHYS_s14_T2_ctrl,0,3900,130.0,0.8846988310102801,-0.09911051589071429
UBFC_PHYS_s14_T2_ctrl,0,3901,130.03333333333333,1.167034508712245,-0.0775388720562834
UBFC_PHYS_s14_T2_ctrl,0,3902,130.06666666666666,1.313473811236589,-0.08935572143979043
UBFC_PHYS_s14_T2_ctrl,0,3903,130.1,1.3249719627554932,-0.15856860422808713
UBFC_PHYS_s14_T2_ctrl,0,3904,130.13333333333333,1.2147518022563557,-0.2659310309900469
UBFC_PHYS_s14_T2_ctrl,0,3905,130.16666666666666,1.0172246114647439,-0.34901784580165607
UBFC_PHYS_s14_T2_ctrl,0,3906,130.2,0.7788559424811574,-0.3685869771409881
UBFC_PHYS_s14_T2_ctrl,0,3907,130.23333333333332,0.5418687473405566,-0.3091304418582823
UBFC_PHYS_s14_T2_ctrl,0,3908,130.26666666666668,0.3317089185655872,-0.19874312668580146
UBFC_PHYS_s14_T2_ctrl,0,3909,130.3,0.1510809610363326,-0.10875503928222477
UBFC_PHYS_s14_T2_ctrl,0,3910,130.33333333333334,-0.013899512062159794,-0.07193100243725939
UBFC_PHYS_s14_T2_ctrl,0,3911,130.36666666666667,-0.17652306555783348,-0.08218652288856396
UBFC_PHYS_s14_T2_ctrl,0,3912,130.4,-0.3381463000436922,-0.11260102620152238
UBFC_PHYS_s14_T2_ctrl,0,3913,130.43333333333334,-0.4920568816658182,-0.11613279375696255
UBFC_PHYS_s14_T2_ctrl,0,3914,130.46666666666667,-0.6306175307928585,-0.07268279208329362
UBFC_PHYS_s14_T2_ctrl,0,3915,130.5,-0.7464672561498757,0.010343317267105093
UBFC_PHYS_s14_T2_ctrl,0,3916,130.53333333333333,-0.834213587001614,0.11581031606987617
UBFC_PHYS_s14_T2_ctrl,0,3917,130.56666666666666,-0.8943257110985311,0.21675151101893733
UBFC_PHYS_s14_T2_ctrl,0,3918,130.6,-0.9308052452233107,0.2956021292372413
UBFC_PHYS_s14_T2_ctrl,0,3919,130.63333333333333,-0.9442586828063758,0.34399202907599796
UBFC_PHYS_s14_T2_ctrl,0,3920,130.66666666666666,-0.9310885765707602,0.36329621730517186
UBFC_PHYS_s14_T2_ctrl,0,3921,130.7,-0.888895363012904,0.3642714934735856
UBFC_PHYS_s14_T2_ctrl,0,3922,130.73333333333332,-0.8179301159138423,0.3660782618591245
UBFC_PHYS_s14_T2_ctrl,0,3923,130.76666666666668,-0.7141302032613028,0.39575893055010813
UBFC_PHYS_s14_T2_ctrl,0,3924,130.8,-0.5608383747741027,0.4499859122264825
UBFC_PHYS_s14_T2_ctrl,0,3925,130.83333333333334,-0.3304543020626099,0.49499630154646884
UBFC_PHYS_s14_T2_ctrl,0,3926,130.86666666666667,-0.0007217376096047001,0.5016741922155895
UBFC_PHYS_s14_T2_ctrl,0,3927,130.9,0.4222359080809837,0.44613013335464974
UBFC_PHYS_s14_T2_ctrl,0,3928,130.93333333333334,0.8914959484127076,0.32881545111449473
UBFC_PHYS_s14_T2_ctrl,0,3929,130.96666666666667,1.3290752075853824,0.17497744400674184
UBFC_PHYS_s14_T2_ctrl,0,3930,131.0,1.6502998938539861,0.00196825123584167
UBFC_PHYS_s14_T2_ctrl,0,3931,131.03333333333333,1.7891879756899354,-0.1800821420862314
UBFC_PHYS_s14_T2_ctrl,0,3932,131.06666666666666,1.7191977033425732,-0.35763091683846693
UBFC_PHYS_s14_T2_ctrl,0,3933,131.1,1.461387378375855,-0.512744938015892
UBFC_PHYS_s14_T2_ctrl,0,3934,131.13333333333333,1.0723933108678607,-0.6407248029483321
UBFC_PHYS_s14_T2_ctrl,0,3935,131.16666666666666,0.6222002084629021,-0.7490809229104644
UBFC_PHYS_s14_T2_ctrl,0,3936,131.2,0.1773057597257265,-0.8430668347322258
UBFC_PHYS_s14_T2_ctrl,0,3937,131.23333333333332,-0.21025988378042285,-0.9247255302287976
UBFC_PHYS_s14_T2_ctrl,0,3938,131.26666666666668,-0.5110139399076943,-0.9766992167677433
UBFC_PHYS_s14_T2_ctrl,0,3939,131.3,-0.7166602176886909,-0.9621440803766879
UBFC_PHYS_s14_T2_ctrl,0,3940,131.33333333333334,-0.8286542375429626,-0.854607970960051
UBFC_PHYS_s14_T2_ctrl,0,3941,131.36666666666667,-0.8500440422864317,-0.6389222008621996
UBFC_PHYS_s14_T2_ctrl,0,3942,131.4,-0.7888865981067803,-0.34058363871255926
UBFC_PHYS_s14_T2_ctrl,0,3943,131.43333333333334,-0.6631504991278582,-0.026612572722302635
UBFC_PHYS_s14_T2_ctrl,0,3944,131.46666666666667,-0.493461309721674,0.23945003702119044
UBFC_PHYS_s14_T2_ctrl,0,3945,131.5,-0.2889945527903363,0.39706241819104743
UBFC_PHYS_s14_T2_ctrl,0,3946,131.53333333333333,-0.04719780291146759,0.43414162515209365
UBFC_PHYS_s14_T2_ctrl,0,3947,131.56666666666666,0.22825528371634574,0.3862167830233323
UBFC_PHYS_s14_T2_ctrl,0,3948,131.6,0.5155071521873105,0.3134059225796016
UBFC_PHYS_s14_T2_ctrl,0,3949,131.63333333333333,0.7854061491641906,0.29896760724192534
UBFC_PHYS_s14_T2_ctrl,0,3950,131.66666666666666,1.0139412677918038,0.3835147685516209
UBFC_PHYS_s14_T2_ctrl,0,3951,131.7,1.1669193161160947,0.5639034550688995
UBFC_PHYS_s14_T2_ctrl,0,3952,131.73333333333332,1.1748357066605415,0.7872275753149918
UBFC_PHYS_s14_T2_ctrl,0,3953,131.76666666666668,0.9544283287852644,0.9510282793939409
UBFC_PHYS_s14_T2_ctrl,0,3954,131.8,0.4862814080733794,1.0110208138390402
UBFC_PHYS_s14_T2_ctrl,0,3955,131.83333333333334,-0.13186781088803395,0.9812010333869415
UBFC_PHYS_s14_T2_ctrl,0,3956,131.86666666666667,-0.7329180448801933,0.8774713239566594
UBFC_PHYS_s14_T2_ctrl,0,3957,131.9,-1.1931444902863237,0.7174276064648795
UBFC_PHYS_s14_T2_ctrl,0,3958,131.93333333333334,-1.4976455154512638,0.5245505953391287
UBFC_PHYS_s14_T2_ctrl,0,3959,131.96666666666667,-1.7034197973395668,0.3287311227593506
UBFC_PHYS_s14_T2_ctrl,0,3960,132.0,-1.8585279304808677,0.1487025090036011
UBFC_PHYS_s14_T2_ctrl,0,3961,132.03333333333333,-1.95953771762872,-0.007024660539593872
UBFC_PHYS_s14_T2_ctrl,0,3962,132.06666666666666,-1.9568574598531314,-0.15707078894063203
UBFC_PHYS_s14_T2_ctrl,0,3963,132.1,-1.7782605101904965,-0.3454575621536043
UBFC_PHYS_s14_T2_ctrl,0,3964,132.13333333333333,-1.3730029590010413,-0.5724436192221235
UBFC_PHYS_s14_T2_ctrl,0,3965,132.16666666666666,-0.7633831957304803,-0.7930953259935164
UBFC_PHYS_s14_T2_ctrl,0,3966,132.2,-0.04062958194600569,-0.9715997897778398
UBFC_PHYS_s14_T2_ctrl,0,3967,132.23333333333332,0.6946187904878192,-1.0806601120503232
UBFC_PHYS_s14_T2_ctrl,0,3968,132.26666666666668,1.3658875308396439,-1.1188325548363844
UBFC_PHYS_s14_T2_ctrl,0,3969,132.3,1.8997635501622552,-1.1097562012001791
UBFC_PHYS_s14_T2_ctrl,0,3970,132.33333333333334,2.2095454018579277,-1.0549868375272267
UBFC_PHYS_s14_T2_ctrl,0,3971,132.36666666666667,2.2281404882697706,-0.934016003837449
UBFC_PHYS_s14_T2_ctrl,0,3972,132.4,1.960096358011729,-0.7337739307062409
UBFC_PHYS_s14_T2_ctrl,0,3973,132.43333333333334,1.494958113083579,-0.44990058183160353
UBFC_PHYS_s14_T2_ctrl,0,3974,132.46666666666667,0.9676424055666093,-0.11927309339089731
UBFC_PHYS_s14_T2_ctrl,0,3975,132.5,0.5065289137185176,0.17897088822231227
UBFC_PHYS_s14_T2_ctrl,0,3976,132.53333333333333,0.19443728260465953,0.4078745047777476
UBFC_PHYS_s14_T2_ctrl,0,3977,132.56666666666666,0.03943484692032455,0.5715220266749647
UBFC_PHYS_s14_T2_ctrl,0,3978,132.6,-0.021094509037439882,0.6694935752664533
UBFC_PHYS_s14_T2_ctrl,0,3979,132.63333333333333,-0.06631990524093662,0.6956313822670827
UBFC_PHYS_s14_T2_ctrl,0,3980,132.66666666666666,-0.1334127479544744,0.65947068932879
UBFC_PHYS_s14_T2_ctrl,0,3981,132.7,-0.21250002578756952,0.5857078513966721
UBFC_PHYS_s14_T2_ctrl,0,3982,132.73333333333332,-0.2882829399927153,0.49877649297622917
UBFC_PHYS_s14_T2_ctrl,0,3983,132.76666666666668,-0.3718399625485166,0.4226129304209181
UBFC_PHYS_s14_T2_ctrl,0,3984,132.8,-0.49015907485308197,0.35836086627393704
UBFC_PHYS_s14_T2_ctrl,0,3985,132.83333333333334,-0.6546042389469882,0.28484022118380636
UBFC_PHYS_s14_T2_ctrl,0,3986,132.86666666666667,-0.845116931211562,0.20120983837973486
UBFC_PHYS_s14_T2_ctrl,0,3987,132.9,-1.016817277223864,0.1274916376785973
UBFC_PHYS_s14_T2_ctrl,0,3988,132.93333333333334,-1.113997161543381,0.0891517666068512
UBFC_PHYS_s14_T2_ctrl,0,3989,132.96666666666667,-1.0885715036109995,0.11688498000657693
UBFC_PHYS_s14_T2_ctrl,0,3990,133.0,-0.9248292716961475,0.18993667625231925
UBFC_PHYS_s14_T2_ctrl,0,3991,133.03333333333333,-0.6532018764225974,0.2365064510942551
UBFC_PHYS_s14_T2_ctrl,0,3992,133.06666666666666,-0.33018334955319717,0.22147521692447186
UBFC_PHYS_s14_T2_ctrl,0,3993,133.1,0.004016290532483007,0.1470987526449004
UBFC_PHYS_s14_T2_ctrl,0,3994,133.13333333333333,0.33641875952850975,0.031168961930861622
UBFC_PHYS_s14_T2_ctrl,0,3995,133.16666666666666,0.6406867669684394,-0.09294342414932139
UBFC_PHYS_s14_T2_ctrl,0,3996,133.2,0.8566495079734661,-0.20953118394572795
UBFC_PHYS_s14_T2_ctrl,0,3997,133.23333333333332,0.94349315831793,-0.32008945152259577
UBFC_PHYS_s14_T2_ctrl,0,3998,133.26666666666668,0.929264250160515,-0.43897704069581966
UBFC_PHYS_s14_T2_ctrl,0,3999,133.3,0.8746604265170621,-0.5921888832762342
UBFC_PHYS_s14_T2_ctrl,0,4000,133.33333333333334,0.809188134513475,-0.7555156532464404
UBFC_PHYS_s14_T2_ctrl,0,4001,133.36666666666667,0.7239956894520675,-0.8541278621702071
UBFC_PHYS_s14_T2_ctrl,0,4002,133.4,0.6024396902997818,-0.8334857768526008
UBFC_PHYS_s14_T2_ctrl,0,4003,133.43333333333334,0.44153003039613864,-0.6601960699399875
UBFC_PHYS_s14_T2_ctrl,0,4004,133.46666666666667,0.2565479313621705,-0.34532841117518753
UBFC_PHYS_s14_T2_ctrl,0,4005,133.5,0.0647039801414086,0.05466355481056191
UBFC_PHYS_s14_T2_ctrl,0,4006,133.53333333333333,-0.14274781869895553,0.4721040143477519
UBFC_PHYS_s14_T2_ctrl,0,4007,133.56666666666666,-0.39425761365108786,0.8271777870893564
UBFC_PHYS_s14_T2_ctrl,0,4008,133.6,-0.6912351476537211,1.0598696909808134
UBFC_PHYS_s14_T2_ctrl,0,4009,133.63333333333333,-0.983943714133193,1.129150258385231
UBFC_PHYS_s14_T2_ctrl,0,4010,133.66666666666666,-1.1968362803327235,1.0358410784617285
UBFC_PHYS_s14_T2_ctrl,0,4011,133.7,-1.2660904858900515,0.8221007348212448
UBFC_PHYS_s14_T2_ctrl,0,4012,133.73333333333332,-1.1702142048784472,0.5268478701171398
UBFC_PHYS_s14_T2_ctrl,0,4013,133.76666666666668,-0.9467502911681863,0.18618332392528847
UBFC_PHYS_s14_T2_ctrl,0,4014,133.8,-0.6650991146901151,-0.16637198997373695
UBFC_PHYS_s14_T2_ctrl,0,4015,133.83333333333334,-0.36949350990523805,-0.49838653825273443
UBFC_PHYS_s14_T2_ctrl,0,4016,133.86666666666667,-0.05863913573595397,-0.7834961765310892
UBFC_PHYS_s14_T2_ctrl,0,4017,133.9,0.2826804294358325,-0.9997704527660518
UBFC_PHYS_s14_T2_ctrl,0,4018,133.93333333333334,0.6457284431447158,-1.1253862505600192
UBFC_PHYS_s14_T2_ctrl,0,4019,133.96666666666667,0.9864448208564447,-1.1376982156898146
UBFC_PHYS_s14_T2_ctrl,0,4020,134.0,1.243338733718893,-1.014605528984396
UBFC_PHYS_s14_T2_ctrl,0,4021,134.03333333333333,1.3693554347899664,-0.7350997395224768
UBFC_PHYS_s14_T2_ctrl,0,4022,134.06666666666666,1.3516950296592793,-0.3181094794545528
UBFC_PHYS_s14_T2_ctrl,0,4023,134.1,1.2093379105556867,0.17603592873924845
UBFC_PHYS_s14_T2_ctrl,0,4024,134.13333333333333,0.9802316363132909,0.6656339860525274
UBFC_PHYS_s14_T2_ctrl,0,4025,134.16666666666666,0.7032052256538418,1.0464131746703995
UBFC_PHYS_s14_T2_ctrl,0,4026,134.2,0.39335289166286974,1.2605261354929274
UBFC_PHYS_s14_T2_ctrl,0,4027,134.23333333333332,0.032157535012497664,1.2954814161255246
UBFC_PHYS_s14_T2_ctrl,0,4028,134.26666666666668,-0.40099640925124697,1.1655541757068273
UBFC_PHYS_s14_T2_ctrl,0,4029,134.3,-0.8817064017591071,0.9111245809959616
UBFC_PHYS_s14_T2_ctrl,0,4030,134.33333333333334,-1.3347509580753594,0.570906995709497
UBFC_PHYS_s14_T2_ctrl,0,4031,134.36666666666667,-1.6675072022421238,0.18266511220326856
UBFC_PHYS_s14_T2_ctrl,0,4032,134.4,-1.8002937949202023,-0.21604351484582346
UBFC_PHYS_s14_T2_ctrl,0,4033,134.43333333333334,-1.689317456421676,-0.5861557941325594
UBFC_PHYS_s14_T2_ctrl,0,4034,134.46666666666667,-1.3447494222294305,-0.8979812657181855
UBFC_PHYS_s14_T2_ctrl,0,4035,134.5,-0.8243371597203902,-1.1293946574761318
UBFC_PHYS_s14_T2_ctrl,0,4036,134.53333333333333,-0.21422839394029902,-1.2553317477386718
UBFC_PHYS_s14_T2_ctrl,0,4037,134.56666666666666,0.3816620647881802,-1.2468488454310602
UBFC_PHYS_s14_T2_ctrl,0,4038,134.6,0.8658809943062838,-1.0795866451904086
UBFC_PHYS_s14_T2_ctrl,0,4039,134.63333333333333,1.1861638683049847,-0.7345375720662148
UBFC_PHYS_s14_T2_ctrl,0,4040,134.66666666666666,1.3445020676496688,-0.25210698277530724
UBFC_PHYS_s14_T2_ctrl,0,4041,134.7,1.3796781132759486,0.26656531517380067
UBFC_PHYS_s14_T2_ctrl,0,4042,134.73333333333332,1.3562724214760826,0.7306802272697757
UBFC_PHYS_s14_T2_ctrl,0,4043,134.76666666666668,1.329896927170947,1.0586613124296087
UBFC_PHYS_s14_T2_ctrl,0,4044,134.8,1.2782944428746124,1.21163619400621
UBFC_PHYS_s14_T2_ctrl,0,4045,134.83333333333334,1.0989855300597844,1.1921900587167447
UBFC_PHYS_s14_T2_ctrl,0,4046,134.86666666666667,0.7165257601469527,1.023696314740108
UBFC_PHYS_s14_T2_ctrl,0,4047,134.9,0.16743141905180398,0.7497716954248423
UBFC_PHYS_s14_T2_ctrl,0,4048,134.93333333333334,-0.44440179184145606,0.4140251020629847
UBFC_PHYS_s14_T2_ctrl,0,4049,134.96666666666667,-1.043698829409348,0.060759953817235646
UBFC_PHYS_s14_T2_ctrl,0,4050,135.0,-1.5984742694869298,-0.2794411329922268
UBFC_PHYS_s14_T2_ctrl,0,4051,135.03333333333333,-2.0487831278113875,-0.5880654076249645
UBFC_PHYS_s14_T2_ctrl,0,4052,135.06666666666666,-2.2681473394130327,-0.8484023429254006
UBFC_PHYS_s14_T2_ctrl,0,4053,135.1,-2.1335484547185333,-1.0438122291108871
UBFC_PHYS_s14_T2_ctrl,0,4054,135.13333333333333,-1.6326465557605303,-1.144922250207792
UBFC_PHYS_s14_T2_ctrl,0,4055,135.16666666666666,-0.8930314370504828,-1.1090742532393252
UBFC_PHYS_s14_T2_ctrl,0,4056,135.2,-0.11374022198641812,-0.9103611158649304
UBFC_PHYS_s14_T2_ctrl,0,4057,135.23333333333332,0.5353183870904252,-0.540636256357273
UBFC_PHYS_s14_T2_ctrl,0,4058,135.26666666666668,0.9782600096754954,-0.04945814811567484
UBFC_PHYS_s14_T2_ctrl,0,4059,135.3,1.2299078726245285,0.4546793200441119
UBFC_PHYS_s14_T2_ctrl,0,4060,135.33333333333334,1.3398122080928094,0.8829303341038431
UBFC_PHYS_s14_T2_ctrl,0,4061,135.36666666666667,1.3437691500776263,1.1650374143951154
UBFC_PHYS_s14_T2_ctrl,0,4062,135.4,1.261561816686695,1.2698030591629417
UBFC_PHYS_s14_T2_ctrl,0,4063,135.43333333333334,1.1199708305541598,1.2039670542414258
UBFC_PHYS_s14_T2_ctrl,0,4064,135.46666666666667,0.9667052761179962,1.0005229091280932
UBFC_PHYS_s14_T2_ctrl,0,4065,135.5,0.8515084520345225,0.7182491632607044
UBFC_PHYS_s14_T2_ctrl,0,4066,135.53333333333333,0.7726864312466643,0.39838497594332406
UBFC_PHYS_s14_T2_ctrl,0,4067,135.56666666666666,0.6525387257317132,0.06548472822053242
UBFC_PHYS_s14_T2_ctrl,0,4068,135.6,0.40032284505009885,-0.26190701873969086
UBFC_PHYS_s14_T2_ctrl,0,4069,135.63333333333333,-0.0006874443415472338,-0.5693781504038185
UBFC_PHYS_s14_T2_ctrl,0,4070,135.66666666666666,-0.479818897133558,-0.8372355989500393
UBFC_PHYS_s14_T2_ctrl,0,4071,135.7,-0.9352119570812838,-1.0388430758260008
UBFC_PHYS_s14_T2_ctrl,0,4072,135.73333333333332,-1.295750534844635,-1.1459315528659562
UBFC_PHYS_s14_T2_ctrl,0,4073,135.76666666666668,-1.540005944508767,-1.1279482258388691
UBFC_PHYS_s14_T2_ctrl,0,4074,135.8,-1.653740733173215,-0.9680428072504033
UBFC_PHYS_s14_T2_ctrl,0,4075,135.83333333333334,-1.5795698100180222,-0.6636698372589345
UBFC_PHYS_s14_T2_ctrl,0,4076,135.86666666666667,-1.252135019293307,-0.2453110887142193
UBFC_PHYS_s14_T2_ctrl,0,4077,135.9,-0.697594417276477,0.22222510344715166
UBFC_PHYS_s14_T2_ctrl,0,4078,135.93333333333334,-0.06306821297528492,0.6640740310455561
UBFC_PHYS_s14_T2_ctrl,0,4079,135.96666666666667,0.47231636366046637,0.9941195674588912
UBFC_PHYS_s14_T2_ctrl,0,4080,136.0,0.8044550926366905,1.1621499890525575
UBFC_PHYS_s14_T2_ctrl,0,4081,136.03333333333333,0.9326896256181249,1.152937074325172
UBFC_PHYS_s14_T2_ctrl,0,4082,136.06666666666666,0.9189805002384925,0.9875624551276139
UBFC_PHYS_s14_T2_ctrl,0,4083,136.1,0.8382060860515776,0.7228762512504199
UBFC_PHYS_s14_T2_ctrl,0,4084,136.13333333333333,0.7492328868443152,0.39839117425778003
UBFC_PHYS_s14_T2_ctrl,0,4085,136.16666666666666,0.6788665652818334,0.03704375503772215
UBFC_PHYS_s14_T2_ctrl,0,4086,136.2,0.6161599210931612,-0.33320323018694936
UBFC_PHYS_s14_T2_ctrl,0,4087,136.23333333333332,0.526145546543799,-0.6775737486094352
UBFC_PHYS_s14_T2_ctrl,0,4088,136.26666666666668,0.3774870447653172,-0.9623413316503782
UBFC_PHYS_s14_T2_ctrl,0,4089,136.3,0.16658262942567528,-1.153333718254751
UBFC_PHYS_s14_T2_ctrl,0,4090,136.33333333333334,-0.07806121582613997,-1.2229437057305577
UBFC_PHYS_s14_T2_ctrl,0,4091,136.36666666666667,-0.3184734841773757,-1.1495643368762662
UBFC_PHYS_s14_T2_ctrl,0,4092,136.4,-0.5362160143507498,-0.9228218032717356
UBFC_PHYS_s14_T2_ctrl,0,4093,136.43333333333334,-0.7269153162409027,-0.5444173346051201
UBFC_PHYS_s14_T2_ctrl,0,4094,136.46666666666667,-0.8567272029589456,-0.056842632146481595
UBFC_PHYS_s14_T2_ctrl,0,4095,136.5,-0.8455037726363144,0.45510936252153883
UBFC_PHYS_s14_T2_ctrl,0,4096,136.53333333333333,-0.633983243012558,0.9025724753243868
UBFC_PHYS_s14_T2_ctrl,0,4097,136.56666666666666,-0.27021018599450997,1.1914746719140175
UBFC_PHYS_s14_T2_ctrl,0,4098,136.6,0.1064571568360728,1.2887559707815348
UBFC_PHYS_s14_T2_ctrl,0,4099,136.63333333333333,0.3698067521675872,1.221231377713067
UBFC_PHYS_s14_T2_ctrl,0,4100,136.66666666666666,0.4755337577757525,1.0233604142907982
UBFC_PHYS_s14_T2_ctrl,0,4101,136.7,0.44777722347643034,0.7367280484005023
UBFC_PHYS_s14_T2_ctrl,0,4102,136.73333333333332,0.335736149415016,0.39927981164497994
UBFC_PHYS_s14_T2_ctrl,0,4103,136.76666666666668,0.18134724709620514,0.046282264912794045
UBFC_PHYS_s14_T2_ctrl,0,4104,136.8,0.0025623618352588196,-0.29364454364393866
UBFC_PHYS_s14_T2_ctrl,0,4105,136.83333333333334,-0.20270835898951323,-0.5968153415851997
UBFC_PHYS_s14_T2_ctrl,0,4106,136.86666666666667,-0.43368744567912976,-0.8441099551845525
UBFC_PHYS_s14_T2_ctrl,0,4107,136.9,-0.665620967138795,-1.0193430162285324
UBFC_PHYS_s14_T2_ctrl,0,4108,136.93333333333334,-0.8483996004478492,-1.1017935281946194
UBFC_PHYS_s14_T2_ctrl,0,4109,136.96666666666667,-0.9249579104365884,-1.065540489517643
UBFC_PHYS_s14_T2_ctrl,0,4110,137.0,-0.8553266340711001,-0.8863187877607411
UBFC_PHYS_s14_T2_ctrl,0,4111,137.03333333333333,-0.6282864631869833,-0.5424778757839729
UBFC_PHYS_s14_T2_ctrl,0,4112,137.06666666666666,-0.26166462696760967,-0.07407431828001056
UBFC_PHYS_s14_T2_ctrl,0,4113,137.1,0.19407078693772,0.41581380215270475
UBFC_PHYS_s14_T2_ctrl,0,4114,137.13333333333333,0.6636455091966551,0.8295688820563973
UBFC_PHYS_s14_T2_ctrl,0,4115,137.16666666666666,1.0846470692305936,1.0743296910832159
UBFC_PHYS_s14_T2_ctrl,0,4116,137.2,1.4324564442805898,1.1205098328593381
UBFC_PHYS_s14_T2_ctrl,0,4117,137.23333333333332,1.6916328787452015,1.0008926688839772
UBFC_PHYS_s14_T2_ctrl,0,4118,137.26666666666668,1.8240908962706588,0.7583906242195388
UBFC_PHYS_s14_T2_ctrl,0,4119,137.3,1.7905394656600402,0.4456675308790876
UBFC_PHYS_s14_T2_ctrl,0,4120,137.33333333333334,1.5862731985553407,0.10640790538540701
UBFC_PHYS_s14_T2_ctrl,0,4121,137.36666666666667,1.239056231962334,-0.22369411323465924
UBFC_PHYS_s14_T2_ctrl,0,4122,137.4,0.7880390526059761,-0.5187386466219183
UBFC_PHYS_s14_T2_ctrl,0,4123,137.43333333333334,0.27456439603946264,-0.7609916132472159
UBFC_PHYS_s14_T2_ctrl,0,4124,137.46666666666667,-0.25491536023189637,-0.9327607436641188
UBFC_PHYS_s14_T2_ctrl,0,4125,137.5,-0.740186787756601,-1.0151611421796103
UBFC_PHYS_s14_T2_ctrl,0,4126,137.53333333333333,-1.107592990503328,-0.981105495632312
UBFC_PHYS_s14_T2_ctrl,0,4127,137.56666666666666,-1.3017536638672849,-0.7954892365659825
UBFC_PHYS_s14_T2_ctrl,0,4128,137.6,-1.328065170646274,-0.4586454149033507
UBFC_PHYS_s14_T2_ctrl,0,4129,137.63333333333333,-1.2549748001163163,-0.007663748598737863
UBFC_PHYS_s14_T2_ctrl,0,4130,137.66666666666666,-1.1763078774712568,0.4788881446676524
UBFC_PHYS_s14_T2_ctrl,0,4131,137.7,-1.1666960796655623,0.8799974752150719
UBFC_PHYS_s14_T2_ctrl,0,4132,137.73333333333332,-1.2453163414779966,1.128862914932359
UBFC_PHYS_s14_T2_ctrl,0,4133,137.76666666666668,-1.3596672556176175,1.211949119208209
UBFC_PHYS_s14_T2_ctrl,0,4134,137.8,-1.4046982195195126,1.1378789231319673
UBFC_PHYS_s14_T2_ctrl,0,4135,137.83333333333334,-1.2803785349431764,0.9366003141458101
UBFC_PHYS_s14_T2_ctrl,0,4136,137.86666666666667,-0.9567026256783004,0.6471380342902895
UBFC_PHYS_s14_T2_ctrl,0,4137,137.9,-0.4912227812696703,0.3179293419158687
UBFC_PHYS_s14_T2_ctrl,0,4138,137.93333333333334,0.010630910703175511,-0.019688248922862042
UBFC_PHYS_s14_T2_ctrl,0,4139,137.96666666666667,0.44875623392400266,-0.34999902151129725
UBFC_PHYS_s14_T2_ctrl,0,4140,138.0,0.7731912676662512,-0.6565965176152905
UBFC_PHYS_s14_T2_ctrl,0,4141,138.03333333333333,1.0043570970283962,-0.9204692815986284
UBFC_PHYS_s14_T2_ctrl,0,4142,138.06666666666666,1.1860859798207621,-1.11669538118408
UBFC_PHYS_s14_T2_ctrl,0,4143,138.1,1.3092284404633574,-1.21325769303601
UBFC_PHYS_s14_T2_ctrl,0,4144,138.13333333333333,1.3152847182305785,-1.1774130789990385
UBFC_PHYS_s14_T2_ctrl,0,4145,138.16666666666666,1.170596579447073,-0.975944516073608
UBFC_PHYS_s14_T2_ctrl,0,4146,138.2,0.8978679274917161,-0.6217551106639119
UBFC_PHYS_s14_T2_ctrl,0,4147,138.23333333333332,0.5395643714490492,-0.17495434310104924
UBFC_PHYS_s14_T2_ctrl,0,4148,138.26666666666668,0.12615810965797816,0.2882155112394449
UBFC_PHYS_s14_T2_ctrl,0,4149,138.3,-0.30211661809168205,0.6743490201298309
UBFC_PHYS_s14_T2_ctrl,0,4150,138.33333333333334,-0.6542503310208571,0.9175340116153868
UBFC_PHYS_s14_T2_ctrl,0,4151,138.36666666666667,-0.8086102033467943,0.9784523217370076
UBFC_PHYS_s14_T2_ctrl,0,4152,138.4,-0.7000420548301303,0.8648141958973918
UBFC_PHYS_s14_T2_ctrl,0,4153,138.43333333333334,-0.37138644123787057,0.6306676089691806
UBFC_PHYS_s14_T2_ctrl,0,4154,138.46666666666667,0.06229833737267454,0.3331159716685933
UBFC_PHYS_s14_T2_ctrl,0,4155,138.5,0.47113084729103333,0.03232187700072074
UBFC_PHYS_s14_T2_ctrl,0,4156,138.53333333333333,0.7496889171934754,-0.23177088961224626
UBFC_PHYS_s14_T2_ctrl,0,4157,138.56666666666666,0.8549215172998795,-0.43845684779136224
UBFC_PHYS_s14_T2_ctrl,0,4158,138.6,0.8143119875845608,-0.5582243075414659
UBFC_PHYS_s14_T2_ctrl,0,4159,138.63333333333333,0.6812640511352345,-0.5521437262819544
UBFC_PHYS_s14_T2_ctrl,0,4160,138.66666666666666,0.49504519586348306,-0.4376876292846655
UBFC_PHYS_s14_T2_ctrl,0,4161,138.7,0.28551767761022145,-0.28828549659296526
UBFC_PHYS_s14_T2_ctrl,0,4162,138.73333333333332,0.08358642625523408,-0.14924128899454175
UBFC_PHYS_s14_T2_ctrl,0,4163,138.76666666666668,-0.09020552878061079,-0.03750873480892778
UBFC_PHYS_s14_T2_ctrl,0,4164,138.8,-0.2332940520280383,0.07112860542793742
UBFC_PHYS_s14_T2_ctrl,0,4165,138.83333333333334,-0.35225031704070897,0.2405556536073362
UBFC_PHYS_s14_T2_ctrl,0,4166,138.86666666666667,-0.4530912750477833,0.47532039674170257
UBFC_PHYS_s14_T2_ctrl,0,4167,138.9,-0.5343734638976242,0.7192943996243556
UBFC_PHYS_s14_T2_ctrl,0,4168,138.93333333333334,-0.5820732420761907,0.9009664866524565
UBFC_PHYS_s14_T2_ctrl,0,4169,138.96666666666667,-0.5772659417794341,0.9337711774692142
UBFC_PHYS_s14_T2_ctrl,0,4170,139.0,-0.5148083022850474,0.7967306305991189
UBFC_PHYS_s14_T2_ctrl,0,4171,139.03333333333333,-0.4120769305510496,0.5348512727996081
UBFC_PHYS_s14_T2_ctrl,0,4172,139.06666666666666,-0.2985603729486095,0.2049585468670856
UBFC_PHYS_s14_T2_ctrl,0,4173,139.1,-0.19724857738920573,-0.12402811162507718
UBFC_PHYS_s14_T2_ctrl,0,4174,139.13333333333333,-0.11176742546730181,-0.4033062793179724
UBFC_PHYS_s14_T2_ctrl,0,4175,139.16666666666666,-0.03066991294509276,-0.6032002015530712
UBFC_PHYS_s14_T2_ctrl,0,4176,139.2,0.05223543287268339,-0.7106467615434786
UBFC_PHYS_s14_T2_ctrl,0,4177,139.23333333333332,0.1250612954362981,-0.7281031255763996
UBFC_PHYS_s14_T2_ctrl,0,4178,139.26666666666668,0.16920736587378998,-0.6613600832817076
UBFC_PHYS_s14_T2_ctrl,0,4179,139.3,0.17858928750955538,-0.5192220182773472
UBFC_PHYS_s14_T2_ctrl,0,4180,139.33333333333334,0.16397336307300706,-0.33862912135274725
UBFC_PHYS_s14_T2_ctrl,0,4181,139.36666666666667,0.14100262144213757,-0.18459580013851384
UBFC_PHYS_s14_T2_ctrl,0,4182,139.4,0.11450561713963647,-0.11502189967159457
UBFC_PHYS_s14_T2_ctrl,0,4183,139.43333333333334,0.07491456611358752,-0.18012647680353497
UBFC_PHYS_s14_T2_ctrl,0,4184,139.46666666666667,0.013120671676038472,-0.3379133519582396
UBFC_PHYS_s14_T2_ctrl,0,4185,139.5,-0.063849359586349,-0.45492558342202266
UBFC_PHYS_s14_T2_ctrl,0,4186,139.53333333333333,-0.13671561247463418,-0.4410987551717824
UBFC_PHYS_s14_T2_ctrl,0,4187,139.56666666666666,-0.18821475236578938,-0.25153808259177285
UBFC_PHYS_s14_T2_ctrl,0,4188,139.6,-0.2081441966814105,0.07274417668431163
UBFC_PHYS_s14_T2_ctrl,0,4189,139.63333333333333,-0.19263478105692097,0.4046259873631189
UBFC_PHYS_s14_T2_ctrl,0,4190,139.66666666666666,-0.14848226020375985,0.6493742246623895
UBFC_PHYS_s14_T2_ctrl,0,4191,139.7,-0.09864174727776753,0.7449698270034217
UBFC_PHYS_s14_T2_ctrl,0,4192,139.73333333333332,-0.07869005043229105,0.6889578314213156
UBFC_PHYS_s14_T2_ctrl,0,4193,139.76666666666668,-0.11643799821385914,0.5378117339123176
UBFC_PHYS_s14_T2_ctrl,0,4194,139.8,-0.2060195845053353,0.3594661623860286
UBFC_PHYS_s14_T2_ctrl,0,4195,139.83333333333334,-0.3117354764453047,0.23242923093428486
UBFC_PHYS_s14_T2_ctrl,0,4196,139.86666666666667,-0.40022514351300287,0.1944828517954089
UBFC_PHYS_s14_T2_ctrl,0,4197,139.9,-0.4491023069892668,0.24250027836105253
UBFC_PHYS_s14_T2_ctrl,0,4198,139.93333333333334,-0.4300924456254639,0.32658996899456744
UBFC_PHYS_s14_T2_ctrl,0,4199,139.96666666666667,-0.3207511314347361,0.3511928085048537
UBFC_PHYS_s14_T2_ctrl,0,4200,140.0,-0.13540101538095256,0.26544365921529134
UBFC_PHYS_s14_T2_ctrl,0,4201,140.03333333333333,0.08314548092741311,0.06446932592300557
UBFC_PHYS_s14_T2_ctrl,0,4202,140.06666666666666,0.2979735815314193,-0.2323159668465299
UBFC_PHYS_s14_T2_ctrl,0,4203,140.1,0.4874225162600819,-0.5803206597101102
UBFC_PHYS_s14_T2_ctrl,0,4204,140.13333333333333,0.6395090423955168,-0.9227305533018292
UBFC_PHYS_s14_T2_ctrl,0,4205,140.16666666666666,0.7577425727668203,-1.189647019593248
UBFC_PHYS_s14_T2_ctrl,0,4206,140.2,0.8596329462087609,-1.3177736288323114
UBFC_PHYS_s14_T2_ctrl,0,4207,140.23333333333332,0.9547051651240922,-1.2503289198993424
UBFC_PHYS_s14_T2_ctrl,0,4208,140.26666666666668,1.032000225201233,-0.9565616558867112
UBFC_PHYS_s14_T2_ctrl,0,4209,140.3,1.0766898675031216,-0.43312801337829
UBFC_PHYS_s14_T2_ctrl,0,4210,140.33333333333334,1.0853048180402685,0.23070677472187817
UBFC_PHYS_s14_T2_ctrl,0,4211,140.36666666666667,1.0514093089451548,0.8518791225694441
UBFC_PHYS_s14_T2_ctrl,0,4212,140.4,0.9475311996394328,1.2967667286786604
UBFC_PHYS_s14_T2_ctrl,0,4213,140.43333333333334,0.742173667918156,1.4805804678216719
UBFC_PHYS_s14_T2_ctrl,0,4214,140.46666666666667,0.43848246144233016,1.4063086528421773
UBFC_PHYS_s14_T2_ctrl,0,4215,140.5,0.08095230145614096,1.1633167343194197
UBFC_PHYS_s14_T2_ctrl,0,4216,140.53333333333333,-0.28438878986700966,0.8477249280062117
UBFC_PHYS_s14_T2_ctrl,0,4217,140.56666666666666,-0.6418437214368319,0.5613962022390939
UBFC_PHYS_s14_T2_ctrl,0,4218,140.6,-0.9912576694398489,0.34580958191446987
UBFC_PHYS_s14_T2_ctrl,0,4219,140.63333333333333,-1.3188656645390642,0.18294540331469253
UBFC_PHYS_s14_T2_ctrl,0,4220,140.66666666666666,-1.5889034388859766,0.03365343684105859
UBFC_PHYS_s14_T2_ctrl,0,4221,140.7,-1.7552769634289709,-0.16001604482296317
UBFC_PHYS_s14_T2_ctrl,0,4222,140.73333333333332,-1.7798475117521555,-0.4074305342557302
UBFC_PHYS_s14_T2_ctrl,0,4223,140.76666666666668,-1.6364497734514873,-0.6676818820473729
UBFC_PHYS_s14_T2_ctrl,0,4224,140.8,-1.3124487866694172,-0.9049551815579203
UBFC_PHYS_s14_T2_ctrl,0,4225,140.83333333333334,-0.8455904212994645,-1.0876690053586908
UBFC_PHYS_s14_T2_ctrl,0,4226,140.86666666666667,-0.34315777704294137,-1.196352310546994
UBFC_PHYS_s14_T2_ctrl,0,4227,140.9,0.0979800400078453,-1.2228853117237728
UBFC_PHYS_s14_T2_ctrl,0,4228,140.93333333333334,0.4767376176739959,-1.1485701637774497
UBFC_PHYS_s14_T2_ctrl,0,4229,140.96666666666667,0.8352450577786042,-0.9444876175738434
UBFC_PHYS_s14_T2_ctrl,0,4230,141.0,1.1492228657320254,-0.5980045944483721
UBFC_PHYS_s14_T2_ctrl,0,4231,141.03333333333333,1.32952863764957,-0.11462606723524493
UBFC_PHYS_s14_T2_ctrl,0,4232,141.06666666666666,1.3012776066871994,0.4165066206175587
UBFC_PHYS_s14_T2_ctrl,0,4233,141.1,1.035672136525931,0.8216824217305376
UBFC_PHYS_s14_T2_ctrl,0,4234,141.13333333333333,0.5469599690773709,1.0067497514892076
UBFC_PHYS_s14_T2_ctrl,0,4235,141.16666666666666,-0.08745646774715676,0.956883169529736
UBFC_PHYS_s14_T2_ctrl,0,4236,141.2,-0.7133720672290138,0.7294367160712802
UBFC_PHYS_s14_T2_ctrl,0,4237,141.23333333333332,-1.132728539147294,0.4526095101726246
UBFC_PHYS_s14_T2_ctrl,0,4238,141.26666666666668,-1.184450215755981,0.22828610707270663
UBFC_PHYS_s14_T2_ctrl,0,4239,141.3,-0.8429914350579715,0.1310548272949055
UBFC_PHYS_s14_T2_ctrl,0,4240,141.33333333333334,-0.24431506035972508,0.16972409969711785
UBFC_PHYS_s14_T2_ctrl,0,4241,141.36666666666667,0.395291234087885,0.28774847267540976
UBFC_PHYS_s14_T2_ctrl,0,4242,141.4,0.8773308049824358,0.4214738549306274
UBFC_PHYS_s14_T2_ctrl,0,4243,141.43333333333334,1.0807407260047222,0.5011226515864128
UBFC_PHYS_s14_T2_ctrl,0,4244,141.46666666666667,0.9947676452950874,0.487117441761565
UBFC_PHYS_s14_T2_ctrl,0,4245,141.5,0.7075989820620853,0.37065957980907094
UBFC_PHYS_s14_T2_ctrl,0,4246,141.53333333333333,0.33964124825333936,0.1652151240209333
UBFC_PHYS_s14_T2_ctrl,0,4247,141.56666666666666,-0.025529382016754656,-0.09302109857331346
UBFC_PHYS_s14_T2_ctrl,0,4248,141.6,-0.35814111622025685,-0.36092558488364834
UBFC_PHYS_s14_T2_ctrl,0,4249,141.63333333333333,-0.650812747265304,-0.5878168886986401
UBFC_PHYS_s14_T2_ctrl,0,4250,141.66666666666666,-0.8725049729040848,-0.7325454737548232
UBFC_PHYS_s14_T2_ctrl,0,4251,141.7,-0.960802187892985,-0.763033269742063
UBFC_PHYS_s14_T2_ctrl,0,4252,141.73333333333332,-0.88534226667835,-0.6701647580279866
UBFC_PHYS_s14_T2_ctrl,0,4253,141.76666666666668,-0.7022627551423695,-0.46781593636529084
UBFC_PHYS_s14_T2_ctrl,0,4254,141.8,-0.493510923086104,-0.2208908225198991
UBFC_PHYS_s14_T2_ctrl,0,4255,141.83333333333334,-0.2632650186656941,-0.044893561942966106
UBFC_PHYS_s14_T2_ctrl,0,4256,141.86666666666667,0.050278733969023104,0.0116983061806979
UBFC_PHYS_s14_T2_ctrl,0,4257,141.9,0.4736566406042185,-0.032429977738446275
UBFC_PHYS_s14_T2_ctrl,0,4258,141.93333333333334,0.9536215691476722,-0.11581239992525075
UBFC_PHYS_s14_T2_ctrl,0,4259,141.96666666666667,1.3924310355647747,-0.1356613795070803
UBFC_PHYS_s14_T2_ctrl,0,4260,142.0,1.6904314902623971,-0.02956451324968929
UBFC_PHYS_s14_T2_ctrl,0,4261,142.03333333333333,1.7776563696884962,0.22285308282348654
UBFC_PHYS_s14_T2_ctrl,0,4262,142.06666666666666,1.6401134512580566,0.5650998443907647
UBFC_PHYS_s14_T2_ctrl,0,4263,142.1,1.3162704765136888,0.8636316241020888
UBFC_PHYS_s14_T2_ctrl,0,4264,142.13333333333333,0.8679474952473832,1.0155453739840479
UBFC_PHYS_s14_T2_ctrl,0,4265,142.16666666666666,0.3596488010998574,0.9494033560720757
UBFC_PHYS_s14_T2_ctrl,0,4266,142.2,-0.14903248160414345,0.6725594295155978
UBFC_PHYS_s14_T2_ctrl,0,4267,142.23333333333332,-0.6130164773774213,0.27142350091863243
UBFC_PHYS_s14_T2_ctrl,0,4268,142.26666666666668,-1.0100490616984261,-0.1726960517488733
UBFC_PHYS_s14_T2_ctrl,0,4269,142.3,-1.3322007809675194,-0.5830568592506863
UBFC_PHYS_s14_T2_ctrl,0,4270,142.33333333333334,-1.5613199866568,-0.9091395558983173
UBFC_PHYS_s14_T2_ctrl,0,4271,142.36666666666667,-1.6538754738999442,-1.125161565734753
UBFC_PHYS_s14_T2_ctrl,0,4272,142.4,-1.5631162391973066,-1.2041277880295358
UBFC_PHYS_s14_T2_ctrl,0,4273,142.43333333333334,-1.2912908403322485,-1.1170649630720868
UBFC_PHYS_s14_T2_ctrl,0,4274,142.46666666666667,-0.9160607004054367,-0.8545710428627094
UBFC_PHYS_s14_T2_ctrl,0,4275,142.5,-0.5431257224205961,-0.4277215079137495
UBFC_PHYS_s14_T2_ctrl,0,4276,142.53333333333333,-0.22231058228875378,0.0695099175705774
UBFC_PHYS_s14_T2_ctrl,0,4277,142.56666666666666,0.06994503168635359,0.45988296878017193
UBFC_PHYS_s14_T2_ctrl,0,4278,142.6,0.35447832617234887,0.6599652835827812
UBFC_PHYS_s14_T2_ctrl,0,4279,142.63333333333333,0.5938701038799341,0.6797207402371204
UBFC_PHYS_s14_T2_ctrl,0,4280,142.66666666666666,0.7395973990730665,0.5869433131158
UBFC_PHYS_s14_T2_ctrl,0,4281,142.7,0.7951857984551876,0.5051490734030845
UBFC_PHYS_s14_T2_ctrl,0,4282,142.73333333333332,0.8020426544233933,0.4958712092660844
UBFC_PHYS_s14_T2_ctrl,0,4283,142.76666666666668,0.7961109659826504,0.5574699546403387
UBFC_PHYS_s14_T2_ctrl,0,4284,142.8,0.7893978739023202,0.6461593973072064
UBFC_PHYS_s14_T2_ctrl,0,4285,142.83333333333334,0.754492516734146,0.676836996247114
UBFC_PHYS_s14_T2_ctrl,0,4286,142.86666666666667,0.622024344401951,0.606788618118309
UBFC_PHYS_s14_T2_ctrl,0,4287,142.9,0.32663346997948933,0.43672142107474077
UBFC_PHYS_s14_T2_ctrl,0,4288,142.93333333333334,-0.12920148274566592,0.1996847031026003
UBFC_PHYS_s14_T2_ctrl,0,4289,142.96666666666667,-0.6603693804094201,-0.03863210258016736
UBFC_PHYS_s14_T2_ctrl,0,4290,143.0,-1.14293783436634,-0.23941369152161207
UBFC_PHYS_s14_T2_ctrl,0,4291,143.03333333333333,-1.465616799431769,-0.39009406101439426
UBFC_PHYS_s14_T2_ctrl,0,4292,143.06666666666666,-1.558012217963958,-0.49604270886289814
UBFC_PHYS_s14_T2_ctrl,0,4293,143.1,-1.404594509386889,-0.5792973776231114
UBFC_PHYS_s14_T2_ctrl,0,4294,143.13333333333333,-1.0394072023615277,-0.6444301662492629
UBFC_PHYS_s14_T2_ctrl,0,4295,143.16666666666666,-0.5198877441595519,-0.6777950791029408
UBFC_PHYS_s14_T2_ctrl,0,4296,143.2,0.07706685109868244,-0.6713507202529017
UBFC_PHYS_s14_T2_ctrl,0,4297,143.23333333333332,0.6350963811257219,-0.6226419373207313
UBFC_PHYS_s14_T2_ctrl,0,4298,143.26666666666668,1.0342313769117881,-0.5495110908198351
UBFC_PHYS_s14_T2_ctrl,0,4299,143.3,1.2413698808824387,-0.48993721525006373
UBFC_PHYS_s14_T2_ctrl,0,4300,143.33333333333334,1.3300416116951734,-0.4403791312549566
UBFC_PHYS_s14_T2_ctrl,0,4301,143.36666666666667,1.3934864231710693,-0.35632229809018395
UBFC_PHYS_s14_T2_ctrl,0,4302,143.4,1.4597067573882276,-0.2032693664190127
UBFC_PHYS_s14_T2_ctrl,0,4303,143.43333333333334,1.4827556782683926,0.04163614772211734
UBFC_PHYS_s14_T2_ctrl,0,4304,143.46666666666667,1.3907427194038857,0.35837037210528094
UBFC_PHYS_s14_T2_ctrl,0,4305,143.5,1.143878867024561,0.6828200993138246
UBFC_PHYS_s14_T2_ctrl,0,4306,143.53333333333333,0.7593066185635139,0.9490708045290602
UBFC_PHYS_s14_T2_ctrl,0,4307,143.56666666666666,0.29003292950642445,1.0889527102400949
UBFC_PHYS_s14_T2_ctrl,0,4308,143.6,-0.21146121446518631,1.0715061069724094
UBFC_PHYS_s14_T2_ctrl,0,4309,143.63333333333333,-0.7167818548995895,0.9028507188562299
UBFC_PHYS_s14_T2_ctrl,0,4310,143.66666666666666,-1.2228164594489708,0.6205374799266692
UBFC_PHYS_s14_T2_ctrl,0,4311,143.7,-1.7221756952338385,0.2936648727925621
UBFC_PHYS_s14_T2_ctrl,0,4312,143.73333333333332,-2.16375805405152,-0.03275818518305323
UBFC_PHYS_s14_T2_ctrl,0,4313,143.76666666666668,-2.446252085815799,-0.336768332872955
UBFC_PHYS_s14_T2_ctrl,0,4314,143.8,-2.4520147737715456,-0.6010037962546302
UBFC_PHYS_s14_T2_ctrl,0,4315,143.83333333333334,-2.106779052069579,-0.8110223512965936
UBFC_PHYS_s14_T2_ctrl,0,4316,143.86666666666667,-1.4438635107799183,-0.9410727341115216
UBFC_PHYS_s14_T2_ctrl,0,4317,143.9,-0.6145413175824217,-0.9533265418778742
UBFC_PHYS_s14_T2_ctrl,0,4318,143.93333333333334,0.18830348710962783,-0.8206413217998826
UBFC_PHYS_s14_T2_ctrl,0,4319,143.96666666666667,0.829669221435939,-0.5272511316522861
UBFC_PHYS_s14_T2_ctrl,0,4320,144.0,1.2712303661539202,-0.1229280521853561
UBFC_PHYS_s14_T2_ctrl,0,4321,144.03333333333333,1.5375518004661828,0.27635116836512136
UBFC_PHYS_s14_T2_ctrl,0,4322,144.06666666666666,1.6664845333371083,0.6019904325745001
UBFC_PHYS_s14_T2_ctrl,0,4323,144.1,1.6973644054639683,0.8318912658551058
UBFC_PHYS_s14_T2_ctrl,0,4324,144.13333333333333,1.6738897891736477,0.957083493118883
UBFC_PHYS_s14_T2_ctrl,0,4325,144.16666666666666,1.6187812279042455,0.9803408315695447
UBFC_PHYS_s14_T2_ctrl,0,4326,144.2,1.51545380795249,0.892738459095214
UBFC_PHYS_s14_T2_ctrl,0,4327,144.23333333333332,1.3349736551704603,0.6737521674507871
UBFC_PHYS_s14_T2_ctrl,0,4328,144.26666666666668,1.0661886317488227,0.33819490382321343
UBFC_PHYS_s14_T2_ctrl,0,4329,144.3,0.7119483126417095,-0.0626289346791322
UBFC_PHYS_s14_T2_ctrl,0,4330,144.33333333333334,0.2729507137634864,-0.4723089523923958
UBFC_PHYS_s14_T2_ctrl,0,4331,144.36666666666667,-0.25567382762553076,-0.8280702076057319
UBFC_PHYS_s14_T2_ctrl,0,4332,144.4,-0.8628009463590808,-1.0814069987980979
UBFC_PHYS_s14_T2_ctrl,0,4333,144.43333333333334,-1.4819341037349456,-1.1969244721917387
UBFC_PHYS_s14_T2_ctrl,0,4334,144.46666666666667,-1.9849955347105572,-1.163450781290311
UBFC_PHYS_s14_T2_ctrl,0,4335,144.5,-2.245656720766122,-0.9935331923188335
UBFC_PHYS_s14_T2_ctrl,0,4336,144.53333333333333,-2.2154253244979927,-0.702461932829973
UBFC_PHYS_s14_T2_ctrl,0,4337,144.56666666666666,-1.9163703869313269,-0.3090585366973031
UBFC_PHYS_s14_T2_ctrl,0,4338,144.6,-1.3823278131079664,0.14151084831128477
UBFC_PHYS_s14_T2_ctrl,0,4339,144.63333333333333,-0.668216988704019,0.57619982447479
UBFC_PHYS_s14_T2_ctrl,0,4340,144.66666666666666,0.0958440328063941,0.9223504304077809
UBFC_PHYS_s14_T2_ctrl,0,4341,144.7,0.7260405663400502,1.1066521471564958
UBFC_PHYS_s14_T2_ctrl,0,4342,144.73333333333332,1.0951523158479266,1.1139251830144405
UBFC_PHYS_s14_T2_ctrl,0,4343,144.76666666666668,1.222345278317265,0.9862216134727515
UBFC_PHYS_s14_T2_ctrl,0,4344,144.8,1.235527718191758,0.7632314934939723
UBFC_PHYS_s14_T2_ctrl,0,4345,144.83333333333334,1.23344961202945,0.482046356188755
UBFC_PHYS_s14_T2_ctrl,0,4346,144.86666666666667,1.1955418719661435,0.1608867774210916
UBFC_PHYS_s14_T2_ctrl,0,4347,144.9,1.0296832939390943,-0.19940794748413215
UBFC_PHYS_s14_T2_ctrl,0,4348,144.93333333333334,0.688256792842358,-0.5655812570332043
UBFC_PHYS_s14_T2_ctrl,0,4349,144.96666666666667,0.2220945406293964,-0.8703303121711511
UBFC_PHYS_s14_T2_ctrl,0,4350,145.0,-0.2690062803713021,-1.0492191701573275
UBFC_PHYS_s14_T2_ctrl,0,4351,145.03333333333333,-0.7086788982933396,-1.0403436549118428
UBFC_PHYS_s14_T2_ctrl,0,4352,145.06666666666666,-1.051122087135915,-0.8401527941395863
UBFC_PHYS_s14_T2_ctrl,0,4353,145.1,-1.2421411903547295,-0.5036067900487226
UBFC_PHYS_s14_T2_ctrl,0,4354,145.13333333333333,-1.2119297108630414,-0.09908379189162587
UBFC_PHYS_s14_T2_ctrl,0,4355,145.16666666666666,-0.9199985755470967,0.29118661533519774
UBFC_PHYS_s14_T2_ctrl,0,4356,145.2,-0.40561298568486126,0.6113616816665222
UBFC_PHYS_s14_T2_ctrl,0,4357,145.23333333333332,0.2065550088038223,0.8308083034105798
UBFC_PHYS_s14_T2_ctrl,0,4358,145.26666666666668,0.7478234919976854,0.9330862598063067
UBFC_PHYS_s14_T2_ctrl,0,4359,145.3,1.0563177804025492,0.9148653511245338
UBFC_PHYS_s14_T2_ctrl,0,4360,145.33333333333334,1.0235684626786383,0.808737209546632
UBFC_PHYS_s14_T2_ctrl,0,4361,145.36666666666667,0.6517112669339606,0.6824304961165893
UBFC_PHYS_s14_T2_ctrl,0,4362,145.4,0.09141990424308763,0.5726899041771155
UBFC_PHYS_s14_T2_ctrl,0,4363,145.43333333333334,-0.4078134779801596,0.4851533541584714
UBFC_PHYS_s14_T2_ctrl,0,4364,145.46666666666667,-0.6363839716530308,0.37954631256244153
UBFC_PHYS_s14_T2_ctrl,0,4365,145.5,-0.5517445434258619,0.17150308187298055
UBFC_PHYS_s14_T2_ctrl,0,4366,145.53333333333333,-0.2851632256470267,-0.16496726339573312
UBFC_PHYS_s14_T2_ctrl,0,4367,145.56666666666666,-0.01977951148957878,-0.5952116754421847
UBFC_PHYS_s14_T2_ctrl,0,4368,145.6,0.14910782564966446,-1.0501503487471715
UBFC_PHYS_s14_T2_ctrl,0,4369,145.63333333333333,0.24451844560560987,-1.425166574638883
UBFC_PHYS_s14_T2_ctrl,0,4370,145.66666666666666,0.3186557539002035,-1.6602704146831693
UBFC_PHYS_s14_T2_ctrl,0,4371,145.7,0.3579852058912415,-1.739141508118558
UBFC_PHYS_s14_T2_ctrl,0,4372,145.73333333333332,0.29140386015234615,-1.6445566998047085
UBFC_PHYS_s14_T2_ctrl,0,4373,145.76666666666668,0.08548218416984266,-1.3583444699456253
UBFC_PHYS_s14_T2_ctrl,0,4374,145.8,-0.1883547580672832,-0.8888579041123774
UBFC_PHYS_s14_T2_ctrl,0,4375,145.83333333333334,-0.3888645092850677,-0.2728269549012412
UBFC_PHYS_s14_T2_ctrl,0,4376,145.86666666666667,-0.40010858440795105,0.4015878657421995
UBFC_PHYS_s14_T2_ctrl,0,4377,145.9,-0.20149434412826778,0.9928686885412223
UBFC_PHYS_s14_T2_ctrl,0,4378,145.93333333333334,0.12743493900481778,1.414701215076356
UBFC_PHYS_s14_T2_ctrl,0,4379,145.96666666666667,0.45985406449651295,1.6341732283787667
UBFC_PHYS_s14_T2_ctrl,0,4380,146.0,0.6929523574022989,1.666646522035213
UBFC_PHYS_s14_T2_ctrl,0,4381,146.03333333333333,0.7827974094299062,1.5737030568831716
UBFC_PHYS_s14_T2_ctrl,0,4382,146.06666666666666,0.7293350225361364,1.3987516600087655
UBFC_PHYS_s14_T2_ctrl,0,4383,146.1,0.5574169579422366,1.1664254277746688
UBFC_PHYS_s14_T2_ctrl,0,4384,146.13333333333333,0.31682418124578016,0.8865984485023132
UBFC_PHYS_s14_T2_ctrl,0,4385,146.16666666666666,0.06924735795411202,0.5557709315164379
UBFC_PHYS_s14_T2_ctrl,0,4386,146.2,-0.14441755318450739,0.18376264627581917
UBFC_PHYS_s14_T2_ctrl,0,4387,146.23333333333332,-0.3173668528525315,-0.20417570450139522
UBFC_PHYS_s14_T2_ctrl,0,4388,146.26666666666668,-0.4597799786688777,-0.5833529064862857
UBFC_PHYS_s14_T2_ctrl,0,4389,146.3,-0.5818519160360228,-0.9275348299684638
UBFC_PHYS_s14_T2_ctrl,0,4390,146.33333333333334,-0.6886919902790613,-1.2045886058476731
UBFC_PHYS_s14_T2_ctrl,0,4391,146.36666666666667,-0.7738989616004347,-1.374908111741781
UBFC_PHYS_s14_T2_ctrl,0,4392,146.4,-0.8167763575768715,-1.4014577542720343
UBFC_PHYS_s14_T2_ctrl,0,4393,146.43333333333334,-0.793656980934397,-1.2495935496332662
UBFC_PHYS_s14_T2_ctrl,0,4394,146.46666666666667,-0.689745504849288,-0.9298796739268431
UBFC_PHYS_s14_T2_ctrl,0,4395,146.5,-0.5034112846949059,-0.4988601779818985
UBFC_PHYS_s14_T2_ctrl,0,4396,146.53333333333333,-0.2550320516567385,-0.0414754028648326
UBFC_PHYS_s14_T2_ctrl,0,4397,146.56666666666666,0.010008483467134805,0.32829501070908235
UBFC_PHYS_s14_T2_ctrl,0,4398,146.6,0.24701882617917748,0.5679159666028908
UBFC_PHYS_s14_T2_ctrl,0,4399,146.63333333333333,0.44223980957123443,0.7048607061241372
UBFC_PHYS_s14_T2_ctrl,0,4400,146.66666666666666,0.6046496646800655,0.7633341112041053
UBFC_PHYS_s14_T2_ctrl,0,4401,146.7,0.7300483645742496,0.762576695967023
UBFC_PHYS_s14_T2_ctrl,0,4402,146.73333333333332,0.7855574198322466,0.6992000202053562
UBFC_PHYS_s14_T2_ctrl,0,4403,146.76666666666668,0.7344060716573622,0.5472714470114813
UBFC_PHYS_s14_T2_ctrl,0,4404,146.8,0.5754848986229961,0.31217251610559327
UBFC_PHYS_s14_T2_ctrl,0,4405,146.83333333333334,0.35620062003168584,0.03151589597891022
UBFC_PHYS_s14_T2_ctrl,0,4406,146.86666666666667,0.14401795928448924,-0.2613084756289355
UBFC_PHYS_s14_T2_ctrl,0,4407,146.9,-0.014718987413769665,-0.5360991877156803
UBFC_PHYS_s14_T2_ctrl,0,4408,146.93333333333334,-0.11272829277178158,-0.7592951112057004
UBFC_PHYS_s14_T2_ctrl,0,4409,146.96666666666667,-0.1661731231387639,-0.8929874929489907
UBFC_PHYS_s14_T2_ctrl,0,4410,147.0,-0.18457415700288765,-0.8914246875924795
UBFC_PHYS_s14_T2_ctrl,0,4411,147.03333333333333,-0.16846448976786677,-0.7013862693998273
UBFC_PHYS_s14_T2_ctrl,0,4412,147.06666666666666,-0.1458260895543715,-0.3349834287992711
UBFC_PHYS_s14_T2_ctrl,0,4413,147.1,-0.18538956419617675,0.12931567117085083
UBFC_PHYS_s14_T2_ctrl,0,4414,147.13333333333333,-0.3421613150239054,0.5887893797801874
UBFC_PHYS_s14_T2_ctrl,0,4415,147.16666666666666,-0.5890642877028907,0.9160868192494059
UBFC_PHYS_s14_T2_ctrl,0,4416,147.2,-0.8113988607793852,1.0512576917899048
UBFC_PHYS_s14_T2_ctrl,0,4417,147.23333333333332,-0.8756206956492119,1.001134100977709
UBFC_PHYS_s14_T2_ctrl,0,4418,147.26666666666668,-0.7217110822163162,0.8128240206964046
UBFC_PHYS_s14_T2_ctrl,0,4419,147.3,-0.4028897862053377,0.5727241361462743
UBFC_PHYS_s14_T2_ctrl,0,4420,147.33333333333334,-0.03820237510943073,0.338880367622886
UBFC_PHYS_s14_T2_ctrl,0,4421,147.36666666666667,0.26714830503122666,0.14105829761483663
UBFC_PHYS_s14_T2_ctrl,0,4422,147.4,0.4593107891852101,-0.0044925508879771064
UBFC_PHYS_s14_T2_ctrl,0,4423,147.43333333333334,0.5249308227145508,-0.09405797468025476
UBFC_PHYS_s14_T2_ctrl,0,4424,147.46666666666667,0.47385796241293776,-0.12924751380394692
UBFC_PHYS_s14_T2_ctrl,0,4425,147.5,0.338521940473822,-0.11627064588149603
UBFC_PHYS_s14_T2_ctrl,0,4426,147.53333333333333,0.1747413121896384,-0.10592442075964013
UBFC_PHYS_s14_T2_ctrl,0,4427,147.56666666666666,0.045714671279838845,-0.19218957994858896
UBFC_PHYS_s14_T2_ctrl,0,4428,147.6,-0.0019257875050063475,-0.38931628984596656
UBFC_PHYS_s14_T2_ctrl,0,4429,147.63333333333333,0.04738735837779198,-0.6307706862464713
UBFC_PHYS_s14_T2_ctrl,0,4430,147.66666666666666,0.17629151584799305,-0.8567073157005416
UBFC_PHYS_s14_T2_ctrl,0,4431,147.7,0.34462569682389094,-1.0139519986305199
UBFC_PHYS_s14_T2_ctrl,0,4432,147.73333333333332,0.5096020106340098,-1.0671739928235298
UBFC_PHYS_s14_T2_ctrl,0,4433,147.76666666666668,0.6408633865147082,-0.9987821282024386
UBFC_PHYS_s14_T2_ctrl,0,4434,147.8,0.7182242994782783,-0.8086259484316386
UBFC_PHYS_s14_T2_ctrl,0,4435,147.83333333333334,0.725119114525045,-0.5145101169916455
UBFC_PHYS_s14_T2_ctrl,0,4436,147.86666666666667,0.6533193271588198,-0.15344376034807072
UBFC_PHYS_s14_T2_ctrl,0,4437,147.9,0.5097365312023181,0.2172878567831556
UBFC_PHYS_s14_T2_ctrl,0,4438,147.93333333333334,0.31330050805337495,0.5462174424726166
UBFC_PHYS_s14_T2_ctrl,0,4439,147.96666666666667,0.08827287896424348,0.7864885132763741
UBFC_PHYS_s14_T2_ctrl,0,4440,148.0,-0.1395460865513735,0.925371144782986
UBFC_PHYS_s14_T2_ctrl,0,4441,148.03333333333333,-0.34771409603222,0.9828790980976259
UBFC_PHYS_s14_T2_ctrl,0,4442,148.06666666666666,-0.522556565741807,0.9849382613298168
UBFC_PHYS_s14_T2_ctrl,0,4443,148.1,-0.6585039012135433,0.9622126633216965
UBFC_PHYS_s14_T2_ctrl,0,4444,148.13333333333333,-0.7517989980276769,0.914997730707887
UBFC_PHYS_s14_T2_ctrl,0,4445,148.16666666666666,-0.7955861721998831,0.8133769414791332
UBFC_PHYS_s14_T2_ctrl,0,4446,148.2,-0.782108463613542,0.6420091082740517
UBFC_PHYS_s14_T2_ctrl,0,4447,148.23333333333332,-0.71057330595518,0.40131834165763364
UBFC_PHYS_s14_T2_ctrl,0,4448,148.26666666666668,-0.5909054480119449,0.11676976774037023
UBFC_PHYS_s14_T2_ctrl,0,4449,148.3,-0.4383773288459284,-0.16010603554084113
UBFC_PHYS_s14_T2_ctrl,0,4450,148.33333333333334,-0.2697734224484902,-0.4000311431709933
UBFC_PHYS_s14_T2_ctrl,0,4451,148.36666666666667,-0.10961937310762346,-0.5947997426909073
UBFC_PHYS_s14_T2_ctrl,0,4452,148.4,0.007496107858352204,-0.7356456497463072
UBFC_PHYS_s14_T2_ctrl,0,4453,148.43333333333334,0.054761487240839166,-0.8120604555965892
UBFC_PHYS_s14_T2_ctrl,0,4454,148.46666666666667,0.03723489303142549,-0.8161171430596181
UBFC_PHYS_s14_T2_ctrl,0,4455,148.5,-0.007256991995203604,-0.7421204895005618
UBFC_PHYS_s14_T2_ctrl,0,4456,148.53333333333333,-0.03298034878343695,-0.6140018841035839
UBFC_PHYS_s14_T2_ctrl,0,4457,148.56666666666666,-0.010574769216083357,-0.48514290533215004
UBFC_PHYS_s14_T2_ctrl,0,4458,148.6,0.06850595983591828,-0.38071827110305717
UBFC_PHYS_s14_T2_ctrl,0,4459,148.63333333333333,0.20223291653257638,-0.29789160859933794
UBFC_PHYS_s14_T2_ctrl,0,4460,148.66666666666666,0.38309634494730627,-0.20655602292995978
UBFC_PHYS_s14_T2_ctrl,0,4461,148.7,0.5847496353385849,-0.050805999795129037
UBFC_PHYS_s14_T2_ctrl,0,4462,148.73333333333332,0.7503910052241995,0.17553454419508333
UBFC_PHYS_s14_T2_ctrl,0,4463,148.76666666666668,0.817299286048747,0.4275976945546785
UBFC_PHYS_s14_T2_ctrl,0,4464,148.8,0.7615770523758745,0.6388323754504057
UBFC_PHYS_s14_T2_ctrl,0,4465,148.83333333333334,0.6096442114127443,0.7210899156175641
UBFC_PHYS_s14_T2_ctrl,0,4466,148.86666666666667,0.41046440494276987,0.6446711141107275
UBFC_PHYS_s14_T2_ctrl,0,4467,148.9,0.20673090051022286,0.4385659646694947
UBFC_PHYS_s14_T2_ctrl,0,4468,148.93333333333334,0.020663828945295202,0.1521169110411253
UBFC_PHYS_s14_T2_ctrl,0,4469,148.96666666666667,-0.14797615042949513,-0.14495056912526139
UBFC_PHYS_s14_T2_ctrl,0,4470,149.0,-0.30813006791742775,-0.3931514475094754
UBFC_PHYS_s14_T2_ctrl,0,4471,149.03333333333333,-0.46081284374876447,-0.5428478890400706
UBFC_PHYS_s14_T2_ctrl,0,4472,149.06666666666666,-0.6026319804050059,-0.553135152772283
UBFC_PHYS_s14_T2_ctrl,0,4473,149.1,-0.7390144248800393,-0.39196519234955624
UBFC_PHYS_s14_T2_ctrl,0,4474,149.13333333333333,-0.8742495781538205,-0.09965173405760776
UBFC_PHYS_s14_T2_ctrl,0,4475,149.16666666666666,-0.9805441521411501,0.21112290749988769
UBFC_PHYS_s14_T2_ctrl,0,4476,149.2,-0.9893647265547746,0.4541617707696797
UBFC_PHYS_s14_T2_ctrl,0,4477,149.23333333333332,-0.8302386643671961,0.5700016071431617
UBFC_PHYS_s14_T2_ctrl,0,4478,149.26666666666668,-0.48751964650832147,0.5618477848551029
UBFC_PHYS_s14_T2_ctrl,0,4479,149.3,-0.025121708799781012,0.49465016585822597
UBFC_PHYS_s14_T2_ctrl,0,4480,149.33333333333334,0.44112935268136116,0.4104573986362767
UBFC_PHYS_s14_T2_ctrl,0,4481,149.36666666666667,0.8017459331280166,0.32769198407679784
UBFC_PHYS_s14_T2_ctrl,0,4482,149.4,0.9997098716060451,0.25394455683163725
UBFC_PHYS_s14_T2_ctrl,0,4483,149.43333333333334,1.0370513362233997,0.18635887117368471
UBFC_PHYS_s14_T2_ctrl,0,4484,149.46666666666667,0.9513847648589155,0.11495458241812019
UBFC_PHYS_s14_T2_ctrl,0,4485,149.5,0.7890495100195106,0.023412419638937282
UBFC_PHYS_s14_T2_ctrl,0,4486,149.53333333333333,0.5886749188852386,-0.0999703334488785
UBFC_PHYS_s14_T2_ctrl,0,4487,149.56666666666666,0.376385190240972,-0.2612752061079256
UBFC_PHYS_s14_T2_ctrl,0,4488,149.6,0.16948705749088872,-0.4443481004842935
UBFC_PHYS_s14_T2_ctrl,0,4489,149.63333333333333,-0.018912958468525094,-0.6101042202653573
UBFC_PHYS_s14_T2_ctrl,0,4490,149.66666666666666,-0.17938371554216814,-0.7325939430754047
UBFC_PHYS_s14_T2_ctrl,0,4491,149.7,-0.30692313470421007,-0.798569336078146
UBFC_PHYS_s14_T2_ctrl,0,4492,149.73333333333332,-0.3994580234867049,-0.8072423447892091
UBFC_PHYS_s14_T2_ctrl,0,4493,149.76666666666668,-0.45582032973864056,-0.7698551240026849
UBFC_PHYS_s14_T2_ctrl,0,4494,149.8,-0.4752029911705171,-0.6892900874652241
UBFC_PHYS_s14_T2_ctrl,0,4495,149.83333333333334,-0.45658783191633245,-0.560288392781548
UBFC_PHYS_s14_T2_ctrl,0,4496,149.86666666666667,-0.39890613950488535,-0.3800719891678358
UBFC_PHYS_s14_T2_ctrl,0,4497,149.9,-0.3047944323043152,-0.14939113043372307
UBFC_PHYS_s14_T2_ctrl,0,4498,149.93333333333334,-0.18458037163253727,0.11459575653938056
UBFC_PHYS_s14_T2_ctrl,0,4499,149.96666666666667,-0.05456470209076036,0.3771174963179965
UBFC_PHYS_s14_T2_ctrl,0,4500,150.0,0.06862225916449437,0.6060478364169424
UBFC_PHYS_s14_T2_ctrl,0,4501,150.03333333333333,0.1720913946220373,0.7709094059902262
UBFC_PHYS_s14_T2_ctrl,0,4502,150.06666666666666,0.24811528673299943,0.8605156724515898
UBFC_PHYS_s14_T2_ctrl,0,4503,150.1,0.29384061968176517,0.8820851225398191
UBFC_PHYS_s14_T2_ctrl,0,4504,150.13333333333333,0.3097842458389609,0.849368417187159
UBFC_PHYS_s14_T2_ctrl,0,4505,150.16666666666666,0.2985164231503712,0.782090984173693
UBFC_PHYS_s14_T2_ctrl,0,4506,150.2,0.26396033268592956,0.6951861886118762
UBFC_PHYS_s14_T2_ctrl,0,4507,150.23333333333332,0.21035893473327189,0.5988637896951874
UBFC_PHYS_s14_T2_ctrl,0,4508,150.26666666666668,0.14139846260041022,0.4993943709356415
UBFC_PHYS_s14_T2_ctrl,0,4509,150.3,0.05996524662053148,0.3996582245784158
UBFC_PHYS_s14_T2_ctrl,0,4510,150.33333333333334,-0.03231335189939081,0.296174608060674
UBFC_PHYS_s14_T2_ctrl,0,4511,150.36666666666667,-0.13472906807851953,0.17997446541964626
UBFC_PHYS_s14_T2_ctrl,0,4512,150.4,-0.24492247961545188,0.050508527998061034
UBFC_PHYS_s14_T2_ctrl,0,4513,150.43333333333334,-0.3561915849237218,-0.08343523433411769
UBFC_PHYS_s14_T2_ctrl,0,4514,150.46666666666667,-0.4570734689963439,-0.2138907705299271
UBFC_PHYS_s14_T2_ctrl,0,4515,150.5,-0.5326957061375535,-0.3329125071748772
UBFC_PHYS_s14_T2_ctrl,0,4516,150.53333333333333,-0.5670092200888949,-0.4424379908206331
UBFC_PHYS_s14_T2_ctrl,0,4517,150.56666666666666,-0.5453833037716906,-0.5533154860895785
UBFC_PHYS_s14_T2_ctrl,0,4518,150.6,-0.4582803800332164,-0.6690755518833109
UBFC_PHYS_s14_T2_ctrl,0,4519,150.63333333333333,-0.3083031996632604,-0.7849873355876738
UBFC_PHYS_s14_T2_ctrl,0,4520,150.66666666666666,-0.11640399028940951,-0.8827342702404952
UBFC_PHYS_s14_T2_ctrl,0,4521,150.7,0.08331263566564752,-0.930086595621117
UBFC_PHYS_s14_T2_ctrl,0,4522,150.73333333333332,0.2593100035021799,-0.9090477526274237
UBFC_PHYS_s14_T2_ctrl,0,4523,150.76666666666668,0.39332371527728904,-0.8160352856717824
UBFC_PHYS_s14_T2_ctrl,0,4524,150.8,0.4780440299900728,-0.6697407734716443
UBFC_PHYS_s14_T2_ctrl,0,4525,150.83333333333334,0.5109717640184972,-0.511285475653887
UBFC_PHYS_s14_T2_ctrl,0,4526,150.86666666666667,0.4939907048579166,-0.36304351558817427
UBFC_PHYS_s14_T2_ctrl,0,4527,150.9,0.43660259610866925,-0.2291819132377792
UBFC_PHYS_s14_T2_ctrl,0,4528,150.93333333333334,0.356746001146917,-0.09193913605046108
UBFC_PHYS_s14_T2_ctrl,0,4529,150.96666666666667,0.27688561845785187,0.08684109402852139
UBFC_PHYS_s14_T2_ctrl,0,4530,151.0,0.21610504762809657,0.3125295533519932
UBFC_PHYS_s14_T2_ctrl,0,4531,151.03333333333333,0.182154455175968,0.5562091436038145
UBFC_PHYS_s14_T2_ctrl,0,4532,151.06666666666666,0.16966041043562965,0.770913434957694
UBFC_PHYS_s14_T2_ctrl,0,4533,151.1,0.16488633958211357,0.8911739336443181
UBFC_PHYS_s14_T2_ctrl,0,4534,151.13333333333333,0.151239341643538,0.9005847284823622
UBFC_PHYS_s14_T2_ctrl,0,4535,151.16666666666666,0.11395321233071162,0.8313699086028872
UBFC_PHYS_s14_T2_ctrl,0,4536,151.2,0.04522957716929966,0.7247761676287048
UBFC_PHYS_s14_T2_ctrl,0,4537,151.23333333333332,-0.05321857972444749,0.6303599001114235
UBFC_PHYS_s14_T2_ctrl,0,4538,151.26666666666668,-0.17166095016594757,0.5729517390125607
UBFC_PHYS_s14_T2_ctrl,0,4539,151.3,-0.2941326817601723,0.5526233229857471
UBFC_PHYS_s14_T2_ctrl,0,4540,151.33333333333334,-0.40074781519576036,0.5512195853333399
UBFC_PHYS_s14_T2_ctrl,0,4541,151.36666666666667,-0.4742172624010848,0.5330585648201295
UBFC_PHYS_s14_T2_ctrl,0,4542,151.4,-0.5064254314723309,0.47522844674874487
UBFC_PHYS_s14_T2_ctrl,0,4543,151.43333333333334,-0.49814657674596313,0.36843000818731897
UBFC_PHYS_s14_T2_ctrl,0,4544,151.46666666666667,-0.4542649080125385,0.21735171749266208
UBFC_PHYS_s14_T2_ctrl,0,4545,151.5,-0.3804789329773372,0.04136577551930361
UBFC_PHYS_s14_T2_ctrl,0,4546,151.53333333333333,-0.28274549966645995,-0.14577911525049453
UBFC_PHYS_s14_T2_ctrl,0,4547,151.56666666666666,-0.16874362732636294,-0.3350229922622461
UBFC_PHYS_s14_T2_ctrl,0,4548,151.6,-0.04890107147821797,-0.5202144475851088
UBFC_PHYS_s14_T2_ctrl,0,4549,151.63333333333333,0.06626431115843145,-0.6968685546952007
UBFC_PHYS_s14_T2_ctrl,0,4550,151.66666666666666,0.16981942271902947,-0.8548617302939063
UBFC_PHYS_s14_T2_ctrl,0,4551,151.7,0.25911919235426023,-0.9774108191561822
UBFC_PHYS_s14_T2_ctrl,0,4552,151.73333333333332,0.3356720239324953,-1.048971601748487
UBFC_PHYS_s14_T2_ctrl,0,4553,151.76666666666668,0.40406855405893105,-1.0547859880932768
UBFC_PHYS_s14_T2_ctrl,0,4554,151.8,0.4659212981620046,-0.9931628319461917
UBFC_PHYS_s14_T2_ctrl,0,4555,151.83333333333334,0.5131566397156093,-0.8754908506154468
UBFC_PHYS_s14_T2_ctrl,0,4556,151.86666666666667,0.5284224214159177,-0.715261391818549
UBFC_PHYS_s14_T2_ctrl,0,4557,151.9,0.49164014480508467,-0.5285567989256785
UBFC_PHYS_s14_T2_ctrl,0,4558,151.93333333333334,0.390017773066688,-0.3352610877187136
UBFC_PHYS_s14_T2_ctrl,0,4559,151.96666666666667,0.23023508076149923,-0.15988199354799085
UBFC_PHYS_s14_T2_ctrl,0,4560,152.0,0.04389552496675524,0.0011597648540410121
UBFC_PHYS_s14_T2_ctrl,0,4561,152.03333333333333,-0.12428316124744403,0.17809898745390146
UBFC_PHYS_s14_T2_ctrl,0,4562,152.06666666666666,-0.23950080138462893,0.37396650903511214
UBFC_PHYS_s14_T2_ctrl,0,4563,152.1,-0.2916091378567113,0.5631584978328837
UBFC_PHYS_s14_T2_ctrl,0,4564,152.13333333333333,-0.2935226872747802,0.7156055139141259
UBFC_PHYS_s14_T2_ctrl,0,4565,152.16666666666666,-0.27131196267870505,0.7962150198571885
UBFC_PHYS_s14_T2_ctrl,0,4566,152.2,-0.25129369996498974,0.8059224545548651
UBFC_PHYS_s14_T2_ctrl,0,4567,152.23333333333332,-0.2461299509033316,0.7810359865529285
UBFC_PHYS_s14_T2_ctrl,0,4568,152.26666666666668,-0.24963472403626435,0.7508928234559357
UBFC_PHYS_s14_T2_ctrl,0,4569,152.3,-0.24617425286945424,0.737166395768426
UBFC_PHYS_s14_T2_ctrl,0,4570,152.33333333333334,-0.22471712491711635,0.7385332465264683
UBFC_PHYS_s14_T2_ctrl,0,4571,152.36666666666667,-0.18534497998168128,0.7308119955399613
UBFC_PHYS_s14_T2_ctrl,0,4572,152.4,-0.13512915216081983,0.6916462368400014
UBFC_PHYS_s14_T2_ctrl,0,4573,152.43333333333334,-0.07710778734381016,0.6012344984974789
UBFC_PHYS_s14_T2_ctrl,0,4574,152.46666666666667,-0.003745513032076264,0.45738108396499055
UBFC_PHYS_s14_T2_ctrl,0,4575,152.5,0.09391017678886113,0.27626147243889515
UBFC_PHYS_s14_T2_ctrl,0,4576,152.53333333333333,0.2093756698117759,0.07830459346189897
UBFC_PHYS_s14_T2_ctrl,0,4577,152.56666666666666,0.3185368173346033,-0.11102748122085283
UBFC_PHYS_s14_T2_ctrl,0,4578,152.6,0.39569843343849936,-0.27738471611382276
UBFC_PHYS_s14_T2_ctrl,0,4579,152.63333333333333,0.42691282061898694,-0.4165090900395482
UBFC_PHYS_s14_T2_ctrl,0,4580,152.66666666666666,0.40942996696994916,-0.5322439995057905
UBFC_PHYS_s14_T2_ctrl,0,4581,152.7,0.34671515596302227,-0.6353540892763805
UBFC_PHYS_s14_T2_ctrl,0,4582,152.73333333333332,0.24577954666164062,-0.7248658544024139
UBFC_PHYS_s14_T2_ctrl,0,4583,152.76666666666668,0.11420799343022289,-0.7872983969968101
UBFC_PHYS_s14_T2_ctrl,0,4584,152.8,-0.04157325917315328,-0.8136082329243944
UBFC_PHYS_s14_T2_ctrl,0,4585,152.83333333333334,-0.21289036015432472,-0.7989658111217336
UBFC_PHYS_s14_T2_ctrl,0,4586,152.86666666666667,-0.38589265109440657,-0.7445078275156025
UBFC_PHYS_s14_T2_ctrl,0,4587,152.9,-0.5457776737027741,-0.6573990069837418
UBFC_PHYS_s14_T2_ctrl,0,4588,152.93333333333334,-0.6821347752272023,-0.5550087292412039
UBFC_PHYS_s14_T2_ctrl,0,4589,152.96666666666667,-0.7863645294985716,-0.46505144847770075
UBFC_PHYS_s14_T2_ctrl,0,4590,153.0,-0.8445290533442825,-0.394176609368381
UBFC_PHYS_s14_T2_ctrl,0,4591,153.03333333333333,-0.8356848964869044,-0.3284624191717112
UBFC_PHYS_s14_T2_ctrl,0,4592,153.06666666666666,-0.7393563979478888,-0.24862948870666263
UBFC_PHYS_s14_T2_ctrl,0,4593,153.1,-0.548185661649134,-0.13112579669256064
UBFC_PHYS_s14_T2_ctrl,0,4594,153.13333333333333,-0.27712305896140005,0.021563693137192405
UBFC_PHYS_s14_T2_ctrl,0,4595,153.16666666666666,0.03917221910213595,0.18007863367923302
UBFC_PHYS_s14_T2_ctrl,0,4596,153.2,0.35856527779071595,0.32256868369478126
UBFC_PHYS_s14_T2_ctrl,0,4597,153.23333333333332,0.6422096811757461,0.43411964966010386
UBFC_PHYS_s14_T2_ctrl,0,4598,153.26666666666668,0.8591026322975555,0.5150388849349666
UBFC_PHYS_s14_T2_ctrl,0,4599,153.3,0.9893061992570812,0.5799900244444092
UBFC_PHYS_s14_T2_ctrl,0,4600,153.33333333333334,1.0280539164260851,0.6490322810318757
UBFC_PHYS_s14_T2_ctrl,0,4601,153.36666666666667,0.9857833024599031,0.7465392560306847
UBFC_PHYS_s14_T2_ctrl,0,4602,153.4,0.8812328591162449,0.864028239996673
UBFC_PHYS_s14_T2_ctrl,0,4603,153.43333333333334,0.7333523209559404,0.9596936195327846
UBFC_PHYS_s14_T2_ctrl,0,4604,153.46666666666667,0.5585575841604845,0.9976121164319671
UBFC_PHYS_s14_T2_ctrl,0,4605,153.5,0.37098318204845165,0.948108422871116
UBFC_PHYS_s14_T2_ctrl,0,4606,153.53333333333333,0.18083905403295822,0.8115783549016496
UBFC_PHYS_s14_T2_ctrl,0,4607,153.56666666666666,-0.00711128714359132,0.6188755842097825
UBFC_PHYS_s14_T2_ctrl,0,4608,153.6,-0.19152843276460288,0.39980924049645844
UBFC_PHYS_s14_T2_ctrl,0,4609,153.63333333333333,-0.3706379817789048,0.1837310720921711
UBFC_PHYS_s14_T2_ctrl,0,4610,153.66666666666666,-0.5385341084583263,-0.01464742932666667
UBFC_PHYS_s14_T2_ctrl,0,4611,153.7,-0.6805874030401086,-0.194052780656172
UBFC_PHYS_s14_T2_ctrl,0,4612,153.73333333333332,-0.77103862032634,-0.35925191890625896
UBFC_PHYS_s14_T2_ctrl,0,4613,153.76666666666668,-0.7830045211183116,-0.5195503886108102
UBFC_PHYS_s14_T2_ctrl,0,4614,153.8,-0.7089895593676453,-0.6769136417166082
UBFC_PHYS_s14_T2_ctrl,0,4615,153.83333333333334,-0.5677207878448055,-0.8246938088442882
UBFC_PHYS_s14_T2_ctrl,0,4616,153.86666666666667,-0.38781274871531546,-0.9511964634827125
UBFC_PHYS_s14_T2_ctrl,0,4617,153.9,-0.19401108960678895,-1.0389124533118428
UBFC_PHYS_s14_T2_ctrl,0,4618,153.93333333333334,-0.01112175508963806,-1.0742287626136158
UBFC_PHYS_s14_T2_ctrl,0,4619,153.96666666666667,0.13419236776452537,-1.047175639685801
UBFC_PHYS_s14_T2_ctrl,0,4620,154.0,0.22769558912360546,-0.9562997725980162
UBFC_PHYS_s14_T2_ctrl,0,4621,154.03333333333333,0.28372745903827795,-0.808916655522975
UBFC_PHYS_s14_T2_ctrl,0,4622,154.06666666666666,0.3409730343642226,-0.6287439203589384
UBFC_PHYS_s14_T2_ctrl,0,4623,154.1,0.429692605312865,-0.45632279381905755
UBFC_PHYS_s14_T2_ctrl,0,4624,154.13333333333333,0.5368655963122887,-0.30114804719867994
UBFC_PHYS_s14_T2_ctrl,0,4625,154.16666666666666,0.6131581972708497,-0.14270496292473148
UBFC_PHYS_s14_T2_ctrl,0,4626,154.2,0.6176945655971149,0.033743787439584574
UBFC_PHYS_s14_T2_ctrl,0,4627,154.23333333333332,0.5465758342803915,0.23550612358466538
UBFC_PHYS_s14_T2_ctrl,0,4628,154.26666666666668,0.4230858723344437,0.4545288903341588
UBFC_PHYS_s14_T2_ctrl,0,4629,154.3,0.2777684594719818,0.6660861371842219
UBFC_PHYS_s14_T2_ctrl,0,4630,154.33333333333334,0.13588484645202237,0.8409396657059097
UBFC_PHYS_s14_T2_ctrl,0,4631,154.36666666666667,0.008959045604347439,0.9445728840871697
UBFC_PHYS_s14_T2_ctrl,0,4632,154.4,-0.10545136055211783,0.9621392301120848
UBFC_PHYS_s14_T2_ctrl,0,4633,154.43333333333334,-0.21473434846382775,0.898069676491015
UBFC_PHYS_s14_T2_ctrl,0,4634,154.46666666666667,-0.3254203950590412,0.7669104958023978
UBFC_PHYS_s14_T2_ctrl,0,4635,154.5,-0.4453119044032456,0.593306972096289
UBFC_PHYS_s14_T2_ctrl,0,4636,154.53333333333333,-0.5821964224408576,0.395322082236629
UBFC_PHYS_s14_T2_ctrl,0,4637,154.56666666666666,-0.7326647265557323,0.18512777000988462
UBFC_PHYS_s14_T2_ctrl,0,4638,154.6,-0.8725153764648619,-0.015020526849221536
UBFC_PHYS_s14_T2_ctrl,0,4639,154.63333333333333,-0.9626407989072291,-0.17192784828750685
UBFC_PHYS_s14_T2_ctrl,0,4640,154.66666666666666,-0.9684963432823687,-0.27259202550452116
UBFC_PHYS_s14_T2_ctrl,0,4641,154.7,-0.8778201731989497,-0.3234426332894371
UBFC_PHYS_s14_T2_ctrl,0,4642,154.73333333333332,-0.7028290732865304,-0.3318603912821567
UBFC_PHYS_s14_T2_ctrl,0,4643,154.76666666666668,-0.4676786569347147,-0.3055726986682408
UBFC_PHYS_s14_T2_ctrl,0,4644,154.8,-0.19584625106307313,-0.25245066349625667
UBFC_PHYS_s14_T2_ctrl,0,4645,154.83333333333334,0.09039400900441905,-0.1804310010049462
UBFC_PHYS_s14_T2_ctrl,0,4646,154.86666666666667,0.3615611608566111,-0.10117504753582712
UBFC_PHYS_s14_T2_ctrl,0,4647,154.9,0.5782830328743611,-0.030199946083233585
UBFC_PHYS_s14_T2_ctrl,0,4648,154.93333333333334,0.7058206718492289,0.029535745900979075
UBFC_PHYS_s14_T2_ctrl,0,4649,154.96666666666667,0.7364665042035521,0.08726489639862706
UBFC_PHYS_s14_T2_ctrl,0,4650,155.0,0.6948376144465511,0.151141659609359
UBFC_PHYS_s14_T2_ctrl,0,4651,155.03333333333333,0.6204741717347434,0.2276551000481589
UBFC_PHYS_s14_T2_ctrl,0,4652,155.06666666666666,0.5489049475617577,0.31438645278548627
UBFC_PHYS_s14_T2_ctrl,0,4653,155.1,0.5031995845816412,0.3995975409923858
UBFC_PHYS_s14_T2_ctrl,0,4654,155.13333333333333,0.48910971492305755,0.4678674011895077
UBFC_PHYS_s14_T2_ctrl,0,4655,155.16666666666666,0.4915588314513591,0.49999576094961945
UBFC_PHYS_s14_T2_ctrl,0,4656,155.2,0.4781195415619004,0.4828188477176468
UBFC_PHYS_s14_T2_ctrl,0,4657,155.23333333333332,0.41362475270715343,0.4094275232377483
UBFC_PHYS_s14_T2_ctrl,0,4658,155.26666666666668,0.2837129850286464,0.27808644497602775
UBFC_PHYS_s14_T2_ctrl,0,4659,155.3,0.10966868527469172,0.09287306319458086
UBFC_PHYS_s14_T2_ctrl,0,4660,155.33333333333334,-0.06402527554523971,-0.1408200374092911
UBFC_PHYS_s14_T2_ctrl,0,4661,155.36666666666667,-0.19664677261605423,-0.41506315988772946
UBFC_PHYS_s14_T2_ctrl,0,4662,155.4,-0.2638093284567604,-0.7070837297499275
UBFC_PHYS_s14_T2_ctrl,0,4663,155.43333333333334,-0.2538043331865636,-0.9779275668003581
UBFC_PHYS_s14_T2_ctrl,0,4664,155.46666666666667,-0.1666154950399591,-1.1954331773110676
UBFC_PHYS_s14_T2_ctrl,0,4665,155.5,-0.01829951764509216,-1.333214890764327
UBFC_PHYS_s14_T2_ctrl,0,4666,155.53333333333333,0.16161308241634592,-1.3670393414969086
UBFC_PHYS_s14_T2_ctrl,0,4667,155.56666666666666,0.338104182196042,-1.2745641851084937
UBFC_PHYS_s14_T2_ctrl,0,4668,155.6,0.47225613411823236,-1.0494706172642352
UBFC_PHYS_s14_T2_ctrl,0,4669,155.63333333333333,0.5200885076936022,-0.7023653173557625
UBFC_PHYS_s14_T2_ctrl,0,4670,155.66666666666666,0.4417938112025993,-0.2722098558900789
UBFC_PHYS_s14_T2_ctrl,0,4671,155.7,0.22211238351743579,0.17223394022988361
UBFC_PHYS_s14_T2_ctrl,0,4672,155.73333333333332,-0.1128634519975178,0.5743221867993868
UBFC_PHYS_s14_T2_ctrl,0,4673,155.76666666666668,-0.5010793690399867,0.8878821981218412
UBFC_PHYS_s14_T2_ctrl,0,4674,155.8,-0.8722469434278773,1.085851534313086
UBFC_PHYS_s14_T2_ctrl,0,4675,155.83333333333334,-1.1709937401898811,1.158715388726908
UBFC_PHYS_s14_T2_ctrl,0,4676,155.86666666666667,-1.3573821693446442,1.1142560296233301
UBFC_PHYS_s14_T2_ctrl,0,4677,155.9,-1.4025528230862667,0.9767205011188185
UBFC_PHYS_s14_T2_ctrl,0,4678,155.93333333333334,-1.299220695360959,0.775969492290121
UBFC_PHYS_s14_T2_ctrl,0,4679,155.96666666666667,-1.0747960241003887,0.5475339954450866
UBFC_PHYS_s14_T2_ctrl,0,4680,156.0,-0.7839997799840215,0.31903138893130123
UBFC_PHYS_s14_T2_ctrl,0,4681,156.03333333333333,-0.4826954062392272,0.11095933227387578
UBFC_PHYS_s14_T2_ctrl,0,4682,156.06666666666666,-0.20573054382937764,-0.06449189091930174
UBFC_PHYS_s14_T2_ctrl,0,4683,156.1,0.03884652742321966,-0.20232562641626134
UBFC_PHYS_s14_T2_ctrl,0,4684,156.13333333333333,0.26329413464944795,-0.29783748760651435
UBFC_PHYS_s14_T2_ctrl,0,4685,156.16666666666666,0.484726595245194,-0.34577037367219843
UBFC_PHYS_s14_T2_ctrl,0,4686,156.2,0.7071411778212804,-0.34573878078792264
UBFC_PHYS_s14_T2_ctrl,0,4687,156.23333333333332,0.916561943925249,-0.3018880991768461
UBFC_PHYS_s14_T2_ctrl,0,4688,156.26666666666668,1.0932142578464514,-0.2265086095359319
UBFC_PHYS_s14_T2_ctrl,0,4689,156.3,1.223582261773384,-0.13997483840948982
UBFC_PHYS_s14_T2_ctrl,0,4690,156.33333333333334,1.299736886352779,-0.055047031892318396
UBFC_PHYS_s14_T2_ctrl,0,4691,156.36666666666667,1.3133950109628982,0.022907564020411848
UBFC_PHYS_s14_T2_ctrl,0,4692,156.4,1.2541859994556543,0.08958325744835632
UBFC_PHYS_s14_T2_ctrl,0,4693,156.43333333333334,1.1124383911604347,0.14134183204242542
UBFC_PHYS_s14_T2_ctrl,0,4694,156.46666666666667,0.8856570368967047,0.1761811499552478
UBFC_PHYS_s14_T2_ctrl,0,4695,156.5,0.5855186515621954,0.19347117987112877
UBFC_PHYS_s14_T2_ctrl,0,4696,156.53333333333333,0.23705560989093763,0.19726960910703403
UBFC_PHYS_s14_T2_ctrl,0,4697,156.56666666666666,-0.12986388772084406,0.19613850145252132
UBFC_PHYS_s14_T2_ctrl,0,4698,156.6,-0.4855699848184395,0.19626221157263857
UBFC_PHYS_s14_T2_ctrl,0,4699,156.63333333333333,-0.8002774335757008,0.20134191060647938
UBFC_PHYS_s14_T2_ctrl,0,4700,156.66666666666666,-1.0476715431820238,0.21044325313459022
UBFC_PHYS_s14_T2_ctrl,0,4701,156.7,-1.211587353910524,0.2180566280261399
UBFC_PHYS_s14_T2_ctrl,0,4702,156.73333333333332,-1.2867391400575863,0.216679704620575
UBFC_PHYS_s14_T2_ctrl,0,4703,156.76666666666668,-1.27519315569208,0.19705079668108427
UBFC_PHYS_s14_T2_ctrl,0,4704,156.8,-1.1849362135016395,0.15049104330630095
UBFC_PHYS_s14_T2_ctrl,0,4705,156.83333333333334,-1.0270913201552756,0.06936470306484394
UBFC_PHYS_s14_T2_ctrl,0,4706,156.86666666666667,-0.8098544459917381,-0.04839334425741665
UBFC_PHYS_s14_T2_ctrl,0,4707,156.9,-0.5378663957638224,-0.19857444955227516
UBFC_PHYS_s14_T2_ctrl,0,4708,156.93333333333334,-0.22076652393295593,-0.36733387265171225
UBFC_PHYS_s14_T2_ctrl,0,4709,156.96666666666667,0.11734990679681764,-0.5304638343311815
UBFC_PHYS_s14_T2_ctrl,0,4710,157.0,0.43627992245692276,-0.6701882982363904
UBFC_PHYS_s14_T2_ctrl,0,4711,157.03333333333333,0.6901254511653405,-0.7744739520542299
UBFC_PHYS_s14_T2_ctrl,0,4712,157.06666666666666,0.8468176886648471,-0.8322028419320696
UBFC_PHYS_s14_T2_ctrl,0,4713,157.1,0.9014081019909613,-0.8327337178716454
UBFC_PHYS_s14_T2_ctrl,0,4714,157.13333333333333,0.870240281034373,-0.7649090504768196
UBFC_PHYS_s14_T2_ctrl,0,4715,157.16666666666666,0.7747927994343057,-0.6173818065324805
UBFC_PHYS_s14_T2_ctrl,0,4716,157.2,0.6334228293431174,-0.385552505575896
UBFC_PHYS_s14_T2_ctrl,0,4717,157.23333333333332,0.4633779776481881,-0.07278586208173386
UBFC_PHYS_s14_T2_ctrl,0,4718,157.26666666666668,0.28156662118695297,0.2896097092227471
UBFC_PHYS_s14_T2_ctrl,0,4719,157.3,0.10029040209833728,0.6410036989198171
UBFC_PHYS_s14_T2_ctrl,0,4720,157.33333333333334,-0.07431148044782296,0.9295643214824538
UBFC_PHYS_s14_T2_ctrl,0,4721,157.36666666666667,-0.23781610447411253,1.1111893059756266
UBFC_PHYS_s14_T2_ctrl,0,4722,157.4,-0.3827987572268569,1.1604673937030634
UBFC_PHYS_s14_T2_ctrl,0,4723,157.43333333333334,-0.49794569093403585,1.070065239545979
UBFC_PHYS_s14_T2_ctrl,0,4724,157.46666666666667,-0.5706200128881764,0.8535802860297008
UBFC_PHYS_s14_T2_ctrl,0,4725,157.5,-0.5916302042968274,0.5457572535595026
UBFC_PHYS_s14_T2_ctrl,0,4726,157.53333333333333,-0.558862302754459,0.18188728718721564
UBFC_PHYS_s14_T2_ctrl,0,4727,157.56666666666666,-0.4762856701065563,-0.20103853269214977
UBFC_PHYS_s14_T2_ctrl,0,4728,157.6,-0.350867426047451,-0.5668429408432448
UBFC_PHYS_s14_T2_ctrl,0,4729,157.63333333333333,-0.19189874496675868,-0.8784954010172021
UBFC_PHYS_s14_T2_ctrl,0,4730,157.66666666666666,-0.010977041538107178,-1.100867248155228
UBFC_PHYS_s14_T2_ctrl,0,4731,157.7,0.17980373825012114,-1.199548379620033
UBFC_PHYS_s14_T2_ctrl,0,4732,157.73333333333332,0.3680943657543728,-1.1577520167661581
UBFC_PHYS_s14_T2_ctrl,0,4733,157.76666666666668,0.5393863283566894,-0.9761352514354389
UBFC_PHYS_s14_T2_ctrl,0,4734,157.8,0.6791863000617216,-0.6794408220850776
UBFC_PHYS_s14_T2_ctrl,0,4735,157.83333333333334,0.7783353598574777,-0.3171357131745327
UBFC_PHYS_s14_T2_ctrl,0,4736,157.86666666666667,0.8312390838964736,0.05380017626001906
UBFC_PHYS_s14_T2_ctrl,0,4737,157.9,0.828438372753954,0.36786733183887865
UBFC_PHYS_s14_T2_ctrl,0,4738,157.93333333333334,0.7586452359825681,0.5953708463392314
UBFC_PHYS_s14_T2_ctrl,0,4739,157.96666666666667,0.6218852346823669,0.7409779708891616
UBFC_PHYS_s14_T2_ctrl,0,4740,158.0,0.4345595213128437,0.8157673806773076
UBFC_PHYS_s14_T2_ctrl,0,4741,158.03333333333333,0.21612037960031777,0.835831599180757
UBFC_PHYS_s14_T2_ctrl,0,4742,158.06666666666666,-0.024764801875688053,0.8105382257877903
UBFC_PHYS_s14_T2_ctrl,0,4743,158.1,-0.2837190845892872,0.7421002781642312
UBFC_PHYS_s14_T2_ctrl,0,4744,158.13333333333333,-0.5414323959252837,0.6395516145026205
UBFC_PHYS_s14_T2_ctrl,0,4745,158.16666666666666,-0.7585719363698799,0.51898393689495
UBFC_PHYS_s14_T2_ctrl,0,4746,158.2,-0.8973306344900346,0.3934852904523505
UBFC_PHYS_s14_T2_ctrl,0,4747,158.23333333333332,-0.9488288110348428,0.27365696165882236
UBFC_PHYS_s14_T2_ctrl,0,4748,158.26666666666668,-0.9325741991808512,0.1679347419222703
UBFC_PHYS_s14_T2_ctrl,0,4749,158.3,-0.8680671560576659,0.08325465767673113
UBFC_PHYS_s14_T2_ctrl,0,4750,158.33333333333334,-0.759056409839447,0.01954158367763728
UBFC_PHYS_s14_T2_ctrl,0,4751,158.36666666666667,-0.6110320309902194,-0.02961717853006128
UBFC_PHYS_s14_T2_ctrl,0,4752,158.4,-0.4499986260343497,-0.07449650865440471
UBFC_PHYS_s14_T2_ctrl,0,4753,158.43333333333334,-0.31257936927675206,-0.12851324386351895
UBFC_PHYS_s14_T2_ctrl,0,4754,158.46666666666667,-0.22289956430771887,-0.2020093097856131
UBFC_PHYS_s14_T2_ctrl,0,4755,158.5,-0.18162827313833832,-0.3014952201586413
UBFC_PHYS_s14_T2_ctrl,0,4756,158.53333333333333,-0.16760557981033763,-0.423475897327858
UBFC_PHYS_s14_T2_ctrl,0,4757,158.56666666666666,-0.14689170954673958,-0.5537748913554748
UBFC_PHYS_s14_T2_ctrl,0,4758,158.6,-0.08962773858557366,-0.6757818957999697
UBFC_PHYS_s14_T2_ctrl,0,4759,158.63333333333333,0.015402369058561946,-0.7699480084471377
UBFC_PHYS_s14_T2_ctrl,0,4760,158.66666666666666,0.16034689244715344,-0.8177500413715652
UBFC_PHYS_s14_T2_ctrl,0,4761,158.7,0.3277228444104237,-0.8015176086903801
UBFC_PHYS_s14_T2_ctrl,0,4762,158.73333333333332,0.49851742807251354,-0.7095487616530434
UBFC_PHYS_s14_T2_ctrl,0,4763,158.76666666666668,0.6558601238675511,-0.5365502258550294
UBFC_PHYS_s14_T2_ctrl,0,4764,158.8,0.7882004692626302,-0.2906924716998024
UBFC_PHYS_s14_T2_ctrl,0,4765,158.83333333333334,0.8922542236826532,0.00538304963897818
UBFC_PHYS_s14_T2_ctrl,0,4766,158.86666666666667,0.9697438261601585,0.322170400625435
UBFC_PHYS_s14_T2_ctrl,0,4767,158.9,1.0165067930651595,0.62201344075832
UBFC_PHYS_s14_T2_ctrl,0,4768,158.93333333333334,1.0131088556126306,0.8688163782802232
UBFC_PHYS_s14_T2_ctrl,0,4769,158.96666666666667,0.9305809005268775,1.0269157111540546
UBFC_PHYS_s14_T2_ctrl,0,4770,159.0,0.7545593629488168,1.0775947138323265
UBFC_PHYS_s14_T2_ctrl,0,4771,159.03333333333333,0.5044824509038278,1.0184703127928867
UBFC_PHYS_s14_T2_ctrl,0,4772,159.06666666666666,0.2222552033583133,0.8526442916685687
UBFC_PHYS_s14_T2_ctrl,0,4773,159.1,-0.050516453558015026,0.5890205173250553
UBFC_PHYS_s14_T2_ctrl,0,4774,159.13333333333333,-0.2760639461525289,0.2513769280038687
UBFC_PHYS_s14_T2_ctrl,0,4775,159.16666666666666,-0.4212854589874529,-0.12044620967721502
UBFC_PHYS_s14_T2_ctrl,0,4776,159.2,-0.47414012293207514,-0.48809866901474125
UBFC_PHYS_s14_T2_ctrl,0,4777,159.23333333333332,-0.4506790406593315,-0.8131792169313068
UBFC_PHYS_s14_T2_ctrl,0,4778,159.26666666666668,-0.3791271914271891,-1.0649718993707626
UBFC_PHYS_s14_T2_ctrl,0,4779,159.3,-0.285910903668969,-1.2190279601509926
UBFC_PHYS_s14_T2_ctrl,0,4780,159.33333333333334,-0.1980460755881146,-1.2577868677433846
UBFC_PHYS_s14_T2_ctrl,0,4781,159.36666666666667,-0.14625608748810837,-1.170016703113788
UBFC_PHYS_s14_T2_ctrl,0,4782,159.4,-0.15491500253300755,-0.9571155368237152
UBFC_PHYS_s14_T2_ctrl,0,4783,159.43333333333334,-0.2295985677952151,-0.6337511065634008
UBFC_PHYS_s14_T2_ctrl,0,4784,159.46666666666667,-0.3622326990139662,-0.23939663103166414
UBFC_PHYS_s14_T2_ctrl,0,4785,159.5,-0.5486940680851452,0.16042914296975402
UBFC_PHYS_s14_T2_ctrl,0,4786,159.53333333333333,-0.7898191100434072,0.516608179082055
UBFC_PHYS_s14_T2_ctrl,0,4787,159.56666666666666,-1.0638773307532343,0.79491105632142
UBFC_PHYS_s14_T2_ctrl,0,4788,159.6,-1.2964307039270104,0.9732828540054081
UBFC_PHYS_s14_T2_ctrl,0,4789,159.63333333333333,-1.372774611421436,1.0404288884606483
UBFC_PHYS_s14_T2_ctrl,0,4790,159.66666666666666,-1.2116927731635492,1.0017334048048423
UBFC_PHYS_s14_T2_ctrl,0,4791,159.7,-0.8410363262389802,0.8785825860009728
UBFC_PHYS_s14_T2_ctrl,0,4792,159.73333333333332,-0.379007454223067,0.6982342667087236
UBFC_PHYS_s14_T2_ctrl,0,4793,159.76666666666668,0.0667602928915228,0.4938943921771516
UBFC_PHYS_s14_T2_ctrl,0,4794,159.8,0.4533628302255565,0.29548222417076553
UBFC_PHYS_s14_T2_ctrl,0,4795,159.83333333333334,0.7649548048071959,0.1302335544223725
UBFC_PHYS_s14_T2_ctrl,0,4796,159.86666666666667,0.9766370099383451,0.01102802002741144
UBFC_PHYS_s14_T2_ctrl,0,4797,159.9,1.0678511845084477,-0.06277708756745172
UBFC_PHYS_s14_T2_ctrl,0,4798,159.93333333333334,1.0423911612558119,-0.10065180092412188
UBFC_PHYS_s14_T2_ctrl,0,4799,159.96666666666667,0.9319609523851351,-0.1200556092502022
UBFC_PHYS_s14_T2_ctrl,0,4800,160.0,0.7859391117747578,-0.1226753498221119
UBFC_PHYS_s14_T2_ctrl,0,4801,160.03333333333333,0.6465665370301585,-0.09419158907033014
UBFC_PHYS_s14_T2_ctrl,0,4802,160.06666666666666,0.531073988735179,-0.04756928277135257
UBFC_PHYS_s14_T2_ctrl,0,4803,160.1,0.4406879726626175,-0.022838575681082898
UBFC_PHYS_s14_T2_ctrl,0,4804,160.13333333333333,0.3776674153481146,-0.03906472043422055
UBFC_PHYS_s14_T2_ctrl,0,4805,160.16666666666666,0.34799356395232584,-0.09392817087907587
UBFC_PHYS_s14_T2_ctrl,0,4806,160.2,0.3527464756278309,-0.18267788298426377
UBFC_PHYS_s14_T2_ctrl,0,4807,160.23333333333332,0.37974581963205994,-0.29783432795445114
UBFC_PHYS_s14_T2_ctrl,0,4808,160.26666666666668,0.4018676558151249,-0.4236112162795463
UBFC_PHYS_s14_T2_ctrl,0,4809,160.3,0.38442231771050406,-0.5355158635099508
UBFC_PHYS_s14_T2_ctrl,0,4810,160.33333333333334,0.2993405530850537,-0.6086767988409203
UBFC_PHYS_s14_T2_ctrl,0,4811,160.36666666666667,0.13726874134235997,-0.6177435466052809
UBFC_PHYS_s14_T2_ctrl,0,4812,160.4,-0.08912551810205635,-0.55141194322652
UBFC_PHYS_s14_T2_ctrl,0,4813,160.43333333333334,-0.34937658679906236,-0.41268535192853883
UBFC_PHYS_s14_T2_ctrl,0,4814,160.46666666666667,-0.6059259687707471,-0.2228838431263568
UBFC_PHYS_s14_T2_ctrl,0,4815,160.5,-0.8292236357681941,-0.022038874672254065
UBFC_PHYS_s14_T2_ctrl,0,4816,160.53333333333333,-1.0055154000828264,0.15748918863648506
UBFC_PHYS_s14_T2_ctrl,0,4817,160.56666666666666,-1.1283074126383272,0.2904779764964952
UBFC_PHYS_s14_T2_ctrl,0,4818,160.6,-1.1828175903638916,0.36522174115503453
UBFC_PHYS_s14_T2_ctrl,0,4819,160.63333333333333,-1.1418034598811533,0.38288218765694465
UBFC_PHYS_s14_T2_ctrl,0,4820,160.66666666666666,-0.982174072830494,0.3538484248551059
UBFC_PHYS_s14_T2_ctrl,0,4821,160.7,-0.7112558492318708,0.29727471264812555
UBFC_PHYS_s14_T2_ctrl,0,4822,160.73333333333332,-0.3743551812563036,0.2254600555982444
UBFC_PHYS_s14_T2_ctrl,0,4823,160.76666666666668,-0.03002016192005947,0.14386354622146033
UBFC_PHYS_s14_T2_ctrl,0,4824,160.8,0.28168744849499067,0.05450442231838792
UBFC_PHYS_s14_T2_ctrl,0,4825,160.83333333333334,0.545992271865603,-0.04354399774810462
UBFC_PHYS_s14_T2_ctrl,0,4826,160.86666666666667,0.7591957534707783,-0.13863216062953743
UBFC_PHYS_s14_T2_ctrl,0,4827,160.9,0.916950341479807,-0.20619533530771061
UBFC_PHYS_s14_T2_ctrl,0,4828,160.93333333333334,1.0117999909544004,-0.2306871170445578
UBFC_PHYS_s14_T2_ctrl,0,4829,160.96666666666667,1.03410440268991,-0.20556569866600677
UBFC_PHYS_s14_T2_ctrl,0,4830,161.0,0.9754092699650179,-0.13928895637361705
UBFC_PHYS_s14_T2_ctrl,0,4831,161.03333333333333,0.834556746124692,-0.05526681514016956
UBFC_PHYS_s14_T2_ctrl,0,4832,161.06666666666666,0.6211156881510231,0.026606950082247394
UBFC_PHYS_s14_T2_ctrl,0,4833,161.1,0.35329392413661453,0.0899176463259234
UBFC_PHYS_s14_T2_ctrl,0,4834,161.13333333333333,0.05647064009804044,0.13148305565197496
UBFC_PHYS_s14_T2_ctrl,0,4835,161.16666666666666,-0.23436015165463417,0.16099300810944292
UBFC_PHYS_s14_T2_ctrl,0,4836,161.2,-0.47775994246395465,0.18509763542461644
UBFC_PHYS_s14_T2_ctrl,0,4837,161.23333333333332,-0.6431637149562444,0.20701746645762958
UBFC_PHYS_s14_T2_ctrl,0,4838,161.26666666666668,-0.7291743262937986,0.23101770799412327
UBFC_PHYS_s14_T2_ctrl,0,4839,161.3,-0.7575067627506062,0.2621546099734658
UBFC_PHYS_s14_T2_ctrl,0,4840,161.33333333333334,-0.7429218028223521,0.29678884804972006
UBFC_PHYS_s14_T2_ctrl,0,4841,161.36666666666667,-0.6732815633505987,0.3225074796624199
UBFC_PHYS_s14_T2_ctrl,0,4842,161.4,-0.5250451721939206,0.329701074583513
UBFC_PHYS_s14_T2_ctrl,0,4843,161.43333333333334,-0.2991828167757728,0.3117098767625357
UBFC_PHYS_s14_T2_ctrl,0,4844,161.46666666666667,-0.04027833758023962,0.26920739989697573
UBFC_PHYS_s14_T2_ctrl,0,4845,161.5,0.18219568320170285,0.21037497689718876
UBFC_PHYS_s14_T2_ctrl,0,4846,161.53333333333333,0.3151530449627498,0.14071084937654613
UBFC_PHYS_s14_T2_ctrl,0,4847,161.56666666666666,0.34918639103726057,0.06336639432946702
UBFC_PHYS_s14_T2_ctrl,0,4848,161.6,0.3128069778714294,-0.017195697392611432
UBFC_PHYS_s14_T2_ctrl,0,4849,161.63333333333333,0.24780724956115552,-0.09469927964484495
UBFC_PHYS_s14_T2_ctrl,0,4850,161.66666666666666,0.1882077476100254,-0.16570030968295024
UBFC_PHYS_s14_T2_ctrl,0,4851,161.7,0.15291030871644928,-0.2290561261963573
UBFC_PHYS_s14_T2_ctrl,0,4852,161.73333333333332,0.14893339520623006,-0.2780061686138337
UBFC_PHYS_s14_T2_ctrl,0,4853,161.76666666666668,0.17491562876018477,-0.2998455347290023
UBFC_PHYS_s14_T2_ctrl,0,4854,161.8,0.22006348692032932,-0.29195398008214024
UBFC_PHYS_s14_T2_ctrl,0,4855,161.83333333333334,0.2645587989368193,-0.26165997892935633
UBFC_PHYS_s14_T2_ctrl,0,4856,161.86666666666667,0.28699225122486843,-0.21556766264795862
UBFC_PHYS_s14_T2_ctrl,0,4857,161.9,0.2737188615388399,-0.15954496090207362
UBFC_PHYS_s14_T2_ctrl,0,4858,161.93333333333334,0.22120341298189955,-0.10701113901590173
UBFC_PHYS_s14_T2_ctrl,0,4859,161.96666666666667,0.13264397986248133,-0.07893205728379092
UBFC_PHYS_s14_T2_ctrl,0,4860,162.0,0.017912706534947094,-0.08861890421626722
UBFC_PHYS_s14_T2_ctrl,0,4861,162.03333333333333,-0.10458430396615251,-0.14154716184382335
UBFC_PHYS_s14_T2_ctrl,0,4862,162.06666666666666,-0.21409086771362873,-0.23005758997652506
UBFC_PHYS_s14_T2_ctrl,0,4863,162.1,-0.3000763940911019,-0.33322030565003186
UBFC_PHYS_s14_T2_ctrl,0,4864,162.13333333333333,-0.3688952885737595,-0.4310530665322404
UBFC_PHYS_s14_T2_ctrl,0,4865,162.16666666666666,-0.4343621947710176,-0.5044012362256106
UBFC_PHYS_s14_T2_ctrl,0,4866,162.2,-0.49406392464452487,-0.5404100932154312
UBFC_PHYS_s14_T2_ctrl,0,4867,162.23333333333332,-0.5172108731804632,-0.5324317848219158
UBFC_PHYS_s14_T2_ctrl,0,4868,162.26666666666668,-0.46884321166694426,-0.47697294683279207
UBFC_PHYS_s14_T2_ctrl,0,4869,162.3,-0.3455990132626503,-0.37392937313992014
UBFC_PHYS_s14_T2_ctrl,0,4870,162.33333333333334,-0.17708439535205633,-0.22174743844214312
UBFC_PHYS_s14_T2_ctrl,0,4871,162.36666666666667,0.0014852439244158744,-0.018292647586817798
UBFC_PHYS_s14_T2_ctrl,0,4872,162.4,0.16620093640071082,0.2235582585438972
UBFC_PHYS_s14_T2_ctrl,0,4873,162.43333333333334,0.30267058690227344,0.47474418364329074
UBFC_PHYS_s14_T2_ctrl,0,4874,162.46666666666667,0.40204383359998475,0.7076560065122316
UBFC_PHYS_s14_T2_ctrl,0,4875,162.5,0.46021982746103474,0.8950534581047245
UBFC_PHYS_s14_T2_ctrl,0,4876,162.53333333333333,0.47672216643881193,1.0128077474040502
UBFC_PHYS_s14_T2_ctrl,0,4877,162.56666666666666,0.4542228402330592,1.0391902294977056
UBFC_PHYS_s14_T2_ctrl,0,4878,162.6,0.3994980887727697,0.9654236912133826
UBFC_PHYS_s14_T2_ctrl,0,4879,162.63333333333333,0.322447215184512,0.7957022731979678
UBFC_PHYS_s14_T2_ctrl,0,4880,162.66666666666666,0.23249419760470325,0.5476020352567864
UBFC_PHYS_s14_T2_ctrl,0,4881,162.7,0.13636079925528619,0.2527678245162624
UBFC_PHYS_s14_T2_ctrl,0,4882,162.73333333333332,0.038749187762464964,-0.05765230847483724
UBFC_PHYS_s14_T2_ctrl,0,4883,162.76666666666668,-0.05690209642506311,-0.3517961139018623
UBFC_PHYS_s14_T2_ctrl,0,4884,162.8,-0.1478414670559855,-0.5976554845764095
UBFC_PHYS_s14_T2_ctrl,0,4885,162.83333333333334,-0.22965192138214116,-0.7618813040713207
UBFC_PHYS_s14_T2_ctrl,0,4886,162.86666666666667,-0.294897893186194,-0.8249826083160716
UBFC_PHYS_s14_T2_ctrl,0,4887,162.9,-0.3355777307644401,-0.780693190378378
UBFC_PHYS_s14_T2_ctrl,0,4888,162.93333333333334,-0.34608260996591694,-0.6281068673963488
UBFC_PHYS_s14_T2_ctrl,0,4889,162.96666666666667,-0.3239051628376002,-0.3719983168405261
UBFC_PHYS_s14_T2_ctrl,0,4890,163.0,-0.26954123109084194,-0.0408020007302677
UBFC_PHYS_s14_T2_ctrl,0,4891,163.03333333333333,-0.18688649889821532,0.3123969801121686
UBFC_PHYS_s14_T2_ctrl,0,4892,163.06666666666666,-0.08445868534349898,0.6298836558380485
UBFC_PHYS_s14_T2_ctrl,0,4893,163.1,0.02382108855204431,0.8484723853404099
UBFC_PHYS_s14_T2_ctrl,0,4894,163.13333333333333,0.1217356679225416,0.930304684501038
UBFC_PHYS_s14_T2_ctrl,0,4895,163.16666666666666,0.1975694701036058,0.8624031845560232
UBFC_PHYS_s14_T2_ctrl,0,4896,163.2,0.2484121042355762,0.6575298830373301
UBFC_PHYS_s14_T2_ctrl,0,4897,163.23333333333332,0.277088240351872,0.3543356878824768
UBFC_PHYS_s14_T2_ctrl,0,4898,163.26666666666668,0.2845710362235329,-0.006505691309889858
UBFC_PHYS_s14_T2_ctrl,0,4899,163.3,0.26638591104796533,-0.38126853330327987
UBFC_PHYS_s14_T2_ctrl,0,4900,163.33333333333334,0.217015572583671,-0.733120466568471
UBFC_PHYS_s14_T2_ctrl,0,4901,163.36666666666667,0.13594646132680321,-1.030476968633115
UBFC_PHYS_s14_T2_ctrl,0,4902,163.4,0.028314647325380634,-1.2401724592023764
UBFC_PHYS_s14_T2_ctrl,0,4903,163.43333333333334,-0.09784160857650542,-1.3262760291514595
UBFC_PHYS_s14_T2_ctrl,0,4904,163.46666666666667,-0.23204091964221324,-1.2649491991170914
UBFC_PHYS_s14_T2_ctrl,0,4905,163.5,-0.3594291560280737,-1.044521667845086
UBFC_PHYS_s14_T2_ctrl,0,4906,163.53333333333333,-0.46161574331206956,-0.6716182456185633
UBFC_PHYS_s14_T2_ctrl,0,4907,163.56666666666666,-0.5225896140505868,-0.17256729894459313
UBFC_PHYS_s14_T2_ctrl,0,4908,163.6,-0.534979633282404,0.38940180084249276
UBFC_PHYS_s14_T2_ctrl,0,4909,163.63333333333333,-0.5001708009901611,0.9123756055596153
UBFC_PHYS_s14_T2_ctrl,0,4910,163.66666666666666,-0.42152771910801273,1.3073973148812406
UBFC_PHYS_s14_T2_ctrl,0,4911,163.7,-0.2975768640805327,1.4972516587414735
UBFC_PHYS_s14_T2_ctrl,0,4912,163.73333333333332,-0.12314817914722888,1.4588654680268474
UBFC_PHYS_s14_T2_ctrl,0,4913,163.76666666666668,0.10223503784911632,1.222586166399376
UBFC_PHYS_s14_T2_ctrl,0,4914,163.8,0.3671350514367048,0.8431551702993321
UBFC_PHYS_s14_T2_ctrl,0,4915,163.83333333333334,0.6462247496954605,0.3998063053355632
UBFC_PHYS_s14_T2_ctrl,0,4916,163.86666666666667,0.9022781994054784,-0.052167583201089
UBFC_PHYS_s14_T2_ctrl,0,4917,163.9,1.094336774174669,-0.4798406016039853
UBFC_PHYS_s14_T2_ctrl,0,4918,163.93333333333334,1.1906092554978702,-0.8522506024176734
UBFC_PHYS_s14_T2_ctrl,0,4919,163.96666666666667,1.172943982251511,-1.1382325212527753
UBFC_PHYS_s14_T2_ctrl,0,4920,164.0,1.0279011214102265,-1.3057651523092106
UBFC_PHYS_s14_T2_ctrl,0,4921,164.03333333333333,0.7412077173346117,-1.3208508613312535
UBFC_PHYS_s14_T2_ctrl,0,4922,164.06666666666666,0.3086438405002242,-1.1686545038692795
UBFC_PHYS_s14_T2_ctrl,0,4923,164.1,-0.2464457927398634,-0.8538323412269146
UBFC_PHYS_s14_T2_ctrl,0,4924,164.13333333333333,-0.8662528580673763,-0.40857517721643366
UBFC_PHYS_s14_T2_ctrl,0,4925,164.16666666666666,-1.46953227550687,0.10605144933002143
UBFC_PHYS_s14_T2_ctrl,0,4926,164.2,-1.966998408762726,0.6156041821526325
UBFC_PHYS_s14_T2_ctrl,0,4927,164.23333333333332,-2.2587396266977904,1.0307097426916463
UBFC_PHYS_s14_T2_ctrl,0,4928,164.26666666666668,-2.2319808887588533,1.2884707233883015
UBFC_PHYS_s14_T2_ctrl,0,4929,164.3,-1.8074222172554746,1.351302734137605
UBFC_PHYS_s14_T2_ctrl,0,4930,164.33333333333334,-1.0125518578991226,1.2295428186087576
UBFC_PHYS_s14_T2_ctrl,0,4931,164.36666666666667,0.0022483176398146176,0.9807150692048864
UBFC_PHYS_s14_T2_ctrl,0,4932,164.4,1.020516920889459,0.6575146476799524
UBFC_PHYS_s14_T2_ctrl,0,4933,164.43333333333334,1.8318541902714167,0.3081025839455168
UBFC_PHYS_s14_T2_ctrl,0,4934,164.46666666666667,2.286880568756901,-0.03047838568538601
UBFC_PHYS_s14_T2_ctrl,0,4935,164.5,2.328682643596203,-0.3308227876599065
UBFC_PHYS_s14_T2_ctrl,0,4936,164.53333333333333,1.9893917695515637,-0.5691701360321954
UBFC_PHYS_s14_T2_ctrl,0,4937,164.56666666666666,1.3651959476992812,-0.7238831670205299
UBFC_PHYS_s14_T2_ctrl,0,4938,164.6,0.5953990407894905,-0.7817999502922832
UBFC_PHYS_s14_T2_ctrl,0,4939,164.63333333333333,-0.16588069285033663,-0.7374467705700141
UBFC_PHYS_s14_T2_ctrl,0,4940,164.66666666666666,-0.7961329441022735,-0.5917690461037977
UBFC_PHYS_s14_T2_ctrl,0,4941,164.7,-1.2313724429191166,-0.35236594138795896
UBFC_PHYS_s14_T2_ctrl,0,4942,164.73333333333332,-1.4473411108404992,-0.04758459770822504
UBFC_PHYS_s14_T2_ctrl,0,4943,164.76666666666668,-1.4331194864954866,0.2726319642710575
UBFC_PHYS_s14_T2_ctrl,0,4944,164.8,-1.1993901341602966,0.5495372720485476
UBFC_PHYS_s14_T2_ctrl,0,4945,164.83333333333334,-0.8021279752948498,0.7150234458843666
UBFC_PHYS_s14_T2_ctrl,0,4946,164.86666666666667,-0.3360314386044452,0.7369110174029992
UBFC_PHYS_s14_T2_ctrl,0,4947,164.9,0.11044148991755626,0.6187264047029586
UBFC_PHYS_s14_T2_ctrl,0,4948,164.93333333333334,0.5010529820448407,0.3833160344258893
UBFC_PHYS_s14_T2_ctrl,0,4949,164.96666666666667,0.8489665269585216,0.07306140545578627
UBFC_PHYS_s14_T2_ctrl,0,4950,165.0,1.163487504640191,-0.27268852344814953
UBFC_PHYS_s14_T2_ctrl,0,4951,165.03333333333333,1.4143766449965993,-0.616514381012978
UBFC_PHYS_s14_T2_ctrl,0,4952,165.06666666666666,1.554573399610418,-0.9245592737869671
UBFC_PHYS_s14_T2_ctrl,0,4953,165.1,1.5512110144504916,-1.1650438009846045
UBFC_PHYS_s14_T2_ctrl,0,4954,165.13333333333333,1.3847434335999234,-1.3106357100420096
UBFC_PHYS_s14_T2_ctrl,0,4955,165.16666666666666,1.0433037442400561,-1.3375368975356519
UBFC_PHYS_s14_T2_ctrl,0,4956,165.2,0.5265083718681716,-1.2278552029642351
UBFC_PHYS_s14_T2_ctrl,0,4957,165.23333333333332,-0.15173166189431617,-0.9699689086782385
UBFC_PHYS_s14_T2_ctrl,0,4958,165.26666666666668,-0.9486304675726129,-0.5642063673983286
UBFC_PHYS_s14_T2_ctrl,0,4959,165.3,-1.7662980333223306,-0.024740352626639858
UBFC_PHYS_s14_T2_ctrl,0,4960,165.33333333333334,-2.451279928182123,0.5721926004460421
UBFC_PHYS_s14_T2_ctrl,0,4961,165.36666666666667,-2.8427120205108927,1.0865616898750368
UBFC_PHYS_s14_T2_ctrl,0,4962,165.4,-2.8494659520610535,1.447120629512702
UBFC_PHYS_s14_T2_ctrl,0,4963,165.43333333333334,-2.5005060150093197,1.64971848505732
UBFC_PHYS_s14_T2_ctrl,0,4964,165.46666666666667,-1.914572197386118,1.694205223042966
UBFC_PHYS_s14_T2_ctrl,0,4965,165.5,-1.2140309195958146,1.5829429024528334
UBFC_PHYS_s14_T2_ctrl,0,4966,165.53333333333333,-0.4700639891801787,1.3352129348033
UBFC_PHYS_s14_T2_ctrl,0,4967,165.56666666666666,0.28798936194446795,0.9874361067109916
UBFC_PHYS_s14_T2_ctrl,0,4968,165.6,1.0391154091811508,0.5775562237744939
UBFC_PHYS_s14_T2_ctrl,0,4969,165.63333333333333,1.742481334578322,0.14643626051588976
UBFC_PHYS_s14_T2_ctrl,0,4970,165.66666666666666,2.321912039225142,-0.27501797556460783
UBFC_PHYS_s14_T2_ctrl,0,4971,165.7,2.6832967956730807,-0.6636489263983374
UBFC_PHYS_s14_T2_ctrl,0,4972,165.73333333333332,2.7630383768774798,-1.0012807286179375
UBFC_PHYS_s14_T2_ctrl,0,4973,165.76666666666668,2.556409843271548,-1.2724447223268025
UBFC_PHYS_s14_T2_ctrl,0,4974,165.8,2.097373382109875,-1.4600026410143216
UBFC_PHYS_s14_T2_ctrl,0,4975,165.83333333333334,1.4289101304518022,-1.5436901778644356
UBFC_PHYS_s14_T2_ctrl,0,4976,165.86666666666667,0.6019032254868786,-1.5046395238706873
UBFC_PHYS_s14_T2_ctrl,0,4977,165.9,-0.3048215923258073,-1.3253286262046349
UBFC_PHYS_s14_T2_ctrl,0,4978,165.93333333333334,-1.1635106526650232,-1.002719228812942
UBFC_PHYS_s14_T2_ctrl,0,4979,165.96666666666667,-1.8066754371544524,-0.5496479897000616
UBFC_PHYS_s14_T2_ctrl,0,4980,166.0,-2.102811856582196,-0.019894055109785466
UBFC_PHYS_s14_T2_ctrl,0,4981,166.03333333333333,-2.05857238965697,0.4900963184871957
UBFC_PHYS_s14_T2_ctrl,0,4982,166.06666666666666,-1.820053733605901,0.9208505203255957
UBFC_PHYS_s14_T2_ctrl,0,4983,166.1,-1.539023151547589,1.2479009662874556
UBFC_PHYS_s14_T2_ctrl,0,4984,166.13333333333333,-1.2557176118532944,1.4580685971723804
UBFC_PHYS_s14_T2_ctrl,0,4985,166.16666666666666,-0.9195749971837244,1.5474808108458884
UBFC_PHYS_s14_T2_ctrl,0,4986,166.2,-0.4792906523820049,1.5156656123885148
UBFC_PHYS_s14_T2_ctrl,0,4987,166.23333333333332,0.06703046237299255,1.3649228449405597
UBFC_PHYS_s14_T2_ctrl,0,4988,166.26666666666668,0.6662274882055691,1.1098357020660132
UBFC_PHYS_s14_T2_ctrl,0,4989,166.3,1.223509346691024,0.7779480392725081
UBFC_PHYS_s14_T2_ctrl,0,4990,166.33333333333334,1.6440017234042048,0.3996273754043864
UBFC_PHYS_s14_T2_ctrl,0,4991,166.36666666666667,1.8786855352186151,0.009600965440436652
UBFC_PHYS_s14_T2_ctrl,0,4992,166.4,1.926159693796679,-0.3684921840569071
UBFC_PHYS_s14_T2_ctrl,0,4993,166.43333333333334,1.8059187171876694,-0.7199477530723085
UBFC_PHYS_s14_T2_ctrl,0,4994,166.46666666666667,1.5511925139832834,-1.023560024061541
UBFC_PHYS_s14_T2_ctrl,0,4995,166.5,1.2076640458031787,-1.2496785050607753
UBFC_PHYS_s14_T2_ctrl,0,4996,166.53333333333333,0.8048222379071646,-1.3928149561552825
UBFC_PHYS_s14_T2_ctrl,0,4997,166.56666666666666,0.33975356115284727,-1.4701596351028736
UBFC_PHYS_s14_T2_ctrl,0,4998,166.6,-0.18413243210988434,-1.4708311693692404
UBFC_PHYS_s14_T2_ctrl,0,4999,166.63333333333333,-0.7200683887069932,-1.3556353571505024
UBFC_PHYS_s14_T2_ctrl,0,5000,166.66666666666666,-1.2035943189597382,-1.1112424012043336
UBFC_PHYS_s14_T2_ctrl,0,5001,166.7,-1.5967837375293659,-0.7514182959906088
UBFC_PHYS_s14_T2_ctrl,0,5002,166.73333333333332,-1.884062361689811,-0.30654971427498673
UBFC_PHYS_s14_T2_ctrl,0,5003,166.76666666666668,-2.032225986610407,0.1746133719927121
UBFC_PHYS_s14_T2_ctrl,0,5004,166.8,-1.9750617175471061,0.6359338649578558
UBFC_PHYS_s14_T2_ctrl,0,5005,166.83333333333334,-1.656148297886548,1.012008650155947
UBFC_PHYS_s14_T2_ctrl,0,5006,166.86666666666667,-1.0947229418683595,1.2660177840209452
UBFC_PHYS_s14_T2_ctrl,0,5007,166.9,-0.3991592779278936,1.3880443582433166
UBFC_PHYS_s14_T2_ctrl,0,5008,166.93333333333334,0.2843264966800598,1.3790745428190396
UBFC_PHYS_s14_T2_ctrl,0,5009,166.96666666666667,0.821845317351922,1.2500606109672538
UBFC_PHYS_s14_T2_ctrl,0,5010,167.0,1.113748661271007,1.0200864391883466
UBFC_PHYS_s14_T2_ctrl,0,5011,167.03333333333333,1.1204541436377755,0.7167258491618546
UBFC_PHYS_s14_T2_ctrl,0,5012,167.06666666666666,0.8816563454132059,0.369256209281842
UBFC_PHYS_s14_T2_ctrl,0,5013,167.1,0.49298404170776616,0.009991271918394919
UBFC_PHYS_s14_T2_ctrl,0,5014,167.13333333333333,0.06611654737962797,-0.3291401949621236
UBFC_PHYS_s14_T2_ctrl,0,5015,167.16666666666666,-0.2905830540123765,-0.6149218627737842
UBFC_PHYS_s14_T2_ctrl,0,5016,167.2,-0.4868140732618668,-0.8160440667396331
UBFC_PHYS_s14_T2_ctrl,0,5017,167.23333333333332,-0.4758441108070368,-0.9019302360430705
UBFC_PHYS_s14_T2_ctrl,0,5018,167.26666666666668,-0.2703827421749714,-0.8666313378162507
UBFC_PHYS_s14_T2_ctrl,0,5019,167.3,0.06456738675841613,-0.7283501060506282
UBFC_PHYS_s14_T2_ctrl,0,5020,167.33333333333334,0.4329780264423298,-0.5200287662762071
UBFC_PHYS_s14_T2_ctrl,0,5021,167.36666666666667,0.7359449436359481,-0.2893591125039907
UBFC_PHYS_s14_T2_ctrl,0,5022,167.4,0.9003448102406472,-0.0643109690570232
UBFC_PHYS_s14_T2_ctrl,0,5023,167.43333333333334,0.897453133074492,0.14605126090483223
UBFC_PHYS_s14_T2_ctrl,0,5024,167.46666666666667,0.7463997838144428,0.33843464822839586
UBFC_PHYS_s14_T2_ctrl,0,5025,167.5,0.5015865691322745,0.5139356740340232
UBFC_PHYS_s14_T2_ctrl,0,5026,167.53333333333333,0.22743276271131088,0.6581000821369453
UBFC_PHYS_s14_T2_ctrl,0,5027,167.56666666666666,-0.02407488032419102,0.7401140825350532
UBFC_PHYS_s14_T2_ctrl,0,5028,167.6,-0.21993223569363424,0.7453720416453224
UBFC_PHYS_s14_T2_ctrl,0,5029,167.63333333333333,-0.34327868599376277,0.6753451137480804
UBFC_PHYS_s14_T2_ctrl,0,5030,167.66666666666666,-0.39131455448779107,0.5393216219882526
UBFC_PHYS_s14_T2_ctrl,0,5031,167.7,-0.37266818140527896,0.3546790753924123
UBFC_PHYS_s14_T2_ctrl,0,5032,167.73333333333332,-0.30233278156123355,0.14032452222303674
UBFC_PHYS_s14_T2_ctrl,0,5033,167.76666666666668,-0.19829937433888395,-0.08249047683737656
UBFC_PHYS_s14_T2_ctrl,0,5034,167.8,-0.08084400565986796,-0.3010088357987304
UBFC_PHYS_s14_T2_ctrl,0,5035,167.83333333333334,0.029831282113531456,-0.5097091289678513
UBFC_PHYS_s14_T2_ctrl,0,5036,167.86666666666667,0.11797129208070492,-0.7069732291035983
UBFC_PHYS_s14_T2_ctrl,0,5037,167.9,0.17422691207166946,-0.8936210877062226
UBFC_PHYS_s14_T2_ctrl,0,5038,167.93333333333334,0.19405482094664964,-1.0462890545061296
UBFC_PHYS_s14_T2_ctrl,0,5039,167.96666666666667,0.17563032793661298,-1.116767927828179
UBFC_PHYS_s14_T2_ctrl,0,5040,168.0,0.11872903667194111,-1.080264809548398
UBFC_PHYS_s14_T2_ctrl,0,5041,168.03333333333333,0.024817739710549087,-0.9356360681383572
UBFC_PHYS_s14_T2_ctrl,0,5042,168.06666666666666,-0.09973718159475221,-0.6973800203130047
UBFC_PHYS_s14_T2_ctrl,0,5043,168.1,-0.23954985409241655,-0.39629915530326837
UBFC_PHYS_s14_T2_ctrl,0,5044,168.13333333333333,-0.3718551337329946,-0.07781300697413215
UBFC_PHYS_s14_T2_ctrl,0,5045,168.16666666666666,-0.4733515119712275,0.19713503507711852
UBFC_PHYS_s14_T2_ctrl,0,5046,168.2,-0.5257802182225003,0.40409699286400264
UBFC_PHYS_s14_T2_ctrl,0,5047,168.23333333333332,-0.5197720054916461,0.5537908085969279
UBFC_PHYS_s14_T2_ctrl,0,5048,168.26666666666668,-0.4579089768182296,0.6619994361658478
UBFC_PHYS_s14_T2_ctrl,0,5049,168.3,-0.35227117105091604,0.7479840656120298
UBFC_PHYS_s14_T2_ctrl,0,5050,168.33333333333334,-0.2171226647438738,0.8193374756284322
UBFC_PHYS_s14_T2_ctrl,0,5051,168.36666666666667,-0.06583275803872865,0.8711032708151294
UBFC_PHYS_s14_T2_ctrl,0,5052,168.4,0.0867870033458762,0.8949032950256439
UBFC_PHYS_s14_T2_ctrl,0,5053,168.43333333333334,0.22511858419046665,0.8787825353499777
UBFC_PHYS_s14_T2_ctrl,0,5054,168.46666666666667,0.3373725211013259,0.817203461212269
UBFC_PHYS_s14_T2_ctrl,0,5055,168.5,0.4167330043549526,0.7113188882673739
UBFC_PHYS_s14_T2_ctrl,0,5056,168.53333333333333,0.4585027724609406,0.5668320289021145
UBFC_PHYS_s14_T2_ctrl,0,5057,168.56666666666666,0.4596767465486671,0.39461086316124205
UBFC_PHYS_s14_T2_ctrl,0,5058,168.6,0.42091959792179673,0.2038078435389276
UBFC_PHYS_s14_T2_ctrl,0,5059,168.63333333333333,0.34667046193832635,0.00286732672624692
UBFC_PHYS_s14_T2_ctrl,0,5060,168.66666666666666,0.2435664833107155,-0.19601855757564896
UBFC_PHYS_s14_T2_ctrl,0,5061,168.7,0.11879271125028834,-0.3757750308495307
UBFC_PHYS_s14_T2_ctrl,0,5062,168.73333333333332,-0.019710047025493293,-0.5318937132434058
UBFC_PHYS_s14_T2_ctrl,0,5063,168.76666666666668,-0.15850346067460824,-0.671228209215072
UBFC_PHYS_s14_T2_ctrl,0,5064,168.8,-0.27497283460573185,-0.7922658062673719
UBFC_PHYS_s14_T2_ctrl,0,5065,168.83333333333334,-0.3439926854616271,-0.8841353017235369
UBFC_PHYS_s14_T2_ctrl,0,5066,168.86666666666667,-0.3494398842173876,-0.9345448688904683
UBFC_PHYS_s14_T2_ctrl,0,5067,168.9,-0.2889132142339865,-0.9294561871966702
UBFC_PHYS_s14_T2_ctrl,0,5068,168.93333333333334,-0.17370371245666094,-0.8657228452915161
UBFC_PHYS_s14_T2_ctrl,0,5069,168.96666666666667,-0.028436858703713985,-0.7512147633979561
UBFC_PHYS_s14_T2_ctrl,0,5070,169.0,0.11488447917787782,-0.588617565589242
UBFC_PHYS_s14_T2_ctrl,0,5071,169.03333333333333,0.2281801802362992,-0.3761913146217429
UBFC_PHYS_s14_T2_ctrl,0,5072,169.06666666666666,0.29431454047815153,-0.1189434022104631
UBFC_PHYS_s14_T2_ctrl,0,5073,169.1,0.30809797563883795,0.16996420857765693
UBFC_PHYS_s14_T2_ctrl,0,5074,169.13333333333333,0.2754692394669426,0.4617506714898738
UBFC_PHYS_s14_T2_ctrl,0,5075,169.16666666666666,0.20891655130505743,0.7107392131922446
UBFC_PHYS_s14_T2_ctrl,0,5076,169.2,0.11989511820297317,0.8922531369326372
UBFC_PHYS_s14_T2_ctrl,0,5077,169.23333333333332,0.016204483409432827,1.0015077803727146
UBFC_PHYS_s14_T2_ctrl,0,5078,169.26666666666668,-0.09424995225806893,1.0364936500066464
UBFC_PHYS_s14_T2_ctrl,0,5079,169.3,-0.20045987378973568,0.9972243321529422
UBFC_PHYS_s14_T2_ctrl,0,5080,169.33333333333334,-0.28982034866620243,0.8835383790445152
UBFC_PHYS_s14_T2_ctrl,0,5081,169.36666666666667,-0.3516719078881258,0.6953693512041544
UBFC_PHYS_s14_T2_ctrl,0,5082,169.4,-0.3795265631416282,0.4450636791362924
UBFC_PHYS_s14_T2_ctrl,0,5083,169.43333333333334,-0.3705574106895197,0.1583679238046539
UBFC_PHYS_s14_T2_ctrl,0,5084,169.46666666666667,-0.32423109103536774,-0.14802351586146315
UBFC_PHYS_s14_T2_ctrl,0,5085,169.5,-0.24309829191089904,-0.4648939438972379
UBFC_PHYS_s14_T2_ctrl,0,5086,169.53333333333333,-0.13497375773264958,-0.7701544381515042
UBFC_PHYS_s14_T2_ctrl,0,5087,169.56666666666666,-0.01292949074131803,-1.0272083193593553
UBFC_PHYS_s14_T2_ctrl,0,5088,169.6,0.10773338602335006,-1.2038256075076768
UBFC_PHYS_s14_T2_ctrl,0,5089,169.63333333333333,0.2130298104494424,-1.2712339012946106
UBFC_PHYS_s14_T2_ctrl,0,5090,169.66666666666666,0.29253954858306486,-1.2152535703009448
UBFC_PHYS_s14_T2_ctrl,0,5091,169.7,0.340641406139197,-1.0362364588207427
UBFC_PHYS_s14_T2_ctrl,0,5092,169.73333333333332,0.3572151996008913,-0.7435399501106782
UBFC_PHYS_s14_T2_ctrl,0,5093,169.76666666666668,0.34704147083011305,-0.3565613800431554
UBFC_PHYS_s14_T2_ctrl,0,5094,169.8,0.31710031728704524,0.08101911956481335
UBFC_PHYS_s14_T2_ctrl,0,5095,169.83333333333334,0.27311339975197174,0.49969997963674245
UBFC_PHYS_s14_T2_ctrl,0,5096,169.86666666666667,0.2183415011306696,0.8473974310051579
UBFC_PHYS_s14_T2_ctrl,0,5097,169.9,0.15546822746840744,1.0879269313530169
UBFC_PHYS_s14_T2_ctrl,0,5098,169.93333333333334,0.08830844932026624,1.2166300500342997
UBFC_PHYS_s14_T2_ctrl,0,5099,169.96666666666667,0.021032167645414004,1.2587798213329975
UBFC_PHYS_s14_T2_ctrl,0,5100,170.0,-0.04256152138801897,1.227752731701612
UBFC_PHYS_s14_T2_ctrl,0,5101,170.03333333333333,-0.0979600683317065,1.1243559762117965
UBFC_PHYS_s14_T2_ctrl,0,5102,170.06666666666666,-0.14047684756965423,0.9538812303066091
UBFC_PHYS_s14_T2_ctrl,0,5103,170.1,-0.16925458673172455,0.7267297781479118
UBFC_PHYS_s14_T2_ctrl,0,5104,170.13333333333333,-0.18947444769035043,0.4619273816496888
UBFC_PHYS_s14_T2_ctrl,0,5105,170.16666666666666,-0.20777071377406506,0.18825950622678386
UBFC_PHYS_s14_T2_ctrl,0,5106,170.2,-0.22490160296280087,-0.08378817296178355
UBFC_PHYS_s14_T2_ctrl,0,5107,170.23333333333332,-0.23393343449098092,-0.3603038032208562
UBFC_PHYS_s14_T2_ctrl,0,5108,170.26666666666668,-0.2250551798784055,-0.6351452279329682
UBFC_PHYS_s14_T2_ctrl,0,5109,170.3,-0.1914968415728543,-0.8880673574491373
UBFC_PHYS_s14_T2_ctrl,0,5110,170.33333333333334,-0.13318439215352487,-1.0907292852514616
UBFC_PHYS_s14_T2_ctrl,0,5111,170.36666666666667,-0.05844495739960397,-1.2056395800804676
UBFC_PHYS_s14_T2_ctrl,0,5112,170.4,0.016285008460641293,-1.2156907870248572
UBFC_PHYS_s14_T2_ctrl,0,5113,170.43333333333334,0.07108424867195609,-1.1237875902109797
UBFC_PHYS_s14_T2_ctrl,0,5114,170.46666666666667,0.09249369044907604,-0.9425054906962569
UBFC_PHYS_s14_T2_ctrl,0,5115,170.5,0.08182994621429596,-0.6943675225674039
UBFC_PHYS_s14_T2_ctrl,0,5116,170.53333333333333,0.052737303482555044,-0.40429786624812053
UBFC_PHYS_s14_T2_ctrl,0,5117,170.56666666666666,0.021090214125341167,-0.1006836219956439
UBFC_PHYS_s14_T2_ctrl,0,5118,170.6,-0.0020050232482514627,0.17538607208744394
UBFC_PHYS_s14_T2_ctrl,0,5119,170.63333333333333,-0.011457269419981509,0.36910961646334267
UBFC_PHYS_s14_T2_ctrl,0,5120,170.66666666666666,-0.007407134252277665,0.466296667946256
UBFC_PHYS_s14_T2_ctrl,0,5121,170.7,0.006326257687494891,0.4923605075787666
UBFC_PHYS_s14_T2_ctrl,0,5122,170.73333333333332,0.024859913305069817,0.4659701124195848
UBFC_PHYS_s14_T2_ctrl,0,5123,170.76666666666668,0.04472946574156873,0.39829549083645854
UBFC_PHYS_s14_T2_ctrl,0,5124,170.8,0.06401447856609856,0.3316752614707304
UBFC_PHYS_s14_T2_ctrl,0,5125,170.83333333333334,0.07924030138859235,0.33885731701320365
UBFC_PHYS_s14_T2_ctrl,0,5126,170.86666666666667,0.08161810344677801,0.4257784185047335
UBFC_PHYS_s14_T2_ctrl,0,5127,170.9,0.057965748565802715,0.5313281546170562
UBFC_PHYS_s14_T2_ctrl,0,5128,170.93333333333334,0.00032191112876410813,0.6042373406850554
UBFC_PHYS_s14_T2_ctrl,0,5129,170.96666666666667,-0.08113577875805958,0.6037990130734213
UBFC_PHYS_s14_T2_ctrl,0,5130,171.0,-0.1567616238905104,0.5276095897919865
UBFC_PHYS_s14_T2_ctrl,0,5131,171.03333333333333,-0.19348229914534426,0.4116556226756729
UBFC_PHYS_s14_T2_ctrl,0,5132,171.06666666666666,-0.17347794630206814,0.28579230095106456
UBFC_PHYS_s14_T2_ctrl,0,5133,171.1,-0.10030582825112502,0.17374032753881125
UBFC_PHYS_s14_T2_ctrl,0,5134,171.13333333333333,0.005682683443438519,0.08824334877702054
UBFC_PHYS_s14_T2_ctrl,0,5135,171.16666666666666,0.11616890729276505,0.0315371041664045
UBFC_PHYS_s14_T2_ctrl,0,5136,171.2,0.20598718532922133,-0.012702841511358504
UBFC_PHYS_s14_T2_ctrl,0,5137,171.23333333333332,0.2616637839716184,-0.07845011458484293
UBFC_PHYS_s14_T2_ctrl,0,5138,171.26666666666668,0.2813253054740954,-0.18511199121625482
UBFC_PHYS_s14_T2_ctrl,0,5139,171.3,0.2688420724964276,-0.33647118490926065
UBFC_PHYS_s14_T2_ctrl,0,5140,171.33333333333334,0.2304631394192499,-0.5096814939229758
UBFC_PHYS_s14_T2_ctrl,0,5141,171.36666666666667,0.17512060935348214,-0.6548270307925705
UBFC_PHYS_s14_T2_ctrl,0,5142,171.4,0.11356159130134955,-0.7378118232240296
UBFC_PHYS_s14_T2_ctrl,0,5143,171.43333333333334,0.05507579429188335,-0.7403072437268966
UBFC_PHYS_s14_T2_ctrl,0,5144,171.46666666666667,0.005059894108034004,-0.6816763813954317
UBFC_PHYS_s14_T2_ctrl,0,5145,171.5,-0.03403743429226015,-0.618426917283251
UBFC_PHYS_s14_T2_ctrl,0,5146,171.53333333333333,-0.060587278043411436,-0.575019408864049
UBFC_PHYS_s14_T2_ctrl,0,5147,171.56666666666666,-0.07448364170764343,-0.5436687365027629
UBFC_PHYS_s14_T2_ctrl,0,5148,171.6,-0.07830998874490369,-0.5020254579957131
UBFC_PHYS_s14_T2_ctrl,0,5149,171.63333333333333,-0.07464949323779208,-0.41411923269454803
UBFC_PHYS_s14_T2_ctrl,0,5150,171.66666666666666,-0.06409846131487293,-0.26170046897975185
UBFC_PHYS_s14_T2_ctrl,0,5151,171.7,-0.0494770454698506,-0.04548738428491382
UBFC_PHYS_s14_T2_ctrl,0,5152,171.73333333333332,-0.04080565011652329,0.20837387944998628
UBFC_PHYS_s14_T2_ctrl,0,5153,171.76666666666668,-0.05273378446091648,0.4474131288126071
UBFC_PHYS_s14_T2_ctrl,0,5154,171.8,-0.09512542431860146,0.6240521688068501
UBFC_PHYS_s14_T2_ctrl,0,5155,171.83333333333334,-0.16493257334871897,0.6951625474772789
UBFC_PHYS_s14_T2_ctrl,0,5156,171.86666666666667,-0.2460696658078528,0.6553888440106692
UBFC_PHYS_s14_T2_ctrl,0,5157,171.9,-0.31734167770043353,0.5367015092203572
UBFC_PHYS_s14_T2_ctrl,0,5158,171.93333333333334,-0.36335811339512725,0.38315326231625313
UBFC_PHYS_s14_T2_ctrl,0,5159,171.96666666666667,-0.38104789830598884,0.2503834638125183
UBFC_PHYS_s14_T2_ctrl,0,5160,172.0,-0.3759156651882303,0.16472199688915443
UBFC_PHYS_s14_T2_ctrl,0,5161,172.03333333333333,-0.35179501178607764,0.12332472174167596
UBFC_PHYS_s14_T2_ctrl,0,5162,172.06666666666666,-0.3067662002688587,0.1133830329748502
UBFC_PHYS_s14_T2_ctrl,0,5163,172.1,-0.23915313466761978,0.11275418760490034
UBFC_PHYS_s14_T2_ctrl,0,5164,172.13333333333333,-0.15235224735024655,0.10718223203942459
UBFC_PHYS_s14_T2_ctrl,0,5165,172.16666666666666,-0.05128262158954976,0.090700599005205
UBFC_PHYS_s14_T2_ctrl,0,5166,172.2,0.06268158498018522,0.06898692212020292
UBFC_PHYS_s14_T2_ctrl,0,5167,172.23333333333332,0.1910110113699689,0.05932711734033455
UBFC_PHYS_s14_T2_ctrl,0,5168,172.26666666666668,0.33356106000768326,0.07181343189534621
UBFC_PHYS_s14_T2_ctrl,0,5169,172.3,0.48452723380077023,0.10915340961654263
UBFC_PHYS_s14_T2_ctrl,0,5170,172.33333333333334,0.6289180757344042,0.1599183962215928
UBFC_PHYS_s14_T2_ctrl,0,5171,172.36666666666667,0.7408483573309631,0.19865486604270718
UBFC_PHYS_s14_T2_ctrl,0,5172,172.4,0.7883938961404137,0.20926134554590792
UBFC_PHYS_s14_T2_ctrl,0,5173,172.43333333333334,0.7456947647519657,0.18524101366454723
UBFC_PHYS_s14_T2_ctrl,0,5174,172.46666666666667,0.6070438205915089,0.12949470636735394
UBFC_PHYS_s14_T2_ctrl,0,5175,172.5,0.3962281650201904,0.05448921924513672
UBFC_PHYS_s14_T2_ctrl,0,5176,172.53333333333333,0.16199705160183145,-0.024758672653181046
UBFC_PHYS_s14_T2_ctrl,0,5177,172.56666666666666,-0.04452477486162271,-0.09048798720595841
UBFC_PHYS_s14_T2_ctrl,0,5178,172.6,-0.1944986825669154,-0.13501240601834555
UBFC_PHYS_s14_T2_ctrl,0,5179,172.63333333333333,-0.2862913062417488,-0.1603759110113045
UBFC_PHYS_s14_T2_ctrl,0,5180,172.66666666666666,-0.3324486714076538,-0.16657538821760026
UBFC_PHYS_s14_T2_ctrl,0,5181,172.7,-0.3465378434168173,-0.15128305716408302
UBFC_PHYS_s14_T2_ctrl,0,5182,172.73333333333332,-0.33798244616460366,-0.1216977059121788
UBFC_PHYS_s14_T2_ctrl,0,5183,172.76666666666668,-0.31264397768655133,-0.09435395595148276
UBFC_PHYS_s14_T2_ctrl,0,5184,172.8,-0.2762126174829536,-0.07506733927357809
UBFC_PHYS_s14_T2_ctrl,0,5185,172.83333333333334,-0.23631873816598242,-0.05887635417134794
UBFC_PHYS_s14_T2_ctrl,0,5186,172.86666666666667,-0.20050896413941577,-0.042310813540002386
UBFC_PHYS_s14_T2_ctrl,0,5187,172.9,-0.17268921145579416,-0.02353106439856053
UBFC_PHYS_s14_T2_ctrl,0,5188,172.93333333333334,-0.15075156283012303,-0.004845231886963987
UBFC_PHYS_s14_T2_ctrl,0,5189,172.96666666666667,-0.12686922045560803,0.0072874257130612526
UBFC_PHYS_s14_T2_ctrl,0,5190,173.0,-0.09366787839555225,0.006781252734185901
UBFC_PHYS_s14_T2_ctrl,0,5191,173.03333333333333,-0.05316058936791898,-0.011936908077081204
UBFC_PHYS_s14_T2_ctrl,0,5192,173.06666666666666,-0.01721002274055566,-0.05422516799291945
UBFC_PHYS_s14_T2_ctrl,0,5193,173.1,0.0020173086920970626,-0.12490375195834733
UBFC_PHYS_s14_T2_ctrl,0,5194,173.13333333333333,-0.00014288026782282096,-0.21012529291567242
UBFC_PHYS_s14_T2_ctrl,0,5195,173.16666666666666,-0.020463302692851387,-0.2772507185615434
UBFC_PHYS_s14_T2_ctrl,0,5196,173.2,-0.050307739885260105,-0.30514752071243306
UBFC_PHYS_s14_T2_ctrl,0,5197,173.23333333333332,-0.07819139138027001,-0.28431974582379504
UBFC_PHYS_s14_T2_ctrl,0,5198,173.26666666666668,-0.09343537792863628,-0.23451844112637116
UBFC_PHYS_s14_T2_ctrl,0,5199,173.3,-0.09018244877737924,-0.20434304946614743
UBFC_PHYS_s14_T2_ctrl,0,5200,173.33333333333334,-0.06873169033151941,-0.21444696999911778
UBFC_PHYS_s14_T2_ctrl,0,5201,173.36666666666667,-0.032831112425792716,-0.2571980633007469
UBFC_PHYS_s14_T2_ctrl,0,5202,173.4,0.014322079234448707,-0.3090433196945712
UBFC_PHYS_s14_T2_ctrl,0,5203,173.43333333333334,0.07097534271348857,-0.3309362452595116
UBFC_PHYS_s14_T2_ctrl,0,5204,173.46666666666667,0.13391880844909015,-0.3004378990785578
UBFC_PHYS_s14_T2_ctrl,0,5205,173.5,0.1957025105233329,-0.21227378057408935
UBFC_PHYS_s14_T2_ctrl,0,5206,173.53333333333333,0.24555470272926427,-0.07386899523635299
UBFC_PHYS_s14_T2_ctrl,0,5207,173.56666666666666,0.2738225105907023,0.09415959583261707
UBFC_PHYS_s14_T2_ctrl,0,5208,173.6,0.2766888881464005,0.2608595260864279
UBFC_PHYS_s14_T2_ctrl,0,5209,173.63333333333333,0.2575279517108348,0.3845550152424202
UBFC_PHYS_s14_T2_ctrl,0,5210,173.66666666666666,0.22389658195476164,0.44995406727727
UBFC_PHYS_s14_T2_ctrl,0,5211,173.7,0.18259759525132188,0.467632196446593
UBFC_PHYS_s14_T2_ctrl,0,5212,173.73333333333332,0.13692862829365415,0.46003814717910285
UBFC_PHYS_s14_T2_ctrl,0,5213,173.76666666666668,0.08794800059518706,0.46066032347731106
UBFC_PHYS_s14_T2_ctrl,0,5214,173.8,0.03590162772397119,0.47770041955439496
UBFC_PHYS_s14_T2_ctrl,0,5215,173.83333333333334,-0.021463003416288116,0.49378666657362025
UBFC_PHYS_s14_T2_ctrl,0,5216,173.86666666666667,-0.08875977744230937,0.4845984180671862
UBFC_PHYS_s14_T2_ctrl,0,5217,173.9,-0.16761786241611365,0.41942130537582956
UBFC_PHYS_s14_T2_ctrl,0,5218,173.93333333333334,-0.2523216834982121,0.2920423585684041
UBFC_PHYS_s14_T2_ctrl,0,5219,173.96666666666667,-0.32914032057804543,0.12138075909897379
UBFC_PHYS_s14_T2_ctrl,0,5220,174.0,-0.3760700579820454,-0.061616394320587055
UBFC_PHYS_s14_T2_ctrl,0,5221,174.03333333333333,-0.36881349277434083,-0.2136458627348542
UBFC_PHYS_s14_T2_ctrl,0,5222,174.06666666666666,-0.29675567904103245,-0.30246699537321176
UBFC_PHYS_s14_T2_ctrl,0,5223,174.1,-0.17247299864256974,-0.3067360752485897
UBFC_PHYS_s14_T2_ctrl,0,5224,174.13333333333333,-0.0230236971807986,-0.24034015576029916
UBFC_PHYS_s14_T2_ctrl,0,5225,174.16666666666666,0.12330531435605778,-0.15195746935847163
UBFC_PHYS_s14_T2_ctrl,0,5226,174.2,0.24188919681880341,-0.08024825880565882
UBFC_PHYS_s14_T2_ctrl,0,5227,174.23333333333332,0.3133587156886364,-0.053365761587419965
UBFC_PHYS_s14_T2_ctrl,0,5228,174.26666666666668,0.3273275129567297,-0.0711448719220677
UBFC_PHYS_s14_T2_ctrl,0,5229,174.3,0.28552913502762267,-0.10529481475173963
UBFC_PHYS_s14_T2_ctrl,0,5230,174.33333333333334,0.2021913428418986,-0.13311465262425334
UBFC_PHYS_s14_T2_ctrl,0,5231,174.36666666666667,0.1008009154506137,-0.13790427292555502
UBFC_PHYS_s14_T2_ctrl,0,5232,174.4,0.006320193807670231,-0.12486090233316607
UBFC_PHYS_s14_T2_ctrl,0,5233,174.43333333333334,-0.06365526263606949,-0.12090488722229815
UBFC_PHYS_s14_T2_ctrl,0,5234,174.46666666666667,-0.10324053144328828,-0.14260342773674117
UBFC_PHYS_s14_T2_ctrl,0,5235,174.5,-0.11709890332410368,-0.1957406438913382
UBFC_PHYS_s14_T2_ctrl,0,5236,174.53333333333333,-0.115835340617612,-0.27149155922618506
UBFC_PHYS_s14_T2_ctrl,0,5237,174.56666666666666,-0.11014135006532424,-0.3463240377772315
UBFC_PHYS_s14_T2_ctrl,0,5238,174.6,-0.10726438642924041,-0.3935689812512644
UBFC_PHYS_s14_T2_ctrl,0,5239,174.63333333333333,-0.11155123213347423,-0.38368946563070583
UBFC_PHYS_s14_T2_ctrl,0,5240,174.66666666666666,-0.12501672012136356,-0.30903305143176624
UBFC_PHYS_s14_T2_ctrl,0,5241,174.7,-0.14491894092274898,-0.184166422190718
UBFC_PHYS_s14_T2_ctrl,0,5242,174.73333333333332,-0.1634512988382961,-0.03993806326362567
UBFC_PHYS_s14_T2_ctrl,0,5243,174.76666666666668,-0.17462234612855324,0.07646948428810957
UBFC_PHYS_s14_T2_ctrl,0,5244,174.8,-0.1818817949259131,0.14654416954673088
UBFC_PHYS_s14_T2_ctrl,0,5245,174.83333333333334,-0.1948196081084534,0.18009906534974862
UBFC_PHYS_s14_T2_ctrl,0,5246,174.86666666666667,-0.21471066184443077,0.19673562476104794
UBFC_PHYS_s14_T2_ctrl,0,5247,174.9,-0.22347674896669745,0.22500076355061424
UBFC_PHYS_s14_T2_ctrl,0,5248,174.93333333333334,-0.19024720444327808,0.2772484853038368
UBFC_PHYS_s14_T2_ctrl,0,5249,174.96666666666667,-0.09190538108063807,0.34905546114926705
UBFC_PHYS_s14_T2_ctrl,0,5250,175.0,0.07048048586096141,0.4266189474661931
UBFC_PHYS_s14_T2_ctrl,0,5251,175.03333333333333,0.27038800337418706,0.48662984560576217
UBFC_PHYS_s14_T2_ctrl,0,5252,175.06666666666666,0.46598968715952366,0.5160623401869894
UBFC_PHYS_s14_T2_ctrl,0,5253,175.1,0.6145726155455944,0.5121275218576524
UBFC_PHYS_s14_T2_ctrl,0,5254,175.13333333333333,0.6863180675522125,0.4746490705174854
UBFC_PHYS_s14_T2_ctrl,0,5255,175.16666666666666,0.6711488854905192,0.4061237354024029
UBFC_PHYS_s14_T2_ctrl,0,5256,175.2,0.5739241742533534,0.31741794182938526
UBFC_PHYS_s14_T2_ctrl,0,5257,175.23333333333332,0.4056177936472708,0.22799001790523166
UBFC_PHYS_s14_T2_ctrl,0,5258,175.26666666666668,0.185292238494983,0.1436971322412396
UBFC_PHYS_s14_T2_ctrl,0,5259,175.3,-0.050930013270984176,0.05732475534761109
UBFC_PHYS_s14_T2_ctrl,0,5260,175.33333333333334,-0.25499895531540384,-0.036163994977501404
UBFC_PHYS_s14_T2_ctrl,0,5261,175.36666666666667,-0.38811073157999976,-0.138799430391018
UBFC_PHYS_s14_T2_ctrl,0,5262,175.4,-0.43671102510204585,-0.2480208019845201
UBFC_PHYS_s14_T2_ctrl,0,5263,175.43333333333334,-0.4118293828624464,-0.3559487996034274
UBFC_PHYS_s14_T2_ctrl,0,5264,175.46666666666667,-0.33807803931344244,-0.4544318706142718
UBFC_PHYS_s14_T2_ctrl,0,5265,175.5,-0.2413614101022985,-0.53444748408055
UBFC_PHYS_s14_T2_ctrl,0,5266,175.53333333333333,-0.14158017383804256,-0.5846379576825208
UBFC_PHYS_s14_T2_ctrl,0,5267,175.56666666666666,-0.0533522738842899,-0.5910151607792563
UBFC_PHYS_s14_T2_ctrl,0,5268,175.6,0.009252488611587091,-0.55059588503456
UBFC_PHYS_s14_T2_ctrl,0,5269,175.63333333333333,0.03258920193815165,-0.4714075484927002
UBFC_PHYS_s14_T2_ctrl,0,5270,175.66666666666666,0.010529613348590254,-0.3738422020403576
UBFC_PHYS_s14_T2_ctrl,0,5271,175.7,-0.04928569427969648,-0.2906177389048977
UBFC_PHYS_s14_T2_ctrl,0,5272,175.73333333333332,-0.12865562516241802,-0.2287913917478699
UBFC_PHYS_s14_T2_ctrl,0,5273,175.76666666666668,-0.20867864869574326,-0.17014854846120947
UBFC_PHYS_s14_T2_ctrl,0,5274,175.8,-0.2753570296876636,-0.10617692875126666
UBFC_PHYS_s14_T2_ctrl,0,5275,175.83333333333334,-0.31652283299166956,-0.03873888064631485
UBFC_PHYS_s14_T2_ctrl,0,5276,175.86666666666667,-0.3179213263404661,0.0213689688948933
UBFC_PHYS_s14_T2_ctrl,0,5277,175.9,-0.26759187540913504,0.0542305990207929
UBFC_PHYS_s14_T2_ctrl,0,5278,175.93333333333334,-0.16643274841969372,0.05745428429926076
UBFC_PHYS_s14_T2_ctrl,0,5279,175.96666666666667,-0.03381408091201685,0.04599299185056571
