recording_id,measurement_id,sample_index,time_seconds,gt_signal,predicted_signal
COHFACE_s17_session2_natural,0,0,0.0,-6.539925575256348,-0.08957965278243954
COHFACE_s17_session2_natural,0,1,0.03333333333333333,-4.341972351074219,-0.04405301775180333
COHFACE_s17_session2_natural,0,2,0.06666666666666667,0.7806861996650696,-0.01662852509496072
COHFACE_s17_session2_natural,0,3,0.1,0.8666167855262756,-0.023333797168168267
COHFACE_s17_session2_natural,0,4,0.13333333333333333,-0.5844244360923767,-0.06807269158645593
COHFACE_s17_session2_natural,0,5,0.16666666666666666,-0.6820787787437439,-0.1421047844956148
COHFACE_s17_session2_natural,0,6,0.2,-0.35076332092285156,-0.22860837105472767
COHFACE_s17_session2_natural,0,7,0.23333333333333334,0.06221744418144226,-0.3087303158094916
COHFACE_s17_session2_natural,0,8,0.26666666666666666,0.3966199457645416,-0.3656287421962104
COHFACE_s17_session2_natural,0,9,0.3,0.43024754524230957,-0.38397628656522814
COHFACE_s17_session2_natural,0,10,0.3333333333333333,0.20933522284030914,-0.34852460324101764
COHFACE_s17_session2_natural,0,11,0.36666666666666664,-0.1145925298333168,-0.2503052993092483
COHFACE_s17_session2_natural,0,12,0.4,-0.44008737802505493,-0.09780792600290711
COHFACE_s17_session2_natural,0,13,0.43333333333333335,-0.7104631066322327,0.08019314284845205
COHFACE_s17_session2_natural,0,14,0.4666666666666667,-0.8975121974945068,0.24461770282094106
COHFACE_s17_session2_natural,0,15,0.5,-0.9871307611465454,0.36311710157732907
COHFACE_s17_session2_natural,0,16,0.5333333333333333,-1.001929759979248,0.4240793007104318
COHFACE_s17_session2_natural,0,17,0.5666666666666667,-0.9724496603012085,0.4356549326682834
COHFACE_s17_session2_natural,0,18,0.6,-0.9225856065750122,0.41157027587529177
COHFACE_s17_session2_natural,0,19,0.6333333333333333,-0.8914676904678345,0.35868502448850964
COHFACE_s17_session2_natural,0,20,0.6666666666666666,-0.8926931023597717,0.275252041110422
COHFACE_s17_session2_natural,0,21,0.7,-0.6396260261535645,0.16050684480837546
COHFACE_s17_session2_natural,0,22,0.7333333333333333,0.31524917483329773,0.028080896377578393
COHFACE_s17_session2_natural,0,23,0.7666666666666667,1.420329213142395,-0.09041946311596083
COHFACE_s17_session2_natural,0,24,0.8,1.866961121559143,-0.15626415661255805
COHFACE_s17_session2_natural,0,25,0.8333333333333334,1.6953591108322144,-0.14309299442685386
COHFACE_s17_session2_natural,0,26,0.8666666666666667,1.2280957698822021,-0.05414373578496271
COHFACE_s17_session2_natural,0,27,0.9,0.6373152732849121,0.07619395829122919
COHFACE_s17_session2_natural,0,28,0.9333333333333333,0.018386101350188255,0.1964868123484502
COHFACE_s17_session2_natural,0,29,0.9666666666666667,-0.43748340010643005,0.25469974685289704
COHFACE_s17_session2_natural,0,30,1.0,-0.46009424328804016,0.21082507147199836
COHFACE_s17_session2_natural,0,31,1.0333333333333334,-0.06527049094438553,0.047949285798539666
COHFACE_s17_session2_natural,0,32,1.0666666666666667,0.3760003447532654,-0.21962865798401388
COHFACE_s17_session2_natural,0,33,1.1,0.5310949683189392,-0.5463534739160715
COHFACE_s17_session2_natural,0,34,1.1333333333333333,0.40298256278038025,-0.8649490771667264
COHFACE_s17_session2_natural,0,35,1.1666666666666667,0.11142165958881378,-1.1029340847470002
COHFACE_s17_session2_natural,0,36,1.2,-0.2337265908718109,-1.2008038932925051
COHFACE_s17_session2_natural,0,37,1.2333333333333334,-0.5451412200927734,-1.1248052375101745
COHFACE_s17_session2_natural,0,38,1.2666666666666666,-0.7684807181358337,-0.8722005775748289
COHFACE_s17_session2_natural,0,39,1.3,-0.8898888230323792,-0.47196452442555475
COHFACE_s17_session2_natural,0,40,1.3333333333333333,-0.923504650592804,0.019283746161954284
COHFACE_s17_session2_natural,0,41,1.3666666666666667,-0.907739520072937,0.5294117570793666
COHFACE_s17_session2_natural,0,42,1.4,-0.8619640469551086,0.9857222132935269
COHFACE_s17_session2_natural,0,43,1.4333333333333333,-0.8283600211143494,1.3200911913823652
COHFACE_s17_session2_natural,0,44,1.4666666666666666,-0.8244953155517578,1.4700560035793764
COHFACE_s17_session2_natural,0,45,1.5,-0.5567706227302551,1.3978777736535575
COHFACE_s17_session2_natural,0,46,1.5333333333333334,0.5154358744621277,1.1203063485948734
COHFACE_s17_session2_natural,0,47,1.5666666666666667,1.753129243850708,0.7139326248718015
COHFACE_s17_session2_natural,0,48,1.6,2.2614784240722656,0.28686946858805246
COHFACE_s17_session2_natural,0,49,1.6333333333333333,2.0956852436065674,-0.0638525097016228
COHFACE_s17_session2_natural,0,50,1.6666666666666667,1.6109955310821533,-0.287328630913037
COHFACE_s17_session2_natural,0,51,1.7,1.0288634300231934,-0.38705309051938536
COHFACE_s17_session2_natural,0,52,1.7333333333333334,0.48648595809936523,-0.40175166334265355
COHFACE_s17_session2_natural,0,53,1.7666666666666666,0.06823836266994476,-0.3764766159379995
COHFACE_s17_session2_natural,0,54,1.8,-0.037121813744306564,-0.34044268196770366
COHFACE_s17_session2_natural,0,55,1.8333333333333333,0.2148730456829071,-0.30290050064609575
COHFACE_s17_session2_natural,0,56,1.8666666666666667,0.5500178337097168,-0.2639186313657688
COHFACE_s17_session2_natural,0,57,1.9,0.6757383942604065,-0.22376412103858326
COHFACE_s17_session2_natural,0,58,1.9333333333333333,0.5425594449043274,-0.18479886380859367
COHFACE_s17_session2_natural,0,59,1.9666666666666666,0.24739307165145874,-0.1515422812046595
COHFACE_s17_session2_natural,0,60,2.0,-0.10679243505001068,-0.13033847950263153
COHFACE_s17_session2_natural,0,61,2.033333333333333,-0.4331945478916168,-0.12535824719701688
COHFACE_s17_session2_natural,0,62,2.066666666666667,-0.6591498255729675,-0.13264758835368348
COHFACE_s17_session2_natural,0,63,2.1,-0.7847289443016052,-0.1385608945811867
COHFACE_s17_session2_natural,0,64,2.1333333333333333,-0.8363015055656433,-0.12475050072201854
COHFACE_s17_session2_natural,0,65,2.1666666666666665,-0.8318358659744263,-0.0770835126152839
COHFACE_s17_session2_natural,0,66,2.2,-0.7944142818450928,0.005159460757829679
COHFACE_s17_session2_natural,0,67,2.2333333333333334,-0.7633670568466187,0.10371954406410885
COHFACE_s17_session2_natural,0,68,2.2666666666666666,-0.7725104093551636,0.18481608949634612
COHFACE_s17_session2_natural,0,69,2.3,-0.8074929714202881,0.2169829431235284
COHFACE_s17_session2_natural,0,70,2.3333333333333335,-0.46551424264907837,0.192992318734359
COHFACE_s17_session2_natural,0,71,2.3666666666666667,0.7760791778564453,0.13242310333989313
COHFACE_s17_session2_natural,0,72,2.4,2.0864005088806152,0.06312886137697979
COHFACE_s17_session2_natural,0,73,2.433333333333333,2.5974717140197754,0.002012862236446202
COHFACE_s17_session2_natural,0,74,2.466666666666667,2.4252450466156006,-0.05187350205526482
COHFACE_s17_session2_natural,0,75,2.5,1.9446203708648682,-0.10961341492803205
COHFACE_s17_session2_natural,0,76,2.533333333333333,1.4207297563552856,-0.17718692057857147
COHFACE_s17_session2_natural,0,77,2.566666666666667,0.9851970672607422,-0.2472516179445488
COHFACE_s17_session2_natural,0,78,2.6,0.6307052373886108,-0.3034175700696322
COHFACE_s17_session2_natural,0,79,2.6333333333333333,0.46505337953567505,-0.33204528876897493
COHFACE_s17_session2_natural,0,80,2.6666666666666665,0.5590433478355408,-0.33181348213264467
COHFACE_s17_session2_natural,0,81,2.7,0.7556598782539368,-0.3091607949943774
COHFACE_s17_session2_natural,0,82,2.7333333333333334,0.8149617910385132,-0.2638067358728547
COHFACE_s17_session2_natural,0,83,2.7666666666666666,0.6485676765441895,-0.18350439482551947
COHFACE_s17_session2_natural,0,84,2.8,0.33632826805114746,-0.05248281434556173
COHFACE_s17_session2_natural,0,85,2.8333333333333335,-0.015653882175683975,0.13785598116006717
COHFACE_s17_session2_natural,0,86,2.8666666666666667,-0.32504189014434814,0.38074404713734294
COHFACE_s17_session2_natural,0,87,2.9,-0.5501605868339539,0.6454256260821734
COHFACE_s17_session2_natural,0,88,2.933333333333333,-0.6846945285797119,0.8737603462874958
COHFACE_s17_session2_natural,0,89,2.966666666666667,-0.748532772064209,0.9948948117022925
COHFACE_s17_session2_natural,0,90,3.0,-0.7801690697669983,0.9554310760660534
COHFACE_s17_session2_natural,0,91,3.033333333333333,-0.7778950333595276,0.7472205981346738
COHFACE_s17_session2_natural,0,92,3.066666666666667,-0.7682214975357056,0.4165886225854272
COHFACE_s17_session2_natural,0,93,3.1,-0.7993629574775696,0.044421969570935
COHFACE_s17_session2_natural,0,94,3.1333333333333333,-0.8722266554832458,-0.29105031080257016
COHFACE_s17_session2_natural,0,95,3.1666666666666665,-0.9237402677536011,-0.5374781440382345
COHFACE_s17_session2_natural,0,96,3.2,-0.4698502719402313,-0.6700720083350851
COHFACE_s17_session2_natural,0,97,3.2333333333333334,0.8544571399688721,-0.6892986607231457
COHFACE_s17_session2_natural,0,98,3.2666666666666666,2.071613311767578,-0.6193728191481865
COHFACE_s17_session2_natural,0,99,3.3,2.455573558807373,-0.4981133762917612
COHFACE_s17_session2_natural,0,100,3.3333333333333335,2.215679407119751,-0.3602017489280632
COHFACE_s17_session2_natural,0,101,3.3666666666666667,1.7240968942642212,-0.2272079804456699
COHFACE_s17_session2_natural,0,102,3.4,1.2361079454421997,-0.10833043898042322
COHFACE_s17_session2_natural,0,103,3.433333333333333,0.8325061202049255,-0.005559163967971761
COHFACE_s17_session2_natural,0,104,3.466666666666667,0.5138570070266724,0.08092233747250425
COHFACE_s17_session2_natural,0,105,3.5,0.4147651791572571,0.1480795745254478
COHFACE_s17_session2_natural,0,106,3.533333333333333,0.5541889071464539,0.18837674213457511
COHFACE_s17_session2_natural,0,107,3.566666666666667,0.7244359254837036,0.1941823903159366
COHFACE_s17_session2_natural,0,108,3.6,0.7181911468505859,0.16430471073109218
COHFACE_s17_session2_natural,0,109,3.6333333333333333,0.5013791918754578,0.10283837495310183
COHFACE_s17_session2_natural,0,110,3.6666666666666665,0.16562169790267944,0.012731223862450533
COHFACE_s17_session2_natural,0,111,3.7,-0.1658587008714676,-0.10204077405172672
COHFACE_s17_session2_natural,0,112,3.7333333333333334,-0.4387323558330536,-0.22610800371421047
COHFACE_s17_session2_natural,0,113,3.7666666666666666,-0.6284089684486389,-0.32886690073087127
COHFACE_s17_session2_natural,0,114,3.8,-0.728419840335846,-0.3727858325840349
COHFACE_s17_session2_natural,0,115,3.8333333333333335,-0.7623773217201233,-0.3287338766595263
COHFACE_s17_session2_natural,0,116,3.8666666666666667,-0.7740892767906189,-0.19011627488912086
COHFACE_s17_session2_natural,0,117,3.9,-0.7786844968795776,0.02353957030515092
COHFACE_s17_session2_natural,0,118,3.933333333333333,-0.8148806691169739,0.2730378883215942
COHFACE_s17_session2_natural,0,119,3.966666666666667,-0.8904661536216736,0.5060030471203288
COHFACE_s17_session2_natural,0,120,4.0,-0.8024382591247559,0.6632818757257444
COHFACE_s17_session2_natural,0,121,4.033333333333333,0.009454877115786076,0.6947547439524498
COHFACE_s17_session2_natural,0,122,4.066666666666666,1.2835447788238525,0.5810781234444695
COHFACE_s17_session2_natural,0,123,4.1,2.0179672241210938,0.3452672028703437
COHFACE_s17_session2_natural,0,124,4.133333333333334,2.0036747455596924,0.047226482065614916
COHFACE_s17_session2_natural,0,125,4.166666666666667,1.5914363861083984,-0.23477467772457045
COHFACE_s17_session2_natural,0,126,4.2,1.0821679830551147,-0.4291338309353574
COHFACE_s17_session2_natural,0,127,4.233333333333333,0.6147633194923401,-0.4945959357152952
COHFACE_s17_session2_natural,0,128,4.266666666666667,0.22779858112335205,-0.4339295064527456
COHFACE_s17_session2_natural,0,129,4.3,0.06110987812280655,-0.28982160899507914
COHFACE_s17_session2_natural,0,130,4.333333333333333,0.19466586410999298,-0.12470190962936196
COHFACE_s17_session2_natural,0,131,4.366666666666666,0.420856773853302,0.0046515446353622425
COHFACE_s17_session2_natural,0,132,4.4,0.498928427696228,0.06756376328182562
COHFACE_s17_session2_natural,0,133,4.433333333333334,0.35188132524490356,0.06756798261513772
COHFACE_s17_session2_natural,0,134,4.466666666666667,0.06683623045682907,0.0350753578575419
COHFACE_s17_session2_natural,0,135,4.5,-0.2423514574766159,0.006461710321735909
COHFACE_s17_session2_natural,0,136,4.533333333333333,-0.5205626487731934,0.0016732860886061749
COHFACE_s17_session2_natural,0,137,4.566666666666666,-0.7349827289581299,0.019775720046879677
COHFACE_s17_session2_natural,0,138,4.6,-0.8606561422348022,0.05167405902936224
COHFACE_s17_session2_natural,0,139,4.633333333333334,-0.919533908367157,0.08951986333173433
COHFACE_s17_session2_natural,0,140,4.666666666666667,-0.9322237968444824,0.12642459722403349
COHFACE_s17_session2_natural,0,141,4.7,-0.9361945390701294,0.15582537646325956
COHFACE_s17_session2_natural,0,142,4.733333333333333,-0.9680900573730469,0.17379988848130445
COHFACE_s17_session2_natural,0,143,4.766666666666667,-0.9614446759223938,0.18051050195427465
COHFACE_s17_session2_natural,0,144,4.8,-0.5029004812240601,0.17903640818241984
COHFACE_s17_session2_natural,0,145,4.833333333333333,0.6219035983085632,0.17244372362367277
COHFACE_s17_session2_natural,0,146,4.866666666666666,1.5977282524108887,0.16062516871962101
COHFACE_s17_session2_natural,0,147,4.9,1.8213977813720703,0.13877050136637903
COHFACE_s17_session2_natural,0,148,4.933333333333334,1.4943711757659912,0.09877810425481544
COHFACE_s17_session2_natural,0,149,4.966666666666667,0.9671107530593872,0.034014440542826485
COHFACE_s17_session2_natural,0,150,5.0,0.4236021339893341,-0.055381001992305716
COHFACE_s17_session2_natural,0,151,5.033333333333333,-0.05504317581653595,-0.16197054016680115
COHFACE_s17_session2_natural,0,152,5.066666666666666,-0.27992624044418335,-0.27450421225972027
COHFACE_s17_session2_natural,0,153,5.1,-0.13567163050174713,-0.3788437858153832
COHFACE_s17_session2_natural,0,154,5.133333333333334,0.1734689325094223,-0.45721262462158685
COHFACE_s17_session2_natural,0,155,5.166666666666667,0.33482009172439575,-0.4937837354582214
COHFACE_s17_session2_natural,0,156,5.2,0.24760515987873077,-0.48437012552679753
COHFACE_s17_session2_natural,0,157,5.233333333333333,-0.002080306177958846,-0.438193714168016
COHFACE_s17_session2_natural,0,158,5.266666666666667,-0.3098069429397583,-0.3695274002472544
COHFACE_s17_session2_natural,0,159,5.3,-0.6026167869567871,-0.28747395987495666
COHFACE_s17_session2_natural,0,160,5.333333333333333,-0.8340745568275452,-0.19066408900030277
COHFACE_s17_session2_natural,0,161,5.366666666666666,-0.9931517243385315,-0.0704528536603654
COHFACE_s17_session2_natural,0,162,5.4,-1.0762426853179932,0.07928391822872566
COHFACE_s17_session2_natural,0,163,5.433333333333334,-1.0972628593444824,0.2526691120674389
COHFACE_s17_session2_natural,0,164,5.466666666666667,-1.074652075767517,0.4283562070278102
COHFACE_s17_session2_natural,0,165,5.5,-1.0428036451339722,0.5751640978667294
COHFACE_s17_session2_natural,0,166,5.533333333333333,-1.0228321552276611,0.6633357186474355
COHFACE_s17_session2_natural,0,167,5.566666666666666,-1.0567896366119385,0.6722560547277294
COHFACE_s17_session2_natural,0,168,5.6,-1.1315621137619019,0.5924033949661569
COHFACE_s17_session2_natural,0,169,5.633333333333334,-0.9609026908874512,0.42660067619798175
COHFACE_s17_session2_natural,0,170,5.666666666666667,0.030298329889774323,0.19312055462110703
COHFACE_s17_session2_natural,0,171,5.7,1.297613263130188,-0.07023602864456358
COHFACE_s17_session2_natural,0,172,5.733333333333333,1.829209566116333,-0.3062617406245868
COHFACE_s17_session2_natural,0,173,5.766666666666667,1.6247694492340088,-0.45065359049615156
COHFACE_s17_session2_natural,0,174,5.8,1.0994884967803955,-0.4551187684107441
COHFACE_s17_session2_natural,0,175,5.833333333333333,0.4895258843898773,-0.3103538495108748
COHFACE_s17_session2_natural,0,176,5.866666666666666,-0.08649098128080368,-0.0578933423530239
COHFACE_s17_session2_natural,0,177,5.9,-0.4284932613372803,0.21779415347378486
COHFACE_s17_session2_natural,0,178,5.933333333333334,-0.3243584930896759,0.41562113944750556
COHFACE_s17_session2_natural,0,179,5.966666666666667,0.07568497955799103,0.45137371951905975
COHFACE_s17_session2_natural,0,180,6.0,0.3751755654811859,0.2886630860121247
COHFACE_s17_session2_natural,0,181,6.033333333333333,0.38566210865974426,-0.03935393952143468
COHFACE_s17_session2_natural,0,182,6.066666666666666,0.17593149840831757,-0.43035556238735123
COHFACE_s17_session2_natural,0,183,6.1,-0.12821324169635773,-0.7512358747144781
COHFACE_s17_session2_natural,0,184,6.133333333333334,-0.44213753938674927,-0.8975336196219711
COHFACE_s17_session2_natural,0,185,6.166666666666667,-0.7071757316589355,-0.827781960259405
COHFACE_s17_session2_natural,0,186,6.2,-0.8761031627655029,-0.5608633730912574
COHFACE_s17_session2_natural,0,187,6.233333333333333,-0.9536092281341553,-0.1608777791457968
COHFACE_s17_session2_natural,0,188,6.266666666666667,-0.9672888517379761,0.2799086551518808
COHFACE_s17_session2_natural,0,189,6.3,-0.9521010518074036,0.6661298008604685
COHFACE_s17_session2_natural,0,190,6.333333333333333,-0.9156692028045654,0.9269744969437735
COHFACE_s17_session2_natural,0,191,6.366666666666666,-0.8955327272415161,1.0300150345751475
COHFACE_s17_session2_natural,0,192,6.4,-0.9294077157974243,0.9779547415696033
COHFACE_s17_session2_natural,0,193,6.433333333333334,-0.9540923237800598,0.7986208760116505
COHFACE_s17_session2_natural,0,194,6.466666666666667,-0.6089794039726257,0.5347638721100936
COHFACE_s17_session2_natural,0,195,6.5,0.34442293643951416,0.2348185715754847
COHFACE_s17_session2_natural,0,196,6.533333333333333,1.1856311559677124,-0.055244646451841024
COHFACE_s17_session2_natural,0,197,6.566666666666666,1.3637490272521973,-0.2994579502976128
COHFACE_s17_session2_natural,0,198,6.6,1.0548794269561768,-0.47815017404864296
COHFACE_s17_session2_natural,0,199,6.633333333333334,0.5334868431091309,-0.5911055947467005
COHFACE_s17_session2_natural,0,200,6.666666666666667,-0.09542220830917358,-0.6553046303567631
COHFACE_s17_session2_natural,0,201,6.7,-0.6713683605194092,-0.6951914930242741
COHFACE_s17_session2_natural,0,202,6.733333333333333,-0.8421220779418945,-0.7287010415039052
COHFACE_s17_session2_natural,0,203,6.766666666666667,-0.5117610096931458,-0.7570050645464869
COHFACE_s17_session2_natural,0,204,6.8,-0.02485610730946064,-0.763242308647428
COHFACE_s17_session2_natural,0,205,6.833333333333333,0.2370832860469818,-0.7215839812717667
COHFACE_s17_session2_natural,0,206,6.866666666666666,0.19943781197071075,-0.6110143389264117
COHFACE_s17_session2_natural,0,207,6.9,-0.025563064962625504,-0.42263680456290753
COHFACE_s17_session2_natural,0,208,6.933333333333334,-0.3281053602695465,-0.16016139359108156
COHFACE_s17_session2_natural,0,209,6.966666666666667,-0.6225411891937256,0.1561958880747249
COHFACE_s17_session2_natural,0,210,7.0,-0.8469765186309814,0.484807926757348
COHFACE_s17_session2_natural,0,211,7.033333333333333,-0.9781877398490906,0.7711845635714152
COHFACE_s17_session2_natural,0,212,7.066666666666666,-1.031339168548584,0.9687527226590735
COHFACE_s17_session2_natural,0,213,7.1,-1.038986086845398,1.0549502727763223
COHFACE_s17_session2_natural,0,214,7.133333333333334,-1.0223489999771118,1.0341014917730735
COHFACE_s17_session2_natural,0,215,7.166666666666667,-1.0063953399658203,0.9289545741080397
COHFACE_s17_session2_natural,0,216,7.2,-0.9466928243637085,0.7669878655579949
COHFACE_s17_session2_natural,0,217,7.233333333333333,-0.45922234654426575,0.570236588515557
COHFACE_s17_session2_natural,0,218,7.266666666666667,0.6347702145576477,0.3520768190381211
COHFACE_s17_session2_natural,0,219,7.3,1.4963388442993164,0.11847267153864192
COHFACE_s17_session2_natural,0,220,7.333333333333333,1.6313204765319824,-0.12736234006379502
COHFACE_s17_session2_natural,0,221,7.366666666666666,1.2785371541976929,-0.37623316028372467
COHFACE_s17_session2_natural,0,222,7.4,0.7219380140304565,-0.6050500621172378
COHFACE_s17_session2_natural,0,223,7.433333333333334,0.08889329433441162,-0.7790288989423612
COHFACE_s17_session2_natural,0,224,7.466666666666667,-0.4722892642021179,-0.8639116092547057
COHFACE_s17_session2_natural,0,225,7.5,-0.678897500038147,-0.8386669153662102
COHFACE_s17_session2_natural,0,226,7.533333333333333,-0.4149314761161804,-0.7027494609716297
COHFACE_s17_session2_natural,0,227,7.566666666666666,0.042493339627981186,-0.4769343856561624
COHFACE_s17_session2_natural,0,228,7.6,0.31504887342453003,-0.1993312571918212
COHFACE_s17_session2_natural,0,229,7.633333333333334,0.2978226840496063,0.07982376103779001
COHFACE_s17_session2_natural,0,230,7.666666666666667,0.0866781622171402,0.30538451078653017
COHFACE_s17_session2_natural,0,231,7.7,-0.20979608595371246,0.43119005760408563
COHFACE_s17_session2_natural,0,232,7.733333333333333,-0.503925621509552,0.4368136862283632
COHFACE_s17_session2_natural,0,233,7.766666666666667,-0.7346764206886292,0.3354255072068263
COHFACE_s17_session2_natural,0,234,7.8,-0.885364294052124,0.1684536904388131
COHFACE_s17_session2_natural,0,235,7.833333333333333,-0.9586168527603149,-0.008810304583838267
COHFACE_s17_session2_natural,0,236,7.866666666666666,-0.9807446002960205,-0.14467613051847264
COHFACE_s17_session2_natural,0,237,7.9,-0.967229962348938,-0.20502189510278582
COHFACE_s17_session2_natural,0,238,7.933333333333334,-0.9469402432441711,-0.1799761372543643
COHFACE_s17_session2_natural,0,239,7.966666666666667,-0.9200876951217651,-0.08286412144215409
COHFACE_s17_session2_natural,0,240,8.0,-0.4995070993900299,0.056656108312171514
COHFACE_s17_session2_natural,0,241,8.033333333333333,0.7771042585372925,0.20153797332247125
COHFACE_s17_session2_natural,0,242,8.066666666666666,2.0122525691986084,0.3153667083367161
COHFACE_s17_session2_natural,0,243,8.1,2.4269771575927734,0.36772504342886453
COHFACE_s17_session2_natural,0,244,8.133333333333333,2.192502975463867,0.3380523860463891
COHFACE_s17_session2_natural,0,245,8.166666666666666,1.6609537601470947,0.22138947871365042
COHFACE_s17_session2_natural,0,246,8.2,1.0849251747131348,0.033772016359797916
COHFACE_s17_session2_natural,0,247,8.233333333333333,0.6006006002426147,-0.19013193196604752
COHFACE_s17_session2_natural,0,248,8.266666666666667,0.278452068567276,-0.4067182388536775
COHFACE_s17_session2_natural,0,249,8.3,0.25810348987579346,-0.5722596312773042
COHFACE_s17_session2_natural,0,250,8.333333333333334,0.4930017590522766,-0.64870440871833
COHFACE_s17_session2_natural,0,251,8.366666666666667,0.7286776900291443,-0.6107010634822637
COHFACE_s17_session2_natural,0,252,8.4,0.7459392547607422,-0.45446328171205613
COHFACE_s17_session2_natural,0,253,8.433333333333334,0.5441265106201172,-0.20491383018184953
COHFACE_s17_session2_natural,0,254,8.466666666666667,0.22856445610523224,0.08507742185133517
COHFACE_s17_session2_natural,0,255,8.5,-0.10608547925949097,0.35048634516130284
COHFACE_s17_session2_natural,0,256,8.533333333333333,-0.39620888233184814,0.5389325754291189
COHFACE_s17_session2_natural,0,257,8.566666666666666,-0.5950523614883423,0.6265157210436418
COHFACE_s17_session2_natural,0,258,8.6,-0.7102510333061218,0.6169892211473874
COHFACE_s17_session2_natural,0,259,8.633333333333333,-0.7596437335014343,0.5286112981808884
COHFACE_s17_session2_natural,0,260,8.666666666666666,-0.7676795125007629,0.379641825425858
COHFACE_s17_session2_natural,0,261,8.7,-0.7626011967658997,0.18713281358002629
COHFACE_s17_session2_natural,0,262,8.733333333333333,-0.7781071066856384,-0.02233321223492903
COHFACE_s17_session2_natural,0,263,8.766666666666667,-0.806232213973999,-0.2068040012587931
COHFACE_s17_session2_natural,0,264,8.8,-0.46306347846984863,-0.31608365525674686
COHFACE_s17_session2_natural,0,265,8.833333333333334,0.7136902213096619,-0.30877074633763857
COHFACE_s17_session2_natural,0,266,8.866666666666667,1.9445260763168335,-0.17196656120583198
COHFACE_s17_session2_natural,0,267,8.9,2.405273675918579,0.06623226265197601
COHFACE_s17_session2_natural,0,268,8.933333333333334,2.1878135204315186,0.3384308481590361
COHFACE_s17_session2_natural,0,269,8.966666666666667,1.6798884868621826,0.5562350127332252
COHFACE_s17_session2_natural,0,270,9.0,1.1570701599121094,0.6402921427428748
COHFACE_s17_session2_natural,0,271,9.033333333333333,0.7263565063476562,0.5506392581070249
COHFACE_s17_session2_natural,0,272,9.066666666666666,0.40956902503967285,0.30433033831887824
COHFACE_s17_session2_natural,0,273,9.1,0.32448676228523254,-0.03150034025308239
COHFACE_s17_session2_natural,0,274,9.133333333333333,0.4840587377548218,-0.3684604595239328
COHFACE_s17_session2_natural,0,275,9.166666666666666,0.6636140942573547,-0.6309364642877447
COHFACE_s17_session2_natural,0,276,9.2,0.6582765579223633,-0.7809540453852989
COHFACE_s17_session2_natural,0,277,9.233333333333333,0.45810163021087646,-0.824786599337825
COHFACE_s17_session2_natural,0,278,9.266666666666667,0.1551705151796341,-0.8001662759803485
COHFACE_s17_session2_natural,0,279,9.3,-0.16695448756217957,-0.7509498076435991
COHFACE_s17_session2_natural,0,280,9.333333333333334,-0.44483575224876404,-0.7025863285181401
COHFACE_s17_session2_natural,0,281,9.366666666666667,-0.6389544010162354,-0.655125129781303
COHFACE_s17_session2_natural,0,282,9.4,-0.7580766677856445,-0.5942518568921515
COHFACE_s17_session2_natural,0,283,9.433333333333334,-0.8129836916923523,-0.5047891707627102
COHFACE_s17_session2_natural,0,284,9.466666666666667,-0.8253200650215149,-0.3777297344742172
COHFACE_s17_session2_natural,0,285,9.5,-0.8232934474945068,-0.2107612179191318
COHFACE_s17_session2_natural,0,286,9.533333333333333,-0.8261566162109375,-0.005858807084498626
COHFACE_s17_session2_natural,0,287,9.566666666666666,-0.8472946882247925,0.230084228186817
COHFACE_s17_session2_natural,0,288,9.6,-0.9036391377449036,0.4817407818821544
COHFACE_s17_session2_natural,0,289,9.633333333333333,-0.9871190190315247,0.7252077408135875
COHFACE_s17_session2_natural,0,290,9.666666666666666,-1.100420594215393,0.9326378191619654
COHFACE_s17_session2_natural,0,291,9.7,-1.090558648109436,1.0777441084448058
COHFACE_s17_session2_natural,0,292,9.733333333333333,-0.2913435995578766,1.1406423154839993
COHFACE_s17_session2_natural,0,293,9.766666666666667,1.2097266912460327,1.113105505228855
COHFACE_s17_session2_natural,0,294,9.8,2.1920907497406006,1.0030154122920412
COHFACE_s17_session2_natural,0,295,9.833333333333334,2.2829582691192627,0.8346404555664935
COHFACE_s17_session2_natural,0,296,9.866666666666667,1.8711439371109009,0.6425796380966038
COHFACE_s17_session2_natural,0,297,9.9,1.3113635778427124,0.4591210311201378
COHFACE_s17_session2_natural,0,298,9.933333333333334,0.8073620200157166,0.3006604468677606
COHFACE_s17_session2_natural,0,299,9.966666666666667,0.41649720072746277,0.1634915433627209
COHFACE_s17_session2_natural,1,0,10.0,0.24067698419094086,-0.09021332372425586
COHFACE_s17_session2_natural,1,1,10.033333333333333,0.3482522964477539,-0.09877540479920648
COHFACE_s17_session2_natural,1,2,10.066666666666666,0.5760102868080139,-0.11953209373884804
COHFACE_s17_session2_natural,1,3,10.1,0.6767281293869019,-0.15810328511800087
COHFACE_s17_session2_natural,1,4,10.133333333333333,0.560421884059906,-0.2039988017176191
COHFACE_s17_session2_natural,1,5,10.166666666666666,0.2810324430465698,-0.23635234091625346
COHFACE_s17_session2_natural,1,6,10.2,-0.03864176943898201,-0.2370466330172568
COHFACE_s17_session2_natural,1,7,10.233333333333333,-0.32949569821357727,-0.19738255860824047
COHFACE_s17_session2_natural,1,8,10.266666666666667,-0.5589032769203186,-0.11583967632309507
COHFACE_s17_session2_natural,1,9,10.3,-0.7041711807250977,0.003656306666024482
COHFACE_s17_session2_natural,1,10,10.333333333333334,-0.7768699526786804,0.1491897189923024
COHFACE_s17_session2_natural,1,11,10.366666666666667,-0.805584192276001,0.2970823294599085
COHFACE_s17_session2_natural,1,12,10.4,-0.8077403903007507,0.4106827589651
COHFACE_s17_session2_natural,1,13,10.433333333333334,-0.8052071332931519,0.44521172800015896
COHFACE_s17_session2_natural,1,14,10.466666666666667,-0.8335561156272888,0.36097396523645847
COHFACE_s17_session2_natural,1,15,10.5,-0.8812639713287354,0.14506626603800613
COHFACE_s17_session2_natural,1,16,10.533333333333333,-0.9407426118850708,-0.1689872012129191
COHFACE_s17_session2_natural,1,17,10.566666666666666,-1.0230088233947754,-0.5025610779645534
COHFACE_s17_session2_natural,1,18,10.6,-1.114418387413025,-0.7579982237307628
COHFACE_s17_session2_natural,1,19,10.633333333333333,-1.2161023616790771,-0.856799482421914
COHFACE_s17_session2_natural,1,20,10.666666666666666,-1.201220989227295,-0.7716228212338204
COHFACE_s17_session2_natural,1,21,10.7,-0.4353860914707184,-0.5322313452231315
COHFACE_s17_session2_natural,1,22,10.733333333333333,1.0440276861190796,-0.20529222041571574
COHFACE_s17_session2_natural,1,23,10.766666666666667,2.036454200744629,0.1325741111238628
COHFACE_s17_session2_natural,1,24,10.8,2.1324234008789062,0.4154602718486667
COHFACE_s17_session2_natural,1,25,10.833333333333334,1.7054921388626099,0.5988383224343917
COHFACE_s17_session2_natural,1,26,10.866666666666667,1.1052855253219604,0.6624065881457882
COHFACE_s17_session2_natural,1,27,10.9,0.538659393787384,0.6119484505942926
COHFACE_s17_session2_natural,1,28,10.933333333333334,0.12207314372062683,0.4794339291094165
COHFACE_s17_session2_natural,1,29,10.966666666666667,-0.008384007029235363,0.3131814313682257
COHFACE_s17_session2_natural,1,30,11.0,0.20267803966999054,0.15950928213097687
COHFACE_s17_session2_natural,1,31,11.033333333333333,0.5241314172744751,0.04695177185051745
COHFACE_s17_session2_natural,1,32,11.066666666666666,0.6533514261245728,-0.020267870380098394
COHFACE_s17_session2_natural,1,33,11.1,0.5275955200195312,-0.05862286443605059
COHFACE_s17_session2_natural,1,34,11.133333333333333,0.2540266811847687,-0.09403204943037168
COHFACE_s17_session2_natural,1,35,11.166666666666666,-0.06578892469406128,-0.14823812542634401
COHFACE_s17_session2_natural,1,36,11.2,-0.3639127314090729,-0.22829543909414163
COHFACE_s17_session2_natural,1,37,11.233333333333333,-0.5811371207237244,-0.3237562710094723
COHFACE_s17_session2_natural,1,38,11.266666666666667,-0.704689621925354,-0.41226210865803015
COHFACE_s17_session2_natural,1,39,11.3,-0.7568748593330383,-0.47027380248298567
COHFACE_s17_session2_natural,1,40,11.333333333333334,-0.7533047199249268,-0.48304417395057486
COHFACE_s17_session2_natural,1,41,11.366666666666667,-0.7311062812805176,-0.44671276917084557
COHFACE_s17_session2_natural,1,42,11.4,-0.7085543274879456,-0.3633474241808602
COHFACE_s17_session2_natural,1,43,11.433333333333334,-0.7112996578216553,-0.2373276682846661
COHFACE_s17_session2_natural,1,44,11.466666666666667,-0.7478611469268799,-0.07600711237310068
COHFACE_s17_session2_natural,1,45,11.5,-0.8273584842681885,0.10864986815854312
COHFACE_s17_session2_natural,1,46,11.533333333333333,-0.9372313618659973,0.29925376211000954
COHFACE_s17_session2_natural,1,47,11.566666666666666,-1.05121648311615,0.47278497545287707
COHFACE_s17_session2_natural,1,48,11.6,-0.9806974530220032,0.6027086741713902
COHFACE_s17_session2_natural,1,49,11.633333333333333,-0.20895951986312866,0.6665052262641583
COHFACE_s17_session2_natural,1,50,11.666666666666666,0.9707280397415161,0.6548087152774197
COHFACE_s17_session2_natural,1,51,11.7,1.6058111190795898,0.5723369490189858
COHFACE_s17_session2_natural,1,52,11.733333333333333,1.5366235971450806,0.4307669641204796
COHFACE_s17_session2_natural,1,53,11.766666666666667,1.1003957986831665,0.24359087913075103
COHFACE_s17_session2_natural,1,54,11.8,0.5145875215530396,0.02705521709338988
COHFACE_s17_session2_natural,1,55,11.833333333333334,-0.11038613319396973,-0.1957529135437915
COHFACE_s17_session2_natural,1,56,11.866666666666667,-0.5327340960502625,-0.3924986497690485
COHFACE_s17_session2_natural,1,57,11.9,-0.471582293510437,-0.5262201191978754
COHFACE_s17_session2_natural,1,58,11.933333333333334,-0.045075081288814545,-0.5669776990209843
COHFACE_s17_session2_natural,1,59,11.966666666666667,0.33679959177970886,-0.5049702334238718
COHFACE_s17_session2_natural,1,60,12.0,0.44003888964653015,-0.3585414419699589
COHFACE_s17_session2_natural,1,61,12.033333333333333,0.2861107587814331,-0.17099466829236348
COHFACE_s17_session2_natural,1,62,12.066666666666666,-0.011954140849411488,0.0037706407931675304
COHFACE_s17_session2_natural,1,63,12.1,-0.3254896104335785,0.12054473747002972
COHFACE_s17_session2_natural,1,64,12.133333333333333,-0.5840238332748413,0.1588473942120282
COHFACE_s17_session2_natural,1,65,12.166666666666666,-0.7611401677131653,0.12737441434922214
COHFACE_s17_session2_natural,1,66,12.2,-0.853162407875061,0.05592839599980767
COHFACE_s17_session2_natural,1,67,12.233333333333333,-0.877069354057312,-0.018575649918106125
COHFACE_s17_session2_natural,1,68,12.266666666666667,-0.8576515913009644,-0.06465100658509255
COHFACE_s17_session2_natural,1,69,12.3,-0.8232227563858032,-0.06089362435848894
COHFACE_s17_session2_natural,1,70,12.333333333333334,-0.7903021574020386,0.005078697968251775
COHFACE_s17_session2_natural,1,71,12.366666666666667,-0.7918456792831421,0.13357510865875832
COHFACE_s17_session2_natural,1,72,12.4,-0.8619993925094604,0.3057246450854046
COHFACE_s17_session2_natural,1,73,12.433333333333334,-0.9117926955223083,0.48238807010168316
COHFACE_s17_session2_natural,1,74,12.466666666666667,-0.5364102721214294,0.6130279368162521
COHFACE_s17_session2_natural,1,75,12.5,0.5010139346122742,0.6511050297418524
COHFACE_s17_session2_natural,1,76,12.533333333333333,1.4320528507232666,0.5698897099006974
COHFACE_s17_session2_natural,1,77,12.566666666666666,1.6705448627471924,0.3711573832648194
COHFACE_s17_session2_natural,1,78,12.6,1.3871493339538574,0.08411215323003347
COHFACE_s17_session2_natural,1,79,12.633333333333333,0.8698099255561829,-0.2428019704000987
COHFACE_s17_session2_natural,1,80,12.666666666666666,0.26760026812553406,-0.553785184757965
COHFACE_s17_session2_natural,1,81,12.7,-0.2883743643760681,-0.7978137128917233
COHFACE_s17_session2_natural,1,82,12.733333333333333,-0.5191605091094971,-0.9383967784298287
COHFACE_s17_session2_natural,1,83,12.766666666666667,-0.29193273186683655,-0.9594370892529797
COHFACE_s17_session2_natural,1,84,12.8,0.13763798773288727,-0.8672785984534284
COHFACE_s17_session2_natural,1,85,12.833333333333334,0.40280580520629883,-0.6903229327034859
COHFACE_s17_session2_natural,1,86,12.866666666666667,0.3886431157588959,-0.47458883737944196
COHFACE_s17_session2_natural,1,87,12.9,0.1689208298921585,-0.27114147496996355
COHFACE_s17_session2_natural,1,88,12.933333333333334,-0.14715968072414398,-0.11813895965313731
COHFACE_s17_session2_natural,1,89,12.966666666666667,-0.4630281329154968,-0.026787123351793944
COHFACE_s17_session2_natural,1,90,13.0,-0.7105337977409363,0.02178877320784531
COHFACE_s17_session2_natural,1,91,13.033333333333333,-0.8594778776168823,0.06564547276665814
COHFACE_s17_session2_natural,1,92,13.066666666666666,-0.9285829663276672,0.14248331525342087
COHFACE_s17_session2_natural,1,93,13.1,-0.9457737803459167,0.2741276435428867
COHFACE_s17_session2_natural,1,94,13.133333333333333,-0.9157280921936035,0.4608935493558291
COHFACE_s17_session2_natural,1,95,13.166666666666666,-0.8674193620681763,0.6837511804177193
COHFACE_s17_session2_natural,1,96,13.2,-0.8353117108345032,0.909693021195738
COHFACE_s17_session2_natural,1,97,13.233333333333333,-0.854399561882019,1.0946136553926666
COHFACE_s17_session2_natural,1,98,13.266666666666667,-0.8994445204734802,1.1864270619437818
COHFACE_s17_session2_natural,1,99,13.3,-0.6135392785072327,1.13852783811308
COHFACE_s17_session2_natural,1,100,13.333333333333334,0.5340641736984253,0.9307320872912297
COHFACE_s17_session2_natural,1,101,13.366666666666667,1.8099215030670166,0.5821397472062418
COHFACE_s17_session2_natural,1,102,13.4,2.3348960876464844,0.1483808981951506
COHFACE_s17_session2_natural,1,103,13.433333333333334,2.168961524963379,-0.29443273409027776
COHFACE_s17_session2_natural,1,104,13.466666666666667,1.672524333000183,-0.6718001979561693
COHFACE_s17_session2_natural,1,105,13.5,1.1142991781234741,-0.9283987322570184
COHFACE_s17_session2_natural,1,106,13.533333333333333,0.6304460167884827,-1.0364208503082057
COHFACE_s17_session2_natural,1,107,13.566666666666666,0.27120575308799744,-0.9965341783913476
COHFACE_s17_session2_natural,1,108,13.6,0.18984676897525787,-0.8349616996742956
COHFACE_s17_session2_natural,1,109,13.633333333333333,0.4119255542755127,-0.6006305783135338
COHFACE_s17_session2_natural,1,110,13.666666666666666,0.6829375624656677,-0.3583386980994238
COHFACE_s17_session2_natural,1,111,13.7,0.7451969385147095,-0.1673773601375253
COHFACE_s17_session2_natural,1,112,13.733333333333333,0.5519384145736694,-0.054733106424498405
COHFACE_s17_session2_natural,1,113,13.766666666666667,0.21988065540790558,-0.00972145657315791
COHFACE_s17_session2_natural,1,114,13.8,-0.12658724188804626,-0.0027122548192191516
COHFACE_s17_session2_natural,1,115,13.833333333333334,-0.42262551188468933,-0.005779083103694085
COHFACE_s17_session2_natural,1,116,13.866666666666667,-0.6311896443367004,-0.002739020250451644
COHFACE_s17_session2_natural,1,117,13.9,-0.7551428079605103,0.011227287475055293
COHFACE_s17_session2_natural,1,118,13.933333333333334,-0.8071866035461426,0.03637918712636398
COHFACE_s17_session2_natural,1,119,13.966666666666667,-0.8140323162078857,0.07513863137040311
COHFACE_s17_session2_natural,1,120,14.0,-0.803145170211792,0.13376570131699572
COHFACE_s17_session2_natural,1,121,14.033333333333333,-0.7887114882469177,0.2168422949434119
COHFACE_s17_session2_natural,1,122,14.066666666666666,-0.7932360172271729,0.3192124311724467
COHFACE_s17_session2_natural,1,123,14.1,-0.8327667117118835,0.4255564867852226
COHFACE_s17_session2_natural,1,124,14.133333333333333,-0.9245297312736511,0.5173034747429467
COHFACE_s17_session2_natural,1,125,14.166666666666666,-1.0435105562210083,0.5762459035381329
COHFACE_s17_session2_natural,1,126,14.2,-0.8842331767082214,0.5835895662695599
COHFACE_s17_session2_natural,1,127,14.233333333333333,0.21202164888381958,0.5227896340367055
COHFACE_s17_session2_natural,1,128,14.266666666666667,1.687229037284851,0.3869860169367358
COHFACE_s17_session2_natural,1,129,14.3,2.4387481212615967,0.18390667838693772
COHFACE_s17_session2_natural,1,130,14.333333333333334,2.4035532474517822,-0.06431743821652774
COHFACE_s17_session2_natural,1,131,14.366666666666667,1.9689750671386719,-0.3238141322028729
COHFACE_s17_session2_natural,1,132,14.4,1.4171242713928223,-0.5537270320358293
COHFACE_s17_session2_natural,1,133,14.433333333333334,0.9420844912528992,-0.7149279997911311
COHFACE_s17_session2_natural,1,134,14.466666666666667,0.5755389928817749,-0.7796200443689867
COHFACE_s17_session2_natural,1,135,14.5,0.39090538024902344,-0.7344409511561227
COHFACE_s17_session2_natural,1,136,14.533333333333333,0.4781438708305359,-0.5796775316386595
COHFACE_s17_session2_natural,1,137,14.566666666666666,0.6797444820404053,-0.3361837356311241
COHFACE_s17_session2_natural,1,138,14.6,0.7583109736442566,-0.05456444676552719
COHFACE_s17_session2_natural,1,139,14.633333333333333,0.6198534369468689,0.19441042814903983
COHFACE_s17_session2_natural,1,140,14.666666666666666,0.3201507329940796,0.3473285286738605
COHFACE_s17_session2_natural,1,141,14.7,-0.029486676678061485,0.37070543347385815
COHFACE_s17_session2_natural,1,142,14.733333333333333,-0.34363484382629395,0.26926769056239835
COHFACE_s17_session2_natural,1,143,14.766666666666667,-0.5898562073707581,0.08611859971231119
COHFACE_s17_session2_natural,1,144,14.8,-0.747154176235199,-0.10594822512297408
COHFACE_s17_session2_natural,1,145,14.833333333333334,-0.8239415287971497,-0.22939970420877395
COHFACE_s17_session2_natural,1,146,14.866666666666667,-0.8503463864326477,-0.2346799358660988
COHFACE_s17_session2_natural,1,147,14.9,-0.8497689962387085,-0.1178328130524991
COHFACE_s17_session2_natural,1,148,14.933333333333334,-0.8497689962387085,0.08235442781469941
COHFACE_s17_session2_natural,1,149,14.966666666666667,-0.8667359948158264,0.2947160425336521
COHFACE_s17_session2_natural,1,150,15.0,-0.9159048199653625,0.43330305772847727
COHFACE_s17_session2_natural,1,151,15.033333333333333,-0.9905359745025635,0.4341807216227092
COHFACE_s17_session2_natural,1,152,15.066666666666666,-1.0719066858291626,0.29490261620434044
COHFACE_s17_session2_natural,1,153,15.1,-1.1551038026809692,0.07523361989972802
COHFACE_s17_session2_natural,1,154,15.133333333333333,-1.236839771270752,-0.14126146168505566
COHFACE_s17_session2_natural,1,155,15.166666666666666,-1.3281197547912598,-0.2840097997630302
COHFACE_s17_session2_natural,1,156,15.2,-1.2581428289413452,-0.31312073283924696
COHFACE_s17_session2_natural,1,157,15.233333333333333,-0.32514792680740356,-0.22767789856371176
COHFACE_s17_session2_natural,1,158,15.266666666666667,1.3195878267288208,-0.06514790971960936
COHFACE_s17_session2_natural,1,159,15.3,2.3588619232177734,0.11735586274392228
COHFACE_s17_session2_natural,1,160,15.333333333333334,2.469005823135376,0.2713272520932787
COHFACE_s17_session2_natural,1,161,15.366666666666667,2.0614569187164307,0.37001283682776004
COHFACE_s17_session2_natural,1,162,15.4,1.4816341400146484,0.40312709992077056
COHFACE_s17_session2_natural,1,163,15.433333333333334,0.9548686146736145,0.37156243838232395
COHFACE_s17_session2_natural,1,164,15.466666666666667,0.5421470403671265,0.2882311473293861
COHFACE_s17_session2_natural,1,165,15.5,0.3043031096458435,0.17713964825341075
COHFACE_s17_session2_natural,1,166,15.533333333333333,0.36445337533950806,0.06769417704596212
COHFACE_s17_session2_natural,1,167,15.566666666666666,0.6088955998420715,-0.012817496921662902
COHFACE_s17_session2_natural,1,168,15.6,0.76329505443573,-0.04693109369786503
COHFACE_s17_session2_natural,1,169,15.633333333333333,0.6814882755279541,-0.03473531901319811
COHFACE_s17_session2_natural,1,170,15.666666666666666,0.41111254692077637,0.0022880231811773545
COHFACE_s17_session2_natural,1,171,15.7,0.0620289221405983,0.028076360691156703
COHFACE_s17_session2_natural,1,172,15.733333333333333,-0.2698521018028259,0.007273288612696448
COHFACE_s17_session2_natural,1,173,15.766666666666667,-0.5395326614379883,-0.0817485463658571
COHFACE_s17_session2_natural,1,174,15.8,-0.717744767665863,-0.24011131777130504
COHFACE_s17_session2_natural,1,175,15.833333333333334,-0.8148099780082703,-0.44447710394285034
COHFACE_s17_session2_natural,1,176,15.866666666666667,-0.841780424118042,-0.6481726560746077
COHFACE_s17_session2_natural,1,177,15.9,-0.8361247181892395,-0.7947992885567567
COHFACE_s17_session2_natural,1,178,15.933333333333334,-0.8336739540100098,-0.8403003210759424
COHFACE_s17_session2_natural,1,179,15.966666666666667,-0.8530445694923401,-0.7686751261180533
COHFACE_s17_session2_natural,1,180,16.0,-0.8946961164474487,-0.5949558013587221
COHFACE_s17_session2_natural,1,181,16.033333333333335,-0.9650973081588745,-0.35881009659317625
COHFACE_s17_session2_natural,1,182,16.066666666666666,-1.0562829971313477,-0.11187060351366827
COHFACE_s17_session2_natural,1,183,16.1,-1.15255868434906,0.0990740610218131
COHFACE_s17_session2_natural,1,184,16.133333333333333,-1.2315611839294434,0.24691661052214048
COHFACE_s17_session2_natural,1,185,16.166666666666668,-1.288353443145752,0.3281887125840903
COHFACE_s17_session2_natural,1,186,16.2,-1.331030011177063,0.35670798477987886
COHFACE_s17_session2_natural,1,187,16.233333333333334,-1.3579415082931519,0.35658239636929173
COHFACE_s17_session2_natural,1,188,16.266666666666666,-1.3697948455810547,0.3578548577188272
COHFACE_s17_session2_natural,1,189,16.3,-1.3895307779312134,0.390954211487818
COHFACE_s17_session2_natural,1,190,16.333333333333332,-1.3006662130355835,0.47811918190474934
COHFACE_s17_session2_natural,1,191,16.366666666666667,-0.38540422916412354,0.6228485181627038
COHFACE_s17_session2_natural,1,192,16.4,1.2808582782745361,0.8004290540205609
COHFACE_s17_session2_natural,1,193,16.433333333333334,2.340740203857422,0.9541346753469416
COHFACE_s17_session2_natural,1,194,16.466666666666665,2.4461474418640137,1.005304832979674
COHFACE_s17_session2_natural,1,195,16.5,2.0204415321350098,0.8866162823870102
COHFACE_s17_session2_natural,1,196,16.533333333333335,1.3998863697052002,0.5834148066437396
COHFACE_s17_session2_natural,1,197,16.566666666666666,0.8022483587265015,0.14684604026650439
COHFACE_s17_session2_natural,1,198,16.6,0.33325302600860596,-0.3294223466801652
COHFACE_s17_session2_natural,1,199,16.633333333333333,0.09657555818557739,-0.7470014518318637
COHFACE_s17_session2_natural,1,200,16.666666666666668,0.23602284491062164,-1.03452067910266
COHFACE_s17_session2_natural,1,201,16.7,0.5918225646018982,-1.1589429612950384
COHFACE_s17_session2_natural,1,202,16.733333333333334,0.8191800117492676,-1.1189859127121518
COHFACE_s17_session2_natural,1,203,16.766666666666666,0.7680670022964478,-0.938678672316935
COHFACE_s17_session2_natural,1,204,16.8,0.5055738091468811,-0.6648844069589922
COHFACE_s17_session2_natural,1,205,16.833333333333332,0.1419975459575653,-0.3575005707960531
COHFACE_s17_session2_natural,1,206,16.866666666666667,-0.21858592331409454,-0.07138158120508359
COHFACE_s17_session2_natural,1,207,16.9,-0.5051981210708618,0.1598261253099383
COHFACE_s17_session2_natural,1,208,16.933333333333334,-0.6915991306304932,0.3293355313140885
COHFACE_s17_session2_natural,1,209,16.966666666666665,-0.7820896506309509,0.4474079019444998
COHFACE_s17_session2_natural,1,210,17.0,-0.803145170211792,0.5229218056168409
COHFACE_s17_session2_natural,1,211,17.033333333333335,-0.7760334014892578,0.5532246569896169
COHFACE_s17_session2_natural,1,212,17.066666666666666,-0.7387885451316833,0.5287362745173508
COHFACE_s17_session2_natural,1,213,17.1,-0.727712869644165,0.44672574614014665
COHFACE_s17_session2_natural,1,214,17.133333333333333,-0.7481321692466736,0.3233725790480712
COHFACE_s17_session2_natural,1,215,17.166666666666668,-0.7991390824317932,0.1908063201131747
COHFACE_s17_session2_natural,1,216,17.2,-0.8745478391647339,0.07978061419307877
COHFACE_s17_session2_natural,1,217,17.233333333333334,-0.9781523942947388,0.0025210315265854306
COHFACE_s17_session2_natural,1,218,17.266666666666666,-1.1053575277328491,-0.05264006321127494
COHFACE_s17_session2_natural,1,219,17.3,-1.2009499073028564,-0.10913502339667261
COHFACE_s17_session2_natural,1,220,17.333333333333332,-0.9290424585342407,-0.18139197088022463
COHFACE_s17_session2_natural,1,221,17.366666666666667,0.16348904371261597,-0.2665276763816359
COHFACE_s17_session2_natural,1,222,17.4,1.3616281747817993,-0.35194939070613296
COHFACE_s17_session2_natural,1,223,17.433333333333334,1.8076238632202148,-0.42394861872798156
COHFACE_s17_session2_natural,1,224,17.466666666666665,1.6170282363891602,-0.4704894437154832
COHFACE_s17_session2_natural,1,225,17.5,1.1217222213745117,-0.48133208055881616
COHFACE_s17_session2_natural,1,226,17.533333333333335,0.49421536922454834,-0.44915802315163966
COHFACE_s17_session2_natural,1,227,17.566666666666666,-0.14106807112693787,-0.37466055887962124
COHFACE_s17_session2_natural,1,228,17.6,-0.5492415428161621,-0.2716203696319844
COHFACE_s17_session2_natural,1,229,17.633333333333333,-0.46808287501335144,-0.16210490344504327
COHFACE_s17_session2_natural,1,230,17.666666666666668,-0.007464962545782328,-0.06323974737067639
COHFACE_s17_session2_natural,1,231,17.7,0.40783700346946716,0.021922576675282156
COHFACE_s17_session2_natural,1,232,17.733333333333334,0.5179219841957092,0.10332324494733032
COHFACE_s17_session2_natural,1,233,17.766666666666666,0.357042133808136,0.19446944889863277
COHFACE_s17_session2_natural,1,234,17.8,0.05287382751703262,0.3004078900563555
COHFACE_s17_session2_natural,1,235,17.833333333333332,-0.2856525778770447,0.41132135142382653
COHFACE_s17_session2_natural,1,236,17.866666666666667,-0.5876175165176392,0.5053795388391956
COHFACE_s17_session2_natural,1,237,17.9,-0.7943082451820374,0.5590189967874788
COHFACE_s17_session2_natural,1,238,17.933333333333334,-0.8966755867004395,0.5584649689504635
COHFACE_s17_session2_natural,1,239,17.966666666666665,-0.9217607975006104,0.5034762745291734
COHFACE_s17_session2_natural,1,240,18.0,-0.8906311392784119,0.4030319844581224
COHFACE_s17_session2_natural,1,241,18.033333333333335,-0.8384459018707275,0.2713166161296339
COHFACE_s17_session2_natural,1,242,18.066666666666666,-0.7840691208839417,0.12699811546473727
COHFACE_s17_session2_natural,1,243,18.1,-0.7572283148765564,-0.007363808084127949
COHFACE_s17_session2_natural,1,244,18.133333333333333,-0.780734658241272,-0.10833534605148241
COHFACE_s17_session2_natural,1,245,18.166666666666668,-0.8685387372970581,-0.15813526126441668
COHFACE_s17_session2_natural,1,246,18.2,-0.9539391398429871,-0.15198714588819526
COHFACE_s17_session2_natural,1,247,18.233333333333334,-0.6162139177322388,-0.10041491882035064
COHFACE_s17_session2_natural,1,248,18.266666666666666,0.551184356212616,-0.025786121736614945
COHFACE_s17_session2_natural,1,249,18.3,1.7040427923202515,0.04229815792588004
COHFACE_s17_session2_natural,1,250,18.333333333333332,2.0943775177001953,0.07253277326278212
COHFACE_s17_session2_natural,1,251,18.366666666666667,1.8860489130020142,0.0423402446525027
COHFACE_s17_session2_natural,1,252,18.4,1.3892349004745483,-0.04961773616174378
COHFACE_s17_session2_natural,1,253,18.433333333333334,0.7906542420387268,-0.1780746210706142
COHFACE_s17_session2_natural,1,254,18.466666666666665,0.21826644241809845,-0.2981886252546549
COHFACE_s17_session2_natural,1,255,18.5,-0.13188941776752472,-0.36477514261876043
COHFACE_s17_session2_natural,1,256,18.533333333333335,-0.03878316283226013,-0.3550596839078549
COHFACE_s17_session2_natural,1,257,18.566666666666666,0.3712873160839081,-0.2796725400138046
COHFACE_s17_session2_natural,1,258,18.6,0.704688310623169,-0.17628237024253535
COHFACE_s17_session2_natural,1,259,18.633333333333333,0.7516184449195862,-0.09123515816589728
COHFACE_s17_session2_natural,1,260,18.666666666666668,0.554742693901062,-0.05831072139647212
COHFACE_s17_session2_natural,1,261,18.7,0.22742153704166412,-0.08537713761653751
COHFACE_s17_session2_natural,1,262,18.733333333333334,-0.13065223395824432,-0.15437240240653663
COHFACE_s17_session2_natural,1,263,18.766666666666666,-0.42654913663864136,-0.23357378658766814
COHFACE_s17_session2_natural,1,264,18.8,-0.622199535369873,-0.2945612860891517
COHFACE_s17_session2_natural,1,265,18.833333333333332,-0.7168375253677368,-0.321611620708529
COHFACE_s17_session2_natural,1,266,18.866666666666667,-0.7287261486053467,-0.3106947510514639
COHFACE_s17_session2_natural,1,267,18.9,-0.6950867772102356,-0.26513944121452815
COHFACE_s17_session2_natural,1,268,18.933333333333334,-0.6336050629615784,-0.19211693661775614
COHFACE_s17_session2_natural,1,269,18.966666666666665,-0.5893731713294983,-0.10003266877276244
COHFACE_s17_session2_natural,1,270,19.0,-0.5878767371177673,0.0027120330462963443
COHFACE_s17_session2_natural,1,271,19.033333333333335,-0.6341353058815002,0.10676918141471471
COHFACE_s17_session2_natural,1,272,19.066666666666666,-0.7456931471824646,0.2008225359751406
COHFACE_s17_session2_natural,1,273,19.1,-0.8343219757080078,0.2749030067800162
COHFACE_s17_session2_natural,1,274,19.133333333333333,-0.3973989486694336,0.32627700853398917
COHFACE_s17_session2_natural,1,275,19.166666666666668,0.9443349838256836,0.36039323177268145
COHFACE_s17_session2_natural,1,276,19.2,2.2141830921173096,0.3864477166590059
COHFACE_s17_session2_natural,1,277,19.233333333333334,2.6729040145874023,0.41429708091429307
COHFACE_s17_session2_natural,1,278,19.266666666666666,2.4987921714782715,0.454829421049009
COHFACE_s17_session2_natural,1,279,19.3,2.014432430267334,0.5207280860271603
COHFACE_s17_session2_natural,1,280,19.333333333333332,1.4820348024368286,0.6234023399447909
COHFACE_s17_session2_natural,1,281,19.366666666666667,1.0453827381134033,0.7620609237013969
COHFACE_s17_session2_natural,1,282,19.4,0.7235286831855774,0.9103193656442288
COHFACE_s17_session2_natural,1,283,19.433333333333334,0.6603974103927612,1.013940797792073
COHFACE_s17_session2_natural,1,284,19.466666666666665,0.8434875011444092,1.0055209519827009
COHFACE_s17_session2_natural,1,285,19.5,1.038478136062622,0.8323542992378892
COHFACE_s17_session2_natural,1,286,19.533333333333335,1.0208748579025269,0.4851876252892089
COHFACE_s17_session2_natural,1,287,19.566666666666666,0.7812752723693848,0.009691976171679847
COHFACE_s17_session2_natural,1,288,19.6,0.4285508394241333,-0.5065700148219023
COHFACE_s17_session2_natural,1,289,19.633333333333333,0.07659223675727844,-0.9661628863269122
COHFACE_s17_session2_natural,1,290,19.666666666666668,-0.21059730648994446,-1.297000000273913
COHFACE_s17_session2_natural,1,291,19.7,-0.4056585431098938,-1.4683401156031743
COHFACE_s17_session2_natural,1,292,19.733333333333334,-0.49076440930366516,-1.484598287796051
COHFACE_s17_session2_natural,1,293,19.766666666666666,-0.5059168338775635,-1.3736680399060825
COHFACE_s17_session2_natural,1,294,19.8,-0.5054101943969727,-1.1778480789817825
COHFACE_s17_session2_natural,1,295,19.833333333333332,-0.5026295185089111,-0.9447955571634926
COHFACE_s17_session2_natural,1,296,19.866666666666667,-0.5166861414909363,-0.7175820999030741
COHFACE_s17_session2_natural,1,297,19.9,-0.5701674818992615,-0.5253471290396857
COHFACE_s17_session2_natural,1,298,19.933333333333334,-0.6508194804191589,-0.37722050831857457
COHFACE_s17_session2_natural,1,299,19.966666666666665,-0.7395308613777161,-0.2629292809414031
COHFACE_s17_session2_natural,2,0,20.0,-0.8293026089668274,-0.08770139091409818
COHFACE_s17_session2_natural,2,1,20.033333333333335,-0.9209360480308533,-0.2077642547053313
COHFACE_s17_session2_natural,2,2,20.066666666666666,-1.0070669651031494,-0.29124503403619123
COHFACE_s17_session2_natural,2,3,20.1,-1.0752882957458496,-0.31189167306939664
COHFACE_s17_session2_natural,2,4,20.133333333333333,-0.797937273979187,-0.2576455887706918
COHFACE_s17_session2_natural,2,5,20.166666666666668,0.4226595163345337,-0.13544782302440245
COHFACE_s17_session2_natural,2,6,20.2,1.907752513885498,0.029044474983553087
COHFACE_s17_session2_natural,2,7,20.233333333333334,2.6477127075195312,0.20021096276699227
COHFACE_s17_session2_natural,2,8,20.266666666666666,2.6287779808044434,0.3464072293316671
COHFACE_s17_session2_natural,2,9,20.3,2.202023506164551,0.4497876792572439
COHFACE_s17_session2_natural,2,10,20.333333333333332,1.7026053667068481,0.5080900831403342
COHFACE_s17_session2_natural,2,11,20.366666666666667,1.2900370359420776,0.5306478737283664
COHFACE_s17_session2_natural,2,12,20.4,0.9540674090385437,0.5315942444122838
COHFACE_s17_session2_natural,2,13,20.433333333333334,0.7840678095817566,0.5231524206037592
COHFACE_s17_session2_natural,2,14,20.466666666666665,0.8542568683624268,0.5112011991674461
COHFACE_s17_session2_natural,2,15,20.5,1.0017162561416626,0.49422448230681326
COHFACE_s17_session2_natural,2,16,20.533333333333335,1.0150660276412964,0.46531003941414545
COHFACE_s17_session2_natural,2,17,20.566666666666666,0.8230564594268799,0.4155828062691857
COHFACE_s17_session2_natural,2,18,20.6,0.4911872446537018,0.3376660971816763
COHFACE_s17_session2_natural,2,19,20.633333333333333,0.14682842791080475,0.22826089277954292
COHFACE_s17_session2_natural,2,20,20.666666666666668,-0.13406920433044434,0.08924266073979308
COHFACE_s17_session2_natural,2,21,20.7,-0.3355284035205841,-0.07294686462641355
COHFACE_s17_session2_natural,2,22,20.733333333333334,-0.4426913261413574,-0.2491429988009396
COHFACE_s17_session2_natural,2,23,20.766666666666666,-0.48125582933425903,-0.4294963824828051
COHFACE_s17_session2_natural,2,24,20.8,-0.49473515152931213,-0.6045219597559662
COHFACE_s17_session2_natural,2,25,20.833333333333332,-0.49862340092658997,-0.7641236142489543
COHFACE_s17_session2_natural,2,26,20.866666666666667,-0.5262182950973511,-0.8953184076963407
COHFACE_s17_session2_natural,2,27,20.9,-0.5829280614852905,-0.9809688479568652
COHFACE_s17_session2_natural,2,28,20.933333333333334,-0.6615887880325317,-1.001772523499599
COHFACE_s17_session2_natural,2,29,20.966666666666665,-0.7597969174385071,-0.9430333195839861
COHFACE_s17_session2_natural,2,30,21.0,-0.8589947819709778,-0.803440576119341
COHFACE_s17_session2_natural,2,31,21.033333333333335,-0.948825478553772,-0.5993611618378629
COHFACE_s17_session2_natural,2,32,21.066666666666666,-1.0193915367126465,-0.3616661924601284
COHFACE_s17_session2_natural,2,33,21.1,-1.0640124082565308,-0.12639114618676414
COHFACE_s17_session2_natural,2,34,21.133333333333333,-1.0805668830871582,0.07668735712737537
COHFACE_s17_session2_natural,2,35,21.166666666666668,-1.0862815380096436,0.231578451580914
COHFACE_s17_session2_natural,2,36,21.2,-1.0973453521728516,0.3372220011402591
COHFACE_s17_session2_natural,2,37,21.233333333333334,-1.131385326385498,0.40371028872681064
COHFACE_s17_session2_natural,2,38,21.266666666666666,-1.1626564264297485,0.4469047627072724
COHFACE_s17_session2_natural,2,39,21.3,-0.8050186038017273,0.485720343300163
COHFACE_s17_session2_natural,2,40,21.333333333333332,0.46448782086372375,0.5407599231059099
COHFACE_s17_session2_natural,2,41,21.366666666666667,1.9071398973464966,0.6279625047685984
COHFACE_s17_session2_natural,2,42,21.4,2.578195333480835,0.7479216183492801
COHFACE_s17_session2_natural,2,43,21.433333333333334,2.4995462894439697,0.8786322905107472
COHFACE_s17_session2_natural,2,44,21.466666666666665,2.0351109504699707,0.9775479617962516
COHFACE_s17_session2_natural,2,45,21.5,1.511785864830017,0.9953832728074746
COHFACE_s17_session2_natural,2,46,21.533333333333335,1.0983573198318481,0.8968367756937472
COHFACE_s17_session2_natural,2,47,21.566666666666666,0.771472156047821,0.67704903269237
COHFACE_s17_session2_natural,2,48,21.6,0.6548831462860107,0.36606377442134597
COHFACE_s17_session2_natural,2,49,21.633333333333333,0.7843623757362366,0.01873219186928136
COHFACE_s17_session2_natural,2,50,21.666666666666668,0.956529974937439,-0.3044916901853269
COHFACE_s17_session2_natural,2,51,21.7,0.9623741507530212,-0.553712377345962
COHFACE_s17_session2_natural,2,52,21.733333333333334,0.7462102174758911,-0.6978524001805946
COHFACE_s17_session2_natural,2,53,21.766666666666666,0.39539453387260437,-0.7282485844323119
COHFACE_s17_session2_natural,2,54,21.8,0.039052814245224,-0.6591218455706539
COHFACE_s17_session2_natural,2,55,21.833333333333332,-0.2477714717388153,-0.5240771740518467
COHFACE_s17_session2_natural,2,56,21.866666666666667,-0.4380371868610382,-0.3688942943223386
COHFACE_s17_session2_natural,2,57,21.9,-0.5359153747558594,-0.24206056830085135
COHFACE_s17_session2_natural,2,58,21.933333333333334,-0.5650656223297119,-0.18419942913137782
COHFACE_s17_session2_natural,2,59,21.966666666666665,-0.5575011372566223,-0.21732670706276525
COHFACE_s17_session2_natural,2,60,22.0,-0.557300865650177,-0.3380550932262484
COHFACE_s17_session2_natural,2,61,22.033333333333335,-0.5778497457504272,-0.52121252396023
COHFACE_s17_session2_natural,2,62,22.066666666666666,-0.6296107769012451,-0.7305541607390178
COHFACE_s17_session2_natural,2,63,22.1,-0.7111700773239136,-0.9243785863897733
COHFACE_s17_session2_natural,2,64,22.133333333333333,-0.8117111325263977,-1.0554385132072697
COHFACE_s17_session2_natural,2,65,22.166666666666668,-0.9191450476646423,-1.0760604754507432
COHFACE_s17_session2_natural,2,66,22.2,-1.0093291997909546,-0.9506215753467567
COHFACE_s17_session2_natural,2,67,22.233333333333334,-1.0686075687408447,-0.6678271968436525
COHFACE_s17_session2_natural,2,68,22.266666666666666,-1.1015281677246094,-0.24618630117912207
COHFACE_s17_session2_natural,2,69,22.3,-1.1198266744613647,0.2713790489234708
COHFACE_s17_session2_natural,2,70,22.333333333333332,-1.1224541664123535,0.8296226139709071
COHFACE_s17_session2_natural,2,71,22.366666666666667,-1.1314443349838257,1.3684844989059624
COHFACE_s17_session2_natural,2,72,22.4,-1.16514253616333,1.8233312230696406
COHFACE_s17_session2_natural,2,73,22.433333333333334,-1.2081255912780762,2.12438355781871
COHFACE_s17_session2_natural,2,74,22.466666666666665,-0.9965686798095703,2.203965328402839
COHFACE_s17_session2_natural,2,75,22.5,0.026292238384485245,2.0196052637042987
COHFACE_s17_session2_natural,2,76,22.533333333333335,1.4112801551818848,1.5825137614381204
COHFACE_s17_session2_natural,2,77,22.566666666666666,2.1460089683532715,0.9647613017636966
COHFACE_s17_session2_natural,2,78,22.6,2.1134417057037354,0.2782148276692105
COHFACE_s17_session2_natural,2,79,22.633333333333333,1.6655372381210327,-0.36007038907701
COHFACE_s17_session2_natural,2,80,22.666666666666668,1.0974501371383667,-0.8596696626198995
COHFACE_s17_session2_natural,2,81,22.7,0.5783904194831848,-1.1715488187383138
COHFACE_s17_session2_natural,2,82,22.733333333333334,0.1867479383945465,-1.2855164297567567
COHFACE_s17_session2_natural,2,83,22.766666666666666,0.10564817488193512,-1.223517149233788
COHFACE_s17_session2_natural,2,84,22.8,0.3788163959980011,-1.0340670775262144
COHFACE_s17_session2_natural,2,85,22.833333333333332,0.6963697671890259,-0.7838938786597675
COHFACE_s17_session2_natural,2,86,22.866666666666667,0.7900415658950806,-0.5447207595644177
COHFACE_s17_session2_natural,2,87,22.9,0.6155763268470764,-0.37610259800640555
COHFACE_s17_session2_natural,2,88,22.933333333333334,0.27211299538612366,-0.3095639823263772
COHFACE_s17_session2_natural,2,89,22.966666666666665,-0.10348152369260788,-0.34272393764819453
COHFACE_s17_session2_natural,2,90,23.0,-0.4076026976108551,-0.44485044433827176
COHFACE_s17_session2_natural,2,91,23.033333333333335,-0.6045962572097778,-0.5678441977241112
COHFACE_s17_session2_natural,2,92,23.066666666666666,-0.692400336265564,-0.6588525037296685
COHFACE_s17_session2_natural,2,93,23.1,-0.6863558888435364,-0.6736167086533915
COHFACE_s17_session2_natural,2,94,23.133333333333333,-0.6483098268508911,-0.5870018152504664
COHFACE_s17_session2_natural,2,95,23.166666666666668,-0.6198665499687195,-0.39502354423912267
COHFACE_s17_session2_natural,2,96,23.2,-0.612054705619812,-0.11055211437540398
COHFACE_s17_session2_natural,2,97,23.233333333333334,-0.6468016505241394,0.23806899119400232
COHFACE_s17_session2_natural,2,98,23.266666666666666,-0.7137858271598816,0.60541624413625
COHFACE_s17_session2_natural,2,99,23.3,-0.8054781556129456,0.933445800960272
COHFACE_s17_session2_natural,2,100,23.333333333333332,-0.9052415490150452,1.1644754232519503
COHFACE_s17_session2_natural,2,101,23.366666666666667,-1.007114052772522,1.2575313703400157
COHFACE_s17_session2_natural,2,102,23.4,-1.1041321754455566,1.20180771299428
COHFACE_s17_session2_natural,2,103,23.433333333333334,-1.180754542350769,1.0211506458471455
COHFACE_s17_session2_natural,2,104,23.466666666666665,-1.1127570867538452,0.7676470565047708
COHFACE_s17_session2_natural,2,105,23.5,-0.445424884557724,0.5069673908932288
COHFACE_s17_session2_natural,2,106,23.533333333333335,0.7374793291091919,0.2992600030838194
COHFACE_s17_session2_natural,2,107,23.566666666666666,1.5336544513702393,0.18001918503895764
COHFACE_s17_session2_natural,2,108,23.6,1.6198443174362183,0.14788157498906285
COHFACE_s17_session2_natural,2,109,23.633333333333333,1.2632315158843994,0.16749705491694591
COHFACE_s17_session2_natural,2,110,23.666666666666668,0.7156343460083008,0.18579613495195496
COHFACE_s17_session2_natural,2,111,23.7,0.09734142571687698,0.1505584233205594
COHFACE_s17_session2_natural,2,112,23.733333333333334,-0.4325111508369446,0.0250521216140055
COHFACE_s17_session2_natural,2,113,23.766666666666666,-0.5689656734466553,-0.20149614076118771
COHFACE_s17_session2_natural,2,114,23.8,-0.2386752814054489,-0.5088277601280192
COHFACE_s17_session2_natural,2,115,23.833333333333332,0.2138715237379074,-0.8483123089518948
COHFACE_s17_session2_natural,2,116,23.866666666666667,0.41345730423927307,-1.1534110195975218
COHFACE_s17_session2_natural,2,117,23.9,0.31020620465278625,-1.355597958916566
COHFACE_s17_session2_natural,2,118,23.933333333333334,0.017938362434506416,-1.4024859728591552
COHFACE_s17_session2_natural,2,119,23.966666666666665,-0.3311217129230499,-1.274284205698451
COHFACE_s17_session2_natural,2,120,24.0,-0.6479681134223938,-0.9929143593074923
COHFACE_s17_session2_natural,2,121,24.033333333333335,-0.8694695234298706,-0.6173641960786059
COHFACE_s17_session2_natural,2,122,24.066666666666666,-0.9827830195426941,-0.2258888701849553
COHFACE_s17_session2_natural,2,123,24.1,-1.0058298110961914,0.10727028745743783
COHFACE_s17_session2_natural,2,124,24.133333333333333,-0.9816518425941467,0.3322152076127781
COHFACE_s17_session2_natural,2,125,24.166666666666668,-0.9239170551300049,0.43320061825508643
COHFACE_s17_session2_natural,2,126,24.2,-0.8777291774749756,0.4262610254262157
COHFACE_s17_session2_natural,2,127,24.233333333333334,-0.8687979578971863,0.34897311825905675
COHFACE_s17_session2_natural,2,128,24.266666666666666,-0.8903601169586182,0.24824300779168051
COHFACE_s17_session2_natural,2,129,24.3,-0.9541865587234497,0.17215074343872078
COHFACE_s17_session2_natural,2,130,24.333333333333332,-1.0608899593353271,0.16474349165980945
COHFACE_s17_session2_natural,2,131,24.366666666666667,-1.185667872428894,0.2562893327237378
COHFACE_s17_session2_natural,2,132,24.4,-1.1953649520874023,0.44977766481605036
COHFACE_s17_session2_natural,2,133,24.433333333333334,-0.5237557291984558,0.7129461270591656
COHFACE_s17_session2_natural,2,134,24.466666666666665,0.9107309579849243,0.982658296192887
COHFACE_s17_session2_natural,2,135,24.5,1.984386682510376,1.1841495020523893
COHFACE_s17_session2_natural,2,136,24.533333333333335,2.206618547439575,1.2572539849924342
COHFACE_s17_session2_natural,2,137,24.566666666666666,1.873724341392517,1.1729798212495102
COHFACE_s17_session2_natural,2,138,24.6,1.3117523193359375,0.9355294936903932
COHFACE_s17_session2_natural,2,139,24.633333333333333,0.7299973368644714,0.5773953104033884
COHFACE_s17_session2_natural,2,140,24.666666666666668,0.21976283192634583,0.1519019861629748
COHFACE_s17_session2_natural,2,141,24.7,-0.10336369276046753,-0.27688496765489967
COHFACE_s17_session2_natural,2,142,24.733333333333334,-0.03778164088726044,-0.6461004100505807
COHFACE_s17_session2_natural,2,143,24.766666666666666,0.30676567554473877,-0.9059864585857302
COHFACE_s17_session2_natural,2,144,24.8,0.5658065676689148,-1.0298300019352515
COHFACE_s17_session2_natural,2,145,24.833333333333332,0.5454933047294617,-1.0200115549495685
COHFACE_s17_session2_natural,2,146,24.866666666666667,0.27558887004852295,-0.9076643468961614
COHFACE_s17_session2_natural,2,147,24.9,-0.10332834720611572,-0.743396409224917
COHFACE_s17_session2_natural,2,148,24.933333333333334,-0.4698149263858795,-0.5817564538786876
COHFACE_s17_session2_natural,2,149,24.966666666666665,-0.7604920864105225,-0.4669270217065152
COHFACE_s17_session2_natural,2,150,25.0,-0.941178560256958,-0.4234518641229348
COHFACE_s17_session2_natural,2,151,25.033333333333335,-1.0161631107330322,-0.4515753060904838
COHFACE_s17_session2_natural,2,152,25.066666666666666,-1.0230560302734375,-0.527924331863027
COHFACE_s17_session2_natural,2,153,25.1,-0.9884033203125,-0.6133976140087208
COHFACE_s17_session2_natural,2,154,25.133333333333333,-0.9418737292289734,-0.6655151815420689
COHFACE_s17_session2_natural,2,155,25.166666666666668,-0.9250363707542419,-0.6483841375043734
COHFACE_s17_session2_natural,2,156,25.2,-0.9458091259002686,-0.5377646071012586
COHFACE_s17_session2_natural,2,157,25.233333333333334,-0.9984892010688782,-0.3233991378167686
COHFACE_s17_session2_natural,2,158,25.266666666666666,-1.0794358253479004,-0.009938830128728137
COHFACE_s17_session2_natural,2,159,25.3,-1.16690993309021,0.3835668857050962
COHFACE_s17_session2_natural,2,160,25.333333333333332,-1.2489994764328003,0.8242941629791108
COHFACE_s17_session2_natural,2,161,25.366666666666667,-1.3336340188980103,1.264122963059956
COHFACE_s17_session2_natural,2,162,25.4,-1.3999937772750854,1.6389638539605615
COHFACE_s17_session2_natural,2,163,25.433333333333334,-1.1246575117111206,1.8763113583333442
COHFACE_s17_session2_natural,2,164,25.466666666666665,0.21685253083705902,1.9126538639493986
COHFACE_s17_session2_natural,2,165,25.5,1.8716270923614502,1.7157413329862443
COHFACE_s17_session2_natural,2,166,25.533333333333335,2.6301095485687256,1.3019416319570705
COHFACE_s17_session2_natural,2,167,25.566666666666666,2.5724570751190186,0.7362637229858001
COHFACE_s17_session2_natural,2,168,25.6,2.108457565307617,0.11374400503098515
COHFACE_s17_session2_natural,2,169,25.633333333333333,1.510784387588501,-0.46757636789469526
COHFACE_s17_session2_natural,2,170,25.666666666666668,1.0015395879745483,-0.9307771659189522
COHFACE_s17_session2_natural,2,171,25.7,0.6060324311256409,-1.231314695512837
COHFACE_s17_session2_natural,2,172,25.733333333333334,0.368718683719635,-1.3553812534798348
COHFACE_s17_session2_natural,2,173,25.766666666666666,0.4121376574039459,-1.3147717917877468
COHFACE_s17_session2_natural,2,174,25.8,0.6151875257492065,-1.1425323902405988
COHFACE_s17_session2_natural,2,175,25.833333333333332,0.7248247861862183,-0.8874090881730746
COHFACE_s17_session2_natural,2,176,25.866666666666667,0.6094847321510315,-0.6053837412065979
COHFACE_s17_session2_natural,2,177,25.9,0.2929918169975281,-0.347692494488271
COHFACE_s17_session2_natural,2,178,25.933333333333334,-0.0930185541510582,-0.14885196019996302
COHFACE_s17_session2_natural,2,179,25.966666666666665,-0.45016151666641235,-0.021752723266609472
COHFACE_s17_session2_natural,2,180,26.0,-0.732449471950531,0.03909785472610605
COHFACE_s17_session2_natural,2,181,26.033333333333335,-0.9170359969139099,0.05121909259367668
COHFACE_s17_session2_natural,2,182,26.066666666666666,-0.9942356944084167,0.0377704715507198
COHFACE_s17_session2_natural,2,183,26.1,-0.9967454075813293,0.021581789808434147
COHFACE_s17_session2_natural,2,184,26.133333333333333,-0.972614586353302,0.01981689401553702
COHFACE_s17_session2_natural,2,185,26.166666666666668,-0.9543161988258362,0.03948851622323205
COHFACE_s17_session2_natural,2,186,26.2,-0.9599483013153076,0.07555214266580179
COHFACE_s17_session2_natural,2,187,26.233333333333334,-1.001022458076477,0.11446074844515744
COHFACE_s17_session2_natural,2,188,26.266666666666666,-1.0693734884262085,0.14226826616851632
COHFACE_s17_session2_natural,2,189,26.3,-1.151851773262024,0.15268337317672354
COHFACE_s17_session2_natural,2,190,26.333333333333332,-1.2444632053375244,0.15109767220494327
COHFACE_s17_session2_natural,2,191,26.366666666666667,-1.3272596597671509,0.15213292079900004
COHFACE_s17_session2_natural,2,192,26.4,-1.3927828073501587,0.1726693447187641
COHFACE_s17_session2_natural,2,193,26.433333333333334,-1.4490212202072144,0.22620231721880435
COHFACE_s17_session2_natural,2,194,26.466666666666665,-1.507380485534668,0.3197566717658531
COHFACE_s17_session2_natural,2,195,26.5,-1.397872805595398,0.44985174001154704
COHFACE_s17_session2_natural,2,196,26.533333333333335,-0.38019630312919617,0.5980746810259562
COHFACE_s17_session2_natural,2,197,26.566666666666666,1.38690185546875,0.7309176576859946
COHFACE_s17_session2_natural,2,198,26.6,2.467733383178711,0.8059663072263011
COHFACE_s17_session2_natural,2,199,26.633333333333333,2.5842161178588867,0.783295349337061
COHFACE_s17_session2_natural,2,200,26.666666666666668,2.1888740062713623,0.6388709252258532
COHFACE_s17_session2_natural,2,201,26.7,1.592131495475769,0.3751978891363269
COHFACE_s17_session2_natural,2,202,26.733333333333334,1.0244921445846558,0.024684900611280727
COHFACE_s17_session2_natural,2,203,26.766666666666666,0.5756803750991821,-0.357609376589677
COHFACE_s17_session2_natural,2,204,26.8,0.27662575244903564,-0.7093663344695418
COHFACE_s17_session2_natural,2,205,26.833333333333332,0.2647724449634552,-0.9767018584140555
COHFACE_s17_session2_natural,2,206,26.866666666666667,0.489254891872406,-1.124537958368269
COHFACE_s17_session2_natural,2,207,26.9,0.67757648229599,-1.139324176356407
COHFACE_s17_session2_natural,2,208,26.933333333333334,0.6496634483337402,-1.026733498744443
COHFACE_s17_session2_natural,2,209,26.966666666666665,0.39541810750961304,-0.8109225603980249
COHFACE_s17_session2_natural,2,210,27.0,0.02099006064236164,-0.5350891520391755
COHFACE_s17_session2_natural,2,211,27.033333333333335,-0.3524129092693329,-0.2563246446264416
COHFACE_s17_session2_natural,2,212,27.066666666666666,-0.662166178226471,-0.03255461343240093
COHFACE_s17_session2_natural,2,213,27.1,-0.872780442237854,0.0948739151869285
COHFACE_s17_session2_natural,2,214,27.133333333333333,-0.9816871881484985,0.11584433231374067
COHFACE_s17_session2_natural,2,215,27.166666666666668,-1.0055705308914185,0.05418347401193523
COHFACE_s17_session2_natural,2,216,27.2,-0.9809802770614624,-0.04293636369759874
COHFACE_s17_session2_natural,2,217,27.233333333333334,-0.9441595673561096,-0.12215224415895785
COHFACE_s17_session2_natural,2,218,27.266666666666666,-0.926297128200531,-0.1397353262023619
COHFACE_s17_session2_natural,2,219,27.3,-0.9457030892372131,-0.06882159734169674
COHFACE_s17_session2_natural,2,220,27.333333333333332,-0.993493378162384,0.10056445671485766
COHFACE_s17_session2_natural,2,221,27.366666666666667,-1.0680184364318848,0.35946355130743696
COHFACE_s17_session2_natural,2,222,27.4,-1.1516042947769165,0.6752411555276625
COHFACE_s17_session2_natural,2,223,27.433333333333334,-1.2309602499008179,0.9923640384963757
COHFACE_s17_session2_natural,2,224,27.466666666666665,-1.3036707639694214,1.2429510655321525
COHFACE_s17_session2_natural,2,225,27.5,-1.3706550598144531,1.3659714246703314
COHFACE_s17_session2_natural,2,226,27.533333333333335,-1.4225102663040161,1.3277315847441666
COHFACE_s17_session2_natural,2,227,27.566666666666666,-1.1439809799194336,1.1315494809346982
COHFACE_s17_session2_natural,2,228,27.6,0.15103481709957123,0.8125495829633378
COHFACE_s17_session2_natural,2,229,27.633333333333333,1.77272367477417,0.4224201853283175
COHFACE_s17_session2_natural,2,230,27.666666666666668,2.5041768550872803,0.012914876947839644
COHFACE_s17_session2_natural,2,231,27.7,2.3927958011627197,-0.37131968402939164
COHFACE_s17_session2_natural,2,232,27.733333333333334,1.8925293684005737,-0.6916723810902193
COHFACE_s17_session2_natural,2,233,27.766666666666666,1.2768168449401855,-0.9183024343732182
COHFACE_s17_session2_natural,2,234,27.8,0.7119345664978027,-1.0381248111650083
COHFACE_s17_session2_natural,2,235,27.833333333333332,0.2721954882144928,-1.0583006362750165
COHFACE_s17_session2_natural,2,236,27.866666666666667,0.09829582273960114,-1.0020205210833566
COHFACE_s17_session2_natural,2,237,27.9,0.26807156205177307,-0.9008030601755953
COHFACE_s17_session2_natural,2,238,27.933333333333334,0.5605043768882751,-0.7862293297392253
COHFACE_s17_session2_natural,2,239,27.966666666666665,0.7018486857414246,-0.6821482769395649
COHFACE_s17_session2_natural,2,240,28.0,0.574537456035614,-0.599841305280176
COHFACE_s17_session2_natural,2,241,28.033333333333335,0.25026804208755493,-0.5396423932527042
COHFACE_s17_session2_natural,2,242,28.066666666666666,-0.1298392415046692,-0.4958256709474022
COHFACE_s17_session2_natural,2,243,28.1,-0.47313761711120605,-0.45585287382422174
COHFACE_s17_session2_natural,2,244,28.133333333333333,-0.7259219288825989,-0.3963774428401394
COHFACE_s17_session2_natural,2,245,28.166666666666668,-0.8769633173942566,-0.28895340174885603
COHFACE_s17_session2_natural,2,246,28.2,-0.9495206475257874,-0.1145604049148895
COHFACE_s17_session2_natural,2,247,28.233333333333334,-0.9464572072029114,0.1277654157555763
COHFACE_s17_session2_natural,2,248,28.266666666666666,-0.896392822265625,0.422455089842477
COHFACE_s17_session2_natural,2,249,28.3,-0.8454211950302124,0.7419167534575998
COHFACE_s17_session2_natural,2,250,28.333333333333332,-0.8260034918785095,1.0504674831421155
COHFACE_s17_session2_natural,2,251,28.366666666666667,-0.8484140038490295,1.308690712781959
COHFACE_s17_session2_natural,2,252,28.4,-0.9065729975700378,1.4778965544944143
COHFACE_s17_session2_natural,2,253,28.433333333333334,-0.9769859313964844,1.5229506465957123
COHFACE_s17_session2_natural,2,254,28.466666666666665,-1.0644601583480835,1.416697051285264
COHFACE_s17_session2_natural,2,255,28.5,-1.14637291431427,1.1529717191137918
COHFACE_s17_session2_natural,2,256,28.533333333333335,-1.221274971961975,0.7615901839978731
COHFACE_s17_session2_natural,2,257,28.566666666666666,-1.297909140586853,0.30660785577229377
COHFACE_s17_session2_natural,2,258,28.6,-1.1266133785247803,-0.1344807110327569
COHFACE_s17_session2_natural,2,259,28.633333333333333,-0.07265818864107132,-0.49572789657579747
COHFACE_s17_session2_natural,2,260,28.666666666666668,1.4156986474990845,-0.7398837189010302
COHFACE_s17_session2_natural,2,261,28.7,2.16593337059021,-0.8612865093480881
COHFACE_s17_session2_natural,2,262,28.733333333333334,2.100280523300171,-0.8764883878740991
COHFACE_s17_session2_natural,2,263,28.766666666666666,1.631591558456421,-0.8122470058831939
COHFACE_s17_session2_natural,2,264,28.8,1.01543128490448,-0.6974306893518277
COHFACE_s17_session2_natural,2,265,28.833333333333332,0.4053390622138977,-0.5607517911420834
COHFACE_s17_session2_natural,2,266,28.866666666666667,-0.09035568684339523,-0.43116162640707156
COHFACE_s17_session2_natural,2,267,28.9,-0.2429170310497284,-0.33380734492533604
COHFACE_s17_session2_natural,2,268,28.933333333333334,0.052744217216968536,-0.28230232684326273
COHFACE_s17_session2_natural,2,269,28.966666666666665,0.49033889174461365,-0.27584051936707943
COHFACE_s17_session2_natural,2,270,29.0,0.694013237953186,-0.3026125773822619
COHFACE_s17_session2_natural,2,271,29.033333333333335,0.5901965498924255,-0.3435605015113193
COHFACE_s17_session2_natural,2,272,29.066666666666666,0.29103589057922363,-0.3752733817626267
COHFACE_s17_session2_natural,2,273,29.1,-0.09279468655586243,-0.37580179968496336
COHFACE_s17_session2_natural,2,274,29.133333333333333,-0.44879472255706787,-0.33213050353440743
COHFACE_s17_session2_natural,2,275,29.166666666666668,-0.7016968727111816,-0.24314229163853066
COHFACE_s17_session2_natural,2,276,29.2,-0.835347056388855,-0.11716163262251247
COHFACE_s17_session2_natural,2,277,29.233333333333334,-0.8697405457496643,0.03141624648950865
COHFACE_s17_session2_natural,2,278,29.266666666666666,-0.8323189616203308,0.18458976742767913
COHFACE_s17_session2_natural,2,279,29.3,-0.7664541006088257,0.32360394552046107
COHFACE_s17_session2_natural,2,280,29.333333333333332,-0.713126003742218,0.4324571109163531
COHFACE_s17_session2_natural,2,281,29.366666666666667,-0.6880289912223816,0.5010699542987115
COHFACE_s17_session2_natural,2,282,29.4,-0.7073525190353394,0.5270929949204013
COHFACE_s17_session2_natural,2,283,29.433333333333334,-0.7738182544708252,0.5154839203374413
COHFACE_s17_session2_natural,2,284,29.466666666666665,-0.8919625878334045,0.47637387672927783
COHFACE_s17_session2_natural,2,285,29.5,-1.0025070905685425,0.4229805579896308
COHFACE_s17_session2_natural,2,286,29.533333333333335,-0.7894538044929504,0.3692702687505202
COHFACE_s17_session2_natural,2,287,29.566666666666666,0.15901164710521698,0.3252189938520812
COHFACE_s17_session2_natural,2,288,29.6,1.266648530960083,0.2913230058282305
COHFACE_s17_session2_natural,2,289,29.633333333333333,1.7222115993499756,0.25750392203124794
COHFACE_s17_session2_natural,2,290,29.666666666666668,1.5606837272644043,0.20817810258742814
COHFACE_s17_session2_natural,2,291,29.7,1.0958123207092285,0.1313507780169446
COHFACE_s17_session2_natural,2,292,29.733333333333334,0.49650120735168457,0.027109345683606765
COHFACE_s17_session2_natural,2,293,29.766666666666666,-0.12637515366077423,-0.09053214142897154
COHFACE_s17_session2_natural,2,294,29.8,-0.5468378663063049,-0.19917133066483844
COHFACE_s17_session2_natural,2,295,29.833333333333332,-0.49815210700035095,-0.27621651860475654
COHFACE_s17_session2_natural,2,296,29.866666666666667,-0.05380599945783615,-0.3060440693343899
COHFACE_s17_session2_natural,2,297,29.9,0.36807066202163696,-0.2842441571752804
COHFACE_s17_session2_natural,2,298,29.933333333333334,0.48795878887176514,-0.2183370502859371
COHFACE_s17_session2_natural,2,299,29.966666666666665,0.32565322518348694,-0.12558213830199055
COHFACE_s17_session2_natural,3,0,30.0,0.012860054150223732,0.06996955741516947
COHFACE_s17_session2_natural,3,1,30.033333333333335,-0.3299081027507782,0.28755291827180557
COHFACE_s17_session2_natural,3,2,30.066666666666666,-0.6347479820251465,0.47100111330628985
COHFACE_s17_session2_natural,3,3,30.1,-0.8329787850379944,0.6004395540375069
COHFACE_s17_session2_natural,3,4,30.133333333333333,-0.9255194664001465,0.6763697855614239
COHFACE_s17_session2_natural,3,5,30.166666666666668,-0.9441242218017578,0.7175891089515511
COHFACE_s17_session2_natural,3,6,30.2,-0.8966048955917358,0.7467189214922185
COHFACE_s17_session2_natural,3,7,30.233333333333334,-0.8205716609954834,0.7741180752604786
COHFACE_s17_session2_natural,3,8,30.266666666666666,-0.7581355571746826,0.7889159876755791
COHFACE_s17_session2_natural,3,9,30.3,-0.7529512047767639,0.7618018008575281
COHFACE_s17_session2_natural,3,10,30.333333333333332,-0.8166952133178711,0.6592426677804382
COHFACE_s17_session2_natural,3,11,30.366666666666667,-0.8269107341766357,0.4638085506511329
COHFACE_s17_session2_natural,3,12,30.4,-0.28869250416755676,0.19027857020498673
COHFACE_s17_session2_natural,3,13,30.433333333333334,0.9054287672042847,-0.11543101440345377
COHFACE_s17_session2_natural,3,14,30.466666666666665,1.816036581993103,-0.3946622475236631
COHFACE_s17_session2_natural,3,15,30.5,1.9824426174163818,-0.5989754212799054
COHFACE_s17_session2_natural,3,16,30.533333333333335,1.66696298122406,-0.7053134318282782
COHFACE_s17_session2_natural,3,17,30.566666666666666,1.1455349922180176,-0.7143512044659601
COHFACE_s17_session2_natural,3,18,30.6,0.5629433989524841,-0.6374895471868463
COHFACE_s17_session2_natural,3,19,30.633333333333333,0.02477228082716465,-0.4907192139960071
COHFACE_s17_session2_natural,3,20,30.666666666666668,-0.25737428665161133,-0.2984138304535202
COHFACE_s17_session2_natural,3,21,30.7,-0.08505350351333618,-0.0942454107718297
COHFACE_s17_session2_natural,3,22,30.733333333333334,0.33712950348854065,0.08547882143383241
COHFACE_s17_session2_natural,3,23,30.766666666666666,0.6144923567771912,0.21116140120729626
COHFACE_s17_session2_natural,3,24,30.8,0.5958876013755798,0.2675660269808194
COHFACE_s17_session2_natural,3,25,30.833333333333332,0.3516692519187927,0.25692081670780387
COHFACE_s17_session2_natural,3,26,30.866666666666667,-0.0013380011077970266,0.19580342343214963
COHFACE_s17_session2_natural,3,27,30.9,-0.3561362028121948,0.10573257536196462
COHFACE_s17_session2_natural,3,28,30.933333333333334,-0.6308479309082031,0.002248271333649845
COHFACE_s17_session2_natural,3,29,30.966666666666665,-0.7938722968101501,-0.10897757938691574
COHFACE_s17_session2_natural,3,30,31.0,-0.8595250248908997,-0.22724475143271156
COHFACE_s17_session2_natural,3,31,31.033333333333335,-0.8453858494758606,-0.3485679756750917
COHFACE_s17_session2_natural,3,32,31.066666666666666,-0.7797449231147766,-0.459768653988674
COHFACE_s17_session2_natural,3,33,31.1,-0.7066455483436584,-0.5394588796943295
COHFACE_s17_session2_natural,3,34,31.133333333333333,-0.6689882874488831,-0.565481442751953
COHFACE_s17_session2_natural,3,35,31.166666666666668,-0.6879111528396606,-0.5235026760006912
COHFACE_s17_session2_natural,3,36,31.2,-0.7699182033538818,-0.411629292397804
COHFACE_s17_session2_natural,3,37,31.233333333333334,-0.7657942771911621,-0.23736852781079365
COHFACE_s17_session2_natural,3,38,31.266666666666666,-0.08256737142801285,-0.010127294586102115
COHFACE_s17_session2_natural,3,39,31.3,1.317620038986206,0.26157456990039646
COHFACE_s17_session2_natural,3,40,31.333333333333332,2.3324451446533203,0.5656244987322765
COHFACE_s17_session2_natural,3,41,31.366666666666667,2.5399136543273926,0.8793540642229559
COHFACE_s17_session2_natural,3,42,31.4,2.246950626373291,1.1632087929117807
COHFACE_s17_session2_natural,3,43,31.433333333333334,1.7517625093460083,1.3558730607717564
COHFACE_s17_session2_natural,3,44,31.466666666666665,1.2757564783096313,1.3806177038403258
COHFACE_s17_session2_natural,3,45,31.5,0.8804731369018555,1.1786333799696604
COHFACE_s17_session2_natural,3,46,31.533333333333335,0.5990570783615112,0.7539799657883216
COHFACE_s17_session2_natural,3,47,31.566666666666666,0.5801460146903992,0.18703924013859788
COHFACE_s17_session2_natural,3,48,31.6,0.7651684880256653,-0.3941119623108935
COHFACE_s17_session2_natural,3,49,31.633333333333333,0.9087043404579163,-0.8596719800314813
COHFACE_s17_session2_natural,3,50,31.666666666666668,0.8431222438812256,-1.1196521296161674
COHFACE_s17_session2_natural,3,51,31.7,0.5700129270553589,-1.1470742008449184
COHFACE_s17_session2_natural,3,52,31.733333333333334,0.20525842905044556,-0.9780045136742122
COHFACE_s17_session2_natural,3,53,31.766666666666666,-0.1423523724079132,-0.6931183780227758
COHFACE_s17_session2_natural,3,54,31.8,-0.4082036018371582,-0.38850946867840824
COHFACE_s17_session2_natural,3,55,31.833333333333332,-0.5679641366004944,-0.14487949154117027
COHFACE_s17_session2_natural,3,56,31.866666666666667,-0.6391193866729736,-0.004671115058130169
COHFACE_s17_session2_natural,3,57,31.9,-0.645493745803833,0.03447380101094205
COHFACE_s17_session2_natural,3,58,31.933333333333334,-0.6225294470787048,0.008982372914948574
COHFACE_s17_session2_natural,3,59,31.966666666666665,-0.6103343963623047,-0.03215403536035755
COHFACE_s17_session2_natural,3,60,32.0,-0.6232246160507202,-0.050053732907310515
COHFACE_s17_session2_natural,3,61,32.03333333333333,-0.6681752800941467,-0.029140224107263135
COHFACE_s17_session2_natural,3,62,32.06666666666667,-0.743006706237793,0.023189326867318102
COHFACE_s17_session2_natural,3,63,32.1,-0.8266515135765076,0.08720081953281468
COHFACE_s17_session2_natural,3,64,32.13333333333333,-0.9113095998764038,0.14461928821207423
COHFACE_s17_session2_natural,3,65,32.166666666666664,-1.008987545967102,0.18632046362791765
COHFACE_s17_session2_natural,3,66,32.2,-1.1076669692993164,0.21150895078397694
COHFACE_s17_session2_natural,3,67,32.233333333333334,-0.9708825349807739,0.2232254678916977
COHFACE_s17_session2_natural,3,68,32.266666666666666,0.0510593019425869,0.2244524157484007
COHFACE_s17_session2_natural,3,69,32.3,1.5814918279647827,0.2173328601224781
COHFACE_s17_session2_natural,3,70,32.333333333333336,2.4673562049865723,0.2044353916804808
COHFACE_s17_session2_natural,3,71,32.36666666666667,2.559343099594116,0.18781652405516408
COHFACE_s17_session2_natural,3,72,32.4,2.231079339981079,0.16523257018252555
COHFACE_s17_session2_natural,3,73,32.43333333333333,1.7763056755065918,0.12672379226018501
COHFACE_s17_session2_natural,3,74,32.46666666666667,1.384486436843872,0.05640770760914518
COHFACE_s17_session2_natural,3,75,32.5,1.0496126413345337,-0.05549956115358593
COHFACE_s17_session2_natural,3,76,32.53333333333333,0.7890518307685852,-0.19696832529967265
COHFACE_s17_session2_natural,3,77,32.56666666666667,0.7412850856781006,-0.3312969830251349
COHFACE_s17_session2_natural,3,78,32.6,0.8635415434837341,-0.4114273459287617
COHFACE_s17_session2_natural,3,79,32.63333333333333,0.9289586544036865,-0.4022446715383333
COHFACE_s17_session2_natural,3,80,32.666666666666664,0.8099541664123535,-0.29779841302486043
COHFACE_s17_session2_natural,3,81,32.7,0.5298224687576294,-0.11970683134356352
COHFACE_s17_session2_natural,3,82,32.733333333333334,0.18553432822227478,0.09879550114026286
COHFACE_s17_session2_natural,3,83,32.766666666666666,-0.12483162432909012,0.32191697910795125
COHFACE_s17_session2_natural,3,84,32.8,-0.36560943722724915,0.5101835043220798
COHFACE_s17_session2_natural,3,85,32.833333333333336,-0.5167097449302673,0.6244382089918004
COHFACE_s17_session2_natural,3,86,32.86666666666667,-0.584000289440155,0.6369788010843582
COHFACE_s17_session2_natural,3,87,32.9,-0.5934970378875732,0.5377038323739545
COHFACE_s17_session2_natural,3,88,32.93333333333333,-0.5894674062728882,0.3323400050666808
COHFACE_s17_session2_natural,3,89,32.96666666666667,-0.6005194783210754,0.039707214000143584
COHFACE_s17_session2_natural,3,90,33.0,-0.6350661516189575,-0.3086411001793903
COHFACE_s17_session2_natural,3,91,33.03333333333333,-0.6987394094467163,-0.6676617242574293
COHFACE_s17_session2_natural,3,92,33.06666666666667,-0.7867202162742615,-0.9802708860551818
COHFACE_s17_session2_natural,3,93,33.1,-0.8791784048080444,-1.1853572275873687
COHFACE_s17_session2_natural,3,94,33.13333333333333,-0.9721079468727112,-1.2319464801595765
COHFACE_s17_session2_natural,3,95,33.166666666666664,-1.0523475408554077,-1.0941083483672454
COHFACE_s17_session2_natural,3,96,33.2,-1.1054400205612183,-0.7809956982220063
COHFACE_s17_session2_natural,3,97,33.233333333333334,-1.1373591423034668,-0.33732468849745034
COHFACE_s17_session2_natural,3,98,33.266666666666666,-1.1508973836898804,0.16709348172530938
COHFACE_s17_session2_natural,3,99,33.3,-1.163587212562561,0.6564277486727917
COHFACE_s17_session2_natural,3,100,33.333333333333336,-1.1917359828948975,1.06749274848772
COHFACE_s17_session2_natural,3,101,33.36666666666667,-1.1783509254455566,1.3543708520433646
COHFACE_s17_session2_natural,3,102,33.4,-0.6243557333946228,1.4819116774926027
COHFACE_s17_session2_natural,3,103,33.43333333333333,0.8106022477149963,1.4264367563451412
COHFACE_s17_session2_natural,3,104,33.46666666666667,2.1032614707946777,1.187082262765504
COHFACE_s17_session2_natural,3,105,33.5,2.5465943813323975,0.795176267017203
COHFACE_s17_session2_natural,3,106,33.53333333333333,2.371492862701416,0.31461336410889107
COHFACE_s17_session2_natural,3,107,33.56666666666667,1.935571312904358,-0.16641092798659574
COHFACE_s17_session2_natural,3,108,33.6,1.4799728393554688,-0.5534678410797913
COHFACE_s17_session2_natural,3,109,33.63333333333333,1.1041779518127441,-0.7756885259043043
COHFACE_s17_session2_natural,3,110,33.666666666666664,0.8050054907798767,-0.8147332670715801
COHFACE_s17_session2_natural,3,111,33.7,0.7004112005233765,-0.708584712001948
COHFACE_s17_session2_natural,3,112,33.733333333333334,0.8118512034416199,-0.5280762249668255
COHFACE_s17_session2_natural,3,113,33.766666666666666,0.9475634098052979,-0.3468430608288862
COHFACE_s17_session2_natural,3,114,33.8,0.9373478889465332,-0.2187469003024758
COHFACE_s17_session2_natural,3,115,33.833333333333336,0.729243278503418,-0.16705823606237444
COHFACE_s17_session2_natural,3,116,33.86666666666667,0.39264920353889465,-0.1850969668641516
COHFACE_s17_session2_natural,3,117,33.9,0.04576890915632248,-0.24408267098189002
COHFACE_s17_session2_natural,3,118,33.93333333333333,-0.23724958300590515,-0.30501299763278994
COHFACE_s17_session2_natural,3,119,33.96666666666667,-0.4325582683086395,-0.33308401181710856
COHFACE_s17_session2_natural,3,120,34.0,-0.5392734408378601,-0.31003786403511385
COHFACE_s17_session2_natural,3,121,34.03333333333333,-0.5768718123435974,-0.2374846758909656
COHFACE_s17_session2_natural,3,122,34.06666666666667,-0.5718759298324585,-0.13039873401151567
COHFACE_s17_session2_natural,3,123,34.1,-0.5662792325019836,-0.006255156031311576
COHFACE_s17_session2_natural,3,124,34.13333333333333,-0.582916259765625,0.12372354259792001
COHFACE_s17_session2_natural,3,125,34.166666666666664,-0.6313546299934387,0.25531573641183347
COHFACE_s17_session2_natural,3,126,34.2,-0.71021568775177,0.3843081008782589
COHFACE_s17_session2_natural,3,127,34.233333333333334,-0.8036754131317139,0.4980710028163384
COHFACE_s17_session2_natural,3,128,34.266666666666666,-0.8971469402313232,0.5724808303155449
COHFACE_s17_session2_natural,3,129,34.3,-0.9964625835418701,0.579643791900151
COHFACE_s17_session2_natural,3,130,34.333333333333336,-1.0728492736816406,0.5029838919549638
COHFACE_s17_session2_natural,3,131,34.36666666666667,-1.1177293062210083,0.3481203628398877
COHFACE_s17_session2_natural,3,132,34.4,-1.1425553560256958,0.14461608907926154
COHFACE_s17_session2_natural,3,133,34.43333333333333,-1.1511094570159912,-0.05860845058046415
COHFACE_s17_session2_natural,3,134,34.46666666666667,-1.1627153158187866,-0.20436454150479616
COHFACE_s17_session2_natural,3,135,34.5,-1.2011620998382568,-0.24764808559051185
COHFACE_s17_session2_natural,3,136,34.53333333333333,-1.1923015117645264,-0.17764069756335535
COHFACE_s17_session2_natural,3,137,34.56666666666667,-0.6542953848838806,-0.02431865873121978
COHFACE_s17_session2_natural,3,138,34.6,0.7427225708961487,0.15333585640035902
COHFACE_s17_session2_natural,3,139,34.63333333333333,1.9961575269699097,0.2859442956837931
COHFACE_s17_session2_natural,3,140,34.666666666666664,2.410210609436035,0.3139832396870679
COHFACE_s17_session2_natural,3,141,34.7,2.2060885429382324,0.21166917602956775
COHFACE_s17_session2_natural,3,142,34.733333333333334,1.7246860265731812,0.003554416808238257
COHFACE_s17_session2_natural,3,143,34.766666666666666,1.2155826091766357,-0.24759285713165086
COHFACE_s17_session2_natural,3,144,34.8,0.7834433317184448,-0.47592342032804485
COHFACE_s17_session2_natural,3,145,34.833333333333336,0.460187166929245,-0.6390893535420271
COHFACE_s17_session2_natural,3,146,34.86666666666667,0.4045378565788269,-0.7229577790918331
COHFACE_s17_session2_natural,3,147,34.9,0.599705159664154,-0.7324597934437982
COHFACE_s17_session2_natural,3,148,34.93333333333333,0.8026961088180542,-0.6787066290650787
COHFACE_s17_session2_natural,3,149,34.96666666666667,0.8088230490684509,-0.5717647469482009
COHFACE_s17_session2_natural,3,150,35.0,0.590797483921051,-0.421171243102058
COHFACE_s17_session2_natural,3,151,35.03333333333333,0.25174087285995483,-0.23866030556428583
COHFACE_s17_session2_natural,3,152,35.06666666666667,-0.09605847299098969,-0.03901949662632736
COHFACE_s17_session2_natural,3,153,35.1,-0.3852628469467163,0.1623512612528644
COHFACE_s17_session2_natural,3,154,35.13333333333333,-0.5887957811355591,0.3531743903515357
COHFACE_s17_session2_natural,3,155,35.166666666666664,-0.6973961591720581,0.5244478579627703
COHFACE_s17_session2_natural,3,156,35.2,-0.7314597368240356,0.6667790848265399
COHFACE_s17_session2_natural,3,157,35.233333333333334,-0.7199009656906128,0.7673890389050356
COHFACE_s17_session2_natural,3,158,35.266666666666666,-0.6936964392662048,0.8103731086642704
COHFACE_s17_session2_natural,3,159,35.3,-0.6800639629364014,0.7802165812704197
COHFACE_s17_session2_natural,3,160,35.333333333333336,-0.7037587761878967,0.6686235386907732
COHFACE_s17_session2_natural,3,161,35.36666666666667,-0.7658885717391968,0.4845800809189575
COHFACE_s17_session2_natural,3,162,35.4,-0.8546470403671265,0.2606432968797906
COHFACE_s17_session2_natural,3,163,35.43333333333333,-0.9435115456581116,0.043315941245299625
COHFACE_s17_session2_natural,3,164,35.46666666666667,-1.0254478454589844,-0.12794513890398865
COHFACE_s17_session2_natural,3,165,35.5,-1.0903464555740356,-0.2328842713490099
COHFACE_s17_session2_natural,3,166,35.53333333333333,-1.142967700958252,-0.26906443527073626
COHFACE_s17_session2_natural,3,167,35.56666666666667,-1.2042962312698364,-0.24869501214482773
COHFACE_s17_session2_natural,3,168,35.6,-1.256799578666687,-0.19713954212198642
COHFACE_s17_session2_natural,3,169,35.63333333333333,-1.1510387659072876,-0.1473071466671095
COHFACE_s17_session2_natural,3,170,35.666666666666664,-0.3710765838623047,-0.12906891186017025
COHFACE_s17_session2_natural,3,171,35.7,0.9396101236343384,-0.1583486351631939
COHFACE_s17_session2_natural,3,172,35.733333333333334,1.769624948501587,-0.23053347043757796
COHFACE_s17_session2_natural,3,173,35.766666666666666,1.848462462425232,-0.3218559970146752
COHFACE_s17_session2_natural,3,174,35.8,1.4855577945709229,-0.398755428344006
COHFACE_s17_session2_natural,3,175,35.833333333333336,0.937972366809845,-0.4315056879900607
COHFACE_s17_session2_natural,3,176,35.86666666666667,0.34525951743125916,-0.4058733384463591
COHFACE_s17_session2_natural,3,177,35.9,-0.1689693182706833,-0.3254179380822491
COHFACE_s17_session2_natural,3,178,35.93333333333333,-0.3600480258464813,-0.20525303092885078
COHFACE_s17_session2_natural,3,179,35.96666666666667,-0.10180839151144028,-0.06590691666134886
COHFACE_s17_session2_natural,3,180,36.0,0.3354092240333557,0.0695597392938951
COHFACE_s17_session2_natural,3,181,36.03333333333333,0.5774360299110413,0.17823968744016327
COHFACE_s17_session2_natural,3,182,36.06666666666667,0.5219987630844116,0.2406724176844439
COHFACE_s17_session2_natural,3,183,36.1,0.26177966594696045,0.24290506993838154
COHFACE_s17_session2_natural,3,184,36.13333333333333,-0.09116868674755096,0.1781307766908173
COHFACE_s17_session2_natural,3,185,36.166666666666664,-0.4248642325401306,0.05100478282990173
COHFACE_s17_session2_natural,3,186,36.2,-0.6739841103553772,-0.11719035957701829
COHFACE_s17_session2_natural,3,187,36.233333333333334,-0.8132193088531494,-0.2889101479144277
COHFACE_s17_session2_natural,3,188,36.266666666666666,-0.8571449518203735,-0.41764441911003775
COHFACE_s17_session2_natural,3,189,36.3,-0.8385990858078003,-0.4581105010127625
COHFACE_s17_session2_natural,3,190,36.333333333333336,-0.7924818992614746,-0.37673775595873715
COHFACE_s17_session2_natural,3,191,36.36666666666667,-0.7435840368270874,-0.1616388296907105
COHFACE_s17_session2_natural,3,192,36.4,-0.7151643633842468,0.16936912920528266
COHFACE_s17_session2_natural,3,193,36.43333333333333,-0.7301872372627258,0.5647964241592628
COHFACE_s17_session2_natural,3,194,36.46666666666667,-0.7949562668800354,0.9448113690500868
COHFACE_s17_session2_natural,3,195,36.5,-0.8952263593673706,1.2227436852317968
COHFACE_s17_session2_natural,3,196,36.53333333333333,-1.0091525316238403,1.3347510829839986
COHFACE_s17_session2_natural,3,197,36.56666666666667,-0.9845150113105774,1.2563510725352798
COHFACE_s17_session2_natural,3,198,36.6,-0.37748631834983826,0.9997309810963523
COHFACE_s17_session2_natural,3,199,36.63333333333333,0.7344040274620056,0.6021695085168768
COHFACE_s17_session2_natural,3,200,36.666666666666664,1.4890453815460205,0.11458932852337977
COHFACE_s17_session2_natural,3,201,36.7,1.5709935426712036,-0.4044474510290794
COHFACE_s17_session2_natural,3,202,36.733333333333334,1.2436487674713135,-0.8899577242424772
COHFACE_s17_session2_natural,3,203,36.766666666666666,0.7292550206184387,-1.2731094895363877
COHFACE_s17_session2_natural,3,204,36.8,0.11681810021400452,-1.4901980218608908
COHFACE_s17_session2_natural,3,205,36.833333333333336,-0.43811967968940735,-1.500241169449513
COHFACE_s17_session2_natural,3,206,36.86666666666667,-0.6095449924468994,-1.3036405353004945
COHFACE_s17_session2_natural,3,207,36.9,-0.3062957227230072,-0.9462254310624844
COHFACE_s17_session2_natural,3,208,36.93333333333333,0.15989534556865692,-0.5048244932691979
COHFACE_s17_session2_natural,3,209,36.96666666666667,0.401462584733963,-0.06340356556635462
COHFACE_s17_session2_natural,3,210,37.0,0.3509622812271118,0.30949879643525713
COHFACE_s17_session2_natural,3,211,37.03333333333333,0.10924187302589417,0.5719876969541273
COHFACE_s17_session2_natural,3,212,37.06666666666667,-0.211846262216568,0.7080426106655257
COHFACE_s17_session2_natural,3,213,37.1,-0.5270077586174011,0.723217891750593
COHFACE_s17_session2_natural,3,214,37.13333333333333,-0.7793443202972412,0.6402399515512235
COHFACE_s17_session2_natural,3,215,37.166666666666664,-0.9287478923797607,0.4920168252744354
COHFACE_s17_session2_natural,3,216,37.2,-0.9850099086761475,0.3133302990127511
COHFACE_s17_session2_natural,3,217,37.233333333333334,-0.9794484972953796,0.13616984335771726
COHFACE_s17_session2_natural,3,218,37.266666666666666,-0.9283119440078735,-0.010868210232792542
COHFACE_s17_session2_natural,3,219,37.3,-0.8560962677001953,-0.1031649970826485
COHFACE_s17_session2_natural,3,220,37.333333333333336,-0.81922847032547,-0.1236900795731456
COHFACE_s17_session2_natural,3,221,37.36666666666667,-0.847165048122406,-0.07066472290491176
COHFACE_s17_session2_natural,3,222,37.4,-0.9133598208427429,0.03546192184441645
COHFACE_s17_session2_natural,3,223,37.43333333333333,-0.7714499235153198,0.15504315036892766
COHFACE_s17_session2_natural,3,224,37.46666666666667,0.16340656578540802,0.2426349346310084
COHFACE_s17_session2_natural,3,225,37.5,1.476438045501709,0.26191254225934285
COHFACE_s17_session2_natural,3,226,37.53333333333333,2.1675593852996826,0.19720587744520068
COHFACE_s17_session2_natural,3,227,37.56666666666667,2.1510047912597656,0.06157981868700072
COHFACE_s17_session2_natural,3,228,37.6,1.7459300756454468,-0.10328351197192108
COHFACE_s17_session2_natural,3,229,37.63333333333333,1.1828622817993164,-0.24365122558609315
COHFACE_s17_session2_natural,3,230,37.666666666666664,0.6237888336181641,-0.31824332465918137
COHFACE_s17_session2_natural,3,231,37.7,0.15697325766086578,-0.30738687920481206
COHFACE_s17_session2_natural,3,232,37.733333333333334,-0.03503628820180893,-0.20649166682532297
COHFACE_s17_session2_natural,3,233,37.766666666666666,0.16057874262332916,-0.026126978200124325
COHFACE_s17_session2_natural,3,234,37.8,0.5192887783050537,0.19818401887588058
COHFACE_s17_session2_natural,3,235,37.833333333333336,0.7022021412849426,0.40355096969299004
COHFACE_s17_session2_natural,3,236,37.86666666666667,0.5999525785446167,0.5144379937239787
COHFACE_s17_session2_natural,3,237,37.9,0.3054696023464203,0.4738341115230465
COHFACE_s17_session2_natural,3,238,37.93333333333333,-0.059897616505622864,0.2756117577234502
COHFACE_s17_session2_natural,3,239,37.96666666666667,-0.4080386459827423,-0.028283102424891834
COHFACE_s17_session2_natural,3,240,38.0,-0.6764231324195862,-0.35085575524858686
COHFACE_s17_session2_natural,3,241,38.03333333333333,-0.8275587558746338,-0.6057397147449751
COHFACE_s17_session2_natural,3,242,38.06666666666667,-0.8863776326179504,-0.7382011160015168
COHFACE_s17_session2_natural,3,243,38.1,-0.879072368144989,-0.7383150040280607
COHFACE_s17_session2_natural,3,244,38.13333333333333,-0.8269932270050049,-0.6340774769422967
COHFACE_s17_session2_natural,3,245,38.166666666666664,-0.7770466804504395,-0.4732202848755641
COHFACE_s17_session2_natural,3,246,38.2,-0.753446102142334,-0.30255238858856476
COHFACE_s17_session2_natural,3,247,38.233333333333334,-0.765735387802124,-0.15173875781392035
COHFACE_s17_session2_natural,3,248,38.266666666666666,-0.837196946144104,-0.02706643368317365
COHFACE_s17_session2_natural,3,249,38.3,-0.953444242477417,0.08162514124788145
COHFACE_s17_session2_natural,3,250,38.333333333333336,-0.9133126735687256,0.1858142223690336
COHFACE_s17_session2_natural,3,251,38.36666666666667,-0.0619831383228302,0.286809546110687
COHFACE_s17_session2_natural,3,252,38.4,1.4370604753494263,0.37414452229550016
COHFACE_s17_session2_natural,3,253,38.43333333333333,2.398427963256836,0.433025626119695
COHFACE_s17_session2_natural,3,254,38.46666666666667,2.542753219604492,0.4554795614104838
COHFACE_s17_session2_natural,3,255,38.5,2.216268539428711,0.4467074020109122
COHFACE_s17_session2_natural,3,256,38.53333333333333,1.7033476829528809,0.42269668526398413
COHFACE_s17_session2_natural,3,257,38.56666666666667,1.2185871601104736,0.4006613381927016
COHFACE_s17_session2_natural,3,258,38.6,0.8238812685012817,0.3870904104015193
COHFACE_s17_session2_natural,3,259,38.63333333333333,0.5466833710670471,0.3703103018903246
COHFACE_s17_session2_natural,3,260,38.666666666666664,0.5258163213729858,0.32333582345876954
COHFACE_s17_session2_natural,3,261,38.7,0.7009767293930054,0.22012632364979473
COHFACE_s17_session2_natural,3,262,38.733333333333334,0.8343324065208435,0.05645867232765339
COHFACE_s17_session2_natural,3,263,38.766666666666666,0.7646500468254089,-0.14320196436616814
COHFACE_s17_session2_natural,3,264,38.8,0.49723172187805176,-0.33641283980853876
COHFACE_s17_session2_natural,3,265,38.833333333333336,0.14765320718288422,-0.47876649196553145
COHFACE_s17_session2_natural,3,266,38.86666666666667,-0.18002140522003174,-0.5372166630871893
COHFACE_s17_session2_natural,3,267,38.9,-0.4492071270942688,-0.49886001592602164
COHFACE_s17_session2_natural,3,268,38.93333333333333,-0.6409928202629089,-0.37447908642788424
COHFACE_s17_session2_natural,3,269,38.96666666666667,-0.7302343249320984,-0.19709345601457917
COHFACE_s17_session2_natural,3,270,39.0,-0.7490629553794861,-0.0138566641831682
COHFACE_s17_session2_natural,3,271,39.03333333333333,-0.7351241111755371,0.13164462931492055
COHFACE_s17_session2_natural,3,272,39.06666666666667,-0.7246729731559753,0.21858906484947332
COHFACE_s17_session2_natural,3,273,39.1,-0.7395897507667542,0.2522628374095478
COHFACE_s17_session2_natural,3,274,39.13333333333333,-0.774442732334137,0.25005531368535494
COHFACE_s17_session2_natural,3,275,39.166666666666664,-0.8244717121124268,0.22482721374995387
COHFACE_s17_session2_natural,3,276,39.2,-0.9092240929603577,0.17601628832588156
COHFACE_s17_session2_natural,3,277,39.233333333333334,-1.0102128982543945,0.09192557579756727
COHFACE_s17_session2_natural,3,278,39.266666666666666,-1.1173051595687866,-0.039005001455164154
COHFACE_s17_session2_natural,3,279,39.3,-1.0734502077102661,-0.21517496485298063
COHFACE_s17_session2_natural,3,280,39.333333333333336,-0.2295084148645401,-0.41486943062868925
COHFACE_s17_session2_natural,3,281,39.36666666666667,1.2817891836166382,-0.6018805288456308
COHFACE_s17_session2_natural,3,282,39.4,2.2729666233062744,-0.7400142291394245
COHFACE_s17_session2_natural,3,283,39.43333333333333,2.435790538787842,-0.8035548440229796
COHFACE_s17_session2_natural,3,284,39.46666666666667,2.117624521255493,-0.778915387625981
COHFACE_s17_session2_natural,3,285,39.5,1.6321452856063843,-0.6619253245690114
COHFACE_s17_session2_natural,3,286,39.53333333333333,1.1861968040466309,-0.45634804381051064
COHFACE_s17_session2_natural,3,287,39.56666666666667,0.8261435031890869,-0.17865242786320717
COHFACE_s17_session2_natural,3,288,39.6,0.5655591487884521,0.13596074147852275
COHFACE_s17_session2_natural,3,289,39.63333333333333,0.5361496806144714,0.4398914440872093
COHFACE_s17_session2_natural,3,290,39.666666666666664,0.6922458410263062,0.6914366278475965
COHFACE_s17_session2_natural,3,291,39.7,0.8146554827690125,0.8704672437059312
COHFACE_s17_session2_natural,3,292,39.733333333333334,0.7466815114021301,0.981449087320017
COHFACE_s17_session2_natural,3,293,39.766666666666666,0.5088258385658264,1.040866490480923
COHFACE_s17_session2_natural,3,294,39.8,0.1850748062133789,1.057614648111147
COHFACE_s17_session2_natural,3,295,39.833333333333336,-0.1339513659477234,1.0242583153057687
COHFACE_s17_session2_natural,3,296,39.86666666666667,-0.3856281042098999,0.9245674825944046
COHFACE_s17_session2_natural,3,297,39.9,-0.5591389536857605,0.7489162608210853
COHFACE_s17_session2_natural,3,298,39.93333333333333,-0.644079864025116,0.5071213531929925
COHFACE_s17_session2_natural,3,299,39.96666666666667,-0.6636625528335571,0.22894318697710667
COHFACE_s17_session2_natural,4,0,40.0,-0.6668791770935059,0.005240157515279978
COHFACE_s17_session2_natural,4,1,40.03333333333333,-0.663898229598999,0.03676555828772396
COHFACE_s17_session2_natural,4,2,40.06666666666667,-0.6864147782325745,0.06098585411332407
COHFACE_s17_session2_natural,4,3,40.1,-0.7283138036727905,0.07294287591213645
COHFACE_s17_session2_natural,4,4,40.13333333333333,-0.8004233837127686,0.07327318901297242
COHFACE_s17_session2_natural,4,5,40.166666666666664,-0.8895707130432129,0.06791782128458727
COHFACE_s17_session2_natural,4,6,40.2,-0.9815811514854431,0.06536609991425966
COHFACE_s17_session2_natural,4,7,40.233333333333334,-1.0551872253417969,0.07404483778185127
COHFACE_s17_session2_natural,4,8,40.266666666666666,-1.1241272687911987,0.09984586633888744
COHFACE_s17_session2_natural,4,9,40.3,-1.202187180519104,0.1413061833601744
COHFACE_s17_session2_natural,4,10,40.333333333333336,-1.098829984664917,0.18487589328658507
COHFACE_s17_session2_natural,4,11,40.36666666666667,-0.1970001608133316,0.20707767187546197
COHFACE_s17_session2_natural,4,12,40.4,1.273117184638977,0.1842731593906023
COHFACE_s17_session2_natural,4,13,40.43333333333333,2.1989364624023438,0.10432004530814983
COHFACE_s17_session2_natural,4,14,40.46666666666667,2.3110952377319336,-0.02557210111983683
COHFACE_s17_session2_natural,4,15,40.5,1.9612338542938232,-0.1791669729058241
COHFACE_s17_session2_natural,4,16,40.53333333333333,1.454333782196045,-0.3192023797665183
COHFACE_s17_session2_natural,4,17,40.56666666666667,1.0064411163330078,-0.40784119232084765
COHFACE_s17_session2_natural,4,18,40.6,0.6522320508956909,-0.41680744214906024
COHFACE_s17_session2_natural,4,19,40.63333333333333,0.4475090801715851,-0.33729425515672634
COHFACE_s17_session2_natural,4,20,40.666666666666664,0.5041952729225159,-0.1861755225141898
COHFACE_s17_session2_natural,4,21,40.7,0.7040166854858398,-0.0021433008599884822
COHFACE_s17_session2_natural,4,22,40.733333333333334,0.8127467036247253,0.1680818888898251
COHFACE_s17_session2_natural,4,23,40.766666666666666,0.7184621691703796,0.2866489747790855
COHFACE_s17_session2_natural,4,24,40.8,0.45743003487586975,0.3362204634816474
COHFACE_s17_session2_natural,4,25,40.833333333333336,0.12261514365673065,0.3183833423927664
COHFACE_s17_session2_natural,4,26,40.86666666666667,-0.18329697847366333,0.242951996956113
COHFACE_s17_session2_natural,4,27,40.9,-0.4112435281276703,0.12312112965644743
COHFACE_s17_session2_natural,4,28,40.93333333333333,-0.5645000338554382,-0.020995657488705625
COHFACE_s17_session2_natural,4,29,40.96666666666667,-0.6408396363258362,-0.1609207220509087
COHFACE_s17_session2_natural,4,30,41.0,-0.6530935168266296,-0.26483698274913015
COHFACE_s17_session2_natural,4,31,41.03333333333333,-0.6468840837478638,-0.305996179601132
COHFACE_s17_session2_natural,4,32,41.06666666666667,-0.6455526947975159,-0.2709797504800447
COHFACE_s17_session2_natural,4,33,41.1,-0.6675154566764832,-0.16459775719599753
COHFACE_s17_session2_natural,4,34,41.13333333333333,-0.7171084880828857,-0.009648344441641744
COHFACE_s17_session2_natural,4,35,41.166666666666664,-0.7815830111503601,0.15846373222184565
COHFACE_s17_session2_natural,4,36,41.2,-0.8619993925094604,0.30075155226021066
COHFACE_s17_session2_natural,4,37,41.233333333333334,-0.9521835446357727,0.3845494276673915
COHFACE_s17_session2_natural,4,38,41.266666666666666,-1.033542513847351,0.3918835970645284
COHFACE_s17_session2_natural,4,39,41.3,-1.1172462701797485,0.32455784865240006
COHFACE_s17_session2_natural,4,40,41.333333333333336,-1.187199592590332,0.20430276767110708
COHFACE_s17_session2_natural,4,41,41.36666666666667,-0.9586050510406494,0.06673164407810196
COHFACE_s17_session2_natural,4,42,41.4,0.08161163330078125,-0.049734812240168604
COHFACE_s17_session2_natural,4,43,41.43333333333333,1.351259469985962,-0.11647286194409134
COHFACE_s17_session2_natural,4,44,41.46666666666667,1.9452919960021973,-0.12377535713008325
COHFACE_s17_session2_natural,4,45,41.5,1.8479440212249756,-0.08098999604509222
COHFACE_s17_session2_natural,4,46,41.53333333333333,1.4028202295303345,-0.009299830959222707
COHFACE_s17_session2_natural,4,47,41.56666666666667,0.8716715574264526,0.06465082285789377
COHFACE_s17_session2_natural,4,48,41.6,0.38281071186065674,0.11174934233719899
COHFACE_s17_session2_natural,4,49,41.63333333333333,0.03020406886935234,0.10368396074861072
COHFACE_s17_session2_natural,4,50,41.666666666666664,0.0008417833014391363,0.01934265968816165
COHFACE_s17_session2_natural,4,51,41.7,0.2874422073364258,-0.14471044666985908
COHFACE_s17_session2_natural,4,52,41.733333333333334,0.5976078510284424,-0.36531080548942524
COHFACE_s17_session2_natural,4,53,41.766666666666666,0.6741713285446167,-0.5961950709978808
COHFACE_s17_session2_natural,4,54,41.8,0.5068109631538391,-0.7836398488983001
COHFACE_s17_session2_natural,4,55,41.833333333333336,0.2072143405675888,-0.8827193215253188
COHFACE_s17_session2_natural,4,56,41.86666666666667,-0.12560927867889404,-0.8670095493992667
COHFACE_s17_session2_natural,4,57,41.9,-0.4068250358104706,-0.7304868609353627
COHFACE_s17_session2_natural,4,58,41.93333333333333,-0.5849193334579468,-0.48457880229925165
COHFACE_s17_session2_natural,4,59,41.96666666666667,-0.6660072803497314,-0.1564743078749201
COHFACE_s17_session2_natural,4,60,42.0,-0.6822555065155029,0.2108836941343959
COHFACE_s17_session2_natural,4,61,42.03333333333333,-0.6576533913612366,0.5624455573372859
COHFACE_s17_session2_natural,4,62,42.06666666666667,-0.6271010637283325,0.8409888353294229
COHFACE_s17_session2_natural,4,63,42.1,-0.614529013633728,1.0022750446222826
COHFACE_s17_session2_natural,4,64,42.13333333333333,-0.6418529152870178,1.029304788022379
COHFACE_s17_session2_natural,4,65,42.166666666666664,-0.7021092176437378,0.9357720406408214
COHFACE_s17_session2_natural,4,66,42.2,-0.7858954071998596,0.757107095787529
COHFACE_s17_session2_natural,4,67,42.233333333333334,-0.8867075443267822,0.5361574704798938
COHFACE_s17_session2_natural,4,68,42.266666666666666,-1.003756046295166,0.31130823074727293
COHFACE_s17_session2_natural,4,69,42.3,-1.0974514484405518,0.11372711172649896
COHFACE_s17_session2_natural,4,70,42.333333333333336,-0.9259200692176819,-0.029530015466517952
COHFACE_s17_session2_natural,4,71,42.36666666666667,-0.07694706320762634,-0.09857094895170762
COHFACE_s17_session2_natural,4,72,42.4,0.9945760369300842,-0.09069069534738917
COHFACE_s17_session2_natural,4,73,42.43333333333333,1.508639931678772,-0.02657094263656406
COHFACE_s17_session2_natural,4,74,42.46666666666667,1.4169710874557495,0.053734326344440836
COHFACE_s17_session2_natural,4,75,42.5,1.008432388305664,0.10520923167918919
COHFACE_s17_session2_natural,4,76,42.53333333333333,0.4607173800468445,0.09578204900087411
COHFACE_s17_session2_natural,4,77,42.56666666666667,-0.12326453626155853,0.015312718298229392
COHFACE_s17_session2_natural,4,78,42.6,-0.49862340092658997,-0.12706274851261123
COHFACE_s17_session2_natural,4,79,42.63333333333333,-0.4248877763748169,-0.3098081541488665
COHFACE_s17_session2_natural,4,80,42.666666666666664,-0.02555128186941147,-0.5050486218656756
COHFACE_s17_session2_natural,4,81,42.7,0.3292233645915985,-0.6824863109913841
COHFACE_s17_session2_natural,4,82,42.733333333333334,0.41719239950180054,-0.8120693955920982
COHFACE_s17_session2_natural,4,83,42.766666666666666,0.2680126428604126,-0.8680589118474024
COHFACE_s17_session2_natural,4,84,42.8,-0.012272271327674389,-0.8344620264048144
COHFACE_s17_session2_natural,4,85,42.833333333333336,-0.3305443525314331,-0.7089513191587081
COHFACE_s17_session2_natural,4,86,42.86666666666667,-0.6064461469650269,-0.5031629006163872
COHFACE_s17_session2_natural,4,87,42.9,-0.7855066061019897,-0.23855397481505503
COHFACE_s17_session2_natural,4,88,42.93333333333333,-0.8700822591781616,0.0580489728132839
COHFACE_s17_session2_natural,4,89,42.96666666666667,-0.8868017792701721,0.3513049038345353
COHFACE_s17_session2_natural,4,90,43.0,-0.8517484664916992,0.5918630860753306
COHFACE_s17_session2_natural,4,91,43.03333333333333,-0.803934633731842,0.7253737113753774
COHFACE_s17_session2_natural,4,92,43.06666666666667,-0.7669253945350647,0.7148764297386744
COHFACE_s17_session2_natural,4,93,43.1,-0.7642272114753723,0.5573974502735044
COHFACE_s17_session2_natural,4,94,43.13333333333333,-0.8135021328926086,0.2858713520163376
COHFACE_s17_session2_natural,4,95,43.166666666666664,-0.922031819820404,-0.04010959895864738
COHFACE_s17_session2_natural,4,96,43.2,-0.9724260568618774,-0.3489705830700142
COHFACE_s17_session2_natural,4,97,43.233333333333334,-0.48607492446899414,-0.5707259432250961
COHFACE_s17_session2_natural,4,98,43.266666666666666,0.7129243016242981,-0.6467955161227913
COHFACE_s17_session2_natural,4,99,43.3,1.7171216011047363,-0.5375248693143934
COHFACE_s17_session2_natural,4,100,43.333333333333336,1.9909849166870117,-0.23044270087480878
COHFACE_s17_session2_natural,4,101,43.36666666666667,1.729752540588379,0.24749484853488543
COHFACE_s17_session2_natural,4,102,43.4,1.2306289672851562,0.8185090315590947
COHFACE_s17_session2_natural,4,103,43.43333333333333,0.6889231204986572,1.3554310953720818
COHFACE_s17_session2_natural,4,104,43.46666666666667,0.21310564875602722,1.7054118383465868
COHFACE_s17_session2_natural,4,105,43.5,-0.061723921447992325,1.7396874280943773
COHFACE_s17_session2_natural,4,106,43.53333333333333,0.027729718014597893,1.4098292457015593
COHFACE_s17_session2_natural,4,107,43.56666666666667,0.35013750195503235,0.7715438787985182
COHFACE_s17_session2_natural,4,108,43.6,0.5869799256324768,-0.03629653902529746
COHFACE_s17_session2_natural,4,109,43.63333333333333,0.5728761553764343,-0.8402317405118892
COHFACE_s17_session2_natural,4,110,43.666666666666664,0.3485468626022339,-1.4848978848602692
COHFACE_s17_session2_natural,4,111,43.7,0.009254572913050652,-1.8653382766777438
COHFACE_s17_session2_natural,4,112,43.733333333333334,-0.3309096097946167,-1.9350404321575687
COHFACE_s17_session2_natural,4,113,43.766666666666666,-0.592707633972168,-1.7060865684933761
COHFACE_s17_session2_natural,4,114,43.8,-0.7590664029121399,-1.2458259116958557
COHFACE_s17_session2_natural,4,115,43.833333333333336,-0.8389643430709839,-0.6610800518531079
COHFACE_s17_session2_natural,4,116,43.86666666666667,-0.8567678928375244,-0.07046399499105327
COHFACE_s17_session2_natural,4,117,43.9,-0.8347461819648743,0.4244180478611771
COHFACE_s17_session2_natural,4,118,43.93333333333333,-0.7993276119232178,0.7600866204744456
COHFACE_s17_session2_natural,4,119,43.96666666666667,-0.7793089747428894,0.9192501900213609
COHFACE_s17_session2_natural,4,120,44.0,-0.7920106053352356,0.9247507786609507
COHFACE_s17_session2_natural,4,121,44.03333333333333,-0.8416861295700073,0.8226193875458583
COHFACE_s17_session2_natural,4,122,44.06666666666667,-0.9398942589759827,0.6620912414169412
COHFACE_s17_session2_natural,4,123,44.1,-1.0585688352584839,0.4833423331664963
COHFACE_s17_session2_natural,4,124,44.13333333333333,-0.843194305896759,0.3152713675154099
COHFACE_s17_session2_natural,4,125,44.166666666666664,0.2880431115627289,0.17705149986054267
COHFACE_s17_session2_natural,4,126,44.2,1.682586669921875,0.07943366994471132
COHFACE_s17_session2_natural,4,127,44.233333333333334,2.3655426502227783,0.025255329388856034
COHFACE_s17_session2_natural,4,128,44.266666666666666,2.3204505443573,0.009428864185822432
COHFACE_s17_session2_natural,4,129,44.3,1.9017786979675293,0.019363210557898865
COHFACE_s17_session2_natural,4,130,44.333333333333336,1.3843568563461304,0.03705884742111239
COHFACE_s17_session2_natural,4,131,44.36666666666667,0.9408001899719238,0.043970802315410784
COHFACE_s17_session2_natural,4,132,44.4,0.5865557193756104,0.026798232483084123
COHFACE_s17_session2_natural,4,133,44.43333333333333,0.40150973200798035,-0.020202312518220394
COHFACE_s17_session2_natural,4,134,44.46666666666667,0.4791925251483917,-0.09668983199095448
COHFACE_s17_session2_natural,4,135,44.5,0.6752788424491882,-0.1977182889884442
COHFACE_s17_session2_natural,4,136,44.53333333333333,0.7621521353721619,-0.3140546689257672
COHFACE_s17_session2_natural,4,137,44.56666666666667,0.6215147972106934,-0.43308638512045566
COHFACE_s17_session2_natural,4,138,44.6,0.3149074912071228,-0.5412307546541405
COHFACE_s17_session2_natural,4,139,44.63333333333333,-0.03574324771761894,-0.6275733115157967
COHFACE_s17_session2_natural,4,140,44.666666666666664,-0.34827721118927,-0.6858895505324007
COHFACE_s17_session2_natural,4,141,44.7,-0.5827866792678833,-0.7104061274136513
COHFACE_s17_session2_natural,4,142,44.733333333333334,-0.7277953624725342,-0.6882414206323829
COHFACE_s17_session2_natural,4,143,44.766666666666666,-0.7786962389945984,-0.5983144981531506
COHFACE_s17_session2_natural,4,144,44.8,-0.779674232006073,-0.4204610907384082
COHFACE_s17_session2_natural,4,145,44.833333333333336,-0.7656175494194031,-0.15126862235714764
COHFACE_s17_session2_natural,4,146,44.86666666666667,-0.7587129473686218,0.18247346422238064
COHFACE_s17_session2_natural,4,147,44.9,-0.7799216508865356,0.5252337470650825
COHFACE_s17_session2_natural,4,148,44.93333333333333,-0.8253554105758667,0.8091791437556926
COHFACE_s17_session2_natural,4,149,44.96666666666667,-0.8903365731239319,0.9731465152669778
COHFACE_s17_session2_natural,4,150,45.0,-0.9726381301879883,0.978886133593402
COHFACE_s17_session2_natural,4,151,45.03333333333333,-1.0651081800460815,0.8272958171808122
COHFACE_s17_session2_natural,4,152,45.06666666666667,-1.1652368307113647,0.5674377644016386
COHFACE_s17_session2_natural,4,153,45.1,-1.1417423486709595,0.2827587490717087
COHFACE_s17_session2_natural,4,154,45.13333333333333,-0.40006181597709656,0.05805664782183431
COHFACE_s17_session2_natural,4,155,45.166666666666664,1.0716460943222046,-0.0506242291194476
COHFACE_s17_session2_natural,4,156,45.2,2.125354051589966,-0.031017437109971215
COHFACE_s17_session2_natural,4,157,45.233333333333334,2.3404457569122314,0.0850382872163333
COHFACE_s17_session2_natural,4,158,45.266666666666666,2.034109354019165,0.23471784227422957
COHFACE_s17_session2_natural,4,159,45.3,1.5493252277374268,0.3490780175681115
COHFACE_s17_session2_natural,4,160,45.333333333333336,1.1021041870117188,0.38000067253891373
COHFACE_s17_session2_natural,4,161,45.36666666666667,0.7489556074142456,0.3134928934935587
COHFACE_s17_session2_natural,4,162,45.4,0.5131735801696777,0.1656119377811628
COHFACE_s17_session2_natural,4,163,45.43333333333333,0.5036296844482422,-0.03015616392285908
COHFACE_s17_session2_natural,4,164,45.46666666666667,0.6645095348358154,-0.23613617435493411
COHFACE_s17_session2_natural,4,165,45.5,0.7853874564170837,-0.4192642403362191
COHFACE_s17_session2_natural,4,166,45.53333333333333,0.7239528894424438,-0.5545854460487768
COHFACE_s17_session2_natural,4,167,45.56666666666667,0.48200857639312744,-0.626620552492144
COHFACE_s17_session2_natural,4,168,45.6,0.1583518236875534,-0.6306146691080811
COHFACE_s17_session2_natural,4,169,45.63333333333333,-0.14887994527816772,-0.5738038593931922
COHFACE_s17_session2_natural,4,170,45.666666666666664,-0.38209331035614014,-0.4746859663653007
COHFACE_s17_session2_natural,4,171,45.7,-0.5332289934158325,-0.35674751528764603
COHFACE_s17_session2_natural,4,172,45.733333333333334,-0.6068938970565796,-0.2395524361568551
COHFACE_s17_session2_natural,4,173,45.766666666666666,-0.6176985502243042,-0.13590162287857166
COHFACE_s17_session2_natural,4,174,45.8,-0.6180638074874878,-0.055215956698644264
COHFACE_s17_session2_natural,4,175,45.833333333333336,-0.6217517852783203,-0.004818370279288288
COHFACE_s17_session2_natural,4,176,45.86666666666667,-0.6424538493156433,0.013027880352232008
COHFACE_s17_session2_natural,4,177,45.9,-0.6952635049819946,0.0036515381235744312
COHFACE_s17_session2_natural,4,178,45.93333333333333,-0.7734647989273071,-0.020797080976983094
COHFACE_s17_session2_natural,4,179,45.96666666666667,-0.8612334728240967,-0.04566587441844242
COHFACE_s17_session2_natural,4,180,46.0,-0.9365833401679993,-0.059631327047299426
COHFACE_s17_session2_natural,4,181,46.03333333333333,-1.0059475898742676,-0.05817623610584213
COHFACE_s17_session2_natural,4,182,46.06666666666667,-1.0633289813995361,-0.04246281234854526
COHFACE_s17_session2_natural,4,183,46.1,-1.1104594469070435,-0.013541478605033606
COHFACE_s17_session2_natural,4,184,46.13333333333333,-1.1569064855575562,0.0334364103570883
COHFACE_s17_session2_natural,4,185,46.166666666666664,-1.0100479125976562,0.10684706160049312
COHFACE_s17_session2_natural,4,186,46.2,-0.08243776112794876,0.20963204567571067
COHFACE_s17_session2_natural,4,187,46.233333333333334,1.308358907699585,0.3346335675701208
COHFACE_s17_session2_natural,4,188,46.266666666666666,2.114348888397217,0.4677252614684803
COHFACE_s17_session2_natural,4,189,46.3,2.1456081867218018,0.593927641047958
COHFACE_s17_session2_natural,4,190,46.333333333333336,1.7722406387329102,0.7016760950769587
COHFACE_s17_session2_natural,4,191,46.36666666666667,1.29056715965271,0.7816890513670063
COHFACE_s17_session2_natural,4,192,46.4,0.8784229755401611,0.8208590570320975
COHFACE_s17_session2_natural,4,193,46.43333333333333,0.5640273690223694,0.7955089445715988
COHFACE_s17_session2_natural,4,194,46.46666666666667,0.41890087723731995,0.6719756007755008
COHFACE_s17_session2_natural,4,195,46.5,0.5183343887329102,0.4238298724368661
COHFACE_s17_session2_natural,4,196,46.53333333333333,0.7180851101875305,0.05798687108519421
COHFACE_s17_session2_natural,4,197,46.56666666666667,0.7946249842643738,-0.37341579340976466
COHFACE_s17_session2_natural,4,198,46.6,0.663048505783081,-0.7856576020134542
COHFACE_s17_session2_natural,4,199,46.63333333333333,0.38512009382247925,-1.0932635897530367
COHFACE_s17_session2_natural,4,200,46.666666666666664,0.07265684008598328,-1.244421837455464
COHFACE_s17_session2_natural,4,201,46.7,-0.1989089548587799,-1.234023392602067
COHFACE_s17_session2_natural,4,202,46.733333333333334,-0.39056500792503357,-1.0919809349159242
COHFACE_s17_session2_natural,4,203,46.766666666666666,-0.49982523918151855,-0.8645637160941888
COHFACE_s17_session2_natural,4,204,46.8,-0.5461309552192688,-0.5993342961050423
COHFACE_s17_session2_natural,4,205,46.833333333333336,-0.5598341226577759,-0.3345754692101078
COHFACE_s17_session2_natural,4,206,46.86666666666667,-0.560859203338623,-0.09426724868018384
COHFACE_s17_session2_natural,4,207,46.9,-0.5614718794822693,0.10997930136883922
COHFACE_s17_session2_natural,4,208,46.93333333333333,-0.5938622951507568,0.27372879376537745
COHFACE_s17_session2_natural,4,209,46.96666666666667,-0.6583603620529175,0.39897246695583444
COHFACE_s17_session2_natural,4,210,47.0,-0.7402260303497314,0.49607090200446013
COHFACE_s17_session2_natural,4,211,47.03333333333333,-0.8290315866470337,0.5778201127238597
COHFACE_s17_session2_natural,4,212,47.06666666666667,-0.9122286438941956,0.6479865082980565
COHFACE_s17_session2_natural,4,213,47.1,-0.9739106893539429,0.6990992941592425
COHFACE_s17_session2_natural,4,214,47.13333333333333,-1.0142072439193726,0.720933259246036
COHFACE_s17_session2_natural,4,215,47.166666666666664,-1.0522297620773315,0.7073924531669457
COHFACE_s17_session2_natural,4,216,47.2,-1.1013751029968262,0.6569861322237726
COHFACE_s17_session2_natural,4,217,47.233333333333334,-1.071506142616272,0.5708109741895706
COHFACE_s17_session2_natural,4,218,47.266666666666666,-0.5088860988616943,0.45065483575365106
COHFACE_s17_session2_natural,4,219,47.3,0.7185446619987488,0.29777532954647823
COHFACE_s17_session2_natural,4,220,47.333333333333336,1.6995419263839722,0.11336464497008143
COHFACE_s17_session2_natural,4,221,47.36666666666667,1.923399806022644,-0.098100205193496
COHFACE_s17_session2_natural,4,222,47.4,1.6240506172180176,-0.32411493301609967
COHFACE_s17_session2_natural,4,223,47.43333333333333,1.1394197940826416,-0.5418877928810689
COHFACE_s17_session2_natural,4,224,47.46666666666667,0.6648983955383301,-0.7203828625901312
COHFACE_s17_session2_natural,4,225,47.5,0.27231332659721375,-0.8259698302402702
COHFACE_s17_session2_natural,4,226,47.53333333333333,0.09729430079460144,-0.830868833578979
COHFACE_s17_session2_natural,4,227,47.56666666666667,0.2446712851524353,-0.7234620446415873
COHFACE_s17_session2_natural,4,228,47.6,0.5520209074020386,-0.5174933361736046
COHFACE_s17_session2_natural,4,229,47.63333333333333,0.7379152774810791,-0.2555796921118139
COHFACE_s17_session2_natural,4,230,47.666666666666664,0.6703890562057495,-0.002244549118399379
COHFACE_s17_session2_natural,4,231,47.7,0.4180878698825836,0.17713996137492152
COHFACE_s17_session2_natural,4,232,47.733333333333334,0.10365691035985947,0.24300053558156443
COHFACE_s17_session2_natural,4,233,47.766666666666666,-0.18908224999904633,0.19494514748318154
COHFACE_s17_session2_natural,4,234,47.8,-0.4007805585861206,0.0660554685616999
COHFACE_s17_session2_natural,4,235,47.833333333333336,-0.5092867016792297,-0.09344725126070019
COHFACE_s17_session2_natural,4,236,47.86666666666667,-0.535361647605896,-0.23318792719837966
COHFACE_s17_session2_natural,4,237,47.9,-0.5209985971450806,-0.311271176615372
COHFACE_s17_session2_natural,4,238,47.93333333333333,-0.48935049772262573,-0.2966417040491976
COHFACE_s17_session2_natural,4,239,47.96666666666667,-0.4720889627933502,-0.17721782217490775
COHFACE_s17_session2_natural,4,240,48.0,-0.5000373125076294,0.028246613163445324
COHFACE_s17_session2_natural,4,241,48.03333333333333,-0.5545437335968018,0.2704331493822651
COHFACE_s17_session2_natural,4,242,48.06666666666667,-0.625262975692749,0.4859695903579034
COHFACE_s17_session2_natural,4,243,48.1,-0.711452841758728,0.6211597552709281
COHFACE_s17_session2_natural,4,244,48.13333333333333,-0.8050892949104309,0.6517358229337157
COHFACE_s17_session2_natural,4,245,48.166666666666664,-0.8912791609764099,0.5877760369009605
COHFACE_s17_session2_natural,4,246,48.2,-0.9666290283203125,0.4631638369169886
COHFACE_s17_session2_natural,4,247,48.233333333333334,-0.9619277715682983,0.3191640981018936
COHFACE_s17_session2_natural,4,248,48.266666666666666,-0.5224360823631287,0.18971047357633533
COHFACE_s17_session2_natural,4,249,48.3,0.4551677703857422,0.09234620870389489
COHFACE_s17_session2_natural,4,250,48.333333333333336,1.2591664791107178,0.02723924944876866
COHFACE_s17_session2_natural,4,251,48.36666666666667,1.4422448873519897,-0.015179296404576074
COHFACE_s17_session2_natural,4,252,48.4,1.1744612455368042,-0.043609986054545316
COHFACE_s17_session2_natural,4,253,48.43333333333333,0.7090007066726685,-0.06270747129948069
COHFACE_s17_session2_natural,4,254,48.46666666666667,0.16195730865001678,-0.07724162573255842
COHFACE_s17_session2_natural,4,255,48.5,-0.2951965034008026,-0.09322373256383773
COHFACE_s17_session2_natural,4,256,48.53333333333333,-0.40002647042274475,-0.11387221798643724
COHFACE_s17_session2_natural,4,257,48.56666666666667,-0.1265283226966858,-0.1371831781016329
COHFACE_s17_session2_natural,4,258,48.6,0.253826379776001,-0.15816686624146947
COHFACE_s17_session2_natural,4,259,48.63333333333333,0.4490526020526886,-0.17420520399863074
COHFACE_s17_session2_natural,4,260,48.666666666666664,0.3843660056591034,-0.18994370161160623
COHFACE_s17_session2_natural,4,261,48.7,0.15863460302352905,-0.21699709238629902
COHFACE_s17_session2_natural,4,262,48.733333333333334,-0.13122959434986115,-0.26747304093838614
COHFACE_s17_session2_natural,4,263,48.766666666666666,-0.399401992559433,-0.3443877200698975
COHFACE_s17_session2_natural,4,264,48.8,-0.5915175676345825,-0.43457081210084064
COHFACE_s17_session2_natural,4,265,48.833333333333336,-0.6907390356063843,-0.5108251868191191
COHFACE_s17_session2_natural,4,266,48.86666666666667,-0.7165900468826294,-0.5425959724321059
COHFACE_s17_session2_natural,4,267,48.9,-0.6943091154098511,-0.5070432432537562
COHFACE_s17_session2_natural,4,268,48.93333333333333,-0.6548373699188232,-0.39646488862455515
COHFACE_s17_session2_natural,4,269,48.96666666666667,-0.6168855428695679,-0.22284824856000685
COHFACE_s17_session2_natural,4,270,49.0,-0.609615683555603,-0.017794687800399854
COHFACE_s17_session2_natural,4,271,49.03333333333333,-0.6433022022247314,0.17613004883104968
COHFACE_s17_session2_natural,4,272,49.06666666666667,-0.7123129963874817,0.3203229320628468
COHFACE_s17_session2_natural,4,273,49.1,-0.8171429634094238,0.3931334476272057
COHFACE_s17_session2_natural,4,274,49.13333333333333,-0.9203469157218933,0.3955079468674179
COHFACE_s17_session2_natural,4,275,49.166666666666664,-0.7619649171829224,0.3478246656026692
COHFACE_s17_session2_natural,4,276,49.2,0.10808717459440231,0.2803378443783535
COHFACE_s17_session2_natural,4,277,49.233333333333334,1.240868091583252,0.22289429670119157
COHFACE_s17_session2_natural,4,278,49.266666666666666,1.8283848762512207,0.1991344991634082
COHFACE_s17_session2_natural,4,279,49.3,1.7797932624816895,0.22871817590888588
COHFACE_s17_session2_natural,4,280,49.333333333333336,1.3857117891311646,0.3308101754748489
COHFACE_s17_session2_natural,4,281,49.36666666666667,0.8929980993270874,0.5138710060766695
COHFACE_s17_session2_natural,4,282,49.4,0.41444703936576843,0.7550732640120723
COHFACE_s17_session2_natural,4,283,49.43333333333333,0.07392936944961548,0.9903800949047699
COHFACE_s17_session2_natural,4,284,49.46666666666667,0.07046527415513992,1.1271773403273597
COHFACE_s17_session2_natural,4,285,49.5,0.3578551113605499,1.0788053279475378
COHFACE_s17_session2_natural,4,286,49.53333333333333,0.6322723031044006,0.8061460249115879
COHFACE_s17_session2_natural,4,287,49.56666666666667,0.7012477517127991,0.34040456304355127
COHFACE_s17_session2_natural,4,288,49.6,0.5354781150817871,-0.224805495674465
COHFACE_s17_session2_natural,4,289,49.63333333333333,0.23361919820308685,-0.7672277578859132
COHFACE_s17_session2_natural,4,290,49.666666666666664,-0.08593720197677612,-1.1791879245238275
COHFACE_s17_session2_natural,4,291,49.7,-0.3521418869495392,-1.396076469561261
COHFACE_s17_session2_natural,4,292,49.733333333333334,-0.5248868465423584,-1.403300284377564
COHFACE_s17_session2_natural,4,293,49.766666666666666,-0.6031941771507263,-1.2331472404022428
COHFACE_s17_session2_natural,4,294,49.8,-0.6174629330635071,-0.955716364856416
COHFACE_s17_session2_natural,4,295,49.833333333333336,-0.6041367650032043,-0.6595754510179468
COHFACE_s17_session2_natural,4,296,49.86666666666667,-0.5788866281509399,-0.4249704436276763
COHFACE_s17_session2_natural,4,297,49.9,-0.5668801069259644,-0.2996204900639555
COHFACE_s17_session2_natural,4,298,49.93333333333333,-0.5895262956619263,-0.28574234373647256
COHFACE_s17_session2_natural,4,299,49.96666666666667,-0.647049069404602,-0.34390265322714864
