recording_id,measurement_id,sample_index,time_seconds,gt_signal,predicted_signal
BH_s16_low,0,0,0.0,-0.30830541253089905,-0.006844358227691246
BH_s16_low,0,1,0.03333333333333333,0.5379884243011475,-0.16554822780145895
BH_s16_low,0,2,0.06666666666666667,1.2466578483581543,-0.24782974844544559
BH_s16_low,0,3,0.1,1.462454080581665,-0.20537827176177106
BH_s16_low,0,4,0.13333333333333333,1.4171886444091797,-0.035859091087852214
BH_s16_low,0,5,0.16666666666666666,1.366438865661621,0.21536155871604318
BH_s16_low,0,6,0.2,1.326657772064209,0.47472148438818956
BH_s16_low,0,7,0.23333333333333334,1.226986289024353,0.6688684925194548
BH_s16_low,0,8,0.26666666666666666,1.0404400825500488,0.7493765225772755
BH_s16_low,0,9,0.3,0.8918468952178955,0.7036502772365159
BH_s16_low,0,10,0.3333333333333333,0.7432536482810974,0.5511352617247437
BH_s16_low,0,11,0.36666666666666664,0.5946604609489441,0.3329369562700995
BH_s16_low,0,12,0.4,0.395317405462265,0.09974087053602922
BH_s16_low,0,13,0.43333333333333335,0.14522452652454376,-0.10136875655776108
BH_s16_low,0,14,0.4666666666666667,-0.02896248549222946,-0.2380679804566897
BH_s16_low,0,15,0.5,-0.20271173119544983,-0.2966571680169602
BH_s16_low,0,16,0.5333333333333333,-0.4020547568798065,-0.2791544913125749
BH_s16_low,0,17,0.5666666666666667,-0.6013978123664856,-0.19959509887501584
BH_s16_low,0,18,0.6,-0.7828973531723022,-0.08231006019262069
BH_s16_low,0,19,0.6333333333333333,-0.9333186745643616,0.03897080116961063
BH_s16_low,0,20,0.6666666666666666,-1.0329902172088623,0.12392347513443969
BH_s16_low,0,21,0.7,-1.1203025579452515,0.13371870206891767
BH_s16_low,0,22,0.7333333333333333,-1.1710524559020996,0.04341563473243266
BH_s16_low,0,23,0.7666666666666667,-1.2218022346496582,-0.14674163668841764
BH_s16_low,0,24,0.8,-1.2725521326065063,-0.4068600903216671
BH_s16_low,0,25,0.8333333333333334,-1.323301911354065,-0.6845074930487761
BH_s16_low,0,26,0.8666666666666667,-1.3200833797454834,-0.9202527195412284
BH_s16_low,0,27,0.9,-1.0612106323242188,-1.0613099187864885
BH_s16_low,0,28,0.9333333333333333,-0.36255747079849243,-1.0695273147322268
BH_s16_low,0,29,0.9666666666666667,0.4832986295223236,-0.9271107760779129
BH_s16_low,0,30,1.0,1.1896251440048218,-0.6408925784542737
BH_s16_low,0,31,1.0333333333333334,1.4112664461135864,-0.24283830535267079
BH_s16_low,0,32,1.0666666666666667,1.3741891384124756,0.2143593682846842
BH_s16_low,0,33,1.1,1.3252674341201782,0.6662436945553898
BH_s16_low,0,34,1.1333333333333333,1.315688967704773,1.0480424767384338
BH_s16_low,0,35,1.1666666666666667,1.2274240255355835,1.3050839300680512
BH_s16_low,0,36,1.2,1.0413156747817993,1.4011072265417246
BH_s16_low,0,37,1.2333333333333334,0.8758314847946167,1.325707565559115
BH_s16_low,0,38,1.2666666666666666,0.7761600017547607,1.0994001019462871
BH_s16_low,0,39,1.3,0.6462858319282532,0.7721709248304802
BH_s16_low,0,40,1.3333333333333333,0.49769261479377747,0.4135664924513748
BH_s16_low,0,41,1.3666666666666667,0.27180320024490356,0.09526153384878233
BH_s16_low,0,42,1.4,0.04825669899582863,-0.12862262816525455
BH_s16_low,0,43,1.4333333333333333,-0.12819622457027435,-0.23473491817119782
BH_s16_low,0,44,1.4666666666666666,-0.29967954754829407,-0.23326899240459006
BH_s16_low,0,45,1.5,-0.4290389120578766,-0.16172234415953868
BH_s16_low,0,46,1.5333333333333334,-0.5287104249000549,-0.07313715892855557
BH_s16_low,0,47,1.5666666666666667,-0.6283819675445557,-0.023548025475015225
BH_s16_low,0,48,1.6,-0.778803288936615,-0.06052197020131841
BH_s16_low,0,49,1.6333333333333333,-0.8784748315811157,-0.2118304888733808
BH_s16_low,0,50,1.6666666666666667,-0.9781463742256165,-0.4759072373415659
BH_s16_low,0,51,1.7,-1.0778179168701172,-0.8183697203694442
BH_s16_low,0,52,1.7333333333333334,-1.1710524559020996,-1.1764295248971113
BH_s16_low,0,53,1.7666666666666666,-1.1572259664535522,-1.4701467924864948
BH_s16_low,0,54,1.8,-0.7455889582633972,-1.6187204840926752
BH_s16_low,0,55,1.8333333333333333,0.0047666714526712894,-1.5593087579834894
BH_s16_low,0,56,1.8666666666666667,0.8519361019134521,-1.2649765300054006
BH_s16_low,0,57,1.9,1.3556240797042847,-0.7576689730319426
BH_s16_low,0,58,1.9333333333333333,1.4171886444091797,-0.10985465663734736
BH_s16_low,0,59,1.9666666666666666,1.3220489025115967,0.5723269983803823
BH_s16_low,0,60,2.0,1.2731271982192993,1.1791572287541725
BH_s16_low,0,61,2.033333333333333,1.224205493927002,1.62390678018944
BH_s16_low,0,62,2.066666666666667,1.0737842321395874,1.8571607763582103
BH_s16_low,0,63,2.1,0.8862854838371277,1.8698070522216577
BH_s16_low,0,64,2.1333333333333333,0.7221916913986206,1.6877980875853629
BH_s16_low,0,65,2.1666666666666665,0.5717703104019165,1.3628555824187643
BH_s16_low,0,66,2.2,0.3897559940814972,0.9611820998953469
BH_s16_low,0,67,2.2333333333333334,0.2113979309797287,0.5499351654627791
BH_s16_low,0,68,2.2666666666666666,-0.008930081501603127,0.18390843667065007
BH_s16_low,0,69,2.3,-0.15752330422401428,-0.10260186521784898
BH_s16_low,0,70,2.3333333333333335,-0.332585871219635,-0.29726504317714797
BH_s16_low,0,71,2.3666666666666667,-0.4547097384929657,-0.4066570520532738
BH_s16_low,0,72,2.4,-0.6033029556274414,-0.45124117254810103
BH_s16_low,0,73,2.433333333333333,-0.7331001162528992,-0.4607086781726338
BH_s16_low,0,74,2.466666666666667,-0.8835214376449585,-0.4695841406575374
BH_s16_low,0,75,2.5,-1.0339428186416626,-0.5108438293525063
BH_s16_low,0,76,2.533333333333333,-1.1336143016815186,-0.6074381158291566
BH_s16_low,0,77,2.566666666666667,-1.182536005973816,-0.7640914156595724
BH_s16_low,0,78,2.6,-1.2314577102661133,-0.9625084383449849
BH_s16_low,0,79,2.6333333333333333,-1.323301911354065,-1.1632449865570849
BH_s16_low,0,80,2.6666666666666665,-1.3800508975982666,-1.313599536119648
BH_s16_low,0,81,2.7,-1.3615385293960571,-1.3571204956153107
BH_s16_low,0,82,2.7333333333333334,-0.8501530289649963,-1.2436061457099115
BH_s16_low,0,83,2.7666666666666666,-0.04992316663265228,-0.9416788519746677
BH_s16_low,0,84,2.8,0.7976840138435364,-0.45287519448121616
BH_s16_low,0,85,2.8333333333333335,1.2555147409439087,0.17722733014333564
BH_s16_low,0,86,2.8666666666666667,1.315688967704773,0.8582237744874647
BH_s16_low,0,87,2.9,1.315688967704773,1.4728595540351959
BH_s16_low,0,88,2.933333333333333,1.2649391889572144,1.9088965922828376
BH_s16_low,0,89,2.966666666666667,1.224643349647522,2.0874469380388696
BH_s16_low,0,90,3.0,1.0865041017532349,1.9786886180580452
BH_s16_low,0,91,3.033333333333333,0.8871610164642334,1.6058294898536112
BH_s16_low,0,92,3.066666666666667,0.6878179907798767,1.0386119700056597
BH_s16_low,0,93,3.1,0.5722081065177917,0.37746172245916376
BH_s16_low,0,94,3.1333333333333333,0.44138139486312866,-0.26808373088167525
BH_s16_low,0,95,3.1666666666666665,0.24203833937644958,-0.8009245137598288
BH_s16_low,0,96,3.2,0.042695302516222,-1.1524428347477869
BH_s16_low,0,97,3.2333333333333334,-0.105897918343544,-1.2886076633719878
BH_s16_low,0,98,3.2666666666666666,-0.3052409589290619,-1.208678088588645
BH_s16_low,0,99,3.3,-0.48256945610046387,-0.9449201793664901
BH_s16_low,0,100,3.3333333333333335,-0.6329907774925232,-0.5628676131225392
BH_s16_low,0,101,3.3666666666666667,-0.7326623201370239,-0.15294350284391273
BH_s16_low,0,102,3.4,-0.8830836415290833,0.18899234532431491
BH_s16_low,0,103,3.433333333333333,-0.982755184173584,0.3866675150279456
BH_s16_low,0,104,3.466666666666667,-1.08242666721344,0.4052688764847278
BH_s16_low,0,105,3.5,-1.1820982694625854,0.2598814537139672
BH_s16_low,0,106,3.533333333333333,-1.2817697525024414,0.007821510939245997
BH_s16_low,0,107,3.566666666666667,-1.3306914567947388,-0.2697285067211503
BH_s16_low,0,108,3.6,-1.4248015880584717,-0.4902197471722436
BH_s16_low,0,109,3.6333333333333333,-1.3083688020706177,-0.5899052881370539
BH_s16_low,0,110,3.6666666666666665,-0.7498127222061157,-0.5375196587940269
BH_s16_low,0,111,3.7,0.09838629513978958,-0.340000141634804
BH_s16_low,0,112,3.7333333333333334,0.8974325656890869,-0.039370177715732195
BH_s16_low,0,113,3.7666666666666666,1.25778067111969,0.29948253489769006
BH_s16_low,0,114,3.8,1.2195967435836792,0.6065342140915252
BH_s16_low,0,115,3.8333333333333335,1.1199251413345337,0.8229708967907169
BH_s16_low,0,116,3.8666666666666667,1.0619398355484009,0.9119245499777847
BH_s16_low,0,117,3.9,0.9713319540023804,0.8626332468389349
BH_s16_low,0,118,3.933333333333333,0.8716604709625244,0.6890470617469582
BH_s16_low,0,119,3.966666666666667,0.7212390899658203,0.4253666840792502
BH_s16_low,0,120,4.0,0.6215676069259644,0.119660709054591
BH_s16_low,0,121,4.033333333333333,0.5218960642814636,-0.17478504368023262
BH_s16_low,0,122,4.066666666666666,0.34075728058815,-0.4093034783154352
BH_s16_low,0,123,4.1,0.14141425490379333,-0.5483020131947057
BH_s16_low,0,124,4.133333333333334,-0.030867626890540123,-0.5746402032564312
BH_s16_low,0,125,4.166666666666667,-0.20652200281620026,-0.49126568095029916
BH_s16_low,0,126,4.2,-0.3824601471424103,-0.31983575531744873
BH_s16_low,0,127,4.233333333333333,-0.532881498336792,-0.09813033017269791
BH_s16_low,0,128,4.266666666666667,-0.632552981376648,0.124487074604178
BH_s16_low,0,129,4.3,-0.7501450777053833,0.29649029529814125
BH_s16_low,0,130,4.333333333333333,-0.8826459050178528,0.3770986668213266
BH_s16_low,0,131,4.366666666666666,-0.9823173880577087,0.3469640253519534
BH_s16_low,0,132,4.4,-1.0819889307022095,0.21265091302867262
BH_s16_low,0,133,4.433333333333334,-1.1816604137420654,0.003445275163111451
BH_s16_low,0,134,4.466666666666667,-1.2725521326065063,-0.23759998073770228
BH_s16_low,0,135,4.5,-1.323301911354065,-0.4635716550678794
BH_s16_low,0,136,4.533333333333333,-1.2520575523376465,-0.6316354612504895
BH_s16_low,0,137,4.566666666666666,-0.7386898994445801,-0.7084657268804833
BH_s16_low,0,138,4.6,0.11236680299043655,-0.67427795040945
BH_s16_low,0,139,4.633333333333334,1.0083038806915283,-0.52761486226716
BH_s16_low,0,140,4.666666666666667,1.410622000694275,-0.2891025828905245
BH_s16_low,0,141,4.7,1.4212056398391724,0.0011801601673415499
BH_s16_low,0,142,4.733333333333333,1.372283935546875,0.29299471771433794
BH_s16_low,0,143,4.766666666666667,1.3233622312545776,0.5368790809329684
BH_s16_low,0,144,4.8,1.2744405269622803,0.6933335672203406
BH_s16_low,0,145,4.833333333333333,1.1353487968444824,0.7390827353509631
BH_s16_low,0,146,4.866666666666666,0.936005711555481,0.6708216537433419
BH_s16_low,0,147,4.9,0.7874125242233276,0.5080005549422854
BH_s16_low,0,148,4.933333333333334,0.6727551817893982,0.2920135631917987
BH_s16_low,0,149,4.966666666666667,0.49022606015205383,0.07570204910574639
BH_s16_low,0,150,5.0,0.29088303446769714,-0.09362423476063506
BH_s16_low,0,151,5.033333333333333,0.04079015925526619,-0.18569831994381103
BH_s16_low,0,152,5.066666666666666,-0.13442644476890564,-0.18967828514701893
BH_s16_low,0,153,5.1,-0.3578959107398987,-0.11267967275849154
BH_s16_low,0,154,5.133333333333334,-0.5342718362808228,0.021977521893273885
BH_s16_low,0,155,5.166666666666667,-0.6846931576728821,0.17605972082947224
BH_s16_low,0,156,5.2,-0.7843647003173828,0.299998737859012
BH_s16_low,0,157,5.233333333333333,-0.8840362429618835,0.34404506971365423
BH_s16_low,0,158,5.266666666666667,-0.9837077260017395,0.2748220464884431
BH_s16_low,0,159,5.3,-1.0972057580947876,0.0878235688148596
BH_s16_low,0,160,5.333333333333333,-1.1950491666793823,-0.1899862091324502
BH_s16_low,0,161,5.366666666666666,-1.323301911354065,-0.5083878207601386
BH_s16_low,0,162,5.4,-1.3823938369750977,-0.8087311456814412
BH_s16_low,0,163,5.433333333333334,-1.4820653200149536,-1.0370320308848435
BH_s16_low,0,164,5.466666666666667,-1.5263012647628784,-1.1515952660570565
BH_s16_low,0,165,5.5,-1.4105130434036255,-1.126616707174806
BH_s16_low,0,166,5.533333333333333,-0.806537389755249,-0.954098507543279
BH_s16_low,0,167,5.566666666666666,0.14045755565166473,-0.6463682968234779
BH_s16_low,0,168,5.6,1.040926456451416,-0.23811084565873908
BH_s16_low,0,169,5.633333333333334,1.4082790613174438,0.2163223784519106
BH_s16_low,0,170,5.666666666666667,1.4234715700149536,0.6512638801830902
BH_s16_low,0,171,5.7,1.3745498657226562,1.0009672374912522
BH_s16_low,0,172,5.733333333333333,1.366438865661621,1.2121744031331172
BH_s16_low,0,173,5.766666666666667,1.366438865661621,1.2576581376803933
BH_s16_low,0,174,5.8,1.241380214691162,1.1459340800106719
BH_s16_low,0,175,5.833333333333333,1.0420371294021606,0.9188123607698171
BH_s16_low,0,176,5.866666666666666,0.8426941633224487,0.6366874491905128
BH_s16_low,0,177,5.9,0.6941009163856506,0.35985310907870477
BH_s16_low,0,178,5.933333333333334,0.5455077290534973,0.1333747471256387
BH_s16_low,0,179,5.966666666666667,0.31815093755722046,-0.019269147350165945
BH_s16_low,0,180,6.0,0.09607180207967758,-0.09450771884382124
BH_s16_low,0,181,6.033333333333333,-0.1032712385058403,-0.10509523814716326
BH_s16_low,0,182,6.066666666666666,-0.3026142716407776,-0.07708784472550737
BH_s16_low,0,183,6.1,-0.4812560975551605,-0.04554892376047996
BH_s16_low,0,184,6.133333333333334,-0.6316774487495422,-0.048005252279676364
BH_s16_low,0,185,6.166666666666667,-0.731348991394043,-0.11605820954815683
BH_s16_low,0,186,6.2,-0.8310204744338989,-0.2661249982856761
BH_s16_low,0,187,6.233333333333333,-0.9173033237457275,-0.4909427176242606
BH_s16_low,0,188,6.266666666666667,-0.979613721370697,-0.755933041772401
BH_s16_low,0,189,6.3,-1.089017629623413,-1.0060666013383064
BH_s16_low,0,190,6.333333333333333,-1.2297065258026123,-1.1810863817404396
BH_s16_low,0,191,6.366666666666666,-1.2786282300949097,-1.229553632060702
BH_s16_low,0,192,6.4,-1.3740516901016235,-1.1184623628513917
BH_s16_low,0,193,6.433333333333334,-1.3740516901016235,-0.841840504711628
BH_s16_low,0,194,6.466666666666667,-1.2182514667510986,-0.4267279630137216
BH_s16_low,0,195,6.5,-0.5211952924728394,0.07000142775511506
BH_s16_low,0,196,6.533333333333333,0.37461206316947937,0.5741711967541406
BH_s16_low,0,197,6.566666666666666,1.1340839862823486,1.0098392777080671
BH_s16_low,0,198,6.6,1.45449697971344,1.3132878778796098
BH_s16_low,0,199,6.633333333333334,1.4257375001907349,1.4434690035361464
BH_s16_low,0,200,6.666666666666667,1.4171886444091797,1.3885429478152997
BH_s16_low,0,201,6.7,1.3786438703536987,1.1694037265437571
BH_s16_low,0,202,6.733333333333333,1.2930055856704712,0.8377366300619057
BH_s16_low,0,203,6.766666666666667,1.1444123983383179,0.4634475552373329
BH_s16_low,0,204,6.8,0.9781296849250793,0.11438065509356576
BH_s16_low,0,205,6.833333333333333,0.8784582018852234,-0.16102744485157516
BH_s16_low,0,206,6.866666666666666,0.7787866592407227,-0.34151064002221065
BH_s16_low,0,207,6.9,0.6007893681526184,-0.4298645061728164
BH_s16_low,0,208,6.933333333333334,0.35069647431373596,-0.4436171874035117
BH_s16_low,0,209,6.966666666666667,0.15135344862937927,-0.4087139297358595
BH_s16_low,0,210,7.0,-0.04798959940671921,-0.3573360881710395
BH_s16_low,0,211,7.033333333333333,-0.1965828239917755,-0.32281564090929094
BH_s16_low,0,212,7.066666666666666,-0.3451760411262512,-0.3302643526810522
BH_s16_low,0,213,7.1,-0.49376925826072693,-0.3878966343025941
BH_s16_low,0,214,7.133333333333334,-0.6275834441184998,-0.48352113927686685
BH_s16_low,0,215,7.166666666666667,-0.7402058839797974,-0.5891164969365975
BH_s16_low,0,216,7.2,-0.8776763081550598,-0.67111313886702
BH_s16_low,0,217,7.233333333333333,-0.9773477911949158,-0.6992683838579821
BH_s16_low,0,218,7.266666666666667,-1.0770193338394165,-0.6512651199876714
BH_s16_low,0,219,7.3,-1.1823292970657349,-0.5149221530212904
BH_s16_low,0,220,7.333333333333333,-1.2687418460845947,-0.2902828458112346
BH_s16_low,0,221,7.366666666666666,-1.0049278736114502,0.006625367010812728
BH_s16_low,0,222,7.4,-0.2563233971595764,0.3411605731274073
BH_s16_low,0,223,7.433333333333334,0.6392002105712891,0.6652255069832084
BH_s16_low,0,224,7.466666666666667,1.2981778383255005,0.9294668838074561
BH_s16_low,0,225,7.5,1.5133578777313232,1.0943661895933878
BH_s16_low,0,226,7.533333333333333,1.424347162246704,1.1363760968538574
BH_s16_low,0,227,7.566666666666666,1.4171886444091797,1.0502985342678146
BH_s16_low,0,228,7.6,1.366438865661621,0.8492971600341102
BH_s16_low,0,229,7.633333333333334,1.2268322706222534,0.5635641649579037
BH_s16_low,0,230,7.666666666666667,1.0401320457458496,0.23683859912172853
BH_s16_low,0,231,7.7,0.8752396702766418,-0.08152275978999858
BH_s16_low,0,232,7.733333333333333,0.7248183488845825,-0.3473375968696988
BH_s16_low,0,233,7.766666666666667,0.5743970274925232,-0.5299348169185076
BH_s16_low,0,234,7.8,0.3660430610179901,-0.6156507364092206
BH_s16_low,0,235,7.833333333333333,0.14491648972034454,-0.6074291836387596
BH_s16_low,0,236,7.866666666666666,-0.07986633479595184,-0.522530437531143
BH_s16_low,0,237,7.9,-0.2537696063518524,-0.3907799380552376
BH_s16_low,0,238,7.933333333333334,-0.4531126320362091,-0.25210407937357704
BH_s16_low,0,239,7.966666666666667,-0.5818802118301392,-0.14890819177903158
BH_s16_low,0,240,8.0,-0.7323015332221985,-0.11347722072265592
BH_s16_low,0,241,8.033333333333333,-0.8319730758666992,-0.15551539002195175
BH_s16_low,0,242,8.066666666666666,-0.9316445589065552,-0.2561479069509587
BH_s16_low,0,243,8.1,-1.0313161611557007,-0.3744446426884211
BH_s16_low,0,244,8.133333333333333,-1.1309876441955566,-0.46322537416732595
BH_s16_low,0,245,8.166666666666666,-1.2306591272354126,-0.4823566133070343
BH_s16_low,0,246,8.2,-1.27958083152771,-0.4054499467927007
BH_s16_low,0,247,8.233333333333333,-1.379252314567566,-0.22426641274271633
BH_s16_low,0,248,8.266666666666667,-1.4721789360046387,0.04754804803872498
BH_s16_low,0,249,8.3,-1.210991621017456,0.3732068225035182
BH_s16_low,0,250,8.333333333333334,-0.46282491087913513,0.6967626486644408
BH_s16_low,0,251,8.366666666666667,0.4825729429721832,0.9551866011246384
BH_s16_low,0,252,8.4,1.241299033164978,1.0952232364176293
BH_s16_low,0,253,8.433333333333334,1.4621703624725342,1.0860302296255335
BH_s16_low,0,254,8.466666666666667,1.4679384231567383,0.9242537741873648
BH_s16_low,0,255,8.5,1.4266129732131958,0.6343234267177662
BH_s16_low,0,256,8.533333333333333,1.4171886444091797,0.2648063633008992
BH_s16_low,0,257,8.566666666666666,1.3287696838378906,-0.12057748999715728
BH_s16_low,0,258,8.6,1.1425071954727173,-0.4563596966404291
BH_s16_low,0,259,8.633333333333333,0.892414391040802,-0.6897801198998714
BH_s16_low,0,260,8.666666666666666,0.7438211441040039,-0.7919748745838842
BH_s16_low,0,261,8.7,0.625584602355957,-0.7613520593312728
BH_s16_low,0,262,8.733333333333333,0.4466347396373749,-0.6194342713367309
BH_s16_low,0,263,8.766666666666667,0.19654186069965363,-0.40402698927081054
BH_s16_low,0,264,8.8,-0.028678730130195618,-0.16230442985593857
BH_s16_low,0,265,8.833333333333334,-0.20214422047138214,0.056381620860092255
BH_s16_low,0,266,8.866666666666667,-0.4014872610569,0.20838855486273308
BH_s16_low,0,267,8.9,-0.5306925773620605,0.26453230920791454
BH_s16_low,0,268,8.933333333333334,-0.6811139583587646,0.2172978641935785
BH_s16_low,0,269,8.966666666666667,-0.7807854413986206,0.08192141679967639
BH_s16_low,0,270,9.0,-0.8804569840431213,-0.10879982873624305
BH_s16_low,0,271,9.033333333333333,-0.9801285266876221,-0.3116703593652344
BH_s16_low,0,272,9.066666666666666,-1.0695527791976929,-0.47986297964809477
BH_s16_low,0,273,9.1,-1.1287217140197754,-0.5692957811775873
BH_s16_low,0,274,9.133333333333333,-1.2283931970596313,-0.546186807966401
BH_s16_low,0,275,9.166666666666666,-1.2725521326065063,-0.3980976023136012
BH_s16_low,0,276,9.2,-1.2129980325698853,-0.14437736383049019
BH_s16_low,0,277,9.233333333333333,-0.7562010884284973,0.163680095519648
BH_s16_low,0,278,9.266666666666667,0.09119938313961029,0.4557010710809188
BH_s16_low,0,279,9.3,0.9400429129600525,0.6630172593250936
BH_s16_low,0,280,9.333333333333334,1.4040552377700806,0.7391911116411207
BH_s16_low,0,281,9.366666666666667,1.4679384231567383,0.6707005838666769
BH_s16_low,0,282,9.4,1.4171886444091797,0.4756661807973222
BH_s16_low,0,283,9.433333333333334,1.3763009309768677,0.19614195130213047
BH_s16_low,0,284,9.466666666666667,1.3273793458938599,-0.11198323258335902
BH_s16_low,0,285,9.5,1.1769579648971558,-0.3898537230116909
BH_s16_low,0,286,9.533333333333333,0.9911333322525024,-0.5858257220984879
BH_s16_low,0,287,9.566666666666666,0.8425401449203491,-0.6636180514326667
BH_s16_low,0,288,9.6,0.7256938815116882,-0.607531801188961
BH_s16_low,0,289,9.633333333333333,0.5453537106513977,-0.4241937490759697
BH_s16_low,0,290,9.666666666666666,0.34601065516471863,-0.14119617122429712
BH_s16_low,0,291,9.7,0.09591777622699738,0.19627553581749524
BH_s16_low,0,292,9.733333333333333,-0.10342526435852051,0.531432586280196
BH_s16_low,0,293,9.766666666666667,-0.28016194701194763,0.8064382989210647
BH_s16_low,0,294,9.8,-0.43058329820632935,0.9758399206033462
BH_s16_low,0,295,9.833333333333334,-0.5810046195983887,1.0176044976484808
BH_s16_low,0,296,9.866666666666667,-0.6806761622428894,0.9369733251142179
BH_s16_low,0,297,9.9,-0.7803477048873901,0.7598910180405315
BH_s16_low,0,298,9.933333333333334,-0.8800191879272461,0.5198509984236955
BH_s16_low,0,299,9.966666666666667,-0.9796907305717468,0.24815963106146743
BH_s16_low,1,0,10.0,-1.0793622732162476,0.08908170554079767
BH_s16_low,1,1,10.033333333333333,-1.1710524559020996,0.35050320619750613
BH_s16_low,1,2,10.066666666666666,-1.2218022346496582,0.5926053131228861
BH_s16_low,1,3,10.1,-1.0522525310516357,0.7971295663859258
BH_s16_low,1,4,10.133333333333333,-0.4888322055339813,0.9444200648834477
BH_s16_low,1,5,10.166666666666666,0.40821146965026855,1.0173472165034732
BH_s16_low,1,6,10.2,1.2060741186141968,1.0074407403330161
BH_s16_low,1,7,10.233333333333333,1.5634632110595703,0.9189871576105565
BH_s16_low,1,8,10.266666666666667,1.569438099861145,0.7686463933273464
BH_s16_low,1,9,10.3,1.569438099861145,0.5805424903978404
BH_s16_low,1,10,10.333333333333334,1.569438099861145,0.3789514116669736
BH_s16_low,1,11,10.366666666666667,1.488538384437561,0.18241611777059913
BH_s16_low,1,12,10.4,1.2891952991485596,0.0010569128045717809
BH_s16_low,1,13,10.433333333333334,1.0391024351119995,-0.16351161657363725
BH_s16_low,1,14,10.466666666666667,0.8397594094276428,-0.3162748849889632
BH_s16_low,1,15,10.5,0.6735537052154541,-0.46536972671957694
BH_s16_low,1,16,10.533333333333333,0.5231323838233948,-0.6178652205370264
BH_s16_low,1,17,10.566666666666666,0.313748836517334,-0.7757965697232525
BH_s16_low,1,18,10.6,0.06548410654067993,-0.9333022153226528
BH_s16_low,1,19,10.633333333333333,-0.13203079998493195,-1.075466411186177
BH_s16_low,1,20,10.666666666666666,-0.3562988340854645,-1.1795592797632053
BH_s16_low,1,21,10.7,-0.5048920512199402,-1.2192962500905855
BH_s16_low,1,22,10.733333333333333,-0.6534852385520935,-1.1711230101218528
BH_s16_low,1,23,10.766666666666667,-0.8020784854888916,-1.0200437932824145
BH_s16_low,1,24,10.8,-0.9506716728210449,-0.7637712062185522
BH_s16_low,1,25,10.833333333333334,-1.0844088792800903,-0.41535389918183657
BH_s16_low,1,26,10.866666666666667,-1.1840803623199463,-0.003711059245317906
BH_s16_low,1,27,10.9,-1.2837518453598022,0.4291756027215503
BH_s16_low,1,28,10.933333333333334,-1.3740516901016235,0.834712911093954
BH_s16_low,1,29,10.966666666666667,-1.4323451519012451,1.1669211899480425
BH_s16_low,1,30,11.0,-1.4641205072402954,1.3917725523461655
BH_s16_low,1,31,11.033333333333333,-1.0892043113708496,1.4926317796128754
BH_s16_low,1,32,11.066666666666666,-0.2390231043100357,1.4705322064391568
BH_s16_low,1,33,11.1,0.6575585007667542,1.34092856621341
BH_s16_low,1,34,11.133333333333333,1.2569537162780762,1.1287647728205141
BH_s16_low,1,35,11.166666666666666,1.413763403892517,0.8634536973974191
BH_s16_low,1,36,11.2,1.4171886444091797,0.5745728729953408
BH_s16_low,1,37,11.233333333333333,1.4608570337295532,0.28826384643404
BH_s16_low,1,38,11.266666666666667,1.4171886444091797,0.024517723957236812
BH_s16_low,1,39,11.3,1.286414623260498,-0.204176806833402
BH_s16_low,1,40,11.333333333333334,1.036321759223938,-0.3926570134854305
BH_s16_low,1,41,11.366666666666667,0.8369787335395813,-0.5415328289905386
BH_s16_low,1,42,11.4,0.6883854866027832,-0.6550127617221908
BH_s16_low,1,43,11.433333333333334,0.5397922992706299,-0.7393065937110432
BH_s16_low,1,44,11.466666666666667,0.3404492437839508,-0.8017007824314943
BH_s16_low,1,45,11.5,0.09035637974739075,-0.8493472893276931
BH_s16_low,1,46,11.533333333333333,-0.10898666083812714,-0.8872651697648315
BH_s16_low,1,47,11.566666666666666,-0.308329701423645,-0.9157348771077488
BH_s16_low,1,48,11.6,-0.5076727271080017,-0.9282072649359002
BH_s16_low,1,49,11.633333333333333,-0.6345351338386536,-0.9115525951300054
BH_s16_low,1,50,11.666666666666666,-0.7342066764831543,-0.8490348111935081
BH_s16_low,1,51,11.7,-0.833878219127655,-0.7248240474928606
BH_s16_low,1,52,11.733333333333333,-0.933549702167511,-0.5291509757689012
BH_s16_low,1,53,11.766666666666667,-1.0332212448120117,-0.26357035415677293
BH_s16_low,1,54,11.8,-1.1454828977584839,0.05553338629304805
BH_s16_low,1,55,11.833333333333334,-1.2833141088485718,0.39805309154811536
BH_s16_low,1,56,11.866666666666667,-1.3829855918884277,0.7262090394310886
BH_s16_low,1,57,11.9,-1.3527344465255737,1.0031952109588909
BH_s16_low,1,58,11.933333333333334,-0.8750821352005005,1.2012580473325656
BH_s16_low,1,59,11.966666666666667,-0.026960168033838272,1.3058540077859433
BH_s16_low,1,60,12.0,0.8162976503372192,1.3152842368055835
BH_s16_low,1,61,12.033333333333333,1.213569164276123,1.2379620953174824
BH_s16_low,1,62,12.066666666666666,1.2649391889572144,1.0890907002789623
BH_s16_low,1,63,12.1,1.1673024892807007,0.8877079434153692
BH_s16_low,1,64,12.133333333333333,1.1183807849884033,0.654273245274064
BH_s16_low,1,65,12.166666666666666,1.0187093019485474,0.40827385928686705
BH_s16_low,1,66,12.2,0.8776353597640991,0.1657268029233041
BH_s16_low,1,67,12.233333333333333,0.7178665995597839,-0.06300085394383599
BH_s16_low,1,68,12.266666666666667,0.5296990871429443,-0.2742067761598796
BH_s16_low,1,69,12.3,0.4170238971710205,-0.4696145976336905
BH_s16_low,1,70,12.333333333333334,0.23251263797283173,-0.653246823944239
BH_s16_low,1,71,12.366666666666667,0.03316959738731384,-0.8281762106850103
BH_s16_low,1,72,12.4,-0.16617344319820404,-0.9939783488220939
BH_s16_low,1,73,12.433333333333334,-0.38766077160835266,-1.144660784204808
BH_s16_low,1,74,12.466666666666667,-0.5648595094680786,-1.2673781734260043
BH_s16_low,1,75,12.5,-0.7134527564048767,-1.3427886486163392
BH_s16_low,1,76,12.533333333333333,-0.86204594373703,-1.3476310571403323
BH_s16_low,1,77,12.566666666666666,-0.9893461465835571,-1.2596310795285914
BH_s16_low,1,78,12.6,-1.089017629623413,-1.0640372034062264
BH_s16_low,1,79,12.633333333333333,-1.1886892318725586,-0.7602735277774418
BH_s16_low,1,80,12.666666666666666,-1.2883607149124146,-0.36632427014779206
BH_s16_low,1,81,12.7,-1.3880321979522705,0.0819577719984692
BH_s16_low,1,82,12.733333333333333,-1.4755513668060303,0.5369107237987863
BH_s16_low,1,83,12.766666666666667,-1.577051043510437,0.9481531418630333
BH_s16_low,1,84,12.8,-1.5008128881454468,1.272099417141889
BH_s16_low,1,85,12.833333333333334,-1.0162088871002197,1.4794582014274222
BH_s16_low,1,86,12.866666666666667,-0.11249715834856033,1.5590357883159798
BH_s16_low,1,87,12.9,0.7277732491493225,1.517131821582153
BH_s16_low,1,88,12.933333333333334,1.215372920036316,1.373397561966736
BH_s16_low,1,89,12.966666666666667,1.2649391889572144,1.1553660523366769
BH_s16_low,1,90,13.0,1.2166619300842285,0.8933394408300726
BH_s16_low,1,91,13.033333333333333,1.2141892910003662,0.6165070689954647
BH_s16_low,1,92,13.066666666666666,1.1188186407089233,0.35010162650445154
BH_s16_low,1,93,13.1,0.9763543009757996,0.11257364076849463
BH_s16_low,1,94,13.133333333333333,0.736046552658081,-0.08706504792187053
BH_s16_low,1,95,13.166666666666666,0.526918351650238,-0.25033405264781006
BH_s16_low,1,96,13.2,0.3783251643180847,-0.38786406176469573
BH_s16_low,1,97,13.233333333333333,0.21446238458156586,-0.5152255655285991
BH_s16_low,1,98,13.266666666666667,-0.020360928028821945,-0.6471197847815344
BH_s16_low,1,99,13.3,-0.21970397233963013,-0.7922355901527381
BH_s16_low,1,100,13.333333333333334,-0.4697968363761902,-0.9499533737219217
BH_s16_low,1,101,13.366666666666667,-0.7198897004127502,-1.108821385432991
BH_s16_low,1,102,13.4,-0.8928931355476379,-1.247003715722842
BH_s16_low,1,103,13.433333333333334,-1.0433144569396973,-1.3351908493101188
BH_s16_low,1,104,13.466666666666667,-1.165669322013855,-1.3420817356072405
BH_s16_low,1,105,13.5,-1.2934073209762573,-1.241995228663269
BH_s16_low,1,106,13.533333333333333,-1.3930788040161133,-1.0228419486359583
BH_s16_low,1,107,13.566666666666666,-1.4927504062652588,-0.6915729131310399
BH_s16_low,1,108,13.6,-1.5924218893051147,-0.27504684846927596
BH_s16_low,1,109,13.633333333333333,-1.6920933723449707,0.18451136708200336
BH_s16_low,1,110,13.666666666666666,-1.7917649745941162,0.637972920902153
BH_s16_low,1,111,13.7,-1.8914364576339722,1.0381629022186443
BH_s16_low,1,112,13.733333333333333,-1.9242414236068726,1.3468858695833505
BH_s16_low,1,113,13.766666666666667,-1.5841894149780273,1.5395047160242226
BH_s16_low,1,114,13.8,-0.7717828154563904,1.6068051575621771
BH_s16_low,1,115,13.833333333333334,0.11828484386205673,1.554109603607401
BH_s16_low,1,116,13.866666666666667,0.8096823692321777,1.3983482357413248
BH_s16_low,1,117,13.9,0.9593579173088074,1.1643636418760472
BH_s16_low,1,118,13.933333333333334,0.9126008152961731,0.881076148658072
BH_s16_low,1,119,13.966666666666667,0.9096903800964355,0.5774600244997472
BH_s16_low,1,120,14.0,0.9096903800964355,0.2785580331270438
BH_s16_low,1,121,14.033333333333333,0.8165855407714844,0.0021480881634722213
BH_s16_low,1,122,14.066666666666666,0.6256373524665833,-0.24302183171485192
BH_s16_low,1,123,14.1,0.46499302983283997,-0.45636605341343817
BH_s16_low,1,124,14.133333333333333,0.31457167863845825,-0.6422437839604668
BH_s16_low,1,125,14.166666666666666,0.17985767126083374,-0.8059848254966708
BH_s16_low,1,126,14.2,-0.019485369324684143,-0.9505706688872415
BH_s16_low,1,127,14.233333333333333,-0.16807858645915985,-1.0749408218060137
BH_s16_low,1,128,14.266666666666667,-0.36742162704467773,-1.1738334397484236
BH_s16_low,1,129,14.3,-0.5390346646308899,-1.238126284177826
BH_s16_low,1,130,14.333333333333334,-0.689456045627594,-1.2553829176619722
BH_s16_low,1,131,14.366666666666667,-0.78912752866745,-1.211133800894654
BH_s16_low,1,132,14.4,-0.8887990713119507,-1.0914715466187697
BH_s16_low,1,133,14.433333333333334,-0.9884706139564514,-0.8873409989061117
BH_s16_low,1,134,14.466666666666667,-1.1388919353485107,-0.5996094982805052
BH_s16_low,1,135,14.5,-1.2385634183883667,-0.24279491454166033
BH_s16_low,1,136,14.533333333333333,-1.3382350206375122,0.15455727789658455
BH_s16_low,1,137,14.566666666666666,-1.4379065036773682,0.5542762212205278
BH_s16_low,1,138,14.6,-1.5375779867172241,0.9164609812283492
BH_s16_low,1,139,14.633333333333333,-1.5581536293029785,1.2070894630215476
BH_s16_low,1,140,14.666666666666666,-1.226828694343567,1.4029014122993433
BH_s16_low,1,141,14.7,-0.459172785282135,1.4929007065761764
BH_s16_low,1,142,14.733333333333333,0.4299422800540924,1.4773013113183135
BH_s16_low,1,143,14.766666666666667,1.0154623985290527,1.3658896901790945
BH_s16_low,1,144,14.8,1.1123815774917603,1.176428692324471
BH_s16_low,1,145,14.833333333333334,1.0127100944519043,0.9322611774754228
BH_s16_low,1,146,14.866666666666667,0.9604402184486389,0.6588752287371156
BH_s16_low,1,147,14.9,0.9096903800964355,0.37998560972601725
BH_s16_low,1,148,14.933333333333334,0.771449863910675,0.11409634585447033
BH_s16_low,1,149,14.966666666666667,0.6140240430831909,-0.12721992120878617
BH_s16_low,1,150,15.0,0.4636026918888092,-0.33917962398189777
BH_s16_low,1,151,15.033333333333333,0.3131813406944275,-0.5227018027870793
BH_s16_low,1,152,15.066666666666666,0.17707698047161102,-0.6826570710822527
BH_s16_low,1,153,15.1,-0.022266067564487457,-0.8250619480196068
BH_s16_low,1,154,15.133333333333333,-0.22160911560058594,-0.9536711825310924
BH_s16_low,1,155,15.166666666666666,-0.4209521412849426,-1.0672578715623582
BH_s16_low,1,156,15.2,-0.6202951669692993,-1.158515927366553
BH_s16_low,1,157,15.233333333333333,-0.7688884139060974,-1.2149943848505724
BH_s16_low,1,158,15.266666666666667,-0.9174816012382507,-1.221553566898446
BH_s16_low,1,159,15.3,-1.0424388647079468,-1.1630421235999808
BH_s16_low,1,160,15.333333333333334,-1.1928602457046509,-1.0269927395422116
BH_s16_low,1,161,15.366666666666667,-1.2925317287445068,-0.8071732320868542
BH_s16_low,1,162,15.4,-1.3922033309936523,-0.5075157211510228
BH_s16_low,1,163,15.433333333333334,-1.4755513668060303,-0.14461315465515856
BH_s16_low,1,164,15.466666666666667,-1.5407965183258057,0.25264413313156353
BH_s16_low,1,165,15.5,-1.589718222618103,0.646999025216449
BH_s16_low,1,166,15.533333333333333,-1.6386399269104004,0.9994158170943672
BH_s16_low,1,167,15.566666666666666,-1.6007680892944336,1.2759217649086556
BH_s16_low,1,168,15.6,-1.1643400192260742,1.4527137856293095
BH_s16_low,1,169,15.633333333333333,-0.31086334586143494,1.5182938597574829
BH_s16_low,1,170,15.666666666666666,0.579127311706543,1.4730275281988885
BH_s16_low,1,171,15.7,1.114388108253479,1.3279299779541787
BH_s16_low,1,172,15.733333333333333,1.1634395122528076,1.1031629922512367
BH_s16_low,1,173,15.766666666666667,1.063897728919983,0.8253094234890257
BH_s16_low,1,174,15.8,0.9642261862754822,0.5232556574824744
BH_s16_low,1,175,15.833333333333334,0.9096903800964355,0.22345810231192936
BH_s16_low,1,176,15.866666666666667,0.7648831605911255,-0.054303099000125886
BH_s16_low,1,177,15.9,0.5729823708534241,-0.2993965661949953
BH_s16_low,1,178,15.933333333333334,0.4132906496524811,-0.5102993943189313
BH_s16_low,1,179,15.966666666666667,0.26286929845809937,-0.6919863915380041
BH_s16_low,1,180,16.0,0.12720270454883575,-0.8515649095543807
BH_s16_low,1,181,16.033333333333335,-0.037973400205373764,-0.9937160888527298
BH_s16_low,1,182,16.066666666666666,-0.22073355317115784,-1.117205006130405
BH_s16_low,1,183,16.1,-0.4200766086578369,-1.2132432377494184
BH_s16_low,1,184,16.133333333333333,-0.6194196343421936,-1.266137652383481
BH_s16_low,1,185,16.166666666666668,-0.8187626600265503,-1.256256289381116
BH_s16_low,1,186,16.2,-0.9423295855522156,-1.1648921622169854
BH_s16_low,1,187,16.233333333333334,-1.0420011281967163,-0.9801517581786874
BH_s16_low,1,188,16.266666666666666,-1.1416726112365723,-0.7022438271298795
BH_s16_low,1,189,16.3,-1.2608860731124878,-0.34603505250475886
BH_s16_low,1,190,16.333333333333332,-1.3917654752731323,0.059911226507049165
BH_s16_low,1,191,16.366666666666667,-1.4914370775222778,0.47712599388444726
BH_s16_low,1,192,16.4,-1.5403587818145752,0.8630947964869985
BH_s16_low,1,193,16.433333333333334,-1.6400302648544312,1.1784330001820436
BH_s16_low,1,194,16.466666666666665,-1.7293004989624023,1.3937517159880761
BH_s16_low,1,195,16.5,-1.7035810947418213,1.4939189716182015
BH_s16_low,1,196,16.533333333333335,-1.2760869264602661,1.4788873335353454
BH_s16_low,1,197,16.566666666666666,-0.4670528173446655,1.3618040720238322
BH_s16_low,1,198,16.6,0.42072463035583496,1.1651828693724309
BH_s16_low,1,199,16.633333333333333,0.9617008566856384,0.915822899392894
BH_s16_low,1,200,16.666666666666668,1.0111900568008423,0.639723121397203
BH_s16_low,1,201,16.7,0.912086009979248,0.358636378489514
BH_s16_low,1,202,16.733333333333334,0.8631643056869507,0.08865604829679175
BH_s16_low,1,203,16.766666666666666,0.8142426609992981,-0.15999822661027607
BH_s16_low,1,204,16.8,0.7145711183547974,-0.38246882230792206
BH_s16_low,1,205,16.833333333333332,0.5231080651283264,-0.5779849096114905
BH_s16_low,1,206,16.866666666666667,0.3745148777961731,-0.748211851539941
BH_s16_low,1,207,16.9,0.2633070647716522,-0.8959828156200603
BH_s16_low,1,208,16.933333333333334,0.12807826697826385,-1.024104345142642
BH_s16_low,1,209,16.966666666666665,-0.037535618990659714,-1.133029377758966
BH_s16_low,1,210,17.0,-0.21985799074172974,-1.2178175832352491
BH_s16_low,1,211,17.033333333333335,-0.4192010462284088,-1.2664125920469376
BH_s16_low,1,212,17.066666666666666,-0.6185441017150879,-1.2606223734581055
BH_s16_low,1,213,17.1,-0.7671372890472412,-1.1801841077466988
BH_s16_low,1,214,17.133333333333333,-0.8911420106887817,-1.0090173688710955
BH_s16_low,1,215,17.166666666666668,-0.9908134937286377,-0.7415919586920562
BH_s16_low,1,216,17.2,-1.0695527791976929,-0.3873241382749123
BH_s16_low,1,217,17.233333333333334,-1.1203025579452515,0.028729904179468302
BH_s16_low,1,218,17.266666666666666,-1.1883283853530884,0.4690300034730854
BH_s16_low,1,219,17.3,-1.2372500896453857,0.8891199559859757
BH_s16_low,1,220,17.333333333333332,-1.3369216918945312,1.244550140012669
BH_s16_low,1,221,17.366666666666667,-1.362260103225708,1.498569055357814
BH_s16_low,1,222,17.4,-1.1620213985443115,1.6288668062920737
BH_s16_low,1,223,17.433333333333334,-0.5395861864089966,1.6307261824970531
BH_s16_low,1,224,17.466666666666665,0.3004004657268524,1.5157622485675901
BH_s16_low,1,225,17.5,0.973877489566803,1.3073848130796757
BH_s16_low,1,226,17.533333333333335,1.112689733505249,1.0349048944275974
BH_s16_low,1,227,17.566666666666666,1.0095443725585938,0.7285857604789335
BH_s16_low,1,228,17.6,0.8599458336830139,0.41619664979122634
BH_s16_low,1,229,17.633333333333333,0.760274350643158,0.11993474690223087
BH_s16_low,1,230,17.666666666666668,0.6606028079986572,-0.14622826744097261
BH_s16_low,1,231,17.7,0.5609312653541565,-0.3774115112492806
BH_s16_low,1,232,17.733333333333334,0.46125975251197815,-0.5764065390913857
BH_s16_low,1,233,17.766666666666666,0.3615882396697998,-0.7504820932096019
BH_s16_low,1,234,17.8,0.26191672682762146,-0.9072957697735708
BH_s16_low,1,235,17.833333333333332,0.07454773783683777,-1.0510472923764966
BH_s16_low,1,236,17.866666666666667,-0.08967579156160355,-1.1797363466290172
BH_s16_low,1,237,17.9,-0.27338850498199463,-1.2840277534270703
BH_s16_low,1,238,17.933333333333334,-0.4727315604686737,-1.3479899113379434
BH_s16_low,1,239,17.966666666666665,-0.6213247776031494,-1.351710944046199
BH_s16_low,1,240,18.0,-0.7421110272407532,-1.275527032714999
BH_s16_low,1,241,18.033333333333335,-0.8925323486328125,-1.1052922996829377
BH_s16_low,1,242,18.066666666666666,-0.9414540529251099,-0.8375174168007022
BH_s16_low,1,243,18.1,-1.0411255359649658,-0.48272928293823225
BH_s16_low,1,244,18.133333333333333,-1.1407971382141113,-0.06592474549583636
BH_s16_low,1,245,18.166666666666668,-1.1897188425064087,0.37629040754299475
BH_s16_low,1,246,18.2,-1.2893903255462646,0.8012673124295804
BH_s16_low,1,247,18.233333333333334,-1.3082917928695679,1.1670321103205958
BH_s16_low,1,248,18.266666666666666,-0.9772790670394897,1.4388604890962686
BH_s16_low,1,249,18.3,-0.21747474372386932,1.594783750052426
BH_s16_low,1,250,18.333333333333332,0.6718713641166687,1.6287236957582696
BH_s16_low,1,251,18.366666666666667,1.2803343534469604,1.549750290543655
BH_s16_low,1,252,18.4,1.366438865661621,1.3778369533596733
BH_s16_low,1,253,18.433333333333334,1.3076063394546509,1.138292789986044
BH_s16_low,1,254,18.466666666666665,1.211976170539856,0.8567868128720489
BH_s16_low,1,255,18.5,1.1123045682907104,0.5562562081564214
BH_s16_low,1,256,18.533333333333335,1.0126330852508545,0.25563246165567066
BH_s16_low,1,257,18.566666666666666,0.8147331476211548,-0.030878548674493925
BH_s16_low,1,258,18.6,0.7117903828620911,-0.29432871106029823
BH_s16_low,1,259,18.633333333333333,0.568296492099762,-0.5307019507078251
BH_s16_low,1,260,18.666666666666668,0.4616975486278534,-0.7394836400889764
BH_s16_low,1,261,18.7,0.27111008763313293,-0.9214114743804821
BH_s16_low,1,262,18.733333333333334,0.07176703959703445,-1.0761113669282572
BH_s16_low,1,263,18.766666666666666,-0.12757599353790283,-1.200624867282089
BH_s16_low,1,264,18.8,-0.3269190490245819,-1.288954357713998
BH_s16_low,1,265,18.833333333333332,-0.4934084713459015,-1.331909550704807
BH_s16_low,1,266,18.866666666666667,-0.6241054534912109,-1.3173086650159644
BH_s16_low,1,267,18.9,-0.7435013651847839,-1.231356282083895
BH_s16_low,1,268,18.933333333333334,-0.8431728482246399,-1.0619302202304823
BH_s16_low,1,269,18.966666666666665,-0.9428443908691406,-0.8041145919544554
BH_s16_low,1,270,19.0,-1.0425158739089966,-0.466098049753344
BH_s16_low,1,271,19.033333333333335,-1.142187476158142,-0.0716772975512601
BH_s16_low,1,272,19.066666666666666,-1.241858959197998,0.3423036185268962
BH_s16_low,1,273,19.1,-1.341530442237854,0.7327465826182702
BH_s16_low,1,274,19.133333333333333,-1.3576513528823853,1.0590665338829253
BH_s16_low,1,275,19.166666666666668,-1.0836185216903687,1.2906721706509643
BH_s16_low,1,276,19.2,-0.3458572328090668,1.4113675729445898
BH_s16_low,1,277,19.233333333333334,0.6019362807273865,1.420584504855859
BH_s16_low,1,278,19.266666666666666,1.2922029495239258,1.3315097384245473
BH_s16_low,1,279,19.3,1.4679384231567383,1.166256547373466
BH_s16_low,1,280,19.333333333333332,1.4171886444091797,0.9497349530563284
BH_s16_low,1,281,19.366666666666667,1.4171886444091797,0.7050774407719006
BH_s16_low,1,282,19.4,1.4154132604599,0.45170667002725917
BH_s16_low,1,283,19.433333333333334,1.3157416582107544,0.20521757320285702
BH_s16_low,1,284,19.466666666666665,1.1183322668075562,-0.02201542337557448
BH_s16_low,1,285,19.5,0.9171083569526672,-0.2205125203127149
BH_s16_low,1,286,19.533333333333335,0.7177652716636658,-0.38401555061690884
BH_s16_low,1,287,19.566666666666666,0.5691720843315125,-0.5101142387215898
BH_s16_low,1,288,19.6,0.42057886719703674,-0.600433986832789
BH_s16_low,1,289,19.633333333333333,0.18150748312473297,-0.6594812501564102
BH_s16_low,1,290,19.666666666666668,-0.028857048600912094,-0.6925215203892512
BH_s16_low,1,291,19.7,-0.22820009291172028,-0.704076051442039
BH_s16_low,1,292,19.733333333333334,-0.42754313349723816,-0.6974592610034427
BH_s16_low,1,293,19.766666666666666,-0.5944703817367554,-0.6745465253583379
BH_s16_low,1,294,19.8,-0.7448917031288147,-0.6351871927939884
BH_s16_low,1,295,19.833333333333332,-0.8733227849006653,-0.5761072763736321
BH_s16_low,1,296,19.866666666666667,-0.9949845671653748,-0.49104804243682854
BH_s16_low,1,297,19.9,-1.0946561098098755,-0.37526263706302665
BH_s16_low,1,298,19.933333333333334,-1.1943275928497314,-0.23207738992783206
BH_s16_low,1,299,19.966666666666665,-1.2432492971420288,-0.07433562897777116
BH_s16_low,2,0,20.0,-1.323301911354065,0.06943904860557457
BH_s16_low,2,1,20.033333333333335,-1.3740516901016235,0.35665626010610524
BH_s16_low,2,2,20.066666666666666,-1.4248015880584717,0.6348769628112776
BH_s16_low,2,3,20.1,-1.252629280090332,0.8911091661365538
BH_s16_low,2,4,20.133333333333333,-0.6035463809967041,1.1034611184582304
BH_s16_low,2,5,20.166666666666668,0.30397558212280273,1.2460529697424636
BH_s16_low,2,6,20.2,1.105190634727478,1.2993361889394108
BH_s16_low,2,7,20.233333333333334,1.3732608556747437,1.25872074112978
BH_s16_low,2,8,20.266666666666666,1.3614449501037598,1.1367261761775338
BH_s16_low,2,9,20.3,1.2649391889572144,0.9573348239052513
BH_s16_low,2,10,20.333333333333332,1.263601541519165,0.746097258208977
BH_s16_low,2,11,20.366666666666667,1.163930058479309,0.5235180695625772
BH_s16_low,2,12,20.4,1.0158272981643677,0.3038605117597426
BH_s16_low,2,13,20.433333333333334,0.816484272480011,0.0957391463083765
BH_s16_low,2,14,20.466666666666665,0.6678910255432129,-0.09780645460867331
BH_s16_low,2,15,20.5,0.5622445940971375,-0.28001397573612574
BH_s16_low,2,16,20.533333333333335,0.4118232727050781,-0.4602067554151645
BH_s16_low,2,17,20.566666666666666,0.1713615506887436,-0.6496336771262505
BH_s16_low,2,18,20.6,-0.02798149175941944,-0.8540352501724905
BH_s16_low,2,19,20.633333333333333,-0.17657470703125,-1.067383180984308
BH_s16_low,2,20,20.666666666666668,-0.3759177625179291,-1.2696688580340083
BH_s16_low,2,21,20.7,-0.5245109796524048,-1.4294205003038025
BH_s16_low,2,22,20.733333333333334,-0.6429542899131775,-1.5099180730162831
BH_s16_low,2,23,20.766666666666666,-0.7426257729530334,-1.476599126168326
BH_s16_low,2,24,20.8,-0.8422973155975342,-1.3049760838491693
BH_s16_low,2,25,20.833333333333332,-0.9419688582420349,-0.9900762895882309
BH_s16_low,2,26,20.866666666666667,-1.0416404008865356,-0.5538342408452555
BH_s16_low,2,27,20.9,-1.1413118839263916,-0.04298832018006445
BH_s16_low,2,28,20.933333333333334,-1.190233588218689,0.48236738468915985
BH_s16_low,2,29,20.966666666666665,-1.2551990747451782,0.9617874932301279
BH_s16_low,2,30,21.0,-0.9919283986091614,1.3443442643123291
BH_s16_low,2,31,21.033333333333335,-0.35098084807395935,1.5946935512939133
BH_s16_low,2,32,21.066666666666666,0.5090097784996033,1.6959749508139499
BH_s16_low,2,33,21.1,1.1528517007827759,1.6510016119153612
BH_s16_low,2,34,21.133333333333333,1.3582264184951782,1.4812878685612534
BH_s16_low,2,35,21.166666666666668,1.2585549354553223,1.221664177725368
BH_s16_low,2,36,21.2,1.1588834524154663,0.9112522564882217
BH_s16_low,2,37,21.233333333333334,1.0592118501663208,0.5846097610883702
BH_s16_low,2,38,21.266666666666666,0.9595403671264648,0.2660936398909602
BH_s16_low,2,39,21.3,0.8598688244819641,-0.030850924237596493
BH_s16_low,2,40,21.333333333333332,0.7094475030899048,-0.3005821332724384
BH_s16_low,2,41,21.366666666666667,0.609775960445404,-0.5418746345125308
BH_s16_low,2,42,21.4,0.4657672941684723,-0.7554175967739011
BH_s16_low,2,43,21.433333333333334,0.2746650278568268,-0.940790344661149
BH_s16_low,2,44,21.466666666666665,0.02640029788017273,-1.0933022120324412
BH_s16_low,2,45,21.5,-0.17111462354660034,-1.2029140766183593
BH_s16_low,2,46,21.533333333333335,-0.3823547065258026,-1.2562193218423052
BH_s16_low,2,47,21.566666666666666,-0.5309479236602783,-1.2409567174009672
BH_s16_low,2,48,21.6,-0.6461727619171143,-1.1504636713060545
BH_s16_low,2,49,21.633333333333333,-0.7458442449569702,-0.9840494738777907
BH_s16_low,2,50,21.666666666666668,-0.845515787601471,-0.7445983689967397
BH_s16_low,2,51,21.7,-0.9451873302459717,-0.4395912537511828
BH_s16_low,2,52,21.733333333333334,-1.0448588132858276,-0.08567417442394468
BH_s16_low,2,53,21.766666666666666,-1.1203025579452515,0.28926216425226464
BH_s16_low,2,54,21.8,-1.193452000617981,0.6493743003022463
BH_s16_low,2,55,21.833333333333332,-1.2423737049102783,0.958427433735573
BH_s16_low,2,56,21.866666666666667,-1.1468287706375122,1.1878832531116432
BH_s16_low,2,57,21.9,-0.5789821743965149,1.3200120073230441
BH_s16_low,2,58,21.933333333333334,0.248564213514328,1.3463755689649477
BH_s16_low,2,59,21.966666666666665,1.1282347440719604,1.2676233709437688
BH_s16_low,2,60,22.0,1.5301191806793213,1.0956630578317894
BH_s16_low,2,61,22.033333333333335,1.5090855360031128,0.8540522333701035
BH_s16_low,2,62,22.066666666666666,1.4094140529632568,0.5743917629712729
BH_s16_low,2,63,22.1,1.3604923486709595,0.2891420900995814
BH_s16_low,2,64,22.133333333333333,1.2567025423049927,0.023424896113294687
BH_s16_low,2,65,22.166666666666668,1.0596497058868408,-0.20998722945964052
BH_s16_low,2,66,22.2,0.9087662100791931,-0.4103981711390171
BH_s16_low,2,67,22.233333333333334,0.7588069438934326,-0.5841006241026079
BH_s16_low,2,68,22.266666666666666,0.6083856225013733,-0.7372942837346278
BH_s16_low,2,69,22.3,0.412236750125885,-0.8715208713627255
BH_s16_low,2,70,22.333333333333332,0.21289372444152832,-0.9825967020649281
BH_s16_low,2,71,22.366666666666667,-0.037199147045612335,-1.0604110310019235
BH_s16_low,2,72,22.4,-0.23654219508171082,-1.0893047945659553
BH_s16_low,2,73,22.433333333333334,-0.4358852207660675,-1.051202853792351
BH_s16_low,2,74,22.466666666666665,-0.5986413955688477,-0.9318104721654407
BH_s16_low,2,75,22.5,-0.7330716848373413,-0.7280613795622723
BH_s16_low,2,76,22.533333333333335,-0.8487342596054077,-0.4529919816699898
BH_s16_low,2,77,22.566666666666666,-0.9795082807540894,-0.13309104866742819
BH_s16_low,2,78,22.6,-1.0988271236419678,0.20014772588904153
BH_s16_low,2,79,22.633333333333333,-1.1984986066818237,0.5165127767717779
BH_s16_low,2,80,22.666666666666668,-1.2981702089309692,0.7889596803699458
BH_s16_low,2,81,22.7,-1.3470919132232666,0.9950097148936448
BH_s16_low,2,82,22.733333333333334,-1.4248015880584717,1.1193630186386685
BH_s16_low,2,83,22.766666666666666,-1.4554176330566406,1.1565980178081867
BH_s16_low,2,84,22.8,-1.111968755722046,1.1121034800417715
BH_s16_low,2,85,22.833333333333332,-0.3972800076007843,0.9991570798647584
BH_s16_low,2,86,22.866666666666667,0.5847858786582947,0.8337275140727742
BH_s16_low,2,87,22.9,1.3162239789962769,0.6318656863810922
BH_s16_low,2,88,22.933333333333334,1.569438099861145,0.4101017696091256
BH_s16_low,2,89,22.966666666666665,1.5003584623336792,0.18479992163817544
BH_s16_low,2,90,23.0,1.4098517894744873,-0.030758006954640607
BH_s16_low,2,91,23.033333333333335,1.3101803064346313,-0.22954105146885104
BH_s16_low,2,92,23.066666666666666,1.1560784578323364,-0.41190623627048006
BH_s16_low,2,93,23.1,0.956735372543335,-0.5827607879079146
BH_s16_low,2,94,23.133333333333333,0.7573923468589783,-0.7457847726677841
BH_s16_low,2,95,23.166666666666668,0.6069952845573425,-0.8985362561960539
BH_s16_low,2,96,23.2,0.4565739333629608,-1.0306585798997814
BH_s16_low,2,97,23.233333333333334,0.2608628571033478,-1.125329595295821
BH_s16_low,2,98,23.266666666666666,0.01805819943547249,-1.1625755643552942
BH_s16_low,2,99,23.3,-0.18857306241989136,-1.1219524855101564
BH_s16_low,2,100,23.333333333333332,-0.4386659264564514,-0.9853881521743839
BH_s16_low,2,101,23.366666666666667,-0.6000317335128784,-0.7438798474981979
BH_s16_low,2,102,23.4,-0.7504531145095825,-0.406075547576611
BH_s16_low,2,103,23.433333333333334,-0.8844456076622009,-0.0014113429631959322
BH_s16_low,2,104,23.466666666666665,-1.0005459785461426,0.424623976985829
BH_s16_low,2,105,23.5,-1.1002174615859985,0.8199991051706544
BH_s16_low,2,106,23.533333333333335,-1.199889063835144,1.1368905126245457
BH_s16_low,2,107,23.566666666666666,-1.2488106489181519,1.340416921800045
BH_s16_low,2,108,23.6,-1.3484822511672974,1.4139340881985598
BH_s16_low,2,109,23.633333333333333,-1.4248015880584717,1.3613488578296762
BH_s16_low,2,110,23.666666666666668,-1.4755513668060303,1.2054514366346423
BH_s16_low,2,111,23.7,-1.5066052675247192,0.98003436195599
BH_s16_low,2,112,23.733333333333334,-1.2160950899124146,0.7184807481466079
BH_s16_low,2,113,23.766666666666666,-0.4524076282978058,0.4459298295401446
BH_s16_low,2,114,23.8,0.47934621572494507,0.17785175121891483
BH_s16_low,2,115,23.833333333333332,1.2129731178283691,-0.07697045927750593
BH_s16_low,2,116,23.866666666666667,1.4171886444091797,-0.3123546980358133
BH_s16_low,2,117,23.9,1.3069617748260498,-0.5232122875873026
BH_s16_low,2,118,23.933333333333334,1.2141892910003662,-0.7066305409157456
BH_s16_low,2,119,23.966666666666665,1.1583685874938965,-0.8619734906689144
BH_s16_low,2,120,24.0,1.0554543733596802,-0.988745242155832
BH_s16_low,2,121,24.033333333333335,0.9068611264228821,-1.0836937268795992
BH_s16_low,2,122,24.066666666666666,0.7578544020652771,-1.1392458559817351
BH_s16_low,2,123,24.1,0.6581828594207764,-1.145435401074648
BH_s16_low,2,124,24.133333333333333,0.5585113763809204,-1.0933375563307763
BH_s16_low,2,125,24.166666666666668,0.4139878749847412,-0.9744484238937915
BH_s16_low,2,126,24.2,0.17162100970745087,-0.7779978885963925
BH_s16_low,2,127,24.233333333333334,-0.03544802963733673,-0.49511642161598773
BH_s16_low,2,128,24.266666666666666,-0.23479107022285461,-0.12979362705450678
BH_s16_low,2,129,24.3,-0.4341341257095337,0.292614469470467
BH_s16_low,2,130,24.333333333333332,-0.5470160245895386,0.725498099695589
BH_s16_low,2,131,24.366666666666667,-0.6466875672340393,1.1112308497140972
BH_s16_low,2,132,24.4,-0.7463590502738953,1.3969949078107038
BH_s16_low,2,133,24.433333333333334,-0.846030592918396,1.5466310606819762
BH_s16_low,2,134,24.466666666666665,-0.9457021355628967,1.5453926146668584
BH_s16_low,2,135,24.5,-1.0453736782073975,1.4013773755860608
BH_s16_low,2,136,24.533333333333335,-1.1203025579452515,1.1442326564460732
BH_s16_low,2,137,24.566666666666666,-1.1710524559020996,0.8182878241442565
BH_s16_low,2,138,24.6,-0.964121401309967,0.47084307398075975
BH_s16_low,2,139,24.633333333333333,-0.3064896762371063,0.14002021271905987
BH_s16_low,2,140,24.666666666666668,0.5764923691749573,-0.15319099256457036
BH_s16_low,2,141,24.7,1.327346682548523,-0.4047679596396178
BH_s16_low,2,142,24.733333333333334,1.555664300918579,-0.6202930461524194
BH_s16_low,2,143,24.766666666666666,1.4559928178787231,-0.8058881256935545
BH_s16_low,2,144,24.8,1.3563213348388672,-0.9618349194499455
BH_s16_low,2,145,24.833333333333332,1.2566497325897217,-1.0811922193434569
BH_s16_low,2,146,24.866666666666667,1.1505169868469238,-1.15267535336085
BH_s16_low,2,147,24.9,0.9511739611625671,-1.1643402175418294
BH_s16_low,2,148,24.933333333333334,0.8053857684135437,-1.106603951052099
BH_s16_low,2,149,24.966666666666665,0.7047373652458191,-0.9754221373403134
BH_s16_low,2,150,25.0,0.5552929043769836,-0.7750715620918417
BH_s16_low,2,151,25.033333333333335,0.40487152338027954,-0.5186349360296574
BH_s16_low,2,152,25.066666666666666,0.15745805203914642,-0.22552973008460356
BH_s16_low,2,153,25.1,-0.04188498854637146,0.08314015811872968
BH_s16_low,2,154,25.133333333333333,-0.24122802913188934,0.3888299516504141
BH_s16_low,2,155,25.166666666666668,-0.4405710697174072,0.6756454509659647
BH_s16_low,2,156,25.2,-0.5891643166542053,0.927049227329081
BH_s16_low,2,157,25.233333333333334,-0.751405656337738,1.1242314578270385
BH_s16_low,2,158,25.266666666666666,-0.8510771989822388,1.2482805417144025
BH_s16_low,2,159,25.3,-1.0014985799789429,1.2847702946578405
BH_s16_low,2,160,25.333333333333332,-1.1011700630187988,1.2281652179939215
BH_s16_low,2,161,25.366666666666667,-1.2008415460586548,1.082871493825791
BH_s16_low,2,162,25.4,-1.2725521326065063,0.861384873759653
BH_s16_low,2,163,25.433333333333334,-1.3494348526000977,0.5834049518184529
BH_s16_low,2,164,25.466666666666665,-1.2503876686096191,0.2756220325707564
BH_s16_low,2,165,25.5,-0.7374902963638306,-0.03214919835706039
BH_s16_low,2,166,25.533333333333335,0.15192872285842896,-0.3145211222156552
BH_s16_low,2,167,25.566666666666666,1.0921828746795654,-0.5573131179762988
BH_s16_low,2,168,25.6,1.586430311203003,-0.7595591798746043
BH_s16_low,2,169,25.633333333333333,1.6201878786087036,-0.9281941823146143
BH_s16_low,2,170,25.666666666666668,1.5561021566390991,-1.0680828198145083
BH_s16_low,2,171,25.7,1.4679384231567383,-1.1746723398263392
BH_s16_low,2,172,25.733333333333334,1.4075088500976562,-1.2331122227145308
BH_s16_low,2,173,25.766666666666666,1.249235987663269,-1.223361564400606
BH_s16_low,2,174,25.8,1.0438694953918457,-1.128007512314408
BH_s16_low,2,175,25.833333333333332,0.8039953708648682,-0.9375563534168375
BH_s16_low,2,176,25.866666666666667,0.6535740494728088,-0.6528586671242845
BH_s16_low,2,177,25.9,0.5026136040687561,-0.28906821647953856
BH_s16_low,2,178,25.933333333333334,0.3032705783843994,0.12058627462061232
BH_s16_low,2,179,25.966666666666665,0.05317770689725876,0.528703263380922
BH_s16_low,2,180,26.0,-0.14616534113883972,0.885633073525099
BH_s16_low,2,181,26.033333333333335,-0.3962582051753998,1.152341964223813
BH_s16_low,2,182,26.066666666666666,-0.5956012606620789,1.3083469582570808
BH_s16_low,2,183,26.1,-0.7441944479942322,1.3513837677246199
BH_s16_low,2,184,26.133333333333333,-0.8927876949310303,1.2912757227126546
BH_s16_low,2,185,26.166666666666668,-1.0047169923782349,1.1454929442288586
BH_s16_low,2,186,26.2,-1.1392242908477783,0.9377125260871924
BH_s16_low,2,187,26.233333333333334,-1.254809856414795,0.694308271384601
BH_s16_low,2,188,26.266666666666666,-1.3544814586639404,0.43844427888948223
BH_s16_low,2,189,26.3,-1.4541529417037964,0.18646620290941707
BH_s16_low,2,190,26.333333333333332,-1.5030746459960938,-0.05185949947708702
BH_s16_low,2,191,26.366666666666667,-1.3220211267471313,-0.271203040129125
BH_s16_low,2,192,26.4,-0.6517506837844849,-0.46847912647045703
BH_s16_low,2,193,26.433333333333334,0.28937071561813354,-0.641876741280441
BH_s16_low,2,194,26.466666666666665,1.1324543952941895,-0.7908592356183146
BH_s16_low,2,195,26.5,1.4679384231567383,-0.915500005159905
BH_s16_low,2,196,26.533333333333335,1.4006341695785522,-1.0144578572057705
BH_s16_low,2,197,26.566666666666666,1.3009626865386963,-1.0821040936839466
BH_s16_low,2,198,26.6,1.2012910842895508,-1.1069199378711745
BH_s16_low,2,199,26.633333333333333,1.1016196012496948,-1.0743391992701374
BH_s16_low,2,200,26.666666666666668,0.9419562816619873,-0.972683880818269
BH_s16_low,2,201,26.7,0.750027060508728,-0.7966252527788594
BH_s16_low,2,202,26.733333333333334,0.6503555774688721,-0.5471694890044435
BH_s16_low,2,203,26.766666666666666,0.5469264984130859,-0.2318943204118974
BH_s16_low,2,204,26.8,0.34758344292640686,0.13295239826015867
BH_s16_low,2,205,26.833333333333332,0.14824040234088898,0.5195519553938381
BH_s16_low,2,206,26.866666666666667,-0.051102641969919205,0.8883291204835027
BH_s16_low,2,207,26.9,-0.250445693731308,1.195457515804358
BH_s16_low,2,208,26.933333333333334,-0.4497887194156647,1.4054221427017803
BH_s16_low,2,209,26.966666666666665,-0.5983819365501404,1.4989121590196393
BH_s16_low,2,210,27.0,-0.7469751834869385,1.4728935051903276
BH_s16_low,2,211,27.033333333333335,-0.8556860089302063,1.3369510458955662
BH_s16_low,2,212,27.066666666666666,-0.955357551574707,1.1091461522671286
BH_s16_low,2,213,27.1,-1.055029034614563,0.8129110440921126
BH_s16_low,2,214,27.133333333333333,-1.1547006368637085,0.47466049197983584
BH_s16_low,2,215,27.166666666666668,-1.2218022346496582,0.12022041197548188
BH_s16_low,2,216,27.2,-1.1295771598815918,-0.22918775981163517
BH_s16_low,2,217,27.233333333333334,-0.5626587271690369,-0.558111812877191
BH_s16_low,2,218,27.266666666666666,0.29071247577667236,-0.8543706374707188
BH_s16_low,2,219,27.3,1.111984133720398,-1.1048017133167813
BH_s16_low,2,220,27.333333333333332,1.4679384231567383,-1.2926457813235759
BH_s16_low,2,221,27.366666666666667,1.446337342262268,-1.4005582308988316
BH_s16_low,2,222,27.4,1.2959160804748535,-1.4173051841837574
BH_s16_low,2,223,27.433333333333334,1.196244478225708,-1.3407761354347245
BH_s16_low,2,224,27.466666666666665,1.080456256866455,-1.1758144179238401
BH_s16_low,2,225,27.5,0.9318630695343018,-0.9315852342093577
BH_s16_low,2,226,27.533333333333335,0.7449804544448853,-0.6212627050751404
BH_s16_low,2,227,27.566666666666666,0.6453089714050293,-0.26408478968738186
BH_s16_low,2,228,27.6,0.4948876202106476,0.1130346610745074
BH_s16_low,2,229,27.633333333333333,0.3374902307987213,0.4791939634757096
BH_s16_low,2,230,27.666666666666668,0.1329992711544037,0.8069080175352809
BH_s16_low,2,231,27.7,-0.06451564282178879,1.075565603778214
BH_s16_low,2,232,27.733333333333334,-0.3112887144088745,1.269413142211416
BH_s16_low,2,233,27.766666666666666,-0.5106317400932312,1.375032025533172
BH_s16_low,2,234,27.8,-0.7099748253822327,1.3818792840427372
BH_s16_low,2,235,27.833333333333332,-0.8118109107017517,1.2870258542856172
BH_s16_low,2,236,27.866666666666667,-0.9114824533462524,1.1006542022883647
BH_s16_low,2,237,27.9,-1.0111539363861084,0.84520744325211
BH_s16_low,2,238,27.933333333333334,-1.110825538635254,0.5481486767511184
BH_s16_low,2,239,27.966666666666665,-1.2104970216751099,0.23540216974940606
BH_s16_low,2,240,28.0,-1.3101685047149658,-0.07127382172480114
BH_s16_low,2,241,28.033333333333335,-1.3382633924484253,-0.354315930976189
BH_s16_low,2,242,28.066666666666666,-1.001251459121704,-0.5998794190077716
BH_s16_low,2,243,28.1,-0.2221161276102066,-0.7990319031942215
BH_s16_low,2,244,28.133333333333333,0.8067311644554138,-0.949408787711198
BH_s16_low,2,245,28.166666666666668,1.4580680131912231,-1.0530955633868309
BH_s16_low,2,246,28.2,1.6201878786087036,-1.1112615665809695
BH_s16_low,2,247,28.233333333333334,1.5446186065673828,-1.1207737271784486
BH_s16_low,2,248,28.266666666666666,1.4679384231567383,-1.0753764284803164
BH_s16_low,2,249,28.3,1.39602530002594,-0.9706981482759984
BH_s16_low,2,250,28.333333333333332,1.277018666267395,-0.8090269573330213
BH_s16_low,2,251,28.366666666666667,1.0776755809783936,-0.5975704147302561
BH_s16_low,2,252,28.4,0.8783325552940369,-0.3423971295306808
BH_s16_low,2,253,28.433333333333334,0.7297393679618835,-0.048096756507717636
BH_s16_low,2,254,28.466666666666665,0.5811461210250854,0.2757066953130844
BH_s16_low,2,255,28.5,0.37160858511924744,0.6091240351443418
BH_s16_low,2,256,28.533333333333335,0.12334384024143219,0.9225677942197436
BH_s16_low,2,257,28.566666666666666,-0.07417107373476028,1.1827992893244255
BH_s16_low,2,258,28.6,-0.31772568821907043,1.3611783928233918
BH_s16_low,2,259,28.633333333333333,-0.5170687437057495,1.4386810911517554
BH_s16_low,2,260,28.666666666666668,-0.6646080613136292,1.4065660885647608
BH_s16_low,2,261,28.7,-0.8142551779747009,1.2660202556791975
BH_s16_low,2,262,28.733333333333334,-0.9147009253501892,1.0284132889169706
BH_s16_low,2,263,28.766666666666666,-1.0606917142868042,0.7155763074629239
BH_s16_low,2,264,28.8,-1.164793848991394,0.3582217252718401
BH_s16_low,2,265,28.833333333333332,-1.3152151107788086,-0.010072246750185004
BH_s16_low,2,266,28.866666666666667,-1.414886713027954,-0.36100998803428497
BH_s16_low,2,267,28.9,-1.4248015880584717,-0.6751549503511236
BH_s16_low,2,268,28.933333333333334,-0.9987302422523499,-0.9398601533898105
BH_s16_low,2,269,28.966666666666665,-0.19314981997013092,-1.1463068418301636
BH_s16_low,2,270,29.0,0.7546436786651611,-1.2882368685999255
BH_s16_low,2,271,29.033333333333335,1.3917163610458374,-1.3621088683457543
BH_s16_low,2,272,29.066666666666666,1.5186883211135864,-1.3671822849538575
BH_s16_low,2,273,29.1,1.4399003982543945,-1.303310316946375
BH_s16_low,2,274,29.133333333333333,1.3402289152145386,-1.1679024552322665
BH_s16_low,2,275,29.166666666666668,1.2669254541397095,-0.9568311442817318
BH_s16_low,2,276,29.2,1.1183322668075562,-0.6701517489388763
BH_s16_low,2,277,29.233333333333334,0.9189891815185547,-0.31925921862599516
BH_s16_low,2,278,29.266666666666666,0.7385435104370117,0.0692392325663784
BH_s16_low,2,279,29.3,0.6388720273971558,0.4578155651345088
BH_s16_low,2,280,29.333333333333332,0.48845064640045166,0.8079672635307302
BH_s16_low,2,281,29.366666666666667,0.2738664746284485,1.0865590381257533
BH_s16_low,2,282,29.4,0.06293857842683792,1.267114862841597
BH_s16_low,2,283,29.433333333333334,-0.17556941509246826,1.3326101223201408
BH_s16_low,2,284,29.466666666666665,-0.37491247057914734,1.280723798088218
BH_s16_low,2,285,29.5,-0.5681549906730652,1.126474731493806
BH_s16_low,2,286,29.533333333333335,-0.7185763716697693,0.8992298252961004
BH_s16_low,2,287,29.566666666666666,-0.81824791431427,0.6340030796678241
BH_s16_low,2,288,29.6,-0.9185355305671692,0.36132888151895576
BH_s16_low,2,289,29.633333333333333,-1.06834077835083,0.1033643147211822
BH_s16_low,2,290,29.666666666666668,-1.168012261390686,-0.12346447078144411
BH_s16_low,2,291,29.7,-1.2169339656829834,-0.30622700145838233
BH_s16_low,2,292,29.733333333333334,-1.3166054487228394,-0.4364716948782692
BH_s16_low,2,293,29.766666666666666,-1.002151370048523,-0.5122926227352861
BH_s16_low,2,294,29.8,-0.2492300122976303,-0.5390839295215336
BH_s16_low,2,295,29.833333333333332,0.6478136777877808,-0.5270254365303861
BH_s16_low,2,296,29.866666666666667,1.2596532106399536,-0.48650460905679477
BH_s16_low,2,297,29.9,1.4171886444091797,-0.4255671514886167
BH_s16_low,2,298,29.933333333333334,1.333354115486145,-0.35041676789931375
BH_s16_low,2,299,29.966666666666665,1.233682632446289,-0.26669595186776524
BH_s16_low,3,0,30.0,1.134011149406433,-0.0950038344240007
BH_s16_low,3,1,30.033333333333335,0.9559895396232605,-0.5704851703146078
BH_s16_low,3,2,30.066666666666666,0.7566465139389038,-0.9881875626416533
BH_s16_low,3,3,30.1,0.631997287273407,-1.299510343118505
BH_s16_low,3,4,30.133333333333333,0.5323257446289062,-1.4687203830062858
BH_s16_low,3,5,30.166666666666668,0.41236647963523865,-1.4781829950916165
BH_s16_low,3,6,30.2,0.1945638507604599,-1.32924421669743
BH_s16_low,3,7,30.233333333333334,-0.0370694175362587,-1.041622605791207
BH_s16_low,3,8,30.266666666666666,-0.28716227412223816,-0.6517412117976928
BH_s16_low,3,9,30.3,-0.48650532960891724,-0.20788958289567352
BH_s16_low,3,10,30.333333333333332,-0.6747012734413147,0.23738470596905661
BH_s16_low,3,11,30.366666666666667,-0.825122594833374,0.634661078006883
BH_s16_low,3,12,30.4,-0.9247941374778748,0.9434664164681067
BH_s16_low,3,13,30.433333333333334,-1.0244656801223755,1.1369543555143125
BH_s16_low,3,14,30.466666666666665,-1.1241371631622314,1.2050093023294606
BH_s16_low,3,15,30.5,-1.223808765411377,1.1544240386757856
BH_s16_low,3,16,30.533333333333335,-1.323480248451233,1.0056666368456741
BH_s16_low,3,17,30.566666666666666,-1.4231517314910889,0.7867868810085448
BH_s16_low,3,18,30.6,-1.4755513668060303,0.5267993178333626
BH_s16_low,3,19,30.633333333333333,-1.1468329429626465,0.25219396235564023
BH_s16_low,3,20,30.666666666666668,-0.27814772725105286,-0.013508391407189195
BH_s16_low,3,21,30.7,0.7603549957275391,-0.2507918545106747
BH_s16_low,3,22,30.733333333333334,1.4247766733169556,-0.44663111254932375
BH_s16_low,3,23,30.766666666666666,1.569438099861145,-0.5961961693071467
BH_s16_low,3,24,30.8,1.4460821151733398,-0.7025580811651814
BH_s16_low,3,25,30.833333333333332,1.3319637775421143,-0.7745203738796899
BH_s16_low,3,26,30.866666666666667,1.283042073249817,-0.8229885577447733
BH_s16_low,3,27,30.9,1.1326208114624023,-0.856553584671304
BH_s16_low,3,28,30.933333333333334,0.9242182374000549,-0.8772554719627343
BH_s16_low,3,29,30.966666666666665,0.7302784323692322,-0.8776916865268752
BH_s16_low,3,30,31.0,0.6052725911140442,-0.8414454773623948
BH_s16_low,3,31,31.033333333333335,0.4566793739795685,-0.7491160356405737
BH_s16_low,3,32,31.066666666666666,0.23565822839736938,-0.5873182243181573
BH_s16_low,3,33,31.1,0.007243451662361622,-0.35367570188593245
BH_s16_low,3,34,31.133333333333333,-0.21012142300605774,-0.05673285838710093
BH_s16_low,3,35,31.166666666666668,-0.4421924650669098,0.2842865485939828
BH_s16_low,3,36,31.2,-0.6415355205535889,0.6390657134045993
BH_s16_low,3,37,31.233333333333334,-0.7901287078857422,0.968705626477085
BH_s16_low,3,38,31.266666666666666,-0.9387219548225403,1.2320500391270277
BH_s16_low,3,39,31.3,-1.0784339904785156,1.393624557627296
BH_s16_low,3,40,31.333333333333332,-1.1781054735183716,1.4310288314393944
BH_s16_low,3,41,31.366666666666667,-1.2777769565582275,1.3399963465358233
BH_s16_low,3,42,31.4,-1.377448558807373,1.1355820609868903
BH_s16_low,3,43,31.433333333333334,-1.5278698205947876,0.8484471527540973
BH_s16_low,3,44,31.466666666666665,-1.627541422843933,0.5174329927607604
BH_s16_low,3,45,31.5,-1.727212905883789,0.1816269326183433
BH_s16_low,3,46,31.533333333333335,-1.6824663877487183,-0.12597929518946438
BH_s16_low,3,47,31.566666666666666,-1.1605095863342285,-0.38255275379777814
BH_s16_low,3,48,31.6,-0.18859784305095673,-0.5771829530196688
BH_s16_low,3,49,31.633333333333333,0.8156893253326416,-0.7108126382418016
BH_s16_low,3,50,31.666666666666668,1.4230254888534546,-0.7942791372887956
BH_s16_low,3,51,31.7,1.5317445993423462,-0.8439224253476841
BH_s16_low,3,52,31.733333333333334,1.4469575881958008,-0.8755066653854198
BH_s16_low,3,53,31.766666666666666,1.3831514120101929,-0.8984708857292407
BH_s16_low,3,54,31.8,1.283479928970337,-0.9121573147424454
BH_s16_low,3,55,31.833333333333332,1.102677583694458,-0.9050448485749281
BH_s16_low,3,56,31.866666666666667,0.9033345580101013,-0.8576348302703948
BH_s16_low,3,57,31.9,0.7307162284851074,-0.7490825347526583
BH_s16_low,3,58,31.933333333333334,0.5802948474884033,-0.5653655396029378
BH_s16_low,3,59,31.966666666666665,0.4068050980567932,-0.30487577879613875
BH_s16_low,3,60,32.0,0.18622174859046936,0.01976405822679094
BH_s16_low,3,61,32.03333333333333,-0.042630814015865326,0.3818356257472246
BH_s16_low,3,62,32.06666666666667,-0.292723685503006,0.7424977202857475
BH_s16_low,3,63,32.1,-0.49206671118736267,1.0562402105330368
BH_s16_low,3,64,32.13333333333333,-0.6914097666740417,1.2796354211195538
BH_s16_low,3,65,32.166666666666664,-0.8786531686782837,1.3811832791313028
BH_s16_low,3,66,32.2,-0.9885962009429932,1.349232360782431
BH_s16_low,3,67,32.233333333333334,-1.1287460327148438,1.1946642281146946
BH_s16_low,3,68,32.266666666666666,-1.2284175157546997,0.9470332558865531
BH_s16_low,3,69,32.3,-1.3788388967514038,0.6451640467760726
BH_s16_low,3,70,32.333333333333336,-1.4785103797912598,0.3259231157318091
BH_s16_low,3,71,32.36666666666667,-1.5781819820404053,0.016836846880552713
BH_s16_low,3,72,32.4,-1.6778534650802612,-0.2653525701631127
BH_s16_low,3,73,32.43333333333333,-1.630326271057129,-0.5120197850034967
BH_s16_low,3,74,32.46666666666667,-1.1507771015167236,-0.7187079815304794
BH_s16_low,3,75,32.5,-0.21787220239639282,-0.8829558360678471
BH_s16_low,3,76,32.53333333333333,0.7788429856300354,-1.004226235082296
BH_s16_low,3,77,32.56666666666667,1.3270872831344604,-1.0835511090493724
BH_s16_low,3,78,32.6,1.366438865661621,-1.1217749211161159
BH_s16_low,3,79,32.63333333333333,1.1904277801513672,-1.1169416791354387
BH_s16_low,3,80,32.666666666666664,1.0418345928192139,-1.062638689445058
BH_s16_low,3,81,32.7,0.9268407821655273,-0.9499136179723467
BH_s16_low,3,82,32.733333333333334,0.795397937297821,-0.7720555476034535
BH_s16_low,3,83,32.766666666666666,0.6468047499656677,-0.5283457547705652
BH_s16_low,3,84,32.8,0.526326596736908,-0.22543942344421086
BH_s16_low,3,85,32.833333333333336,0.4266550540924072,0.12215427076778654
BH_s16_low,3,86,32.86666666666667,0.2517749071121216,0.4916038204012872
BH_s16_low,3,87,32.9,0.029801223427057266,0.851320889693129
BH_s16_low,3,88,32.93333333333333,-0.21846351027488708,1.1622615851202143
BH_s16_low,3,89,32.96666666666667,-0.46672824025154114,1.383828691199185
BH_s16_low,3,90,33.0,-0.6978467106819153,1.4835374729507906
BH_s16_low,3,91,33.03333333333333,-0.897189736366272,1.4459078480540832
BH_s16_low,3,92,33.06666666666667,-1.0457829236984253,1.2773898557407364
BH_s16_low,3,93,33.1,-1.1827143430709839,1.0060889630661125
BH_s16_low,3,94,33.13333333333333,-1.3331356048583984,0.6758594026869756
BH_s16_low,3,95,33.166666666666664,-1.432807207107544,0.3352856158602705
BH_s16_low,3,96,33.2,-1.5324786901474,0.02484200419599082
BH_s16_low,3,97,33.233333333333334,-1.5814003944396973,-0.2322533720317821
BH_s16_low,3,98,33.266666666666666,-1.6303220987319946,-0.4322434378998135
BH_s16_low,3,99,33.3,-1.6785507202148438,-0.5857466182960713
BH_s16_low,3,100,33.333333333333336,-1.4800914525985718,-0.7085071811152263
BH_s16_low,3,101,33.36666666666667,-0.7409723401069641,-0.8138209868242636
BH_s16_low,3,102,33.4,0.35427936911582947,-0.9085356192488937
BH_s16_low,3,103,33.43333333333333,1.2693531513214111,-0.9903486059844188
BH_s16_low,3,104,33.46666666666667,1.6540427207946777,-1.04635159068021
BH_s16_low,3,105,33.5,1.5797138214111328,-1.0551512965763656
BH_s16_low,3,106,33.53333333333333,1.4292924404144287,-0.9932421930897959
BH_s16_low,3,107,33.56666666666667,1.343552827835083,-0.8443192607685975
BH_s16_low,3,108,33.6,1.2299493551254272,-0.6077487725353852
BH_s16_low,3,109,33.63333333333333,1.0463663339614868,-0.30072451786770377
BH_s16_low,3,110,33.666666666666664,0.8470233678817749,0.04671446344365372
BH_s16_low,3,111,33.7,0.7279354929924011,0.39982071387780915
BH_s16_low,3,112,33.733333333333334,0.5775141716003418,0.7265496784817239
BH_s16_low,3,113,33.766666666666666,0.4012436866760254,1.0013536454250995
BH_s16_low,3,114,33.8,0.15115082263946533,1.2050514558030674
BH_s16_low,3,115,33.833333333333336,-0.09894204139709473,1.3229853608129578
BH_s16_low,3,116,33.86666666666667,-0.2982850670814514,1.3440747514630818
BH_s16_low,3,117,33.9,-0.5483779311180115,1.2630294427209703
BH_s16_low,3,118,33.93333333333333,-0.7477210164070129,1.0847052536940478
BH_s16_low,3,119,33.96666666666667,-0.8963142037391663,0.8265372398877202
BH_s16_low,3,120,34.0,-1.082605004310608,0.5165746589342406
BH_s16_low,3,121,34.03333333333333,-1.1822764873504639,0.18691843443466352
BH_s16_low,3,122,34.06666666666667,-1.2819480895996094,-0.1344647940019362
BH_s16_low,3,123,34.1,-1.3740516901016235,-0.4280732870430711
BH_s16_low,3,124,34.13333333333333,-1.4305412769317627,-0.6823486270837598
BH_s16_low,3,125,34.166666666666664,-1.47946298122406,-0.8919142635366674
BH_s16_low,3,126,34.2,-1.5200508832931519,-1.0559532393749067
BH_s16_low,3,127,34.233333333333334,-1.1182599067687988,-1.1755203658984033
BH_s16_low,3,128,34.266666666666666,-0.22253374755382538,-1.2500146927350375
BH_s16_low,3,129,34.3,0.8722801804542542,-1.2745447334981057
BH_s16_low,3,130,34.333333333333336,1.5940426588058472,-1.239300206061108
BH_s16_low,3,131,34.36666666666667,1.7724374532699585,-1.1312004801694315
BH_s16_low,3,132,34.4,1.6798230409622192,-0.9381930920733776
BH_s16_low,3,133,34.43333333333333,1.5801515579223633,-0.6564745567242806
BH_s16_low,3,134,34.46666666666667,1.4804800748825073,-0.2978586434757072
BH_s16_low,3,135,34.5,1.3444284200668335,0.10798709095293672
BH_s16_low,3,136,34.53333333333333,1.110533356666565,0.5183150517814347
BH_s16_low,3,137,34.56666666666667,0.9457423090934753,0.8870689341240077
BH_s16_low,3,138,34.6,0.8280448317527771,1.175692960236216
BH_s16_low,3,139,34.63333333333333,0.6485558748245239,1.3599101339744148
BH_s16_low,3,140,34.666666666666664,0.44921281933784485,1.4309024374167592
BH_s16_low,3,141,34.7,0.17370860278606415,1.3930243537320677
BH_s16_low,3,142,34.733333333333334,-0.05097291246056557,1.2602400016554964
BH_s16_low,3,143,34.766666666666666,-0.27207106351852417,1.052937432723875
BH_s16_low,3,144,34.8,-0.5004088282585144,0.7953838073594177
BH_s16_low,3,145,34.833333333333336,-0.6816530227661133,0.5127664768372061
BH_s16_low,3,146,34.86666666666667,-0.8320743441581726,0.2276992858352656
BH_s16_low,3,147,34.9,-0.9824957251548767,-0.042819536631026826
BH_s16_low,3,148,34.93333333333333,-1.0821672677993774,-0.288847184580969
BH_s16_low,3,149,34.96666666666667,-1.232588529586792,-0.506265371950967
BH_s16_low,3,150,35.0,-1.3322601318359375,-0.6934342546687448
BH_s16_low,3,151,35.03333333333333,-1.3669216632843018,-0.8478054295031947
BH_s16_low,3,152,35.06666666666667,-1.1339389085769653,-0.9640846865678105
BH_s16_low,3,153,35.1,-0.3277909457683563,-1.034707586771693
BH_s16_low,3,154,35.13333333333333,0.6707524061203003,-1.0520241949596225
BH_s16_low,3,155,35.166666666666664,1.4160939455032349,-1.0104038177327115
BH_s16_low,3,156,35.2,1.6181774139404297,-0.907301963180754
BH_s16_low,3,157,35.233333333333334,1.5225269794464111,-0.7433764317508498
BH_s16_low,3,158,35.266666666666666,1.372105598449707,-0.5224070682621246
BH_s16_low,3,159,35.3,1.2291792631149292,-0.25218590851478967
BH_s16_low,3,160,35.333333333333336,1.0712629556655884,0.053457973654192525
BH_s16_low,3,161,35.36666666666667,0.920841634273529,0.3724468985358051
BH_s16_low,3,162,35.4,0.770420253276825,0.6743233363174578
BH_s16_low,3,163,35.43333333333333,0.6707487106323242,0.925166211934473
BH_s16_low,3,164,35.46666666666667,0.5369629859924316,1.096249674482966
BH_s16_low,3,165,35.5,0.33761996030807495,1.171069974387678
BH_s16_low,3,166,35.53333333333333,0.05706913024187088,1.1478830469737176
BH_s16_low,3,167,35.56666666666667,-0.19119560718536377,1.0380155256113086
BH_s16_low,3,168,35.6,-0.4634084701538086,0.8613230502296247
BH_s16_low,3,169,35.63333333333333,-0.6627514958381653,0.6409158541585606
BH_s16_low,3,170,35.666666666666664,-0.7881993055343628,0.39840902595491173
BH_s16_low,3,171,35.7,-0.9386206269264221,0.14994095876632743
BH_s16_low,3,172,35.733333333333334,-1.0382921695709229,-0.09613573992068673
BH_s16_low,3,173,35.766666666666666,-1.1379636526107788,-0.33843334098828476
BH_s16_low,3,174,35.8,-1.288385033607483,-0.5785227719882687
BH_s16_low,3,175,35.833333333333336,-1.3880565166473389,-0.8151640724136955
BH_s16_low,3,176,35.86666666666667,-1.4755513668060303,-1.0390829775849197
BH_s16_low,3,177,35.9,-1.2104607820510864,-1.2310364834626346
BH_s16_low,3,178,35.93333333333333,-0.42610055208206177,-1.3641854928783927
BH_s16_low,3,179,35.96666666666667,0.6721143126487732,-1.4098477418971052
BH_s16_low,3,180,36.0,1.5381449460983276,-1.3450102449576724
BH_s16_low,3,181,36.03333333333333,1.8201512098312378,-1.1595445074721573
BH_s16_low,3,182,36.06666666666667,1.7216875553131104,-0.8605782134952908
BH_s16_low,3,183,36.1,1.6715580224990845,-0.47147053168653336
BH_s16_low,3,184,36.13333333333333,1.571886420249939,-0.026420798777526764
BH_s16_low,3,185,36.166666666666664,1.4257415533065796,0.43497282250034214
BH_s16_low,3,186,36.2,1.2263985872268677,0.8713462222793561
BH_s16_low,3,187,36.233333333333334,1.0270555019378662,1.2423580783395707
BH_s16_low,3,188,36.266666666666666,0.8687014579772949,1.5118536795610251
BH_s16_low,3,189,36.3,0.7298690676689148,1.6523691433621734
BH_s16_low,3,190,36.333333333333336,0.5305260419845581,1.6503884189609321
BH_s16_low,3,191,36.36666666666667,0.29567843675613403,1.5102070607506926
BH_s16_low,3,192,36.4,0.03034031018614769,1.254783436016819
BH_s16_low,3,193,36.43333333333333,-0.1690027266740799,0.9228274683497781
BH_s16_low,3,194,36.46666666666667,-0.3683457672595978,0.5615814563821345
BH_s16_low,3,195,36.5,-0.5394967794418335,0.21526589126599335
BH_s16_low,3,196,36.53333333333333,-0.7162820100784302,-0.08676060682576482
BH_s16_low,3,197,36.56666666666667,-0.8403394818305969,-0.33477705161175647
BH_s16_low,3,198,36.6,-0.9907608032226562,-0.5349195160983562
BH_s16_low,3,199,36.63333333333333,-1.0904322862625122,-0.7014814841998004
BH_s16_low,3,200,36.666666666666664,-1.1710524559020996,-0.848958168647525
BH_s16_low,3,201,36.7,-1.239025592803955,-0.9857148218435464
BH_s16_low,3,202,36.733333333333334,-1.2417618036270142,-1.1103302962238277
BH_s16_low,3,203,36.766666666666666,-0.8087671399116516,-1.2108194161639345
BH_s16_low,3,204,36.8,0.06283265352249146,-1.2667612520113518
BH_s16_low,3,205,36.833333333333336,1.090476155281067,-1.2542180255821003
BH_s16_low,3,206,36.86666666666667,1.7378528118133545,-1.152199500061126
BH_s16_low,3,207,36.9,1.8676825761795044,-0.9484679232235551
BH_s16_low,3,208,36.93333333333333,1.7680109739303589,-0.6437351391225751
BH_s16_low,3,209,36.96666666666667,1.719089388847351,-0.2545829719904854
BH_s16_low,3,210,37.0,1.6693974733352661,0.18620231147279165
BH_s16_low,3,211,37.03333333333333,1.5197463035583496,0.6345531432214768
BH_s16_low,3,212,37.06666666666667,1.3214612007141113,1.043467747468268
BH_s16_low,3,213,37.1,1.1221182346343994,1.3688262513180716
BH_s16_low,3,214,37.13333333333333,0.9735249876976013,1.572822139618951
BH_s16_low,3,215,37.166666666666664,0.7741819620132446,1.6309444352350781
BH_s16_low,3,216,37.2,0.5748389363288879,1.5408237292454419
BH_s16_low,3,217,37.233333333333334,0.28602299094200134,1.3238583861331448
BH_s16_low,3,218,37.266666666666666,-0.012991564348340034,1.0177566736569799
BH_s16_low,3,219,37.3,-0.21050648391246796,0.6658883253391529
BH_s16_low,3,220,37.333333333333336,-0.39229390025138855,0.3082035173794868
BH_s16_low,3,221,37.36666666666667,-0.5427152514457703,-0.023712061804596476
BH_s16_low,3,222,37.4,-0.6423867344856262,-0.30804856471950615
BH_s16_low,3,223,37.43333333333333,-0.742058277130127,-0.5339970570563268
BH_s16_low,3,224,37.46666666666667,-0.8417298197746277,-0.7031826083820768
BH_s16_low,3,225,37.5,-0.9414013028144836,-0.8285733267635629
BH_s16_low,3,226,37.53333333333333,-1.0695527791976929,-0.9297315445500789
BH_s16_low,3,227,37.56666666666667,-1.0082274675369263,-1.0253075640601033
BH_s16_low,3,228,37.6,-0.463895320892334,-1.1245582677498502
BH_s16_low,3,229,37.63333333333333,0.41779768466949463,-1.2203483815385614
BH_s16_low,3,230,37.666666666666664,1.318890929222107,-1.2868765961065634
BH_s16_low,3,231,37.7,1.74794602394104,-1.2854454209719237
BH_s16_low,3,232,37.733333333333334,1.8118860721588135,-1.1774595512278196
BH_s16_low,3,233,37.766666666666666,1.7122145891189575,-0.9396890613819745
BH_s16_low,3,234,37.8,1.6125431060791016,-0.5757158565184922
BH_s16_low,3,235,37.833333333333336,1.4563050270080566,-0.1176034358646251
BH_s16_low,3,236,37.86666666666667,1.2569619417190552,0.3823165633932802
BH_s16_low,3,237,37.9,1.0576189756393433,0.8638547807805907
BH_s16_low,3,238,37.93333333333333,0.9090257287025452,1.2707671859166196
BH_s16_low,3,239,37.96666666666667,0.7096826434135437,1.559014332982715
BH_s16_low,3,240,38.0,0.510339617729187,1.7010793201838974
BH_s16_low,3,241,38.03333333333333,0.26024675369262695,1.688231590301218
BH_s16_low,3,242,38.06666666666667,-0.040595944970846176,1.5311220210818455
BH_s16_low,3,243,38.1,-0.29068881273269653,1.2573755110675449
BH_s16_low,3,244,38.13333333333333,-0.5407816767692566,0.9060976629045986
BH_s16_low,3,245,38.166666666666664,-0.7018394470214844,0.520611338215829
BH_s16_low,3,246,38.2,-0.8522608280181885,0.14112430953267205
BH_s16_low,3,247,38.233333333333334,-1.002682089805603,-0.20080416244614613
BH_s16_low,3,248,38.266666666666666,-1.1023536920547485,-0.484927672002194
BH_s16_low,3,249,38.3,-1.2020251750946045,-0.7019407274107919
BH_s16_low,3,250,38.333333333333336,-1.3016966581344604,-0.8509005828506071
BH_s16_low,3,251,38.36666666666667,-1.401368260383606,-0.9360402972335854
BH_s16_low,3,252,38.4,-1.39931321144104,-0.964590332784436
BH_s16_low,3,253,38.43333333333333,-0.9546809792518616,-0.9468792857721887
BH_s16_low,3,254,38.46666666666667,-0.08998432755470276,-0.8966214996863425
BH_s16_low,3,255,38.5,0.9574807286262512,-0.826620479620913
BH_s16_low,3,256,38.53333333333333,1.6239656209945679,-0.7412730244695379
BH_s16_low,3,257,38.56666666666667,1.8068394660949707,-0.633171518376341
BH_s16_low,3,258,38.6,1.7724374532699585,-0.4871476042740817
BH_s16_low,3,259,38.63333333333333,1.7216875553131104,-0.2902076720568469
BH_s16_low,3,260,38.666666666666664,1.649211049079895,-0.0421779375820554
BH_s16_low,3,261,38.7,1.449868083000183,0.2405510137010356
BH_s16_low,3,262,38.733333333333334,1.192568063735962,0.5296864523084026
BH_s16_low,3,263,38.766666666666666,0.9496822953224182,0.7932077094077865
BH_s16_low,3,264,38.8,0.8010891079902649,1.0026631342944954
BH_s16_low,3,265,38.833333333333336,0.6000233292579651,1.1367583166328603
BH_s16_low,3,266,38.86666666666667,0.30100879073143005,1.1818060950456843
BH_s16_low,3,267,38.9,0.0019942321814596653,1.1326546131498103
BH_s16_low,3,268,38.93333333333333,-0.24627050757408142,0.9944876238161824
BH_s16_low,3,269,38.96666666666667,-0.4945352375507355,0.7825044938038304
BH_s16_low,3,270,39.0,-0.6994681358337402,0.5184595467318961
BH_s16_low,3,271,39.03333333333333,-0.8988111615180969,0.2253686923293266
BH_s16_low,3,272,39.06666666666667,-1.047404408454895,-0.07726563627321971
BH_s16_low,3,273,39.1,-1.15815007686615,-0.3748380965319075
BH_s16_low,3,274,39.13333333333333,-1.2578215599060059,-0.6554269915262199
BH_s16_low,3,275,39.166666666666664,-1.3574931621551514,-0.906463101751189
BH_s16_low,3,276,39.2,-1.4895278215408325,-1.112357500415456
BH_s16_low,3,277,39.233333333333334,-1.6075860261917114,-1.2542694959164833
BH_s16_low,3,278,39.266666666666666,-1.7072575092315674,-1.3130565876453288
BH_s16_low,3,279,39.3,-1.70242178440094,-1.275992666253832
BH_s16_low,3,280,39.333333333333336,-1.2494474649429321,-1.1443038167759625
BH_s16_low,3,281,39.36666666666667,-0.3066074848175049,-0.9356709592204757
BH_s16_low,3,282,39.4,0.8191347122192383,-0.6796861885427736
BH_s16_low,3,283,39.43333333333333,1.4954534769058228,-0.40862013870576125
BH_s16_low,3,284,39.46666666666667,1.6709377765655518,-0.14719371690507038
BH_s16_low,3,285,39.5,1.6201878786087036,0.09437548841160394
BH_s16_low,3,286,39.53333333333333,1.606106162071228,0.320009455334572
BH_s16_low,3,287,39.56666666666667,1.5064345598220825,0.5372735564420632
BH_s16_low,3,288,39.6,1.3351621627807617,0.7432551560857172
BH_s16_low,3,289,39.63333333333333,1.086897373199463,0.9210445049762799
BH_s16_low,3,290,39.666666666666664,0.84540194272995,1.048569031070413
BH_s16_low,3,291,39.7,0.6968087553977966,1.1086679738374654
BH_s16_low,3,292,39.733333333333334,0.49746569991111755,1.0946134309998101
BH_s16_low,3,293,39.766666666666666,0.2473728358745575,1.0120093622748114
BH_s16_low,3,294,39.8,-0.002176816575229168,0.8776495073379741
BH_s16_low,3,295,39.833333333333336,-0.20206306874752045,0.7152662471686603
BH_s16_low,3,296,39.86666666666667,-0.49870628118515015,0.5490656947999853
BH_s16_low,3,297,39.9,-0.7022488117218018,0.39682367192112744
BH_s16_low,3,298,39.93333333333333,-0.9015918374061584,0.26497147816180283
BH_s16_low,3,299,39.96666666666667,-1.0091191530227661,0.14829563056090908
BH_s16_low,4,0,40.0,-1.108790636062622,0.06402262291009936
BH_s16_low,4,1,40.03333333333333,-1.208462119102478,0.2998562902116162
BH_s16_low,4,2,40.06666666666667,-1.2725521326065063,0.48224983393205734
BH_s16_low,4,3,40.1,-1.3570553064346313,0.5701858383296191
BH_s16_low,4,4,40.13333333333333,-1.488652229309082,0.5465534694754836
BH_s16_low,4,5,40.166666666666664,-1.6071481704711914,0.41953083784135486
BH_s16_low,4,6,40.2,-1.5429936647415161,0.21355768520685026
BH_s16_low,4,7,40.233333333333334,-1.0102747678756714,-0.04234825490531582
BH_s16_low,4,8,40.266666666666666,-0.06217733770608902,-0.32258666448934986
BH_s16_low,4,9,40.3,0.9625030159950256,-0.6058508745900233
BH_s16_low,4,10,40.333333333333336,1.5308080911636353,-0.8709363939991309
BH_s16_low,4,11,40.36666666666667,1.6010595560073853,-1.0943125787450227
BH_s16_low,4,12,40.4,1.5013879537582397,-1.251622802286165
BH_s16_low,4,13,40.43333333333333,1.386244297027588,-1.3200575953029086
BH_s16_low,4,14,40.46666666666667,1.2376511096954346,-1.2802142228736582
BH_s16_low,4,15,40.5,1.038308024406433,-1.1180985272982547
BH_s16_low,4,16,40.53333333333333,0.8489527702331543,-0.8289839786497218
BH_s16_low,4,17,40.56666666666667,0.7492812871932983,-0.42524069934870556
BH_s16_low,4,18,40.6,0.5925284028053284,0.05647120376660254
BH_s16_low,4,19,40.63333333333333,0.3931853473186493,0.5588542086792659
BH_s16_low,4,20,40.666666666666664,0.140417218208313,1.0185165699678662
BH_s16_low,4,21,40.7,-0.10784751176834106,1.3811157161187775
BH_s16_low,4,22,40.733333333333334,-0.3570932447910309,1.6106226017597116
BH_s16_low,4,23,40.766666666666666,-0.6071861386299133,1.6914530181114018
BH_s16_low,4,24,40.8,-0.80652916431427,1.6258238878212752
BH_s16_low,4,25,40.833333333333336,-0.9615877270698547,1.4314410185768636
BH_s16_low,4,26,40.86666666666667,-1.0612592697143555,1.1398395400020858
BH_s16_low,4,27,40.9,-1.1609307527542114,0.790933365155559
BH_s16_low,4,28,40.93333333333333,-1.260602355003357,0.42376896605405767
BH_s16_low,4,29,40.96666666666667,-1.360273838043213,0.06818301164898512
BH_s16_low,4,30,41.0,-1.4599453210830688,-0.2590293372839201
BH_s16_low,4,31,41.03333333333333,-1.5263012647628784,-0.5517190858168014
BH_s16_low,4,32,41.06666666666667,-1.6085386276245117,-0.8078093091750507
BH_s16_low,4,33,41.1,-1.327254295349121,-1.0238243513980767
BH_s16_low,4,34,41.13333333333333,-0.5374907851219177,-1.192622337887455
BH_s16_low,4,35,41.166666666666664,0.5619805455207825,-1.3028540523073344
BH_s16_low,4,36,41.2,1.4849141836166382,-1.3396916484112036
BH_s16_low,4,37,41.233333333333334,1.845534086227417,-1.2875844428822683
BH_s16_low,4,38,41.266666666666666,1.8026684522628784,-1.1356083971373705
BH_s16_low,4,39,41.3,1.7216875553131104,-0.8854565029345164
BH_s16_low,4,40,41.333333333333336,1.654075264930725,-0.5577136287493583
BH_s16_low,4,41,41.36666666666667,1.4886195659637451,-0.18868421000039934
BH_s16_low,4,42,41.4,1.2253203392028809,0.18103523494127224
BH_s16_low,4,43,41.43333333333333,0.9884337782859802,0.5163730019771207
BH_s16_low,4,44,41.46666666666667,0.7890907526016235,0.791434941930135
BH_s16_low,4,45,41.5,0.5897476673126221,0.9887851706431489
BH_s16_low,4,46,41.53333333333333,0.38451090455055237,1.0977675612558904
BH_s16_low,4,47,41.56666666666667,0.08549635112285614,1.115828644013764
BH_s16_low,4,48,41.6,-0.1605309098958969,1.0517909464024837
BH_s16_low,4,49,41.63333333333333,-0.4106237590312958,0.9253067670120714
BH_s16_low,4,50,41.666666666666664,-0.6592978835105896,0.7613322146492939
BH_s16_low,4,51,41.7,-0.8600596785545349,0.5834769638541982
BH_s16_low,4,52,41.733333333333334,-1.0137279033660889,0.40924398607208234
BH_s16_low,4,53,41.766666666666666,-1.207995891571045,0.24865610491291212
BH_s16_low,4,54,41.8,-1.3565891981124878,0.10551474653745772
BH_s16_low,4,55,41.833333333333336,-1.5051823854446411,-0.021408119549492087
BH_s16_low,4,56,41.86666666666667,-1.6154133081436157,-0.1377118418135625
BH_s16_low,4,57,41.9,-1.7658346891403198,-0.251391513091538
BH_s16_low,4,58,41.93333333333333,-1.830800175666809,-0.36919710302178393
BH_s16_low,4,59,41.96666666666667,-1.9144278764724731,-0.4927004416160598
BH_s16_low,4,60,42.0,-1.870200276374817,-0.6164047366964701
BH_s16_low,4,61,42.03333333333333,-1.394027829170227,-0.7306147955653797
BH_s16_low,4,62,42.06666666666667,-0.38558194041252136,-0.8266575197231261
BH_s16_low,4,63,42.1,0.7849109172821045,-0.89756705678415
BH_s16_low,4,64,42.13333333333333,1.56288743019104,-0.933931371810657
BH_s16_low,4,65,42.166666666666664,1.7724374532699585,-0.9212556024094397
BH_s16_low,4,66,42.2,1.7016066312789917,-0.8427063008936255
BH_s16_low,4,67,42.233333333333334,1.6201878786087036,-0.6874730763327209
BH_s16_low,4,68,42.266666666666666,1.5530133247375488,-0.45972913807627325
BH_s16_low,4,69,42.3,1.3879954814910889,-0.17915976100062098
BH_s16_low,4,70,42.333333333333336,1.1886523962020874,0.1271920762329411
BH_s16_low,4,71,42.36666666666667,0.9893093109130859,0.43318203082598816
BH_s16_low,4,72,42.4,0.8407161235809326,0.716883726790639
BH_s16_low,4,73,42.43333333333333,0.6413730978965759,0.9587390855814327
BH_s16_low,4,74,42.46666666666667,0.3912802040576935,1.1386807301898467
BH_s16_low,4,75,42.5,0.13755951821804047,1.2394804724612072
BH_s16_low,4,76,42.53333333333333,-0.11070522665977478,1.2541071107440234
BH_s16_low,4,77,42.56666666666667,-0.4097197949886322,1.185992390634169
BH_s16_low,4,78,42.6,-0.6579845547676086,1.042116618838378
BH_s16_low,4,79,42.63333333333333,-0.8591841459274292,0.82986336033382
BH_s16_low,4,80,42.666666666666664,-1.0132901668548584,0.5600922688020132
BH_s16_low,4,81,42.7,-1.1637115478515625,0.24972271248316152
BH_s16_low,4,82,42.733333333333334,-1.314132809638977,-0.07952414273476527
BH_s16_low,4,83,42.766666666666666,-1.453557014465332,-0.4052530533690536
BH_s16_low,4,84,42.8,-1.564225673675537,-0.708812688763147
BH_s16_low,4,85,42.833333333333336,-1.6278008222579956,-0.9764800983086532
BH_s16_low,4,86,42.86666666666667,-1.6785507202148438,-1.1969370688042447
BH_s16_low,4,87,42.9,-1.5304805040359497,-1.357730184544257
BH_s16_low,4,88,42.93333333333333,-0.8141827583312988,-1.443585159500825
BH_s16_low,4,89,42.96666666666667,0.2908499836921692,-1.4388748404514324
BH_s16_low,4,90,43.0,1.2775856256484985,-1.3324459678394929
BH_s16_low,4,91,43.03333333333333,1.7719427347183228,-1.119404253191943
BH_s16_low,4,92,43.06666666666667,1.7491379976272583,-0.8011906355291308
BH_s16_low,4,93,43.1,1.5987166166305542,-0.39148107575806756
BH_s16_low,4,94,43.13333333333333,1.4794018268585205,0.07559800158014458
BH_s16_low,4,95,43.166666666666664,1.2800588607788086,0.5486417821723871
BH_s16_low,4,96,43.2,1.0807157754898071,0.9740498675821765
BH_s16_low,4,97,43.233333333333334,0.8813727498054504,1.310053719900128
BH_s16_low,4,98,43.266666666666666,0.7451102137565613,1.5323127981116593
BH_s16_low,4,99,43.3,0.594688892364502,1.6310580771917336
BH_s16_low,4,100,43.333333333333336,0.426918625831604,1.604516593797892
BH_s16_low,4,101,43.36666666666667,0.17180758714675903,1.4567085243834206
BH_s16_low,4,102,43.4,-0.11534247547388077,1.2007941401159876
BH_s16_low,4,103,43.43333333333333,-0.3686254024505615,0.8619651737036692
BH_s16_low,4,104,43.46666666666667,-0.6155282258987427,0.4756407833247109
BH_s16_low,4,105,43.5,-0.7645876407623291,0.07973773837698528
BH_s16_low,4,106,43.53333333333333,-0.9634644985198975,-0.2950629488371951
BH_s16_low,4,107,43.56666666666667,-1.0654302835464478,-0.6289117555633686
BH_s16_low,4,108,43.6,-1.2158516645431519,-0.909263713369409
BH_s16_low,4,109,43.63333333333333,-1.3155231475830078,-1.126570154784476
BH_s16_low,4,110,43.666666666666664,-1.4151947498321533,-1.2726394594936599
BH_s16_low,4,111,43.7,-1.5148662328720093,-1.3413249413285853
BH_s16_low,4,112,43.733333333333334,-1.6145377159118652,-1.3298591597091456
BH_s16_low,4,113,43.766666666666666,-1.7142093181610107,-1.2383528879166303
BH_s16_low,4,114,43.8,-1.4248180389404297,-1.0685456270736728
BH_s16_low,4,115,43.833333333333336,-0.565277636051178,-0.8261272121858094
BH_s16_low,4,116,43.86666666666667,0.6422073245048523,-0.5254712667920297
BH_s16_low,4,117,43.9,1.643957257270813,-0.19039762250870812
BH_s16_low,4,118,43.93333333333333,2.028472661972046,0.1506972989527409
BH_s16_low,4,119,43.96666666666667,2.0014967918395996,0.47178404306342103
BH_s16_low,4,120,44.0,1.901825189590454,0.7537583014131258
BH_s16_low,4,121,44.03333333333333,1.8021537065505981,0.9824004809565173
BH_s16_low,4,122,44.06666666666667,1.6325268745422363,1.1428920128716686
BH_s16_low,4,123,44.1,1.415806531906128,1.2204911753311947
BH_s16_low,4,124,44.13333333333333,1.1675418615341187,1.2078958247314184
BH_s16_low,4,125,44.166666666666664,0.9837479591369629,1.1105483678572998
BH_s16_low,4,126,44.2,0.7844048738479614,0.9457208731796873
BH_s16_low,4,127,44.233333333333334,0.574997067451477,0.7369095707833597
BH_s16_low,4,128,44.266666666666666,0.22523267567157745,0.5070369027204883
BH_s16_low,4,129,44.3,-0.01662352867424488,0.2750412269106293
BH_s16_low,4,130,44.333333333333336,-0.27129679918289185,0.05591394199950436
BH_s16_low,4,131,44.36666666666667,-0.5675590634346008,-0.14013495835384718
BH_s16_low,4,132,44.4,-0.7669021487236023,-0.30990559951055585
BH_s16_low,4,133,44.43333333333333,-0.966245174407959,-0.45735327902271833
BH_s16_low,4,134,44.46666666666667,-1.1148383617401123,-0.5903385487733406
BH_s16_low,4,135,44.5,-1.2679919004440308,-0.7152722180277871
BH_s16_low,4,136,44.53333333333333,-1.4120248556137085,-0.8322682802284717
BH_s16_low,4,137,44.56666666666667,-1.5180847644805908,-0.9341492420843859
BH_s16_low,4,138,44.6,-1.6177562475204468,-1.0090421039376791
BH_s16_low,4,139,44.63333333333333,-1.7174277305603027,-1.0428392385930585
BH_s16_low,4,140,44.666666666666664,-1.7293004989624023,-1.0203518510166127
BH_s16_low,4,141,44.7,-1.33050537109375,-0.9268100671468004
BH_s16_low,4,142,44.733333333333334,-0.39773431420326233,-0.7515156495044598
BH_s16_low,4,143,44.766666666666666,0.8125313520431519,-0.49493518789563107
BH_s16_low,4,144,44.8,1.6971068382263184,-0.17495842712621962
BH_s16_low,4,145,44.833333333333336,2.003345012664795,0.17646081104729006
BH_s16_low,4,146,44.86666666666667,1.923276424407959,0.5244263171332171
BH_s16_low,4,147,44.9,1.823187232017517,0.8379489635681051
BH_s16_low,4,148,44.93333333333333,1.7500134706497192,1.0899054700619268
BH_s16_low,4,149,44.96666666666667,1.5995922088623047,1.2574462081958842
BH_s16_low,4,150,45.0,1.3796533346176147,1.325664366222074
BH_s16_low,4,151,45.03333333333333,1.1803102493286133,1.2918787863123704
BH_s16_low,4,152,45.06666666666667,1.03171706199646,1.1671175211115692
BH_s16_low,4,153,45.1,0.8323740363121033,0.9715523789917263
BH_s16_low,4,154,45.13333333333333,0.6215758323669434,0.7261146237268448
BH_s16_low,4,155,45.166666666666664,0.3225612938404083,0.447494337507923
BH_s16_low,4,156,45.2,0.03134559839963913,0.14883385972424057
BH_s16_low,4,157,45.233333333333334,-0.21874727308750153,-0.15698995373379146
BH_s16_low,4,158,45.266666666666666,-0.4180903136730194,-0.455057558818418
BH_s16_low,4,159,45.3,-0.5666835308074951,-0.7300964394990889
BH_s16_low,4,160,45.333333333333336,-0.7655401825904846,-0.9703763877354918
BH_s16_low,4,161,45.36666666666667,-0.8652117252349854,-1.1677287654730053
BH_s16_low,4,162,45.4,-1.0124632120132446,-1.3129133081813542
BH_s16_low,4,163,45.43333333333333,-1.1153045892715454,-1.3911372325326972
BH_s16_low,4,164,45.46666666666667,-1.2657259702682495,-1.3820465934394417
BH_s16_low,4,165,45.5,-1.3740516901016235,-1.2668378749123335
BH_s16_low,4,166,45.53333333333333,-1.071215033531189,-1.038582063315206
BH_s16_low,4,167,45.56666666666667,-0.1899721622467041,-0.7062415681051728
BH_s16_low,4,168,45.6,0.8922759294509888,-0.29168853910622755
BH_s16_low,4,169,45.63333333333333,1.727386474609375,0.1721230198807589
BH_s16_low,4,170,45.666666666666664,1.957641839981079,0.6407905333370104
BH_s16_low,4,171,45.7,1.8428102731704712,1.062250228536184
BH_s16_low,4,172,45.733333333333334,1.7431387901306152,1.3864557532265205
BH_s16_low,4,173,45.766666666666666,1.5927174091339111,1.577336035386104
BH_s16_low,4,174,45.8,1.3910112380981445,1.6214473932077988
BH_s16_low,4,175,45.833333333333336,1.1427465677261353,1.527036475957582
BH_s16_low,4,176,45.86666666666667,0.9384540915489197,1.3153877100336646
BH_s16_low,4,177,45.9,0.7880327105522156,1.013927339600473
BH_s16_low,4,178,45.93333333333333,0.600951611995697,0.6541648403876196
BH_s16_low,4,179,45.96666666666667,0.35268688201904297,0.2704838345519
BH_s16_low,4,180,46.0,0.05367233231663704,-0.1030541187729996
BH_s16_low,4,181,46.03333333333333,-0.18174691498279572,-0.43859995867647106
BH_s16_low,4,182,46.06666666666667,-0.43183979392051697,-0.7201877905530071
BH_s16_low,4,183,46.1,-0.631182849407196,-0.9433468281219388
BH_s16_low,4,184,46.13333333333333,-0.8305258750915527,-1.1088055075156358
BH_s16_low,4,185,46.166666666666664,-0.9735860824584961,-1.216420843235949
BH_s16_low,4,186,46.2,-1.1240074634552002,-1.2626914540088447
BH_s16_low,4,187,46.233333333333334,-1.2236789464950562,-1.2416486592678584
BH_s16_low,4,188,46.266666666666666,-1.3233505487442017,-1.1476525781397973
BH_s16_low,4,189,46.3,-1.4230220317840576,-0.977802403280879
BH_s16_low,4,190,46.333333333333336,-1.5734434127807617,-0.7340150212185066
BH_s16_low,4,191,46.36666666666667,-1.537172794342041,-0.42702241510749045
BH_s16_low,4,192,46.4,-0.931928813457489,-0.08028754578570739
BH_s16_low,4,193,46.43333333333333,0.14083799719810486,0.27196855362781064
BH_s16_low,4,194,46.46666666666667,1.3079867362976074,0.5928957242329911
BH_s16_low,4,195,46.5,1.9371917247772217,0.8518568616053179
BH_s16_low,4,196,46.53333333333333,2.0769362449645996,1.029904606758414
BH_s16_low,4,197,46.56666666666667,1.9918413162231445,1.1201007994818735
BH_s16_low,4,198,46.6,1.9429196119308472,1.1244447194096177
BH_s16_low,4,199,46.63333333333333,1.8432480096817017,1.0521459259154744
BH_s16_low,4,200,46.666666666666664,1.635105013847351,0.9197874357339979
BH_s16_low,4,201,46.7,1.3360904455184937,0.7496441460644606
BH_s16_low,4,202,46.733333333333334,1.1130303144454956,0.5649314185471911
BH_s16_low,4,203,46.766666666666666,0.9136872291564941,0.3837511333373041
BH_s16_low,4,204,46.8,0.6927958726882935,0.21482074853875613
BH_s16_low,4,205,46.833333333333336,0.39378127455711365,0.05865903033246446
BH_s16_low,4,206,46.86666666666667,0.09476672112941742,-0.08688719796271632
BH_s16_low,4,207,46.9,-0.15349800884723663,-0.2223835766658661
BH_s16_low,4,208,46.93333333333333,-0.4382767379283905,-0.34625838618528093
BH_s16_low,4,209,46.96666666666667,-0.6376197934150696,-0.4566521347009963
BH_s16_low,4,210,47.0,-0.8263832330703735,-0.5533724809712812
BH_s16_low,4,211,47.03333333333333,-0.9855560660362244,-0.6373420908973375
BH_s16_low,4,212,47.06666666666667,-1.1272258758544922,-0.7080383576038416
BH_s16_low,4,213,47.1,-1.2776472568511963,-0.7623941609195876
BH_s16_low,4,214,47.13333333333333,-1.3773188591003418,-0.7958143370669984
BH_s16_low,4,215,47.166666666666664,-1.4769903421401978,-0.8029887335173059
BH_s16_low,4,216,47.2,-1.5766618251800537,-0.7776771941422691
BH_s16_low,4,217,47.233333333333334,-1.5792683362960815,-0.71237548075218
BH_s16_low,4,218,47.266666666666666,-1.1445753574371338,-0.5990827068166044
BH_s16_low,4,219,47.3,-0.1250392198562622,-0.4323217528501307
BH_s16_low,4,220,47.333333333333336,1.0202692747116089,-0.21330268533917054
BH_s16_low,4,221,47.36666666666667,1.8167580366134644,0.0479248588563876
BH_s16_low,4,222,47.4,2.014828681945801,0.33342805726706776
BH_s16_low,4,223,47.43333333333333,1.9378730058670044,0.6202484132793256
BH_s16_low,4,224,47.46666666666667,1.888951301574707,0.8830484025670651
BH_s16_low,4,225,47.5,1.7553722858428955,1.0941053801548746
BH_s16_low,4,226,47.53333333333333,1.5239498615264893,1.2233789921300897
BH_s16_low,4,227,47.56666666666667,1.27568519115448,1.2456650421904127
BH_s16_low,4,228,47.6,1.055843472480774,1.1521070477550124
BH_s16_low,4,229,47.63333333333333,0.9072502851486206,0.9541517278883901
BH_s16_low,4,230,47.666666666666664,0.7079072594642639,0.6774504293305275
BH_s16_low,4,231,47.7,0.4348756670951843,0.3532548287860958
BH_s16_low,4,232,47.733333333333334,0.1358611136674881,0.012160992614834146
BH_s16_low,4,233,47.766666666666666,-0.11240362375974655,-0.31882065891791356
BH_s16_low,4,234,47.8,-0.39396387338638306,-0.6168179593173594
BH_s16_low,4,235,47.833333333333336,-0.5933068990707397,-0.8637034353972649
BH_s16_low,4,236,47.86666666666667,-0.7788518667221069,-1.047040223671054
BH_s16_low,4,237,47.9,-0.929273247718811,-1.1594104058234467
BH_s16_low,4,238,47.93333333333333,-1.028944730758667,-1.1959260430920102
BH_s16_low,4,239,47.96666666666667,-1.1286163330078125,-1.151604991900069
BH_s16_low,4,240,48.0,-1.2282878160476685,-1.021429014960488
BH_s16_low,4,241,48.03333333333333,-1.3279592990875244,-0.8062432368803623
BH_s16_low,4,242,48.06666666666667,-1.4219722747802734,-0.5203145400477395
BH_s16_low,4,243,48.1,-1.1640443801879883,-0.1901057247156897
BH_s16_low,4,244,48.13333333333333,-0.3664979636669159,0.15507645842286819
BH_s16_low,4,245,48.166666666666664,0.7763295769691467,0.4889722991374986
BH_s16_low,4,246,48.2,1.6903049945831299,0.7874799706366211
BH_s16_low,4,247,48.233333333333334,2.013563871383667,1.0267604083849016
BH_s16_low,4,248,48.266666666666666,1.9835761785507202,1.1843477884408866
BH_s16_low,4,249,48.3,1.8839046955108643,1.2443047034258274
BH_s16_low,4,250,48.333333333333336,1.74527907371521,1.2033270641716487
BH_s16_low,4,251,48.36666666666667,1.5459359884262085,1.0713517866076616
BH_s16_low,4,252,48.4,1.2450933456420898,0.866118603713812
BH_s16_low,4,253,48.43333333333333,0.9615307450294495,0.607190222099644
BH_s16_low,4,254,48.46666666666667,0.7765491604804993,0.3130261495401148
BH_s16_low,4,255,48.5,0.5665009617805481,0.0018995967273572638
BH_s16_low,4,256,48.53333333333333,0.31823620200157166,-0.3057490487898793
BH_s16_low,4,257,48.56666666666667,-0.0053710006177425385,-0.5883919486993623
BH_s16_low,4,258,48.6,-0.2797929346561432,-0.8276555327768838
BH_s16_low,4,259,48.63333333333333,-0.5563065409660339,-1.010371140731848
BH_s16_low,4,260,48.666666666666664,-0.7556496262550354,-1.1270856606098478
BH_s16_low,4,261,48.7,-0.9549926519393921,-1.170051013564951
BH_s16_low,4,262,48.733333333333334,-1.1373192071914673,-1.1332865128923093
BH_s16_low,4,263,48.766666666666666,-1.2369906902313232,-1.0161356155210428
BH_s16_low,4,264,48.8,-1.3500224351882935,-0.8274800524661904
BH_s16_low,4,265,48.833333333333336,-1.4870835542678833,-0.5842778384413031
BH_s16_low,4,266,48.86666666666667,-1.545709252357483,-0.3055104916654197
BH_s16_low,4,267,48.9,-1.6864265203475952,-0.009747984121513127
BH_s16_low,4,268,48.93333333333333,-1.7353482246398926,0.2825069599937985
BH_s16_low,4,269,48.96666666666667,-1.835019826889038,0.5478607814004675
BH_s16_low,4,270,49.0,-1.8236256837844849,0.7633043544440384
BH_s16_low,4,271,49.03333333333333,-1.317668080329895,0.912373443737576
BH_s16_low,4,272,49.06666666666667,-0.1724976748228073,0.9903086554825331
BH_s16_low,4,273,49.1,1.123232126235962,1.002782135837023
BH_s16_low,4,274,49.13333333333333,1.9917395114898682,0.9592063312185963
BH_s16_low,4,275,49.166666666666664,2.2224366664886475,0.8678233816254649
BH_s16_low,4,276,49.2,2.136263370513916,0.7356498877028741
BH_s16_low,4,277,49.233333333333334,2.087341785430908,0.5714558045810337
BH_s16_low,4,278,49.266666666666666,2.0384199619293213,0.38825100214480757
BH_s16_low,4,279,49.3,1.814622402191162,0.2010554211690862
BH_s16_low,4,280,49.333333333333336,0.7225808501243591,0.021553128365751455
BH_s16_low,4,281,49.36666666666667,0.5721595287322998,-0.14337674361435251
BH_s16_low,4,282,49.4,0.4217381775379181,-0.2885074086207428
BH_s16_low,4,283,49.43333333333333,0.32206666469573975,-0.40817630948615025
BH_s16_low,4,284,49.46666666666667,0.19484759867191315,-0.49736525164524953
BH_s16_low,4,285,49.5,-0.004495442379266024,-0.5538849186308639
BH_s16_low,4,286,49.53333333333333,-0.10233883559703827,-0.5794973026953454
BH_s16_low,4,287,49.56666666666667,-0.2509320378303528,-0.5783176573031837
BH_s16_low,4,288,49.6,-0.37929025292396545,-0.5537086326835564
BH_s16_low,4,289,49.63333333333333,-0.4789617657661438,-0.5074275303989171
BH_s16_low,4,290,49.666666666666664,-0.5786333084106445,-0.44188639042409844
BH_s16_low,4,291,49.7,-0.6275550127029419,-0.36323498350063493
BH_s16_low,4,292,49.733333333333334,-0.7143040299415588,-0.2820891740411117
BH_s16_low,4,293,49.766666666666666,-0.7761482000350952,-0.20873071420871772
BH_s16_low,4,294,49.8,-0.8250699043273926,-0.14621364418979257
BH_s16_low,4,295,49.833333333333336,-0.8739916086196899,-0.09052200190563328
BH_s16_low,4,296,49.86666666666667,-0.9229133129119873,-0.0374700322910315
BH_s16_low,4,297,49.9,-0.9718350172042847,0.013325482655682414
BH_s16_low,4,298,49.93333333333333,-1.0168492794036865,0.06014575867081676
BH_s16_low,4,299,49.96666666666667,-0.9168009161949158,0.10165648420624351
