recording_id,measurement_id,sample_index,time_seconds,gt_signal,predicted_signal
TOKYOTECH_s05,0,0,0.0,-4.776912689208984,-0.08577031457759317
TOKYOTECH_s05,0,1,0.03333333333333333,-3.4848740100860596,-1.5334466973100538
TOKYOTECH_s05,0,2,0.06666666666666667,0.22835977375507355,-2.7907044914461823
TOKYOTECH_s05,0,3,0.1,1.0338280200958252,-3.707779060139528
TOKYOTECH_s05,0,4,0.13333333333333333,0.466609388589859,-4.201870273456031
TOKYOTECH_s05,0,5,0.16666666666666666,0.32199981808662415,-4.26958545705571
TOKYOTECH_s05,0,6,0.2,0.1936320960521698,-3.976753058228741
TOKYOTECH_s05,0,7,0.23333333333333334,-0.16221076250076294,-3.430868257783493
TOKYOTECH_s05,0,8,0.26666666666666666,-0.4660867750644684,-2.748013251896291
TOKYOTECH_s05,0,9,0.3,-0.6635002493858337,-2.0260464594614858
TOKYOTECH_s05,0,10,0.3333333333333333,-0.7988579869270325,-1.3314793316834093
TOKYOTECH_s05,0,11,0.36666666666666664,-0.8837093114852905,-0.7008334843828737
TOKYOTECH_s05,0,12,0.4,-0.9472787380218506,-0.15086335726727318
TOKYOTECH_s05,0,13,0.43333333333333335,-0.9440374970436096,0.31061656024889955
TOKYOTECH_s05,0,14,0.4666666666666667,-0.9751676917076111,0.6788911738131785
TOKYOTECH_s05,0,15,0.5,-0.9879902601242065,0.951948714097208
TOKYOTECH_s05,0,16,0.5333333333333333,-1.0862873792648315,1.1324087904350109
TOKYOTECH_s05,0,17,0.5666666666666667,-1.1908888816833496,1.2282378084280081
TOKYOTECH_s05,0,18,0.6,-1.2895866632461548,1.250842541430508
TOKYOTECH_s05,0,19,0.6333333333333333,-0.6454596519470215,1.2119907855397503
TOKYOTECH_s05,0,20,0.6666666666666666,0.9457622170448303,1.1224581147271606
TOKYOTECH_s05,0,21,0.7,1.8960893154144287,0.9938401266966058
TOKYOTECH_s05,0,22,0.7333333333333333,1.8312466144561768,0.841386310883608
TOKYOTECH_s05,0,23,0.7666666666666667,1.5253403186798096,0.6838300974899382
TOKYOTECH_s05,0,24,0.8,1.2810355424880981,0.5386030029826383
TOKYOTECH_s05,0,25,0.8333333333333334,1.0348966121673584,0.41508734219510174
TOKYOTECH_s05,0,26,0.8666666666666667,0.6651715040206909,0.31067334557557447
TOKYOTECH_s05,0,27,0.9,0.33756494522094727,0.21286867457221922
TOKYOTECH_s05,0,28,0.9333333333333333,0.33286333084106445,0.10676656537971552
TOKYOTECH_s05,0,29,0.9666666666666667,0.4596727788448334,-0.01618211663299926
TOKYOTECH_s05,0,30,1.0,0.41086703538894653,-0.15251679271107316
TOKYOTECH_s05,0,31,1.0333333333333334,0.2041216343641281,-0.28636119586408787
TOKYOTECH_s05,0,32,1.0666666666666667,0.021632179617881775,-0.3934912054946632
TOKYOTECH_s05,0,33,1.1,-0.23621632158756256,-0.44779063953906967
TOKYOTECH_s05,0,34,1.1333333333333333,-0.5707239508628845,-0.4287685369575589
TOKYOTECH_s05,0,35,1.1666666666666667,-0.7200974225997925,-0.3293504549883125
TOKYOTECH_s05,0,36,1.2,-0.8483315706253052,-0.16174118539582064
TOKYOTECH_s05,0,37,1.2333333333333334,-0.8753300905227661,0.04232723646274083
TOKYOTECH_s05,0,38,1.2666666666666666,-0.8983750343322754,0.23944908145941882
TOKYOTECH_s05,0,39,1.3,-0.8978051543235779,0.38870491468355334
TOKYOTECH_s05,0,40,1.3333333333333333,-0.9020169973373413,0.4654399434340291
TOKYOTECH_s05,0,41,1.3666666666666667,-0.9747492074966431,0.46713822092168505
TOKYOTECH_s05,0,42,1.4,-1.0316669940948486,0.4090587631830864
TOKYOTECH_s05,0,43,1.4333333333333333,-1.1779862642288208,0.3138517124191661
TOKYOTECH_s05,0,44,1.4666666666666666,-1.308544397354126,0.2017765600463662
TOKYOTECH_s05,0,45,1.5,-0.9859867095947266,0.08610745984611785
TOKYOTECH_s05,0,46,1.5333333333333334,0.2950725257396698,-0.025567907676026916
TOKYOTECH_s05,0,47,1.5666666666666667,1.545838475227356,-0.12705054623940581
TOKYOTECH_s05,0,48,1.6,1.8293054103851318,-0.2107826785369684
TOKYOTECH_s05,0,49,1.6333333333333333,1.482696533203125,-0.26944464263484136
TOKYOTECH_s05,0,50,1.6666666666666667,1.0100973844528198,-0.30031579501936234
TOKYOTECH_s05,0,51,1.7,0.6553765535354614,-0.30809483932635345
TOKYOTECH_s05,0,52,1.7333333333333334,0.3275829553604126,-0.3036860713614752
TOKYOTECH_s05,0,53,1.7666666666666666,0.06915566325187683,-0.29999881304160003
TOKYOTECH_s05,0,54,1.8,0.1357971727848053,-0.3071491166470428
TOKYOTECH_s05,0,55,1.8333333333333333,0.380190908908844,-0.3285178923853334
TOKYOTECH_s05,0,56,1.8666666666666667,0.4569123685359955,-0.3579928207555243
TOKYOTECH_s05,0,57,1.9,0.2617250382900238,-0.37906154359263794
TOKYOTECH_s05,0,58,1.9333333333333333,-0.02442205511033535,-0.36787170176431727
TOKYOTECH_s05,0,59,1.9666666666666666,-0.29631298780441284,-0.30188157634648133
TOKYOTECH_s05,0,60,2.0,-0.5570999979972839,-0.17170118066824436
TOKYOTECH_s05,0,61,2.033333333333333,-0.7520735859870911,0.01038734448068516
TOKYOTECH_s05,0,62,2.066666666666667,-0.8880724906921387,0.21155540825693164
TOKYOTECH_s05,0,63,2.1,-0.9448210597038269,0.3903191307228455
TOKYOTECH_s05,0,64,2.1333333333333333,-0.9501727223396301,0.5131541716888998
TOKYOTECH_s05,0,65,2.1666666666666665,-0.9178670644760132,0.5661950258641454
TOKYOTECH_s05,0,66,2.2,-0.9719887971878052,0.5557427479540299
TOKYOTECH_s05,0,67,2.2333333333333334,-1.0156477689743042,0.4990559259315974
TOKYOTECH_s05,0,68,2.2666666666666666,-1.0818172693252563,0.41327488343732355
TOKYOTECH_s05,0,69,2.3,-0.6955565214157104,0.3103633040992783
TOKYOTECH_s05,0,70,2.3333333333333335,0.5707479119300842,0.19933246285588246
TOKYOTECH_s05,0,71,2.3666666666666667,1.6258991956710815,0.09015880050611351
TOKYOTECH_s05,0,72,2.4,1.6847848892211914,-0.006831459902010779
TOKYOTECH_s05,0,73,2.433333333333333,1.2255425453186035,-0.08695131722357963
TOKYOTECH_s05,0,74,2.466666666666667,0.7983031868934631,-0.1569392451138701
TOKYOTECH_s05,0,75,2.5,0.4248916804790497,-0.23355973354345608
TOKYOTECH_s05,0,76,2.533333333333333,0.017064154148101807,-0.3336990918121272
TOKYOTECH_s05,0,77,2.566666666666667,-0.14404551684856415,-0.46198729953388695
TOKYOTECH_s05,0,78,2.6,-0.04689709097146988,-0.6042632442479652
TOKYOTECH_s05,0,79,2.6333333333333333,0.26272234320640564,-0.7309352322712704
TOKYOTECH_s05,0,80,2.6666666666666665,0.279213547706604,-0.8070774522321699
TOKYOTECH_s05,0,81,2.7,0.05621737614274025,-0.8024944701758974
TOKYOTECH_s05,0,82,2.7333333333333334,-0.16769595444202423,-0.6981643740746123
TOKYOTECH_s05,0,83,2.7666666666666666,-0.4920880198478699,-0.49034898278010197
TOKYOTECH_s05,0,84,2.8,-0.7466062307357788,-0.1941744649804276
TOKYOTECH_s05,0,85,2.8333333333333335,-0.9605197906494141,0.15477701854458076
TOKYOTECH_s05,0,86,2.8666666666666667,-1.065495252609253,0.5049292928562006
TOKYOTECH_s05,0,87,2.9,-1.1238021850585938,0.8013974628573711
TOKYOTECH_s05,0,88,2.933333333333333,-1.149749994277954,1.0027856824593961
TOKYOTECH_s05,0,89,2.966666666666667,-1.082031011581421,1.093140760736078
TOKYOTECH_s05,0,90,3.0,-1.0865633487701416,1.0820496673878925
TOKYOTECH_s05,0,91,3.033333333333333,-1.1790190935134888,0.9934028743046202
TOKYOTECH_s05,0,92,3.066666666666667,-1.2690261602401733,0.8509061799406916
TOKYOTECH_s05,0,93,3.1,-0.9009573459625244,0.6699866789869016
TOKYOTECH_s05,0,94,3.1333333333333333,0.49777525663375854,0.45958334087950603
TOKYOTECH_s05,0,95,3.1666666666666665,1.7687634229660034,0.22916204465089343
TOKYOTECH_s05,0,96,3.2,2.0204410552978516,-0.006831520875705805
TOKYOTECH_s05,0,97,3.2333333333333334,1.6592466831207275,-0.23126498442420196
TOKYOTECH_s05,0,98,3.2666666666666666,1.275835394859314,-0.4306676141469955
TOKYOTECH_s05,0,99,3.3,1.0392508506774902,-0.5992539784276776
TOKYOTECH_s05,0,100,3.3333333333333335,0.6662044525146484,-0.7372634150989024
TOKYOTECH_s05,0,101,3.3666666666666667,0.36256885528564453,-0.8458551337805078
TOKYOTECH_s05,0,102,3.4,0.2419302761554718,-0.9230811837240904
TOKYOTECH_s05,0,103,3.433333333333333,0.3376539647579193,-0.9633069321306771
TOKYOTECH_s05,0,104,3.466666666666667,0.41654813289642334,-0.9586249108292884
TOKYOTECH_s05,0,105,3.5,0.3550356328487396,-0.8994823830308506
TOKYOTECH_s05,0,106,3.533333333333333,0.11109600216150284,-0.7746024325740659
TOKYOTECH_s05,0,107,3.566666666666667,-0.21225422620773315,-0.5736904339007074
TOKYOTECH_s05,0,108,3.6,-0.511446475982666,-0.29572300777999555
TOKYOTECH_s05,0,109,3.6333333333333333,-0.698352575302124,0.04009208365763139
TOKYOTECH_s05,0,110,3.6666666666666665,-0.8958728909492493,0.39010598027039906
TOKYOTECH_s05,0,111,3.7,-0.9607958197593689,0.6969843572695955
TOKYOTECH_s05,0,112,3.7333333333333334,-1.0253803730010986,0.9120501808226232
TOKYOTECH_s05,0,113,3.7666666666666666,-1.0416489839553833,1.0149025266762643
TOKYOTECH_s05,0,114,3.8,-1.0284079313278198,1.01720523705504
TOKYOTECH_s05,0,115,3.8333333333333335,-1.0665727853775024,0.9491728429455359
TOKYOTECH_s05,0,116,3.8666666666666667,-1.1246837377548218,0.8395856315429344
TOKYOTECH_s05,0,117,3.9,-1.231431245803833,0.7036007241074284
TOKYOTECH_s05,0,118,3.933333333333333,-1.197959065437317,0.5445132116803624
TOKYOTECH_s05,0,119,3.966666666666667,-0.10204284638166428,0.3641137203076862
TOKYOTECH_s05,0,120,4.0,1.4696602821350098,0.171313338820571
TOKYOTECH_s05,0,121,4.033333333333333,2.023513078689575,-0.017653803052906855
TOKYOTECH_s05,0,122,4.066666666666666,1.7808736562728882,-0.18618533483587918
TOKYOTECH_s05,0,123,4.1,1.367560863494873,-0.32465721775033735
TOKYOTECH_s05,0,124,4.133333333333334,1.0876648426055908,-0.4325543404206982
TOKYOTECH_s05,0,125,4.166666666666667,0.7605034112930298,-0.5152992586308923
TOKYOTECH_s05,0,126,4.2,0.3897632956504822,-0.5801726708998977
TOKYOTECH_s05,0,127,4.233333333333333,0.1763305962085724,-0.6351994326098198
TOKYOTECH_s05,0,128,4.266666666666667,0.2634970545768738,-0.6897912267008207
TOKYOTECH_s05,0,129,4.3,0.4050968885421753,-0.7522711506214592
TOKYOTECH_s05,0,130,4.333333333333333,0.38081425428390503,-0.8220643376937843
TOKYOTECH_s05,0,131,4.366666666666666,0.17308934032917023,-0.8809607816764342
TOKYOTECH_s05,0,132,4.4,-0.07101946324110031,-0.8921513380798869
TOKYOTECH_s05,0,133,4.433333333333334,-0.3787689507007599,-0.8124918898831315
TOKYOTECH_s05,0,134,4.466666666666667,-0.6637317538261414,-0.6133436887766234
TOKYOTECH_s05,0,135,4.5,-0.8460075259208679,-0.2974509762491604
TOKYOTECH_s05,0,136,4.533333333333333,-0.9655953645706177,0.09848649729708508
TOKYOTECH_s05,0,137,4.566666666666666,-1.013136625289917,0.5161880625458014
TOKYOTECH_s05,0,138,4.6,-1.048523187637329,0.8946455681165447
TOKYOTECH_s05,0,139,4.633333333333334,-1.0038580894470215,1.185044969413324
TOKYOTECH_s05,0,140,4.666666666666667,-1.0339821577072144,1.3573325814509003
TOKYOTECH_s05,0,141,4.7,-1.0927609205245972,1.4008709997671467
TOKYOTECH_s05,0,142,4.733333333333333,-1.1989474296569824,1.3228045590575968
TOKYOTECH_s05,0,143,4.766666666666667,-1.2905128002166748,1.1450530500320852
TOKYOTECH_s05,0,144,4.8,-1.3514553308486938,0.8992121798042875
TOKYOTECH_s05,0,145,4.833333333333333,-0.9162197113037109,0.6196034699281919
TOKYOTECH_s05,0,146,4.866666666666666,0.6907453536987305,0.3368089458428651
TOKYOTECH_s05,0,147,4.9,1.8885828256607056,0.07445509360289898
TOKYOTECH_s05,0,148,4.933333333333334,1.9602643251419067,-0.15048612018067395
TOKYOTECH_s05,0,149,4.966666666666667,1.5329091548919678,-0.32654812874810235
TOKYOTECH_s05,0,150,5.0,1.1846262216567993,-0.448716957713946
TOKYOTECH_s05,0,151,5.033333333333333,0.8474027514457703,-0.5217266724680891
TOKYOTECH_s05,0,152,5.066666666666666,0.4315967857837677,-0.5624424359472805
TOKYOTECH_s05,0,153,5.1,0.18126370012760162,-0.5970169338789841
TOKYOTECH_s05,0,154,5.133333333333334,0.183943971991539,-0.6515692786887433
TOKYOTECH_s05,0,155,5.166666666666667,0.35312116146087646,-0.7401919489060232
TOKYOTECH_s05,0,156,5.2,0.41137459874153137,-0.8571691780362918
TOKYOTECH_s05,0,157,5.233333333333333,0.2988124191761017,-0.9782741670283605
TOKYOTECH_s05,0,158,5.266666666666667,0.06150666996836662,-1.0696196380081862
TOKYOTECH_s05,0,159,5.3,-0.22948449850082397,-1.0978177631756934
TOKYOTECH_s05,0,160,5.333333333333333,-0.5684532523155212,-1.036802176282901
TOKYOTECH_s05,0,161,5.366666666666666,-0.7718505859375,-0.8716305130428781
TOKYOTECH_s05,0,162,5.4,-0.9171457886695862,-0.6022359436713349
TOKYOTECH_s05,0,163,5.433333333333334,-1.0473389625549316,-0.24793725151512128
TOKYOTECH_s05,0,164,5.466666666666667,-1.0418181419372559,0.15130940353105624
TOKYOTECH_s05,0,165,5.5,-1.0309991836547852,0.5421587011939153
TOKYOTECH_s05,0,166,5.533333333333333,-1.0520493984222412,0.873182202870568
TOKYOTECH_s05,0,167,5.566666666666666,-1.1087623834609985,1.110761495379867
TOKYOTECH_s05,0,168,5.6,-1.127408504486084,1.2468018355114774
TOKYOTECH_s05,0,169,5.633333333333334,-1.2178606986999512,1.2945027446432702
TOKYOTECH_s05,0,170,5.666666666666667,-1.3078409433364868,1.2756899923555562
TOKYOTECH_s05,0,171,5.7,-1.4063785076141357,1.207771373249769
TOKYOTECH_s05,0,172,5.733333333333333,-1.1801410913467407,1.0973952455351565
TOKYOTECH_s05,0,173,5.766666666666667,0.3446529507637024,0.9429210067375189
TOKYOTECH_s05,0,174,5.8,1.8276491165161133,0.7424959940399826
TOKYOTECH_s05,0,175,5.833333333333333,1.9586080312728882,0.501639502188669
TOKYOTECH_s05,0,176,5.866666666666666,1.6206989288330078,0.2350629696014882
TOKYOTECH_s05,0,177,5.9,1.1577256917953491,-0.038233254703178454
TOKYOTECH_s05,0,178,5.933333333333334,0.6836751699447632,-0.30226122403906147
TOKYOTECH_s05,0,179,5.966666666666667,0.29175111651420593,-0.5478496085250194
TOKYOTECH_s05,0,180,6.0,0.007358216214925051,-0.7710452527358355
TOKYOTECH_s05,0,181,6.033333333333333,0.06913784891366959,-0.9688377531691591
TOKYOTECH_s05,0,182,6.066666666666666,0.29137712717056274,-1.1352784161860334
TOKYOTECH_s05,0,183,6.1,0.4514182507991791,-1.2588719119981167
TOKYOTECH_s05,0,184,6.133333333333334,0.3488202691078186,-1.3212512082872419
TOKYOTECH_s05,0,185,6.166666666666667,0.1024140864610672,-1.2981816982219858
TOKYOTECH_s05,0,186,6.2,-0.23632317781448364,-1.165020616143793
TOKYOTECH_s05,0,187,6.233333333333333,-0.48851728439331055,-0.9075341989303862
TOKYOTECH_s05,0,188,6.266666666666667,-0.7297499179840088,-0.5348828078693811
TOKYOTECH_s05,0,189,6.3,-0.9210192561149597,-0.08741686748765029
TOKYOTECH_s05,0,190,6.333333333333333,-0.9585607647895813,0.36832563613624497
TOKYOTECH_s05,0,191,6.366666666666666,-1.0247926712036133,0.7589829437267398
TOKYOTECH_s05,0,192,6.4,-1.0320676565170288,1.029666296765912
TOKYOTECH_s05,0,193,6.433333333333334,-1.0086843967437744,1.1612179762886286
TOKYOTECH_s05,0,194,6.466666666666667,-1.0406694412231445,1.1702902581876198
TOKYOTECH_s05,0,195,6.5,-1.1068657636642456,1.0940767819956236
TOKYOTECH_s05,0,196,6.533333333333333,-1.1537302732467651,0.9701555998665208
TOKYOTECH_s05,0,197,6.566666666666666,-1.1733914613723755,0.8229405175654598
TOKYOTECH_s05,0,198,6.6,-0.5016158819198608,0.6618106477282598
TOKYOTECH_s05,0,199,6.633333333333334,1.1065512895584106,0.4877127439911999
TOKYOTECH_s05,0,200,6.666666666666667,1.859411597251892,0.30098923247753584
TOKYOTECH_s05,0,201,6.7,1.6222749948501587,0.10487209288169776
TOKYOTECH_s05,0,202,6.733333333333333,1.1797465085983276,-0.09595979091124977
TOKYOTECH_s05,0,203,6.766666666666667,0.6118689775466919,-0.29843970912916007
TOKYOTECH_s05,0,204,6.8,0.08087402582168579,-0.5023400592854509
TOKYOTECH_s05,0,205,6.833333333333333,-0.3771394193172455,-0.7084202484594683
TOKYOTECH_s05,0,206,6.866666666666666,-0.41766393184661865,-0.9140677839294539
TOKYOTECH_s05,0,207,6.9,-0.10737666487693787,-1.1078609247644702
TOKYOTECH_s05,0,208,6.933333333333334,0.2868892550468445,-1.2650916102173402
TOKYOTECH_s05,0,209,6.966666666666667,0.3139501214027405,-1.3472464879017536
TOKYOTECH_s05,0,210,7.0,0.09885226935148239,-1.3090352714660756
TOKYOTECH_s05,0,211,7.033333333333333,-0.249671071767807,-1.1142317214066138
TOKYOTECH_s05,0,212,7.066666666666666,-0.5525052547454834,-0.7556147732761255
TOKYOTECH_s05,0,213,7.1,-0.8149128556251526,-0.2687326215640591
TOKYOTECH_s05,0,214,7.133333333333334,-1.0254337787628174,0.2707373221114316
TOKYOTECH_s05,0,215,7.166666666666667,-1.138254165649414,0.7685965449852753
TOKYOTECH_s05,0,216,7.2,-1.1935513019561768,1.1434581789271399
TOKYOTECH_s05,0,217,7.233333333333333,-1.2256877422332764,1.3517409371647098
TOKYOTECH_s05,0,218,7.266666666666667,-1.1808000802993774,1.3946410884789582
TOKYOTECH_s05,0,219,7.3,-1.1551905870437622,1.3066810194605256
TOKYOTECH_s05,0,220,7.333333333333333,-1.1871401071548462,1.1350223178496863
TOKYOTECH_s05,0,221,7.366666666666666,-1.2201491594314575,0.9214662811127399
TOKYOTECH_s05,0,222,7.4,-0.7288416624069214,0.694583536060929
TOKYOTECH_s05,0,223,7.433333333333334,0.8848730325698853,0.47172702881899803
TOKYOTECH_s05,0,224,7.466666666666667,2.039069414138794,0.2650472448554958
TOKYOTECH_s05,0,225,7.5,2.074856758117676,0.08513270423916772
TOKYOTECH_s05,0,226,7.533333333333333,1.6966902017593384,-0.059968771281480614
TOKYOTECH_s05,0,227,7.566666666666666,1.2733064889907837,-0.16801657847440735
TOKYOTECH_s05,0,228,7.6,0.7918028831481934,-0.2446091592083183
TOKYOTECH_s05,0,229,7.633333333333334,0.29319366812705994,-0.30233868149085796
TOKYOTECH_s05,0,230,7.666666666666667,0.05700097605586052,-0.3577193840271936
TOKYOTECH_s05,0,231,7.7,0.07371477782726288,-0.42695401356879903
TOKYOTECH_s05,0,232,7.733333333333333,0.29679998755455017,-0.520219151042458
TOKYOTECH_s05,0,233,7.766666666666667,0.4858698844909668,-0.634375721136761
TOKYOTECH_s05,0,234,7.8,0.32487598061561584,-0.7475297457227829
TOKYOTECH_s05,0,235,7.833333333333333,0.0592271089553833,-0.8213431425906468
TOKYOTECH_s05,0,236,7.866666666666666,-0.2251034677028656,-0.8139621514193529
TOKYOTECH_s05,0,237,7.9,-0.6009904146194458,-0.6993889283177668
TOKYOTECH_s05,0,238,7.933333333333334,-0.8251708745956421,-0.48327398861931453
TOKYOTECH_s05,0,239,7.966666666666667,-0.9521316885948181,-0.20557039519406647
TOKYOTECH_s05,1,0,1.0,0.41086703538894653,0.012154942013167821
TOKYOTECH_s05,1,1,1.0333333333333334,0.2041216343641281,-1.622067585291988
TOKYOTECH_s05,1,2,1.0666666666666667,0.021632179617881775,-2.9955198829987655
TOKYOTECH_s05,1,3,1.1,-0.23621632158756256,-3.9076393452535263
TOKYOTECH_s05,1,4,1.1333333333333333,-0.5707239508628845,-4.2650763136656344
TOKYOTECH_s05,1,5,1.1666666666666667,-0.7200974225997925,-4.096261197591829
TOKYOTECH_s05,1,6,1.2,-0.8483315706253052,-3.5300636604406646
TOKYOTECH_s05,1,7,1.2333333333333334,-0.8753300905227661,-2.749450652510734
TOKYOTECH_s05,1,8,1.2666666666666666,-0.8983750343322754,-1.9379459725159496
TOKYOTECH_s05,1,9,1.3,-0.8978051543235779,-1.234995642400379
TOKYOTECH_s05,1,10,1.3333333333333333,-0.9020169973373413,-0.7118820619333082
TOKYOTECH_s05,1,11,1.3666666666666667,-0.9747492074966431,-0.37289758520010713
TOKYOTECH_s05,1,12,1.4,-1.0316669940948486,-0.17683967729907843
TOKYOTECH_s05,1,13,1.4333333333333333,-1.1779862642288208,-0.06634735340795009
TOKYOTECH_s05,1,14,1.4666666666666666,-1.308544397354126,0.008089716583336161
TOKYOTECH_s05,1,15,1.5,-0.9859867095947266,0.07711614409417393
TOKYOTECH_s05,1,16,1.5333333333333334,0.2950725257396698,0.15435544270183227
TOKYOTECH_s05,1,17,1.5666666666666667,1.545838475227356,0.24480226668136293
TOKYOTECH_s05,1,18,1.6,1.8293054103851318,0.3516282593643362
TOKYOTECH_s05,1,19,1.6333333333333333,1.482696533203125,0.47658952077477407
TOKYOTECH_s05,1,20,1.6666666666666667,1.0100973844528198,0.6155168230711591
TOKYOTECH_s05,1,21,1.7,0.6553765535354614,0.7544883905415197
TOKYOTECH_s05,1,22,1.7333333333333334,0.3275829553604126,0.8709314172550474
TOKYOTECH_s05,1,23,1.7666666666666666,0.06915566325187683,0.939693884034732
TOKYOTECH_s05,1,24,1.8,0.1357971727848053,0.9413497750361485
TOKYOTECH_s05,1,25,1.8333333333333333,0.380190908908844,0.8697516894010479
TOKYOTECH_s05,1,26,1.8666666666666667,0.4569123685359955,0.7368433440463089
TOKYOTECH_s05,1,27,1.9,0.2617250382900238,0.5731026232363724
TOKYOTECH_s05,1,28,1.9333333333333333,-0.02442205511033535,0.4214511098028083
TOKYOTECH_s05,1,29,1.9666666666666666,-0.29631298780441284,0.3238518577951644
TOKYOTECH_s05,1,30,2.0,-0.5570999979972839,0.3045694917841578
TOKYOTECH_s05,1,31,2.033333333333333,-0.7520735859870911,0.3583487655889324
TOKYOTECH_s05,1,32,2.066666666666667,-0.8880724906921387,0.45097209414198536
TOKYOTECH_s05,1,33,2.1,-0.9448210597038269,0.5333944517791166
TOKYOTECH_s05,1,34,2.1333333333333333,-0.9501727223396301,0.5625062827208405
TOKYOTECH_s05,1,35,2.1666666666666665,-0.9178670644760132,0.5173367974491992
TOKYOTECH_s05,1,36,2.2,-0.9719887971878052,0.40274414419861576
TOKYOTECH_s05,1,37,2.2333333333333334,-1.0156477689743042,0.24097732941357125
TOKYOTECH_s05,1,38,2.2666666666666666,-1.0818172693252563,0.059020224547630416
TOKYOTECH_s05,1,39,2.3,-0.6955565214157104,-0.11942617918117322
TOKYOTECH_s05,1,40,2.3333333333333335,0.5707479119300842,-0.27499844132735557
TOKYOTECH_s05,1,41,2.3666666666666667,1.6258991956710815,-0.39162334224075496
TOKYOTECH_s05,1,42,2.4,1.6847848892211914,-0.4590276645821997
TOKYOTECH_s05,1,43,2.433333333333333,1.2255425453186035,-0.47914961100586256
TOKYOTECH_s05,1,44,2.466666666666667,0.7983031868934631,-0.47066354527234117
TOKYOTECH_s05,1,45,2.5,0.4248916804790497,-0.46488678098963854
TOKYOTECH_s05,1,46,2.533333333333333,0.017064154148101807,-0.49243579367105517
TOKYOTECH_s05,1,47,2.566666666666667,-0.14404551684856415,-0.5676071415969309
TOKYOTECH_s05,1,48,2.6,-0.04689709097146988,-0.6797376249759992
TOKYOTECH_s05,1,49,2.6333333333333333,0.26272234320640564,-0.7962190881367133
TOKYOTECH_s05,1,50,2.6666666666666665,0.279213547706604,-0.8740893240814447
TOKYOTECH_s05,1,51,2.7,0.05621737614274025,-0.8729798442812853
TOKYOTECH_s05,1,52,2.7333333333333334,-0.16769595444202423,-0.7650522932794831
TOKYOTECH_s05,1,53,2.7666666666666666,-0.4920880198478699,-0.5422736741516515
TOKYOTECH_s05,1,54,2.8,-0.7466062307357788,-0.22183952432572668
TOKYOTECH_s05,1,55,2.8333333333333335,-0.9605197906494141,0.1525581196275826
TOKYOTECH_s05,1,56,2.8666666666666667,-1.065495252609253,0.5179985460051896
TOKYOTECH_s05,1,57,2.9,-1.1238021850585938,0.8096391013686812
TOKYOTECH_s05,1,58,2.933333333333333,-1.149749994277954,0.9821628525417058
TOKYOTECH_s05,1,59,2.966666666666667,-1.082031011581421,1.024214691032052
TOKYOTECH_s05,1,60,3.0,-1.0865633487701416,0.9575040875703207
TOKYOTECH_s05,1,61,3.033333333333333,-1.1790190935134888,0.821542204625548
TOKYOTECH_s05,1,62,3.066666666666667,-1.2690261602401733,0.6540993597476901
TOKYOTECH_s05,1,63,3.1,-0.9009573459625244,0.47929128882846406
TOKYOTECH_s05,1,64,3.1333333333333333,0.49777525663375854,0.3078090470138825
TOKYOTECH_s05,1,65,3.1666666666666665,1.7687634229660034,0.144219887076504
TOKYOTECH_s05,1,66,3.2,2.0204410552978516,-0.007225983922189911
TOKYOTECH_s05,1,67,3.2333333333333334,1.6592466831207275,-0.14278841003413456
TOKYOTECH_s05,1,68,3.2666666666666666,1.275835394859314,-0.26273012653410416
TOKYOTECH_s05,1,69,3.3,1.0392508506774902,-0.37206459041216805
TOKYOTECH_s05,1,70,3.3333333333333335,0.6662044525146484,-0.47632390799687935
TOKYOTECH_s05,1,71,3.3666666666666667,0.36256885528564453,-0.5759033911543507
TOKYOTECH_s05,1,72,3.4,0.2419302761554718,-0.6637891943289882
TOKYOTECH_s05,1,73,3.433333333333333,0.3376539647579193,-0.7279313473640491
TOKYOTECH_s05,1,74,3.466666666666667,0.41654813289642334,-0.7551608851007908
TOKYOTECH_s05,1,75,3.5,0.3550356328487396,-0.732800492971923
TOKYOTECH_s05,1,76,3.533333333333333,0.11109600216150284,-0.6481138762614915
TOKYOTECH_s05,1,77,3.566666666666667,-0.21225422620773315,-0.489909759254325
TOKYOTECH_s05,1,78,3.6,-0.511446475982666,-0.25581000474092275
TOKYOTECH_s05,1,79,3.6333333333333333,-0.698352575302124,0.037416772203060826
TOKYOTECH_s05,1,80,3.6666666666666665,-0.8958728909492493,0.34962239917875354
TOKYOTECH_s05,1,81,3.7,-0.9607958197593689,0.627170613987471
TOKYOTECH_s05,1,82,3.7333333333333334,-1.0253803730010986,0.8238866040350881
TOKYOTECH_s05,1,83,3.7666666666666666,-1.0416489839553833,0.9196112085875908
TOKYOTECH_s05,1,84,3.8,-1.0284079313278198,0.924067606463082
TOKYOTECH_s05,1,85,3.8333333333333335,-1.0665727853775024,0.8646196392663783
TOKYOTECH_s05,1,86,3.8666666666666667,-1.1246837377548218,0.76780403440912
TOKYOTECH_s05,1,87,3.9,-1.231431245803833,0.6476664975020178
TOKYOTECH_s05,1,88,3.933333333333333,-1.197959065437317,0.5066932566710753
TOKYOTECH_s05,1,89,3.966666666666667,-0.10204284638166428,0.3448116156687456
TOKYOTECH_s05,1,90,4.0,1.4696602821350098,0.16738162398419482
TOKYOTECH_s05,1,91,4.033333333333333,2.023513078689575,-0.013766811452150059
TOKYOTECH_s05,1,92,4.066666666666666,1.7808736562728882,-0.1852143772296174
TOKYOTECH_s05,1,93,4.1,1.367560863494873,-0.3370687650719562
TOKYOTECH_s05,1,94,4.133333333333334,1.0876648426055908,-0.46407135642993275
TOKYOTECH_s05,1,95,4.166666666666667,0.7605034112930298,-0.5635109061165161
TOKYOTECH_s05,1,96,4.2,0.3897632956504822,-0.6342222440558878
TOKYOTECH_s05,1,97,4.233333333333333,0.1763305962085724,-0.6793071757936252
TOKYOTECH_s05,1,98,4.266666666666667,0.2634970545768738,-0.7094911979570829
TOKYOTECH_s05,1,99,4.3,0.4050968885421753,-0.7407057757813899
TOKYOTECH_s05,1,100,4.333333333333333,0.38081425428390503,-0.7834571724665902
TOKYOTECH_s05,1,101,4.366666666666666,0.17308934032917023,-0.8296481831620561
TOKYOTECH_s05,1,102,4.4,-0.07101946324110031,-0.8475618361842917
TOKYOTECH_s05,1,103,4.433333333333334,-0.3787689507007599,-0.7921877095371683
TOKYOTECH_s05,1,104,4.466666666666667,-0.6637317538261414,-0.6269176131477212
TOKYOTECH_s05,1,105,4.5,-0.8460075259208679,-0.34353347892099123
TOKYOTECH_s05,1,106,4.533333333333333,-0.9655953645706177,0.03120797341956106
TOKYOTECH_s05,1,107,4.566666666666666,-1.013136625289917,0.4445693869582562
TOKYOTECH_s05,1,108,4.6,-1.048523187637329,0.8350858386427809
TOKYOTECH_s05,1,109,4.633333333333334,-1.0038580894470215,1.1481053358531206
TOKYOTECH_s05,1,110,4.666666666666667,-1.0339821577072144,1.3448671330055524
TOKYOTECH_s05,1,111,4.7,-1.0927609205245972,1.4065870031610517
TOKYOTECH_s05,1,112,4.733333333333333,-1.1989474296569824,1.3358245438032617
TOKYOTECH_s05,1,113,4.766666666666667,-1.2905128002166748,1.1548568317832286
TOKYOTECH_s05,1,114,4.8,-1.3514553308486938,0.8998660059626604
TOKYOTECH_s05,1,115,4.833333333333333,-0.9162197113037109,0.6116583551074886
TOKYOTECH_s05,1,116,4.866666666666666,0.6907453536987305,0.32640019229099493
TOKYOTECH_s05,1,117,4.9,1.8885828256607056,0.07036649503830955
TOKYOTECH_s05,1,118,4.933333333333334,1.9602643251419067,-0.14031591247487984
TOKYOTECH_s05,1,119,4.966666666666667,1.5329091548919678,-0.29764559849848093
TOKYOTECH_s05,1,120,5.0,1.1846262216567993,-0.4009990535817558
TOKYOTECH_s05,1,121,5.033333333333333,0.8474027514457703,-0.45866611922619926
TOKYOTECH_s05,1,122,5.066666666666666,0.4315967857837677,-0.4889715066610597
TOKYOTECH_s05,1,123,5.1,0.18126370012760162,-0.5170666764822628
TOKYOTECH_s05,1,124,5.133333333333334,0.183943971991539,-0.5665097477539267
TOKYOTECH_s05,1,125,5.166666666666667,0.35312116146087646,-0.6493661148734146
TOKYOTECH_s05,1,126,5.2,0.41137459874153137,-0.7606117759282603
TOKYOTECH_s05,1,127,5.233333333333333,0.2988124191761017,-0.8800595674368467
TOKYOTECH_s05,1,128,5.266666666666667,0.06150666996836662,-0.9794918227230346
TOKYOTECH_s05,1,129,5.3,-0.22948449850082397,-1.0296200514328744
TOKYOTECH_s05,1,130,5.333333333333333,-0.5684532523155212,-1.0042330797791514
TOKYOTECH_s05,1,131,5.366666666666666,-0.7718505859375,-0.8835777479477498
TOKYOTECH_s05,1,132,5.4,-0.9171457886695862,-0.6600630855308486
TOKYOTECH_s05,1,133,5.433333333333334,-1.0473389625549316,-0.3456688648403396
TOKYOTECH_s05,1,134,5.466666666666667,-1.0418181419372559,0.024630772040063836
TOKYOTECH_s05,1,135,5.5,-1.0309991836547852,0.39946566727503285
TOKYOTECH_s05,1,136,5.533333333333333,-1.0520493984222412,0.7269701776418056
TOKYOTECH_s05,1,137,5.566666666666666,-1.1087623834609985,0.9716602311476802
TOKYOTECH_s05,1,138,5.6,-1.127408504486084,1.1228162166852178
TOKYOTECH_s05,1,139,5.633333333333334,-1.2178606986999512,1.190521059893818
TOKYOTECH_s05,1,140,5.666666666666667,-1.3078409433364868,1.1933133108471496
TOKYOTECH_s05,1,141,5.7,-1.4063785076141357,1.1459336748976314
TOKYOTECH_s05,1,142,5.733333333333333,-1.1801410913467407,1.0540168774716279
TOKYOTECH_s05,1,143,5.766666666666667,0.3446529507637024,0.9170841954139024
TOKYOTECH_s05,1,144,5.8,1.8276491165161133,0.736091419565915
TOKYOTECH_s05,1,145,5.833333333333333,1.9586080312728882,0.519577160825985
TOKYOTECH_s05,1,146,5.866666666666666,1.6206989288330078,0.2838101844639982
TOKYOTECH_s05,1,147,5.9,1.1577256917953491,0.046703996306367554
TOKYOTECH_s05,1,148,5.933333333333334,0.6836751699447632,-0.17978062386569
TOKYOTECH_s05,1,149,5.966666666666667,0.29175111651420593,-0.3928029990736489
TOKYOTECH_s05,1,150,6.0,0.007358216214925051,-0.5955625648736858
TOKYOTECH_s05,1,151,6.033333333333333,0.06913784891366959,-0.7909869978383506
TOKYOTECH_s05,1,152,6.066666666666666,0.29137712717056274,-0.9759674478213645
TOKYOTECH_s05,1,153,6.1,0.4514182507991791,-1.137805957306734
TOKYOTECH_s05,1,154,6.133333333333334,0.3488202691078186,-1.2530840524716698
TOKYOTECH_s05,1,155,6.166666666666667,0.1024140864610672,-1.2896878449008096
TOKYOTECH_s05,1,156,6.2,-0.23632317781448364,-1.2139572151462763
TOKYOTECH_s05,1,157,6.233333333333333,-0.48851728439331055,-1.0037719889367938
TOKYOTECH_s05,1,158,6.266666666666667,-0.7297499179840088,-0.6636718318037588
TOKYOTECH_s05,1,159,6.3,-0.9210192561149597,-0.2335432620353405
TOKYOTECH_s05,1,160,6.333333333333333,-0.9585607647895813,0.2171429491153268
TOKYOTECH_s05,1,161,6.366666666666666,-1.0247926712036133,0.6104770867532644
TOKYOTECH_s05,1,162,6.4,-1.0320676565170288,0.8872792009787618
TOKYOTECH_s05,1,163,6.433333333333334,-1.0086843967437744,1.0257516438744116
TOKYOTECH_s05,1,164,6.466666666666667,-1.0406694412231445,1.0423267357748744
TOKYOTECH_s05,1,165,6.5,-1.1068657636642456,0.976541739485241
TOKYOTECH_s05,1,166,6.533333333333333,-1.1537302732467651,0.8703048333361275
TOKYOTECH_s05,1,167,6.566666666666666,-1.1733914613723755,0.7528997510727368
TOKYOTECH_s05,1,168,6.6,-0.5016158819198608,0.6369178982345753
TOKYOTECH_s05,1,169,6.633333333333334,1.1065512895584106,0.522616401627468
TOKYOTECH_s05,1,170,6.666666666666667,1.859411597251892,0.4046749942529359
TOKYOTECH_s05,1,171,6.7,1.6222749948501587,0.27676196320005664
TOKYOTECH_s05,1,172,6.733333333333333,1.1797465085983276,0.13307348952823367
TOKYOTECH_s05,1,173,6.766666666666667,0.6118689775466919,-0.0312662735813877
TOKYOTECH_s05,1,174,6.8,0.08087402582168579,-0.2191279749399561
TOKYOTECH_s05,1,175,6.833333333333333,-0.3771394193172455,-0.4293005799287546
TOKYOTECH_s05,1,176,6.866666666666666,-0.41766393184661865,-0.6539362214947972
TOKYOTECH_s05,1,177,6.9,-0.10737666487693787,-0.8760976509763349
TOKYOTECH_s05,1,178,6.933333333333334,0.2868892550468445,-1.0681672959246071
TOKYOTECH_s05,1,179,6.966666666666667,0.3139501214027405,-1.1927236213306074
TOKYOTECH_s05,1,180,7.0,0.09885226935148239,-1.2083797865674448
TOKYOTECH_s05,1,181,7.033333333333333,-0.249671071767807,-1.0819349155162776
TOKYOTECH_s05,1,182,7.066666666666666,-0.5525052547454834,-0.8040767208427624
TOKYOTECH_s05,1,183,7.1,-0.8149128556251526,-0.40121328688444924
TOKYOTECH_s05,1,184,7.133333333333334,-1.0254337787628174,0.06520618141487074
TOKYOTECH_s05,1,185,7.166666666666667,-1.138254165649414,0.5152985484538829
TOKYOTECH_s05,1,186,7.2,-1.1935513019561768,0.8766526554282541
TOKYOTECH_s05,1,187,7.233333333333333,-1.2256877422332764,1.106149324993547
TOKYOTECH_s05,1,188,7.266666666666667,-1.1808000802993774,1.1972041275649434
TOKYOTECH_s05,1,189,7.3,-1.1551905870437622,1.171394356150638
TOKYOTECH_s05,1,190,7.333333333333333,-1.1871401071548462,1.0620092461504909
TOKYOTECH_s05,1,191,7.366666666666666,-1.2201491594314575,0.8996639018934189
TOKYOTECH_s05,1,192,7.4,-0.7288416624069214,0.7060448174748444
TOKYOTECH_s05,1,193,7.433333333333334,0.8848730325698853,0.49519816764643343
TOKYOTECH_s05,1,194,7.466666666666667,2.039069414138794,0.2775906672742872
TOKYOTECH_s05,1,195,7.5,2.074856758117676,0.06245917009285929
TOKYOTECH_s05,1,196,7.533333333333333,1.6966902017593384,-0.14259995525868466
TOKYOTECH_s05,1,197,7.566666666666666,1.2733064889907837,-0.3328675765391509
TOKYOTECH_s05,1,198,7.6,0.7918028831481934,-0.5066858950306378
TOKYOTECH_s05,1,199,7.633333333333334,0.29319366812705994,-0.6645778520237707
TOKYOTECH_s05,1,200,7.666666666666667,0.05700097605586052,-0.8082993329444899
TOKYOTECH_s05,1,201,7.7,0.07371477782726288,-0.9398049934802045
TOKYOTECH_s05,1,202,7.733333333333333,0.29679998755455017,-1.0582985827248403
TOKYOTECH_s05,1,203,7.766666666666667,0.4858698844909668,-1.154413066088946
TOKYOTECH_s05,1,204,7.8,0.32487598061561584,-1.2050991480082787
TOKYOTECH_s05,1,205,7.833333333333333,0.0592271089553833,-1.1757592483601131
TOKYOTECH_s05,1,206,7.866666666666666,-0.2251034677028656,-1.0326984171496323
TOKYOTECH_s05,1,207,7.9,-0.6009904146194458,-0.7611766860362981
TOKYOTECH_s05,1,208,7.933333333333334,-0.8251708745956421,-0.37840438783488106
TOKYOTECH_s05,1,209,7.966666666666667,-0.9521316885948181,0.06763402751457664
TOKYOTECH_s05,1,210,8.0,-1.080285668373108,0.5133596023656047
TOKYOTECH_s05,1,211,8.033333333333333,-1.168440580368042,0.8995642838243276
TOKYOTECH_s05,1,212,8.066666666666666,-1.1562769412994385,1.185795700326882
TOKYOTECH_s05,1,213,8.1,-1.1117275953292847,1.3545195895325493
TOKYOTECH_s05,1,214,8.133333333333333,-1.0703660249710083,1.4072845974505883
TOKYOTECH_s05,1,215,8.166666666666666,-1.1054409742355347,1.3584127232688594
TOKYOTECH_s05,1,216,8.2,-1.2556337118148804,1.2300984799964363
TOKYOTECH_s05,1,217,8.233333333333333,-1.093241810798645,1.049110924240018
TOKYOTECH_s05,1,218,8.266666666666667,0.19031070172786713,0.8433536079079139
TOKYOTECH_s05,1,219,8.3,1.9325801134109497,0.6374499523028784
TOKYOTECH_s05,1,220,8.333333333333334,2.4211983680725098,0.44879745108762875
TOKYOTECH_s05,1,221,8.366666666666667,2.0664687156677246,0.28627518318683265
TOKYOTECH_s05,1,222,8.4,1.613673210144043,0.1516584098130747
TOKYOTECH_s05,1,223,8.433333333333334,1.132694959640503,0.041326054056080225
TOKYOTECH_s05,1,224,8.466666666666667,0.7521064877510071,-0.0538806898312671
TOKYOTECH_s05,1,225,8.5,0.47738388180732727,-0.1497371606676139
TOKYOTECH_s05,1,226,8.533333333333333,0.2782696485519409,-0.2666014377986014
TOKYOTECH_s05,1,227,8.566666666666666,0.30978280305862427,-0.4209699309554933
TOKYOTECH_s05,1,228,8.6,0.5564560890197754,-0.6130207627105586
TOKYOTECH_s05,1,229,8.633333333333333,0.5987615585327148,-0.818244850699821
TOKYOTECH_s05,1,230,8.666666666666666,0.31064653396606445,-0.991213751266307
TOKYOTECH_s05,1,231,8.7,-0.00848294422030449,-1.082775158008887
TOKYOTECH_s05,1,232,8.733333333333333,-0.2918607294559479,-1.0625546085273538
TOKYOTECH_s05,1,233,8.766666666666667,-0.6046947240829468,-0.9339144999496152
TOKYOTECH_s05,1,234,8.8,-0.77567058801651,-0.7328926841623993
TOKYOTECH_s05,1,235,8.833333333333334,-0.9667529463768005,-0.5124192578301587
TOKYOTECH_s05,1,236,8.866666666666667,-1.0018278360366821,-0.3210806641912793
TOKYOTECH_s05,1,237,8.9,-1.0961002111434937,-0.18699437371476607
TOKYOTECH_s05,1,238,8.933333333333334,-1.0805795192718506,-0.11203841906425255
TOKYOTECH_s05,1,239,8.966666666666667,-1.0411858558654785,-0.07545367016954196
TOKYOTECH_s05,2,0,2.0,-0.5570999979972839,0.07470513599108385
TOKYOTECH_s05,2,1,2.033333333333333,-0.7520735859870911,-0.9042721640090394
TOKYOTECH_s05,2,2,2.066666666666667,-0.8880724906921387,-1.742564393631563
TOKYOTECH_s05,2,3,2.1,-0.9448210597038269,-2.331301603285415
TOKYOTECH_s05,2,4,2.1333333333333333,-0.9501727223396301,-2.6188742819139996
TOKYOTECH_s05,2,5,2.1666666666666665,-0.9178670644760132,-2.6179981557354335
TOKYOTECH_s05,2,6,2.2,-0.9719887971878052,-2.3936535837285517
TOKYOTECH_s05,2,7,2.2333333333333334,-1.0156477689743042,-2.0388613420719084
TOKYOTECH_s05,2,8,2.2666666666666666,-1.0818172693252563,-1.6476329241075083
TOKYOTECH_s05,2,9,2.3,-0.6955565214157104,-1.292030898039118
TOKYOTECH_s05,2,10,2.3333333333333335,0.5707479119300842,-1.0085458337956408
TOKYOTECH_s05,2,11,2.3666666666666667,1.6258991956710815,-0.7975278510650051
TOKYOTECH_s05,2,12,2.4,1.6847848892211914,-0.6357049157723582
TOKYOTECH_s05,2,13,2.433333333333333,1.2255425453186035,-0.4961812527255069
TOKYOTECH_s05,2,14,2.466666666666667,0.7983031868934631,-0.36573768586414324
TOKYOTECH_s05,2,15,2.5,0.4248916804790497,-0.2501113912965574
TOKYOTECH_s05,2,16,2.533333333333333,0.017064154148101807,-0.1654297998333033
TOKYOTECH_s05,2,17,2.566666666666667,-0.14404551684856415,-0.12273645385217939
TOKYOTECH_s05,2,18,2.6,-0.04689709097146988,-0.11602879900060625
TOKYOTECH_s05,2,19,2.6333333333333333,0.26272234320640564,-0.12061155834915654
TOKYOTECH_s05,2,20,2.6666666666666665,0.279213547706604,-0.10098897448895437
TOKYOTECH_s05,2,21,2.7,0.05621737614274025,-0.022437402585470313
TOKYOTECH_s05,2,22,2.7333333333333334,-0.16769595444202423,0.1384879618013955
TOKYOTECH_s05,2,23,2.7666666666666666,-0.4920880198478699,0.38591302559383484
TOKYOTECH_s05,2,24,2.8,-0.7466062307357788,0.6999250107944271
TOKYOTECH_s05,2,25,2.8333333333333335,-0.9605197906494141,1.0374786144665553
TOKYOTECH_s05,2,26,2.8666666666666667,-1.065495252609253,1.3412558593510437
TOKYOTECH_s05,2,27,2.9,-1.1238021850585938,1.5557331060908106
TOKYOTECH_s05,2,28,2.933333333333333,-1.149749994277954,1.6447803157775325
TOKYOTECH_s05,2,29,2.966666666666667,-1.082031011581421,1.6024181416819483
TOKYOTECH_s05,2,30,3.0,-1.0865633487701416,1.4510581233756124
TOKYOTECH_s05,2,31,3.033333333333333,-1.1790190935134888,1.2283805409699278
TOKYOTECH_s05,2,32,3.066666666666667,-1.2690261602401733,0.9706410418268349
TOKYOTECH_s05,2,33,3.1,-0.9009573459625244,0.7018188142018656
TOKYOTECH_s05,2,34,3.1333333333333333,0.49777525663375854,0.43302264475914193
TOKYOTECH_s05,2,35,3.1666666666666665,1.7687634229660034,0.16913750657763263
TOKYOTECH_s05,2,36,3.2,2.0204410552978516,-0.08441079225915295
TOKYOTECH_s05,2,37,3.2333333333333334,1.6592466831207275,-0.320087705523514
TOKYOTECH_s05,2,38,3.2666666666666666,1.275835394859314,-0.5312861684995551
TOKYOTECH_s05,2,39,3.3,1.0392508506774902,-0.7151024747805346
TOKYOTECH_s05,2,40,3.3333333333333335,0.6662044525146484,-0.8713783128576437
TOKYOTECH_s05,2,41,3.3666666666666667,0.36256885528564453,-0.9990123930488954
TOKYOTECH_s05,2,42,3.4,0.2419302761554718,-1.0931869683775182
TOKYOTECH_s05,2,43,3.433333333333333,0.3376539647579193,-1.1458657573052624
TOKYOTECH_s05,2,44,3.466666666666667,0.41654813289642334,-1.1481994050364
TOKYOTECH_s05,2,45,3.5,0.3550356328487396,-1.0917019781637833
TOKYOTECH_s05,2,46,3.533333333333333,0.11109600216150284,-0.96773762284561
TOKYOTECH_s05,2,47,3.566666666666667,-0.21225422620773315,-0.7686322493535389
TOKYOTECH_s05,2,48,3.6,-0.511446475982666,-0.4937697519746708
TOKYOTECH_s05,2,49,3.6333333333333333,-0.698352575302124,-0.15906755643035647
TOKYOTECH_s05,2,50,3.6666666666666665,-0.8958728909492493,0.19810170665417018
TOKYOTECH_s05,2,51,3.7,-0.9607958197593689,0.5263052906143808
TOKYOTECH_s05,2,52,3.7333333333333334,-1.0253803730010986,0.7779845953368786
TOKYOTECH_s05,2,53,3.7666666666666666,-1.0416489839553833,0.9266236379230314
TOKYOTECH_s05,2,54,3.8,-1.0284079313278198,0.9722832078791593
TOKYOTECH_s05,2,55,3.8333333333333335,-1.0665727853775024,0.9335513227510134
TOKYOTECH_s05,2,56,3.8666666666666667,-1.1246837377548218,0.8333995751218217
TOKYOTECH_s05,2,57,3.9,-1.231431245803833,0.6894107733744484
TOKYOTECH_s05,2,58,3.933333333333333,-1.197959065437317,0.5134763413685032
TOKYOTECH_s05,2,59,3.966666666666667,-0.10204284638166428,0.31769364329011834
TOKYOTECH_s05,2,60,4.0,1.4696602821350098,0.11888010022737085
TOKYOTECH_s05,2,61,4.033333333333333,2.023513078689575,-0.06344776763363434
TOKYOTECH_s05,2,62,4.066666666666666,1.7808736562728882,-0.21404528574454668
TOKYOTECH_s05,2,63,4.1,1.367560863494873,-0.3275713779123609
TOKYOTECH_s05,2,64,4.133333333333334,1.0876648426055908,-0.40834140313109474
TOKYOTECH_s05,2,65,4.166666666666667,0.7605034112930298,-0.4653489755189574
TOKYOTECH_s05,2,66,4.2,0.3897632956504822,-0.5077002148620158
TOKYOTECH_s05,2,67,4.233333333333333,0.1763305962085724,-0.5442082410685385
TOKYOTECH_s05,2,68,4.266666666666667,0.2634970545768738,-0.5850860195098244
TOKYOTECH_s05,2,69,4.3,0.4050968885421753,-0.6399506340097166
TOKYOTECH_s05,2,70,4.333333333333333,0.38081425428390503,-0.709664763223137
TOKYOTECH_s05,2,71,4.366666666666666,0.17308934032917023,-0.7768279509531096
TOKYOTECH_s05,2,72,4.4,-0.07101946324110031,-0.8041000454771338
TOKYOTECH_s05,2,73,4.433333333333334,-0.3787689507007599,-0.7460717393940537
TOKYOTECH_s05,2,74,4.466666666666667,-0.6637317538261414,-0.5702562359599244
TOKYOTECH_s05,2,75,4.5,-0.8460075259208679,-0.2749455460942642
TOKYOTECH_s05,2,76,4.533333333333333,-0.9655953645706177,0.1063658418117931
TOKYOTECH_s05,2,77,4.566666666666666,-1.013136625289917,0.5153503510118804
TOKYOTECH_s05,2,78,4.6,-1.048523187637329,0.8871126372343531
TOKYOTECH_s05,2,79,4.633333333333334,-1.0038580894470215,1.1671287866143525
TOKYOTECH_s05,2,80,4.666666666666667,-1.0339821577072144,1.3216016643647397
TOKYOTECH_s05,2,81,4.7,-1.0927609205245972,1.341147429905348
TOKYOTECH_s05,2,82,4.733333333333333,-1.1989474296569824,1.2393943299431942
TOKYOTECH_s05,2,83,4.766666666666667,-1.2905128002166748,1.047343153794721
TOKYOTECH_s05,2,84,4.8,-1.3514553308486938,0.8043645570385383
TOKYOTECH_s05,2,85,4.833333333333333,-0.9162197113037109,0.5480840147545063
TOKYOTECH_s05,2,86,4.866666666666666,0.6907453536987305,0.3067102809635556
TOKYOTECH_s05,2,87,4.9,1.8885828256607056,0.0966486431722318
TOKYOTECH_s05,2,88,4.933333333333334,1.9602643251419067,-0.07495726641285326
TOKYOTECH_s05,2,89,4.966666666666667,1.5329091548919678,-0.2063155445605798
TOKYOTECH_s05,2,90,5.0,1.1846262216567993,-0.2996182378653263
TOKYOTECH_s05,2,91,5.033333333333333,0.8474027514457703,-0.3631335719626687
TOKYOTECH_s05,2,92,5.066666666666666,0.4315967857837677,-0.4134628116636915
TOKYOTECH_s05,2,93,5.1,0.18126370012760162,-0.4731774583074402
TOKYOTECH_s05,2,94,5.133333333333334,0.183943971991539,-0.56238037852045
TOKYOTECH_s05,2,95,5.166666666666667,0.35312116146087646,-0.6881298721923358
TOKYOTECH_s05,2,96,5.2,0.41137459874153137,-0.838490415018057
TOKYOTECH_s05,2,97,5.233333333333333,0.2988124191761017,-0.9854369315854925
TOKYOTECH_s05,2,98,5.266666666666667,0.06150666996836662,-1.0943379360568548
TOKYOTECH_s05,2,99,5.3,-0.22948449850082397,-1.1335660609882512
TOKYOTECH_s05,2,100,5.333333333333333,-0.5684532523155212,-1.0802008857543395
TOKYOTECH_s05,2,101,5.366666666666666,-0.7718505859375,-0.9229540124398903
TOKYOTECH_s05,2,102,5.4,-0.9171457886695862,-0.6653302898338462
TOKYOTECH_s05,2,103,5.433333333333334,-1.0473389625549316,-0.3292102739213933
TOKYOTECH_s05,2,104,5.466666666666667,-1.0418181419372559,0.045363290280120115
TOKYOTECH_s05,2,105,5.5,-1.0309991836547852,0.4086305025048112
TOKYOTECH_s05,2,106,5.533333333333333,-1.0520493984222412,0.7160885291011769
TOKYOTECH_s05,2,107,5.566666666666666,-1.1087623834609985,0.9419644031790074
TOKYOTECH_s05,2,108,5.6,-1.127408504486084,1.0833892481313137
TOKYOTECH_s05,2,109,5.633333333333334,-1.2178606986999512,1.1535583806801757
TOKYOTECH_s05,2,110,5.666666666666667,-1.3078409433364868,1.1690281351721408
TOKYOTECH_s05,2,111,5.7,-1.4063785076141357,1.1393207574071837
TOKYOTECH_s05,2,112,5.733333333333333,-1.1801410913467407,1.0644411605414184
TOKYOTECH_s05,2,113,5.766666666666667,0.3446529507637024,0.9402438167394245
TOKYOTECH_s05,2,114,5.8,1.8276491165161133,0.7668538291484748
TOKYOTECH_s05,2,115,5.833333333333333,1.9586080312728882,0.553948237010813
TOKYOTECH_s05,2,116,5.866666666666666,1.6206989288330078,0.3190750921196255
TOKYOTECH_s05,2,117,5.9,1.1577256917953491,0.0801230794621065
TOKYOTECH_s05,2,118,5.933333333333334,0.6836751699447632,-0.152345481719361
TOKYOTECH_s05,2,119,5.966666666666667,0.29175111651420593,-0.37695050207092784
TOKYOTECH_s05,2,120,6.0,0.007358216214925051,-0.5966401428471438
TOKYOTECH_s05,2,121,6.033333333333333,0.06913784891366959,-0.8113004477797923
TOKYOTECH_s05,2,122,6.066666666666666,0.29137712717056274,-1.0122148571242777
TOKYOTECH_s05,2,123,6.1,0.4514182507991791,-1.179960678912665
TOKYOTECH_s05,2,124,6.133333333333334,0.3488202691078186,-1.285599090993052
TOKYOTECH_s05,2,125,6.166666666666667,0.1024140864610672,-1.2953177052726477
TOKYOTECH_s05,2,126,6.2,-0.23632317781448364,-1.179411611054155
TOKYOTECH_s05,2,127,6.233333333333333,-0.48851728439331055,-0.9251559735833181
TOKYOTECH_s05,2,128,6.266666666666667,-0.7297499179840088,-0.5491788616852636
TOKYOTECH_s05,2,129,6.3,-0.9210192561149597,-0.10176562996341233
TOKYOTECH_s05,2,130,6.333333333333333,-0.9585607647895813,0.3429141624737702
TOKYOTECH_s05,2,131,6.366666666666666,-1.0247926712036133,0.7095613552676999
TOKYOTECH_s05,2,132,6.4,-1.0320676565170288,0.947345836449787
TOKYOTECH_s05,2,133,6.433333333333334,-1.0086843967437744,1.0447708223521057
TOKYOTECH_s05,2,134,6.466666666666667,-1.0406694412231445,1.0265856946309382
TOKYOTECH_s05,2,135,6.5,-1.1068657636642456,0.9364387058595645
TOKYOTECH_s05,2,136,6.533333333333333,-1.1537302732467651,0.816143067155616
TOKYOTECH_s05,2,137,6.566666666666666,-1.1733914613723755,0.692130602272748
TOKYOTECH_s05,2,138,6.6,-0.5016158819198608,0.5732464728631729
TOKYOTECH_s05,2,139,6.633333333333334,1.1065512895584106,0.45667898717971833
TOKYOTECH_s05,2,140,6.666666666666667,1.859411597251892,0.3355059077452698
TOKYOTECH_s05,2,141,6.7,1.6222749948501587,0.20306486111554667
TOKYOTECH_s05,2,142,6.733333333333333,1.1797465085983276,0.053737601395119995
TOKYOTECH_s05,2,143,6.766666666666667,0.6118689775466919,-0.11712114749474353
TOKYOTECH_s05,2,144,6.8,0.08087402582168579,-0.3117908212010813
TOKYOTECH_s05,2,145,6.833333333333333,-0.3771394193172455,-0.5273122733157978
TOKYOTECH_s05,2,146,6.866666666666666,-0.41766393184661865,-0.7525455384492268
TOKYOTECH_s05,2,147,6.9,-0.10737666487693787,-0.9664831563992724
TOKYOTECH_s05,2,148,6.933333333333334,0.2868892550468445,-1.1384798328320302
TOKYOTECH_s05,2,149,6.966666666666667,0.3139501214027405,-1.2310788069240326
TOKYOTECH_s05,2,150,7.0,0.09885226935148239,-1.206846940097031
TOKYOTECH_s05,2,151,7.033333333333333,-0.249671071767807,-1.0398895036932334
TOKYOTECH_s05,2,152,7.066666666666666,-0.5525052547454834,-0.7292224942522305
TOKYOTECH_s05,2,153,7.1,-0.8149128556251526,-0.3073555294522961
TOKYOTECH_s05,2,154,7.133333333333334,-1.0254337787628174,0.1629258743502676
TOKYOTECH_s05,2,155,7.166666666666667,-1.138254165649414,0.6053658818067634
TOKYOTECH_s05,2,156,7.2,-1.1935513019561768,0.9537021770890355
TOKYOTECH_s05,2,157,7.233333333333333,-1.2256877422332764,1.1698942947421855
TOKYOTECH_s05,2,158,7.266666666666667,-1.1808000802993774,1.2489869247361536
TOKYOTECH_s05,2,159,7.3,-1.1551905870437622,1.2110401305286873
TOKYOTECH_s05,2,160,7.333333333333333,-1.1871401071548462,1.08696452988469
TOKYOTECH_s05,2,161,7.366666666666666,-1.2201491594314575,0.9063299601853897
TOKYOTECH_s05,2,162,7.4,-0.7288416624069214,0.6919246878403096
TOKYOTECH_s05,2,163,7.433333333333334,0.8848730325698853,0.4607144235378495
TOKYOTECH_s05,2,164,7.466666666666667,2.039069414138794,0.22712220334727665
TOKYOTECH_s05,2,165,7.5,2.074856758117676,0.004447002771351939
TOKYOTECH_s05,2,166,7.533333333333333,1.6966902017593384,-0.19655140225432716
TOKYOTECH_s05,2,167,7.566666666666666,1.2733064889907837,-0.3697733784517864
TOKYOTECH_s05,2,168,7.6,0.7918028831481934,-0.5143922968639949
TOKYOTECH_s05,2,169,7.633333333333334,0.29319366812705994,-0.6337022105435904
TOKYOTECH_s05,2,170,7.666666666666667,0.05700097605586052,-0.7333039069054728
TOKYOTECH_s05,2,171,7.7,0.07371477782726288,-0.8190651615780757
TOKYOTECH_s05,2,172,7.733333333333333,0.29679998755455017,-0.893542136223546
TOKYOTECH_s05,2,173,7.766666666666667,0.4858698844909668,-0.9501717217062694
TOKYOTECH_s05,2,174,7.8,0.32487598061561584,-0.9686732714281648
TOKYOTECH_s05,2,175,7.833333333333333,0.0592271089553833,-0.9177031088662703
TOKYOTECH_s05,2,176,7.866666666666666,-0.2251034677028656,-0.7672579400886608
TOKYOTECH_s05,2,177,7.9,-0.6009904146194458,-0.5059208592497195
TOKYOTECH_s05,2,178,7.933333333333334,-0.8251708745956421,-0.15278876932109428
TOKYOTECH_s05,2,179,7.966666666666667,-0.9521316885948181,0.2442560625784891
TOKYOTECH_s05,2,180,8.0,-1.080285668373108,0.6235281708537834
TOKYOTECH_s05,2,181,8.033333333333333,-1.168440580368042,0.9290740579382428
TOKYOTECH_s05,2,182,8.066666666666666,-1.1562769412994385,1.125046167576475
TOKYOTECH_s05,2,183,8.1,-1.1117275953292847,1.2003237187749072
TOKYOTECH_s05,2,184,8.133333333333333,-1.0703660249710083,1.1648393198752247
TOKYOTECH_s05,2,185,8.166666666666666,-1.1054409742355347,1.042193499793858
TOKYOTECH_s05,2,186,8.2,-1.2556337118148804,0.8623194047098731
TOKYOTECH_s05,2,187,8.233333333333333,-1.093241810798645,0.6553128154369715
TOKYOTECH_s05,2,188,8.266666666666667,0.19031070172786713,0.44598132274027713
TOKYOTECH_s05,2,189,8.3,1.9325801134109497,0.249349978375106
TOKYOTECH_s05,2,190,8.333333333333334,2.4211983680725098,0.06915217684147819
TOKYOTECH_s05,2,191,8.366666666666667,2.0664687156677246,-0.09875528509887313
TOKYOTECH_s05,2,192,8.4,1.613673210144043,-0.2594189409938911
TOKYOTECH_s05,2,193,8.433333333333334,1.132694959640503,-0.412987262575273
TOKYOTECH_s05,2,194,8.466666666666667,0.7521064877510071,-0.5544239761338803
TOKYOTECH_s05,2,195,8.5,0.47738388180732727,-0.6786574391966206
TOKYOTECH_s05,2,196,8.533333333333333,0.2782696485519409,-0.7858197348081523
TOKYOTECH_s05,2,197,8.566666666666666,0.30978280305862427,-0.88031328261059
TOKYOTECH_s05,2,198,8.6,0.5564560890197754,-0.9629410632748494
TOKYOTECH_s05,2,199,8.633333333333333,0.5987615585327148,-1.0222203125909906
TOKYOTECH_s05,2,200,8.666666666666666,0.31064653396606445,-1.032845465105404
TOKYOTECH_s05,2,201,8.7,-0.00848294422030449,-0.9645462702423342
TOKYOTECH_s05,2,202,8.733333333333333,-0.2918607294559479,-0.7967372993047874
TOKYOTECH_s05,2,203,8.766666666666667,-0.6046947240829468,-0.529924420859662
TOKYOTECH_s05,2,204,8.8,-0.77567058801651,-0.18773674944615207
TOKYOTECH_s05,2,205,8.833333333333334,-0.9667529463768005,0.18975609927665393
TOKYOTECH_s05,2,206,8.866666666666667,-1.0018278360366821,0.5561284829361756
TOKYOTECH_s05,2,207,8.9,-1.0961002111434937,0.8671477835052072
TOKYOTECH_s05,2,208,8.933333333333334,-1.0805795192718506,1.0869075280716456
TOKYOTECH_s05,2,209,8.966666666666667,-1.0411858558654785,1.1934159861081834
TOKYOTECH_s05,2,210,9.0,-1.0586477518081665,1.1837119398121565
TOKYOTECH_s05,2,211,9.033333333333333,-1.1245501041412354,1.0753026272920314
TOKYOTECH_s05,2,212,9.066666666666666,-1.2320901155471802,0.9006406162717556
TOKYOTECH_s05,2,213,9.1,-1.3472346067428589,0.6953343997832971
TOKYOTECH_s05,2,214,9.133333333333333,-0.778493344783783,0.48596342776985396
TOKYOTECH_s05,2,215,9.166666666666666,0.9850311875343323,0.2848063605887241
TOKYOTECH_s05,2,216,9.2,2.2643630504608154,0.09409154638399495
TOKYOTECH_s05,2,217,9.233333333333333,2.2487354278564453,-0.08464128613728325
TOKYOTECH_s05,2,218,9.266666666666667,1.838254451751709,-0.24397347130104755
TOKYOTECH_s05,2,219,9.3,1.3973199129104614,-0.3718465203469458
TOKYOTECH_s05,2,220,9.333333333333334,0.9243913292884827,-0.4583799053176519
TOKYOTECH_s05,2,221,9.366666666666667,0.45148059725761414,-0.501403618018759
TOKYOTECH_s05,2,222,9.4,0.1899189054965973,-0.5064683840665296
TOKYOTECH_s05,2,223,9.433333333333334,0.2272021770477295,-0.48308025478914396
TOKYOTECH_s05,2,224,9.466666666666667,0.41712692379951477,-0.44173133721425095
TOKYOTECH_s05,2,225,9.5,0.5806319117546082,-0.39381081077920016
TOKYOTECH_s05,2,226,9.533333333333333,0.47865721583366394,-0.35145898332150427
TOKYOTECH_s05,2,227,9.566666666666666,0.10686634480953217,-0.3231075871594365
TOKYOTECH_s05,2,228,9.6,-0.18671603500843048,-0.3057405717771592
TOKYOTECH_s05,2,229,9.633333333333333,-0.45309507846832275,-0.28097924321098966
TOKYOTECH_s05,2,230,9.666666666666666,-0.7480131387710571,-0.221688789313384
TOKYOTECH_s05,2,231,9.7,-0.8960954546928406,-0.10823929129142953
TOKYOTECH_s05,2,232,9.733333333333333,-0.9838585257530212,0.055635359467973974
TOKYOTECH_s05,2,233,9.766666666666667,-1.0225398540496826,0.23939770390642168
TOKYOTECH_s05,2,234,9.8,-1.0903300046920776,0.3978522768338585
TOKYOTECH_s05,2,235,9.833333333333334,-1.065281629562378,0.49066338383033686
TOKYOTECH_s05,2,236,9.866666666666667,-1.100303053855896,0.4972652962166137
TOKYOTECH_s05,2,237,9.9,-1.0821824073791504,0.4203121715451617
TOKYOTECH_s05,2,238,9.933333333333334,-1.1450304985046387,0.27954067014476247
TOKYOTECH_s05,2,239,9.966666666666667,-1.2420988082885742,0.10316813823071845
TOKYOTECH_s05,3,0,3.0,-1.0865633487701416,-0.07585240135216312
TOKYOTECH_s05,3,1,3.033333333333333,-1.1790190935134888,-1.1393221289070048
TOKYOTECH_s05,3,2,3.066666666666667,-1.2690261602401733,-2.0462044214613666
TOKYOTECH_s05,3,3,3.1,-0.9009573459625244,-2.68087869415034
TOKYOTECH_s05,3,4,3.1333333333333333,0.49777525663375854,-2.9953376002832885
TOKYOTECH_s05,3,5,3.1666666666666665,1.7687634229660034,-3.012812988418892
TOKYOTECH_s05,3,6,3.2,2.0204410552978516,-2.808322284606919
TOKYOTECH_s05,3,7,3.2333333333333334,1.6592466831207275,-2.4788459772709284
TOKYOTECH_s05,3,8,3.2666666666666666,1.275835394859314,-2.116078980255138
TOKYOTECH_s05,3,9,3.3,1.0392508506774902,-1.7875422486102692
TOKYOTECH_s05,3,10,3.3333333333333335,0.6662044525146484,-1.5272591464275238
TOKYOTECH_s05,3,11,3.3666666666666667,0.36256885528564453,-1.3360531185661242
TOKYOTECH_s05,3,12,3.4,0.2419302761554718,-1.1903226905735247
TOKYOTECH_s05,3,13,3.433333333333333,0.3376539647579193,-1.0557833298422528
TOKYOTECH_s05,3,14,3.466666666666667,0.41654813289642334,-0.9004675736569068
TOKYOTECH_s05,3,15,3.5,0.3550356328487396,-0.7019206582460216
TOKYOTECH_s05,3,16,3.533333333333333,0.11109600216150284,-0.4479294540585707
TOKYOTECH_s05,3,17,3.566666666666667,-0.21225422620773315,-0.13493284609589914
TOKYOTECH_s05,3,18,3.6,-0.511446475982666,0.23081782437164994
TOKYOTECH_s05,3,19,3.6333333333333333,-0.698352575302124,0.6287439719682436
TOKYOTECH_s05,3,20,3.6666666666666665,-0.8958728909492493,1.0220828320767241
TOKYOTECH_s05,3,21,3.7,-0.9607958197593689,1.3655163379255377
TOKYOTECH_s05,3,22,3.7333333333333334,-1.0253803730010986,1.620817610034016
TOKYOTECH_s05,3,23,3.7666666666666666,-1.0416489839553833,1.770494900264723
TOKYOTECH_s05,3,24,3.8,-1.0284079313278198,1.8201623778391272
TOKYOTECH_s05,3,25,3.8333333333333335,-1.0665727853775024,1.7888567512440878
TOKYOTECH_s05,3,26,3.8666666666666667,-1.1246837377548218,1.6950631329359944
TOKYOTECH_s05,3,27,3.9,-1.231431245803833,1.5484043290512692
TOKYOTECH_s05,3,28,3.933333333333333,-1.197959065437317,1.3513588741405131
TOKYOTECH_s05,3,29,3.966666666666667,-0.10204284638166428,1.1073149907680129
TOKYOTECH_s05,3,30,4.0,1.4696602821350098,0.827343951158793
TOKYOTECH_s05,3,31,4.033333333333333,2.023513078689575,0.5303305487273288
TOKYOTECH_s05,3,32,4.066666666666666,1.7808736562728882,0.23708656077746942
TOKYOTECH_s05,3,33,4.1,1.367560863494873,-0.03635523297895542
TOKYOTECH_s05,3,34,4.133333333333334,1.0876648426055908,-0.2815735747145641
TOKYOTECH_s05,3,35,4.166666666666667,0.7605034112930298,-0.4962192121862202
TOKYOTECH_s05,3,36,4.2,0.3897632956504822,-0.6813648328104883
TOKYOTECH_s05,3,37,4.233333333333333,0.1763305962085724,-0.8408293350162206
TOKYOTECH_s05,3,38,4.266666666666667,0.2634970545768738,-0.9814542970866066
TOKYOTECH_s05,3,39,4.3,0.4050968885421753,-1.1102357319540477
TOKYOTECH_s05,3,40,4.333333333333333,0.38081425428390503,-1.2264845287487658
TOKYOTECH_s05,3,41,4.366666666666666,0.17308934032917023,-1.313095278483285
TOKYOTECH_s05,3,42,4.4,-0.07101946324110031,-1.3351559080428261
TOKYOTECH_s05,3,43,4.433333333333334,-0.3787689507007599,-1.2513702353848362
TOKYOTECH_s05,3,44,4.466666666666667,-0.6637317538261414,-1.0342578158250648
TOKYOTECH_s05,3,45,4.5,-0.8460075259208679,-0.6873518999492685
TOKYOTECH_s05,3,46,4.533333333333333,-0.9655953645706177,-0.24920846628431062
TOKYOTECH_s05,3,47,4.566666666666666,-1.013136625289917,0.21739118029154017
TOKYOTECH_s05,3,48,4.6,-1.048523187637329,0.644368491833293
TOKYOTECH_s05,3,49,4.633333333333334,-1.0038580894470215,0.9759993115066155
TOKYOTECH_s05,3,50,4.666666666666667,-1.0339821577072144,1.179446654552502
TOKYOTECH_s05,3,51,4.7,-1.0927609205245972,1.2476010389160335
TOKYOTECH_s05,3,52,4.733333333333333,-1.1989474296569824,1.1960130572948053
TOKYOTECH_s05,3,53,4.766666666666667,-1.2905128002166748,1.0556242061635257
TOKYOTECH_s05,3,54,4.8,-1.3514553308486938,0.8630141232952702
TOKYOTECH_s05,3,55,4.833333333333333,-0.9162197113037109,0.6507021016002503
TOKYOTECH_s05,3,56,4.866666666666666,0.6907453536987305,0.44076845670397713
TOKYOTECH_s05,3,57,4.9,1.8885828256607056,0.24415805473579472
TOKYOTECH_s05,3,58,4.933333333333334,1.9602643251419067,0.06501966206221836
TOKYOTECH_s05,3,59,4.966666666666667,1.5329091548919678,-0.09376475228567284
TOKYOTECH_s05,3,60,5.0,1.1846262216567993,-0.2284895136117634
TOKYOTECH_s05,3,61,5.033333333333333,0.8474027514457703,-0.33771318449924553
TOKYOTECH_s05,3,62,5.066666666666666,0.4315967857837677,-0.42722226883510717
TOKYOTECH_s05,3,63,5.1,0.18126370012760162,-0.5110157157170807
TOKYOTECH_s05,3,64,5.133333333333334,0.183943971991539,-0.6054392584590189
TOKYOTECH_s05,3,65,5.166666666666667,0.35312116146087646,-0.7194221592349426
TOKYOTECH_s05,3,66,5.2,0.41137459874153137,-0.8473674446184197
TOKYOTECH_s05,3,67,5.233333333333333,0.2988124191761017,-0.9695138314657773
TOKYOTECH_s05,3,68,5.266666666666667,0.06150666996836662,-1.0586191920348742
TOKYOTECH_s05,3,69,5.3,-0.22948449850082397,-1.0875060378285852
TOKYOTECH_s05,3,70,5.333333333333333,-0.5684532523155212,-1.0336962035510995
TOKYOTECH_s05,3,71,5.366666666666666,-0.7718505859375,-0.8821178454539206
TOKYOTECH_s05,3,72,5.4,-0.9171457886695862,-0.6291555046593539
TOKYOTECH_s05,3,73,5.433333333333334,-1.0473389625549316,-0.28868779994586236
TOKYOTECH_s05,3,74,5.466666666666667,-1.0418181419372559,0.10453109925913714
TOKYOTECH_s05,3,75,5.5,-1.0309991836547852,0.5001575825663811
TOKYOTECH_s05,3,76,5.533333333333333,-1.0520493984222412,0.8462710650748768
TOKYOTECH_s05,3,77,5.566666666666666,-1.1087623834609985,1.1049363126476994
TOKYOTECH_s05,3,78,5.6,-1.127408504486084,1.2609385916643923
TOKYOTECH_s05,3,79,5.633333333333334,-1.2178606986999512,1.3200421108402267
TOKYOTECH_s05,3,80,5.666666666666667,-1.3078409433364868,1.2993788694669797
TOKYOTECH_s05,3,81,5.7,-1.4063785076141357,1.2164265556420248
TOKYOTECH_s05,3,82,5.733333333333333,-1.1801410913467407,1.0826138394282876
TOKYOTECH_s05,3,83,5.766666666666667,0.3446529507637024,0.9038658124274179
TOKYOTECH_s05,3,84,5.8,1.8276491165161133,0.6859403264324743
TOKYOTECH_s05,3,85,5.833333333333333,1.9586080312728882,0.43966737036918485
TOKYOTECH_s05,3,86,5.866666666666666,1.6206989288330078,0.1816653266909889
TOKYOTECH_s05,3,87,5.9,1.1577256917953491,-0.07027529881432723
TOKYOTECH_s05,3,88,5.933333333333334,0.6836751699447632,-0.30339129584507146
TOKYOTECH_s05,3,89,5.966666666666667,0.29175111651420593,-0.5127008342201977
TOKYOTECH_s05,3,90,6.0,0.007358216214925051,-0.6989171477320204
TOKYOTECH_s05,3,91,6.033333333333333,0.06913784891366959,-0.8641365370785747
TOKYOTECH_s05,3,92,6.066666666666666,0.29137712717056274,-1.0078802010956163
TOKYOTECH_s05,3,93,6.1,0.4514182507991791,-1.1238607649367653
TOKYOTECH_s05,3,94,6.133333333333334,0.3488202691078186,-1.197277345934679
TOKYOTECH_s05,3,95,6.166666666666667,0.1024140864610672,-1.2041323883412338
TOKYOTECH_s05,3,96,6.2,-0.23632317781448364,-1.1158260606132535
TOKYOTECH_s05,3,97,6.233333333333333,-0.48851728439331055,-0.9107908226775032
TOKYOTECH_s05,3,98,6.266666666666667,-0.7297499179840088,-0.5894423893770376
TOKYOTECH_s05,3,99,6.3,-0.9210192561149597,-0.18381014611094243
TOKYOTECH_s05,3,100,6.333333333333333,-0.9585607647895813,0.2460288026768138
TOKYOTECH_s05,3,101,6.366666666666666,-1.0247926712036133,0.6296466503771845
TOKYOTECH_s05,3,102,6.4,-1.0320676565170288,0.9099756819357202
TOKYOTECH_s05,3,103,6.433333333333334,-1.0086843967437744,1.0606231312840988
TOKYOTECH_s05,3,104,6.466666666666667,-1.0406694412231445,1.0886975860437453
TOKYOTECH_s05,3,105,6.5,-1.1068657636642456,1.0240611455504185
TOKYOTECH_s05,3,106,6.533333333333333,-1.1537302732467651,0.9028567079768991
TOKYOTECH_s05,3,107,6.566666666666666,-1.1733914613723755,0.7543346213035097
TOKYOTECH_s05,3,108,6.6,-0.5016158819198608,0.5957599717526368
TOKYOTECH_s05,3,109,6.633333333333334,1.1065512895584106,0.43434584467618365
TOKYOTECH_s05,3,110,6.666666666666667,1.859411597251892,0.2718600105193115
TOKYOTECH_s05,3,111,6.7,1.6222749948501587,0.10807901931567548
TOKYOTECH_s05,3,112,6.733333333333333,1.1797465085983276,-0.0578328452506077
TOKYOTECH_s05,3,113,6.766666666666667,0.6118689775466919,-0.22669559519979687
TOKYOTECH_s05,3,114,6.8,0.08087402582168579,-0.39836314725566485
TOKYOTECH_s05,3,115,6.833333333333333,-0.3771394193172455,-0.5705628644583481
TOKYOTECH_s05,3,116,6.866666666666666,-0.41766393184661865,-0.7377011575586186
TOKYOTECH_s05,3,117,6.9,-0.10737666487693787,-0.889272027710845
TOKYOTECH_s05,3,118,6.933333333333334,0.2868892550468445,-1.0078391406612297
TOKYOTECH_s05,3,119,6.966666666666667,0.3139501214027405,-1.0681390409944245
TOKYOTECH_s05,3,120,7.0,0.09885226935148239,-1.0404180085142143
TOKYOTECH_s05,3,121,7.033333333333333,-0.249671071767807,-0.9000001343508736
TOKYOTECH_s05,3,122,7.066666666666666,-0.5525052547454834,-0.6404732549225174
TOKYOTECH_s05,3,123,7.1,-0.8149128556251526,-0.28337897696697173
TOKYOTECH_s05,3,124,7.133333333333334,-1.0254337787628174,0.12274277148494817
TOKYOTECH_s05,3,125,7.166666666666667,-1.138254165649414,0.5156702386659581
TOKYOTECH_s05,3,126,7.2,-1.1935513019561768,0.8390213155543977
TOKYOTECH_s05,3,127,7.233333333333333,-1.2256877422332764,1.0577282558995074
TOKYOTECH_s05,3,128,7.266666666666667,-1.1808000802993774,1.1625962161047931
TOKYOTECH_s05,3,129,7.3,-1.1551905870437622,1.1643461248138787
TOKYOTECH_s05,3,130,7.333333333333333,-1.1871401071548462,1.0828245183772711
TOKYOTECH_s05,3,131,7.366666666666666,-1.2201491594314575,0.9379811102799486
TOKYOTECH_s05,3,132,7.4,-0.7288416624069214,0.746436763132333
TOKYOTECH_s05,3,133,7.433333333333334,0.8848730325698853,0.5231077105632466
TOKYOTECH_s05,3,134,7.466666666666667,2.039069414138794,0.2840792005705977
TOKYOTECH_s05,3,135,7.5,2.074856758117676,0.046928903001360434
TOKYOTECH_s05,3,136,7.533333333333333,1.6966902017593384,-0.17210357011590108
TOKYOTECH_s05,3,137,7.566666666666666,1.2733064889907837,-0.36165890305765747
TOKYOTECH_s05,3,138,7.6,0.7918028831481934,-0.5170739395331173
TOKYOTECH_s05,3,139,7.633333333333334,0.29319366812705994,-0.6400786519138316
TOKYOTECH_s05,3,140,7.666666666666667,0.05700097605586052,-0.7373751328648194
TOKYOTECH_s05,3,141,7.7,0.07371477782726288,-0.8183556337138612
TOKYOTECH_s05,3,142,7.733333333333333,0.29679998755455017,-0.8904053721505462
TOKYOTECH_s05,3,143,7.766666666666667,0.4858698844909668,-0.9511991269539869
TOKYOTECH_s05,3,144,7.8,0.32487598061561584,-0.982274757602787
TOKYOTECH_s05,3,145,7.833333333333333,0.0592271089553833,-0.9510467612361668
TOKYOTECH_s05,3,146,7.866666666666666,-0.2251034677028656,-0.8240822400851892
TOKYOTECH_s05,3,147,7.9,-0.6009904146194458,-0.5859371166127788
TOKYOTECH_s05,3,148,7.933333333333334,-0.8251708745956421,-0.25221824175673796
TOKYOTECH_s05,3,149,7.966666666666667,-0.9521316885948181,0.13201064563588547
TOKYOTECH_s05,3,150,8.0,-1.080285668373108,0.5075589679069086
TOKYOTECH_s05,3,151,8.033333333333333,-1.168440580368042,0.8205510048530122
TOKYOTECH_s05,3,152,8.066666666666666,-1.1562769412994385,1.0360640948642017
TOKYOTECH_s05,3,153,8.1,-1.1117275953292847,1.1419912157408267
TOKYOTECH_s05,3,154,8.133333333333333,-1.0703660249710083,1.1451148807510458
TOKYOTECH_s05,3,155,8.166666666666666,-1.1054409742355347,1.0640069295531283
TOKYOTECH_s05,3,156,8.2,-1.2556337118148804,0.9224617918963499
TOKYOTECH_s05,3,157,8.233333333333333,-1.093241810798645,0.7446278408263074
TOKYOTECH_s05,3,158,8.266666666666667,0.19031070172786713,0.5512360572671118
TOKYOTECH_s05,3,159,8.3,1.9325801134109497,0.3565914598950259
TOKYOTECH_s05,3,160,8.333333333333334,2.4211983680725098,0.16756192633447178
TOKYOTECH_s05,3,161,8.366666666666667,2.0664687156677246,-0.014023209812638469
TOKYOTECH_s05,3,162,8.4,1.613673210144043,-0.18672457392713349
TOKYOTECH_s05,3,163,8.433333333333334,1.132694959640503,-0.3463552808024469
TOKYOTECH_s05,3,164,8.466666666666667,0.7521064877510071,-0.4874372878290707
TOKYOTECH_s05,3,165,8.5,0.47738388180732727,-0.6082843880569457
TOKYOTECH_s05,3,166,8.533333333333333,0.2782696485519409,-0.7143547081711759
TOKYOTECH_s05,3,167,8.566666666666666,0.30978280305862427,-0.81455233269843
TOKYOTECH_s05,3,168,8.6,0.5564560890197754,-0.9111574708960692
TOKYOTECH_s05,3,169,8.633333333333333,0.5987615585327148,-0.9906004579548306
TOKYOTECH_s05,3,170,8.666666666666666,0.31064653396606445,-1.0230631916005988
TOKYOTECH_s05,3,171,8.7,-0.00848294422030449,-0.973211897147295
TOKYOTECH_s05,3,172,8.733333333333333,-0.2918607294559479,-0.8164202486197415
TOKYOTECH_s05,3,173,8.766666666666667,-0.6046947240829468,-0.5510400623582852
TOKYOTECH_s05,3,174,8.8,-0.77567058801651,-0.20084728048466916
TOKYOTECH_s05,3,175,8.833333333333334,-0.9667529463768005,0.19138885108252887
TOKYOTECH_s05,3,176,8.866666666666667,-1.0018278360366821,0.5742258689258232
TOKYOTECH_s05,3,177,8.9,-1.0961002111434937,0.8973558606396582
TOKYOTECH_s05,3,178,8.933333333333334,-1.0805795192718506,1.119736736384258
TOKYOTECH_s05,3,179,8.966666666666667,-1.0411858558654785,1.2168692238117336
TOKYOTECH_s05,3,180,9.0,-1.0586477518081665,1.1865913598663411
TOKYOTECH_s05,3,181,9.033333333333333,-1.1245501041412354,1.050261971025525
TOKYOTECH_s05,3,182,9.066666666666666,-1.2320901155471802,0.8463249538751046
TOKYOTECH_s05,3,183,9.1,-1.3472346067428589,0.617074647909838
TOKYOTECH_s05,3,184,9.133333333333333,-0.778493344783783,0.39469996601793017
TOKYOTECH_s05,3,185,9.166666666666666,0.9850311875343323,0.19433054712747327
TOKYOTECH_s05,3,186,9.2,2.2643630504608154,0.017145753969496483
TOKYOTECH_s05,3,187,9.233333333333333,2.2487354278564453,-0.1404506419904212
TOKYOTECH_s05,3,188,9.266666666666667,1.838254451751709,-0.2791191331514672
TOKYOTECH_s05,3,189,9.3,1.3973199129104614,-0.3953432799048454
TOKYOTECH_s05,3,190,9.333333333333334,0.9243913292884827,-0.48523595187828944
TOKYOTECH_s05,3,191,9.366666666666667,0.45148059725761414,-0.5479163181395302
TOKYOTECH_s05,3,192,9.4,0.1899189054965973,-0.5852967025069301
TOKYOTECH_s05,3,193,9.433333333333334,0.2272021770477295,-0.6000483824563302
TOKYOTECH_s05,3,194,9.466666666666667,0.41712692379951477,-0.5952545303418487
TOKYOTECH_s05,3,195,9.5,0.5806319117546082,-0.5764562770826845
TOKYOTECH_s05,3,196,9.533333333333333,0.47865721583366394,-0.5524583453470865
TOKYOTECH_s05,3,197,9.566666666666666,0.10686634480953217,-0.5308179398728159
TOKYOTECH_s05,3,198,9.6,-0.18671603500843048,-0.5094971180917325
TOKYOTECH_s05,3,199,9.633333333333333,-0.45309507846832275,-0.4720725953974248
TOKYOTECH_s05,3,200,9.666666666666666,-0.7480131387710571,-0.39340138737097696
TOKYOTECH_s05,3,201,9.7,-0.8960954546928406,-0.25503144092066976
TOKYOTECH_s05,3,202,9.733333333333333,-0.9838585257530212,-0.06032318025724503
TOKYOTECH_s05,3,203,9.766666666666667,-1.0225398540496826,0.16271596177761358
TOKYOTECH_s05,3,204,9.8,-1.0903300046920776,0.3737661063103264
TOKYOTECH_s05,3,205,9.833333333333334,-1.065281629562378,0.539011115753539
TOKYOTECH_s05,3,206,9.866666666666667,-1.100303053855896,0.6441905098185878
TOKYOTECH_s05,3,207,9.9,-1.0821824073791504,0.6951809460036485
TOKYOTECH_s05,3,208,9.933333333333334,-1.1450304985046387,0.708484355055978
TOKYOTECH_s05,3,209,9.966666666666667,-1.2420988082885742,0.6996934197006337
TOKYOTECH_s05,3,210,10.0,-1.3438153266906738,0.6767003815486831
TOKYOTECH_s05,3,211,10.033333333333333,-0.7222434282302856,0.639127952761517
TOKYOTECH_s05,3,212,10.066666666666666,0.9681659936904907,0.5813953375199402
TOKYOTECH_s05,3,213,10.1,2.127535820007324,0.4962255158903377
TOKYOTECH_s05,3,214,10.133333333333333,2.070716142654419,0.37741788362730033
TOKYOTECH_s05,3,215,10.166666666666666,1.5670758485794067,0.22260296345279845
TOKYOTECH_s05,3,216,10.2,1.099196195602417,0.0363176255952561
TOKYOTECH_s05,3,217,10.233333333333333,0.6419306993484497,-0.1682434551226732
TOKYOTECH_s05,3,218,10.266666666666667,0.13559237122535706,-0.3715439104768102
TOKYOTECH_s05,3,219,10.3,-0.16841723024845123,-0.5545308704392711
TOKYOTECH_s05,3,220,10.333333333333334,0.06381294131278992,-0.7054289742731332
TOKYOTECH_s05,3,221,10.366666666666667,0.4880693256855011,-0.8201819902239097
TOKYOTECH_s05,3,222,10.4,0.5570170879364014,-0.8954388160695474
TOKYOTECH_s05,3,223,10.433333333333334,0.3363361060619354,-0.9204264163768747
TOKYOTECH_s05,3,224,10.466666666666667,0.07263733446598053,-0.8763956839757465
TOKYOTECH_s05,3,225,10.5,-0.24575307965278625,-0.7468101801629524
TOKYOTECH_s05,3,226,10.533333333333333,-0.6001088619232178,-0.5316831506777275
TOKYOTECH_s05,3,227,10.566666666666666,-0.7766233682632446,-0.25470150804854474
TOKYOTECH_s05,3,228,10.6,-0.9641082882881165,0.04253522700302921
TOKYOTECH_s05,3,229,10.633333333333333,-1.0272592306137085,0.3149785632745067
TOKYOTECH_s05,3,230,10.666666666666666,-1.0466711521148682,0.5282470507263912
TOKYOTECH_s05,3,231,10.7,-1.0545605421066284,0.6655264187034655
TOKYOTECH_s05,3,232,10.733333333333333,-1.0673563480377197,0.726321482711912
TOKYOTECH_s05,3,233,10.766666666666667,-1.0911047458648682,0.7209650957095148
TOKYOTECH_s05,3,234,10.8,-1.0704550743103027,0.6653512576380086
TOKYOTECH_s05,3,235,10.833333333333334,-0.9070480465888977,0.5775933780511342
TOKYOTECH_s05,3,236,10.866666666666667,0.28937360644340515,0.475387943121116
TOKYOTECH_s05,3,237,10.9,1.8278361558914185,0.372470837038251
TOKYOTECH_s05,3,238,10.933333333333334,2.13693904876709,0.27492114398224266
TOKYOTECH_s05,3,239,10.966666666666667,1.7793776988983154,0.18005380739261123
TOKYOTECH_s05,4,0,4.0,1.4696602821350098,-0.1349722513634657
TOKYOTECH_s05,4,1,4.033333333333333,2.023513078689575,-1.6006981026713443
TOKYOTECH_s05,4,2,4.066666666666666,1.7808736562728882,-2.8433518530636226
TOKYOTECH_s05,4,3,4.1,1.367560863494873,-3.696686502506485
TOKYOTECH_s05,4,4,4.133333333333334,1.0876648426055908,-4.088126460454377
TOKYOTECH_s05,4,5,4.166666666666667,0.7605034112930298,-4.047534326044895
TOKYOTECH_s05,4,6,4.2,0.3897632956504822,-3.6843142814446255
TOKYOTECH_s05,4,7,4.233333333333333,0.1763305962085724,-3.146508335696136
TOKYOTECH_s05,4,8,4.266666666666667,0.2634970545768738,-2.5785338780067177
TOKYOTECH_s05,4,9,4.3,0.4050968885421753,-2.0877913109593886
TOKYOTECH_s05,4,10,4.333333333333333,0.38081425428390503,-1.7245900595351622
TOKYOTECH_s05,4,11,4.366666666666666,0.17308934032917023,-1.4778330672077469
TOKYOTECH_s05,4,12,4.4,-0.07101946324110031,-1.288125440925375
TOKYOTECH_s05,4,13,4.433333333333334,-0.3787689507007599,-1.0761152042208082
TOKYOTECH_s05,4,14,4.466666666666667,-0.6637317538261414,-0.776296013611718
TOKYOTECH_s05,4,15,4.5,-0.8460075259208679,-0.36208051667303
TOKYOTECH_s05,4,16,4.533333333333333,-0.9655953645706177,0.1474553328750523
TOKYOTECH_s05,4,17,4.566666666666666,-1.013136625289917,0.698685459342367
TOKYOTECH_s05,4,18,4.6,-1.048523187637329,1.2238407914597833
TOKYOTECH_s05,4,19,4.633333333333334,-1.0038580894470215,1.6604863556824696
TOKYOTECH_s05,4,20,4.666666666666667,-1.0339821577072144,1.964273193106341
TOKYOTECH_s05,4,21,4.7,-1.0927609205245972,2.114603898058525
TOKYOTECH_s05,4,22,4.733333333333333,-1.1989474296569824,2.114796539910659
TOKYOTECH_s05,4,23,4.766666666666667,-1.2905128002166748,1.9877743702240533
TOKYOTECH_s05,4,24,4.8,-1.3514553308486938,1.7682425949534586
TOKYOTECH_s05,4,25,4.833333333333333,-0.9162197113037109,1.4934721780721072
TOKYOTECH_s05,4,26,4.866666666666666,0.6907453536987305,1.195992528792661
TOKYOTECH_s05,4,27,4.9,1.8885828256607056,0.9007929427866576
TOKYOTECH_s05,4,28,4.933333333333334,1.9602643251419067,0.6265525858531223
TOKYOTECH_s05,4,29,4.966666666666667,1.5329091548919678,0.3874592085854522
TOKYOTECH_s05,4,30,5.0,1.1846262216567993,0.1921565885315789
TOKYOTECH_s05,4,31,5.033333333333333,0.8474027514457703,0.039564131106038805
TOKYOTECH_s05,4,32,5.066666666666666,0.4315967857837677,-0.08454395385610122
TOKYOTECH_s05,4,33,5.1,0.18126370012760162,-0.20509687603338408
TOKYOTECH_s05,4,34,5.133333333333334,0.183943971991539,-0.3479828129928714
TOKYOTECH_s05,4,35,5.166666666666667,0.35312116146087646,-0.5273282707647354
TOKYOTECH_s05,4,36,5.2,0.41137459874153137,-0.7372788601716861
TOKYOTECH_s05,4,37,5.233333333333333,0.2988124191761017,-0.9532216012577355
TOKYOTECH_s05,4,38,5.266666666666667,0.06150666996836662,-1.1404617695170152
TOKYOTECH_s05,4,39,5.3,-0.22948449850082397,-1.2637515792536327
TOKYOTECH_s05,4,40,5.333333333333333,-0.5684532523155212,-1.2934385205689352
TOKYOTECH_s05,4,41,5.366666666666666,-0.7718505859375,-1.209405442257691
TOKYOTECH_s05,4,42,5.4,-0.9171457886695862,-1.0060013051701662
TOKYOTECH_s05,4,43,5.433333333333334,-1.0473389625549316,-0.6980797683670984
TOKYOTECH_s05,4,44,5.466666666666667,-1.0418181419372559,-0.323263817558775
TOKYOTECH_s05,4,45,5.5,-1.0309991836547852,0.06507588384989285
TOKYOTECH_s05,4,46,5.533333333333333,-1.0520493984222412,0.413281124400355
TOKYOTECH_s05,4,47,5.566666666666666,-1.1087623834609985,0.6834352506437559
TOKYOTECH_s05,4,48,5.6,-1.127408504486084,0.8615323045426379
TOKYOTECH_s05,4,49,5.633333333333334,-1.2178606986999512,0.9546637544039316
TOKYOTECH_s05,4,50,5.666666666666667,-1.3078409433364868,0.9804716767568774
TOKYOTECH_s05,4,51,5.7,-1.4063785076141357,0.9556472897519602
TOKYOTECH_s05,4,52,5.733333333333333,-1.1801410913467407,0.8894072921395147
TOKYOTECH_s05,4,53,5.766666666666667,0.3446529507637024,0.7840187007955557
TOKYOTECH_s05,4,54,5.8,1.8276491165161133,0.6402295297228637
TOKYOTECH_s05,4,55,5.833333333333333,1.9586080312728882,0.4629183137570497
TOKYOTECH_s05,4,56,5.866666666666666,1.6206989288330078,0.2625530802993947
TOKYOTECH_s05,4,57,5.9,1.1577256917953491,0.05148960829642604
TOKYOTECH_s05,4,58,5.933333333333334,0.6836751699447632,-0.1611560895970852
TOKYOTECH_s05,4,59,5.966666666666667,0.29175111651420593,-0.3710688836974303
TOKYOTECH_s05,4,60,6.0,0.007358216214925051,-0.5758672521622975
TOKYOTECH_s05,4,61,6.033333333333333,0.06913784891366959,-0.7711353033266567
TOKYOTECH_s05,4,62,6.066666666666666,0.29137712717056274,-0.9479447630865637
TOKYOTECH_s05,4,63,6.1,0.4514182507991791,-1.0915679205549726
TOKYOTECH_s05,4,64,6.133333333333334,0.3488202691078186,-1.1806915338755946
TOKYOTECH_s05,4,65,6.166666666666667,0.1024140864610672,-1.1884336251215795
TOKYOTECH_s05,4,66,6.2,-0.23632317781448364,-1.0878975800613604
TOKYOTECH_s05,4,67,6.233333333333333,-0.48851728439331055,-0.8632922116551588
TOKYOTECH_s05,4,68,6.266666666666667,-0.7297499179840088,-0.5228389331397763
TOKYOTECH_s05,4,69,6.3,-0.9210192561149597,-0.10562931711151631
TOKYOTECH_s05,4,70,6.333333333333333,-0.9585607647895813,0.32448630713442345
TOKYOTECH_s05,4,71,6.366666666666666,-1.0247926712036133,0.6981409066814336
TOKYOTECH_s05,4,72,6.4,-1.0320676565170288,0.9639591419323655
TOKYOTECH_s05,4,73,6.433333333333334,-1.0086843967437744,1.1035392149100498
TOKYOTECH_s05,4,74,6.466666666666667,-1.0406694412231445,1.1305319891895278
TOKYOTECH_s05,4,75,6.5,-1.1068657636642456,1.076506784145604
TOKYOTECH_s05,4,76,6.533333333333333,-1.1537302732467651,0.9732833179852465
TOKYOTECH_s05,4,77,6.566666666666666,-1.1733914613723755,0.8415788194165522
TOKYOTECH_s05,4,78,6.6,-0.5016158819198608,0.6900715195082148
TOKYOTECH_s05,4,79,6.633333333333334,1.1065512895584106,0.5218196299963482
TOKYOTECH_s05,4,80,6.666666666666667,1.859411597251892,0.34120697122651783
TOKYOTECH_s05,4,81,6.7,1.6222749948501587,0.156036117819035
TOKYOTECH_s05,4,82,6.733333333333333,1.1797465085983276,-0.025600118579481794
TOKYOTECH_s05,4,83,6.766666666666667,0.6118689775466919,-0.19982428677175154
TOKYOTECH_s05,4,84,6.8,0.08087402582168579,-0.36881336989364644
TOKYOTECH_s05,4,85,6.833333333333333,-0.3771394193172455,-0.5385100496835059
TOKYOTECH_s05,4,86,6.866666666666666,-0.41766393184661865,-0.7131870782736802
TOKYOTECH_s05,4,87,6.9,-0.10737666487693787,-0.8888928863504456
TOKYOTECH_s05,4,88,6.933333333333334,0.2868892550468445,-1.0478971553425498
TOKYOTECH_s05,4,89,6.966666666666667,0.3139501214027405,-1.1567987184029105
TOKYOTECH_s05,4,90,7.0,0.09885226935148239,-1.1719192880756866
TOKYOTECH_s05,4,91,7.033333333333333,-0.249671071767807,-1.0538174258914788
TOKYOTECH_s05,4,92,7.066666666666666,-0.5525052547454834,-0.7867495534330079
TOKYOTECH_s05,4,93,7.1,-0.8149128556251526,-0.39313894699257623
TOKYOTECH_s05,4,94,7.133333333333334,-1.0254337787628174,0.06678355821000734
TOKYOTECH_s05,4,95,7.166666666666667,-1.138254165649414,0.5126651474014248
TOKYOTECH_s05,4,96,7.2,-1.1935513019561768,0.8708739431549519
TOKYOTECH_s05,4,97,7.233333333333333,-1.2256877422332764,1.096523672899319
TOKYOTECH_s05,4,98,7.266666666666667,-1.1808000802993774,1.1808093132495074
TOKYOTECH_s05,4,99,7.3,-1.1551905870437622,1.143416188440989
TOKYOTECH_s05,4,100,7.333333333333333,-1.1871401071548462,1.0172930224999626
TOKYOTECH_s05,4,101,7.366666666666666,-1.2201491594314575,0.8349074408171456
TOKYOTECH_s05,4,102,7.4,-0.7288416624069214,0.6216710938485619
TOKYOTECH_s05,4,103,7.433333333333334,0.8848730325698853,0.3964841002794936
TOKYOTECH_s05,4,104,7.466666666666667,2.039069414138794,0.17503449830739395
TOKYOTECH_s05,4,105,7.5,2.074856758117676,-0.028778753312766418
TOKYOTECH_s05,4,106,7.533333333333333,1.6966902017593384,-0.2044216903164726
TOKYOTECH_s05,4,107,7.566666666666666,1.2733064889907837,-0.34699104924199176
TOKYOTECH_s05,4,108,7.6,0.7918028831481934,-0.4578072050877253
TOKYOTECH_s05,4,109,7.633333333333334,0.29319366812705994,-0.5431980525126763
TOKYOTECH_s05,4,110,7.666666666666667,0.05700097605586052,-0.6127985965397089
TOKYOTECH_s05,4,111,7.7,0.07371477782726288,-0.6776348227707538
TOKYOTECH_s05,4,112,7.733333333333333,0.29679998755455017,-0.7458908558001659
TOKYOTECH_s05,4,113,7.766666666666667,0.4858698844909668,-0.8150973747790555
TOKYOTECH_s05,4,114,7.8,0.32487598061561584,-0.8650135613225269
TOKYOTECH_s05,4,115,7.833333333333333,0.0592271089553833,-0.8590732507039406
TOKYOTECH_s05,4,116,7.866666666666666,-0.2251034677028656,-0.7579287243216394
TOKYOTECH_s05,4,117,7.9,-0.6009904146194458,-0.539618394712295
TOKYOTECH_s05,4,118,7.933333333333334,-0.8251708745956421,-0.21479176114271326
TOKYOTECH_s05,4,119,7.966666666666667,-0.9521316885948181,0.17259143542028454
TOKYOTECH_s05,4,120,8.0,-1.080285668373108,0.5593385065074283
TOKYOTECH_s05,4,121,8.033333333333333,-1.168440580368042,0.8832954515958589
TOKYOTECH_s05,4,122,8.066666666666666,-1.1562769412994385,1.0998923079072562
TOKYOTECH_s05,4,123,8.1,-1.1117275953292847,1.189765276476943
TOKYOTECH_s05,4,124,8.133333333333333,-1.0703660249710083,1.1577628678331007
TOKYOTECH_s05,4,125,8.166666666666666,-1.1054409742355347,1.0267423586482303
TOKYOTECH_s05,4,126,8.2,-1.2556337118148804,0.8296469346078862
TOKYOTECH_s05,4,127,8.233333333333333,-1.093241810798645,0.6017502727836243
TOKYOTECH_s05,4,128,8.266666666666667,0.19031070172786713,0.3736464815375592
TOKYOTECH_s05,4,129,8.3,1.9325801134109497,0.1657476727708884
TOKYOTECH_s05,4,130,8.333333333333334,2.4211983680725098,-0.013826629234664843
TOKYOTECH_s05,4,131,8.366666666666667,2.0664687156677246,-0.16652377179973446
TOKYOTECH_s05,4,132,8.4,1.613673210144043,-0.2974639392167254
TOKYOTECH_s05,4,133,8.433333333333334,1.132694959640503,-0.4107868673435224
TOKYOTECH_s05,4,134,8.466666666666667,0.7521064877510071,-0.5096447863511605
TOKYOTECH_s05,4,135,8.5,0.47738388180732727,-0.5998424242347015
TOKYOTECH_s05,4,136,8.533333333333333,0.2782696485519409,-0.6917480330629985
TOKYOTECH_s05,4,137,8.566666666666666,0.30978280305862427,-0.7953636767827498
TOKYOTECH_s05,4,138,8.6,0.5564560890197754,-0.9095712782361953
TOKYOTECH_s05,4,139,8.633333333333333,0.5987615585327148,-1.013116538449585
TOKYOTECH_s05,4,140,8.666666666666666,0.31064653396606445,-1.065604523042449
TOKYOTECH_s05,4,141,8.7,-0.00848294422030449,-1.0208563914651556
TOKYOTECH_s05,4,142,8.733333333333333,-0.2918607294559479,-0.8465177284897283
TOKYOTECH_s05,4,143,8.766666666666667,-0.6046947240829468,-0.5393951598571232
TOKYOTECH_s05,4,144,8.8,-0.77567058801651,-0.12925284915985902
TOKYOTECH_s05,4,145,8.833333333333334,-0.9667529463768005,0.3289233151328369
TOKYOTECH_s05,4,146,8.866666666666667,-1.0018278360366821,0.7689048650952381
TOKYOTECH_s05,4,147,8.9,-1.0961002111434937,1.1275446077498608
TOKYOTECH_s05,4,148,8.933333333333334,-1.0805795192718506,1.3564770368054664
TOKYOTECH_s05,4,149,8.966666666666667,-1.0411858558654785,1.4308029700351104
TOKYOTECH_s05,4,150,9.0,-1.0586477518081665,1.3539209834390953
TOKYOTECH_s05,4,151,9.033333333333333,-1.1245501041412354,1.1561252145083714
TOKYOTECH_s05,4,152,9.066666666666666,-1.2320901155471802,0.8852585768990036
TOKYOTECH_s05,4,153,9.1,-1.3472346067428589,0.5914597700544747
TOKYOTECH_s05,4,154,9.133333333333333,-0.778493344783783,0.31263343741455074
TOKYOTECH_s05,4,155,9.166666666666666,0.9850311875343323,0.06802057179402202
TOKYOTECH_s05,4,156,9.2,2.2643630504608154,-0.13803824936857373
TOKYOTECH_s05,4,157,9.233333333333333,2.2487354278564453,-0.3070167019843921
TOKYOTECH_s05,4,158,9.266666666666667,1.838254451751709,-0.4393933122258286
TOKYOTECH_s05,4,159,9.3,1.3973199129104614,-0.5343764660259965
TOKYOTECH_s05,4,160,9.333333333333334,0.9243913292884827,-0.5938245886417125
TOKYOTECH_s05,4,161,9.366666666666667,0.45148059725761414,-0.6244193308030627
TOKYOTECH_s05,4,162,9.4,0.1899189054965973,-0.6351468157684288
TOKYOTECH_s05,4,163,9.433333333333334,0.2272021770477295,-0.6327108437376102
TOKYOTECH_s05,4,164,9.466666666666667,0.41712692379951477,-0.6195888361810054
TOKYOTECH_s05,4,165,9.5,0.5806319117546082,-0.5963732896007659
TOKYOTECH_s05,4,166,9.533333333333333,0.47865721583366394,-0.5647929248601558
TOKYOTECH_s05,4,167,9.566666666666666,0.10686634480953217,-0.526356073760266
TOKYOTECH_s05,4,168,9.6,-0.18671603500843048,-0.4766558251431958
TOKYOTECH_s05,4,169,9.633333333333333,-0.45309507846832275,-0.40162170578971385
TOKYOTECH_s05,4,170,9.666666666666666,-0.7480131387710571,-0.28238311904163976
TOKYOTECH_s05,4,171,9.7,-0.8960954546928406,-0.10857563377210382
TOKYOTECH_s05,4,172,9.733333333333333,-0.9838585257530212,0.1091410858439328
TOKYOTECH_s05,4,173,9.766666666666667,-1.0225398540496826,0.3384664366083907
TOKYOTECH_s05,4,174,9.8,-1.0903300046920776,0.5386041048665205
TOKYOTECH_s05,4,175,9.833333333333334,-1.065281629562378,0.6779180004896741
TOKYOTECH_s05,4,176,9.866666666666667,-1.100303053855896,0.7446253724155057
TOKYOTECH_s05,4,177,9.9,-1.0821824073791504,0.7456197396100136
TOKYOTECH_s05,4,178,9.933333333333334,-1.1450304985046387,0.6971708649752698
TOKYOTECH_s05,4,179,9.966666666666667,-1.2420988082885742,0.6154880007047999
TOKYOTECH_s05,4,180,10.0,-1.3438153266906738,0.5125067610589344
TOKYOTECH_s05,4,181,10.033333333333333,-0.7222434282302856,0.396555162211321
TOKYOTECH_s05,4,182,10.066666666666666,0.9681659936904907,0.27416106040893057
TOKYOTECH_s05,4,183,10.1,2.127535820007324,0.15003735842359583
TOKYOTECH_s05,4,184,10.133333333333333,2.070716142654419,0.025636456396384743
TOKYOTECH_s05,4,185,10.166666666666666,1.5670758485794067,-0.1009559697235961
TOKYOTECH_s05,4,186,10.2,1.099196195602417,-0.23208695207312585
TOKYOTECH_s05,4,187,10.233333333333333,0.6419306993484497,-0.366179041981254
TOKYOTECH_s05,4,188,10.266666666666667,0.13559237122535706,-0.4958321413724315
TOKYOTECH_s05,4,189,10.3,-0.16841723024845123,-0.6105178018520449
TOKYOTECH_s05,4,190,10.333333333333334,0.06381294131278992,-0.7008826592876588
TOKYOTECH_s05,4,191,10.366666666666667,0.4880693256855011,-0.7592313482924721
TOKYOTECH_s05,4,192,10.4,0.5570170879364014,-0.7750654038128911
TOKYOTECH_s05,4,193,10.433333333333334,0.3363361060619354,-0.7311383512700625
TOKYOTECH_s05,4,194,10.466666666666667,0.07263733446598053,-0.6072095236355619
TOKYOTECH_s05,4,195,10.5,-0.24575307965278625,-0.3928026246006931
TOKYOTECH_s05,4,196,10.533333333333333,-0.6001088619232178,-0.1006769065304551
TOKYOTECH_s05,4,197,10.566666666666666,-0.7766233682632446,0.23058820664129154
TOKYOTECH_s05,4,198,10.6,-0.9641082882881165,0.5483005292956368
TOKYOTECH_s05,4,199,10.633333333333333,-1.0272592306137085,0.8040378808660473
TOKYOTECH_s05,4,200,10.666666666666666,-1.0466711521148682,0.9679297480060459
TOKYOTECH_s05,4,201,10.7,-1.0545605421066284,1.0328462617554661
TOKYOTECH_s05,4,202,10.733333333333333,-1.0673563480377197,1.0094415361853992
TOKYOTECH_s05,4,203,10.766666666666667,-1.0911047458648682,0.9174064095350126
TOKYOTECH_s05,4,204,10.8,-1.0704550743103027,0.778242497400217
TOKYOTECH_s05,4,205,10.833333333333334,-0.9070480465888977,0.6116742945825812
TOKYOTECH_s05,4,206,10.866666666666667,0.28937360644340515,0.4344372597911684
TOKYOTECH_s05,4,207,10.9,1.8278361558914185,0.259169346006243
TOKYOTECH_s05,4,208,10.933333333333334,2.13693904876709,0.09290170245538847
TOKYOTECH_s05,4,209,10.966666666666667,1.7793776988983154,-0.06337820130443204
TOKYOTECH_s05,4,210,11.0,1.2976247072219849,-0.2129251783813897
TOKYOTECH_s05,4,211,11.033333333333333,0.7884992957115173,-0.36004957015007466
TOKYOTECH_s05,4,212,11.066666666666666,0.23963290452957153,-0.5078488160479991
TOKYOTECH_s05,4,213,11.1,-0.17560318112373352,-0.6581432407992109
TOKYOTECH_s05,4,214,11.133333333333333,-0.1076527014374733,-0.8118039929722153
TOKYOTECH_s05,4,215,11.166666666666666,0.2198648452758789,-0.966122505359583
TOKYOTECH_s05,4,216,11.2,0.38442057371139526,-1.1086131980533767
TOKYOTECH_s05,4,217,11.233333333333333,0.3251342177391052,-1.2116173553866876
TOKYOTECH_s05,4,218,11.266666666666667,0.12138963490724564,-1.234730753214917
TOKYOTECH_s05,4,219,11.3,-0.2333579659461975,-1.138704289258023
TOKYOTECH_s05,4,220,11.333333333333334,-0.5728610157966614,-0.9058106853322099
TOKYOTECH_s05,4,221,11.366666666666667,-0.7852696776390076,-0.5548222475744499
TOKYOTECH_s05,4,222,11.4,-1.021141767501831,-0.14028731085971075
TOKYOTECH_s05,4,223,11.433333333333334,-1.113935947418213,0.2649951600742373
TOKYOTECH_s05,4,224,11.466666666666667,-1.1886093616485596,0.594833186148348
TOKYOTECH_s05,4,225,11.5,-1.2314846515655518,0.8084933517560282
TOKYOTECH_s05,4,226,11.533333333333333,-1.1416468620300293,0.8962033253301773
TOKYOTECH_s05,4,227,11.566666666666666,-1.1317806243896484,0.8733008270335468
TOKYOTECH_s05,4,228,11.6,-1.1379603147506714,0.7696608882706936
TOKYOTECH_s05,4,229,11.633333333333333,-1.2032573223114014,0.6199828767981652
TOKYOTECH_s05,4,230,11.666666666666666,-0.9333164095878601,0.4570691284204852
TOKYOTECH_s05,4,231,11.7,0.6724732518196106,0.3074991355324499
TOKYOTECH_s05,4,232,11.733333333333333,2.252377510070801,0.18864527018071917
TOKYOTECH_s05,4,233,11.766666666666667,2.416799545288086,0.1071276328153539
TOKYOTECH_s05,4,234,11.8,1.9918575286865234,0.059775275170067164
TOKYOTECH_s05,4,235,11.833333333333334,1.6057214736938477,0.0375341585163841
TOKYOTECH_s05,4,236,11.866666666666667,1.2288105487823486,0.030708508656102265
TOKYOTECH_s05,4,237,11.9,0.8174746036529541,0.03273337590669078
TOKYOTECH_s05,4,238,11.933333333333334,0.4850417673587799,0.04098399757502333
TOKYOTECH_s05,4,239,11.966666666666667,0.4154261648654938,0.05537510893953649
TOKYOTECH_s05,5,0,5.0,1.1846262216567993,-0.08969651270820993
TOKYOTECH_s05,5,1,5.033333333333333,0.8474027514457703,-1.562552078552994
TOKYOTECH_s05,5,2,5.066666666666666,0.4315967857837677,-2.816291744455736
TOKYOTECH_s05,5,3,5.1,0.18126370012760162,-3.6889158740152963
TOKYOTECH_s05,5,4,5.133333333333334,0.183943971991539,-4.113380530235724
TOKYOTECH_s05,5,5,5.166666666666667,0.35312116146087646,-4.123719346745004
TOKYOTECH_s05,5,6,5.2,0.41137459874153137,-3.8276383957970097
TOKYOTECH_s05,5,7,5.233333333333333,0.2988124191761017,-3.3613824565539625
TOKYOTECH_s05,5,8,5.266666666666667,0.06150666996836662,-2.84648902749078
TOKYOTECH_s05,5,9,5.3,-0.22948449850082397,-2.3611732860460233
TOKYOTECH_s05,5,10,5.333333333333333,-0.5684532523155212,-1.931228907035849
TOKYOTECH_s05,5,11,5.366666666666666,-0.7718505859375,-1.5395361142995612
TOKYOTECH_s05,5,12,5.4,-0.9171457886695862,-1.1486043324271016
TOKYOTECH_s05,5,13,5.433333333333334,-1.0473389625549316,-0.7267220289029672
TOKYOTECH_s05,5,14,5.466666666666667,-1.0418181419372559,-0.2665562383155819
TOKYOTECH_s05,5,15,5.5,-1.0309991836547852,0.2115639335653388
TOKYOTECH_s05,5,16,5.533333333333333,-1.0520493984222412,0.6707311353594002
TOKYOTECH_s05,5,17,5.566666666666666,-1.1087623834609985,1.074097546344839
TOKYOTECH_s05,5,18,5.6,-1.127408504486084,1.3971943165482155
TOKYOTECH_s05,5,19,5.633333333333334,-1.2178606986999512,1.6309829629359465
TOKYOTECH_s05,5,20,5.666666666666667,-1.3078409433364868,1.7770457884475253
TOKYOTECH_s05,5,21,5.7,-1.4063785076141357,1.8402130768529004
TOKYOTECH_s05,5,22,5.733333333333333,-1.1801410913467407,1.8237386921021814
TOKYOTECH_s05,5,23,5.766666666666667,0.3446529507637024,1.7292396640831802
TOKYOTECH_s05,5,24,5.8,1.8276491165161133,1.560417082428138
TOKYOTECH_s05,5,25,5.833333333333333,1.9586080312728882,1.3273372625057627
TOKYOTECH_s05,5,26,5.866666666666666,1.6206989288330078,1.047519897920602
TOKYOTECH_s05,5,27,5.9,1.1577256917953491,0.7422838231334048
TOKYOTECH_s05,5,28,5.933333333333334,0.6836751699447632,0.430923557115869
TOKYOTECH_s05,5,29,5.966666666666667,0.29175111651420593,0.1272153594837941
TOKYOTECH_s05,5,30,6.0,0.007358216214925051,-0.15992553450787503
TOKYOTECH_s05,5,31,6.033333333333333,0.06913784891366959,-0.42345030885091917
TOKYOTECH_s05,5,32,6.066666666666666,0.29137712717056274,-0.6551420421127797
TOKYOTECH_s05,5,33,6.1,0.4514182507991791,-0.8433181432396759
TOKYOTECH_s05,5,34,6.133333333333334,0.3488202691078186,-0.971461599407883
TOKYOTECH_s05,5,35,6.166666666666667,0.1024140864610672,-1.0188564109618667
TOKYOTECH_s05,5,36,6.2,-0.23632317781448364,-0.9651810262977305
TOKYOTECH_s05,5,37,6.233333333333333,-0.48851728439331055,-0.7997200412417731
TOKYOTECH_s05,5,38,6.266666666666667,-0.7297499179840088,-0.531995138259385
TOKYOTECH_s05,5,39,6.3,-0.9210192561149597,-0.19732865197079477
TOKYOTECH_s05,5,40,6.333333333333333,-0.9585607647895813,0.1483180594158965
TOKYOTECH_s05,5,41,6.366666666666666,-1.0247926712036133,0.4444063734165456
TOKYOTECH_s05,5,42,6.4,-1.0320676565170288,0.6457631885071925
TOKYOTECH_s05,5,43,6.433333333333334,-1.0086843967437744,0.736037081530543
TOKYOTECH_s05,5,44,6.466666666666667,-1.0406694412231445,0.7280870319292025
TOKYOTECH_s05,5,45,6.5,-1.1068657636642456,0.6525594626238007
TOKYOTECH_s05,5,46,6.533333333333333,-1.1537302732467651,0.5421173044980532
TOKYOTECH_s05,5,47,6.566666666666666,-1.1733914613723755,0.4198020110878752
TOKYOTECH_s05,5,48,6.6,-0.5016158819198608,0.2958049946472983
TOKYOTECH_s05,5,49,6.633333333333334,1.1065512895584106,0.1711113175871406
TOKYOTECH_s05,5,50,6.666666666666667,1.859411597251892,0.04319096001942091
TOKYOTECH_s05,5,51,6.7,1.6222749948501587,-0.09040117612576899
TOKYOTECH_s05,5,52,6.733333333333333,1.1797465085983276,-0.23133663002416807
TOKYOTECH_s05,5,53,6.766666666666667,0.6118689775466919,-0.3807848521013493
TOKYOTECH_s05,5,54,6.8,0.08087402582168579,-0.5386932165922167
TOKYOTECH_s05,5,55,6.833333333333333,-0.3771394193172455,-0.7018202642699765
TOKYOTECH_s05,5,56,6.866666666666666,-0.41766393184661865,-0.8614773198721609
TOKYOTECH_s05,5,57,6.9,-0.10737666487693787,-1.001963059199349
TOKYOTECH_s05,5,58,6.933333333333334,0.2868892550468445,-1.1001677316861154
TOKYOTECH_s05,5,59,6.966666666666667,0.3139501214027405,-1.127029898389725
TOKYOTECH_s05,5,60,7.0,0.09885226935148239,-1.0525290741110933
TOKYOTECH_s05,5,61,7.033333333333333,-0.249671071767807,-0.8553724970495996
TOKYOTECH_s05,5,62,7.066666666666666,-0.5525052547454834,-0.5350873280236655
TOKYOTECH_s05,5,63,7.1,-0.8149128556251526,-0.12038682231414584
TOKYOTECH_s05,5,64,7.133333333333334,-1.0254337787628174,0.33277378183070444
TOKYOTECH_s05,5,65,7.166666666666667,-1.138254165649414,0.755354453041697
TOKYOTECH_s05,5,66,7.2,-1.1935513019561768,1.085792140937352
TOKYOTECH_s05,5,67,7.233333333333333,-1.2256877422332764,1.2866963130542302
TOKYOTECH_s05,5,68,7.266666666666667,-1.1808000802993774,1.3504216831646783
TOKYOTECH_s05,5,69,7.3,-1.1551905870437622,1.2934275298526692
TOKYOTECH_s05,5,70,7.333333333333333,-1.1871401071548462,1.1447871109353782
TOKYOTECH_s05,5,71,7.366666666666666,-1.2201491594314575,0.9354471217876246
TOKYOTECH_s05,5,72,7.4,-0.7288416624069214,0.6923767889666029
TOKYOTECH_s05,5,73,7.433333333333334,0.8848730325698853,0.4376593260140986
TOKYOTECH_s05,5,74,7.466666666666667,2.039069414138794,0.1894773301664393
TOKYOTECH_s05,5,75,7.5,2.074856758117676,-0.03812453678725383
TOKYOTECH_s05,5,76,7.533333333333333,1.6966902017593384,-0.23699805598376633
TOKYOTECH_s05,5,77,7.566666666666666,1.2733064889907837,-0.4058956620974636
TOKYOTECH_s05,5,78,7.6,0.7918028831481934,-0.5488392160357113
TOKYOTECH_s05,5,79,7.633333333333334,0.29319366812705994,-0.6714524861059323
TOKYOTECH_s05,5,80,7.666666666666667,0.05700097605586052,-0.7776747189615955
TOKYOTECH_s05,5,81,7.7,0.07371477782726288,-0.8683221384985508
TOKYOTECH_s05,5,82,7.733333333333333,0.29679998755455017,-0.9399611943835141
TOKYOTECH_s05,5,83,7.766666666666667,0.4858698844909668,-0.9820234293676536
TOKYOTECH_s05,5,84,7.8,0.32487598061561584,-0.9741839103522498
TOKYOTECH_s05,5,85,7.833333333333333,0.0592271089553833,-0.8893587913707421
TOKYOTECH_s05,5,86,7.866666666666666,-0.2251034677028656,-0.7048218748066842
TOKYOTECH_s05,5,87,7.9,-0.6009904146194458,-0.4170244418976578
TOKYOTECH_s05,5,88,7.933333333333334,-0.8251708745956421,-0.050841337842142315
TOKYOTECH_s05,5,89,7.966666666666667,-0.9521316885948181,0.3440017468694837
TOKYOTECH_s05,5,90,8.0,-1.080285668373108,0.7080346166826832
TOKYOTECH_s05,5,91,8.033333333333333,-1.168440580368042,0.9899347882505808
TOKYOTECH_s05,5,92,8.066666666666666,-1.1562769412994385,1.1585942120651156
TOKYOTECH_s05,5,93,8.1,-1.1117275953292847,1.2062073117740133
TOKYOTECH_s05,5,94,8.133333333333333,-1.0703660249710083,1.1442879335969087
TOKYOTECH_s05,5,95,8.166666666666666,-1.1054409742355347,0.9966262768020387
TOKYOTECH_s05,5,96,8.2,-1.2556337118148804,0.7925220280521643
TOKYOTECH_s05,5,97,8.233333333333333,-1.093241810798645,0.5615340226141491
TOKYOTECH_s05,5,98,8.266666666666667,0.19031070172786713,0.3292675455103465
TOKYOTECH_s05,5,99,8.3,1.9325801134109497,0.11380684397354644
TOKYOTECH_s05,5,100,8.333333333333334,2.4211983680725098,-0.07602084135556127
TOKYOTECH_s05,5,101,8.366666666666667,2.0664687156677246,-0.23898476128582138
TOKYOTECH_s05,5,102,8.4,1.613673210144043,-0.3772165958308127
TOKYOTECH_s05,5,103,8.433333333333334,1.132694959640503,-0.4927824809784198
TOKYOTECH_s05,5,104,8.466666666666667,0.7521064877510071,-0.5879224598605938
TOKYOTECH_s05,5,105,8.5,0.47738388180732727,-0.6681824785967769
TOKYOTECH_s05,5,106,8.533333333333333,0.2782696485519409,-0.7437741192669222
TOKYOTECH_s05,5,107,8.566666666666666,0.30978280305862427,-0.824624854114694
TOKYOTECH_s05,5,108,8.6,0.5564560890197754,-0.9100833400985244
TOKYOTECH_s05,5,109,8.633333333333333,0.5987615585327148,-0.9803516878303767
TOKYOTECH_s05,5,110,8.666666666666666,0.31064653396606445,-0.9976209571316524
TOKYOTECH_s05,5,111,8.7,-0.00848294422030449,-0.9193173442694594
TOKYOTECH_s05,5,112,8.733333333333333,-0.2918607294559479,-0.7173921307340377
TOKYOTECH_s05,5,113,8.766666666666667,-0.6046947240829468,-0.39305006860781705
TOKYOTECH_s05,5,114,8.8,-0.77567058801651,0.020285606930645725
TOKYOTECH_s05,5,115,8.833333333333334,-0.9667529463768005,0.4654992616148209
TOKYOTECH_s05,5,116,8.866666666666667,-1.0018278360366821,0.8763195497858272
TOKYOTECH_s05,5,117,8.9,-1.0961002111434937,1.191979914035897
TOKYOTECH_s05,5,118,8.933333333333334,-1.0805795192718506,1.3690780156076778
TOKYOTECH_s05,5,119,8.966666666666667,-1.0411858558654785,1.3900503960105275
TOKYOTECH_s05,5,120,9.0,-1.0586477518081665,1.2669667808809655
TOKYOTECH_s05,5,121,9.033333333333333,-1.1245501041412354,1.0380420923279476
TOKYOTECH_s05,5,122,9.066666666666666,-1.2320901155471802,0.7557944806009621
TOKYOTECH_s05,5,123,9.1,-1.3472346067428589,0.4701673672054703
TOKYOTECH_s05,5,124,9.133333333333333,-0.778493344783783,0.21415918575524964
TOKYOTECH_s05,5,125,9.166666666666666,0.9850311875343323,-0.0008252827944088071
TOKYOTECH_s05,5,126,9.2,2.2643630504608154,-0.17887489278390623
TOKYOTECH_s05,5,127,9.233333333333333,2.2487354278564453,-0.328625960445156
TOKYOTECH_s05,5,128,9.266666666666667,1.838254451751709,-0.4551873770031924
TOKYOTECH_s05,5,129,9.3,1.3973199129104614,-0.5587377026542428
TOKYOTECH_s05,5,130,9.333333333333334,0.9243913292884827,-0.6375850474148576
TOKYOTECH_s05,5,131,9.366666666666667,0.45148059725761414,-0.6906561563604315
TOKYOTECH_s05,5,132,9.4,0.1899189054965973,-0.7171246733775964
TOKYOTECH_s05,5,133,9.433333333333334,0.2272021770477295,-0.7153480357739366
TOKYOTECH_s05,5,134,9.466666666666667,0.41712692379951477,-0.684331497514849
TOKYOTECH_s05,5,135,9.5,0.5806319117546082,-0.6276248099437823
TOKYOTECH_s05,5,136,9.533333333333333,0.47865721583366394,-0.555095329536954
TOKYOTECH_s05,5,137,9.566666666666666,0.10686634480953217,-0.47803496889888136
TOKYOTECH_s05,5,138,9.6,-0.18671603500843048,-0.39948878161911333
TOKYOTECH_s05,5,139,9.633333333333333,-0.45309507846832275,-0.3081753688574496
TOKYOTECH_s05,5,140,9.666666666666666,-0.7480131387710571,-0.18358748978757672
TOKYOTECH_s05,5,141,9.7,-0.8960954546928406,-0.011409842818538952
TOKYOTECH_s05,5,142,9.733333333333333,-0.9838585257530212,0.20154571726227233
TOKYOTECH_s05,5,143,9.766666666666667,-1.0225398540496826,0.42532579822133476
TOKYOTECH_s05,5,144,9.8,-1.0903300046920776,0.6199625141033944
TOKYOTECH_s05,5,145,9.833333333333334,-1.065281629562378,0.753984650148022
TOKYOTECH_s05,5,146,9.866666666666667,-1.100303053855896,0.8161182565229737
TOKYOTECH_s05,5,147,9.9,-1.0821824073791504,0.8146937124819464
TOKYOTECH_s05,5,148,9.933333333333334,-1.1450304985046387,0.7680430062368115
TOKYOTECH_s05,5,149,9.966666666666667,-1.2420988082885742,0.6937394479200472
TOKYOTECH_s05,5,150,10.0,-1.3438153266906738,0.6026488958835273
TOKYOTECH_s05,5,151,10.033333333333333,-0.7222434282302856,0.4986584365835562
TOKYOTECH_s05,5,152,10.066666666666666,0.9681659936904907,0.381349897572887
TOKYOTECH_s05,5,153,10.1,2.127535820007324,0.24858532132738753
TOKYOTECH_s05,5,154,10.133333333333333,2.070716142654419,0.09802109868330684
TOKYOTECH_s05,5,155,10.166666666666666,1.5670758485794067,-0.07143314560524837
TOKYOTECH_s05,5,156,10.2,1.099196195602417,-0.257198012886312
TOKYOTECH_s05,5,157,10.233333333333333,0.6419306993484497,-0.45048525949243395
TOKYOTECH_s05,5,158,10.266666666666667,0.13559237122535706,-0.6361857687339663
TOKYOTECH_s05,5,159,10.3,-0.16841723024845123,-0.7965765711511227
TOKYOTECH_s05,5,160,10.333333333333334,0.06381294131278992,-0.9161656408587399
TOKYOTECH_s05,5,161,10.366666666666667,0.4880693256855011,-0.9829893441831548
TOKYOTECH_s05,5,162,10.4,0.5570170879364014,-0.9853613530702188
TOKYOTECH_s05,5,163,10.433333333333334,0.3363361060619354,-0.9087984062308148
TOKYOTECH_s05,5,164,10.466666666666667,0.07263733446598053,-0.7394783651939218
TOKYOTECH_s05,5,165,10.5,-0.24575307965278625,-0.47536260204952896
TOKYOTECH_s05,5,166,10.533333333333333,-0.6001088619232178,-0.13731421326659166
TOKYOTECH_s05,5,167,10.566666666666666,-0.7766233682632446,0.23033821473436858
TOKYOTECH_s05,5,168,10.6,-0.9641082882881165,0.5723385291122445
TOKYOTECH_s05,5,169,10.633333333333333,-1.0272592306137085,0.8403588249966767
TOKYOTECH_s05,5,170,10.666666666666666,-1.0466711521148682,1.0060057094653154
TOKYOTECH_s05,5,171,10.7,-1.0545605421066284,1.0639025574486392
TOKYOTECH_s05,5,172,10.733333333333333,-1.0673563480377197,1.026319247594135
TOKYOTECH_s05,5,173,10.766666666666667,-1.0911047458648682,0.9145620116679803
TOKYOTECH_s05,5,174,10.8,-1.0704550743103027,0.7519349931850436
TOKYOTECH_s05,5,175,10.833333333333334,-0.9070480465888977,0.5600254813896943
TOKYOTECH_s05,5,176,10.866666666666667,0.28937360644340515,0.3571223142574312
TOKYOTECH_s05,5,177,10.9,1.8278361558914185,0.15690216638600785
TOKYOTECH_s05,5,178,10.933333333333334,2.13693904876709,-0.03279349724444418
TOKYOTECH_s05,5,179,10.966666666666667,1.7793776988983154,-0.2097556477976707
TOKYOTECH_s05,5,180,11.0,1.2976247072219849,-0.37521091233936504
TOKYOTECH_s05,5,181,11.033333333333333,0.7884992957115173,-0.5309213551275463
TOKYOTECH_s05,5,182,11.066666666666666,0.23963290452957153,-0.677491809482754
TOKYOTECH_s05,5,183,11.1,-0.17560318112373352,-0.8143444797022997
TOKYOTECH_s05,5,184,11.133333333333333,-0.1076527014374733,-0.9394486715676699
TOKYOTECH_s05,5,185,11.166666666666666,0.2198648452758789,-1.0463951774024485
TOKYOTECH_s05,5,186,11.2,0.38442057371139526,-1.119267212790174
TOKYOTECH_s05,5,187,11.233333333333333,0.3251342177391052,-1.1297051100768438
TOKYOTECH_s05,5,188,11.266666666666667,0.12138963490724564,-1.0417706924939336
TOKYOTECH_s05,5,189,11.3,-0.2333579659461975,-0.8262591915257567
TOKYOTECH_s05,5,190,11.333333333333334,-0.5728610157966614,-0.4784954916492715
TOKYOTECH_s05,5,191,11.366666666666667,-0.7852696776390076,-0.02886532445289261
TOKYOTECH_s05,5,192,11.4,-1.021141767501831,0.461533181640632
TOKYOTECH_s05,5,193,11.433333333333334,-1.113935947418213,0.9188958302631548
TOKYOTECH_s05,5,194,11.466666666666667,-1.1886093616485596,1.2790034324890545
TOKYOTECH_s05,5,195,11.5,-1.2314846515655518,1.5027766454320326
TOKYOTECH_s05,5,196,11.533333333333333,-1.1416468620300293,1.5800438460113773
TOKYOTECH_s05,5,197,11.566666666666666,-1.1317806243896484,1.5241135264529801
TOKYOTECH_s05,5,198,11.6,-1.1379603147506714,1.3627743956251794
TOKYOTECH_s05,5,199,11.633333333333333,-1.2032573223114014,1.1298535970090593
TOKYOTECH_s05,5,200,11.666666666666666,-0.9333164095878601,0.8587723055006912
TOKYOTECH_s05,5,201,11.7,0.6724732518196106,0.5778595735472525
TOKYOTECH_s05,5,202,11.733333333333333,2.252377510070801,0.3070956436515938
TOKYOTECH_s05,5,203,11.766666666666667,2.416799545288086,0.056646289911082434
TOKYOTECH_s05,5,204,11.8,1.9918575286865234,-0.17220080434090942
TOKYOTECH_s05,5,205,11.833333333333334,1.6057214736938477,-0.3838001591418489
TOKYOTECH_s05,5,206,11.866666666666667,1.2288105487823486,-0.5839336927788067
TOKYOTECH_s05,5,207,11.9,0.8174746036529541,-0.7763565299206462
TOKYOTECH_s05,5,208,11.933333333333334,0.4850417673587799,-0.9607420942538282
TOKYOTECH_s05,5,209,11.966666666666667,0.4154261648654938,-1.1311150391271712
TOKYOTECH_s05,5,210,12.0,0.5821011662483215,-1.273617600452864
TOKYOTECH_s05,5,211,12.033333333333333,0.6973347067832947,-1.3645426925857602
TOKYOTECH_s05,5,212,12.066666666666666,0.5834101438522339,-1.3725894725065177
TOKYOTECH_s05,5,213,12.1,0.3145645260810852,-1.2687896407366281
TOKYOTECH_s05,5,214,12.133333333333333,-0.004716327413916588,-1.041610261897957
TOKYOTECH_s05,5,215,12.166666666666666,-0.26694586873054504,-0.708667295303565
TOKYOTECH_s05,5,216,12.2,-0.4663539230823517,-0.3165531066858822
TOKYOTECH_s05,5,217,12.233333333333333,-0.6677209734916687,0.07303336795789316
TOKYOTECH_s05,5,218,12.266666666666667,-0.8083057403564453,0.4038840664491725
TOKYOTECH_s05,5,219,12.3,-0.9264153838157654,0.6415512943846222
TOKYOTECH_s05,5,220,12.333333333333334,-0.9777945280075073,0.7782491451960365
TOKYOTECH_s05,5,221,12.366666666666667,-0.8848490715026855,0.8271068433905251
TOKYOTECH_s05,5,222,12.4,-0.7997662425041199,0.8115371776589473
TOKYOTECH_s05,5,223,12.433333333333334,-0.8702545166015625,0.7555962949925659
TOKYOTECH_s05,5,224,12.466666666666667,-1.0332341194152832,0.6780297474148718
TOKYOTECH_s05,5,225,12.5,-0.9950693249702454,0.5898015257677635
TOKYOTECH_s05,5,226,12.533333333333333,0.09285061806440353,0.4945316977010687
TOKYOTECH_s05,5,227,12.566666666666666,1.689620018005371,0.39174956497625096
TOKYOTECH_s05,5,228,12.6,2.266446590423584,0.28195654984943075
TOKYOTECH_s05,5,229,12.633333333333333,2.081223487854004,0.17092848355259466
TOKYOTECH_s05,5,230,12.666666666666666,1.6929858922958374,0.0703976752022153
TOKYOTECH_s05,5,231,12.7,1.2948732376098633,-0.006015904650427352
TOKYOTECH_s05,5,232,12.733333333333333,0.9416483044624329,-0.049739467928066744
TOKYOTECH_s05,5,233,12.766666666666667,0.5779605507850647,-0.06279754350080843
TOKYOTECH_s05,5,234,12.8,0.4599933326244354,-0.057915335576430124
TOKYOTECH_s05,5,235,12.833333333333334,0.6399806141853333,-0.05243519116834392
TOKYOTECH_s05,5,236,12.866666666666667,0.7849642038345337,-0.05995119658952713
TOKYOTECH_s05,5,237,12.9,0.668118953704834,-0.08519890594006213
TOKYOTECH_s05,5,238,12.933333333333334,0.40273720026016235,-0.12428423713991864
TOKYOTECH_s05,5,239,12.966666666666667,0.09928859025239944,-0.16790933269608904
TOKYOTECH_s05,6,0,6.0,0.007358216214925051,-0.02246903140033286
TOKYOTECH_s05,6,1,6.033333333333333,0.06913784891366959,-1.717857207489093
TOKYOTECH_s05,6,2,6.066666666666666,0.29137712717056274,-3.17148994926693
TOKYOTECH_s05,6,3,6.1,0.4514182507991791,-4.195761877968013
TOKYOTECH_s05,6,4,6.133333333333334,0.3488202691078186,-4.6954671075878
TOKYOTECH_s05,6,5,6.166666666666667,0.1024140864610672,-4.67843764587503
TOKYOTECH_s05,6,6,6.2,-0.23632317781448364,-4.23604233971286
TOKYOTECH_s05,6,7,6.233333333333333,-0.48851728439331055,-3.507087894854247
TOKYOTECH_s05,6,8,6.266666666666667,-0.7297499179840088,-2.6419158839948484
TOKYOTECH_s05,6,9,6.3,-0.9210192561149597,-1.775640447522163
TOKYOTECH_s05,6,10,6.333333333333333,-0.9585607647895813,-1.010670898633132
TOKYOTECH_s05,6,11,6.366666666666666,-1.0247926712036133,-0.40577854164412913
TOKYOTECH_s05,6,12,6.4,-1.0320676565170288,0.02767314166530393
TOKYOTECH_s05,6,13,6.433333333333334,-1.0086843967437744,0.3187082095395066
TOKYOTECH_s05,6,14,6.466666666666667,-1.0406694412231445,0.5183871235830239
TOKYOTECH_s05,6,15,6.5,-1.1068657636642456,0.6762771550231688
TOKYOTECH_s05,6,16,6.533333333333333,-1.1537302732467651,0.8219910437790401
TOKYOTECH_s05,6,17,6.566666666666666,-1.1733914613723755,0.9597170779395672
TOKYOTECH_s05,6,18,6.6,-0.5016158819198608,1.0757831349505698
TOKYOTECH_s05,6,19,6.633333333333334,1.1065512895584106,1.1519234723023912
TOKYOTECH_s05,6,20,6.666666666666667,1.859411597251892,1.1755960453454606
TOKYOTECH_s05,6,21,6.7,1.6222749948501587,1.1429618708268185
TOKYOTECH_s05,6,22,6.733333333333333,1.1797465085983276,1.0559021454470103
TOKYOTECH_s05,6,23,6.766666666666667,0.6118689775466919,0.9177129193549933
TOKYOTECH_s05,6,24,6.8,0.08087402582168579,0.7312680903539605
TOKYOTECH_s05,6,25,6.833333333333333,-0.3771394193172455,0.5005543524907018
TOKYOTECH_s05,6,26,6.866666666666666,-0.41766393184661865,0.23442542602546473
TOKYOTECH_s05,6,27,6.9,-0.10737666487693787,-0.04922873484043781
TOKYOTECH_s05,6,28,6.933333333333334,0.2868892550468445,-0.32077856791403725
TOKYOTECH_s05,6,29,6.966666666666667,0.3139501214027405,-0.5397473859786672
TOKYOTECH_s05,6,30,7.0,0.09885226935148239,-0.6615485802327883
TOKYOTECH_s05,6,31,7.033333333333333,-0.249671071767807,-0.650529267681769
TOKYOTECH_s05,6,32,7.066666666666666,-0.5525052547454834,-0.49551247913296514
TOKYOTECH_s05,6,33,7.1,-0.8149128556251526,-0.22014140588291756
TOKYOTECH_s05,6,34,7.133333333333334,-1.0254337787628174,0.11944781970356011
TOKYOTECH_s05,6,35,7.166666666666667,-1.138254165649414,0.4512576974605344
TOKYOTECH_s05,6,36,7.2,-1.1935513019561768,0.7111392314996763
TOKYOTECH_s05,6,37,7.233333333333333,-1.2256877422332764,0.8614991885694756
TOKYOTECH_s05,6,38,7.266666666666667,-1.1808000802993774,0.8966926541661525
TOKYOTECH_s05,6,39,7.3,-1.1551905870437622,0.8353985540087621
TOKYOTECH_s05,6,40,7.333333333333333,-1.1871401071548462,0.706898719192265
TOKYOTECH_s05,6,41,7.366666666666666,-1.2201491594314575,0.5393768879067563
TOKYOTECH_s05,6,42,7.4,-0.7288416624069214,0.3546044426777118
TOKYOTECH_s05,6,43,7.433333333333334,0.8848730325698853,0.16813363332082978
TOKYOTECH_s05,6,44,7.466666666666667,2.039069414138794,-0.008859421957437923
TOKYOTECH_s05,6,45,7.5,2.074856758117676,-0.16921505001379591
TOKYOTECH_s05,6,46,7.533333333333333,1.6966902017593384,-0.3108703206130562
TOKYOTECH_s05,6,47,7.566666666666666,1.2733064889907837,-0.43697715333583226
TOKYOTECH_s05,6,48,7.6,0.7918028831481934,-0.5534171469492267
TOKYOTECH_s05,6,49,7.633333333333334,0.29319366812705994,-0.6647308471437672
TOKYOTECH_s05,6,50,7.666666666666667,0.05700097605586052,-0.7711866669189632
TOKYOTECH_s05,6,51,7.7,0.07371477782726288,-0.8685529050489769
TOKYOTECH_s05,6,52,7.733333333333333,0.29679998755455017,-0.948918873709481
TOKYOTECH_s05,6,53,7.766666666666667,0.4858698844909668,-0.9998444463705288
TOKYOTECH_s05,6,54,7.8,0.32487598061561584,-1.0024899870011745
TOKYOTECH_s05,6,55,7.833333333333333,0.0592271089553833,-0.9330389417827801
TOKYOTECH_s05,6,56,7.866666666666666,-0.2251034677028656,-0.7707116400289201
TOKYOTECH_s05,6,57,7.9,-0.6009904146194458,-0.510241900207451
TOKYOTECH_s05,6,58,7.933333333333334,-0.8251708745956421,-0.1712010776898371
TOKYOTECH_s05,6,59,7.966666666666667,-0.9521316885948181,0.20337878206556897
TOKYOTECH_s05,6,60,8.0,-1.080285668373108,0.5595443126033646
TOKYOTECH_s05,6,61,8.033333333333333,-1.168440580368042,0.8489780907337282
TOKYOTECH_s05,6,62,8.066666666666666,-1.1562769412994385,1.041116663199756
TOKYOTECH_s05,6,63,8.1,-1.1117275953292847,1.126716199361303
TOKYOTECH_s05,6,64,8.133333333333333,-1.0703660249710083,1.1141680001772025
TOKYOTECH_s05,6,65,8.166666666666666,-1.1054409742355347,1.0227922737630493
TOKYOTECH_s05,6,66,8.2,-1.2556337118148804,0.8766705614511742
TOKYOTECH_s05,6,67,8.233333333333333,-1.093241810798645,0.7000556359958808
TOKYOTECH_s05,6,68,8.266666666666667,0.19031070172786713,0.5136530940573126
TOKYOTECH_s05,6,69,8.3,1.9325801134109497,0.33140154873068245
TOKYOTECH_s05,6,70,8.333333333333334,2.4211983680725098,0.15903313531086008
TOKYOTECH_s05,6,71,8.366666666666667,2.0664687156677246,-0.003989147588506308
TOKYOTECH_s05,6,72,8.4,1.613673210144043,-0.1599555769850943
TOKYOTECH_s05,6,73,8.433333333333334,1.132694959640503,-0.3091360958906137
TOKYOTECH_s05,6,74,8.466666666666667,0.7521064877510071,-0.44963170049806256
TOKYOTECH_s05,6,75,8.5,0.47738388180732727,-0.580445199392242
TOKYOTECH_s05,6,76,8.533333333333333,0.2782696485519409,-0.7038593326444824
TOKYOTECH_s05,6,77,8.566666666666666,0.30978280305862427,-0.8229345660133437
TOKYOTECH_s05,6,78,8.6,0.5564560890197754,-0.9340682515580823
TOKYOTECH_s05,6,79,8.633333333333333,0.5987615585327148,-1.0197563648619639
TOKYOTECH_s05,6,80,8.666666666666666,0.31064653396606445,-1.0484007987411392
TOKYOTECH_s05,6,81,8.7,-0.00848294422030449,-0.984228233478308
TOKYOTECH_s05,6,82,8.733333333333333,-0.2918607294559479,-0.8031628799245892
TOKYOTECH_s05,6,83,8.766666666666667,-0.6046947240829468,-0.5057633413295759
TOKYOTECH_s05,6,84,8.8,-0.77567058801651,-0.12035938842221533
TOKYOTECH_s05,6,85,8.833333333333334,-0.9667529463768005,0.3040686226394886
TOKYOTECH_s05,6,86,8.866666666666667,-1.0018278360366821,0.7102912834738311
TOKYOTECH_s05,6,87,8.9,-1.0961002111434937,1.0446499162388867
TOKYOTECH_s05,6,88,8.933333333333334,-1.0805795192718506,1.2658444946404692
TOKYOTECH_s05,6,89,8.966666666666667,-1.0411858558654785,1.3513725460277088
TOKYOTECH_s05,6,90,9.0,-1.0586477518081665,1.301604440119396
TOKYOTECH_s05,6,91,9.033333333333333,-1.1245501041412354,1.1392578573560876
TOKYOTECH_s05,6,92,9.066666666666666,-1.2320901155471802,0.9022672015161228
TOKYOTECH_s05,6,93,9.1,-1.3472346067428589,0.6314751011407832
TOKYOTECH_s05,6,94,9.133333333333333,-0.778493344783783,0.3587583593035298
TOKYOTECH_s05,6,95,9.166666666666666,0.9850311875343323,0.10190975991631045
TOKYOTECH_s05,6,96,9.2,2.2643630504608154,-0.13198767011455084
TOKYOTECH_s05,6,97,9.233333333333333,2.2487354278564453,-0.33893728214906493
TOKYOTECH_s05,6,98,9.266666666666667,1.838254451751709,-0.5126388230374984
TOKYOTECH_s05,6,99,9.3,1.3973199129104614,-0.6449218144250098
TOKYOTECH_s05,6,100,9.333333333333334,0.9243913292884827,-0.7300815736915468
TOKYOTECH_s05,6,101,9.366666666666667,0.45148059725761414,-0.7681338244659034
TOKYOTECH_s05,6,102,9.4,0.1899189054965973,-0.7642606948196105
TOKYOTECH_s05,6,103,9.433333333333334,0.2272021770477295,-0.7261352911654826
TOKYOTECH_s05,6,104,9.466666666666667,0.41712692379951477,-0.6625454453772288
TOKYOTECH_s05,6,105,9.5,0.5806319117546082,-0.5842890386256009
TOKYOTECH_s05,6,106,9.533333333333333,0.47865721583366394,-0.5041182821891962
TOKYOTECH_s05,6,107,9.566666666666666,0.10686634480953217,-0.43189659847372724
TOKYOTECH_s05,6,108,9.6,-0.18671603500843048,-0.3664121787997065
TOKYOTECH_s05,6,109,9.633333333333333,-0.45309507846832275,-0.29107140821177563
TOKYOTECH_s05,6,110,9.666666666666666,-0.7480131387710571,-0.18025960007521047
TOKYOTECH_s05,6,111,9.7,-0.8960954546928406,-0.015518912080739024
TOKYOTECH_s05,6,112,9.733333333333333,-0.9838585257530212,0.19883694774460292
TOKYOTECH_s05,6,113,9.766666666666667,-1.0225398540496826,0.43286578181961455
TOKYOTECH_s05,6,114,9.8,-1.0903300046920776,0.6433384446068215
TOKYOTECH_s05,6,115,9.833333333333334,-1.065281629562378,0.7921502855665499
TOKYOTECH_s05,6,116,9.866666666666667,-1.100303053855896,0.8592857568605461
TOKYOTECH_s05,6,117,9.9,-1.0821824073791504,0.8450311330292982
TOKYOTECH_s05,6,118,9.933333333333334,-1.1450304985046387,0.7639786763139288
TOKYOTECH_s05,6,119,9.966666666666667,-1.2420988082885742,0.6371453707856117
TOKYOTECH_s05,6,120,10.0,-1.3438153266906738,0.48656062532237737
TOKYOTECH_s05,6,121,10.033333333333333,-0.7222434282302856,0.3323686341119923
TOKYOTECH_s05,6,122,10.066666666666666,0.9681659936904907,0.19029228176818597
TOKYOTECH_s05,6,123,10.1,2.127535820007324,0.0683702568112555
TOKYOTECH_s05,6,124,10.133333333333333,2.070716142654419,-0.035481884894652656
TOKYOTECH_s05,6,125,10.166666666666666,1.5670758485794067,-0.13223927677344033
TOKYOTECH_s05,6,126,10.2,1.099196195602417,-0.23582838905445377
TOKYOTECH_s05,6,127,10.233333333333333,0.6419306993484497,-0.35506735509087933
TOKYOTECH_s05,6,128,10.266666666666667,0.13559237122535706,-0.4884187943147445
TOKYOTECH_s05,6,129,10.3,-0.16841723024845123,-0.6247184002017867
TOKYOTECH_s05,6,130,10.333333333333334,0.06381294131278992,-0.74771973442242
TOKYOTECH_s05,6,131,10.366666666666667,0.4880693256855011,-0.8391844031737138
TOKYOTECH_s05,6,132,10.4,0.5570170879364014,-0.8784502942646262
TOKYOTECH_s05,6,133,10.433333333333334,0.3363361060619354,-0.8421500092053702
TOKYOTECH_s05,6,134,10.466666666666667,0.07263733446598053,-0.7096040116902045
TOKYOTECH_s05,6,135,10.5,-0.24575307965278625,-0.47467950637549683
TOKYOTECH_s05,6,136,10.533333333333333,-0.6001088619232178,-0.15678070497113986
TOKYOTECH_s05,6,137,10.566666666666666,-0.7766233682632446,0.1990476546764635
TOKYOTECH_s05,6,138,10.6,-0.9641082882881165,0.5354379353460136
TOKYOTECH_s05,6,139,10.633333333333333,-1.0272592306137085,0.8018670285900433
TOKYOTECH_s05,6,140,10.666666666666666,-1.0466711521148682,0.9689915694860766
TOKYOTECH_s05,6,141,10.7,-1.0545605421066284,1.0320246724444948
TOKYOTECH_s05,6,142,10.733333333333333,-1.0673563480377197,1.0043013817658464
TOKYOTECH_s05,6,143,10.766666666666667,-1.0911047458648682,0.9070672108518005
TOKYOTECH_s05,6,144,10.8,-1.0704550743103027,0.761435135910399
TOKYOTECH_s05,6,145,10.833333333333334,-0.9070480465888977,0.5849015867652859
TOKYOTECH_s05,6,146,10.866666666666667,0.28937360644340515,0.39118603873284724
TOKYOTECH_s05,6,147,10.9,1.8278361558914185,0.190910580968959
TOKYOTECH_s05,6,148,10.933333333333334,2.13693904876709,-0.008022311936585851
TOKYOTECH_s05,6,149,10.966666666666667,1.7793776988983154,-0.19994201281353993
TOKYOTECH_s05,6,150,11.0,1.2976247072219849,-0.3806384305715577
TOKYOTECH_s05,6,151,11.033333333333333,0.7884992957115173,-0.5470516509656221
TOKYOTECH_s05,6,152,11.066666666666666,0.23963290452957153,-0.6978830728796753
TOKYOTECH_s05,6,153,11.1,-0.17560318112373352,-0.8341340285568898
TOKYOTECH_s05,6,154,11.133333333333333,-0.1076527014374733,-0.9574115778490762
TOKYOTECH_s05,6,155,11.166666666666666,0.2198648452758789,-1.0647302590187475
TOKYOTECH_s05,6,156,11.2,0.38442057371139526,-1.1417727261282968
TOKYOTECH_s05,6,157,11.233333333333333,0.3251342177391052,-1.1597403168457205
TOKYOTECH_s05,6,158,11.266666666666667,0.12138963490724564,-1.0809459943212065
TOKYOTECH_s05,6,159,11.3,-0.2333579659461975,-0.8738285549000692
TOKYOTECH_s05,6,160,11.333333333333334,-0.5728610157966614,-0.5310497043504216
TOKYOTECH_s05,6,161,11.366666666666667,-0.7852696776390076,-0.08032841411081255
TOKYOTECH_s05,6,162,11.4,-1.021141767501831,0.41920714748503346
TOKYOTECH_s05,6,163,11.433333333333334,-1.113935947418213,0.8940345701492917
TOKYOTECH_s05,6,164,11.466666666666667,-1.1886093616485596,1.2776639905908855
TOKYOTECH_s05,6,165,11.5,-1.2314846515655518,1.5259642067595915
TOKYOTECH_s05,6,166,11.533333333333333,-1.1416468620300293,1.6218282158193524
TOKYOTECH_s05,6,167,11.566666666666666,-1.1317806243896484,1.5718377938380172
TOKYOTECH_s05,6,168,11.6,-1.1379603147506714,1.399765525424947
TOKYOTECH_s05,6,169,11.633333333333333,-1.2032573223114014,1.1398054303064313
TOKYOTECH_s05,6,170,11.666666666666666,-0.9333164095878601,0.8302560274304743
TOKYOTECH_s05,6,171,11.7,0.6724732518196106,0.5075190465925352
TOKYOTECH_s05,6,172,11.733333333333333,2.252377510070801,0.20052643625547806
TOKYOTECH_s05,6,173,11.766666666666667,2.416799545288086,-0.073412510191604
TOKYOTECH_s05,6,174,11.8,1.9918575286865234,-0.3096797840200333
TOKYOTECH_s05,6,175,11.833333333333334,1.6057214736938477,-0.5133424710022526
TOKYOTECH_s05,6,176,11.866666666666667,1.2288105487823486,-0.6932180908761707
TOKYOTECH_s05,6,177,11.9,0.8174746036529541,-0.855924403736767
TOKYOTECH_s05,6,178,11.933333333333334,0.4850417673587799,-1.0024344733881516
TOKYOTECH_s05,6,179,11.966666666666667,0.4154261648654938,-1.1273803060355982
TOKYOTECH_s05,6,180,12.0,0.5821011662483215,-1.2191754680686524
TOKYOTECH_s05,6,181,12.033333333333333,0.6973347067832947,-1.2596165523424152
TOKYOTECH_s05,6,182,12.066666666666666,0.5834101438522339,-1.2250452878500737
TOKYOTECH_s05,6,183,12.1,0.3145645260810852,-1.0927132612050339
TOKYOTECH_s05,6,184,12.133333333333333,-0.004716327413916588,-0.852247528819153
TOKYOTECH_s05,6,185,12.166666666666666,-0.26694586873054504,-0.5164310270666975
TOKYOTECH_s05,6,186,12.2,-0.4663539230823517,-0.12354668229939483
TOKYOTECH_s05,6,187,12.233333333333333,-0.6677209734916687,0.2722827875264716
TOKYOTECH_s05,6,188,12.266666666666667,-0.8083057403564453,0.6183137789131744
TOKYOTECH_s05,6,189,12.3,-0.9264153838157654,0.8784013538080994
TOKYOTECH_s05,6,190,12.333333333333334,-0.9777945280075073,1.0390745843202593
TOKYOTECH_s05,6,191,12.366666666666667,-0.8848490715026855,1.1060546748441282
TOKYOTECH_s05,6,192,12.4,-0.7997662425041199,1.095866565046171
TOKYOTECH_s05,6,193,12.433333333333334,-0.8702545166015625,1.0278701682179194
TOKYOTECH_s05,6,194,12.466666666666667,-1.0332341194152832,0.9192326460003888
TOKYOTECH_s05,6,195,12.5,-0.9950693249702454,0.7825251492994576
TOKYOTECH_s05,6,196,12.533333333333333,0.09285061806440353,0.6252527935665565
TOKYOTECH_s05,6,197,12.566666666666666,1.689620018005371,0.4512917386071547
TOKYOTECH_s05,6,198,12.6,2.266446590423584,0.26371770126507726
TOKYOTECH_s05,6,199,12.633333333333333,2.081223487854004,0.06734944397851629
TOKYOTECH_s05,6,200,12.666666666666666,1.6929858922958374,-0.13089963689215
TOKYOTECH_s05,6,201,12.7,1.2948732376098633,-0.32443404337740744
TOKYOTECH_s05,6,202,12.733333333333333,0.9416483044624329,-0.5104184131188086
TOKYOTECH_s05,6,203,12.766666666666667,0.5779605507850647,-0.6908374327513556
TOKYOTECH_s05,6,204,12.8,0.4599933326244354,-0.868359647141817
TOKYOTECH_s05,6,205,12.833333333333334,0.6399806141853333,-1.0376996979567927
TOKYOTECH_s05,6,206,12.866666666666667,0.7849642038345337,-1.1779027787790246
TOKYOTECH_s05,6,207,12.9,0.668118953704834,-1.2525219024175682
TOKYOTECH_s05,6,208,12.933333333333334,0.40273720026016235,-1.2204152707044318
TOKYOTECH_s05,6,209,12.966666666666667,0.09928859025239944,-1.052956251412056
TOKYOTECH_s05,6,210,13.0,-0.14798133075237274,-0.7489879848976969
TOKYOTECH_s05,6,211,13.033333333333333,-0.356863796710968,-0.3396547498830184
TOKYOTECH_s05,6,212,13.066666666666666,-0.5150172114372253,0.11924393433032067
TOKYOTECH_s05,6,213,13.1,-0.634783148765564,0.563152693248232
TOKYOTECH_s05,6,214,13.133333333333333,-0.7420203685760498,0.9352106572374296
TOKYOTECH_s05,6,215,13.166666666666666,-0.7176486849784851,1.1971055043762961
TOKYOTECH_s05,6,216,13.2,-0.6617638468742371,1.3331842839647152
TOKYOTECH_s05,6,217,13.233333333333333,-0.7410587072372437,1.350024099972176
TOKYOTECH_s05,6,218,13.266666666666667,-0.8476548194885254,1.2724629024118188
TOKYOTECH_s05,6,219,13.3,-0.9270030856132507,1.1353254247183309
TOKYOTECH_s05,6,220,13.333333333333334,-0.7603904604911804,0.9719650453254081
TOKYOTECH_s05,6,221,13.366666666666667,0.3631654679775238,0.8039891668045115
TOKYOTECH_s05,6,222,13.4,1.6802968978881836,0.6369486305298434
TOKYOTECH_s05,6,223,13.433333333333334,1.914352536201477,0.46372518303600835
TOKYOTECH_s05,6,224,13.466666666666667,1.5862561464309692,0.2730212849710028
TOKYOTECH_s05,6,225,13.5,1.1836912631988525,0.05784819791217317
TOKYOTECH_s05,6,226,13.533333333333333,0.7410381436347961,-0.17995315042333618
TOKYOTECH_s05,6,227,13.566666666666666,0.27101248502731323,-0.4295206626744474
TOKYOTECH_s05,6,228,13.6,0.029236648231744766,-0.672392651765057
TOKYOTECH_s05,6,229,13.633333333333333,0.16377520561218262,-0.8831847469427919
TOKYOTECH_s05,6,230,13.666666666666666,0.4513826370239258,-1.030931501953666
TOKYOTECH_s05,6,231,13.7,0.5494571328163147,-1.0850394814928164
TOKYOTECH_s05,6,232,13.733333333333333,0.3960053622722626,-1.0271586389078362
TOKYOTECH_s05,6,233,13.766666666666667,0.10015232861042023,-0.8642714284978232
TOKYOTECH_s05,6,234,13.8,-0.14587095379829407,-0.6340933001929958
TOKYOTECH_s05,6,235,13.833333333333334,-0.36088865995407104,-0.39617383208425555
TOKYOTECH_s05,6,236,13.866666666666667,-0.5816052556037903,-0.21085751936810865
TOKYOTECH_s05,6,237,13.9,-0.7458849549293518,-0.11629044987513706
TOKYOTECH_s05,6,238,13.933333333333334,-0.86654132604599,-0.11429916816895042
TOKYOTECH_s05,6,239,13.966666666666667,-0.8991408348083496,-0.17069488555701032
TOKYOTECH_s05,7,0,7.0,0.09885226935148239,0.13825007809173512
TOKYOTECH_s05,7,1,7.033333333333333,-0.249671071767807,-1.3277855141064572
TOKYOTECH_s05,7,2,7.066666666666666,-0.5525052547454834,-2.5162205579608936
TOKYOTECH_s05,7,3,7.1,-0.8149128556251526,-3.2263928305534297
TOKYOTECH_s05,7,4,7.133333333333334,-1.0254337787628174,-3.3918281653837115
TOKYOTECH_s05,7,5,7.166666666666667,-1.138254165649414,-3.0847428290718333
TOKYOTECH_s05,7,6,7.2,-1.1935513019561768,-2.472338920580525
TOKYOTECH_s05,7,7,7.233333333333333,-1.2256877422332764,-1.749768980387786
TOKYOTECH_s05,7,8,7.266666666666667,-1.1808000802993774,-1.0807363632428266
TOKYOTECH_s05,7,9,7.3,-1.1551905870437622,-0.5649897940155827
TOKYOTECH_s05,7,10,7.333333333333333,-1.1871401071548462,-0.23494316917741453
TOKYOTECH_s05,7,11,7.366666666666666,-1.2201491594314575,-0.07157011543688847
TOKYOTECH_s05,7,12,7.4,-0.7288416624069214,-0.026967960916296406
TOKYOTECH_s05,7,13,7.433333333333334,0.8848730325698853,-0.04501392471049798
TOKYOTECH_s05,7,14,7.466666666666667,2.039069414138794,-0.07684119765214895
TOKYOTECH_s05,7,15,7.5,2.074856758117676,-0.09075394231944421
TOKYOTECH_s05,7,16,7.533333333333333,1.6966902017593384,-0.0761890559689867
TOKYOTECH_s05,7,17,7.566666666666666,1.2733064889907837,-0.04104959961238301
TOKYOTECH_s05,7,18,7.6,0.7918028831481934,-0.003509460575607831
TOKYOTECH_s05,7,19,7.633333333333334,0.29319366812705994,0.017990320381528112
TOKYOTECH_s05,7,20,7.666666666666667,0.05700097605586052,0.012043343116718163
TOKYOTECH_s05,7,21,7.7,0.07371477782726288,-0.023216718481348562
TOKYOTECH_s05,7,22,7.733333333333333,0.29679998755455017,-0.08032875901484342
TOKYOTECH_s05,7,23,7.766666666666667,0.4858698844909668,-0.1420738593847001
TOKYOTECH_s05,7,24,7.8,0.32487598061561584,-0.18084034420578196
TOKYOTECH_s05,7,25,7.833333333333333,0.0592271089553833,-0.16218515822541377
TOKYOTECH_s05,7,26,7.866666666666666,-0.2251034677028656,-0.05560412713643603
TOKYOTECH_s05,7,27,7.9,-0.6009904146194458,0.15050496191642077
TOKYOTECH_s05,7,28,7.933333333333334,-0.8251708745956421,0.4383006258492067
TOKYOTECH_s05,7,29,7.966666666666667,-0.9521316885948181,0.7624130580633708
TOKYOTECH_s05,7,30,8.0,-1.080285668373108,1.0644480085160912
TOKYOTECH_s05,7,31,8.033333333333333,-1.168440580368042,1.2919389289607148
TOKYOTECH_s05,7,32,8.066666666666666,-1.1562769412994385,1.4121651219766163
TOKYOTECH_s05,7,33,8.1,-1.1117275953292847,1.4161180502964383
TOKYOTECH_s05,7,34,8.133333333333333,-1.0703660249710083,1.3141918841997253
TOKYOTECH_s05,7,35,8.166666666666666,-1.1054409742355347,1.1286460512100371
TOKYOTECH_s05,7,36,8.2,-1.2556337118148804,0.8870097233590021
TOKYOTECH_s05,7,37,8.233333333333333,-1.093241810798645,0.6175191457773054
TOKYOTECH_s05,7,38,8.266666666666667,0.19031070172786713,0.34560176648691654
TOKYOTECH_s05,7,39,8.3,1.9325801134109497,0.09067073741051657
TOKYOTECH_s05,7,40,8.333333333333334,2.4211983680725098,-0.1358471921046993
TOKYOTECH_s05,7,41,8.366666666666667,2.0664687156677246,-0.32983286447730076
TOKYOTECH_s05,7,42,8.4,1.613673210144043,-0.49170036635176406
TOKYOTECH_s05,7,43,8.433333333333334,1.132694959640503,-0.6241714916557048
TOKYOTECH_s05,7,44,8.466666666666667,0.7521064877510071,-0.7326394862067341
TOKYOTECH_s05,7,45,8.5,0.47738388180732727,-0.8270284240491116
TOKYOTECH_s05,7,46,8.533333333333333,0.2782696485519409,-0.9210464980901673
TOKYOTECH_s05,7,47,8.566666666666666,0.30978280305862427,-1.0254702291015136
TOKYOTECH_s05,7,48,8.6,0.5564560890197754,-1.1373986905136746
TOKYOTECH_s05,7,49,8.633333333333333,0.5987615585327148,-1.2326093850796163
TOKYOTECH_s05,7,50,8.666666666666666,0.31064653396606445,-1.2681065294013298
TOKYOTECH_s05,7,51,8.7,-0.00848294422030449,-1.1964020322122322
TOKYOTECH_s05,7,52,8.733333333333333,-0.2918607294559479,-0.9856644459187979
TOKYOTECH_s05,7,53,8.766666666666667,-0.6046947240829468,-0.6357964501312892
TOKYOTECH_s05,7,54,8.8,-0.77567058801651,-0.18277403851364163
TOKYOTECH_s05,7,55,8.833333333333334,-0.9667529463768005,0.3098706071079863
TOKYOTECH_s05,7,56,8.866666666666667,-1.0018278360366821,0.7673814825285759
TOKYOTECH_s05,7,57,8.9,-1.0961002111434937,1.120984654155456
TOKYOTECH_s05,7,58,8.933333333333334,-1.0805795192718506,1.3218119336383032
TOKYOTECH_s05,7,59,8.966666666666667,-1.0411858558654785,1.3505645131653803
TOKYOTECH_s05,7,60,9.0,-1.0586477518081665,1.2218341709229263
TOKYOTECH_s05,7,61,9.033333333333333,-1.1245501041412354,0.9805100655686982
TOKYOTECH_s05,7,62,9.066666666666666,-1.2320901155471802,0.6886396774087851
TOKYOTECH_s05,7,63,9.1,-1.3472346067428589,0.4056805211535573
TOKYOTECH_s05,7,64,9.133333333333333,-0.778493344783783,0.17066235518550377
TOKYOTECH_s05,7,65,9.166666666666666,0.9850311875343323,-0.0045971187562874865
TOKYOTECH_s05,7,66,9.2,2.2643630504608154,-0.129108341083141
TOKYOTECH_s05,7,67,9.233333333333333,2.2487354278564453,-0.2196739579440376
TOKYOTECH_s05,7,68,9.266666666666667,1.838254451751709,-0.29041631132237095
TOKYOTECH_s05,7,69,9.3,1.3973199129104614,-0.349697854259406
TOKYOTECH_s05,7,70,9.333333333333334,0.9243913292884827,-0.4020860705300107
TOKYOTECH_s05,7,71,9.366666666666667,0.45148059725761414,-0.44973506036132604
TOKYOTECH_s05,7,72,9.4,0.1899189054965973,-0.49113210828110876
TOKYOTECH_s05,7,73,9.433333333333334,0.2272021770477295,-0.5202506605923863
TOKYOTECH_s05,7,74,9.466666666666667,0.41712692379951477,-0.529426184287785
TOKYOTECH_s05,7,75,9.5,0.5806319117546082,-0.5150596501957037
TOKYOTECH_s05,7,76,9.533333333333333,0.47865721583366394,-0.4810914995783562
TOKYOTECH_s05,7,77,9.566666666666666,0.10686634480953217,-0.4356058191503607
TOKYOTECH_s05,7,78,9.6,-0.18671603500843048,-0.3817719023812757
TOKYOTECH_s05,7,79,9.633333333333333,-0.45309507846832275,-0.31056823985649196
TOKYOTECH_s05,7,80,9.666666666666666,-0.7480131387710571,-0.20328065693318972
TOKYOTECH_s05,7,81,9.7,-0.8960954546928406,-0.04486657767520238
TOKYOTECH_s05,7,82,9.733333333333333,-0.9838585257530212,0.1607584511019771
TOKYOTECH_s05,7,83,9.766666666666667,-1.0225398540496826,0.38592550256320823
TOKYOTECH_s05,7,84,9.8,-1.0903300046920776,0.5892646813174109
TOKYOTECH_s05,7,85,9.833333333333334,-1.065281629562378,0.7334963548149908
TOKYOTECH_s05,7,86,9.866666666666667,-1.100303053855896,0.7995479777422894
TOKYOTECH_s05,7,87,9.9,-1.0821824073791504,0.789901771602982
TOKYOTECH_s05,7,88,9.933333333333334,-1.1450304985046387,0.7220679918372049
TOKYOTECH_s05,7,89,9.966666666666667,-1.2420988082885742,0.6185251867333771
TOKYOTECH_s05,7,90,10.0,-1.3438153266906738,0.4989999214715261
TOKYOTECH_s05,7,91,10.033333333333333,-0.7222434282302856,0.3769039574572455
TOKYOTECH_s05,7,92,10.066666666666666,0.9681659936904907,0.25849500337475523
TOKYOTECH_s05,7,93,10.1,2.127535820007324,0.14298516964086957
TOKYOTECH_s05,7,94,10.133333333333333,2.070716142654419,0.023688083116632768
TOKYOTECH_s05,7,95,10.166666666666666,1.5670758485794067,-0.1084821577213882
TOKYOTECH_s05,7,96,10.2,1.099196195602417,-0.25927599858512973
TOKYOTECH_s05,7,97,10.233333333333333,0.6419306993484497,-0.42587592636962024
TOKYOTECH_s05,7,98,10.266666666666667,0.13559237122535706,-0.5958160455790231
TOKYOTECH_s05,7,99,10.3,-0.16841723024845123,-0.7512117626864334
TOKYOTECH_s05,7,100,10.333333333333334,0.06381294131278992,-0.874843189675826
TOKYOTECH_s05,7,101,10.366666666666667,0.4880693256855011,-0.952698782172545
TOKYOTECH_s05,7,102,10.4,0.5570170879364014,-0.9713256284383217
TOKYOTECH_s05,7,103,10.433333333333334,0.3363361060619354,-0.9142909545793517
TOKYOTECH_s05,7,104,10.466666666666667,0.07263733446598053,-0.7644048226979042
TOKYOTECH_s05,7,105,10.5,-0.24575307965278625,-0.5139905839437353
TOKYOTECH_s05,7,106,10.533333333333333,-0.6001088619232178,-0.1769510359459862
TOKYOTECH_s05,7,107,10.566666666666666,-0.7766233682632446,0.2075420176898907
TOKYOTECH_s05,7,108,10.6,-0.9641082882881165,0.5839116049623332
TOKYOTECH_s05,7,109,10.633333333333333,-1.0272592306137085,0.8964647189778505
TOKYOTECH_s05,7,110,10.666666666666666,-1.0466711521148682,1.1043107508018488
TOKYOTECH_s05,7,111,10.7,-1.0545605421066284,1.1889238230144326
TOKYOTECH_s05,7,112,10.733333333333333,-1.0673563480377197,1.1536186512226305
TOKYOTECH_s05,7,113,10.766666666666667,-1.0911047458648682,1.018104083413739
TOKYOTECH_s05,7,114,10.8,-1.0704550743103027,0.8118929063103117
TOKYOTECH_s05,7,115,10.833333333333334,-0.9070480465888977,0.5684383528875705
TOKYOTECH_s05,7,116,10.866666666666667,0.28937360644340515,0.31971354448517586
TOKYOTECH_s05,7,117,10.9,1.8278361558914185,0.09065947627277242
TOKYOTECH_s05,7,118,10.933333333333334,2.13693904876709,-0.10530797108452161
TOKYOTECH_s05,7,119,10.966666666666667,1.7793776988983154,-0.2673727160324774
TOKYOTECH_s05,7,120,11.0,1.2976247072219849,-0.40415085593491673
TOKYOTECH_s05,7,121,11.033333333333333,0.7884992957115173,-0.5280931533753869
TOKYOTECH_s05,7,122,11.066666666666666,0.23963290452957153,-0.6502979373778649
TOKYOTECH_s05,7,123,11.1,-0.17560318112373352,-0.7772512435272879
TOKYOTECH_s05,7,124,11.133333333333333,-0.1076527014374733,-0.9086426243826143
TOKYOTECH_s05,7,125,11.166666666666666,0.2198648452758789,-1.0345999407672533
TOKYOTECH_s05,7,126,11.2,0.38442057371139526,-1.132739482514905
TOKYOTECH_s05,7,127,11.233333333333333,0.3251342177391052,-1.1682382844476373
TOKYOTECH_s05,7,128,11.266666666666667,0.12138963490724564,-1.1005968870859513
TOKYOTECH_s05,7,129,11.3,-0.2333579659461975,-0.8976073678495348
TOKYOTECH_s05,7,130,11.333333333333334,-0.5728610157966614,-0.5517071685101387
TOKYOTECH_s05,7,131,11.366666666666667,-0.7852696776390076,-0.09033265785727758
TOKYOTECH_s05,7,132,11.4,-1.021141767501831,0.4265482503102965
TOKYOTECH_s05,7,133,11.433333333333334,-1.113935947418213,0.9220633933884917
TOKYOTECH_s05,7,134,11.466666666666667,-1.1886093616485596,1.3239192838271705
TOKYOTECH_s05,7,135,11.5,-1.2314846515655518,1.5815454781945044
TOKYOTECH_s05,7,136,11.533333333333333,-1.1416468620300293,1.6731819127817915
TOKYOTECH_s05,7,137,11.566666666666666,-1.1317806243896484,1.6041046014444773
TOKYOTECH_s05,7,138,11.6,-1.1379603147506714,1.400444281871662
TOKYOTECH_s05,7,139,11.633333333333333,-1.2032573223114014,1.1021106321689924
TOKYOTECH_s05,7,140,11.666666666666666,-0.9333164095878601,0.7558817687453562
TOKYOTECH_s05,7,141,11.7,0.6724732518196106,0.40810806051286996
TOKYOTECH_s05,7,142,11.733333333333333,2.252377510070801,0.09677521712005704
TOKYOTECH_s05,7,143,11.766666666666667,2.416799545288086,-0.1556992802934439
TOKYOTECH_s05,7,144,11.8,1.9918575286865234,-0.34620150159911234
TOKYOTECH_s05,7,145,11.833333333333334,1.6057214736938477,-0.48897145671040215
TOKYOTECH_s05,7,146,11.866666666666667,1.2288105487823486,-0.6083309864452529
TOKYOTECH_s05,7,147,11.9,0.8174746036529541,-0.7289561942434253
TOKYOTECH_s05,7,148,11.933333333333334,0.4850417673587799,-0.8669435928510633
TOKYOTECH_s05,7,149,11.966666666666667,0.4154261648654938,-1.023586709925758
TOKYOTECH_s05,7,150,12.0,0.5821011662483215,-1.1824360590889011
TOKYOTECH_s05,7,151,12.033333333333333,0.6973347067832947,-1.3102046506691831
TOKYOTECH_s05,7,152,12.066666666666666,0.5834101438522339,-1.3630610891134831
TOKYOTECH_s05,7,153,12.1,0.3145645260810852,-1.299225829435379
TOKYOTECH_s05,7,154,12.133333333333333,-0.004716327413916588,-1.0951158891039658
TOKYOTECH_s05,7,155,12.166666666666666,-0.26694586873054504,-0.7582621215783065
TOKYOTECH_s05,7,156,12.2,-0.4663539230823517,-0.3297117396454259
TOKYOTECH_s05,7,157,12.233333333333333,-0.6677209734916687,0.12690479816396957
TOKYOTECH_s05,7,158,12.266666666666667,-0.8083057403564453,0.5450691392138537
TOKYOTECH_s05,7,159,12.3,-0.9264153838157654,0.8743126174526923
TOKYOTECH_s05,7,160,12.333333333333334,-0.9777945280075073,1.0903004441848045
TOKYOTECH_s05,7,161,12.366666666666667,-0.8848490715026855,1.193951123979452
TOKYOTECH_s05,7,162,12.4,-0.7997662425041199,1.2033214644858394
TOKYOTECH_s05,7,163,12.433333333333334,-0.8702545166015625,1.1439602935373132
TOKYOTECH_s05,7,164,12.466666666666667,-1.0332341194152832,1.0410856151869892
TOKYOTECH_s05,7,165,12.5,-0.9950693249702454,0.9140697581246395
TOKYOTECH_s05,7,166,12.533333333333333,0.09285061806440353,0.7735449527159699
TOKYOTECH_s05,7,167,12.566666666666666,1.689620018005371,0.6221544207383731
TOKYOTECH_s05,7,168,12.6,2.266446590423584,0.45879202207624914
TOKYOTECH_s05,7,169,12.633333333333333,2.081223487854004,0.2838421876463915
TOKYOTECH_s05,7,170,12.666666666666666,1.6929858922958374,0.10184296156176287
TOKYOTECH_s05,7,171,12.7,1.2948732376098633,-0.08044653491378044
TOKYOTECH_s05,7,172,12.733333333333333,0.9416483044624329,-0.2589421674487227
TOKYOTECH_s05,7,173,12.766666666666667,0.5779605507850647,-0.4354581158886225
TOKYOTECH_s05,7,174,12.8,0.4599933326244354,-0.6149855012495418
TOKYOTECH_s05,7,175,12.833333333333334,0.6399806141853333,-0.7969275592778156
TOKYOTECH_s05,7,176,12.866666666666667,0.7849642038345337,-0.9657665848583334
TOKYOTECH_s05,7,177,12.9,0.668118953704834,-1.0888880051151015
TOKYOTECH_s05,7,178,12.933333333333334,0.40273720026016235,-1.125458883504735
TOKYOTECH_s05,7,179,12.966666666666667,0.09928859025239944,-1.0431775275942556
TOKYOTECH_s05,7,180,13.0,-0.14798133075237274,-0.8344576488219154
TOKYOTECH_s05,7,181,13.033333333333333,-0.356863796710968,-0.5233500924245904
TOKYOTECH_s05,7,182,13.066666666666666,-0.5150172114372253,-0.15939507670995176
TOKYOTECH_s05,7,183,13.1,-0.634783148765564,0.19826533293074874
TOKYOTECH_s05,7,184,13.133333333333333,-0.7420203685760498,0.4981360481257658
TOKYOTECH_s05,7,185,13.166666666666666,-0.7176486849784851,0.7072668230818806
TOKYOTECH_s05,7,186,13.2,-0.6617638468742371,0.8140339202288781
TOKYOTECH_s05,7,187,13.233333333333333,-0.7410587072372437,0.8259443018251887
TOKYOTECH_s05,7,188,13.266666666666667,-0.8476548194885254,0.764854437390983
TOKYOTECH_s05,7,189,13.3,-0.9270030856132507,0.6595007132626199
TOKYOTECH_s05,7,190,13.333333333333334,-0.7603904604911804,0.5360858932108848
TOKYOTECH_s05,7,191,13.366666666666667,0.3631654679775238,0.41037546110885564
TOKYOTECH_s05,7,192,13.4,1.6802968978881836,0.28533529954839426
TOKYOTECH_s05,7,193,13.433333333333334,1.914352536201477,0.15548520433299928
TOKYOTECH_s05,7,194,13.466666666666667,1.5862561464309692,0.014636201136312869
TOKYOTECH_s05,7,195,13.5,1.1836912631988525,-0.138470340882589
TOKYOTECH_s05,7,196,13.533333333333333,0.7410381436347961,-0.299539095743498
TOKYOTECH_s05,7,197,13.566666666666666,0.27101248502731323,-0.4612936691927523
TOKYOTECH_s05,7,198,13.6,0.029236648231744766,-0.6148463136139678
TOKYOTECH_s05,7,199,13.633333333333333,0.16377520561218262,-0.7473259145341047
TOKYOTECH_s05,7,200,13.666666666666666,0.4513826370239258,-0.8382433395852241
TOKYOTECH_s05,7,201,13.7,0.5494571328163147,-0.8602766495763374
TOKYOTECH_s05,7,202,13.733333333333333,0.3960053622722626,-0.7877284846733783
TOKYOTECH_s05,7,203,13.766666666666667,0.10015232861042023,-0.6096005968633154
TOKYOTECH_s05,7,204,13.8,-0.14587095379829407,-0.33913611687985873
TOKYOTECH_s05,7,205,13.833333333333334,-0.36088865995407104,-0.012625995841551952
TOKYOTECH_s05,7,206,13.866666666666667,-0.5816052556037903,0.3223211514277145
TOKYOTECH_s05,7,207,13.9,-0.7458849549293518,0.6214507019963018
TOKYOTECH_s05,7,208,13.933333333333334,-0.86654132604599,0.8530299518167319
TOKYOTECH_s05,7,209,13.966666666666667,-0.8991408348083496,0.998529252185108
TOKYOTECH_s05,7,210,14.0,-0.8542886972427368,1.048663376544768
TOKYOTECH_s05,7,211,14.033333333333333,-0.840103805065155,1.001051397178569
TOKYOTECH_s05,7,212,14.066666666666666,-0.9002628326416016,0.8618006845254003
TOKYOTECH_s05,7,213,14.1,-0.9139935970306396,0.648019033510942
TOKYOTECH_s05,7,214,14.133333333333333,-0.36421895027160645,0.38725318468346187
TOKYOTECH_s05,7,215,14.166666666666666,1.0283071994781494,0.11290153427081502
TOKYOTECH_s05,7,216,14.2,1.9466047286987305,-0.14191755427439712
TOKYOTECH_s05,7,217,14.233333333333333,1.960852026939392,-0.3490062716626787
TOKYOTECH_s05,7,218,14.266666666666667,1.647278904914856,-0.4879550255023893
TOKYOTECH_s05,7,219,14.3,1.2954075336456299,-0.5493772612674136
TOKYOTECH_s05,7,220,14.333333333333334,0.9231001734733582,-0.5393608143145254
TOKYOTECH_s05,7,221,14.366666666666667,0.5573198795318604,-0.482084373303068
TOKYOTECH_s05,7,222,14.4,0.3124808669090271,-0.4150953787526516
TOKYOTECH_s05,7,223,14.433333333333334,0.33066391944885254,-0.37493601801087434
TOKYOTECH_s05,7,224,14.466666666666667,0.514578104019165,-0.37917247640164164
TOKYOTECH_s05,7,225,14.5,0.5290746688842773,-0.4163769353752158
TOKYOTECH_s05,7,226,14.533333333333333,0.34426113963127136,-0.45156175748488436
TOKYOTECH_s05,7,227,14.566666666666666,0.09043748676776886,-0.4442455330959517
TOKYOTECH_s05,7,228,14.6,-0.20544226467609406,-0.36798515315092367
TOKYOTECH_s05,7,229,14.633333333333333,-0.4714205861091614,-0.22012045397909147
TOKYOTECH_s05,7,230,14.666666666666666,-0.68252032995224,-0.018789376045415123
TOKYOTECH_s05,7,231,14.7,-0.8075132369995117,0.2068480240962544
TOKYOTECH_s05,7,232,14.733333333333333,-0.8196501135826111,0.4253492844297352
TOKYOTECH_s05,7,233,14.766666666666667,-0.8059549331665039,0.6072342185156219
TOKYOTECH_s05,7,234,14.8,-0.8307807445526123,0.7265701622022221
TOKYOTECH_s05,7,235,14.833333333333334,-0.8511276245117188,0.7634757035744076
TOKYOTECH_s05,7,236,14.866666666666667,-0.8943056464195251,0.7084056197570326
TOKYOTECH_s05,7,237,14.9,-0.9982215762138367,0.565770470162474
TOKYOTECH_s05,7,238,14.933333333333334,-1.0124598741531372,0.3543576534525206
TOKYOTECH_s05,7,239,14.966666666666667,-0.29836103320121765,0.10419951675106706
TOKYOTECH_s05,8,0,8.0,-1.080285668373108,0.13999289118133337
TOKYOTECH_s05,8,1,8.033333333333333,-1.168440580368042,-0.8997221574951438
TOKYOTECH_s05,8,2,8.066666666666666,-1.1562769412994385,-1.7731986263870998
TOKYOTECH_s05,8,3,8.1,-1.1117275953292847,-2.3540747601040772
TOKYOTECH_s05,8,4,8.133333333333333,-1.0703660249710083,-2.5906925902139113
TOKYOTECH_s05,8,5,8.166666666666666,-1.1054409742355347,-2.5124372407384685
TOKYOTECH_s05,8,6,8.2,-1.2556337118148804,-2.209487560128569
TOKYOTECH_s05,8,7,8.233333333333333,-1.093241810798645,-1.7970345925463154
TOKYOTECH_s05,8,8,8.266666666666667,0.19031070172786713,-1.3803925805632908
TOKYOTECH_s05,8,9,8.3,1.9325801134109497,-1.032721311931863
TOKYOTECH_s05,8,10,8.333333333333334,2.4211983680725098,-0.7876804736181018
TOKYOTECH_s05,8,11,8.366666666666667,2.0664687156677246,-0.6427800079613234
TOKYOTECH_s05,8,12,8.4,1.613673210144043,-0.5692326809904233
TOKYOTECH_s05,8,13,8.433333333333334,1.132694959640503,-0.526534656063234
TOKYOTECH_s05,8,14,8.466666666666667,0.7521064877510071,-0.47942276805266737
TOKYOTECH_s05,8,15,8.5,0.47738388180732727,-0.4119319852954881
TOKYOTECH_s05,8,16,8.533333333333333,0.2782696485519409,-0.3318973440952893
TOKYOTECH_s05,8,17,8.566666666666666,0.30978280305862427,-0.2622828383762782
TOKYOTECH_s05,8,18,8.6,0.5564560890197754,-0.22283627979824577
TOKYOTECH_s05,8,19,8.633333333333333,0.5987615585327148,-0.21224129396352473
TOKYOTECH_s05,8,20,8.666666666666666,0.31064653396606445,-0.20200956689227456
TOKYOTECH_s05,8,21,8.7,-0.00848294422030449,-0.14698692928413634
TOKYOTECH_s05,8,22,8.733333333333333,-0.2918607294559479,-0.006720402746754565
TOKYOTECH_s05,8,23,8.766666666666667,-0.6046947240829468,0.2348746840633472
TOKYOTECH_s05,8,24,8.8,-0.77567058801651,0.5615718306141494
TOKYOTECH_s05,8,25,8.833333333333334,-0.9667529463768005,0.9302901767216906
TOKYOTECH_s05,8,26,8.866666666666667,-1.0018278360366821,1.2845843994757724
TOKYOTECH_s05,8,27,8.9,-1.0961002111434937,1.5690448787697
TOKYOTECH_s05,8,28,8.933333333333334,-1.0805795192718506,1.7405665604656608
TOKYOTECH_s05,8,29,8.966666666666667,-1.0411858558654785,1.7759790321015076
TOKYOTECH_s05,8,30,9.0,-1.0586477518081665,1.6759295198429967
TOKYOTECH_s05,8,31,9.033333333333333,-1.1245501041412354,1.4636273490880862
TOKYOTECH_s05,8,32,9.066666666666666,-1.2320901155471802,1.1773310133508952
TOKYOTECH_s05,8,33,9.1,-1.3472346067428589,0.8582805743344726
TOKYOTECH_s05,8,34,9.133333333333333,-0.778493344783783,0.5393482304729907
TOKYOTECH_s05,8,35,9.166666666666666,0.9850311875343323,0.24006913562479393
TOKYOTECH_s05,8,36,9.2,2.2643630504608154,-0.03078450275329451
TOKYOTECH_s05,8,37,9.233333333333333,2.2487354278564453,-0.26926954722961155
TOKYOTECH_s05,8,38,9.266666666666667,1.838254451751709,-0.4724482823376075
TOKYOTECH_s05,8,39,9.3,1.3973199129104614,-0.6388442031769346
TOKYOTECH_s05,8,40,9.333333333333334,0.9243913292884827,-0.7705861839155713
TOKYOTECH_s05,8,41,9.366666666666667,0.45148059725761414,-0.8730473250665285
TOKYOTECH_s05,8,42,9.4,0.1899189054965973,-0.9511637698839052
TOKYOTECH_s05,8,43,9.433333333333334,0.2272021770477295,-1.0058721845675587
TOKYOTECH_s05,8,44,9.466666666666667,0.41712692379951477,-1.0343792123213138
TOKYOTECH_s05,8,45,9.5,0.5806319117546082,-1.0341605249234354
TOKYOTECH_s05,8,46,9.533333333333333,0.47865721583366394,-1.0062488419263196
TOKYOTECH_s05,8,47,9.566666666666666,0.10686634480953217,-0.9531822288204135
TOKYOTECH_s05,8,48,9.6,-0.18671603500843048,-0.8723329059154007
TOKYOTECH_s05,8,49,9.633333333333333,-0.45309507846832275,-0.7512268663774168
TOKYOTECH_s05,8,50,9.666666666666666,-0.7480131387710571,-0.5717995943418357
TOKYOTECH_s05,8,51,9.7,-0.8960954546928406,-0.3239293732751407
TOKYOTECH_s05,8,52,9.733333333333333,-0.9838585257530212,-0.019448993339136453
TOKYOTECH_s05,8,53,9.766666666666667,-1.0225398540496826,0.30490197401971497
TOKYOTECH_s05,8,54,9.8,-1.0903300046920776,0.5991457665895417
TOKYOTECH_s05,8,55,9.833333333333334,-1.065281629562378,0.8189495988648635
TOKYOTECH_s05,8,56,9.866666666666667,-1.100303053855896,0.9403210412371549
TOKYOTECH_s05,8,57,9.9,-1.0821824073791504,0.9632302265560372
TOKYOTECH_s05,8,58,9.933333333333334,-1.1450304985046387,0.9054750070834962
TOKYOTECH_s05,8,59,9.966666666666667,-1.2420988082885742,0.793290884681277
TOKYOTECH_s05,8,60,10.0,-1.3438153266906738,0.6538803345289371
TOKYOTECH_s05,8,61,10.033333333333333,-0.7222434282302856,0.5105945987780719
TOKYOTECH_s05,8,62,10.066666666666666,0.9681659936904907,0.3791505833617419
TOKYOTECH_s05,8,63,10.1,2.127535820007324,0.26431701829229004
TOKYOTECH_s05,8,64,10.133333333333333,2.070716142654419,0.1589688062081086
TOKYOTECH_s05,8,65,10.166666666666666,1.5670758485794067,0.04798600248891492
TOKYOTECH_s05,8,66,10.2,1.099196195602417,-0.08338894514178298
TOKYOTECH_s05,8,67,10.233333333333333,0.6419306993484497,-0.24089442780674022
TOKYOTECH_s05,8,68,10.266666666666667,0.13559237122535706,-0.41743297014184794
TOKYOTECH_s05,8,69,10.3,-0.16841723024845123,-0.595995091349168
TOKYOTECH_s05,8,70,10.333333333333334,0.06381294131278992,-0.7558155664178628
TOKYOTECH_s05,8,71,10.366666666666667,0.4880693256855011,-0.8760261514574063
TOKYOTECH_s05,8,72,10.4,0.5570170879364014,-0.9349916096821926
TOKYOTECH_s05,8,73,10.433333333333334,0.3363361060619354,-0.9094158605138607
TOKYOTECH_s05,8,74,10.466666666666667,0.07263733446598053,-0.7789935739437258
TOKYOTECH_s05,8,75,10.5,-0.24575307965278625,-0.5376387674817714
TOKYOTECH_s05,8,76,10.533333333333333,-0.6001088619232178,-0.2044610308358424
TOKYOTECH_s05,8,77,10.566666666666666,-0.7766233682632446,0.17514681700402573
TOKYOTECH_s05,8,78,10.6,-0.9641082882881165,0.5413438369645148
TOKYOTECH_s05,8,79,10.633333333333333,-1.0272592306137085,0.8382861019188651
TOKYOTECH_s05,8,80,10.666666666666666,-1.0466711521148682,1.0294532439817823
TOKYOTECH_s05,8,81,10.7,-1.0545605421066284,1.1035537926582872
TOKYOTECH_s05,8,82,10.733333333333333,-1.0673563480377197,1.0709022506770993
TOKYOTECH_s05,8,83,10.766666666666667,-1.0911047458648682,0.9547434136054718
TOKYOTECH_s05,8,84,10.8,-1.0704550743103027,0.7825824775535846
TOKYOTECH_s05,8,85,10.833333333333334,-0.9070480465888977,0.580184865216883
TOKYOTECH_s05,8,86,10.866666666666667,0.28937360644340515,0.3682052810129824
TOKYOTECH_s05,8,87,10.9,1.8278361558914185,0.1604004396268669
TOKYOTECH_s05,8,88,10.933333333333334,2.13693904876709,-0.03674089759191843
TOKYOTECH_s05,8,89,10.966666666666667,1.7793776988983154,-0.2223650541831161
TOKYOTECH_s05,8,90,11.0,1.2976247072219849,-0.3979996969657466
TOKYOTECH_s05,8,91,11.033333333333333,0.7884992957115173,-0.5645135778325977
TOKYOTECH_s05,8,92,11.066666666666666,0.23963290452957153,-0.7210664166959941
TOKYOTECH_s05,8,93,11.1,-0.17560318112373352,-0.8659232062543256
TOKYOTECH_s05,8,94,11.133333333333333,-0.1076527014374733,-0.9967070806592
TOKYOTECH_s05,8,95,11.166666666666666,0.2198648452758789,-1.1075709615563085
TOKYOTECH_s05,8,96,11.2,0.38442057371139526,-1.1839171370041135
TOKYOTECH_s05,8,97,11.233333333333333,0.3251342177391052,-1.1990242153610562
TOKYOTECH_s05,8,98,11.266666666666667,0.12138963490724564,-1.1177032992183955
TOKYOTECH_s05,8,99,11.3,-0.2333579659461975,-0.9086869251900613
TOKYOTECH_s05,8,100,11.333333333333334,-0.5728610157966614,-0.5615089107316077
TOKYOTECH_s05,8,101,11.366666666666667,-0.7852696776390076,-0.09914393779575029
TOKYOTECH_s05,8,102,11.4,-1.021141767501831,0.4217407419736973
TOKYOTECH_s05,8,103,11.433333333333334,-1.113935947418213,0.9248354477699582
TOKYOTECH_s05,8,104,11.466666666666667,-1.1886093616485596,1.335926843281079
TOKYOTECH_s05,8,105,11.5,-1.2314846515655518,1.6016101698863823
TOKYOTECH_s05,8,106,11.533333333333333,-1.1416468620300293,1.6981672401992993
TOKYOTECH_s05,8,107,11.566666666666666,-1.1317806243896484,1.6308461115753663
TOKYOTECH_s05,8,108,11.6,-1.1379603147506714,1.4274928810455332
TOKYOTECH_s05,8,109,11.633333333333333,-1.2032573223114014,1.1301667155592374
TOKYOTECH_s05,8,110,11.666666666666666,-0.9333164095878601,0.7865510519457368
TOKYOTECH_s05,8,111,11.7,0.6724732518196106,0.4416256899752546
TOKYOTECH_s05,8,112,11.733333333333333,2.252377510070801,0.13001420545129222
TOKYOTECH_s05,8,113,11.766666666666667,2.416799545288086,-0.129652701980525
TOKYOTECH_s05,8,114,11.8,1.9918575286865234,-0.33628827682198764
TOKYOTECH_s05,8,115,11.833333333333334,1.6057214736938477,-0.5025868364549689
TOKYOTECH_s05,8,116,11.866666666666667,1.2288105487823486,-0.6472449052283741
TOKYOTECH_s05,8,117,11.9,0.8174746036529541,-0.7865682383526126
TOKYOTECH_s05,8,118,11.933333333333334,0.4850417673587799,-0.9285593830814926
TOKYOTECH_s05,8,119,11.966666666666667,0.4154261648654938,-1.0703196302940594
TOKYOTECH_s05,8,120,12.0,0.5821011662483215,-1.1974850432006656
TOKYOTECH_s05,8,121,12.033333333333333,0.6973347067832947,-1.28473376623173
TOKYOTECH_s05,8,122,12.066666666666666,0.5834101438522339,-1.2990604905074226
TOKYOTECH_s05,8,123,12.1,0.3145645260810852,-1.2084912868493332
TOKYOTECH_s05,8,124,12.133333333333333,-0.004716327413916588,-0.9953632907868412
TOKYOTECH_s05,8,125,12.166666666666666,-0.26694586873054504,-0.6682174662454647
TOKYOTECH_s05,8,126,12.2,-0.4663539230823517,-0.26471797718080914
TOKYOTECH_s05,8,127,12.233333333333333,-0.6677209734916687,0.15800772340753202
TOKYOTECH_s05,8,128,12.266666666666667,-0.8083057403564453,0.5415787127068851
TOKYOTECH_s05,8,129,12.3,-0.9264153838157654,0.8436568837536
TOKYOTECH_s05,8,130,12.333333333333334,-0.9777945280075073,1.0461286487169088
TOKYOTECH_s05,8,131,12.366666666666667,-0.8848490715026855,1.1522835879811175
TOKYOTECH_s05,8,132,12.4,-0.7997662425041199,1.1774835078922703
TOKYOTECH_s05,8,133,12.433333333333334,-0.8702545166015625,1.1399664179380586
TOKYOTECH_s05,8,134,12.466666666666667,-1.0332341194152832,1.0555025128090934
TOKYOTECH_s05,8,135,12.5,-0.9950693249702454,0.9356154700761771
TOKYOTECH_s05,8,136,12.533333333333333,0.09285061806440353,0.7879088140217003
TOKYOTECH_s05,8,137,12.566666666666666,1.689620018005371,0.617738797695828
TOKYOTECH_s05,8,138,12.6,2.266446590423584,0.4305565533092623
TOKYOTECH_s05,8,139,12.633333333333333,2.081223487854004,0.23360567926617412
TOKYOTECH_s05,8,140,12.666666666666666,1.6929858922958374,0.03550867210012994
TOKYOTECH_s05,8,141,12.7,1.2948732376098633,-0.15660878974710696
TOKYOTECH_s05,8,142,12.733333333333333,0.9416483044624329,-0.3406824249519425
TOKYOTECH_s05,8,143,12.766666666666667,0.5779605507850647,-0.5205712912431545
TOKYOTECH_s05,8,144,12.8,0.4599933326244354,-0.701435721443496
TOKYOTECH_s05,8,145,12.833333333333334,0.6399806141853333,-0.8804009450618948
TOKYOTECH_s05,8,146,12.866666666666667,0.7849642038345337,-1.0381194078893912
TOKYOTECH_s05,8,147,12.9,0.668118953704834,-1.1385557451360082
TOKYOTECH_s05,8,148,12.933333333333334,0.40273720026016235,-1.14013222239986
TOKYOTECH_s05,8,149,12.966666666666667,0.09928859025239944,-1.0140887045132376
TOKYOTECH_s05,8,150,13.0,-0.14798133075237274,-0.7606879174457096
TOKYOTECH_s05,8,151,13.033333333333333,-0.356863796710968,-0.41412684210847783
TOKYOTECH_s05,8,152,13.066666666666666,-0.5150172114372253,-0.03286709852186955
TOKYOTECH_s05,8,153,13.1,-0.634783148765564,0.3198406071379352
TOKYOTECH_s05,8,154,13.133333333333333,-0.7420203685760498,0.5951367728060194
TOKYOTECH_s05,8,155,13.166666666666666,-0.7176486849784851,0.768610971534954
TOKYOTECH_s05,8,156,13.2,-0.6617638468742371,0.8396467491936537
TOKYOTECH_s05,8,157,13.233333333333333,-0.7410587072372437,0.8247620004761903
TOKYOTECH_s05,8,158,13.266666666666667,-0.8476548194885254,0.749629728317919
TOKYOTECH_s05,8,159,13.3,-0.9270030856132507,0.6413100492775703
TOKYOTECH_s05,8,160,13.333333333333334,-0.7603904604911804,0.5211805902643479
TOKYOTECH_s05,8,161,13.366666666666667,0.3631654679775238,0.40013795818534303
TOKYOTECH_s05,8,162,13.4,1.6802968978881836,0.2781895915760972
TOKYOTECH_s05,8,163,13.433333333333334,1.914352536201477,0.14895158415700166
TOKYOTECH_s05,8,164,13.466666666666667,1.5862561464309692,0.006417436581860373
TOKYOTECH_s05,8,165,13.5,1.1836912631988525,-0.15030036720777332
TOKYOTECH_s05,8,166,13.533333333333333,0.7410381436347961,-0.3165604987301357
TOKYOTECH_s05,8,167,13.566666666666666,0.27101248502731323,-0.484468368564003
TOKYOTECH_s05,8,168,13.6,0.029236648231744766,-0.6437906107342668
TOKYOTECH_s05,8,169,13.633333333333333,0.16377520561218262,-0.7791227006203908
TOKYOTECH_s05,8,170,13.666666666666666,0.4513826370239258,-0.8659402108115557
TOKYOTECH_s05,8,171,13.7,0.5494571328163147,-0.8716643418736153
TOKYOTECH_s05,8,172,13.733333333333333,0.3960053622722626,-0.7656578251625015
TOKYOTECH_s05,8,173,13.766666666666667,0.10015232861042023,-0.5352626743743197
TOKYOTECH_s05,8,174,13.8,-0.14587095379829407,-0.19861308649906123
TOKYOTECH_s05,8,175,13.833333333333334,-0.36088865995407104,0.19509196970935375
TOKYOTECH_s05,8,176,13.866666666666667,-0.5816052556037903,0.579395790490546
TOKYOTECH_s05,8,177,13.9,-0.7458849549293518,0.890973683193196
TOKYOTECH_s05,8,178,13.933333333333334,-0.86654132604599,1.0862408555020515
TOKYOTECH_s05,8,179,13.966666666666667,-0.8991408348083496,1.1478889634880465
TOKYOTECH_s05,8,180,14.0,-0.8542886972427368,1.0820019723402308
TOKYOTECH_s05,8,181,14.033333333333333,-0.840103805065155,0.9108876818968276
TOKYOTECH_s05,8,182,14.066666666666666,-0.9002628326416016,0.6660721173169136
TOKYOTECH_s05,8,183,14.1,-0.9139935970306396,0.38263542352920993
TOKYOTECH_s05,8,184,14.133333333333333,-0.36421895027160645,0.09421643744845236
TOKYOTECH_s05,8,185,14.166666666666666,1.0283071994781494,-0.17139516948624728
TOKYOTECH_s05,8,186,14.2,1.9466047286987305,-0.39468753575393994
TOKYOTECH_s05,8,187,14.233333333333333,1.960852026939392,-0.563779760984905
TOKYOTECH_s05,8,188,14.266666666666667,1.647278904914856,-0.6723627363765392
TOKYOTECH_s05,8,189,14.3,1.2954075336456299,-0.7196622643293586
TOKYOTECH_s05,8,190,14.333333333333334,0.9231001734733582,-0.7135856235608828
TOKYOTECH_s05,8,191,14.366666666666667,0.5573198795318604,-0.673675091038409
TOKYOTECH_s05,8,192,14.4,0.3124808669090271,-0.6280605907954391
TOKYOTECH_s05,8,193,14.433333333333334,0.33066391944885254,-0.6018569152504237
TOKYOTECH_s05,8,194,14.466666666666667,0.514578104019165,-0.6024082520723525
TOKYOTECH_s05,8,195,14.5,0.5290746688842773,-0.6119439452476542
TOKYOTECH_s05,8,196,14.533333333333333,0.34426113963127136,-0.594479177151788
TOKYOTECH_s05,8,197,14.566666666666666,0.09043748676776886,-0.5139755067746675
TOKYOTECH_s05,8,198,14.6,-0.20544226467609406,-0.3525704820873352
TOKYOTECH_s05,8,199,14.633333333333333,-0.4714205861091614,-0.11775451565568117
TOKYOTECH_s05,8,200,14.666666666666666,-0.68252032995224,0.1637369664641298
TOKYOTECH_s05,8,201,14.7,-0.8075132369995117,0.45814507744098487
TOKYOTECH_s05,8,202,14.733333333333333,-0.8196501135826111,0.7341277073952112
TOKYOTECH_s05,8,203,14.766666666666667,-0.8059549331665039,0.9657114774496404
TOKYOTECH_s05,8,204,14.8,-0.8307807445526123,1.1313227621735489
TOKYOTECH_s05,8,205,14.833333333333334,-0.8511276245117188,1.213770557889278
TOKYOTECH_s05,8,206,14.866666666666667,-0.8943056464195251,1.2031418811725718
TOKYOTECH_s05,8,207,14.9,-0.9982215762138367,1.1004356468479828
TOKYOTECH_s05,8,208,14.933333333333334,-1.0124598741531372,0.9187667760620951
TOKYOTECH_s05,8,209,14.966666666666667,-0.29836103320121765,0.6809134678447016
TOKYOTECH_s05,8,210,15.0,1.2237616777420044,0.4143388523506232
TOKYOTECH_s05,8,211,15.033333333333333,2.1060848236083984,0.14592650813647692
TOKYOTECH_s05,8,212,15.066666666666666,2.1077589988708496,-0.10188961432079773
TOKYOTECH_s05,8,213,15.1,1.8155745267868042,-0.31344288667523496
TOKYOTECH_s05,8,214,15.133333333333333,1.4543712139129639,-0.4815398590083273
TOKYOTECH_s05,8,215,15.166666666666666,1.136719822883606,-0.6087887125195424
TOKYOTECH_s05,8,216,15.2,0.821935772895813,-0.7066765853069146
TOKYOTECH_s05,8,217,15.233333333333333,0.5759837627410889,-0.7902177765269008
TOKYOTECH_s05,8,218,15.266666666666667,0.4934387505054474,-0.8693185216597243
TOKYOTECH_s05,8,219,15.3,0.612554669380188,-0.9417511039006875
TOKYOTECH_s05,8,220,15.333333333333334,0.6172295212745667,-0.9926919305009766
TOKYOTECH_s05,8,221,15.366666666666667,0.44595977663993835,-1.0017087497961434
TOKYOTECH_s05,8,222,15.4,0.19576919078826904,-0.9527337062000929
TOKYOTECH_s05,8,223,15.433333333333334,-0.11884570121765137,-0.8404180906731357
TOKYOTECH_s05,8,224,15.466666666666667,-0.3677184283733368,-0.6695954753345132
TOKYOTECH_s05,8,225,15.5,-0.5482845306396484,-0.45039387539262704
TOKYOTECH_s05,8,226,15.533333333333333,-0.6897240877151489,-0.19481268300217588
TOKYOTECH_s05,8,227,15.566666666666666,-0.7469801902770996,0.08171342425840328
TOKYOTECH_s05,8,228,15.6,-0.7479953169822693,0.3565652780158695
TOKYOTECH_s05,8,229,15.633333333333333,-0.7655016183853149,0.6003004500227185
TOKYOTECH_s05,8,230,15.666666666666666,-0.8082522749900818,0.78364013981187
TOKYOTECH_s05,8,231,15.7,-0.8533003330230713,0.8872730417537975
TOKYOTECH_s05,8,232,15.733333333333333,-0.9967523217201233,0.9084533311676225
TOKYOTECH_s05,8,233,15.766666666666667,-1.1274441480636597,0.8608399586677873
TOKYOTECH_s05,8,234,15.8,-1.0711497068405151,0.768158711203586
TOKYOTECH_s05,8,235,15.833333333333334,-0.15412545204162598,0.6553312417448569
TOKYOTECH_s05,8,236,15.866666666666667,1.4036420583724976,0.5412390527014732
TOKYOTECH_s05,8,237,15.9,2.0422394275665283,0.4355007948886617
TOKYOTECH_s05,8,238,15.933333333333334,1.886605978012085,0.3390328731591261
TOKYOTECH_s05,8,239,15.966666666666667,1.561038613319397,0.2466617676080227
TOKYOTECH_s05,9,0,9.0,-1.0586477518081665,0.13548853975221006
TOKYOTECH_s05,9,1,9.033333333333333,-1.1245501041412354,-1.3104090887952546
TOKYOTECH_s05,9,2,9.066666666666666,-1.2320901155471802,-2.5219434807699996
TOKYOTECH_s05,9,3,9.1,-1.3472346067428589,-3.3243259982086335
TOKYOTECH_s05,9,4,9.133333333333333,-0.778493344783783,-3.6523949265710542
TOKYOTECH_s05,9,5,9.166666666666666,0.9850311875343323,-3.5553673720596866
TOKYOTECH_s05,9,6,9.2,2.2643630504608154,-3.1619864428953544
TOKYOTECH_s05,9,7,9.233333333333333,2.2487354278564453,-2.6262869881701936
TOKYOTECH_s05,9,8,9.266666666666667,1.838254451751709,-2.080151299513889
TOKYOTECH_s05,9,9,9.3,1.3973199129104614,-1.6086275400067684
TOKYOTECH_s05,9,10,9.333333333333334,0.9243913292884827,-1.2479484067980056
TOKYOTECH_s05,9,11,9.366666666666667,0.45148059725761414,-0.9960184581962472
TOKYOTECH_s05,9,12,9.4,0.1899189054965973,-0.8261279184179691
TOKYOTECH_s05,9,13,9.433333333333334,0.2272021770477295,-0.7006788927157905
TOKYOTECH_s05,9,14,9.466666666666667,0.41712692379951477,-0.5843760664578218
TOKYOTECH_s05,9,15,9.5,0.5806319117546082,-0.45473787105520524
TOKYOTECH_s05,9,16,9.533333333333333,0.47865721583366394,-0.3058275896506853
TOKYOTECH_s05,9,17,9.566666666666666,0.10686634480953217,-0.14268123576297187
TOKYOTECH_s05,9,18,9.6,-0.18671603500843048,0.030354884151003212
TOKYOTECH_s05,9,19,9.633333333333333,-0.45309507846832275,0.218828163517707
TOKYOTECH_s05,9,20,9.666666666666666,-0.7480131387710571,0.4367801737102767
TOKYOTECH_s05,9,21,9.7,-0.8960954546928406,0.6939899602167757
TOKYOTECH_s05,9,22,9.733333333333333,-0.9838585257530212,0.9811155580577945
TOKYOTECH_s05,9,23,9.766666666666667,-1.0225398540496826,1.2653224035590123
TOKYOTECH_s05,9,24,9.8,-1.0903300046920776,1.5009683714430921
TOKYOTECH_s05,9,25,9.833333333333334,-1.065281629562378,1.6483070705425342
TOKYOTECH_s05,9,26,9.866666666666667,-1.100303053855896,1.6883535031196666
TOKYOTECH_s05,9,27,9.9,-1.0821824073791504,1.6262051783435838
TOKYOTECH_s05,9,28,9.933333333333334,-1.1450304985046387,1.4837410731421927
TOKYOTECH_s05,9,29,9.966666666666667,-1.2420988082885742,1.2886765609251094
TOKYOTECH_s05,9,30,10.0,-1.3438153266906738,1.0662522768224343
TOKYOTECH_s05,9,31,10.033333333333333,-0.7222434282302856,0.8352534987565151
TOKYOTECH_s05,9,32,10.066666666666666,0.9681659936904907,0.6067573554128832
TOKYOTECH_s05,9,33,10.1,2.127535820007324,0.3838878179669007
TOKYOTECH_s05,9,34,10.133333333333333,2.070716142654419,0.16274375453626325
TOKYOTECH_s05,9,35,10.166666666666666,1.5670758485794067,-0.06422196814401815
TOKYOTECH_s05,9,36,10.2,1.099196195602417,-0.30250303862589145
TOKYOTECH_s05,9,37,10.233333333333333,0.6419306993484497,-0.5501438360997085
TOKYOTECH_s05,9,38,10.266666666666667,0.13559237122535706,-0.7961003598770635
TOKYOTECH_s05,9,39,10.3,-0.16841723024845123,-1.0233753714465492
TOKYOTECH_s05,9,40,10.333333333333334,0.06381294131278992,-1.2135751311873895
TOKYOTECH_s05,9,41,10.366666666666667,0.4880693256855011,-1.348076983129868
TOKYOTECH_s05,9,42,10.4,0.5570170879364014,-1.4052110652825733
TOKYOTECH_s05,9,43,10.433333333333334,0.3363361060619354,-1.3586094627839846
TOKYOTECH_s05,9,44,10.466666666666667,0.07263733446598053,-1.1830985385441137
TOKYOTECH_s05,9,45,10.5,-0.24575307965278625,-0.8690427843281734
TOKYOTECH_s05,9,46,10.533333333333333,-0.6001088619232178,-0.437287288245609
TOKYOTECH_s05,9,47,10.566666666666666,-0.7766233682632446,0.05682873610825467
TOKYOTECH_s05,9,48,10.6,-0.9641082882881165,0.5356019834557871
TOKYOTECH_s05,9,49,10.633333333333333,-1.0272592306137085,0.9219114921097913
TOKYOTECH_s05,9,50,10.666666666666666,-1.0466711521148682,1.1616552157713527
TOKYOTECH_s05,9,51,10.7,-1.0545605421066284,1.2358926668901336
TOKYOTECH_s05,9,52,10.733333333333333,-1.0673563480377197,1.159683548766072
TOKYOTECH_s05,9,53,10.766666666666667,-1.0911047458648682,0.9714479129865576
TOKYOTECH_s05,9,54,10.8,-1.0704550743103027,0.7193224290854213
TOKYOTECH_s05,9,55,10.833333333333334,-0.9070480465888977,0.44939506975637816
TOKYOTECH_s05,9,56,10.866666666666667,0.28937360644340515,0.19751336228943536
TOKYOTECH_s05,9,57,10.9,1.8278361558914185,-0.015530098094135778
TOKYOTECH_s05,9,58,10.933333333333334,2.13693904876709,-0.1852431813884753
TOKYOTECH_s05,9,59,10.966666666666667,1.7793776988983154,-0.3204380261359887
TOKYOTECH_s05,9,60,11.0,1.2976247072219849,-0.43676243695559386
TOKYOTECH_s05,9,61,11.033333333333333,0.7884992957115173,-0.5494965087607003
TOKYOTECH_s05,9,62,11.066666666666666,0.23963290452957153,-0.6685239666989349
TOKYOTECH_s05,9,63,11.1,-0.17560318112373352,-0.796442516267562
TOKYOTECH_s05,9,64,11.133333333333333,-0.1076527014374733,-0.9282225019478967
TOKYOTECH_s05,9,65,11.166666666666666,0.2198648452758789,-1.050083159597653
TOKYOTECH_s05,9,66,11.2,0.38442057371139526,-1.137444587798127
TOKYOTECH_s05,9,67,11.233333333333333,0.3251342177391052,-1.1550079855117845
TOKYOTECH_s05,9,68,11.266666666666667,0.12138963490724564,-1.0631061824338415
TOKYOTECH_s05,9,69,11.3,-0.2333579659461975,-0.8315282355240162
TOKYOTECH_s05,9,70,11.333333333333334,-0.5728610157966614,-0.45609795249577495
TOKYOTECH_s05,9,71,11.366666666666667,-0.7852696776390076,0.030979099149853632
TOKYOTECH_s05,9,72,11.4,-1.021141767501831,0.5644192872714042
TOKYOTECH_s05,9,73,11.433333333333334,-1.113935947418213,1.0631533908817121
TOKYOTECH_s05,9,74,11.466666666666667,-1.1886093616485596,1.4536626576623448
TOKYOTECH_s05,9,75,11.5,-1.2314846515655518,1.6882265332739566
TOKYOTECH_s05,9,76,11.533333333333333,-1.1416468620300293,1.7516203011565308
TOKYOTECH_s05,9,77,11.566666666666666,-1.1317806243896484,1.6573375515005784
TOKYOTECH_s05,9,78,11.6,-1.1379603147506714,1.4384494585766077
TOKYOTECH_s05,9,79,11.633333333333333,-1.2032573223114014,1.137784727913274
TOKYOTECH_s05,9,80,11.666666666666666,-0.9333164095878601,0.7996263997507291
TOKYOTECH_s05,9,81,11.7,0.6724732518196106,0.4630170773460426
TOKYOTECH_s05,9,82,11.733333333333333,2.252377510070801,0.15635409604748723
TOKYOTECH_s05,9,83,11.766666666666667,2.416799545288086,-0.10617505792723689
TOKYOTECH_s05,9,84,11.8,1.9918575286865234,-0.3249879637910501
TOKYOTECH_s05,9,85,11.833333333333334,1.6057214736938477,-0.5114886160371569
TOKYOTECH_s05,9,86,11.866666666666667,1.2288105487823486,-0.6813984350865696
TOKYOTECH_s05,9,87,11.9,0.8174746036529541,-0.847613317020582
TOKYOTECH_s05,9,88,11.933333333333334,0.4850417673587799,-1.0150541556525625
TOKYOTECH_s05,9,89,11.966666666666667,0.4154261648654938,-1.1782131114284788
TOKYOTECH_s05,9,90,12.0,0.5821011662483215,-1.3202574867707744
TOKYOTECH_s05,9,91,12.033333333333333,0.6973347067832947,-1.4130369761744468
TOKYOTECH_s05,9,92,12.066666666666666,0.5834101438522339,-1.4202403311138099
TOKYOTECH_s05,9,93,12.1,0.3145645260810852,-1.306901954932954
TOKYOTECH_s05,9,94,12.133333333333333,-0.004716327413916588,-1.0543493188298285
TOKYOTECH_s05,9,95,12.166666666666666,-0.26694586873054504,-0.6738822020013947
TOKYOTECH_s05,9,96,12.2,-0.4663539230823517,-0.2105197963511199
TOKYOTECH_s05,9,97,12.233333333333333,-0.6677209734916687,0.2675705810381943
TOKYOTECH_s05,9,98,12.266666666666667,-0.8083057403564453,0.6899438995634022
TOKYOTECH_s05,9,99,12.3,-0.9264153838157654,1.0047374984189719
TOKYOTECH_s05,9,100,12.333333333333334,-0.9777945280075073,1.1899620258590293
TOKYOTECH_s05,9,101,12.366666666666667,-0.8848490715026855,1.2520684291403248
TOKYOTECH_s05,9,102,12.4,-0.7997662425041199,1.2156965168547607
TOKYOTECH_s05,9,103,12.433333333333334,-0.8702545166015625,1.1116090347100689
TOKYOTECH_s05,9,104,12.466666666666667,-1.0332341194152832,0.9676721881561297
TOKYOTECH_s05,9,105,12.5,-0.9950693249702454,0.8040329965643984
TOKYOTECH_s05,9,106,12.533333333333333,0.09285061806440353,0.6321297976981215
TOKYOTECH_s05,9,107,12.566666666666666,1.689620018005371,0.45698259318465756
TOKYOTECH_s05,9,108,12.6,2.266446590423584,0.28127139895868436
TOKYOTECH_s05,9,109,12.633333333333333,2.081223487854004,0.10868387522850025
TOKYOTECH_s05,9,110,12.666666666666666,1.6929858922958374,-0.05558474251643221
TOKYOTECH_s05,9,111,12.7,1.2948732376098633,-0.20742092083160274
TOKYOTECH_s05,9,112,12.733333333333333,0.9416483044624329,-0.3474064111407173
TOKYOTECH_s05,9,113,12.766666666666667,0.5779605507850647,-0.48198535308342744
TOKYOTECH_s05,9,114,12.8,0.4599933326244354,-0.61937577035157
TOKYOTECH_s05,9,115,12.833333333333334,0.6399806141853333,-0.7606806970710015
TOKYOTECH_s05,9,116,12.866666666666667,0.7849642038345337,-0.8911665790868933
TOKYOTECH_s05,9,117,12.9,0.668118953704834,-0.9786562855097932
TOKYOTECH_s05,9,118,12.933333333333334,0.40273720026016235,-0.9828031830870311
TOKYOTECH_s05,9,119,12.966666666666667,0.09928859025239944,-0.8724478749981653
TOKYOTECH_s05,9,120,13.0,-0.14798133075237274,-0.642567024998479
TOKYOTECH_s05,9,121,13.033333333333333,-0.356863796710968,-0.3213663022067292
TOKYOTECH_s05,9,122,13.066666666666666,-0.5150172114372253,0.036964218012989894
TOKYOTECH_s05,9,123,13.1,-0.634783148765564,0.37029798319341084
TOKYOTECH_s05,9,124,13.133333333333333,-0.7420203685760498,0.6278581936462957
TOKYOTECH_s05,9,125,13.166666666666666,-0.7176486849784851,0.781613564351945
TOKYOTECH_s05,9,126,13.2,-0.6617638468742371,0.8274903599162718
TOKYOTECH_s05,9,127,13.233333333333333,-0.7410587072372437,0.7804278029012256
TOKYOTECH_s05,9,128,13.266666666666667,-0.8476548194885254,0.6674543845198411
TOKYOTECH_s05,9,129,13.3,-0.9270030856132507,0.5200268283271121
TOKYOTECH_s05,9,130,13.333333333333334,-0.7603904604911804,0.36607427401528847
TOKYOTECH_s05,9,131,13.366666666666667,0.3631654679775238,0.22349275322548356
TOKYOTECH_s05,9,132,13.4,1.6802968978881836,0.09757108852845829
TOKYOTECH_s05,9,133,13.433333333333334,1.914352536201477,-0.016494814591005366
TOKYOTECH_s05,9,134,13.466666666666667,1.5862561464309692,-0.12771378226943655
TOKYOTECH_s05,9,135,13.5,1.1836912631988525,-0.24365759334280704
TOKYOTECH_s05,9,136,13.533333333333333,0.7410381436347961,-0.36765124833377627
TOKYOTECH_s05,9,137,13.566666666666666,0.27101248502731323,-0.4983292809130331
TOKYOTECH_s05,9,138,13.6,0.029236648231744766,-0.6287449823228096
TOKYOTECH_s05,9,139,13.633333333333333,0.16377520561218262,-0.7432635220614061
TOKYOTECH_s05,9,140,13.666666666666666,0.4513826370239258,-0.8147711139937986
TOKYOTECH_s05,9,141,13.7,0.5494571328163147,-0.8076836093792901
TOKYOTECH_s05,9,142,13.733333333333333,0.3960053622722626,-0.689731230758089
TOKYOTECH_s05,9,143,13.766666666666667,0.10015232861042023,-0.44878019678270825
TOKYOTECH_s05,9,144,13.8,-0.14587095379829407,-0.10507184374137236
TOKYOTECH_s05,9,145,13.833333333333334,-0.36088865995407104,0.29007023327990833
TOKYOTECH_s05,9,146,13.866666666666667,-0.5816052556037903,0.6696500563453189
TOKYOTECH_s05,9,147,13.9,-0.7458849549293518,0.9720137938023243
TOKYOTECH_s05,9,148,13.933333333333334,-0.86654132604599,1.1566829042317914
TOKYOTECH_s05,9,149,13.966666666666667,-0.8991408348083496,1.2091728113512186
TOKYOTECH_s05,9,150,14.0,-0.8542886972427368,1.1364980832710219
TOKYOTECH_s05,9,151,14.033333333333333,-0.840103805065155,0.9594720667553713
TOKYOTECH_s05,9,152,14.066666666666666,-0.9002628326416016,0.7065123651298107
TOKYOTECH_s05,9,153,14.1,-0.9139935970306396,0.40963369828879
TOKYOTECH_s05,9,154,14.133333333333333,-0.36421895027160645,0.10115432408408073
TOKYOTECH_s05,9,155,14.166666666666666,1.0283071994781494,-0.18971880286315224
TOKYOTECH_s05,9,156,14.2,1.9466047286987305,-0.43959061875918404
TOKYOTECH_s05,9,157,14.233333333333333,1.960852026939392,-0.6317386981785498
TOKYOTECH_s05,9,158,14.266666666666667,1.647278904914856,-0.7558643419551837
TOKYOTECH_s05,9,159,14.3,1.2954075336456299,-0.8090156122768258
TOKYOTECH_s05,9,160,14.333333333333334,0.9231001734733582,-0.7986620676326764
TOKYOTECH_s05,9,161,14.366666666666667,0.5573198795318604,-0.7453012311180706
TOKYOTECH_s05,9,162,14.4,0.3124808669090271,-0.679278157016326
TOKYOTECH_s05,9,163,14.433333333333334,0.33066391944885254,-0.6289232511586581
TOKYOTECH_s05,9,164,14.466666666666667,0.514578104019165,-0.6048647330457138
TOKYOTECH_s05,9,165,14.5,0.5290746688842773,-0.591179075235551
TOKYOTECH_s05,9,166,14.533333333333333,0.34426113963127136,-0.5512114543189
TOKYOTECH_s05,9,167,14.566666666666666,0.09043748676776886,-0.446284528941443
TOKYOTECH_s05,9,168,14.6,-0.20544226467609406,-0.2563583276745843
TOKYOTECH_s05,9,169,14.633333333333333,-0.4714205861091614,0.009653544862585375
TOKYOTECH_s05,9,170,14.666666666666666,-0.68252032995224,0.31813818857340753
TOKYOTECH_s05,9,171,14.7,-0.8075132369995117,0.624063704561283
TOKYOTECH_s05,9,172,14.733333333333333,-0.8196501135826111,0.8845391136172078
TOKYOTECH_s05,9,173,14.766666666666667,-0.8059549331665039,1.0672026850483596
TOKYOTECH_s05,9,174,14.8,-0.8307807445526123,1.15307800625119
TOKYOTECH_s05,9,175,14.833333333333334,-0.8511276245117188,1.1365515427936599
TOKYOTECH_s05,9,176,14.866666666666667,-0.8943056464195251,1.0247011461011228
TOKYOTECH_s05,9,177,14.9,-0.9982215762138367,0.8360470937439186
TOKYOTECH_s05,9,178,14.933333333333334,-1.0124598741531372,0.5975238417391705
TOKYOTECH_s05,9,179,14.966666666666667,-0.29836103320121765,0.3391616289195801
TOKYOTECH_s05,9,180,15.0,1.2237616777420044,0.08789650905192677
TOKYOTECH_s05,9,181,15.033333333333333,2.1060848236083984,-0.13695423341537039
TOKYOTECH_s05,9,182,15.066666666666666,2.1077589988708496,-0.3250647901403876
TOKYOTECH_s05,9,183,15.1,1.8155745267868042,-0.47398044187560817
TOKYOTECH_s05,9,184,15.133333333333333,1.4543712139129639,-0.587368465239411
TOKYOTECH_s05,9,185,15.166666666666666,1.136719822883606,-0.6736355565936447
TOKYOTECH_s05,9,186,15.2,0.821935772895813,-0.7437380005683046
TOKYOTECH_s05,9,187,15.233333333333333,0.5759837627410889,-0.8064470973712993
TOKYOTECH_s05,9,188,15.266666666666667,0.4934387505054474,-0.8619652722556786
TOKYOTECH_s05,9,189,15.3,0.612554669380188,-0.897978002526527
TOKYOTECH_s05,9,190,15.333333333333334,0.6172295212745667,-0.8923515943356476
TOKYOTECH_s05,9,191,15.366666666666667,0.44595977663993835,-0.822860970504545
TOKYOTECH_s05,9,192,15.4,0.19576919078826904,-0.6788747914201122
TOKYOTECH_s05,9,193,15.433333333333334,-0.11884570121765137,-0.46755963315967297
TOKYOTECH_s05,9,194,15.466666666666667,-0.3677184283733368,-0.210703255977215
TOKYOTECH_s05,9,195,15.5,-0.5482845306396484,0.06503981836802225
TOKYOTECH_s05,9,196,15.533333333333333,-0.6897240877151489,0.33711482263581394
TOKYOTECH_s05,9,197,15.566666666666666,-0.7469801902770996,0.5893291663295497
TOKYOTECH_s05,9,198,15.6,-0.7479953169822693,0.8082013202971522
TOKYOTECH_s05,9,199,15.633333333333333,-0.7655016183853149,0.9793792557737283
TOKYOTECH_s05,9,200,15.666666666666666,-0.8082522749900818,1.0885226251616889
TOKYOTECH_s05,9,201,15.7,-0.8533003330230713,1.1257922104449152
TOKYOTECH_s05,9,202,15.733333333333333,-0.9967523217201233,1.089969692468304
TOKYOTECH_s05,9,203,15.766666666666667,-1.1274441480636597,0.9889699461085912
TOKYOTECH_s05,9,204,15.8,-1.0711497068405151,0.8365865779473213
TOKYOTECH_s05,9,205,15.833333333333334,-0.15412545204162598,0.6480789372839512
TOKYOTECH_s05,9,206,15.866666666666667,1.4036420583724976,0.43758226235818143
TOKYOTECH_s05,9,207,15.9,2.0422394275665283,0.21821415725296767
TOKYOTECH_s05,9,208,15.933333333333334,1.886605978012085,0.0029594180802652937
TOKYOTECH_s05,9,209,15.966666666666667,1.561038613319397,-0.1962113026961148
TOKYOTECH_s05,9,210,16.0,1.2284365892410278,-0.37101321094554746
TOKYOTECH_s05,9,211,16.033333333333335,0.9167156219482422,-0.5187052974832632
TOKYOTECH_s05,9,212,16.066666666666666,0.6284492611885071,-0.6409486136837963
TOKYOTECH_s05,9,213,16.1,0.41703787446022034,-0.7402593359661885
TOKYOTECH_s05,9,214,16.133333333333333,0.4554876387119293,-0.8169576692930614
TOKYOTECH_s05,9,215,16.166666666666668,0.5868205428123474,-0.8689355887991829
TOKYOTECH_s05,9,216,16.2,0.5500715374946594,-0.8932818283207101
TOKYOTECH_s05,9,217,16.233333333333334,0.34452828764915466,-0.8866811213552336
TOKYOTECH_s05,9,218,16.266666666666666,0.06775765120983124,-0.8434959149135286
TOKYOTECH_s05,9,219,16.3,-0.25130951404571533,-0.754323753981392
TOKYOTECH_s05,9,220,16.333333333333332,-0.53310227394104,-0.6092422973119856
TOKYOTECH_s05,9,221,16.366666666666667,-0.7272388935089111,-0.4063675749167906
TOKYOTECH_s05,9,222,16.4,-0.8325972557067871,-0.1598359151696681
TOKYOTECH_s05,9,223,16.433333333333334,-0.8853299021720886,0.10055128809231229
TOKYOTECH_s05,9,224,16.466666666666665,-0.8865498304367065,0.3390630094196665
TOKYOTECH_s05,9,225,16.5,-0.8679126501083374,0.526279472792193
TOKYOTECH_s05,9,226,16.533333333333335,-0.9160505533218384,0.6462258138517404
TOKYOTECH_s05,9,227,16.566666666666666,-1.0038670301437378,0.6958579994322406
TOKYOTECH_s05,9,228,16.6,-1.1198217868804932,0.6795285104754839
TOKYOTECH_s05,9,229,16.633333333333333,-1.2270145416259766,0.6033390030711301
TOKYOTECH_s05,9,230,16.666666666666668,-1.254591941833496,0.47332529352989317
TOKYOTECH_s05,9,231,16.7,-0.9213665723800659,0.29830890075663263
TOKYOTECH_s05,9,232,16.733333333333334,0.4680786430835724,0.09488649815820215
TOKYOTECH_s05,9,233,16.766666666666666,1.7387819290161133,-0.10971132600656516
TOKYOTECH_s05,9,234,16.8,1.901565670967102,-0.280259559313155
TOKYOTECH_s05,9,235,16.833333333333332,1.5579041242599487,-0.3818988298370592
TOKYOTECH_s05,9,236,16.866666666666667,1.1736112833023071,-0.3908041007401821
TOKYOTECH_s05,9,237,16.9,0.8325945138931274,-0.3022090917887103
TOKYOTECH_s05,9,238,16.933333333333334,0.46367979049682617,-0.1325846172493981
TOKYOTECH_s05,9,239,16.966666666666665,0.20242977142333984,0.08408270223223219
TOKYOTECH_s05,10,0,10.0,-1.3438153266906738,-0.08786688140119325
TOKYOTECH_s05,10,1,10.033333333333333,-0.7222434282302856,-1.5238961251278487
TOKYOTECH_s05,10,2,10.066666666666666,0.9681659936904907,-2.7210663751608393
TOKYOTECH_s05,10,3,10.1,2.127535820007324,-3.5052776120388858
TOKYOTECH_s05,10,4,10.133333333333333,2.070716142654419,-3.8102838166635773
TOKYOTECH_s05,10,5,10.166666666666666,1.5670758485794067,-3.685030425309376
TOKYOTECH_s05,10,6,10.2,1.099196195602417,-3.2620019971146985
TOKYOTECH_s05,10,7,10.233333333333333,0.6419306993484497,-2.703709161663073
TOKYOTECH_s05,10,8,10.266666666666667,0.13559237122535706,-2.152126257325075
TOKYOTECH_s05,10,9,10.3,-0.16841723024845123,-1.6985381647968585
TOKYOTECH_s05,10,10,10.333333333333334,0.06381294131278992,-1.3764983595001736
TOKYOTECH_s05,10,11,10.366666666666667,0.4880693256855011,-1.1698214346763933
TOKYOTECH_s05,10,12,10.4,0.5570170879364014,-1.027223359240309
TOKYOTECH_s05,10,13,10.433333333333334,0.3363361060619354,-0.8805458465873944
TOKYOTECH_s05,10,14,10.466666666666667,0.07263733446598053,-0.6661807654683356
TOKYOTECH_s05,10,15,10.5,-0.24575307965278625,-0.34672247475217916
TOKYOTECH_s05,10,16,10.533333333333333,-0.6001088619232178,0.07478458070590742
TOKYOTECH_s05,10,17,10.566666666666666,-0.7766233682632446,0.5557357904233614
TOKYOTECH_s05,10,18,10.6,-0.9641082882881165,1.0302451895868654
TOKYOTECH_s05,10,19,10.633333333333333,-1.0272592306137085,1.4322361927152865
TOKYOTECH_s05,10,20,10.666666666666666,-1.0466711521148682,1.7142455419676563
TOKYOTECH_s05,10,21,10.7,-1.0545605421066284,1.8552511417075994
TOKYOTECH_s05,10,22,10.733333333333333,-1.0673563480377197,1.85801452264059
TOKYOTECH_s05,10,23,10.766666666666667,-1.0911047458648682,1.741447731430347
TOKYOTECH_s05,10,24,10.8,-1.0704550743103027,1.5335700787204183
TOKYOTECH_s05,10,25,10.833333333333334,-0.9070480465888977,1.2670331390166287
TOKYOTECH_s05,10,26,10.866666666666667,0.28937360644340515,0.9755368604551696
TOKYOTECH_s05,10,27,10.9,1.8278361558914185,0.6888991525758386
TOKYOTECH_s05,10,28,10.933333333333334,2.13693904876709,0.42741078399717247
TOKYOTECH_s05,10,29,10.966666666666667,1.7793776988983154,0.198669745679164
TOKYOTECH_s05,10,30,11.0,1.2976247072219849,-0.00096535716397338
TOKYOTECH_s05,10,31,11.033333333333333,0.7884992957115173,-0.1814082018843239
TOKYOTECH_s05,10,32,11.066666666666666,0.23963290452957153,-0.3535115268180666
TOKYOTECH_s05,10,33,11.1,-0.17560318112373352,-0.5255725630052498
TOKYOTECH_s05,10,34,11.133333333333333,-0.1076527014374733,-0.7008851956248201
TOKYOTECH_s05,10,35,11.166666666666666,0.2198648452758789,-0.8741286851728688
TOKYOTECH_s05,10,36,11.2,0.38442057371139526,-1.0268064483894688
TOKYOTECH_s05,10,37,11.233333333333333,0.3251342177391052,-1.1255996059508897
TOKYOTECH_s05,10,38,11.266666666666667,0.12138963490724564,-1.1282815478987236
TOKYOTECH_s05,10,39,11.3,-0.2333579659461975,-0.9982277174399635
TOKYOTECH_s05,10,40,11.333333333333334,-0.5728610157966614,-0.7223585178268634
TOKYOTECH_s05,10,41,11.366666666666667,-0.7852696776390076,-0.32318067410714607
TOKYOTECH_s05,10,42,11.4,-1.021141767501831,0.1427464169396848
TOKYOTECH_s05,10,43,11.433333333333334,-1.113935947418213,0.6004934895901258
TOKYOTECH_s05,10,44,11.466666666666667,-1.1886093616485596,0.9788764174798532
TOKYOTECH_s05,10,45,11.5,-1.2314846515655518,1.2281001278407355
TOKYOTECH_s05,10,46,11.533333333333333,-1.1416468620300293,1.326705683318597
TOKYOTECH_s05,10,47,11.566666666666666,-1.1317806243896484,1.2790829692150452
TOKYOTECH_s05,10,48,11.6,-1.1379603147506714,1.1086299966124717
TOKYOTECH_s05,10,49,11.633333333333333,-1.2032573223114014,0.8507028743435646
TOKYOTECH_s05,10,50,11.666666666666666,-0.9333164095878601,0.5464140548087353
TOKYOTECH_s05,10,51,11.7,0.6724732518196106,0.2362507897783628
TOKYOTECH_s05,10,52,11.733333333333333,2.252377510070801,-0.046932064649270334
TOKYOTECH_s05,10,53,11.766666666666667,2.416799545288086,-0.28389483098155177
TOKYOTECH_s05,10,54,11.8,1.9918575286865234,-0.47111815006056557
TOKYOTECH_s05,10,55,11.833333333333334,1.6057214736938477,-0.6174485755498029
TOKYOTECH_s05,10,56,11.866666666666667,1.2288105487823486,-0.7369580794330663
TOKYOTECH_s05,10,57,11.9,0.8174746036529541,-0.8419494228469939
TOKYOTECH_s05,10,58,11.933333333333334,0.4850417673587799,-0.9389764241763192
TOKYOTECH_s05,10,59,11.966666666666667,0.4154261648654938,-1.0276052070125525
TOKYOTECH_s05,10,60,12.0,0.5821011662483215,-1.099508602045556
TOKYOTECH_s05,10,61,12.033333333333333,0.6973347067832947,-1.1368286038907218
TOKYOTECH_s05,10,62,12.066666666666666,0.5834101438522339,-1.1127711558052387
TOKYOTECH_s05,10,63,12.1,0.3145645260810852,-0.9987886603676399
TOKYOTECH_s05,10,64,12.133333333333333,-0.004716327413916588,-0.7780575461530285
TOKYOTECH_s05,10,65,12.166666666666666,-0.26694586873054504,-0.45851746277752675
TOKYOTECH_s05,10,66,12.2,-0.4663539230823517,-0.07682777100975774
TOKYOTECH_s05,10,67,12.233333333333333,-0.6677209734916687,0.3108758130466675
TOKYOTECH_s05,10,68,12.266666666666667,-0.8083057403564453,0.6474018530384641
TOKYOTECH_s05,10,69,12.3,-0.9264153838157654,0.892398926426432
TOKYOTECH_s05,10,70,12.333333333333334,-0.9777945280075073,1.0311963964811415
TOKYOTECH_s05,10,71,12.366666666666667,-0.8848490715026855,1.0724847990008217
TOKYOTECH_s05,10,72,12.4,-0.7997662425041199,1.039321228106792
TOKYOTECH_s05,10,73,12.433333333333334,-0.8702545166015625,0.9598989798717092
TOKYOTECH_s05,10,74,12.466666666666667,-1.0332341194152832,0.86096392293482
TOKYOTECH_s05,10,75,12.5,-0.9950693249702454,0.7628085995313372
TOKYOTECH_s05,10,76,12.533333333333333,0.09285061806440353,0.6750375692871902
TOKYOTECH_s05,10,77,12.566666666666666,1.689620018005371,0.5947022733900679
TOKYOTECH_s05,10,78,12.6,2.266446590423584,0.5088206483846477
TOKYOTECH_s05,10,79,12.633333333333333,2.081223487854004,0.40102797040704263
TOKYOTECH_s05,10,80,12.666666666666666,1.6929858922958374,0.25913232005162457
TOKYOTECH_s05,10,81,12.7,1.2948732376098633,0.07944421277941835
TOKYOTECH_s05,10,82,12.733333333333333,0.9416483044624329,-0.13378898422569344
TOKYOTECH_s05,10,83,12.766666666666667,0.5779605507850647,-0.3715847793345657
TOKYOTECH_s05,10,84,12.8,0.4599933326244354,-0.6216761215511438
TOKYOTECH_s05,10,85,12.833333333333334,0.6399806141853333,-0.8657436956958601
TOKYOTECH_s05,10,86,12.866666666666667,0.7849642038345337,-1.075075433484345
TOKYOTECH_s05,10,87,12.9,0.668118953704834,-1.2107678165480253
TOKYOTECH_s05,10,88,12.933333333333334,0.40273720026016235,-1.2324889307619191
TOKYOTECH_s05,10,89,12.966666666666667,0.09928859025239944,-1.1137512464781052
TOKYOTECH_s05,10,90,13.0,-0.14798133075237274,-0.8561807516123286
TOKYOTECH_s05,10,91,13.033333333333333,-0.356863796710968,-0.4943381343154134
TOKYOTECH_s05,10,92,13.066666666666666,-0.5150172114372253,-0.08734639197431976
TOKYOTECH_s05,10,93,13.1,-0.634783148765564,0.2989736657491222
TOKYOTECH_s05,10,94,13.133333333333333,-0.7420203685760498,0.6104194213128438
TOKYOTECH_s05,10,95,13.166666666666666,-0.7176486849784851,0.8149813583883282
TOKYOTECH_s05,10,96,13.2,-0.6617638468742371,0.9041420981433058
TOKYOTECH_s05,10,97,13.233333333333333,-0.7410587072372437,0.8890012612677526
TOKYOTECH_s05,10,98,13.266666666666667,-0.8476548194885254,0.794702652873298
TOKYOTECH_s05,10,99,13.3,-0.9270030856132507,0.6534011712406956
TOKYOTECH_s05,10,100,13.333333333333334,-0.7603904604911804,0.495664526271017
TOKYOTECH_s05,10,101,13.366666666666667,0.3631654679775238,0.34240483012002837
TOKYOTECH_s05,10,102,13.4,1.6802968978881836,0.20087081224521974
TOKYOTECH_s05,10,103,13.433333333333334,1.914352536201477,0.06686152589400671
TOKYOTECH_s05,10,104,13.466666666666667,1.5862561464309692,-0.06840357464105253
TOKYOTECH_s05,10,105,13.5,1.1836912631988525,-0.21125358768144023
TOKYOTECH_s05,10,106,13.533333333333333,0.7410381436347961,-0.3622228101416952
TOKYOTECH_s05,10,107,13.566666666666666,0.27101248502731323,-0.5165744352700051
TOKYOTECH_s05,10,108,13.6,0.029236648231744766,-0.6652541515665571
TOKYOTECH_s05,10,109,13.633333333333333,0.16377520561218262,-0.7930475953242887
TOKYOTECH_s05,10,110,13.666666666666666,0.4513826370239258,-0.8754143805653034
TOKYOTECH_s05,10,111,13.7,0.5494571328163147,-0.8796310884818294
TOKYOTECH_s05,10,112,13.733333333333333,0.3960053622722626,-0.7744145707777592
TOKYOTECH_s05,10,113,13.766666666666667,0.10015232861042023,-0.5457018891580581
TOKYOTECH_s05,10,114,13.8,-0.14587095379829407,-0.20967864136535735
TOKYOTECH_s05,10,115,13.833333333333334,-0.36088865995407104,0.18630931400609796
TOKYOTECH_s05,10,116,13.866666666666667,-0.5816052556037903,0.5768026909211728
TOKYOTECH_s05,10,117,13.9,-0.7458849549293518,0.8980840861421696
TOKYOTECH_s05,10,118,13.933333333333334,-0.86654132604599,1.104751438626067
TOKYOTECH_s05,10,119,13.966666666666667,-0.8991408348083496,1.1768327256082882
TOKYOTECH_s05,10,120,14.0,-0.8542886972427368,1.1179707141570265
TOKYOTECH_s05,10,121,14.033333333333333,-0.840103805065155,0.9494595819645855
TOKYOTECH_s05,10,122,14.066666666666666,-0.9002628326416016,0.7040719780528185
TOKYOTECH_s05,10,123,14.1,-0.9139935970306396,0.4202926634566618
TOKYOTECH_s05,10,124,14.133333333333333,-0.36421895027160645,0.13588496767695232
TOKYOTECH_s05,10,125,14.166666666666666,1.0283071994781494,-0.11901961428388035
TOKYOTECH_s05,10,126,14.2,1.9466047286987305,-0.32659798244757665
TOKYOTECH_s05,10,127,14.233333333333333,1.960852026939392,-0.48094342935250567
TOKYOTECH_s05,10,128,14.266666666666667,1.647278904914856,-0.583519446847501
TOKYOTECH_s05,10,129,14.3,1.2954075336456299,-0.6390583714920922
TOKYOTECH_s05,10,130,14.333333333333334,0.9231001734733582,-0.6557007364933413
TOKYOTECH_s05,10,131,14.366666666666667,0.5573198795318604,-0.648167184741802
TOKYOTECH_s05,10,132,14.4,0.3124808669090271,-0.6378175650117173
TOKYOTECH_s05,10,133,14.433333333333334,0.33066391944885254,-0.644440195960418
TOKYOTECH_s05,10,134,14.466666666666667,0.514578104019165,-0.6726909916335729
TOKYOTECH_s05,10,135,14.5,0.5290746688842773,-0.7032992716934674
TOKYOTECH_s05,10,136,14.533333333333333,0.34426113963127136,-0.6975473696639256
TOKYOTECH_s05,10,137,14.566666666666666,0.09043748676776886,-0.6144828750801576
TOKYOTECH_s05,10,138,14.6,-0.20544226467609406,-0.4310775868532955
TOKYOTECH_s05,10,139,14.633333333333333,-0.4714205861091614,-0.1534907228658733
TOKYOTECH_s05,10,140,14.666666666666666,-0.68252032995224,0.18536269747986642
TOKYOTECH_s05,10,141,14.7,-0.8075132369995117,0.5376563502557941
TOKYOTECH_s05,10,142,14.733333333333333,-0.8196501135826111,0.854257977066529
TOKYOTECH_s05,10,143,14.766666666666667,-0.8059549331665039,1.0948013264671084
TOKYOTECH_s05,10,144,14.8,-0.8307807445526123,1.2329250651535026
TOKYOTECH_s05,10,145,14.833333333333334,-0.8511276245117188,1.2579885411327676
TOKYOTECH_s05,10,146,14.866666666666667,-0.8943056464195251,1.1747842056735072
TOKYOTECH_s05,10,147,14.9,-0.9982215762138367,1.0015798690223225
TOKYOTECH_s05,10,148,14.933333333333334,-1.0124598741531372,0.7660098700775262
TOKYOTECH_s05,10,149,14.966666666666667,-0.29836103320121765,0.4989200136393046
TOKYOTECH_s05,10,150,15.0,1.2237616777420044,0.22789761074135834
TOKYOTECH_s05,10,151,15.033333333333333,2.1060848236083984,-0.02691641227970722
TOKYOTECH_s05,10,152,15.066666666666666,2.1077589988708496,-0.25337990433546903
TOKYOTECH_s05,10,153,15.1,1.8155745267868042,-0.4454175963549552
TOKYOTECH_s05,10,154,15.133333333333333,1.4543712139129639,-0.6013964524121167
TOKYOTECH_s05,10,155,15.166666666666666,1.136719822883606,-0.7244318079087542
TOKYOTECH_s05,10,156,15.2,0.821935772895813,-0.8227353014353984
TOKYOTECH_s05,10,157,15.233333333333333,0.5759837627410889,-0.9063815265910078
TOKYOTECH_s05,10,158,15.266666666666667,0.4934387505054474,-0.9798259887775277
TOKYOTECH_s05,10,159,15.3,0.612554669380188,-1.0344321874468896
TOKYOTECH_s05,10,160,15.333333333333334,0.6172295212745667,-1.0473514725412918
TOKYOTECH_s05,10,161,15.366666666666667,0.44595977663993835,-0.9898929861254044
TOKYOTECH_s05,10,162,15.4,0.19576919078826904,-0.84163385268476
TOKYOTECH_s05,10,163,15.433333333333334,-0.11884570121765137,-0.6017546815006692
TOKYOTECH_s05,10,164,15.466666666666667,-0.3677184283733368,-0.2909330951378467
TOKYOTECH_s05,10,165,15.5,-0.5482845306396484,0.056277845306316285
TOKYOTECH_s05,10,166,15.533333333333333,-0.6897240877151489,0.40262792713956347
TOKYOTECH_s05,10,167,15.566666666666666,-0.7469801902770996,0.7160105741227463
TOKYOTECH_s05,10,168,15.6,-0.7479953169822693,0.9717392773282172
TOKYOTECH_s05,10,169,15.633333333333333,-0.7655016183853149,1.1521175623107272
TOKYOTECH_s05,10,170,15.666666666666666,-0.8082522749900818,1.246713326642859
TOKYOTECH_s05,10,171,15.7,-0.8533003330230713,1.2538067968197222
TOKYOTECH_s05,10,172,15.733333333333333,-0.9967523217201233,1.180887755466117
TOKYOTECH_s05,10,173,15.766666666666667,-1.1274441480636597,1.0421858227355225
TOKYOTECH_s05,10,174,15.8,-1.0711497068405151,0.8538623542501942
TOKYOTECH_s05,10,175,15.833333333333334,-0.15412545204162598,0.6300070708272981
TOKYOTECH_s05,10,176,15.866666666666667,1.4036420583724976,0.38231634073039217
TOKYOTECH_s05,10,177,15.9,2.0422394275665283,0.12317515591768158
TOKYOTECH_s05,10,178,15.933333333333334,1.886605978012085,-0.13173660600461773
TOKYOTECH_s05,10,179,15.966666666666667,1.561038613319397,-0.3652819759729792
TOKYOTECH_s05,10,180,16.0,1.2284365892410278,-0.5645540901187968
TOKYOTECH_s05,10,181,16.033333333333335,0.9167156219482422,-0.7255042366888461
TOKYOTECH_s05,10,182,16.066666666666666,0.6284492611885071,-0.8523626693546645
TOKYOTECH_s05,10,183,16.1,0.41703787446022034,-0.9521837411215673
TOKYOTECH_s05,10,184,16.133333333333333,0.4554876387119293,-1.0286291473941902
TOKYOTECH_s05,10,185,16.166666666666668,0.5868205428123474,-1.0790502632765007
TOKYOTECH_s05,10,186,16.2,0.5500715374946594,-1.095245839483994
TOKYOTECH_s05,10,187,16.233333333333334,0.34452828764915466,-1.065203610255558
TOKYOTECH_s05,10,188,16.266666666666666,0.06775765120983124,-0.9741560595938888
TOKYOTECH_s05,10,189,16.3,-0.25130951404571533,-0.8066153688493837
TOKYOTECH_s05,10,190,16.333333333333332,-0.53310227394104,-0.5524871809617066
TOKYOTECH_s05,10,191,16.366666666666667,-0.7272388935089111,-0.21710454023426387
TOKYOTECH_s05,10,192,16.4,-0.8325972557067871,0.17116153330269365
TOKYOTECH_s05,10,193,16.433333333333334,-0.8853299021720886,0.5636269218155544
TOKYOTECH_s05,10,194,16.466666666666665,-0.8865498304367065,0.905148004909613
TOKYOTECH_s05,10,195,16.5,-0.8679126501083374,1.151404901072142
TOKYOTECH_s05,10,196,16.533333333333335,-0.9160505533218384,1.2805421438360745
TOKYOTECH_s05,10,197,16.566666666666666,-1.0038670301437378,1.294825404072384
TOKYOTECH_s05,10,198,16.6,-1.1198217868804932,1.2135385550045068
TOKYOTECH_s05,10,199,16.633333333333333,-1.2270145416259766,1.0620602449817809
TOKYOTECH_s05,10,200,16.666666666666668,-1.254591941833496,0.8630954184218147
TOKYOTECH_s05,10,201,16.7,-0.9213665723800659,0.6339096723447597
TOKYOTECH_s05,10,202,16.733333333333334,0.4680786430835724,0.3890260635153854
TOKYOTECH_s05,10,203,16.766666666666666,1.7387819290161133,0.14415024388140762
TOKYOTECH_s05,10,204,16.8,1.901565670967102,-0.08322643954480499
TOKYOTECH_s05,10,205,16.833333333333332,1.5579041242599487,-0.2778773660962328
TOKYOTECH_s05,10,206,16.866666666666667,1.1736112833023071,-0.432477202972333
TOKYOTECH_s05,10,207,16.9,0.8325945138931274,-0.5500854126557837
TOKYOTECH_s05,10,208,16.933333333333334,0.46367979049682617,-0.6415236357770042
TOKYOTECH_s05,10,209,16.966666666666665,0.20242977142333984,-0.7196230761574652
TOKYOTECH_s05,10,210,17.0,0.20450453460216522,-0.7934564994407293
TOKYOTECH_s05,10,211,17.033333333333335,0.4282575845718384,-0.8640934111701172
TOKYOTECH_s05,10,212,17.066666666666666,0.5428767204284668,-0.9216502194979013
TOKYOTECH_s05,10,213,17.1,0.41057318449020386,-0.9438559860138611
TOKYOTECH_s05,10,214,17.133333333333333,0.1262158900499344,-0.8988196920653626
TOKYOTECH_s05,10,215,17.166666666666668,-0.16343069076538086,-0.7550272108154601
TOKYOTECH_s05,10,216,17.2,-0.4252951145172119,-0.4970501998729582
TOKYOTECH_s05,10,217,17.233333333333334,-0.6615056395530701,-0.13944054750660773
TOKYOTECH_s05,10,218,17.266666666666666,-0.8417778611183167,0.27054834250942006
TOKYOTECH_s05,10,219,17.3,-0.8849559426307678,0.6655852945533184
TOKYOTECH_s05,10,220,17.333333333333332,-0.8519290089607239,0.980591780450514
TOKYOTECH_s05,10,221,17.366666666666667,-0.8262394666671753,1.1727735180405665
TOKYOTECH_s05,10,222,17.4,-0.8660426735877991,1.2301331621771934
TOKYOTECH_s05,10,223,17.433333333333334,-0.9102892875671387,1.1673744744337167
TOKYOTECH_s05,10,224,17.466666666666665,-0.9900026917457581,1.0144764003223292
TOKYOTECH_s05,10,225,17.5,-1.12396240234375,0.8047849921718745
TOKYOTECH_s05,10,226,17.533333333333335,-1.0456738471984863,0.5670047106014343
TOKYOTECH_s05,10,227,17.566666666666666,0.01997593604028225,0.3217607608839778
TOKYOTECH_s05,10,228,17.6,1.3248192071914673,0.08120404582257282
TOKYOTECH_s05,10,229,17.633333333333333,1.6170035600662231,-0.1497446709614545
TOKYOTECH_s05,10,230,17.666666666666668,1.3664567470550537,-0.3705388751363784
TOKYOTECH_s05,10,231,17.7,0.953179657459259,-0.580097961112834
TOKYOTECH_s05,10,232,17.733333333333334,0.4918982684612274,-0.7709920254323454
TOKYOTECH_s05,10,233,17.766666666666666,0.058630503714084625,-0.9259875587710369
TOKYOTECH_s05,10,234,17.8,-0.2474360316991806,-1.0203894677161673
TOKYOTECH_s05,10,235,17.833333333333332,-0.15612897276878357,-1.030525330646291
TOKYOTECH_s05,10,236,17.866666666666667,0.15936745703220367,-0.9438906014516962
TOKYOTECH_s05,10,237,17.9,0.2818938195705414,-0.7647397761766466
TOKYOTECH_s05,10,238,17.933333333333334,0.1719406545162201,-0.5128297195014954
TOKYOTECH_s05,10,239,17.966666666666665,-0.06192793697118759,-0.21817102137579827
TOKYOTECH_s05,11,0,11.0,1.2976247072219849,-0.10360638738248247
TOKYOTECH_s05,11,1,11.033333333333333,0.7884992957115173,-1.6482857006983156
TOKYOTECH_s05,11,2,11.066666666666666,0.23963290452957153,-2.9760036445830003
TOKYOTECH_s05,11,3,11.1,-0.17560318112373352,-3.925528070731183
TOKYOTECH_s05,11,4,11.133333333333333,-0.1076527014374733,-4.424086980748577
TOKYOTECH_s05,11,5,11.166666666666666,0.2198648452758789,-4.493227142471611
TOKYOTECH_s05,11,6,11.2,0.38442057371139526,-4.222381312310412
TOKYOTECH_s05,11,7,11.233333333333333,0.3251342177391052,-3.7256499158778955
TOKYOTECH_s05,11,8,11.266666666666667,0.12138963490724564,-3.1038927427820235
TOKYOTECH_s05,11,9,11.3,-0.2333579659461975,-2.4269478959411632
TOKYOTECH_s05,11,10,11.333333333333334,-0.5728610157966614,-1.7366828947300186
TOKYOTECH_s05,11,11,11.366666666666667,-0.7852696776390076,-1.0603011730017142
TOKYOTECH_s05,11,12,11.4,-1.021141767501831,-0.4213906391365133
TOKYOTECH_s05,11,13,11.433333333333334,-1.113935947418213,0.15741996645305578
TOKYOTECH_s05,11,14,11.466666666666667,-1.1886093616485596,0.6577078132984416
TOKYOTECH_s05,11,15,11.5,-1.2314846515655518,1.067898792916837
TOKYOTECH_s05,11,16,11.533333333333333,-1.1416468620300293,1.3819738972438982
TOKYOTECH_s05,11,17,11.566666666666666,-1.1317806243896484,1.5963312522627462
TOKYOTECH_s05,11,18,11.6,-1.1379603147506714,1.7085663702346483
TOKYOTECH_s05,11,19,11.633333333333333,-1.2032573223114014,1.7195681693719633
TOKYOTECH_s05,11,20,11.666666666666666,-0.9333164095878601,1.6370277794958894
TOKYOTECH_s05,11,21,11.7,0.6724732518196106,1.4770019087872777
TOKYOTECH_s05,11,22,11.733333333333333,2.252377510070801,1.261609663307201
TOKYOTECH_s05,11,23,11.766666666666667,2.416799545288086,1.0138905576576587
TOKYOTECH_s05,11,24,11.8,1.9918575286865234,0.7529148746836508
TOKYOTECH_s05,11,25,11.833333333333334,1.6057214736938477,0.49178762941523674
TOKYOTECH_s05,11,26,11.866666666666667,1.2288105487823486,0.2385652174771556
TOKYOTECH_s05,11,27,11.9,0.8174746036529541,-0.0019512313828193815
TOKYOTECH_s05,11,28,11.933333333333334,0.4850417673587799,-0.22693245804176204
TOKYOTECH_s05,11,29,11.966666666666667,0.4154261648654938,-0.43398493829318263
TOKYOTECH_s05,11,30,12.0,0.5821011662483215,-0.6176971558018179
TOKYOTECH_s05,11,31,12.033333333333333,0.6973347067832947,-0.7647830889343944
TOKYOTECH_s05,11,32,12.066666666666666,0.5834101438522339,-0.8523037258046701
TOKYOTECH_s05,11,33,12.1,0.3145645260810852,-0.8538916930166673
TOKYOTECH_s05,11,34,12.133333333333333,-0.004716327413916588,-0.7530360454528453
TOKYOTECH_s05,11,35,12.166666666666666,-0.26694586873054504,-0.5556092920632754
TOKYOTECH_s05,11,36,12.2,-0.4663539230823517,-0.29274650094937493
TOKYOTECH_s05,11,37,12.233333333333333,-0.6677209734916687,-0.010940066881370959
TOKYOTECH_s05,11,38,12.266666666666667,-0.8083057403564453,0.24526853521265665
TOKYOTECH_s05,11,39,12.3,-0.9264153838157654,0.44783103518333567
TOKYOTECH_s05,11,40,12.333333333333334,-0.9777945280075073,0.5895437518223254
TOKYOTECH_s05,11,41,12.366666666666667,-0.8848490715026855,0.678061145618033
TOKYOTECH_s05,11,42,12.4,-0.7997662425041199,0.7254151426814978
TOKYOTECH_s05,11,43,12.433333333333334,-0.8702545166015625,0.7399120003687081
TOKYOTECH_s05,11,44,12.466666666666667,-1.0332341194152832,0.7235177180295137
TOKYOTECH_s05,11,45,12.5,-0.9950693249702454,0.6735140678901229
TOKYOTECH_s05,11,46,12.533333333333333,0.09285061806440353,0.5860126526701213
TOKYOTECH_s05,11,47,12.566666666666666,1.689620018005371,0.4598205341475184
TOKYOTECH_s05,11,48,12.6,2.266446590423584,0.29959774951873
TOKYOTECH_s05,11,49,12.633333333333333,2.081223487854004,0.11693915856971429
TOKYOTECH_s05,11,50,12.666666666666666,1.6929858922958374,-0.07194537132421853
TOKYOTECH_s05,11,51,12.7,1.2948732376098633,-0.251918383776915
TOKYOTECH_s05,11,52,12.733333333333333,0.9416483044624329,-0.41541136204054285
TOKYOTECH_s05,11,53,12.766666666666667,0.5779605507850647,-0.5652948442954482
TOKYOTECH_s05,11,54,12.8,0.4599933326244354,-0.7105388610789451
TOKYOTECH_s05,11,55,12.833333333333334,0.6399806141853333,-0.8554048179461238
TOKYOTECH_s05,11,56,12.866666666666667,0.7849642038345337,-0.9886382386905914
TOKYOTECH_s05,11,57,12.9,0.668118953704834,-1.081029284355679
TOKYOTECH_s05,11,58,12.933333333333334,0.40273720026016235,-1.0947919355979048
TOKYOTECH_s05,11,59,12.966666666666667,0.09928859025239944,-1.0004013044322282
TOKYOTECH_s05,11,60,13.0,-0.14798133075237274,-0.7918350721929306
TOKYOTECH_s05,11,61,13.033333333333333,-0.356863796710968,-0.4920949445775913
TOKYOTECH_s05,11,62,13.066666666666666,-0.5150172114372253,-0.1463888443105868
TOKYOTECH_s05,11,63,13.1,-0.634783148765564,0.1929517761296704
TOKYOTECH_s05,11,64,13.133333333333333,-0.7420203685760498,0.4817926657243459
TOKYOTECH_s05,11,65,13.166666666666666,-0.7176486849784851,0.693044024808547
TOKYOTECH_s05,11,66,13.2,-0.6617638468742371,0.8178845821993761
TOKYOTECH_s05,11,67,13.233333333333333,-0.7410587072372437,0.8626079849329913
TOKYOTECH_s05,11,68,13.266666666666667,-0.8476548194885254,0.8437893965930399
TOKYOTECH_s05,11,69,13.3,-0.9270030856132507,0.7821151432926975
TOKYOTECH_s05,11,70,13.333333333333334,-0.7603904604911804,0.6953451923740013
TOKYOTECH_s05,11,71,13.366666666666667,0.3631654679775238,0.5927598357848777
TOKYOTECH_s05,11,72,13.4,1.6802968978881836,0.474097024203024
TOKYOTECH_s05,11,73,13.433333333333334,1.914352536201477,0.33396076556835236
TOKYOTECH_s05,11,74,13.466666666666667,1.5862561464309692,0.16894865313660923
TOKYOTECH_s05,11,75,13.5,1.1836912631988525,-0.017382248905686733
TOKYOTECH_s05,11,76,13.533333333333333,0.7410381436347961,-0.21471719982626958
TOKYOTECH_s05,11,77,13.566666666666666,0.27101248502731323,-0.40993094209608705
TOKYOTECH_s05,11,78,13.6,0.029236648231744766,-0.5900429683704845
TOKYOTECH_s05,11,79,13.633333333333333,0.16377520561218262,-0.7405952961633426
TOKYOTECH_s05,11,80,13.666666666666666,0.4513826370239258,-0.8413512737517556
TOKYOTECH_s05,11,81,13.7,0.5494571328163147,-0.8656029657067399
TOKYOTECH_s05,11,82,13.733333333333333,0.3960053622722626,-0.7876828788584734
TOKYOTECH_s05,11,83,13.766666666666667,0.10015232861042023,-0.5965813490320382
TOKYOTECH_s05,11,84,13.8,-0.14587095379829407,-0.30717329888088735
TOKYOTECH_s05,11,85,13.833333333333334,-0.36088865995407104,0.03956748323672516
TOKYOTECH_s05,11,86,13.866666666666667,-0.5816052556037903,0.38848303122448885
TOKYOTECH_s05,11,87,13.9,-0.7458849549293518,0.6870431098067773
TOKYOTECH_s05,11,88,13.933333333333334,-0.86654132604599,0.897941190414912
TOKYOTECH_s05,11,89,13.966666666666667,-0.8991408348083496,1.0029676972519401
TOKYOTECH_s05,11,90,14.0,-0.8542886972427368,1.0000691617987942
TOKYOTECH_s05,11,91,14.033333333333333,-0.840103805065155,0.8987170095442767
TOKYOTECH_s05,11,92,14.066666666666666,-0.9002628326416016,0.7168126740552172
TOKYOTECH_s05,11,93,14.1,-0.9139935970306396,0.47865528860440487
TOKYOTECH_s05,11,94,14.133333333333333,-0.36421895027160645,0.2121501543427419
TOKYOTECH_s05,11,95,14.166666666666666,1.0283071994781494,-0.05517866589727137
TOKYOTECH_s05,11,96,14.2,1.9466047286987305,-0.2998202755650583
TOKYOTECH_s05,11,97,14.233333333333333,1.960852026939392,-0.5037464334059543
TOKYOTECH_s05,11,98,14.266666666666667,1.647278904914856,-0.6540084099424482
TOKYOTECH_s05,11,99,14.3,1.2954075336456299,-0.7429070646723485
TOKYOTECH_s05,11,100,14.333333333333334,0.9231001734733582,-0.7707021614722379
TOKYOTECH_s05,11,101,14.366666666666667,0.5573198795318604,-0.7493324661750442
TOKYOTECH_s05,11,102,14.4,0.3124808669090271,-0.7018080858055147
TOKYOTECH_s05,11,103,14.433333333333334,0.33066391944885254,-0.653036694901513
TOKYOTECH_s05,11,104,14.466666666666667,0.514578104019165,-0.6153372446266767
TOKYOTECH_s05,11,105,14.5,0.5290746688842773,-0.5787000571316465
TOKYOTECH_s05,11,106,14.533333333333333,0.34426113963127136,-0.5144569972513894
TOKYOTECH_s05,11,107,14.566666666666666,0.09043748676776886,-0.39192243816202343
TOKYOTECH_s05,11,108,14.6,-0.20544226467609406,-0.1975132839199511
TOKYOTECH_s05,11,109,14.633333333333333,-0.4714205861091614,0.05635122166964611
TOKYOTECH_s05,11,110,14.666666666666666,-0.68252032995224,0.33676146437411636
TOKYOTECH_s05,11,111,14.7,-0.8075132369995117,0.6039401089756645
TOKYOTECH_s05,11,112,14.733333333333333,-0.8196501135826111,0.8237624068275474
TOKYOTECH_s05,11,113,14.766666666666667,-0.8059549331665039,0.9740474814557678
TOKYOTECH_s05,11,114,14.8,-0.8307807445526123,1.0449009304067896
TOKYOTECH_s05,11,115,14.833333333333334,-0.8511276245117188,1.0363346672705553
TOKYOTECH_s05,11,116,14.866666666666667,-0.8943056464195251,0.9559533692677646
TOKYOTECH_s05,11,117,14.9,-0.9982215762138367,0.8173211463157791
TOKYOTECH_s05,11,118,14.933333333333334,-1.0124598741531372,0.6380722522989963
TOKYOTECH_s05,11,119,14.966666666666667,-0.29836103320121765,0.43696021983500627
TOKYOTECH_s05,11,120,15.0,1.2237616777420044,0.23040649574906794
TOKYOTECH_s05,11,121,15.033333333333333,2.1060848236083984,0.030199163624478144
TOKYOTECH_s05,11,122,15.066666666666666,2.1077589988708496,-0.15646898306467522
TOKYOTECH_s05,11,123,15.1,1.8155745267868042,-0.32526602300699586
TOKYOTECH_s05,11,124,15.133333333333333,1.4543712139129639,-0.4735769734108212
TOKYOTECH_s05,11,125,15.166666666666666,1.136719822883606,-0.6014117627200624
TOKYOTECH_s05,11,126,15.2,0.821935772895813,-0.7124725264473855
TOKYOTECH_s05,11,127,15.233333333333333,0.5759837627410889,-0.8117970156257002
TOKYOTECH_s05,11,128,15.266666666666667,0.4934387505054474,-0.8994408392110798
TOKYOTECH_s05,11,129,15.3,0.612554669380188,-0.9644416433234745
TOKYOTECH_s05,11,130,15.333333333333334,0.6172295212745667,-0.9848823680102902
TOKYOTECH_s05,11,131,15.366666666666667,0.44595977663993835,-0.9363428226034822
TOKYOTECH_s05,11,132,15.4,0.19576919078826904,-0.8045178610989852
TOKYOTECH_s05,11,133,15.433333333333334,-0.11884570121765137,-0.5938126597948501
TOKYOTECH_s05,11,134,15.466666666666667,-0.3677184283733368,-0.3262383175608476
TOKYOTECH_s05,11,135,15.5,-0.5482845306396484,-0.031836561619567535
TOKYOTECH_s05,11,136,15.533333333333333,-0.6897240877151489,0.2622423399150461
TOKYOTECH_s05,11,137,15.566666666666666,-0.7469801902770996,0.5367296347369823
TOKYOTECH_s05,11,138,15.6,-0.7479953169822693,0.7779791369402919
TOKYOTECH_s05,11,139,15.633333333333333,-0.7655016183853149,0.9732450494666688
TOKYOTECH_s05,11,140,15.666666666666666,-0.8082522749900818,1.1088410566044657
TOKYOTECH_s05,11,141,15.7,-0.8533003330230713,1.1726125127986582
TOKYOTECH_s05,11,142,15.733333333333333,-0.9967523217201233,1.1581627266675265
TOKYOTECH_s05,11,143,15.766666666666667,-1.1274441480636597,1.0672061285771062
TOKYOTECH_s05,11,144,15.8,-1.0711497068405151,0.9086245515940368
TOKYOTECH_s05,11,145,15.833333333333334,-0.15412545204162598,0.695808718667657
TOKYOTECH_s05,11,146,15.866666666666667,1.4036420583724976,0.4448359949784301
TOKYOTECH_s05,11,147,15.9,2.0422394275665283,0.17431327571026423
TOKYOTECH_s05,11,148,15.933333333333334,1.886605978012085,-0.0950056458343794
TOKYOTECH_s05,11,149,15.966666666666667,1.561038613319397,-0.34318647682574843
TOKYOTECH_s05,11,150,16.0,1.2284365892410278,-0.5560072994514712
TOKYOTECH_s05,11,151,16.033333333333335,0.9167156219482422,-0.7281524623434125
TOKYOTECH_s05,11,152,16.066666666666666,0.6284492611885071,-0.8618504580112207
TOKYOTECH_s05,11,153,16.1,0.41703787446022034,-0.9617561139502117
TOKYOTECH_s05,11,154,16.133333333333333,0.4554876387119293,-1.0299840477942626
TOKYOTECH_s05,11,155,16.166666666666668,0.5868205428123474,-1.0647330022007466
TOKYOTECH_s05,11,156,16.2,0.5500715374946594,-1.0619337859654199
TOKYOTECH_s05,11,157,16.233333333333334,0.34452828764915466,-1.0163057572297989
TOKYOTECH_s05,11,158,16.266666666666666,0.06775765120983124,-0.919882010541288
TOKYOTECH_s05,11,159,16.3,-0.25130951404571533,-0.7605803693495278
TOKYOTECH_s05,11,160,16.333333333333332,-0.53310227394104,-0.5258922759965406
TOKYOTECH_s05,11,161,16.366666666666667,-0.7272388935089111,-0.2133310120533887
TOKYOTECH_s05,11,162,16.4,-0.8325972557067871,0.15863617586570725
TOKYOTECH_s05,11,163,16.433333333333334,-0.8853299021720886,0.5488850415106652
TOKYOTECH_s05,11,164,16.466666666666665,-0.8865498304367065,0.9042323897126437
TOKYOTECH_s05,11,165,16.5,-0.8679126501083374,1.1760527923404198
TOKYOTECH_s05,11,166,16.533333333333335,-0.9160505533218384,1.33391943786889
TOKYOTECH_s05,11,167,16.566666666666666,-1.0038670301437378,1.3708148270084164
TOKYOTECH_s05,11,168,16.6,-1.1198217868804932,1.299405089048149
TOKYOTECH_s05,11,169,16.633333333333333,-1.2270145416259766,1.142894320201769
TOKYOTECH_s05,11,170,16.666666666666668,-1.254591941833496,0.9261116737810283
TOKYOTECH_s05,11,171,16.7,-0.9213665723800659,0.6713705918244939
TOKYOTECH_s05,11,172,16.733333333333334,0.4680786430835724,0.3994462578496513
TOKYOTECH_s05,11,173,16.766666666666666,1.7387819290161133,0.13193075252964687
TOKYOTECH_s05,11,174,16.8,1.901565670967102,-0.10944993800124089
TOKYOTECH_s05,11,175,16.833333333333332,1.5579041242599487,-0.30778451568458726
TOKYOTECH_s05,11,176,16.866666666666667,1.1736112833023071,-0.4568591197395177
TOKYOTECH_s05,11,177,16.9,0.8325945138931274,-0.5631009687739766
TOKYOTECH_s05,11,178,16.933333333333334,0.46367979049682617,-0.6420303824378581
TOKYOTECH_s05,11,179,16.966666666666665,0.20242977142333984,-0.7117400733176453
TOKYOTECH_s05,11,180,17.0,0.20450453460216522,-0.7863671475788286
TOKYOTECH_s05,11,181,17.033333333333335,0.4282575845718384,-0.8704556230428104
TOKYOTECH_s05,11,182,17.066666666666666,0.5428767204284668,-0.9540081571442468
TOKYOTECH_s05,11,183,17.1,0.41057318449020386,-1.0096518225625197
TOKYOTECH_s05,11,184,17.133333333333333,0.1262158900499344,-0.9961873403001827
TOKYOTECH_s05,11,185,17.166666666666668,-0.16343069076538086,-0.8719955762580652
TOKYOTECH_s05,11,186,17.2,-0.4252951145172119,-0.6151337636463324
TOKYOTECH_s05,11,187,17.233333333333334,-0.6615056395530701,-0.2399060351534644
TOKYOTECH_s05,11,188,17.266666666666666,-0.8417778611183167,0.2008617688749239
TOKYOTECH_s05,11,189,17.3,-0.8849559426307678,0.6312473685578388
TOKYOTECH_s05,11,190,17.333333333333332,-0.8519290089607239,0.9778665408511944
TOKYOTECH_s05,11,191,17.366666666666667,-0.8262394666671753,1.1921364648809012
TOKYOTECH_s05,11,192,17.4,-0.8660426735877991,1.259304246912964
TOKYOTECH_s05,11,193,17.433333333333334,-0.9102892875671387,1.1935238033327908
TOKYOTECH_s05,11,194,17.466666666666665,-0.9900026917457581,1.0253171240198662
TOKYOTECH_s05,11,195,17.5,-1.12396240234375,0.789332952595418
TOKYOTECH_s05,11,196,17.533333333333335,-1.0456738471984863,0.5171421928702769
TOKYOTECH_s05,11,197,17.566666666666666,0.01997593604028225,0.23509618949699887
TOKYOTECH_s05,11,198,17.6,1.3248192071914673,-0.03559431392834768
TOKYOTECH_s05,11,199,17.633333333333333,1.6170035600662231,-0.2790915551179955
TOKYOTECH_s05,11,200,17.666666666666668,1.3664567470550537,-0.48559896656449003
TOKYOTECH_s05,11,201,17.7,0.953179657459259,-0.6510036945640825
TOKYOTECH_s05,11,202,17.733333333333334,0.4918982684612274,-0.7750653525243479
TOKYOTECH_s05,11,203,17.766666666666666,0.058630503714084625,-0.8596035605780971
TOKYOTECH_s05,11,204,17.8,-0.2474360316991806,-0.9082147864265495
TOKYOTECH_s05,11,205,17.833333333333332,-0.15612897276878357,-0.926865963279739
TOKYOTECH_s05,11,206,17.866666666666667,0.15936745703220367,-0.9222763582303749
TOKYOTECH_s05,11,207,17.9,0.2818938195705414,-0.895992617317923
TOKYOTECH_s05,11,208,17.933333333333334,0.1719406545162201,-0.8372968619708863
TOKYOTECH_s05,11,209,17.966666666666665,-0.06192793697118759,-0.7221162372905782
TOKYOTECH_s05,11,210,18.0,-0.3602208197116852,-0.5226105284789576
TOKYOTECH_s05,11,211,18.033333333333335,-0.6146143674850464,-0.22438414551054597
TOKYOTECH_s05,11,212,18.066666666666666,-0.7847710251808167,0.15884659206792154
TOKYOTECH_s05,11,213,18.1,-0.9111352562904358,0.5832632013486366
TOKYOTECH_s05,11,214,18.133333333333333,-1.0081323385238647,0.9872621315522495
TOKYOTECH_s05,11,215,18.166666666666668,-1.084114670753479,1.3105754854594232
TOKYOTECH_s05,11,216,18.2,-1.096580982208252,1.5107458055072776
TOKYOTECH_s05,11,217,18.233333333333334,-1.064115047454834,1.5714746842690819
TOKYOTECH_s05,11,218,18.266666666666666,-1.005968451499939,1.5021083301019982
TOKYOTECH_s05,11,219,18.3,-1.073927879333496,1.3306527431462691
TOKYOTECH_s05,11,220,18.333333333333332,-1.1163935661315918,1.0939467385190496
TOKYOTECH_s05,11,221,18.366666666666667,-0.3265795111656189,0.8281886128796783
TOKYOTECH_s05,11,222,18.4,1.1734064817428589,0.5617153858003501
TOKYOTECH_s05,11,223,18.433333333333334,1.8992505073547363,0.31110768621239965
TOKYOTECH_s05,11,224,18.466666666666665,1.7904905080795288,0.08165768005480559
TOKYOTECH_s05,11,225,18.5,1.486222743988037,-0.12775266897956117
TOKYOTECH_s05,11,226,18.533333333333335,1.1084747314453125,-0.31808345739581917
TOKYOTECH_s05,11,227,18.566666666666666,0.7693278193473816,-0.48644521699340354
TOKYOTECH_s05,11,228,18.6,0.4338674247264862,-0.6280539839620417
TOKYOTECH_s05,11,229,18.633333333333333,0.21363167464733124,-0.7420435813683823
TOKYOTECH_s05,11,230,18.666666666666668,0.24893814325332642,-0.8354147982458703
TOKYOTECH_s05,11,231,18.7,0.42828428745269775,-0.9198846458364053
TOKYOTECH_s05,11,232,18.733333333333334,0.3961300253868103,-1.0020704933002593
TOKYOTECH_s05,11,233,18.766666666666666,0.15266235172748566,-1.0737773154904782
TOKYOTECH_s05,11,234,18.8,-0.10823149979114532,-1.110596023226441
TOKYOTECH_s05,11,235,18.833333333333332,-0.3282090425491333,-1.0817332770723775
TOKYOTECH_s05,11,236,18.866666666666667,-0.5560670495033264,-0.965309189747621
TOKYOTECH_s05,11,237,18.9,-0.8205761313438416,-0.7592090279800443
TOKYOTECH_s05,11,238,18.933333333333334,-0.9862805604934692,-0.4823117369559751
TOKYOTECH_s05,11,239,18.966666666666665,-0.9844907522201538,-0.16854399284368368
TOKYOTECH_s05,12,0,12.0,0.5821011662483215,-0.02308546953981569
TOKYOTECH_s05,12,1,12.033333333333333,0.6973347067832947,-1.807711469831443
TOKYOTECH_s05,12,2,12.066666666666666,0.5834101438522339,-3.277005841795117
TOKYOTECH_s05,12,3,12.1,0.3145645260810852,-4.197623055200775
TOKYOTECH_s05,12,4,12.133333333333333,-0.004716327413916588,-4.4750278221844
TOKYOTECH_s05,12,5,12.166666666666666,-0.26694586873054504,-4.168055912044994
TOKYOTECH_s05,12,6,12.2,-0.4663539230823517,-3.4538241921613753
TOKYOTECH_s05,12,7,12.233333333333333,-0.6677209734916687,-2.559165586148129
TOKYOTECH_s05,12,8,12.266666666666667,-0.8083057403564453,-1.687911730066807
TOKYOTECH_s05,12,9,12.3,-0.9264153838157654,-0.9710776232486267
TOKYOTECH_s05,12,10,12.333333333333334,-0.9777945280075073,-0.453069903261924
TOKYOTECH_s05,12,11,12.366666666666667,-0.8848490715026855,-0.10985538672713918
TOKYOTECH_s05,12,12,12.4,-0.7997662425041199,0.11679001550100444
TOKYOTECH_s05,12,13,12.433333333333334,-0.8702545166015625,0.28660716294047583
TOKYOTECH_s05,12,14,12.466666666666667,-1.0332341194152832,0.4403233458139602
TOKYOTECH_s05,12,15,12.5,-0.9950693249702454,0.5928255315607422
TOKYOTECH_s05,12,16,12.533333333333333,0.09285061806440353,0.7368314227927714
TOKYOTECH_s05,12,17,12.566666666666666,1.689620018005371,0.8528547595924768
TOKYOTECH_s05,12,18,12.6,2.266446590423584,0.9210116051393222
TOKYOTECH_s05,12,19,12.633333333333333,2.081223487854004,0.930198274322149
TOKYOTECH_s05,12,20,12.666666666666666,1.6929858922958374,0.8812780180583676
TOKYOTECH_s05,12,21,12.7,1.2948732376098633,0.7835459347105157
TOKYOTECH_s05,12,22,12.733333333333333,0.9416483044624329,0.6472930123371852
TOKYOTECH_s05,12,23,12.766666666666667,0.5779605507850647,0.4779809090601813
TOKYOTECH_s05,12,24,12.8,0.4599933326244354,0.27726349716322785
TOKYOTECH_s05,12,25,12.833333333333334,0.6399806141853333,0.051538174384949356
TOKYOTECH_s05,12,26,12.866666666666667,0.7849642038345337,-0.17820450095717325
TOKYOTECH_s05,12,27,12.9,0.668118953704834,-0.37441115573568934
TOKYOTECH_s05,12,28,12.933333333333334,0.40273720026016235,-0.4930469003548766
TOKYOTECH_s05,12,29,12.966666666666667,0.09928859025239944,-0.5012432387858761
TOKYOTECH_s05,12,30,13.0,-0.14798133075237274,-0.3927144655873252
TOKYOTECH_s05,12,31,13.033333333333333,-0.356863796710968,-0.19220646362410063
TOKYOTECH_s05,12,32,13.066666666666666,-0.5150172114372253,0.05345109391641802
TOKYOTECH_s05,12,33,13.1,-0.634783148765564,0.29256656780314005
TOKYOTECH_s05,12,34,13.133333333333333,-0.7420203685760498,0.48477955355200286
TOKYOTECH_s05,12,35,13.166666666666666,-0.7176486849784851,0.6089042236329455
TOKYOTECH_s05,12,36,13.2,-0.6617638468742371,0.6618692161784364
TOKYOTECH_s05,12,37,13.233333333333333,-0.7410587072372437,0.6534038744201596
TOKYOTECH_s05,12,38,13.266666666666667,-0.8476548194885254,0.6003250274369214
TOKYOTECH_s05,12,39,13.3,-0.9270030856132507,0.5209969912849677
TOKYOTECH_s05,12,40,13.333333333333334,-0.7603904604911804,0.42983513894230035
TOKYOTECH_s05,12,41,13.366666666666667,0.3631654679775238,0.3332720160829217
TOKYOTECH_s05,12,42,13.4,1.6802968978881836,0.2294401177813111
TOKYOTECH_s05,12,43,13.433333333333334,1.914352536201477,0.11226976993548825
TOKYOTECH_s05,12,44,13.466666666666667,1.5862561464309692,-0.022532248486871145
TOKYOTECH_s05,12,45,13.5,1.1836912631988525,-0.17386931973552205
TOKYOTECH_s05,12,46,13.533333333333333,0.7410381436347961,-0.3361383955623709
TOKYOTECH_s05,12,47,13.566666666666666,0.27101248502731323,-0.5024627501073188
TOKYOTECH_s05,12,48,13.6,0.029236648231744766,-0.6654656581865284
TOKYOTECH_s05,12,49,13.633333333333333,0.16377520561218262,-0.8129012158587174
TOKYOTECH_s05,12,50,13.666666666666666,0.4513826370239258,-0.9216926622704746
TOKYOTECH_s05,12,51,13.7,0.5494571328163147,-0.9580471306409628
TOKYOTECH_s05,12,52,13.733333333333333,0.3960053622722626,-0.8881538314633318
TOKYOTECH_s05,12,53,13.766666666666667,0.10015232861042023,-0.6957062998372517
TOKYOTECH_s05,12,54,13.8,-0.14587095379829407,-0.3956467397013159
TOKYOTECH_s05,12,55,13.833333333333334,-0.36088865995407104,-0.03424073050008636
TOKYOTECH_s05,12,56,13.866666666666667,-0.5816052556037903,0.32544463674231616
TOKYOTECH_s05,12,57,13.9,-0.7458849549293518,0.6240708481790423
TOKYOTECH_s05,12,58,13.933333333333334,-0.86654132604599,0.8218135437657471
TOKYOTECH_s05,12,59,13.966666666666667,-0.8991408348083496,0.9036832404602356
TOKYOTECH_s05,12,60,14.0,-0.8542886972427368,0.8757707430338234
TOKYOTECH_s05,12,61,14.033333333333333,-0.840103805065155,0.7578395775614678
TOKYOTECH_s05,12,62,14.066666666666666,-0.9002628326416016,0.5765942277143635
TOKYOTECH_s05,12,63,14.1,-0.9139935970306396,0.3606048514073744
TOKYOTECH_s05,12,64,14.133333333333333,-0.36421895027160645,0.13618317259948792
TOKYOTECH_s05,12,65,14.166666666666666,1.0283071994781494,-0.07573616295806634
TOKYOTECH_s05,12,66,14.2,1.9466047286987305,-0.2602707310589121
TOKYOTECH_s05,12,67,14.233333333333333,1.960852026939392,-0.40614678578742286
TOKYOTECH_s05,12,68,14.266666666666667,1.647278904914856,-0.5028312119051133
TOKYOTECH_s05,12,69,14.3,1.2954075336456299,-0.5417938690018915
TOKYOTECH_s05,12,70,14.333333333333334,0.9231001734733582,-0.5232847975619466
TOKYOTECH_s05,12,71,14.366666666666667,0.5573198795318604,-0.46389989340544513
TOKYOTECH_s05,12,72,14.4,0.3124808669090271,-0.39649456981963316
TOKYOTECH_s05,12,73,14.433333333333334,0.33066391944885254,-0.3574927165344468
TOKYOTECH_s05,12,74,14.466666666666667,0.514578104019165,-0.3667505245937759
TOKYOTECH_s05,12,75,14.5,0.5290746688842773,-0.4131354064766158
TOKYOTECH_s05,12,76,14.533333333333333,0.34426113963127136,-0.4568263769983007
TOKYOTECH_s05,12,77,14.566666666666666,0.09043748676776886,-0.4484110696741467
TOKYOTECH_s05,12,78,14.6,-0.20544226467609406,-0.3531677619551533
TOKYOTECH_s05,12,79,14.633333333333333,-0.4714205861091614,-0.1658009272224685
TOKYOTECH_s05,12,80,14.666666666666666,-0.68252032995224,0.09068776816192074
TOKYOTECH_s05,12,81,14.7,-0.8075132369995117,0.37697868187129224
TOKYOTECH_s05,12,82,14.733333333333333,-0.8196501135826111,0.6509054769070387
TOKYOTECH_s05,12,83,14.766666666666667,-0.8059549331665039,0.8762645908448725
TOKYOTECH_s05,12,84,14.8,-0.8307807445526123,1.0264907568525
TOKYOTECH_s05,12,85,14.833333333333334,-0.8511276245117188,1.0860673709120625
TOKYOTECH_s05,12,86,14.866666666666667,-0.8943056464195251,1.051678525450057
TOKYOTECH_s05,12,87,14.9,-0.9982215762138367,0.9325124622872099
TOKYOTECH_s05,12,88,14.933333333333334,-1.0124598741531372,0.7481619907515864
TOKYOTECH_s05,12,89,14.966666666666667,-0.29836103320121765,0.5237837685264045
TOKYOTECH_s05,12,90,15.0,1.2237616777420044,0.2841367875570485
TOKYOTECH_s05,12,91,15.033333333333333,2.1060848236083984,0.049051441044641014
TOKYOTECH_s05,12,92,15.066666666666666,2.1077589988708496,-0.1681363538818429
TOKYOTECH_s05,12,93,15.1,1.8155745267868042,-0.35984362304598794
TOKYOTECH_s05,12,94,15.133333333333333,1.4543712139129639,-0.5233875022467792
TOKYOTECH_s05,12,95,15.166666666666666,1.136719822883606,-0.661284786658457
TOKYOTECH_s05,12,96,15.2,0.821935772895813,-0.7809228726188022
TOKYOTECH_s05,12,97,15.233333333333333,0.5759837627410889,-0.8904737019296508
TOKYOTECH_s05,12,98,15.266666666666667,0.4934387505054474,-0.9909434035865757
TOKYOTECH_s05,12,99,15.3,0.612554669380188,-1.0690046936584947
TOKYOTECH_s05,12,100,15.333333333333334,0.6172295212745667,-1.0970826110795566
TOKYOTECH_s05,12,101,15.366666666666667,0.44595977663993835,-1.0435387260530107
TOKYOTECH_s05,12,102,15.4,0.19576919078826904,-0.8883618708830181
TOKYOTECH_s05,12,103,15.433333333333334,-0.11884570121765137,-0.6347145755986298
TOKYOTECH_s05,12,104,15.466666666666667,-0.3677184283733368,-0.3089645738768308
TOKYOTECH_s05,12,105,15.5,-0.5482845306396484,0.050215400379435934
TOKYOTECH_s05,12,106,15.533333333333333,-0.6897240877151489,0.40548370963169306
TOKYOTECH_s05,12,107,15.566666666666666,-0.7469801902770996,0.7281354919526499
TOKYOTECH_s05,12,108,15.6,-0.7479953169822693,0.9970744888752376
TOKYOTECH_s05,12,109,15.633333333333333,-0.7655016183853149,1.1948597133826497
TOKYOTECH_s05,12,110,15.666666666666666,-0.8082522749900818,1.306679324878195
TOKYOTECH_s05,12,111,15.7,-0.8533003330230713,1.3233821498928233
TOKYOTECH_s05,12,112,15.733333333333333,-0.9967523217201233,1.2455253774397315
TOKYOTECH_s05,12,113,15.766666666666667,-1.1274441480636597,1.0846790678102083
TOKYOTECH_s05,12,114,15.8,-1.0711497068405151,0.8606982253341966
TOKYOTECH_s05,12,115,15.833333333333334,-0.15412545204162598,0.5968474031306624
TOKYOTECH_s05,12,116,15.866666666666667,1.4036420583724976,0.31585914631845524
TOKYOTECH_s05,12,117,15.9,2.0422394275665283,0.03839260013150253
TOKYOTECH_s05,12,118,15.933333333333334,1.886605978012085,-0.21757158363906645
TOKYOTECH_s05,12,119,15.966666666666667,1.561038613319397,-0.4387331176015382
TOKYOTECH_s05,12,120,16.0,1.2284365892410278,-0.6195354791289762
TOKYOTECH_s05,12,121,16.033333333333335,0.9167156219482422,-0.7631635907248259
TOKYOTECH_s05,12,122,16.066666666666666,0.6284492611885071,-0.8781419729008417
TOKYOTECH_s05,12,123,16.1,0.41703787446022034,-0.9718419116829881
TOKYOTECH_s05,12,124,16.133333333333333,0.4554876387119293,-1.0452700173797114
TOKYOTECH_s05,12,125,16.166666666666668,0.5868205428123474,-1.092755261059494
TOKYOTECH_s05,12,126,16.2,0.5500715374946594,-1.1055299641353018
TOKYOTECH_s05,12,127,16.233333333333334,0.34452828764915466,-1.0745862693585095
TOKYOTECH_s05,12,128,16.266666666666666,0.06775765120983124,-0.9898567981898047
TOKYOTECH_s05,12,129,16.3,-0.25130951404571533,-0.8380780218530884
TOKYOTECH_s05,12,130,16.333333333333332,-0.53310227394104,-0.6053634213521583
TOKYOTECH_s05,12,131,16.366666666666667,-0.7272388935089111,-0.2874216062896541
TOKYOTECH_s05,12,132,16.4,-0.8325972557067871,0.09863152750617707
TOKYOTECH_s05,12,133,16.433333333333334,-0.8853299021720886,0.5115760373997771
TOKYOTECH_s05,12,134,16.466666666666665,-0.8865498304367065,0.8965639806276197
TOKYOTECH_s05,12,135,16.5,-0.8679126501083374,1.2024702530157816
TOKYOTECH_s05,12,136,16.533333333333335,-0.9160505533218384,1.3962370312773233
TOKYOTECH_s05,12,137,16.566666666666666,-1.0038670301437378,1.468020961467803
TOKYOTECH_s05,12,138,16.6,-1.1198217868804932,1.4269929335842326
TOKYOTECH_s05,12,139,16.633333333333333,-1.2270145416259766,1.2923135585178251
TOKYOTECH_s05,12,140,16.666666666666668,-1.254591941833496,1.085217281710533
TOKYOTECH_s05,12,141,16.7,-0.9213665723800659,0.8259993135675859
TOKYOTECH_s05,12,142,16.733333333333334,0.4680786430835724,0.535497958034776
TOKYOTECH_s05,12,143,16.766666666666666,1.7387819290161133,0.23727116546570612
TOKYOTECH_s05,12,144,16.8,1.901565670967102,-0.043549226363987496
TOKYOTECH_s05,12,145,16.833333333333332,1.5579041242599487,-0.2856127536992576
TOKYOTECH_s05,12,146,16.866666666666667,1.1736112833023071,-0.47759016714495744
TOKYOTECH_s05,12,147,16.9,0.8325945138931274,-0.6206664353593511
TOKYOTECH_s05,12,148,16.933333333333334,0.46367979049682617,-0.7258672182406836
TOKYOTECH_s05,12,149,16.966666666666665,0.20242977142333984,-0.8086079066936318
TOKYOTECH_s05,12,150,17.0,0.20450453460216522,-0.8831353686732328
TOKYOTECH_s05,12,151,17.033333333333335,0.4282575845718384,-0.957327838541141
TOKYOTECH_s05,12,152,17.066666666666666,0.5428767204284668,-1.0271109975356152
TOKYOTECH_s05,12,153,17.1,0.41057318449020386,-1.0717117264198506
TOKYOTECH_s05,12,154,17.133333333333333,0.1262158900499344,-1.0547092891789567
TOKYOTECH_s05,12,155,17.166666666666668,-0.16343069076538086,-0.9356947672441661
TOKYOTECH_s05,12,156,17.2,-0.4252951145172119,-0.6903466913861699
TOKYOTECH_s05,12,157,17.233333333333334,-0.6615056395530701,-0.3285574944548053
TOKYOTECH_s05,12,158,17.266666666666666,-0.8417778611183167,0.10133084741433453
TOKYOTECH_s05,12,159,17.3,-0.8849559426307678,0.5268137639896692
TOKYOTECH_s05,12,160,17.333333333333332,-0.8519290089607239,0.8767624681096081
TOKYOTECH_s05,12,161,17.366666666666667,-0.8262394666671753,1.1039064575631024
TOKYOTECH_s05,12,162,17.4,-0.8660426735877991,1.1937784179495168
TOKYOTECH_s05,12,163,17.433333333333334,-0.9102892875671387,1.159526213341175
TOKYOTECH_s05,12,164,17.466666666666665,-0.9900026917457581,1.0294694904426296
TOKYOTECH_s05,12,165,17.5,-1.12396240234375,0.8355847488733311
TOKYOTECH_s05,12,166,17.533333333333335,-1.0456738471984863,0.6072448970896075
TOKYOTECH_s05,12,167,17.566666666666666,0.01997593604028225,0.3694533868804127
TOKYOTECH_s05,12,168,17.6,1.3248192071914673,0.1423593990669303
TOKYOTECH_s05,12,169,17.633333333333333,1.6170035600662231,-0.06001783120546975
TOKYOTECH_s05,12,170,17.666666666666668,1.3664567470550537,-0.23100805455781478
TOKYOTECH_s05,12,171,17.7,0.953179657459259,-0.37029779356921977
TOKYOTECH_s05,12,172,17.733333333333334,0.4918982684612274,-0.48056533390817946
TOKYOTECH_s05,12,173,17.766666666666666,0.058630503714084625,-0.5643170390279123
TOKYOTECH_s05,12,174,17.8,-0.2474360316991806,-0.6235620719939524
TOKYOTECH_s05,12,175,17.833333333333332,-0.15612897276878357,-0.6618455707674934
TOKYOTECH_s05,12,176,17.866666666666667,0.15936745703220367,-0.6845269845132953
TOKYOTECH_s05,12,177,17.9,0.2818938195705414,-0.6937976319864397
TOKYOTECH_s05,12,178,17.933333333333334,0.1719406545162201,-0.6810411702902543
TOKYOTECH_s05,12,179,17.966666666666665,-0.06192793697118759,-0.624328264837744
TOKYOTECH_s05,12,180,18.0,-0.3602208197116852,-0.49665659774865506
TOKYOTECH_s05,12,181,18.033333333333335,-0.6146143674850464,-0.28231506982973287
TOKYOTECH_s05,12,182,18.066666666666666,-0.7847710251808167,0.008944147809687364
TOKYOTECH_s05,12,183,18.1,-0.9111352562904358,0.34017313048779413
TOKYOTECH_s05,12,184,18.133333333333333,-1.0081323385238647,0.6590463117604227
TOKYOTECH_s05,12,185,18.166666666666668,-1.084114670753479,0.9150256527949557
TOKYOTECH_s05,12,186,18.2,-1.096580982208252,1.0727043947445576
TOKYOTECH_s05,12,187,18.233333333333334,-1.064115047454834,1.1173727559453006
TOKYOTECH_s05,12,188,18.266666666666666,-1.005968451499939,1.0538110988041351
TOKYOTECH_s05,12,189,18.3,-1.073927879333496,0.9013707442558684
TOKYOTECH_s05,12,190,18.333333333333332,-1.1163935661315918,0.6879547273632521
TOKYOTECH_s05,12,191,18.366666666666667,-0.3265795111656189,0.44400106833641334
TOKYOTECH_s05,12,192,18.4,1.1734064817428589,0.196610048453102
TOKYOTECH_s05,12,193,18.433333333333334,1.8992505073547363,-0.035509678735771065
TOKYOTECH_s05,12,194,18.466666666666665,1.7904905080795288,-0.24422061136061107
TOKYOTECH_s05,12,195,18.5,1.486222743988037,-0.4294536883049272
TOKYOTECH_s05,12,196,18.533333333333335,1.1084747314453125,-0.5932496966862775
TOKYOTECH_s05,12,197,18.566666666666666,0.7693278193473816,-0.7346065111524218
TOKYOTECH_s05,12,198,18.6,0.4338674247264862,-0.8490527847252133
TOKYOTECH_s05,12,199,18.633333333333333,0.21363167464733124,-0.9328521857050427
TOKYOTECH_s05,12,200,18.666666666666668,0.24893814325332642,-0.986939303256381
TOKYOTECH_s05,12,201,18.7,0.42828428745269775,-1.0149922177853739
TOKYOTECH_s05,12,202,18.733333333333334,0.3961300253868103,-1.0154588744562927
TOKYOTECH_s05,12,203,18.766666666666666,0.15266235172748566,-0.9741765192119958
TOKYOTECH_s05,12,204,18.8,-0.10823149979114532,-0.8659701554856645
TOKYOTECH_s05,12,205,18.833333333333332,-0.3282090425491333,-0.6677289981042629
TOKYOTECH_s05,12,206,18.866666666666667,-0.5560670495033264,-0.37548423993526625
TOKYOTECH_s05,12,207,18.9,-0.8205761313438416,-0.013359544329136124
TOKYOTECH_s05,12,208,18.933333333333334,-0.9862805604934692,0.37159666618669385
TOKYOTECH_s05,12,209,18.966666666666665,-0.9844907522201538,0.7245470736639393
TOKYOTECH_s05,12,210,19.0,-0.9923979640007019,0.999070008929321
TOKYOTECH_s05,12,211,19.033333333333335,-1.0609005689620972,1.1675923864938305
TOKYOTECH_s05,12,212,19.066666666666666,-1.0925740003585815,1.2242646858331618
TOKYOTECH_s05,12,213,19.1,-1.0720312595367432,1.1822723162481306
TOKYOTECH_s05,12,214,19.133333333333333,-1.0915766954421997,1.068019541361298
TOKYOTECH_s05,12,215,19.166666666666668,-1.2145659923553467,0.913472044466482
TOKYOTECH_s05,12,216,19.2,-0.9377152323722839,0.7477968491226269
TOKYOTECH_s05,12,217,19.233333333333334,0.5473734736442566,0.5904968155375536
TOKYOTECH_s05,12,218,19.266666666666666,1.8759918212890625,0.4489341309201963
TOKYOTECH_s05,12,219,19.3,2.0376980304718018,0.3215775535674037
TOKYOTECH_s05,12,220,19.333333333333332,1.7592800855636597,0.20451356682080168
TOKYOTECH_s05,12,221,19.366666666666667,1.467665672302246,0.09614785190681202
TOKYOTECH_s05,12,222,19.4,1.1768258810043335,-0.0033759148828670267
TOKYOTECH_s05,12,223,19.433333333333334,0.7993271946907043,-0.09675273296166291
TOKYOTECH_s05,12,224,19.466666666666665,0.46518465876579285,-0.1926476208455674
TOKYOTECH_s05,12,225,19.5,0.39604097604751587,-0.3023990846260221
TOKYOTECH_s05,12,226,19.533333333333335,0.4732699990272522,-0.4310066677074676
TOKYOTECH_s05,12,227,19.566666666666666,0.5651469230651855,-0.5689624089598716
TOKYOTECH_s05,12,228,19.6,0.4641072154045105,-0.691974152168199
TOKYOTECH_s05,12,229,19.633333333333333,0.17278659343719482,-0.770306987651383
TOKYOTECH_s05,12,230,19.666666666666668,-0.16107098758220673,-0.7822928790342888
TOKYOTECH_s05,12,231,19.7,-0.4392930567264557,-0.7235253179246719
TOKYOTECH_s05,12,232,19.733333333333334,-0.6859663724899292,-0.6071911400277454
TOKYOTECH_s05,12,233,19.766666666666666,-0.8317246437072754,-0.4575633647828539
TOKYOTECH_s05,12,234,19.8,-0.8709312677383423,-0.3019469642177563
TOKYOTECH_s05,12,235,19.833333333333332,-0.980510413646698,-0.16489443071823207
TOKYOTECH_s05,12,236,19.866666666666667,-1.0444984436035156,-0.0647267051992888
TOKYOTECH_s05,12,237,19.9,-0.9738587737083435,-0.010453983637388625
TOKYOTECH_s05,12,238,19.933333333333334,-0.9427641034126282,0.0009674138808468801
TOKYOTECH_s05,12,239,19.966666666666665,-1.014775037765503,-0.015323464444939693
TOKYOTECH_s05,13,0,13.0,-0.14798133075237274,0.04958283250953946
TOKYOTECH_s05,13,1,13.033333333333333,-0.356863796710968,-1.038098633326087
TOKYOTECH_s05,13,2,13.066666666666666,-0.5150172114372253,-1.9512060577606676
TOKYOTECH_s05,13,3,13.1,-0.634783148765564,-2.56075295664632
TOKYOTECH_s05,13,4,13.133333333333333,-0.7420203685760498,-2.8143478646373215
TOKYOTECH_s05,13,5,13.166666666666666,-0.7176486849784851,-2.742523608687102
TOKYOTECH_s05,13,6,13.2,-0.6617638468742371,-2.437287784317824
TOKYOTECH_s05,13,7,13.233333333333333,-0.7410587072372437,-2.013995797488004
TOKYOTECH_s05,13,8,13.266666666666667,-0.8476548194885254,-1.5743307833349656
TOKYOTECH_s05,13,9,13.3,-0.9270030856132507,-1.1844418418630474
TOKYOTECH_s05,13,10,13.333333333333334,-0.7603904604911804,-0.8721679925010128
TOKYOTECH_s05,13,11,13.366666666666667,0.3631654679775238,-0.637561586123232
TOKYOTECH_s05,13,12,13.4,1.6802968978881836,-0.46701929547964216
TOKYOTECH_s05,13,13,13.433333333333334,1.914352536201477,-0.3437697395103822
TOKYOTECH_s05,13,14,13.466666666666667,1.5862561464309692,-0.2530153213184165
TOKYOTECH_s05,13,15,13.5,1.1836912631988525,-0.1840536517841359
TOKYOTECH_s05,13,16,13.533333333333333,0.7410381436347961,-0.13151517587768188
TOKYOTECH_s05,13,17,13.566666666666666,0.27101248502731323,-0.09513016573999121
TOKYOTECH_s05,13,18,13.6,0.029236648231744766,-0.0758479288428962
TOKYOTECH_s05,13,19,13.633333333333333,0.16377520561218262,-0.06815234211249203
TOKYOTECH_s05,13,20,13.666666666666666,0.4513826370239258,-0.0531568800101737
TOKYOTECH_s05,13,21,13.7,0.5494571328163147,0.0005246147001906135
TOKYOTECH_s05,13,22,13.733333333333333,0.3960053622722626,0.12498829957139834
TOKYOTECH_s05,13,23,13.766666666666667,0.10015232861042023,0.3352159145663754
TOKYOTECH_s05,13,24,13.8,-0.14587095379829407,0.616323331225724
TOKYOTECH_s05,13,25,13.833333333333334,-0.36088865995407104,0.9253105041437766
TOKYOTECH_s05,13,26,13.866666666666667,-0.5816052556037903,1.206727792409989
TOKYOTECH_s05,13,27,13.9,-0.7458849549293518,1.41221399337032
TOKYOTECH_s05,13,28,13.933333333333334,-0.86654132604599,1.513334429777241
TOKYOTECH_s05,13,29,13.966666666666667,-0.8991408348083496,1.5038039309920015
TOKYOTECH_s05,13,30,14.0,-0.8542886972427368,1.3942364913043588
TOKYOTECH_s05,13,31,14.033333333333333,-0.840103805065155,1.2051763811444882
TOKYOTECH_s05,13,32,14.066666666666666,-0.9002628326416016,0.9616739688394541
TOKYOTECH_s05,13,33,14.1,-0.9139935970306396,0.6890944282429736
TOKYOTECH_s05,13,34,14.133333333333333,-0.36421895027160645,0.40920022872140377
TOKYOTECH_s05,13,35,14.166666666666666,1.0283071994781494,0.13727143482607482
TOKYOTECH_s05,13,36,14.2,1.9466047286987305,-0.11778523648044556
TOKYOTECH_s05,13,37,14.233333333333333,1.960852026939392,-0.34977518606176183
TOKYOTECH_s05,13,38,14.266666666666667,1.647278904914856,-0.5508606118168087
TOKYOTECH_s05,13,39,14.3,1.2954075336456299,-0.7110870162712374
TOKYOTECH_s05,13,40,14.333333333333334,0.9231001734733582,-0.8235462706040662
TOKYOTECH_s05,13,41,14.366666666666667,0.5573198795318604,-0.8914469116592251
TOKYOTECH_s05,13,42,14.4,0.3124808669090271,-0.9298369982443513
TOKYOTECH_s05,13,43,14.433333333333334,0.33066391944885254,-0.9573860417194525
TOKYOTECH_s05,13,44,14.466666666666667,0.514578104019165,-0.9820718378335402
TOKYOTECH_s05,13,45,14.5,0.5290746688842773,-0.9913364082224535
TOKYOTECH_s05,13,46,14.533333333333333,0.34426113963127136,-0.9553805415269292
TOKYOTECH_s05,13,47,14.566666666666666,0.09043748676776886,-0.8430446850731238
TOKYOTECH_s05,13,48,14.6,-0.20544226467609406,-0.6401611970413138
TOKYOTECH_s05,13,49,14.633333333333333,-0.4714205861091614,-0.3583390541096548
TOKYOTECH_s05,13,50,14.666666666666666,-0.68252032995224,-0.03012722506716556
TOKYOTECH_s05,13,51,14.7,-0.8075132369995117,0.3035530189859135
TOKYOTECH_s05,13,52,14.733333333333333,-0.8196501135826111,0.6047806570526292
TOKYOTECH_s05,13,53,14.766666666666667,-0.8059549331665039,0.8439741416354192
TOKYOTECH_s05,13,54,14.8,-0.8307807445526123,1.000434263154684
TOKYOTECH_s05,13,55,14.833333333333334,-0.8511276245117188,1.0622616913409517
TOKYOTECH_s05,13,56,14.866666666666667,-0.8943056464195251,1.0277949414328216
TOKYOTECH_s05,13,57,14.9,-0.9982215762138367,0.9070957813944508
TOKYOTECH_s05,13,58,14.933333333333334,-1.0124598741531372,0.7209329879275679
TOKYOTECH_s05,13,59,14.966666666666667,-0.29836103320121765,0.4964387715233517
TOKYOTECH_s05,13,60,15.0,1.2237616777420044,0.2610233393078101
TOKYOTECH_s05,13,61,15.033333333333333,2.1060848236083984,0.03721775514522461
TOKYOTECH_s05,13,62,15.066666666666666,2.1077589988708496,-0.15990356686841178
TOKYOTECH_s05,13,63,15.1,1.8155745267868042,-0.3231029672921858
TOKYOTECH_s05,13,64,15.133333333333333,1.4543712139129639,-0.45270781565753493
TOKYOTECH_s05,13,65,15.166666666666666,1.136719822883606,-0.5562229561696882
TOKYOTECH_s05,13,66,15.2,0.821935772895813,-0.6459795219837955
TOKYOTECH_s05,13,67,15.233333333333333,0.5759837627410889,-0.732749914692117
TOKYOTECH_s05,13,68,15.266666666666667,0.4934387505054474,-0.8169974735869476
TOKYOTECH_s05,13,69,15.3,0.612554669380188,-0.883410041523685
TOKYOTECH_s05,13,70,15.333333333333334,0.6172295212745667,-0.903995615597991
TOKYOTECH_s05,13,71,15.366666666666667,0.44595977663993835,-0.8499190864883716
TOKYOTECH_s05,13,72,15.4,0.19576919078826904,-0.7058236788568459
TOKYOTECH_s05,13,73,15.433333333333334,-0.11884570121765137,-0.47783396775496184
TOKYOTECH_s05,13,74,15.466666666666667,-0.3677184283733368,-0.190557058641281
TOKYOTECH_s05,13,75,15.5,-0.5482845306396484,0.12389751680554559
TOKYOTECH_s05,13,76,15.533333333333333,-0.6897240877151489,0.4364660461314163
TOKYOTECH_s05,13,77,15.566666666666666,-0.7469801902770996,0.7243150209454553
TOKYOTECH_s05,13,78,15.6,-0.7479953169822693,0.9674043695880472
TOKYOTECH_s05,13,79,15.633333333333333,-0.7655016183853149,1.145241235783615
TOKYOTECH_s05,13,80,15.666666666666666,-0.8082522749900818,1.2388918940815818
TOKYOTECH_s05,13,81,15.7,-0.8533003330230713,1.2371814642340158
TOKYOTECH_s05,13,82,15.733333333333333,-0.9967523217201233,1.1421433823921399
TOKYOTECH_s05,13,83,15.766666666666667,-1.1274441480636597,0.9694645159420154
TOKYOTECH_s05,13,84,15.8,-1.0711497068405151,0.7434345704671655
TOKYOTECH_s05,13,85,15.833333333333334,-0.15412545204162598,0.48964986424200685
TOKYOTECH_s05,13,86,15.866666666666667,1.4036420583724976,0.22971383729239217
TOKYOTECH_s05,13,87,15.9,2.0422394275665283,-0.020133050891908616
TOKYOTECH_s05,13,88,15.933333333333334,1.886605978012085,-0.24819856467290358
TOKYOTECH_s05,13,89,15.966666666666667,1.561038613319397,-0.4473520342967778
TOKYOTECH_s05,13,90,16.0,1.2284365892410278,-0.616177939135852
TOKYOTECH_s05,13,91,16.033333333333335,0.9167156219482422,-0.7587050625736622
TOKYOTECH_s05,13,92,16.066666666666666,0.6284492611885071,-0.8809757899827106
TOKYOTECH_s05,13,93,16.1,0.41703787446022034,-0.9859336156185126
TOKYOTECH_s05,13,94,16.133333333333333,0.4554876387119293,-1.0700943405603425
TOKYOTECH_s05,13,95,16.166666666666668,0.5868205428123474,-1.1242046438020716
TOKYOTECH_s05,13,96,16.2,0.5500715374946594,-1.1364464915336625
TOKYOTECH_s05,13,97,16.233333333333334,0.34452828764915466,-1.0945933629987679
TOKYOTECH_s05,13,98,16.266666666666666,0.06775765120983124,-0.9856230965935072
TOKYOTECH_s05,13,99,16.3,-0.25130951404571533,-0.7955876029447135
TOKYOTECH_s05,13,100,16.333333333333332,-0.53310227394104,-0.5145257643880008
TOKYOTECH_s05,13,101,16.366666666666667,-0.7272388935089111,-0.1473530680440415
TOKYOTECH_s05,13,102,16.4,-0.8325972557067871,0.27629063449755525
TOKYOTECH_s05,13,103,16.433333333333334,-0.8853299021720886,0.7031760525225837
TOKYOTECH_s05,13,104,16.466666666666665,-0.8865498304367065,1.07097395646955
TOKYOTECH_s05,13,105,16.5,-0.8679126501083374,1.3282819802408672
TOKYOTECH_s05,13,106,16.533333333333335,-0.9160505533218384,1.4495070236146763
TOKYOTECH_s05,13,107,16.566666666666666,-1.0038670301437378,1.4383229715772834
TOKYOTECH_s05,13,108,16.6,-1.1198217868804932,1.319939167269382
TOKYOTECH_s05,13,109,16.633333333333333,-1.2270145416259766,1.1276127119762152
TOKYOTECH_s05,13,110,16.666666666666668,-1.254591941833496,0.8908948208838916
TOKYOTECH_s05,13,111,16.7,-0.9213665723800659,0.6309786315759369
TOKYOTECH_s05,13,112,16.733333333333334,0.4680786430835724,0.3632229369441344
TOKYOTECH_s05,13,113,16.766666666666666,1.7387819290161133,0.10216843481498206
TOKYOTECH_s05,13,114,16.8,1.901565670967102,-0.13644692426420332
TOKYOTECH_s05,13,115,16.833333333333332,1.5579041242599487,-0.3387945806817364
TOKYOTECH_s05,13,116,16.866666666666667,1.1736112833023071,-0.49843250514450244
TOKYOTECH_s05,13,117,16.9,0.8325945138931274,-0.6192738562406219
TOKYOTECH_s05,13,118,16.933333333333334,0.46367979049682617,-0.71369054748281
TOKYOTECH_s05,13,119,16.966666666666665,0.20242977142333984,-0.7971729231917288
TOKYOTECH_s05,13,120,17.0,0.20450453460216522,-0.8820524635190861
TOKYOTECH_s05,13,121,17.033333333333335,0.4282575845718384,-0.9715874042352977
TOKYOTECH_s05,13,122,17.066666666666666,0.5428767204284668,-1.054832180549045
TOKYOTECH_s05,13,123,17.1,0.41057318449020386,-1.103948627039922
TOKYOTECH_s05,13,124,17.133333333333333,0.1262158900499344,-1.0779964535316824
TOKYOTECH_s05,13,125,17.166666666666668,-0.16343069076538086,-0.9363479723834596
TOKYOTECH_s05,13,126,17.2,-0.4252951145172119,-0.6585384661950128
TOKYOTECH_s05,13,127,17.233333333333334,-0.6615056395530701,-0.26051673329915775
TOKYOTECH_s05,13,128,17.266666666666666,-0.8417778611183167,0.20349958569977483
TOKYOTECH_s05,13,129,17.3,-0.8849559426307678,0.6570345708264764
TOKYOTECH_s05,13,130,17.333333333333332,-0.8519290089607239,1.0273161125725898
TOKYOTECH_s05,13,131,17.366666666666667,-0.8262394666671753,1.2669861151789579
TOKYOTECH_s05,13,132,17.4,-0.8660426735877991,1.3618189778780347
TOKYOTECH_s05,13,133,17.433333333333334,-0.9102892875671387,1.324742727842198
TOKYOTECH_s05,13,134,17.466666666666665,-0.9900026917457581,1.1834787223706393
TOKYOTECH_s05,13,135,17.5,-1.12396240234375,0.9697596019185657
TOKYOTECH_s05,13,136,17.533333333333335,-1.0456738471984863,0.7138376598147749
TOKYOTECH_s05,13,137,17.566666666666666,0.01997593604028225,0.4429458301957842
TOKYOTECH_s05,13,138,17.6,1.3248192071914673,0.18026899731454166
TOKYOTECH_s05,13,139,17.633333333333333,1.6170035600662231,-0.05743032863732091
TOKYOTECH_s05,13,140,17.666666666666668,1.3664567470550537,-0.26214660360430386
TOKYOTECH_s05,13,141,17.7,0.953179657459259,-0.4341599382553913
TOKYOTECH_s05,13,142,17.733333333333334,0.4918982684612274,-0.5781886992880502
TOKYOTECH_s05,13,143,17.766666666666666,0.058630503714084625,-0.6987616138877802
TOKYOTECH_s05,13,144,17.8,-0.2474360316991806,-0.797982996782436
TOKYOTECH_s05,13,145,17.833333333333332,-0.15612897276878357,-0.8761214888885502
TOKYOTECH_s05,13,146,17.866666666666667,0.15936745703220367,-0.9318160807455292
TOKYOTECH_s05,13,147,17.9,0.2818938195705414,-0.9587713310128098
TOKYOTECH_s05,13,148,17.933333333333334,0.1719406545162201,-0.941026127604042
TOKYOTECH_s05,13,149,17.966666666666665,-0.06192793697118759,-0.8533830328169397
TOKYOTECH_s05,13,150,18.0,-0.3602208197116852,-0.6714016000689311
TOKYOTECH_s05,13,151,18.033333333333335,-0.6146143674850464,-0.3876636175888502
TOKYOTECH_s05,13,152,18.066666666666666,-0.7847710251808167,-0.02400677500348985
TOKYOTECH_s05,13,153,18.1,-0.9111352562904358,0.36989296070945027
TOKYOTECH_s05,13,154,18.133333333333333,-1.0081323385238647,0.7316552068118759
TOKYOTECH_s05,13,155,18.166666666666668,-1.084114670753479,1.0057422692534594
TOKYOTECH_s05,13,156,18.2,-1.096580982208252,1.1575484115163293
TOKYOTECH_s05,13,157,18.233333333333334,-1.064115047454834,1.1780981384355802
TOKYOTECH_s05,13,158,18.266666666666666,-1.005968451499939,1.0810763899287448
TOKYOTECH_s05,13,159,18.3,-1.073927879333496,0.8960836077520838
TOKYOTECH_s05,13,160,18.333333333333332,-1.1163935661315918,0.6609917859593869
TOKYOTECH_s05,13,161,18.366666666666667,-0.3265795111656189,0.414303481532057
TOKYOTECH_s05,13,162,18.4,1.1734064817428589,0.18770717619551433
TOKYOTECH_s05,13,163,18.433333333333334,1.8992505073547363,-2.5983053334159827e-05
TOKYOTECH_s05,13,164,18.466666666666665,1.7904905080795288,-0.14539553432821428
TOKYOTECH_s05,13,165,18.5,1.486222743988037,-0.25704172169932404
TOKYOTECH_s05,13,166,18.533333333333335,1.1084747314453125,-0.34861911167688736
TOKYOTECH_s05,13,167,18.566666666666666,0.7693278193473816,-0.43200233122600556
TOKYOTECH_s05,13,168,18.6,0.4338674247264862,-0.514533670113875
TOKYOTECH_s05,13,169,18.633333333333333,0.21363167464733124,-0.6002062900556796
TOKYOTECH_s05,13,170,18.666666666666668,0.24893814325332642,-0.690704149686864
TOKYOTECH_s05,13,171,18.7,0.42828428745269775,-0.7822161923892357
TOKYOTECH_s05,13,172,18.733333333333334,0.3961300253868103,-0.8590618221733441
TOKYOTECH_s05,13,173,18.766666666666666,0.15266235172748566,-0.8906817283297649
TOKYOTECH_s05,13,174,18.8,-0.10823149979114532,-0.8387051299322017
TOKYOTECH_s05,13,175,18.833333333333332,-0.3282090425491333,-0.6741702935832384
TOKYOTECH_s05,13,176,18.866666666666667,-0.5560670495033264,-0.3957096912222876
TOKYOTECH_s05,13,177,18.9,-0.8205761313438416,-0.03639480069020854
TOKYOTECH_s05,13,178,18.933333333333334,-0.9862805604934692,0.34560300296092966
TOKYOTECH_s05,13,179,18.966666666666665,-0.9844907522201538,0.6866048790734766
TOKYOTECH_s05,13,180,19.0,-0.9923979640007019,0.9366876990609994
TOKYOTECH_s05,13,181,19.033333333333335,-1.0609005689620972,1.070799133450254
TOKYOTECH_s05,13,182,19.066666666666666,-1.0925740003585815,1.0899797799523818
TOKYOTECH_s05,13,183,19.1,-1.0720312595367432,1.0156173997925526
TOKYOTECH_s05,13,184,19.133333333333333,-1.0915766954421997,0.8804777767888212
TOKYOTECH_s05,13,185,19.166666666666668,-1.2145659923553467,0.7188558184860177
TOKYOTECH_s05,13,186,19.2,-0.9377152323722839,0.5573998117081639
TOKYOTECH_s05,13,187,19.233333333333334,0.5473734736442566,0.4087454195527356
TOKYOTECH_s05,13,188,19.266666666666666,1.8759918212890625,0.2707656601707129
TOKYOTECH_s05,13,189,19.3,2.0376980304718018,0.1326267881194393
TOKYOTECH_s05,13,190,19.333333333333332,1.7592800855636597,-0.015458712710823785
TOKYOTECH_s05,13,191,19.366666666666667,1.467665672302246,-0.17503139912602925
TOKYOTECH_s05,13,192,19.4,1.1768258810043335,-0.33930667171039763
TOKYOTECH_s05,13,193,19.433333333333334,0.7993271946907043,-0.49926254343624893
TOKYOTECH_s05,13,194,19.466666666666665,0.46518465876579285,-0.6497651808636864
TOKYOTECH_s05,13,195,19.5,0.39604097604751587,-0.7895240881558893
TOKYOTECH_s05,13,196,19.533333333333335,0.4732699990272522,-0.9146528750157068
TOKYOTECH_s05,13,197,19.566666666666666,0.5651469230651855,-1.0120138952482995
TOKYOTECH_s05,13,198,19.6,0.4641072154045105,-1.0592314266984857
TOKYOTECH_s05,13,199,19.633333333333333,0.17278659343719482,-1.033039688624533
TOKYOTECH_s05,13,200,19.666666666666668,-0.16107098758220673,-0.9208078335444452
TOKYOTECH_s05,13,201,19.7,-0.4392930567264557,-0.7274133305741188
TOKYOTECH_s05,13,202,19.733333333333334,-0.6859663724899292,-0.47364616970820855
TOKYOTECH_s05,13,203,19.766666666666666,-0.8317246437072754,-0.18890569789386444
TOKYOTECH_s05,13,204,19.8,-0.8709312677383423,0.09584393091448744
TOKYOTECH_s05,13,205,19.833333333333332,-0.980510413646698,0.35133932432430237
TOKYOTECH_s05,13,206,19.866666666666667,-1.0444984436035156,0.5515998394333211
TOKYOTECH_s05,13,207,19.9,-0.9738587737083435,0.67829888890451
TOKYOTECH_s05,13,208,19.933333333333334,-0.9427641034126282,0.7280940601294731
TOKYOTECH_s05,13,209,19.966666666666665,-1.014775037765503,0.7172883229323992
TOKYOTECH_s05,13,210,20.0,-1.1361171007156372,0.6777204723964427
TOKYOTECH_s05,13,211,20.033333333333335,-1.2276912927627563,0.643368346984715
TOKYOTECH_s05,13,212,20.066666666666666,-1.1356630325317383,0.6345013547406189
TOKYOTECH_s05,13,213,20.1,-0.10967403650283813,0.6490855203445061
TOKYOTECH_s05,13,214,20.133333333333333,1.5012179613113403,0.6664655139699506
TOKYOTECH_s05,13,215,20.166666666666668,2.1408839225769043,0.66021734876533
TOKYOTECH_s05,13,216,20.2,1.9236310720443726,0.6118374455742143
TOKYOTECH_s05,13,217,20.233333333333334,1.5288575887680054,0.5175142497086868
TOKYOTECH_s05,13,218,20.266666666666666,1.1778855323791504,0.385594270363851
TOKYOTECH_s05,13,219,20.3,0.8013663291931152,0.2285191914763333
TOKYOTECH_s05,13,220,20.333333333333332,0.4647839665412903,0.05582469742472805
TOKYOTECH_s05,13,221,20.366666666666667,0.31647008657455444,-0.12726709192727942
TOKYOTECH_s05,13,222,20.4,0.3716782033443451,-0.31623286058093597
TOKYOTECH_s05,13,223,20.433333333333334,0.465629905462265,-0.5026735558864166
TOKYOTECH_s05,13,224,20.466666666666665,0.3846609890460968,-0.6718643030650148
TOKYOTECH_s05,13,225,20.5,0.2054395079612732,-0.8028479615876204
TOKYOTECH_s05,13,226,20.533333333333335,-0.021528081968426704,-0.8708072272197515
TOKYOTECH_s05,13,227,20.566666666666666,-0.3495888113975525,-0.8522614486557016
TOKYOTECH_s05,13,228,20.6,-0.7127066850662231,-0.7334815204560752
TOKYOTECH_s05,13,229,20.633333333333333,-0.8612876534461975,-0.520034328603986
TOKYOTECH_s05,13,230,20.666666666666668,-0.907315194606781,-0.2419052130511409
TOKYOTECH_s05,13,231,20.7,-0.9972865581512451,0.051315909032804356
TOKYOTECH_s05,13,232,20.733333333333334,-0.9874916076660156,0.3050012298923171
TOKYOTECH_s05,13,233,20.766666666666666,-0.9879190325737,0.4770326678902863
TOKYOTECH_s05,13,234,20.8,-0.9364597201347351,0.5498170359570461
TOKYOTECH_s05,13,235,20.833333333333332,-1.0530823469161987,0.5316784300370921
TOKYOTECH_s05,13,236,20.866666666666667,-1.1001695394515991,0.44812443332395807
TOKYOTECH_s05,13,237,20.9,-1.1702837944030762,0.32820230698635344
TOKYOTECH_s05,13,238,20.933333333333334,-1.1784759759902954,0.19291755025187854
TOKYOTECH_s05,13,239,20.966666666666665,-0.18026915192604065,0.05088007044441575
TOKYOTECH_s05,14,0,14.0,-0.8542886972427368,-0.05333352600989224
TOKYOTECH_s05,14,1,14.033333333333333,-0.840103805065155,-1.432504179234104
TOKYOTECH_s05,14,2,14.066666666666666,-0.9002628326416016,-2.6127600675456555
TOKYOTECH_s05,14,3,14.1,-0.9139935970306396,-3.4412602304781044
TOKYOTECH_s05,14,4,14.133333333333333,-0.36421895027160645,-3.84542872637799
TOKYOTECH_s05,14,5,14.166666666666666,1.0283071994781494,-3.8447127970286763
TOKYOTECH_s05,14,6,14.2,1.9466047286987305,-3.5334026468557287
TOKYOTECH_s05,14,7,14.233333333333333,1.960852026939392,-3.0420010984674617
TOKYOTECH_s05,14,8,14.266666666666667,1.647278904914856,-2.4946170977459277
TOKYOTECH_s05,14,9,14.3,1.2954075336456299,-1.9799372727179796
TOKYOTECH_s05,14,10,14.333333333333334,0.9231001734733582,-1.5439168643917176
TOKYOTECH_s05,14,11,14.366666666666667,0.5573198795318604,-1.199591361224268
TOKYOTECH_s05,14,12,14.4,0.3124808669090271,-0.9413039047916829
TOKYOTECH_s05,14,13,14.433333333333334,0.33066391944885254,-0.7524028858541844
TOKYOTECH_s05,14,14,14.466666666666667,0.514578104019165,-0.6055591175457485
TOKYOTECH_s05,14,15,14.5,0.5290746688842773,-0.46347132230581056
TOKYOTECH_s05,14,16,14.533333333333333,0.34426113963127136,-0.2867002214091994
TOKYOTECH_s05,14,17,14.566666666666666,0.09043748676776886,-0.047360565518876366
TOKYOTECH_s05,14,18,14.6,-0.20544226467609406,0.25948200639217456
TOKYOTECH_s05,14,19,14.633333333333333,-0.4714205861091614,0.6145916560130245
TOKYOTECH_s05,14,20,14.666666666666666,-0.68252032995224,0.9838703309353898
TOKYOTECH_s05,14,21,14.7,-0.8075132369995117,1.331025454947114
TOKYOTECH_s05,14,22,14.733333333333333,-0.8196501135826111,1.625853678007934
TOKYOTECH_s05,14,23,14.766666666666667,-0.8059549331665039,1.845786790770071
TOKYOTECH_s05,14,24,14.8,-0.8307807445526123,1.9742067496360476
TOKYOTECH_s05,14,25,14.833333333333334,-0.8511276245117188,2.0004816419202798
TOKYOTECH_s05,14,26,14.866666666666667,-0.8943056464195251,1.9228061539200914
TOKYOTECH_s05,14,27,14.9,-0.9982215762138367,1.7505774224744897
TOKYOTECH_s05,14,28,14.933333333333334,-1.0124598741531372,1.5029929253134557
TOKYOTECH_s05,14,29,14.966666666666667,-0.29836103320121765,1.2038895537596133
TOKYOTECH_s05,14,30,15.0,1.2237616777420044,0.8758707357469075
TOKYOTECH_s05,14,31,15.033333333333333,2.1060848236083984,0.5371299731789204
TOKYOTECH_s05,14,32,15.066666666666666,2.1077589988708496,0.2019675713016602
TOKYOTECH_s05,14,33,15.1,1.8155745267868042,-0.11701091940863854
TOKYOTECH_s05,14,34,15.133333333333333,1.4543712139129639,-0.4080691224214263
TOKYOTECH_s05,14,35,15.166666666666666,1.136719822883606,-0.6621076899228311
TOKYOTECH_s05,14,36,15.2,0.821935772895813,-0.8749310884475441
TOKYOTECH_s05,14,37,15.233333333333333,0.5759837627410889,-1.0465711558811015
TOKYOTECH_s05,14,38,15.266666666666667,0.4934387505054474,-1.1768144654054278
TOKYOTECH_s05,14,39,15.3,0.612554669380188,-1.2601373620103495
TOKYOTECH_s05,14,40,15.333333333333334,0.6172295212745667,-1.2848301737404182
TOKYOTECH_s05,14,41,15.366666666666667,0.44595977663993835,-1.238355784676574
TOKYOTECH_s05,14,42,15.4,0.19576919078826904,-1.1155536666146237
TOKYOTECH_s05,14,43,15.433333333333334,-0.11884570121765137,-0.923211344930995
TOKYOTECH_s05,14,44,15.466666666666667,-0.3677184283733368,-0.6773192399200743
TOKYOTECH_s05,14,45,15.5,-0.5482845306396484,-0.3956443567423423
TOKYOTECH_s05,14,46,15.533333333333333,-0.6897240877151489,-0.09263273692949078
TOKYOTECH_s05,14,47,15.566666666666666,-0.7469801902770996,0.21845119804642182
TOKYOTECH_s05,14,48,15.6,-0.7479953169822693,0.5190302750322506
TOKYOTECH_s05,14,49,15.633333333333333,-0.7655016183853149,0.7823594944102455
TOKYOTECH_s05,14,50,15.666666666666666,-0.8082522749900818,0.9785895855612882
TOKYOTECH_s05,14,51,15.7,-0.8533003330230713,1.0844593714608566
TOKYOTECH_s05,14,52,15.733333333333333,-0.9967523217201233,1.090863839627346
TOKYOTECH_s05,14,53,15.766666666666667,-1.1274441480636597,1.0038301239823113
TOKYOTECH_s05,14,54,15.8,-1.0711497068405151,0.8395178529037797
TOKYOTECH_s05,14,55,15.833333333333334,-0.15412545204162598,0.6177373296166585
TOKYOTECH_s05,14,56,15.866666666666667,1.4036420583724976,0.3584725686744572
TOKYOTECH_s05,14,57,15.9,2.0422394275665283,0.08246819818894441
TOKYOTECH_s05,14,58,15.933333333333334,1.886605978012085,-0.18707704913802903
TOKYOTECH_s05,14,59,15.966666666666667,1.561038613319397,-0.425717768010018
TOKYOTECH_s05,14,60,16.0,1.2284365892410278,-0.612788493576877
TOKYOTECH_s05,14,61,16.033333333333335,0.9167156219482422,-0.7373042443281476
TOKYOTECH_s05,14,62,16.066666666666666,0.6284492611885071,-0.8009505111242166
TOKYOTECH_s05,14,63,16.1,0.41703787446022034,-0.8165429332890584
TOKYOTECH_s05,14,64,16.133333333333333,0.4554876387119293,-0.8031099516005075
TOKYOTECH_s05,14,65,16.166666666666668,0.5868205428123474,-0.7797380074384639
TOKYOTECH_s05,14,66,16.2,0.5500715374946594,-0.759123419142281
TOKYOTECH_s05,14,67,16.233333333333334,0.34452828764915466,-0.7411323558554426
TOKYOTECH_s05,14,68,16.266666666666666,0.06775765120983124,-0.7085690499995065
TOKYOTECH_s05,14,69,16.3,-0.25130951404571533,-0.6295042439355314
TOKYOTECH_s05,14,70,16.333333333333332,-0.53310227394104,-0.46929230732914223
TOKYOTECH_s05,14,71,16.366666666666667,-0.7272388935089111,-0.20946940943655398
TOKYOTECH_s05,14,72,16.4,-0.8325972557067871,0.1367301456234233
TOKYOTECH_s05,14,73,16.433333333333334,-0.8853299021720886,0.5234178416704848
TOKYOTECH_s05,14,74,16.466666666666665,-0.8865498304367065,0.8875374031102296
TOKYOTECH_s05,14,75,16.5,-0.8679126501083374,1.1715322092136178
TOKYOTECH_s05,14,76,16.533333333333335,-0.9160505533218384,1.3407962406694038
TOKYOTECH_s05,14,77,16.566666666666666,-1.0038670301437378,1.3885942472532231
TOKYOTECH_s05,14,78,16.6,-1.1198217868804932,1.3290744455370993
TOKYOTECH_s05,14,79,16.633333333333333,-1.2270145416259766,1.1849690849595664
TOKYOTECH_s05,14,80,16.666666666666668,-1.254591941833496,0.9778674750547625
TOKYOTECH_s05,14,81,16.7,-0.9213665723800659,0.7255854703989038
TOKYOTECH_s05,14,82,16.733333333333334,0.4680786430835724,0.4455517100661537
TOKYOTECH_s05,14,83,16.766666666666666,1.7387819290161133,0.15894524266248009
TOKYOTECH_s05,14,84,16.8,1.901565670967102,-0.10972614557751292
TOKYOTECH_s05,14,85,16.833333333333332,1.5579041242599487,-0.33888448053886555
TOKYOTECH_s05,14,86,16.866666666666667,1.1736112833023071,-0.5179621283660739
TOKYOTECH_s05,14,87,16.9,0.8325945138931274,-0.6512678501574503
TOKYOTECH_s05,14,88,16.933333333333334,0.46367979049682617,-0.7548729600358514
TOKYOTECH_s05,14,89,16.966666666666665,0.20242977142333984,-0.8485828877593249
TOKYOTECH_s05,14,90,17.0,0.20450453460216522,-0.9469284091405186
TOKYOTECH_s05,14,91,17.033333333333335,0.4282575845718384,-1.051919325143608
TOKYOTECH_s05,14,92,17.066666666666666,0.5428767204284668,-1.1486002496269145
TOKYOTECH_s05,14,93,17.1,0.41057318449020386,-1.2045852720149797
TOKYOTECH_s05,14,94,17.133333333333333,0.1262158900499344,-1.1764176857437785
TOKYOTECH_s05,14,95,17.166666666666668,-0.16343069076538086,-1.0245983017711577
TOKYOTECH_s05,14,96,17.2,-0.4252951145172119,-0.7332102104699032
TOKYOTECH_s05,14,97,17.233333333333334,-0.6615056395530701,-0.32406808692507355
TOKYOTECH_s05,14,98,17.266666666666666,-0.8417778611183167,0.14444137027943088
TOKYOTECH_s05,14,99,17.3,-0.8849559426307678,0.5957488705795202
TOKYOTECH_s05,14,100,17.333333333333332,-0.8519290089607239,0.9615112773567166
TOKYOTECH_s05,14,101,17.366666666666667,-0.8262394666671753,1.2015403594241862
TOKYOTECH_s05,14,102,17.4,-0.8660426735877991,1.308418832054778
TOKYOTECH_s05,14,103,17.433333333333334,-0.9102892875671387,1.2986474990327546
TOKYOTECH_s05,14,104,17.466666666666665,-0.9900026917457581,1.1988563278600308
TOKYOTECH_s05,14,105,17.5,-1.12396240234375,1.0353293322978538
TOKYOTECH_s05,14,106,17.533333333333335,-1.0456738471984863,0.8300375690473323
TOKYOTECH_s05,14,107,17.566666666666666,0.01997593604028225,0.6011086686455154
TOKYOTECH_s05,14,108,17.6,1.3248192071914673,0.3638729576268818
TOKYOTECH_s05,14,109,17.633333333333333,1.6170035600662231,0.1303925876990929
TOKYOTECH_s05,14,110,17.666666666666668,1.3664567470550537,-0.09168122635579028
TOKYOTECH_s05,14,111,17.7,0.953179657459259,-0.298736181226148
TOKYOTECH_s05,14,112,17.733333333333334,0.4918982684612274,-0.48857403206432476
TOKYOTECH_s05,14,113,17.766666666666666,0.058630503714084625,-0.6573537080211972
TOKYOTECH_s05,14,114,17.8,-0.2474360316991806,-0.798873426445525
TOKYOTECH_s05,14,115,17.833333333333332,-0.15612897276878357,-0.906814595466181
TOKYOTECH_s05,14,116,17.866666666666667,0.15936745703220367,-0.976770930238749
TOKYOTECH_s05,14,117,17.9,0.2818938195705414,-1.0043037986479435
TOKYOTECH_s05,14,118,17.933333333333334,0.1719406545162201,-0.9801245875907247
TOKYOTECH_s05,14,119,17.966666666666665,-0.06192793697118759,-0.8883811602194551
TOKYOTECH_s05,14,120,18.0,-0.3602208197116852,-0.7128511076902712
TOKYOTECH_s05,14,121,18.033333333333335,-0.6146143674850464,-0.4492635147385887
TOKYOTECH_s05,14,122,18.066666666666666,-0.7847710251808167,-0.11544824938416348
TOKYOTECH_s05,14,123,18.1,-0.9111352562904358,0.2490352533779482
TOKYOTECH_s05,14,124,18.133333333333333,-1.0081323385238647,0.5943313618790197
TOKYOTECH_s05,14,125,18.166666666666668,-1.084114670753479,0.8753533596522604
TOKYOTECH_s05,14,126,18.2,-1.096580982208252,1.0624400875349829
TOKYOTECH_s05,14,127,18.233333333333334,-1.064115047454834,1.1445629731907054
TOKYOTECH_s05,14,128,18.266666666666666,-1.005968451499939,1.1268735382333823
TOKYOTECH_s05,14,129,18.3,-1.073927879333496,1.0260197500563677
TOKYOTECH_s05,14,130,18.333333333333332,-1.1163935661315918,0.8652678264995438
TOKYOTECH_s05,14,131,18.366666666666667,-0.3265795111656189,0.6694774023907746
TOKYOTECH_s05,14,132,18.4,1.1734064817428589,0.4597276281163356
TOKYOTECH_s05,14,133,18.433333333333334,1.8992505073547363,0.24887233353926533
TOKYOTECH_s05,14,134,18.466666666666665,1.7904905080795288,0.0406787584514601
TOKYOTECH_s05,14,135,18.5,1.486222743988037,-0.1658802979466632
TOKYOTECH_s05,14,136,18.533333333333335,1.1084747314453125,-0.36944090496822046
TOKYOTECH_s05,14,137,18.566666666666666,0.7693278193473816,-0.5614535076282354
TOKYOTECH_s05,14,138,18.6,0.4338674247264862,-0.7278062663810804
TOKYOTECH_s05,14,139,18.633333333333333,0.21363167464733124,-0.8559123281645566
TOKYOTECH_s05,14,140,18.666666666666668,0.24893814325332642,-0.9412831808314167
TOKYOTECH_s05,14,141,18.7,0.42828428745269775,-0.9871749788704209
TOKYOTECH_s05,14,142,18.733333333333334,0.3961300253868103,-0.9965639126369665
TOKYOTECH_s05,14,143,18.766666666666666,0.15266235172748566,-0.9629635695254568
TOKYOTECH_s05,14,144,18.8,-0.10823149979114532,-0.8691178761964131
TOKYOTECH_s05,14,145,18.833333333333332,-0.3282090425491333,-0.697273085347868
TOKYOTECH_s05,14,146,18.866666666666667,-0.5560670495033264,-0.4445562105044469
TOKYOTECH_s05,14,147,18.9,-0.8205761313438416,-0.13160464703296385
TOKYOTECH_s05,14,148,18.933333333333334,-0.9862805604934692,0.20188877408658218
TOKYOTECH_s05,14,149,18.966666666666665,-0.9844907522201538,0.5108685259318828
TOKYOTECH_s05,14,150,19.0,-0.9923979640007019,0.7587366102286078
TOKYOTECH_s05,14,151,19.033333333333335,-1.0609005689620972,0.9245022048587074
TOKYOTECH_s05,14,152,19.066666666666666,-1.0925740003585815,1.002912296583049
TOKYOTECH_s05,14,153,19.1,-1.0720312595367432,1.001506692070609
TOKYOTECH_s05,14,154,19.133333333333333,-1.0915766954421997,0.9372092080678222
TOKYOTECH_s05,14,155,19.166666666666668,-1.2145659923553467,0.8318811406317566
TOKYOTECH_s05,14,156,19.2,-0.9377152323722839,0.706140675246935
TOKYOTECH_s05,14,157,19.233333333333334,0.5473734736442566,0.5732654212143753
TOKYOTECH_s05,14,158,19.266666666666666,1.8759918212890625,0.43680424343096885
TOKYOTECH_s05,14,159,19.3,2.0376980304718018,0.29407747644598636
TOKYOTECH_s05,14,160,19.333333333333332,1.7592800855636597,0.14332696162203665
TOKYOTECH_s05,14,161,19.366666666666667,1.467665672302246,-0.011091351204660049
TOKYOTECH_s05,14,162,19.4,1.1768258810043335,-0.15978261423900522
TOKYOTECH_s05,14,163,19.433333333333334,0.7993271946907043,-0.29483146626141843
TOKYOTECH_s05,14,164,19.466666666666665,0.46518465876579285,-0.4159201159224405
TOKYOTECH_s05,14,165,19.5,0.39604097604751587,-0.5298215679397172
TOKYOTECH_s05,14,166,19.533333333333335,0.4732699990272522,-0.6425137447964886
TOKYOTECH_s05,14,167,19.566666666666666,0.5651469230651855,-0.7497621146479362
TOKYOTECH_s05,14,168,19.6,0.4641072154045105,-0.8339310589322417
TOKYOTECH_s05,14,169,19.633333333333333,0.17278659343719482,-0.870382498693669
TOKYOTECH_s05,14,170,19.666666666666668,-0.16107098758220673,-0.8392546415202996
TOKYOTECH_s05,14,171,19.7,-0.4392930567264557,-0.734343910485953
TOKYOTECH_s05,14,172,19.733333333333334,-0.6859663724899292,-0.5641817278166149
TOKYOTECH_s05,14,173,19.766666666666666,-0.8317246437072754,-0.3472639349018259
TOKYOTECH_s05,14,174,19.8,-0.8709312677383423,-0.10715330685618628
TOKYOTECH_s05,14,175,19.833333333333332,-0.980510413646698,0.12917584457595985
TOKYOTECH_s05,14,176,19.866666666666667,-1.0444984436035156,0.33247068432754856
TOKYOTECH_s05,14,177,19.9,-0.9738587737083435,0.47699451319152003
TOKYOTECH_s05,14,178,19.933333333333334,-0.9427641034126282,0.550887340062733
TOKYOTECH_s05,14,179,19.966666666666665,-1.014775037765503,0.5639874416388023
TOKYOTECH_s05,14,180,20.0,-1.1361171007156372,0.5452925470995613
TOKYOTECH_s05,14,181,20.033333333333335,-1.2276912927627563,0.5288307324270329
TOKYOTECH_s05,14,182,20.066666666666666,-1.1356630325317383,0.5356402569248485
TOKYOTECH_s05,14,183,20.1,-0.10967403650283813,0.5632755076341741
TOKYOTECH_s05,14,184,20.133333333333333,1.5012179613113403,0.5889801535001052
TOKYOTECH_s05,14,185,20.166666666666668,2.1408839225769043,0.5833032470699174
TOKYOTECH_s05,14,186,20.2,1.9236310720443726,0.5250150192103774
TOKYOTECH_s05,14,187,20.233333333333334,1.5288575887680054,0.40887208923122015
TOKYOTECH_s05,14,188,20.266666666666666,1.1778855323791504,0.24365205602986084
TOKYOTECH_s05,14,189,20.3,0.8013663291931152,0.044375140104199316
TOKYOTECH_s05,14,190,20.333333333333332,0.4647839665412903,-0.17465216358960325
TOKYOTECH_s05,14,191,20.366666666666667,0.31647008657455444,-0.40156130775882554
TOKYOTECH_s05,14,192,20.4,0.3716782033443451,-0.6239826020742393
TOKYOTECH_s05,14,193,20.433333333333334,0.465629905462265,-0.8253402297540814
TOKYOTECH_s05,14,194,20.466666666666665,0.3846609890460968,-0.9834446884997765
TOKYOTECH_s05,14,195,20.5,0.2054395079612732,-1.0721064539269205
TOKYOTECH_s05,14,196,20.533333333333335,-0.021528081968426704,-1.0658182883937464
TOKYOTECH_s05,14,197,20.566666666666666,-0.3495888113975525,-0.9474590481866434
TOKYOTECH_s05,14,198,20.6,-0.7127066850662231,-0.7173694408985589
TOKYOTECH_s05,14,199,20.633333333333333,-0.8612876534461975,-0.39965730935258115
TOKYOTECH_s05,14,200,20.666666666666668,-0.907315194606781,-0.040598726655525115
TOKYOTECH_s05,14,201,20.7,-0.9972865581512451,0.30311189345005546
TOKYOTECH_s05,14,202,20.733333333333334,-0.9874916076660156,0.5822055672005617
TOKYOTECH_s05,14,203,20.766666666666666,-0.9879190325737,0.7700379172087347
TOKYOTECH_s05,14,204,20.8,-0.9364597201347351,0.867677720730099
TOKYOTECH_s05,14,205,20.833333333333332,-1.0530823469161987,0.8971697259857938
TOKYOTECH_s05,14,206,20.866666666666667,-1.1001695394515991,0.8872388623151768
TOKYOTECH_s05,14,207,20.9,-1.1702837944030762,0.8589047090710665
TOKYOTECH_s05,14,208,20.933333333333334,-1.1784759759902954,0.8177223293234533
TOKYOTECH_s05,14,209,20.966666666666665,-0.18026915192604065,0.7552562488074707
TOKYOTECH_s05,14,210,21.0,1.4448165893554688,0.6571915827338489
TOKYOTECH_s05,14,211,21.033333333333335,2.0860230922698975,0.5125066188256902
TOKYOTECH_s05,14,212,21.066666666666666,1.8336952924728394,0.31918803767987985
TOKYOTECH_s05,14,213,21.1,1.3876495361328125,0.08537384070062251
TOKYOTECH_s05,14,214,21.133333333333333,0.9618616104125977,-0.17244132628502162
TOKYOTECH_s05,14,215,21.166666666666668,0.5891802906990051,-0.43209761585101997
TOKYOTECH_s05,14,216,21.2,0.23359562456607819,-0.6688470091275753
TOKYOTECH_s05,14,217,21.233333333333334,0.14040081202983856,-0.8593444282649466
TOKYOTECH_s05,14,218,21.266666666666666,0.3180462121963501,-0.9860189310699505
TOKYOTECH_s05,14,219,21.3,0.48558494448661804,-1.0397761725500365
TOKYOTECH_s05,14,220,21.333333333333332,0.4484441578388214,-1.0193486980631243
TOKYOTECH_s05,14,221,21.366666666666667,0.22120052576065063,-0.9279734343552928
TOKYOTECH_s05,14,222,21.4,-0.03436841443181038,-0.7706113664419246
TOKYOTECH_s05,14,223,21.433333333333334,-0.27989304065704346,-0.5549550823289745
TOKYOTECH_s05,14,224,21.466666666666665,-0.5397005677223206,-0.2960790762577618
TOKYOTECH_s05,14,225,21.5,-0.7881725430488586,-0.020573017323103248
TOKYOTECH_s05,14,226,21.533333333333335,-0.8734868764877319,0.23497762274908093
TOKYOTECH_s05,14,227,21.566666666666666,-0.8139422535896301,0.4329520851851492
TOKYOTECH_s05,14,228,21.6,-0.8674585223197937,0.5471219505235123
TOKYOTECH_s05,14,229,21.633333333333333,-0.8659892678260803,0.5710816712353085
TOKYOTECH_s05,14,230,21.666666666666668,-0.862881600856781,0.5174419111063047
TOKYOTECH_s05,14,231,21.7,-1.0021483898162842,0.40906065321529506
TOKYOTECH_s05,14,232,21.733333333333334,-0.7515838742256165,0.26954311155440186
TOKYOTECH_s05,14,233,21.766666666666666,0.5316836833953857,0.12015041668908397
TOKYOTECH_s05,14,234,21.8,1.7374640703201294,-0.016801363276344006
TOKYOTECH_s05,14,235,21.833333333333332,1.9089653491973877,-0.11490768072774869
TOKYOTECH_s05,14,236,21.866666666666667,1.5483139753341675,-0.14759388736597173
TOKYOTECH_s05,14,237,21.9,1.1628813743591309,-0.09903344870255361
TOKYOTECH_s05,14,238,21.933333333333334,0.7833346724510193,0.02481369442445722
TOKYOTECH_s05,14,239,21.966666666666665,0.3354990780353546,0.1934433720824408
TOKYOTECH_s05,15,0,15.0,1.2237616777420044,-0.15031503341245644
TOKYOTECH_s05,15,1,15.033333333333333,2.1060848236083984,-1.5756123675649465
TOKYOTECH_s05,15,2,15.066666666666666,2.1077589988708496,-2.7970756787657325
TOKYOTECH_s05,15,3,15.1,1.8155745267868042,-3.6593318347894193
TOKYOTECH_s05,15,4,15.133333333333333,1.4543712139129639,-4.0872471392811445
TOKYOTECH_s05,15,5,15.166666666666666,1.136719822883606,-4.099112134177638
TOKYOTECH_s05,15,6,15.2,0.821935772895813,-3.790999365157669
TOKYOTECH_s05,15,7,15.233333333333333,0.5759837627410889,-3.2982801186235258
TOKYOTECH_s05,15,8,15.266666666666667,0.4934387505054474,-2.7503659427925915
TOKYOTECH_s05,15,9,15.3,0.612554669380188,-2.236401800221513
TOKYOTECH_s05,15,10,15.333333333333334,0.6172295212745667,-1.7928979846493196
TOKYOTECH_s05,15,11,15.366666666666667,0.44595977663993835,-1.4131309202850564
TOKYOTECH_s05,15,12,15.4,0.19576919078826904,-1.0684395909297204
TOKYOTECH_s05,15,13,15.433333333333334,-0.11884570121765137,-0.7284864920499367
TOKYOTECH_s05,15,14,15.466666666666667,-0.3677184283733368,-0.3724197994710682
TOKYOTECH_s05,15,15,15.5,-0.5482845306396484,0.008851061930181814
TOKYOTECH_s05,15,16,15.533333333333333,-0.6897240877151489,0.41362925018019137
TOKYOTECH_s05,15,17,15.566666666666666,-0.7469801902770996,0.8288497607643207
TOKYOTECH_s05,15,18,15.6,-0.7479953169822693,1.228735456492406
TOKYOTECH_s05,15,19,15.633333333333333,-0.7655016183853149,1.5773176999725425
TOKYOTECH_s05,15,20,15.666666666666666,-0.8082522749900818,1.8369333600333537
TOKYOTECH_s05,15,21,15.7,-0.8533003330230713,1.979391288379126
TOKYOTECH_s05,15,22,15.733333333333333,-0.9967523217201233,1.9940069907385385
TOKYOTECH_s05,15,23,15.766666666666667,-1.1274441480636597,1.8887188706142461
TOKYOTECH_s05,15,24,15.8,-1.0711497068405151,1.6850032861426762
TOKYOTECH_s05,15,25,15.833333333333334,-0.15412545204162598,1.4107302282063925
TOKYOTECH_s05,15,26,15.866666666666667,1.4036420583724976,1.0949366545326937
TOKYOTECH_s05,15,27,15.9,2.0422394275665283,0.7654484620847561
TOKYOTECH_s05,15,28,15.933333333333334,1.886605978012085,0.4471921256683929
TOKYOTECH_s05,15,29,15.966666666666667,1.561038613319397,0.15896789995112978
TOKYOTECH_s05,15,30,16.0,1.2284365892410278,-0.09024152090089514
TOKYOTECH_s05,15,31,16.033333333333335,0.9167156219482422,-0.3018664147220135
TOKYOTECH_s05,15,32,16.066666666666666,0.6284492611885071,-0.4835254395039761
TOKYOTECH_s05,15,33,16.1,0.41703787446022034,-0.6422992917899525
TOKYOTECH_s05,15,34,16.133333333333333,0.4554876387119293,-0.7798738932956591
TOKYOTECH_s05,15,35,16.166666666666668,0.5868205428123474,-0.8921280577288702
TOKYOTECH_s05,15,36,16.2,0.5500715374946594,-0.9715252993071154
TOKYOTECH_s05,15,37,16.233333333333334,0.34452828764915466,-1.0083841913720994
TOKYOTECH_s05,15,38,16.266666666666666,0.06775765120983124,-0.989570059138995
TOKYOTECH_s05,15,39,16.3,-0.25130951404571533,-0.8978298596867907
TOKYOTECH_s05,15,40,16.333333333333332,-0.53310227394104,-0.7169224023510552
TOKYOTECH_s05,15,41,16.366666666666667,-0.7272388935089111,-0.44349808123818657
TOKYOTECH_s05,15,42,16.4,-0.8325972557067871,-0.09845714173758612
TOKYOTECH_s05,15,43,16.433333333333334,-0.8853299021720886,0.2725065779337409
TOKYOTECH_s05,15,44,16.466666666666665,-0.8865498304367065,0.6118827232139341
TOKYOTECH_s05,15,45,16.5,-0.8679126501083374,0.8692675930448249
TOKYOTECH_s05,15,46,16.533333333333335,-0.9160505533218384,1.0157150790014668
TOKYOTECH_s05,15,47,16.566666666666666,-1.0038670301437378,1.0475031176973835
TOKYOTECH_s05,15,48,16.6,-1.1198217868804932,0.9799869539074064
TOKYOTECH_s05,15,49,16.633333333333333,-1.2270145416259766,0.8369872706931266
TOKYOTECH_s05,15,50,16.666666666666668,-1.254591941833496,0.642089535479357
TOKYOTECH_s05,15,51,16.7,-0.9213665723800659,0.4155285012307991
TOKYOTECH_s05,15,52,16.733333333333334,0.4680786430835724,0.17597216548037425
TOKYOTECH_s05,15,53,16.766666666666666,1.7387819290161133,-0.05669899225436906
TOKYOTECH_s05,15,54,16.8,1.901565670967102,-0.261617884231967
TOKYOTECH_s05,15,55,16.833333333333332,1.5579041242599487,-0.4213007144805777
TOKYOTECH_s05,15,56,16.866666666666667,1.1736112833023071,-0.52757647193122
TOKYOTECH_s05,15,57,16.9,0.8325945138931274,-0.5850166631594402
TOKYOTECH_s05,15,58,16.933333333333334,0.46367979049682617,-0.6098273925431553
TOKYOTECH_s05,15,59,16.966666666666665,0.20242977142333984,-0.62493580332069
TOKYOTECH_s05,15,60,17.0,0.20450453460216522,-0.6526893471624319
TOKYOTECH_s05,15,61,17.033333333333335,0.4282575845718384,-0.7061440905648609
TOKYOTECH_s05,15,62,17.066666666666666,0.5428767204284668,-0.7805339914194446
TOKYOTECH_s05,15,63,17.1,0.41057318449020386,-0.8485217175557431
TOKYOTECH_s05,15,64,17.133333333333333,0.1262158900499344,-0.8643333473896156
TOKYOTECH_s05,15,65,17.166666666666668,-0.16343069076538086,-0.7794063957456481
TOKYOTECH_s05,15,66,17.2,-0.4252951145172119,-0.5649696096545239
TOKYOTECH_s05,15,67,17.233333333333334,-0.6615056395530701,-0.2302354327687975
TOKYOTECH_s05,15,68,17.266666666666666,-0.8417778611183167,0.17519410810506508
TOKYOTECH_s05,15,69,17.3,-0.8849559426307678,0.5779638856534725
TOKYOTECH_s05,15,70,17.333333333333332,-0.8519290089607239,0.9079274644393328
TOKYOTECH_s05,15,71,17.366666666666667,-0.8262394666671753,1.1203524638254694
TOKYOTECH_s05,15,72,17.4,-0.8660426735877991,1.2032214805067938
TOKYOTECH_s05,15,73,17.433333333333334,-0.9102892875671387,1.1702325725607508
TOKYOTECH_s05,15,74,17.466666666666665,-0.9900026917457581,1.047621610503243
TOKYOTECH_s05,15,75,17.5,-1.12396240234375,0.8634333401259693
TOKYOTECH_s05,15,76,17.533333333333335,-1.0456738471984863,0.642901029767199
TOKYOTECH_s05,15,77,17.566666666666666,0.01997593604028225,0.408007933243463
TOKYOTECH_s05,15,78,17.6,1.3248192071914673,0.1773876254912698
TOKYOTECH_s05,15,79,17.633333333333333,1.6170035600662231,-0.03528881642011657
TOKYOTECH_s05,15,80,17.666666666666668,1.3664567470550537,-0.22306517630117448
TOKYOTECH_s05,15,81,17.7,0.953179657459259,-0.3850711600996539
TOKYOTECH_s05,15,82,17.733333333333334,0.4918982684612274,-0.5231800076289151
TOKYOTECH_s05,15,83,17.766666666666666,0.058630503714084625,-0.6385191867311054
TOKYOTECH_s05,15,84,17.8,-0.2474360316991806,-0.73067506606117
TOKYOTECH_s05,15,85,17.833333333333332,-0.15612897276878357,-0.7995161682192987
TOKYOTECH_s05,15,86,17.866666666666667,0.15936745703220367,-0.8459246416766097
TOKYOTECH_s05,15,87,17.9,0.2818938195705414,-0.8678843130059909
TOKYOTECH_s05,15,88,17.933333333333334,0.1719406545162201,-0.8537879170527414
TOKYOTECH_s05,15,89,17.966666666666665,-0.06192793697118759,-0.7800263817856314
TOKYOTECH_s05,15,90,18.0,-0.3602208197116852,-0.6188182712624496
TOKYOTECH_s05,15,91,18.033333333333335,-0.6146143674850464,-0.3547846575004428
TOKYOTECH_s05,15,92,18.066666666666666,-0.7847710251808167,-0.00038929112147129217
TOKYOTECH_s05,15,93,18.1,-0.9111352562904358,0.40088380492081666
TOKYOTECH_s05,15,94,18.133333333333333,-1.0081323385238647,0.7861375967298493
TOKYOTECH_s05,15,95,18.166666666666668,-1.084114670753479,1.0921083503644569
TOKYOTECH_s05,15,96,18.2,-1.096580982208252,1.2721995622972238
TOKYOTECH_s05,15,97,18.233333333333334,-1.064115047454834,1.3062065482937977
TOKYOTECH_s05,15,98,18.266666666666666,-1.005968451499939,1.201955203058252
TOKYOTECH_s05,15,99,18.3,-1.073927879333496,0.9904527061990571
TOKYOTECH_s05,15,100,18.333333333333332,-1.1163935661315918,0.7166557192669687
TOKYOTECH_s05,15,101,18.366666666666667,-0.3265795111656189,0.4278199461785359
TOKYOTECH_s05,15,102,18.4,1.1734064817428589,0.16173992453458572
TOKYOTECH_s05,15,103,18.433333333333334,1.8992505073547363,-0.06182366907364557
TOKYOTECH_s05,15,104,18.466666666666665,1.7904905080795288,-0.2427766103098912
TOKYOTECH_s05,15,105,18.5,1.486222743988037,-0.39391947534270777
TOKYOTECH_s05,15,106,18.533333333333335,1.1084747314453125,-0.5294100047693363
TOKYOTECH_s05,15,107,18.566666666666666,0.7693278193473816,-0.6556025699467499
TOKYOTECH_s05,15,108,18.6,0.4338674247264862,-0.7694252538955489
TOKYOTECH_s05,15,109,18.633333333333333,0.21363167464733124,-0.8635250911412934
TOKYOTECH_s05,15,110,18.666666666666668,0.24893814325332642,-0.9321976380609985
TOKYOTECH_s05,15,111,18.7,0.42828428745269775,-0.9718730997793552
TOKYOTECH_s05,15,112,18.733333333333334,0.3961300253868103,-0.975434727706436
TOKYOTECH_s05,15,113,18.766666666666666,0.15266235172748566,-0.9264308493328369
TOKYOTECH_s05,15,114,18.8,-0.10823149979114532,-0.8013645684550943
TOKYOTECH_s05,15,115,18.833333333333332,-0.3282090425491333,-0.5826913920910843
TOKYOTECH_s05,15,116,18.866666666666667,-0.5560670495033264,-0.2749845144295704
TOKYOTECH_s05,15,117,18.9,-0.8205761313438416,0.08817813139979713
TOKYOTECH_s05,15,118,18.933333333333334,-0.9862805604934692,0.45256597548828237
TOKYOTECH_s05,15,119,18.966666666666665,-0.9844907522201538,0.7617672686097572
TOKYOTECH_s05,15,120,19.0,-0.9923979640007019,0.9750816180646731
TOKYOTECH_s05,15,121,19.033333333333335,-1.0609005689620972,1.0765919633477672
TOKYOTECH_s05,15,122,19.066666666666666,-1.0925740003585815,1.0740547440637234
TOKYOTECH_s05,15,123,19.1,-1.0720312595367432,0.9915955969666217
TOKYOTECH_s05,15,124,19.133333333333333,-1.0915766954421997,0.8604941322381275
TOKYOTECH_s05,15,125,19.166666666666668,-1.2145659923553467,0.7101377696325435
TOKYOTECH_s05,15,126,19.2,-0.9377152323722839,0.5604444902096933
TOKYOTECH_s05,15,127,19.233333333333334,0.5473734736442566,0.4178398192989349
TOKYOTECH_s05,15,128,19.266666666666666,1.8759918212890625,0.27708155307449067
TOKYOTECH_s05,15,129,19.3,2.0376980304718018,0.12898247008217187
TOKYOTECH_s05,15,130,19.333333333333332,1.7592800855636597,-0.030127475153202583
TOKYOTECH_s05,15,131,19.366666666666667,1.467665672302246,-0.19358178666530756
TOKYOTECH_s05,15,132,19.4,1.1768258810043335,-0.3477315660678734
TOKYOTECH_s05,15,133,19.433333333333334,0.7993271946907043,-0.48093814874679375
TOKYOTECH_s05,15,134,19.466666666666665,0.46518465876579285,-0.5909922473265082
TOKYOTECH_s05,15,135,19.5,0.39604097604751587,-0.6844872974798657
TOKYOTECH_s05,15,136,19.533333333333335,0.4732699990272522,-0.7680886229140549
TOKYOTECH_s05,15,137,19.566666666666666,0.5651469230651855,-0.8384280877165571
TOKYOTECH_s05,15,138,19.6,0.4641072154045105,-0.8787485581725506
TOKYOTECH_s05,15,139,19.633333333333333,0.17278659343719482,-0.8654882895870114
TOKYOTECH_s05,15,140,19.666666666666668,-0.16107098758220673,-0.7803976685981273
TOKYOTECH_s05,15,141,19.7,-0.4392930567264557,-0.6198043587924287
TOKYOTECH_s05,15,142,19.733333333333334,-0.6859663724899292,-0.39582074058626365
TOKYOTECH_s05,15,143,19.766666666666666,-0.8317246437072754,-0.13109432643735672
TOKYOTECH_s05,15,144,19.8,-0.8709312677383423,0.14707264267981454
TOKYOTECH_s05,15,145,19.833333333333332,-0.980510413646698,0.40926068118564374
TOKYOTECH_s05,15,146,19.866666666666667,-1.0444984436035156,0.6252911287460169
TOKYOTECH_s05,15,147,19.9,-0.9738587737083435,0.7694824015232343
TOKYOTECH_s05,15,148,19.933333333333334,-0.9427641034126282,0.8300339831181517
TOKYOTECH_s05,15,149,19.966666666666665,-1.014775037765503,0.816037873647776
TOKYOTECH_s05,15,150,20.0,-1.1361171007156372,0.754973042819228
TOKYOTECH_s05,15,151,20.033333333333335,-1.2276912927627563,0.6797895507078726
TOKYOTECH_s05,15,152,20.066666666666666,-1.1356630325317383,0.6128662096189624
TOKYOTECH_s05,15,153,20.1,-0.10967403650283813,0.5571808197481581
TOKYOTECH_s05,15,154,20.133333333333333,1.5012179613113403,0.4997021382797178
TOKYOTECH_s05,15,155,20.166666666666668,2.1408839225769043,0.4232393008462963
TOKYOTECH_s05,15,156,20.2,1.9236310720443726,0.3179964379544755
TOKYOTECH_s05,15,157,20.233333333333334,1.5288575887680054,0.1856433416680247
TOKYOTECH_s05,15,158,20.266666666666666,1.1778855323791504,0.03494982371675699
TOKYOTECH_s05,15,159,20.3,0.8013663291931152,-0.1260116433132797
TOKYOTECH_s05,15,160,20.333333333333332,0.4647839665412903,-0.29466174889082053
TOKYOTECH_s05,15,161,20.366666666666667,0.31647008657455444,-0.47248727691043296
TOKYOTECH_s05,15,162,20.4,0.3716782033443451,-0.6590730290688059
TOKYOTECH_s05,15,163,20.433333333333334,0.465629905462265,-0.8460493659127162
TOKYOTECH_s05,15,164,20.466666666666665,0.3846609890460968,-1.0143063433688673
TOKYOTECH_s05,15,165,20.5,0.2054395079612732,-1.1352249704820208
TOKYOTECH_s05,15,166,20.533333333333335,-0.021528081968426704,-1.1755205767696426
TOKYOTECH_s05,15,167,20.566666666666666,-0.3495888113975525,-1.105368541128386
TOKYOTECH_s05,15,168,20.6,-0.7127066850662231,-0.9089990949537431
TOKYOTECH_s05,15,169,20.633333333333333,-0.8612876534461975,-0.5948244474621998
TOKYOTECH_s05,15,170,20.666666666666668,-0.907315194606781,-0.19954069929432394
TOKYOTECH_s05,15,171,20.7,-0.9972865581512451,0.2186049224259699
TOKYOTECH_s05,15,172,20.733333333333334,-0.9874916076660156,0.5963500214791885
TOKYOTECH_s05,15,173,20.766666666666666,-0.9879190325737,0.8843119205079875
TOKYOTECH_s05,15,174,20.8,-0.9364597201347351,1.0592649343524143
TOKYOTECH_s05,15,175,20.833333333333332,-1.0530823469161987,1.1248005133975896
TOKYOTECH_s05,15,176,20.866666666666667,-1.1001695394515991,1.1018745573382271
TOKYOTECH_s05,15,177,20.9,-1.1702837944030762,1.0156989539696863
TOKYOTECH_s05,15,178,20.933333333333334,-1.1784759759902954,0.8860073519229561
TOKYOTECH_s05,15,179,20.966666666666665,-0.18026915192604065,0.7241866330727156
TOKYOTECH_s05,15,180,21.0,1.4448165893554688,0.5358326505680289
TOKYOTECH_s05,15,181,21.033333333333335,2.0860230922698975,0.32463760695601257
TOKYOTECH_s05,15,182,21.066666666666666,1.8336952924728394,0.09484429713100224
TOKYOTECH_s05,15,183,21.1,1.3876495361328125,-0.14760116543329863
TOKYOTECH_s05,15,184,21.133333333333333,0.9618616104125977,-0.39384192535617973
TOKYOTECH_s05,15,185,21.166666666666668,0.5891802906990051,-0.6304653985558126
TOKYOTECH_s05,15,186,21.2,0.23359562456607819,-0.8387211095812613
TOKYOTECH_s05,15,187,21.233333333333334,0.14040081202983856,-0.9963283314262201
TOKYOTECH_s05,15,188,21.266666666666666,0.3180462121963501,-1.0819643072391063
TOKYOTECH_s05,15,189,21.3,0.48558494448661804,-1.0803385768584128
TOKYOTECH_s05,15,190,21.333333333333332,0.4484441578388214,-0.9851440737033254
TOKYOTECH_s05,15,191,21.366666666666667,0.22120052576065063,-0.7988776553199076
TOKYOTECH_s05,15,192,21.4,-0.03436841443181038,-0.5313699926321804
TOKYOTECH_s05,15,193,21.433333333333334,-0.27989304065704346,-0.19998742103084666
TOKYOTECH_s05,15,194,21.466666666666665,-0.5397005677223206,0.16780913836221079
TOKYOTECH_s05,15,195,21.5,-0.7881725430488586,0.5325773384300706
TOKYOTECH_s05,15,196,21.533333333333335,-0.8734868764877319,0.8463640897933388
TOKYOTECH_s05,15,197,21.566666666666666,-0.8139422535896301,1.0635597221692323
TOKYOTECH_s05,15,198,21.6,-0.8674585223197937,1.1552233588571568
TOKYOTECH_s05,15,199,21.633333333333333,-0.8659892678260803,1.1188580376475743
TOKYOTECH_s05,15,200,21.666666666666668,-0.862881600856781,0.977562937633116
TOKYOTECH_s05,15,201,21.7,-1.0021483898162842,0.7691554767787162
TOKYOTECH_s05,15,202,21.733333333333334,-0.7515838742256165,0.5322784606065231
TOKYOTECH_s05,15,203,21.766666666666666,0.5316836833953857,0.2974653413283677
TOKYOTECH_s05,15,204,21.8,1.7374640703201294,0.08553449944068033
TOKYOTECH_s05,15,205,21.833333333333332,1.9089653491973877,-0.09065163947187829
TOKYOTECH_s05,15,206,21.866666666666667,1.5483139753341675,-0.22598242904452548
TOKYOTECH_s05,15,207,21.9,1.1628813743591309,-0.3252480896301603
TOKYOTECH_s05,15,208,21.933333333333334,0.7833346724510193,-0.40374975841960903
TOKYOTECH_s05,15,209,21.966666666666665,0.3354990780353546,-0.48203698599185246
TOKYOTECH_s05,15,210,22.0,0.07507717609405518,-0.5754101601701442
TOKYOTECH_s05,15,211,22.033333333333335,0.13656295835971832,-0.6842321943031604
TOKYOTECH_s05,15,212,22.066666666666666,0.360885888338089,-0.7914532925716029
TOKYOTECH_s05,15,213,22.1,0.46052759885787964,-0.8689349681667218
TOKYOTECH_s05,15,214,22.133333333333333,0.29065585136413574,-0.8881362082008478
TOKYOTECH_s05,15,215,22.166666666666668,0.02075953595340252,-0.828705192158034
TOKYOTECH_s05,15,216,22.2,-0.23659031093120575,-0.6823470975832044
TOKYOTECH_s05,15,217,22.233333333333334,-0.462035208940506,-0.45423531028231695
TOKYOTECH_s05,15,218,22.266666666666666,-0.7501056790351868,-0.16475674227590584
TOKYOTECH_s05,15,219,22.3,-0.9179204702377319,0.14939408348708108
TOKYOTECH_s05,15,220,22.333333333333332,-0.9349192380905151,0.4395726558748497
TOKYOTECH_s05,15,221,22.366666666666667,-0.9844907522201538,0.6582970457697794
TOKYOTECH_s05,15,222,22.4,-0.9756218791007996,0.7767897381176461
TOKYOTECH_s05,15,223,22.433333333333334,-0.9494603276252747,0.7963638281666602
TOKYOTECH_s05,15,224,22.466666666666665,-0.9936535358428955,0.7453867875178228
TOKYOTECH_s05,15,225,22.5,-1.0040184259414673,0.662742765884966
TOKYOTECH_s05,15,226,22.533333333333335,-1.0560921430587769,0.5777188878138569
TOKYOTECH_s05,15,227,22.566666666666666,-0.33927735686302185,0.4983217974387232
TOKYOTECH_s05,15,228,22.6,1.3438125848770142,0.41339901701187187
TOKYOTECH_s05,15,229,22.633333333333333,2.1895382404327393,0.3045319137275471
TOKYOTECH_s05,15,230,22.666666666666668,2.05353045463562,0.1589014376188544
TOKYOTECH_s05,15,231,22.7,1.6753015518188477,-0.023612960199148603
TOKYOTECH_s05,15,232,22.733333333333334,1.320892333984375,-0.2298181913009547
TOKYOTECH_s05,15,233,22.766666666666666,0.9493328928947449,-0.4355909337407797
TOKYOTECH_s05,15,234,22.8,0.6402566432952881,-0.6088838614710314
TOKYOTECH_s05,15,235,22.833333333333332,0.5081935524940491,-0.7144162999835446
TOKYOTECH_s05,15,236,22.866666666666667,0.5103395581245422,-0.7220554763701136
TOKYOTECH_s05,15,237,22.9,0.5790023803710938,-0.618050732281984
TOKYOTECH_s05,15,238,22.933333333333334,0.6328035593032837,-0.4140335803661336
TOKYOTECH_s05,15,239,22.966666666666665,0.4972766041755676,-0.1477033584144671
TOKYOTECH_s05,16,0,16.0,1.2284365892410278,-0.11585141289970227
TOKYOTECH_s05,16,1,16.033333333333335,0.9167156219482422,-1.6744845287925965
TOKYOTECH_s05,16,2,16.066666666666666,0.6284492611885071,-3.0124026226379463
TOKYOTECH_s05,16,3,16.1,0.41703787446022034,-3.9605907172978827
TOKYOTECH_s05,16,4,16.133333333333333,0.4554876387119293,-4.4356059159410455
TOKYOTECH_s05,16,5,16.166666666666668,0.5868205428123474,-4.451955040243774
TOKYOTECH_s05,16,6,16.2,0.5500715374946594,-4.104367534008659
TOKYOTECH_s05,16,7,16.233333333333334,0.34452828764915466,-3.5282648970685204
TOKYOTECH_s05,16,8,16.266666666666666,0.06775765120983124,-2.8549825222835494
TOKYOTECH_s05,16,9,16.3,-0.25130951404571533,-2.178400089375358
TOKYOTECH_s05,16,10,16.333333333333332,-0.53310227394104,-1.5439915810496765
TOKYOTECH_s05,16,11,16.366666666666667,-0.7272388935089111,-0.9606567533882349
TOKYOTECH_s05,16,12,16.4,-0.8325972557067871,-0.4234544896804421
TOKYOTECH_s05,16,13,16.433333333333334,-0.8853299021720886,0.06889744251842375
TOKYOTECH_s05,16,14,16.466666666666665,-0.8865498304367065,0.5094443179819992
TOKYOTECH_s05,16,15,16.5,-0.8679126501083374,0.8873408809780868
TOKYOTECH_s05,16,16,16.533333333333335,-0.9160505533218384,1.1932289487133816
TOKYOTECH_s05,16,17,16.566666666666666,-1.0038670301437378,1.4211546291220487
TOKYOTECH_s05,16,18,16.6,-1.1198217868804932,1.5672378325068588
TOKYOTECH_s05,16,19,16.633333333333333,-1.2270145416259766,1.6279602333385632
TOKYOTECH_s05,16,20,16.666666666666668,-1.254591941833496,1.6008148685084769
TOKYOTECH_s05,16,21,16.7,-0.9213665723800659,1.4878681690126632
TOKYOTECH_s05,16,22,16.733333333333334,0.4680786430835724,1.300143286552687
TOKYOTECH_s05,16,23,16.766666666666666,1.7387819290161133,1.0593966633297713
TOKYOTECH_s05,16,24,16.8,1.901565670967102,0.7948499481798433
TOKYOTECH_s05,16,25,16.833333333333332,1.5579041242599487,0.5354227257356252
TOKYOTECH_s05,16,26,16.866666666666667,1.1736112833023071,0.30124721181581954
TOKYOTECH_s05,16,27,16.9,0.8325945138931274,0.09906494906029792
TOKYOTECH_s05,16,28,16.933333333333334,0.46367979049682617,-0.07651670707031231
TOKYOTECH_s05,16,29,16.966666666666665,0.20242977142333984,-0.2374053054211294
TOKYOTECH_s05,16,30,17.0,0.20450453460216522,-0.3948717365382173
TOKYOTECH_s05,16,31,17.033333333333335,0.4282575845718384,-0.5528157888477991
TOKYOTECH_s05,16,32,17.066666666666666,0.5428767204284668,-0.7022092638245949
TOKYOTECH_s05,16,33,17.1,0.41057318449020386,-0.8181190268641424
TOKYOTECH_s05,16,34,17.133333333333333,0.1262158900499344,-0.8628727497731491
TOKYOTECH_s05,16,35,17.166666666666668,-0.16343069076538086,-0.7982773984747474
TOKYOTECH_s05,16,36,17.2,-0.4252951145172119,-0.6039272509231444
TOKYOTECH_s05,16,37,17.233333333333334,-0.6615056395530701,-0.29228945103181053
TOKYOTECH_s05,16,38,17.266666666666666,-0.8417778611183167,0.08925042055149063
TOKYOTECH_s05,16,39,17.3,-0.8849559426307678,0.47234972350417415
TOKYOTECH_s05,16,40,17.333333333333332,-0.8519290089607239,0.7904761306238998
TOKYOTECH_s05,16,41,17.366666666666667,-0.8262394666671753,0.9979907592442951
TOKYOTECH_s05,16,42,17.4,-0.8660426735877991,1.0773598042312513
TOKYOTECH_s05,16,43,17.433333333333334,-0.9102892875671387,1.0351036542777037
TOKYOTECH_s05,16,44,17.466666666666665,-0.9900026917457581,0.8926348007656894
TOKYOTECH_s05,16,45,17.5,-1.12396240234375,0.6780945343073094
TOKYOTECH_s05,16,46,17.533333333333335,-1.0456738471984863,0.421644426093128
TOKYOTECH_s05,16,47,17.566666666666666,0.01997593604028225,0.15287896308753435
TOKYOTECH_s05,16,48,17.6,1.3248192071914673,-0.1021199192191176
TOKYOTECH_s05,16,49,17.633333333333333,1.6170035600662231,-0.3247926157350873
TOKYOTECH_s05,16,50,17.666666666666668,1.3664567470550537,-0.5071260292261279
TOKYOTECH_s05,16,51,17.7,0.953179657459259,-0.6508927440455018
TOKYOTECH_s05,16,52,17.733333333333334,0.4918982684612274,-0.7628464965971841
TOKYOTECH_s05,16,53,17.766666666666666,0.058630503714084625,-0.8489505154762292
TOKYOTECH_s05,16,54,17.8,-0.2474360316991806,-0.9114622421089559
TOKYOTECH_s05,16,55,17.833333333333332,-0.15612897276878357,-0.9498658828142686
TOKYOTECH_s05,16,56,17.866666666666667,0.15936745703220367,-0.96243712483512
TOKYOTECH_s05,16,57,17.9,0.2818938195705414,-0.9445364492210191
TOKYOTECH_s05,16,58,17.933333333333334,0.1719406545162201,-0.8845186333477172
TOKYOTECH_s05,16,59,17.966666666666665,-0.06192793697118759,-0.7629960937776994
TOKYOTECH_s05,16,60,18.0,-0.3602208197116852,-0.5601064012779963
TOKYOTECH_s05,16,61,18.033333333333335,-0.6146143674850464,-0.2689443893262592
TOKYOTECH_s05,16,62,18.066666666666666,-0.7847710251808167,0.09324159502648569
TOKYOTECH_s05,16,63,18.1,-0.9111352562904358,0.4846939855443193
TOKYOTECH_s05,16,64,18.133333333333333,-1.0081323385238647,0.8505729046166578
TOKYOTECH_s05,16,65,18.166666666666668,-1.084114670753479,1.1390858124622616
TOKYOTECH_s05,16,66,18.2,-1.096580982208252,1.3142703771762094
TOKYOTECH_s05,16,67,18.233333333333334,-1.064115047454834,1.361757434158283
TOKYOTECH_s05,16,68,18.266666666666666,-1.005968451499939,1.28812824416544
TOKYOTECH_s05,16,69,18.3,-1.073927879333496,1.1162911323404314
TOKYOTECH_s05,16,70,18.333333333333332,-1.1163935661315918,0.8789438269185069
TOKYOTECH_s05,16,71,18.366666666666667,-0.3265795111656189,0.6111350472097284
TOKYOTECH_s05,16,72,18.4,1.1734064817428589,0.34268325905282515
TOKYOTECH_s05,16,73,18.433333333333334,1.8992505073547363,0.09217844099870867
TOKYOTECH_s05,16,74,18.466666666666665,1.7904905080795288,-0.13462433196801776
TOKYOTECH_s05,16,75,18.5,1.486222743988037,-0.34043370372505943
TOKYOTECH_s05,16,76,18.533333333333335,1.1084747314453125,-0.5285453499001268
TOKYOTECH_s05,16,77,18.566666666666666,0.7693278193473816,-0.6970081482926638
TOKYOTECH_s05,16,78,18.6,0.4338674247264862,-0.8388359037846839
TOKYOTECH_s05,16,79,18.633333333333333,0.21363167464733124,-0.9471761486837579
TOKYOTECH_s05,16,80,18.666666666666668,0.24893814325332642,-1.0197960707743767
TOKYOTECH_s05,16,81,18.7,0.42828428745269775,-1.0574090982282545
TOKYOTECH_s05,16,82,18.733333333333334,0.3961300253868103,-1.0560720932983656
TOKYOTECH_s05,16,83,18.766666666666666,0.15266235172748566,-1.0004396642411122
TOKYOTECH_s05,16,84,18.8,-0.10823149979114532,-0.8661079118635063
TOKYOTECH_s05,16,85,18.833333333333332,-0.3282090425491333,-0.6332245788686025
TOKYOTECH_s05,16,86,18.866666666666667,-0.5560670495033264,-0.3035182174578007
TOKYOTECH_s05,16,87,18.9,-0.8205761313438416,0.09161822190243538
TOKYOTECH_s05,16,88,18.933333333333334,-0.9862805604934692,0.4978789000515723
TOKYOTECH_s05,16,89,18.966666666666665,-0.9844907522201538,0.8549831068389935
TOKYOTECH_s05,16,90,19.0,-0.9923979640007019,1.1141884902802992
TOKYOTECH_s05,16,91,19.033333333333335,-1.0609005689620972,1.2490323027862869
TOKYOTECH_s05,16,92,19.066666666666666,-1.0925740003585815,1.257570654081718
TOKYOTECH_s05,16,93,19.1,-1.0720312595367432,1.1585582026459513
TOKYOTECH_s05,16,94,19.133333333333333,-1.0915766954421997,0.9843285389624583
TOKYOTECH_s05,16,95,19.166666666666668,-1.2145659923553467,0.7717617390494979
TOKYOTECH_s05,16,96,19.2,-0.9377152323722839,0.5527208361977565
TOKYOTECH_s05,16,97,19.233333333333334,0.5473734736442566,0.34669719836719565
TOKYOTECH_s05,16,98,19.266666666666666,1.8759918212890625,0.15907087626602479
TOKYOTECH_s05,16,99,19.3,2.0376980304718018,-0.013766897146796105
TOKYOTECH_s05,16,100,19.333333333333332,1.7592800855636597,-0.1758601714779188
TOKYOTECH_s05,16,101,19.366666666666667,1.467665672302246,-0.32605728648263466
TOKYOTECH_s05,16,102,19.4,1.1768258810043335,-0.4592977484607916
TOKYOTECH_s05,16,103,19.433333333333334,0.7993271946907043,-0.5729172725168004
TOKYOTECH_s05,16,104,19.466666666666665,0.46518465876579285,-0.6713699337872966
TOKYOTECH_s05,16,105,19.5,0.39604097604751587,-0.7634931948075092
TOKYOTECH_s05,16,106,19.533333333333335,0.4732699990272522,-0.8529028483147095
TOKYOTECH_s05,16,107,19.566666666666666,0.5651469230651855,-0.9287404994195299
TOKYOTECH_s05,16,108,19.6,0.4641072154045105,-0.9648450443096546
TOKYOTECH_s05,16,109,19.633333333333333,0.17278659343719482,-0.9297830123223602
TOKYOTECH_s05,16,110,19.666666666666668,-0.16107098758220673,-0.8021401267417048
TOKYOTECH_s05,16,111,19.7,-0.4392930567264557,-0.5816175609457566
TOKYOTECH_s05,16,112,19.733333333333334,-0.6859663724899292,-0.29024401010305323
TOKYOTECH_s05,16,113,19.766666666666666,-0.8317246437072754,0.03465617373313932
TOKYOTECH_s05,16,114,19.8,-0.8709312677383423,0.34972009784711305
TOKYOTECH_s05,16,115,19.833333333333332,-0.980510413646698,0.6125672034352322
TOKYOTECH_s05,16,116,19.866666666666667,-1.0444984436035156,0.7875089483638246
TOKYOTECH_s05,16,117,19.9,-0.9738587737083435,0.8533863343066365
TOKYOTECH_s05,16,118,19.933333333333334,-0.9427641034126282,0.8127741391219672
TOKYOTECH_s05,16,119,19.966666666666665,-1.014775037765503,0.6961326597943159
TOKYOTECH_s05,16,120,20.0,-1.1361171007156372,0.5544804445555673
TOKYOTECH_s05,16,121,20.033333333333335,-1.2276912927627563,0.44068346917529544
TOKYOTECH_s05,16,122,20.066666666666666,-1.1356630325317383,0.38791616300768605
TOKYOTECH_s05,16,123,20.1,-0.10967403650283813,0.39714529219062344
TOKYOTECH_s05,16,124,20.133333333333333,1.5012179613113403,0.4400559551341032
TOKYOTECH_s05,16,125,20.166666666666668,2.1408839225769043,0.47440331914795986
TOKYOTECH_s05,16,126,20.2,1.9236310720443726,0.46255484832109967
TOKYOTECH_s05,16,127,20.233333333333334,1.5288575887680054,0.3840334547583441
TOKYOTECH_s05,16,128,20.266666666666666,1.1778855323791504,0.2379868256327312
TOKYOTECH_s05,16,129,20.3,0.8013663291931152,0.03774418206111275
TOKYOTECH_s05,16,130,20.333333333333332,0.4647839665412903,-0.19697825751752918
TOKYOTECH_s05,16,131,20.366666666666667,0.31647008657455444,-0.44545204933602056
TOKYOTECH_s05,16,132,20.4,0.3716782033443451,-0.687637615972373
TOKYOTECH_s05,16,133,20.433333333333334,0.465629905462265,-0.9037440636473102
TOKYOTECH_s05,16,134,20.466666666666665,0.3846609890460968,-1.0731742237127138
TOKYOTECH_s05,16,135,20.5,0.2054395079612732,-1.1736379614581554
TOKYOTECH_s05,16,136,20.533333333333335,-0.021528081968426704,-1.181949140107161
TOKYOTECH_s05,16,137,20.566666666666666,-0.3495888113975525,-1.078642097952177
TOKYOTECH_s05,16,138,20.6,-0.7127066850662231,-0.8567247497906084
TOKYOTECH_s05,16,139,20.633333333333333,-0.8612876534461975,-0.5310311512813662
TOKYOTECH_s05,16,140,20.666666666666668,-0.907315194606781,-0.14157121399664344
TOKYOTECH_s05,16,141,20.7,-0.9972865581512451,0.2541388504545474
TOKYOTECH_s05,16,142,20.733333333333334,-0.9874916076660156,0.5979149035918062
TOKYOTECH_s05,16,143,20.766666666666666,-0.9879190325737,0.8485806959792925
TOKYOTECH_s05,16,144,20.8,-0.9364597201347351,0.9917445702704292
TOKYOTECH_s05,16,145,20.833333333333332,-1.0530823469161987,1.0379877443745291
TOKYOTECH_s05,16,146,20.866666666666667,-1.1001695394515991,1.0120935990366828
TOKYOTECH_s05,16,147,20.9,-1.1702837944030762,0.939837128213992
TOKYOTECH_s05,16,148,20.933333333333334,-1.1784759759902954,0.8386006791805586
TOKYOTECH_s05,16,149,20.966666666666665,-0.18026915192604065,0.7146740126937792
TOKYOTECH_s05,16,150,21.0,1.4448165893554688,0.5660851186181072
TOKYOTECH_s05,16,151,21.033333333333335,2.0860230922698975,0.3876967132376603
TOKYOTECH_s05,16,152,21.066666666666666,1.8336952924728394,0.1759790280537129
TOKYOTECH_s05,16,153,21.1,1.3876495361328125,-0.06730854306965314
TOKYOTECH_s05,16,154,21.133333333333333,0.9618616104125977,-0.3324291963515841
TOKYOTECH_s05,16,155,21.166666666666668,0.5891802906990051,-0.6003520406840221
TOKYOTECH_s05,16,156,21.2,0.23359562456607819,-0.8439852629821121
TOKYOTECH_s05,16,157,21.233333333333334,0.14040081202983856,-1.0327661578611549
TOKYOTECH_s05,16,158,21.266666666666666,0.3180462121963501,-1.139456361777411
TOKYOTECH_s05,16,159,21.3,0.48558494448661804,-1.1462199858642312
TOKYOTECH_s05,16,160,21.333333333333332,0.4484441578388214,-1.0473846752381284
TOKYOTECH_s05,16,161,21.366666666666667,0.22120052576065063,-0.8485791852123628
TOKYOTECH_s05,16,162,21.4,-0.03436841443181038,-0.5644852328452858
TOKYOTECH_s05,16,163,21.433333333333334,-0.27989304065704346,-0.21797591434011002
TOKYOTECH_s05,16,164,21.466666666666665,-0.5397005677223206,0.158892532811586
TOKYOTECH_s05,16,165,21.5,-0.7881725430488586,0.524687007419447
TOKYOTECH_s05,16,166,21.533333333333335,-0.8734868764877319,0.8328836141491928
TOKYOTECH_s05,16,167,21.566666666666666,-0.8139422535896301,1.0418456597274184
TOKYOTECH_s05,16,168,21.6,-0.8674585223197937,1.1269544869741053
TOKYOTECH_s05,16,169,21.633333333333333,-0.8659892678260803,1.0882937352737154
TOKYOTECH_s05,16,170,21.666666666666668,-0.862881600856781,0.9490568294946123
TOKYOTECH_s05,16,171,21.7,-1.0021483898162842,0.7454128982836354
TOKYOTECH_s05,16,172,21.733333333333334,-0.7515838742256165,0.5139745089944567
TOKYOTECH_s05,16,173,21.766666666666666,0.5316836833953857,0.28377444254281503
TOKYOTECH_s05,16,174,21.8,1.7374640703201294,0.07474383158612011
TOKYOTECH_s05,16,175,21.833333333333332,1.9089653491973877,-0.10082773883600576
TOKYOTECH_s05,16,176,21.866666666666667,1.5483139753341675,-0.23813599679322672
TOKYOTECH_s05,16,177,21.9,1.1628813743591309,-0.34163596203532365
TOKYOTECH_s05,16,178,21.933333333333334,0.7833346724510193,-0.4252927942973264
TOKYOTECH_s05,16,179,21.966666666666665,0.3354990780353546,-0.5075932079360405
TOKYOTECH_s05,16,180,22.0,0.07507717609405518,-0.6020805122696978
TOKYOTECH_s05,16,181,22.033333333333335,0.13656295835971832,-0.7088167712867056
TOKYOTECH_s05,16,182,22.066666666666666,0.360885888338089,-0.8121598123489867
TOKYOTECH_s05,16,183,22.1,0.46052759885787964,-0.8859017626407545
TOKYOTECH_s05,16,184,22.133333333333333,0.29065585136413574,-0.9019440008004461
TOKYOTECH_s05,16,185,22.166666666666668,0.02075953595340252,-0.8374892315842707
TOKYOTECH_s05,16,186,22.2,-0.23659031093120575,-0.6792444333597117
TOKYOTECH_s05,16,187,22.233333333333334,-0.462035208940506,-0.42689528956617034
TOKYOTECH_s05,16,188,22.266666666666666,-0.7501056790351868,-0.09757738611500866
TOKYOTECH_s05,16,189,22.3,-0.9179204702377319,0.2710264883854493
TOKYOTECH_s05,16,190,22.333333333333332,-0.9349192380905151,0.6245972834619481
TOKYOTECH_s05,16,191,22.366666666666667,-0.9844907522201538,0.9063289124256744
TOKYOTECH_s05,16,192,22.4,-0.9756218791007996,1.0763267828561742
TOKYOTECH_s05,16,193,22.433333333333334,-0.9494603276252747,1.1250297883828568
TOKYOTECH_s05,16,194,22.466666666666665,-0.9936535358428955,1.0722103250918316
TOKYOTECH_s05,16,195,22.5,-1.0040184259414673,0.9526472847249884
TOKYOTECH_s05,16,196,22.533333333333335,-1.0560921430587769,0.7983407537184194
TOKYOTECH_s05,16,197,22.566666666666666,-0.33927735686302185,0.6284288712653848
TOKYOTECH_s05,16,198,22.6,1.3438125848770142,0.45059886835907104
TOKYOTECH_s05,16,199,22.633333333333333,2.1895382404327393,0.26872183598480315
TOKYOTECH_s05,16,200,22.666666666666668,2.05353045463562,0.08843647872066537
TOKYOTECH_s05,16,201,22.7,1.6753015518188477,-0.08358213198838206
TOKYOTECH_s05,16,202,22.733333333333334,1.320892333984375,-0.24419741425809594
TOKYOTECH_s05,16,203,22.766666666666666,0.9493328928947449,-0.3962656985323554
TOKYOTECH_s05,16,204,22.8,0.6402566432952881,-0.5456923777616891
TOKYOTECH_s05,16,205,22.833333333333332,0.5081935524940491,-0.695135682060022
TOKYOTECH_s05,16,206,22.866666666666667,0.5103395581245422,-0.8390513521147657
TOKYOTECH_s05,16,207,22.9,0.5790023803710938,-0.9630148342670903
TOKYOTECH_s05,16,208,22.933333333333334,0.6328035593032837,-1.0462188627426807
TOKYOTECH_s05,16,209,22.966666666666665,0.4972766041755676,-1.0643932096786766
TOKYOTECH_s05,16,210,23.0,0.16056066751480103,-0.9932195252736506
TOKYOTECH_s05,16,211,23.033333333333335,-0.20385725796222687,-0.8151155201130524
TOKYOTECH_s05,16,212,23.066666666666666,-0.4418397545814514,-0.5301834652389804
TOKYOTECH_s05,16,213,23.1,-0.5957278609275818,-0.16637558236171784
TOKYOTECH_s05,16,214,23.133333333333333,-0.7491440176963806,0.22011076299646073
TOKYOTECH_s05,16,215,23.166666666666668,-0.7765966653823853,0.5597625176542291
TOKYOTECH_s05,16,216,23.2,-0.8040671348571777,0.7946308255190517
TOKYOTECH_s05,16,217,23.233333333333334,-0.8797823786735535,0.8989982334793528
TOKYOTECH_s05,16,218,23.266666666666666,-0.8691325783729553,0.8838695518708478
TOKYOTECH_s05,16,219,23.3,-0.9340822100639343,0.7842951342443669
TOKYOTECH_s05,16,220,23.333333333333332,-1.0238310098648071,0.6395641292513025
TOKYOTECH_s05,16,221,23.366666666666667,-0.9567709565162659,0.4792214871017868
TOKYOTECH_s05,16,222,23.4,-0.05370905622839928,0.3206938601935134
TOKYOTECH_s05,16,223,23.433333333333334,1.4419137239456177,0.1745255471791864
TOKYOTECH_s05,16,224,23.466666666666665,2.0124359130859375,0.04943891105985225
TOKYOTECH_s05,16,225,23.5,1.7975696325302124,-0.04720729147957715
TOKYOTECH_s05,16,226,23.533333333333335,1.459295392036438,-0.11189177489253209
TOKYOTECH_s05,16,227,23.566666666666666,1.1024196147918701,-0.14571497006538328
TOKYOTECH_s05,16,228,23.6,0.7150546908378601,-0.15170929559465798
TOKYOTECH_s05,16,229,23.633333333333333,0.4653538465499878,-0.1315990947088484
TOKYOTECH_s05,16,230,23.666666666666668,0.38036900758743286,-0.08615460580884787
TOKYOTECH_s05,16,231,23.7,0.4194420874118805,-0.01990795242538192
TOKYOTECH_s05,16,232,23.733333333333334,0.5448089838027954,0.05404541693519326
TOKYOTECH_s05,16,233,23.766666666666666,0.4735816419124603,0.11503896098378907
TOKYOTECH_s05,16,234,23.8,0.22424587607383728,0.14310650214681606
TOKYOTECH_s05,16,235,23.833333333333332,-0.006043102592229843,0.12938670047072193
TOKYOTECH_s05,16,236,23.866666666666667,-0.30146872997283936,0.0805964848213413
TOKYOTECH_s05,16,237,23.9,-0.5163617730140686,0.013407318167770969
TOKYOTECH_s05,16,238,23.933333333333334,-0.6344714760780334,-0.05697344855711222
TOKYOTECH_s05,16,239,23.966666666666665,-0.714024543762207,-0.12466910729068727
TOKYOTECH_s05,17,0,17.0,0.20450453460216522,0.03614516971283649
TOKYOTECH_s05,17,1,17.033333333333335,0.4282575845718384,-1.6278313233799664
TOKYOTECH_s05,17,2,17.066666666666666,0.5428767204284668,-3.0544707326099947
TOKYOTECH_s05,17,3,17.1,0.41057318449020386,-4.053273063533196
TOKYOTECH_s05,17,4,17.133333333333333,0.1262158900499344,-4.518874658506279
TOKYOTECH_s05,17,5,17.166666666666668,-0.16343069076538086,-4.449130198195052
TOKYOTECH_s05,17,6,17.2,-0.4252951145172119,-3.9364970280780405
TOKYOTECH_s05,17,7,17.233333333333334,-0.6615056395530701,-3.137052655562107
TOKYOTECH_s05,17,8,17.266666666666666,-0.8417778611183167,-2.227812547427307
TOKYOTECH_s05,17,9,17.3,-0.8849559426307678,-1.3643304654004793
TOKYOTECH_s05,17,10,17.333333333333332,-0.8519290089607239,-0.6502146903093969
TOKYOTECH_s05,17,11,17.366666666666667,-0.8262394666671753,-0.12675952584486572
TOKYOTECH_s05,17,12,17.4,-0.8660426735877991,0.21694708991873196
TOKYOTECH_s05,17,13,17.433333333333334,-0.9102892875671387,0.42133425922568507
TOKYOTECH_s05,17,14,17.466666666666665,-0.9900026917457581,0.5326041845043071
TOKYOTECH_s05,17,15,17.5,-1.12396240234375,0.5871448632310226
TOKYOTECH_s05,17,16,17.533333333333335,-1.0456738471984863,0.6070913404396255
TOKYOTECH_s05,17,17,17.566666666666666,0.01997593604028225,0.6038579773839278
TOKYOTECH_s05,17,18,17.6,1.3248192071914673,0.5837661773970582
TOKYOTECH_s05,17,19,17.633333333333333,1.6170035600662231,0.5514094820393778
TOKYOTECH_s05,17,20,17.666666666666668,1.3664567470550537,0.5102324138688868
TOKYOTECH_s05,17,21,17.7,0.953179657459259,0.4623873290077273
TOKYOTECH_s05,17,22,17.733333333333334,0.4918982684612274,0.4092266992669986
TOKYOTECH_s05,17,23,17.766666666666666,0.058630503714084625,0.35175754798699704
TOKYOTECH_s05,17,24,17.8,-0.2474360316991806,0.28999292128808507
TOKYOTECH_s05,17,25,17.833333333333332,-0.15612897276878357,0.22192555190022517
TOKYOTECH_s05,17,26,17.866666666666667,0.15936745703220367,0.1449177642465958
TOKYOTECH_s05,17,27,17.9,0.2818938195705414,0.06133821900814526
TOKYOTECH_s05,17,28,17.933333333333334,0.1719406545162201,-0.01448645561253722
TOKYOTECH_s05,17,29,17.966666666666665,-0.06192793697118759,-0.054793949012346674
TOKYOTECH_s05,17,30,18.0,-0.3602208197116852,-0.02722704801773098
TOKYOTECH_s05,17,31,18.033333333333335,-0.6146143674850464,0.08850500050366389
TOKYOTECH_s05,17,32,18.066666666666666,-0.7847710251808167,0.2862093271057464
TOKYOTECH_s05,17,33,18.1,-0.9111352562904358,0.531427111908656
TOKYOTECH_s05,17,34,18.133333333333333,-1.0081323385238647,0.7736131758142588
TOKYOTECH_s05,17,35,18.166666666666668,-1.084114670753479,0.9639028829971572
TOKYOTECH_s05,17,36,18.2,-1.096580982208252,1.0687041187776087
TOKYOTECH_s05,17,37,18.233333333333334,-1.064115047454834,1.0746981108105946
TOKYOTECH_s05,17,38,18.266666666666666,-1.005968451499939,0.986566804092236
TOKYOTECH_s05,17,39,18.3,-1.073927879333496,0.8213292572737215
TOKYOTECH_s05,17,40,18.333333333333332,-1.1163935661315918,0.6023330370573277
TOKYOTECH_s05,17,41,18.366666666666667,-0.3265795111656189,0.35390640346831115
TOKYOTECH_s05,17,42,18.4,1.1734064817428589,0.09679441386056864
TOKYOTECH_s05,17,43,18.433333333333334,1.8992505073547363,-0.1549128712167412
TOKYOTECH_s05,17,44,18.466666666666665,1.7904905080795288,-0.3938978923826286
TOKYOTECH_s05,17,45,18.5,1.486222743988037,-0.6161559931228393
TOKYOTECH_s05,17,46,18.533333333333335,1.1084747314453125,-0.8160130156121913
TOKYOTECH_s05,17,47,18.566666666666666,0.7693278193473816,-0.9835670282101481
TOKYOTECH_s05,17,48,18.6,0.4338674247264862,-1.107112051490707
TOKYOTECH_s05,17,49,18.633333333333333,0.21363167464733124,-1.1790738514871346
TOKYOTECH_s05,17,50,18.666666666666668,0.24893814325332642,-1.2003042512196342
TOKYOTECH_s05,17,51,18.7,0.42828428745269775,-1.1778067855708276
TOKYOTECH_s05,17,52,18.733333333333334,0.3961300253868103,-1.1161174679719978
TOKYOTECH_s05,17,53,18.766666666666666,0.15266235172748566,-1.0088955384475766
TOKYOTECH_s05,17,54,18.8,-0.10823149979114532,-0.8393382537622749
TOKYOTECH_s05,17,55,18.833333333333332,-0.3282090425491333,-0.592497582951971
TOKYOTECH_s05,17,56,18.866666666666667,-0.5560670495033264,-0.2720532854628078
TOKYOTECH_s05,17,57,18.9,-0.8205761313438416,0.09139434971041124
TOKYOTECH_s05,17,58,18.933333333333334,-0.9862805604934692,0.4473407035298754
TOKYOTECH_s05,17,59,18.966666666666665,-0.9844907522201538,0.7432944659731551
TOKYOTECH_s05,17,60,19.0,-0.9923979640007019,0.9429281092276741
TOKYOTECH_s05,17,61,19.033333333333335,-1.0609005689620972,1.035467951266133
TOKYOTECH_s05,17,62,19.066666666666666,-1.0925740003585815,1.0339448648484468
TOKYOTECH_s05,17,63,19.1,-1.0720312595367432,0.965997399441126
TOKYOTECH_s05,17,64,19.133333333333333,-1.0915766954421997,0.8626013716752655
TOKYOTECH_s05,17,65,19.166666666666668,-1.2145659923553467,0.748484958718829
TOKYOTECH_s05,17,66,19.2,-0.9377152323722839,0.6361305951350114
TOKYOTECH_s05,17,67,19.233333333333334,0.5473734736442566,0.5245339188826805
TOKYOTECH_s05,17,68,19.266666666666666,1.8759918212890625,0.40362414242428857
TOKYOTECH_s05,17,69,19.3,2.0376980304718018,0.2633821725881652
TOKYOTECH_s05,17,70,19.333333333333332,1.7592800855636597,0.10297124531756946
TOKYOTECH_s05,17,71,19.366666666666667,1.467665672302246,-0.06638655554907485
TOKYOTECH_s05,17,72,19.4,1.1768258810043335,-0.2273246044942918
TOKYOTECH_s05,17,73,19.433333333333334,0.7993271946907043,-0.367057287986872
TOKYOTECH_s05,17,74,19.466666666666665,0.46518465876579285,-0.48478472732018213
TOKYOTECH_s05,17,75,19.5,0.39604097604751587,-0.5894675997319212
TOKYOTECH_s05,17,76,19.533333333333335,0.4732699990272522,-0.6889532018633852
TOKYOTECH_s05,17,77,19.566666666666666,0.5651469230651855,-0.7785131913134656
TOKYOTECH_s05,17,78,19.6,0.4641072154045105,-0.8378763038528577
TOKYOTECH_s05,17,79,19.633333333333333,0.17278659343719482,-0.8399104512946096
TOKYOTECH_s05,17,80,19.666666666666668,-0.16107098758220673,-0.7652980202373683
TOKYOTECH_s05,17,81,19.7,-0.4392930567264557,-0.6130316252900045
TOKYOTECH_s05,17,82,19.733333333333334,-0.6859663724899292,-0.4004610113173839
TOKYOTECH_s05,17,83,19.766666666666666,-0.8317246437072754,-0.15501390724436762
TOKYOTECH_s05,17,84,19.8,-0.8709312677383423,0.09469153899145748
TOKYOTECH_s05,17,85,19.833333333333332,-0.980510413646698,0.32247850988157045
TOKYOTECH_s05,17,86,19.866666666666667,-1.0444984436035156,0.5047833452083379
TOKYOTECH_s05,17,87,19.9,-0.9738587737083435,0.6235720647145514
TOKYOTECH_s05,17,88,19.933333333333334,-0.9427641034126282,0.6734473368391418
TOKYOTECH_s05,17,89,19.966666666666665,-1.014775037765503,0.6669256789710193
TOKYOTECH_s05,17,90,20.0,-1.1361171007156372,0.6308419897588634
TOKYOTECH_s05,17,91,20.033333333333335,-1.2276912927627563,0.593270963018366
TOKYOTECH_s05,17,92,20.066666666666666,-1.1356630325317383,0.5687388978064019
TOKYOTECH_s05,17,93,20.1,-0.10967403650283813,0.5520933650969984
TOKYOTECH_s05,17,94,20.133333333333333,1.5012179613113403,0.5249163344817109
TOKYOTECH_s05,17,95,20.166666666666668,2.1408839225769043,0.46894299904041975
TOKYOTECH_s05,17,96,20.2,1.9236310720443726,0.37677215998739544
TOKYOTECH_s05,17,97,20.233333333333334,1.5288575887680054,0.2533339965698771
TOKYOTECH_s05,17,98,20.266666666666666,1.1778855323791504,0.10893923425059947
TOKYOTECH_s05,17,99,20.3,0.8013663291931152,-0.0494031001560281
TOKYOTECH_s05,17,100,20.333333333333332,0.4647839665412903,-0.2215065088527174
TOKYOTECH_s05,17,101,20.366666666666667,0.31647008657455444,-0.4102153206790398
TOKYOTECH_s05,17,102,20.4,0.3716782033443451,-0.6138474704486991
TOKYOTECH_s05,17,103,20.433333333333334,0.465629905462265,-0.8205922664137358
TOKYOTECH_s05,17,104,20.466666666666665,0.3846609890460968,-1.007784480098997
TOKYOTECH_s05,17,105,20.5,0.2054395079612732,-1.1450841338270443
TOKYOTECH_s05,17,106,20.533333333333335,-0.021528081968426704,-1.1997256638016858
TOKYOTECH_s05,17,107,20.566666666666666,-0.3495888113975525,-1.1434291662978586
TOKYOTECH_s05,17,108,20.6,-0.7127066850662231,-0.9612299330472178
TOKYOTECH_s05,17,109,20.633333333333333,-0.8612876534461975,-0.6605021732195558
TOKYOTECH_s05,17,110,20.666666666666668,-0.907315194606781,-0.2750441914530443
TOKYOTECH_s05,17,111,20.7,-0.9972865581512451,0.1408919978589241
TOKYOTECH_s05,17,112,20.733333333333334,-0.9874916076660156,0.5278749556848676
TOKYOTECH_s05,17,113,20.766666666666666,-0.9879190325737,0.838546841228153
TOKYOTECH_s05,17,114,20.8,-0.9364597201347351,1.0483912023801765
TOKYOTECH_s05,17,115,20.833333333333332,-1.0530823469161987,1.1559352087064902
TOKYOTECH_s05,17,116,20.866666666666667,-1.1001695394515991,1.1744712098856498
TOKYOTECH_s05,17,117,20.9,-1.1702837944030762,1.1214030538916415
TOKYOTECH_s05,17,118,20.933333333333334,-1.1784759759902954,1.0110634899187578
TOKYOTECH_s05,17,119,20.966666666666665,-0.18026915192604065,0.853222772760651
TOKYOTECH_s05,17,120,21.0,1.4448165893554688,0.6553628639089372
TOKYOTECH_s05,17,121,21.033333333333335,2.0860230922698975,0.42514480801932714
TOKYOTECH_s05,17,122,21.066666666666666,1.8336952924728394,0.17128046847469
TOKYOTECH_s05,17,123,21.1,1.3876495361328125,-0.09633820066818778
TOKYOTECH_s05,17,124,21.133333333333333,0.9618616104125977,-0.36580973279952883
TOKYOTECH_s05,17,125,21.166666666666668,0.5891802906990051,-0.6217158421539124
TOKYOTECH_s05,17,126,21.2,0.23359562456607819,-0.8446176206538224
TOKYOTECH_s05,17,127,21.233333333333334,0.14040081202983856,-1.013184493076428
TOKYOTECH_s05,17,128,21.266666666666666,0.3180462121963501,-1.108460971106493
TOKYOTECH_s05,17,129,21.3,0.48558494448661804,-1.1177190574876357
TOKYOTECH_s05,17,130,21.333333333333332,0.4484441578388214,-1.0356142488629394
TOKYOTECH_s05,17,131,21.366666666666667,0.22120052576065063,-0.8628892841383318
TOKYOTECH_s05,17,132,21.4,-0.03436841443181038,-0.6055583302086441
TOKYOTECH_s05,17,133,21.433333333333334,-0.27989304065704346,-0.27737637933602943
TOKYOTECH_s05,17,134,21.466666666666665,-0.5397005677223206,0.09535822484291667
TOKYOTECH_s05,17,135,21.5,-0.7881725430488586,0.4714464541997785
TOKYOTECH_s05,17,136,21.533333333333335,-0.8734868764877319,0.7995692801879906
TOKYOTECH_s05,17,137,21.566666666666666,-0.8139422535896301,1.030670400627417
TOKYOTECH_s05,17,138,21.6,-0.8674585223197937,1.132880865632099
TOKYOTECH_s05,17,139,21.633333333333333,-0.8659892678260803,1.1011777328921182
TOKYOTECH_s05,17,140,21.666666666666668,-0.862881600856781,0.9564650049285669
TOKYOTECH_s05,17,141,21.7,-1.0021483898162842,0.735079291772925
TOKYOTECH_s05,17,142,21.733333333333334,-0.7515838742256165,0.4756276804131475
TOKYOTECH_s05,17,143,21.766666666666666,0.5316836833953857,0.210690909244986
TOKYOTECH_s05,17,144,21.8,1.7374640703201294,-0.03473582434417
TOKYOTECH_s05,17,145,21.833333333333332,1.9089653491973877,-0.24224846189983648
TOKYOTECH_s05,17,146,21.866666666666667,1.5483139753341675,-0.4011066615520542
TOKYOTECH_s05,17,147,21.9,1.1628813743591309,-0.5114587412670624
TOKYOTECH_s05,17,148,21.933333333333334,0.7833346724510193,-0.5851829739900389
TOKYOTECH_s05,17,149,21.966666666666665,0.3354990780353546,-0.6400838579341344
TOKYOTECH_s05,17,150,22.0,0.07507717609405518,-0.689106963048152
TOKYOTECH_s05,17,151,22.033333333333335,0.13656295835971832,-0.7317295769025307
TOKYOTECH_s05,17,152,22.066666666666666,0.360885888338089,-0.7537600557198805
TOKYOTECH_s05,17,153,22.1,0.46052759885787964,-0.7354788807924011
TOKYOTECH_s05,17,154,22.133333333333333,0.29065585136413574,-0.6618213007641185
TOKYOTECH_s05,17,155,22.166666666666668,0.02075953595340252,-0.5275987502294204
TOKYOTECH_s05,17,156,22.2,-0.23659031093120575,-0.3365248395909549
TOKYOTECH_s05,17,157,22.233333333333334,-0.462035208940506,-0.09872453839665368
TOKYOTECH_s05,17,158,22.266666666666666,-0.7501056790351868,0.16881417461453416
TOKYOTECH_s05,17,159,22.3,-0.9179204702377319,0.4396938710036086
TOKYOTECH_s05,17,160,22.333333333333332,-0.9349192380905151,0.6791035457004277
TOKYOTECH_s05,17,161,22.366666666666667,-0.9844907522201538,0.8527343390864665
TOKYOTECH_s05,17,162,22.4,-0.9756218791007996,0.9403181393635698
TOKYOTECH_s05,17,163,22.433333333333334,-0.9494603276252747,0.9442036556329177
TOKYOTECH_s05,17,164,22.466666666666665,-0.9936535358428955,0.8857108773067227
TOKYOTECH_s05,17,165,22.5,-1.0040184259414673,0.7910074390041962
TOKYOTECH_s05,17,166,22.533333333333335,-1.0560921430587769,0.6765090746492313
TOKYOTECH_s05,17,167,22.566666666666666,-0.33927735686302185,0.5442894343716158
TOKYOTECH_s05,17,168,22.6,1.3438125848770142,0.38947443270294696
TOKYOTECH_s05,17,169,22.633333333333333,2.1895382404327393,0.21187970234030098
TOKYOTECH_s05,17,170,22.666666666666668,2.05353045463562,0.021804002369096343
TOKYOTECH_s05,17,171,22.7,1.6753015518188477,-0.16421416692990778
TOKYOTECH_s05,17,172,22.733333333333334,1.320892333984375,-0.3330500755339164
TOKYOTECH_s05,17,173,22.766666666666666,0.9493328928947449,-0.48127700817167957
TOKYOTECH_s05,17,174,22.8,0.6402566432952881,-0.6133922609667665
TOKYOTECH_s05,17,175,22.833333333333332,0.5081935524940491,-0.7345258220086708
TOKYOTECH_s05,17,176,22.866666666666667,0.5103395581245422,-0.8435402773188343
TOKYOTECH_s05,17,177,22.9,0.5790023803710938,-0.9304795424311753
TOKYOTECH_s05,17,178,22.933333333333334,0.6328035593032837,-0.9780331993901262
TOKYOTECH_s05,17,179,22.966666666666665,0.4972766041755676,-0.9645795226152393
TOKYOTECH_s05,17,180,23.0,0.16056066751480103,-0.8683377613952965
TOKYOTECH_s05,17,181,23.033333333333335,-0.20385725796222687,-0.6744230112650682
TOKYOTECH_s05,17,182,23.066666666666666,-0.4418397545814514,-0.3849596857844674
TOKYOTECH_s05,17,183,23.1,-0.5957278609275818,-0.027686680094326007
TOKYOTECH_s05,17,184,23.133333333333333,-0.7491440176963806,0.3448090896092412
TOKYOTECH_s05,17,185,23.166666666666668,-0.7765966653823853,0.6697094679096188
TOKYOTECH_s05,17,186,23.2,-0.8040671348571777,0.8967856394707597
TOKYOTECH_s05,17,187,23.233333333333334,-0.8797823786735535,1.005952604494732
TOKYOTECH_s05,17,188,23.266666666666666,-0.8691325783729553,1.0088412237989295
TOKYOTECH_s05,17,189,23.3,-0.9340822100639343,0.9347824379584309
TOKYOTECH_s05,17,190,23.333333333333332,-1.0238310098648071,0.8123703428661624
TOKYOTECH_s05,17,191,23.366666666666667,-0.9567709565162659,0.6595715061816171
TOKYOTECH_s05,17,192,23.4,-0.05370905622839928,0.4863275720155595
TOKYOTECH_s05,17,193,23.433333333333334,1.4419137239456177,0.30278834814978833
TOKYOTECH_s05,17,194,23.466666666666665,2.0124359130859375,0.12356350626839868
TOKYOTECH_s05,17,195,23.5,1.7975696325302124,-0.03593095118536957
TOKYOTECH_s05,17,196,23.533333333333335,1.459295392036438,-0.16691400094208025
TOKYOTECH_s05,17,197,23.566666666666666,1.1024196147918701,-0.2709736898190899
TOKYOTECH_s05,17,198,23.6,0.7150546908378601,-0.3566971104140048
TOKYOTECH_s05,17,199,23.633333333333333,0.4653538465499878,-0.43257117328607286
TOKYOTECH_s05,17,200,23.666666666666668,0.38036900758743286,-0.5023473285291293
TOKYOTECH_s05,17,201,23.7,0.4194420874118805,-0.5659408761566962
TOKYOTECH_s05,17,202,23.733333333333334,0.5448089838027954,-0.6228525163682421
TOKYOTECH_s05,17,203,23.766666666666666,0.4735816419124603,-0.672338934027112
TOKYOTECH_s05,17,204,23.8,0.22424587607383728,-0.7086360106969081
TOKYOTECH_s05,17,205,23.833333333333332,-0.006043102592229843,-0.7162432584737635
TOKYOTECH_s05,17,206,23.866666666666667,-0.30146872997283936,-0.6727105831729903
TOKYOTECH_s05,17,207,23.9,-0.5163617730140686,-0.5611186588373004
TOKYOTECH_s05,17,208,23.933333333333334,-0.6344714760780334,-0.38456519510593984
TOKYOTECH_s05,17,209,23.966666666666665,-0.714024543762207,-0.17034776153534498
TOKYOTECH_s05,17,210,24.0,-0.7489035725593567,0.041477743648199006
TOKYOTECH_s05,17,211,24.033333333333335,-0.7773179411888123,0.21813788516148339
TOKYOTECH_s05,17,212,24.066666666666666,-0.7331425547599792,0.3488977831533412
TOKYOTECH_s05,17,213,24.1,-0.8075399398803711,0.4448421010986945
TOKYOTECH_s05,17,214,24.133333333333333,-0.858758807182312,0.5262405330599789
TOKYOTECH_s05,17,215,24.166666666666668,-0.9566463232040405,0.6088608646842848
TOKYOTECH_s05,17,216,24.2,-0.8133634924888611,0.6977975288775686
TOKYOTECH_s05,17,217,24.233333333333334,0.3255349099636078,0.7886363069149829
TOKYOTECH_s05,17,218,24.266666666666666,1.5329536199569702,0.8707731036560928
TOKYOTECH_s05,17,219,24.3,1.6688101291656494,0.9289508904605241
TOKYOTECH_s05,17,220,24.333333333333332,1.2977583408355713,0.9435030228448527
TOKYOTECH_s05,17,221,24.366666666666667,0.9813892245292664,0.8926533228866345
TOKYOTECH_s05,17,222,24.4,0.5864554643630981,0.7587509120214085
TOKYOTECH_s05,17,223,24.433333333333334,0.1250048726797104,0.5364612146141734
TOKYOTECH_s05,17,224,24.466666666666665,-0.021430132910609245,0.2385102766942938
TOKYOTECH_s05,17,225,24.5,0.11728464812040329,-0.10432342690402586
TOKYOTECH_s05,17,226,24.533333333333335,0.3784189224243164,-0.44849163387172253
TOKYOTECH_s05,17,227,24.566666666666666,0.38596105575561523,-0.7450727272056101
TOKYOTECH_s05,17,228,24.6,0.21628522872924805,-0.9471879174629253
TOKYOTECH_s05,17,229,24.633333333333333,-0.02176850475370884,-1.0180611552076353
TOKYOTECH_s05,17,230,24.666666666666668,-0.28337472677230835,-0.9409566570307533
TOKYOTECH_s05,17,231,24.7,-0.5058900117874146,-0.7290917174571222
TOKYOTECH_s05,17,232,24.733333333333334,-0.6950935125350952,-0.42900967119885247
TOKYOTECH_s05,17,233,24.766666666666666,-0.7895972728729248,-0.11108887562819585
TOKYOTECH_s05,17,234,24.8,-0.7998998165130615,0.15136738343401018
TOKYOTECH_s05,17,235,24.833333333333332,-0.8230783343315125,0.30458338417114117
TOKYOTECH_s05,17,236,24.866666666666667,-0.8274059295654297,0.32739692101980894
TOKYOTECH_s05,17,237,24.9,-0.846808910369873,0.23055502500574307
TOKYOTECH_s05,17,238,24.933333333333334,-0.9036554098129272,0.04637888629307613
TOKYOTECH_s05,17,239,24.966666666666665,-0.9338328838348389,-0.18280371101415974
TOKYOTECH_s05,18,0,18.0,-0.3602208197116852,0.12364663216624142
TOKYOTECH_s05,18,1,18.033333333333335,-0.6146143674850464,-0.9694840858091921
TOKYOTECH_s05,18,2,18.066666666666666,-0.7847710251808167,-1.8677777042438741
TOKYOTECH_s05,18,3,18.1,-0.9111352562904358,-2.4267337652630228
TOKYOTECH_s05,18,4,18.133333333333333,-1.0081323385238647,-2.591873561490947
TOKYOTECH_s05,18,5,18.166666666666668,-1.084114670753479,-2.4050391435489464
TOKYOTECH_s05,18,6,18.2,-1.096580982208252,-1.9787786712994628
TOKYOTECH_s05,18,7,18.233333333333334,-1.064115047454834,-1.4527788809912119
TOKYOTECH_s05,18,8,18.266666666666666,-1.005968451499939,-0.9513042099278582
TOKYOTECH_s05,18,9,18.3,-1.073927879333496,-0.5553138756167801
TOKYOTECH_s05,18,10,18.333333333333332,-1.1163935661315918,-0.29440894645104226
TOKYOTECH_s05,18,11,18.366666666666667,-0.3265795111656189,-0.15624454237970548
TOKYOTECH_s05,18,12,18.4,1.1734064817428589,-0.10610679435361905
TOKYOTECH_s05,18,13,18.433333333333334,1.8992505073547363,-0.1074272620985971
TOKYOTECH_s05,18,14,18.466666666666665,1.7904905080795288,-0.13509320483979853
TOKYOTECH_s05,18,15,18.5,1.486222743988037,-0.17770294243230605
TOKYOTECH_s05,18,16,18.533333333333335,1.1084747314453125,-0.23119978396702606
TOKYOTECH_s05,18,17,18.566666666666666,0.7693278193473816,-0.2907621604609866
TOKYOTECH_s05,18,18,18.6,0.4338674247264862,-0.34728301957951074
TOKYOTECH_s05,18,19,18.633333333333333,0.21363167464733124,-0.38991612299485934
TOKYOTECH_s05,18,20,18.666666666666668,0.24893814325332642,-0.41061845253872103
TOKYOTECH_s05,18,21,18.7,0.42828428745269775,-0.4049610679609875
TOKYOTECH_s05,18,22,18.733333333333334,0.3961300253868103,-0.36752960319037353
TOKYOTECH_s05,18,23,18.766666666666666,0.15266235172748566,-0.28634611521350495
TOKYOTECH_s05,18,24,18.8,-0.10823149979114532,-0.143380059095163
TOKYOTECH_s05,18,25,18.833333333333332,-0.3282090425491333,0.07570115638925587
TOKYOTECH_s05,18,26,18.866666666666667,-0.5560670495033264,0.367778559679599
TOKYOTECH_s05,18,27,18.9,-0.8205761313438416,0.7046967044648412
TOKYOTECH_s05,18,28,18.933333333333334,-0.9862805604934692,1.0380178435865528
TOKYOTECH_s05,18,29,18.966666666666665,-0.9844907522201538,1.31366222082491
TOKYOTECH_s05,18,30,19.0,-0.9923979640007019,1.4883501090857094
TOKYOTECH_s05,18,31,19.033333333333335,-1.0609005689620972,1.5402897844576187
TOKYOTECH_s05,18,32,19.066666666666666,-1.0925740003585815,1.4715901054076859
TOKYOTECH_s05,18,33,19.1,-1.0720312595367432,1.3044478855869759
TOKYOTECH_s05,18,34,19.133333333333333,-1.0915766954421997,1.0737871372238041
TOKYOTECH_s05,18,35,19.166666666666668,-1.2145659923553467,0.8177630474367391
TOKYOTECH_s05,18,36,19.2,-0.9377152323722839,0.5677062517898236
TOKYOTECH_s05,18,37,19.233333333333334,0.5473734736442566,0.340521185331745
TOKYOTECH_s05,18,38,19.266666666666666,1.8759918212890625,0.1370824278667026
TOKYOTECH_s05,18,39,19.3,2.0376980304718018,-0.052028747579371426
TOKYOTECH_s05,18,40,19.333333333333332,1.7592800855636597,-0.23661213756421337
TOKYOTECH_s05,18,41,19.366666666666667,1.467665672302246,-0.41906299638815553
TOKYOTECH_s05,18,42,19.4,1.1768258810043335,-0.5935512477896489
TOKYOTECH_s05,18,43,19.433333333333334,0.7993271946907043,-0.7517553226115453
TOKYOTECH_s05,18,44,19.466666666666665,0.46518465876579285,-0.889481188713436
TOKYOTECH_s05,18,45,19.5,0.39604097604751587,-1.0077071713414578
TOKYOTECH_s05,18,46,19.533333333333335,0.4732699990272522,-1.1066401923927784
TOKYOTECH_s05,18,47,19.566666666666666,0.5651469230651855,-1.1778449131696336
TOKYOTECH_s05,18,48,19.6,0.4641072154045105,-1.2017682821348523
TOKYOTECH_s05,18,49,19.633333333333333,0.17278659343719482,-1.1541740385644719
TOKYOTECH_s05,18,50,19.666666666666668,-0.16107098758220673,-1.0178499929157
TOKYOTECH_s05,18,51,19.7,-0.4392930567264557,-0.7917780810686993
TOKYOTECH_s05,18,52,19.733333333333334,-0.6859663724899292,-0.49273896211812107
TOKYOTECH_s05,18,53,19.766666666666666,-0.8317246437072754,-0.1506631122201647
TOKYOTECH_s05,18,54,19.8,-0.8709312677383423,0.19717489003794755
TOKYOTECH_s05,18,55,19.833333333333332,-0.980510413646698,0.5099197115035126
TOKYOTECH_s05,18,56,19.866666666666667,-1.0444984436035156,0.7472086765648244
TOKYOTECH_s05,18,57,19.9,-0.9738587737083435,0.8778862183615155
TOKYOTECH_s05,18,58,19.933333333333334,-0.9427641034126282,0.8921345494388292
TOKYOTECH_s05,18,59,19.966666666666665,-1.014775037765503,0.8091206168942159
TOKYOTECH_s05,18,60,20.0,-1.1361171007156372,0.6725215670811178
TOKYOTECH_s05,18,61,20.033333333333335,-1.2276912927627563,0.5336915786253678
TOKYOTECH_s05,18,62,20.066666666666666,-1.1356630325317383,0.4310967820395499
TOKYOTECH_s05,18,63,20.1,-0.10967403650283813,0.37774474649954315
TOKYOTECH_s05,18,64,20.133333333333333,1.5012179613113403,0.3625634299254506
TOKYOTECH_s05,18,65,20.166666666666668,2.1408839225769043,0.36217721853716284
TOKYOTECH_s05,18,66,20.2,1.9236310720443726,0.35385647678119164
TOKYOTECH_s05,18,67,20.233333333333334,1.5288575887680054,0.32190524487666367
TOKYOTECH_s05,18,68,20.266666666666666,1.1778855323791504,0.25652759402951636
TOKYOTECH_s05,18,69,20.3,0.8013663291931152,0.15023764199466086
TOKYOTECH_s05,18,70,20.333333333333332,0.4647839665412903,-0.0027161740085906274
TOKYOTECH_s05,18,71,20.366666666666667,0.31647008657455444,-0.2025619458862493
TOKYOTECH_s05,18,72,20.4,0.3716782033443451,-0.43887894620753076
TOKYOTECH_s05,18,73,20.433333333333334,0.465629905462265,-0.6883445874090555
TOKYOTECH_s05,18,74,20.466666666666665,0.3846609890460968,-0.9170015309385061
TOKYOTECH_s05,18,75,20.5,0.2054395079612732,-1.0856760250676916
TOKYOTECH_s05,18,76,20.533333333333335,-0.021528081968426704,-1.1568080221343051
TOKYOTECH_s05,18,77,20.566666666666666,-0.3495888113975525,-1.1022926274451752
TOKYOTECH_s05,18,78,20.6,-0.7127066850662231,-0.9122842897610639
TOKYOTECH_s05,18,79,20.633333333333333,-0.8612876534461975,-0.6028496052721583
TOKYOTECH_s05,18,80,20.666666666666668,-0.907315194606781,-0.21732759953401873
TOKYOTECH_s05,18,81,20.7,-0.9972865581512451,0.18305352712633968
TOKYOTECH_s05,18,82,20.733333333333334,-0.9874916076660156,0.5373290786746644
TOKYOTECH_s05,18,83,20.766666666666666,-0.9879190325737,0.8031079215403025
TOKYOTECH_s05,18,84,20.8,-0.9364597201347351,0.9658778772546838
TOKYOTECH_s05,18,85,20.833333333333332,-1.0530823469161987,1.0355985046165201
TOKYOTECH_s05,18,86,20.866666666666667,-1.1001695394515991,1.034105978732734
TOKYOTECH_s05,18,87,20.9,-1.1702837944030762,0.98127494683583
TOKYOTECH_s05,18,88,20.933333333333334,-1.1784759759902954,0.8870554014488846
TOKYOTECH_s05,18,89,20.966666666666665,-0.18026915192604065,0.7518346269668654
TOKYOTECH_s05,18,90,21.0,1.4448165893554688,0.5725225843965078
TOKYOTECH_s05,18,91,21.033333333333335,2.0860230922698975,0.34938543664248267
TOKYOTECH_s05,18,92,21.066666666666666,1.8336952924728394,0.08995401660554307
TOKYOTECH_s05,18,93,21.1,1.3876495361328125,-0.19061546484862796
TOKYOTECH_s05,18,94,21.133333333333333,0.9618616104125977,-0.47126332974314145
TOKYOTECH_s05,18,95,21.166666666666668,0.5891802906990051,-0.7273753806786942
TOKYOTECH_s05,18,96,21.2,0.23359562456607819,-0.9336750247279869
TOKYOTECH_s05,18,97,21.233333333333334,0.14040081202983856,-1.0681785495072973
TOKYOTECH_s05,18,98,21.266666666666666,0.3180462121963501,-1.116434769618689
TOKYOTECH_s05,18,99,21.3,0.48558494448661804,-1.0738704455965782
TOKYOTECH_s05,18,100,21.333333333333332,0.4484441578388214,-0.9447238721894751
TOKYOTECH_s05,18,101,21.366666666666667,0.22120052576065063,-0.7385321643986211
TOKYOTECH_s05,18,102,21.4,-0.03436841443181038,-0.4674182083314441
TOKYOTECH_s05,18,103,21.433333333333334,-0.27989304065704346,-0.1470560246340839
TOKYOTECH_s05,18,104,21.466666666666665,-0.5397005677223206,0.1993269265251248
TOKYOTECH_s05,18,105,21.5,-0.7881725430488586,0.5381721213491135
TOKYOTECH_s05,18,106,21.533333333333335,-0.8734868764877319,0.828558824708655
TOKYOTECH_s05,18,107,21.566666666666666,-0.8139422535896301,1.0318341476412167
TOKYOTECH_s05,18,108,21.6,-0.8674585223197937,1.1236715871710563
TOKYOTECH_s05,18,109,21.633333333333333,-0.8659892678260803,1.1015954264132546
TOKYOTECH_s05,18,110,21.666666666666668,-0.862881600856781,0.983290956148146
TOKYOTECH_s05,18,111,21.7,-1.0021483898162842,0.7970061571428357
TOKYOTECH_s05,18,112,21.733333333333334,-0.7515838742256165,0.5708425912220686
TOKYOTECH_s05,18,113,21.766666666666666,0.5316836833953857,0.3277921579508375
TOKYOTECH_s05,18,114,21.8,1.7374640703201294,0.08715280792733865
TOKYOTECH_s05,18,115,21.833333333333332,1.9089653491973877,-0.13305248152304802
TOKYOTECH_s05,18,116,21.866666666666667,1.5483139753341675,-0.3175936754226203
TOKYOTECH_s05,18,117,21.9,1.1628813743591309,-0.4590776127161706
TOKYOTECH_s05,18,118,21.933333333333334,0.7833346724510193,-0.5614474510094244
TOKYOTECH_s05,18,119,21.966666666666665,0.3354990780353546,-0.6372719129899868
TOKYOTECH_s05,18,120,22.0,0.07507717609405518,-0.6996329760847766
TOKYOTECH_s05,18,121,22.033333333333335,0.13656295835971832,-0.754241289946626
TOKYOTECH_s05,18,122,22.066666666666666,0.360885888338089,-0.796582636184292
TOKYOTECH_s05,18,123,22.1,0.46052759885787964,-0.814307400412902
TOKYOTECH_s05,18,124,22.133333333333333,0.29065585136413574,-0.7915774112076824
TOKYOTECH_s05,18,125,22.166666666666668,0.02075953595340252,-0.7124531913241764
TOKYOTECH_s05,18,126,22.2,-0.23659031093120575,-0.5638306375326886
TOKYOTECH_s05,18,127,22.233333333333334,-0.462035208940506,-0.34051910710908334
TOKYOTECH_s05,18,128,22.266666666666666,-0.7501056790351868,-0.05260491849751482
TOKYOTECH_s05,18,129,22.3,-0.9179204702377319,0.2694096891189998
TOKYOTECH_s05,18,130,22.333333333333332,-0.9349192380905151,0.5781492594683927
TOKYOTECH_s05,18,131,22.366666666666667,-0.9844907522201538,0.8238563475232358
TOKYOTECH_s05,18,132,22.4,-0.9756218791007996,0.9733068951791018
TOKYOTECH_s05,18,133,22.433333333333334,-0.9494603276252747,1.021249550226449
TOKYOTECH_s05,18,134,22.466666666666665,-0.9936535358428955,0.9867291565053112
TOKYOTECH_s05,18,135,22.5,-1.0040184259414673,0.8972698291671213
TOKYOTECH_s05,18,136,22.533333333333335,-1.0560921430587769,0.7725325768917971
TOKYOTECH_s05,18,137,22.566666666666666,-0.33927735686302185,0.6187867306514441
TOKYOTECH_s05,18,138,22.6,1.3438125848770142,0.4359378431302531
TOKYOTECH_s05,18,139,22.633333333333333,2.1895382404327393,0.2287164484624147
TOKYOTECH_s05,18,140,22.666666666666668,2.05353045463562,0.011839894994429116
TOKYOTECH_s05,18,141,22.7,1.6753015518188477,-0.19455944033179895
TOKYOTECH_s05,18,142,22.733333333333334,1.320892333984375,-0.374386579963177
TOKYOTECH_s05,18,143,22.766666666666666,0.9493328928947449,-0.5215563108805668
TOKYOTECH_s05,18,144,22.8,0.6402566432952881,-0.638403783277864
TOKYOTECH_s05,18,145,22.833333333333332,0.5081935524940491,-0.7293126414053576
TOKYOTECH_s05,18,146,22.866666666666667,0.5103395581245422,-0.795135028219776
TOKYOTECH_s05,18,147,22.9,0.5790023803710938,-0.8315926024192817
TOKYOTECH_s05,18,148,22.933333333333334,0.6328035593032837,-0.8305123793981397
TOKYOTECH_s05,18,149,22.966666666666665,0.4972766041755676,-0.7811072167548982
TOKYOTECH_s05,18,150,23.0,0.16056066751480103,-0.6712716356951745
TOKYOTECH_s05,18,151,23.033333333333335,-0.20385725796222687,-0.4917455719243818
TOKYOTECH_s05,18,152,23.066666666666666,-0.4418397545814514,-0.24438543219810946
TOKYOTECH_s05,18,153,23.1,-0.5957278609275818,0.04944688165405899
TOKYOTECH_s05,18,154,23.133333333333333,-0.7491440176963806,0.34831012057332245
TOKYOTECH_s05,18,155,23.166666666666668,-0.7765966653823853,0.6028252237159062
TOKYOTECH_s05,18,156,23.2,-0.8040671348571777,0.775295786397288
TOKYOTECH_s05,18,157,23.233333333333334,-0.8797823786735535,0.8539289981732888
TOKYOTECH_s05,18,158,23.266666666666666,-0.8691325783729553,0.8521165843013433
TOKYOTECH_s05,18,159,23.3,-0.9340822100639343,0.7943948938058611
TOKYOTECH_s05,18,160,23.333333333333332,-1.0238310098648071,0.700337562074323
TOKYOTECH_s05,18,161,23.366666666666667,-0.9567709565162659,0.5780934081776957
TOKYOTECH_s05,18,162,23.4,-0.05370905622839928,0.4299355017491354
TOKYOTECH_s05,18,163,23.433333333333334,1.4419137239456177,0.2620196541546796
TOKYOTECH_s05,18,164,23.466666666666665,2.0124359130859375,0.08869704180819647
TOKYOTECH_s05,18,165,23.5,1.7975696325302124,-0.07197767717457512
TOKYOTECH_s05,18,166,23.533333333333335,1.459295392036438,-0.20676366600133747
TOKYOTECH_s05,18,167,23.566666666666666,1.1024196147918701,-0.31194435281379573
TOKYOTECH_s05,18,168,23.6,0.7150546908378601,-0.3909181044170075
TOKYOTECH_s05,18,169,23.633333333333333,0.4653538465499878,-0.44825120497234827
TOKYOTECH_s05,18,170,23.666666666666668,0.38036900758743286,-0.48628991134350824
TOKYOTECH_s05,18,171,23.7,0.4194420874118805,-0.5069404404176017
TOKYOTECH_s05,18,172,23.733333333333334,0.5448089838027954,-0.5151235967441768
TOKYOTECH_s05,18,173,23.766666666666666,0.4735816419124603,-0.517960691593624
TOKYOTECH_s05,18,174,23.8,0.22424587607383728,-0.5182154661909091
TOKYOTECH_s05,18,175,23.833333333333332,-0.006043102592229843,-0.5074892826070901
TOKYOTECH_s05,18,176,23.866666666666667,-0.30146872997283936,-0.4671525072226987
TOKYOTECH_s05,18,177,23.9,-0.5163617730140686,-0.37962878665956645
TOKYOTECH_s05,18,178,23.933333333333334,-0.6344714760780334,-0.24262354542622086
TOKYOTECH_s05,18,179,23.966666666666665,-0.714024543762207,-0.07425367477076132
TOKYOTECH_s05,18,180,24.0,-0.7489035725593567,0.09596540109882455
TOKYOTECH_s05,18,181,24.033333333333335,-0.7773179411888123,0.24348752196576176
TOKYOTECH_s05,18,182,24.066666666666666,-0.7331425547599792,0.3599222248267613
TOKYOTECH_s05,18,183,24.1,-0.8075399398803711,0.45127794635005575
TOKYOTECH_s05,18,184,24.133333333333333,-0.858758807182312,0.5268886670317071
TOKYOTECH_s05,18,185,24.166666666666668,-0.9566463232040405,0.589808081399048
TOKYOTECH_s05,18,186,24.2,-0.8133634924888611,0.6354617717776946
TOKYOTECH_s05,18,187,24.233333333333334,0.3255349099636078,0.6564416974406422
TOKYOTECH_s05,18,188,24.266666666666666,1.5329536199569702,0.6470872166558667
TOKYOTECH_s05,18,189,24.3,1.6688101291656494,0.6037900936506331
TOKYOTECH_s05,18,190,24.333333333333332,1.2977583408355713,0.5221464526007358
TOKYOTECH_s05,18,191,24.366666666666667,0.9813892245292664,0.39542864258409205
TOKYOTECH_s05,18,192,24.4,0.5864554643630981,0.2176487844719014
TOKYOTECH_s05,18,193,24.433333333333334,0.1250048726797104,-0.009744322040555014
TOKYOTECH_s05,18,194,24.466666666666665,-0.021430132910609245,-0.27203993035497004
TOKYOTECH_s05,18,195,24.5,0.11728464812040329,-0.5406603734360738
TOKYOTECH_s05,18,196,24.533333333333335,0.3784189224243164,-0.7782167442496104
TOKYOTECH_s05,18,197,24.566666666666666,0.38596105575561523,-0.9460328058416461
TOKYOTECH_s05,18,198,24.6,0.21628522872924805,-1.011120135903284
TOKYOTECH_s05,18,199,24.633333333333333,-0.02176850475370884,-0.9522732568822241
TOKYOTECH_s05,18,200,24.666666666666668,-0.28337472677230835,-0.7665311317320411
TOKYOTECH_s05,18,201,24.7,-0.5058900117874146,-0.4752483067879681
TOKYOTECH_s05,18,202,24.733333333333334,-0.6950935125350952,-0.1247862778197897
TOKYOTECH_s05,18,203,24.766666666666666,-0.7895972728729248,0.22342824972870856
TOKYOTECH_s05,18,204,24.8,-0.7998998165130615,0.511815351388339
TOKYOTECH_s05,18,205,24.833333333333332,-0.8230783343315125,0.7052230100874236
TOKYOTECH_s05,18,206,24.866666666666667,-0.8274059295654297,0.7992185934217358
TOKYOTECH_s05,18,207,24.9,-0.846808910369873,0.8143824374423653
TOKYOTECH_s05,18,208,24.933333333333334,-0.9036554098129272,0.7810161699902756
TOKYOTECH_s05,18,209,24.966666666666665,-0.9338328838348389,0.7233493193237432
TOKYOTECH_s05,18,210,25.0,-0.2946389615535736,0.6509274000739798
TOKYOTECH_s05,18,211,25.033333333333335,1.0404351949691772,0.5593966538971755
TOKYOTECH_s05,18,212,25.066666666666666,1.7187645435333252,0.4375302142946334
TOKYOTECH_s05,18,213,25.1,1.545339822769165,0.27524089596557705
TOKYOTECH_s05,18,214,25.133333333333333,1.2730660438537598,0.06906529540080482
TOKYOTECH_s05,18,215,25.166666666666668,0.9852538108825684,-0.17543683825775047
TOKYOTECH_s05,18,216,25.2,0.6613336801528931,-0.44359321439404625
TOKYOTECH_s05,18,217,25.233333333333334,0.3825506269931793,-0.7135019670393493
TOKYOTECH_s05,18,218,25.266666666666666,0.18957163393497467,-0.9601243590951912
TOKYOTECH_s05,18,219,25.3,0.27321189641952515,-1.1608306780130067
TOKYOTECH_s05,18,220,25.333333333333332,0.4077949821949005,-1.2993544630118945
TOKYOTECH_s05,18,221,25.366666666666667,0.3636462986469269,-1.3649540336396724
TOKYOTECH_s05,18,222,25.4,0.22926802933216095,-1.347552985082439
TOKYOTECH_s05,18,223,25.433333333333334,-0.09086766093969345,-1.2342418685348613
TOKYOTECH_s05,18,224,25.466666666666665,-0.3112815022468567,-1.0128746608145414
TOKYOTECH_s05,18,225,25.5,-0.5685868263244629,-0.6830470166651439
TOKYOTECH_s05,18,226,25.533333333333335,-0.6970970034599304,-0.26694661164677475
TOKYOTECH_s05,18,227,25.566666666666666,-0.7636939883232117,0.18953913432340339
TOKYOTECH_s05,18,228,25.6,-0.8347076773643494,0.6277398734564372
TOKYOTECH_s05,18,229,25.633333333333333,-0.8541373610496521,0.9924374563182482
TOKYOTECH_s05,18,230,25.666666666666668,-0.8282429575920105,1.2448957187791112
TOKYOTECH_s05,18,231,25.7,-0.8479041457176208,1.3685261176320012
TOKYOTECH_s05,18,232,25.733333333333334,-0.9726388454437256,1.367985781407715
TOKYOTECH_s05,18,233,25.766666666666666,-1.018906831741333,1.2648294588986462
TOKYOTECH_s05,18,234,25.8,-1.102431297302246,1.0921260797153853
TOKYOTECH_s05,18,235,25.833333333333332,-0.5589699745178223,0.8883399996691722
TOKYOTECH_s05,18,236,25.866666666666667,0.9141689538955688,0.6895884940692528
TOKYOTECH_s05,18,237,25.9,1.8198487758636475,0.520566071712468
TOKYOTECH_s05,18,238,25.933333333333334,1.7167787551879883,0.3872844596546955
TOKYOTECH_s05,18,239,25.966666666666665,1.421771764755249,0.2761207922969498
TOKYOTECH_s05,19,0,19.0,-0.9923979640007019,0.09921672338506488
TOKYOTECH_s05,19,1,19.033333333333335,-1.0609005689620972,-1.1100553824866441
TOKYOTECH_s05,19,2,19.066666666666666,-1.0925740003585815,-2.1329628503282936
TOKYOTECH_s05,19,3,19.1,-1.0720312595367432,-2.8246715391485226
TOKYOTECH_s05,19,4,19.133333333333333,-1.0915766954421997,-3.1174741272594866
TOKYOTECH_s05,19,5,19.166666666666668,-1.2145659923553467,-3.0306095273794593
TOKYOTECH_s05,19,6,19.2,-0.9377152323722839,-2.654942742073975
TOKYOTECH_s05,19,7,19.233333333333334,0.5473734736442566,-2.1215023181081483
TOKYOTECH_s05,19,8,19.266666666666666,1.8759918212890625,-1.5653330299100632
TOKYOTECH_s05,19,9,19.3,2.0376980304718018,-1.0931808818078104
TOKYOTECH_s05,19,10,19.333333333333332,1.7592800855636597,-0.7624495218856661
TOKYOTECH_s05,19,11,19.366666666666667,1.467665672302246,-0.5775221410859166
TOKYOTECH_s05,19,12,19.4,1.1768258810043335,-0.5037655688044346
TOKYOTECH_s05,19,13,19.433333333333334,0.7993271946907043,-0.49162785754457095
TOKYOTECH_s05,19,14,19.466666666666665,0.46518465876579285,-0.498614464410573
TOKYOTECH_s05,19,15,19.5,0.39604097604751587,-0.4993031634378791
TOKYOTECH_s05,19,16,19.533333333333335,0.4732699990272522,-0.48215733022145746
TOKYOTECH_s05,19,17,19.566666666666666,0.5651469230651855,-0.4402389978692691
TOKYOTECH_s05,19,18,19.6,0.4641072154045105,-0.3648037581670017
TOKYOTECH_s05,19,19,19.633333333333333,0.17278659343719482,-0.24610902372419818
TOKYOTECH_s05,19,20,19.666666666666668,-0.16107098758220673,-0.07897379429636164
TOKYOTECH_s05,19,21,19.7,-0.4392930567264557,0.1327874877153334
TOKYOTECH_s05,19,22,19.733333333333334,-0.6859663724899292,0.3764900181154381
TOKYOTECH_s05,19,23,19.766666666666666,-0.8317246437072754,0.6338671151808833
TOKYOTECH_s05,19,24,19.8,-0.8709312677383423,0.8839284902404713
TOKYOTECH_s05,19,25,19.833333333333332,-0.980510413646698,1.103806633659151
TOKYOTECH_s05,19,26,19.866666666666667,-1.0444984436035156,1.2699800307533673
TOKYOTECH_s05,19,27,19.9,-0.9738587737083435,1.3632922285595197
TOKYOTECH_s05,19,28,19.933333333333334,-0.9427641034126282,1.3769865151433658
TOKYOTECH_s05,19,29,19.966666666666665,-1.014775037765503,1.3220521789634287
TOKYOTECH_s05,19,30,20.0,-1.1361171007156372,1.224146819970562
TOKYOTECH_s05,19,31,20.033333333333335,-1.2276912927627563,1.1117467727487587
TOKYOTECH_s05,19,32,20.066666666666666,-1.1356630325317383,1.0020859527630592
TOKYOTECH_s05,19,33,20.1,-0.10967403650283813,0.8939754371692722
TOKYOTECH_s05,19,34,20.133333333333333,1.5012179613113403,0.771908164192735
TOKYOTECH_s05,19,35,20.166666666666668,2.1408839225769043,0.6180695491661082
TOKYOTECH_s05,19,36,20.2,1.9236310720443726,0.4241898951609001
TOKYOTECH_s05,19,37,20.233333333333334,1.5288575887680054,0.19619693204904087
TOKYOTECH_s05,19,38,20.266666666666666,1.1778855323791504,-0.04993571086626792
TOKYOTECH_s05,19,39,20.3,0.8013663291931152,-0.2969616897173707
TOKYOTECH_s05,19,40,20.333333333333332,0.4647839665412903,-0.533358707927522
TOKYOTECH_s05,19,41,20.366666666666667,0.31647008657455444,-0.754482129441504
TOKYOTECH_s05,19,42,20.4,0.3716782033443451,-0.9585862062804347
TOKYOTECH_s05,19,43,20.433333333333334,0.465629905462265,-1.141470282791812
TOKYOTECH_s05,19,44,20.466666666666665,0.3846609890460968,-1.2925724735305448
TOKYOTECH_s05,19,45,20.5,0.2054395079612732,-1.3932556870291397
TOKYOTECH_s05,19,46,20.533333333333335,-0.021528081968426704,-1.418008573568925
TOKYOTECH_s05,19,47,20.566666666666666,-0.3495888113975525,-1.3400845409668194
TOKYOTECH_s05,19,48,20.6,-0.7127066850662231,-1.1419831680256072
TOKYOTECH_s05,19,49,20.633333333333333,-0.8612876534461975,-0.8275273148817991
TOKYOTECH_s05,19,50,20.666666666666668,-0.907315194606781,-0.42845805937827813
TOKYOTECH_s05,19,51,20.7,-0.9972865581512451,0.0006998574807695022
TOKYOTECH_s05,19,52,20.733333333333334,-0.9874916076660156,0.39862354537577566
TOKYOTECH_s05,19,53,20.766666666666666,-0.9879190325737,0.7158137316781148
TOKYOTECH_s05,19,54,20.8,-0.9364597201347351,0.9266129738663313
TOKYOTECH_s05,19,55,20.833333333333332,-1.0530823469161987,1.0301274634364852
TOKYOTECH_s05,19,56,20.866666666666667,-1.1001695394515991,1.0417892947280558
TOKYOTECH_s05,19,57,20.9,-1.1702837944030762,0.9816286054027484
TOKYOTECH_s05,19,58,20.933333333333334,-1.1784759759902954,0.8659386341971474
TOKYOTECH_s05,19,59,20.966666666666665,-0.18026915192604065,0.7056732121753798
TOKYOTECH_s05,19,60,21.0,1.4448165893554688,0.5096848570425244
TOKYOTECH_s05,19,61,21.033333333333335,2.0860230922698975,0.28810901984413406
TOKYOTECH_s05,19,62,21.066666666666666,1.8336952924728394,0.053148780973263386
TOKYOTECH_s05,19,63,21.1,1.3876495361328125,-0.18189876755143441
TOKYOTECH_s05,19,64,21.133333333333333,0.9618616104125977,-0.40335277255582125
TOKYOTECH_s05,19,65,21.166666666666668,0.5891802906990051,-0.5969586721883312
TOKYOTECH_s05,19,66,21.2,0.23359562456607819,-0.7479434331332062
TOKYOTECH_s05,19,67,21.233333333333334,0.14040081202983856,-0.8426654942591854
TOKYOTECH_s05,19,68,21.266666666666666,0.3180462121963501,-0.8714665126437824
TOKYOTECH_s05,19,69,21.3,0.48558494448661804,-0.8306117580576117
TOKYOTECH_s05,19,70,21.333333333333332,0.4484441578388214,-0.7216028689202516
TOKYOTECH_s05,19,71,21.366666666666667,0.22120052576065063,-0.548599543964555
TOKYOTECH_s05,19,72,21.4,-0.03436841443181038,-0.3171770273960546
TOKYOTECH_s05,19,73,21.433333333333334,-0.27989304065704346,-0.03721422717646007
TOKYOTECH_s05,19,74,21.466666666666665,-0.5397005677223206,0.27137222710389397
TOKYOTECH_s05,19,75,21.5,-0.7881725430488586,0.5752440340849344
TOKYOTECH_s05,19,76,21.533333333333335,-0.8734868764877319,0.8314787784886201
TOKYOTECH_s05,19,77,21.566666666666666,-0.8139422535896301,0.9990653181624499
TOKYOTECH_s05,19,78,21.6,-0.8674585223197937,1.0530519460667838
TOKYOTECH_s05,19,79,21.633333333333333,-0.8659892678260803,0.9936281286075507
TOKYOTECH_s05,19,80,21.666666666666668,-0.862881600856781,0.8446520876208985
TOKYOTECH_s05,19,81,21.7,-1.0021483898162842,0.6423701672853592
TOKYOTECH_s05,19,82,21.733333333333334,-0.7515838742256165,0.42145870798097357
TOKYOTECH_s05,19,83,21.766666666666666,0.5316836833953857,0.20665385593229402
TOKYOTECH_s05,19,84,21.8,1.7374640703201294,0.01245220205512066
TOKYOTECH_s05,19,85,21.833333333333332,1.9089653491973877,-0.15338896271569488
TOKYOTECH_s05,19,86,21.866666666666667,1.5483139753341675,-0.2880551659970977
TOKYOTECH_s05,19,87,21.9,1.1628813743591309,-0.39499688271250755
TOKYOTECH_s05,19,88,21.933333333333334,0.7833346724510193,-0.48492334796003683
TOKYOTECH_s05,19,89,21.966666666666665,0.3354990780353546,-0.5721997404750081
TOKYOTECH_s05,19,90,22.0,0.07507717609405518,-0.6667853757442274
TOKYOTECH_s05,19,91,22.033333333333335,0.13656295835971832,-0.766642830390021
TOKYOTECH_s05,19,92,22.066666666666666,0.360885888338089,-0.8556445529660216
TOKYOTECH_s05,19,93,22.1,0.46052759885787964,-0.9079583606713326
TOKYOTECH_s05,19,94,22.133333333333333,0.29065585136413574,-0.8956702878489703
TOKYOTECH_s05,19,95,22.166666666666668,0.02075953595340252,-0.7957932424713956
TOKYOTECH_s05,19,96,22.2,-0.23659031093120575,-0.5961112816087574
TOKYOTECH_s05,19,97,22.233333333333334,-0.462035208940506,-0.3014729872015443
TOKYOTECH_s05,19,98,22.266666666666666,-0.7501056790351868,0.060552721076398426
TOKYOTECH_s05,19,99,22.3,-0.9179204702377319,0.4396301624531566
TOKYOTECH_s05,19,100,22.333333333333332,-0.9349192380905151,0.7727739313208404
TOKYOTECH_s05,19,101,22.366666666666667,-0.9844907522201538,1.0036042660906903
TOKYOTECH_s05,19,102,22.4,-0.9756218791007996,1.1024903060559348
TOKYOTECH_s05,19,103,22.433333333333334,-0.9494603276252747,1.0763253005126359
TOKYOTECH_s05,19,104,22.466666666666665,-0.9936535358428955,0.9614832713456807
TOKYOTECH_s05,19,105,22.5,-1.0040184259414673,0.8035451468652947
TOKYOTECH_s05,19,106,22.533333333333335,-1.0560921430587769,0.6360655011801357
TOKYOTECH_s05,19,107,22.566666666666666,-0.33927735686302185,0.47109474084492176
TOKYOTECH_s05,19,108,22.6,1.3438125848770142,0.3049647804252988
TOKYOTECH_s05,19,109,22.633333333333333,2.1895382404327393,0.13182372376542362
TOKYOTECH_s05,19,110,22.666666666666668,2.05353045463562,-0.04642366351359753
TOKYOTECH_s05,19,111,22.7,1.6753015518188477,-0.22005298659048864
TOKYOTECH_s05,19,112,22.733333333333334,1.320892333984375,-0.37849021706080926
TOKYOTECH_s05,19,113,22.766666666666666,0.9493328928947449,-0.5163242251039696
TOKYOTECH_s05,19,114,22.8,0.6402566432952881,-0.6334887288147936
TOKYOTECH_s05,19,115,22.833333333333332,0.5081935524940491,-0.7312110944450059
TOKYOTECH_s05,19,116,22.866666666666667,0.5103395581245422,-0.8081537670217239
TOKYOTECH_s05,19,117,22.9,0.5790023803710938,-0.8591234925021402
TOKYOTECH_s05,19,118,22.933333333333334,0.6328035593032837,-0.8750615301931368
TOKYOTECH_s05,19,119,22.966666666666665,0.4972766041755676,-0.8424074697003835
TOKYOTECH_s05,19,120,23.0,0.16056066751480103,-0.7435817160499469
TOKYOTECH_s05,19,121,23.033333333333335,-0.20385725796222687,-0.5627560922229731
TOKYOTECH_s05,19,122,23.066666666666666,-0.4418397545814514,-0.29743097124874207
TOKYOTECH_s05,19,123,23.1,-0.5957278609275818,0.030409202901435593
TOKYOTECH_s05,19,124,23.133333333333333,-0.7491440176963806,0.37306096344705236
TOKYOTECH_s05,19,125,23.166666666666668,-0.7765966653823853,0.6707386218171826
TOKYOTECH_s05,19,126,23.2,-0.8040671348571777,0.8743181978476143
TOKYOTECH_s05,19,127,23.233333333333334,-0.8797823786735535,0.9636201205758875
TOKYOTECH_s05,19,128,23.266666666666666,-0.8691325783729553,0.9503139346105396
TOKYOTECH_s05,19,129,23.3,-0.9340822100639343,0.8651619995057089
TOKYOTECH_s05,19,130,23.333333333333332,-1.0238310098648071,0.7396452738090971
TOKYOTECH_s05,19,131,23.366666666666667,-0.9567709565162659,0.5943361556854496
TOKYOTECH_s05,19,132,23.4,-0.05370905622839928,0.4389890386883527
TOKYOTECH_s05,19,133,23.433333333333334,1.4419137239456177,0.27957045136158726
TOKYOTECH_s05,19,134,23.466666666666665,2.0124359130859375,0.12383259958586854
TOKYOTECH_s05,19,135,23.5,1.7975696325302124,-0.0191237487897506
TOKYOTECH_s05,19,136,23.533333333333335,1.459295392036438,-0.14298207642831734
TOKYOTECH_s05,19,137,23.566666666666666,1.1024196147918701,-0.24638134814529558
TOKYOTECH_s05,19,138,23.6,0.7150546908378601,-0.3307468901375489
TOKYOTECH_s05,19,139,23.633333333333333,0.4653538465499878,-0.39681624944051525
TOKYOTECH_s05,19,140,23.666666666666668,0.38036900758743286,-0.4443203484671401
TOKYOTECH_s05,19,141,23.7,0.4194420874118805,-0.4755303078757647
TOKYOTECH_s05,19,142,23.733333333333334,0.5448089838027954,-0.49800730843265895
TOKYOTECH_s05,19,143,23.766666666666666,0.4735816419124603,-0.5210272383769655
TOKYOTECH_s05,19,144,23.8,0.22424587607383728,-0.5462750239860037
TOKYOTECH_s05,19,145,23.833333333333332,-0.006043102592229843,-0.5605695719271209
TOKYOTECH_s05,19,146,23.866666666666667,-0.30146872997283936,-0.5390370930017706
TOKYOTECH_s05,19,147,23.9,-0.5163617730140686,-0.45970817595455965
TOKYOTECH_s05,19,148,23.933333333333334,-0.6344714760780334,-0.32006092764550204
TOKYOTECH_s05,19,149,23.966666666666665,-0.714024543762207,-0.142384196583176
TOKYOTECH_s05,19,150,24.0,-0.7489035725593567,0.036970608683641014
TOKYOTECH_s05,19,151,24.033333333333335,-0.7773179411888123,0.18679904928852048
TOKYOTECH_s05,19,152,24.066666666666666,-0.7331425547599792,0.29510372111921207
TOKYOTECH_s05,19,153,24.1,-0.8075399398803711,0.36926346809306376
TOKYOTECH_s05,19,154,24.133333333333333,-0.858758807182312,0.42515915836572843
TOKYOTECH_s05,19,155,24.166666666666668,-0.9566463232040405,0.4756913739738256
TOKYOTECH_s05,19,156,24.2,-0.8133634924888611,0.5259056551097235
TOKYOTECH_s05,19,157,24.233333333333334,0.3255349099636078,0.5738929923462414
TOKYOTECH_s05,19,158,24.266666666666666,1.5329536199569702,0.6128268650481541
TOKYOTECH_s05,19,159,24.3,1.6688101291656494,0.6312903217673379
TOKYOTECH_s05,19,160,24.333333333333332,1.2977583408355713,0.6128742686180593
TOKYOTECH_s05,19,161,24.366666666666667,0.9813892245292664,0.5382118358018783
TOKYOTECH_s05,19,162,24.4,0.5864554643630981,0.3913101790752203
TOKYOTECH_s05,19,163,24.433333333333334,0.1250048726797104,0.16839574774357985
TOKYOTECH_s05,19,164,24.466666666666665,-0.021430132910609245,-0.11551309113584232
TOKYOTECH_s05,19,165,24.5,0.11728464812040329,-0.42650236876105263
TOKYOTECH_s05,19,166,24.533333333333335,0.3784189224243164,-0.7180426653877938
TOKYOTECH_s05,19,167,24.566666666666666,0.38596105575561523,-0.9400399683545535
TOKYOTECH_s05,19,168,24.6,0.21628522872924805,-1.0478561240584388
TOKYOTECH_s05,19,169,24.633333333333333,-0.02176850475370884,-1.0113516800352758
TOKYOTECH_s05,19,170,24.666666666666668,-0.28337472677230835,-0.8246289871171707
TOKYOTECH_s05,19,171,24.7,-0.5058900117874146,-0.5140391204643352
TOKYOTECH_s05,19,172,24.733333333333334,-0.6950935125350952,-0.137826435356218
TOKYOTECH_s05,19,173,24.766666666666666,-0.7895972728729248,0.2280550004603861
TOKYOTECH_s05,19,174,24.8,-0.7998998165130615,0.5145377407108703
TOKYOTECH_s05,19,175,24.833333333333332,-0.8230783343315125,0.6823655401209442
TOKYOTECH_s05,19,176,24.866666666666667,-0.8274059295654297,0.7313930097449886
TOKYOTECH_s05,19,177,24.9,-0.846808910369873,0.6924485954048745
TOKYOTECH_s05,19,178,24.933333333333334,-0.9036554098129272,0.6077243146347286
TOKYOTECH_s05,19,179,24.966666666666665,-0.9338328838348389,0.5109748872151927
TOKYOTECH_s05,19,180,25.0,-0.2946389615535736,0.4169160449772743
TOKYOTECH_s05,19,181,25.033333333333335,1.0404351949691772,0.32245044846149395
TOKYOTECH_s05,19,182,25.066666666666666,1.7187645435333252,0.2155978587708808
TOKYOTECH_s05,19,183,25.1,1.545339822769165,0.08531417595651292
TOKYOTECH_s05,19,184,25.133333333333333,1.2730660438537598,-0.07233909623614018
TOKYOTECH_s05,19,185,25.166666666666668,0.9852538108825684,-0.2522828683716483
TOKYOTECH_s05,19,186,25.2,0.6613336801528931,-0.4414687594672009
TOKYOTECH_s05,19,187,25.233333333333334,0.3825506269931793,-0.6218908536532863
TOKYOTECH_s05,19,188,25.266666666666666,0.18957163393497467,-0.7751597458247057
TOKYOTECH_s05,19,189,25.3,0.27321189641952515,-0.8874124859258228
TOKYOTECH_s05,19,190,25.333333333333332,0.4077949821949005,-0.9514512737295896
TOKYOTECH_s05,19,191,25.366666666666667,0.3636462986469269,-0.963442758255727
TOKYOTECH_s05,19,192,25.4,0.22926802933216095,-0.9160104146062241
TOKYOTECH_s05,19,193,25.433333333333334,-0.09086766093969345,-0.7941921482538167
TOKYOTECH_s05,19,194,25.466666666666665,-0.3112815022468567,-0.5804007838410531
TOKYOTECH_s05,19,195,25.5,-0.5685868263244629,-0.26801109537241496
TOKYOTECH_s05,19,196,25.533333333333335,-0.6970970034599304,0.1253756309421388
TOKYOTECH_s05,19,197,25.566666666666666,-0.7636939883232117,0.5558648168300093
TOKYOTECH_s05,19,198,25.6,-0.8347076773643494,0.9647931544572871
TOKYOTECH_s05,19,199,25.633333333333333,-0.8541373610496521,1.2961626940445399
TOKYOTECH_s05,19,200,25.666666666666668,-0.8282429575920105,1.5103838827930873
TOKYOTECH_s05,19,201,25.7,-0.8479041457176208,1.5896889395799891
TOKYOTECH_s05,19,202,25.733333333333334,-0.9726388454437256,1.5361613450807403
TOKYOTECH_s05,19,203,25.766666666666666,-1.018906831741333,1.3662241139547373
TOKYOTECH_s05,19,204,25.8,-1.102431297302246,1.1052113792808314
TOKYOTECH_s05,19,205,25.833333333333332,-0.5589699745178223,0.7834549295621523
TOKYOTECH_s05,19,206,25.866666666666667,0.9141689538955688,0.43312455290328755
TOKYOTECH_s05,19,207,25.9,1.8198487758636475,0.08472217061302013
TOKYOTECH_s05,19,208,25.933333333333334,1.7167787551879883,-0.236219195063534
TOKYOTECH_s05,19,209,25.966666666666665,1.421771764755249,-0.510500808629147
TOKYOTECH_s05,19,210,26.0,1.169265866279602,-0.72429421511537
TOKYOTECH_s05,19,211,26.033333333333335,0.8500028848648071,-0.8680924882030907
TOKYOTECH_s05,19,212,26.066666666666666,0.5880315899848938,-0.938851561505275
TOKYOTECH_s05,19,213,26.1,0.2947964668273926,-0.9457430000093929
TOKYOTECH_s05,19,214,26.133333333333333,0.31779688596725464,-0.9143549784733147
TOKYOTECH_s05,19,215,26.166666666666668,0.46798959374427795,-0.881834404259797
TOKYOTECH_s05,19,216,26.2,0.47286927700042725,-0.880713574804209
TOKYOTECH_s05,19,217,26.233333333333334,0.2867823839187622,-0.9188083520957903
TOKYOTECH_s05,19,218,26.266666666666666,0.021249284967780113,-0.9689903138523446
TOKYOTECH_s05,19,219,26.3,-0.27153170108795166,-0.9787982146507194
TOKYOTECH_s05,19,220,26.333333333333332,-0.49979934096336365,-0.896157021776538
TOKYOTECH_s05,19,221,26.366666666666667,-0.654079258441925,-0.6957334501489633
TOKYOTECH_s05,19,222,26.4,-0.7697669267654419,-0.39124001991944807
TOKYOTECH_s05,19,223,26.433333333333334,-0.847565770149231,-0.02938306030456209
TOKYOTECH_s05,19,224,26.466666666666665,-0.8924980759620667,0.3282556039513473
TOKYOTECH_s05,19,225,26.5,-0.8438704013824463,0.6247747727736577
TOKYOTECH_s05,19,226,26.533333333333335,-0.8903075456619263,0.8213354782805373
TOKYOTECH_s05,19,227,26.566666666666666,-0.941321611404419,0.9025876035332909
TOKYOTECH_s05,19,228,26.6,-1.0351396799087524,0.8758374501251096
TOKYOTECH_s05,19,229,26.633333333333333,-1.2105590105056763,0.7659850590330493
TOKYOTECH_s05,19,230,26.666666666666668,-1.2479134798049927,0.60747522427426
TOKYOTECH_s05,19,231,26.7,-0.6649695038795471,0.4347121060213843
TOKYOTECH_s05,19,232,26.733333333333334,0.8202617168426514,0.27393839971817574
TOKYOTECH_s05,19,233,26.766666666666666,1.733367919921875,0.14007274840574926
TOKYOTECH_s05,19,234,26.8,1.7689058780670166,0.03947262047323347
TOKYOTECH_s05,19,235,26.833333333333332,1.4393848180770874,-0.02438431309337109
TOKYOTECH_s05,19,236,26.866666666666667,1.0475143194198608,-0.04747455854109703
TOKYOTECH_s05,19,237,26.9,0.8042246699333191,-0.02724240948875923
TOKYOTECH_s05,19,238,26.933333333333334,0.48177382349967957,0.03205367417645717
TOKYOTECH_s05,19,239,26.966666666666665,0.21352481842041016,0.11623230185569157
TOKYOTECH_s05,20,0,20.0,-1.1361171007156372,0.001429428157508583
TOKYOTECH_s05,20,1,20.033333333333335,-1.2276912927627563,-1.201368303913743
TOKYOTECH_s05,20,2,20.066666666666666,-1.1356630325317383,-2.2033508377398734
TOKYOTECH_s05,20,3,20.1,-0.10967403650283813,-2.85749986885545
TOKYOTECH_s05,20,4,20.133333333333333,1.5012179613113403,-3.1097656625059935
TOKYOTECH_s05,20,5,20.166666666666668,2.1408839225769043,-3.003175198234192
TOKYOTECH_s05,20,6,20.2,1.9236310720443726,-2.6491813368284407
TOKYOTECH_s05,20,7,20.233333333333334,1.5288575887680054,-2.1834020628095505
TOKYOTECH_s05,20,8,20.266666666666666,1.1778855323791504,-1.7258689925572315
TOKYOTECH_s05,20,9,20.3,0.8013663291931152,-1.3572111300776666
TOKYOTECH_s05,20,10,20.333333333333332,0.4647839665412903,-1.112243405259444
TOKYOTECH_s05,20,11,20.366666666666667,0.31647008657455444,-0.9864158525333844
TOKYOTECH_s05,20,12,20.4,0.3716782033443451,-0.9488767400282516
TOKYOTECH_s05,20,13,20.433333333333334,0.465629905462265,-0.9565711526264936
TOKYOTECH_s05,20,14,20.466666666666665,0.3846609890460968,-0.9650576592797117
TOKYOTECH_s05,20,15,20.5,0.2054395079612732,-0.9340792707139243
TOKYOTECH_s05,20,16,20.533333333333335,-0.021528081968426704,-0.8295981163524837
TOKYOTECH_s05,20,17,20.566666666666666,-0.3495888113975525,-0.6264116894032659
TOKYOTECH_s05,20,18,20.6,-0.7127066850662231,-0.314131190233416
TOKYOTECH_s05,20,19,20.633333333333333,-0.8612876534461975,0.0951632354895188
TOKYOTECH_s05,20,20,20.666666666666668,-0.907315194606781,0.5635446730334396
TOKYOTECH_s05,20,21,20.7,-0.9972865581512451,1.0336270030733183
TOKYOTECH_s05,20,22,20.733333333333334,-0.9874916076660156,1.4439317114333092
TOKYOTECH_s05,20,23,20.766666666666666,-0.9879190325737,1.7461176338342619
TOKYOTECH_s05,20,24,20.8,-0.9364597201347351,1.916314046061343
TOKYOTECH_s05,20,25,20.833333333333332,-1.0530823469161987,1.9567473600692857
TOKYOTECH_s05,20,26,20.866666666666667,-1.1001695394515991,1.8884603471164965
TOKYOTECH_s05,20,27,20.9,-1.1702837944030762,1.7394063947217941
TOKYOTECH_s05,20,28,20.933333333333334,-1.1784759759902954,1.5338332049069372
TOKYOTECH_s05,20,29,20.966666666666665,-0.18026915192604065,1.2874461183062058
TOKYOTECH_s05,20,30,21.0,1.4448165893554688,1.0086827539862213
TOKYOTECH_s05,20,31,21.033333333333335,2.0860230922698975,0.7029237608819348
TOKYOTECH_s05,20,32,21.066666666666666,1.8336952924728394,0.376375681907717
TOKYOTECH_s05,20,33,21.1,1.3876495361328125,0.03841881435093786
TOKYOTECH_s05,20,34,21.133333333333333,0.9618616104125977,-0.297274819626417
TOKYOTECH_s05,20,35,21.166666666666668,0.5891802906990051,-0.6125517100013772
TOKYOTECH_s05,20,36,21.2,0.23359562456607819,-0.8860248269095417
TOKYOTECH_s05,20,37,21.233333333333334,0.14040081202983856,-1.0962744033927947
TOKYOTECH_s05,20,38,21.266666666666666,0.3180462121963501,-1.22603387785768
TOKYOTECH_s05,20,39,21.3,0.48558494448661804,-1.265098721365845
TOKYOTECH_s05,20,40,21.333333333333332,0.4484441578388214,-1.2104117345028484
TOKYOTECH_s05,20,41,21.366666666666667,0.22120052576065063,-1.0641583100054648
TOKYOTECH_s05,20,42,21.4,-0.03436841443181038,-0.8328050321795633
TOKYOTECH_s05,20,43,21.433333333333334,-0.27989304065704346,-0.5295319526595745
TOKYOTECH_s05,20,44,21.466666666666665,-0.5397005677223206,-0.17903120662128152
TOKYOTECH_s05,20,45,21.5,-0.7881725430488586,0.17982214758463735
TOKYOTECH_s05,20,46,21.533333333333335,-0.8734868764877319,0.49802523599721066
TOKYOTECH_s05,20,47,21.566666666666666,-0.8139422535896301,0.7281300399007138
TOKYOTECH_s05,20,48,21.6,-0.8674585223197937,0.8391599032076997
TOKYOTECH_s05,20,49,21.633333333333333,-0.8659892678260803,0.8270512441555731
TOKYOTECH_s05,20,50,21.666666666666668,-0.862881600856781,0.7143297786194746
TOKYOTECH_s05,20,51,21.7,-1.0021483898162842,0.5388151165993201
TOKYOTECH_s05,20,52,21.733333333333334,-0.7515838742256165,0.33839477862046213
TOKYOTECH_s05,20,53,21.766666666666666,0.5316836833953857,0.14106991171049227
TOKYOTECH_s05,20,54,21.8,1.7374640703201294,-0.036135958154950645
TOKYOTECH_s05,20,55,21.833333333333332,1.9089653491973877,-0.18334539947929743
TOKYOTECH_s05,20,56,21.866666666666667,1.5483139753341675,-0.29531215344198325
TOKYOTECH_s05,20,57,21.9,1.1628813743591309,-0.372784329583423
TOKYOTECH_s05,20,58,21.933333333333334,0.7833346724510193,-0.424757183101321
TOKYOTECH_s05,20,59,21.966666666666665,0.3354990780353546,-0.46667161210976865
TOKYOTECH_s05,20,60,22.0,0.07507717609405518,-0.5134297532045144
TOKYOTECH_s05,20,61,22.033333333333335,0.13656295835971832,-0.5712776553575968
TOKYOTECH_s05,20,62,22.066666666666666,0.360885888338089,-0.6337575062271699
TOKYOTECH_s05,20,63,22.1,0.46052759885787964,-0.6836636457144604
TOKYOTECH_s05,20,64,22.133333333333333,0.29065585136413574,-0.6985408737065198
TOKYOTECH_s05,20,65,22.166666666666668,0.02075953595340252,-0.6559393864098906
TOKYOTECH_s05,20,66,22.2,-0.23659031093120575,-0.5376198851913084
TOKYOTECH_s05,20,67,22.233333333333334,-0.462035208940506,-0.3348217975175367
TOKYOTECH_s05,20,68,22.266666666666666,-0.7501056790351868,-0.05529841793336276
TOKYOTECH_s05,20,69,22.3,-0.9179204702377319,0.2714485778562695
TOKYOTECH_s05,20,70,22.333333333333332,-0.9349192380905151,0.5968066761880938
TOKYOTECH_s05,20,71,22.366666666666667,-0.9844907522201538,0.8665287566383587
TOKYOTECH_s05,20,72,22.4,-0.9756218791007996,1.0399522961415357
TOKYOTECH_s05,20,73,22.433333333333334,-0.9494603276252747,1.103916710234335
TOKYOTECH_s05,20,74,22.466666666666665,-0.9936535358428955,1.0727504882724557
TOKYOTECH_s05,20,75,22.5,-1.0040184259414673,0.9748690049775688
TOKYOTECH_s05,20,76,22.533333333333335,-1.0560921430587769,0.8356646769615166
TOKYOTECH_s05,20,77,22.566666666666666,-0.33927735686302185,0.6682346738431868
TOKYOTECH_s05,20,78,22.6,1.3438125848770142,0.4761006322116366
TOKYOTECH_s05,20,79,22.633333333333333,2.1895382404327393,0.26246304704556594
TOKYOTECH_s05,20,80,22.666666666666668,2.05353045463562,0.036998614040412756
TOKYOTECH_s05,20,81,22.7,1.6753015518188477,-0.1848518722163696
TOKYOTECH_s05,20,82,22.733333333333334,1.320892333984375,-0.3879610914522354
TOKYOTECH_s05,20,83,22.766666666666666,0.9493328928947449,-0.5627360994316914
TOKYOTECH_s05,20,84,22.8,0.6402566432952881,-0.705604690074452
TOKYOTECH_s05,20,85,22.833333333333332,0.5081935524940491,-0.8159568187262874
TOKYOTECH_s05,20,86,22.866666666666667,0.5103395581245422,-0.8930669959461364
TOKYOTECH_s05,20,87,22.9,0.5790023803710938,-0.9348001050133994
TOKYOTECH_s05,20,88,22.933333333333334,0.6328035593032837,-0.9366620421111324
TOKYOTECH_s05,20,89,22.966666666666665,0.4972766041755676,-0.8895382933627787
TOKYOTECH_s05,20,90,23.0,0.16056066751480103,-0.7785522236617928
TOKYOTECH_s05,20,91,23.033333333333335,-0.20385725796222687,-0.5880524813499642
TOKYOTECH_s05,20,92,23.066666666666666,-0.4418397545814514,-0.3136934791373092
TOKYOTECH_s05,20,93,23.1,-0.5957278609275818,0.02490170577701384
TOKYOTECH_s05,20,94,23.133333333333333,-0.7491440176963806,0.38125942342846925
TOKYOTECH_s05,20,95,23.166666666666668,-0.7765966653823853,0.6947777558917952
TOKYOTECH_s05,20,96,23.2,-0.8040671348571777,0.913581379735733
TOKYOTECH_s05,20,97,23.233333333333334,-0.8797823786735535,1.0136785307652254
TOKYOTECH_s05,20,98,23.266666666666666,-0.8691325783729553,1.0031603251474701
TOKYOTECH_s05,20,99,23.3,-0.9340822100639343,0.9108000646339839
TOKYOTECH_s05,20,100,23.333333333333332,-1.0238310098648071,0.7684513755591398
TOKYOTECH_s05,20,101,23.366666666666667,-0.9567709565162659,0.5990437649577818
TOKYOTECH_s05,20,102,23.4,-0.05370905622839928,0.41544063877941523
TOKYOTECH_s05,20,103,23.433333333333334,1.4419137239456177,0.22642499914885456
TOKYOTECH_s05,20,104,23.466666666666665,2.0124359130859375,0.042165980746687766
TOKYOTECH_s05,20,105,23.5,1.7975696325302124,-0.12563238831614829
TOKYOTECH_s05,20,106,23.533333333333335,1.459295392036438,-0.267556436165436
TOKYOTECH_s05,20,107,23.566666666666666,1.1024196147918701,-0.3793696640029081
TOKYOTECH_s05,20,108,23.6,0.7150546908378601,-0.46124275445765356
TOKYOTECH_s05,20,109,23.633333333333333,0.4653538465499878,-0.5151434333024253
TOKYOTECH_s05,20,110,23.666666666666668,0.38036900758743286,-0.5438963682243612
TOKYOTECH_s05,20,111,23.7,0.4194420874118805,-0.5528622355713726
TOKYOTECH_s05,20,112,23.733333333333334,0.5448089838027954,-0.550924611097597
TOKYOTECH_s05,20,113,23.766666666666666,0.4735816419124603,-0.5465866006104522
TOKYOTECH_s05,20,114,23.8,0.22424587607383728,-0.5398174156073035
TOKYOTECH_s05,20,115,23.833333333333332,-0.006043102592229843,-0.5163228077909024
TOKYOTECH_s05,20,116,23.866666666666667,-0.30146872997283936,-0.4517718795040993
TOKYOTECH_s05,20,117,23.9,-0.5163617730140686,-0.32688085530856154
TOKYOTECH_s05,20,118,23.933333333333334,-0.6344714760780334,-0.1440576380482906
TOKYOTECH_s05,20,119,23.966666666666665,-0.714024543762207,0.0676011288977532
TOKYOTECH_s05,20,120,24.0,-0.7489035725593567,0.2641874353998846
TOKYOTECH_s05,20,121,24.033333333333335,-0.7773179411888123,0.40832463058031143
TOKYOTECH_s05,20,122,24.066666666666666,-0.7331425547599792,0.48618697436040487
TOKYOTECH_s05,20,123,24.1,-0.8075399398803711,0.5102494213168924
TOKYOTECH_s05,20,124,24.133333333333333,-0.858758807182312,0.5083259921498162
TOKYOTECH_s05,20,125,24.166666666666668,-0.9566463232040405,0.5078364017410051
TOKYOTECH_s05,20,126,24.2,-0.8133634924888611,0.5242227732229369
TOKYOTECH_s05,20,127,24.233333333333334,0.3255349099636078,0.5568858465667178
TOKYOTECH_s05,20,128,24.266666666666666,1.5329536199569702,0.5911486417312017
TOKYOTECH_s05,20,129,24.3,1.6688101291656494,0.6032227155240868
TOKYOTECH_s05,20,130,24.333333333333332,1.2977583408355713,0.5663009890158736
TOKYOTECH_s05,20,131,24.366666666666667,0.9813892245292664,0.4574958838683029
TOKYOTECH_s05,20,132,24.4,0.5864554643630981,0.2654044766074571
TOKYOTECH_s05,20,133,24.433333333333334,0.1250048726797104,-0.003451268560854199
TOKYOTECH_s05,20,134,24.466666666666665,-0.021430132910609245,-0.3225081725347115
TOKYOTECH_s05,20,135,24.5,0.11728464812040329,-0.6494273866661797
TOKYOTECH_s05,20,136,24.533333333333335,0.3784189224243164,-0.9348668458933531
TOKYOTECH_s05,20,137,24.566666666666666,0.38596105575561523,-1.131434587512937
TOKYOTECH_s05,20,138,24.6,0.21628522872924805,-1.2006721615139748
TOKYOTECH_s05,20,139,24.633333333333333,-0.02176850475370884,-1.1195637401199243
TOKYOTECH_s05,20,140,24.666666666666668,-0.28337472677230835,-0.8884028560656699
TOKYOTECH_s05,20,141,24.7,-0.5058900117874146,-0.5378399975760643
TOKYOTECH_s05,20,142,24.733333333333334,-0.6950935125350952,-0.1281055786708581
TOKYOTECH_s05,20,143,24.766666666666666,-0.7895972728729248,0.26531090320955547
TOKYOTECH_s05,20,144,24.8,-0.7998998165130615,0.5757392218741781
TOKYOTECH_s05,20,145,24.833333333333332,-0.8230783343315125,0.7667209957920208
TOKYOTECH_s05,20,146,24.866666666666667,-0.8274059295654297,0.8394911280166055
TOKYOTECH_s05,20,147,24.9,-0.846808910369873,0.8241023023795327
TOKYOTECH_s05,20,148,24.933333333333334,-0.9036554098129272,0.7605252665247328
TOKYOTECH_s05,20,149,24.966666666666665,-0.9338328838348389,0.6800642283149497
TOKYOTECH_s05,20,150,25.0,-0.2946389615535736,0.5955068101544747
TOKYOTECH_s05,20,151,25.033333333333335,1.0404351949691772,0.5024715156486708
TOKYOTECH_s05,20,152,25.066666666666666,1.7187645435333252,0.3881708829243182
TOKYOTECH_s05,20,153,25.1,1.545339822769165,0.2411671427505934
TOKYOTECH_s05,20,154,25.133333333333333,1.2730660438537598,0.05783647614503059
TOKYOTECH_s05,20,155,25.166666666666668,0.9852538108825684,-0.15516569750636233
TOKYOTECH_s05,20,156,25.2,0.6613336801528931,-0.38170733440400517
TOKYOTECH_s05,20,157,25.233333333333334,0.3825506269931793,-0.5997799927462161
TOKYOTECH_s05,20,158,25.266666666666666,0.18957163393497467,-0.7872454194884834
TOKYOTECH_s05,20,159,25.3,0.27321189641952515,-0.9276459638803516
TOKYOTECH_s05,20,160,25.333333333333332,0.4077949821949005,-1.0124742971224991
TOKYOTECH_s05,20,161,25.366666666666667,0.3636462986469269,-1.0375311303733639
TOKYOTECH_s05,20,162,25.4,0.22926802933216095,-0.9958212821126049
TOKYOTECH_s05,20,163,25.433333333333334,-0.09086766093969345,-0.8737364256205046
TOKYOTECH_s05,20,164,25.466666666666665,-0.3112815022468567,-0.6563230232542901
TOKYOTECH_s05,20,165,25.5,-0.5685868263244629,-0.3406226116156364
TOKYOTECH_s05,20,166,25.533333333333335,-0.6970970034599304,0.052145845409239694
TOKYOTECH_s05,20,167,25.566666666666666,-0.7636939883232117,0.47599035056333927
TOKYOTECH_s05,20,168,25.6,-0.8347076773643494,0.8725830684657195
TOKYOTECH_s05,20,169,25.633333333333333,-0.8541373610496521,1.1883203935585602
TOKYOTECH_s05,20,170,25.666666666666668,-0.8282429575920105,1.3865919818364618
TOKYOTECH_s05,20,171,25.7,-0.8479041457176208,1.4516566440875895
TOKYOTECH_s05,20,172,25.733333333333334,-0.9726388454437256,1.3861503841403955
TOKYOTECH_s05,20,173,25.766666666666666,-1.018906831741333,1.2064127747714706
TOKYOTECH_s05,20,174,25.8,-1.102431297302246,0.9386248194420199
TOKYOTECH_s05,20,175,25.833333333333332,-0.5589699745178223,0.6159529703265275
TOKYOTECH_s05,20,176,25.866666666666667,0.9141689538955688,0.2748762860686794
TOKYOTECH_s05,20,177,25.9,1.8198487758636475,-0.05049644186011593
TOKYOTECH_s05,20,178,25.933333333333334,1.7167787551879883,-0.33442621252281685
TOKYOTECH_s05,20,179,25.966666666666665,1.421771764755249,-0.5624927820990208
TOKYOTECH_s05,20,180,26.0,1.169265866279602,-0.730171804527772
TOKYOTECH_s05,20,181,26.033333333333335,0.8500028848648071,-0.8393639589034776
TOKYOTECH_s05,20,182,26.066666666666666,0.5880315899848938,-0.8966631323923734
TOKYOTECH_s05,20,183,26.1,0.2947964668273926,-0.914666744778833
TOKYOTECH_s05,20,184,26.133333333333333,0.31779688596725464,-0.912876106699015
TOKYOTECH_s05,20,185,26.166666666666668,0.46798959374427795,-0.9128514006687053
TOKYOTECH_s05,20,186,26.2,0.47286927700042725,-0.9265682614840367
TOKYOTECH_s05,20,187,26.233333333333334,0.2867823839187622,-0.944169183350545
TOKYOTECH_s05,20,188,26.266666666666666,0.021249284967780113,-0.9311891421252627
TOKYOTECH_s05,20,189,26.3,-0.27153170108795166,-0.8411347826165939
TOKYOTECH_s05,20,190,26.333333333333332,-0.49979934096336365,-0.6383314184253407
TOKYOTECH_s05,20,191,26.366666666666667,-0.654079258441925,-0.3177124800096466
TOKYOTECH_s05,20,192,26.4,-0.7697669267654419,0.08950834565110445
TOKYOTECH_s05,20,193,26.433333333333334,-0.847565770149231,0.5257814084693917
TOKYOTECH_s05,20,194,26.466666666666665,-0.8924980759620667,0.9256137883998133
TOKYOTECH_s05,20,195,26.5,-0.8438704013824463,1.2327881416706017
TOKYOTECH_s05,20,196,26.533333333333335,-0.8903075456619263,1.410815756953966
TOKYOTECH_s05,20,197,26.566666666666666,-0.941321611404419,1.4465943134183668
TOKYOTECH_s05,20,198,26.6,-1.0351396799087524,1.349468783052708
TOKYOTECH_s05,20,199,26.633333333333333,-1.2105590105056763,1.1470847603346155
TOKYOTECH_s05,20,200,26.666666666666668,-1.2479134798049927,0.8784151350758123
TOKYOTECH_s05,20,201,26.7,-0.6649695038795471,0.5848625890484459
TOKYOTECH_s05,20,202,26.733333333333334,0.8202617168426514,0.30205884879198225
TOKYOTECH_s05,20,203,26.766666666666666,1.733367919921875,0.05548603281783339
TOKYOTECH_s05,20,204,26.8,1.7689058780670166,-0.1392831317270481
TOKYOTECH_s05,20,205,26.833333333333332,1.4393848180770874,-0.2743289384430282
TOKYOTECH_s05,20,206,26.866666666666667,1.0475143194198608,-0.34907958306850617
TOKYOTECH_s05,20,207,26.9,0.8042246699333191,-0.37343893657613697
TOKYOTECH_s05,20,208,26.933333333333334,0.48177382349967957,-0.3708174737226842
TOKYOTECH_s05,20,209,26.966666666666665,0.21352481842041016,-0.3750645042865195
TOKYOTECH_s05,20,210,27.0,0.20330241322517395,-0.4189089492799341
TOKYOTECH_s05,20,211,27.033333333333335,0.398845911026001,-0.5184927917891835
TOKYOTECH_s05,20,212,27.066666666666666,0.4060853123664856,-0.6631589493878397
TOKYOTECH_s05,20,213,27.1,0.24078159034252167,-0.8174777711243313
TOKYOTECH_s05,20,214,27.133333333333333,-0.02333570085465908,-0.934269673423244
TOKYOTECH_s05,20,215,27.166666666666668,-0.290053129196167,-0.9705796893290313
TOKYOTECH_s05,20,216,27.2,-0.5525052547454834,-0.8992897570071057
TOKYOTECH_s05,20,217,27.233333333333334,-0.7605329155921936,-0.7144924581101659
TOKYOTECH_s05,20,218,27.266666666666666,-0.7656886577606201,-0.43266902517737965
TOKYOTECH_s05,20,219,27.3,-0.874991774559021,-0.09129704888377742
TOKYOTECH_s05,20,220,27.333333333333332,-0.9457827806472778,0.25664418848978726
TOKYOTECH_s05,20,221,27.366666666666667,-0.8992922306060791,0.5545706781299404
TOKYOTECH_s05,20,222,27.4,-0.9307162761688232,0.7584775564926213
TOKYOTECH_s05,20,223,27.433333333333334,-0.9393625855445862,0.8501222723790665
TOKYOTECH_s05,20,224,27.466666666666665,-1.01944100856781,0.8398000646252031
TOKYOTECH_s05,20,225,27.5,-1.1701769828796387,0.7569277724863125
TOKYOTECH_s05,20,226,27.533333333333335,-1.2982507944107056,0.6342393430307436
TOKYOTECH_s05,20,227,27.566666666666666,-1.1488149166107178,0.4950965972068408
TOKYOTECH_s05,20,228,27.6,-0.02285485714673996,0.35007733127669827
TOKYOTECH_s05,20,229,27.633333333333333,1.3858953714370728,0.2019298069039466
TOKYOTECH_s05,20,230,27.666666666666668,1.778469443321228,0.05290527990689502
TOKYOTECH_s05,20,231,27.7,1.5136842727661133,-0.09137251400240212
TOKYOTECH_s05,20,232,27.733333333333334,1.0645753145217896,-0.222722815672901
TOKYOTECH_s05,20,233,27.766666666666666,0.6546730995178223,-0.3327111059553831
TOKYOTECH_s05,20,234,27.8,0.3202812373638153,-0.41310662517023145
TOKYOTECH_s05,20,235,27.833333333333332,0.014170181937515736,-0.45458832542353894
TOKYOTECH_s05,20,236,27.866666666666667,-0.0028018534649163485,-0.4470377245174834
TOKYOTECH_s05,20,237,27.9,0.26143118739128113,-0.38403685576088037
TOKYOTECH_s05,20,238,27.933333333333334,0.44490015506744385,-0.2693533491581404
TOKYOTECH_s05,20,239,27.966666666666665,0.32211557030677795,-0.11988336910094366
TOKYOTECH_s05,21,0,21.0,1.4448165893554688,-0.026661453547875635
TOKYOTECH_s05,21,1,21.033333333333335,2.0860230922698975,-1.424381910084545
TOKYOTECH_s05,21,2,21.066666666666666,1.8336952924728394,-2.62805759071569
TOKYOTECH_s05,21,3,21.1,1.3876495361328125,-3.490858491057427
TOKYOTECH_s05,21,4,21.133333333333333,0.9618616104125977,-3.9463216043175637
TOKYOTECH_s05,21,5,21.166666666666668,0.5891802906990051,-4.0143551839025085
TOKYOTECH_s05,21,6,21.2,0.23359562456607819,-3.7790283131567657
TOKYOTECH_s05,21,7,21.233333333333334,0.14040081202983856,-3.351663680126682
TOKYOTECH_s05,21,8,21.266666666666666,0.3180462121963501,-2.8361163886919702
TOKYOTECH_s05,21,9,21.3,0.48558494448661804,-2.3064442143995056
TOKYOTECH_s05,21,10,21.333333333333332,0.4484441578388214,-1.7992336584260682
TOKYOTECH_s05,21,11,21.366666666666667,0.22120052576065063,-1.3182026125379902
TOKYOTECH_s05,21,12,21.4,-0.03436841443181038,-0.8474382381849724
TOKYOTECH_s05,21,13,21.433333333333334,-0.27989304065704346,-0.3691446322333907
TOKYOTECH_s05,21,14,21.466666666666665,-0.5397005677223206,0.11978713136973287
TOKYOTECH_s05,21,15,21.5,-0.7881725430488586,0.598880469828013
TOKYOTECH_s05,21,16,21.533333333333335,-0.8734868764877319,1.026973336682611
TOKYOTECH_s05,21,17,21.566666666666666,-0.8139422535896301,1.3560220056031567
TOKYOTECH_s05,21,18,21.6,-0.8674585223197937,1.5497076343292837
TOKYOTECH_s05,21,19,21.633333333333333,-0.8659892678260803,1.5980531929976989
TOKYOTECH_s05,21,20,21.666666666666668,-0.862881600856781,1.520883327987536
TOKYOTECH_s05,21,21,21.7,-1.0021483898162842,1.3588687519842453
TOKYOTECH_s05,21,22,21.733333333333334,-0.7515838742256165,1.1581710931012619
TOKYOTECH_s05,21,23,21.766666666666666,0.5316836833953857,0.9575416701225962
TOKYOTECH_s05,21,24,21.8,1.7374640703201294,0.7824003843295823
TOKYOTECH_s05,21,25,21.833333333333332,1.9089653491973877,0.644087749140089
TOKYOTECH_s05,21,26,21.866666666666667,1.5483139753341675,0.5404497473681015
TOKYOTECH_s05,21,27,21.9,1.1628813743591309,0.45651521016790547
TOKYOTECH_s05,21,28,21.933333333333334,0.7833346724510193,0.36756671462715224
TOKYOTECH_s05,21,29,21.966666666666665,0.3354990780353546,0.24725833456188911
TOKYOTECH_s05,21,30,22.0,0.07507717609405518,0.07942227248282382
TOKYOTECH_s05,21,31,22.033333333333335,0.13656295835971832,-0.13222247530643336
TOKYOTECH_s05,21,32,22.066666666666666,0.360885888338089,-0.36243869924442923
TOKYOTECH_s05,21,33,22.1,0.46052759885787964,-0.5722433305215159
TOKYOTECH_s05,21,34,22.133333333333333,0.29065585136413574,-0.7212631763366266
TOKYOTECH_s05,21,35,22.166666666666668,0.02075953595340252,-0.7778658999732689
TOKYOTECH_s05,21,36,22.2,-0.23659031093120575,-0.7245807459992188
TOKYOTECH_s05,21,37,22.233333333333334,-0.462035208940506,-0.5612064498059157
TOKYOTECH_s05,21,38,22.266666666666666,-0.7501056790351868,-0.3075646879435566
TOKYOTECH_s05,21,39,22.3,-0.9179204702377319,-0.003849782237166687
TOKYOTECH_s05,21,40,22.333333333333332,-0.9349192380905151,0.29573025211962556
TOKYOTECH_s05,21,41,22.366666666666667,-0.9844907522201538,0.5375265806981783
TOKYOTECH_s05,21,42,22.4,-0.9756218791007996,0.68600579874186
TOKYOTECH_s05,21,43,22.433333333333334,-0.9494603276252747,0.7345283304925466
TOKYOTECH_s05,21,44,22.466666666666665,-0.9936535358428955,0.7024020418604252
TOKYOTECH_s05,21,45,22.5,-1.0040184259414673,0.6198158481789507
TOKYOTECH_s05,21,46,22.533333333333335,-1.0560921430587769,0.5104610734333606
TOKYOTECH_s05,21,47,22.566666666666666,-0.33927735686302185,0.3829568763940007
TOKYOTECH_s05,21,48,22.6,1.3438125848770142,0.23485926679701488
TOKYOTECH_s05,21,49,22.633333333333333,2.1895382404327393,0.06356274106402034
TOKYOTECH_s05,21,50,22.666666666666668,2.05353045463562,-0.12534710186357553
TOKYOTECH_s05,21,51,22.7,1.6753015518188477,-0.31796098907520387
TOKYOTECH_s05,21,52,22.733333333333334,1.320892333984375,-0.49826031245102104
TOKYOTECH_s05,21,53,22.766666666666666,0.9493328928947449,-0.6541570844049464
TOKYOTECH_s05,21,54,22.8,0.6402566432952881,-0.7789214126942358
TOKYOTECH_s05,21,55,22.833333333333332,0.5081935524940491,-0.8688139075384104
TOKYOTECH_s05,21,56,22.866666666666667,0.5103395581245422,-0.9205169478965207
TOKYOTECH_s05,21,57,22.9,0.5790023803710938,-0.9305770785374656
TOKYOTECH_s05,21,58,22.933333333333334,0.6328035593032837,-0.8957121373136441
TOKYOTECH_s05,21,59,22.966666666666665,0.4972766041755676,-0.8118288308206065
TOKYOTECH_s05,21,60,23.0,0.16056066751480103,-0.6727078080840425
TOKYOTECH_s05,21,61,23.033333333333335,-0.20385725796222687,-0.4721562106005499
TOKYOTECH_s05,21,62,23.066666666666666,-0.4418397545814514,-0.21141317583992242
TOKYOTECH_s05,21,63,23.1,-0.5957278609275818,0.09197556562721544
TOKYOTECH_s05,21,64,23.133333333333333,-0.7491440176963806,0.40166904487094685
TOKYOTECH_s05,21,65,23.166666666666668,-0.7765966653823853,0.6718088356771988
TOKYOTECH_s05,21,66,23.2,-0.8040671348571777,0.8644132573629465
TOKYOTECH_s05,21,67,23.233333333333334,-0.8797823786735535,0.963750257861897
TOKYOTECH_s05,21,68,23.266666666666666,-0.8691325783729553,0.9781722959113154
TOKYOTECH_s05,21,69,23.3,-0.9340822100639343,0.9291240222820186
TOKYOTECH_s05,21,70,23.333333333333332,-1.0238310098648071,0.8364801210492879
TOKYOTECH_s05,21,71,23.366666666666667,-0.9567709565162659,0.7112393971448702
TOKYOTECH_s05,21,72,23.4,-0.05370905622839928,0.5589038923578623
TOKYOTECH_s05,21,73,23.433333333333334,1.4419137239456177,0.3873901695834614
TOKYOTECH_s05,21,74,23.466666666666665,2.0124359130859375,0.21082113640762148
TOKYOTECH_s05,21,75,23.5,1.7975696325302124,0.04567662846595839
TOKYOTECH_s05,21,76,23.533333333333335,1.459295392036438,-0.0967245720134676
TOKYOTECH_s05,21,77,23.566666666666666,1.1024196147918701,-0.21423312309351897
TOKYOTECH_s05,21,78,23.6,0.7150546908378601,-0.31113669071580113
TOKYOTECH_s05,21,79,23.633333333333333,0.4653538465499878,-0.3919974800353494
TOKYOTECH_s05,21,80,23.666666666666668,0.38036900758743286,-0.4580736945269212
TOKYOTECH_s05,21,81,23.7,0.4194420874118805,-0.5091497905675636
TOKYOTECH_s05,21,82,23.733333333333334,0.5448089838027954,-0.5474055632023879
TOKYOTECH_s05,21,83,23.766666666666666,0.4735816419124603,-0.5771555537249523
TOKYOTECH_s05,21,84,23.8,0.22424587607383728,-0.5985917922498498
TOKYOTECH_s05,21,85,23.833333333333332,-0.006043102592229843,-0.6009219249086117
TOKYOTECH_s05,21,86,23.866666666666667,-0.30146872997283936,-0.5633412646540427
TOKYOTECH_s05,21,87,23.9,-0.5163617730140686,-0.46702461244096316
TOKYOTECH_s05,21,88,23.933333333333334,-0.6344714760780334,-0.31059816230460097
TOKYOTECH_s05,21,89,23.966666666666665,-0.714024543762207,-0.11615023541398699
TOKYOTECH_s05,21,90,24.0,-0.7489035725593567,0.0801475966792707
TOKYOTECH_s05,21,91,24.033333333333335,-0.7773179411888123,0.24622167993341057
TOKYOTECH_s05,21,92,24.066666666666666,-0.7331425547599792,0.3679613840736591
TOKYOTECH_s05,21,93,24.1,-0.8075399398803711,0.4499093664820668
TOKYOTECH_s05,21,94,24.133333333333333,-0.858758807182312,0.5052418434847489
TOKYOTECH_s05,21,95,24.166666666666668,-0.9566463232040405,0.545133180095902
TOKYOTECH_s05,21,96,24.2,-0.8133634924888611,0.5745025135954948
TOKYOTECH_s05,21,97,24.233333333333334,0.3255349099636078,0.5931855141145886
TOKYOTECH_s05,21,98,24.266666666666666,1.5329536199569702,0.5978223918305458
TOKYOTECH_s05,21,99,24.3,1.6688101291656494,0.5815902468976646
TOKYOTECH_s05,21,100,24.333333333333332,1.2977583408355713,0.5328164451581532
TOKYOTECH_s05,21,101,24.366666666666667,0.9813892245292664,0.43584252008628976
TOKYOTECH_s05,21,102,24.4,0.5864554643630981,0.27637720573575686
TOKYOTECH_s05,21,103,24.433333333333334,0.1250048726797104,0.04997751849353337
TOKYOTECH_s05,21,104,24.466666666666665,-0.021430132910609245,-0.2309089298108265
TOKYOTECH_s05,21,105,24.5,0.11728464812040329,-0.5357301725887462
TOKYOTECH_s05,21,106,24.533333333333335,0.3784189224243164,-0.8209464174479852
TOKYOTECH_s05,21,107,24.566666666666666,0.38596105575561523,-1.0384583894960615
TOKYOTECH_s05,21,108,24.6,0.21628522872924805,-1.1446365006063322
TOKYOTECH_s05,21,109,24.633333333333333,-0.02176850475370884,-1.109481892150458
TOKYOTECH_s05,21,110,24.666666666666668,-0.28337472677230835,-0.925939653915778
TOKYOTECH_s05,21,111,24.7,-0.5058900117874146,-0.6169359490006743
TOKYOTECH_s05,21,112,24.733333333333334,-0.6950935125350952,-0.23459900001348805
TOKYOTECH_s05,21,113,24.766666666666666,-0.7895972728729248,0.15249305792151663
TOKYOTECH_s05,21,114,24.8,-0.7998998165130615,0.48061209388818743
TOKYOTECH_s05,21,115,24.833333333333332,-0.8230783343315125,0.7102640489901998
TOKYOTECH_s05,21,116,24.866666666666667,-0.8274059295654297,0.8337896550491062
TOKYOTECH_s05,21,117,24.9,-0.846808910369873,0.8686231568226745
TOKYOTECH_s05,21,118,24.933333333333334,-0.9036554098129272,0.8419579469827919
TOKYOTECH_s05,21,119,24.966666666666665,-0.9338328838348389,0.7763892859836466
TOKYOTECH_s05,21,120,25.0,-0.2946389615535736,0.6833420242314175
TOKYOTECH_s05,21,121,25.033333333333335,1.0404351949691772,0.5648866346317561
TOKYOTECH_s05,21,122,25.066666666666666,1.7187645435333252,0.4197642373967303
TOKYOTECH_s05,21,123,25.1,1.545339822769165,0.24862643357687728
TOKYOTECH_s05,21,124,25.133333333333333,1.2730660438537598,0.056158706073611446
TOKYOTECH_s05,21,125,25.166666666666668,0.9852538108825684,-0.14916332918179787
TOKYOTECH_s05,21,126,25.2,0.6613336801528931,-0.3561158689381523
TOKYOTECH_s05,21,127,25.233333333333334,0.3825506269931793,-0.5520398019471935
TOKYOTECH_s05,21,128,25.266666666666666,0.18957163393497467,-0.7247930665268745
TOKYOTECH_s05,21,129,25.3,0.27321189641952515,-0.8649700376777966
TOKYOTECH_s05,21,130,25.333333333333332,0.4077949821949005,-0.966181949814814
TOKYOTECH_s05,21,131,25.366666666666667,0.3636462986469269,-1.0214561665820274
TOKYOTECH_s05,21,132,25.4,0.22926802933216095,-1.0177151507754645
TOKYOTECH_s05,21,133,25.433333333333334,-0.09086766093969345,-0.9340860030990705
TOKYOTECH_s05,21,134,25.466666666666665,-0.3112815022468567,-0.7488599018122831
TOKYOTECH_s05,21,135,25.5,-0.5685868263244629,-0.4537149890729208
TOKYOTECH_s05,21,136,25.533333333333335,-0.6970970034599304,-0.06644517524462691
TOKYOTECH_s05,21,137,25.566666666666666,-0.7636939883232117,0.3676299770592994
TOKYOTECH_s05,21,138,25.6,-0.8347076773643494,0.7873440870555951
TOKYOTECH_s05,21,139,25.633333333333333,-0.8541373610496521,1.133111015755994
TOKYOTECH_s05,21,140,25.666666666666668,-0.8282429575920105,1.3611779398474788
TOKYOTECH_s05,21,141,25.7,-0.8479041457176208,1.450302963996857
TOKYOTECH_s05,21,142,25.733333333333334,-0.9726388454437256,1.4013350672041813
TOKYOTECH_s05,21,143,25.766666666666666,-1.018906831741333,1.232660041621211
TOKYOTECH_s05,21,144,25.8,-1.102431297302246,0.9744296288117108
TOKYOTECH_s05,21,145,25.833333333333332,-0.5589699745178223,0.6628689722361367
TOKYOTECH_s05,21,146,25.866666666666667,0.9141689538955688,0.3343872794089627
TOKYOTECH_s05,21,147,25.9,1.8198487758636475,0.019391839858163368
TOKYOTECH_s05,21,148,25.933333333333334,1.7167787551879883,-0.2623853685039468
TOKYOTECH_s05,21,149,25.966666666666665,1.421771764755249,-0.5023602745175794
TOKYOTECH_s05,21,150,26.0,1.169265866279602,-0.6989118362721145
TOKYOTECH_s05,21,151,26.033333333333335,0.8500028848648071,-0.8516323733696728
TOKYOTECH_s05,21,152,26.066666666666666,0.5880315899848938,-0.9586095921127621
TOKYOTECH_s05,21,153,26.1,0.2947964668273926,-1.0188576638193618
TOKYOTECH_s05,21,154,26.133333333333333,0.31779688596725464,-1.0368229166284015
TOKYOTECH_s05,21,155,26.166666666666668,0.46798959374427795,-1.0229758253425458
TOKYOTECH_s05,21,156,26.2,0.47286927700042725,-0.9874878958612691
TOKYOTECH_s05,21,157,26.233333333333334,0.2867823839187622,-0.9305239745259352
TOKYOTECH_s05,21,158,26.266666666666666,0.021249284967780113,-0.8372401414215999
TOKYOTECH_s05,21,159,26.3,-0.27153170108795166,-0.683600816713081
TOKYOTECH_s05,21,160,26.333333333333332,-0.49979934096336365,-0.45094083653676886
TOKYOTECH_s05,21,161,26.366666666666667,-0.654079258441925,-0.14006601929993603
TOKYOTECH_s05,21,162,26.4,-0.7697669267654419,0.22381668932874177
TOKYOTECH_s05,21,163,26.433333333333334,-0.847565770149231,0.5974266577905727
TOKYOTECH_s05,21,164,26.466666666666665,-0.8924980759620667,0.9321829849711396
TOKYOTECH_s05,21,165,26.5,-0.8438704013824463,1.1862566966316077
TOKYOTECH_s05,21,166,26.533333333333335,-0.8903075456619263,1.3318646615642662
TOKYOTECH_s05,21,167,26.566666666666666,-0.941321611404419,1.3581633814253662
TOKYOTECH_s05,21,168,26.6,-1.0351396799087524,1.2714226847322236
TOKYOTECH_s05,21,169,26.633333333333333,-1.2105590105056763,1.092908913071131
TOKYOTECH_s05,21,170,26.666666666666668,-1.2479134798049927,0.8539076909158819
TOKYOTECH_s05,21,171,26.7,-0.6649695038795471,0.5882363195704968
TOKYOTECH_s05,21,172,26.733333333333334,0.8202617168426514,0.32488802853684434
TOKYOTECH_s05,21,173,26.766666666666666,1.733367919921875,0.08426554268758223
TOKYOTECH_s05,21,174,26.8,1.7689058780670166,-0.12102284113748799
TOKYOTECH_s05,21,175,26.833333333333332,1.4393848180770874,-0.28346102885919217
TOKYOTECH_s05,21,176,26.866666666666667,1.0475143194198608,-0.39998928942013207
TOKYOTECH_s05,21,177,26.9,0.8042246699333191,-0.4748869617864789
TOKYOTECH_s05,21,178,26.933333333333334,0.48177382349967957,-0.5229188045899317
TOKYOTECH_s05,21,179,26.966666666666665,0.21352481842041016,-0.5673872950959072
TOKYOTECH_s05,21,180,27.0,0.20330241322517395,-0.6312068903575476
TOKYOTECH_s05,21,181,27.033333333333335,0.398845911026001,-0.7250417971031637
TOKYOTECH_s05,21,182,27.066666666666666,0.4060853123664856,-0.839658806282122
TOKYOTECH_s05,21,183,27.1,0.24078159034252167,-0.947361712397296
TOKYOTECH_s05,21,184,27.133333333333333,-0.02333570085465908,-1.0112517442028506
TOKYOTECH_s05,21,185,27.166666666666668,-0.290053129196167,-0.9966403439918048
TOKYOTECH_s05,21,186,27.2,-0.5525052547454834,-0.880054295413588
TOKYOTECH_s05,21,187,27.233333333333334,-0.7605329155921936,-0.6550632206582849
TOKYOTECH_s05,21,188,27.266666666666666,-0.7656886577606201,-0.3358859385687541
TOKYOTECH_s05,21,189,27.3,-0.874991774559021,0.04172997495370499
TOKYOTECH_s05,21,190,27.333333333333332,-0.9457827806472778,0.4252191576293137
TOKYOTECH_s05,21,191,27.366666666666667,-0.8992922306060791,0.7575849452659077
TOKYOTECH_s05,21,192,27.4,-0.9307162761688232,0.9943079708717127
TOKYOTECH_s05,21,193,27.433333333333334,-0.9393625855445862,1.1166615323918532
TOKYOTECH_s05,21,194,27.466666666666665,-1.01944100856781,1.1339569477987257
TOKYOTECH_s05,21,195,27.5,-1.1701769828796387,1.073565697809382
TOKYOTECH_s05,21,196,27.533333333333335,-1.2982507944107056,0.9653090335697271
TOKYOTECH_s05,21,197,27.566666666666666,-1.1488149166107178,0.8299307234649543
TOKYOTECH_s05,21,198,27.6,-0.02285485714673996,0.6770509774334788
TOKYOTECH_s05,21,199,27.633333333333333,1.3858953714370728,0.5104223645717818
TOKYOTECH_s05,21,200,27.666666666666668,1.778469443321228,0.3338103838788794
TOKYOTECH_s05,21,201,27.7,1.5136842727661133,0.1522643681647715
TOKYOTECH_s05,21,202,27.733333333333334,1.0645753145217896,-0.030781013363216102
TOKYOTECH_s05,21,203,27.766666666666666,0.6546730995178223,-0.2158215560243538
TOKYOTECH_s05,21,204,27.8,0.3202812373638153,-0.40540613397613495
TOKYOTECH_s05,21,205,27.833333333333332,0.014170181937515736,-0.5989042853889797
TOKYOTECH_s05,21,206,27.866666666666667,-0.0028018534649163485,-0.7878815598441197
TOKYOTECH_s05,21,207,27.9,0.26143118739128113,-0.9554436031848939
TOKYOTECH_s05,21,208,27.933333333333334,0.44490015506744385,-1.0794094604021855
TOKYOTECH_s05,21,209,27.966666666666665,0.32211557030677795,-1.1365250706669459
TOKYOTECH_s05,21,210,28.0,0.005488264840096235,-1.105879700333007
TOKYOTECH_s05,21,211,28.033333333333335,-0.2827781140804291,-0.9725120722752244
TOKYOTECH_s05,21,212,28.066666666666666,-0.503717303276062,-0.7333200000795429
TOKYOTECH_s05,21,213,28.1,-0.7333295941352844,-0.40482036450798803
TOKYOTECH_s05,21,214,28.133333333333333,-0.9107701778411865,-0.027550349048230487
TOKYOTECH_s05,21,215,28.166666666666668,-0.9712496995925903,0.3395746053055021
TOKYOTECH_s05,21,216,28.2,-0.9509384632110596,0.636304840417868
TOKYOTECH_s05,21,217,28.233333333333334,-0.9240913391113281,0.8224035162081046
TOKYOTECH_s05,21,218,28.266666666666666,-0.9629685282707214,0.8913963402529812
TOKYOTECH_s05,21,219,28.3,-1.0085597038269043,0.8681882331277548
TOKYOTECH_s05,21,220,28.333333333333332,-1.09853994846344,0.7923443352976649
TOKYOTECH_s05,21,221,28.366666666666667,-1.1944862604141235,0.6979309256840509
TOKYOTECH_s05,21,222,28.4,-0.8510563969612122,0.6013573908058804
TOKYOTECH_s05,21,223,28.433333333333334,0.5026103854179382,0.5017797430140081
TOKYOTECH_s05,21,224,28.466666666666665,1.6293987035751343,0.3903415037063289
TOKYOTECH_s05,21,225,28.5,1.75108802318573,0.26043192263129405
TOKYOTECH_s05,21,226,28.533333333333335,1.4376662969589233,0.11326274307379135
TOKYOTECH_s05,21,227,28.566666666666666,0.9321382641792297,-0.0418264007455101
TOKYOTECH_s05,21,228,28.6,0.5352989435195923,-0.1895815571637728
TOKYOTECH_s05,21,229,28.633333333333333,0.16193196177482605,-0.3113105054547211
TOKYOTECH_s05,21,230,28.666666666666668,-0.07928287237882614,-0.38828437103294766
TOKYOTECH_s05,21,231,28.7,-0.006799987982958555,-0.4078074061859043
TOKYOTECH_s05,21,232,28.733333333333334,0.24929432570934296,-0.37058754357285983
TOKYOTECH_s05,21,233,28.766666666666666,0.2847699820995331,-0.2942467548719879
TOKYOTECH_s05,21,234,28.8,0.18468303978443146,-0.20821464027842754
TOKYOTECH_s05,21,235,28.833333333333332,-0.059915512800216675,-0.14096262103179855
TOKYOTECH_s05,21,236,28.866666666666667,-0.39843904972076416,-0.10770641706768687
TOKYOTECH_s05,21,237,28.9,-0.7471939325332642,-0.10738225861377776
TOKYOTECH_s05,21,238,28.933333333333334,-0.9052404165267944,-0.12912891149517006
TOKYOTECH_s05,21,239,28.966666666666665,-1.0472676753997803,-0.16035595525467725
TOKYOTECH_s05,22,0,22.0,0.07507717609405518,0.04090521214834012
TOKYOTECH_s05,22,1,22.033333333333335,0.13656295835971832,-1.6811683346653596
TOKYOTECH_s05,22,2,22.066666666666666,0.360885888338089,-3.1432474197634246
TOKYOTECH_s05,22,3,22.1,0.46052759885787964,-4.145168620546323
TOKYOTECH_s05,22,4,22.133333333333333,0.29065585136413574,-4.591851131289223
TOKYOTECH_s05,22,5,22.166666666666668,0.02075953595340252,-4.503944713943053
TOKYOTECH_s05,22,6,22.2,-0.23659031093120575,-3.9933853599515525
TOKYOTECH_s05,22,7,22.233333333333334,-0.462035208940506,-3.2194971542060777
TOKYOTECH_s05,22,8,22.266666666666666,-0.7501056790351868,-2.3456571737235907
TOKYOTECH_s05,22,9,22.3,-0.9179204702377319,-1.5083980653468945
TOKYOTECH_s05,22,10,22.333333333333332,-0.9349192380905151,-0.8005574365759368
TOKYOTECH_s05,22,11,22.366666666666667,-0.9844907522201538,-0.2650746093546704
TOKYOTECH_s05,22,12,22.4,-0.9756218791007996,0.10246051872490236
TOKYOTECH_s05,22,13,22.433333333333334,-0.9494603276252747,0.3416390225861311
TOKYOTECH_s05,22,14,22.466666666666665,-0.9936535358428955,0.5061083770932493
TOKYOTECH_s05,22,15,22.5,-1.0040184259414673,0.639594074125892
TOKYOTECH_s05,22,16,22.533333333333335,-1.0560921430587769,0.7596965995693448
TOKYOTECH_s05,22,17,22.566666666666666,-0.33927735686302185,0.8579104756975192
TOKYOTECH_s05,22,18,22.6,1.3438125848770142,0.9144387287097899
TOKYOTECH_s05,22,19,22.633333333333333,2.1895382404327393,0.9166298313263049
TOKYOTECH_s05,22,20,22.666666666666668,2.05353045463562,0.8686027648152128
TOKYOTECH_s05,22,21,22.7,1.6753015518188477,0.7871839593179724
TOKYOTECH_s05,22,22,22.733333333333334,1.320892333984375,0.6896844461132323
TOKYOTECH_s05,22,23,22.766666666666666,0.9493328928947449,0.5841100987896151
TOKYOTECH_s05,22,24,22.8,0.6402566432952881,0.4682858729073394
TOKYOTECH_s05,22,25,22.833333333333332,0.5081935524940491,0.33643171432830726
TOKYOTECH_s05,22,26,22.866666666666667,0.5103395581245422,0.18738032944613775
TOKYOTECH_s05,22,27,22.9,0.5790023803710938,0.029604310906375178
TOKYOTECH_s05,22,28,22.933333333333334,0.6328035593032837,-0.11813286252387067
TOKYOTECH_s05,22,29,22.966666666666665,0.4972766041755676,-0.229346999956161
TOKYOTECH_s05,22,30,23.0,0.16056066751480103,-0.2752381619588017
TOKYOTECH_s05,22,31,23.033333333333335,-0.20385725796222687,-0.2335782439562523
TOKYOTECH_s05,22,32,23.066666666666666,-0.4418397545814514,-0.09984322779887062
TOKYOTECH_s05,22,33,23.1,-0.5957278609275818,0.1045266481715617
TOKYOTECH_s05,22,34,23.133333333333333,-0.7491440176963806,0.33388242007992974
TOKYOTECH_s05,22,35,23.166666666666668,-0.7765966653823853,0.5332365257484686
TOKYOTECH_s05,22,36,23.2,-0.8040671348571777,0.6597855197924596
TOKYOTECH_s05,22,37,23.233333333333334,-0.8797823786735535,0.698152998864854
TOKYOTECH_s05,22,38,23.266666666666666,-0.8691325783729553,0.6602481489569499
TOKYOTECH_s05,22,39,23.3,-0.9340822100639343,0.5715116208249799
TOKYOTECH_s05,22,40,23.333333333333332,-1.0238310098648071,0.4545177912784963
TOKYOTECH_s05,22,41,23.366666666666667,-0.9567709565162659,0.32133015174618607
TOKYOTECH_s05,22,42,23.4,-0.05370905622839928,0.17716945447744467
TOKYOTECH_s05,22,43,23.433333333333334,1.4419137239456177,0.028368419573290327
TOKYOTECH_s05,22,44,23.466666666666665,2.0124359130859375,-0.11417230168716229
TOKYOTECH_s05,22,45,23.5,1.7975696325302124,-0.23900315755910895
TOKYOTECH_s05,22,46,23.533333333333335,1.459295392036438,-0.34116257894182817
TOKYOTECH_s05,22,47,23.566666666666666,1.1024196147918701,-0.4250020126299432
TOKYOTECH_s05,22,48,23.6,0.7150546908378601,-0.4997470836660659
TOKYOTECH_s05,22,49,23.633333333333333,0.4653538465499878,-0.571444997137776
TOKYOTECH_s05,22,50,23.666666666666668,0.38036900758743286,-0.6379724667772503
TOKYOTECH_s05,22,51,23.7,0.4194420874118805,-0.6907524953504488
TOKYOTECH_s05,22,52,23.733333333333334,0.5448089838027954,-0.7203038256400455
TOKYOTECH_s05,22,53,23.766666666666666,0.4735816419124603,-0.7193367485235713
TOKYOTECH_s05,22,54,23.8,0.22424587607383728,-0.6808247609519317
TOKYOTECH_s05,22,55,23.833333333333332,-0.006043102592229843,-0.5951160570508972
TOKYOTECH_s05,22,56,23.866666666666667,-0.30146872997283936,-0.45267472287463745
TOKYOTECH_s05,22,57,23.9,-0.5163617730140686,-0.2541924606331525
TOKYOTECH_s05,22,58,23.933333333333334,-0.6344714760780334,-0.02075821527335939
TOKYOTECH_s05,22,59,23.966666666666665,-0.714024543762207,0.2068251544290922
TOKYOTECH_s05,22,60,24.0,-0.7489035725593567,0.3828898995631376
TOKYOTECH_s05,22,61,24.033333333333335,-0.7773179411888123,0.4775394274667832
TOKYOTECH_s05,22,62,24.066666666666666,-0.7331425547599792,0.48966909330644065
TOKYOTECH_s05,22,63,24.1,-0.8075399398803711,0.4443428974233555
TOKYOTECH_s05,22,64,24.133333333333333,-0.858758807182312,0.37803032848115076
TOKYOTECH_s05,22,65,24.166666666666668,-0.9566463232040405,0.3228515411900341
TOKYOTECH_s05,22,66,24.2,-0.8133634924888611,0.2982428013070594
TOKYOTECH_s05,22,67,24.233333333333334,0.3255349099636078,0.3103037133868495
TOKYOTECH_s05,22,68,24.266666666666666,1.5329536199569702,0.3540103785571264
TOKYOTECH_s05,22,69,24.3,1.6688101291656494,0.4142777965679848
TOKYOTECH_s05,22,70,24.333333333333332,1.2977583408355713,0.4662356345044089
TOKYOTECH_s05,22,71,24.366666666666667,0.9813892245292664,0.478313047852849
TOKYOTECH_s05,22,72,24.4,0.5864554643630981,0.420502499397385
TOKYOTECH_s05,22,73,24.433333333333334,0.1250048726797104,0.27582848311638253
TOKYOTECH_s05,22,74,24.466666666666665,-0.021430132910609245,0.049450408993049186
TOKYOTECH_s05,22,75,24.5,0.11728464812040329,-0.22975759003164514
TOKYOTECH_s05,22,76,24.533333333333335,0.3784189224243164,-0.5157615799432034
TOKYOTECH_s05,22,77,24.566666666666666,0.38596105575561523,-0.7563234532372307
TOKYOTECH_s05,22,78,24.6,0.21628522872924805,-0.9043092619582906
TOKYOTECH_s05,22,79,24.633333333333333,-0.02176850475370884,-0.9276446433132448
TOKYOTECH_s05,22,80,24.666666666666668,-0.28337472677230835,-0.8176524701083312
TOKYOTECH_s05,22,81,24.7,-0.5058900117874146,-0.5941937193694055
TOKYOTECH_s05,22,82,24.733333333333334,-0.6950935125350952,-0.3034169104961244
TOKYOTECH_s05,22,83,24.766666666666666,-0.7895972728729248,-0.004893370785718515
TOKYOTECH_s05,22,84,24.8,-0.7998998165130615,0.24845040258850623
TOKYOTECH_s05,22,85,24.833333333333332,-0.8230783343315125,0.4277827124385879
TOKYOTECH_s05,22,86,24.866666666666667,-0.8274059295654297,0.5338318995914176
TOKYOTECH_s05,22,87,24.9,-0.846808910369873,0.5880563988716846
TOKYOTECH_s05,22,88,24.933333333333334,-0.9036554098129272,0.6157743276219864
TOKYOTECH_s05,22,89,24.966666666666665,-0.9338328838348389,0.6315530152536072
TOKYOTECH_s05,22,90,25.0,-0.2946389615535736,0.6339598642069904
TOKYOTECH_s05,22,91,25.033333333333335,1.0404351949691772,0.6098889976442111
TOKYOTECH_s05,22,92,25.066666666666666,1.7187645435333252,0.5435972059069163
TOKYOTECH_s05,22,93,25.1,1.545339822769165,0.4247804468430436
TOKYOTECH_s05,22,94,25.133333333333333,1.2730660438537598,0.252721046581644
TOKYOTECH_s05,22,95,25.166666666666668,0.9852538108825684,0.036739641020515176
TOKYOTECH_s05,22,96,25.2,0.6613336801528931,-0.20564408170454018
TOKYOTECH_s05,22,97,25.233333333333334,0.3825506269931793,-0.45201587599573306
TOKYOTECH_s05,22,98,25.266666666666666,0.18957163393497467,-0.6795615033437437
TOKYOTECH_s05,22,99,25.3,0.27321189641952515,-0.8696734317234044
TOKYOTECH_s05,22,100,25.333333333333332,0.4077949821949005,-1.0099600535461066
TOKYOTECH_s05,22,101,25.366666666666667,0.3636462986469269,-1.0914213842827791
TOKYOTECH_s05,22,102,25.4,0.22926802933216095,-1.1025430588565006
TOKYOTECH_s05,22,103,25.433333333333334,-0.09086766093969345,-1.0260905021744384
TOKYOTECH_s05,22,104,25.466666666666665,-0.3112815022468567,-0.8440025583762897
TOKYOTECH_s05,22,105,25.5,-0.5685868263244629,-0.5499733739982061
TOKYOTECH_s05,22,106,25.533333333333335,-0.6970970034599304,-0.1617090946817544
TOKYOTECH_s05,22,107,25.566666666666666,-0.7636939883232117,0.27693205086873357
TOKYOTECH_s05,22,108,25.6,-0.8347076773643494,0.7063291015215769
TOKYOTECH_s05,22,109,25.633333333333333,-0.8541373610496521,1.0674757126809464
TOKYOTECH_s05,22,110,25.666666666666668,-0.8282429575920105,1.31578654113563
TOKYOTECH_s05,22,111,25.7,-0.8479041457176208,1.4278337972821369
TOKYOTECH_s05,22,112,25.733333333333334,-0.9726388454437256,1.4013908926494496
TOKYOTECH_s05,22,113,25.766666666666666,-1.018906831741333,1.2518225426572482
TOKYOTECH_s05,22,114,25.8,-1.102431297302246,1.0076927200215993
TOKYOTECH_s05,22,115,25.833333333333332,-0.5589699745178223,0.7063867070545016
TOKYOTECH_s05,22,116,25.866666666666667,0.9141689538955688,0.3885636180491304
TOKYOTECH_s05,22,117,25.9,1.8198487758636475,0.09062924075044258
TOKYOTECH_s05,22,118,25.933333333333334,1.7167787551879883,-0.16271445033847812
TOKYOTECH_s05,22,119,25.966666666666665,1.421771764755249,-0.3619033246445488
TOKYOTECH_s05,22,120,26.0,1.169265866279602,-0.5099946242076204
TOKYOTECH_s05,22,121,26.033333333333335,0.8500028848648071,-0.6165006476305247
TOKYOTECH_s05,22,122,26.066666666666666,0.5880315899848938,-0.6924612026752323
TOKYOTECH_s05,22,123,26.1,0.2947964668273926,-0.7497795191600805
TOKYOTECH_s05,22,124,26.133333333333333,0.31779688596725464,-0.8024249834309031
TOKYOTECH_s05,22,125,26.166666666666668,0.46798959374427795,-0.8638705735221037
TOKYOTECH_s05,22,126,26.2,0.47286927700042725,-0.9384270007833159
TOKYOTECH_s05,22,127,26.233333333333334,0.2867823839187622,-1.0111625817432204
TOKYOTECH_s05,22,128,26.266666666666666,0.021249284967780113,-1.04549963786186
TOKYOTECH_s05,22,129,26.3,-0.27153170108795166,-0.994508389644607
TOKYOTECH_s05,22,130,26.333333333333332,-0.49979934096336365,-0.8221460691159479
TOKYOTECH_s05,22,131,26.366666666666667,-0.654079258441925,-0.5225319434216408
TOKYOTECH_s05,22,132,26.4,-0.7697669267654419,-0.12624824088645337
TOKYOTECH_s05,22,133,26.433333333333334,-0.847565770149231,0.3089770841384621
TOKYOTECH_s05,22,134,26.466666666666665,-0.8924980759620667,0.7168069715425269
TOKYOTECH_s05,22,135,26.5,-0.8438704013824463,1.0401569506827382
TOKYOTECH_s05,22,136,26.533333333333335,-0.8903075456619263,1.2422143874186742
TOKYOTECH_s05,22,137,26.566666666666666,-0.941321611404419,1.3103494141766772
TOKYOTECH_s05,22,138,26.6,-1.0351396799087524,1.2551180520210101
TOKYOTECH_s05,22,139,26.633333333333333,-1.2105590105056763,1.1056195364166352
TOKYOTECH_s05,22,140,26.666666666666668,-1.2479134798049927,0.9012560872904384
TOKYOTECH_s05,22,141,26.7,-0.6649695038795471,0.6808577007614169
TOKYOTECH_s05,22,142,26.733333333333334,0.8202617168426514,0.4729120283689119
TOKYOTECH_s05,22,143,26.766666666666666,1.733367919921875,0.29160083052770297
TOKYOTECH_s05,22,144,26.8,1.7689058780670166,0.1399215165515115
TOKYOTECH_s05,22,145,26.833333333333332,1.4393848180770874,0.01604981085982817
TOKYOTECH_s05,22,146,26.866666666666667,1.0475143194198608,-0.083091375114931
TOKYOTECH_s05,22,147,26.9,0.8042246699333191,-0.1639305210641915
TOKYOTECH_s05,22,148,26.933333333333334,0.48177382349967957,-0.24032633359198927
TOKYOTECH_s05,22,149,26.966666666666665,0.21352481842041016,-0.33272825425828995
TOKYOTECH_s05,22,150,27.0,0.20330241322517395,-0.45983627017398515
TOKYOTECH_s05,22,151,27.033333333333335,0.398845911026001,-0.6272636211960666
TOKYOTECH_s05,22,152,27.066666666666666,0.4060853123664856,-0.8205797424311905
TOKYOTECH_s05,22,153,27.1,0.24078159034252167,-1.007161727439173
TOKYOTECH_s05,22,154,27.133333333333333,-0.02333570085465908,-1.1454435978058206
TOKYOTECH_s05,22,155,27.166666666666668,-0.290053129196167,-1.1962976804690049
TOKYOTECH_s05,22,156,27.2,-0.5525052547454834,-1.1322219864408718
TOKYOTECH_s05,22,157,27.233333333333334,-0.7605329155921936,-0.9433667692196962
TOKYOTECH_s05,22,158,27.266666666666666,-0.7656886577606201,-0.6412495110600698
TOKYOTECH_s05,22,159,27.3,-0.874991774559021,-0.25989776445362367
TOKYOTECH_s05,22,160,27.333333333333332,-0.9457827806472778,0.14818780765634415
TOKYOTECH_s05,22,161,27.366666666666667,-0.8992922306060791,0.5235157714431913
TOKYOTECH_s05,22,162,27.4,-0.9307162761688232,0.8160782232527426
TOKYOTECH_s05,22,163,27.433333333333334,-0.9393625855445862,0.999396724056146
TOKYOTECH_s05,22,164,27.466666666666665,-1.01944100856781,1.074615355452385
TOKYOTECH_s05,22,165,27.5,-1.1701769828796387,1.0626238196714515
TOKYOTECH_s05,22,166,27.533333333333335,-1.2982507944107056,0.9898027057983838
TOKYOTECH_s05,22,167,27.566666666666666,-1.1488149166107178,0.8766719723596675
TOKYOTECH_s05,22,168,27.6,-0.02285485714673996,0.7351694990298315
TOKYOTECH_s05,22,169,27.633333333333333,1.3858953714370728,0.5730752725862208
TOKYOTECH_s05,22,170,27.666666666666668,1.778469443321228,0.3992924655226008
TOKYOTECH_s05,22,171,27.7,1.5136842727661133,0.22450102572576783
TOKYOTECH_s05,22,172,27.733333333333334,1.0645753145217896,0.05703203277223219
TOKYOTECH_s05,22,173,27.766666666666666,0.6546730995178223,-0.10144530284796345
TOKYOTECH_s05,22,174,27.8,0.3202812373638153,-0.25592863893839035
TOKYOTECH_s05,22,175,27.833333333333332,0.014170181937515736,-0.41310165429773954
TOKYOTECH_s05,22,176,27.866666666666667,-0.0028018534649163485,-0.5744620191904405
TOKYOTECH_s05,22,177,27.9,0.26143118739128113,-0.7316907913266164
TOKYOTECH_s05,22,178,27.933333333333334,0.44490015506744385,-0.8663603654750366
TOKYOTECH_s05,22,179,27.966666666666665,0.32211557030677795,-0.9533057339123091
TOKYOTECH_s05,22,180,28.0,0.005488264840096235,-0.9659329374165359
TOKYOTECH_s05,22,181,28.033333333333335,-0.2827781140804291,-0.8824570656182534
TOKYOTECH_s05,22,182,28.066666666666666,-0.503717303276062,-0.6929513029819852
TOKYOTECH_s05,22,183,28.1,-0.7333295941352844,-0.4063488829673486
TOKYOTECH_s05,22,184,28.133333333333333,-0.9107701778411865,-0.05416655862287439
TOKYOTECH_s05,22,185,28.166666666666668,-0.9712496995925903,0.3132892166366918
TOKYOTECH_s05,22,186,28.2,-0.9509384632110596,0.6395523844913305
TOKYOTECH_s05,22,187,28.233333333333334,-0.9240913391113281,0.8791784348027284
TOKYOTECH_s05,22,188,28.266666666666666,-0.9629685282707214,1.0108351981161598
TOKYOTECH_s05,22,189,28.3,-1.0085597038269043,1.0389163018988101
TOKYOTECH_s05,22,190,28.333333333333332,-1.09853994846344,0.9837260787289088
TOKYOTECH_s05,22,191,28.366666666666667,-1.1944862604141235,0.8678492735211795
TOKYOTECH_s05,22,192,28.4,-0.8510563969612122,0.7076348638800132
TOKYOTECH_s05,22,193,28.433333333333334,0.5026103854179382,0.5135451298398132
TOKYOTECH_s05,22,194,28.466666666666665,1.6293987035751343,0.29586019276803666
TOKYOTECH_s05,22,195,28.5,1.75108802318573,0.06871955798285313
TOKYOTECH_s05,22,196,28.533333333333335,1.4376662969589233,-0.15152261501433573
TOKYOTECH_s05,22,197,28.566666666666666,0.9321382641792297,-0.3517580531940698
TOKYOTECH_s05,22,198,28.6,0.5352989435195923,-0.5262610535402995
TOKYOTECH_s05,22,199,28.633333333333333,0.16193196177482605,-0.6760180697756819
TOKYOTECH_s05,22,200,28.666666666666668,-0.07928287237882614,-0.8045499153146358
TOKYOTECH_s05,22,201,28.7,-0.006799987982958555,-0.9143009873689733
TOKYOTECH_s05,22,202,28.733333333333334,0.24929432570934296,-1.0053826714644254
TOKYOTECH_s05,22,203,28.766666666666666,0.2847699820995331,-1.0746630987031953
TOKYOTECH_s05,22,204,28.8,0.18468303978443146,-1.1128626284840968
TOKYOTECH_s05,22,205,28.833333333333332,-0.059915512800216675,-1.1010508457267942
TOKYOTECH_s05,22,206,28.866666666666667,-0.39843904972076416,-1.0121254249187108
TOKYOTECH_s05,22,207,28.9,-0.7471939325332642,-0.821583547083135
TOKYOTECH_s05,22,208,28.933333333333334,-0.9052404165267944,-0.5237289623642292
TOKYOTECH_s05,22,209,28.966666666666665,-1.0472676753997803,-0.14236987016737243
TOKYOTECH_s05,22,210,29.0,-1.1576215028762817,0.2729223147243527
TOKYOTECH_s05,22,211,29.033333333333335,-1.1577818393707275,0.664266893098086
TOKYOTECH_s05,22,212,29.066666666666666,-1.144798994064331,0.9861534492309505
TOKYOTECH_s05,22,213,29.1,-1.141833782196045,1.216806210502223
TOKYOTECH_s05,22,214,29.133333333333333,-1.0939275026321411,1.3554876991333547
TOKYOTECH_s05,22,215,29.166666666666668,-1.1720468997955322,1.4113334710188754
TOKYOTECH_s05,22,216,29.2,-1.3095417022705078,1.3934863982628416
TOKYOTECH_s05,22,217,29.233333333333334,-1.3621586561203003,1.3087256055348824
TOKYOTECH_s05,22,218,29.266666666666666,-0.6533045172691345,1.1654938853750472
TOKYOTECH_s05,22,219,29.3,1.1498451232910156,0.9782422914777849
TOKYOTECH_s05,22,220,29.333333333333332,2.0789082050323486,0.7669890097891622
TOKYOTECH_s05,22,221,29.366666666666667,2.005704164505005,0.5518763121720709
TOKYOTECH_s05,22,222,29.4,1.5703438520431519,0.3467025437249026
TOKYOTECH_s05,22,223,29.433333333333334,1.1222856044769287,0.1558482547785324
TOKYOTECH_s05,22,224,29.466666666666665,0.7981072664260864,-0.02419867557902898
TOKYOTECH_s05,22,225,29.5,0.4124698340892792,-0.20079640261615891
TOKYOTECH_s05,22,226,29.533333333333335,0.26666706800460815,-0.3808977625728131
TOKYOTECH_s05,22,227,29.566666666666666,0.2710035741329193,-0.5671790713817826
TOKYOTECH_s05,22,228,29.6,0.4116417169570923,-0.7541985522293616
TOKYOTECH_s05,22,229,29.633333333333333,0.41749200224876404,-0.9253871928659578
TOKYOTECH_s05,22,230,29.666666666666668,0.30659496784210205,-1.053844388833749
TOKYOTECH_s05,22,231,29.7,-0.012169419787824154,-1.1098078170324652
TOKYOTECH_s05,22,232,29.733333333333334,-0.3224834203720093,-1.073558137565514
TOKYOTECH_s05,22,233,29.766666666666666,-0.589583694934845,-0.9474203401343666
TOKYOTECH_s05,22,234,29.8,-0.8081276416778564,-0.7590124772150086
TOKYOTECH_s05,22,235,29.833333333333332,-0.9593176245689392,-0.5521877564037285
TOKYOTECH_s05,22,236,29.866666666666667,-1.0141161680221558,-0.370091695684425
TOKYOTECH_s05,22,237,29.9,-1.085494875907898,-0.23962562880503463
TOKYOTECH_s05,22,238,29.933333333333334,-1.1016565561294556,-0.16404802987483233
TOKYOTECH_s05,22,239,29.966666666666665,-1.071648359298706,-0.12475543414883086
TOKYOTECH_s05,23,0,23.0,0.16056066751480103,0.10827357279397246
TOKYOTECH_s05,23,1,23.033333333333335,-0.20385725796222687,-1.3317561831692657
TOKYOTECH_s05,23,2,23.066666666666666,-0.4418397545814514,-2.512647836677686
TOKYOTECH_s05,23,3,23.1,-0.5957278609275818,-3.247110513967933
TOKYOTECH_s05,23,4,23.133333333333333,-0.7491440176963806,-3.472007709790066
TOKYOTECH_s05,23,5,23.166666666666668,-0.7765966653823853,-3.251360181195285
TOKYOTECH_s05,23,6,23.2,-0.8040671348571777,-2.7345197080732437
TOKYOTECH_s05,23,7,23.233333333333334,-0.8797823786735535,-2.0941250775445264
TOKYOTECH_s05,23,8,23.266666666666666,-0.8691325783729553,-1.473671035279991
TOKYOTECH_s05,23,9,23.3,-0.9340822100639343,-0.961674264962646
TOKYOTECH_s05,23,10,23.333333333333332,-1.0238310098648071,-0.5914545428489967
TOKYOTECH_s05,23,11,23.366666666666667,-0.9567709565162659,-0.3546397063103514
TOKYOTECH_s05,23,12,23.4,-0.05370905622839928,-0.2174562007749312
TOKYOTECH_s05,23,13,23.433333333333334,1.4419137239456177,-0.1357052185725502
TOKYOTECH_s05,23,14,23.466666666666665,2.0124359130859375,-0.06847025283148706
TOKYOTECH_s05,23,15,23.5,1.7975696325302124,0.010214175429608667
TOKYOTECH_s05,23,16,23.533333333333335,1.459295392036438,0.10532058317325768
TOKYOTECH_s05,23,17,23.566666666666666,1.1024196147918701,0.203973123652509
TOKYOTECH_s05,23,18,23.6,0.7150546908378601,0.2864460051565385
TOKYOTECH_s05,23,19,23.633333333333333,0.4653538465499878,0.33826715461982215
TOKYOTECH_s05,23,20,23.666666666666668,0.38036900758743286,0.35615134099236684
TOKYOTECH_s05,23,21,23.7,0.4194420874118805,0.3455249591152995
TOKYOTECH_s05,23,22,23.733333333333334,0.5448089838027954,0.31426307992231994
TOKYOTECH_s05,23,23,23.766666666666666,0.4735816419124603,0.2698227628601235
TOKYOTECH_s05,23,24,23.8,0.22424587607383728,0.22230599041515162
TOKYOTECH_s05,23,25,23.833333333333332,-0.006043102592229843,0.18873333913977403
TOKYOTECH_s05,23,26,23.866666666666667,-0.30146872997283936,0.19098802267867046
TOKYOTECH_s05,23,27,23.9,-0.5163617730140686,0.24483662420942925
TOKYOTECH_s05,23,28,23.933333333333334,-0.6344714760780334,0.3470374278397598
TOKYOTECH_s05,23,29,23.966666666666665,-0.714024543762207,0.4720836933463307
TOKYOTECH_s05,23,30,24.0,-0.7489035725593567,0.583420025412736
TOKYOTECH_s05,23,31,24.033333333333335,-0.7773179411888123,0.652224242666655
TOKYOTECH_s05,23,32,24.066666666666666,-0.7331425547599792,0.6706336556595591
TOKYOTECH_s05,23,33,24.1,-0.8075399398803711,0.6507441366298441
TOKYOTECH_s05,23,34,24.133333333333333,-0.858758807182312,0.6125527251306749
TOKYOTECH_s05,23,35,24.166666666666668,-0.9566463232040405,0.5719106561590971
TOKYOTECH_s05,23,36,24.2,-0.8133634924888611,0.5359284834383505
TOKYOTECH_s05,23,37,24.233333333333334,0.3255349099636078,0.5045751599354666
TOKYOTECH_s05,23,38,24.266666666666666,1.5329536199569702,0.47323835801074404
TOKYOTECH_s05,23,39,24.3,1.6688101291656494,0.43302799508393675
TOKYOTECH_s05,23,40,24.333333333333332,1.2977583408355713,0.36968602833636366
TOKYOTECH_s05,23,41,24.366666666666667,0.9813892245292664,0.2644621488019091
TOKYOTECH_s05,23,42,24.4,0.5864554643630981,0.09943159556677755
TOKYOTECH_s05,23,43,24.433333333333334,0.1250048726797104,-0.13370531885207995
TOKYOTECH_s05,23,44,24.466666666666665,-0.021430132910609245,-0.42564710676747924
TOKYOTECH_s05,23,45,24.5,0.11728464812040329,-0.746927607891662
TOKYOTECH_s05,23,46,24.533333333333335,0.3784189224243164,-1.051986600622738
TOKYOTECH_s05,23,47,24.566666666666666,0.38596105575561523,-1.2876404438415447
TOKYOTECH_s05,23,48,24.6,0.21628522872924805,-1.4034340088394393
TOKYOTECH_s05,23,49,24.633333333333333,-0.02176850475370884,-1.3629113631552825
TOKYOTECH_s05,23,50,24.666666666666668,-0.28337472677230835,-1.1551170440130283
TOKYOTECH_s05,23,51,24.7,-0.5058900117874146,-0.803260417108711
TOKYOTECH_s05,23,52,24.733333333333334,-0.6950935125350952,-0.364421351060019
TOKYOTECH_s05,23,53,24.766666666666666,-0.7895972728729248,0.08413319040576732
TOKYOTECH_s05,23,54,24.8,-0.7998998165130615,0.4682045947954743
TOKYOTECH_s05,23,55,24.833333333333332,-0.8230783343315125,0.7383241955607643
TOKYOTECH_s05,23,56,24.866666666666667,-0.8274059295654297,0.8796642191982024
TOKYOTECH_s05,23,57,24.9,-0.846808910369873,0.9074971068036872
TOKYOTECH_s05,23,58,24.933333333333334,-0.9036554098129272,0.8530822036876059
TOKYOTECH_s05,23,59,24.966666666666665,-0.9338328838348389,0.7484136584612203
TOKYOTECH_s05,23,60,25.0,-0.2946389615535736,0.6167338902205944
TOKYOTECH_s05,23,61,25.033333333333335,1.0404351949691772,0.4708487311534318
TOKYOTECH_s05,23,62,25.066666666666666,1.7187645435333252,0.31640927734505614
TOKYOTECH_s05,23,63,25.1,1.545339822769165,0.15569739477052688
TOKYOTECH_s05,23,64,25.133333333333333,1.2730660438537598,-0.010236283569420357
TOKYOTECH_s05,23,65,25.166666666666668,0.9852538108825684,-0.18028590011583692
TOKYOTECH_s05,23,66,25.2,0.6613336801528931,-0.35172742263828516
TOKYOTECH_s05,23,67,25.233333333333334,0.3825506269931793,-0.51877756528945
TOKYOTECH_s05,23,68,25.266666666666666,0.18957163393497467,-0.6725471475977371
TOKYOTECH_s05,23,69,25.3,0.27321189641952515,-0.8026056290564526
TOKYOTECH_s05,23,70,25.333333333333332,0.4077949821949005,-0.8982438264593341
TOKYOTECH_s05,23,71,25.366666666666667,0.3636462986469269,-0.9472834054850876
TOKYOTECH_s05,23,72,25.4,0.22926802933216095,-0.9333886138874441
TOKYOTECH_s05,23,73,25.433333333333334,-0.09086766093969345,-0.8362080477105908
TOKYOTECH_s05,23,74,25.466666666666665,-0.3112815022468567,-0.6382649432584708
TOKYOTECH_s05,23,75,25.5,-0.5685868263244629,-0.33736511675762076
TOKYOTECH_s05,23,76,25.533333333333335,-0.6970970034599304,0.04326657468792183
TOKYOTECH_s05,23,77,25.566666666666666,-0.7636939883232117,0.4558250661989574
TOKYOTECH_s05,23,78,25.6,-0.8347076773643494,0.8408202584125875
TOKYOTECH_s05,23,79,25.633333333333333,-0.8541373610496521,1.1445066550191227
TOKYOTECH_s05,23,80,25.666666666666668,-0.8282429575920105,1.331950080416724
TOKYOTECH_s05,23,81,25.7,-0.8479041457176208,1.3915032332795452
TOKYOTECH_s05,23,82,25.733333333333334,-0.9726388454437256,1.331717526932652
TOKYOTECH_s05,23,83,25.766666666666666,-1.018906831741333,1.1745437490736186
TOKYOTECH_s05,23,84,25.8,-1.102431297302246,0.9485584851143652
TOKYOTECH_s05,23,85,25.833333333333332,-0.5589699745178223,0.6838845938424172
TOKYOTECH_s05,23,86,25.866666666666667,0.9141689538955688,0.4083050690778613
TOKYOTECH_s05,23,87,25.9,1.8198487758636475,0.14364585100959643
TOKYOTECH_s05,23,88,25.933333333333334,1.7167787551879883,-0.09694803042176627
TOKYOTECH_s05,23,89,25.966666666666665,1.421771764755249,-0.3090215202233519
TOKYOTECH_s05,23,90,26.0,1.169265866279602,-0.49349662299419483
TOKYOTECH_s05,23,91,26.033333333333335,0.8500028848648071,-0.6521341619184992
TOKYOTECH_s05,23,92,26.066666666666666,0.5880315899848938,-0.7854265391404351
TOKYOTECH_s05,23,93,26.1,0.2947964668273926,-0.8946681456206349
TOKYOTECH_s05,23,94,26.133333333333333,0.31779688596725464,-0.9851819339987067
TOKYOTECH_s05,23,95,26.166666666666668,0.46798959374427795,-1.0650467100603576
TOKYOTECH_s05,23,96,26.2,0.47286927700042725,-1.1370140184393094
TOKYOTECH_s05,23,97,26.233333333333334,0.2867823839187622,-1.1881676136561659
TOKYOTECH_s05,23,98,26.266666666666666,0.021249284967780113,-1.1864046605585468
TOKYOTECH_s05,23,99,26.3,-0.27153170108795166,-1.0900820976653633
TOKYOTECH_s05,23,100,26.333333333333332,-0.49979934096336365,-0.867639944040838
TOKYOTECH_s05,23,101,26.366666666666667,-0.654079258441925,-0.5159289187211993
TOKYOTECH_s05,23,102,26.4,-0.7697669267654419,-0.06672493676942094
TOKYOTECH_s05,23,103,26.433333333333334,-0.847565770149231,0.42129306527788224
TOKYOTECH_s05,23,104,26.466666666666665,-0.8924980759620667,0.879618577423294
TOKYOTECH_s05,23,105,26.5,-0.8438704013824463,1.2472412715591066
TOKYOTECH_s05,23,106,26.533333333333335,-0.8903075456619263,1.4822179863565765
TOKYOTECH_s05,23,107,26.566666666666666,-0.941321611404419,1.5664922931755738
TOKYOTECH_s05,23,108,26.6,-1.0351396799087524,1.5056358225737245
TOKYOTECH_s05,23,109,26.633333333333333,-1.2105590105056763,1.3250218589203993
TOKYOTECH_s05,23,110,26.666666666666668,-1.2479134798049927,1.0629723931301405
TOKYOTECH_s05,23,111,26.7,-0.6649695038795471,0.7616654302591338
TOKYOTECH_s05,23,112,26.733333333333334,0.8202617168426514,0.45832740356547763
TOKYOTECH_s05,23,113,26.766666666666666,1.733367919921875,0.1800639441106106
TOKYOTECH_s05,23,114,26.8,1.7689058780670166,-0.05636556502527687
TOKYOTECH_s05,23,115,26.833333333333332,1.4393848180770874,-0.24198785987413934
TOKYOTECH_s05,23,116,26.866666666666667,1.0475143194198608,-0.3742556370495064
TOKYOTECH_s05,23,117,26.9,0.8042246699333191,-0.458945494757535
TOKYOTECH_s05,23,118,26.933333333333334,0.48177382349967957,-0.5126556938218685
TOKYOTECH_s05,23,119,26.966666666666665,0.21352481842041016,-0.5607096209751352
TOKYOTECH_s05,23,120,27.0,0.20330241322517395,-0.6283726029946239
TOKYOTECH_s05,23,121,27.033333333333335,0.398845911026001,-0.7290231059608306
TOKYOTECH_s05,23,122,27.066666666666666,0.4060853123664856,-0.8560146593928699
TOKYOTECH_s05,23,123,27.1,0.24078159034252167,-0.9830092010600219
TOKYOTECH_s05,23,124,27.133333333333333,-0.02333570085465908,-1.0720601528714013
TOKYOTECH_s05,23,125,27.166666666666668,-0.290053129196167,-1.0846315734709793
TOKYOTECH_s05,23,126,27.2,-0.5525052547454834,-0.9914512489338019
TOKYOTECH_s05,23,127,27.233333333333334,-0.7605329155921936,-0.7801027622417284
TOKYOTECH_s05,23,128,27.266666666666666,-0.7656886577606201,-0.46047498488586686
TOKYOTECH_s05,23,129,27.3,-0.874991774559021,-0.06683656812584834
TOKYOTECH_s05,23,130,27.333333333333332,-0.9457827806472778,0.34647508165321844
TOKYOTECH_s05,23,131,27.366666666666667,-0.8992922306060791,0.7176115727121647
TOKYOTECH_s05,23,132,27.4,-0.9307162761688232,0.9948632930044077
TOKYOTECH_s05,23,133,27.433333333333334,-0.9393625855445862,1.1515070665262777
TOKYOTECH_s05,23,134,27.466666666666665,-1.01944100856781,1.190209489532789
TOKYOTECH_s05,23,135,27.5,-1.1701769828796387,1.1350135248259168
TOKYOTECH_s05,23,136,27.533333333333335,-1.2982507944107056,1.0164816805631558
TOKYOTECH_s05,23,137,27.566666666666666,-1.1488149166107178,0.8593086882820248
TOKYOTECH_s05,23,138,27.6,-0.02285485714673996,0.6785099562729018
TOKYOTECH_s05,23,139,27.633333333333333,1.3858953714370728,0.4832932483514123
TOKYOTECH_s05,23,140,27.666666666666668,1.778469443321228,0.282608936726793
TOKYOTECH_s05,23,141,27.7,1.5136842727661133,0.08666468176926595
TOKYOTECH_s05,23,142,27.733333333333334,1.0645753145217896,-0.09621815721666567
TOKYOTECH_s05,23,143,27.766666666666666,0.6546730995178223,-0.26321020359020486
TOKYOTECH_s05,23,144,27.8,0.3202812373638153,-0.4167798187732902
TOKYOTECH_s05,23,145,27.833333333333332,0.014170181937515736,-0.5602354592670031
TOKYOTECH_s05,23,146,27.866666666666667,-0.0028018534649163485,-0.6923558333918516
TOKYOTECH_s05,23,147,27.9,0.26143118739128113,-0.8050434294024775
TOKYOTECH_s05,23,148,27.933333333333334,0.44490015506744385,-0.8848928877043267
TOKYOTECH_s05,23,149,27.966666666666665,0.32211557030677795,-0.9164282702839633
TOKYOTECH_s05,23,150,28.0,0.005488264840096235,-0.8848512305532239
TOKYOTECH_s05,23,151,28.033333333333335,-0.2827781140804291,-0.7785364288527755
TOKYOTECH_s05,23,152,28.066666666666666,-0.503717303276062,-0.5931229881276211
TOKYOTECH_s05,23,153,28.1,-0.7333295941352844,-0.33759407265550684
TOKYOTECH_s05,23,154,28.133333333333333,-0.9107701778411865,-0.0388127762243259
TOKYOTECH_s05,23,155,28.166666666666668,-0.9712496995925903,0.2610372115071146
TOKYOTECH_s05,23,156,28.2,-0.9509384632110596,0.5163164007111336
TOKYOTECH_s05,23,157,28.233333333333334,-0.9240913391113281,0.6944769913263427
TOKYOTECH_s05,23,158,28.266666666666666,-0.9629685282707214,0.7875576422774275
TOKYOTECH_s05,23,159,28.3,-1.0085597038269043,0.8106658191107209
TOKYOTECH_s05,23,160,28.333333333333332,-1.09853994846344,0.7884575077546963
TOKYOTECH_s05,23,161,28.366666666666667,-1.1944862604141235,0.7392342477375343
TOKYOTECH_s05,23,162,28.4,-0.8510563969612122,0.667015826088749
TOKYOTECH_s05,23,163,28.433333333333334,0.5026103854179382,0.5652607775589473
TOKYOTECH_s05,23,164,28.466666666666665,1.6293987035751343,0.4274760942571744
TOKYOTECH_s05,23,165,28.5,1.75108802318573,0.25600695781984245
TOKYOTECH_s05,23,166,28.533333333333335,1.4376662969589233,0.0634295211211977
TOKYOTECH_s05,23,167,28.566666666666666,0.9321382641792297,-0.13256374722571088
TOKYOTECH_s05,23,168,28.6,0.5352989435195923,-0.31574527611258535
TOKYOTECH_s05,23,169,28.633333333333333,0.16193196177482605,-0.47498416495892726
TOKYOTECH_s05,23,170,28.666666666666668,-0.07928287237882614,-0.6044802610190344
TOKYOTECH_s05,23,171,28.7,-0.006799987982958555,-0.7029783576898535
TOKYOTECH_s05,23,172,28.733333333333334,0.24929432570934296,-0.773099338308547
TOKYOTECH_s05,23,173,28.766666666666666,0.2847699820995331,-0.8191500213365661
TOKYOTECH_s05,23,174,28.8,0.18468303978443146,-0.8416228466285729
TOKYOTECH_s05,23,175,28.833333333333332,-0.059915512800216675,-0.8303230930816267
TOKYOTECH_s05,23,176,28.866666666666667,-0.39843904972076416,-0.7627268687586932
TOKYOTECH_s05,23,177,28.9,-0.7471939325332642,-0.6131781736050227
TOKYOTECH_s05,23,178,28.933333333333334,-0.9052404165267944,-0.36970520565424053
TOKYOTECH_s05,23,179,28.966666666666665,-1.0472676753997803,-0.04718284549233529
TOKYOTECH_s05,23,180,29.0,-1.1576215028762817,0.3129103206447327
TOKYOTECH_s05,23,181,29.033333333333335,-1.1577818393707275,0.6565908698606302
TOKYOTECH_s05,23,182,29.066666666666666,-1.144798994064331,0.936463986681474
TOKYOTECH_s05,23,183,29.1,-1.141833782196045,1.1244301413799687
TOKYOTECH_s05,23,184,29.133333333333333,-1.0939275026321411,1.2125755561565044
TOKYOTECH_s05,23,185,29.166666666666668,-1.1720468997955322,1.205618282216208
TOKYOTECH_s05,23,186,29.2,-1.3095417022705078,1.1128183499672477
TOKYOTECH_s05,23,187,29.233333333333334,-1.3621586561203003,0.9452088895129723
TOKYOTECH_s05,23,188,29.266666666666666,-0.6533045172691345,0.7178803217036992
TOKYOTECH_s05,23,189,29.3,1.1498451232910156,0.45240225134481415
TOKYOTECH_s05,23,190,29.333333333333332,2.0789082050323486,0.17517495829445726
TOKYOTECH_s05,23,191,29.366666666666667,2.005704164505005,-0.08820601700905546
TOKYOTECH_s05,23,192,29.4,1.5703438520431519,-0.31893890509339834
TOKYOTECH_s05,23,193,29.433333333333334,1.1222856044769287,-0.5077393495801596
TOKYOTECH_s05,23,194,29.466666666666665,0.7981072664260864,-0.6539484374627105
TOKYOTECH_s05,23,195,29.5,0.4124698340892792,-0.763404379943078
TOKYOTECH_s05,23,196,29.533333333333335,0.26666706800460815,-0.8466425478638478
TOKYOTECH_s05,23,197,29.566666666666666,0.2710035741329193,-0.9163228639290739
TOKYOTECH_s05,23,198,29.6,0.4116417169570923,-0.9817953112801094
TOKYOTECH_s05,23,199,29.633333333333333,0.41749200224876404,-1.0411311833366261
TOKYOTECH_s05,23,200,29.666666666666668,0.30659496784210205,-1.0752907294462326
TOKYOTECH_s05,23,201,29.7,-0.012169419787824154,-1.0506166757162771
TOKYOTECH_s05,23,202,29.733333333333334,-0.3224834203720093,-0.9315113278190367
TOKYOTECH_s05,23,203,29.766666666666666,-0.589583694934845,-0.6980641028016018
TOKYOTECH_s05,23,204,29.8,-0.8081276416778564,-0.3591572178425674
TOKYOTECH_s05,23,205,29.833333333333332,-0.9593176245689392,0.046322856205221745
TOKYOTECH_s05,23,206,29.866666666666667,-1.0141161680221558,0.46015159742063794
TOKYOTECH_s05,23,207,29.9,-1.085494875907898,0.8209087032657579
TOKYOTECH_s05,23,208,29.933333333333334,-1.1016565561294556,1.0788084996792362
TOKYOTECH_s05,23,209,29.966666666666665,-1.071648359298706,1.2057825394671702
TOKYOTECH_s05,23,210,30.0,-1.0517021417617798,1.1999314017659728
TOKYOTECH_s05,23,211,30.033333333333335,-1.1253159046173096,1.0841692444271531
TOKYOTECH_s05,23,212,30.066666666666666,-1.2114405632019043,0.8990615716497269
TOKYOTECH_s05,23,213,30.1,-1.3306187391281128,0.6909897531777324
TOKYOTECH_s05,23,214,30.133333333333333,-1.115476369857788,0.4990657399475673
TOKYOTECH_s05,23,215,30.166666666666668,0.3128281533718109,0.3457114682007391
TOKYOTECH_s05,23,216,30.2,1.9239516258239746,0.23454886514301831
TOKYOTECH_s05,23,217,30.233333333333334,2.2146668434143066,0.15550615682292054
TOKYOTECH_s05,23,218,30.266666666666666,1.7690128087997437,0.09305009298983584
TOKYOTECH_s05,23,219,30.3,1.3863139152526855,0.03227551079651876
TOKYOTECH_s05,23,220,30.333333333333332,0.9967406392097473,-0.03949196045719898
TOKYOTECH_s05,23,221,30.366666666666667,0.5584061741828918,-0.13340902100127852
TOKYOTECH_s05,23,222,30.4,0.25894683599472046,-0.2577329253995093
TOKYOTECH_s05,23,223,30.433333333333334,0.18914420902729034,-0.4122068553465105
TOKYOTECH_s05,23,224,30.466666666666665,0.4164234697818756,-0.5815030511911246
TOKYOTECH_s05,23,225,30.5,0.5560554265975952,-0.7341060949394216
TOKYOTECH_s05,23,226,30.533333333333335,0.5048187375068665,-0.8299535418437167
TOKYOTECH_s05,23,227,30.566666666666666,0.1947629749774933,-0.8339591101011444
TOKYOTECH_s05,23,228,30.6,-0.15506042540073395,-0.7286693880256028
TOKYOTECH_s05,23,229,30.633333333333333,-0.40108370780944824,-0.5202275123090385
TOKYOTECH_s05,23,230,30.666666666666668,-0.6597692370414734,-0.23637997540391986
TOKYOTECH_s05,23,231,30.7,-0.7617528438568115,0.08059588534011619
TOKYOTECH_s05,23,232,30.733333333333334,-0.8963091969490051,0.3825698639451967
TOKYOTECH_s05,23,233,30.766666666666666,-0.9396297335624695,0.6241212358820887
TOKYOTECH_s05,23,234,30.8,-0.8997552394866943,0.7705064367880404
TOKYOTECH_s05,23,235,30.833333333333332,-0.9356315732002258,0.8040402278889254
TOKYOTECH_s05,23,236,30.866666666666667,-0.9052849411964417,0.7265730924926481
TOKYOTECH_s05,23,237,30.9,-0.986894965171814,0.5563261249559021
TOKYOTECH_s05,23,238,30.933333333333334,-1.084693431854248,0.3207975911817198
TOKYOTECH_s05,23,239,30.966666666666665,-1.0512034893035889,0.050204059693907864
TOKYOTECH_s05,24,0,24.0,-0.7489035725593567,0.10839666183418528
TOKYOTECH_s05,24,1,24.033333333333335,-0.7773179411888123,-1.273439856363837
TOKYOTECH_s05,24,2,24.066666666666666,-0.7331425547599792,-2.4279151699355377
TOKYOTECH_s05,24,3,24.1,-0.8075399398803711,-3.1802556623511196
TOKYOTECH_s05,24,4,24.133333333333333,-0.858758807182312,-3.456604857569758
TOKYOTECH_s05,24,5,24.166666666666668,-0.9566463232040405,-3.2928648567518395
TOKYOTECH_s05,24,6,24.2,-0.8133634924888611,-2.8080904029385763
TOKYOTECH_s05,24,7,24.233333333333334,0.3255349099636078,-2.157519729658414
TOKYOTECH_s05,24,8,24.266666666666666,1.5329536199569702,-1.4873671165193914
TOKYOTECH_s05,24,9,24.3,1.6688101291656494,-0.9070042730449162
TOKYOTECH_s05,24,10,24.333333333333332,1.2977583408355713,-0.48096345034481824
TOKYOTECH_s05,24,11,24.366666666666667,0.9813892245292664,-0.23316573675944519
TOKYOTECH_s05,24,12,24.4,0.5864554643630981,-0.15478910272577429
TOKYOTECH_s05,24,13,24.433333333333334,0.1250048726797104,-0.2119346328874844
TOKYOTECH_s05,24,14,24.466666666666665,-0.021430132910609245,-0.3532596868120923
TOKYOTECH_s05,24,15,24.5,0.11728464812040329,-0.5184724663129935
TOKYOTECH_s05,24,16,24.533333333333335,0.3784189224243164,-0.6471172145524876
TOKYOTECH_s05,24,17,24.566666666666666,0.38596105575561523,-0.6862963366279564
TOKYOTECH_s05,24,18,24.6,0.21628522872924805,-0.5974016561075831
TOKYOTECH_s05,24,19,24.633333333333333,-0.02176850475370884,-0.36325221750875686
TOKYOTECH_s05,24,20,24.666666666666668,-0.28337472677230835,0.004420651409032592
TOKYOTECH_s05,24,21,24.7,-0.5058900117874146,0.46082341377797725
TOKYOTECH_s05,24,22,24.733333333333334,-0.6950935125350952,0.9334332829033478
TOKYOTECH_s05,24,23,24.766666666666666,-0.7895972728729248,1.3400395408212578
TOKYOTECH_s05,24,24,24.8,-0.7998998165130615,1.6142389386815497
TOKYOTECH_s05,24,25,24.833333333333332,-0.8230783343315125,1.726378678942935
TOKYOTECH_s05,24,26,24.866666666666667,-0.8274059295654297,1.6895904998226177
TOKYOTECH_s05,24,27,24.9,-0.846808910369873,1.5487290979255415
TOKYOTECH_s05,24,28,24.933333333333334,-0.9036554098129272,1.3585856873518904
TOKYOTECH_s05,24,29,24.966666666666665,-0.9338328838348389,1.162151115444173
TOKYOTECH_s05,24,30,25.0,-0.2946389615535736,0.978282000209574
TOKYOTECH_s05,24,31,25.033333333333335,1.0404351949691772,0.8022948210121471
TOKYOTECH_s05,24,32,25.066666666666666,1.7187645435333252,0.6162487340236052
TOKYOTECH_s05,24,33,25.1,1.545339822769165,0.4018821119693718
TOKYOTECH_s05,24,34,25.133333333333333,1.2730660438537598,0.15012620376453323
TOKYOTECH_s05,24,35,25.166666666666668,0.9852538108825684,-0.1352472760183502
TOKYOTECH_s05,24,36,25.2,0.6613336801528931,-0.4391566724511862
TOKYOTECH_s05,24,37,25.233333333333334,0.3825506269931793,-0.7398326179541694
TOKYOTECH_s05,24,38,25.266666666666666,0.18957163393497467,-1.0143482640984367
TOKYOTECH_s05,24,39,25.3,0.27321189641952515,-1.2429699792164468
TOKYOTECH_s05,24,40,25.333333333333332,0.4077949821949005,-1.410224281246611
TOKYOTECH_s05,24,41,25.366666666666667,0.3636462986469269,-1.50196563177549
TOKYOTECH_s05,24,42,25.4,0.22926802933216095,-1.5011059343071995
TOKYOTECH_s05,24,43,25.433333333333334,-0.09086766093969345,-1.3872556376970753
TOKYOTECH_s05,24,44,25.466666666666665,-0.3112815022468567,-1.1441250099652227
TOKYOTECH_s05,24,45,25.5,-0.5685868263244629,-0.7727576586301272
TOKYOTECH_s05,24,46,25.533333333333335,-0.6970970034599304,-0.30206287710772206
TOKYOTECH_s05,24,47,25.566666666666666,-0.7636939883232117,0.2123488948687428
TOKYOTECH_s05,24,48,25.6,-0.8347076773643494,0.7018225607626115
TOKYOTECH_s05,24,49,25.633333333333333,-0.8541373610496521,1.1028613959856879
TOKYOTECH_s05,24,50,25.666666666666668,-0.8282429575920105,1.371001102549911
TOKYOTECH_s05,24,51,25.7,-0.8479041457176208,1.486459009810738
TOKYOTECH_s05,24,52,25.733333333333334,-0.9726388454437256,1.4525345963757152
TOKYOTECH_s05,24,53,25.766666666666666,-1.018906831741333,1.2900329661356147
TOKYOTECH_s05,24,54,25.8,-1.102431297302246,1.0308948371317144
TOKYOTECH_s05,24,55,25.833333333333332,-0.5589699745178223,0.7125705816551017
TOKYOTECH_s05,24,56,25.866666666666667,0.9141689538955688,0.37285557510569184
TOKYOTECH_s05,24,57,25.9,1.8198487758636475,0.04465633982024367
TOKYOTECH_s05,24,58,25.933333333333334,1.7167787551879883,-0.24824591151603434
TOKYOTECH_s05,24,59,25.966666666666665,1.421771764755249,-0.49234534405741104
TOKYOTECH_s05,24,60,26.0,1.169265866279602,-0.6819711291462061
TOKYOTECH_s05,24,61,26.033333333333335,0.8500028848648071,-0.815650543248615
TOKYOTECH_s05,24,62,26.066666666666666,0.5880315899848938,-0.8949764904982623
TOKYOTECH_s05,24,63,26.1,0.2947964668273926,-0.9273151777646418
TOKYOTECH_s05,24,64,26.133333333333333,0.31779688596725464,-0.9286990345813839
TOKYOTECH_s05,24,65,26.166666666666668,0.46798959374427795,-0.9208516589800252
TOKYOTECH_s05,24,66,26.2,0.47286927700042725,-0.9202431967355049
TOKYOTECH_s05,24,67,26.233333333333334,0.2867823839187622,-0.9245340772995155
TOKYOTECH_s05,24,68,26.266666666666666,0.021249284967780113,-0.9065261570973444
TOKYOTECH_s05,24,69,26.3,-0.27153170108795166,-0.8228819220516553
TOKYOTECH_s05,24,70,26.333333333333332,-0.49979934096336365,-0.6349316494137246
TOKYOTECH_s05,24,71,26.366666666666667,-0.654079258441925,-0.3299713302145187
TOKYOTECH_s05,24,72,26.4,-0.7697669267654419,0.06884400794785882
TOKYOTECH_s05,24,73,26.433333333333334,-0.847565770149231,0.5084297428689165
TOKYOTECH_s05,24,74,26.466666666666665,-0.8924980759620667,0.9227732757219984
TOKYOTECH_s05,24,75,26.5,-0.8438704013824463,1.2516011170772559
TOKYOTECH_s05,24,76,26.533333333333335,-0.8903075456619263,1.4535412814686623
TOKYOTECH_s05,24,77,26.566666666666666,-0.941321611404419,1.511891812730767
TOKYOTECH_s05,24,78,26.6,-1.0351396799087524,1.4343785328007352
TOKYOTECH_s05,24,79,26.633333333333333,-1.2105590105056763,1.2486038929901728
TOKYOTECH_s05,24,80,26.666666666666668,-1.2479134798049927,0.9941128562362297
TOKYOTECH_s05,24,81,26.7,-0.6649695038795471,0.7123107306979346
TOKYOTECH_s05,24,82,26.733333333333334,0.8202617168426514,0.43724767293897965
TOKYOTECH_s05,24,83,26.766666666666666,1.733367919921875,0.19085627129775423
TOKYOTECH_s05,24,84,26.8,1.7689058780670166,-0.016390470467501656
TOKYOTECH_s05,24,85,26.833333333333332,1.4393848180770874,-0.18199777328899816
TOKYOTECH_s05,24,86,26.866666666666667,1.0475143194198608,-0.3089038923741243
TOKYOTECH_s05,24,87,26.9,0.8042246699333191,-0.4055497961429889
TOKYOTECH_s05,24,88,26.933333333333334,0.48177382349967957,-0.4866513419925174
TOKYOTECH_s05,24,89,26.966666666666665,0.21352481842041016,-0.5710230561342913
TOKYOTECH_s05,24,90,27.0,0.20330241322517395,-0.6749054362215631
TOKYOTECH_s05,24,91,27.033333333333335,0.398845911026001,-0.80333278781821
TOKYOTECH_s05,24,92,27.066666666666666,0.4060853123664856,-0.9446245155616512
TOKYOTECH_s05,24,93,27.1,0.24078159034252167,-1.0717627088619972
TOKYOTECH_s05,24,94,27.133333333333333,-0.02333570085465908,-1.1499033991501328
TOKYOTECH_s05,24,95,27.166666666666668,-0.290053129196167,-1.1458620428416766
TOKYOTECH_s05,24,96,27.2,-0.5525052547454834,-1.0362335720456957
TOKYOTECH_s05,24,97,27.233333333333334,-0.7605329155921936,-0.8134767518008604
TOKYOTECH_s05,24,98,27.266666666666666,-0.7656886577606201,-0.4901193856704951
TOKYOTECH_s05,24,99,27.3,-0.874991774559021,-0.09988717204312118
TOKYOTECH_s05,24,100,27.333333333333332,-0.9457827806472778,0.3068145775168964
TOKYOTECH_s05,24,101,27.366666666666667,-0.8992922306060791,0.6743276969016886
TOKYOTECH_s05,24,102,27.4,-0.9307162761688232,0.9569146072736634
TOKYOTECH_s05,24,103,27.433333333333334,-0.9393625855445862,1.1307189236842017
TOKYOTECH_s05,24,104,27.466666666666665,-1.01944100856781,1.1963089995879632
TOKYOTECH_s05,24,105,27.5,-1.1701769828796387,1.1708626958059332
TOKYOTECH_s05,24,106,27.533333333333335,-1.2982507944107056,1.075455325390961
TOKYOTECH_s05,24,107,27.566666666666666,-1.1488149166107178,0.9256902861512489
TOKYOTECH_s05,24,108,27.6,-0.02285485714673996,0.730655754233714
TOKYOTECH_s05,24,109,27.633333333333333,1.3858953714370728,0.49876121718909544
TOKYOTECH_s05,24,110,27.666666666666668,1.778469443321228,0.24435481020542474
TOKYOTECH_s05,24,111,27.7,1.5136842727661133,-0.010748722020134594
TOKYOTECH_s05,24,112,27.733333333333334,1.0645753145217896,-0.24202145141364
TOKYOTECH_s05,24,113,27.766666666666666,0.6546730995178223,-0.42963771932692363
TOKYOTECH_s05,24,114,27.8,0.3202812373638153,-0.5639060170872064
TOKYOTECH_s05,24,115,27.833333333333332,0.014170181937515736,-0.6462991829137783
TOKYOTECH_s05,24,116,27.866666666666667,-0.0028018534649163485,-0.6864535848015052
TOKYOTECH_s05,24,117,27.9,0.26143118739128113,-0.6970821972780673
TOKYOTECH_s05,24,118,27.933333333333334,0.44490015506744385,-0.6887195393775335
TOKYOTECH_s05,24,119,27.966666666666665,0.32211557030677795,-0.6654540061323855
TOKYOTECH_s05,24,120,28.0,0.005488264840096235,-0.6224702595975998
TOKYOTECH_s05,24,121,28.033333333333335,-0.2827781140804291,-0.5467589433163564
TOKYOTECH_s05,24,122,28.066666666666666,-0.503717303276062,-0.422778797245802
TOKYOTECH_s05,24,123,28.1,-0.7333295941352844,-0.2427693295926288
TOKYOTECH_s05,24,124,28.133333333333333,-0.9107701778411865,-0.016670061244458828
TOKYOTECH_s05,24,125,28.166666666666668,-0.9712496995925903,0.22590216645783884
TOKYOTECH_s05,24,126,28.2,-0.9509384632110596,0.44529345255682357
TOKYOTECH_s05,24,127,28.233333333333334,-0.9240913391113281,0.6087506630999023
TOKYOTECH_s05,24,128,28.266666666666666,-0.9629685282707214,0.7041834959977612
TOKYOTECH_s05,24,129,28.3,-1.0085597038269043,0.741431956730785
TOKYOTECH_s05,24,130,28.333333333333332,-1.09853994846344,0.7405978481563325
TOKYOTECH_s05,24,131,28.366666666666667,-1.1944862604141235,0.7162891118087169
TOKYOTECH_s05,24,132,28.4,-0.8510563969612122,0.6686530580769802
TOKYOTECH_s05,24,133,28.433333333333334,0.5026103854179382,0.5863056193039137
TOKYOTECH_s05,24,134,28.466666666666665,1.6293987035751343,0.45755946880554094
TOKYOTECH_s05,24,135,28.5,1.75108802318573,0.28121324770974704
TOKYOTECH_s05,24,136,28.533333333333335,1.4376662969589233,0.0701010602935707
TOKYOTECH_s05,24,137,28.566666666666666,0.9321382641792297,-0.1532798659929785
TOKYOTECH_s05,24,138,28.6,0.5352989435195923,-0.36479614235033797
TOKYOTECH_s05,24,139,28.633333333333333,0.16193196177482605,-0.5453256507277378
TOKYOTECH_s05,24,140,28.666666666666668,-0.07928287237882614,-0.683929503518581
TOKYOTECH_s05,24,141,28.7,-0.006799987982958555,-0.7783764391318445
TOKYOTECH_s05,24,142,28.733333333333334,0.24929432570934296,-0.8338322504195789
TOKYOTECH_s05,24,143,28.766666666666666,0.2847699820995331,-0.8590494447157754
TOKYOTECH_s05,24,144,28.8,0.18468303978443146,-0.8595380634454791
TOKYOTECH_s05,24,145,28.833333333333332,-0.059915512800216675,-0.8301686225460578
TOKYOTECH_s05,24,146,28.866666666666667,-0.39843904972076416,-0.7532813660668415
TOKYOTECH_s05,24,147,28.9,-0.7471939325332642,-0.6071157352034943
TOKYOTECH_s05,24,148,28.933333333333334,-0.9052404165267944,-0.38136194825227876
TOKYOTECH_s05,24,149,28.966666666666665,-1.0472676753997803,-0.08929313265422428
TOKYOTECH_s05,24,150,29.0,-1.1576215028762817,0.23286945325709224
TOKYOTECH_s05,24,151,29.033333333333335,-1.1577818393707275,0.5398180909848403
TOKYOTECH_s05,24,152,29.066666666666666,-1.144798994064331,0.794999278525572
TOKYOTECH_s05,24,153,29.1,-1.141833782196045,0.9805139800261689
TOKYOTECH_s05,24,154,29.133333333333333,-1.0939275026321411,1.0942014643563873
TOKYOTECH_s05,24,155,29.166666666666668,-1.1720468997955322,1.1391055349489747
TOKYOTECH_s05,24,156,29.2,-1.3095417022705078,1.1150439398766039
TOKYOTECH_s05,24,157,29.233333333333334,-1.3621586561203003,1.0186200090343271
TOKYOTECH_s05,24,158,29.266666666666666,-0.6533045172691345,0.850211479084367
TOKYOTECH_s05,24,159,29.3,1.1498451232910156,0.6209238330839715
TOKYOTECH_s05,24,160,29.333333333333332,2.0789082050323486,0.3536063699934372
TOKYOTECH_s05,24,161,29.366666666666667,2.005704164505005,0.0774178129815287
TOKYOTECH_s05,24,162,29.4,1.5703438520431519,-0.18009576481089573
TOKYOTECH_s05,24,163,29.433333333333334,1.1222856044769287,-0.39888876721425354
TOKYOTECH_s05,24,164,29.466666666666665,0.7981072664260864,-0.5687291883932328
TOKYOTECH_s05,24,165,29.5,0.4124698340892792,-0.6893374118814648
TOKYOTECH_s05,24,166,29.533333333333335,0.26666706800460815,-0.7696323461418778
TOKYOTECH_s05,24,167,29.566666666666666,0.2710035741329193,-0.8251969241130576
TOKYOTECH_s05,24,168,29.6,0.4116417169570923,-0.8719604651323711
TOKYOTECH_s05,24,169,29.633333333333333,0.41749200224876404,-0.9164139903910569
TOKYOTECH_s05,24,170,29.666666666666668,0.30659496784210205,-0.9475057900236121
TOKYOTECH_s05,24,171,29.7,-0.012169419787824154,-0.9373056099262037
TOKYOTECH_s05,24,172,29.733333333333334,-0.3224834203720093,-0.8528151979103709
TOKYOTECH_s05,24,173,29.766666666666666,-0.589583694934845,-0.6733954632642309
TOKYOTECH_s05,24,174,29.8,-0.8081276416778564,-0.403628465501264
TOKYOTECH_s05,24,175,29.833333333333332,-0.9593176245689392,-0.0740168705430423
TOKYOTECH_s05,24,176,29.866666666666667,-1.0141161680221558,0.26962669995394745
TOKYOTECH_s05,24,177,29.9,-1.085494875907898,0.5804925651544766
TOKYOTECH_s05,24,178,29.933333333333334,-1.1016565561294556,0.8218621018450941
TOKYOTECH_s05,24,179,29.966666666666665,-1.071648359298706,0.9728643992331532
TOKYOTECH_s05,24,180,30.0,-1.0517021417617798,1.0298468278865582
TOKYOTECH_s05,24,181,30.033333333333335,-1.1253159046173096,1.0044222393775326
TOKYOTECH_s05,24,182,30.066666666666666,-1.2114405632019043,0.9184020195354249
TOKYOTECH_s05,24,183,30.1,-1.3306187391281128,0.7961285019596297
TOKYOTECH_s05,24,184,30.133333333333333,-1.115476369857788,0.6566533506308796
TOKYOTECH_s05,24,185,30.166666666666668,0.3128281533718109,0.5095220398451665
TOKYOTECH_s05,24,186,30.2,1.9239516258239746,0.35641883024252985
TOKYOTECH_s05,24,187,30.233333333333334,2.2146668434143066,0.19726899801014597
TOKYOTECH_s05,24,188,30.266666666666666,1.7690128087997437,0.03614802079578988
TOKYOTECH_s05,24,189,30.3,1.3863139152526855,-0.11777491732811833
TOKYOTECH_s05,24,190,30.333333333333332,0.9967406392097473,-0.2552662343505403
TOKYOTECH_s05,24,191,30.366666666666667,0.5584061741828918,-0.3739828891676546
TOKYOTECH_s05,24,192,30.4,0.25894683599472046,-0.4808749109221165
TOKYOTECH_s05,24,193,30.433333333333334,0.18914420902729034,-0.5863680353186284
TOKYOTECH_s05,24,194,30.466666666666665,0.4164234697818756,-0.6935269941799739
TOKYOTECH_s05,24,195,30.5,0.5560554265975952,-0.7902787127888202
TOKYOTECH_s05,24,196,30.533333333333335,0.5048187375068665,-0.8508796005576229
TOKYOTECH_s05,24,197,30.566666666666666,0.1947629749774933,-0.8462961542079337
TOKYOTECH_s05,24,198,30.6,-0.15506042540073395,-0.7574304131257864
TOKYOTECH_s05,24,199,30.633333333333333,-0.40108370780944824,-0.5838913320055643
TOKYOTECH_s05,24,200,30.666666666666668,-0.6597692370414734,-0.3446367065570427
TOKYOTECH_s05,24,201,30.7,-0.7617528438568115,-0.07183639796143884
TOKYOTECH_s05,24,202,30.733333333333334,-0.8963091969490051,0.19809309974944841
TOKYOTECH_s05,24,203,30.766666666666666,-0.9396297335624695,0.4329086452921713
TOKYOTECH_s05,24,204,30.8,-0.8997552394866943,0.6110357439921626
TOKYOTECH_s05,24,205,30.833333333333332,-0.9356315732002258,0.7254711555257871
TOKYOTECH_s05,24,206,30.866666666666667,-0.9052849411964417,0.783209942516185
TOKYOTECH_s05,24,207,30.9,-0.986894965171814,0.7986292648534268
TOKYOTECH_s05,24,208,30.933333333333334,-1.084693431854248,0.7832678832447666
TOKYOTECH_s05,24,209,30.966666666666665,-1.0512034893035889,0.7381313086432661
TOKYOTECH_s05,24,210,31.0,0.015639429911971092,0.6535578966027994
TOKYOTECH_s05,24,211,31.033333333333335,1.438218355178833,0.5168633717796196
TOKYOTECH_s05,24,212,31.066666666666666,1.8576395511627197,0.32323465882510893
TOKYOTECH_s05,24,213,31.1,1.587493896484375,0.08335295196156316
TOKYOTECH_s05,24,214,31.133333333333333,1.18352210521698,-0.17700270243029223
TOKYOTECH_s05,24,215,31.166666666666668,0.6967470049858093,-0.4252407976645383
TOKYOTECH_s05,24,216,31.2,0.13865552842617035,-0.632746116271768
TOKYOTECH_s05,24,217,31.233333333333334,-0.22443562746047974,-0.7816221165100201
TOKYOTECH_s05,24,218,31.266666666666666,-0.08624621480703354,-0.8652590130888299
TOKYOTECH_s05,24,219,31.3,0.3144042491912842,-0.8855523952370372
TOKYOTECH_s05,24,220,31.333333333333332,0.47827431559562683,-0.8500328245083257
TOKYOTECH_s05,24,221,31.366666666666667,0.3389362394809723,-0.7695314608365892
TOKYOTECH_s05,24,222,31.4,0.12238694727420807,-0.6553334673967633
TOKYOTECH_s05,24,223,31.433333333333334,-0.21150624752044678,-0.5157316226971638
TOKYOTECH_s05,24,224,31.466666666666665,-0.571854829788208,-0.3542551663469409
TOKYOTECH_s05,24,225,31.5,-0.7338104248046875,-0.17219857868963295
TOKYOTECH_s05,24,226,31.533333333333335,-0.8654193878173828,0.025289400975485023
TOKYOTECH_s05,24,227,31.566666666666666,-0.9955590963363647,0.22415611369306163
TOKYOTECH_s05,24,228,31.6,-1.0347390174865723,0.40227275499224213
TOKYOTECH_s05,24,229,31.633333333333333,-1.0262441635131836,0.5370292483387081
TOKYOTECH_s05,24,230,31.666666666666668,-0.9897711277008057,0.6152045252008659
TOKYOTECH_s05,24,231,31.7,-1.032495141029358,0.6383408911426031
TOKYOTECH_s05,24,232,31.733333333333334,-0.9908307790756226,0.6200651005596897
TOKYOTECH_s05,24,233,31.766666666666666,-0.6629570722579956,0.5776272866578481
TOKYOTECH_s05,24,234,31.8,0.7956228852272034,0.5236215124068743
TOKYOTECH_s05,24,235,31.833333333333332,1.9887498617172241,0.4628921875128677
TOKYOTECH_s05,24,236,31.866666666666667,2.0182595252990723,0.3949890319489055
TOKYOTECH_s05,24,237,31.9,1.6076626777648926,0.3185766818241966
TOKYOTECH_s05,24,238,31.933333333333334,1.1640478372573853,0.2343074218066289
TOKYOTECH_s05,24,239,31.966666666666665,0.8337610363960266,0.1452760270254623
TOKYOTECH_s05,25,0,25.0,-0.2946389615535736,-0.13838920352460868
TOKYOTECH_s05,25,1,25.033333333333335,1.0404351949691772,-1.5676729817681232
TOKYOTECH_s05,25,2,25.066666666666666,1.7187645435333252,-2.779411062213128
TOKYOTECH_s05,25,3,25.1,1.545339822769165,-3.612956888178325
TOKYOTECH_s05,25,4,25.133333333333333,1.2730660438537598,-4.001093059887924
TOKYOTECH_s05,25,5,25.166666666666668,0.9852538108825684,-3.9774545712839777
TOKYOTECH_s05,25,6,25.2,0.6613336801528931,-3.650677751633566
TOKYOTECH_s05,25,7,25.233333333333334,0.3825506269931793,-3.159916867021805
TOKYOTECH_s05,25,8,25.266666666666666,0.18957163393497467,-2.6323414705404766
TOKYOTECH_s05,25,9,25.3,0.27321189641952515,-2.156414047156939
TOKYOTECH_s05,25,10,25.333333333333332,0.4077949821949005,-1.7728599144241106
TOKYOTECH_s05,25,11,25.366666666666667,0.3636462986469269,-1.4775441070876099
TOKYOTECH_s05,25,12,25.4,0.22926802933216095,-1.2312326358132337
TOKYOTECH_s05,25,13,25.433333333333334,-0.09086766093969345,-0.9753965980943645
TOKYOTECH_s05,25,14,25.466666666666665,-0.3112815022468567,-0.6537490971217897
TOKYOTECH_s05,25,15,25.5,-0.5685868263244629,-0.2349781173622278
TOKYOTECH_s05,25,16,25.533333333333335,-0.6970970034599304,0.27264140153834476
TOKYOTECH_s05,25,17,25.566666666666666,-0.7636939883232117,0.8228641428624223
TOKYOTECH_s05,25,18,25.6,-0.8347076773643494,1.3483738441617459
TOKYOTECH_s05,25,19,25.633333333333333,-0.8541373610496521,1.7831532264885372
TOKYOTECH_s05,25,20,25.666666666666668,-0.8282429575920105,2.0798474493981267
TOKYOTECH_s05,25,21,25.7,-0.8479041457176208,2.2172609517376918
TOKYOTECH_s05,25,22,25.733333333333334,-0.9726388454437256,2.1989350861375043
TOKYOTECH_s05,25,23,25.766666666666666,-1.018906831741333,2.046769853297978
TOKYOTECH_s05,25,24,25.8,-1.102431297302246,1.7936527607178725
TOKYOTECH_s05,25,25,25.833333333333332,-0.5589699745178223,1.4770513133731797
TOKYOTECH_s05,25,26,25.866666666666667,0.9141689538955688,1.1333407196791314
TOKYOTECH_s05,25,27,25.9,1.8198487758636475,0.7922951460692544
TOKYOTECH_s05,25,28,25.933333333333334,1.7167787551879883,0.47293532325663873
TOKYOTECH_s05,25,29,25.966666666666665,1.421771764755249,0.18310378332509383
TOKYOTECH_s05,25,30,26.0,1.169265866279602,-0.0765786859040396
TOKYOTECH_s05,25,31,26.033333333333335,0.8500028848648071,-0.307054657971473
TOKYOTECH_s05,25,32,26.066666666666666,0.5880315899848938,-0.5079318009879048
TOKYOTECH_s05,25,33,26.1,0.2947964668273926,-0.6795257354485872
TOKYOTECH_s05,25,34,26.133333333333333,0.31779688596725464,-0.8265661664680851
TOKYOTECH_s05,25,35,26.166666666666668,0.46798959374427795,-0.9573226246281309
TOKYOTECH_s05,25,36,26.2,0.47286927700042725,-1.0756078592755047
TOKYOTECH_s05,25,37,26.233333333333334,0.2867823839187622,-1.1704055555556596
TOKYOTECH_s05,25,38,26.266666666666666,0.021249284967780113,-1.2122773363678168
TOKYOTECH_s05,25,39,26.3,-0.27153170108795166,-1.1626617089859315
TOKYOTECH_s05,25,40,26.333333333333332,-0.49979934096336365,-0.9927002341956583
TOKYOTECH_s05,25,41,26.366666666666667,-0.654079258441925,-0.7004512635059554
TOKYOTECH_s05,25,42,26.4,-0.7697669267654419,-0.3163238010327535
TOKYOTECH_s05,25,43,26.433333333333334,-0.847565770149231,0.10559253932528571
TOKYOTECH_s05,25,44,26.466666666666665,-0.8924980759620667,0.5044766906472984
TOKYOTECH_s05,25,45,26.5,-0.8438704013824463,0.8290193575588783
TOKYOTECH_s05,25,46,26.533333333333335,-0.8903075456619263,1.0470324825212451
TOKYOTECH_s05,25,47,26.566666666666666,-0.941321611404419,1.1477563688906751
TOKYOTECH_s05,25,48,26.6,-1.0351396799087524,1.1390646886563434
TOKYOTECH_s05,25,49,26.633333333333333,-1.2105590105056763,1.0417936585374254
TOKYOTECH_s05,25,50,26.666666666666668,-1.2479134798049927,0.8825826587262361
TOKYOTECH_s05,25,51,26.7,-0.6649695038795471,0.6866202926858129
TOKYOTECH_s05,25,52,26.733333333333334,0.8202617168426514,0.4726705353765649
TOKYOTECH_s05,25,53,26.766666666666666,1.733367919921875,0.25269664757300137
TOKYOTECH_s05,25,54,26.8,1.7689058780670166,0.035862907112597306
TOKYOTECH_s05,25,55,26.833333333333332,1.4393848180770874,-0.16667270829344755
TOKYOTECH_s05,25,56,26.866666666666667,1.0475143194198608,-0.3409890453333748
TOKYOTECH_s05,25,57,26.9,0.8042246699333191,-0.47566073778409507
TOKYOTECH_s05,25,58,26.933333333333334,0.48177382349967957,-0.5694374927442896
TOKYOTECH_s05,25,59,26.966666666666665,0.21352481842041016,-0.6345128047007429
TOKYOTECH_s05,25,60,27.0,0.20330241322517395,-0.6914173016004369
TOKYOTECH_s05,25,61,27.033333333333335,0.398845911026001,-0.7577995952903601
TOKYOTECH_s05,25,62,27.066666666666666,0.4060853123664856,-0.8376789065230947
TOKYOTECH_s05,25,63,27.1,0.24078159034252167,-0.9172290067042135
TOKYOTECH_s05,25,64,27.133333333333333,-0.02333570085465908,-0.9685217853278396
TOKYOTECH_s05,25,65,27.166666666666668,-0.290053129196167,-0.9582711454034439
TOKYOTECH_s05,25,66,27.2,-0.5525052547454834,-0.8579343860875841
TOKYOTECH_s05,25,67,27.233333333333334,-0.7605329155921936,-0.6530724647669259
TOKYOTECH_s05,25,68,27.266666666666666,-0.7656886577606201,-0.35058718292687185
TOKYOTECH_s05,25,69,27.3,-0.874991774559021,0.018344747077215073
TOKYOTECH_s05,25,70,27.333333333333332,-0.9457827806472778,0.4026020883039568
TOKYOTECH_s05,25,71,27.366666666666667,-0.8992922306060791,0.743867146574193
TOKYOTECH_s05,25,72,27.4,-0.9307162761688232,0.9940461208993522
TOKYOTECH_s05,25,73,27.433333333333334,-0.9393625855445862,1.1294919446018739
TOKYOTECH_s05,25,74,27.466666666666665,-1.01944100856781,1.1549001166624937
TOKYOTECH_s05,25,75,27.5,-1.1701769828796387,1.095310552642444
TOKYOTECH_s05,25,76,27.533333333333335,-1.2982507944107056,0.9815637410461923
TOKYOTECH_s05,25,77,27.566666666666666,-1.1488149166107178,0.837922555264417
TOKYOTECH_s05,25,78,27.6,-0.02285485714673996,0.6777770491771317
TOKYOTECH_s05,25,79,27.633333333333333,1.3858953714370728,0.5070000784444876
TOKYOTECH_s05,25,80,27.666666666666668,1.778469443321228,0.3295503968341962
TOKYOTECH_s05,25,81,27.7,1.5136842727661133,0.14987673852402994
TOKYOTECH_s05,25,82,27.733333333333334,1.0645753145217896,-0.02867857829957013
TOKYOTECH_s05,25,83,27.766666666666666,0.6546730995178223,-0.20590211763785976
TOKYOTECH_s05,25,84,27.8,0.3202812373638153,-0.38378568667967683
TOKYOTECH_s05,25,85,27.833333333333332,0.014170181937515736,-0.5626792101388315
TOKYOTECH_s05,25,86,27.866666666666667,-0.0028018534649163485,-0.7372622385972373
TOKYOTECH_s05,25,87,27.9,0.26143118739128113,-0.8949549575361911
TOKYOTECH_s05,25,88,27.933333333333334,0.44490015506744385,-1.01694905840244
TOKYOTECH_s05,25,89,27.966666666666665,0.32211557030677795,-1.0803534542228244
TOKYOTECH_s05,25,90,28.0,0.005488264840096235,-1.0610620606051155
TOKYOTECH_s05,25,91,28.033333333333335,-0.2827781140804291,-0.9387566967011359
TOKYOTECH_s05,25,92,28.066666666666666,-0.503717303276062,-0.7049697184307996
TOKYOTECH_s05,25,93,28.1,-0.7333295941352844,-0.3721334357010902
TOKYOTECH_s05,25,94,28.133333333333333,-0.9107701778411865,0.02170277408810316
TOKYOTECH_s05,25,95,28.166666666666668,-0.9712496995925903,0.41791427273433585
TOKYOTECH_s05,25,96,28.2,-0.9509384632110596,0.7529292189786997
TOKYOTECH_s05,25,97,28.233333333333334,-0.9240913391113281,0.9785441075253861
TOKYOTECH_s05,25,98,28.266666666666666,-0.9629685282707214,1.076811130885471
TOKYOTECH_s05,25,99,28.3,-1.0085597038269043,1.0614052014127209
TOKYOTECH_s05,25,100,28.333333333333332,-1.09853994846344,0.9653997759383157
TOKYOTECH_s05,25,101,28.366666666666667,-1.1944862604141235,0.8235300072820073
TOKYOTECH_s05,25,102,28.4,-0.8510563969612122,0.6592170253258873
TOKYOTECH_s05,25,103,28.433333333333334,0.5026103854179382,0.48208691771202306
TOKYOTECH_s05,25,104,28.466666666666665,1.6293987035751343,0.29411621155343826
TOKYOTECH_s05,25,105,28.5,1.75108802318573,0.0975362160015612
TOKYOTECH_s05,25,106,28.533333333333335,1.4376662969589233,-0.10134393808481064
TOKYOTECH_s05,25,107,28.566666666666666,0.9321382641792297,-0.29331331967465984
TOKYOTECH_s05,25,108,28.6,0.5352989435195923,-0.469194522831673
TOKYOTECH_s05,25,109,28.633333333333333,0.16193196177482605,-0.6211521300194813
TOKYOTECH_s05,25,110,28.666666666666668,-0.07928287237882614,-0.7424669549270122
TOKYOTECH_s05,25,111,28.7,-0.006799987982958555,-0.8282340820303794
TOKYOTECH_s05,25,112,28.733333333333334,0.24929432570934296,-0.8773499554084154
TOKYOTECH_s05,25,113,28.766666666666666,0.2847699820995331,-0.8927752726161085
TOKYOTECH_s05,25,114,28.8,0.18468303978443146,-0.8771879689201184
TOKYOTECH_s05,25,115,28.833333333333332,-0.059915512800216675,-0.8255632367322551
TOKYOTECH_s05,25,116,28.866666666666667,-0.39843904972076416,-0.7214358527491603
TOKYOTECH_s05,25,117,28.9,-0.7471939325332642,-0.543358308225969
TOKYOTECH_s05,25,118,28.933333333333334,-0.9052404165267944,-0.2801633951339888
TOKYOTECH_s05,25,119,28.966666666666665,-1.0472676753997803,0.05482488396884444
TOKYOTECH_s05,25,120,29.0,-1.1576215028762817,0.4212674914508493
TOKYOTECH_s05,25,121,29.033333333333335,-1.1577818393707275,0.7640340757429844
TOKYOTECH_s05,25,122,29.066666666666666,-1.144798994064331,1.0329289025902892
TOKYOTECH_s05,25,123,29.1,-1.141833782196045,1.1978414756413958
TOKYOTECH_s05,25,124,29.133333333333333,-1.0939275026321411,1.2519811410630586
TOKYOTECH_s05,25,125,29.166666666666668,-1.1720468997955322,1.2050373759837245
TOKYOTECH_s05,25,126,29.2,-1.3095417022705078,1.073846445857989
TOKYOTECH_s05,25,127,29.233333333333334,-1.3621586561203003,0.8772122207769987
TOKYOTECH_s05,25,128,29.266666666666666,-0.6533045172691345,0.6358369782671852
TOKYOTECH_s05,25,129,29.3,1.1498451232910156,0.373397374330593
TOKYOTECH_s05,25,130,29.333333333333332,2.0789082050323486,0.11486119219176731
TOKYOTECH_s05,25,131,29.366666666666667,2.005704164505005,-0.11824123189194774
TOKYOTECH_s05,25,132,29.4,1.5703438520431519,-0.3126999985129876
TOKYOTECH_s05,25,133,29.433333333333334,1.1222856044769287,-0.46557184674532937
TOKYOTECH_s05,25,134,29.466666666666665,0.7981072664260864,-0.5827011002549964
TOKYOTECH_s05,25,135,29.5,0.4124698340892792,-0.6757198230155121
TOKYOTECH_s05,25,136,29.533333333333335,0.26666706800460815,-0.7590605732675157
TOKYOTECH_s05,25,137,29.566666666666666,0.2710035741329193,-0.8463584910510243
TOKYOTECH_s05,25,138,29.6,0.4116417169570923,-0.9444956461783686
TOKYOTECH_s05,25,139,29.633333333333333,0.41749200224876404,-1.045631874782577
TOKYOTECH_s05,25,140,29.666666666666668,0.30659496784210205,-1.1219878014660416
TOKYOTECH_s05,25,141,29.7,-0.012169419787824154,-1.1298024401594084
TOKYOTECH_s05,25,142,29.733333333333334,-0.3224834203720093,-1.024268059922777
TOKYOTECH_s05,25,143,29.766666666666666,-0.589583694934845,-0.779681128448491
TOKYOTECH_s05,25,144,29.8,-0.8081276416778564,-0.4045619135025557
TOKYOTECH_s05,25,145,29.833333333333332,-0.9593176245689392,0.05647239090290431
TOKYOTECH_s05,25,146,29.866666666666667,-1.0141161680221558,0.5347862700929509
TOKYOTECH_s05,25,147,29.9,-1.085494875907898,0.9572418310536884
TOKYOTECH_s05,25,148,29.933333333333334,-1.1016565561294556,1.2647750766460915
TOKYOTECH_s05,25,149,29.966666666666665,-1.071648359298706,1.424432798770951
TOKYOTECH_s05,25,150,30.0,-1.0517021417617798,1.4331582239064262
TOKYOTECH_s05,25,151,30.033333333333335,-1.1253159046173096,1.3142142738052853
TOKYOTECH_s05,25,152,30.066666666666666,-1.2114405632019043,1.1080099769777996
TOKYOTECH_s05,25,153,30.1,-1.3306187391281128,0.859683725025004
TOKYOTECH_s05,25,154,30.133333333333333,-1.115476369857788,0.6071044098066412
TOKYOTECH_s05,25,155,30.166666666666668,0.3128281533718109,0.3735220147024476
TOKYOTECH_s05,25,156,30.2,1.9239516258239746,0.1672719763279584
TOKYOTECH_s05,25,157,30.233333333333334,2.2146668434143066,-0.012691536892391102
TOKYOTECH_s05,25,158,30.266666666666666,1.7690128087997437,-0.16988753183986252
TOKYOTECH_s05,25,159,30.3,1.3863139152526855,-0.3068046898976557
TOKYOTECH_s05,25,160,30.333333333333332,0.9967406392097473,-0.4262666279847051
TOKYOTECH_s05,25,161,30.366666666666667,0.5584061741828918,-0.5346567368045613
TOKYOTECH_s05,25,162,30.4,0.25894683599472046,-0.6419182874366863
TOKYOTECH_s05,25,163,30.433333333333334,0.18914420902729034,-0.7556112242117616
TOKYOTECH_s05,25,164,30.466666666666665,0.4164234697818756,-0.8719172868231108
TOKYOTECH_s05,25,165,30.5,0.5560554265975952,-0.9704169748628857
TOKYOTECH_s05,25,166,30.533333333333335,0.5048187375068665,-1.0178173384454543
TOKYOTECH_s05,25,167,30.566666666666666,0.1947629749774933,-0.980110207173044
TOKYOTECH_s05,25,168,30.6,-0.15506042540073395,-0.8372552837781245
TOKYOTECH_s05,25,169,30.633333333333333,-0.40108370780944824,-0.5929870050103871
TOKYOTECH_s05,25,170,30.666666666666668,-0.6597692370414734,-0.27553967089211595
TOKYOTECH_s05,25,171,30.7,-0.7617528438568115,0.06993953516107017
TOKYOTECH_s05,25,172,30.733333333333334,-0.8963091969490051,0.3933378650645505
TOKYOTECH_s05,25,173,30.766666666666666,-0.9396297335624695,0.6515780591905146
TOKYOTECH_s05,25,174,30.8,-0.8997552394866943,0.8177656194381822
TOKYOTECH_s05,25,175,30.833333333333332,-0.9356315732002258,0.885784378794978
TOKYOTECH_s05,25,176,30.866666666666667,-0.9052849411964417,0.8688931648051784
TOKYOTECH_s05,25,177,30.9,-0.986894965171814,0.7919988178477888
TOKYOTECH_s05,25,178,30.933333333333334,-1.084693431854248,0.6804252309241273
TOKYOTECH_s05,25,179,30.966666666666665,-1.0512034893035889,0.5506171457145677
TOKYOTECH_s05,25,180,31.0,0.015639429911971092,0.40740916393081067
TOKYOTECH_s05,25,181,31.033333333333335,1.438218355178833,0.24859647002290736
TOKYOTECH_s05,25,182,31.066666666666666,1.8576395511627197,0.07312169890643998
TOKYOTECH_s05,25,183,31.1,1.587493896484375,-0.11284665904258237
TOKYOTECH_s05,25,184,31.133333333333333,1.18352210521698,-0.2958119126660256
TOKYOTECH_s05,25,185,31.166666666666668,0.6967470049858093,-0.4600948294771849
TOKYOTECH_s05,25,186,31.2,0.13865552842617035,-0.5933701054617555
TOKYOTECH_s05,25,187,31.233333333333334,-0.22443562746047974,-0.6879183298640934
TOKYOTECH_s05,25,188,31.266666666666666,-0.08624621480703354,-0.7378792456334693
TOKYOTECH_s05,25,189,31.3,0.3144042491912842,-0.736932641154693
TOKYOTECH_s05,25,190,31.333333333333332,0.47827431559562683,-0.6794154884185113
TOKYOTECH_s05,25,191,31.366666666666667,0.3389362394809723,-0.5635912619018585
TOKYOTECH_s05,25,192,31.4,0.12238694727420807,-0.3937163105114294
TOKYOTECH_s05,25,193,31.433333333333334,-0.21150624752044678,-0.17923092159467305
TOKYOTECH_s05,25,194,31.466666666666665,-0.571854829788208,0.06714034744097294
TOKYOTECH_s05,25,195,31.5,-0.7338104248046875,0.3293428386325576
TOKYOTECH_s05,25,196,31.533333333333335,-0.8654193878173828,0.5858144679070457
TOKYOTECH_s05,25,197,31.566666666666666,-0.9955590963363647,0.808543358014018
TOKYOTECH_s05,25,198,31.6,-1.0347390174865723,0.9668218207967364
TOKYOTECH_s05,25,199,31.633333333333333,-1.0262441635131836,1.0357413132539837
TOKYOTECH_s05,25,200,31.666666666666668,-0.9897711277008057,1.0053638689370068
TOKYOTECH_s05,25,201,31.7,-1.032495141029358,0.8850180917781331
TOKYOTECH_s05,25,202,31.733333333333334,-0.9908307790756226,0.699809519482618
TOKYOTECH_s05,25,203,31.766666666666666,-0.6629570722579956,0.48127358245778756
TOKYOTECH_s05,25,204,31.8,0.7956228852272034,0.25759039579698617
TOKYOTECH_s05,25,205,31.833333333333332,1.9887498617172241,0.048211361505073304
TOKYOTECH_s05,25,206,31.866666666666667,2.0182595252990723,-0.13655496031370348
TOKYOTECH_s05,25,207,31.9,1.6076626777648926,-0.2940780589798056
TOKYOTECH_s05,25,208,31.933333333333334,1.1640478372573853,-0.4284885193621276
TOKYOTECH_s05,25,209,31.966666666666665,0.8337610363960266,-0.5495185861971671
TOKYOTECH_s05,25,210,32.0,0.43544355034828186,-0.6685104824412565
TOKYOTECH_s05,25,211,32.03333333333333,0.11434615403413773,-0.790878925076053
TOKYOTECH_s05,25,212,32.06666666666667,0.21372072398662567,-0.9087290628548955
TOKYOTECH_s05,25,213,32.1,0.4949881434440613,-0.9994906253156702
TOKYOTECH_s05,25,214,32.13333333333333,0.5311583280563354,-1.0330965281899056
TOKYOTECH_s05,25,215,32.166666666666664,0.44270074367523193,-0.984367685918409
TOKYOTECH_s05,25,216,32.2,0.15628649294376373,-0.8438558471962884
TOKYOTECH_s05,25,217,32.233333333333334,-0.19158680737018585,-0.6214979132786701
TOKYOTECH_s05,25,218,32.266666666666666,-0.49990618228912354,-0.34202995542340425
TOKYOTECH_s05,25,219,32.3,-0.7684312462806702,-0.036099670946824466
TOKYOTECH_s05,25,220,32.333333333333336,-0.8558470010757446,0.2669279159291907
TOKYOTECH_s05,25,221,32.36666666666667,-0.9341089129447937,0.5409950633050804
TOKYOTECH_s05,25,222,32.4,-0.9288463592529297,0.7621257345731449
TOKYOTECH_s05,25,223,32.43333333333333,-0.8844928741455078,0.9087326700175664
TOKYOTECH_s05,25,224,32.46666666666667,-0.935498058795929,0.9653891985210392
TOKYOTECH_s05,25,225,32.5,-1.018176555633545,0.9275092869789957
TOKYOTECH_s05,25,226,32.53333333333333,-0.9638233184814453,0.803438630861414
TOKYOTECH_s05,25,227,32.56666666666667,-0.4449385106563568,0.6128020121329536
TOKYOTECH_s05,25,228,32.6,1.1396939754486084,0.38252970738092956
TOKYOTECH_s05,25,229,32.63333333333333,2.1661994457244873,0.14275542351323076
TOKYOTECH_s05,25,230,32.666666666666664,2.1472506523132324,-0.07650590179455541
TOKYOTECH_s05,25,231,32.7,1.800321102142334,-0.24874655345468855
TOKYOTECH_s05,25,232,32.733333333333334,1.4237574338912964,-0.35557704001352536
TOKYOTECH_s05,25,233,32.766666666666666,1.0725092887878418,-0.39195616731881205
TOKYOTECH_s05,25,234,32.8,0.8218556642532349,-0.368901848749687
TOKYOTECH_s05,25,235,32.833333333333336,0.5971497893333435,-0.3102803696994372
TOKYOTECH_s05,25,236,32.86666666666667,0.4962792992591858,-0.24369201981506677
TOKYOTECH_s05,25,237,32.9,0.6703895926475525,-0.18958891755552568
TOKYOTECH_s05,25,238,32.93333333333333,0.7113771438598633,-0.15393054210616855
TOKYOTECH_s05,25,239,32.96666666666667,0.529929518699646,-0.1276174047651758
TOKYOTECH_s05,26,0,26.0,1.169265866279602,-0.09117225954703344
TOKYOTECH_s05,26,1,26.033333333333335,0.8500028848648071,-1.7690974876349397
TOKYOTECH_s05,26,2,26.066666666666666,0.5880315899848938,-3.1997349599323623
TOKYOTECH_s05,26,3,26.1,0.2947964668273926,-4.1992700268709715
TOKYOTECH_s05,26,4,26.133333333333333,0.31779688596725464,-4.6888712968989905
TOKYOTECH_s05,26,5,26.166666666666668,0.46798959374427795,-4.702597972843447
TOKYOTECH_s05,26,6,26.2,0.47286927700042725,-4.356518563856558
TOKYOTECH_s05,26,7,26.233333333333334,0.2867823839187622,-3.795564909262679
TOKYOTECH_s05,26,8,26.266666666666666,0.021249284967780113,-3.1441363120926775
TOKYOTECH_s05,26,9,26.3,-0.27153170108795166,-2.4802295881435796
TOKYOTECH_s05,26,10,26.333333333333332,-0.49979934096336365,-1.836788600214415
TOKYOTECH_s05,26,11,26.366666666666667,-0.654079258441925,-1.2195897930498205
TOKYOTECH_s05,26,12,26.4,-0.7697669267654419,-0.6270552866083346
TOKYOTECH_s05,26,13,26.433333333333334,-0.847565770149231,-0.06272756888174534
TOKYOTECH_s05,26,14,26.466666666666665,-0.8924980759620667,0.46092871762257714
TOKYOTECH_s05,26,15,26.5,-0.8438704013824463,0.9240532122422649
TOKYOTECH_s05,26,16,26.533333333333335,-0.8903075456619263,1.3033526829385798
TOKYOTECH_s05,26,17,26.566666666666666,-0.941321611404419,1.5777601990005568
TOKYOTECH_s05,26,18,26.6,-1.0351396799087524,1.7350154799336663
TOKYOTECH_s05,26,19,26.633333333333333,-1.2105590105056763,1.7767450172084538
TOKYOTECH_s05,26,20,26.666666666666668,-1.2479134798049927,1.7190382209257935
TOKYOTECH_s05,26,21,26.7,-0.6649695038795471,1.5874598073294748
TOKYOTECH_s05,26,22,26.733333333333334,0.8202617168426514,1.4090792586349485
TOKYOTECH_s05,26,23,26.766666666666666,1.733367919921875,1.20617525837233
TOKYOTECH_s05,26,24,26.8,1.7689058780670166,0.9944853751363151
TOKYOTECH_s05,26,25,26.833333333333332,1.4393848180770874,0.7849311161169635
TOKYOTECH_s05,26,26,26.866666666666667,1.0475143194198608,0.5851502974554096
TOKYOTECH_s05,26,27,26.9,0.8042246699333191,0.3982491245046329
TOKYOTECH_s05,26,28,26.933333333333334,0.48177382349967957,0.22027194997170374
TOKYOTECH_s05,26,29,26.966666666666665,0.21352481842041016,0.040642267394966826
TOKYOTECH_s05,26,30,27.0,0.20330241322517395,-0.15208721949247517
TOKYOTECH_s05,26,31,27.033333333333335,0.398845911026001,-0.3615000522949562
TOKYOTECH_s05,26,32,27.066666666666666,0.4060853123664856,-0.5770419061743188
TOKYOTECH_s05,26,33,27.1,0.24078159034252167,-0.774439427250831
TOKYOTECH_s05,26,34,27.133333333333333,-0.02333570085465908,-0.9222127248625467
TOKYOTECH_s05,26,35,27.166666666666668,-0.290053129196167,-0.9900680162438602
TOKYOTECH_s05,26,36,27.2,-0.5525052547454834,-0.9560153851940822
TOKYOTECH_s05,26,37,27.233333333333334,-0.7605329155921936,-0.8119593405328094
TOKYOTECH_s05,26,38,27.266666666666666,-0.7656886577606201,-0.5680979957521369
TOKYOTECH_s05,26,39,27.3,-0.874991774559021,-0.2547034566802389
TOKYOTECH_s05,26,40,27.333333333333332,-0.9457827806472778,0.08163532505928615
TOKYOTECH_s05,26,41,27.366666666666667,-0.8992922306060791,0.3887918953008365
TOKYOTECH_s05,26,42,27.4,-0.9307162761688232,0.6238482954385159
TOKYOTECH_s05,26,43,27.433333333333334,-0.9393625855445862,0.7649042206621274
TOKYOTECH_s05,26,44,27.466666666666665,-1.01944100856781,0.8137498112621969
TOKYOTECH_s05,26,45,27.5,-1.1701769828796387,0.7883421176988923
TOKYOTECH_s05,26,46,27.533333333333335,-1.2982507944107056,0.7102777622765468
TOKYOTECH_s05,26,47,27.566666666666666,-1.1488149166107178,0.5952733674969792
TOKYOTECH_s05,26,48,27.6,-0.02285485714673996,0.45169066689424153
TOKYOTECH_s05,26,49,27.633333333333333,1.3858953714370728,0.28582885547238723
TOKYOTECH_s05,26,50,27.666666666666668,1.778469443321228,0.10781612193859877
TOKYOTECH_s05,26,51,27.7,1.5136842727661133,-0.06782279230592649
TOKYOTECH_s05,26,52,27.733333333333334,1.0645753145217896,-0.22748990788255274
TOKYOTECH_s05,26,53,27.766666666666666,0.6546730995178223,-0.3648475103200877
TOKYOTECH_s05,26,54,27.8,0.3202812373638153,-0.482629809874589
TOKYOTECH_s05,26,55,27.833333333333332,0.014170181937515736,-0.5882542958796693
TOKYOTECH_s05,26,56,27.866666666666667,-0.0028018534649163485,-0.6863256939408977
TOKYOTECH_s05,26,57,27.9,0.26143118739128113,-0.7730730193041121
TOKYOTECH_s05,26,58,27.933333333333334,0.44490015506744385,-0.8355902808185333
TOKYOTECH_s05,26,59,27.966666666666665,0.32211557030677795,-0.8552281740818612
TOKYOTECH_s05,26,60,28.0,0.005488264840096235,-0.8129263972665933
TOKYOTECH_s05,26,61,28.033333333333335,-0.2827781140804291,-0.6949127044528125
TOKYOTECH_s05,26,62,28.066666666666666,-0.503717303276062,-0.4982806551758226
TOKYOTECH_s05,26,63,28.1,-0.7333295941352844,-0.2357010374575353
TOKYOTECH_s05,26,64,28.133333333333333,-0.9107701778411865,0.06318648215753077
TOKYOTECH_s05,26,65,28.166666666666668,-0.9712496995925903,0.35676633142248015
TOKYOTECH_s05,26,66,28.2,-0.9509384632110596,0.6032082945836243
TOKYOTECH_s05,26,67,28.233333333333334,-0.9240913391113281,0.7745116412553402
TOKYOTECH_s05,26,68,28.266666666666666,-0.9629685282707214,0.8648666228987568
TOKYOTECH_s05,26,69,28.3,-1.0085597038269043,0.887413312258365
TOKYOTECH_s05,26,70,28.333333333333332,-1.09853994846344,0.8613458505123276
TOKYOTECH_s05,26,71,28.366666666666667,-1.1944862604141235,0.7984880661827846
TOKYOTECH_s05,26,72,28.4,-0.8510563969612122,0.6984918234154749
TOKYOTECH_s05,26,73,28.433333333333334,0.5026103854179382,0.5551837947418289
TOKYOTECH_s05,26,74,28.466666666666665,1.6293987035751343,0.3684928266390104
TOKYOTECH_s05,26,75,28.5,1.75108802318573,0.15265689925713544
TOKYOTECH_s05,26,76,28.533333333333335,1.4376662969589233,-0.06530750282138811
TOKYOTECH_s05,26,77,28.566666666666666,0.9321382641792297,-0.2557143408214135
TOKYOTECH_s05,26,78,28.6,0.5352989435195923,-0.39816615566793956
TOKYOTECH_s05,26,79,28.633333333333333,0.16193196177482605,-0.48830597021662747
TOKYOTECH_s05,26,80,28.666666666666668,-0.07928287237882614,-0.5369621537219421
TOKYOTECH_s05,26,81,28.7,-0.006799987982958555,-0.564216856253971
TOKYOTECH_s05,26,82,28.733333333333334,0.24929432570934296,-0.5919095002308608
TOKYOTECH_s05,26,83,28.766666666666666,0.2847699820995331,-0.6359923640093064
TOKYOTECH_s05,26,84,28.8,0.18468303978443146,-0.6985908405612022
TOKYOTECH_s05,26,85,28.833333333333332,-0.059915512800216675,-0.7614357472195241
TOKYOTECH_s05,26,86,28.866666666666667,-0.39843904972076416,-0.7863297407178723
TOKYOTECH_s05,26,87,28.9,-0.7471939325332642,-0.7277428558442096
TOKYOTECH_s05,26,88,28.933333333333334,-0.9052404165267944,-0.5541921137485237
TOKYOTECH_s05,26,89,28.966666666666665,-1.0472676753997803,-0.26651539492917276
TOKYOTECH_s05,26,90,29.0,-1.1576215028762817,0.09847860569991326
TOKYOTECH_s05,26,91,29.033333333333335,-1.1577818393707275,0.48143828689440116
TOKYOTECH_s05,26,92,29.066666666666666,-1.144798994064331,0.822492272149027
TOKYOTECH_s05,26,93,29.1,-1.141833782196045,1.0787967519564077
TOKYOTECH_s05,26,94,29.133333333333333,-1.0939275026321411,1.2298037320223951
TOKYOTECH_s05,26,95,29.166666666666668,-1.1720468997955322,1.2720579064684612
TOKYOTECH_s05,26,96,29.2,-1.3095417022705078,1.2112596332308143
TOKYOTECH_s05,26,97,29.233333333333334,-1.3621586561203003,1.0583986702448756
TOKYOTECH_s05,26,98,29.266666666666666,-0.6533045172691345,0.8309329410461096
TOKYOTECH_s05,26,99,29.3,1.1498451232910156,0.5546855399603273
TOKYOTECH_s05,26,100,29.333333333333332,2.0789082050323486,0.2617516071197401
TOKYOTECH_s05,26,101,29.366666666666667,2.005704164505005,-0.01640083833309793
TOKYOTECH_s05,26,102,29.4,1.5703438520431519,-0.25703914463132965
TOKYOTECH_s05,26,103,29.433333333333334,1.1222856044769287,-0.4507001592859135
TOKYOTECH_s05,26,104,29.466666666666665,0.7981072664260864,-0.600367496550681
TOKYOTECH_s05,26,105,29.5,0.4124698340892792,-0.7172161514114143
TOKYOTECH_s05,26,106,29.533333333333335,0.26666706800460815,-0.8155918639379948
TOKYOTECH_s05,26,107,29.566666666666666,0.2710035741329193,-0.9080811468209748
TOKYOTECH_s05,26,108,29.6,0.4116417169570923,-0.9999072137848884
TOKYOTECH_s05,26,109,29.633333333333333,0.41749200224876404,-1.0828336541231345
TOKYOTECH_s05,26,110,29.666666666666668,0.30659496784210205,-1.131977960709668
TOKYOTECH_s05,26,111,29.7,-0.012169419787824154,-1.1103150661647605
TOKYOTECH_s05,26,112,29.733333333333334,-0.3224834203720093,-0.982053300579989
TOKYOTECH_s05,26,113,29.766666666666666,-0.589583694934845,-0.7298296167660535
TOKYOTECH_s05,26,114,29.8,-0.8081276416778564,-0.3667558879080754
TOKYOTECH_s05,26,115,29.833333333333332,-0.9593176245689392,0.06363254105042492
TOKYOTECH_s05,26,116,29.866666666666667,-1.0141161680221558,0.4991876764500481
TOKYOTECH_s05,26,117,29.9,-1.085494875907898,0.8760933334536123
TOKYOTECH_s05,26,118,29.933333333333334,-1.1016565561294556,1.1440917404941116
TOKYOTECH_s05,26,119,29.966666666666665,-1.071648359298706,1.2765602934103215
TOKYOTECH_s05,26,120,30.0,-1.0517021417617798,1.2744528881758288
TOKYOTECH_s05,26,121,30.033333333333335,-1.1253159046173096,1.1638078754278685
TOKYOTECH_s05,26,122,30.066666666666666,-1.2114405632019043,0.9869834478170637
TOKYOTECH_s05,26,123,30.1,-1.3306187391281128,0.7892868547433274
TOKYOTECH_s05,26,124,30.133333333333333,-1.115476369857788,0.6050957534097159
TOKYOTECH_s05,26,125,30.166666666666668,0.3128281533718109,0.44890317099484167
TOKYOTECH_s05,26,126,30.2,1.9239516258239746,0.31508812627250216
TOKYOTECH_s05,26,127,30.233333333333334,2.2146668434143066,0.18603356315309005
TOKYOTECH_s05,26,128,30.266666666666666,1.7690128087997437,0.0437640748257986
TOKYOTECH_s05,26,129,30.3,1.3863139152526855,-0.12140402063425361
TOKYOTECH_s05,26,130,30.333333333333332,0.9967406392097473,-0.3090820902327732
TOKYOTECH_s05,26,131,30.366666666666667,0.5584061741828918,-0.5125833257791554
TOKYOTECH_s05,26,132,30.4,0.25894683599472046,-0.7228525815158983
TOKYOTECH_s05,26,133,30.433333333333334,0.18914420902729034,-0.9277418196383205
TOKYOTECH_s05,26,134,30.466666666666665,0.4164234697818756,-1.1072639096336212
TOKYOTECH_s05,26,135,30.5,0.5560554265975952,-1.2305840197103453
TOKYOTECH_s05,26,136,30.533333333333335,0.5048187375068665,-1.2602713689007343
TOKYOTECH_s05,26,137,30.566666666666666,0.1947629749774933,-1.1642560730214022
TOKYOTECH_s05,26,138,30.6,-0.15506042540073395,-0.9301271640857931
TOKYOTECH_s05,26,139,30.633333333333333,-0.40108370780944824,-0.574210029396628
TOKYOTECH_s05,26,140,30.666666666666668,-0.6597692370414734,-0.14088251107219632
TOKYOTECH_s05,26,141,30.7,-0.7617528438568115,0.30720979347022653
TOKYOTECH_s05,26,142,30.733333333333334,-0.8963091969490051,0.7039806032241297
TOKYOTECH_s05,26,143,30.766666666666666,-0.9396297335624695,0.9950918759950617
TOKYOTECH_s05,26,144,30.8,-0.8997552394866943,1.14981797502569
TOKYOTECH_s05,26,145,30.833333333333332,-0.9356315732002258,1.1669197941953946
TOKYOTECH_s05,26,146,30.866666666666667,-0.9052849411964417,1.0724367896011713
TOKYOTECH_s05,26,147,30.9,-0.986894965171814,0.9089970965539563
TOKYOTECH_s05,26,148,30.933333333333334,-1.084693431854248,0.7199197872942223
TOKYOTECH_s05,26,149,30.966666666666665,-1.0512034893035889,0.5346976718994426
TOKYOTECH_s05,26,150,31.0,0.015639429911971092,0.36244229636739816
TOKYOTECH_s05,26,151,31.033333333333335,1.438218355178833,0.19592859727733275
TOKYOTECH_s05,26,152,31.066666666666666,1.8576395511627197,0.02295723603302421
TOKYOTECH_s05,26,153,31.1,1.587493896484375,-0.16229738750215955
TOKYOTECH_s05,26,154,31.133333333333333,1.18352210521698,-0.3545116139215102
TOKYOTECH_s05,26,155,31.166666666666668,0.6967470049858093,-0.5404135295107263
TOKYOTECH_s05,26,156,31.2,0.13865552842617035,-0.705361301157719
TOKYOTECH_s05,26,157,31.233333333333334,-0.22443562746047974,-0.8370008440836283
TOKYOTECH_s05,26,158,31.266666666666666,-0.08624621480703354,-0.9241337845141046
TOKYOTECH_s05,26,159,31.3,0.3144042491912842,-0.954325902998908
TOKYOTECH_s05,26,160,31.333333333333332,0.47827431559562683,-0.9145018193931789
TOKYOTECH_s05,26,161,31.366666666666667,0.3389362394809723,-0.795292363033105
TOKYOTECH_s05,26,162,31.4,0.12238694727420807,-0.5961994097884445
TOKYOTECH_s05,26,163,31.433333333333334,-0.21150624752044678,-0.32812010531294267
TOKYOTECH_s05,26,164,31.466666666666665,-0.571854829788208,-0.012742992627605724
TOKYOTECH_s05,26,165,31.5,-0.7338104248046875,0.3191996077156086
TOKYOTECH_s05,26,166,31.533333333333335,-0.8654193878173828,0.6300299327445893
TOKYOTECH_s05,26,167,31.566666666666666,-0.9955590963363647,0.8792271814426302
TOKYOTECH_s05,26,168,31.6,-1.0347390174865723,1.0311485265734555
TOKYOTECH_s05,26,169,31.633333333333333,-1.0262441635131836,1.065199522969874
TOKYOTECH_s05,26,170,31.666666666666668,-0.9897711277008057,0.9840647153321572
TOKYOTECH_s05,26,171,31.7,-1.032495141029358,0.8148447449164354
TOKYOTECH_s05,26,172,31.733333333333334,-0.9908307790756226,0.600972240573479
TOKYOTECH_s05,26,173,31.766666666666666,-0.6629570722579956,0.3877849440350677
TOKYOTECH_s05,26,174,31.8,0.7956228852272034,0.20828580804852015
TOKYOTECH_s05,26,175,31.833333333333332,1.9887498617172241,0.07527219191098582
TOKYOTECH_s05,26,176,31.866666666666667,2.0182595252990723,-0.018273444080671417
TOKYOTECH_s05,26,177,31.9,1.6076626777648926,-0.09309147428525684
TOKYOTECH_s05,26,178,31.933333333333334,1.1640478372573853,-0.1755133808288402
TOKYOTECH_s05,26,179,31.966666666666665,0.8337610363960266,-0.2892749823889779
TOKYOTECH_s05,26,180,32.0,0.43544355034828186,-0.4475263191279583
TOKYOTECH_s05,26,181,32.03333333333333,0.11434615403413773,-0.6456025054711091
TOKYOTECH_s05,26,182,32.06666666666667,0.21372072398662567,-0.8573019920094769
TOKYOTECH_s05,26,183,32.1,0.4949881434440613,-1.0383608198386562
TOKYOTECH_s05,26,184,32.13333333333333,0.5311583280563354,-1.1381098619869263
TOKYOTECH_s05,26,185,32.166666666666664,0.44270074367523193,-1.115665097026309
TOKYOTECH_s05,26,186,32.2,0.15628649294376373,-0.9539164642375366
TOKYOTECH_s05,26,187,32.233333333333334,-0.19158680737018585,-0.6652427309356541
TOKYOTECH_s05,26,188,32.266666666666666,-0.49990618228912354,-0.2871330411839921
TOKYOTECH_s05,26,189,32.3,-0.7684312462806702,0.12899238862672738
TOKYOTECH_s05,26,190,32.333333333333336,-0.8558470010757446,0.5298090269595719
TOKYOTECH_s05,26,191,32.36666666666667,-0.9341089129447937,0.868475841911756
TOKYOTECH_s05,26,192,32.4,-0.9288463592529297,1.1092101881937055
TOKYOTECH_s05,26,193,32.43333333333333,-0.8844928741455078,1.2305796777708577
TOKYOTECH_s05,26,194,32.46666666666667,-0.935498058795929,1.2283938169245454
TOKYOTECH_s05,26,195,32.5,-1.018176555633545,1.1161869184067896
TOKYOTECH_s05,26,196,32.53333333333333,-0.9638233184814453,0.921242237431703
TOKYOTECH_s05,26,197,32.56666666666667,-0.4449385106563568,0.6767411541000605
TOKYOTECH_s05,26,198,32.6,1.1396939754486084,0.413302003433376
TOKYOTECH_s05,26,199,32.63333333333333,2.1661994457244873,0.15364828787217147
TOKYOTECH_s05,26,200,32.666666666666664,2.1472506523132324,-0.08811653023133505
TOKYOTECH_s05,26,201,32.7,1.800321102142334,-0.3042862282973406
TOKYOTECH_s05,26,202,32.733333333333334,1.4237574338912964,-0.49149236486604575
TOKYOTECH_s05,26,203,32.766666666666666,1.0725092887878418,-0.6504145979298812
TOKYOTECH_s05,26,204,32.8,0.8218556642532349,-0.7855549759201894
TOKYOTECH_s05,26,205,32.833333333333336,0.5971497893333435,-0.902002713457553
TOKYOTECH_s05,26,206,32.86666666666667,0.4962792992591858,-0.9989428519950992
TOKYOTECH_s05,26,207,32.9,0.6703895926475525,-1.0639171820065934
TOKYOTECH_s05,26,208,32.93333333333333,0.7113771438598633,-1.07317105653339
TOKYOTECH_s05,26,209,32.96666666666667,0.529929518699646,-0.9999876364435404
TOKYOTECH_s05,26,210,33.0,0.31162604689598083,-0.8267946754670303
TOKYOTECH_s05,26,211,33.03333333333333,-0.028322238475084305,-0.5538185013321482
TOKYOTECH_s05,26,212,33.06666666666667,-0.32542189955711365,-0.2005104549596578
TOKYOTECH_s05,26,213,33.1,-0.5841875672340393,0.1983993622582208
TOKYOTECH_s05,26,214,33.13333333333333,-0.6758597493171692,0.5983701882383257
TOKYOTECH_s05,26,215,33.166666666666664,-0.6989491581916809,0.9504950438059002
TOKYOTECH_s05,26,216,33.2,-0.7937023043632507,1.2086632380946774
TOKYOTECH_s05,26,217,33.233333333333334,-0.7743883728981018,1.3399556316877068
TOKYOTECH_s05,26,218,33.266666666666666,-0.7599273920059204,1.3350613919130778
TOKYOTECH_s05,26,219,33.3,-0.8515372276306152,1.2120012195060965
TOKYOTECH_s05,26,220,33.333333333333336,-0.9501904845237732,1.0093076246637849
TOKYOTECH_s05,26,221,33.36666666666667,-0.8931658864021301,0.7715030889401948
TOKYOTECH_s05,26,222,33.4,0.02704613469541073,0.5344398191706696
TOKYOTECH_s05,26,223,33.43333333333333,1.528893232345581,0.3175354050835602
TOKYOTECH_s05,26,224,33.46666666666667,2.0468251705169678,0.12478757500517594
TOKYOTECH_s05,26,225,33.5,1.914975881576538,-0.04886606476665617
TOKYOTECH_s05,26,226,33.53333333333333,1.656450629234314,-0.21068121090243339
TOKYOTECH_s05,26,227,33.56666666666667,1.3174105882644653,-0.3653315546240144
TOKYOTECH_s05,26,228,33.6,0.9635445475578308,-0.5118874372193793
TOKYOTECH_s05,26,229,33.63333333333333,0.7013150453567505,-0.6415045762048355
TOKYOTECH_s05,26,230,33.666666666666664,0.5986635684967041,-0.736853827361185
TOKYOTECH_s05,26,231,33.7,0.6268998384475708,-0.7760284223373783
TOKYOTECH_s05,26,232,33.733333333333334,0.7602006793022156,-0.7419355475771535
TOKYOTECH_s05,26,233,33.766666666666666,0.6900774836540222,-0.6338185838683996
TOKYOTECH_s05,26,234,33.8,0.3739221394062042,-0.4739941399762179
TOKYOTECH_s05,26,235,33.833333333333336,0.11185288429260254,-0.30381736740126614
TOKYOTECH_s05,26,236,33.86666666666667,-0.18308298289775848,-0.16898196082758044
TOKYOTECH_s05,26,237,33.9,-0.3871481120586395,-0.10099071140645116
TOKYOTECH_s05,26,238,33.93333333333333,-0.5225593447685242,-0.10392805903473061
TOKYOTECH_s05,26,239,33.96666666666667,-0.6751117706298828,-0.1527936208137043
TOKYOTECH_s05,27,0,27.0,0.20330241322517395,-0.03897684000682924
TOKYOTECH_s05,27,1,27.033333333333335,0.398845911026001,-1.7280792511507075
TOKYOTECH_s05,27,2,27.066666666666666,0.4060853123664856,-3.1793189709882745
TOKYOTECH_s05,27,3,27.1,0.24078159034252167,-4.206852688964167
TOKYOTECH_s05,27,4,27.133333333333333,-0.02333570085465908,-4.714044433340614
TOKYOTECH_s05,27,5,27.166666666666668,-0.290053129196167,-4.705910365370952
TOKYOTECH_s05,27,6,27.2,-0.5525052547454834,-4.272140200162684
TOKYOTECH_s05,27,7,27.233333333333334,-0.7605329155921936,-3.5515116735669916
TOKYOTECH_s05,27,8,27.266666666666666,-0.7656886577606201,-2.6937616413963164
TOKYOTECH_s05,27,9,27.3,-0.874991774559021,-1.830203303578229
TOKYOTECH_s05,27,10,27.333333333333332,-0.9457827806472778,-1.056630946684435
TOKYOTECH_s05,27,11,27.366666666666667,-0.8992922306060791,-0.42677676716461477
TOKYOTECH_s05,27,12,27.4,-0.9307162761688232,0.04634558885105795
TOKYOTECH_s05,27,13,27.433333333333334,-0.9393625855445862,0.3824585604020188
TOKYOTECH_s05,27,14,27.466666666666665,-1.01944100856781,0.6201300720431923
TOKYOTECH_s05,27,15,27.5,-1.1701769828796387,0.7995471734402306
TOKYOTECH_s05,27,16,27.533333333333335,-1.2982507944107056,0.9475270299216407
TOKYOTECH_s05,27,17,27.566666666666666,-1.1488149166107178,1.070943851085284
TOKYOTECH_s05,27,18,27.6,-0.02285485714673996,1.1607991513951477
TOKYOTECH_s05,27,19,27.633333333333333,1.3858953714370728,1.203171615633491
TOKYOTECH_s05,27,20,27.666666666666668,1.778469443321228,1.1896383949169835
TOKYOTECH_s05,27,21,27.7,1.5136842727661133,1.1211415367197282
TOKYOTECH_s05,27,22,27.733333333333334,1.0645753145217896,1.0048878134324208
TOKYOTECH_s05,27,23,27.766666666666666,0.6546730995178223,0.8489741791948259
TOKYOTECH_s05,27,24,27.8,0.3202812373638153,0.6598609932585442
TOKYOTECH_s05,27,25,27.833333333333332,0.014170181937515736,0.4442591521408817
TOKYOTECH_s05,27,26,27.866666666666667,-0.0028018534649163485,0.21296124102649192
TOKYOTECH_s05,27,27,27.9,0.26143118739128113,-0.017140245766975315
TOKYOTECH_s05,27,28,27.933333333333334,0.44490015506744385,-0.22438200565470381
TOKYOTECH_s05,27,29,27.966666666666665,0.32211557030677795,-0.3856938445942655
TOKYOTECH_s05,27,30,28.0,0.005488264840096235,-0.4801962891748072
TOKYOTECH_s05,27,31,28.033333333333335,-0.2827781140804291,-0.4926511746667845
TOKYOTECH_s05,27,32,28.066666666666666,-0.503717303276062,-0.4174863924999926
TOKYOTECH_s05,27,33,28.1,-0.7333295941352844,-0.26328420937329006
TOKYOTECH_s05,27,34,28.133333333333333,-0.9107701778411865,-0.05520044731908967
TOKYOTECH_s05,27,35,28.166666666666668,-0.9712496995925903,0.16841938477913138
TOKYOTECH_s05,27,36,28.2,-0.9509384632110596,0.36658358411212605
TOKYOTECH_s05,27,37,28.233333333333334,-0.9240913391113281,0.5096726674163067
TOKYOTECH_s05,27,38,28.266666666666666,-0.9629685282707214,0.589095651239814
TOKYOTECH_s05,27,39,28.3,-1.0085597038269043,0.6159217809239991
TOKYOTECH_s05,27,40,28.333333333333332,-1.09853994846344,0.6091333393155077
TOKYOTECH_s05,27,41,28.366666666666667,-1.1944862604141235,0.5815841705778999
TOKYOTECH_s05,27,42,28.4,-0.8510563969612122,0.5328701338033099
TOKYOTECH_s05,27,43,28.433333333333334,0.5026103854179382,0.45281622025330825
TOKYOTECH_s05,27,44,28.466666666666665,1.6293987035751343,0.3315722368022627
TOKYOTECH_s05,27,45,28.5,1.75108802318573,0.1683123850285548
TOKYOTECH_s05,27,46,28.533333333333335,1.4376662969589233,-0.026801220129770383
TOKYOTECH_s05,27,47,28.566666666666666,0.9321382641792297,-0.2367606026742672
TOKYOTECH_s05,27,48,28.6,0.5352989435195923,-0.4434388965552792
TOKYOTECH_s05,27,49,28.633333333333333,0.16193196177482605,-0.6310066449773047
TOKYOTECH_s05,27,50,28.666666666666668,-0.07928287237882614,-0.786926530783678
TOKYOTECH_s05,27,51,28.7,-0.006799987982958555,-0.902898180067574
TOKYOTECH_s05,27,52,28.733333333333334,0.24929432570934296,-0.976446550344342
TOKYOTECH_s05,27,53,28.766666666666666,0.2847699820995331,-1.0107462311622948
TOKYOTECH_s05,27,54,28.8,0.18468303978443146,-1.0100676709152758
TOKYOTECH_s05,27,55,28.833333333333332,-0.059915512800216675,-0.9721140045851431
TOKYOTECH_s05,27,56,28.866666666666667,-0.39843904972076416,-0.8835849983692978
TOKYOTECH_s05,27,57,28.9,-0.7471939325332642,-0.7253214271766895
TOKYOTECH_s05,27,58,28.933333333333334,-0.9052404165267944,-0.4858902979324177
TOKYOTECH_s05,27,59,28.966666666666665,-1.0472676753997803,-0.17444397124246394
TOKYOTECH_s05,27,60,29.0,-1.1576215028762817,0.17681555441633548
TOKYOTECH_s05,27,61,29.033333333333335,-1.1577818393707275,0.5229424552883155
TOKYOTECH_s05,27,62,29.066666666666666,-1.144798994064331,0.8223669660857685
TOKYOTECH_s05,27,63,29.1,-1.141833782196045,1.0481777482678216
TOKYOTECH_s05,27,64,29.133333333333333,-1.0939275026321411,1.1891568422619416
TOKYOTECH_s05,27,65,29.166666666666668,-1.1720468997955322,1.243682551459628
TOKYOTECH_s05,27,66,29.2,-1.3095417022705078,1.2137502138465945
TOKYOTECH_s05,27,67,29.233333333333334,-1.3621586561203003,1.1040515859469957
TOKYOTECH_s05,27,68,29.266666666666666,-0.6533045172691345,0.9252115798246155
TOKYOTECH_s05,27,69,29.3,1.1498451232910156,0.6961893347545772
TOKYOTECH_s05,27,70,29.333333333333332,2.0789082050323486,0.44195080009646737
TOKYOTECH_s05,27,71,29.366666666666667,2.005704164505005,0.1869914900107119
TOKYOTECH_s05,27,72,29.4,1.5703438520431519,-0.0511108527027766
TOKYOTECH_s05,27,73,29.433333333333334,1.1222856044769287,-0.2641053669942099
TOKYOTECH_s05,27,74,29.466666666666665,0.7981072664260864,-0.45111980520057254
TOKYOTECH_s05,27,75,29.5,0.4124698340892792,-0.6152787669369978
TOKYOTECH_s05,27,76,29.533333333333335,0.26666706800460815,-0.7612957323173392
TOKYOTECH_s05,27,77,29.566666666666666,0.2710035741329193,-0.8935658218368226
TOKYOTECH_s05,27,78,29.6,0.4116417169570923,-1.0125891888407335
TOKYOTECH_s05,27,79,29.633333333333333,0.41749200224876404,-1.1092962489618263
TOKYOTECH_s05,27,80,29.666666666666668,0.30659496784210205,-1.1610477026324495
TOKYOTECH_s05,27,81,29.7,-0.012169419787824154,-1.1349437890627532
TOKYOTECH_s05,27,82,29.733333333333334,-0.3224834203720093,-1.000201449109168
TOKYOTECH_s05,27,83,29.766666666666666,-0.589583694934845,-0.7444924959593195
TOKYOTECH_s05,27,84,29.8,-0.8081276416778564,-0.3848753286606087
TOKYOTECH_s05,27,85,29.833333333333332,-0.9593176245689392,0.03375258023554238
TOKYOTECH_s05,27,86,29.866666666666667,-1.0141161680221558,0.4517472752387131
TOKYOTECH_s05,27,87,29.9,-1.085494875907898,0.8116658127458287
TOKYOTECH_s05,27,88,29.933333333333334,-1.1016565561294556,1.0715219117274084
TOKYOTECH_s05,27,89,29.966666666666665,-1.071648359298706,1.2113087058998098
TOKYOTECH_s05,27,90,30.0,-1.0517021417617798,1.2333384466942048
TOKYOTECH_s05,27,91,30.033333333333335,-1.1253159046173096,1.1580206676267335
TOKYOTECH_s05,27,92,30.066666666666666,-1.2114405632019043,1.0163882292484354
TOKYOTECH_s05,27,93,30.1,-1.3306187391281128,0.8407352054004879
TOKYOTECH_s05,27,94,30.133333333333333,-1.115476369857788,0.6558719051707886
TOKYOTECH_s05,27,95,30.166666666666668,0.3128281533718109,0.474289946907564
TOKYOTECH_s05,27,96,30.2,1.9239516258239746,0.2972771188432051
TOKYOTECH_s05,27,97,30.233333333333334,2.2146668434143066,0.12088830198521963
TOKYOTECH_s05,27,98,30.266666666666666,1.7690128087997437,-0.05744963547649982
TOKYOTECH_s05,27,99,30.3,1.3863139152526855,-0.2362669956453787
TOKYOTECH_s05,27,100,30.333333333333332,0.9967406392097473,-0.4124113500641067
TOKYOTECH_s05,27,101,30.366666666666667,0.5584061741828918,-0.5849719987898997
TOKYOTECH_s05,27,102,30.4,0.25894683599472046,-0.7554944964735937
TOKYOTECH_s05,27,103,30.433333333333334,0.18914420902729034,-0.9220173181364026
TOKYOTECH_s05,27,104,30.466666666666665,0.4164234697818756,-1.0703624217582488
TOKYOTECH_s05,27,105,30.5,0.5560554265975952,-1.1701083266756718
TOKYOTECH_s05,27,106,30.533333333333335,0.5048187375068665,-1.1808077992871546
TOKYOTECH_s05,27,107,30.566666666666666,0.1947629749774933,-1.0675311348141368
TOKYOTECH_s05,27,108,30.6,-0.15506042540073395,-0.8182773226358572
TOKYOTECH_s05,27,109,30.633333333333333,-0.40108370780944824,-0.45390867473166724
TOKYOTECH_s05,27,110,30.666666666666668,-0.6597692370414734,-0.02557483968359058
TOKYOTECH_s05,27,111,30.7,-0.7617528438568115,0.39867453946890546
TOKYOTECH_s05,27,112,30.733333333333334,-0.8963091969490051,0.7520995939234514
TOKYOTECH_s05,27,113,30.766666666666666,-0.9396297335624695,0.9858940272307202
TOKYOTECH_s05,27,114,30.8,-0.8997552394866943,1.0799178651896912
TOKYOTECH_s05,27,115,30.833333333333332,-0.9356315732002258,1.045447689810849
TOKYOTECH_s05,27,116,30.866666666666667,-0.9052849411964417,0.919025522993274
TOKYOTECH_s05,27,117,30.9,-0.986894965171814,0.7483531122664719
TOKYOTECH_s05,27,118,30.933333333333334,-1.084693431854248,0.5748706795290068
TOKYOTECH_s05,27,119,30.966666666666665,-1.0512034893035889,0.42046844027959235
TOKYOTECH_s05,27,120,31.0,0.015639429911971092,0.2845209264349262
TOKYOTECH_s05,27,121,31.033333333333335,1.438218355178833,0.15218353636718718
TOKYOTECH_s05,27,122,31.066666666666666,1.8576395511627197,0.008532583257269086
TOKYOTECH_s05,27,123,31.1,1.587493896484375,-0.15013938647078098
TOKYOTECH_s05,27,124,31.133333333333333,1.18352210521698,-0.31418290878541527
TOKYOTECH_s05,27,125,31.166666666666668,0.6967470049858093,-0.4673903982767853
TOKYOTECH_s05,27,126,31.2,0.13865552842617035,-0.596242251045977
TOKYOTECH_s05,27,127,31.233333333333334,-0.22443562746047974,-0.6941236646406344
TOKYOTECH_s05,27,128,31.266666666666666,-0.08624621480703354,-0.7585367606606982
TOKYOTECH_s05,27,129,31.3,0.3144042491912842,-0.7856270996919895
TOKYOTECH_s05,27,130,31.333333333333332,0.47827431559562683,-0.7674980294946186
TOKYOTECH_s05,27,131,31.366666666666667,0.3389362394809723,-0.6943069631985653
TOKYOTECH_s05,27,132,31.4,0.12238694727420807,-0.5590768678373892
TOKYOTECH_s05,27,133,31.433333333333334,-0.21150624752044678,-0.36183978129687355
TOKYOTECH_s05,27,134,31.466666666666665,-0.571854829788208,-0.11169419619847439
TOKYOTECH_s05,27,135,31.5,-0.7338104248046875,0.1725234378126142
TOKYOTECH_s05,27,136,31.533333333333335,-0.8654193878173828,0.4627053274953292
TOKYOTECH_s05,27,137,31.566666666666666,-0.9955590963363647,0.7243410987253097
TOKYOTECH_s05,27,138,31.6,-1.0347390174865723,0.922894745944499
TOKYOTECH_s05,27,139,31.633333333333333,-1.0262441635131836,1.0325747236270344
TOKYOTECH_s05,27,140,31.666666666666668,-0.9897711277008057,1.0437615594089829
TOKYOTECH_s05,27,141,31.7,-1.032495141029358,0.9649048171643989
TOKYOTECH_s05,27,142,31.733333333333334,-0.9908307790756226,0.81757550444626
TOKYOTECH_s05,27,143,31.766666666666666,-0.6629570722579956,0.6275038113383592
TOKYOTECH_s05,27,144,31.8,0.7956228852272034,0.41667407956028263
TOKYOTECH_s05,27,145,31.833333333333332,1.9887498617172241,0.20015949381689946
TOKYOTECH_s05,27,146,31.866666666666667,2.0182595252990723,-0.012697689923236933
TOKYOTECH_s05,27,147,31.9,1.6076626777648926,-0.21608789023800917
TOKYOTECH_s05,27,148,31.933333333333334,1.1640478372573853,-0.4068793665887489
TOKYOTECH_s05,27,149,31.966666666666665,0.8337610363960266,-0.5844313274104411
TOKYOTECH_s05,27,150,32.0,0.43544355034828186,-0.7487768872620502
TOKYOTECH_s05,27,151,32.03333333333333,0.11434615403413773,-0.8962290192138488
TOKYOTECH_s05,27,152,32.06666666666667,0.21372072398662567,-1.0147396011915941
TOKYOTECH_s05,27,153,32.1,0.4949881434440613,-1.0832725990297474
TOKYOTECH_s05,27,154,32.13333333333333,0.5311583280563354,-1.0776136486573185
TOKYOTECH_s05,27,155,32.166666666666664,0.44270074367523193,-0.9806257098136655
TOKYOTECH_s05,27,156,32.2,0.15628649294376373,-0.7912748008844038
TOKYOTECH_s05,27,157,32.233333333333334,-0.19158680737018585,-0.5268416979729251
TOKYOTECH_s05,27,158,32.266666666666666,-0.49990618228912354,-0.2171331885649182
TOKYOTECH_s05,27,159,32.3,-0.7684312462806702,0.10513505639344461
TOKYOTECH_s05,27,160,32.333333333333336,-0.8558470010757446,0.4115083514730853
TOKYOTECH_s05,27,161,32.36666666666667,-0.9341089129447937,0.679117865918813
TOKYOTECH_s05,27,162,32.4,-0.9288463592529297,0.8885212125008267
TOKYOTECH_s05,27,163,32.43333333333333,-0.8844928741455078,1.02327837407287
TOKYOTECH_s05,27,164,32.46666666666667,-0.935498058795929,1.0731986335176322
TOKYOTECH_s05,27,165,32.5,-1.018176555633545,1.0382403206519566
TOKYOTECH_s05,27,166,32.53333333333333,-0.9638233184814453,0.9291120435061786
TOKYOTECH_s05,27,167,32.56666666666667,-0.4449385106563568,0.7636557809735801
TOKYOTECH_s05,27,168,32.6,1.1396939754486084,0.561636425101387
TOKYOTECH_s05,27,169,32.63333333333333,2.1661994457244873,0.3414943007848914
TOKYOTECH_s05,27,170,32.666666666666664,2.1472506523132324,0.12014317659075568
TOKYOTECH_s05,27,171,32.7,1.800321102142334,-0.08639699067089807
TOKYOTECH_s05,27,172,32.733333333333334,1.4237574338912964,-0.2645851948516609
TOKYOTECH_s05,27,173,32.766666666666666,1.0725092887878418,-0.40761959527254127
TOKYOTECH_s05,27,174,32.8,0.8218556642532349,-0.5187589275554192
TOKYOTECH_s05,27,175,32.833333333333336,0.5971497893333435,-0.608921225980731
TOKYOTECH_s05,27,176,32.86666666666667,0.4962792992591858,-0.6878404963636782
TOKYOTECH_s05,27,177,32.9,0.6703895926475525,-0.7539608506896442
TOKYOTECH_s05,27,178,32.93333333333333,0.7113771438598633,-0.7906348857760968
TOKYOTECH_s05,27,179,32.96666666666667,0.529929518699646,-0.7724050200794135
TOKYOTECH_s05,27,180,33.0,0.31162604689598083,-0.6773857805769933
TOKYOTECH_s05,27,181,33.03333333333333,-0.028322238475084305,-0.49737590617215977
TOKYOTECH_s05,27,182,33.06666666666667,-0.32542189955711365,-0.24090324841058305
TOKYOTECH_s05,27,183,33.1,-0.5841875672340393,0.06901928939480695
TOKYOTECH_s05,27,184,33.13333333333333,-0.6758597493171692,0.3982005906945988
TOKYOTECH_s05,27,185,33.166666666666664,-0.6989491581916809,0.7041852153775217
TOKYOTECH_s05,27,186,33.2,-0.7937023043632507,0.9414927760897035
TOKYOTECH_s05,27,187,33.233333333333334,-0.7743883728981018,1.0719344821343761
TOKYOTECH_s05,27,188,33.266666666666666,-0.7599273920059204,1.077107367818499
TOKYOTECH_s05,27,189,33.3,-0.8515372276306152,0.9653360111660247
TOKYOTECH_s05,27,190,33.333333333333336,-0.9501904845237732,0.7676204933717077
TOKYOTECH_s05,27,191,33.36666666666667,-0.8931658864021301,0.5244069857781305
TOKYOTECH_s05,27,192,33.4,0.02704613469541073,0.27092369452311804
TOKYOTECH_s05,27,193,33.43333333333333,1.528893232345581,0.028934621992349422
TOKYOTECH_s05,27,194,33.46666666666667,2.0468251705169678,-0.1929212781820035
TOKYOTECH_s05,27,195,33.5,1.914975881576538,-0.394049412613543
TOKYOTECH_s05,27,196,33.53333333333333,1.656450629234314,-0.5770766029086566
TOKYOTECH_s05,27,197,33.56666666666667,1.3174105882644653,-0.7452225340735849
TOKYOTECH_s05,27,198,33.6,0.9635445475578308,-0.9003726664365497
TOKYOTECH_s05,27,199,33.63333333333333,0.7013150453567505,-1.0397735543590902
TOKYOTECH_s05,27,200,33.666666666666664,0.5986635684967041,-1.151995965183038
TOKYOTECH_s05,27,201,33.7,0.6268998384475708,-1.2156229327435966
TOKYOTECH_s05,27,202,33.733333333333334,0.7602006793022156,-1.203671583644988
TOKYOTECH_s05,27,203,33.766666666666666,0.6900774836540222,-1.0932045617362296
TOKYOTECH_s05,27,204,33.8,0.3739221394062042,-0.8756315442527403
TOKYOTECH_s05,27,205,33.833333333333336,0.11185288429260254,-0.5621203746742139
TOKYOTECH_s05,27,206,33.86666666666667,-0.18308298289775848,-0.1816267096515109
TOKYOTECH_s05,27,207,33.9,-0.3871481120586395,0.2261968914581633
TOKYOTECH_s05,27,208,33.93333333333333,-0.5225593447685242,0.6184103266014701
TOKYOTECH_s05,27,209,33.96666666666667,-0.6751117706298828,0.9536419753396704
TOKYOTECH_s05,27,210,34.0,-0.6918700933456421,1.196285842752752
TOKYOTECH_s05,27,211,34.03333333333333,-0.6530107259750366,1.323303597629823
TOKYOTECH_s05,27,212,34.06666666666667,-0.6924132704734802,1.331891667730786
TOKYOTECH_s05,27,213,34.1,-0.7363482117652893,1.2416619130189481
TOKYOTECH_s05,27,214,34.13333333333333,-0.841181218624115,1.0875764704845494
TOKYOTECH_s05,27,215,34.166666666666664,-0.9502350091934204,0.9067631050307221
TOKYOTECH_s05,27,216,34.2,-0.5824511647224426,0.7267247697836923
TOKYOTECH_s05,27,217,34.233333333333334,0.6454302072525024,0.5611107716467056
TOKYOTECH_s05,27,218,34.266666666666666,1.6892192363739014,0.4133623360562801
TOKYOTECH_s05,27,219,34.3,1.8850833177566528,0.2830340266065561
TOKYOTECH_s05,27,220,34.333333333333336,1.6221504211425781,0.1688636182019502
TOKYOTECH_s05,27,221,34.36666666666667,1.2102712392807007,0.06689116767124569
TOKYOTECH_s05,27,222,34.4,0.8474472761154175,-0.032486733135854234
TOKYOTECH_s05,27,223,34.43333333333333,0.5486379265785217,-0.143119628220265
TOKYOTECH_s05,27,224,34.46666666666667,0.3159714341163635,-0.27650056808246914
TOKYOTECH_s05,27,225,34.5,0.372666597366333,-0.43443612986259356
TOKYOTECH_s05,27,226,34.53333333333333,0.6003910899162292,-0.6058693458338267
TOKYOTECH_s05,27,227,34.56666666666667,0.5363941788673401,-0.768985555458437
TOKYOTECH_s05,27,228,34.6,0.2946094870567322,-0.8960604063821587
TOKYOTECH_s05,27,229,34.63333333333333,0.07824718952178955,-0.9581490615867063
TOKYOTECH_s05,27,230,34.666666666666664,-0.1595126986503601,-0.9296929026085089
TOKYOTECH_s05,27,231,34.7,-0.42724522948265076,-0.7953991460257628
TOKYOTECH_s05,27,232,34.733333333333334,-0.55303955078125,-0.5598287184003442
TOKYOTECH_s05,27,233,34.766666666666666,-0.7332227230072021,-0.25542561110264983
TOKYOTECH_s05,27,234,34.8,-0.7561162710189819,0.058329854712393686
TOKYOTECH_s05,27,235,34.833333333333336,-0.7808708548545837,0.3091253528004019
TOKYOTECH_s05,27,236,34.86666666666667,-0.7625186443328857,0.43538553628105714
TOKYOTECH_s05,27,237,34.9,-0.8580553531646729,0.40838045756716934
TOKYOTECH_s05,27,238,34.93333333333333,-0.8713231086730957,0.24306613515061984
TOKYOTECH_s05,27,239,34.96666666666667,-0.9755595326423645,-0.00587225355987101
TOKYOTECH_s05,28,0,28.0,0.005488264840096235,0.11088385725672474
TOKYOTECH_s05,28,1,28.033333333333335,-0.2827781140804291,-1.4084852377961539
TOKYOTECH_s05,28,2,28.066666666666666,-0.503717303276062,-2.6464772433327983
TOKYOTECH_s05,28,3,28.1,-0.7333295941352844,-3.398846116475764
TOKYOTECH_s05,28,4,28.133333333333333,-0.9107701778411865,-3.5943527180019115
TOKYOTECH_s05,28,5,28.166666666666668,-0.9712496995925903,-3.3017051072320154
TOKYOTECH_s05,28,6,28.2,-0.9509384632110596,-2.687817994724063
TOKYOTECH_s05,28,7,28.233333333333334,-0.9240913391113281,-1.9493692254043375
TOKYOTECH_s05,28,8,28.266666666666666,-0.9629685282707214,-1.249670880129041
TOKYOTECH_s05,28,9,28.3,-1.0085597038269043,-0.6846230358209345
TOKYOTECH_s05,28,10,28.333333333333332,-1.09853994846344,-0.2828877644949266
TOKYOTECH_s05,28,11,28.366666666666667,-1.1944862604141235,-0.02847877051545486
TOKYOTECH_s05,28,12,28.4,-0.8510563969612122,0.11224039859735614
TOKYOTECH_s05,28,13,28.433333333333334,0.5026103854179382,0.1723059112861244
TOKYOTECH_s05,28,14,28.466666666666665,1.6293987035751343,0.1777709781755028
TOKYOTECH_s05,28,15,28.5,1.75108802318573,0.148522002341507
TOKYOTECH_s05,28,16,28.533333333333335,1.4376662969589233,0.10040827304659687
TOKYOTECH_s05,28,17,28.566666666666666,0.9321382641792297,0.04613296960312506
TOKYOTECH_s05,28,18,28.6,0.5352989435195923,-0.004437137153087665
TOKYOTECH_s05,28,19,28.633333333333333,0.16193196177482605,-0.043510741892462776
TOKYOTECH_s05,28,20,28.666666666666668,-0.07928287237882614,-0.06509230836164905
TOKYOTECH_s05,28,21,28.7,-0.006799987982958555,-0.0668808334974482
TOKYOTECH_s05,28,22,28.733333333333334,0.24929432570934296,-0.05337292791402419
TOKYOTECH_s05,28,23,28.766666666666666,0.2847699820995331,-0.03594485180880228
TOKYOTECH_s05,28,24,28.8,0.18468303978443146,-0.026149550135724443
TOKYOTECH_s05,28,25,28.833333333333332,-0.059915512800216675,-0.024006276498272295
TOKYOTECH_s05,28,26,28.866666666666667,-0.39843904972076416,-0.01018997150193297
TOKYOTECH_s05,28,27,28.9,-0.7471939325332642,0.04850445805948347
TOKYOTECH_s05,28,28,28.933333333333334,-0.9052404165267944,0.18082035641173114
TOKYOTECH_s05,28,29,28.966666666666665,-1.0472676753997803,0.39145977085052364
TOKYOTECH_s05,28,30,29.0,-1.1576215028762817,0.6539076264268806
TOKYOTECH_s05,28,31,29.033333333333335,-1.1577818393707275,0.9207020739453361
TOKYOTECH_s05,28,32,29.066666666666666,-1.144798994064331,1.1436442026587104
TOKYOTECH_s05,28,33,29.1,-1.141833782196045,1.2901708578824422
TOKYOTECH_s05,28,34,29.133333333333333,-1.0939275026321411,1.3473923185062107
TOKYOTECH_s05,28,35,29.166666666666668,-1.1720468997955322,1.3158347498598872
TOKYOTECH_s05,28,36,29.2,-1.3095417022705078,1.2011948767862473
TOKYOTECH_s05,28,37,29.233333333333334,-1.3621586561203003,1.0110856880621988
TOKYOTECH_s05,28,38,29.266666666666666,-0.6533045172691345,0.7574209375628254
TOKYOTECH_s05,28,39,29.3,1.1498451232910156,0.45966107043373855
TOKYOTECH_s05,28,40,29.333333333333332,2.0789082050323486,0.1440601631560697
TOKYOTECH_s05,28,41,29.366666666666667,2.005704164505005,-0.1618198356075682
TOKYOTECH_s05,28,42,29.4,1.5703438520431519,-0.43588168745449163
TOKYOTECH_s05,28,43,29.433333333333334,1.1222856044769287,-0.6653627297497378
TOKYOTECH_s05,28,44,29.466666666666665,0.7981072664260864,-0.846726338029696
TOKYOTECH_s05,28,45,29.5,0.4124698340892792,-0.9836811470791711
TOKYOTECH_s05,28,46,29.533333333333335,0.26666706800460815,-1.0851951104117707
TOKYOTECH_s05,28,47,29.566666666666666,0.2710035741329193,-1.1628630978186156
TOKYOTECH_s05,28,48,29.6,0.4116417169570923,-1.2256148346225844
TOKYOTECH_s05,28,49,29.633333333333333,0.41749200224876404,-1.2718358124862839
TOKYOTECH_s05,28,50,29.666666666666668,0.30659496784210205,-1.28350873311951
TOKYOTECH_s05,28,51,29.7,-0.012169419787824154,-1.228784290944998
TOKYOTECH_s05,28,52,29.733333333333334,-0.3224834203720093,-1.0748897028181454
TOKYOTECH_s05,28,53,29.766666666666666,-0.589583694934845,-0.8057640138810509
TOKYOTECH_s05,28,54,29.8,-0.8081276416778564,-0.4344262066568646
TOKYOTECH_s05,28,55,29.833333333333332,-0.9593176245689392,-0.0026810456358096098
TOKYOTECH_s05,28,56,29.866666666666667,-1.0141161680221558,0.4309474946104128
TOKYOTECH_s05,28,57,29.9,-1.085494875907898,0.8075038168490122
TOKYOTECH_s05,28,58,29.933333333333334,-1.1016565561294556,1.0810664552695397
TOKYOTECH_s05,28,59,29.966666666666665,-1.071648359298706,1.2267988755433565
TOKYOTECH_s05,28,60,30.0,-1.0517021417617798,1.243745982796018
TOKYOTECH_s05,28,61,30.033333333333335,-1.1253159046173096,1.1527534586000325
TOKYOTECH_s05,28,62,30.066666666666666,-1.2114405632019043,0.989594441450021
TOKYOTECH_s05,28,63,30.1,-1.3306187391281128,0.794296898437739
TOKYOTECH_s05,28,64,30.133333333333333,-1.115476369857788,0.5998519167886887
TOKYOTECH_s05,28,65,30.166666666666668,0.3128281533718109,0.42481762730022843
TOKYOTECH_s05,28,66,30.2,1.9239516258239746,0.27283509991174
TOKYOTECH_s05,28,67,30.233333333333334,2.2146668434143066,0.13829235994680492
TOKYOTECH_s05,28,68,30.266666666666666,1.7690128087997437,0.013724790600286
TOKYOTECH_s05,28,69,30.3,1.3863139152526855,-0.10610375703983199
TOKYOTECH_s05,28,70,30.333333333333332,0.9967406392097473,-0.2251552523327126
TOKYOTECH_s05,28,71,30.366666666666667,0.5584061741828918,-0.3490885252526425
TOKYOTECH_s05,28,72,30.4,0.25894683599472046,-0.48498104690934357
TOKYOTECH_s05,28,73,30.433333333333334,0.18914420902729034,-0.6351449200076899
TOKYOTECH_s05,28,74,30.466666666666665,0.4164234697818756,-0.7885270555905769
TOKYOTECH_s05,28,75,30.5,0.5560554265975952,-0.9171145530669544
TOKYOTECH_s05,28,76,30.533333333333335,0.5048187375068665,-0.9821556385755554
TOKYOTECH_s05,28,77,30.566666666666666,0.1947629749774933,-0.9483016247527015
TOKYOTECH_s05,28,78,30.6,-0.15506042540073395,-0.7984562233142646
TOKYOTECH_s05,28,79,30.633333333333333,-0.40108370780944824,-0.541791527262762
TOKYOTECH_s05,28,80,30.666666666666668,-0.6597692370414734,-0.21197696238067978
TOKYOTECH_s05,28,81,30.7,-0.7617528438568115,0.1420005182071524
TOKYOTECH_s05,28,82,30.733333333333334,-0.8963091969490051,0.46795781366269085
TOKYOTECH_s05,28,83,30.766666666666666,-0.9396297335624695,0.7219879389880646
TOKYOTECH_s05,28,84,30.8,-0.8997552394866943,0.8771792215079663
TOKYOTECH_s05,28,85,30.833333333333332,-0.9356315732002258,0.9281044020716432
TOKYOTECH_s05,28,86,30.866666666666667,-0.9052849411964417,0.8895362460169373
TOKYOTECH_s05,28,87,30.9,-0.986894965171814,0.7888504201028957
TOKYOTECH_s05,28,88,30.933333333333334,-1.084693431854248,0.6545235458920805
TOKYOTECH_s05,28,89,30.966666666666665,-1.0512034893035889,0.5058713147171032
TOKYOTECH_s05,28,90,31.0,0.015639429911971092,0.3490329005467866
TOKYOTECH_s05,28,91,31.033333333333335,1.438218355178833,0.1808342668784766
TOKYOTECH_s05,28,92,31.066666666666666,1.8576395511627197,-0.002558317501921096
TOKYOTECH_s05,28,93,31.1,1.587493896484375,-0.19811117261312164
TOKYOTECH_s05,28,94,31.133333333333333,1.18352210521698,-0.39415602939112554
TOKYOTECH_s05,28,95,31.166666666666668,0.6967470049858093,-0.5744710141503924
TOKYOTECH_s05,28,96,31.2,0.13865552842617035,-0.7237624805670826
TOKYOTECH_s05,28,97,31.233333333333334,-0.22443562746047974,-0.8296990130236218
TOKYOTECH_s05,28,98,31.266666666666666,-0.08624621480703354,-0.8812469585414102
TOKYOTECH_s05,28,99,31.3,0.3144042491912842,-0.8674304456422504
TOKYOTECH_s05,28,100,31.333333333333332,0.47827431559562683,-0.7798403756436492
TOKYOTECH_s05,28,101,31.366666666666667,0.3389362394809723,-0.6178153890687493
TOKYOTECH_s05,28,102,31.4,0.12238694727420807,-0.3919314262539524
TOKYOTECH_s05,28,103,31.433333333333334,-0.21150624752044678,-0.12248077306630582
TOKYOTECH_s05,28,104,31.466666666666665,-0.571854829788208,0.16565604538133266
TOKYOTECH_s05,28,105,31.5,-0.7338104248046875,0.4472431390460786
TOKYOTECH_s05,28,106,31.533333333333335,-0.8654193878173828,0.6977888325378759
TOKYOTECH_s05,28,107,31.566666666666666,-0.9955590963363647,0.8935229978631414
TOKYOTECH_s05,28,108,31.6,-1.0347390174865723,1.0134641265874311
TOKYOTECH_s05,28,109,31.633333333333333,-1.0262441635131836,1.0443791300670453
TOKYOTECH_s05,28,110,31.666666666666668,-0.9897711277008057,0.9859923655476677
TOKYOTECH_s05,28,111,31.7,-1.032495141029358,0.8524098770329334
TOKYOTECH_s05,28,112,31.733333333333334,-0.9908307790756226,0.6678388481773976
TOKYOTECH_s05,28,113,31.766666666666666,-0.6629570722579956,0.45858604024832184
TOKYOTECH_s05,28,114,31.8,0.7956228852272034,0.24588875915647565
TOKYOTECH_s05,28,115,31.833333333333332,1.9887498617172241,0.04314327709301379
TOKYOTECH_s05,28,116,31.866666666666667,2.0182595252990723,-0.14290890996975514
TOKYOTECH_s05,28,117,31.9,1.6076626777648926,-0.3103987400069651
TOKYOTECH_s05,28,118,31.933333333333334,1.1640478372573853,-0.46202657525109964
TOKYOTECH_s05,28,119,31.966666666666665,0.8337610363960266,-0.6047907811518106
TOKYOTECH_s05,28,120,32.0,0.43544355034828186,-0.7465616093605676
TOKYOTECH_s05,28,121,32.03333333333333,0.11434615403413773,-0.8885368205049805
TOKYOTECH_s05,28,122,32.06666666666667,0.21372072398662567,-1.0175132163789373
TOKYOTECH_s05,28,123,32.1,0.4949881434440613,-1.1045279765936202
TOKYOTECH_s05,28,124,32.13333333333333,0.5311583280563354,-1.113237243238771
TOKYOTECH_s05,28,125,32.166666666666664,0.44270074367523193,-1.0148928274232771
TOKYOTECH_s05,28,126,32.2,0.15628649294376373,-0.8020600069557285
TOKYOTECH_s05,28,127,32.233333333333334,-0.19158680737018585,-0.49359637450065996
TOKYOTECH_s05,28,128,32.266666666666666,-0.49990618228912354,-0.12876885825436252
TOKYOTECH_s05,28,129,32.3,-0.7684312462806702,0.2451793625966674
TOKYOTECH_s05,28,130,32.333333333333336,-0.8558470010757446,0.584741192328124
TOKYOTECH_s05,28,131,32.36666666666667,-0.9341089129447937,0.8562244839571171
TOKYOTECH_s05,28,132,32.4,-0.9288463592529297,1.0369430294446647
TOKYOTECH_s05,28,133,32.43333333333333,-0.8844928741455078,1.115663703445269
TOKYOTECH_s05,28,134,32.46666666666667,-0.935498058795929,1.094263966985582
TOKYOTECH_s05,28,135,32.5,-1.018176555633545,0.9885049526480655
TOKYOTECH_s05,28,136,32.53333333333333,-0.9638233184814453,0.8249971340242066
TOKYOTECH_s05,28,137,32.56666666666667,-0.4449385106563568,0.63403551203931
TOKYOTECH_s05,28,138,32.6,1.1396939754486084,0.44121144763694187
TOKYOTECH_s05,28,139,32.63333333333333,2.1661994457244873,0.26186014929702267
TOKYOTECH_s05,28,140,32.666666666666664,2.1472506523132324,0.10048632386632422
TOKYOTECH_s05,28,141,32.7,1.800321102142334,-0.04599899606463799
TOKYOTECH_s05,28,142,32.733333333333334,1.4237574338912964,-0.18438597096782255
TOKYOTECH_s05,28,143,32.766666666666666,1.0725092887878418,-0.3227114970738493
TOKYOTECH_s05,28,144,32.8,0.8218556642532349,-0.4681066023880888
TOKYOTECH_s05,28,145,32.833333333333336,0.5971497893333435,-0.6224772424792916
TOKYOTECH_s05,28,146,32.86666666666667,0.4962792992591858,-0.776532841727069
TOKYOTECH_s05,28,147,32.9,0.6703895926475525,-0.9065871125208594
TOKYOTECH_s05,28,148,32.93333333333333,0.7113771438598633,-0.9787173243886581
TOKYOTECH_s05,28,149,32.96666666666667,0.529929518699646,-0.9604247642639576
TOKYOTECH_s05,28,150,33.0,0.31162604689598083,-0.8339650617793511
TOKYOTECH_s05,28,151,33.03333333333333,-0.028322238475084305,-0.6035400147539978
TOKYOTECH_s05,28,152,33.06666666666667,-0.32542189955711365,-0.2931906008762569
TOKYOTECH_s05,28,153,33.1,-0.5841875672340393,0.06102307193037131
TOKYOTECH_s05,28,154,33.13333333333333,-0.6758597493171692,0.4183236563654005
TOKYOTECH_s05,28,155,33.166666666666664,-0.6989491581916809,0.736956157573939
TOKYOTECH_s05,28,156,33.2,-0.7937023043632507,0.9771061917835795
TOKYOTECH_s05,28,157,33.233333333333334,-0.7743883728981018,1.1074235459218313
TOKYOTECH_s05,28,158,33.266666666666666,-0.7599273920059204,1.1142963146711573
TOKYOTECH_s05,28,159,33.3,-0.8515372276306152,1.0074300243955996
TOKYOTECH_s05,28,160,33.333333333333336,-0.9501904845237732,0.816496356286677
TOKYOTECH_s05,28,161,33.36666666666667,-0.8931658864021301,0.5799050540678021
TOKYOTECH_s05,28,162,33.4,0.02704613469541073,0.33209589567826076
TOKYOTECH_s05,28,163,33.43333333333333,1.528893232345581,0.09608295345406431
TOKYOTECH_s05,28,164,33.46666666666667,2.0468251705169678,-0.11670609137370201
TOKYOTECH_s05,28,165,33.5,1.914975881576538,-0.30245369821939466
TOKYOTECH_s05,28,166,33.53333333333333,1.656450629234314,-0.46124795271492314
TOKYOTECH_s05,28,167,33.56666666666667,1.3174105882644653,-0.5954394497410344
TOKYOTECH_s05,28,168,33.6,0.9635445475578308,-0.7084747845987002
TOKYOTECH_s05,28,169,33.63333333333333,0.7013150453567505,-0.8019405028238398
TOKYOTECH_s05,28,170,33.666666666666664,0.5986635684967041,-0.8714303343600482
TOKYOTECH_s05,28,171,33.7,0.6268998384475708,-0.9047425734212149
TOKYOTECH_s05,28,172,33.733333333333334,0.7602006793022156,-0.8851844942769667
TOKYOTECH_s05,28,173,33.766666666666666,0.6900774836540222,-0.7990441966531939
TOKYOTECH_s05,28,174,33.8,0.3739221394062042,-0.6428141741416677
TOKYOTECH_s05,28,175,33.833333333333336,0.11185288429260254,-0.42559187734785686
TOKYOTECH_s05,28,176,33.86666666666667,-0.18308298289775848,-0.1658170435316376
TOKYOTECH_s05,28,177,33.9,-0.3871481120586395,0.11417734508528589
TOKYOTECH_s05,28,178,33.93333333333333,-0.5225593447685242,0.3913442709697124
TOKYOTECH_s05,28,179,33.96666666666667,-0.6751117706298828,0.6417271988856936
TOKYOTECH_s05,28,180,34.0,-0.6918700933456421,0.8406598945996574
TOKYOTECH_s05,28,181,34.03333333333333,-0.6530107259750366,0.9675978614407953
TOKYOTECH_s05,28,182,34.06666666666667,-0.6924132704734802,1.0138382298513628
TOKYOTECH_s05,28,183,34.1,-0.7363482117652893,0.9862422454960943
TOKYOTECH_s05,28,184,34.13333333333333,-0.841181218624115,0.9026464391489484
TOKYOTECH_s05,28,185,34.166666666666664,-0.9502350091934204,0.7818031449421842
TOKYOTECH_s05,28,186,34.2,-0.5824511647224426,0.6352462305934967
TOKYOTECH_s05,28,187,34.233333333333334,0.6454302072525024,0.4668168211584675
TOKYOTECH_s05,28,188,34.266666666666666,1.6892192363739014,0.27902839972827276
TOKYOTECH_s05,28,189,34.3,1.8850833177566528,0.07969180906114982
TOKYOTECH_s05,28,190,34.333333333333336,1.6221504211425781,-0.11765276749892681
TOKYOTECH_s05,28,191,34.36666666666667,1.2102712392807007,-0.30018777315596157
TOKYOTECH_s05,28,192,34.4,0.8474472761154175,-0.46312240788799
TOKYOTECH_s05,28,193,34.43333333333333,0.5486379265785217,-0.6105829718165375
TOKYOTECH_s05,28,194,34.46666666666667,0.3159714341163635,-0.7490731773215777
TOKYOTECH_s05,28,195,34.5,0.372666597366333,-0.8793031642918354
TOKYOTECH_s05,28,196,34.53333333333333,0.6003910899162292,-0.992444811084183
TOKYOTECH_s05,28,197,34.56666666666667,0.5363941788673401,-1.0720057479242924
TOKYOTECH_s05,28,198,34.6,0.2946094870567322,-1.0981160410642503
TOKYOTECH_s05,28,199,34.63333333333333,0.07824718952178955,-1.050795729999429
TOKYOTECH_s05,28,200,34.666666666666664,-0.1595126986503601,-0.912440332678189
TOKYOTECH_s05,28,201,34.7,-0.42724522948265076,-0.6726317249626054
TOKYOTECH_s05,28,202,34.733333333333334,-0.55303955078125,-0.3364744833192933
TOKYOTECH_s05,28,203,34.766666666666666,-0.7332227230072021,0.06745854118580415
TOKYOTECH_s05,28,204,34.8,-0.7561162710189819,0.4869222725856135
TOKYOTECH_s05,28,205,34.833333333333336,-0.7808708548545837,0.8580799509962223
TOKYOTECH_s05,28,206,34.86666666666667,-0.7625186443328857,1.1256672076848968
TOKYOTECH_s05,28,207,34.9,-0.8580553531646729,1.260167102108268
TOKYOTECH_s05,28,208,34.93333333333333,-0.8713231086730957,1.2627977588966095
TOKYOTECH_s05,28,209,34.96666666666667,-0.9755595326423645,1.1575191358363146
TOKYOTECH_s05,28,210,35.0,-1.0196458101272583,0.977229531434558
TOKYOTECH_s05,28,211,35.03333333333333,-0.3547801375389099,0.7532551392064646
TOKYOTECH_s05,28,212,35.06666666666667,1.055964708328247,0.5121928446184634
TOKYOTECH_s05,28,213,35.1,1.8596253395080566,0.27730507876653654
TOKYOTECH_s05,28,214,35.13333333333333,1.798103928565979,0.06897663462797526
TOKYOTECH_s05,28,215,35.166666666666664,1.44584059715271,-0.09845228632922462
TOKYOTECH_s05,28,216,35.2,1.0590189695358276,-0.22089894809912453
TOKYOTECH_s05,28,217,35.233333333333334,0.7896301746368408,-0.30485063948297364
TOKYOTECH_s05,28,218,35.266666666666666,0.5262697339057922,-0.3621245238396959
TOKYOTECH_s05,28,219,35.3,0.3043866455554962,-0.40271128430831793
TOKYOTECH_s05,28,220,35.333333333333336,0.3677690923213959,-0.43117100079810394
TOKYOTECH_s05,28,221,35.36666666666667,0.5546573996543884,-0.4485707687172
TOKYOTECH_s05,28,222,35.4,0.4279637336730957,-0.456043006783648
TOKYOTECH_s05,28,223,35.43333333333333,0.246587336063385,-0.45451197961506745
TOKYOTECH_s05,28,224,35.46666666666667,0.008311000652611256,-0.44087269036334803
TOKYOTECH_s05,28,225,35.5,-0.3554123640060425,-0.40663540101943596
TOKYOTECH_s05,28,226,35.53333333333333,-0.5368956327438354,-0.34324753686793114
TOKYOTECH_s05,28,227,35.56666666666667,-0.6861355304718018,-0.25125228711654046
TOKYOTECH_s05,28,228,35.6,-0.7932214140892029,-0.1452963259157208
TOKYOTECH_s05,28,229,35.63333333333333,-0.8476726412773132,-0.04883933054053536
TOKYOTECH_s05,28,230,35.666666666666664,-0.8717861175537109,0.019224948847443316
TOKYOTECH_s05,28,231,35.7,-0.8827119469642639,0.056264567076483904
TOKYOTECH_s05,28,232,35.733333333333334,-0.8713052868843079,0.07652452646521465
TOKYOTECH_s05,28,233,35.766666666666666,-0.9176622629165649,0.09952621277433568
TOKYOTECH_s05,28,234,35.8,-1.0287017822265625,0.13508834357459124
TOKYOTECH_s05,28,235,35.833333333333336,-1.2239158153533936,0.17662586144993153
TOKYOTECH_s05,28,236,35.86666666666667,-1.286933183670044,0.2067357187473722
TOKYOTECH_s05,28,237,35.9,-0.9582580327987671,0.20926667111818859
TOKYOTECH_s05,28,238,35.93333333333333,0.39565810561180115,0.1793195545127707
TOKYOTECH_s05,28,239,35.96666666666667,1.6441534757614136,0.12614300526773334
TOKYOTECH_s05,29,0,29.0,-1.1576215028762817,0.12435485227001819
TOKYOTECH_s05,29,1,29.033333333333335,-1.1577818393707275,-1.0575476937200072
TOKYOTECH_s05,29,2,29.066666666666666,-1.144798994064331,-2.03526500722101
TOKYOTECH_s05,29,3,29.1,-1.141833782196045,-2.6564672509493987
TOKYOTECH_s05,29,4,29.133333333333333,-1.0939275026321411,-2.86131862147444
TOKYOTECH_s05,29,5,29.166666666666668,-1.1720468997955322,-2.692729394638727
TOKYOTECH_s05,29,6,29.2,-1.3095417022705078,-2.2728116535831626
TOKYOTECH_s05,29,7,29.233333333333334,-1.3621586561203003,-1.755636274709179
TOKYOTECH_s05,29,8,29.266666666666666,-0.6533045172691345,-1.2768070650030219
TOKYOTECH_s05,29,9,29.3,1.1498451232910156,-0.9196213499790366
TOKYOTECH_s05,29,10,29.333333333333332,2.0789082050323486,-0.7069852548409284
TOKYOTECH_s05,29,11,29.366666666666667,2.005704164505005,-0.6151698327917658
TOKYOTECH_s05,29,12,29.4,1.5703438520431519,-0.5976619803837249
TOKYOTECH_s05,29,13,29.433333333333334,1.1222856044769287,-0.6072795991851464
TOKYOTECH_s05,29,14,29.466666666666665,0.7981072664260864,-0.6100905473434967
TOKYOTECH_s05,29,15,29.5,0.4124698340892792,-0.5905475006347103
TOKYOTECH_s05,29,16,29.533333333333335,0.26666706800460815,-0.5498405979278917
TOKYOTECH_s05,29,17,29.566666666666666,0.2710035741329193,-0.4992815555645015
TOKYOTECH_s05,29,18,29.6,0.4116417169570923,-0.4502054703634699
TOKYOTECH_s05,29,19,29.633333333333333,0.41749200224876404,-0.403187271862134
TOKYOTECH_s05,29,20,29.666666666666668,0.30659496784210205,-0.341719754460736
TOKYOTECH_s05,29,21,29.7,-0.012169419787824154,-0.23549591451707033
TOKYOTECH_s05,29,22,29.733333333333334,-0.3224834203720093,-0.05383160793796857
TOKYOTECH_s05,29,23,29.766666666666666,-0.589583694934845,0.2169490101418048
TOKYOTECH_s05,29,24,29.8,-0.8081276416778564,0.5622335743273952
TOKYOTECH_s05,29,25,29.833333333333332,-0.9593176245689392,0.9411013429387638
TOKYOTECH_s05,29,26,29.866666666666667,-1.0141161680221558,1.2998548521106907
TOKYOTECH_s05,29,27,29.9,-1.085494875907898,1.5883548040081084
TOKYOTECH_s05,29,28,29.933333333333334,-1.1016565561294556,1.7713669957026255
TOKYOTECH_s05,29,29,29.966666666666665,-1.071648359298706,1.8328123121521511
TOKYOTECH_s05,29,30,30.0,-1.0517021417617798,1.7748798494997655
TOKYOTECH_s05,29,31,30.033333333333335,-1.1253159046173096,1.6145020973118958
TOKYOTECH_s05,29,32,30.066666666666666,-1.2114405632019043,1.3782541903352583
TOKYOTECH_s05,29,33,30.1,-1.3306187391281128,1.0959332386817475
TOKYOTECH_s05,29,34,30.133333333333333,-1.115476369857788,0.7941602302936527
TOKYOTECH_s05,29,35,30.166666666666668,0.3128281533718109,0.4924980732905458
TOKYOTECH_s05,29,36,30.2,1.9239516258239746,0.20362581567684226
TOKYOTECH_s05,29,37,30.233333333333334,2.2146668434143066,-0.06352978653147619
TOKYOTECH_s05,29,38,30.266666666666666,1.7690128087997437,-0.30104971355923715
TOKYOTECH_s05,29,39,30.3,1.3863139152526855,-0.5027504008908292
TOKYOTECH_s05,29,40,30.333333333333332,0.9967406392097473,-0.6682697791429585
TOKYOTECH_s05,29,41,30.366666666666667,0.5584061741828918,-0.8065914162394058
TOKYOTECH_s05,29,42,30.4,0.25894683599472046,-0.9339160360003487
TOKYOTECH_s05,29,43,30.433333333333334,0.18914420902729034,-1.0641287262111008
TOKYOTECH_s05,29,44,30.466666666666665,0.4164234697818756,-1.1964745205017826
TOKYOTECH_s05,29,45,30.5,0.5560554265975952,-1.3089070596428436
TOKYOTECH_s05,29,46,30.533333333333335,0.5048187375068665,-1.362800554631793
TOKYOTECH_s05,29,47,30.566666666666666,0.1947629749774933,-1.31762675838184
TOKYOTECH_s05,29,48,30.6,-0.15506042540073395,-1.1481797096189927
TOKYOTECH_s05,29,49,30.633333333333333,-0.40108370780944824,-0.8559225779712825
TOKYOTECH_s05,29,50,30.666666666666668,-0.6597692370414734,-0.4703509594952948
TOKYOTECH_s05,29,51,30.7,-0.7617528438568115,-0.041799038687725006
TOKYOTECH_s05,29,52,30.733333333333334,-0.8963091969490051,0.3703312067683339
TOKYOTECH_s05,29,53,30.766666666666666,-0.9396297335624695,0.7103717918694116
TOKYOTECH_s05,29,54,30.8,-0.8997552394866943,0.9378606293138008
TOKYOTECH_s05,29,55,30.833333333333332,-0.9356315732002258,1.0355731290942858
TOKYOTECH_s05,29,56,30.866666666666667,-0.9052849411964417,1.0114513151606508
TOKYOTECH_s05,29,57,30.9,-0.986894965171814,0.8927504711833024
TOKYOTECH_s05,29,58,30.933333333333334,-1.084693431854248,0.7144444140765024
TOKYOTECH_s05,29,59,30.966666666666665,-1.0512034893035889,0.5075572598001031
TOKYOTECH_s05,29,60,31.0,0.015639429911971092,0.2931623163083928
TOKYOTECH_s05,29,61,31.033333333333335,1.438218355178833,0.08398454394370444
TOKYOTECH_s05,29,62,31.066666666666666,1.8576395511627197,-0.10968318284220464
TOKYOTECH_s05,29,63,31.1,1.587493896484375,-0.27585946170905157
TOKYOTECH_s05,29,64,31.133333333333333,1.18352210521698,-0.40266655264295653
TOKYOTECH_s05,29,65,31.166666666666668,0.6967470049858093,-0.48466979157650836
TOKYOTECH_s05,29,66,31.2,0.13865552842617035,-0.5275046294733768
TOKYOTECH_s05,29,67,31.233333333333334,-0.22443562746047974,-0.5450098283426718
TOKYOTECH_s05,29,68,31.266666666666666,-0.08624621480703354,-0.5496875485432519
TOKYOTECH_s05,29,69,31.3,0.3144042491912842,-0.5435777535204618
TOKYOTECH_s05,29,70,31.333333333333332,0.47827431559562683,-0.5162639159472688
TOKYOTECH_s05,29,71,31.366666666666667,0.3389362394809723,-0.4509006668744903
TOKYOTECH_s05,29,72,31.4,0.12238694727420807,-0.33332446965997253
TOKYOTECH_s05,29,73,31.433333333333334,-0.21150624752044678,-0.15831674695244416
TOKYOTECH_s05,29,74,31.466666666666665,-0.571854829788208,0.06852515425056445
TOKYOTECH_s05,29,75,31.5,-0.7338104248046875,0.3307826829677912
TOKYOTECH_s05,29,76,31.533333333333335,-0.8654193878173828,0.6015372829592126
TOKYOTECH_s05,29,77,31.566666666666666,-0.9955590963363647,0.845616643693738
TOKYOTECH_s05,29,78,31.6,-1.0347390174865723,1.02577769245945
TOKYOTECH_s05,29,79,31.633333333333333,-1.0262441635131836,1.112182552355683
TOKYOTECH_s05,29,80,31.666666666666668,-0.9897711277008057,1.0913997372186022
TOKYOTECH_s05,29,81,31.7,-1.032495141029358,0.9702906016114835
TOKYOTECH_s05,29,82,31.733333333333334,-0.9908307790756226,0.7726047335791687
TOKYOTECH_s05,29,83,31.766666666666666,-0.6629570722579956,0.5302165204510434
TOKYOTECH_s05,29,84,31.8,0.7956228852272034,0.2737639042196559
TOKYOTECH_s05,29,85,31.833333333333332,1.9887498617172241,0.02685697530870652
TOKYOTECH_s05,29,86,31.866666666666667,2.0182595252990723,-0.1955948717242154
TOKYOTECH_s05,29,87,31.9,1.6076626777648926,-0.38731140014743526
TOKYOTECH_s05,29,88,31.933333333333334,1.1640478372573853,-0.5504953385755488
TOKYOTECH_s05,29,89,31.966666666666665,0.8337610363960266,-0.694572514272173
TOKYOTECH_s05,29,90,32.0,0.43544355034828186,-0.8315115822296318
TOKYOTECH_s05,29,91,32.03333333333333,0.11434615403413773,-0.9673730518153688
TOKYOTECH_s05,29,92,32.06666666666667,0.21372072398662567,-1.093830829165702
TOKYOTECH_s05,29,93,32.1,0.4949881434440613,-1.1856547640878636
TOKYOTECH_s05,29,94,32.13333333333333,0.5311583280563354,-1.207580633490787
TOKYOTECH_s05,29,95,32.166666666666664,0.44270074367523193,-1.1282805554267563
TOKYOTECH_s05,29,96,32.2,0.15628649294376373,-0.9343790418267172
TOKYOTECH_s05,29,97,32.233333333333334,-0.19158680737018585,-0.6370477343714379
TOKYOTECH_s05,29,98,32.266666666666666,-0.49990618228912354,-0.2682863506262885
TOKYOTECH_s05,29,99,32.3,-0.7684312462806702,0.12969048498735317
TOKYOTECH_s05,29,100,32.333333333333336,-0.8558470010757446,0.5149926575603296
TOKYOTECH_s05,29,101,32.36666666666667,-0.9341089129447937,0.8514239839620843
TOKYOTECH_s05,29,102,32.4,-0.9288463592529297,1.1094557022094826
TOKYOTECH_s05,29,103,32.43333333333333,-0.8844928741455078,1.267288351565906
TOKYOTECH_s05,29,104,32.46666666666667,-0.935498058795929,1.3140416039380183
TOKYOTECH_s05,29,105,32.5,-1.018176555633545,1.252659076870703
TOKYOTECH_s05,29,106,32.53333333333333,-0.9638233184814453,1.0992970810805853
TOKYOTECH_s05,29,107,32.56666666666667,-0.4449385106563568,0.8786947393036776
TOKYOTECH_s05,29,108,32.6,1.1396939754486084,0.6180317272295077
TOKYOTECH_s05,29,109,32.63333333333333,2.1661994457244873,0.3424810133225858
TOKYOTECH_s05,29,110,32.666666666666664,2.1472506523132324,0.0735763642970225
TOKYOTECH_s05,29,111,32.7,1.800321102142334,-0.17117432075009834
TOKYOTECH_s05,29,112,32.733333333333334,1.4237574338912964,-0.37965974812695585
TOKYOTECH_s05,29,113,32.766666666666666,1.0725092887878418,-0.5477062304028579
TOKYOTECH_s05,29,114,32.8,0.8218556642532349,-0.6799422356389626
TOKYOTECH_s05,29,115,32.833333333333336,0.5971497893333435,-0.7856858788475204
TOKYOTECH_s05,29,116,32.86666666666667,0.4962792992591858,-0.8703410119392839
TOKYOTECH_s05,29,117,32.9,0.6703895926475525,-0.9275407871293847
TOKYOTECH_s05,29,118,32.93333333333333,0.7113771438598633,-0.9383722977059598
TOKYOTECH_s05,29,119,32.96666666666667,0.529929518699646,-0.879676897198532
TOKYOTECH_s05,29,120,33.0,0.31162604689598083,-0.7362821423392842
TOKYOTECH_s05,29,121,33.03333333333333,-0.028322238475084305,-0.5089366242647562
TOKYOTECH_s05,29,122,33.06666666666667,-0.32542189955711365,-0.2143756409372301
TOKYOTECH_s05,29,123,33.1,-0.5841875672340393,0.1192842083522701
TOKYOTECH_s05,29,124,33.13333333333333,-0.6758597493171692,0.45688177439435834
TOKYOTECH_s05,29,125,33.166666666666664,-0.6989491581916809,0.7589133418250458
TOKYOTECH_s05,29,126,33.2,-0.7937023043632507,0.9856271174037011
TOKYOTECH_s05,29,127,33.233333333333334,-0.7743883728981018,1.1055109142238795
TOKYOTECH_s05,29,128,33.266666666666666,-0.7599273920059204,1.1056909859443047
TOKYOTECH_s05,29,129,33.3,-0.8515372276306152,0.9971752003047286
TOKYOTECH_s05,29,130,33.333333333333336,-0.9501904845237732,0.8101207006374471
TOKYOTECH_s05,29,131,33.36666666666667,-0.8931658864021301,0.5812051132335736
TOKYOTECH_s05,29,132,33.4,0.02704613469541073,0.3406269944565607
TOKYOTECH_s05,29,133,33.43333333333333,1.528893232345581,0.10599514228201673
TOKYOTECH_s05,29,134,33.46666666666667,2.0468251705169678,-0.11545956403131938
TOKYOTECH_s05,29,135,33.5,1.914975881576538,-0.3208822584972461
TOKYOTECH_s05,29,136,33.53333333333333,1.656450629234314,-0.5074790281960464
TOKYOTECH_s05,29,137,33.56666666666667,1.3174105882644653,-0.6717502377083329
TOKYOTECH_s05,29,138,33.6,0.9635445475578308,-0.8099350569585195
TOKYOTECH_s05,29,139,33.63333333333333,0.7013150453567505,-0.916561162981791
TOKYOTECH_s05,29,140,33.666666666666664,0.5986635684967041,-0.9814778698560149
TOKYOTECH_s05,29,141,33.7,0.6268998384475708,-0.9892226387125379
TOKYOTECH_s05,29,142,33.733333333333334,0.7602006793022156,-0.9237210295088905
TOKYOTECH_s05,29,143,33.766666666666666,0.6900774836540222,-0.7768683267084772
TOKYOTECH_s05,29,144,33.8,0.3739221394062042,-0.5554383661241853
TOKYOTECH_s05,29,145,33.833333333333336,0.11185288429260254,-0.28106785953379304
TOKYOTECH_s05,29,146,33.86666666666667,-0.18308298289775848,0.01661293548968965
TOKYOTECH_s05,29,147,33.9,-0.3871481120586395,0.3083201559803375
TOKYOTECH_s05,29,148,33.93333333333333,-0.5225593447685242,0.5693973111735947
TOKYOTECH_s05,29,149,33.96666666666667,-0.6751117706298828,0.7792203177216318
TOKYOTECH_s05,29,150,34.0,-0.6918700933456421,0.9201017303001079
TOKYOTECH_s05,29,151,34.03333333333333,-0.6530107259750366,0.9803098956965716
TOKYOTECH_s05,29,152,34.06666666666667,-0.6924132704734802,0.9600096190424727
TOKYOTECH_s05,29,153,34.1,-0.7363482117652893,0.8739227539951724
TOKYOTECH_s05,29,154,34.13333333333333,-0.841181218624115,0.7465406875274799
TOKYOTECH_s05,29,155,34.166666666666664,-0.9502350091934204,0.6021029036204852
TOKYOTECH_s05,29,156,34.2,-0.5824511647224426,0.4558829309505427
TOKYOTECH_s05,29,157,34.233333333333334,0.6454302072525024,0.31220450158175794
TOKYOTECH_s05,29,158,34.266666666666666,1.6892192363739014,0.16902676342110587
TOKYOTECH_s05,29,159,34.3,1.8850833177566528,0.02387070271483209
TOKYOTECH_s05,29,160,34.333333333333336,1.6221504211425781,-0.12418595874544432
TOKYOTECH_s05,29,161,34.36666666666667,1.2102712392807007,-0.2769957761484923
TOKYOTECH_s05,29,162,34.4,0.8474472761154175,-0.43949395030559024
TOKYOTECH_s05,29,163,34.43333333333333,0.5486379265785217,-0.6162524748610696
TOKYOTECH_s05,29,164,34.46666666666667,0.3159714341163635,-0.8031427556254729
TOKYOTECH_s05,29,165,34.5,0.372666597366333,-0.9807506231048633
TOKYOTECH_s05,29,166,34.53333333333333,0.6003910899162292,-1.1156031468647427
TOKYOTECH_s05,29,167,34.56666666666667,0.5363941788673401,-1.1695704844671428
TOKYOTECH_s05,29,168,34.6,0.2946094870567322,-1.1124032118843992
TOKYOTECH_s05,29,169,34.63333333333333,0.07824718952178955,-0.9311883547604722
TOKYOTECH_s05,29,170,34.666666666666664,-0.1595126986503601,-0.6339258105423078
TOKYOTECH_s05,29,171,34.7,-0.42724522948265076,-0.24858858332635103
TOKYOTECH_s05,29,172,34.733333333333334,-0.55303955078125,0.17998956669722688
TOKYOTECH_s05,29,173,34.766666666666666,-0.7332227230072021,0.595156472049593
TOKYOTECH_s05,29,174,34.8,-0.7561162710189819,0.9373790696865733
TOKYOTECH_s05,29,175,34.833333333333336,-0.7808708548545837,1.1578538482772276
TOKYOTECH_s05,29,176,34.86666666666667,-0.7625186443328857,1.2326495532729451
TOKYOTECH_s05,29,177,34.9,-0.8580553531646729,1.1697936153247916
TOKYOTECH_s05,29,178,34.93333333333333,-0.8713231086730957,1.0043985137221203
TOKYOTECH_s05,29,179,34.96666666666667,-0.9755595326423645,0.7839000279124966
TOKYOTECH_s05,29,180,35.0,-1.0196458101272583,0.5514174569822896
TOKYOTECH_s05,29,181,35.03333333333333,-0.3547801375389099,0.3357309184551091
TOKYOTECH_s05,29,182,35.06666666666667,1.055964708328247,0.1508390531843566
TOKYOTECH_s05,29,183,35.1,1.8596253395080566,0.0012962862106024884
TOKYOTECH_s05,29,184,35.13333333333333,1.798103928565979,-0.1130192260246449
TOKYOTECH_s05,29,185,35.166666666666664,1.44584059715271,-0.19616854163199204
TOKYOTECH_s05,29,186,35.2,1.0590189695358276,-0.2574909615082055
TOKYOTECH_s05,29,187,35.233333333333334,0.7896301746368408,-0.3104472398720467
TOKYOTECH_s05,29,188,35.266666666666666,0.5262697339057922,-0.36737877522781354
TOKYOTECH_s05,29,189,35.3,0.3043866455554962,-0.4335472939251285
TOKYOTECH_s05,29,190,35.333333333333336,0.3677690923213959,-0.5053617226233394
TOKYOTECH_s05,29,191,35.36666666666667,0.5546573996543884,-0.574106528712487
TOKYOTECH_s05,29,192,35.4,0.4279637336730957,-0.6307543200096589
TOKYOTECH_s05,29,193,35.43333333333333,0.246587336063385,-0.6664040986999037
TOKYOTECH_s05,29,194,35.46666666666667,0.008311000652611256,-0.6691709523478283
TOKYOTECH_s05,29,195,35.5,-0.3554123640060425,-0.6240982569664322
TOKYOTECH_s05,29,196,35.53333333333333,-0.5368956327438354,-0.5201339886050116
TOKYOTECH_s05,29,197,35.56666666666667,-0.6861355304718018,-0.360421937825874
TOKYOTECH_s05,29,198,35.6,-0.7932214140892029,-0.16703359540066798
TOKYOTECH_s05,29,199,35.63333333333333,-0.8476726412773132,0.026232948113202644
TOKYOTECH_s05,29,200,35.666666666666664,-0.8717861175537109,0.19023473480208333
TOKYOTECH_s05,29,201,35.7,-0.8827119469642639,0.3151617483639483
TOKYOTECH_s05,29,202,35.733333333333334,-0.8713052868843079,0.4128229613167988
TOKYOTECH_s05,29,203,35.766666666666666,-0.9176622629165649,0.5045611453275369
TOKYOTECH_s05,29,204,35.8,-1.0287017822265625,0.6037826289900478
TOKYOTECH_s05,29,205,35.833333333333336,-1.2239158153533936,0.7058215780479283
TOKYOTECH_s05,29,206,35.86666666666667,-1.286933183670044,0.7904916696955471
TOKYOTECH_s05,29,207,35.9,-0.9582580327987671,0.8326279905223676
TOKYOTECH_s05,29,208,35.93333333333333,0.39565810561180115,0.8128007870978552
TOKYOTECH_s05,29,209,35.96666666666667,1.6441534757614136,0.7235764195379626
TOKYOTECH_s05,29,210,36.0,1.9315383434295654,0.5707925817922105
TOKYOTECH_s05,29,211,36.03333333333333,1.772636890411377,0.37136746013341043
TOKYOTECH_s05,29,212,36.06666666666667,1.4809067249298096,0.14900158771003535
TOKYOTECH_s05,29,213,36.1,1.146532654762268,-0.0716300617129864
TOKYOTECH_s05,29,214,36.13333333333333,0.9096187353134155,-0.27132112164278116
TOKYOTECH_s05,29,215,36.166666666666664,0.589937150478363,-0.4412656116432788
TOKYOTECH_s05,29,216,36.2,0.4591919183731079,-0.5834900743409532
TOKYOTECH_s05,29,217,36.233333333333334,0.6192152500152588,-0.7052556712039197
TOKYOTECH_s05,29,218,36.266666666666666,0.6444329023361206,-0.8098660458746298
TOKYOTECH_s05,29,219,36.3,0.5004644393920898,-0.8898601640225903
TOKYOTECH_s05,29,220,36.333333333333336,0.21572424471378326,-0.9282264076331346
TOKYOTECH_s05,29,221,36.36666666666667,-0.08546261489391327,-0.9079930104827971
TOKYOTECH_s05,29,222,36.4,-0.33617857098579407,-0.8233633201516706
TOKYOTECH_s05,29,223,36.43333333333333,-0.49204349517822266,-0.6836320373647248
TOKYOTECH_s05,29,224,36.46666666666667,-0.6118094325065613,-0.5077158881576258
TOKYOTECH_s05,29,225,36.5,-0.688664436340332,-0.315125657325299
TOKYOTECH_s05,29,226,36.53333333333333,-0.7475233674049377,-0.12044063754777112
TOKYOTECH_s05,29,227,36.56666666666667,-0.8247702121734619,0.06658138666576677
TOKYOTECH_s05,29,228,36.6,-0.782776415348053,0.23859414286002747
TOKYOTECH_s05,29,229,36.63333333333333,-0.7983771562576294,0.39037731148164556
TOKYOTECH_s05,29,230,36.666666666666664,-0.9188465476036072,0.521009940186059
TOKYOTECH_s05,29,231,36.7,-1.035112977027893,0.6345920028278519
TOKYOTECH_s05,29,232,36.733333333333334,-1.158948302268982,0.7362009391235843
TOKYOTECH_s05,29,233,36.766666666666666,-1.1042567491531372,0.8243677288647542
TOKYOTECH_s05,29,234,36.8,-0.2018626481294632,0.8856269240427791
TOKYOTECH_s05,29,235,36.833333333333336,1.2223368883132935,0.8966015931116857
TOKYOTECH_s05,29,236,36.86666666666667,1.761310338973999,0.8339544655856586
TOKYOTECH_s05,29,237,36.9,1.5624632835388184,0.686822844041688
TOKYOTECH_s05,29,238,36.93333333333333,1.1577701568603516,0.46486150210355076
TOKYOTECH_s05,29,239,36.96666666666667,0.8228351473808289,0.1980029764091579
TOKYOTECH_s05,30,0,30.0,-1.0517021417617798,0.019310050723056308
TOKYOTECH_s05,30,1,30.033333333333335,-1.1253159046173096,-1.4286847263420646
TOKYOTECH_s05,30,2,30.066666666666666,-1.2114405632019043,-2.630905371993451
TOKYOTECH_s05,30,3,30.1,-1.3306187391281128,-3.403385946014417
TOKYOTECH_s05,30,4,30.133333333333333,-1.115476369857788,-3.6715148965448856
TOKYOTECH_s05,30,5,30.166666666666668,0.3128281533718109,-3.481494318506928
TOKYOTECH_s05,30,6,30.2,1.9239516258239746,-2.972445452016022
TOKYOTECH_s05,30,7,30.233333333333334,2.2146668434143066,-2.3224520258735115
TOKYOTECH_s05,30,8,30.266666666666666,1.7690128087997437,-1.6924154471512678
TOKYOTECH_s05,30,9,30.3,1.3863139152526855,-1.1889909704834856
TOKYOTECH_s05,30,10,30.333333333333332,0.9967406392097473,-0.8553959219204322
TOKYOTECH_s05,30,11,30.366666666666667,0.5584061741828918,-0.6844307477915346
TOKYOTECH_s05,30,12,30.4,0.25894683599472046,-0.6396166271705689
TOKYOTECH_s05,30,13,30.433333333333334,0.18914420902729034,-0.6717047214069158
TOKYOTECH_s05,30,14,30.466666666666665,0.4164234697818756,-0.726715568798295
TOKYOTECH_s05,30,15,30.5,0.5560554265975952,-0.7501916409379153
TOKYOTECH_s05,30,16,30.533333333333335,0.5048187375068665,-0.6937974205185896
TOKYOTECH_s05,30,17,30.566666666666666,0.1947629749774933,-0.525617100582754
TOKYOTECH_s05,30,18,30.6,-0.15506042540073395,-0.23978699024488642
TOKYOTECH_s05,30,19,30.633333333333333,-0.40108370780944824,0.14053221269565175
TOKYOTECH_s05,30,20,30.666666666666668,-0.6597692370414734,0.5690334942220351
TOKYOTECH_s05,30,21,30.7,-0.7617528438568115,0.9881034137115118
TOKYOTECH_s05,30,22,30.733333333333334,-0.8963091969490051,1.34197284376983
TOKYOTECH_s05,30,23,30.766666666666666,-0.9396297335624695,1.587924383118222
TOKYOTECH_s05,30,24,30.8,-0.8997552394866943,1.7041830683156685
TOKYOTECH_s05,30,25,30.833333333333332,-0.9356315732002258,1.6935037311671592
TOKYOTECH_s05,30,26,30.866666666666667,-0.9052849411964417,1.580595635938089
TOKYOTECH_s05,30,27,30.9,-0.986894965171814,1.4023276674845453
TOKYOTECH_s05,30,28,30.933333333333334,-1.084693431854248,1.193650976887732
TOKYOTECH_s05,30,29,30.966666666666665,-1.0512034893035889,0.9759084086616905
TOKYOTECH_s05,30,30,31.0,0.015639429911971092,0.7536229561445308
TOKYOTECH_s05,30,31,31.033333333333335,1.438218355178833,0.5210558268032858
TOKYOTECH_s05,30,32,31.066666666666666,1.8576395511627197,0.27390888072406233
TOKYOTECH_s05,30,33,31.1,1.587493896484375,0.018405008672851598
TOKYOTECH_s05,30,34,31.133333333333333,1.18352210521698,-0.22807075822580022
TOKYOTECH_s05,30,35,31.166666666666668,0.6967470049858093,-0.4446281151312582
TOKYOTECH_s05,30,36,31.2,0.13865552842617035,-0.6165870562667006
TOKYOTECH_s05,30,37,31.233333333333334,-0.22443562746047974,-0.7397870875821482
TOKYOTECH_s05,30,38,31.266666666666666,-0.08624621480703354,-0.817223926332627
TOKYOTECH_s05,30,39,31.3,0.3144042491912842,-0.8521672086434025
TOKYOTECH_s05,30,40,31.333333333333332,0.47827431559562683,-0.8436597681677918
TOKYOTECH_s05,30,41,31.366666666666667,0.3389362394809723,-0.787087092358238
TOKYOTECH_s05,30,42,31.4,0.12238694727420807,-0.677940852179298
TOKYOTECH_s05,30,43,31.433333333333334,-0.21150624752044678,-0.5152412676187508
TOKYOTECH_s05,30,44,31.466666666666665,-0.571854829788208,-0.30355669523145085
TOKYOTECH_s05,30,45,31.5,-0.7338104248046875,-0.05497697951500364
TOKYOTECH_s05,30,46,31.533333333333335,-0.8654193878173828,0.20891719407294135
TOKYOTECH_s05,30,47,31.566666666666666,-0.9955590963363647,0.4576032460311755
TOKYOTECH_s05,30,48,31.6,-1.0347390174865723,0.6569930093338276
TOKYOTECH_s05,30,49,31.633333333333333,-1.0262441635131836,0.7787884838875562
TOKYOTECH_s05,30,50,31.666666666666668,-0.9897711277008057,0.8094302420761457
TOKYOTECH_s05,30,51,31.7,-1.032495141029358,0.7534568304547831
TOKYOTECH_s05,30,52,31.733333333333334,-0.9908307790756226,0.6292951470569852
TOKYOTECH_s05,30,53,31.766666666666666,-0.6629570722579956,0.460338775061258
TOKYOTECH_s05,30,54,31.8,0.7956228852272034,0.2669625491422889
TOKYOTECH_s05,30,55,31.833333333333332,1.9887498617172241,0.06368171821484489
TOKYOTECH_s05,30,56,31.866666666666667,2.0182595252990723,-0.13906503519967792
TOKYOTECH_s05,30,57,31.9,1.6076626777648926,-0.33254202874709204
TOKYOTECH_s05,30,58,31.933333333333334,1.1640478372573853,-0.509691278252799
TOKYOTECH_s05,30,59,31.966666666666665,0.8337610363960266,-0.6666318467918936
TOKYOTECH_s05,30,60,32.0,0.43544355034828186,-0.8025130156924664
TOKYOTECH_s05,30,61,32.03333333333333,0.11434615403413773,-0.9158111395308239
TOKYOTECH_s05,30,62,32.06666666666667,0.21372072398662567,-0.9990929523099824
TOKYOTECH_s05,30,63,32.1,0.4949881434440613,-1.0368439378583372
TOKYOTECH_s05,30,64,32.13333333333333,0.5311583280563354,-1.009190391175369
TOKYOTECH_s05,30,65,32.166666666666664,0.44270074367523193,-0.9000114809361844
TOKYOTECH_s05,30,66,32.2,0.15628649294376373,-0.7047964438481529
TOKYOTECH_s05,30,67,32.233333333333334,-0.19158680737018585,-0.43380536418581855
TOKYOTECH_s05,30,68,32.266666666666666,-0.49990618228912354,-0.10940504707810139
TOKYOTECH_s05,30,69,32.3,-0.7684312462806702,0.23963724944457668
TOKYOTECH_s05,30,70,32.333333333333336,-0.8558470010757446,0.5825998914892617
TOKYOTECH_s05,30,71,32.36666666666667,-0.9341089129447937,0.8880460592104623
TOKYOTECH_s05,30,72,32.4,-0.9288463592529297,1.1244600998470926
TOKYOTECH_s05,30,73,32.43333333333333,-0.8844928741455078,1.2643879795373423
TOKYOTECH_s05,30,74,32.46666666666667,-0.935498058795929,1.291997041434529
TOKYOTECH_s05,30,75,32.5,-1.018176555633545,1.2091406458375582
TOKYOTECH_s05,30,76,32.53333333333333,-0.9638233184814453,1.0352629401962492
TOKYOTECH_s05,30,77,32.56666666666667,-0.4449385106563568,0.800856549108015
TOKYOTECH_s05,30,78,32.6,1.1396939754486084,0.5383519726083823
TOKYOTECH_s05,30,79,32.63333333333333,2.1661994457244873,0.27517456380428246
TOKYOTECH_s05,30,80,32.666666666666664,2.1472506523132324,0.030948431454777565
TOKYOTECH_s05,30,81,32.7,1.800321102142334,-0.1826260267342564
TOKYOTECH_s05,30,82,32.733333333333334,1.4237574338912964,-0.36165798191327975
TOKYOTECH_s05,30,83,32.766666666666666,1.0725092887878418,-0.5101890287234079
TOKYOTECH_s05,30,84,32.8,0.8218556642532349,-0.6382773694143039
TOKYOTECH_s05,30,85,32.833333333333336,0.5971497893333435,-0.755730606479078
TOKYOTECH_s05,30,86,32.86666666666667,0.4962792992591858,-0.8630893900211917
TOKYOTECH_s05,30,87,32.9,0.6703895926475525,-0.945605566745523
TOKYOTECH_s05,30,88,32.93333333333333,0.7113771438598633,-0.9757898263134148
TOKYOTECH_s05,30,89,32.96666666666667,0.529929518699646,-0.9248471609555079
TOKYOTECH_s05,30,90,33.0,0.31162604689598083,-0.7764243319589424
TOKYOTECH_s05,30,91,33.03333333333333,-0.028322238475084305,-0.5340188864549498
TOKYOTECH_s05,30,92,33.06666666666667,-0.32542189955711365,-0.219032846999704
TOKYOTECH_s05,30,93,33.1,-0.5841875672340393,0.13609391454057132
TOKYOTECH_s05,30,94,33.13333333333333,-0.6758597493171692,0.49328960408091466
TOKYOTECH_s05,30,95,33.166666666666664,-0.6989491581916809,0.8108303658273349
TOKYOTECH_s05,30,96,33.2,-0.7937023043632507,1.0460353923863597
TOKYOTECH_s05,30,97,33.233333333333334,-0.7743883728981018,1.1636065887699347
TOKYOTECH_s05,30,98,33.266666666666666,-0.7599273920059204,1.1478015092671305
TOKYOTECH_s05,30,99,33.3,-0.8515372276306152,1.010108345742596
TOKYOTECH_s05,30,100,33.333333333333336,-0.9501904845237732,0.7856858889118536
TOKYOTECH_s05,30,101,33.36666666666667,-0.8931658864021301,0.5196531702649902
TOKYOTECH_s05,30,102,33.4,0.02704613469541073,0.2513236194621304
TOKYOTECH_s05,30,103,33.43333333333333,1.528893232345581,0.00517123747039151
TOKYOTECH_s05,30,104,33.46666666666667,2.0468251705169678,-0.208796726856847
TOKYOTECH_s05,30,105,33.5,1.914975881576538,-0.38946239731956916
TOKYOTECH_s05,30,106,33.53333333333333,1.656450629234314,-0.5395782309031889
TOKYOTECH_s05,30,107,33.56666666666667,1.3174105882644653,-0.663622488789964
TOKYOTECH_s05,30,108,33.6,0.9635445475578308,-0.7666078522990732
TOKYOTECH_s05,30,109,33.63333333333333,0.7013150453567505,-0.8510155142457766
TOKYOTECH_s05,30,110,33.666666666666664,0.5986635684967041,-0.9123407474178826
TOKYOTECH_s05,30,111,33.7,0.6268998384475708,-0.9371505374537905
TOKYOTECH_s05,30,112,33.733333333333334,0.7602006793022156,-0.9068409387094265
TOKYOTECH_s05,30,113,33.766666666666666,0.6900774836540222,-0.8060525637176464
TOKYOTECH_s05,30,114,33.8,0.3739221394062042,-0.6306625228202422
TOKYOTECH_s05,30,115,33.833333333333336,0.11185288429260254,-0.3902107942890586
TOKYOTECH_s05,30,116,33.86666666666667,-0.18308298289775848,-0.10422926333632106
TOKYOTECH_s05,30,117,33.9,-0.3871481120586395,0.20316205967816459
TOKYOTECH_s05,30,118,33.93333333333333,-0.5225593447685242,0.505637503841596
TOKYOTECH_s05,30,119,33.96666666666667,-0.6751117706298828,0.7737392310746184
TOKYOTECH_s05,30,120,34.0,-0.6918700933456421,0.9756854839367102
TOKYOTECH_s05,30,121,34.03333333333333,-0.6530107259750366,1.084703222663338
TOKYOTECH_s05,30,122,34.06666666666667,-0.6924132704734802,1.09020694059127
TOKYOTECH_s05,30,123,34.1,-0.7363482117652893,1.0039794602374932
TOKYOTECH_s05,30,124,34.13333333333333,-0.841181218624115,0.8554444572378668
TOKYOTECH_s05,30,125,34.166666666666664,-0.9502350091934204,0.6786063316332985
TOKYOTECH_s05,30,126,34.2,-0.5824511647224426,0.4991181051261367
TOKYOTECH_s05,30,127,34.233333333333334,0.6454302072525024,0.3290484903152584
TOKYOTECH_s05,30,128,34.266666666666666,1.6892192363739014,0.17038448023365135
TOKYOTECH_s05,30,129,34.3,1.8850833177566528,0.021808444753068066
TOKYOTECH_s05,30,130,34.333333333333336,1.6221504211425781,-0.1178157716538861
TOKYOTECH_s05,30,131,34.36666666666667,1.2102712392807007,-0.2512017095575078
TOKYOTECH_s05,30,132,34.4,0.8474472761154175,-0.3853945287163747
TOKYOTECH_s05,30,133,34.43333333333333,0.5486379265785217,-0.5297225837185511
TOKYOTECH_s05,30,134,34.46666666666667,0.3159714341163635,-0.6884983930814301
TOKYOTECH_s05,30,135,34.5,0.372666597366333,-0.8540072259908343
TOKYOTECH_s05,30,136,34.53333333333333,0.6003910899162292,-1.0052833342293968
TOKYOTECH_s05,30,137,34.56666666666667,0.5363941788673401,-1.1133052421072471
TOKYOTECH_s05,30,138,34.6,0.2946094870567322,-1.1487282999272086
TOKYOTECH_s05,30,139,34.63333333333333,0.07824718952178955,-1.0878368063496102
TOKYOTECH_s05,30,140,34.666666666666664,-0.1595126986503601,-0.9160379788750778
TOKYOTECH_s05,30,141,34.7,-0.42724522948265076,-0.6314870963762731
TOKYOTECH_s05,30,142,34.733333333333334,-0.55303955078125,-0.250360886353466
TOKYOTECH_s05,30,143,34.766666666666666,-0.7332227230072021,0.18889166474917815
TOKYOTECH_s05,30,144,34.8,-0.7561162710189819,0.6279767573908517
TOKYOTECH_s05,30,145,34.833333333333336,-0.7808708548545837,1.0012943850379679
TOKYOTECH_s05,30,146,34.86666666666667,-0.7625186443328857,1.2547682521922017
TOKYOTECH_s05,30,147,34.9,-0.8580553531646729,1.3614367163044205
TOKYOTECH_s05,30,148,34.93333333333333,-0.8713231086730957,1.325912998679356
TOKYOTECH_s05,30,149,34.96666666666667,-0.9755595326423645,1.1769184098516916
TOKYOTECH_s05,30,150,35.0,-1.0196458101272583,0.9538219410942788
TOKYOTECH_s05,30,151,35.03333333333333,-0.3547801375389099,0.6949811847448678
TOKYOTECH_s05,30,152,35.06666666666667,1.055964708328247,0.43194525306989673
TOKYOTECH_s05,30,153,35.1,1.8596253395080566,0.18827759494975244
TOKYOTECH_s05,30,154,35.13333333333333,1.798103928565979,-0.020529128705478857
TOKYOTECH_s05,30,155,35.166666666666664,1.44584059715271,-0.18801017889157898
TOKYOTECH_s05,30,156,35.2,1.0590189695358276,-0.31734321930823484
TOKYOTECH_s05,30,157,35.233333333333334,0.7896301746368408,-0.41901233871648713
TOKYOTECH_s05,30,158,35.266666666666666,0.5262697339057922,-0.5050299724197724
TOKYOTECH_s05,30,159,35.3,0.3043866455554962,-0.5827535279212677
TOKYOTECH_s05,30,160,35.333333333333336,0.3677690923213959,-0.6526459544202338
TOKYOTECH_s05,30,161,35.36666666666667,0.5546573996543884,-0.7112207948496209
TOKYOTECH_s05,30,162,35.4,0.4279637336730957,-0.754805574747829
TOKYOTECH_s05,30,163,35.43333333333333,0.246587336063385,-0.7786967959081303
TOKYOTECH_s05,30,164,35.46666666666667,0.008311000652611256,-0.7728819965457138
TOKYOTECH_s05,30,165,35.5,-0.3554123640060425,-0.7215046674641312
TOKYOTECH_s05,30,166,35.53333333333333,-0.5368956327438354,-0.6104151414170622
TOKYOTECH_s05,30,167,35.56666666666667,-0.6861355304718018,-0.43875145716818975
TOKYOTECH_s05,30,168,35.6,-0.7932214140892029,-0.22501947038127082
TOKYOTECH_s05,30,169,35.63333333333333,-0.8476726412773132,-0.0008554736614069833
TOKYOTECH_s05,30,170,35.666666666666664,-0.8717861175537109,0.2046475277467591
TOKYOTECH_s05,30,171,35.7,-0.8827119469642639,0.3788612815961365
TOKYOTECH_s05,30,172,35.733333333333334,-0.8713052868843079,0.5273768678631219
TOKYOTECH_s05,30,173,35.766666666666666,-0.9176622629165649,0.662393557102915
TOKYOTECH_s05,30,174,35.8,-1.0287017822265625,0.7871348088068995
TOKYOTECH_s05,30,175,35.833333333333336,-1.2239158153533936,0.8885533124608617
TOKYOTECH_s05,30,176,35.86666666666667,-1.286933183670044,0.9426590860720575
TOKYOTECH_s05,30,177,35.9,-0.9582580327987671,0.9267312626010236
TOKYOTECH_s05,30,178,35.93333333333333,0.39565810561180115,0.8299290501312042
TOKYOTECH_s05,30,179,35.96666666666667,1.6441534757614136,0.6575980066583007
TOKYOTECH_s05,30,180,36.0,1.9315383434295654,0.42927260048518767
TOKYOTECH_s05,30,181,36.03333333333333,1.772636890411377,0.17291398197380214
TOKYOTECH_s05,30,182,36.06666666666667,1.4809067249298096,-0.08203067988290286
TOKYOTECH_s05,30,183,36.1,1.146532654762268,-0.31114792087698034
TOKYOTECH_s05,30,184,36.13333333333333,0.9096187353134155,-0.49997745224611434
TOKYOTECH_s05,30,185,36.166666666666664,0.589937150478363,-0.6458512319396104
TOKYOTECH_s05,30,186,36.2,0.4591919183731079,-0.7551442627328137
TOKYOTECH_s05,30,187,36.233333333333334,0.6192152500152588,-0.8359767906769138
TOKYOTECH_s05,30,188,36.266666666666666,0.6444329023361206,-0.8895352737879922
TOKYOTECH_s05,30,189,36.3,0.5004644393920898,-0.9055076580910874
TOKYOTECH_s05,30,190,36.333333333333336,0.21572424471378326,-0.865948964900988
TOKYOTECH_s05,30,191,36.36666666666667,-0.08546261489391327,-0.7564968096009681
TOKYOTECH_s05,30,192,36.4,-0.33617857098579407,-0.5772573750081521
TOKYOTECH_s05,30,193,36.43333333333333,-0.49204349517822266,-0.3448223761435277
TOKYOTECH_s05,30,194,36.46666666666667,-0.6118094325065613,-0.08451474340388719
TOKYOTECH_s05,30,195,36.5,-0.688664436340332,0.17985059756081645
TOKYOTECH_s05,30,196,36.53333333333333,-0.7475233674049377,0.4310696047431363
TOKYOTECH_s05,30,197,36.56666666666667,-0.8247702121734619,0.6568513453763414
TOKYOTECH_s05,30,198,36.6,-0.782776415348053,0.8454169767910773
TOKYOTECH_s05,30,199,36.63333333333333,-0.7983771562576294,0.9836174643384756
TOKYOTECH_s05,30,200,36.666666666666664,-0.9188465476036072,1.0590510996233446
TOKYOTECH_s05,30,201,36.7,-1.035112977027893,1.0634710680038022
TOKYOTECH_s05,30,202,36.733333333333334,-1.158948302268982,0.9943787796049888
TOKYOTECH_s05,30,203,36.766666666666666,-1.1042567491531372,0.8545063709352656
TOKYOTECH_s05,30,204,36.8,-0.2018626481294632,0.6515327078316657
TOKYOTECH_s05,30,205,36.833333333333336,1.2223368883132935,0.3998994298392157
TOKYOTECH_s05,30,206,36.86666666666667,1.761310338973999,0.1229674398884334
TOKYOTECH_s05,30,207,36.9,1.5624632835388184,-0.148839681571486
TOKYOTECH_s05,30,208,36.93333333333333,1.1577701568603516,-0.38613554225165814
TOKYOTECH_s05,30,209,36.96666666666667,0.8228351473808289,-0.5716711696633366
TOKYOTECH_s05,30,210,37.0,0.4594857692718506,-0.7068873271484272
TOKYOTECH_s05,30,211,37.03333333333333,0.15148694813251495,-0.8076827170371433
TOKYOTECH_s05,30,212,37.06666666666667,0.07440933585166931,-0.8905844484677483
TOKYOTECH_s05,30,213,37.1,0.3708500564098358,-0.9581718087949984
TOKYOTECH_s05,30,214,37.13333333333333,0.48131078481674194,-0.99392732598177
TOKYOTECH_s05,30,215,37.166666666666664,0.3279213309288025,-0.9703774282106546
TOKYOTECH_s05,30,216,37.2,0.07820266485214233,-0.8647565122121607
TOKYOTECH_s05,30,217,37.233333333333334,-0.19808712601661682,-0.6715900271660731
TOKYOTECH_s05,30,218,37.266666666666666,-0.4666922986507416,-0.4058649539634943
TOKYOTECH_s05,30,219,37.3,-0.6918967962265015,-0.09828543171298762
TOKYOTECH_s05,30,220,37.333333333333336,-0.7818503379821777,0.21217927106039056
TOKYOTECH_s05,30,221,37.36666666666667,-0.8389105796813965,0.4849746295110348
TOKYOTECH_s05,30,222,37.4,-0.8776898384094238,0.6841593787126383
TOKYOTECH_s05,30,223,37.43333333333333,-0.889621913433075,0.7856856645369296
TOKYOTECH_s05,30,224,37.46666666666667,-0.9210904836654663,0.7844381809905328
TOKYOTECH_s05,30,225,37.5,-0.9614102244377136,0.6966482769104476
TOKYOTECH_s05,30,226,37.53333333333333,-1.0388439893722534,0.5544636266447939
TOKYOTECH_s05,30,227,37.56666666666667,-1.1062157154083252,0.3942322184565137
TOKYOTECH_s05,30,228,37.6,-0.5415794253349304,0.2446151537525731
TOKYOTECH_s05,30,229,37.63333333333333,0.8135388493537903,0.12102911260912222
TOKYOTECH_s05,30,230,37.666666666666664,1.705363154411316,0.02815582413651492
TOKYOTECH_s05,30,231,37.7,1.7082661390304565,-0.033708034639815324
TOKYOTECH_s05,30,232,37.733333333333334,1.34212064743042,-0.06484715461307397
TOKYOTECH_s05,30,233,37.766666666666666,0.9425387382507324,-0.0678554183669736
TOKYOTECH_s05,30,234,37.8,0.5336961150169373,-0.05157145562226292
TOKYOTECH_s05,30,235,37.833333333333336,0.19470953941345215,-0.03117375905468635
TOKYOTECH_s05,30,236,37.86666666666667,0.06880838423967361,-0.02261755301030763
TOKYOTECH_s05,30,237,37.9,0.14303655922412872,-0.0353389858660943
TOKYOTECH_s05,30,238,37.93333333333333,0.35421639680862427,-0.06805050451012455
TOKYOTECH_s05,30,239,37.96666666666667,0.3703959286212921,-0.10944801805469791
TOKYOTECH_s05,31,0,31.0,0.015639429911971092,-0.10906835196156534
TOKYOTECH_s05,31,1,31.033333333333335,1.438218355178833,-1.586792137822688
TOKYOTECH_s05,31,2,31.066666666666666,1.8576395511627197,-2.8557152921983766
TOKYOTECH_s05,31,3,31.1,1.587493896484375,-3.7540867851572703
TOKYOTECH_s05,31,4,31.133333333333333,1.18352210521698,-4.199134653661278
TOKYOTECH_s05,31,5,31.166666666666668,0.6967470049858093,-4.201485177983348
TOKYOTECH_s05,31,6,31.2,0.13865552842617035,-3.8520881888458427
TOKYOTECH_s05,31,7,31.233333333333334,-0.22443562746047974,-3.286839338497031
TOKYOTECH_s05,31,8,31.266666666666666,-0.08624621480703354,-2.643653506205854
TOKYOTECH_s05,31,9,31.3,0.3144042491912842,-2.0280709226764775
TOKYOTECH_s05,31,10,31.333333333333332,0.47827431559562683,-1.4969595477238293
TOKYOTECH_s05,31,11,31.366666666666667,0.3389362394809723,-1.0604892858449786
TOKYOTECH_s05,31,12,31.4,0.12238694727420807,-0.695969156816466
TOKYOTECH_s05,31,13,31.433333333333334,-0.21150624752044678,-0.3658179689874377
TOKYOTECH_s05,31,14,31.466666666666665,-0.571854829788208,-0.03462760695557656
TOKYOTECH_s05,31,15,31.5,-0.7338104248046875,0.31709549746160054
TOKYOTECH_s05,31,16,31.533333333333335,-0.8654193878173828,0.6849802624118448
TOKYOTECH_s05,31,17,31.566666666666666,-0.9955590963363647,1.0415262661569435
TOKYOTECH_s05,31,18,31.6,-1.0347390174865723,1.3461283082002973
TOKYOTECH_s05,31,19,31.633333333333333,-1.0262441635131836,1.5606786994682653
TOKYOTECH_s05,31,20,31.666666666666668,-0.9897711277008057,1.663671606648419
TOKYOTECH_s05,31,21,31.7,-1.032495141029358,1.6560971934428865
TOKYOTECH_s05,31,22,31.733333333333334,-0.9908307790756226,1.5570504848051243
TOKYOTECH_s05,31,23,31.766666666666666,-0.6629570722579956,1.3929414068674983
TOKYOTECH_s05,31,24,31.8,0.7956228852272034,1.1874305493928414
TOKYOTECH_s05,31,25,31.833333333333332,1.9887498617172241,0.9574161103882799
TOKYOTECH_s05,31,26,31.866666666666667,2.0182595252990723,0.7147517132825137
TOKYOTECH_s05,31,27,31.9,1.6076626777648926,0.46904114322598656
TOKYOTECH_s05,31,28,31.933333333333334,1.1640478372573853,0.22780545085474233
TOKYOTECH_s05,31,29,31.966666666666665,0.8337610363960266,-0.005328823774802718
TOKYOTECH_s05,31,30,32.0,0.43544355034828186,-0.23059912635074903
TOKYOTECH_s05,31,31,32.03333333333333,0.11434615403413773,-0.4475000268000048
TOKYOTECH_s05,31,32,32.06666666666667,0.21372072398662567,-0.64767059225544
TOKYOTECH_s05,31,33,32.1,0.4949881434440613,-0.8110547736774099
TOKYOTECH_s05,31,34,32.13333333333333,0.5311583280563354,-0.9096465536112127
TOKYOTECH_s05,31,35,32.166666666666664,0.44270074367523193,-0.9178854423269072
TOKYOTECH_s05,31,36,32.2,0.15628649294376373,-0.8240080282526242
TOKYOTECH_s05,31,37,32.233333333333334,-0.19158680737018585,-0.635804295140875
TOKYOTECH_s05,31,38,32.266666666666666,-0.49990618228912354,-0.3779790705844499
TOKYOTECH_s05,31,39,32.3,-0.7684312462806702,-0.08382012162589986
TOKYOTECH_s05,31,40,32.333333333333336,-0.8558470010757446,0.21295666556106446
TOKYOTECH_s05,31,41,32.36666666666667,-0.9341089129447937,0.4819853684276537
TOKYOTECH_s05,31,42,32.4,-0.9288463592529297,0.6967164976008668
TOKYOTECH_s05,31,43,32.43333333333333,-0.8844928741455078,0.8357818472089824
TOKYOTECH_s05,31,44,32.46666666666667,-0.935498058795929,0.8868252706169322
TOKYOTECH_s05,31,45,32.5,-1.018176555633545,0.8499678667714278
TOKYOTECH_s05,31,46,32.53333333333333,-0.9638233184814453,0.7373760408847289
TOKYOTECH_s05,31,47,32.56666666666667,-0.4449385106563568,0.5684388561877686
TOKYOTECH_s05,31,48,32.6,1.1396939754486084,0.3635708374596529
TOKYOTECH_s05,31,49,32.63333333333333,2.1661994457244873,0.14052908461118993
TOKYOTECH_s05,31,50,32.666666666666664,2.1472506523132324,-0.08549100683662529
TOKYOTECH_s05,31,51,32.7,1.800321102142334,-0.3002653429490244
TOKYOTECH_s05,31,52,32.733333333333334,1.4237574338912964,-0.4908659786781196
TOKYOTECH_s05,31,53,32.766666666666666,1.0725092887878418,-0.6488658888375103
TOKYOTECH_s05,31,54,32.8,0.8218556642532349,-0.773256567620936
TOKYOTECH_s05,31,55,32.833333333333336,0.5971497893333435,-0.8686231964374933
TOKYOTECH_s05,31,56,32.86666666666667,0.4962792992591858,-0.9380483897553957
TOKYOTECH_s05,31,57,32.9,0.6703895926475525,-0.9756005875768767
TOKYOTECH_s05,31,58,32.93333333333333,0.7113771438598633,-0.9647818237859982
TOKYOTECH_s05,31,59,32.96666666666667,0.529929518699646,-0.8853040459878422
TOKYOTECH_s05,31,60,33.0,0.31162604689598083,-0.7238549470636176
TOKYOTECH_s05,31,61,33.03333333333333,-0.028322238475084305,-0.48143966767763324
TOKYOTECH_s05,31,62,33.06666666666667,-0.32542189955711365,-0.17382559427654853
TOKYOTECH_s05,31,63,33.1,-0.5841875672340393,0.17229645851395395
TOKYOTECH_s05,31,64,33.13333333333333,-0.6758597493171692,0.5230081276956239
TOKYOTECH_s05,31,65,33.166666666666664,-0.6989491581916809,0.8394278350165493
TOKYOTECH_s05,31,66,33.2,-0.7937023043632507,1.0815065325945232
TOKYOTECH_s05,31,67,33.233333333333334,-0.7743883728981018,1.2164169051548015
TOKYOTECH_s05,31,68,33.266666666666666,-0.7599273920059204,1.2291750519557127
TOKYOTECH_s05,31,69,33.3,-0.8515372276306152,1.128414454005069
TOKYOTECH_s05,31,70,33.333333333333336,-0.9501904845237732,0.9422646793900457
TOKYOTECH_s05,31,71,33.36666666666667,-0.8931658864021301,0.7061781162732119
TOKYOTECH_s05,31,72,33.4,0.02704613469541073,0.4502670295610715
TOKYOTECH_s05,31,73,33.43333333333333,1.528893232345581,0.1935685694363202
TOKYOTECH_s05,31,74,33.46666666666667,2.0468251705169678,-0.053481924826264654
TOKYOTECH_s05,31,75,33.5,1.914975881576538,-0.2833397597561223
TOKYOTECH_s05,31,76,33.53333333333333,1.656450629234314,-0.4881098739229519
TOKYOTECH_s05,31,77,33.56666666666667,1.3174105882644653,-0.6604419242202751
TOKYOTECH_s05,31,78,33.6,0.9635445475578308,-0.7957728533476782
TOKYOTECH_s05,31,79,33.63333333333333,0.7013150453567505,-0.8921269470455134
TOKYOTECH_s05,31,80,33.666666666666664,0.5986635684967041,-0.9469150634603254
TOKYOTECH_s05,31,81,33.7,0.6268998384475708,-0.9540168334739029
TOKYOTECH_s05,31,82,33.733333333333334,0.7602006793022156,-0.9048210378142499
TOKYOTECH_s05,31,83,33.766666666666666,0.6900774836540222,-0.793471690721099
TOKYOTECH_s05,31,84,33.8,0.3739221394062042,-0.6222519637224999
TOKYOTECH_s05,31,85,33.833333333333336,0.11185288429260254,-0.40233380682381387
TOKYOTECH_s05,31,86,33.86666666666667,-0.18308298289775848,-0.14958426511231152
TOKYOTECH_s05,31,87,33.9,-0.3871481120586395,0.11997718940832883
TOKYOTECH_s05,31,88,33.93333333333333,-0.5225593447685242,0.3904640227080058
TOKYOTECH_s05,31,89,33.96666666666667,-0.6751117706298828,0.6424069440877691
TOKYOTECH_s05,31,90,34.0,-0.6918700933456421,0.8506271661600635
TOKYOTECH_s05,31,91,34.03333333333333,-0.6530107259750366,0.9890682187862954
TOKYOTECH_s05,31,92,34.06666666666667,-0.6924132704734802,1.0408715241869495
TOKYOTECH_s05,31,93,34.1,-0.7363482117652893,1.0058730175459984
TOKYOTECH_s05,31,94,34.13333333333333,-0.841181218624115,0.8997221494470029
TOKYOTECH_s05,31,95,34.166666666666664,-0.9502350091934204,0.745869882697492
TOKYOTECH_s05,31,96,34.2,-0.5824511647224426,0.5665896881803291
TOKYOTECH_s05,31,97,34.233333333333334,0.6454302072525024,0.37862240827516963
TOKYOTECH_s05,31,98,34.266666666666666,1.6892192363739014,0.19411369205942033
TOKYOTECH_s05,31,99,34.3,1.8850833177566528,0.022811248917303836
TOKYOTECH_s05,31,100,34.333333333333336,1.6221504211425781,-0.12882741004308523
TOKYOTECH_s05,31,101,34.36666666666667,1.2102712392807007,-0.261776506847295
TOKYOTECH_s05,31,102,34.4,0.8474472761154175,-0.3869239285301671
TOKYOTECH_s05,31,103,34.43333333333333,0.5486379265785217,-0.5206140390951611
TOKYOTECH_s05,31,104,34.46666666666667,0.3159714341163635,-0.6740319310970169
TOKYOTECH_s05,31,105,34.5,0.372666597366333,-0.843326621838939
TOKYOTECH_s05,31,106,34.53333333333333,0.6003910899162292,-1.007002509707469
TOKYOTECH_s05,31,107,34.56666666666667,0.5363941788673401,-1.131571391325305
TOKYOTECH_s05,31,108,34.6,0.2946094870567322,-1.1811670489652606
TOKYOTECH_s05,31,109,34.63333333333333,0.07824718952178955,-1.1259262136888013
TOKYOTECH_s05,31,110,34.666666666666664,-0.1595126986503601,-0.9476489152707513
TOKYOTECH_s05,31,111,34.7,-0.42724522948265076,-0.6448039313979932
TOKYOTECH_s05,31,112,34.733333333333334,-0.55303955078125,-0.23803358165424165
TOKYOTECH_s05,31,113,34.766666666666666,-0.7332227230072021,0.2267140459674653
TOKYOTECH_s05,31,114,34.8,-0.7561162710189819,0.6828849578045024
TOKYOTECH_s05,31,115,34.833333333333336,-0.7808708548545837,1.0585299115531372
TOKYOTECH_s05,31,116,34.86666666666667,-0.7625186443328857,1.2970964066162953
TOKYOTECH_s05,31,117,34.9,-0.8580553531646729,1.3735032557938605
TOKYOTECH_s05,31,118,34.93333333333333,-0.8713231086730957,1.2978283968979876
TOKYOTECH_s05,31,119,34.96666666666667,-0.9755595326423645,1.1066273290291755
TOKYOTECH_s05,31,120,35.0,-1.0196458101272583,0.8481660885673069
TOKYOTECH_s05,31,121,35.03333333333333,-0.3547801375389099,0.5691669446859352
TOKYOTECH_s05,31,122,35.06666666666667,1.055964708328247,0.3072327034813713
TOKYOTECH_s05,31,123,35.1,1.8596253395080566,0.08823006983881591
TOKYOTECH_s05,31,124,35.13333333333333,1.798103928565979,-0.07465196578933304
TOKYOTECH_s05,31,125,35.166666666666664,1.44584059715271,-0.182132207359888
TOKYOTECH_s05,31,126,35.2,1.0590189695358276,-0.24868522933330828
TOKYOTECH_s05,31,127,35.233333333333334,0.7896301746368408,-0.2977725507046093
TOKYOTECH_s05,31,128,35.266666666666666,0.5262697339057922,-0.3523356253850257
TOKYOTECH_s05,31,129,35.3,0.3043866455554962,-0.4251838931681089
TOKYOTECH_s05,31,130,35.333333333333336,0.3677690923213959,-0.5153385566815222
TOKYOTECH_s05,31,131,35.36666666666667,0.5546573996543884,-0.6121596932588403
TOKYOTECH_s05,31,132,35.4,0.4279637336730957,-0.701969257271143
TOKYOTECH_s05,31,133,35.43333333333333,0.246587336063385,-0.7701542643138086
TOKYOTECH_s05,31,134,35.46666666666667,0.008311000652611256,-0.7989940567529267
TOKYOTECH_s05,31,135,35.5,-0.3554123640060425,-0.7683744643751398
TOKYOTECH_s05,31,136,35.53333333333333,-0.5368956327438354,-0.6638360854972627
TOKYOTECH_s05,31,137,35.56666666666667,-0.6861355304718018,-0.487776170755284
TOKYOTECH_s05,31,138,35.6,-0.7932214140892029,-0.26433351854201326
TOKYOTECH_s05,31,139,35.63333333333333,-0.8476726412773132,-0.031519592190085745
TOKYOTECH_s05,31,140,35.666666666666664,-0.8717861175537109,0.1761778411490378
TOKYOTECH_s05,31,141,35.7,-0.8827119469642639,0.3433514828685548
TOKYOTECH_s05,31,142,35.733333333333334,-0.8713052868843079,0.476714550537365
TOKYOTECH_s05,31,143,35.766666666666666,-0.9176622629165649,0.5939072487260253
TOKYOTECH_s05,31,144,35.8,-1.0287017822265625,0.7068735704895778
TOKYOTECH_s05,31,145,35.833333333333336,-1.2239158153533936,0.8119120750692712
TOKYOTECH_s05,31,146,35.86666666666667,-1.286933183670044,0.8914513263771098
TOKYOTECH_s05,31,147,35.9,-0.9582580327987671,0.9232234179753496
TOKYOTECH_s05,31,148,35.93333333333333,0.39565810561180115,0.8896977770040098
TOKYOTECH_s05,31,149,35.96666666666667,1.6441534757614136,0.7836524356321328
TOKYOTECH_s05,31,150,36.0,1.9315383434295654,0.6094734840424909
TOKYOTECH_s05,31,151,36.03333333333333,1.772636890411377,0.3816053352846405
TOKYOTECH_s05,31,152,36.06666666666667,1.4809067249298096,0.12145925141470539
TOKYOTECH_s05,31,153,36.1,1.146532654762268,-0.14670044726443035
TOKYOTECH_s05,31,154,36.13333333333333,0.9096187353134155,-0.4004689706925234
TOKYOTECH_s05,31,155,36.166666666666664,0.589937150478363,-0.6233588931101002
TOKYOTECH_s05,31,156,36.2,0.4591919183731079,-0.8061159934973382
TOKYOTECH_s05,31,157,36.233333333333334,0.6192152500152588,-0.9439520201143937
TOKYOTECH_s05,31,158,36.266666666666666,0.6444329023361206,-1.031140637470572
TOKYOTECH_s05,31,159,36.3,0.5004644393920898,-1.0572290464539322
TOKYOTECH_s05,31,160,36.333333333333336,0.21572424471378326,-1.00915682247174
TOKYOTECH_s05,31,161,36.36666666666667,-0.08546261489391327,-0.8794247798049297
TOKYOTECH_s05,31,162,36.4,-0.33617857098579407,-0.6743474865075717
TOKYOTECH_s05,31,163,36.43333333333333,-0.49204349517822266,-0.4150278096185701
TOKYOTECH_s05,31,164,36.46666666666667,-0.6118094325065613,-0.13012906106252756
TOKYOTECH_s05,31,165,36.5,-0.688664436340332,0.15327827995935445
TOKYOTECH_s05,31,166,36.53333333333333,-0.7475233674049377,0.41430072898698567
TOKYOTECH_s05,31,167,36.56666666666667,-0.8247702121734619,0.6371518969440889
TOKYOTECH_s05,31,168,36.6,-0.782776415348053,0.8084182490508552
TOKYOTECH_s05,31,169,36.63333333333333,-0.7983771562576294,0.9171535299132672
TOKYOTECH_s05,31,170,36.666666666666664,-0.9188465476036072,0.9581210745149736
TOKYOTECH_s05,31,171,36.7,-1.035112977027893,0.9343808112628909
TOKYOTECH_s05,31,172,36.733333333333334,-1.158948302268982,0.8557690109084359
TOKYOTECH_s05,31,173,36.766666666666666,-1.1042567491531372,0.7337777697299998
TOKYOTECH_s05,31,174,36.8,-0.2018626481294632,0.5769876602394185
TOKYOTECH_s05,31,175,36.833333333333336,1.2223368883132935,0.3910325255791943
TOKYOTECH_s05,31,176,36.86666666666667,1.761310338973999,0.18272508869376594
TOKYOTECH_s05,31,177,36.9,1.5624632835388184,-0.03627271674574703
TOKYOTECH_s05,31,178,36.93333333333333,1.1577701568603516,-0.250623828450668
TOKYOTECH_s05,31,179,36.96666666666667,0.8228351473808289,-0.44718276129162143
TOKYOTECH_s05,31,180,37.0,0.4594857692718506,-0.6203162402832015
TOKYOTECH_s05,31,181,37.03333333333333,0.15148694813251495,-0.7708210243434997
TOKYOTECH_s05,31,182,37.06666666666667,0.07440933585166931,-0.8980631569025381
TOKYOTECH_s05,31,183,37.1,0.3708500564098358,-0.9914670091306741
TOKYOTECH_s05,31,184,37.13333333333333,0.48131078481674194,-1.0288634875577096
TOKYOTECH_s05,31,185,37.166666666666664,0.3279213309288025,-0.9843441671652354
TOKYOTECH_s05,31,186,37.2,0.07820266485214233,-0.8408700439133836
TOKYOTECH_s05,31,187,37.233333333333334,-0.19808712601661682,-0.5994069535302576
TOKYOTECH_s05,31,188,37.266666666666666,-0.4666922986507416,-0.2800826071338862
TOKYOTECH_s05,31,189,37.3,-0.6918967962265015,0.0827868147561142
TOKYOTECH_s05,31,190,37.333333333333336,-0.7818503379821777,0.44721935171508653
TOKYOTECH_s05,31,191,37.36666666666667,-0.8389105796813965,0.7691091470174074
TOKYOTECH_s05,31,192,37.4,-0.8776898384094238,1.008028708800588
TOKYOTECH_s05,31,193,37.43333333333333,-0.889621913433075,1.1353159447747785
TOKYOTECH_s05,31,194,37.46666666666667,-0.9210904836654663,1.1426148721892349
TOKYOTECH_s05,31,195,37.5,-0.9614102244377136,1.0453441086577755
TOKYOTECH_s05,31,196,37.53333333333333,-1.0388439893722534,0.8771023413799329
TOKYOTECH_s05,31,197,37.56666666666667,-1.1062157154083252,0.6767741327378657
TOKYOTECH_s05,31,198,37.6,-0.5415794253349304,0.4753595918524292
TOKYOTECH_s05,31,199,37.63333333333333,0.8135388493537903,0.2897900136615729
TOKYOTECH_s05,31,200,37.666666666666664,1.705363154411316,0.12538594672668088
TOKYOTECH_s05,31,201,37.7,1.7082661390304565,-0.017847166555191578
TOKYOTECH_s05,31,202,37.733333333333334,1.34212064743042,-0.14155429442165152
TOKYOTECH_s05,31,203,37.766666666666666,0.9425387382507324,-0.2504149927043588
TOKYOTECH_s05,31,204,37.8,0.5336961150169373,-0.3548431508501301
TOKYOTECH_s05,31,205,37.833333333333336,0.19470953941345215,-0.46917039978203784
TOKYOTECH_s05,31,206,37.86666666666667,0.06880838423967361,-0.6041464589743418
TOKYOTECH_s05,31,207,37.9,0.14303655922412872,-0.7586971100111831
TOKYOTECH_s05,31,208,37.93333333333333,0.35421639680862427,-0.9169484980240707
TOKYOTECH_s05,31,209,37.96666666666667,0.3703959286212921,-1.0522485480386132
TOKYOTECH_s05,31,210,38.0,0.10432855784893036,-1.134525090398247
TOKYOTECH_s05,31,211,38.03333333333333,-0.22123000025749207,-1.1361239871076734
TOKYOTECH_s05,31,212,38.06666666666667,-0.40119946002960205,-1.0355867145582875
TOKYOTECH_s05,31,213,38.1,-0.6844437122344971,-0.8225826422572309
TOKYOTECH_s05,31,214,38.13333333333333,-0.8888382911682129,-0.505005205507325
TOKYOTECH_s05,31,215,38.166666666666664,-0.9270387291908264,-0.11410266340247041
TOKYOTECH_s05,31,216,38.2,-0.9887382388114929,0.2983900378624065
TOKYOTECH_s05,31,217,38.233333333333334,-1.0001806020736694,0.6731688408668706
TOKYOTECH_s05,31,218,38.266666666666666,-0.9788363575935364,0.9608795967236122
TOKYOTECH_s05,31,219,38.3,-0.9640014171600342,1.1346522723496162
TOKYOTECH_s05,31,220,38.333333333333336,-1.078193187713623,1.1917587597974673
TOKYOTECH_s05,31,221,38.36666666666667,-1.1340868473052979,1.1460933849584674
TOKYOTECH_s05,31,222,38.4,-1.229347586631775,1.0180698979386127
TOKYOTECH_s05,31,223,38.43333333333333,-0.8881081342697144,0.8282122015673739
TOKYOTECH_s05,31,224,38.46666666666667,0.635750949382782,0.5965128667458667
TOKYOTECH_s05,31,225,38.5,1.8424484729766846,0.34500164382477205
TOKYOTECH_s05,31,226,38.53333333333333,2.0155880451202393,0.09913515694953043
TOKYOTECH_s05,31,227,38.56666666666667,1.790632963180542,-0.11459675997940624
TOKYOTECH_s05,31,228,38.6,1.515741229057312,-0.2737447120466429
TOKYOTECH_s05,31,229,38.63333333333333,1.158918857574463,-0.3642700766457625
TOKYOTECH_s05,31,230,38.666666666666664,0.8779541850090027,-0.38203027982116367
TOKYOTECH_s05,31,231,38.7,0.6703628897666931,-0.3322123830238552
TOKYOTECH_s05,31,232,38.733333333333334,0.5129307508468628,-0.22917378875535263
TOKYOTECH_s05,31,233,38.766666666666666,0.49606558680534363,-0.09744876271069262
TOKYOTECH_s05,31,234,38.8,0.5943359732627869,0.029085578629954204
TOKYOTECH_s05,31,235,38.833333333333336,0.4460844397544861,0.11367486603060069
TOKYOTECH_s05,31,236,38.86666666666667,0.20712246000766754,0.12787306959684575
TOKYOTECH_s05,31,237,38.9,-0.06255125254392624,0.061674626691775786
TOKYOTECH_s05,31,238,38.93333333333333,-0.39809179306030273,-0.0725979027422028
TOKYOTECH_s05,31,239,38.96666666666667,-0.5812045335769653,-0.24363120031847513
TOKYOTECH_s05,32,0,32.0,0.43544355034828186,-0.030774315425897397
TOKYOTECH_s05,32,1,32.03333333333333,0.11434615403413773,-1.7448363580259114
TOKYOTECH_s05,32,2,32.06666666666667,0.21372072398662567,-3.2043388091589646
TOKYOTECH_s05,32,3,32.1,0.4949881434440613,-4.212939213322964
TOKYOTECH_s05,32,4,32.13333333333333,0.5311583280563354,-4.672937636805275
TOKYOTECH_s05,32,5,32.166666666666664,0.44270074367523193,-4.600085450063141
TOKYOTECH_s05,32,6,32.2,0.15628649294376373,-4.10492998133712
TOKYOTECH_s05,32,7,32.233333333333334,-0.19158680737018585,-3.349963271439995
TOKYOTECH_s05,32,8,32.266666666666666,-0.49990618228912354,-2.500272430854879
TOKYOTECH_s05,32,9,32.3,-0.7684312462806702,-1.6846300777389283
TOKYOTECH_s05,32,10,32.333333333333336,-0.8558470010757446,-0.9776616432832279
TOKYOTECH_s05,32,11,32.36666666666667,-0.9341089129447937,-0.4042610555519686
TOKYOTECH_s05,32,12,32.4,-0.9288463592529297,0.04217913108895636
TOKYOTECH_s05,32,13,32.43333333333333,-0.8844928741455078,0.3802827516891254
TOKYOTECH_s05,32,14,32.46666666666667,-0.935498058795929,0.6284373176413488
TOKYOTECH_s05,32,15,32.5,-1.018176555633545,0.8007325290271498
TOKYOTECH_s05,32,16,32.53333333333333,-0.9638233184814453,0.907435948072754
TOKYOTECH_s05,32,17,32.56666666666667,-0.4449385106563568,0.9563533161545963
TOKYOTECH_s05,32,18,32.6,1.1396939754486084,0.9540048933781172
TOKYOTECH_s05,32,19,32.63333333333333,2.1661994457244873,0.9073807076659327
TOKYOTECH_s05,32,20,32.666666666666664,2.1472506523132324,0.8262187248952163
TOKYOTECH_s05,32,21,32.7,1.800321102142334,0.7238714494313268
TOKYOTECH_s05,32,22,32.733333333333334,1.4237574338912964,0.6146555546778528
TOKYOTECH_s05,32,23,32.766666666666666,1.0725092887878418,0.5082327759327391
TOKYOTECH_s05,32,24,32.8,0.8218556642532349,0.4053859485345838
TOKYOTECH_s05,32,25,32.833333333333336,0.5971497893333435,0.3001332965813399
TOKYOTECH_s05,32,26,32.86666666666667,0.4962792992591858,0.1882780628566029
TOKYOTECH_s05,32,27,32.9,0.6703895926475525,0.07636732202071388
TOKYOTECH_s05,32,28,32.93333333333333,0.7113771438598633,-0.016536082900225135
TOKYOTECH_s05,32,29,32.96666666666667,0.529929518699646,-0.06678277592860772
TOKYOTECH_s05,32,30,33.0,0.31162604689598083,-0.05791855155847691
TOKYOTECH_s05,32,31,33.03333333333333,-0.028322238475084305,0.01277820245315795
TOKYOTECH_s05,32,32,33.06666666666667,-0.32542189955711365,0.13600673406477576
TOKYOTECH_s05,32,33,33.1,-0.5841875672340393,0.2954526774861425
TOKYOTECH_s05,32,34,33.13333333333333,-0.6758597493171692,0.4701752898061652
TOKYOTECH_s05,32,35,33.166666666666664,-0.6989491581916809,0.6337983732087683
TOKYOTECH_s05,32,36,33.2,-0.7937023043632507,0.7553029813393577
TOKYOTECH_s05,32,37,33.233333333333334,-0.7743883728981018,0.8058957855564947
TOKYOTECH_s05,32,38,33.266666666666666,-0.7599273920059204,0.769882715022191
TOKYOTECH_s05,32,39,33.3,-0.8515372276306152,0.6518800647050699
TOKYOTECH_s05,32,40,33.333333333333336,-0.9501904845237732,0.4745420173762786
TOKYOTECH_s05,32,41,33.36666666666667,-0.8931658864021301,0.26798969251429394
TOKYOTECH_s05,32,42,33.4,0.02704613469541073,0.05785947242155747
TOKYOTECH_s05,32,43,33.43333333333333,1.528893232345581,-0.14095899739235893
TOKYOTECH_s05,32,44,33.46666666666667,2.0468251705169678,-0.32312116352166337
TOKYOTECH_s05,32,45,33.5,1.914975881576538,-0.4879999379006766
TOKYOTECH_s05,32,46,33.53333333333333,1.656450629234314,-0.6360670952771921
TOKYOTECH_s05,32,47,33.56666666666667,1.3174105882644653,-0.7680339383537544
TOKYOTECH_s05,32,48,33.6,0.9635445475578308,-0.8844612026174424
TOKYOTECH_s05,32,49,33.63333333333333,0.7013150453567505,-0.9830695874709905
TOKYOTECH_s05,32,50,33.666666666666664,0.5986635684967041,-1.0546373963350026
TOKYOTECH_s05,32,51,33.7,0.6268998384475708,-1.0817628050521886
TOKYOTECH_s05,32,52,33.733333333333334,0.7602006793022156,-1.0436176393962535
TOKYOTECH_s05,32,53,33.766666666666666,0.6900774836540222,-0.9252275025319042
TOKYOTECH_s05,32,54,33.8,0.3739221394062042,-0.7258425651883952
TOKYOTECH_s05,32,55,33.833333333333336,0.11185288429260254,-0.4610223012855924
TOKYOTECH_s05,32,56,33.86666666666667,-0.18308298289775848,-0.1575543335343876
TOKYOTECH_s05,32,57,33.9,-0.3871481120586395,0.1545241048471296
TOKYOTECH_s05,32,58,33.93333333333333,-0.5225593447685242,0.44717265690479385
TOKYOTECH_s05,32,59,33.96666666666667,-0.6751117706298828,0.6949336654820101
TOKYOTECH_s05,32,60,34.0,-0.6918700933456421,0.8746979455525756
TOKYOTECH_s05,32,61,34.03333333333333,-0.6530107259750366,0.9696793046313861
TOKYOTECH_s05,32,62,34.06666666666667,-0.6924132704734802,0.9766092728713256
TOKYOTECH_s05,32,63,34.1,-0.7363482117652893,0.9093763644960982
TOKYOTECH_s05,32,64,34.13333333333333,-0.841181218624115,0.7942385599553641
TOKYOTECH_s05,32,65,34.166666666666664,-0.9502350091934204,0.6587431824017091
TOKYOTECH_s05,32,66,34.2,-0.5824511647224426,0.5215609607573355
TOKYOTECH_s05,32,67,34.233333333333334,0.6454302072525024,0.38951981874119196
TOKYOTECH_s05,32,68,34.266666666666666,1.6892192363739014,0.2619979932765199
TOKYOTECH_s05,32,69,34.3,1.8850833177566528,0.13710210114924076
TOKYOTECH_s05,32,70,34.333333333333336,1.6221504211425781,0.013860210450000918
TOKYOTECH_s05,32,71,34.36666666666667,1.2102712392807007,-0.11035849533679869
TOKYOTECH_s05,32,72,34.4,0.8474472761154175,-0.24235762030308486
TOKYOTECH_s05,32,73,34.43333333333333,0.5486379265785217,-0.39015628261720914
TOKYOTECH_s05,32,74,34.46666666666667,0.3159714341163635,-0.5550850680296745
TOKYOTECH_s05,32,75,34.5,0.372666597366333,-0.725300960432478
TOKYOTECH_s05,32,76,34.53333333333333,0.6003910899162292,-0.8763220313857083
TOKYOTECH_s05,32,77,34.56666666666667,0.5363941788673401,-0.978410885634292
TOKYOTECH_s05,32,78,34.6,0.2946094870567322,-1.005584668513079
TOKYOTECH_s05,32,79,34.63333333333333,0.07824718952178955,-0.9409170681481218
TOKYOTECH_s05,32,80,34.666666666666664,-0.1595126986503601,-0.7775706646566539
TOKYOTECH_s05,32,81,34.7,-0.42724522948265076,-0.5192995298858403
TOKYOTECH_s05,32,82,34.733333333333334,-0.55303955078125,-0.1832469399674738
TOKYOTECH_s05,32,83,34.766666666666666,-0.7332227230072021,0.1967675013088247
TOKYOTECH_s05,32,84,34.8,-0.7561162710189819,0.5717491533767968
TOKYOTECH_s05,32,85,34.833333333333336,-0.7808708548545837,0.8874293973522837
TOKYOTECH_s05,32,86,34.86666666666667,-0.7625186443328857,1.0996379034373498
TOKYOTECH_s05,32,87,34.9,-0.8580553531646729,1.1869680391521438
TOKYOTECH_s05,32,88,34.93333333333333,-0.8713231086730957,1.1539819119852988
TOKYOTECH_s05,32,89,34.96666666666667,-0.9755595326423645,1.024490164595394
TOKYOTECH_s05,32,90,35.0,-1.0196458101272583,0.830241785465637
TOKYOTECH_s05,32,91,35.03333333333333,-0.3547801375389099,0.6017715110439709
TOKYOTECH_s05,32,92,35.06666666666667,1.055964708328247,0.364669385961409
TOKYOTECH_s05,32,93,35.1,1.8596253395080566,0.13966001883985962
TOKYOTECH_s05,32,94,35.13333333333333,1.798103928565979,-0.057273918099763746
TOKYOTECH_s05,32,95,35.166666666666664,1.44584059715271,-0.21674252117700618
TOKYOTECH_s05,32,96,35.2,1.0590189695358276,-0.3380907341457783
TOKYOTECH_s05,32,97,35.233333333333334,0.7896301746368408,-0.42849975647202915
TOKYOTECH_s05,32,98,35.266666666666666,0.5262697339057922,-0.4982799835776519
TOKYOTECH_s05,32,99,35.3,0.3043866455554962,-0.5555270479636543
TOKYOTECH_s05,32,100,35.333333333333336,0.3677690923213959,-0.6043189478994015
TOKYOTECH_s05,32,101,35.36666666666667,0.5546573996543884,-0.6470894580340306
TOKYOTECH_s05,32,102,35.4,0.4279637336730957,-0.6864619375206
TOKYOTECH_s05,32,103,35.43333333333333,0.246587336063385,-0.721610128720247
TOKYOTECH_s05,32,104,35.46666666666667,0.008311000652611256,-0.7415841168391181
TOKYOTECH_s05,32,105,35.5,-0.3554123640060425,-0.7241111679394953
TOKYOTECH_s05,32,106,35.53333333333333,-0.5368956327438354,-0.6447692982276059
TOKYOTECH_s05,32,107,35.56666666666667,-0.6861355304718018,-0.49198581317210466
TOKYOTECH_s05,32,108,35.6,-0.7932214140892029,-0.2771501981050158
TOKYOTECH_s05,32,109,35.63333333333333,-0.8476726412773132,-0.03149788978243956
TOKYOTECH_s05,32,110,35.666666666666664,-0.8717861175537109,0.20892085296668134
TOKYOTECH_s05,32,111,35.7,-0.8827119469642639,0.4197575112168098
TOKYOTECH_s05,32,112,35.733333333333334,-0.8713052868843079,0.5949685849360457
TOKYOTECH_s05,32,113,35.766666666666666,-0.9176622629165649,0.7398944706359499
TOKYOTECH_s05,32,114,35.8,-1.0287017822265625,0.857902119388946
TOKYOTECH_s05,32,115,35.833333333333336,-1.2239158153533936,0.9419941228331983
TOKYOTECH_s05,32,116,35.86666666666667,-1.286933183670044,0.9766146418831416
TOKYOTECH_s05,32,117,35.9,-0.9582580327987671,0.9458981207225756
TOKYOTECH_s05,32,118,35.93333333333333,0.39565810561180115,0.8417867313606333
TOKYOTECH_s05,32,119,35.96666666666667,1.6441534757614136,0.6682150314374383
TOKYOTECH_s05,32,120,36.0,1.9315383434295654,0.4409776318085652
TOKYOTECH_s05,32,121,36.03333333333333,1.772636890411377,0.18452050221702776
TOKYOTECH_s05,32,122,36.06666666666667,1.4809067249298096,-0.07319451897781808
TOKYOTECH_s05,32,123,36.1,1.146532654762268,-0.30696578003596114
TOKYOTECH_s05,32,124,36.13333333333333,0.9096187353134155,-0.5003993711196497
TOKYOTECH_s05,32,125,36.166666666666664,0.589937150478363,-0.6492758084389596
TOKYOTECH_s05,32,126,36.2,0.4591919183731079,-0.7596603181408471
TOKYOTECH_s05,32,127,36.233333333333334,0.6192152500152588,-0.840351119829687
TOKYOTECH_s05,32,128,36.266666666666666,0.6444329023361206,-0.8932980390355472
TOKYOTECH_s05,32,129,36.3,0.5004644393920898,-0.9083999163596745
TOKYOTECH_s05,32,130,36.333333333333336,0.21572424471378326,-0.8675035285000013
TOKYOTECH_s05,32,131,36.36666666666667,-0.08546261489391327,-0.7562743361767167
TOKYOTECH_s05,32,132,36.4,-0.33617857098579407,-0.5756357204284475
TOKYOTECH_s05,32,133,36.43333333333333,-0.49204349517822266,-0.343826956768353
TOKYOTECH_s05,32,134,36.46666666666667,-0.6118094325065613,-0.08828286406283162
TOKYOTECH_s05,32,135,36.5,-0.688664436340332,0.165005386918246
TOKYOTECH_s05,32,136,36.53333333333333,-0.7475233674049377,0.39692105180361376
TOKYOTECH_s05,32,137,36.56666666666667,-0.8247702121734619,0.5940886686240597
TOKYOTECH_s05,32,138,36.6,-0.782776415348053,0.7455789288698444
TOKYOTECH_s05,32,139,36.63333333333333,-0.7983771562576294,0.8423828447905307
TOKYOTECH_s05,32,140,36.666666666666664,-0.9188465476036072,0.8800725295382555
TOKYOTECH_s05,32,141,36.7,-1.035112977027893,0.8608643905519912
TOKYOTECH_s05,32,142,36.733333333333334,-1.158948302268982,0.7920401698436372
TOKYOTECH_s05,32,143,36.766666666666666,-1.1042567491531372,0.6817206216365073
TOKYOTECH_s05,32,144,36.8,-0.2018626481294632,0.5358721818856692
TOKYOTECH_s05,32,145,36.833333333333336,1.2223368883132935,0.3594882416932434
TOKYOTECH_s05,32,146,36.86666666666667,1.761310338973999,0.16071609130925688
TOKYOTECH_s05,32,147,36.9,1.5624632835388184,-0.04668411321389282
TOKYOTECH_s05,32,148,36.93333333333333,1.1577701568603516,-0.246183266811892
TOKYOTECH_s05,32,149,36.96666666666667,0.8228351473808289,-0.4255033255496082
TOKYOTECH_s05,32,150,37.0,0.4594857692718506,-0.5819302065430925
TOKYOTECH_s05,32,151,37.03333333333333,0.15148694813251495,-0.7200364095684655
TOKYOTECH_s05,32,152,37.06666666666667,0.07440933585166931,-0.8419979927975033
TOKYOTECH_s05,32,153,37.1,0.3708500564098358,-0.9376016434828308
TOKYOTECH_s05,32,154,37.13333333333333,0.48131078481674194,-0.9824624738044823
TOKYOTECH_s05,32,155,37.166666666666664,0.3279213309288025,-0.9474081254364655
TOKYOTECH_s05,32,156,37.2,0.07820266485214233,-0.8132941958672155
TOKYOTECH_s05,32,157,37.233333333333334,-0.19808712601661682,-0.5813874806798457
TOKYOTECH_s05,32,158,37.266666666666666,-0.4666922986507416,-0.27398880977814055
TOKYOTECH_s05,32,159,37.3,-0.6918967962265015,0.07232279713015492
TOKYOTECH_s05,32,160,37.333333333333336,-0.7818503379821777,0.41507871883733416
TOKYOTECH_s05,32,161,37.36666666666667,-0.8389105796813965,0.7124449701743687
TOKYOTECH_s05,32,162,37.4,-0.8776898384094238,0.9286918638856259
TOKYOTECH_s05,32,163,37.43333333333333,-0.889621913433075,1.0407888260308111
TOKYOTECH_s05,32,164,37.46666666666667,-0.9210904836654663,1.0449322411795197
TOKYOTECH_s05,32,165,37.5,-0.9614102244377136,0.9583288310064371
TOKYOTECH_s05,32,166,37.53333333333333,-1.0388439893722534,0.8129218965272796
TOKYOTECH_s05,32,167,37.56666666666667,-1.1062157154083252,0.6429912484753636
TOKYOTECH_s05,32,168,37.6,-0.5415794253349304,0.47322721101663257
TOKYOTECH_s05,32,169,37.63333333333333,0.8135388493537903,0.3139262087604011
TOKYOTECH_s05,32,170,37.666666666666664,1.705363154411316,0.1647073872602758
TOKYOTECH_s05,32,171,37.7,1.7082661390304565,0.021999203542698804
TOKYOTECH_s05,32,172,37.733333333333334,1.34212064743042,-0.11632183917040229
TOKYOTECH_s05,32,173,37.766666666666666,0.9425387382507324,-0.2519535684110474
TOKYOTECH_s05,32,174,37.8,0.5336961150169373,-0.38929473549739574
TOKYOTECH_s05,32,175,37.833333333333336,0.19470953941345215,-0.534709099440769
TOKYOTECH_s05,32,176,37.86666666666667,0.06880838423967361,-0.6906446492972586
TOKYOTECH_s05,32,177,37.9,0.14303655922412872,-0.8494088189781305
TOKYOTECH_s05,32,178,37.93333333333333,0.35421639680862427,-0.9920743238543622
TOKYOTECH_s05,32,179,37.96666666666667,0.3703959286212921,-1.0934908656611009
TOKYOTECH_s05,32,180,38.0,0.10432855784893036,-1.1293862764551157
TOKYOTECH_s05,32,181,38.03333333333333,-0.22123000025749207,-1.0807839950999563
TOKYOTECH_s05,32,182,38.06666666666667,-0.40119946002960205,-0.9352825398023498
TOKYOTECH_s05,32,183,38.1,-0.6844437122344971,-0.6887626368739007
TOKYOTECH_s05,32,184,38.13333333333333,-0.8888382911682129,-0.3498250180130473
TOKYOTECH_s05,32,185,38.166666666666664,-0.9270387291908264,0.05545153855519949
TOKYOTECH_s05,32,186,38.2,-0.9887382388114929,0.48386383947000766
TOKYOTECH_s05,32,187,38.233333333333334,-1.0001806020736694,0.8837526598828286
TOKYOTECH_s05,32,188,38.266666666666666,-0.9788363575935364,1.208618001688353
TOKYOTECH_s05,32,189,38.3,-0.9640014171600342,1.4278545954779254
TOKYOTECH_s05,32,190,38.333333333333336,-1.078193187713623,1.5293234838643284
TOKYOTECH_s05,32,191,38.36666666666667,-1.1340868473052979,1.514826984340053
TOKYOTECH_s05,32,192,38.4,-1.229347586631775,1.393733972793623
TOKYOTECH_s05,32,193,38.43333333333333,-0.8881081342697144,1.1795937211394911
TOKYOTECH_s05,32,194,38.46666666666667,0.635750949382782,0.8907427769975975
TOKYOTECH_s05,32,195,38.5,1.8424484729766846,0.5520073911216108
TOKYOTECH_s05,32,196,38.53333333333333,2.0155880451202393,0.19369892243462902
TOKYOTECH_s05,32,197,38.56666666666667,1.790632963180542,-0.15335340404384143
TOKYOTECH_s05,32,198,38.6,1.515741229057312,-0.46411189488302784
TOKYOTECH_s05,32,199,38.63333333333333,1.158918857574463,-0.7228301733664185
TOKYOTECH_s05,32,200,38.666666666666664,0.8779541850090027,-0.9221638223128239
TOKYOTECH_s05,32,201,38.7,0.6703628897666931,-1.060125723043127
TOKYOTECH_s05,32,202,38.733333333333334,0.5129307508468628,-1.1382876417160557
TOKYOTECH_s05,32,203,38.766666666666666,0.49606558680534363,-1.1622446781888893
TOKYOTECH_s05,32,204,38.8,0.5943359732627869,-1.1416938966756782
TOKYOTECH_s05,32,205,38.833333333333336,0.4460844397544861,-1.0868799533033389
TOKYOTECH_s05,32,206,38.86666666666667,0.20712246000766754,-1.0023402701726694
TOKYOTECH_s05,32,207,38.9,-0.06255125254392624,-0.8832753854309169
TOKYOTECH_s05,32,208,38.93333333333333,-0.39809179306030273,-0.719208007540593
TOKYOTECH_s05,32,209,38.96666666666667,-0.5812045335769653,-0.5038335395452526
TOKYOTECH_s05,32,210,39.0,-0.7463657855987549,-0.24368404531761428
TOKYOTECH_s05,32,211,39.03333333333333,-0.8055096864700317,0.041879557607084936
TOKYOTECH_s05,32,212,39.06666666666667,-0.8817146420478821,0.3289754258163116
TOKYOTECH_s05,32,213,39.1,-0.9357117414474487,0.5978178722282338
TOKYOTECH_s05,32,214,39.13333333333333,-0.9138333201408386,0.8344761179419652
TOKYOTECH_s05,32,215,39.166666666666664,-0.960875928401947,1.026066039446798
TOKYOTECH_s05,32,216,39.2,-1.0753437280654907,1.1563672954281894
TOKYOTECH_s05,32,217,39.233333333333334,-1.1409255266189575,1.2084946958559508
TOKYOTECH_s05,32,218,39.266666666666666,-1.286372184753418,1.1735527419035263
TOKYOTECH_s05,32,219,39.3,-1.035914421081543,1.0574371468705384
TOKYOTECH_s05,32,220,39.333333333333336,0.32070866227149963,0.8795077655045834
TOKYOTECH_s05,32,221,39.36666666666667,1.7064940929412842,0.6641958967125211
TOKYOTECH_s05,32,222,39.4,1.9194904565811157,0.4324363658956373
TOKYOTECH_s05,32,223,39.43333333333333,1.6108059883117676,0.19918811454582389
TOKYOTECH_s05,32,224,39.46666666666667,1.3498320579528809,-0.023235868191289102
TOKYOTECH_s05,32,225,39.5,1.121715784072876,-0.22182277856047397
TOKYOTECH_s05,32,226,39.53333333333333,0.7567546367645264,-0.3839901911043929
TOKYOTECH_s05,32,227,39.56666666666667,0.5086298584938049,-0.5019930538401889
TOKYOTECH_s05,32,228,39.6,0.3624085783958435,-0.5754069744293043
TOKYOTECH_s05,32,229,39.63333333333333,0.32564178109169006,-0.6078802893134054
TOKYOTECH_s05,32,230,39.666666666666664,0.4660305976867676,-0.6002924569491322
TOKYOTECH_s05,32,231,39.7,0.3325694799423218,-0.5472221347589502
TOKYOTECH_s05,32,232,39.733333333333334,0.13774725794792175,-0.44207693995487407
TOKYOTECH_s05,32,233,39.766666666666666,-0.16253133118152618,-0.28912254112646885
TOKYOTECH_s05,32,234,39.8,-0.44404807686805725,-0.1133431900898704
TOKYOTECH_s05,32,235,39.833333333333336,-0.7176932096481323,0.04156684281412311
TOKYOTECH_s05,32,236,39.86666666666667,-0.797531247138977,0.12865228341059626
TOKYOTECH_s05,32,237,39.9,-0.853193461894989,0.11841714951432729
TOKYOTECH_s05,32,238,39.93333333333333,-0.9759958386421204,0.013475118938540368
TOKYOTECH_s05,32,239,39.96666666666667,-0.965301513671875,-0.1501896547598656
TOKYOTECH_s05,33,0,33.0,0.31162604689598083,0.07134641898532657
TOKYOTECH_s05,33,1,33.03333333333333,-0.028322238475084305,-1.2049963456174806
TOKYOTECH_s05,33,2,33.06666666666667,-0.32542189955711365,-2.249015842741676
TOKYOTECH_s05,33,3,33.1,-0.5841875672340393,-2.88982973973858
TOKYOTECH_s05,33,4,33.13333333333333,-0.6758597493171692,-3.0624314817649605
TOKYOTECH_s05,33,5,33.166666666666664,-0.6989491581916809,-2.8189104082616394
TOKYOTECH_s05,33,6,33.2,-0.7937023043632507,-2.3010519451331333
TOKYOTECH_s05,33,7,33.233333333333334,-0.7743883728981018,-1.6860670507741145
TOKYOTECH_s05,33,8,33.266666666666666,-0.7599273920059204,-1.1286515574653149
TOKYOTECH_s05,33,9,33.3,-0.8515372276306152,-0.7218372208367105
TOKYOTECH_s05,33,10,33.333333333333336,-0.9501904845237732,-0.48771624901490496
TOKYOTECH_s05,33,11,33.36666666666667,-0.8931658864021301,-0.39427068676229293
TOKYOTECH_s05,33,12,33.4,0.02704613469541073,-0.3843690220867358
TOKYOTECH_s05,33,13,33.43333333333333,1.528893232345581,-0.40189259374913255
TOKYOTECH_s05,33,14,33.46666666666667,2.0468251705169678,-0.4068330433535369
TOKYOTECH_s05,33,15,33.5,1.914975881576538,-0.37968369123038354
TOKYOTECH_s05,33,16,33.53333333333333,1.656450629234314,-0.31946893019172956
TOKYOTECH_s05,33,17,33.56666666666667,1.3174105882644653,-0.23879115297649842
TOKYOTECH_s05,33,18,33.6,0.9635445475578308,-0.1565876744626306
TOKYOTECH_s05,33,19,33.63333333333333,0.7013150453567505,-0.08870465492056469
TOKYOTECH_s05,33,20,33.666666666666664,0.5986635684967041,-0.039035168690112684
TOKYOTECH_s05,33,21,33.7,0.6268998384475708,0.0037852769737602467
TOKYOTECH_s05,33,22,33.733333333333334,0.7602006793022156,0.06108904976711328
TOKYOTECH_s05,33,23,33.766666666666666,0.6900774836540222,0.15270410393412648
TOKYOTECH_s05,33,24,33.8,0.3739221394062042,0.2865967182363137
TOKYOTECH_s05,33,25,33.833333333333336,0.11185288429260254,0.4564286717328902
TOKYOTECH_s05,33,26,33.86666666666667,-0.18308298289775848,0.6471110488843079
TOKYOTECH_s05,33,27,33.9,-0.3871481120586395,0.8418830619528501
TOKYOTECH_s05,33,28,33.93333333333333,-0.5225593447685242,1.0245327936203303
TOKYOTECH_s05,33,29,33.96666666666667,-0.6751117706298828,1.1764952576168222
TOKYOTECH_s05,33,30,34.0,-0.6918700933456421,1.274970736946712
TOKYOTECH_s05,33,31,34.03333333333333,-0.6530107259750366,1.2980648265300105
TOKYOTECH_s05,33,32,34.06666666666667,-0.6924132704734802,1.2350829418743154
TOKYOTECH_s05,33,33,34.1,-0.7363482117652893,1.0934565376984997
TOKYOTECH_s05,33,34,34.13333333333333,-0.841181218624115,0.896271534776438
TOKYOTECH_s05,33,35,34.166666666666664,-0.9502350091934204,0.6722176802240843
TOKYOTECH_s05,33,36,34.2,-0.5824511647224426,0.4449209160982481
TOKYOTECH_s05,33,37,34.233333333333334,0.6454302072525024,0.2278791218056146
TOKYOTECH_s05,33,38,34.266666666666666,1.6892192363739014,0.026169010004191966
TOKYOTECH_s05,33,39,34.3,1.8850833177566528,-0.1589500020899998
TOKYOTECH_s05,33,40,34.333333333333336,1.6221504211425781,-0.32752850924612437
TOKYOTECH_s05,33,41,34.36666666666667,1.2102712392807007,-0.482138820181579
TOKYOTECH_s05,33,42,34.4,0.8474472761154175,-0.6294978603702988
TOKYOTECH_s05,33,43,34.43333333333333,0.5486379265785217,-0.7779207819009211
TOKYOTECH_s05,33,44,34.46666666666667,0.3159714341163635,-0.9305082100440855
TOKYOTECH_s05,33,45,34.5,0.372666597366333,-1.0790493324769423
TOKYOTECH_s05,33,46,34.53333333333333,0.6003910899162292,-1.2035752688468946
TOKYOTECH_s05,33,47,34.56666666666667,0.5363941788673401,-1.277970611073182
TOKYOTECH_s05,33,48,34.6,0.2946094870567322,-1.277486203253342
TOKYOTECH_s05,33,49,34.63333333333333,0.07824718952178955,-1.1835206561393647
TOKYOTECH_s05,33,50,34.666666666666664,-0.1595126986503601,-0.9852275889525228
TOKYOTECH_s05,33,51,34.7,-0.42724522948265076,-0.6815874604319606
TOKYOTECH_s05,33,52,34.733333333333334,-0.55303955078125,-0.28677238355222073
TOKYOTECH_s05,33,53,34.766666666666666,-0.7332227230072021,0.16351683422116237
TOKYOTECH_s05,33,54,34.8,-0.7561162710189819,0.6118452077117997
TOKYOTECH_s05,33,55,34.833333333333336,-0.7808708548545837,0.9905636301940228
TOKYOTECH_s05,33,56,34.86666666666667,-0.7625186443328857,1.2419227872889644
TOKYOTECH_s05,33,57,34.9,-0.8580553531646729,1.3360410177644717
TOKYOTECH_s05,33,58,34.93333333333333,-0.8713231086730957,1.277308646875512
TOKYOTECH_s05,33,59,34.96666666666667,-0.9755595326423645,1.0977251053245702
TOKYOTECH_s05,33,60,35.0,-1.0196458101272583,0.8430468573755976
TOKYOTECH_s05,33,61,35.03333333333333,-0.3547801375389099,0.5597469143811827
TOKYOTECH_s05,33,62,35.06666666666667,1.055964708328247,0.2872189249280956
TOKYOTECH_s05,33,63,35.1,1.8596253395080566,0.054454409837473815
TOKYOTECH_s05,33,64,35.13333333333333,1.798103928565979,-0.12185609649878981
TOKYOTECH_s05,33,65,35.166666666666664,1.44584059715271,-0.23918096949367038
TOKYOTECH_s05,33,66,35.2,1.0590189695358276,-0.3090439553252063
TOKYOTECH_s05,33,67,35.233333333333334,0.7896301746368408,-0.35216335955919464
TOKYOTECH_s05,33,68,35.266666666666666,0.5262697339057922,-0.38942489972798544
TOKYOTECH_s05,33,69,35.3,0.3043866455554962,-0.433463486323191
TOKYOTECH_s05,33,70,35.333333333333336,0.3677690923213959,-0.48601179697699365
TOKYOTECH_s05,33,71,35.36666666666667,0.5546573996543884,-0.5417070278145438
TOKYOTECH_s05,33,72,35.4,0.4279637336730957,-0.5930892803054222
TOKYOTECH_s05,33,73,35.43333333333333,0.246587336063385,-0.6308803519355012
TOKYOTECH_s05,33,74,35.46666666666667,0.008311000652611256,-0.6405874731705388
TOKYOTECH_s05,33,75,35.5,-0.3554123640060425,-0.6026622288894069
TOKYOTECH_s05,33,76,35.53333333333333,-0.5368956327438354,-0.500754583117066
TOKYOTECH_s05,33,77,35.56666666666667,-0.6861355304718018,-0.3340599184234803
TOKYOTECH_s05,33,78,35.6,-0.7932214140892029,-0.1238050123423218
TOKYOTECH_s05,33,79,35.63333333333333,-0.8476726412773132,0.09354663897241915
TOKYOTECH_s05,33,80,35.666666666666664,-0.8717861175537109,0.2835458921876822
TOKYOTECH_s05,33,81,35.7,-0.8827119469642639,0.4296489923624968
TOKYOTECH_s05,33,82,35.733333333333334,-0.8713052868843079,0.5365869395743046
TOKYOTECH_s05,33,83,35.766666666666666,-0.9176622629165649,0.6195907001974716
TOKYOTECH_s05,33,84,35.8,-1.0287017822265625,0.6887415653036818
TOKYOTECH_s05,33,85,35.833333333333336,-1.2239158153533936,0.7406701817747537
TOKYOTECH_s05,33,86,35.86666666666667,-1.286933183670044,0.7618902452654903
TOKYOTECH_s05,33,87,35.9,-0.9582580327987671,0.7382005991792226
TOKYOTECH_s05,33,88,35.93333333333333,0.39565810561180115,0.6623909548691017
TOKYOTECH_s05,33,89,35.96666666666667,1.6441534757614136,0.5366653206902177
TOKYOTECH_s05,33,90,36.0,1.9315383434295654,0.3706965268783805
TOKYOTECH_s05,33,91,36.03333333333333,1.772636890411377,0.17811342027716007
TOKYOTECH_s05,33,92,36.06666666666667,1.4809067249298096,-0.026453122692867162
TOKYOTECH_s05,33,93,36.1,1.146532654762268,-0.2293047233405642
TOKYOTECH_s05,33,94,36.13333333333333,0.9096187353134155,-0.4190462080128011
TOKYOTECH_s05,33,95,36.166666666666664,0.589937150478363,-0.58744639055011
TOKYOTECH_s05,33,96,36.2,0.4591919183731079,-0.7288798261320669
TOKYOTECH_s05,33,97,36.233333333333334,0.6192152500152588,-0.8375886074301854
TOKYOTECH_s05,33,98,36.266666666666666,0.6444329023361206,-0.9040017511132264
TOKYOTECH_s05,33,99,36.3,0.5004644393920898,-0.9135312014476737
TOKYOTECH_s05,33,100,36.333333333333336,0.21572424471378326,-0.8510669075282423
TOKYOTECH_s05,33,101,36.36666666666667,-0.08546261489391327,-0.7103372667897563
TOKYOTECH_s05,33,102,36.4,-0.33617857098579407,-0.5015503158013244
TOKYOTECH_s05,33,103,36.43333333333333,-0.49204349517822266,-0.2501420345105755
TOKYOTECH_s05,33,104,36.46666666666667,-0.6118094325065613,0.013029361300761674
TOKYOTECH_s05,33,105,36.5,-0.688664436340332,0.2621619772635595
TOKYOTECH_s05,33,106,36.53333333333333,-0.7475233674049377,0.48053240765459154
TOKYOTECH_s05,33,107,36.56666666666667,-0.8247702121734619,0.6576630143926471
TOKYOTECH_s05,33,108,36.6,-0.782776415348053,0.7847949209290267
TOKYOTECH_s05,33,109,36.63333333333333,-0.7983771562576294,0.85394781524345
TOKYOTECH_s05,33,110,36.666666666666664,-0.9188465476036072,0.8610387549290301
TOKYOTECH_s05,33,111,36.7,-1.035112977027893,0.8090227730108669
TOKYOTECH_s05,33,112,36.733333333333334,-1.158948302268982,0.70734138248897
TOKYOTECH_s05,33,113,36.766666666666666,-1.1042567491531372,0.5678831769948512
TOKYOTECH_s05,33,114,36.8,-0.2018626481294632,0.40104398643454836
TOKYOTECH_s05,33,115,36.833333333333336,1.2223368883132935,0.2153263171322281
TOKYOTECH_s05,33,116,36.86666666666667,1.761310338973999,0.020235541998603696
TOKYOTECH_s05,33,117,36.9,1.5624632835388184,-0.1713443283979399
TOKYOTECH_s05,33,118,36.93333333333333,1.1577701568603516,-0.3449397896301653
TOKYOTECH_s05,33,119,36.96666666666667,0.8228351473808289,-0.4901878812583994
TOKYOTECH_s05,33,120,37.0,0.4594857692718506,-0.6056984536132308
TOKYOTECH_s05,33,121,37.03333333333333,0.15148694813251495,-0.6976767103419717
TOKYOTECH_s05,33,122,37.06666666666667,0.07440933585166931,-0.7717497039826804
TOKYOTECH_s05,33,123,37.1,0.3708500564098358,-0.8236313847075903
TOKYOTECH_s05,33,124,37.13333333333333,0.48131078481674194,-0.8362213740974945
TOKYOTECH_s05,33,125,37.166666666666664,0.3279213309288025,-0.7864675500154552
TOKYOTECH_s05,33,126,37.2,0.07820266485214233,-0.6576546337442795
TOKYOTECH_s05,33,127,37.233333333333334,-0.19808712601661682,-0.4487106256968385
TOKYOTECH_s05,33,128,37.266666666666666,-0.4666922986507416,-0.17575632922833392
TOKYOTECH_s05,33,129,37.3,-0.6918967962265015,0.13225616250774747
TOKYOTECH_s05,33,130,37.333333333333336,-0.7818503379821777,0.4391524804879905
TOKYOTECH_s05,33,131,37.36666666666667,-0.8389105796813965,0.7060601147147665
TOKYOTECH_s05,33,132,37.4,-0.8776898384094238,0.896654320004822
TOKYOTECH_s05,33,133,37.43333333333333,-0.889621913433075,0.9855420316314852
TOKYOTECH_s05,33,134,37.46666666666667,-0.9210904836654663,0.9674943735833681
TOKYOTECH_s05,33,135,37.5,-0.9614102244377136,0.861018329438277
TOKYOTECH_s05,33,136,37.53333333333333,-1.0388439893722534,0.7018616745564976
TOKYOTECH_s05,33,137,37.56666666666667,-1.1062157154083252,0.5287161038743144
TOKYOTECH_s05,33,138,37.6,-0.5415794253349304,0.36893377507374997
TOKYOTECH_s05,33,139,37.63333333333333,0.8135388493537903,0.23213916013975217
TOKYOTECH_s05,33,140,37.666666666666664,1.705363154411316,0.11383703931184129
TOKYOTECH_s05,33,141,37.7,1.7082661390304565,0.004279610736160823
TOKYOTECH_s05,33,142,37.733333333333334,1.34212064743042,-0.10458026971253948
TOKYOTECH_s05,33,143,37.766666666666666,0.9425387382507324,-0.21785182580130472
TOKYOTECH_s05,33,144,37.8,0.5336961150169373,-0.3398167810748439
TOKYOTECH_s05,33,145,37.833333333333336,0.19470953941345215,-0.47411902410432216
TOKYOTECH_s05,33,146,37.86666666666667,0.06880838423967361,-0.6202215086018399
TOKYOTECH_s05,33,147,37.9,0.14303655922412872,-0.769423271190891
TOKYOTECH_s05,33,148,37.93333333333333,0.35421639680862427,-0.9045587871510127
TOKYOTECH_s05,33,149,37.96666666666667,0.3703959286212921,-1.0039618184165973
TOKYOTECH_s05,33,150,38.0,0.10432855784893036,-1.0462759089712588
TOKYOTECH_s05,33,151,38.03333333333333,-0.22123000025749207,-1.0126663369206843
TOKYOTECH_s05,33,152,38.06666666666667,-0.40119946002960205,-0.8875393215203659
TOKYOTECH_s05,33,153,38.1,-0.6844437122344971,-0.6620357841737985
TOKYOTECH_s05,33,154,38.13333333333333,-0.8888382911682129,-0.3414795468014556
TOKYOTECH_s05,33,155,38.166666666666664,-0.9270387291908264,0.0478864323756899
TOKYOTECH_s05,33,156,38.2,-0.9887382388114929,0.4597335254859971
TOKYOTECH_s05,33,157,38.233333333333334,-1.0001806020736694,0.8387945016382402
TOKYOTECH_s05,33,158,38.266666666666666,-0.9788363575935364,1.1372138097387552
TOKYOTECH_s05,33,159,38.3,-0.9640014171600342,1.3265428086144844
TOKYOTECH_s05,33,160,38.333333333333336,-1.078193187713623,1.3994362951759112
TOKYOTECH_s05,33,161,38.36666666666667,-1.1340868473052979,1.3628211280896554
TOKYOTECH_s05,33,162,38.4,-1.229347586631775,1.2292971638014834
TOKYOTECH_s05,33,163,38.43333333333333,-0.8881081342697144,1.0129308384197064
TOKYOTECH_s05,33,164,38.46666666666667,0.635750949382782,0.7307434362197773
TOKYOTECH_s05,33,165,38.5,1.8424484729766846,0.40622197609115684
TOKYOTECH_s05,33,166,38.53333333333333,2.0155880451202393,0.06987855473675333
TOKYOTECH_s05,33,167,38.56666666666667,1.790632963180542,-0.2452729321993715
TOKYOTECH_s05,33,168,38.6,1.515741229057312,-0.5109696555467786
TOKYOTECH_s05,33,169,38.63333333333333,1.158918857574463,-0.7092184316919795
TOKYOTECH_s05,33,170,38.666666666666664,0.8779541850090027,-0.8337987171262399
TOKYOTECH_s05,33,171,38.7,0.6703628897666931,-0.8890200560269509
TOKYOTECH_s05,33,172,38.733333333333334,0.5129307508468628,-0.8880517783951561
TOKYOTECH_s05,33,173,38.766666666666666,0.49606558680534363,-0.8511143340935703
TOKYOTECH_s05,33,174,38.8,0.5943359732627869,-0.8011802874586633
TOKYOTECH_s05,33,175,38.833333333333336,0.4460844397544861,-0.7555320078002008
TOKYOTECH_s05,33,176,38.86666666666667,0.20712246000766754,-0.7164639753958758
TOKYOTECH_s05,33,177,38.9,-0.06255125254392624,-0.6681724046896464
TOKYOTECH_s05,33,178,38.93333333333333,-0.39809179306030273,-0.5842233220404661
TOKYOTECH_s05,33,179,38.96666666666667,-0.5812045335769653,-0.4424852041525467
TOKYOTECH_s05,33,180,39.0,-0.7463657855987549,-0.23801255802178756
TOKYOTECH_s05,33,181,39.03333333333333,-0.8055096864700317,0.01474629558781724
TOKYOTECH_s05,33,182,39.06666666666667,-0.8817146420478821,0.29021924268284666
TOKYOTECH_s05,33,183,39.1,-0.9357117414474487,0.5619924496954982
TOKYOTECH_s05,33,184,39.13333333333333,-0.9138333201408386,0.807052406158412
TOKYOTECH_s05,33,185,39.166666666666664,-0.960875928401947,1.0034074251665919
TOKYOTECH_s05,33,186,39.2,-1.0753437280654907,1.1276693633475379
TOKYOTECH_s05,33,187,39.233333333333334,-1.1409255266189575,1.1591991376411976
TOKYOTECH_s05,33,188,39.266666666666666,-1.286372184753418,1.0896326633899878
TOKYOTECH_s05,33,189,39.3,-1.035914421081543,0.9296093929133069
TOKYOTECH_s05,33,190,39.333333333333336,0.32070866227149963,0.7062151048189996
TOKYOTECH_s05,33,191,39.36666666666667,1.7064940929412842,0.45250881246978214
TOKYOTECH_s05,33,192,39.4,1.9194904565811157,0.19685962508828844
TOKYOTECH_s05,33,193,39.43333333333333,1.6108059883117676,-0.04083473352653236
TOKYOTECH_s05,33,194,39.46666666666667,1.3498320579528809,-0.24625734047401435
TOKYOTECH_s05,33,195,39.5,1.121715784072876,-0.40759091761803784
TOKYOTECH_s05,33,196,39.53333333333333,0.7567546367645264,-0.5174396318055384
TOKYOTECH_s05,33,197,39.56666666666667,0.5086298584938049,-0.578502596821685
TOKYOTECH_s05,33,198,39.6,0.3624085783958435,-0.6067386083046886
TOKYOTECH_s05,33,199,39.63333333333333,0.32564178109169006,-0.6265388464855731
TOKYOTECH_s05,33,200,39.666666666666664,0.4660305976867676,-0.658723667440277
TOKYOTECH_s05,33,201,39.7,0.3325694799423218,-0.7085707993650121
TOKYOTECH_s05,33,202,39.733333333333334,0.13774725794792175,-0.7619359105664106
TOKYOTECH_s05,33,203,39.766666666666666,-0.16253133118152618,-0.792082414317566
TOKYOTECH_s05,33,204,39.8,-0.44404807686805725,-0.7720953757670908
TOKYOTECH_s05,33,205,39.833333333333336,-0.7176932096481323,-0.6845281174013085
TOKYOTECH_s05,33,206,39.86666666666667,-0.797531247138977,-0.5244088647706516
TOKYOTECH_s05,33,207,39.9,-0.853193461894989,-0.2984775342613333
TOKYOTECH_s05,33,208,39.93333333333333,-0.9759958386421204,-0.025376006303311584
TOKYOTECH_s05,33,209,39.96666666666667,-0.965301513671875,0.2628136319251564
TOKYOTECH_s05,33,210,40.0,-0.9686228632926941,0.5232207867074352
TOKYOTECH_s05,33,211,40.03333333333333,-1.0238487720489502,0.7140970159446923
TOKYOTECH_s05,33,212,40.06666666666667,-1.029414176940918,0.8118647117899347
TOKYOTECH_s05,33,213,40.1,-1.133392333984375,0.821418223438058
TOKYOTECH_s05,33,214,40.13333333333333,-1.332185983657837,0.7712187688730252
TOKYOTECH_s05,33,215,40.166666666666664,-1.3802348375320435,0.695917265705687
TOKYOTECH_s05,33,216,40.2,-0.9425771236419678,0.6183157586165606
TOKYOTECH_s05,33,217,40.233333333333334,0.4848814904689789,0.5424194239973869
TOKYOTECH_s05,33,218,40.266666666666666,1.6952476501464844,0.46004316736212747
TOKYOTECH_s05,33,219,40.3,1.8222529888153076,0.3631369233577481
TOKYOTECH_s05,33,220,40.333333333333336,1.438761591911316,0.2512886797844097
TOKYOTECH_s05,33,221,40.36666666666667,1.044317603111267,0.12973850156891986
TOKYOTECH_s05,33,222,40.4,0.7654098272323608,0.002289463462848469
TOKYOTECH_s05,33,223,40.43333333333333,0.45826584100723267,-0.13236375506090886
TOKYOTECH_s05,33,224,40.46666666666667,0.11029459536075592,-0.27694700882799794
TOKYOTECH_s05,33,225,40.5,0.15227945148944855,-0.42816584872505586
TOKYOTECH_s05,33,226,40.53333333333333,0.3952306807041168,-0.571979548684771
TOKYOTECH_s05,33,227,40.56666666666667,0.3867891728878021,-0.6849892155911422
TOKYOTECH_s05,33,228,40.6,0.2718762159347534,-0.7400369619632438
TOKYOTECH_s05,33,229,40.63333333333333,-0.010335086844861507,-0.711764946297965
TOKYOTECH_s05,33,230,40.666666666666664,-0.3034989535808563,-0.5807291416892062
TOKYOTECH_s05,33,231,40.7,-0.5205290913581848,-0.33880574945002434
TOKYOTECH_s05,33,232,40.733333333333334,-0.7359474897384644,0.001319361118603576
TOKYOTECH_s05,33,233,40.766666666666666,-0.7829011082649231,0.3954085776373396
TOKYOTECH_s05,33,234,40.8,-0.8779569268226624,0.765663408429502
TOKYOTECH_s05,33,235,40.833333333333336,-0.9183568358421326,1.0167843386433881
TOKYOTECH_s05,33,236,40.86666666666667,-0.8806015849113464,1.0674561418512298
TOKYOTECH_s05,33,237,40.9,-0.9080631732940674,0.8823738412055788
TOKYOTECH_s05,33,238,40.93333333333333,-0.9701010584831238,0.4891574815522082
TOKYOTECH_s05,33,239,40.96666666666667,-1.0990653038024902,-0.02665473665282042
TOKYOTECH_s05,34,0,34.0,-0.6918700933456421,0.06440868283218931
TOKYOTECH_s05,34,1,34.03333333333333,-0.6530107259750366,-1.256768293567334
TOKYOTECH_s05,34,2,34.06666666666667,-0.6924132704734802,-2.3739324380591116
TOKYOTECH_s05,34,3,34.1,-0.7363482117652893,-3.1295594713796344
TOKYOTECH_s05,34,4,34.13333333333333,-0.841181218624115,-3.4508329499635355
TOKYOTECH_s05,34,5,34.166666666666664,-0.9502350091934204,-3.362629377002351
TOKYOTECH_s05,34,6,34.2,-0.5824511647224426,-2.97009593101093
TOKYOTECH_s05,34,7,34.233333333333334,0.6454302072525024,-2.4175442797909463
TOKYOTECH_s05,34,8,34.266666666666666,1.6892192363739014,-1.8414317743808999
TOKYOTECH_s05,34,9,34.3,1.8850833177566528,-1.3367091351504248
TOKYOTECH_s05,34,10,34.333333333333336,1.6221504211425781,-0.9470411465241613
TOKYOTECH_s05,34,11,34.36666666666667,1.2102712392807007,-0.6760658551003831
TOKYOTECH_s05,34,12,34.4,0.8474472761154175,-0.5070482081638382
TOKYOTECH_s05,34,13,34.43333333333333,0.5486379265785217,-0.41768893694606
TOKYOTECH_s05,34,14,34.46666666666667,0.3159714341163635,-0.38504748283384904
TOKYOTECH_s05,34,15,34.5,0.372666597366333,-0.38454827674814634
TOKYOTECH_s05,34,16,34.53333333333333,0.6003910899162292,-0.3893740438761993
TOKYOTECH_s05,34,17,34.56666666666667,0.5363941788673401,-0.37289393568498336
TOKYOTECH_s05,34,18,34.6,0.2946094870567322,-0.3123084017634447
TOKYOTECH_s05,34,19,34.63333333333333,0.07824718952178955,-0.19067154445748474
TOKYOTECH_s05,34,20,34.666666666666664,-0.1595126986503601,0.002538165720308589
TOKYOTECH_s05,34,21,34.7,-0.42724522948265076,0.2693313564203027
TOKYOTECH_s05,34,22,34.733333333333334,-0.55303955078125,0.5980963730350858
TOKYOTECH_s05,34,23,34.766666666666666,-0.7332227230072021,0.9585569480878147
TOKYOTECH_s05,34,24,34.8,-0.7561162710189819,1.3031845410059242
TOKYOTECH_s05,34,25,34.833333333333336,-0.7808708548545837,1.5788803851029034
TOKYOTECH_s05,34,26,34.86666666666667,-0.7625186443328857,1.7445072402385915
TOKYOTECH_s05,34,27,34.9,-0.8580553531646729,1.7838568425405754
TOKYOTECH_s05,34,28,34.93333333333333,-0.8713231086730957,1.7065437795118505
TOKYOTECH_s05,34,29,34.96666666666667,-0.9755595326423645,1.5379830583856737
TOKYOTECH_s05,34,30,35.0,-1.0196458101272583,1.3064970000617304
TOKYOTECH_s05,34,31,35.03333333333333,-0.3547801375389099,1.035860899282511
TOKYOTECH_s05,34,32,35.06666666666667,1.055964708328247,0.745500599972495
TOKYOTECH_s05,34,33,35.1,1.8596253395080566,0.4539009577446048
TOKYOTECH_s05,34,34,35.13333333333333,1.798103928565979,0.17933052651306966
TOKYOTECH_s05,34,35,35.166666666666664,1.44584059715271,-0.06404004553915454
TOKYOTECH_s05,34,36,35.2,1.0590189695358276,-0.27109216203796843
TOKYOTECH_s05,34,37,35.233333333333334,0.7896301746368408,-0.4464296948054873
TOKYOTECH_s05,34,38,35.266666666666666,0.5262697339057922,-0.5992369969569561
TOKYOTECH_s05,34,39,35.3,0.3043866455554962,-0.7361641264369334
TOKYOTECH_s05,34,40,35.333333333333336,0.3677690923213959,-0.8576147502966872
TOKYOTECH_s05,34,41,35.36666666666667,0.5546573996543884,-0.9592457376980705
TOKYOTECH_s05,34,42,35.4,0.4279637336730957,-1.035030511538228
TOKYOTECH_s05,34,43,35.43333333333333,0.246587336063385,-1.0771377103418083
TOKYOTECH_s05,34,44,35.46666666666667,0.008311000652611256,-1.0734033434946575
TOKYOTECH_s05,34,45,35.5,-0.3554123640060425,-1.0082547374490323
TOKYOTECH_s05,34,46,35.53333333333333,-0.5368956327438354,-0.870565768232321
TOKYOTECH_s05,34,47,35.56666666666667,-0.6861355304718018,-0.6645563904145777
TOKYOTECH_s05,34,48,35.6,-0.7932214140892029,-0.4147452793799338
TOKYOTECH_s05,34,49,35.63333333333333,-0.8476726412773132,-0.15844165279326672
TOKYOTECH_s05,34,50,35.666666666666664,-0.8717861175537109,0.0712352682686007
TOKYOTECH_s05,34,51,35.7,-0.8827119469642639,0.2603768804817648
TOKYOTECH_s05,34,52,35.733333333333334,-0.8713052868843079,0.4164006150024326
TOKYOTECH_s05,34,53,35.766666666666666,-0.9176622629165649,0.5556432656303989
TOKYOTECH_s05,34,54,35.8,-1.0287017822265625,0.6861080869586768
TOKYOTECH_s05,34,55,35.833333333333336,-1.2239158153533936,0.7984450988337437
TOKYOTECH_s05,34,56,35.86666666666667,-1.286933183670044,0.8700803069877784
TOKYOTECH_s05,34,57,35.9,-0.9582580327987671,0.876910506994841
TOKYOTECH_s05,34,58,35.93333333333333,0.39565810561180115,0.8042643229537142
TOKYOTECH_s05,34,59,35.96666666666667,1.6441534757614136,0.6526714544186367
TOKYOTECH_s05,34,60,36.0,1.9315383434295654,0.43819456164946796
TOKYOTECH_s05,34,61,36.03333333333333,1.772636890411377,0.18881458780036153
TOKYOTECH_s05,34,62,36.06666666666667,1.4809067249298096,-0.06198034313754581
TOKYOTECH_s05,34,63,36.1,1.146532654762268,-0.2835851472165388
TOKYOTECH_s05,34,64,36.13333333333333,0.9096187353134155,-0.45667549816171105
TOKYOTECH_s05,34,65,36.166666666666664,0.589937150478363,-0.5780914222668321
TOKYOTECH_s05,34,66,36.2,0.4591919183731079,-0.6588558935381842
TOKYOTECH_s05,34,67,36.233333333333334,0.6192152500152588,-0.7149520624312371
TOKYOTECH_s05,34,68,36.266666666666666,0.6444329023361206,-0.7552074142061607
TOKYOTECH_s05,34,69,36.3,0.5004644393920898,-0.7736425735995637
TOKYOTECH_s05,34,70,36.333333333333336,0.21572424471378326,-0.7518615152348093
TOKYOTECH_s05,34,71,36.36666666666667,-0.08546261489391327,-0.6705960348565931
TOKYOTECH_s05,34,72,36.4,-0.33617857098579407,-0.5223273331615573
TOKYOTECH_s05,34,73,36.43333333333333,-0.49204349517822266,-0.3159318673523976
TOKYOTECH_s05,34,74,36.46666666666667,-0.6118094325065613,-0.07184752464256695
TOKYOTECH_s05,34,75,36.5,-0.688664436340332,0.18582659065226462
TOKYOTECH_s05,34,76,36.53333333333333,-0.7475233674049377,0.4338218296835317
TOKYOTECH_s05,34,77,36.56666666666667,-0.8247702121734619,0.6500043447238384
TOKYOTECH_s05,34,78,36.6,-0.782776415348053,0.8133927661416596
TOKYOTECH_s05,34,79,36.63333333333333,-0.7983771562576294,0.907503123853319
TOKYOTECH_s05,34,80,36.666666666666664,-0.9188465476036072,0.9260189727647177
TOKYOTECH_s05,34,81,36.7,-1.035112977027893,0.8759212482665372
TOKYOTECH_s05,34,82,36.733333333333334,-1.158948302268982,0.7744123908570227
TOKYOTECH_s05,34,83,36.766666666666666,-1.1042567491531372,0.6408831838231615
TOKYOTECH_s05,34,84,36.8,-0.2018626481294632,0.4893561864636154
TOKYOTECH_s05,34,85,36.833333333333336,1.2223368883132935,0.32656943888536877
TOKYOTECH_s05,34,86,36.86666666666667,1.761310338973999,0.15588583202352616
TOKYOTECH_s05,34,87,36.9,1.5624632835388184,-0.017848529865986493
TOKYOTECH_s05,34,88,36.93333333333333,1.1577701568603516,-0.18770048728692235
TOKYOTECH_s05,34,89,36.96666666666667,0.8228351473808289,-0.3488570358366881
TOKYOTECH_s05,34,90,37.0,0.4594857692718506,-0.5024747724213929
TOKYOTECH_s05,34,91,37.03333333333333,0.15148694813251495,-0.653126550807515
TOKYOTECH_s05,34,92,37.06666666666667,0.07440933585166931,-0.7998710377950619
TOKYOTECH_s05,34,93,37.1,0.3708500564098358,-0.927902553127911
TOKYOTECH_s05,34,94,37.13333333333333,0.48131078481674194,-1.0084685193145577
TOKYOTECH_s05,34,95,37.166666666666664,0.3279213309288025,-1.0088673792339162
TOKYOTECH_s05,34,96,37.2,0.07820266485214233,-0.9066743302626913
TOKYOTECH_s05,34,97,37.233333333333334,-0.19808712601661682,-0.6994208259020022
TOKYOTECH_s05,34,98,37.266666666666666,-0.4666922986507416,-0.40546536311591025
TOKYOTECH_s05,34,99,37.3,-0.6918967962265015,-0.05853458122512616
TOKYOTECH_s05,34,100,37.333333333333336,-0.7818503379821777,0.2991081654702431
TOKYOTECH_s05,34,101,37.36666666666667,-0.8389105796813965,0.622443059620323
TOKYOTECH_s05,34,102,37.4,-0.8776898384094238,0.8699277607582746
TOKYOTECH_s05,34,103,37.43333333333333,-0.889621913433075,1.012187460285321
TOKYOTECH_s05,34,104,37.46666666666667,-0.9210904836654663,1.0408782652566717
TOKYOTECH_s05,34,105,37.5,-0.9614102244377136,0.9716961170393147
TOKYOTECH_s05,34,106,37.53333333333333,-1.0388439893722534,0.8375874084074655
TOKYOTECH_s05,34,107,37.56666666666667,-1.1062157154083252,0.6746264137591625
TOKYOTECH_s05,34,108,37.6,-0.5415794253349304,0.5084485402240867
TOKYOTECH_s05,34,109,37.63333333333333,0.8135388493537903,0.34899204402182754
TOKYOTECH_s05,34,110,37.666666666666664,1.705363154411316,0.19506189168130597
TOKYOTECH_s05,34,111,37.7,1.7082661390304565,0.04314855039957543
TOKYOTECH_s05,34,112,37.733333333333334,1.34212064743042,-0.10706679941506567
TOKYOTECH_s05,34,113,37.766666666666666,0.9425387382507324,-0.2538260187973417
TOKYOTECH_s05,34,114,37.8,0.5336961150169373,-0.3974483667078295
TOKYOTECH_s05,34,115,37.833333333333336,0.19470953941345215,-0.5411266696494711
TOKYOTECH_s05,34,116,37.86666666666667,0.06880838423967361,-0.686376506419384
TOKYOTECH_s05,34,117,37.9,0.14303655922412872,-0.8273134386115729
TOKYOTECH_s05,34,118,37.93333333333333,0.35421639680862427,-0.949090485237679
TOKYOTECH_s05,34,119,37.96666666666667,0.3703959286212921,-1.0317856621880874
TOKYOTECH_s05,34,120,38.0,0.10432855784893036,-1.0561154271099915
TOKYOTECH_s05,34,121,38.03333333333333,-0.22123000025749207,-1.006529679495659
TOKYOTECH_s05,34,122,38.06666666666667,-0.40119946002960205,-0.8716322358629007
TOKYOTECH_s05,34,123,38.1,-0.6844437122344971,-0.6458460128104186
TOKYOTECH_s05,34,124,38.13333333333333,-0.8888382911682129,-0.3345885508332839
TOKYOTECH_s05,34,125,38.166666666666664,-0.9270387291908264,0.03990178628078047
TOKYOTECH_s05,34,126,38.2,-0.9887382388114929,0.4380216759895762
TOKYOTECH_s05,34,127,38.233333333333334,-1.0001806020736694,0.8110281002174708
TOKYOTECH_s05,34,128,38.266666666666666,-0.9788363575935364,1.1146975419926928
TOKYOTECH_s05,34,129,38.3,-0.9640014171600342,1.320334246879479
TOKYOTECH_s05,34,130,38.333333333333336,-1.078193187713623,1.4173370555076967
TOKYOTECH_s05,34,131,38.36666666666667,-1.1340868473052979,1.4081270965227597
TOKYOTECH_s05,34,132,38.4,-1.229347586631775,1.3011952770341968
TOKYOTECH_s05,34,133,38.43333333333333,-0.8881081342697144,1.10797182399345
TOKYOTECH_s05,34,134,38.46666666666667,0.635750949382782,0.8446445828065892
TOKYOTECH_s05,34,135,38.5,1.8424484729766846,0.5351283076606188
TOKYOTECH_s05,34,136,38.53333333333333,2.0155880451202393,0.21029160956818885
TOKYOTECH_s05,34,137,38.56666666666667,1.790632963180542,-0.09816292427331237
TOKYOTECH_s05,34,138,38.6,1.515741229057312,-0.3658496079012506
TOKYOTECH_s05,34,139,38.63333333333333,1.158918857574463,-0.5804804427324705
TOKYOTECH_s05,34,140,38.666666666666664,0.8779541850090027,-0.7407999283276849
TOKYOTECH_s05,34,141,38.7,0.6703628897666931,-0.8519195057789818
TOKYOTECH_s05,34,142,38.733333333333334,0.5129307508468628,-0.9212521457256542
TOKYOTECH_s05,34,143,38.766666666666666,0.49606558680534363,-0.9570834069310362
TOKYOTECH_s05,34,144,38.8,0.5943359732627869,-0.9677927768050961
TOKYOTECH_s05,34,145,38.833333333333336,0.4460844397544861,-0.9586633791707989
TOKYOTECH_s05,34,146,38.86666666666667,0.20712246000766754,-0.9271258505990267
TOKYOTECH_s05,34,147,38.9,-0.06255125254392624,-0.861284683731962
TOKYOTECH_s05,34,148,38.93333333333333,-0.39809179306030273,-0.745320401338677
TOKYOTECH_s05,34,149,38.96666666666667,-0.5812045335769653,-0.5697349860318289
TOKYOTECH_s05,34,150,39.0,-0.7463657855987549,-0.3393708146325405
TOKYOTECH_s05,34,151,39.03333333333333,-0.8055096864700317,-0.07285945895140619
TOKYOTECH_s05,34,152,39.06666666666667,-0.8817146420478821,0.20571566194319793
TOKYOTECH_s05,34,153,39.1,-0.9357117414474487,0.47550056452042777
TOKYOTECH_s05,34,154,39.13333333333333,-0.9138333201408386,0.7210070697746086
TOKYOTECH_s05,34,155,39.166666666666664,-0.960875928401947,0.9275726071239204
TOKYOTECH_s05,34,156,39.2,-1.0753437280654907,1.076810968802612
TOKYOTECH_s05,34,157,39.233333333333334,-1.1409255266189575,1.1489042334062904
TOKYOTECH_s05,34,158,39.266666666666666,-1.286372184753418,1.13106555709225
TOKYOTECH_s05,34,159,39.3,-1.035914421081543,1.0245892294403949
TOKYOTECH_s05,34,160,39.333333333333336,0.32070866227149963,0.844346815266454
TOKYOTECH_s05,34,161,39.36666666666667,1.7064940929412842,0.6118452964667591
TOKYOTECH_s05,34,162,39.4,1.9194904565811157,0.3485623197626673
TOKYOTECH_s05,34,163,39.43333333333333,1.6108059883117676,0.07515606922652635
TOKYOTECH_s05,34,164,39.46666666666667,1.3498320579528809,-0.18494657600979972
TOKYOTECH_s05,34,165,39.5,1.121715784072876,-0.4045762326377209
TOKYOTECH_s05,34,166,39.53333333333333,0.7567546367645264,-0.5591343556050878
TOKYOTECH_s05,34,167,39.56666666666667,0.5086298584938049,-0.6375076748540068
TOKYOTECH_s05,34,168,39.6,0.3624085783958435,-0.6494561308261299
TOKYOTECH_s05,34,169,39.63333333333333,0.32564178109169006,-0.6224654181175941
TOKYOTECH_s05,34,170,39.666666666666664,0.4660305976867676,-0.588430145105552
TOKYOTECH_s05,34,171,39.7,0.3325694799423218,-0.5681895213872611
TOKYOTECH_s05,34,172,39.733333333333334,0.13774725794792175,-0.5635360456089104
TOKYOTECH_s05,34,173,39.766666666666666,-0.16253133118152618,-0.5606315264980395
TOKYOTECH_s05,34,174,39.8,-0.44404807686805725,-0.5400462960822212
TOKYOTECH_s05,34,175,39.833333333333336,-0.7176932096481323,-0.48487799988312036
TOKYOTECH_s05,34,176,39.86666666666667,-0.797531247138977,-0.3834101806289706
TOKYOTECH_s05,34,177,39.9,-0.853193461894989,-0.22991655003008618
TOKYOTECH_s05,34,178,39.93333333333333,-0.9759958386421204,-0.028256009601340604
TOKYOTECH_s05,34,179,39.96666666666667,-0.965301513671875,0.2026153924224336
TOKYOTECH_s05,34,180,40.0,-0.9686228632926941,0.42828754509168143
TOKYOTECH_s05,34,181,40.03333333333333,-1.0238487720489502,0.6095618523289597
TOKYOTECH_s05,34,182,40.06666666666667,-1.029414176940918,0.7198065226257263
TOKYOTECH_s05,34,183,40.1,-1.133392333984375,0.7564153518227005
TOKYOTECH_s05,34,184,40.13333333333333,-1.332185983657837,0.7375096725504552
TOKYOTECH_s05,34,185,40.166666666666664,-1.3802348375320435,0.6866663973390106
TOKYOTECH_s05,34,186,40.2,-0.9425771236419678,0.6174481413085049
TOKYOTECH_s05,34,187,40.233333333333334,0.4848814904689789,0.5289622493974511
TOKYOTECH_s05,34,188,40.266666666666666,1.6952476501464844,0.4140089414239868
TOKYOTECH_s05,34,189,40.3,1.8222529888153076,0.2711354802006762
TOKYOTECH_s05,34,190,40.333333333333336,1.438761591911316,0.10980357380631253
TOKYOTECH_s05,34,191,40.36666666666667,1.044317603111267,-0.05518804339742756
TOKYOTECH_s05,34,192,40.4,0.7654098272323608,-0.2138282554283595
TOKYOTECH_s05,34,193,40.43333333333333,0.45826584100723267,-0.36534147531413275
TOKYOTECH_s05,34,194,40.46666666666667,0.11029459536075592,-0.5128992435170577
TOKYOTECH_s05,34,195,40.5,0.15227945148944855,-0.6538439727276895
TOKYOTECH_s05,34,196,40.53333333333333,0.3952306807041168,-0.7739615882967413
TOKYOTECH_s05,34,197,40.56666666666667,0.3867891728878021,-0.8502008027540396
TOKYOTECH_s05,34,198,40.6,0.2718762159347534,-0.8592010349484689
TOKYOTECH_s05,34,199,40.63333333333333,-0.010335086844861507,-0.7853655167805607
TOKYOTECH_s05,34,200,40.666666666666664,-0.3034989535808563,-0.6249429365835574
TOKYOTECH_s05,34,201,40.7,-0.5205290913581848,-0.3875156422309963
TOKYOTECH_s05,34,202,40.733333333333334,-0.7359474897384644,-0.09765403677243648
TOKYOTECH_s05,34,203,40.766666666666666,-0.7829011082649231,0.20405923352920133
TOKYOTECH_s05,34,204,40.8,-0.8779569268226624,0.4661500078144883
TOKYOTECH_s05,34,205,40.833333333333336,-0.9183568358421326,0.6415796042542158
TOKYOTECH_s05,34,206,40.86666666666667,-0.8806015849113464,0.7076914717044289
TOKYOTECH_s05,34,207,40.9,-0.9080631732940674,0.6773699580931919
TOKYOTECH_s05,34,208,40.93333333333333,-0.9701010584831238,0.5918045490681617
TOKYOTECH_s05,34,209,40.96666666666667,-1.0990653038024902,0.49787691607990175
TOKYOTECH_s05,34,210,41.0,-1.1086021661758423,0.4245236004523291
TOKYOTECH_s05,34,211,41.03333333333333,-0.8506823778152466,0.37325432759895116
TOKYOTECH_s05,34,212,41.06666666666667,0.3638511002063751,0.32678865309574484
TOKYOTECH_s05,34,213,41.1,1.4906036853790283,0.26652705891863276
TOKYOTECH_s05,34,214,41.13333333333333,1.5106122493743896,0.1853666032155629
TOKYOTECH_s05,34,215,41.166666666666664,1.1148147583007812,0.08850314275248491
TOKYOTECH_s05,34,216,41.2,0.7637802958488464,-0.014815649026009386
TOKYOTECH_s05,34,217,41.233333333333334,0.4013569951057434,-0.11955442319075205
TOKYOTECH_s05,34,218,41.266666666666666,-0.06395816802978516,-0.22671884283954538
TOKYOTECH_s05,34,219,41.3,-0.1848727911710739,-0.3392121762178519
TOKYOTECH_s05,34,220,41.333333333333336,-0.045801833271980286,-0.4564889285075737
TOKYOTECH_s05,34,221,41.36666666666667,0.189162015914917,-0.5718768786602951
TOKYOTECH_s05,34,222,41.4,0.3081265687942505,-0.6724268835871494
TOKYOTECH_s05,34,223,41.43333333333333,0.07226334512233734,-0.7392003179682834
TOKYOTECH_s05,34,224,41.46666666666667,-0.14361810684204102,-0.7485723784048369
TOKYOTECH_s05,34,225,41.5,-0.4284740388393402,-0.6778173551116553
TOKYOTECH_s05,34,226,41.53333333333333,-0.6850224733352661,-0.5159180936877449
TOKYOTECH_s05,34,227,41.56666666666667,-0.9129250645637512,-0.2746921442184455
TOKYOTECH_s05,34,228,41.6,-0.9489616751670837,0.008541241312748443
TOKYOTECH_s05,34,229,41.63333333333333,-1.021462321281433,0.282149054394553
TOKYOTECH_s05,34,230,41.666666666666664,-1.0107858180999756,0.5004042800287487
TOKYOTECH_s05,34,231,41.7,-0.9850784540176392,0.6401561333168385
TOKYOTECH_s05,34,232,41.733333333333334,-0.9850517511367798,0.7040472730840471
TOKYOTECH_s05,34,233,41.766666666666666,-1.045086145401001,0.7103499832900491
TOKYOTECH_s05,34,234,41.8,-1.107533574104309,0.6782237730848509
TOKYOTECH_s05,34,235,41.833333333333336,-1.0679974555969238,0.6185110638903754
TOKYOTECH_s05,34,236,41.86666666666667,-0.06058335304260254,0.5337719864086181
TOKYOTECH_s05,34,237,41.9,1.4497052431106567,0.4238421796155229
TOKYOTECH_s05,34,238,41.93333333333333,1.9009867906570435,0.2912282662122753
TOKYOTECH_s05,34,239,41.96666666666667,1.5832642316818237,0.14325271679948431
TOKYOTECH_s05,35,0,35.0,-1.0196458101272583,-0.07207771410106716
TOKYOTECH_s05,35,1,35.03333333333333,-0.3547801375389099,-1.5237336448415293
TOKYOTECH_s05,35,2,35.06666666666667,1.055964708328247,-2.7609175099078893
TOKYOTECH_s05,35,3,35.1,1.8596253395080566,-3.6193422775593413
TOKYOTECH_s05,35,4,35.13333333333333,1.798103928565979,-4.018646110617464
TOKYOTECH_s05,35,5,35.166666666666664,1.44584059715271,-3.977013999654698
TOKYOTECH_s05,35,6,35.2,1.0590189695358276,-3.596438224313133
TOKYOTECH_s05,35,7,35.233333333333334,0.7896301746368408,-3.0241321677049977
TOKYOTECH_s05,35,8,35.266666666666666,0.5262697339057922,-2.4059693362376637
TOKYOTECH_s05,35,9,35.3,0.3043866455554962,-1.849926034488675
TOKYOTECH_s05,35,10,35.333333333333336,0.3677690923213959,-1.4109683862713023
TOKYOTECH_s05,35,11,35.36666666666667,0.5546573996543884,-1.0970689082537965
TOKYOTECH_s05,35,12,35.4,0.4279637336730957,-0.8855418975941797
TOKYOTECH_s05,35,13,35.43333333333333,0.246587336063385,-0.7373888048385248
TOKYOTECH_s05,35,14,35.46666666666667,0.008311000652611256,-0.6061433957497581
TOKYOTECH_s05,35,15,35.5,-0.3554123640060425,-0.44640164864807585
TOKYOTECH_s05,35,16,35.53333333333333,-0.5368956327438354,-0.2261637723015201
TOKYOTECH_s05,35,17,35.56666666666667,-0.6861355304718018,0.06054805971372811
TOKYOTECH_s05,35,18,35.6,-0.7932214140892029,0.3895624098778236
TOKYOTECH_s05,35,19,35.63333333333333,-0.8476726412773132,0.716880674713012
TOKYOTECH_s05,35,20,35.666666666666664,-0.8717861175537109,0.9996094229384819
TOKYOTECH_s05,35,21,35.7,-0.8827119469642639,1.2151262112433596
TOKYOTECH_s05,35,22,35.733333333333334,-0.8713052868843079,1.3666396724380183
TOKYOTECH_s05,35,23,35.766666666666666,-0.9176622629165649,1.4727364626370663
TOKYOTECH_s05,35,24,35.8,-1.0287017822265625,1.5499857960393768
TOKYOTECH_s05,35,25,35.833333333333336,-1.2239158153533936,1.6015732382351744
TOKYOTECH_s05,35,26,35.86666666666667,-1.286933183670044,1.6175954949330822
TOKYOTECH_s05,35,27,35.9,-0.9582580327987671,1.5827605949565124
TOKYOTECH_s05,35,28,35.93333333333333,0.39565810561180115,1.4844589368129963
TOKYOTECH_s05,35,29,35.96666666666667,1.6441534757614136,1.3175019977770388
TOKYOTECH_s05,35,30,36.0,1.9315383434295654,1.0855290227392242
TOKYOTECH_s05,35,31,36.03333333333333,1.772636890411377,0.8004452025961544
TOKYOTECH_s05,35,32,36.06666666666667,1.4809067249298096,0.4805647336930648
TOKYOTECH_s05,35,33,36.1,1.146532654762268,0.14729947367536145
TOKYOTECH_s05,35,34,36.13333333333333,0.9096187353134155,-0.17919440438302298
TOKYOTECH_s05,35,35,36.166666666666664,0.589937150478363,-0.48361725020504703
TOKYOTECH_s05,35,36,36.2,0.4591919183731079,-0.7560327946324328
TOKYOTECH_s05,35,37,36.233333333333334,0.6192152500152588,-0.9883597119340591
TOKYOTECH_s05,35,38,36.266666666666666,0.6444329023361206,-1.168972731997524
TOKYOTECH_s05,35,39,36.3,0.5004644393920898,-1.2800037533628086
TOKYOTECH_s05,35,40,36.333333333333336,0.21572424471378326,-1.301343878978329
TOKYOTECH_s05,35,41,36.36666666666667,-0.08546261489391327,-1.2207688178784113
TOKYOTECH_s05,35,42,36.4,-0.33617857098579407,-1.0435269349373617
TOKYOTECH_s05,35,43,36.43333333333333,-0.49204349517822266,-0.7935374913459318
TOKYOTECH_s05,35,44,36.46666666666667,-0.6118094325065613,-0.5049531572811164
TOKYOTECH_s05,35,45,36.5,-0.688664436340332,-0.21057723703813136
TOKYOTECH_s05,35,46,36.53333333333333,-0.7475233674049377,0.06518410776622241
TOKYOTECH_s05,35,47,36.56666666666667,-0.8247702121734619,0.3062153079574371
TOKYOTECH_s05,35,48,36.6,-0.782776415348053,0.5008879199274983
TOKYOTECH_s05,35,49,36.63333333333333,-0.7983771562576294,0.639907476868776
TOKYOTECH_s05,35,50,36.666666666666664,-0.9188465476036072,0.717516096761182
TOKYOTECH_s05,35,51,36.7,-1.035112977027893,0.733322570931461
TOKYOTECH_s05,35,52,36.733333333333334,-1.158948302268982,0.6917737787025651
TOKYOTECH_s05,35,53,36.766666666666666,-1.1042567491531372,0.599506842327345
TOKYOTECH_s05,35,54,36.8,-0.2018626481294632,0.4636849057697179
TOKYOTECH_s05,35,55,36.833333333333336,1.2223368883132935,0.29372836581046724
TOKYOTECH_s05,35,56,36.86666666666667,1.761310338973999,0.10467504268519195
TOKYOTECH_s05,35,57,36.9,1.5624632835388184,-0.08267691671123403
TOKYOTECH_s05,35,58,36.93333333333333,1.1577701568603516,-0.2476746972359406
TOKYOTECH_s05,35,59,36.96666666666667,0.8228351473808289,-0.3789974939616221
TOKYOTECH_s05,35,60,37.0,0.4594857692718506,-0.4799763181529165
TOKYOTECH_s05,35,61,37.03333333333333,0.15148694813251495,-0.5642528890877406
TOKYOTECH_s05,35,62,37.06666666666667,0.07440933585166931,-0.643329536891872
TOKYOTECH_s05,35,63,37.1,0.3708500564098358,-0.7145630198787482
TOKYOTECH_s05,35,64,37.13333333333333,0.48131078481674194,-0.7583643302570323
TOKYOTECH_s05,35,65,37.166666666666664,0.3279213309288025,-0.7468140186420119
TOKYOTECH_s05,35,66,37.2,0.07820266485214233,-0.6576689087371181
TOKYOTECH_s05,35,67,37.233333333333334,-0.19808712601661682,-0.48458519533392763
TOKYOTECH_s05,35,68,37.266666666666666,-0.4666922986507416,-0.2390118097212372
TOKYOTECH_s05,35,69,37.3,-0.6918967962265015,0.05389921323065453
TOKYOTECH_s05,35,70,37.333333333333336,-0.7818503379821777,0.3605945269435193
TOKYOTECH_s05,35,71,37.36666666666667,-0.8389105796813965,0.6434707428802139
TOKYOTECH_s05,35,72,37.4,-0.8776898384094238,0.8659368133196461
TOKYOTECH_s05,35,73,37.43333333333333,-0.889621913433075,1.0002651876974955
TOKYOTECH_s05,35,74,37.46666666666667,-0.9210904836654663,1.0361500010874714
TOKYOTECH_s05,35,75,37.5,-0.9614102244377136,0.9842359017910945
TOKYOTECH_s05,35,76,37.53333333333333,-1.0388439893722534,0.8707413599570873
TOKYOTECH_s05,35,77,37.56666666666667,-1.1062157154083252,0.725272415064259
TOKYOTECH_s05,35,78,37.6,-0.5415794253349304,0.5690104643182509
TOKYOTECH_s05,35,79,37.63333333333333,0.8135388493537903,0.4103545470482697
TOKYOTECH_s05,35,80,37.666666666666664,1.705363154411316,0.24928600590627098
TOKYOTECH_s05,35,81,37.7,1.7082661390304565,0.08512864430523921
TOKYOTECH_s05,35,82,37.733333333333334,1.34212064743042,-0.07938576190461766
TOKYOTECH_s05,35,83,37.766666666666666,0.9425387382507324,-0.2405043035635059
TOKYOTECH_s05,35,84,37.8,0.5336961150169373,-0.3981698430687251
TOKYOTECH_s05,35,85,37.833333333333336,0.19470953941345215,-0.5564502254822725
TOKYOTECH_s05,35,86,37.86666666666667,0.06880838423967361,-0.718122598243313
TOKYOTECH_s05,35,87,37.9,0.14303655922412872,-0.8782625238481546
TOKYOTECH_s05,35,88,37.93333333333333,0.35421639680862427,-1.022282888300767
TOKYOTECH_s05,35,89,37.96666666666667,0.3703959286212921,-1.1293360867434814
TOKYOTECH_s05,35,90,38.0,0.10432855784893036,-1.177455394019683
TOKYOTECH_s05,35,91,38.03333333333333,-0.22123000025749207,-1.1466195535387238
TOKYOTECH_s05,35,92,38.06666666666667,-0.40119946002960205,-1.0202653418446679
TOKYOTECH_s05,35,93,38.1,-0.6844437122344971,-0.7890158567295619
TOKYOTECH_s05,35,94,38.13333333333333,-0.8888382911682129,-0.457913893126692
TOKYOTECH_s05,35,95,38.166666666666664,-0.9270387291908264,-0.05303743684646209
TOKYOTECH_s05,35,96,38.2,-0.9887382388114929,0.37913929088527215
TOKYOTECH_s05,35,97,38.233333333333334,-1.0001806020736694,0.7826860392275098
TOKYOTECH_s05,35,98,38.266666666666666,-0.9788363575935364,1.108661069363415
TOKYOTECH_s05,35,99,38.3,-0.9640014171600342,1.327474188446773
TOKYOTECH_s05,35,100,38.333333333333336,-1.078193187713623,1.430974599318238
TOKYOTECH_s05,35,101,38.36666666666667,-1.1340868473052979,1.425764256188021
TOKYOTECH_s05,35,102,38.4,-1.229347586631775,1.3243140027710432
TOKYOTECH_s05,35,103,38.43333333333333,-0.8881081342697144,1.1400606742916823
TOKYOTECH_s05,35,104,38.46666666666667,0.635750949382782,0.8880897883899406
TOKYOTECH_s05,35,105,38.5,1.8424484729766846,0.5882063689649975
TOKYOTECH_s05,35,106,38.53333333333333,2.0155880451202393,0.265787890682135
TOKYOTECH_s05,35,107,38.56666666666667,1.790632963180542,-0.05166890577141008
TOKYOTECH_s05,35,108,38.6,1.515741229057312,-0.3402362672099304
TOKYOTECH_s05,35,109,38.63333333333333,1.158918857574463,-0.5833683465790783
TOKYOTECH_s05,35,110,38.666666666666664,0.8779541850090027,-0.7717724677062087
TOKYOTECH_s05,35,111,38.7,0.6703628897666931,-0.9010149647904746
TOKYOTECH_s05,35,112,38.733333333333334,0.5129307508468628,-0.9702255457034407
TOKYOTECH_s05,35,113,38.766666666666666,0.49606558680534363,-0.9832960762941815
TOKYOTECH_s05,35,114,38.8,0.5943359732627869,-0.9500123950875989
TOKYOTECH_s05,35,115,38.833333333333336,0.4460844397544861,-0.8833200476608334
TOKYOTECH_s05,35,116,38.86666666666667,0.20712246000766754,-0.79286201390651
TOKYOTECH_s05,35,117,38.9,-0.06255125254392624,-0.6798479458693958
TOKYOTECH_s05,35,118,38.93333333333333,-0.39809179306030273,-0.5386292742975183
TOKYOTECH_s05,35,119,38.96666666666667,-0.5812045335769653,-0.3649597571625084
TOKYOTECH_s05,35,120,39.0,-0.7463657855987549,-0.16391309830896544
TOKYOTECH_s05,35,121,39.03333333333333,-0.8055096864700317,0.05032810321223563
TOKYOTECH_s05,35,122,39.06666666666667,-0.8817146420478821,0.2623470854556611
TOKYOTECH_s05,35,123,39.1,-0.9357117414474487,0.4624988005921076
TOKYOTECH_s05,35,124,39.13333333333333,-0.9138333201408386,0.6459535057163819
TOKYOTECH_s05,35,125,39.166666666666664,-0.960875928401947,0.8051786197426662
TOKYOTECH_s05,35,126,39.2,-1.0753437280654907,0.9242266421919483
TOKYOTECH_s05,35,127,39.233333333333334,-1.1409255266189575,0.9820622376115932
TOKYOTECH_s05,35,128,39.266666666666666,-1.286372184753418,0.9632393404776898
TOKYOTECH_s05,35,129,39.3,-1.035914421081543,0.8668361484605024
TOKYOTECH_s05,35,130,39.333333333333336,0.32070866227149963,0.7066046904524308
TOKYOTECH_s05,35,131,39.36666666666667,1.7064940929412842,0.5035476135367846
TOKYOTECH_s05,35,132,39.4,1.9194904565811157,0.27828786390066357
TOKYOTECH_s05,35,133,39.43333333333333,1.6108059883117676,0.04939683735798767
TOKYOTECH_s05,35,134,39.46666666666667,1.3498320579528809,-0.16362514753061283
TOKYOTECH_s05,35,135,39.5,1.121715784072876,-0.3396459950153473
TOKYOTECH_s05,35,136,39.53333333333333,0.7567546367645264,-0.46178137453254126
TOKYOTECH_s05,35,137,39.56666666666667,0.5086298584938049,-0.5266455695878205
TOKYOTECH_s05,35,138,39.6,0.3624085783958435,-0.5488874776631864
TOKYOTECH_s05,35,139,39.63333333333333,0.32564178109169006,-0.5551202102688401
TOKYOTECH_s05,35,140,39.666666666666664,0.4660305976867676,-0.569476987205321
TOKYOTECH_s05,35,141,39.7,0.3325694799423218,-0.6000918866661262
TOKYOTECH_s05,35,142,39.733333333333334,0.13774725794792175,-0.6354635390723262
TOKYOTECH_s05,35,143,39.766666666666666,-0.16253133118152618,-0.6524739925586581
TOKYOTECH_s05,35,144,39.8,-0.44404807686805725,-0.6294267514301595
TOKYOTECH_s05,35,145,39.833333333333336,-0.7176932096481323,-0.5547389691748604
TOKYOTECH_s05,35,146,39.86666666666667,-0.797531247138977,-0.42738802924946456
TOKYOTECH_s05,35,147,39.9,-0.853193461894989,-0.2530456107180524
TOKYOTECH_s05,35,148,39.93333333333333,-0.9759958386421204,-0.04247594125727048
TOKYOTECH_s05,35,149,39.96666666666667,-0.965301513671875,0.18579162030231255
TOKYOTECH_s05,35,150,40.0,-0.9686228632926941,0.4039348340303096
TOKYOTECH_s05,35,151,40.03333333333333,-1.0238487720489502,0.5812229455262982
TOKYOTECH_s05,35,152,40.06666666666667,-1.029414176940918,0.6967770421031526
TOKYOTECH_s05,35,153,40.1,-1.133392333984375,0.7487904553923478
TOKYOTECH_s05,35,154,40.13333333333333,-1.332185983657837,0.7519960862328053
TOKYOTECH_s05,35,155,40.166666666666664,-1.3802348375320435,0.7248245844051833
TOKYOTECH_s05,35,156,40.2,-0.9425771236419678,0.6763651123611846
TOKYOTECH_s05,35,157,40.233333333333334,0.4848814904689789,0.603388483730243
TOKYOTECH_s05,35,158,40.266666666666666,1.6952476501464844,0.49857067093337437
TOKYOTECH_s05,35,159,40.3,1.8222529888153076,0.3613899496267599
TOKYOTECH_s05,35,160,40.333333333333336,1.438761591911316,0.20194578368218935
TOKYOTECH_s05,35,161,40.36666666666667,1.044317603111267,0.03510472133270076
TOKYOTECH_s05,35,162,40.4,0.7654098272323608,-0.12865908188087888
TOKYOTECH_s05,35,163,40.43333333333333,0.45826584100723267,-0.2866222016485928
TOKYOTECH_s05,35,164,40.46666666666667,0.11029459536075592,-0.4385684829464064
TOKYOTECH_s05,35,165,40.5,0.15227945148944855,-0.5785396100388756
TOKYOTECH_s05,35,166,40.53333333333333,0.3952306807041168,-0.6913646526700828
TOKYOTECH_s05,35,167,40.56666666666667,0.3867891728878021,-0.7570092248361195
TOKYOTECH_s05,35,168,40.6,0.2718762159347534,-0.7589446042791655
TOKYOTECH_s05,35,169,40.63333333333333,-0.010335086844861507,-0.6899934353007604
TOKYOTECH_s05,35,170,40.666666666666664,-0.3034989535808563,-0.5529578574059765
TOKYOTECH_s05,35,171,40.7,-0.5205290913581848,-0.3590465315688456
TOKYOTECH_s05,35,172,40.733333333333334,-0.7359474897384644,-0.1284288890326727
TOKYOTECH_s05,35,173,40.766666666666666,-0.7829011082649231,0.10732585047560081
TOKYOTECH_s05,35,174,40.8,-0.8779569268226624,0.30736722924034154
TOKYOTECH_s05,35,175,40.833333333333336,-0.9183568358421326,0.43397511845727516
TOKYOTECH_s05,35,176,40.86666666666667,-0.8806015849113464,0.4707120995851794
TOKYOTECH_s05,35,177,40.9,-0.9080631732940674,0.43286018131475884
TOKYOTECH_s05,35,178,40.93333333333333,-0.9701010584831238,0.36011706175421887
TOKYOTECH_s05,35,179,40.96666666666667,-1.0990653038024902,0.2944275461950883
TOKYOTECH_s05,35,180,41.0,-1.1086021661758423,0.2574348070311115
TOKYOTECH_s05,35,181,41.03333333333333,-0.8506823778152466,0.24279145048734127
TOKYOTECH_s05,35,182,41.06666666666667,0.3638511002063751,0.2269677992965847
TOKYOTECH_s05,35,183,41.1,1.4906036853790283,0.18856278063160686
TOKYOTECH_s05,35,184,41.13333333333333,1.5106122493743896,0.1218632761834688
TOKYOTECH_s05,35,185,41.166666666666664,1.1148147583007812,0.03688503741067884
TOKYOTECH_s05,35,186,41.2,0.7637802958488464,-0.050944605667664934
TOKYOTECH_s05,35,187,41.233333333333334,0.4013569951057434,-0.13167680567712642
TOKYOTECH_s05,35,188,41.266666666666666,-0.06395816802978516,-0.20484969336058226
TOKYOTECH_s05,35,189,41.3,-0.1848727911710739,-0.2762030735605296
TOKYOTECH_s05,35,190,41.333333333333336,-0.045801833271980286,-0.3514307251275697
TOKYOTECH_s05,35,191,41.36666666666667,0.189162015914917,-0.43105515025916485
TOKYOTECH_s05,35,192,41.4,0.3081265687942505,-0.5071896453283737
TOKYOTECH_s05,35,193,41.43333333333333,0.07226334512233734,-0.5614660301728195
TOKYOTECH_s05,35,194,41.46666666666667,-0.14361810684204102,-0.5660075660245469
TOKYOTECH_s05,35,195,41.5,-0.4284740388393402,-0.49119561112875654
TOKYOTECH_s05,35,196,41.53333333333333,-0.6850224733352661,-0.32027257021124567
TOKYOTECH_s05,35,197,41.56666666666667,-0.9129250645637512,-0.06382370894333278
TOKYOTECH_s05,35,198,41.6,-0.9489616751670837,0.2367276242055791
TOKYOTECH_s05,35,199,41.63333333333333,-1.021462321281433,0.5226591378014458
TOKYOTECH_s05,35,200,41.666666666666664,-1.0107858180999756,0.7421248033382928
TOKYOTECH_s05,35,201,41.7,-0.9850784540176392,0.8696808975045756
TOKYOTECH_s05,35,202,41.733333333333334,-0.9850517511367798,0.9096716983370561
TOKYOTECH_s05,35,203,41.766666666666666,-1.045086145401001,0.8840570306125386
TOKYOTECH_s05,35,204,41.8,-1.107533574104309,0.815202477383651
TOKYOTECH_s05,35,205,41.833333333333336,-1.0679974555969238,0.7153221187856171
TOKYOTECH_s05,35,206,41.86666666666667,-0.06058335304260254,0.5868400785636888
TOKYOTECH_s05,35,207,41.9,1.4497052431106567,0.42928192820133515
TOKYOTECH_s05,35,208,41.93333333333333,1.9009867906570435,0.24560482757630508
TOKYOTECH_s05,35,209,41.96666666666667,1.5832642316818237,0.04401513984407266
TOKYOTECH_s05,35,210,42.0,1.1780813932418823,-0.16399544032905505
TOKYOTECH_s05,35,211,42.03333333333333,0.8803049921989441,-0.36623350249572845
TOKYOTECH_s05,35,212,42.06666666666667,0.6179419159889221,-0.5509802943271729
TOKYOTECH_s05,35,213,42.1,0.28309592604637146,-0.7073726103240247
TOKYOTECH_s05,35,214,42.13333333333333,0.12987565994262695,-0.8267270172352554
TOKYOTECH_s05,35,215,42.166666666666664,0.27956971526145935,-0.9049546245799641
TOKYOTECH_s05,35,216,42.2,0.38759949803352356,-0.9433896263095245
TOKYOTECH_s05,35,217,42.233333333333334,0.3044579029083252,-0.9452229107327519
TOKYOTECH_s05,35,218,42.266666666666666,0.16219910979270935,-0.9090418626842394
TOKYOTECH_s05,35,219,42.3,-0.17012690007686615,-0.8255544139259099
TOKYOTECH_s05,35,220,42.333333333333336,-0.45590001344680786,-0.6830586074168491
TOKYOTECH_s05,35,221,42.36666666666667,-0.6860464811325073,-0.48040781812006156
TOKYOTECH_s05,35,222,42.4,-0.8501213788986206,-0.23763180166669248
TOKYOTECH_s05,35,223,42.43333333333333,-0.9035307765007019,0.00656483314810373
TOKYOTECH_s05,35,224,42.46666666666667,-1.0269386768341064,0.21075993639550228
TOKYOTECH_s05,35,225,42.5,-0.9977406859397888,0.3491216522368953
TOKYOTECH_s05,35,226,42.53333333333333,-0.9916678071022034,0.41997616160376844
TOKYOTECH_s05,35,227,42.56666666666667,-1.0000826120376587,0.4409909299521921
TOKYOTECH_s05,35,228,42.6,-1.0460655689239502,0.43693747255809684
TOKYOTECH_s05,35,229,42.63333333333333,-1.130507230758667,0.4292859201572249
TOKYOTECH_s05,35,230,42.666666666666664,-1.252187728881836,0.432021889143727
TOKYOTECH_s05,35,231,42.7,-0.9123373627662659,0.45143361519302094
TOKYOTECH_s05,35,232,42.733333333333334,0.5918694138526917,0.4860386155083492
TOKYOTECH_s05,35,233,42.766666666666666,1.8975764513015747,0.5258531699407097
TOKYOTECH_s05,35,234,42.8,1.9877437353134155,0.5534116223923742
TOKYOTECH_s05,35,235,42.833333333333336,1.5902721881866455,0.548809523023095
TOKYOTECH_s05,35,236,42.86666666666667,1.2811781167984009,0.49741794587820365
TOKYOTECH_s05,35,237,42.9,1.0340951681137085,0.39597976662827344
TOKYOTECH_s05,35,238,42.93333333333333,0.6958921551704407,0.25403127446757473
TOKYOTECH_s05,35,239,42.96666666666667,0.3922743797302246,0.09101815378373107
TOKYOTECH_s05,36,0,36.0,1.9315383434295654,-0.08427730017430445
TOKYOTECH_s05,36,1,36.03333333333333,1.772636890411377,-1.6339863281598948
TOKYOTECH_s05,36,2,36.06666666666667,1.4809067249298096,-2.950382100726005
TOKYOTECH_s05,36,3,36.1,1.146532654762268,-3.8566978912253997
TOKYOTECH_s05,36,4,36.13333333333333,0.9096187353134155,-4.27137804010275
TOKYOTECH_s05,36,5,36.166666666666664,0.589937150478363,-4.221795854876011
TOKYOTECH_s05,36,6,36.2,0.4591919183731079,-3.8237813698877328
TOKYOTECH_s05,36,7,36.233333333333334,0.6192152500152588,-3.2352349940345158
TOKYOTECH_s05,36,8,36.266666666666666,0.6444329023361206,-2.6032440251861333
TOKYOTECH_s05,36,9,36.3,0.5004644393920898,-2.025403905632939
TOKYOTECH_s05,36,10,36.333333333333336,0.21572424471378326,-1.5378941168193634
TOKYOTECH_s05,36,11,36.36666666666667,-0.08546261489391327,-1.1293027586904443
TOKYOTECH_s05,36,12,36.4,-0.33617857098579407,-0.7670219781138633
TOKYOTECH_s05,36,13,36.43333333333333,-0.49204349517822266,-0.4200931888115329
TOKYOTECH_s05,36,14,36.46666666666667,-0.6118094325065613,-0.07053475814030705
TOKYOTECH_s05,36,15,36.5,-0.688664436340332,0.2845459081033667
TOKYOTECH_s05,36,16,36.53333333333333,-0.7475233674049377,0.6346050338791388
TOKYOTECH_s05,36,17,36.56666666666667,-0.8247702121734619,0.9586171696864905
TOKYOTECH_s05,36,18,36.6,-0.782776415348053,1.2300976828756385
TOKYOTECH_s05,36,19,36.63333333333333,-0.7983771562576294,1.4248742192415338
TOKYOTECH_s05,36,20,36.666666666666664,-0.9188465476036072,1.5291899249618839
TOKYOTECH_s05,36,21,36.7,-1.035112977027893,1.5435733903685678
TOKYOTECH_s05,36,22,36.733333333333334,-1.158948302268982,1.479983986118595
TOKYOTECH_s05,36,23,36.766666666666666,-1.1042567491531372,1.3545132951502796
TOKYOTECH_s05,36,24,36.8,-0.2018626481294632,1.181330466714474
TOKYOTECH_s05,36,25,36.833333333333336,1.2223368883132935,0.972308644738352
TOKYOTECH_s05,36,26,36.86666666666667,1.761310338973999,0.7411458156884545
TOKYOTECH_s05,36,27,36.9,1.5624632835388184,0.5060750794427797
TOKYOTECH_s05,36,28,36.93333333333333,1.1577701568603516,0.28632326838276045
TOKYOTECH_s05,36,29,36.96666666666667,0.8228351473808289,0.0935172453474615
TOKYOTECH_s05,36,30,37.0,0.4594857692718506,-0.07471882605950644
TOKYOTECH_s05,36,31,37.03333333333333,0.15148694813251495,-0.23163399419539807
TOKYOTECH_s05,36,32,37.06666666666667,0.07440933585166931,-0.38875026509030797
TOKYOTECH_s05,36,33,37.1,0.3708500564098358,-0.5422289666571527
TOKYOTECH_s05,36,34,37.13333333333333,0.48131078481674194,-0.6683665737701738
TOKYOTECH_s05,36,35,37.166666666666664,0.3279213309288025,-0.7322054623048305
TOKYOTECH_s05,36,36,37.2,0.07820266485214233,-0.7038213332946829
TOKYOTECH_s05,36,37,37.233333333333334,-0.19808712601661682,-0.5720097955413924
TOKYOTECH_s05,36,38,37.266666666666666,-0.4666922986507416,-0.3488967593183833
TOKYOTECH_s05,36,39,37.3,-0.6918967962265015,-0.06627842733918071
TOKYOTECH_s05,36,40,37.333333333333336,-0.7818503379821777,0.23189364852093283
TOKYOTECH_s05,36,41,37.36666666666667,-0.8389105796813965,0.49777099054550317
TOKYOTECH_s05,36,42,37.4,-0.8776898384094238,0.6885394822652648
TOKYOTECH_s05,36,43,37.43333333333333,-0.889621913433075,0.7764400396712866
TOKYOTECH_s05,36,44,37.46666666666667,-0.9210904836654663,0.7569874563272085
TOKYOTECH_s05,36,45,37.5,-0.9614102244377136,0.6500090593103182
TOKYOTECH_s05,36,46,37.53333333333333,-1.0388439893722534,0.49087957291510725
TOKYOTECH_s05,36,47,37.56666666666667,-1.1062157154083252,0.3155053243407833
TOKYOTECH_s05,36,48,37.6,-0.5415794253349304,0.14719030360275331
TOKYOTECH_s05,36,49,37.63333333333333,0.8135388493537903,-0.0073465675769410765
TOKYOTECH_s05,36,50,37.666666666666664,1.705363154411316,-0.151902880184213
TOKYOTECH_s05,36,51,37.7,1.7082661390304565,-0.29072838198936113
TOKYOTECH_s05,36,52,37.733333333333334,1.34212064743042,-0.42253628033507756
TOKYOTECH_s05,36,53,37.766666666666666,0.9425387382507324,-0.5422391173535548
TOKYOTECH_s05,36,54,37.8,0.5336961150169373,-0.6465825030054017
TOKYOTECH_s05,36,55,37.833333333333336,0.19470953941345215,-0.7365589677003392
TOKYOTECH_s05,36,56,37.86666666666667,0.06880838423967361,-0.8140485391789007
TOKYOTECH_s05,36,57,37.9,0.14303655922412872,-0.8766800972336668
TOKYOTECH_s05,36,58,37.93333333333333,0.35421639680862427,-0.9161429647810783
TOKYOTECH_s05,36,59,37.96666666666667,0.3703959286212921,-0.9210427476605922
TOKYOTECH_s05,36,60,38.0,0.10432855784893036,-0.8806420914259632
TOKYOTECH_s05,36,61,38.03333333333333,-0.22123000025749207,-0.7856221267980671
TOKYOTECH_s05,36,62,38.06666666666667,-0.40119946002960205,-0.6270681616102416
TOKYOTECH_s05,36,63,38.1,-0.6844437122344971,-0.39851988422686996
TOKYOTECH_s05,36,64,38.13333333333333,-0.8888382911682129,-0.10268987326262265
TOKYOTECH_s05,36,65,38.166666666666664,-0.9270387291908264,0.24166306540996824
TOKYOTECH_s05,36,66,38.2,-0.9887382388114929,0.5993062774177108
TOKYOTECH_s05,36,67,38.233333333333334,-1.0001806020736694,0.9271390225072161
TOKYOTECH_s05,36,68,38.266666666666666,-0.9788363575935364,1.187348399901323
TOKYOTECH_s05,36,69,38.3,-0.9640014171600342,1.3568756156182173
TOKYOTECH_s05,36,70,38.333333333333336,-1.078193187713623,1.4283066035284149
TOKYOTECH_s05,36,71,38.36666666666667,-1.1340868473052979,1.4040816807759693
TOKYOTECH_s05,36,72,38.4,-1.229347586631775,1.2900777845162708
TOKYOTECH_s05,36,73,38.43333333333333,-0.8881081342697144,1.093732032989278
TOKYOTECH_s05,36,74,38.46666666666667,0.635750949382782,0.827258760439415
TOKYOTECH_s05,36,75,38.5,1.8424484729766846,0.5118835779782405
TOKYOTECH_s05,36,76,38.53333333333333,2.0155880451202393,0.1778978560666538
TOKYOTECH_s05,36,77,38.56666666666667,1.790632963180542,-0.14145111985723552
TOKYOTECH_s05,36,78,38.6,1.515741229057312,-0.41898895283761195
TOKYOTECH_s05,36,79,38.63333333333333,1.158918857574463,-0.6397655909545115
TOKYOTECH_s05,36,80,38.666666666666664,0.8779541850090027,-0.8012414768476213
TOKYOTECH_s05,36,81,38.7,0.6703628897666931,-0.9091803801878772
TOKYOTECH_s05,36,82,38.733333333333334,0.5129307508468628,-0.9730600233476546
TOKYOTECH_s05,36,83,38.766666666666666,0.49606558680534363,-1.0030663633317278
TOKYOTECH_s05,36,84,38.8,0.5943359732627869,-1.0073756232958064
TOKYOTECH_s05,36,85,38.833333333333336,0.4460844397544861,-0.9879171587540037
TOKYOTECH_s05,36,86,38.86666666666667,0.20712246000766754,-0.9366715411161247
TOKYOTECH_s05,36,87,38.9,-0.06255125254392624,-0.8374854517093451
TOKYOTECH_s05,36,88,38.93333333333333,-0.39809179306030273,-0.6753590298628281
TOKYOTECH_s05,36,89,38.96666666666667,-0.5812045335769653,-0.4485194274670414
TOKYOTECH_s05,36,90,39.0,-0.7463657855987549,-0.17446711210217986
TOKYOTECH_s05,36,91,39.03333333333333,-0.8055096864700317,0.11570027079877783
TOKYOTECH_s05,36,92,39.06666666666667,-0.8817146420478821,0.3909844191866254
TOKYOTECH_s05,36,93,39.1,-0.9357117414474487,0.6315530255304354
TOKYOTECH_s05,36,94,39.13333333333333,-0.9138333201408386,0.8292592631178175
TOKYOTECH_s05,36,95,39.166666666666664,-0.960875928401947,0.9791134330858814
TOKYOTECH_s05,36,96,39.2,-1.0753437280654907,1.070953833015525
TOKYOTECH_s05,36,97,39.233333333333334,-1.1409255266189575,1.0899235008966737
TOKYOTECH_s05,36,98,39.266666666666666,-1.286372184753418,1.0253720330969713
TOKYOTECH_s05,36,99,39.3,-1.035914421081543,0.8797171787189065
TOKYOTECH_s05,36,100,39.333333333333336,0.32070866227149963,0.669813420898087
TOKYOTECH_s05,36,101,39.36666666666667,1.7064940929412842,0.42082209834533496
TOKYOTECH_s05,36,102,39.4,1.9194904565811157,0.1586940714981189
TOKYOTECH_s05,36,103,39.43333333333333,1.6108059883117676,-0.09294645483819708
TOKYOTECH_s05,36,104,39.46666666666667,1.3498320579528809,-0.31189842586433814
TOKYOTECH_s05,36,105,39.5,1.121715784072876,-0.4778582117300392
TOKYOTECH_s05,36,106,39.53333333333333,0.7567546367645264,-0.5777706332986976
TOKYOTECH_s05,36,107,39.56666666666667,0.5086298584938049,-0.6133370879478167
TOKYOTECH_s05,36,108,39.6,0.3624085783958435,-0.6037970512125599
TOKYOTECH_s05,36,109,39.63333333333333,0.32564178109169006,-0.5790262733930164
TOKYOTECH_s05,36,110,39.666666666666664,0.4660305976867676,-0.5652323234903882
TOKYOTECH_s05,36,111,39.7,0.3325694799423218,-0.5718934337268488
TOKYOTECH_s05,36,112,39.733333333333334,0.13774725794792175,-0.5882758399031756
TOKYOTECH_s05,36,113,39.766666666666666,-0.16253133118152618,-0.5911329481447262
TOKYOTECH_s05,36,114,39.8,-0.44404807686805725,-0.5571682160108035
TOKYOTECH_s05,36,115,39.833333333333336,-0.7176932096481323,-0.47147351491547285
TOKYOTECH_s05,36,116,39.86666666666667,-0.797531247138977,-0.3288948642058108
TOKYOTECH_s05,36,117,39.9,-0.853193461894989,-0.13257765852636644
TOKYOTECH_s05,36,118,39.93333333333333,-0.9759958386421204,0.10489228566908373
TOKYOTECH_s05,36,119,39.96666666666667,-0.965301513671875,0.35785466019761225
TOKYOTECH_s05,36,120,40.0,-0.9686228632926941,0.5881173288684154
TOKYOTECH_s05,36,121,40.03333333333333,-1.0238487720489502,0.7556736671042403
TOKYOTECH_s05,36,122,40.06666666666667,-1.029414176940918,0.835715758535947
TOKYOTECH_s05,36,123,40.1,-1.133392333984375,0.829733331239271
TOKYOTECH_s05,36,124,40.13333333333333,-1.332185983657837,0.761820146382819
TOKYOTECH_s05,36,125,40.166666666666664,-1.3802348375320435,0.6625972489897521
TOKYOTECH_s05,36,126,40.2,-0.9425771236419678,0.5522129362965893
TOKYOTECH_s05,36,127,40.233333333333334,0.4848814904689789,0.433930375958652
TOKYOTECH_s05,36,128,40.266666666666666,1.6952476501464844,0.30093112115587295
TOKYOTECH_s05,36,129,40.3,1.8222529888153076,0.14879653904933834
TOKYOTECH_s05,36,130,40.333333333333336,1.438761591911316,-0.01703777681350803
TOKYOTECH_s05,36,131,40.36666666666667,1.044317603111267,-0.18395398143726907
TOKYOTECH_s05,36,132,40.4,0.7654098272323608,-0.3404769413569718
TOKYOTECH_s05,36,133,40.43333333333333,0.45826584100723267,-0.4811563061254087
TOKYOTECH_s05,36,134,40.46666666666667,0.11029459536075592,-0.6038546195900885
TOKYOTECH_s05,36,135,40.5,0.15227945148944855,-0.7034561552944851
TOKYOTECH_s05,36,136,40.53333333333333,0.3952306807041168,-0.7688094401227207
TOKYOTECH_s05,36,137,40.56666666666667,0.3867891728878021,-0.7858761716621845
TOKYOTECH_s05,36,138,40.6,0.2718762159347534,-0.7439247251323635
TOKYOTECH_s05,36,139,40.63333333333333,-0.010335086844861507,-0.6391731431980211
TOKYOTECH_s05,36,140,40.666666666666664,-0.3034989535808563,-0.4740916148669092
TOKYOTECH_s05,36,141,40.7,-0.5205290913581848,-0.2560246465420049
TOKYOTECH_s05,36,142,40.733333333333334,-0.7359474897384644,0.0003252351406311657
TOKYOTECH_s05,36,143,40.766666666666666,-0.7829011082649231,0.2673402515264761
TOKYOTECH_s05,36,144,40.8,-0.8779569268226624,0.5037752598574717
TOKYOTECH_s05,36,145,40.833333333333336,-0.9183568358421326,0.6663427112282703
TOKYOTECH_s05,36,146,40.86666666666667,-0.8806015849113464,0.72974384389978
TOKYOTECH_s05,36,147,40.9,-0.9080631732940674,0.7007762899315856
TOKYOTECH_s05,36,148,40.93333333333333,-0.9701010584831238,0.6145199219077606
TOKYOTECH_s05,36,149,40.96666666666667,-1.0990653038024902,0.5137291573762447
TOKYOTECH_s05,36,150,41.0,-1.1086021661758423,0.42551166526469136
TOKYOTECH_s05,36,151,41.03333333333333,-0.8506823778152466,0.35137586648450797
TOKYOTECH_s05,36,152,41.06666666666667,0.3638511002063751,0.2753642982190308
TOKYOTECH_s05,36,153,41.1,1.4906036853790283,0.1811587787466476
TOKYOTECH_s05,36,154,41.13333333333333,1.5106122493743896,0.06481513071698063
TOKYOTECH_s05,36,155,41.166666666666664,1.1148147583007812,-0.06409991610266573
TOKYOTECH_s05,36,156,41.2,0.7637802958488464,-0.19051705823500034
TOKYOTECH_s05,36,157,41.233333333333334,0.4013569951057434,-0.30294634422153927
TOKYOTECH_s05,36,158,41.266666666666666,-0.06395816802978516,-0.3975038238306614
TOKYOTECH_s05,36,159,41.3,-0.1848727911710739,-0.4764193332686804
TOKYOTECH_s05,36,160,41.333333333333336,-0.045801833271980286,-0.5440826162427692
TOKYOTECH_s05,36,161,41.36666666666667,0.189162015914917,-0.6031429247114058
TOKYOTECH_s05,36,162,41.4,0.3081265687942505,-0.6506200535089114
TOKYOTECH_s05,36,163,41.43333333333333,0.07226334512233734,-0.6737736441791269
TOKYOTECH_s05,36,164,41.46666666666667,-0.14361810684204102,-0.6490052377405953
TOKYOTECH_s05,36,165,41.5,-0.4284740388393402,-0.5488081628451842
TOKYOTECH_s05,36,166,41.53333333333333,-0.6850224733352661,-0.35693948105736656
TOKYOTECH_s05,36,167,41.56666666666667,-0.9129250645637512,-0.08396345664989106
TOKYOTECH_s05,36,168,41.6,-0.9489616751670837,0.22857434987018607
TOKYOTECH_s05,36,169,41.63333333333333,-1.021462321281433,0.5216227122154989
TOKYOTECH_s05,36,170,41.666666666666664,-1.0107858180999756,0.7431345273497255
TOKYOTECH_s05,36,171,41.7,-0.9850784540176392,0.8679778750565401
TOKYOTECH_s05,36,172,41.733333333333334,-0.9850517511367798,0.901423902284935
TOKYOTECH_s05,36,173,41.766666666666666,-1.045086145401001,0.8666602903700232
TOKYOTECH_s05,36,174,41.8,-1.107533574104309,0.7870801559969259
TOKYOTECH_s05,36,175,41.833333333333336,-1.0679974555969238,0.6754384739917767
TOKYOTECH_s05,36,176,41.86666666666667,-0.06058335304260254,0.5343118147469834
TOKYOTECH_s05,36,177,41.9,1.4497052431106567,0.3633352920153226
TOKYOTECH_s05,36,178,41.93333333333333,1.9009867906570435,0.16594943720083954
TOKYOTECH_s05,36,179,41.96666666666667,1.5832642316818237,-0.048426175018023286
TOKYOTECH_s05,36,180,42.0,1.1780813932418823,-0.26626822798421806
TOKYOTECH_s05,36,181,42.03333333333333,0.8803049921989441,-0.47282482129294795
TOKYOTECH_s05,36,182,42.06666666666667,0.6179419159889221,-0.6536847402797636
TOKYOTECH_s05,36,183,42.1,0.28309592604637146,-0.7952992957157905
TOKYOTECH_s05,36,184,42.13333333333333,0.12987565994262695,-0.8864246874592663
TOKYOTECH_s05,36,185,42.166666666666664,0.27956971526145935,-0.9212608468140602
TOKYOTECH_s05,36,186,42.2,0.38759949803352356,-0.901679487639985
TOKYOTECH_s05,36,187,42.233333333333334,0.3044579029083252,-0.8348013507943265
TOKYOTECH_s05,36,188,42.266666666666666,0.16219910979270935,-0.7261139638295849
TOKYOTECH_s05,36,189,42.3,-0.17012690007686615,-0.5737616951562703
TOKYOTECH_s05,36,190,42.333333333333336,-0.45590001344680786,-0.3708075526471887
TOKYOTECH_s05,36,191,42.36666666666667,-0.6860464811325073,-0.11632005436079226
TOKYOTECH_s05,36,192,42.4,-0.8501213788986206,0.1734208925077585
TOKYOTECH_s05,36,193,42.43333333333333,-0.9035307765007019,0.46483372281975827
TOKYOTECH_s05,36,194,42.46666666666667,-1.0269386768341064,0.7195636750200944
TOKYOTECH_s05,36,195,42.5,-0.9977406859397888,0.9097789736711426
TOKYOTECH_s05,36,196,42.53333333333333,-0.9916678071022034,1.025447710023038
TOKYOTECH_s05,36,197,42.56666666666667,-1.0000826120376587,1.0707007963004862
TOKYOTECH_s05,36,198,42.6,-1.0460655689239502,1.054595385861815
TOKYOTECH_s05,36,199,42.63333333333333,-1.130507230758667,0.9841036595086619
TOKYOTECH_s05,36,200,42.666666666666664,-1.252187728881836,0.863128161884075
TOKYOTECH_s05,36,201,42.7,-0.9123373627662659,0.6956780641110482
TOKYOTECH_s05,36,202,42.733333333333334,0.5918694138526917,0.4892581764618766
TOKYOTECH_s05,36,203,42.766666666666666,1.8975764513015747,0.25620588688853857
TOKYOTECH_s05,36,204,42.8,1.9877437353134155,0.013293396343533732
TOKYOTECH_s05,36,205,42.833333333333336,1.5902721881866455,-0.21931454210353601
TOKYOTECH_s05,36,206,42.86666666666667,1.2811781167984009,-0.42019666180032855
TOKYOTECH_s05,36,207,42.9,1.0340951681137085,-0.5714383140751451
TOKYOTECH_s05,36,208,42.93333333333333,0.6958921551704407,-0.6657051814608425
TOKYOTECH_s05,36,209,42.96666666666667,0.3922743797302246,-0.7117933958240452
TOKYOTECH_s05,36,210,43.0,0.32658565044403076,-0.7330706269906688
TOKYOTECH_s05,36,211,43.03333333333333,0.37450093030929565,-0.7562845532316839
TOKYOTECH_s05,36,212,43.06666666666667,0.48433831334114075,-0.7955018145174958
TOKYOTECH_s05,36,213,43.1,0.40595173835754395,-0.8413876063864533
TOKYOTECH_s05,36,214,43.13333333333333,0.18495017290115356,-0.8640286910129849
TOKYOTECH_s05,36,215,43.166666666666664,-0.17763341963291168,-0.8287755056467956
TOKYOTECH_s05,36,216,43.2,-0.4396670460700989,-0.7150948563434831
TOKYOTECH_s05,36,217,43.233333333333334,-0.6161993741989136,-0.5262105372861374
TOKYOTECH_s05,36,218,43.266666666666666,-0.8185993432998657,-0.28518703531086376
TOKYOTECH_s05,36,219,43.3,-0.9162642359733582,-0.023392151277659968
TOKYOTECH_s05,36,220,43.333333333333336,-0.9763698577880859,0.22927070352078507
TOKYOTECH_s05,36,221,43.36666666666667,-0.995202898979187,0.4475893085501505
TOKYOTECH_s05,36,222,43.4,-0.9754348397254944,0.6104927170058766
TOKYOTECH_s05,36,223,43.43333333333333,-0.9620513319969177,0.7024689010840318
TOKYOTECH_s05,36,224,43.46666666666667,-1.0610252618789673,0.7181530669425243
TOKYOTECH_s05,36,225,43.5,-1.1772559881210327,0.6656763692450595
TOKYOTECH_s05,36,226,43.53333333333333,-1.228804349899292,0.5646816529176718
TOKYOTECH_s05,36,227,43.56666666666667,-0.9700921177864075,0.4396757853143046
TOKYOTECH_s05,36,228,43.6,0.34918534755706787,0.3131689367031915
TOKYOTECH_s05,36,229,43.63333333333333,1.8049514293670654,0.2026346002133803
TOKYOTECH_s05,36,230,43.666666666666664,2.055044174194336,0.12120836750084608
TOKYOTECH_s05,36,231,43.7,1.7199933528900146,0.07842530712190504
TOKYOTECH_s05,36,232,43.733333333333334,1.3214532136917114,0.07786309275775549
TOKYOTECH_s05,36,233,43.766666666666666,0.9035725593566895,0.11250167291985647
TOKYOTECH_s05,36,234,43.8,0.5740603804588318,0.16230885703538486
TOKYOTECH_s05,36,235,43.833333333333336,0.336736798286438,0.19839528689655067
TOKYOTECH_s05,36,236,43.86666666666667,0.26140448451042175,0.1934387437160597
TOKYOTECH_s05,36,237,43.9,0.33676353096961975,0.1331785665841405
TOKYOTECH_s05,36,238,43.93333333333333,0.4770098924636841,0.02299746574332275
TOKYOTECH_s05,36,239,43.96666666666667,0.42884528636932373,-0.1132803403346229
TOKYOTECH_s05,37,0,37.0,0.4594857692718506,-0.0585389159201455
TOKYOTECH_s05,37,1,37.03333333333333,0.15148694813251495,-1.5769677942803213
TOKYOTECH_s05,37,2,37.06666666666667,0.07440933585166931,-2.8784665947149515
TOKYOTECH_s05,37,3,37.1,0.3708500564098358,-3.7935304074743574
TOKYOTECH_s05,37,4,37.13333333333333,0.48131078481674194,-4.231319380304145
TOKYOTECH_s05,37,5,37.166666666666664,0.3279213309288025,-4.1948924871853395
TOKYOTECH_s05,37,6,37.2,0.07820266485214233,-3.7700320185955527
TOKYOTECH_s05,37,7,37.233333333333334,-0.19808712601661682,-3.0925264576599654
TOKYOTECH_s05,37,8,37.266666666666666,-0.4666922986507416,-2.3074821581169767
TOKYOTECH_s05,37,9,37.3,-0.6918967962265015,-1.5355560108067061
TOKYOTECH_s05,37,10,37.333333333333336,-0.7818503379821777,-0.8557353997024802
TOKYOTECH_s05,37,11,37.36666666666667,-0.8389105796813965,-0.30548214045861444
TOKYOTECH_s05,37,12,37.4,-0.8776898384094238,0.10880611221397987
TOKYOTECH_s05,37,13,37.43333333333333,-0.889621913433075,0.40019864719260667
TOKYOTECH_s05,37,14,37.46666666666667,-0.9210904836654663,0.5930670880350531
TOKYOTECH_s05,37,15,37.5,-0.9614102244377136,0.7169783379106089
TOKYOTECH_s05,37,16,37.53333333333333,-1.0388439893722534,0.7997744926301731
TOKYOTECH_s05,37,17,37.56666666666667,-1.1062157154083252,0.8599488749584457
TOKYOTECH_s05,37,18,37.6,-0.5415794253349304,0.9020636953945617
TOKYOTECH_s05,37,19,37.63333333333333,0.8135388493537903,0.9190558973213722
TOKYOTECH_s05,37,20,37.666666666666664,1.705363154411316,0.9007151251780546
TOKYOTECH_s05,37,21,37.7,1.7082661390304565,0.8425229164940858
TOKYOTECH_s05,37,22,37.733333333333334,1.34212064743042,0.7484275743286829
TOKYOTECH_s05,37,23,37.766666666666666,0.9425387382507324,0.6260941145020229
TOKYOTECH_s05,37,24,37.8,0.5336961150169373,0.480164434551023
TOKYOTECH_s05,37,25,37.833333333333336,0.19470953941345215,0.31101685621386427
TOKYOTECH_s05,37,26,37.86666666666667,0.06880838423967361,0.12039738962973341
TOKYOTECH_s05,37,27,37.9,0.14303655922412872,-0.08191073543139052
TOKYOTECH_s05,37,28,37.93333333333333,0.35421639680862427,-0.27668705283822387
TOKYOTECH_s05,37,29,37.96666666666667,0.3703959286212921,-0.4400338185856032
TOKYOTECH_s05,37,30,38.0,0.10432855784893036,-0.5497283134871351
TOKYOTECH_s05,37,31,38.03333333333333,-0.22123000025749207,-0.5882926224575514
TOKYOTECH_s05,37,32,38.06666666666667,-0.40119946002960205,-0.5431174605139865
TOKYOTECH_s05,37,33,38.1,-0.6844437122344971,-0.4080916603445448
TOKYOTECH_s05,37,34,38.13333333333333,-0.8888382911682129,-0.188760236818287
TOKYOTECH_s05,37,35,38.166666666666664,-0.9270387291908264,0.09257327625670675
TOKYOTECH_s05,37,36,38.2,-0.9887382388114929,0.39771800173870514
TOKYOTECH_s05,37,37,38.233333333333334,-1.0001806020736694,0.6819049362873317
TOKYOTECH_s05,37,38,38.266666666666666,-0.9788363575935364,0.9071786006390118
TOKYOTECH_s05,37,39,38.3,-0.9640014171600342,1.0516823317065993
TOKYOTECH_s05,37,40,38.333333333333336,-1.078193187713623,1.1099031906112142
TOKYOTECH_s05,37,41,38.36666666666667,-1.1340868473052979,1.085812122692764
TOKYOTECH_s05,37,42,38.4,-1.229347586631775,0.9852672733473475
TOKYOTECH_s05,37,43,38.43333333333333,-0.8881081342697144,0.8133776146099878
TOKYOTECH_s05,37,44,38.46666666666667,0.635750949382782,0.5778366833145954
TOKYOTECH_s05,37,45,38.5,1.8424484729766846,0.2943012195006361
TOKYOTECH_s05,37,46,38.53333333333333,2.0155880451202393,-0.011633065338281904
TOKYOTECH_s05,37,47,38.56666666666667,1.790632963180542,-0.30856841257381734
TOKYOTECH_s05,37,48,38.6,1.515741229057312,-0.5673992976708861
TOKYOTECH_s05,37,49,38.63333333333333,1.158918857574463,-0.7683828262592013
TOKYOTECH_s05,37,50,38.666666666666664,0.8779541850090027,-0.9038586623126684
TOKYOTECH_s05,37,51,38.7,0.6703628897666931,-0.9770785624427886
TOKYOTECH_s05,37,52,38.733333333333334,0.5129307508468628,-0.9996456595858582
TOKYOTECH_s05,37,53,38.766666666666666,0.49606558680534363,-0.9887840566923503
TOKYOTECH_s05,37,54,38.8,0.5943359732627869,-0.9627935817518346
TOKYOTECH_s05,37,55,38.833333333333336,0.4460844397544861,-0.9332342712362209
TOKYOTECH_s05,37,56,38.86666666666667,0.20712246000766754,-0.897234784443058
TOKYOTECH_s05,37,57,38.9,-0.06255125254392624,-0.8367397077497531
TOKYOTECH_s05,37,58,38.93333333333333,-0.39809179306030273,-0.7278556148602565
TOKYOTECH_s05,37,59,38.96666666666667,-0.5812045335769653,-0.5555841044728659
TOKYOTECH_s05,37,60,39.0,-0.7463657855987549,-0.3240950057426191
TOKYOTECH_s05,37,61,39.03333333333333,-0.8055096864700317,-0.0552071215819588
TOKYOTECH_s05,37,62,39.06666666666667,-0.8817146420478821,0.22300946560844184
TOKYOTECH_s05,37,63,39.1,-0.9357117414474487,0.48789455314101593
TOKYOTECH_s05,37,64,39.13333333333333,-0.9138333201408386,0.7255986358132787
TOKYOTECH_s05,37,65,39.166666666666664,-0.960875928401947,0.9257837077543514
TOKYOTECH_s05,37,66,39.2,-1.0753437280654907,1.0750044827325973
TOKYOTECH_s05,37,67,39.233333333333334,-1.1409255266189575,1.1567133017376738
TOKYOTECH_s05,37,68,39.266666666666666,-1.286372184753418,1.1582105213853626
TOKYOTECH_s05,37,69,39.3,-1.035914421081543,1.0775624380324704
TOKYOTECH_s05,37,70,39.333333333333336,0.32070866227149963,0.9244101294279937
TOKYOTECH_s05,37,71,39.36666666666667,1.7064940929412842,0.7151877388069923
TOKYOTECH_s05,37,72,39.4,1.9194904565811157,0.4682897659449593
TOKYOTECH_s05,37,73,39.43333333333333,1.6108059883117676,0.2036805264787759
TOKYOTECH_s05,37,74,39.46666666666667,1.3498320579528809,-0.054709657275814415
TOKYOTECH_s05,37,75,39.5,1.121715784072876,-0.2798433370444981
TOKYOTECH_s05,37,76,39.53333333333333,0.7567546367645264,-0.4489976267818162
TOKYOTECH_s05,37,77,39.56666666666667,0.5086298584938049,-0.5541449380962902
TOKYOTECH_s05,37,78,39.6,0.3624085783958435,-0.6072255292350018
TOKYOTECH_s05,37,79,39.63333333333333,0.32564178109169006,-0.6344105472496802
TOKYOTECH_s05,37,80,39.666666666666664,0.4660305976867676,-0.66138473755097
TOKYOTECH_s05,37,81,39.7,0.3325694799423218,-0.6988152875711554
TOKYOTECH_s05,37,82,39.733333333333334,0.13774725794792175,-0.7372907665271261
TOKYOTECH_s05,37,83,39.766666666666666,-0.16253133118152618,-0.7541569046691899
TOKYOTECH_s05,37,84,39.8,-0.44404807686805725,-0.7260723362597646
TOKYOTECH_s05,37,85,39.833333333333336,-0.7176932096481323,-0.6380944818137048
TOKYOTECH_s05,37,86,39.86666666666667,-0.797531247138977,-0.4855564333685528
TOKYOTECH_s05,37,87,39.9,-0.853193461894989,-0.2725083356155201
TOKYOTECH_s05,37,88,39.93333333333333,-0.9759958386421204,-0.012233488251030766
TOKYOTECH_s05,37,89,39.96666666666667,-0.965301513671875,0.2695944041202225
TOKYOTECH_s05,37,90,40.0,-0.9686228632926941,0.5349822988878534
TOKYOTECH_s05,37,91,40.03333333333333,-1.0238487720489502,0.7427911663564687
TOKYOTECH_s05,37,92,40.06666666666667,-1.029414176940918,0.8642124476420108
TOKYOTECH_s05,37,93,40.1,-1.133392333984375,0.8939197051338239
TOKYOTECH_s05,37,94,40.13333333333333,-1.332185983657837,0.8486152230939294
TOKYOTECH_s05,37,95,40.166666666666664,-1.3802348375320435,0.7543985290423907
TOKYOTECH_s05,37,96,40.2,-0.9425771236419678,0.6325749816197084
TOKYOTECH_s05,37,97,40.233333333333334,0.4848814904689789,0.49376885782639823
TOKYOTECH_s05,37,98,40.266666666666666,1.6952476501464844,0.3422993836243273
TOKYOTECH_s05,37,99,40.3,1.8222529888153076,0.18407303380923895
TOKYOTECH_s05,37,100,40.333333333333336,1.438761591911316,0.029430511275355887
TOKYOTECH_s05,37,101,40.36666666666667,1.044317603111267,-0.11182257567901217
TOKYOTECH_s05,37,102,40.4,0.7654098272323608,-0.23775619170917994
TOKYOTECH_s05,37,103,40.43333333333333,0.45826584100723267,-0.355633921547306
TOKYOTECH_s05,37,104,40.46666666666667,0.11029459536075592,-0.47451076073810194
TOKYOTECH_s05,37,105,40.5,0.15227945148944855,-0.594703875323548
TOKYOTECH_s05,37,106,40.53333333333333,0.3952306807041168,-0.7025783142387609
TOKYOTECH_s05,37,107,40.56666666666667,0.3867891728878021,-0.7746819334658978
TOKYOTECH_s05,37,108,40.6,0.2718762159347534,-0.7876167432305685
TOKYOTECH_s05,37,109,40.63333333333333,-0.010335086844861507,-0.7262988316751644
TOKYOTECH_s05,37,110,40.666666666666664,-0.3034989535808563,-0.5870297200769268
TOKYOTECH_s05,37,111,40.7,-0.5205290913581848,-0.3778889309515068
TOKYOTECH_s05,37,112,40.733333333333334,-0.7359474897384644,-0.12031140327734105
TOKYOTECH_s05,37,113,40.766666666666666,-0.7829011082649231,0.14892130454344005
TOKYOTECH_s05,37,114,40.8,-0.8779569268226624,0.38186397700428953
TOKYOTECH_s05,37,115,40.833333333333336,-0.9183568358421326,0.5347954315336276
TOKYOTECH_s05,37,116,40.86666666666667,-0.8806015849113464,0.5887609772521551
TOKYOTECH_s05,37,117,40.9,-0.9080631732940674,0.56042398687248
TOKYOTECH_s05,37,118,40.93333333333333,-0.9701010584831238,0.4930672495575727
TOKYOTECH_s05,37,119,40.96666666666667,-1.0990653038024902,0.43183110522158846
TOKYOTECH_s05,37,120,41.0,-1.1086021661758423,0.39919713871335516
TOKYOTECH_s05,37,121,41.03333333333333,-0.8506823778152466,0.38682311111721984
TOKYOTECH_s05,37,122,41.06666666666667,0.3638511002063751,0.36730342656437803
TOKYOTECH_s05,37,123,41.1,1.4906036853790283,0.315157675383547
TOKYOTECH_s05,37,124,41.13333333333333,1.5106122493743896,0.22198100494942757
TOKYOTECH_s05,37,125,41.166666666666664,1.1148147583007812,0.09748343706601395
TOKYOTECH_s05,37,126,41.2,0.7637802958488464,-0.04052794915454508
TOKYOTECH_s05,37,127,41.233333333333334,0.4013569951057434,-0.1773674178123045
TOKYOTECH_s05,37,128,41.266666666666666,-0.06395816802978516,-0.3064301919160677
TOKYOTECH_s05,37,129,41.3,-0.1848727911710739,-0.4273577084302769
TOKYOTECH_s05,37,130,41.333333333333336,-0.045801833271980286,-0.5411360372883048
TOKYOTECH_s05,37,131,41.36666666666667,0.189162015914917,-0.6454235069530333
TOKYOTECH_s05,37,132,41.4,0.3081265687942505,-0.7307176884112278
TOKYOTECH_s05,37,133,41.43333333333333,0.07226334512233734,-0.7773951466593639
TOKYOTECH_s05,37,134,41.46666666666667,-0.14361810684204102,-0.7565699139487714
TOKYOTECH_s05,37,135,41.5,-0.4284740388393402,-0.6389754863960582
TOKYOTECH_s05,37,136,41.53333333333333,-0.6850224733352661,-0.41122918521839613
TOKYOTECH_s05,37,137,41.56666666666667,-0.9129250645637512,-0.09115889012564589
TOKYOTECH_s05,37,138,41.6,-0.9489616751670837,0.26959421757751556
TOKYOTECH_s05,37,139,41.63333333333333,-1.021462321281433,0.6015811409051811
TOKYOTECH_s05,37,140,41.666666666666664,-1.0107858180999756,0.8447510987491529
TOKYOTECH_s05,37,141,41.7,-0.9850784540176392,0.9703639025313057
TOKYOTECH_s05,37,142,41.733333333333334,-0.9850517511367798,0.9852915146905199
TOKYOTECH_s05,37,143,41.766666666666666,-1.045086145401001,0.9190760363423308
TOKYOTECH_s05,37,144,41.8,-1.107533574104309,0.8045566634052274
TOKYOTECH_s05,37,145,41.833333333333336,-1.0679974555969238,0.6644128635124112
TOKYOTECH_s05,37,146,41.86666666666667,-0.06058335304260254,0.508796422922331
TOKYOTECH_s05,37,147,41.9,1.4497052431106567,0.34053621989247407
TOKYOTECH_s05,37,148,41.93333333333333,1.9009867906570435,0.16127924985659323
TOKYOTECH_s05,37,149,41.96666666666667,1.5832642316818237,-0.025515887486411353
TOKYOTECH_s05,37,150,42.0,1.1780813932418823,-0.21457011615751773
TOKYOTECH_s05,37,151,42.03333333333333,0.8803049921989441,-0.3992728874898045
TOKYOTECH_s05,37,152,42.06666666666667,0.6179419159889221,-0.5711513436907582
TOKYOTECH_s05,37,153,42.1,0.28309592604637146,-0.7192942051579427
TOKYOTECH_s05,37,154,42.13333333333333,0.12987565994262695,-0.8318276117706123
TOKYOTECH_s05,37,155,42.166666666666664,0.27956971526145935,-0.8997253487242978
TOKYOTECH_s05,37,156,42.2,0.38759949803352356,-0.9197584282355799
TOKYOTECH_s05,37,157,42.233333333333334,0.3044579029083252,-0.8926893721300977
TOKYOTECH_s05,37,158,42.266666666666666,0.16219910979270935,-0.817257906398246
TOKYOTECH_s05,37,159,42.3,-0.17012690007686615,-0.6859302132890945
TOKYOTECH_s05,37,160,42.333333333333336,-0.45590001344680786,-0.48888413050147134
TOKYOTECH_s05,37,161,42.36666666666667,-0.6860464811325073,-0.22621385806175434
TOKYOTECH_s05,37,162,42.4,-0.8501213788986206,0.08096775488999325
TOKYOTECH_s05,37,163,42.43333333333333,-0.9035307765007019,0.39173127581278017
TOKYOTECH_s05,37,164,42.46666666666667,-1.0269386768341064,0.6599158391634772
TOKYOTECH_s05,37,165,42.5,-0.9977406859397888,0.8516751155900211
TOKYOTECH_s05,37,166,42.53333333333333,-0.9916678071022034,0.9545261268355026
TOKYOTECH_s05,37,167,42.56666666666667,-1.0000826120376587,0.9744483466015537
TOKYOTECH_s05,37,168,42.6,-1.0460655689239502,0.9262298511114091
TOKYOTECH_s05,37,169,42.63333333333333,-1.130507230758667,0.8251864676245285
TOKYOTECH_s05,37,170,42.666666666666664,-1.252187728881836,0.6844147902542939
TOKYOTECH_s05,37,171,42.7,-0.9123373627662659,0.5159138501139783
TOKYOTECH_s05,37,172,42.733333333333334,0.5918694138526917,0.3317975449299865
TOKYOTECH_s05,37,173,42.766666666666666,1.8975764513015747,0.14379440953443243
TOKYOTECH_s05,37,174,42.8,1.9877437353134155,-0.037766504867227754
TOKYOTECH_s05,37,175,42.833333333333336,1.5902721881866455,-0.20359757980842993
TOKYOTECH_s05,37,176,42.86666666666667,1.2811781167984009,-0.3443084620653143
TOKYOTECH_s05,37,177,42.9,1.0340951681137085,-0.4513383666869171
TOKYOTECH_s05,37,178,42.93333333333333,0.6958921551704407,-0.5214907098858177
TOKYOTECH_s05,37,179,42.96666666666667,0.3922743797302246,-0.5623581948132397
TOKYOTECH_s05,37,180,43.0,0.32658565044403076,-0.5925687128797844
TOKYOTECH_s05,37,181,43.03333333333333,0.37450093030929565,-0.6327721215224268
TOKYOTECH_s05,37,182,43.06666666666667,0.48433831334114075,-0.6909910836649753
TOKYOTECH_s05,37,183,43.1,0.40595173835754395,-0.7524486880032325
TOKYOTECH_s05,37,184,43.13333333333333,0.18495017290115356,-0.782464661469578
TOKYOTECH_s05,37,185,43.166666666666664,-0.17763341963291168,-0.7423105916353333
TOKYOTECH_s05,37,186,43.2,-0.4396670460700989,-0.6084532780224421
TOKYOTECH_s05,37,187,43.233333333333334,-0.6161993741989136,-0.3831839730437841
TOKYOTECH_s05,37,188,43.266666666666666,-0.8185993432998657,-0.09186178932559479
TOKYOTECH_s05,37,189,43.3,-0.9162642359733582,0.22819595085290809
TOKYOTECH_s05,37,190,43.333333333333336,-0.9763698577880859,0.5384108892542504
TOKYOTECH_s05,37,191,43.36666666666667,-0.995202898979187,0.8043055197048916
TOKYOTECH_s05,37,192,43.4,-0.9754348397254944,0.9974707501631681
TOKYOTECH_s05,37,193,43.43333333333333,-0.9620513319969177,1.0988271342045675
TOKYOTECH_s05,37,194,43.46666666666667,-1.0610252618789673,1.1035803405574072
TOKYOTECH_s05,37,195,43.5,-1.1772559881210327,1.0232491291422476
TOKYOTECH_s05,37,196,43.53333333333333,-1.228804349899292,0.8811596106668929
TOKYOTECH_s05,37,197,43.56666666666667,-0.9700921177864075,0.7031798883782513
TOKYOTECH_s05,37,198,43.6,0.34918534755706787,0.5095191485642093
TOKYOTECH_s05,37,199,43.63333333333333,1.8049514293670654,0.31250738667929484
TOKYOTECH_s05,37,200,43.666666666666664,2.055044174194336,0.11994108460665798
TOKYOTECH_s05,37,201,43.7,1.7199933528900146,-0.06105023873658865
TOKYOTECH_s05,37,202,43.733333333333334,1.3214532136917114,-0.22409434883731147
TOKYOTECH_s05,37,203,43.766666666666666,0.9035725593566895,-0.3674208630554246
TOKYOTECH_s05,37,204,43.8,0.5740603804588318,-0.4968319317594556
TOKYOTECH_s05,37,205,43.833333333333336,0.336736798286438,-0.6230558932590591
TOKYOTECH_s05,37,206,43.86666666666667,0.26140448451042175,-0.7535740274265442
TOKYOTECH_s05,37,207,43.9,0.33676353096961975,-0.884253731495825
TOKYOTECH_s05,37,208,43.93333333333333,0.4770098924636841,-0.996844489623937
TOKYOTECH_s05,37,209,43.96666666666667,0.42884528636932373,-1.064225251352794
TOKYOTECH_s05,37,210,44.0,0.1473374366760254,-1.0596904469393276
TOKYOTECH_s05,37,211,44.03333333333333,-0.22339379787445068,-0.9645827110310812
TOKYOTECH_s05,37,212,44.06666666666667,-0.46857115626335144,-0.7721302932356364
TOKYOTECH_s05,37,213,44.1,-0.6573026776313782,-0.48971470986772647
TOKYOTECH_s05,37,214,44.13333333333333,-0.8364618420600891,-0.1417108162637082
TOKYOTECH_s05,37,215,44.166666666666664,-0.8234790563583374,0.22905767211220798
TOKYOTECH_s05,37,216,44.2,-0.8990339636802673,0.5667193987914098
TOKYOTECH_s05,37,217,44.233333333333334,-0.9990407824516296,0.8175769713214286
TOKYOTECH_s05,37,218,44.266666666666666,-0.9352042078971863,0.9493459744844576
TOKYOTECH_s05,37,219,44.3,-0.9547852277755737,0.9624850222488173
TOKYOTECH_s05,37,220,44.333333333333336,-1.0101624727249146,0.885844667459904
TOKYOTECH_s05,37,221,44.36666666666667,-1.0527974367141724,0.759630304031939
TOKYOTECH_s05,37,222,44.4,-1.1653685569763184,0.6170470230004048
TOKYOTECH_s05,37,223,44.43333333333333,-0.6842744946479797,0.4756926303761547
TOKYOTECH_s05,37,224,44.46666666666667,0.8617390394210815,0.3410108198281137
TOKYOTECH_s05,37,225,44.5,1.9044239521026611,0.21490801592041472
TOKYOTECH_s05,37,226,44.53333333333333,1.8400887250900269,0.10083621574077956
TOKYOTECH_s05,37,227,44.56666666666667,1.3737317323684692,0.0021938809948411214
TOKYOTECH_s05,37,228,44.6,0.9163683652877808,-0.08180363599584295
TOKYOTECH_s05,37,229,44.63333333333333,0.4373936355113983,-0.1562131484039429
TOKYOTECH_s05,37,230,44.666666666666664,0.024633005261421204,-0.22470035014988166
TOKYOTECH_s05,37,231,44.7,-0.06490205228328705,-0.28318034470552805
TOKYOTECH_s05,37,232,44.733333333333334,0.12271641194820404,-0.31959738142246313
TOKYOTECH_s05,37,233,44.766666666666666,0.30599838495254517,-0.3218912424193848
TOKYOTECH_s05,37,234,44.8,0.3652135133743286,-0.28863131672514736
TOKYOTECH_s05,37,235,44.833333333333336,0.2438180297613144,-0.23352085226642116
TOKYOTECH_s05,37,236,44.86666666666667,-0.03516091778874397,-0.17971208694955834
TOKYOTECH_s05,37,237,44.9,-0.40627506375312805,-0.1477067491998679
TOKYOTECH_s05,37,238,44.93333333333333,-0.6217290759086609,-0.14457023767195462
TOKYOTECH_s05,37,239,44.96666666666667,-0.8270230293273926,-0.16057926499365924
TOKYOTECH_s05,38,0,38.0,0.10432855784893036,0.04469673095215114
TOKYOTECH_s05,38,1,38.03333333333333,-0.22123000025749207,-1.491044085930629
TOKYOTECH_s05,38,2,38.06666666666667,-0.40119946002960205,-2.7500363426191603
TOKYOTECH_s05,38,3,38.1,-0.6844437122344971,-3.525759862024241
TOKYOTECH_s05,38,4,38.13333333333333,-0.8888382911682129,-3.732293275315081
TOKYOTECH_s05,38,5,38.166666666666664,-0.9270387291908264,-3.4183138744722346
TOKYOTECH_s05,38,6,38.2,-0.9887382388114929,-2.738341909765242
TOKYOTECH_s05,38,7,38.233333333333334,-1.0001806020736694,-1.8943354738535891
TOKYOTECH_s05,38,8,38.266666666666666,-0.9788363575935364,-1.072791174459285
TOKYOTECH_s05,38,9,38.3,-0.9640014171600342,-0.4010349140814555
TOKYOTECH_s05,38,10,38.333333333333336,-1.078193187713623,0.06609579046701157
TOKYOTECH_s05,38,11,38.36666666666667,-1.1340868473052979,0.33322755741560584
TOKYOTECH_s05,38,12,38.4,-1.229347586631775,0.4387587369882418
TOKYOTECH_s05,38,13,38.43333333333333,-0.8881081342697144,0.4309425557777084
TOKYOTECH_s05,38,14,38.46666666666667,0.635750949382782,0.3539276507805833
TOKYOTECH_s05,38,15,38.5,1.8424484729766846,0.24369253371361305
TOKYOTECH_s05,38,16,38.53333333333333,2.0155880451202393,0.12868177144366527
TOKYOTECH_s05,38,17,38.56666666666667,1.790632963180542,0.030133521651425976
TOKYOTECH_s05,38,18,38.6,1.515741229057312,-0.03893106182474055
TOKYOTECH_s05,38,19,38.63333333333333,1.158918857574463,-0.07392521065232682
TOKYOTECH_s05,38,20,38.666666666666664,0.8779541850090027,-0.07683332264458628
TOKYOTECH_s05,38,21,38.7,0.6703628897666931,-0.05371519015437153
TOKYOTECH_s05,38,22,38.733333333333334,0.5129307508468628,-0.013819042673736013
TOKYOTECH_s05,38,23,38.766666666666666,0.49606558680534363,0.02986893520846422
TOKYOTECH_s05,38,24,38.8,0.5943359732627869,0.06223755141714799
TOKYOTECH_s05,38,25,38.833333333333336,0.4460844397544861,0.07281328908704471
TOKYOTECH_s05,38,26,38.86666666666667,0.20712246000766754,0.06449348768934088
TOKYOTECH_s05,38,27,38.9,-0.06255125254392624,0.056316374118332096
TOKYOTECH_s05,38,28,38.93333333333333,-0.39809179306030273,0.07555248988229521
TOKYOTECH_s05,38,29,38.96666666666667,-0.5812045335769653,0.1429117631738738
TOKYOTECH_s05,38,30,39.0,-0.7463657855987549,0.26095916396016344
TOKYOTECH_s05,38,31,39.03333333333333,-0.8055096864700317,0.4140058797620852
TOKYOTECH_s05,38,32,39.06666666666667,-0.8817146420478821,0.5782083573977808
TOKYOTECH_s05,38,33,39.1,-0.9357117414474487,0.7323794285937865
TOKYOTECH_s05,38,34,39.13333333333333,-0.9138333201408386,0.8611443551138526
TOKYOTECH_s05,38,35,39.166666666666664,-0.960875928401947,0.9504533916112018
TOKYOTECH_s05,38,36,39.2,-1.0753437280654907,0.9831424591650978
TOKYOTECH_s05,38,37,39.233333333333334,-1.1409255266189575,0.9420499533902787
TOKYOTECH_s05,38,38,39.266666666666666,-1.286372184753418,0.8196289785774864
TOKYOTECH_s05,38,39,39.3,-1.035914421081543,0.6253431503029805
TOKYOTECH_s05,38,40,39.333333333333336,0.32070866227149963,0.3838332712723417
TOKYOTECH_s05,38,41,39.36666666666667,1.7064940929412842,0.12512099467851076
TOKYOTECH_s05,38,42,39.4,1.9194904565811157,-0.1252671399020725
TOKYOTECH_s05,38,43,39.43333333333333,1.6108059883117676,-0.34920463912426686
TOKYOTECH_s05,38,44,39.46666666666667,1.3498320579528809,-0.5325785040760325
TOKYOTECH_s05,38,45,39.5,1.121715784072876,-0.6626941986103071
TOKYOTECH_s05,38,46,39.53333333333333,0.7567546367645264,-0.7317031635886287
TOKYOTECH_s05,38,47,39.56666666666667,0.5086298584938049,-0.7439622009442497
TOKYOTECH_s05,38,48,39.6,0.3624085783958435,-0.7197850597178399
TOKYOTECH_s05,38,49,39.63333333333333,0.32564178109169006,-0.6893826660728717
TOKYOTECH_s05,38,50,39.666666666666664,0.4660305976867676,-0.6784582044017966
TOKYOTECH_s05,38,51,39.7,0.3325694799423218,-0.6942883071032981
TOKYOTECH_s05,38,52,39.733333333333334,0.13774725794792175,-0.7215985240161953
TOKYOTECH_s05,38,53,39.766666666666666,-0.16253133118152618,-0.730853641858465
TOKYOTECH_s05,38,54,39.8,-0.44404807686805725,-0.6927969276429553
TOKYOTECH_s05,38,55,39.833333333333336,-0.7176932096481323,-0.5895788925329789
TOKYOTECH_s05,38,56,39.86666666666667,-0.797531247138977,-0.4178186338939657
TOKYOTECH_s05,38,57,39.9,-0.853193461894989,-0.18658454369134947
TOKYOTECH_s05,38,58,39.93333333333333,-0.9759958386421204,0.08413271514666702
TOKYOTECH_s05,38,59,39.96666666666667,-0.965301513671875,0.36300029107212567
TOKYOTECH_s05,38,60,40.0,-0.9686228632926941,0.6098328958627194
TOKYOTECH_s05,38,61,40.03333333333333,-1.0238487720489502,0.7861275117522014
TOKYOTECH_s05,38,62,40.06666666666667,-1.029414176940918,0.8703057282994495
TOKYOTECH_s05,38,63,40.1,-1.133392333984375,0.8668351922107951
TOKYOTECH_s05,38,64,40.13333333333333,-1.332185983657837,0.8014837710024941
TOKYOTECH_s05,38,65,40.166666666666664,-1.3802348375320435,0.7054310483595808
TOKYOTECH_s05,38,66,40.2,-0.9425771236419678,0.5993521809554023
TOKYOTECH_s05,38,67,40.233333333333334,0.4848814904689789,0.488170577812014
TOKYOTECH_s05,38,68,40.266666666666666,1.6952476501464844,0.3680007953335696
TOKYOTECH_s05,38,69,40.3,1.8222529888153076,0.2371084998225625
TOKYOTECH_s05,38,70,40.333333333333336,1.438761591911316,0.10090860280047115
TOKYOTECH_s05,38,71,40.36666666666667,1.044317603111267,-0.03235727259657386
TOKYOTECH_s05,38,72,40.4,0.7654098272323608,-0.15947656187170667
TOKYOTECH_s05,38,73,40.43333333333333,0.45826584100723267,-0.28459718804525413
TOKYOTECH_s05,38,74,40.46666666666667,0.11029459536075592,-0.4130532432298771
TOKYOTECH_s05,38,75,40.5,0.15227945148944855,-0.54221262599436
TOKYOTECH_s05,38,76,40.53333333333333,0.3952306807041168,-0.6572605593463913
TOKYOTECH_s05,38,77,40.56666666666667,0.3867891728878021,-0.7352462107036123
TOKYOTECH_s05,38,78,40.6,0.2718762159347534,-0.7539185005419243
TOKYOTECH_s05,38,79,40.63333333333333,-0.010335086844861507,-0.6989126083370268
TOKYOTECH_s05,38,80,40.666666666666664,-0.3034989535808563,-0.5662563162052123
TOKYOTECH_s05,38,81,40.7,-0.5205290913581848,-0.36260951883809284
TOKYOTECH_s05,38,82,40.733333333333334,-0.7359474897384644,-0.10711667082992839
TOKYOTECH_s05,38,83,40.766666666666666,-0.7829011082649231,0.16559436243399064
TOKYOTECH_s05,38,84,40.8,-0.8779569268226624,0.40794442227708155
TOKYOTECH_s05,38,85,40.833333333333336,-0.9183568358421326,0.573333558223313
TOKYOTECH_s05,38,86,40.86666666666667,-0.8806015849113464,0.6365383374449601
TOKYOTECH_s05,38,87,40.9,-0.9080631732940674,0.6062750135394136
TOKYOTECH_s05,38,88,40.93333333333333,-0.9701010584831238,0.5191692673948638
TOKYOTECH_s05,38,89,40.96666666666667,-1.0990653038024902,0.41784109060531427
TOKYOTECH_s05,38,90,41.0,-1.1086021661758423,0.3279611197342432
TOKYOTECH_s05,38,91,41.03333333333333,-0.8506823778152466,0.2499671646213324
TOKYOTECH_s05,38,92,41.06666666666667,0.3638511002063751,0.1691254342077021
TOKYOTECH_s05,38,93,41.1,1.4906036853790283,0.07369700782902343
TOKYOTECH_s05,38,94,41.13333333333333,1.5106122493743896,-0.03304275007182376
TOKYOTECH_s05,38,95,41.166666666666664,1.1148147583007812,-0.13433432316780722
TOKYOTECH_s05,38,96,41.2,0.7637802958488464,-0.2115259138044997
TOKYOTECH_s05,38,97,41.233333333333334,0.4013569951057434,-0.2558613633836662
TOKYOTECH_s05,38,98,41.266666666666666,-0.06395816802978516,-0.2729725719091701
TOKYOTECH_s05,38,99,41.3,-0.1848727911710739,-0.27939931512712834
TOKYOTECH_s05,38,100,41.333333333333336,-0.045801833271980286,-0.2949530129251666
TOKYOTECH_s05,38,101,41.36666666666667,0.189162015914917,-0.3346123080369895
TOKYOTECH_s05,38,102,41.4,0.3081265687942505,-0.4010309190357394
TOKYOTECH_s05,38,103,41.43333333333333,0.07226334512233734,-0.47836416683305755
TOKYOTECH_s05,38,104,41.46666666666667,-0.14361810684204102,-0.5315116742072471
TOKYOTECH_s05,38,105,41.5,-0.4284740388393402,-0.5160947718308064
TOKYOTECH_s05,38,106,41.53333333333333,-0.6850224733352661,-0.39854430927699
TOKYOTECH_s05,38,107,41.56666666666667,-0.9129250645637512,-0.17666683376243564
TOKYOTECH_s05,38,108,41.6,-0.9489616751670837,0.1129148439163055
TOKYOTECH_s05,38,109,41.63333333333333,-1.021462321281433,0.4077859584683583
TOKYOTECH_s05,38,110,41.666666666666664,-1.0107858180999756,0.6465104470956626
TOKYOTECH_s05,38,111,41.7,-0.9850784540176392,0.7924760162226323
TOKYOTECH_s05,38,112,41.733333333333334,-0.9850517511367798,0.8415713646742107
TOKYOTECH_s05,38,113,41.766666666666666,-1.045086145401001,0.8127873117874758
TOKYOTECH_s05,38,114,41.8,-1.107533574104309,0.7314584488251423
TOKYOTECH_s05,38,115,41.833333333333336,-1.0679974555969238,0.6169249996805661
TOKYOTECH_s05,38,116,41.86666666666667,-0.06058335304260254,0.4798023736991577
TOKYOTECH_s05,38,117,41.9,1.4497052431106567,0.3258046893614019
TOKYOTECH_s05,38,118,41.93333333333333,1.9009867906570435,0.16015975312153793
TOKYOTECH_s05,38,119,41.96666666666667,1.5832642316818237,-0.010883668981894242
TOKYOTECH_s05,38,120,42.0,1.1780813932418823,-0.1810150994825698
TOKYOTECH_s05,38,121,42.03333333333333,0.8803049921989441,-0.34474651440930704
TOKYOTECH_s05,38,122,42.06666666666667,0.6179419159889221,-0.49662650538782116
TOKYOTECH_s05,38,123,42.1,0.28309592604637146,-0.6296757915952121
TOKYOTECH_s05,38,124,42.13333333333333,0.12987565994262695,-0.7353357906010437
TOKYOTECH_s05,38,125,42.166666666666664,0.27956971526145935,-0.8058166352427247
TOKYOTECH_s05,38,126,42.2,0.38759949803352356,-0.8364305219814816
TOKYOTECH_s05,38,127,42.233333333333334,0.3044579029083252,-0.8244712601465486
TOKYOTECH_s05,38,128,42.266666666666666,0.16219910979270935,-0.7648858999201646
TOKYOTECH_s05,38,129,42.3,-0.17012690007686615,-0.6477562797234309
TOKYOTECH_s05,38,130,42.333333333333336,-0.45590001344680786,-0.46307516696465323
TOKYOTECH_s05,38,131,42.36666666666667,-0.6860464811325073,-0.2124176826511434
TOKYOTECH_s05,38,132,42.4,-0.8501213788986206,0.08136782745253161
TOKYOTECH_s05,38,133,42.43333333333333,-0.9035307765007019,0.3767731945447316
TOKYOTECH_s05,38,134,42.46666666666667,-1.0269386768341064,0.628988951841911
TOKYOTECH_s05,38,135,42.5,-0.9977406859397888,0.8073789416553381
TOKYOTECH_s05,38,136,42.53333333333333,-0.9916678071022034,0.9035609329758028
TOKYOTECH_s05,38,137,42.56666666666667,-1.0000826120376587,0.9267556010766358
TOKYOTECH_s05,38,138,42.6,-1.0460655689239502,0.8921904746438903
TOKYOTECH_s05,38,139,42.63333333333333,-1.130507230758667,0.8116057703076055
TOKYOTECH_s05,38,140,42.666666666666664,-1.252187728881836,0.6906939164624077
TOKYOTECH_s05,38,141,42.7,-0.9123373627662659,0.5319959598094557
TOKYOTECH_s05,38,142,42.733333333333334,0.5918694138526917,0.3393332617032767
TOKYOTECH_s05,38,143,42.766666666666666,1.8975764513015747,0.12131971925968899
TOKYOTECH_s05,38,144,42.8,1.9877437353134155,-0.10638752721062517
TOKYOTECH_s05,38,145,42.833333333333336,1.5902721881866455,-0.32032931760893907
TOKYOTECH_s05,38,146,42.86666666666667,1.2811781167984009,-0.4920243095289649
TOKYOTECH_s05,38,147,42.9,1.0340951681137085,-0.596420567634603
TOKYOTECH_s05,38,148,42.93333333333333,0.6958921551704407,-0.6240908173236591
TOKYOTECH_s05,38,149,42.96666666666667,0.3922743797302246,-0.5902101053439791
TOKYOTECH_s05,38,150,43.0,0.32658565044403076,-0.5323945845188505
TOKYOTECH_s05,38,151,43.03333333333333,0.37450093030929565,-0.4948830160731023
TOKYOTECH_s05,38,152,43.06666666666667,0.48433831334114075,-0.5059408565388248
TOKYOTECH_s05,38,153,43.1,0.40595173835754395,-0.5616116581621066
TOKYOTECH_s05,38,154,43.13333333333333,0.18495017290115356,-0.6262552374759323
TOKYOTECH_s05,38,155,43.166666666666664,-0.17763341963291168,-0.650075913307301
TOKYOTECH_s05,38,156,43.2,-0.4396670460700989,-0.592856928792112
TOKYOTECH_s05,38,157,43.233333333333334,-0.6161993741989136,-0.43981652503177754
TOKYOTECH_s05,38,158,43.266666666666666,-0.8185993432998657,-0.20293435224252795
TOKYOTECH_s05,38,159,43.3,-0.9162642359733582,0.08809161668301868
TOKYOTECH_s05,38,160,43.333333333333336,-0.9763698577880859,0.39624963253237216
TOKYOTECH_s05,38,161,43.36666666666667,-0.995202898979187,0.6833264934939669
TOKYOTECH_s05,38,162,43.4,-0.9754348397254944,0.913256029710434
TOKYOTECH_s05,38,163,43.43333333333333,-0.9620513319969177,1.0573647387875278
TOKYOTECH_s05,38,164,43.46666666666667,-1.0610252618789673,1.1016807659030234
TOKYOTECH_s05,38,165,43.5,-1.1772559881210327,1.051016624753307
TOKYOTECH_s05,38,166,43.53333333333333,-1.228804349899292,0.9255417813352722
TOKYOTECH_s05,38,167,43.56666666666667,-0.9700921177864075,0.7514160678815458
TOKYOTECH_s05,38,168,43.6,0.34918534755706787,0.5516934106117442
TOKYOTECH_s05,38,169,43.63333333333333,1.8049514293670654,0.34303219885994557
TOKYOTECH_s05,38,170,43.666666666666664,2.055044174194336,0.13812582985269284
TOKYOTECH_s05,38,171,43.7,1.7199933528900146,-0.05128560190291844
TOKYOTECH_s05,38,172,43.733333333333334,1.3214532136917114,-0.21546714409326073
TOKYOTECH_s05,38,173,43.766666666666666,0.9035725593566895,-0.351445029079686
TOKYOTECH_s05,38,174,43.8,0.5740603804588318,-0.4663159722353918
TOKYOTECH_s05,38,175,43.833333333333336,0.336736798286438,-0.5739886783623794
TOKYOTECH_s05,38,176,43.86666666666667,0.26140448451042175,-0.6857994263515582
TOKYOTECH_s05,38,177,43.9,0.33676353096961975,-0.801115140122085
TOKYOTECH_s05,38,178,43.93333333333333,0.4770098924636841,-0.9042800494724199
TOKYOTECH_s05,38,179,43.96666666666667,0.42884528636932373,-0.9694999593735839
TOKYOTECH_s05,38,180,44.0,0.1473374366760254,-0.9697981030737445
TOKYOTECH_s05,38,181,44.03333333333333,-0.22339379787445068,-0.8846160463784304
TOKYOTECH_s05,38,182,44.06666666666667,-0.46857115626335144,-0.7041388934270246
TOKYOTECH_s05,38,183,44.1,-0.6573026776313782,-0.4324095199069953
TOKYOTECH_s05,38,184,44.13333333333333,-0.8364618420600891,-0.09099672398387681
TOKYOTECH_s05,38,185,44.166666666666664,-0.8234790563583374,0.27893650886362326
TOKYOTECH_s05,38,186,44.2,-0.8990339636802673,0.6214615450765512
TOKYOTECH_s05,38,187,44.233333333333334,-0.9990407824516296,0.880451434182311
TOKYOTECH_s05,38,188,44.266666666666666,-0.9352042078971863,1.018600402584639
TOKYOTECH_s05,38,189,44.3,-0.9547852277755737,1.0297358639713095
TOKYOTECH_s05,38,190,44.333333333333336,-1.0101624727249146,0.9366154077153297
TOKYOTECH_s05,38,191,44.36666666666667,-1.0527974367141724,0.776273609312191
TOKYOTECH_s05,38,192,44.4,-1.1653685569763184,0.583372588449223
TOKYOTECH_s05,38,193,44.43333333333333,-0.6842744946479797,0.38208996791548383
TOKYOTECH_s05,38,194,44.46666666666667,0.8617390394210815,0.18835160916709004
TOKYOTECH_s05,38,195,44.5,1.9044239521026611,0.01521765357757599
TOKYOTECH_s05,38,196,44.53333333333333,1.8400887250900269,-0.12658471207809602
TOKYOTECH_s05,38,197,44.56666666666667,1.3737317323684692,-0.2342687115708879
TOKYOTECH_s05,38,198,44.6,0.9163683652877808,-0.3183750476967468
TOKYOTECH_s05,38,199,44.63333333333333,0.4373936355113983,-0.40007270233835107
TOKYOTECH_s05,38,200,44.666666666666664,0.024633005261421204,-0.49920816238246385
TOKYOTECH_s05,38,201,44.7,-0.06490205228328705,-0.6204238884440122
TOKYOTECH_s05,38,202,44.733333333333334,0.12271641194820404,-0.7470560864044813
TOKYOTECH_s05,38,203,44.766666666666666,0.30599838495254517,-0.8470785790324414
TOKYOTECH_s05,38,204,44.8,0.3652135133743286,-0.8864183260339848
TOKYOTECH_s05,38,205,44.833333333333336,0.2438180297613144,-0.8404909083151956
TOKYOTECH_s05,38,206,44.86666666666667,-0.03516091778874397,-0.6989523141799394
TOKYOTECH_s05,38,207,44.9,-0.40627506375312805,-0.4659020389697251
TOKYOTECH_s05,38,208,44.93333333333333,-0.6217290759086609,-0.16032196124369288
TOKYOTECH_s05,38,209,44.96666666666667,-0.8270230293273926,0.18233133952022013
TOKYOTECH_s05,38,210,45.0,-0.9401729106903076,0.5124281838947119
TOKYOTECH_s05,38,211,45.03333333333333,-0.9530755877494812,0.7776397859690832
TOKYOTECH_s05,38,212,45.06666666666667,-0.9844373464584351,0.9406413767342191
TOKYOTECH_s05,38,213,45.1,-0.947625994682312,0.992350074992182
TOKYOTECH_s05,38,214,45.13333333333333,-0.9953809976577759,0.9518729052980417
TOKYOTECH_s05,38,215,45.166666666666664,-1.0198239088058472,0.8536083658587456
TOKYOTECH_s05,38,216,45.2,-1.027927041053772,0.7304497578941577
TOKYOTECH_s05,38,217,45.233333333333334,-0.23158596456050873,0.6034590471438392
TOKYOTECH_s05,38,218,45.266666666666666,1.31654691696167,0.48187829489588013
TOKYOTECH_s05,38,219,45.3,1.9647966623306274,0.3690736340126212
TOKYOTECH_s05,38,220,45.333333333333336,1.714980125427246,0.2669642190462163
TOKYOTECH_s05,38,221,45.36666666666667,1.284677505493164,0.17513337581886707
TOKYOTECH_s05,38,222,45.4,0.858025848865509,0.08745172170389164
TOKYOTECH_s05,38,223,45.43333333333333,0.3498798906803131,-0.007797847990093976
TOKYOTECH_s05,38,224,45.46666666666667,-0.062239598482847214,-0.12197624489338471
TOKYOTECH_s05,38,225,45.5,-0.09228348731994629,-0.2581876449000362
TOKYOTECH_s05,38,226,45.53333333333333,0.12492473423480988,-0.4075837834526026
TOKYOTECH_s05,38,227,45.56666666666667,0.31942641735076904,-0.5524577340460943
TOKYOTECH_s05,38,228,45.6,0.3603516221046448,-0.6723941610644236
TOKYOTECH_s05,38,229,45.63333333333333,0.1588509976863861,-0.7476045996965734
TOKYOTECH_s05,38,230,45.666666666666664,-0.2640518844127655,-0.75879387018451
TOKYOTECH_s05,38,231,45.7,-0.5282493233680725,-0.6889193400529593
TOKYOTECH_s05,38,232,45.733333333333334,-0.7613343000411987,-0.5313875399101615
TOKYOTECH_s05,38,233,45.766666666666666,-0.9077693223953247,-0.30202298532541266
TOKYOTECH_s05,38,234,45.8,-1.1035799980163574,-0.045005451468956355
TOKYOTECH_s05,38,235,45.833333333333336,-1.1214691400527954,0.17617261446346363
TOKYOTECH_s05,38,236,45.86666666666667,-1.0830906629562378,0.3011832055304531
TOKYOTECH_s05,38,237,45.9,-1.1242562532424927,0.29700913452253763
TOKYOTECH_s05,38,238,45.93333333333333,-1.1158415079116821,0.17162482727469064
TOKYOTECH_s05,38,239,45.96666666666667,-1.1451730728149414,-0.027952463082186203
TOKYOTECH_s05,39,0,39.0,-0.7463657855987549,0.03385043597854935
TOKYOTECH_s05,39,1,39.03333333333333,-0.8055096864700317,-1.2038438165883099
TOKYOTECH_s05,39,2,39.06666666666667,-0.8817146420478821,-2.221361464630524
TOKYOTECH_s05,39,3,39.1,-0.9357117414474487,-2.8552844117494356
TOKYOTECH_s05,39,4,39.13333333333333,-0.9138333201408386,-3.0389191635215305
TOKYOTECH_s05,39,5,39.166666666666664,-0.960875928401947,-2.814840005654491
TOKYOTECH_s05,39,6,39.2,-1.0753437280654907,-2.312089347814158
TOKYOTECH_s05,39,7,39.233333333333334,-1.1409255266189575,-1.6969529416685647
TOKYOTECH_s05,39,8,39.266666666666666,-1.286372184753418,-1.1186364175126269
TOKYOTECH_s05,39,9,39.3,-1.035914421081543,-0.6720959255613214
TOKYOTECH_s05,39,10,39.333333333333336,0.32070866227149963,-0.3889599846877138
TOKYOTECH_s05,39,11,39.36666666666667,1.7064940929412842,-0.251924701966594
TOKYOTECH_s05,39,12,39.4,1.9194904565811157,-0.2182638264612776
TOKYOTECH_s05,39,13,39.43333333333333,1.6108059883117676,-0.23896834445004142
TOKYOTECH_s05,39,14,39.46666666666667,1.3498320579528809,-0.2691160487191838
TOKYOTECH_s05,39,15,39.5,1.121715784072876,-0.27348095741391887
TOKYOTECH_s05,39,16,39.53333333333333,0.7567546367645264,-0.2320363141486952
TOKYOTECH_s05,39,17,39.56666666666667,0.5086298584938049,-0.14497292413481244
TOKYOTECH_s05,39,18,39.6,0.3624085783958435,-0.03264005053884553
TOKYOTECH_s05,39,19,39.63333333333333,0.32564178109169006,0.07319207969970282
TOKYOTECH_s05,39,20,39.666666666666664,0.4660305976867676,0.1443567665345783
TOKYOTECH_s05,39,21,39.7,0.3325694799423218,0.1696317984406098
TOKYOTECH_s05,39,22,39.733333333333334,0.13774725794792175,0.15867112704560124
TOKYOTECH_s05,39,23,39.766666666666666,-0.16253133118152618,0.13501369703807986
TOKYOTECH_s05,39,24,39.8,-0.44404807686805725,0.12431627657264446
TOKYOTECH_s05,39,25,39.833333333333336,-0.7176932096481323,0.14630842071484307
TOKYOTECH_s05,39,26,39.86666666666667,-0.797531247138977,0.2133850928415982
TOKYOTECH_s05,39,27,39.9,-0.853193461894989,0.33149840606019165
TOKYOTECH_s05,39,28,39.93333333333333,-0.9759958386421204,0.49772315757630453
TOKYOTECH_s05,39,29,39.96666666666667,-0.965301513671875,0.6945123403397523
TOKYOTECH_s05,39,30,40.0,-0.9686228632926941,0.8878327856184209
TOKYOTECH_s05,39,31,40.03333333333333,-1.0238487720489502,1.036277645610559
TOKYOTECH_s05,39,32,40.06666666666667,-1.029414176940918,1.1082857343559298
TOKYOTECH_s05,39,33,40.1,-1.133392333984375,1.0954413662429996
TOKYOTECH_s05,39,34,40.13333333333333,-1.332185983657837,1.0120941060756494
TOKYOTECH_s05,39,35,40.166666666666664,-1.3802348375320435,0.8823448417279031
TOKYOTECH_s05,39,36,40.2,-0.9425771236419678,0.7249267256727856
TOKYOTECH_s05,39,37,40.233333333333334,0.4848814904689789,0.5471010491373516
TOKYOTECH_s05,39,38,40.266666666666666,1.6952476501464844,0.3498824880982322
TOKYOTECH_s05,39,39,40.3,1.8222529888153076,0.13723847387357574
TOKYOTECH_s05,39,40,40.333333333333336,1.438761591911316,-0.07990222500756378
TOKYOTECH_s05,39,41,40.36666666666667,1.044317603111267,-0.28788054366731186
TOKYOTECH_s05,39,42,40.4,0.7654098272323608,-0.4777784796835112
TOKYOTECH_s05,39,43,40.43333333333333,0.45826584100723267,-0.6482508734079927
TOKYOTECH_s05,39,44,40.46666666666667,0.11029459536075592,-0.8008042746738626
TOKYOTECH_s05,39,45,40.5,0.15227945148944855,-0.9319451604026872
TOKYOTECH_s05,39,46,40.53333333333333,0.3952306807041168,-1.0292279068929187
TOKYOTECH_s05,39,47,40.56666666666667,0.3867891728878021,-1.074538991795199
TOKYOTECH_s05,39,48,40.6,0.2718762159347534,-1.051517899399935
TOKYOTECH_s05,39,49,40.63333333333333,-0.010335086844861507,-0.9511036820028248
TOKYOTECH_s05,39,50,40.666666666666664,-0.3034989535808563,-0.772848325304699
TOKYOTECH_s05,39,51,40.7,-0.5205290913581848,-0.5250651333624206
TOKYOTECH_s05,39,52,40.733333333333334,-0.7359474897384644,-0.22764514202657318
TOKYOTECH_s05,39,53,40.766666666666666,-0.7829011082649231,0.08374910191570867
TOKYOTECH_s05,39,54,40.8,-0.8779569268226624,0.3597101413957694
TOKYOTECH_s05,39,55,40.833333333333336,-0.9183568358421326,0.5515850303862566
TOKYOTECH_s05,39,56,40.86666666666667,-0.8806015849113464,0.6332190853861099
TOKYOTECH_s05,39,57,40.9,-0.9080631732940674,0.6149054206316266
TOKYOTECH_s05,39,58,40.93333333333333,-0.9701010584831238,0.5379858170195126
TOKYOTECH_s05,39,59,40.96666666666667,-1.0990653038024902,0.45219315328912113
TOKYOTECH_s05,39,60,41.0,-1.1086021661758423,0.390295011746751
TOKYOTECH_s05,39,61,41.03333333333333,-0.8506823778152466,0.35615735150138506
TOKYOTECH_s05,39,62,41.06666666666667,0.3638511002063751,0.33142087171858264
TOKYOTECH_s05,39,63,41.1,1.4906036853790283,0.2925789312330797
TOKYOTECH_s05,39,64,41.13333333333333,1.5106122493743896,0.22544590234282844
TOKYOTECH_s05,39,65,41.166666666666664,1.1148147583007812,0.12916423525298715
TOKYOTECH_s05,39,66,41.2,0.7637802958488464,0.011208198488804241
TOKYOTECH_s05,39,67,41.233333333333334,0.4013569951057434,-0.11939773939241809
TOKYOTECH_s05,39,68,41.266666666666666,-0.06395816802978516,-0.25515175585151095
TOKYOTECH_s05,39,69,41.3,-0.1848727911710739,-0.3892890633280263
TOKYOTECH_s05,39,70,41.333333333333336,-0.045801833271980286,-0.5139969809202911
TOKYOTECH_s05,39,71,41.36666666666667,0.189162015914917,-0.619530323760182
TOKYOTECH_s05,39,72,41.4,0.3081265687942505,-0.6934649310715922
TOKYOTECH_s05,39,73,41.43333333333333,0.07226334512233734,-0.719057917332994
TOKYOTECH_s05,39,74,41.46666666666667,-0.14361810684204102,-0.6750780014679719
TOKYOTECH_s05,39,75,41.5,-0.4284740388393402,-0.5415701583095525
TOKYOTECH_s05,39,76,41.53333333333333,-0.6850224733352661,-0.312269204883404
TOKYOTECH_s05,39,77,41.56666666666667,-0.9129250645637512,-0.007182367527653108
TOKYOTECH_s05,39,78,41.6,-0.9489616751670837,0.32532010878268336
TOKYOTECH_s05,39,79,41.63333333333333,-1.021462321281433,0.6229242664306173
TOKYOTECH_s05,39,80,41.666666666666664,-1.0107858180999756,0.8338617407422763
TOKYOTECH_s05,39,81,41.7,-0.9850784540176392,0.9360982330785685
TOKYOTECH_s05,39,82,41.733333333333334,-0.9850517511367798,0.9397454394368896
TOKYOTECH_s05,39,83,41.766666666666666,-1.045086145401001,0.8735112333917961
TOKYOTECH_s05,39,84,41.8,-1.107533574104309,0.7661158911540731
TOKYOTECH_s05,39,85,41.833333333333336,-1.0679974555969238,0.6347475075465082
TOKYOTECH_s05,39,86,41.86666666666667,-0.06058335304260254,0.4849683388131757
TOKYOTECH_s05,39,87,41.9,1.4497052431106567,0.31758410237549645
TOKYOTECH_s05,39,88,41.93333333333333,1.9009867906570435,0.13521624612166466
TOKYOTECH_s05,39,89,41.96666666666667,1.5832642316818237,-0.055517366216451966
TOKYOTECH_s05,39,90,42.0,1.1780813932418823,-0.24560313261746136
TOKYOTECH_s05,39,91,42.03333333333333,0.8803049921989441,-0.42583040409054923
TOKYOTECH_s05,39,92,42.06666666666667,0.6179419159889221,-0.5873032882808268
TOKYOTECH_s05,39,93,42.1,0.28309592604637146,-0.7207690384592305
TOKYOTECH_s05,39,94,42.13333333333333,0.12987565994262695,-0.8170669148085273
TOKYOTECH_s05,39,95,42.166666666666664,0.27956971526145935,-0.869747373777377
TOKYOTECH_s05,39,96,42.2,0.38759949803352356,-0.8774000289434619
TOKYOTECH_s05,39,97,42.233333333333334,0.3044579029083252,-0.8419800090924808
TOKYOTECH_s05,39,98,42.266666666666666,0.16219910979270935,-0.7632497046526392
TOKYOTECH_s05,39,99,42.3,-0.17012690007686615,-0.6346944119997308
TOKYOTECH_s05,39,100,42.333333333333336,-0.45590001344680786,-0.4471606370128906
TOKYOTECH_s05,39,101,42.36666666666667,-0.6860464811325073,-0.2004781742792336
TOKYOTECH_s05,39,102,42.4,-0.8501213788986206,0.0858565620072518
TOKYOTECH_s05,39,103,42.43333333333333,-0.9035307765007019,0.3739330678162214
TOKYOTECH_s05,39,104,42.46666666666667,-1.0269386768341064,0.6216903641860211
TOKYOTECH_s05,39,105,42.5,-0.9977406859397888,0.7998204678737589
TOKYOTECH_s05,39,106,42.53333333333333,-0.9916678071022034,0.899858602800572
TOKYOTECH_s05,39,107,42.56666666666667,-1.0000826120376587,0.9300638874853168
TOKYOTECH_s05,39,108,42.6,-1.0460655689239502,0.9045859878489043
TOKYOTECH_s05,39,109,42.63333333333333,-1.130507230758667,0.8345528786149391
TOKYOTECH_s05,39,110,42.666666666666664,-1.252187728881836,0.7256837553817698
TOKYOTECH_s05,39,111,42.7,-0.9123373627662659,0.5809074865991279
TOKYOTECH_s05,39,112,42.733333333333334,0.5918694138526917,0.40399046649235754
TOKYOTECH_s05,39,113,42.766666666666666,1.8975764513015747,0.2018005149964484
TOKYOTECH_s05,39,114,42.8,1.9877437353134155,-0.014461742634996923
TOKYOTECH_s05,39,115,42.833333333333336,1.5902721881866455,-0.22821538628201474
TOKYOTECH_s05,39,116,42.86666666666667,1.2811781167984009,-0.41806331835179855
TOKYOTECH_s05,39,117,42.9,1.0340951681137085,-0.5626770546420653
TOKYOTECH_s05,39,118,42.93333333333333,0.6958921551704407,-0.6498225822330559
TOKYOTECH_s05,39,119,42.96666666666667,0.3922743797302246,-0.6845188169585988
TOKYOTECH_s05,39,120,43.0,0.32658565044403076,-0.6892293725154914
TOKYOTECH_s05,39,121,43.03333333333333,0.37450093030929565,-0.6927063109806473
TOKYOTECH_s05,39,122,43.06666666666667,0.48433831334114075,-0.7123745106177207
TOKYOTECH_s05,39,123,43.1,0.40595173835754395,-0.7413267152914893
TOKYOTECH_s05,39,124,43.13333333333333,0.18495017290115356,-0.7492207011546055
TOKYOTECH_s05,39,125,43.166666666666664,-0.17763341963291168,-0.697512416243495
TOKYOTECH_s05,39,126,43.2,-0.4396670460700989,-0.5596237424873944
TOKYOTECH_s05,39,127,43.233333333333334,-0.6161993741989136,-0.3336242196298328
TOKYOTECH_s05,39,128,43.266666666666666,-0.8185993432998657,-0.041706038038792984
TOKYOTECH_s05,39,129,43.3,-0.9162642359733582,0.27957192713615636
TOKYOTECH_s05,39,130,43.333333333333336,-0.9763698577880859,0.5900868941549277
TOKYOTECH_s05,39,131,43.36666666666667,-0.995202898979187,0.8528813513872069
TOKYOTECH_s05,39,132,43.4,-0.9754348397254944,1.0379327180379532
TOKYOTECH_s05,39,133,43.43333333333333,-0.9620513319969177,1.1266448921057512
TOKYOTECH_s05,39,134,43.46666666666667,-1.0610252618789673,1.116789306634875
TOKYOTECH_s05,39,135,43.5,-1.1772559881210327,1.0232679669166327
TOKYOTECH_s05,39,136,43.53333333333333,-1.228804349899292,0.8717627584684119
TOKYOTECH_s05,39,137,43.56666666666667,-0.9700921177864075,0.688070576791047
TOKYOTECH_s05,39,138,43.6,0.34918534755706787,0.4898100986336415
TOKYOTECH_s05,39,139,43.63333333333333,1.8049514293670654,0.2856367496062799
TOKYOTECH_s05,39,140,43.666666666666664,2.055044174194336,0.0809225329240446
TOKYOTECH_s05,39,141,43.7,1.7199933528900146,-0.1164079463582706
TOKYOTECH_s05,39,142,43.733333333333334,1.3214532136917114,-0.2956179446962047
TOKYOTECH_s05,39,143,43.766666666666666,0.9035725593566895,-0.44861140466758936
TOKYOTECH_s05,39,144,43.8,0.5740603804588318,-0.5754097159666345
TOKYOTECH_s05,39,145,43.833333333333336,0.336736798286438,-0.6833408879700263
TOKYOTECH_s05,39,146,43.86666666666667,0.26140448451042175,-0.7795022608347455
TOKYOTECH_s05,39,147,43.9,0.33676353096961975,-0.8624475434783138
TOKYOTECH_s05,39,148,43.93333333333333,0.4770098924636841,-0.9196173831852823
TOKYOTECH_s05,39,149,43.96666666666667,0.42884528636932373,-0.9321318131463882
TOKYOTECH_s05,39,150,44.0,0.1473374366760254,-0.8828722698104936
TOKYOTECH_s05,39,151,44.03333333333333,-0.22339379787445068,-0.7622438224678335
TOKYOTECH_s05,39,152,44.06666666666667,-0.46857115626335144,-0.5698869756016106
TOKYOTECH_s05,39,153,44.1,-0.6573026776313782,-0.31504327811295696
TOKYOTECH_s05,39,154,44.13333333333333,-0.8364618420600891,-0.018175815717271164
TOKYOTECH_s05,39,155,44.166666666666664,-0.8234790563583374,0.287578871900353
TOKYOTECH_s05,39,156,44.2,-0.8990339636802673,0.5600072219028908
TOKYOTECH_s05,39,157,44.233333333333334,-0.9990407824516296,0.7593445245345738
TOKYOTECH_s05,39,158,44.266666666666666,-0.9352042078971863,0.8630381534232192
TOKYOTECH_s05,39,159,44.3,-0.9547852277755737,0.8737763560588052
TOKYOTECH_s05,39,160,44.333333333333336,-1.0101624727249146,0.8145434150077032
TOKYOTECH_s05,39,161,44.36666666666667,-1.0527974367141724,0.7139898569286948
TOKYOTECH_s05,39,162,44.4,-1.1653685569763184,0.5926144840701422
TOKYOTECH_s05,39,163,44.43333333333333,-0.6842744946479797,0.459138811364812
TOKYOTECH_s05,39,164,44.46666666666667,0.8617390394210815,0.31730742885997676
TOKYOTECH_s05,39,165,44.5,1.9044239521026611,0.174515864165518
TOKYOTECH_s05,39,166,44.53333333333333,1.8400887250900269,0.043201018686022746
TOKYOTECH_s05,39,167,44.56666666666667,1.3737317323684692,-0.06663882830157361
TOKYOTECH_s05,39,168,44.6,0.9163683652877808,-0.15663537306580327
TOKYOTECH_s05,39,169,44.63333333333333,0.4373936355113983,-0.24144073640725122
TOKYOTECH_s05,39,170,44.666666666666664,0.024633005261421204,-0.3395633371499748
TOKYOTECH_s05,39,171,44.7,-0.06490205228328705,-0.4599475379503581
TOKYOTECH_s05,39,172,44.733333333333334,0.12271641194820404,-0.5935869922679652
TOKYOTECH_s05,39,173,44.766666666666666,0.30599838495254517,-0.7150252731167678
TOKYOTECH_s05,39,174,44.8,0.3652135133743286,-0.7911363100800772
TOKYOTECH_s05,39,175,44.833333333333336,0.2438180297613144,-0.7907986931537848
TOKYOTECH_s05,39,176,44.86666666666667,-0.03516091778874397,-0.6920376822418338
TOKYOTECH_s05,39,177,44.9,-0.40627506375312805,-0.4878993933422326
TOKYOTECH_s05,39,178,44.93333333333333,-0.6217290759086609,-0.19260363342018497
TOKYOTECH_s05,39,179,44.96666666666667,-0.8270230293273926,0.15454077308884262
TOKYOTECH_s05,39,180,45.0,-0.9401729106903076,0.4936365624845105
TOKYOTECH_s05,39,181,45.03333333333333,-0.9530755877494812,0.7606796467630809
TOKYOTECH_s05,39,182,45.06666666666667,-0.9844373464584351,0.9101580588189274
TOKYOTECH_s05,39,183,45.1,-0.947625994682312,0.9307656527646659
TOKYOTECH_s05,39,184,45.13333333333333,-0.9953809976577759,0.8446298542323455
TOKYOTECH_s05,39,185,45.166666666666664,-1.0198239088058472,0.691479113176914
TOKYOTECH_s05,39,186,45.2,-1.027927041053772,0.5089355842215623
TOKYOTECH_s05,39,187,45.233333333333334,-0.23158596456050873,0.32127525935040174
TOKYOTECH_s05,39,188,45.266666666666666,1.31654691696167,0.14062925544329172
TOKYOTECH_s05,39,189,45.3,1.9647966623306274,-0.025403807518883072
TOKYOTECH_s05,39,190,45.333333333333336,1.714980125427246,-0.16882173934089376
TOKYOTECH_s05,39,191,45.36666666666667,1.284677505493164,-0.28318258309293065
TOKYOTECH_s05,39,192,45.4,0.858025848865509,-0.36893678474772673
TOKYOTECH_s05,39,193,45.43333333333333,0.3498798906803131,-0.4350552967680332
TOKYOTECH_s05,39,194,45.46666666666667,-0.062239598482847214,-0.4938884264243316
TOKYOTECH_s05,39,195,45.5,-0.09228348731994629,-0.5530107767807356
TOKYOTECH_s05,39,196,45.53333333333333,0.12492473423480988,-0.6105834270097462
TOKYOTECH_s05,39,197,45.56666666666667,0.31942641735076904,-0.6572827918535566
TOKYOTECH_s05,39,198,45.6,0.3603516221046448,-0.6813053912593012
TOKYOTECH_s05,39,199,45.63333333333333,0.1588509976863861,-0.6705424773819354
TOKYOTECH_s05,39,200,45.666666666666664,-0.2640518844127655,-0.6111389481025308
TOKYOTECH_s05,39,201,45.7,-0.5282493233680725,-0.48774784936810417
TOKYOTECH_s05,39,202,45.733333333333334,-0.7613343000411987,-0.29017684081025175
TOKYOTECH_s05,39,203,45.766666666666666,-0.9077693223953247,-0.02431425481738049
TOKYOTECH_s05,39,204,45.8,-1.1035799980163574,0.2814022378563257
TOKYOTECH_s05,39,205,45.833333333333336,-1.1214691400527954,0.5817087251368448
TOKYOTECH_s05,39,206,45.86666666666667,-1.0830906629562378,0.830358499570679
TOKYOTECH_s05,39,207,45.9,-1.1242562532424927,0.9953323467873377
TOKYOTECH_s05,39,208,45.93333333333333,-1.1158415079116821,1.0643099984898547
TOKYOTECH_s05,39,209,45.96666666666667,-1.1451730728149414,1.0401928692210678
TOKYOTECH_s05,39,210,46.0,-1.2182613611221313,0.9337929899387446
TOKYOTECH_s05,39,211,46.03333333333333,-0.9230049848556519,0.7608037364775599
TOKYOTECH_s05,39,212,46.06666666666667,0.5443103313446045,0.5433571658874892
TOKYOTECH_s05,39,213,46.1,1.9209330081939697,0.31029298488425355
TOKYOTECH_s05,39,214,46.13333333333333,2.1483991146087646,0.09127453987134104
TOKYOTECH_s05,39,215,46.166666666666664,1.8549147844314575,-0.09364413377298375
TOKYOTECH_s05,39,216,46.2,1.5059640407562256,-0.24177080707586915
TOKYOTECH_s05,39,217,46.233333333333334,1.0961508750915527,-0.3661460565576009
TOKYOTECH_s05,39,218,46.266666666666666,0.7542969584465027,-0.4848830200949876
TOKYOTECH_s05,39,219,46.3,0.481070339679718,-0.6088301818621265
TOKYOTECH_s05,39,220,46.333333333333336,0.3637620508670807,-0.7353576498565417
TOKYOTECH_s05,39,221,46.36666666666667,0.40269267559051514,-0.8504791734693903
TOKYOTECH_s05,39,222,46.4,0.5824751257896423,-0.935086483990544
TOKYOTECH_s05,39,223,46.43333333333333,0.48025113344192505,-0.9694553791032179
TOKYOTECH_s05,39,224,46.46666666666667,0.19478078186511993,-0.9348187210016566
TOKYOTECH_s05,39,225,46.5,-0.03778775408864021,-0.8159105651338426
TOKYOTECH_s05,39,226,46.53333333333333,-0.4054202139377594,-0.6078247280379996
TOKYOTECH_s05,39,227,46.56666666666667,-0.6417197585105896,-0.3247814387181483
TOKYOTECH_s05,39,228,46.6,-0.8152334690093994,-0.002939906482919425
TOKYOTECH_s05,39,229,46.63333333333333,-0.941962718963623,0.3090094144405313
TOKYOTECH_s05,39,230,46.666666666666664,-0.9923534393310547,0.5680598902294925
TOKYOTECH_s05,39,231,46.7,-0.9988359808921814,0.7521588454753554
TOKYOTECH_s05,39,232,46.733333333333334,-0.9826475381851196,0.8626779540233499
TOKYOTECH_s05,39,233,46.766666666666666,-0.9788898229598999,0.9138770008027624
TOKYOTECH_s05,39,234,46.8,-1.040776252746582,0.9181564809893557
TOKYOTECH_s05,39,235,46.833333333333336,-1.194041132926941,0.8777070291073661
TOKYOTECH_s05,39,236,46.86666666666667,-1.1166874170303345,0.7868428076906977
TOKYOTECH_s05,39,237,46.9,-0.10043112933635712,0.6410688212521042
TOKYOTECH_s05,39,238,46.93333333333333,1.6171282529830933,0.44555795507540535
TOKYOTECH_s05,39,239,46.96666666666667,2.245396375656128,0.2178648953570986
TOKYOTECH_s05,40,0,40.0,-0.9686228632926941,0.003956301194343555
TOKYOTECH_s05,40,1,40.03333333333333,-1.0238487720489502,-1.3039592867792995
TOKYOTECH_s05,40,2,40.06666666666667,-1.029414176940918,-2.4037365580069014
TOKYOTECH_s05,40,3,40.1,-1.133392333984375,-3.134878233079768
TOKYOTECH_s05,40,4,40.13333333333333,-1.332185983657837,-3.4215774789157454
TOKYOTECH_s05,40,5,40.166666666666664,-1.3802348375320435,-3.2891336973158096
TOKYOTECH_s05,40,6,40.2,-0.9425771236419678,-2.850021908390982
TOKYOTECH_s05,40,7,40.233333333333334,0.4848814904689789,-2.26259385714339
TOKYOTECH_s05,40,8,40.266666666666666,1.6952476501464844,-1.678674537437359
TOKYOTECH_s05,40,9,40.3,1.8222529888153076,-1.2018227235351722
TOKYOTECH_s05,40,10,40.333333333333336,1.438761591911316,-0.8716612546880308
TOKYOTECH_s05,40,11,40.36666666666667,1.044317603111267,-0.6753305224833553
TOKYOTECH_s05,40,12,40.4,0.7654098272323608,-0.5734468676553441
TOKYOTECH_s05,40,13,40.43333333333333,0.45826584100723267,-0.5236050324843479
TOKYOTECH_s05,40,14,40.46666666666667,0.11029459536075592,-0.4918004596188267
TOKYOTECH_s05,40,15,40.5,0.15227945148944855,-0.4532606881736122
TOKYOTECH_s05,40,16,40.53333333333333,0.3952306807041168,-0.38968644428023547
TOKYOTECH_s05,40,17,40.56666666666667,0.3867891728878021,-0.28808048524876423
TOKYOTECH_s05,40,18,40.6,0.2718762159347534,-0.14124723930045396
TOKYOTECH_s05,40,19,40.63333333333333,-0.010335086844861507,0.05260777157272192
TOKYOTECH_s05,40,20,40.666666666666664,-0.3034989535808563,0.29139897628926714
TOKYOTECH_s05,40,21,40.7,-0.5205290913581848,0.56863766426861
TOKYOTECH_s05,40,22,40.733333333333334,-0.7359474897384644,0.8684731543662286
TOKYOTECH_s05,40,23,40.766666666666666,-0.7829011082649231,1.1593977172931869
TOKYOTECH_s05,40,24,40.8,-0.8779569268226624,1.3952892533472128
TOKYOTECH_s05,40,25,40.833333333333336,-0.9183568358421326,1.5299875199901387
TOKYOTECH_s05,40,26,40.86666666666667,-0.8806015849113464,1.5393932853228733
TOKYOTECH_s05,40,27,40.9,-0.9080631732940674,1.4353348564780959
TOKYOTECH_s05,40,28,40.93333333333333,-0.9701010584831238,1.2596335367450768
TOKYOTECH_s05,40,29,40.96666666666667,-1.0990653038024902,1.0611842445544981
TOKYOTECH_s05,40,30,41.0,-1.1086021661758423,0.8714762907265312
TOKYOTECH_s05,40,31,41.03333333333333,-0.8506823778152466,0.69483003214319
TOKYOTECH_s05,40,32,41.06666666666667,0.3638511002063751,0.5175130108859602
TOKYOTECH_s05,40,33,41.1,1.4906036853790283,0.3258121029196768
TOKYOTECH_s05,40,34,41.13333333333333,1.5106122493743896,0.11888812301133458
TOKYOTECH_s05,40,35,41.166666666666664,1.1148147583007812,-0.09111924812558794
TOKYOTECH_s05,40,36,41.2,0.7637802958488464,-0.28850085177657614
TOKYOTECH_s05,40,37,41.233333333333334,0.4013569951057434,-0.46346144032682257
TOKYOTECH_s05,40,38,41.266666666666666,-0.06395816802978516,-0.6148978566660663
TOKYOTECH_s05,40,39,41.3,-0.1848727911710739,-0.7466706054088511
TOKYOTECH_s05,40,40,41.333333333333336,-0.045801833271980286,-0.8618310937691636
TOKYOTECH_s05,40,41,41.36666666666667,0.189162015914917,-0.9585156748802923
TOKYOTECH_s05,40,42,41.4,0.3081265687942505,-1.0277391881579723
TOKYOTECH_s05,40,43,41.43333333333333,0.07226334512233734,-1.0519535570913494
TOKYOTECH_s05,40,44,41.46666666666667,-0.14361810684204102,-1.0060424018544782
TOKYOTECH_s05,40,45,41.5,-0.4284740388393402,-0.8646119984859194
TOKYOTECH_s05,40,46,41.53333333333333,-0.6850224733352661,-0.6160965645194352
TOKYOTECH_s05,40,47,41.56666666666667,-0.9129250645637512,-0.27713928839248125
TOKYOTECH_s05,40,48,41.6,-0.9489616751670837,0.10381968731553237
TOKYOTECH_s05,40,49,41.63333333333333,-1.021462321281433,0.4604289687574818
TOKYOTECH_s05,40,50,41.666666666666664,-1.0107858180999756,0.7336518888037465
TOKYOTECH_s05,40,51,41.7,-0.9850784540176392,0.8926917017636578
TOKYOTECH_s05,40,52,41.733333333333334,-0.9850517511367798,0.9396152237487354
TOKYOTECH_s05,40,53,41.766666666666666,-1.045086145401001,0.8979147372515159
TOKYOTECH_s05,40,54,41.8,-1.107533574104309,0.7952898076940234
TOKYOTECH_s05,40,55,41.833333333333336,-1.0679974555969238,0.6522326378571611
TOKYOTECH_s05,40,56,41.86666666666667,-0.06058335304260254,0.4808902872487797
TOKYOTECH_s05,40,57,41.9,1.4497052431106567,0.2902667591806498
TOKYOTECH_s05,40,58,41.93333333333333,1.9009867906570435,0.09104452699712327
TOKYOTECH_s05,40,59,41.96666666666667,1.5832642316818237,-0.1038259954383272
TOKYOTECH_s05,40,60,42.0,1.1780813932418823,-0.2820675958678155
TOKYOTECH_s05,40,61,42.03333333333333,0.8803049921989441,-0.43515889606204594
TOKYOTECH_s05,40,62,42.06666666666667,0.6179419159889221,-0.5588851280957521
TOKYOTECH_s05,40,63,42.1,0.28309592604637146,-0.6516084146574934
TOKYOTECH_s05,40,64,42.13333333333333,0.12987565994262695,-0.7128436598215847
TOKYOTECH_s05,40,65,42.166666666666664,0.27956971526145935,-0.7438069514149435
TOKYOTECH_s05,40,66,42.2,0.38759949803352356,-0.7478517383956769
TOKYOTECH_s05,40,67,42.233333333333334,0.3044579029083252,-0.7272932494972552
TOKYOTECH_s05,40,68,42.266666666666666,0.16219910979270935,-0.6773226178263408
TOKYOTECH_s05,40,69,42.3,-0.17012690007686615,-0.5830316919028979
TOKYOTECH_s05,40,70,42.333333333333336,-0.45590001344680786,-0.42558505284874626
TOKYOTECH_s05,40,71,42.36666666666667,-0.6860464811325073,-0.19669945402531583
TOKYOTECH_s05,40,72,42.4,-0.8501213788986206,0.08849681426537767
TOKYOTECH_s05,40,73,42.43333333333333,-0.9035307765007019,0.3916554556239298
TOKYOTECH_s05,40,74,42.46666666666667,-1.0269386768341064,0.6657117574920725
TOKYOTECH_s05,40,75,42.5,-0.9977406859397888,0.8733613929220977
TOKYOTECH_s05,40,76,42.53333333333333,-0.9916678071022034,0.9976186922782844
TOKYOTECH_s05,40,77,42.56666666666667,-1.0000826120376587,1.0401728084298245
TOKYOTECH_s05,40,78,42.6,-1.0460655689239502,1.0121880043453344
TOKYOTECH_s05,40,79,42.63333333333333,-1.130507230758667,0.9257503439283807
TOKYOTECH_s05,40,80,42.666666666666664,-1.252187728881836,0.7906056753434356
TOKYOTECH_s05,40,81,42.7,-0.9123373627662659,0.6151371162801735
TOKYOTECH_s05,40,82,42.733333333333334,0.5918694138526917,0.4083402220264324
TOKYOTECH_s05,40,83,42.766666666666666,1.8975764513015747,0.1810320809511237
TOKYOTECH_s05,40,84,42.8,1.9877437353134155,-0.05334744995601384
TOKYOTECH_s05,40,85,42.833333333333336,1.5902721881866455,-0.27783246875891326
TOKYOTECH_s05,40,86,42.86666666666667,1.2811781167984009,-0.47241219048822813
TOKYOTECH_s05,40,87,42.9,1.0340951681137085,-0.6183290356519894
TOKYOTECH_s05,40,88,42.93333333333333,0.6958921551704407,-0.7059820042169209
TOKYOTECH_s05,40,89,42.96666666666667,0.3922743797302246,-0.7419084577670847
TOKYOTECH_s05,40,90,43.0,0.32658565044403076,-0.7483900230641527
TOKYOTECH_s05,40,91,43.03333333333333,0.37450093030929565,-0.7526050674628799
TOKYOTECH_s05,40,92,43.06666666666667,0.48433831334114075,-0.7699558895774399
TOKYOTECH_s05,40,93,43.1,0.40595173835754395,-0.7921054331397742
TOKYOTECH_s05,40,94,43.13333333333333,0.18495017290115356,-0.7887001000309003
TOKYOTECH_s05,40,95,43.166666666666664,-0.17763341963291168,-0.7231057888590281
TOKYOTECH_s05,40,96,43.2,-0.4396670460700989,-0.5724536619974064
TOKYOTECH_s05,40,97,43.233333333333334,-0.6161993741989136,-0.33916613175114607
TOKYOTECH_s05,40,98,43.266666666666666,-0.8185993432998657,-0.04835510764877213
TOKYOTECH_s05,40,99,43.3,-0.9162642359733582,0.2639540700842885
TOKYOTECH_s05,40,100,43.333333333333336,-0.9763698577880859,0.5621621796022119
TOKYOTECH_s05,40,101,43.36666666666667,-0.995202898979187,0.8160853743592269
TOKYOTECH_s05,40,102,43.4,-0.9754348397254944,1.0014837999237047
TOKYOTECH_s05,40,103,43.43333333333333,-0.9620513319969177,1.101723741043838
TOKYOTECH_s05,40,104,43.46666666666667,-1.0610252618789673,1.111839500522754
TOKYOTECH_s05,40,105,43.5,-1.1772559881210327,1.0406323994553692
TOKYOTECH_s05,40,106,43.53333333333333,-1.228804349899292,0.9070884318481445
TOKYOTECH_s05,40,107,43.56666666666667,-0.9700921177864075,0.7325983083550167
TOKYOTECH_s05,40,108,43.6,0.34918534755706787,0.5342778819206804
TOKYOTECH_s05,40,109,43.63333333333333,1.8049514293670654,0.32375037353827923
TOKYOTECH_s05,40,110,43.666666666666664,2.055044174194336,0.11078406918148528
TOKYOTECH_s05,40,111,43.7,1.7199933528900146,-0.09316819029880465
TOKYOTECH_s05,40,112,43.733333333333334,1.3214532136917114,-0.27602849377619776
TOKYOTECH_s05,40,113,43.766666666666666,0.9035725593566895,-0.43051100105703516
TOKYOTECH_s05,40,114,43.8,0.5740603804588318,-0.5586398401148641
TOKYOTECH_s05,40,115,43.833333333333336,0.336736798286438,-0.6697597470003459
TOKYOTECH_s05,40,116,43.86666666666667,0.26140448451042175,-0.7720483771486721
TOKYOTECH_s05,40,117,43.9,0.33676353096961975,-0.8636592549336176
TOKYOTECH_s05,40,118,43.93333333333333,0.4770098924636841,-0.9302257656937679
TOKYOTECH_s05,40,119,43.96666666666667,0.42884528636932373,-0.9504168977925843
TOKYOTECH_s05,40,120,44.0,0.1473374366760254,-0.9049659644139583
TOKYOTECH_s05,40,121,44.03333333333333,-0.22339379787445068,-0.7828826426730877
TOKYOTECH_s05,40,122,44.06666666666667,-0.46857115626335144,-0.5831852812899151
TOKYOTECH_s05,40,123,44.1,-0.6573026776313782,-0.31547214068340934
TOKYOTECH_s05,40,124,44.13333333333333,-0.8364618420600891,-0.0019698252027516797
TOKYOTECH_s05,40,125,44.166666666666664,-0.8234790563583374,0.320997668107114
TOKYOTECH_s05,40,126,44.2,-0.8990339636802673,0.6072808750135367
TOKYOTECH_s05,40,127,44.233333333333334,-0.9990407824516296,0.8134145847647599
TOKYOTECH_s05,40,128,44.266666666666666,-0.9352042078971863,0.9142987089295527
TOKYOTECH_s05,40,129,44.3,-0.9547852277755737,0.9120093798658339
TOKYOTECH_s05,40,130,44.333333333333336,-1.0101624727249146,0.8313610088024459
TOKYOTECH_s05,40,131,44.36666666666667,-1.0527974367141724,0.7051576581561834
TOKYOTECH_s05,40,132,44.4,-1.1653685569763184,0.5594154219346423
TOKYOTECH_s05,40,133,44.43333333333333,-0.6842744946479797,0.4081551964978142
TOKYOTECH_s05,40,134,44.46666666666667,0.8617390394210815,0.2586107617118425
TOKYOTECH_s05,40,135,44.5,1.9044239521026611,0.11894577631452569
TOKYOTECH_s05,40,136,44.53333333333333,1.8400887250900269,-0.00020794130462625272
TOKYOTECH_s05,40,137,44.56666666666667,1.3737317323684692,-0.09219879269188692
TOKYOTECH_s05,40,138,44.6,0.9163683652877808,-0.16226682066675455
TOKYOTECH_s05,40,139,44.63333333333333,0.4373936355113983,-0.22804395094279623
TOKYOTECH_s05,40,140,44.666666666666664,0.024633005261421204,-0.31006031653687005
TOKYOTECH_s05,40,141,44.7,-0.06490205228328705,-0.41838544076914735
TOKYOTECH_s05,40,142,44.733333333333334,0.12271641194820404,-0.5446673026921984
TOKYOTECH_s05,40,143,44.766666666666666,0.30599838495254517,-0.6644058694701169
TOKYOTECH_s05,40,144,44.8,0.3652135133743286,-0.746296414196928
TOKYOTECH_s05,40,145,44.833333333333336,0.2438180297613144,-0.7614697838904146
TOKYOTECH_s05,40,146,44.86666666666667,-0.03516091778874397,-0.6891930807854039
TOKYOTECH_s05,40,147,44.9,-0.40627506375312805,-0.5212083324429514
TOKYOTECH_s05,40,148,44.93333333333333,-0.6217290759086609,-0.2672147279314925
TOKYOTECH_s05,40,149,44.96666666666667,-0.8270230293273926,0.040621529513069354
TOKYOTECH_s05,40,150,45.0,-0.9401729106903076,0.35041076644699903
TOKYOTECH_s05,40,151,45.03333333333333,-0.9530755877494812,0.6046497566830521
TOKYOTECH_s05,40,152,45.06666666666667,-0.9844373464584351,0.7608513718991503
TOKYOTECH_s05,40,153,45.1,-0.947625994682312,0.8067524970101102
TOKYOTECH_s05,40,154,45.13333333333333,-0.9953809976577759,0.7608179456050082
TOKYOTECH_s05,40,155,45.166666666666664,-1.0198239088058472,0.6586019389960657
TOKYOTECH_s05,40,156,45.2,-1.027927041053772,0.5344901369440022
TOKYOTECH_s05,40,157,45.233333333333334,-0.23158596456050873,0.4099512936222963
TOKYOTECH_s05,40,158,45.266666666666666,1.31654691696167,0.2927434375237178
TOKYOTECH_s05,40,159,45.3,1.9647966623306274,0.18295771710792288
TOKYOTECH_s05,40,160,45.333333333333336,1.714980125427246,0.0785569682112016
TOKYOTECH_s05,40,161,45.36666666666667,1.284677505493164,-0.023566615899376364
TOKYOTECH_s05,40,162,45.4,0.858025848865509,-0.12887797824431807
TOKYOTECH_s05,40,163,45.43333333333333,0.3498798906803131,-0.24394573219275711
TOKYOTECH_s05,40,164,45.46666666666667,-0.062239598482847214,-0.37128698151819145
TOKYOTECH_s05,40,165,45.5,-0.09228348731994629,-0.5043168004352466
TOKYOTECH_s05,40,166,45.53333333333333,0.12492473423480988,-0.6275690294646298
TOKYOTECH_s05,40,167,45.56666666666667,0.31942641735076904,-0.7229920092929941
TOKYOTECH_s05,40,168,45.6,0.3603516221046448,-0.7769321931931774
TOKYOTECH_s05,40,169,45.63333333333333,0.1588509976863861,-0.7813163051114708
TOKYOTECH_s05,40,170,45.666666666666664,-0.2640518844127655,-0.7291613753673832
TOKYOTECH_s05,40,171,45.7,-0.5282493233680725,-0.6114485336748571
TOKYOTECH_s05,40,172,45.733333333333334,-0.7613343000411987,-0.42149960517844565
TOKYOTECH_s05,40,173,45.766666666666666,-0.9077693223953247,-0.16527237523704838
TOKYOTECH_s05,40,174,45.8,-1.1035799980163574,0.1314519473579214
TOKYOTECH_s05,40,175,45.833333333333336,-1.1214691400527954,0.4273975742267817
TOKYOTECH_s05,40,176,45.86666666666667,-1.0830906629562378,0.6802157166473441
TOKYOTECH_s05,40,177,45.9,-1.1242562532424927,0.860657738602621
TOKYOTECH_s05,40,178,45.93333333333333,-1.1158415079116821,0.9575375635939359
TOKYOTECH_s05,40,179,45.96666666666667,-1.1451730728149414,0.9730967681945649
TOKYOTECH_s05,40,180,46.0,-1.2182613611221313,0.9154492763576008
TOKYOTECH_s05,40,181,46.03333333333333,-0.9230049848556519,0.7950770936706182
TOKYOTECH_s05,40,182,46.06666666666667,0.5443103313446045,0.6263916170042706
TOKYOTECH_s05,40,183,46.1,1.9209330081939697,0.4294459906548273
TOKYOTECH_s05,40,184,46.13333333333333,2.1483991146087646,0.22681624051146834
TOKYOTECH_s05,40,185,46.166666666666664,1.8549147844314575,0.03588136941060217
TOKYOTECH_s05,40,186,46.2,1.5059640407562256,-0.13772339466513006
TOKYOTECH_s05,40,187,46.233333333333334,1.0961508750915527,-0.2993497054684993
TOKYOTECH_s05,40,188,46.266666666666666,0.7542969584465027,-0.4572219192995637
TOKYOTECH_s05,40,189,46.3,0.481070339679718,-0.6132535618629907
TOKYOTECH_s05,40,190,46.333333333333336,0.3637620508670807,-0.7593027002843773
TOKYOTECH_s05,40,191,46.36666666666667,0.40269267559051514,-0.8801544649550608
TOKYOTECH_s05,40,192,46.4,0.5824751257896423,-0.9589390226875772
TOKYOTECH_s05,40,193,46.43333333333333,0.48025113344192505,-0.9798243581452961
TOKYOTECH_s05,40,194,46.46666666666667,0.19478078186511993,-0.9276466830838335
TOKYOTECH_s05,40,195,46.5,-0.03778775408864021,-0.7891322861970664
TOKYOTECH_s05,40,196,46.53333333333333,-0.4054202139377594,-0.5596612370712931
TOKYOTECH_s05,40,197,46.56666666666667,-0.6417197585105896,-0.25325498141450575
TOKYOTECH_s05,40,198,46.6,-0.8152334690093994,0.09294969028306022
TOKYOTECH_s05,40,199,46.63333333333333,-0.941962718963623,0.427268770381883
TOKYOTECH_s05,40,200,46.666666666666664,-0.9923534393310547,0.702113480258239
TOKYOTECH_s05,40,201,46.7,-0.9988359808921814,0.8904860947460087
TOKYOTECH_s05,40,202,46.733333333333334,-0.9826475381851196,0.9900504568657463
TOKYOTECH_s05,40,203,46.766666666666666,-0.9788898229598999,1.0144072509098727
TOKYOTECH_s05,40,204,46.8,-1.040776252746582,0.9797832590044553
TOKYOTECH_s05,40,205,46.833333333333336,-1.194041132926941,0.896691745157927
TOKYOTECH_s05,40,206,46.86666666666667,-1.1166874170303345,0.7702067993462411
TOKYOTECH_s05,40,207,46.9,-0.10043112933635712,0.6053033306170819
TOKYOTECH_s05,40,208,46.93333333333333,1.6171282529830933,0.4113254350068855
TOKYOTECH_s05,40,209,46.96666666666667,2.245396375656128,0.2024082187623053
TOKYOTECH_s05,40,210,47.0,1.946497917175293,-0.004953475587152398
TOKYOTECH_s05,40,211,47.03333333333333,1.5520093441009521,-0.19411851595063195
TOKYOTECH_s05,40,212,47.06666666666667,1.1493643522262573,-0.3493603524803764
TOKYOTECH_s05,40,213,47.1,0.7454280853271484,-0.457915370645879
TOKYOTECH_s05,40,214,47.13333333333333,0.43653878569602966,-0.515162105464404
TOKYOTECH_s05,40,215,47.166666666666664,0.304413378238678,-0.5311183607555738
TOKYOTECH_s05,40,216,47.2,0.35428765416145325,-0.5316858770228928
TOKYOTECH_s05,40,217,47.233333333333334,0.48707202076911926,-0.5489158561382785
TOKYOTECH_s05,40,218,47.266666666666666,0.5005000233650208,-0.603190174591344
TOKYOTECH_s05,40,219,47.3,0.3518032729625702,-0.6887287216134272
TOKYOTECH_s05,40,220,47.333333333333336,0.013101638294756413,-0.7734395073267434
TOKYOTECH_s05,40,221,47.36666666666667,-0.3513786196708679,-0.814755698876993
TOKYOTECH_s05,40,222,47.4,-0.5781503319740295,-0.7816118312169638
TOKYOTECH_s05,40,223,47.43333333333333,-0.7625008225440979,-0.6683846703089087
TOKYOTECH_s05,40,224,47.46666666666667,-0.8827654123306274,-0.49352469643387453
TOKYOTECH_s05,40,225,47.5,-0.8916877508163452,-0.28690852331536487
TOKYOTECH_s05,40,226,47.53333333333333,-0.9823715090751648,-0.0760651073120709
TOKYOTECH_s05,40,227,47.56666666666667,-1.0167608261108398,0.1208789481631914
TOKYOTECH_s05,40,228,47.6,-0.9757553935050964,0.2951384463103446
TOKYOTECH_s05,40,229,47.63333333333333,-0.9985955357551575,0.44481150678293907
TOKYOTECH_s05,40,230,47.666666666666664,-1.076768398284912,0.5730403152541197
TOKYOTECH_s05,40,231,47.7,-1.241715908050537,0.6856227823984328
TOKYOTECH_s05,40,232,47.733333333333334,-1.2718043327331543,0.7862893500582988
TOKYOTECH_s05,40,233,47.766666666666666,-0.7352796792984009,0.8708193727505324
TOKYOTECH_s05,40,234,47.8,0.8342774510383606,0.9240827393099139
TOKYOTECH_s05,40,235,47.833333333333336,2.022453546524048,0.9236383232568472
TOKYOTECH_s05,40,236,47.86666666666667,2.03670072555542,0.8492409470022015
TOKYOTECH_s05,40,237,47.9,1.6548656225204468,0.6932946897320682
TOKYOTECH_s05,40,238,47.93333333333333,1.285719394683838,0.46679130640403577
TOKYOTECH_s05,40,239,47.96666666666667,0.9250591397285461,0.19826810160288347
TOKYOTECH_s05,41,0,41.0,-1.1086021661758423,-0.12867219944472597
TOKYOTECH_s05,41,1,41.03333333333333,-0.8506823778152466,-1.2966432319393375
TOKYOTECH_s05,41,2,41.06666666666667,0.3638511002063751,-2.304320064759795
TOKYOTECH_s05,41,3,41.1,1.4906036853790283,-3.0286411494628105
TOKYOTECH_s05,41,4,41.13333333333333,1.5106122493743896,-3.4068781316905277
TOKYOTECH_s05,41,5,41.166666666666664,1.1148147583007812,-3.4472275011856675
TOKYOTECH_s05,41,6,41.2,0.7637802958488464,-3.2184436329194854
TOKYOTECH_s05,41,7,41.233333333333334,0.4013569951057434,-2.823167715953338
TOKYOTECH_s05,41,8,41.266666666666666,-0.06395816802978516,-2.3662764332738395
TOKYOTECH_s05,41,9,41.3,-0.1848727911710739,-1.92978394803933
TOKYOTECH_s05,41,10,41.333333333333336,-0.045801833271980286,-1.5608318740559066
TOKYOTECH_s05,41,11,41.36666666666667,0.189162015914917,-1.2721843836349136
TOKYOTECH_s05,41,12,41.4,0.3081265687942505,-1.0493497582656208
TOKYOTECH_s05,41,13,41.43333333333333,0.07226334512233734,-0.8585808517235417
TOKYOTECH_s05,41,14,41.46666666666667,-0.14361810684204102,-0.6552227742813667
TOKYOTECH_s05,41,15,41.5,-0.4284740388393402,-0.3957833099661082
TOKYOTECH_s05,41,16,41.53333333333333,-0.6850224733352661,-0.05442478825090314
TOKYOTECH_s05,41,17,41.56666666666667,-0.9129250645637512,0.3621349852988984
TOKYOTECH_s05,41,18,41.6,-0.9489616751670837,0.8113043435218499
TOKYOTECH_s05,41,19,41.63333333333333,-1.021462321281433,1.2285668199311992
TOKYOTECH_s05,41,20,41.666666666666664,-1.0107858180999756,1.5527713419895144
TOKYOTECH_s05,41,21,41.7,-0.9850784540176392,1.7481974560841222
TOKYOTECH_s05,41,22,41.733333333333334,-0.9850517511367798,1.811725549974471
TOKYOTECH_s05,41,23,41.766666666666666,-1.045086145401001,1.764293556611561
TOKYOTECH_s05,41,24,41.8,-1.107533574104309,1.6353689861705973
TOKYOTECH_s05,41,25,41.833333333333336,-1.0679974555969238,1.4510708158046437
TOKYOTECH_s05,41,26,41.86666666666667,-0.06058335304260254,1.2305606388129746
TOKYOTECH_s05,41,27,41.9,1.4497052431106567,0.9879163739521042
TOKYOTECH_s05,41,28,41.93333333333333,1.9009867906570435,0.7344044222120738
TOKYOTECH_s05,41,29,41.96666666666667,1.5832642316818237,0.4786893335560208
TOKYOTECH_s05,41,30,42.0,1.1780813932418823,0.22614678829691548
TOKYOTECH_s05,41,31,42.03333333333333,0.8803049921989441,-0.02016322318030326
TOKYOTECH_s05,41,32,42.06666666666667,0.6179419159889221,-0.2561092771231085
TOKYOTECH_s05,41,33,42.1,0.28309592604637146,-0.4729791758358376
TOKYOTECH_s05,41,34,42.13333333333333,0.12987565994262695,-0.6574028458090582
TOKYOTECH_s05,41,35,42.166666666666664,0.27956971526145935,-0.7959187769622593
TOKYOTECH_s05,41,36,42.2,0.38759949803352356,-0.8807106820575666
TOKYOTECH_s05,41,37,42.233333333333334,0.3044579029083252,-0.9110037913335445
TOKYOTECH_s05,41,38,42.266666666666666,0.16219910979270935,-0.8884407782925756
TOKYOTECH_s05,41,39,42.3,-0.17012690007686615,-0.8110638146299333
TOKYOTECH_s05,41,40,42.333333333333336,-0.45590001344680786,-0.6732015867016953
TOKYOTECH_s05,41,41,42.36666666666667,-0.6860464811325073,-0.4738424862934198
TOKYOTECH_s05,41,42,42.4,-0.8501213788986206,-0.22663737757499086
TOKYOTECH_s05,41,43,42.43333333333333,-0.9035307765007019,0.03892870979238099
TOKYOTECH_s05,41,44,42.46666666666667,-1.0269386768341064,0.2875235243669609
TOKYOTECH_s05,41,45,42.5,-0.9977406859397888,0.4910192742740093
TOKYOTECH_s05,41,46,42.53333333333333,-0.9916678071022034,0.6351585704091295
TOKYOTECH_s05,41,47,42.56666666666667,-1.0000826120376587,0.7171387858107631
TOKYOTECH_s05,41,48,42.6,-1.0460655689239502,0.7387468654180782
TOKYOTECH_s05,41,49,42.63333333333333,-1.130507230758667,0.7017894933712542
TOKYOTECH_s05,41,50,42.666666666666664,-1.252187728881836,0.6085169174120364
TOKYOTECH_s05,41,51,42.7,-0.9123373627662659,0.4645156140115592
TOKYOTECH_s05,41,52,42.733333333333334,0.5918694138526917,0.28035103322201094
TOKYOTECH_s05,41,53,42.766666666666666,1.8975764513015747,0.07081607850694768
TOKYOTECH_s05,41,54,42.8,1.9877437353134155,-0.14649089151747227
TOKYOTECH_s05,41,55,42.833333333333336,1.5902721881866455,-0.35150985413103125
TOKYOTECH_s05,41,56,42.86666666666667,1.2811781167984009,-0.5222380062360718
TOKYOTECH_s05,41,57,42.9,1.0340951681137085,-0.6385851388197628
TOKYOTECH_s05,41,58,42.93333333333333,0.6958921551704407,-0.6901688930947352
TOKYOTECH_s05,41,59,42.96666666666667,0.3922743797302246,-0.6837792432300249
TOKYOTECH_s05,41,60,43.0,0.32658565044403076,-0.643774508180355
TOKYOTECH_s05,41,61,43.03333333333333,0.37450093030929565,-0.601834496067693
TOKYOTECH_s05,41,62,43.06666666666667,0.48433831334114075,-0.580266767776968
TOKYOTECH_s05,41,63,43.1,0.40595173835754395,-0.5790636137468933
TOKYOTECH_s05,41,64,43.13333333333333,0.18495017290115356,-0.57542456030662
TOKYOTECH_s05,41,65,43.166666666666664,-0.17763341963291168,-0.5363021229561686
TOKYOTECH_s05,41,66,43.2,-0.4396670460700989,-0.4355244122798081
TOKYOTECH_s05,41,67,43.233333333333334,-0.6161993741989136,-0.26460121822870025
TOKYOTECH_s05,41,68,43.266666666666666,-0.8185993432998657,-0.03292791783655401
TOKYOTECH_s05,41,69,43.3,-0.9162642359733582,0.23824209783145056
TOKYOTECH_s05,41,70,43.333333333333336,-0.9763698577880859,0.521171432880965
TOKYOTECH_s05,41,71,43.36666666666667,-0.995202898979187,0.7837617738974892
TOKYOTECH_s05,41,72,43.4,-0.9754348397254944,0.9918323869811979
TOKYOTECH_s05,41,73,43.43333333333333,-0.9620513319969177,1.1159470700269876
TOKYOTECH_s05,41,74,43.46666666666667,-1.0610252618789673,1.1412307463408962
TOKYOTECH_s05,41,75,43.5,-1.1772559881210327,1.0730548605931878
TOKYOTECH_s05,41,76,43.53333333333333,-1.228804349899292,0.9334526426753856
TOKYOTECH_s05,41,77,43.56666666666667,-0.9700921177864075,0.750250304827778
TOKYOTECH_s05,41,78,43.6,0.34918534755706787,0.5463177487857935
TOKYOTECH_s05,41,79,43.63333333333333,1.8049514293670654,0.33566258890902395
TOKYOTECH_s05,41,80,43.666666666666664,2.055044174194336,0.12680756897820242
TOKYOTECH_s05,41,81,43.7,1.7199933528900146,-0.07212365231358046
TOKYOTECH_s05,41,82,43.733333333333334,1.3214532136917114,-0.25244690099042405
TOKYOTECH_s05,41,83,43.766666666666666,0.9035725593566895,-0.4089061830821014
TOKYOTECH_s05,41,84,43.8,0.5740603804588318,-0.5437854265131422
TOKYOTECH_s05,41,85,43.833333333333336,0.336736798286438,-0.665376439226336
TOKYOTECH_s05,41,86,43.86666666666667,0.26140448451042175,-0.7802951414948878
TOKYOTECH_s05,41,87,43.9,0.33676353096961975,-0.8852290626129579
TOKYOTECH_s05,41,88,43.93333333333333,0.4770098924636841,-0.9645637298688933
TOKYOTECH_s05,41,89,43.96666666666667,0.42884528636932373,-0.9956774033327309
TOKYOTECH_s05,41,90,44.0,0.1473374366760254,-0.9576798050900885
TOKYOTECH_s05,41,91,44.03333333333333,-0.22339379787445068,-0.8375660201565165
TOKYOTECH_s05,41,92,44.06666666666667,-0.46857115626335144,-0.6320686016854546
TOKYOTECH_s05,41,93,44.1,-0.6573026776313782,-0.348598017205153
TOKYOTECH_s05,41,94,44.13333333333333,-0.8364618420600891,-0.008557787513007627
TOKYOTECH_s05,41,95,44.166666666666664,-0.8234790563583374,0.34886995102641105
TOKYOTECH_s05,41,96,44.2,-0.8990339636802673,0.6694724256985879
TOKYOTECH_s05,41,97,44.233333333333334,-0.9990407824516296,0.8982864453590957
TOKYOTECH_s05,41,98,44.266666666666666,-0.9352042078971863,1.0002530045094273
TOKYOTECH_s05,41,99,44.3,-0.9547852277755737,0.9741048251298828
TOKYOTECH_s05,41,100,44.333333333333336,-1.0101624727249146,0.8499267260229187
TOKYOTECH_s05,41,101,44.36666666666667,-1.0527974367141724,0.6723766113652622
TOKYOTECH_s05,41,102,44.4,-1.1653685569763184,0.48112148343441624
TOKYOTECH_s05,41,103,44.43333333333333,-0.6842744946479797,0.30047265248610266
TOKYOTECH_s05,41,104,44.46666666666667,0.8617390394210815,0.1413354118803679
TOKYOTECH_s05,41,105,44.5,1.9044239521026611,0.008741318919709905
TOKYOTECH_s05,41,106,44.53333333333333,1.8400887250900269,-0.09406860463941483
TOKYOTECH_s05,41,107,44.56666666666667,1.3737317323684692,-0.16833230140923355
TOKYOTECH_s05,41,108,44.6,0.9163683652877808,-0.22449324535014775
TOKYOTECH_s05,41,109,44.63333333333333,0.4373936355113983,-0.2812931483034579
TOKYOTECH_s05,41,110,44.666666666666664,0.024633005261421204,-0.3568405029767603
TOKYOTECH_s05,41,111,44.7,-0.06490205228328705,-0.457107407213588
TOKYOTECH_s05,41,112,44.733333333333334,0.12271641194820404,-0.5700918527063337
TOKYOTECH_s05,41,113,44.766666666666666,0.30599838495254517,-0.6695980388059026
TOKYOTECH_s05,41,114,44.8,0.3652135133743286,-0.7249884886913032
TOKYOTECH_s05,41,115,44.833333333333336,0.2438180297613144,-0.7097389739139299
TOKYOTECH_s05,41,116,44.86666666666667,-0.03516091778874397,-0.6058194989860154
TOKYOTECH_s05,41,117,44.9,-0.40627506375312805,-0.4068852154841654
TOKYOTECH_s05,41,118,44.93333333333333,-0.6217290759086609,-0.12362327262981421
TOKYOTECH_s05,41,119,44.96666666666667,-0.8270230293273926,0.2107007807076417
TOKYOTECH_s05,41,120,45.0,-0.9401729106903076,0.5418022374206304
TOKYOTECH_s05,41,121,45.03333333333333,-0.9530755877494812,0.8084730522144529
TOKYOTECH_s05,41,122,45.06666666666667,-0.9844373464584351,0.964398167951139
TOKYOTECH_s05,41,123,45.1,-0.947625994682312,0.9945300374940828
TOKYOTECH_s05,41,124,45.13333333333333,-0.9953809976577759,0.9158848991558405
TOKYOTECH_s05,41,125,45.166666666666664,-1.0198239088058472,0.7636714854416796
TOKYOTECH_s05,41,126,45.2,-1.027927041053772,0.5731557044060194
TOKYOTECH_s05,41,127,45.233333333333334,-0.23158596456050873,0.36882665991620583
TOKYOTECH_s05,41,128,45.266666666666666,1.31654691696167,0.16486201126194297
TOKYOTECH_s05,41,129,45.3,1.9647966623306274,-0.028321258297741517
TOKYOTECH_s05,41,130,45.333333333333336,1.714980125427246,-0.19980387897071006
TOKYOTECH_s05,41,131,45.36666666666667,1.284677505493164,-0.3403647903828033
TOKYOTECH_s05,41,132,45.4,0.858025848865509,-0.4480007747076451
TOKYOTECH_s05,41,133,45.43333333333333,0.3498798906803131,-0.5299558376120598
TOKYOTECH_s05,41,134,45.46666666666667,-0.062239598482847214,-0.5979898977949718
TOKYOTECH_s05,41,135,45.5,-0.09228348731994629,-0.6602295135465375
TOKYOTECH_s05,41,136,45.53333333333333,0.12492473423480988,-0.7160818294406388
TOKYOTECH_s05,41,137,45.56666666666667,0.31942641735076904,-0.7576000783349568
TOKYOTECH_s05,41,138,45.6,0.3603516221046448,-0.7740394987410055
TOKYOTECH_s05,41,139,45.63333333333333,0.1588509976863861,-0.7536741670281331
TOKYOTECH_s05,41,140,45.666666666666664,-0.2640518844127655,-0.6821468746463838
TOKYOTECH_s05,41,141,45.7,-0.5282493233680725,-0.542933596270939
TOKYOTECH_s05,41,142,45.733333333333334,-0.7613343000411987,-0.3248037320293149
TOKYOTECH_s05,41,143,45.766666666666666,-0.9077693223953247,-0.03387047501976558
TOKYOTECH_s05,41,144,45.8,-1.1035799980163574,0.299327659496255
TOKYOTECH_s05,41,145,45.833333333333336,-1.1214691400527954,0.6261593174362515
TOKYOTECH_s05,41,146,45.86666666666667,-1.0830906629562378,0.897334482415841
TOKYOTECH_s05,41,147,45.9,-1.1242562532424927,1.0795910605630767
TOKYOTECH_s05,41,148,45.93333333333333,-1.1158415079116821,1.1615524411123253
TOKYOTECH_s05,41,149,45.96666666666667,-1.1451730728149414,1.1483070750592441
TOKYOTECH_s05,41,150,46.0,-1.2182613611221313,1.052228946178876
TOKYOTECH_s05,41,151,46.03333333333333,-0.9230049848556519,0.8880484485896243
TOKYOTECH_s05,41,152,46.06666666666667,0.5443103313446045,0.6737124643627113
TOKYOTECH_s05,41,153,46.1,1.9209330081939697,0.4320448754212545
TOKYOTECH_s05,41,154,46.13333333333333,2.1483991146087646,0.1879658616522748
TOKYOTECH_s05,41,155,46.166666666666664,1.8549147844314575,-0.03883563504664085
TOKYOTECH_s05,41,156,46.2,1.5059640407562256,-0.24055494486781598
TOKYOTECH_s05,41,157,46.233333333333334,1.0961508750915527,-0.42140790197032524
TOKYOTECH_s05,41,158,46.266666666666666,0.7542969584465027,-0.5904885724213599
TOKYOTECH_s05,41,159,46.3,0.481070339679718,-0.752421833130528
TOKYOTECH_s05,41,160,46.333333333333336,0.3637620508670807,-0.9020217360811139
TOKYOTECH_s05,41,161,46.36666666666667,0.40269267559051514,-1.0252745029421508
TOKYOTECH_s05,41,162,46.4,0.5824751257896423,-1.1037262686970637
TOKYOTECH_s05,41,163,46.43333333333333,0.48025113344192505,-1.1177826643126514
TOKYOTECH_s05,41,164,46.46666666666667,0.19478078186511993,-1.0482277467184697
TOKYOTECH_s05,41,165,46.5,-0.03778775408864021,-0.8795740554851089
TOKYOTECH_s05,41,166,46.53333333333333,-0.4054202139377594,-0.6081297023942855
TOKYOTECH_s05,41,167,46.56666666666667,-0.6417197585105896,-0.25192329735052027
TOKYOTECH_s05,41,168,46.6,-0.8152334690093994,0.1460799898529311
TOKYOTECH_s05,41,169,46.63333333333333,-0.941962718963623,0.5282504239999738
TOKYOTECH_s05,41,170,46.666666666666664,-0.9923534393310547,0.8421567307096332
TOKYOTECH_s05,41,171,46.7,-0.9988359808921814,1.0572890205864314
TOKYOTECH_s05,41,172,46.733333333333334,-0.9826475381851196,1.1686736373340314
TOKYOTECH_s05,41,173,46.766666666666666,-0.9788898229598999,1.1877600794452854
TOKYOTECH_s05,41,174,46.8,-1.040776252746582,1.129163373772543
TOKYOTECH_s05,41,175,46.833333333333336,-1.194041132926941,1.0027088649516767
TOKYOTECH_s05,41,176,46.86666666666667,-1.1166874170303345,0.8143771444393636
TOKYOTECH_s05,41,177,46.9,-0.10043112933635712,0.5726278884999897
TOKYOTECH_s05,41,178,46.93333333333333,1.6171282529830933,0.29370071957156896
TOKYOTECH_s05,41,179,46.96666666666667,2.245396375656128,0.001783841445332072
TOKYOTECH_s05,41,180,47.0,1.946497917175293,-0.2753474644335117
TOKYOTECH_s05,41,181,47.03333333333333,1.5520093441009521,-0.5116566657699048
TOKYOTECH_s05,41,182,47.06666666666667,1.1493643522262573,-0.6866216965871876
TOKYOTECH_s05,41,183,47.1,0.7454280853271484,-0.7878938639849049
TOKYOTECH_s05,41,184,47.13333333333333,0.43653878569602966,-0.8144970416725659
TOKYOTECH_s05,41,185,47.166666666666664,0.304413378238678,-0.7800754650478633
TOKYOTECH_s05,41,186,47.2,0.35428765416145325,-0.7120063003566145
TOKYOTECH_s05,41,187,47.233333333333334,0.48707202076911926,-0.6422816960680866
TOKYOTECH_s05,41,188,47.266666666666666,0.5005000233650208,-0.5923738012452676
TOKYOTECH_s05,41,189,47.3,0.3518032729625702,-0.5611222617689501
TOKYOTECH_s05,41,190,47.333333333333336,0.013101638294756413,-0.5248576273061903
TOKYOTECH_s05,41,191,47.36666666666667,-0.3513786196708679,-0.4512720796037096
TOKYOTECH_s05,41,192,47.4,-0.5781503319740295,-0.31813514555958167
TOKYOTECH_s05,41,193,47.43333333333333,-0.7625008225440979,-0.12428847543217054
TOKYOTECH_s05,41,194,47.46666666666667,-0.8827654123306274,0.11221485531475661
TOKYOTECH_s05,41,195,47.5,-0.8916877508163452,0.36364576755681816
TOKYOTECH_s05,41,196,47.53333333333333,-0.9823715090751648,0.6014242234876209
TOKYOTECH_s05,41,197,47.56666666666667,-1.0167608261108398,0.800138049526658
TOKYOTECH_s05,41,198,47.6,-0.9757553935050964,0.9387311153404574
TOKYOTECH_s05,41,199,47.63333333333333,-0.9985955357551575,1.0028233542854361
TOKYOTECH_s05,41,200,47.666666666666664,-1.076768398284912,0.9884676138848997
TOKYOTECH_s05,41,201,47.7,-1.241715908050537,0.9037005603606975
TOKYOTECH_s05,41,202,47.733333333333334,-1.2718043327331543,0.7652614249268281
TOKYOTECH_s05,41,203,47.766666666666666,-0.7352796792984009,0.5920579438913993
TOKYOTECH_s05,41,204,47.8,0.8342774510383606,0.3996955182424093
TOKYOTECH_s05,41,205,47.833333333333336,2.022453546524048,0.19944781645415413
TOKYOTECH_s05,41,206,47.86666666666667,2.03670072555542,0.001234628050904912
TOKYOTECH_s05,41,207,47.9,1.6548656225204468,-0.18335027565165987
TOKYOTECH_s05,41,208,47.93333333333333,1.285719394683838,-0.3420705264190794
TOKYOTECH_s05,41,209,47.96666666666667,0.9250591397285461,-0.46746239065697087
TOKYOTECH_s05,41,210,48.0,0.5134472250938416,-0.5618702304150994
TOKYOTECH_s05,41,211,48.03333333333333,0.2198648452758789,-0.6361893477077125
TOKYOTECH_s05,41,212,48.06666666666667,0.2844405174255371,-0.701549864540662
TOKYOTECH_s05,41,213,48.1,0.6026172041893005,-0.7596956492027667
TOKYOTECH_s05,41,214,48.13333333333333,0.6432663798332214,-0.7993876428367533
TOKYOTECH_s05,41,215,48.166666666666664,0.3887837827205658,-0.8015533062631017
TOKYOTECH_s05,41,216,48.2,0.11204878240823746,-0.7488588758044716
TOKYOTECH_s05,41,217,48.233333333333334,-0.1289968639612198,-0.6325590302553877
TOKYOTECH_s05,41,218,48.266666666666666,-0.48162519931793213,-0.4538814642063291
TOKYOTECH_s05,41,219,48.3,-0.6640879511833191,-0.22308666923107212
TOKYOTECH_s05,41,220,48.333333333333336,-0.7326973676681519,0.04005684809119496
TOKYOTECH_s05,41,221,48.36666666666667,-0.8081810474395752,0.3050020843842715
TOKYOTECH_s05,41,222,48.4,-0.8605396747589111,0.5332084457179955
TOKYOTECH_s05,41,223,48.43333333333333,-0.8747602105140686,0.6883930167575888
TOKYOTECH_s05,41,224,48.46666666666667,-0.8177534341812134,0.7501410172920073
TOKYOTECH_s05,41,225,48.5,-0.8757931590080261,0.7213616763959981
TOKYOTECH_s05,41,226,48.53333333333333,-0.9648562669754028,0.6237608731854776
TOKYOTECH_s05,41,227,48.56666666666667,-1.0764567852020264,0.4846445393350421
TOKYOTECH_s05,41,228,48.6,-0.6403128504753113,0.32475599607124583
TOKYOTECH_s05,41,229,48.63333333333333,0.6747528314590454,0.155572693641794
TOKYOTECH_s05,41,230,48.666666666666664,1.719076156616211,-0.013659434263785552
TOKYOTECH_s05,41,231,48.7,1.745184302330017,-0.16716437007339868
TOKYOTECH_s05,41,232,48.733333333333334,1.3088889122009277,-0.28166904396101083
TOKYOTECH_s05,41,233,48.766666666666666,0.7523112893104553,-0.3362033230080551
TOKYOTECH_s05,41,234,48.8,0.18770167231559753,-0.32573437706864333
TOKYOTECH_s05,41,235,48.833333333333336,-0.24615377187728882,-0.2671907590810645
TOKYOTECH_s05,41,236,48.86666666666667,-0.39249974489212036,-0.19209195967327497
TOKYOTECH_s05,41,237,48.9,-0.05277407914400101,-0.13014868646878705
TOKYOTECH_s05,41,238,48.93333333333333,0.28785985708236694,-0.09414269722059994
TOKYOTECH_s05,41,239,48.96666666666667,0.28245478868484497,-0.0749859360171384
TOKYOTECH_s05,42,0,42.0,1.1780813932418823,-0.07568239363228446
TOKYOTECH_s05,42,1,42.03333333333333,0.8803049921989441,-1.6346210410078146
TOKYOTECH_s05,42,2,42.06666666666667,0.6179419159889221,-2.9754870846482677
TOKYOTECH_s05,42,3,42.1,0.28309592604637146,-3.9301828876977054
TOKYOTECH_s05,42,4,42.13333333333333,0.12987565994262695,-4.414303550605714
TOKYOTECH_s05,42,5,42.166666666666664,0.27956971526145935,-4.439876722280331
TOKYOTECH_s05,42,6,42.2,0.38759949803352356,-4.09851759923639
TOKYOTECH_s05,42,7,42.233333333333334,0.3044579029083252,-3.5227091115554807
TOKYOTECH_s05,42,8,42.266666666666666,0.16219910979270935,-2.8419622805145637
TOKYOTECH_s05,42,9,42.3,-0.17012690007686615,-2.1510261472904615
TOKYOTECH_s05,42,10,42.333333333333336,-0.45590001344680786,-1.5005611442939935
TOKYOTECH_s05,42,11,42.36666666666667,-0.6860464811325073,-0.9088966142439007
TOKYOTECH_s05,42,12,42.4,-0.8501213788986206,-0.38176444793591413
TOKYOTECH_s05,42,13,42.43333333333333,-0.9035307765007019,0.07539492036765003
TOKYOTECH_s05,42,14,42.46666666666667,-1.0269386768341064,0.4575434194871507
TOKYOTECH_s05,42,15,42.5,-0.9977406859397888,0.7654089599130445
TOKYOTECH_s05,42,16,42.53333333333333,-0.9916678071022034,1.0067756100220961
TOKYOTECH_s05,42,17,42.56666666666667,-1.0000826120376587,1.1910040139217457
TOKYOTECH_s05,42,18,42.6,-1.0460655689239502,1.321472282319872
TOKYOTECH_s05,42,19,42.63333333333333,-1.130507230758667,1.3926729090748156
TOKYOTECH_s05,42,20,42.666666666666664,-1.252187728881836,1.3943462739715664
TOKYOTECH_s05,42,21,42.7,-0.9123373627662659,1.3192588695425642
TOKYOTECH_s05,42,22,42.733333333333334,0.5918694138526917,1.1694908790544998
TOKYOTECH_s05,42,23,42.766666666666666,1.8975764513015747,0.9586256887331523
TOKYOTECH_s05,42,24,42.8,1.9877437353134155,0.7107643938501657
TOKYOTECH_s05,42,25,42.833333333333336,1.5902721881866455,0.4581306047199166
TOKYOTECH_s05,42,26,42.86666666666667,1.2811781167984009,0.2365051025470065
TOKYOTECH_s05,42,27,42.9,1.0340951681137085,0.07628477611196692
TOKYOTECH_s05,42,28,42.93333333333333,0.6958921551704407,-0.009742216032714001
TOKYOTECH_s05,42,29,42.96666666666667,0.3922743797302246,-0.03550946457380979
TOKYOTECH_s05,42,30,43.0,0.32658565044403076,-0.039471468462491485
TOKYOTECH_s05,42,31,43.03333333333333,0.37450093030929565,-0.0679498212388499
TOKYOTECH_s05,42,32,43.06666666666667,0.48433831334114075,-0.15098933436408118
TOKYOTECH_s05,42,33,43.1,0.40595173835754395,-0.2847374699333118
TOKYOTECH_s05,42,34,43.13333333333333,0.18495017290115356,-0.4315610889345587
TOKYOTECH_s05,42,35,43.166666666666664,-0.17763341963291168,-0.5381749912931453
TOKYOTECH_s05,42,36,43.2,-0.4396670460700989,-0.5605542185250904
TOKYOTECH_s05,42,37,43.233333333333334,-0.6161993741989136,-0.4809209497759457
TOKYOTECH_s05,42,38,43.266666666666666,-0.8185993432998657,-0.3095767655210955
TOKYOTECH_s05,42,39,43.3,-0.9162642359733582,-0.0755490724735039
TOKYOTECH_s05,42,40,43.333333333333336,-0.9763698577880859,0.18450855327345603
TOKYOTECH_s05,42,41,43.36666666666667,-0.995202898979187,0.43289552281501564
TOKYOTECH_s05,42,42,43.4,-0.9754348397254944,0.6343877377186604
TOKYOTECH_s05,42,43,43.43333333333333,-0.9620513319969177,0.7616758161023625
TOKYOTECH_s05,42,44,43.46666666666667,-1.0610252618789673,0.8027151456233128
TOKYOTECH_s05,42,45,43.5,-1.1772559881210327,0.7640788246471905
TOKYOTECH_s05,42,46,43.53333333333333,-1.228804349899292,0.6659171229520215
TOKYOTECH_s05,42,47,43.56666666666667,-0.9700921177864075,0.5308889508881383
TOKYOTECH_s05,42,48,43.6,0.34918534755706787,0.37441342650199233
TOKYOTECH_s05,42,49,43.63333333333333,1.8049514293670654,0.2025817087930113
TOKYOTECH_s05,42,50,43.666666666666664,2.055044174194336,0.01771738579249927
TOKYOTECH_s05,42,51,43.7,1.7199933528900146,-0.17450126552308515
TOKYOTECH_s05,42,52,43.733333333333334,1.3214532136917114,-0.3629035288702615
TOKYOTECH_s05,42,53,43.766666666666666,0.9035725593566895,-0.5351426021295388
TOKYOTECH_s05,42,54,43.8,0.5740603804588318,-0.6836869473665949
TOKYOTECH_s05,42,55,43.833333333333336,0.336736798286438,-0.8071337230494294
TOKYOTECH_s05,42,56,43.86666666666667,0.26140448451042175,-0.9055668961941741
TOKYOTECH_s05,42,57,43.9,0.33676353096961975,-0.9747046361993137
TOKYOTECH_s05,42,58,43.93333333333333,0.4770098924636841,-1.0042490533762993
TOKYOTECH_s05,42,59,43.96666666666667,0.42884528636932373,-0.9815626376233453
TOKYOTECH_s05,42,60,44.0,0.1473374366760254,-0.8970695726992362
TOKYOTECH_s05,42,61,44.03333333333333,-0.22339379787445068,-0.747035721311856
TOKYOTECH_s05,42,62,44.06666666666667,-0.46857115626335144,-0.5333824727935622
TOKYOTECH_s05,42,63,44.1,-0.6573026776313782,-0.26400147898102244
TOKYOTECH_s05,42,64,44.13333333333333,-0.8364618420600891,0.044069528274915386
TOKYOTECH_s05,42,65,44.166666666666664,-0.8234790563583374,0.36098453938711517
TOKYOTECH_s05,42,66,44.2,-0.8990339636802673,0.6458011139057316
TOKYOTECH_s05,42,67,44.233333333333334,-0.9990407824516296,0.8571497038816913
TOKYOTECH_s05,42,68,44.266666666666666,-0.9352042078971863,0.9686541295288124
TOKYOTECH_s05,42,69,44.3,-0.9547852277755737,0.9791017436678825
TOKYOTECH_s05,42,70,44.333333333333336,-1.0101624727249146,0.9101121451933837
TOKYOTECH_s05,42,71,44.36666666666667,-1.0527974367141724,0.7930103579104234
TOKYOTECH_s05,42,72,44.4,-1.1653685569763184,0.6544085865955552
TOKYOTECH_s05,42,73,44.43333333333333,-0.6842744946479797,0.5101021199239774
TOKYOTECH_s05,42,74,44.46666666666667,0.8617390394210815,0.36865329476969233
TOKYOTECH_s05,42,75,44.5,1.9044239521026611,0.23751983017707798
TOKYOTECH_s05,42,76,44.53333333333333,1.8400887250900269,0.12388389089068166
TOKYOTECH_s05,42,77,44.56666666666667,1.3737317323684692,0.02899611406891365
TOKYOTECH_s05,42,78,44.6,0.9163683652877808,-0.057476850644306084
TOKYOTECH_s05,42,79,44.63333333333333,0.4373936355113983,-0.15513784298276248
TOKYOTECH_s05,42,80,44.666666666666664,0.024633005261421204,-0.2814965822417997
TOKYOTECH_s05,42,81,44.7,-0.06490205228328705,-0.43889810444966476
TOKYOTECH_s05,42,82,44.733333333333334,0.12271641194820404,-0.6090040429154446
TOKYOTECH_s05,42,83,44.766666666666666,0.30599838495254517,-0.7585044694315252
TOKYOTECH_s05,42,84,44.8,0.3652135133743286,-0.8514822423217039
TOKYOTECH_s05,42,85,44.833333333333336,0.2438180297613144,-0.8601389547417707
TOKYOTECH_s05,42,86,44.86666666666667,-0.03516091778874397,-0.7696798309063857
TOKYOTECH_s05,42,87,44.9,-0.40627506375312805,-0.5796180036878139
TOKYOTECH_s05,42,88,44.93333333333333,-0.6217290759086609,-0.30553417416088147
TOKYOTECH_s05,42,89,44.96666666666667,-0.8270230293273926,0.018632457143145653
TOKYOTECH_s05,42,90,45.0,-0.9401729106903076,0.3429711546457721
TOKYOTECH_s05,42,91,45.03333333333333,-0.9530755877494812,0.6134553515339238
TOKYOTECH_s05,42,92,45.06666666666667,-0.9844373464584351,0.7898928596844792
TOKYOTECH_s05,42,93,45.1,-0.947625994682312,0.8591963357814574
TOKYOTECH_s05,42,94,45.13333333333333,-0.9953809976577759,0.8351940492599633
TOKYOTECH_s05,42,95,45.166666666666664,-1.0198239088058472,0.7457400193805925
TOKYOTECH_s05,42,96,45.2,-1.027927041053772,0.6169307915953478
TOKYOTECH_s05,42,97,45.233333333333334,-0.23158596456050873,0.46532579190786233
TOKYOTECH_s05,42,98,45.266666666666666,1.31654691696167,0.3008900688641226
TOKYOTECH_s05,42,99,45.3,1.9647966623306274,0.1339720369710494
TOKYOTECH_s05,42,100,45.333333333333336,1.714980125427246,-0.022330793458451084
TOKYOTECH_s05,42,101,45.36666666666667,1.284677505493164,-0.157178996642213
TOKYOTECH_s05,42,102,45.4,0.858025848865509,-0.26914563917914086
TOKYOTECH_s05,42,103,45.43333333333333,0.3498798906803131,-0.3675531002504835
TOKYOTECH_s05,42,104,45.46666666666667,-0.062239598482847214,-0.4654388782559395
TOKYOTECH_s05,42,105,45.5,-0.09228348731994629,-0.5693615811553003
TOKYOTECH_s05,42,106,45.53333333333333,0.12492473423480988,-0.6738170797848018
TOKYOTECH_s05,42,107,45.56666666666667,0.31942641735076904,-0.7636861161199188
TOKYOTECH_s05,42,108,45.6,0.3603516221046448,-0.8208914367518425
TOKYOTECH_s05,42,109,45.63333333333333,0.1588509976863861,-0.828607592751529
TOKYOTECH_s05,42,110,45.666666666666664,-0.2640518844127655,-0.7712704241056096
TOKYOTECH_s05,42,111,45.7,-0.5282493233680725,-0.6350063854993777
TOKYOTECH_s05,42,112,45.733333333333334,-0.7613343000411987,-0.4133082561332648
TOKYOTECH_s05,42,113,45.766666666666666,-0.9077693223953247,-0.11661874614699289
TOKYOTECH_s05,42,114,45.8,-1.1035799980163574,0.2222747044390021
TOKYOTECH_s05,42,115,45.833333333333336,-1.1214691400527954,0.5546642561480705
TOKYOTECH_s05,42,116,45.86666666666667,-1.0830906629562378,0.8322662896675243
TOKYOTECH_s05,42,117,45.9,-1.1242562532424927,1.0227673091500644
TOKYOTECH_s05,42,118,45.93333333333333,-1.1158415079116821,1.1152024733108916
TOKYOTECH_s05,42,119,45.96666666666667,-1.1451730728149414,1.114631618661786
TOKYOTECH_s05,42,120,46.0,-1.2182613611221313,1.0332879693252521
TOKYOTECH_s05,42,121,46.03333333333333,-0.9230049848556519,0.8859890966898537
TOKYOTECH_s05,42,122,46.06666666666667,0.5443103313446045,0.6911274136806868
TOKYOTECH_s05,42,123,46.1,1.9209330081939697,0.4719299933186687
TOKYOTECH_s05,42,124,46.13333333333333,2.1483991146087646,0.2525651234869723
TOKYOTECH_s05,42,125,46.166666666666664,1.8549147844314575,0.04946302506383804
TOKYOTECH_s05,42,126,46.2,1.5059640407562256,-0.1356282966874049
TOKYOTECH_s05,42,127,46.233333333333334,1.0961508750915527,-0.3139420321871633
TOKYOTECH_s05,42,128,46.266666666666666,0.7542969584465027,-0.4992346586446793
TOKYOTECH_s05,42,129,46.3,0.481070339679718,-0.6957389488284461
TOKYOTECH_s05,42,130,46.333333333333336,0.3637620508670807,-0.8923797032551879
TOKYOTECH_s05,42,131,46.36666666666667,0.40269267559051514,-1.0656506034967086
TOKYOTECH_s05,42,132,46.4,0.5824751257896423,-1.1871859740179866
TOKYOTECH_s05,42,133,46.43333333333333,0.48025113344192505,-1.2301541418105337
TOKYOTECH_s05,42,134,46.46666666666667,0.19478078186511993,-1.1725823645910516
TOKYOTECH_s05,42,135,46.5,-0.03778775408864021,-1.000624909418597
TOKYOTECH_s05,42,136,46.53333333333333,-0.4054202139377594,-0.7149338829079095
TOKYOTECH_s05,42,137,46.56666666666667,-0.6417197585105896,-0.33828669382503024
TOKYOTECH_s05,42,138,46.6,-0.8152334690093994,0.0828999729943063
TOKYOTECH_s05,42,139,46.63333333333333,-0.941962718963623,0.4892730281585608
TOKYOTECH_s05,42,140,46.666666666666664,-0.9923534393310547,0.8278086877654002
TOKYOTECH_s05,42,141,46.7,-0.9988359808921814,1.0676905612743628
TOKYOTECH_s05,42,142,46.733333333333334,-0.9826475381851196,1.2033587389115141
TOKYOTECH_s05,42,143,46.766666666666666,-0.9788898229598999,1.2452355957840877
TOKYOTECH_s05,42,144,46.8,-1.040776252746582,1.2068546071194057
TOKYOTECH_s05,42,145,46.833333333333336,-1.194041132926941,1.097828472501652
TOKYOTECH_s05,42,146,46.86666666666667,-1.1166874170303345,0.925509202704058
TOKYOTECH_s05,42,147,46.9,-0.10043112933635712,0.7007853781489157
TOKYOTECH_s05,42,148,46.93333333333333,1.6171282529830933,0.44155029576487365
TOKYOTECH_s05,42,149,46.96666666666667,2.245396375656128,0.17090404662920955
TOKYOTECH_s05,42,150,47.0,1.946497917175293,-0.08792998153955915
TOKYOTECH_s05,42,151,47.03333333333333,1.5520093441009521,-0.3158309994174256
TOKYOTECH_s05,42,152,47.06666666666667,1.1493643522262573,-0.4991085890194462
TOKYOTECH_s05,42,153,47.1,0.7454280853271484,-0.629517469250848
TOKYOTECH_s05,42,154,47.13333333333333,0.43653878569602966,-0.7057898248990011
TOKYOTECH_s05,42,155,47.166666666666664,0.304413378238678,-0.7368578141326837
TOKYOTECH_s05,42,156,47.2,0.35428765416145325,-0.7425178750147788
TOKYOTECH_s05,42,157,47.233333333333334,0.48707202076911926,-0.7466646982970976
TOKYOTECH_s05,42,158,47.266666666666666,0.5005000233650208,-0.764105592520376
TOKYOTECH_s05,42,159,47.3,0.3518032729625702,-0.7890445643329401
TOKYOTECH_s05,42,160,47.333333333333336,0.013101638294756413,-0.7944857288791475
TOKYOTECH_s05,42,161,47.36666666666667,-0.3513786196708679,-0.7451860994312486
TOKYOTECH_s05,42,162,47.4,-0.5781503319740295,-0.616644187969709
TOKYOTECH_s05,42,163,47.43333333333333,-0.7625008225440979,-0.40778183453060063
TOKYOTECH_s05,42,164,47.46666666666667,-0.8827654123306274,-0.14046607004702957
TOKYOTECH_s05,42,165,47.5,-0.8916877508163452,0.15097297707966822
TOKYOTECH_s05,42,166,47.53333333333333,-0.9823715090751648,0.4315179328295699
TOKYOTECH_s05,42,167,47.56666666666667,-1.0167608261108398,0.6720634034621745
TOKYOTECH_s05,42,168,47.6,-0.9757553935050964,0.8513140766724084
TOKYOTECH_s05,42,169,47.63333333333333,-0.9985955357551575,0.957367771845674
TOKYOTECH_s05,42,170,47.666666666666664,-1.076768398284912,0.9900512087946719
TOKYOTECH_s05,42,171,47.7,-1.241715908050537,0.9605170793288174
TOKYOTECH_s05,42,172,47.733333333333334,-1.2718043327331543,0.8856824520274185
TOKYOTECH_s05,42,173,47.766666666666666,-0.7352796792984009,0.7799110637258353
TOKYOTECH_s05,42,174,47.8,0.8342774510383606,0.6493555446595732
TOKYOTECH_s05,42,175,47.833333333333336,2.022453546524048,0.492963927137483
TOKYOTECH_s05,42,176,47.86666666666667,2.03670072555542,0.30929473949545344
TOKYOTECH_s05,42,177,47.9,1.6548656225204468,0.10377180984918946
TOKYOTECH_s05,42,178,47.93333333333333,1.285719394683838,-0.10947804569891462
TOKYOTECH_s05,42,179,47.96666666666667,0.9250591397285461,-0.31287496277266824
TOKYOTECH_s05,42,180,48.0,0.5134472250938416,-0.49334421162732783
TOKYOTECH_s05,42,181,48.03333333333333,0.2198648452758789,-0.6460647322304378
TOKYOTECH_s05,42,182,48.06666666666667,0.2844405174255371,-0.770922924072866
TOKYOTECH_s05,42,183,48.1,0.6026172041893005,-0.865007890537813
TOKYOTECH_s05,42,184,48.13333333333333,0.6432663798332214,-0.917711056787069
TOKYOTECH_s05,42,185,48.166666666666664,0.3887837827205658,-0.9126641395751948
TOKYOTECH_s05,42,186,48.2,0.11204878240823746,-0.8348899346738177
TOKYOTECH_s05,42,187,48.233333333333334,-0.1289968639612198,-0.6778024311159151
TOKYOTECH_s05,42,188,48.266666666666666,-0.48162519931793213,-0.44661964977497853
TOKYOTECH_s05,42,189,48.3,-0.6640879511833191,-0.1589343199269415
TOKYOTECH_s05,42,190,48.333333333333336,-0.7326973676681519,0.1555029946044613
TOKYOTECH_s05,42,191,48.36666666666667,-0.8081810474395752,0.4562425287125906
TOKYOTECH_s05,42,192,48.4,-0.8605396747589111,0.6984363693031455
TOKYOTECH_s05,42,193,48.43333333333333,-0.8747602105140686,0.8458986064058586
TOKYOTECH_s05,42,194,48.46666666666667,-0.8177534341812134,0.8853715563189961
TOKYOTECH_s05,42,195,48.5,-0.8757931590080261,0.831667428892694
TOKYOTECH_s05,42,196,48.53333333333333,-0.9648562669754028,0.7184319213992926
TOKYOTECH_s05,42,197,48.56666666666667,-1.0764567852020264,0.579700281902757
TOKYOTECH_s05,42,198,48.6,-0.6403128504753113,0.4340683395438025
TOKYOTECH_s05,42,199,48.63333333333333,0.6747528314590454,0.2813793277848294
TOKYOTECH_s05,42,200,48.666666666666664,1.719076156616211,0.1126719372170995
TOKYOTECH_s05,42,201,48.7,1.745184302330017,-0.07526659739163931
TOKYOTECH_s05,42,202,48.733333333333334,1.3088889122009277,-0.27193884288422965
TOKYOTECH_s05,42,203,48.766666666666666,0.7523112893104553,-0.45697608473289986
TOKYOTECH_s05,42,204,48.8,0.18770167231559753,-0.6109187503439483
TOKYOTECH_s05,42,205,48.833333333333336,-0.24615377187728882,-0.7228503317243166
TOKYOTECH_s05,42,206,48.86666666666667,-0.39249974489212036,-0.7894245669333104
TOKYOTECH_s05,42,207,48.9,-0.05277407914400101,-0.8085972505388817
TOKYOTECH_s05,42,208,48.93333333333333,0.28785985708236694,-0.7755882430317312
TOKYOTECH_s05,42,209,48.96666666666667,0.28245478868484497,-0.685440747556459
TOKYOTECH_s05,42,210,49.0,0.16323202848434448,-0.5393507348024041
TOKYOTECH_s05,42,211,49.03333333333333,-0.178434818983078,-0.34799695919555146
TOKYOTECH_s05,42,212,49.06666666666667,-0.5146075487136841,-0.1286351450720607
TOKYOTECH_s05,42,213,49.1,-0.7480754852294922,0.10084907170056476
TOKYOTECH_s05,42,214,49.13333333333333,-1.0097707509994507,0.3252657504387599
TOKYOTECH_s05,42,215,49.166666666666664,-1.0675077438354492,0.5303852221585899
TOKYOTECH_s05,42,216,49.2,-1.109430193901062,0.699417794209764
TOKYOTECH_s05,42,217,49.233333333333334,-1.1061177253723145,0.8132727336309933
TOKYOTECH_s05,42,218,49.266666666666666,-1.1072040796279907,0.8561519279643307
TOKYOTECH_s05,42,219,49.3,-1.1394562721252441,0.8224332795833629
TOKYOTECH_s05,42,220,49.333333333333336,-1.1574435234069824,0.7195475697501252
TOKYOTECH_s05,42,221,49.36666666666667,-1.1566241979599,0.5650030329180937
TOKYOTECH_s05,42,222,49.4,-0.3559199273586273,0.38036880641294113
TOKYOTECH_s05,42,223,49.43333333333333,1.3180783987045288,0.1868189483192535
TOKYOTECH_s05,42,224,49.46666666666667,2.1241610050201416,0.004184907636790032
TOKYOTECH_s05,42,225,49.5,1.9838969707489014,-0.14865893406640113
TOKYOTECH_s05,42,226,49.53333333333333,1.5921154022216797,-0.25570565879161966
TOKYOTECH_s05,42,227,49.56666666666667,1.18888258934021,-0.3089765030329568
TOKYOTECH_s05,42,228,49.6,0.7197296023368835,-0.31318139202946144
TOKYOTECH_s05,42,229,49.63333333333333,0.2845562696456909,-0.2844804194779596
TOKYOTECH_s05,42,230,49.666666666666664,0.07770401239395142,-0.2421958480311831
TOKYOTECH_s05,42,231,49.7,0.19814670085906982,-0.1986881559414853
TOKYOTECH_s05,42,232,49.733333333333334,0.4373758137226105,-0.15513030832037925
TOKYOTECH_s05,42,233,49.766666666666666,0.4271267056465149,-0.10683193816290416
TOKYOTECH_s05,42,234,49.8,0.24305224418640137,-0.05355636284624747
TOKYOTECH_s05,42,235,49.833333333333336,0.0035292678512632847,-0.005629497474127495
TOKYOTECH_s05,42,236,49.86666666666667,-0.37894704937934875,0.019436601501436085
TOKYOTECH_s05,42,237,49.9,-0.6390305757522583,0.007142547649048444
TOKYOTECH_s05,42,238,49.93333333333333,-0.8143162727355957,-0.04425274859379955
TOKYOTECH_s05,42,239,49.96666666666667,-0.974108099937439,-0.12066565484351388
TOKYOTECH_s05,43,0,43.0,0.32658565044403076,-0.06304696375109943
TOKYOTECH_s05,43,1,43.03333333333333,0.37450093030929565,-1.6125190063147252
TOKYOTECH_s05,43,2,43.06666666666667,0.48433831334114075,-2.939519782891031
TOKYOTECH_s05,43,3,43.1,0.40595173835754395,-3.870501521802262
TOKYOTECH_s05,43,4,43.13333333333333,0.18495017290115356,-4.314171651302579
TOKYOTECH_s05,43,5,43.166666666666664,-0.17763341963291168,-4.2769002576224135
TOKYOTECH_s05,43,6,43.2,-0.4396670460700989,-3.8499035613077486
TOKYOTECH_s05,43,7,43.233333333333334,-0.6161993741989136,-3.173386369518848
TOKYOTECH_s05,43,8,43.266666666666666,-0.8185993432998657,-2.3926309414851628
TOKYOTECH_s05,43,9,43.3,-0.9162642359733582,-1.6229676899400212
TOKYOTECH_s05,43,10,43.333333333333336,-0.9763698577880859,-0.934663951731453
TOKYOTECH_s05,43,11,43.36666666666667,-0.995202898979187,-0.3579497778843961
TOKYOTECH_s05,43,12,43.4,-0.9754348397254944,0.1017696366524245
TOKYOTECH_s05,43,13,43.43333333333333,-0.9620513319969177,0.4509000963288542
TOKYOTECH_s05,43,14,43.46666666666667,-1.0610252618789673,0.7020411569847591
TOKYOTECH_s05,43,15,43.5,-1.1772559881210327,0.8722676414841165
TOKYOTECH_s05,43,16,43.53333333333333,-1.228804349899292,0.9800655978304179
TOKYOTECH_s05,43,17,43.56666666666667,-0.9700921177864075,1.0400251430529042
TOKYOTECH_s05,43,18,43.6,0.34918534755706787,1.0589513875606074
TOKYOTECH_s05,43,19,43.63333333333333,1.8049514293670654,1.037223355186937
TOKYOTECH_s05,43,20,43.666666666666664,2.055044174194336,0.974621522465866
TOKYOTECH_s05,43,21,43.7,1.7199933528900146,0.8754548479876726
TOKYOTECH_s05,43,22,43.733333333333334,1.3214532136917114,0.7484870935656525
TOKYOTECH_s05,43,23,43.766666666666666,0.9035725593566895,0.602085001143203
TOKYOTECH_s05,43,24,43.8,0.5740603804588318,0.43976151932635466
TOKYOTECH_s05,43,25,43.833333333333336,0.336736798286438,0.26130219560097623
TOKYOTECH_s05,43,26,43.86666666666667,0.26140448451042175,0.0692129344879177
TOKYOTECH_s05,43,27,43.9,0.33676353096961975,-0.12513207105026858
TOKYOTECH_s05,43,28,43.93333333333333,0.4770098924636841,-0.30104106335546144
TOKYOTECH_s05,43,29,43.96666666666667,0.42884528636932373,-0.43424730860173383
TOKYOTECH_s05,43,30,44.0,0.1473374366760254,-0.5044036337762124
TOKYOTECH_s05,43,31,44.03333333333333,-0.22339379787445068,-0.4992240319631248
TOKYOTECH_s05,43,32,44.06666666666667,-0.46857115626335144,-0.4144564589667587
TOKYOTECH_s05,43,33,44.1,-0.6573026776313782,-0.2533931970073103
TOKYOTECH_s05,43,34,44.13333333333333,-0.8364618420600891,-0.029432738783520884
TOKYOTECH_s05,43,35,44.166666666666664,-0.8234790563583374,0.22960403166693855
TOKYOTECH_s05,43,36,44.2,-0.8990339636802673,0.4816922084983046
TOKYOTECH_s05,43,37,44.233333333333334,-0.9990407824516296,0.6805483175593124
TOKYOTECH_s05,43,38,44.266666666666666,-0.9352042078971863,0.7920308786499715
TOKYOTECH_s05,43,39,44.3,-0.9547852277755737,0.8064280211063625
TOKYOTECH_s05,43,40,44.333333333333336,-1.0101624727249146,0.7381839459590106
TOKYOTECH_s05,43,41,44.36666666666667,-1.0527974367141724,0.6140204125862634
TOKYOTECH_s05,43,42,44.4,-1.1653685569763184,0.45898708942905286
TOKYOTECH_s05,43,43,44.43333333333333,-0.6842744946479797,0.2904137514193781
TOKYOTECH_s05,43,44,44.46666666666667,0.8617390394210815,0.12118060697845803
TOKYOTECH_s05,43,45,44.5,1.9044239521026611,-0.03511698278315636
TOKYOTECH_s05,43,46,44.53333333333333,1.8400887250900269,-0.16496602238355307
TOKYOTECH_s05,43,47,44.56666666666667,1.3737317323684692,-0.262452762741893
TOKYOTECH_s05,43,48,44.6,0.9163683652877808,-0.33650174130990484
TOKYOTECH_s05,43,49,44.63333333333333,0.4373936355113983,-0.40937701006755023
TOKYOTECH_s05,43,50,44.666666666666664,0.024633005261421204,-0.5047313588297172
TOKYOTECH_s05,43,51,44.7,-0.06490205228328705,-0.6322194640160326
TOKYOTECH_s05,43,52,44.733333333333334,0.12271641194820404,-0.778693825281719
TOKYOTECH_s05,43,53,44.766666666666666,0.30599838495254517,-0.9113105717711489
TOKYOTECH_s05,43,54,44.8,0.3652135133743286,-0.9893645006479013
TOKYOTECH_s05,43,55,44.833333333333336,0.2438180297613144,-0.9769164352032975
TOKYOTECH_s05,43,56,44.86666666666667,-0.03516091778874397,-0.8513586447975287
TOKYOTECH_s05,43,57,44.9,-0.40627506375312805,-0.6088680506258372
TOKYOTECH_s05,43,58,44.93333333333333,-0.6217290759086609,-0.2691814945956283
TOKYOTECH_s05,43,59,44.96666666666667,-0.8270230293273926,0.12167437524073418
TOKYOTECH_s05,43,60,45.0,-0.9401729106903076,0.49663680785120135
TOKYOTECH_s05,43,61,45.03333333333333,-0.9530755877494812,0.7850640582074879
TOKYOTECH_s05,43,62,45.06666666666667,-0.9844373464584351,0.9369984463033456
TOKYOTECH_s05,43,63,45.1,-0.947625994682312,0.9409350981873753
TOKYOTECH_s05,43,64,45.13333333333333,-0.9953809976577759,0.8247297969716848
TOKYOTECH_s05,43,65,45.166666666666664,-1.0198239088058472,0.6400223649757778
TOKYOTECH_s05,43,66,45.2,-1.027927041053772,0.4401675549861653
TOKYOTECH_s05,43,67,45.233333333333334,-0.23158596456050873,0.2638264010606578
TOKYOTECH_s05,43,68,45.266666666666666,1.31654691696167,0.1302704986983695
TOKYOTECH_s05,43,69,45.3,1.9647966623306274,0.043601730442545096
TOKYOTECH_s05,43,70,45.333333333333336,1.714980125427246,-0.0016063562516280923
TOKYOTECH_s05,43,71,45.36666666666667,1.284677505493164,-0.01833951166347679
TOKYOTECH_s05,43,72,45.4,0.858025848865509,-0.027060094604667507
TOKYOTECH_s05,43,73,45.43333333333333,0.3498798906803131,-0.05195358457176512
TOKYOTECH_s05,43,74,45.46666666666667,-0.062239598482847214,-0.11191256688091686
TOKYOTECH_s05,43,75,45.5,-0.09228348731994629,-0.21134256594810125
TOKYOTECH_s05,43,76,45.53333333333333,0.12492473423480988,-0.3377245114933351
TOKYOTECH_s05,43,77,45.56666666666667,0.31942641735076904,-0.4680358210592058
TOKYOTECH_s05,43,78,45.6,0.3603516221046448,-0.5786116074768677
TOKYOTECH_s05,43,79,45.63333333333333,0.1588509976863861,-0.6504603292329677
TOKYOTECH_s05,43,80,45.666666666666664,-0.2640518844127655,-0.6679409494111611
TOKYOTECH_s05,43,81,45.7,-0.5282493233680725,-0.6163106803654566
TOKYOTECH_s05,43,82,45.733333333333334,-0.7613343000411987,-0.4846417865319212
TOKYOTECH_s05,43,83,45.766666666666666,-0.9077693223953247,-0.27442190975040615
TOKYOTECH_s05,43,84,45.8,-1.1035799980163574,-0.0065694993610661825
TOKYOTECH_s05,43,85,45.833333333333336,-1.1214691400527954,0.2812933314512111
TOKYOTECH_s05,43,86,45.86666666666667,-1.0830906629562378,0.5471991511712337
TOKYOTECH_s05,43,87,45.9,-1.1242562532424927,0.7581343060541603
TOKYOTECH_s05,43,88,45.93333333333333,-1.1158415079116821,0.8958368164656646
TOKYOTECH_s05,43,89,45.96666666666667,-1.1451730728149414,0.9540077077884942
TOKYOTECH_s05,43,90,46.0,-1.2182613611221313,0.9328189366298092
TOKYOTECH_s05,43,91,46.03333333333333,-0.9230049848556519,0.8372795440155186
TOKYOTECH_s05,43,92,46.06666666666667,0.5443103313446045,0.6799897835409306
TOKYOTECH_s05,43,93,46.1,1.9209330081939697,0.48278728408915367
TOKYOTECH_s05,43,94,46.13333333333333,2.1483991146087646,0.2722362297904856
TOKYOTECH_s05,43,95,46.166666666666664,1.8549147844314575,0.06979409169023738
TOKYOTECH_s05,43,96,46.2,1.5059640407562256,-0.11675271477984937
TOKYOTECH_s05,43,97,46.233333333333334,1.0961508750915527,-0.2936603198872393
TOKYOTECH_s05,43,98,46.266666666666666,0.7542969584465027,-0.47257918945659
TOKYOTECH_s05,43,99,46.3,0.481070339679718,-0.6589586455041361
TOKYOTECH_s05,43,100,46.333333333333336,0.3637620508670807,-0.8450969449663489
TOKYOTECH_s05,43,101,46.36666666666667,0.40269267559051514,-1.0111229575878538
TOKYOTECH_s05,43,102,46.4,0.5824751257896423,-1.131070559493184
TOKYOTECH_s05,43,103,46.43333333333333,0.48025113344192505,-1.178727406790978
TOKYOTECH_s05,43,104,46.46666666666667,0.19478078186511993,-1.1312528198403426
TOKYOTECH_s05,43,105,46.5,-0.03778775408864021,-0.9730943061801157
TOKYOTECH_s05,43,106,46.53333333333333,-0.4054202139377594,-0.7028977520273049
TOKYOTECH_s05,43,107,46.56666666666667,-0.6417197585105896,-0.3413937172830973
TOKYOTECH_s05,43,108,46.6,-0.8152334690093994,0.0669599984122575
TOKYOTECH_s05,43,109,46.63333333333333,-0.941962718963623,0.46447360611717337
TOKYOTECH_s05,43,110,46.666666666666664,-0.9923534393310547,0.7992411847026814
TOKYOTECH_s05,43,111,46.7,-0.9988359808921814,1.0409187916867195
TOKYOTECH_s05,43,112,46.733333333333334,-0.9826475381851196,1.1837998801142506
TOKYOTECH_s05,43,113,46.766666666666666,-0.9788898229598999,1.237420898653693
TOKYOTECH_s05,43,114,46.8,-1.040776252746582,1.2132833611980252
TOKYOTECH_s05,43,115,46.833333333333336,-1.194041132926941,1.117420216767418
TOKYOTECH_s05,43,116,46.86666666666667,-1.1166874170303345,0.9522918900329278
TOKYOTECH_s05,43,117,46.9,-0.10043112933635712,0.7239700203937164
TOKYOTECH_s05,43,118,46.93333333333333,1.6171282529830933,0.44797866880742754
TOKYOTECH_s05,43,119,46.96666666666667,2.245396375656128,0.14979860990883595
TOKYOTECH_s05,43,120,47.0,1.946497917175293,-0.13954047290561042
TOKYOTECH_s05,43,121,47.03333333333333,1.5520093441009521,-0.38969861584999155
TOKYOTECH_s05,43,122,47.06666666666667,1.1493643522262573,-0.5766261671525681
TOKYOTECH_s05,43,123,47.1,0.7454280853271484,-0.6871567697297291
TOKYOTECH_s05,43,124,47.13333333333333,0.43653878569602966,-0.7230184548000291
TOKYOTECH_s05,43,125,47.166666666666664,0.304413378238678,-0.7030287902165668
TOKYOTECH_s05,43,126,47.2,0.35428765416145325,-0.6597566461942742
TOKYOTECH_s05,43,127,47.233333333333334,0.48707202076911926,-0.6279620603170049
TOKYOTECH_s05,43,128,47.266666666666666,0.5005000233650208,-0.6282839356191497
TOKYOTECH_s05,43,129,47.3,0.3518032729625702,-0.6554710890414813
TOKYOTECH_s05,43,130,47.333333333333336,0.013101638294756413,-0.6796602319105441
TOKYOTECH_s05,43,131,47.36666666666667,-0.3513786196708679,-0.6614298081818343
TOKYOTECH_s05,43,132,47.4,-0.5781503319740295,-0.5717293510714612
TOKYOTECH_s05,43,133,47.43333333333333,-0.7625008225440979,-0.4043406744516862
TOKYOTECH_s05,43,134,47.46666666666667,-0.8827654123306274,-0.1749731039984906
TOKYOTECH_s05,43,135,47.5,-0.8916877508163452,0.08883306857681997
TOKYOTECH_s05,43,136,47.53333333333333,-0.9823715090751648,0.35789926548813344
TOKYOTECH_s05,43,137,47.56666666666667,-1.0167608261108398,0.6057372513375364
TOKYOTECH_s05,43,138,47.6,-0.9757553935050964,0.8086473391504913
TOKYOTECH_s05,43,139,47.63333333333333,-0.9985955357551575,0.9471111775396495
TOKYOTECH_s05,43,140,47.666666666666664,-1.076768398284912,1.0099540994970317
TOKYOTECH_s05,43,141,47.7,-1.241715908050537,0.9972359686761578
TOKYOTECH_s05,43,142,47.733333333333334,-1.2718043327331543,0.9182942394027592
TOKYOTECH_s05,43,143,47.766666666666666,-0.7352796792984009,0.7861256140387367
TOKYOTECH_s05,43,144,47.8,0.8342774510383606,0.6126628599040896
TOKYOTECH_s05,43,145,47.833333333333336,2.022453546524048,0.40857070041240273
TOKYOTECH_s05,43,146,47.86666666666667,2.03670072555542,0.18677835621059197
TOKYOTECH_s05,43,147,47.9,1.6548656225204468,-0.034903851753743206
TOKYOTECH_s05,43,148,47.93333333333333,1.285719394683838,-0.23638578277544753
TOKYOTECH_s05,43,149,47.96666666666667,0.9250591397285461,-0.4028792808675623
TOKYOTECH_s05,43,150,48.0,0.5134472250938416,-0.5318879104311953
TOKYOTECH_s05,43,151,48.03333333333333,0.2198648452758789,-0.6329669826949478
TOKYOTECH_s05,43,152,48.06666666666667,0.2844405174255371,-0.7188922990537204
TOKYOTECH_s05,43,153,48.1,0.6026172041893005,-0.7940227276851685
TOKYOTECH_s05,43,154,48.13333333333333,0.6432663798332214,-0.8484015842732682
TOKYOTECH_s05,43,155,48.166666666666664,0.3887837827205658,-0.8619738472559273
TOKYOTECH_s05,43,156,48.2,0.11204878240823746,-0.815076945532949
TOKYOTECH_s05,43,157,48.233333333333334,-0.1289968639612198,-0.6969679336842676
TOKYOTECH_s05,43,158,48.266666666666666,-0.48162519931793213,-0.5081761813562399
TOKYOTECH_s05,43,159,48.3,-0.6640879511833191,-0.2592845712404783
TOKYOTECH_s05,43,160,48.333333333333336,-0.7326973676681519,0.02939435499221879
TOKYOTECH_s05,43,161,48.36666666666667,-0.8081810474395752,0.3267754650683252
TOKYOTECH_s05,43,162,48.4,-0.8605396747589111,0.593259923687134
TOKYOTECH_s05,43,163,48.43333333333333,-0.8747602105140686,0.7904854450901773
TOKYOTECH_s05,43,164,48.46666666666667,-0.8177534341812134,0.8950650183362859
TOKYOTECH_s05,43,165,48.5,-0.8757931590080261,0.9065651717202342
TOKYOTECH_s05,43,166,48.53333333333333,-0.9648562669754028,0.8432193256902253
TOKYOTECH_s05,43,167,48.56666666666667,-1.0764567852020264,0.7283260371939757
TOKYOTECH_s05,43,168,48.6,-0.6403128504753113,0.5774125779171775
TOKYOTECH_s05,43,169,48.63333333333333,0.6747528314590454,0.3954521726028675
TOKYOTECH_s05,43,170,48.666666666666664,1.719076156616211,0.18503679429128259
TOKYOTECH_s05,43,171,48.7,1.745184302330017,-0.042604014823628356
TOKYOTECH_s05,43,172,48.733333333333334,1.3088889122009277,-0.26400820114682366
TOKYOTECH_s05,43,173,48.766666666666666,0.7523112893104553,-0.45124010599385517
TOKYOTECH_s05,43,174,48.8,0.18770167231559753,-0.584810655950759
TOKYOTECH_s05,43,175,48.833333333333336,-0.24615377187728882,-0.6608325373264051
TOKYOTECH_s05,43,176,48.86666666666667,-0.39249974489212036,-0.6871264914657524
TOKYOTECH_s05,43,177,48.9,-0.05277407914400101,-0.6728134403455573
TOKYOTECH_s05,43,178,48.93333333333333,0.28785985708236694,-0.6206377973165473
TOKYOTECH_s05,43,179,48.96666666666667,0.28245478868484497,-0.5277858840524311
TOKYOTECH_s05,43,180,49.0,0.16323202848434448,-0.3927733564404518
TOKYOTECH_s05,43,181,49.03333333333333,-0.178434818983078,-0.2209001542957545
TOKYOTECH_s05,43,182,49.06666666666667,-0.5146075487136841,-0.0236840418557911
TOKYOTECH_s05,43,183,49.1,-0.7480754852294922,0.18554975845111804
TOKYOTECH_s05,43,184,49.13333333333333,-1.0097707509994507,0.39423956568741925
TOKYOTECH_s05,43,185,49.166666666666664,-1.0675077438354492,0.5882965808595394
TOKYOTECH_s05,43,186,49.2,-1.109430193901062,0.7482381119521492
TOKYOTECH_s05,43,187,49.233333333333334,-1.1061177253723145,0.8500370389843668
TOKYOTECH_s05,43,188,49.266666666666666,-1.1072040796279907,0.8726382224576791
TOKYOTECH_s05,43,189,49.3,-1.1394562721252441,0.8074007416213517
TOKYOTECH_s05,43,190,49.333333333333336,-1.1574435234069824,0.6626870770383798
TOKYOTECH_s05,43,191,49.36666666666667,-1.1566241979599,0.4605936538947535
TOKYOTECH_s05,43,192,49.4,-0.3559199273586273,0.2288342151882085
TOKYOTECH_s05,43,193,49.43333333333333,1.3180783987045288,-0.0062460889596587165
TOKYOTECH_s05,43,194,49.46666666666667,2.1241610050201416,-0.22226034037936093
TOKYOTECH_s05,43,195,49.5,1.9838969707489014,-0.40075255749173
TOKYOTECH_s05,43,196,49.53333333333333,1.5921154022216797,-0.5286146440946585
TOKYOTECH_s05,43,197,49.56666666666667,1.18888258934021,-0.6025784514675397
TOKYOTECH_s05,43,198,49.6,0.7197296023368835,-0.6333610286269626
TOKYOTECH_s05,43,199,49.63333333333333,0.2845562696456909,-0.6437482442171725
TOKYOTECH_s05,43,200,49.666666666666664,0.07770401239395142,-0.6587112946933376
TOKYOTECH_s05,43,201,49.7,0.19814670085906982,-0.6923131224891598
TOKYOTECH_s05,43,202,49.733333333333334,0.4373758137226105,-0.7397603115899484
TOKYOTECH_s05,43,203,49.766666666666666,0.4271267056465149,-0.7799416781928826
TOKYOTECH_s05,43,204,49.8,0.24305224418640137,-0.7858056815911982
TOKYOTECH_s05,43,205,49.833333333333336,0.0035292678512632847,-0.7345795458385782
TOKYOTECH_s05,43,206,49.86666666666667,-0.37894704937934875,-0.6125075039020929
TOKYOTECH_s05,43,207,49.9,-0.6390305757522583,-0.4153284250916588
TOKYOTECH_s05,43,208,49.93333333333333,-0.8143162727355957,-0.14893909979529643
TOKYOTECH_s05,43,209,49.96666666666667,-0.974108099937439,0.16792438311848207
TOKYOTECH_s05,43,210,50.0,-1.0328691005706787,0.5026444564012015
TOKYOTECH_s05,43,211,50.03333333333333,-1.1178984642028809,0.814354719123971
TOKYOTECH_s05,43,212,50.06666666666667,-1.055112600326538,1.0654082215282517
TOKYOTECH_s05,43,213,50.1,-1.0275797843933105,1.2316881238238389
TOKYOTECH_s05,43,214,50.13333333333333,-1.1053074598312378,1.3057174937569955
TOKYOTECH_s05,43,215,50.166666666666664,-1.1606045961380005,1.2924725746943213
TOKYOTECH_s05,43,216,50.2,-1.1193143129348755,1.2026031594448843
TOKYOTECH_s05,43,217,50.233333333333334,0.0008668131777085364,1.0482781003709705
TOKYOTECH_s05,43,218,50.266666666666666,1.695176362991333,0.8434853776764417
TOKYOTECH_s05,43,219,50.3,2.244194269180298,0.6063312984568506
TOKYOTECH_s05,43,220,50.333333333333336,2.0110557079315186,0.3590808221791929
TOKYOTECH_s05,43,221,50.36666666666667,1.6040385961532593,0.12376210459657974
TOKYOTECH_s05,43,222,50.4,1.1907703876495361,-0.0843802831738169
TOKYOTECH_s05,43,223,50.43333333333333,0.7545552253723145,-0.26067192032411984
TOKYOTECH_s05,43,224,50.46666666666667,0.3636285066604614,-0.4091330996392996
TOKYOTECH_s05,43,225,50.5,0.18286651372909546,-0.5365019728537846
TOKYOTECH_s05,43,226,50.53333333333333,0.3145289123058319,-0.646514366434088
TOKYOTECH_s05,43,227,50.56666666666667,0.5653517246246338,-0.7376927916745715
TOKYOTECH_s05,43,228,50.6,0.5429657697677612,-0.8039652019155085
TOKYOTECH_s05,43,229,50.63333333333333,0.26560741662979126,-0.835167913975601
TOKYOTECH_s05,43,230,50.666666666666664,-0.08507081121206284,-0.8167988265694869
TOKYOTECH_s05,43,231,50.7,-0.35762959718704224,-0.7322759590877277
TOKYOTECH_s05,43,232,50.733333333333334,-0.6038487553596497,-0.5714049179951343
TOKYOTECH_s05,43,233,50.766666666666666,-0.8605129718780518,-0.3435322432862665
TOKYOTECH_s05,43,234,50.8,-1.020500659942627,-0.08619035775475908
TOKYOTECH_s05,43,235,50.833333333333336,-1.056555151939392,0.1409940298893178
TOKYOTECH_s05,43,236,50.86666666666667,-1.131691575050354,0.27749195451999065
TOKYOTECH_s05,43,237,50.9,-1.0800987482070923,0.2871685259861472
TOKYOTECH_s05,43,238,50.93333333333333,-1.07845139503479,0.1745084448292608
TOKYOTECH_s05,43,239,50.96666666666667,-1.1253693103790283,-0.015361698906692926
TOKYOTECH_s05,44,0,44.0,0.1473374366760254,-0.017028622427230366
TOKYOTECH_s05,44,1,44.03333333333333,-0.22339379787445068,-1.547095720419241
TOKYOTECH_s05,44,2,44.06666666666667,-0.46857115626335144,-2.8078721767341674
TOKYOTECH_s05,44,3,44.1,-0.6573026776313782,-3.600482665968321
TOKYOTECH_s05,44,4,44.13333333333333,-0.8364618420600891,-3.843657466524695
TOKYOTECH_s05,44,5,44.166666666666664,-0.8234790563583374,-3.5870042707434773
TOKYOTECH_s05,44,6,44.2,-0.8990339636802673,-2.9818118013654993
TOKYOTECH_s05,44,7,44.233333333333334,-0.9990407824516296,-2.2222785840142034
TOKYOTECH_s05,44,8,44.266666666666666,-0.9352042078971863,-1.482725354707478
TOKYOTECH_s05,44,9,44.3,-0.9547852277755737,-0.8754652695635592
TOKYOTECH_s05,44,10,44.333333333333336,-1.0101624727249146,-0.44117655673826905
TOKYOTECH_s05,44,11,44.36666666666667,-1.0527974367141724,-0.16660572252295403
TOKYOTECH_s05,44,12,44.4,-1.1653685569763184,-0.012715173251035744
TOKYOTECH_s05,44,13,44.43333333333333,-0.6842744946479797,0.06364868312641966
TOKYOTECH_s05,44,14,44.46666666666667,0.8617390394210815,0.10080791789622603
TOKYOTECH_s05,44,15,44.5,1.9044239521026611,0.13075523422448143
TOKYOTECH_s05,44,16,44.53333333333333,1.8400887250900269,0.17688294440523325
TOKYOTECH_s05,44,17,44.56666666666667,1.3737317323684692,0.24815546213632855
TOKYOTECH_s05,44,18,44.6,0.9163683652877808,0.334309645383192
TOKYOTECH_s05,44,19,44.63333333333333,0.4373936355113983,0.40890716981008945
TOKYOTECH_s05,44,20,44.666666666666664,0.024633005261421204,0.4416780782414683
TOKYOTECH_s05,44,21,44.7,-0.06490205228328705,0.4139319155854512
TOKYOTECH_s05,44,22,44.733333333333334,0.12271641194820404,0.3280334303224208
TOKYOTECH_s05,44,23,44.766666666666666,0.30599838495254517,0.20626654079419998
TOKYOTECH_s05,44,24,44.8,0.3652135133743286,0.08235085335816295
TOKYOTECH_s05,44,25,44.833333333333336,0.2438180297613144,-0.007299971757781421
TOKYOTECH_s05,44,26,44.86666666666667,-0.03516091778874397,-0.0296581536987107
TOKYOTECH_s05,44,27,44.9,-0.40627506375312805,0.0387124201091479
TOKYOTECH_s05,44,28,44.93333333333333,-0.6217290759086609,0.20290699323883332
TOKYOTECH_s05,44,29,44.96666666666667,-0.8270230293273926,0.44157381352537434
TOKYOTECH_s05,44,30,45.0,-0.9401729106903076,0.7072261563297303
TOKYOTECH_s05,44,31,45.03333333333333,-0.9530755877494812,0.9400355753124643
TOKYOTECH_s05,44,32,45.06666666666667,-0.9844373464584351,1.0899842217065978
TOKYOTECH_s05,44,33,45.1,-0.947625994682312,1.1342305013671787
TOKYOTECH_s05,44,34,45.13333333333333,-0.9953809976577759,1.0793662102810229
TOKYOTECH_s05,44,35,45.166666666666664,-1.0198239088058472,0.9491498415781155
TOKYOTECH_s05,44,36,45.2,-1.027927041053772,0.768236108324041
TOKYOTECH_s05,44,37,45.233333333333334,-0.23158596456050873,0.5536568932832563
TOKYOTECH_s05,44,38,45.266666666666666,1.31654691696167,0.3173079105610067
TOKYOTECH_s05,44,39,45.3,1.9647966623306274,0.07287924693035998
TOKYOTECH_s05,44,40,45.333333333333336,1.714980125427246,-0.16157033748793376
TOKYOTECH_s05,44,41,45.36666666666667,1.284677505493164,-0.36857423893285607
TOKYOTECH_s05,44,42,45.4,0.858025848865509,-0.5391842579308095
TOKYOTECH_s05,44,43,45.43333333333333,0.3498798906803131,-0.6762254794044767
TOKYOTECH_s05,44,44,45.46666666666667,-0.062239598482847214,-0.7896208533756337
TOKYOTECH_s05,44,45,45.5,-0.09228348731994629,-0.8875860978452533
TOKYOTECH_s05,44,46,45.53333333333333,0.12492473423480988,-0.9705538627713625
TOKYOTECH_s05,44,47,45.56666666666667,0.31942641735076904,-1.0314744432123994
TOKYOTECH_s05,44,48,45.6,0.3603516221046448,-1.0596726384760586
TOKYOTECH_s05,44,49,45.63333333333333,0.1588509976863861,-1.0427589821573164
TOKYOTECH_s05,44,50,45.666666666666664,-0.2640518844127655,-0.9657060205827438
TOKYOTECH_s05,44,51,45.7,-0.5282493233680725,-0.8119873782304748
TOKYOTECH_s05,44,52,45.733333333333334,-0.7613343000411987,-0.5711908746703738
TOKYOTECH_s05,44,53,45.766666666666666,-0.9077693223953247,-0.2508565926094938
TOKYOTECH_s05,44,54,45.8,-1.1035799980163574,0.11653221813568762
TOKYOTECH_s05,44,55,45.833333333333336,-1.1214691400527954,0.47965587779532776
TOKYOTECH_s05,44,56,45.86666666666667,-1.0830906629562378,0.7857022167588174
TOKYOTECH_s05,44,57,45.9,-1.1242562532424927,0.9977259205594303
TOKYOTECH_s05,44,58,45.93333333333333,-1.1158415079116821,1.1018612675382704
TOKYOTECH_s05,44,59,45.96666666666667,-1.1451730728149414,1.103068746106651
TOKYOTECH_s05,44,60,46.0,-1.2182613611221313,1.016110698702943
TOKYOTECH_s05,44,61,46.03333333333333,-0.9230049848556519,0.859709463633474
TOKYOTECH_s05,44,62,46.06666666666667,0.5443103313446045,0.656123048046784
TOKYOTECH_s05,44,63,46.1,1.9209330081939697,0.4318912665924093
TOKYOTECH_s05,44,64,46.13333333333333,2.1483991146087646,0.21454983246033252
TOKYOTECH_s05,44,65,46.166666666666664,1.8549147844314575,0.02474107144351176
TOKYOTECH_s05,44,66,46.2,1.5059640407562256,-0.1311454280960361
TOKYOTECH_s05,44,67,46.233333333333334,1.0961508750915527,-0.2614932963911426
TOKYOTECH_s05,44,68,46.266666666666666,0.7542969584465027,-0.3820176131485461
TOKYOTECH_s05,44,69,46.3,0.481070339679718,-0.5054943290449952
TOKYOTECH_s05,44,70,46.333333333333336,0.3637620508670807,-0.6350296346036174
TOKYOTECH_s05,44,71,46.36666666666667,0.40269267559051514,-0.7631859292446609
TOKYOTECH_s05,44,72,46.4,0.5824751257896423,-0.8740912330565784
TOKYOTECH_s05,44,73,46.43333333333333,0.48025113344192505,-0.9447193614834271
TOKYOTECH_s05,44,74,46.46666666666667,0.19478078186511993,-0.9461746834562204
TOKYOTECH_s05,44,75,46.5,-0.03778775408864021,-0.8497387283934167
TOKYOTECH_s05,44,76,46.53333333333333,-0.4054202139377594,-0.6396208894319146
TOKYOTECH_s05,44,77,46.56666666666667,-0.6417197585105896,-0.326940519045033
TOKYOTECH_s05,44,78,46.6,-0.8152334690093994,0.04560914073110617
TOKYOTECH_s05,44,79,46.63333333333333,-0.941962718963623,0.41538397428784973
TOKYOTECH_s05,44,80,46.666666666666664,-0.9923534393310547,0.7228832975781379
TOKYOTECH_s05,44,81,46.7,-0.9988359808921814,0.9322435854412852
TOKYOTECH_s05,44,82,46.733333333333334,-0.9826475381851196,1.0375653011266823
TOKYOTECH_s05,44,83,46.766666666666666,-0.9788898229598999,1.0542432485589894
TOKYOTECH_s05,44,84,46.8,-1.040776252746582,1.003962045322283
TOKYOTECH_s05,44,85,46.833333333333336,-1.194041132926941,0.903908632011758
TOKYOTECH_s05,44,86,46.86666666666667,-1.1166874170303345,0.764738684428368
TOKYOTECH_s05,44,87,46.9,-0.10043112933635712,0.5942030301407089
TOKYOTECH_s05,44,88,46.93333333333333,1.6171282529830933,0.4006337884161365
TOKYOTECH_s05,44,89,46.96666666666667,2.245396375656128,0.19321018706808393
TOKYOTECH_s05,44,90,47.0,1.946497917175293,-0.019595163364897993
TOKYOTECH_s05,44,91,47.03333333333333,1.5520093441009521,-0.2300868435671692
TOKYOTECH_s05,44,92,47.06666666666667,1.1493643522262573,-0.42904641821753736
TOKYOTECH_s05,44,93,47.1,0.7454280853271484,-0.6038742930621459
TOKYOTECH_s05,44,94,47.13333333333333,0.43653878569602966,-0.7407586600672791
TOKYOTECH_s05,44,95,47.166666666666664,0.304413378238678,-0.8309823842509415
TOKYOTECH_s05,44,96,47.2,0.35428765416145325,-0.8762877038807072
TOKYOTECH_s05,44,97,47.233333333333334,0.48707202076911926,-0.8870539270311217
TOKYOTECH_s05,44,98,47.266666666666666,0.5005000233650208,-0.8727604360587161
TOKYOTECH_s05,44,99,47.3,0.3518032729625702,-0.8317659284008739
TOKYOTECH_s05,44,100,47.333333333333336,0.013101638294756413,-0.7496030399975704
TOKYOTECH_s05,44,101,47.36666666666667,-0.3513786196708679,-0.6090162445449815
TOKYOTECH_s05,44,102,47.4,-0.5781503319740295,-0.4046839741290834
TOKYOTECH_s05,44,103,47.43333333333333,-0.7625008225440979,-0.15084554680695247
TOKYOTECH_s05,44,104,47.46666666666667,-0.8827654123306274,0.12347282174639576
TOKYOTECH_s05,44,105,47.5,-0.8916877508163452,0.38656195608245697
TOKYOTECH_s05,44,106,47.53333333333333,-0.9823715090751648,0.6142193165595211
TOKYOTECH_s05,44,107,47.56666666666667,-1.0167608261108398,0.7925623804182532
TOKYOTECH_s05,44,108,47.6,-0.9757553935050964,0.9150829197062201
TOKYOTECH_s05,44,109,47.63333333333333,-0.9985955357551575,0.9793434833406444
TOKYOTECH_s05,44,110,47.666666666666664,-1.076768398284912,0.9861769202408688
TOKYOTECH_s05,44,111,47.7,-1.241715908050537,0.9398675411125185
TOKYOTECH_s05,44,112,47.733333333333334,-1.2718043327331543,0.8470192123568631
TOKYOTECH_s05,44,113,47.766666666666666,-0.7352796792984009,0.7142143803954598
TOKYOTECH_s05,44,114,47.8,0.8342774510383606,0.546715716511651
TOKYOTECH_s05,44,115,47.833333333333336,2.022453546524048,0.35009718072125856
TOKYOTECH_s05,44,116,47.86666666666667,2.03670072555542,0.13388737427443886
TOKYOTECH_s05,44,117,47.9,1.6548656225204468,-0.0863211892112019
TOKYOTECH_s05,44,118,47.93333333333333,1.285719394683838,-0.29154572023363745
TOKYOTECH_s05,44,119,47.96666666666667,0.9250591397285461,-0.46650079250060794
TOKYOTECH_s05,44,120,48.0,0.5134472250938416,-0.6061863568905271
TOKYOTECH_s05,44,121,48.03333333333333,0.2198648452758789,-0.716077815420884
TOKYOTECH_s05,44,122,48.06666666666667,0.2844405174255371,-0.80466519238545
TOKYOTECH_s05,44,123,48.1,0.6026172041893005,-0.8733980246306795
TOKYOTECH_s05,44,124,48.13333333333333,0.6432663798332214,-0.9115296063534136
TOKYOTECH_s05,44,125,48.166666666666664,0.3887837827205658,-0.8999316810816657
TOKYOTECH_s05,44,126,48.2,0.11204878240823746,-0.8210817077569887
TOKYOTECH_s05,44,127,48.233333333333334,-0.1289968639612198,-0.6680782302848104
TOKYOTECH_s05,44,128,48.266666666666666,-0.48162519931793213,-0.4476401356656249
TOKYOTECH_s05,44,129,48.3,-0.6640879511833191,-0.17768361053137893
TOKYOTECH_s05,44,130,48.333333333333336,-0.7326973676681519,0.11632897761054506
TOKYOTECH_s05,44,131,48.36666666666667,-0.8081810474395752,0.4035601801848068
TOKYOTECH_s05,44,132,48.4,-0.8605396747589111,0.6506112713566307
TOKYOTECH_s05,44,133,48.43333333333333,-0.8747602105140686,0.828476990068909
TOKYOTECH_s05,44,134,48.46666666666667,-0.8177534341812134,0.9216984891800144
TOKYOTECH_s05,44,135,48.5,-0.8757931590080261,0.9326304827795762
TOKYOTECH_s05,44,136,48.53333333333333,-0.9648562669754028,0.8763072025570886
TOKYOTECH_s05,44,137,48.56666666666667,-1.0764567852020264,0.7689945046071253
TOKYOTECH_s05,44,138,48.6,-0.6403128504753113,0.6189020200640326
TOKYOTECH_s05,44,139,48.63333333333333,0.6747528314590454,0.4262719400360221
TOKYOTECH_s05,44,140,48.666666666666664,1.719076156616211,0.19271625982960744
TOKYOTECH_s05,44,141,48.7,1.745184302330017,-0.06797504185417702
TOKYOTECH_s05,44,142,48.733333333333334,1.3088889122009277,-0.3270494708107782
TOKYOTECH_s05,44,143,48.766666666666666,0.7523112893104553,-0.5496015858368514
TOKYOTECH_s05,44,144,48.8,0.18770167231559753,-0.7089216278694739
TOKYOTECH_s05,44,145,48.833333333333336,-0.24615377187728882,-0.7955460505807671
TOKYOTECH_s05,44,146,48.86666666666667,-0.39249974489212036,-0.8151993465109183
TOKYOTECH_s05,44,147,48.9,-0.05277407914400101,-0.7792236582002773
TOKYOTECH_s05,44,148,48.93333333333333,0.28785985708236694,-0.6962128999648002
TOKYOTECH_s05,44,149,48.96666666666667,0.28245478868484497,-0.5708880646913163
TOKYOTECH_s05,44,150,49.0,0.16323202848434448,-0.40855592819206316
TOKYOTECH_s05,44,151,49.03333333333333,-0.178434818983078,-0.21851873038674088
TOKYOTECH_s05,44,152,49.06666666666667,-0.5146075487136841,-0.012575644147518815
TOKYOTECH_s05,44,153,49.1,-0.7480754852294922,0.19890738317218193
TOKYOTECH_s05,44,154,49.13333333333333,-1.0097707509994507,0.4080381673193502
TOKYOTECH_s05,44,155,49.166666666666664,-1.0675077438354492,0.6053150808573621
TOKYOTECH_s05,44,156,49.2,-1.109430193901062,0.7743453436314809
TOKYOTECH_s05,44,157,49.233333333333334,-1.1061177253723145,0.8918493508419187
TOKYOTECH_s05,44,158,49.266666666666666,-1.1072040796279907,0.9348274312197984
TOKYOTECH_s05,44,159,49.3,-1.1394562721252441,0.8901874474545587
TOKYOTECH_s05,44,160,49.333333333333336,-1.1574435234069824,0.7603635350952929
TOKYOTECH_s05,44,161,49.36666666666667,-1.1566241979599,0.5620490115477813
TOKYOTECH_s05,44,162,49.4,-0.3559199273586273,0.3203788153465556
TOKYOTECH_s05,44,163,49.43333333333333,1.3180783987045288,0.06332474686000165
TOKYOTECH_s05,44,164,49.46666666666667,2.1241610050201416,-0.18116725036365938
TOKYOTECH_s05,44,165,49.5,1.9838969707489014,-0.3868683023343655
TOKYOTECH_s05,44,166,49.53333333333333,1.5921154022216797,-0.533089450752054
TOKYOTECH_s05,44,167,49.56666666666667,1.18888258934021,-0.611428953668107
TOKYOTECH_s05,44,168,49.6,0.7197296023368835,-0.6313122890492837
TOKYOTECH_s05,44,169,49.63333333333333,0.2845562696456909,-0.6182215745155308
TOKYOTECH_s05,44,170,49.666666666666664,0.07770401239395142,-0.6028095967897559
TOKYOTECH_s05,44,171,49.7,0.19814670085906982,-0.6061033071314912
TOKYOTECH_s05,44,172,49.733333333333334,0.4373758137226105,-0.6296077054482271
TOKYOTECH_s05,44,173,49.766666666666666,0.4271267056465149,-0.6560412777779966
TOKYOTECH_s05,44,174,49.8,0.24305224418640137,-0.6585597441312662
TOKYOTECH_s05,44,175,49.833333333333336,0.0035292678512632847,-0.611048832289576
TOKYOTECH_s05,44,176,49.86666666666667,-0.37894704937934875,-0.49443817204515617
TOKYOTECH_s05,44,177,49.9,-0.6390305757522583,-0.29983191075352594
TOKYOTECH_s05,44,178,49.93333333333333,-0.8143162727355957,-0.03173626763666044
TOKYOTECH_s05,44,179,49.96666666666667,-0.974108099937439,0.28810214989087707
TOKYOTECH_s05,44,180,50.0,-1.0328691005706787,0.6205049443795605
TOKYOTECH_s05,44,181,50.03333333333333,-1.1178984642028809,0.9169383840328694
TOKYOTECH_s05,44,182,50.06666666666667,-1.055112600326538,1.1339811417851957
TOKYOTECH_s05,44,183,50.1,-1.0275797843933105,1.245958529439137
TOKYOTECH_s05,44,184,50.13333333333333,-1.1053074598312378,1.2486123548291241
TOKYOTECH_s05,44,185,50.166666666666664,-1.1606045961380005,1.1534319708478482
TOKYOTECH_s05,44,186,50.2,-1.1193143129348755,0.9784142211068344
TOKYOTECH_s05,44,187,50.233333333333334,0.0008668131777085364,0.742115702826845
TOKYOTECH_s05,44,188,50.266666666666666,1.695176362991333,0.4635089228170779
TOKYOTECH_s05,44,189,50.3,2.244194269180298,0.16457916872042946
TOKYOTECH_s05,44,190,50.333333333333336,2.0110557079315186,-0.12940735446682433
TOKYOTECH_s05,44,191,50.36666666666667,1.6040385961532593,-0.3943344501899026
TOKYOTECH_s05,44,192,50.4,1.1907703876495361,-0.613789104212114
TOKYOTECH_s05,44,193,50.43333333333333,0.7545552253723145,-0.7825576530604963
TOKYOTECH_s05,44,194,50.46666666666667,0.3636285066604614,-0.9042791264861326
TOKYOTECH_s05,44,195,50.5,0.18286651372909546,-0.9852671293213662
TOKYOTECH_s05,44,196,50.53333333333333,0.3145289123058319,-1.0292552497231724
TOKYOTECH_s05,44,197,50.56666666666667,0.5653517246246338,-1.0362950834116462
TOKYOTECH_s05,44,198,50.6,0.5429657697677612,-1.0045881141751005
TOKYOTECH_s05,44,199,50.63333333333333,0.26560741662979126,-0.931468985749462
TOKYOTECH_s05,44,200,50.666666666666664,-0.08507081121206284,-0.812192806946885
TOKYOTECH_s05,44,201,50.7,-0.35762959718704224,-0.6395837547552632
TOKYOTECH_s05,44,202,50.733333333333334,-0.6038487553596497,-0.40878389032008433
TOKYOTECH_s05,44,203,50.766666666666666,-0.8605129718780518,-0.126862642837343
TOKYOTECH_s05,44,204,50.8,-1.020500659942627,0.18016098470912612
TOKYOTECH_s05,44,205,50.833333333333336,-1.056555151939392,0.47160421780615586
TOKYOTECH_s05,44,206,50.86666666666667,-1.131691575050354,0.7076006829389724
TOKYOTECH_s05,44,207,50.9,-1.0800987482070923,0.8655347340117981
TOKYOTECH_s05,44,208,50.93333333333333,-1.07845139503479,0.9461807354260063
TOKYOTECH_s05,44,209,50.96666666666667,-1.1253693103790283,0.9663059996321536
TOKYOTECH_s05,44,210,51.0,-1.1263666152954102,0.9444301161998272
TOKYOTECH_s05,44,211,51.03333333333333,-1.2919641733169556,0.8904580877499384
TOKYOTECH_s05,44,212,51.06666666666667,-1.1586633920669556,0.805044653953447
TOKYOTECH_s05,44,213,51.1,0.12869136035442352,0.6863544744181513
TOKYOTECH_s05,44,214,51.13333333333333,1.736128330230713,0.5375851902722883
TOKYOTECH_s05,44,215,51.166666666666664,2.2004995346069336,0.3697520044080071
TOKYOTECH_s05,44,216,51.2,1.8648344278335571,0.19840217333603852
TOKYOTECH_s05,44,217,51.233333333333334,1.4211305379867554,0.03707927395074165
TOKYOTECH_s05,44,218,51.266666666666666,0.9618971943855286,-0.10791699409109892
TOKYOTECH_s05,44,219,51.3,0.5498578548431396,-0.23842122753532244
TOKYOTECH_s05,44,220,51.333333333333336,0.22253620624542236,-0.3612665455266108
TOKYOTECH_s05,44,221,51.36666666666667,0.1620299220085144,-0.4835219794642531
TOKYOTECH_s05,44,222,51.4,0.39035099744796753,-0.6076371555416309
TOKYOTECH_s05,44,223,51.43333333333333,0.5359578728675842,-0.7268538962172653
TOKYOTECH_s05,44,224,51.46666666666667,0.3968958258628845,-0.82234005113545
TOKYOTECH_s05,44,225,51.5,0.16950972378253937,-0.8651381033063393
TOKYOTECH_s05,44,226,51.53333333333333,-0.05294326692819595,-0.825127048290251
TOKYOTECH_s05,44,227,51.56666666666667,-0.39495739340782166,-0.6849812028252067
TOKYOTECH_s05,44,228,51.6,-0.7451903820037842,-0.45198495904834596
TOKYOTECH_s05,44,229,51.63333333333333,-0.8677523732185364,-0.1597109261996616
TOKYOTECH_s05,44,230,51.666666666666664,-1.0298415422439575,0.14253120218255427
TOKYOTECH_s05,44,231,51.7,-1.0881662368774414,0.40665891145738003
TOKYOTECH_s05,44,232,51.733333333333334,-1.0763587951660156,0.5999057837165929
TOKYOTECH_s05,44,233,51.766666666666666,-1.0496718883514404,0.7096543414100938
TOKYOTECH_s05,44,234,51.8,-1.0207144021987915,0.7393301885039785
TOKYOTECH_s05,44,235,51.833333333333336,-1.065058946609497,0.7007109214128703
TOKYOTECH_s05,44,236,51.86666666666667,-1.1474615335464478,0.6077664461406166
TOKYOTECH_s05,44,237,51.9,-1.2623388767242432,0.47376703569925555
TOKYOTECH_s05,44,238,51.93333333333333,-0.9505645036697388,0.31080593395213857
TOKYOTECH_s05,44,239,51.96666666666667,0.4149453043937683,0.1302783007343786
TOKYOTECH_s05,45,0,45.0,-0.9401729106903076,0.03994417632491758
TOKYOTECH_s05,45,1,45.03333333333333,-0.9530755877494812,-1.101684733648982
TOKYOTECH_s05,45,2,45.06666666666667,-0.9844373464584351,-2.0729870159997636
TOKYOTECH_s05,45,3,45.1,-0.947625994682312,-2.7414694729273528
TOKYOTECH_s05,45,4,45.13333333333333,-0.9953809976577759,-3.0426718706086593
TOKYOTECH_s05,45,5,45.166666666666664,-1.0198239088058472,-2.993481219307871
TOKYOTECH_s05,45,6,45.2,-1.027927041053772,-2.6809420098837164
TOKYOTECH_s05,45,7,45.233333333333334,-0.23158596456050873,-2.229239382269279
TOKYOTECH_s05,45,8,45.266666666666666,1.31654691696167,-1.758382571301848
TOKYOTECH_s05,45,9,45.3,1.9647966623306274,-1.3520100724527182
TOKYOTECH_s05,45,10,45.333333333333336,1.714980125427246,-1.0457666248045583
TOKYOTECH_s05,45,11,45.36666666666667,1.284677505493164,-0.8360519109700166
TOKYOTECH_s05,45,12,45.4,0.858025848865509,-0.6990496442334975
TOKYOTECH_s05,45,13,45.43333333333333,0.3498798906803131,-0.6075776423716633
TOKYOTECH_s05,45,14,45.46666666666667,-0.062239598482847214,-0.5391378063529694
TOKYOTECH_s05,45,15,45.5,-0.09228348731994629,-0.4766595463110616
TOKYOTECH_s05,45,16,45.53333333333333,0.12492473423480988,-0.4071808270716762
TOKYOTECH_s05,45,17,45.56666666666667,0.31942641735076904,-0.32176073734845545
TOKYOTECH_s05,45,18,45.6,0.3603516221046448,-0.21551408160947372
TOKYOTECH_s05,45,19,45.63333333333333,0.1588509976863861,-0.08509395844754306
TOKYOTECH_s05,45,20,45.666666666666664,-0.2640518844127655,0.07553287826676092
TOKYOTECH_s05,45,21,45.7,-0.5282493233680725,0.276148874868491
TOKYOTECH_s05,45,22,45.733333333333334,-0.7613343000411987,0.5242985399089688
TOKYOTECH_s05,45,23,45.766666666666666,-0.9077693223953247,0.8144557228495426
TOKYOTECH_s05,45,24,45.8,-1.1035799980163574,1.1209189161843875
TOKYOTECH_s05,45,25,45.833333333333336,-1.1214691400527954,1.4024141930432554
TOKYOTECH_s05,45,26,45.86666666666667,-1.0830906629562378,1.6170021527798175
TOKYOTECH_s05,45,27,45.9,-1.1242562532424927,1.7370048116385282
TOKYOTECH_s05,45,28,45.93333333333333,-1.1158415079116821,1.7544724749995129
TOKYOTECH_s05,45,29,45.96666666666667,-1.1451730728149414,1.6760415894702776
TOKYOTECH_s05,45,30,46.0,-1.2182613611221313,1.5138818503909064
TOKYOTECH_s05,45,31,46.03333333333333,-0.9230049848556519,1.2807006036737207
TOKYOTECH_s05,45,32,46.06666666666667,0.5443103313446045,0.9909287343984023
TOKYOTECH_s05,45,33,46.1,1.9209330081939697,0.6636783569896615
TOKYOTECH_s05,45,34,46.13333333333333,2.1483991146087646,0.32222057462822756
TOKYOTECH_s05,45,35,46.166666666666664,1.8549147844314575,-0.010976473534269216
TOKYOTECH_s05,45,36,46.2,1.5059640407562256,-0.3198595074320874
TOKYOTECH_s05,45,37,46.233333333333334,1.0961508750915527,-0.596397383123234
TOKYOTECH_s05,45,38,46.266666666666666,0.7542969584465027,-0.8374178519036923
TOKYOTECH_s05,45,39,46.3,0.481070339679718,-1.0402288260884782
TOKYOTECH_s05,45,40,46.333333333333336,0.3637620508670807,-1.200815961582837
TOKYOTECH_s05,45,41,46.36666666666667,0.40269267559051514,-1.3148994227131372
TOKYOTECH_s05,45,42,46.4,0.5824751257896423,-1.3785425128739335
TOKYOTECH_s05,45,43,46.43333333333333,0.48025113344192505,-1.3854355234754032
TOKYOTECH_s05,45,44,46.46666666666667,0.19478078186511993,-1.3229604455747903
TOKYOTECH_s05,45,45,46.5,-0.03778775408864021,-1.1730910166262256
TOKYOTECH_s05,45,46,46.53333333333333,-0.4054202139377594,-0.9217861853196614
TOKYOTECH_s05,45,47,46.56666666666667,-0.6417197585105896,-0.5731151368021741
TOKYOTECH_s05,45,48,46.6,-0.8152334690093994,-0.1579753980075116
TOKYOTECH_s05,45,49,46.63333333333333,-0.941962718963623,0.27112658482548535
TOKYOTECH_s05,45,50,46.666666666666664,-0.9923534393310547,0.6573342583825861
TOKYOTECH_s05,45,51,46.7,-0.9988359808921814,0.9574717213732219
TOKYOTECH_s05,45,52,46.733333333333334,-0.9826475381851196,1.1504458380811182
TOKYOTECH_s05,45,53,46.766666666666666,-0.9788898229598999,1.2340293644969156
TOKYOTECH_s05,45,54,46.8,-1.040776252746582,1.2158280352565567
TOKYOTECH_s05,45,55,46.833333333333336,-1.194041132926941,1.1062572423020105
TOKYOTECH_s05,45,56,46.86666666666667,-1.1166874170303345,0.9173161928552003
TOKYOTECH_s05,45,57,46.9,-0.10043112933635712,0.6653215212813516
TOKYOTECH_s05,45,58,46.93333333333333,1.6171282529830933,0.3733272207152084
TOKYOTECH_s05,45,59,46.96666666666667,2.245396375656128,0.07036232235351025
TOKYOTECH_s05,45,60,47.0,1.946497917175293,-0.21236529746874597
TOKYOTECH_s05,45,61,47.03333333333333,1.5520093441009521,-0.4462602722171393
TOKYOTECH_s05,45,62,47.06666666666667,1.1493643522262573,-0.6096462288861463
TOKYOTECH_s05,45,63,47.1,0.7454280853271484,-0.6917254722917019
TOKYOTECH_s05,45,64,47.13333333333333,0.43653878569602966,-0.6966893647634466
TOKYOTECH_s05,45,65,47.166666666666664,0.304413378238678,-0.6464896174370494
TOKYOTECH_s05,45,66,47.2,0.35428765416145325,-0.5779988163027626
TOKYOTECH_s05,45,67,47.233333333333334,0.48707202076911926,-0.5311581415379076
TOKYOTECH_s05,45,68,47.266666666666666,0.5005000233650208,-0.5310864860927994
TOKYOTECH_s05,45,69,47.3,0.3518032729625702,-0.573765926792647
TOKYOTECH_s05,45,70,47.333333333333336,0.013101638294756413,-0.6252482286834922
TOKYOTECH_s05,45,71,47.36666666666667,-0.3513786196708679,-0.6368958426757853
TOKYOTECH_s05,45,72,47.4,-0.5781503319740295,-0.5684003442418976
TOKYOTECH_s05,45,73,47.43333333333333,-0.7625008225440979,-0.40498331887337574
TOKYOTECH_s05,45,74,47.46666666666667,-0.8827654123306274,-0.16035506397920923
TOKYOTECH_s05,45,75,47.5,-0.8916877508163452,0.13262080291116732
TOKYOTECH_s05,45,76,47.53333333333333,-0.9823715090751648,0.4348485591035091
TOKYOTECH_s05,45,77,47.56666666666667,-1.0167608261108398,0.709818504650088
TOKYOTECH_s05,45,78,47.6,-0.9757553935050964,0.9273144504373447
TOKYOTECH_s05,45,79,47.63333333333333,-0.9985955357551575,1.0657986577209257
TOKYOTECH_s05,45,80,47.666666666666664,-1.076768398284912,1.1153014156369019
TOKYOTECH_s05,45,81,47.7,-1.241715908050537,1.0786069471439719
TOKYOTECH_s05,45,82,47.733333333333334,-1.2718043327331543,0.968603234434201
TOKYOTECH_s05,45,83,47.766666666666666,-0.7352796792984009,0.8029150940198186
TOKYOTECH_s05,45,84,47.8,0.8342774510383606,0.5992189168002469
TOKYOTECH_s05,45,85,47.833333333333336,2.022453546524048,0.37385715492553767
TOKYOTECH_s05,45,86,47.86666666666667,2.03670072555542,0.1431579755554519
TOKYOTECH_s05,45,87,47.9,1.6548656225204468,-0.07589392470169043
TOKYOTECH_s05,45,88,47.93333333333333,1.285719394683838,-0.2685996288178003
TOKYOTECH_s05,45,89,47.96666666666667,0.9250591397285461,-0.4284164455219351
TOKYOTECH_s05,45,90,48.0,0.5134472250938416,-0.5607986641345374
TOKYOTECH_s05,45,91,48.03333333333333,0.2198648452758789,-0.6795903546042852
TOKYOTECH_s05,45,92,48.06666666666667,0.2844405174255371,-0.7957614913908324
TOKYOTECH_s05,45,93,48.1,0.6026172041893005,-0.9050107080089883
TOKYOTECH_s05,45,94,48.13333333333333,0.6432663798332214,-0.9831862151327847
TOKYOTECH_s05,45,95,48.166666666666664,0.3887837827205658,-0.9941551401433544
TOKYOTECH_s05,45,96,48.2,0.11204878240823746,-0.9061744255480163
TOKYOTECH_s05,45,97,48.233333333333334,-0.1289968639612198,-0.7070929282972256
TOKYOTECH_s05,45,98,48.266666666666666,-0.48162519931793213,-0.41078504224345413
TOKYOTECH_s05,45,99,48.3,-0.6640879511833191,-0.053904622888809726
TOKYOTECH_s05,45,100,48.333333333333336,-0.7326973676681519,0.3129367928594115
TOKYOTECH_s05,45,101,48.36666666666667,-0.8081810474395752,0.6353852259206448
TOKYOTECH_s05,45,102,48.4,-0.8605396747589111,0.8661844681570797
TOKYOTECH_s05,45,103,48.43333333333333,-0.8747602105140686,0.9769125592539788
TOKYOTECH_s05,45,104,48.46666666666667,-0.8177534341812134,0.9667696171418235
TOKYOTECH_s05,45,105,48.5,-0.8757931590080261,0.8617109720409777
TOKYOTECH_s05,45,106,48.53333333333333,-0.9648562669754028,0.70173197449501
TOKYOTECH_s05,45,107,48.56666666666667,-1.0764567852020264,0.5223437776381324
TOKYOTECH_s05,45,108,48.6,-0.6403128504753113,0.34083523417039957
TOKYOTECH_s05,45,109,48.63333333333333,0.6747528314590454,0.15527174721494408
TOKYOTECH_s05,45,110,48.666666666666664,1.719076156616211,-0.04414567061967552
TOKYOTECH_s05,45,111,48.7,1.745184302330017,-0.2599071492403646
TOKYOTECH_s05,45,112,48.733333333333334,1.3088889122009277,-0.47886978578601136
TOKYOTECH_s05,45,113,48.766666666666666,0.7523112893104553,-0.6758826171809695
TOKYOTECH_s05,45,114,48.8,0.18770167231559753,-0.8249517637330812
TOKYOTECH_s05,45,115,48.833333333333336,-0.24615377187728882,-0.9082739960962233
TOKYOTECH_s05,45,116,48.86666666666667,-0.39249974489212036,-0.917380275552928
TOKYOTECH_s05,45,117,48.9,-0.05277407914400101,-0.8489397069338332
TOKYOTECH_s05,45,118,48.93333333333333,0.28785985708236694,-0.7023642793418785
TOKYOTECH_s05,45,119,48.96666666666667,0.28245478868484497,-0.48344138220335414
TOKYOTECH_s05,45,120,49.0,0.16323202848434448,-0.21041527362414192
TOKYOTECH_s05,45,121,49.03333333333333,-0.178434818983078,0.08527406742024936
TOKYOTECH_s05,45,122,49.06666666666667,-0.5146075487136841,0.3667143544868543
TOKYOTECH_s05,45,123,49.1,-0.7480754852294922,0.6029337442610919
TOKYOTECH_s05,45,124,49.13333333333333,-1.0097707509994507,0.7763871324557047
TOKYOTECH_s05,45,125,49.166666666666664,-1.0675077438354492,0.8825980324844436
TOKYOTECH_s05,45,126,49.2,-1.109430193901062,0.9244187460301158
TOKYOTECH_s05,45,127,49.233333333333334,-1.1061177253723145,0.906785055670976
TOKYOTECH_s05,45,128,49.266666666666666,-1.1072040796279907,0.8354578874683268
TOKYOTECH_s05,45,129,49.3,-1.1394562721252441,0.7184861736903374
TOKYOTECH_s05,45,130,49.333333333333336,-1.1574435234069824,0.5669528658096219
TOKYOTECH_s05,45,131,49.36666666666667,-1.1566241979599,0.393207754675817
TOKYOTECH_s05,45,132,49.4,-0.3559199273586273,0.20816328574878065
TOKYOTECH_s05,45,133,49.43333333333333,1.3180783987045288,0.020707012506203413
TOKYOTECH_s05,45,134,49.46666666666667,2.1241610050201416,-0.15999379787290408
TOKYOTECH_s05,45,135,49.5,1.9838969707489014,-0.322073653460537
TOKYOTECH_s05,45,136,49.53333333333333,1.5921154022216797,-0.4522794231705345
TOKYOTECH_s05,45,137,49.56666666666667,1.18888258934021,-0.5419809538572888
TOKYOTECH_s05,45,138,49.6,0.7197296023368835,-0.5938744911944731
TOKYOTECH_s05,45,139,49.63333333333333,0.2845562696456909,-0.6230430998232138
TOKYOTECH_s05,45,140,49.666666666666664,0.07770401239395142,-0.649468512238607
TOKYOTECH_s05,45,141,49.7,0.19814670085906982,-0.68575083118941
TOKYOTECH_s05,45,142,49.733333333333334,0.4373758137226105,-0.7282972164103589
TOKYOTECH_s05,45,143,49.766666666666666,0.4271267056465149,-0.758283196796392
TOKYOTECH_s05,45,144,49.8,0.24305224418640137,-0.7509451429923911
TOKYOTECH_s05,45,145,49.833333333333336,0.0035292678512632847,-0.6858432708179953
TOKYOTECH_s05,45,146,49.86666666666667,-0.37894704937934875,-0.5525222642027873
TOKYOTECH_s05,45,147,49.9,-0.6390305757522583,-0.35169169489212015
TOKYOTECH_s05,45,148,49.93333333333333,-0.8143162727355957,-0.0949698307382819
TOKYOTECH_s05,45,149,49.96666666666667,-0.974108099937439,0.19528278676140556
TOKYOTECH_s05,45,150,50.0,-1.0328691005706787,0.4878241952395258
TOKYOTECH_s05,45,151,50.03333333333333,-1.1178984642028809,0.7485398740375319
TOKYOTECH_s05,45,152,50.06666666666667,-1.055112600326538,0.9493509265241485
TOKYOTECH_s05,45,153,50.1,-1.0275797843933105,1.0750123287223965
TOKYOTECH_s05,45,154,50.13333333333333,-1.1053074598312378,1.1236156562203172
TOKYOTECH_s05,45,155,50.166666666666664,-1.1606045961380005,1.101100428414672
TOKYOTECH_s05,45,156,50.2,-1.1193143129348755,1.014297351609811
TOKYOTECH_s05,45,157,50.233333333333334,0.0008668131777085364,0.8677648862527968
TOKYOTECH_s05,45,158,50.266666666666666,1.695176362991333,0.6662959457944986
TOKYOTECH_s05,45,159,50.3,2.244194269180298,0.4202506363761244
TOKYOTECH_s05,45,160,50.333333333333336,2.0110557079315186,0.14853567481688737
TOKYOTECH_s05,45,161,50.36666666666667,1.6040385961532593,-0.12408338171270866
TOKYOTECH_s05,45,162,50.4,1.1907703876495361,-0.3738471446748824
TOKYOTECH_s05,45,163,50.43333333333333,0.7545552253723145,-0.584147770944588
TOKYOTECH_s05,45,164,50.46666666666667,0.3636285066604614,-0.7472386492680406
TOKYOTECH_s05,45,165,50.5,0.18286651372909546,-0.8618455390584675
TOKYOTECH_s05,45,166,50.53333333333333,0.3145289123058319,-0.9300016453381891
TOKYOTECH_s05,45,167,50.56666666666667,0.5653517246246338,-0.9557290240748857
TOKYOTECH_s05,45,168,50.6,0.5429657697677612,-0.9445340907679867
TOKYOTECH_s05,45,169,50.63333333333333,0.26560741662979126,-0.9008006180719796
TOKYOTECH_s05,45,170,50.666666666666664,-0.08507081121206284,-0.8231421312841386
TOKYOTECH_s05,45,171,50.7,-0.35762959718704224,-0.7021302225402739
TOKYOTECH_s05,45,172,50.733333333333334,-0.6038487553596497,-0.5251928626819986
TOKYOTECH_s05,45,173,50.766666666666666,-0.8605129718780518,-0.28821931354545427
TOKYOTECH_s05,45,174,50.8,-1.020500659942627,-0.006006691361459226
TOKYOTECH_s05,45,175,50.833333333333336,-1.056555151939392,0.2878966473204794
TOKYOTECH_s05,45,176,50.86666666666667,-1.131691575050354,0.553449871063064
TOKYOTECH_s05,45,177,50.9,-1.0800987482070923,0.760178717910376
TOKYOTECH_s05,45,178,50.93333333333333,-1.07845139503479,0.8964238040618001
TOKYOTECH_s05,45,179,50.96666666666667,-1.1253693103790283,0.9669826118681321
TOKYOTECH_s05,45,180,51.0,-1.1263666152954102,0.9828721228156162
TOKYOTECH_s05,45,181,51.03333333333333,-1.2919641733169556,0.9516858285656381
TOKYOTECH_s05,45,182,51.06666666666667,-1.1586633920669556,0.8747813746599923
TOKYOTECH_s05,45,183,51.1,0.12869136035442352,0.7513885929668372
TOKYOTECH_s05,45,184,51.13333333333333,1.736128330230713,0.5849790909326711
TOKYOTECH_s05,45,185,51.166666666666664,2.2004995346069336,0.38662290263516896
TOKYOTECH_s05,45,186,51.2,1.8648344278335571,0.173164809527191
TOKYOTECH_s05,45,187,51.233333333333334,1.4211305379867554,-0.03802502519039239
TOKYOTECH_s05,45,188,51.266666666666666,0.9618971943855286,-0.23417769342682915
TOKYOTECH_s05,45,189,51.3,0.5498578548431396,-0.4095065346917885
TOKYOTECH_s05,45,190,51.333333333333336,0.22253620624542236,-0.5644922806601622
TOKYOTECH_s05,45,191,51.36666666666667,0.1620299220085144,-0.7031401902722387
TOKYOTECH_s05,45,192,51.4,0.39035099744796753,-0.8288973067209401
TOKYOTECH_s05,45,193,51.43333333333333,0.5359578728675842,-0.9395640329203098
TOKYOTECH_s05,45,194,51.46666666666667,0.3968958258628845,-1.0228553358546897
TOKYOTECH_s05,45,195,51.5,0.16950972378253937,-1.0558905299456887
TOKYOTECH_s05,45,196,51.53333333333333,-0.05294326692819595,-1.011371665930838
TOKYOTECH_s05,45,197,51.56666666666667,-0.39495739340782166,-0.8695259675090952
TOKYOTECH_s05,45,198,51.6,-0.7451903820037842,-0.6298255490534546
TOKYOTECH_s05,45,199,51.63333333333333,-0.8677523732185364,-0.31489377025081305
TOKYOTECH_s05,45,200,51.666666666666664,-1.0298415422439575,0.036360770993094385
TOKYOTECH_s05,45,201,51.7,-1.0881662368774414,0.3821559199789712
TOKYOTECH_s05,45,202,51.733333333333334,-1.0763587951660156,0.6896212708738714
TOKYOTECH_s05,45,203,51.766666666666666,-1.0496718883514404,0.9387981213760577
TOKYOTECH_s05,45,204,51.8,-1.0207144021987915,1.1190729806798556
TOKYOTECH_s05,45,205,51.833333333333336,-1.065058946609497,1.2234992354140473
TOKYOTECH_s05,45,206,51.86666666666667,-1.1474615335464478,1.246290182902858
TOKYOTECH_s05,45,207,51.9,-1.2623388767242432,1.1847795610224563
TOKYOTECH_s05,45,208,51.93333333333333,-0.9505645036697388,1.0434275282278793
TOKYOTECH_s05,45,209,51.96666666666667,0.4149453043937683,0.8363101887577249
TOKYOTECH_s05,45,210,52.0,1.857007384300232,0.5860410794842907
TOKYOTECH_s05,45,211,52.03333333333333,2.088489532470703,0.31951509018605473
TOKYOTECH_s05,45,212,52.06666666666667,1.661811113357544,0.06229569811955275
TOKYOTECH_s05,45,213,52.1,1.139987826347351,-0.16670323872168297
TOKYOTECH_s05,45,214,52.13333333333333,0.5776934027671814,-0.35947744810015797
TOKYOTECH_s05,45,215,52.166666666666664,0.12445279955863953,-0.5211131296065583
TOKYOTECH_s05,45,216,52.2,-0.10347647964954376,-0.6672983975103739
TOKYOTECH_s05,45,217,52.233333333333334,-0.054893359541893005,-0.8151111537726627
TOKYOTECH_s05,45,218,52.266666666666666,0.25555419921875,-0.9697093855741287
TOKYOTECH_s05,45,219,52.3,0.48665350675582886,-1.1145695083108043
TOKYOTECH_s05,45,220,52.333333333333336,0.31118080019950867,-1.2130996361246935
TOKYOTECH_s05,45,221,52.36666666666667,-0.04536551237106323,-1.2234214179596248
TOKYOTECH_s05,45,222,52.4,-0.3379416763782501,-1.1191280009187201
TOKYOTECH_s05,45,223,52.43333333333333,-0.6322720646858215,-0.9038394327962775
TOKYOTECH_s05,45,224,52.46666666666667,-0.9198616743087769,-0.611031078724517
TOKYOTECH_s05,45,225,52.5,-1.027125597000122,-0.2900106660622743
TOKYOTECH_s05,45,226,52.53333333333333,-1.1052361726760864,0.012779277838239483
TOKYOTECH_s05,45,227,52.56666666666667,-1.1315491199493408,0.2665013464982908
TOKYOTECH_s05,45,228,52.6,-1.2306030988693237,0.45825102961096154
TOKYOTECH_s05,45,229,52.63333333333333,-1.1489752531051636,0.5881771350505864
TOKYOTECH_s05,45,230,52.666666666666664,-1.109670639038086,0.6633035101875504
TOKYOTECH_s05,45,231,52.7,-1.1666507720947266,0.6936173585240902
TOKYOTECH_s05,45,232,52.733333333333334,-1.3033263683319092,0.6902613261087254
TOKYOTECH_s05,45,233,52.766666666666666,-0.8741992712020874,0.6639351299291856
TOKYOTECH_s05,45,234,52.8,0.6805942058563232,0.6228721311550663
TOKYOTECH_s05,45,235,52.833333333333336,2.0677330493927,0.5715675713480229
TOKYOTECH_s05,45,236,52.86666666666667,2.2028236389160156,0.5112653967533521
TOKYOTECH_s05,45,237,52.9,1.8166698217391968,0.4417642852612861
TOKYOTECH_s05,45,238,52.93333333333333,1.4211127758026123,0.3632736849497074
TOKYOTECH_s05,45,239,52.96666666666667,0.9382556676864624,0.2773764474674381
TOKYOTECH_s05,46,0,46.0,-1.2182613611221313,-0.10840799163285793
TOKYOTECH_s05,46,1,46.03333333333333,-0.9230049848556519,-1.3938236148448406
TOKYOTECH_s05,46,2,46.06666666666667,0.5443103313446045,-2.4821091593516864
TOKYOTECH_s05,46,3,46.1,1.9209330081939697,-3.223583866420867
TOKYOTECH_s05,46,4,46.13333333333333,2.1483991146087646,-3.5486743064886603
TOKYOTECH_s05,46,5,46.166666666666664,1.8549147844314575,-3.482606189256684
TOKYOTECH_s05,46,6,46.2,1.5059640407562256,-3.131299999879793
TOKYOTECH_s05,46,7,46.233333333333334,1.0961508750915527,-2.642341713578128
TOKYOTECH_s05,46,8,46.266666666666666,0.7542969584465027,-2.1565267265971735
TOKYOTECH_s05,46,9,46.3,0.481070339679718,-1.7691872472987913
TOKYOTECH_s05,46,10,46.333333333333336,0.3637620508670807,-1.5140136088220129
TOKYOTECH_s05,46,11,46.36666666666667,0.40269267559051514,-1.3700114518155908
TOKYOTECH_s05,46,12,46.4,0.5824751257896423,-1.2821859548078487
TOKYOTECH_s05,46,13,46.43333333333333,0.48025113344192505,-1.184122734072834
TOKYOTECH_s05,46,14,46.46666666666667,0.19478078186511993,-1.016025256246835
TOKYOTECH_s05,46,15,46.5,-0.03778775408864021,-0.7383217677078102
TOKYOTECH_s05,46,16,46.53333333333333,-0.4054202139377594,-0.3422149650423266
TOKYOTECH_s05,46,17,46.56666666666667,-0.6417197585105896,0.14497836968013353
TOKYOTECH_s05,46,18,46.6,-0.8152334690093994,0.6649773848319633
TOKYOTECH_s05,46,19,46.63333333333333,-0.941962718963623,1.1465896428977072
TOKYOTECH_s05,46,20,46.666666666666664,-0.9923534393310547,1.5300475402403153
TOKYOTECH_s05,46,21,46.7,-0.9988359808921814,1.7846669442338696
TOKYOTECH_s05,46,22,46.733333333333334,-0.9826475381851196,1.9108002847735537
TOKYOTECH_s05,46,23,46.766666666666666,-0.9788898229598999,1.9276660205339107
TOKYOTECH_s05,46,24,46.8,-1.040776252746582,1.8571811068665816
TOKYOTECH_s05,46,25,46.833333333333336,-1.194041132926941,1.7145670652223068
TOKYOTECH_s05,46,26,46.86666666666667,-1.1166874170303345,1.5093167092462385
TOKYOTECH_s05,46,27,46.9,-0.10043112933635712,1.2518103835871122
TOKYOTECH_s05,46,28,46.93333333333333,1.6171282529830933,0.9582477967289812
TOKYOTECH_s05,46,29,46.96666666666667,2.245396375656128,0.6500102799757708
TOKYOTECH_s05,46,30,47.0,1.946497917175293,0.34907539270481736
TOKYOTECH_s05,46,31,47.03333333333333,1.5520093441009521,0.07391298256150203
TOKYOTECH_s05,46,32,47.06666666666667,1.1493643522262573,-0.16170568886682896
TOKYOTECH_s05,46,33,47.1,0.7454280853271484,-0.34852966490321696
TOKYOTECH_s05,46,34,47.13333333333333,0.43653878569602966,-0.4834215707948798
TOKYOTECH_s05,46,35,47.166666666666664,0.304413378238678,-0.5731916488511084
TOKYOTECH_s05,46,36,47.2,0.35428765416145325,-0.6362872541202567
TOKYOTECH_s05,46,37,47.233333333333334,0.48707202076911926,-0.6968297095625102
TOKYOTECH_s05,46,38,47.266666666666666,0.5005000233650208,-0.771270718031829
TOKYOTECH_s05,46,39,47.3,0.3518032729625702,-0.8555299622253479
TOKYOTECH_s05,46,40,47.333333333333336,0.013101638294756413,-0.9225286684946933
TOKYOTECH_s05,46,41,47.36666666666667,-0.3513786196708679,-0.9339774877261401
TOKYOTECH_s05,46,42,47.4,-0.5781503319740295,-0.8598105470047789
TOKYOTECH_s05,46,43,47.43333333333333,-0.7625008225440979,-0.6928091521797061
TOKYOTECH_s05,46,44,47.46666666666667,-0.8827654123306274,-0.450433677210131
TOKYOTECH_s05,46,45,47.5,-0.8916877508163452,-0.16566608702700805
TOKYOTECH_s05,46,46,47.53333333333333,-0.9823715090751648,0.1249658994335245
TOKYOTECH_s05,46,47,47.56666666666667,-1.0167608261108398,0.3891002763057241
TOKYOTECH_s05,46,48,47.6,-0.9757553935050964,0.6013280012642539
TOKYOTECH_s05,46,49,47.63333333333333,-0.9985955357551575,0.7448490996966648
TOKYOTECH_s05,46,50,47.666666666666664,-1.076768398284912,0.8136436493454967
TOKYOTECH_s05,46,51,47.7,-1.241715908050537,0.8127387067582936
TOKYOTECH_s05,46,52,47.733333333333334,-1.2718043327331543,0.754340745533725
TOKYOTECH_s05,46,53,47.766666666666666,-0.7352796792984009,0.6512976469120805
TOKYOTECH_s05,46,54,47.8,0.8342774510383606,0.5122789533796988
TOKYOTECH_s05,46,55,47.833333333333336,2.022453546524048,0.34230366454236577
TOKYOTECH_s05,46,56,47.86666666666667,2.03670072555542,0.14793776580249557
TOKYOTECH_s05,46,57,47.9,1.6548656225204468,-0.05771197743177615
TOKYOTECH_s05,46,58,47.93333333333333,1.285719394683838,-0.25535056742990414
TOKYOTECH_s05,46,59,47.96666666666667,0.9250591397285461,-0.4261710913834828
TOKYOTECH_s05,46,60,48.0,0.5134472250938416,-0.5601303415875117
TOKYOTECH_s05,46,61,48.03333333333333,0.2198648452758789,-0.6589363695579614
TOKYOTECH_s05,46,62,48.06666666666667,0.2844405174255371,-0.7308427489113609
TOKYOTECH_s05,46,63,48.1,0.6026172041893005,-0.7808831596998802
TOKYOTECH_s05,46,64,48.13333333333333,0.6432663798332214,-0.8036949466978663
TOKYOTECH_s05,46,65,48.166666666666664,0.3887837827205658,-0.7839809652170874
TOKYOTECH_s05,46,66,48.2,0.11204878240823746,-0.7036438035104917
TOKYOTECH_s05,46,67,48.233333333333334,-0.1289968639612198,-0.5503193878719442
TOKYOTECH_s05,46,68,48.266666666666666,-0.48162519931793213,-0.3232521906045277
TOKYOTECH_s05,46,69,48.3,-0.6640879511833191,-0.036239341568274575
TOKYOTECH_s05,46,70,48.333333333333336,-0.7326973676681519,0.2811580784290665
TOKYOTECH_s05,46,71,48.36666666666667,-0.8081810474395752,0.5850218841106366
TOKYOTECH_s05,46,72,48.4,-0.8605396747589111,0.8247741653876253
TOKYOTECH_s05,46,73,48.43333333333333,-0.8747602105140686,0.9587353050531123
TOKYOTECH_s05,46,74,48.46666666666667,-0.8177534341812134,0.971081820510174
TOKYOTECH_s05,46,75,48.5,-0.8757931590080261,0.878698168066167
TOKYOTECH_s05,46,76,48.53333333333333,-0.9648562669754028,0.7218786266945842
TOKYOTECH_s05,46,77,48.56666666666667,-1.0764567852020264,0.5439849957315613
TOKYOTECH_s05,46,78,48.6,-0.6403128504753113,0.3724458072629556
TOKYOTECH_s05,46,79,48.63333333333333,0.6747528314590454,0.21209856216021172
TOKYOTECH_s05,46,80,48.666666666666664,1.719076156616211,0.05311271664069436
TOKYOTECH_s05,46,81,48.7,1.745184302330017,-0.11400484401566896
TOKYOTECH_s05,46,82,48.733333333333334,1.3088889122009277,-0.28763191958049805
TOKYOTECH_s05,46,83,48.766666666666666,0.7523112893104553,-0.45507455246669487
TOKYOTECH_s05,46,84,48.8,0.18770167231559753,-0.6002634165968583
TOKYOTECH_s05,46,85,48.833333333333336,-0.24615377187728882,-0.7101901944114586
TOKYOTECH_s05,46,86,48.86666666666667,-0.39249974489212036,-0.7750309831540878
TOKYOTECH_s05,46,87,48.9,-0.05277407914400101,-0.7848300048902327
TOKYOTECH_s05,46,88,48.93333333333333,0.28785985708236694,-0.7290329494967038
TOKYOTECH_s05,46,89,48.96666666666667,0.28245478868484497,-0.6017038658842386
TOKYOTECH_s05,46,90,49.0,0.16323202848434448,-0.40854782548826446
TOKYOTECH_s05,46,91,49.03333333333333,-0.178434818983078,-0.168813965246442
TOKYOTECH_s05,46,92,49.06666666666667,-0.5146075487136841,0.0905060167454468
TOKYOTECH_s05,46,93,49.1,-0.7480754852294922,0.34371525490202104
TOKYOTECH_s05,46,94,49.13333333333333,-1.0097707509994507,0.5714753557708075
TOKYOTECH_s05,46,95,49.166666666666664,-1.0675077438354492,0.7586315179865647
TOKYOTECH_s05,46,96,49.2,-1.109430193901062,0.888945746708998
TOKYOTECH_s05,46,97,49.233333333333334,-1.1061177253723145,0.9442532345670862
TOKYOTECH_s05,46,98,49.266666666666666,-1.1072040796279907,0.9107543698048371
TOKYOTECH_s05,46,99,49.3,-1.1394562721252441,0.7877474115390508
TOKYOTECH_s05,46,100,49.333333333333336,-1.1574435234069824,0.591691283561766
TOKYOTECH_s05,46,101,49.36666666666667,-1.1566241979599,0.3522306935421461
TOKYOTECH_s05,46,102,49.4,-0.3559199273586273,0.10295633937770624
TOKYOTECH_s05,46,103,49.43333333333333,1.3180783987045288,-0.1270281491431985
TOKYOTECH_s05,46,104,49.46666666666667,2.1241610050201416,-0.3168747363874928
TOKYOTECH_s05,46,105,49.5,1.9838969707489014,-0.4540746777154008
TOKYOTECH_s05,46,106,49.53333333333333,1.5921154022216797,-0.5345254935325997
TOKYOTECH_s05,46,107,49.56666666666667,1.18888258934021,-0.5645180663219271
TOKYOTECH_s05,46,108,49.6,0.7197296023368835,-0.5620419775788524
TOKYOTECH_s05,46,109,49.63333333333333,0.2845562696456909,-0.5527492141474284
TOKYOTECH_s05,46,110,49.666666666666664,0.07770401239395142,-0.5596491207437405
TOKYOTECH_s05,46,111,49.7,0.19814670085906982,-0.5915901574036578
TOKYOTECH_s05,46,112,49.733333333333334,0.4373758137226105,-0.638007022514876
TOKYOTECH_s05,46,113,49.766666666666666,0.4271267056465149,-0.6737468270688123
TOKYOTECH_s05,46,114,49.8,0.24305224418640137,-0.6703865284775549
TOKYOTECH_s05,46,115,49.833333333333336,0.0035292678512632847,-0.6062199217801121
TOKYOTECH_s05,46,116,49.86666666666667,-0.37894704937934875,-0.4703428927792365
TOKYOTECH_s05,46,117,49.9,-0.6390305757522583,-0.2626180376785217
TOKYOTECH_s05,46,118,49.93333333333333,-0.8143162727355957,0.006029078817035365
TOKYOTECH_s05,46,119,49.96666666666667,-0.974108099937439,0.3114947452394994
TOKYOTECH_s05,46,120,50.0,-1.0328691005706787,0.6164373607535286
TOKYOTECH_s05,46,121,50.03333333333333,-1.1178984642028809,0.8772598841538941
TOKYOTECH_s05,46,122,50.06666666666667,-1.055112600326538,1.057148956839328
TOKYOTECH_s05,46,123,50.1,-1.0275797843933105,1.1377548180978523
TOKYOTECH_s05,46,124,50.13333333333333,-1.1053074598312378,1.122470177400449
TOKYOTECH_s05,46,125,50.166666666666664,-1.1606045961380005,1.0302210415089763
TOKYOTECH_s05,46,126,50.2,-1.1193143129348755,0.8846519160479195
TOKYOTECH_s05,46,127,50.233333333333334,0.0008668131777085364,0.7055005166969325
TOKYOTECH_s05,46,128,50.266666666666666,1.695176362991333,0.5059845603974032
TOKYOTECH_s05,46,129,50.3,2.244194269180298,0.29504836394143835
TOKYOTECH_s05,46,130,50.333333333333336,2.0110557079315186,0.08030569406352907
TOKYOTECH_s05,46,131,50.36666666666667,1.6040385961532593,-0.1314617483720182
TOKYOTECH_s05,46,132,50.4,1.1907703876495361,-0.33547827495756666
TOKYOTECH_s05,46,133,50.43333333333333,0.7545552253723145,-0.5286557124185729
TOKYOTECH_s05,46,134,50.46666666666667,0.3636285066604614,-0.70663129020094
TOKYOTECH_s05,46,135,50.5,0.18286651372909546,-0.860655952963978
TOKYOTECH_s05,46,136,50.53333333333333,0.3145289123058319,-0.9778115648490094
TOKYOTECH_s05,46,137,50.56666666666667,0.5653517246246338,-1.0453260812691445
TOKYOTECH_s05,46,138,50.6,0.5429657697677612,-1.0556236289575711
TOKYOTECH_s05,46,139,50.63333333333333,0.26560741662979126,-1.007456485424168
TOKYOTECH_s05,46,140,50.666666666666664,-0.08507081121206284,-0.9021356872463133
TOKYOTECH_s05,46,141,50.7,-0.35762959718704224,-0.7391652692242954
TOKYOTECH_s05,46,142,50.733333333333334,-0.6038487553596497,-0.5172682291347858
TOKYOTECH_s05,46,143,50.766666666666666,-0.8605129718780518,-0.24216659191311554
TOKYOTECH_s05,46,144,50.8,-1.020500659942627,0.06562425634746197
TOKYOTECH_s05,46,145,50.833333333333336,-1.056555151939392,0.3721795262494945
TOKYOTECH_s05,46,146,50.86666666666667,-1.131691575050354,0.641940666135456
TOKYOTECH_s05,46,147,50.9,-1.0800987482070923,0.8511932168482909
TOKYOTECH_s05,46,148,50.93333333333333,-1.07845139503479,0.9931497252716622
TOKYOTECH_s05,46,149,50.96666666666667,-1.1253693103790283,1.0717676949770398
TOKYOTECH_s05,46,150,51.0,-1.1263666152954102,1.0905593475836626
TOKYOTECH_s05,46,151,51.03333333333333,-1.2919641733169556,1.0461793498464653
TOKYOTECH_s05,46,152,51.06666666666667,-1.1586633920669556,0.9316387278617936
TOKYOTECH_s05,46,153,51.1,0.12869136035442352,0.7458856901952566
TOKYOTECH_s05,46,154,51.13333333333333,1.736128330230713,0.5022376245156425
TOKYOTECH_s05,46,155,51.166666666666664,2.2004995346069336,0.2294771727524046
TOKYOTECH_s05,46,156,51.2,1.8648344278335571,-0.03576099150064853
TOKYOTECH_s05,46,157,51.233333333333334,1.4211305379867554,-0.2614458120277189
TOKYOTECH_s05,46,158,51.266666666666666,0.9618971943855286,-0.4308116427521714
TOKYOTECH_s05,46,159,51.3,0.5498578548431396,-0.5460426435781224
TOKYOTECH_s05,46,160,51.333333333333336,0.22253620624542236,-0.6244648855885516
TOKYOTECH_s05,46,161,51.36666666666667,0.1620299220085144,-0.6902361781331606
TOKYOTECH_s05,46,162,51.4,0.39035099744796753,-0.7641420321082704
TOKYOTECH_s05,46,163,51.43333333333333,0.5359578728675842,-0.8530416017332862
TOKYOTECH_s05,46,164,51.46666666666667,0.3968958258628845,-0.9420911992828847
TOKYOTECH_s05,46,165,51.5,0.16950972378253937,-0.9947812675422965
TOKYOTECH_s05,46,166,51.53333333333333,-0.05294326692819595,-0.9641519590133284
TOKYOTECH_s05,46,167,51.56666666666667,-0.39495739340782166,-0.8127141211608859
TOKYOTECH_s05,46,168,51.6,-0.7451903820037842,-0.5318349209095398
TOKYOTECH_s05,46,169,51.63333333333333,-0.8677523732185364,-0.14964268552903986
TOKYOTECH_s05,46,170,51.666666666666664,-1.0298415422439575,0.2771658027478744
TOKYOTECH_s05,46,171,51.7,-1.0881662368774414,0.6826608422980529
TOKYOTECH_s05,46,172,51.733333333333334,-1.0763587951660156,1.0115382888233089
TOKYOTECH_s05,46,173,51.766666666666666,-1.0496718883514404,1.2303330726314194
TOKYOTECH_s05,46,174,51.8,-1.0207144021987915,1.3277184831707023
TOKYOTECH_s05,46,175,51.833333333333336,-1.065058946609497,1.308276840162425
TOKYOTECH_s05,46,176,51.86666666666667,-1.1474615335464478,1.185786750510089
TOKYOTECH_s05,46,177,51.9,-1.2623388767242432,0.9793969362161635
TOKYOTECH_s05,46,178,51.93333333333333,-0.9505645036697388,0.7124639291126211
TOKYOTECH_s05,46,179,51.96666666666667,0.4149453043937683,0.41185134908481713
TOKYOTECH_s05,46,180,52.0,1.857007384300232,0.10589622725224103
TOKYOTECH_s05,46,181,52.03333333333333,2.088489532470703,-0.17904422318516341
TOKYOTECH_s05,46,182,52.06666666666667,1.661811113357544,-0.4222748816326088
TOKYOTECH_s05,46,183,52.1,1.139987826347351,-0.6115940355641032
TOKYOTECH_s05,46,184,52.13333333333333,0.5776934027671814,-0.7452022643664178
TOKYOTECH_s05,46,185,52.166666666666664,0.12445279955863953,-0.8325331530113848
TOKYOTECH_s05,46,186,52.2,-0.10347647964954376,-0.8920672619366906
TOKYOTECH_s05,46,187,52.233333333333334,-0.054893359541893005,-0.94375269151245
TOKYOTECH_s05,46,188,52.266666666666666,0.25555419921875,-0.9970338471854201
TOKYOTECH_s05,46,189,52.3,0.48665350675582886,-1.0405202227232664
TOKYOTECH_s05,46,190,52.333333333333336,0.31118080019950867,-1.041461097246698
TOKYOTECH_s05,46,191,52.36666666666667,-0.04536551237106323,-0.9588500441042581
TOKYOTECH_s05,46,192,52.4,-0.3379416763782501,-0.764440585584836
TOKYOTECH_s05,46,193,52.43333333333333,-0.6322720646858215,-0.45935964148961655
TOKYOTECH_s05,46,194,52.46666666666667,-0.9198616743087769,-0.07685091405521943
TOKYOTECH_s05,46,195,52.5,-1.027125597000122,0.3291801618062148
TOKYOTECH_s05,46,196,52.53333333333333,-1.1052361726760864,0.7021971275972037
TOKYOTECH_s05,46,197,52.56666666666667,-1.1315491199493408,0.9981633367032111
TOKYOTECH_s05,46,198,52.6,-1.2306030988693237,1.1927127775815352
TOKYOTECH_s05,46,199,52.63333333333333,-1.1489752531051636,1.2810951812827944
TOKYOTECH_s05,46,200,52.666666666666664,-1.109670639038086,1.274018545106289
TOKYOTECH_s05,46,201,52.7,-1.1666507720947266,1.191755937185739
TOKYOTECH_s05,46,202,52.733333333333334,-1.3033263683319092,1.0576565561193134
TOKYOTECH_s05,46,203,52.766666666666666,-0.8741992712020874,0.8920181809087123
TOKYOTECH_s05,46,204,52.8,0.6805942058563232,0.707985598728356
TOKYOTECH_s05,46,205,52.833333333333336,2.0677330493927,0.5111892651500184
TOKYOTECH_s05,46,206,52.86666666666667,2.2028236389160156,0.3031364332494832
TOKYOTECH_s05,46,207,52.9,1.8166698217391968,0.08595787774408109
TOKYOTECH_s05,46,208,52.93333333333333,1.4211127758026123,-0.13498455110621338
TOKYOTECH_s05,46,209,52.96666666666667,0.9382556676864624,-0.35252627428506156
TOKYOTECH_s05,46,210,53.0,0.4256930649280548,-0.5613971434430267
TOKYOTECH_s05,46,211,53.03333333333333,0.1302763670682907,-0.7599426102726511
TOKYOTECH_s05,46,212,53.06666666666667,0.17113034427165985,-0.9469708984503689
TOKYOTECH_s05,46,213,53.1,0.4113478660583496,-1.1149847977971108
TOKYOTECH_s05,46,214,53.13333333333333,0.5016309022903442,-1.244785291435361
TOKYOTECH_s05,46,215,53.166666666666664,0.32102030515670776,-1.3065802053595545
TOKYOTECH_s05,46,216,53.2,0.04889785125851631,-1.2686607006577677
TOKYOTECH_s05,46,217,53.233333333333334,-0.2173387110233307,-1.109801644502536
TOKYOTECH_s05,46,218,53.266666666666666,-0.45725348591804504,-0.8296148358131158
TOKYOTECH_s05,46,219,53.3,-0.7010061144828796,-0.45267016227208373
TOKYOTECH_s05,46,220,53.333333333333336,-0.9273058772087097,-0.02545732020082804
TOKYOTECH_s05,46,221,53.36666666666667,-1.0627527236938477,0.39225014817159387
TOKYOTECH_s05,46,222,53.4,-1.0480157136917114,0.7395073445839949
TOKYOTECH_s05,46,223,53.43333333333333,-1.0374549627304077,0.9676453003869583
TOKYOTECH_s05,46,224,53.46666666666667,-1.1089582443237305,1.0519708944382238
TOKYOTECH_s05,46,225,53.5,-1.0748094320297241,0.9977037556355678
TOKYOTECH_s05,46,226,53.53333333333333,-1.029369592666626,0.8370042999499606
TOKYOTECH_s05,46,227,53.56666666666667,-1.1511569023132324,0.617291734814721
TOKYOTECH_s05,46,228,53.6,-1.0667152404785156,0.3855915649899883
TOKYOTECH_s05,46,229,53.63333333333333,0.2461332082748413,0.17609761552657574
TOKYOTECH_s05,46,230,53.666666666666664,1.9005950689315796,0.006097371469401699
TOKYOTECH_s05,46,231,53.7,2.2845582962036133,-0.11991383437986372
TOKYOTECH_s05,46,232,53.733333333333334,1.9395167827606201,-0.20311771965944822
TOKYOTECH_s05,46,233,53.766666666666666,1.5371298789978027,-0.24623780930778147
TOKYOTECH_s05,46,234,53.8,1.1306915283203125,-0.2540839635493567
TOKYOTECH_s05,46,235,53.833333333333336,0.7150903344154358,-0.2355347498389271
TOKYOTECH_s05,46,236,53.86666666666667,0.3993000388145447,-0.2028222643970998
TOKYOTECH_s05,46,237,53.9,0.3390074670314789,-0.16709467531322617
TOKYOTECH_s05,46,238,53.93333333333333,0.49171125888824463,-0.13316649519989424
TOKYOTECH_s05,46,239,53.96666666666667,0.6473981142044067,-0.09765937834403075
TOKYOTECH_s05,47,0,47.0,1.946497917175293,-0.09098759844917031
TOKYOTECH_s05,47,1,47.03333333333333,1.5520093441009521,-1.6418767091176834
TOKYOTECH_s05,47,2,47.06666666666667,1.1493643522262573,-2.951075663044977
TOKYOTECH_s05,47,3,47.1,0.7454280853271484,-3.836066776143509
TOKYOTECH_s05,47,4,47.13333333333333,0.43653878569602966,-4.215457559340901
TOKYOTECH_s05,47,5,47.166666666666664,0.304413378238678,-4.124210563331748
TOKYOTECH_s05,47,6,47.2,0.35428765416145325,-3.69230824549475
TOKYOTECH_s05,47,7,47.233333333333334,0.48707202076911926,-3.094354144456891
TOKYOTECH_s05,47,8,47.266666666666666,0.5005000233650208,-2.490276661844479
TOKYOTECH_s05,47,9,47.3,0.3518032729625702,-1.9803555254761231
TOKYOTECH_s05,47,10,47.333333333333336,0.013101638294756413,-1.5903187372073861
TOKYOTECH_s05,47,11,47.36666666666667,-0.3513786196708679,-1.2876271155072552
TOKYOTECH_s05,47,12,47.4,-0.5781503319740295,-1.0153186192162151
TOKYOTECH_s05,47,13,47.43333333333333,-0.7625008225440979,-0.7239086124949824
TOKYOTECH_s05,47,14,47.46666666666667,-0.8827654123306274,-0.3884948043152482
TOKYOTECH_s05,47,15,47.5,-0.8916877508163452,-0.01031896044760306
TOKYOTECH_s05,47,16,47.53333333333333,-0.9823715090751648,0.3901424669136427
TOKYOTECH_s05,47,17,47.56666666666667,-1.0167608261108398,0.781474121030937
TOKYOTECH_s05,47,18,47.6,-0.9757553935050964,1.128908345002901
TOKYOTECH_s05,47,19,47.63333333333333,-0.9985955357551575,1.4023644050807769
TOKYOTECH_s05,47,20,47.666666666666664,-1.076768398284912,1.5838902606126564
TOKYOTECH_s05,47,21,47.7,-1.241715908050537,1.6705379774128752
TOKYOTECH_s05,47,22,47.733333333333334,-1.2718043327331543,1.6705964789501306
TOKYOTECH_s05,47,23,47.766666666666666,-0.7352796792984009,1.5960058164806925
TOKYOTECH_s05,47,24,47.8,0.8342774510383606,1.4567149095394902
TOKYOTECH_s05,47,25,47.833333333333336,2.022453546524048,1.2610953762020927
TOKYOTECH_s05,47,26,47.86666666666667,2.03670072555542,1.0212156928875826
TOKYOTECH_s05,47,27,47.9,1.6548656225204468,0.7571145631998664
TOKYOTECH_s05,47,28,47.93333333333333,1.285719394683838,0.49436988561788786
TOKYOTECH_s05,47,29,47.96666666666667,0.9250591397285461,0.2547951769796035
TOKYOTECH_s05,47,30,48.0,0.5134472250938416,0.0472114390360206
TOKYOTECH_s05,47,31,48.03333333333333,0.2198648452758789,-0.13320997141707552
TOKYOTECH_s05,47,32,48.06666666666667,0.2844405174255371,-0.2956179397373029
TOKYOTECH_s05,47,33,48.1,0.6026172041893005,-0.44154722054832274
TOKYOTECH_s05,47,34,48.13333333333333,0.6432663798332214,-0.5597738896828391
TOKYOTECH_s05,47,35,48.166666666666664,0.3887837827205658,-0.6315328187033156
TOKYOTECH_s05,47,36,48.2,0.11204878240823746,-0.6411467497765977
TOKYOTECH_s05,47,37,48.233333333333334,-0.1289968639612198,-0.5835261064447934
TOKYOTECH_s05,47,38,48.266666666666666,-0.48162519931793213,-0.46468812997330655
TOKYOTECH_s05,47,39,48.3,-0.6640879511833191,-0.298436225474719
TOKYOTECH_s05,47,40,48.333333333333336,-0.7326973676681519,-0.10417764862054436
TOKYOTECH_s05,47,41,48.36666666666667,-0.8081810474395752,0.09302522634000437
TOKYOTECH_s05,47,42,48.4,-0.8605396747589111,0.2640271562741418
TOKYOTECH_s05,47,43,48.43333333333333,-0.8747602105140686,0.38263865135708186
TOKYOTECH_s05,47,44,48.46666666666667,-0.8177534341812134,0.43559729829765087
TOKYOTECH_s05,47,45,48.5,-0.8757931590080261,0.4275379389979283
TOKYOTECH_s05,47,46,48.53333333333333,-0.9648562669754028,0.3755965097920915
TOKYOTECH_s05,47,47,48.56666666666667,-1.0764567852020264,0.2964561667244756
TOKYOTECH_s05,47,48,48.6,-0.6403128504753113,0.19522367204676763
TOKYOTECH_s05,47,49,48.63333333333333,0.6747528314590454,0.06495506434004435
TOKYOTECH_s05,47,50,48.666666666666664,1.719076156616211,-0.10242556302678651
TOKYOTECH_s05,47,51,48.7,1.745184302330017,-0.3022388444545991
TOKYOTECH_s05,47,52,48.733333333333334,1.3088889122009277,-0.5113775084861346
TOKYOTECH_s05,47,53,48.766666666666666,0.7523112893104553,-0.6959279739528402
TOKYOTECH_s05,47,54,48.8,0.18770167231559753,-0.8263154520941249
TOKYOTECH_s05,47,55,48.833333333333336,-0.24615377187728882,-0.888282731864761
TOKYOTECH_s05,47,56,48.86666666666667,-0.39249974489212036,-0.8828760834237993
TOKYOTECH_s05,47,57,48.9,-0.05277407914400101,-0.8183847085950053
TOKYOTECH_s05,47,58,48.93333333333333,0.28785985708236694,-0.7025253768377273
TOKYOTECH_s05,47,59,48.96666666666667,0.28245478868484497,-0.5408370597474348
TOKYOTECH_s05,47,60,49.0,0.16323202848434448,-0.34025766314276645
TOKYOTECH_s05,47,61,49.03333333333333,-0.178434818983078,-0.11212425261829943
TOKYOTECH_s05,47,62,49.06666666666667,-0.5146075487136841,0.12914454674310258
TOKYOTECH_s05,47,63,49.1,-0.7480754852294922,0.36992243956386095
TOKYOTECH_s05,47,64,49.13333333333333,-1.0097707509994507,0.599077410308148
TOKYOTECH_s05,47,65,49.166666666666664,-1.0675077438354492,0.8050479930229506
TOKYOTECH_s05,47,66,49.2,-1.109430193901062,0.9713934734512263
TOKYOTECH_s05,47,67,49.233333333333334,-1.1061177253723145,1.0766824214370834
TOKYOTECH_s05,47,68,49.266666666666666,-1.1072040796279907,1.1008582152329762
TOKYOTECH_s05,47,69,49.3,-1.1394562721252441,1.034185039050488
TOKYOTECH_s05,47,70,49.333333333333336,-1.1574435234069824,0.8826317162774315
TOKYOTECH_s05,47,71,49.36666666666667,-1.1566241979599,0.6663745038763976
TOKYOTECH_s05,47,72,49.4,-0.3559199273586273,0.4132348986678115
TOKYOTECH_s05,47,73,49.43333333333333,1.3180783987045288,0.15188516575570948
TOKYOTECH_s05,47,74,49.46666666666667,2.1241610050201416,-0.09194372489533986
TOKYOTECH_s05,47,75,49.5,1.9838969707489014,-0.29698759592363816
TOKYOTECH_s05,47,76,49.53333333333333,1.5921154022216797,-0.44872289253269343
TOKYOTECH_s05,47,77,49.56666666666667,1.18888258934021,-0.5437278925306908
TOKYOTECH_s05,47,78,49.6,0.7197296023368835,-0.5930876025679319
TOKYOTECH_s05,47,79,49.63333333333333,0.2845562696456909,-0.6197378248214374
TOKYOTECH_s05,47,80,49.666666666666664,0.07770401239395142,-0.6482852236568544
TOKYOTECH_s05,47,81,49.7,0.19814670085906982,-0.6921067911994792
TOKYOTECH_s05,47,82,49.733333333333334,0.4373758137226105,-0.745773098470312
TOKYOTECH_s05,47,83,49.766666666666666,0.4271267056465149,-0.7878023885321329
TOKYOTECH_s05,47,84,49.8,0.24305224418640137,-0.7910996157117705
TOKYOTECH_s05,47,85,49.833333333333336,0.0035292678512632847,-0.7333400682832267
TOKYOTECH_s05,47,86,49.86666666666667,-0.37894704937934875,-0.602051649740348
TOKYOTECH_s05,47,87,49.9,-0.6390305757522583,-0.39532562915881453
TOKYOTECH_s05,47,88,49.93333333333333,-0.8143162727355957,-0.12222007802666476
TOKYOTECH_s05,47,89,49.96666666666667,-0.974108099937439,0.19531335481413517
TOKYOTECH_s05,47,90,50.0,-1.0328691005706787,0.5220674748056852
TOKYOTECH_s05,47,91,50.03333333333333,-1.1178984642028809,0.8152546408500285
TOKYOTECH_s05,47,92,50.06666666666667,-1.055112600326538,1.0356551758324894
TOKYOTECH_s05,47,93,50.1,-1.0275797843933105,1.1581499443114138
TOKYOTECH_s05,47,94,50.13333333333333,-1.1053074598312378,1.1759875426046433
TOKYOTECH_s05,47,95,50.166666666666664,-1.1606045961380005,1.097995330486404
TOKYOTECH_s05,47,96,50.2,-1.1193143129348755,0.9421748645174662
TOKYOTECH_s05,47,97,50.233333333333334,0.0008668131777085364,0.7300514114765491
TOKYOTECH_s05,47,98,50.266666666666666,1.695176362991333,0.483895625246404
TOKYOTECH_s05,47,99,50.3,2.244194269180298,0.22571829781125116
TOKYOTECH_s05,47,100,50.333333333333336,2.0110557079315186,-0.024557461621922797
TOKYOTECH_s05,47,101,50.36666666666667,1.6040385961532593,-0.2527232238459863
TOKYOTECH_s05,47,102,50.4,1.1907703876495361,-0.4532033470728802
TOKYOTECH_s05,47,103,50.43333333333333,0.7545552253723145,-0.6275839824402512
TOKYOTECH_s05,47,104,50.46666666666667,0.3636285066604614,-0.7785185123418069
TOKYOTECH_s05,47,105,50.5,0.18286651372909546,-0.9032128696660424
TOKYOTECH_s05,47,106,50.53333333333333,0.3145289123058319,-0.9913991159977734
TOKYOTECH_s05,47,107,50.56666666666667,0.5653517246246338,-1.0291646444089473
TOKYOTECH_s05,47,108,50.6,0.5429657697677612,-1.0052048125122557
TOKYOTECH_s05,47,109,50.63333333333333,0.26560741662979126,-0.9143890900608819
TOKYOTECH_s05,47,110,50.666666666666664,-0.08507081121206284,-0.7569031802981748
TOKYOTECH_s05,47,111,50.7,-0.35762959718704224,-0.5362455913433124
TOKYOTECH_s05,47,112,50.733333333333334,-0.6038487553596497,-0.2609406592156841
TOKYOTECH_s05,47,113,50.766666666666666,-0.8605129718780518,0.04939230597062868
TOKYOTECH_s05,47,114,50.8,-1.020500659942627,0.36009261906104206
TOKYOTECH_s05,47,115,50.833333333333336,-1.056555151939392,0.6275364153519403
TOKYOTECH_s05,47,116,50.86666666666667,-1.131691575050354,0.8147501455209039
TOKYOTECH_s05,47,117,50.9,-1.0800987482070923,0.906618979186072
TOKYOTECH_s05,47,118,50.93333333333333,-1.07845139503479,0.9143077146047247
TOKYOTECH_s05,47,119,50.96666666666667,-1.1253693103790283,0.8663133561529303
TOKYOTECH_s05,47,120,51.0,-1.1263666152954102,0.7925473964923012
TOKYOTECH_s05,47,121,51.03333333333333,-1.2919641733169556,0.711611706599231
TOKYOTECH_s05,47,122,51.06666666666667,-1.1586633920669556,0.6277382637483317
TOKYOTECH_s05,47,123,51.1,0.12869136035442352,0.5364445263877674
TOKYOTECH_s05,47,124,51.13333333333333,1.736128330230713,0.43261060599416906
TOKYOTECH_s05,47,125,51.166666666666664,2.2004995346069336,0.3146742077230463
TOKYOTECH_s05,47,126,51.2,1.8648344278335571,0.18331976785899434
TOKYOTECH_s05,47,127,51.233333333333334,1.4211305379867554,0.03797797526508316
TOKYOTECH_s05,47,128,51.266666666666666,0.9618971943855286,-0.12448330676236094
TOKYOTECH_s05,47,129,51.3,0.5498578548431396,-0.30725118487239644
TOKYOTECH_s05,47,130,51.333333333333336,0.22253620624542236,-0.5092677646341531
TOKYOTECH_s05,47,131,51.36666666666667,0.1620299220085144,-0.7223390489999688
TOKYOTECH_s05,47,132,51.4,0.39035099744796753,-0.930618624041977
TOKYOTECH_s05,47,133,51.43333333333333,0.5359578728675842,-1.1111318718975527
TOKYOTECH_s05,47,134,51.46666666666667,0.3968958258628845,-1.2347450043611727
TOKYOTECH_s05,47,135,51.5,0.16950972378253937,-1.2692364657100166
TOKYOTECH_s05,47,136,51.53333333333333,-0.05294326692819595,-1.1865972624935333
TOKYOTECH_s05,47,137,51.56666666666667,-0.39495739340782166,-0.9739322047311004
TOKYOTECH_s05,47,138,51.6,-0.7451903820037842,-0.6429358988698607
TOKYOTECH_s05,47,139,51.63333333333333,-0.8677523732185364,-0.23137412702148974
TOKYOTECH_s05,47,140,51.666666666666664,-1.0298415422439575,0.20595768399365327
TOKYOTECH_s05,47,141,51.7,-1.0881662368774414,0.6128096889840751
TOKYOTECH_s05,47,142,51.733333333333334,-1.0763587951660156,0.9457560241509555
TOKYOTECH_s05,47,143,51.766666666666666,-1.0496718883514404,1.1807680463016972
TOKYOTECH_s05,47,144,51.8,-1.0207144021987915,1.3112286941907372
TOKYOTECH_s05,47,145,51.833333333333336,-1.065058946609497,1.3416104222109166
TOKYOTECH_s05,47,146,51.86666666666667,-1.1474615335464478,1.281810226172794
TOKYOTECH_s05,47,147,51.9,-1.2623388767242432,1.1444507534506134
TOKYOTECH_s05,47,148,51.93333333333333,-0.9505645036697388,0.9444236005159603
TOKYOTECH_s05,47,149,51.96666666666667,0.4149453043937683,0.6986977355863893
TOKYOTECH_s05,47,150,52.0,1.857007384300232,0.42528102568806764
TOKYOTECH_s05,47,151,52.03333333333333,2.088489532470703,0.14170740983221589
TOKYOTECH_s05,47,152,52.06666666666667,1.661811113357544,-0.13613212150417647
TOKYOTECH_s05,47,153,52.1,1.139987826347351,-0.39471398931448665
TOKYOTECH_s05,47,154,52.13333333333333,0.5776934027671814,-0.6238726233595394
TOKYOTECH_s05,47,155,52.166666666666664,0.12445279955863953,-0.8182609621977263
TOKYOTECH_s05,47,156,52.2,-0.10347647964954376,-0.9776296279038796
TOKYOTECH_s05,47,157,52.233333333333334,-0.054893359541893005,-1.1035555822147045
TOKYOTECH_s05,47,158,52.266666666666666,0.25555419921875,-1.192646573472134
TOKYOTECH_s05,47,159,52.3,0.48665350675582886,-1.230346234714112
TOKYOTECH_s05,47,160,52.333333333333336,0.31118080019950867,-1.19166525570533
TOKYOTECH_s05,47,161,52.36666666666667,-0.04536551237106323,-1.0518577176705353
TOKYOTECH_s05,47,162,52.4,-0.3379416763782501,-0.8019609705829595
TOKYOTECH_s05,47,163,52.43333333333333,-0.6322720646858215,-0.4588901765443199
TOKYOTECH_s05,47,164,52.46666666666667,-0.9198616743087769,-0.06335391079625324
TOKYOTECH_s05,47,165,52.5,-1.027125597000122,0.33266723096127826
TOKYOTECH_s05,47,166,52.53333333333333,-1.1052361726760864,0.6812303370628807
TOKYOTECH_s05,47,167,52.56666666666667,-1.1315491199493408,0.9489580243756633
TOKYOTECH_s05,47,168,52.6,-1.2306030988693237,1.120046312908004
TOKYOTECH_s05,47,169,52.63333333333333,-1.1489752531051636,1.1939365293694912
TOKYOTECH_s05,47,170,52.666666666666664,-1.109670639038086,1.1810537079645753
TOKYOTECH_s05,47,171,52.7,-1.1666507720947266,1.0984217988248561
TOKYOTECH_s05,47,172,52.733333333333334,-1.3033263683319092,0.9654138328046021
TOKYOTECH_s05,47,173,52.766666666666666,-0.8741992712020874,0.7997287987219283
TOKYOTECH_s05,47,174,52.8,0.6805942058563232,0.6145410463289497
TOKYOTECH_s05,47,175,52.833333333333336,2.0677330493927,0.4181260963217077
TOKYOTECH_s05,47,176,52.86666666666667,2.2028236389160156,0.21604395993573455
TOKYOTECH_s05,47,177,52.9,1.8166698217391968,0.013914643704089742
TOKYOTECH_s05,47,178,52.93333333333333,1.4211127758026123,-0.1821715524423597
TOKYOTECH_s05,47,179,52.96666666666667,0.9382556676864624,-0.3687347356619182
TOKYOTECH_s05,47,180,53.0,0.4256930649280548,-0.5485166978455365
TOKYOTECH_s05,47,181,53.03333333333333,0.1302763670682907,-0.7295233404618546
TOKYOTECH_s05,47,182,53.06666666666667,0.17113034427165985,-0.9173213062985694
TOKYOTECH_s05,47,183,53.1,0.4113478660583496,-1.104065570773459
TOKYOTECH_s05,47,184,53.13333333333333,0.5016309022903442,-1.2614823655975316
TOKYOTECH_s05,47,185,53.166666666666664,0.32102030515670776,-1.343999481633844
TOKYOTECH_s05,47,186,53.2,0.04889785125851631,-1.3026933900266
TOKYOTECH_s05,47,187,53.233333333333334,-0.2173387110233307,-1.1044113298631721
TOKYOTECH_s05,47,188,53.266666666666666,-0.45725348591804504,-0.747473170561771
TOKYOTECH_s05,47,189,53.3,-0.7010061144828796,-0.2672338989984779
TOKYOTECH_s05,47,190,53.333333333333336,-0.9273058772087097,0.2700477534863422
TOKYOTECH_s05,47,191,53.36666666666667,-1.0627527236938477,0.7819677637079511
TOKYOTECH_s05,47,192,53.4,-1.0480157136917114,1.1888373940282337
TOKYOTECH_s05,47,193,53.43333333333333,-1.0374549627304077,1.4323237661234633
TOKYOTECH_s05,47,194,53.46666666666667,-1.1089582443237305,1.489266181926797
TOKYOTECH_s05,47,195,53.5,-1.0748094320297241,1.3761318949828973
TOKYOTECH_s05,47,196,53.53333333333333,-1.029369592666626,1.1417128507834973
TOKYOTECH_s05,47,197,53.56666666666667,-1.1511569023132324,0.8498515151843496
TOKYOTECH_s05,47,198,53.6,-1.0667152404785156,0.5585001490568672
TOKYOTECH_s05,47,199,53.63333333333333,0.2461332082748413,0.3035668498255581
TOKYOTECH_s05,47,200,53.666666666666664,1.9005950689315796,0.09391547833763442
TOKYOTECH_s05,47,201,53.7,2.2845582962036133,-0.08183144371161319
TOKYOTECH_s05,47,202,53.733333333333334,1.9395167827606201,-0.24232250142420483
TOKYOTECH_s05,47,203,53.766666666666666,1.5371298789978027,-0.4022086894691408
TOKYOTECH_s05,47,204,53.8,1.1306915283203125,-0.5667942653240013
TOKYOTECH_s05,47,205,53.833333333333336,0.7150903344154358,-0.7315476035050464
TOKYOTECH_s05,47,206,53.86666666666667,0.3993000388145447,-0.8835086856655915
TOKYOTECH_s05,47,207,53.9,0.3390074670314789,-1.0032905820378086
TOKYOTECH_s05,47,208,53.93333333333333,0.49171125888824463,-1.068697123156979
TOKYOTECH_s05,47,209,53.96666666666667,0.6473981142044067,-1.060954121327437
TOKYOTECH_s05,47,210,54.0,0.5405614972114563,-0.9716247773862823
TOKYOTECH_s05,47,211,54.03333333333333,0.24746888875961304,-0.8058772364524327
TOKYOTECH_s05,47,212,54.06666666666667,-0.06011141464114189,-0.5793100855580736
TOKYOTECH_s05,47,213,54.1,-0.3692767322063446,-0.31038042962302415
TOKYOTECH_s05,47,214,54.13333333333333,-0.5919879674911499,-0.014736169691871389
TOKYOTECH_s05,47,215,54.166666666666664,-0.7163130044937134,0.29351834980659947
TOKYOTECH_s05,47,216,54.2,-0.855517566204071,0.5958218012297029
TOKYOTECH_s05,47,217,54.233333333333334,-0.9761649966239929,0.8659181052336082
TOKYOTECH_s05,47,218,54.266666666666666,-0.9410010576248169,1.0738931999532733
TOKYOTECH_s05,47,219,54.3,-0.915302574634552,1.195132391100934
TOKYOTECH_s05,47,220,54.333333333333336,-0.9793973565101624,1.2184093694255924
TOKYOTECH_s05,47,221,54.36666666666667,-1.0188711881637573,1.148552333321641
TOKYOTECH_s05,47,222,54.4,-1.0373302698135376,1.0026798231180007
TOKYOTECH_s05,47,223,54.43333333333333,-1.1869441270828247,0.8027820316042081
TOKYOTECH_s05,47,224,54.46666666666667,-1.0225131511688232,0.5695388570747882
TOKYOTECH_s05,47,225,54.5,0.31923940777778625,0.3207557867543624
TOKYOTECH_s05,47,226,54.53333333333333,1.8827592134475708,0.07320459870402665
TOKYOTECH_s05,47,227,54.56666666666667,2.207329511642456,-0.15635524843382417
TOKYOTECH_s05,47,228,54.6,1.8539353609085083,-0.3532425408396602
TOKYOTECH_s05,47,229,54.63333333333333,1.4584405422210693,-0.5081462200716352
TOKYOTECH_s05,47,230,54.666666666666664,1.0129023790359497,-0.6181130427416012
TOKYOTECH_s05,47,231,54.7,0.5521017909049988,-0.6838850080352511
TOKYOTECH_s05,47,232,54.733333333333334,0.1594119817018509,-0.7062391517045759
TOKYOTECH_s05,47,233,54.766666666666666,0.09800633788108826,-0.6855401498397089
TOKYOTECH_s05,47,234,54.8,0.4156220555305481,-0.6255549705370977
TOKYOTECH_s05,47,235,54.833333333333336,0.6545395255088806,-0.5378055471029592
TOKYOTECH_s05,47,236,54.86666666666667,0.5610686540603638,-0.44108821540902043
TOKYOTECH_s05,47,237,54.9,0.29281967878341675,-0.35418882606863333
TOKYOTECH_s05,47,238,54.93333333333333,-0.018927959725260735,-0.2860876128539044
TOKYOTECH_s05,47,239,54.96666666666667,-0.3728652596473694,-0.2311366376854581
TOKYOTECH_s05,48,0,48.0,0.5134472250938416,-0.056346072122348365
TOKYOTECH_s05,48,1,48.03333333333333,0.2198648452758789,-1.5610790855593435
TOKYOTECH_s05,48,2,48.06666666666667,0.2844405174255371,-2.8563408370187364
TOKYOTECH_s05,48,3,48.1,0.6026172041893005,-3.7818133664084153
TOKYOTECH_s05,48,4,48.13333333333333,0.6432663798332214,-4.2564489142757145
TOKYOTECH_s05,48,5,48.166666666666664,0.3887837827205658,-4.290023995776622
TOKYOTECH_s05,48,6,48.2,0.11204878240823746,-3.967044752981562
TOKYOTECH_s05,48,7,48.233333333333334,-0.1289968639612198,-3.4111662421151903
TOKYOTECH_s05,48,8,48.266666666666666,-0.48162519931793213,-2.7460644684985307
TOKYOTECH_s05,48,9,48.3,-0.6640879511833191,-2.067521866401915
TOKYOTECH_s05,48,10,48.333333333333336,-0.7326973676681519,-1.434076997159017
TOKYOTECH_s05,48,11,48.36666666666667,-0.8081810474395752,-0.8736739924966227
TOKYOTECH_s05,48,12,48.4,-0.8605396747589111,-0.39608317911090035
TOKYOTECH_s05,48,13,48.43333333333333,-0.8747602105140686,-0.001015902310046432
TOKYOTECH_s05,48,14,48.46666666666667,-0.8177534341812134,0.31979745730914766
TOKYOTECH_s05,48,15,48.5,-0.8757931590080261,0.5806573903545055
TOKYOTECH_s05,48,16,48.53333333333333,-0.9648562669754028,0.7952080880228203
TOKYOTECH_s05,48,17,48.56666666666667,-1.0764567852020264,0.9671537653514652
TOKYOTECH_s05,48,18,48.6,-0.6403128504753113,1.0857380695614582
TOKYOTECH_s05,48,19,48.63333333333333,0.6747528314590454,1.1317085305907764
TOKYOTECH_s05,48,20,48.666666666666664,1.719076156616211,1.091552359704487
TOKYOTECH_s05,48,21,48.7,1.745184302330017,0.9704512997788631
TOKYOTECH_s05,48,22,48.733333333333334,1.3088889122009277,0.7944552793348674
TOKYOTECH_s05,48,23,48.766666666666666,0.7523112893104553,0.6000534287892716
TOKYOTECH_s05,48,24,48.8,0.18770167231559753,0.4190128499624889
TOKYOTECH_s05,48,25,48.833333333333336,-0.24615377187728882,0.2695761207183243
TOKYOTECH_s05,48,26,48.86666666666667,-0.39249974489212036,0.15832226232895572
TOKYOTECH_s05,48,27,48.9,-0.05277407914400101,0.08751433322863048
TOKYOTECH_s05,48,28,48.93333333333333,0.28785985708236694,0.059693732772964234
TOKYOTECH_s05,48,29,48.96666666666667,0.28245478868484497,0.07585052140937093
TOKYOTECH_s05,48,30,49.0,0.16323202848434448,0.13075146909132782
TOKYOTECH_s05,48,31,49.03333333333333,-0.178434818983078,0.21201207728130586
TOKYOTECH_s05,48,32,49.06666666666667,-0.5146075487136841,0.30516452977607333
TOKYOTECH_s05,48,33,49.1,-0.7480754852294922,0.4002895137021135
TOKYOTECH_s05,48,34,49.13333333333333,-1.0097707509994507,0.4936506821474325
TOKYOTECH_s05,48,35,49.166666666666664,-1.0675077438354492,0.5820881555900698
TOKYOTECH_s05,48,36,49.2,-1.109430193901062,0.6551728660116922
TOKYOTECH_s05,48,37,49.233333333333334,-1.1061177253723145,0.6931427658054056
TOKYOTECH_s05,48,38,49.266666666666666,-1.1072040796279907,0.6736793492419427
TOKYOTECH_s05,48,39,49.3,-1.1394562721252441,0.5829708369265818
TOKYOTECH_s05,48,40,49.333333333333336,-1.1574435234069824,0.42351791358822005
TOKYOTECH_s05,48,41,49.36666666666667,-1.1566241979599,0.21408863774238157
TOKYOTECH_s05,48,42,49.4,-0.3559199273586273,-0.017073538746563175
TOKYOTECH_s05,48,43,49.43333333333333,1.3180783987045288,-0.240765982131988
TOKYOTECH_s05,48,44,49.46666666666667,2.1241610050201416,-0.43264720922686367
TOKYOTECH_s05,48,45,49.5,1.9838969707489014,-0.575668720439667
TOKYOTECH_s05,48,46,49.53333333333333,1.5921154022216797,-0.6616285353418384
TOKYOTECH_s05,48,47,49.56666666666667,1.18888258934021,-0.6938689376570601
TOKYOTECH_s05,48,48,49.6,0.7197296023368835,-0.6891445140765572
TOKYOTECH_s05,48,49,49.63333333333333,0.2845562696456909,-0.6741904802138529
TOKYOTECH_s05,48,50,49.666666666666664,0.07770401239395142,-0.6754841598556605
TOKYOTECH_s05,48,51,49.7,0.19814670085906982,-0.7065380890676162
TOKYOTECH_s05,48,52,49.733333333333334,0.4373758137226105,-0.7603608839756786
TOKYOTECH_s05,48,53,49.766666666666666,0.4271267056465149,-0.8120778940586053
TOKYOTECH_s05,48,54,49.8,0.24305224418640137,-0.8294432075001359
TOKYOTECH_s05,48,55,49.833333333333336,0.0035292678512632847,-0.7839711087282434
TOKYOTECH_s05,48,56,49.86666666666667,-0.37894704937934875,-0.6576031598012806
TOKYOTECH_s05,48,57,49.9,-0.6390305757522583,-0.4455005212002181
TOKYOTECH_s05,48,58,49.93333333333333,-0.8143162727355957,-0.1582241160494236
TOKYOTECH_s05,48,59,49.96666666666667,-0.974108099937439,0.1760766951086955
TOKYOTECH_s05,48,60,50.0,-1.0328691005706787,0.5137839148956462
TOKYOTECH_s05,48,61,50.03333333333333,-1.1178984642028809,0.8065411621499617
TOKYOTECH_s05,48,62,50.06666666666667,-1.055112600326538,1.0172262706821318
TOKYOTECH_s05,48,63,50.1,-1.0275797843933105,1.1312109392678753
TOKYOTECH_s05,48,64,50.13333333333333,-1.1053074598312378,1.1558506591317144
TOKYOTECH_s05,48,65,50.166666666666664,-1.1606045961380005,1.109873686620253
TOKYOTECH_s05,48,66,50.2,-1.1193143129348755,1.0105988391208882
TOKYOTECH_s05,48,67,50.233333333333334,0.0008668131777085364,0.8670349966044224
TOKYOTECH_s05,48,68,50.266666666666666,1.695176362991333,0.6818685466599718
TOKYOTECH_s05,48,69,50.3,2.244194269180298,0.45896933691562003
TOKYOTECH_s05,48,70,50.333333333333336,2.0110557079315186,0.20963603728035032
TOKYOTECH_s05,48,71,50.36666666666667,1.6040385961532593,-0.047400063814546464
TOKYOTECH_s05,48,72,50.4,1.1907703876495361,-0.2915375460428522
TOKYOTECH_s05,48,73,50.43333333333333,0.7545552253723145,-0.5063861774606094
TOKYOTECH_s05,48,74,50.46666666666667,0.3636285066604614,-0.6821301166640872
TOKYOTECH_s05,48,75,50.5,0.18286651372909546,-0.8140714731123216
TOKYOTECH_s05,48,76,50.53333333333333,0.3145289123058319,-0.9003649738804086
TOKYOTECH_s05,48,77,50.56666666666667,0.5653517246246338,-0.9414293806329835
TOKYOTECH_s05,48,78,50.6,0.5429657697677612,-0.9401111405636614
TOKYOTECH_s05,48,79,50.63333333333333,0.26560741662979126,-0.89973571531629
TOKYOTECH_s05,48,80,50.666666666666664,-0.08507081121206284,-0.8197241478428914
TOKYOTECH_s05,48,81,50.7,-0.35762959718704224,-0.6927561303979601
TOKYOTECH_s05,48,82,50.733333333333334,-0.6038487553596497,-0.5085852988942771
TOKYOTECH_s05,48,83,50.766666666666666,-0.8605129718780518,-0.2649032918349186
TOKYOTECH_s05,48,84,50.8,-1.020500659942627,0.022255319957294017
TOKYOTECH_s05,48,85,50.833333333333336,-1.056555151939392,0.31841950226476873
TOKYOTECH_s05,48,86,50.86666666666667,-1.131691575050354,0.5828383540999397
TOKYOTECH_s05,48,87,50.9,-1.0800987482070923,0.7846452436421884
TOKYOTECH_s05,48,88,50.93333333333333,-1.07845139503479,0.9123402215282688
TOKYOTECH_s05,48,89,50.96666666666667,-1.1253693103790283,0.971703573841706
TOKYOTECH_s05,48,90,51.0,-1.1263666152954102,0.9756289160160848
TOKYOTECH_s05,48,91,51.03333333333333,-1.2919641733169556,0.9341289619171221
TOKYOTECH_s05,48,92,51.06666666666667,-1.1586633920669556,0.8509153803534328
TOKYOTECH_s05,48,93,51.1,0.12869136035442352,0.7270484089522972
TOKYOTECH_s05,48,94,51.13333333333333,1.736128330230713,0.5670731686804916
TOKYOTECH_s05,48,95,51.166666666666664,2.2004995346069336,0.3819762389721948
TOKYOTECH_s05,48,96,51.2,1.8648344278335571,0.18646304703131392
TOKYOTECH_s05,48,97,51.233333333333334,1.4211305379867554,-0.007272374994232933
TOKYOTECH_s05,48,98,51.266666666666666,0.9618971943855286,-0.1944511031746401
TOKYOTECH_s05,48,99,51.3,0.5498578548431396,-0.37760099065970576
TOKYOTECH_s05,48,100,51.333333333333336,0.22253620624542236,-0.561734490266294
TOKYOTECH_s05,48,101,51.36666666666667,0.1620299220085144,-0.7481634844308985
TOKYOTECH_s05,48,102,51.4,0.39035099744796753,-0.9298399165633223
TOKYOTECH_s05,48,103,51.43333333333333,0.5359578728675842,-1.0891763331390771
TOKYOTECH_s05,48,104,51.46666666666667,0.3968958258628845,-1.1987726197935489
TOKYOTECH_s05,48,105,51.5,0.16950972378253937,-1.2260042563285847
TOKYOTECH_s05,48,106,51.53333333333333,-0.05294326692819595,-1.142071171130991
TOKYOTECH_s05,48,107,51.56666666666667,-0.39495739340782166,-0.9337047497594892
TOKYOTECH_s05,48,108,51.6,-0.7451903820037842,-0.6123194821972083
TOKYOTECH_s05,48,109,51.63333333333333,-0.8677523732185364,-0.2146680902818003
TOKYOTECH_s05,48,110,51.666666666666664,-1.0298415422439575,0.20675750356145192
TOKYOTECH_s05,48,111,51.7,-1.0881662368774414,0.5991270050647679
TOKYOTECH_s05,48,112,51.733333333333334,-1.0763587951660156,0.9225285125209968
TOKYOTECH_s05,48,113,51.766666666666666,-1.0496718883514404,1.1549368684587382
TOKYOTECH_s05,48,114,51.8,-1.0207144021987915,1.2887532482999347
TOKYOTECH_s05,48,115,51.833333333333336,-1.065058946609497,1.3240748629224044
TOKYOTECH_s05,48,116,51.86666666666667,-1.1474615335464478,1.2643195882266565
TOKYOTECH_s05,48,117,51.9,-1.2623388767242432,1.1163640863409383
TOKYOTECH_s05,48,118,51.93333333333333,-0.9505645036697388,0.8933991780731358
TOKYOTECH_s05,48,119,51.96666666666667,0.4149453043937683,0.6168442575000533
TOKYOTECH_s05,48,120,52.0,1.857007384300232,0.3146840206986636
TOKYOTECH_s05,48,121,52.03333333333333,2.088489532470703,0.016293076773750127
TOKYOTECH_s05,48,122,52.06666666666667,1.661811113357544,-0.2538747781435637
TOKYOTECH_s05,48,123,52.1,1.139987826347351,-0.48097623117807076
TOKYOTECH_s05,48,124,52.13333333333333,0.5776934027671814,-0.661564031651452
TOKYOTECH_s05,48,125,52.166666666666664,0.12445279955863953,-0.8023738196460446
TOKYOTECH_s05,48,126,52.2,-0.10347647964954376,-0.915682836406218
TOKYOTECH_s05,48,127,52.233333333333334,-0.054893359541893005,-1.0111203504797937
TOKYOTECH_s05,48,128,52.266666666666666,0.25555419921875,-1.0865401034541362
TOKYOTECH_s05,48,129,52.3,0.48665350675582886,-1.1234485539540828
TOKYOTECH_s05,48,130,52.333333333333336,0.31118080019950867,-1.0919845583404881
TOKYOTECH_s05,48,131,52.36666666666667,-0.04536551237106323,-0.9652130769265475
TOKYOTECH_s05,48,132,52.4,-0.3379416763782501,-0.7351459761441335
TOKYOTECH_s05,48,133,52.43333333333333,-0.6322720646858215,-0.42022214169577227
TOKYOTECH_s05,48,134,52.46666666666667,-0.9198616743087769,-0.05974203302171051
TOKYOTECH_s05,48,135,52.5,-1.027125597000122,0.30037400184369883
TOKYOTECH_s05,48,136,52.53333333333333,-1.1052361726760864,0.6216878348713867
TOKYOTECH_s05,48,137,52.56666666666667,-1.1315491199493408,0.8803875401727473
TOKYOTECH_s05,48,138,52.6,-1.2306030988693237,1.0664323969439191
TOKYOTECH_s05,48,139,52.63333333333333,-1.1489752531051636,1.178492882074073
TOKYOTECH_s05,48,140,52.666666666666664,-1.109670639038086,1.2191444201046349
TOKYOTECH_s05,48,141,52.7,-1.1666507720947266,1.192391335442405
TOKYOTECH_s05,48,142,52.733333333333334,-1.3033263683319092,1.1031364507341679
TOKYOTECH_s05,48,143,52.766666666666666,-0.8741992712020874,0.957336998853785
TOKYOTECH_s05,48,144,52.8,0.6805942058563232,0.7622641670266085
TOKYOTECH_s05,48,145,52.833333333333336,2.0677330493927,0.5271172501085575
TOKYOTECH_s05,48,146,52.86666666666667,2.2028236389160156,0.2639905875063069
TOKYOTECH_s05,48,147,52.9,1.8166698217391968,-0.011828087265542686
TOKYOTECH_s05,48,148,52.93333333333333,1.4211127758026123,-0.283722590614588
TOKYOTECH_s05,48,149,52.96666666666667,0.9382556676864624,-0.537909369934659
TOKYOTECH_s05,48,150,53.0,0.4256930649280548,-0.7672217748103791
TOKYOTECH_s05,48,151,53.03333333333333,0.1302763670682907,-0.9706276459571463
TOKYOTECH_s05,48,152,53.06666666666667,0.17113034427165985,-1.1471717598855078
TOKYOTECH_s05,48,153,53.1,0.4113478660583496,-1.2875964624119194
TOKYOTECH_s05,48,154,53.13333333333333,0.5016309022903442,-1.3697621190200506
TOKYOTECH_s05,48,155,53.166666666666664,0.32102030515670776,-1.3625797773632344
TOKYOTECH_s05,48,156,53.2,0.04889785125851631,-1.2378057369107576
TOKYOTECH_s05,48,157,53.233333333333334,-0.2173387110233307,-0.9837086346745811
TOKYOTECH_s05,48,158,53.266666666666666,-0.45725348591804504,-0.6133883956212139
TOKYOTECH_s05,48,159,53.3,-0.7010061144828796,-0.16398503186259375
TOKYOTECH_s05,48,160,53.333333333333336,-0.9273058772087097,0.3114952274220381
TOKYOTECH_s05,48,161,53.36666666666667,-1.0627527236938477,0.754926785285727
TOKYOTECH_s05,48,162,53.4,-1.0480157136917114,1.1130496724160752
TOKYOTECH_s05,48,163,53.43333333333333,-1.0374549627304077,1.346140876841906
TOKYOTECH_s05,48,164,53.46666666666667,-1.1089582443237305,1.435112073356927
TOKYOTECH_s05,48,165,53.5,-1.0748094320297241,1.385212949233177
TOKYOTECH_s05,48,166,53.53333333333333,-1.029369592666626,1.223822512821355
TOKYOTECH_s05,48,167,53.56666666666667,-1.1511569023132324,0.9914995550024102
TOKYOTECH_s05,48,168,53.6,-1.0667152404785156,0.7290185947114096
TOKYOTECH_s05,48,169,53.63333333333333,0.2461332082748413,0.4659579263255076
TOKYOTECH_s05,48,170,53.666666666666664,1.9005950689315796,0.2160359952862264
TOKYOTECH_s05,48,171,53.7,2.2845582962036133,-0.019409453584538362
TOKYOTECH_s05,48,172,53.733333333333334,1.9395167827606201,-0.24336758386399732
TOKYOTECH_s05,48,173,53.766666666666666,1.5371298789978027,-0.4561813121725044
TOKYOTECH_s05,48,174,53.8,1.1306915283203125,-0.6526617394282794
TOKYOTECH_s05,48,175,53.833333333333336,0.7150903344154358,-0.8223294926053824
TOKYOTECH_s05,48,176,53.86666666666667,0.3993000388145447,-0.9506707002874747
TOKYOTECH_s05,48,177,53.9,0.3390074670314789,-1.0210259312868972
TOKYOTECH_s05,48,178,53.93333333333333,0.49171125888824463,-1.018635638584592
TOKYOTECH_s05,48,179,53.96666666666667,0.6473981142044067,-0.9374238973408203
TOKYOTECH_s05,48,180,54.0,0.5405614972114563,-0.7861311021636884
TOKYOTECH_s05,48,181,54.03333333333333,0.24746888875961304,-0.5880104448241343
TOKYOTECH_s05,48,182,54.06666666666667,-0.06011141464114189,-0.3715166172320286
TOKYOTECH_s05,48,183,54.1,-0.3692767322063446,-0.1564687342932753
TOKYOTECH_s05,48,184,54.13333333333333,-0.5919879674911499,0.05452339449471919
TOKYOTECH_s05,48,185,54.166666666666664,-0.7163130044937134,0.27181946430164383
TOKYOTECH_s05,48,186,54.2,-0.855517566204071,0.5040860897827374
TOKYOTECH_s05,48,187,54.233333333333334,-0.9761649966239929,0.7440699373315135
TOKYOTECH_s05,48,188,54.266666666666666,-0.9410010576248169,0.9645211790397608
TOKYOTECH_s05,48,189,54.3,-0.915302574634552,1.1261054034355633
TOKYOTECH_s05,48,190,54.333333333333336,-0.9793973565101624,1.1919744080079104
TOKYOTECH_s05,48,191,54.36666666666667,-1.0188711881637573,1.1410750230695292
TOKYOTECH_s05,48,192,54.4,-1.0373302698135376,0.97442938095792
TOKYOTECH_s05,48,193,54.43333333333333,-1.1869441270828247,0.7133297690512316
TOKYOTECH_s05,48,194,54.46666666666667,-1.0225131511688232,0.39250008606660275
TOKYOTECH_s05,48,195,54.5,0.31923940777778625,0.05227565177552396
TOKYOTECH_s05,48,196,54.53333333333333,1.8827592134475708,-0.2683300159532631
TOKYOTECH_s05,48,197,54.56666666666667,2.207329511642456,-0.537977970966869
TOKYOTECH_s05,48,198,54.6,1.8539353609085083,-0.738575752701318
TOKYOTECH_s05,48,199,54.63333333333333,1.4584405422210693,-0.8680203967027059
TOKYOTECH_s05,48,200,54.666666666666664,1.0129023790359497,-0.9377329189291639
TOKYOTECH_s05,48,201,54.7,0.5521017909049988,-0.9649936766019458
TOKYOTECH_s05,48,202,54.733333333333334,0.1594119817018509,-0.9638554920136448
TOKYOTECH_s05,48,203,54.766666666666666,0.09800633788108826,-0.9398327715178023
TOKYOTECH_s05,48,204,54.8,0.4156220555305481,-0.8905188005108238
TOKYOTECH_s05,48,205,54.833333333333336,0.6545395255088806,-0.8096476319982032
TOKYOTECH_s05,48,206,54.86666666666667,0.5610686540603638,-0.690277945732262
TOKYOTECH_s05,48,207,54.9,0.29281967878341675,-0.5255134082017615
TOKYOTECH_s05,48,208,54.93333333333333,-0.018927959725260735,-0.3100311987428914
TOKYOTECH_s05,48,209,54.96666666666667,-0.3728652596473694,-0.04610147352101105
TOKYOTECH_s05,48,210,55.0,-0.6164041757583618,0.24870608051079632
TOKYOTECH_s05,48,211,55.03333333333333,-0.7091359496116638,0.5401393003928177
TOKYOTECH_s05,48,212,55.06666666666667,-0.7452705502510071,0.7865692149906768
TOKYOTECH_s05,48,213,55.1,-0.8333719968795776,0.9549413477433386
TOKYOTECH_s05,48,214,55.13333333333333,-0.8607979416847229,1.0342852257116932
TOKYOTECH_s05,48,215,55.166666666666664,-0.8471205830574036,1.038917914415046
TOKYOTECH_s05,48,216,55.2,-0.9750341773033142,0.9994102683996452
TOKYOTECH_s05,48,217,55.233333333333334,-1.0250598192214966,0.9464435930653021
TOKYOTECH_s05,48,218,55.266666666666666,-0.8977606296539307,0.8967944866817206
TOKYOTECH_s05,48,219,55.3,-0.09295132756233215,0.8489494466303581
TOKYOTECH_s05,48,220,55.333333333333336,1.2834665775299072,0.7889657670598949
TOKYOTECH_s05,48,221,55.36666666666667,1.815173864364624,0.700610379768746
TOKYOTECH_s05,48,222,55.4,1.5625700950622559,0.572679858812585
TOKYOTECH_s05,48,223,55.43333333333333,1.1308250427246094,0.40067968241206364
TOKYOTECH_s05,48,224,55.46666666666667,0.6414320468902588,0.1856759746146261
TOKYOTECH_s05,48,225,55.5,0.14012476801872253,-0.06515919827029822
TOKYOTECH_s05,48,226,55.53333333333333,-0.22757002711296082,-0.3357390296829391
TOKYOTECH_s05,48,227,55.56666666666667,-0.20737454295158386,-0.5998742811028848
TOKYOTECH_s05,48,228,55.6,0.13366007804870605,-0.825177991569737
TOKYOTECH_s05,48,229,55.63333333333333,0.38437604904174805,-0.9813976169231149
TOKYOTECH_s05,48,230,55.666666666666664,0.3443056643009186,-1.0489920039307226
TOKYOTECH_s05,48,231,55.7,0.07900407165288925,-1.023794221578229
TOKYOTECH_s05,48,232,55.733333333333334,-0.3131692707538605,-0.9169471394384938
TOKYOTECH_s05,48,233,55.766666666666666,-0.6428416967391968,-0.7521639136293397
TOKYOTECH_s05,48,234,55.8,-0.7833908200263977,-0.5618233785353951
TOKYOTECH_s05,48,235,55.833333333333336,-0.975568413734436,-0.38145015589956516
TOKYOTECH_s05,48,236,55.86666666666667,-1.1038738489151,-0.24196825130064023
TOKYOTECH_s05,48,237,55.9,-1.1147996187210083,-0.16101417994145859
TOKYOTECH_s05,48,238,55.93333333333333,-1.1628841161727905,-0.13674068891012697
TOKYOTECH_s05,48,239,55.96666666666667,-1.1097596883773804,-0.14782710711206515
TOKYOTECH_s05,49,0,49.0,0.16323202848434448,0.03130897389094222
TOKYOTECH_s05,49,1,49.03333333333333,-0.178434818983078,-1.185398814304201
TOKYOTECH_s05,49,2,49.06666666666667,-0.5146075487136841,-2.1866038709375086
TOKYOTECH_s05,49,3,49.1,-0.7480754852294922,-2.813490590696464
TOKYOTECH_s05,49,4,49.13333333333333,-1.0097707509994507,-3.0027776868989116
TOKYOTECH_s05,49,5,49.166666666666664,-1.0675077438354492,-2.7971553441659953
TOKYOTECH_s05,49,6,49.2,-1.109430193901062,-2.321268960485797
TOKYOTECH_s05,49,7,49.233333333333334,-1.1061177253723145,-1.7341454569201724
TOKYOTECH_s05,49,8,49.266666666666666,-1.1072040796279907,-1.178676041667218
TOKYOTECH_s05,49,9,49.3,-1.1394562721252441,-0.7473007052743779
TOKYOTECH_s05,49,10,49.333333333333336,-1.1574435234069824,-0.4726605089614763
TOKYOTECH_s05,49,11,49.36666666666667,-1.1566241979599,-0.33944360637544896
TOKYOTECH_s05,49,12,49.4,-0.3559199273586273,-0.3058672455683445
TOKYOTECH_s05,49,13,49.43333333333333,1.3180783987045288,-0.3231709328380683
TOKYOTECH_s05,49,14,49.46666666666667,2.1241610050201416,-0.34754195782081887
TOKYOTECH_s05,49,15,49.5,1.9838969707489014,-0.34585370561186
TOKYOTECH_s05,49,16,49.53333333333333,1.5921154022216797,-0.2994896350024464
TOKYOTECH_s05,49,17,49.56666666666667,1.18888258934021,-0.20816891257637027
TOKYOTECH_s05,49,18,49.6,0.7197296023368835,-0.09091880146652595
TOKYOTECH_s05,49,19,49.63333333333333,0.2845562696456909,0.020345735680111332
TOKYOTECH_s05,49,20,49.666666666666664,0.07770401239395142,0.09485139427879305
TOKYOTECH_s05,49,21,49.7,0.19814670085906982,0.11835513065790594
TOKYOTECH_s05,49,22,49.733333333333334,0.4373758137226105,0.10108061353629061
TOKYOTECH_s05,49,23,49.766666666666666,0.4271267056465149,0.07341944895561486
TOKYOTECH_s05,49,24,49.8,0.24305224418640137,0.07279355171836886
TOKYOTECH_s05,49,25,49.833333333333336,0.0035292678512632847,0.13007452740258998
TOKYOTECH_s05,49,26,49.86666666666667,-0.37894704937934875,0.2612142213382916
TOKYOTECH_s05,49,27,49.9,-0.6390305757522583,0.4640030653320431
TOKYOTECH_s05,49,28,49.93333333333333,-0.8143162727355957,0.7177532733279448
TOKYOTECH_s05,49,29,49.96666666666667,-0.974108099937439,0.9855917551241773
TOKYOTECH_s05,49,30,50.0,-1.0328691005706787,1.2213000261041143
TOKYOTECH_s05,49,31,50.03333333333333,-1.1178984642028809,1.3814885108378114
TOKYOTECH_s05,49,32,50.06666666666667,-1.055112600326538,1.4390530262141144
TOKYOTECH_s05,49,33,50.1,-1.0275797843933105,1.3906411377315488
TOKYOTECH_s05,49,34,50.13333333333333,-1.1053074598312378,1.2537533889020773
TOKYOTECH_s05,49,35,50.166666666666664,-1.1606045961380005,1.0556405930332382
TOKYOTECH_s05,49,36,50.2,-1.1193143129348755,0.8209489767638554
TOKYOTECH_s05,49,37,50.233333333333334,0.0008668131777085364,0.5650346351886235
TOKYOTECH_s05,49,38,50.266666666666666,1.695176362991333,0.29532777194481963
TOKYOTECH_s05,49,39,50.3,2.244194269180298,0.017581800938646648
TOKYOTECH_s05,49,40,50.333333333333336,2.0110557079315186,-0.25877847665097153
TOKYOTECH_s05,49,41,50.36666666666667,1.6040385961532593,-0.520221996327582
TOKYOTECH_s05,49,42,50.4,1.1907703876495361,-0.7529906660528567
TOKYOTECH_s05,49,43,50.43333333333333,0.7545552253723145,-0.9472668184043562
TOKYOTECH_s05,49,44,50.46666666666667,0.3636285066604614,-1.098259241625828
TOKYOTECH_s05,49,45,50.5,0.18286651372909546,-1.2042301961808817
TOKYOTECH_s05,49,46,50.53333333333333,0.3145289123058319,-1.2641822223968573
TOKYOTECH_s05,49,47,50.56666666666667,0.5653517246246338,-1.2773776437785487
TOKYOTECH_s05,49,48,50.6,0.5429657697677612,-1.2435904327879361
TOKYOTECH_s05,49,49,50.63333333333333,0.26560741662979126,-1.1614664258301806
TOKYOTECH_s05,49,50,50.666666666666664,-0.08507081121206284,-1.0254452403658096
TOKYOTECH_s05,49,51,50.7,-0.35762959718704224,-0.8256908702508045
TOKYOTECH_s05,49,52,50.733333333333334,-0.6038487553596497,-0.5551025852557684
TOKYOTECH_s05,49,53,50.766666666666666,-0.8605129718780518,-0.2215396081901984
TOKYOTECH_s05,49,54,50.8,-1.020500659942627,0.14394475187924607
TOKYOTECH_s05,49,55,50.833333333333336,-1.056555151939392,0.49226483751806727
TOKYOTECH_s05,49,56,50.86666666666667,-1.131691575050354,0.7741385089307635
TOKYOTECH_s05,49,57,50.9,-1.0800987482070923,0.9592359935659068
TOKYOTECH_s05,49,58,50.93333333333333,-1.07845139503479,1.0447133534459572
TOKYOTECH_s05,49,59,50.96666666666667,-1.1253693103790283,1.0494630607182371
TOKYOTECH_s05,49,60,51.0,-1.1263666152954102,0.9998020126583549
TOKYOTECH_s05,49,61,51.03333333333333,-1.2919641733169556,0.9165037190030811
TOKYOTECH_s05,49,62,51.06666666666667,-1.1586633920669556,0.8100173402360967
TOKYOTECH_s05,49,63,51.1,0.12869136035442352,0.6838317177540831
TOKYOTECH_s05,49,64,51.13333333333333,1.736128330230713,0.5406386516592713
TOKYOTECH_s05,49,65,51.166666666666664,2.2004995346069336,0.3854718784352812
TOKYOTECH_s05,49,66,51.2,1.8648344278335571,0.2240249178341969
TOKYOTECH_s05,49,67,51.233333333333334,1.4211305379867554,0.05895270746714619
TOKYOTECH_s05,49,68,51.266666666666666,0.9618971943855286,-0.11174240378347192
TOKYOTECH_s05,49,69,51.3,0.5498578548431396,-0.2924194750952236
TOKYOTECH_s05,49,70,51.333333333333336,0.22253620624542236,-0.48521428063858635
TOKYOTECH_s05,49,71,51.36666666666667,0.1620299220085144,-0.6862039459541627
TOKYOTECH_s05,49,72,51.4,0.39035099744796753,-0.8836482177831567
TOKYOTECH_s05,49,73,51.43333333333333,0.5359578728675842,-1.0575254057758556
TOKYOTECH_s05,49,74,51.46666666666667,0.3968958258628845,-1.1799393278452897
TOKYOTECH_s05,49,75,51.5,0.16950972378253937,-1.2179686908009137
TOKYOTECH_s05,49,76,51.53333333333333,-0.05294326692819595,-1.1413114833485132
TOKYOTECH_s05,49,77,51.56666666666667,-0.39495739340782166,-0.9343454023701542
TOKYOTECH_s05,49,78,51.6,-0.7451903820037842,-0.6069942340996062
TOKYOTECH_s05,49,79,51.63333333333333,-0.8677523732185364,-0.19675957038368647
TOKYOTECH_s05,49,80,51.666666666666664,-1.0298415422439575,0.24082820261679516
TOKYOTECH_s05,49,81,51.7,-1.0881662368774414,0.6484888928407639
TOKYOTECH_s05,49,82,51.733333333333334,-1.0763587951660156,0.9815749451034526
TOKYOTECH_s05,49,83,51.766666666666666,-1.0496718883514404,1.214223939025193
TOKYOTECH_s05,49,84,51.8,-1.0207144021987915,1.3371319057912787
TOKYOTECH_s05,49,85,51.833333333333336,-1.065058946609497,1.351799612396138
TOKYOTECH_s05,49,86,51.86666666666667,-1.1474615335464478,1.2662473787005604
TOKYOTECH_s05,49,87,51.9,-1.2623388767242432,1.0938751936286903
TOKYOTECH_s05,49,88,51.93333333333333,-0.9505645036697388,0.8539438005578283
TOKYOTECH_s05,49,89,51.96666666666667,0.4149453043937683,0.5711673531953382
TOKYOTECH_s05,49,90,52.0,1.857007384300232,0.2732039890284761
TOKYOTECH_s05,49,91,52.03333333333333,2.088489532470703,-0.013269972923904702
TOKYOTECH_s05,49,92,52.06666666666667,1.661811113357544,-0.2664798233428026
TOKYOTECH_s05,49,93,52.1,1.139987826347351,-0.47269156282611946
TOKYOTECH_s05,49,94,52.13333333333333,0.5776934027671814,-0.6287031337760367
TOKYOTECH_s05,49,95,52.166666666666664,0.12445279955863953,-0.7432787983402586
TOKYOTECH_s05,49,96,52.2,-0.10347647964954376,-0.8351158523471465
TOKYOTECH_s05,49,97,52.233333333333334,-0.054893359541893005,-0.9246908483880277
TOKYOTECH_s05,49,98,52.266666666666666,0.25555419921875,-1.0211608244939354
TOKYOTECH_s05,49,99,52.3,0.48665350675582886,-1.1109456315663255
TOKYOTECH_s05,49,100,52.333333333333336,0.31118080019950867,-1.1568684108542058
TOKYOTECH_s05,49,101,52.36666666666667,-0.04536551237106323,-1.1120697073788641
TOKYOTECH_s05,49,102,52.4,-0.3379416763782501,-0.9427198387234436
TOKYOTECH_s05,49,103,52.43333333333333,-0.6322720646858215,-0.6463512253208564
TOKYOTECH_s05,49,104,52.46666666666667,-0.9198616743087769,-0.2553574743154038
TOKYOTECH_s05,49,105,52.5,-1.027125597000122,0.17498989389865083
TOKYOTECH_s05,49,106,52.53333333333333,-1.1052361726760864,0.5855825287236217
TOKYOTECH_s05,49,107,52.56666666666667,-1.1315491199493408,0.9288962295425397
TOKYOTECH_s05,49,108,52.6,-1.2306030988693237,1.175494358522958
TOKYOTECH_s05,49,109,52.63333333333333,-1.1489752531051636,1.3133666386326224
TOKYOTECH_s05,49,110,52.666666666666664,-1.109670639038086,1.3444427861518835
TOKYOTECH_s05,49,111,52.7,-1.1666507720947266,1.280938123598808
TOKYOTECH_s05,49,112,52.733333333333334,-1.3033263683319092,1.141712653247152
TOKYOTECH_s05,49,113,52.766666666666666,-0.8741992712020874,0.9479822037383451
TOKYOTECH_s05,49,114,52.8,0.6805942058563232,0.7188645874110309
TOKYOTECH_s05,49,115,52.833333333333336,2.0677330493927,0.46856659280674284
TOKYOTECH_s05,49,116,52.86666666666667,2.2028236389160156,0.20662038078139516
TOKYOTECH_s05,49,117,52.9,1.8166698217391968,-0.059422717045578964
TOKYOTECH_s05,49,118,52.93333333333333,1.4211127758026123,-0.3213762263126618
TOKYOTECH_s05,49,119,52.96666666666667,0.9382556676864624,-0.5702146508366948
TOKYOTECH_s05,49,120,53.0,0.4256930649280548,-0.7978767841039573
TOKYOTECH_s05,49,121,53.03333333333333,0.1302763670682907,-0.9981467045851948
TOKYOTECH_s05,49,122,53.06666666666667,0.17113034427165985,-1.1641912945298585
TOKYOTECH_s05,49,123,53.1,0.4113478660583496,-1.2836189891665684
TOKYOTECH_s05,49,124,53.13333333333333,0.5016309022903442,-1.3353526113365042
TOKYOTECH_s05,49,125,53.166666666666664,0.32102030515670776,-1.292823458711575
TOKYOTECH_s05,49,126,53.2,0.04889785125851631,-1.1338883510862299
TOKYOTECH_s05,49,127,53.233333333333334,-0.2173387110233307,-0.8527188233741677
TOKYOTECH_s05,49,128,53.266666666666666,-0.45725348591804504,-0.4669789484604519
TOKYOTECH_s05,49,129,53.3,-0.7010061144828796,-0.0163533329668247
TOKYOTECH_s05,49,130,53.333333333333336,-0.9273058772087097,0.44605709820118555
TOKYOTECH_s05,49,131,53.36666666666667,-1.0627527236938477,0.864491839666138
TOKYOTECH_s05,49,132,53.4,-1.0480157136917114,1.1897905003830984
TOKYOTECH_s05,49,133,53.43333333333333,-1.0374549627304077,1.3866727301733017
TOKYOTECH_s05,49,134,53.46666666666667,-1.1089582443237305,1.439492217686199
TOKYOTECH_s05,49,135,53.5,-1.0748094320297241,1.3554699853241332
TOKYOTECH_s05,49,136,53.53333333333333,-1.029369592666626,1.1629549494291225
TOKYOTECH_s05,49,137,53.56666666666667,-1.1511569023132324,0.9032247958426258
TOKYOTECH_s05,49,138,53.6,-1.0667152404785156,0.618045387195909
TOKYOTECH_s05,49,139,53.63333333333333,0.2461332082748413,0.3385482658251321
TOKYOTECH_s05,49,140,53.666666666666664,1.9005950689315796,0.08067006301451915
TOKYOTECH_s05,49,141,53.7,2.2845582962036133,-0.15167618999059346
TOKYOTECH_s05,49,142,53.733333333333334,1.9395167827606201,-0.35955265396032265
TOKYOTECH_s05,49,143,53.766666666666666,1.5371298789978027,-0.5435998933437678
TOKYOTECH_s05,49,144,53.8,1.1306915283203125,-0.7024833435794824
TOKYOTECH_s05,49,145,53.833333333333336,0.7150903344154358,-0.8331064665523635
TOKYOTECH_s05,49,146,53.86666666666667,0.3993000388145447,-0.9299318155572022
TOKYOTECH_s05,49,147,53.9,0.3390074670314789,-0.9836281939720154
TOKYOTECH_s05,49,148,53.93333333333333,0.49171125888824463,-0.982138119583302
TOKYOTECH_s05,49,149,53.96666666666667,0.6473981142044067,-0.9163984702746512
TOKYOTECH_s05,49,150,54.0,0.5405614972114563,-0.7879810123358696
TOKYOTECH_s05,49,151,54.03333333333333,0.24746888875961304,-0.6121083080832805
TOKYOTECH_s05,49,152,54.06666666666667,-0.06011141464114189,-0.4117788707858873
TOKYOTECH_s05,49,153,54.1,-0.3692767322063446,-0.20580087595479993
TOKYOTECH_s05,49,154,54.13333333333333,-0.5919879674911499,0.0002826815986067604
TOKYOTECH_s05,49,155,54.166666666666664,-0.7163130044937134,0.21245502337680705
TOKYOTECH_s05,49,156,54.2,-0.855517566204071,0.4368124361650569
TOKYOTECH_s05,49,157,54.233333333333334,-0.9761649966239929,0.6677184209589587
TOKYOTECH_s05,49,158,54.266666666666666,-0.9410010576248169,0.8838396746342143
TOKYOTECH_s05,49,159,54.3,-0.915302574634552,1.0534894307886986
TOKYOTECH_s05,49,160,54.333333333333336,-0.9793973565101624,1.145068254384824
TOKYOTECH_s05,49,161,54.36666666666667,-1.0188711881637573,1.1368412298374402
TOKYOTECH_s05,49,162,54.4,-1.0373302698135376,1.0221807716545879
TOKYOTECH_s05,49,163,54.43333333333333,-1.1869441270828247,0.8099320117476164
TOKYOTECH_s05,49,164,54.46666666666667,-1.0225131511688232,0.522358997046563
TOKYOTECH_s05,49,165,54.5,0.31923940777778625,0.19299138012712783
TOKYOTECH_s05,49,166,54.53333333333333,1.8827592134475708,-0.13624899056517287
TOKYOTECH_s05,49,167,54.56666666666667,2.207329511642456,-0.4212466264234614
TOKYOTECH_s05,49,168,54.6,1.8539353609085083,-0.625839889186722
TOKYOTECH_s05,49,169,54.63333333333333,1.4584405422210693,-0.7324032209399358
TOKYOTECH_s05,49,170,54.666666666666664,1.0129023790359497,-0.7470417000115177
TOKYOTECH_s05,49,171,54.7,0.5521017909049988,-0.6956883068548548
TOKYOTECH_s05,49,172,54.733333333333334,0.1594119817018509,-0.6130694736179496
TOKYOTECH_s05,49,173,54.766666666666666,0.09800633788108826,-0.5307247328422556
TOKYOTECH_s05,49,174,54.8,0.4156220555305481,-0.4691540122362438
TOKYOTECH_s05,49,175,54.833333333333336,0.6545395255088806,-0.43483733968924765
TOKYOTECH_s05,49,176,54.86666666666667,0.5610686540603638,-0.4199304810478565
TOKYOTECH_s05,49,177,54.9,0.29281967878341675,-0.4035100454609191
TOKYOTECH_s05,49,178,54.93333333333333,-0.018927959725260735,-0.35679027464183527
TOKYOTECH_s05,49,179,54.96666666666667,-0.3728652596473694,-0.2546777535342455
TOKYOTECH_s05,49,180,55.0,-0.6164041757583618,-0.08971993958959487
TOKYOTECH_s05,49,181,55.03333333333333,-0.7091359496116638,0.12073176063762084
TOKYOTECH_s05,49,182,55.06666666666667,-0.7452705502510071,0.3401740592183367
TOKYOTECH_s05,49,183,55.1,-0.8333719968795776,0.5287436068031797
TOKYOTECH_s05,49,184,55.13333333333333,-0.8607979416847229,0.6596792558794113
TOKYOTECH_s05,49,185,55.166666666666664,-0.8471205830574036,0.7268470730900174
TOKYOTECH_s05,49,186,55.2,-0.9750341773033142,0.740201870442918
TOKYOTECH_s05,49,187,55.233333333333334,-1.0250598192214966,0.7140913707270871
TOKYOTECH_s05,49,188,55.266666666666666,-0.8977606296539307,0.6571032843562093
TOKYOTECH_s05,49,189,55.3,-0.09295132756233215,0.5697221362739386
TOKYOTECH_s05,49,190,55.333333333333336,1.2834665775299072,0.44952777664613347
TOKYOTECH_s05,49,191,55.36666666666667,1.815173864364624,0.2980882266610642
TOKYOTECH_s05,49,192,55.4,1.5625700950622559,0.1233101515713524
TOKYOTECH_s05,49,193,55.43333333333333,1.1308250427246094,-0.0641945346726126
TOKYOTECH_s05,49,194,55.46666666666667,0.6414320468902588,-0.25609651763357383
TOKYOTECH_s05,49,195,55.5,0.14012476801872253,-0.44668448648852466
TOKYOTECH_s05,49,196,55.53333333333333,-0.22757002711296082,-0.6279142481456802
TOKYOTECH_s05,49,197,55.56666666666667,-0.20737454295158386,-0.784403673640014
TOKYOTECH_s05,49,198,55.6,0.13366007804870605,-0.8935047381688823
TOKYOTECH_s05,49,199,55.63333333333333,0.38437604904174805,-0.9310205831182501
TOKYOTECH_s05,49,200,55.666666666666664,0.3443056643009186,-0.8791571465078057
TOKYOTECH_s05,49,201,55.7,0.07900407165288925,-0.7326792052730327
TOKYOTECH_s05,49,202,55.733333333333334,-0.3131692707538605,-0.5015952385883052
TOKYOTECH_s05,49,203,55.766666666666666,-0.6428416967391968,-0.210909247548348
TOKYOTECH_s05,49,204,55.8,-0.7833908200263977,0.1022541134300116
TOKYOTECH_s05,49,205,55.833333333333336,-0.975568413734436,0.39489884090529526
TOKYOTECH_s05,49,206,55.86666666666667,-1.1038738489151,0.6278239419869037
TOKYOTECH_s05,49,207,55.9,-1.1147996187210083,0.7761362788861561
TOKYOTECH_s05,49,208,55.93333333333333,-1.1628841161727905,0.8355826999007521
TOKYOTECH_s05,49,209,55.96666666666667,-1.1097596883773804,0.8204547621641364
TOKYOTECH_s05,49,210,56.0,-1.0657267570495605,0.7536929613208326
TOKYOTECH_s05,49,211,56.03333333333333,-1.0365467071533203,0.6549966386405243
TOKYOTECH_s05,49,212,56.06666666666667,-0.10712733864784241,0.5338720883008872
TOKYOTECH_s05,49,213,56.1,1.564680576324463,0.3910415916072668
TOKYOTECH_s05,49,214,56.13333333333333,2.2354767322540283,0.2259878885166188
TOKYOTECH_s05,49,215,56.166666666666664,2.0488998889923096,0.04438313625909645
TOKYOTECH_s05,49,216,56.2,1.6868685483932495,-0.14041570446662102
TOKYOTECH_s05,49,217,56.233333333333334,1.3118274211883545,-0.3126969310439435
TOKYOTECH_s05,49,218,56.266666666666666,0.9611581563949585,-0.4613315998268244
TOKYOTECH_s05,49,219,56.3,0.6126614809036255,-0.581721057067224
TOKYOTECH_s05,49,220,56.333333333333336,0.4175899624824524,-0.6717034540479426
TOKYOTECH_s05,49,221,56.36666666666667,0.45148950815200806,-0.7264538179818867
TOKYOTECH_s05,49,222,56.4,0.577907145023346,-0.7374162047203021
TOKYOTECH_s05,49,223,56.43333333333333,0.5700622200965881,-0.6957847997316338
TOKYOTECH_s05,49,224,56.46666666666667,0.3715001046657562,-0.5972440843836825
TOKYOTECH_s05,49,225,56.5,0.0736079290509224,-0.44455441542975344
TOKYOTECH_s05,49,226,56.53333333333333,-0.17863072454929352,-0.2476304861129166
TOKYOTECH_s05,49,227,56.56666666666667,-0.432062566280365,-0.023290998930409132
TOKYOTECH_s05,49,228,56.6,-0.6801161170005798,0.20410828537491577
TOKYOTECH_s05,49,229,56.63333333333333,-0.8439683318138123,0.4030063048741489
TOKYOTECH_s05,49,230,56.666666666666664,-0.8783309459686279,0.539420364024328
TOKYOTECH_s05,49,231,56.7,-0.8317424654960632,0.5874132370553213
TOKYOTECH_s05,49,232,56.733333333333334,-0.8978229761123657,0.541131343195639
TOKYOTECH_s05,49,233,56.766666666666666,-0.9870820045471191,0.4208688724052567
TOKYOTECH_s05,49,234,56.8,-1.000866174697876,0.26809501667161356
TOKYOTECH_s05,49,235,56.833333333333336,-0.7939605116844177,0.1309091959475624
TOKYOTECH_s05,49,236,56.86666666666667,0.30436885356903076,0.04705052126099917
TOKYOTECH_s05,49,237,56.9,1.7312932014465332,0.03243312617283474
TOKYOTECH_s05,49,238,56.93333333333333,2.163154125213623,0.07879838335274182
TOKYOTECH_s05,49,239,56.96666666666667,1.9389647245407104,0.1588291686390849
TOKYOTECH_s05,50,0,50.0,-1.0328691005706787,0.07046668530902131
TOKYOTECH_s05,50,1,50.03333333333333,-1.1178984642028809,-1.014966378076427
TOKYOTECH_s05,50,2,50.06666666666667,-1.055112600326538,-1.9208328045729057
TOKYOTECH_s05,50,3,50.1,-1.0275797843933105,-2.5125308476850505
TOKYOTECH_s05,50,4,50.13333333333333,-1.1053074598312378,-2.7345276393323497
TOKYOTECH_s05,50,5,50.166666666666664,-1.1606045961380005,-2.6199096256103265
TOKYOTECH_s05,50,6,50.2,-1.1193143129348755,-2.27136260780798
TOKYOTECH_s05,50,7,50.233333333333334,0.0008668131777085364,-1.8217954125673965
TOKYOTECH_s05,50,8,50.266666666666666,1.695176362991333,-1.391607433861309
TOKYOTECH_s05,50,9,50.3,2.244194269180298,-1.0590618748748548
TOKYOTECH_s05,50,10,50.333333333333336,2.0110557079315186,-0.8517099032562223
TOKYOTECH_s05,50,11,50.36666666666667,1.6040385961532593,-0.7561985591597019
TOKYOTECH_s05,50,12,50.4,1.1907703876495361,-0.7371433480205989
TOKYOTECH_s05,50,13,50.43333333333333,0.7545552253723145,-0.7550892531607614
TOKYOTECH_s05,50,14,50.46666666666667,0.3636285066604614,-0.7774995209638521
TOKYOTECH_s05,50,15,50.5,0.18286651372909546,-0.7820620421005707
TOKYOTECH_s05,50,16,50.53333333333333,0.3145289123058319,-0.7552551747335606
TOKYOTECH_s05,50,17,50.56666666666667,0.5653517246246338,-0.6894808409597412
TOKYOTECH_s05,50,18,50.6,0.5429657697677612,-0.5799993101908648
TOKYOTECH_s05,50,19,50.63333333333333,0.26560741662979126,-0.42161549753657523
TOKYOTECH_s05,50,20,50.666666666666664,-0.08507081121206284,-0.20651921044154833
TOKYOTECH_s05,50,21,50.7,-0.35762959718704224,0.0735201016017277
TOKYOTECH_s05,50,22,50.733333333333334,-0.6038487553596497,0.41873703403036144
TOKYOTECH_s05,50,23,50.766666666666666,-0.8605129718780518,0.8100924327606102
TOKYOTECH_s05,50,24,50.8,-1.020500659942627,1.2041894592181805
TOKYOTECH_s05,50,25,50.833333333333336,-1.056555151939392,1.542327467111105
TOKYOTECH_s05,50,26,50.86666666666667,-1.131691575050354,1.7713521624993753
TOKYOTECH_s05,50,27,50.9,-1.0800987482070923,1.8639376504475877
TOKYOTECH_s05,50,28,50.93333333333333,-1.07845139503479,1.8260672149842716
TOKYOTECH_s05,50,29,50.96666666666667,-1.1253693103790283,1.688481430728691
TOKYOTECH_s05,50,30,51.0,-1.1263666152954102,1.489036904347128
TOKYOTECH_s05,50,31,51.03333333333333,-1.2919641733169556,1.2573454801093864
TOKYOTECH_s05,50,32,51.06666666666667,-1.1586633920669556,1.0093283422874675
TOKYOTECH_s05,50,33,51.1,0.12869136035442352,0.7514807059956374
TOKYOTECH_s05,50,34,51.13333333333333,1.736128330230713,0.4888070850495862
TOKYOTECH_s05,50,35,51.166666666666664,2.2004995346069336,0.22965749911725128
TOKYOTECH_s05,50,36,51.2,1.8648344278335571,-0.015452134441875778
TOKYOTECH_s05,50,37,51.233333333333334,1.4211305379867554,-0.23892006163414375
TOKYOTECH_s05,50,38,51.266666666666666,0.9618971943855286,-0.4403661915970368
TOKYOTECH_s05,50,39,51.3,0.5498578548431396,-0.62668734777663
TOKYOTECH_s05,50,40,51.333333333333336,0.22253620624542236,-0.8079095385548055
TOKYOTECH_s05,50,41,51.36666666666667,0.1620299220085144,-0.991348967744723
TOKYOTECH_s05,50,42,51.4,0.39035099744796753,-1.176066464441919
TOKYOTECH_s05,50,43,51.43333333333333,0.5359578728675842,-1.3484323769929252
TOKYOTECH_s05,50,44,51.46666666666667,0.3968958258628845,-1.4803352201585553
TOKYOTECH_s05,50,45,51.5,0.16950972378253937,-1.5327540575739926
TOKYOTECH_s05,50,46,51.53333333333333,-0.05294326692819595,-1.4663947348638775
TOKYOTECH_s05,50,47,51.56666666666667,-0.39495739340782166,-1.2572257493372732
TOKYOTECH_s05,50,48,51.6,-0.7451903820037842,-0.9100966899313901
TOKYOTECH_s05,50,49,51.63333333333333,-0.8677523732185364,-0.46245629491996143
TOKYOTECH_s05,50,50,51.666666666666664,-1.0298415422439575,0.025108014962921366
TOKYOTECH_s05,50,51,51.7,-1.0881662368774414,0.4872203042824239
TOKYOTECH_s05,50,52,51.733333333333334,-1.0763587951660156,0.8715656533134643
TOKYOTECH_s05,50,53,51.766666666666666,-1.0496718883514404,1.1478665006181408
TOKYOTECH_s05,50,54,51.8,-1.0207144021987915,1.306240932279568
TOKYOTECH_s05,50,55,51.833333333333336,-1.065058946609497,1.34980555098727
TOKYOTECH_s05,50,56,51.86666666666667,-1.1474615335464478,1.2878602078750716
TOKYOTECH_s05,50,57,51.9,-1.2623388767242432,1.1330941495553275
TOKYOTECH_s05,50,58,51.93333333333333,-0.9505645036697388,0.9025051703416538
TOKYOTECH_s05,50,59,51.96666666666667,0.4149453043937683,0.6193120993190805
TOKYOTECH_s05,50,60,52.0,1.857007384300232,0.3128126161102586
TOKYOTECH_s05,50,61,52.03333333333333,2.088489532470703,0.01471835532877306
TOKYOTECH_s05,50,62,52.06666666666667,1.661811113357544,-0.2471058723172996
TOKYOTECH_s05,50,63,52.1,1.139987826347351,-0.45509435056385067
TOKYOTECH_s05,50,64,52.13333333333333,0.5776934027671814,-0.606416960785305
TOKYOTECH_s05,50,65,52.166666666666664,0.12445279955863953,-0.7136502569404798
TOKYOTECH_s05,50,66,52.2,-0.10347647964954376,-0.7997599108779367
TOKYOTECH_s05,50,67,52.233333333333334,-0.054893359541893005,-0.8866775850611147
TOKYOTECH_s05,50,68,52.266666666666666,0.25555419921875,-0.9807567592925442
TOKYOTECH_s05,50,69,52.3,0.48665350675582886,-1.0626761156158178
TOKYOTECH_s05,50,70,52.333333333333336,0.31118080019950867,-1.089852749157201
TOKYOTECH_s05,50,71,52.36666666666667,-0.04536551237106323,-1.0136794336452462
TOKYOTECH_s05,50,72,52.4,-0.3379416763782501,-0.80401029230251
TOKYOTECH_s05,50,73,52.43333333333333,-0.6322720646858215,-0.46713471647525234
TOKYOTECH_s05,50,74,52.46666666666667,-0.9198616743087769,-0.04698940442944861
TOKYOTECH_s05,50,75,52.5,-1.027125597000122,0.3903443895154818
TOKYOTECH_s05,50,76,52.53333333333333,-1.1052361726760864,0.77931425387676
TOKYOTECH_s05,50,77,52.56666666666667,-1.1315491199493408,1.0728164875132584
TOKYOTECH_s05,50,78,52.6,-1.2306030988693237,1.2492065443196088
TOKYOTECH_s05,50,79,52.63333333333333,-1.1489752531051636,1.3099159370745619
TOKYOTECH_s05,50,80,52.666666666666664,-1.109670639038086,1.272338015402912
TOKYOTECH_s05,50,81,52.7,-1.1666507720947266,1.1616168057959455
TOKYOTECH_s05,50,82,52.733333333333334,-1.3033263683319092,1.0032127041231826
TOKYOTECH_s05,50,83,52.766666666666666,-0.8741992712020874,0.8172848178049994
TOKYOTECH_s05,50,84,52.8,0.6805942058563232,0.6158912500422802
TOKYOTECH_s05,50,85,52.833333333333336,2.0677330493927,0.40370246363086865
TOKYOTECH_s05,50,86,52.86666666666667,2.2028236389160156,0.18161902293217175
TOKYOTECH_s05,50,87,52.9,1.8166698217391968,-0.04889117008320136
TOKYOTECH_s05,50,88,52.93333333333333,1.4211127758026123,-0.28339800571836543
TOKYOTECH_s05,50,89,52.96666666666667,0.9382556676864624,-0.5152042999610968
TOKYOTECH_s05,50,90,53.0,0.4256930649280548,-0.7374272864337132
TOKYOTECH_s05,50,91,53.03333333333333,0.1302763670682907,-0.9432393155790221
TOKYOTECH_s05,50,92,53.06666666666667,0.17113034427165985,-1.122752614852978
TOKYOTECH_s05,50,93,53.1,0.4113478660583496,-1.2586208901407105
TOKYOTECH_s05,50,94,53.13333333333333,0.5016309022903442,-1.3248764306199374
TOKYOTECH_s05,50,95,53.166666666666664,0.32102030515670776,-1.2924372264824966
TOKYOTECH_s05,50,96,53.2,0.04889785125851631,-1.1401985733105708
TOKYOTECH_s05,50,97,53.233333333333334,-0.2173387110233307,-0.866163961020426
TOKYOTECH_s05,50,98,53.266666666666666,-0.45725348591804504,-0.4923623938051731
TOKYOTECH_s05,50,99,53.3,-0.7010061144828796,-0.06090785491251027
TOKYOTECH_s05,50,100,53.333333333333336,-0.9273058772087097,0.37605159420869294
TOKYOTECH_s05,50,101,53.36666666666667,-1.0627527236938477,0.7670047277994477
TOKYOTECH_s05,50,102,53.4,-1.0480157136917114,1.0689620306932286
TOKYOTECH_s05,50,103,53.43333333333333,-1.0374549627304077,1.2527402759792714
TOKYOTECH_s05,50,104,53.46666666666667,-1.1089582443237305,1.3068053998049147
TOKYOTECH_s05,50,105,53.5,-1.0748094320297241,1.2391990506952768
TOKYOTECH_s05,50,106,53.53333333333333,-1.029369592666626,1.0753981220059057
TOKYOTECH_s05,50,107,53.56666666666667,-1.1511569023132324,0.850682148285108
TOKYOTECH_s05,50,108,53.6,-1.0667152404785156,0.5990158201330817
TOKYOTECH_s05,50,109,53.63333333333333,0.2461332082748413,0.34361510425772446
TOKYOTECH_s05,50,110,53.666666666666664,1.9005950689315796,0.09407826812605348
TOKYOTECH_s05,50,111,53.7,2.2845582962036133,-0.14892129360055295
TOKYOTECH_s05,50,112,53.733333333333334,1.9395167827606201,-0.38525618323940447
TOKYOTECH_s05,50,113,53.766666666666666,1.5371298789978027,-0.6089886962322223
TOKYOTECH_s05,50,114,53.8,1.1306915283203125,-0.8068676892462584
TOKYOTECH_s05,50,115,53.833333333333336,0.7150903344154358,-0.9604631832005469
TOKYOTECH_s05,50,116,53.86666666666667,0.3993000388145447,-1.04960129802823
TOKYOTECH_s05,50,117,53.9,0.3390074670314789,-1.056383139899025
TOKYOTECH_s05,50,118,53.93333333333333,0.49171125888824463,-0.9706434135530967
TOKYOTECH_s05,50,119,53.96666666666667,0.6473981142044067,-0.79657841828635
TOKYOTECH_s05,50,120,54.0,0.5405614972114563,-0.5567054113698882
TOKYOTECH_s05,50,121,54.03333333333333,0.24746888875961304,-0.28797299759371947
TOKYOTECH_s05,50,122,54.06666666666667,-0.06011141464114189,-0.02916672120716201
TOKYOTECH_s05,50,123,54.1,-0.3692767322063446,0.19427153736370423
TOKYOTECH_s05,50,124,54.13333333333333,-0.5919879674911499,0.3782330396860569
TOKYOTECH_s05,50,125,54.166666666666664,-0.7163130044937134,0.5347375012881277
TOKYOTECH_s05,50,126,54.2,-0.855517566204071,0.6772696218332002
TOKYOTECH_s05,50,127,54.233333333333334,-0.9761649966239929,0.8074523806537224
TOKYOTECH_s05,50,128,54.266666666666666,-0.9410010576248169,0.9115572174152106
TOKYOTECH_s05,50,129,54.3,-0.915302574634552,0.9673776129458705
TOKYOTECH_s05,50,130,54.333333333333336,-0.9793973565101624,0.955721803792048
TOKYOTECH_s05,50,131,54.36666666666667,-1.0188711881637573,0.8693066822757256
TOKYOTECH_s05,50,132,54.4,-1.0373302698135376,0.7146506447316104
TOKYOTECH_s05,50,133,54.43333333333333,-1.1869441270828247,0.5076324110763679
TOKYOTECH_s05,50,134,54.46666666666667,-1.0225131511688232,0.2675722436176398
TOKYOTECH_s05,50,135,54.5,0.31923940777778625,0.014530112996695533
TOKYOTECH_s05,50,136,54.53333333333333,1.8827592134475708,-0.23022595908749194
TOKYOTECH_s05,50,137,54.56666666666667,2.207329511642456,-0.44460160214611594
TOKYOTECH_s05,50,138,54.6,1.8539353609085083,-0.6095704766993743
TOKYOTECH_s05,50,139,54.63333333333333,1.4584405422210693,-0.71479900352541
TOKYOTECH_s05,50,140,54.666666666666664,1.0129023790359497,-0.7616162748136767
TOKYOTECH_s05,50,141,54.7,0.5521017909049988,-0.7605828159500881
TOKYOTECH_s05,50,142,54.733333333333334,0.1594119817018509,-0.7254931475328446
TOKYOTECH_s05,50,143,54.766666666666666,0.09800633788108826,-0.6685074536372035
TOKYOTECH_s05,50,144,54.8,0.4156220555305481,-0.5990581756648469
TOKYOTECH_s05,50,145,54.833333333333336,0.6545395255088806,-0.5247464379409426
TOKYOTECH_s05,50,146,54.86666666666667,0.5610686540603638,-0.4503620226767113
TOKYOTECH_s05,50,147,54.9,0.29281967878341675,-0.3739387432946556
TOKYOTECH_s05,50,148,54.93333333333333,-0.018927959725260735,-0.2843224240165723
TOKYOTECH_s05,50,149,54.96666666666667,-0.3728652596473694,-0.16597886681719623
TOKYOTECH_s05,50,150,55.0,-0.6164041757583618,-0.010164369575640729
TOKYOTECH_s05,50,151,55.03333333333333,-0.7091359496116638,0.17568676222295818
TOKYOTECH_s05,50,152,55.06666666666667,-0.7452705502510071,0.3681571373400648
TOKYOTECH_s05,50,153,55.1,-0.8333719968795776,0.5382569774432452
TOKYOTECH_s05,50,154,55.13333333333333,-0.8607979416847229,0.6649645358884837
TOKYOTECH_s05,50,155,55.166666666666664,-0.8471205830574036,0.7425141835254924
TOKYOTECH_s05,50,156,55.2,-0.9750341773033142,0.7771042828983089
TOKYOTECH_s05,50,157,55.233333333333334,-1.0250598192214966,0.7767738178301701
TOKYOTECH_s05,50,158,55.266666666666666,-0.8977606296539307,0.7429428011071852
TOKYOTECH_s05,50,159,55.3,-0.09295132756233215,0.6701178758480131
TOKYOTECH_s05,50,160,55.333333333333336,1.2834665775299072,0.5529759427583403
TOKYOTECH_s05,50,161,55.36666666666667,1.815173864364624,0.393822227148519
TOKYOTECH_s05,50,162,55.4,1.5625700950622559,0.20377127638713988
TOKYOTECH_s05,50,163,55.43333333333333,1.1308250427246094,-0.0029001710470026674
TOKYOTECH_s05,50,164,55.46666666666667,0.6414320468902588,-0.215231709424979
TOKYOTECH_s05,50,165,55.5,0.14012476801872253,-0.4260906580712263
TOKYOTECH_s05,50,166,55.53333333333333,-0.22757002711296082,-0.6263135862274726
TOKYOTECH_s05,50,167,55.56666666666667,-0.20737454295158386,-0.7986391217054546
TOKYOTECH_s05,50,168,55.6,0.13366007804870605,-0.9174386404273055
TOKYOTECH_s05,50,169,55.63333333333333,0.38437604904174805,-0.9551638219328636
TOKYOTECH_s05,50,170,55.666666666666664,0.3443056643009186,-0.891905357439945
TOKYOTECH_s05,50,171,55.7,0.07900407165288925,-0.7233083480983046
TOKYOTECH_s05,50,172,55.733333333333334,-0.3131692707538605,-0.464039446330632
TOKYOTECH_s05,50,173,55.766666666666666,-0.6428416967391968,-0.1465456578262947
TOKYOTECH_s05,50,174,55.8,-0.7833908200263977,0.18417931456441713
TOKYOTECH_s05,50,175,55.833333333333336,-0.975568413734436,0.4792145745301085
TOKYOTECH_s05,50,176,55.86666666666667,-1.1038738489151,0.6967039025295451
TOKYOTECH_s05,50,177,55.9,-1.1147996187210083,0.8125715152130804
TOKYOTECH_s05,50,178,55.93333333333333,-1.1628841161727905,0.8264436469438684
TOKYOTECH_s05,50,179,55.96666666666667,-1.1097596883773804,0.7588847637333068
TOKYOTECH_s05,50,180,56.0,-1.0657267570495605,0.640420512202854
TOKYOTECH_s05,50,181,56.03333333333333,-1.0365467071533203,0.49795067031695195
TOKYOTECH_s05,50,182,56.06666666666667,-0.10712733864784241,0.34597223655772374
TOKYOTECH_s05,50,183,56.1,1.564680576324463,0.18694804995410683
TOKYOTECH_s05,50,184,56.13333333333333,2.2354767322540283,0.01891635024426908
TOKYOTECH_s05,50,185,56.166666666666664,2.0488998889923096,-0.1562669260614239
TOKYOTECH_s05,50,186,56.2,1.6868685483932495,-0.3300773521534365
TOKYOTECH_s05,50,187,56.233333333333334,1.3118274211883545,-0.4907578659148609
TOKYOTECH_s05,50,188,56.266666666666666,0.9611581563949585,-0.6283969979623738
TOKYOTECH_s05,50,189,56.3,0.6126614809036255,-0.7361784889294071
TOKYOTECH_s05,50,190,56.333333333333336,0.4175899624824524,-0.8074147801452669
TOKYOTECH_s05,50,191,56.36666666666667,0.45148950815200806,-0.8329034781874223
TOKYOTECH_s05,50,192,56.4,0.577907145023346,-0.8022738754269279
TOKYOTECH_s05,50,193,56.43333333333333,0.5700622200965881,-0.708582121662166
TOKYOTECH_s05,50,194,56.46666666666667,0.3715001046657562,-0.5525928973775881
TOKYOTECH_s05,50,195,56.5,0.0736079290509224,-0.3437601719601962
TOKYOTECH_s05,50,196,56.53333333333333,-0.17863072454929352,-0.09776857106773224
TOKYOTECH_s05,50,197,56.56666666666667,-0.432062566280365,0.16685645090696627
TOKYOTECH_s05,50,198,56.6,-0.6801161170005798,0.430284208814644
TOKYOTECH_s05,50,199,56.63333333333333,-0.8439683318138123,0.670704348349259
TOKYOTECH_s05,50,200,56.666666666666664,-0.8783309459686279,0.8642987494439884
TOKYOTECH_s05,50,201,56.7,-0.8317424654960632,0.989000159327457
TOKYOTECH_s05,50,202,56.733333333333334,-0.8978229761123657,1.0312244896802751
TOKYOTECH_s05,50,203,56.766666666666666,-0.9870820045471191,0.9908936458208829
TOKYOTECH_s05,50,204,56.8,-1.000866174697876,0.8807554765506335
TOKYOTECH_s05,50,205,56.833333333333336,-0.7939605116844177,0.7203186560660678
TOKYOTECH_s05,50,206,56.86666666666667,0.30436885356903076,0.5287025513125622
TOKYOTECH_s05,50,207,56.9,1.7312932014465332,0.32100063100291637
TOKYOTECH_s05,50,208,56.93333333333333,2.163154125213623,0.10901911795140162
TOKYOTECH_s05,50,209,56.96666666666667,1.9389647245407104,-0.09665327436405982
TOKYOTECH_s05,50,210,57.0,1.630208969116211,-0.2864981620280935
TOKYOTECH_s05,50,211,57.03333333333333,1.3618353605270386,-0.45394156750126613
TOKYOTECH_s05,50,212,57.06666666666667,1.0401413440704346,-0.5961070470832055
TOKYOTECH_s05,50,213,57.1,0.7187678813934326,-0.710751824786336
TOKYOTECH_s05,50,214,57.13333333333333,0.5518969893455505,-0.791251901774288
TOKYOTECH_s05,50,215,57.166666666666664,0.6186542510986328,-0.8248047075214446
TOKYOTECH_s05,50,216,57.2,0.6623221039772034,-0.7966399338952274
TOKYOTECH_s05,50,217,57.233333333333334,0.5647907257080078,-0.697894467376973
TOKYOTECH_s05,50,218,57.266666666666666,0.3451872169971466,-0.5320780574277616
TOKYOTECH_s05,50,219,57.3,0.06455201655626297,-0.31613671302949237
TOKYOTECH_s05,50,220,57.333333333333336,-0.19139091670513153,-0.07559318461597887
TOKYOTECH_s05,50,221,57.36666666666667,-0.39253535866737366,0.16311501943916287
TOKYOTECH_s05,50,222,57.4,-0.5318823456764221,0.37836855366687255
TOKYOTECH_s05,50,223,57.43333333333333,-0.6993944048881531,0.5542344308217493
TOKYOTECH_s05,50,224,57.46666666666667,-0.8463903665542603,0.6777919885902273
TOKYOTECH_s05,50,225,57.5,-0.8306471705436707,0.7370511922079637
TOKYOTECH_s05,50,226,57.53333333333333,-0.7713786363601685,0.7221720999541651
TOKYOTECH_s05,50,227,57.56666666666667,-0.8580285906791687,0.6289984776018875
TOKYOTECH_s05,50,228,57.6,-0.9514727592468262,0.46170648721637453
TOKYOTECH_s05,50,229,57.63333333333333,-0.9774205684661865,0.232506465737051
TOKYOTECH_s05,50,230,57.666666666666664,-0.6979696750640869,-0.040298288416346854
TOKYOTECH_s05,50,231,57.7,0.5672217011451721,-0.33297742514479317
TOKYOTECH_s05,50,232,57.733333333333334,1.767516851425171,-0.6153112525603908
TOKYOTECH_s05,50,233,57.766666666666666,1.9456787109375,-0.8507462474787736
TOKYOTECH_s05,50,234,57.8,1.6927454471588135,-1.0009257209337301
TOKYOTECH_s05,50,235,57.833333333333336,1.416900873184204,-1.0345987868444697
TOKYOTECH_s05,50,236,57.86666666666667,1.0819836854934692,-0.9371005583169183
TOKYOTECH_s05,50,237,57.9,0.7440122365951538,-0.7155007117599927
TOKYOTECH_s05,50,238,57.93333333333333,0.48395541310310364,-0.39736289354389775
TOKYOTECH_s05,50,239,57.96666666666667,0.4167618453502655,-0.024960040124610044
TOKYOTECH_s05,51,0,51.0,-1.1263666152954102,-0.07737628832484335
TOKYOTECH_s05,51,1,51.03333333333333,-1.2919641733169556,-1.2336994816483753
TOKYOTECH_s05,51,2,51.06666666666667,-1.1586633920669556,-2.2284804936860163
TOKYOTECH_s05,51,3,51.1,0.12869136035442352,-2.936367756802782
TOKYOTECH_s05,51,4,51.13333333333333,1.736128330230713,-3.294979730908207
TOKYOTECH_s05,51,5,51.166666666666664,2.2004995346069336,-3.31520287311278
TOKYOTECH_s05,51,6,51.2,1.8648344278335571,-3.0700970235513343
TOKYOTECH_s05,51,7,51.233333333333334,1.4211305379867554,-2.668040699307842
TOKYOTECH_s05,51,8,51.266666666666666,0.9618971943855286,-2.2211559378267562
TOKYOTECH_s05,51,9,51.3,0.5498578548431396,-1.8191645612684506
TOKYOTECH_s05,51,10,51.333333333333336,0.22253620624542236,-1.5145888636365847
TOKYOTECH_s05,51,11,51.36666666666667,0.1620299220085144,-1.3201133410104506
TOKYOTECH_s05,51,12,51.4,0.39035099744796753,-1.2148762305753449
TOKYOTECH_s05,51,13,51.43333333333333,0.5359578728675842,-1.1550746806549368
TOKYOTECH_s05,51,14,51.46666666666667,0.3968958258628845,-1.0857246080781462
TOKYOTECH_s05,51,15,51.5,0.16950972378253937,-0.9527909591802162
TOKYOTECH_s05,51,16,51.53333333333333,-0.05294326692819595,-0.7158092469555032
TOKYOTECH_s05,51,17,51.56666666666667,-0.39495739340782166,-0.35948226071961314
TOKYOTECH_s05,51,18,51.6,-0.7451903820037842,0.10006615002678182
TOKYOTECH_s05,51,19,51.63333333333333,-0.8677523732185364,0.6187433612567074
TOKYOTECH_s05,51,20,51.666666666666664,-1.0298415422439575,1.1373483877613229
TOKYOTECH_s05,51,21,51.7,-1.0881662368774414,1.5979771426479843
TOKYOTECH_s05,51,22,51.733333333333334,-1.0763587951660156,1.956550873490719
TOKYOTECH_s05,51,23,51.766666666666666,-1.0496718883514404,2.187376760040498
TOKYOTECH_s05,51,24,51.8,-1.0207144021987915,2.281166980692966
TOKYOTECH_s05,51,25,51.833333333333336,-1.065058946609497,2.241164761959815
TOKYOTECH_s05,51,26,51.86666666666667,-1.1474615335464478,2.0805802545833934
TOKYOTECH_s05,51,27,51.9,-1.2623388767242432,1.8211726726031015
TOKYOTECH_s05,51,28,51.93333333333333,-0.9505645036697388,1.4913043433536501
TOKYOTECH_s05,51,29,51.96666666666667,0.4149453043937683,1.1225183245202364
TOKYOTECH_s05,51,30,52.0,1.857007384300232,0.7450961696738289
TOKYOTECH_s05,51,31,52.03333333333333,2.088489532470703,0.3838863003399659
TOKYOTECH_s05,51,32,52.06666666666667,1.661811113357544,0.05549048361029449
TOKYOTECH_s05,51,33,52.1,1.139987826347351,-0.2329025618641134
TOKYOTECH_s05,51,34,52.13333333333333,0.5776934027671814,-0.48327589672811144
TOKYOTECH_s05,51,35,52.166666666666664,0.12445279955863953,-0.7049840789606161
TOKYOTECH_s05,51,36,52.2,-0.10347647964954376,-0.9103403097591773
TOKYOTECH_s05,51,37,52.233333333333334,-0.054893359541893005,-1.1069654272032832
TOKYOTECH_s05,51,38,52.266666666666666,0.25555419921875,-1.288972258462959
TOKYOTECH_s05,51,39,52.3,0.48665350675582886,-1.4320715906994945
TOKYOTECH_s05,51,40,52.333333333333336,0.31118080019950867,-1.4979414952796024
TOKYOTECH_s05,51,41,52.36666666666667,-0.04536551237106323,-1.448868869686692
TOKYOTECH_s05,51,42,52.4,-0.3379416763782501,-1.2663680653264389
TOKYOTECH_s05,51,43,52.43333333333333,-0.6322720646858215,-0.9631487254778661
TOKYOTECH_s05,51,44,52.46666666666667,-0.9198616743087769,-0.5810051465987125
TOKYOTECH_s05,51,45,52.5,-1.027125597000122,-0.17580319215460255
TOKYOTECH_s05,51,46,52.53333333333333,-1.1052361726760864,0.20137781945502034
TOKYOTECH_s05,51,47,52.56666666666667,-1.1315491199493408,0.5166319430385633
TOKYOTECH_s05,51,48,52.6,-1.2306030988693237,0.7552204903448015
TOKYOTECH_s05,51,49,52.63333333333333,-1.1489752531051636,0.916674763149024
TOKYOTECH_s05,51,50,52.666666666666664,-1.109670639038086,1.0083962202491135
TOKYOTECH_s05,51,51,52.7,-1.1666507720947266,1.0405445061382597
TOKYOTECH_s05,51,52,52.733333333333334,-1.3033263683319092,1.0223199268736942
TOKYOTECH_s05,51,53,52.766666666666666,-0.8741992712020874,0.9591658519322853
TOKYOTECH_s05,51,54,52.8,0.6805942058563232,0.8515606518099946
TOKYOTECH_s05,51,55,52.833333333333336,2.0677330493927,0.6967845639904733
TOKYOTECH_s05,51,56,52.86666666666667,2.2028236389160156,0.49369894951287924
TOKYOTECH_s05,51,57,52.9,1.8166698217391968,0.2481140364764277
TOKYOTECH_s05,51,58,52.93333333333333,1.4211127758026123,-0.024994272641793297
TOKYOTECH_s05,51,59,52.96666666666667,0.9382556676864624,-0.30461490801618624
TOKYOTECH_s05,51,60,53.0,0.4256930649280548,-0.5703967342162873
TOKYOTECH_s05,51,61,53.03333333333333,0.1302763670682907,-0.80803662864489
TOKYOTECH_s05,51,62,53.06666666666667,0.17113034427165985,-1.0092529404404045
TOKYOTECH_s05,51,63,53.1,0.4113478660583496,-1.1662786710918922
TOKYOTECH_s05,51,64,53.13333333333333,0.5016309022903442,-1.2651815248125333
TOKYOTECH_s05,51,65,53.166666666666664,0.32102030515670776,-1.283769308098633
TOKYOTECH_s05,51,66,53.2,0.04889785125851631,-1.1970282751818186
TOKYOTECH_s05,51,67,53.233333333333334,-0.2173387110233307,-0.9880635273359338
TOKYOTECH_s05,51,68,53.266666666666666,-0.45725348591804504,-0.658885488650342
TOKYOTECH_s05,51,69,53.3,-0.7010061144828796,-0.23553279168166177
TOKYOTECH_s05,51,70,53.333333333333336,-0.9273058772087097,0.23434492513651659
TOKYOTECH_s05,51,71,53.36666666666667,-1.0627527236938477,0.6897700814706784
TOKYOTECH_s05,51,72,53.4,-1.0480157136917114,1.068201095703541
TOKYOTECH_s05,51,73,53.43333333333333,-1.0374549627304077,1.3188011607118548
TOKYOTECH_s05,51,74,53.46666666666667,-1.1089582443237305,1.4143477942895712
TOKYOTECH_s05,51,75,53.5,-1.0748094320297241,1.3576436433009313
TOKYOTECH_s05,51,76,53.53333333333333,-1.029369592666626,1.178889976797554
TOKYOTECH_s05,51,77,53.56666666666667,-1.1511569023132324,0.9239143875739392
TOKYOTECH_s05,51,78,53.6,-1.0667152404785156,0.6381001562134984
TOKYOTECH_s05,51,79,53.63333333333333,0.2461332082748413,0.3537300075952433
TOKYOTECH_s05,51,80,53.666666666666664,1.9005950689315796,0.08649234679022295
TOKYOTECH_s05,51,81,53.7,2.2845582962036133,-0.15879436731260094
TOKYOTECH_s05,51,82,53.733333333333334,1.9395167827606201,-0.3788583243541103
TOKYOTECH_s05,51,83,53.766666666666666,1.5371298789978027,-0.5661275293067453
TOKYOTECH_s05,51,84,53.8,1.1306915283203125,-0.7094305882689922
TOKYOTECH_s05,51,85,53.833333333333336,0.7150903344154358,-0.7988749682260984
TOKYOTECH_s05,51,86,53.86666666666667,0.3993000388145447,-0.8303704426767327
TOKYOTECH_s05,51,87,53.9,0.3390074670314789,-0.8070141578702739
TOKYOTECH_s05,51,88,53.93333333333333,0.49171125888824463,-0.7378182729374101
TOKYOTECH_s05,51,89,53.96666666666667,0.6473981142044067,-0.6358587067146119
TOKYOTECH_s05,51,90,54.0,0.5405614972114563,-0.5165109473755353
TOKYOTECH_s05,51,91,54.03333333333333,0.24746888875961304,-0.39433868338400613
TOKYOTECH_s05,51,92,54.06666666666667,-0.06011141464114189,-0.27751584125409323
TOKYOTECH_s05,51,93,54.1,-0.3692767322063446,-0.16205027466114266
TOKYOTECH_s05,51,94,54.13333333333333,-0.5919879674911499,-0.03173404418478994
TOKYOTECH_s05,51,95,54.166666666666664,-0.7163130044937134,0.13209708685352256
TOKYOTECH_s05,51,96,54.2,-0.855517566204071,0.33548383530064013
TOKYOTECH_s05,51,97,54.233333333333334,-0.9761649966239929,0.5622358476257991
TOKYOTECH_s05,51,98,54.266666666666666,-0.9410010576248169,0.7768674583692639
TOKYOTECH_s05,51,99,54.3,-0.915302574634552,0.9379478629176924
TOKYOTECH_s05,51,100,54.333333333333336,-0.9793973565101624,1.0136787643436251
TOKYOTECH_s05,51,101,54.36666666666667,-1.0188711881637573,0.9914966448135124
TOKYOTECH_s05,51,102,54.4,-1.0373302698135376,0.8780059859357506
TOKYOTECH_s05,51,103,54.43333333333333,-1.1869441270828247,0.6916334820694691
TOKYOTECH_s05,51,104,54.46666666666667,-1.0225131511688232,0.4545029897992808
TOKYOTECH_s05,51,105,54.5,0.31923940777778625,0.18899205921757314
TOKYOTECH_s05,51,106,54.53333333333333,1.8827592134475708,-0.08133021431991079
TOKYOTECH_s05,51,107,54.56666666666667,2.207329511642456,-0.3312624065564283
TOKYOTECH_s05,51,108,54.6,1.8539353609085083,-0.537510533544868
TOKYOTECH_s05,51,109,54.63333333333333,1.4584405422210693,-0.6847741948291961
TOKYOTECH_s05,51,110,54.666666666666664,1.0129023790359497,-0.7698057367315522
TOKYOTECH_s05,51,111,54.7,0.5521017909049988,-0.8001372850318974
TOKYOTECH_s05,51,112,54.733333333333334,0.1594119817018509,-0.7886435782974971
TOKYOTECH_s05,51,113,54.766666666666666,0.09800633788108826,-0.748149326044273
TOKYOTECH_s05,51,114,54.8,0.4156220555305481,-0.6887198262206273
TOKYOTECH_s05,51,115,54.833333333333336,0.6545395255088806,-0.6166461651330243
TOKYOTECH_s05,51,116,54.86666666666667,0.5610686540603638,-0.5328062757081454
TOKYOTECH_s05,51,117,54.9,0.29281967878341675,-0.43054590978706014
TOKYOTECH_s05,51,118,54.93333333333333,-0.018927959725260735,-0.29703299767261104
TOKYOTECH_s05,51,119,54.96666666666667,-0.3728652596473694,-0.12141381397503023
TOKYOTECH_s05,51,120,55.0,-0.6164041757583618,0.09380392043675086
TOKYOTECH_s05,51,121,55.03333333333333,-0.7091359496116638,0.3271445752458514
TOKYOTECH_s05,51,122,55.06666666666667,-0.7452705502510071,0.5440709941134965
TOKYOTECH_s05,51,123,55.1,-0.8333719968795776,0.7115014421675118
TOKYOTECH_s05,51,124,55.13333333333333,-0.8607979416847229,0.8117750136615468
TOKYOTECH_s05,51,125,55.166666666666664,-0.8471205830574036,0.8473088419611543
TOKYOTECH_s05,51,126,55.2,-0.9750341773033142,0.8337320848440252
TOKYOTECH_s05,51,127,55.233333333333334,-1.0250598192214966,0.787086110148014
TOKYOTECH_s05,51,128,55.266666666666666,-0.8977606296539307,0.7142115156911362
TOKYOTECH_s05,51,129,55.3,-0.09295132756233215,0.6123938746764526
TOKYOTECH_s05,51,130,55.333333333333336,1.2834665775299072,0.4768205274435054
TOKYOTECH_s05,51,131,55.36666666666667,1.815173864364624,0.3085006299387162
TOKYOTECH_s05,51,132,55.4,1.5625700950622559,0.115934654720369
TOKYOTECH_s05,51,133,55.43333333333333,1.1308250427246094,-0.08998006945541262
TOKYOTECH_s05,51,134,55.46666666666667,0.6414320468902588,-0.3017612256415216
TOKYOTECH_s05,51,135,55.5,0.14012476801872253,-0.5150641058489159
TOKYOTECH_s05,51,136,55.53333333333333,-0.22757002711296082,-0.7220044902418189
TOKYOTECH_s05,51,137,55.56666666666667,-0.20737454295158386,-0.9044907124840208
TOKYOTECH_s05,51,138,55.6,0.13366007804870605,-1.0339494282717774
TOKYOTECH_s05,51,139,55.63333333333333,0.38437604904174805,-1.0786577034334865
TOKYOTECH_s05,51,140,55.666666666666664,0.3443056643009186,-1.0149705190841605
TOKYOTECH_s05,51,141,55.7,0.07900407165288925,-0.8370342444350207
TOKYOTECH_s05,51,142,55.733333333333334,-0.3131692707538605,-0.5611761183450811
TOKYOTECH_s05,51,143,55.766666666666666,-0.6428416967391968,-0.2239316034692196
TOKYOTECH_s05,51,144,55.8,-0.7833908200263977,0.12547953061834666
TOKYOTECH_s05,51,145,55.833333333333336,-0.975568413734436,0.4364821055135904
TOKYOTECH_s05,51,146,55.86666666666667,-1.1038738489151,0.6696057733029074
TOKYOTECH_s05,51,147,55.9,-1.1147996187210083,0.8062668918691267
TOKYOTECH_s05,51,148,55.93333333333333,-1.1628841161727905,0.8516219274675628
TOKYOTECH_s05,51,149,55.96666666666667,-1.1097596883773804,0.8283685445672678
TOKYOTECH_s05,51,150,56.0,-1.0657267570495605,0.7641969061450852
TOKYOTECH_s05,51,151,56.03333333333333,-1.0365467071533203,0.6794479000205171
TOKYOTECH_s05,51,152,56.06666666666667,-0.10712733864784241,0.5809961018348935
TOKYOTECH_s05,51,153,56.1,1.564680576324463,0.46431030387870226
TOKYOTECH_s05,51,154,56.13333333333333,2.2354767322540283,0.32108989008047445
TOKYOTECH_s05,51,155,56.166666666666664,2.0488998889923096,0.14716068390707113
TOKYOTECH_s05,51,156,56.2,1.6868685483932495,-0.054216989963715684
TOKYOTECH_s05,51,157,56.233333333333334,1.3118274211883545,-0.27442113493806697
TOKYOTECH_s05,51,158,56.266666666666666,0.9611581563949585,-0.5024356060561356
TOKYOTECH_s05,51,159,56.3,0.6126614809036255,-0.7235893931352796
TOKYOTECH_s05,51,160,56.333333333333336,0.4175899624824524,-0.9150939054613343
TOKYOTECH_s05,51,161,56.36666666666667,0.45148950815200806,-1.0450029243120655
TOKYOTECH_s05,51,162,56.4,0.577907145023346,-1.0791656890899899
TOKYOTECH_s05,51,163,56.43333333333333,0.5700622200965881,-0.9938214180231953
TOKYOTECH_s05,51,164,56.46666666666667,0.3715001046657562,-0.7866113943774896
TOKYOTECH_s05,51,165,56.5,0.0736079290509224,-0.4795902647596701
TOKYOTECH_s05,51,166,56.53333333333333,-0.17863072454929352,-0.1133601643487915
TOKYOTECH_s05,51,167,56.56666666666667,-0.432062566280365,0.263256085584398
TOKYOTECH_s05,51,168,56.6,-0.6801161170005798,0.6028302643312092
TOKYOTECH_s05,51,169,56.63333333333333,-0.8439683318138123,0.8660345501684692
TOKYOTECH_s05,51,170,56.666666666666664,-0.8783309459686279,1.0263832878834163
TOKYOTECH_s05,51,171,56.7,-0.8317424654960632,1.0743394394132066
TOKYOTECH_s05,51,172,56.733333333333334,-0.8978229761123657,1.0195675153614245
TOKYOTECH_s05,51,173,56.766666666666666,-0.9870820045471191,0.8881772385448629
TOKYOTECH_s05,51,174,56.8,-1.000866174697876,0.7136525881753376
TOKYOTECH_s05,51,175,56.833333333333336,-0.7939605116844177,0.5246684261881583
TOKYOTECH_s05,51,176,56.86666666666667,0.30436885356903076,0.3363857817221311
TOKYOTECH_s05,51,177,56.9,1.7312932014465332,0.15045392375138886
TOKYOTECH_s05,51,178,56.93333333333333,2.163154125213623,-0.03727482110148937
TOKYOTECH_s05,51,179,56.96666666666667,1.9389647245407104,-0.2279396999020746
TOKYOTECH_s05,51,180,57.0,1.630208969116211,-0.41617644601596
TOKYOTECH_s05,51,181,57.03333333333333,1.3618353605270386,-0.5929233821634554
TOKYOTECH_s05,51,182,57.06666666666667,1.0401413440704346,-0.7497013225177908
TOKYOTECH_s05,51,183,57.1,0.7187678813934326,-0.8787955948175609
TOKYOTECH_s05,51,184,57.13333333333333,0.5518969893455505,-0.9692801752447823
TOKYOTECH_s05,51,185,57.166666666666664,0.6186542510986328,-1.0042063553268306
TOKYOTECH_s05,51,186,57.2,0.6623221039772034,-0.9634556769698471
TOKYOTECH_s05,51,187,57.233333333333334,0.5647907257080078,-0.8316880996537129
TOKYOTECH_s05,51,188,57.266666666666666,0.3451872169971466,-0.6068047855566311
TOKYOTECH_s05,51,189,57.3,0.06455201655626297,-0.304031668198604
TOKYOTECH_s05,51,190,57.333333333333336,-0.19139091670513153,0.04626109659318719
TOKYOTECH_s05,51,191,57.36666666666667,-0.39253535866737366,0.4051096694160665
TOKYOTECH_s05,51,192,57.4,-0.5318823456764221,0.7321731176460747
TOKYOTECH_s05,51,193,57.43333333333333,-0.6993944048881531,0.9909986548219246
TOKYOTECH_s05,51,194,57.46666666666667,-0.8463903665542603,1.152491026504495
TOKYOTECH_s05,51,195,57.5,-0.8306471705436707,1.19834553542131
TOKYOTECH_s05,51,196,57.53333333333333,-0.7713786363601685,1.124924044764692
TOKYOTECH_s05,51,197,57.56666666666667,-0.8580285906791687,0.9456141951691311
TOKYOTECH_s05,51,198,57.6,-0.9514727592468262,0.6889774920299193
TOKYOTECH_s05,51,199,57.63333333333333,-0.9774205684661865,0.3921781439582587
TOKYOTECH_s05,51,200,57.666666666666664,-0.6979696750640869,0.09281965952645273
TOKYOTECH_s05,51,201,57.7,0.5672217011451721,-0.17668875332884748
TOKYOTECH_s05,51,202,57.733333333333334,1.767516851425171,-0.39158977721111576
TOKYOTECH_s05,51,203,57.766666666666666,1.9456787109375,-0.536966924502448
TOKYOTECH_s05,51,204,57.8,1.6927454471588135,-0.6116048706994802
TOKYOTECH_s05,51,205,57.833333333333336,1.416900873184204,-0.6312836240703844
TOKYOTECH_s05,51,206,57.86666666666667,1.0819836854934692,-0.6263518907407729
TOKYOTECH_s05,51,207,57.9,0.7440122365951538,-0.6303137943508641
TOKYOTECH_s05,51,208,57.93333333333333,0.48395541310310364,-0.6627451870756264
TOKYOTECH_s05,51,209,57.96666666666667,0.4167618453502655,-0.7160496114684549
TOKYOTECH_s05,51,210,58.0,0.5531169176101685,-0.7557187547220773
TOKYOTECH_s05,51,211,58.03333333333333,0.619357705116272,-0.7364162255402089
TOKYOTECH_s05,51,212,58.06666666666667,0.48849672079086304,-0.6253874090443593
TOKYOTECH_s05,51,213,58.1,0.21561738848686218,-0.419144104854499
TOKYOTECH_s05,51,214,58.13333333333333,-0.14470446109771729,-0.14444079426181997
TOKYOTECH_s05,51,215,58.166666666666664,-0.3526964783668518,0.15462994416612214
TOKYOTECH_s05,51,216,58.2,-0.4849465787410736,0.4337892215649317
TOKYOTECH_s05,51,217,58.233333333333334,-0.6905521750450134,0.660361250987965
TOKYOTECH_s05,51,218,58.266666666666666,-0.7464014291763306,0.8167348023588056
TOKYOTECH_s05,51,219,58.3,-0.7708621621131897,0.8987834239374702
TOKYOTECH_s05,51,220,58.333333333333336,-0.8724539279937744,0.9129389361910276
TOKYOTECH_s05,51,221,58.36666666666667,-0.8943946957588196,0.8728406240709016
TOKYOTECH_s05,51,222,58.4,-0.8617150783538818,0.7953561397777416
TOKYOTECH_s05,51,223,58.43333333333333,-0.44655025005340576,0.6965170338285717
TOKYOTECH_s05,51,224,58.46666666666667,0.7514297366142273,0.5884989762089287
TOKYOTECH_s05,51,225,58.5,1.6016254425048828,0.478252569277423
TOKYOTECH_s05,51,226,58.53333333333333,1.6291849613189697,0.36717294684378105
TOKYOTECH_s05,51,227,58.56666666666667,1.3207676410675049,0.2507546964638772
TOKYOTECH_s05,51,228,58.6,0.9900711178779602,0.11838865230643664
TOKYOTECH_s05,51,229,58.63333333333333,0.62498539686203,-0.044812413396185836
TOKYOTECH_s05,51,230,58.666666666666664,0.20566211640834808,-0.2520180710847393
TOKYOTECH_s05,51,231,58.7,-0.011822143569588661,-0.5049113541577657
TOKYOTECH_s05,51,232,58.733333333333334,0.08489887416362762,-0.7847838465617631
TOKYOTECH_s05,51,233,58.766666666666666,0.3090704381465912,-1.0508339464998737
TOKYOTECH_s05,51,234,58.8,0.3321687877178192,-1.2485007968365007
TOKYOTECH_s05,51,235,58.833333333333336,0.15210136771202087,-1.3250217439877885
TOKYOTECH_s05,51,236,58.86666666666667,-0.12712691724300385,-1.2460934010472555
TOKYOTECH_s05,51,237,58.9,-0.44794824719429016,-1.0075743735228888
TOKYOTECH_s05,51,238,58.93333333333333,-0.6783797144889832,-0.6384929827940075
TOKYOTECH_s05,51,239,58.96666666666667,-0.7641125321388245,-0.1950590543094651
TOKYOTECH_s05,52,0,52.0,1.857007384300232,-0.15451981564242617
TOKYOTECH_s05,52,1,52.03333333333333,2.088489532470703,-1.5997712851440877
TOKYOTECH_s05,52,2,52.06666666666667,1.661811113357544,-2.8437179550866136
TOKYOTECH_s05,52,3,52.1,1.139987826347351,-3.7342706519814604
TOKYOTECH_s05,52,4,52.13333333333333,0.5776934027671814,-4.200682108818262
TOKYOTECH_s05,52,5,52.166666666666664,0.12445279955863953,-4.265410863997897
TOKYOTECH_s05,52,6,52.2,-0.10347647964954376,-4.026153806104278
TOKYOTECH_s05,52,7,52.233333333333334,-0.054893359541893005,-3.614888596314696
TOKYOTECH_s05,52,8,52.266666666666666,0.25555419921875,-3.1506320078549224
TOKYOTECH_s05,52,9,52.3,0.48665350675582886,-2.7043692884509247
TOKYOTECH_s05,52,10,52.333333333333336,0.31118080019950867,-2.2887017900545805
TOKYOTECH_s05,52,11,52.36666666666667,-0.04536551237106323,-1.8735092936433824
TOKYOTECH_s05,52,12,52.4,-0.3379416763782501,-1.4168990764646676
TOKYOTECH_s05,52,13,52.43333333333333,-0.6322720646858215,-0.8945588925442995
TOKYOTECH_s05,52,14,52.46666666666667,-0.9198616743087769,-0.31417315390823053
TOKYOTECH_s05,52,15,52.5,-1.027125597000122,0.28823673560874025
TOKYOTECH_s05,52,16,52.53333333333333,-1.1052361726760864,0.8631547587439427
TOKYOTECH_s05,52,17,52.56666666666667,-1.1315491199493408,1.363125941746879
TOKYOTECH_s05,52,18,52.6,-1.2306030988693237,1.7528091882268273
TOKYOTECH_s05,52,19,52.63333333333333,-1.1489752531051636,2.0133950014533037
TOKYOTECH_s05,52,20,52.666666666666664,-1.109670639038086,2.1431695055746474
TOKYOTECH_s05,52,21,52.7,-1.1666507720947266,2.154902205523207
TOKYOTECH_s05,52,22,52.733333333333334,-1.3033263683319092,2.070342658305501
TOKYOTECH_s05,52,23,52.766666666666666,-0.8741992712020874,1.9131122449127924
TOKYOTECH_s05,52,24,52.8,0.6805942058563232,1.702428945651873
TOKYOTECH_s05,52,25,52.833333333333336,2.0677330493927,1.4502399435671585
TOKYOTECH_s05,52,26,52.86666666666667,2.2028236389160156,1.1629107569375863
TOKYOTECH_s05,52,27,52.9,1.8166698217391968,0.8460288007179972
TOKYOTECH_s05,52,28,52.93333333333333,1.4211127758026123,0.5086341663939671
TOKYOTECH_s05,52,29,52.96666666666667,0.9382556676864624,0.16361530544464886
TOKYOTECH_s05,52,30,53.0,0.4256930649280548,-0.17542379955175863
TOKYOTECH_s05,52,31,53.03333333333333,0.1302763670682907,-0.49715701055815614
TOKYOTECH_s05,52,32,53.06666666666667,0.17113034427165985,-0.791932334001453
TOKYOTECH_s05,52,33,53.1,0.4113478660583496,-1.0474306551192003
TOKYOTECH_s05,52,34,53.13333333333333,0.5016309022903442,-1.2440535908990493
TOKYOTECH_s05,52,35,53.166666666666664,0.32102030515670776,-1.3546245942526294
TOKYOTECH_s05,52,36,53.2,0.04889785125851631,-1.3505756937489628
TOKYOTECH_s05,52,37,53.233333333333334,-0.2173387110233307,-1.2126049371800387
TOKYOTECH_s05,52,38,53.266666666666666,-0.45725348591804504,-0.9407691671055954
TOKYOTECH_s05,52,39,53.3,-0.7010061144828796,-0.5592115756834029
TOKYOTECH_s05,52,40,53.333333333333336,-0.9273058772087097,-0.11395382731130915
TOKYOTECH_s05,52,41,53.36666666666667,-1.0627527236938477,0.33480834284469213
TOKYOTECH_s05,52,42,53.4,-1.0480157136917114,0.724025087563978
TOKYOTECH_s05,52,43,53.43333333333333,-1.0374549627304077,1.0010653383447217
TOKYOTECH_s05,52,44,53.46666666666667,-1.1089582443237305,1.1359177158803284
TOKYOTECH_s05,52,45,53.5,-1.0748094320297241,1.1277932909332864
TOKYOTECH_s05,52,46,53.53333333333333,-1.029369592666626,1.0025217186357984
TOKYOTECH_s05,52,47,53.56666666666667,-1.1511569023132324,0.800982904851335
TOKYOTECH_s05,52,48,53.6,-1.0667152404785156,0.5637293022105031
TOKYOTECH_s05,52,49,53.63333333333333,0.2461332082748413,0.3192779648490609
TOKYOTECH_s05,52,50,53.666666666666664,1.9005950689315796,0.08101821469765977
TOKYOTECH_s05,52,51,53.7,2.2845582962036133,-0.14787369822663615
TOKYOTECH_s05,52,52,53.733333333333334,1.9395167827606201,-0.3667245988815307
TOKYOTECH_s05,52,53,53.766666666666666,1.5371298789978027,-0.572378336762112
TOKYOTECH_s05,52,54,53.8,1.1306915283203125,-0.7583685513294919
TOKYOTECH_s05,52,55,53.833333333333336,0.7150903344154358,-0.9157220958546367
TOKYOTECH_s05,52,56,53.86666666666667,0.3993000388145447,-1.0330224725982295
TOKYOTECH_s05,52,57,53.9,0.3390074670314789,-1.0962683257200667
TOKYOTECH_s05,52,58,53.93333333333333,0.49171125888824463,-1.0909629974733073
TOKYOTECH_s05,52,59,53.96666666666667,0.6473981142044067,-1.007593433438478
TOKYOTECH_s05,52,60,54.0,0.5405614972114563,-0.8479369213705971
TOKYOTECH_s05,52,61,54.03333333333333,0.24746888875961304,-0.6272463105897569
TOKYOTECH_s05,52,62,54.06666666666667,-0.06011141464114189,-0.36938703606154244
TOKYOTECH_s05,52,63,54.1,-0.3692767322063446,-0.0973018712367697
TOKYOTECH_s05,52,64,54.13333333333333,-0.5919879674911499,0.17436865192107737
TOKYOTECH_s05,52,65,54.166666666666664,-0.7163130044937134,0.43876278262141805
TOKYOTECH_s05,52,66,54.2,-0.855517566204071,0.6896126258269808
TOKYOTECH_s05,52,67,54.233333333333334,-0.9761649966239929,0.9144301811783426
TOKYOTECH_s05,52,68,54.266666666666666,-0.9410010576248169,1.0936367677127516
TOKYOTECH_s05,52,69,54.3,-0.915302574634552,1.2056043657026083
TOKYOTECH_s05,52,70,54.333333333333336,-0.9793973565101624,1.2338244316438618
TOKYOTECH_s05,52,71,54.36666666666667,-1.0188711881637573,1.172049521725081
TOKYOTECH_s05,52,72,54.4,-1.0373302698135376,1.0250895131344195
TOKYOTECH_s05,52,73,54.43333333333333,-1.1869441270828247,0.8059277934982201
TOKYOTECH_s05,52,74,54.46666666666667,-1.0225131511688232,0.5323892816928533
TOKYOTECH_s05,52,75,54.5,0.31923940777778625,0.2261896449034325
TOKYOTECH_s05,52,76,54.53333333333333,1.8827592134475708,-0.08648166313693294
TOKYOTECH_s05,52,77,54.56666666666667,2.207329511642456,-0.3763376467612484
TOKYOTECH_s05,52,78,54.6,1.8539353609085083,-0.6159621829726578
TOKYOTECH_s05,52,79,54.63333333333333,1.4584405422210693,-0.7861029219517568
TOKYOTECH_s05,52,80,54.666666666666664,1.0129023790359497,-0.8793929226381697
TOKYOTECH_s05,52,81,54.7,0.5521017909049988,-0.8995537063818362
TOKYOTECH_s05,52,82,54.733333333333334,0.1594119817018509,-0.8578388101808554
TOKYOTECH_s05,52,83,54.766666666666666,0.09800633788108826,-0.7701549400124168
TOKYOTECH_s05,52,84,54.8,0.4156220555305481,-0.6559442005137097
TOKYOTECH_s05,52,85,54.833333333333336,0.6545395255088806,-0.53632799119626
TOKYOTECH_s05,52,86,54.86666666666667,0.5610686540603638,-0.4284429360804964
TOKYOTECH_s05,52,87,54.9,0.29281967878341675,-0.3370261026766396
TOKYOTECH_s05,52,88,54.93333333333333,-0.018927959725260735,-0.2501649708694955
TOKYOTECH_s05,52,89,54.96666666666667,-0.3728652596473694,-0.14597701021215076
TOKYOTECH_s05,52,90,55.0,-0.6164041757583618,-0.007863092779078588
TOKYOTECH_s05,52,91,55.03333333333333,-0.7091359496116638,0.16262363161553428
TOKYOTECH_s05,52,92,55.06666666666667,-0.7452705502510071,0.3446699851591248
TOKYOTECH_s05,52,93,55.1,-0.8333719968795776,0.509052257435609
TOKYOTECH_s05,52,94,55.13333333333333,-0.8607979416847229,0.6328203037862159
TOKYOTECH_s05,52,95,55.166666666666664,-0.8471205830574036,0.7079059113775401
TOKYOTECH_s05,52,96,55.2,-0.9750341773033142,0.739133542393726
TOKYOTECH_s05,52,97,55.233333333333334,-1.0250598192214966,0.7350173416657663
TOKYOTECH_s05,52,98,55.266666666666666,-0.8977606296539307,0.6992322839206159
TOKYOTECH_s05,52,99,55.3,-0.09295132756233215,0.6290010485987636
TOKYOTECH_s05,52,100,55.333333333333336,1.2834665775299072,0.520353286864678
TOKYOTECH_s05,52,101,55.36666666666667,1.815173864364624,0.3745626844103649
TOKYOTECH_s05,52,102,55.4,1.5625700950622559,0.1997273166407695
TOKYOTECH_s05,52,103,55.43333333333333,1.1308250427246094,0.006407825367831571
TOKYOTECH_s05,52,104,55.46666666666667,0.6414320468902588,-0.1976604164226355
TOKYOTECH_s05,52,105,55.5,0.14012476801872253,-0.4075661363046671
TOKYOTECH_s05,52,106,55.53333333333333,-0.22757002711296082,-0.6154120773990013
TOKYOTECH_s05,52,107,55.56666666666667,-0.20737454295158386,-0.8043357778909098
TOKYOTECH_s05,52,108,55.6,0.13366007804870605,-0.9479951594529994
TOKYOTECH_s05,52,109,55.63333333333333,0.38437604904174805,-1.0164267627319234
TOKYOTECH_s05,52,110,55.666666666666664,0.3443056643009186,-0.9848747791792306
TOKYOTECH_s05,52,111,55.7,0.07900407165288925,-0.8412944095695509
TOKYOTECH_s05,52,112,55.733333333333334,-0.3131692707538605,-0.5905479525540202
TOKYOTECH_s05,52,113,55.766666666666666,-0.6428416967391968,-0.2556907200176588
TOKYOTECH_s05,52,114,55.8,-0.7833908200263977,0.12335744532220172
TOKYOTECH_s05,52,115,55.833333333333336,-0.975568413734436,0.49477672761120534
TOKYOTECH_s05,52,116,55.86666666666667,-1.1038738489151,0.8044051938760345
TOKYOTECH_s05,52,117,55.9,-1.1147996187210083,1.0085227928681526
TOKYOTECH_s05,52,118,55.93333333333333,-1.1628841161727905,1.0852645870703859
TOKYOTECH_s05,52,119,55.96666666666667,-1.1097596883773804,1.0390826914748237
TOKYOTECH_s05,52,120,56.0,-1.0657267570495605,0.8958029954465152
TOKYOTECH_s05,52,121,56.03333333333333,-1.0365467071533203,0.6909799265963411
TOKYOTECH_s05,52,122,56.06666666666667,-0.10712733864784241,0.4577393646615587
TOKYOTECH_s05,52,123,56.1,1.564680576324463,0.21975503942496505
TOKYOTECH_s05,52,124,56.13333333333333,2.2354767322540283,-0.009201614383125892
TOKYOTECH_s05,52,125,56.166666666666664,2.0488998889923096,-0.22207187228931663
TOKYOTECH_s05,52,126,56.2,1.6868685483932495,-0.4156800905534778
TOKYOTECH_s05,52,127,56.233333333333334,1.3118274211883545,-0.5896654539356545
TOKYOTECH_s05,52,128,56.266666666666666,0.9611581563949585,-0.7449722221837303
TOKYOTECH_s05,52,129,56.3,0.6126614809036255,-0.8794500462952083
TOKYOTECH_s05,52,130,56.333333333333336,0.4175899624824524,-0.9824484250052238
TOKYOTECH_s05,52,131,56.36666666666667,0.45148950815200806,-1.0337337564184526
TOKYOTECH_s05,52,132,56.4,0.577907145023346,-1.0096328725873893
TOKYOTECH_s05,52,133,56.43333333333333,0.5700622200965881,-0.8935320577578498
TOKYOTECH_s05,52,134,56.46666666666667,0.3715001046657562,-0.6842963634512242
TOKYOTECH_s05,52,135,56.5,0.0736079290509224,-0.3977118493837917
TOKYOTECH_s05,52,136,56.53333333333333,-0.17863072454929352,-0.061497011047372076
TOKYOTECH_s05,52,137,56.56666666666667,-0.432062566280365,0.29131120055911014
TOKYOTECH_s05,52,138,56.6,-0.6801161170005798,0.626609347702621
TOKYOTECH_s05,52,139,56.63333333333333,-0.8439683318138123,0.9111393579899246
TOKYOTECH_s05,52,140,56.666666666666664,-0.8783309459686279,1.114954077944577
TOKYOTECH_s05,52,141,56.7,-0.8317424654960632,1.216576182988881
TOKYOTECH_s05,52,142,56.733333333333334,-0.8978229761123657,1.2092622979590646
TOKYOTECH_s05,52,143,56.766666666666666,-0.9870820045471191,1.1038974563024995
TOKYOTECH_s05,52,144,56.8,-1.000866174697876,0.9252459120846711
TOKYOTECH_s05,52,145,56.833333333333336,-0.7939605116844177,0.7027269723866295
TOKYOTECH_s05,52,146,56.86666666666667,0.30436885356903076,0.4610335062758707
TOKYOTECH_s05,52,147,56.9,1.7312932014465332,0.21602096447427074
TOKYOTECH_s05,52,148,56.93333333333333,2.163154125213623,-0.023293173918294552
TOKYOTECH_s05,52,149,56.96666666666667,1.9389647245407104,-0.2505380818097109
TOKYOTECH_s05,52,150,57.0,1.630208969116211,-0.4598757199518155
TOKYOTECH_s05,52,151,57.03333333333333,1.3618353605270386,-0.6466885444224937
TOKYOTECH_s05,52,152,57.06666666666667,1.0401413440704346,-0.8080995471451944
TOKYOTECH_s05,52,153,57.1,0.7187678813934326,-0.940349005034916
TOKYOTECH_s05,52,154,57.13333333333333,0.5518969893455505,-1.0342247207206303
TOKYOTECH_s05,52,155,57.166666666666664,0.6186542510986328,-1.0731914024965166
TOKYOTECH_s05,52,156,57.2,0.6623221039772034,-1.0372932374574557
TOKYOTECH_s05,52,157,57.233333333333334,0.5647907257080078,-0.9113790105172455
TOKYOTECH_s05,52,158,57.266666666666666,0.3451872169971466,-0.6931385703712022
TOKYOTECH_s05,52,159,57.3,0.06455201655626297,-0.39666784902132424
TOKYOTECH_s05,52,160,57.333333333333336,-0.19139091670513153,-0.05013706807146011
TOKYOTECH_s05,52,161,57.36666666666667,-0.39253535866737366,0.31045681892864474
TOKYOTECH_s05,52,162,57.4,-0.5318823456764221,0.6477681936481737
TOKYOTECH_s05,52,163,57.43333333333333,-0.6993944048881531,0.9272703857006687
TOKYOTECH_s05,52,164,57.46666666666667,-0.8463903665542603,1.1196414200605755
TOKYOTECH_s05,52,165,57.5,-0.8306471705436707,1.2037200733058886
TOKYOTECH_s05,52,166,57.53333333333333,-0.7713786363601685,1.1708670830174448
TOKYOTECH_s05,52,167,57.56666666666667,-0.8580285906791687,1.0285724689425695
TOKYOTECH_s05,52,168,57.6,-0.9514727592468262,0.7999737803695626
TOKYOTECH_s05,52,169,57.63333333333333,-0.9774205684661865,0.518182951064574
TOKYOTECH_s05,52,170,57.666666666666664,-0.6979696750640869,0.2184838997312216
TOKYOTECH_s05,52,171,57.7,0.5672217011451721,-0.06709231320453826
TOKYOTECH_s05,52,172,57.733333333333334,1.767516851425171,-0.3118904928060127
TOKYOTECH_s05,52,173,57.766666666666666,1.9456787109375,-0.496530915831704
TOKYOTECH_s05,52,174,57.8,1.6927454471588135,-0.6129922828403641
TOKYOTECH_s05,52,175,57.833333333333336,1.416900873184204,-0.6689927929310534
TOKYOTECH_s05,52,176,57.86666666666667,1.0819836854934692,-0.6874221319684694
TOKYOTECH_s05,52,177,57.9,0.7440122365951538,-0.6970684499033651
TOKYOTECH_s05,52,178,57.93333333333333,0.48395541310310364,-0.7173631803962787
TOKYOTECH_s05,52,179,57.96666666666667,0.4167618453502655,-0.7460013057308705
TOKYOTECH_s05,52,180,58.0,0.5531169176101685,-0.7583200622076613
TOKYOTECH_s05,52,181,58.03333333333333,0.619357705116272,-0.7203471385280678
TOKYOTECH_s05,52,182,58.06666666666667,0.48849672079086304,-0.607806954240347
TOKYOTECH_s05,52,183,58.1,0.21561738848686218,-0.41902636515218716
TOKYOTECH_s05,52,184,58.13333333333333,-0.14470446109771729,-0.17490611270899709
TOKYOTECH_s05,52,185,58.166666666666664,-0.3526964783668518,0.09127374620136354
TOKYOTECH_s05,52,186,58.2,-0.4849465787410736,0.3456894605875694
TOKYOTECH_s05,52,187,58.233333333333334,-0.6905521750450134,0.5606757810705181
TOKYOTECH_s05,52,188,58.266666666666666,-0.7464014291763306,0.7163762077429909
TOKYOTECH_s05,52,189,58.3,-0.7708621621131897,0.8018173514665978
TOKYOTECH_s05,52,190,58.333333333333336,-0.8724539279937744,0.8172073746917549
TOKYOTECH_s05,52,191,58.36666666666667,-0.8943946957588196,0.7746670235423017
TOKYOTECH_s05,52,192,58.4,-0.8617150783538818,0.6946128741227379
TOKYOTECH_s05,52,193,58.43333333333333,-0.44655025005340576,0.5985868448092315
TOKYOTECH_s05,52,194,58.46666666666667,0.7514297366142273,0.5020766487403462
TOKYOTECH_s05,52,195,58.5,1.6016254425048828,0.4106684959042096
TOKYOTECH_s05,52,196,58.53333333333333,1.6291849613189697,0.32030780445772655
TOKYOTECH_s05,52,197,58.56666666666667,1.3207676410675049,0.22017313464552177
TOKYOTECH_s05,52,198,58.6,0.9900711178779602,0.09671327404263097
TOKYOTECH_s05,52,199,58.63333333333333,0.62498539686203,-0.06125004224787417
TOKYOTECH_s05,52,200,58.666666666666664,0.20566211640834808,-0.2560365394169954
TOKYOTECH_s05,52,201,58.7,-0.011822143569588661,-0.4746246241077295
TOKYOTECH_s05,52,202,58.733333333333334,0.08489887416362762,-0.6862663435852037
TOKYOTECH_s05,52,203,58.766666666666666,0.3090704381465912,-0.84837876306784
TOKYOTECH_s05,52,204,58.8,0.3321687877178192,-0.9204249149622318
TOKYOTECH_s05,52,205,58.833333333333336,0.15210136771202087,-0.8798790543626841
TOKYOTECH_s05,52,206,58.86666666666667,-0.12712691724300385,-0.7322212567271174
TOKYOTECH_s05,52,207,58.9,-0.44794824719429016,-0.5094439564146541
TOKYOTECH_s05,52,208,58.93333333333333,-0.6783797144889832,-0.25726181192832115
TOKYOTECH_s05,52,209,58.96666666666667,-0.7641125321388245,-0.017442707665395338
TOKYOTECH_s05,52,210,59.0,-0.8948933482170105,0.18502367893793015
TOKYOTECH_s05,52,211,59.03333333333333,-1.0009195804595947,0.34335655662944786
TOKYOTECH_s05,52,212,59.06666666666667,-0.9594957232475281,0.4611419765380017
TOKYOTECH_s05,52,213,59.1,-0.9342958927154541,0.5433493699729133
TOKYOTECH_s05,52,214,59.13333333333333,-1.0707578659057617,0.591785767928087
TOKYOTECH_s05,52,215,59.166666666666664,-1.09974205493927,0.604655585072159
TOKYOTECH_s05,52,216,59.2,-1.005968451499939,0.5779122887704826
TOKYOTECH_s05,52,217,59.233333333333334,-0.10729652643203735,0.5077075729497016
TOKYOTECH_s05,52,218,59.266666666666666,1.2976959943771362,0.39445671068177285
TOKYOTECH_s05,52,219,59.3,1.886712908744812,0.24766843031424793
TOKYOTECH_s05,52,220,59.333333333333336,1.7625747919082642,0.08781654892488575
TOKYOTECH_s05,52,221,59.36666666666667,1.4774249792099,-0.05852897277218622
TOKYOTECH_s05,52,222,59.4,1.17495596408844,-0.16916758960272057
TOKYOTECH_s05,52,223,59.43333333333333,0.8838400840759277,-0.2357784426739761
TOKYOTECH_s05,52,224,59.46666666666667,0.6154218912124634,-0.265615435920174
TOKYOTECH_s05,52,225,59.5,0.3893626034259796,-0.27384950156177507
TOKYOTECH_s05,52,226,59.53333333333333,0.376068115234375,-0.27213088628554327
TOKYOTECH_s05,52,227,59.56666666666667,0.5414965152740479,-0.262013330322866
TOKYOTECH_s05,52,228,59.6,0.5447555780410767,-0.2378707411118853
TOKYOTECH_s05,52,229,59.63333333333333,0.3001124858856201,-0.19633754790488359
TOKYOTECH_s05,52,230,59.666666666666664,-0.04575730860233307,-0.1442028812093282
TOKYOTECH_s05,52,231,59.7,-0.3214593827724457,-0.09784601346006316
TOKYOTECH_s05,52,232,59.733333333333334,-0.4650271534919739,-0.07405742789621311
TOKYOTECH_s05,52,233,59.766666666666666,-0.5784085392951965,-0.07893834505391585
TOKYOTECH_s05,52,234,59.8,-0.7403819561004639,-0.10300513913260143
TOKYOTECH_s05,52,235,59.833333333333336,-0.7992141842842102,-0.12597962142049346
TOKYOTECH_s05,52,236,59.86666666666667,-0.7227954864501953,-0.12766107810084168
TOKYOTECH_s05,52,237,59.9,-0.7439882755279541,-0.09753755568131171
TOKYOTECH_s05,52,238,59.93333333333333,-0.8944036364555359,-0.0383361018052285
TOKYOTECH_s05,52,239,59.96666666666667,-0.9925493597984314,0.03623280812845955
TOKYOTECH_s05,53,0,53.0,0.4256930649280548,-0.05729665185180489
TOKYOTECH_s05,53,1,53.03333333333333,0.1302763670682907,-1.8588820196658027
TOKYOTECH_s05,53,2,53.06666666666667,0.17113034427165985,-3.407004389520496
TOKYOTECH_s05,53,3,53.1,0.4113478660583496,-4.505820475415321
TOKYOTECH_s05,53,4,53.13333333333333,0.5016309022903442,-5.053354355493543
TOKYOTECH_s05,53,5,53.166666666666664,0.32102030515670776,-5.053332996296205
TOKYOTECH_s05,53,6,53.2,0.04889785125851631,-4.596326741951861
TOKYOTECH_s05,53,7,53.233333333333334,-0.2173387110233307,-3.8227935120838015
TOKYOTECH_s05,53,8,53.266666666666666,-0.45725348591804504,-2.8845046478087273
TOKYOTECH_s05,53,9,53.3,-0.7010061144828796,-1.915001109471325
TOKYOTECH_s05,53,10,53.333333333333336,-0.9273058772087097,-1.0132532913990528
TOKYOTECH_s05,53,11,53.36666666666667,-1.0627527236938477,-0.2401523555444806
TOKYOTECH_s05,53,12,53.4,-1.0480157136917114,0.3759457588738405
TOKYOTECH_s05,53,13,53.43333333333333,-1.0374549627304077,0.8300976642085701
TOKYOTECH_s05,53,14,53.46666666666667,-1.1089582443237305,1.1327064800901174
TOKYOTECH_s05,53,15,53.5,-1.0748094320297241,1.3041398689073571
TOKYOTECH_s05,53,16,53.53333333333333,-1.029369592666626,1.3703251926646414
TOKYOTECH_s05,53,17,53.56666666666667,-1.1511569023132324,1.3570256432610377
TOKYOTECH_s05,53,18,53.6,-1.0667152404785156,1.2835722080516625
TOKYOTECH_s05,53,19,53.63333333333333,0.2461332082748413,1.1597851229049267
TOKYOTECH_s05,53,20,53.666666666666664,1.9005950689315796,0.9888357659922764
TOKYOTECH_s05,53,21,53.7,2.2845582962036133,0.7746678929906449
TOKYOTECH_s05,53,22,53.733333333333334,1.9395167827606201,0.5289066559163522
TOKYOTECH_s05,53,23,53.766666666666666,1.5371298789978027,0.27235602573691475
TOKYOTECH_s05,53,24,53.8,1.1306915283203125,0.030598915995493185
TOKYOTECH_s05,53,25,53.833333333333336,0.7150903344154358,-0.17247459412316435
TOKYOTECH_s05,53,26,53.86666666666667,0.3993000388145447,-0.31924987450701187
TOKYOTECH_s05,53,27,53.9,0.3390074670314789,-0.40010307605963263
TOKYOTECH_s05,53,28,53.93333333333333,0.49171125888824463,-0.41386584566538
TOKYOTECH_s05,53,29,53.96666666666667,0.6473981142044067,-0.36854490681750796
TOKYOTECH_s05,53,30,54.0,0.5405614972114563,-0.28124676493040024
TOKYOTECH_s05,53,31,54.03333333333333,0.24746888875961304,-0.1744091182353856
TOKYOTECH_s05,53,32,54.06666666666667,-0.06011141464114189,-0.06716305247763707
TOKYOTECH_s05,53,33,54.1,-0.3692767322063446,0.03457792602176763
TOKYOTECH_s05,53,34,54.13333333333333,-0.5919879674911499,0.14167702882017846
TOKYOTECH_s05,53,35,54.166666666666664,-0.7163130044937134,0.2736030169471839
TOKYOTECH_s05,53,36,54.2,-0.855517566204071,0.44234674159330367
TOKYOTECH_s05,53,37,54.233333333333334,-0.9761649966239929,0.639502818149345
TOKYOTECH_s05,53,38,54.266666666666666,-0.9410010576248169,0.8351123756232443
TOKYOTECH_s05,53,39,54.3,-0.915302574634552,0.988208122737735
TOKYOTECH_s05,53,40,54.333333333333336,-0.9793973565101624,1.0621113638853716
TOKYOTECH_s05,53,41,54.36666666666667,-1.0188711881637573,1.036063858918588
TOKYOTECH_s05,53,42,54.4,-1.0373302698135376,0.9083286495447482
TOKYOTECH_s05,53,43,54.43333333333333,-1.1869441270828247,0.6917592181716972
TOKYOTECH_s05,53,44,54.46666666666667,-1.0225131511688232,0.4072457696027757
TOKYOTECH_s05,53,45,54.5,0.31923940777778625,0.08009949860053574
TOKYOTECH_s05,53,46,54.53333333333333,1.8827592134475708,-0.26044788574151817
TOKYOTECH_s05,53,47,54.56666666666667,2.207329511642456,-0.5824251481915638
TOKYOTECH_s05,53,48,54.6,1.8539353609085083,-0.8554462648069994
TOKYOTECH_s05,53,49,54.63333333333333,1.4584405422210693,-1.0564710924823932
TOKYOTECH_s05,53,50,54.666666666666664,1.0129023790359497,-1.1732069691694267
TOKYOTECH_s05,53,51,54.7,0.5521017909049988,-1.2033243887894953
TOKYOTECH_s05,53,52,54.733333333333334,0.1594119817018509,-1.1518454620317309
TOKYOTECH_s05,53,53,54.766666666666666,0.09800633788108826,-1.0305445473662334
TOKYOTECH_s05,53,54,54.8,0.4156220555305481,-0.8594751175412467
TOKYOTECH_s05,53,55,54.833333333333336,0.6545395255088806,-0.666236812235515
TOKYOTECH_s05,53,56,54.86666666666667,0.5610686540603638,-0.478974719554421
TOKYOTECH_s05,53,57,54.9,0.29281967878341675,-0.3149565859049011
TOKYOTECH_s05,53,58,54.93333333333333,-0.018927959725260735,-0.1731915566954205
TOKYOTECH_s05,53,59,54.96666666666667,-0.3728652596473694,-0.03889660045969046
TOKYOTECH_s05,53,60,55.0,-0.6164041757583618,0.10249024417701375
TOKYOTECH_s05,53,61,55.03333333333333,-0.7091359496116638,0.25304327030825846
TOKYOTECH_s05,53,62,55.06666666666667,-0.7452705502510071,0.4009868224122721
TOKYOTECH_s05,53,63,55.1,-0.8333719968795776,0.529788726984566
TOKYOTECH_s05,53,64,55.13333333333333,-0.8607979416847229,0.6295703451432985
TOKYOTECH_s05,53,65,55.166666666666664,-0.8471205830574036,0.7018655296570744
TOKYOTECH_s05,53,66,55.2,-0.9750341773033142,0.7544583257548658
TOKYOTECH_s05,53,67,55.233333333333334,-1.0250598192214966,0.7908505882386921
TOKYOTECH_s05,53,68,55.266666666666666,-0.8977606296539307,0.8032635997614807
TOKYOTECH_s05,53,69,55.3,-0.09295132756233215,0.7754541233246488
TOKYOTECH_s05,53,70,55.333333333333336,1.2834665775299072,0.6933727314169076
TOKYOTECH_s05,53,71,55.36666666666667,1.815173864364624,0.5549709617955333
TOKYOTECH_s05,53,72,55.4,1.5625700950622559,0.3714539298336346
TOKYOTECH_s05,53,73,55.43333333333333,1.1308250427246094,0.1597359964003078
TOKYOTECH_s05,53,74,55.46666666666667,0.6414320468902588,-0.06648641778082146
TOKYOTECH_s05,53,75,55.5,0.14012476801872253,-0.2987361894160217
TOKYOTECH_s05,53,76,55.53333333333333,-0.22757002711296082,-0.5278714243433457
TOKYOTECH_s05,53,77,55.56666666666667,-0.20737454295158386,-0.7369704272187536
TOKYOTECH_s05,53,78,55.6,0.13366007804870605,-0.8997770631594738
TOKYOTECH_s05,53,79,55.63333333333333,0.38437604904174805,-0.9861917408311092
TOKYOTECH_s05,53,80,55.666666666666664,0.3443056643009186,-0.971614708391151
TOKYOTECH_s05,53,81,55.7,0.07900407165288925,-0.8457156548161345
TOKYOTECH_s05,53,82,55.733333333333334,-0.3131692707538605,-0.6178278477582778
TOKYOTECH_s05,53,83,55.766666666666666,-0.6428416967391968,-0.3179310737205557
TOKYOTECH_s05,53,84,55.8,-0.7833908200263977,0.007662970554761599
TOKYOTECH_s05,53,85,55.833333333333336,-0.975568413734436,0.3065309625607523
TOKYOTECH_s05,53,86,55.86666666666667,-1.1038738489151,0.5344817379742551
TOKYOTECH_s05,53,87,55.9,-1.1147996187210083,0.6689269754638214
TOKYOTECH_s05,53,88,55.93333333333333,-1.1628841161727905,0.7147395853093476
TOKYOTECH_s05,53,89,55.96666666666667,-1.1097596883773804,0.6985632794041043
TOKYOTECH_s05,53,90,56.0,-1.0657267570495605,0.6535633309172225
TOKYOTECH_s05,53,91,56.03333333333333,-1.0365467071533203,0.6023553439517423
TOKYOTECH_s05,53,92,56.06666666666667,-0.10712733864784241,0.5472187773394892
TOKYOTECH_s05,53,93,56.1,1.564680576324463,0.47258675222018376
TOKYOTECH_s05,53,94,56.13333333333333,2.2354767322540283,0.35744677027712723
TOKYOTECH_s05,53,95,56.166666666666664,2.0488998889923096,0.18947743296455583
TOKYOTECH_s05,53,96,56.2,1.6868685483932495,-0.027487189798819815
TOKYOTECH_s05,53,97,56.233333333333334,1.3118274211883545,-0.2755356930924613
TOKYOTECH_s05,53,98,56.266666666666666,0.9611581563949585,-0.5297903679014679
TOKYOTECH_s05,53,99,56.3,0.6126614809036255,-0.7636148243693103
TOKYOTECH_s05,53,100,56.333333333333336,0.4175899624824524,-0.9500912916580867
TOKYOTECH_s05,53,101,56.36666666666667,0.45148950815200806,-1.063584140253073
TOKYOTECH_s05,53,102,56.4,0.577907145023346,-1.0843829779550531
TOKYOTECH_s05,53,103,56.43333333333333,0.5700622200965881,-1.0046511743801445
TOKYOTECH_s05,53,104,56.46666666666667,0.3715001046657562,-0.8312979730101163
TOKYOTECH_s05,53,105,56.5,0.0736079290509224,-0.5832087779506565
TOKYOTECH_s05,53,106,56.53333333333333,-0.17863072454929352,-0.28476558788779793
TOKYOTECH_s05,53,107,56.56666666666667,-0.432062566280365,0.039502394325591904
TOKYOTECH_s05,53,108,56.6,-0.6801161170005798,0.36592705630261974
TOKYOTECH_s05,53,109,56.63333333333333,-0.8439683318138123,0.6696283339718364
TOKYOTECH_s05,53,110,56.666666666666664,-0.8783309459686279,0.9238691777793847
TOKYOTECH_s05,53,111,56.7,-0.8317424654960632,1.104169700352932
TOKYOTECH_s05,53,112,56.733333333333334,-0.8978229761123657,1.1953187216991703
TOKYOTECH_s05,53,113,56.766666666666666,-0.9870820045471191,1.1955661854901936
TOKYOTECH_s05,53,114,56.8,-1.000866174697876,1.1141939800217096
TOKYOTECH_s05,53,115,56.833333333333336,-0.7939605116844177,0.9643331695919122
TOKYOTECH_s05,53,116,56.86666666666667,0.30436885356903076,0.7570992636214152
TOKYOTECH_s05,53,117,56.9,1.7312932014465332,0.5019496447663387
TOKYOTECH_s05,53,118,56.93333333333333,2.163154125213623,0.21202706889968137
TOKYOTECH_s05,53,119,56.96666666666667,1.9389647245407104,-0.09187472828796946
TOKYOTECH_s05,53,120,57.0,1.630208969116211,-0.38388289568810113
TOKYOTECH_s05,53,121,57.03333333333333,1.3618353605270386,-0.6411314742822014
TOKYOTECH_s05,53,122,57.06666666666667,1.0401413440704346,-0.850686038306131
TOKYOTECH_s05,53,123,57.1,0.7187678813934326,-1.0089893808570842
TOKYOTECH_s05,53,124,57.13333333333333,0.5518969893455505,-1.1144627725472127
TOKYOTECH_s05,53,125,57.166666666666664,0.6186542510986328,-1.1602125309740499
TOKYOTECH_s05,53,126,57.2,0.6623221039772034,-1.1329684144296854
TOKYOTECH_s05,53,127,57.233333333333334,0.5647907257080078,-1.0188730137980908
TOKYOTECH_s05,53,128,57.266666666666666,0.3451872169971466,-0.8122851130565714
TOKYOTECH_s05,53,129,57.3,0.06455201655626297,-0.5224671590372739
TOKYOTECH_s05,53,130,57.333333333333336,-0.19139091670513153,-0.17451097192766746
TOKYOTECH_s05,53,131,57.36666666666667,-0.39253535866737366,0.19566369812539783
TOKYOTECH_s05,53,132,57.4,-0.5318823456764221,0.5487567951329784
TOKYOTECH_s05,53,133,57.43333333333333,-0.6993944048881531,0.8478917895384972
TOKYOTECH_s05,53,134,57.46666666666667,-0.8463903665542603,1.0619982872994518
TOKYOTECH_s05,53,135,57.5,-0.8306471705436707,1.1690033980528751
TOKYOTECH_s05,53,136,57.53333333333333,-0.7713786363601685,1.1599835776081988
TOKYOTECH_s05,53,137,57.56666666666667,-0.8580285906791687,1.0422772798910307
TOKYOTECH_s05,53,138,57.6,-0.9514727592468262,0.8384257863075404
TOKYOTECH_s05,53,139,57.63333333333333,-0.9774205684661865,0.5802664751063062
TOKYOTECH_s05,53,140,57.666666666666664,-0.6979696750640869,0.30164439034164375
TOKYOTECH_s05,53,141,57.7,0.5672217011451721,0.0341549206823323
TOKYOTECH_s05,53,142,57.733333333333334,1.767516851425171,-0.1940032051792904
TOKYOTECH_s05,53,143,57.766666666666666,1.9456787109375,-0.3602593987991179
TOKYOTECH_s05,53,144,57.8,1.6927454471588135,-0.4538099046629561
TOKYOTECH_s05,53,145,57.833333333333336,1.416900873184204,-0.4829499860209892
TOKYOTECH_s05,53,146,57.86666666666667,1.0819836854934692,-0.4765922196906288
TOKYOTECH_s05,53,147,57.9,0.7440122365951538,-0.4744623856234436
TOKYOTECH_s05,53,148,57.93333333333333,0.48395541310310364,-0.5080974560717476
TOKYOTECH_s05,53,149,57.96666666666667,0.4167618453502655,-0.5829228492925537
TOKYOTECH_s05,53,150,58.0,0.5531169176101685,-0.6734799554249745
TOKYOTECH_s05,53,151,58.03333333333333,0.619357705116272,-0.7364877365241091
TOKYOTECH_s05,53,152,58.06666666666667,0.48849672079086304,-0.7337627154635745
TOKYOTECH_s05,53,153,58.1,0.21561738848686218,-0.6498379302112729
TOKYOTECH_s05,53,154,58.13333333333333,-0.14470446109771729,-0.4944640081951134
TOKYOTECH_s05,53,155,58.166666666666664,-0.3526964783668518,-0.2922196531463685
TOKYOTECH_s05,53,156,58.2,-0.4849465787410736,-0.06957489017774723
TOKYOTECH_s05,53,157,58.233333333333334,-0.6905521750450134,0.15161490476865458
TOKYOTECH_s05,53,158,58.266666666666666,-0.7464014291763306,0.3538438698539473
TOKYOTECH_s05,53,159,58.3,-0.7708621621131897,0.5229238680981749
TOKYOTECH_s05,53,160,58.333333333333336,-0.8724539279937744,0.6497094058341633
TOKYOTECH_s05,53,161,58.36666666666667,-0.8943946957588196,0.7323097610051778
TOKYOTECH_s05,53,162,58.4,-0.8617150783538818,0.7753263944466243
TOKYOTECH_s05,53,163,58.43333333333333,-0.44655025005340576,0.7858081211397007
TOKYOTECH_s05,53,164,58.46666666666667,0.7514297366142273,0.7687000474787342
TOKYOTECH_s05,53,165,58.5,1.6016254425048828,0.7247388324917473
TOKYOTECH_s05,53,166,58.53333333333333,1.6291849613189697,0.651132212624248
TOKYOTECH_s05,53,167,58.56666666666667,1.3207676410675049,0.5431403989901954
TOKYOTECH_s05,53,168,58.6,0.9900711178779602,0.3954004083883596
TOKYOTECH_s05,53,169,58.63333333333333,0.62498539686203,0.20400805800459615
TOKYOTECH_s05,53,170,58.666666666666664,0.20566211640834808,-0.02899846430329703
TOKYOTECH_s05,53,171,58.7,-0.011822143569588661,-0.28933803378201595
TOKYOTECH_s05,53,172,58.733333333333334,0.08489887416362762,-0.5465964345509984
TOKYOTECH_s05,53,173,58.766666666666666,0.3090704381465912,-0.7579166037197399
TOKYOTECH_s05,53,174,58.8,0.3321687877178192,-0.8803153398569082
TOKYOTECH_s05,53,175,58.833333333333336,0.15210136771202087,-0.8866542170853553
TOKYOTECH_s05,53,176,58.86666666666667,-0.12712691724300385,-0.7771830912896797
TOKYOTECH_s05,53,177,58.9,-0.44794824719429016,-0.5802356366392483
TOKYOTECH_s05,53,178,58.93333333333333,-0.6783797144889832,-0.34112571103520434
TOKYOTECH_s05,53,179,58.96666666666667,-0.7641125321388245,-0.10487076836094548
TOKYOTECH_s05,53,180,59.0,-0.8948933482170105,0.09772523858723052
TOKYOTECH_s05,53,181,59.03333333333333,-1.0009195804595947,0.25360744302715504
TOKYOTECH_s05,53,182,59.06666666666667,-0.9594957232475281,0.3618148029444058
TOKYOTECH_s05,53,183,59.1,-0.9342958927154541,0.4257978358023466
TOKYOTECH_s05,53,184,59.13333333333333,-1.0707578659057617,0.4488239643037953
TOKYOTECH_s05,53,185,59.166666666666664,-1.09974205493927,0.43236598805275295
TOKYOTECH_s05,53,186,59.2,-1.005968451499939,0.37585322100721175
TOKYOTECH_s05,53,187,59.233333333333334,-0.10729652643203735,0.27790885578136426
TOKYOTECH_s05,53,188,59.266666666666666,1.2976959943771362,0.14021093567615758
TOKYOTECH_s05,53,189,59.3,1.886712908744812,-0.026832447621585903
TOKYOTECH_s05,53,190,59.333333333333336,1.7625747919082642,-0.2010359231332647
TOKYOTECH_s05,53,191,59.36666666666667,1.4774249792099,-0.35280207013793247
TOKYOTECH_s05,53,192,59.4,1.17495596408844,-0.45619418335067985
TOKYOTECH_s05,53,193,59.43333333333333,0.8838400840759277,-0.49978973779641556
TOKYOTECH_s05,53,194,59.46666666666667,0.6154218912124634,-0.48973545548420866
TOKYOTECH_s05,53,195,59.5,0.3893626034259796,-0.4428436342447148
TOKYOTECH_s05,53,196,59.53333333333333,0.376068115234375,-0.37488849054388035
TOKYOTECH_s05,53,197,59.56666666666667,0.5414965152740479,-0.29258311212446986
TOKYOTECH_s05,53,198,59.6,0.5447555780410767,-0.19411555595660407
TOKYOTECH_s05,53,199,59.63333333333333,0.3001124858856201,-0.07619909695867655
TOKYOTECH_s05,53,200,59.666666666666664,-0.04575730860233307,0.058877531285786426
TOKYOTECH_s05,53,201,59.7,-0.3214593827724457,0.20192245449124374
TOKYOTECH_s05,53,202,59.733333333333334,-0.4650271534919739,0.34182086054036287
TOKYOTECH_s05,53,203,59.766666666666666,-0.5784085392951965,0.47191298384383507
TOKYOTECH_s05,53,204,59.8,-0.7403819561004639,0.5913116003427514
TOKYOTECH_s05,53,205,59.833333333333336,-0.7992141842842102,0.6988402674805999
TOKYOTECH_s05,53,206,59.86666666666667,-0.7227954864501953,0.7845122011745994
TOKYOTECH_s05,53,207,59.9,-0.7439882755279541,0.8268060795146162
TOKYOTECH_s05,53,208,59.93333333333333,-0.8944036364555359,0.7993484649818184
TOKYOTECH_s05,53,209,59.96666666666667,-0.9925493597984314,0.6830324655707799
TOKYOTECH_s05,53,210,60.0,-0.5267800688743591,0.4762207379682937
TOKYOTECH_s05,53,211,60.03333333333333,0.6968449354171753,0.19787856230365286
TOKYOTECH_s05,53,212,60.06666666666667,1.6013048887252808,-0.11662350564327499
TOKYOTECH_s05,53,213,60.1,1.6662989854812622,-0.42371566885676437
TOKYOTECH_s05,53,214,60.13333333333333,1.411415696144104,-0.6805279171453267
TOKYOTECH_s05,53,215,60.166666666666664,1.1161949634552002,-0.853234683776143
TOKYOTECH_s05,53,216,60.2,0.726781964302063,-0.9247155783687678
TOKYOTECH_s05,53,217,60.233333333333334,0.29558005928993225,-0.8999455660617474
TOKYOTECH_s05,53,218,60.266666666666666,0.009112408384680748,-0.8049392080532222
TOKYOTECH_s05,53,219,60.3,0.05293160676956177,-0.6761797377558194
TOKYOTECH_s05,53,220,60.333333333333336,0.3062388002872467,-0.544159788840341
TOKYOTECH_s05,53,221,60.36666666666667,0.3755427598953247,-0.4207489653103355
TOKYOTECH_s05,53,222,60.4,0.19451364874839783,-0.29876838823854734
TOKYOTECH_s05,53,223,60.43333333333333,-0.06415407359600067,-0.16384233528662812
TOKYOTECH_s05,53,224,60.46666666666667,-0.3666588068008423,-0.009451759364610162
TOKYOTECH_s05,53,225,60.5,-0.6862602233886719,0.15586794009027322
TOKYOTECH_s05,53,226,60.53333333333333,-0.8958906531333923,0.3125305119609656
TOKYOTECH_s05,53,227,60.56666666666667,-0.9293360710144043,0.4391845647536822
TOKYOTECH_s05,53,228,60.6,-0.9310635924339294,0.51943653989407
TOKYOTECH_s05,53,229,60.63333333333333,-1.0151668787002563,0.543077789325843
TOKYOTECH_s05,53,230,60.666666666666664,-1.005754828453064,0.5047654276593191
TOKYOTECH_s05,53,231,60.7,-1.0030299425125122,0.4048635869654961
TOKYOTECH_s05,53,232,60.733333333333334,-1.1162244081497192,0.2535688512218694
TOKYOTECH_s05,53,233,60.766666666666666,-0.9471184611320496,0.0746828124717246
TOKYOTECH_s05,53,234,60.8,0.0763327106833458,-0.09573788277829287
TOKYOTECH_s05,53,235,60.833333333333336,1.4311037063598633,-0.21762417715204488
TOKYOTECH_s05,53,236,60.86666666666667,1.9057596921920776,-0.25926874024961316
TOKYOTECH_s05,53,237,60.9,1.654571771621704,-0.20831367276455948
TOKYOTECH_s05,53,238,60.93333333333333,1.2657999992370605,-0.0766571297879104
TOKYOTECH_s05,53,239,60.96666666666667,1.0130715370178223,0.10231726560645532
TOKYOTECH_s05,54,0,54.0,0.5405614972114563,0.05474094226913904
TOKYOTECH_s05,54,1,54.03333333333333,0.24746888875961304,-1.2807021460675483
TOKYOTECH_s05,54,2,54.06666666666667,-0.06011141464114189,-2.4012209653692613
TOKYOTECH_s05,54,3,54.1,-0.3692767322063446,-3.141281329664418
TOKYOTECH_s05,54,4,54.13333333333333,-0.5919879674911499,-3.422031366088379
TOKYOTECH_s05,54,5,54.166666666666664,-0.7163130044937134,-3.2642380990008366
TOKYOTECH_s05,54,6,54.2,-0.855517566204071,-2.771718376303172
TOKYOTECH_s05,54,7,54.233333333333334,-0.9761649966239929,-2.0933308037753986
TOKYOTECH_s05,54,8,54.266666666666666,-0.9410010576248169,-1.3792451327972943
TOKYOTECH_s05,54,9,54.3,-0.915302574634552,-0.7463403167903038
TOKYOTECH_s05,54,10,54.333333333333336,-0.9793973565101624,-0.26127557165302273
TOKYOTECH_s05,54,11,54.36666666666667,-1.0188711881637573,0.05804839714382992
TOKYOTECH_s05,54,12,54.4,-1.0373302698135376,0.2281406585645065
TOKYOTECH_s05,54,13,54.43333333333333,-1.1869441270828247,0.2814823495186936
TOKYOTECH_s05,54,14,54.46666666666667,-1.0225131511688232,0.2526654607137253
TOKYOTECH_s05,54,15,54.5,0.31923940777778625,0.1734112278996495
TOKYOTECH_s05,54,16,54.53333333333333,1.8827592134475708,0.07372017527776355
TOKYOTECH_s05,54,17,54.56666666666667,2.207329511642456,-0.017580993697886373
TOKYOTECH_s05,54,18,54.6,1.8539353609085083,-0.0767805752800689
TOKYOTECH_s05,54,19,54.63333333333333,1.4584405422210693,-0.09158515856474606
TOKYOTECH_s05,54,20,54.666666666666664,1.0129023790359497,-0.064489681700198
TOKYOTECH_s05,54,21,54.7,0.5521017909049988,-0.00990572772889589
TOKYOTECH_s05,54,22,54.733333333333334,0.1594119817018509,0.05312213513474
TOKYOTECH_s05,54,23,54.766666666666666,0.09800633788108826,0.10771421614437644
TOKYOTECH_s05,54,24,54.8,0.4156220555305481,0.14273665795689647
TOKYOTECH_s05,54,25,54.833333333333336,0.6545395255088806,0.1545356821103524
TOKYOTECH_s05,54,26,54.86666666666667,0.5610686540603638,0.14925599511393417
TOKYOTECH_s05,54,27,54.9,0.29281967878341675,0.1450075219209001
TOKYOTECH_s05,54,28,54.93333333333333,-0.018927959725260735,0.16897990244652852
TOKYOTECH_s05,54,29,54.96666666666667,-0.3728652596473694,0.24581894165710516
TOKYOTECH_s05,54,30,55.0,-0.6164041757583618,0.3819089614154306
TOKYOTECH_s05,54,31,55.03333333333333,-0.7091359496116638,0.5568383205089852
TOKYOTECH_s05,54,32,55.06666666666667,-0.7452705502510071,0.7298822774875747
TOKYOTECH_s05,54,33,55.1,-0.8333719968795776,0.8588161658641591
TOKYOTECH_s05,54,34,55.13333333333333,-0.8607979416847229,0.9194766387888192
TOKYOTECH_s05,54,35,55.166666666666664,-0.8471205830574036,0.9136970409164262
TOKYOTECH_s05,54,36,55.2,-0.9750341773033142,0.8613791162855744
TOKYOTECH_s05,54,37,55.233333333333334,-1.0250598192214966,0.7833802437752508
TOKYOTECH_s05,54,38,55.266666666666666,-0.8977606296539307,0.687659870120818
TOKYOTECH_s05,54,39,55.3,-0.09295132756233215,0.5678464383585744
TOKYOTECH_s05,54,40,55.333333333333336,1.2834665775299072,0.41330829478994435
TOKYOTECH_s05,54,41,55.36666666666667,1.815173864364624,0.22117367020795695
TOKYOTECH_s05,54,42,55.4,1.5625700950622559,0.0006104552220698185
TOKYOTECH_s05,54,43,55.43333333333333,1.1308250427246094,-0.23274502828029317
TOKYOTECH_s05,54,44,55.46666666666667,0.6414320468902588,-0.46550965384956305
TOKYOTECH_s05,54,45,55.5,0.14012476801872253,-0.6895051843275546
TOKYOTECH_s05,54,46,55.53333333333333,-0.22757002711296082,-0.896747778254491
TOKYOTECH_s05,54,47,55.56666666666667,-0.20737454295158386,-1.0722234162177466
TOKYOTECH_s05,54,48,55.6,0.13366007804870605,-1.1912802468728498
TOKYOTECH_s05,54,49,55.63333333333333,0.38437604904174805,-1.224090006307396
TOKYOTECH_s05,54,50,55.666666666666664,0.3443056643009186,-1.1451857328123491
TOKYOTECH_s05,54,51,55.7,0.07900407165288925,-0.9439746581815176
TOKYOTECH_s05,54,52,55.733333333333334,-0.3131692707538605,-0.6322497666171565
TOKYOTECH_s05,54,53,55.766666666666666,-0.6428416967391968,-0.2460354684431434
TOKYOTECH_s05,54,54,55.8,-0.7833908200263977,0.159394979816901
TOKYOTECH_s05,54,55,55.833333333333336,-0.975568413734436,0.5209259167677333
TOKYOTECH_s05,54,56,55.86666666666667,-1.1038738489151,0.7831314792995712
TOKYOTECH_s05,54,57,55.9,-1.1147996187210083,0.9134649128261731
TOKYOTECH_s05,54,58,55.93333333333333,-1.1628841161727905,0.911144133388967
TOKYOTECH_s05,54,59,55.96666666666667,-1.1097596883773804,0.8049477763854203
TOKYOTECH_s05,54,60,56.0,-1.0657267570495605,0.6398174925124822
TOKYOTECH_s05,54,61,56.03333333333333,-1.0365467071533203,0.45816159910591236
TOKYOTECH_s05,54,62,56.06666666666667,-0.10712733864784241,0.28527984628437236
TOKYOTECH_s05,54,63,56.1,1.564680576324463,0.1261207852734456
TOKYOTECH_s05,54,64,56.13333333333333,2.2354767322540283,-0.026936213659754994
TOKYOTECH_s05,54,65,56.166666666666664,2.0488998889923096,-0.18248097719094847
TOKYOTECH_s05,54,66,56.2,1.6868685483932495,-0.3425365511282527
TOKYOTECH_s05,54,67,56.233333333333334,1.3118274211883545,-0.501876419916859
TOKYOTECH_s05,54,68,56.266666666666666,0.9611581563949585,-0.6508299979469206
TOKYOTECH_s05,54,69,56.3,0.6126614809036255,-0.7765238722899329
TOKYOTECH_s05,54,70,56.333333333333336,0.4175899624824524,-0.861815467251303
TOKYOTECH_s05,54,71,56.36666666666667,0.45148950815200806,-0.8858405270280706
TOKYOTECH_s05,54,72,56.4,0.577907145023346,-0.8293913631726942
TOKYOTECH_s05,54,73,56.43333333333333,0.5700622200965881,-0.6835534122710245
TOKYOTECH_s05,54,74,56.46666666666667,0.3715001046657562,-0.4561076650041368
TOKYOTECH_s05,54,75,56.5,0.0736079290509224,-0.17093050473518367
TOKYOTECH_s05,54,76,56.53333333333333,-0.17863072454929352,0.13912627542388353
TOKYOTECH_s05,54,77,56.56666666666667,-0.432062566280365,0.440774723086873
TOKYOTECH_s05,54,78,56.6,-0.6801161170005798,0.7056464498045723
TOKYOTECH_s05,54,79,56.63333333333333,-0.8439683318138123,0.9118485687398136
TOKYOTECH_s05,54,80,56.666666666666664,-0.8783309459686279,1.0442713932804297
TOKYOTECH_s05,54,81,56.7,-0.8317424654960632,1.0960281105881176
TOKYOTECH_s05,54,82,56.733333333333334,-0.8978229761123657,1.0703831561052564
TOKYOTECH_s05,54,83,56.766666666666666,-0.9870820045471191,0.9801250986112203
TOKYOTECH_s05,54,84,56.8,-1.000866174697876,0.8425342874363185
TOKYOTECH_s05,54,85,56.833333333333336,-0.7939605116844177,0.6720650678438681
TOKYOTECH_s05,54,86,56.86666666666667,0.30436885356903076,0.47609545496444744
TOKYOTECH_s05,54,87,56.9,1.7312932014465332,0.25762552229043795
TOKYOTECH_s05,54,88,56.93333333333333,2.163154125213623,0.02248543275133966
TOKYOTECH_s05,54,89,56.96666666666667,1.9389647245407104,-0.21611144802228816
TOKYOTECH_s05,54,90,57.0,1.630208969116211,-0.44042960985361707
TOKYOTECH_s05,54,91,57.03333333333333,1.3618353605270386,-0.6362704397568396
TOKYOTECH_s05,54,92,57.06666666666667,1.0401413440704346,-0.7989091205026302
TOKYOTECH_s05,54,93,57.1,0.7187678813934326,-0.9308987031632282
TOKYOTECH_s05,54,94,57.13333333333333,0.5518969893455505,-1.032929929407004
TOKYOTECH_s05,54,95,57.166666666666664,0.6186542510986328,-1.095261451772777
TOKYOTECH_s05,54,96,57.2,0.6623221039772034,-1.0967478890117803
TOKYOTECH_s05,54,97,57.233333333333334,0.5647907257080078,-1.0127969705002862
TOKYOTECH_s05,54,98,57.266666666666666,0.3451872169971466,-0.8278185733221679
TOKYOTECH_s05,54,99,57.3,0.06455201655626297,-0.5452405866445363
TOKYOTECH_s05,54,100,57.333333333333336,-0.19139091670513153,-0.189871878076927
TOKYOTECH_s05,54,101,57.36666666666667,-0.39253535866737366,0.1979582994776503
TOKYOTECH_s05,54,102,57.4,-0.5318823456764221,0.5723648758451796
TOKYOTECH_s05,54,103,57.43333333333333,-0.6993944048881531,0.8906225774919103
TOKYOTECH_s05,54,104,57.46666666666667,-0.8463903665542603,1.118416085069034
TOKYOTECH_s05,54,105,57.5,-0.8306471705436707,1.2330563415200917
TOKYOTECH_s05,54,106,57.53333333333333,-0.7713786363601685,1.2263741958957348
TOKYOTECH_s05,54,107,57.56666666666667,-0.8580285906791687,1.1067073772426108
TOKYOTECH_s05,54,108,57.6,-0.9514727592468262,0.8976996745488148
TOKYOTECH_s05,54,109,57.63333333333333,-0.9774205684661865,0.632799239869749
TOKYOTECH_s05,54,110,57.666666666666664,-0.6979696750640869,0.34777195955881934
TOKYOTECH_s05,54,111,57.7,0.5672217011451721,0.07501148854108466
TOKYOTECH_s05,54,112,57.733333333333334,1.767516851425171,-0.1594882089609504
TOKYOTECH_s05,54,113,57.766666666666666,1.9456787109375,-0.3388578965305326
TOKYOTECH_s05,54,114,57.8,1.6927454471588135,-0.45921453096463183
TOKYOTECH_s05,54,115,57.833333333333336,1.416900873184204,-0.532456349356374
TOKYOTECH_s05,54,116,57.86666666666667,1.0819836854934692,-0.5836271514637049
TOKYOTECH_s05,54,117,57.9,0.7440122365951538,-0.6404829887373253
TOKYOTECH_s05,54,118,57.93333333333333,0.48395541310310364,-0.7184993510372499
TOKYOTECH_s05,54,119,57.96666666666667,0.4167618453502655,-0.8095412187167477
TOKYOTECH_s05,54,120,58.0,0.5531169176101685,-0.8823110492625446
TOKYOTECH_s05,54,121,58.03333333333333,0.619357705116272,-0.8964185457105849
TOKYOTECH_s05,54,122,58.06666666666667,0.48849672079086304,-0.8227858801835316
TOKYOTECH_s05,54,123,58.1,0.21561738848686218,-0.6581258629271013
TOKYOTECH_s05,54,124,58.13333333333333,-0.14470446109771729,-0.4251184110476223
TOKYOTECH_s05,54,125,58.166666666666664,-0.3526964783668518,-0.1598173054045529
TOKYOTECH_s05,54,126,58.2,-0.4849465787410736,0.1036346623953021
TOKYOTECH_s05,54,127,58.233333333333334,-0.6905521750450134,0.34086600073482215
TOKYOTECH_s05,54,128,58.266666666666666,-0.7464014291763306,0.5365006298901905
TOKYOTECH_s05,54,129,58.3,-0.7708621621131897,0.6812577443820027
TOKYOTECH_s05,54,130,58.333333333333336,-0.8724539279937744,0.7716919624445777
TOKYOTECH_s05,54,131,58.36666666666667,-0.8943946957588196,0.8111971093296193
TOKYOTECH_s05,54,132,58.4,-0.8617150783538818,0.8088454670669863
TOKYOTECH_s05,54,133,58.43333333333333,-0.44655025005340576,0.7752686389115807
TOKYOTECH_s05,54,134,58.46666666666667,0.7514297366142273,0.7180870134711979
TOKYOTECH_s05,54,135,58.5,1.6016254425048828,0.6399481847261544
TOKYOTECH_s05,54,136,58.53333333333333,1.6291849613189697,0.5395524571181353
TOKYOTECH_s05,54,137,58.56666666666667,1.3207676410675049,0.4136277311246285
TOKYOTECH_s05,54,138,58.6,0.9900711178779602,0.25862785975386354
TOKYOTECH_s05,54,139,58.63333333333333,0.62498539686203,0.07311902598606158
TOKYOTECH_s05,54,140,58.666666666666664,0.20566211640834808,-0.1378938978768031
TOKYOTECH_s05,54,141,58.7,-0.011822143569588661,-0.3577901591927271
TOKYOTECH_s05,54,142,58.733333333333334,0.08489887416362762,-0.5564289775102572
TOKYOTECH_s05,54,143,58.766666666666666,0.3090704381465912,-0.6958057846473078
TOKYOTECH_s05,54,144,58.8,0.3321687877178192,-0.7432134312500865
TOKYOTECH_s05,54,145,58.833333333333336,0.15210136771202087,-0.6861497803168845
TOKYOTECH_s05,54,146,58.86666666666667,-0.12712691724300385,-0.5406451950309835
TOKYOTECH_s05,54,147,58.9,-0.44794824719429016,-0.34708832271891454
TOKYOTECH_s05,54,148,58.93333333333333,-0.6783797144889832,-0.15403059786588164
TOKYOTECH_s05,54,149,58.96666666666667,-0.7641125321388245,0.0021550085775752133
TOKYOTECH_s05,54,150,59.0,-0.8948933482170105,0.10993608987915558
TOKYOTECH_s05,54,151,59.03333333333333,-1.0009195804595947,0.1798938813336234
TOKYOTECH_s05,54,152,59.06666666666667,-0.9594957232475281,0.230122477836444
TOKYOTECH_s05,54,153,59.1,-0.9342958927154541,0.2713924730789602
TOKYOTECH_s05,54,154,59.13333333333333,-1.0707578659057617,0.30095997726633383
TOKYOTECH_s05,54,155,59.166666666666664,-1.09974205493927,0.3056549043609186
TOKYOTECH_s05,54,156,59.2,-1.005968451499939,0.27000073495731136
TOKYOTECH_s05,54,157,59.233333333333334,-0.10729652643203735,0.18498603363678762
TOKYOTECH_s05,54,158,59.266666666666666,1.2976959943771362,0.05470412283286306
TOKYOTECH_s05,54,159,59.3,1.886712908744812,-0.10113400034197774
TOKYOTECH_s05,54,160,59.333333333333336,1.7625747919082642,-0.2510112781432063
TOKYOTECH_s05,54,161,59.36666666666667,1.4774249792099,-0.3622771550956963
TOKYOTECH_s05,54,162,59.4,1.17495596408844,-0.4144461682249076
TOKYOTECH_s05,54,163,59.43333333333333,0.8838400840759277,-0.4073685895944215
TOKYOTECH_s05,54,164,59.46666666666667,0.6154218912124634,-0.3587312262510064
TOKYOTECH_s05,54,165,59.5,0.3893626034259796,-0.2921825999321164
TOKYOTECH_s05,54,166,59.53333333333333,0.376068115234375,-0.22397295208873963
TOKYOTECH_s05,54,167,59.56666666666667,0.5414965152740479,-0.1570537763241893
TOKYOTECH_s05,54,168,59.6,0.5447555780410767,-0.08556589432827627
TOKYOTECH_s05,54,169,59.63333333333333,0.3001124858856201,-0.004624283670291451
TOKYOTECH_s05,54,170,59.666666666666664,-0.04575730860233307,0.08318483581145276
TOKYOTECH_s05,54,171,59.7,-0.3214593827724457,0.16982425074139448
TOKYOTECH_s05,54,172,59.733333333333334,-0.4650271534919739,0.2499326622535913
TOKYOTECH_s05,54,173,59.766666666666666,-0.5784085392951965,0.32699026143732823
TOKYOTECH_s05,54,174,59.8,-0.7403819561004639,0.41070118343807555
TOKYOTECH_s05,54,175,59.833333333333336,-0.7992141842842102,0.5059393126625419
TOKYOTECH_s05,54,176,59.86666666666667,-0.7227954864501953,0.6013229985396878
TOKYOTECH_s05,54,177,59.9,-0.7439882755279541,0.6671920601459358
TOKYOTECH_s05,54,178,59.93333333333333,-0.8944036364555359,0.6661513600902269
TOKYOTECH_s05,54,179,59.96666666666667,-0.9925493597984314,0.5702170611824892
TOKYOTECH_s05,54,180,60.0,-0.5267800688743591,0.3744724462491081
TOKYOTECH_s05,54,181,60.03333333333333,0.6968449354171753,0.10022576029002622
TOKYOTECH_s05,54,182,60.06666666666667,1.6013048887252808,-0.2120240424324663
TOKYOTECH_s05,54,183,60.1,1.6662989854812622,-0.5140894808369619
TOKYOTECH_s05,54,184,60.13333333333333,1.411415696144104,-0.7607513659768461
TOKYOTECH_s05,54,185,60.166666666666664,1.1161949634552002,-0.9178813261564445
TOKYOTECH_s05,54,186,60.2,0.726781964302063,-0.9684722992198299
TOKYOTECH_s05,54,187,60.233333333333334,0.29558005928993225,-0.9160701706222888
TOKYOTECH_s05,54,188,60.266666666666666,0.009112408384680748,-0.7829315267837097
TOKYOTECH_s05,54,189,60.3,0.05293160676956177,-0.6009725063324264
TOKYOTECH_s05,54,190,60.333333333333336,0.3062388002872467,-0.39870266115660935
TOKYOTECH_s05,54,191,60.36666666666667,0.3755427598953247,-0.1918674609565194
TOKYOTECH_s05,54,192,60.4,0.19451364874839783,0.01600592308541193
TOKYOTECH_s05,54,193,60.43333333333333,-0.06415407359600067,0.2241589017647423
TOKYOTECH_s05,54,194,60.46666666666667,-0.3666588068008423,0.424767520160819
TOKYOTECH_s05,54,195,60.5,-0.6862602233886719,0.6017242971514617
TOKYOTECH_s05,54,196,60.53333333333333,-0.8958906531333923,0.738546461601727
TOKYOTECH_s05,54,197,60.56666666666667,-0.9293360710144043,0.827314837581971
TOKYOTECH_s05,54,198,60.6,-0.9310635924339294,0.870674052335701
TOKYOTECH_s05,54,199,60.63333333333333,-1.0151668787002563,0.8758612152917743
TOKYOTECH_s05,54,200,60.666666666666664,-1.005754828453064,0.8463245004438514
TOKYOTECH_s05,54,201,60.7,-1.0030299425125122,0.7779410740286739
TOKYOTECH_s05,54,202,60.733333333333334,-1.1162244081497192,0.6626231374136524
TOKYOTECH_s05,54,203,60.766666666666666,-0.9471184611320496,0.4961898692261014
TOKYOTECH_s05,54,204,60.8,0.0763327106833458,0.2845239224441913
TOKYOTECH_s05,54,205,60.833333333333336,1.4311037063598633,0.04377488765882921
TOKYOTECH_s05,54,206,60.86666666666667,1.9057596921920776,-0.20500283952220433
TOKYOTECH_s05,54,207,60.9,1.654571771621704,-0.44272651492556414
TOKYOTECH_s05,54,208,60.93333333333333,1.2657999992370605,-0.6566546819391563
TOKYOTECH_s05,54,209,60.96666666666667,1.0130715370178223,-0.8408329113233611
TOKYOTECH_s05,54,210,61.0,0.7606815099716187,-0.9936068172714038
TOKYOTECH_s05,54,211,61.03333333333333,0.3557925224304199,-1.113780418996424
TOKYOTECH_s05,54,212,61.06666666666667,0.21124525368213654,-1.1961556115360141
TOKYOTECH_s05,54,213,61.1,0.263701856136322,-1.2273227001644882
TOKYOTECH_s05,54,214,61.13333333333333,0.3353120982646942,-1.1846429258662448
TOKYOTECH_s05,54,215,61.166666666666664,0.32609590888023376,-1.0420967676181616
TOKYOTECH_s05,54,216,61.2,0.08880796283483505,-0.7831289330624028
TOKYOTECH_s05,54,217,61.233333333333334,-0.22772139310836792,-0.41474653787976234
TOKYOTECH_s05,54,218,61.266666666666666,-0.5289883613586426,0.0263116216645233
TOKYOTECH_s05,54,219,61.3,-0.7551011443138123,0.48124504349228464
TOKYOTECH_s05,54,220,61.333333333333336,-0.8597204685211182,0.8873181336455883
TOKYOTECH_s05,54,221,61.36666666666667,-0.9371097683906555,1.195972569068569
TOKYOTECH_s05,54,222,61.4,-1.0406427383422852,1.3822032719319461
TOKYOTECH_s05,54,223,61.43333333333333,-0.997624933719635,1.4435715690688948
TOKYOTECH_s05,54,224,61.46666666666667,-1.0077494382858276,1.392746615950592
TOKYOTECH_s05,54,225,61.5,-1.0492979288101196,1.2489610312354498
TOKYOTECH_s05,54,226,61.53333333333333,-1.131994366645813,1.0321416787985975
TOKYOTECH_s05,54,227,61.56666666666667,-1.0958775281906128,0.7605046189936283
TOKYOTECH_s05,54,228,61.6,-0.4880453646183014,0.4500909147479891
TOKYOTECH_s05,54,229,61.63333333333333,0.8582484722137451,0.11470323940428238
TOKYOTECH_s05,54,230,61.666666666666664,1.671303391456604,-0.23330733001742282
TOKYOTECH_s05,54,231,61.7,1.6116697788238525,-0.5799510311126689
TOKYOTECH_s05,54,232,61.733333333333334,1.2622559070587158,-0.9047573433290842
TOKYOTECH_s05,54,233,61.766666666666666,0.9530550241470337,-1.1775407093673165
TOKYOTECH_s05,54,234,61.8,0.7003355026245117,-1.360509590118457
TOKYOTECH_s05,54,235,61.833333333333336,0.3747146427631378,-1.4168007266310536
TOKYOTECH_s05,54,236,61.86666666666667,0.11917240917682648,-1.3225509227152594
TOKYOTECH_s05,54,237,61.9,0.08373237401247025,-1.0771356625408894
TOKYOTECH_s05,54,238,61.93333333333333,0.21939291059970856,-0.7070237355765403
TOKYOTECH_s05,54,239,61.96666666666667,0.26492178440093994,-0.261929960723906
TOKYOTECH_s05,55,0,55.0,-0.6164041757583618,0.06326284053202887
TOKYOTECH_s05,55,1,55.03333333333333,-0.7091359496116638,-0.9515994522474169
TOKYOTECH_s05,55,2,55.06666666666667,-0.7452705502510071,-1.8132635445625946
TOKYOTECH_s05,55,3,55.1,-0.8333719968795776,-2.401515940315799
TOKYOTECH_s05,55,4,55.13333333333333,-0.8607979416847229,-2.6569425140656833
TOKYOTECH_s05,55,5,55.166666666666664,-0.8471205830574036,-2.58983188762177
TOKYOTECH_s05,55,6,55.2,-0.9750341773033142,-2.26979031485705
TOKYOTECH_s05,55,7,55.233333333333334,-1.0250598192214966,-1.802488045949673
TOKYOTECH_s05,55,8,55.266666666666666,-0.8977606296539307,-1.3016670088711144
TOKYOTECH_s05,55,9,55.3,-0.09295132756233215,-0.8624163166453015
TOKYOTECH_s05,55,10,55.333333333333336,1.2834665775299072,-0.5417695053876238
TOKYOTECH_s05,55,11,55.36666666666667,1.815173864364624,-0.35269643167326714
TOKYOTECH_s05,55,12,55.4,1.5625700950622559,-0.2733879964374991
TOKYOTECH_s05,55,13,55.43333333333333,1.1308250427246094,-0.2665474303527105
TOKYOTECH_s05,55,14,55.46666666666667,0.6414320468902588,-0.2979413238013918
TOKYOTECH_s05,55,15,55.5,0.14012476801872253,-0.34464931887362166
TOKYOTECH_s05,55,16,55.53333333333333,-0.22757002711296082,-0.39170040781804294
TOKYOTECH_s05,55,17,55.56666666666667,-0.20737454295158386,-0.423967643058322
TOKYOTECH_s05,55,18,55.6,0.13366007804870605,-0.42144973515773626
TOKYOTECH_s05,55,19,55.63333333333333,0.38437604904174805,-0.3614708276026316
TOKYOTECH_s05,55,20,55.666666666666664,0.3443056643009186,-0.22592680272673699
TOKYOTECH_s05,55,21,55.7,0.07900407165288925,-0.009091072939361849
TOKYOTECH_s05,55,22,55.733333333333334,-0.3131692707538605,0.2775790726661902
TOKYOTECH_s05,55,23,55.766666666666666,-0.6428416967391968,0.6049791306887554
TOKYOTECH_s05,55,24,55.8,-0.7833908200263977,0.9304453724719931
TOKYOTECH_s05,55,25,55.833333333333336,-0.975568413734436,1.206215091548019
TOKYOTECH_s05,55,26,55.86666666666667,-1.1038738489151,1.3910548456519896
TOKYOTECH_s05,55,27,55.9,-1.1147996187210083,1.4618780960123754
TOKYOTECH_s05,55,28,55.93333333333333,-1.1628841161727905,1.4204155259855489
TOKYOTECH_s05,55,29,55.96666666666667,-1.1097596883773804,1.2908113396348635
TOKYOTECH_s05,55,30,56.0,-1.0657267570495605,1.1083409327867102
TOKYOTECH_s05,55,31,56.03333333333333,-1.0365467071533203,0.9046787787063714
TOKYOTECH_s05,55,32,56.06666666666667,-0.10712733864784241,0.6975085299106246
TOKYOTECH_s05,55,33,56.1,1.564680576324463,0.4896946308085006
TOKYOTECH_s05,55,34,56.13333333333333,2.2354767322540283,0.27686935343662
TOKYOTECH_s05,55,35,56.166666666666664,2.0488998889923096,0.05682008514668046
TOKYOTECH_s05,55,36,56.2,1.6868685483932495,-0.16619440917650885
TOKYOTECH_s05,55,37,56.233333333333334,1.3118274211883545,-0.3839862390754889
TOKYOTECH_s05,55,38,56.266666666666666,0.9611581563949585,-0.5891547086138381
TOKYOTECH_s05,55,39,56.3,0.6126614809036255,-0.7757706960916516
TOKYOTECH_s05,55,40,56.333333333333336,0.4175899624824524,-0.9354275215840618
TOKYOTECH_s05,55,41,56.36666666666667,0.45148950815200806,-1.053926581947414
TOKYOTECH_s05,55,42,56.4,0.577907145023346,-1.1131141026138889
TOKYOTECH_s05,55,43,56.43333333333333,0.5700622200965881,-1.0970917884226152
TOKYOTECH_s05,55,44,56.46666666666667,0.3715001046657562,-0.9981587783174135
TOKYOTECH_s05,55,45,56.5,0.0736079290509224,-0.8186128307145478
TOKYOTECH_s05,55,46,56.53333333333333,-0.17863072454929352,-0.5689738766397014
TOKYOTECH_s05,55,47,56.56666666666667,-0.432062566280365,-0.26644202261360445
TOKYOTECH_s05,55,48,56.6,-0.6801161170005798,0.0641765562299901
TOKYOTECH_s05,55,49,56.63333333333333,-0.8439683318138123,0.38910826396618087
TOKYOTECH_s05,55,50,56.666666666666664,-0.8783309459686279,0.6682245873068494
TOKYOTECH_s05,55,51,56.7,-0.8317424654960632,0.8638636515019826
TOKYOTECH_s05,55,52,56.733333333333334,-0.8978229761123657,0.952496643256111
TOKYOTECH_s05,55,53,56.766666666666666,-0.9870820045471191,0.9321170413878487
TOKYOTECH_s05,55,54,56.8,-1.000866174697876,0.8204598273922888
TOKYOTECH_s05,55,55,56.833333333333336,-0.7939605116844177,0.6455242130816273
TOKYOTECH_s05,55,56,56.86666666666667,0.30436885356903076,0.43518558479706076
TOKYOTECH_s05,55,57,56.9,1.7312932014465332,0.21238407959202954
TOKYOTECH_s05,55,58,56.93333333333333,2.163154125213623,-0.003723771712304134
TOKYOTECH_s05,55,59,56.96666666666667,1.9389647245407104,-0.1959708956748123
TOKYOTECH_s05,55,60,57.0,1.630208969116211,-0.35153449440295736
TOKYOTECH_s05,55,61,57.03333333333333,1.3618353605270386,-0.4675716297179031
TOKYOTECH_s05,55,62,57.06666666666667,1.0401413440704346,-0.5539688844457136
TOKYOTECH_s05,55,63,57.1,0.7187678813934326,-0.6276428789837798
TOKYOTECH_s05,55,64,57.13333333333333,0.5518969893455505,-0.700028753630151
TOKYOTECH_s05,55,65,57.166666666666664,0.6186542510986328,-0.766078432790649
TOKYOTECH_s05,55,66,57.2,0.6623221039772034,-0.8024923413496022
TOKYOTECH_s05,55,67,57.233333333333334,0.5647907257080078,-0.7766363787453326
TOKYOTECH_s05,55,68,57.266666666666666,0.3451872169971466,-0.6612402720440499
TOKYOTECH_s05,55,69,57.3,0.06455201655626297,-0.4472187250163543
TOKYOTECH_s05,55,70,57.333333333333336,-0.19139091670513153,-0.14875854748154174
TOKYOTECH_s05,55,71,57.36666666666667,-0.39253535866737366,0.2003722409655507
TOKYOTECH_s05,55,72,57.4,-0.5318823456764221,0.5556416147471733
TOKYOTECH_s05,55,73,57.43333333333333,-0.6993944048881531,0.8707585794986373
TOKYOTECH_s05,55,74,57.46666666666667,-0.8463903665542603,1.1046819993871702
TOKYOTECH_s05,55,75,57.5,-0.8306471705436707,1.2274360238843354
TOKYOTECH_s05,55,76,57.53333333333333,-0.7713786363601685,1.2252752681798056
TOKYOTECH_s05,55,77,57.56666666666667,-0.8580285906791687,1.1036480626175849
TOKYOTECH_s05,55,78,57.6,-0.9514727592468262,0.8857121449884803
TOKYOTECH_s05,55,79,57.63333333333333,-0.9774205684661865,0.6060815735487686
TOKYOTECH_s05,55,80,57.666666666666664,-0.6979696750640869,0.3026572475626215
TOKYOTECH_s05,55,81,57.7,0.5672217011451721,0.01038337408114135
TOKYOTECH_s05,55,82,57.733333333333334,1.767516851425171,-0.24203013855675912
TOKYOTECH_s05,55,83,57.766666666666666,1.9456787109375,-0.43459860562593755
TOKYOTECH_s05,55,84,57.8,1.6927454471588135,-0.5597273744974568
TOKYOTECH_s05,55,85,57.833333333333336,1.416900873184204,-0.6257297197875782
TOKYOTECH_s05,55,86,57.86666666666667,1.0819836854934692,-0.6558341171485529
TOKYOTECH_s05,55,87,57.9,0.7440122365951538,-0.6792078109655821
TOKYOTECH_s05,55,88,57.93333333333333,0.48395541310310364,-0.7161283906674694
TOKYOTECH_s05,55,89,57.96666666666667,0.4167618453502655,-0.7654322610307953
TOKYOTECH_s05,55,90,58.0,0.5531169176101685,-0.8032756626593427
TOKYOTECH_s05,55,91,58.03333333333333,0.619357705116272,-0.7959442866753653
TOKYOTECH_s05,55,92,58.06666666666667,0.48849672079086304,-0.7192547953002284
TOKYOTECH_s05,55,93,58.1,0.21561738848686218,-0.5717166271386581
TOKYOTECH_s05,55,94,58.13333333333333,-0.14470446109771729,-0.3736638041946217
TOKYOTECH_s05,55,95,58.166666666666664,-0.3526964783668518,-0.155118914160307
TOKYOTECH_s05,55,96,58.2,-0.4849465787410736,0.05772277277754586
TOKYOTECH_s05,55,97,58.233333333333334,-0.6905521750450134,0.24876762072655578
TOKYOTECH_s05,55,98,58.266666666666666,-0.7464014291763306,0.41041476518969144
TOKYOTECH_s05,55,99,58.3,-0.7708621621131897,0.5397324376470052
TOKYOTECH_s05,55,100,58.333333333333336,-0.8724539279937744,0.6366783231993044
TOKYOTECH_s05,55,101,58.36666666666667,-0.8943946957588196,0.7037461130619377
TOKYOTECH_s05,55,102,58.4,-0.8617150783538818,0.7447446075423753
TOKYOTECH_s05,55,103,58.43333333333333,-0.44655025005340576,0.7622337507986774
TOKYOTECH_s05,55,104,58.46666666666667,0.7514297366142273,0.7552763308975428
TOKYOTECH_s05,55,105,58.5,1.6016254425048828,0.7193413112862463
TOKYOTECH_s05,55,106,58.53333333333333,1.6291849613189697,0.6482938357124051
TOKYOTECH_s05,55,107,58.56666666666667,1.3207676410675049,0.5367759357266061
TOKYOTECH_s05,55,108,58.6,0.9900711178779602,0.3818928327578204
TOKYOTECH_s05,55,109,58.63333333333333,0.62498539686203,0.18489444876621214
TOKYOTECH_s05,55,110,58.666666666666664,0.20566211640834808,-0.04583142229782273
TOKYOTECH_s05,55,111,58.7,-0.011822143569588661,-0.29085950292613405
TOKYOTECH_s05,55,112,58.733333333333334,0.08489887416362762,-0.5183111907677362
TOKYOTECH_s05,55,113,58.766666666666666,0.3090704381465912,-0.6889797731130204
TOKYOTECH_s05,55,114,58.8,0.3321687877178192,-0.7683080744742516
TOKYOTECH_s05,55,115,58.833333333333336,0.15210136771202087,-0.7402102067045321
TOKYOTECH_s05,55,116,58.86666666666667,-0.12712691724300385,-0.6152418806672376
TOKYOTECH_s05,55,117,58.9,-0.44794824719429016,-0.42790661160324606
TOKYOTECH_s05,55,118,58.93333333333333,-0.6783797144889832,-0.22380654756558593
TOKYOTECH_s05,55,119,58.96666666666667,-0.7641125321388245,-0.04320574046437283
TOKYOTECH_s05,55,120,59.0,-0.8948933482170105,0.09049046876753669
TOKYOTECH_s05,55,121,59.03333333333333,-1.0009195804595947,0.1723405083926739
TOKYOTECH_s05,55,122,59.06666666666667,-0.9594957232475281,0.20939641235231396
TOKYOTECH_s05,55,123,59.1,-0.9342958927154541,0.21248995008674287
TOKYOTECH_s05,55,124,59.13333333333333,-1.0707578659057617,0.19110084685839598
TOKYOTECH_s05,55,125,59.166666666666664,-1.09974205493927,0.15180319512055954
TOKYOTECH_s05,55,126,59.2,-1.005968451499939,0.09852311039097561
TOKYOTECH_s05,55,127,59.233333333333334,-0.10729652643203735,0.03355141488040036
TOKYOTECH_s05,55,128,59.266666666666666,1.2976959943771362,-0.040194530568465954
TOKYOTECH_s05,55,129,59.3,1.886712908744812,-0.11571023633886765
TOKYOTECH_s05,55,130,59.333333333333336,1.7625747919082642,-0.18021129229576008
TOKYOTECH_s05,55,131,59.36666666666667,1.4774249792099,-0.21881457781129215
TOKYOTECH_s05,55,132,59.4,1.17495596408844,-0.22261827294669903
TOKYOTECH_s05,55,133,59.43333333333333,0.8838400840759277,-0.19513527492086544
TOKYOTECH_s05,55,134,59.46666666666667,0.6154218912124634,-0.15130388175687726
TOKYOTECH_s05,55,135,59.5,0.3893626034259796,-0.10871631509473231
TOKYOTECH_s05,55,136,59.53333333333333,0.376068115234375,-0.07689094302617251
TOKYOTECH_s05,55,137,59.56666666666667,0.5414965152740479,-0.05229880538307483
TOKYOTECH_s05,55,138,59.6,0.5447555780410767,-0.022485920209027368
TOKYOTECH_s05,55,139,59.63333333333333,0.3001124858856201,0.02420346616140092
TOKYOTECH_s05,55,140,59.666666666666664,-0.04575730860233307,0.0906009209295471
TOKYOTECH_s05,55,141,59.7,-0.3214593827724457,0.16990549856621037
TOKYOTECH_s05,55,142,59.733333333333334,-0.4650271534919739,0.2516401422418041
TOKYOTECH_s05,55,143,59.766666666666666,-0.5784085392951965,0.3285769922434397
TOKYOTECH_s05,55,144,59.8,-0.7403819561004639,0.3984728890604677
TOKYOTECH_s05,55,145,59.833333333333336,-0.7992141842842102,0.4592172175514595
TOKYOTECH_s05,55,146,59.86666666666667,-0.7227954864501953,0.5022199741366677
TOKYOTECH_s05,55,147,59.9,-0.7439882755279541,0.5109606043244228
TOKYOTECH_s05,55,148,59.93333333333333,-0.8944036364555359,0.46712676675899645
TOKYOTECH_s05,55,149,59.96666666666667,-0.9925493597984314,0.3602579323525898
TOKYOTECH_s05,55,150,60.0,-0.5267800688743591,0.19426799428597866
TOKYOTECH_s05,55,151,60.03333333333333,0.6968449354171753,-0.013033700371934612
TOKYOTECH_s05,55,152,60.06666666666667,1.6013048887252808,-0.2359881002383439
TOKYOTECH_s05,55,153,60.1,1.6662989854812622,-0.4479069417027324
TOKYOTECH_s05,55,154,60.13333333333333,1.411415696144104,-0.6251426481617892
TOKYOTECH_s05,55,155,60.166666666666664,1.1161949634552002,-0.748680404617366
TOKYOTECH_s05,55,156,60.2,0.726781964302063,-0.8058598893255605
TOKYOTECH_s05,55,157,60.233333333333334,0.29558005928993225,-0.7933953715702262
TOKYOTECH_s05,55,158,60.266666666666666,0.009112408384680748,-0.7189512298057772
TOKYOTECH_s05,55,159,60.3,0.05293160676956177,-0.597468094275511
TOKYOTECH_s05,55,160,60.333333333333336,0.3062388002872467,-0.4430971999323371
TOKYOTECH_s05,55,161,60.36666666666667,0.3755427598953247,-0.26293442567456754
TOKYOTECH_s05,55,162,60.4,0.19451364874839783,-0.058434358180997216
TOKYOTECH_s05,55,163,60.43333333333333,-0.06415407359600067,0.16588332536854652
TOKYOTECH_s05,55,164,60.46666666666667,-0.3666588068008423,0.39406814443315746
TOKYOTECH_s05,55,165,60.5,-0.6862602233886719,0.5991758929461528
TOKYOTECH_s05,55,166,60.53333333333333,-0.8958906531333923,0.7530947745938829
TOKYOTECH_s05,55,167,60.56666666666667,-0.9293360710144043,0.8380891360606026
TOKYOTECH_s05,55,168,60.6,-0.9310635924339294,0.852181683765532
TOKYOTECH_s05,55,169,60.63333333333333,-1.0151668787002563,0.8063590456701885
TOKYOTECH_s05,55,170,60.666666666666664,-1.005754828453064,0.7170579307407494
TOKYOTECH_s05,55,171,60.7,-1.0030299425125122,0.5991632021209082
TOKYOTECH_s05,55,172,60.733333333333334,-1.1162244081497192,0.4628479207944395
TOKYOTECH_s05,55,173,60.766666666666666,-0.9471184611320496,0.31416622830796587
TOKYOTECH_s05,55,174,60.8,0.0763327106833458,0.157003761500028
TOKYOTECH_s05,55,175,60.833333333333336,1.4311037063598633,-0.005837934924620226
TOKYOTECH_s05,55,176,60.86666666666667,1.9057596921920776,-0.1725738661405961
TOKYOTECH_s05,55,177,60.9,1.654571771621704,-0.34199343299637763
TOKYOTECH_s05,55,178,60.93333333333333,1.2657999992370605,-0.5119379813425372
TOKYOTECH_s05,55,179,60.96666666666667,1.0130715370178223,-0.6776180358731544
TOKYOTECH_s05,55,180,61.0,0.7606815099716187,-0.831107432626696
TOKYOTECH_s05,55,181,61.03333333333333,0.3557925224304199,-0.962034576920067
TOKYOTECH_s05,55,182,61.06666666666667,0.21124525368213654,-1.0577606607212224
TOKYOTECH_s05,55,183,61.1,0.263701856136322,-1.1017886153154828
TOKYOTECH_s05,55,184,61.13333333333333,0.3353120982646942,-1.072405568678919
TOKYOTECH_s05,55,185,61.166666666666664,0.32609590888023376,-0.9458307009179144
TOKYOTECH_s05,55,186,61.2,0.08880796283483505,-0.70583709183647
TOKYOTECH_s05,55,187,61.233333333333334,-0.22772139310836792,-0.35619604022579576
TOKYOTECH_s05,55,188,61.266666666666666,-0.5289883613586426,0.07212985453967809
TOKYOTECH_s05,55,189,61.3,-0.7551011443138123,0.5255267107103782
TOKYOTECH_s05,55,190,61.333333333333336,-0.8597204685211182,0.9425718213705484
TOKYOTECH_s05,55,191,61.36666666666667,-0.9371097683906555,1.2707946165516344
TOKYOTECH_s05,55,192,61.4,-1.0406427383422852,1.4774366430200128
TOKYOTECH_s05,55,193,61.43333333333333,-0.997624933719635,1.5517314451870228
TOKYOTECH_s05,55,194,61.46666666666667,-1.0077494382858276,1.500894926098027
TOKYOTECH_s05,55,195,61.5,-1.0492979288101196,1.3436610504947901
TOKYOTECH_s05,55,196,61.53333333333333,-1.131994366645813,1.1043349315262339
TOKYOTECH_s05,55,197,61.56666666666667,-1.0958775281906128,0.808388089279471
TOKYOTECH_s05,55,198,61.6,-0.4880453646183014,0.47918241648464144
TOKYOTECH_s05,55,199,61.63333333333333,0.8582484722137451,0.1355458987714704
TOKYOTECH_s05,55,200,61.666666666666664,1.671303391456604,-0.208805769019616
TOKYOTECH_s05,55,201,61.7,1.6116697788238525,-0.5428908597506383
TOKYOTECH_s05,55,202,61.733333333333334,1.2622559070587158,-0.8542470061647354
TOKYOTECH_s05,55,203,61.766666666666666,0.9530550241470337,-1.1261898662376182
TOKYOTECH_s05,55,204,61.8,0.7003355026245117,-1.339245680425413
TOKYOTECH_s05,55,205,61.833333333333336,0.3747146427631378,-1.4763501890857662
TOKYOTECH_s05,55,206,61.86666666666667,0.11917240917682648,-1.5281875469303328
TOKYOTECH_s05,55,207,61.9,0.08373237401247025,-1.4943884592384364
TOKYOTECH_s05,55,208,61.93333333333333,0.21939291059970856,-1.3793086363055285
TOKYOTECH_s05,55,209,61.96666666666667,0.26492178440093994,-1.185964059747713
TOKYOTECH_s05,55,210,62.0,0.11968887597322464,-0.9145901023765676
TOKYOTECH_s05,55,211,62.03333333333333,-0.16472184658050537,-0.5691339694701818
TOKYOTECH_s05,55,212,62.06666666666667,-0.5066914558410645,-0.16669526972663698
TOKYOTECH_s05,55,213,62.1,-0.7150841951370239,0.25933337932694583
TOKYOTECH_s05,55,214,62.13333333333333,-0.8080029487609863,0.6659007068231532
TOKYOTECH_s05,55,215,62.166666666666664,-0.9141716957092285,1.0117151661095678
TOKYOTECH_s05,55,216,62.2,-1.0491911172866821,1.266559315818434
TOKYOTECH_s05,55,217,62.233333333333334,-0.9924959540367126,1.4153108407075492
TOKYOTECH_s05,55,218,62.266666666666666,-0.9551592469215393,1.4573299105279274
TOKYOTECH_s05,55,219,62.3,-1.0628684759140015,1.4034790549013816
TOKYOTECH_s05,55,220,62.333333333333336,-1.1052628755569458,1.2725857315679328
TOKYOTECH_s05,55,221,62.36666666666667,-1.1353691816329956,1.0877819569147509
TOKYOTECH_s05,55,222,62.4,-0.635824978351593,0.8723114115990436
TOKYOTECH_s05,55,223,62.43333333333333,0.7364612221717834,0.6451288123078665
TOKYOTECH_s05,55,224,62.46666666666667,1.5276732444763184,0.41832995505595943
TOKYOTECH_s05,55,225,62.5,1.3888516426086426,0.1983674811565615
TOKYOTECH_s05,55,226,62.53333333333333,1.0049149990081787,-0.010063675970679094
TOKYOTECH_s05,55,227,62.56666666666667,0.6090996861457825,-0.2011339852899565
TOKYOTECH_s05,55,228,62.6,0.2514670193195343,-0.36834972468923954
TOKYOTECH_s05,55,229,62.63333333333333,-0.1296023726463318,-0.5073568024204339
TOKYOTECH_s05,55,230,62.666666666666664,-0.33390793204307556,-0.6180579419776543
TOKYOTECH_s05,55,231,62.7,-0.1695391982793808,-0.70374729604629
TOKYOTECH_s05,55,232,62.733333333333334,0.08582494407892227,-0.7675296459064297
TOKYOTECH_s05,55,233,62.766666666666666,0.0983625203371048,-0.808523325482632
TOKYOTECH_s05,55,234,62.8,-0.1667342633008957,-0.8205235081684292
TOKYOTECH_s05,55,235,62.833333333333336,-0.4206380546092987,-0.794188460346492
TOKYOTECH_s05,55,236,62.86666666666667,-0.6156561970710754,-0.7217544209066433
TOKYOTECH_s05,55,237,62.9,-0.8822311162948608,-0.6019398235465045
TOKYOTECH_s05,55,238,62.93333333333333,-1.093045949935913,-0.44266614811988964
TOKYOTECH_s05,55,239,62.96666666666667,-1.1234370470046997,-0.2603993160665266
TOKYOTECH_s05,56,0,56.0,-1.0657267570495605,-0.12343377469775056
TOKYOTECH_s05,56,1,56.03333333333333,-1.0365467071533203,-1.485600104643345
TOKYOTECH_s05,56,2,56.06666666666667,-0.10712733864784241,-2.6357252526445807
TOKYOTECH_s05,56,3,56.1,1.564680576324463,-3.4197877686698828
TOKYOTECH_s05,56,4,56.13333333333333,2.2354767322540283,-3.7768817941212665
TOKYOTECH_s05,56,5,56.166666666666664,2.0488998889923096,-3.7445780201508945
TOKYOTECH_s05,56,6,56.2,1.6868685483932495,-3.432098399987767
TOKYOTECH_s05,56,7,56.233333333333334,1.3118274211883545,-2.977366311073563
TOKYOTECH_s05,56,8,56.266666666666666,0.9611581563949585,-2.5057929551876086
TOKYOTECH_s05,56,9,56.3,0.6126614809036255,-2.100991933045819
TOKYOTECH_s05,56,10,56.333333333333336,0.4175899624824524,-1.7917459609949797
TOKYOTECH_s05,56,11,56.36666666666667,0.45148950815200806,-1.5563725461264855
TOKYOTECH_s05,56,12,56.4,0.577907145023346,-1.3416550740798483
TOKYOTECH_s05,56,13,56.43333333333333,0.5700622200965881,-1.0889130907133795
TOKYOTECH_s05,56,14,56.46666666666667,0.3715001046657562,-0.7572189267940421
TOKYOTECH_s05,56,15,56.5,0.0736079290509224,-0.335829397788614
TOKYOTECH_s05,56,16,56.53333333333333,-0.17863072454929352,0.15567515506843163
TOKYOTECH_s05,56,17,56.56666666666667,-0.432062566280365,0.6752383539692836
TOKYOTECH_s05,56,18,56.6,-0.6801161170005798,1.1689633484697324
TOKYOTECH_s05,56,19,56.63333333333333,-0.8439683318138123,1.5819517524467805
TOKYOTECH_s05,56,20,56.666666666666664,-0.8783309459686279,1.869006906610424
TOKYOTECH_s05,56,21,56.7,-0.8317424654960632,2.004594705886613
TOKYOTECH_s05,56,22,56.733333333333334,-0.8978229761123657,1.9892413001519131
TOKYOTECH_s05,56,23,56.766666666666666,-0.9870820045471191,1.8484668783665616
TOKYOTECH_s05,56,24,56.8,-1.000866174697876,1.622902182169542
TOKYOTECH_s05,56,25,56.833333333333336,-0.7939605116844177,1.3533963555428001
TOKYOTECH_s05,56,26,56.86666666666667,0.30436885356903076,1.0690145834412095
TOKYOTECH_s05,56,27,56.9,1.7312932014465332,0.7844563958445422
TOKYOTECH_s05,56,28,56.93333333333333,2.163154125213623,0.5061665386969584
TOKYOTECH_s05,56,29,56.96666666666667,1.9389647245407104,0.23993230653616682
TOKYOTECH_s05,56,30,57.0,1.630208969116211,-0.006660546790982411
TOKYOTECH_s05,56,31,57.03333333333333,1.3618353605270386,-0.22740399245660062
TOKYOTECH_s05,56,32,57.06666666666667,1.0401413440704346,-0.42096523312394796
TOKYOTECH_s05,56,33,57.1,0.7187678813934326,-0.5891176767657877
TOKYOTECH_s05,56,34,57.13333333333333,0.5518969893455505,-0.7299185140887989
TOKYOTECH_s05,56,35,57.166666666666664,0.6186542510986328,-0.831779875955155
TOKYOTECH_s05,56,36,57.2,0.6623221039772034,-0.8741577597217312
TOKYOTECH_s05,56,37,57.233333333333334,0.5647907257080078,-0.8355972190717664
TOKYOTECH_s05,56,38,57.266666666666666,0.3451872169971466,-0.7048060820599855
TOKYOTECH_s05,56,39,57.3,0.06455201655626297,-0.48852624041942166
TOKYOTECH_s05,56,40,57.333333333333336,-0.19139091670513153,-0.21205765632993698
TOKYOTECH_s05,56,41,57.36666666666667,-0.39253535866737366,0.08726872542544659
TOKYOTECH_s05,56,42,57.4,-0.5318823456764221,0.36952585900725177
TOKYOTECH_s05,56,43,57.43333333333333,-0.6993944048881531,0.5998192786558798
TOKYOTECH_s05,56,44,57.46666666666667,-0.8463903665542603,0.752371212004707
TOKYOTECH_s05,56,45,57.5,-0.8306471705436707,0.8124767151398968
TOKYOTECH_s05,56,46,57.53333333333333,-0.7713786363601685,0.777926194288687
TOKYOTECH_s05,56,47,57.56666666666667,-0.8580285906791687,0.6594512004742664
TOKYOTECH_s05,56,48,57.6,-0.9514727592468262,0.4783290200371634
TOKYOTECH_s05,56,49,57.63333333333333,-0.9774205684661865,0.26066520228247697
TOKYOTECH_s05,56,50,57.666666666666664,-0.6979696750640869,0.03135790455970349
TOKYOTECH_s05,56,51,57.7,0.5672217011451721,-0.18827677971208742
TOKYOTECH_s05,56,52,57.733333333333334,1.767516851425171,-0.3792801046742646
TOKYOTECH_s05,56,53,57.766666666666666,1.9456787109375,-0.5245791023716453
TOKYOTECH_s05,56,54,57.8,1.6927454471588135,-0.6127864937870214
TOKYOTECH_s05,56,55,57.833333333333336,1.416900873184204,-0.6448056340154357
TOKYOTECH_s05,56,56,57.86666666666667,1.0819836854934692,-0.6373460516004263
TOKYOTECH_s05,56,57,57.9,0.7440122365951538,-0.6178708340305946
TOKYOTECH_s05,56,58,57.93333333333333,0.48395541310310364,-0.6114558119938608
TOKYOTECH_s05,56,59,57.96666666666667,0.4167618453502655,-0.6268632496279634
TOKYOTECH_s05,56,60,58.0,0.5531169176101685,-0.6510659755180346
TOKYOTECH_s05,56,61,58.03333333333333,0.619357705116272,-0.6564610904268126
TOKYOTECH_s05,56,62,58.06666666666667,0.48849672079086304,-0.6160520563429968
TOKYOTECH_s05,56,63,58.1,0.21561738848686218,-0.5163240104119663
TOKYOTECH_s05,56,64,58.13333333333333,-0.14470446109771729,-0.36043067591055244
TOKYOTECH_s05,56,65,58.166666666666664,-0.3526964783668518,-0.1624940346787791
TOKYOTECH_s05,56,66,58.2,-0.4849465787410736,0.05982501882480502
TOKYOTECH_s05,56,67,58.233333333333334,-0.6905521750450134,0.2881065727310881
TOKYOTECH_s05,56,68,58.266666666666666,-0.7464014291763306,0.5020937871544778
TOKYOTECH_s05,56,69,58.3,-0.7708621621131897,0.6804960018048494
TOKYOTECH_s05,56,70,58.333333333333336,-0.8724539279937744,0.806019430253745
TOKYOTECH_s05,56,71,58.36666666666667,-0.8943946957588196,0.8708925011199831
TOKYOTECH_s05,56,72,58.4,-0.8617150783538818,0.8782401834781677
TOKYOTECH_s05,56,73,58.43333333333333,-0.44655025005340576,0.8385239713448632
TOKYOTECH_s05,56,74,58.46666666666667,0.7514297366142273,0.7641647266427979
TOKYOTECH_s05,56,75,58.5,1.6016254425048828,0.6660130076310234
TOKYOTECH_s05,56,76,58.53333333333333,1.6291849613189697,0.552389152153232
TOKYOTECH_s05,56,77,58.56666666666667,1.3207676410675049,0.4286444542300894
TOKYOTECH_s05,56,78,58.6,0.9900711178779602,0.2958211172058074
TOKYOTECH_s05,56,79,58.63333333333333,0.62498539686203,0.1497867189781881
TOKYOTECH_s05,56,80,58.666666666666664,0.20566211640834808,-0.016192770126410145
TOKYOTECH_s05,56,81,58.7,-0.011822143569588661,-0.20442764097584123
TOKYOTECH_s05,56,82,58.733333333333334,0.08489887416362762,-0.4049638816400238
TOKYOTECH_s05,56,83,58.766666666666666,0.3090704381465912,-0.593098530960414
TOKYOTECH_s05,56,84,58.8,0.3321687877178192,-0.7354047555213643
TOKYOTECH_s05,56,85,58.833333333333336,0.15210136771202087,-0.801664673295806
TOKYOTECH_s05,56,86,58.86666666666667,-0.12712691724300385,-0.7764527987327542
TOKYOTECH_s05,56,87,58.9,-0.44794824719429016,-0.6644245408125456
TOKYOTECH_s05,56,88,58.93333333333333,-0.6783797144889832,-0.4869865608284607
TOKYOTECH_s05,56,89,58.96666666666667,-0.7641125321388245,-0.27313074967121215
TOKYOTECH_s05,56,90,59.0,-0.8948933482170105,-0.05084886146539462
TOKYOTECH_s05,56,91,59.03333333333333,-1.0009195804595947,0.15588561375487753
TOKYOTECH_s05,56,92,59.06666666666667,-0.9594957232475281,0.32586656933764857
TOKYOTECH_s05,56,93,59.1,-0.9342958927154541,0.44056973581847503
TOKYOTECH_s05,56,94,59.13333333333333,-1.0707578659057617,0.48761488514450585
TOKYOTECH_s05,56,95,59.166666666666664,-1.09974205493927,0.46478302392823534
TOKYOTECH_s05,56,96,59.2,-1.005968451499939,0.3806595603743973
TOKYOTECH_s05,56,97,59.233333333333334,-0.10729652643203735,0.2513729694803314
TOKYOTECH_s05,56,98,59.266666666666666,1.2976959943771362,0.09645692488075086
TOKYOTECH_s05,56,99,59.3,1.886712908744812,-0.06317437680321802
TOKYOTECH_s05,56,100,59.333333333333336,1.7625747919082642,-0.2059666668122355
TOKYOTECH_s05,56,101,59.36666666666667,1.4774249792099,-0.31257585137749666
TOKYOTECH_s05,56,102,59.4,1.17495596408844,-0.37164724278849665
TOKYOTECH_s05,56,103,59.43333333333333,0.8838400840759277,-0.3847788183996982
TOKYOTECH_s05,56,104,59.46666666666667,0.6154218912124634,-0.3656639690830017
TOKYOTECH_s05,56,105,59.5,0.3893626034259796,-0.33206931826217806
TOKYOTECH_s05,56,106,59.53333333333333,0.376068115234375,-0.2952993663827636
TOKYOTECH_s05,56,107,59.56666666666667,0.5414965152740479,-0.25452591408809533
TOKYOTECH_s05,56,108,59.6,0.5447555780410767,-0.19962165909046478
TOKYOTECH_s05,56,109,59.63333333333333,0.3001124858856201,-0.11966445753624666
TOKYOTECH_s05,56,110,59.666666666666664,-0.04575730860233307,-0.010766835070626944
TOKYOTECH_s05,56,111,59.7,-0.3214593827724457,0.12170843389238767
TOKYOTECH_s05,56,112,59.733333333333334,-0.4650271534919739,0.2667598917840336
TOKYOTECH_s05,56,113,59.766666666666666,-0.5784085392951965,0.41297584293206374
TOKYOTECH_s05,56,114,59.8,-0.7403819561004639,0.550337174578081
TOKYOTECH_s05,56,115,59.833333333333336,-0.7992141842842102,0.6670562171891616
TOKYOTECH_s05,56,116,59.86666666666667,-0.7227954864501953,0.7452915048134962
TOKYOTECH_s05,56,117,59.9,-0.7439882755279541,0.7617275287306866
TOKYOTECH_s05,56,118,59.93333333333333,-0.8944036364555359,0.6951750959411357
TOKYOTECH_s05,56,119,59.96666666666667,-0.9925493597984314,0.537221294627319
TOKYOTECH_s05,56,120,60.0,-0.5267800688743591,0.2990759267783728
TOKYOTECH_s05,56,121,60.03333333333333,0.6968449354171753,0.010179049885527276
TOKYOTECH_s05,56,122,60.06666666666667,1.6013048887252808,-0.2901148739379786
TOKYOTECH_s05,56,123,60.1,1.6662989854812622,-0.5623517542097337
TOKYOTECH_s05,56,124,60.13333333333333,1.411415696144104,-0.7738320254834197
TOKYOTECH_s05,56,125,60.166666666666664,1.1161949634552002,-0.9020638883551129
TOKYOTECH_s05,56,126,60.2,0.726781964302063,-0.9371162085920782
TOKYOTECH_s05,56,127,60.233333333333334,0.29558005928993225,-0.8840164871213944
TOKYOTECH_s05,56,128,60.266666666666666,0.009112408384680748,-0.7624977217118076
TOKYOTECH_s05,56,129,60.3,0.05293160676956177,-0.6004002492292333
TOKYOTECH_s05,56,130,60.333333333333336,0.3062388002872467,-0.42200218793974215
TOKYOTECH_s05,56,131,60.36666666666667,0.3755427598953247,-0.23843945593350038
TOKYOTECH_s05,56,132,60.4,0.19451364874839783,-0.04751804730170754
TOKYOTECH_s05,56,133,60.43333333333333,-0.06415407359600067,0.15635044813107407
TOKYOTECH_s05,56,134,60.46666666666667,-0.3666588068008423,0.3698769106294684
TOKYOTECH_s05,56,135,60.5,-0.6862602233886719,0.5763124854804874
TOKYOTECH_s05,56,136,60.53333333333333,-0.8958906531333923,0.7512553854581729
TOKYOTECH_s05,56,137,60.56666666666667,-0.9293360710144043,0.8727612442707904
TOKYOTECH_s05,56,138,60.6,-0.9310635924339294,0.9282695169739669
TOKYOTECH_s05,56,139,60.63333333333333,-1.0151668787002563,0.9155226206874904
TOKYOTECH_s05,56,140,60.666666666666664,-1.005754828453064,0.8394601382443457
TOKYOTECH_s05,56,141,60.7,-1.0030299425125122,0.7088166544450989
TOKYOTECH_s05,56,142,60.733333333333334,-1.1162244081497192,0.5346915911124696
TOKYOTECH_s05,56,143,60.766666666666666,-0.9471184611320496,0.33063386062841205
TOKYOTECH_s05,56,144,60.8,0.0763327106833458,0.11221558367053189
TOKYOTECH_s05,56,145,60.833333333333336,1.4311037063598633,-0.1051601740279125
TOKYOTECH_s05,56,146,60.86666666666667,1.9057596921920776,-0.30915256678405434
TOKYOTECH_s05,56,147,60.9,1.654571771621704,-0.49184088824529676
TOKYOTECH_s05,56,148,60.93333333333333,1.2657999992370605,-0.6488649794686152
TOKYOTECH_s05,56,149,60.96666666666667,1.0130715370178223,-0.7778381726393221
TOKYOTECH_s05,56,150,61.0,0.7606815099716187,-0.8776459800015167
TOKYOTECH_s05,56,151,61.03333333333333,0.3557925224304199,-0.9484409646986977
TOKYOTECH_s05,56,152,61.06666666666667,0.21124525368213654,-0.990429686147552
TOKYOTECH_s05,56,153,61.1,0.263701856136322,-1.0001301574709598
TOKYOTECH_s05,56,154,61.13333333333333,0.3353120982646942,-0.9659425443904506
TOKYOTECH_s05,56,155,61.166666666666664,0.32609590888023376,-0.8676386633491795
TOKYOTECH_s05,56,156,61.2,0.08880796283483505,-0.6834181828840346
TOKYOTECH_s05,56,157,61.233333333333334,-0.22772139310836792,-0.403006344319372
TOKYOTECH_s05,56,158,61.266666666666666,-0.5289883613586426,-0.03913186359114496
TOKYOTECH_s05,56,159,61.3,-0.7551011443138123,0.3709894942677124
TOKYOTECH_s05,56,160,61.333333333333336,-0.8597204685211182,0.7754234634481453
TOKYOTECH_s05,56,161,61.36666666666667,-0.9371097683906555,1.1220192570557126
TOKYOTECH_s05,56,162,61.4,-1.0406427383422852,1.3701412900498136
TOKYOTECH_s05,56,163,61.43333333333333,-0.997624933719635,1.4962944978251032
TOKYOTECH_s05,56,164,61.46666666666667,-1.0077494382858276,1.4943483654347551
TOKYOTECH_s05,56,165,61.5,-1.0492979288101196,1.372874409805126
TOKYOTECH_s05,56,166,61.53333333333333,-1.131994366645813,1.151895741078605
TOKYOTECH_s05,56,167,61.56666666666667,-1.0958775281906128,0.8597663908083216
TOKYOTECH_s05,56,168,61.6,-0.4880453646183014,0.5292313929298723
TOKYOTECH_s05,56,169,61.63333333333333,0.8582484722137451,0.1918496007449451
TOKYOTECH_s05,56,170,61.666666666666664,1.671303391456604,-0.12781174135270018
TOKYOTECH_s05,56,171,61.7,1.6116697788238525,-0.4153030389293826
TOKYOTECH_s05,56,172,61.733333333333334,1.2622559070587158,-0.6653228759322416
TOKYOTECH_s05,56,173,61.766666666666666,0.9530550241470337,-0.8779473180882578
TOKYOTECH_s05,56,174,61.8,0.7003355026245117,-1.0544764182604003
TOKYOTECH_s05,56,175,61.833333333333336,0.3747146427631378,-1.1944295637596294
TOKYOTECH_s05,56,176,61.86666666666667,0.11917240917682648,-1.293616273115131
TOKYOTECH_s05,56,177,61.9,0.08373237401247025,-1.3425407914076324
TOKYOTECH_s05,56,178,61.93333333333333,0.21939291059970856,-1.3254178014144227
TOKYOTECH_s05,56,179,61.96666666666667,0.26492178440093994,-1.2217452056643074
TOKYOTECH_s05,56,180,62.0,0.11968887597322464,-1.0126912064920197
TOKYOTECH_s05,56,181,62.03333333333333,-0.16472184658050537,-0.6917971965755535
TOKYOTECH_s05,56,182,62.06666666666667,-0.5066914558410645,-0.2747373451330451
TOKYOTECH_s05,56,183,62.1,-0.7150841951370239,0.19872607258072422
TOKYOTECH_s05,56,184,62.13333333333333,-0.8080029487609863,0.6728198745480473
TOKYOTECH_s05,56,185,62.166666666666664,-0.9141716957092285,1.089676173971591
TOKYOTECH_s05,56,186,62.2,-1.0491911172866821,1.4024762322530642
TOKYOTECH_s05,56,187,62.233333333333334,-0.9924959540367126,1.5832437561328612
TOKYOTECH_s05,56,188,62.266666666666666,-0.9551592469215393,1.6244241327752433
TOKYOTECH_s05,56,189,62.3,-1.0628684759140015,1.536140908340416
TOKYOTECH_s05,56,190,62.333333333333336,-1.1052628755569458,1.3415235257971445
TOKYOTECH_s05,56,191,62.36666666666667,-1.1353691816329956,1.0714069595061857
TOKYOTECH_s05,56,192,62.4,-0.635824978351593,0.7586321125704039
TOKYOTECH_s05,56,193,62.43333333333333,0.7364612221717834,0.43238375737760804
TOKYOTECH_s05,56,194,62.46666666666667,1.5276732444763184,0.11422467901945269
TOKYOTECH_s05,56,195,62.5,1.3888516426086426,-0.18255483261773509
TOKYOTECH_s05,56,196,62.53333333333333,1.0049149990081787,-0.45102131257220174
TOKYOTECH_s05,56,197,62.56666666666667,0.6090996861457825,-0.6887057808828148
TOKYOTECH_s05,56,198,62.6,0.2514670193195343,-0.8970458547005452
TOKYOTECH_s05,56,199,62.63333333333333,-0.1296023726463318,-1.080857848748979
TOKYOTECH_s05,56,200,62.666666666666664,-0.33390793204307556,-1.2456379303078775
TOKYOTECH_s05,56,201,62.7,-0.1695391982793808,-1.3920160095852883
TOKYOTECH_s05,56,202,62.733333333333334,0.08582494407892227,-1.5094175923323048
TOKYOTECH_s05,56,203,62.766666666666666,0.0983625203371048,-1.5729928112272953
TOKYOTECH_s05,56,204,62.8,-0.1667342633008957,-1.5475307325136378
TOKYOTECH_s05,56,205,62.833333333333336,-0.4206380546092987,-1.3990442961862406
TOKYOTECH_s05,56,206,62.86666666666667,-0.6156561970710754,-1.1102054683149818
TOKYOTECH_s05,56,207,62.9,-0.8822311162948608,-0.6923729593188523
TOKYOTECH_s05,56,208,62.93333333333333,-1.093045949935913,-0.18717393508136265
TOKYOTECH_s05,56,209,62.96666666666667,-1.1234370470046997,0.3443203864252951
TOKYOTECH_s05,56,210,63.0,-1.1367849111557007,0.8391201748681408
TOKYOTECH_s05,56,211,63.03333333333333,-1.2182258367538452,1.2471168992050607
TOKYOTECH_s05,56,212,63.06666666666667,-1.1352088451385498,1.5377030901292044
TOKYOTECH_s05,56,213,63.1,-1.1120214462280273,1.699394038753505
TOKYOTECH_s05,56,214,63.13333333333333,-1.1713345050811768,1.736436425489519
TOKYOTECH_s05,56,215,63.166666666666664,-1.222001314163208,1.6651755405708255
TOKYOTECH_s05,56,216,63.2,-1.2525616884231567,1.5107410589715704
TOKYOTECH_s05,56,217,63.233333333333334,-1.1949849128723145,1.303237456506094
TOKYOTECH_s05,56,218,63.266666666666666,-0.14635179936885834,1.0726519079191055
TOKYOTECH_s05,56,219,63.3,1.316564679145813,0.8429095509160682
TOKYOTECH_s05,56,220,63.333333333333336,1.7126203775405884,0.6269702177893909
TOKYOTECH_s05,56,221,63.36666666666667,1.3879344463348389,0.4252004568665327
TOKYOTECH_s05,56,222,63.4,0.9560914635658264,0.22792682435381306
TOKYOTECH_s05,56,223,63.43333333333333,0.6179062724113464,0.021310353993375962
TOKYOTECH_s05,56,224,63.46666666666667,0.3442789614200592,-0.20520274800418165
TOKYOTECH_s05,56,225,63.5,0.10219147056341171,-0.4518739890456114
TOKYOTECH_s05,56,226,63.53333333333333,0.011703627184033394,-0.7044018366634016
TOKYOTECH_s05,56,227,63.56666666666667,0.09275266528129578,-0.9345358301016045
TOKYOTECH_s05,56,228,63.6,0.1404186189174652,-1.1065028551663951
TOKYOTECH_s05,56,229,63.63333333333333,0.04273591563105583,-1.1879338109756796
TOKYOTECH_s05,56,230,63.666666666666664,-0.12585356831550598,-1.1615663812656405
TOKYOTECH_s05,56,231,63.7,-0.3354038894176483,-1.0328022248353987
TOKYOTECH_s05,56,232,63.733333333333334,-0.5503414273262024,-0.8293613212896505
TOKYOTECH_s05,56,233,63.766666666666666,-0.7904521226882935,-0.5929056833263381
TOKYOTECH_s05,56,234,63.8,-0.9845709204673767,-0.366873532297759
TOKYOTECH_s05,56,235,63.833333333333336,-1.0424859523773193,-0.18623115502697157
TOKYOTECH_s05,56,236,63.86666666666667,-1.0865989923477173,-0.0718674084188486
TOKYOTECH_s05,56,237,63.9,-1.1628841161727905,-0.028697116213587073
TOKYOTECH_s05,56,238,63.93333333333333,-1.080348014831543,-0.0460611846174518
TOKYOTECH_s05,56,239,63.96666666666667,-1.0324862003326416,-0.10046125348660113
TOKYOTECH_s05,57,0,57.0,1.630208969116211,-0.04696583566610819
TOKYOTECH_s05,57,1,57.03333333333333,1.3618353605270386,-1.5620345424632773
TOKYOTECH_s05,57,2,57.06666666666667,1.0401413440704346,-2.8610515357813604
TOKYOTECH_s05,57,3,57.1,0.7187678813934326,-3.7798289799357216
TOKYOTECH_s05,57,4,57.13333333333333,0.5518969893455505,-4.2380677943848495
TOKYOTECH_s05,57,5,57.166666666666664,0.6186542510986328,-4.247844316344671
TOKYOTECH_s05,57,6,57.2,0.6623221039772034,-3.893486659750422
TOKYOTECH_s05,57,7,57.233333333333334,0.5647907257080078,-3.2953882351525676
TOKYOTECH_s05,57,8,57.266666666666666,0.3451872169971466,-2.5746210268259917
TOKYOTECH_s05,57,9,57.3,0.06455201655626297,-1.8292490315664904
TOKYOTECH_s05,57,10,57.333333333333336,-0.19139091670513153,-1.1248442838416979
TOKYOTECH_s05,57,11,57.36666666666667,-0.39253535866737366,-0.4962448513057604
TOKYOTECH_s05,57,12,57.4,-0.5318823456764221,0.04370470574958173
TOKYOTECH_s05,57,13,57.43333333333333,-0.6993944048881531,0.49249630119366455
TOKYOTECH_s05,57,14,57.46666666666667,-0.8463903665542603,0.8480837089978005
TOKYOTECH_s05,57,15,57.5,-0.8306471705436707,1.1050198646795217
TOKYOTECH_s05,57,16,57.53333333333333,-0.7713786363601685,1.257295547641538
TOKYOTECH_s05,57,17,57.56666666666667,-0.8580285906791687,1.3043175411330525
TOKYOTECH_s05,57,18,57.6,-0.9514727592468262,1.2550308375662789
TOKYOTECH_s05,57,19,57.63333333333333,-0.9774205684661865,1.1275732884818086
TOKYOTECH_s05,57,20,57.666666666666664,-0.6979696750640869,0.946048126658169
TOKYOTECH_s05,57,21,57.7,0.5672217011451721,0.7377056031332969
TOKYOTECH_s05,57,22,57.733333333333334,1.767516851425171,0.5310899666827004
TOKYOTECH_s05,57,23,57.766666666666666,1.9456787109375,0.3526082830764766
TOKYOTECH_s05,57,24,57.8,1.6927454471588135,0.21995396124167624
TOKYOTECH_s05,57,25,57.833333333333336,1.416900873184204,0.13486234877098988
TOKYOTECH_s05,57,26,57.86666666666667,1.0819836854934692,0.08076880649204488
TOKYOTECH_s05,57,27,57.9,0.7440122365951538,0.029761502798366785
TOKYOTECH_s05,57,28,57.93333333333333,0.48395541310310364,-0.04253756428865679
TOKYOTECH_s05,57,29,57.96666666666667,0.4167618453502655,-0.14198801937876945
TOKYOTECH_s05,57,30,58.0,0.5531169176101685,-0.25069134706647145
TOKYOTECH_s05,57,31,58.03333333333333,0.619357705116272,-0.3360832247318681
TOKYOTECH_s05,57,32,58.06666666666667,0.48849672079086304,-0.36877120996815305
TOKYOTECH_s05,57,33,58.1,0.21561738848686218,-0.33700266224246567
TOKYOTECH_s05,57,34,58.13333333333333,-0.14470446109771729,-0.2490640902073311
TOKYOTECH_s05,57,35,58.166666666666664,-0.3526964783668518,-0.12466295029308375
TOKYOTECH_s05,57,36,58.2,-0.4849465787410736,0.01594372775443942
TOKYOTECH_s05,57,37,58.233333333333334,-0.6905521750450134,0.15678024737722487
TOKYOTECH_s05,57,38,58.266666666666666,-0.7464014291763306,0.2846899162877522
TOKYOTECH_s05,57,39,58.3,-0.7708621621131897,0.3877251309825435
TOKYOTECH_s05,57,40,58.333333333333336,-0.8724539279937744,0.4572357338897329
TOKYOTECH_s05,57,41,58.36666666666667,-0.8943946957588196,0.4913838641585592
TOKYOTECH_s05,57,42,58.4,-0.8617150783538818,0.4957707268619511
TOKYOTECH_s05,57,43,58.43333333333333,-0.44655025005340576,0.4796871154199774
TOKYOTECH_s05,57,44,58.46666666666667,0.7514297366142273,0.45047959013262523
TOKYOTECH_s05,57,45,58.5,1.6016254425048828,0.4098906531163802
TOKYOTECH_s05,57,46,58.53333333333333,1.6291849613189697,0.3538939316788189
TOKYOTECH_s05,57,47,58.56666666666667,1.3207676410675049,0.27468178332420085
TOKYOTECH_s05,57,48,58.6,0.9900711178779602,0.1632905307018505
TOKYOTECH_s05,57,49,58.63333333333333,0.62498539686203,0.012938398162361664
TOKYOTECH_s05,57,50,58.666666666666664,0.20566211640834808,-0.1761726221190076
TOKYOTECH_s05,57,51,58.7,-0.011822143569588661,-0.3913619356786473
TOKYOTECH_s05,57,52,58.733333333333334,0.08489887416362762,-0.604741378718473
TOKYOTECH_s05,57,53,58.766666666666666,0.3090704381465912,-0.7772878666356885
TOKYOTECH_s05,57,54,58.8,0.3321687877178192,-0.8702876542863732
TOKYOTECH_s05,57,55,58.833333333333336,0.15210136771202087,-0.8597360713138535
TOKYOTECH_s05,57,56,58.86666666666667,-0.12712691724300385,-0.7466604686739852
TOKYOTECH_s05,57,57,58.9,-0.44794824719429016,-0.5576933571988841
TOKYOTECH_s05,57,58,58.93333333333333,-0.6783797144889832,-0.33490642102214485
TOKYOTECH_s05,57,59,58.96666666666667,-0.7641125321388245,-0.11979883891143558
TOKYOTECH_s05,57,60,59.0,-0.8948933482170105,0.05987839679195888
TOKYOTECH_s05,57,61,59.03333333333333,-1.0009195804595947,0.1937506471767619
TOKYOTECH_s05,57,62,59.06666666666667,-0.9594957232475281,0.2836231058494669
TOKYOTECH_s05,57,63,59.1,-0.9342958927154541,0.33596413424892474
TOKYOTECH_s05,57,64,59.13333333333333,-1.0707578659057617,0.3571600759277148
TOKYOTECH_s05,57,65,59.166666666666664,-1.09974205493927,0.35179315868156336
TOKYOTECH_s05,57,66,59.2,-1.005968451499939,0.3220675952706654
TOKYOTECH_s05,57,67,59.233333333333334,-0.10729652643203735,0.2677911526403121
TOKYOTECH_s05,57,68,59.266666666666666,1.2976959943771362,0.1881493293267728
TOKYOTECH_s05,57,69,59.3,1.886712908744812,0.08588550239233907
TOKYOTECH_s05,57,70,59.333333333333336,1.7625747919082642,-0.028771798047569856
TOKYOTECH_s05,57,71,59.36666666666667,1.4774249792099,-0.1386845553130861
TOKYOTECH_s05,57,72,59.4,1.17495596408844,-0.22585602128340332
TOKYOTECH_s05,57,73,59.43333333333333,0.8838400840759277,-0.27898024173424435
TOKYOTECH_s05,57,74,59.46666666666667,0.6154218912124634,-0.29688507234563305
TOKYOTECH_s05,57,75,59.5,0.3893626034259796,-0.2853666525908999
TOKYOTECH_s05,57,76,59.53333333333333,0.376068115234375,-0.2503864637878049
TOKYOTECH_s05,57,77,59.56666666666667,0.5414965152740479,-0.1935982296474919
TOKYOTECH_s05,57,78,59.6,0.5447555780410767,-0.11373309347051799
TOKYOTECH_s05,57,79,59.63333333333333,0.3001124858856201,-0.012069533579693389
TOKYOTECH_s05,57,80,59.666666666666664,-0.04575730860233307,0.10327488051970246
TOKYOTECH_s05,57,81,59.7,-0.3214593827724457,0.21861973211354693
TOKYOTECH_s05,57,82,59.733333333333334,-0.4650271534919739,0.3213145888506476
TOKYOTECH_s05,57,83,59.766666666666666,-0.5784085392951965,0.4065503510391159
TOKYOTECH_s05,57,84,59.8,-0.7403819561004639,0.47818405462400376
TOKYOTECH_s05,57,85,59.833333333333336,-0.7992141842842102,0.5415630068285154
TOKYOTECH_s05,57,86,59.86666666666667,-0.7227954864501953,0.593390752709795
TOKYOTECH_s05,57,87,59.9,-0.7439882755279541,0.6171147926164137
TOKYOTECH_s05,57,88,59.93333333333333,-0.8944036364555359,0.588178051625653
TOKYOTECH_s05,57,89,59.96666666666667,-0.9925493597984314,0.48597215803412763
TOKYOTECH_s05,57,90,60.0,-0.5267800688743591,0.3050611334268249
TOKYOTECH_s05,57,91,60.03333333333333,0.6968449354171753,0.059524974319740055
TOKYOTECH_s05,57,92,60.06666666666667,1.6013048887252808,-0.2206992002132418
TOKYOTECH_s05,57,93,60.1,1.6662989854812622,-0.49800428666018126
TOKYOTECH_s05,57,94,60.13333333333333,1.411415696144104,-0.7354246980379093
TOKYOTECH_s05,57,95,60.166666666666664,1.1161949634552002,-0.9028376202079816
TOKYOTECH_s05,57,96,60.2,0.726781964302063,-0.9813158347455092
TOKYOTECH_s05,57,97,60.233333333333334,0.29558005928993225,-0.9661677011849039
TOKYOTECH_s05,57,98,60.266666666666666,0.009112408384680748,-0.8672256393363005
TOKYOTECH_s05,57,99,60.3,0.05293160676956177,-0.7044135521870377
TOKYOTECH_s05,57,100,60.333333333333336,0.3062388002872467,-0.4998913761763573
TOKYOTECH_s05,57,101,60.36666666666667,0.3755427598953247,-0.2716599293453269
TOKYOTECH_s05,57,102,60.4,0.19451364874839783,-0.03294550183587698
TOKYOTECH_s05,57,103,60.43333333333333,-0.06415407359600067,0.20313143392570984
TOKYOTECH_s05,57,104,60.46666666666667,-0.3666588068008423,0.4193680357714306
TOKYOTECH_s05,57,105,60.5,-0.6862602233886719,0.5966341132932229
TOKYOTECH_s05,57,106,60.53333333333333,-0.8958906531333923,0.72165088506382
TOKYOTECH_s05,57,107,60.56666666666667,-0.9293360710144043,0.7933375105891053
TOKYOTECH_s05,57,108,60.6,-0.9310635924339294,0.8215074632746102
TOKYOTECH_s05,57,109,60.63333333333333,-1.0151668787002563,0.8181785571203541
TOKYOTECH_s05,57,110,60.666666666666664,-1.005754828453064,0.7878604858448046
TOKYOTECH_s05,57,111,60.7,-1.0030299425125122,0.7241203695844192
TOKYOTECH_s05,57,112,60.733333333333334,-1.1162244081497192,0.6147637261218362
TOKYOTECH_s05,57,113,60.766666666666666,-0.9471184611320496,0.4516328251443685
TOKYOTECH_s05,57,114,60.8,0.0763327106833458,0.23845170446539088
TOKYOTECH_s05,57,115,60.833333333333336,1.4311037063598633,-0.007745652517857305
TOKYOTECH_s05,57,116,60.86666666666667,1.9057596921920776,-0.2615837353674606
TOKYOTECH_s05,57,117,60.9,1.654571771621704,-0.49716148123613196
TOKYOTECH_s05,57,118,60.93333333333333,1.2657999992370605,-0.6947127363654735
TOKYOTECH_s05,57,119,60.96666666666667,1.0130715370178223,-0.8439412431559425
TOKYOTECH_s05,57,120,61.0,0.7606815099716187,-0.943877168901005
TOKYOTECH_s05,57,121,61.03333333333333,0.3557925224304199,-0.9999190674240774
TOKYOTECH_s05,57,122,61.06666666666667,0.21124525368213654,-1.0184944049752132
TOKYOTECH_s05,57,123,61.1,0.263701856136322,-1.0003074999763368
TOKYOTECH_s05,57,124,61.13333333333333,0.3353120982646942,-0.9352665275570912
TOKYOTECH_s05,57,125,61.166666666666664,0.32609590888023376,-0.8035129400525668
TOKYOTECH_s05,57,126,61.2,0.08880796283483505,-0.5848291325036117
TOKYOTECH_s05,57,127,61.233333333333334,-0.22772139310836792,-0.2732243297390274
TOKYOTECH_s05,57,128,61.266666666666666,-0.5289883613586426,0.11191031360274546
TOKYOTECH_s05,57,129,61.3,-0.7551011443138123,0.5263513519255103
TOKYOTECH_s05,57,130,61.333333333333336,-0.8597204685211182,0.9137772093454356
TOKYOTECH_s05,57,131,61.36666666666667,-0.9371097683906555,1.2229357354210297
TOKYOTECH_s05,57,132,61.4,-1.0406427383422852,1.4201820412310826
TOKYOTECH_s05,57,133,61.43333333333333,-0.997624933719635,1.4930852902343172
TOKYOTECH_s05,57,134,61.46666666666667,-1.0077494382858276,1.446598781264339
TOKYOTECH_s05,57,135,61.5,-1.0492979288101196,1.2964437060031702
TOKYOTECH_s05,57,136,61.53333333333333,-1.131994366645813,1.0637485957744905
TOKYOTECH_s05,57,137,61.56666666666667,-1.0958775281906128,0.7721459363184906
TOKYOTECH_s05,57,138,61.6,-0.4880453646183014,0.44605386024978566
TOKYOTECH_s05,57,139,61.63333333333333,0.8582484722137451,0.10852306583338316
TOKYOTECH_s05,57,140,61.666666666666664,1.671303391456604,-0.22128797682698859
TOKYOTECH_s05,57,141,61.7,1.6116697788238525,-0.5294365652044711
TOKYOTECH_s05,57,142,61.733333333333334,1.2622559070587158,-0.806265843264653
TOKYOTECH_s05,57,143,61.766666666666666,0.9530550241470337,-1.0439420129315098
TOKYOTECH_s05,57,144,61.8,0.7003355026245117,-1.234319196086069
TOKYOTECH_s05,57,145,61.833333333333336,0.3747146427631378,-1.368490729807414
TOKYOTECH_s05,57,146,61.86666666666667,0.11917240917682648,-1.437646993688624
TOKYOTECH_s05,57,147,61.9,0.08373237401247025,-1.4336683538576254
TOKYOTECH_s05,57,148,61.93333333333333,0.21939291059970856,-1.3486624517925772
TOKYOTECH_s05,57,149,61.96666666666667,0.26492178440093994,-1.1748676237684432
TOKYOTECH_s05,57,150,62.0,0.11968887597322464,-0.9077995852272528
TOKYOTECH_s05,57,151,62.03333333333333,-0.16472184658050537,-0.5534178888669472
TOKYOTECH_s05,57,152,62.06666666666667,-0.5066914558410645,-0.1348648785974555
TOKYOTECH_s05,57,153,62.1,-0.7150841951370239,0.3078460881180555
TOKYOTECH_s05,57,154,62.13333333333333,-0.8080029487609863,0.72690976276482
TOKYOTECH_s05,57,155,62.166666666666664,-0.9141716957092285,1.0794809786744797
TOKYOTECH_s05,57,156,62.2,-1.0491911172866821,1.3371247919460152
TOKYOTECH_s05,57,157,62.233333333333334,-0.9924959540367126,1.4883027812548275
TOKYOTECH_s05,57,158,62.266666666666666,-0.9551592469215393,1.5350302230174047
TOKYOTECH_s05,57,159,62.3,-1.0628684759140015,1.4875798243624685
TOKYOTECH_s05,57,160,62.333333333333336,-1.1052628755569458,1.3603656694944886
TOKYOTECH_s05,57,161,62.36666666666667,-1.1353691816329956,1.1696408083901817
TOKYOTECH_s05,57,162,62.4,-0.635824978351593,0.9320006843337898
TOKYOTECH_s05,57,163,62.43333333333333,0.7364612221717834,0.6628749090383904
TOKYOTECH_s05,57,164,62.46666666666667,1.5276732444763184,0.3754314520303623
TOKYOTECH_s05,57,165,62.5,1.3888516426086426,0.08070567243197126
TOKYOTECH_s05,57,166,62.53333333333333,1.0049149990081787,-0.2115099212305491
TOKYOTECH_s05,57,167,62.56666666666667,0.6090996861457825,-0.492411618484424
TOKYOTECH_s05,57,168,62.6,0.2514670193195343,-0.7548272102695669
TOKYOTECH_s05,57,169,62.63333333333333,-0.1296023726463318,-0.993367911148399
TOKYOTECH_s05,57,170,62.666666666666664,-0.33390793204307556,-1.2027151330762864
TOKYOTECH_s05,57,171,62.7,-0.1695391982793808,-1.3742060037182988
TOKYOTECH_s05,57,172,62.733333333333334,0.08582494407892227,-1.4925640342734379
TOKYOTECH_s05,57,173,62.766666666666666,0.0983625203371048,-1.5353873178336275
TOKYOTECH_s05,57,174,62.8,-0.1667342633008957,-1.4773355046734509
TOKYOTECH_s05,57,175,62.833333333333336,-0.4206380546092987,-1.2989047246217034
TOKYOTECH_s05,57,176,62.86666666666667,-0.6156561970710754,-0.9969557779655509
TOKYOTECH_s05,57,177,62.9,-0.8822311162948608,-0.5920079200510574
TOKYOTECH_s05,57,178,62.93333333333333,-1.093045949935913,-0.12731994131974453
TOKYOTECH_s05,57,179,62.96666666666667,-1.1234370470046997,0.34155026152017215
TOKYOTECH_s05,57,180,63.0,-1.1367849111557007,0.7618726887365506
TOKYOTECH_s05,57,181,63.03333333333333,-1.2182258367538452,1.0955424769616038
TOKYOTECH_s05,57,182,63.06666666666667,-1.1352088451385498,1.3228548227178467
TOKYOTECH_s05,57,183,63.1,-1.1120214462280273,1.4395741211514796
TOKYOTECH_s05,57,184,63.13333333333333,-1.1713345050811768,1.4517319426942061
TOKYOTECH_s05,57,185,63.166666666666664,-1.222001314163208,1.3717205597640723
TOKYOTECH_s05,57,186,63.2,-1.2525616884231567,1.216428067477731
TOKYOTECH_s05,57,187,63.233333333333334,-1.1949849128723145,1.0059676831966595
TOKYOTECH_s05,57,188,63.266666666666666,-0.14635179936885834,0.7614898390135615
TOKYOTECH_s05,57,189,63.3,1.316564679145813,0.5019421934481921
TOKYOTECH_s05,57,190,63.333333333333336,1.7126203775405884,0.24091395615026154
TOKYOTECH_s05,57,191,63.36666666666667,1.3879344463348389,-0.014900962118697235
TOKYOTECH_s05,57,192,63.4,0.9560914635658264,-0.2646178608180364
TOKYOTECH_s05,57,193,63.43333333333333,0.6179062724113464,-0.5095968773756469
TOKYOTECH_s05,57,194,63.46666666666667,0.3442789614200592,-0.7487233441333128
TOKYOTECH_s05,57,195,63.5,0.10219147056341171,-0.9743627830674595
TOKYOTECH_s05,57,196,63.53333333333333,0.011703627184033394,-1.1704173015240928
TOKYOTECH_s05,57,197,63.56666666666667,0.09275266528129578,-1.3132263528328871
TOKYOTECH_s05,57,198,63.6,0.1404186189174652,-1.3756131729394714
TOKYOTECH_s05,57,199,63.63333333333333,0.04273591563105583,-1.3337127417084849
TOKYOTECH_s05,57,200,63.666666666666664,-0.12585356831550598,-1.1749090389358285
TOKYOTECH_s05,57,201,63.7,-0.3354038894176483,-0.9039218810699241
TOKYOTECH_s05,57,202,63.733333333333334,-0.5503414273262024,-0.5440307352676381
TOKYOTECH_s05,57,203,63.766666666666666,-0.7904521226882935,-0.13253501281333335
TOKYOTECH_s05,57,204,63.8,-0.9845709204673767,0.2870166608410819
TOKYOTECH_s05,57,205,63.833333333333336,-1.0424859523773193,0.6719480424598345
TOKYOTECH_s05,57,206,63.86666666666667,-1.0865989923477173,0.9855045564326691
TOKYOTECH_s05,57,207,63.9,-1.1628841161727905,1.2011194319540477
TOKYOTECH_s05,57,208,63.93333333333333,-1.080348014831543,1.3065415025047231
TOKYOTECH_s05,57,209,63.96666666666667,-1.0324862003326416,1.3059983071248509
TOKYOTECH_s05,57,210,64.0,-1.1215581893920898,1.2177407398627864
TOKYOTECH_s05,57,211,64.03333333333333,-1.1971131563186646,1.0665027778955236
TOKYOTECH_s05,57,212,64.06666666666666,-1.199357032775879,0.8742695782350246
TOKYOTECH_s05,57,213,64.1,-0.6514791250228882,0.6547263950810055
TOKYOTECH_s05,57,214,64.13333333333334,0.8014464974403381,0.41445292743621637
TOKYOTECH_s05,57,215,64.16666666666667,1.7721027135849,0.15903286315828255
TOKYOTECH_s05,57,216,64.2,1.554208755493164,-0.10139380276301174
TOKYOTECH_s05,57,217,64.23333333333333,1.0906745195388794,-0.3518380325498801
TOKYOTECH_s05,57,218,64.26666666666667,0.761990487575531,-0.5771121026780713
TOKYOTECH_s05,57,219,64.3,0.35492876172065735,-0.7666859342126744
TOKYOTECH_s05,57,220,64.33333333333333,0.030020248144865036,-0.9154745899266253
TOKYOTECH_s05,57,221,64.36666666666666,-0.11970943957567215,-1.0203392122512855
TOKYOTECH_s05,57,222,64.4,-0.08122405409812927,-1.0757544824152494
TOKYOTECH_s05,57,223,64.43333333333334,0.21761199831962585,-1.0726243097360413
TOKYOTECH_s05,57,224,64.46666666666667,0.21279464662075043,-1.00141524332731
TOKYOTECH_s05,57,225,64.5,0.0460929237306118,-0.8572984075194797
TOKYOTECH_s05,57,226,64.53333333333333,-0.16471293568611145,-0.6438562269418757
TOKYOTECH_s05,57,227,64.56666666666666,-0.4553835391998291,-0.3738252394669901
TOKYOTECH_s05,57,228,64.6,-0.7088332176208496,-0.06838400818293262
TOKYOTECH_s05,57,229,64.63333333333334,-0.8743239045143127,0.24316555445642235
TOKYOTECH_s05,57,230,64.66666666666667,-1.0013024806976318,0.5248722870707707
TOKYOTECH_s05,57,231,64.7,-0.9637877345085144,0.7402162770744533
TOKYOTECH_s05,57,232,64.73333333333333,-0.9669488072395325,0.8626030366800238
TOKYOTECH_s05,57,233,64.76666666666667,-0.9480623006820679,0.8850033550959193
TOKYOTECH_s05,57,234,64.8,-0.9146881699562073,0.8227387173725401
TOKYOTECH_s05,57,235,64.83333333333333,-0.9741882085800171,0.7072188464810487
TOKYOTECH_s05,57,236,64.86666666666666,-1.0713545083999634,0.5735086618783136
TOKYOTECH_s05,57,237,64.9,-0.5863780975341797,0.44764498559544375
TOKYOTECH_s05,57,238,64.93333333333334,0.73332679271698,0.3390663185351465
TOKYOTECH_s05,57,239,64.96666666666667,1.5542800426483154,0.2405566849890628
TOKYOTECH_s05,58,0,58.0,0.5531169176101685,-0.021711075204063814
TOKYOTECH_s05,58,1,58.03333333333333,0.619357705116272,-1.3284374983023484
TOKYOTECH_s05,58,2,58.06666666666667,0.48849672079086304,-2.397772662771994
TOKYOTECH_s05,58,3,58.1,0.21561738848686218,-3.0592639411331386
TOKYOTECH_s05,58,4,58.13333333333333,-0.14470446109771729,-3.2501886438965784
TOKYOTECH_s05,58,5,58.166666666666664,-0.3526964783668518,-3.020281063952528
TOKYOTECH_s05,58,6,58.2,-0.4849465787410736,-2.499428373583442
TOKYOTECH_s05,58,7,58.233333333333334,-0.6905521750450134,-1.8476491333657956
TOKYOTECH_s05,58,8,58.266666666666666,-0.7464014291763306,-1.2086802704891495
TOKYOTECH_s05,58,9,58.3,-0.7708621621131897,-0.6792451806372273
TOKYOTECH_s05,58,10,58.333333333333336,-0.8724539279937744,-0.29793770995455293
TOKYOTECH_s05,58,11,58.36666666666667,-0.8943946957588196,-0.05267072254426955
TOKYOTECH_s05,58,12,58.4,-0.8617150783538818,0.09882675406585567
TOKYOTECH_s05,58,13,58.43333333333333,-0.44655025005340576,0.20436828437760857
TOKYOTECH_s05,58,14,58.46666666666667,0.7514297366142273,0.2977753391780061
TOKYOTECH_s05,58,15,58.5,1.6016254425048828,0.39028312458856723
TOKYOTECH_s05,58,16,58.53333333333333,1.6291849613189697,0.472930029153334
TOKYOTECH_s05,58,17,58.56666666666667,1.3207676410675049,0.5254846407901527
TOKYOTECH_s05,58,18,58.6,0.9900711178779602,0.5269161813138779
TOKYOTECH_s05,58,19,58.63333333333333,0.62498539686203,0.46450506200312075
TOKYOTECH_s05,58,20,58.666666666666664,0.20566211640834808,0.34055557020829713
TOKYOTECH_s05,58,21,58.7,-0.011822143569588661,0.17579860529813118
TOKYOTECH_s05,58,22,58.733333333333334,0.08489887416362762,0.0075449346689427255
TOKYOTECH_s05,58,23,58.766666666666666,0.3090704381465912,-0.1190363881071929
TOKYOTECH_s05,58,24,58.8,0.3321687877178192,-0.165046425605407
TOKYOTECH_s05,58,25,58.833333333333336,0.15210136771202087,-0.11222385758840897
TOKYOTECH_s05,58,26,58.86666666666667,-0.12712691724300385,0.028883618326277026
TOKYOTECH_s05,58,27,58.9,-0.44794824719429016,0.22145942483079026
TOKYOTECH_s05,58,28,58.93333333333333,-0.6783797144889832,0.41584840801364625
TOKYOTECH_s05,58,29,58.96666666666667,-0.7641125321388245,0.5683898295694538
TOKYOTECH_s05,58,30,59.0,-0.8948933482170105,0.6558688228247774
TOKYOTECH_s05,58,31,59.03333333333333,-1.0009195804595947,0.6777607447549351
TOKYOTECH_s05,58,32,59.06666666666667,-0.9594957232475281,0.6473409024941104
TOKYOTECH_s05,58,33,59.1,-0.9342958927154541,0.5801989356723128
TOKYOTECH_s05,58,34,59.13333333333333,-1.0707578659057617,0.48752218309004197
TOKYOTECH_s05,58,35,59.166666666666664,-1.09974205493927,0.37539609603286267
TOKYOTECH_s05,58,36,59.2,-1.005968451499939,0.24739346782062888
TOKYOTECH_s05,58,37,59.233333333333334,-0.10729652643203735,0.10757028463500398
TOKYOTECH_s05,58,38,59.266666666666666,1.2976959943771362,-0.037392882226155555
TOKYOTECH_s05,58,39,59.3,1.886712908744812,-0.17730425075884357
TOKYOTECH_s05,58,40,59.333333333333336,1.7625747919082642,-0.2998613931872423
TOKYOTECH_s05,58,41,59.36666666666667,1.4774249792099,-0.3950179829635723
TOKYOTECH_s05,58,42,59.4,1.17495596408844,-0.46012429574889663
TOKYOTECH_s05,58,43,59.43333333333333,0.8838400840759277,-0.5014345649595365
TOKYOTECH_s05,58,44,59.46666666666667,0.6154218912124634,-0.5293766741995871
TOKYOTECH_s05,58,45,59.5,0.3893626034259796,-0.5496456793884903
TOKYOTECH_s05,58,46,59.53333333333333,0.376068115234375,-0.5560364997722972
TOKYOTECH_s05,58,47,59.56666666666667,0.5414965152740479,-0.5307958202473143
TOKYOTECH_s05,58,48,59.6,0.5447555780410767,-0.4535984061578771
TOKYOTECH_s05,58,49,59.63333333333333,0.3001124858856201,-0.3142881386245153
TOKYOTECH_s05,58,50,59.666666666666664,-0.04575730860233307,-0.12155441976781649
TOKYOTECH_s05,58,51,59.7,-0.3214593827724457,0.09811442682874733
TOKYOTECH_s05,58,52,59.733333333333334,-0.4650271534919739,0.31063886029158194
TOKYOTECH_s05,58,53,59.766666666666666,-0.5784085392951965,0.4871605199116591
TOKYOTECH_s05,58,54,59.8,-0.7403819561004639,0.6114659730710637
TOKYOTECH_s05,58,55,59.833333333333336,-0.7992141842842102,0.6783546998351608
TOKYOTECH_s05,58,56,59.86666666666667,-0.7227954864501953,0.6865486154246415
TOKYOTECH_s05,58,57,59.9,-0.7439882755279541,0.6336889484939597
TOKYOTECH_s05,58,58,59.93333333333333,-0.8944036364555359,0.5178323298602897
TOKYOTECH_s05,58,59,59.96666666666667,-0.9925493597984314,0.3433174612805222
TOKYOTECH_s05,58,60,60.0,-0.5267800688743591,0.12506632501113601
TOKYOTECH_s05,58,61,60.03333333333333,0.6968449354171753,-0.11300157410280641
TOKYOTECH_s05,58,62,60.06666666666667,1.6013048887252808,-0.34440944618410646
TOKYOTECH_s05,58,63,60.1,1.6662989854812622,-0.5465343339324548
TOKYOTECH_s05,58,64,60.13333333333333,1.411415696144104,-0.7034015972262195
TOKYOTECH_s05,58,65,60.166666666666664,1.1161949634552002,-0.8052940094795992
TOKYOTECH_s05,58,66,60.2,0.726781964302063,-0.8478779169213948
TOKYOTECH_s05,58,67,60.233333333333334,0.29558005928993225,-0.8323667465142502
TOKYOTECH_s05,58,68,60.266666666666666,0.009112408384680748,-0.7651884569172467
TOKYOTECH_s05,58,69,60.3,0.05293160676956177,-0.6547157514031752
TOKYOTECH_s05,58,70,60.333333333333336,0.3062388002872467,-0.5058735497543585
TOKYOTECH_s05,58,71,60.36666666666667,0.3755427598953247,-0.3172717583998885
TOKYOTECH_s05,58,72,60.4,0.19451364874839783,-0.08520289506154793
TOKYOTECH_s05,58,73,60.43333333333333,-0.06415407359600067,0.18644590266473657
TOKYOTECH_s05,58,74,60.46666666666667,-0.3666588068008423,0.4778398404300262
TOKYOTECH_s05,58,75,60.5,-0.6862602233886719,0.754486576461863
TOKYOTECH_s05,58,76,60.53333333333333,-0.8958906531333923,0.9783845919345109
TOKYOTECH_s05,58,77,60.56666666666667,-0.9293360710144043,1.121095190635281
TOKYOTECH_s05,58,78,60.6,-0.9310635924339294,1.170735027163578
TOKYOTECH_s05,58,79,60.63333333333333,-1.0151668787002563,1.1307625045038607
TOKYOTECH_s05,58,80,60.666666666666664,-1.005754828453064,1.0137632134824135
TOKYOTECH_s05,58,81,60.7,-1.0030299425125122,0.8351872224644392
TOKYOTECH_s05,58,82,60.733333333333334,-1.1162244081497192,0.610332996519117
TOKYOTECH_s05,58,83,60.766666666666666,-0.9471184611320496,0.35465093369176026
TOKYOTECH_s05,58,84,60.8,0.0763327106833458,0.0849810567760661
TOKYOTECH_s05,58,85,60.833333333333336,1.4311037063598633,-0.18080214721471555
TOKYOTECH_s05,58,86,60.86666666666667,1.9057596921920776,-0.4262321173977528
TOKYOTECH_s05,58,87,60.9,1.654571771621704,-0.6391787502719429
TOKYOTECH_s05,58,88,60.93333333333333,1.2657999992370605,-0.8134049605768799
TOKYOTECH_s05,58,89,60.96666666666667,1.0130715370178223,-0.9481065016467235
TOKYOTECH_s05,58,90,61.0,0.7606815099716187,-1.0459712510974415
TOKYOTECH_s05,58,91,61.03333333333333,0.3557925224304199,-1.110381624633957
TOKYOTECH_s05,58,92,61.06666666666667,0.21124525368213654,-1.1416628613199733
TOKYOTECH_s05,58,93,61.1,0.263701856136322,-1.1326885349237055
TOKYOTECH_s05,58,94,61.13333333333333,0.3353120982646942,-1.066424956823951
TOKYOTECH_s05,58,95,61.166666666666664,0.32609590888023376,-0.91931899419019
TOKYOTECH_s05,58,96,61.2,0.08880796283483505,-0.6719875650589107
TOKYOTECH_s05,58,97,61.233333333333334,-0.22772139310836792,-0.3232622306133791
TOKYOTECH_s05,58,98,61.266666666666666,-0.5289883613586426,0.10085313762065523
TOKYOTECH_s05,58,99,61.3,-0.7551011443138123,0.5502998907303088
TOKYOTECH_s05,58,100,61.333333333333336,-0.8597204685211182,0.9650516666606519
TOKYOTECH_s05,58,101,61.36666666666667,-0.9371097683906555,1.2918562174047858
TOKYOTECH_s05,58,102,61.4,-1.0406427383422852,1.4957342356736665
TOKYOTECH_s05,58,103,61.43333333333333,-0.997624933719635,1.5636568648076432
TOKYOTECH_s05,58,104,61.46666666666667,-1.0077494382858276,1.5020856265784581
TOKYOTECH_s05,58,105,61.5,-1.0492979288101196,1.331468449863609
TOKYOTECH_s05,58,106,61.53333333333333,-1.131994366645813,1.0802580912405118
TOKYOTECH_s05,58,107,61.56666666666667,-1.0958775281906128,0.7795865785070522
TOKYOTECH_s05,58,108,61.6,-0.4880453646183014,0.4584742134492116
TOKYOTECH_s05,58,109,61.63333333333333,0.8582484722137451,0.13951964236888617
TOKYOTECH_s05,58,110,61.666666666666664,1.671303391456604,-0.16367250833508998
TOKYOTECH_s05,58,111,61.7,1.6116697788238525,-0.44560001448925857
TOKYOTECH_s05,58,112,61.733333333333334,1.2622559070587158,-0.7045696979094195
TOKYOTECH_s05,58,113,61.766666666666666,0.9530550241470337,-0.9374604384234604
TOKYOTECH_s05,58,114,61.8,0.7003355026245117,-1.1366081930761502
TOKYOTECH_s05,58,115,61.833333333333336,0.3747146427631378,-1.2902160962192861
TOKYOTECH_s05,58,116,61.86666666666667,0.11917240917682648,-1.385058754771775
TOKYOTECH_s05,58,117,61.9,0.08373237401247025,-1.4088948855412537
TOKYOTECH_s05,58,118,61.93333333333333,0.21939291059970856,-1.3512138855135711
TOKYOTECH_s05,58,119,61.96666666666667,0.26492178440093994,-1.2035030306218573
TOKYOTECH_s05,58,120,62.0,0.11968887597322464,-0.9616374764810837
TOKYOTECH_s05,58,121,62.03333333333333,-0.16472184658050537,-0.6312490906963365
TOKYOTECH_s05,58,122,62.06666666666667,-0.5066914558410645,-0.23281256017080634
TOKYOTECH_s05,58,123,62.1,-0.7150841951370239,0.19852963763818418
TOKYOTECH_s05,58,124,62.13333333333333,-0.8080029487609863,0.6197497727000926
TOKYOTECH_s05,58,125,62.166666666666664,-0.9141716957092285,0.9896678406279621
TOKYOTECH_s05,58,126,62.2,-1.0491911172866821,1.2766983731673371
TOKYOTECH_s05,58,127,62.233333333333334,-0.9924959540367126,1.4620783722516366
TOKYOTECH_s05,58,128,62.266666666666666,-0.9551592469215393,1.5392416748227908
TOKYOTECH_s05,58,129,62.3,-1.0628684759140015,1.5116530013406448
TOKYOTECH_s05,58,130,62.333333333333336,-1.1052628755569458,1.3907844062598362
TOKYOTECH_s05,58,131,62.36666666666667,-1.1353691816329956,1.1942707369459427
TOKYOTECH_s05,58,132,62.4,-0.635824978351593,0.9434151186039657
TOKYOTECH_s05,58,133,62.43333333333333,0.7364612221717834,0.6598311393059616
TOKYOTECH_s05,58,134,62.46666666666667,1.5276732444763184,0.3623913519296172
TOKYOTECH_s05,58,135,62.5,1.3888516426086426,0.06594837877535216
TOKYOTECH_s05,58,136,62.53333333333333,1.0049149990081787,-0.2182842977918738
TOKYOTECH_s05,58,137,62.56666666666667,0.6090996861457825,-0.4822277914247971
TOKYOTECH_s05,58,138,62.6,0.2514670193195343,-0.7211734345980858
TOKYOTECH_s05,58,139,62.63333333333333,-0.1296023726463318,-0.9338912929026131
TOKYOTECH_s05,58,140,62.666666666666664,-0.33390793204307556,-1.1210108475298377
TOKYOTECH_s05,58,141,62.7,-0.1695391982793808,-1.281033715886245
TOKYOTECH_s05,58,142,62.733333333333334,0.08582494407892227,-1.4053496317393508
TOKYOTECH_s05,58,143,62.766666666666666,0.0983625203371048,-1.4752563076415148
TOKYOTECH_s05,58,144,62.8,-0.1667342633008957,-1.4639405692715364
TOKYOTECH_s05,58,145,62.833333333333336,-0.4206380546092987,-1.3444157373065773
TOKYOTECH_s05,58,146,62.86666666666667,-0.6156561970710754,-1.1012706546043591
TOKYOTECH_s05,58,147,62.9,-0.8822311162948608,-0.7411307336605729
TOKYOTECH_s05,58,148,62.93333333333333,-1.093045949935913,-0.29585654909971987
TOKYOTECH_s05,58,149,62.96666666666667,-1.1234370470046997,0.18425886913385983
TOKYOTECH_s05,58,150,63.0,-1.1367849111557007,0.643636915475902
TOKYOTECH_s05,58,151,63.03333333333333,-1.2182258367538452,1.033608134721488
TOKYOTECH_s05,58,152,63.06666666666667,-1.1352088451385498,1.3193170199939743
TOKYOTECH_s05,58,153,63.1,-1.1120214462280273,1.4820763332890692
TOKYOTECH_s05,58,154,63.13333333333333,-1.1713345050811768,1.5194261211176336
TOKYOTECH_s05,58,155,63.166666666666664,-1.222001314163208,1.4437412018651783
TOKYOTECH_s05,58,156,63.2,-1.2525616884231567,1.2790839345235212
TOKYOTECH_s05,58,157,63.233333333333334,-1.1949849128723145,1.0560624578194662
TOKYOTECH_s05,58,158,63.266666666666666,-0.14635179936885834,0.805236513423978
TOKYOTECH_s05,58,159,63.3,1.316564679145813,0.5506282789260777
TOKYOTECH_s05,58,160,63.333333333333336,1.7126203775405884,0.3055365549352475
TOKYOTECH_s05,58,161,63.36666666666667,1.3879344463348389,0.07230428137345561
TOKYOTECH_s05,58,162,63.4,0.9560914635658264,-0.1541073273632365
TOKYOTECH_s05,58,163,63.43333333333333,0.6179062724113464,-0.38053669847046745
TOKYOTECH_s05,58,164,63.46666666666667,0.3442789614200592,-0.610087597464733
TOKYOTECH_s05,58,165,63.5,0.10219147056341171,-0.837987874780968
TOKYOTECH_s05,58,166,63.53333333333333,0.011703627184033394,-1.0495485739655406
TOKYOTECH_s05,58,167,63.56666666666667,0.09275266528129578,-1.2207382116511594
TOKYOTECH_s05,58,168,63.6,0.1404186189174652,-1.3218540302988622
TOKYOTECH_s05,58,169,63.63333333333333,0.04273591563105583,-1.324269256460861
TOKYOTECH_s05,58,170,63.666666666666664,-0.12585356831550598,-1.2089492622659732
TOKYOTECH_s05,58,171,63.7,-0.3354038894176483,-0.9739038854030394
TOKYOTECH_s05,58,172,63.733333333333334,-0.5503414273262024,-0.6371974146642337
TOKYOTECH_s05,58,173,63.766666666666666,-0.7904521226882935,-0.23394390844021987
TOKYOTECH_s05,58,174,63.8,-0.9845709204673767,0.1906770472664116
TOKYOTECH_s05,58,175,63.833333333333336,-1.0424859523773193,0.5887282872100236
TOKYOTECH_s05,58,176,63.86666666666667,-1.0865989923477173,0.9158991386941745
TOKYOTECH_s05,58,177,63.9,-1.1628841161727905,1.1381801818471506
TOKYOTECH_s05,58,178,63.93333333333333,-1.080348014831543,1.23867031205518
TOKYOTECH_s05,58,179,63.96666666666667,-1.0324862003326416,1.221391848976776
TOKYOTECH_s05,58,180,64.0,-1.1215581893920898,1.1086110430757035
TOKYOTECH_s05,58,181,64.03333333333333,-1.1971131563186646,0.9314300356487615
TOKYOTECH_s05,58,182,64.06666666666666,-1.199357032775879,0.7181603883503946
TOKYOTECH_s05,58,183,64.1,-0.6514791250228882,0.4870152085489337
TOKYOTECH_s05,58,184,64.13333333333334,0.8014464974403381,0.2465679338917622
TOKYOTECH_s05,58,185,64.16666666666667,1.7721027135849,0.0017811495098207578
TOKYOTECH_s05,58,186,64.2,1.554208755493164,-0.24022014797617494
TOKYOTECH_s05,58,187,64.23333333333333,1.0906745195388794,-0.4692205093610617
TOKYOTECH_s05,58,188,64.26666666666667,0.761990487575531,-0.675194185001813
TOKYOTECH_s05,58,189,64.3,0.35492876172065735,-0.8510906542064658
TOKYOTECH_s05,58,190,64.33333333333333,0.030020248144865036,-0.9915894236917776
TOKYOTECH_s05,58,191,64.36666666666666,-0.11970943957567215,-1.0887714511863742
TOKYOTECH_s05,58,192,64.4,-0.08122405409812927,-1.128987378604226
TOKYOTECH_s05,58,193,64.43333333333334,0.21761199831962585,-1.0947968974526268
TOKYOTECH_s05,58,194,64.46666666666667,0.21279464662075043,-0.9720323676260293
TOKYOTECH_s05,58,195,64.5,0.0460929237306118,-0.7579311817970759
TOKYOTECH_s05,58,196,64.53333333333333,-0.16471293568611145,-0.46521631372774114
TOKYOTECH_s05,58,197,64.56666666666666,-0.4553835391998291,-0.1198370922664085
TOKYOTECH_s05,58,198,64.6,-0.7088332176208496,0.2452980931075942
TOKYOTECH_s05,58,199,64.63333333333334,-0.8743239045143127,0.5962755275037744
TOKYOTECH_s05,58,200,64.66666666666667,-1.0013024806976318,0.9021137925873904
TOKYOTECH_s05,58,201,64.7,-0.9637877345085144,1.1380193861333707
TOKYOTECH_s05,58,202,64.73333333333333,-0.9669488072395325,1.2886332675923897
TOKYOTECH_s05,58,203,64.76666666666667,-0.9480623006820679,1.3496972657817456
TOKYOTECH_s05,58,204,64.8,-0.9146881699562073,1.3264831671481758
TOKYOTECH_s05,58,205,64.83333333333333,-0.9741882085800171,1.2294637093667258
TOKYOTECH_s05,58,206,64.86666666666666,-1.0713545083999634,1.0698799652491602
TOKYOTECH_s05,58,207,64.9,-0.5863780975341797,0.8580246007970548
TOKYOTECH_s05,58,208,64.93333333333334,0.73332679271698,0.6047456042950847
TOKYOTECH_s05,58,209,64.96666666666667,1.5542800426483154,0.32381724101159504
TOKYOTECH_s05,58,210,65.0,1.3940608501434326,0.03193022898959542
TOKYOTECH_s05,58,211,65.03333333333333,0.9428325891494751,-0.25488365461398277
TOKYOTECH_s05,58,212,65.06666666666666,0.522663414478302,-0.5258765869690347
TOKYOTECH_s05,58,213,65.1,0.10563752055168152,-0.776936712653893
TOKYOTECH_s05,58,214,65.13333333333334,-0.29560062289237976,-1.0066410215560384
TOKYOTECH_s05,58,215,65.16666666666667,-0.45509859919548035,-1.2092300453173708
TOKYOTECH_s05,58,216,65.2,-0.16489103436470032,-1.3693142983168696
TOKYOTECH_s05,58,217,65.23333333333333,0.20157493650913239,-1.4624558947785036
TOKYOTECH_s05,58,218,65.26666666666667,0.21007876098155975,-1.4624131035614663
TOKYOTECH_s05,58,219,65.3,-0.03495611622929573,-1.3518832974986827
TOKYOTECH_s05,58,220,65.33333333333333,-0.28150475025177,-1.1314108483236827
TOKYOTECH_s05,58,221,65.36666666666666,-0.4778941869735718,-0.8220817426548844
TOKYOTECH_s05,58,222,65.4,-0.8115469813346863,-0.4611512699758366
TOKYOTECH_s05,58,223,65.43333333333334,-0.9448300004005432,-0.09319620644777471
TOKYOTECH_s05,58,224,65.46666666666667,-1.006529450416565,0.23954321832436634
TOKYOTECH_s05,58,225,65.5,-1.0479623079299927,0.5049321332117785
TOKYOTECH_s05,58,226,65.53333333333333,-0.9700120091438293,0.6855537285389695
TOKYOTECH_s05,58,227,65.56666666666666,-0.9515261650085449,0.7797954891078844
TOKYOTECH_s05,58,228,65.6,-0.8998086452484131,0.79935760054717
TOKYOTECH_s05,58,229,65.63333333333334,-0.8878855109214783,0.7637225141017779
TOKYOTECH_s05,58,230,65.66666666666667,-0.7824291586875916,0.6934197642268425
TOKYOTECH_s05,58,231,65.7,0.4400649964809418,0.6048236822574637
TOKYOTECH_s05,58,232,65.73333333333333,1.710314154624939,0.5085298332252467
TOKYOTECH_s05,58,233,65.76666666666667,1.8510323762893677,0.41128614141650865
TOKYOTECH_s05,58,234,65.8,1.485341191291809,0.319295008524976
TOKYOTECH_s05,58,235,65.83333333333333,1.0715832710266113,0.2400468058970326
TOKYOTECH_s05,58,236,65.86666666666666,0.6378079056739807,0.1812915078002906
TOKYOTECH_s05,58,237,65.9,0.2828555107116699,0.1479705840733684
TOKYOTECH_s05,58,238,65.93333333333334,-0.005847203079611063,0.13920155367351503
TOKYOTECH_s05,58,239,65.96666666666667,-0.008607607334852219,0.1473057293393061
TOKYOTECH_s05,59,0,59.0,-0.8948933482170105,-0.010191105675586027
TOKYOTECH_s05,59,1,59.03333333333333,-1.0009195804595947,-1.2464888549744522
TOKYOTECH_s05,59,2,59.06666666666667,-0.9594957232475281,-2.298495767319392
TOKYOTECH_s05,59,3,59.1,-0.9342958927154541,-3.0271005686543573
TOKYOTECH_s05,59,4,59.13333333333333,-1.0707578659057617,-3.37138172191347
TOKYOTECH_s05,59,5,59.166666666666664,-1.09974205493927,-3.3555916879166103
TOKYOTECH_s05,59,6,59.2,-1.005968451499939,-3.0687414236475288
TOKYOTECH_s05,59,7,59.233333333333334,-0.10729652643203735,-2.6283283837017564
TOKYOTECH_s05,59,8,59.266666666666666,1.2976959943771362,-2.1440257279305306
TOKYOTECH_s05,59,9,59.3,1.886712908744812,-1.6927444891338999
TOKYOTECH_s05,59,10,59.333333333333336,1.7625747919082642,-1.310007292712292
TOKYOTECH_s05,59,11,59.36666666666667,1.4774249792099,-0.9966785033200327
TOKYOTECH_s05,59,12,59.4,1.17495596408844,-0.7351974333284975
TOKYOTECH_s05,59,13,59.43333333333333,0.8838400840759277,-0.5066313428995556
TOKYOTECH_s05,59,14,59.46666666666667,0.6154218912124634,-0.30044175676351254
TOKYOTECH_s05,59,15,59.5,0.3893626034259796,-0.11367508360477155
TOKYOTECH_s05,59,16,59.53333333333333,0.376068115234375,0.056422525678738185
TOKYOTECH_s05,59,17,59.56666666666667,0.5414965152740479,0.2181716008974119
TOKYOTECH_s05,59,18,59.6,0.5447555780410767,0.38409958006864764
TOKYOTECH_s05,59,19,59.63333333333333,0.3001124858856201,0.5635569305494763
TOKYOTECH_s05,59,20,59.666666666666664,-0.04575730860233307,0.7552913256799486
TOKYOTECH_s05,59,21,59.7,-0.3214593827724457,0.9458204823187099
TOKYOTECH_s05,59,22,59.733333333333334,-0.4650271534919739,1.1147299054339472
TOKYOTECH_s05,59,23,59.766666666666666,-0.5784085392951965,1.2428671798559947
TOKYOTECH_s05,59,24,59.8,-0.7403819561004639,1.3179584219809999
TOKYOTECH_s05,59,25,59.833333333333336,-0.7992141842842102,1.3349742847694304
TOKYOTECH_s05,59,26,59.86666666666667,-0.7227954864501953,1.2930714912827679
TOKYOTECH_s05,59,27,59.9,-0.7439882755279541,1.1931843319009392
TOKYOTECH_s05,59,28,59.93333333333333,-0.8944036364555359,1.038391109782381
TOKYOTECH_s05,59,29,59.96666666666667,-0.9925493597984314,0.8356592017819165
TOKYOTECH_s05,59,30,60.0,-0.5267800688743591,0.5962174991382149
TOKYOTECH_s05,59,31,60.03333333333333,0.6968449354171753,0.33358706346062267
TOKYOTECH_s05,59,32,60.06666666666667,1.6013048887252808,0.061360323872179046
TOKYOTECH_s05,59,33,60.1,1.6662989854812622,-0.20643129695690987
TOKYOTECH_s05,59,34,60.13333333333333,1.411415696144104,-0.4526205525463787
TOKYOTECH_s05,59,35,60.166666666666664,1.1161949634552002,-0.6556374925400986
TOKYOTECH_s05,59,36,60.2,0.726781964302063,-0.7932031999400763
TOKYOTECH_s05,59,37,60.233333333333334,0.29558005928993225,-0.8503733055393531
TOKYOTECH_s05,59,38,60.266666666666666,0.009112408384680748,-0.8265386959493696
TOKYOTECH_s05,59,39,60.3,0.05293160676956177,-0.7353973776633367
TOKYOTECH_s05,59,40,60.333333333333336,0.3062388002872467,-0.5972477104060804
TOKYOTECH_s05,59,41,60.36666666666667,0.3755427598953247,-0.4294106456467487
TOKYOTECH_s05,59,42,60.4,0.19451364874839783,-0.24212359057475666
TOKYOTECH_s05,59,43,60.43333333333333,-0.06415407359600067,-0.04243367087778393
TOKYOTECH_s05,59,44,60.46666666666667,-0.3666588068008423,0.15882227224419826
TOKYOTECH_s05,59,45,60.5,-0.6862602233886719,0.3445615706713845
TOKYOTECH_s05,59,46,60.53333333333333,-0.8958906531333923,0.4957280937112395
TOKYOTECH_s05,59,47,60.56666666666667,-0.9293360710144043,0.5976694421947749
TOKYOTECH_s05,59,48,60.6,-0.9310635924339294,0.643253443429547
TOKYOTECH_s05,59,49,60.63333333333333,-1.0151668787002563,0.6315397097411845
TOKYOTECH_s05,59,50,60.666666666666664,-1.005754828453064,0.5647515808671659
TOKYOTECH_s05,59,51,60.7,-1.0030299425125122,0.44703985354368375
TOKYOTECH_s05,59,52,60.733333333333334,-1.1162244081497192,0.28610524765729445
TOKYOTECH_s05,59,53,60.766666666666666,-0.9471184611320496,0.09558967280808338
TOKYOTECH_s05,59,54,60.8,0.0763327106833458,-0.10498714168113882
TOKYOTECH_s05,59,55,60.833333333333336,1.4311037063598633,-0.29420106632717935
TOKYOTECH_s05,59,56,60.86666666666667,1.9057596921920776,-0.45474521815775054
TOKYOTECH_s05,59,57,60.9,1.654571771621704,-0.5778378086236314
TOKYOTECH_s05,59,58,60.93333333333333,1.2657999992370605,-0.6638553528556143
TOKYOTECH_s05,59,59,60.96666666666667,1.0130715370178223,-0.7198537197948917
TOKYOTECH_s05,59,60,61.0,0.7606815099716187,-0.7559254846875251
TOKYOTECH_s05,59,61,61.03333333333333,0.3557925224304199,-0.7815546784705524
TOKYOTECH_s05,59,62,61.06666666666667,0.21124525368213654,-0.8016620837918106
TOKYOTECH_s05,59,63,61.1,0.263701856136322,-0.812013008298185
TOKYOTECH_s05,59,64,61.13333333333333,0.3353120982646942,-0.7957789032435792
TOKYOTECH_s05,59,65,61.166666666666664,0.32609590888023376,-0.7250072693593018
TOKYOTECH_s05,59,66,61.2,0.08880796283483505,-0.5697091932326556
TOKYOTECH_s05,59,67,61.233333333333334,-0.22772139310836792,-0.3125687942388017
TOKYOTECH_s05,59,68,61.266666666666666,-0.5289883613586426,0.03834247268538875
TOKYOTECH_s05,59,69,61.3,-0.7551011443138123,0.44707876923105466
TOKYOTECH_s05,59,70,61.333333333333336,-0.8597204685211182,0.8590539179390997
TOKYOTECH_s05,59,71,61.36666666666667,-0.9371097683906555,1.216037908886781
TOKYOTECH_s05,59,72,61.4,-1.0406427383422852,1.4697303753874111
TOKYOTECH_s05,59,73,61.43333333333333,-0.997624933719635,1.5902002286996226
TOKYOTECH_s05,59,74,61.46666666666667,-1.0077494382858276,1.56884722792208
TOKYOTECH_s05,59,75,61.5,-1.0492979288101196,1.4171056315605122
TOKYOTECH_s05,59,76,61.53333333333333,-1.131994366645813,1.1622939560773307
TOKYOTECH_s05,59,77,61.56666666666667,-1.0958775281906128,0.8414163488567745
TOKYOTECH_s05,59,78,61.6,-0.4880453646183014,0.49323125618200553
TOKYOTECH_s05,59,79,61.63333333333333,0.8582484722137451,0.14975398256423844
TOKYOTECH_s05,59,80,61.666666666666664,1.671303391456604,-0.16968831861562925
TOKYOTECH_s05,59,81,61.7,1.6116697788238525,-0.4585570862891622
TOKYOTECH_s05,59,82,61.733333333333334,1.2622559070587158,-0.7173787961284477
TOKYOTECH_s05,59,83,61.766666666666666,0.9530550241470337,-0.9461644052298017
TOKYOTECH_s05,59,84,61.8,0.7003355026245117,-1.139797732111921
TOKYOTECH_s05,59,85,61.833333333333336,0.3747146427631378,-1.288487127462232
TOKYOTECH_s05,59,86,61.86666666666667,0.11917240917682648,-1.3812795010631724
TOKYOTECH_s05,59,87,61.9,0.08373237401247025,-1.4085903111141473
TOKYOTECH_s05,59,88,61.93333333333333,0.21939291059970856,-1.3616120127662699
TOKYOTECH_s05,59,89,61.96666666666667,0.26492178440093994,-1.2306066676410925
TOKYOTECH_s05,59,90,62.0,0.11968887597322464,-1.0066824405342552
TOKYOTECH_s05,59,91,62.03333333333333,-0.16472184658050537,-0.6892666260982919
TOKYOTECH_s05,59,92,62.06666666666667,-0.5066914558410645,-0.29493658888777863
TOKYOTECH_s05,59,93,62.1,-0.7150841951370239,0.14020175512453473
TOKYOTECH_s05,59,94,62.13333333333333,-0.8080029487609863,0.5678397261642171
TOKYOTECH_s05,59,95,62.166666666666664,-0.9141716957092285,0.9403426173102428
TOKYOTECH_s05,59,96,62.2,-1.0491911172866821,1.2221531726583004
TOKYOTECH_s05,59,97,62.233333333333334,-0.9924959540367126,1.395144107745123
TOKYOTECH_s05,59,98,62.266666666666666,-0.9551592469215393,1.457767845799224
TOKYOTECH_s05,59,99,62.3,-1.0628684759140015,1.4208777351842445
TOKYOTECH_s05,59,100,62.333333333333336,-1.1052628755569458,1.3031062939238254
TOKYOTECH_s05,59,101,62.36666666666667,-1.1353691816329956,1.126843661648194
TOKYOTECH_s05,59,102,62.4,-0.635824978351593,0.9144072976168038
TOKYOTECH_s05,59,103,62.43333333333333,0.7364612221717834,0.684195391700348
TOKYOTECH_s05,59,104,62.46666666666667,1.5276732444763184,0.4479959452799788
TOKYOTECH_s05,59,105,62.5,1.3888516426086426,0.21095913703296984
TOKYOTECH_s05,59,106,62.53333333333333,1.0049149990081787,-0.026097203789762692
TOKYOTECH_s05,59,107,62.56666666666667,0.6090996861457825,-0.2640542499051991
TOKYOTECH_s05,59,108,62.6,0.2514670193195343,-0.5037854538430606
TOKYOTECH_s05,59,109,62.63333333333333,-0.1296023726463318,-0.7447826586145124
TOKYOTECH_s05,59,110,62.666666666666664,-0.33390793204307556,-0.9829278488856973
TOKYOTECH_s05,59,111,62.7,-0.1695391982793808,-1.2072709094985798
TOKYOTECH_s05,59,112,62.733333333333334,0.08582494407892227,-1.397324521554369
TOKYOTECH_s05,59,113,62.766666666666666,0.0983625203371048,-1.5233036739969907
TOKYOTECH_s05,59,114,62.8,-0.1667342633008957,-1.5510799980419891
TOKYOTECH_s05,59,115,62.833333333333336,-0.4206380546092987,-1.4516661216573543
TOKYOTECH_s05,59,116,62.86666666666667,-0.6156561970710754,-1.2126518477036776
TOKYOTECH_s05,59,117,62.9,-0.8822311162948608,-0.8469249312235608
TOKYOTECH_s05,59,118,62.93333333333333,-1.093045949935913,-0.39348303184567873
TOKYOTECH_s05,59,119,62.96666666666667,-1.1234370470046997,0.09173181842125777
TOKYOTECH_s05,59,120,63.0,-1.1367849111557007,0.5508216245179282
TOKYOTECH_s05,59,121,63.03333333333333,-1.2182258367538452,0.936931153777619
TOKYOTECH_s05,59,122,63.06666666666667,-1.1352088451385498,1.2203360420437857
TOKYOTECH_s05,59,123,63.1,-1.1120214462280273,1.3882603280571961
TOKYOTECH_s05,59,124,63.13333333333333,-1.1713345050811768,1.4417358968608465
TOKYOTECH_s05,59,125,63.166666666666664,-1.222001314163208,1.3921412851504917
TOKYOTECH_s05,59,126,63.2,-1.2525616884231567,1.2583028965358989
TOKYOTECH_s05,59,127,63.233333333333334,-1.1949849128723145,1.0637438327002704
TOKYOTECH_s05,59,128,63.266666666666666,-0.14635179936885834,0.833400342390426
TOKYOTECH_s05,59,129,63.3,1.316564679145813,0.5897481385984147
TOKYOTECH_s05,59,130,63.333333333333336,1.7126203775405884,0.349152997219916
TOKYOTECH_s05,59,131,63.36666666666667,1.3879344463348389,0.11964889865674834
TOKYOTECH_s05,59,132,63.4,0.9560914635658264,-0.09904016698088941
TOKYOTECH_s05,59,133,63.43333333333333,0.6179062724113464,-0.3130764009905529
TOKYOTECH_s05,59,134,63.46666666666667,0.3442789614200592,-0.5299467848764736
TOKYOTECH_s05,59,135,63.5,0.10219147056341171,-0.7524759971291699
TOKYOTECH_s05,59,136,63.53333333333333,0.011703627184033394,-0.9729480849480332
TOKYOTECH_s05,59,137,63.56666666666667,0.09275266528129578,-1.169785167784421
TOKYOTECH_s05,59,138,63.6,0.1404186189174652,-1.3094043906223238
TOKYOTECH_s05,59,139,63.63333333333333,0.04273591563105583,-1.3542998216042947
TOKYOTECH_s05,59,140,63.666666666666664,-0.12585356831550598,-1.2751575532181545
TOKYOTECH_s05,59,141,63.7,-0.3354038894176483,-1.0619618991954194
TOKYOTECH_s05,59,142,63.733333333333334,-0.5503414273262024,-0.7289179812616184
TOKYOTECH_s05,59,143,63.766666666666666,-0.7904521226882935,-0.311318997786991
TOKYOTECH_s05,59,144,63.8,-0.9845709204673767,0.14267478799196956
TOKYOTECH_s05,59,145,63.833333333333336,-1.0424859523773193,0.5805182921528882
TOKYOTECH_s05,59,146,63.86666666666667,-1.0865989923477173,0.9522629356996474
TOKYOTECH_s05,59,147,63.9,-1.1628841161727905,1.2175007923578736
TOKYOTECH_s05,59,148,63.93333333333333,-1.080348014831543,1.3525786652201386
TOKYOTECH_s05,59,149,63.96666666666667,-1.0324862003326416,1.355314064223509
TOKYOTECH_s05,59,150,64.0,-1.1215581893920898,1.2439397728436294
TOKYOTECH_s05,59,151,64.03333333333333,-1.1971131563186646,1.0497213878052003
TOKYOTECH_s05,59,152,64.06666666666666,-1.199357032775879,0.8064456150179353
TOKYOTECH_s05,59,153,64.1,-0.6514791250228882,0.5418916152078522
TOKYOTECH_s05,59,154,64.13333333333334,0.8014464974403381,0.2748387462697125
TOKYOTECH_s05,59,155,64.16666666666667,1.7721027135849,0.017212030849948472
TOKYOTECH_s05,59,156,64.2,1.554208755493164,-0.2224990122710433
TOKYOTECH_s05,59,157,64.23333333333333,1.0906745195388794,-0.43831882351113133
TOKYOTECH_s05,59,158,64.26666666666667,0.761990487575531,-0.6281884362983481
TOKYOTECH_s05,59,159,64.3,0.35492876172065735,-0.7941016103705452
TOKYOTECH_s05,59,160,64.33333333333333,0.030020248144865036,-0.9384064607889386
TOKYOTECH_s05,59,161,64.36666666666666,-0.11970943957567215,-1.0576806157300405
TOKYOTECH_s05,59,162,64.4,-0.08122405409812927,-1.1385637205602441
TOKYOTECH_s05,59,163,64.43333333333334,0.21761199831962585,-1.1594131159062238
TOKYOTECH_s05,59,164,64.46666666666667,0.21279464662075043,-1.0978322427699643
TOKYOTECH_s05,59,165,64.5,0.0460929237306118,-0.9400748866238128
TOKYOTECH_s05,59,166,64.53333333333333,-0.16471293568611145,-0.6873041555258302
TOKYOTECH_s05,59,167,64.56666666666666,-0.4553835391998291,-0.3563569430385932
TOKYOTECH_s05,59,168,64.6,-0.7088332176208496,0.02320267852449465
TOKYOTECH_s05,59,169,64.63333333333334,-0.8743239045143127,0.41270146396319896
TOKYOTECH_s05,59,170,64.66666666666667,-1.0013024806976318,0.7686733130323516
TOKYOTECH_s05,59,171,64.7,-0.9637877345085144,1.0500812460525568
TOKYOTECH_s05,59,172,64.73333333333333,-0.9669488072395325,1.2277450948635447
TOKYOTECH_s05,59,173,64.76666666666667,-0.9480623006820679,1.2913047648394809
TOKYOTECH_s05,59,174,64.8,-0.9146881699562073,1.2494783459026064
TOKYOTECH_s05,59,175,64.83333333333333,-0.9741882085800171,1.1236573297702936
TOKYOTECH_s05,59,176,64.86666666666666,-1.0713545083999634,0.9390825826086726
TOKYOTECH_s05,59,177,64.9,-0.5863780975341797,0.7186394112843649
TOKYOTECH_s05,59,178,64.93333333333334,0.73332679271698,0.4811045287866943
TOKYOTECH_s05,59,179,64.96666666666667,1.5542800426483154,0.24165415425417194
TOKYOTECH_s05,59,180,65.0,1.3940608501434326,0.011297510331473304
TOKYOTECH_s05,59,181,65.03333333333333,0.9428325891494751,-0.20559532528960614
TOKYOTECH_s05,59,182,65.06666666666666,0.522663414478302,-0.4126356175780319
TOKYOTECH_s05,59,183,65.1,0.10563752055168152,-0.6176125175172001
TOKYOTECH_s05,59,184,65.13333333333334,-0.29560062289237976,-0.8234247071855325
TOKYOTECH_s05,59,185,65.16666666666667,-0.45509859919548035,-1.0187997273326272
TOKYOTECH_s05,59,186,65.2,-0.16489103436470032,-1.1754485478286114
TOKYOTECH_s05,59,187,65.23333333333333,0.20157493650913239,-1.255090220111749
TOKYOTECH_s05,59,188,65.26666666666667,0.21007876098155975,-1.2238617758232402
TOKYOTECH_s05,59,189,65.3,-0.03495611622929573,-1.0669040724373944
TOKYOTECH_s05,59,190,65.33333333333333,-0.28150475025177,-0.7955895351485003
TOKYOTECH_s05,59,191,65.36666666666666,-0.4778941869735718,-0.4441747083051269
TOKYOTECH_s05,59,192,65.4,-0.8115469813346863,-0.05891068206397205
TOKYOTECH_s05,59,193,65.43333333333334,-0.9448300004005432,0.3137690666447323
TOKYOTECH_s05,59,194,65.46666666666667,-1.006529450416565,0.6350197374414723
TOKYOTECH_s05,59,195,65.5,-1.0479623079299927,0.8766852524478849
TOKYOTECH_s05,59,196,65.53333333333333,-0.9700120091438293,1.021996590861275
TOKYOTECH_s05,59,197,65.56666666666666,-0.9515261650085449,1.0660576390059782
TOKYOTECH_s05,59,198,65.6,-0.8998086452484131,1.0162258242589397
TOKYOTECH_s05,59,199,65.63333333333334,-0.8878855109214783,0.8908434743305502
TOKYOTECH_s05,59,200,65.66666666666667,-0.7824291586875916,0.7152957518277212
TOKYOTECH_s05,59,201,65.7,0.4400649964809418,0.5162861881605801
TOKYOTECH_s05,59,202,65.73333333333333,1.710314154624939,0.3165814148575773
TOKYOTECH_s05,59,203,65.76666666666667,1.8510323762893677,0.13197627441558382
TOKYOTECH_s05,59,204,65.8,1.485341191291809,-0.029747933249798693
TOKYOTECH_s05,59,205,65.83333333333333,1.0715832710266113,-0.16912976410555125
TOKYOTECH_s05,59,206,65.86666666666666,0.6378079056739807,-0.294497749984172
TOKYOTECH_s05,59,207,65.9,0.2828555107116699,-0.4189039105366557
TOKYOTECH_s05,59,208,65.93333333333334,-0.005847203079611063,-0.5535455060518617
TOKYOTECH_s05,59,209,65.96666666666667,-0.008607607334852219,-0.6993673184454593
TOKYOTECH_s05,59,210,66.0,0.24577702581882477,-0.8409656934388667
TOKYOTECH_s05,59,211,66.03333333333333,0.4258355498313904,-0.9470282560846274
TOKYOTECH_s05,59,212,66.06666666666666,0.33437711000442505,-0.9786826294741597
TOKYOTECH_s05,59,213,66.1,0.13090857863426208,-0.9028802666443212
TOKYOTECH_s05,59,214,66.13333333333334,-0.13947749137878418,-0.7049700728603696
TOKYOTECH_s05,59,215,66.16666666666667,-0.4689006209373474,-0.39506923576052366
TOKYOTECH_s05,59,216,66.2,-0.7292423844337463,-0.006596334994502045
TOKYOTECH_s05,59,217,66.23333333333333,-0.8210480809211731,0.41092519827227625
TOKYOTECH_s05,59,218,66.26666666666667,-0.8178780674934387,0.8017923096700535
TOKYOTECH_s05,59,219,66.3,-0.8513769507408142,1.114663045623112
TOKYOTECH_s05,59,220,66.33333333333333,-0.8643953800201416,1.3120354960256693
TOKYOTECH_s05,59,221,66.36666666666666,-0.8176198601722717,1.376736401794582
TOKYOTECH_s05,59,222,66.4,-0.7906836271286011,1.3135328884177706
TOKYOTECH_s05,59,223,66.43333333333334,-0.8712696433067322,1.1451472478157951
TOKYOTECH_s05,59,224,66.46666666666667,-0.8599430918693542,0.904145924110262
TOKYOTECH_s05,59,225,66.5,0.05343916267156601,0.6239454239715717
TOKYOTECH_s05,59,226,66.53333333333333,1.4422342777252197,0.33215951951642597
TOKYOTECH_s05,59,227,66.56666666666666,1.9211734533309937,0.0478376765003723
TOKYOTECH_s05,59,228,66.6,1.6549991369247437,-0.21799291483628677
TOKYOTECH_s05,59,229,66.63333333333334,1.2741880416870117,-0.4602374787307432
TOKYOTECH_s05,59,230,66.66666666666667,0.9499473571777344,-0.6773892141075507
TOKYOTECH_s05,59,231,66.7,0.6438897252082825,-0.8689436740222652
TOKYOTECH_s05,59,232,66.73333333333333,0.35118886828422546,-1.031943500126402
TOKYOTECH_s05,59,233,66.76666666666667,0.24758465588092804,-1.157035607081208
TOKYOTECH_s05,59,234,66.8,0.35890910029411316,-1.226524426642611
TOKYOTECH_s05,59,235,66.83333333333333,0.47836336493492126,-1.2174879394967124
TOKYOTECH_s05,59,236,66.86666666666666,0.4717206060886383,-1.1103946312923332
TOKYOTECH_s05,59,237,66.9,0.2762572467327118,-0.8996880985741785
TOKYOTECH_s05,59,238,66.93333333333334,-0.0439140722155571,-0.600728014755857
TOKYOTECH_s05,59,239,66.96666666666667,-0.3742988705635071,-0.24911464326440005
TOKYOTECH_s05,60,0,60.0,-0.5267800688743591,-0.09792461412382839
TOKYOTECH_s05,60,1,60.03333333333333,0.6968449354171753,-1.5398043419982899
TOKYOTECH_s05,60,2,60.06666666666667,1.6013048887252808,-2.752663235307546
TOKYOTECH_s05,60,3,60.1,1.6662989854812622,-3.567012883432855
TOKYOTECH_s05,60,4,60.13333333333333,1.411415696144104,-3.9101708985139325
TOKYOTECH_s05,60,5,60.166666666666664,1.1161949634552002,-3.813058923499089
TOKYOTECH_s05,60,6,60.2,0.726781964302063,-3.384728167773529
TOKYOTECH_s05,60,7,60.233333333333334,0.29558005928993225,-2.770653587046815
TOKYOTECH_s05,60,8,60.266666666666666,0.009112408384680748,-2.1115388007009055
TOKYOTECH_s05,60,9,60.3,0.05293160676956177,-1.5115384777010594
TOKYOTECH_s05,60,10,60.333333333333336,0.3062388002872467,-1.0207672212020478
TOKYOTECH_s05,60,11,60.36666666666667,0.3755427598953247,-0.635788273126409
TOKYOTECH_s05,60,12,60.4,0.19451364874839783,-0.3176328444606749
TOKYOTECH_s05,60,13,60.43333333333333,-0.06415407359600067,-0.019775503330972166
TOKYOTECH_s05,60,14,60.46666666666667,-0.3666588068008423,0.2870472687601347
TOKYOTECH_s05,60,15,60.5,-0.6862602233886719,0.6044345759853472
TOKYOTECH_s05,60,16,60.53333333333333,-0.8958906531333923,0.9115812415376444
TOKYOTECH_s05,60,17,60.56666666666667,-0.9293360710144043,1.1779720412907997
TOKYOTECH_s05,60,18,60.6,-0.9310635924339294,1.374428275765051
TOKYOTECH_s05,60,19,60.63333333333333,-1.0151668787002563,1.478868285884217
TOKYOTECH_s05,60,20,60.666666666666664,-1.005754828453064,1.478279956090484
TOKYOTECH_s05,60,21,60.7,-1.0030299425125122,1.370061000731209
TOKYOTECH_s05,60,22,60.733333333333334,-1.1162244081497192,1.1642403873803655
TOKYOTECH_s05,60,23,60.766666666666666,-0.9471184611320496,0.8851862245744421
TOKYOTECH_s05,60,24,60.8,0.0763327106833458,0.5697804871507487
TOKYOTECH_s05,60,25,60.833333333333336,1.4311037063598633,0.26028324838655525
TOKYOTECH_s05,60,26,60.86666666666667,1.9057596921920776,-0.006326321613241726
TOKYOTECH_s05,60,27,60.9,1.654571771621704,-0.20787702469581018
TOKYOTECH_s05,60,28,60.93333333333333,1.2657999992370605,-0.3411538402379694
TOKYOTECH_s05,60,29,60.96666666666667,1.0130715370178223,-0.4194825496177009
TOKYOTECH_s05,60,30,61.0,0.7606815099716187,-0.46577237895957885
TOKYOTECH_s05,60,31,61.03333333333333,0.3557925224304199,-0.5040118874468462
TOKYOTECH_s05,60,32,61.06666666666667,0.21124525368213654,-0.5507441166019427
TOKYOTECH_s05,60,33,61.1,0.263701856136322,-0.60721599277028
TOKYOTECH_s05,60,34,61.13333333333333,0.3353120982646942,-0.6547464502499013
TOKYOTECH_s05,60,35,61.166666666666664,0.32609590888023376,-0.6575548670602479
TOKYOTECH_s05,60,36,61.2,0.08880796283483505,-0.5752215115154862
TOKYOTECH_s05,60,37,61.233333333333334,-0.22772139310836792,-0.3812543272596981
TOKYOTECH_s05,60,38,61.266666666666666,-0.5289883613586426,-0.07862343340643307
TOKYOTECH_s05,60,39,61.3,-0.7551011443138123,0.29681310528903415
TOKYOTECH_s05,60,40,61.333333333333336,-0.8597204685211182,0.686646797154233
TOKYOTECH_s05,60,41,61.36666666666667,-0.9371097683906555,1.027456333850504
TOKYOTECH_s05,60,42,61.4,-1.0406427383422852,1.2669146416682497
TOKYOTECH_s05,60,43,61.43333333333333,-0.997624933719635,1.3732672347544614
TOKYOTECH_s05,60,44,61.46666666666667,-1.0077494382858276,1.3375675879638678
TOKYOTECH_s05,60,45,61.5,-1.0492979288101196,1.1709945104523156
TOKYOTECH_s05,60,46,61.53333333333333,-1.131994366645813,0.9000306789786771
TOKYOTECH_s05,60,47,61.56666666666667,-1.0958775281906128,0.5608958437076094
TOKYOTECH_s05,60,48,61.6,-0.4880453646183014,0.1930701232177827
TOKYOTECH_s05,60,49,61.63333333333333,0.8582484722137451,-0.16810207663789353
TOKYOTECH_s05,60,50,61.666666666666664,1.671303391456604,-0.4977199641125412
TOKYOTECH_s05,60,51,61.7,1.6116697788238525,-0.7834582941537973
TOKYOTECH_s05,60,52,61.733333333333334,1.2622559070587158,-1.022448362681857
TOKYOTECH_s05,60,53,61.766666666666666,0.9530550241470337,-1.215096195237236
TOKYOTECH_s05,60,54,61.8,0.7003355026245117,-1.359537364244745
TOKYOTECH_s05,60,55,61.833333333333336,0.3747146427631378,-1.4493459481318185
TOKYOTECH_s05,60,56,61.86666666666667,0.11917240917682648,-1.4745638727393395
TOKYOTECH_s05,60,57,61.9,0.08373237401247025,-1.4242325722235278
TOKYOTECH_s05,60,58,61.93333333333333,0.21939291059970856,-1.2888401387078083
TOKYOTECH_s05,60,59,61.96666666666667,0.26492178440093994,-1.0628011629012173
TOKYOTECH_s05,60,60,62.0,0.11968887597322464,-0.7482648636963816
TOKYOTECH_s05,60,61,62.03333333333333,-0.16472184658050537,-0.36014091845886304
TOKYOTECH_s05,60,62,62.06666666666667,-0.5066914558410645,0.07119286231116072
TOKYOTECH_s05,60,63,62.1,-0.7150841951370239,0.5037263655930283
TOKYOTECH_s05,60,64,62.13333333333333,-0.8080029487609863,0.8937583175067978
TOKYOTECH_s05,60,65,62.166666666666664,-0.9141716957092285,1.2065000867041258
TOKYOTECH_s05,60,66,62.2,-1.0491911172866821,1.422041275704135
TOKYOTECH_s05,60,67,62.233333333333334,-0.9924959540367126,1.5352524362754572
TOKYOTECH_s05,60,68,62.266666666666666,-0.9551592469215393,1.5516253560551347
TOKYOTECH_s05,60,69,62.3,-1.0628684759140015,1.4822516489634532
TOKYOTECH_s05,60,70,62.333333333333336,-1.1052628755569458,1.3403297645608712
TOKYOTECH_s05,60,71,62.36666666666667,-1.1353691816329956,1.1397302407065553
TOKYOTECH_s05,60,72,62.4,-0.635824978351593,0.8945603178103879
TOKYOTECH_s05,60,73,62.43333333333333,0.7364612221717834,0.6185745169692708
TOKYOTECH_s05,60,74,62.46666666666667,1.5276732444763184,0.32458921463418694
TOKYOTECH_s05,60,75,62.5,1.3888516426086426,0.024702311192358835
TOKYOTECH_s05,60,76,62.53333333333333,1.0049149990081787,-0.2691203422373701
TOKYOTECH_s05,60,77,62.56666666666667,0.6090996861457825,-0.5455455952418118
TOKYOTECH_s05,60,78,62.6,0.2514670193195343,-0.7956962941720189
TOKYOTECH_s05,60,79,62.63333333333333,-0.1296023726463318,-1.0145583413416208
TOKYOTECH_s05,60,80,62.666666666666664,-0.33390793204307556,-1.1998956583376281
TOKYOTECH_s05,60,81,62.7,-0.1695391982793808,-1.3482295378472742
TOKYOTECH_s05,60,82,62.733333333333334,0.08582494407892227,-1.4498212989316632
TOKYOTECH_s05,60,83,62.766666666666666,0.0983625203371048,-1.4860805484758108
TOKYOTECH_s05,60,84,62.8,-0.1667342633008957,-1.4322759463080434
TOKYOTECH_s05,60,85,62.833333333333336,-0.4206380546092987,-1.2660162352643152
TOKYOTECH_s05,60,86,62.86666666666667,-0.6156561970710754,-0.9787861498470096
TOKYOTECH_s05,60,87,62.9,-0.8822311162948608,-0.5852232520819626
TOKYOTECH_s05,60,88,62.93333333333333,-1.093045949935913,-0.12444188549618923
TOKYOTECH_s05,60,89,62.96666666666667,-1.1234370470046997,0.3487545073688531
TOKYOTECH_s05,60,90,63.0,-1.1367849111557007,0.7785450927762011
TOKYOTECH_s05,60,91,63.03333333333333,-1.2182258367538452,1.1207940184263285
TOKYOTECH_s05,60,92,63.06666666666667,-1.1352088451385498,1.348841761082402
TOKYOTECH_s05,60,93,63.1,-1.1120214462280273,1.4531191244362693
TOKYOTECH_s05,60,94,63.13333333333333,-1.1713345050811768,1.4382042816116871
TOKYOTECH_s05,60,95,63.166666666666664,-1.222001314163208,1.3201159611651068
TOKYOTECH_s05,60,96,63.2,-1.2525616884231567,1.1241654996042374
TOKYOTECH_s05,60,97,63.233333333333334,-1.1949849128723145,0.8818229847754576
TOKYOTECH_s05,60,98,63.266666666666666,-0.14635179936885834,0.6251716529154221
TOKYOTECH_s05,60,99,63.3,1.316564679145813,0.3795109896833794
TOKYOTECH_s05,60,100,63.333333333333336,1.7126203775405884,0.1570420571509615
TOKYOTECH_s05,60,101,63.36666666666667,1.3879344463348389,-0.04484799421491589
TOKYOTECH_s05,60,102,63.4,0.9560914635658264,-0.2393286124272153
TOKYOTECH_s05,60,103,63.43333333333333,0.6179062724113464,-0.4416129244323244
TOKYOTECH_s05,60,104,63.46666666666667,0.3442789614200592,-0.659629873627049
TOKYOTECH_s05,60,105,63.5,0.10219147056341171,-0.8871890690920026
TOKYOTECH_s05,60,106,63.53333333333333,0.011703627184033394,-1.1017208325776615
TOKYOTECH_s05,60,107,63.56666666666667,0.09275266528129578,-1.2673458710959205
TOKYOTECH_s05,60,108,63.6,0.1404186189174652,-1.3430336167392403
TOKYOTECH_s05,60,109,63.63333333333333,0.04273591563105583,-1.2943632724722394
TOKYOTECH_s05,60,110,63.666666666666664,-0.12585356831550598,-1.1055722815578082
TOKYOTECH_s05,60,111,63.7,-0.3354038894176483,-0.7872341382682361
TOKYOTECH_s05,60,112,63.733333333333334,-0.5503414273262024,-0.37563963648538023
TOKYOTECH_s05,60,113,63.766666666666666,-0.7904521226882935,0.07636081636814077
TOKYOTECH_s05,60,114,63.8,-0.9845709204673767,0.5122618339355283
TOKYOTECH_s05,60,115,63.833333333333336,-1.0424859523773193,0.8822293948450061
TOKYOTECH_s05,60,116,63.86666666666667,-1.0865989923477173,1.148694820275122
TOKYOTECH_s05,60,117,63.9,-1.1628841161727905,1.2896131354352756
TOKYOTECH_s05,60,118,63.93333333333333,-1.080348014831543,1.301335220257443
TOKYOTECH_s05,60,119,63.96666666666667,-1.0324862003326416,1.1996186214417373
TOKYOTECH_s05,60,120,64.0,-1.1215581893920898,1.015747464012148
TOKYOTECH_s05,60,121,64.03333333333333,-1.1971131563186646,0.7869641371410862
TOKYOTECH_s05,60,122,64.06666666666666,-1.199357032775879,0.5448608373886386
TOKYOTECH_s05,60,123,64.1,-0.6514791250228882,0.30786144895438433
TOKYOTECH_s05,60,124,64.13333333333334,0.8014464974403381,0.08155662578712342
TOKYOTECH_s05,60,125,64.16666666666667,1.7721027135849,-0.13473167908023712
TOKYOTECH_s05,60,126,64.2,1.554208755493164,-0.3408989890460887
TOKYOTECH_s05,60,127,64.23333333333333,1.0906745195388794,-0.5336070005214635
TOKYOTECH_s05,60,128,64.26666666666667,0.761990487575531,-0.7082961091716602
TOKYOTECH_s05,60,129,64.3,0.35492876172065735,-0.8611458617952141
TOKYOTECH_s05,60,130,64.33333333333333,0.030020248144865036,-0.9875118459862577
TOKYOTECH_s05,60,131,64.36666666666666,-0.11970943957567215,-1.0779126712270364
TOKYOTECH_s05,60,132,64.4,-0.08122405409812927,-1.1159329717281763
TOKYOTECH_s05,60,133,64.43333333333334,0.21761199831962585,-1.0816633736856645
TOKYOTECH_s05,60,134,64.46666666666667,0.21279464662075043,-0.9599789782053006
TOKYOTECH_s05,60,135,64.5,0.0460929237306118,-0.7487664465463402
TOKYOTECH_s05,60,136,64.53333333333333,-0.16471293568611145,-0.4618360004624765
TOKYOTECH_s05,60,137,64.56666666666666,-0.4553835391998291,-0.12511311912389744
TOKYOTECH_s05,60,138,64.6,-0.7088332176208496,0.23015547872426215
TOKYOTECH_s05,60,139,64.63333333333334,-0.8743239045143127,0.5721089720019047
TOKYOTECH_s05,60,140,64.66666666666667,-1.0013024806976318,0.8700367770596128
TOKYOTECH_s05,60,141,64.7,-0.9637877345085144,1.0964325276284637
TOKYOTECH_s05,60,142,64.73333333333333,-0.9669488072395325,1.2312667031049438
TOKYOTECH_s05,60,143,64.76666666666667,-0.9480623006820679,1.266509021536627
TOKYOTECH_s05,60,144,64.8,-0.9146881699562073,1.2075710436968659
TOKYOTECH_s05,60,145,64.83333333333333,-0.9741882085800171,1.0702928349430048
TOKYOTECH_s05,60,146,64.86666666666666,-1.0713545083999634,0.8751788352353208
TOKYOTECH_s05,60,147,64.9,-0.5863780975341797,0.6422537247664202
TOKYOTECH_s05,60,148,64.93333333333334,0.73332679271698,0.3888593006093732
TOKYOTECH_s05,60,149,64.96666666666667,1.5542800426483154,0.1299880374569624
TOKYOTECH_s05,60,150,65.0,1.3940608501434326,-0.12133173898413653
TOKYOTECH_s05,60,151,65.03333333333333,0.9428325891494751,-0.3554736287811296
TOKYOTECH_s05,60,152,65.06666666666666,0.522663414478302,-0.5682551447745327
TOKYOTECH_s05,60,153,65.1,0.10563752055168152,-0.7603266187429497
TOKYOTECH_s05,60,154,65.13333333333334,-0.29560062289237976,-0.9324343833799855
TOKYOTECH_s05,60,155,65.16666666666667,-0.45509859919548035,-1.0788881646088804
TOKYOTECH_s05,60,156,65.2,-0.16489103436470032,-1.183799312026326
TOKYOTECH_s05,60,157,65.23333333333333,0.20157493650913239,-1.2234889675380938
TOKYOTECH_s05,60,158,65.26666666666667,0.21007876098155975,-1.1745632379431068
TOKYOTECH_s05,60,159,65.3,-0.03495611622929573,-1.0234983181551558
TOKYOTECH_s05,60,160,65.33333333333333,-0.28150475025177,-0.7729194010556424
TOKYOTECH_s05,60,161,65.36666666666666,-0.4778941869735718,-0.44215312254984107
TOKYOTECH_s05,60,162,65.4,-0.8115469813346863,-0.06310943399258201
TOKYOTECH_s05,60,163,65.43333333333334,-0.9448300004005432,0.3255112325402083
TOKYOTECH_s05,60,164,65.46666666666667,-1.006529450416565,0.6835273393023692
TOKYOTECH_s05,60,165,65.5,-1.0479623079299927,0.9739756214832102
TOKYOTECH_s05,60,166,65.53333333333333,-0.9700120091438293,1.1679961106198757
TOKYOTECH_s05,60,167,65.56666666666666,-0.9515261650085449,1.2498414039979837
TOKYOTECH_s05,60,168,65.6,-0.8998086452484131,1.220274578375296
TOKYOTECH_s05,60,169,65.63333333333334,-0.8878855109214783,1.0960410094208193
TOKYOTECH_s05,60,170,65.66666666666667,-0.7824291586875916,0.9047211279320291
TOKYOTECH_s05,60,171,65.7,0.4400649964809418,0.6769423969132564
TOKYOTECH_s05,60,172,65.73333333333333,1.710314154624939,0.4395026823677186
TOKYOTECH_s05,60,173,65.76666666666667,1.8510323762893677,0.21197008759116856
TOKYOTECH_s05,60,174,65.8,1.485341191291809,0.00633231311854431
TOKYOTECH_s05,60,175,65.83333333333333,1.0715832710266113,-0.17260542659205927
TOKYOTECH_s05,60,176,65.86666666666666,0.6378079056739807,-0.3270690199297473
TOKYOTECH_s05,60,177,65.9,0.2828555107116699,-0.46510007037876006
TOKYOTECH_s05,60,178,65.93333333333334,-0.005847203079611063,-0.5966823153928404
TOKYOTECH_s05,60,179,65.96666666666667,-0.008607607334852219,-0.7274779952996875
TOKYOTECH_s05,60,180,66.0,0.24577702581882477,-0.8527082421874217
TOKYOTECH_s05,60,181,66.03333333333333,0.4258355498313904,-0.9545657145950561
TOKYOTECH_s05,60,182,66.06666666666666,0.33437711000442505,-1.005183673390384
TOKYOTECH_s05,60,183,66.1,0.13090857863426208,-0.9745109625168197
TOKYOTECH_s05,60,184,66.13333333333334,-0.13947749137878418,-0.840180692228067
TOKYOTECH_s05,60,185,66.16666666666667,-0.4689006209373474,-0.5959655364892157
TOKYOTECH_s05,60,186,66.2,-0.7292423844337463,-0.256699950237491
TOKYOTECH_s05,60,187,66.23333333333333,-0.8210480809211731,0.1411589396763794
TOKYOTECH_s05,60,188,66.26666666666667,-0.8178780674934387,0.5440461283410342
TOKYOTECH_s05,60,189,66.3,-0.8513769507408142,0.8911797810359988
TOKYOTECH_s05,60,190,66.33333333333333,-0.8643953800201416,1.1280511223469005
TOKYOTECH_s05,60,191,66.36666666666666,-0.8176198601722717,1.2194884505509291
TOKYOTECH_s05,60,192,66.4,-0.7906836271286011,1.1579110682560914
TOKYOTECH_s05,60,193,66.43333333333334,-0.8712696433067322,0.9639487206125491
TOKYOTECH_s05,60,194,66.46666666666667,-0.8599430918693542,0.679142402520075
TOKYOTECH_s05,60,195,66.5,0.05343916267156601,0.35340373250903506
TOKYOTECH_s05,60,196,66.53333333333333,1.4422342777252197,0.03229339310468445
TOKYOTECH_s05,60,197,66.56666666666666,1.9211734533309937,-0.2510853482457523
TOKYOTECH_s05,60,198,66.6,1.6549991369247437,-0.47820968891691196
TOKYOTECH_s05,60,199,66.63333333333334,1.2741880416870117,-0.6433617853901978
TOKYOTECH_s05,60,200,66.66666666666667,0.9499473571777344,-0.7504974580001585
TOKYOTECH_s05,60,201,66.7,0.6438897252082825,-0.8095573257532186
TOKYOTECH_s05,60,202,66.73333333333333,0.35118886828422546,-0.8316689837638689
TOKYOTECH_s05,60,203,66.76666666666667,0.24758465588092804,-0.8234078742174681
TOKYOTECH_s05,60,204,66.8,0.35890910029411316,-0.7825890596327065
TOKYOTECH_s05,60,205,66.83333333333333,0.47836336493492126,-0.6990076958195762
TOKYOTECH_s05,60,206,66.86666666666666,0.4717206060886383,-0.5610382593403292
TOKYOTECH_s05,60,207,66.9,0.2762572467327118,-0.36481017871985294
TOKYOTECH_s05,60,208,66.93333333333334,-0.0439140722155571,-0.12030098068941904
TOKYOTECH_s05,60,209,66.96666666666667,-0.3742988705635071,0.1495119973937479
TOKYOTECH_s05,60,210,67.0,-0.6290931105613708,0.41515745057205994
TOKYOTECH_s05,60,211,67.03333333333333,-0.7336145043373108,0.6479091668169169
TOKYOTECH_s05,60,212,67.06666666666666,-0.7269984483718872,0.8242250743529921
TOKYOTECH_s05,60,213,67.1,-0.7611918449401855,0.9276982622973258
TOKYOTECH_s05,60,214,67.13333333333334,-0.8059638142585754,0.9507290726182286
TOKYOTECH_s05,60,215,67.16666666666667,-0.8261949419975281,0.8968288802647791
TOKYOTECH_s05,60,216,67.2,-0.7577992081642151,0.7816756211043535
TOKYOTECH_s05,60,217,67.23333333333333,-0.7866677045822144,0.6299830386580216
TOKYOTECH_s05,60,218,67.26666666666667,-0.9776520729064941,0.4677138258021915
TOKYOTECH_s05,60,219,67.3,-0.7294293642044067,0.31314402247579287
TOKYOTECH_s05,60,220,67.33333333333333,0.5910056829452515,0.17222300470195423
TOKYOTECH_s05,60,221,67.36666666666666,1.7670538425445557,0.04142367176746004
TOKYOTECH_s05,60,222,67.4,1.876481533050537,-0.08413197714794617
TOKYOTECH_s05,60,223,67.43333333333334,1.5377709865570068,-0.20330994645696482
TOKYOTECH_s05,60,224,67.46666666666667,1.1355979442596436,-0.30708732951456424
TOKYOTECH_s05,60,225,67.5,0.7979469895362854,-0.3825269982288463
TOKYOTECH_s05,60,226,67.53333333333333,0.48164916038513184,-0.41956514006643175
TOKYOTECH_s05,60,227,67.56666666666666,0.21791476011276245,-0.4166005875960902
TOKYOTECH_s05,60,228,67.6,0.19141486287117004,-0.3820087860462656
TOKYOTECH_s05,60,229,67.63333333333334,0.4088100790977478,-0.33121781158807384
TOKYOTECH_s05,60,230,67.66666666666667,0.5517367124557495,-0.2815225628430983
TOKYOTECH_s05,60,231,67.7,0.40004801750183105,-0.247336299361188
TOKYOTECH_s05,60,232,67.73333333333333,0.09960915893316269,-0.23670063117566326
TOKYOTECH_s05,60,233,67.76666666666667,-0.19389308989048004,-0.24854328793356129
TOKYOTECH_s05,60,234,67.8,-0.39454779028892517,-0.27147530105027756
TOKYOTECH_s05,60,235,67.83333333333333,-0.4891138970851898,-0.28629517707911567
TOKYOTECH_s05,60,236,67.86666666666666,-0.5281869769096375,-0.2728869678163167
TOKYOTECH_s05,60,237,67.9,-0.6408203840255737,-0.2190325054857537
TOKYOTECH_s05,60,238,67.93333333333334,-0.7123593688011169,-0.12674923146158174
TOKYOTECH_s05,60,239,67.96666666666667,-0.6818435788154602,-0.012739011265220982
TOKYOTECH_s05,61,0,61.0,0.7606815099716187,0.029944876106299197
TOKYOTECH_s05,61,1,61.03333333333333,0.3557925224304199,-1.4023365095292901
TOKYOTECH_s05,61,2,61.06666666666667,0.21124525368213654,-2.62185554090166
TOKYOTECH_s05,61,3,61.1,0.263701856136322,-3.464202207722401
TOKYOTECH_s05,61,4,61.13333333333333,0.3353120982646942,-3.8470004003834353
TOKYOTECH_s05,61,5,61.166666666666664,0.32609590888023376,-3.779238814174257
TOKYOTECH_s05,61,6,61.2,0.08880796283483505,-3.3442376530156275
TOKYOTECH_s05,61,7,61.233333333333334,-0.22772139310836792,-2.6677629842842263
TOKYOTECH_s05,61,8,61.266666666666666,-0.5289883613586426,-1.884461438188603
TOKYOTECH_s05,61,9,61.3,-0.7551011443138123,-1.1102943275051573
TOKYOTECH_s05,61,10,61.333333333333336,-0.8597204685211182,-0.4252149215252715
TOKYOTECH_s05,61,11,61.36666666666667,-0.9371097683906555,0.13131612092438377
TOKYOTECH_s05,61,12,61.4,-1.0406427383422852,0.5527894228834985
TOKYOTECH_s05,61,13,61.43333333333333,-0.997624933719635,0.8510875389744792
TOKYOTECH_s05,61,14,61.46666666666667,-1.0077494382858276,1.042019480474965
TOKYOTECH_s05,61,15,61.5,-1.0492979288101196,1.1368209705030419
TOKYOTECH_s05,61,16,61.53333333333333,-1.131994366645813,1.1415652328131802
TOKYOTECH_s05,61,17,61.56666666666667,-1.0958775281906128,1.0620286109230064
TOKYOTECH_s05,61,18,61.6,-0.4880453646183014,0.9091167534593637
TOKYOTECH_s05,61,19,61.63333333333333,0.8582484722137451,0.7007454184153676
TOKYOTECH_s05,61,20,61.666666666666664,1.671303391456604,0.45938647444554154
TOKYOTECH_s05,61,21,61.7,1.6116697788238525,0.20756677620210437
TOKYOTECH_s05,61,22,61.733333333333334,1.2622559070587158,-0.035840335046607816
TOKYOTECH_s05,61,23,61.766666666666666,0.9530550241470337,-0.257150622675533
TOKYOTECH_s05,61,24,61.8,0.7003355026245117,-0.4474846799619672
TOKYOTECH_s05,61,25,61.833333333333336,0.3747146427631378,-0.6013187483778715
TOKYOTECH_s05,61,26,61.86666666666667,0.11917240917682648,-0.714350985756342
TOKYOTECH_s05,61,27,61.9,0.08373237401247025,-0.7806476709432534
TOKYOTECH_s05,61,28,61.93333333333333,0.21939291059970856,-0.7897390401736957
TOKYOTECH_s05,61,29,61.96666666666667,0.26492178440093994,-0.7259313733684949
TOKYOTECH_s05,61,30,62.0,0.11968887597322464,-0.5728882984584879
TOKYOTECH_s05,61,31,62.03333333333333,-0.16472184658050537,-0.3238457645102914
TOKYOTECH_s05,61,32,62.06666666666667,-0.5066914558410645,0.007930413315886026
TOKYOTECH_s05,61,33,62.1,-0.7150841951370239,0.38640160692330394
TOKYOTECH_s05,61,34,62.13333333333333,-0.8080029487609863,0.7608011608340394
TOKYOTECH_s05,61,35,62.166666666666664,-0.9141716957092285,1.080081416492667
TOKYOTECH_s05,61,36,62.2,-1.0491911172866821,1.3062259827629141
TOKYOTECH_s05,61,37,62.233333333333334,-0.9924959540367126,1.4210190407518315
TOKYOTECH_s05,61,38,62.266666666666666,-0.9551592469215393,1.4253660964493993
TOKYOTECH_s05,61,39,62.3,-1.0628684759140015,1.3338569546329293
TOKYOTECH_s05,61,40,62.333333333333336,-1.1052628755569458,1.16808990140419
TOKYOTECH_s05,61,41,62.36666666666667,-1.1353691816329956,0.9510202377285569
TOKYOTECH_s05,61,42,62.4,-0.635824978351593,0.7030591263516658
TOKYOTECH_s05,61,43,62.43333333333333,0.7364612221717834,0.4399620481881774
TOKYOTECH_s05,61,44,62.46666666666667,1.5276732444763184,0.17264419949819576
TOKYOTECH_s05,61,45,62.5,1.3888516426086426,-0.09129554054811331
TOKYOTECH_s05,61,46,62.53333333333333,1.0049149990081787,-0.34583047612162193
TOKYOTECH_s05,61,47,62.56666666666667,0.6090996861457825,-0.5863108223608572
TOKYOTECH_s05,61,48,62.6,0.2514670193195343,-0.8106179974632756
TOKYOTECH_s05,61,49,62.63333333333333,-0.1296023726463318,-1.0194119592911006
TOKYOTECH_s05,61,50,62.666666666666664,-0.33390793204307556,-1.2135299235774637
TOKYOTECH_s05,61,51,62.7,-0.1695391982793808,-1.388774253015087
TOKYOTECH_s05,61,52,62.733333333333334,0.08582494407892227,-1.5305054050380285
TOKYOTECH_s05,61,53,62.766666666666666,0.0983625203371048,-1.6115383149018474
TOKYOTECH_s05,61,54,62.8,-0.1667342633008957,-1.5963154484109485
TOKYOTECH_s05,61,55,62.833333333333336,-0.4206380546092987,-1.451893175490985
TOKYOTECH_s05,61,56,62.86666666666667,-0.6156561970710754,-1.1625079766780801
TOKYOTECH_s05,61,57,62.9,-0.8822311162948608,-0.74126058258324
TOKYOTECH_s05,61,58,62.93333333333333,-1.093045949935913,-0.23211798480360415
TOKYOTECH_s05,61,59,62.96666666666667,-1.1234370470046997,0.30034047062764285
TOKYOTECH_s05,61,60,63.0,-1.1367849111557007,0.7887240748679846
TOKYOTECH_s05,61,61,63.03333333333333,-1.2182258367538452,1.179144199051949
TOKYOTECH_s05,61,62,63.06666666666667,-1.1352088451385498,1.4396937906137133
TOKYOTECH_s05,61,63,63.1,-1.1120214462280273,1.560798528623114
TOKYOTECH_s05,61,64,63.13333333333333,-1.1713345050811768,1.5508887684544757
TOKYOTECH_s05,61,65,63.166666666666664,-1.222001314163208,1.4309617305587006
TOKYOTECH_s05,61,66,63.2,-1.2525616884231567,1.2297237738801912
TOKYOTECH_s05,61,67,63.233333333333334,-1.1949849128723145,0.9790946775755444
TOKYOTECH_s05,61,68,63.266666666666666,-0.14635179936885834,0.7092947476766006
TOKYOTECH_s05,61,69,63.3,1.316564679145813,0.4436825306883294
TOKYOTECH_s05,61,70,63.333333333333336,1.7126203775405884,0.19497262862485218
TOKYOTECH_s05,61,71,63.36666666666667,1.3879344463348389,-0.035194207270567025
TOKYOTECH_s05,61,72,63.4,0.9560914635658264,-0.2528473848150781
TOKYOTECH_s05,61,73,63.43333333333333,0.6179062724113464,-0.46589107738225227
TOKYOTECH_s05,61,74,63.46666666666667,0.3442789614200592,-0.6780727627023396
TOKYOTECH_s05,61,75,63.5,0.10219147056341171,-0.8844490487574657
TOKYOTECH_s05,61,76,63.53333333333333,0.011703627184033394,-1.069416843572197
TOKYOTECH_s05,61,77,63.56666666666667,0.09275266528129578,-1.2079798069192358
TOKYOTECH_s05,61,78,63.6,0.1404186189174652,-1.2706555153079608
TOKYOTECH_s05,61,79,63.63333333333333,0.04273591563105583,-1.231578991329291
TOKYOTECH_s05,61,80,63.666666666666664,-0.12585356831550598,-1.0776480637366448
TOKYOTECH_s05,61,81,63.7,-0.3354038894176483,-0.8150095398247174
TOKYOTECH_s05,61,82,63.733333333333334,-0.5503414273262024,-0.46935136308667513
TOKYOTECH_s05,61,83,63.766666666666666,-0.7904521226882935,-0.07933783369871186
TOKYOTECH_s05,61,84,63.8,-0.9845709204673767,0.3131171567752796
TOKYOTECH_s05,61,85,63.833333333333336,-1.0424859523773193,0.6704119273446779
TOKYOTECH_s05,61,86,63.86666666666667,-1.0865989923477173,0.9625880494396253
TOKYOTECH_s05,61,87,63.9,-1.1628841161727905,1.168390877335346
TOKYOTECH_s05,61,88,63.93333333333333,-1.080348014831543,1.276300636545622
TOKYOTECH_s05,61,89,63.96666666666667,-1.0324862003326416,1.2854451703020668
TOKYOTECH_s05,61,90,64.0,-1.1215581893920898,1.2047828210074691
TOKYOTECH_s05,61,91,64.03333333333333,-1.1971131563186646,1.0496368515611212
TOKYOTECH_s05,61,92,64.06666666666666,-1.199357032775879,0.8368448688028272
TOKYOTECH_s05,61,93,64.1,-0.6514791250228882,0.5813681093675254
TOKYOTECH_s05,61,94,64.13333333333334,0.8014464974403381,0.29645939032997315
TOKYOTECH_s05,61,95,64.16666666666667,1.7721027135849,-0.003346677095731376
TOKYOTECH_s05,61,96,64.2,1.554208755493164,-0.299974953812046
TOKYOTECH_s05,61,97,64.23333333333333,1.0906745195388794,-0.5735216750104042
TOKYOTECH_s05,61,98,64.26666666666667,0.761990487575531,-0.8071007124603699
TOKYOTECH_s05,61,99,64.3,0.35492876172065735,-0.990520965897907
TOKYOTECH_s05,61,100,64.33333333333333,0.030020248144865036,-1.1196020035159764
TOKYOTECH_s05,61,101,64.36666666666666,-0.11970943957567215,-1.191937978559383
TOKYOTECH_s05,61,102,64.4,-0.08122405409812927,-1.2028263991899433
TOKYOTECH_s05,61,103,64.43333333333334,0.21761199831962585,-1.1448538693019445
TOKYOTECH_s05,61,104,64.46666666666667,0.21279464662075043,-1.0116826075572745
TOKYOTECH_s05,61,105,64.5,0.0460929237306118,-0.8032908759540797
TOKYOTECH_s05,61,106,64.53333333333333,-0.16471293568611145,-0.528869602777172
TOKYOTECH_s05,61,107,64.56666666666666,-0.4553835391998291,-0.20570687297649995
TOKYOTECH_s05,61,108,64.6,-0.7088332176208496,0.14391176263009237
TOKYOTECH_s05,61,109,64.63333333333334,-0.8743239045143127,0.49456645771256025
TOKYOTECH_s05,61,110,64.66666666666667,-1.0013024806976318,0.8181632687864755
TOKYOTECH_s05,61,111,64.7,-0.9637877345085144,1.0857253099622497
TOKYOTECH_s05,61,112,64.73333333333333,-0.9669488072395325,1.2718468496938407
TOKYOTECH_s05,61,113,64.76666666666667,-0.9480623006820679,1.3598195428601316
TOKYOTECH_s05,61,114,64.8,-0.9146881699562073,1.344397696872227
TOKYOTECH_s05,61,115,64.83333333333333,-0.9741882085800171,1.2309569890199417
TOKYOTECH_s05,61,116,64.86666666666666,-1.0713545083999634,1.0324584779811792
TOKYOTECH_s05,61,117,64.9,-0.5863780975341797,0.7668549426308189
TOKYOTECH_s05,61,118,64.93333333333334,0.73332679271698,0.45629011211424025
TOKYOTECH_s05,61,119,64.96666666666667,1.5542800426483154,0.12685701349870987
TOKYOTECH_s05,61,120,65.0,1.3940608501434326,-0.19381099012740682
TOKYOTECH_s05,61,121,65.03333333333333,0.9428325891494751,-0.4822788820296899
TOKYOTECH_s05,61,122,65.06666666666666,0.522663414478302,-0.7255158648761219
TOKYOTECH_s05,61,123,65.1,0.10563752055168152,-0.9224815079299116
TOKYOTECH_s05,61,124,65.13333333333334,-0.29560062289237976,-1.0787049276071765
TOKYOTECH_s05,61,125,65.16666666666667,-0.45509859919548035,-1.1966795512766537
TOKYOTECH_s05,61,126,65.2,-0.16489103436470032,-1.2681581522107417
TOKYOTECH_s05,61,127,65.23333333333333,0.20157493650913239,-1.2735536469692972
TOKYOTECH_s05,61,128,65.26666666666667,0.21007876098155975,-1.189310031888226
TOKYOTECH_s05,61,129,65.3,-0.03495611622929573,-0.999397864569127
TOKYOTECH_s05,61,130,65.33333333333333,-0.28150475025177,-0.7050861036562561
TOKYOTECH_s05,61,131,65.36666666666666,-0.4778941869735718,-0.328526378947342
TOKYOTECH_s05,61,132,65.4,-0.8115469813346863,0.09086630535093451
TOKYOTECH_s05,61,133,65.43333333333334,-0.9448300004005432,0.5049875012018916
TOKYOTECH_s05,61,134,65.46666666666667,-1.006529450416565,0.8669798892300619
TOKYOTECH_s05,61,135,65.5,-1.0479623079299927,1.1395743547136004
TOKYOTECH_s05,61,136,65.53333333333333,-0.9700120091438293,1.300406403371381
TOKYOTECH_s05,61,137,65.56666666666666,-0.9515261650085449,1.344012695508584
TOKYOTECH_s05,61,138,65.6,-0.8998086452484131,1.2804488154099063
TOKYOTECH_s05,61,139,65.63333333333334,-0.8878855109214783,1.130704002413811
TOKYOTECH_s05,61,140,65.66666666666667,-0.7824291586875916,0.9201521973242563
TOKYOTECH_s05,61,141,65.7,0.4400649964809418,0.6725070103904698
TOKYOTECH_s05,61,142,65.73333333333333,1.710314154624939,0.40682758489974763
TOKYOTECH_s05,61,143,65.76666666666667,1.8510323762893677,0.13826965857547646
TOKYOTECH_s05,61,144,65.8,1.485341191291809,-0.11965219650102783
TOKYOTECH_s05,61,145,65.83333333333333,1.0715832710266113,-0.35458141827807504
TOKYOTECH_s05,61,146,65.86666666666666,0.6378079056739807,-0.5574820210352169
TOKYOTECH_s05,61,147,65.9,0.2828555107116699,-0.7250652220964667
TOKYOTECH_s05,61,148,65.93333333333334,-0.005847203079611063,-0.8593976659384704
TOKYOTECH_s05,61,149,65.96666666666667,-0.008607607334852219,-0.9637073111856383
TOKYOTECH_s05,61,150,66.0,0.24577702581882477,-1.036418759865476
TOKYOTECH_s05,61,151,66.03333333333333,0.4258355498313904,-1.0671823766149358
TOKYOTECH_s05,61,152,66.06666666666666,0.33437711000442505,-1.0378493670677988
TOKYOTECH_s05,61,153,66.1,0.13090857863426208,-0.9285664225114517
TOKYOTECH_s05,61,154,66.13333333333334,-0.13947749137878418,-0.7262546631509265
TOKYOTECH_s05,61,155,66.16666666666667,-0.4689006209373474,-0.43175902512109277
TOKYOTECH_s05,61,156,66.2,-0.7292423844337463,-0.06345382426738883
TOKYOTECH_s05,61,157,66.23333333333333,-0.8210480809211731,0.3430445180195795
TOKYOTECH_s05,61,158,66.26666666666667,-0.8178780674934387,0.7390462148621388
TOKYOTECH_s05,61,159,66.3,-0.8513769507408142,1.0708746833060143
TOKYOTECH_s05,61,160,66.33333333333333,-0.8643953800201416,1.290767493296008
TOKYOTECH_s05,61,161,66.36666666666666,-0.8176198601722717,1.3677566192537054
TOKYOTECH_s05,61,162,66.4,-0.7906836271286011,1.294881897620753
TOKYOTECH_s05,61,163,66.43333333333334,-0.8712696433067322,1.0899235971023926
TOKYOTECH_s05,61,164,66.46666666666667,-0.8599430918693542,0.7891782824387743
TOKYOTECH_s05,61,165,66.5,0.05343916267156601,0.4368492584129721
TOKYOTECH_s05,61,166,66.53333333333333,1.4422342777252197,0.07483578867044355
TOKYOTECH_s05,61,167,66.56666666666666,1.9211734533309937,-0.26296976202684547
TOKYOTECH_s05,61,168,66.6,1.6549991369247437,-0.5514944402359542
TOKYOTECH_s05,61,169,66.63333333333334,1.2741880416870117,-0.773357040105467
TOKYOTECH_s05,61,170,66.66666666666667,0.9499473571777344,-0.9185912119588583
TOKYOTECH_s05,61,171,66.7,0.6438897252082825,-0.9854199040248947
TOKYOTECH_s05,61,172,66.73333333333333,0.35118886828422546,-0.9801871878859598
TOKYOTECH_s05,61,173,66.76666666666667,0.24758465588092804,-0.9147291178716062
TOKYOTECH_s05,61,174,66.8,0.35890910029411316,-0.8017356880713257
TOKYOTECH_s05,61,175,66.83333333333333,0.47836336493492126,-0.6508908088881586
TOKYOTECH_s05,61,176,66.86666666666666,0.4717206060886383,-0.46856474499896017
TOKYOTECH_s05,61,177,66.9,0.2762572467327118,-0.2612041545607343
TOKYOTECH_s05,61,178,66.93333333333334,-0.0439140722155571,-0.03917974911954872
TOKYOTECH_s05,61,179,66.96666666666667,-0.3742988705635071,0.18270944075903314
TOKYOTECH_s05,61,180,67.0,-0.6290931105613708,0.3883347080403868
TOKYOTECH_s05,61,181,67.03333333333333,-0.7336145043373108,0.5636834369048808
TOKYOTECH_s05,61,182,67.06666666666666,-0.7269984483718872,0.6979635150661287
TOKYOTECH_s05,61,183,67.1,-0.7611918449401855,0.7828690463458776
TOKYOTECH_s05,61,184,67.13333333333334,-0.8059638142585754,0.8125495393592841
TOKYOTECH_s05,61,185,67.16666666666667,-0.8261949419975281,0.7857644798624844
TOKYOTECH_s05,61,186,67.2,-0.7577992081642151,0.7084808965363342
TOKYOTECH_s05,61,187,67.23333333333333,-0.7866677045822144,0.5934611731341636
TOKYOTECH_s05,61,188,67.26666666666667,-0.9776520729064941,0.4556448229449177
TOKYOTECH_s05,61,189,67.3,-0.7294293642044067,0.30609730002077845
TOKYOTECH_s05,61,190,67.33333333333333,0.5910056829452515,0.14912532782214652
TOKYOTECH_s05,61,191,67.36666666666666,1.7670538425445557,-0.014843627012655618
TOKYOTECH_s05,61,192,67.4,1.876481533050537,-0.18259010644770443
TOKYOTECH_s05,61,193,67.43333333333334,1.5377709865570068,-0.34291566952595626
TOKYOTECH_s05,61,194,67.46666666666667,1.1355979442596436,-0.4772909803410988
TOKYOTECH_s05,61,195,67.5,0.7979469895362854,-0.5665684740518623
TOKYOTECH_s05,61,196,67.53333333333333,0.48164916038513184,-0.5998219619008631
TOKYOTECH_s05,61,197,67.56666666666666,0.21791476011276245,-0.5797790810635705
TOKYOTECH_s05,61,198,67.6,0.19141486287117004,-0.5212686125890247
TOKYOTECH_s05,61,199,67.63333333333334,0.4088100790977478,-0.4434432604585643
TOKYOTECH_s05,61,200,67.66666666666667,0.5517367124557495,-0.3605456918736859
TOKYOTECH_s05,61,201,67.7,0.40004801750183105,-0.2765689473603136
TOKYOTECH_s05,61,202,67.73333333333333,0.09960915893316269,-0.18575818262258476
TOKYOTECH_s05,61,203,67.76666666666667,-0.19389308989048004,-0.07741629831710542
TOKYOTECH_s05,61,204,67.8,-0.39454779028892517,0.05693263965255313
TOKYOTECH_s05,61,205,67.83333333333333,-0.4891138970851898,0.21570259545458653
TOKYOTECH_s05,61,206,67.86666666666666,-0.5281869769096375,0.3820610256256977
TOKYOTECH_s05,61,207,67.9,-0.6408203840255737,0.5257030282604386
TOKYOTECH_s05,61,208,67.93333333333334,-0.7123593688011169,0.6130289543321048
TOKYOTECH_s05,61,209,67.96666666666667,-0.6818435788154602,0.6218355045021681
TOKYOTECH_s05,61,210,68.0,-0.5888891816139221,0.5526281982678868
TOKYOTECH_s05,61,211,68.03333333333333,-0.6105093955993652,0.4291896260562614
TOKYOTECH_s05,61,212,68.06666666666666,-0.7239353060722351,0.2867166451645348
TOKYOTECH_s05,61,213,68.1,-0.8512967824935913,0.15362337827715988
TOKYOTECH_s05,61,214,68.13333333333334,-0.47163429856300354,0.0380415692737463
TOKYOTECH_s05,61,215,68.16666666666667,0.8137525320053101,-0.07217454638994437
TOKYOTECH_s05,61,216,68.2,1.6896467208862305,-0.19630554476538567
TOKYOTECH_s05,61,217,68.23333333333333,1.6647051572799683,-0.34397840542605806
TOKYOTECH_s05,61,218,68.26666666666667,1.275550365447998,-0.5060808650402899
TOKYOTECH_s05,61,219,68.3,0.8601362109184265,-0.6585608653850967
TOKYOTECH_s05,61,220,68.33333333333333,0.4847301244735718,-0.7748527365352527
TOKYOTECH_s05,61,221,68.36666666666666,0.14888682961463928,-0.837202128307124
TOKYOTECH_s05,61,222,68.4,0.07280651479959488,-0.8398328342002878
TOKYOTECH_s05,61,223,68.43333333333334,0.243399515748024,-0.7844330351747707
TOKYOTECH_s05,61,224,68.46666666666667,0.43124058842658997,-0.6742520162188598
TOKYOTECH_s05,61,225,68.5,0.46349281072616577,-0.5126603260679301
TOKYOTECH_s05,61,226,68.53333333333333,0.321064829826355,-0.30601105349711444
TOKYOTECH_s05,61,227,68.56666666666666,0.10806845873594284,-0.06599126734886332
TOKYOTECH_s05,61,228,68.6,-0.19056278467178345,0.1914406235275309
TOKYOTECH_s05,61,229,68.63333333333334,-0.4554547667503357,0.4487761722707262
TOKYOTECH_s05,61,230,68.66666666666667,-0.6632865071296692,0.688199622689404
TOKYOTECH_s05,61,231,68.7,-0.6801695227622986,0.8907227239754062
TOKYOTECH_s05,61,232,68.73333333333333,-0.690365195274353,1.03586155485259
TOKYOTECH_s05,61,233,68.76666666666667,-0.7113710045814514,1.1049583137601684
TOKYOTECH_s05,61,234,68.8,-0.6763761639595032,1.0877933472505803
TOKYOTECH_s05,61,235,68.83333333333333,-0.6384873986244202,0.9881554078750586
TOKYOTECH_s05,61,236,68.86666666666666,-0.7105517983436584,0.8235987700285132
TOKYOTECH_s05,61,237,68.9,-0.7931680083274841,0.6183271497211554
TOKYOTECH_s05,61,238,68.93333333333334,-0.08588112890720367,0.3933950164387732
TOKYOTECH_s05,61,239,68.96666666666667,1.265862226486206,0.16085176774553014
TOKYOTECH_s05,62,0,62.0,0.11968887597322464,0.1172769415847493
TOKYOTECH_s05,62,1,62.03333333333333,-0.16472184658050537,-0.9588016707968886
TOKYOTECH_s05,62,2,62.06666666666667,-0.5066914558410645,-1.8282573527332786
TOKYOTECH_s05,62,3,62.1,-0.7150841951370239,-2.339189286318282
TOKYOTECH_s05,62,4,62.13333333333333,-0.8080029487609863,-2.4346464600378637
TOKYOTECH_s05,62,5,62.166666666666664,-0.9141716957092285,-2.1597355785088053
TOKYOTECH_s05,62,6,62.2,-1.0491911172866821,-1.6355646613033215
TOKYOTECH_s05,62,7,62.233333333333334,-0.9924959540367126,-1.0142847851496544
TOKYOTECH_s05,62,8,62.266666666666666,-0.9551592469215393,-0.43461004976648954
TOKYOTECH_s05,62,9,62.3,-1.0628684759140015,0.008322275132970009
TOKYOTECH_s05,62,10,62.333333333333336,-1.1052628755569458,0.27384102206637206
TOKYOTECH_s05,62,11,62.36666666666667,-1.1353691816329956,0.36985550378304227
TOKYOTECH_s05,62,12,62.4,-0.635824978351593,0.3365447939034633
TOKYOTECH_s05,62,13,62.43333333333333,0.7364612221717834,0.22680177602844148
TOKYOTECH_s05,62,14,62.46666666666667,1.5276732444763184,0.08961953944864005
TOKYOTECH_s05,62,15,62.5,1.3888516426086426,-0.03995149042001239
TOKYOTECH_s05,62,16,62.53333333333333,1.0049149990081787,-0.1441851707345132
TOKYOTECH_s05,62,17,62.56666666666667,0.6090996861457825,-0.22159048775772283
TOKYOTECH_s05,62,18,62.6,0.2514670193195343,-0.28317555385538495
TOKYOTECH_s05,62,19,62.63333333333333,-0.1296023726463318,-0.346498579427543
TOKYOTECH_s05,62,20,62.666666666666664,-0.33390793204307556,-0.42772374147886627
TOKYOTECH_s05,62,21,62.7,-0.1695391982793808,-0.5329969952369471
TOKYOTECH_s05,62,22,62.733333333333334,0.08582494407892227,-0.6517510797980897
TOKYOTECH_s05,62,23,62.766666666666666,0.0983625203371048,-0.7550059233380152
TOKYOTECH_s05,62,24,62.8,-0.1667342633008957,-0.8007537189274923
TOKYOTECH_s05,62,25,62.833333333333336,-0.4206380546092987,-0.7461717711223504
TOKYOTECH_s05,62,26,62.86666666666667,-0.6156561970710754,-0.5633581758759161
TOKYOTECH_s05,62,27,62.9,-0.8822311162948608,-0.252577894495649
TOKYOTECH_s05,62,28,62.93333333333333,-1.093045949935913,0.15366372757380065
TOKYOTECH_s05,62,29,62.96666666666667,-1.1234370470046997,0.5988060025902977
TOKYOTECH_s05,62,30,63.0,-1.1367849111557007,1.018648453823353
TOKYOTECH_s05,62,31,63.03333333333333,-1.2182258367538452,1.3574747697251466
TOKYOTECH_s05,62,32,63.06666666666667,-1.1352088451385498,1.577843572650883
TOKYOTECH_s05,62,33,63.1,-1.1120214462280273,1.663518141218524
TOKYOTECH_s05,62,34,63.13333333333333,-1.1713345050811768,1.6178603683383468
TOKYOTECH_s05,62,35,63.166666666666664,-1.222001314163208,1.4598906654662234
TOKYOTECH_s05,62,36,63.2,-1.2525616884231567,1.2193277501254494
TOKYOTECH_s05,62,37,63.233333333333334,-1.1949849128723145,0.9311372389445601
TOKYOTECH_s05,62,38,63.266666666666666,-0.14635179936885834,0.6296138641816437
TOKYOTECH_s05,62,39,63.3,1.316564679145813,0.34230599374324955
TOKYOTECH_s05,62,40,63.333333333333336,1.7126203775405884,0.08512539626626442
TOKYOTECH_s05,62,41,63.36666666666667,1.3879344463348389,-0.13947651745144596
TOKYOTECH_s05,62,42,63.4,0.9560914635658264,-0.3402967274004406
TOKYOTECH_s05,62,43,63.43333333333333,0.6179062724113464,-0.5317831794897435
TOKYOTECH_s05,62,44,63.46666666666667,0.3442789614200592,-0.7267921701165083
TOKYOTECH_s05,62,45,63.5,0.10219147056341171,-0.9296572705624601
TOKYOTECH_s05,62,46,63.53333333333333,0.011703627184033394,-1.1312360835273845
TOKYOTECH_s05,62,47,63.56666666666667,0.09275266528129578,-1.3074210568874518
TOKYOTECH_s05,62,48,63.6,0.1404186189174652,-1.4225663061420437
TOKYOTECH_s05,62,49,63.63333333333333,0.04273591563105583,-1.4383209616556496
TOKYOTECH_s05,62,50,63.666666666666664,-0.12585356831550598,-1.3259183000311279
TOKYOTECH_s05,62,51,63.7,-0.3354038894176483,-1.077471205452111
TOKYOTECH_s05,62,52,63.733333333333334,-0.5503414273262024,-0.7113467498285837
TOKYOTECH_s05,62,53,63.766666666666666,-0.7904521226882935,-0.26929862142444144
TOKYOTECH_s05,62,54,63.8,-0.9845709204673767,0.1925511249897377
TOKYOTECH_s05,62,55,63.833333333333336,-1.0424859523773193,0.6146117035008353
TOKYOTECH_s05,62,56,63.86666666666667,-1.0865989923477173,0.9443619854928104
TOKYOTECH_s05,62,57,63.9,-1.1628841161727905,1.1464349726254603
TOKYOTECH_s05,62,58,63.93333333333333,-1.080348014831543,1.2106598974805307
TOKYOTECH_s05,62,59,63.96666666666667,-1.0324862003326416,1.1540472068390313
TOKYOTECH_s05,62,60,64.0,-1.1215581893920898,1.0136555085037982
TOKYOTECH_s05,62,61,64.03333333333333,-1.1971131563186646,0.8318711639596775
TOKYOTECH_s05,62,62,64.06666666666666,-1.199357032775879,0.6407773629575243
TOKYOTECH_s05,62,63,64.1,-0.6514791250228882,0.4536607399858994
TOKYOTECH_s05,62,64,64.13333333333334,0.8014464974403381,0.2673592879232537
TOKYOTECH_s05,62,65,64.16666666666667,1.7721027135849,0.07233344502730615
TOKYOTECH_s05,62,66,64.2,1.554208755493164,-0.13689136614955216
TOKYOTECH_s05,62,67,64.23333333333333,1.0906745195388794,-0.3570601722578114
TOKYOTECH_s05,62,68,64.26666666666667,0.761990487575531,-0.5778603491516642
TOKYOTECH_s05,62,69,64.3,0.35492876172065735,-0.7856564268211533
TOKYOTECH_s05,62,70,64.33333333333333,0.030020248144865036,-0.96513815547015
TOKYOTECH_s05,62,71,64.36666666666666,-0.11970943957567215,-1.0984373462012869
TOKYOTECH_s05,62,72,64.4,-0.08122405409812927,-1.164574331162247
TOKYOTECH_s05,62,73,64.43333333333334,0.21761199831962585,-1.1423728501778618
TOKYOTECH_s05,62,74,64.46666666666667,0.21279464662075043,-1.017107694581229
TOKYOTECH_s05,62,75,64.5,0.0460929237306118,-0.7876466079664135
TOKYOTECH_s05,62,76,64.53333333333333,-0.16471293568611145,-0.46972677910645877
TOKYOTECH_s05,62,77,64.56666666666666,-0.4553835391998291,-0.09340659648786442
TOKYOTECH_s05,62,78,64.6,-0.7088332176208496,0.30304387208732525
TOKYOTECH_s05,62,79,64.63333333333334,-0.8743239045143127,0.6788899609429514
TOKYOTECH_s05,62,80,64.66666666666667,-1.0013024806976318,0.9952770186185144
TOKYOTECH_s05,62,81,64.7,-0.9637877345085144,1.2200480540977146
TOKYOTECH_s05,62,82,64.73333333333333,-0.9669488072395325,1.333577202596576
TOKYOTECH_s05,62,83,64.76666666666667,-0.9480623006820679,1.3331256466877581
TOKYOTECH_s05,62,84,64.8,-0.9146881699562073,1.232768542394568
TOKYOTECH_s05,62,85,64.83333333333333,-0.9741882085800171,1.0582470489029472
TOKYOTECH_s05,62,86,64.86666666666666,-1.0713545083999634,0.8389201972182666
TOKYOTECH_s05,62,87,64.9,-0.5863780975341797,0.600298137593524
TOKYOTECH_s05,62,88,64.93333333333334,0.73332679271698,0.35967967453201355
TOKYOTECH_s05,62,89,64.96666666666667,1.5542800426483154,0.12526585508576144
TOKYOTECH_s05,62,90,65.0,1.3940608501434326,-0.10246953922033752
TOKYOTECH_s05,62,91,65.03333333333333,0.9428325891494751,-0.3283392050785242
TOKYOTECH_s05,62,92,65.06666666666666,0.522663414478302,-0.558831931788779
TOKYOTECH_s05,62,93,65.1,0.10563752055168152,-0.7966537074205422
TOKYOTECH_s05,62,94,65.13333333333334,-0.29560062289237976,-1.034196201335128
TOKYOTECH_s05,62,95,65.16666666666667,-0.45509859919548035,-1.2489354288268362
TOKYOTECH_s05,62,96,65.2,-0.16489103436470032,-1.4044984717043998
TOKYOTECH_s05,62,97,65.23333333333333,0.20157493650913239,-1.4591583918899678
TOKYOTECH_s05,62,98,65.26666666666667,0.21007876098155975,-1.3794905565372229
TOKYOTECH_s05,62,99,65.3,-0.03495611622929573,-1.1535344480058376
TOKYOTECH_s05,62,100,65.33333333333333,-0.28150475025177,-0.7975511934722854
TOKYOTECH_s05,62,101,65.36666666666666,-0.4778941869735718,-0.35346660070765723
TOKYOTECH_s05,62,102,65.4,-0.8115469813346863,0.12148111208463956
TOKYOTECH_s05,62,103,65.43333333333334,-0.9448300004005432,0.5681721723379387
TOKYOTECH_s05,62,104,65.46666666666667,-1.006529450416565,0.9371793453115669
TOKYOTECH_s05,62,105,65.5,-1.0479623079299927,1.1957404388080528
TOKYOTECH_s05,62,106,65.53333333333333,-0.9700120091438293,1.3300739260038126
TOKYOTECH_s05,62,107,65.56666666666666,-0.9515261650085449,1.3443345554493047
TOKYOTECH_s05,62,108,65.6,-0.8998086452484131,1.257057553436886
TOKYOTECH_s05,62,109,65.63333333333334,-0.8878855109214783,1.095308509222994
TOKYOTECH_s05,62,110,65.66666666666667,-0.7824291586875916,0.8874407552042675
TOKYOTECH_s05,62,111,65.7,0.4400649964809418,0.6566316289766858
TOKYOTECH_s05,62,112,65.73333333333333,1.710314154624939,0.41762500107026107
TOKYOTECH_s05,62,113,65.76666666666667,1.8510323762893677,0.17765295950913104
TOKYOTECH_s05,62,114,65.8,1.485341191291809,-0.059928625431777315
TOKYOTECH_s05,62,115,65.83333333333333,1.0715832710266113,-0.2920711705006002
TOKYOTECH_s05,62,116,65.86666666666666,0.6378079056739807,-0.5142198091502848
TOKYOTECH_s05,62,117,65.9,0.2828555107116699,-0.7198715987100587
TOKYOTECH_s05,62,118,65.93333333333334,-0.005847203079611063,-0.9001800467070781
TOKYOTECH_s05,62,119,65.96666666666667,-0.008607607334852219,-1.0429846427808125
TOKYOTECH_s05,62,120,66.0,0.24577702581882477,-1.1321541514915316
TOKYOTECH_s05,62,121,66.03333333333333,0.4258355498313904,-1.1490360076870019
TOKYOTECH_s05,62,122,66.06666666666666,0.33437711000442505,-1.0770615913195183
TOKYOTECH_s05,62,123,66.1,0.13090857863426208,-0.9083155042667614
TOKYOTECH_s05,62,124,66.13333333333334,-0.13947749137878418,-0.6486631956176813
TOKYOTECH_s05,62,125,66.16666666666667,-0.4689006209373474,-0.3183722149094669
TOKYOTECH_s05,62,126,66.2,-0.7292423844337463,0.051457250582741254
TOKYOTECH_s05,62,127,66.23333333333333,-0.8210480809211731,0.4237133851735474
TOKYOTECH_s05,62,128,66.26666666666667,-0.8178780674934387,0.7595522851539849
TOKYOTECH_s05,62,129,66.3,-0.8513769507408142,1.0227597395834802
TOKYOTECH_s05,62,130,66.33333333333333,-0.8643953800201416,1.1850078392646544
TOKYOTECH_s05,62,131,66.36666666666666,-0.8176198601722717,1.2311845903035898
TOKYOTECH_s05,62,132,66.4,-0.7906836271286011,1.1626840450182812
TOKYOTECH_s05,62,133,66.43333333333334,-0.8712696433067322,0.9966421409354362
TOKYOTECH_s05,62,134,66.46666666666667,-0.8599430918693542,0.7606000359537349
TOKYOTECH_s05,62,135,66.5,0.05343916267156601,0.48443183802383794
TOKYOTECH_s05,62,136,66.53333333333333,1.4422342777252197,0.19332091002573665
TOKYOTECH_s05,62,137,66.56666666666666,1.9211734533309937,-0.09476463037679736
TOKYOTECH_s05,62,138,66.6,1.6549991369247437,-0.36672018855514704
TOKYOTECH_s05,62,139,66.63333333333334,1.2741880416870117,-0.6100344338434047
TOKYOTECH_s05,62,140,66.66666666666667,0.9499473571777344,-0.8103645142019842
TOKYOTECH_s05,62,141,66.7,0.6438897252082825,-0.9526613365872834
TOKYOTECH_s05,62,142,66.73333333333333,0.35118886828422546,-1.0244249801119611
TOKYOTECH_s05,62,143,66.76666666666667,0.24758465588092804,-1.018283695611005
TOKYOTECH_s05,62,144,66.8,0.35890910029411316,-0.9327139645222305
TOKYOTECH_s05,62,145,66.83333333333333,0.47836336493492126,-0.7721890516663431
TOKYOTECH_s05,62,146,66.86666666666666,0.4717206060886383,-0.548477569199511
TOKYOTECH_s05,62,147,66.9,0.2762572467327118,-0.28262055217501564
TOKYOTECH_s05,62,148,66.93333333333334,-0.0439140722155571,-0.0043163341757858666
TOKYOTECH_s05,62,149,66.96666666666667,-0.3742988705635071,0.25411486129836824
TOKYOTECH_s05,62,150,67.0,-0.6290931105613708,0.46719992782062275
TOKYOTECH_s05,62,151,67.03333333333333,-0.7336145043373108,0.6230817144194877
TOKYOTECH_s05,62,152,67.06666666666666,-0.7269984483718872,0.722935061937835
TOKYOTECH_s05,62,153,67.1,-0.7611918449401855,0.774081692244981
TOKYOTECH_s05,62,154,67.13333333333334,-0.8059638142585754,0.7827647375180878
TOKYOTECH_s05,62,155,67.16666666666667,-0.8261949419975281,0.7522371900705623
TOKYOTECH_s05,62,156,67.2,-0.7577992081642151,0.6861074364100023
TOKYOTECH_s05,62,157,67.23333333333333,-0.7866677045822144,0.591766652443059
TOKYOTECH_s05,62,158,67.26666666666667,-0.9776520729064941,0.4795142978223685
TOKYOTECH_s05,62,159,67.3,-0.7294293642044067,0.35776960887952125
TOKYOTECH_s05,62,160,67.33333333333333,0.5910056829452515,0.22851057421194468
TOKYOTECH_s05,62,161,67.36666666666666,1.7670538425445557,0.0871259405044718
TOKYOTECH_s05,62,162,67.4,1.876481533050537,-0.07248637218908545
TOKYOTECH_s05,62,163,67.43333333333334,1.5377709865570068,-0.2506654538114039
TOKYOTECH_s05,62,164,67.46666666666667,1.1355979442596436,-0.43718768353941145
TOKYOTECH_s05,62,165,67.5,0.7979469895362854,-0.6118868515130371
TOKYOTECH_s05,62,166,67.53333333333333,0.48164916038513184,-0.7502015826700852
TOKYOTECH_s05,62,167,67.56666666666666,0.21791476011276245,-0.8304505504547539
TOKYOTECH_s05,62,168,67.6,0.19141486287117004,-0.8394978891053032
TOKYOTECH_s05,62,169,67.63333333333334,0.4088100790977478,-0.7753216611740443
TOKYOTECH_s05,62,170,67.66666666666667,0.5517367124557495,-0.646921204318332
TOKYOTECH_s05,62,171,67.7,0.40004801750183105,-0.4722926032637525
TOKYOTECH_s05,62,172,67.73333333333333,0.09960915893316269,-0.2741041068033853
TOKYOTECH_s05,62,173,67.76666666666667,-0.19389308989048004,-0.0732614911647084
TOKYOTECH_s05,62,174,67.8,-0.39454779028892517,0.11624190029422006
TOKYOTECH_s05,62,175,67.83333333333333,-0.4891138970851898,0.28695442824899414
TOKYOTECH_s05,62,176,67.86666666666666,-0.5281869769096375,0.4326867760180467
TOKYOTECH_s05,62,177,67.9,-0.6408203840255737,0.5440632215414594
TOKYOTECH_s05,62,178,67.93333333333334,-0.7123593688011169,0.6098289600945749
TOKYOTECH_s05,62,179,67.96666666666667,-0.6818435788154602,0.6233818766392493
TOKYOTECH_s05,62,180,68.0,-0.5888891816139221,0.5890564541209444
TOKYOTECH_s05,62,181,68.03333333333333,-0.6105093955993652,0.522079941249701
TOKYOTECH_s05,62,182,68.06666666666666,-0.7239353060722351,0.440513306427398
TOKYOTECH_s05,62,183,68.1,-0.8512967824935913,0.3537900286349884
TOKYOTECH_s05,62,184,68.13333333333334,-0.47163429856300354,0.25607986701203944
TOKYOTECH_s05,62,185,68.16666666666667,0.8137525320053101,0.1303838618497106
TOKYOTECH_s05,62,186,68.2,1.6896467208862305,-0.03826485758261662
TOKYOTECH_s05,62,187,68.23333333333333,1.6647051572799683,-0.24899562731398386
TOKYOTECH_s05,62,188,68.26666666666667,1.275550365447998,-0.4797630012951087
TOKYOTECH_s05,62,189,68.3,0.8601362109184265,-0.6937094164536909
TOKYOTECH_s05,62,190,68.33333333333333,0.4847301244735718,-0.8525307219525503
TOKYOTECH_s05,62,191,68.36666666666666,0.14888682961463928,-0.9281366065172507
TOKYOTECH_s05,62,192,68.4,0.07280651479959488,-0.9069084278951337
TOKYOTECH_s05,62,193,68.43333333333334,0.243399515748024,-0.7876209915770158
TOKYOTECH_s05,62,194,68.46666666666667,0.43124058842658997,-0.5786539675152
TOKYOTECH_s05,62,195,68.5,0.46349281072616577,-0.29851694878061874
TOKYOTECH_s05,62,196,68.53333333333333,0.321064829826355,0.022684760928905166
TOKYOTECH_s05,62,197,68.56666666666666,0.10806845873594284,0.34656463464110504
TOKYOTECH_s05,62,198,68.6,-0.19056278467178345,0.6356304755007988
TOKYOTECH_s05,62,199,68.63333333333334,-0.4554547667503357,0.8629061433455243
TOKYOTECH_s05,62,200,68.66666666666667,-0.6632865071296692,1.0160203326195438
TOKYOTECH_s05,62,201,68.7,-0.6801695227622986,1.0944911571393299
TOKYOTECH_s05,62,202,68.73333333333333,-0.690365195274353,1.1038075973920762
TOKYOTECH_s05,62,203,68.76666666666667,-0.7113710045814514,1.0511742319433892
TOKYOTECH_s05,62,204,68.8,-0.6763761639595032,0.9448798010788942
TOKYOTECH_s05,62,205,68.83333333333333,-0.6384873986244202,0.7953737431472019
TOKYOTECH_s05,62,206,68.86666666666666,-0.7105517983436584,0.6149007868850528
TOKYOTECH_s05,62,207,68.9,-0.7931680083274841,0.41451530136341347
TOKYOTECH_s05,62,208,68.93333333333334,-0.08588112890720367,0.20049972759404164
TOKYOTECH_s05,62,209,68.96666666666667,1.265862226486206,-0.026354460616080225
TOKYOTECH_s05,62,210,69.0,1.832030177116394,-0.26706492948739113
TOKYOTECH_s05,62,211,69.03333333333333,1.638472318649292,-0.5184029003699981
TOKYOTECH_s05,62,212,69.06666666666666,1.2792279720306396,-0.7686607295038862
TOKYOTECH_s05,62,213,69.1,0.9761800765991211,-0.998333214422104
TOKYOTECH_s05,62,214,69.13333333333334,0.6688846945762634,-1.185027588433592
TOKYOTECH_s05,62,215,69.16666666666667,0.40178442001342773,-1.3089321308966653
TOKYOTECH_s05,62,216,69.2,0.30716487765312195,-1.355773969495478
TOKYOTECH_s05,62,217,69.23333333333333,0.426788330078125,-1.3172635544066578
TOKYOTECH_s05,62,218,69.26666666666667,0.5620748996734619,-1.1914676841989778
TOKYOTECH_s05,62,219,69.3,0.517561137676239,-0.9850372530496039
TOKYOTECH_s05,62,220,69.33333333333333,0.2797478139400482,-0.7159706004834391
TOKYOTECH_s05,62,221,69.36666666666666,-0.027636589482426643,-0.4131879034718467
TOKYOTECH_s05,62,222,69.4,-0.3112013638019562,-0.1106739161141156
TOKYOTECH_s05,62,223,69.43333333333334,-0.511286199092865,0.1618358243627427
TOKYOTECH_s05,62,224,69.46666666666667,-0.601195216178894,0.38629920098738835
TOKYOTECH_s05,62,225,69.5,-0.6754412055015564,0.557430186875372
TOKYOTECH_s05,62,226,69.53333333333333,-0.7430087924003601,0.6778729636601812
TOKYOTECH_s05,62,227,69.56666666666666,-0.8119654655456543,0.7522411432935392
TOKYOTECH_s05,62,228,69.6,-0.8078871965408325,0.7840927962895335
TOKYOTECH_s05,62,229,69.63333333333334,-0.7844059467315674,0.7762061990485741
TOKYOTECH_s05,62,230,69.66666666666667,-0.8183589577674866,0.7319685816884187
TOKYOTECH_s05,62,231,69.7,-0.8913671970367432,0.6559914507262349
TOKYOTECH_s05,62,232,69.73333333333333,-0.5880699753761292,0.55420062442131
TOKYOTECH_s05,62,233,69.76666666666667,0.7311807870864868,0.43476795634013826
TOKYOTECH_s05,62,234,69.8,1.8320835828781128,0.3097399949786392
TOKYOTECH_s05,62,235,69.83333333333333,1.9406208992004395,0.1952099272849294
TOKYOTECH_s05,62,236,69.86666666666666,1.6601637601852417,0.10811367849018706
TOKYOTECH_s05,62,237,69.9,1.3675074577331543,0.06014468554170603
TOKYOTECH_s05,62,238,69.93333333333334,1.1225082874298096,0.05191788559712636
TOKYOTECH_s05,62,239,69.96666666666667,0.7950975298881531,0.07120570878665533
TOKYOTECH_s05,63,0,63.0,-1.1367849111557007,0.13051358860526913
TOKYOTECH_s05,63,1,63.03333333333333,-1.2182258367538452,-0.7768143414927196
TOKYOTECH_s05,63,2,63.06666666666667,-1.1352088451385498,-1.527624464286664
TOKYOTECH_s05,63,3,63.1,-1.1120214462280273,-2.0045493928063918
TOKYOTECH_s05,63,4,63.13333333333333,-1.1713345050811768,-2.1653137889872474
TOKYOTECH_s05,63,5,63.166666666666664,-1.222001314163208,-2.0469545901677897
TOKYOTECH_s05,63,6,63.2,-1.2525616884231567,-1.742630053668736
TOKYOTECH_s05,63,7,63.233333333333334,-1.1949849128723145,-1.3636901779169543
TOKYOTECH_s05,63,8,63.266666666666666,-0.14635179936885834,-1.0049804110333918
TOKYOTECH_s05,63,9,63.3,1.316564679145813,-0.7258858259640403
TOKYOTECH_s05,63,10,63.333333333333336,1.7126203775405884,-0.548921638286071
TOKYOTECH_s05,63,11,63.36666666666667,1.3879344463348389,-0.46935320365721855
TOKYOTECH_s05,63,12,63.4,0.9560914635658264,-0.4678359689339478
TOKYOTECH_s05,63,13,63.43333333333333,0.6179062724113464,-0.5208857804409375
TOKYOTECH_s05,63,14,63.46666666666667,0.3442789614200592,-0.6066935348130412
TOKYOTECH_s05,63,15,63.5,0.10219147056341171,-0.7056370073221268
TOKYOTECH_s05,63,16,63.53333333333333,0.011703627184033394,-0.7967962747232571
TOKYOTECH_s05,63,17,63.56666666666667,0.09275266528129578,-0.8537628265662294
TOKYOTECH_s05,63,18,63.6,0.1404186189174652,-0.8440136329325164
TOKYOTECH_s05,63,19,63.63333333333333,0.04273591563105583,-0.7347392902064345
TOKYOTECH_s05,63,20,63.666666666666664,-0.12585356831550598,-0.5041235082352796
TOKYOTECH_s05,63,21,63.7,-0.3354038894176483,-0.1528976012368409
TOKYOTECH_s05,63,22,63.733333333333334,-0.5503414273262024,0.2904617076953054
TOKYOTECH_s05,63,23,63.766666666666666,-0.7904521226882935,0.7744768177915057
TOKYOTECH_s05,63,24,63.8,-0.9845709204673767,1.236860081932114
TOKYOTECH_s05,63,25,63.833333333333336,-1.0424859523773193,1.6180563316768821
TOKYOTECH_s05,63,26,63.86666666666667,-1.0865989923477173,1.8721667923109084
TOKYOTECH_s05,63,27,63.9,-1.1628841161727905,1.974699943734567
TOKYOTECH_s05,63,28,63.93333333333333,-1.080348014831543,1.9265079607593645
TOKYOTECH_s05,63,29,63.96666666666667,-1.0324862003326416,1.7518671095820664
TOKYOTECH_s05,63,30,64.0,-1.1215581893920898,1.4898666465777748
TOKYOTECH_s05,63,31,64.03333333333333,-1.1971131563186646,1.1816930494967688
TOKYOTECH_s05,63,32,64.06666666666666,-1.199357032775879,0.8591923972405158
TOKYOTECH_s05,63,33,64.1,-0.6514791250228882,0.5398950967054557
TOKYOTECH_s05,63,34,64.13333333333334,0.8014464974403381,0.23002784907721652
TOKYOTECH_s05,63,35,64.16666666666667,1.7721027135849,-0.06789169851485663
TOKYOTECH_s05,63,36,64.2,1.554208755493164,-0.34909589372296973
TOKYOTECH_s05,63,37,64.23333333333333,1.0906745195388794,-0.6065344285443559
TOKYOTECH_s05,63,38,64.26666666666667,0.761990487575531,-0.8351836040139391
TOKYOTECH_s05,63,39,64.3,0.35492876172065735,-1.0348644931739575
TOKYOTECH_s05,63,40,64.33333333333333,0.030020248144865036,-1.2074917311136517
TOKYOTECH_s05,63,41,64.36666666666666,-0.11970943957567215,-1.3500926683222723
TOKYOTECH_s05,63,42,64.4,-0.08122405409812927,-1.4489250057139285
TOKYOTECH_s05,63,43,64.43333333333334,0.21761199831962585,-1.479761970211833
TOKYOTECH_s05,63,44,64.46666666666667,0.21279464662075043,-1.4153063993187873
TOKYOTECH_s05,63,45,64.5,0.0460929237306118,-1.2360525317670292
TOKYOTECH_s05,63,46,64.53333333333333,-0.16471293568611145,-0.9392042683007441
TOKYOTECH_s05,63,47,64.56666666666666,-0.4553835391998291,-0.5423180364705292
TOKYOTECH_s05,63,48,64.6,-0.7088332176208496,-0.08211611996711456
TOKYOTECH_s05,63,49,64.63333333333334,-0.8743239045143127,0.3896671877757712
TOKYOTECH_s05,63,50,64.66666666666667,-1.0013024806976318,0.8137975932481856
TOKYOTECH_s05,63,51,64.7,-0.9637877345085144,1.1356877428280736
TOKYOTECH_s05,63,52,64.73333333333333,-0.9669488072395325,1.319389299389764
TOKYOTECH_s05,63,53,64.76666666666667,-0.9480623006820679,1.3566591176413627
TOKYOTECH_s05,63,54,64.8,-0.9146881699562073,1.2661782119842107
TOKYOTECH_s05,63,55,64.83333333333333,-0.9741882085800171,1.0838229220225546
TOKYOTECH_s05,63,56,64.86666666666666,-1.0713545083999634,0.849546734502082
TOKYOTECH_s05,63,57,64.9,-0.5863780975341797,0.597158683148383
TOKYOTECH_s05,63,58,64.93333333333334,0.73332679271698,0.3501970622179621
TOKYOTECH_s05,63,59,64.96666666666667,1.5542800426483154,0.12262406457911132
TOKYOTECH_s05,63,60,65.0,1.3940608501434326,-0.07959435599261849
TOKYOTECH_s05,63,61,65.03333333333333,0.9428325891494751,-0.2586328255959437
TOKYOTECH_s05,63,62,65.06666666666666,0.522663414478302,-0.4249406433119529
TOKYOTECH_s05,63,63,65.1,0.10563752055168152,-0.5932690630908106
TOKYOTECH_s05,63,64,65.13333333333334,-0.29560062289237976,-0.7735131013474292
TOKYOTECH_s05,63,65,65.16666666666667,-0.45509859919548035,-0.9604910061645375
TOKYOTECH_s05,63,66,65.2,-0.16489103436470032,-1.1290412339205267
TOKYOTECH_s05,63,67,65.23333333333333,0.20157493650913239,-1.2385243203148601
TOKYOTECH_s05,63,68,65.26666666666667,0.21007876098155975,-1.2456568829857828
TOKYOTECH_s05,63,69,65.3,-0.03495611622929573,-1.1200613827040349
TOKYOTECH_s05,63,70,65.33333333333333,-0.28150475025177,-0.8558610678746793
TOKYOTECH_s05,63,71,65.36666666666666,-0.4778941869735718,-0.4751867015521925
TOKYOTECH_s05,63,72,65.4,-0.8115469813346863,-0.023578122643484387
TOKYOTECH_s05,63,73,65.43333333333334,-0.9448300004005432,0.4397916685037103
TOKYOTECH_s05,63,74,65.46666666666667,-1.006529450416565,0.8538284516665682
TOKYOTECH_s05,63,75,65.5,-1.0479623079299927,1.1669414781593535
TOKYOTECH_s05,63,76,65.53333333333333,-0.9700120091438293,1.3464420345614
TOKYOTECH_s05,63,77,65.56666666666666,-0.9515261650085449,1.3840332320136044
TOKYOTECH_s05,63,78,65.6,-0.8998086452484131,1.2956680302334471
TOKYOTECH_s05,63,79,65.63333333333334,-0.8878855109214783,1.1152381309474744
TOKYOTECH_s05,63,80,65.66666666666667,-0.7824291586875916,0.8837307610740166
TOKYOTECH_s05,63,81,65.7,0.4400649964809418,0.6375938201334802
TOKYOTECH_s05,63,82,65.73333333333333,1.710314154624939,0.40066124185445257
TOKYOTECH_s05,63,83,65.76666666666667,1.8510323762893677,0.18219558479952164
TOKYOTECH_s05,63,84,65.8,1.485341191291809,-0.019866992175300476
TOKYOTECH_s05,63,85,65.83333333333333,1.0715832710266113,-0.21362577064497515
TOKYOTECH_s05,63,86,65.86666666666666,0.6378079056739807,-0.4081520607046931
TOKYOTECH_s05,63,87,65.9,0.2828555107116699,-0.6088227520282722
TOKYOTECH_s05,63,88,65.93333333333334,-0.005847203079611063,-0.8126448178733304
TOKYOTECH_s05,63,89,65.96666666666667,-0.008607607334852219,-1.0044520766159277
TOKYOTECH_s05,63,90,66.0,0.24577702581882477,-1.15645938083638
TOKYOTECH_s05,63,91,66.03333333333333,0.4258355498313904,-1.2334933953595575
TOKYOTECH_s05,63,92,66.06666666666666,0.33437711000442505,-1.2034718706115792
TOKYOTECH_s05,63,93,66.1,0.13090857863426208,-1.049171725530419
TOKYOTECH_s05,63,94,66.13333333333334,-0.13947749137878418,-0.7757619648609717
TOKYOTECH_s05,63,95,66.16666666666667,-0.4689006209373474,-0.41060466224920716
TOKYOTECH_s05,63,96,66.2,-0.7292423844337463,0.003521341798940751
TOKYOTECH_s05,63,97,66.23333333333333,-0.8210480809211731,0.4173894389509938
TOKYOTECH_s05,63,98,66.26666666666667,-0.8178780674934387,0.7830734306237658
TOKYOTECH_s05,63,99,66.3,-0.8513769507408142,1.0599221319894432
TOKYOTECH_s05,63,100,66.33333333333333,-0.8643953800201416,1.219475114228176
TOKYOTECH_s05,63,101,66.36666666666666,-0.8176198601722717,1.2493823392484698
TOKYOTECH_s05,63,102,66.4,-0.7906836271286011,1.155299779429674
TOKYOTECH_s05,63,103,66.43333333333334,-0.8712696433067322,0.9593822390394715
TOKYOTECH_s05,63,104,66.46666666666667,-0.8599430918693542,0.6948894970431317
TOKYOTECH_s05,63,105,66.5,0.05343916267156601,0.39830029677761164
TOKYOTECH_s05,63,106,66.53333333333333,1.4422342777252197,0.1020334588529454
TOKYOTECH_s05,63,107,66.56666666666666,1.9211734533309937,-0.1694008103813378
TOKYOTECH_s05,63,108,66.6,1.6549991369247437,-0.3996398692447615
TOKYOTECH_s05,63,109,66.63333333333334,1.2741880416870117,-0.5793570227730265
TOKYOTECH_s05,63,110,66.66666666666667,0.9499473571777344,-0.705805099587466
TOKYOTECH_s05,63,111,66.7,0.6438897252082825,-0.7826903086007523
TOKYOTECH_s05,63,112,66.73333333333333,0.35118886828422546,-0.8181511772645628
TOKYOTECH_s05,63,113,66.76666666666667,0.24758465588092804,-0.8195578550594457
TOKYOTECH_s05,63,114,66.8,0.35890910029411316,-0.7875477223848997
TOKYOTECH_s05,63,115,66.83333333333333,0.47836336493492126,-0.7142271995662361
TOKYOTECH_s05,63,116,66.86666666666666,0.4717206060886383,-0.5883831895197266
TOKYOTECH_s05,63,117,66.9,0.2762572467327118,-0.40523086542279024
TOKYOTECH_s05,63,118,66.93333333333334,-0.0439140722155571,-0.1739936282990768
TOKYOTECH_s05,63,119,66.96666666666667,-0.3742988705635071,0.08232617704497458
TOKYOTECH_s05,63,120,67.0,-0.6290931105613708,0.33421049933802705
TOKYOTECH_s05,63,121,67.03333333333333,-0.7336145043373108,0.5538808298549294
TOKYOTECH_s05,63,122,67.06666666666666,-0.7269984483718872,0.7197998204878995
TOKYOTECH_s05,63,123,67.1,-0.7611918449401855,0.8176557553900227
TOKYOTECH_s05,63,124,67.13333333333334,-0.8059638142585754,0.8409701528368986
TOKYOTECH_s05,63,125,67.16666666666667,-0.8261949419975281,0.7931744174332808
TOKYOTECH_s05,63,126,67.2,-0.7577992081642151,0.6892740406550836
TOKYOTECH_s05,63,127,67.23333333333333,-0.7866677045822144,0.553335088143011
TOKYOTECH_s05,63,128,67.26666666666667,-0.9776520729064941,0.410650944243661
TOKYOTECH_s05,63,129,67.3,-0.7294293642044067,0.27815924853977175
TOKYOTECH_s05,63,130,67.33333333333333,0.5910056829452515,0.1591161519436402
TOKYOTECH_s05,63,131,67.36666666666666,1.7670538425445557,0.04583672603353059
TOKYOTECH_s05,63,132,67.4,1.876481533050537,-0.07138822059502793
TOKYOTECH_s05,63,133,67.43333333333334,1.5377709865570068,-0.19551088520269103
TOKYOTECH_s05,63,134,67.46666666666667,1.1355979442596436,-0.31968066174133813
TOKYOTECH_s05,63,135,67.5,0.7979469895362854,-0.43096114529685225
TOKYOTECH_s05,63,136,67.53333333333333,0.48164916038513184,-0.5172875686805597
TOKYOTECH_s05,63,137,67.56666666666666,0.21791476011276245,-0.5726258430309945
TOKYOTECH_s05,63,138,67.6,0.19141486287117004,-0.5974911154096914
TOKYOTECH_s05,63,139,67.63333333333334,0.4088100790977478,-0.5956922508925984
TOKYOTECH_s05,63,140,67.66666666666667,0.5517367124557495,-0.5704296220449454
TOKYOTECH_s05,63,141,67.7,0.40004801750183105,-0.5223264056033322
TOKYOTECH_s05,63,142,67.73333333333333,0.09960915893316269,-0.4495322216789001
TOKYOTECH_s05,63,143,67.76666666666667,-0.19389308989048004,-0.3486645166846029
TOKYOTECH_s05,63,144,67.8,-0.39454779028892517,-0.21655943963810345
TOKYOTECH_s05,63,145,67.83333333333333,-0.4891138970851898,-0.053812718135805446
TOKYOTECH_s05,63,146,67.86666666666666,-0.5281869769096375,0.13069062430194178
TOKYOTECH_s05,63,147,67.9,-0.6408203840255737,0.3176432980823784
TOKYOTECH_s05,63,148,67.93333333333334,-0.7123593688011169,0.48097804692390206
TOKYOTECH_s05,63,149,67.96666666666667,-0.6818435788154602,0.5972544855355443
TOKYOTECH_s05,63,150,68.0,-0.5888891816139221,0.6557638344828548
TOKYOTECH_s05,63,151,68.03333333333333,-0.6105093955993652,0.662169339033013
TOKYOTECH_s05,63,152,68.06666666666666,-0.7239353060722351,0.6319265913248026
TOKYOTECH_s05,63,153,68.1,-0.8512967824935913,0.5770425783875431
TOKYOTECH_s05,63,154,68.13333333333334,-0.47163429856300354,0.4958593074108945
TOKYOTECH_s05,63,155,68.16666666666667,0.8137525320053101,0.37460770798046916
TOKYOTECH_s05,63,156,68.2,1.6896467208862305,0.20044964225632605
TOKYOTECH_s05,63,157,68.23333333333333,1.6647051572799683,-0.023691958079369538
TOKYOTECH_s05,63,158,68.26666666666667,1.275550365447998,-0.2736685394592175
TOKYOTECH_s05,63,159,68.3,0.8601362109184265,-0.5120114068344308
TOKYOTECH_s05,63,160,68.33333333333333,0.4847301244735718,-0.7031233024083895
TOKYOTECH_s05,63,161,68.36666666666666,0.14888682961463928,-0.8247948952841961
TOKYOTECH_s05,63,162,68.4,0.07280651479959488,-0.86954657400507
TOKYOTECH_s05,63,163,68.43333333333334,0.243399515748024,-0.8382600558736797
TOKYOTECH_s05,63,164,68.46666666666667,0.43124058842658997,-0.7340635919325154
TOKYOTECH_s05,63,165,68.5,0.46349281072616577,-0.5623688118381059
TOKYOTECH_s05,63,166,68.53333333333333,0.321064829826355,-0.33538916291654625
TOKYOTECH_s05,63,167,68.56666666666666,0.10806845873594284,-0.07446807837421589
TOKYOTECH_s05,63,168,68.6,-0.19056278467178345,0.1934444528200018
TOKYOTECH_s05,63,169,68.63333333333334,-0.4554547667503357,0.44249183028594247
TOKYOTECH_s05,63,170,68.66666666666667,-0.6632865071296692,0.6526735841985821
TOKYOTECH_s05,63,171,68.7,-0.6801695227622986,0.8101953916597522
TOKYOTECH_s05,63,172,68.73333333333333,-0.690365195274353,0.9053731522071196
TOKYOTECH_s05,63,173,68.76666666666667,-0.7113710045814514,0.9319857079342271
TOKYOTECH_s05,63,174,68.8,-0.6763761639595032,0.8894883141527804
TOKYOTECH_s05,63,175,68.83333333333333,-0.6384873986244202,0.7855847872233958
TOKYOTECH_s05,63,176,68.86666666666666,-0.7105517983436584,0.6354489467711629
TOKYOTECH_s05,63,177,68.9,-0.7931680083274841,0.4565085769409538
TOKYOTECH_s05,63,178,68.93333333333334,-0.08588112890720367,0.2620346370384114
TOKYOTECH_s05,63,179,68.96666666666667,1.265862226486206,0.058525003642017036
TOKYOTECH_s05,63,180,69.0,1.832030177116394,-0.1512471886529424
TOKYOTECH_s05,63,181,69.03333333333333,1.638472318649292,-0.36252005449163655
TOKYOTECH_s05,63,182,69.06666666666666,1.2792279720306396,-0.5651993285559749
TOKYOTECH_s05,63,183,69.1,0.9761800765991211,-0.7455872755347581
TOKYOTECH_s05,63,184,69.13333333333334,0.6688846945762634,-0.8911026095531591
TOKYOTECH_s05,63,185,69.16666666666667,0.40178442001342773,-0.9930836431361287
TOKYOTECH_s05,63,186,69.2,0.30716487765312195,-1.0448288130656769
TOKYOTECH_s05,63,187,69.23333333333333,0.426788330078125,-1.0370294444751909
TOKYOTECH_s05,63,188,69.26666666666667,0.5620748996734619,-0.956242812432871
TOKYOTECH_s05,63,189,69.3,0.517561137676239,-0.7904865592541642
TOKYOTECH_s05,63,190,69.33333333333333,0.2797478139400482,-0.5397327026127493
TOKYOTECH_s05,63,191,69.36666666666666,-0.027636589482426643,-0.2237167130036686
TOKYOTECH_s05,63,192,69.4,-0.3112013638019562,0.1196274995509637
TOKYOTECH_s05,63,193,69.43333333333334,-0.511286199092865,0.4453095715644619
TOKYOTECH_s05,63,194,69.46666666666667,-0.601195216178894,0.7151732458464659
TOKYOTECH_s05,63,195,69.5,-0.6754412055015564,0.9062338065094293
TOKYOTECH_s05,63,196,69.53333333333333,-0.7430087924003601,1.0109025763372912
TOKYOTECH_s05,63,197,69.56666666666666,-0.8119654655456543,1.0329564507024664
TOKYOTECH_s05,63,198,69.6,-0.8078871965408325,0.9837247887063969
TOKYOTECH_s05,63,199,69.63333333333334,-0.7844059467315674,0.8794994523654611
TOKYOTECH_s05,63,200,69.66666666666667,-0.8183589577674866,0.7386858620688732
TOKYOTECH_s05,63,201,69.7,-0.8913671970367432,0.5779063065528365
TOKYOTECH_s05,63,202,69.73333333333333,-0.5880699753761292,0.40888875635126315
TOKYOTECH_s05,63,203,69.76666666666667,0.7311807870864868,0.23871681382565452
TOKYOTECH_s05,63,204,69.8,1.8320835828781128,0.07296845373075346
TOKYOTECH_s05,63,205,69.83333333333333,1.9406208992004395,-0.0819303327529725
TOKYOTECH_s05,63,206,69.86666666666666,1.6601637601852417,-0.220087374940981
TOKYOTECH_s05,63,207,69.9,1.3675074577331543,-0.3403687230536861
TOKYOTECH_s05,63,208,69.93333333333334,1.1225082874298096,-0.4491662241825155
TOKYOTECH_s05,63,209,69.96666666666667,0.7950975298881531,-0.5574910220916813
TOKYOTECH_s05,63,210,70.0,0.5075702667236328,-0.6723014385027455
TOKYOTECH_s05,63,211,70.03333333333333,0.46912938356399536,-0.787154439707967
TOKYOTECH_s05,63,212,70.06666666666666,0.6132314205169678,-0.8793654927952602
TOKYOTECH_s05,63,213,70.1,0.6904515027999878,-0.9174742352718236
TOKYOTECH_s05,63,214,70.13333333333334,0.4952641725540161,-0.8754498497093796
TOKYOTECH_s05,63,215,70.16666666666667,0.17485244572162628,-0.7448318337010997
TOKYOTECH_s05,63,216,70.2,-0.17947664856910706,-0.5377364352502828
TOKYOTECH_s05,63,217,70.23333333333333,-0.36233118176460266,-0.2805396501898346
TOKYOTECH_s05,63,218,70.26666666666667,-0.47073495388031006,-0.0043600687061506795
TOKYOTECH_s05,63,219,70.3,-0.6666791439056396,0.261108490657722
TOKYOTECH_s05,63,220,70.33333333333333,-0.7626610994338989,0.4896460397608299
TOKYOTECH_s05,63,221,70.36666666666666,-0.7083434462547302,0.6604009672688619
TOKYOTECH_s05,63,222,70.4,-0.7395538091659546,0.7615254620384776
TOKYOTECH_s05,63,223,70.43333333333334,-0.8140847682952881,0.7927223272100977
TOKYOTECH_s05,63,224,70.46666666666667,-0.7611651420593262,0.7631124167712714
TOKYOTECH_s05,63,225,70.5,-0.8653748631477356,0.6846785957562923
TOKYOTECH_s05,63,226,70.53333333333333,-1.0307587385177612,0.5661711462981539
TOKYOTECH_s05,63,227,70.56666666666666,-0.5870192050933838,0.41285955583192385
TOKYOTECH_s05,63,228,70.6,0.7293999195098877,0.23235828212843054
TOKYOTECH_s05,63,229,70.63333333333334,1.7773830890655518,0.04091706313996989
TOKYOTECH_s05,63,230,70.66666666666667,1.8756178617477417,-0.1362524339066391
TOKYOTECH_s05,63,231,70.7,1.622782588005066,-0.27252008996007404
TOKYOTECH_s05,63,232,70.73333333333333,1.3249794244766235,-0.35095962399847463
TOKYOTECH_s05,63,233,70.76666666666667,0.9807748198509216,-0.37161213210051985
TOKYOTECH_s05,63,234,70.8,0.6478700041770935,-0.3499326364122619
TOKYOTECH_s05,63,235,70.83333333333333,0.42903226613998413,-0.30757723478186794
TOKYOTECH_s05,63,236,70.86666666666666,0.46738409996032715,-0.26189372114369863
TOKYOTECH_s05,63,237,70.9,0.5567499399185181,-0.22063204432472477
TOKYOTECH_s05,63,238,70.93333333333334,0.5613001585006714,-0.18319954931728846
TOKYOTECH_s05,63,239,70.96666666666667,0.4119444787502289,-0.14475679188288887
TOKYOTECH_s05,64,0,64.0,-1.1215581893920898,-0.10910706178912798
TOKYOTECH_s05,64,1,64.03333333333333,-1.1971131563186646,-1.248618261941153
TOKYOTECH_s05,64,2,64.06666666666666,-1.199357032775879,-2.22230228341419
TOKYOTECH_s05,64,3,64.1,-0.6514791250228882,-2.9084205816738367
TOKYOTECH_s05,64,4,64.13333333333334,0.8014464974403381,-3.257101891799802
TOKYOTECH_s05,64,5,64.16666666666667,1.7721027135849,-3.2940967551991447
TOKYOTECH_s05,64,6,64.2,1.554208755493164,-3.099958134828854
TOKYOTECH_s05,64,7,64.23333333333333,1.0906745195388794,-2.7783474247855287
TOKYOTECH_s05,64,8,64.26666666666667,0.761990487575531,-2.427380569371783
TOKYOTECH_s05,64,9,64.3,0.35492876172065735,-2.119699945691465
TOKYOTECH_s05,64,10,64.33333333333333,0.030020248144865036,-1.8912193247241882
TOKYOTECH_s05,64,11,64.36666666666666,-0.11970943957567215,-1.73786642320895
TOKYOTECH_s05,64,12,64.4,-0.08122405409812927,-1.621035880201167
TOKYOTECH_s05,64,13,64.43333333333334,0.21761199831962585,-1.482128714762238
TOKYOTECH_s05,64,14,64.46666666666667,0.21279464662075043,-1.2631087692082543
TOKYOTECH_s05,64,15,64.5,0.0460929237306118,-0.926340912359217
TOKYOTECH_s05,64,16,64.53333333333333,-0.16471293568611145,-0.46672278118085225
TOKYOTECH_s05,64,17,64.56666666666666,-0.4553835391998291,0.08725763154421959
TOKYOTECH_s05,64,18,64.6,-0.7088332176208496,0.6817807729812188
TOKYOTECH_s05,64,19,64.63333333333334,-0.8743239045143127,1.2506725389069187
TOKYOTECH_s05,64,20,64.66666666666667,-1.0013024806976318,1.7295478025671103
TOKYOTECH_s05,64,21,64.7,-0.9637877345085144,2.069224257370792
TOKYOTECH_s05,64,22,64.73333333333333,-0.9669488072395325,2.2457708198299167
TOKYOTECH_s05,64,23,64.76666666666667,-0.9480623006820679,2.263617318758055
TOKYOTECH_s05,64,24,64.8,-0.9146881699562073,2.150091018710058
TOKYOTECH_s05,64,25,64.83333333333333,-0.9741882085800171,1.943728684426386
TOKYOTECH_s05,64,26,64.86666666666666,-1.0713545083999634,1.6818181486132584
TOKYOTECH_s05,64,27,64.9,-0.5863780975341797,1.3925433659914483
TOKYOTECH_s05,64,28,64.93333333333334,0.73332679271698,1.0936275304194734
TOKYOTECH_s05,64,29,64.96666666666667,1.5542800426483154,0.7950917256651702
TOKYOTECH_s05,64,30,65.0,1.3940608501434326,0.501890252225468
TOKYOTECH_s05,64,31,65.03333333333333,0.9428325891494751,0.21415005335539644
TOKYOTECH_s05,64,32,65.06666666666666,0.522663414478302,-0.07303767143480369
TOKYOTECH_s05,64,33,65.1,0.10563752055168152,-0.36637994943142493
TOKYOTECH_s05,64,34,65.13333333333334,-0.29560062289237976,-0.6668188513209649
TOKYOTECH_s05,64,35,65.16666666666667,-0.45509859919548035,-0.9615055592997892
TOKYOTECH_s05,64,36,65.2,-0.16489103436470032,-1.2209274371769114
TOKYOTECH_s05,64,37,65.23333333333333,0.20157493650913239,-1.4043960921239462
TOKYOTECH_s05,64,38,65.26666666666667,0.21007876098155975,-1.4723579050439073
TOKYOTECH_s05,64,39,65.3,-0.03495611622929573,-1.400030481013509
TOKYOTECH_s05,64,40,65.33333333333333,-0.28150475025177,-1.1862335956294654
TOKYOTECH_s05,64,41,65.36666666666666,-0.4778941869735718,-0.8542402450940131
TOKYOTECH_s05,64,42,65.4,-0.8115469813346863,-0.4459985689240364
TOKYOTECH_s05,64,43,65.43333333333334,-0.9448300004005432,-0.01364127612075583
TOKYOTECH_s05,64,44,65.46666666666667,-1.006529450416565,0.38895583699954744
TOKYOTECH_s05,64,45,65.5,-1.0479623079299927,0.714135613995369
TOKYOTECH_s05,64,46,65.53333333333333,-0.9700120091438293,0.9279235941240976
TOKYOTECH_s05,64,47,65.56666666666666,-0.9515261650085449,1.015741378440647
TOKYOTECH_s05,64,48,65.6,-0.8998086452484131,0.9842056852072208
TOKYOTECH_s05,64,49,65.63333333333334,-0.8878855109214783,0.8575404016742467
TOKYOTECH_s05,64,50,65.66666666666667,-0.7824291586875916,0.6694002908964425
TOKYOTECH_s05,64,51,65.7,0.4400649964809418,0.4533467937360231
TOKYOTECH_s05,64,52,65.73333333333333,1.710314154624939,0.23600376527266412
TOKYOTECH_s05,64,53,65.76666666666667,1.8510323762893677,0.03499507002400933
TOKYOTECH_s05,64,54,65.8,1.485341191291809,-0.1398621911958114
TOKYOTECH_s05,64,55,65.83333333333333,1.0715832710266113,-0.28537804277926404
TOKYOTECH_s05,64,56,65.86666666666666,0.6378079056739807,-0.4049274588939422
TOKYOTECH_s05,64,57,65.9,0.2828555107116699,-0.5075879330220819
TOKYOTECH_s05,64,58,65.93333333333334,-0.005847203079611063,-0.6043938616755897
TOKYOTECH_s05,64,59,65.96666666666667,-0.008607607334852219,-0.702017415749462
TOKYOTECH_s05,64,60,66.0,0.24577702581882477,-0.7966765196958332
TOKYOTECH_s05,64,61,66.03333333333333,0.4258355498313904,-0.8717634188325565
TOKYOTECH_s05,64,62,66.06666666666666,0.33437711000442505,-0.9010295999053641
TOKYOTECH_s05,64,63,66.1,0.13090857863426208,-0.8562134446607202
TOKYOTECH_s05,64,64,66.13333333333334,-0.13947749137878418,-0.7157486378901255
TOKYOTECH_s05,64,65,66.16666666666667,-0.4689006209373474,-0.4715390813450868
TOKYOTECH_s05,64,66,66.2,-0.7292423844337463,-0.13340275093805237
TOKYOTECH_s05,64,67,66.23333333333333,-0.8210480809211731,0.26810743189059805
TOKYOTECH_s05,64,68,66.26666666666667,-0.8178780674934387,0.6821972419929527
TOKYOTECH_s05,64,69,66.3,-0.8513769507408142,1.0449998570835193
TOKYOTECH_s05,64,70,66.33333333333333,-0.8643953800201416,1.2937794191850487
TOKYOTECH_s05,64,71,66.36666666666666,-0.8176198601722717,1.3836681959134756
TOKYOTECH_s05,64,72,66.4,-0.7906836271286011,1.300377309537714
TOKYOTECH_s05,64,73,66.43333333333334,-0.8712696433067322,1.0638929872549432
TOKYOTECH_s05,64,74,66.46666666666667,-0.8599430918693542,0.7218372791148182
TOKYOTECH_s05,64,75,66.5,0.05343916267156601,0.3353508490691542
TOKYOTECH_s05,64,76,66.53333333333333,1.4422342777252197,-0.036679382201761014
TOKYOTECH_s05,64,77,66.56666666666666,1.9211734533309937,-0.3494186388548054
TOKYOTECH_s05,64,78,66.6,1.6549991369247437,-0.5776880732487741
TOKYOTECH_s05,64,79,66.63333333333334,1.2741880416870117,-0.7164808998500206
TOKYOTECH_s05,64,80,66.66666666666667,0.9499473571777344,-0.7779327326828608
TOKYOTECH_s05,64,81,66.7,0.6438897252082825,-0.7850762278972445
TOKYOTECH_s05,64,82,66.73333333333333,0.35118886828422546,-0.7625410083695451
TOKYOTECH_s05,64,83,66.76666666666667,0.24758465588092804,-0.7261615017245807
TOKYOTECH_s05,64,84,66.8,0.35890910029411316,-0.6759587765068026
TOKYOTECH_s05,64,85,66.83333333333333,0.47836336493492126,-0.5972291645669855
TOKYOTECH_s05,64,86,66.86666666666666,0.4717206060886383,-0.47071806316458004
TOKYOTECH_s05,64,87,66.9,0.2762572467327118,-0.28691574168856443
TOKYOTECH_s05,64,88,66.93333333333334,-0.0439140722155571,-0.055591347814195044
TOKYOTECH_s05,64,89,66.96666666666667,-0.3742988705635071,0.1959091290601337
TOKYOTECH_s05,64,90,67.0,-0.6290931105613708,0.4336374773919321
TOKYOTECH_s05,64,91,67.03333333333333,-0.7336145043373108,0.6287356517200141
TOKYOTECH_s05,64,92,67.06666666666666,-0.7269984483718872,0.7630055623216856
TOKYOTECH_s05,64,93,67.1,-0.7611918449401855,0.8281442738332256
TOKYOTECH_s05,64,94,67.13333333333334,-0.8059638142585754,0.822993878190687
TOKYOTECH_s05,64,95,67.16666666666667,-0.8261949419975281,0.7527059641200411
TOKYOTECH_s05,64,96,67.2,-0.7577992081642151,0.6297138453236414
TOKYOTECH_s05,64,97,67.23333333333333,-0.7866677045822144,0.47325457553606126
TOKYOTECH_s05,64,98,67.26666666666667,-0.9776520729064941,0.30517537064528355
TOKYOTECH_s05,64,99,67.3,-0.7294293642044067,0.14348150609584834
TOKYOTECH_s05,64,100,67.33333333333333,0.5910056829452515,-0.0021848252068234156
TOKYOTECH_s05,64,101,67.36666666666666,1.7670538425445557,-0.129901110836486
TOKYOTECH_s05,64,102,67.4,1.876481533050537,-0.2407065535285843
TOKYOTECH_s05,64,103,67.43333333333334,1.5377709865570068,-0.3341556377966685
TOKYOTECH_s05,64,104,67.46666666666667,1.1355979442596436,-0.40760305341250336
TOKYOTECH_s05,64,105,67.5,0.7979469895362854,-0.4588659062460137
TOKYOTECH_s05,64,106,67.53333333333333,0.48164916038513184,-0.48907522176804835
TOKYOTECH_s05,64,107,67.56666666666666,0.21791476011276245,-0.5026297797399186
TOKYOTECH_s05,64,108,67.6,0.19141486287117004,-0.5038747767763945
TOKYOTECH_s05,64,109,67.63333333333334,0.4088100790977478,-0.49310297223734045
TOKYOTECH_s05,64,110,67.66666666666667,0.5517367124557495,-0.46524170082461214
TOKYOTECH_s05,64,111,67.7,0.40004801750183105,-0.4124631104207224
TOKYOTECH_s05,64,112,67.73333333333333,0.09960915893316269,-0.32858468625379944
TOKYOTECH_s05,64,113,67.76666666666667,-0.19389308989048004,-0.21210482588925794
TOKYOTECH_s05,64,114,67.8,-0.39454779028892517,-0.06738614711631304
TOKYOTECH_s05,64,115,67.83333333333333,-0.4891138970851898,0.09430444952585648
TOKYOTECH_s05,64,116,67.86666666666666,-0.5281869769096375,0.253965055155082
TOKYOTECH_s05,64,117,67.9,-0.6408203840255737,0.3870270159728142
TOKYOTECH_s05,64,118,67.93333333333334,-0.7123593688011169,0.4706171737277821
TOKYOTECH_s05,64,119,67.96666666666667,-0.6818435788154602,0.4939798349148422
TOKYOTECH_s05,64,120,68.0,-0.5888891816139221,0.46596602439899404
TOKYOTECH_s05,64,121,68.03333333333333,-0.6105093955993652,0.4129068509450117
TOKYOTECH_s05,64,122,68.06666666666666,-0.7239353060722351,0.3649306814539547
TOKYOTECH_s05,64,123,68.1,-0.8512967824935913,0.336902635778987
TOKYOTECH_s05,64,124,68.13333333333334,-0.47163429856300354,0.31643579720795995
TOKYOTECH_s05,64,125,68.16666666666667,0.8137525320053101,0.2691895109911245
TOKYOTECH_s05,64,126,68.2,1.6896467208862305,0.15987851963771038
TOKYOTECH_s05,64,127,68.23333333333333,1.6647051572799683,-0.024381101783406134
TOKYOTECH_s05,64,128,68.26666666666667,1.275550365447998,-0.26338107354562545
TOKYOTECH_s05,64,129,68.3,0.8601362109184265,-0.5117073314171708
TOKYOTECH_s05,64,130,68.33333333333333,0.4847301244735718,-0.7184250431866466
TOKYOTECH_s05,64,131,68.36666666666666,0.14888682961463928,-0.845116773925041
TOKYOTECH_s05,64,132,68.4,0.07280651479959488,-0.873101997481666
TOKYOTECH_s05,64,133,68.43333333333334,0.243399515748024,-0.8005289723760994
TOKYOTECH_s05,64,134,68.46666666666667,0.43124058842658997,-0.6366035704955324
TOKYOTECH_s05,64,135,68.5,0.46349281072616577,-0.3990792505543985
TOKYOTECH_s05,64,136,68.53333333333333,0.321064829826355,-0.1143615762671153
TOKYOTECH_s05,64,137,68.56666666666666,0.10806845873594284,0.18479808070394255
TOKYOTECH_s05,64,138,68.6,-0.19056278467178345,0.4658233753899282
TOKYOTECH_s05,64,139,68.63333333333334,-0.4554547667503357,0.7031459608932251
TOKYOTECH_s05,64,140,68.66666666666667,-0.6632865071296692,0.8805208155035384
TOKYOTECH_s05,64,141,68.7,-0.6801695227622986,0.9882036616504843
TOKYOTECH_s05,64,142,68.73333333333333,-0.690365195274353,1.0193449116314743
TOKYOTECH_s05,64,143,68.76666666666667,-0.7113710045814514,0.9707231546188116
TOKYOTECH_s05,64,144,68.8,-0.6763761639595032,0.8480689521975804
TOKYOTECH_s05,64,145,68.83333333333333,-0.6384873986244202,0.6705320851566132
TOKYOTECH_s05,64,146,68.86666666666666,-0.7105517983436584,0.46807064949271077
TOKYOTECH_s05,64,147,68.9,-0.7931680083274841,0.27064404750305926
TOKYOTECH_s05,64,148,68.93333333333334,-0.08588112890720367,0.09533240210780722
TOKYOTECH_s05,64,149,68.96666666666667,1.265862226486206,-0.05960361949385924
TOKYOTECH_s05,64,150,69.0,1.832030177116394,-0.20952455066140926
TOKYOTECH_s05,64,151,69.03333333333333,1.638472318649292,-0.370941019539657
TOKYOTECH_s05,64,152,69.06666666666666,1.2792279720306396,-0.5501111009136204
TOKYOTECH_s05,64,153,69.1,0.9761800765991211,-0.7390721037752465
TOKYOTECH_s05,64,154,69.13333333333334,0.6688846945762634,-0.9190688325765259
TOKYOTECH_s05,64,155,69.16666666666667,0.40178442001342773,-1.066442516237576
TOKYOTECH_s05,64,156,69.2,0.30716487765312195,-1.156864603714149
TOKYOTECH_s05,64,157,69.23333333333333,0.426788330078125,-1.1679499855981734
TOKYOTECH_s05,64,158,69.26666666666667,0.5620748996734619,-1.082887515070343
TOKYOTECH_s05,64,159,69.3,0.517561137676239,-0.8964817132511934
TOKYOTECH_s05,64,160,69.33333333333333,0.2797478139400482,-0.6210907165064699
TOKYOTECH_s05,64,161,69.36666666666666,-0.027636589482426643,-0.287503308379498
TOKYOTECH_s05,64,162,69.4,-0.3112013638019562,0.062027583700668756
TOKYOTECH_s05,64,163,69.43333333333334,-0.511286199092865,0.38599103533536966
TOKYOTECH_s05,64,164,69.46666666666667,-0.601195216178894,0.6541500721022787
TOKYOTECH_s05,64,165,69.5,-0.6754412055015564,0.8505675880744241
TOKYOTECH_s05,64,166,69.53333333333333,-0.7430087924003601,0.9698333320952086
TOKYOTECH_s05,64,167,69.56666666666666,-0.8119654655456543,1.012397063218308
TOKYOTECH_s05,64,168,69.6,-0.8078871965408325,0.9832237529367586
TOKYOTECH_s05,64,169,69.63333333333334,-0.7844059467315674,0.8927064060394659
TOKYOTECH_s05,64,170,69.66666666666667,-0.8183589577674866,0.7561117263551952
TOKYOTECH_s05,64,171,69.7,-0.8913671970367432,0.5898353527969438
TOKYOTECH_s05,64,172,69.73333333333333,-0.5880699753761292,0.40708589236846265
TOKYOTECH_s05,64,173,69.76666666666667,0.7311807870864868,0.2172397158019113
TOKYOTECH_s05,64,174,69.8,1.8320835828781128,0.029452990202649625
TOKYOTECH_s05,64,175,69.83333333333333,1.9406208992004395,-0.14366411887395777
TOKYOTECH_s05,64,176,69.86666666666666,1.6601637601852417,-0.28707480721849676
TOKYOTECH_s05,64,177,69.9,1.3675074577331543,-0.3896722184881832
TOKYOTECH_s05,64,178,69.93333333333334,1.1225082874298096,-0.45121080377916445
TOKYOTECH_s05,64,179,69.96666666666667,0.7950975298881531,-0.4833541794895155
TOKYOTECH_s05,64,180,70.0,0.5075702667236328,-0.5025989464591001
TOKYOTECH_s05,64,181,70.03333333333333,0.46912938356399536,-0.519409423765612
TOKYOTECH_s05,64,182,70.06666666666666,0.6132314205169678,-0.531283368179947
TOKYOTECH_s05,64,183,70.1,0.6904515027999878,-0.524753156237391
TOKYOTECH_s05,64,184,70.13333333333334,0.4952641725540161,-0.4841928999430457
TOKYOTECH_s05,64,185,70.16666666666667,0.17485244572162628,-0.4002088168226116
TOKYOTECH_s05,64,186,70.2,-0.17947664856910706,-0.2721915226307565
TOKYOTECH_s05,64,187,70.23333333333333,-0.36233118176460266,-0.10580128714006574
TOKYOTECH_s05,64,188,70.26666666666667,-0.47073495388031006,0.08933016595605349
TOKYOTECH_s05,64,189,70.3,-0.6666791439056396,0.2979999173706353
TOKYOTECH_s05,64,190,70.33333333333333,-0.7626610994338989,0.4968849773413234
TOKYOTECH_s05,64,191,70.36666666666666,-0.7083434462547302,0.6574313428256758
TOKYOTECH_s05,64,192,70.4,-0.7395538091659546,0.7553826823283322
TOKYOTECH_s05,64,193,70.43333333333334,-0.8140847682952881,0.7804833065851553
TOKYOTECH_s05,64,194,70.46666666666667,-0.7611651420593262,0.7384859839064691
TOKYOTECH_s05,64,195,70.5,-0.8653748631477356,0.6437105578190824
TOKYOTECH_s05,64,196,70.53333333333333,-1.0307587385177612,0.5087961296655001
TOKYOTECH_s05,64,197,70.56666666666666,-0.5870192050933838,0.34086044463528187
TOKYOTECH_s05,64,198,70.6,0.7293999195098877,0.14660988096734737
TOKYOTECH_s05,64,199,70.63333333333334,1.7773830890655518,-0.05998682737322149
TOKYOTECH_s05,64,200,70.66666666666667,1.8756178617477417,-0.256231900335974
TOKYOTECH_s05,64,201,70.7,1.622782588005066,-0.418709002487631
TOKYOTECH_s05,64,202,70.73333333333333,1.3249794244766235,-0.5354663123949971
TOKYOTECH_s05,64,203,70.76666666666667,0.9807748198509216,-0.6126496804968976
TOKYOTECH_s05,64,204,70.8,0.6478700041770935,-0.6696769012840679
TOKYOTECH_s05,64,205,70.83333333333333,0.42903226613998413,-0.7256505675969003
TOKYOTECH_s05,64,206,70.86666666666666,0.46738409996032715,-0.7862026447622398
TOKYOTECH_s05,64,207,70.9,0.5567499399185181,-0.839344322907842
TOKYOTECH_s05,64,208,70.93333333333334,0.5613001585006714,-0.8615053020330575
TOKYOTECH_s05,64,209,70.96666666666667,0.4119444787502289,-0.82787297848176
TOKYOTECH_s05,64,210,71.0,0.20156604051589966,-0.7206776349436246
TOKYOTECH_s05,64,211,71.03333333333333,-0.10241684317588806,-0.5335772021543598
TOKYOTECH_s05,64,212,71.06666666666666,-0.4239327311515808,-0.27420933109890105
TOKYOTECH_s05,64,213,71.1,-0.5948730111122131,0.033649676341381676
TOKYOTECH_s05,64,214,71.13333333333334,-0.7067228555679321,0.35123549336659854
TOKYOTECH_s05,64,215,71.16666666666667,-0.8424011468887329,0.6335795612907126
TOKYOTECH_s05,64,216,71.2,-0.7759644389152527,0.8445742466992648
TOKYOTECH_s05,64,217,71.23333333333333,-0.7993121147155762,0.9699918449117046
TOKYOTECH_s05,64,218,71.26666666666667,-0.8704326152801514,1.019619216338042
TOKYOTECH_s05,64,219,71.3,-0.8660159707069397,1.0165144374641726
TOKYOTECH_s05,64,220,71.33333333333333,-1.0151491165161133,0.980615030321682
TOKYOTECH_s05,64,221,71.36666666666666,-1.0866079330444336,0.9180049048912172
TOKYOTECH_s05,64,222,71.4,-0.9211528301239014,0.8222435699755427
TOKYOTECH_s05,64,223,71.43333333333334,-0.013380436226725578,0.6849732961081455
TOKYOTECH_s05,64,224,71.46666666666667,1.4307208061218262,0.5070569873175462
TOKYOTECH_s05,64,225,71.5,1.9482343196868896,0.3023435178252877
TOKYOTECH_s05,64,226,71.53333333333333,1.7212488651275635,0.0924892095852922
TOKYOTECH_s05,64,227,71.56666666666666,1.3181941509246826,-0.10225238647037753
TOKYOTECH_s05,64,228,71.6,0.9598046541213989,-0.2696188544293205
TOKYOTECH_s05,64,229,71.63333333333334,0.650701642036438,-0.4059010252148581
TOKYOTECH_s05,64,230,71.66666666666667,0.35530275106430054,-0.5121085940687803
TOKYOTECH_s05,64,231,71.7,0.31106504797935486,-0.5900062519910727
TOKYOTECH_s05,64,232,71.73333333333333,0.47983261942863464,-0.640625163480998
TOKYOTECH_s05,64,233,71.76666666666667,0.5834546685218811,-0.6645713563465137
TOKYOTECH_s05,64,234,71.8,0.4793606698513031,-0.6621660456378744
TOKYOTECH_s05,64,235,71.83333333333333,0.18438029289245605,-0.6327598973874783
TOKYOTECH_s05,64,236,71.86666666666666,-0.08949636667966843,-0.5746283342287081
TOKYOTECH_s05,64,237,71.9,-0.34707772731781006,-0.48701290284461646
TOKYOTECH_s05,64,238,71.93333333333334,-0.6017205715179443,-0.3733975744910937
TOKYOTECH_s05,64,239,71.96666666666667,-0.8203268051147461,-0.24315354817732693
TOKYOTECH_s05,65,0,65.0,1.3940608501434326,-0.10945813340116864
TOKYOTECH_s05,65,1,65.03333333333333,0.9428325891494751,-1.7906376916828821
TOKYOTECH_s05,65,2,65.06666666666666,0.522663414478302,-3.2344733345613284
TOKYOTECH_s05,65,3,65.1,0.10563752055168152,-4.263290688596512
TOKYOTECH_s05,65,4,65.13333333333334,-0.29560062289237976,-4.796736224335844
TOKYOTECH_s05,65,5,65.16666666666667,-0.45509859919548035,-4.85778261977297
TOKYOTECH_s05,65,6,65.2,-0.16489103436470032,-4.544529521020341
TOKYOTECH_s05,65,7,65.23333333333333,0.20157493650913239,-3.985565195987885
TOKYOTECH_s05,65,8,65.26666666666667,0.21007876098155975,-3.3005338803916415
TOKYOTECH_s05,65,9,65.3,-0.03495611622929573,-2.578080517999212
TOKYOTECH_s05,65,10,65.33333333333333,-0.28150475025177,-1.8715005456849174
TOKYOTECH_s05,65,11,65.36666666666666,-0.4778941869735718,-1.2054846485879538
TOKYOTECH_s05,65,12,65.4,-0.8115469813346863,-0.5869828707176732
TOKYOTECH_s05,65,13,65.43333333333334,-0.9448300004005432,-0.016044197783709524
TOKYOTECH_s05,65,14,65.46666666666667,-1.006529450416565,0.5055682162038757
TOKYOTECH_s05,65,15,65.5,-1.0479623079299927,0.9695761962429503
TOKYOTECH_s05,65,16,65.53333333333333,-0.9700120091438293,1.3610869030820867
TOKYOTECH_s05,65,17,65.56666666666666,-0.9515261650085449,1.662614193019137
TOKYOTECH_s05,65,18,65.6,-0.8998086452484131,1.85984351530655
TOKYOTECH_s05,65,19,65.63333333333334,-0.8878855109214783,1.9460195030042728
TOKYOTECH_s05,65,20,65.66666666666667,-0.7824291586875916,1.9230636043664104
TOKYOTECH_s05,65,21,65.7,0.4400649964809418,1.7998919316247144
TOKYOTECH_s05,65,22,65.73333333333333,1.710314154624939,1.59015492992945
TOKYOTECH_s05,65,23,65.76666666666667,1.8510323762893677,1.3113069443438061
TOKYOTECH_s05,65,24,65.8,1.485341191291809,0.9847118939697291
TOKYOTECH_s05,65,25,65.83333333333333,1.0715832710266113,0.6349036526556203
TOKYOTECH_s05,65,26,65.86666666666666,0.6378079056739807,0.2870355587331442
TOKYOTECH_s05,65,27,65.9,0.2828555107116699,-0.036430230785252274
TOKYOTECH_s05,65,28,65.93333333333334,-0.005847203079611063,-0.317927311008756
TOKYOTECH_s05,65,29,65.96666666666667,-0.008607607334852219,-0.5448493225298469
TOKYOTECH_s05,65,30,66.0,0.24577702581882477,-0.7080161770202277
TOKYOTECH_s05,65,31,66.03333333333333,0.4258355498313904,-0.8001936699389336
TOKYOTECH_s05,65,32,66.06666666666666,0.33437711000442505,-0.816107146093998
TOKYOTECH_s05,65,33,66.1,0.13090857863426208,-0.7538922167176426
TOKYOTECH_s05,65,34,66.13333333333334,-0.13947749137878418,-0.6163289977191544
TOKYOTECH_s05,65,35,66.16666666666667,-0.4689006209373474,-0.41064934574550943
TOKYOTECH_s05,65,36,66.2,-0.7292423844337463,-0.14834591533918604
TOKYOTECH_s05,65,37,66.23333333333333,-0.8210480809211731,0.15267650273510985
TOKYOTECH_s05,65,38,66.26666666666667,-0.8178780674934387,0.46450886463331115
TOKYOTECH_s05,65,39,66.3,-0.8513769507408142,0.7484608719976518
TOKYOTECH_s05,65,40,66.33333333333333,-0.8643953800201416,0.9603335586503655
TOKYOTECH_s05,65,41,66.36666666666666,-0.8176198601722717,1.060892772379513
TOKYOTECH_s05,65,42,66.4,-0.7906836271286011,1.027305900175908
TOKYOTECH_s05,65,43,66.43333333333334,-0.8712696433067322,0.8604812416373946
TOKYOTECH_s05,65,44,66.46666666666667,-0.8599430918693542,0.5850716049974688
TOKYOTECH_s05,65,45,66.5,0.05343916267156601,0.2424139106752752
TOKYOTECH_s05,65,46,66.53333333333333,1.4422342777252197,-0.11999313220428404
TOKYOTECH_s05,65,47,66.56666666666666,1.9211734533309937,-0.45808105615162414
TOKYOTECH_s05,65,48,66.6,1.6549991369247437,-0.7377708937497431
TOKYOTECH_s05,65,49,66.63333333333334,1.2741880416870117,-0.9388594793940679
TOKYOTECH_s05,65,50,66.66666666666667,0.9499473571777344,-1.0565863644185893
TOKYOTECH_s05,65,51,66.7,0.6438897252082825,-1.0999282544159728
TOKYOTECH_s05,65,52,66.73333333333333,0.35118886828422546,-1.0856214812455198
TOKYOTECH_s05,65,53,66.76666666666667,0.24758465588092804,-1.029059505300439
TOKYOTECH_s05,65,54,66.8,0.35890910029411316,-0.9362893756761589
TOKYOTECH_s05,65,55,66.83333333333333,0.47836336493492126,-0.8022474999627782
TOKYOTECH_s05,65,56,66.86666666666666,0.4717206060886383,-0.6171852436824654
TOKYOTECH_s05,65,57,66.9,0.2762572467327118,-0.3777476121302323
TOKYOTECH_s05,65,58,66.93333333333334,-0.0439140722155571,-0.09534947338676605
TOKYOTECH_s05,65,59,66.96666666666667,-0.3742988705635071,0.20402882965206182
TOKYOTECH_s05,65,60,67.0,-0.6290931105613708,0.4879468768541463
TOKYOTECH_s05,65,61,67.03333333333333,-0.7336145043373108,0.7272992951264486
TOKYOTECH_s05,65,62,67.06666666666666,-0.7269984483718872,0.9022303660159664
TOKYOTECH_s05,65,63,67.1,-0.7611918449401855,1.0031480811864728
TOKYOTECH_s05,65,64,67.13333333333334,-0.8059638142585754,1.0292317603225452
TOKYOTECH_s05,65,65,67.16666666666667,-0.8261949419975281,0.9869529176311405
TOKYOTECH_s05,65,66,67.2,-0.7577992081642151,0.8888706668041694
TOKYOTECH_s05,65,67,67.23333333333333,-0.7866677045822144,0.751174945146433
TOKYOTECH_s05,65,68,67.26666666666667,-0.9776520729064941,0.5892670200285591
TOKYOTECH_s05,65,69,67.3,-0.7294293642044067,0.413164920345622
TOKYOTECH_s05,65,70,67.33333333333333,0.5910056829452515,0.22611486528701977
TOKYOTECH_s05,65,71,67.36666666666666,1.7670538425445557,0.028325120753979346
TOKYOTECH_s05,65,72,67.4,1.876481533050537,-0.17641289034635851
TOKYOTECH_s05,65,73,67.43333333333334,1.5377709865570068,-0.37631088497168375
TOKYOTECH_s05,65,74,67.46666666666667,1.1355979442596436,-0.5528631978889303
TOKYOTECH_s05,65,75,67.5,0.7979469895362854,-0.6869829854196183
TOKYOTECH_s05,65,76,67.53333333333333,0.48164916038513184,-0.7658909178252622
TOKYOTECH_s05,65,77,67.56666666666666,0.21791476011276245,-0.7865292016416513
TOKYOTECH_s05,65,78,67.6,0.19141486287117004,-0.7540672463203186
TOKYOTECH_s05,65,79,67.63333333333334,0.4088100790977478,-0.6774726961309974
TOKYOTECH_s05,65,80,67.66666666666667,0.5517367124557495,-0.5655931144384574
TOKYOTECH_s05,65,81,67.7,0.40004801750183105,-0.425820009165175
TOKYOTECH_s05,65,82,67.73333333333333,0.09960915893316269,-0.2645488600613081
TOKYOTECH_s05,65,83,67.76666666666667,-0.19389308989048004,-0.0876720168690674
TOKYOTECH_s05,65,84,67.8,-0.39454779028892517,0.09852719663876564
TOKYOTECH_s05,65,85,67.83333333333333,-0.4891138970851898,0.28458962473176624
TOKYOTECH_s05,65,86,67.86666666666666,-0.5281869769096375,0.4546107461960073
TOKYOTECH_s05,65,87,67.9,-0.6408203840255737,0.5867258730079289
TOKYOTECH_s05,65,88,67.93333333333334,-0.7123593688011169,0.6597120578891263
TOKYOTECH_s05,65,89,67.96666666666667,-0.6818435788154602,0.6630935111341867
TOKYOTECH_s05,65,90,68.0,-0.5888891816139221,0.6044994898113406
TOKYOTECH_s05,65,91,68.03333333333333,-0.6105093955993652,0.5083740728849458
TOKYOTECH_s05,65,92,68.06666666666666,-0.7239353060722351,0.40467169750938353
TOKYOTECH_s05,65,93,68.1,-0.8512967824935913,0.31282221283058365
TOKYOTECH_s05,65,94,68.13333333333334,-0.47163429856300354,0.231010162894315
TOKYOTECH_s05,65,95,68.16666666666667,0.8137525320053101,0.1388760790328427
TOKYOTECH_s05,65,96,68.2,1.6896467208862305,0.01258700996977945
TOKYOTECH_s05,65,97,68.23333333333333,1.6647051572799683,-0.157849431508285
TOKYOTECH_s05,65,98,68.26666666666667,1.275550365447998,-0.3604155177847771
TOKYOTECH_s05,65,99,68.3,0.8601362109184265,-0.5664207669359728
TOKYOTECH_s05,65,100,68.33333333333333,0.4847301244735718,-0.7438567442589014
TOKYOTECH_s05,65,101,68.36666666666666,0.14888682961463928,-0.8684531708070227
TOKYOTECH_s05,65,102,68.4,0.07280651479959488,-0.9262312024149202
TOKYOTECH_s05,65,103,68.43333333333334,0.243399515748024,-0.9095930056425404
TOKYOTECH_s05,65,104,68.46666666666667,0.43124058842658997,-0.8137711121158456
TOKYOTECH_s05,65,105,68.5,0.46349281072616577,-0.6383721903391764
TOKYOTECH_s05,65,106,68.53333333333333,0.321064829826355,-0.3921019594177607
TOKYOTECH_s05,65,107,68.56666666666666,0.10806845873594284,-0.09484714324393953
TOKYOTECH_s05,65,108,68.6,-0.19056278467178345,0.22543681198874077
TOKYOTECH_s05,65,109,68.63333333333334,-0.4554547667503357,0.5381421064437875
TOKYOTECH_s05,65,110,68.66666666666667,-0.6632865071296692,0.8138278128870989
TOKYOTECH_s05,65,111,68.7,-0.6801695227622986,1.025660240751273
TOKYOTECH_s05,65,112,68.73333333333333,-0.690365195274353,1.1508941066628589
TOKYOTECH_s05,65,113,68.76666666666667,-0.7113710045814514,1.17499276487712
TOKYOTECH_s05,65,114,68.8,-0.6763761639595032,1.09774375711934
TOKYOTECH_s05,65,115,68.83333333333333,-0.6384873986244202,0.937021413719797
TOKYOTECH_s05,65,116,68.86666666666666,-0.7105517983436584,0.7253517720936364
TOKYOTECH_s05,65,117,68.9,-0.7931680083274841,0.49855286216414685
TOKYOTECH_s05,65,118,68.93333333333334,-0.08588112890720367,0.28216047448978315
TOKYOTECH_s05,65,119,68.96666666666667,1.265862226486206,0.08413822320902478
TOKYOTECH_s05,65,120,69.0,1.832030177116394,-0.10202065658954744
TOKYOTECH_s05,65,121,69.03333333333333,1.638472318649292,-0.287139108214856
TOKYOTECH_s05,65,122,69.06666666666666,1.2792279720306396,-0.47655925070648064
TOKYOTECH_s05,65,123,69.1,0.9761800765991211,-0.6663049377522773
TOKYOTECH_s05,65,124,69.13333333333334,0.6688846945762634,-0.8451281168096817
TOKYOTECH_s05,65,125,69.16666666666667,0.40178442001342773,-0.9981551073121457
TOKYOTECH_s05,65,126,69.2,0.30716487765312195,-1.108780139057168
TOKYOTECH_s05,65,127,69.23333333333333,0.426788330078125,-1.1592512937547212
TOKYOTECH_s05,65,128,69.26666666666667,0.5620748996734619,-1.1326488298257908
TOKYOTECH_s05,65,129,69.3,0.517561137676239,-1.0177490454883185
TOKYOTECH_s05,65,130,69.33333333333333,0.2797478139400482,-0.8147954127286916
TOKYOTECH_s05,65,131,69.36666666666666,-0.027636589482426643,-0.5381167473534321
TOKYOTECH_s05,65,132,69.4,-0.3112013638019562,-0.21336896146117096
TOKYOTECH_s05,65,133,69.43333333333334,-0.511286199092865,0.12880158463624486
TOKYOTECH_s05,65,134,69.46666666666667,-0.601195216178894,0.4583362341751584
TOKYOTECH_s05,65,135,69.5,-0.6754412055015564,0.7476714152147135
TOKYOTECH_s05,65,136,69.53333333333333,-0.7430087924003601,0.9715772241765216
TOKYOTECH_s05,65,137,69.56666666666666,-0.8119654655456543,1.109085754432845
TOKYOTECH_s05,65,138,69.6,-0.8078871965408325,1.1488355912772674
TOKYOTECH_s05,65,139,69.63333333333334,-0.7844059467315674,1.0942639491801438
TOKYOTECH_s05,65,140,69.66666666666667,-0.8183589577674866,0.9634784847655556
TOKYOTECH_s05,65,141,69.7,-0.8913671970367432,0.7821432282347404
TOKYOTECH_s05,65,142,69.73333333333333,-0.5880699753761292,0.5737375626503146
TOKYOTECH_s05,65,143,69.76666666666667,0.7311807870864868,0.3540699220881087
TOKYOTECH_s05,65,144,69.8,1.8320835828781128,0.13271470132093688
TOKYOTECH_s05,65,145,69.83333333333333,1.9406208992004395,-0.0822166505402754
TOKYOTECH_s05,65,146,69.86666666666666,1.6601637601852417,-0.28153621888635594
TOKYOTECH_s05,65,147,69.9,1.3675074577331543,-0.4569100825878929
TOKYOTECH_s05,65,148,69.93333333333334,1.1225082874298096,-0.6042626489733439
TOKYOTECH_s05,65,149,69.96666666666667,0.7950975298881531,-0.7236859080685306
TOKYOTECH_s05,65,150,70.0,0.5075702667236328,-0.8145251699762619
TOKYOTECH_s05,65,151,70.03333333333333,0.46912938356399536,-0.8696617883910319
TOKYOTECH_s05,65,152,70.06666666666666,0.6132314205169678,-0.8746887538060187
TOKYOTECH_s05,65,153,70.1,0.6904515027999878,-0.8141996201681144
TOKYOTECH_s05,65,154,70.13333333333334,0.4952641725540161,-0.6814037281935061
TOKYOTECH_s05,65,155,70.16666666666667,0.17485244572162628,-0.48403207254234515
TOKYOTECH_s05,65,156,70.2,-0.17947664856910706,-0.24232698829712798
TOKYOTECH_s05,65,157,70.23333333333333,-0.36233118176460266,0.018739827501773755
TOKYOTECH_s05,65,158,70.26666666666667,-0.47073495388031006,0.2764501803091432
TOKYOTECH_s05,65,159,70.3,-0.6666791439056396,0.5116593437291169
TOKYOTECH_s05,65,160,70.33333333333333,-0.7626610994338989,0.7064724317465314
TOKYOTECH_s05,65,161,70.36666666666666,-0.7083434462547302,0.8443836203418884
TOKYOTECH_s05,65,162,70.4,-0.7395538091659546,0.9148948730606616
TOKYOTECH_s05,65,163,70.43333333333334,-0.8140847682952881,0.9181029165409105
TOKYOTECH_s05,65,164,70.46666666666667,-0.7611651420593262,0.8637599962428211
TOKYOTECH_s05,65,165,70.5,-0.8653748631477356,0.7642964699470799
TOKYOTECH_s05,65,166,70.53333333333333,-1.0307587385177612,0.627334203602893
TOKYOTECH_s05,65,167,70.56666666666666,-0.5870192050933838,0.4545018536440934
TOKYOTECH_s05,65,168,70.6,0.7293999195098877,0.24789153668709873
TOKYOTECH_s05,65,169,70.63333333333334,1.7773830890655518,0.018319776461874108
TOKYOTECH_s05,65,170,70.66666666666667,1.8756178617477417,-0.21269649494318377
TOKYOTECH_s05,65,171,70.7,1.622782588005066,-0.4205740161024849
TOKYOTECH_s05,65,172,70.73333333333333,1.3249794244766235,-0.5897649226606948
TOKYOTECH_s05,65,173,70.76666666666667,0.9807748198509216,-0.7204906446094261
TOKYOTECH_s05,65,174,70.8,0.6478700041770935,-0.8241875813791195
TOKYOTECH_s05,65,175,70.83333333333333,0.42903226613998413,-0.9106362919299361
TOKYOTECH_s05,65,176,70.86666666666666,0.46738409996032715,-0.976241786416898
TOKYOTECH_s05,65,177,70.9,0.5567499399185181,-1.0020833201743464
TOKYOTECH_s05,65,178,70.93333333333334,0.5613001585006714,-0.962680442100096
TOKYOTECH_s05,65,179,70.96666666666667,0.4119444787502289,-0.8388680978517349
TOKYOTECH_s05,65,180,71.0,0.20156604051589966,-0.6270933423701914
TOKYOTECH_s05,65,181,71.03333333333333,-0.10241684317588806,-0.34191133198271
TOKYOTECH_s05,65,182,71.06666666666666,-0.4239327311515808,-0.013418456323256825
TOKYOTECH_s05,65,183,71.1,-0.5948730111122131,0.31761598706825944
TOKYOTECH_s05,65,184,71.13333333333334,-0.7067228555679321,0.6071904721167241
TOKYOTECH_s05,65,185,71.16666666666667,-0.8424011468887329,0.8194293515564496
TOKYOTECH_s05,65,186,71.2,-0.7759644389152527,0.9385940959262071
TOKYOTECH_s05,65,187,71.23333333333333,-0.7993121147155762,0.9741637204610686
TOKYOTECH_s05,65,188,71.26666666666667,-0.8704326152801514,0.954076211329615
TOKYOTECH_s05,65,189,71.3,-0.8660159707069397,0.9089311923487238
TOKYOTECH_s05,65,190,71.33333333333333,-1.0151491165161133,0.856288730533709
TOKYOTECH_s05,65,191,71.36666666666666,-1.0866079330444336,0.7943494716529166
TOKYOTECH_s05,65,192,71.4,-0.9211528301239014,0.7078418594443198
TOKYOTECH_s05,65,193,71.43333333333334,-0.013380436226725578,0.5809770724879928
TOKYOTECH_s05,65,194,71.46666666666667,1.4307208061218262,0.4087179656732424
TOKYOTECH_s05,65,195,71.5,1.9482343196868896,0.19994670374260073
TOKYOTECH_s05,65,196,71.53333333333333,1.7212488651275635,-0.027846590609459303
TOKYOTECH_s05,65,197,71.56666666666666,1.3181941509246826,-0.2573144563267633
TOKYOTECH_s05,65,198,71.6,0.9598046541213989,-0.47714880733616294
TOKYOTECH_s05,65,199,71.63333333333334,0.650701642036438,-0.6820168205194013
TOKYOTECH_s05,65,200,71.66666666666667,0.35530275106430054,-0.8683628814937555
TOKYOTECH_s05,65,201,71.7,0.31106504797935486,-1.0303122568424068
TOKYOTECH_s05,65,202,71.73333333333333,0.47983261942863464,-1.157888530138828
TOKYOTECH_s05,65,203,71.76666666666667,0.5834546685218811,-1.2367187230203303
TOKYOTECH_s05,65,204,71.8,0.4793606698513031,-1.24821405172769
TOKYOTECH_s05,65,205,71.83333333333333,0.18438029289245605,-1.171195862075918
TOKYOTECH_s05,65,206,71.86666666666666,-0.08949636667966843,-0.9871174634363136
TOKYOTECH_s05,65,207,71.9,-0.34707772731781006,-0.689411957905743
TOKYOTECH_s05,65,208,71.93333333333334,-0.6017205715179443,-0.2935280296964674
TOKYOTECH_s05,65,209,71.96666666666667,-0.8203268051147461,0.15870557284495343
TOKYOTECH_s05,65,210,72.0,-0.8604328632354736,0.6053842669755529
TOKYOTECH_s05,65,211,72.03333333333333,-0.8653926849365234,0.9809139757450691
TOKYOTECH_s05,65,212,72.06666666666666,-0.9615081548690796,1.2353515723106356
TOKYOTECH_s05,65,213,72.1,-0.906593918800354,1.3472063681661641
TOKYOTECH_s05,65,214,72.13333333333334,-0.869586706161499,1.3244801058293112
TOKYOTECH_s05,65,215,72.16666666666667,-0.9684893488883972,1.1958230830188703
TOKYOTECH_s05,65,216,72.2,-1.0581668615341187,0.9980941363596283
TOKYOTECH_s05,65,217,72.23333333333333,-1.2408522367477417,0.7662415742779473
TOKYOTECH_s05,65,218,72.26666666666667,-0.8503796458244324,0.5277224588019784
TOKYOTECH_s05,65,219,72.3,0.761990487575531,0.3003996672135625
TOKYOTECH_s05,65,220,72.33333333333333,1.904646635055542,0.09261280395824886
TOKYOTECH_s05,65,221,72.36666666666666,1.8999183177947998,-0.0944800844110303
TOKYOTECH_s05,65,222,72.4,1.5377532243728638,-0.2619422255501999
TOKYOTECH_s05,65,223,72.43333333333334,1.1558289527893066,-0.40705935709116703
TOKYOTECH_s05,65,224,72.46666666666667,0.7902534604072571,-0.5204083423533551
TOKYOTECH_s05,65,225,72.5,0.39377033710479736,-0.5893462406577843
TOKYOTECH_s05,65,226,72.53333333333333,0.08364333212375641,-0.6059961157366544
TOKYOTECH_s05,65,227,72.56666666666666,0.06340333074331284,-0.5732793626223602
TOKYOTECH_s05,65,228,72.6,0.3398088812828064,-0.5039384237751066
TOKYOTECH_s05,65,229,72.63333333333334,0.4803134799003601,-0.4132202820896388
TOKYOTECH_s05,65,230,72.66666666666667,0.3206196129322052,-0.31092208347167033
TOKYOTECH_s05,65,231,72.7,0.0045532891526818275,-0.19904078780963225
TOKYOTECH_s05,65,232,72.73333333333333,-0.39216136932373047,-0.07682003017261409
TOKYOTECH_s05,65,233,72.76666666666667,-0.7009260058403015,0.05084934820804645
TOKYOTECH_s05,65,234,72.8,-0.7955989241600037,0.16842561573395678
TOKYOTECH_s05,65,235,72.83333333333333,-0.8689811825752258,0.25252103321915836
TOKYOTECH_s05,65,236,72.86666666666666,-1.0207500457763672,0.2811727202996957
TOKYOTECH_s05,65,237,72.9,-0.9890320897102356,0.24385850348765067
TOKYOTECH_s05,65,238,72.93333333333334,-0.9365576505661011,0.1469749991627297
TOKYOTECH_s05,65,239,72.96666666666667,-0.9831016659736633,0.012896092406338138
TOKYOTECH_s05,66,0,66.0,0.24577702581882477,0.12024138425836034
TOKYOTECH_s05,66,1,66.03333333333333,0.4258355498313904,-1.6876805987368706
TOKYOTECH_s05,66,2,66.06666666666666,0.33437711000442505,-3.1807073798686183
TOKYOTECH_s05,66,3,66.1,0.13090857863426208,-4.121926039034416
TOKYOTECH_s05,66,4,66.13333333333334,-0.13947749137878418,-4.41148007289672
TOKYOTECH_s05,66,5,66.16666666666667,-0.4689006209373474,-4.097688922667088
TOKYOTECH_s05,66,6,66.2,-0.7292423844337463,-3.3417219290122375
TOKYOTECH_s05,66,7,66.23333333333333,-0.8210480809211731,-2.3567613013939894
TOKYOTECH_s05,66,8,66.26666666666667,-0.8178780674934387,-1.3483446827989818
TOKYOTECH_s05,66,9,66.3,-0.8513769507408142,-0.47327455077870356
TOKYOTECH_s05,66,10,66.33333333333333,-0.8643953800201416,0.17782962387199686
TOKYOTECH_s05,66,11,66.36666666666666,-0.8176198601722717,0.5780292140226279
TOKYOTECH_s05,66,12,66.4,-0.7906836271286011,0.7491543447129922
TOKYOTECH_s05,66,13,66.43333333333334,-0.8712696433067322,0.7420009545788963
TOKYOTECH_s05,66,14,66.46666666666667,-0.8599430918693542,0.6173464325264598
TOKYOTECH_s05,66,15,66.5,0.05343916267156601,0.4314799673276923
TOKYOTECH_s05,66,16,66.53333333333333,1.4422342777252197,0.22823827445614536
TOKYOTECH_s05,66,17,66.56666666666666,1.9211734533309937,0.037616519264693934
TOKYOTECH_s05,66,18,66.6,1.6549991369247437,-0.12128643178663336
TOKYOTECH_s05,66,19,66.63333333333334,1.2741880416870117,-0.23652111416940472
TOKYOTECH_s05,66,20,66.66666666666667,0.9499473571777344,-0.30131625982518734
TOKYOTECH_s05,66,21,66.7,0.6438897252082825,-0.31399025669139063
TOKYOTECH_s05,66,22,66.73333333333333,0.35118886828422546,-0.2777924351566653
TOKYOTECH_s05,66,23,66.76666666666667,0.24758465588092804,-0.19895855411322608
TOKYOTECH_s05,66,24,66.8,0.35890910029411316,-0.0838277560052074
TOKYOTECH_s05,66,25,66.83333333333333,0.47836336493492126,0.062150928749613116
TOKYOTECH_s05,66,26,66.86666666666666,0.4717206060886383,0.2318975340674024
TOKYOTECH_s05,66,27,66.9,0.2762572467327118,0.41257853891792107
TOKYOTECH_s05,66,28,66.93333333333334,-0.0439140722155571,0.5845019900264449
TOKYOTECH_s05,66,29,66.96666666666667,-0.3742988705635071,0.7261540727904702
TOKYOTECH_s05,66,30,67.0,-0.6290931105613708,0.8228438151334294
TOKYOTECH_s05,66,31,67.03333333333333,-0.7336145043373108,0.8723154476493898
TOKYOTECH_s05,66,32,67.06666666666666,-0.7269984483718872,0.8829092619161315
TOKYOTECH_s05,66,33,67.1,-0.7611918449401855,0.865966880367611
TOKYOTECH_s05,66,34,67.13333333333334,-0.8059638142585754,0.8285564633845419
TOKYOTECH_s05,66,35,67.16666666666667,-0.8261949419975281,0.7717048834002133
TOKYOTECH_s05,66,36,67.2,-0.7577992081642151,0.6938809016971659
TOKYOTECH_s05,66,37,67.23333333333333,-0.7866677045822144,0.5949049875504235
TOKYOTECH_s05,66,38,67.26666666666667,-0.9776520729064941,0.4762500695255711
TOKYOTECH_s05,66,39,67.3,-0.7294293642044067,0.3381280520468939
TOKYOTECH_s05,66,40,67.33333333333333,0.5910056829452515,0.17727579758763568
TOKYOTECH_s05,66,41,67.36666666666666,1.7670538425445557,-0.01096004221033449
TOKYOTECH_s05,66,42,67.4,1.876481533050537,-0.22655625391778003
TOKYOTECH_s05,66,43,67.43333333333334,1.5377709865570068,-0.45895405993971833
TOKYOTECH_s05,66,44,67.46666666666667,1.1355979442596436,-0.685927864109655
TOKYOTECH_s05,66,45,67.5,0.7979469895362854,-0.878626248997085
TOKYOTECH_s05,66,46,67.53333333333333,0.48164916038513184,-1.0102861388347055
TOKYOTECH_s05,66,47,67.56666666666666,0.21791476011276245,-1.0641115073312415
TOKYOTECH_s05,66,48,67.6,0.19141486287117004,-1.0369882827695016
TOKYOTECH_s05,66,49,67.63333333333334,0.4088100790977478,-0.9385839455257875
TOKYOTECH_s05,66,50,67.66666666666667,0.5517367124557495,-0.7875211336558029
TOKYOTECH_s05,66,51,67.7,0.40004801750183105,-0.6064641903192819
TOKYOTECH_s05,66,52,67.73333333333333,0.09960915893316269,-0.4167434090999789
TOKYOTECH_s05,66,53,67.76666666666667,-0.19389308989048004,-0.23299348067828565
TOKYOTECH_s05,66,54,67.8,-0.39454779028892517,-0.060106021768521575
TOKYOTECH_s05,66,55,67.83333333333333,-0.4891138970851898,0.10465178815835108
TOKYOTECH_s05,66,56,67.86666666666666,-0.5281869769096375,0.2647323313773819
TOKYOTECH_s05,66,57,67.9,-0.6408203840255737,0.4171611985089763
TOKYOTECH_s05,66,58,67.93333333333334,-0.7123593688011169,0.5505437941801772
TOKYOTECH_s05,66,59,67.96666666666667,-0.6818435788154602,0.6501213858652841
TOKYOTECH_s05,66,60,68.0,-0.5888891816139221,0.7062169264528001
TOKYOTECH_s05,66,61,68.03333333333333,-0.6105093955993652,0.7192256392077166
TOKYOTECH_s05,66,62,68.06666666666666,-0.7239353060722351,0.6965760246725727
TOKYOTECH_s05,66,63,68.1,-0.8512967824935913,0.643523255565206
TOKYOTECH_s05,66,64,68.13333333333334,-0.47163429856300354,0.5555866001580536
TOKYOTECH_s05,66,65,68.16666666666667,0.8137525320053101,0.4202373794484385
TOKYOTECH_s05,66,66,68.2,1.6896467208862305,0.22781305182103972
TOKYOTECH_s05,66,67,68.23333333333333,1.6647051572799683,-0.016545970569809665
TOKYOTECH_s05,66,68,68.26666666666667,1.275550365447998,-0.2892774556568727
TOKYOTECH_s05,66,69,68.3,0.8601362109184265,-0.5559891520539844
TOKYOTECH_s05,66,70,68.33333333333333,0.4847301244735718,-0.7843169119114405
TOKYOTECH_s05,66,71,68.36666666666666,0.14888682961463928,-0.9522894467902706
TOKYOTECH_s05,66,72,68.4,0.07280651479959488,-1.0472468921278646
TOKYOTECH_s05,66,73,68.43333333333334,0.243399515748024,-1.0590298803501286
TOKYOTECH_s05,66,74,68.46666666666667,0.43124058842658997,-0.9760213807518384
TOKYOTECH_s05,66,75,68.5,0.46349281072616577,-0.7896841463006565
TOKYOTECH_s05,66,76,68.53333333333333,0.321064829826355,-0.5046472879242014
TOKYOTECH_s05,66,77,68.56666666666666,0.10806845873594284,-0.1455362986930143
TOKYOTECH_s05,66,78,68.6,-0.19056278467178345,0.24542933320609883
TOKYOTECH_s05,66,79,68.63333333333334,-0.4554547667503357,0.618647956126143
TOKYOTECH_s05,66,80,68.66666666666667,-0.6632865071296692,0.929112734700756
TOKYOTECH_s05,66,81,68.7,-0.6801695227622986,1.1447732919528497
TOKYOTECH_s05,66,82,68.73333333333333,-0.690365195274353,1.2499251950968142
TOKYOTECH_s05,66,83,68.76666666666667,-0.7113710045814514,1.2454783282861082
TOKYOTECH_s05,66,84,68.8,-0.6763761639595032,1.1476091134432729
TOKYOTECH_s05,66,85,68.83333333333333,-0.6384873986244202,0.9841027994241631
TOKYOTECH_s05,66,86,68.86666666666666,-0.7105517983436584,0.7869677851587473
TOKYOTECH_s05,66,87,68.9,-0.7931680083274841,0.5821290753881243
TOKYOTECH_s05,66,88,68.93333333333334,-0.08588112890720367,0.380757173938515
TOKYOTECH_s05,66,89,68.96666666666667,1.265862226486206,0.17791686837864748
TOKYOTECH_s05,66,90,69.0,1.832030177116394,-0.039746050065945344
TOKYOTECH_s05,66,91,69.03333333333333,1.638472318649292,-0.2816275742092121
TOKYOTECH_s05,66,92,69.06666666666666,1.2792279720306396,-0.5436737979946785
TOKYOTECH_s05,66,93,69.1,0.9761800765991211,-0.8071989935686562
TOKYOTECH_s05,66,94,69.13333333333334,0.6688846945762634,-1.0452589142151243
TOKYOTECH_s05,66,95,69.16666666666667,0.40178442001342773,-1.2308973851647638
TOKYOTECH_s05,66,96,69.2,0.30716487765312195,-1.3420803246988142
TOKYOTECH_s05,66,97,69.23333333333333,0.426788330078125,-1.362540327344692
TOKYOTECH_s05,66,98,69.26666666666667,0.5620748996734619,-1.281708213124373
TOKYOTECH_s05,66,99,69.3,0.517561137676239,-1.0970913243274567
TOKYOTECH_s05,66,100,69.33333333333333,0.2797478139400482,-0.8187553413241407
TOKYOTECH_s05,66,101,69.36666666666666,-0.027636589482426643,-0.4719078104679671
TOKYOTECH_s05,66,102,69.4,-0.3112013638019562,-0.09386167667792873
TOKYOTECH_s05,66,103,69.43333333333334,-0.511286199092865,0.27433789306825346
TOKYOTECH_s05,66,104,69.46666666666667,-0.601195216178894,0.5970013018876926
TOKYOTECH_s05,66,105,69.5,-0.6754412055015564,0.8486556562947619
TOKYOTECH_s05,66,106,69.53333333333333,-0.7430087924003601,1.0143487568564709
TOKYOTECH_s05,66,107,69.56666666666666,-0.8119654655456543,1.0890569446559693
TOKYOTECH_s05,66,108,69.6,-0.8078871965408325,1.0784115859432595
TOKYOTECH_s05,66,109,69.63333333333334,-0.7844059467315674,0.998851546803477
TOKYOTECH_s05,66,110,69.66666666666667,-0.8183589577674866,0.8738644443951668
TOKYOTECH_s05,66,111,69.7,-0.8913671970367432,0.7259552548384663
TOKYOTECH_s05,66,112,69.73333333333333,-0.5880699753761292,0.5689060636009482
TOKYOTECH_s05,66,113,69.76666666666667,0.7311807870864868,0.40617611717527097
TOKYOTECH_s05,66,114,69.8,1.8320835828781128,0.23629909034699675
TOKYOTECH_s05,66,115,69.83333333333333,1.9406208992004395,0.06008006028208322
TOKYOTECH_s05,66,116,69.86666666666666,1.6601637601852417,-0.11647239169511331
TOKYOTECH_s05,66,117,69.9,1.3675074577331543,-0.28519306677941647
TOKYOTECH_s05,66,118,69.93333333333334,1.1225082874298096,-0.4410311112125436
TOKYOTECH_s05,66,119,69.96666666666667,0.7950975298881531,-0.5837167343290958
TOKYOTECH_s05,66,120,70.0,0.5075702667236328,-0.7132212947094896
TOKYOTECH_s05,66,121,70.03333333333333,0.46912938356399536,-0.8222187744704592
TOKYOTECH_s05,66,122,70.06666666666666,0.6132314205169678,-0.8923563417360235
TOKYOTECH_s05,66,123,70.1,0.6904515027999878,-0.8990185516981197
TOKYOTECH_s05,66,124,70.13333333333334,0.4952641725540161,-0.8222948754282591
TOKYOTECH_s05,66,125,70.16666666666667,0.17485244572162628,-0.6566847747280576
TOKYOTECH_s05,66,126,70.2,-0.17947664856910706,-0.4139191487457491
TOKYOTECH_s05,66,127,70.23333333333333,-0.36233118176460266,-0.11928306997941365
TOKYOTECH_s05,66,128,70.26666666666667,-0.47073495388031006,0.19409180699667072
TOKYOTECH_s05,66,129,70.3,-0.6666791439056396,0.48953690221645374
TOKYOTECH_s05,66,130,70.33333333333333,-0.7626610994338989,0.7309268161620056
TOKYOTECH_s05,66,131,70.36666666666666,-0.7083434462547302,0.8896110632216983
TOKYOTECH_s05,66,132,70.4,-0.7395538091659546,0.9530311936960576
TOKYOTECH_s05,66,133,70.43333333333334,-0.8140847682952881,0.9289894726158232
TOKYOTECH_s05,66,134,70.46666666666667,-0.7611651420593262,0.8407027674601025
TOKYOTECH_s05,66,135,70.5,-0.8653748631477356,0.7143130742633664
TOKYOTECH_s05,66,136,70.53333333333333,-1.0307587385177612,0.566898752432492
TOKYOTECH_s05,66,137,70.56666666666666,-0.5870192050933838,0.4032880183903054
TOKYOTECH_s05,66,138,70.6,0.7293999195098877,0.22279301417347513
TOKYOTECH_s05,66,139,70.63333333333334,1.7773830890655518,0.028912547652785836
TOKYOTECH_s05,66,140,70.66666666666667,1.8756178617477417,-0.16661393519468076
TOKYOTECH_s05,66,141,70.7,1.622782588005066,-0.348684921089374
TOKYOTECH_s05,66,142,70.73333333333333,1.3249794244766235,-0.5081607128149471
TOKYOTECH_s05,66,143,70.76666666666667,0.9807748198509216,-0.6471409622983116
TOKYOTECH_s05,66,144,70.8,0.6478700041770935,-0.7748767803725175
TOKYOTECH_s05,66,145,70.83333333333333,0.42903226613998413,-0.8966021101114335
TOKYOTECH_s05,66,146,70.86666666666666,0.46738409996032715,-1.0036239859522718
TOKYOTECH_s05,66,147,70.9,0.5567499399185181,-1.0724598177827769
TOKYOTECH_s05,66,148,70.93333333333334,0.5613001585006714,-1.0735762374848583
TOKYOTECH_s05,66,149,70.96666666666667,0.4119444787502289,-0.9834118128040832
TOKYOTECH_s05,66,150,71.0,0.20156604051589966,-0.79312644122246
TOKYOTECH_s05,66,151,71.03333333333333,-0.10241684317588806,-0.5118955290127525
TOKYOTECH_s05,66,152,71.06666666666666,-0.4239327311515808,-0.16611568865929807
TOKYOTECH_s05,66,153,71.1,-0.5948730111122131,0.20407992183535778
TOKYOTECH_s05,66,154,71.13333333333334,-0.7067228555679321,0.5518726304007316
TOKYOTECH_s05,66,155,71.16666666666667,-0.8424011468887329,0.8352669209772658
TOKYOTECH_s05,66,156,71.2,-0.7759644389152527,1.029588741811692
TOKYOTECH_s05,66,157,71.23333333333333,-0.7993121147155762,1.1338436364584608
TOKYOTECH_s05,66,158,71.26666666666667,-0.8704326152801514,1.166177778899586
TOKYOTECH_s05,66,159,71.3,-0.8660159707069397,1.1505428939903783
TOKYOTECH_s05,66,160,71.33333333333333,-1.0151491165161133,1.1026346175635091
TOKYOTECH_s05,66,161,71.36666666666666,-1.0866079330444336,1.023659824635038
TOKYOTECH_s05,66,162,71.4,-0.9211528301239014,0.9047337927677633
TOKYOTECH_s05,66,163,71.43333333333334,-0.013380436226725578,0.7374130948642961
TOKYOTECH_s05,66,164,71.46666666666667,1.4307208061218262,0.5226011935408198
TOKYOTECH_s05,66,165,71.5,1.9482343196868896,0.2723741512814535
TOKYOTECH_s05,66,166,71.53333333333333,1.7212488651275635,0.004936811782999723
TOKYOTECH_s05,66,167,71.56666666666666,1.3181941509246826,-0.2624450411994085
TOKYOTECH_s05,66,168,71.6,0.9598046541213989,-0.5173824927608969
TOKYOTECH_s05,66,169,71.63333333333334,0.650701642036438,-0.7514844620450506
TOKYOTECH_s05,66,170,71.66666666666667,0.35530275106430054,-0.9570686734155646
TOKYOTECH_s05,66,171,71.7,0.31106504797935486,-1.1250579160995624
TOKYOTECH_s05,66,172,71.73333333333333,0.47983261942863464,-1.245046601289535
TOKYOTECH_s05,66,173,71.76666666666667,0.5834546685218811,-1.3057903665024797
TOKYOTECH_s05,66,174,71.8,0.4793606698513031,-1.2949607807799306
TOKYOTECH_s05,66,175,71.83333333333333,0.18438029289245605,-1.199465704750178
TOKYOTECH_s05,66,176,71.86666666666666,-0.08949636667966843,-1.0086580873963944
TOKYOTECH_s05,66,177,71.9,-0.34707772731781006,-0.7210103789965235
TOKYOTECH_s05,66,178,71.93333333333334,-0.6017205715179443,-0.3514187965543415
TOKYOTECH_s05,66,179,71.96666666666667,-0.8203268051147461,0.06578246175626998
TOKYOTECH_s05,66,180,72.0,-0.8604328632354736,0.4815038937733317
TOKYOTECH_s05,66,181,72.03333333333333,-0.8653926849365234,0.8434242218432357
TOKYOTECH_s05,66,182,72.06666666666666,-0.9615081548690796,1.1093346018279402
TOKYOTECH_s05,66,183,72.1,-0.906593918800354,1.2561905496126025
TOKYOTECH_s05,66,184,72.13333333333334,-0.869586706161499,1.2816871475035818
TOKYOTECH_s05,66,185,72.16666666666667,-0.9684893488883972,1.199634969454921
TOKYOTECH_s05,66,186,72.2,-1.0581668615341187,1.0330601002524253
TOKYOTECH_s05,66,187,72.23333333333333,-1.2408522367477417,0.808430284562797
TOKYOTECH_s05,66,188,72.26666666666667,-0.8503796458244324,0.5517805870073657
TOKYOTECH_s05,66,189,72.3,0.761990487575531,0.2857262535884695
TOKYOTECH_s05,66,190,72.33333333333333,1.904646635055542,0.027209856655938742
TOKYOTECH_s05,66,191,72.36666666666666,1.8999183177947998,-0.2125238808852355
TOKYOTECH_s05,66,192,72.4,1.5377532243728638,-0.4245672917057201
TOKYOTECH_s05,66,193,72.43333333333334,1.1558289527893066,-0.5972876993144486
TOKYOTECH_s05,66,194,72.46666666666667,0.7902534604072571,-0.7143696699115433
TOKYOTECH_s05,66,195,72.5,0.39377033710479736,-0.7598621949224754
TOKYOTECH_s05,66,196,72.53333333333333,0.08364333212375641,-0.7280285189813732
TOKYOTECH_s05,66,197,72.56666666666666,0.06340333074331284,-0.6304366602109744
TOKYOTECH_s05,66,198,72.6,0.3398088812828064,-0.49399788213930335
TOKYOTECH_s05,66,199,72.63333333333334,0.4803134799003601,-0.3501625022649207
TOKYOTECH_s05,66,200,72.66666666666667,0.3206196129322052,-0.22180031849449763
TOKYOTECH_s05,66,201,72.7,0.0045532891526818275,-0.11581314414807799
TOKYOTECH_s05,66,202,72.73333333333333,-0.39216136932373047,-0.025149931875798018
TOKYOTECH_s05,66,203,72.76666666666667,-0.7009260058403015,0.06259267079557307
TOKYOTECH_s05,66,204,72.8,-0.7955989241600037,0.15640874536081723
TOKYOTECH_s05,66,205,72.83333333333333,-0.8689811825752258,0.25800170293395963
TOKYOTECH_s05,66,206,72.86666666666666,-1.0207500457763672,0.36298506378093726
TOKYOTECH_s05,66,207,72.9,-0.9890320897102356,0.4636264910020738
TOKYOTECH_s05,66,208,72.93333333333334,-0.9365576505661011,0.5501942125482981
TOKYOTECH_s05,66,209,72.96666666666667,-0.9831016659736633,0.6110808080615379
TOKYOTECH_s05,66,210,73.0,-1.0179094076156616,0.6338002474138038
TOKYOTECH_s05,66,211,73.03333333333333,-1.039075493812561,0.6079766202330295
TOKYOTECH_s05,66,212,73.06666666666666,-1.0473389625549316,0.528653684059692
TOKYOTECH_s05,66,213,73.1,-1.20546555519104,0.3971389080301146
TOKYOTECH_s05,66,214,73.13333333333334,-0.9063891172409058,0.21907362613127723
TOKYOTECH_s05,66,215,73.16666666666667,0.5859746336936951,0.002529770418958526
TOKYOTECH_s05,66,216,73.2,1.7591021060943604,-0.24108684082026277
TOKYOTECH_s05,66,217,73.23333333333333,1.8138293027877808,-0.4938143353204796
TOKYOTECH_s05,66,218,73.26666666666667,1.4316201210021973,-0.7296777178409255
TOKYOTECH_s05,66,219,73.3,0.9610601663589478,-0.9189198941462341
TOKYOTECH_s05,66,220,73.33333333333333,0.5466166138648987,-1.0368591242661804
TOKYOTECH_s05,66,221,73.36666666666666,0.10963565856218338,-1.0714474553853948
TOKYOTECH_s05,66,222,73.4,-0.1444818377494812,-1.0240653134931919
TOKYOTECH_s05,66,223,73.43333333333334,0.021649988368153572,-0.9034276013118401
TOKYOTECH_s05,66,224,73.46666666666667,0.49202293157577515,-0.718270898340406
TOKYOTECH_s05,66,225,73.5,0.6002663969993591,-0.4755834490658018
TOKYOTECH_s05,66,226,73.53333333333333,0.33240920305252075,-0.18592902846276352
TOKYOTECH_s05,66,227,73.56666666666666,-0.02164384163916111,0.12923103706149291
TOKYOTECH_s05,66,228,73.6,-0.27917176485061646,0.43543205486996517
TOKYOTECH_s05,66,229,73.63333333333334,-0.5234319567680359,0.691854825019745
TOKYOTECH_s05,66,230,73.66666666666667,-0.7646200656890869,0.8637875850017054
TOKYOTECH_s05,66,231,73.7,-0.8828722834587097,0.9338533890222875
TOKYOTECH_s05,66,232,73.73333333333333,-0.9682667255401611,0.9063959447997383
TOKYOTECH_s05,66,233,73.76666666666667,-0.928089439868927,0.8041823487510772
TOKYOTECH_s05,66,234,73.8,-0.8674852252006531,0.6604314876806735
TOKYOTECH_s05,66,235,73.83333333333333,-0.8618575930595398,0.5099319527149136
TOKYOTECH_s05,66,236,73.86666666666666,-0.9527550339698792,0.38121980961364726
TOKYOTECH_s05,66,237,73.9,-0.9108414053916931,0.2902724693400913
TOKYOTECH_s05,66,238,73.93333333333334,-0.11408177763223648,0.2367965963265087
TOKYOTECH_s05,66,239,73.96666666666667,1.2266645431518555,0.20507442681515128
TOKYOTECH_s05,67,0,67.0,-0.6290931105613708,0.046149919481993616
TOKYOTECH_s05,67,1,67.03333333333333,-0.7336145043373108,-1.0931397557377
TOKYOTECH_s05,67,2,67.06666666666666,-0.7269984483718872,-2.0453538695268554
TOKYOTECH_s05,67,3,67.1,-0.7611918449401855,-2.6741665323878263
TOKYOTECH_s05,67,4,67.13333333333334,-0.8059638142585754,-2.929255916744679
TOKYOTECH_s05,67,5,67.16666666666667,-0.8261949419975281,-2.847784058469918
TOKYOTECH_s05,67,6,67.2,-0.7577992081642151,-2.5256740484758113
TOKYOTECH_s05,67,7,67.23333333333333,-0.7866677045822144,-2.0775439432315723
TOKYOTECH_s05,67,8,67.26666666666667,-0.9776520729064941,-1.6053036839426147
TOKYOTECH_s05,67,9,67.3,-0.7294293642044067,-1.1835066753365782
TOKYOTECH_s05,67,10,67.33333333333333,0.5910056829452515,-0.8571088000114545
TOKYOTECH_s05,67,11,67.36666666666666,1.7670538425445557,-0.6429489517301519
TOKYOTECH_s05,67,12,67.4,1.876481533050537,-0.5309980755842322
TOKYOTECH_s05,67,13,67.43333333333334,1.5377709865570068,-0.48801596312771955
TOKYOTECH_s05,67,14,67.46666666666667,1.1355979442596436,-0.46728161200655416
TOKYOTECH_s05,67,15,67.5,0.7979469895362854,-0.4237623672004035
TOKYOTECH_s05,67,16,67.53333333333333,0.48164916038513184,-0.32914153280736985
TOKYOTECH_s05,67,17,67.56666666666666,0.21791476011276245,-0.17964795576844944
TOKYOTECH_s05,67,18,67.6,0.19141486287117004,0.006950277096113507
TOKYOTECH_s05,67,19,67.63333333333334,0.4088100790977478,0.20285711463924233
TOKYOTECH_s05,67,20,67.66666666666667,0.5517367124557495,0.38346135229958545
TOKYOTECH_s05,67,21,67.7,0.40004801750183105,0.5355297966635605
TOKYOTECH_s05,67,22,67.73333333333333,0.09960915893316269,0.6581434325798496
TOKYOTECH_s05,67,23,67.76666666666667,-0.19389308989048004,0.7586377796774552
TOKYOTECH_s05,67,24,67.8,-0.39454779028892517,0.8466388598569101
TOKYOTECH_s05,67,25,67.83333333333333,-0.4891138970851898,0.9280203973061174
TOKYOTECH_s05,67,26,67.86666666666666,-0.5281869769096375,1.000262299879802
TOKYOTECH_s05,67,27,67.9,-0.6408203840255737,1.0513780771809478
TOKYOTECH_s05,67,28,67.93333333333334,-0.7123593688011169,1.064487119637358
TOKYOTECH_s05,67,29,67.96666666666667,-0.6818435788154602,1.0273980080476246
TOKYOTECH_s05,67,30,68.0,-0.5888891816139221,0.9418782124488262
TOKYOTECH_s05,67,31,68.03333333333333,-0.6105093955993652,0.8251948728598463
TOKYOTECH_s05,67,32,68.06666666666666,-0.7239353060722351,0.7005983236196561
TOKYOTECH_s05,67,33,68.1,-0.8512967824935913,0.5815502444406779
TOKYOTECH_s05,67,34,68.13333333333334,-0.47163429856300354,0.46077956037304135
TOKYOTECH_s05,67,35,68.16666666666667,0.8137525320053101,0.3135462281864529
TOKYOTECH_s05,67,36,68.2,1.6896467208862305,0.11421172983972565
TOKYOTECH_s05,67,37,68.23333333333333,1.6647051572799683,-0.1449778265254663
TOKYOTECH_s05,67,38,68.26666666666667,1.275550365447998,-0.4452156773035502
TOKYOTECH_s05,67,39,68.3,0.8601362109184265,-0.7472272205699027
TOKYOTECH_s05,67,40,68.33333333333333,0.4847301244735718,-1.0066239812738411
TOKYOTECH_s05,67,41,68.36666666666666,0.14888682961463928,-1.1879538230209503
TOKYOTECH_s05,67,42,68.4,0.07280651479959488,-1.2704403307046384
TOKYOTECH_s05,67,43,68.43333333333334,0.243399515748024,-1.2462186205591983
TOKYOTECH_s05,67,44,68.46666666666667,0.43124058842658997,-1.1169363226010423
TOKYOTECH_s05,67,45,68.5,0.46349281072616577,-0.8933808294369701
TOKYOTECH_s05,67,46,68.53333333333333,0.321064829826355,-0.5970621552294626
TOKYOTECH_s05,67,47,68.56666666666666,0.10806845873594284,-0.25908146671474697
TOKYOTECH_s05,67,48,68.6,-0.19056278467178345,0.08553750684741464
TOKYOTECH_s05,67,49,68.63333333333334,-0.4554547667503357,0.40484894436798025
TOKYOTECH_s05,67,50,68.66666666666667,-0.6632865071296692,0.6739847063207118
TOKYOTECH_s05,67,51,68.7,-0.6801695227622986,0.8749976563267415
TOKYOTECH_s05,67,52,68.73333333333333,-0.690365195274353,0.9953955563101851
TOKYOTECH_s05,67,53,68.76666666666667,-0.7113710045814514,1.029071318251282
TOKYOTECH_s05,67,54,68.8,-0.6763761639595032,0.979850715052049
TOKYOTECH_s05,67,55,68.83333333333333,-0.6384873986244202,0.8637510218169205
TOKYOTECH_s05,67,56,68.86666666666666,-0.7105517983436584,0.7056638509833307
TOKYOTECH_s05,67,57,68.9,-0.7931680083274841,0.530114381470543
TOKYOTECH_s05,67,58,68.93333333333334,-0.08588112890720367,0.351068734134209
TOKYOTECH_s05,67,59,68.96666666666667,1.265862226486206,0.16771826934812967
TOKYOTECH_s05,67,60,69.0,1.832030177116394,-0.03062316146653901
TOKYOTECH_s05,67,61,69.03333333333333,1.638472318649292,-0.25366530722967384
TOKYOTECH_s05,67,62,69.06666666666666,1.2792279720306396,-0.5001904321075286
TOKYOTECH_s05,67,63,69.1,0.9761800765991211,-0.7545529912370652
TOKYOTECH_s05,67,64,69.13333333333334,0.6688846945762634,-0.9901151036565952
TOKYOTECH_s05,67,65,69.16666666666667,0.40178442001342773,-1.1758596621088533
TOKYOTECH_s05,67,66,69.2,0.30716487765312195,-1.2824720094623017
TOKYOTECH_s05,67,67,69.23333333333333,0.426788330078125,-1.2869910298955816
TOKYOTECH_s05,67,68,69.26666666666667,0.5620748996734619,-1.177169706593708
TOKYOTECH_s05,67,69,69.3,0.517561137676239,-0.9561842085785228
TOKYOTECH_s05,67,70,69.33333333333333,0.2797478139400482,-0.6459015454105436
TOKYOTECH_s05,67,71,69.36666666666666,-0.027636589482426643,-0.28517505134330423
TOKYOTECH_s05,67,72,69.4,-0.3112013638019562,0.07898381880623512
TOKYOTECH_s05,67,73,69.43333333333334,-0.511286199092865,0.4049330855812114
TOKYOTECH_s05,67,74,69.46666666666667,-0.601195216178894,0.6674244905661806
TOKYOTECH_s05,67,75,69.5,-0.6754412055015564,0.8594307502717744
TOKYOTECH_s05,67,76,69.53333333333333,-0.7430087924003601,0.9853416159428979
TOKYOTECH_s05,67,77,69.56666666666666,-0.8119654655456543,1.0525721401071446
TOKYOTECH_s05,67,78,69.6,-0.8078871965408325,1.0674189138135057
TOKYOTECH_s05,67,79,69.63333333333334,-0.7844059467315674,1.0352052119602981
TOKYOTECH_s05,67,80,69.66666666666667,-0.8183589577674866,0.9611108867886734
TOKYOTECH_s05,67,81,69.7,-0.8913671970367432,0.8491708944018075
TOKYOTECH_s05,67,82,69.73333333333333,-0.5880699753761292,0.7008432977139893
TOKYOTECH_s05,67,83,69.76666666666667,0.7311807870864868,0.5164434984416761
TOKYOTECH_s05,67,84,69.8,1.8320835828781128,0.29986234762875225
TOKYOTECH_s05,67,85,69.83333333333333,1.9406208992004395,0.06281903007356315
TOKYOTECH_s05,67,86,69.86666666666666,1.6601637601852417,-0.1757215389241326
TOKYOTECH_s05,67,87,69.9,1.3675074577331543,-0.39570797872624036
TOKYOTECH_s05,67,88,69.93333333333334,1.1225082874298096,-0.5835152681645672
TOKYOTECH_s05,67,89,69.96666666666667,0.7950975298881531,-0.7348532640634053
TOKYOTECH_s05,67,90,70.0,0.5075702667236328,-0.8507776502624732
TOKYOTECH_s05,67,91,70.03333333333333,0.46912938356399536,-0.9302221117407574
TOKYOTECH_s05,67,92,70.06666666666666,0.6132314205169678,-0.9652447229222083
TOKYOTECH_s05,67,93,70.1,0.6904515027999878,-0.9429319476915843
TOKYOTECH_s05,67,94,70.13333333333334,0.4952641725540161,-0.8523543605283342
TOKYOTECH_s05,67,95,70.16666666666667,0.17485244572162628,-0.6910897654750234
TOKYOTECH_s05,67,96,70.2,-0.17947664856910706,-0.4671648658426574
TOKYOTECH_s05,67,97,70.23333333333333,-0.36233118176460266,-0.196834572506933
TOKYOTECH_s05,67,98,70.26666666666667,-0.47073495388031006,0.09812887669737831
TOKYOTECH_s05,67,99,70.3,-0.6666791439056396,0.39117309876064355
TOKYOTECH_s05,67,100,70.33333333333333,-0.7626610994338989,0.6519055856151399
TOKYOTECH_s05,67,101,70.36666666666666,-0.7083434462547302,0.8512433125282265
TOKYOTECH_s05,67,102,70.4,-0.7395538091659546,0.970135263015528
TOKYOTECH_s05,67,103,70.43333333333334,-0.8140847682952881,1.0057431350144406
TOKYOTECH_s05,67,104,70.46666666666667,-0.7611651420593262,0.9695460456512728
TOKYOTECH_s05,67,105,70.5,-0.8653748631477356,0.8779906474067327
TOKYOTECH_s05,67,106,70.53333333333333,-1.0307587385177612,0.7426529650260604
TOKYOTECH_s05,67,107,70.56666666666666,-0.5870192050933838,0.567598235497325
TOKYOTECH_s05,67,108,70.6,0.7293999195098877,0.35526273010665443
TOKYOTECH_s05,67,109,70.63333333333334,1.7773830890655518,0.11472347412601443
TOKYOTECH_s05,67,110,70.66666666666667,1.8756178617477417,-0.13547258263482578
TOKYOTECH_s05,67,111,70.7,1.622782588005066,-0.3728608414955764
TOKYOTECH_s05,67,112,70.73333333333333,1.3249794244766235,-0.5806206246159592
TOKYOTECH_s05,67,113,70.76666666666667,0.9807748198509216,-0.7531758768978913
TOKYOTECH_s05,67,114,70.8,0.6478700041770935,-0.893260362113098
TOKYOTECH_s05,67,115,70.83333333333333,0.42903226613998413,-1.0029465492308849
TOKYOTECH_s05,67,116,70.86666666666666,0.46738409996032715,-1.075930633979189
TOKYOTECH_s05,67,117,70.9,0.5567499399185181,-1.0972280461829074
TOKYOTECH_s05,67,118,70.93333333333334,0.5613001585006714,-1.050197504046094
TOKYOTECH_s05,67,119,70.96666666666667,0.4119444787502289,-0.9252372939773037
TOKYOTECH_s05,67,120,71.0,0.20156604051589966,-0.7245120410843633
TOKYOTECH_s05,67,121,71.03333333333333,-0.10241684317588806,-0.4613786271312061
TOKYOTECH_s05,67,122,71.06666666666666,-0.4239327311515808,-0.15725385006726417
TOKYOTECH_s05,67,123,71.1,-0.5948730111122131,0.16103789438459554
TOKYOTECH_s05,67,124,71.13333333333334,-0.7067228555679321,0.46376664390879635
TOKYOTECH_s05,67,125,71.16666666666667,-0.8424011468887329,0.7231102338004142
TOKYOTECH_s05,67,126,71.2,-0.7759644389152527,0.9201265443265529
TOKYOTECH_s05,67,127,71.23333333333333,-0.7993121147155762,1.049818819797463
TOKYOTECH_s05,67,128,71.26666666666667,-0.8704326152801514,1.120006019177914
TOKYOTECH_s05,67,129,71.3,-0.8660159707069397,1.14361429986593
TOKYOTECH_s05,67,130,71.33333333333333,-1.0151491165161133,1.128962181643081
TOKYOTECH_s05,67,131,71.36666666666666,-1.0866079330444336,1.074498769400337
TOKYOTECH_s05,67,132,71.4,-0.9211528301239014,0.971324358227898
TOKYOTECH_s05,67,133,71.43333333333334,-0.013380436226725578,0.8113101906158111
TOKYOTECH_s05,67,134,71.46666666666667,1.4307208061218262,0.595025858990534
TOKYOTECH_s05,67,135,71.5,1.9482343196868896,0.33437376695640925
TOKYOTECH_s05,67,136,71.53333333333333,1.7212488651275635,0.049149513217486465
TOKYOTECH_s05,67,137,71.56666666666666,1.3181941509246826,-0.23905919320322855
TOKYOTECH_s05,67,138,71.6,0.9598046541213989,-0.5114993669936891
TOKYOTECH_s05,67,139,71.63333333333334,0.650701642036438,-0.7536676888090885
TOKYOTECH_s05,67,140,71.66666666666667,0.35530275106430054,-0.9546843510300441
TOKYOTECH_s05,67,141,71.7,0.31106504797935486,-1.1066344797085927
TOKYOTECH_s05,67,142,71.73333333333333,0.47983261942863464,-1.2041570725772
TOKYOTECH_s05,67,143,71.76666666666667,0.5834546685218811,-1.2430228157068224
TOKYOTECH_s05,67,144,71.8,0.4793606698513031,-1.217522203555955
TOKYOTECH_s05,67,145,71.83333333333333,0.18438029289245605,-1.1188587654596256
TOKYOTECH_s05,67,146,71.86666666666666,-0.08949636667966843,-0.9375733414253473
TOKYOTECH_s05,67,147,71.9,-0.34707772731781006,-0.6708784244042969
TOKYOTECH_s05,67,148,71.93333333333334,-0.6017205715179443,-0.33158833764103723
TOKYOTECH_s05,67,149,71.96666666666667,-0.8203268051147461,0.04757648364900225
TOKYOTECH_s05,67,150,72.0,-0.8604328632354736,0.4191839958388264
TOKYOTECH_s05,67,151,72.03333333333333,-0.8653926849365234,0.735160611277511
TOKYOTECH_s05,67,152,72.06666666666666,-0.9615081548690796,0.9627055031823829
TOKYOTECH_s05,67,153,72.1,-0.906593918800354,1.0928973998740033
TOKYOTECH_s05,67,154,72.13333333333334,-0.869586706161499,1.1375251300007045
TOKYOTECH_s05,67,155,72.16666666666667,-0.9684893488883972,1.1172910153128064
TOKYOTECH_s05,67,156,72.2,-1.0581668615341187,1.0492288227013165
TOKYOTECH_s05,67,157,72.23333333333333,-1.2408522367477417,0.9402191664947769
TOKYOTECH_s05,67,158,72.26666666666667,-0.8503796458244324,0.7882235304817152
TOKYOTECH_s05,67,159,72.3,0.761990487575531,0.5881157162866382
TOKYOTECH_s05,67,160,72.33333333333333,1.904646635055542,0.3383626447208547
TOKYOTECH_s05,67,161,72.36666666666666,1.8999183177947998,0.0465698088908278
TOKYOTECH_s05,67,162,72.4,1.5377532243728638,-0.2671809659113351
TOKYOTECH_s05,67,163,72.43333333333334,1.1558289527893066,-0.5706241297109278
TOKYOTECH_s05,67,164,72.46666666666667,0.7902534604072571,-0.8247634905514762
TOKYOTECH_s05,67,165,72.5,0.39377033710479736,-0.9942615208380735
TOKYOTECH_s05,67,166,72.53333333333333,0.08364333212375641,-1.0590644210099263
TOKYOTECH_s05,67,167,72.56666666666666,0.06340333074331284,-1.0214010054835043
TOKYOTECH_s05,67,168,72.6,0.3398088812828064,-0.9040645546489398
TOKYOTECH_s05,67,169,72.63333333333334,0.4803134799003601,-0.7405424932268296
TOKYOTECH_s05,67,170,72.66666666666667,0.3206196129322052,-0.5620284222211738
TOKYOTECH_s05,67,171,72.7,0.0045532891526818275,-0.38794008109569544
TOKYOTECH_s05,67,172,72.73333333333333,-0.39216136932373047,-0.2242124365920583
TOKYOTECH_s05,67,173,72.76666666666667,-0.7009260058403015,-0.06861742680672474
TOKYOTECH_s05,67,174,72.8,-0.7955989241600037,0.08213740200104154
TOKYOTECH_s05,67,175,72.83333333333333,-0.8689811825752258,0.2288314026792919
TOKYOTECH_s05,67,176,72.86666666666666,-1.0207500457763672,0.3700833248957085
TOKYOTECH_s05,67,177,72.9,-0.9890320897102356,0.5029849657036093
TOKYOTECH_s05,67,178,72.93333333333334,-0.9365576505661011,0.62187244983255
TOKYOTECH_s05,67,179,72.96666666666667,-0.9831016659736633,0.7169928517847725
TOKYOTECH_s05,67,180,73.0,-1.0179094076156616,0.7758664285935167
TOKYOTECH_s05,67,181,73.03333333333333,-1.039075493812561,0.7876462865956751
TOKYOTECH_s05,67,182,73.06666666666666,-1.0473389625549316,0.747458486947289
TOKYOTECH_s05,67,183,73.1,-1.20546555519104,0.6570940356731162
TOKYOTECH_s05,67,184,73.13333333333334,-0.9063891172409058,0.5217179443596246
TOKYOTECH_s05,67,185,73.16666666666667,0.5859746336936951,0.34613351393376496
TOKYOTECH_s05,67,186,73.2,1.7591021060943604,0.13464084894232897
TOKYOTECH_s05,67,187,73.23333333333333,1.8138293027877808,-0.1047506061849083
TOKYOTECH_s05,67,188,73.26666666666667,1.4316201210021973,-0.3553603203921382
TOKYOTECH_s05,67,189,73.3,0.9610601663589478,-0.5910613295417658
TOKYOTECH_s05,67,190,73.33333333333333,0.5466166138648987,-0.7812181393562243
TOKYOTECH_s05,67,191,73.36666666666666,0.10963565856218338,-0.8983114674076628
TOKYOTECH_s05,67,192,73.4,-0.1444818377494812,-0.9239356607944448
TOKYOTECH_s05,67,193,73.43333333333334,0.021649988368153572,-0.8512635859888605
TOKYOTECH_s05,67,194,73.46666666666667,0.49202293157577515,-0.6855052482877746
TOKYOTECH_s05,67,195,73.5,0.6002663969993591,-0.44467882138645753
TOKYOTECH_s05,67,196,73.53333333333333,0.33240920305252075,-0.16004762849312748
TOKYOTECH_s05,67,197,73.56666666666666,-0.02164384163916111,0.1272615313354796
TOKYOTECH_s05,67,198,73.6,-0.27917176485061646,0.3756177714018882
TOKYOTECH_s05,67,199,73.63333333333334,-0.5234319567680359,0.5556514831223459
TOKYOTECH_s05,67,200,73.66666666666667,-0.7646200656890869,0.6596321612555754
TOKYOTECH_s05,67,201,73.7,-0.8828722834587097,0.7010692678861024
TOKYOTECH_s05,67,202,73.73333333333333,-0.9682667255401611,0.70404568607765
TOKYOTECH_s05,67,203,73.76666666666667,-0.928089439868927,0.6885708976963887
TOKYOTECH_s05,67,204,73.8,-0.8674852252006531,0.6604867051354919
TOKYOTECH_s05,67,205,73.83333333333333,-0.8618575930595398,0.6109867288558033
TOKYOTECH_s05,67,206,73.86666666666666,-0.9527550339698792,0.5243656835301249
TOKYOTECH_s05,67,207,73.9,-0.9108414053916931,0.3881179716151547
TOKYOTECH_s05,67,208,73.93333333333334,-0.11408177763223648,0.20005347919423266
TOKYOTECH_s05,67,209,73.96666666666667,1.2266645431518555,-0.02928226111711987
TOKYOTECH_s05,67,210,74.0,1.769921064376831,-0.27776706336289725
TOKYOTECH_s05,67,211,74.03333333333333,1.551671028137207,-0.5151902414803821
TOKYOTECH_s05,67,212,74.06666666666666,1.1052690744400024,-0.7094285793595932
TOKYOTECH_s05,67,213,74.1,0.6387072801589966,-0.8355357690678656
TOKYOTECH_s05,67,214,74.13333333333334,0.16598352789878845,-0.8845726395662415
TOKYOTECH_s05,67,215,74.16666666666667,-0.24085557460784912,-0.866409960781602
TOKYOTECH_s05,67,216,74.2,-0.2952800691127777,-0.8031809442961628
TOKYOTECH_s05,67,217,74.23333333333333,0.14527158439159393,-0.716344674493859
TOKYOTECH_s05,67,218,74.26666666666667,0.4718185365200043,-0.6156753160889944
TOKYOTECH_s05,67,219,74.3,0.3401027321815491,-0.4979319918882437
TOKYOTECH_s05,67,220,74.33333333333333,0.016707973554730415,-0.35568809365112064
TOKYOTECH_s05,67,221,74.36666666666666,-0.2531082034111023,-0.18900990034486306
TOKYOTECH_s05,67,222,74.4,-0.5488454699516296,-0.011077793066193201
TOKYOTECH_s05,67,223,74.43333333333334,-0.8327575325965881,0.15606908382619786
TOKYOTECH_s05,67,224,74.46666666666667,-0.9504665732383728,0.2919854854164204
TOKYOTECH_s05,67,225,74.5,-1.0995194911956787,0.3866749286202065
TOKYOTECH_s05,67,226,74.53333333333333,-1.123766541481018,0.44236911689587244
TOKYOTECH_s05,67,227,74.56666666666666,-1.001792311668396,0.46863974395951524
TOKYOTECH_s05,67,228,74.6,-1.0246145725250244,0.4756187166797459
TOKYOTECH_s05,67,229,74.63333333333334,-1.0620403289794922,0.4701292703339808
TOKYOTECH_s05,67,230,74.66666666666667,-1.0940877199172974,0.4558197116507143
TOKYOTECH_s05,67,231,74.7,-0.38332808017730713,0.4347971156015785
TOKYOTECH_s05,67,232,74.73333333333333,1.2904921770095825,0.4080978038431686
TOKYOTECH_s05,67,233,74.76666666666667,2.204453229904175,0.37487922792727674
TOKYOTECH_s05,67,234,74.8,2.115541458129883,0.33246978077332934
TOKYOTECH_s05,67,235,74.83333333333333,1.739200472831726,0.2787681599437722
TOKYOTECH_s05,67,236,74.86666666666666,1.3220231533050537,0.21519843748304912
TOKYOTECH_s05,67,237,74.9,0.9972571134567261,0.1468614813736494
TOKYOTECH_s05,67,238,74.93333333333334,0.600862979888916,0.079460067622082
TOKYOTECH_s05,67,239,74.96666666666667,0.29126137495040894,0.01618653937994518
TOKYOTECH_s05,68,0,68.0,-0.5888891816139221,-0.08526096943762729
TOKYOTECH_s05,68,1,68.03333333333333,-0.6105093955993652,-1.7725961751239665
TOKYOTECH_s05,68,2,68.06666666666666,-0.7239353060722351,-3.1697178327533413
TOKYOTECH_s05,68,3,68.1,-0.8512967824935913,-4.068001253164409
TOKYOTECH_s05,68,4,68.13333333333334,-0.47163429856300354,-4.395228467093376
TOKYOTECH_s05,68,5,68.16666666666667,0.8137525320053101,-4.220431809242732
TOKYOTECH_s05,68,6,68.2,1.6896467208862305,-3.7090235009560275
TOKYOTECH_s05,68,7,68.23333333333333,1.6647051572799683,-3.053712318811013
TOKYOTECH_s05,68,8,68.26666666666667,1.275550365447998,-2.4142652780231972
TOKYOTECH_s05,68,9,68.3,0.8601362109184265,-1.8867261210732191
TOKYOTECH_s05,68,10,68.33333333333333,0.4847301244735718,-1.5025223748535952
TOKYOTECH_s05,68,11,68.36666666666666,0.14888682961463928,-1.2441137468668633
TOKYOTECH_s05,68,12,68.4,0.07280651479959488,-1.0637165126985608
TOKYOTECH_s05,68,13,68.43333333333334,0.243399515748024,-0.89982202573599
TOKYOTECH_s05,68,14,68.46666666666667,0.43124058842658997,-0.6927930377934757
TOKYOTECH_s05,68,15,68.5,0.46349281072616577,-0.400851694662327
TOKYOTECH_s05,68,16,68.53333333333333,0.321064829826355,-0.012897896539181573
TOKYOTECH_s05,68,17,68.56666666666666,0.10806845873594284,0.4482565973252106
TOKYOTECH_s05,68,18,68.6,-0.19056278467178345,0.9346510875487962
TOKYOTECH_s05,68,19,68.63333333333334,-0.4554547667503357,1.3892626195831497
TOKYOTECH_s05,68,20,68.66666666666667,-0.6632865071296692,1.7611726230949734
TOKYOTECH_s05,68,21,68.7,-0.6801695227622986,2.013998122353925
TOKYOTECH_s05,68,22,68.73333333333333,-0.690365195274353,2.1279242225627737
TOKYOTECH_s05,68,23,68.76666666666667,-0.7113710045814514,2.0997389120736565
TOKYOTECH_s05,68,24,68.8,-0.6763761639595032,1.9435148216917655
TOKYOTECH_s05,68,25,68.83333333333333,-0.6384873986244202,1.690077203930664
TOKYOTECH_s05,68,26,68.86666666666666,-0.7105517983436584,1.3814800039694322
TOKYOTECH_s05,68,27,68.9,-0.7931680083274841,1.0595382645483031
TOKYOTECH_s05,68,28,68.93333333333334,-0.08588112890720367,0.7530218216473795
TOKYOTECH_s05,68,29,68.96666666666667,1.265862226486206,0.47093709223894686
TOKYOTECH_s05,68,30,69.0,1.832030177116394,0.20589027730132695
TOKYOTECH_s05,68,31,69.03333333333333,1.638472318649292,-0.05506914267607206
TOKYOTECH_s05,68,32,69.06666666666666,1.2792279720306396,-0.31900073182675526
TOKYOTECH_s05,68,33,69.1,0.9761800765991211,-0.5811354340224678
TOKYOTECH_s05,68,34,69.13333333333334,0.6688846945762634,-0.825798250630956
TOKYOTECH_s05,68,35,69.16666666666667,0.40178442001342773,-1.0311142147725985
TOKYOTECH_s05,68,36,69.2,0.30716487765312195,-1.1738817631037508
TOKYOTECH_s05,68,37,69.23333333333333,0.426788330078125,-1.2334125326600092
TOKYOTECH_s05,68,38,69.26666666666667,0.5620748996734619,-1.1953724757341597
TOKYOTECH_s05,68,39,69.3,0.517561137676239,-1.0565181497142342
TOKYOTECH_s05,68,40,69.33333333333333,0.2797478139400482,-0.8288210863342081
TOKYOTECH_s05,68,41,69.36666666666666,-0.027636589482426643,-0.5396452240358125
TOKYOTECH_s05,68,42,69.4,-0.3112013638019562,-0.2259618876757015
TOKYOTECH_s05,68,43,69.43333333333334,-0.511286199092865,0.07553471154446285
TOKYOTECH_s05,68,44,69.46666666666667,-0.601195216178894,0.33709933386868585
TOKYOTECH_s05,68,45,69.5,-0.6754412055015564,0.5426884178397493
TOKYOTECH_s05,68,46,69.53333333333333,-0.7430087924003601,0.6851828773644679
TOKYOTECH_s05,68,47,69.56666666666666,-0.8119654655456543,0.7627224144499614
TOKYOTECH_s05,68,48,69.6,-0.8078871965408325,0.7776014733451936
TOKYOTECH_s05,68,49,69.63333333333334,-0.7844059467315674,0.7368775861927586
TOKYOTECH_s05,68,50,69.66666666666667,-0.8183589577674866,0.6514373917159944
TOKYOTECH_s05,68,51,69.7,-0.8913671970367432,0.5320758005627795
TOKYOTECH_s05,68,52,69.73333333333333,-0.5880699753761292,0.3855014423115453
TOKYOTECH_s05,68,53,69.76666666666667,0.7311807870864868,0.21478558026637165
TOKYOTECH_s05,68,54,69.8,1.8320835828781128,0.02469680332145494
TOKYOTECH_s05,68,55,69.83333333333333,1.9406208992004395,-0.17289307441105708
TOKYOTECH_s05,68,56,69.86666666666666,1.6601637601852417,-0.35898441206043247
TOKYOTECH_s05,68,57,69.9,1.3675074577331543,-0.513858578436155
TOKYOTECH_s05,68,58,69.93333333333334,1.1225082874298096,-0.6252926631500738
TOKYOTECH_s05,68,59,69.96666666666667,0.7950975298881531,-0.6920560456185736
TOKYOTECH_s05,68,60,70.0,0.5075702667236328,-0.7201846584942694
TOKYOTECH_s05,68,61,70.03333333333333,0.46912938356399536,-0.7155773759767204
TOKYOTECH_s05,68,62,70.06666666666666,0.6132314205169678,-0.6791067135883561
TOKYOTECH_s05,68,63,70.1,0.6904515027999878,-0.6077869304410856
TOKYOTECH_s05,68,64,70.13333333333334,0.4952641725540161,-0.4998675705933791
TOKYOTECH_s05,68,65,70.16666666666667,0.17485244572162628,-0.35845555494410647
TOKYOTECH_s05,68,66,70.2,-0.17947664856910706,-0.19071993450386698
TOKYOTECH_s05,68,67,70.23333333333333,-0.36233118176460266,-0.0046518667906498765
TOKYOTECH_s05,68,68,70.26666666666667,-0.47073495388031006,0.1924554038995992
TOKYOTECH_s05,68,69,70.3,-0.6666791439056396,0.3919420105168123
TOKYOTECH_s05,68,70,70.33333333333333,-0.7626610994338989,0.5808359541015485
TOKYOTECH_s05,68,71,70.36666666666666,-0.7083434462547302,0.742421778693838
TOKYOTECH_s05,68,72,70.4,-0.7395538091659546,0.860975102305433
TOKYOTECH_s05,68,73,70.43333333333334,-0.8140847682952881,0.9266070921799723
TOKYOTECH_s05,68,74,70.46666666666667,-0.7611651420593262,0.9359189950982966
TOKYOTECH_s05,68,75,70.5,-0.8653748631477356,0.8882929608610167
TOKYOTECH_s05,68,76,70.53333333333333,-1.0307587385177612,0.7822195835948089
TOKYOTECH_s05,68,77,70.56666666666666,-0.5870192050933838,0.6165864146002211
TOKYOTECH_s05,68,78,70.6,0.7293999195098877,0.3970480696152376
TOKYOTECH_s05,68,79,70.63333333333334,1.7773830890655518,0.14193849383527643
TOKYOTECH_s05,68,80,70.66666666666667,1.8756178617477417,-0.11886142947091576
TOKYOTECH_s05,68,81,70.7,1.622782588005066,-0.35384569888601625
TOKYOTECH_s05,68,82,70.73333333333333,1.3249794244766235,-0.5429101710832238
TOKYOTECH_s05,68,83,70.76666666666667,0.9807748198509216,-0.684261360742371
TOKYOTECH_s05,68,84,70.8,0.6478700041770935,-0.7901611508820245
TOKYOTECH_s05,68,85,70.83333333333333,0.42903226613998413,-0.8746840441923588
TOKYOTECH_s05,68,86,70.86666666666666,0.46738409996032715,-0.9422216073623616
TOKYOTECH_s05,68,87,70.9,0.5567499399185181,-0.984244701974198
TOKYOTECH_s05,68,88,70.93333333333334,0.5613001585006714,-0.9847882678254438
TOKYOTECH_s05,68,89,70.96666666666667,0.4119444787502289,-0.9288267490199691
TOKYOTECH_s05,68,90,71.0,0.20156604051589966,-0.8077052633821654
TOKYOTECH_s05,68,91,71.03333333333333,-0.10241684317588806,-0.6204328818085822
TOKYOTECH_s05,68,92,71.06666666666666,-0.4239327311515808,-0.37368638496957446
TOKYOTECH_s05,68,93,71.1,-0.5948730111122131,-0.0829778971008131
TOKYOTECH_s05,68,94,71.13333333333334,-0.7067228555679321,0.22683748416836486
TOKYOTECH_s05,68,95,71.16666666666667,-0.8424011468887329,0.5256233324708566
TOKYOTECH_s05,68,96,71.2,-0.7759644389152527,0.7864449523605751
TOKYOTECH_s05,68,97,71.23333333333333,-0.7993121147155762,0.9930506679512596
TOKYOTECH_s05,68,98,71.26666666666667,-0.8704326152801514,1.1408368089969747
TOKYOTECH_s05,68,99,71.3,-0.8660159707069397,1.2306981428382004
TOKYOTECH_s05,68,100,71.33333333333333,-1.0151491165161133,1.26073894779987
TOKYOTECH_s05,68,101,71.36666666666666,-1.0866079330444336,1.2226017227922377
TOKYOTECH_s05,68,102,71.4,-0.9211528301239014,1.1055576363862183
TOKYOTECH_s05,68,103,71.43333333333334,-0.013380436226725578,0.9055862934267727
TOKYOTECH_s05,68,104,71.46666666666667,1.4307208061218262,0.6330398193180456
TOKYOTECH_s05,68,105,71.5,1.9482343196868896,0.3134823523148864
TOKYOTECH_s05,68,106,71.53333333333333,1.7212488651275635,-0.018927882098122566
TOKYOTECH_s05,68,107,71.56666666666666,1.3181941509246826,-0.331396519580756
TOKYOTECH_s05,68,108,71.6,0.9598046541213989,-0.6004453296491021
TOKYOTECH_s05,68,109,71.63333333333334,0.650701642036438,-0.8148900284388491
TOKYOTECH_s05,68,110,71.66666666666667,0.35530275106430054,-0.9744516142672027
TOKYOTECH_s05,68,111,71.7,0.31106504797935486,-1.0863385577689981
TOKYOTECH_s05,68,112,71.73333333333333,0.47983261942863464,-1.1608969580425217
TOKYOTECH_s05,68,113,71.76666666666667,0.5834546685218811,-1.2057580868198352
TOKYOTECH_s05,68,114,71.8,0.4793606698513031,-1.2186944619355988
TOKYOTECH_s05,68,115,71.83333333333333,0.18438029289245605,-1.1823809542645471
TOKYOTECH_s05,68,116,71.86666666666666,-0.08949636667966843,-1.0665510630620425
TOKYOTECH_s05,68,117,71.9,-0.34707772731781006,-0.8407477764900169
TOKYOTECH_s05,68,118,71.93333333333334,-0.6017205715179443,-0.49350275397148485
TOKYOTECH_s05,68,119,71.96666666666667,-0.8203268051147461,-0.04734067575709147
TOKYOTECH_s05,68,120,72.0,-0.8604328632354736,0.44033064754576945
TOKYOTECH_s05,68,121,72.03333333333333,-0.8653926849365234,0.8928111232291217
TOKYOTECH_s05,68,122,72.06666666666666,-0.9615081548690796,1.2390089013803032
TOKYOTECH_s05,68,123,72.1,-0.906593918800354,1.435298200604153
TOKYOTECH_s05,68,124,72.13333333333334,-0.869586706161499,1.4745993826426733
TOKYOTECH_s05,68,125,72.16666666666667,-0.9684893488883972,1.3807073409240793
TOKYOTECH_s05,68,126,72.2,-1.0581668615341187,1.193326232380234
TOKYOTECH_s05,68,127,72.23333333333333,-1.2408522367477417,0.9522753133930181
TOKYOTECH_s05,68,128,72.26666666666667,-0.8503796458244324,0.687102946936509
TOKYOTECH_s05,68,129,72.3,0.761990487575531,0.41400917687912053
TOKYOTECH_s05,68,130,72.33333333333333,1.904646635055542,0.13900474355048664
TOKYOTECH_s05,68,131,72.36666666666666,1.8999183177947998,-0.13507725563742104
TOKYOTECH_s05,68,132,72.4,1.5377532243728638,-0.400889891982575
TOKYOTECH_s05,68,133,72.43333333333334,1.1558289527893066,-0.6418858157556351
TOKYOTECH_s05,68,134,72.46666666666667,0.7902534604072571,-0.8338367309240022
TOKYOTECH_s05,68,135,72.5,0.39377033710479736,-0.9530819961556205
TOKYOTECH_s05,68,136,72.53333333333333,0.08364333212375641,-0.9875505162598369
TOKYOTECH_s05,68,137,72.56666666666666,0.06340333074331284,-0.9437773664436989
TOKYOTECH_s05,68,138,72.6,0.3398088812828064,-0.8449335322915295
TOKYOTECH_s05,68,139,72.63333333333334,0.4803134799003601,-0.720289889938926
TOKYOTECH_s05,68,140,72.66666666666667,0.3206196129322052,-0.5919995550982468
TOKYOTECH_s05,68,141,72.7,0.0045532891526818275,-0.4669225009374977
TOKYOTECH_s05,68,142,72.73333333333333,-0.39216136932373047,-0.33793351871545696
TOKYOTECH_s05,68,143,72.76666666666667,-0.7009260058403015,-0.19299896757258636
TOKYOTECH_s05,68,144,72.8,-0.7955989241600037,-0.02546597987186906
TOKYOTECH_s05,68,145,72.83333333333333,-0.8689811825752258,0.16091901307074247
TOKYOTECH_s05,68,146,72.86666666666666,-1.0207500457763672,0.3536776222235239
TOKYOTECH_s05,68,147,72.9,-0.9890320897102356,0.5363522638855772
TOKYOTECH_s05,68,148,72.93333333333334,-0.9365576505661011,0.6923570539750818
TOKYOTECH_s05,68,149,72.96666666666667,-0.9831016659736633,0.806941028334134
TOKYOTECH_s05,68,150,73.0,-1.0179094076156616,0.8687855525779528
TOKYOTECH_s05,68,151,73.03333333333333,-1.039075493812561,0.8724563933585827
TOKYOTECH_s05,68,152,73.06666666666666,-1.0473389625549316,0.8203561545253958
TOKYOTECH_s05,68,153,73.1,-1.20546555519104,0.7214296331113287
TOKYOTECH_s05,68,154,73.13333333333334,-0.9063891172409058,0.5860960250709263
TOKYOTECH_s05,68,155,73.16666666666667,0.5859746336936951,0.4206008292493963
TOKYOTECH_s05,68,156,73.2,1.7591021060943604,0.22543709197598955
TOKYOTECH_s05,68,157,73.23333333333333,1.8138293027877808,-0.00010062292040192294
TOKYOTECH_s05,68,158,73.26666666666667,1.4316201210021973,-0.2502853017865317
TOKYOTECH_s05,68,159,73.3,0.9610601663589478,-0.5081509311793555
TOKYOTECH_s05,68,160,73.33333333333333,0.5466166138648987,-0.7468879955575377
TOKYOTECH_s05,68,161,73.36666666666666,0.10963565856218338,-0.9358892755087778
TOKYOTECH_s05,68,162,73.4,-0.1444818377494812,-1.0473234121793782
TOKYOTECH_s05,68,163,73.43333333333334,0.021649988368153572,-1.0605167403163043
TOKYOTECH_s05,68,164,73.46666666666667,0.49202293157577515,-0.9649372030932398
TOKYOTECH_s05,68,165,73.5,0.6002663969993591,-0.7639411483935777
TOKYOTECH_s05,68,166,73.53333333333333,0.33240920305252075,-0.4786030667136971
TOKYOTECH_s05,68,167,73.56666666666666,-0.02164384163916111,-0.14768144445396128
TOKYOTECH_s05,68,168,73.6,-0.27917176485061646,0.17948298925328726
TOKYOTECH_s05,68,169,73.63333333333334,-0.5234319567680359,0.45599168268816603
TOKYOTECH_s05,68,170,73.66666666666667,-0.7646200656890869,0.6507179086245842
TOKYOTECH_s05,68,171,73.7,-0.8828722834587097,0.7552771219204724
TOKYOTECH_s05,68,172,73.73333333333333,-0.9682667255401611,0.781531800913694
TOKYOTECH_s05,68,173,73.76666666666667,-0.928089439868927,0.7519377751584837
TOKYOTECH_s05,68,174,73.8,-0.8674852252006531,0.6884307858654604
TOKYOTECH_s05,68,175,73.83333333333333,-0.8618575930595398,0.6051149093253538
TOKYOTECH_s05,68,176,73.86666666666666,-0.9527550339698792,0.5065777800836984
TOKYOTECH_s05,68,177,73.9,-0.9108414053916931,0.3902780768266672
TOKYOTECH_s05,68,178,73.93333333333334,-0.11408177763223648,0.25063547970110056
TOKYOTECH_s05,68,179,73.96666666666667,1.2266645431518555,0.08367711085991589
TOKYOTECH_s05,68,180,74.0,1.769921064376831,-0.10786057709308536
TOKYOTECH_s05,68,181,74.03333333333333,1.551671028137207,-0.3101036941902765
TOKYOTECH_s05,68,182,74.06666666666666,1.1052690744400024,-0.4978504926783997
TOKYOTECH_s05,68,183,74.1,0.6387072801589966,-0.6417038188971447
TOKYOTECH_s05,68,184,74.13333333333334,0.16598352789878845,-0.7201527930407198
TOKYOTECH_s05,68,185,74.16666666666667,-0.24085557460784912,-0.7290059134763749
TOKYOTECH_s05,68,186,74.2,-0.2952800691127777,-0.6814690246943622
TOKYOTECH_s05,68,187,74.23333333333333,0.14527158439159393,-0.5987105571006873
TOKYOTECH_s05,68,188,74.26666666666667,0.4718185365200043,-0.4979046307516597
TOKYOTECH_s05,68,189,74.3,0.3401027321815491,-0.3863935192404091
TOKYOTECH_s05,68,190,74.33333333333333,0.016707973554730415,-0.2647912120474655
TOKYOTECH_s05,68,191,74.36666666666666,-0.2531082034111023,-0.13428271719905963
TOKYOTECH_s05,68,192,74.4,-0.5488454699516296,-0.0009245505726929791
TOKYOTECH_s05,68,193,74.43333333333334,-0.8327575325965881,0.12653886474331505
TOKYOTECH_s05,68,194,74.46666666666667,-0.9504665732383728,0.2425874623775009
TOKYOTECH_s05,68,195,74.5,-1.0995194911956787,0.34836889386084346
TOKYOTECH_s05,68,196,74.53333333333333,-1.123766541481018,0.44882991877869366
TOKYOTECH_s05,68,197,74.56666666666666,-1.001792311668396,0.5454107218809485
TOKYOTECH_s05,68,198,74.6,-1.0246145725250244,0.6303478940637219
TOKYOTECH_s05,68,199,74.63333333333334,-1.0620403289794922,0.6877709871261339
TOKYOTECH_s05,68,200,74.66666666666667,-1.0940877199172974,0.7012487350163571
TOKYOTECH_s05,68,201,74.7,-0.38332808017730713,0.6623841854820951
TOKYOTECH_s05,68,202,74.73333333333333,1.2904921770095825,0.5750594399781533
TOKYOTECH_s05,68,203,74.76666666666667,2.204453229904175,0.45393613102524605
TOKYOTECH_s05,68,204,74.8,2.115541458129883,0.31974629429965884
TOKYOTECH_s05,68,205,74.83333333333333,1.739200472831726,0.19443360784263944
TOKYOTECH_s05,68,206,74.86666666666666,1.3220231533050537,0.09635654417497065
TOKYOTECH_s05,68,207,74.9,0.9972571134567261,0.034112539011836494
TOKYOTECH_s05,68,208,74.93333333333334,0.600862979888916,0.000284305995163831
TOKYOTECH_s05,68,209,74.96666666666667,0.29126137495040894,-0.029932594707340318
TOKYOTECH_s05,68,210,75.0,0.3571726977825165,-0.09075375018242089
TOKYOTECH_s05,68,211,75.03333333333333,0.6082448363304138,-0.20946596666514072
TOKYOTECH_s05,68,212,75.06666666666666,0.5839087963104248,-0.38969508149461946
TOKYOTECH_s05,68,213,75.1,0.4076079726219177,-0.6048533716217152
TOKYOTECH_s05,68,214,75.13333333333334,0.14707030355930328,-0.8071647189578343
TOKYOTECH_s05,68,215,75.16666666666667,-0.12206914275884628,-0.948045663178926
TOKYOTECH_s05,68,216,75.2,-0.42732536792755127,-0.9982586656548887
TOKYOTECH_s05,68,217,75.23333333333333,-0.7608267664909363,-0.9565868161916297
TOKYOTECH_s05,68,218,75.26666666666667,-0.8726053237915039,-0.8440356523295157
TOKYOTECH_s05,68,219,75.3,-0.8749650120735168,-0.6897431541205727
TOKYOTECH_s05,68,220,75.33333333333333,-0.8731217980384827,-0.5177974883718078
TOKYOTECH_s05,68,221,75.36666666666666,-0.8353309631347656,-0.3409669440799107
TOKYOTECH_s05,68,222,75.4,-0.8649741411209106,-0.16198480724428885
TOKYOTECH_s05,68,223,75.43333333333334,-0.900147020816803,0.020753947476513757
TOKYOTECH_s05,68,224,75.46666666666667,-0.9089892506599426,0.20681564431421276
TOKYOTECH_s05,68,225,75.5,-0.16828365623950958,0.3891421604013307
TOKYOTECH_s05,68,226,75.53333333333333,1.3916566371917725,0.5526274585759459
TOKYOTECH_s05,68,227,75.56666666666666,2.167508363723755,0.6764978921214077
TOKYOTECH_s05,68,228,75.6,2.0241007804870605,0.7401341760527705
TOKYOTECH_s05,68,229,75.63333333333334,1.6842149496078491,0.7305545577152474
TOKYOTECH_s05,68,230,75.66666666666667,1.3192182779312134,0.6485067941058539
TOKYOTECH_s05,68,231,75.7,1.0165176391601562,0.5101200942791504
TOKYOTECH_s05,68,232,75.73333333333333,0.6272916793823242,0.3429475117962207
TOKYOTECH_s05,68,233,75.76666666666667,0.4107423722743988,0.17809364292823548
TOKYOTECH_s05,68,234,75.8,0.4880960285663605,0.04219826495019318
TOKYOTECH_s05,68,235,75.83333333333333,0.7331219911575317,-0.04735338990211006
TOKYOTECH_s05,68,236,75.86666666666666,0.6962127089500427,-0.0834349598569991
TOKYOTECH_s05,68,237,75.9,0.428230881690979,-0.06823913524008648
TOKYOTECH_s05,68,238,75.93333333333334,0.12976880371570587,-0.011961428086447555
TOKYOTECH_s05,68,239,75.96666666666667,-0.12848040461540222,0.06890819888798567
TOKYOTECH_s05,69,0,69.0,1.832030177116394,-0.058888308093469996
TOKYOTECH_s05,69,1,69.03333333333333,1.638472318649292,-1.9944318486413928
TOKYOTECH_s05,69,2,69.06666666666666,1.2792279720306396,-3.649768441843963
TOKYOTECH_s05,69,3,69.1,0.9761800765991211,-4.810995366770493
TOKYOTECH_s05,69,4,69.13333333333334,0.6688846945762634,-5.377148214416988
TOKYOTECH_s05,69,5,69.16666666666667,0.40178442001342773,-5.371583474184644
TOKYOTECH_s05,69,6,69.2,0.30716487765312195,-4.9142985323827615
TOKYOTECH_s05,69,7,69.23333333333333,0.426788330078125,-4.17158910740891
TOKYOTECH_s05,69,8,69.26666666666667,0.5620748996734619,-3.306298685263102
TOKYOTECH_s05,69,9,69.3,0.517561137676239,-2.4448070143852783
TOKYOTECH_s05,69,10,69.33333333333333,0.2797478139400482,-1.6648656919355322
TOKYOTECH_s05,69,11,69.36666666666666,-0.027636589482426643,-0.9990626356378828
TOKYOTECH_s05,69,12,69.4,-0.3112013638019562,-0.44581600971350444
TOKYOTECH_s05,69,13,69.43333333333334,-0.511286199092865,0.017521526531449075
TOKYOTECH_s05,69,14,69.46666666666667,-0.601195216178894,0.4207159537787042
TOKYOTECH_s05,69,15,69.5,-0.6754412055015564,0.7863020052128102
TOKYOTECH_s05,69,16,69.53333333333333,-0.7430087924003601,1.1186920716291362
TOKYOTECH_s05,69,17,69.56666666666666,-0.8119654655456543,1.4024817551572393
TOKYOTECH_s05,69,18,69.6,-0.8078871965408325,1.611324515520992
TOKYOTECH_s05,69,19,69.63333333333334,-0.7844059467315674,1.7219683060038102
TOKYOTECH_s05,69,20,69.66666666666667,-0.8183589577674866,1.725248272751091
TOKYOTECH_s05,69,21,69.7,-0.8913671970367432,1.6289140590709825
TOKYOTECH_s05,69,22,69.73333333333333,-0.5880699753761292,1.4534569225772536
TOKYOTECH_s05,69,23,69.76666666666667,0.7311807870864868,1.2260205409982379
TOKYOTECH_s05,69,24,69.8,1.8320835828781128,0.9757858740345715
TOKYOTECH_s05,69,25,69.83333333333333,1.9406208992004395,0.7302267724666544
TOKYOTECH_s05,69,26,69.86666666666666,1.6601637601852417,0.5102636754607384
TOKYOTECH_s05,69,27,69.9,1.3675074577331543,0.3245888746330697
TOKYOTECH_s05,69,28,69.93333333333334,1.1225082874298096,0.16683746607520086
TOKYOTECH_s05,69,29,69.96666666666667,0.7950975298881531,0.019851023326014707
TOKYOTECH_s05,69,30,70.0,0.5075702667236328,-0.1328582204617079
TOKYOTECH_s05,69,31,70.03333333333333,0.46912938356399536,-0.29415763377444226
TOKYOTECH_s05,69,32,70.06666666666666,0.6132314205169678,-0.4471924566785417
TOKYOTECH_s05,69,33,70.1,0.6904515027999878,-0.5610000856968533
TOKYOTECH_s05,69,34,70.13333333333334,0.4952641725540161,-0.6046983010589384
TOKYOTECH_s05,69,35,70.16666666666667,0.17485244572162628,-0.5612446459285592
TOKYOTECH_s05,69,36,70.2,-0.17947664856910706,-0.43327903367168197
TOKYOTECH_s05,69,37,70.23333333333333,-0.36233118176460266,-0.24013056458338772
TOKYOTECH_s05,69,38,70.26666666666667,-0.47073495388031006,-0.01072778294930555
TOKYOTECH_s05,69,39,70.3,-0.6666791439056396,0.2224284930471033
TOKYOTECH_s05,69,40,70.33333333333333,-0.7626610994338989,0.42753428923161996
TOKYOTECH_s05,69,41,70.36666666666666,-0.7083434462547302,0.578484214835629
TOKYOTECH_s05,69,42,70.4,-0.7395538091659546,0.6606534051583337
TOKYOTECH_s05,69,43,70.43333333333334,-0.8140847682952881,0.6736762563031503
TOKYOTECH_s05,69,44,70.46666666666667,-0.7611651420593262,0.6280172826885829
TOKYOTECH_s05,69,45,70.5,-0.8653748631477356,0.536751860651536
TOKYOTECH_s05,69,46,70.53333333333333,-1.0307587385177612,0.40835582759101785
TOKYOTECH_s05,69,47,70.56666666666666,-0.5870192050933838,0.24612991680592972
TOKYOTECH_s05,69,48,70.6,0.7293999195098877,0.05433818021182579
TOKYOTECH_s05,69,49,70.63333333333334,1.7773830890655518,-0.15494214892087618
TOKYOTECH_s05,69,50,70.66666666666667,1.8756178617477417,-0.36132411456928226
TOKYOTECH_s05,69,51,70.7,1.622782588005066,-0.5440718586046142
TOKYOTECH_s05,69,52,70.73333333333333,1.3249794244766235,-0.6931319685620224
TOKYOTECH_s05,69,53,70.76666666666667,0.9807748198509216,-0.8140304207454856
TOKYOTECH_s05,69,54,70.8,0.6478700041770935,-0.921192821133384
TOKYOTECH_s05,69,55,70.83333333333333,0.42903226613998413,-1.0230104077348658
TOKYOTECH_s05,69,56,70.86666666666666,0.46738409996032715,-1.1092277916959397
TOKYOTECH_s05,69,57,70.9,0.5567499399185181,-1.1506206739869844
TOKYOTECH_s05,69,58,70.93333333333334,0.5613001585006714,-1.1117743296916585
TOKYOTECH_s05,69,59,70.96666666666667,0.4119444787502289,-0.9683947368479435
TOKYOTECH_s05,69,60,71.0,0.20156604051589966,-0.7191516352182229
TOKYOTECH_s05,69,61,71.03333333333333,-0.10241684317588806,-0.38750766506523693
TOKYOTECH_s05,69,62,71.06666666666666,-0.4239327311515808,-0.015340708834060485
TOKYOTECH_s05,69,63,71.1,-0.5948730111122131,0.34734834449180096
TOKYOTECH_s05,69,64,71.13333333333334,-0.7067228555679321,0.6542420359893154
TOKYOTECH_s05,69,65,71.16666666666667,-0.8424011468887329,0.8749644596643962
TOKYOTECH_s05,69,66,71.2,-0.7759644389152527,1.0041355652957569
TOKYOTECH_s05,69,67,71.23333333333333,-0.7993121147155762,1.061434091554811
TOKYOTECH_s05,69,68,71.26666666666667,-0.8704326152801514,1.0802321033053068
TOKYOTECH_s05,69,69,71.3,-0.8660159707069397,1.0893102217117299
TOKYOTECH_s05,69,70,71.33333333333333,-1.0151491165161133,1.0972888887786876
TOKYOTECH_s05,69,71,71.36666666666666,-1.0866079330444336,1.0886429903274142
TOKYOTECH_s05,69,72,71.4,-0.9211528301239014,1.0333204647550605
TOKYOTECH_s05,69,73,71.43333333333334,-0.013380436226725578,0.903904785853472
TOKYOTECH_s05,69,74,71.46666666666667,1.4307208061218262,0.690524069813125
TOKYOTECH_s05,69,75,71.5,1.9482343196868896,0.40607894646918247
TOKYOTECH_s05,69,76,71.53333333333333,1.7212488651275635,0.08077664693608395
TOKYOTECH_s05,69,77,71.56666666666666,1.3181941509246826,-0.24912067875276153
TOKYOTECH_s05,69,78,71.6,0.9598046541213989,-0.5517388919985741
TOKYOTECH_s05,69,79,71.63333333333334,0.650701642036438,-0.8052148003658356
TOKYOTECH_s05,69,80,71.66666666666667,0.35530275106430054,-0.9986237974594416
TOKYOTECH_s05,69,81,71.7,0.31106504797935486,-1.1304952450324806
TOKYOTECH_s05,69,82,71.73333333333333,0.47983261942863464,-1.2060094650229758
TOKYOTECH_s05,69,83,71.76666666666667,0.5834546685218811,-1.2322556020926139
TOKYOTECH_s05,69,84,71.8,0.4793606698513031,-1.2117686137386572
TOKYOTECH_s05,69,85,71.83333333333333,0.18438029289245605,-1.1372798930937045
TOKYOTECH_s05,69,86,71.86666666666666,-0.08949636667966843,-0.9922663594175339
TOKYOTECH_s05,69,87,71.9,-0.34707772731781006,-0.7597555689246577
TOKYOTECH_s05,69,88,71.93333333333334,-0.6017205715179443,-0.4361021400606619
TOKYOTECH_s05,69,89,71.96666666666667,-0.8203268051147461,-0.0416594295580239
TOKYOTECH_s05,69,90,72.0,-0.8604328632354736,0.3790777043461685
TOKYOTECH_s05,69,91,72.03333333333333,-0.8653926849365234,0.7693207612843779
TOKYOTECH_s05,69,92,72.06666666666666,-0.9615081548690796,1.07786654515175
TOKYOTECH_s05,69,93,72.1,-0.906593918800354,1.2734419469399887
TOKYOTECH_s05,69,94,72.13333333333334,-0.869586706161499,1.3489260970831927
TOKYOTECH_s05,69,95,72.16666666666667,-0.9684893488883972,1.3156581745878104
TOKYOTECH_s05,69,96,72.2,-1.0581668615341187,1.1935372459079578
TOKYOTECH_s05,69,97,72.23333333333333,-1.2408522367477417,1.003342448433898
TOKYOTECH_s05,69,98,72.26666666666667,-0.8503796458244324,0.7637910598502077
TOKYOTECH_s05,69,99,72.3,0.761990487575531,0.4916504975205511
TOKYOTECH_s05,69,100,72.33333333333333,1.904646635055542,0.20252517817441382
TOKYOTECH_s05,69,101,72.36666666666666,1.8999183177947998,-0.08840969715464753
TOKYOTECH_s05,69,102,72.4,1.5377532243728638,-0.36545321534836456
TOKYOTECH_s05,69,103,72.43333333333334,1.1558289527893066,-0.6115621597541597
TOKYOTECH_s05,69,104,72.46666666666667,0.7902534604072571,-0.8092429793966051
TOKYOTECH_s05,69,105,72.5,0.39377033710479736,-0.9442828376566011
TOKYOTECH_s05,69,106,72.53333333333333,0.08364333212375641,-1.0106660030559156
TOKYOTECH_s05,69,107,72.56666666666666,0.06340333074331284,-1.0127983631556527
TOKYOTECH_s05,69,108,72.6,0.3398088812828064,-0.9623924067747336
TOKYOTECH_s05,69,109,72.63333333333334,0.4803134799003601,-0.8712559080439879
TOKYOTECH_s05,69,110,72.66666666666667,0.3206196129322052,-0.744736050279971
TOKYOTECH_s05,69,111,72.7,0.0045532891526818275,-0.5807410039210675
TOKYOTECH_s05,69,112,72.73333333333333,-0.39216136932373047,-0.3754210967386528
TOKYOTECH_s05,69,113,72.76666666666667,-0.7009260058403015,-0.13170471279702328
TOKYOTECH_s05,69,114,72.8,-0.7955989241600037,0.13524254288046533
TOKYOTECH_s05,69,115,72.83333333333333,-0.8689811825752258,0.39940648080018754
TOKYOTECH_s05,69,116,72.86666666666666,-1.0207500457763672,0.63100882249182
TOKYOTECH_s05,69,117,72.9,-0.9890320897102356,0.8046467684049108
TOKYOTECH_s05,69,118,72.93333333333334,-0.9365576505661011,0.9046455653867633
TOKYOTECH_s05,69,119,72.96666666666667,-0.9831016659736633,0.926921341729421
TOKYOTECH_s05,69,120,73.0,-1.0179094076156616,0.8786285060715073
TOKYOTECH_s05,69,121,73.03333333333333,-1.039075493812561,0.7764315469353288
TOKYOTECH_s05,69,122,73.06666666666666,-1.0473389625549316,0.6426034086089515
TOKYOTECH_s05,69,123,73.1,-1.20546555519104,0.4981321061894056
TOKYOTECH_s05,69,124,73.13333333333334,-0.9063891172409058,0.3548176649798165
TOKYOTECH_s05,69,125,73.16666666666667,0.5859746336936951,0.21100876161074553
TOKYOTECH_s05,69,126,73.2,1.7591021060943604,0.054723642154520004
TOKYOTECH_s05,69,127,73.23333333333333,1.8138293027877808,-0.1265471796256728
TOKYOTECH_s05,69,128,73.26666666666667,1.4316201210021973,-0.335023975483935
TOKYOTECH_s05,69,129,73.3,0.9610601663589478,-0.5576181180598698
TOKYOTECH_s05,69,130,73.33333333333333,0.5466166138648987,-0.7691480705673293
TOKYOTECH_s05,69,131,73.36666666666666,0.10963565856218338,-0.9402630824384928
TOKYOTECH_s05,69,132,73.4,-0.1444818377494812,-1.0441963320804424
TOKYOTECH_s05,69,133,73.43333333333334,0.021649988368153572,-1.0593899325235494
TOKYOTECH_s05,69,134,73.46666666666667,0.49202293157577515,-0.9705193895945914
TOKYOTECH_s05,69,135,73.5,0.6002663969993591,-0.77236194797765
TOKYOTECH_s05,69,136,73.53333333333333,0.33240920305252075,-0.4764077331534675
TOKYOTECH_s05,69,137,73.56666666666666,-0.02164384163916111,-0.1147750731127532
TOKYOTECH_s05,69,138,73.6,-0.27917176485061646,0.2636823471515273
TOKYOTECH_s05,69,139,73.63333333333334,-0.5234319567680359,0.6050728367946462
TOKYOTECH_s05,69,140,73.66666666666667,-0.7646200656890869,0.864800457514203
TOKYOTECH_s05,69,141,73.7,-0.8828722834587097,1.0177661378205913
TOKYOTECH_s05,69,142,73.73333333333333,-0.9682667255401611,1.0605112050047099
TOKYOTECH_s05,69,143,73.76666666666667,-0.928089439868927,1.0062729003449238
TOKYOTECH_s05,69,144,73.8,-0.8674852252006531,0.8773404244278615
TOKYOTECH_s05,69,145,73.83333333333333,-0.8618575930595398,0.6989002378894802
TOKYOTECH_s05,69,146,73.86666666666666,-0.9527550339698792,0.495347557495994
TOKYOTECH_s05,69,147,73.9,-0.9108414053916931,0.28747642093627446
TOKYOTECH_s05,69,148,73.93333333333334,-0.11408177763223648,0.08972691330229982
TOKYOTECH_s05,69,149,73.96666666666667,1.2266645431518555,-0.09109871053225736
TOKYOTECH_s05,69,150,74.0,1.769921064376831,-0.2537994336665075
TOKYOTECH_s05,69,151,74.03333333333333,1.551671028137207,-0.3978390788593519
TOKYOTECH_s05,69,152,74.06666666666666,1.1052690744400024,-0.5191156027838176
TOKYOTECH_s05,69,153,74.1,0.6387072801589966,-0.6103973108559012
TOKYOTECH_s05,69,154,74.13333333333334,0.16598352789878845,-0.6663213925398346
TOKYOTECH_s05,69,155,74.16666666666667,-0.24085557460784912,-0.6881797676172123
TOKYOTECH_s05,69,156,74.2,-0.2952800691127777,-0.6832426390776902
TOKYOTECH_s05,69,157,74.23333333333333,0.14527158439159393,-0.6579899182042878
TOKYOTECH_s05,69,158,74.26666666666667,0.4718185365200043,-0.6109335155510058
TOKYOTECH_s05,69,159,74.3,0.3401027321815491,-0.5323513735202895
TOKYOTECH_s05,69,160,74.33333333333333,0.016707973554730415,-0.41235245022717126
TOKYOTECH_s05,69,161,74.36666666666666,-0.2531082034111023,-0.2510097576837706
TOKYOTECH_s05,69,162,74.4,-0.5488454699516296,-0.0622585278397825
TOKYOTECH_s05,69,163,74.43333333333334,-0.8327575325965881,0.13170805189649556
TOKYOTECH_s05,69,164,74.46666666666667,-0.9504665732383728,0.31081830184181475
TOKYOTECH_s05,69,165,74.5,-1.0995194911956787,0.4636457109950611
TOKYOTECH_s05,69,166,74.53333333333333,-1.123766541481018,0.5854802261690929
TOKYOTECH_s05,69,167,74.56666666666666,-1.001792311668396,0.6710846006458346
TOKYOTECH_s05,69,168,74.6,-1.0246145725250244,0.7097405998004516
TOKYOTECH_s05,69,169,74.63333333333334,-1.0620403289794922,0.6880984676894691
TOKYOTECH_s05,69,170,74.66666666666667,-1.0940877199172974,0.5994042256336397
TOKYOTECH_s05,69,171,74.7,-0.38332808017730713,0.451994379506059
TOKYOTECH_s05,69,172,74.73333333333333,1.2904921770095825,0.27049377819902254
TOKYOTECH_s05,69,173,74.76666666666667,2.204453229904175,0.0887287856534572
TOKYOTECH_s05,69,174,74.8,2.115541458129883,-0.06092056850488286
TOKYOTECH_s05,69,175,74.83333333333333,1.739200472831726,-0.1558541397648629
TOKYOTECH_s05,69,176,74.86666666666666,1.3220231533050537,-0.1874711208488486
TOKYOTECH_s05,69,177,74.9,0.9972571134567261,-0.1632334897736528
TOKYOTECH_s05,69,178,74.93333333333334,0.600862979888916,-0.10729049532089534
TOKYOTECH_s05,69,179,74.96666666666667,0.29126137495040894,-0.05696432762373258
TOKYOTECH_s05,69,180,75.0,0.3571726977825165,-0.05206777965090144
TOKYOTECH_s05,69,181,75.03333333333333,0.6082448363304138,-0.11835606109957007
TOKYOTECH_s05,69,182,75.06666666666666,0.5839087963104248,-0.2526633654495935
TOKYOTECH_s05,69,183,75.1,0.4076079726219177,-0.4195497186733907
TOKYOTECH_s05,69,184,75.13333333333334,0.14707030355930328,-0.563933922216213
TOKYOTECH_s05,69,185,75.16666666666667,-0.12206914275884628,-0.6344470011219489
TOKYOTECH_s05,69,186,75.2,-0.42732536792755127,-0.6049388631502899
TOKYOTECH_s05,69,187,75.23333333333333,-0.7608267664909363,-0.48241778195863294
TOKYOTECH_s05,69,188,75.26666666666667,-0.8726053237915039,-0.29888836502133914
TOKYOTECH_s05,69,189,75.3,-0.8749650120735168,-0.09438194459916263
TOKYOTECH_s05,69,190,75.33333333333333,-0.8731217980384827,0.09863569186327853
TOKYOTECH_s05,69,191,75.36666666666666,-0.8353309631347656,0.2629392798296299
TOKYOTECH_s05,69,192,75.4,-0.8649741411209106,0.3954101783382221
TOKYOTECH_s05,69,193,75.43333333333334,-0.900147020816803,0.5005093657140655
TOKYOTECH_s05,69,194,75.46666666666667,-0.9089892506599426,0.5831838449218673
TOKYOTECH_s05,69,195,75.5,-0.16828365623950958,0.6445653205155906
TOKYOTECH_s05,69,196,75.53333333333333,1.3916566371917725,0.6809746560435405
TOKYOTECH_s05,69,197,75.56666666666666,2.167508363723755,0.6849466594540563
TOKYOTECH_s05,69,198,75.6,2.0241007804870605,0.6473657262025481
TOKYOTECH_s05,69,199,75.63333333333334,1.6842149496078491,0.5605496361439765
TOKYOTECH_s05,69,200,75.66666666666667,1.3192182779312134,0.42148666550967684
TOKYOTECH_s05,69,201,75.7,1.0165176391601562,0.23364116147649935
TOKYOTECH_s05,69,202,75.73333333333333,0.6272916793823242,0.006516772775441937
TOKYOTECH_s05,69,203,75.76666666666667,0.4107423722743988,-0.24599566218434285
TOKYOTECH_s05,69,204,75.8,0.4880960285663605,-0.5063290026140578
TOKYOTECH_s05,69,205,75.83333333333333,0.7331219911575317,-0.7519643534661947
TOKYOTECH_s05,69,206,75.86666666666666,0.6962127089500427,-0.9541181168575074
TOKYOTECH_s05,69,207,75.9,0.428230881690979,-1.080077166194496
TOKYOTECH_s05,69,208,75.93333333333334,0.12976880371570587,-1.100890954943375
TOKYOTECH_s05,69,209,75.96666666666667,-0.12848040461540222,-1.0019057469507338
TOKYOTECH_s05,69,210,76.0,-0.40883955359458923,-0.7905713416583234
TOKYOTECH_s05,69,211,76.03333333333333,-0.583404004573822,-0.4966594422011438
TOKYOTECH_s05,69,212,76.06666666666666,-0.6584513783454895,-0.16446965561716337
TOKYOTECH_s05,69,213,76.1,-0.7282272577285767,0.1587310672998899
TOKYOTECH_s05,69,214,76.13333333333334,-0.6226996779441833,0.4325572095679479
TOKYOTECH_s05,69,215,76.16666666666667,-0.6428061127662659,0.6288617886970459
TOKYOTECH_s05,69,216,76.2,-0.7455911040306091,0.7338935795398369
TOKYOTECH_s05,69,217,76.23333333333333,-0.7526257038116455,0.7496932429927493
TOKYOTECH_s05,69,218,76.26666666666667,-0.20380382239818573,0.6939986920928912
TOKYOTECH_s05,69,219,76.3,0.9708640575408936,0.5953742133305289
TOKYOTECH_s05,69,220,76.33333333333333,1.7208571434020996,0.4828534417745433
TOKYOTECH_s05,69,221,76.36666666666666,1.6942859888076782,0.3746247873370186
TOKYOTECH_s05,69,222,76.4,1.394728660583496,0.27284202241301686
TOKYOTECH_s05,69,223,76.43333333333334,1.0435250997543335,0.16864451114596737
TOKYOTECH_s05,69,224,76.46666666666667,0.7141375541687012,0.05432672559117514
TOKYOTECH_s05,69,225,76.5,0.21692635118961334,-0.0658813776695815
TOKYOTECH_s05,69,226,76.53333333333333,0.06579865515232086,-0.17393306818164095
TOKYOTECH_s05,69,227,76.56666666666666,0.35224851965904236,-0.24614180292001192
TOKYOTECH_s05,69,228,76.6,0.550445556640625,-0.26574027416269796
TOKYOTECH_s05,69,229,76.63333333333334,0.44619131088256836,-0.23159210394570648
TOKYOTECH_s05,69,230,76.66666666666667,0.23883149027824402,-0.15825664916182822
TOKYOTECH_s05,69,231,76.7,-0.02328227460384369,-0.0688196483588014
TOKYOTECH_s05,69,232,76.73333333333333,-0.421234667301178,0.013964864815954197
TOKYOTECH_s05,69,233,76.76666666666667,-0.6215064525604248,0.07333322462731319
TOKYOTECH_s05,69,234,76.8,-0.7244873642921448,0.10038935980926508
TOKYOTECH_s05,69,235,76.83333333333333,-0.8521961569786072,0.09440396920928458
TOKYOTECH_s05,69,236,76.86666666666666,-0.7962400913238525,0.06200394485931683
TOKYOTECH_s05,69,237,76.9,-0.79514479637146,0.013835953340132207
TOKYOTECH_s05,69,238,76.93333333333334,-0.8124462962150574,-0.0405561396575279
TOKYOTECH_s05,69,239,76.96666666666667,-0.9290244579315186,-0.09613581131440703
TOKYOTECH_s05,70,0,70.0,0.5075702667236328,0.04970415630182259
TOKYOTECH_s05,70,1,70.03333333333333,0.46912938356399536,-1.7899651392865379
TOKYOTECH_s05,70,2,70.06666666666666,0.6132314205169678,-3.3271463236427117
TOKYOTECH_s05,70,3,70.1,0.6904515027999878,-4.335829369495815
TOKYOTECH_s05,70,4,70.13333333333334,0.4952641725540161,-4.720053976603797
TOKYOTECH_s05,70,5,70.16666666666667,0.17485244572162628,-4.524445471132284
TOKYOTECH_s05,70,6,70.2,-0.17947664856910706,-3.899229839682378
TOKYOTECH_s05,70,7,70.23333333333333,-0.36233118176460266,-3.0397069064344344
TOKYOTECH_s05,70,8,70.26666666666667,-0.47073495388031006,-2.128149121842071
TOKYOTECH_s05,70,9,70.3,-0.6666791439056396,-1.297229057014516
TOKYOTECH_s05,70,10,70.33333333333333,-0.7626610994338989,-0.6184687547819201
TOKYOTECH_s05,70,11,70.36666666666666,-0.7083434462547302,-0.10833152914274805
TOKYOTECH_s05,70,12,70.4,-0.7395538091659546,0.2562503126197035
TOKYOTECH_s05,70,13,70.43333333333334,-0.8140847682952881,0.5175058717537945
TOKYOTECH_s05,70,14,70.46666666666667,-0.7611651420593262,0.7155530081797964
TOKYOTECH_s05,70,15,70.5,-0.8653748631477356,0.8720701636114441
TOKYOTECH_s05,70,16,70.53333333333333,-1.0307587385177612,0.9849738351343554
TOKYOTECH_s05,70,17,70.56666666666666,-0.5870192050933838,1.036286928682744
TOKYOTECH_s05,70,18,70.6,0.7293999195098877,1.0085061638915283
TOKYOTECH_s05,70,19,70.63333333333334,1.7773830890655518,0.8996946707412798
TOKYOTECH_s05,70,20,70.66666666666667,1.8756178617477417,0.7284809142574759
TOKYOTECH_s05,70,21,70.7,1.622782588005066,0.5266521438940593
TOKYOTECH_s05,70,22,70.73333333333333,1.3249794244766235,0.3249400357741171
TOKYOTECH_s05,70,23,70.76666666666667,0.9807748198509216,0.1414861070611821
TOKYOTECH_s05,70,24,70.8,0.6478700041770935,-0.020427032697314447
TOKYOTECH_s05,70,25,70.83333333333333,0.42903226613998413,-0.16565045133966477
TOKYOTECH_s05,70,26,70.86666666666666,0.46738409996032715,-0.29731190342945313
TOKYOTECH_s05,70,27,70.9,0.5567499399185181,-0.4104458124221142
TOKYOTECH_s05,70,28,70.93333333333334,0.5613001585006714,-0.4917262396489176
TOKYOTECH_s05,70,29,70.96666666666667,0.4119444787502289,-0.5234501375326722
TOKYOTECH_s05,70,30,71.0,0.20156604051589966,-0.48887796117308685
TOKYOTECH_s05,70,31,71.03333333333333,-0.10241684317588806,-0.3775768431745006
TOKYOTECH_s05,70,32,71.06666666666666,-0.4239327311515808,-0.19053606083325803
TOKYOTECH_s05,70,33,71.1,-0.5948730111122131,0.0561390962102353
TOKYOTECH_s05,70,34,71.13333333333334,-0.7067228555679321,0.33214604876653425
TOKYOTECH_s05,70,35,71.16666666666667,-0.8424011468887329,0.6007758052852266
TOKYOTECH_s05,70,36,71.2,-0.7759644389152527,0.8305359285684538
TOKYOTECH_s05,70,37,71.23333333333333,-0.7993121147155762,1.0033890322624572
TOKYOTECH_s05,70,38,71.26666666666667,-0.8704326152801514,1.114584576310883
TOKYOTECH_s05,70,39,71.3,-0.8660159707069397,1.1654550576581486
TOKYOTECH_s05,70,40,71.33333333333333,-1.0151491165161133,1.1555527544464357
TOKYOTECH_s05,70,41,71.36666666666666,-1.0866079330444336,1.0804756954203465
TOKYOTECH_s05,70,42,71.4,-0.9211528301239014,0.9367441897033713
TOKYOTECH_s05,70,43,71.43333333333334,-0.013380436226725578,0.7292822385259305
TOKYOTECH_s05,70,44,71.46666666666667,1.4307208061218262,0.47499767138920923
TOKYOTECH_s05,70,45,71.5,1.9482343196868896,0.1988567314945688
TOKYOTECH_s05,70,46,71.53333333333333,1.7212488651275635,-0.07546672757319393
TOKYOTECH_s05,70,47,71.56666666666666,1.3181941509246826,-0.3341813279023771
TOKYOTECH_s05,70,48,71.6,0.9598046541213989,-0.5756680634004131
TOKYOTECH_s05,70,49,71.63333333333334,0.650701642036438,-0.8054052292685562
TOKYOTECH_s05,70,50,71.66666666666667,0.35530275106430054,-1.027291488524351
TOKYOTECH_s05,70,51,71.7,0.31106504797935486,-1.236766457070942
TOKYOTECH_s05,70,52,71.73333333333333,0.47983261942863464,-1.4185846506148612
TOKYOTECH_s05,70,53,71.76666666666667,0.5834546685218811,-1.5485611926261553
TOKYOTECH_s05,70,54,71.8,0.4793606698513031,-1.597499928776757
TOKYOTECH_s05,70,55,71.83333333333333,0.18438029289245605,-1.5365513851389567
TOKYOTECH_s05,70,56,71.86666666666666,-0.08949636667966843,-1.3442613744903982
TOKYOTECH_s05,70,57,71.9,-0.34707772731781006,-1.015104683707111
TOKYOTECH_s05,70,58,71.93333333333334,-0.6017205715179443,-0.5673163952511496
TOKYOTECH_s05,70,59,71.96666666666667,-0.8203268051147461,-0.045828628337453256
TOKYOTECH_s05,70,60,72.0,-0.8604328632354736,0.48378380372032076
TOKYOTECH_s05,70,61,72.03333333333333,-0.8653926849365234,0.9507359806054493
TOKYOTECH_s05,70,62,72.06666666666666,-0.9615081548690796,1.2981550435374682
TOKYOTECH_s05,70,63,72.1,-0.906593918800354,1.4968454822293318
TOKYOTECH_s05,70,64,72.13333333333334,-0.869586706161499,1.5476607990895141
TOKYOTECH_s05,70,65,72.16666666666667,-0.9684893488883972,1.4732165929986323
TOKYOTECH_s05,70,66,72.2,-1.0581668615341187,1.305031943023347
TOKYOTECH_s05,70,67,72.23333333333333,-1.2408522367477417,1.0729866418556027
TOKYOTECH_s05,70,68,72.26666666666667,-0.8503796458244324,0.8004749598379305
TOKYOTECH_s05,70,69,72.3,0.761990487575531,0.5044720835971986
TOKYOTECH_s05,70,70,72.33333333333333,1.904646635055542,0.1981971051210481
TOKYOTECH_s05,70,71,72.36666666666666,1.8999183177947998,-0.10540430771365861
TOKYOTECH_s05,70,72,72.4,1.5377532243728638,-0.39061129090527147
TOKYOTECH_s05,70,73,72.43333333333334,1.1558289527893066,-0.6377639584429706
TOKYOTECH_s05,70,74,72.46666666666667,0.7902534604072571,-0.8256204723230091
TOKYOTECH_s05,70,75,72.5,0.39377033710479736,-0.9375172827211128
TOKYOTECH_s05,70,76,72.53333333333333,0.08364333212375641,-0.9685398468206657
TOKYOTECH_s05,70,77,72.56666666666666,0.06340333074331284,-0.9288723565117866
TOKYOTECH_s05,70,78,72.6,0.3398088812828064,-0.8400630189794053
TOKYOTECH_s05,70,79,72.63333333333334,0.4803134799003601,-0.7253534677559234
TOKYOTECH_s05,70,80,72.66666666666667,0.3206196129322052,-0.5994909505356324
TOKYOTECH_s05,70,81,72.7,0.0045532891526818275,-0.46434203369584576
TOKYOTECH_s05,70,82,72.73333333333333,-0.39216136932373047,-0.3129732015464842
TOKYOTECH_s05,70,83,72.76666666666667,-0.7009260058403015,-0.13909323196965998
TOKYOTECH_s05,70,84,72.8,-0.7955989241600037,0.05499322764084234
TOKYOTECH_s05,70,85,72.83333333333333,-0.8689811825752258,0.25723163793434284
TOKYOTECH_s05,70,86,72.86666666666666,-1.0207500457763672,0.45064779848465675
TOKYOTECH_s05,70,87,72.9,-0.9890320897102356,0.6188473456490321
TOKYOTECH_s05,70,88,72.93333333333334,-0.9365576505661011,0.7485732946651863
TOKYOTECH_s05,70,89,72.96666666666667,-0.9831016659736633,0.8301062356619953
TOKYOTECH_s05,70,90,73.0,-1.0179094076156616,0.8578903047393788
TOKYOTECH_s05,70,91,73.03333333333333,-1.039075493812561,0.8319670207371764
TOKYOTECH_s05,70,92,73.06666666666666,-1.0473389625549316,0.758307942820608
TOKYOTECH_s05,70,93,73.1,-1.20546555519104,0.6460063508907611
TOKYOTECH_s05,70,94,73.13333333333334,-0.9063891172409058,0.5022866963214268
TOKYOTECH_s05,70,95,73.16666666666667,0.5859746336936951,0.3292408194078376
TOKYOTECH_s05,70,96,73.2,1.7591021060943604,0.12567944369948136
TOKYOTECH_s05,70,97,73.23333333333333,1.8138293027877808,-0.10633018971535262
TOKYOTECH_s05,70,98,73.26666666666667,1.4316201210021973,-0.35484089374985783
TOKYOTECH_s05,70,99,73.3,0.9610601663589478,-0.5966673017114819
TOKYOTECH_s05,70,100,73.33333333333333,0.5466166138648987,-0.8026943052031041
TOKYOTECH_s05,70,101,73.36666666666666,0.10963565856218338,-0.9461950743685342
TOKYOTECH_s05,70,102,73.4,-0.1444818377494812,-1.008832824855922
TOKYOTECH_s05,70,103,73.43333333333334,0.021649988368153572,-0.9818243848238887
TOKYOTECH_s05,70,104,73.46666666666667,0.49202293157577515,-0.8645079656151411
TOKYOTECH_s05,70,105,73.5,0.6002663969993591,-0.6644162500634108
TOKYOTECH_s05,70,106,73.53333333333333,0.33240920305252075,-0.3996271343415589
TOKYOTECH_s05,70,107,73.56666666666666,-0.02164384163916111,-0.09982730502717325
TOKYOTECH_s05,70,108,73.6,-0.27917176485061646,0.19772221648128155
TOKYOTECH_s05,70,109,73.63333333333334,-0.5234319567680359,0.457185878924883
TOKYOTECH_s05,70,110,73.66666666666667,-0.7646200656890869,0.6534042748461374
TOKYOTECH_s05,70,111,73.7,-0.8828722834587097,0.7758243143877334
TOKYOTECH_s05,70,112,73.73333333333333,-0.9682667255401611,0.8257578905176297
TOKYOTECH_s05,70,113,73.76666666666667,-0.928089439868927,0.8106242506930652
TOKYOTECH_s05,70,114,73.8,-0.8674852252006531,0.7398433495634924
TOKYOTECH_s05,70,115,73.83333333333333,-0.8618575930595398,0.6241228276362263
TOKYOTECH_s05,70,116,73.86666666666666,-0.9527550339698792,0.47619556106274724
TOKYOTECH_s05,70,117,73.9,-0.9108414053916931,0.3099662241291773
TOKYOTECH_s05,70,118,73.93333333333334,-0.11408177763223648,0.1375132131765362
TOKYOTECH_s05,70,119,73.96666666666667,1.2266645431518555,-0.033434276007305155
TOKYOTECH_s05,70,120,74.0,1.769921064376831,-0.19857765698625823
TOKYOTECH_s05,70,121,74.03333333333333,1.551671028137207,-0.35278649681928564
TOKYOTECH_s05,70,122,74.06666666666666,1.1052690744400024,-0.4865657036115893
TOKYOTECH_s05,70,123,74.1,0.6387072801589966,-0.5877477257839051
TOKYOTECH_s05,70,124,74.13333333333334,0.16598352789878845,-0.6480734013182395
TOKYOTECH_s05,70,125,74.16666666666667,-0.24085557460784912,-0.6689579929789804
TOKYOTECH_s05,70,126,74.2,-0.2952800691127777,-0.6604438625209569
TOKYOTECH_s05,70,127,74.23333333333333,0.14527158439159393,-0.6326683442793434
TOKYOTECH_s05,70,128,74.26666666666667,0.4718185365200043,-0.586099930434544
TOKYOTECH_s05,70,129,74.3,0.3401027321815491,-0.5090196072283021
TOKYOTECH_s05,70,130,74.33333333333333,0.016707973554730415,-0.3853308644260619
TOKYOTECH_s05,70,131,74.36666666666666,-0.2531082034111023,-0.20761279683735065
TOKYOTECH_s05,70,132,74.4,-0.5488454699516296,0.013664020624125993
TOKYOTECH_s05,70,133,74.43333333333334,-0.8327575325965881,0.2510674379956945
TOKYOTECH_s05,70,134,74.46666666666667,-0.9504665732383728,0.470310972659764
TOKYOTECH_s05,70,135,74.5,-1.0995194911956787,0.642563736389188
TOKYOTECH_s05,70,136,74.53333333333333,-1.123766541481018,0.7517994292083157
TOKYOTECH_s05,70,137,74.56666666666666,-1.001792311668396,0.794737987980728
TOKYOTECH_s05,70,138,74.6,-1.0246145725250244,0.7763296301823557
TOKYOTECH_s05,70,139,74.63333333333334,-1.0620403289794922,0.705623121847216
TOKYOTECH_s05,70,140,74.66666666666667,-1.0940877199172974,0.594145716925424
TOKYOTECH_s05,70,141,74.7,-0.38332808017730713,0.4553564269375515
TOKYOTECH_s05,70,142,74.73333333333333,1.2904921770095825,0.3032593775148093
TOKYOTECH_s05,70,143,74.76666666666667,2.204453229904175,0.1503374714038034
TOKYOTECH_s05,70,144,74.8,2.115541458129883,0.0066422621954800205
TOKYOTECH_s05,70,145,74.83333333333333,1.739200472831726,-0.11911094549580631
TOKYOTECH_s05,70,146,74.86666666666666,1.3220231533050537,-0.21870343301958128
TOKYOTECH_s05,70,147,74.9,0.9972571134567261,-0.2870578920047909
TOKYOTECH_s05,70,148,74.93333333333334,0.600862979888916,-0.32782232826131985
TOKYOTECH_s05,70,149,74.96666666666667,0.29126137495040894,-0.3566271875480652
TOKYOTECH_s05,70,150,75.0,0.3571726977825165,-0.39639705801809866
TOKYOTECH_s05,70,151,75.03333333333333,0.6082448363304138,-0.4643529977812158
TOKYOTECH_s05,70,152,75.06666666666666,0.5839087963104248,-0.5578825038839882
TOKYOTECH_s05,70,153,75.1,0.4076079726219177,-0.6497276189281002
TOKYOTECH_s05,70,154,75.13333333333334,0.14707030355930328,-0.6979336042761521
TOKYOTECH_s05,70,155,75.16666666666667,-0.12206914275884628,-0.6661356196849683
TOKYOTECH_s05,70,156,75.2,-0.42732536792755127,-0.5422212908743146
TOKYOTECH_s05,70,157,75.23333333333333,-0.7608267664909363,-0.34398457552567524
TOKYOTECH_s05,70,158,75.26666666666667,-0.8726053237915039,-0.10934612179805622
TOKYOTECH_s05,70,159,75.3,-0.8749650120735168,0.12130204437559639
TOKYOTECH_s05,70,160,75.33333333333333,-0.8731217980384827,0.31977391276203077
TOKYOTECH_s05,70,161,75.36666666666666,-0.8353309631347656,0.4750436981745464
TOKYOTECH_s05,70,162,75.4,-0.8649741411209106,0.5889967809128424
TOKYOTECH_s05,70,163,75.43333333333334,-0.900147020816803,0.6685545017943979
TOKYOTECH_s05,70,164,75.46666666666667,-0.9089892506599426,0.7196043431816446
TOKYOTECH_s05,70,165,75.5,-0.16828365623950958,0.744653605432424
TOKYOTECH_s05,70,166,75.53333333333333,1.3916566371917725,0.742950938301476
TOKYOTECH_s05,70,167,75.56666666666666,2.167508363723755,0.7109878166000566
TOKYOTECH_s05,70,168,75.6,2.0241007804870605,0.6426315057018007
TOKYOTECH_s05,70,169,75.63333333333334,1.6842149496078491,0.5297500172739694
TOKYOTECH_s05,70,170,75.66666666666667,1.3192182779312134,0.36433774836699373
TOKYOTECH_s05,70,171,75.7,1.0165176391601562,0.14206203280020757
TOKYOTECH_s05,70,172,75.73333333333333,0.6272916793823242,-0.13388142573569398
TOKYOTECH_s05,70,173,75.76666666666667,0.4107423722743988,-0.44965157635849784
TOKYOTECH_s05,70,174,75.8,0.4880960285663605,-0.778525661900495
TOKYOTECH_s05,70,175,75.83333333333333,0.7331219911575317,-1.0799701410903386
TOKYOTECH_s05,70,176,75.86666666666666,0.6962127089500427,-1.302535127804246
TOKYOTECH_s05,70,177,75.9,0.428230881690979,-1.393623948708197
TOKYOTECH_s05,70,178,75.93333333333334,0.12976880371570587,-1.3155151074822045
TOKYOTECH_s05,70,179,75.96666666666667,-0.12848040461540222,-1.061653925117046
TOKYOTECH_s05,70,180,76.0,-0.40883955359458923,-0.6647272069537395
TOKYOTECH_s05,70,181,76.03333333333333,-0.583404004573822,-0.1908829316643917
TOKYOTECH_s05,70,182,76.06666666666666,-0.6584513783454895,0.27842828487429294
TOKYOTECH_s05,70,183,76.1,-0.7282272577285767,0.6690313092363896
TOKYOTECH_s05,70,184,76.13333333333334,-0.6226996779441833,0.931741629081319
TOKYOTECH_s05,70,185,76.16666666666667,-0.6428061127662659,1.0498586018255731
TOKYOTECH_s05,70,186,76.2,-0.7455911040306091,1.0369326535611407
TOKYOTECH_s05,70,187,76.23333333333333,-0.7526257038116455,0.9286144786191874
TOKYOTECH_s05,70,188,76.26666666666667,-0.20380382239818573,0.7713897223794783
TOKYOTECH_s05,70,189,76.3,0.9708640575408936,0.6092939847425985
TOKYOTECH_s05,70,190,76.33333333333333,1.7208571434020996,0.4709195789089939
TOKYOTECH_s05,70,191,76.36666666666666,1.6942859888076782,0.3615203168011859
TOKYOTECH_s05,70,192,76.4,1.394728660583496,0.2650100188339442
TOKYOTECH_s05,70,193,76.43333333333334,1.0435250997543335,0.15636793951135974
TOKYOTECH_s05,70,194,76.46666666666667,0.7141375541687012,0.018276212967465667
TOKYOTECH_s05,70,195,76.5,0.21692635118961334,-0.14762713789073975
TOKYOTECH_s05,70,196,76.53333333333333,0.06579865515232086,-0.32090948052934265
TOKYOTECH_s05,70,197,76.56666666666666,0.35224851965904236,-0.4724508975876435
TOKYOTECH_s05,70,198,76.6,0.550445556640625,-0.5774385179599719
TOKYOTECH_s05,70,199,76.63333333333334,0.44619131088256836,-0.623828985098123
TOKYOTECH_s05,70,200,76.66666666666667,0.23883149027824402,-0.6133207878822984
TOKYOTECH_s05,70,201,76.7,-0.02328227460384369,-0.557183807738326
TOKYOTECH_s05,70,202,76.73333333333333,-0.421234667301178,-0.4713295106469803
TOKYOTECH_s05,70,203,76.76666666666667,-0.6215064525604248,-0.37291610574912726
TOKYOTECH_s05,70,204,76.8,-0.7244873642921448,-0.27710762294193203
TOKYOTECH_s05,70,205,76.83333333333333,-0.8521961569786072,-0.19205843296488606
TOKYOTECH_s05,70,206,76.86666666666666,-0.7962400913238525,-0.11429225195062993
TOKYOTECH_s05,70,207,76.9,-0.79514479637146,-0.029701650634137728
TOKYOTECH_s05,70,208,76.93333333333334,-0.8124462962150574,0.07775786253540867
TOKYOTECH_s05,70,209,76.96666666666667,-0.9290244579315186,0.21405426080181464
TOKYOTECH_s05,70,210,77.0,-0.9501904845237732,0.3676789212030125
TOKYOTECH_s05,70,211,77.03333333333333,-0.255165159702301,0.512186706441259
TOKYOTECH_s05,70,212,77.06666666666666,1.1409494876861572,0.6167590582518571
TOKYOTECH_s05,70,213,77.1,1.8446656465530396,0.6573300124454378
TOKYOTECH_s05,70,214,77.13333333333334,1.7371879816055298,0.6219477933109923
TOKYOTECH_s05,70,215,77.16666666666667,1.437203288078308,0.5098281535459233
TOKYOTECH_s05,70,216,77.2,1.1763983964920044,0.3284935615426784
TOKYOTECH_s05,70,217,77.23333333333333,0.9949063062667847,0.09337658190322361
TOKYOTECH_s05,70,218,77.26666666666667,0.6209160089492798,-0.17052452284775077
TOKYOTECH_s05,70,219,77.3,0.31787702441215515,-0.4292930729654275
TOKYOTECH_s05,70,220,77.33333333333333,0.3549465835094452,-0.6458630236189215
TOKYOTECH_s05,70,221,77.36666666666666,0.5698663592338562,-0.7890671448992395
TOKYOTECH_s05,70,222,77.4,0.6038727164268494,-0.8412503263671562
TOKYOTECH_s05,70,223,77.43333333333334,0.3075121343135834,-0.8006807393650408
TOKYOTECH_s05,70,224,77.46666666666667,0.014072232879698277,-0.6786720083358919
TOKYOTECH_s05,70,225,77.5,-0.26218193769454956,-0.49455583347927023
TOKYOTECH_s05,70,226,77.53333333333333,-0.5102087259292603,-0.27182568374617194
TOKYOTECH_s05,70,227,77.56666666666666,-0.6830902099609375,-0.03634342926017573
TOKYOTECH_s05,70,228,77.6,-0.6959038376808167,0.18518978060673266
TOKYOTECH_s05,70,229,77.63333333333334,-0.813960075378418,0.36883122069765195
TOKYOTECH_s05,70,230,77.66666666666667,-0.8405757546424866,0.49906277113246467
TOKYOTECH_s05,70,231,77.7,-0.778235137462616,0.5734240595205606
TOKYOTECH_s05,70,232,77.73333333333333,-0.8130785226821899,0.6020788127334478
TOKYOTECH_s05,70,233,77.76666666666667,-0.8943946957588196,0.6009574357931752
TOKYOTECH_s05,70,234,77.8,-0.9820063710212708,0.5820472192848377
TOKYOTECH_s05,70,235,77.83333333333333,-0.22927969694137573,0.5472201401851609
TOKYOTECH_s05,70,236,77.86666666666666,1.1707974672317505,0.4896384845766564
TOKYOTECH_s05,70,237,77.9,1.781808614730835,0.4013554266151303
TOKYOTECH_s05,70,238,77.93333333333334,1.6899495124816895,0.28159408061262386
TOKYOTECH_s05,70,239,77.96666666666667,1.4701143503189087,0.1402227463348324
TOKYOTECH_s05,71,0,71.0,0.20156604051589966,0.09698742715553273
TOKYOTECH_s05,71,1,71.03333333333333,-0.10241684317588806,-1.5765152877959376
TOKYOTECH_s05,71,2,71.06666666666666,-0.4239327311515808,-2.9353637584674153
TOKYOTECH_s05,71,3,71.1,-0.5948730111122131,-3.7509588367307303
TOKYOTECH_s05,71,4,71.13333333333334,-0.7067228555679321,-3.9406237236519344
TOKYOTECH_s05,71,5,71.16666666666667,-0.8424011468887329,-3.5746778821905636
TOKYOTECH_s05,71,6,71.2,-0.7759644389152527,-2.8318639328905912
TOKYOTECH_s05,71,7,71.23333333333333,-0.7993121147155762,-1.9286874567682337
TOKYOTECH_s05,71,8,71.26666666666667,-0.8704326152801514,-1.0552922052514753
TOKYOTECH_s05,71,9,71.3,-0.8660159707069397,-0.33870805248896046
TOKYOTECH_s05,71,10,71.33333333333333,-1.0151491165161133,0.16356792345593424
TOKYOTECH_s05,71,11,71.36666666666666,-1.0866079330444336,0.44983496022785235
TOKYOTECH_s05,71,12,71.4,-0.9211528301239014,0.5538154055926878
TOKYOTECH_s05,71,13,71.43333333333334,-0.013380436226725578,0.5266719196952916
TOKYOTECH_s05,71,14,71.46666666666667,1.4307208061218262,0.42375785574866764
TOKYOTECH_s05,71,15,71.5,1.9482343196868896,0.29444973717618833
TOKYOTECH_s05,71,16,71.53333333333333,1.7212488651275635,0.17385506791839808
TOKYOTECH_s05,71,17,71.56666666666666,1.3181941509246826,0.07770242156017751
TOKYOTECH_s05,71,18,71.6,0.9598046541213989,0.0027815843093657415
TOKYOTECH_s05,71,19,71.63333333333334,0.650701642036438,-0.0664057519562668
TOKYOTECH_s05,71,20,71.66666666666667,0.35530275106430054,-0.14739023431493758
TOKYOTECH_s05,71,21,71.7,0.31106504797935486,-0.25029272843642764
TOKYOTECH_s05,71,22,71.73333333333333,0.47983261942863464,-0.3721949610390295
TOKYOTECH_s05,71,23,71.76666666666667,0.5834546685218811,-0.4956642605260745
TOKYOTECH_s05,71,24,71.8,0.4793606698513031,-0.5906272342533031
TOKYOTECH_s05,71,25,71.83333333333333,0.18438029289245605,-0.6193798125901752
TOKYOTECH_s05,71,26,71.86666666666666,-0.08949636667966843,-0.5453006872277799
TOKYOTECH_s05,71,27,71.9,-0.34707772731781006,-0.34497291537854585
TOKYOTECH_s05,71,28,71.93333333333334,-0.6017205715179443,-0.020538613160675425
TOKYOTECH_s05,71,29,71.96666666666667,-0.8203268051147461,0.39357869562687664
TOKYOTECH_s05,71,30,72.0,-0.8604328632354736,0.8350998445015883
TOKYOTECH_s05,71,31,72.03333333333333,-0.8653926849365234,1.2304123841316212
TOKYOTECH_s05,71,32,72.06666666666666,-0.9615081548690796,1.517120736583475
TOKYOTECH_s05,71,33,72.1,-0.906593918800354,1.6619715131219153
TOKYOTECH_s05,71,34,72.13333333333334,-0.869586706161499,1.665385239956463
TOKYOTECH_s05,71,35,72.16666666666667,-0.9684893488883972,1.5515668245225398
TOKYOTECH_s05,71,36,72.2,-1.0581668615341187,1.3519771815533317
TOKYOTECH_s05,71,37,72.23333333333333,-1.2408522367477417,1.0928978746916664
TOKYOTECH_s05,71,38,72.26666666666667,-0.8503796458244324,0.7922533406326332
TOKYOTECH_s05,71,39,72.3,0.761990487575531,0.4631769585888185
TOKYOTECH_s05,71,40,72.33333333333333,1.904646635055542,0.11915930253142414
TOKYOTECH_s05,71,41,72.36666666666666,1.8999183177947998,-0.2225973890210167
TOKYOTECH_s05,71,42,72.4,1.5377532243728638,-0.5407176470399354
TOKYOTECH_s05,71,43,72.43333333333334,1.1558289527893066,-0.8120163172954656
TOKYOTECH_s05,71,44,72.46666666666667,0.7902534604072571,-1.0161941655071836
TOKYOTECH_s05,71,45,72.5,0.39377033710479736,-1.141657581341947
TOKYOTECH_s05,71,46,72.53333333333333,0.08364333212375641,-1.1899221785899572
TOKYOTECH_s05,71,47,72.56666666666666,0.06340333074331284,-1.1755071884542918
TOKYOTECH_s05,71,48,72.6,0.3398088812828064,-1.1198601464978186
TOKYOTECH_s05,71,49,72.63333333333334,0.4803134799003601,-1.0412733462934167
TOKYOTECH_s05,71,50,72.66666666666667,0.3206196129322052,-0.9459910173094994
TOKYOTECH_s05,71,51,72.7,0.0045532891526818275,-0.8260781050674756
TOKYOTECH_s05,71,52,72.73333333333333,-0.39216136932373047,-0.6660156655331844
TOKYOTECH_s05,71,53,72.76666666666667,-0.7009260058403015,-0.4546248013487864
TOKYOTECH_s05,71,54,72.8,-0.7955989241600037,-0.19543222639322327
TOKYOTECH_s05,71,55,72.83333333333333,-0.8689811825752258,0.09046172250763508
TOKYOTECH_s05,71,56,72.86666666666666,-1.0207500457763672,0.36995811405376694
TOKYOTECH_s05,71,57,72.9,-0.9890320897102356,0.6080343180611196
TOKYOTECH_s05,71,58,72.93333333333334,-0.9365576505661011,0.7773113833059802
TOKYOTECH_s05,71,59,72.96666666666667,-0.9831016659736633,0.8641850073990337
TOKYOTECH_s05,71,60,73.0,-1.0179094076156616,0.8709892723899137
TOKYOTECH_s05,71,61,73.03333333333333,-1.039075493812561,0.8144629881818408
TOKYOTECH_s05,71,62,73.06666666666666,-1.0473389625549316,0.7201707595419983
TOKYOTECH_s05,71,63,73.1,-1.20546555519104,0.6130095377960584
TOKYOTECH_s05,71,64,73.13333333333334,-0.9063891172409058,0.506822353797325
TOKYOTECH_s05,71,65,73.16666666666667,0.5859746336936951,0.39854802800300104
TOKYOTECH_s05,71,66,73.2,1.7591021060943604,0.2709915058023161
TOKYOTECH_s05,71,67,73.23333333333333,1.8138293027877808,0.10366763849062566
TOKYOTECH_s05,71,68,73.26666666666667,1.4316201210021973,-0.11369799258970693
TOKYOTECH_s05,71,69,73.3,0.9610601663589478,-0.37205537308617737
TOKYOTECH_s05,71,70,73.33333333333333,0.5466166138648987,-0.6423687028034554
TOKYOTECH_s05,71,71,73.36666666666666,0.10963565856218338,-0.8824167345620644
TOKYOTECH_s05,71,72,73.4,-0.1444818377494812,-1.046758855766838
TOKYOTECH_s05,71,73,73.43333333333334,0.021649988368153572,-1.0960896930048722
TOKYOTECH_s05,71,74,73.46666666666667,0.49202293157577515,-1.0054458782588906
TOKYOTECH_s05,71,75,73.5,0.6002663969993591,-0.7722621424972128
TOKYOTECH_s05,71,76,73.53333333333333,0.33240920305252075,-0.42256842345025836
TOKYOTECH_s05,71,77,73.56666666666666,-0.02164384163916111,-0.010431732758491224
TOKYOTECH_s05,71,78,73.6,-0.27917176485061646,0.3931202540457753
TOKYOTECH_s05,71,79,73.63333333333334,-0.5234319567680359,0.7199074957314465
TOKYOTECH_s05,71,80,73.66666666666667,-0.7646200656890869,0.9251092554770812
TOKYOTECH_s05,71,81,73.7,-0.8828722834587097,0.9986141706383524
TOKYOTECH_s05,71,82,73.73333333333333,-0.9682667255401611,0.9622046635067999
TOKYOTECH_s05,71,83,73.76666666666667,-0.928089439868927,0.8554281051646764
TOKYOTECH_s05,71,84,73.8,-0.8674852252006531,0.7182445819324206
TOKYOTECH_s05,71,85,73.83333333333333,-0.8618575930595398,0.578393907903959
TOKYOTECH_s05,71,86,73.86666666666666,-0.9527550339698792,0.44685748795196883
TOKYOTECH_s05,71,87,73.9,-0.9108414053916931,0.31999532243650597
TOKYOTECH_s05,71,88,73.93333333333334,-0.11408177763223648,0.18540561385866589
TOKYOTECH_s05,71,89,73.96666666666667,1.2266645431518555,0.029558872069160292
TOKYOTECH_s05,71,90,74.0,1.769921064376831,-0.15390299721149683
TOKYOTECH_s05,71,91,74.03333333333333,1.551671028137207,-0.3573078399046098
TOKYOTECH_s05,71,92,74.06666666666666,1.1052690744400024,-0.55756583025784
TOKYOTECH_s05,71,93,74.1,0.6387072801589966,-0.723307329553158
TOKYOTECH_s05,71,94,74.13333333333334,0.16598352789878845,-0.8280552671582069
TOKYOTECH_s05,71,95,74.16666666666667,-0.24085557460784912,-0.86160214125879
TOKYOTECH_s05,71,96,74.2,-0.2952800691127777,-0.8321407198359743
TOKYOTECH_s05,71,97,74.23333333333333,0.14527158439159393,-0.7579251536263744
TOKYOTECH_s05,71,98,74.26666666666667,0.4718185365200043,-0.6548962474766143
TOKYOTECH_s05,71,99,74.3,0.3401027321815491,-0.5294293981191799
TOKYOTECH_s05,71,100,74.33333333333333,0.016707973554730415,-0.38039056033301477
TOKYOTECH_s05,71,101,74.36666666666666,-0.2531082034111023,-0.20701430959215483
TOKYOTECH_s05,71,102,74.4,-0.5488454699516296,-0.015496254941698047
TOKYOTECH_s05,71,103,74.43333333333334,-0.8327575325965881,0.18053148216219167
TOKYOTECH_s05,71,104,74.46666666666667,-0.9504665732383728,0.36486880346036
TOKYOTECH_s05,71,105,74.5,-1.0995194911956787,0.5240626565816641
TOKYOTECH_s05,71,106,74.53333333333333,-1.123766541481018,0.6489440101366633
TOKYOTECH_s05,71,107,74.56666666666666,-1.001792311668396,0.732368981216685
TOKYOTECH_s05,71,108,74.6,-1.0246145725250244,0.7669857502886316
TOKYOTECH_s05,71,109,74.63333333333334,-1.0620403289794922,0.7467420567198743
TOKYOTECH_s05,71,110,74.66666666666667,-1.0940877199172974,0.6715189860169921
TOKYOTECH_s05,71,111,74.7,-0.38332808017730713,0.5504059454501883
TOKYOTECH_s05,71,112,74.73333333333333,1.2904921770095825,0.40004287527676435
TOKYOTECH_s05,71,113,74.76666666666667,2.204453229904175,0.2389412329845852
TOKYOTECH_s05,71,114,74.8,2.115541458129883,0.0823979668824906
TOKYOTECH_s05,71,115,74.83333333333333,1.739200472831726,-0.05830287384481313
TOKYOTECH_s05,71,116,74.86666666666666,1.3220231533050537,-0.17398348680846307
TOKYOTECH_s05,71,117,74.9,0.9972571134567261,-0.2579012531636505
TOKYOTECH_s05,71,118,74.93333333333334,0.600862979888916,-0.3100382490109799
TOKYOTECH_s05,71,119,74.96666666666667,0.29126137495040894,-0.341233697732512
TOKYOTECH_s05,71,120,75.0,0.3571726977825165,-0.3711279942154701
TOKYOTECH_s05,71,121,75.03333333333333,0.6082448363304138,-0.4179701178935191
TOKYOTECH_s05,71,122,75.06666666666666,0.5839087963104248,-0.4855672104921108
TOKYOTECH_s05,71,123,75.1,0.4076079726219177,-0.5567825036803837
TOKYOTECH_s05,71,124,75.13333333333334,0.14707030355930328,-0.5996820361451368
TOKYOTECH_s05,71,125,75.16666666666667,-0.12206914275884628,-0.583899407039021
TOKYOTECH_s05,71,126,75.2,-0.42732536792755127,-0.49718113327502583
TOKYOTECH_s05,71,127,75.23333333333333,-0.7608267664909363,-0.3513622713224672
TOKYOTECH_s05,71,128,75.26666666666667,-0.8726053237915039,-0.17450320175389533
TOKYOTECH_s05,71,129,75.3,-0.8749650120735168,0.004544578807865488
TOKYOTECH_s05,71,130,75.33333333333333,-0.8731217980384827,0.16871256382169952
TOKYOTECH_s05,71,131,75.36666666666666,-0.8353309631347656,0.3153239455173051
TOKYOTECH_s05,71,132,75.4,-0.8649741411209106,0.4493856279783359
TOKYOTECH_s05,71,133,75.43333333333334,-0.900147020816803,0.5742198482356058
TOKYOTECH_s05,71,134,75.46666666666667,-0.9089892506599426,0.6860024921317418
TOKYOTECH_s05,71,135,75.5,-0.16828365623950958,0.7742160467615119
TOKYOTECH_s05,71,136,75.53333333333333,1.3916566371917725,0.82549961138062
TOKYOTECH_s05,71,137,75.56666666666666,2.167508363723755,0.8271315478409152
TOKYOTECH_s05,71,138,75.6,2.0241007804870605,0.7686824876933043
TOKYOTECH_s05,71,139,75.63333333333334,1.6842149496078491,0.6430348818559924
TOKYOTECH_s05,71,140,75.66666666666667,1.3192182779312134,0.44806507556895747
TOKYOTECH_s05,71,141,75.7,1.0165176391601562,0.1887373045446452
TOKYOTECH_s05,71,142,75.73333333333333,0.6272916793823242,-0.12149077592096982
TOKYOTECH_s05,71,143,75.76666666666667,0.4107423722743988,-0.4604106386232331
TOKYOTECH_s05,71,144,75.8,0.4880960285663605,-0.7972276892180113
TOKYOTECH_s05,71,145,75.83333333333333,0.7331219911575317,-1.0928051541003487
TOKYOTECH_s05,71,146,75.86666666666666,0.6962127089500427,-1.302024995095746
TOKYOTECH_s05,71,147,75.9,0.428230881690979,-1.3813092634123119
TOKYOTECH_s05,71,148,75.93333333333334,0.12976880371570587,-1.3013042062730982
TOKYOTECH_s05,71,149,75.96666666666667,-0.12848040461540222,-1.0599584609972237
TOKYOTECH_s05,71,150,76.0,-0.40883955359458923,-0.6889041207788653
TOKYOTECH_s05,71,151,76.03333333333333,-0.583404004573822,-0.24827831836107245
TOKYOTECH_s05,71,152,76.06666666666666,-0.6584513783454895,0.18901974155589
TOKYOTECH_s05,71,153,76.1,-0.7282272577285767,0.556953338159619
TOKYOTECH_s05,71,154,76.13333333333334,-0.6226996779441833,0.8115263314038326
TOKYOTECH_s05,71,155,76.16666666666667,-0.6428061127662659,0.936671852024596
TOKYOTECH_s05,71,156,76.2,-0.7455911040306091,0.9421170412266456
TOKYOTECH_s05,71,157,76.23333333333333,-0.7526257038116455,0.8576483470542284
TOKYOTECH_s05,71,158,76.26666666666667,-0.20380382239818573,0.725703118615477
TOKYOTECH_s05,71,159,76.3,0.9708640575408936,0.5909316778117732
TOKYOTECH_s05,71,160,76.33333333333333,1.7208571434020996,0.48667037436717153
TOKYOTECH_s05,71,161,76.36666666666666,1.6942859888076782,0.4227216827362131
TOKYOTECH_s05,71,162,76.4,1.394728660583496,0.38152385331979166
TOKYOTECH_s05,71,163,76.43333333333334,1.0435250997543335,0.32707918246597395
TOKYOTECH_s05,71,164,76.46666666666667,0.7141375541687012,0.22344830582541567
TOKYOTECH_s05,71,165,76.5,0.21692635118961334,0.05319964340878679
TOKYOTECH_s05,71,166,76.53333333333333,0.06579865515232086,-0.17357546618552636
TOKYOTECH_s05,71,167,76.56666666666666,0.35224851965904236,-0.42301527487408636
TOKYOTECH_s05,71,168,76.6,0.550445556640625,-0.6501515976925375
TOKYOTECH_s05,71,169,76.63333333333334,0.44619131088256836,-0.8130790679748723
TOKYOTECH_s05,71,170,76.66666666666667,0.23883149027824402,-0.883141156075844
TOKYOTECH_s05,71,171,76.7,-0.02328227460384369,-0.8500656047811108
TOKYOTECH_s05,71,172,76.73333333333333,-0.421234667301178,-0.7235996919488042
TOKYOTECH_s05,71,173,76.76666666666667,-0.6215064525604248,-0.5322372018038828
TOKYOTECH_s05,71,174,76.8,-0.7244873642921448,-0.3169558814710829
TOKYOTECH_s05,71,175,76.83333333333333,-0.8521961569786072,-0.11854037042973589
TOKYOTECH_s05,71,176,76.86666666666666,-0.7962400913238525,0.0371620541686946
TOKYOTECH_s05,71,177,76.9,-0.79514479637146,0.14735177467678906
TOKYOTECH_s05,71,178,76.93333333333334,-0.8124462962150574,0.22830277473389524
TOKYOTECH_s05,71,179,76.96666666666667,-0.9290244579315186,0.30189339712422464
TOKYOTECH_s05,71,180,77.0,-0.9501904845237732,0.3812246825771225
TOKYOTECH_s05,71,181,77.03333333333333,-0.255165159702301,0.46359723885733684
TOKYOTECH_s05,71,182,77.06666666666666,1.1409494876861572,0.533017286675035
TOKYOTECH_s05,71,183,77.1,1.8446656465530396,0.568165008014323
TOKYOTECH_s05,71,184,77.13333333333334,1.7371879816055298,0.55043899422303
TOKYOTECH_s05,71,185,77.16666666666667,1.437203288078308,0.469359661221388
TOKYOTECH_s05,71,186,77.2,1.1763983964920044,0.32549394200340026
TOKYOTECH_s05,71,187,77.23333333333333,0.9949063062667847,0.1317383326653573
TOKYOTECH_s05,71,188,77.26666666666667,0.6209160089492798,-0.08761847277995445
TOKYOTECH_s05,71,189,77.3,0.31787702441215515,-0.30144322805298773
TOKYOTECH_s05,71,190,77.33333333333333,0.3549465835094452,-0.47947521438109375
TOKYOTECH_s05,71,191,77.36666666666666,0.5698663592338562,-0.5998764059218058
TOKYOTECH_s05,71,192,77.4,0.6038727164268494,-0.6523363084250959
TOKYOTECH_s05,71,193,77.43333333333334,0.3075121343135834,-0.6350938490604878
TOKYOTECH_s05,71,194,77.46666666666667,0.014072232879698277,-0.5491680365934208
TOKYOTECH_s05,71,195,77.5,-0.26218193769454956,-0.39571434979972175
TOKYOTECH_s05,71,196,77.53333333333333,-0.5102087259292603,-0.1796034731345976
TOKYOTECH_s05,71,197,77.56666666666666,-0.6830902099609375,0.08340551465525216
TOKYOTECH_s05,71,198,77.6,-0.6959038376808167,0.3622771353384973
TOKYOTECH_s05,71,199,77.63333333333334,-0.813960075378418,0.6143152907028633
TOKYOTECH_s05,71,200,77.66666666666667,-0.8405757546424866,0.796517575223845
TOKYOTECH_s05,71,201,77.7,-0.778235137462616,0.8789723601996997
TOKYOTECH_s05,71,202,77.73333333333333,-0.8130785226821899,0.8534677534006653
TOKYOTECH_s05,71,203,77.76666666666667,-0.8943946957588196,0.7338922944521024
TOKYOTECH_s05,71,204,77.8,-0.9820063710212708,0.5501062128101887
TOKYOTECH_s05,71,205,77.83333333333333,-0.22927969694137573,0.33981340051297837
TOKYOTECH_s05,71,206,77.86666666666666,1.1707974672317505,0.14157356289050607
TOKYOTECH_s05,71,207,77.9,1.781808614730835,-0.011362119850318268
TOKYOTECH_s05,71,208,77.93333333333334,1.6899495124816895,-0.09840689875168308
TOKYOTECH_s05,71,209,77.96666666666667,1.4701143503189087,-0.11984061928478516
TOKYOTECH_s05,71,210,78.0,1.271445393562317,-0.10073215397823972
TOKYOTECH_s05,71,211,78.03333333333333,1.0025107860565186,-0.08458726360735164
TOKYOTECH_s05,71,212,78.06666666666666,0.5837395787239075,-0.11710290873581913
TOKYOTECH_s05,71,213,78.1,0.4124431312084198,-0.2278336303234024
TOKYOTECH_s05,71,214,78.13333333333334,0.42384985089302063,-0.4186874375360837
TOKYOTECH_s05,71,215,78.16666666666667,0.4584617614746094,-0.6633173769677556
TOKYOTECH_s05,71,216,78.2,0.51451575756073,-0.9154369770381464
TOKYOTECH_s05,71,217,78.23333333333333,0.36060094833374023,-1.1210919727413788
TOKYOTECH_s05,71,218,78.26666666666667,-0.006826701574027538,-1.2311680948776287
TOKYOTECH_s05,71,219,78.3,-0.29295599460601807,-1.2128811999166051
TOKYOTECH_s05,71,220,78.33333333333333,-0.5175638794898987,-1.0592381229784404
TOKYOTECH_s05,71,221,78.36666666666666,-0.6224859356880188,-0.793494706858559
TOKYOTECH_s05,71,222,78.4,-0.7454842329025269,-0.46430073243925846
TOKYOTECH_s05,71,223,78.43333333333334,-0.807896077632904,-0.13022389928500555
TOKYOTECH_s05,71,224,78.46666666666667,-0.7792502045631409,0.16034030385794365
TOKYOTECH_s05,71,225,78.5,-0.7948509454727173,0.38311604363833546
TOKYOTECH_s05,71,226,78.53333333333333,-0.8276997804641724,0.5385862971617106
TOKYOTECH_s05,71,227,78.56666666666666,-0.9257297515869141,0.6411054786560904
TOKYOTECH_s05,71,228,78.6,-1.0751299858093262,0.7053777119318769
TOKYOTECH_s05,71,229,78.63333333333334,-0.9194431900978088,0.7392629717426615
TOKYOTECH_s05,71,230,78.66666666666667,0.30325576663017273,0.7450453077058892
TOKYOTECH_s05,71,231,78.7,1.4356271028518677,0.7243466776029767
TOKYOTECH_s05,71,232,78.73333333333333,1.6785160303115845,0.6810129080294159
TOKYOTECH_s05,71,233,78.76666666666667,1.5061599016189575,0.6203199072221335
TOKYOTECH_s05,71,234,78.8,1.1877784729003906,0.5468553421338116
TOKYOTECH_s05,71,235,78.83333333333333,0.8225679993629456,0.4640279853937993
TOKYOTECH_s05,71,236,78.86666666666666,0.49437370896339417,0.3753319992886016
TOKYOTECH_s05,71,237,78.9,0.28539329767227173,0.28507287173922924
TOKYOTECH_s05,71,238,78.93333333333334,0.27404892444610596,0.19729481647961272
TOKYOTECH_s05,71,239,78.96666666666667,0.44133833050727844,0.11416412235133203
TOKYOTECH_s05,72,0,72.0,-0.8604328632354736,0.051389053699969295
TOKYOTECH_s05,72,1,72.03333333333333,-0.8653926849365234,-1.196392210412797
TOKYOTECH_s05,72,2,72.06666666666666,-0.9615081548690796,-2.2444828204373195
TOKYOTECH_s05,72,3,72.1,-0.906593918800354,-2.942176634768301
TOKYOTECH_s05,72,4,72.13333333333334,-0.869586706161499,-3.2245749452949077
TOKYOTECH_s05,72,5,72.16666666666667,-0.9684893488883972,-3.122915810808361
TOKYOTECH_s05,72,6,72.2,-1.0581668615341187,-2.744338705103826
TOKYOTECH_s05,72,7,72.23333333333333,-1.2408522367477417,-2.230920586005816
TOKYOTECH_s05,72,8,72.26666666666667,-0.8503796458244324,-1.716056398503578
TOKYOTECH_s05,72,9,72.3,0.761990487575531,-1.2939243615837361
TOKYOTECH_s05,72,10,72.33333333333333,1.904646635055542,-1.0082446967110577
TOKYOTECH_s05,72,11,72.36666666666666,1.8999183177947998,-0.8569258773394476
TOKYOTECH_s05,72,12,72.4,1.5377532243728638,-0.8051718343268024
TOKYOTECH_s05,72,13,72.43333333333334,1.1558289527893066,-0.8010566764288571
TOKYOTECH_s05,72,14,72.46666666666667,0.7902534604072571,-0.7908265731336255
TOKYOTECH_s05,72,15,72.5,0.39377033710479736,-0.732716464716813
TOKYOTECH_s05,72,16,72.53333333333333,0.08364333212375641,-0.6068743672468053
TOKYOTECH_s05,72,17,72.56666666666666,0.06340333074331284,-0.417888522680717
TOKYOTECH_s05,72,18,72.6,0.3398088812828064,-0.18835271882725818
TOKYOTECH_s05,72,19,72.63333333333334,0.4803134799003601,0.05384352684291832
TOKYOTECH_s05,72,20,72.66666666666667,0.3206196129322052,0.2881663483415002
TOKYOTECH_s05,72,21,72.7,0.0045532891526818275,0.5073690097887839
TOKYOTECH_s05,72,22,72.73333333333333,-0.39216136932373047,0.7138898054287569
TOKYOTECH_s05,72,23,72.76666666666667,-0.7009260058403015,0.9098820257267565
TOKYOTECH_s05,72,24,72.8,-0.7955989241600037,1.088426080468257
TOKYOTECH_s05,72,25,72.83333333333333,-0.8689811825752258,1.2327316140127766
TOKYOTECH_s05,72,26,72.86666666666666,-1.0207500457763672,1.3239957087119767
TOKYOTECH_s05,72,27,72.9,-0.9890320897102356,1.3519271132827888
TOKYOTECH_s05,72,28,72.93333333333334,-0.9365576505661011,1.3201982578894993
TOKYOTECH_s05,72,29,72.96666666666667,-0.9831016659736633,1.2433566585449465
TOKYOTECH_s05,72,30,73.0,-1.0179094076156616,1.1386292738049837
TOKYOTECH_s05,72,31,73.03333333333333,-1.039075493812561,1.0192502917395054
TOKYOTECH_s05,72,32,73.06666666666666,-1.0473389625549316,0.8923924566989979
TOKYOTECH_s05,72,33,73.1,-1.20546555519104,0.759634027383976
TOKYOTECH_s05,72,34,73.13333333333334,-0.9063891172409058,0.6171466832418183
TOKYOTECH_s05,72,35,73.16666666666667,0.5859746336936951,0.45567876602465135
TOKYOTECH_s05,72,36,73.2,1.7591021060943604,0.2627831763793906
TOKYOTECH_s05,72,37,73.23333333333333,1.8138293027877808,0.028852514092485747
TOKYOTECH_s05,72,38,73.26666666666667,1.4316201210021973,-0.24521263711034882
TOKYOTECH_s05,72,39,73.3,0.9610601663589478,-0.5434637696849877
TOKYOTECH_s05,72,40,73.33333333333333,0.5466166138648987,-0.8365401233879003
TOKYOTECH_s05,72,41,73.36666666666666,0.10963565856218338,-1.0883208140895155
TOKYOTECH_s05,72,42,73.4,-0.1444818377494812,-1.2636223377707845
TOKYOTECH_s05,72,43,73.43333333333334,0.021649988368153572,-1.3338020637351595
TOKYOTECH_s05,72,44,73.46666666666667,0.49202293157577515,-1.2806908772123495
TOKYOTECH_s05,72,45,73.5,0.6002663969993591,-1.1012542435159443
TOKYOTECH_s05,72,46,73.53333333333333,0.33240920305252075,-0.8129393086771991
TOKYOTECH_s05,72,47,73.56666666666666,-0.02164384163916111,-0.45572700640276465
TOKYOTECH_s05,72,48,73.6,-0.27917176485061646,-0.08613838554069257
TOKYOTECH_s05,72,49,73.63333333333334,-0.5234319567680359,0.23752470387706878
TOKYOTECH_s05,72,50,73.66666666666667,-0.7646200656890869,0.47290060323397254
TOKYOTECH_s05,72,51,73.7,-0.8828722834587097,0.6050092990167545
TOKYOTECH_s05,72,52,73.73333333333333,-0.9682667255401611,0.6455246576693305
TOKYOTECH_s05,72,53,73.76666666666667,-0.928089439868927,0.6214526969800055
TOKYOTECH_s05,72,54,73.8,-0.8674852252006531,0.5607264005487973
TOKYOTECH_s05,72,55,73.83333333333333,-0.8618575930595398,0.4825536555030262
TOKYOTECH_s05,72,56,73.86666666666666,-0.9527550339698792,0.3951836105807902
TOKYOTECH_s05,72,57,73.9,-0.9108414053916931,0.2984095323353749
TOKYOTECH_s05,72,58,73.93333333333334,-0.11408177763223648,0.1873417257132624
TOKYOTECH_s05,72,59,73.96666666666667,1.2266645431518555,0.05646639435617894
TOKYOTECH_s05,72,60,74.0,1.769921064376831,-0.09526496732207405
TOKYOTECH_s05,72,61,74.03333333333333,1.551671028137207,-0.2589381111212176
TOKYOTECH_s05,72,62,74.06666666666666,1.1052690744400024,-0.41368892922092565
TOKYOTECH_s05,72,63,74.1,0.6387072801589966,-0.5324017874875611
TOKYOTECH_s05,72,64,74.13333333333334,0.16598352789878845,-0.5938231296217629
TOKYOTECH_s05,72,65,74.16666666666667,-0.24085557460784912,-0.5935319694877995
TOKYOTECH_s05,72,66,74.2,-0.2952800691127777,-0.545511877900337
TOKYOTECH_s05,72,67,74.23333333333333,0.14527158439159393,-0.4722718006132452
TOKYOTECH_s05,72,68,74.26666666666667,0.4718185365200043,-0.3904050920029193
TOKYOTECH_s05,72,69,74.3,0.3401027321815491,-0.3023354414139592
TOKYOTECH_s05,72,70,74.33333333333333,0.016707973554730415,-0.19959988692747374
TOKYOTECH_s05,72,71,74.36666666666666,-0.2531082034111023,-0.07376530318768382
TOKYOTECH_s05,72,72,74.4,-0.5488454699516296,0.0739336049720685
TOKYOTECH_s05,72,73,74.43333333333334,-0.8327575325965881,0.23099821576330146
TOKYOTECH_s05,72,74,74.46666666666667,-0.9504665732383728,0.3799451168637333
TOKYOTECH_s05,72,75,74.5,-1.0995194911956787,0.5063169764935332
TOKYOTECH_s05,72,76,74.53333333333333,-1.123766541481018,0.6019573383980709
TOKYOTECH_s05,72,77,74.56666666666666,-1.001792311668396,0.6621278936221618
TOKYOTECH_s05,72,78,74.6,-1.0246145725250244,0.6811544236571798
TOKYOTECH_s05,72,79,74.63333333333334,-1.0620403289794922,0.652624636148352
TOKYOTECH_s05,72,80,74.66666666666667,-1.0940877199172974,0.5748454441005338
TOKYOTECH_s05,72,81,74.7,-0.38332808017730713,0.4562571907251773
TOKYOTECH_s05,72,82,74.73333333333333,1.2904921770095825,0.3152630789633976
TOKYOTECH_s05,72,83,74.76666666666667,2.204453229904175,0.1739077702292737
TOKYOTECH_s05,72,84,74.8,2.115541458129883,0.05008161174980538
TOKYOTECH_s05,72,85,74.83333333333333,1.739200472831726,-0.04650904058431894
TOKYOTECH_s05,72,86,74.86666666666666,1.3220231533050537,-0.11415796799643578
TOKYOTECH_s05,72,87,74.9,0.9972571134567261,-0.15837036863879048
TOKYOTECH_s05,72,88,74.93333333333334,0.600862979888916,-0.19229033868813092
TOKYOTECH_s05,72,89,74.96666666666667,0.29126137495040894,-0.23572422340156288
TOKYOTECH_s05,72,90,75.0,0.3571726977825165,-0.3089279992028026
TOKYOTECH_s05,72,91,75.03333333333333,0.6082448363304138,-0.42117362232804617
TOKYOTECH_s05,72,92,75.06666666666666,0.5839087963104248,-0.5602558839415562
TOKYOTECH_s05,72,93,75.1,0.4076079726219177,-0.6915652678904838
TOKYOTECH_s05,72,94,75.13333333333334,0.14707030355930328,-0.7704457945867862
TOKYOTECH_s05,72,95,75.16666666666667,-0.12206914275884628,-0.7625970139022802
TOKYOTECH_s05,72,96,75.2,-0.42732536792755127,-0.660916129250192
TOKYOTECH_s05,72,97,75.23333333333333,-0.7608267664909363,-0.48838720877812863
TOKYOTECH_s05,72,98,75.26666666666667,-0.8726053237915039,-0.28539954199685286
TOKYOTECH_s05,72,99,75.3,-0.8749650120735168,-0.08971325309406432
TOKYOTECH_s05,72,100,75.33333333333333,-0.8731217980384827,0.07898497394160083
TOKYOTECH_s05,72,101,75.36666666666666,-0.8353309631347656,0.22215930509628837
TOKYOTECH_s05,72,102,75.4,-0.8649741411209106,0.3539819311329883
TOKYOTECH_s05,72,103,75.43333333333334,-0.900147020816803,0.4887255702533685
TOKYOTECH_s05,72,104,75.46666666666667,-0.9089892506599426,0.6313261091613771
TOKYOTECH_s05,72,105,75.5,-0.16828365623950958,0.7740134210416697
TOKYOTECH_s05,72,106,75.53333333333333,1.3916566371917725,0.8978054201194331
TOKYOTECH_s05,72,107,75.56666666666666,2.167508363723755,0.9764758458520342
TOKYOTECH_s05,72,108,75.6,2.0241007804870605,0.9819777606522079
TOKYOTECH_s05,72,109,75.63333333333334,1.6842149496078491,0.8913980822810618
TOKYOTECH_s05,72,110,75.66666666666667,1.3192182779312134,0.6943669951432351
TOKYOTECH_s05,72,111,75.7,1.0165176391601562,0.39825350422247635
TOKYOTECH_s05,72,112,75.73333333333333,0.6272916793823242,0.028928760391376703
TOKYOTECH_s05,72,113,75.76666666666667,0.4107423722743988,-0.37287527171136775
TOKYOTECH_s05,72,114,75.8,0.4880960285663605,-0.7575024513123537
TOKYOTECH_s05,72,115,75.83333333333333,0.7331219911575317,-1.0725187645391614
TOKYOTECH_s05,72,116,75.86666666666666,0.6962127089500427,-1.2692008028005861
TOKYOTECH_s05,72,117,75.9,0.428230881690979,-1.3110688555632986
TOKYOTECH_s05,72,118,75.93333333333334,0.12976880371570587,-1.1845564856363626
TOKYOTECH_s05,72,119,75.96666666666667,-0.12848040461540222,-0.9080379191166837
TOKYOTECH_s05,72,120,76.0,-0.40883955359458923,-0.5326952206715383
TOKYOTECH_s05,72,121,76.03333333333333,-0.583404004573822,-0.13089958678109287
TOKYOTECH_s05,72,122,76.06666666666666,-0.6584513783454895,0.2248501027415157
TOKYOTECH_s05,72,123,76.1,-0.7282272577285767,0.4827722739588513
TOKYOTECH_s05,72,124,76.13333333333334,-0.6226996779441833,0.6228330669018433
TOKYOTECH_s05,72,125,76.16666666666667,-0.6428061127662659,0.654751726786857
TOKYOTECH_s05,72,126,76.2,-0.7455911040306091,0.6075323929602175
TOKYOTECH_s05,72,127,76.23333333333333,-0.7526257038116455,0.5180696948607729
TOKYOTECH_s05,72,128,76.26666666666667,-0.20380382239818573,0.42254846193626927
TOKYOTECH_s05,72,129,76.3,0.9708640575408936,0.34934987601581297
TOKYOTECH_s05,72,130,76.33333333333333,1.7208571434020996,0.3119694305524123
TOKYOTECH_s05,72,131,76.36666666666666,1.6942859888076782,0.3039681707730051
TOKYOTECH_s05,72,132,76.4,1.394728660583496,0.30045736625228925
TOKYOTECH_s05,72,133,76.43333333333334,1.0435250997543335,0.26855646237263636
TOKYOTECH_s05,72,134,76.46666666666667,0.7141375541687012,0.1831459616876224
TOKYOTECH_s05,72,135,76.5,0.21692635118961334,0.03962526662221175
TOKYOTECH_s05,72,136,76.53333333333333,0.06579865515232086,-0.1430148396435476
TOKYOTECH_s05,72,137,76.56666666666666,0.35224851965904236,-0.3295002291477436
TOKYOTECH_s05,72,138,76.6,0.550445556640625,-0.48115808838811347
TOKYOTECH_s05,72,139,76.63333333333334,0.44619131088256836,-0.567948349203988
TOKYOTECH_s05,72,140,76.66666666666667,0.23883149027824402,-0.5757990130085333
TOKYOTECH_s05,72,141,76.7,-0.02328227460384369,-0.5091713333791075
TOKYOTECH_s05,72,142,76.73333333333333,-0.421234667301178,-0.3902877639104487
TOKYOTECH_s05,72,143,76.76666666666667,-0.6215064525604248,-0.25488035394491654
TOKYOTECH_s05,72,144,76.8,-0.7244873642921448,-0.1421435935735826
TOKYOTECH_s05,72,145,76.83333333333333,-0.8521961569786072,-0.07884343356539403
TOKYOTECH_s05,72,146,76.86666666666666,-0.7962400913238525,-0.06489751701300894
TOKYOTECH_s05,72,147,76.9,-0.79514479637146,-0.07138548672424279
TOKYOTECH_s05,72,148,76.93333333333334,-0.8124462962150574,-0.0550181428279445
TOKYOTECH_s05,72,149,76.96666666666667,-0.9290244579315186,0.01849515769266627
TOKYOTECH_s05,72,150,77.0,-0.9501904845237732,0.1558570115998625
TOKYOTECH_s05,72,151,77.03333333333333,-0.255165159702301,0.33262575295049723
TOKYOTECH_s05,72,152,77.06666666666666,1.1409494876861572,0.50484265945021
TOKYOTECH_s05,72,153,77.1,1.8446656465530396,0.6271937432344954
TOKYOTECH_s05,72,154,77.13333333333334,1.7371879816055298,0.667868618012175
TOKYOTECH_s05,72,155,77.16666666666667,1.437203288078308,0.615253798966331
TOKYOTECH_s05,72,156,77.2,1.1763983964920044,0.47738682513973024
TOKYOTECH_s05,72,157,77.23333333333333,0.9949063062667847,0.27768478580388184
TOKYOTECH_s05,72,158,77.26666666666667,0.6209160089492798,0.0491568765979818
TOKYOTECH_s05,72,159,77.3,0.31787702441215515,-0.17268505521094243
TOKYOTECH_s05,72,160,77.33333333333333,0.3549465835094452,-0.357612690688584
TOKYOTECH_s05,72,161,77.36666666666666,0.5698663592338562,-0.4866868057891986
TOKYOTECH_s05,72,162,77.4,0.6038727164268494,-0.5533995704016058
TOKYOTECH_s05,72,163,77.43333333333334,0.3075121343135834,-0.5591496501813423
TOKYOTECH_s05,72,164,77.46666666666667,0.014072232879698277,-0.5064916728971
TOKYOTECH_s05,72,165,77.5,-0.26218193769454956,-0.39598873897825393
TOKYOTECH_s05,72,166,77.53333333333333,-0.5102087259292603,-0.2300759045830805
TOKYOTECH_s05,72,167,77.56666666666666,-0.6830902099609375,-0.021565831533908817
TOKYOTECH_s05,72,168,77.6,-0.6959038376808167,0.20043114044329347
TOKYOTECH_s05,72,169,77.63333333333334,-0.813960075378418,0.3939599946425116
TOKYOTECH_s05,72,170,77.66666666666667,-0.8405757546424866,0.5173302271888616
TOKYOTECH_s05,72,171,77.7,-0.778235137462616,0.5448323818560281
TOKYOTECH_s05,72,172,77.73333333333333,-0.8130785226821899,0.4759199707875845
TOKYOTECH_s05,72,173,77.76666666666667,-0.8943946957588196,0.3332302808231143
TOKYOTECH_s05,72,174,77.8,-0.9820063710212708,0.15251517505448356
TOKYOTECH_s05,72,175,77.83333333333333,-0.22927969694137573,-0.02807052178410083
TOKYOTECH_s05,72,176,77.86666666666666,1.1707974672317505,-0.17454453155549135
TOKYOTECH_s05,72,177,77.9,1.781808614730835,-0.2606794091042505
TOKYOTECH_s05,72,178,77.93333333333334,1.6899495124816895,-0.27260801385600797
TOKYOTECH_s05,72,179,77.96666666666667,1.4701143503189087,-0.2154681889169543
TOKYOTECH_s05,72,180,78.0,1.271445393562317,-0.1169080535900701
TOKYOTECH_s05,72,181,78.03333333333333,1.0025107860565186,-0.020803722433702997
TOKYOTECH_s05,72,182,78.06666666666666,0.5837395787239075,0.028324081662548663
TOKYOTECH_s05,72,183,78.1,0.4124431312084198,0.001778347240832186
TOKYOTECH_s05,72,184,78.13333333333334,0.42384985089302063,-0.10442330675755199
TOKYOTECH_s05,72,185,78.16666666666667,0.4584617614746094,-0.27051406104931924
TOKYOTECH_s05,72,186,78.2,0.51451575756073,-0.46021608191321867
TOKYOTECH_s05,72,187,78.23333333333333,0.36060094833374023,-0.6292234417748986
TOKYOTECH_s05,72,188,78.26666666666667,-0.006826701574027538,-0.7328772574503185
TOKYOTECH_s05,72,189,78.3,-0.29295599460601807,-0.7343404091229967
TOKYOTECH_s05,72,190,78.33333333333333,-0.5175638794898987,-0.6143825461609355
TOKYOTECH_s05,72,191,78.36666666666666,-0.6224859356880188,-0.38031760877798204
TOKYOTECH_s05,72,192,78.4,-0.7454842329025269,-0.06820071855118322
TOKYOTECH_s05,72,193,78.43333333333334,-0.807896077632904,0.2663015524195493
TOKYOTECH_s05,72,194,78.46666666666667,-0.7792502045631409,0.565951030083475
TOKYOTECH_s05,72,195,78.5,-0.7948509454727173,0.78981625557831
TOKYOTECH_s05,72,196,78.53333333333333,-0.8276997804641724,0.9219544190621823
TOKYOTECH_s05,72,197,78.56666666666666,-0.9257297515869141,0.9683351892495433
TOKYOTECH_s05,72,198,78.6,-1.0751299858093262,0.9471922042786426
TOKYOTECH_s05,72,199,78.63333333333334,-0.9194431900978088,0.8805299652522854
TOKYOTECH_s05,72,200,78.66666666666667,0.30325576663017273,0.7897662328552095
TOKYOTECH_s05,72,201,78.7,1.4356271028518677,0.6927066804822174
TOKYOTECH_s05,72,202,78.73333333333333,1.6785160303115845,0.5988465606160039
TOKYOTECH_s05,72,203,78.76666666666667,1.5061599016189575,0.5043077491131358
TOKYOTECH_s05,72,204,78.8,1.1877784729003906,0.3912936931869613
TOKYOTECH_s05,72,205,78.83333333333333,0.8225679993629456,0.23557236617456564
TOKYOTECH_s05,72,206,78.86666666666666,0.49437370896339417,0.01937732760019025
TOKYOTECH_s05,72,207,78.9,0.28539329767227173,-0.25759128997307074
TOKYOTECH_s05,72,208,78.93333333333334,0.27404892444610596,-0.5746455370726785
TOKYOTECH_s05,72,209,78.96666666666667,0.44133833050727844,-0.8941988258885138
TOKYOTECH_s05,72,210,79.0,0.5101080536842346,-1.169911638188946
TOKYOTECH_s05,72,211,79.03333333333333,0.2652779519557953,-1.3555574829710968
TOKYOTECH_s05,72,212,79.06666666666666,0.0684611052274704,-1.4139390599654198
TOKYOTECH_s05,72,213,79.1,-0.1719968467950821,-1.3264856169567971
TOKYOTECH_s05,72,214,79.13333333333334,-0.45722678303718567,-1.1018709748763014
TOKYOTECH_s05,72,215,79.16666666666667,-0.5867520570755005,-0.7787078472199198
TOKYOTECH_s05,72,216,79.2,-0.7072303891181946,-0.4173327783953748
TOKYOTECH_s05,72,217,79.23333333333333,-0.7154937982559204,-0.08080028835106261
TOKYOTECH_s05,72,218,79.26666666666667,-0.73478102684021,0.18687346361176818
TOKYOTECH_s05,72,219,79.3,-0.7940495610237122,0.37320561969028027
TOKYOTECH_s05,72,220,79.33333333333333,-0.9401283860206604,0.49326372703014776
TOKYOTECH_s05,72,221,79.36666666666666,-0.9560586214065552,0.5726149153693636
TOKYOTECH_s05,72,222,79.4,-0.8588300347328186,0.6294361837441229
TOKYOTECH_s05,72,223,79.43333333333334,0.0528692752122879,0.6675950933587882
TOKYOTECH_s05,72,224,79.46666666666667,1.2081431150436401,0.682170672927812
TOKYOTECH_s05,72,225,79.5,1.5258923768997192,0.6686681851674993
TOKYOTECH_s05,72,226,79.53333333333333,1.2837247848510742,0.6267241816806199
TOKYOTECH_s05,72,227,79.56666666666666,1.021156907081604,0.5567079216727376
TOKYOTECH_s05,72,228,79.6,0.7341816425323486,0.4552937994568285
TOKYOTECH_s05,72,229,79.63333333333334,0.33903416991233826,0.3169709018299002
TOKYOTECH_s05,72,230,79.66666666666667,0.0753888338804245,0.14171883164939594
TOKYOTECH_s05,72,231,79.7,0.11052610725164413,-0.05778804475337238
TOKYOTECH_s05,72,232,79.73333333333333,0.25728169083595276,-0.2558904720051626
TOKYOTECH_s05,72,233,79.76666666666667,0.3089190721511841,-0.4213470089624896
TOKYOTECH_s05,72,234,79.8,0.2340230494737625,-0.5278365943056784
TOKYOTECH_s05,72,235,79.83333333333333,-0.015971655026078224,-0.5615808690987754
TOKYOTECH_s05,72,236,79.86666666666666,-0.3678430914878845,-0.5230024793922732
TOKYOTECH_s05,72,237,79.9,-0.5175905823707581,-0.4234626550764213
TOKYOTECH_s05,72,238,79.93333333333334,-0.6649338603019714,-0.2802068384279522
TOKYOTECH_s05,72,239,79.96666666666667,-0.799009382724762,-0.11230545315023088
TOKYOTECH_s05,73,0,73.0,-1.0179094076156616,-0.07955716001606956
TOKYOTECH_s05,73,1,73.03333333333333,-1.039075493812561,-1.967614328031747
TOKYOTECH_s05,73,2,73.06666666666666,-1.0473389625549316,-3.538103382743865
TOKYOTECH_s05,73,3,73.1,-1.20546555519104,-4.558280377674361
TOKYOTECH_s05,73,4,73.13333333333334,-0.9063891172409058,-4.9365055111161285
TOKYOTECH_s05,73,5,73.16666666666667,0.5859746336936951,-4.735448169860968
TOKYOTECH_s05,73,6,73.2,1.7591021060943604,-4.133841153305722
TOKYOTECH_s05,73,7,73.23333333333333,1.8138293027877808,-3.3550869876858904
TOKYOTECH_s05,73,8,73.26666666666667,1.4316201210021973,-2.5948002129379044
TOKYOTECH_s05,73,9,73.3,0.9610601663589478,-1.9749237798706079
TOKYOTECH_s05,73,10,73.33333333333333,0.5466166138648987,-1.53420761045961
TOKYOTECH_s05,73,11,73.36666666666666,0.10963565856218338,-1.2462768294371636
TOKYOTECH_s05,73,12,73.4,-0.1444818377494812,-1.0484325427673082
TOKYOTECH_s05,73,13,73.43333333333334,0.021649988368153572,-0.8679469069192725
TOKYOTECH_s05,73,14,73.46666666666667,0.49202293157577515,-0.6416872089866179
TOKYOTECH_s05,73,15,73.5,0.6002663969993591,-0.3308704022320151
TOKYOTECH_s05,73,16,73.53333333333333,0.33240920305252075,0.06865297927998848
TOKYOTECH_s05,73,17,73.56666666666666,-0.02164384163916111,0.5242972602286999
TOKYOTECH_s05,73,18,73.6,-0.27917176485061646,0.9766037502748963
TOKYOTECH_s05,73,19,73.63333333333334,-0.5234319567680359,1.3597066391902812
TOKYOTECH_s05,73,20,73.66666666666667,-0.7646200656890869,1.6243312114032522
TOKYOTECH_s05,73,21,73.7,-0.8828722834587097,1.7526581214361014
TOKYOTECH_s05,73,22,73.73333333333333,-0.9682667255401611,1.758886248508422
TOKYOTECH_s05,73,23,73.76666666666667,-0.928089439868927,1.677402585785594
TOKYOTECH_s05,73,24,73.8,-0.8674852252006531,1.5462811226168889
TOKYOTECH_s05,73,25,73.83333333333333,-0.8618575930595398,1.3942235679228443
TOKYOTECH_s05,73,26,73.86666666666666,-0.9527550339698792,1.2347597664067138
TOKYOTECH_s05,73,27,73.9,-0.9108414053916931,1.0669238192401043
TOKYOTECH_s05,73,28,73.93333333333334,-0.11408177763223648,0.8802877611264616
TOKYOTECH_s05,73,29,73.96666666666667,1.2266645431518555,0.6629684079989805
TOKYOTECH_s05,73,30,74.0,1.769921064376831,0.41111853013759503
TOKYOTECH_s05,73,31,74.03333333333333,1.551671028137207,0.13660889113051633
TOKYOTECH_s05,73,32,74.06666666666666,1.1052690744400024,-0.13216189743161566
TOKYOTECH_s05,73,33,74.1,0.6387072801589966,-0.3594512641470706
TOKYOTECH_s05,73,34,74.13333333333334,0.16598352789878845,-0.5178421123090117
TOKYOTECH_s05,73,35,74.16666666666667,-0.24085557460784912,-0.600908076789988
TOKYOTECH_s05,73,36,74.2,-0.2952800691127777,-0.6239954151375255
TOKYOTECH_s05,73,37,74.23333333333333,0.14527158439159393,-0.6118844648450101
TOKYOTECH_s05,73,38,74.26666666666667,0.4718185365200043,-0.5818524694040365
TOKYOTECH_s05,73,39,74.3,0.3401027321815491,-0.5344891708827675
TOKYOTECH_s05,73,40,74.33333333333333,0.016707973554730415,-0.45842124353167474
TOKYOTECH_s05,73,41,74.36666666666666,-0.2531082034111023,-0.34437322381904956
TOKYOTECH_s05,73,42,74.4,-0.5488454699516296,-0.1974697687382282
TOKYOTECH_s05,73,43,74.43333333333334,-0.8327575325965881,-0.03878586809729599
TOKYOTECH_s05,73,44,74.46666666666667,-0.9504665732383728,0.10396649542534248
TOKYOTECH_s05,73,45,74.5,-1.0995194911956787,0.20873526705698697
TOKYOTECH_s05,73,46,74.53333333333333,-1.123766541481018,0.26595480543736083
TOKYOTECH_s05,73,47,74.56666666666666,-1.001792311668396,0.2772204554952899
TOKYOTECH_s05,73,48,74.6,-1.0246145725250244,0.2496844982546543
TOKYOTECH_s05,73,49,74.63333333333334,-1.0620403289794922,0.19211954816158866
TOKYOTECH_s05,73,50,74.66666666666667,-1.0940877199172974,0.11485028165583065
TOKYOTECH_s05,73,51,74.7,-0.38332808017730713,0.03080796672138961
TOKYOTECH_s05,73,52,74.73333333333333,1.2904921770095825,-0.0459848939367442
TOKYOTECH_s05,73,53,74.76666666666667,2.204453229904175,-0.10490063235982855
TOKYOTECH_s05,73,54,74.8,2.115541458129883,-0.14255888165479716
TOKYOTECH_s05,73,55,74.83333333333333,1.739200472831726,-0.16227517847174788
TOKYOTECH_s05,73,56,74.86666666666666,1.3220231533050537,-0.17000450428669572
TOKYOTECH_s05,73,57,74.9,0.9972571134567261,-0.1715114258826196
TOKYOTECH_s05,73,58,74.93333333333334,0.600862979888916,-0.17346813885839255
TOKYOTECH_s05,73,59,74.96666666666667,0.29126137495040894,-0.18596516505808144
TOKYOTECH_s05,73,60,75.0,0.3571726977825165,-0.22125707546290937
TOKYOTECH_s05,73,61,75.03333333333333,0.6082448363304138,-0.28633745025671625
TOKYOTECH_s05,73,62,75.06666666666666,0.5839087963104248,-0.3734465444332483
TOKYOTECH_s05,73,63,75.1,0.4076079726219177,-0.45671554952445775
TOKYOTECH_s05,73,64,75.13333333333334,0.14707030355930328,-0.500136084615213
TOKYOTECH_s05,73,65,75.16666666666667,-0.12206914275884628,-0.4740381441599283
TOKYOTECH_s05,73,66,75.2,-0.42732536792755127,-0.370362367540778
TOKYOTECH_s05,73,67,75.23333333333333,-0.7608267664909363,-0.2068652228463448
TOKYOTECH_s05,73,68,75.26666666666667,-0.8726053237915039,-0.01790945760502363
TOKYOTECH_s05,73,69,75.3,-0.8749650120735168,0.16166083135432088
TOKYOTECH_s05,73,70,75.33333333333333,-0.8731217980384827,0.3098800804366881
TOKYOTECH_s05,73,71,75.36666666666666,-0.8353309631347656,0.42195612914706393
TOKYOTECH_s05,73,72,75.4,-0.8649741411209106,0.5056329788657756
TOKYOTECH_s05,73,73,75.43333333333334,-0.900147020816803,0.5726385541714677
TOKYOTECH_s05,73,74,75.46666666666667,-0.9089892506599426,0.6316860752185117
TOKYOTECH_s05,73,75,75.5,-0.16828365623950958,0.6854072824346245
TOKYOTECH_s05,73,76,75.53333333333333,1.3916566371917725,0.7300595811651373
TOKYOTECH_s05,73,77,75.56666666666666,2.167508363723755,0.7558197781757879
TOKYOTECH_s05,73,78,75.6,2.0241007804870605,0.7474555526918817
TOKYOTECH_s05,73,79,75.63333333333334,1.6842149496078491,0.6869306936675152
TOKYOTECH_s05,73,80,75.66666666666667,1.3192182779312134,0.5583649910347526
TOKYOTECH_s05,73,81,75.7,1.0165176391601562,0.35357810743511076
TOKYOTECH_s05,73,82,75.73333333333333,0.6272916793823242,0.07607840421144028
TOKYOTECH_s05,73,83,75.76666666666667,0.4107423722743988,-0.25720537293170204
TOKYOTECH_s05,73,84,75.8,0.4880960285663605,-0.6157269896209078
TOKYOTECH_s05,73,85,75.83333333333333,0.7331219911575317,-0.9562874327944068
TOKYOTECH_s05,73,86,75.86666666666666,0.6962127089500427,-1.226825453219655
TOKYOTECH_s05,73,87,75.9,0.428230881690979,-1.3754853396856597
TOKYOTECH_s05,73,88,75.93333333333334,0.12976880371570587,-1.3647016240905407
TOKYOTECH_s05,73,89,75.96666666666667,-0.12848040461540222,-1.1855730914195999
TOKYOTECH_s05,73,90,76.0,-0.40883955359458923,-0.865219120757836
TOKYOTECH_s05,73,91,76.03333333333333,-0.583404004573822,-0.4617405476191221
TOKYOTECH_s05,73,92,76.06666666666666,-0.6584513783454895,-0.04760328415679683
TOKYOTECH_s05,73,93,76.1,-0.7282272577285767,0.3111989744497016
TOKYOTECH_s05,73,94,76.13333333333334,-0.6226996779441833,0.5706354444041888
TOKYOTECH_s05,73,95,76.16666666666667,-0.6428061127662659,0.7134400968615403
TOKYOTECH_s05,73,96,76.2,-0.7455911040306091,0.7458410413080766
TOKYOTECH_s05,73,97,76.23333333333333,-0.7526257038116455,0.6925987823297227
TOKYOTECH_s05,73,98,76.26666666666667,-0.20380382239818573,0.5922397371155893
TOKYOTECH_s05,73,99,76.3,0.9708640575408936,0.48889122070588975
TOKYOTECH_s05,73,100,76.33333333333333,1.7208571434020996,0.41869212328258687
TOKYOTECH_s05,73,101,76.36666666666666,1.6942859888076782,0.3952883248395155
TOKYOTECH_s05,73,102,76.4,1.394728660583496,0.4033244380925527
TOKYOTECH_s05,73,103,76.43333333333334,1.0435250997543335,0.40623588430463486
TOKYOTECH_s05,73,104,76.46666666666667,0.7141375541687012,0.36563650413731064
TOKYOTECH_s05,73,105,76.5,0.21692635118961334,0.26140343714216613
TOKYOTECH_s05,73,106,76.53333333333333,0.06579865515232086,0.10112121019067398
TOKYOTECH_s05,73,107,76.56666666666666,0.35224851965904236,-0.08531437492299879
TOKYOTECH_s05,73,108,76.6,0.550445556640625,-0.26077645435122176
TOKYOTECH_s05,73,109,76.63333333333334,0.44619131088256836,-0.3956482280250045
TOKYOTECH_s05,73,110,76.66666666666667,0.23883149027824402,-0.47505960456213797
TOKYOTECH_s05,73,111,76.7,-0.02328227460384369,-0.4983450794947007
TOKYOTECH_s05,73,112,76.73333333333333,-0.421234667301178,-0.47520335794749624
TOKYOTECH_s05,73,113,76.76666666666667,-0.6215064525604248,-0.4223244779740726
TOKYOTECH_s05,73,114,76.8,-0.7244873642921448,-0.3596717590189478
TOKYOTECH_s05,73,115,76.83333333333333,-0.8521961569786072,-0.303775935719744
TOKYOTECH_s05,73,116,76.86666666666666,-0.7962400913238525,-0.2598444272394528
TOKYOTECH_s05,73,117,76.9,-0.79514479637146,-0.21890972257694735
TOKYOTECH_s05,73,118,76.93333333333334,-0.8124462962150574,-0.1638369553840844
TOKYOTECH_s05,73,119,76.96666666666667,-0.9290244579315186,-0.08108506507871727
TOKYOTECH_s05,73,120,77.0,-0.9501904845237732,0.02973584009518954
TOKYOTECH_s05,73,121,77.03333333333333,-0.255165159702301,0.15496156252808552
TOKYOTECH_s05,73,122,77.06666666666666,1.1409494876861572,0.27401274803370035
TOKYOTECH_s05,73,123,77.1,1.8446656465530396,0.3680027463994008
TOKYOTECH_s05,73,124,77.13333333333334,1.7371879816055298,0.42393413765579474
TOKYOTECH_s05,73,125,77.16666666666667,1.437203288078308,0.43389565883701575
TOKYOTECH_s05,73,126,77.2,1.1763983964920044,0.3930766626184957
TOKYOTECH_s05,73,127,77.23333333333333,0.9949063062667847,0.3005068209184035
TOKYOTECH_s05,73,128,77.26666666666667,0.6209160089492798,0.16253375169089346
TOKYOTECH_s05,73,129,77.3,0.31787702441215515,-0.004574162915721748
TOKYOTECH_s05,73,130,77.33333333333333,0.3549465835094452,-0.17611689009585985
TOKYOTECH_s05,73,131,77.36666666666666,0.5698663592338562,-0.3242877583803429
TOKYOTECH_s05,73,132,77.4,0.6038727164268494,-0.4240114115079963
TOKYOTECH_s05,73,133,77.43333333333334,0.3075121343135834,-0.45616532755368766
TOKYOTECH_s05,73,134,77.46666666666667,0.014072232879698277,-0.4085388039331554
TOKYOTECH_s05,73,135,77.5,-0.26218193769454956,-0.27781032314099896
TOKYOTECH_s05,73,136,77.53333333333333,-0.5102087259292603,-0.0746115357953835
TOKYOTECH_s05,73,137,77.56666666666666,-0.6830902099609375,0.17087117992804443
TOKYOTECH_s05,73,138,77.6,-0.6959038376808167,0.4092987578873972
TOKYOTECH_s05,73,139,77.63333333333334,-0.813960075378418,0.5835800005033287
TOKYOTECH_s05,73,140,77.66666666666667,-0.8405757546424866,0.6484336680013496
TOKYOTECH_s05,73,141,77.7,-0.778235137462616,0.5880165493309735
TOKYOTECH_s05,73,142,77.73333333333333,-0.8130785226821899,0.42176879560217995
TOKYOTECH_s05,73,143,77.76666666666667,-0.8943946957588196,0.19573887847499005
TOKYOTECH_s05,73,144,77.8,-0.9820063710212708,-0.03489280848214382
TOKYOTECH_s05,73,145,77.83333333333333,-0.22927969694137573,-0.22243890874505
TOKYOTECH_s05,73,146,77.86666666666666,1.1707974672317505,-0.3359064759138966
TOKYOTECH_s05,73,147,77.9,1.781808614730835,-0.36298300724036364
TOKYOTECH_s05,73,148,77.93333333333334,1.6899495124816895,-0.30964663133551795
TOKYOTECH_s05,73,149,77.96666666666667,1.4701143503189087,-0.20054089115686669
TOKYOTECH_s05,73,150,78.0,1.271445393562317,-0.07679215376459195
TOKYOTECH_s05,73,151,78.03333333333333,1.0025107860565186,0.014257886085277591
TOKYOTECH_s05,73,152,78.06666666666666,0.5837395787239075,0.03580811260599435
TOKYOTECH_s05,73,153,78.1,0.4124431312084198,-0.024572114254504646
TOKYOTECH_s05,73,154,78.13333333333334,0.42384985089302063,-0.15221432038547641
TOKYOTECH_s05,73,155,78.16666666666667,0.4584617614746094,-0.3138588616054943
TOKYOTECH_s05,73,156,78.2,0.51451575756073,-0.4706026038179051
TOKYOTECH_s05,73,157,78.23333333333333,0.36060094833374023,-0.5876136598756043
TOKYOTECH_s05,73,158,78.26666666666667,-0.006826701574027538,-0.6380031185628599
TOKYOTECH_s05,73,159,78.3,-0.29295599460601807,-0.6039848166226337
TOKYOTECH_s05,73,160,78.33333333333333,-0.5175638794898987,-0.4795555147514041
TOKYOTECH_s05,73,161,78.36666666666666,-0.6224859356880188,-0.275043436824162
TOKYOTECH_s05,73,162,78.4,-0.7454842329025269,-0.018892010555985307
TOKYOTECH_s05,73,163,78.43333333333334,-0.807896077632904,0.24835979679123565
TOKYOTECH_s05,73,164,78.46666666666667,-0.7792502045631409,0.48693392270716035
TOKYOTECH_s05,73,165,78.5,-0.7948509454727173,0.670205395465336
TOKYOTECH_s05,73,166,78.53333333333333,-0.8276997804641724,0.7893502031139163
TOKYOTECH_s05,73,167,78.56666666666666,-0.9257297515869141,0.849027701731947
TOKYOTECH_s05,73,168,78.6,-1.0751299858093262,0.8596403343518713
TOKYOTECH_s05,73,169,78.63333333333334,-0.9194431900978088,0.8328228271628061
TOKYOTECH_s05,73,170,78.66666666666667,0.30325576663017273,0.7808462673093923
TOKYOTECH_s05,73,171,78.7,1.4356271028518677,0.7150497843364466
TOKYOTECH_s05,73,172,78.73333333333333,1.6785160303115845,0.6401946590026548
TOKYOTECH_s05,73,173,78.76666666666667,1.5061599016189575,0.5480559020823634
TOKYOTECH_s05,73,174,78.8,1.1877784729003906,0.41743009950607485
TOKYOTECH_s05,73,175,78.83333333333333,0.8225679993629456,0.224455681798424
TOKYOTECH_s05,73,176,78.86666666666666,0.49437370896339417,-0.041668566037730614
TOKYOTECH_s05,73,177,78.9,0.28539329767227173,-0.36791084860126755
TOKYOTECH_s05,73,178,78.93333333333334,0.27404892444610596,-0.7177833926035905
TOKYOTECH_s05,73,179,78.96666666666667,0.44133833050727844,-1.0408297654109913
TOKYOTECH_s05,73,180,79.0,0.5101080536842346,-1.285148365576174
TOKYOTECH_s05,73,181,79.03333333333333,0.2652779519557953,-1.408338755644344
TOKYOTECH_s05,73,182,79.06666666666666,0.0684611052274704,-1.3858220212238335
TOKYOTECH_s05,73,183,79.1,-0.1719968467950821,-1.217315238557382
TOKYOTECH_s05,73,184,79.13333333333334,-0.45722678303718567,-0.9306717586384954
TOKYOTECH_s05,73,185,79.16666666666667,-0.5867520570755005,-0.5794917488069699
TOKYOTECH_s05,73,186,79.2,-0.7072303891181946,-0.23068389950905463
TOKYOTECH_s05,73,187,79.23333333333333,-0.7154937982559204,0.0569087862244886
TOKYOTECH_s05,73,188,79.26666666666667,-0.73478102684021,0.25356282957380066
TOKYOTECH_s05,73,189,79.3,-0.7940495610237122,0.3666750177791121
TOKYOTECH_s05,73,190,79.33333333333333,-0.9401283860206604,0.4297065684882209
TOKYOTECH_s05,73,191,79.36666666666666,-0.9560586214065552,0.47864219307149364
TOKYOTECH_s05,73,192,79.4,-0.8588300347328186,0.5314741688890708
TOKYOTECH_s05,73,193,79.43333333333334,0.0528692752122879,0.5837813559119821
TOKYOTECH_s05,73,194,79.46666666666667,1.2081431150436401,0.6201513007336498
TOKYOTECH_s05,73,195,79.5,1.5258923768997192,0.6291028951367398
TOKYOTECH_s05,73,196,79.53333333333333,1.2837247848510742,0.6092998178399041
TOKYOTECH_s05,73,197,79.56666666666666,1.021156907081604,0.5648044969260292
TOKYOTECH_s05,73,198,79.6,0.7341816425323486,0.4970911386445036
TOKYOTECH_s05,73,199,79.63333333333334,0.33903416991233826,0.40311098954041524
TOKYOTECH_s05,73,200,79.66666666666667,0.0753888338804245,0.2808201579904017
TOKYOTECH_s05,73,201,79.7,0.11052610725164413,0.1354510079483966
TOKYOTECH_s05,73,202,79.73333333333333,0.25728169083595276,-0.01989723674522372
TOKYOTECH_s05,73,203,79.76666666666667,0.3089190721511841,-0.16942142744259087
TOKYOTECH_s05,73,204,79.8,0.2340230494737625,-0.30042543481881334
TOKYOTECH_s05,73,205,79.83333333333333,-0.015971655026078224,-0.4046635242797371
TOKYOTECH_s05,73,206,79.86666666666666,-0.3678430914878845,-0.4747750377134353
TOKYOTECH_s05,73,207,79.9,-0.5175905823707581,-0.5003411215913882
TOKYOTECH_s05,73,208,79.93333333333334,-0.6649338603019714,-0.4688796377353372
TOKYOTECH_s05,73,209,79.96666666666667,-0.799009382724762,-0.3729372592504043
TOKYOTECH_s05,73,210,80.0,-0.8558915257453918,-0.21849003497272093
TOKYOTECH_s05,73,211,80.03333333333333,-0.8664345145225525,-0.027826417697238794
TOKYOTECH_s05,73,212,80.06666666666666,-0.8485453128814697,0.16548911038182934
TOKYOTECH_s05,73,213,80.1,-0.854475736618042,0.32614135206524947
TOKYOTECH_s05,73,214,80.13333333333334,-0.9638411402702332,0.42618949626806935
TOKYOTECH_s05,73,215,80.16666666666667,-1.0637233257293701,0.45122188757971027
TOKYOTECH_s05,73,216,80.2,-0.676135778427124,0.4034203889945947
TOKYOTECH_s05,73,217,80.23333333333333,0.6602829694747925,0.3018293047928527
TOKYOTECH_s05,73,218,80.26666666666667,1.59063720703125,0.17880212549124494
TOKYOTECH_s05,73,219,80.3,1.6355516910552979,0.07118845431945939
TOKYOTECH_s05,73,220,80.33333333333333,1.439295768737793,0.007316934877173125
TOKYOTECH_s05,73,221,80.36666666666666,1.203049659729004,-0.005187201145920594
TOKYOTECH_s05,73,222,80.4,0.9225124716758728,0.016336016895351645
TOKYOTECH_s05,73,223,80.43333333333334,0.5952086448669434,0.037320845300774466
TOKYOTECH_s05,73,224,80.46666666666667,0.4192996323108673,0.0223218082502046
TOKYOTECH_s05,73,225,80.5,0.39176681637763977,-0.04910994580379943
TOKYOTECH_s05,73,226,80.53333333333333,0.4222381114959717,-0.174738123763336
TOKYOTECH_s05,73,227,80.56666666666666,0.49282434582710266,-0.33160292015456777
TOKYOTECH_s05,73,228,80.6,0.37581878900527954,-0.48357873418415126
TOKYOTECH_s05,73,229,80.63333333333334,0.059645622968673706,-0.5896303840303007
TOKYOTECH_s05,73,230,80.66666666666667,-0.2786998450756073,-0.6115561033976468
TOKYOTECH_s05,73,231,80.7,-0.45086002349853516,-0.5232896189160294
TOKYOTECH_s05,73,232,80.73333333333333,-0.5838403105735779,-0.32237387784538934
TOKYOTECH_s05,73,233,80.76666666666667,-0.7451726198196411,-0.03936153653944444
TOKYOTECH_s05,73,234,80.8,-0.738405168056488,0.26254156002391354
TOKYOTECH_s05,73,235,80.83333333333333,-0.7418690323829651,0.5027142073645539
TOKYOTECH_s05,73,236,80.86666666666666,-0.775572657585144,0.6097041099274899
TOKYOTECH_s05,73,237,80.9,-0.9026670455932617,0.5477621105646608
TOKYOTECH_s05,73,238,80.93333333333334,-1.003493070602417,0.33146639250367893
TOKYOTECH_s05,73,239,80.96666666666667,-0.9983550906181335,0.02257555846583629
TOKYOTECH_s05,74,0,74.0,1.769921064376831,-0.0823606772242682
TOKYOTECH_s05,74,1,74.03333333333333,1.551671028137207,-1.9925436698278227
TOKYOTECH_s05,74,2,74.06666666666666,1.1052690744400024,-3.6049508500598257
TOKYOTECH_s05,74,3,74.1,0.6387072801589966,-4.696926613720041
TOKYOTECH_s05,74,4,74.13333333333334,0.16598352789878845,-5.17102221399069
TOKYOTECH_s05,74,5,74.16666666666667,-0.24085557460784912,-5.068051838215396
TOKYOTECH_s05,74,6,74.2,-0.2952800691127777,-4.5351100738055425
TOKYOTECH_s05,74,7,74.23333333333333,0.14527158439159393,-3.764556499372446
TOKYOTECH_s05,74,8,74.26666666666667,0.4718185365200043,-2.931923594351125
TOKYOTECH_s05,74,9,74.3,0.3401027321815491,-2.156557569799202
TOKYOTECH_s05,74,10,74.33333333333333,0.016707973554730415,-1.4932863659509152
TOKYOTECH_s05,74,11,74.36666666666666,-0.2531082034111023,-0.9472698633574438
TOKYOTECH_s05,74,12,74.4,-0.5488454699516296,-0.49684189552523184
TOKYOTECH_s05,74,13,74.43333333333334,-0.8327575325965881,-0.11216347395781803
TOKYOTECH_s05,74,14,74.46666666666667,-0.9504665732383728,0.23393542516997037
TOKYOTECH_s05,74,15,74.5,-1.0995194911956787,0.5598870657430027
TOKYOTECH_s05,74,16,74.53333333333333,-1.123766541481018,0.8708414096166385
TOKYOTECH_s05,74,17,74.56666666666666,-1.001792311668396,1.1561280151172193
TOKYOTECH_s05,74,18,74.6,-1.0246145725250244,1.391624290248543
TOKYOTECH_s05,74,19,74.63333333333334,-1.0620403289794922,1.548392144205024
TOKYOTECH_s05,74,20,74.66666666666667,-1.0940877199172974,1.6045267945309363
TOKYOTECH_s05,74,21,74.7,-0.38332808017730713,1.554212411783671
TOKYOTECH_s05,74,22,74.73333333333333,1.2904921770095825,1.4097729421138965
TOKYOTECH_s05,74,23,74.76666666666667,2.204453229904175,1.1972937511336532
TOKYOTECH_s05,74,24,74.8,2.115541458129883,0.949991231795335
TOKYOTECH_s05,74,25,74.83333333333333,1.739200472831726,0.7028650836212771
TOKYOTECH_s05,74,26,74.86666666666666,1.3220231533050537,0.487977239132558
TOKYOTECH_s05,74,27,74.9,0.9972571134567261,0.32751043462505386
TOKYOTECH_s05,74,28,74.93333333333334,0.600862979888916,0.22526320986512857
TOKYOTECH_s05,74,29,74.96666666666667,0.29126137495040894,0.1623480213151916
TOKYOTECH_s05,74,30,75.0,0.3571726977825165,0.10336949897641076
TOKYOTECH_s05,74,31,75.03333333333333,0.6082448363304138,0.013575654254219083
TOKYOTECH_s05,74,32,75.06666666666666,0.5839087963104248,-0.12114825828933873
TOKYOTECH_s05,74,33,75.1,0.4076079726219177,-0.28384327373249213
TOKYOTECH_s05,74,34,75.13333333333334,0.14707030355930328,-0.43317818809206304
TOKYOTECH_s05,74,35,75.16666666666667,-0.12206914275884628,-0.5240589903473424
TOKYOTECH_s05,74,36,75.2,-0.42732536792755127,-0.5296750671551391
TOKYOTECH_s05,74,37,75.23333333333333,-0.7608267664909363,-0.4517761626620094
TOKYOTECH_s05,74,38,75.26666666666667,-0.8726053237915039,-0.31489375355280264
TOKYOTECH_s05,74,39,75.3,-0.8749650120735168,-0.15112281048842752
TOKYOTECH_s05,74,40,75.33333333333333,-0.8731217980384827,0.013658581784834508
TOKYOTECH_s05,74,41,75.36666666666666,-0.8353309631347656,0.16506066797037866
TOKYOTECH_s05,74,42,75.4,-0.8649741411209106,0.2974545389028264
TOKYOTECH_s05,74,43,75.43333333333334,-0.900147020816803,0.4087257665145687
TOKYOTECH_s05,74,44,75.46666666666667,-0.9089892506599426,0.4968634378845769
TOKYOTECH_s05,74,45,75.5,-0.16828365623950958,0.5586594955446741
TOKYOTECH_s05,74,46,75.53333333333333,1.3916566371917725,0.5886802762710333
TOKYOTECH_s05,74,47,75.56666666666666,2.167508363723755,0.5777554724734245
TOKYOTECH_s05,74,48,75.6,2.0241007804870605,0.5126384014802005
TOKYOTECH_s05,74,49,75.63333333333334,1.6842149496078491,0.37914898418876936
TOKYOTECH_s05,74,50,75.66666666666667,1.3192182779312134,0.16867986287249026
TOKYOTECH_s05,74,51,75.7,1.0165176391601562,-0.1149613259236436
TOKYOTECH_s05,74,52,75.73333333333333,0.6272916793823242,-0.4517526307919477
TOKYOTECH_s05,74,53,75.76666666666667,0.4107423722743988,-0.8061304633423491
TOKYOTECH_s05,74,54,75.8,0.4880960285663605,-1.1313881390553258
TOKYOTECH_s05,74,55,75.83333333333333,0.7331219911575317,-1.376380355413496
TOKYOTECH_s05,74,56,75.86666666666666,0.6962127089500427,-1.494056533039439
TOKYOTECH_s05,74,57,75.9,0.428230881690979,-1.4518443087203972
TOKYOTECH_s05,74,58,75.93333333333334,0.12976880371570587,-1.2422862655016638
TOKYOTECH_s05,74,59,75.96666666666667,-0.12848040461540222,-0.8897158681973768
TOKYOTECH_s05,74,60,76.0,-0.40883955359458923,-0.4478786090809997
TOKYOTECH_s05,74,61,76.03333333333333,-0.583404004573822,0.013319924985339376
TOKYOTECH_s05,74,62,76.06666666666666,-0.6584513783454895,0.4271204670803021
TOKYOTECH_s05,74,63,76.1,-0.7282272577285767,0.7461053835859413
TOKYOTECH_s05,74,64,76.13333333333334,-0.6226996779441833,0.9485525395976598
TOKYOTECH_s05,74,65,76.16666666666667,-0.6428061127662659,1.0351071546039847
TOKYOTECH_s05,74,66,76.2,-0.7455911040306091,1.0215535055869072
TOKYOTECH_s05,74,67,76.23333333333333,-0.7526257038116455,0.9334401821573552
TOKYOTECH_s05,74,68,76.26666666666667,-0.20380382239818573,0.8029017769112359
TOKYOTECH_s05,74,69,76.3,0.9708640575408936,0.6635994459918083
TOKYOTECH_s05,74,70,76.33333333333333,1.7208571434020996,0.5415655275678103
TOKYOTECH_s05,74,71,76.36666666666666,1.6942859888076782,0.44538416030576333
TOKYOTECH_s05,74,72,76.4,1.394728660583496,0.36263536351925285
TOKYOTECH_s05,74,73,76.43333333333334,1.0435250997543335,0.26728276694120806
TOKYOTECH_s05,74,74,76.46666666666667,0.7141375541687012,0.13553240054263185
TOKYOTECH_s05,74,75,76.5,0.21692635118961334,-0.03874098729908351
TOKYOTECH_s05,74,76,76.53333333333333,0.06579865515232086,-0.23820929053945455
TOKYOTECH_s05,74,77,76.56666666666666,0.35224851965904236,-0.4291399296152901
TOKYOTECH_s05,74,78,76.6,0.550445556640625,-0.5762936878790277
TOKYOTECH_s05,74,79,76.63333333333334,0.44619131088256836,-0.6564154657306752
TOKYOTECH_s05,74,80,76.66666666666667,0.23883149027824402,-0.6638674323524553
TOKYOTECH_s05,74,81,76.7,-0.02328227460384369,-0.6084324547461695
TOKYOTECH_s05,74,82,76.73333333333333,-0.421234667301178,-0.5097203014674513
TOKYOTECH_s05,74,83,76.76666666666667,-0.6215064525604248,-0.3919173549403427
TOKYOTECH_s05,74,84,76.8,-0.7244873642921448,-0.27843438459555425
TOKYOTECH_s05,74,85,76.83333333333333,-0.8521961569786072,-0.18454631524370319
TOKYOTECH_s05,74,86,76.86666666666666,-0.7962400913238525,-0.11047298179424513
TOKYOTECH_s05,74,87,76.9,-0.79514479637146,-0.04111035204748293
TOKYOTECH_s05,74,88,76.93333333333334,-0.8124462962150574,0.04470015790377559
TOKYOTECH_s05,74,89,76.96666666666667,-0.9290244579315186,0.15990897095294526
TOKYOTECH_s05,74,90,77.0,-0.9501904845237732,0.29907271122187745
TOKYOTECH_s05,74,91,77.03333333333333,-0.255165159702301,0.43899610389682275
TOKYOTECH_s05,74,92,77.06666666666666,1.1409494876861572,0.5491321920135112
TOKYOTECH_s05,74,93,77.1,1.8446656465530396,0.6041366061756243
TOKYOTECH_s05,74,94,77.13333333333334,1.7371879816055298,0.5912901929651314
TOKYOTECH_s05,74,95,77.16666666666667,1.437203288078308,0.5108838736450121
TOKYOTECH_s05,74,96,77.2,1.1763983964920044,0.3727464216131886
TOKYOTECH_s05,74,97,77.23333333333333,0.9949063062667847,0.19310788817553498
TOKYOTECH_s05,74,98,77.26666666666667,0.6209160089492798,-0.007132199362246854
TOKYOTECH_s05,74,99,77.3,0.31787702441215515,-0.20465174233202266
TOKYOTECH_s05,74,100,77.33333333333333,0.3549465835094452,-0.37763896249767653
TOKYOTECH_s05,74,101,77.36666666666666,0.5698663592338562,-0.5098119838441297
TOKYOTECH_s05,74,102,77.4,0.6038727164268494,-0.59175353418922
TOKYOTECH_s05,74,103,77.43333333333334,0.3075121343135834,-0.6185226633990099
TOKYOTECH_s05,74,104,77.46666666666667,0.014072232879698277,-0.5858692162655444
TOKYOTECH_s05,74,105,77.5,-0.26218193769454956,-0.4892971438351566
TOKYOTECH_s05,74,106,77.53333333333333,-0.5102087259292603,-0.3284471458641422
TOKYOTECH_s05,74,107,77.56666666666666,-0.6830902099609375,-0.11470970807444701
TOKYOTECH_s05,74,108,77.6,-0.6959038376808167,0.12403826963166979
TOKYOTECH_s05,74,109,77.63333333333334,-0.813960075378418,0.34715061772792566
TOKYOTECH_s05,74,110,77.66666666666667,-0.8405757546424866,0.513094032787559
TOKYOTECH_s05,74,111,77.7,-0.778235137462616,0.593118056943075
TOKYOTECH_s05,74,112,77.73333333333333,-0.8130785226821899,0.5794277078336197
TOKYOTECH_s05,74,113,77.76666666666667,-0.8943946957588196,0.4847881117759535
TOKYOTECH_s05,74,114,77.8,-0.9820063710212708,0.3360540585952519
TOKYOTECH_s05,74,115,77.83333333333333,-0.22927969694137573,0.16669245118576906
TOKYOTECH_s05,74,116,77.86666666666666,1.1707974672317505,0.011175822874687996
TOKYOTECH_s05,74,117,77.9,1.781808614730835,-0.09995836868504343
TOKYOTECH_s05,74,118,77.93333333333334,1.6899495124816895,-0.14715016453349292
TOKYOTECH_s05,74,119,77.96666666666667,1.4701143503189087,-0.13052367193658132
TOKYOTECH_s05,74,120,78.0,1.271445393562317,-0.07417882478429129
TOKYOTECH_s05,74,121,78.03333333333333,1.0025107860565186,-0.01930283991984254
TOKYOTECH_s05,74,122,78.06666666666666,0.5837395787239075,-0.007129263268821795
TOKYOTECH_s05,74,123,78.1,0.4124431312084198,-0.06128957139995142
TOKYOTECH_s05,74,124,78.13333333333334,0.42384985089302063,-0.17947741416045154
TOKYOTECH_s05,74,125,78.16666666666667,0.4584617614746094,-0.33729556402029354
TOKYOTECH_s05,74,126,78.2,0.51451575756073,-0.49917734609490455
TOKYOTECH_s05,74,127,78.23333333333333,0.36060094833374023,-0.6285899867768007
TOKYOTECH_s05,74,128,78.26666666666667,-0.006826701574027538,-0.6939458364217103
TOKYOTECH_s05,74,129,78.3,-0.29295599460601807,-0.6723032971347529
TOKYOTECH_s05,74,130,78.33333333333333,-0.5175638794898987,-0.5539865616856118
TOKYOTECH_s05,74,131,78.36666666666666,-0.6224859356880188,-0.34770117348330987
TOKYOTECH_s05,74,132,78.4,-0.7454842329025269,-0.08175475142743242
TOKYOTECH_s05,74,133,78.43333333333334,-0.807896077632904,0.20264026821409714
TOKYOTECH_s05,74,134,78.46666666666667,-0.7792502045631409,0.4643061947683956
TOKYOTECH_s05,74,135,78.5,-0.7948509454727173,0.6741327193845071
TOKYOTECH_s05,74,136,78.53333333333333,-0.8276997804641724,0.8195363365599347
TOKYOTECH_s05,74,137,78.56666666666666,-0.9257297515869141,0.9005227957784538
TOKYOTECH_s05,74,138,78.6,-1.0751299858093262,0.922753730046123
TOKYOTECH_s05,74,139,78.63333333333334,-0.9194431900978088,0.8939543221055815
TOKYOTECH_s05,74,140,78.66666666666667,0.30325576663017273,0.8244290648360256
TOKYOTECH_s05,74,141,78.7,1.4356271028518677,0.7269727010594995
TOKYOTECH_s05,74,142,78.73333333333333,1.6785160303115845,0.6124340973878082
TOKYOTECH_s05,74,143,78.76666666666667,1.5061599016189575,0.48281141935541494
TOKYOTECH_s05,74,144,78.8,1.1877784729003906,0.32807478106327526
TOKYOTECH_s05,74,145,78.83333333333333,0.8225679993629456,0.1315383448000057
TOKYOTECH_s05,74,146,78.86666666666666,0.49437370896339417,-0.11810364915678226
TOKYOTECH_s05,74,147,78.9,0.28539329767227173,-0.4156148299580092
TOKYOTECH_s05,74,148,78.93333333333334,0.27404892444610596,-0.7355667935377003
TOKYOTECH_s05,74,149,78.96666666666667,0.44133833050727844,-1.0373487340263987
TOKYOTECH_s05,74,150,79.0,0.5101080536842346,-1.2751630710330912
TOKYOTECH_s05,74,151,79.03333333333333,0.2652779519557953,-1.4083395708221653
TOKYOTECH_s05,74,152,79.06666666666666,0.0684611052274704,-1.4098256193244652
TOKYOTECH_s05,74,153,79.1,-0.1719968467950821,-1.2730459105847518
TOKYOTECH_s05,74,154,79.13333333333334,-0.45722678303718567,-1.0165032949048143
TOKYOTECH_s05,74,155,79.16666666666667,-0.5867520570755005,-0.6830442601591137
TOKYOTECH_s05,74,156,79.2,-0.7072303891181946,-0.3302913806303016
TOKYOTECH_s05,74,157,79.23333333333333,-0.7154937982559204,-0.012791768148096513
TOKYOTECH_s05,74,158,79.26666666666667,-0.73478102684021,0.23658694082438936
TOKYOTECH_s05,74,159,79.3,-0.7940495610237122,0.4151966827043127
TOKYOTECH_s05,74,160,79.33333333333333,-0.9401283860206604,0.5434768728850735
TOKYOTECH_s05,74,161,79.36666666666666,-0.9560586214065552,0.646817456245676
TOKYOTECH_s05,74,162,79.4,-0.8588300347328186,0.7386765527116269
TOKYOTECH_s05,74,163,79.43333333333334,0.0528692752122879,0.8156840320759726
TOKYOTECH_s05,74,164,79.46666666666667,1.2081431150436401,0.8650595322118333
TOKYOTECH_s05,74,165,79.5,1.5258923768997192,0.8751452639349124
TOKYOTECH_s05,74,166,79.53333333333333,1.2837247848510742,0.8400341870916503
TOKYOTECH_s05,74,167,79.56666666666666,1.021156907081604,0.7570594626697241
TOKYOTECH_s05,74,168,79.6,0.7341816425323486,0.6232932460679618
TOKYOTECH_s05,74,169,79.63333333333334,0.33903416991233826,0.4376070296609714
TOKYOTECH_s05,74,170,79.66666666666667,0.0753888338804245,0.2078292990251393
TOKYOTECH_s05,74,171,79.7,0.11052610725164413,-0.044017221247512416
TOKYOTECH_s05,74,172,79.73333333333333,0.25728169083595276,-0.2843341397429068
TOKYOTECH_s05,74,173,79.76666666666667,0.3089190721511841,-0.4778872601851709
TOKYOTECH_s05,74,174,79.8,0.2340230494737625,-0.5991227545391975
TOKYOTECH_s05,74,175,79.83333333333333,-0.015971655026078224,-0.6383434049421497
TOKYOTECH_s05,74,176,79.86666666666666,-0.3678430914878845,-0.6004026909985337
TOKYOTECH_s05,74,177,79.9,-0.5175905823707581,-0.4988469233863509
TOKYOTECH_s05,74,178,79.93333333333334,-0.6649338603019714,-0.35069066846203284
TOKYOTECH_s05,74,179,79.96666666666667,-0.799009382724762,-0.17487138431922702
TOKYOTECH_s05,74,180,80.0,-0.8558915257453918,0.007120344822437289
TOKYOTECH_s05,74,181,80.03333333333333,-0.8664345145225525,0.17223629499704798
TOKYOTECH_s05,74,182,80.06666666666666,-0.8485453128814697,0.29982048371298914
TOKYOTECH_s05,74,183,80.1,-0.854475736618042,0.37614710178955235
TOKYOTECH_s05,74,184,80.13333333333334,-0.9638411402702332,0.39664676910094354
TOKYOTECH_s05,74,185,80.16666666666667,-1.0637233257293701,0.3652268455828079
TOKYOTECH_s05,74,186,80.2,-0.676135778427124,0.29235900701961026
TOKYOTECH_s05,74,187,80.23333333333333,0.6602829694747925,0.19360639224653792
TOKYOTECH_s05,74,188,80.26666666666667,1.59063720703125,0.08802370213369755
TOKYOTECH_s05,74,189,80.3,1.6355516910552979,-0.0056650947819379335
TOKYOTECH_s05,74,190,80.33333333333333,1.439295768737793,-0.07557392833396924
TOKYOTECH_s05,74,191,80.36666666666666,1.203049659729004,-0.12278633242010052
TOKYOTECH_s05,74,192,80.4,0.9225124716758728,-0.16202328076492836
TOKYOTECH_s05,74,193,80.43333333333334,0.5952086448669434,-0.2141886369667178
TOKYOTECH_s05,74,194,80.46666666666667,0.4192996323108673,-0.2943861735529382
TOKYOTECH_s05,74,195,80.5,0.39176681637763977,-0.40309127395376015
TOKYOTECH_s05,74,196,80.53333333333333,0.4222381114959717,-0.5254976522972327
TOKYOTECH_s05,74,197,80.56666666666666,0.49282434582710266,-0.6377005307807213
TOKYOTECH_s05,74,198,80.6,0.37581878900527954,-0.7142740864252094
TOKYOTECH_s05,74,199,80.63333333333334,0.059645622968673706,-0.7329200018787433
TOKYOTECH_s05,74,200,80.66666666666667,-0.2786998450756073,-0.6767381085743333
TOKYOTECH_s05,74,201,80.7,-0.45086002349853516,-0.5377341318867495
TOKYOTECH_s05,74,202,80.73333333333333,-0.5838403105735779,-0.3226064913988659
TOKYOTECH_s05,74,203,80.76666666666667,-0.7451726198196411,-0.05665757358714415
TOKYOTECH_s05,74,204,80.8,-0.738405168056488,0.22033280702502023
TOKYOTECH_s05,74,205,80.83333333333333,-0.7418690323829651,0.46789345490822626
TOKYOTECH_s05,74,206,80.86666666666666,-0.775572657585144,0.6610879002831063
TOKYOTECH_s05,74,207,80.9,-0.9026670455932617,0.7975582955251719
TOKYOTECH_s05,74,208,80.93333333333334,-1.003493070602417,0.8897915469738263
TOKYOTECH_s05,74,209,80.96666666666667,-0.9983550906181335,0.9484383882845102
TOKYOTECH_s05,74,210,81.0,-1.027125597000122,0.9697356794266346
TOKYOTECH_s05,74,211,81.03333333333333,-0.1346779614686966,0.937201183955701
TOKYOTECH_s05,74,212,81.06666666666666,1.1881524324417114,0.8362143820776872
TOKYOTECH_s05,74,213,81.1,1.5922222137451172,0.6694393748019085
TOKYOTECH_s05,74,214,81.13333333333334,1.4172303676605225,0.460342913181063
TOKYOTECH_s05,74,215,81.16666666666667,1.212541937828064,0.24136355586429672
TOKYOTECH_s05,74,216,81.2,1.0014244318008423,0.03543519838414587
TOKYOTECH_s05,74,217,81.23333333333333,0.6823750734329224,-0.15528822235494658
TOKYOTECH_s05,74,218,81.26666666666667,0.32294368743896484,-0.3460160486636006
TOKYOTECH_s05,74,219,81.3,0.18214525282382965,-0.5547584041856748
TOKYOTECH_s05,74,220,81.33333333333333,0.3446618318557739,-0.7864026460456949
TOKYOTECH_s05,74,221,81.36666666666666,0.44534537196159363,-1.024061862711836
TOKYOTECH_s05,74,222,81.4,0.29955148696899414,-1.230685258380661
TOKYOTECH_s05,74,223,81.43333333333334,0.02078624814748764,-1.3586739393191367
TOKYOTECH_s05,74,224,81.46666666666667,-0.19225464761257172,-1.363568534314781
TOKYOTECH_s05,74,225,81.5,-0.3670327961444855,-1.2184001990656612
TOKYOTECH_s05,74,226,81.53333333333333,-0.5451590418815613,-0.9252936688541347
TOKYOTECH_s05,74,227,81.56666666666666,-0.7567306756973267,-0.5199393568276439
TOKYOTECH_s05,74,228,81.6,-0.802571177482605,-0.06453701432408547
TOKYOTECH_s05,74,229,81.63333333333334,-0.7626610994338989,0.37104622640144125
TOKYOTECH_s05,74,230,81.66666666666667,-0.8176910877227783,0.7321776052110145
TOKYOTECH_s05,74,231,81.7,-0.9158101081848145,0.9940592073144845
TOKYOTECH_s05,74,232,81.73333333333333,-0.9235926866531372,1.1602188150619193
TOKYOTECH_s05,74,233,81.76666666666667,-0.9953542947769165,1.2474187093290878
TOKYOTECH_s05,74,234,81.8,-1.1948336362838745,1.2678490612978506
TOKYOTECH_s05,74,235,81.83333333333333,-1.2913676500320435,1.2202157768442634
TOKYOTECH_s05,74,236,81.86666666666666,-0.7484227418899536,1.0941031110203936
TOKYOTECH_s05,74,237,81.9,0.545343279838562,0.8827385247388363
TOKYOTECH_s05,74,238,81.93333333333334,1.4390909671783447,0.594778959749364
TOKYOTECH_s05,74,239,81.96666666666667,1.39524507522583,0.2578472982873337
TOKYOTECH_s05,75,0,75.0,0.3571726977825165,-0.061797213241755765
TOKYOTECH_s05,75,1,75.03333333333333,0.6082448363304138,-1.7921312465482706
TOKYOTECH_s05,75,2,75.06666666666666,0.5839087963104248,-3.251681170791116
TOKYOTECH_s05,75,3,75.1,0.4076079726219177,-4.230924148360072
TOKYOTECH_s05,75,4,75.13333333333334,0.14707030355930328,-4.626302960305963
TOKYOTECH_s05,75,5,75.16666666666667,-0.12206914275884628,-4.460414396154713
TOKYOTECH_s05,75,6,75.2,-0.42732536792755127,-3.865259720754839
TOKYOTECH_s05,75,7,75.23333333333333,-0.7608267664909363,-3.0337147187176976
TOKYOTECH_s05,75,8,75.26666666666667,-0.8726053237915039,-2.1583488454866937
TOKYOTECH_s05,75,9,75.3,-0.8749650120735168,-1.3810662894746542
TOKYOTECH_s05,75,10,75.33333333333333,-0.8731217980384827,-0.7697620743201569
TOKYOTECH_s05,75,11,75.36666666666666,-0.8353309631347656,-0.3244163835952392
TOKYOTECH_s05,75,12,75.4,-0.8649741411209106,-0.002742201909853949
TOKYOTECH_s05,75,13,75.43333333333334,-0.900147020816803,0.2496232954211136
TOKYOTECH_s05,75,14,75.46666666666667,-0.9089892506599426,0.47619128148939494
TOKYOTECH_s05,75,15,75.5,-0.16828365623950958,0.6983744888156384
TOKYOTECH_s05,75,16,75.53333333333333,1.3916566371917725,0.9142343187130156
TOKYOTECH_s05,75,17,75.56666666666666,2.167508363723755,1.1033711674218192
TOKYOTECH_s05,75,18,75.6,2.0241007804870605,1.235224228824527
TOKYOTECH_s05,75,19,75.63333333333334,1.6842149496078491,1.2793345100809816
TOKYOTECH_s05,75,20,75.66666666666667,1.3192182779312134,1.2154409976476606
TOKYOTECH_s05,75,21,75.7,1.0165176391601562,1.0403294234257832
TOKYOTECH_s05,75,22,75.73333333333333,0.6272916793823242,0.7694734075651743
TOKYOTECH_s05,75,23,75.76666666666667,0.4107423722743988,0.4341363406590176
TOKYOTECH_s05,75,24,75.8,0.4880960285663605,0.07656508086872736
TOKYOTECH_s05,75,25,75.83333333333333,0.7331219911575317,-0.25460580480402994
TOKYOTECH_s05,75,26,75.86666666666666,0.6962127089500427,-0.509346859860058
TOKYOTECH_s05,75,27,75.9,0.428230881690979,-0.6439657076166388
TOKYOTECH_s05,75,28,75.93333333333334,0.12976880371570587,-0.6320735364871927
TOKYOTECH_s05,75,29,75.96666666666667,-0.12848040461540222,-0.4752180974602678
TOKYOTECH_s05,75,30,76.0,-0.40883955359458923,-0.20690360528511176
TOKYOTECH_s05,75,31,76.03333333333333,-0.583404004573822,0.1145599865800635
TOKYOTECH_s05,75,32,76.06666666666666,-0.6584513783454895,0.42279899502249096
TOKYOTECH_s05,75,33,76.1,-0.7282272577285767,0.6621547217465196
TOKYOTECH_s05,75,34,76.13333333333334,-0.6226996779441833,0.7999997315968954
TOKYOTECH_s05,75,35,76.16666666666667,-0.6428061127662659,0.828894573866633
TOKYOTECH_s05,75,36,76.2,-0.7455911040306091,0.7618431872448749
TOKYOTECH_s05,75,37,76.23333333333333,-0.7526257038116455,0.6266064316682467
TOKYOTECH_s05,75,38,76.26666666666667,-0.20380382239818573,0.46085072750124384
TOKYOTECH_s05,75,39,76.3,0.9708640575408936,0.3050320068836444
TOKYOTECH_s05,75,40,76.33333333333333,1.7208571434020996,0.19095963444075414
TOKYOTECH_s05,75,41,76.36666666666666,1.6942859888076782,0.12945437749010852
TOKYOTECH_s05,75,42,76.4,1.394728660583496,0.10461514116242658
TOKYOTECH_s05,75,43,76.43333333333334,1.0435250997543335,0.08047960641417498
TOKYOTECH_s05,75,44,76.46666666666667,0.7141375541687012,0.018365645303205842
TOKYOTECH_s05,75,45,76.5,0.21692635118961334,-0.10407333408422981
TOKYOTECH_s05,75,46,76.53333333333333,0.06579865515232086,-0.28204510927692206
TOKYOTECH_s05,75,47,76.56666666666666,0.35224851965904236,-0.4857583117199851
TOKYOTECH_s05,75,48,76.6,0.550445556640625,-0.6727849044586738
TOKYOTECH_s05,75,49,76.63333333333334,0.44619131088256836,-0.8033317645295954
TOKYOTECH_s05,75,50,76.66666666666667,0.23883149027824402,-0.8518886761084803
TOKYOTECH_s05,75,51,76.7,-0.02328227460384369,-0.8127931330523412
TOKYOTECH_s05,75,52,76.73333333333333,-0.421234667301178,-0.7006147111204477
TOKYOTECH_s05,75,53,76.76666666666667,-0.6215064525604248,-0.5463572529367933
TOKYOTECH_s05,75,54,76.8,-0.7244873642921448,-0.38837238621466025
TOKYOTECH_s05,75,55,76.83333333333333,-0.8521961569786072,-0.25785733058375165
TOKYOTECH_s05,75,56,76.86666666666666,-0.7962400913238525,-0.16484890737556365
TOKYOTECH_s05,75,57,76.9,-0.79514479637146,-0.09429604584339345
TOKYOTECH_s05,75,58,76.93333333333334,-0.8124462962150574,-0.016489191454483246
TOKYOTECH_s05,75,59,76.96666666666667,-0.9290244579315186,0.09387410986677502
TOKYOTECH_s05,75,60,77.0,-0.9501904845237732,0.24179830773378255
TOKYOTECH_s05,75,61,77.03333333333333,-0.255165159702301,0.4086854346586382
TOKYOTECH_s05,75,62,77.06666666666666,1.1409494876861572,0.5618197937696163
TOKYOTECH_s05,75,63,77.1,1.8446656465530396,0.6686093122912238
TOKYOTECH_s05,75,64,77.13333333333334,1.7371879816055298,0.7068548756712723
TOKYOTECH_s05,75,65,77.16666666666667,1.437203288078308,0.667729355633614
TOKYOTECH_s05,75,66,77.2,1.1763983964920044,0.5540270478726939
TOKYOTECH_s05,75,67,77.23333333333333,0.9949063062667847,0.3780987240365986
TOKYOTECH_s05,75,68,77.26666666666667,0.6209160089492798,0.16100765528733188
TOKYOTECH_s05,75,69,77.3,0.31787702441215515,-0.06904120769927105
TOKYOTECH_s05,75,70,77.33333333333333,0.3549465835094452,-0.2809304899023251
TOKYOTECH_s05,75,71,77.36666666666666,0.5698663592338562,-0.44664495572056206
TOKYOTECH_s05,75,72,77.4,0.6038727164268494,-0.5459034368592777
TOKYOTECH_s05,75,73,77.43333333333334,0.3075121343135834,-0.5670385239640057
TOKYOTECH_s05,75,74,77.46666666666667,0.014072232879698277,-0.5054386693768043
TOKYOTECH_s05,75,75,77.5,-0.26218193769454956,-0.363509193792111
TOKYOTECH_s05,75,76,77.53333333333333,-0.5102087259292603,-0.1543717962009874
TOKYOTECH_s05,75,77,77.56666666666666,-0.6830902099609375,0.09322649514845972
TOKYOTECH_s05,75,78,77.6,-0.6959038376808167,0.33488631120828466
TOKYOTECH_s05,75,79,77.63333333333334,-0.813960075378418,0.5199020142834843
TOKYOTECH_s05,75,80,77.66666666666667,-0.8405757546424866,0.6076164976465975
TOKYOTECH_s05,75,81,77.7,-0.778235137462616,0.5822616035977328
TOKYOTECH_s05,75,82,77.73333333333333,-0.8130785226821899,0.4580437675980259
TOKYOTECH_s05,75,83,77.76666666666667,-0.8943946957588196,0.27226931866275206
TOKYOTECH_s05,75,84,77.8,-0.9820063710212708,0.07130923793502977
TOKYOTECH_s05,75,85,77.83333333333333,-0.22927969694137573,-0.10281488077786761
TOKYOTECH_s05,75,86,77.86666666666666,1.1707974672317505,-0.22034899800730032
TOKYOTECH_s05,75,87,77.9,1.781808614730835,-0.26676809902577325
TOKYOTECH_s05,75,88,77.93333333333334,1.6899495124816895,-0.24424810457067825
TOKYOTECH_s05,75,89,77.96666666666667,1.4701143503189087,-0.17316279516876384
TOKYOTECH_s05,75,90,78.0,1.271445393562317,-0.09033354484425973
TOKYOTECH_s05,75,91,78.03333333333333,1.0025107860565186,-0.03963123384746118
TOKYOTECH_s05,75,92,78.06666666666666,0.5837395787239075,-0.05632672246122668
TOKYOTECH_s05,75,93,78.1,0.4124431312084198,-0.1529973202190316
TOKYOTECH_s05,75,94,78.13333333333334,0.42384985089302063,-0.3145722890258418
TOKYOTECH_s05,75,95,78.16666666666667,0.4584617614746094,-0.5041361487081911
TOKYOTECH_s05,75,96,78.2,0.51451575756073,-0.6748671397899405
TOKYOTECH_s05,75,97,78.23333333333333,0.36060094833374023,-0.7816279811415168
TOKYOTECH_s05,75,98,78.26666666666667,-0.006826701574027538,-0.789144381207279
TOKYOTECH_s05,75,99,78.3,-0.29295599460601807,-0.6781044341660757
TOKYOTECH_s05,75,100,78.33333333333333,-0.5175638794898987,-0.45113004256720557
TOKYOTECH_s05,75,101,78.36666666666666,-0.6224859356880188,-0.13705424292611032
TOKYOTECH_s05,75,102,78.4,-0.7454842329025269,0.2119568517483432
TOKYOTECH_s05,75,103,78.43333333333334,-0.807896077632904,0.5343396112543319
TOKYOTECH_s05,75,104,78.46666666666667,-0.7792502045631409,0.7797525075575167
TOKYOTECH_s05,75,105,78.5,-0.7948509454727173,0.9251310989548326
TOKYOTECH_s05,75,106,78.53333333333333,-0.8276997804641724,0.9772093347676114
TOKYOTECH_s05,75,107,78.56666666666666,-0.9257297515869141,0.9616497793546573
TOKYOTECH_s05,75,108,78.6,-1.0751299858093262,0.9072224579025711
TOKYOTECH_s05,75,109,78.63333333333334,-0.9194431900978088,0.8348141583174181
TOKYOTECH_s05,75,110,78.66666666666667,0.30325576663017273,0.7548009719202835
TOKYOTECH_s05,75,111,78.7,1.4356271028518677,0.6691797337317136
TOKYOTECH_s05,75,112,78.73333333333333,1.6785160303115845,0.573460163292973
TOKYOTECH_s05,75,113,78.76666666666667,1.5061599016189575,0.45696475199580466
TOKYOTECH_s05,75,114,78.8,1.1877784729003906,0.3041320116924468
TOKYOTECH_s05,75,115,78.83333333333333,0.8225679993629456,0.09980354650163707
TOKYOTECH_s05,75,116,78.86666666666666,0.49437370896339417,-0.16220063321836312
TOKYOTECH_s05,75,117,78.9,0.28539329767227173,-0.47168544701453086
TOKYOTECH_s05,75,118,78.93333333333334,0.27404892444610596,-0.8002543663727741
TOKYOTECH_s05,75,119,78.96666666666667,0.44133833050727844,-1.106073818941356
TOKYOTECH_s05,75,120,79.0,0.5101080536842346,-1.3427067609680658
TOKYOTECH_s05,75,121,79.03333333333333,0.2652779519557953,-1.4685571117839709
TOKYOTECH_s05,75,122,79.06666666666666,0.0684611052274704,-1.4554377478727951
TOKYOTECH_s05,75,123,79.1,-0.1719968467950821,-1.2963867088746743
TOKYOTECH_s05,75,124,79.13333333333334,-0.45722678303718567,-1.0114429248874672
TOKYOTECH_s05,75,125,79.16666666666667,-0.5867520570755005,-0.6474675844110398
TOKYOTECH_s05,75,126,79.2,-0.7072303891181946,-0.26801374012599427
TOKYOTECH_s05,75,127,79.23333333333333,-0.7154937982559204,0.06605204865449386
TOKYOTECH_s05,75,128,79.26666666666667,-0.73478102684021,0.3169174475625151
TOKYOTECH_s05,75,129,79.3,-0.7940495610237122,0.4795806079806334
TOKYOTECH_s05,75,130,79.33333333333333,-0.9401283860206604,0.5751247557387649
TOKYOTECH_s05,75,131,79.36666666666666,-0.9560586214065552,0.632453534493928
TOKYOTECH_s05,75,132,79.4,-0.8588300347328186,0.6710640015703457
TOKYOTECH_s05,75,133,79.43333333333334,0.0528692752122879,0.695654973922702
TOKYOTECH_s05,75,134,79.46666666666667,1.2081431150436401,0.7028106586814545
TOKYOTECH_s05,75,135,79.5,1.5258923768997192,0.6904002433827501
TOKYOTECH_s05,75,136,79.53333333333333,1.2837247848510742,0.6604667288341625
TOKYOTECH_s05,75,137,79.56666666666666,1.021156907081604,0.6144014440152513
TOKYOTECH_s05,75,138,79.6,0.7341816425323486,0.5471941524622689
TOKYOTECH_s05,75,139,79.63333333333334,0.33903416991233826,0.448417603315891
TOKYOTECH_s05,75,140,79.66666666666667,0.0753888338804245,0.31038557354719276
TOKYOTECH_s05,75,141,79.7,0.11052610725164413,0.13660075414938253
TOKYOTECH_s05,75,142,79.73333333333333,0.25728169083595276,-0.056196427741093874
TOKYOTECH_s05,75,143,79.76666666666667,0.3089190721511841,-0.24320995675127877
TOKYOTECH_s05,75,144,79.8,0.2340230494737625,-0.39956800820205635
TOKYOTECH_s05,75,145,79.83333333333333,-0.015971655026078224,-0.5058520273585551
TOKYOTECH_s05,75,146,79.86666666666666,-0.3678430914878845,-0.5495007256954785
TOKYOTECH_s05,75,147,79.9,-0.5175905823707581,-0.5244711487684002
TOKYOTECH_s05,75,148,79.93333333333334,-0.6649338603019714,-0.4321963167254332
TOKYOTECH_s05,75,149,79.96666666666667,-0.799009382724762,-0.2840779708954624
TOKYOTECH_s05,75,150,80.0,-0.8558915257453918,-0.10240387262964239
TOKYOTECH_s05,75,151,80.03333333333333,-0.8664345145225525,0.08349681803062925
TOKYOTECH_s05,75,152,80.06666666666666,-0.8485453128814697,0.24493576482625146
TOKYOTECH_s05,75,153,80.1,-0.854475736618042,0.36078619751927943
TOKYOTECH_s05,75,154,80.13333333333334,-0.9638411402702332,0.4200945497104369
TOKYOTECH_s05,75,155,80.16666666666667,-1.0637233257293701,0.42082803888388326
TOKYOTECH_s05,75,156,80.2,-0.676135778427124,0.3678782920977064
TOKYOTECH_s05,75,157,80.23333333333333,0.6602829694747925,0.2726584663790174
TOKYOTECH_s05,75,158,80.26666666666667,1.59063720703125,0.15329573361949222
TOKYOTECH_s05,75,159,80.3,1.6355516910552979,0.03216398231093451
TOKYOTECH_s05,75,160,80.33333333333333,1.439295768737793,-0.07088245895305684
TOKYOTECH_s05,75,161,80.36666666666666,1.203049659729004,-0.14700207151359884
TOKYOTECH_s05,75,162,80.4,0.9225124716758728,-0.20288605946898913
TOKYOTECH_s05,75,163,80.43333333333334,0.5952086448669434,-0.2569671558506281
TOKYOTECH_s05,75,164,80.46666666666667,0.4192996323108673,-0.3288104334206837
TOKYOTECH_s05,75,165,80.5,0.39176681637763977,-0.428194733873543
TOKYOTECH_s05,75,166,80.53333333333333,0.4222381114959717,-0.5498411295857102
TOKYOTECH_s05,75,167,80.56666666666666,0.49282434582710266,-0.6750064077673499
TOKYOTECH_s05,75,168,80.6,0.37581878900527954,-0.7767784235030569
TOKYOTECH_s05,75,169,80.63333333333334,0.059645622968673706,-0.8254031581364046
TOKYOTECH_s05,75,170,80.66666666666667,-0.2786998450756073,-0.7932987585647204
TOKYOTECH_s05,75,171,80.7,-0.45086002349853516,-0.66191077674367
TOKYOTECH_s05,75,172,80.73333333333333,-0.5838403105735779,-0.4304739238668672
TOKYOTECH_s05,75,173,80.76666666666667,-0.7451726198196411,-0.12232638051830112
TOKYOTECH_s05,75,174,80.8,-0.738405168056488,0.21740019268197716
TOKYOTECH_s05,75,175,80.83333333333333,-0.7418690323829651,0.5350481560609935
TOKYOTECH_s05,75,176,80.86666666666666,-0.775572657585144,0.7870011272884868
TOKYOTECH_s05,75,177,80.9,-0.9026670455932617,0.9527750245267018
TOKYOTECH_s05,75,178,80.93333333333334,-1.003493070602417,1.0351307466836779
TOKYOTECH_s05,75,179,80.96666666666667,-0.9983550906181335,1.048860267964133
TOKYOTECH_s05,75,180,81.0,-1.027125597000122,1.0078235751106934
TOKYOTECH_s05,75,181,81.03333333333333,-0.1346779614686966,0.9200354509211999
TOKYOTECH_s05,75,182,81.06666666666666,1.1881524324417114,0.7923291226481614
TOKYOTECH_s05,75,183,81.1,1.5922222137451172,0.6371312274906115
TOKYOTECH_s05,75,184,81.13333333333334,1.4172303676605225,0.4724580095620183
TOKYOTECH_s05,75,185,81.16666666666667,1.212541937828064,0.3129524034573933
TOKYOTECH_s05,75,186,81.2,1.0014244318008423,0.15887182840616493
TOKYOTECH_s05,75,187,81.23333333333333,0.6823750734329224,-0.006791292131152399
TOKYOTECH_s05,75,188,81.26666666666667,0.32294368743896484,-0.20899194389321965
TOKYOTECH_s05,75,189,81.3,0.18214525282382965,-0.46425711322854846
TOKYOTECH_s05,75,190,81.33333333333333,0.3446618318557739,-0.766510089025971
TOKYOTECH_s05,75,191,81.36666666666666,0.44534537196159363,-1.0820096684489577
TOKYOTECH_s05,75,192,81.4,0.29955148696899414,-1.3548954782611342
TOKYOTECH_s05,75,193,81.43333333333334,0.02078624814748764,-1.5206053996782796
TOKYOTECH_s05,75,194,81.46666666666667,-0.19225464761257172,-1.523493846307483
TOKYOTECH_s05,75,195,81.5,-0.3670327961444855,-1.335180568355132
TOKYOTECH_s05,75,196,81.53333333333333,-0.5451590418815613,-0.9689016327741422
TOKYOTECH_s05,75,197,81.56666666666666,-0.7567306756973267,-0.48326518330435364
TOKYOTECH_s05,75,198,81.6,-0.802571177482605,0.03044705433497552
TOKYOTECH_s05,75,199,81.63333333333334,-0.7626610994338989,0.476649301602181
TOKYOTECH_s05,75,200,81.66666666666667,-0.8176910877227783,0.7878910595252162
TOKYOTECH_s05,75,201,81.7,-0.9158101081848145,0.9445968932062543
TOKYOTECH_s05,75,202,81.73333333333333,-0.9235926866531372,0.9726450947158378
TOKYOTECH_s05,75,203,81.76666666666667,-0.9953542947769165,0.9227884009244234
TOKYOTECH_s05,75,204,81.8,-1.1948336362838745,0.8449423114782793
TOKYOTECH_s05,75,205,81.83333333333333,-1.2913676500320435,0.7705205554947221
TOKYOTECH_s05,75,206,81.86666666666666,-0.7484227418899536,0.7088735167520125
TOKYOTECH_s05,75,207,81.9,0.545343279838562,0.6547184864907472
TOKYOTECH_s05,75,208,81.93333333333334,1.4390909671783447,0.5980078231436627
TOKYOTECH_s05,75,209,81.96666666666667,1.39524507522583,0.5291098064007775
TOKYOTECH_s05,75,210,82.0,1.020871877670288,0.4388658549897199
TOKYOTECH_s05,75,211,82.03333333333333,0.7033452391624451,0.31830538067354724
TOKYOTECH_s05,75,212,82.06666666666666,0.41787490248680115,0.16156058813372953
TOKYOTECH_s05,75,213,82.1,0.11731136590242386,-0.02932144225067491
TOKYOTECH_s05,75,214,82.13333333333334,-0.00862541701644659,-0.24178056417632748
TOKYOTECH_s05,75,215,82.16666666666667,0.14471060037612915,-0.4549459491868929
TOKYOTECH_s05,75,216,82.2,0.3272534906864166,-0.6450282539297442
TOKYOTECH_s05,75,217,82.23333333333333,0.3293549418449402,-0.7900157842863565
TOKYOTECH_s05,75,218,82.26666666666667,0.10549505054950714,-0.8720562240270444
TOKYOTECH_s05,75,219,82.3,-0.1944095492362976,-0.8792901923806696
TOKYOTECH_s05,75,220,82.33333333333333,-0.5035392642021179,-0.8090500139867669
TOKYOTECH_s05,75,221,82.36666666666666,-0.6707128882408142,-0.6714461668955121
TOKYOTECH_s05,75,222,82.4,-0.6949421167373657,-0.4896407045604192
TOKYOTECH_s05,75,223,82.43333333333334,-0.7762405276298523,-0.2939422601691633
TOKYOTECH_s05,75,224,82.46666666666667,-0.8687318563461304,-0.11166686699288254
TOKYOTECH_s05,75,225,82.5,-0.8454732298851013,0.04103243464163894
TOKYOTECH_s05,75,226,82.53333333333333,-0.7892856597900391,0.15999709777160823
TOKYOTECH_s05,75,227,82.56666666666666,-0.9055253863334656,0.24666600841691388
TOKYOTECH_s05,75,228,82.6,-1.0141962766647339,0.3004386289640224
TOKYOTECH_s05,75,229,82.63333333333334,-1.021685004234314,0.3167009678658889
TOKYOTECH_s05,75,230,82.66666666666667,-1.0890121459960938,0.2918091046545708
TOKYOTECH_s05,75,231,82.7,-0.44805511832237244,0.22988279572103168
TOKYOTECH_s05,75,232,82.73333333333333,0.8679989576339722,0.14521995511925206
TOKYOTECH_s05,75,233,82.76666666666667,1.4384765625,0.05838805563312411
TOKYOTECH_s05,75,234,82.8,1.211526870727539,-0.010709573424513813
TOKYOTECH_s05,75,235,82.83333333333333,0.8101462125778198,-0.04790975349066793
TOKYOTECH_s05,75,236,82.86666666666666,0.45076823234558105,-0.04639473009918282
TOKYOTECH_s05,75,237,82.9,0.07662656158208847,-0.006699498836166938
TOKYOTECH_s05,75,238,82.93333333333334,-0.22182659804821014,0.06346144415600577
TOKYOTECH_s05,75,239,82.96666666666667,-0.22985848784446716,0.1501718262831646
TOKYOTECH_s05,76,0,76.0,-0.40883955359458923,0.04606313149091905
TOKYOTECH_s05,76,1,76.03333333333333,-0.583404004573822,-1.305793619645333
TOKYOTECH_s05,76,2,76.06666666666666,-0.6584513783454895,-2.4356982999028745
TOKYOTECH_s05,76,3,76.1,-0.7282272577285767,-3.178264727703816
TOKYOTECH_s05,76,4,76.13333333333334,-0.6226996779441833,-3.4654159667043034
TOKYOTECH_s05,76,5,76.16666666666667,-0.6428061127662659,-3.335831827107796
TOKYOTECH_s05,76,6,76.2,-0.7455911040306091,-2.908402278572694
TOKYOTECH_s05,76,7,76.23333333333333,-0.7526257038116455,-2.332489500276023
TOKYOTECH_s05,76,8,76.26666666666667,-0.20380382239818573,-1.738820540127226
TOKYOTECH_s05,76,9,76.3,0.9708640575408936,-1.2116202433383112
TOKYOTECH_s05,76,10,76.33333333333333,1.7208571434020996,-0.7875111672226844
TOKYOTECH_s05,76,11,76.36666666666666,1.6942859888076782,-0.47125389727361455
TOKYOTECH_s05,76,12,76.4,1.394728660583496,-0.25321513330258444
TOKYOTECH_s05,76,13,76.43333333333334,1.0435250997543335,-0.11883293418554802
TOKYOTECH_s05,76,14,76.46666666666667,0.7141375541687012,-0.04979926892498729
TOKYOTECH_s05,76,15,76.5,0.21692635118961334,-0.022886987839948393
TOKYOTECH_s05,76,16,76.53333333333333,0.06579865515232086,-0.011673427073554683
TOKYOTECH_s05,76,17,76.56666666666666,0.35224851965904236,0.00823638512418532
TOKYOTECH_s05,76,18,76.6,0.550445556640625,0.0534315119660332
TOKYOTECH_s05,76,19,76.63333333333334,0.44619131088256836,0.12960374144492837
TOKYOTECH_s05,76,20,76.66666666666667,0.23883149027824402,0.2321100977178055
TOKYOTECH_s05,76,21,76.7,-0.02328227460384369,0.3485655533052631
TOKYOTECH_s05,76,22,76.73333333333333,-0.421234667301178,0.4612325390466918
TOKYOTECH_s05,76,23,76.76666666666667,-0.6215064525604248,0.5491610398916267
TOKYOTECH_s05,76,24,76.8,-0.7244873642921448,0.5930176750680793
TOKYOTECH_s05,76,25,76.83333333333333,-0.8521961569786072,0.5843683096024199
TOKYOTECH_s05,76,26,76.86666666666666,-0.7962400913238525,0.5346985762257418
TOKYOTECH_s05,76,27,76.9,-0.79514479637146,0.4755162882582355
TOKYOTECH_s05,76,28,76.93333333333334,-0.8124462962150574,0.4460001632325946
TOKYOTECH_s05,76,29,76.96666666666667,-0.9290244579315186,0.47413619221396885
TOKYOTECH_s05,76,30,77.0,-0.9501904845237732,0.5624314625306734
TOKYOTECH_s05,76,31,77.03333333333333,-0.255165159702301,0.6863411328933184
TOKYOTECH_s05,76,32,77.06666666666666,1.1409494876861572,0.8048651292281173
TOKYOTECH_s05,76,33,77.1,1.8446656465530396,0.8757624397104983
TOKYOTECH_s05,76,34,77.13333333333334,1.7371879816055298,0.8679237199219538
TOKYOTECH_s05,76,35,77.16666666666667,1.437203288078308,0.7679889295566599
TOKYOTECH_s05,76,36,77.2,1.1763983964920044,0.5818814206672964
TOKYOTECH_s05,76,37,77.23333333333333,0.9949063062667847,0.3326579619383378
TOKYOTECH_s05,76,38,77.26666666666667,0.6209160089492798,0.05510675130542954
TOKYOTECH_s05,76,39,77.3,0.31787702441215515,-0.21270735975943908
TOKYOTECH_s05,76,40,77.33333333333333,0.3549465835094452,-0.4389935912493441
TOKYOTECH_s05,76,41,77.36666666666666,0.5698663592338562,-0.6049898536616518
TOKYOTECH_s05,76,42,77.4,0.6038727164268494,-0.7054573511825085
TOKYOTECH_s05,76,43,77.43333333333334,0.3075121343135834,-0.7427934055311428
TOKYOTECH_s05,76,44,77.46666666666667,0.014072232879698277,-0.7191232376336035
TOKYOTECH_s05,76,45,77.5,-0.26218193769454956,-0.632837119046791
TOKYOTECH_s05,76,46,77.53333333333333,-0.5102087259292603,-0.4833180892418595
TOKYOTECH_s05,76,47,77.56666666666666,-0.6830902099609375,-0.281183443817481
TOKYOTECH_s05,76,48,77.6,-0.6959038376808167,-0.055529949214893265
TOKYOTECH_s05,76,49,77.63333333333334,-0.813960075378418,0.1498105138107298
TOKYOTECH_s05,76,50,77.66666666666667,-0.8405757546424866,0.2908112669453738
TOKYOTECH_s05,76,51,77.7,-0.778235137462616,0.33990812298729634
TOKYOTECH_s05,76,52,77.73333333333333,-0.8130785226821899,0.295040698835382
TOKYOTECH_s05,76,53,77.76666666666667,-0.8943946957588196,0.1773151586405251
TOKYOTECH_s05,76,54,77.8,-0.9820063710212708,0.02103580552179407
TOKYOTECH_s05,76,55,77.83333333333333,-0.22927969694137573,-0.1366777938228949
TOKYOTECH_s05,76,56,77.86666666666666,1.1707974672317505,-0.2622244174770504
TOKYOTECH_s05,76,57,77.9,1.781808614730835,-0.3289733929326678
TOKYOTECH_s05,76,58,77.93333333333334,1.6899495124816895,-0.32203713543514945
TOKYOTECH_s05,76,59,77.96666666666667,1.4701143503189087,-0.24559714576938235
TOKYOTECH_s05,76,60,78.0,1.271445393562317,-0.12717967718056047
TOKYOTECH_s05,76,61,78.03333333333333,1.0025107860565186,-0.011411406806237284
TOKYOTECH_s05,76,62,78.06666666666666,0.5837395787239075,0.05639815155261262
TOKYOTECH_s05,76,63,78.1,0.4124431312084198,0.04760170902171276
TOKYOTECH_s05,76,64,78.13333333333334,0.42384985089302063,-0.040920435049965814
TOKYOTECH_s05,76,65,78.16666666666667,0.4584617614746094,-0.1887937850543675
TOKYOTECH_s05,76,66,78.2,0.51451575756073,-0.36063433339029993
TOKYOTECH_s05,76,67,78.23333333333333,0.36060094833374023,-0.5147894003653711
TOKYOTECH_s05,76,68,78.26666666666667,-0.006826701574027538,-0.6098713048150072
TOKYOTECH_s05,76,69,78.3,-0.29295599460601807,-0.6111043144762123
TOKYOTECH_s05,76,70,78.33333333333333,-0.5175638794898987,-0.4988436180295659
TOKYOTECH_s05,76,71,78.36666666666666,-0.6224859356880188,-0.27766829577855034
TOKYOTECH_s05,76,72,78.4,-0.7454842329025269,0.019983413376524022
TOKYOTECH_s05,76,73,78.43333333333334,-0.807896077632904,0.34122577465403164
TOKYOTECH_s05,76,74,78.46666666666667,-0.7792502045631409,0.6298695788083882
TOKYOTECH_s05,76,75,78.5,-0.7948509454727173,0.8446375435297457
TOKYOTECH_s05,76,76,78.53333333333333,-0.8276997804641724,0.9688644161681036
TOKYOTECH_s05,76,77,78.56666666666666,-0.9257297515869141,1.008129045230091
TOKYOTECH_s05,76,78,78.6,-1.0751299858093262,0.9804664761537449
TOKYOTECH_s05,76,79,78.63333333333334,-0.9194431900978088,0.9071077156640852
TOKYOTECH_s05,76,80,78.66666666666667,0.30325576663017273,0.8073158204136636
TOKYOTECH_s05,76,81,78.7,1.4356271028518677,0.6951591020812304
TOKYOTECH_s05,76,82,78.73333333333333,1.6785160303115845,0.5758155719236373
TOKYOTECH_s05,76,83,78.76666666666667,1.5061599016189575,0.442851987918856
TOKYOTECH_s05,76,84,78.8,1.1877784729003906,0.2804769041653049
TOKYOTECH_s05,76,85,78.83333333333333,0.8225679993629456,0.07253967521052312
TOKYOTECH_s05,76,86,78.86666666666666,0.49437370896339417,-0.1858946638342888
TOKYOTECH_s05,76,87,78.9,0.28539329767227173,-0.48183915946747974
TOKYOTECH_s05,76,88,78.93333333333334,0.27404892444610596,-0.7862729848660753
TOKYOTECH_s05,76,89,78.96666666666667,0.44133833050727844,-1.0619422560613272
TOKYOTECH_s05,76,90,79.0,0.5101080536842346,-1.2717045201945156
TOKYOTECH_s05,76,91,79.03333333333333,0.2652779519557953,-1.384242279865978
TOKYOTECH_s05,76,92,79.06666666666666,0.0684611052274704,-1.378082272846562
TOKYOTECH_s05,76,93,79.1,-0.1719968467950821,-1.2465704352907947
TOKYOTECH_s05,76,94,79.13333333333334,-0.45722678303718567,-1.0037155799763267
TOKYOTECH_s05,76,95,79.16666666666667,-0.5867520570755005,-0.6865016483650461
TOKYOTECH_s05,76,96,79.2,-0.7072303891181946,-0.34810281048905506
TOKYOTECH_s05,76,97,79.23333333333333,-0.7154937982559204,-0.04109606038184308
TOKYOTECH_s05,76,98,79.26666666666667,-0.73478102684021,0.2018330144719957
TOKYOTECH_s05,76,99,79.3,-0.7940495610237122,0.37772033155043294
TOKYOTECH_s05,76,100,79.33333333333333,-0.9401283860206604,0.5067836590826247
TOKYOTECH_s05,76,101,79.36666666666666,-0.9560586214065552,0.6137911766092448
TOKYOTECH_s05,76,102,79.4,-0.8588300347328186,0.7104256614411278
TOKYOTECH_s05,76,103,79.43333333333334,0.0528692752122879,0.7905970787848605
TOKYOTECH_s05,76,104,79.46666666666667,1.2081431150436401,0.8393406839402023
TOKYOTECH_s05,76,105,79.5,1.5258923768997192,0.8451447242279266
TOKYOTECH_s05,76,106,79.53333333333333,1.2837247848510742,0.805324329788914
TOKYOTECH_s05,76,107,79.56666666666666,1.021156907081604,0.7224771666932001
TOKYOTECH_s05,76,108,79.6,0.7341816425323486,0.598551123537579
TOKYOTECH_s05,76,109,79.63333333333334,0.33903416991233826,0.4343009082821208
TOKYOTECH_s05,76,110,79.66666666666667,0.0753888338804245,0.2349829466202407
TOKYOTECH_s05,76,111,79.7,0.11052610725164413,0.0160429105298305
TOKYOTECH_s05,76,112,79.73333333333333,0.25728169083595276,-0.19717766941149814
TOKYOTECH_s05,76,113,79.76666666666667,0.3089190721511841,-0.37612024081724615
TOKYOTECH_s05,76,114,79.8,0.2340230494737625,-0.4977636887890952
TOKYOTECH_s05,76,115,79.83333333333333,-0.015971655026078224,-0.5504029465088491
TOKYOTECH_s05,76,116,79.86666666666666,-0.3678430914878845,-0.5342903093506057
TOKYOTECH_s05,76,117,79.9,-0.5175905823707581,-0.45867803487088316
TOKYOTECH_s05,76,118,79.93333333333334,-0.6649338603019714,-0.33837519932847715
TOKYOTECH_s05,76,119,79.96666666666667,-0.799009382724762,-0.19166365652976602
TOKYOTECH_s05,76,120,80.0,-0.8558915257453918,-0.03883886371591927
TOKYOTECH_s05,76,121,80.03333333333333,-0.8664345145225525,0.10032413741389044
TOKYOTECH_s05,76,122,80.06666666666666,-0.8485453128814697,0.20998374216626917
TOKYOTECH_s05,76,123,80.1,-0.854475736618042,0.28035102507448595
TOKYOTECH_s05,76,124,80.13333333333334,-0.9638411402702332,0.30716889147978915
TOKYOTECH_s05,76,125,80.16666666666667,-1.0637233257293701,0.2898534875700693
TOKYOTECH_s05,76,126,80.2,-0.676135778427124,0.23116464271660647
TOKYOTECH_s05,76,127,80.23333333333333,0.6602829694747925,0.139687665070581
TOKYOTECH_s05,76,128,80.26666666666667,1.59063720703125,0.03240929501583458
TOKYOTECH_s05,76,129,80.3,1.6355516910552979,-0.06740128916038139
TOKYOTECH_s05,76,130,80.33333333333333,1.439295768737793,-0.1387392553414415
TOKYOTECH_s05,76,131,80.36666666666666,1.203049659729004,-0.17368452366634396
TOKYOTECH_s05,76,132,80.4,0.9225124716758728,-0.18271329341982662
TOKYOTECH_s05,76,133,80.43333333333334,0.5952086448669434,-0.1893421922887785
TOKYOTECH_s05,76,134,80.46666666666667,0.4192996323108673,-0.21701245021924062
TOKYOTECH_s05,76,135,80.5,0.39176681637763977,-0.27717333037877534
TOKYOTECH_s05,76,136,80.53333333333333,0.4222381114959717,-0.3655110493607833
TOKYOTECH_s05,76,137,80.56666666666666,0.49282434582710266,-0.4660732855122703
TOKYOTECH_s05,76,138,80.6,0.37581878900527954,-0.5575461299503213
TOKYOTECH_s05,76,139,80.63333333333334,0.059645622968673706,-0.6165559931842447
TOKYOTECH_s05,76,140,80.66666666666667,-0.2786998450756073,-0.6187152247694454
TOKYOTECH_s05,76,141,80.7,-0.45086002349853516,-0.5423863570995129
TOKYOTECH_s05,76,142,80.73333333333333,-0.5838403105735779,-0.3774902160284679
TOKYOTECH_s05,76,143,80.76666666666667,-0.7451726198196411,-0.13513224607544372
TOKYOTECH_s05,76,144,80.8,-0.738405168056488,0.1499709655952451
TOKYOTECH_s05,76,145,80.83333333333333,-0.7418690323829651,0.4291938100776094
TOKYOTECH_s05,76,146,80.86666666666666,-0.775572657585144,0.6580322212757643
TOKYOTECH_s05,76,147,80.9,-0.9026670455932617,0.8116295506341481
TOKYOTECH_s05,76,148,80.93333333333334,-1.003493070602417,0.8882525595068907
TOKYOTECH_s05,76,149,80.96666666666667,-0.9983550906181335,0.9000727453455504
TOKYOTECH_s05,76,150,81.0,-1.027125597000122,0.8604524186758711
TOKYOTECH_s05,76,151,81.03333333333333,-0.1346779614686966,0.7787973907067304
TOKYOTECH_s05,76,152,81.06666666666666,1.1881524324417114,0.6651276009812346
TOKYOTECH_s05,76,153,81.1,1.5922222137451172,0.5361795067166045
TOKYOTECH_s05,76,154,81.13333333333334,1.4172303676605225,0.41355639820490214
TOKYOTECH_s05,76,155,81.16666666666667,1.212541937828064,0.3123198112987081
TOKYOTECH_s05,76,156,81.2,1.0014244318008423,0.2282348322954815
TOKYOTECH_s05,76,157,81.23333333333333,0.6823750734329224,0.13492921282960824
TOKYOTECH_s05,76,158,81.26666666666667,0.32294368743896484,-0.004785924012222203
TOKYOTECH_s05,76,159,81.3,0.18214525282382965,-0.21934676311930787
TOKYOTECH_s05,76,160,81.33333333333333,0.3446618318557739,-0.5111301682658037
TOKYOTECH_s05,76,161,81.36666666666666,0.44534537196159363,-0.8494543469817164
TOKYOTECH_s05,76,162,81.4,0.29955148696899414,-1.1759118224718228
TOKYOTECH_s05,76,163,81.43333333333334,0.02078624814748764,-1.4189396156556495
TOKYOTECH_s05,76,164,81.46666666666667,-0.19225464761257172,-1.5128354732125293
TOKYOTECH_s05,76,165,81.5,-0.3670327961444855,-1.4168245083473976
TOKYOTECH_s05,76,166,81.53333333333333,-0.5451590418815613,-1.1298145700120912
TOKYOTECH_s05,76,167,81.56666666666666,-0.7567306756973267,-0.6956676142557942
TOKYOTECH_s05,76,168,81.6,-0.802571177482605,-0.19406412039059934
TOKYOTECH_s05,76,169,81.63333333333334,-0.7626610994338989,0.2831399575418896
TOKYOTECH_s05,76,170,81.66666666666667,-0.8176910877227783,0.6610849872740644
TOKYOTECH_s05,76,171,81.7,-0.9158101081848145,0.9023352028795661
TOKYOTECH_s05,76,172,81.73333333333333,-0.9235926866531372,1.0092345661161184
TOKYOTECH_s05,76,173,81.76666666666667,-0.9953542947769165,1.0100116852181744
TOKYOTECH_s05,76,174,81.8,-1.1948336362838745,0.9392483445013446
TOKYOTECH_s05,76,175,81.83333333333333,-1.2913676500320435,0.824373047616104
TOKYOTECH_s05,76,176,81.86666666666666,-0.7484227418899536,0.6831978988446881
TOKYOTECH_s05,76,177,81.9,0.545343279838562,0.5289330308435521
TOKYOTECH_s05,76,178,81.93333333333334,1.4390909671783447,0.3750406984176247
TOKYOTECH_s05,76,179,81.96666666666667,1.39524507522583,0.23475203500090194
TOKYOTECH_s05,76,180,82.0,1.020871877670288,0.1163521306203244
TOKYOTECH_s05,76,181,82.03333333333333,0.7033452391624451,0.019502880113438485
TOKYOTECH_s05,76,182,82.06666666666666,0.41787490248680115,-0.06381565598029522
TOKYOTECH_s05,76,183,82.1,0.11731136590242386,-0.14474194190104767
TOKYOTECH_s05,76,184,82.13333333333334,-0.00862541701644659,-0.23280015815505747
TOKYOTECH_s05,76,185,82.16666666666667,0.14471060037612915,-0.3331513289060434
TOKYOTECH_s05,76,186,82.2,0.3272534906864166,-0.44484864351742326
TOKYOTECH_s05,76,187,82.23333333333333,0.3293549418449402,-0.5583216931305023
TOKYOTECH_s05,76,188,82.26666666666667,0.10549505054950714,-0.6535172666189941
TOKYOTECH_s05,76,189,82.3,-0.1944095492362976,-0.7028003684140877
TOKYOTECH_s05,76,190,82.33333333333333,-0.5035392642021179,-0.6803995660807235
TOKYOTECH_s05,76,191,82.36666666666666,-0.6707128882408142,-0.5747271631055325
TOKYOTECH_s05,76,192,82.4,-0.6949421167373657,-0.39624648173934884
TOKYOTECH_s05,76,193,82.43333333333334,-0.7762405276298523,-0.17513426411458424
TOKYOTECH_s05,76,194,82.46666666666667,-0.8687318563461304,0.05051255798022733
TOKYOTECH_s05,76,195,82.5,-0.8454732298851013,0.24864830752346154
TOKYOTECH_s05,76,196,82.53333333333333,-0.7892856597900391,0.4008935597437065
TOKYOTECH_s05,76,197,82.56666666666666,-0.9055253863334656,0.500566297101534
TOKYOTECH_s05,76,198,82.6,-1.0141962766647339,0.5460818451854133
TOKYOTECH_s05,76,199,82.63333333333334,-1.021685004234314,0.5379953077116683
TOKYOTECH_s05,76,200,82.66666666666667,-1.0890121459960938,0.4825512608358455
TOKYOTECH_s05,76,201,82.7,-0.44805511832237244,0.39683155809058496
TOKYOTECH_s05,76,202,82.73333333333333,0.8679989576339722,0.3085247784958269
TOKYOTECH_s05,76,203,82.76666666666667,1.4384765625,0.24758026406091466
TOKYOTECH_s05,76,204,82.8,1.211526870727539,0.23327218354265847
TOKYOTECH_s05,76,205,82.83333333333333,0.8101462125778198,0.2638136188976792
TOKYOTECH_s05,76,206,82.86666666666666,0.45076823234558105,0.31431385247584015
TOKYOTECH_s05,76,207,82.9,0.07662656158208847,0.34439324517485576
TOKYOTECH_s05,76,208,82.93333333333334,-0.22182659804821014,0.3124701880661501
TOKYOTECH_s05,76,209,82.96666666666667,-0.22985848784446716,0.1913087266373442
TOKYOTECH_s05,76,210,83.0,-0.021225327625870705,-0.020808652921751998
TOKYOTECH_s05,76,211,83.03333333333333,0.1038922369480133,-0.29721554636123976
TOKYOTECH_s05,76,212,83.06666666666666,0.022522632032632828,-0.5893291226415568
TOKYOTECH_s05,76,213,83.1,-0.1590941846370697,-0.8403725441414756
TOKYOTECH_s05,76,214,83.13333333333334,-0.37312349677085876,-1.0018923576884586
TOKYOTECH_s05,76,215,83.16666666666667,-0.6436965465545654,-1.0474814605591956
TOKYOTECH_s05,76,216,83.2,-0.9164512157440186,-0.9786730342502845
TOKYOTECH_s05,76,217,83.23333333333333,-1.0559852123260498,-0.8207328559485774
TOKYOTECH_s05,76,218,83.26666666666667,-1.0423612594604492,-0.610560075627969
TOKYOTECH_s05,76,219,83.3,-1.0185773372650146,-0.38279565439740515
TOKYOTECH_s05,76,220,83.33333333333333,-1.0570448637008667,-0.16095074412570512
TOKYOTECH_s05,76,221,83.36666666666666,-0.9523454308509827,0.043173531480008104
TOKYOTECH_s05,76,222,83.4,-0.8947330713272095,0.22441054796723203
TOKYOTECH_s05,76,223,83.43333333333334,-1.0565462112426758,0.37919355534344434
TOKYOTECH_s05,76,224,83.46666666666667,-1.1892058849334717,0.5036002656591575
TOKYOTECH_s05,76,225,83.5,-0.8124819397926331,0.5933310205753166
TOKYOTECH_s05,76,226,83.53333333333333,0.5449603796005249,0.6437175306704463
TOKYOTECH_s05,76,227,83.56666666666666,1.5993369817733765,0.6496990969843757
TOKYOTECH_s05,76,228,83.6,1.6722294092178345,0.6069377809247328
TOKYOTECH_s05,76,229,83.63333333333334,1.3175619840621948,0.514687470763112
TOKYOTECH_s05,76,230,83.66666666666667,0.94785475730896,0.3793486995334499
TOKYOTECH_s05,76,231,83.7,0.6350474953651428,0.21638820629424663
TOKYOTECH_s05,76,232,83.73333333333333,0.31779688596725464,0.04871355739633151
TOKYOTECH_s05,76,233,83.76666666666667,0.006797230802476406,-0.09851350608769699
TOKYOTECH_s05,76,234,83.8,-0.06535618007183075,-0.20448532330093525
TOKYOTECH_s05,76,235,83.83333333333333,0.12298355251550674,-0.2577088807512868
TOKYOTECH_s05,76,236,83.86666666666666,0.21879629790782928,-0.2572799550095565
TOKYOTECH_s05,76,237,83.9,0.10694649070501328,-0.21063992698629014
TOKYOTECH_s05,76,238,83.93333333333334,-0.12401923537254333,-0.12983920339448424
TOKYOTECH_s05,76,239,83.96666666666667,-0.37368446588516235,-0.028589551111505834
TOKYOTECH_s05,77,0,77.0,-0.9501904845237732,-0.13731809058536565
TOKYOTECH_s05,77,1,77.03333333333333,-0.255165159702301,-1.5114062357156461
TOKYOTECH_s05,77,2,77.06666666666666,1.1409494876861572,-2.646782273207557
TOKYOTECH_s05,77,3,77.1,1.8446656465530396,-3.3735165957811115
TOKYOTECH_s05,77,4,77.13333333333334,1.7371879816055298,-3.6308653161703957
TOKYOTECH_s05,77,5,77.16666666666667,1.437203288078308,-3.47566334850414
TOKYOTECH_s05,77,6,77.2,1.1763983964920044,-3.0495478272719354
TOKYOTECH_s05,77,7,77.23333333333333,0.9949063062667847,-2.520318070125487
TOKYOTECH_s05,77,8,77.26666666666667,0.6209160089492798,-2.02454562357338
TOKYOTECH_s05,77,9,77.3,0.31787702441215515,-1.6347372626717165
TOKYOTECH_s05,77,10,77.33333333333333,0.3549465835094452,-1.3580795221724247
TOKYOTECH_s05,77,11,77.36666666666666,0.5698663592338562,-1.1571133766196935
TOKYOTECH_s05,77,12,77.4,0.6038727164268494,-0.9764348529263218
TOKYOTECH_s05,77,13,77.43333333333334,0.3075121343135834,-0.763901462013211
TOKYOTECH_s05,77,14,77.46666666666667,0.014072232879698277,-0.4833782869135053
TOKYOTECH_s05,77,15,77.5,-0.26218193769454956,-0.12195601101530286
TOKYOTECH_s05,77,16,77.53333333333333,-0.5102087259292603,0.3055795692202477
TOKYOTECH_s05,77,17,77.56666666666666,-0.6830902099609375,0.7561910795317441
TOKYOTECH_s05,77,18,77.6,-0.6959038376808167,1.1658861179984308
TOKYOTECH_s05,77,19,77.63333333333334,-0.813960075378418,1.466740718853384
TOKYOTECH_s05,77,20,77.66666666666667,-0.8405757546424866,1.6090362837101855
TOKYOTECH_s05,77,21,77.7,-0.778235137462616,1.578653995694327
TOKYOTECH_s05,77,22,77.73333333333333,-0.8130785226821899,1.4011390904984957
TOKYOTECH_s05,77,23,77.76666666666667,-0.8943946957588196,1.1309064913251932
TOKYOTECH_s05,77,24,77.8,-0.9820063710212708,0.8320556013488449
TOKYOTECH_s05,77,25,77.83333333333333,-0.22927969694137573,0.5606142629302748
TOKYOTECH_s05,77,26,77.86666666666666,1.1707974672317505,0.35448183099522634
TOKYOTECH_s05,77,27,77.9,1.781808614730835,0.23075145183035878
TOKYOTECH_s05,77,28,77.93333333333334,1.6899495124816895,0.18622183843113588
TOKYOTECH_s05,77,29,77.96666666666667,1.4701143503189087,0.19853164803482254
TOKYOTECH_s05,77,30,78.0,1.271445393562317,0.23027426573500112
TOKYOTECH_s05,77,31,78.03333333333333,1.0025107860565186,0.23959597554025092
TOKYOTECH_s05,77,32,78.06666666666666,0.5837395787239075,0.1948335564277149
TOKYOTECH_s05,77,33,78.1,0.4124431312084198,0.08522536953698061
TOKYOTECH_s05,77,34,78.13333333333334,0.42384985089302063,-0.07785608683765871
TOKYOTECH_s05,77,35,78.16666666666667,0.4584617614746094,-0.2677375067616516
TOKYOTECH_s05,77,36,78.2,0.51451575756073,-0.45165518826126594
TOKYOTECH_s05,77,37,78.23333333333333,0.36060094833374023,-0.5975702526527289
TOKYOTECH_s05,77,38,78.26666666666667,-0.006826701574027538,-0.6780214523365132
TOKYOTECH_s05,77,39,78.3,-0.29295599460601807,-0.6737323943955369
TOKYOTECH_s05,77,40,78.33333333333333,-0.5175638794898987,-0.5789386339412028
TOKYOTECH_s05,77,41,78.36666666666666,-0.6224859356880188,-0.4065043593618488
TOKYOTECH_s05,77,42,78.4,-0.7454842329025269,-0.1876359535732805
TOKYOTECH_s05,77,43,78.43333333333334,-0.807896077632904,0.03728317209713049
TOKYOTECH_s05,77,44,78.46666666666667,-0.7792502045631409,0.23325919271037757
TOKYOTECH_s05,77,45,78.5,-0.7948509454727173,0.38185091423054046
TOKYOTECH_s05,77,46,78.53333333333333,-0.8276997804641724,0.4824508383344674
TOKYOTECH_s05,77,47,78.56666666666666,-0.9257297515869141,0.5446917278119286
TOKYOTECH_s05,77,48,78.6,-1.0751299858093262,0.5789853871790236
TOKYOTECH_s05,77,49,78.63333333333334,-0.9194431900978088,0.5919279194404752
TOKYOTECH_s05,77,50,78.66666666666667,0.30325576663017273,0.5870893480190361
TOKYOTECH_s05,77,51,78.7,1.4356271028518677,0.5662050636116274
TOKYOTECH_s05,77,52,78.73333333333333,1.6785160303115845,0.5267967580778676
TOKYOTECH_s05,77,53,78.76666666666667,1.5061599016189575,0.4578918275812259
TOKYOTECH_s05,77,54,78.8,1.1877784729003906,0.33983690143943496
TOKYOTECH_s05,77,55,78.83333333333333,0.8225679993629456,0.1524703294104118
TOKYOTECH_s05,77,56,78.86666666666666,0.49437370896339417,-0.11145573959360325
TOKYOTECH_s05,77,57,78.9,0.28539329767227173,-0.4362888249903157
TOKYOTECH_s05,77,58,78.93333333333334,0.27404892444610596,-0.7833316330410555
TOKYOTECH_s05,77,59,78.96666666666667,0.44133833050727844,-1.1000225301570974
TOKYOTECH_s05,77,60,79.0,0.5101080536842346,-1.3330034338489107
TOKYOTECH_s05,77,61,79.03333333333333,0.2652779519557953,-1.4396655736364514
TOKYOTECH_s05,77,62,79.06666666666666,0.0684611052274704,-1.3963909159761858
TOKYOTECH_s05,77,63,79.1,-0.1719968467950821,-1.2044394876642026
TOKYOTECH_s05,77,64,79.13333333333334,-0.45722678303718567,-0.8931824338959563
TOKYOTECH_s05,77,65,79.16666666666667,-0.5867520570755005,-0.5173533291752491
TOKYOTECH_s05,77,66,79.2,-0.7072303891181946,-0.1446123140564367
TOKYOTECH_s05,77,67,79.23333333333333,-0.7154937982559204,0.1654342421934102
TOKYOTECH_s05,77,68,79.26666666666667,-0.73478102684021,0.3816964718894864
TOKYOTECH_s05,77,69,79.3,-0.7940495610237122,0.509306969575038
TOKYOTECH_s05,77,70,79.33333333333333,-0.9401283860206604,0.5791208008086385
TOKYOTECH_s05,77,71,79.36666666666666,-0.9560586214065552,0.6255457525884737
TOKYOTECH_s05,77,72,79.4,-0.8588300347328186,0.6671597823931856
TOKYOTECH_s05,77,73,79.43333333333334,0.0528692752122879,0.7020070059551421
TOKYOTECH_s05,77,74,79.46666666666667,1.2081431150436401,0.7175214029993611
TOKYOTECH_s05,77,75,79.5,1.5258923768997192,0.7041978813051334
TOKYOTECH_s05,77,76,79.53333333333333,1.2837247848510742,0.6618386896137679
TOKYOTECH_s05,77,77,79.56666666666666,1.021156907081604,0.5958180568879405
TOKYOTECH_s05,77,78,79.6,0.7341816425323486,0.5100212286212041
TOKYOTECH_s05,77,79,79.63333333333334,0.33903416991233826,0.4048922981760632
TOKYOTECH_s05,77,80,79.66666666666667,0.0753888338804245,0.2818928071989443
TOKYOTECH_s05,77,81,79.7,0.11052610725164413,0.14831453927140442
TOKYOTECH_s05,77,82,79.73333333333333,0.25728169083595276,0.016986806046694256
TOKYOTECH_s05,77,83,79.76666666666667,0.3089190721511841,-0.09871803479692394
TOKYOTECH_s05,77,84,79.8,0.2340230494737625,-0.18999687824175998
TOKYOTECH_s05,77,85,79.83333333333333,-0.015971655026078224,-0.25367488027444457
TOKYOTECH_s05,77,86,79.86666666666666,-0.3678430914878845,-0.2889491445050084
TOKYOTECH_s05,77,87,79.9,-0.5175905823707581,-0.29352001019648727
TOKYOTECH_s05,77,88,79.93333333333334,-0.6649338603019714,-0.26351802083202613
TOKYOTECH_s05,77,89,79.96666666666667,-0.799009382724762,-0.19828367148794346
TOKYOTECH_s05,77,90,80.0,-0.8558915257453918,-0.10606062216066489
TOKYOTECH_s05,77,91,80.03333333333333,-0.8664345145225525,-0.005064118872165497
TOKYOTECH_s05,77,92,80.06666666666666,-0.8485453128814697,0.08151632016351835
TOKYOTECH_s05,77,93,80.1,-0.854475736618042,0.13296213552241226
TOKYOTECH_s05,77,94,80.13333333333334,-0.9638411402702332,0.13659230163071837
TOKYOTECH_s05,77,95,80.16666666666667,-1.0637233257293701,0.0899963907813919
TOKYOTECH_s05,77,96,80.2,-0.676135778427124,0.0011882796025445798
TOKYOTECH_s05,77,97,80.23333333333333,0.6602829694747925,-0.1119415280184145
TOKYOTECH_s05,77,98,80.26666666666667,1.59063720703125,-0.22369553113342283
TOKYOTECH_s05,77,99,80.3,1.6355516910552979,-0.3063417327909203
TOKYOTECH_s05,77,100,80.33333333333333,1.439295768737793,-0.3397456641626661
TOKYOTECH_s05,77,101,80.36666666666666,1.203049659729004,-0.32095317491168573
TOKYOTECH_s05,77,102,80.4,0.9225124716758728,-0.267358422274629
TOKYOTECH_s05,77,103,80.43333333333334,0.5952086448669434,-0.20960262734124366
TOKYOTECH_s05,77,104,80.46666666666667,0.4192996323108673,-0.17739352148488052
TOKYOTECH_s05,77,105,80.5,0.39176681637763977,-0.1867505464843513
TOKYOTECH_s05,77,106,80.53333333333333,0.4222381114959717,-0.23547831705721758
TOKYOTECH_s05,77,107,80.56666666666666,0.49282434582710266,-0.30711504168251874
TOKYOTECH_s05,77,108,80.6,0.37581878900527954,-0.37809785318857275
TOKYOTECH_s05,77,109,80.63333333333334,0.059645622968673706,-0.42291405219140576
TOKYOTECH_s05,77,110,80.66666666666667,-0.2786998450756073,-0.41723683416669044
TOKYOTECH_s05,77,111,80.7,-0.45086002349853516,-0.34290696072959237
TOKYOTECH_s05,77,112,80.73333333333333,-0.5838403105735779,-0.19596714714817642
TOKYOTECH_s05,77,113,80.76666666666667,-0.7451726198196411,0.006903028488680728
TOKYOTECH_s05,77,114,80.8,-0.738405168056488,0.23058562696889148
TOKYOTECH_s05,77,115,80.83333333333333,-0.7418690323829651,0.4347924578514336
TOKYOTECH_s05,77,116,80.86666666666666,-0.775572657585144,0.5916373464007657
TOKYOTECH_s05,77,117,80.9,-0.9026670455932617,0.6955284393622251
TOKYOTECH_s05,77,118,80.93333333333334,-1.003493070602417,0.75834367838668
TOKYOTECH_s05,77,119,80.96666666666667,-0.9983550906181335,0.7939615594208649
TOKYOTECH_s05,77,120,81.0,-1.027125597000122,0.8044937790704099
TOKYOTECH_s05,77,121,81.03333333333333,-0.1346779614686966,0.7791917670562127
TOKYOTECH_s05,77,122,81.06666666666666,1.1881524324417114,0.7061774539579977
TOKYOTECH_s05,77,123,81.1,1.5922222137451172,0.5862639601824386
TOKYOTECH_s05,77,124,81.13333333333334,1.4172303676605225,0.4366878933240098
TOKYOTECH_s05,77,125,81.16666666666667,1.212541937828064,0.2810767169466848
TOKYOTECH_s05,77,126,81.2,1.0014244318008423,0.13355217397449629
TOKYOTECH_s05,77,127,81.23333333333333,0.6823750734329224,-0.01026745957601306
TOKYOTECH_s05,77,128,81.26666666666667,0.32294368743896484,-0.16888832189742856
TOKYOTECH_s05,77,129,81.3,0.18214525282382965,-0.36104068874777334
TOKYOTECH_s05,77,130,81.33333333333333,0.3446618318557739,-0.5911784133191167
TOKYOTECH_s05,77,131,81.36666666666666,0.44534537196159363,-0.8416000667769058
TOKYOTECH_s05,77,132,81.4,0.29955148696899414,-1.0735808512708953
TOKYOTECH_s05,77,133,81.43333333333334,0.02078624814748764,-1.2360207686188218
TOKYOTECH_s05,77,134,81.46666666666667,-0.19225464761257172,-1.2790926968319014
TOKYOTECH_s05,77,135,81.5,-0.3670327961444855,-1.1703959019236303
TOKYOTECH_s05,77,136,81.53333333333333,-0.5451590418815613,-0.9097662650576988
TOKYOTECH_s05,77,137,81.56666666666666,-0.7567306756973267,-0.536469515186233
TOKYOTECH_s05,77,138,81.6,-0.802571177482605,-0.12196875173227928
TOKYOTECH_s05,77,139,81.63333333333334,-0.7626610994338989,0.2529585030607313
TOKYOTECH_s05,77,140,81.66666666666667,-0.8176910877227783,0.5270769328845963
TOKYOTECH_s05,77,141,81.7,-0.9158101081848145,0.6777523380687043
TOKYOTECH_s05,77,142,81.73333333333333,-0.9235926866531372,0.7207274347134657
TOKYOTECH_s05,77,143,81.76666666666667,-0.9953542947769165,0.6937549373993821
TOKYOTECH_s05,77,144,81.8,-1.1948336362838745,0.6356364764060877
TOKYOTECH_s05,77,145,81.83333333333333,-1.2913676500320435,0.5721262015358244
TOKYOTECH_s05,77,146,81.86666666666666,-0.7484227418899536,0.5133997714816876
TOKYOTECH_s05,77,147,81.9,0.545343279838562,0.4598235260334815
TOKYOTECH_s05,77,148,81.93333333333334,1.4390909671783447,0.4089121773533296
TOKYOTECH_s05,77,149,81.96666666666667,1.39524507522583,0.3582838759947992
TOKYOTECH_s05,77,150,82.0,1.020871877670288,0.30476737897085293
TOKYOTECH_s05,77,151,82.03333333333333,0.7033452391624451,0.24343647854764677
TOKYOTECH_s05,77,152,82.06666666666666,0.41787490248680115,0.16902756590459972
TOKYOTECH_s05,77,153,82.1,0.11731136590242386,0.07855699698432728
TOKYOTECH_s05,77,154,82.13333333333334,-0.00862541701644659,-0.027603451362756614
TOKYOTECH_s05,77,155,82.16666666666667,0.14471060037612915,-0.14697852468314307
TOKYOTECH_s05,77,156,82.2,0.3272534906864166,-0.27591435235248674
TOKYOTECH_s05,77,157,82.23333333333333,0.3293549418449402,-0.4071296254804982
TOKYOTECH_s05,77,158,82.26666666666667,0.10549505054950714,-0.5252779755137081
TOKYOTECH_s05,77,159,82.3,-0.1944095492362976,-0.6060602062488835
TOKYOTECH_s05,77,160,82.33333333333333,-0.5035392642021179,-0.6229306942810893
TOKYOTECH_s05,77,161,82.36666666666666,-0.6707128882408142,-0.5594456506606003
TOKYOTECH_s05,77,162,82.4,-0.6949421167373657,-0.41985613357946416
TOKYOTECH_s05,77,163,82.43333333333334,-0.7762405276298523,-0.23041934359648264
TOKYOTECH_s05,77,164,82.46666666666667,-0.8687318563461304,-0.03000647203408593
TOKYOTECH_s05,77,165,82.5,-0.8454732298851013,0.14410046785621297
TOKYOTECH_s05,77,166,82.53333333333333,-0.7892856597900391,0.2667877533133215
TOKYOTECH_s05,77,167,82.56666666666666,-0.9055253863334656,0.32743283116186106
TOKYOTECH_s05,77,168,82.6,-1.0141962766647339,0.3263423339336448
TOKYOTECH_s05,77,169,82.63333333333334,-1.021685004234314,0.27151308432156834
TOKYOTECH_s05,77,170,82.66666666666667,-1.0890121459960938,0.17896418645940235
TOKYOTECH_s05,77,171,82.7,-0.44805511832237244,0.07408687880830533
TOKYOTECH_s05,77,172,82.73333333333333,0.8679989576339722,-0.011075965036799288
TOKYOTECH_s05,77,173,82.76666666666667,1.4384765625,-0.04697918820993665
TOKYOTECH_s05,77,174,82.8,1.211526870727539,-0.018813643909012103
TOKYOTECH_s05,77,175,82.83333333333333,0.8101462125778198,0.06511398605268254
TOKYOTECH_s05,77,176,82.86666666666666,0.45076823234558105,0.17398744519252077
TOKYOTECH_s05,77,177,82.9,0.07662656158208847,0.26414660220992625
TOKYOTECH_s05,77,178,82.93333333333334,-0.22182659804821014,0.29372829456790234
TOKYOTECH_s05,77,179,82.96666666666667,-0.22985848784446716,0.23674410011220606
TOKYOTECH_s05,77,180,83.0,-0.021225327625870705,0.09204255736967973
TOKYOTECH_s05,77,181,83.03333333333333,0.1038922369480133,-0.11525499354031449
TOKYOTECH_s05,77,182,83.06666666666666,0.022522632032632828,-0.34012749712524304
TOKYOTECH_s05,77,183,83.1,-0.1590941846370697,-0.5301272782960911
TOKYOTECH_s05,77,184,83.13333333333334,-0.37312349677085876,-0.6403028036346309
TOKYOTECH_s05,77,185,83.16666666666667,-0.6436965465545654,-0.6456668408787826
TOKYOTECH_s05,77,186,83.2,-0.9164512157440186,-0.5466920305694707
TOKYOTECH_s05,77,187,83.23333333333333,-1.0559852123260498,-0.36594475755126354
TOKYOTECH_s05,77,188,83.26666666666667,-1.0423612594604492,-0.13811317546781748
TOKYOTECH_s05,77,189,83.3,-1.0185773372650146,0.10123692440325598
TOKYOTECH_s05,77,190,83.33333333333333,-1.0570448637008667,0.32309093440252407
TOKYOTECH_s05,77,191,83.36666666666666,-0.9523454308509827,0.5068824333235127
TOKYOTECH_s05,77,192,83.4,-0.8947330713272095,0.6392369731880765
TOKYOTECH_s05,77,193,83.43333333333334,-1.0565462112426758,0.7132342853417063
TOKYOTECH_s05,77,194,83.46666666666667,-1.1892058849334717,0.7291438361755448
TOKYOTECH_s05,77,195,83.5,-0.8124819397926331,0.6944860539190788
TOKYOTECH_s05,77,196,83.53333333333333,0.5449603796005249,0.6214653771775007
TOKYOTECH_s05,77,197,83.56666666666666,1.5993369817733765,0.5222919947439989
TOKYOTECH_s05,77,198,83.6,1.6722294092178345,0.4047160378326258
TOKYOTECH_s05,77,199,83.63333333333334,1.3175619840621948,0.2699355550897128
TOKYOTECH_s05,77,200,83.66666666666667,0.94785475730896,0.11339840629089828
TOKYOTECH_s05,77,201,83.7,0.6350474953651428,-0.07239223076916972
TOKYOTECH_s05,77,202,83.73333333333333,0.31779688596725464,-0.2939450768363018
TOKYOTECH_s05,77,203,83.76666666666667,0.006797230802476406,-0.5519633519740859
TOKYOTECH_s05,77,204,83.8,-0.06535618007183075,-0.8360131120138626
TOKYOTECH_s05,77,205,83.83333333333333,0.12298355251550674,-1.1202353266176253
TOKYOTECH_s05,77,206,83.86666666666666,0.21879629790782928,-1.3629979102107486
TOKYOTECH_s05,77,207,83.9,0.10694649070501328,-1.5131636118490606
TOKYOTECH_s05,77,208,83.93333333333334,-0.12401923537254333,-1.522957243210654
TOKYOTECH_s05,77,209,83.96666666666667,-0.37368446588516235,-1.3634799374809263
TOKYOTECH_s05,77,210,84.0,-0.615469217300415,-1.0362521501029718
TOKYOTECH_s05,77,211,84.03333333333333,-0.8434162735939026,-0.5751556855258804
TOKYOTECH_s05,77,212,84.06666666666666,-0.9790768027305603,-0.037973897252558175
TOKYOTECH_s05,77,213,84.1,-1.0179094076156616,0.5079286134346023
TOKYOTECH_s05,77,214,84.13333333333334,-0.9379467964172363,0.9992192794633737
TOKYOTECH_s05,77,215,84.16666666666667,-0.9065583348274231,1.385337728664263
TOKYOTECH_s05,77,216,84.2,-0.9417490363121033,1.6328945681123048
TOKYOTECH_s05,77,217,84.23333333333333,-1.0471162796020508,1.7285866996870711
TOKYOTECH_s05,77,218,84.26666666666667,-1.0998756885528564,1.6810953380669635
TOKYOTECH_s05,77,219,84.3,-1.1415399312973022,1.5191707714367806
TOKYOTECH_s05,77,220,84.33333333333333,-0.8119921684265137,1.283619087709233
TOKYOTECH_s05,77,221,84.36666666666666,0.5461090207099915,1.0149013656359909
TOKYOTECH_s05,77,222,84.4,1.6991033554077148,0.741992058817716
TOKYOTECH_s05,77,223,84.43333333333334,1.8072221279144287,0.4782591581001563
TOKYOTECH_s05,77,224,84.46666666666667,1.4761784076690674,0.22552571039162955
TOKYOTECH_s05,77,225,84.5,1.0080493688583374,-0.017900768244343633
TOKYOTECH_s05,77,226,84.53333333333333,0.6336138844490051,-0.2510395770510245
TOKYOTECH_s05,77,227,84.56666666666666,0.3234245479106903,-0.46884758755684364
TOKYOTECH_s05,77,228,84.6,0.05573653057217598,-0.6640178433205315
TOKYOTECH_s05,77,229,84.63333333333334,0.06814054399728775,-0.8283761617162212
TOKYOTECH_s05,77,230,84.66666666666667,0.26741504669189453,-0.9527232158272674
TOKYOTECH_s05,77,231,84.7,0.36772456765174866,-1.0271246035757886
TOKYOTECH_s05,77,232,84.73333333333333,0.28645291924476624,-1.043496214558088
TOKYOTECH_s05,77,233,84.76666666666667,0.038978204131126404,-0.999795735574468
TOKYOTECH_s05,77,234,84.8,-0.277381956577301,-0.9032243338673801
TOKYOTECH_s05,77,235,84.83333333333333,-0.5732617378234863,-0.7699330915015931
TOKYOTECH_s05,77,236,84.86666666666666,-0.8094900250434875,-0.6205666188871629
TOKYOTECH_s05,77,237,84.9,-0.9086775779724121,-0.47335918227606183
TOKYOTECH_s05,77,238,84.93333333333334,-0.8667372465133667,-0.3380350387806937
TOKYOTECH_s05,77,239,84.96666666666667,-0.8650275468826294,-0.21367780622455096
TOKYOTECH_s05,78,0,78.0,1.271445393562317,-0.10875493366032024
TOKYOTECH_s05,78,1,78.03333333333333,1.0025107860565186,-1.538709081582608
TOKYOTECH_s05,78,2,78.06666666666666,0.5837395787239075,-2.783556038543946
TOKYOTECH_s05,78,3,78.1,0.4124431312084198,-3.6987413168828147
TOKYOTECH_s05,78,4,78.13333333333334,0.42384985089302063,-4.206043998920381
TOKYOTECH_s05,78,5,78.16666666666667,0.4584617614746094,-4.305060040009198
TOKYOTECH_s05,78,6,78.2,0.51451575756073,-4.061296882115209
TOKYOTECH_s05,78,7,78.23333333333333,0.36060094833374023,-3.5768036319819068
TOKYOTECH_s05,78,8,78.26666666666667,-0.006826701574027538,-2.957304696580275
TOKYOTECH_s05,78,9,78.3,-0.29295599460601807,-2.289279676677267
TOKYOTECH_s05,78,10,78.33333333333333,-0.5175638794898987,-1.6326319813544599
TOKYOTECH_s05,78,11,78.36666666666666,-0.6224859356880188,-1.0250387044778506
TOKYOTECH_s05,78,12,78.4,-0.7454842329025269,-0.4889191034302654
TOKYOTECH_s05,78,13,78.43333333333334,-0.807896077632904,-0.034231634710037415
TOKYOTECH_s05,78,14,78.46666666666667,-0.7792502045631409,0.3421813894307846
TOKYOTECH_s05,78,15,78.5,-0.7948509454727173,0.6547995013396307
TOKYOTECH_s05,78,16,78.53333333333333,-0.8276997804641724,0.9217591207685768
TOKYOTECH_s05,78,17,78.56666666666666,-0.9257297515869141,1.1544953874953994
TOKYOTECH_s05,78,18,78.6,-1.0751299858093262,1.351637226768539
TOKYOTECH_s05,78,19,78.63333333333334,-0.9194431900978088,1.501543248639937
TOKYOTECH_s05,78,20,78.66666666666667,0.30325576663017273,1.5907922008910174
TOKYOTECH_s05,78,21,78.7,1.4356271028518677,1.6112089407676267
TOKYOTECH_s05,78,22,78.73333333333333,1.6785160303115845,1.5605187729109562
TOKYOTECH_s05,78,23,78.76666666666667,1.5061599016189575,1.438216735184727
TOKYOTECH_s05,78,24,78.8,1.1877784729003906,1.2423868307386758
TOKYOTECH_s05,78,25,78.83333333333333,0.8225679993629456,0.9719110773935017
TOKYOTECH_s05,78,26,78.86666666666666,0.49437370896339417,0.6331152806281057
TOKYOTECH_s05,78,27,78.9,0.28539329767227173,0.24564213797441173
TOKYOTECH_s05,78,28,78.93333333333334,0.27404892444610596,-0.15681212023692406
TOKYOTECH_s05,78,29,78.96666666666667,0.44133833050727844,-0.5312252989433818
TOKYOTECH_s05,78,30,79.0,0.5101080536842346,-0.8327524089129412
TOKYOTECH_s05,78,31,79.03333333333333,0.2652779519557953,-1.0223799909991431
TOKYOTECH_s05,78,32,79.06666666666666,0.0684611052274704,-1.0743410067678012
TOKYOTECH_s05,78,33,79.1,-0.1719968467950821,-0.9838430555730133
TOKYOTECH_s05,78,34,79.13333333333334,-0.45722678303718567,-0.7732470865576084
TOKYOTECH_s05,78,35,79.16666666666667,-0.5867520570755005,-0.49171519781436424
TOKYOTECH_s05,78,36,79.2,-0.7072303891181946,-0.2037480782359619
TOKYOTECH_s05,78,37,79.23333333333333,-0.7154937982559204,0.03217855708581179
TOKYOTECH_s05,78,38,79.26666666666667,-0.73478102684021,0.18527052184474485
TOKYOTECH_s05,78,39,79.3,-0.7940495610237122,0.26156710079100454
TOKYOTECH_s05,78,40,79.33333333333333,-0.9401283860206604,0.2946710151047666
TOKYOTECH_s05,78,41,79.36666666666666,-0.9560586214065552,0.32397679985938566
TOKYOTECH_s05,78,42,79.4,-0.8588300347328186,0.37399097699965905
TOKYOTECH_s05,78,43,79.43333333333334,0.0528692752122879,0.44626391505564156
TOKYOTECH_s05,78,44,79.46666666666667,1.2081431150436401,0.5250704428932654
TOKYOTECH_s05,78,45,79.5,1.5258923768997192,0.5885648053526731
TOKYOTECH_s05,78,46,79.53333333333333,1.2837247848510742,0.616634822270289
TOKYOTECH_s05,78,47,79.56666666666666,1.021156907081604,0.5931213429124892
TOKYOTECH_s05,78,48,79.6,0.7341816425323486,0.5063488093882916
TOKYOTECH_s05,78,49,79.63333333333334,0.33903416991233826,0.3525333756877771
TOKYOTECH_s05,78,50,79.66666666666667,0.0753888338804245,0.14135009948245944
TOKYOTECH_s05,78,51,79.7,0.11052610725164413,-0.10178424797701699
TOKYOTECH_s05,78,52,79.73333333333333,0.25728169083595276,-0.3406378990321146
TOKYOTECH_s05,78,53,79.76666666666667,0.3089190721511841,-0.5387041427972313
TOKYOTECH_s05,78,54,79.8,0.2340230494737625,-0.6697436877598357
TOKYOTECH_s05,78,55,79.83333333333333,-0.015971655026078224,-0.7230312498523446
TOKYOTECH_s05,78,56,79.86666666666666,-0.3678430914878845,-0.7020054526859841
TOKYOTECH_s05,78,57,79.9,-0.5175905823707581,-0.6191816940359751
TOKYOTECH_s05,78,58,79.93333333333334,-0.6649338603019714,-0.4912596117403178
TOKYOTECH_s05,78,59,79.96666666666667,-0.799009382724762,-0.33633665927679374
TOKYOTECH_s05,78,60,80.0,-0.8558915257453918,-0.17234182691010172
TOKYOTECH_s05,78,61,80.03333333333333,-0.8664345145225525,-0.01503897040879306
TOKYOTECH_s05,78,62,80.06666666666666,-0.8485453128814697,0.12407682285515877
TOKYOTECH_s05,78,63,80.1,-0.854475736618042,0.23804981496383523
TOKYOTECH_s05,78,64,80.13333333333334,-0.9638411402702332,0.3223722926379422
TOKYOTECH_s05,78,65,80.16666666666667,-1.0637233257293701,0.37264556099612695
TOKYOTECH_s05,78,66,80.2,-0.676135778427124,0.38478372228643554
TOKYOTECH_s05,78,67,80.23333333333333,0.6602829694747925,0.35833579025997603
TOKYOTECH_s05,78,68,80.26666666666667,1.59063720703125,0.30002360301921543
TOKYOTECH_s05,78,69,80.3,1.6355516910552979,0.22326733057732415
TOKYOTECH_s05,78,70,80.33333333333333,1.439295768737793,0.1422803229526289
TOKYOTECH_s05,78,71,80.36666666666666,1.203049659729004,0.06411609599209353
TOKYOTECH_s05,78,72,80.4,0.9225124716758728,-0.015210256841899946
TOKYOTECH_s05,78,73,80.43333333333334,0.5952086448669434,-0.10666672714677142
TOKYOTECH_s05,78,74,80.46666666666667,0.4192996323108673,-0.21871925525343017
TOKYOTECH_s05,78,75,80.5,0.39176681637763977,-0.34940513355462366
TOKYOTECH_s05,78,76,80.53333333333333,0.4222381114959717,-0.484974592456141
TOKYOTECH_s05,78,77,80.56666666666666,0.49282434582710266,-0.6044224408170632
TOKYOTECH_s05,78,78,80.6,0.37581878900527954,-0.6854155825576672
TOKYOTECH_s05,78,79,80.63333333333334,0.059645622968673706,-0.7079819309433479
TOKYOTECH_s05,78,80,80.66666666666667,-0.2786998450756073,-0.6565647077862928
TOKYOTECH_s05,78,81,80.7,-0.45086002349853516,-0.5236128367580419
TOKYOTECH_s05,78,82,80.73333333333333,-0.5838403105735779,-0.31535887094451265
TOKYOTECH_s05,78,83,80.76666666666667,-0.7451726198196411,-0.05574888997275728
TOKYOTECH_s05,78,84,80.8,-0.738405168056488,0.21708738782386025
TOKYOTECH_s05,78,85,80.83333333333333,-0.7418690323829651,0.4632626412436486
TOKYOTECH_s05,78,86,80.86666666666666,-0.775572657585144,0.6561728735712552
TOKYOTECH_s05,78,87,80.9,-0.9026670455932617,0.7899303846890223
TOKYOTECH_s05,78,88,80.93333333333334,-1.003493070602417,0.8738359447713525
TOKYOTECH_s05,78,89,80.96666666666667,-0.9983550906181335,0.918371464067488
TOKYOTECH_s05,78,90,81.0,-1.027125597000122,0.9239621842714254
TOKYOTECH_s05,78,91,81.03333333333333,-0.1346779614686966,0.8816260931849215
TOKYOTECH_s05,78,92,81.06666666666666,1.1881524324417114,0.7843147349688261
TOKYOTECH_s05,78,93,81.1,1.5922222137451172,0.6383676710578763
TOKYOTECH_s05,78,94,81.13333333333334,1.4172303676605225,0.4645853187996535
TOKYOTECH_s05,78,95,81.16666666666667,1.212541937828064,0.2871525553347724
TOKYOTECH_s05,78,96,81.2,1.0014244318008423,0.11876799102342803
TOKYOTECH_s05,78,97,81.23333333333333,0.6823750734329224,-0.04643785592320615
TOKYOTECH_s05,78,98,81.26666666666667,0.32294368743896484,-0.22716795014096963
TOKYOTECH_s05,78,99,81.3,0.18214525282382965,-0.44088642470964806
TOKYOTECH_s05,78,100,81.33333333333333,0.3446618318557739,-0.6900712658387665
TOKYOTECH_s05,78,101,81.36666666666666,0.44534537196159363,-0.9553246250305676
TOKYOTECH_s05,78,102,81.4,0.29955148696899414,-1.197097348227879
TOKYOTECH_s05,78,103,81.43333333333334,0.02078624814748764,-1.3642895956009602
TOKYOTECH_s05,78,104,81.46666666666667,-0.19225464761257172,-1.4073858402821877
TOKYOTECH_s05,78,105,81.5,-0.3670327961444855,-1.2938905728882129
TOKYOTECH_s05,78,106,81.53333333333333,-0.5451590418815613,-1.022275736669981
TOKYOTECH_s05,78,107,81.56666666666666,-0.7567306756973267,-0.6284735696461088
TOKYOTECH_s05,78,108,81.6,-0.802571177482605,-0.17920141718746865
TOKYOTECH_s05,78,109,81.63333333333334,-0.7626610994338989,0.2482753719571624
TOKYOTECH_s05,78,110,81.66666666666667,-0.8176910877227783,0.5914742819897223
TOKYOTECH_s05,78,111,81.7,-0.9158101081848145,0.8200190422089236
TOKYOTECH_s05,78,112,81.73333333333333,-0.9235926866531372,0.9369488047834217
TOKYOTECH_s05,78,113,81.76666666666667,-0.9953542947769165,0.9662604405366884
TOKYOTECH_s05,78,114,81.8,-1.1948336362838745,0.9361750716704401
TOKYOTECH_s05,78,115,81.83333333333333,-1.2913676500320435,0.8678829513560998
TOKYOTECH_s05,78,116,81.86666666666666,-0.7484227418899536,0.7737447350041893
TOKYOTECH_s05,78,117,81.9,0.545343279838562,0.6618362116445382
TOKYOTECH_s05,78,118,81.93333333333334,1.4390909671783447,0.540326556054393
TOKYOTECH_s05,78,119,81.96666666666667,1.39524507522583,0.41727727954939003
TOKYOTECH_s05,78,120,82.0,1.020871877670288,0.29693328004018293
TOKYOTECH_s05,78,121,82.03333333333333,0.7033452391624451,0.17721310945181118
TOKYOTECH_s05,78,122,82.06666666666666,0.41787490248680115,0.05148170530306811
TOKYOTECH_s05,78,123,82.1,0.11731136590242386,-0.08659958810258842
TOKYOTECH_s05,78,124,82.13333333333334,-0.00862541701644659,-0.23873888453915665
TOKYOTECH_s05,78,125,82.16666666666667,0.14471060037612915,-0.40053393251287905
TOKYOTECH_s05,78,126,82.2,0.3272534906864166,-0.5618707229027347
TOKYOTECH_s05,78,127,82.23333333333333,0.3293549418449402,-0.7068917791385829
TOKYOTECH_s05,78,128,82.26666666666667,0.10549505054950714,-0.8138264561587785
TOKYOTECH_s05,78,129,82.3,-0.1944095492362976,-0.8577275065335804
TOKYOTECH_s05,78,130,82.33333333333333,-0.5035392642021179,-0.8179149183938199
TOKYOTECH_s05,78,131,82.36666666666666,-0.6707128882408142,-0.6877309580489336
TOKYOTECH_s05,78,132,82.4,-0.6949421167373657,-0.4809280566422346
TOKYOTECH_s05,78,133,82.43333333333334,-0.7762405276298523,-0.229791701767854
TOKYOTECH_s05,78,134,82.46666666666667,-0.8687318563461304,0.024884226115757586
TOKYOTECH_s05,78,135,82.5,-0.8454732298851013,0.24652936104297726
TOKYOTECH_s05,78,136,82.53333333333333,-0.7892856597900391,0.41148046540913324
TOKYOTECH_s05,78,137,82.56666666666666,-0.9055253863334656,0.5103708237999597
TOKYOTECH_s05,78,138,82.6,-1.0141962766647339,0.5445478457245652
TOKYOTECH_s05,78,139,82.63333333333334,-1.021685004234314,0.5224041979557639
TOKYOTECH_s05,78,140,82.66666666666667,-1.0890121459960938,0.45772424073930995
TOKYOTECH_s05,78,141,82.7,-0.44805511832237244,0.3682964178726502
TOKYOTECH_s05,78,142,82.73333333333333,0.8679989576339722,0.2728720294731433
TOKYOTECH_s05,78,143,82.76666666666667,1.4384765625,0.18700007031693458
TOKYOTECH_s05,78,144,82.8,1.211526870727539,0.1198553529396382
TOKYOTECH_s05,78,145,82.83333333333333,0.8101462125778198,0.07339752389789471
TOKYOTECH_s05,78,146,82.86666666666666,0.45076823234558105,0.04302236958247514
TOKYOTECH_s05,78,147,82.9,0.07662656158208847,0.018182516071515768
TOKYOTECH_s05,78,148,82.93333333333334,-0.22182659804821014,-0.01646476026397735
TOKYOTECH_s05,78,149,82.96666666666667,-0.22985848784446716,-0.0771560045692986
TOKYOTECH_s05,78,150,83.0,-0.021225327625870705,-0.17387744192084892
TOKYOTECH_s05,78,151,83.03333333333333,0.1038922369480133,-0.30286759885147846
TOKYOTECH_s05,78,152,83.06666666666666,0.022522632032632828,-0.44327288842760526
TOKYOTECH_s05,78,153,83.1,-0.1590941846370697,-0.5611019533465504
TOKYOTECH_s05,78,154,83.13333333333334,-0.37312349677085876,-0.6200619576738439
TOKYOTECH_s05,78,155,83.16666666666667,-0.6436965465545654,-0.5949378586621644
TOKYOTECH_s05,78,156,83.2,-0.9164512157440186,-0.48111820485666534
TOKYOTECH_s05,78,157,83.23333333333333,-1.0559852123260498,-0.2954299427179805
TOKYOTECH_s05,78,158,83.26666666666667,-1.0423612594604492,-0.06831501464788202
TOKYOTECH_s05,78,159,83.3,-1.0185773372650146,0.1676958777512419
TOKYOTECH_s05,78,160,83.33333333333333,-1.0570448637008667,0.3867843001199119
TOKYOTECH_s05,78,161,83.36666666666666,-0.9523454308509827,0.5723802138362584
TOKYOTECH_s05,78,162,83.4,-0.8947330713272095,0.7149658413031655
TOKYOTECH_s05,78,163,83.43333333333334,-1.0565462112426758,0.8093317039772596
TOKYOTECH_s05,78,164,83.46666666666667,-1.1892058849334717,0.8533756669813755
TOKYOTECH_s05,78,165,83.5,-0.8124819397926331,0.8474051880125502
TOKYOTECH_s05,78,166,83.53333333333333,0.5449603796005249,0.7928251671589628
TOKYOTECH_s05,78,167,83.56666666666666,1.5993369817733765,0.6908022322447569
TOKYOTECH_s05,78,168,83.6,1.6722294092178345,0.5420427218574505
TOKYOTECH_s05,78,169,83.63333333333334,1.3175619840621948,0.3479536668128399
TOKYOTECH_s05,78,170,83.66666666666667,0.94785475730896,0.11242600349667219
TOKYOTECH_s05,78,171,83.7,0.6350474953651428,-0.15679385114310096
TOKYOTECH_s05,78,172,83.73333333333333,0.31779688596725464,-0.44754205604952224
TOKYOTECH_s05,78,173,83.76666666666667,0.006797230802476406,-0.7430619053805578
TOKYOTECH_s05,78,174,83.8,-0.06535618007183075,-1.0216459686537949
TOKYOTECH_s05,78,175,83.83333333333333,0.12298355251550674,-1.2562637589484624
TOKYOTECH_s05,78,176,83.86666666666666,0.21879629790782928,-1.4154436291632297
TOKYOTECH_s05,78,177,83.9,0.10694649070501328,-1.4671158930939554
TOKYOTECH_s05,78,178,83.93333333333334,-0.12401923537254333,-1.3860722183313756
TOKYOTECH_s05,78,179,83.96666666666667,-0.37368446588516235,-1.1631990647238715
TOKYOTECH_s05,78,180,84.0,-0.615469217300415,-0.8121275533780424
TOKYOTECH_s05,78,181,84.03333333333333,-0.8434162735939026,-0.3691452049511605
TOKYOTECH_s05,78,182,84.06666666666666,-0.9790768027305603,0.11395850368941218
TOKYOTECH_s05,78,183,84.1,-1.0179094076156616,0.5803884278215116
TOKYOTECH_s05,78,184,84.13333333333334,-0.9379467964172363,0.977816168022838
TOKYOTECH_s05,78,185,84.16666666666667,-0.9065583348274231,1.2649428732232808
TOKYOTECH_s05,78,186,84.2,-0.9417490363121033,1.416103724550108
TOKYOTECH_s05,78,187,84.23333333333333,-1.0471162796020508,1.4252408362570075
TOKYOTECH_s05,78,188,84.26666666666667,-1.0998756885528564,1.3080467454938671
TOKYOTECH_s05,78,189,84.3,-1.1415399312973022,1.0990261439036368
TOKYOTECH_s05,78,190,84.33333333333333,-0.8119921684265137,0.8418370282174538
TOKYOTECH_s05,78,191,84.36666666666666,0.5461090207099915,0.5756360079352957
TOKYOTECH_s05,78,192,84.4,1.6991033554077148,0.3238113342384964
TOKYOTECH_s05,78,193,84.43333333333334,1.8072221279144287,0.09108431037248252
TOKYOTECH_s05,78,194,84.46666666666667,1.4761784076690674,-0.13006302403449482
TOKYOTECH_s05,78,195,84.5,1.0080493688583374,-0.3484113016819974
TOKYOTECH_s05,78,196,84.53333333333333,0.6336138844490051,-0.5651942454297232
TOKYOTECH_s05,78,197,84.56666666666666,0.3234245479106903,-0.7713071509623594
TOKYOTECH_s05,78,198,84.6,0.05573653057217598,-0.9492965590654279
TOKYOTECH_s05,78,199,84.63333333333334,0.06814054399728775,-1.0764596064868328
TOKYOTECH_s05,78,200,84.66666666666667,0.26741504669189453,-1.1278198941186746
TOKYOTECH_s05,78,201,84.7,0.36772456765174866,-1.080798699013534
TOKYOTECH_s05,78,202,84.73333333333333,0.28645291924476624,-0.9225254492418132
TOKYOTECH_s05,78,203,84.76666666666667,0.038978204131126404,-0.6573855026961447
TOKYOTECH_s05,78,204,84.8,-0.277381956577301,-0.3105135581630012
TOKYOTECH_s05,78,205,84.83333333333333,-0.5732617378234863,0.07567207783808359
TOKYOTECH_s05,78,206,84.86666666666666,-0.8094900250434875,0.45096842100420576
TOKYOTECH_s05,78,207,84.9,-0.9086775779724121,0.76870321071652
TOKYOTECH_s05,78,208,84.93333333333334,-0.8667372465133667,0.9944133150798445
TOKYOTECH_s05,78,209,84.96666666666667,-0.8650275468826294,1.109862122983227
TOKYOTECH_s05,78,210,85.0,-0.9198705554008484,1.113234675375751
TOKYOTECH_s05,78,211,85.03333333333333,-0.9109036922454834,1.0173056472438795
TOKYOTECH_s05,78,212,85.06666666666666,-0.8452773094177246,0.8459920123685147
TOKYOTECH_s05,78,213,85.1,-0.9391310811042786,0.6286539469907231
TOKYOTECH_s05,78,214,85.13333333333334,-1.020625352859497,0.3929050899270683
TOKYOTECH_s05,78,215,85.16666666666667,-0.380523145198822,0.1586784777613126
TOKYOTECH_s05,78,216,85.2,1.0821796655654907,-0.06381846294016288
TOKYOTECH_s05,78,217,85.23333333333333,1.7683717012405396,-0.2718264712054495
TOKYOTECH_s05,78,218,85.26666666666667,1.5615283250808716,-0.46550510669828493
TOKYOTECH_s05,78,219,85.3,1.1880189180374146,-0.6441110267074526
TOKYOTECH_s05,78,220,85.33333333333333,0.8160231709480286,-0.8044354421130725
TOKYOTECH_s05,78,221,85.36666666666666,0.4254170358181,-0.9407950820140817
TOKYOTECH_s05,78,222,85.4,0.052771322429180145,-1.0448048896638824
TOKYOTECH_s05,78,223,85.43333333333334,-0.04325513541698456,-1.104162878769266
TOKYOTECH_s05,78,224,85.46666666666667,0.22829744219779968,-1.1019221451891115
TOKYOTECH_s05,78,225,85.5,0.467099130153656,-1.0188252288202932
TOKYOTECH_s05,78,226,85.53333333333333,0.4223182499408722,-0.839637728786031
TOKYOTECH_s05,78,227,85.56666666666666,0.18266171216964722,-0.5612973123181425
TOKYOTECH_s05,78,228,85.6,-0.11191797256469727,-0.19868526519096777
TOKYOTECH_s05,78,229,85.63333333333334,-0.39623963832855225,0.2152026365585761
TOKYOTECH_s05,78,230,85.66666666666667,-0.6120854616165161,0.6344434395996239
TOKYOTECH_s05,78,231,85.7,-0.8023841977119446,1.0080635015587274
TOKYOTECH_s05,78,232,85.73333333333333,-0.9267270565032959,1.2888038942665276
TOKYOTECH_s05,78,233,85.76666666666667,-0.8702189326286316,1.442353108343691
TOKYOTECH_s05,78,234,85.8,-0.8016095161437988,1.4554785216486
TOKYOTECH_s05,78,235,85.83333333333333,-0.8855436444282532,1.3393915521522985
TOKYOTECH_s05,78,236,85.86666666666666,-0.9316156506538391,1.1249327941055367
TOKYOTECH_s05,78,237,85.9,-0.9060062170028687,0.8500681182226059
TOKYOTECH_s05,78,238,85.93333333333334,-0.8638522028923035,0.5458096701271761
TOKYOTECH_s05,78,239,85.96666666666667,-0.21949361264705658,0.22891899978775948
TOKYOTECH_s05,79,0,79.0,0.5101080536842346,-0.040273778397914954
TOKYOTECH_s05,79,1,79.03333333333333,0.2652779519557953,-1.8838699639795315
TOKYOTECH_s05,79,2,79.06666666666666,0.0684611052274704,-3.395720382346345
TOKYOTECH_s05,79,3,79.1,-0.1719968467950821,-4.333661285171819
TOKYOTECH_s05,79,4,79.13333333333334,-0.45722678303718567,-4.605588182931692
TOKYOTECH_s05,79,5,79.16666666666667,-0.5867520570755005,-4.2824578948254075
TOKYOTECH_s05,79,6,79.2,-0.7072303891181946,-3.5565584267732664
TOKYOTECH_s05,79,7,79.23333333333333,-0.7154937982559204,-2.664577182200975
TOKYOTECH_s05,79,8,79.26666666666667,-0.73478102684021,-1.8094679648526357
TOKYOTECH_s05,79,9,79.3,-0.7940495610237122,-1.111472335473656
TOKYOTECH_s05,79,10,79.33333333333333,-0.9401283860206604,-0.6011026447058861
TOKYOTECH_s05,79,11,79.36666666666666,-0.9560586214065552,-0.24596415560597457
TOKYOTECH_s05,79,12,79.4,-0.8588300347328186,0.009949808252155426
TOKYOTECH_s05,79,13,79.43333333333334,0.0528692752122879,0.21543432335099605
TOKYOTECH_s05,79,14,79.46666666666667,1.2081431150436401,0.39874143029412135
TOKYOTECH_s05,79,15,79.5,1.5258923768997192,0.5678751328721583
TOKYOTECH_s05,79,16,79.53333333333333,1.2837247848510742,0.7161683304302099
TOKYOTECH_s05,79,17,79.56666666666666,1.021156907081604,0.8281386852504273
TOKYOTECH_s05,79,18,79.6,0.7341816425323486,0.885612368207755
TOKYOTECH_s05,79,19,79.63333333333334,0.33903416991233826,0.8754877763703078
TOKYOTECH_s05,79,20,79.66666666666667,0.0753888338804245,0.7973692119351049
TOKYOTECH_s05,79,21,79.7,0.11052610725164413,0.6665616349333446
TOKYOTECH_s05,79,22,79.73333333333333,0.25728169083595276,0.510007046825841
TOKYOTECH_s05,79,23,79.76666666666667,0.3089190721511841,0.35745029793498856
TOKYOTECH_s05,79,24,79.8,0.2340230494737625,0.23286984683239584
TOKYOTECH_s05,79,25,79.83333333333333,-0.015971655026078224,0.15029515577527727
TOKYOTECH_s05,79,26,79.86666666666666,-0.3678430914878845,0.11464654895882104
TOKYOTECH_s05,79,27,79.9,-0.5175905823707581,0.1248938250714096
TOKYOTECH_s05,79,28,79.93333333333334,-0.6649338603019714,0.17606773858414687
TOKYOTECH_s05,79,29,79.96666666666667,-0.799009382724762,0.25884251318737833
TOKYOTECH_s05,79,30,80.0,-0.8558915257453918,0.35865479030672537
TOKYOTECH_s05,79,31,80.03333333333333,-0.8664345145225525,0.45718517220893884
TOKYOTECH_s05,79,32,80.06666666666666,-0.8485453128814697,0.5362306345380087
TOKYOTECH_s05,79,33,80.1,-0.854475736618042,0.5812890778067565
TOKYOTECH_s05,79,34,80.13333333333334,-0.9638411402702332,0.5830634714811038
TOKYOTECH_s05,79,35,80.16666666666667,-1.0637233257293701,0.5376796419084434
TOKYOTECH_s05,79,36,80.2,-0.676135778427124,0.4472507431421749
TOKYOTECH_s05,79,37,80.23333333333333,0.6602829694747925,0.32098980222733065
TOKYOTECH_s05,79,38,80.26666666666667,1.59063720703125,0.17505721093395038
TOKYOTECH_s05,79,39,80.3,1.6355516910552979,0.028985917061797928
TOKYOTECH_s05,79,40,80.33333333333333,1.439295768737793,-0.10118509813264016
TOKYOTECH_s05,79,41,80.36666666666666,1.203049659729004,-0.209701188164303
TOKYOTECH_s05,79,42,80.4,0.9225124716758728,-0.3030646484588703
TOKYOTECH_s05,79,43,80.43333333333334,0.5952086448669434,-0.39486473565255986
TOKYOTECH_s05,79,44,80.46666666666667,0.4192996323108673,-0.49638360414947263
TOKYOTECH_s05,79,45,80.5,0.39176681637763977,-0.6092268629446688
TOKYOTECH_s05,79,46,80.53333333333333,0.4222381114959717,-0.7241507652708397
TOKYOTECH_s05,79,47,80.56666666666666,0.49282434582710266,-0.8250987182039088
TOKYOTECH_s05,79,48,80.6,0.37581878900527954,-0.8939867660747447
TOKYOTECH_s05,79,49,80.63333333333334,0.059645622968673706,-0.9128723929118349
TOKYOTECH_s05,79,50,80.66666666666667,-0.2786998450756073,-0.8647679144041608
TOKYOTECH_s05,79,51,80.7,-0.45086002349853516,-0.7371226992352818
TOKYOTECH_s05,79,52,80.73333333333333,-0.5838403105735779,-0.5291051652099538
TOKYOTECH_s05,79,53,80.76666666666667,-0.7451726198196411,-0.25838857467382353
TOKYOTECH_s05,79,54,80.8,-0.738405168056488,0.03913674685407628
TOKYOTECH_s05,79,55,80.83333333333333,-0.7418690323829651,0.31965104644816594
TOKYOTECH_s05,79,56,80.86666666666666,-0.775572657585144,0.5469983583238361
TOKYOTECH_s05,79,57,80.9,-0.9026670455932617,0.7039947687558458
TOKYOTECH_s05,79,58,80.93333333333334,-1.003493070602417,0.7927159942624544
TOKYOTECH_s05,79,59,80.96666666666667,-0.9983550906181335,0.8251767973028923
TOKYOTECH_s05,79,60,81.0,-1.027125597000122,0.8127101227542785
TOKYOTECH_s05,79,61,81.03333333333333,-0.1346779614686966,0.7623470101793686
TOKYOTECH_s05,79,62,81.06666666666666,1.1881524324417114,0.6811083634522682
TOKYOTECH_s05,79,63,81.1,1.5922222137451172,0.5813140165785997
TOKYOTECH_s05,79,64,81.13333333333334,1.4172303676605225,0.4791136964075166
TOKYOTECH_s05,79,65,81.16666666666667,1.212541937828064,0.38488725393877865
TOKYOTECH_s05,79,66,81.2,1.0014244318008423,0.2926276450208086
TOKYOTECH_s05,79,67,81.23333333333333,0.6823750734329224,0.17821508202307537
TOKYOTECH_s05,79,68,81.26666666666667,0.32294368743896484,0.010278951937093939
TOKYOTECH_s05,79,69,81.3,0.18214525282382965,-0.23181218862653588
TOKYOTECH_s05,79,70,81.33333333333333,0.3446618318557739,-0.5424954717640242
TOKYOTECH_s05,79,71,81.36666666666666,0.44534537196159363,-0.8844906392409991
TOKYOTECH_s05,79,72,81.4,0.29955148696899414,-1.1950040823653088
TOKYOTECH_s05,79,73,81.43333333333334,0.02078624814748764,-1.400812070184875
TOKYOTECH_s05,79,74,81.46666666666667,-0.19225464761257172,-1.437995884522845
TOKYOTECH_s05,79,75,81.5,-0.3670327961444855,-1.2721097408387079
TOKYOTECH_s05,79,76,81.53333333333333,-0.5451590418815613,-0.9135137758772465
TOKYOTECH_s05,79,77,81.56666666666666,-0.7567306756973267,-0.42123513737762297
TOKYOTECH_s05,79,78,81.6,-0.802571177482605,0.11008241011807031
TOKYOTECH_s05,79,79,81.63333333333334,-0.7626610994338989,0.5789411583647036
TOKYOTECH_s05,79,80,81.66666666666667,-0.8176910877227783,0.9099662703456733
TOKYOTECH_s05,79,81,81.7,-0.9158101081848145,1.0748366494704102
TOKYOTECH_s05,79,82,81.73333333333333,-0.9235926866531372,1.0919406938386367
TOKYOTECH_s05,79,83,81.76666666666667,-0.9953542947769165,1.008241896712252
TOKYOTECH_s05,79,84,81.8,-1.1948336362838745,0.8752646454591311
TOKYOTECH_s05,79,85,81.83333333333333,-1.2913676500320435,0.7313332539110535
TOKYOTECH_s05,79,86,81.86666666666666,-0.7484227418899536,0.5959248731907827
TOKYOTECH_s05,79,87,81.9,0.545343279838562,0.474041738863761
TOKYOTECH_s05,79,88,81.93333333333334,1.4390909671783447,0.3637990961943295
TOKYOTECH_s05,79,89,81.96666666666667,1.39524507522583,0.2611605339828767
TOKYOTECH_s05,79,90,82.0,1.020871877670288,0.16053554973204995
TOKYOTECH_s05,79,91,82.03333333333333,0.7033452391624451,0.0542439190238615
TOKYOTECH_s05,79,92,82.06666666666666,0.41787490248680115,-0.06595445855831535
TOKYOTECH_s05,79,93,82.1,0.11731136590242386,-0.2050003998032105
TOKYOTECH_s05,79,94,82.13333333333334,-0.00862541701644659,-0.36083168628861645
TOKYOTECH_s05,79,95,82.16666666666667,0.14471060037612915,-0.5233479197016268
TOKYOTECH_s05,79,96,82.2,0.3272534906864166,-0.6759585262242993
TOKYOTECH_s05,79,97,82.23333333333333,0.3293549418449402,-0.7978676503122653
TOKYOTECH_s05,79,98,82.26666666666667,0.10549505054950714,-0.8666830875400238
TOKYOTECH_s05,79,99,82.3,-0.1944095492362976,-0.8628322865811301
TOKYOTECH_s05,79,100,82.33333333333333,-0.5035392642021179,-0.7762844593832798
TOKYOTECH_s05,79,101,82.36666666666666,-0.6707128882408142,-0.6130118628222667
TOKYOTECH_s05,79,102,82.4,-0.6949421167373657,-0.39660239989284607
TOKYOTECH_s05,79,103,82.43333333333334,-0.7762405276298523,-0.16208565645199696
TOKYOTECH_s05,79,104,82.46666666666667,-0.8687318563461304,0.055845099699835726
TOKYOTECH_s05,79,105,82.5,-0.8454732298851013,0.23369436549103226
TOKYOTECH_s05,79,106,82.53333333333333,-0.7892856597900391,0.36309078039364834
TOKYOTECH_s05,79,107,82.56666666666666,-0.9055253863334656,0.44672954583655144
TOKYOTECH_s05,79,108,82.6,-1.0141962766647339,0.4909717931399748
TOKYOTECH_s05,79,109,82.63333333333334,-1.021685004234314,0.5013854649219055
TOKYOTECH_s05,79,110,82.66666666666667,-1.0890121459960938,0.48347832074136754
TOKYOTECH_s05,79,111,82.7,-0.44805511832237244,0.4455947041630465
TOKYOTECH_s05,79,112,82.73333333333333,0.8679989576339722,0.3995178953951444
TOKYOTECH_s05,79,113,82.76666666666667,1.4384765625,0.35688080369050296
TOKYOTECH_s05,79,114,82.8,1.211526870727539,0.32317346415471665
TOKYOTECH_s05,79,115,82.83333333333333,0.8101462125778198,0.2931818097114322
TOKYOTECH_s05,79,116,82.86666666666666,0.45076823234558105,0.25093382676289155
TOKYOTECH_s05,79,117,82.9,0.07662656158208847,0.17492942413715695
TOKYOTECH_s05,79,118,82.93333333333334,-0.22182659804821014,0.04732185110749842
TOKYOTECH_s05,79,119,82.96666666666667,-0.22985848784446716,-0.1360304776874077
TOKYOTECH_s05,79,120,83.0,-0.021225327625870705,-0.3590359518727433
TOKYOTECH_s05,79,121,83.03333333333333,0.1038922369480133,-0.5861753644977681
TOKYOTECH_s05,79,122,83.06666666666666,0.022522632032632828,-0.7712747522317241
TOKYOTECH_s05,79,123,83.1,-0.1590941846370697,-0.8711455771036629
TOKYOTECH_s05,79,124,83.13333333333334,-0.37312349677085876,-0.8590636808823447
TOKYOTECH_s05,79,125,83.16666666666667,-0.6436965465545654,-0.7331088758450964
TOKYOTECH_s05,79,126,83.2,-0.9164512157440186,-0.5158885702186903
TOKYOTECH_s05,79,127,83.23333333333333,-1.0559852123260498,-0.24552043221366288
TOKYOTECH_s05,79,128,83.26666666666667,-1.0423612594604492,0.03771142258068896
TOKYOTECH_s05,79,129,83.3,-1.0185773372650146,0.30224146592834455
TOKYOTECH_s05,79,130,83.33333333333333,-1.0570448637008667,0.5290919891799973
TOKYOTECH_s05,79,131,83.36666666666666,-0.9523454308509827,0.7091268413615487
TOKYOTECH_s05,79,132,83.4,-0.8947330713272095,0.8379605966419635
TOKYOTECH_s05,79,133,83.43333333333334,-1.0565462112426758,0.912898779426198
TOKYOTECH_s05,79,134,83.46666666666667,-1.1892058849334717,0.9328751107819795
TOKYOTECH_s05,79,135,83.5,-0.8124819397926331,0.89925672108834
TOKYOTECH_s05,79,136,83.53333333333333,0.5449603796005249,0.8156752824377227
TOKYOTECH_s05,79,137,83.56666666666666,1.5993369817733765,0.6870535830418784
TOKYOTECH_s05,79,138,83.6,1.6722294092178345,0.5188271048056843
TOKYOTECH_s05,79,139,83.63333333333334,1.3175619840621948,0.31680656166865806
TOKYOTECH_s05,79,140,83.66666666666667,0.94785475730896,0.08740447778014629
TOKYOTECH_s05,79,141,83.7,0.6350474953651428,-0.16220344906297157
TOKYOTECH_s05,79,142,83.73333333333333,0.31779688596725464,-0.42393450139868755
TOKYOTECH_s05,79,143,83.76666666666667,0.006797230802476406,-0.6880464942918015
TOKYOTECH_s05,79,144,83.8,-0.06535618007183075,-0.941181952333813
TOKYOTECH_s05,79,145,83.83333333333333,0.12298355251550674,-1.163660204375786
TOKYOTECH_s05,79,146,83.86666666666666,0.21879629790782928,-1.3280771161232883
TOKYOTECH_s05,79,147,83.9,0.10694649070501328,-1.4019297412004288
TOKYOTECH_s05,79,148,83.93333333333334,-0.12401923537254333,-1.3554686149674644
TOKYOTECH_s05,79,149,83.96666666666667,-0.37368446588516235,-1.1726695245512877
TOKYOTECH_s05,79,150,84.0,-0.615469217300415,-0.860117200047076
TOKYOTECH_s05,79,151,84.03333333333333,-0.8434162735939026,-0.44870430899155034
TOKYOTECH_s05,79,152,84.06666666666666,-0.9790768027305603,0.01276751157249416
TOKYOTECH_s05,79,153,84.1,-1.0179094076156616,0.4683675072932037
TOKYOTECH_s05,79,154,84.13333333333334,-0.9379467964172363,0.8653315766838765
TOKYOTECH_s05,79,155,84.16666666666667,-0.9065583348274231,1.161282510677125
TOKYOTECH_s05,79,156,84.2,-0.9417490363121033,1.3288219167309137
TOKYOTECH_s05,79,157,84.23333333333333,-1.0471162796020508,1.3588881699804711
TOKYOTECH_s05,79,158,84.26666666666667,-1.0998756885528564,1.2624070730005368
TOKYOTECH_s05,79,159,84.3,-1.1415399312973022,1.0679076860569123
TOKYOTECH_s05,79,160,84.33333333333333,-0.8119921684265137,0.8138093637739153
TOKYOTECH_s05,79,161,84.36666666666666,0.5461090207099915,0.5373935863718944
TOKYOTECH_s05,79,162,84.4,1.6991033554077148,0.2653204175600827
TOKYOTECH_s05,79,163,84.43333333333334,1.8072221279144287,0.010329703596134308
TOKYOTECH_s05,79,164,84.46666666666667,1.4761784076690674,-0.2249683493421715
TOKYOTECH_s05,79,165,84.5,1.0080493688583374,-0.44063329110816896
TOKYOTECH_s05,79,166,84.53333333333333,0.6336138844490051,-0.6332133135598353
TOKYOTECH_s05,79,167,84.56666666666666,0.3234245479106903,-0.793771713919743
TOKYOTECH_s05,79,168,84.6,0.05573653057217598,-0.9093735872210758
TOKYOTECH_s05,79,169,84.63333333333334,0.06814054399728775,-0.9654773616551671
TOKYOTECH_s05,79,170,84.66666666666667,0.26741504669189453,-0.9483170086471632
TOKYOTECH_s05,79,171,84.7,0.36772456765174866,-0.8483452233436812
TOKYOTECH_s05,79,172,84.73333333333333,0.28645291924476624,-0.6649489383335259
TOKYOTECH_s05,79,173,84.76666666666667,0.038978204131126404,-0.41028845025857485
TOKYOTECH_s05,79,174,84.8,-0.277381956577301,-0.10930655667490638
TOKYOTECH_s05,79,175,84.83333333333333,-0.5732617378234863,0.20509382905305057
TOKYOTECH_s05,79,176,84.86666666666666,-0.8094900250434875,0.4992645438512275
TOKYOTECH_s05,79,177,84.9,-0.9086775779724121,0.7443937515969207
TOKYOTECH_s05,79,178,84.93333333333334,-0.8667372465133667,0.9185807847326893
TOKYOTECH_s05,79,179,84.96666666666667,-0.8650275468826294,1.0068890556554029
TOKYOTECH_s05,79,180,85.0,-0.9198705554008484,1.001950358469109
TOKYOTECH_s05,79,181,85.03333333333333,-0.9109036922454834,0.9059360085318343
TOKYOTECH_s05,79,182,85.06666666666666,-0.8452773094177246,0.7320036713053788
TOKYOTECH_s05,79,183,85.1,-0.9391310811042786,0.5026128906723369
TOKYOTECH_s05,79,184,85.13333333333334,-1.020625352859497,0.24453053683921075
TOKYOTECH_s05,79,185,85.16666666666667,-0.380523145198822,-0.01680805293310346
TOKYOTECH_s05,79,186,85.2,1.0821796655654907,-0.2607300519539762
TOKYOTECH_s05,79,187,85.23333333333333,1.7683717012405396,-0.47191396615081926
TOKYOTECH_s05,79,188,85.26666666666667,1.5615283250808716,-0.6398610909966811
TOKYOTECH_s05,79,189,85.3,1.1880189180374146,-0.7593244895954656
TOKYOTECH_s05,79,190,85.33333333333333,0.8160231709480286,-0.8316759850040227
TOKYOTECH_s05,79,191,85.36666666666666,0.4254170358181,-0.8648385215034962
TOKYOTECH_s05,79,192,85.4,0.052771322429180145,-0.8693872512300331
TOKYOTECH_s05,79,193,85.43333333333334,-0.04325513541698456,-0.8513122019700693
TOKYOTECH_s05,79,194,85.46666666666667,0.22829744219779968,-0.8058033182517812
TOKYOTECH_s05,79,195,85.5,0.467099130153656,-0.7173199777025939
TOKYOTECH_s05,79,196,85.53333333333333,0.4223182499408722,-0.5672252083034564
TOKYOTECH_s05,79,197,85.56666666666666,0.18266171216964722,-0.34480079380021467
TOKYOTECH_s05,79,198,85.6,-0.11191797256469727,-0.055229108416532585
TOKYOTECH_s05,79,199,85.63333333333334,-0.39623963832855225,0.27938032045333605
TOKYOTECH_s05,79,200,85.66666666666667,-0.6120854616165161,0.6248053163412547
TOKYOTECH_s05,79,201,85.7,-0.8023841977119446,0.9415304694243031
TOKYOTECH_s05,79,202,85.73333333333333,-0.9267270565032959,1.1916836373547752
TOKYOTECH_s05,79,203,85.76666666666667,-0.8702189326286316,1.3465752971519886
TOKYOTECH_s05,79,204,85.8,-0.8016095161437988,1.3939211560592477
TOKYOTECH_s05,79,205,85.83333333333333,-0.8855436444282532,1.3410473855725495
TOKYOTECH_s05,79,206,85.86666666666666,-0.9316156506538391,1.2106233601076042
TOKYOTECH_s05,79,207,85.9,-0.9060062170028687,1.0296078908942283
TOKYOTECH_s05,79,208,85.93333333333334,-0.8638522028923035,0.8173846592820153
TOKYOTECH_s05,79,209,85.96666666666667,-0.21949361264705658,0.5805549244913533
TOKYOTECH_s05,79,210,86.0,1.1191779375076294,0.3171483519608561
TOKYOTECH_s05,79,211,86.03333333333333,1.749342679977417,0.026060784269797473
TOKYOTECH_s05,79,212,86.06666666666666,1.5532293319702148,-0.2858436284891109
TOKYOTECH_s05,79,213,86.1,1.0886175632476807,-0.6038568272814757
TOKYOTECH_s05,79,214,86.13333333333334,0.6222783923149109,-0.9110117998488299
TOKYOTECH_s05,79,215,86.16666666666667,0.21367619931697845,-1.1927165419670829
TOKYOTECH_s05,79,216,86.2,-0.07505321502685547,-1.4357805984987313
TOKYOTECH_s05,79,217,86.23333333333333,0.03533625230193138,-1.6232076717448434
TOKYOTECH_s05,79,218,86.26666666666667,0.4177413284778595,-1.7309811330948037
TOKYOTECH_s05,79,219,86.3,0.6258580088615417,-1.73246062532856
TOKYOTECH_s05,79,220,86.33333333333333,0.5336605310440063,-1.6097851208937637
TOKYOTECH_s05,79,221,86.36666666666666,0.24426326155662537,-1.3651884625294337
TOKYOTECH_s05,79,222,86.4,-0.14055494964122772,-1.0241351719206544
TOKYOTECH_s05,79,223,86.43333333333334,-0.5150794982910156,-0.6275611017094763
TOKYOTECH_s05,79,224,86.46666666666667,-0.6957524418830872,-0.21836774107887463
TOKYOTECH_s05,79,225,86.5,-0.7681373953819275,0.16905084960926828
TOKYOTECH_s05,79,226,86.53333333333333,-0.8217515349388123,0.5114567717246828
TOKYOTECH_s05,79,227,86.56666666666666,-0.8973243236541748,0.7935883200775116
TOKYOTECH_s05,79,228,86.6,-0.900209367275238,1.004267735705972
TOKYOTECH_s05,79,229,86.63333333333334,-0.8380646705627441,1.1353656640229113
TOKYOTECH_s05,79,230,86.66666666666667,-0.7994368076324463,1.1836659872141333
TOKYOTECH_s05,79,231,86.7,-0.400718629360199,1.1533268033649928
TOKYOTECH_s05,79,232,86.73333333333333,0.8823263049125671,1.0569518596359855
TOKYOTECH_s05,79,233,86.76666666666667,1.8265538215637207,0.9147253079061756
TOKYOTECH_s05,79,234,86.8,1.828503966331482,0.7516669843912746
TOKYOTECH_s05,79,235,86.83333333333333,1.5090183019638062,0.5931929106790624
TOKYOTECH_s05,79,236,86.86666666666666,1.2074486017227173,0.45978345344624966
TOKYOTECH_s05,79,237,86.9,0.9305799603462219,0.3622714437151659
TOKYOTECH_s05,79,238,86.93333333333334,0.6073722243309021,0.29932275786147644
TOKYOTECH_s05,79,239,86.96666666666667,0.3763352632522583,0.2582059668428719
TOKYOTECH_s05,80,0,80.0,-0.8558915257453918,0.0739464688132991
TOKYOTECH_s05,80,1,80.03333333333333,-0.8664345145225525,-1.2957105744141757
TOKYOTECH_s05,80,2,80.06666666666666,-0.8485453128814697,-2.4512850857288138
TOKYOTECH_s05,80,3,80.1,-0.854475736618042,-3.23325527576966
TOKYOTECH_s05,80,4,80.13333333333334,-0.9638411402702332,-3.5768827130591583
TOKYOTECH_s05,80,5,80.16666666666667,-1.0637233257293701,-3.518674547495227
TOKYOTECH_s05,80,6,80.2,-0.676135778427124,-3.1681856574902847
TOKYOTECH_s05,80,7,80.23333333333333,0.6602829694747925,-2.6605189243386267
TOKYOTECH_s05,80,8,80.26666666666667,1.59063720703125,-2.1127614219910993
TOKYOTECH_s05,80,9,80.3,1.6355516910552979,-1.6014237723322984
TOKYOTECH_s05,80,10,80.33333333333333,1.439295768737793,-1.1634996783690983
TOKYOTECH_s05,80,11,80.36666666666666,1.203049659729004,-0.8108512658353018
TOKYOTECH_s05,80,12,80.4,0.9225124716758728,-0.5439618890624609
TOKYOTECH_s05,80,13,80.43333333333334,0.5952086448669434,-0.35710054565022203
TOKYOTECH_s05,80,14,80.46666666666667,0.4192996323108673,-0.236922805231634
TOKYOTECH_s05,80,15,80.5,0.39176681637763977,-0.16205989616020108
TOKYOTECH_s05,80,16,80.53333333333333,0.4222381114959717,-0.10800163839710342
TOKYOTECH_s05,80,17,80.56666666666666,0.49282434582710266,-0.05449934244047788
TOKYOTECH_s05,80,18,80.6,0.37581878900527954,0.010595619654580543
TOKYOTECH_s05,80,19,80.63333333333334,0.059645622968673706,0.09401057932520857
TOKYOTECH_s05,80,20,80.66666666666667,-0.2786998450756073,0.2025477571555966
TOKYOTECH_s05,80,21,80.7,-0.45086002349853516,0.3444265451949889
TOKYOTECH_s05,80,22,80.73333333333333,-0.5838403105735779,0.5237087486110527
TOKYOTECH_s05,80,23,80.76666666666667,-0.7451726198196411,0.7323589549936586
TOKYOTECH_s05,80,24,80.8,-0.738405168056488,0.9477948919148995
TOKYOTECH_s05,80,25,80.83333333333333,-0.7418690323829651,1.1400529529410492
TOKYOTECH_s05,80,26,80.86666666666666,-0.775572657585144,1.2844863464962295
TOKYOTECH_s05,80,27,80.9,-0.9026670455932617,1.3706349082089246
TOKYOTECH_s05,80,28,80.93333333333334,-1.003493070602417,1.4009152123376893
TOKYOTECH_s05,80,29,80.96666666666667,-0.9983550906181335,1.3812504081579489
TOKYOTECH_s05,80,30,81.0,-1.027125597000122,1.3125261445675473
TOKYOTECH_s05,80,31,81.03333333333333,-0.1346779614686966,1.1908735671163213
TOKYOTECH_s05,80,32,81.06666666666666,1.1881524324417114,1.0161802287598276
TOKYOTECH_s05,80,33,81.1,1.5922222137451172,0.8001159624842329
TOKYOTECH_s05,80,34,81.13333333333334,1.4172303676605225,0.5652021132123414
TOKYOTECH_s05,80,35,81.16666666666667,1.212541937828064,0.3341132402836036
TOKYOTECH_s05,80,36,81.2,1.0014244318008423,0.11685349626694125
TOKYOTECH_s05,80,37,81.23333333333333,0.6823750734329224,-0.09429457947965983
TOKYOTECH_s05,80,38,81.26666666666667,0.32294368743896484,-0.3182081060815726
TOKYOTECH_s05,80,39,81.3,0.18214525282382965,-0.5711904258670056
TOKYOTECH_s05,80,40,81.33333333333333,0.3446618318557739,-0.8539325231343918
TOKYOTECH_s05,80,41,81.36666666666666,0.44534537196159363,-1.1450108742408731
TOKYOTECH_s05,80,42,81.4,0.29955148696899414,-1.4026460956454325
TOKYOTECH_s05,80,43,81.43333333333334,0.02078624814748764,-1.5735046980693885
TOKYOTECH_s05,80,44,81.46666666666667,-0.19225464761257172,-1.606666628643522
TOKYOTECH_s05,80,45,81.5,-0.3670327961444855,-1.4704122675933584
TOKYOTECH_s05,80,46,81.53333333333333,-0.5451590418815613,-1.1673034335802137
TOKYOTECH_s05,80,47,81.56666666666666,-0.7567306756973267,-0.7406928678213488
TOKYOTECH_s05,80,48,81.6,-0.802571177482605,-0.2665415476878478
TOKYOTECH_s05,80,49,81.63333333333334,-0.7626610994338989,0.16946321761055053
TOKYOTECH_s05,80,50,81.66666666666667,-0.8176910877227783,0.5000553114915756
TOKYOTECH_s05,80,51,81.7,-0.9158101081848145,0.695619587901612
TOKYOTECH_s05,80,52,81.73333333333333,-0.9235926866531372,0.7657441029160121
TOKYOTECH_s05,80,53,81.76666666666667,-0.9953542947769165,0.7451822990061436
TOKYOTECH_s05,80,54,81.8,-1.1948336362838745,0.6741830761977151
TOKYOTECH_s05,80,55,81.83333333333333,-1.2913676500320435,0.5839040409231809
TOKYOTECH_s05,80,56,81.86666666666666,-0.7484227418899536,0.49205812142071276
TOKYOTECH_s05,80,57,81.9,0.545343279838562,0.40660237688337403
TOKYOTECH_s05,80,58,81.93333333333334,1.4390909671783447,0.3311586914282254
TOKYOTECH_s05,80,59,81.96666666666667,1.39524507522583,0.26707541438994126
TOKYOTECH_s05,80,60,82.0,1.020871877670288,0.2119724577992493
TOKYOTECH_s05,80,61,82.03333333333333,0.7033452391624451,0.1584422334558855
TOKYOTECH_s05,80,62,82.06666666666666,0.41787490248680115,0.09585899325531608
TOKYOTECH_s05,80,63,82.1,0.11731136590242386,0.014855927189013308
TOKYOTECH_s05,80,64,82.13333333333334,-0.00862541701644659,-0.08823102981747522
TOKYOTECH_s05,80,65,82.16666666666667,0.14471060037612915,-0.2091729225816774
TOKYOTECH_s05,80,66,82.2,0.3272534906864166,-0.3358843520467559
TOKYOTECH_s05,80,67,82.23333333333333,0.3293549418449402,-0.4495175425861562
TOKYOTECH_s05,80,68,82.26666666666667,0.10549505054950714,-0.5268588716675413
TOKYOTECH_s05,80,69,82.3,-0.1944095492362976,-0.5456046134585589
TOKYOTECH_s05,80,70,82.33333333333333,-0.5035392642021179,-0.4925453166227022
TOKYOTECH_s05,80,71,82.36666666666666,-0.6707128882408142,-0.371335757301301
TOKYOTECH_s05,80,72,82.4,-0.6949421167373657,-0.20456884666867586
TOKYOTECH_s05,80,73,82.43333333333334,-0.7762405276298523,-0.026944226471758512
TOKYOTECH_s05,80,74,82.46666666666667,-0.8687318563461304,0.1279114738734917
TOKYOTECH_s05,80,75,82.5,-0.8454732298851013,0.23954171519822812
TOKYOTECH_s05,80,76,82.53333333333333,-0.7892856597900391,0.30468576033780387
TOKYOTECH_s05,80,77,82.56666666666666,-0.9055253863334656,0.3318354967815924
TOKYOTECH_s05,80,78,82.6,-1.0141962766647339,0.3316595500903966
TOKYOTECH_s05,80,79,82.63333333333334,-1.021685004234314,0.3108862916456542
TOKYOTECH_s05,80,80,82.66666666666667,-1.0890121459960938,0.2728303801142835
TOKYOTECH_s05,80,81,82.7,-0.44805511832237244,0.22164504518787745
TOKYOTECH_s05,80,82,82.73333333333333,0.8679989576339722,0.1653681855867445
TOKYOTECH_s05,80,83,82.76666666666667,1.4384765625,0.11492759461118654
TOKYOTECH_s05,80,84,82.8,1.211526870727539,0.07949743301809357
TOKYOTECH_s05,80,85,82.83333333333333,0.8101462125778198,0.06087134275034649
TOKYOTECH_s05,80,86,82.86666666666666,0.45076823234558105,0.0500673907565851
TOKYOTECH_s05,80,87,82.9,0.07662656158208847,0.028568275360346358
TOKYOTECH_s05,80,88,82.93333333333334,-0.22182659804821014,-0.0250044028300687
TOKYOTECH_s05,80,89,82.96666666666667,-0.22985848784446716,-0.12448478474154986
TOKYOTECH_s05,80,90,83.0,-0.021225327625870705,-0.26656532743369493
TOKYOTECH_s05,80,91,83.03333333333333,0.1038922369480133,-0.4274050571274442
TOKYOTECH_s05,80,92,83.06666666666666,0.022522632032632828,-0.5682191249858094
TOKYOTECH_s05,80,93,83.1,-0.1590941846370697,-0.6481804057924812
TOKYOTECH_s05,80,94,83.13333333333334,-0.37312349677085876,-0.6394342978943534
TOKYOTECH_s05,80,95,83.16666666666667,-0.6436965465545654,-0.5377775761277795
TOKYOTECH_s05,80,96,83.2,-0.9164512157440186,-0.3639479807973854
TOKYOTECH_s05,80,97,83.23333333333333,-1.0559852123260498,-0.15452855900714713
TOKYOTECH_s05,80,98,83.26666666666667,-1.0423612594604492,0.053165323592298204
TOKYOTECH_s05,80,99,83.3,-1.0185773372650146,0.23449380525908253
TOKYOTECH_s05,80,100,83.33333333333333,-1.0570448637008667,0.3826889618658964
TOKYOTECH_s05,80,101,83.36666666666666,-0.9523454308509827,0.5043849002609545
TOKYOTECH_s05,80,102,83.4,-0.8947330713272095,0.6097074600666483
TOKYOTECH_s05,80,103,83.43333333333334,-1.0565462112426758,0.7034962813317376
TOKYOTECH_s05,80,104,83.46666666666667,-1.1892058849334717,0.781720899012222
TOKYOTECH_s05,80,105,83.5,-0.8124819397926331,0.8329666504948863
TOKYOTECH_s05,80,106,83.53333333333333,0.5449603796005249,0.842738861913481
TOKYOTECH_s05,80,107,83.56666666666666,1.5993369817733765,0.7982917678057397
TOKYOTECH_s05,80,108,83.6,1.6722294092178345,0.6922173250521584
TOKYOTECH_s05,80,109,83.63333333333334,1.3175619840621948,0.5238302092975486
TOKYOTECH_s05,80,110,83.66666666666667,0.94785475730896,0.29855513970174663
TOKYOTECH_s05,80,111,83.7,0.6350474953651428,0.026484765537785233
TOKYOTECH_s05,80,112,83.73333333333333,0.31779688596725464,-0.2785709828164289
TOKYOTECH_s05,80,113,83.76666666666667,0.006797230802476406,-0.5988240130328689
TOKYOTECH_s05,80,114,83.8,-0.06535618007183075,-0.9112684852346956
TOKYOTECH_s05,80,115,83.83333333333333,0.12298355251550674,-1.18666538338067
TOKYOTECH_s05,80,116,83.86666666666666,0.21879629790782928,-1.3905527660181907
TOKYOTECH_s05,80,117,83.9,0.10694649070501328,-1.4877757449773317
TOKYOTECH_s05,80,118,83.93333333333334,-0.12401923537254333,-1.4505460832667916
TOKYOTECH_s05,80,119,83.96666666666667,-0.37368446588516235,-1.2677451681897278
TOKYOTECH_s05,80,120,84.0,-0.615469217300415,-0.9513125501690727
TOKYOTECH_s05,80,121,84.03333333333333,-0.8434162735939026,-0.5360800594791866
TOKYOTECH_s05,80,122,84.06666666666666,-0.9790768027305603,-0.0727902952874207
TOKYOTECH_s05,80,123,84.1,-1.0179094076156616,0.38243984641727974
TOKYOTECH_s05,80,124,84.13333333333334,-0.9379467964172363,0.7781292023409457
TOKYOTECH_s05,80,125,84.16666666666667,-0.9065583348274231,1.0745709585352705
TOKYOTECH_s05,80,126,84.2,-0.9417490363121033,1.2480614430238508
TOKYOTECH_s05,80,127,84.23333333333333,-1.0471162796020508,1.2930655169651348
TOKYOTECH_s05,80,128,84.26666666666667,-1.0998756885528564,1.2221332733886576
TOKYOTECH_s05,80,129,84.3,-1.1415399312973022,1.0622890443289352
TOKYOTECH_s05,80,130,84.33333333333333,-0.8119921684265137,0.8474101450571369
TOKYOTECH_s05,80,131,84.36666666666666,0.5461090207099915,0.6085503608922441
TOKYOTECH_s05,80,132,84.4,1.6991033554077148,0.366338652586831
TOKYOTECH_s05,80,133,84.43333333333334,1.8072221279144287,0.12919300077187448
TOKYOTECH_s05,80,134,84.46666666666667,1.4761784076690674,-0.10235019733765785
TOKYOTECH_s05,80,135,84.5,1.0080493688583374,-0.32850025654869597
TOKYOTECH_s05,80,136,84.53333333333333,0.6336138844490051,-0.5443646354805014
TOKYOTECH_s05,80,137,84.56666666666666,0.3234245479106903,-0.7376262509534133
TOKYOTECH_s05,80,138,84.6,0.05573653057217598,-0.8895332084080844
TOKYOTECH_s05,80,139,84.63333333333334,0.06814054399728775,-0.9778726654173336
TOKYOTECH_s05,80,140,84.66666666666667,0.26741504669189453,-0.981272257815536
TOKYOTECH_s05,80,141,84.7,0.36772456765174866,-0.8849167482034371
TOKYOTECH_s05,80,142,84.73333333333333,0.28645291924476624,-0.6869594825948264
TOKYOTECH_s05,80,143,84.76666666666667,0.038978204131126404,-0.40321385486904027
TOKYOTECH_s05,80,144,84.8,-0.277381956577301,-0.06700694247766704
TOKYOTECH_s05,80,145,84.83333333333333,-0.5732617378234863,0.2771794988247354
TOKYOTECH_s05,80,146,84.86666666666666,-0.8094900250434875,0.5839906816350664
TOKYOTECH_s05,80,147,84.9,-0.9086775779724121,0.8168030027100631
TOKYOTECH_s05,80,148,84.93333333333334,-0.8667372465133667,0.9533991082357819
TOKYOTECH_s05,80,149,84.96666666666667,-0.8650275468826294,0.9874392487228696
TOKYOTECH_s05,80,150,85.0,-0.9198705554008484,0.9270095586100443
TOKYOTECH_s05,80,151,85.03333333333333,-0.9109036922454834,0.791258401326488
TOKYOTECH_s05,80,152,85.06666666666666,-0.8452773094177246,0.6053817113606785
TOKYOTECH_s05,80,153,85.1,-0.9391310811042786,0.39444352592477044
TOKYOTECH_s05,80,154,85.13333333333334,-1.020625352859497,0.17789895718160303
TOKYOTECH_s05,80,155,85.16666666666667,-0.380523145198822,-0.032682154516624096
TOKYOTECH_s05,80,156,85.2,1.0821796655654907,-0.23182611585938534
TOKYOTECH_s05,80,157,85.23333333333333,1.7683717012405396,-0.4160996286411588
TOKYOTECH_s05,80,158,85.26666666666667,1.5615283250808716,-0.5809884862256863
TOKYOTECH_s05,80,159,85.3,1.1880189180374146,-0.7208446611727435
TOKYOTECH_s05,80,160,85.33333333333333,0.8160231709480286,-0.831119097795794
TOKYOTECH_s05,80,161,85.36666666666666,0.4254170358181,-0.9098232970955664
TOKYOTECH_s05,80,162,85.4,0.052771322429180145,-0.9556866319596234
TOKYOTECH_s05,80,163,85.43333333333334,-0.04325513541698456,-0.9635184960960944
TOKYOTECH_s05,80,164,85.46666666666667,0.22829744219779968,-0.9205912443301123
TOKYOTECH_s05,80,165,85.5,0.467099130153656,-0.8084413553012068
TOKYOTECH_s05,80,166,85.53333333333333,0.4223182499408722,-0.6111248512998727
TOKYOTECH_s05,80,167,85.56666666666666,0.18266171216964722,-0.326081107955197
TOKYOTECH_s05,80,168,85.6,-0.11191797256469727,0.028836549366771675
TOKYOTECH_s05,80,169,85.63333333333334,-0.39623963832855225,0.4165528454254427
TOKYOTECH_s05,80,170,85.66666666666667,-0.6120854616165161,0.7890282151145018
TOKYOTECH_s05,80,171,85.7,-0.8023841977119446,1.097770118887084
TOKYOTECH_s05,80,172,85.73333333333333,-0.9267270565032959,1.3033698963448577
TOKYOTECH_s05,80,173,85.76666666666667,-0.8702189326286316,1.383580523771754
TOKYOTECH_s05,80,174,85.8,-0.8016095161437988,1.3388172672189815
TOKYOTECH_s05,80,175,85.83333333333333,-0.8855436444282532,1.192035793472097
TOKYOTECH_s05,80,176,85.86666666666666,-0.9316156506538391,0.9807832873235022
TOKYOTECH_s05,80,177,85.9,-0.9060062170028687,0.7433071842650286
TOKYOTECH_s05,80,178,85.93333333333334,-0.8638522028923035,0.5051967650593041
TOKYOTECH_s05,80,179,85.96666666666667,-0.21949361264705658,0.2738752061366031
TOKYOTECH_s05,80,180,86.0,1.1191779375076294,0.043473504746661944
TOKYOTECH_s05,80,181,86.03333333333333,1.749342679977417,-0.1942736542754003
TOKYOTECH_s05,80,182,86.06666666666666,1.5532293319702148,-0.44108432498447153
TOKYOTECH_s05,80,183,86.1,1.0886175632476807,-0.690509166245933
TOKYOTECH_s05,80,184,86.13333333333334,0.6222783923149109,-0.9319102580609585
TOKYOTECH_s05,80,185,86.16666666666667,0.21367619931697845,-1.1535434966487517
TOKYOTECH_s05,80,186,86.2,-0.07505321502685547,-1.3406881827223032
TOKYOTECH_s05,80,187,86.23333333333333,0.03533625230193138,-1.4711226270203308
TOKYOTECH_s05,80,188,86.26666666666667,0.4177413284778595,-1.5141507162040335
TOKYOTECH_s05,80,189,86.3,0.6258580088615417,-1.437718388918123
TOKYOTECH_s05,80,190,86.33333333333333,0.5336605310440063,-1.2220618438796476
TOKYOTECH_s05,80,191,86.36666666666666,0.24426326155662537,-0.8725685942483609
TOKYOTECH_s05,80,192,86.4,-0.14055494964122772,-0.42374982322869653
TOKYOTECH_s05,80,193,86.43333333333334,-0.5150794982910156,0.06879555796278847
TOKYOTECH_s05,80,194,86.46666666666667,-0.6957524418830872,0.5440519678715442
TOKYOTECH_s05,80,195,86.5,-0.7681373953819275,0.9504855611903772
TOKYOTECH_s05,80,196,86.53333333333333,-0.8217515349388123,1.2544093768321252
TOKYOTECH_s05,80,197,86.56666666666666,-0.8973243236541748,1.441479131556246
TOKYOTECH_s05,80,198,86.6,-0.900209367275238,1.5138726875224346
TOKYOTECH_s05,80,199,86.63333333333334,-0.8380646705627441,1.485490554628083
TOKYOTECH_s05,80,200,86.66666666666667,-0.7994368076324463,1.376339339105325
TOKYOTECH_s05,80,201,86.7,-0.400718629360199,1.2068464047418035
TOKYOTECH_s05,80,202,86.73333333333333,0.8823263049125671,0.9934750189009998
TOKYOTECH_s05,80,203,86.76666666666667,1.8265538215637207,0.7471591069961522
TOKYOTECH_s05,80,204,86.8,1.828503966331482,0.47464720544594974
TOKYOTECH_s05,80,205,86.83333333333333,1.5090183019638062,0.18114702720329987
TOKYOTECH_s05,80,206,86.86666666666666,1.2074486017227173,-0.12755651015402347
TOKYOTECH_s05,80,207,86.9,0.9305799603462219,-0.44407463675223835
TOKYOTECH_s05,80,208,86.93333333333334,0.6073722243309021,-0.7585340228376262
TOKYOTECH_s05,80,209,86.96666666666667,0.3763352632522583,-1.056599332426839
TOKYOTECH_s05,80,210,87.0,0.3794785737991333,-1.3166173299385018
TOKYOTECH_s05,80,211,87.03333333333333,0.56951904296875,-1.5081623663885801
TOKYOTECH_s05,80,212,87.06666666666666,0.628226637840271,-1.5950875680544916
TOKYOTECH_s05,80,213,87.1,0.44615569710731506,-1.544578552279774
TOKYOTECH_s05,80,214,87.13333333333334,0.13766711950302124,-1.3400024691997232
TOKYOTECH_s05,80,215,87.16666666666667,-0.1696193367242813,-0.9917507049713642
TOKYOTECH_s05,80,216,87.2,-0.4516080319881439,-0.5395586803593094
TOKYOTECH_s05,80,217,87.23333333333333,-0.6529839634895325,-0.043655872467587536
TOKYOTECH_s05,80,218,87.26666666666667,-0.7338104248046875,0.43105705180625
TOKYOTECH_s05,80,219,87.3,-0.7189843654632568,0.8297109088063312
TOKYOTECH_s05,80,220,87.33333333333333,-0.7294917106628418,1.1157698981183428
TOKYOTECH_s05,80,221,87.36666666666666,-0.7329644560813904,1.2731236367546235
TOKYOTECH_s05,80,222,87.4,-0.802891731262207,1.304645866155351
TOKYOTECH_s05,80,223,87.43333333333334,-0.8858909010887146,1.2289171323468284
TOKYOTECH_s05,80,224,87.46666666666667,-0.882836639881134,1.0749988298876259
TOKYOTECH_s05,80,225,87.5,-0.055018022656440735,0.8749173280683584
TOKYOTECH_s05,80,226,87.53333333333333,1.3784511089324951,0.6553893993414125
TOKYOTECH_s05,80,227,87.56666666666666,1.9927657842636108,0.432092396617915
TOKYOTECH_s05,80,228,87.6,1.8525996208190918,0.20915251183889208
TOKYOTECH_s05,80,229,87.63333333333334,1.6047420501708984,-0.016217692475441057
TOKYOTECH_s05,80,230,87.66666666666667,1.3514081239700317,-0.24681931633230675
TOKYOTECH_s05,80,231,87.7,1.0824735164642334,-0.47984484022876345
TOKYOTECH_s05,80,232,87.73333333333333,0.7826400995254517,-0.7040906240507235
TOKYOTECH_s05,80,233,87.76666666666667,0.5445329546928406,-0.8995115890815844
TOKYOTECH_s05,80,234,87.8,0.5221291184425354,-1.0388001964078781
TOKYOTECH_s05,80,235,87.83333333333333,0.6439431309700012,-1.0919261166944838
TOKYOTECH_s05,80,236,87.86666666666666,0.6328124403953552,-1.0344804943664394
TOKYOTECH_s05,80,237,87.9,0.4644010663032532,-0.8582426660181371
TOKYOTECH_s05,80,238,87.93333333333334,0.2200518399477005,-0.5790752898552378
TOKYOTECH_s05,80,239,87.96666666666667,-0.06829468160867691,-0.23688527353444755
TOKYOTECH_s05,81,0,81.0,-1.027125597000122,-0.049685554305165386
TOKYOTECH_s05,81,1,81.03333333333333,-0.1346779614686966,-1.4096201659213805
TOKYOTECH_s05,81,2,81.06666666666666,1.1881524324417114,-2.5631404991950086
TOKYOTECH_s05,81,3,81.1,1.5922222137451172,-3.34992163860385
TOKYOTECH_s05,81,4,81.13333333333334,1.4172303676605225,-3.6918851426713837
TOKYOTECH_s05,81,5,81.16666666666667,1.212541937828064,-3.6091006882975467
TOKYOTECH_s05,81,6,81.2,1.0014244318008423,-3.207446228926836
TOKYOTECH_s05,81,7,81.23333333333333,0.6823750734329224,-2.642129342518182
TOKYOTECH_s05,81,8,81.26666666666667,0.32294368743896484,-2.071052109874032
TOKYOTECH_s05,81,9,81.3,0.18214525282382965,-1.614304382983715
TOKYOTECH_s05,81,10,81.33333333333333,0.3446618318557739,-1.3306893332268723
TOKYOTECH_s05,81,11,81.36666666666666,0.44534537196159363,-1.213884821499197
TOKYOTECH_s05,81,12,81.4,0.29955148696899414,-1.204854648636486
TOKYOTECH_s05,81,13,81.43333333333334,0.02078624814748764,-1.2148490245411085
TOKYOTECH_s05,81,14,81.46666666666667,-0.19225464761257172,-1.153313269972076
TOKYOTECH_s05,81,15,81.5,-0.3670327961444855,-0.9550186487458918
TOKYOTECH_s05,81,16,81.53333333333333,-0.5451590418815613,-0.5998252818096804
TOKYOTECH_s05,81,17,81.56666666666666,-0.7567306756973267,-0.1184658283261959
TOKYOTECH_s05,81,18,81.6,-0.802571177482605,0.419034749070575
TOKYOTECH_s05,81,19,81.63333333333334,-0.7626610994338989,0.9288124410953381
TOKYOTECH_s05,81,20,81.66666666666667,-0.8176910877227783,1.3414278105349051
TOKYOTECH_s05,81,21,81.7,-0.9158101081848145,1.6199207115539356
TOKYOTECH_s05,81,22,81.73333333333333,-0.9235926866531372,1.7614148511747196
TOKYOTECH_s05,81,23,81.76666666666667,-0.9953542947769165,1.7859812523543455
TOKYOTECH_s05,81,24,81.8,-1.1948336362838745,1.7220065818723742
TOKYOTECH_s05,81,25,81.83333333333333,-1.2913676500320435,1.5961989208436984
TOKYOTECH_s05,81,26,81.86666666666666,-0.7484227418899536,1.4308693942495287
TOKYOTECH_s05,81,27,81.9,0.545343279838562,1.245523813661612
TOKYOTECH_s05,81,28,81.93333333333334,1.4390909671783447,1.0577532312989324
TOKYOTECH_s05,81,29,81.96666666666667,1.39524507522583,0.8807346351897122
TOKYOTECH_s05,81,30,82.0,1.020871877670288,0.7191371633447577
TOKYOTECH_s05,81,31,82.03333333333333,0.7033452391624451,0.5676282396810789
TOKYOTECH_s05,81,32,82.06666666666666,0.41787490248680115,0.4141142257993792
TOKYOTECH_s05,81,33,82.1,0.11731136590242386,0.24597620921372404
TOKYOTECH_s05,81,34,82.13333333333334,-0.00862541701644659,0.055786290811521685
TOKYOTECH_s05,81,35,82.16666666666667,0.14471060037612915,-0.1557321237982069
TOKYOTECH_s05,81,36,82.2,0.3272534906864166,-0.3790957469456482
TOKYOTECH_s05,81,37,82.23333333333333,0.3293549418449402,-0.5963494963056386
TOKYOTECH_s05,81,38,82.26666666666667,0.10549505054950714,-0.7825158651834779
TOKYOTECH_s05,81,39,82.3,-0.1944095492362976,-0.9101091286794408
TOKYOTECH_s05,81,40,82.33333333333333,-0.5035392642021179,-0.9572412151572915
TOKYOTECH_s05,81,41,82.36666666666666,-0.6707128882408142,-0.9164364281171441
TOKYOTECH_s05,81,42,82.4,-0.6949421167373657,-0.7990118385780732
TOKYOTECH_s05,81,43,82.43333333333334,-0.7762405276298523,-0.631477033682963
TOKYOTECH_s05,81,44,82.46666666666667,-0.8687318563461304,-0.4456466938730588
TOKYOTECH_s05,81,45,82.5,-0.8454732298851013,-0.268585098220288
TOKYOTECH_s05,81,46,82.53333333333333,-0.7892856597900391,-0.11797848286528044
TOKYOTECH_s05,81,47,82.56666666666666,-0.9055253863334656,-0.003733184036761785
TOKYOTECH_s05,81,48,82.6,-1.0141962766647339,0.06848239919017093
TOKYOTECH_s05,81,49,82.63333333333334,-1.021685004234314,0.09686607906091572
TOKYOTECH_s05,81,50,82.66666666666667,-1.0890121459960938,0.086883747175501
TOKYOTECH_s05,81,51,82.7,-0.44805511832237244,0.05414098672022636
TOKYOTECH_s05,81,52,82.73333333333333,0.8679989576339722,0.022211458051333913
TOKYOTECH_s05,81,53,82.76666666666667,1.4384765625,0.01471292732865578
TOKYOTECH_s05,81,54,82.8,1.211526870727539,0.04506487655055544
TOKYOTECH_s05,81,55,82.83333333333333,0.8101462125778198,0.10912412723607906
TOKYOTECH_s05,81,56,82.86666666666666,0.45076823234558105,0.18451705071423327
TOKYOTECH_s05,81,57,82.9,0.07662656158208847,0.2373980470042022
TOKYOTECH_s05,81,58,82.93333333333334,-0.22182659804821014,0.23449455151478873
TOKYOTECH_s05,81,59,82.96666666666667,-0.22985848784446716,0.1563210021427528
TOKYOTECH_s05,81,60,83.0,-0.021225327625870705,0.0065617850540438255
TOKYOTECH_s05,81,61,83.03333333333333,0.1038922369480133,-0.18649295057118134
TOKYOTECH_s05,81,62,83.06666666666666,0.022522632032632828,-0.3776891832501484
TOKYOTECH_s05,81,63,83.1,-0.1590941846370697,-0.519350132863686
TOKYOTECH_s05,81,64,83.13333333333334,-0.37312349677085876,-0.5766246254871309
TOKYOTECH_s05,81,65,83.16666666666667,-0.6436965465545654,-0.5374812332235713
TOKYOTECH_s05,81,66,83.2,-0.9164512157440186,-0.413159646703595
TOKYOTECH_s05,81,67,83.23333333333333,-1.0559852123260498,-0.22961444718847482
TOKYOTECH_s05,81,68,83.26666666666667,-1.0423612594604492,-0.015593137023098464
TOKYOTECH_s05,81,69,83.3,-1.0185773372650146,0.2054918006067619
TOKYOTECH_s05,81,70,83.33333333333333,-1.0570448637008667,0.4166210909509397
TOKYOTECH_s05,81,71,83.36666666666666,-0.9523454308509827,0.6036083395620591
TOKYOTECH_s05,81,72,83.4,-0.8947330713272095,0.7521201232154713
TOKYOTECH_s05,81,73,83.43333333333334,-1.0565462112426758,0.8487315198216446
TOKYOTECH_s05,81,74,83.46666666666667,-1.1892058849334717,0.885106007014832
TOKYOTECH_s05,81,75,83.5,-0.8124819397926331,0.8614160425021667
TOKYOTECH_s05,81,76,83.53333333333333,0.5449603796005249,0.7860939131816695
TOKYOTECH_s05,81,77,83.56666666666666,1.5993369817733765,0.6720290432683758
TOKYOTECH_s05,81,78,83.6,1.6722294092178345,0.5313031274513914
TOKYOTECH_s05,81,79,83.63333333333334,1.3175619840621948,0.3708120890788621
TOKYOTECH_s05,81,80,83.66666666666667,0.94785475730896,0.19043891881804578
TOKYOTECH_s05,81,81,83.7,0.6350474953651428,-0.015544490058460113
TOKYOTECH_s05,81,82,83.73333333333333,0.31779688596725464,-0.2541002242367032
TOKYOTECH_s05,81,83,83.76666666666667,0.006797230802476406,-0.5270971001330378
TOKYOTECH_s05,81,84,83.8,-0.06535618007183075,-0.8247292396840733
TOKYOTECH_s05,81,85,83.83333333333333,0.12298355251550674,-1.1210200260299414
TOKYOTECH_s05,81,86,83.86666666666666,0.21879629790782928,-1.37407619056296
TOKYOTECH_s05,81,87,83.9,0.10694649070501328,-1.532934252680781
TOKYOTECH_s05,81,88,83.93333333333334,-0.12401923537254333,-1.5504342387164425
TOKYOTECH_s05,81,89,83.96666666666667,-0.37368446588516235,-1.3983714642019531
TOKYOTECH_s05,81,90,84.0,-0.615469217300415,-1.0789773174953863
TOKYOTECH_s05,81,91,84.03333333333333,-0.8434162735939026,-0.6275571903640795
TOKYOTECH_s05,81,92,84.06666666666666,-0.9790768027305603,-0.10514713038061022
TOKYOTECH_s05,81,93,84.1,-1.0179094076156616,0.4154667395659536
TOKYOTECH_s05,81,94,84.13333333333334,-0.9379467964172363,0.8651281658647532
TOKYOTECH_s05,81,95,84.16666666666667,-0.9065583348274231,1.1908887486126702
TOKYOTECH_s05,81,96,84.2,-0.9417490363121033,1.363951718541659
TOKYOTECH_s05,81,97,84.23333333333333,-1.0471162796020508,1.3827699887279727
TOKYOTECH_s05,81,98,84.26666666666667,-1.0998756885528564,1.271078478036992
TOKYOTECH_s05,81,99,84.3,-1.1415399312973022,1.0704347668667147
TOKYOTECH_s05,81,100,84.33333333333333,-0.8119921684265137,0.8281080489287733
TOKYOTECH_s05,81,101,84.36666666666666,0.5461090207099915,0.583618188791132
TOKYOTECH_s05,81,102,84.4,1.6991033554077148,0.3590843981837782
TOKYOTECH_s05,81,103,84.43333333333334,1.8072221279144287,0.15758353985571022
TOKYOTECH_s05,81,104,84.46666666666667,1.4761784076690674,-0.030427736262012093
TOKYOTECH_s05,81,105,84.5,1.0080493688583374,-0.21683471836900403
TOKYOTECH_s05,81,106,84.53333333333333,0.6336138844490051,-0.4070464908293152
TOKYOTECH_s05,81,107,84.56666666666666,0.3234245479106903,-0.5957735527420094
TOKYOTECH_s05,81,108,84.6,0.05573653057217598,-0.7672305235069921
TOKYOTECH_s05,81,109,84.63333333333334,0.06814054399728775,-0.8979351219599464
TOKYOTECH_s05,81,110,84.66666666666667,0.26741504669189453,-0.9612321584066678
TOKYOTECH_s05,81,111,84.7,0.36772456765174866,-0.9337773194780395
TOKYOTECH_s05,81,112,84.73333333333333,0.28645291924476624,-0.8031741325970114
TOKYOTECH_s05,81,113,84.76666666666667,0.038978204131126404,-0.5741395814179968
TOKYOTECH_s05,81,114,84.8,-0.277381956577301,-0.2703729890223925
TOKYOTECH_s05,81,115,84.83333333333333,-0.5732617378234863,0.06897618299844611
TOKYOTECH_s05,81,116,84.86666666666666,-0.8094900250434875,0.3969727898750042
TOKYOTECH_s05,81,117,84.9,-0.9086775779724121,0.6681055407006633
TOKYOTECH_s05,81,118,84.93333333333334,-0.8667372465133667,0.8469103935786988
TOKYOTECH_s05,81,119,84.96666666666667,-0.8650275468826294,0.9148222877235485
TOKYOTECH_s05,81,120,85.0,-0.9198705554008484,0.8741054928353922
TOKYOTECH_s05,81,121,85.03333333333333,-0.9109036922454834,0.7472117476821846
TOKYOTECH_s05,81,122,85.06666666666666,-0.8452773094177246,0.5702164148019523
TOKYOTECH_s05,81,123,85.1,-0.9391310811042786,0.3811211929755517
TOKYOTECH_s05,81,124,85.13333333333334,-1.020625352859497,0.2071936586326497
TOKYOTECH_s05,81,125,85.16666666666667,-0.380523145198822,0.05725997401655429
TOKYOTECH_s05,81,126,85.2,1.0821796655654907,-0.07724581283086644
TOKYOTECH_s05,81,127,85.23333333333333,1.7683717012405396,-0.2134293198377579
TOKYOTECH_s05,81,128,85.26666666666667,1.5615283250808716,-0.3654628424355852
TOKYOTECH_s05,81,129,85.3,1.1880189180374146,-0.5364758965221498
TOKYOTECH_s05,81,130,85.33333333333333,0.8160231709480286,-0.7165981589631052
TOKYOTECH_s05,81,131,85.36666666666666,0.4254170358181,-0.8857147928165254
TOKYOTECH_s05,81,132,85.4,0.052771322429180145,-1.0176637902551104
TOKYOTECH_s05,81,133,85.43333333333334,-0.04325513541698456,-1.0838834793287375
TOKYOTECH_s05,81,134,85.46666666666667,0.22829744219779968,-1.0571879927648935
TOKYOTECH_s05,81,135,85.5,0.467099130153656,-0.917509536899055
TOKYOTECH_s05,81,136,85.53333333333333,0.4223182499408722,-0.6595789283932106
TOKYOTECH_s05,81,137,85.56666666666666,0.18266171216964722,-0.2994678629140365
TOKYOTECH_s05,81,138,85.6,-0.11191797256469727,0.12428648235413003
TOKYOTECH_s05,81,139,85.63333333333334,-0.39623963832855225,0.5571022426744056
TOKYOTECH_s05,81,140,85.66666666666667,-0.6120854616165161,0.9401067485113693
TOKYOTECH_s05,81,141,85.7,-0.8023841977119446,1.2224306686889492
TOKYOTECH_s05,81,142,85.73333333333333,-0.9267270565032959,1.3707548228784487
TOKYOTECH_s05,81,143,85.76666666666667,-0.8702189326286316,1.3753811293712572
TOKYOTECH_s05,81,144,85.8,-0.8016095161437988,1.2522378004799382
TOKYOTECH_s05,81,145,85.83333333333333,-0.8855436444282532,1.039055014237841
TOKYOTECH_s05,81,146,85.86666666666666,-0.9316156506538391,0.7844605743018245
TOKYOTECH_s05,81,147,85.9,-0.9060062170028687,0.5322749225075717
TOKYOTECH_s05,81,148,85.93333333333334,-0.8638522028923035,0.30795908843493436
TOKYOTECH_s05,81,149,85.96666666666667,-0.21949361264705658,0.11476472202173744
TOKYOTECH_s05,81,150,86.0,1.1191779375076294,-0.05892973302590761
TOKYOTECH_s05,81,151,86.03333333333333,1.749342679977417,-0.22723362496173152
TOKYOTECH_s05,81,152,86.06666666666666,1.5532293319702148,-0.39792341103702566
TOKYOTECH_s05,81,153,86.1,1.0886175632476807,-0.5716083823718013
TOKYOTECH_s05,81,154,86.13333333333334,0.6222783923149109,-0.7459631308778394
TOKYOTECH_s05,81,155,86.16666666666667,0.21367619931697845,-0.9181062311558931
TOKYOTECH_s05,81,156,86.2,-0.07505321502685547,-1.0813059516460928
TOKYOTECH_s05,81,157,86.23333333333333,0.03533625230193138,-1.218824409605453
TOKYOTECH_s05,81,158,86.26666666666667,0.4177413284778595,-1.3016482480583256
TOKYOTECH_s05,81,159,86.3,0.6258580088615417,-1.29493236917834
TOKYOTECH_s05,81,160,86.33333333333333,0.5336605310440063,-1.1714673755241394
TOKYOTECH_s05,81,161,86.36666666666666,0.24426326155662537,-0.9247185511754782
TOKYOTECH_s05,81,162,86.4,-0.14055494964122772,-0.5737950856104991
TOKYOTECH_s05,81,163,86.43333333333334,-0.5150794982910156,-0.1579687459857437
TOKYOTECH_s05,81,164,86.46666666666667,-0.6957524418830872,0.27495376882303685
TOKYOTECH_s05,81,165,86.5,-0.7681373953819275,0.6794028544207327
TOKYOTECH_s05,81,166,86.53333333333333,-0.8217515349388123,1.0183153524292257
TOKYOTECH_s05,81,167,86.56666666666666,-0.8973243236541748,1.2659904774384927
TOKYOTECH_s05,81,168,86.6,-0.900209367275238,1.4096325244475005
TOKYOTECH_s05,81,169,86.63333333333334,-0.8380646705627441,1.4497948404498733
TOKYOTECH_s05,81,170,86.66666666666667,-0.7994368076324463,1.3985385899557443
TOKYOTECH_s05,81,171,86.7,-0.400718629360199,1.274708286713264
TOKYOTECH_s05,81,172,86.73333333333333,0.8823263049125671,1.0976991936516702
TOKYOTECH_s05,81,173,86.76666666666667,1.8265538215637207,0.8824107820908015
TOKYOTECH_s05,81,174,86.8,1.828503966331482,0.6373147467836379
TOKYOTECH_s05,81,175,86.83333333333333,1.5090183019638062,0.36568696782816873
TOKYOTECH_s05,81,176,86.86666666666666,1.2074486017227173,0.06877645912045784
TOKYOTECH_s05,81,177,86.9,0.9305799603462219,-0.25045601879946944
TOKYOTECH_s05,81,178,86.93333333333334,0.6073722243309021,-0.5838434680352773
TOKYOTECH_s05,81,179,86.96666666666667,0.3763352632522583,-0.9151440479746364
TOKYOTECH_s05,81,180,87.0,0.3794785737991333,-1.2184059177838265
TOKYOTECH_s05,81,181,87.03333333333333,0.56951904296875,-1.4588014162236616
TOKYOTECH_s05,81,182,87.06666666666666,0.628226637840271,-1.5973742941173614
TOKYOTECH_s05,81,183,87.1,0.44615569710731506,-1.6000266872744495
TOKYOTECH_s05,81,184,87.13333333333334,0.13766711950302124,-1.4485980364342796
TOKYOTECH_s05,81,185,87.16666666666667,-0.1696193367242813,-1.1495284769097562
TOKYOTECH_s05,81,186,87.2,-0.4516080319881439,-0.7353765764718216
TOKYOTECH_s05,81,187,87.23333333333333,-0.6529839634895325,-0.25767795737980936
TOKYOTECH_s05,81,188,87.26666666666667,-0.7338104248046875,0.22508080841431496
TOKYOTECH_s05,81,189,87.3,-0.7189843654632568,0.6581895092466727
TOKYOTECH_s05,81,190,87.33333333333333,-0.7294917106628418,0.9971833315842135
TOKYOTECH_s05,81,191,87.36666666666666,-0.7329644560813904,1.2115822895099688
TOKYOTECH_s05,81,192,87.4,-0.802891731262207,1.2880651328272
TOKYOTECH_s05,81,193,87.43333333333334,-0.8858909010887146,1.2327861468169705
TOKYOTECH_s05,81,194,87.46666666666667,-0.882836639881134,1.0705404036840138
TOKYOTECH_s05,81,195,87.5,-0.055018022656440735,0.8390143047560938
TOKYOTECH_s05,81,196,87.53333333333333,1.3784511089324951,0.57918154263548
TOKYOTECH_s05,81,197,87.56666666666666,1.9927657842636108,0.32555370037930664
TOKYOTECH_s05,81,198,87.6,1.8525996208190918,0.10009352881662201
TOKYOTECH_s05,81,199,87.63333333333334,1.6047420501708984,-0.08884764363324966
TOKYOTECH_s05,81,200,87.66666666666667,1.3514081239700317,-0.24422026679591824
TOKYOTECH_s05,81,201,87.7,1.0824735164642334,-0.37704629026021025
TOKYOTECH_s05,81,202,87.73333333333333,0.7826400995254517,-0.502571216733351
TOKYOTECH_s05,81,203,87.76666666666667,0.5445329546928406,-0.6343133212904012
TOKYOTECH_s05,81,204,87.8,0.5221291184425354,-0.7760618229420908
TOKYOTECH_s05,81,205,87.83333333333333,0.6439431309700012,-0.915118068926619
TOKYOTECH_s05,81,206,87.86666666666666,0.6328124403953552,-1.021521210696771
TOKYOTECH_s05,81,207,87.9,0.4644010663032532,-1.0557987419019053
TOKYOTECH_s05,81,208,87.93333333333334,0.2200518399477005,-0.982843433925779
TOKYOTECH_s05,81,209,87.96666666666667,-0.06829468160867691,-0.7855670341039606
TOKYOTECH_s05,81,210,88.0,-0.37851962447166443,-0.4722151105805029
TOKYOTECH_s05,81,211,88.03333333333333,-0.6294314861297607,-0.07513951633094307
TOKYOTECH_s05,81,212,88.06666666666666,-0.6613898873329163,0.35660336230042816
TOKYOTECH_s05,81,213,88.1,-0.6092182397842407,0.7666428655169121
TOKYOTECH_s05,81,214,88.13333333333334,-0.6525476574897766,1.1004317620085067
TOKYOTECH_s05,81,215,88.16666666666667,-0.7246387600898743,1.314379466535352
TOKYOTECH_s05,81,216,88.2,-0.736802339553833,1.3849184609305245
TOKYOTECH_s05,81,217,88.23333333333333,-0.8511453866958618,1.3149594040791326
TOKYOTECH_s05,81,218,88.26666666666667,-0.9344472885131836,1.133584256859789
TOKYOTECH_s05,81,219,88.3,-0.35559937357902527,0.8869508500099724
TOKYOTECH_s05,81,220,88.33333333333333,0.9355219602584839,0.6238655723029701
TOKYOTECH_s05,81,221,88.36666666666666,1.7962517738342285,0.3830011655718497
TOKYOTECH_s05,81,222,88.4,1.8257791996002197,0.1863563642962582
TOKYOTECH_s05,81,223,88.43333333333334,1.5546183586120605,0.03854117456723291
TOKYOTECH_s05,81,224,88.46666666666667,1.2827898263931274,-0.07094082973042994
TOKYOTECH_s05,81,225,88.5,1.0526610612869263,-0.16384279187297046
TOKYOTECH_s05,81,226,88.53333333333333,0.7492213845252991,-0.2664196669292518
TOKYOTECH_s05,81,227,88.56666666666666,0.5135719180107117,-0.3984908320976548
TOKYOTECH_s05,81,228,88.6,0.48676034808158875,-0.5613942080879974
TOKYOTECH_s05,81,229,88.63333333333334,0.5963305830955505,-0.7319442841383728
TOKYOTECH_s05,81,230,88.66666666666667,0.5481303930282593,-0.8681750407698162
TOKYOTECH_s05,81,231,88.7,0.3406369984149933,-0.9263389346494385
TOKYOTECH_s05,81,232,88.73333333333333,0.10043727606534958,-0.8814992449802284
TOKYOTECH_s05,81,233,88.76666666666667,-0.18890655040740967,-0.7408715706393317
TOKYOTECH_s05,81,234,88.8,-0.49170511960983276,-0.5424099486999291
TOKYOTECH_s05,81,235,88.83333333333333,-0.6581664085388184,-0.33925224148458527
TOKYOTECH_s05,81,236,88.86666666666666,-0.6612563133239746,-0.17864166610115803
TOKYOTECH_s05,81,237,88.9,-0.7541661858558655,-0.08607630972154076
TOKYOTECH_s05,81,238,88.93333333333334,-0.8094810843467712,-0.06011599299061451
TOKYOTECH_s05,81,239,88.96666666666667,-0.7749582529067993,-0.07651931457860643
TOKYOTECH_s05,82,0,82.0,1.020871877670288,-0.010538934200714228
TOKYOTECH_s05,82,1,82.03333333333333,0.7033452391624451,-1.3223576891948232
TOKYOTECH_s05,82,2,82.06666666666666,0.41787490248680115,-2.4451891249280164
TOKYOTECH_s05,82,3,82.1,0.11731136590242386,-3.237086434928863
TOKYOTECH_s05,82,4,82.13333333333334,-0.00862541701644659,-3.6353015892323017
TOKYOTECH_s05,82,5,82.16666666666667,0.14471060037612915,-3.664131066699057
TOKYOTECH_s05,82,6,82.2,0.3272534906864166,-3.413713345243094
TOKYOTECH_s05,82,7,82.23333333333333,0.3293549418449402,-3.0005280714896063
TOKYOTECH_s05,82,8,82.26666666666667,0.10549505054950714,-2.528135463795717
TOKYOTECH_s05,82,9,82.3,-0.1944095492362976,-2.0635919485805374
TOKYOTECH_s05,82,10,82.33333333333333,-0.5035392642021179,-1.634521510975158
TOKYOTECH_s05,82,11,82.36666666666666,-0.6707128882408142,-1.2410695016561788
TOKYOTECH_s05,82,12,82.4,-0.6949421167373657,-0.872058487491493
TOKYOTECH_s05,82,13,82.43333333333334,-0.7762405276298523,-0.5169380191908953
TOKYOTECH_s05,82,14,82.46666666666667,-0.8687318563461304,-0.17143227085305163
TOKYOTECH_s05,82,15,82.5,-0.8454732298851013,0.16055229647478128
TOKYOTECH_s05,82,16,82.53333333333333,-0.7892856597900391,0.4666060528558244
TOKYOTECH_s05,82,17,82.56666666666666,-0.9055253863334656,0.7277529752820601
TOKYOTECH_s05,82,18,82.6,-1.0141962766647339,0.9241503252462333
TOKYOTECH_s05,82,19,82.63333333333334,-1.021685004234314,1.043728434038026
TOKYOTECH_s05,82,20,82.66666666666667,-1.0890121459960938,1.0894625105069862
TOKYOTECH_s05,82,21,82.7,-0.44805511832237244,1.0801027082096208
TOKYOTECH_s05,82,22,82.73333333333333,0.8679989576339722,1.0428400608823576
TOKYOTECH_s05,82,23,82.76666666666667,1.4384765625,1.0016275717748984
TOKYOTECH_s05,82,24,82.8,1.211526870727539,0.9674696436383777
TOKYOTECH_s05,82,25,82.83333333333333,0.8101462125778198,0.9354271552360454
TOKYOTECH_s05,82,26,82.86666666666666,0.45076823234558105,0.8887729998433507
TOKYOTECH_s05,82,27,82.9,0.07662656158208847,0.8071185996176576
TOKYOTECH_s05,82,28,82.93333333333334,-0.22182659804821014,0.6748404978014717
TOKYOTECH_s05,82,29,82.96666666666667,-0.22985848784446716,0.4875916507936552
TOKYOTECH_s05,82,30,83.0,-0.021225327625870705,0.2558237963390064
TOKYOTECH_s05,82,31,83.03333333333333,0.1038922369480133,0.0046024734830757315
TOKYOTECH_s05,82,32,83.06666666666666,0.022522632032632828,-0.23073983538150766
TOKYOTECH_s05,82,33,83.1,-0.1590941846370697,-0.4126951943807657
TOKYOTECH_s05,82,34,83.13333333333334,-0.37312349677085876,-0.511438740770776
TOKYOTECH_s05,82,35,83.16666666666667,-0.6436965465545654,-0.5131245807370662
TOKYOTECH_s05,82,36,83.2,-0.9164512157440186,-0.4233029781487979
TOKYOTECH_s05,82,37,83.23333333333333,-1.0559852123260498,-0.264052898102399
TOKYOTECH_s05,82,38,83.26666666666667,-1.0423612594604492,-0.0665137989269779
TOKYOTECH_s05,82,39,83.3,-1.0185773372650146,0.13736612910825588
TOKYOTECH_s05,82,40,83.33333333333333,-1.0570448637008667,0.32053225055317075
TOKYOTECH_s05,82,41,83.36666666666666,-0.9523454308509827,0.4631815676430691
TOKYOTECH_s05,82,42,83.4,-0.8947330713272095,0.5534585381495243
TOKYOTECH_s05,82,43,83.43333333333334,-1.0565462112426758,0.5881843597138781
TOKYOTECH_s05,82,44,83.46666666666667,-1.1892058849334717,0.5727476150479501
TOKYOTECH_s05,82,45,83.5,-0.8124819397926331,0.5179164631059298
TOKYOTECH_s05,82,46,83.53333333333333,0.5449603796005249,0.4338134830359168
TOKYOTECH_s05,82,47,83.56666666666666,1.5993369817733765,0.32457830955671985
TOKYOTECH_s05,82,48,83.6,1.6722294092178345,0.18731057004934962
TOKYOTECH_s05,82,49,83.63333333333334,1.3175619840621948,0.015897611927174374
TOKYOTECH_s05,82,50,83.66666666666667,0.94785475730896,-0.19299574828010316
TOKYOTECH_s05,82,51,83.7,0.6350474953651428,-0.4355427494284208
TOKYOTECH_s05,82,52,83.73333333333333,0.31779688596725464,-0.6997502523639194
TOKYOTECH_s05,82,53,83.76666666666667,0.006797230802476406,-0.9667239620624454
TOKYOTECH_s05,82,54,83.8,-0.06535618007183075,-1.2119839538201966
TOKYOTECH_s05,82,55,83.83333333333333,0.12298355251550674,-1.4059200423076768
TOKYOTECH_s05,82,56,83.86666666666666,0.21879629790782928,-1.5149022691070528
TOKYOTECH_s05,82,57,83.9,0.10694649070501328,-1.5057159617905294
TOKYOTECH_s05,82,58,83.93333333333334,-0.12401923537254333,-1.3543227438665169
TOKYOTECH_s05,82,59,83.96666666666667,-0.37368446588516235,-1.0563635000327392
TOKYOTECH_s05,82,60,84.0,-0.615469217300415,-0.6339559453335203
TOKYOTECH_s05,82,61,84.03333333333333,-0.8434162735939026,-0.13413128660059206
TOKYOTECH_s05,82,62,84.06666666666666,-0.9790768027305603,0.38097508766254573
TOKYOTECH_s05,82,63,84.1,-1.0179094076156616,0.847523856774046
TOKYOTECH_s05,82,64,84.13333333333334,-0.9379467964172363,1.2118988146330485
TOKYOTECH_s05,82,65,84.16666666666667,-0.9065583348274231,1.4387084862312542
TOKYOTECH_s05,82,66,84.2,-0.9417490363121033,1.5148351790477284
TOKYOTECH_s05,82,67,84.23333333333333,-1.0471162796020508,1.4501250152992515
TOKYOTECH_s05,82,68,84.26666666666667,-1.0998756885528564,1.274463230102252
TOKYOTECH_s05,82,69,84.3,-1.1415399312973022,1.0304567656027017
TOKYOTECH_s05,82,70,84.33333333333333,-0.8119921684265137,0.7622327356622517
TOKYOTECH_s05,82,71,84.36666666666666,0.5461090207099915,0.5034777180017223
TOKYOTECH_s05,82,72,84.4,1.6991033554077148,0.2697949405725393
TOKYOTECH_s05,82,73,84.43333333333334,1.8072221279144287,0.059350884472964306
TOKYOTECH_s05,82,74,84.46666666666667,1.4761784076690674,-0.13875385454921443
TOKYOTECH_s05,82,75,84.5,1.0080493688583374,-0.33358760173978813
TOKYOTECH_s05,82,76,84.53333333333333,0.6336138844490051,-0.5251497623378228
TOKYOTECH_s05,82,77,84.56666666666666,0.3234245479106903,-0.703678017855276
TOKYOTECH_s05,82,78,84.6,0.05573653057217598,-0.8533489629839973
TOKYOTECH_s05,82,79,84.63333333333334,0.06814054399728775,-0.9560487206298384
TOKYOTECH_s05,82,80,84.66666666666667,0.26741504669189453,-0.9935959983104067
TOKYOTECH_s05,82,81,84.7,0.36772456765174866,-0.9502267251603232
TOKYOTECH_s05,82,82,84.73333333333333,0.28645291924476624,-0.8168772125942021
TOKYOTECH_s05,82,83,84.76666666666667,0.038978204131126404,-0.5961133351567343
TOKYOTECH_s05,82,84,84.8,-0.277381956577301,-0.3049486240996908
TOKYOTECH_s05,82,85,84.83333333333333,-0.5732617378234863,0.02640615532750698
TOKYOTECH_s05,82,86,84.86666666666666,-0.8094900250434875,0.3594920926164862
TOKYOTECH_s05,82,87,84.9,-0.9086775779724121,0.6542080446167143
TOKYOTECH_s05,82,88,84.93333333333334,-0.8667372465133667,0.8753580351880754
TOKYOTECH_s05,82,89,84.96666666666667,-0.8650275468826294,0.9984830532852484
TOKYOTECH_s05,82,90,85.0,-0.9198705554008484,1.0143934952406488
TOKYOTECH_s05,82,91,85.03333333333333,-0.9109036922454834,0.9310541945264652
TOKYOTECH_s05,82,92,85.06666666666666,-0.8452773094177246,0.7711600134047638
TOKYOTECH_s05,82,93,85.1,-0.9391310811042786,0.5650592426752296
TOKYOTECH_s05,82,94,85.13333333333334,-1.020625352859497,0.34144412298402116
TOKYOTECH_s05,82,95,85.16666666666667,-0.380523145198822,0.12015272302307121
TOKYOTECH_s05,82,96,85.2,1.0821796655654907,-0.08954286657333804
TOKYOTECH_s05,82,97,85.23333333333333,1.7683717012405396,-0.28519211495105595
TOKYOTECH_s05,82,98,85.26666666666667,1.5615283250808716,-0.465491087385458
TOKYOTECH_s05,82,99,85.3,1.1880189180374146,-0.6269182152273957
TOKYOTECH_s05,82,100,85.33333333333333,0.8160231709480286,-0.7640244492841263
TOKYOTECH_s05,82,101,85.36666666666666,0.4254170358181,-0.8711993171824562
TOKYOTECH_s05,82,102,85.4,0.052771322429180145,-0.9429681231636733
TOKYOTECH_s05,82,103,85.43333333333334,-0.04325513541698456,-0.9720700218977991
TOKYOTECH_s05,82,104,85.46666666666667,0.22829744219779968,-0.9475400136158032
TOKYOTECH_s05,82,105,85.5,0.467099130153656,-0.8559372063452927
TOKYOTECH_s05,82,106,85.53333333333333,0.4223182499408722,-0.6865804471016358
TOKYOTECH_s05,82,107,85.56666666666666,0.18266171216964722,-0.4383751642114237
TOKYOTECH_s05,82,108,85.6,-0.11191797256469727,-0.12448674830032466
TOKYOTECH_s05,82,109,85.63333333333334,-0.39623963832855225,0.22747655970573835
TOKYOTECH_s05,82,110,85.66666666666667,-0.6120854616165161,0.5793460230302496
TOKYOTECH_s05,82,111,85.7,-0.8023841977119446,0.888509586465877
TOKYOTECH_s05,82,112,85.73333333333333,-0.9267270565032959,1.1154691011624147
TOKYOTECH_s05,82,113,85.76666666666667,-0.8702189326286316,1.2327377030247657
TOKYOTECH_s05,82,114,85.8,-0.8016095161437988,1.2330205010595738
TOKYOTECH_s05,82,115,85.83333333333333,-0.8855436444282532,1.132288724480298
TOKYOTECH_s05,82,116,85.86666666666666,-0.9316156506538391,0.9641156347093536
TOKYOTECH_s05,82,117,85.9,-0.9060062170028687,0.7661513321479645
TOKYOTECH_s05,82,118,85.93333333333334,-0.8638522028923035,0.5652834957237669
TOKYOTECH_s05,82,119,85.96666666666667,-0.21949361264705658,0.3699017995937051
TOKYOTECH_s05,82,120,86.0,1.1191779375076294,0.17313602958883684
TOKYOTECH_s05,82,121,86.03333333333333,1.749342679977417,-0.03641311329710622
TOKYOTECH_s05,82,122,86.06666666666666,1.5532293319702148,-0.2642857251205987
TOKYOTECH_s05,82,123,86.1,1.0886175632476807,-0.5062245658090067
TOKYOTECH_s05,82,124,86.13333333333334,0.6222783923149109,-0.7504521130940107
TOKYOTECH_s05,82,125,86.16666666666667,0.21367619931697845,-0.9810744110184891
TOKYOTECH_s05,82,126,86.2,-0.07505321502685547,-1.178733180035888
TOKYOTECH_s05,82,127,86.23333333333333,0.03533625230193138,-1.319434883044945
TOKYOTECH_s05,82,128,86.26666666666667,0.4177413284778595,-1.375649929042177
TOKYOTECH_s05,82,129,86.3,0.6258580088615417,-1.3226311851788868
TOKYOTECH_s05,82,130,86.33333333333333,0.5336605310440063,-1.1483300344861556
TOKYOTECH_s05,82,131,86.36666666666666,0.24426326155662537,-0.8612732655900609
TOKYOTECH_s05,82,132,86.4,-0.14055494964122772,-0.49097939591770123
TOKYOTECH_s05,82,133,86.43333333333334,-0.5150794982910156,-0.07999189578496001
TOKYOTECH_s05,82,134,86.46666666666667,-0.6957524418830872,0.3277979803810307
TOKYOTECH_s05,82,135,86.5,-0.7681373953819275,0.695970176218884
TOKYOTECH_s05,82,136,86.53333333333333,-0.8217515349388123,0.998651104828215
TOKYOTECH_s05,82,137,86.56666666666666,-0.8973243236541748,1.2198031175116961
TOKYOTECH_s05,82,138,86.6,-0.900209367275238,1.3518230875768156
TOKYOTECH_s05,82,139,86.63333333333334,-0.8380646705627441,1.394613808721756
TOKYOTECH_s05,82,140,86.66666666666667,-0.7994368076324463,1.3544340981256435
TOKYOTECH_s05,82,141,86.7,-0.400718629360199,1.241694598387306
TOKYOTECH_s05,82,142,86.73333333333333,0.8823263049125671,1.0681565881713573
TOKYOTECH_s05,82,143,86.76666666666667,1.8265538215637207,0.8448925805084168
TOKYOTECH_s05,82,144,86.8,1.828503966331482,0.5816479391554665
TOKYOTECH_s05,82,145,86.83333333333333,1.5090183019638062,0.2871022230812179
TOKYOTECH_s05,82,146,86.86666666666666,1.2074486017227173,-0.030505705796280244
TOKYOTECH_s05,82,147,86.9,0.9305799603462219,-0.3622318599538199
TOKYOTECH_s05,82,148,86.93333333333334,0.6073722243309021,-0.6963305547997193
TOKYOTECH_s05,82,149,86.96666666666667,0.3763352632522583,-1.0153742230471459
TOKYOTECH_s05,82,150,87.0,0.3794785737991333,-1.2939088267145875
TOKYOTECH_s05,82,151,87.03333333333333,0.56951904296875,-1.4988360376173238
TOKYOTECH_s05,82,152,87.06666666666666,0.628226637840271,-1.5944131040750664
TOKYOTECH_s05,82,153,87.1,0.44615569710731506,-1.5518673387980304
TOKYOTECH_s05,82,154,87.13333333333334,0.13766711950302124,-1.360683014106863
TOKYOTECH_s05,82,155,87.16666666666667,-0.1696193367242813,-1.0363098545904366
TOKYOTECH_s05,82,156,87.2,-0.4516080319881439,-0.619319929233761
TOKYOTECH_s05,82,157,87.23333333333333,-0.6529839634895325,-0.1650634899643454
TOKYOTECH_s05,82,158,87.26666666666667,-0.7338104248046875,0.2710642697947743
TOKYOTECH_s05,82,159,87.3,-0.7189843654632568,0.6450722045024653
TOKYOTECH_s05,82,160,87.33333333333333,-0.7294917106628418,0.9288399005572702
TOKYOTECH_s05,82,161,87.36666666666666,-0.7329644560813904,1.109561624087478
TOKYOTECH_s05,82,162,87.4,-0.802891731262207,1.1876576722271834
TOKYOTECH_s05,82,163,87.43333333333334,-0.8858909010887146,1.174532182635169
TOKYOTECH_s05,82,164,87.46666666666667,-0.882836639881134,1.0893756376989623
TOKYOTECH_s05,82,165,87.5,-0.055018022656440735,0.9541634620462579
TOKYOTECH_s05,82,166,87.53333333333333,1.3784511089324951,0.7879628231226705
TOKYOTECH_s05,82,167,87.56666666666666,1.9927657842636108,0.603221921083799
TOKYOTECH_s05,82,168,87.6,1.8525996208190918,0.4058228672122747
TOKYOTECH_s05,82,169,87.63333333333334,1.6047420501708984,0.19811421540105947
TOKYOTECH_s05,82,170,87.66666666666667,1.3514081239700317,-0.017799016391098366
TOKYOTECH_s05,82,171,87.7,1.0824735164642334,-0.23867485016301074
TOKYOTECH_s05,82,172,87.73333333333333,0.7826400995254517,-0.46003406534697755
TOKYOTECH_s05,82,173,87.76666666666667,0.5445329546928406,-0.6748770342737647
TOKYOTECH_s05,82,174,87.8,0.5221291184425354,-0.870340536984499
TOKYOTECH_s05,82,175,87.83333333333333,0.6439431309700012,-1.0247301713502655
TOKYOTECH_s05,82,176,87.86666666666666,0.6328124403953552,-1.108983504540566
TOKYOTECH_s05,82,177,87.9,0.4644010663032532,-1.0945555499212514
TOKYOTECH_s05,82,178,87.93333333333334,0.2200518399477005,-0.9648849085169695
TOKYOTECH_s05,82,179,87.96666666666667,-0.06829468160867691,-0.7241439155896714
TOKYOTECH_s05,82,180,88.0,-0.37851962447166443,-0.3982713320758862
TOKYOTECH_s05,82,181,88.03333333333333,-0.6294314861297607,-0.028172053924264372
TOKYOTECH_s05,82,182,88.06666666666666,-0.6613898873329163,0.34039400458907987
TOKYOTECH_s05,82,183,88.1,-0.6092182397842407,0.6649618381059632
TOKYOTECH_s05,82,184,88.13333333333334,-0.6525476574897766,0.9109263697065938
TOKYOTECH_s05,82,185,88.16666666666667,-0.7246387600898743,1.0546337074068708
TOKYOTECH_s05,82,186,88.2,-0.736802339553833,1.086868780013794
TOKYOTECH_s05,82,187,88.23333333333333,-0.8511453866958618,1.015500231627845
TOKYOTECH_s05,82,188,88.26666666666667,-0.9344472885131836,0.8638845230969304
TOKYOTECH_s05,82,189,88.3,-0.35559937357902527,0.6633583008745418
TOKYOTECH_s05,82,190,88.33333333333333,0.9355219602584839,0.44311558283693775
TOKYOTECH_s05,82,191,88.36666666666666,1.7962517738342285,0.2235315588826189
TOKYOTECH_s05,82,192,88.4,1.8257791996002197,0.015791198076236655
TOKYOTECH_s05,82,193,88.43333333333334,1.5546183586120605,-0.17475468169747432
TOKYOTECH_s05,82,194,88.46666666666667,1.2827898263931274,-0.3460754641133292
TOKYOTECH_s05,82,195,88.5,1.0526610612869263,-0.4996425295065532
TOKYOTECH_s05,82,196,88.53333333333333,0.7492213845252991,-0.6406123238129904
TOKYOTECH_s05,82,197,88.56666666666666,0.5135719180107117,-0.773993753423451
TOKYOTECH_s05,82,198,88.6,0.48676034808158875,-0.8969235031332651
TOKYOTECH_s05,82,199,88.63333333333334,0.5963305830955505,-0.9923429363142696
TOKYOTECH_s05,82,200,88.66666666666667,0.5481303930282593,-1.0300732130290235
TOKYOTECH_s05,82,201,88.7,0.3406369984149933,-0.977028085286741
TOKYOTECH_s05,82,202,88.73333333333333,0.10043727606534958,-0.8122620780578371
TOKYOTECH_s05,82,203,88.76666666666667,-0.18890655040740967,-0.5388279381241268
TOKYOTECH_s05,82,204,88.8,-0.49170511960983276,-0.18574289618557274
TOKYOTECH_s05,82,205,88.83333333333333,-0.6581664085388184,0.20073185889744588
TOKYOTECH_s05,82,206,88.86666666666666,-0.6612563133239746,0.5705260962898997
TOKYOTECH_s05,82,207,88.9,-0.7541661858558655,0.8800945582523534
TOKYOTECH_s05,82,208,88.93333333333334,-0.8094810843467712,1.0969006951016513
TOKYOTECH_s05,82,209,88.96666666666667,-0.7749582529067993,1.2010595568367397
TOKYOTECH_s05,82,210,89.0,-0.7773535847663879,1.187314320515924
TOKYOTECH_s05,82,211,89.03333333333333,-0.8823023438453674,1.066815241700651
TOKYOTECH_s05,82,212,89.06666666666666,-1.002994418144226,0.8656811567530074
TOKYOTECH_s05,82,213,89.1,-1.0208746194839478,0.6184873126523693
TOKYOTECH_s05,82,214,89.13333333333334,-0.6123437285423279,0.35866927189402353
TOKYOTECH_s05,82,215,89.16666666666667,0.6469261646270752,0.11064830311967969
TOKYOTECH_s05,82,216,89.2,1.657349944114685,-0.11265314782999153
TOKYOTECH_s05,82,217,89.23333333333333,1.762414574623108,-0.3072277311240278
TOKYOTECH_s05,82,218,89.26666666666667,1.44984769821167,-0.47405524522942505
TOKYOTECH_s05,82,219,89.3,1.11394202709198,-0.6171918527432952
TOKYOTECH_s05,82,220,89.33333333333333,0.8358357548713684,-0.7431414408488198
TOKYOTECH_s05,82,221,89.36666666666666,0.4637599587440491,-0.8578293651782143
TOKYOTECH_s05,82,222,89.4,0.16526226699352264,-0.9597503397262092
TOKYOTECH_s05,82,223,89.43333333333334,0.20667722821235657,-1.0331432462842143
TOKYOTECH_s05,82,224,89.46666666666667,0.4533950686454773,-1.048072585593052
TOKYOTECH_s05,82,225,89.5,0.4744453728199005,-0.9710982572616719
TOKYOTECH_s05,82,226,89.53333333333333,0.22252729535102844,-0.7818753451841776
TOKYOTECH_s05,82,227,89.56666666666666,-0.08823192119598389,-0.48541474823335706
TOKYOTECH_s05,82,228,89.6,-0.39665815234184265,-0.1128914824215399
TOKYOTECH_s05,82,229,89.63333333333334,-0.5154980421066284,0.28793899062006556
TOKYOTECH_s05,82,230,89.66666666666667,-0.6712560653686523,0.6658945709992823
TOKYOTECH_s05,82,231,89.7,-0.850709080696106,0.9765216284064946
TOKYOTECH_s05,82,232,89.73333333333333,-0.8252599239349365,1.1875599079618215
TOKYOTECH_s05,82,233,89.76666666666667,-0.8325527310371399,1.2819747055939845
TOKYOTECH_s05,82,234,89.8,-0.8180383443832397,1.259932974353908
TOKYOTECH_s05,82,235,89.83333333333333,-0.8852319717407227,1.138163461712811
TOKYOTECH_s05,82,236,89.86666666666666,-0.9402263164520264,0.9446717830336738
TOKYOTECH_s05,82,237,89.9,-0.5490325093269348,0.7094148396335043
TOKYOTECH_s05,82,238,89.93333333333334,0.5993314385414124,0.45496240703272817
TOKYOTECH_s05,82,239,89.96666666666667,1.4507648944854736,0.19230014272540785
TOKYOTECH_s05,83,0,83.0,-0.021225327625870705,0.02808281800221172
TOKYOTECH_s05,83,1,83.03333333333333,0.1038922369480133,-1.5774985796197651
TOKYOTECH_s05,83,2,83.06666666666666,0.022522632032632828,-2.923336864082473
TOKYOTECH_s05,83,3,83.1,-0.1590941846370697,-3.8112319582311107
TOKYOTECH_s05,83,4,83.13333333333334,-0.37312349677085876,-4.149294091441215
TOKYOTECH_s05,83,5,83.16666666666667,-0.6436965465545654,-3.9659511505978147
TOKYOTECH_s05,83,6,83.2,-0.9164512157440186,-3.386905978254445
TOKYOTECH_s05,83,7,83.23333333333333,-1.0559852123260498,-2.5862800066177445
TOKYOTECH_s05,83,8,83.26666666666667,-1.0423612594604492,-1.733353422700983
TOKYOTECH_s05,83,9,83.3,-1.0185773372650146,-0.9544440128389441
TOKYOTECH_s05,83,10,83.33333333333333,-1.0570448637008667,-0.3186870054759472
TOKYOTECH_s05,83,11,83.36666666666666,-0.9523454308509827,0.15560459247156785
TOKYOTECH_s05,83,12,83.4,-0.8947330713272095,0.4838810354574181
TOKYOTECH_s05,83,13,83.43333333333334,-1.0565462112426758,0.6971441262671167
TOKYOTECH_s05,83,14,83.46666666666667,-1.1892058849334717,0.8277394495474515
TOKYOTECH_s05,83,15,83.5,-0.8124819397926331,0.9002174133851836
TOKYOTECH_s05,83,16,83.53333333333333,0.5449603796005249,0.9271266925431848
TOKYOTECH_s05,83,17,83.56666666666666,1.5993369817733765,0.9097916611012377
TOKYOTECH_s05,83,18,83.6,1.6722294092178345,0.8432962877459983
TOKYOTECH_s05,83,19,83.63333333333334,1.3175619840621948,0.7232682873223626
TOKYOTECH_s05,83,20,83.66666666666667,0.94785475730896,0.5512209098408619
TOKYOTECH_s05,83,21,83.7,0.6350474953651428,0.3362340557565244
TOKYOTECH_s05,83,22,83.73333333333333,0.31779688596725464,0.09333916383987467
TOKYOTECH_s05,83,23,83.76666666666667,0.006797230802476406,-0.15888700656732038
TOKYOTECH_s05,83,24,83.8,-0.06535618007183075,-0.3991398161148131
TOKYOTECH_s05,83,25,83.83333333333333,0.12298355251550674,-0.6024464362682511
TOKYOTECH_s05,83,26,83.86666666666666,0.21879629790782928,-0.7398645396231103
TOKYOTECH_s05,83,27,83.9,0.10694649070501328,-0.7819058756070162
TOKYOTECH_s05,83,28,83.93333333333334,-0.12401923537254333,-0.706542591923098
TOKYOTECH_s05,83,29,83.96666666666667,-0.37368446588516235,-0.5089227419053072
TOKYOTECH_s05,83,30,84.0,-0.615469217300415,-0.20743002490200738
TOKYOTECH_s05,83,31,84.03333333333333,-0.8434162735939026,0.15812780824349856
TOKYOTECH_s05,83,32,84.06666666666666,-0.9790768027305603,0.5357646466885709
TOKYOTECH_s05,83,33,84.1,-1.0179094076156616,0.873328131273884
TOKYOTECH_s05,83,34,84.13333333333334,-0.9379467964172363,1.128333319056154
TOKYOTECH_s05,83,35,84.16666666666667,-0.9065583348274231,1.2734648962430284
TOKYOTECH_s05,83,36,84.2,-0.9417490363121033,1.298444272258337
TOKYOTECH_s05,83,37,84.23333333333333,-1.0471162796020508,1.2098005514272734
TOKYOTECH_s05,83,38,84.26666666666667,-1.0998756885528564,1.0288478671700996
TOKYOTECH_s05,83,39,84.3,-1.1415399312973022,0.7869714260375478
TOKYOTECH_s05,83,40,84.33333333333333,-0.8119921684265137,0.5180720663303555
TOKYOTECH_s05,83,41,84.36666666666666,0.5461090207099915,0.2501344817589575
TOKYOTECH_s05,83,42,84.4,1.6991033554077148,-0.0005999654758772968
TOKYOTECH_s05,83,43,84.43333333333334,1.8072221279144287,-0.2301153484234652
TOKYOTECH_s05,83,44,84.46666666666667,1.4761784076690674,-0.4419982017262729
TOKYOTECH_s05,83,45,84.5,1.0080493688583374,-0.6407562648186563
TOKYOTECH_s05,83,46,84.53333333333333,0.6336138844490051,-0.826453574873868
TOKYOTECH_s05,83,47,84.56666666666666,0.3234245479106903,-0.9921560541377686
TOKYOTECH_s05,83,48,84.6,0.05573653057217598,-1.12353901802412
TOKYOTECH_s05,83,49,84.63333333333334,0.06814054399728775,-1.1996795948380417
TOKYOTECH_s05,83,50,84.66666666666667,0.26741504669189453,-1.1957594007393937
TOKYOTECH_s05,83,51,84.7,0.36772456765174866,-1.0892988943384911
TOKYOTECH_s05,83,52,84.73333333333333,0.28645291924476624,-0.8694421773867826
TOKYOTECH_s05,83,53,84.76666666666667,0.038978204131126404,-0.5456039064705381
TOKYOTECH_s05,83,54,84.8,-0.277381956577301,-0.15068016157073327
TOKYOTECH_s05,83,55,84.83333333333333,-0.5732617378234863,0.2638406442004654
TOKYOTECH_s05,83,56,84.86666666666666,-0.8094900250434875,0.6393914109406579
TOKYOTECH_s05,83,57,84.9,-0.9086775779724121,0.9238921767664956
TOKYOTECH_s05,83,58,84.93333333333334,-0.8667372465133667,1.0828636130085083
TOKYOTECH_s05,83,59,84.96666666666667,-0.8650275468826294,1.1056556766670893
TOKYOTECH_s05,83,60,85.0,-0.9198705554008484,1.0061807215872394
TOKYOTECH_s05,83,61,85.03333333333333,-0.9109036922454834,0.818304181141671
TOKYOTECH_s05,83,62,85.06666666666666,-0.8452773094177246,0.5863796786737864
TOKYOTECH_s05,83,63,85.1,-0.9391310811042786,0.35271568294315114
TOKYOTECH_s05,83,64,85.13333333333334,-1.020625352859497,0.14613227572807092
TOKYOTECH_s05,83,65,85.16666666666667,-0.380523145198822,-0.02345008724817016
TOKYOTECH_s05,83,66,85.2,1.0821796655654907,-0.16225397176719653
TOKYOTECH_s05,83,67,85.23333333333333,1.7683717012405396,-0.2840653015147989
TOKYOTECH_s05,83,68,85.26666666666667,1.5615283250808716,-0.4009741606756221
TOKYOTECH_s05,83,69,85.3,1.1880189180374146,-0.5179532818485875
TOKYOTECH_s05,83,70,85.33333333333333,0.8160231709480286,-0.6323566690524399
TOKYOTECH_s05,83,71,85.36666666666666,0.4254170358181,-0.7360260349578144
TOKYOTECH_s05,83,72,85.4,0.052771322429180145,-0.8169736627811856
TOKYOTECH_s05,83,73,85.43333333333334,-0.04325513541698456,-0.8596601067882325
TOKYOTECH_s05,83,74,85.46666666666667,0.22829744219779968,-0.8456950020066387
TOKYOTECH_s05,83,75,85.5,0.467099130153656,-0.7575047703243272
TOKYOTECH_s05,83,76,85.53333333333333,0.4223182499408722,-0.5850161158824282
TOKYOTECH_s05,83,77,85.56666666666666,0.18266171216964722,-0.33220695308817255
TOKYOTECH_s05,83,78,85.6,-0.11191797256469727,-0.019638161971510495
TOKYOTECH_s05,83,79,85.63333333333334,-0.39623963832855225,0.31863094410280113
TOKYOTECH_s05,83,80,85.66666666666667,-0.6120854616165161,0.6419038747273625
TOKYOTECH_s05,83,81,85.7,-0.8023841977119446,0.9102797643880991
TOKYOTECH_s05,83,82,85.73333333333333,-0.9267270565032959,1.0913300375642419
TOKYOTECH_s05,83,83,85.76666666666667,-0.8702189326286316,1.1664162374185596
TOKYOTECH_s05,83,84,85.8,-0.8016095161437988,1.1356743408867636
TOKYOTECH_s05,83,85,85.83333333333333,-0.8855436444282532,1.018516318485565
TOKYOTECH_s05,83,86,85.86666666666666,-0.9316156506538391,0.8471390430319464
TOKYOTECH_s05,83,87,85.9,-0.9060062170028687,0.6543818733904063
TOKYOTECH_s05,83,88,85.93333333333334,-0.8638522028923035,0.46173914951079625
TOKYOTECH_s05,83,89,85.96666666666667,-0.21949361264705658,0.27428702787686343
TOKYOTECH_s05,83,90,86.0,1.1191779375076294,0.08491293241981526
TOKYOTECH_s05,83,91,86.03333333333333,1.749342679977417,-0.11595598222758488
TOKYOTECH_s05,83,92,86.06666666666666,1.5532293319702148,-0.3319447989643284
TOKYOTECH_s05,83,93,86.1,1.0886175632476807,-0.5582280285426799
TOKYOTECH_s05,83,94,86.13333333333334,0.6222783923149109,-0.7838875774240915
TOKYOTECH_s05,83,95,86.16666666666667,0.21367619931697845,-0.9943463403283814
TOKYOTECH_s05,83,96,86.2,-0.07505321502685547,-1.1708418129385887
TOKYOTECH_s05,83,97,86.23333333333333,0.03533625230193138,-1.2886487440100933
TOKYOTECH_s05,83,98,86.26666666666667,0.4177413284778595,-1.3186169806100771
TOKYOTECH_s05,83,99,86.3,0.6258580088615417,-1.234943321531631
TOKYOTECH_s05,83,100,86.33333333333333,0.5336605310440063,-1.0268753923064422
TOKYOTECH_s05,83,101,86.36666666666666,0.24426326155662537,-0.7076156141449078
TOKYOTECH_s05,83,102,86.4,-0.14055494964122772,-0.3141064138584707
TOKYOTECH_s05,83,103,86.43333333333334,-0.5150794982910156,0.10329953152784564
TOKYOTECH_s05,83,104,86.46666666666667,-0.6957524418830872,0.4956294297237277
TOKYOTECH_s05,83,105,86.5,-0.7681373953819275,0.8264002033947115
TOKYOTECH_s05,83,106,86.53333333333333,-0.8217515349388123,1.07494265980449
TOKYOTECH_s05,83,107,86.56666666666666,-0.8973243236541748,1.2337711943911782
TOKYOTECH_s05,83,108,86.6,-0.900209367275238,1.3041428784171702
TOKYOTECH_s05,83,109,86.63333333333334,-0.8380646705627441,1.2925439489164858
TOKYOTECH_s05,83,110,86.66666666666667,-0.7994368076324463,1.2085290349147753
TOKYOTECH_s05,83,111,86.7,-0.400718629360199,1.0631728373319045
TOKYOTECH_s05,83,112,86.73333333333333,0.8823263049125671,0.8677991769003728
TOKYOTECH_s05,83,113,86.76666666666667,1.8265538215637207,0.6332979616294904
TOKYOTECH_s05,83,114,86.8,1.828503966331482,0.37003957687158734
TOKYOTECH_s05,83,115,86.83333333333333,1.5090183019638062,0.08790039947403801
TOKYOTECH_s05,83,116,86.86666666666666,1.2074486017227173,-0.20375553067216495
TOKYOTECH_s05,83,117,86.9,0.9305799603462219,-0.4956349266260627
TOKYOTECH_s05,83,118,86.93333333333334,0.6073722243309021,-0.7770647892542647
TOKYOTECH_s05,83,119,86.96666666666667,0.3763352632522583,-1.0336546408579514
TOKYOTECH_s05,83,120,87.0,0.3794785737991333,-1.2451466296905762
TOKYOTECH_s05,83,121,87.03333333333333,0.56951904296875,-1.3853090646991237
TOKYOTECH_s05,83,122,87.06666666666666,0.628226637840271,-1.4257451815545161
TOKYOTECH_s05,83,123,87.1,0.44615569710731506,-1.3439983028361575
TOKYOTECH_s05,83,124,87.13333333333334,0.13766711950302124,-1.1334833107981097
TOKYOTECH_s05,83,125,87.16666666666667,-0.1696193367242813,-0.8103302750382617
TOKYOTECH_s05,83,126,87.2,-0.4516080319881439,-0.4123843922022939
TOKYOTECH_s05,83,127,87.23333333333333,-0.6529839634895325,0.010485496936951366
TOKYOTECH_s05,83,128,87.26666666666667,-0.7338104248046875,0.40975076239564195
TOKYOTECH_s05,83,129,87.3,-0.7189843654632568,0.7478853869745469
TOKYOTECH_s05,83,130,87.33333333333333,-0.7294917106628418,1.0010558284069109
TOKYOTECH_s05,83,131,87.36666666666666,-0.7329644560813904,1.157295985516794
TOKYOTECH_s05,83,132,87.4,-0.802891731262207,1.2141711414172045
TOKYOTECH_s05,83,133,87.43333333333334,-0.8858909010887146,1.17764686119461
TOKYOTECH_s05,83,134,87.46666666666667,-0.882836639881134,1.0612379182743763
TOKYOTECH_s05,83,135,87.5,-0.055018022656440735,0.88385945568314
TOKYOTECH_s05,83,136,87.53333333333333,1.3784511089324951,0.6663199019276204
TOKYOTECH_s05,83,137,87.56666666666666,1.9927657842636108,0.42802294654652007
TOKYOTECH_s05,83,138,87.6,1.8525996208190918,0.1852460040561854
TOKYOTECH_s05,83,139,87.63333333333334,1.6047420501708984,-0.049193282902791596
TOKYOTECH_s05,83,140,87.66666666666667,1.3514081239700317,-0.2662170637469415
TOKYOTECH_s05,83,141,87.7,1.0824735164642334,-0.46137976674367953
TOKYOTECH_s05,83,142,87.73333333333333,0.7826400995254517,-0.6349091691932507
TOKYOTECH_s05,83,143,87.76666666666667,0.5445329546928406,-0.7886112784977413
TOKYOTECH_s05,83,144,87.8,0.5221291184425354,-0.9197062783041295
TOKYOTECH_s05,83,145,87.83333333333333,0.6439431309700012,-1.015162047114573
TOKYOTECH_s05,83,146,87.86666666666666,0.6328124403953552,-1.051364138119169
TOKYOTECH_s05,83,147,87.9,0.4644010663032532,-1.001422929083458
TOKYOTECH_s05,83,148,87.93333333333334,0.2200518399477005,-0.8473029455024172
TOKYOTECH_s05,83,149,87.96666666666667,-0.06829468160867691,-0.590263302023972
TOKYOTECH_s05,83,150,88.0,-0.37851962447166443,-0.2539819107794016
TOKYOTECH_s05,83,151,88.03333333333333,-0.6294314861297607,0.1207950061761038
TOKYOTECH_s05,83,152,88.06666666666666,-0.6613898873329163,0.48657512506521033
TOKYOTECH_s05,83,153,88.1,-0.6092182397842407,0.7992156154136673
TOKYOTECH_s05,83,154,88.13333333333334,-0.6525476574897766,1.024692131040053
TOKYOTECH_s05,83,155,88.16666666666667,-0.7246387600898743,1.1426465588248151
TOKYOTECH_s05,83,156,88.2,-0.736802339553833,1.148042364953749
TOKYOTECH_s05,83,157,88.23333333333333,-0.8511453866958618,1.0512023361757687
TOKYOTECH_s05,83,158,88.26666666666667,-0.9344472885131836,0.8750289154695395
TOKYOTECH_s05,83,159,88.3,-0.35559937357902527,0.6487790361230789
TOKYOTECH_s05,83,160,88.33333333333333,0.9355219602584839,0.4006827413343697
TOKYOTECH_s05,83,161,88.36666666666666,1.7962517738342285,0.15324530739596529
TOKYOTECH_s05,83,162,88.4,1.8257791996002197,-0.07743965745384208
TOKYOTECH_s05,83,163,88.43333333333334,1.5546183586120605,-0.28065016312773655
TOKYOTECH_s05,83,164,88.46666666666667,1.2827898263931274,-0.45114277599855007
TOKYOTECH_s05,83,165,88.5,1.0526610612869263,-0.5905653853950362
TOKYOTECH_s05,83,166,88.53333333333333,0.7492213845252991,-0.7070673543526467
TOKYOTECH_s05,83,167,88.56666666666666,0.5135719180107117,-0.8099104905864098
TOKYOTECH_s05,83,168,88.6,0.48676034808158875,-0.9001647979614313
TOKYOTECH_s05,83,169,88.63333333333334,0.5963305830955505,-0.9633559499394342
TOKYOTECH_s05,83,170,88.66666666666667,0.5481303930282593,-0.9705033640606305
TOKYOTECH_s05,83,171,88.7,0.3406369984149933,-0.8893993658223855
TOKYOTECH_s05,83,172,88.73333333333333,0.10043727606534958,-0.7010537550692351
TOKYOTECH_s05,83,173,88.76666666666667,-0.18890655040740967,-0.412127235854093
TOKYOTECH_s05,83,174,88.8,-0.49170511960983276,-0.05635360503862077
TOKYOTECH_s05,83,175,88.83333333333333,-0.6581664085388184,0.315315019590587
TOKYOTECH_s05,83,176,88.86666666666666,-0.6612563133239746,0.6496269789015022
TOKYOTECH_s05,83,177,88.9,-0.7541661858558655,0.9032708695712428
TOKYOTECH_s05,83,178,88.93333333333334,-0.8094810843467712,1.049013654930766
TOKYOTECH_s05,83,179,88.96666666666667,-0.7749582529067993,1.0773958438340325
TOKYOTECH_s05,83,180,89.0,-0.7773535847663879,0.9964941288157914
TOKYOTECH_s05,83,181,89.03333333333333,-0.8823023438453674,0.8299317000221056
TOKYOTECH_s05,83,182,89.06666666666666,-1.002994418144226,0.6116249641504844
TOKYOTECH_s05,83,183,89.1,-1.0208746194839478,0.37689715119357114
TOKYOTECH_s05,83,184,89.13333333333334,-0.6123437285423279,0.15288081428720762
TOKYOTECH_s05,83,185,89.16666666666667,0.6469261646270752,-0.04701337120351592
TOKYOTECH_s05,83,186,89.2,1.657349944114685,-0.22197575656516708
TOKYOTECH_s05,83,187,89.23333333333333,1.762414574623108,-0.3777903606379428
TOKYOTECH_s05,83,188,89.26666666666667,1.44984769821167,-0.520461356517994
TOKYOTECH_s05,83,189,89.3,1.11394202709198,-0.6529122542574495
TOKYOTECH_s05,83,190,89.33333333333333,0.8358357548713684,-0.7741764671891946
TOKYOTECH_s05,83,191,89.36666666666666,0.4637599587440491,-0.8779482557244598
TOKYOTECH_s05,83,192,89.4,0.16526226699352264,-0.9494234750369949
TOKYOTECH_s05,83,193,89.43333333333334,0.20667722821235657,-0.9636392291380037
TOKYOTECH_s05,83,194,89.46666666666667,0.4533950686454773,-0.8902852856955447
TOKYOTECH_s05,83,195,89.5,0.4744453728199005,-0.7063245243848417
TOKYOTECH_s05,83,196,89.53333333333333,0.22252729535102844,-0.41046414869404385
TOKYOTECH_s05,83,197,89.56666666666666,-0.08823192119598389,-0.02982408549783661
TOKYOTECH_s05,83,198,89.6,-0.39665815234184265,0.3861007080191322
TOKYOTECH_s05,83,199,89.63333333333334,-0.5154980421066284,0.7805158244738375
TOKYOTECH_s05,83,200,89.66666666666667,-0.6712560653686523,1.1048849045424185
TOKYOTECH_s05,83,201,89.7,-0.850709080696106,1.327894305074517
TOKYOTECH_s05,83,202,89.73333333333333,-0.8252599239349365,1.4364620661623901
TOKYOTECH_s05,83,203,89.76666666666667,-0.8325527310371399,1.432265658649516
TOKYOTECH_s05,83,204,89.8,-0.8180383443832397,1.327609797371366
TOKYOTECH_s05,83,205,89.83333333333333,-0.8852319717407227,1.1419333679723804
TOKYOTECH_s05,83,206,89.86666666666666,-0.9402263164520264,0.8983846267064176
TOKYOTECH_s05,83,207,89.9,-0.5490325093269348,0.6200650757555134
TOKYOTECH_s05,83,208,89.93333333333334,0.5993314385414124,0.3269306734985467
TOKYOTECH_s05,83,209,89.96666666666667,1.4507648944854736,0.0347880895953433
TOKYOTECH_s05,83,210,90.0,1.4847534894943237,-0.243782179989188
TOKYOTECH_s05,83,211,90.03333333333333,1.2078315019607544,-0.49855667258090647
TOKYOTECH_s05,83,212,90.06666666666666,0.930962860584259,-0.7225878137731743
TOKYOTECH_s05,83,213,90.1,0.5593945980072021,-0.914400376916417
TOKYOTECH_s05,83,214,90.13333333333334,0.1483258455991745,-1.078600057909885
TOKYOTECH_s05,83,215,90.16666666666667,-0.014814065769314766,-1.2220179434176475
TOKYOTECH_s05,83,216,90.2,0.16980357468128204,-1.345744851038294
TOKYOTECH_s05,83,217,90.23333333333333,0.34229323267936707,-1.43766435108249
TOKYOTECH_s05,83,218,90.26666666666667,0.22456644475460052,-1.4718444983256764
TOKYOTECH_s05,83,219,90.3,0.06938717514276505,-1.4179489021992202
TOKYOTECH_s05,83,220,90.33333333333333,-0.15198835730552673,-1.2567097405862464
TOKYOTECH_s05,83,221,90.36666666666666,-0.5628790259361267,-0.9920719717996007
TOKYOTECH_s05,83,222,90.4,-0.8001936674118042,-0.6519490144001584
TOKYOTECH_s05,83,223,90.43333333333334,-0.9204850196838379,-0.27717145881271055
TOKYOTECH_s05,83,224,90.46666666666667,-0.9503329992294312,0.09320157545249555
TOKYOTECH_s05,83,225,90.5,-0.9738320112228394,0.4302373700850781
TOKYOTECH_s05,83,226,90.53333333333333,-1.064613699913025,0.7145407704971322
TOKYOTECH_s05,83,227,90.56666666666666,-0.9320430755615234,0.9320296995666658
TOKYOTECH_s05,83,228,90.6,-1.0135551691055298,1.0715793083162688
TOKYOTECH_s05,83,229,90.63333333333334,-1.1817171573638916,1.1256239002661856
TOKYOTECH_s05,83,230,90.66666666666667,-1.0255674123764038,1.092323659296692
TOKYOTECH_s05,83,231,90.7,-0.03439512848854065,0.978054612491089
TOKYOTECH_s05,83,232,90.73333333333333,1.3358519077301025,0.7994791930133023
TOKYOTECH_s05,83,233,90.76666666666667,1.8286107778549194,0.584191558719832
TOKYOTECH_s05,83,234,90.8,1.641402006149292,0.3683012579987571
TOKYOTECH_s05,83,235,90.83333333333333,1.3245609998703003,0.18982574431669427
TOKYOTECH_s05,83,236,90.86666666666666,1.0697311162948608,0.07907279346717536
TOKYOTECH_s05,83,237,90.9,0.7787132263183594,0.04950809446188566
TOKYOTECH_s05,83,238,90.93333333333334,0.4574911594390869,0.09289760360634859
TOKYOTECH_s05,83,239,90.96666666666667,0.2741023302078247,0.18090923367813316
TOKYOTECH_s05,84,0,84.0,-0.615469217300415,0.07763114270049269
TOKYOTECH_s05,84,1,84.03333333333333,-0.8434162735939026,-0.8802645992525451
TOKYOTECH_s05,84,2,84.06666666666666,-0.9790768027305603,-1.6668769043803542
TOKYOTECH_s05,84,3,84.1,-1.0179094076156616,-2.1567869858504882
TOKYOTECH_s05,84,4,84.13333333333334,-0.9379467964172363,-2.305143761713218
TOKYOTECH_s05,84,5,84.16666666666667,-0.9065583348274231,-2.152573907514134
TOKYOTECH_s05,84,6,84.2,-0.9417490363121033,-1.8008944689443305
TOKYOTECH_s05,84,7,84.23333333333333,-1.0471162796020508,-1.3724043473168777
TOKYOTECH_s05,84,8,84.26666666666667,-1.0998756885528564,-0.9712138212140633
TOKYOTECH_s05,84,9,84.3,-1.1415399312973022,-0.6604142918314905
TOKYOTECH_s05,84,10,84.33333333333333,-0.8119921684265137,-0.4591349177514534
TOKYOTECH_s05,84,11,84.36666666666666,0.5461090207099915,-0.354416577894753
TOKYOTECH_s05,84,12,84.4,1.6991033554077148,-0.31837754541102986
TOKYOTECH_s05,84,13,84.43333333333334,1.8072221279144287,-0.3223083133840468
TOKYOTECH_s05,84,14,84.46666666666667,1.4761784076690674,-0.344105417348569
TOKYOTECH_s05,84,15,84.5,1.0080493688583374,-0.3699037376019644
TOKYOTECH_s05,84,16,84.53333333333333,0.6336138844490051,-0.39217283534355324
TOKYOTECH_s05,84,17,84.56666666666666,0.3234245479106903,-0.40590274556129385
TOKYOTECH_s05,84,18,84.6,0.05573653057217598,-0.4041088405360904
TOKYOTECH_s05,84,19,84.63333333333334,0.06814054399728775,-0.37442610586920144
TOKYOTECH_s05,84,20,84.66666666666667,0.26741504669189453,-0.2991876954508179
TOKYOTECH_s05,84,21,84.7,0.36772456765174866,-0.16047393439412108
TOKYOTECH_s05,84,22,84.73333333333333,0.28645291924476624,0.05131474479975681
TOKYOTECH_s05,84,23,84.76666666666667,0.038978204131126404,0.32966668313615216
TOKYOTECH_s05,84,24,84.8,-0.277381956577301,0.649532163661234
TOKYOTECH_s05,84,25,84.83333333333333,-0.5732617378234863,0.9720264261311985
TOKYOTECH_s05,84,26,84.86666666666666,-0.8094900250434875,1.2538478732949676
TOKYOTECH_s05,84,27,84.9,-0.9086775779724121,1.456820111755871
TOKYOTECH_s05,84,28,84.93333333333334,-0.8667372465133667,1.5545321917763808
TOKYOTECH_s05,84,29,84.96666666666667,-0.8650275468826294,1.5358509836087118
TOKYOTECH_s05,84,30,85.0,-0.9198705554008484,1.4060158797457867
TOKYOTECH_s05,84,31,85.03333333333333,-0.9109036922454834,1.1852414914836367
TOKYOTECH_s05,84,32,85.06666666666666,-0.8452773094177246,0.9041313745230011
TOKYOTECH_s05,84,33,85.1,-0.9391310811042786,0.5961250035714865
TOKYOTECH_s05,84,34,85.13333333333334,-1.020625352859497,0.28941703511447997
TOKYOTECH_s05,84,35,85.16666666666667,-0.380523145198822,0.002012046715493109
TOKYOTECH_s05,84,36,85.2,1.0821796655654907,-0.25799742811721654
TOKYOTECH_s05,84,37,85.23333333333333,1.7683717012405396,-0.4881520456750714
TOKYOTECH_s05,84,38,85.26666666666667,1.5615283250808716,-0.6870275172626276
TOKYOTECH_s05,84,39,85.3,1.1880189180374146,-0.8524660733547523
TOKYOTECH_s05,84,40,85.33333333333333,0.8160231709480286,-0.9824303863451065
TOKYOTECH_s05,84,41,85.36666666666666,0.4254170358181,-1.0755346802124488
TOKYOTECH_s05,84,42,85.4,0.052771322429180145,-1.129131129735025
TOKYOTECH_s05,84,43,85.43333333333334,-0.04325513541698456,-1.1360898175706329
TOKYOTECH_s05,84,44,85.46666666666667,0.22829744219779968,-1.0838769754250221
TOKYOTECH_s05,84,45,85.5,0.467099130153656,-0.958691441908005
TOKYOTECH_s05,84,46,85.53333333333333,0.4223182499408722,-0.7534136378774725
TOKYOTECH_s05,84,47,85.56666666666666,0.18266171216964722,-0.4746710927076933
TOKYOTECH_s05,84,48,85.6,-0.11191797256469727,-0.1447752131000174
TOKYOTECH_s05,84,49,85.63333333333334,-0.39623963832855225,0.20219322660003888
TOKYOTECH_s05,84,50,85.66666666666667,-0.6120854616165161,0.5274329253917269
TOKYOTECH_s05,84,51,85.7,-0.8023841977119446,0.794269376444592
TOKYOTECH_s05,84,52,85.73333333333333,-0.9267270565032959,0.9738184053252241
TOKYOTECH_s05,84,53,85.76666666666667,-0.8702189326286316,1.050276345967364
TOKYOTECH_s05,84,54,85.8,-0.8016095161437988,1.0252114839249322
TOKYOTECH_s05,84,55,85.83333333333333,-0.8855436444282532,0.9179093453134393
TOKYOTECH_s05,84,56,85.86666666666666,-0.9316156506538391,0.7592340985212984
TOKYOTECH_s05,84,57,85.9,-0.9060062170028687,0.5801805635110397
TOKYOTECH_s05,84,58,85.93333333333334,-0.8638522028923035,0.4007866788525723
TOKYOTECH_s05,84,59,85.96666666666667,-0.21949361264705658,0.22598908488662245
TOKYOTECH_s05,84,60,86.0,1.1191779375076294,0.050385322042932675
TOKYOTECH_s05,84,61,86.03333333333333,1.749342679977417,-0.13244040380191227
TOKYOTECH_s05,84,62,86.06666666666666,1.5532293319702148,-0.32301471462837683
TOKYOTECH_s05,84,63,86.1,1.0886175632476807,-0.5155109902695529
TOKYOTECH_s05,84,64,86.13333333333334,0.6222783923149109,-0.7015047913867926
TOKYOTECH_s05,84,65,86.16666666666667,0.21367619931697845,-0.872127975162334
TOKYOTECH_s05,84,66,86.2,-0.07505321502685547,-1.0155636131896493
TOKYOTECH_s05,84,67,86.23333333333333,0.03533625230193138,-1.1126836248600984
TOKYOTECH_s05,84,68,86.26666666666667,0.4177413284778595,-1.136813226321401
TOKYOTECH_s05,84,69,86.3,0.6258580088615417,-1.0613196160476654
TOKYOTECH_s05,84,70,86.33333333333333,0.5336605310440063,-0.8724023813818795
TOKYOTECH_s05,84,71,86.36666666666666,0.24426326155662537,-0.5793650255212117
TOKYOTECH_s05,84,72,86.4,-0.14055494964122772,-0.21532886939325224
TOKYOTECH_s05,84,73,86.43333333333334,-0.5150794982910156,0.17261273307926958
TOKYOTECH_s05,84,74,86.46666666666667,-0.6957524418830872,0.5377803823476869
TOKYOTECH_s05,84,75,86.5,-0.7681373953819275,0.8445783123877366
TOKYOTECH_s05,84,76,86.53333333333333,-0.8217515349388123,1.0717623792152742
TOKYOTECH_s05,84,77,86.56666666666666,-0.8973243236541748,1.2105975675385519
TOKYOTECH_s05,84,78,86.6,-0.900209367275238,1.2617526420521805
TOKYOTECH_s05,84,79,86.63333333333334,-0.8380646705627441,1.2327315307113385
TOKYOTECH_s05,84,80,86.66666666666667,-0.7994368076324463,1.1356399743543848
TOKYOTECH_s05,84,81,86.7,-0.400718629360199,0.9846980336880354
TOKYOTECH_s05,84,82,86.73333333333333,0.8823263049125671,0.7937164506933243
TOKYOTECH_s05,84,83,86.76666666666667,1.8265538215637207,0.5743425461632724
TOKYOTECH_s05,84,84,86.8,1.828503966331482,0.3353668879561893
TOKYOTECH_s05,84,85,86.83333333333333,1.5090183019638062,0.08268763323938631
TOKYOTECH_s05,84,86,86.86666666666666,1.2074486017227173,-0.18024608855635557
TOKYOTECH_s05,84,87,86.9,0.9305799603462219,-0.45097325759266643
TOKYOTECH_s05,84,88,86.93333333333334,0.6073722243309021,-0.7248613852985182
TOKYOTECH_s05,84,89,86.96666666666667,0.3763352632522583,-0.9905353654643151
TOKYOTECH_s05,84,90,87.0,0.3794785737991333,-1.2258800312134124
TOKYOTECH_s05,84,91,87.03333333333333,0.56951904296875,-1.3977147885165635
TOKYOTECH_s05,84,92,87.06666666666666,0.628226637840271,-1.4675165082925292
TOKYOTECH_s05,84,93,87.1,0.44615569710731506,-1.4028582304734056
TOKYOTECH_s05,84,94,87.13333333333334,0.13766711950302124,-1.1906697536915922
TOKYOTECH_s05,84,95,87.16666666666667,-0.1696193367242813,-0.8461493027733709
TOKYOTECH_s05,84,96,87.2,-0.4516080319881439,-0.4120908852745238
TOKYOTECH_s05,84,97,87.23333333333333,-0.6529839634895325,0.051996751890027275
TOKYOTECH_s05,84,98,87.26666666666667,-0.7338104248046875,0.4855613197802352
TOKYOTECH_s05,84,99,87.3,-0.7189843654632568,0.839741547257922
TOKYOTECH_s05,84,100,87.33333333333333,-0.7294917106628418,1.0833538187855856
TOKYOTECH_s05,84,101,87.36666666666666,-0.7329644560813904,1.2036875037904873
TOKYOTECH_s05,84,102,87.4,-0.802891731262207,1.205055610050578
TOKYOTECH_s05,84,103,87.43333333333334,-0.8858909010887146,1.1061537651662312
TOKYOTECH_s05,84,104,87.46666666666667,-0.882836639881134,0.9355820596706766
TOKYOTECH_s05,84,105,87.5,-0.055018022656440735,0.7251784546175924
TOKYOTECH_s05,84,106,87.53333333333333,1.3784511089324951,0.5026997288738408
TOKYOTECH_s05,84,107,87.56666666666666,1.9927657842636108,0.28671126002560665
TOKYOTECH_s05,84,108,87.6,1.8525996208190918,0.0855967392910672
TOKYOTECH_s05,84,109,87.63333333333334,1.6047420501708984,-0.09986939737347705
TOKYOTECH_s05,84,110,87.66666666666667,1.3514081239700317,-0.2728387225346212
TOKYOTECH_s05,84,111,87.7,1.0824735164642334,-0.43761923039947737
TOKYOTECH_s05,84,112,87.73333333333333,0.7826400995254517,-0.5973734482094326
TOKYOTECH_s05,84,113,87.76666666666667,0.5445329546928406,-0.7504913081758513
TOKYOTECH_s05,84,114,87.8,0.5221291184425354,-0.8858309805803186
TOKYOTECH_s05,84,115,87.83333333333333,0.6439431309700012,-0.9801392304368133
TOKYOTECH_s05,84,116,87.86666666666666,0.6328124403953552,-1.0016404540922434
TOKYOTECH_s05,84,117,87.9,0.4644010663032532,-0.9207260910450566
TOKYOTECH_s05,84,118,87.93333333333334,0.2200518399477005,-0.7235605131951642
TOKYOTECH_s05,84,119,87.96666666666667,-0.06829468160867691,-0.4214134772602985
TOKYOTECH_s05,84,120,88.0,-0.37851962447166443,-0.05055034849100806
TOKYOTECH_s05,84,121,88.03333333333333,-0.6294314861297607,0.3370891554446626
TOKYOTECH_s05,84,122,88.06666666666666,-0.6613898873329163,0.6873768317229754
TOKYOTECH_s05,84,123,88.1,-0.6092182397842407,0.955534782078588
TOKYOTECH_s05,84,124,88.13333333333334,-0.6525476574897766,1.1126643046420748
TOKYOTECH_s05,84,125,88.16666666666667,-0.7246387600898743,1.1479867255605976
TOKYOTECH_s05,84,126,88.2,-0.736802339553833,1.0686224090011354
TOKYOTECH_s05,84,127,88.23333333333333,-0.8511453866958618,0.8973345744666296
TOKYOTECH_s05,84,128,88.26666666666667,-0.9344472885131836,0.667211150714387
TOKYOTECH_s05,84,129,88.3,-0.35559937357902527,0.41321590127971025
TOKYOTECH_s05,84,130,88.33333333333333,0.9355219602584839,0.16377592776852135
TOKYOTECH_s05,84,131,88.36666666666666,1.7962517738342285,-0.06313437167523554
TOKYOTECH_s05,84,132,88.4,1.8257791996002197,-0.2583845643272522
TOKYOTECH_s05,84,133,88.43333333333334,1.5546183586120605,-0.418046162715998
TOKYOTECH_s05,84,134,88.46666666666667,1.2827898263931274,-0.5419332354649351
TOKYOTECH_s05,84,135,88.5,1.0526610612869263,-0.6350549098251652
TOKYOTECH_s05,84,136,88.53333333333333,0.7492213845252991,-0.7082871983206785
TOKYOTECH_s05,84,137,88.56666666666666,0.5135719180107117,-0.7739014883253392
TOKYOTECH_s05,84,138,88.6,0.48676034808158875,-0.8363339894295503
TOKYOTECH_s05,84,139,88.63333333333334,0.5963305830955505,-0.884155128252173
TOKYOTECH_s05,84,140,88.66666666666667,0.5481303930282593,-0.890062046478593
TOKYOTECH_s05,84,141,88.7,0.3406369984149933,-0.8211099556712046
TOKYOTECH_s05,84,142,88.73333333333333,0.10043727606534958,-0.6545661885643105
TOKYOTECH_s05,84,143,88.76666666666667,-0.18890655040740967,-0.39067017378834534
TOKYOTECH_s05,84,144,88.8,-0.49170511960983276,-0.05539051684885493
TOKYOTECH_s05,84,145,88.83333333333333,-0.6581664085388184,0.3074626185028247
TOKYOTECH_s05,84,146,88.86666666666666,-0.6612563133239746,0.6491427880243148
TOKYOTECH_s05,84,147,88.9,-0.7541661858558655,0.9267358049722358
TOKYOTECH_s05,84,148,88.93333333333334,-0.8094810843467712,1.108887295425529
TOKYOTECH_s05,84,149,88.96666666666667,-0.7749582529067993,1.1783987910846816
TOKYOTECH_s05,84,150,89.0,-0.7773535847663879,1.133950136264327
TOKYOTECH_s05,84,151,89.03333333333333,-0.8823023438453674,0.9905079573216833
TOKYOTECH_s05,84,152,89.06666666666666,-1.002994418144226,0.7763208248004552
TOKYOTECH_s05,84,153,89.1,-1.0208746194839478,0.5256595486978425
TOKYOTECH_s05,84,154,89.13333333333334,-0.6123437285423279,0.2696901121822361
TOKYOTECH_s05,84,155,89.16666666666667,0.6469261646270752,0.029868283028517323
TOKYOTECH_s05,84,156,89.2,1.657349944114685,-0.18330643272978012
TOKYOTECH_s05,84,157,89.23333333333333,1.762414574623108,-0.3670938972889025
TOKYOTECH_s05,84,158,89.26666666666667,1.44984769821167,-0.5225356126307175
TOKYOTECH_s05,84,159,89.3,1.11394202709198,-0.6525838545455904
TOKYOTECH_s05,84,160,89.33333333333333,0.8358357548713684,-0.7614029735289254
TOKYOTECH_s05,84,161,89.36666666666666,0.4637599587440491,-0.851575600934566
TOKYOTECH_s05,84,162,89.4,0.16526226699352264,-0.9184453635896147
TOKYOTECH_s05,84,163,89.43333333333334,0.20667722821235657,-0.9455186688149466
TOKYOTECH_s05,84,164,89.46666666666667,0.4533950686454773,-0.9067001395705352
TOKYOTECH_s05,84,165,89.5,0.4744453728199005,-0.7773552768842101
TOKYOTECH_s05,84,166,89.53333333333333,0.22252729535102844,-0.5487033845833024
TOKYOTECH_s05,84,167,89.56666666666666,-0.08823192119598389,-0.23607040482389874
TOKYOTECH_s05,84,168,89.6,-0.39665815234184265,0.12414887413748822
TOKYOTECH_s05,84,169,89.63333333333334,-0.5154980421066284,0.4858746362118637
TOKYOTECH_s05,84,170,89.66666666666667,-0.6712560653686523,0.8055848211186101
TOKYOTECH_s05,84,171,89.7,-0.850709080696106,1.0495175929233
TOKYOTECH_s05,84,172,89.73333333333333,-0.8252599239349365,1.1953887074386227
TOKYOTECH_s05,84,173,89.76666666666667,-0.8325527310371399,1.232204966976599
TOKYOTECH_s05,84,174,89.8,-0.8180383443832397,1.1608789382403533
TOKYOTECH_s05,84,175,89.83333333333333,-0.8852319717407227,0.9949513334317017
TOKYOTECH_s05,84,176,89.86666666666666,-0.9402263164520264,0.7590074213629439
TOKYOTECH_s05,84,177,89.9,-0.5490325093269348,0.48363102959643245
TOKYOTECH_s05,84,178,89.93333333333334,0.5993314385414124,0.19855536987708788
TOKYOTECH_s05,84,179,89.96666666666667,1.4507648944854736,-0.07278298753207513
TOKYOTECH_s05,84,180,90.0,1.4847534894943237,-0.31542169213679633
TOKYOTECH_s05,84,181,90.03333333333333,1.2078315019607544,-0.5224424998460218
TOKYOTECH_s05,84,182,90.06666666666666,0.930962860584259,-0.6936983097262371
TOKYOTECH_s05,84,183,90.1,0.5593945980072021,-0.834399570849621
TOKYOTECH_s05,84,184,90.13333333333334,0.1483258455991745,-0.9523217379212472
TOKYOTECH_s05,84,185,90.16666666666667,-0.014814065769314766,-1.052223585559741
TOKYOTECH_s05,84,186,90.2,0.16980357468128204,-1.1288419078275875
TOKYOTECH_s05,84,187,90.23333333333333,0.34229323267936707,-1.1630281743453377
TOKYOTECH_s05,84,188,90.26666666666667,0.22456644475460052,-1.1257406775188112
TOKYOTECH_s05,84,189,90.3,0.06938717514276505,-0.9904895677273304
TOKYOTECH_s05,84,190,90.33333333333333,-0.15198835730552673,-0.7485041590146291
TOKYOTECH_s05,84,191,90.36666666666666,-0.5628790259361267,-0.4173982033466012
TOKYOTECH_s05,84,192,90.4,-0.8001936674118042,-0.03717066272382634
TOKYOTECH_s05,84,193,90.43333333333334,-0.9204850196838379,0.34454297993933947
TOKYOTECH_s05,84,194,90.46666666666667,-0.9503329992294312,0.6884999759129945
TOKYOTECH_s05,84,195,90.5,-0.9738320112228394,0.9713631641848199
TOKYOTECH_s05,84,196,90.53333333333333,-1.064613699913025,1.1830450100730927
TOKYOTECH_s05,84,197,90.56666666666666,-0.9320430755615234,1.3201248827503727
TOKYOTECH_s05,84,198,90.6,-1.0135551691055298,1.3813873904424274
TOKYOTECH_s05,84,199,90.63333333333334,-1.1817171573638916,1.366693904346883
TOKYOTECH_s05,84,200,90.66666666666667,-1.0255674123764038,1.2776765860435464
TOKYOTECH_s05,84,201,90.7,-0.03439512848854065,1.1189687797050154
TOKYOTECH_s05,84,202,90.73333333333333,1.3358519077301025,0.8994987629795739
TOKYOTECH_s05,84,203,90.76666666666667,1.8286107778549194,0.6333329102209282
TOKYOTECH_s05,84,204,90.8,1.641402006149292,0.33884256374840827
TOKYOTECH_s05,84,205,90.83333333333333,1.3245609998703003,0.035329307935404716
TOKYOTECH_s05,84,206,90.86666666666666,1.0697311162948608,-0.261535302087181
TOKYOTECH_s05,84,207,90.9,0.7787132263183594,-0.542306091124369
TOKYOTECH_s05,84,208,90.93333333333334,0.4574911594390869,-0.8021735229044761
TOKYOTECH_s05,84,209,90.96666666666667,0.2741023302078247,-1.0357765804772001
TOKYOTECH_s05,84,210,91.0,0.36825886368751526,-1.231484038467216
TOKYOTECH_s05,84,211,91.03333333333333,0.4639647603034973,-1.3689842161816324
TOKYOTECH_s05,84,212,91.06666666666666,0.3691047728061676,-1.422716749942378
TOKYOTECH_s05,84,213,91.1,0.1209978386759758,-1.370663124765679
TOKYOTECH_s05,84,214,91.13333333333334,-0.2202950268983841,-1.2046428333867385
TOKYOTECH_s05,84,215,91.16666666666667,-0.5141356587409973,-0.9367774189395246
TOKYOTECH_s05,84,216,91.2,-0.6797420978546143,-0.5985511283321712
TOKYOTECH_s05,84,217,91.23333333333333,-0.7618864178657532,-0.23290376630979984
TOKYOTECH_s05,84,218,91.26666666666667,-0.8429532647132874,0.11651477824115287
TOKYOTECH_s05,84,219,91.3,-0.9903944730758667,0.41410969791059987
TOKYOTECH_s05,84,220,91.33333333333333,-0.9717839956283569,0.6370806044333918
TOKYOTECH_s05,84,221,91.36666666666666,-0.9417579174041748,0.7770308602796709
TOKYOTECH_s05,84,222,91.4,-1.0032436847686768,0.839479575507252
TOKYOTECH_s05,84,223,91.43333333333334,-1.1287174224853516,0.8408642750098083
TOKYOTECH_s05,84,224,91.46666666666667,-1.1790993213653564,0.8023577328355803
TOKYOTECH_s05,84,225,91.5,-0.866443395614624,0.7417325257224682
TOKYOTECH_s05,84,226,91.53333333333333,0.39491012692451477,0.6671647035583693
TOKYOTECH_s05,84,227,91.56666666666666,1.5787853002548218,0.5768290014781094
TOKYOTECH_s05,84,228,91.6,1.7980772256851196,0.46406535331025983
TOKYOTECH_s05,84,229,91.63333333333334,1.5314576625823975,0.3238657267292243
TOKYOTECH_s05,84,230,91.66666666666667,1.1977158784866333,0.15664864480848317
TOKYOTECH_s05,84,231,91.7,0.9201082587242126,-0.03126080302673237
TOKYOTECH_s05,84,232,91.73333333333333,0.5916646122932434,-0.22805674412620489
TOKYOTECH_s05,84,233,91.76666666666667,0.2517252564430237,-0.4157039975730849
TOKYOTECH_s05,84,234,91.8,0.18313366174697876,-0.5692868302354616
TOKYOTECH_s05,84,235,91.83333333333333,0.3718651831150055,-0.6599853726168761
TOKYOTECH_s05,84,236,91.86666666666666,0.4679361581802368,-0.6631364989584024
TOKYOTECH_s05,84,237,91.9,0.31023693084716797,-0.5685257919596325
TOKYOTECH_s05,84,238,91.93333333333334,0.05269118398427963,-0.3875479701196703
TOKYOTECH_s05,84,239,91.96666666666667,-0.22137247025966644,-0.15295707670344003
TOKYOTECH_s05,85,0,85.0,-0.9198705554008484,-0.048579622874353565
TOKYOTECH_s05,85,1,85.03333333333333,-0.9109036922454834,-1.6175691443389677
TOKYOTECH_s05,85,2,85.06666666666666,-0.8452773094177246,-2.9183398744271796
TOKYOTECH_s05,85,3,85.1,-0.9391310811042786,-3.7529104597926337
TOKYOTECH_s05,85,4,85.13333333333334,-1.020625352859497,-4.045687328276443
TOKYOTECH_s05,85,5,85.16666666666667,-0.380523145198822,-3.8534815248145495
TOKYOTECH_s05,85,6,85.2,1.0821796655654907,-3.3313135948125097
TOKYOTECH_s05,85,7,85.23333333333333,1.7683717012405396,-2.671366270060871
TOKYOTECH_s05,85,8,85.26666666666667,1.5615283250808716,-2.042333914394809
TOKYOTECH_s05,85,9,85.3,1.1880189180374146,-1.5509150108307934
TOKYOTECH_s05,85,10,85.33333333333333,0.8160231709480286,-1.2325887240755153
TOKYOTECH_s05,85,11,85.36666666666666,0.4254170358181,-1.0648508206793441
TOKYOTECH_s05,85,12,85.4,0.052771322429180145,-0.9901251411613234
TOKYOTECH_s05,85,13,85.43333333333334,-0.04325513541698456,-0.9380142100724512
TOKYOTECH_s05,85,14,85.46666666666667,0.22829744219779968,-0.842857944233246
TOKYOTECH_s05,85,15,85.5,0.467099130153656,-0.6569567682412545
TOKYOTECH_s05,85,16,85.53333333333333,0.4223182499408722,-0.3595429499849401
TOKYOTECH_s05,85,17,85.56666666666666,0.18266171216964722,0.0402273674860954
TOKYOTECH_s05,85,18,85.6,-0.11191797256469727,0.5073274928526003
TOKYOTECH_s05,85,19,85.63333333333334,-0.39623963832855225,0.9902790699252499
TOKYOTECH_s05,85,20,85.66666666666667,-0.6120854616165161,1.4321845500086692
TOKYOTECH_s05,85,21,85.7,-0.8023841977119446,1.7802856482363087
TOKYOTECH_s05,85,22,85.73333333333333,-0.9267270565032959,1.9939059784299762
TOKYOTECH_s05,85,23,85.76666666666667,-0.8702189326286316,2.052101957524579
TOKYOTECH_s05,85,24,85.8,-0.8016095161437988,1.9599550945798192
TOKYOTECH_s05,85,25,85.83333333333333,-0.8855436444282532,1.749303569630453
TOKYOTECH_s05,85,26,85.86666666666666,-0.9316156506538391,1.4701938934660783
TOKYOTECH_s05,85,27,85.9,-0.9060062170028687,1.1742137396118535
TOKYOTECH_s05,85,28,85.93333333333334,-0.8638522028923035,0.8970867475127398
TOKYOTECH_s05,85,29,85.96666666666667,-0.21949361264705658,0.6498846469621654
TOKYOTECH_s05,85,30,86.0,1.1191779375076294,0.4230368686524047
TOKYOTECH_s05,85,31,86.03333333333333,1.749342679977417,0.1990272605729364
TOKYOTECH_s05,85,32,86.06666666666666,1.5532293319702148,-0.035224738205655054
TOKYOTECH_s05,85,33,86.1,1.0886175632476807,-0.2832349082693263
TOKYOTECH_s05,85,34,86.13333333333334,0.6222783923149109,-0.5406392847440747
TOKYOTECH_s05,85,35,86.16666666666667,0.21367619931697845,-0.7976878464886888
TOKYOTECH_s05,85,36,86.2,-0.07505321502685547,-1.0381673693077813
TOKYOTECH_s05,85,37,86.23333333333333,0.03533625230193138,-1.2363926931363811
TOKYOTECH_s05,85,38,86.26666666666667,0.4177413284778595,-1.3579857052732804
TOKYOTECH_s05,85,39,86.3,0.6258580088615417,-1.3684995642495035
TOKYOTECH_s05,85,40,86.33333333333333,0.5336605310440063,-1.2474116753834141
TOKYOTECH_s05,85,41,86.36666666666666,0.24426326155662537,-0.9994289924346155
TOKYOTECH_s05,85,42,86.4,-0.14055494964122772,-0.6557293101957327
TOKYOTECH_s05,85,43,86.43333333333334,-0.5150794982910156,-0.26417535551547144
TOKYOTECH_s05,85,44,86.46666666666667,-0.6957524418830872,0.1252008751821329
TOKYOTECH_s05,85,45,86.5,-0.7681373953819275,0.47112215573031674
TOKYOTECH_s05,85,46,86.53333333333333,-0.8217515349388123,0.7451251506982571
TOKYOTECH_s05,85,47,86.56666666666666,-0.8973243236541748,0.9314238120151552
TOKYOTECH_s05,85,48,86.6,-0.900209367275238,1.0259262496375283
TOKYOTECH_s05,85,49,86.63333333333334,-0.8380646705627441,1.0349491647074027
TOKYOTECH_s05,85,50,86.66666666666667,-0.7994368076324463,0.972515978754839
TOKYOTECH_s05,85,51,86.7,-0.400718629360199,0.8558813078532796
TOKYOTECH_s05,85,52,86.73333333333333,0.8823263049125671,0.7007366327454283
TOKYOTECH_s05,85,53,86.76666666666667,1.8265538215637207,0.5183126411822974
TOKYOTECH_s05,85,54,86.8,1.828503966331482,0.31529118595137934
TOKYOTECH_s05,85,55,86.83333333333333,1.5090183019638062,0.09553733603819357
TOKYOTECH_s05,85,56,86.86666666666666,1.2074486017227173,-0.13792671677177823
TOKYOTECH_s05,85,57,86.9,0.9305799603462219,-0.38139130599846305
TOKYOTECH_s05,85,58,86.93333333333334,0.6073722243309021,-0.6287972556750228
TOKYOTECH_s05,85,59,86.96666666666667,0.3763352632522583,-0.8691498667124185
TOKYOTECH_s05,85,60,87.0,0.3794785737991333,-1.0835722880629428
TOKYOTECH_s05,85,61,87.03333333333333,0.56951904296875,-1.2443151553312
TOKYOTECH_s05,85,62,87.06666666666666,0.628226637840271,-1.3184191723697831
TOKYOTECH_s05,85,63,87.1,0.44615569710731506,-1.2767504780241714
TOKYOTECH_s05,85,64,87.13333333333334,0.13766711950302124,-1.1054679497024404
TOKYOTECH_s05,85,65,87.16666666666667,-0.1696193367242813,-0.8142090599439753
TOKYOTECH_s05,85,66,87.2,-0.4516080319881439,-0.43593642687598666
TOKYOTECH_s05,85,67,87.23333333333333,-0.6529839634895325,-0.017957730066136157
TOKYOTECH_s05,85,68,87.26666666666667,-0.7338104248046875,0.3905021881349946
TOKYOTECH_s05,85,69,87.3,-0.7189843654632568,0.7471956753985572
TOKYOTECH_s05,85,70,87.33333333333333,-0.7294917106628418,1.0201351277537087
TOKYOTECH_s05,85,71,87.36666666666666,-0.7329644560813904,1.188558296604934
TOKYOTECH_s05,85,72,87.4,-0.802891731262207,1.2446329364310662
TOKYOTECH_s05,85,73,87.43333333333334,-0.8858909010887146,1.1951956926347391
TOKYOTECH_s05,85,74,87.46666666666667,-0.882836639881134,1.0606666408587377
TOKYOTECH_s05,85,75,87.5,-0.055018022656440735,0.8695657393158708
TOKYOTECH_s05,85,76,87.53333333333333,1.3784511089324951,0.6504046225064342
TOKYOTECH_s05,85,77,87.56666666666666,1.9927657842636108,0.4249850595450702
TOKYOTECH_s05,85,78,87.6,1.8525996208190918,0.20609796544281364
TOKYOTECH_s05,85,79,87.63333333333334,1.6047420501708984,-0.0006351691245501303
TOKYOTECH_s05,85,80,87.66666666666667,1.3514081239700317,-0.19367719487569968
TOKYOTECH_s05,85,81,87.7,1.0824735164642334,-0.37382709303957223
TOKYOTECH_s05,85,82,87.73333333333333,0.7826400995254517,-0.543311345634057
TOKYOTECH_s05,85,83,87.76666666666667,0.5445329546928406,-0.7031621025259597
TOKYOTECH_s05,85,84,87.8,0.5221291184425354,-0.8481825534079199
TOKYOTECH_s05,85,85,87.83333333333333,0.6439431309700012,-0.9624423508362038
TOKYOTECH_s05,85,86,87.86666666666666,0.6328124403953552,-1.0197552394164442
TOKYOTECH_s05,85,87,87.9,0.4644010663032532,-0.9912138868965085
TOKYOTECH_s05,85,88,87.93333333333334,0.2200518399477005,-0.8569410208145805
TOKYOTECH_s05,85,89,87.96666666666667,-0.06829468160867691,-0.6159185180467176
TOKYOTECH_s05,85,90,88.0,-0.37851962447166443,-0.2890952035319901
TOKYOTECH_s05,85,91,88.03333333333333,-0.6294314861297607,0.08469673092371129
TOKYOTECH_s05,85,92,88.06666666666666,-0.6613898873329163,0.45687765054734747
TOKYOTECH_s05,85,93,88.1,-0.6092182397842407,0.7776901614163061
TOKYOTECH_s05,85,94,88.13333333333334,-0.6525476574897766,1.0039438412209647
TOKYOTECH_s05,85,95,88.16666666666667,-0.7246387600898743,1.1065805435580842
TOKYOTECH_s05,85,96,88.2,-0.736802339553833,1.077597896593997
TOKYOTECH_s05,85,97,88.23333333333333,-0.8511453866958618,0.9333216482303551
TOKYOTECH_s05,85,98,88.26666666666667,-0.9344472885131836,0.7103837182048663
TOKYOTECH_s05,85,99,88.3,-0.35559937357902527,0.45402410929204956
TOKYOTECH_s05,85,100,88.33333333333333,0.9355219602584839,0.20397956383650787
TOKYOTECH_s05,85,101,88.36666666666666,1.7962517738342285,-0.014444113904995195
TOKYOTECH_s05,85,102,88.4,1.8257791996002197,-0.19089108621292886
TOKYOTECH_s05,85,103,88.43333333333334,1.5546183586120605,-0.32538577505306665
TOKYOTECH_s05,85,104,88.46666666666667,1.2827898263931274,-0.42434042143669165
TOKYOTECH_s05,85,105,88.5,1.0526610612869263,-0.49956671561226507
TOKYOTECH_s05,85,106,88.53333333333333,0.7492213845252991,-0.5672764873890105
TOKYOTECH_s05,85,107,88.56666666666666,0.5135719180107117,-0.6424200468594222
TOKYOTECH_s05,85,108,88.6,0.48676034808158875,-0.7285737862154166
TOKYOTECH_s05,85,109,88.63333333333334,0.5963305830955505,-0.8097441180024358
TOKYOTECH_s05,85,110,88.66666666666667,0.5481303930282593,-0.8513423539982106
TOKYOTECH_s05,85,111,88.7,0.3406369984149933,-0.8124251266840068
TOKYOTECH_s05,85,112,88.73333333333333,0.10043727606534958,-0.6638955070329232
TOKYOTECH_s05,85,113,88.76666666666667,-0.18890655040740967,-0.4031475123165989
TOKYOTECH_s05,85,114,88.8,-0.49170511960983276,-0.0578351160510616
TOKYOTECH_s05,85,115,88.83333333333333,-0.6581664085388184,0.3219299762417352
TOKYOTECH_s05,85,116,88.86666666666666,-0.6612563133239746,0.6774581852789232
TOKYOTECH_s05,85,117,88.9,-0.7541661858558655,0.9545516328223056
TOKYOTECH_s05,85,118,88.93333333333334,-0.8094810843467712,1.1127966224428627
TOKYOTECH_s05,85,119,88.96666666666667,-0.7749582529067993,1.1322013050480144
TOKYOTECH_s05,85,120,89.0,-0.7773535847663879,1.0179360713508594
TOKYOTECH_s05,85,121,89.03333333333333,-0.8823023438453674,0.8009009627563136
TOKYOTECH_s05,85,122,89.06666666666666,-1.002994418144226,0.5307042107017116
TOKYOTECH_s05,85,123,89.1,-1.0208746194839478,0.2609003999359558
TOKYOTECH_s05,85,124,89.13333333333334,-0.6123437285423279,0.03238164977851453
TOKYOTECH_s05,85,125,89.16666666666667,0.6469261646270752,-0.13648069359359621
TOKYOTECH_s05,85,126,89.2,1.657349944114685,-0.24885308728950944
TOKYOTECH_s05,85,127,89.23333333333333,1.762414574623108,-0.3209327148674211
TOKYOTECH_s05,85,128,89.26666666666667,1.44984769821167,-0.3728748303818261
TOKYOTECH_s05,85,129,89.3,1.11394202709198,-0.423714217297292
TOKYOTECH_s05,85,130,89.33333333333333,0.8358357548713684,-0.4890383158326328
TOKYOTECH_s05,85,131,89.36666666666666,0.4637599587440491,-0.5770786883117425
TOKYOTECH_s05,85,132,89.4,0.16526226699352264,-0.6821147259685924
TOKYOTECH_s05,85,133,89.43333333333334,0.20667722821235657,-0.7797888926442735
TOKYOTECH_s05,85,134,89.46666666666667,0.4533950686454773,-0.8308258036221099
TOKYOTECH_s05,85,135,89.5,0.4744453728199005,-0.7950233751373044
TOKYOTECH_s05,85,136,89.53333333333333,0.22252729535102844,-0.6490192978307538
TOKYOTECH_s05,85,137,89.56666666666666,-0.08823192119598389,-0.3971767861757466
TOKYOTECH_s05,85,138,89.6,-0.39665815234184265,-0.0698884767667146
TOKYOTECH_s05,85,139,89.63333333333334,-0.5154980421066284,0.2875256971130989
TOKYOTECH_s05,85,140,89.66666666666667,-0.6712560653686523,0.6274104035420743
TOKYOTECH_s05,85,141,89.7,-0.850709080696106,0.9079387251480601
TOKYOTECH_s05,85,142,89.73333333333333,-0.8252599239349365,1.0968295282986582
TOKYOTECH_s05,85,143,89.76666666666667,-0.8325527310371399,1.1742922779255633
TOKYOTECH_s05,85,144,89.8,-0.8180383443832397,1.1367922532929289
TOKYOTECH_s05,85,145,89.83333333333333,-0.8852319717407227,0.9990417644491589
TOKYOTECH_s05,85,146,89.86666666666666,-0.9402263164520264,0.7906866006633226
TOKYOTECH_s05,85,147,89.9,-0.5490325093269348,0.5473040187099099
TOKYOTECH_s05,85,148,89.93333333333334,0.5993314385414124,0.2997433713534054
TOKYOTECH_s05,85,149,89.96666666666667,1.4507648944854736,0.06743333734553174
TOKYOTECH_s05,85,150,90.0,1.4847534894943237,-0.141805491679731
TOKYOTECH_s05,85,151,90.03333333333333,1.2078315019607544,-0.32765595251375124
TOKYOTECH_s05,85,152,90.06666666666666,0.930962860584259,-0.4932584923324246
TOKYOTECH_s05,85,153,90.1,0.5593945980072021,-0.6436330489718942
TOKYOTECH_s05,85,154,90.13333333333334,0.1483258455991745,-0.7848703530579659
TOKYOTECH_s05,85,155,90.16666666666667,-0.014814065769314766,-0.9206287102198392
TOKYOTECH_s05,85,156,90.2,0.16980357468128204,-1.0455818193066895
TOKYOTECH_s05,85,157,90.23333333333333,0.34229323267936707,-1.1402417797810989
TOKYOTECH_s05,85,158,90.26666666666667,0.22456644475460052,-1.17303905775221
TOKYOTECH_s05,85,159,90.3,0.06938717514276505,-1.1116325433251752
TOKYOTECH_s05,85,160,90.33333333333333,-0.15198835730552673,-0.9383207138212071
TOKYOTECH_s05,85,161,90.36666666666666,-0.5628790259361267,-0.6601364844365455
TOKYOTECH_s05,85,162,90.4,-0.8001936674118042,-0.3071485060233806
TOKYOTECH_s05,85,163,90.43333333333334,-0.9204850196838379,0.07941407142936216
TOKYOTECH_s05,85,164,90.46666666666667,-0.9503329992294312,0.4605079664119172
TOKYOTECH_s05,85,165,90.5,-0.9738320112228394,0.8055420878391528
TOKYOTECH_s05,85,166,90.53333333333333,-1.064613699913025,1.0909193214845763
TOKYOTECH_s05,85,167,90.56666666666666,-0.9320430755615234,1.2970976749533112
TOKYOTECH_s05,85,168,90.6,-1.0135551691055298,1.4089769763496178
TOKYOTECH_s05,85,169,90.63333333333334,-1.1817171573638916,1.4188771824474953
TOKYOTECH_s05,85,170,90.66666666666667,-1.0255674123764038,1.3289841203827493
TOKYOTECH_s05,85,171,90.7,-0.03439512848854065,1.1515141592678204
TOKYOTECH_s05,85,172,90.73333333333333,1.3358519077301025,0.9069459163117014
TOKYOTECH_s05,85,173,90.76666666666667,1.8286107778549194,0.6212925695779167
TOKYOTECH_s05,85,174,90.8,1.641402006149292,0.32239644461586264
TOKYOTECH_s05,85,175,90.83333333333333,1.3245609998703003,0.03477956817108099
TOKYOTECH_s05,85,176,90.86666666666666,1.0697311162948608,-0.22582451669289996
TOKYOTECH_s05,85,177,90.9,0.7787132263183594,-0.4553464566610307
TOKYOTECH_s05,85,178,90.93333333333334,0.4574911594390869,-0.659205770076568
TOKYOTECH_s05,85,179,90.96666666666667,0.2741023302078247,-0.845287108788808
TOKYOTECH_s05,85,180,91.0,0.36825886368751526,-1.015350727762908
TOKYOTECH_s05,85,181,91.03333333333333,0.4639647603034973,-1.1595072819413388
TOKYOTECH_s05,85,182,91.06666666666666,0.3691047728061676,-1.2568830664384216
TOKYOTECH_s05,85,183,91.1,0.1209978386759758,-1.2822008370722526
TOKYOTECH_s05,85,184,91.13333333333334,-0.2202950268983841,-1.2148486481558067
TOKYOTECH_s05,85,185,91.16666666666667,-0.5141356587409973,-1.046136734683743
TOKYOTECH_s05,85,186,91.2,-0.6797420978546143,-0.7823649152050894
TOKYOTECH_s05,85,187,91.23333333333333,-0.7618864178657532,-0.44418631118850477
TOKYOTECH_s05,85,188,91.26666666666667,-0.8429532647132874,-0.06416626774151209
TOKYOTECH_s05,85,189,91.3,-0.9903944730758667,0.31652264969904415
TOKYOTECH_s05,85,190,91.33333333333333,-0.9717839956283569,0.6534478919582614
TOKYOTECH_s05,85,191,91.36666666666666,-0.9417579174041748,0.9076406798116332
TOKYOTECH_s05,85,192,91.4,-1.0032436847686768,1.0558205157117153
TOKYOTECH_s05,85,193,91.43333333333334,-1.1287174224853516,1.0969171243110936
TOKYOTECH_s05,85,194,91.46666666666667,-1.1790993213653564,1.0502132934132176
TOKYOTECH_s05,85,195,91.5,-0.866443395614624,0.945198899179594
TOKYOTECH_s05,85,196,91.53333333333333,0.39491012692451477,0.8090276792432924
TOKYOTECH_s05,85,197,91.56666666666666,1.5787853002548218,0.6589477067695516
TOKYOTECH_s05,85,198,91.6,1.7980772256851196,0.5021528123687622
TOKYOTECH_s05,85,199,91.63333333333334,1.5314576625823975,0.3395319987079966
TOKYOTECH_s05,85,200,91.66666666666667,1.1977158784866333,0.16873754234270424
TOKYOTECH_s05,85,201,91.7,0.9201082587242126,-0.014619787481036164
TOKYOTECH_s05,85,202,91.73333333333333,0.5916646122932434,-0.21524538497182458
TOKYOTECH_s05,85,203,91.76666666666667,0.2517252564430237,-0.4335238945950526
TOKYOTECH_s05,85,204,91.8,0.18313366174697876,-0.6595533381935356
TOKYOTECH_s05,85,205,91.83333333333333,0.3718651831150055,-0.8705579741514472
TOKYOTECH_s05,85,206,91.86666666666666,0.4679361581802368,-1.0346132972455337
TOKYOTECH_s05,85,207,91.9,0.31023693084716797,-1.119144651978501
TOKYOTECH_s05,85,208,91.93333333333334,0.05269118398427963,-1.099904593385523
TOKYOTECH_s05,85,209,91.96666666666667,-0.22137247025966644,-0.9667862505008566
TOKYOTECH_s05,85,210,92.0,-0.49806296825408936,-0.7257930080657895
TOKYOTECH_s05,85,211,92.03333333333333,-0.7666236162185669,-0.39890813215726373
TOKYOTECH_s05,85,212,92.06666666666666,-0.9008594155311584,-0.023274345412822438
TOKYOTECH_s05,85,213,92.1,-0.9086241722106934,0.3514789184825073
TOKYOTECH_s05,85,214,92.13333333333334,-0.8610739707946777,0.6709838423170269
TOKYOTECH_s05,85,215,92.16666666666667,-0.8775295615196228,0.8901992618737976
TOKYOTECH_s05,85,216,92.2,-0.9416688680648804,0.9888279933949818
TOKYOTECH_s05,85,217,92.23333333333333,-0.9164334535598755,0.9786504819979853
TOKYOTECH_s05,85,218,92.26666666666667,-1.0071794986724854,0.896256330372575
TOKYOTECH_s05,85,219,92.3,-1.1993749141693115,0.7838314571110488
TOKYOTECH_s05,85,220,92.33333333333333,-0.9923089146614075,0.6696705773732453
TOKYOTECH_s05,85,221,92.36666666666666,0.38372603058815,0.5608410870371553
TOKYOTECH_s05,85,222,92.4,1.6348036527633667,0.45069159087396804
TOKYOTECH_s05,85,223,92.43333333333334,1.7784515619277954,0.33262580911135425
TOKYOTECH_s05,85,224,92.46666666666667,1.466036081314087,0.2087589510096044
TOKYOTECH_s05,85,225,92.5,1.1309319734573364,0.08829296233724007
TOKYOTECH_s05,85,226,92.53333333333333,0.7869053483009338,-0.020509523815565082
TOKYOTECH_s05,85,227,92.56666666666666,0.3447776138782501,-0.1166563687514953
TOKYOTECH_s05,85,228,92.6,0.030438760295510292,-0.20669973411854706
TOKYOTECH_s05,85,229,92.63333333333334,0.14528940618038177,-0.3007737598318301
TOKYOTECH_s05,85,230,92.66666666666667,0.34706607460975647,-0.4081800503317392
TOKYOTECH_s05,85,231,92.7,0.3666827380657196,-0.5340046674278321
TOKYOTECH_s05,85,232,92.73333333333333,0.18501250445842743,-0.6755842257716593
TOKYOTECH_s05,85,233,92.76666666666667,-0.04085981845855713,-0.8181211976342615
TOKYOTECH_s05,85,234,92.8,-0.3677540421485901,-0.9324313051335429
TOKYOTECH_s05,85,235,92.83333333333333,-0.6953873634338379,-0.9797043648736244
TOKYOTECH_s05,85,236,92.86666666666666,-0.8175041079521179,-0.9244411919891874
TOKYOTECH_s05,85,237,92.9,-0.940760612487793,-0.7504859657926338
TOKYOTECH_s05,85,238,92.93333333333334,-1.0604642629623413,-0.47184883668167515
TOKYOTECH_s05,85,239,92.96666666666667,-0.9339931607246399,-0.13228982942187836
TOKYOTECH_s05,86,0,86.0,1.1191779375076294,-0.10934475943444928
TOKYOTECH_s05,86,1,86.03333333333333,1.749342679977417,-1.638295804782282
TOKYOTECH_s05,86,2,86.06666666666666,1.5532293319702148,-2.95864301827942
TOKYOTECH_s05,86,3,86.1,1.0886175632476807,-3.913363390153363
TOKYOTECH_s05,86,4,86.13333333333334,0.6222783923149109,-4.429527036591758
TOKYOTECH_s05,86,5,86.16666666666667,0.21367619931697845,-4.524874945347574
TOKYOTECH_s05,86,6,86.2,-0.07505321502685547,-4.284111566395254
TOKYOTECH_s05,86,7,86.23333333333333,0.03533625230193138,-3.818927101053536
TOKYOTECH_s05,86,8,86.26666666666667,0.4177413284778595,-3.2316408653561597
TOKYOTECH_s05,86,9,86.3,0.6258580088615417,-2.5958615736559842
TOKYOTECH_s05,86,10,86.33333333333333,0.5336605310440063,-1.9556032735043034
TOKYOTECH_s05,86,11,86.36666666666666,0.24426326155662537,-1.3348256151359756
TOKYOTECH_s05,86,12,86.4,-0.14055494964122772,-0.7473497088745176
TOKYOTECH_s05,86,13,86.43333333333334,-0.5150794982910156,-0.20183486201463868
TOKYOTECH_s05,86,14,86.46666666666667,-0.6957524418830872,0.2967929675193756
TOKYOTECH_s05,86,15,86.5,-0.7681373953819275,0.7452406056089221
TOKYOTECH_s05,86,16,86.53333333333333,-0.8217515349388123,1.1379709931352502
TOKYOTECH_s05,86,17,86.56666666666666,-0.8973243236541748,1.4645539367671558
TOKYOTECH_s05,86,18,86.6,-0.900209367275238,1.7110464374330165
TOKYOTECH_s05,86,19,86.63333333333334,-0.8380646705627441,1.864806596535727
TOKYOTECH_s05,86,20,86.66666666666667,-0.7994368076324463,1.919507352732364
TOKYOTECH_s05,86,21,86.7,-0.400718629360199,1.8773089120375177
TOKYOTECH_s05,86,22,86.73333333333333,0.8823263049125671,1.7476898688360845
TOKYOTECH_s05,86,23,86.76666666666667,1.8265538215637207,1.5446750222538268
TOKYOTECH_s05,86,24,86.8,1.828503966331482,1.2841274305046617
TOKYOTECH_s05,86,25,86.83333333333333,1.5090183019638062,0.9815362621485012
TOKYOTECH_s05,86,26,86.86666666666666,1.2074486017227173,0.6503122339956672
TOKYOTECH_s05,86,27,86.9,0.9305799603462219,0.30119289765253743
TOKYOTECH_s05,86,28,86.93333333333334,0.6073722243309021,-0.056101051927828625
TOKYOTECH_s05,86,29,86.96666666666667,0.3763352632522583,-0.40855387108906593
TOKYOTECH_s05,86,30,87.0,0.3794785737991333,-0.7346649399381996
TOKYOTECH_s05,86,31,87.03333333333333,0.56951904296875,-1.0021092869994723
TOKYOTECH_s05,86,32,87.06666666666666,0.628226637840271,-1.171733386562129
TOKYOTECH_s05,86,33,87.1,0.44615569710731506,-1.2084320044216743
TOKYOTECH_s05,86,34,87.13333333333334,0.13766711950302124,-1.0950946654609064
TOKYOTECH_s05,86,35,87.16666666666667,-0.1696193367242813,-0.842760814515729
TOKYOTECH_s05,86,36,87.2,-0.4516080319881439,-0.49086053433722404
TOKYOTECH_s05,86,37,87.23333333333333,-0.6529839634895325,-0.09645875000983369
TOKYOTECH_s05,86,38,87.26666666666667,-0.7338104248046875,0.2818407251374779
TOKYOTECH_s05,86,39,87.3,-0.7189843654632568,0.5969419636385006
TOKYOTECH_s05,86,40,87.33333333333333,-0.7294917106628418,0.8189549662143133
TOKYOTECH_s05,86,41,87.36666666666666,-0.7329644560813904,0.935197492605509
TOKYOTECH_s05,86,42,87.4,-0.802891731262207,0.9480552265184682
TOKYOTECH_s05,86,43,87.43333333333334,-0.8858909010887146,0.8723595246737451
TOKYOTECH_s05,86,44,87.46666666666667,-0.882836639881134,0.7316959262022207
TOKYOTECH_s05,86,45,87.5,-0.055018022656440735,0.5528416691552489
TOKYOTECH_s05,86,46,87.53333333333333,1.3784511089324951,0.3594400431590735
TOKYOTECH_s05,86,47,87.56666666666666,1.9927657842636108,0.16763630961489184
TOKYOTECH_s05,86,48,87.6,1.8525996208190918,-0.014459538041168212
TOKYOTECH_s05,86,49,87.63333333333334,1.6047420501708984,-0.1842469825860658
TOKYOTECH_s05,86,50,87.66666666666667,1.3514081239700317,-0.34183563751804225
TOKYOTECH_s05,86,51,87.7,1.0824735164642334,-0.48906032060271015
TOKYOTECH_s05,86,52,87.73333333333333,0.7826400995254517,-0.6292303288156785
TOKYOTECH_s05,86,53,87.76666666666667,0.5445329546928406,-0.7647070613981584
TOKYOTECH_s05,86,54,87.8,0.5221291184425354,-0.8916795681159614
TOKYOTECH_s05,86,55,87.83333333333333,0.6439431309700012,-0.9954069973444627
TOKYOTECH_s05,86,56,87.86666666666666,0.6328124403953552,-1.0505774383016846
TOKYOTECH_s05,86,57,87.9,0.4644010663032532,-1.0287692795232837
TOKYOTECH_s05,86,58,87.93333333333334,0.2200518399477005,-0.9099622452075139
TOKYOTECH_s05,86,59,87.96666666666667,-0.06829468160867691,-0.6918124165100552
TOKYOTECH_s05,86,60,88.0,-0.37851962447166443,-0.3919257894415673
TOKYOTECH_s05,86,61,88.03333333333333,-0.6294314861297607,-0.04305584820778932
TOKYOTECH_s05,86,62,88.06666666666666,-0.6613898873329163,0.31483106195508603
TOKYOTECH_s05,86,63,88.1,-0.6092182397842407,0.6413195764996737
TOKYOTECH_s05,86,64,88.13333333333334,-0.6525476574897766,0.9001255038607094
TOKYOTECH_s05,86,65,88.16666666666667,-0.7246387600898743,1.0634666920833256
TOKYOTECH_s05,86,66,88.2,-0.736802339553833,1.1174352080293475
TOKYOTECH_s05,86,67,88.23333333333333,-0.8511453866958618,1.0663277556160533
TOKYOTECH_s05,86,68,88.26666666666667,-0.9344472885131836,0.9318754952182705
TOKYOTECH_s05,86,69,88.3,-0.35559937357902527,0.745442470610027
TOKYOTECH_s05,86,70,88.33333333333333,0.9355219602584839,0.536803220262926
TOKYOTECH_s05,86,71,88.36666666666666,1.7962517738342285,0.32636600143129024
TOKYOTECH_s05,86,72,88.4,1.8257791996002197,0.1245778917633949
TOKYOTECH_s05,86,73,88.43333333333334,1.5546183586120605,-0.06379795898644479
TOKYOTECH_s05,86,74,88.46666666666667,1.2827898263931274,-0.23587652372156245
TOKYOTECH_s05,86,75,88.5,1.0526610612869263,-0.39039348207058183
TOKYOTECH_s05,86,76,88.53333333333333,0.7492213845252991,-0.5287970845956681
TOKYOTECH_s05,86,77,88.56666666666666,0.5135719180107117,-0.6531574119247588
TOKYOTECH_s05,86,78,88.6,0.48676034808158875,-0.7602335393634074
TOKYOTECH_s05,86,79,88.63333333333334,0.5963305830955505,-0.8364493929996564
TOKYOTECH_s05,86,80,88.66666666666667,0.5481303930282593,-0.8593193241749505
TOKYOTECH_s05,86,81,88.7,0.3406369984149933,-0.8064540556149437
TOKYOTECH_s05,86,82,88.73333333333333,0.10043727606534958,-0.6673246915185893
TOKYOTECH_s05,86,83,88.76666666666667,-0.18890655040740967,-0.4503385211102547
TOKYOTECH_s05,86,84,88.8,-0.49170511960983276,-0.18094003131446898
TOKYOTECH_s05,86,85,88.83333333333333,-0.6581664085388184,0.10728342284630994
TOKYOTECH_s05,86,86,88.86666666666666,-0.6612563133239746,0.3820887602806806
TOKYOTECH_s05,86,87,88.9,-0.7541661858558655,0.6171714664546993
TOKYOTECH_s05,86,88,88.93333333333334,-0.8094810843467712,0.7919850363473391
TOKYOTECH_s05,86,89,88.96666666666667,-0.7749582529067993,0.8913132062929545
TOKYOTECH_s05,86,90,89.0,-0.7773535847663879,0.9076971713383644
TOKYOTECH_s05,86,91,89.03333333333333,-0.8823023438453674,0.8450906044048827
TOKYOTECH_s05,86,92,89.06666666666666,-1.002994418144226,0.7193817702898214
TOKYOTECH_s05,86,93,89.1,-1.0208746194839478,0.5532349976283315
TOKYOTECH_s05,86,94,89.13333333333334,-0.6123437285423279,0.3676951217699959
TOKYOTECH_s05,86,95,89.16666666666667,0.6469261646270752,0.176301120482208
TOKYOTECH_s05,86,96,89.2,1.657349944114685,-0.014528002549438562
TOKYOTECH_s05,86,97,89.23333333333333,1.762414574623108,-0.20038628012570808
TOKYOTECH_s05,86,98,89.26666666666667,1.44984769821167,-0.37449443200754334
TOKYOTECH_s05,86,99,89.3,1.11394202709198,-0.5282623510869032
TOKYOTECH_s05,86,100,89.33333333333333,0.8358357548713684,-0.6552664688295132
TOKYOTECH_s05,86,101,89.36666666666666,0.4637599587440491,-0.7530525206359566
TOKYOTECH_s05,86,102,89.4,0.16526226699352264,-0.8197003920652602
TOKYOTECH_s05,86,103,89.43333333333334,0.20667722821235657,-0.8481584161288657
TOKYOTECH_s05,86,104,89.46666666666667,0.4533950686454773,-0.8246912216332382
TOKYOTECH_s05,86,105,89.5,0.4744453728199005,-0.7348786510372352
TOKYOTECH_s05,86,106,89.53333333333333,0.22252729535102844,-0.5733028398510266
TOKYOTECH_s05,86,107,89.56666666666666,-0.08823192119598389,-0.3489949915347788
TOKYOTECH_s05,86,108,89.6,-0.39665815234184265,-0.08284272803689573
TOKYOTECH_s05,86,109,89.63333333333334,-0.5154980421066284,0.19961001205664985
TOKYOTECH_s05,86,110,89.66666666666667,-0.6712560653686523,0.47376536747106845
TOKYOTECH_s05,86,111,89.7,-0.850709080696106,0.7169248300207203
TOKYOTECH_s05,86,112,89.73333333333333,-0.8252599239349365,0.9070440921185338
TOKYOTECH_s05,86,113,89.76666666666667,-0.8325527310371399,1.0240442756727306
TOKYOTECH_s05,86,114,89.8,-0.8180383443832397,1.0550062255441333
TOKYOTECH_s05,86,115,89.83333333333333,-0.8852319717407227,0.9996144461502526
TOKYOTECH_s05,86,116,89.86666666666666,-0.9402263164520264,0.8710977346324764
TOKYOTECH_s05,86,117,89.9,-0.5490325093269348,0.691158791879375
TOKYOTECH_s05,86,118,89.93333333333334,0.5993314385414124,0.4819691808301066
TOKYOTECH_s05,86,119,89.96666666666667,1.4507648944854736,0.2603618555277558
TOKYOTECH_s05,86,120,90.0,1.4847534894943237,0.03706318467442181
TOKYOTECH_s05,86,121,90.03333333333333,1.2078315019607544,-0.18051970609930237
TOKYOTECH_s05,86,122,90.06666666666666,0.930962860584259,-0.3859529749975551
TOKYOTECH_s05,86,123,90.1,0.5593945980072021,-0.574360394111719
TOKYOTECH_s05,86,124,90.13333333333334,0.1483258455991745,-0.7440715030656442
TOKYOTECH_s05,86,125,90.16666666666667,-0.014814065769314766,-0.895193731012002
TOKYOTECH_s05,86,126,90.2,0.16980357468128204,-1.0240028073207093
TOKYOTECH_s05,86,127,90.23333333333333,0.34229323267936707,-1.1171290641003826
TOKYOTECH_s05,86,128,90.26666666666667,0.22456644475460052,-1.1513865985854312
TOKYOTECH_s05,86,129,90.3,0.06938717514276505,-1.1018066392681136
TOKYOTECH_s05,86,130,90.33333333333333,-0.15198835730552673,-0.9540733314580233
TOKYOTECH_s05,86,131,90.36666666666666,-0.5628790259361267,-0.7133392733784981
TOKYOTECH_s05,86,132,90.4,-0.8001936674118042,-0.4033370839462187
TOKYOTECH_s05,86,133,90.43333333333334,-0.9204850196838379,-0.05667138422716858
TOKYOTECH_s05,86,134,90.46666666666667,-0.9503329992294312,0.2960151881517927
TOKYOTECH_s05,86,135,90.5,-0.9738320112228394,0.6302076937448203
TOKYOTECH_s05,86,136,90.53333333333333,-1.064613699913025,0.9249351757961104
TOKYOTECH_s05,86,137,90.56666666666666,-0.9320430755615234,1.1598972853365275
TOKYOTECH_s05,86,138,90.6,-1.0135551691055298,1.3166367498349165
TOKYOTECH_s05,86,139,90.63333333333334,-1.1817171573638916,1.3822150850378858
TOKYOTECH_s05,86,140,90.66666666666667,-1.0255674123764038,1.3519793821484023
TOKYOTECH_s05,86,141,90.7,-0.03439512848854065,1.2301009919158672
TOKYOTECH_s05,86,142,90.73333333333333,1.3358519077301025,1.028749865189507
TOKYOTECH_s05,86,143,90.76666666666667,1.8286107778549194,0.7669283268209373
TOKYOTECH_s05,86,144,90.8,1.641402006149292,0.468497565667456
TOKYOTECH_s05,86,145,90.83333333333333,1.3245609998703003,0.15826690690192882
TOKYOTECH_s05,86,146,90.86666666666666,1.0697311162948608,-0.14325971554905478
TOKYOTECH_s05,86,147,90.9,0.7787132263183594,-0.42375397577444474
TOKYOTECH_s05,86,148,90.93333333333334,0.4574911594390869,-0.6788950126686734
TOKYOTECH_s05,86,149,90.96666666666667,0.2741023302078247,-0.9078156841971655
TOKYOTECH_s05,86,150,91.0,0.36825886368751526,-1.1066344725397281
TOKYOTECH_s05,86,151,91.03333333333333,0.4639647603034973,-1.2638938136661864
TOKYOTECH_s05,86,152,91.06666666666666,0.3691047728061676,-1.3606273246377456
TOKYOTECH_s05,86,153,91.1,0.1209978386759758,-1.3751409575040043
TOKYOTECH_s05,86,154,91.13333333333334,-0.2202950268983841,-1.2901954665819786
TOKYOTECH_s05,86,155,91.16666666666667,-0.5141356587409973,-1.099461426810539
TOKYOTECH_s05,86,156,91.2,-0.6797420978546143,-0.8111251114051232
TOKYOTECH_s05,86,157,91.23333333333333,-0.7618864178657532,-0.44824179782688817
TOKYOTECH_s05,86,158,91.26666666666667,-0.8429532647132874,-0.04645535285890998
TOKYOTECH_s05,86,159,91.3,-0.9903944730758667,0.35054176573888757
TOKYOTECH_s05,86,160,91.33333333333333,-0.9717839956283569,0.6982064161720348
TOKYOTECH_s05,86,161,91.36666666666666,-0.9417579174041748,0.9607367618289614
TOKYOTECH_s05,86,162,91.4,-1.0032436847686768,1.1201071225601031
TOKYOTECH_s05,86,163,91.43333333333334,-1.1287174224853516,1.1796789065229887
TOKYOTECH_s05,86,164,91.46666666666667,-1.1790993213653564,1.1592792968969894
TOKYOTECH_s05,86,165,91.5,-0.866443395614624,1.0836462138344918
TOKYOTECH_s05,86,166,91.53333333333333,0.39491012692451477,0.9710453906654346
TOKYOTECH_s05,86,167,91.56666666666666,1.5787853002548218,0.8290087005411633
TOKYOTECH_s05,86,168,91.6,1.7980772256851196,0.6582580700206576
TOKYOTECH_s05,86,169,91.63333333333334,1.5314576625823975,0.45953973895820804
TOKYOTECH_s05,86,170,91.66666666666667,1.1977158784866333,0.2372835464730334
TOKYOTECH_s05,86,171,91.7,0.9201082587242126,-0.001475178996130846
TOKYOTECH_s05,86,172,91.73333333333333,0.5916646122932434,-0.24917594572286375
TOKYOTECH_s05,86,173,91.76666666666667,0.2517252564430237,-0.49637367526966514
TOKYOTECH_s05,86,174,91.8,0.18313366174697876,-0.7275520104119728
TOKYOTECH_s05,86,175,91.83333333333333,0.3718651831150055,-0.9192452563586637
TOKYOTECH_s05,86,176,91.86666666666666,0.4679361581802368,-1.0439369336552025
TOKYOTECH_s05,86,177,91.9,0.31023693084716797,-1.0781325254566465
TOKYOTECH_s05,86,178,91.93333333333334,0.05269118398427963,-1.0100983273969266
TOKYOTECH_s05,86,179,91.96666666666667,-0.22137247025966644,-0.8435848124191436
TOKYOTECH_s05,86,180,92.0,-0.49806296825408936,-0.5968802108681739
TOKYOTECH_s05,86,181,92.03333333333333,-0.7666236162185669,-0.2992753835084719
TOKYOTECH_s05,86,182,92.06666666666666,-0.9008594155311584,0.01255176990950075
TOKYOTECH_s05,86,183,92.1,-0.9086241722106934,0.29793356999443343
TOKYOTECH_s05,86,184,92.13333333333334,-0.8610739707946777,0.517904150216218
TOKYOTECH_s05,86,185,92.16666666666667,-0.8775295615196228,0.6450078275528224
TOKYOTECH_s05,86,186,92.2,-0.9416688680648804,0.673748112227791
TOKYOTECH_s05,86,187,92.23333333333333,-0.9164334535598755,0.6240324046257768
TOKYOTECH_s05,86,188,92.26666666666667,-1.0071794986724854,0.5326028798002894
TOKYOTECH_s05,86,189,92.3,-1.1993749141693115,0.43548620458016063
TOKYOTECH_s05,86,190,92.33333333333333,-0.9923089146614075,0.3518126278284086
TOKYOTECH_s05,86,191,92.36666666666666,0.38372603058815,0.2793529869140671
TOKYOTECH_s05,86,192,92.4,1.6348036527633667,0.20344323526988
TOKYOTECH_s05,86,193,92.43333333333334,1.7784515619277954,0.11122048495194495
TOKYOTECH_s05,86,194,92.46666666666667,1.466036081314087,0.0006872346629745204
TOKYOTECH_s05,86,195,92.5,1.1309319734573364,-0.12022442958636388
TOKYOTECH_s05,86,196,92.53333333333333,0.7869053483009338,-0.24093389895570133
TOKYOTECH_s05,86,197,92.56666666666666,0.3447776138782501,-0.354063572330683
TOKYOTECH_s05,86,198,92.6,0.030438760295510292,-0.4555824077915572
TOKYOTECH_s05,86,199,92.63333333333334,0.14528940618038177,-0.5411204315146662
TOKYOTECH_s05,86,200,92.66666666666667,0.34706607460975647,-0.6027665611352427
TOKYOTECH_s05,86,201,92.7,0.3666827380657196,-0.628800715811885
TOKYOTECH_s05,86,202,92.73333333333333,0.18501250445842743,-0.605792344252892
TOKYOTECH_s05,86,203,92.76666666666667,-0.04085981845855713,-0.5215567313404105
TOKYOTECH_s05,86,204,92.8,-0.3677540421485901,-0.36915443687522675
TOKYOTECH_s05,86,205,92.83333333333333,-0.6953873634338379,-0.15275186046125733
TOKYOTECH_s05,86,206,92.86666666666666,-0.8175041079521179,0.10680141653111422
TOKYOTECH_s05,86,207,92.9,-0.940760612487793,0.37184306004720175
TOKYOTECH_s05,86,208,92.93333333333334,-1.0604642629623413,0.5969372832461217
TOKYOTECH_s05,86,209,92.96666666666667,-0.9339931607246399,0.7450034489142904
TOKYOTECH_s05,86,210,93.0,-0.948186993598938,0.8022314697115928
TOKYOTECH_s05,86,211,93.03333333333333,-1.0195746421813965,0.7822354496178326
TOKYOTECH_s05,86,212,93.06666666666666,-1.0192095041275024,0.7159837651192076
TOKYOTECH_s05,86,213,93.1,-1.1159483194351196,0.6333300416167305
TOKYOTECH_s05,86,214,93.13333333333334,-0.6962510943412781,0.547736068930297
TOKYOTECH_s05,86,215,93.16666666666667,0.6186097264289856,0.45364813940075616
TOKYOTECH_s05,86,216,93.2,1.5815367698669434,0.336835816138495
TOKYOTECH_s05,86,217,93.23333333333333,1.6477153301239014,0.18894086347374595
TOKYOTECH_s05,86,218,93.26666666666667,1.3474900722503662,0.01556512712067407
TOKYOTECH_s05,86,219,93.3,1.0300880670547485,-0.16684008496440775
TOKYOTECH_s05,86,220,93.33333333333333,0.7112168669700623,-0.34101071592192594
TOKYOTECH_s05,86,221,93.36666666666666,0.2969691753387451,-0.4968330856646867
TOKYOTECH_s05,86,222,93.4,-0.006292429752647877,-0.6316127655489729
TOKYOTECH_s05,86,223,93.43333333333334,0.09677751362323761,-0.7440994411402834
TOKYOTECH_s05,86,224,93.46666666666667,0.3825684189796448,-0.8278589684528185
TOKYOTECH_s05,86,225,93.5,0.3734680116176605,-0.8687608343004481
TOKYOTECH_s05,86,226,93.53333333333333,0.08084730803966522,-0.847564433244083
TOKYOTECH_s05,86,227,93.56666666666666,-0.14499831199645996,-0.7457245979326402
TOKYOTECH_s05,86,228,93.6,-0.4303974211215973,-0.5526848608773215
TOKYOTECH_s05,86,229,93.63333333333334,-0.7965784668922424,-0.2735651821161224
TOKYOTECH_s05,86,230,93.66666666666667,-0.9711606502532959,0.06527846538347985
TOKYOTECH_s05,86,231,93.7,-1.075824499130249,0.41690399152283797
TOKYOTECH_s05,86,232,93.73333333333333,-1.0527350902557373,0.7233521301602921
TOKYOTECH_s05,86,233,93.76666666666667,-1.1453956365585327,0.9323278391784274
TOKYOTECH_s05,86,234,93.8,-1.1159483194351196,1.0140492574985522
TOKYOTECH_s05,86,235,93.83333333333333,-1.0360747575759888,0.9695917706005848
TOKYOTECH_s05,86,236,93.86666666666666,-1.1457695960998535,0.8260196080807101
TOKYOTECH_s05,86,237,93.9,-1.2103809118270874,0.6210664648389076
TOKYOTECH_s05,86,238,93.93333333333334,-1.1287620067596436,0.3863694961972817
TOKYOTECH_s05,86,239,93.96666666666667,-0.11437562853097916,0.13889699566454913
TOKYOTECH_s05,87,0,87.0,0.3794785737991333,0.07083549620771476
TOKYOTECH_s05,87,1,87.03333333333333,0.56951904296875,-1.7031452302757835
TOKYOTECH_s05,87,2,87.06666666666666,0.628226637840271,-3.177225248450346
TOKYOTECH_s05,87,3,87.1,0.44615569710731506,-4.1236482092747195
TOKYOTECH_s05,87,4,87.13333333333334,0.13766711950302124,-4.442143405448289
TOKYOTECH_s05,87,5,87.16666666666667,-0.1696193367242813,-4.1742106776382695
TOKYOTECH_s05,87,6,87.2,-0.4516080319881439,-3.4730215600740815
TOKYOTECH_s05,87,7,87.23333333333333,-0.6529839634895325,-2.5444291371175387
TOKYOTECH_s05,87,8,87.26666666666667,-0.7338104248046875,-1.5852357857945547
TOKYOTECH_s05,87,9,87.3,-0.7189843654632568,-0.7406181675081074
TOKYOTECH_s05,87,10,87.33333333333333,-0.7294917106628418,-0.08888808893992428
TOKYOTECH_s05,87,11,87.36666666666666,-0.7329644560813904,0.35162045987814833
TOKYOTECH_s05,87,12,87.4,-0.802891731262207,0.6043986078543043
TOKYOTECH_s05,87,13,87.43333333333334,-0.8858909010887146,0.7145924282082139
TOKYOTECH_s05,87,14,87.46666666666667,-0.882836639881134,0.7318214603365704
TOKYOTECH_s05,87,15,87.5,-0.055018022656440735,0.6977813340516075
TOKYOTECH_s05,87,16,87.53333333333333,1.3784511089324951,0.6394540393860149
TOKYOTECH_s05,87,17,87.56666666666666,1.9927657842636108,0.5685095108153347
TOKYOTECH_s05,87,18,87.6,1.8525996208190918,0.4861150200193921
TOKYOTECH_s05,87,19,87.63333333333334,1.6047420501708984,0.39014447124971385
TOKYOTECH_s05,87,20,87.66666666666667,1.3514081239700317,0.28050064120627155
TOKYOTECH_s05,87,21,87.7,1.0824735164642334,0.15994263633726072
TOKYOTECH_s05,87,22,87.73333333333333,0.7826400995254517,0.03213306836545916
TOKYOTECH_s05,87,23,87.76666666666667,0.5445329546928406,-0.09868760041281936
TOKYOTECH_s05,87,24,87.8,0.5221291184425354,-0.22421592097529494
TOKYOTECH_s05,87,25,87.83333333333333,0.6439431309700012,-0.3274551653122458
TOKYOTECH_s05,87,26,87.86666666666666,0.6328124403953552,-0.38239785214632893
TOKYOTECH_s05,87,27,87.9,0.4644010663032532,-0.36131705841121753
TOKYOTECH_s05,87,28,87.93333333333334,0.2200518399477005,-0.2468765470851077
TOKYOTECH_s05,87,29,87.96666666666667,-0.06829468160867691,-0.041813461509530025
TOKYOTECH_s05,87,30,88.0,-0.37851962447166443,0.22949458805029027
TOKYOTECH_s05,87,31,88.03333333333333,-0.6294314861297607,0.5277321957151264
TOKYOTECH_s05,87,32,88.06666666666666,-0.6613898873329163,0.8091266594710744
TOKYOTECH_s05,87,33,88.1,-0.6092182397842407,1.034486383134403
TOKYOTECH_s05,87,34,88.13333333333334,-0.6525476574897766,1.1745953501006359
TOKYOTECH_s05,87,35,88.16666666666667,-0.7246387600898743,1.2130563358924107
TOKYOTECH_s05,87,36,88.2,-0.736802339553833,1.1480856265563626
TOKYOTECH_s05,87,37,88.23333333333333,-0.8511453866958618,0.9928383390657864
TOKYOTECH_s05,87,38,88.26666666666667,-0.9344472885131836,0.7723030150790797
TOKYOTECH_s05,87,39,88.3,-0.35559937357902527,0.516082733201124
TOKYOTECH_s05,87,40,88.33333333333333,0.9355219602584839,0.25013584414675105
TOKYOTECH_s05,87,41,88.36666666666666,1.7962517738342285,-0.0076595062274987195
TOKYOTECH_s05,87,42,88.4,1.8257791996002197,-0.24644617277525113
TOKYOTECH_s05,87,43,88.43333333333334,1.5546183586120605,-0.4589514182303185
TOKYOTECH_s05,87,44,88.46666666666667,1.2827898263931274,-0.6401656896038886
TOKYOTECH_s05,87,45,88.5,1.0526610612869263,-0.7894420359499194
TOKYOTECH_s05,87,46,88.53333333333333,0.7492213845252991,-0.9123849992360766
TOKYOTECH_s05,87,47,88.56666666666666,0.5135719180107117,-1.0174860348663541
TOKYOTECH_s05,87,48,88.6,0.48676034808158875,-1.1070858100847747
TOKYOTECH_s05,87,49,88.63333333333334,0.5963305830955505,-1.1685124337216812
TOKYOTECH_s05,87,50,88.66666666666667,0.5481303930282593,-1.1731044304352258
TOKYOTECH_s05,87,51,88.7,0.3406369984149933,-1.0865062384830173
TOKYOTECH_s05,87,52,88.73333333333333,0.10043727606534958,-0.8858930363460603
TOKYOTECH_s05,87,53,88.76666666666667,-0.18890655040740967,-0.5744778232980746
TOKYOTECH_s05,87,54,88.8,-0.49170511960983276,-0.18507775961977493
TOKYOTECH_s05,87,55,88.83333333333333,-0.6581664085388184,0.2286257988456485
TOKYOTECH_s05,87,56,88.86666666666666,-0.6612563133239746,0.6072546660174867
TOKYOTECH_s05,87,57,88.9,-0.7541661858558655,0.899381656468392
TOKYOTECH_s05,87,58,88.93333333333334,-0.8094810843467712,1.0701338905869215
TOKYOTECH_s05,87,59,88.96666666666667,-0.7749582529067993,1.1061270487640704
TOKYOTECH_s05,87,60,89.0,-0.7773535847663879,1.0178978296055479
TOKYOTECH_s05,87,61,89.03333333333333,-0.8823023438453674,0.8379785612784333
TOKYOTECH_s05,87,62,89.06666666666666,-1.002994418144226,0.6121106818127017
TOKYOTECH_s05,87,63,89.1,-1.0208746194839478,0.38468564757135487
TOKYOTECH_s05,87,64,89.13333333333334,-0.6123437285423279,0.1849027631900306
TOKYOTECH_s05,87,65,89.16666666666667,0.6469261646270752,0.02148432710391272
TOKYOTECH_s05,87,66,89.2,1.657349944114685,-0.11190506803269648
TOKYOTECH_s05,87,67,89.23333333333333,1.762414574623108,-0.22603205248334352
TOKYOTECH_s05,87,68,89.26666666666667,1.44984769821167,-0.32841864708170065
TOKYOTECH_s05,87,69,89.3,1.11394202709198,-0.42269318576383685
TOKYOTECH_s05,87,70,89.33333333333333,0.8358357548713684,-0.511766128871324
TOKYOTECH_s05,87,71,89.36666666666666,0.4637599587440491,-0.5980586108119827
TOKYOTECH_s05,87,72,89.4,0.16526226699352264,-0.6780379081092845
TOKYOTECH_s05,87,73,89.43333333333334,0.20667722821235657,-0.7356415346176951
TOKYOTECH_s05,87,74,89.46666666666667,0.4533950686454773,-0.74256469822197
TOKYOTECH_s05,87,75,89.5,0.4744453728199005,-0.6691196976005108
TOKYOTECH_s05,87,76,89.53333333333333,0.22252729535102844,-0.5000233950246631
TOKYOTECH_s05,87,77,89.56666666666666,-0.08823192119598389,-0.24417335107043606
TOKYOTECH_s05,87,78,89.6,-0.39665815234184265,0.06772266966040152
TOKYOTECH_s05,87,79,89.63333333333334,-0.5154980421066284,0.3944249557915198
TOKYOTECH_s05,87,80,89.66666666666667,-0.6712560653686523,0.6960752316824469
TOKYOTECH_s05,87,81,89.7,-0.850709080696106,0.940585938901279
TOKYOTECH_s05,87,82,89.73333333333333,-0.8252599239349365,1.104609013736432
TOKYOTECH_s05,87,83,89.76666666666667,-0.8325527310371399,1.1733994181574512
TOKYOTECH_s05,87,84,89.8,-0.8180383443832397,1.1423070760169238
TOKYOTECH_s05,87,85,89.83333333333333,-0.8852319717407227,1.0185402758747415
TOKYOTECH_s05,87,86,89.86666666666666,-0.9402263164520264,0.8202991197013149
TOKYOTECH_s05,87,87,89.9,-0.5490325093269348,0.5722806265102478
TOKYOTECH_s05,87,88,89.93333333333334,0.5993314385414124,0.2996669710466231
TOKYOTECH_s05,87,89,89.96666666666667,1.4507648944854736,0.02395133695821236
TOKYOTECH_s05,87,90,90.0,1.4847534894943237,-0.2380224485519556
TOKYOTECH_s05,87,91,90.03333333333333,1.2078315019607544,-0.47342143804389336
TOKYOTECH_s05,87,92,90.06666666666666,0.930962860584259,-0.6737394200380297
TOKYOTECH_s05,87,93,90.1,0.5593945980072021,-0.8366313427279067
TOKYOTECH_s05,87,94,90.13333333333334,0.1483258455991745,-0.9666261617250759
TOKYOTECH_s05,87,95,90.16666666666667,-0.014814065769314766,-1.0712924302353592
TOKYOTECH_s05,87,96,90.2,0.16980357468128204,-1.1529363316755206
TOKYOTECH_s05,87,97,90.23333333333333,0.34229323267936707,-1.2008067072092319
TOKYOTECH_s05,87,98,90.26666666666667,0.22456644475460052,-1.1905329128529434
TOKYOTECH_s05,87,99,90.3,0.06938717514276505,-1.0938292429070466
TOKYOTECH_s05,87,100,90.33333333333333,-0.15198835730552673,-0.8940510710454834
TOKYOTECH_s05,87,101,90.36666666666666,-0.5628790259361267,-0.5978877291287557
TOKYOTECH_s05,87,102,90.4,-0.8001936674118042,-0.2353023433677928
TOKYOTECH_s05,87,103,90.43333333333334,-0.9204850196838379,0.1520685458216838
TOKYOTECH_s05,87,104,90.46666666666667,-0.9503329992294312,0.5252732678514511
TOKYOTECH_s05,87,105,90.5,-0.9738320112228394,0.8553057704615342
TOKYOTECH_s05,87,106,90.53333333333333,-1.064613699913025,1.121771563240167
TOKYOTECH_s05,87,107,90.56666666666666,-0.9320430755615234,1.3093600102249343
TOKYOTECH_s05,87,108,90.6,-1.0135551691055298,1.4072094790026237
TOKYOTECH_s05,87,109,90.63333333333334,-1.1817171573638916,1.4105082178108108
TOKYOTECH_s05,87,110,90.66666666666667,-1.0255674123764038,1.3216572384452707
TOKYOTECH_s05,87,111,90.7,-0.03439512848854065,1.1500852230783547
TOKYOTECH_s05,87,112,90.73333333333333,1.3358519077301025,0.9115164729849476
TOKYOTECH_s05,87,113,90.76666666666667,1.8286107778549194,0.6273067999925329
TOKYOTECH_s05,87,114,90.8,1.641402006149292,0.32294562231942997
TOKYOTECH_s05,87,115,90.83333333333333,1.3245609998703003,0.0242961844586007
TOKYOTECH_s05,87,116,90.86666666666666,1.0697311162948608,-0.24801637842269453
TOKYOTECH_s05,87,117,90.9,0.7787132263183594,-0.48333487039180656
TOKYOTECH_s05,87,118,90.93333333333334,0.4574911594390869,-0.6817751423828342
TOKYOTECH_s05,87,119,90.96666666666667,0.2741023302078247,-0.8499903684983258
TOKYOTECH_s05,87,120,91.0,0.36825886368751526,-0.9936019707863807
TOKYOTECH_s05,87,121,91.03333333333333,0.4639647603034973,-1.1101397514742448
TOKYOTECH_s05,87,122,91.06666666666666,0.3691047728061676,-1.186505676667509
TOKYOTECH_s05,87,123,91.1,0.1209978386759758,-1.2026937752966143
TOKYOTECH_s05,87,124,91.13333333333334,-0.2202950268983841,-1.1397884392776358
TOKYOTECH_s05,87,125,91.16666666666667,-0.5141356587409973,-0.9878670570438216
TOKYOTECH_s05,87,126,91.2,-0.6797420978546143,-0.7502711093679538
TOKYOTECH_s05,87,127,91.23333333333333,-0.7618864178657532,-0.4436348857792297
TOKYOTECH_s05,87,128,91.26666666666667,-0.8429532647132874,-0.0954429997584826
TOKYOTECH_s05,87,129,91.3,-0.9903944730758667,0.25924493328662773
TOKYOTECH_s05,87,130,91.33333333333333,-0.9717839956283569,0.5824735510584701
TOKYOTECH_s05,87,131,91.36666666666666,-0.9417579174041748,0.8407427935631651
TOKYOTECH_s05,87,132,91.4,-1.0032436847686768,1.0133854687496127
TOKYOTECH_s05,87,133,91.43333333333334,-1.1287174224853516,1.0972077313796058
TOKYOTECH_s05,87,134,91.46666666666667,-1.1790993213653564,1.1035530994569998
TOKYOTECH_s05,87,135,91.5,-0.866443395614624,1.0489145490222764
TOKYOTECH_s05,87,136,91.53333333333333,0.39491012692451477,0.9455146541628853
TOKYOTECH_s05,87,137,91.56666666666666,1.5787853002548218,0.7985628187655263
TOKYOTECH_s05,87,138,91.6,1.7980772256851196,0.6107173592224299
TOKYOTECH_s05,87,139,91.63333333333334,1.5314576625823975,0.38803353610202984
TOKYOTECH_s05,87,140,91.66666666666667,1.1977158784866333,0.14180153213586738
TOKYOTECH_s05,87,141,91.7,0.9201082587242126,-0.11420949552620907
TOKYOTECH_s05,87,142,91.73333333333333,0.5916646122932434,-0.36695241968669967
TOKYOTECH_s05,87,143,91.76666666666667,0.2517252564430237,-0.6036477609496356
TOKYOTECH_s05,87,144,91.8,0.18313366174697876,-0.8083159278598269
TOKYOTECH_s05,87,145,91.83333333333333,0.3718651831150055,-0.9599963449564046
TOKYOTECH_s05,87,146,91.86666666666666,0.4679361581802368,-1.0361079342911577
TOKYOTECH_s05,87,147,91.9,0.31023693084716797,-1.0198146676091213
TOKYOTECH_s05,87,148,91.93333333333334,0.05269118398427963,-0.9069477054374916
TOKYOTECH_s05,87,149,91.96666666666667,-0.22137247025966644,-0.7083225239354587
TOKYOTECH_s05,87,150,92.0,-0.49806296825408936,-0.44666903499138294
TOKYOTECH_s05,87,151,92.03333333333333,-0.7666236162185669,-0.15111450540413715
TOKYOTECH_s05,87,152,92.06666666666666,-0.9008594155311584,0.14679175411154935
TOKYOTECH_s05,87,153,92.1,-0.9086241722106934,0.4143446925299475
TOKYOTECH_s05,87,154,92.13333333333334,-0.8610739707946777,0.6196154218338304
TOKYOTECH_s05,87,155,92.16666666666667,-0.8775295615196228,0.7380107845169354
TOKYOTECH_s05,87,156,92.2,-0.9416688680648804,0.7616937960396419
TOKYOTECH_s05,87,157,92.23333333333333,-0.9164334535598755,0.7045051220327239
TOKYOTECH_s05,87,158,92.26666666666667,-1.0071794986724854,0.5965459724609267
TOKYOTECH_s05,87,159,92.3,-1.1993749141693115,0.470128626756859
TOKYOTECH_s05,87,160,92.33333333333333,-0.9923089146614075,0.34603044261107935
TOKYOTECH_s05,87,161,92.36666666666666,0.38372603058815,0.22925414700891017
TOKYOTECH_s05,87,162,92.4,1.6348036527633667,0.11550646521223633
TOKYOTECH_s05,87,163,92.43333333333334,1.7784515619277954,0.000993480576489803
TOKYOTECH_s05,87,164,92.46666666666667,1.466036081314087,-0.11300493632162281
TOKYOTECH_s05,87,165,92.5,1.1309319734573364,-0.22305171834330428
TOKYOTECH_s05,87,166,92.53333333333333,0.7869053483009338,-0.32855109524889453
TOKYOTECH_s05,87,167,92.56666666666666,0.3447776138782501,-0.4316466651795141
TOKYOTECH_s05,87,168,92.6,0.030438760295510292,-0.5311250385765947
TOKYOTECH_s05,87,169,92.63333333333334,0.14528940618038177,-0.6163910266467949
TOKYOTECH_s05,87,170,92.66666666666667,0.34706607460975647,-0.6675684615358294
TOKYOTECH_s05,87,171,92.7,0.3666827380657196,-0.6622532612820581
TOKYOTECH_s05,87,172,92.73333333333333,0.18501250445842743,-0.5843595257481251
TOKYOTECH_s05,87,173,92.76666666666667,-0.04085981845855713,-0.42992395582413695
TOKYOTECH_s05,87,174,92.8,-0.3677540421485901,-0.208559238332418
TOKYOTECH_s05,87,175,92.83333333333333,-0.6953873634338379,0.057375240915240835
TOKYOTECH_s05,87,176,92.86666666666666,-0.8175041079521179,0.3346958185327484
TOKYOTECH_s05,87,177,92.9,-0.940760612487793,0.5838587584226881
TOKYOTECH_s05,87,178,92.93333333333334,-1.0604642629623413,0.7675447618600317
TOKYOTECH_s05,87,179,92.96666666666667,-0.9339931607246399,0.8618129807042986
TOKYOTECH_s05,87,180,93.0,-0.948186993598938,0.8643934284699138
TOKYOTECH_s05,87,181,93.03333333333333,-1.0195746421813965,0.7941787108139698
TOKYOTECH_s05,87,182,93.06666666666666,-1.0192095041275024,0.6807556416252383
TOKYOTECH_s05,87,183,93.1,-1.1159483194351196,0.5495659099685757
TOKYOTECH_s05,87,184,93.13333333333334,-0.6962510943412781,0.4117402721135619
TOKYOTECH_s05,87,185,93.16666666666667,0.6186097264289856,0.2647196550240334
TOKYOTECH_s05,87,186,93.2,1.5815367698669434,0.10184753297294347
TOKYOTECH_s05,87,187,93.23333333333333,1.6477153301239014,-0.07730225013671077
TOKYOTECH_s05,87,188,93.26666666666667,1.3474900722503662,-0.26352243699922917
TOKYOTECH_s05,87,189,93.3,1.0300880670547485,-0.44287626899091836
TOKYOTECH_s05,87,190,93.33333333333333,0.7112168669700623,-0.6046467478508906
TOKYOTECH_s05,87,191,93.36666666666666,0.2969691753387451,-0.7451821258939162
TOKYOTECH_s05,87,192,93.4,-0.006292429752647877,-0.8647577352230221
TOKYOTECH_s05,87,193,93.43333333333334,0.09677751362323761,-0.9606317990226861
TOKYOTECH_s05,87,194,93.46666666666667,0.3825684189796448,-1.0220170483477022
TOKYOTECH_s05,87,195,93.5,0.3734680116176605,-1.0306193296022328
TOKYOTECH_s05,87,196,93.53333333333333,0.08084730803966522,-0.9660817464800131
TOKYOTECH_s05,87,197,93.56666666666666,-0.14499831199645996,-0.8128990348781299
TOKYOTECH_s05,87,198,93.6,-0.4303974211215973,-0.566139691742841
TOKYOTECH_s05,87,199,93.63333333333334,-0.7965784668922424,-0.2354646157643667
TOKYOTECH_s05,87,200,93.66666666666667,-0.9711606502532959,0.15255827156703441
TOKYOTECH_s05,87,201,93.7,-1.075824499130249,0.555222213000906
TOKYOTECH_s05,87,202,93.73333333333333,-1.0527350902557373,0.9201058710369385
TOKYOTECH_s05,87,203,93.76666666666667,-1.1453956365585327,1.1978294846854345
TOKYOTECH_s05,87,204,93.8,-1.1159483194351196,1.3566719407147934
TOKYOTECH_s05,87,205,93.83333333333333,-1.0360747575759888,1.3912315647182476
TOKYOTECH_s05,87,206,93.86666666666666,-1.1457695960998535,1.3200929149081522
TOKYOTECH_s05,87,207,93.9,-1.2103809118270874,1.1742112868020034
TOKYOTECH_s05,87,208,93.93333333333334,-1.1287620067596436,0.9831708448110487
TOKYOTECH_s05,87,209,93.96666666666667,-0.11437562853097916,0.7667989972010237
TOKYOTECH_s05,87,210,94.0,1.4259835481643677,0.5347234593568002
TOKYOTECH_s05,87,211,94.03333333333333,1.9621965885162354,0.2907803238237904
TOKYOTECH_s05,87,212,94.06666666666666,1.7418361902236938,0.037355250610226355
TOKYOTECH_s05,87,213,94.1,1.395423173904419,-0.22276947855577495
TOKYOTECH_s05,87,214,94.13333333333334,1.0452880859375,-0.4856011614561157
TOKYOTECH_s05,87,215,94.16666666666667,0.7481261491775513,-0.7436008960854271
TOKYOTECH_s05,87,216,94.2,0.4885501563549042,-0.9823824847498099
TOKYOTECH_s05,87,217,94.23333333333333,0.36772456765174866,-1.1800829580382577
TOKYOTECH_s05,87,218,94.26666666666667,0.45856860280036926,-1.3118384188953294
TOKYOTECH_s05,87,219,94.3,0.5577917695045471,-1.3576963119068202
TOKYOTECH_s05,87,220,94.33333333333333,0.416120707988739,-1.3093070983722113
TOKYOTECH_s05,87,221,94.36666666666666,0.106465645134449,-1.171417162119882
TOKYOTECH_s05,87,222,94.4,-0.15425902605056763,-0.9581991208797951
TOKYOTECH_s05,87,223,94.43333333333334,-0.4614386260509491,-0.6882966034694679
TOKYOTECH_s05,87,224,94.46666666666667,-0.7608356475830078,-0.38269512030723773
TOKYOTECH_s05,87,225,94.5,-0.892221987247467,-0.06603285792557041
TOKYOTECH_s05,87,226,94.53333333333333,-0.9143675565719604,0.23235209784513652
TOKYOTECH_s05,87,227,94.56666666666666,-0.965719997882843,0.4820022936506178
TOKYOTECH_s05,87,228,94.6,-1.0139291286468506,0.659392727459836
TOKYOTECH_s05,87,229,94.63333333333334,-0.9700654149055481,0.755364944256472
TOKYOTECH_s05,87,230,94.66666666666667,-1.0514349937438965,0.776720773717693
TOKYOTECH_s05,87,231,94.7,-1.1765881776809692,0.7410243103185618
TOKYOTECH_s05,87,232,94.73333333333333,-1.2029812335968018,0.6684815533437973
TOKYOTECH_s05,87,233,94.76666666666667,-1.0242139101028442,0.5763214445854
TOKYOTECH_s05,87,234,94.8,0.200337216258049,0.4781577654248202
TOKYOTECH_s05,87,235,94.83333333333333,1.6315891742706299,0.3862497216121215
TOKYOTECH_s05,87,236,94.86666666666666,1.9657138586044312,0.31238330374910034
TOKYOTECH_s05,87,237,94.9,1.6326932907104492,0.264934333668471
TOKYOTECH_s05,87,238,94.93333333333334,1.226272702217102,0.24404681830383762
TOKYOTECH_s05,87,239,94.96666666666667,0.9085769057273865,0.23948809552757186
TOKYOTECH_s05,88,0,88.0,-0.37851962447166443,0.14102167987423977
TOKYOTECH_s05,88,1,88.03333333333333,-0.6294314861297607,-0.8745732156692428
TOKYOTECH_s05,88,2,88.06666666666666,-0.6613898873329163,-1.7167850483207399
TOKYOTECH_s05,88,3,88.1,-0.6092182397842407,-2.257674766503097
TOKYOTECH_s05,88,4,88.13333333333334,-0.6525476574897766,-2.4518077210608964
TOKYOTECH_s05,88,5,88.16666666666667,-0.7246387600898743,-2.3401276736390835
TOKYOTECH_s05,88,6,88.2,-0.736802339553833,-2.0236591319177766
TOKYOTECH_s05,88,7,88.23333333333333,-0.8511453866958618,-1.6217269623581207
TOKYOTECH_s05,88,8,88.26666666666667,-0.9344472885131836,-1.2349366177039969
TOKYOTECH_s05,88,9,88.3,-0.35559937357902527,-0.926106425036417
TOKYOTECH_s05,88,10,88.33333333333333,0.9355219602584839,-0.7194180451542584
TOKYOTECH_s05,88,11,88.36666666666666,1.7962517738342285,-0.6092345441397669
TOKYOTECH_s05,88,12,88.4,1.8257791996002197,-0.5707989344368881
TOKYOTECH_s05,88,13,88.43333333333334,1.5546183586120605,-0.5705454310096074
TOKYOTECH_s05,88,14,88.46666666666667,1.2827898263931274,-0.5765275573060707
TOKYOTECH_s05,88,15,88.5,1.0526610612869263,-0.567821755730429
TOKYOTECH_s05,88,16,88.53333333333333,0.7492213845252991,-0.5388057150270301
TOKYOTECH_s05,88,17,88.56666666666666,0.5135719180107117,-0.4946786943289133
TOKYOTECH_s05,88,18,88.6,0.48676034808158875,-0.4401361674229235
TOKYOTECH_s05,88,19,88.63333333333334,0.5963305830955505,-0.36882589473845584
TOKYOTECH_s05,88,20,88.66666666666667,0.5481303930282593,-0.2614102918279009
TOKYOTECH_s05,88,21,88.7,0.3406369984149933,-0.09445513417725807
TOKYOTECH_s05,88,22,88.73333333333333,0.10043727606534958,0.1451116550003253
TOKYOTECH_s05,88,23,88.76666666666667,-0.18890655040740967,0.4492139689768327
TOKYOTECH_s05,88,24,88.8,-0.49170511960983276,0.7881672094406653
TOKYOTECH_s05,88,25,88.83333333333333,-0.6581664085388184,1.1201008192598425
TOKYOTECH_s05,88,26,88.86666666666666,-0.6612563133239746,1.4034254300741447
TOKYOTECH_s05,88,27,88.9,-0.7541661858558655,1.6049653761082225
TOKYOTECH_s05,88,28,88.93333333333334,-0.8094810843467712,1.7022497385385211
TOKYOTECH_s05,88,29,88.96666666666667,-0.7749582529067993,1.6839642430242368
TOKYOTECH_s05,88,30,89.0,-0.7773535847663879,1.5517639894771682
TOKYOTECH_s05,88,31,89.03333333333333,-0.8823023438453674,1.322167279523929
TOKYOTECH_s05,88,32,89.06666666666666,-1.002994418144226,1.0248661307821667
TOKYOTECH_s05,88,33,89.1,-1.0208746194839478,0.6956944605831672
TOKYOTECH_s05,88,34,89.13333333333334,-0.6123437285423279,0.3669543640011494
TOKYOTECH_s05,88,35,89.16666666666667,0.6469261646270752,0.060419411771343544
TOKYOTECH_s05,88,36,89.2,1.657349944114685,-0.21373976211064638
TOKYOTECH_s05,88,37,89.23333333333333,1.762414574623108,-0.45334803707607524
TOKYOTECH_s05,88,38,89.26666666666667,1.44984769821167,-0.6598990124210284
TOKYOTECH_s05,88,39,89.3,1.11394202709198,-0.8363342846165847
TOKYOTECH_s05,88,40,89.33333333333333,0.8358357548713684,-0.9859700754119972
TOKYOTECH_s05,88,41,89.36666666666666,0.4637599587440491,-1.1095892916798018
TOKYOTECH_s05,88,42,89.4,0.16526226699352264,-1.2002965910041807
TOKYOTECH_s05,88,43,89.43333333333334,0.20667722821235657,-1.2400744129572234
TOKYOTECH_s05,88,44,89.46666666666667,0.4533950686454773,-1.2032429134938387
TOKYOTECH_s05,88,45,89.5,0.4744453728199005,-1.0679493517581524
TOKYOTECH_s05,88,46,89.53333333333333,0.22252729535102844,-0.8296788619974045
TOKYOTECH_s05,88,47,89.56666666666666,-0.08823192119598389,-0.507571336678568
TOKYOTECH_s05,88,48,89.6,-0.39665815234184265,-0.13931283131117542
TOKYOTECH_s05,88,49,89.63333333333334,-0.5154980421066284,0.23131588236030745
TOKYOTECH_s05,88,50,89.66666666666667,-0.6712560653686523,0.5659795147770506
TOKYOTECH_s05,88,51,89.7,-0.850709080696106,0.8366862142383787
TOKYOTECH_s05,88,52,89.73333333333333,-0.8252599239349365,1.0248259769830852
TOKYOTECH_s05,88,53,89.76666666666667,-0.8325527310371399,1.119400552767546
TOKYOTECH_s05,88,54,89.8,-0.8180383443832397,1.1176541652753882
TOKYOTECH_s05,88,55,89.83333333333333,-0.8852319717407227,1.026748420084544
TOKYOTECH_s05,88,56,89.86666666666666,-0.9402263164520264,0.8631762921324188
TOKYOTECH_s05,88,57,89.9,-0.5490325093269348,0.6485394840328961
TOKYOTECH_s05,88,58,89.93333333333334,0.5993314385414124,0.40388654429317067
TOKYOTECH_s05,88,59,89.96666666666667,1.4507648944854736,0.14632219949960595
TOKYOTECH_s05,88,60,90.0,1.4847534894943237,-0.11073112399569822
TOKYOTECH_s05,88,61,90.03333333333333,1.2078315019607544,-0.3556766692141392
TOKYOTECH_s05,88,62,90.06666666666666,0.930962860584259,-0.5782461775126237
TOKYOTECH_s05,88,63,90.1,0.5593945980072021,-0.7710745292572012
TOKYOTECH_s05,88,64,90.13333333333334,0.1483258455991745,-0.9308414903210807
TOKYOTECH_s05,88,65,90.16666666666667,-0.014814065769314766,-1.0557982299731794
TOKYOTECH_s05,88,66,90.2,0.16980357468128204,-1.1398683508659078
TOKYOTECH_s05,88,67,90.23333333333333,0.34229323267936707,-1.1678775194816418
TOKYOTECH_s05,88,68,90.26666666666667,0.22456644475460052,-1.117508022966785
TOKYOTECH_s05,88,69,90.3,0.06938717514276505,-0.9695993507666155
TOKYOTECH_s05,88,70,90.33333333333333,-0.15198835730552673,-0.7215642937596334
TOKYOTECH_s05,88,71,90.36666666666666,-0.5628790259361267,-0.39466516237233573
TOKYOTECH_s05,88,72,90.4,-0.8001936674118042,-0.028984816270303037
TOKYOTECH_s05,88,73,90.43333333333334,-0.9204850196838379,0.331537100063774
TOKYOTECH_s05,88,74,90.46666666666667,-0.9503329992294312,0.6538300017020434
TOKYOTECH_s05,88,75,90.5,-0.9738320112228394,0.920377512760955
TOKYOTECH_s05,88,76,90.53333333333333,-1.064613699913025,1.1236782468966138
TOKYOTECH_s05,88,77,90.56666666666666,-0.9320430755615234,1.2587436690824567
TOKYOTECH_s05,88,78,90.6,-1.0135551691055298,1.3202617174181988
TOKYOTECH_s05,88,79,90.63333333333334,-1.1817171573638916,1.30429224100738
TOKYOTECH_s05,88,80,90.66666666666667,-1.0255674123764038,1.2111173341655752
TOKYOTECH_s05,88,81,90.7,-0.03439512848854065,1.046942639306244
TOKYOTECH_s05,88,82,90.73333333333333,1.3358519077301025,0.8241174688698588
TOKYOTECH_s05,88,83,90.76666666666667,1.8286107778549194,0.5601953102162727
TOKYOTECH_s05,88,84,90.8,1.641402006149292,0.27545444359342003
TOKYOTECH_s05,88,85,90.83333333333333,1.3245609998703003,-0.011459126296945423
TOKYOTECH_s05,88,86,90.86666666666666,1.0697311162948608,-0.2881174486912223
TOKYOTECH_s05,88,87,90.9,0.7787132263183594,-0.5498827753541333
TOKYOTECH_s05,88,88,90.93333333333334,0.4574911594390869,-0.7965008250931602
TOKYOTECH_s05,88,89,90.96666666666667,0.2741023302078247,-1.024993316870342
TOKYOTECH_s05,88,90,91.0,0.36825886368751526,-1.2228334463710042
TOKYOTECH_s05,88,91,91.03333333333333,0.4639647603034973,-1.3658694036100445
TOKYOTECH_s05,88,92,91.06666666666666,0.3691047728061676,-1.423336483169531
TOKYOTECH_s05,88,93,91.1,0.1209978386759758,-1.3685326540958744
TOKYOTECH_s05,88,94,91.13333333333334,-0.2202950268983841,-1.1902935567397905
TOKYOTECH_s05,88,95,91.16666666666667,-0.5141356587409973,-0.8995656910456516
TOKYOTECH_s05,88,96,91.2,-0.6797420978546143,-0.5280224158290263
TOKYOTECH_s05,88,97,91.23333333333333,-0.7618864178657532,-0.12003082320900522
TOKYOTECH_s05,88,98,91.26666666666667,-0.8429532647132874,0.27756642377730345
TOKYOTECH_s05,88,99,91.3,-0.9903944730758667,0.6236155250431956
TOKYOTECH_s05,88,100,91.33333333333333,-0.9717839956283569,0.8877439274524608
TOKYOTECH_s05,88,101,91.36666666666666,-0.9417579174041748,1.0538101036217107
TOKYOTECH_s05,88,102,91.4,-1.0032436847686768,1.1220813655981974
TOKYOTECH_s05,88,103,91.43333333333334,-1.1287174224853516,1.1081855322526315
TOKYOTECH_s05,88,104,91.46666666666667,-1.1790993213653564,1.0369145400602113
TOKYOTECH_s05,88,105,91.5,-0.866443395614624,0.9321591660848616
TOKYOTECH_s05,88,106,91.53333333333333,0.39491012692451477,0.8082359383850986
TOKYOTECH_s05,88,107,91.56666666666666,1.5787853002548218,0.6680157937445077
TOKYOTECH_s05,88,108,91.6,1.7980772256851196,0.5079623784897924
TOKYOTECH_s05,88,109,91.63333333333334,1.5314576625823975,0.3248716162559163
TOKYOTECH_s05,88,110,91.66666666666667,1.1977158784866333,0.11933735626276736
TOKYOTECH_s05,88,111,91.7,0.9201082587242126,-0.10454605025321694
TOKYOTECH_s05,88,112,91.73333333333333,0.5916646122932434,-0.3398494441068015
TOKYOTECH_s05,88,113,91.76666666666667,0.2517252564430237,-0.5748515977180793
TOKYOTECH_s05,88,114,91.8,0.18313366174697876,-0.7899115091186003
TOKYOTECH_s05,88,115,91.83333333333333,0.3718651831150055,-0.9577918567290301
TOKYOTECH_s05,88,116,91.86666666666666,0.4679361581802368,-1.049802899100152
TOKYOTECH_s05,88,117,91.9,0.31023693084716797,-1.0452377666371815
TOKYOTECH_s05,88,118,91.93333333333334,0.05269118398427963,-0.9389700055845427
TOKYOTECH_s05,88,119,91.96666666666667,-0.22137247025966644,-0.7432749883170864
TOKYOTECH_s05,88,120,92.0,-0.49806296825408936,-0.48358771351432467
TOKYOTECH_s05,88,121,92.03333333333333,-0.7666236162185669,-0.19157657963409694
TOKYOTECH_s05,88,122,92.06666666666666,-0.9008594155311584,0.0999293736638999
TOKYOTECH_s05,88,123,92.1,-0.9086241722106934,0.3585083241124953
TOKYOTECH_s05,88,124,92.13333333333334,-0.8610739707946777,0.5536583578475645
TOKYOTECH_s05,88,125,92.16666666666667,-0.8775295615196228,0.6628002984113289
TOKYOTECH_s05,88,126,92.2,-0.9416688680648804,0.6804373048067796
TOKYOTECH_s05,88,127,92.23333333333333,-0.9164334535598755,0.6229150048473037
TOKYOTECH_s05,88,128,92.26666666666667,-1.0071794986724854,0.5223166470790057
TOKYOTECH_s05,88,129,92.3,-1.1993749141693115,0.41102980103768805
TOKYOTECH_s05,88,130,92.33333333333333,-0.9923089146614075,0.3069313510016108
TOKYOTECH_s05,88,131,92.36666666666666,0.38372603058815,0.20980439823420408
TOKYOTECH_s05,88,132,92.4,1.6348036527633667,0.11032122192910526
TOKYOTECH_s05,88,133,92.43333333333334,1.7784515619277954,0.0027336108693964112
TOKYOTECH_s05,88,134,92.46666666666667,1.466036081314087,-0.10896116091592806
TOKYOTECH_s05,88,135,92.5,1.1309319734573364,-0.21453625950562316
TOKYOTECH_s05,88,136,92.53333333333333,0.7869053483009338,-0.30531301140448003
TOKYOTECH_s05,88,137,92.56666666666666,0.3447776138782501,-0.3781127019918549
TOKYOTECH_s05,88,138,92.6,0.030438760295510292,-0.4327057460872338
TOKYOTECH_s05,88,139,92.63333333333334,0.14528940618038177,-0.46692779845100046
TOKYOTECH_s05,88,140,92.66666666666667,0.34706607460975647,-0.4747180430773943
TOKYOTECH_s05,88,141,92.7,0.3666827380657196,-0.44830404235113447
TOKYOTECH_s05,88,142,92.73333333333333,0.18501250445842743,-0.3815988259199186
TOKYOTECH_s05,88,143,92.76666666666667,-0.04085981845855713,-0.2716749008464615
TOKYOTECH_s05,88,144,92.8,-0.3677540421485901,-0.11899610452488996
TOKYOTECH_s05,88,145,92.83333333333333,-0.6953873634338379,0.0704546137709404
TOKYOTECH_s05,88,146,92.86666666666666,-0.8175041079521179,0.2809107599456632
TOKYOTECH_s05,88,147,92.9,-0.940760612487793,0.4848197851796503
TOKYOTECH_s05,88,148,92.93333333333334,-1.0604642629623413,0.6481090115554442
TOKYOTECH_s05,88,149,92.96666666666667,-0.9339931607246399,0.7427814817937396
TOKYOTECH_s05,88,150,93.0,-0.948186993598938,0.7597589704443262
TOKYOTECH_s05,88,151,93.03333333333333,-1.0195746421813965,0.7124080019303226
TOKYOTECH_s05,88,152,93.06666666666666,-1.0192095041275024,0.6271275866391913
TOKYOTECH_s05,88,153,93.1,-1.1159483194351196,0.5269264530978635
TOKYOTECH_s05,88,154,93.13333333333334,-0.6962510943412781,0.41923096239418833
TOKYOTECH_s05,88,155,93.16666666666667,0.6186097264289856,0.29614756691868244
TOKYOTECH_s05,88,156,93.2,1.5815367698669434,0.14591013857375176
TOKYOTECH_s05,88,157,93.23333333333333,1.6477153301239014,-0.033964378244735284
TOKYOTECH_s05,88,158,93.26666666666667,1.3474900722503662,-0.23149825010036254
TOKYOTECH_s05,88,159,93.3,1.0300880670547485,-0.4258346171959427
TOKYOTECH_s05,88,160,93.33333333333333,0.7112168669700623,-0.5981537208460688
TOKYOTECH_s05,88,161,93.36666666666666,0.2969691753387451,-0.7392354862306216
TOKYOTECH_s05,88,162,93.4,-0.006292429752647877,-0.8489567014255232
TOKYOTECH_s05,88,163,93.43333333333334,0.09677751362323761,-0.9297573580893667
TOKYOTECH_s05,88,164,93.46666666666667,0.3825684189796448,-0.9796918907619189
TOKYOTECH_s05,88,165,93.5,0.3734680116176605,-0.9894687572499564
TOKYOTECH_s05,88,166,93.53333333333333,0.08084730803966522,-0.9440501718256381
TOKYOTECH_s05,88,167,93.56666666666666,-0.14499831199645996,-0.8269086627155522
TOKYOTECH_s05,88,168,93.6,-0.4303974211215973,-0.6258281869552192
TOKYOTECH_s05,88,169,93.63333333333334,-0.7965784668922424,-0.340128586597891
TOKYOTECH_s05,88,170,93.66666666666667,-0.9711606502532959,0.012575388295259008
TOKYOTECH_s05,88,171,93.7,-1.075824499130249,0.39434654802239316
TOKYOTECH_s05,88,172,93.73333333333333,-1.0527350902557373,0.7532955084284025
TOKYOTECH_s05,88,173,93.76666666666667,-1.1453956365585327,1.0377918890419024
TOKYOTECH_s05,88,174,93.8,-1.1159483194351196,1.2125237987433146
TOKYOTECH_s05,88,175,93.83333333333333,-1.0360747575759888,1.2681168572853774
TOKYOTECH_s05,88,176,93.86666666666666,-1.1457695960998535,1.2194496390166814
TOKYOTECH_s05,88,177,93.9,-1.2103809118270874,1.0946349233146448
TOKYOTECH_s05,88,178,93.93333333333334,-1.1287620067596436,0.9220380713285445
TOKYOTECH_s05,88,179,93.96666666666667,-0.11437562853097916,0.7226525728186542
TOKYOTECH_s05,88,180,94.0,1.4259835481643677,0.5095822490767195
TOKYOTECH_s05,88,181,94.03333333333333,1.9621965885162354,0.29082037906164665
TOKYOTECH_s05,88,182,94.06666666666666,1.7418361902236938,0.0710628418554841
TOKYOTECH_s05,88,183,94.1,1.395423173904419,-0.14818931907750632
TOKYOTECH_s05,88,184,94.13333333333334,1.0452880859375,-0.36779218550604637
TOKYOTECH_s05,88,185,94.16666666666667,0.7481261491775513,-0.5872280162476459
TOKYOTECH_s05,88,186,94.2,0.4885501563549042,-0.799434392583315
TOKYOTECH_s05,88,187,94.23333333333333,0.36772456765174866,-0.988351787909323
TOKYOTECH_s05,88,188,94.26666666666667,0.45856860280036926,-1.1317101995545997
TOKYOTECH_s05,88,189,94.3,0.5577917695045471,-1.2075025019367869
TOKYOTECH_s05,88,190,94.33333333333333,0.416120707988739,-1.2000573573994349
TOKYOTECH_s05,88,191,94.36666666666666,0.106465645134449,-1.1025568713966187
TOKYOTECH_s05,88,192,94.4,-0.15425902605056763,-0.916368462899792
TOKYOTECH_s05,88,193,94.43333333333334,-0.4614386260509491,-0.6503473863714317
TOKYOTECH_s05,88,194,94.46666666666667,-0.7608356475830078,-0.32252299409967505
TOKYOTECH_s05,88,195,94.5,-0.892221987247467,0.03716590893452982
TOKYOTECH_s05,88,196,94.53333333333333,-0.9143675565719604,0.3879032612498763
TOKYOTECH_s05,88,197,94.56666666666666,-0.965719997882843,0.6865234224144666
TOKYOTECH_s05,88,198,94.6,-1.0139291286468506,0.9009295716914214
TOKYOTECH_s05,88,199,94.63333333333334,-0.9700654149055481,1.0204129330291385
TOKYOTECH_s05,88,200,94.66666666666667,-1.0514349937438965,1.0562771711318881
TOKYOTECH_s05,88,201,94.7,-1.1765881776809692,1.0326731942212406
TOKYOTECH_s05,88,202,94.73333333333333,-1.2029812335968018,0.9736482181714602
TOKYOTECH_s05,88,203,94.76666666666667,-1.0242139101028442,0.8939093772511617
TOKYOTECH_s05,88,204,94.8,0.200337216258049,0.7970157528847337
TOKYOTECH_s05,88,205,94.83333333333333,1.6315891742706299,0.6793285921828331
TOKYOTECH_s05,88,206,94.86666666666666,1.9657138586044312,0.5353758113103644
TOKYOTECH_s05,88,207,94.9,1.6326932907104492,0.36136434116265387
TOKYOTECH_s05,88,208,94.93333333333334,1.226272702217102,0.15660306254553305
TOKYOTECH_s05,88,209,94.96666666666667,0.9085769057273865,-0.07553240409618986
TOKYOTECH_s05,88,210,95.0,0.5867760181427002,-0.326353026938718
TOKYOTECH_s05,88,211,95.03333333333333,0.2893112897872925,-0.5811826770077392
TOKYOTECH_s05,88,212,95.06666666666666,0.26480600237846375,-0.8200222877710358
TOKYOTECH_s05,88,213,95.1,0.4740179777145386,-1.019244649462409
TOKYOTECH_s05,88,214,95.13333333333334,0.6406484246253967,-1.153723237052499
TOKYOTECH_s05,88,215,95.16666666666667,0.49706289172172546,-1.1996306868617221
TOKYOTECH_s05,88,216,95.2,0.1554850935935974,-1.139077663012748
TOKYOTECH_s05,88,217,95.23333333333333,-0.21700924634933472,-0.9670934327998909
TOKYOTECH_s05,88,218,95.26666666666667,-0.4821416437625885,-0.6987273846218891
TOKYOTECH_s05,88,219,95.3,-0.6345961093902588,-0.3715368791712702
TOKYOTECH_s05,88,220,95.33333333333333,-0.7504618763923645,-0.03921880678235039
TOKYOTECH_s05,88,221,95.36666666666666,-0.8800673484802246,0.24351495715525012
TOKYOTECH_s05,88,222,95.4,-0.963600754737854,0.43862602283406354
TOKYOTECH_s05,88,223,95.43333333333334,-0.8715011477470398,0.5358639861863574
TOKYOTECH_s05,88,224,95.46666666666667,-0.8497651815414429,0.5515652975894331
TOKYOTECH_s05,88,225,95.5,-0.9700921177864075,0.5166821652546331
TOKYOTECH_s05,88,226,95.53333333333333,-1.0920753479003906,0.46157460745111084
TOKYOTECH_s05,88,227,95.56666666666666,-0.8307807445526123,0.40578613036078104
TOKYOTECH_s05,88,228,95.6,0.3524444103240967,0.3561466840778995
TOKYOTECH_s05,88,229,95.63333333333334,1.4962491989135742,0.3107231502028953
TOKYOTECH_s05,88,230,95.66666666666667,1.7120860815048218,0.26405808128044694
TOKYOTECH_s05,88,231,95.7,1.3726632595062256,0.21083180662330717
TOKYOTECH_s05,88,232,95.73333333333333,0.9287634491920471,0.14785311803964019
TOKYOTECH_s05,88,233,95.76666666666667,0.51605623960495,0.0756725913111316
TOKYOTECH_s05,88,234,95.8,0.15011565387248993,0.0002454526230720854
TOKYOTECH_s05,88,235,95.83333333333333,-0.09749263525009155,-0.06670111326834334
TOKYOTECH_s05,88,236,95.86666666666666,-0.016229886561632156,-0.11050044056929816
TOKYOTECH_s05,88,237,95.9,0.24396049976348877,-0.11971567364864007
TOKYOTECH_s05,88,238,95.93333333333334,0.3896297216415405,-0.09263010775489337
TOKYOTECH_s05,88,239,95.96666666666667,0.23632042109966278,-0.039708322818737686
TOKYOTECH_s05,89,0,89.0,-0.7773535847663879,-0.03376149197891369
TOKYOTECH_s05,89,1,89.03333333333333,-0.8823023438453674,-1.5444335790105372
TOKYOTECH_s05,89,2,89.06666666666666,-1.002994418144226,-2.8051441238931107
TOKYOTECH_s05,89,3,89.1,-1.0208746194839478,-3.6331817303313945
TOKYOTECH_s05,89,4,89.13333333333334,-0.6123437285423279,-3.9615875911545047
TOKYOTECH_s05,89,5,89.16666666666667,0.6469261646270752,-3.8440862457170164
TOKYOTECH_s05,89,6,89.2,1.657349944114685,-3.418027476741763
TOKYOTECH_s05,89,7,89.23333333333333,1.762414574623108,-2.846687126959618
TOKYOTECH_s05,89,8,89.26666666666667,1.44984769821167,-2.268891201827798
TOKYOTECH_s05,89,9,89.3,1.11394202709198,-1.7732569912692457
TOKYOTECH_s05,89,10,89.33333333333333,0.8358357548713684,-1.396792596397319
TOKYOTECH_s05,89,11,89.36666666666666,0.4637599587440491,-1.1359645987732785
TOKYOTECH_s05,89,12,89.4,0.16526226699352264,-0.9592642493518947
TOKYOTECH_s05,89,13,89.43333333333334,0.20667722821235657,-0.8183371523985041
TOKYOTECH_s05,89,14,89.46666666666667,0.4533950686454773,-0.660317727734437
TOKYOTECH_s05,89,15,89.5,0.4744453728199005,-0.44276891613116
TOKYOTECH_s05,89,16,89.53333333333333,0.22252729535102844,-0.14685614407322356
TOKYOTECH_s05,89,17,89.56666666666666,-0.08823192119598389,0.21836524123757334
TOKYOTECH_s05,89,18,89.6,-0.39665815234184265,0.6227136117376444
TOKYOTECH_s05,89,19,89.63333333333334,-0.5154980421066284,1.0273300848963964
TOKYOTECH_s05,89,20,89.66666666666667,-0.6712560653686523,1.3948741824425501
TOKYOTECH_s05,89,21,89.7,-0.850709080696106,1.6934295114774869
TOKYOTECH_s05,89,22,89.73333333333333,-0.8252599239349365,1.896636386872443
TOKYOTECH_s05,89,23,89.76666666666667,-0.8325527310371399,1.9854067012493066
TOKYOTECH_s05,89,24,89.8,-0.8180383443832397,1.9527628345402712
TOKYOTECH_s05,89,25,89.83333333333333,-0.8852319717407227,1.807916035800624
TOKYOTECH_s05,89,26,89.86666666666666,-0.9402263164520264,1.5748919548195912
TOKYOTECH_s05,89,27,89.9,-0.5490325093269348,1.285001821386569
TOKYOTECH_s05,89,28,89.93333333333334,0.5993314385414124,0.9673627925644502
TOKYOTECH_s05,89,29,89.96666666666667,1.4507648944854736,0.6431675497947197
TOKYOTECH_s05,89,30,90.0,1.4847534894943237,0.3259746214740047
TOKYOTECH_s05,89,31,90.03333333333333,1.2078315019607544,0.025354335441844924
TOKYOTECH_s05,89,32,90.06666666666666,0.930962860584259,-0.2507133172045511
TOKYOTECH_s05,89,33,90.1,0.5593945980072021,-0.49689416336894393
TOKYOTECH_s05,89,34,90.13333333333334,0.1483258455991745,-0.7126458896820931
TOKYOTECH_s05,89,35,90.16666666666667,-0.014814065769314766,-0.9009766776749359
TOKYOTECH_s05,89,36,90.2,0.16980357468128204,-1.0623627747927435
TOKYOTECH_s05,89,37,90.23333333333333,0.34229323267936707,-1.1876584768899678
TOKYOTECH_s05,89,38,90.26666666666667,0.22456644475460052,-1.2563997324113536
TOKYOTECH_s05,89,39,90.3,0.06938717514276505,-1.243998045467581
TOKYOTECH_s05,89,40,90.33333333333333,-0.15198835730552673,-1.134368033435522
TOKYOTECH_s05,89,41,90.36666666666666,-0.5628790259361267,-0.929455638092188
TOKYOTECH_s05,89,42,90.4,-0.8001936674118042,-0.648939418325777
TOKYOTECH_s05,89,43,90.43333333333334,-0.9204850196838379,-0.32100338041849635
TOKYOTECH_s05,89,44,90.46666666666667,-0.9503329992294312,0.027414979600443295
TOKYOTECH_s05,89,45,90.5,-0.9738320112228394,0.3727928066219966
TOKYOTECH_s05,89,46,90.53333333333333,-1.064613699913025,0.6907435173589059
TOKYOTECH_s05,89,47,90.56666666666666,-0.9320430755615234,0.9536005119839881
TOKYOTECH_s05,89,48,90.6,-1.0135551691055298,1.1344294998939497
TOKYOTECH_s05,89,49,90.63333333333334,-1.1817171573638916,1.2141506410155618
TOKYOTECH_s05,89,50,90.66666666666667,-1.0255674123764038,1.1864105407919006
TOKYOTECH_s05,89,51,90.7,-0.03439512848854065,1.058201606896228
TOKYOTECH_s05,89,52,90.73333333333333,1.3358519077301025,0.8476058406427925
TOKYOTECH_s05,89,53,90.76666666666667,1.8286107778549194,0.5806692367203132
TOKYOTECH_s05,89,54,90.8,1.641402006149292,0.2877255446410215
TOKYOTECH_s05,89,55,90.83333333333333,1.3245609998703003,-0.0016835086962492844
TOKYOTECH_s05,89,56,90.86666666666666,1.0697311162948608,-0.2648376528299293
TOKYOTECH_s05,89,57,90.9,0.7787132263183594,-0.49034246865166464
TOKYOTECH_s05,89,58,90.93333333333334,0.4574911594390869,-0.6784944090987632
TOKYOTECH_s05,89,59,90.96666666666667,0.2741023302078247,-0.8367933562763524
TOKYOTECH_s05,89,60,91.0,0.36825886368751526,-0.9724256929698629
TOKYOTECH_s05,89,61,91.03333333333333,0.4639647603034973,-1.0852171615759751
TOKYOTECH_s05,89,62,91.06666666666666,0.3691047728061676,-1.164417103673805
TOKYOTECH_s05,89,63,91.1,0.1209978386759758,-1.1907500745176782
TOKYOTECH_s05,89,64,91.13333333333334,-0.2202950268983841,-1.1425093853026322
TOKYOTECH_s05,89,65,91.16666666666667,-0.5141356587409973,-1.0028499887287405
TOKYOTECH_s05,89,66,91.2,-0.6797420978546143,-0.7658784855975513
TOKYOTECH_s05,89,67,91.23333333333333,-0.7618864178657532,-0.4406800740952369
TOKYOTECH_s05,89,68,91.26666666666667,-0.8429532647132874,-0.053312757148675845
TOKYOTECH_s05,89,69,91.3,-0.9903944730758667,0.3540437469500258
TOKYOTECH_s05,89,70,91.33333333333333,-0.9717839956283569,0.7291845372093525
TOKYOTECH_s05,89,71,91.36666666666666,-0.9417579174041748,1.0224154855568142
TOKYOTECH_s05,89,72,91.4,-1.0032436847686768,1.2015259733772834
TOKYOTECH_s05,89,73,91.43333333333334,-1.1287174224853516,1.2611016988893438
TOKYOTECH_s05,89,74,91.46666666666667,-1.1790993213653564,1.2202442737816157
TOKYOTECH_s05,89,75,91.5,-0.866443395614624,1.1100076594386212
TOKYOTECH_s05,89,76,91.53333333333333,0.39491012692451477,0.9587641415109684
TOKYOTECH_s05,89,77,91.56666666666666,1.5787853002548218,0.7843987036958741
TOKYOTECH_s05,89,78,91.6,1.7980772256851196,0.5955204854877125
TOKYOTECH_s05,89,79,91.63333333333334,1.5314576625823975,0.39662970163285866
TOKYOTECH_s05,89,80,91.66666666666667,1.1977158784866333,0.1913031266779775
TOKYOTECH_s05,89,81,91.7,0.9201082587242126,-0.018006238729807743
TOKYOTECH_s05,89,82,91.73333333333333,0.5916646122932434,-0.2303515991835471
TOKYOTECH_s05,89,83,91.76666666666667,0.2517252564430237,-0.4434186063760952
TOKYOTECH_s05,89,84,91.8,0.18313366174697876,-0.6484012553535001
TOKYOTECH_s05,89,85,91.83333333333333,0.3718651831150055,-0.8273887715696583
TOKYOTECH_s05,89,86,91.86666666666666,0.4679361581802368,-0.9564672209987379
TOKYOTECH_s05,89,87,91.9,0.31023693084716797,-1.013084855167917
TOKYOTECH_s05,89,88,91.93333333333334,0.05269118398427963,-0.9832649845529291
TOKYOTECH_s05,89,89,91.96666666666667,-0.22137247025966644,-0.8650326188264343
TOKYOTECH_s05,89,90,92.0,-0.49806296825408936,-0.6679061180623296
TOKYOTECH_s05,89,91,92.03333333333333,-0.7666236162185669,-0.4112074854253707
TOKYOTECH_s05,89,92,92.06666666666666,-0.9008594155311584,-0.1235190958888732
TOKYOTECH_s05,89,93,92.1,-0.9086241722106934,0.15779332876656277
TOKYOTECH_s05,89,94,92.13333333333334,-0.8610739707946777,0.3912634909898918
TOKYOTECH_s05,89,95,92.16666666666667,-0.8775295615196228,0.5428435485769941
TOKYOTECH_s05,89,96,92.2,-0.9416688680648804,0.5997871709603005
TOKYOTECH_s05,89,97,92.23333333333333,-0.9164334535598755,0.5770305753200436
TOKYOTECH_s05,89,98,92.26666666666667,-1.0071794986724854,0.5093251984636837
TOKYOTECH_s05,89,99,92.3,-1.1993749141693115,0.4322797801329367
TOKYOTECH_s05,89,100,92.33333333333333,-0.9923089146614075,0.3645857465284981
TOKYOTECH_s05,89,101,92.36666666666666,0.38372603058815,0.3036707330624816
TOKYOTECH_s05,89,102,92.4,1.6348036527633667,0.2361991966396933
TOKYOTECH_s05,89,103,92.43333333333334,1.7784515619277954,0.15320466199688604
TOKYOTECH_s05,89,104,92.46666666666667,1.466036081314087,0.057771617993347193
TOKYOTECH_s05,89,105,92.5,1.1309319734573364,-0.0390220573610044
TOKYOTECH_s05,89,106,92.53333333333333,0.7869053483009338,-0.12810249042569313
TOKYOTECH_s05,89,107,92.56666666666666,0.3447776138782501,-0.20854514791853837
TOKYOTECH_s05,89,108,92.6,0.030438760295510292,-0.285262102351426
TOKYOTECH_s05,89,109,92.63333333333334,0.14528940618038177,-0.3615816264250371
TOKYOTECH_s05,89,110,92.66666666666667,0.34706607460975647,-0.43304342240855104
TOKYOTECH_s05,89,111,92.7,0.3666827380657196,-0.4861719555856762
TOKYOTECH_s05,89,112,92.73333333333333,0.18501250445842743,-0.501798568463921
TOKYOTECH_s05,89,113,92.76666666666667,-0.04085981845855713,-0.4605235644462435
TOKYOTECH_s05,89,114,92.8,-0.3677540421485901,-0.34912410244901093
TOKYOTECH_s05,89,115,92.83333333333333,-0.6953873634338379,-0.16772783681786063
TOKYOTECH_s05,89,116,92.86666666666666,-0.8175041079521179,0.06439451934794492
TOKYOTECH_s05,89,117,92.9,-0.940760612487793,0.3089986565237057
TOKYOTECH_s05,89,118,92.93333333333334,-1.0604642629623413,0.5185227642812511
TOKYOTECH_s05,89,119,92.96666666666667,-0.9339931607246399,0.6533831366343748
TOKYOTECH_s05,89,120,93.0,-0.948186993598938,0.69840221114269
TOKYOTECH_s05,89,121,93.03333333333333,-1.0195746421813965,0.6679296964376641
TOKYOTECH_s05,89,122,93.06666666666666,-1.0192095041275024,0.595377167762982
TOKYOTECH_s05,89,123,93.1,-1.1159483194351196,0.5130890120116829
TOKYOTECH_s05,89,124,93.13333333333334,-0.6962510943412781,0.43527765964211124
TOKYOTECH_s05,89,125,93.16666666666667,0.6186097264289856,0.35471139135438523
TOKYOTECH_s05,89,126,93.2,1.5815367698669434,0.25357672199637826
TOKYOTECH_s05,89,127,93.23333333333333,1.6477153301239014,0.11895486080608962
TOKYOTECH_s05,89,128,93.26666666666667,1.3474900722503662,-0.04818570716157768
TOKYOTECH_s05,89,129,93.3,1.0300880670547485,-0.23494171272579065
TOKYOTECH_s05,89,130,93.33333333333333,0.7112168669700623,-0.4250578588942024
TOKYOTECH_s05,89,131,93.36666666666666,0.2969691753387451,-0.6058780040320609
TOKYOTECH_s05,89,132,93.4,-0.006292429752647877,-0.7690405689072521
TOKYOTECH_s05,89,133,93.43333333333334,0.09677751362323761,-0.9066304596307101
TOKYOTECH_s05,89,134,93.46666666666667,0.3825684189796448,-1.0073096037167153
TOKYOTECH_s05,89,135,93.5,0.3734680116176605,-1.0553791060411337
TOKYOTECH_s05,89,136,93.53333333333333,0.08084730803966522,-1.0326285350797335
TOKYOTECH_s05,89,137,93.56666666666666,-0.14499831199645996,-0.9215929275297309
TOKYOTECH_s05,89,138,93.6,-0.4303974211215973,-0.7103490070050636
TOKYOTECH_s05,89,139,93.63333333333334,-0.7965784668922424,-0.399702460352783
TOKYOTECH_s05,89,140,93.66666666666667,-0.9711606502532959,-0.010821812427659042
TOKYOTECH_s05,89,141,93.7,-1.075824499130249,0.4119731347729195
TOKYOTECH_s05,89,142,93.73333333333333,-1.0527350902557373,0.8081014735425671
TOKYOTECH_s05,89,143,93.76666666666667,-1.1453956365585327,1.117097839386892
TOKYOTECH_s05,89,144,93.8,-1.1159483194351196,1.297637584977138
TOKYOTECH_s05,89,145,93.83333333333333,-1.0360747575759888,1.3393930187458256
TOKYOTECH_s05,89,146,93.86666666666666,-1.1457695960998535,1.2617185746172512
TOKYOTECH_s05,89,147,93.9,-1.2103809118270874,1.100977166967267
TOKYOTECH_s05,89,148,93.93333333333334,-1.1287620067596436,0.8945651002445835
TOKYOTECH_s05,89,149,93.96666666666667,-0.11437562853097916,0.6702087587123664
TOKYOTECH_s05,89,150,94.0,1.4259835481643677,0.4437451652252779
TOKYOTECH_s05,89,151,94.03333333333333,1.9621965885162354,0.2223294202826768
TOKYOTECH_s05,89,152,94.06666666666666,1.7418361902236938,0.00800007505255159
TOKYOTECH_s05,89,153,94.1,1.395423173904419,-0.20077506577456228
TOKYOTECH_s05,89,154,94.13333333333334,1.0452880859375,-0.4078269904904094
TOKYOTECH_s05,89,155,94.16666666666667,0.7481261491775513,-0.6155108978421753
TOKYOTECH_s05,89,156,94.2,0.4885501563549042,-0.8191771279833339
TOKYOTECH_s05,89,157,94.23333333333333,0.36772456765174866,-1.0041002905032024
TOKYOTECH_s05,89,158,94.26666666666667,0.45856860280036926,-1.147899938510384
TOKYOTECH_s05,89,159,94.3,0.5577917695045471,-1.2272145590340195
TOKYOTECH_s05,89,160,94.33333333333333,0.416120707988739,-1.2243334488240465
TOKYOTECH_s05,89,161,94.36666666666666,0.106465645134449,-1.1302014305621606
TOKYOTECH_s05,89,162,94.4,-0.15425902605056763,-0.9440840004489935
TOKYOTECH_s05,89,163,94.43333333333334,-0.4614386260509491,-0.6733123986310646
TOKYOTECH_s05,89,164,94.46666666666667,-0.7608356475830078,-0.3355803205625462
TOKYOTECH_s05,89,165,94.5,-0.892221987247467,0.03789918954790375
TOKYOTECH_s05,89,166,94.53333333333333,-0.9143675565719604,0.4036131938744609
TOKYOTECH_s05,89,167,94.56666666666666,-0.965719997882843,0.7151714571047331
TOKYOTECH_s05,89,168,94.6,-1.0139291286468506,0.9379975695597925
TOKYOTECH_s05,89,169,94.63333333333334,-0.9700654149055481,1.060671612799716
TOKYOTECH_s05,89,170,94.66666666666667,-1.0514349937438965,1.0957195820068932
TOKYOTECH_s05,89,171,94.7,-1.1765881776809692,1.0696031052936408
TOKYOTECH_s05,89,172,94.73333333333333,-1.2029812335968018,1.0084720915385088
TOKYOTECH_s05,89,173,94.76666666666667,-1.0242139101028442,0.9280710094660005
TOKYOTECH_s05,89,174,94.8,0.200337216258049,0.8319649238336948
TOKYOTECH_s05,89,175,94.83333333333333,1.6315891742706299,0.7161095024069395
TOKYOTECH_s05,89,176,94.86666666666666,1.9657138586044312,0.5747346097260896
TOKYOTECH_s05,89,177,94.9,1.6326932907104492,0.4038371735073788
TOKYOTECH_s05,89,178,94.93333333333334,1.226272702217102,0.20220680617702722
TOKYOTECH_s05,89,179,94.96666666666667,0.9085769057273865,-0.02796088709629641
TOKYOTECH_s05,89,180,95.0,0.5867760181427002,-0.28004559225449044
TOKYOTECH_s05,89,181,95.03333333333333,0.2893112897872925,-0.5425357451450121
TOKYOTECH_s05,89,182,95.06666666666666,0.26480600237846375,-0.7994558807412581
TOKYOTECH_s05,89,183,95.1,0.4740179777145386,-1.0305927782339812
TOKYOTECH_s05,89,184,95.13333333333334,0.6406484246253967,-1.2108578183572327
TOKYOTECH_s05,89,185,95.16666666666667,0.49706289172172546,-1.3103483148761286
TOKYOTECH_s05,89,186,95.2,0.1554850935935974,-1.2984746598493446
TOKYOTECH_s05,89,187,95.23333333333333,-0.21700924634933472,-1.1541253635631419
TOKYOTECH_s05,89,188,95.26666666666667,-0.4821416437625885,-0.8788360789151711
TOKYOTECH_s05,89,189,95.3,-0.6345961093902588,-0.5052822882308465
TOKYOTECH_s05,89,190,95.33333333333333,-0.7504618763923645,-0.09366620113035971
TOKYOTECH_s05,89,191,95.36666666666666,-0.8800673484802246,0.2853479862593928
TOKYOTECH_s05,89,192,95.4,-0.963600754737854,0.5738710784643767
TOKYOTECH_s05,89,193,95.43333333333334,-0.8715011477470398,0.7442873917617285
TOKYOTECH_s05,89,194,95.46666666666667,-0.8497651815414429,0.8026264924634686
TOKYOTECH_s05,89,195,95.5,-0.9700921177864075,0.7780725584020353
TOKYOTECH_s05,89,196,95.53333333333333,-1.0920753479003906,0.7063133502848521
TOKYOTECH_s05,89,197,95.56666666666666,-0.8307807445526123,0.6160398190780538
TOKYOTECH_s05,89,198,95.6,0.3524444103240967,0.5233194702830936
TOKYOTECH_s05,89,199,95.63333333333334,1.4962491989135742,0.43255677423220507
TOKYOTECH_s05,89,200,95.66666666666667,1.7120860815048218,0.3402237832983141
TOKYOTECH_s05,89,201,95.7,1.3726632595062256,0.23860789319989287
TOKYOTECH_s05,89,202,95.73333333333333,0.9287634491920471,0.11897522314417616
TOKYOTECH_s05,89,203,95.76666666666667,0.51605623960495,-0.025169326390979067
TOKYOTECH_s05,89,204,95.8,0.15011565387248993,-0.194357705917074
TOKYOTECH_s05,89,205,95.83333333333333,-0.09749263525009155,-0.3798944784118419
TOKYOTECH_s05,89,206,95.86666666666666,-0.016229886561632156,-0.5628933820694548
TOKYOTECH_s05,89,207,95.9,0.24396049976348877,-0.7168008885570061
TOKYOTECH_s05,89,208,95.93333333333334,0.3896297216415405,-0.8125769263917918
TOKYOTECH_s05,89,209,95.96666666666667,0.23632042109966278,-0.8246093768980242
TOKYOTECH_s05,89,210,96.0,-0.03030794858932495,-0.7365293215907734
TOKYOTECH_s05,89,211,96.03333333333333,-0.39847469329833984,-0.5469524466488083
TOKYOTECH_s05,89,212,96.06666666666666,-0.6873554587364197,-0.27370912460144087
TOKYOTECH_s05,89,213,96.1,-0.8057501316070557,0.04657201550760548
TOKYOTECH_s05,89,214,96.13333333333334,-0.8964694738388062,0.3657133066416212
TOKYOTECH_s05,89,215,96.16666666666667,-0.9909732341766357,0.6367700094335172
TOKYOTECH_s05,89,216,96.2,-0.9969125986099243,0.8273281958135543
TOKYOTECH_s05,89,217,96.23333333333333,-0.9045013785362244,0.9271715369182737
TOKYOTECH_s05,89,218,96.26666666666667,-0.9449813365936279,0.946913720454564
TOKYOTECH_s05,89,219,96.3,-1.0941767692565918,0.9090484086938156
TOKYOTECH_s05,89,220,96.33333333333333,-1.0040628910064697,0.8366898561595881
TOKYOTECH_s05,89,221,96.36666666666666,-0.15847086906433105,0.745701987840232
TOKYOTECH_s05,89,222,96.4,1.2216780185699463,0.6427716151602126
TOKYOTECH_s05,89,223,96.43333333333334,1.8626083135604858,0.5279162236229161
TOKYOTECH_s05,89,224,96.46666666666667,1.7302513122558594,0.3979786892169969
TOKYOTECH_s05,89,225,96.5,1.4215757846832275,0.24879232834977366
TOKYOTECH_s05,89,226,96.53333333333333,1.122810959815979,0.07648347675974848
TOKYOTECH_s05,89,227,96.56666666666666,0.8140285611152649,-0.12029038392066148
TOKYOTECH_s05,89,228,96.6,0.5132067799568176,-0.3370769214472542
TOKYOTECH_s05,89,229,96.63333333333334,0.290531188249588,-0.5615076136795679
TOKYOTECH_s05,89,230,96.66666666666667,0.3061942756175995,-0.7743233252504794
TOKYOTECH_s05,89,231,96.7,0.4738309681415558,-0.9533043927303801
TOKYOTECH_s05,89,232,96.73333333333333,0.5126368999481201,-1.0778397782452582
TOKYOTECH_s05,89,233,96.76666666666667,0.30817997455596924,-1.1321880242366928
TOKYOTECH_s05,89,234,96.8,-0.07299627363681793,-1.1078788273535334
TOKYOTECH_s05,89,235,96.83333333333333,-0.41925784945487976,-1.00635400800636
TOKYOTECH_s05,89,236,96.86666666666666,-0.633598804473877,-0.8400926394624983
TOKYOTECH_s05,89,237,96.9,-0.7657598853111267,-0.6291278925962903
TOKYOTECH_s05,89,238,96.93333333333334,-0.8965585231781006,-0.39385455122931073
TOKYOTECH_s05,89,239,96.96666666666667,-0.9464951157569885,-0.1494377083039239
TOKYOTECH_s05,90,0,90.0,1.4847534894943237,-0.14714540139194543
TOKYOTECH_s05,90,1,90.03333333333333,1.2078315019607544,-1.7474067817289143
TOKYOTECH_s05,90,2,90.06666666666666,0.930962860584259,-3.1208059567028763
TOKYOTECH_s05,90,3,90.1,0.5593945980072021,-4.0992936233098405
TOKYOTECH_s05,90,4,90.13333333333334,0.1483258455991745,-4.609376604657065
TOKYOTECH_s05,90,5,90.16666666666667,-0.014814065769314766,-4.677702262690965
TOKYOTECH_s05,90,6,90.2,0.16980357468128204,-4.402342334400468
TOKYOTECH_s05,90,7,90.23333333333333,0.34229323267936707,-3.906877481097611
TOKYOTECH_s05,90,8,90.26666666666667,0.22456644475460052,-3.3002202700438623
TOKYOTECH_s05,90,9,90.3,0.06938717514276505,-2.6567283472642615
TOKYOTECH_s05,90,10,90.33333333333333,-0.15198835730552673,-2.017156485027359
TOKYOTECH_s05,90,11,90.36666666666666,-0.5628790259361267,-1.4004289240077978
TOKYOTECH_s05,90,12,90.4,-0.8001936674118042,-0.8145179798511177
TOKYOTECH_s05,90,13,90.43333333333334,-0.9204850196838379,-0.2612180636262065
TOKYOTECH_s05,90,14,90.46666666666667,-0.9503329992294312,0.2616851009433643
TOKYOTECH_s05,90,15,90.5,-0.9738320112228394,0.7550264941264189
TOKYOTECH_s05,90,16,90.53333333333333,-1.064613699913025,1.2104613455247375
TOKYOTECH_s05,90,17,90.56666666666666,-0.9320430755615234,1.6070736414407496
TOKYOTECH_s05,90,18,90.6,-1.0135551691055298,1.916096757089398
TOKYOTECH_s05,90,19,90.63333333333334,-1.1817171573638916,2.1104261333549696
TOKYOTECH_s05,90,20,90.66666666666667,-1.0255674123764038,2.17325141626795
TOKYOTECH_s05,90,21,90.7,-0.03439512848854065,2.1026220765584362
TOKYOTECH_s05,90,22,90.73333333333333,1.3358519077301025,1.9119380129286896
TOKYOTECH_s05,90,23,90.76666666666667,1.8286107778549194,1.6276144270143824
TOKYOTECH_s05,90,24,90.8,1.641402006149292,1.284425650594567
TOKYOTECH_s05,90,25,90.83333333333333,1.3245609998703003,0.9185774017763092
TOKYOTECH_s05,90,26,90.86666666666666,1.0697311162948608,0.560016016362468
TOKYOTECH_s05,90,27,90.9,0.7787132263183594,0.22709958431477306
TOKYOTECH_s05,90,28,90.93333333333334,0.4574911594390869,-0.07378827463468438
TOKYOTECH_s05,90,29,90.96666666666667,0.2741023302078247,-0.34357490908151345
TOKYOTECH_s05,90,30,91.0,0.36825886368751526,-0.583350714017106
TOKYOTECH_s05,90,31,91.03333333333333,0.4639647603034973,-0.7885761613354404
TOKYOTECH_s05,90,32,91.06666666666666,0.3691047728061676,-0.9475976679814951
TOKYOTECH_s05,90,33,91.1,0.1209978386759758,-1.0448707929450167
TOKYOTECH_s05,90,34,91.13333333333334,-0.2202950268983841,-1.0665605004459442
TOKYOTECH_s05,90,35,91.16666666666667,-0.5141356587409973,-1.0051978442399037
TOKYOTECH_s05,90,36,91.2,-0.6797420978546143,-0.8615880483442292
TOKYOTECH_s05,90,37,91.23333333333333,-0.7618864178657532,-0.6446674922685511
TOKYOTECH_s05,90,38,91.26666666666667,-0.8429532647132874,-0.3712259573684573
TOKYOTECH_s05,90,39,91.3,-0.9903944730758667,-0.06614675429343529
TOKYOTECH_s05,90,40,91.33333333333333,-0.9717839956283569,0.2388557105509746
TOKYOTECH_s05,90,41,91.36666666666666,-0.9417579174041748,0.5104983869732203
TOKYOTECH_s05,90,42,91.4,-1.0032436847686768,0.7221902612087894
TOKYOTECH_s05,90,43,91.43333333333334,-1.1287174224853516,0.8604835881575343
TOKYOTECH_s05,90,44,91.46666666666667,-1.1790993213653564,0.9252117840240626
TOKYOTECH_s05,90,45,91.5,-0.866443395614624,0.9233134379727612
TOKYOTECH_s05,90,46,91.53333333333333,0.39491012692451477,0.8614958335049113
TOKYOTECH_s05,90,47,91.56666666666666,1.5787853002548218,0.7436709969551298
TOKYOTECH_s05,90,48,91.6,1.7980772256851196,0.5739844638629281
TOKYOTECH_s05,90,49,91.63333333333334,1.5314576625823975,0.3608379045196284
TOKYOTECH_s05,90,50,91.66666666666667,1.1977158784866333,0.11736191084212531
TOKYOTECH_s05,90,51,91.7,0.9201082587242126,-0.1416782720298107
TOKYOTECH_s05,90,52,91.73333333333333,0.5916646122932434,-0.40244018836877776
TOKYOTECH_s05,90,53,91.76666666666667,0.2517252564430237,-0.6504735066864522
TOKYOTECH_s05,90,54,91.8,0.18313366174697876,-0.8667992066508676
TOKYOTECH_s05,90,55,91.83333333333333,0.3718651831150055,-1.0271336694789925
TOKYOTECH_s05,90,56,91.86666666666666,0.4679361581802368,-1.1072949418463127
TOKYOTECH_s05,90,57,91.9,0.31023693084716797,-1.092101000157314
TOKYOTECH_s05,90,58,91.93333333333334,0.05269118398427963,-0.981936878190862
TOKYOTECH_s05,90,59,91.96666666666667,-0.22137247025966644,-0.7927675152805623
TOKYOTECH_s05,90,60,92.0,-0.49806296825408936,-0.5501318852349021
TOKYOTECH_s05,90,61,92.03333333333333,-0.7666236162185669,-0.2817107483870346
TOKYOTECH_s05,90,62,92.06666666666666,-0.9008594155311584,-0.01316147735716327
TOKYOTECH_s05,90,63,92.1,-0.9086241722106934,0.23194181011274784
TOKYOTECH_s05,90,64,92.13333333333334,-0.8610739707946777,0.4318620149914226
TOKYOTECH_s05,90,65,92.16666666666667,-0.8775295615196228,0.5703482961852682
TOKYOTECH_s05,90,66,92.2,-0.9416688680648804,0.6430589251932909
TOKYOTECH_s05,90,67,92.23333333333333,-0.9164334535598755,0.6605750121747321
TOKYOTECH_s05,90,68,92.26666666666667,-1.0071794986724854,0.6431774874158308
TOKYOTECH_s05,90,69,92.3,-1.1993749141693115,0.6092149802143353
TOKYOTECH_s05,90,70,92.33333333333333,-0.9923089146614075,0.5650735381748884
TOKYOTECH_s05,90,71,92.36666666666666,0.38372603058815,0.504556228746346
TOKYOTECH_s05,90,72,92.4,1.6348036527633667,0.4178711084795115
TOKYOTECH_s05,90,73,92.43333333333334,1.7784515619277954,0.30241985901800916
TOKYOTECH_s05,90,74,92.46666666666667,1.466036081314087,0.16666790236087672
TOKYOTECH_s05,90,75,92.5,1.1309319734573364,0.02477042619738805
TOKYOTECH_s05,90,76,92.53333333333333,0.7869053483009338,-0.11219807258578353
TOKYOTECH_s05,90,77,92.56666666666666,0.3447776138782501,-0.24007838712729535
TOKYOTECH_s05,90,78,92.6,0.030438760295510292,-0.3580568980040529
TOKYOTECH_s05,90,79,92.63333333333334,0.14528940618038177,-0.46247431199202543
TOKYOTECH_s05,90,80,92.66666666666667,0.34706607460975647,-0.5438419248823246
TOKYOTECH_s05,90,81,92.7,0.3666827380657196,-0.5886840626581473
TOKYOTECH_s05,90,82,92.73333333333333,0.18501250445842743,-0.5836410159481787
TOKYOTECH_s05,90,83,92.76666666666667,-0.04085981845855713,-0.5187905283083292
TOKYOTECH_s05,90,84,92.8,-0.3677540421485901,-0.3901813493637606
TOKYOTECH_s05,90,85,92.83333333333333,-0.6953873634338379,-0.2034293695760585
TOKYOTECH_s05,90,86,92.86666666666666,-0.8175041079521179,0.02235037623432271
TOKYOTECH_s05,90,87,92.9,-0.940760612487793,0.25454714472806034
TOKYOTECH_s05,90,88,92.93333333333334,-1.0604642629623413,0.4547507562723589
TOKYOTECH_s05,90,89,92.96666666666667,-0.9339931607246399,0.5926348229771332
TOKYOTECH_s05,90,90,93.0,-0.948186993598938,0.6581988857217664
TOKYOTECH_s05,90,91,93.03333333333333,-1.0195746421813965,0.6634612000004672
TOKYOTECH_s05,90,92,93.06666666666666,-1.0192095041275024,0.6316019323186651
TOKYOTECH_s05,90,93,93.1,-1.1159483194351196,0.5807872998342706
TOKYOTECH_s05,90,94,93.13333333333334,-0.6962510943412781,0.5137160286239322
TOKYOTECH_s05,90,95,93.16666666666667,0.6186097264289856,0.4196877199089159
TOKYOTECH_s05,90,96,93.2,1.5815367698669434,0.28672470568271113
TOKYOTECH_s05,90,97,93.23333333333333,1.6477153301239014,0.11409975299985652
TOKYOTECH_s05,90,98,93.26666666666667,1.3474900722503662,-0.0838900582971457
TOKYOTECH_s05,90,99,93.3,1.0300880670547485,-0.2849026369295043
TOKYOTECH_s05,90,100,93.33333333333333,0.7112168669700623,-0.47004630546337445
TOKYOTECH_s05,90,101,93.36666666666666,0.2969691753387451,-0.6308575112331631
TOKYOTECH_s05,90,102,93.4,-0.006292429752647877,-0.7676432542283567
TOKYOTECH_s05,90,103,93.43333333333334,0.09677751362323761,-0.8822297178550613
TOKYOTECH_s05,90,104,93.46666666666667,0.3825684189796448,-0.9710170438785564
TOKYOTECH_s05,90,105,93.5,0.3734680116176605,-1.0221712541494752
TOKYOTECH_s05,90,106,93.53333333333333,0.08084730803966522,-1.017061345526944
TOKYOTECH_s05,90,107,93.56666666666666,-0.14499831199645996,-0.9342965163722519
TOKYOTECH_s05,90,108,93.6,-0.4303974211215973,-0.7559137670844183
TOKYOTECH_s05,90,109,93.63333333333334,-0.7965784668922424,-0.4759465119616214
TOKYOTECH_s05,90,110,93.66666666666667,-0.9711606502532959,-0.10904834302468325
TOKYOTECH_s05,90,111,93.7,-1.075824499130249,0.30608824206786694
TOKYOTECH_s05,90,112,93.73333333333333,-1.0527350902557373,0.7129660217448176
TOKYOTECH_s05,90,113,93.76666666666667,-1.1453956365585327,1.0526283165465544
TOKYOTECH_s05,90,114,93.8,-1.1159483194351196,1.2814343443395928
TOKYOTECH_s05,90,115,93.83333333333333,-1.0360747575759888,1.3821629308583772
TOKYOTECH_s05,90,116,93.86666666666666,-1.1457695960998535,1.3632730350623763
TOKYOTECH_s05,90,117,93.9,-1.2103809118270874,1.2485220383722648
TOKYOTECH_s05,90,118,93.93333333333334,-1.1287620067596436,1.0645764393657677
TOKYOTECH_s05,90,119,93.96666666666667,-0.11437562853097916,0.8338906701276054
TOKYOTECH_s05,90,120,94.0,1.4259835481643677,0.5743391047248436
TOKYOTECH_s05,90,121,94.03333333333333,1.9621965885162354,0.3015243122022074
TOKYOTECH_s05,90,122,94.06666666666666,1.7418361902236938,0.0294027271808388
TOKYOTECH_s05,90,123,94.1,1.395423173904419,-0.23129121015050974
TOKYOTECH_s05,90,124,94.13333333333334,1.0452880859375,-0.4738475378988734
TOKYOTECH_s05,90,125,94.16666666666667,0.7481261491775513,-0.6930527706766074
TOKYOTECH_s05,90,126,94.2,0.4885501563549042,-0.8809640899552429
TOKYOTECH_s05,90,127,94.23333333333333,0.36772456765174866,-1.0254798328472603
TOKYOTECH_s05,90,128,94.26666666666667,0.45856860280036926,-1.1137802720274237
TOKYOTECH_s05,90,129,94.3,0.5577917695045471,-1.1378492246911014
TOKYOTECH_s05,90,130,94.33333333333333,0.416120707988739,-1.0971181651644124
TOKYOTECH_s05,90,131,94.36666666666666,0.106465645134449,-0.9957883396231876
TOKYOTECH_s05,90,132,94.4,-0.15425902605056763,-0.8376522274889814
TOKYOTECH_s05,90,133,94.43333333333334,-0.4614386260509491,-0.6242075986661665
TOKYOTECH_s05,90,134,94.46666666666667,-0.7608356475830078,-0.359131740718722
TOKYOTECH_s05,90,135,94.5,-0.892221987247467,-0.05613462694924657
TOKYOTECH_s05,90,136,94.53333333333333,-0.9143675565719604,0.25694133506900585
TOKYOTECH_s05,90,137,94.56666666666666,-0.965719997882843,0.5431782953665116
TOKYOTECH_s05,90,138,94.6,-1.0139291286468506,0.7690540717963116
TOKYOTECH_s05,90,139,94.63333333333334,-0.9700654149055481,0.9164194514414088
TOKYOTECH_s05,90,140,94.66666666666667,-1.0514349937438965,0.9865786596183881
TOKYOTECH_s05,90,141,94.7,-1.1765881776809692,0.9948499531093743
TOKYOTECH_s05,90,142,94.73333333333333,-1.2029812335968018,0.9599765635575794
TOKYOTECH_s05,90,143,94.76666666666667,-1.0242139101028442,0.8950203109915004
TOKYOTECH_s05,90,144,94.8,0.200337216258049,0.8039384275353345
TOKYOTECH_s05,90,145,94.83333333333333,1.6315891742706299,0.6836256959442916
TOKYOTECH_s05,90,146,94.86666666666666,1.9657138586044312,0.5283910926829962
TOKYOTECH_s05,90,147,94.9,1.6326932907104492,0.3340783758003231
TOKYOTECH_s05,90,148,94.93333333333334,1.226272702217102,0.10124445737181854
TOKYOTECH_s05,90,149,94.96666666666667,0.9085769057273865,-0.16202311431875108
TOKYOTECH_s05,90,150,95.0,0.5867760181427002,-0.43843413575698387
TOKYOTECH_s05,90,151,95.03333333333333,0.2893112897872925,-0.7029223815047441
TOKYOTECH_s05,90,152,95.06666666666666,0.26480600237846375,-0.9274656691008278
TOKYOTECH_s05,90,153,95.1,0.4740179777145386,-1.0868788718390199
TOKYOTECH_s05,90,154,95.13333333333334,0.6406484246253967,-1.1624867485571946
TOKYOTECH_s05,90,155,95.16666666666667,0.49706289172172546,-1.1427167232002895
TOKYOTECH_s05,90,156,95.2,0.1554850935935974,-1.0228474898444477
TOKYOTECH_s05,90,157,95.23333333333333,-0.21700924634933472,-0.8070116566319755
TOKYOTECH_s05,90,158,95.26666666666667,-0.4821416437625885,-0.5125156805652997
TOKYOTECH_s05,90,159,95.3,-0.6345961093902588,-0.1726387749945894
TOKYOTECH_s05,90,160,95.33333333333333,-0.7504618763923645,0.16667725891519883
TOKYOTECH_s05,90,161,95.36666666666666,-0.8800673484802246,0.45746827577705124
TOKYOTECH_s05,90,162,95.4,-0.963600754737854,0.6636514618769384
TOKYOTECH_s05,90,163,95.43333333333334,-0.8715011477470398,0.7711506260930866
TOKYOTECH_s05,90,164,95.46666666666667,-0.8497651815414429,0.7892385751344866
TOKYOTECH_s05,90,165,95.5,-0.9700921177864075,0.7432929576058425
TOKYOTECH_s05,90,166,95.53333333333333,-1.0920753479003906,0.663608681026033
TOKYOTECH_s05,90,167,95.56666666666666,-0.8307807445526123,0.575842547724773
TOKYOTECH_s05,90,168,95.6,0.3524444103240967,0.4959471603482945
TOKYOTECH_s05,90,169,95.63333333333334,1.4962491989135742,0.429025863081008
TOKYOTECH_s05,90,170,95.66666666666667,1.7120860815048218,0.37032665622009914
TOKYOTECH_s05,90,171,95.7,1.3726632595062256,0.30747623124906825
TOKYOTECH_s05,90,172,95.73333333333333,0.9287634491920471,0.22423632992999878
TOKYOTECH_s05,90,173,95.76666666666667,0.51605623960495,0.10607734675493863
TOKYOTECH_s05,90,174,95.8,0.15011565387248993,-0.05351017923521927
TOKYOTECH_s05,90,175,95.83333333333333,-0.09749263525009155,-0.24840361904488056
TOKYOTECH_s05,90,176,95.86666666666666,-0.016229886561632156,-0.4591799656150087
TOKYOTECH_s05,90,177,95.9,0.24396049976348877,-0.6567910702948906
TOKYOTECH_s05,90,178,95.93333333333334,0.3896297216415405,-0.808762655003378
TOKYOTECH_s05,90,179,95.96666666666667,0.23632042109966278,-0.8855443304066981
TOKYOTECH_s05,90,180,96.0,-0.03030794858932495,-0.8662774903572984
TOKYOTECH_s05,90,181,96.03333333333333,-0.39847469329833984,-0.7444310635559274
TOKYOTECH_s05,90,182,96.06666666666666,-0.6873554587364197,-0.532364781703847
TOKYOTECH_s05,90,183,96.1,-0.8057501316070557,-0.2617986711300227
TOKYOTECH_s05,90,184,96.13333333333334,-0.8964694738388062,0.022576523930125533
TOKYOTECH_s05,90,185,96.16666666666667,-0.9909732341766357,0.2757440303513054
TOKYOTECH_s05,90,186,96.2,-0.9969125986099243,0.46608505695080465
TOKYOTECH_s05,90,187,96.23333333333333,-0.9045013785362244,0.5831733252174714
TOKYOTECH_s05,90,188,96.26666666666667,-0.9449813365936279,0.6358412613865393
TOKYOTECH_s05,90,189,96.3,-1.0941767692565918,0.6425312826798074
TOKYOTECH_s05,90,190,96.33333333333333,-1.0040628910064697,0.6200747674283958
TOKYOTECH_s05,90,191,96.36666666666666,-0.15847086906433105,0.5769483862177278
TOKYOTECH_s05,90,192,96.4,1.2216780185699463,0.5131138167974215
TOKYOTECH_s05,90,193,96.43333333333334,1.8626083135604858,0.4241182608072536
TOKYOTECH_s05,90,194,96.46666666666667,1.7302513122558594,0.3055436550148581
TOKYOTECH_s05,90,195,96.5,1.4215757846832275,0.15547076021640252
TOKYOTECH_s05,90,196,96.53333333333333,1.122810959815979,-0.024607308733558757
TOKYOTECH_s05,90,197,96.56666666666666,0.8140285611152649,-0.2287455249230136
TOKYOTECH_s05,90,198,96.6,0.5132067799568176,-0.4450740174461597
TOKYOTECH_s05,90,199,96.63333333333334,0.290531188249588,-0.655354300150485
TOKYOTECH_s05,90,200,96.66666666666667,0.3061942756175995,-0.8367583040182092
TOKYOTECH_s05,90,201,96.7,0.4738309681415558,-0.9652340019444244
TOKYOTECH_s05,90,202,96.73333333333333,0.5126368999481201,-1.0185563094436136
TOKYOTECH_s05,90,203,96.76666666666667,0.30817997455596924,-0.9782582722016492
TOKYOTECH_s05,90,204,96.8,-0.07299627363681793,-0.832403015470658
TOKYOTECH_s05,90,205,96.83333333333333,-0.41925784945487976,-0.5813171212932455
TOKYOTECH_s05,90,206,96.86666666666666,-0.633598804473877,-0.24404205023134173
TOKYOTECH_s05,90,207,96.9,-0.7657598853111267,0.14022691162670636
TOKYOTECH_s05,90,208,96.93333333333334,-0.8965585231781006,0.5189961932696809
TOKYOTECH_s05,90,209,96.96666666666667,-0.9464951157569885,0.8393877091246236
TOKYOTECH_s05,90,210,97.0,-0.8773959875106812,1.0615771228821576
TOKYOTECH_s05,90,211,97.03333333333333,-0.8838873505592346,1.1674063295581347
TOKYOTECH_s05,90,212,97.06666666666666,-0.9448745250701904,1.1612671329908069
TOKYOTECH_s05,90,213,97.1,-0.9660583734512329,1.0638504492588756
TOKYOTECH_s05,90,214,97.13333333333334,-0.9466820955276489,0.902493553863494
TOKYOTECH_s05,90,215,97.16666666666667,-0.2064840942621231,0.7028137414987726
TOKYOTECH_s05,90,216,97.2,1.260759949684143,0.4844221056671273
TOKYOTECH_s05,90,217,97.23333333333333,1.9192678928375244,0.26045163508915625
TOKYOTECH_s05,90,218,97.26666666666667,1.7537058591842651,0.038776319506206997
TOKYOTECH_s05,90,219,97.3,1.4334900379180908,-0.1767093292452183
TOKYOTECH_s05,90,220,97.33333333333333,1.1241199970245361,-0.38437418439504817
TOKYOTECH_s05,90,221,97.36666666666666,0.8549805283546448,-0.5815859615210918
TOKYOTECH_s05,90,222,97.4,0.5784680843353271,-0.7607089562526147
TOKYOTECH_s05,90,223,97.43333333333334,0.4033694267272949,-0.9070071749369033
TOKYOTECH_s05,90,224,97.46666666666667,0.4212230145931244,-1.0001032394368052
TOKYOTECH_s05,90,225,97.5,0.503429651260376,-1.0182602554970255
TOKYOTECH_s05,90,226,97.53333333333333,0.41068893671035767,-0.9436831035228663
TOKYOTECH_s05,90,227,97.56666666666666,0.14691892266273499,-0.767825459126319
TOKYOTECH_s05,90,228,97.6,-0.12065331637859344,-0.4968695917719191
TOKYOTECH_s05,90,229,97.63333333333334,-0.37420982122421265,-0.15663615233448736
TOKYOTECH_s05,90,230,97.66666666666667,-0.6030473709106445,0.20688151559903395
TOKYOTECH_s05,90,231,97.7,-0.8459006547927856,0.5356592435516021
TOKYOTECH_s05,90,232,97.73333333333333,-0.9692195057868958,0.7756804071015624
TOKYOTECH_s05,90,233,97.76666666666667,-0.9267715811729431,0.894007434866926
TOKYOTECH_s05,90,234,97.8,-0.8991942405700684,0.8887021081507782
TOKYOTECH_s05,90,235,97.83333333333333,-0.9960933923721313,0.7868899806574876
TOKYOTECH_s05,90,236,97.86666666666666,-0.9936178922653198,0.6316060884813235
TOKYOTECH_s05,90,237,97.9,-1.0474547147750854,0.46314408527529344
TOKYOTECH_s05,90,238,97.93333333333334,-1.1305785179138184,0.3036343153483457
TOKYOTECH_s05,90,239,97.96666666666667,-0.35582196712493896,0.1523159943819301
TOKYOTECH_s05,91,0,91.0,0.36825886368751526,0.035066279181864106
TOKYOTECH_s05,91,1,91.03333333333333,0.4639647603034973,-1.7158425568944078
TOKYOTECH_s05,91,2,91.06666666666666,0.3691047728061676,-3.1992033846541577
TOKYOTECH_s05,91,3,91.1,0.1209978386759758,-4.2082452742581085
TOKYOTECH_s05,91,4,91.13333333333334,-0.2202950268983841,-4.642728466567065
TOKYOTECH_s05,91,5,91.16666666666667,-0.5141356587409973,-4.521169565031722
TOKYOTECH_s05,91,6,91.2,-0.6797420978546143,-3.9575198442923614
TOKYOTECH_s05,91,7,91.23333333333333,-0.7618864178657532,-3.116773734344533
TOKYOTECH_s05,91,8,91.26666666666667,-0.8429532647132874,-2.169476154157745
TOKYOTECH_s05,91,9,91.3,-0.9903944730758667,-1.2584608404593711
TOKYOTECH_s05,91,10,91.33333333333333,-0.9717839956283569,-0.4813122500673963
TOKYOTECH_s05,91,11,91.36666666666666,-0.9417579174041748,0.11423769632494679
TOKYOTECH_s05,91,12,91.4,-1.0032436847686768,0.5254856418157792
TOKYOTECH_s05,91,13,91.43333333333334,-1.1287174224853516,0.7823352860021958
TOKYOTECH_s05,91,14,91.46666666666667,-1.1790993213653564,0.9292270936193764
TOKYOTECH_s05,91,15,91.5,-0.866443395614624,1.0060775329840597
TOKYOTECH_s05,91,16,91.53333333333333,0.39491012692451477,1.035564733771285
TOKYOTECH_s05,91,17,91.56666666666666,1.5787853002548218,1.0222474386178726
TOKYOTECH_s05,91,18,91.6,1.7980772256851196,0.9616464574154475
TOKYOTECH_s05,91,19,91.63333333333334,1.5314576625823975,0.8511249418117389
TOKYOTECH_s05,91,20,91.66666666666667,1.1977158784866333,0.6953551664799984
TOKYOTECH_s05,91,21,91.7,0.9201082587242126,0.5052896620094722
TOKYOTECH_s05,91,22,91.73333333333333,0.5916646122932434,0.2948513514625508
TOKYOTECH_s05,91,23,91.76666666666667,0.2517252564430237,0.07988629249894004
TOKYOTECH_s05,91,24,91.8,0.18313366174697876,-0.12048640504114429
TOKYOTECH_s05,91,25,91.83333333333333,0.3718651831150055,-0.28384276305767386
TOKYOTECH_s05,91,26,91.86666666666666,0.4679361581802368,-0.388337828920928
TOKYOTECH_s05,91,27,91.9,0.31023693084716797,-0.4190402856357509
TOKYOTECH_s05,91,28,91.93333333333334,0.05269118398427963,-0.37271946849457227
TOKYOTECH_s05,91,29,91.96666666666667,-0.22137247025966644,-0.2580439814313265
TOKYOTECH_s05,91,30,92.0,-0.49806296825408936,-0.09168047421333247
TOKYOTECH_s05,91,31,92.03333333333333,-0.7666236162185669,0.10613650369936445
TOKYOTECH_s05,91,32,92.06666666666666,-0.9008594155311584,0.31314091094814006
TOKYOTECH_s05,91,33,92.1,-0.9086241722106934,0.5039238494910683
TOKYOTECH_s05,91,34,92.13333333333334,-0.8610739707946777,0.6507323165803062
TOKYOTECH_s05,91,35,92.16666666666667,-0.8775295615196228,0.7302743107473132
TOKYOTECH_s05,91,36,92.2,-0.9416688680648804,0.7338899875846409
TOKYOTECH_s05,91,37,92.23333333333333,-0.9164334535598755,0.6727423003922204
TOKYOTECH_s05,91,38,92.26666666666667,-1.0071794986724854,0.572114157212709
TOKYOTECH_s05,91,39,92.3,-1.1993749141693115,0.4573689858075068
TOKYOTECH_s05,91,40,92.33333333333333,-0.9923089146614075,0.3413143376022445
TOKYOTECH_s05,91,41,92.36666666666666,0.38372603058815,0.22217268587986447
TOKYOTECH_s05,91,42,92.4,1.6348036527633667,0.0925603292073226
TOKYOTECH_s05,91,43,92.43333333333334,1.7784515619277954,-0.049152231498657425
TOKYOTECH_s05,91,44,92.46666666666667,1.466036081314087,-0.19471280649871442
TOKYOTECH_s05,91,45,92.5,1.1309319734573364,-0.33163423301913025
TOKYOTECH_s05,91,46,92.53333333333333,0.7869053483009338,-0.4522562726234799
TOKYOTECH_s05,91,47,92.56666666666666,0.3447776138782501,-0.5571937286219504
TOKYOTECH_s05,91,48,92.6,0.030438760295510292,-0.6505021451498705
TOKYOTECH_s05,91,49,92.63333333333334,0.14528940618038177,-0.7318601753823141
TOKYOTECH_s05,91,50,92.66666666666667,0.34706607460975647,-0.7924442249121361
TOKYOTECH_s05,91,51,92.7,0.3666827380657196,-0.8166627412277803
TOKYOTECH_s05,91,52,92.73333333333333,0.18501250445842743,-0.7870568041547161
TOKYOTECH_s05,91,53,92.76666666666667,-0.04085981845855713,-0.688817568423974
TOKYOTECH_s05,91,54,92.8,-0.3677540421485901,-0.5136634044795951
TOKYOTECH_s05,91,55,92.83333333333333,-0.6953873634338379,-0.2649611677087841
TOKYOTECH_s05,91,56,92.86666666666666,-0.8175041079521179,0.03685902023796045
TOKYOTECH_s05,91,57,92.9,-0.940760612487793,0.3534591838358745
TOKYOTECH_s05,91,58,92.93333333333334,-1.0604642629623413,0.6365763183151923
TOKYOTECH_s05,91,59,92.96666666666667,-0.9339931607246399,0.8434871424371216
TOKYOTECH_s05,91,60,93.0,-0.948186993598938,0.9520286146747686
TOKYOTECH_s05,91,61,93.03333333333333,-1.0195746421813965,0.9657266064457093
TOKYOTECH_s05,91,62,93.06666666666666,-1.0192095041275024,0.9057916568849007
TOKYOTECH_s05,91,63,93.1,-1.1159483194351196,0.7958150047177901
TOKYOTECH_s05,91,64,93.13333333333334,-0.6962510943412781,0.6497400872505689
TOKYOTECH_s05,91,65,93.16666666666667,0.6186097264289856,0.47067325426860845
TOKYOTECH_s05,91,66,93.2,1.5815367698669434,0.25938619494774967
TOKYOTECH_s05,91,67,93.23333333333333,1.6477153301239014,0.02412087639156204
TOKYOTECH_s05,91,68,93.26666666666667,1.3474900722503662,-0.21654988096496355
TOKYOTECH_s05,91,69,93.3,1.0300880670547485,-0.43972824711156455
TOKYOTECH_s05,91,70,93.33333333333333,0.7112168669700623,-0.6279412506502372
TOKYOTECH_s05,91,71,93.36666666666666,0.2969691753387451,-0.7750326610292245
TOKYOTECH_s05,91,72,93.4,-0.006292429752647877,-0.884352856991003
TOKYOTECH_s05,91,73,93.43333333333334,0.09677751362323761,-0.9614469636307638
TOKYOTECH_s05,91,74,93.46666666666667,0.3825684189796448,-1.0066357822701004
TOKYOTECH_s05,91,75,93.5,0.3734680116176605,-1.0117209684296287
TOKYOTECH_s05,91,76,93.53333333333333,0.08084730803966522,-0.9614315260623827
TOKYOTECH_s05,91,77,93.56666666666666,-0.14499831199645996,-0.8379304901124683
TOKYOTECH_s05,91,78,93.6,-0.4303974211215973,-0.6274657937725917
TOKYOTECH_s05,91,79,93.63333333333334,-0.7965784668922424,-0.32886088815185066
TOKYOTECH_s05,91,80,93.66666666666667,-0.9711606502532959,0.038797114525194625
TOKYOTECH_s05,91,81,93.7,-1.075824499130249,0.434403392500967
TOKYOTECH_s05,91,82,93.73333333333333,-1.0527350902557373,0.8028086529891049
TOKYOTECH_s05,91,83,93.76666666666667,-1.1453956365585327,1.0910212075473271
TOKYOTECH_s05,91,84,93.8,-1.1159483194351196,1.2651971548767735
TOKYOTECH_s05,91,85,93.83333333333333,-1.0360747575759888,1.319295957248239
TOKYOTECH_s05,91,86,93.86666666666666,-1.1457695960998535,1.2711407222268127
TOKYOTECH_s05,91,87,93.9,-1.2103809118270874,1.1493677319650826
TOKYOTECH_s05,91,88,93.93333333333334,-1.1287620067596436,0.9796851711045587
TOKYOTECH_s05,91,89,93.96666666666667,-0.11437562853097916,0.7779334516027796
TOKYOTECH_s05,91,90,94.0,1.4259835481643677,0.5516083358879824
TOKYOTECH_s05,91,91,94.03333333333333,1.9621965885162354,0.30563331220515777
TOKYOTECH_s05,91,92,94.06666666666666,1.7418361902236938,0.04675685596169618
TOKYOTECH_s05,91,93,94.1,1.395423173904419,-0.21589506957336801
TOKYOTECH_s05,91,94,94.13333333333334,1.0452880859375,-0.47215385444837
TOKYOTECH_s05,91,95,94.16666666666667,0.7481261491775513,-0.7107461941782034
TOKYOTECH_s05,91,96,94.2,0.4885501563549042,-0.9177020920746823
TOKYOTECH_s05,91,97,94.23333333333333,0.36772456765174866,-1.0762972432592512
TOKYOTECH_s05,91,98,94.26666666666667,0.45856860280036926,-1.1705009446873165
TOKYOTECH_s05,91,99,94.3,0.5577917695045471,-1.1901240323564783
TOKYOTECH_s05,91,100,94.33333333333333,0.416120707988739,-1.1336105998523665
TOKYOTECH_s05,91,101,94.36666666666666,0.106465645134449,-1.0060678860020904
TOKYOTECH_s05,91,102,94.4,-0.15425902605056763,-0.8146916501393814
TOKYOTECH_s05,91,103,94.43333333333334,-0.4614386260509491,-0.5666980981936347
TOKYOTECH_s05,91,104,94.46666666666667,-0.7608356475830078,-0.2727071197120147
TOKYOTECH_s05,91,105,94.5,-0.892221987247467,0.047082495440602085
TOKYOTECH_s05,91,106,94.53333333333333,-0.9143675565719604,0.3607854245565161
TOKYOTECH_s05,91,107,94.56666666666666,-0.965719997882843,0.6317858218249645
TOKYOTECH_s05,91,108,94.6,-1.0139291286468506,0.8319263750111329
TOKYOTECH_s05,91,109,94.63333333333334,-0.9700654149055481,0.9518812700282937
TOKYOTECH_s05,91,110,94.66666666666667,-1.0514349937438965,1.0015879562204633
TOKYOTECH_s05,91,111,94.7,-1.1765881776809692,1.0010395566227215
TOKYOTECH_s05,91,112,94.73333333333333,-1.2029812335968018,0.967986682967215
TOKYOTECH_s05,91,113,94.76666666666667,-1.0242139101028442,0.9101125462772638
TOKYOTECH_s05,91,114,94.8,0.200337216258049,0.825013855619239
TOKYOTECH_s05,91,115,94.83333333333333,1.6315891742706299,0.7056991934253324
TOKYOTECH_s05,91,116,94.86666666666666,1.9657138586044312,0.5466163978303341
TOKYOTECH_s05,91,117,94.9,1.6326932907104492,0.34670410300400006
TOKYOTECH_s05,91,118,94.93333333333334,1.226272702217102,0.10974144231152654
TOKYOTECH_s05,91,119,94.96666666666667,0.9085769057273865,-0.15558376648457356
TOKYOTECH_s05,91,120,95.0,0.5867760181427002,-0.43499302511653226
TOKYOTECH_s05,91,121,95.03333333333333,0.2893112897872925,-0.708676527946942
TOKYOTECH_s05,91,122,95.06666666666666,0.26480600237846375,-0.9531165351539382
TOKYOTECH_s05,91,123,95.1,0.4740179777145386,-1.1438462429603176
TOKYOTECH_s05,91,124,95.13333333333334,0.6406484246253967,-1.257640648729905
TOKYOTECH_s05,91,125,95.16666666666667,0.49706289172172546,-1.2740158201623157
TOKYOTECH_s05,91,126,95.2,0.1554850935935974,-1.1780285725522375
TOKYOTECH_s05,91,127,95.23333333333333,-0.21700924634933472,-0.9662663898872007
TOKYOTECH_s05,91,128,95.26666666666667,-0.4821416437625885,-0.654376518798022
TOKYOTECH_s05,91,129,95.3,-0.6345961093902588,-0.28069942262050407
TOKYOTECH_s05,91,130,95.33333333333333,-0.7504618763923645,0.09933891974115211
TOKYOTECH_s05,91,131,95.36666666666666,-0.8800673484802246,0.42839109768059574
TOKYOTECH_s05,91,132,95.4,-0.963600754737854,0.6651347891691682
TOKYOTECH_s05,91,133,95.43333333333334,-0.8715011477470398,0.7952522616137017
TOKYOTECH_s05,91,134,95.46666666666667,-0.8497651815414429,0.8302664367558125
TOKYOTECH_s05,91,135,95.5,-0.9700921177864075,0.7968424851268604
TOKYOTECH_s05,91,136,95.53333333333333,-1.0920753479003906,0.7237356627633502
TOKYOTECH_s05,91,137,95.56666666666666,-0.8307807445526123,0.6328417627853332
TOKYOTECH_s05,91,138,95.6,0.3524444103240967,0.5365412316808553
TOKYOTECH_s05,91,139,95.63333333333334,1.4962491989135742,0.43935272567158495
TOKYOTECH_s05,91,140,95.66666666666667,1.7120860815048218,0.340651072403738
TOKYOTECH_s05,91,141,95.7,1.3726632595062256,0.2366235094386887
TOKYOTECH_s05,91,142,95.73333333333333,0.9287634491920471,0.12174506056104975
TOKYOTECH_s05,91,143,95.76666666666667,0.51605623960495,-0.008955886381965384
TOKYOTECH_s05,91,144,95.8,0.15011565387248993,-0.15638284326313237
TOKYOTECH_s05,91,145,95.83333333333333,-0.09749263525009155,-0.313873728034987
TOKYOTECH_s05,91,146,95.86666666666666,-0.016229886561632156,-0.46599514905161077
TOKYOTECH_s05,91,147,95.9,0.24396049976348877,-0.5909530503391921
TOKYOTECH_s05,91,148,95.93333333333334,0.3896297216415405,-0.6655025585848304
TOKYOTECH_s05,91,149,95.96666666666667,0.23632042109966278,-0.6701047153523143
TOKYOTECH_s05,91,150,96.0,-0.03030794858932495,-0.5936497081800729
TOKYOTECH_s05,91,151,96.03333333333333,-0.39847469329833984,-0.43821871298148024
TOKYOTECH_s05,91,152,96.06666666666666,-0.6873554587364197,-0.222504938824277
TOKYOTECH_s05,91,153,96.1,-0.8057501316070557,0.019563147825102774
TOKYOTECH_s05,91,154,96.13333333333334,-0.8964694738388062,0.24710393998056335
TOKYOTECH_s05,91,155,96.16666666666667,-0.9909732341766357,0.4252074512178054
TOKYOTECH_s05,91,156,96.2,-0.9969125986099243,0.536132056261279
TOKYOTECH_s05,91,157,96.23333333333333,-0.9045013785362244,0.582328138587734
TOKYOTECH_s05,91,158,96.26666666666667,-0.9449813365936279,0.5798461449734906
TOKYOTECH_s05,91,159,96.3,-1.0941767692565918,0.5468656481918157
TOKYOTECH_s05,91,160,96.33333333333333,-1.0040628910064697,0.4946019957311013
TOKYOTECH_s05,91,161,96.36666666666666,-0.15847086906433105,0.42531318913737765
TOKYOTECH_s05,91,162,96.4,1.2216780185699463,0.3366168251422089
TOKYOTECH_s05,91,163,96.43333333333334,1.8626083135604858,0.22712388987894952
TOKYOTECH_s05,91,164,96.46666666666667,1.7302513122558594,0.09866442632610745
TOKYOTECH_s05,91,165,96.5,1.4215757846832275,-0.04572698964878179
TOKYOTECH_s05,91,166,96.53333333333333,1.122810959815979,-0.20475931145530463
TOKYOTECH_s05,91,167,96.56666666666666,0.8140285611152649,-0.37856317886191604
TOKYOTECH_s05,91,168,96.6,0.5132067799568176,-0.5641541310193806
TOKYOTECH_s05,91,169,96.63333333333334,0.290531188249588,-0.7498212583321984
TOKYOTECH_s05,91,170,96.66666666666667,0.3061942756175995,-0.9126887411320552
TOKYOTECH_s05,91,171,96.7,0.4738309681415558,-1.021472325510186
TOKYOTECH_s05,91,172,96.73333333333333,0.5126368999481201,-1.043181474494081
TOKYOTECH_s05,91,173,96.76666666666667,0.30817997455596924,-0.9512798657665043
TOKYOTECH_s05,91,174,96.8,-0.07299627363681793,-0.7342719423309576
TOKYOTECH_s05,91,175,96.83333333333333,-0.41925784945487976,-0.40392643378459725
TOKYOTECH_s05,91,176,96.86666666666666,-0.633598804473877,0.0007587820417604598
TOKYOTECH_s05,91,177,96.9,-0.7657598853111267,0.4190601160760518
TOKYOTECH_s05,91,178,96.93333333333334,-0.8965585231781006,0.7839024723810977
TOKYOTECH_s05,91,179,96.96666666666667,-0.9464951157569885,1.040928780566048
TOKYOTECH_s05,91,180,97.0,-0.8773959875106812,1.162947141655474
TOKYOTECH_s05,91,181,97.03333333333333,-0.8838873505592346,1.154168975892664
TOKYOTECH_s05,91,182,97.06666666666666,-0.9448745250701904,1.0434701125487467
TOKYOTECH_s05,91,183,97.1,-0.9660583734512329,0.8705147688947392
TOKYOTECH_s05,91,184,97.13333333333334,-0.9466820955276489,0.6712546399481165
TOKYOTECH_s05,91,185,97.16666666666667,-0.2064840942621231,0.46869777642302657
TOKYOTECH_s05,91,186,97.2,1.260759949684143,0.27120601374801273
TOKYOTECH_s05,91,187,97.23333333333333,1.9192678928375244,0.07658507546540837
TOKYOTECH_s05,91,188,97.26666666666667,1.7537058591842651,-0.12152409010663097
TOKYOTECH_s05,91,189,97.3,1.4334900379180908,-0.3277930520097281
TOKYOTECH_s05,91,190,97.33333333333333,1.1241199970245361,-0.5410850719177805
TOKYOTECH_s05,91,191,97.36666666666666,0.8549805283546448,-0.7521750259283776
TOKYOTECH_s05,91,192,97.4,0.5784680843353271,-0.9434861430853256
TOKYOTECH_s05,91,193,97.43333333333334,0.4033694267272949,-1.0911815141568892
TOKYOTECH_s05,91,194,97.46666666666667,0.4212230145931244,-1.1692143237209918
TOKYOTECH_s05,91,195,97.5,0.503429651260376,-1.154044794050882
TOKYOTECH_s05,91,196,97.53333333333333,0.41068893671035767,-1.0288414625068192
TOKYOTECH_s05,91,197,97.56666666666666,0.14691892266273499,-0.7871940303419367
TOKYOTECH_s05,91,198,97.6,-0.12065331637859344,-0.43742711949527213
TOKYOTECH_s05,91,199,97.63333333333334,-0.37420982122421265,-0.007252174577608436
TOKYOTECH_s05,91,200,97.66666666666667,-0.6030473709106445,0.4551029429928395
TOKYOTECH_s05,91,201,97.7,-0.8459006547927856,0.887970836511806
TOKYOTECH_s05,91,202,97.73333333333333,-0.9692195057868958,1.231144552521341
TOKYOTECH_s05,91,203,97.76666666666667,-0.9267715811729431,1.4420912895776303
TOKYOTECH_s05,91,204,97.8,-0.8991942405700684,1.5058168380953827
TOKYOTECH_s05,91,205,97.83333333333333,-0.9960933923721313,1.434483351487327
TOKYOTECH_s05,91,206,97.86666666666666,-0.9936178922653198,1.258168057274839
TOKYOTECH_s05,91,207,97.9,-1.0474547147750854,1.0121760505035475
TOKYOTECH_s05,91,208,97.93333333333334,-1.1305785179138184,0.7273175506346701
TOKYOTECH_s05,91,209,97.96666666666667,-0.35582196712493896,0.4267593282340704
TOKYOTECH_s05,91,210,98.0,1.1541727781295776,0.12796395878413408
TOKYOTECH_s05,91,211,98.03333333333333,1.859349250793457,-0.1548959316210951
TOKYOTECH_s05,91,212,98.06666666666666,1.7184172868728638,-0.4110710043723356
TOKYOTECH_s05,91,213,98.1,1.4132144451141357,-0.6350858405215445
TOKYOTECH_s05,91,214,98.13333333333334,1.0814405679702759,-0.8273644890792967
TOKYOTECH_s05,91,215,98.16666666666667,0.7011547088623047,-0.9916425121543234
TOKYOTECH_s05,91,216,98.2,0.3402363061904907,-1.1299845498600816
TOKYOTECH_s05,91,217,98.23333333333333,0.1463579386472702,-1.2382938084746804
TOKYOTECH_s05,91,218,98.26666666666667,0.2899702191352844,-1.3047814308228782
TOKYOTECH_s05,91,219,98.3,0.5030556321144104,-1.3119215381608818
TOKYOTECH_s05,91,220,98.33333333333333,0.4800552427768707,-1.2409556495901732
TOKYOTECH_s05,91,221,98.36666666666666,0.22673024237155914,-1.078023735123452
TOKYOTECH_s05,91,222,98.4,-0.1399405300617218,-0.8216494434639972
TOKYOTECH_s05,91,223,98.43333333333334,-0.4993273913860321,-0.48991028611221593
TOKYOTECH_s05,91,224,98.46666666666667,-0.7015225887298584,-0.12210853737349468
TOKYOTECH_s05,91,225,98.5,-0.7590547800064087,0.23005252452823408
TOKYOTECH_s05,91,226,98.53333333333333,-0.8404688835144043,0.5195767887737829
TOKYOTECH_s05,91,227,98.56666666666666,-0.9534673690795898,0.7198094063832101
TOKYOTECH_s05,91,228,98.6,-0.881536602973938,0.8289575976868563
TOKYOTECH_s05,91,229,98.63333333333334,-0.8927384614944458,0.8616563720358112
TOKYOTECH_s05,91,230,98.66666666666667,-1.0242762565612793,0.83515011933939
TOKYOTECH_s05,91,231,98.7,-1.045103907585144,0.760862672261919
TOKYOTECH_s05,91,232,98.73333333333333,-0.7693573236465454,0.6460863221218671
TOKYOTECH_s05,91,233,98.76666666666667,0.3909030854701996,0.5016853790708251
TOKYOTECH_s05,91,234,98.8,1.4654662609100342,0.34802454912676306
TOKYOTECH_s05,91,235,98.83333333333333,1.602827548980713,0.2137575073082705
TOKYOTECH_s05,91,236,98.86666666666666,1.2891476154327393,0.12729566706047518
TOKYOTECH_s05,91,237,98.9,0.9608197808265686,0.10535025425339488
TOKYOTECH_s05,91,238,98.93333333333334,0.6067221760749817,0.14466215935536317
TOKYOTECH_s05,91,239,98.96666666666667,0.2064635306596756,0.22140888583366675
TOKYOTECH_s05,92,0,92.0,-0.49806296825408936,0.09483972152828911
TOKYOTECH_s05,92,1,92.03333333333333,-0.7666236162185669,-1.0640329331107796
TOKYOTECH_s05,92,2,92.06666666666666,-0.9008594155311584,-2.0332267004673072
TOKYOTECH_s05,92,3,92.1,-0.9086241722106934,-2.674059009787477
TOKYOTECH_s05,92,4,92.13333333333334,-0.8610739707946777,-2.9370071944370375
TOKYOTECH_s05,92,5,92.16666666666667,-0.8775295615196228,-2.861984091541915
TOKYOTECH_s05,92,6,92.2,-0.9416688680648804,-2.546941432109544
TOKYOTECH_s05,92,7,92.23333333333333,-0.9164334535598755,-2.1054219433953234
TOKYOTECH_s05,92,8,92.26666666666667,-1.0071794986724854,-1.6348555672584275
TOKYOTECH_s05,92,9,92.3,-1.1993749141693115,-1.2041642786668916
TOKYOTECH_s05,92,10,92.33333333333333,-0.9923089146614075,-0.8548861870340763
TOKYOTECH_s05,92,11,92.36666666666666,0.38372603058815,-0.604914492394215
TOKYOTECH_s05,92,12,92.4,1.6348036527633667,-0.4499288433188615
TOKYOTECH_s05,92,13,92.43333333333334,1.7784515619277954,-0.3659846567586851
TOKYOTECH_s05,92,14,92.46666666666667,1.466036081314087,-0.31814158843452683
TOKYOTECH_s05,92,15,92.5,1.1309319734573364,-0.27434823719883855
TOKYOTECH_s05,92,16,92.53333333333333,0.7869053483009338,-0.21726756939763217
TOKYOTECH_s05,92,17,92.56666666666666,0.3447776138782501,-0.14630436983781506
TOKYOTECH_s05,92,18,92.6,0.030438760295510292,-0.06947649364644763
TOKYOTECH_s05,92,19,92.63333333333334,0.14528940618038177,0.007547865021682011
TOKYOTECH_s05,92,20,92.66666666666667,0.34706607460975647,0.08754152672222394
TOKYOTECH_s05,92,21,92.7,0.3666827380657196,0.18071790398245582
TOKYOTECH_s05,92,22,92.73333333333333,0.18501250445842743,0.29978191958812656
TOKYOTECH_s05,92,23,92.76666666666667,-0.04085981845855713,0.45511170931948486
TOKYOTECH_s05,92,24,92.8,-0.3677540421485901,0.6507628036731304
TOKYOTECH_s05,92,25,92.83333333333333,-0.6953873634338379,0.8796445101409506
TOKYOTECH_s05,92,26,92.86666666666666,-0.8175041079521179,1.1188010549005694
TOKYOTECH_s05,92,27,92.9,-0.940760612487793,1.329554698657524
TOKYOTECH_s05,92,28,92.93333333333334,-1.0604642629623413,1.46677060644026
TOKYOTECH_s05,92,29,92.96666666666667,-0.9339931607246399,1.4957935916094542
TOKYOTECH_s05,92,30,93.0,-0.948186993598938,1.4084605443699216
TOKYOTECH_s05,92,31,93.03333333333333,-1.0195746421813965,1.2275242846183079
TOKYOTECH_s05,92,32,93.06666666666666,-1.0192095041275024,0.9952606214759393
TOKYOTECH_s05,92,33,93.1,-1.1159483194351196,0.7525529083610175
TOKYOTECH_s05,92,34,93.13333333333334,-0.6962510943412781,0.5215155083021512
TOKYOTECH_s05,92,35,93.16666666666667,0.6186097264289856,0.3022575588244824
TOKYOTECH_s05,92,36,93.2,1.5815367698669434,0.08366348935413113
TOKYOTECH_s05,92,37,93.23333333333333,1.6477153301239014,-0.1418625506984323
TOKYOTECH_s05,92,38,93.26666666666667,1.3474900722503662,-0.3705954405247841
TOKYOTECH_s05,92,39,93.3,1.0300880670547485,-0.5903658547040878
TOKYOTECH_s05,92,40,93.33333333333333,0.7112168669700623,-0.7892843866562445
TOKYOTECH_s05,92,41,93.36666666666666,0.2969691753387451,-0.9619142419407632
TOKYOTECH_s05,92,42,93.4,-0.006292429752647877,-1.1081452087754182
TOKYOTECH_s05,92,43,93.43333333333334,0.09677751362323761,-1.2266944824382318
TOKYOTECH_s05,92,44,93.46666666666667,0.3825684189796448,-1.309000034760773
TOKYOTECH_s05,92,45,93.5,0.3734680116176605,-1.3380795843734175
TOKYOTECH_s05,92,46,93.53333333333333,0.08084730803966522,-1.292522085648156
TOKYOTECH_s05,92,47,93.56666666666666,-0.14499831199645996,-1.152776563653893
TOKYOTECH_s05,92,48,93.6,-0.4303974211215973,-0.9078898494079318
TOKYOTECH_s05,92,49,93.63333333333334,-0.7965784668922424,-0.5624743802690202
TOKYOTECH_s05,92,50,93.66666666666667,-0.9711606502532959,-0.14237034921589692
TOKYOTECH_s05,92,51,93.7,-1.075824499130249,0.3048893638179568
TOKYOTECH_s05,92,52,93.73333333333333,-1.0527350902557373,0.7183216275864109
TOKYOTECH_s05,92,53,93.76666666666667,-1.1453956365585327,1.039709004265503
TOKYOTECH_s05,92,54,93.8,-1.1159483194351196,1.2312124148331662
TOKYOTECH_s05,92,55,93.83333333333333,-1.0360747575759888,1.2853686795862496
TOKYOTECH_s05,92,56,93.86666666666666,-1.1457695960998535,1.2224749590624282
TOKYOTECH_s05,92,57,93.9,-1.2103809118270874,1.077850278765808
TOKYOTECH_s05,92,58,93.93333333333334,-1.1287620067596436,0.8869050611356167
TOKYOTECH_s05,92,59,93.96666666666667,-0.11437562853097916,0.6757111685232078
TOKYOTECH_s05,92,60,94.0,1.4259835481643677,0.45929840813901435
TOKYOTECH_s05,92,61,94.03333333333333,1.9621965885162354,0.2443928735409073
TOKYOTECH_s05,92,62,94.06666666666666,1.7418361902236938,0.03242261408148644
TOKYOTECH_s05,92,63,94.1,1.395423173904419,-0.1784685027729573
TOKYOTECH_s05,92,64,94.13333333333334,1.0452880859375,-0.39074515710862934
TOKYOTECH_s05,92,65,94.16666666666667,0.7481261491775513,-0.6027160239386238
TOKYOTECH_s05,92,66,94.2,0.4885501563549042,-0.8036212925163998
TOKYOTECH_s05,92,67,94.23333333333333,0.36772456765174866,-0.9727603178762652
TOKYOTECH_s05,92,68,94.26666666666667,0.45856860280036926,-1.084583577157385
TOKYOTECH_s05,92,69,94.3,0.5577917695045471,-1.1171817512762623
TOKYOTECH_s05,92,70,94.33333333333333,0.416120707988739,-1.059190869180919
TOKYOTECH_s05,92,71,94.36666666666666,0.106465645134449,-0.9116369533123971
TOKYOTECH_s05,92,72,94.4,-0.15425902605056763,-0.6854330634239834
TOKYOTECH_s05,92,73,94.43333333333334,-0.4614386260509491,-0.39840048382543364
TOKYOTECH_s05,92,74,94.46666666666667,-0.7608356475830078,-0.07486831409043526
TOKYOTECH_s05,92,75,94.5,-0.892221987247467,0.2531115178003696
TOKYOTECH_s05,92,76,94.53333333333333,-0.9143675565719604,0.5475306572709101
TOKYOTECH_s05,92,77,94.56666666666666,-0.965719997882843,0.7726897195297101
TOKYOTECH_s05,92,78,94.6,-1.0139291286468506,0.9071989464461836
TOKYOTECH_s05,92,79,94.63333333333334,-0.9700654149055481,0.9518752930221276
TOKYOTECH_s05,92,80,94.66666666666667,-1.0514349937438965,0.927629271817668
TOKYOTECH_s05,92,81,94.7,-1.1765881776809692,0.8642473137358241
TOKYOTECH_s05,92,82,94.73333333333333,-1.2029812335968018,0.7868015493124542
TOKYOTECH_s05,92,83,94.76666666666667,-1.0242139101028442,0.7072936295128164
TOKYOTECH_s05,92,84,94.8,0.200337216258049,0.6247868792127526
TOKYOTECH_s05,92,85,94.83333333333333,1.6315891742706299,0.5314894827030131
TOKYOTECH_s05,92,86,94.86666666666666,1.9657138586044312,0.4194046498691698
TOKYOTECH_s05,92,87,94.9,1.6326932907104492,0.28362346158435414
TOKYOTECH_s05,92,88,94.93333333333334,1.226272702217102,0.1223043009492953
TOKYOTECH_s05,92,89,94.96666666666667,0.9085769057273865,-0.06402833184965818
TOKYOTECH_s05,92,90,95.0,0.5867760181427002,-0.27221807858278807
TOKYOTECH_s05,92,91,95.03333333333333,0.2893112897872925,-0.4956310891745178
TOKYOTECH_s05,92,92,95.06666666666666,0.26480600237846375,-0.723232964303906
TOKYOTECH_s05,92,93,95.1,0.4740179777145386,-0.9382714611318446
TOKYOTECH_s05,92,94,95.13333333333334,0.6406484246253967,-1.1166615722275477
TOKYOTECH_s05,92,95,95.16666666666667,0.49706289172172546,-1.2268681173781957
TOKYOTECH_s05,92,96,95.2,0.1554850935935974,-1.2343665883480954
TOKYOTECH_s05,92,97,95.23333333333333,-0.21700924634933472,-1.1123474218354827
TOKYOTECH_s05,92,98,95.26666666666667,-0.4821416437625885,-0.8557842537778517
TOKYOTECH_s05,92,99,95.3,-0.6345961093902588,-0.49150053335728633
TOKYOTECH_s05,92,100,95.33333333333333,-0.7504618763923645,-0.07650588812563379
TOKYOTECH_s05,92,101,95.36666666666666,-0.8800673484802246,0.3176482605574934
TOKYOTECH_s05,92,102,95.4,-0.963600754737854,0.627927003863664
TOKYOTECH_s05,92,103,95.43333333333334,-0.8715011477470398,0.8185551297838922
TOKYOTECH_s05,92,104,95.46666666666667,-0.8497651815414429,0.886957815861891
TOKYOTECH_s05,92,105,95.5,-0.9700921177864075,0.8566040190862668
TOKYOTECH_s05,92,106,95.53333333333333,-1.0920753479003906,0.7630241933094944
TOKYOTECH_s05,92,107,95.56666666666666,-0.8307807445526123,0.6406962398191793
TOKYOTECH_s05,92,108,95.6,0.3524444103240967,0.5151799635942544
TOKYOTECH_s05,92,109,95.63333333333334,1.4962491989135742,0.40050944214587125
TOKYOTECH_s05,92,110,95.66666666666667,1.7120860815048218,0.2998775452501574
TOKYOTECH_s05,92,111,95.7,1.3726632595062256,0.20804881485849444
TOKYOTECH_s05,92,112,95.73333333333333,0.9287634491920471,0.11492293495509065
TOKYOTECH_s05,92,113,95.76666666666667,0.51605623960495,0.01005884851239316
TOKYOTECH_s05,92,114,95.8,0.15011565387248993,-0.1124978029359497
TOKYOTECH_s05,92,115,95.83333333333333,-0.09749263525009155,-0.2505126444776247
TOKYOTECH_s05,92,116,95.86666666666666,-0.016229886561632156,-0.39256754793856496
TOKYOTECH_s05,92,117,95.9,0.24396049976348877,-0.5202011920602418
TOKYOTECH_s05,92,118,95.93333333333334,0.3896297216415405,-0.6117234849970407
TOKYOTECH_s05,92,119,95.96666666666667,0.23632042109966278,-0.6459369503014823
TOKYOTECH_s05,92,120,96.0,-0.03030794858932495,-0.6060694129115014
TOKYOTECH_s05,92,121,96.03333333333333,-0.39847469329833984,-0.4852870173602037
TOKYOTECH_s05,92,122,96.06666666666666,-0.6873554587364197,-0.29267554476255037
TOKYOTECH_s05,92,123,96.1,-0.8057501316070557,-0.05553026784096811
TOKYOTECH_s05,92,124,96.13333333333334,-0.8964694738388062,0.1857462949679478
TOKYOTECH_s05,92,125,96.16666666666667,-0.9909732341766357,0.38965726901683445
TOKYOTECH_s05,92,126,96.2,-0.9969125986099243,0.5270710266401389
TOKYOTECH_s05,92,127,96.23333333333333,-0.9045013785362244,0.5889592334981236
TOKYOTECH_s05,92,128,96.26666666666667,-0.9449813365936279,0.5847340346820653
TOKYOTECH_s05,92,129,96.3,-1.0941767692565918,0.5334027667356818
TOKYOTECH_s05,92,130,96.33333333333333,-1.0040628910064697,0.4536325026399763
TOKYOTECH_s05,92,131,96.36666666666666,-0.15847086906433105,0.35824597606298825
TOKYOTECH_s05,92,132,96.4,1.2216780185699463,0.25436681425722757
TOKYOTECH_s05,92,133,96.43333333333334,1.8626083135604858,0.14618643319439584
TOKYOTECH_s05,92,134,96.46666666666667,1.7302513122558594,0.03656392437908139
TOKYOTECH_s05,92,135,96.5,1.4215757846832275,-0.07379372903070325
TOKYOTECH_s05,92,136,96.53333333333333,1.122810959815979,-0.1876140151631736
TOKYOTECH_s05,92,137,96.56666666666666,0.8140285611152649,-0.3099090014275394
TOKYOTECH_s05,92,138,96.6,0.5132067799568176,-0.44377330462152903
TOKYOTECH_s05,92,139,96.63333333333334,0.290531188249588,-0.5854260306260426
TOKYOTECH_s05,92,140,96.66666666666667,0.3061942756175995,-0.721418573961075
TOKYOTECH_s05,92,141,96.7,0.4738309681415558,-0.8292502943527442
TOKYOTECH_s05,92,142,96.73333333333333,0.5126368999481201,-0.8806143789840795
TOKYOTECH_s05,92,143,96.76666666666667,0.30817997455596924,-0.8463500443359594
TOKYOTECH_s05,92,144,96.8,-0.07299627363681793,-0.7038279961009236
TOKYOTECH_s05,92,145,96.83333333333333,-0.41925784945487976,-0.4470565135417072
TOKYOTECH_s05,92,146,96.86666666666666,-0.633598804473877,-0.09552385020907102
TOKYOTECH_s05,92,147,96.9,-0.7657598853111267,0.3048720432102228
TOKYOTECH_s05,92,148,96.93333333333334,-0.8965585231781006,0.6917176402250743
TOKYOTECH_s05,92,149,96.96666666666667,-0.9464951157569885,1.003088834996492
TOKYOTECH_s05,92,150,97.0,-0.8773959875106812,1.1943328628772227
TOKYOTECH_s05,92,151,97.03333333333333,-0.8838873505592346,1.2480511590929673
TOKYOTECH_s05,92,152,97.06666666666666,-0.9448745250701904,1.1742601149761744
TOKYOTECH_s05,92,153,97.1,-0.9660583734512329,1.0021470776236834
TOKYOTECH_s05,92,154,97.13333333333334,-0.9466820955276489,0.7682183632823073
TOKYOTECH_s05,92,155,97.16666666666667,-0.2064840942621231,0.506162537139839
TOKYOTECH_s05,92,156,97.2,1.260759949684143,0.24124665761138847
TOKYOTECH_s05,92,157,97.23333333333333,1.9192678928375244,-0.011122929344245098
TOKYOTECH_s05,92,158,97.26666666666667,1.7537058591842651,-0.24443326682861555
TOKYOTECH_s05,92,159,97.3,1.4334900379180908,-0.458826374357446
TOKYOTECH_s05,92,160,97.33333333333333,1.1241199970245361,-0.6575254342591891
TOKYOTECH_s05,92,161,97.36666666666666,0.8549805283546448,-0.8418982961404156
TOKYOTECH_s05,92,162,97.4,0.5784680843353271,-1.0067521566155166
TOKYOTECH_s05,92,163,97.43333333333334,0.4033694267272949,-1.1383437898231894
TOKYOTECH_s05,92,164,97.46666666666667,0.4212230145931244,-1.2160141199498788
TOKYOTECH_s05,92,165,97.5,0.503429651260376,-1.2161756650619593
TOKYOTECH_s05,92,166,97.53333333333333,0.41068893671035767,-1.117066332254623
TOKYOTECH_s05,92,167,97.56666666666666,0.14691892266273499,-0.9040670897310342
TOKYOTECH_s05,92,168,97.6,-0.12065331637859344,-0.5764224595604185
TOKYOTECH_s05,92,169,97.63333333333334,-0.37420982122421265,-0.1545558501507242
TOKYOTECH_s05,92,170,97.66666666666667,-0.6030473709106445,0.3166659910277145
TOKYOTECH_s05,92,171,97.7,-0.8459006547927856,0.77413388320893
TOKYOTECH_s05,92,172,97.73333333333333,-0.9692195057868958,1.1521102987172656
TOKYOTECH_s05,92,173,97.76666666666667,-0.9267715811729431,1.4005126001619144
TOKYOTECH_s05,92,174,97.8,-0.8991942405700684,1.4974701773353605
TOKYOTECH_s05,92,175,97.83333333333333,-0.9960933923721313,1.4512086306897738
TOKYOTECH_s05,92,176,97.86666666666666,-0.9936178922653198,1.2916054888646835
TOKYOTECH_s05,92,177,97.9,-1.0474547147750854,1.056406884905894
TOKYOTECH_s05,92,178,97.93333333333334,-1.1305785179138184,0.7792197522360189
TOKYOTECH_s05,92,179,97.96666666666667,-0.35582196712493896,0.4843313797595973
TOKYOTECH_s05,92,180,98.0,1.1541727781295776,0.18799206329484672
TOKYOTECH_s05,92,181,98.03333333333333,1.859349250793457,-0.09820027672383896
TOKYOTECH_s05,92,182,98.06666666666666,1.7184172868728638,-0.365259831187983
TOKYOTECH_s05,92,183,98.1,1.4132144451141357,-0.6062104755959131
TOKYOTECH_s05,92,184,98.13333333333334,1.0814405679702759,-0.8153331383370674
TOKYOTECH_s05,92,185,98.16666666666667,0.7011547088623047,-0.9864782833866481
TOKYOTECH_s05,92,186,98.2,0.3402363061904907,-1.111387029869132
TOKYOTECH_s05,92,187,98.23333333333333,0.1463579386472702,-1.1796014932458931
TOKYOTECH_s05,92,188,98.26666666666667,0.2899702191352844,-1.1802958876334668
TOKYOTECH_s05,92,189,98.3,0.5030556321144104,-1.104797592564404
TOKYOTECH_s05,92,190,98.33333333333333,0.4800552427768707,-0.9485749224186466
TOKYOTECH_s05,92,191,98.36666666666666,0.22673024237155914,-0.7130508905329571
TOKYOTECH_s05,92,192,98.4,-0.1399405300617218,-0.4089081731747188
TOKYOTECH_s05,92,193,98.43333333333334,-0.4993273913860321,-0.06070856414027167
TOKYOTECH_s05,92,194,98.46666666666667,-0.7015225887298584,0.291921900398311
TOKYOTECH_s05,92,195,98.5,-0.7590547800064087,0.6019908790358256
TOKYOTECH_s05,92,196,98.53333333333333,-0.8404688835144043,0.830239235877919
TOKYOTECH_s05,92,197,98.56666666666666,-0.9534673690795898,0.9586281603189197
TOKYOTECH_s05,92,198,98.6,-0.881536602973938,0.9933904027527458
TOKYOTECH_s05,92,199,98.63333333333334,-0.8927384614944458,0.9562355637155531
TOKYOTECH_s05,92,200,98.66666666666667,-1.0242762565612793,0.8706404695471225
TOKYOTECH_s05,92,201,98.7,-1.045103907585144,0.7526508975506451
TOKYOTECH_s05,92,202,98.73333333333333,-0.7693573236465454,0.6102114786683493
TOKYOTECH_s05,92,203,98.76666666666667,0.3909030854701996,0.4477097617322078
TOKYOTECH_s05,92,204,98.8,1.4654662609100342,0.26999174163310274
TOKYOTECH_s05,92,205,98.83333333333333,1.602827548980713,0.08281375521096507
TOKYOTECH_s05,92,206,98.86666666666666,1.2891476154327393,-0.10913694070566972
TOKYOTECH_s05,92,207,98.9,0.9608197808265686,-0.3032830643976147
TOKYOTECH_s05,92,208,98.93333333333334,0.6067221760749817,-0.49701021923698707
TOKYOTECH_s05,92,209,98.96666666666667,0.2064635306596756,-0.6831884154702286
TOKYOTECH_s05,92,210,99.0,0.03433894366025925,-0.8466515639805232
TOKYOTECH_s05,92,211,99.03333333333333,0.2204703539609909,-0.9647195302844578
TOKYOTECH_s05,92,212,99.06666666666666,0.47305628657341003,-1.0120430916887648
TOKYOTECH_s05,92,213,99.1,0.4890844225883484,-0.9672219721876253
TOKYOTECH_s05,92,214,99.13333333333334,0.2990884482860565,-0.8183001510588822
TOKYOTECH_s05,92,215,99.16666666666667,0.015238725580275059,-0.5662654262480381
TOKYOTECH_s05,92,216,99.2,-0.30572509765625,-0.22776905567075467
TOKYOTECH_s05,92,217,99.23333333333333,-0.565986692905426,0.16271429329086853
TOKYOTECH_s05,92,218,99.26666666666667,-0.7970771193504333,0.5549333106664488
TOKYOTECH_s05,92,219,99.3,-0.8849826455116272,0.8931731429625236
TOKYOTECH_s05,92,220,99.33333333333333,-0.8749027252197266,1.1323529755967499
TOKYOTECH_s05,92,221,99.36666666666666,-0.7934529781341553,1.2510717885504379
TOKYOTECH_s05,92,222,99.4,-0.7758041620254517,1.2542370893905603
TOKYOTECH_s05,92,223,99.43333333333334,-0.9299861192703247,1.1649050245678323
TOKYOTECH_s05,92,224,99.46666666666667,-1.0346766710281372,1.010981298015965
TOKYOTECH_s05,92,225,99.5,-0.928953230381012,0.8141620494309585
TOKYOTECH_s05,92,226,99.53333333333333,-0.359125554561615,0.5858923109114467
TOKYOTECH_s05,92,227,99.56666666666666,0.9687982201576233,0.3302579239298571
TOKYOTECH_s05,92,228,99.6,1.7636433839797974,0.049723781403119456
TOKYOTECH_s05,92,229,99.63333333333334,1.7436527013778687,-0.2507089796557369
TOKYOTECH_s05,92,230,99.66666666666667,1.463338017463684,-0.5619527308033823
TOKYOTECH_s05,92,231,99.7,1.18580162525177,-0.8697799962597677
TOKYOTECH_s05,92,232,99.73333333333333,0.8990490436553955,-1.1527766746522567
TOKYOTECH_s05,92,233,99.76666666666667,0.5275787115097046,-1.3808086069994445
TOKYOTECH_s05,92,234,99.8,0.2645299732685089,-1.5173409199095462
TOKYOTECH_s05,92,235,99.83333333333333,0.32427045702934265,-1.5275133838381347
TOKYOTECH_s05,92,236,99.86666666666666,0.4945340156555176,-1.3897872667720033
TOKYOTECH_s05,92,237,99.9,0.4932517409324646,-1.1057714369625178
TOKYOTECH_s05,92,238,99.93333333333334,0.2760346233844757,-0.7034820783370574
TOKYOTECH_s05,92,239,99.96666666666667,0.00852470938116312,-0.23292980568067856
TOKYOTECH_s05,93,0,93.0,-0.948186993598938,0.01862264778411972
TOKYOTECH_s05,93,1,93.03333333333333,-1.0195746421813965,-1.32678766088869
TOKYOTECH_s05,93,2,93.06666666666666,-1.0192095041275024,-2.4393309122946167
TOKYOTECH_s05,93,3,93.1,-1.1159483194351196,-3.150326619300696
TOKYOTECH_s05,93,4,93.13333333333334,-0.6962510943412781,-3.4043146564306426
TOKYOTECH_s05,93,5,93.16666666666667,0.6186097264289856,-3.261800897742013
TOKYOTECH_s05,93,6,93.2,1.5815367698669434,-2.860687251838414
TOKYOTECH_s05,93,7,93.23333333333333,1.6477153301239014,-2.358789683582464
TOKYOTECH_s05,93,8,93.26666666666667,1.3474900722503662,-1.8850978180155649
TOKYOTECH_s05,93,9,93.3,1.0300880670547485,-1.5159127034359947
TOKYOTECH_s05,93,10,93.33333333333333,0.7112168669700623,-1.2752378861860993
TOKYOTECH_s05,93,11,93.36666666666666,0.2969691753387451,-1.1482050029550477
TOKYOTECH_s05,93,12,93.4,-0.006292429752647877,-1.0967406817798164
TOKYOTECH_s05,93,13,93.43333333333334,0.09677751362323761,-1.07281721169006
TOKYOTECH_s05,93,14,93.46666666666667,0.3825684189796448,-1.0288243106166217
TOKYOTECH_s05,93,15,93.5,0.3734680116176605,-0.9252871870275091
TOKYOTECH_s05,93,16,93.53333333333333,0.08084730803966522,-0.7356024945336916
TOKYOTECH_s05,93,17,93.56666666666666,-0.14499831199645996,-0.447838268020568
TOKYOTECH_s05,93,18,93.6,-0.4303974211215973,-0.06524829462790666
TOKYOTECH_s05,93,19,93.63333333333334,-0.7965784668922424,0.392462968585
TOKYOTECH_s05,93,20,93.66666666666667,-0.9711606502532959,0.8876046598770876
TOKYOTECH_s05,93,21,93.7,-1.075824499130249,1.3662663274474023
TOKYOTECH_s05,93,22,93.73333333333333,-1.0527350902557373,1.767149771434179
TOKYOTECH_s05,93,23,93.76666666666667,-1.1453956365585327,2.037276664741372
TOKYOTECH_s05,93,24,93.8,-1.1159483194351196,2.1484059243522786
TOKYOTECH_s05,93,25,93.83333333333333,-1.0360747575759888,2.105231262759578
TOKYOTECH_s05,93,26,93.86666666666666,-1.1457695960998535,1.940315140223715
TOKYOTECH_s05,93,27,93.9,-1.2103809118270874,1.698553352858673
TOKYOTECH_s05,93,28,93.93333333333334,-1.1287620067596436,1.4200697923186558
TOKYOTECH_s05,93,29,93.96666666666667,-0.11437562853097916,1.130439120684001
TOKYOTECH_s05,93,30,94.0,1.4259835481643677,0.8409230774458225
TOKYOTECH_s05,93,31,94.03333333333333,1.9621965885162354,0.5545192674510111
TOKYOTECH_s05,93,32,94.06666666666666,1.7418361902236938,0.2716661717352295
TOKYOTECH_s05,93,33,94.1,1.395423173904419,-0.007418910270954024
TOKYOTECH_s05,93,34,94.13333333333334,1.0452880859375,-0.2822518088534545
TOKYOTECH_s05,93,35,94.16666666666667,0.7481261491775513,-0.5503996425410419
TOKYOTECH_s05,93,36,94.2,0.4885501563549042,-0.8044273883209089
TOKYOTECH_s05,93,37,94.23333333333333,0.36772456765174866,-1.0304013150532638
TOKYOTECH_s05,93,38,94.26666666666667,0.45856860280036926,-1.2100861397392284
TOKYOTECH_s05,93,39,94.3,0.5577917695045471,-1.3256710884241152
TOKYOTECH_s05,93,40,94.33333333333333,0.416120707988739,-1.36377782296985
TOKYOTECH_s05,93,41,94.36666666666666,0.106465645134449,-1.3165545541869703
TOKYOTECH_s05,93,42,94.4,-0.15425902605056763,-1.1809969019005016
TOKYOTECH_s05,93,43,94.43333333333334,-0.4614386260509491,-0.9598246963837767
TOKYOTECH_s05,93,44,94.46666666666667,-0.7608356475830078,-0.6656087361929005
TOKYOTECH_s05,93,45,94.5,-0.892221987247467,-0.32552419441158986
TOKYOTECH_s05,93,46,94.53333333333333,-0.9143675565719604,0.01912091820719939
TOKYOTECH_s05,93,47,94.56666666666666,-0.965719997882843,0.32247121806736234
TOKYOTECH_s05,93,48,94.6,-1.0139291286468506,0.5494809662045258
TOKYOTECH_s05,93,49,94.63333333333334,-0.9700654149055481,0.6879282813017927
TOKYOTECH_s05,93,50,94.66666666666667,-1.0514349937438965,0.7496674593419649
TOKYOTECH_s05,93,51,94.7,-1.1765881776809692,0.760838967712427
TOKYOTECH_s05,93,52,94.73333333333333,-1.2029812335968018,0.7473857785974451
TOKYOTECH_s05,93,53,94.76666666666667,-1.0242139101028442,0.7240524581832927
TOKYOTECH_s05,93,54,94.8,0.200337216258049,0.6914056049407203
TOKYOTECH_s05,93,55,94.83333333333333,1.6315891742706299,0.6398415850529431
TOKYOTECH_s05,93,56,94.86666666666666,1.9657138586044312,0.5563104811735562
TOKYOTECH_s05,93,57,94.9,1.6326932907104492,0.42996776969399125
TOKYOTECH_s05,93,58,94.93333333333334,1.226272702217102,0.25571023192477554
TOKYOTECH_s05,93,59,94.96666666666667,0.9085769057273865,0.036410627844084754
TOKYOTECH_s05,93,60,95.0,0.5867760181427002,-0.2160387539691229
TOKYOTECH_s05,93,61,95.03333333333333,0.2893112897872925,-0.4817616462536533
TOKYOTECH_s05,93,62,95.06666666666666,0.26480600237846375,-0.735850900999169
TOKYOTECH_s05,93,63,95.1,0.4740179777145386,-0.9514469915468395
TOKYOTECH_s05,93,64,95.13333333333334,0.6406484246253967,-1.101383947588655
TOKYOTECH_s05,93,65,95.16666666666667,0.49706289172172546,-1.1590802289628164
TOKYOTECH_s05,93,66,95.2,0.1554850935935974,-1.1016259982730772
TOKYOTECH_s05,93,67,95.23333333333333,-0.21700924634933472,-0.917377167358044
TOKYOTECH_s05,93,68,95.26666666666667,-0.4821416437625885,-0.6160146207451328
TOKYOTECH_s05,93,69,95.3,-0.6345961093902588,-0.23464251075035947
TOKYOTECH_s05,93,70,95.33333333333333,-0.7504618763923645,0.16652978343196007
TOKYOTECH_s05,93,71,95.36666666666666,-0.8800673484802246,0.5201023659954285
TOKYOTECH_s05,93,72,95.4,-0.963600754737854,0.772556193428071
TOKYOTECH_s05,93,73,95.43333333333334,-0.8715011477470398,0.8999156864200952
TOKYOTECH_s05,93,74,95.46666666666667,-0.8497651815414429,0.9105580439696669
TOKYOTECH_s05,93,75,95.5,-0.9700921177864075,0.8354999410401899
TOKYOTECH_s05,93,76,95.53333333333333,-1.0920753479003906,0.713219450480427
TOKYOTECH_s05,93,77,95.56666666666666,-0.8307807445526123,0.577303747210275
TOKYOTECH_s05,93,78,95.6,0.3524444103240967,0.4506151407332159
TOKYOTECH_s05,93,79,95.63333333333334,1.4962491989135742,0.3442866763127437
TOKYOTECH_s05,93,80,95.66666666666667,1.7120860815048218,0.25852268065518375
TOKYOTECH_s05,93,81,95.7,1.3726632595062256,0.18411235024657635
TOKYOTECH_s05,93,82,95.73333333333333,0.9287634491920471,0.10545786474899106
TOKYOTECH_s05,93,83,95.76666666666667,0.51605623960495,0.0060008358898155255
TOKYOTECH_s05,93,84,95.8,0.15011565387248993,-0.12470306719265518
TOKYOTECH_s05,93,85,95.83333333333333,-0.09749263525009155,-0.2848698095169081
TOKYOTECH_s05,93,86,95.86666666666666,-0.016229886561632156,-0.45834527159693295
TOKYOTECH_s05,93,87,95.9,0.24396049976348877,-0.6178226505713227
TOKYOTECH_s05,93,88,95.93333333333334,0.3896297216415405,-0.7320711865031769
TOKYOTECH_s05,93,89,95.96666666666667,0.23632042109966278,-0.7742249485794873
TOKYOTECH_s05,93,90,96.0,-0.03030794858932495,-0.728891233397409
TOKYOTECH_s05,93,91,96.03333333333333,-0.39847469329833984,-0.5970527705546897
TOKYOTECH_s05,93,92,96.06666666666666,-0.6873554587364197,-0.3976100685677654
TOKYOTECH_s05,93,93,96.1,-0.8057501316070557,-0.1639711393074434
TOKYOTECH_s05,93,94,96.13333333333334,-0.8964694738388062,0.06480070354552735
TOKYOTECH_s05,93,95,96.16666666666667,-0.9909732341766357,0.255913157620878
TOKYOTECH_s05,93,96,96.2,-0.9969125986099243,0.3925532492161505
TOKYOTECH_s05,93,97,96.23333333333333,-0.9045013785362244,0.47610912339508693
TOKYOTECH_s05,93,98,96.26666666666667,-0.9449813365936279,0.519838493688892
TOKYOTECH_s05,93,99,96.3,-1.0941767692565918,0.5382459432473673
TOKYOTECH_s05,93,100,96.33333333333333,-1.0040628910064697,0.5387679047645623
TOKYOTECH_s05,93,101,96.36666666666666,-0.15847086906433105,0.5201773324703745
TOKYOTECH_s05,93,102,96.4,1.2216780185699463,0.4769828126305395
TOKYOTECH_s05,93,103,96.43333333333334,1.8626083135604858,0.4050527468806231
TOKYOTECH_s05,93,104,96.46666666666667,1.7302513122558594,0.3039125804714466
TOKYOTECH_s05,93,105,96.5,1.4215757846832275,0.17493773680184968
TOKYOTECH_s05,93,106,96.53333333333333,1.122810959815979,0.018721006546951906
TOKYOTECH_s05,93,107,96.56666666666666,0.8140285611152649,-0.16434033515528698
TOKYOTECH_s05,93,108,96.6,0.5132067799568176,-0.3696098046984911
TOKYOTECH_s05,93,109,96.63333333333334,0.290531188249588,-0.5832147526487198
TOKYOTECH_s05,93,110,96.66666666666667,0.3061942756175995,-0.7803124819591077
TOKYOTECH_s05,93,111,96.7,0.4738309681415558,-0.9280051675216807
TOKYOTECH_s05,93,112,96.73333333333333,0.5126368999481201,-0.9916142623863701
TOKYOTECH_s05,93,113,96.76666666666667,0.30817997455596924,-0.9423744151769146
TOKYOTECH_s05,93,114,96.8,-0.07299627363681793,-0.7658596310497978
TOKYOTECH_s05,93,115,96.83333333333333,-0.41925784945487976,-0.4702587588410612
TOKYOTECH_s05,93,116,96.86666666666666,-0.633598804473877,-0.0905751907419911
TOKYOTECH_s05,93,117,96.9,-0.7657598853111267,0.31621503209319596
TOKYOTECH_s05,93,118,96.93333333333334,-0.8965585231781006,0.6853128150129156
TOKYOTECH_s05,93,119,96.96666666666667,-0.9464951157569885,0.9617416147313057
TOKYOTECH_s05,93,120,97.0,-0.8773959875106812,1.1139952747373962
TOKYOTECH_s05,93,121,97.03333333333333,-0.8838873505592346,1.1387969846958215
TOKYOTECH_s05,93,122,97.06666666666666,-0.9448745250701904,1.0561198464956438
TOKYOTECH_s05,93,123,97.1,-0.9660583734512329,0.89764108600013
TOKYOTECH_s05,93,124,97.13333333333334,-0.9466820955276489,0.6946315052838601
TOKYOTECH_s05,93,125,97.16666666666667,-0.2064840942621231,0.47077916289882343
TOKYOTECH_s05,93,126,97.2,1.260759949684143,0.24127297723089308
TOKYOTECH_s05,93,127,97.23333333333333,1.9192678928375244,0.015277414164100212
TOKYOTECH_s05,93,128,97.26666666666667,1.7537058591842651,-0.2017303706455898
TOKYOTECH_s05,93,129,97.3,1.4334900379180908,-0.40697421281346685
TOKYOTECH_s05,93,130,97.33333333333333,1.1241199970245361,-0.599473274372259
TOKYOTECH_s05,93,131,97.36666666666666,0.8549805283546448,-0.7776118708512055
TOKYOTECH_s05,93,132,97.4,0.5784680843353271,-0.935610310637204
TOKYOTECH_s05,93,133,97.43333333333334,0.4033694267272949,-1.0611140240157357
TOKYOTECH_s05,93,134,97.46666666666667,0.4212230145931244,-1.1354911313458138
TOKYOTECH_s05,93,135,97.5,0.503429651260376,-1.1366758975245141
TOKYOTECH_s05,93,136,97.53333333333333,0.41068893671035767,-1.0437129933857816
TOKYOTECH_s05,93,137,97.56666666666666,0.14691892266273499,-0.8427172261456208
TOKYOTECH_s05,93,138,97.6,-0.12065331637859344,-0.5343209453503813
TOKYOTECH_s05,93,139,97.63333333333334,-0.37420982122421265,-0.14090707397534427
TOKYOTECH_s05,93,140,97.66666666666667,-0.6030473709106445,0.29139974526448087
TOKYOTECH_s05,93,141,97.7,-0.8459006547927856,0.7009142326286959
TOKYOTECH_s05,93,142,97.73333333333333,-0.9692195057868958,1.0274958840617034
TOKYOTECH_s05,93,143,97.76666666666667,-0.9267715811729431,1.2305849769427741
TOKYOTECH_s05,93,144,97.8,-0.8991942405700684,1.2993076708172515
TOKYOTECH_s05,93,145,97.83333333333333,-0.9960933923721313,1.2504939617610522
TOKYOTECH_s05,93,146,97.86666666666666,-0.9936178922653198,1.1167494719076205
TOKYOTECH_s05,93,147,97.9,-1.0474547147750854,0.931361217343369
TOKYOTECH_s05,93,148,97.93333333333334,-1.1305785179138184,0.7177765169552868
TOKYOTECH_s05,93,149,97.96666666666667,-0.35582196712493896,0.4879050082587234
TOKYOTECH_s05,93,150,98.0,1.1541727781295776,0.24735008291722005
TOKYOTECH_s05,93,151,98.03333333333333,1.859349250793457,0.0016781154825322034
TOKYOTECH_s05,93,152,98.06666666666666,1.7184172868728638,-0.24082506569418163
TOKYOTECH_s05,93,153,98.1,1.4132144451141357,-0.4701843766994043
TOKYOTECH_s05,93,154,98.13333333333334,1.0814405679702759,-0.6768869156735976
TOKYOTECH_s05,93,155,98.16666666666667,0.7011547088623047,-0.8526338403202617
TOKYOTECH_s05,93,156,98.2,0.3402363061904907,-0.9894611667699631
TOKYOTECH_s05,93,157,98.23333333333333,0.1463579386472702,-1.0787413899266685
TOKYOTECH_s05,93,158,98.26666666666667,0.2899702191352844,-1.1110611317667018
TOKYOTECH_s05,93,159,98.3,0.5030556321144104,-1.0767206035479082
TOKYOTECH_s05,93,160,98.33333333333333,0.4800552427768707,-0.9667043856400602
TOKYOTECH_s05,93,161,98.36666666666666,0.22673024237155914,-0.7751747841108192
TOKYOTECH_s05,93,162,98.4,-0.1399405300617218,-0.5048960955578361
TOKYOTECH_s05,93,163,98.43333333333334,-0.4993273913860321,-0.17431394451295268
TOKYOTECH_s05,93,164,98.46666666666667,-0.7015225887298584,0.17962790477918927
TOKYOTECH_s05,93,165,98.5,-0.7590547800064087,0.5089724483686122
TOKYOTECH_s05,93,166,98.53333333333333,-0.8404688835144043,0.7709017600138682
TOKYOTECH_s05,93,167,98.56666666666666,-0.9534673690795898,0.9427733110724714
TOKYOTECH_s05,93,168,98.6,-0.881536602973938,1.0262028907568763
TOKYOTECH_s05,93,169,98.63333333333334,-0.8927384614944458,1.038253755688369
TOKYOTECH_s05,93,170,98.66666666666667,-1.0242762565612793,0.997206799386341
TOKYOTECH_s05,93,171,98.7,-1.045103907585144,0.9134933519960294
TOKYOTECH_s05,93,172,98.73333333333333,-0.7693573236465454,0.7903623105369437
TOKYOTECH_s05,93,173,98.76666666666667,0.3909030854701996,0.6303714142195773
TOKYOTECH_s05,93,174,98.8,1.4654662609100342,0.4407311963450189
TOKYOTECH_s05,93,175,98.83333333333333,1.602827548980713,0.2334394528094361
TOKYOTECH_s05,93,176,98.86666666666666,1.2891476154327393,0.021101387745712085
TOKYOTECH_s05,93,177,98.9,0.9608197808265686,-0.18746432676575617
TOKYOTECH_s05,93,178,98.93333333333334,0.6067221760749817,-0.3881549692091802
TOKYOTECH_s05,93,179,98.96666666666667,0.2064635306596756,-0.5783999483154362
TOKYOTECH_s05,93,180,99.0,0.03433894366025925,-0.7522956356992084
TOKYOTECH_s05,93,181,99.03333333333333,0.2204703539609909,-0.8974098956195796
TOKYOTECH_s05,93,182,99.06666666666666,0.47305628657341003,-0.9949425824480593
TOKYOTECH_s05,93,183,99.1,0.4890844225883484,-1.0227765107598012
TOKYOTECH_s05,93,184,99.13333333333334,0.2990884482860565,-0.960396836497779
TOKYOTECH_s05,93,185,99.16666666666667,0.015238725580275059,-0.7952941137660481
TOKYOTECH_s05,93,186,99.2,-0.30572509765625,-0.5305157464519907
TOKYOTECH_s05,93,187,99.23333333333333,-0.565986692905426,-0.19103627357173086
TOKYOTECH_s05,93,188,99.26666666666667,-0.7970771193504333,0.1762672321436533
TOKYOTECH_s05,93,189,99.3,-0.8849826455116272,0.5131507676526397
TOKYOTECH_s05,93,190,99.33333333333333,-0.8749027252197266,0.7680960054501941
TOKYOTECH_s05,93,191,99.36666666666666,-0.7934529781341553,0.9123585806768287
TOKYOTECH_s05,93,192,99.4,-0.7758041620254517,0.9450356216849145
TOKYOTECH_s05,93,193,99.43333333333334,-0.9299861192703247,0.8853640442716636
TOKYOTECH_s05,93,194,99.46666666666667,-1.0346766710281372,0.7584659341004298
TOKYOTECH_s05,93,195,99.5,-0.928953230381012,0.5839500967070497
TOKYOTECH_s05,93,196,99.53333333333333,-0.359125554561615,0.37307105828605674
TOKYOTECH_s05,93,197,99.56666666666666,0.9687982201576233,0.13327904658410747
TOKYOTECH_s05,93,198,99.6,1.7636433839797974,-0.12551456145912898
TOKYOTECH_s05,93,199,99.63333333333334,1.7436527013778687,-0.3881265996356503
TOKYOTECH_s05,93,200,99.66666666666667,1.463338017463684,-0.635558968443499
TOKYOTECH_s05,93,201,99.7,1.18580162525177,-0.8477775100618694
TOKYOTECH_s05,93,202,99.73333333333333,0.8990490436553955,-1.0051606589767172
TOKYOTECH_s05,93,203,99.76666666666667,0.5275787115097046,-1.088944622965611
TOKYOTECH_s05,93,204,99.8,0.2645299732685089,-1.0830863649126843
TOKYOTECH_s05,93,205,99.83333333333333,0.32427045702934265,-0.9788936218817849
TOKYOTECH_s05,93,206,99.86666666666666,0.4945340156555176,-0.7801941857041909
TOKYOTECH_s05,93,207,99.9,0.4932517409324646,-0.5047714075854002
TOKYOTECH_s05,93,208,99.93333333333334,0.2760346233844757,-0.18022521325227198
TOKYOTECH_s05,93,209,99.96666666666667,0.00852470938116312,0.16287365301362466
TOKYOTECH_s05,93,210,100.0,-0.3042558431625366,0.4952422389684585
TOKYOTECH_s05,93,211,100.03333333333333,-0.5676251649856567,0.7882369467181666
TOKYOTECH_s05,93,212,100.06666666666666,-0.7014780640602112,1.0126095644449982
TOKYOTECH_s05,93,213,100.1,-0.7678702473640442,1.1432398445105785
TOKYOTECH_s05,93,214,100.13333333333334,-0.7692504525184631,1.1698001774100657
TOKYOTECH_s05,93,215,100.16666666666667,-0.8362570405006409,1.1052388626399978
TOKYOTECH_s05,93,216,100.2,-0.7999799847602844,0.9836119601831739
TOKYOTECH_s05,93,217,100.23333333333333,-0.7877273559570312,0.846090630336423
TOKYOTECH_s05,93,218,100.26666666666667,-0.9072083234786987,0.7227501872235693
TOKYOTECH_s05,93,219,100.3,-0.8796399235725403,0.6212516072405921
TOKYOTECH_s05,93,220,100.33333333333333,-0.15737560391426086,0.5288105847511503
TOKYOTECH_s05,93,221,100.36666666666666,1.1257405281066895,0.4247365070886778
TOKYOTECH_s05,93,222,100.4,1.7169747352600098,0.2941346294254586
TOKYOTECH_s05,93,223,100.43333333333334,1.5777167081832886,0.13404083726506877
TOKYOTECH_s05,93,224,100.46666666666667,1.289744257926941,-0.04920054265754699
TOKYOTECH_s05,93,225,100.5,1.044646978378296,-0.24552111063639737
TOKYOTECH_s05,93,226,100.53333333333333,0.8191130757331848,-0.44386573109989524
TOKYOTECH_s05,93,227,100.56666666666666,0.5076325535774231,-0.6311873388899173
TOKYOTECH_s05,93,228,100.6,0.3057757616043091,-0.7909606137242451
TOKYOTECH_s05,93,229,100.63333333333334,0.29539307951927185,-0.9047572290760544
TOKYOTECH_s05,93,230,100.66666666666667,0.41625428199768066,-0.9572113910255634
TOKYOTECH_s05,93,231,100.7,0.4116951525211334,-0.9413659920236626
TOKYOTECH_s05,93,232,100.73333333333333,0.15235069394111633,-0.8610917054629833
TOKYOTECH_s05,93,233,100.76666666666667,-0.15673448145389557,-0.7298983361196489
TOKYOTECH_s05,93,234,100.8,-0.4343777596950531,-0.5683347027779198
TOKYOTECH_s05,93,235,100.83333333333333,-0.5943654775619507,-0.4018262057174563
TOKYOTECH_s05,93,236,100.86666666666666,-0.8113065361976624,-0.2571378495432397
TOKYOTECH_s05,93,237,100.9,-0.9471718668937683,-0.15469973949018176
TOKYOTECH_s05,93,238,100.93333333333334,-0.8242982625961304,-0.09926426052053988
TOKYOTECH_s05,93,239,100.96666666666667,-0.8067830204963684,-0.07609837360082207
TOKYOTECH_s05,94,0,94.0,1.4259835481643677,-0.08500814922360427
TOKYOTECH_s05,94,1,94.03333333333333,1.9621965885162354,-1.570049008461339
TOKYOTECH_s05,94,2,94.06666666666666,1.7418361902236938,-2.8334525654582947
TOKYOTECH_s05,94,3,94.1,1.395423173904419,-3.7123926793753466
TOKYOTECH_s05,94,4,94.13333333333334,1.0452880859375,-4.141778956302195
TOKYOTECH_s05,94,5,94.16666666666667,0.7481261491775513,-4.158588315362316
TOKYOTECH_s05,94,6,94.2,0.4885501563549042,-3.8716162946650945
TOKYOTECH_s05,94,7,94.23333333333333,0.36772456765174866,-3.415045406366567
TOKYOTECH_s05,94,8,94.26666666666667,0.45856860280036926,-2.9072945605316614
TOKYOTECH_s05,94,9,94.3,0.5577917695045471,-2.4268774117544245
TOKYOTECH_s05,94,10,94.33333333333333,0.416120707988739,-2.006039240728395
TOKYOTECH_s05,94,11,94.36666666666666,0.106465645134449,-1.6371631954848542
TOKYOTECH_s05,94,12,94.4,-0.15425902605056763,-1.2867834804934055
TOKYOTECH_s05,94,13,94.43333333333334,-0.4614386260509491,-0.913864042596754
TOKYOTECH_s05,94,14,94.46666666666667,-0.7608356475830078,-0.48900017052130096
TOKYOTECH_s05,94,15,94.5,-0.892221987247467,-0.009240003963949493
TOKYOTECH_s05,94,16,94.53333333333333,-0.9143675565719604,0.4979000997654123
TOKYOTECH_s05,94,17,94.56666666666666,-0.965719997882843,0.9843041473967874
TOKYOTECH_s05,94,18,94.6,-1.0139291286468506,1.400223513718631
TOKYOTECH_s05,94,19,94.63333333333334,-0.9700654149055481,1.711741582132449
TOKYOTECH_s05,94,20,94.66666666666667,-1.0514349937438965,1.9080852324166324
TOKYOTECH_s05,94,21,94.7,-1.1765881776809692,1.9974817722149587
TOKYOTECH_s05,94,22,94.73333333333333,-1.2029812335968018,1.9969144438814896
TOKYOTECH_s05,94,23,94.76666666666667,-1.0242139101028442,1.923000740064782
TOKYOTECH_s05,94,24,94.8,0.200337216258049,1.7879663881356975
TOKYOTECH_s05,94,25,94.83333333333333,1.6315891742706299,1.59999677108438
TOKYOTECH_s05,94,26,94.86666666666666,1.9657138586044312,1.3651008623099286
TOKYOTECH_s05,94,27,94.9,1.6326932907104492,1.0885927036428933
TOKYOTECH_s05,94,28,94.93333333333334,1.226272702217102,0.7764249424358601
TOKYOTECH_s05,94,29,94.96666666666667,0.9085769057273865,0.4373015224145489
TOKYOTECH_s05,94,30,95.0,0.5867760181427002,0.0849104873044178
TOKYOTECH_s05,94,31,95.03333333333333,0.2893112897872925,-0.2617213280898085
TOKYOTECH_s05,94,32,95.06666666666666,0.26480600237846375,-0.5805462275251974
TOKYOTECH_s05,94,33,95.1,0.4740179777145386,-0.8499720519441094
TOKYOTECH_s05,94,34,95.13333333333334,0.6406484246253967,-1.0511960131649887
TOKYOTECH_s05,94,35,95.16666666666667,0.49706289172172546,-1.1685874651658277
TOKYOTECH_s05,94,36,95.2,0.1554850935935974,-1.1898291569236212
TOKYOTECH_s05,94,37,95.23333333333333,-0.21700924634933472,-1.108482708399732
TOKYOTECH_s05,94,38,95.26666666666667,-0.4821416437625885,-0.9295026422822005
TOKYOTECH_s05,94,39,95.3,-0.6345961093902588,-0.6744954222318583
TOKYOTECH_s05,94,40,95.33333333333333,-0.7504618763923645,-0.3814220777853912
TOKYOTECH_s05,94,41,95.36666666666666,-0.8800673484802246,-0.0958164737367111
TOKYOTECH_s05,94,42,95.4,-0.963600754737854,0.14313096433047395
TOKYOTECH_s05,94,43,95.43333333333334,-0.8715011477470398,0.3137783483036023
TOKYOTECH_s05,94,44,95.46666666666667,-0.8497651815414429,0.4145964094430257
TOKYOTECH_s05,94,45,95.5,-0.9700921177864075,0.45824757034319097
TOKYOTECH_s05,94,46,95.53333333333333,-1.0920753479003906,0.46230780397490867
TOKYOTECH_s05,94,47,95.56666666666666,-0.8307807445526123,0.4422751924413237
TOKYOTECH_s05,94,48,95.6,0.3524444103240967,0.4088195643523046
TOKYOTECH_s05,94,49,95.63333333333334,1.4962491989135742,0.3674016206366648
TOKYOTECH_s05,94,50,95.66666666666667,1.7120860815048218,0.3180237289987518
TOKYOTECH_s05,94,51,95.7,1.3726632595062256,0.25507390611989184
TOKYOTECH_s05,94,52,95.73333333333333,0.9287634491920471,0.16899162517495983
TOKYOTECH_s05,94,53,95.76666666666667,0.51605623960495,0.050945824350864165
TOKYOTECH_s05,94,54,95.8,0.15011565387248993,-0.10086420980919635
TOKYOTECH_s05,94,55,95.83333333333333,-0.09749263525009155,-0.2767698908143757
TOKYOTECH_s05,94,56,95.86666666666666,-0.016229886561632156,-0.45591108855140194
TOKYOTECH_s05,94,57,95.9,0.24396049976348877,-0.611225303843981
TOKYOTECH_s05,94,58,95.93333333333334,0.3896297216415405,-0.7163178755231884
TOKYOTECH_s05,94,59,95.96666666666667,0.23632042109966278,-0.7509650093331803
TOKYOTECH_s05,94,60,96.0,-0.03030794858932495,-0.7043366154233887
TOKYOTECH_s05,94,61,96.03333333333333,-0.39847469329833984,-0.5771123442563543
TOKYOTECH_s05,94,62,96.06666666666666,-0.6873554587364197,-0.38295816241113567
TOKYOTECH_s05,94,63,96.1,-0.8057501316070557,-0.14782989487727782
TOKYOTECH_s05,94,64,96.13333333333334,-0.8964694738388062,0.09483973754275976
TOKYOTECH_s05,94,65,96.16666666666667,-0.9909732341766357,0.31281283399553095
TOKYOTECH_s05,94,66,96.2,-0.9969125986099243,0.4839167615549938
TOKYOTECH_s05,94,67,96.23333333333333,-0.9045013785362244,0.6002434384699156
TOKYOTECH_s05,94,68,96.26666666666667,-0.9449813365936279,0.6656831457979842
TOKYOTECH_s05,94,69,96.3,-1.0941767692565918,0.689220241174472
TOKYOTECH_s05,94,70,96.33333333333333,-1.0040628910064697,0.6786197037116147
TOKYOTECH_s05,94,71,96.36666666666666,-0.15847086906433105,0.6378087516561594
TOKYOTECH_s05,94,72,96.4,1.2216780185699463,0.5677607857417034
TOKYOTECH_s05,94,73,96.43333333333334,1.8626083135604858,0.46820799642070055
TOKYOTECH_s05,94,74,96.46666666666667,1.7302513122558594,0.3381849763972441
TOKYOTECH_s05,94,75,96.5,1.4215757846832275,0.17590042865005384
TOKYOTECH_s05,94,76,96.53333333333333,1.122810959815979,-0.020005639392494914
TOKYOTECH_s05,94,77,96.56666666666666,0.8140285611152649,-0.2466863618921967
TOKYOTECH_s05,94,78,96.6,0.5132067799568176,-0.49243155161488583
TOKYOTECH_s05,94,79,96.63333333333334,0.290531188249588,-0.7344649040406186
TOKYOTECH_s05,94,80,96.66666666666667,0.3061942756175995,-0.9411235923290595
TOKYOTECH_s05,94,81,96.7,0.4738309681415558,-1.0775160419071483
TOKYOTECH_s05,94,82,96.73333333333333,0.5126368999481201,-1.1122864947743722
TOKYOTECH_s05,94,83,96.76666666666667,0.30817997455596924,-1.0238979357748426
TOKYOTECH_s05,94,84,96.8,-0.07299627363681793,-0.8065622021008618
TOKYOTECH_s05,94,85,96.83333333333333,-0.41925784945487976,-0.4757123293711636
TOKYOTECH_s05,94,86,96.86666666666666,-0.633598804473877,-0.07007366283938195
TOKYOTECH_s05,94,87,96.9,-0.7657598853111267,0.35365749254592865
TOKYOTECH_s05,94,88,96.93333333333334,-0.8965585231781006,0.7335941719730054
TOKYOTECH_s05,94,89,96.96666666666667,-0.9464951157569885,1.0179170707714964
TOKYOTECH_s05,94,90,97.0,-0.8773959875106812,1.176444376338967
TOKYOTECH_s05,94,91,97.03333333333333,-0.8838873505592346,1.2047580263686068
TOKYOTECH_s05,94,92,97.06666666666666,-0.9448745250701904,1.1204635231324582
TOKYOTECH_s05,94,93,97.1,-0.9660583734512329,0.9540412232872171
TOKYOTECH_s05,94,94,97.13333333333334,-0.9466820955276489,0.7384991434974916
TOKYOTECH_s05,94,95,97.16666666666667,-0.2064840942621231,0.5017444005386886
TOKYOTECH_s05,94,96,97.2,1.260759949684143,0.26326165218857933
TOKYOTECH_s05,94,97,97.23333333333333,1.9192678928375244,0.03416204516341573
TOKYOTECH_s05,94,98,97.26666666666667,1.7537058591842651,-0.18121211130740375
TOKYOTECH_s05,94,99,97.3,1.4334900379180908,-0.3831278948838558
TOKYOTECH_s05,94,100,97.33333333333333,1.1241199970245361,-0.573516129159964
TOKYOTECH_s05,94,101,97.36666666666666,0.8549805283546448,-0.7519543059621785
TOKYOTECH_s05,94,102,97.4,0.5784680843353271,-0.9117618329508521
TOKYOTECH_s05,94,103,97.43333333333334,0.4033694267272949,-1.0384406981319254
TOKYOTECH_s05,94,104,97.46666666666667,0.4212230145931244,-1.1116540851704082
TOKYOTECH_s05,94,105,97.5,0.503429651260376,-1.1098713751225517
TOKYOTECH_s05,94,106,97.53333333333333,0.41068893671035767,-1.0157374780998039
TOKYOTECH_s05,94,107,97.56666666666666,0.14691892266273499,-0.8209364786835592
TOKYOTECH_s05,94,108,97.6,-0.12065331637859344,-0.5307720153748061
TOKYOTECH_s05,94,109,97.63333333333334,-0.37420982122421265,-0.16818105168485892
TOKYOTECH_s05,94,110,97.66666666666667,-0.6030473709106445,0.22600167060481627
TOKYOTECH_s05,94,111,97.7,-0.8459006547927856,0.6002550952039449
TOKYOTECH_s05,94,112,97.73333333333333,-0.9692195057868958,0.9059147220593208
TOKYOTECH_s05,94,113,97.76666666666667,-0.9267715811729431,1.1104816813692635
TOKYOTECH_s05,94,114,97.8,-0.8991942405700684,1.203978775755038
TOKYOTECH_s05,94,115,97.83333333333333,-0.9960933923721313,1.1960856652823322
TOKYOTECH_s05,94,116,97.86666666666666,-0.9936178922653198,1.1068796283586577
TOKYOTECH_s05,94,117,97.9,-1.0474547147750854,0.9569011267082705
TOKYOTECH_s05,94,118,97.93333333333334,-1.1305785179138184,0.7617477126090392
TOKYOTECH_s05,94,119,97.96666666666667,-0.35582196712493896,0.5327961468801745
TOKYOTECH_s05,94,120,98.0,1.1541727781295776,0.28112100015219504
TOKYOTECH_s05,94,121,98.03333333333333,1.859349250793457,0.01989765057440609
TOKYOTECH_s05,94,122,98.06666666666666,1.7184172868728638,-0.2367904550998093
TOKYOTECH_s05,94,123,98.1,1.4132144451141357,-0.47689636059106605
TOKYOTECH_s05,94,124,98.13333333333334,1.0814405679702759,-0.6919416410180161
TOKYOTECH_s05,94,125,98.16666666666667,0.7011547088623047,-0.8756512864520223
TOKYOTECH_s05,94,126,98.2,0.3402363061904907,-1.0208873629972304
TOKYOTECH_s05,94,127,98.23333333333333,0.1463579386472702,-1.1174141609972728
TOKYOTECH_s05,94,128,98.26666666666667,0.2899702191352844,-1.1520440539116106
TOKYOTECH_s05,94,129,98.3,0.5030556321144104,-1.1109336681817126
TOKYOTECH_s05,94,130,98.33333333333333,0.4800552427768707,-0.9831408684823307
TOKYOTECH_s05,94,131,98.36666666666666,0.22673024237155914,-0.765096383183697
TOKYOTECH_s05,94,132,98.4,-0.1399405300617218,-0.46599773959361607
TOKYOTECH_s05,94,133,98.43333333333334,-0.4993273913860321,-0.11244569699259399
TOKYOTECH_s05,94,134,98.46666666666667,-0.7015225887298584,0.25237974822568027
TOKYOTECH_s05,94,135,98.5,-0.7590547800064087,0.5789310200189853
TOKYOTECH_s05,94,136,98.53333333333333,-0.8404688835144043,0.8278573267738158
TOKYOTECH_s05,94,137,98.56666666666666,-0.9534673690795898,0.983228814418022
TOKYOTECH_s05,94,138,98.6,-0.881536602973938,1.053679577373171
TOKYOTECH_s05,94,139,98.63333333333334,-0.8927384614944458,1.060868967526762
TOKYOTECH_s05,94,140,98.66666666666667,-1.0242762565612793,1.0238001781309873
TOKYOTECH_s05,94,141,98.7,-1.045103907585144,0.949953044016809
TOKYOTECH_s05,94,142,98.73333333333333,-0.7693573236465454,0.8373184499648744
TOKYOTECH_s05,94,143,98.76666666666667,0.3909030854701996,0.6825385025179915
TOKYOTECH_s05,94,144,98.8,1.4654662609100342,0.48766609685632667
TOKYOTECH_s05,94,145,98.83333333333333,1.602827548980713,0.26152414118421724
TOKYOTECH_s05,94,146,98.86666666666666,1.2891476154327393,0.01666608856185095
TOKYOTECH_s05,94,147,98.9,0.9608197808265686,-0.23422552531991359
TOKYOTECH_s05,94,148,98.93333333333334,0.6067221760749817,-0.47941019443957467
TOKYOTECH_s05,94,149,98.96666666666667,0.2064635306596756,-0.7064352765845189
TOKYOTECH_s05,94,150,99.0,0.03433894366025925,-0.90000891570759
TOKYOTECH_s05,94,151,99.03333333333333,0.2204703539609909,-1.0419002757950948
TOKYOTECH_s05,94,152,99.06666666666666,0.47305628657341003,-1.1134686956789197
TOKYOTECH_s05,94,153,99.1,0.4890844225883484,-1.0994633249416317
TOKYOTECH_s05,94,154,99.13333333333334,0.2990884482860565,-0.9915909438658133
TOKYOTECH_s05,94,155,99.16666666666667,0.015238725580275059,-0.7915710590697
TOKYOTECH_s05,94,156,99.2,-0.30572509765625,-0.5141451453952296
TOKYOTECH_s05,94,157,99.23333333333333,-0.565986692905426,-0.18908252371468762
TOKYOTECH_s05,94,158,99.26666666666667,-0.7970771193504333,0.1414764281593022
TOKYOTECH_s05,94,159,99.3,-0.8849826455116272,0.4331867007434799
TOKYOTECH_s05,94,160,99.33333333333333,-0.8749027252197266,0.6537314821535227
TOKYOTECH_s05,94,161,99.36666666666666,-0.7934529781341553,0.7923775621485427
TOKYOTECH_s05,94,162,99.4,-0.7758041620254517,0.8583078031524722
TOKYOTECH_s05,94,163,99.43333333333334,-0.9299861192703247,0.8689029431786311
TOKYOTECH_s05,94,164,99.46666666666667,-1.0346766710281372,0.8360046504966329
TOKYOTECH_s05,94,165,99.5,-0.928953230381012,0.7592408119271732
TOKYOTECH_s05,94,166,99.53333333333333,-0.359125554561615,0.6299556481981492
TOKYOTECH_s05,94,167,99.56666666666666,0.9687982201576233,0.4417323955089467
TOKYOTECH_s05,94,168,99.6,1.7636433839797974,0.19963432588374933
TOKYOTECH_s05,94,169,99.63333333333334,1.7436527013778687,-0.07762008031731583
TOKYOTECH_s05,94,170,99.66666666666667,1.463338017463684,-0.36226108390943
TOKYOTECH_s05,94,171,99.7,1.18580162525177,-0.6239002912964575
TOKYOTECH_s05,94,172,99.73333333333333,0.8990490436553955,-0.8335083840492045
TOKYOTECH_s05,94,173,99.76666666666667,0.5275787115097046,-0.9648598755466391
TOKYOTECH_s05,94,174,99.8,0.2645299732685089,-0.9966312293030252
TOKYOTECH_s05,94,175,99.83333333333333,0.32427045702934265,-0.9175636909549489
TOKYOTECH_s05,94,176,99.86666666666666,0.4945340156555176,-0.7327445570958194
TOKYOTECH_s05,94,177,99.9,0.4932517409324646,-0.465851015751405
TOKYOTECH_s05,94,178,99.93333333333334,0.2760346233844757,-0.15409401530043876
TOKYOTECH_s05,94,179,99.96666666666667,0.00852470938116312,0.16199170551254014
TOKYOTECH_s05,94,180,100.0,-0.3042558431625366,0.44763157129224596
TOKYOTECH_s05,94,181,100.03333333333333,-0.5676251649856567,0.6769625199736501
TOKYOTECH_s05,94,182,100.06666666666666,-0.7014780640602112,0.8320287908529851
TOKYOTECH_s05,94,183,100.1,-0.7678702473640442,0.9033498752082034
TOKYOTECH_s05,94,184,100.13333333333334,-0.7692504525184631,0.8937465326283626
TOKYOTECH_s05,94,185,100.16666666666667,-0.8362570405006409,0.8207450851390373
TOKYOTECH_s05,94,186,100.2,-0.7999799847602844,0.7121147750398885
TOKYOTECH_s05,94,187,100.23333333333333,-0.7877273559570312,0.594385530040304
TOKYOTECH_s05,94,188,100.26666666666667,-0.9072083234786987,0.4807198171008744
TOKYOTECH_s05,94,189,100.3,-0.8796399235725403,0.3665029586208123
TOKYOTECH_s05,94,190,100.33333333333333,-0.15737560391426086,0.23604390040417844
TOKYOTECH_s05,94,191,100.36666666666666,1.1257405281066895,0.07577044932446889
TOKYOTECH_s05,94,192,100.4,1.7169747352600098,-0.11539828807234287
TOKYOTECH_s05,94,193,100.43333333333334,1.5777167081832886,-0.3253487688346506
TOKYOTECH_s05,94,194,100.46666666666667,1.289744257926941,-0.5363786995961013
TOKYOTECH_s05,94,195,100.5,1.044646978378296,-0.7333407070341272
TOKYOTECH_s05,94,196,100.53333333333333,0.8191130757331848,-0.9058700869387026
TOKYOTECH_s05,94,197,100.56666666666666,0.5076325535774231,-1.0445751172317013
TOKYOTECH_s05,94,198,100.6,0.3057757616043091,-1.1361347355067357
TOKYOTECH_s05,94,199,100.63333333333334,0.29539307951927185,-1.1626166290216446
TOKYOTECH_s05,94,200,100.66666666666667,0.41625428199768066,-1.1063922502009893
TOKYOTECH_s05,94,201,100.7,0.4116951525211334,-0.9574563336052252
TOKYOTECH_s05,94,202,100.73333333333333,0.15235069394111633,-0.7185350334447147
TOKYOTECH_s05,94,203,100.76666666666667,-0.15673448145389557,-0.4058132166507528
TOKYOTECH_s05,94,204,100.8,-0.4343777596950531,-0.046962673139684386
TOKYOTECH_s05,94,205,100.83333333333333,-0.5943654775619507,0.3211110158324076
TOKYOTECH_s05,94,206,100.86666666666666,-0.8113065361976624,0.6559658249119008
TOKYOTECH_s05,94,207,100.9,-0.9471718668937683,0.9177648731440725
TOKYOTECH_s05,94,208,100.93333333333334,-0.8242982625961304,1.0805248205294158
TOKYOTECH_s05,94,209,100.96666666666667,-0.8067830204963684,1.140029784709344
TOKYOTECH_s05,94,210,101.0,-0.9218741059303284,1.1128469252674378
TOKYOTECH_s05,94,211,101.03333333333333,-0.922105610370636,1.0266869019040081
TOKYOTECH_s05,94,212,101.06666666666666,-0.9760760068893433,0.9078861725692661
TOKYOTECH_s05,94,213,101.1,-0.8056432604789734,0.7730095796665002
TOKYOTECH_s05,94,214,101.13333333333334,0.33585527539253235,0.6277752664011164
TOKYOTECH_s05,94,215,101.16666666666667,1.4326618909835815,0.47119095211838286
TOKYOTECH_s05,94,216,101.2,1.573068618774414,0.30023951469757426
TOKYOTECH_s05,94,217,101.23333333333333,1.28203284740448,0.11204898010585013
TOKYOTECH_s05,94,218,101.26666666666667,0.9794925451278687,-0.09556259813612031
TOKYOTECH_s05,94,219,101.3,0.6195269227027893,-0.3219780736144954
TOKYOTECH_s05,94,220,101.33333333333333,0.24746888875961304,-0.5588372723593041
TOKYOTECH_s05,94,221,101.36666666666666,0.06840767711400986,-0.7851485005608704
TOKYOTECH_s05,94,222,101.4,0.2206929624080658,-0.9677000270329175
TOKYOTECH_s05,94,223,101.43333333333334,0.4138856530189514,-1.0697655934404366
TOKYOTECH_s05,94,224,101.46666666666667,0.3690691590309143,-1.0649951552380739
TOKYOTECH_s05,94,225,101.5,0.13585059344768524,-0.9486442709962325
TOKYOTECH_s05,94,226,101.53333333333333,-0.20883488655090332,-0.7394928183002166
TOKYOTECH_s05,94,227,101.56666666666666,-0.5279287695884705,-0.47193301892816425
TOKYOTECH_s05,94,228,101.6,-0.7392867207527161,-0.18405418595685538
TOKYOTECH_s05,94,229,101.63333333333334,-0.7997395396232605,0.09101764920058046
TOKYOTECH_s05,94,230,101.66666666666667,-0.9015717506408691,0.32797419492430063
TOKYOTECH_s05,94,231,101.7,-0.9565216302871704,0.5091818369525124
TOKYOTECH_s05,94,232,101.73333333333333,-0.9951850771903992,0.624918131527358
TOKYOTECH_s05,94,233,101.76666666666667,-0.9740457534790039,0.6743886864255687
TOKYOTECH_s05,94,234,101.8,-0.9373946785926819,0.6655570672528317
TOKYOTECH_s05,94,235,101.83333333333333,-0.49499088525772095,0.6121767536597638
TOKYOTECH_s05,94,236,101.86666666666666,0.6718588471412659,0.5289041379806875
TOKYOTECH_s05,94,237,101.9,1.5448590517044067,0.42717124464108613
TOKYOTECH_s05,94,238,101.93333333333334,1.5527395009994507,0.3136256657823424
TOKYOTECH_s05,94,239,101.96666666666667,1.2107610702514648,0.19097056999353665
TOKYOTECH_s05,95,0,95.0,0.5867760181427002,-0.006954242885716893
TOKYOTECH_s05,95,1,95.03333333333333,0.2893112897872925,-1.5762922036782663
TOKYOTECH_s05,95,2,95.06666666666666,0.26480600237846375,-2.921814985537927
TOKYOTECH_s05,95,3,95.1,0.4740179777145386,-3.871895704903053
TOKYOTECH_s05,95,4,95.13333333333334,0.6406484246253967,-4.342420483798807
TOKYOTECH_s05,95,5,95.16666666666667,0.49706289172172546,-4.343218616323522
TOKYOTECH_s05,95,6,95.2,0.1554850935935974,-3.955819344663638
TOKYOTECH_s05,95,7,95.23333333333333,-0.21700924634933472,-3.2988488276678636
TOKYOTECH_s05,95,8,95.26666666666667,-0.4821416437625885,-2.498204831500333
TOKYOTECH_s05,95,9,95.3,-0.6345961093902588,-1.6684938242344451
TOKYOTECH_s05,95,10,95.33333333333333,-0.7504618763923645,-0.9026400271560668
TOKYOTECH_s05,95,11,95.36666666666666,-0.8800673484802246,-0.26453161323496904
TOKYOTECH_s05,95,12,95.4,-0.963600754737854,0.21597484098345116
TOKYOTECH_s05,95,13,95.43333333333334,-0.8715011477470398,0.5421254849597028
TOKYOTECH_s05,95,14,95.46666666666667,-0.8497651815414429,0.7412551143441526
TOKYOTECH_s05,95,15,95.5,-0.9700921177864075,0.85045012249995
TOKYOTECH_s05,95,16,95.53333333333333,-1.0920753479003906,0.9029319593962934
TOKYOTECH_s05,95,17,95.56666666666666,-0.8307807445526123,0.9204357442119742
TOKYOTECH_s05,95,18,95.6,0.3524444103240967,0.9128521714006426
TOKYOTECH_s05,95,19,95.63333333333334,1.4962491989135742,0.8823992335999323
TOKYOTECH_s05,95,20,95.66666666666667,1.7120860815048218,0.828424328180829
TOKYOTECH_s05,95,21,95.7,1.3726632595062256,0.750410345712531
TOKYOTECH_s05,95,22,95.73333333333333,0.9287634491920471,0.6490052797146104
TOKYOTECH_s05,95,23,95.76666666666667,0.51605623960495,0.5263324172595206
TOKYOTECH_s05,95,24,95.8,0.15011565387248993,0.386764010200356
TOKYOTECH_s05,95,25,95.83333333333333,-0.09749263525009155,0.23814002488661012
TOKYOTECH_s05,95,26,95.86666666666666,-0.016229886561632156,0.09225764926998954
TOKYOTECH_s05,95,27,95.9,0.24396049976348877,-0.03628977472487775
TOKYOTECH_s05,95,28,95.93333333333334,0.3896297216415405,-0.13221022737192975
TOKYOTECH_s05,95,29,95.96666666666667,0.23632042109966278,-0.1812259289218608
TOKYOTECH_s05,95,30,96.0,-0.03030794858932495,-0.17180638398437756
TOKYOTECH_s05,95,31,96.03333333333333,-0.39847469329833984,-0.09856591855025294
TOKYOTECH_s05,95,32,96.06666666666666,-0.6873554587364197,0.03286043094500206
TOKYOTECH_s05,95,33,96.1,-0.8057501316070557,0.20261617044681318
TOKYOTECH_s05,95,34,96.13333333333334,-0.8964694738388062,0.37891566759846596
TOKYOTECH_s05,95,35,96.16666666666667,-0.9909732341766357,0.5267569638378654
TOKYOTECH_s05,95,36,96.2,-0.9969125986099243,0.6192098687413167
TOKYOTECH_s05,95,37,96.23333333333333,-0.9045013785362244,0.6449465648212355
TOKYOTECH_s05,95,38,96.26666666666667,-0.9449813365936279,0.6081550936218595
TOKYOTECH_s05,95,39,96.3,-1.0941767692565918,0.5221446659960585
TOKYOTECH_s05,95,40,96.33333333333333,-1.0040628910064697,0.4016138358117621
TOKYOTECH_s05,95,41,96.36666666666666,-0.15847086906433105,0.2583044174663488
TOKYOTECH_s05,95,42,96.4,1.2216780185699463,0.10111219635168395
TOKYOTECH_s05,95,43,96.43333333333334,1.8626083135604858,-0.061918216408240946
TOKYOTECH_s05,95,44,96.46666666666667,1.7302513122558594,-0.22283416956879767
TOKYOTECH_s05,95,45,96.5,1.4215757846832275,-0.375109048316803
TOKYOTECH_s05,95,46,96.53333333333333,1.122810959815979,-0.5152711971033375
TOKYOTECH_s05,95,47,96.56666666666666,0.8140285611152649,-0.6424496781884405
TOKYOTECH_s05,95,48,96.6,0.5132067799568176,-0.755550675330792
TOKYOTECH_s05,95,49,96.63333333333334,0.290531188249588,-0.8501022170328698
TOKYOTECH_s05,95,50,96.66666666666667,0.3061942756175995,-0.9168639501930089
TOKYOTECH_s05,95,51,96.7,0.4738309681415558,-0.9425209989005037
TOKYOTECH_s05,95,52,96.73333333333333,0.5126368999481201,-0.9112971635268171
TOKYOTECH_s05,95,53,96.76666666666667,0.30817997455596924,-0.8070400661010502
TOKYOTECH_s05,95,54,96.8,-0.07299627363681793,-0.6176258217058128
TOKYOTECH_s05,95,55,96.83333333333333,-0.41925784945487976,-0.3430512109651187
TOKYOTECH_s05,95,56,96.86666666666666,-0.633598804473877,-0.00359293321046281
TOKYOTECH_s05,95,57,96.9,-0.7657598853111267,0.35894814553384036
TOKYOTECH_s05,95,58,96.93333333333334,-0.8965585231781006,0.6902649247952717
TOKYOTECH_s05,95,59,96.96666666666667,-0.9464951157569885,0.9393498458069717
TOKYOTECH_s05,95,60,97.0,-0.8773959875106812,1.0739126564365835
TOKYOTECH_s05,95,61,97.03333333333333,-0.8838873505592346,1.088791833514662
TOKYOTECH_s05,95,62,97.06666666666666,-0.9448745250701904,1.0039145503324567
TOKYOTECH_s05,95,63,97.1,-0.9660583734512329,0.8531101483519523
TOKYOTECH_s05,95,64,97.13333333333334,-0.9466820955276489,0.6697551406385586
TOKYOTECH_s05,95,65,97.16666666666667,-0.2064840942621231,0.47648218099187517
TOKYOTECH_s05,95,66,97.2,1.260759949684143,0.2825685418223658
TOKYOTECH_s05,95,67,97.23333333333333,1.9192678928375244,0.08752358294828333
TOKYOTECH_s05,95,68,97.26666666666667,1.7537058591842651,-0.1130291071286853
TOKYOTECH_s05,95,69,97.3,1.4334900379180908,-0.32223781712635624
TOKYOTECH_s05,95,70,97.33333333333333,1.1241199970245361,-0.5385169386762956
TOKYOTECH_s05,95,71,97.36666666666666,0.8549805283546448,-0.7532032652060688
TOKYOTECH_s05,95,72,97.4,0.5784680843353271,-0.949502252363247
TOKYOTECH_s05,95,73,97.43333333333334,0.4033694267272949,-1.1036295633307192
TOKYOTECH_s05,95,74,97.46666666666667,0.4212230145931244,-1.1883840352932602
TOKYOTECH_s05,95,75,97.5,0.503429651260376,-1.178190784624898
TOKYOTECH_s05,95,76,97.53333333333333,0.41068893671035767,-1.0544466183310848
TOKYOTECH_s05,95,77,97.56666666666666,0.14691892266273499,-0.8106727985765751
TOKYOTECH_s05,95,78,97.6,-0.12065331637859344,-0.4573820688080759
TOKYOTECH_s05,95,79,97.63333333333334,-0.37420982122421265,-0.0255533386368628
TOKYOTECH_s05,95,80,97.66666666666667,-0.6030473709106445,0.43432782101111733
TOKYOTECH_s05,95,81,97.7,-0.8459006547927856,0.8605225315506777
TOKYOTECH_s05,95,82,97.73333333333333,-0.9692195057868958,1.1945026129053573
TOKYOTECH_s05,95,83,97.76666666666667,-0.9267715811729431,1.3960242884454923
TOKYOTECH_s05,95,84,97.8,-0.8991942405700684,1.4521647663641455
TOKYOTECH_s05,95,85,97.83333333333333,-0.9960933923721313,1.3766365220469572
TOKYOTECH_s05,95,86,97.86666666666666,-0.9936178922653198,1.2005876341656152
TOKYOTECH_s05,95,87,97.9,-1.0474547147750854,0.9600740290248727
TOKYOTECH_s05,95,88,97.93333333333334,-1.1305785179138184,0.6862481964317674
TOKYOTECH_s05,95,89,97.96666666666667,-0.35582196712493896,0.4016660643599913
TOKYOTECH_s05,95,90,98.0,1.1541727781295776,0.12169672108021429
TOKYOTECH_s05,95,91,98.03333333333333,1.859349250793457,-0.1427724894105592
TOKYOTECH_s05,95,92,98.06666666666666,1.7184172868728638,-0.38420734785334504
TOKYOTECH_s05,95,93,98.1,1.4132144451141357,-0.5987270088372811
TOKYOTECH_s05,95,94,98.13333333333334,1.0814405679702759,-0.7856611910454068
TOKYOTECH_s05,95,95,98.16666666666667,0.7011547088623047,-0.944831642442943
TOKYOTECH_s05,95,96,98.2,0.3402363061904907,-1.07265783542399
TOKYOTECH_s05,95,97,98.23333333333333,0.1463579386472702,-1.1598318956420501
TOKYOTECH_s05,95,98,98.26666666666667,0.2899702191352844,-1.1920287802931009
TOKYOTECH_s05,95,99,98.3,0.5030556321144104,-1.1529315817542385
TOKYOTECH_s05,95,100,98.33333333333333,0.4800552427768707,-1.0283971243203516
TOKYOTECH_s05,95,101,98.36666666666666,0.22673024237155914,-0.8115628570439102
TOKYOTECH_s05,95,102,98.4,-0.1399405300617218,-0.5090731412152432
TOKYOTECH_s05,95,103,98.43333333333334,-0.4993273913860321,-0.14659771713443867
TOKYOTECH_s05,95,104,98.46666666666667,-0.7015225887298584,0.23145887301375562
TOKYOTECH_s05,95,105,98.5,-0.7590547800064087,0.5723288400911295
TOKYOTECH_s05,95,106,98.53333333333333,-0.8404688835144043,0.8323246593536173
TOKYOTECH_s05,95,107,98.56666666666666,-0.9534673690795898,0.9914127507951498
TOKYOTECH_s05,95,108,98.6,-0.881536602973938,1.0558771621437313
TOKYOTECH_s05,95,109,98.63333333333334,-0.8927384614944458,1.0480646480625808
TOKYOTECH_s05,95,110,98.66666666666667,-1.0242762565612793,0.9910569293305752
TOKYOTECH_s05,95,111,98.7,-1.045103907585144,0.8986647927488077
TOKYOTECH_s05,95,112,98.73333333333333,-0.7693573236465454,0.775156534408191
TOKYOTECH_s05,95,113,98.76666666666667,0.3909030854701996,0.6211075303075068
TOKYOTECH_s05,95,114,98.8,1.4654662609100342,0.4390223972939452
TOKYOTECH_s05,95,115,98.83333333333333,1.602827548980713,0.23503328040409976
TOKYOTECH_s05,95,116,98.86666666666666,1.2891476154327393,0.017129682048315865
TOKYOTECH_s05,95,117,98.9,0.9608197808265686,-0.2070638056953354
TOKYOTECH_s05,95,118,98.93333333333334,0.6067221760749817,-0.4302617843995959
TOKYOTECH_s05,95,119,98.96666666666667,0.2064635306596756,-0.6430029207544596
TOKYOTECH_s05,95,120,99.0,0.03433894366025925,-0.8309550423219784
TOKYOTECH_s05,95,121,99.03333333333333,0.2204703539609909,-0.9747990906176048
TOKYOTECH_s05,95,122,99.06666666666666,0.47305628657341003,-1.0533043137699607
TOKYOTECH_s05,95,123,99.1,0.4890844225883484,-1.0478449089384396
TOKYOTECH_s05,95,124,99.13333333333334,0.2990884482860565,-0.9464448117402161
TOKYOTECH_s05,95,125,99.16666666666667,0.015238725580275059,-0.7470907312648567
TOKYOTECH_s05,95,126,99.2,-0.30572509765625,-0.46128668510948384
TOKYOTECH_s05,95,127,99.23333333333333,-0.565986692905426,-0.11727141431618492
TOKYOTECH_s05,95,128,99.26666666666667,-0.7970771193504333,0.24123801646444915
TOKYOTECH_s05,95,129,99.3,-0.8849826455116272,0.5646598731474122
TOKYOTECH_s05,95,130,99.33333333333333,-0.8749027252197266,0.8126038134725736
TOKYOTECH_s05,95,131,99.36666666666666,-0.7934529781341553,0.9653598766267251
TOKYOTECH_s05,95,132,99.4,-0.7758041620254517,1.0248020702199767
TOKYOTECH_s05,95,133,99.43333333333334,-0.9299861192703247,1.0052737234697051
TOKYOTECH_s05,95,134,99.46666666666667,-1.0346766710281372,0.9213489965813152
TOKYOTECH_s05,95,135,99.5,-0.928953230381012,0.7804350766909008
TOKYOTECH_s05,95,136,99.53333333333333,-0.359125554561615,0.583923863432905
TOKYOTECH_s05,95,137,99.56666666666666,0.9687982201576233,0.3344471179915677
TOKYOTECH_s05,95,138,99.6,1.7636433839797974,0.043053198109930337
TOKYOTECH_s05,95,139,99.63333333333334,1.7436527013778687,-0.26884757280782806
TOKYOTECH_s05,95,140,99.66666666666667,1.463338017463684,-0.5731312169462582
TOKYOTECH_s05,95,141,99.7,1.18580162525177,-0.8404840750821395
TOKYOTECH_s05,95,142,99.73333333333333,0.8990490436553955,-1.044259626129727
TOKYOTECH_s05,95,143,99.76666666666667,0.5275787115097046,-1.1621984301876291
TOKYOTECH_s05,95,144,99.8,0.2645299732685089,-1.1779848488868065
TOKYOTECH_s05,95,145,99.83333333333333,0.32427045702934265,-1.0842983616310506
TOKYOTECH_s05,95,146,99.86666666666666,0.4945340156555176,-0.8863539513018917
TOKYOTECH_s05,95,147,99.9,0.4932517409324646,-0.6029562256215306
TOKYOTECH_s05,95,148,99.93333333333334,0.2760346233844757,-0.26331071309453435
TOKYOTECH_s05,95,149,99.96666666666667,0.00852470938116312,0.09877059744040496
TOKYOTECH_s05,95,150,100.0,-0.3042558431625366,0.44927810873408347
TOKYOTECH_s05,95,151,100.03333333333333,-0.5676251649856567,0.7548931358012629
TOKYOTECH_s05,95,152,100.06666666666666,-0.7014780640602112,0.9835556974451777
TOKYOTECH_s05,95,153,100.1,-0.7678702473640442,1.1098400165694629
TOKYOTECH_s05,95,154,100.13333333333334,-0.7692504525184631,1.1246361184416904
TOKYOTECH_s05,95,155,100.16666666666667,-0.8362570405006409,1.0418197387618275
TOKYOTECH_s05,95,156,100.2,-0.7999799847602844,0.8946437784588819
TOKYOTECH_s05,95,157,100.23333333333333,-0.7877273559570312,0.7216189060473389
TOKYOTECH_s05,95,158,100.26666666666667,-0.9072083234786987,0.549954926686458
TOKYOTECH_s05,95,159,100.3,-0.8796399235725403,0.38711071057002866
TOKYOTECH_s05,95,160,100.33333333333333,-0.15737560391426086,0.2248735008086942
TOKYOTECH_s05,95,161,100.36666666666666,1.1257405281066895,0.05125826631832692
TOKYOTECH_s05,95,162,100.4,1.7169747352600098,-0.13894899890540902
TOKYOTECH_s05,95,163,100.43333333333334,1.5777167081832886,-0.34132400520418604
TOKYOTECH_s05,95,164,100.46666666666667,1.289744257926941,-0.5456112629547005
TOKYOTECH_s05,95,165,100.5,1.044646978378296,-0.7401724795535293
TOKYOTECH_s05,95,166,100.53333333333333,0.8191130757331848,-0.9127110168313759
TOKYOTECH_s05,95,167,100.56666666666666,0.5076325535774231,-1.0480959354694297
TOKYOTECH_s05,95,168,100.6,0.3057757616043091,-1.1272143038754558
TOKYOTECH_s05,95,169,100.63333333333334,0.29539307951927185,-1.12983615293012
TOKYOTECH_s05,95,170,100.66666666666667,0.41625428199768066,-1.040903392861747
TOKYOTECH_s05,95,171,100.7,0.4116951525211334,-0.856646420998103
TOKYOTECH_s05,95,172,100.73333333333333,0.15235069394111633,-0.5870539701956708
TOKYOTECH_s05,95,173,100.76666666666667,-0.15673448145389557,-0.25427477808938725
TOKYOTECH_s05,95,174,100.8,-0.4343777596950531,0.11021789487519519
TOKYOTECH_s05,95,175,100.83333333333333,-0.5943654775619507,0.4674282612206386
TOKYOTECH_s05,95,176,100.86666666666666,-0.8113065361976624,0.7739616215290722
TOKYOTECH_s05,95,177,100.9,-0.9471718668937683,0.9905558575424305
TOKYOTECH_s05,95,178,100.93333333333334,-0.8242982625961304,1.0944808723110593
TOKYOTECH_s05,95,179,100.96666666666667,-0.8067830204963684,1.0880101921826588
TOKYOTECH_s05,95,180,101.0,-0.9218741059303284,0.9962659754990009
TOKYOTECH_s05,95,181,101.03333333333333,-0.922105610370636,0.8548812799531036
TOKYOTECH_s05,95,182,101.06666666666666,-0.9760760068893433,0.6947410840974352
TOKYOTECH_s05,95,183,101.1,-0.8056432604789734,0.5323798219482252
TOKYOTECH_s05,95,184,101.13333333333334,0.33585527539253235,0.3695942032265108
TOKYOTECH_s05,95,185,101.16666666666667,1.4326618909835815,0.19943156588434083
TOKYOTECH_s05,95,186,101.2,1.573068618774414,0.013311412183133621
TOKYOTECH_s05,95,187,101.23333333333333,1.28203284740448,-0.1940062260032056
TOKYOTECH_s05,95,188,101.26666666666667,0.9794925451278687,-0.4215019239123823
TOKYOTECH_s05,95,189,101.3,0.6195269227027893,-0.6593162397649753
TOKYOTECH_s05,95,190,101.33333333333333,0.24746888875961304,-0.8862753963315879
TOKYOTECH_s05,95,191,101.36666666666666,0.06840767711400986,-1.0698768375306156
TOKYOTECH_s05,95,192,101.4,0.2206929624080658,-1.1717725349000294
TOKYOTECH_s05,95,193,101.43333333333334,0.4138856530189514,-1.159225374638254
TOKYOTECH_s05,95,194,101.46666666666667,0.3690691590309143,-1.0184098088022477
TOKYOTECH_s05,95,195,101.5,0.13585059344768524,-0.76242272655825
TOKYOTECH_s05,95,196,101.53333333333333,-0.20883488655090332,-0.4285677923087339
TOKYOTECH_s05,95,197,101.56666666666666,-0.5279287695884705,-0.06557014648381654
TOKYOTECH_s05,95,198,101.6,-0.7392867207527161,0.28192709736935795
TOKYOTECH_s05,95,199,101.63333333333334,-0.7997395396232605,0.582930319559365
TOKYOTECH_s05,95,200,101.66666666666667,-0.9015717506408691,0.8211024070294793
TOKYOTECH_s05,95,201,101.7,-0.9565216302871704,0.9911456359491196
TOKYOTECH_s05,95,202,101.73333333333333,-0.9951850771903992,1.0949343263260725
TOKYOTECH_s05,95,203,101.76666666666667,-0.9740457534790039,1.138322795827099
TOKYOTECH_s05,95,204,101.8,-0.9373946785926819,1.1275719346299535
TOKYOTECH_s05,95,205,101.83333333333333,-0.49499088525772095,1.0652806091307367
TOKYOTECH_s05,95,206,101.86666666666666,0.6718588471412659,0.947862844715316
TOKYOTECH_s05,95,207,101.9,1.5448590517044067,0.7671902662792119
TOKYOTECH_s05,95,208,101.93333333333334,1.5527395009994507,0.5166991220814193
TOKYOTECH_s05,95,209,101.96666666666667,1.2107610702514648,0.19912093893925006
TOKYOTECH_s05,95,210,102.0,0.8830297589302063,-0.16813356329549203
TOKYOTECH_s05,95,211,102.03333333333333,0.5464473962783813,-0.5524048842579002
TOKYOTECH_s05,95,212,102.06666666666666,0.18096984922885895,-0.9097793057020451
TOKYOTECH_s05,95,213,102.1,0.007652065716683865,-1.191958594481825
TOKYOTECH_s05,95,214,102.13333333333334,0.1407569944858551,-1.3551462398896301
TOKYOTECH_s05,95,215,102.16666666666667,0.3516519069671631,-1.3707615317257984
TOKYOTECH_s05,95,216,102.2,0.3543143570423126,-1.2360341540287818
TOKYOTECH_s05,95,217,102.23333333333333,0.11575306951999664,-0.9797452030491288
TOKYOTECH_s05,95,218,102.26666666666667,-0.2069738358259201,-0.6577516186857354
TOKYOTECH_s05,95,219,102.3,-0.5021234154701233,-0.33669723080729774
TOKYOTECH_s05,95,220,102.33333333333333,-0.7781104445457458,-0.07150273390314066
TOKYOTECH_s05,95,221,102.36666666666666,-0.9809200167655945,0.11237911265625823
TOKYOTECH_s05,95,222,102.4,-1.030251145362854,0.2223439409596299
TOKYOTECH_s05,95,223,102.43333333333334,-0.9680529832839966,0.2864074392508529
TOKYOTECH_s05,95,224,102.46666666666667,-0.9664323925971985,0.3343493001766726
TOKYOTECH_s05,95,225,102.5,-1.0722715854644775,0.38448146091266155
TOKYOTECH_s05,95,226,102.53333333333333,-1.0965542793273926,0.44099551888078353
TOKYOTECH_s05,95,227,102.56666666666666,-0.6617193222045898,0.49751283824946674
TOKYOTECH_s05,95,228,102.6,0.5889398455619812,0.5405957812139328
TOKYOTECH_s05,95,229,102.63333333333334,1.6434500217437744,0.5515877092165734
TOKYOTECH_s05,95,230,102.66666666666667,1.737953782081604,0.5098128702483543
TOKYOTECH_s05,95,231,102.7,1.4321277141571045,0.40028456198154455
TOKYOTECH_s05,95,232,102.73333333333333,1.1909841299057007,0.22435416853291562
TOKYOTECH_s05,95,233,102.76666666666667,0.9214795231819153,0.006899771078517839
TOKYOTECH_s05,95,234,102.8,0.6016020774841309,-0.20631273610155682
TOKYOTECH_s05,95,235,102.83333333333333,0.3273870646953583,-0.36217381970613716
TOKYOTECH_s05,95,236,102.86666666666666,0.23771843314170837,-0.4188176644514394
TOKYOTECH_s05,95,237,102.9,0.3506011664867401,-0.3602420291927713
TOKYOTECH_s05,95,238,102.93333333333334,0.4154261648654938,-0.20118368896221722
TOKYOTECH_s05,95,239,102.96666666666667,0.27241048216819763,0.017767572210316235
TOKYOTECH_s05,96,0,96.0,-0.03030794858932495,0.08594520602914803
TOKYOTECH_s05,96,1,96.03333333333333,-0.39847469329833984,-1.0204800249541328
TOKYOTECH_s05,96,2,96.06666666666666,-0.6873554587364197,-1.9333903931083685
TOKYOTECH_s05,96,3,96.1,-0.8057501316070557,-2.5120339679294252
TOKYOTECH_s05,96,4,96.13333333333334,-0.8964694738388062,-2.706602680518627
TOKYOTECH_s05,96,5,96.16666666666667,-0.9909732341766357,-2.5608690213532506
TOKYOTECH_s05,96,6,96.2,-0.9969125986099243,-2.18235234098435
TOKYOTECH_s05,96,7,96.23333333333333,-0.9045013785362244,-1.6979480507708529
TOKYOTECH_s05,96,8,96.26666666666667,-0.9449813365936279,-1.2160437654413014
TOKYOTECH_s05,96,9,96.3,-1.0941767692565918,-0.8066855841962224
TOKYOTECH_s05,96,10,96.33333333333333,-1.0040628910064697,-0.49961525063140866
TOKYOTECH_s05,96,11,96.36666666666666,-0.15847086906433105,-0.2931125566258271
TOKYOTECH_s05,96,12,96.4,1.2216780185699463,-0.16640116634217553
TOKYOTECH_s05,96,13,96.43333333333334,1.8626083135604858,-0.09163555190436071
TOKYOTECH_s05,96,14,96.46666666666667,1.7302513122558594,-0.0438783870946827
TOKYOTECH_s05,96,15,96.5,1.4215757846832275,-0.00792872003482914
TOKYOTECH_s05,96,16,96.53333333333333,1.122810959815979,0.019377065952955852
TOKYOTECH_s05,96,17,96.56666666666666,0.8140285611152649,0.032069176670548344
TOKYOTECH_s05,96,18,96.6,0.5132067799568176,0.021726777390474815
TOKYOTECH_s05,96,19,96.63333333333334,0.290531188249588,-0.015269932321390598
TOKYOTECH_s05,96,20,96.66666666666667,0.3061942756175995,-0.07285417373082047
TOKYOTECH_s05,96,21,96.7,0.4738309681415558,-0.13384855841424464
TOKYOTECH_s05,96,22,96.73333333333333,0.5126368999481201,-0.17147267968363414
TOKYOTECH_s05,96,23,96.76666666666667,0.30817997455596924,-0.15349492245221286
TOKYOTECH_s05,96,24,96.8,-0.07299627363681793,-0.050280018615161626
TOKYOTECH_s05,96,25,96.83333333333333,-0.41925784945487976,0.1530780139482565
TOKYOTECH_s05,96,26,96.86666666666666,-0.633598804473877,0.44534787356962335
TOKYOTECH_s05,96,27,96.9,-0.7657598853111267,0.7862022249797413
TOKYOTECH_s05,96,28,96.93333333333334,-0.8965585231781006,1.1152473288488618
TOKYOTECH_s05,96,29,96.96666666666667,-0.9464951157569885,1.3693679529590983
TOKYOTECH_s05,96,30,97.0,-0.8773959875106812,1.5008759796744655
TOKYOTECH_s05,96,31,97.03333333333333,-0.8838873505592346,1.4895521251138193
TOKYOTECH_s05,96,32,97.06666666666666,-0.9448745250701904,1.3448069742501854
TOKYOTECH_s05,96,33,97.1,-0.9660583734512329,1.098432920698775
TOKYOTECH_s05,96,34,97.13333333333334,-0.9466820955276489,0.7922792169038201
TOKYOTECH_s05,96,35,97.16666666666667,-0.2064840942621231,0.4664575342539696
TOKYOTECH_s05,96,36,97.2,1.260759949684143,0.15161561234599397
TOKYOTECH_s05,96,37,97.23333333333333,1.9192678928375244,-0.13424591750742876
TOKYOTECH_s05,96,38,97.26666666666667,1.7537058591842651,-0.38538119595580417
TOKYOTECH_s05,96,39,97.3,1.4334900379180908,-0.6051190392195657
TOKYOTECH_s05,96,40,97.33333333333333,1.1241199970245361,-0.8003348692810508
TOKYOTECH_s05,96,41,97.36666666666666,0.8549805283546448,-0.9746559812740493
TOKYOTECH_s05,96,42,97.4,0.5784680843353271,-1.1229348827061665
TOKYOTECH_s05,96,43,97.43333333333334,0.4033694267272949,-1.2298481114573148
TOKYOTECH_s05,96,44,97.46666666666667,0.4212230145931244,-1.2734456702861194
TOKYOTECH_s05,96,45,97.5,0.503429651260376,-1.231814837304963
TOKYOTECH_s05,96,46,97.53333333333333,0.41068893671035767,-1.0900426131930256
TOKYOTECH_s05,96,47,97.56666666666666,0.14691892266273499,-0.8456531225718181
TOKYOTECH_s05,96,48,97.6,-0.12065331637859344,-0.5122447662089273
TOKYOTECH_s05,96,49,97.63333333333334,-0.37420982122421265,-0.1210403433687086
TOKYOTECH_s05,96,50,97.66666666666667,-0.6030473709106445,0.28170583674575506
TOKYOTECH_s05,96,51,97.7,-0.8459006547927856,0.6435440735725323
TOKYOTECH_s05,96,52,97.73333333333333,-0.9692195057868958,0.9191612207942409
TOKYOTECH_s05,96,53,97.76666666666667,-0.9267715811729431,1.082355384713039
TOKYOTECH_s05,96,54,97.8,-0.8991942405700684,1.1308311098026111
TOKYOTECH_s05,96,55,97.83333333333333,-0.9960933923721313,1.081888949408992
TOKYOTECH_s05,96,56,97.86666666666666,-0.9936178922653198,0.9618792827140544
TOKYOTECH_s05,96,57,97.9,-1.0474547147750854,0.7952994023942919
TOKYOTECH_s05,96,58,97.93333333333334,-1.1305785179138184,0.5990520575035788
TOKYOTECH_s05,96,59,97.96666666666667,-0.35582196712493896,0.38360956482863795
TOKYOTECH_s05,96,60,98.0,1.1541727781295776,0.1578042842021583
TOKYOTECH_s05,96,61,98.03333333333333,1.859349250793457,-0.0680600826979984
TOKYOTECH_s05,96,62,98.06666666666666,1.7184172868728638,-0.28309910557489165
TOKYOTECH_s05,96,63,98.1,1.4132144451141357,-0.47874743879213094
TOKYOTECH_s05,96,64,98.13333333333334,1.0814405679702759,-0.6504194108955883
TOKYOTECH_s05,96,65,98.16666666666667,0.7011547088623047,-0.7963895427581813
TOKYOTECH_s05,96,66,98.2,0.3402363061904907,-0.9146201346284271
TOKYOTECH_s05,96,67,98.23333333333333,0.1463579386472702,-0.9994676192534501
TOKYOTECH_s05,96,68,98.26666666666667,0.2899702191352844,-1.0399691665424984
TOKYOTECH_s05,96,69,98.3,0.5030556321144104,-1.020549943411124
TOKYOTECH_s05,96,70,98.33333333333333,0.4800552427768707,-0.9244240603787155
TOKYOTECH_s05,96,71,98.36666666666666,0.22673024237155914,-0.7396880506310877
TOKYOTECH_s05,96,72,98.4,-0.1399405300617218,-0.46735959436888513
TOKYOTECH_s05,96,73,98.43333333333334,-0.4993273913860321,-0.1284026601658446
TOKYOTECH_s05,96,74,98.46666666666667,-0.7015225887298584,0.2358186019573527
TOKYOTECH_s05,96,75,98.5,-0.7590547800064087,0.5737031108290135
TOKYOTECH_s05,96,76,98.53333333333333,-0.8404688835144043,0.8409366878366878
TOKYOTECH_s05,96,77,98.56666666666666,-0.9534673690795898,1.0153570535428722
TOKYOTECH_s05,96,78,98.6,-0.881536602973938,1.099887021178668
TOKYOTECH_s05,96,79,98.63333333333334,-0.8927384614944458,1.1123459790247205
TOKYOTECH_s05,96,80,98.66666666666667,-1.0242762565612793,1.0704243087800174
TOKYOTECH_s05,96,81,98.7,-1.045103907585144,0.9828850428613657
TOKYOTECH_s05,96,82,98.73333333333333,-0.7693573236465454,0.8511998013321097
TOKYOTECH_s05,96,83,98.76666666666667,0.3909030854701996,0.6768198646958179
TOKYOTECH_s05,96,84,98.8,1.4654662609100342,0.4666705454447718
TOKYOTECH_s05,96,85,98.83333333333333,1.602827548980713,0.2331414959466313
TOKYOTECH_s05,96,86,98.86666666666666,1.2891476154327393,-0.010006086365011341
TOKYOTECH_s05,96,87,98.9,0.9608197808265686,-0.2516214309236553
TOKYOTECH_s05,96,88,98.93333333333334,0.6067221760749817,-0.4837913348804429
TOKYOTECH_s05,96,89,98.96666666666667,0.2064635306596756,-0.6989694394412337
TOKYOTECH_s05,96,90,99.0,0.03433894366025925,-0.8860603098403641
TOKYOTECH_s05,96,91,99.03333333333333,0.2204703539609909,-1.0284340812430186
TOKYOTECH_s05,96,92,99.06666666666666,0.47305628657341003,-1.1053443226051365
TOKYOTECH_s05,96,93,99.1,0.4890844225883484,-1.0962467216375875
TOKYOTECH_s05,96,94,99.13333333333334,0.2990884482860565,-0.9866052303148585
TOKYOTECH_s05,96,95,99.16666666666667,0.015238725580275059,-0.7739815329371121
TOKYOTECH_s05,96,96,99.2,-0.30572509765625,-0.4734451282532755
TOKYOTECH_s05,96,97,99.23333333333333,-0.565986692905426,-0.12020249355544824
TOKYOTECH_s05,96,98,99.26666666666667,-0.7970771193504333,0.23449131767468562
TOKYOTECH_s05,96,99,99.3,-0.8849826455116272,0.536379856772585
TOKYOTECH_s05,96,100,99.33333333333333,-0.8749027252197266,0.7457313818772773
TOKYOTECH_s05,96,101,99.36666666666666,-0.7934529781341553,0.8495613296771709
TOKYOTECH_s05,96,102,99.4,-0.7758041620254517,0.861188199967985
TOKYOTECH_s05,96,103,99.43333333333334,-0.9299861192703247,0.8078922538030471
TOKYOTECH_s05,96,104,99.46666666666667,-1.0346766710281372,0.7148717009126376
TOKYOTECH_s05,96,105,99.5,-0.928953230381012,0.5951971904070844
TOKYOTECH_s05,96,106,99.53333333333333,-0.359125554561615,0.4501083916366855
TOKYOTECH_s05,96,107,99.56666666666666,0.9687982201576233,0.27654530908859676
TOKYOTECH_s05,96,108,99.6,1.7636433839797974,0.07506494494735329
TOKYOTECH_s05,96,109,99.63333333333334,1.7436527013778687,-0.14689208192287365
TOKYOTECH_s05,96,110,99.66666666666667,1.463338017463684,-0.37626494465395854
TOKYOTECH_s05,96,111,99.7,1.18580162525177,-0.596380723414755
TOKYOTECH_s05,96,112,99.73333333333333,0.8990490436553955,-0.7869741239422312
TOKYOTECH_s05,96,113,99.76666666666667,0.5275787115097046,-0.9233545423485368
TOKYOTECH_s05,96,114,99.8,0.2645299732685089,-0.978387231393463
TOKYOTECH_s05,96,115,99.83333333333333,0.32427045702934265,-0.9295074284002124
TOKYOTECH_s05,96,116,99.86666666666666,0.4945340156555176,-0.7682876538584904
TOKYOTECH_s05,96,117,99.9,0.4932517409324646,-0.50672177621259
TOKYOTECH_s05,96,118,99.93333333333334,0.2760346233844757,-0.17606514716382912
TOKYOTECH_s05,96,119,99.96666666666667,0.00852470938116312,0.18087366861303844
TOKYOTECH_s05,96,120,100.0,-0.3042558431625366,0.5190808216638546
TOKYOTECH_s05,96,121,100.03333333333333,-0.5676251649856567,0.7979687364801622
TOKYOTECH_s05,96,122,100.06666666666666,-0.7014780640602112,0.9855946380378862
TOKYOTECH_s05,96,123,100.1,-0.7678702473640442,1.0636295478998081
TOKYOTECH_s05,96,124,100.13333333333334,-0.7692504525184631,1.0332014653073978
TOKYOTECH_s05,96,125,100.16666666666667,-0.8362570405006409,0.9169804854425508
TOKYOTECH_s05,96,126,100.2,-0.7999799847602844,0.7526208720804889
TOKYOTECH_s05,96,127,100.23333333333333,-0.7877273559570312,0.57802865615357
TOKYOTECH_s05,96,128,100.26666666666667,-0.9072083234786987,0.41600534574962067
TOKYOTECH_s05,96,129,100.3,-0.8796399235725403,0.26794707440122784
TOKYOTECH_s05,96,130,100.33333333333333,-0.15737560391426086,0.12022971262199861
TOKYOTECH_s05,96,131,100.36666666666666,1.1257405281066895,-0.04210801396354346
TOKYOTECH_s05,96,132,100.4,1.7169747352600098,-0.22418302522740657
TOKYOTECH_s05,96,133,100.43333333333334,1.5777167081832886,-0.4192432072390515
TOKYOTECH_s05,96,134,100.46666666666667,1.289744257926941,-0.6144336533230942
TOKYOTECH_s05,96,135,100.5,1.044646978378296,-0.7972392216717461
TOKYOTECH_s05,96,136,100.53333333333333,0.8191130757331848,-0.95699201697493
TOKYOTECH_s05,96,137,100.56666666666666,0.5076325535774231,-1.0816692049166352
TOKYOTECH_s05,96,138,100.6,0.3057757616043091,-1.154492442957469
TOKYOTECH_s05,96,139,100.63333333333334,0.29539307951927185,-1.1547569284652124
TOKYOTECH_s05,96,140,100.66666666666667,0.41625428199768066,-1.0636136751363132
TOKYOTECH_s05,96,141,100.7,0.4116951525211334,-0.8715970105415013
TOKYOTECH_s05,96,142,100.73333333333333,0.15235069394111633,-0.5837612843856158
TOKYOTECH_s05,96,143,100.76666666666667,-0.15673448145389557,-0.22073726372946237
TOKYOTECH_s05,96,144,100.8,-0.4343777596950531,0.18266363227387575
TOKYOTECH_s05,96,145,100.83333333333333,-0.5943654775619507,0.5797156222966007
TOKYOTECH_s05,96,146,100.86666666666666,-0.8113065361976624,0.9172885289524455
TOKYOTECH_s05,96,147,100.9,-0.9471718668937683,1.1478701343244795
TOKYOTECH_s05,96,148,100.93333333333334,-0.8242982625961304,1.2449554222412205
TOKYOTECH_s05,96,149,100.96666666666667,-0.8067830204963684,1.2125120650060837
TOKYOTECH_s05,96,150,101.0,-0.9218741059303284,1.0816463239449654
TOKYOTECH_s05,96,151,101.03333333333333,-0.922105610370636,0.8960321424490953
TOKYOTECH_s05,96,152,101.06666666666666,-0.9760760068893433,0.6945808087947284
TOKYOTECH_s05,96,153,101.1,-0.8056432604789734,0.5004796580789512
TOKYOTECH_s05,96,154,101.13333333333334,0.33585527539253235,0.3201851603734054
TOKYOTECH_s05,96,155,101.16666666666667,1.4326618909835815,0.14923265802110347
TOKYOTECH_s05,96,156,101.2,1.573068618774414,-0.020930534724051
TOKYOTECH_s05,96,157,101.23333333333333,1.28203284740448,-0.1986847973050027
TOKYOTECH_s05,96,158,101.26666666666667,0.9794925451278687,-0.3899001840697986
TOKYOTECH_s05,96,159,101.3,0.6195269227027893,-0.5947158502253073
TOKYOTECH_s05,96,160,101.33333333333333,0.24746888875961304,-0.8026737796278357
TOKYOTECH_s05,96,161,101.36666666666666,0.06840767711400986,-0.9892349009078734
TOKYOTECH_s05,96,162,101.4,0.2206929624080658,-1.1182401354606184
TOKYOTECH_s05,96,163,101.43333333333334,0.4138856530189514,-1.152225806635322
TOKYOTECH_s05,96,164,101.46666666666667,0.3690691590309143,-1.0669596910864998
TOKYOTECH_s05,96,165,101.5,0.13585059344768524,-0.8625499009357498
TOKYOTECH_s05,96,166,101.53333333333333,-0.20883488655090332,-0.5647058454868542
TOKYOTECH_s05,96,167,101.56666666666666,-0.5279287695884705,-0.21557437591455214
TOKYOTECH_s05,96,168,101.6,-0.7392867207527161,0.13998881910947006
TOKYOTECH_s05,96,169,101.63333333333334,-0.7997395396232605,0.4650120280414742
TOKYOTECH_s05,96,170,101.66666666666667,-0.9015717506408691,0.7345380160811302
TOKYOTECH_s05,96,171,101.7,-0.9565216302871704,0.9352557239740853
TOKYOTECH_s05,96,172,101.73333333333333,-0.9951850771903992,1.0634844753686064
TOKYOTECH_s05,96,173,101.76666666666667,-0.9740457534790039,1.1223054753745099
TOKYOTECH_s05,96,174,101.8,-0.9373946785926819,1.117563034501631
TOKYOTECH_s05,96,175,101.83333333333333,-0.49499088525772095,1.0534687564131626
TOKYOTECH_s05,96,176,101.86666666666666,0.6718588471412659,0.9302046437130059
TOKYOTECH_s05,96,177,101.9,1.5448590517044067,0.7456993864953338
TOKYOTECH_s05,96,178,101.93333333333334,1.5527395009994507,0.5007881770185465
TOKYOTECH_s05,96,179,101.96666666666667,1.2107610702514648,0.2041799936724616
TOKYOTECH_s05,96,180,102.0,0.8830297589302063,-0.1259427953704424
TOKYOTECH_s05,96,181,102.03333333333333,0.5464473962783813,-0.4639368294241053
TOKYOTECH_s05,96,182,102.06666666666666,0.18096984922885895,-0.779910390757062
TOKYOTECH_s05,96,183,102.1,0.007652065716683865,-1.0419122026817493
TOKYOTECH_s05,96,184,102.13333333333334,0.1407569944858551,-1.2179178294221522
TOKYOTECH_s05,96,185,102.16666666666667,0.3516519069671631,-1.280528602633705
TOKYOTECH_s05,96,186,102.2,0.3543143570423126,-1.2152890952797177
TOKYOTECH_s05,96,187,102.23333333333333,0.11575306951999664,-1.0291614584825488
TOKYOTECH_s05,96,188,102.26666666666667,-0.2069738358259201,-0.7530765524613199
TOKYOTECH_s05,96,189,102.3,-0.5021234154701233,-0.4345481555901547
TOKYOTECH_s05,96,190,102.33333333333333,-0.7781104445457458,-0.12260852419868419
TOKYOTECH_s05,96,191,102.36666666666666,-0.9809200167655945,0.14703470241526828
TOKYOTECH_s05,96,192,102.4,-1.030251145362854,0.3585603418893811
TOKYOTECH_s05,96,193,102.43333333333334,-0.9680529832839966,0.5120173734106209
TOKYOTECH_s05,96,194,102.46666666666667,-0.9664323925971985,0.6140717093445149
TOKYOTECH_s05,96,195,102.5,-1.0722715854644775,0.6714861458945982
TOKYOTECH_s05,96,196,102.53333333333333,-1.0965542793273926,0.690126243511181
TOKYOTECH_s05,96,197,102.56666666666666,-0.6617193222045898,0.6758876513029942
TOKYOTECH_s05,96,198,102.6,0.5889398455619812,0.6334823448068825
TOKYOTECH_s05,96,199,102.63333333333334,1.6434500217437744,0.5632587403460481
TOKYOTECH_s05,96,200,102.66666666666667,1.737953782081604,0.4598188584976333
TOKYOTECH_s05,96,201,102.7,1.4321277141571045,0.31566310256599667
TOKYOTECH_s05,96,202,102.73333333333333,1.1909841299057007,0.12868495922445664
TOKYOTECH_s05,96,203,102.76666666666667,0.9214795231819153,-0.09166940720066276
TOKYOTECH_s05,96,204,102.8,0.6016020774841309,-0.32430821595756
TOKYOTECH_s05,96,205,102.83333333333333,0.3273870646953583,-0.5426222366768298
TOKYOTECH_s05,96,206,102.86666666666666,0.23771843314170837,-0.7219978104775191
TOKYOTECH_s05,96,207,102.9,0.3506011664867401,-0.8431914839627347
TOKYOTECH_s05,96,208,102.93333333333334,0.4154261648654938,-0.8909304311127656
TOKYOTECH_s05,96,209,102.96666666666667,0.27241048216819763,-0.852296322525539
TOKYOTECH_s05,96,210,103.0,0.015772998332977295,-0.719382902562287
TOKYOTECH_s05,96,211,103.03333333333333,-0.260009229183197,-0.49588704419204727
TOKYOTECH_s05,96,212,103.06666666666666,-0.4968341290950775,-0.2022584808876583
TOKYOTECH_s05,96,213,103.1,-0.7260634899139404,0.126231518749649
TOKYOTECH_s05,96,214,103.13333333333334,-0.9102537035942078,0.4486105095939785
TOKYOTECH_s05,96,215,103.16666666666667,-0.9674652814865112,0.7289984198173569
TOKYOTECH_s05,96,216,103.2,-0.9013046622276306,0.9433761897892777
TOKYOTECH_s05,96,217,103.23333333333333,-0.8511810302734375,1.0804505678929577
TOKYOTECH_s05,96,218,103.26666666666667,-0.9695311784744263,1.1383078664636421
TOKYOTECH_s05,96,219,103.3,-1.1094034910202026,1.1200306781937828
TOKYOTECH_s05,96,220,103.33333333333333,-0.8865231275558472,1.0309415173959162
TOKYOTECH_s05,96,221,103.36666666666666,0.21101373434066772,0.8784067728576744
TOKYOTECH_s05,96,222,103.4,1.392084002494812,0.6733074213021158
TOKYOTECH_s05,96,223,103.43333333333334,1.6989073753356934,0.4314699046525266
TOKYOTECH_s05,96,224,103.46666666666667,1.443489909172058,0.17383748474607427
TOKYOTECH_s05,96,225,103.5,1.1637896299362183,-0.0750703708092765
TOKYOTECH_s05,96,226,103.53333333333333,0.9546310901641846,-0.29069645789611875
TOKYOTECH_s05,96,227,103.56666666666666,0.6478433012962341,-0.4541073517282928
TOKYOTECH_s05,96,228,103.6,0.3084203898906708,-0.5587625031222121
TOKYOTECH_s05,96,229,103.63333333333334,0.14970605075359344,-0.6151700051530196
TOKYOTECH_s05,96,230,103.66666666666667,0.2036585956811905,-0.6486071163682593
TOKYOTECH_s05,96,231,103.7,0.2747345566749573,-0.6875378827820767
TOKYOTECH_s05,96,232,103.73333333333333,0.21145007014274597,-0.7473519630735146
TOKYOTECH_s05,96,233,103.76666666666667,0.00505194254219532,-0.8194760432061766
TOKYOTECH_s05,96,234,103.8,-0.33783483505249023,-0.8738116998454193
TOKYOTECH_s05,96,235,103.83333333333333,-0.6954764127731323,-0.8738470079805031
TOKYOTECH_s05,96,236,103.86666666666666,-0.894127607345581,-0.7948818919148035
TOKYOTECH_s05,96,237,103.9,-0.9403865933418274,-0.6341706314887822
TOKYOTECH_s05,96,238,103.93333333333334,-1.0196547508239746,-0.4094681294094631
TOKYOTECH_s05,96,239,103.96666666666667,-1.1223150491714478,-0.15124476689854016
TOKYOTECH_s05,97,0,97.0,-0.8773959875106812,-0.07488005745625767
TOKYOTECH_s05,97,1,97.03333333333333,-0.8838873505592346,-1.371712119587413
TOKYOTECH_s05,97,2,97.06666666666666,-0.9448745250701904,-2.4665317549165158
TOKYOTECH_s05,97,3,97.1,-0.9660583734512329,-3.2095880066667464
TOKYOTECH_s05,97,4,97.13333333333334,-0.9466820955276489,-3.5401900612935053
TOKYOTECH_s05,97,5,97.16666666666667,-0.2064840942621231,-3.4921837061525873
TOKYOTECH_s05,97,6,97.2,1.260759949684143,-3.1681531595314056
TOKYOTECH_s05,97,7,97.23333333333333,1.9192678928375244,-2.6979055765710047
TOKYOTECH_s05,97,8,97.26666666666667,1.7537058591842651,-2.2003721487837002
TOKYOTECH_s05,97,9,97.3,1.4334900379180908,-1.760154017618527
TOKYOTECH_s05,97,10,97.33333333333333,1.1241199970245361,-1.4200228810010915
TOKYOTECH_s05,97,11,97.36666666666666,0.8549805283546448,-1.1848357965535135
TOKYOTECH_s05,97,12,97.4,0.5784680843353271,-1.03167350683133
TOKYOTECH_s05,97,13,97.43333333333334,0.4033694267272949,-0.9224036281941479
TOKYOTECH_s05,97,14,97.46666666666667,0.4212230145931244,-0.8152696215951684
TOKYOTECH_s05,97,15,97.5,0.503429651260376,-0.6727190406415559
TOKYOTECH_s05,97,16,97.53333333333333,0.41068893671035767,-0.46528075812844977
TOKYOTECH_s05,97,17,97.56666666666666,0.14691892266273499,-0.17420283422293292
TOKYOTECH_s05,97,18,97.6,-0.12065331637859344,0.20406643700328236
TOKYOTECH_s05,97,19,97.63333333333334,-0.37420982122421265,0.6517597275074477
TOKYOTECH_s05,97,20,97.66666666666667,-0.6030473709106445,1.1270632443222155
TOKYOTECH_s05,97,21,97.7,-0.8459006547927856,1.5705888825736338
TOKYOTECH_s05,97,22,97.73333333333333,-0.9692195057868958,1.920976315784969
TOKYOTECH_s05,97,23,97.76666666666667,-0.9267715811729431,2.1326675665850576
TOKYOTECH_s05,97,24,97.8,-0.8991942405700684,2.1875467851944874
TOKYOTECH_s05,97,25,97.83333333333333,-0.9960933923721313,2.096040591744843
TOKYOTECH_s05,97,26,97.86666666666666,-0.9936178922653198,1.888649229132375
TOKYOTECH_s05,97,27,97.9,-1.0474547147750854,1.6030610897010906
TOKYOTECH_s05,97,28,97.93333333333334,-1.1305785179138184,1.2733846553606365
TOKYOTECH_s05,97,29,97.96666666666667,-0.35582196712493896,0.9255683114688273
TOKYOTECH_s05,97,30,98.0,1.1541727781295776,0.5780349789051037
TOKYOTECH_s05,97,31,98.03333333333333,1.859349250793457,0.24345766053732215
TOKYOTECH_s05,97,32,98.06666666666666,1.7184172868728638,-0.07070162925057427
TOKYOTECH_s05,97,33,98.1,1.4132144451141357,-0.36183118327780217
TOKYOTECH_s05,97,34,98.13333333333334,1.0814405679702759,-0.6299932925599171
TOKYOTECH_s05,97,35,98.16666666666667,0.7011547088623047,-0.8737579962059796
TOKYOTECH_s05,97,36,98.2,0.3402363061904907,-1.086165200895562
TOKYOTECH_s05,97,37,98.23333333333333,0.1463579386472702,-1.2533815573646094
TOKYOTECH_s05,97,38,98.26666666666667,0.2899702191352844,-1.3566721765411138
TOKYOTECH_s05,97,39,98.3,0.5030556321144104,-1.376251096467513
TOKYOTECH_s05,97,40,98.33333333333333,0.4800552427768707,-1.295626501603145
TOKYOTECH_s05,97,41,98.36666666666666,0.22673024237155914,-1.1065173456318793
TOKYOTECH_s05,97,42,98.4,-0.1399405300617218,-0.8149782875222263
TOKYOTECH_s05,97,43,98.43333333333334,-0.4993273913860321,-0.4471210165112487
TOKYOTECH_s05,97,44,98.46666666666667,-0.7015225887298584,-0.049083133064961135
TOKYOTECH_s05,97,45,98.5,-0.7590547800064087,0.32337019638092307
TOKYOTECH_s05,97,46,98.53333333333333,-0.8404688835144043,0.6224766611526628
TOKYOTECH_s05,97,47,98.56666666666666,-0.9534673690795898,0.82303442733557
TOKYOTECH_s05,97,48,98.6,-0.881536602973938,0.9250288405324198
TOKYOTECH_s05,97,49,98.63333333333334,-0.8927384614944458,0.9439999116432222
TOKYOTECH_s05,97,50,98.66666666666667,-1.0242762565612793,0.8972895466263467
TOKYOTECH_s05,97,51,98.7,-1.045103907585144,0.7961158061737511
TOKYOTECH_s05,97,52,98.73333333333333,-0.7693573236465454,0.6471351548804006
TOKYOTECH_s05,97,53,98.76666666666667,0.3909030854701996,0.45909585113636775
TOKYOTECH_s05,97,54,98.8,1.4654662609100342,0.24742107320249446
TOKYOTECH_s05,97,55,98.83333333333333,1.602827548980713,0.032685055120045804
TOKYOTECH_s05,97,56,98.86666666666666,1.2891476154327393,-0.16570714520975716
TOKYOTECH_s05,97,57,98.9,0.9608197808265686,-0.3358572370206322
TOKYOTECH_s05,97,58,98.93333333333334,0.6067221760749817,-0.4755330364730287
TOKYOTECH_s05,97,59,98.96666666666667,0.2064635306596756,-0.5892917860640193
TOKYOTECH_s05,97,60,99.0,0.03433894366025925,-0.6828887801454884
TOKYOTECH_s05,97,61,99.03333333333333,0.2204703539609909,-0.7581918704838483
TOKYOTECH_s05,97,62,99.06666666666666,0.47305628657341003,-0.8103118441067151
TOKYOTECH_s05,97,63,99.1,0.4890844225883484,-0.8269887900450597
TOKYOTECH_s05,97,64,99.13333333333334,0.2990884482860565,-0.7903382180321578
TOKYOTECH_s05,97,65,99.16666666666667,0.015238725580275059,-0.6818689491929529
TOKYOTECH_s05,97,66,99.2,-0.30572509765625,-0.49110320196462054
TOKYOTECH_s05,97,67,99.23333333333333,-0.565986692905426,-0.22514489893861317
TOKYOTECH_s05,97,68,99.26666666666667,-0.7970771193504333,0.0870300772907672
TOKYOTECH_s05,97,69,99.3,-0.8849826455116272,0.400850340826089
TOKYOTECH_s05,97,70,99.33333333333333,-0.8749027252197266,0.6710090413621793
TOKYOTECH_s05,97,71,99.36666666666666,-0.7934529781341553,0.8660820253116132
TOKYOTECH_s05,97,72,99.4,-0.7758041620254517,0.9746128868331246
TOKYOTECH_s05,97,73,99.43333333333334,-0.9299861192703247,1.0008591652972336
TOKYOTECH_s05,97,74,99.46666666666667,-1.0346766710281372,0.9550727861993699
TOKYOTECH_s05,97,75,99.5,-0.928953230381012,0.8456540308741106
TOKYOTECH_s05,97,76,99.53333333333333,-0.359125554561615,0.6776563438157333
TOKYOTECH_s05,97,77,99.56666666666666,0.9687982201576233,0.4567537289025438
TOKYOTECH_s05,97,78,99.6,1.7636433839797974,0.19407579200913613
TOKYOTECH_s05,97,79,99.63333333333334,1.7436527013778687,-0.09226493787236152
TOKYOTECH_s05,97,80,99.66666666666667,1.463338017463684,-0.37928485572448417
TOKYOTECH_s05,97,81,99.7,1.18580162525177,-0.642054546368752
TOKYOTECH_s05,97,82,99.73333333333333,0.8990490436553955,-0.8553188922516145
TOKYOTECH_s05,97,83,99.76666666666667,0.5275787115097046,-0.9945919463670841
TOKYOTECH_s05,97,84,99.8,0.2645299732685089,-1.0390502919953517
TOKYOTECH_s05,97,85,99.83333333333333,0.32427045702934265,-0.977053419948293
TOKYOTECH_s05,97,86,99.86666666666666,0.4945340156555176,-0.8116934674369296
TOKYOTECH_s05,97,87,99.9,0.4932517409324646,-0.5620926832921245
TOKYOTECH_s05,97,88,99.93333333333334,0.2760346233844757,-0.258671995180871
TOKYOTECH_s05,97,89,99.96666666666667,0.00852470938116312,0.06480519234676978
TOKYOTECH_s05,97,90,100.0,-0.3042558431625366,0.37710368470081373
TOKYOTECH_s05,97,91,100.03333333333333,-0.5676251649856567,0.6503661204805837
TOKYOTECH_s05,97,92,100.06666666666666,-0.7014780640602112,0.8588839811212848
TOKYOTECH_s05,97,93,100.1,-0.7678702473640442,0.9814024305648605
TOKYOTECH_s05,97,94,100.13333333333334,-0.7692504525184631,1.0079479740783546
TOKYOTECH_s05,97,95,100.16666666666667,-0.8362570405006409,0.9457013003026787
TOKYOTECH_s05,97,96,100.2,-0.7999799847602844,0.8174768270366585
TOKYOTECH_s05,97,97,100.23333333333333,-0.7877273559570312,0.6517128505372397
TOKYOTECH_s05,97,98,100.26666666666667,-0.9072083234786987,0.47002574808736675
TOKYOTECH_s05,97,99,100.3,-0.8796399235725403,0.2809348248013154
TOKYOTECH_s05,97,100,100.33333333333333,-0.15737560391426086,0.08340876540202002
TOKYOTECH_s05,97,101,100.36666666666666,1.1257405281066895,-0.12395097375440764
TOKYOTECH_s05,97,102,100.4,1.7169747352600098,-0.3361326672055258
TOKYOTECH_s05,97,103,100.43333333333334,1.5777167081832886,-0.5423600118378232
TOKYOTECH_s05,97,104,100.46666666666667,1.289744257926941,-0.7317499446453414
TOKYOTECH_s05,97,105,100.5,1.044646978378296,-0.8969341928912732
TOKYOTECH_s05,97,106,100.53333333333333,0.8191130757331848,-1.031529915956902
TOKYOTECH_s05,97,107,100.56666666666666,0.5076325535774231,-1.1240709063401235
TOKYOTECH_s05,97,108,100.6,0.3057757616043091,-1.1548460667637805
TOKYOTECH_s05,97,109,100.63333333333334,0.29539307951927185,-1.1002334879851627
TOKYOTECH_s05,97,110,100.66666666666667,0.41625428199768066,-0.9432038633993896
TOKYOTECH_s05,97,111,100.7,0.4116951525211334,-0.6835952036720961
TOKYOTECH_s05,97,112,100.73333333333333,0.15235069394111633,-0.3417483015189445
TOKYOTECH_s05,97,113,100.76666666666667,-0.15673448145389557,0.046003295646420805
TOKYOTECH_s05,97,114,100.8,-0.4343777596950531,0.43565040216457496
TOKYOTECH_s05,97,115,100.83333333333333,-0.5943654775619507,0.7822985493897088
TOKYOTECH_s05,97,116,100.86666666666666,-0.8113065361976624,1.045255796166441
TOKYOTECH_s05,97,117,100.9,-0.9471718668937683,1.1949327216162446
TOKYOTECH_s05,97,118,100.93333333333334,-0.8242982625961304,1.221378797972673
TOKYOTECH_s05,97,119,100.96666666666667,-0.8067830204963684,1.138878048734443
TOKYOTECH_s05,97,120,101.0,-0.9218741059303284,0.9815956380258425
TOKYOTECH_s05,97,121,101.03333333333333,-0.922105610370636,0.7910317257856672
TOKYOTECH_s05,97,122,101.06666666666666,-0.9760760068893433,0.6015780030645803
TOKYOTECH_s05,97,123,101.1,-0.8056432604789734,0.4314301993298314
TOKYOTECH_s05,97,124,101.13333333333334,0.33585527539253235,0.2818153606848244
TOKYOTECH_s05,97,125,101.16666666666667,1.4326618909835815,0.1421263750107713
TOKYOTECH_s05,97,126,101.2,1.573068618774414,-0.0033802272406746395
TOKYOTECH_s05,97,127,101.23333333333333,1.28203284740448,-0.16992608760606787
TOKYOTECH_s05,97,128,101.26666666666667,0.9794925451278687,-0.3673674839473979
TOKYOTECH_s05,97,129,101.3,0.6195269227027893,-0.5949344328789802
TOKYOTECH_s05,97,130,101.33333333333333,0.24746888875961304,-0.8362076063376072
TOKYOTECH_s05,97,131,101.36666666666666,0.06840767711400986,-1.0576431818055778
TOKYOTECH_s05,97,132,101.4,0.2206929624080658,-1.2143067078780208
TOKYOTECH_s05,97,133,101.43333333333334,0.4138856530189514,-1.2631877499154525
TOKYOTECH_s05,97,134,101.46666666666667,0.3690691590309143,-1.1790676538169218
TOKYOTECH_s05,97,135,101.5,0.13585059344768524,-0.964802303269203
TOKYOTECH_s05,97,136,101.53333333333333,-0.20883488655090332,-0.6503492538599361
TOKYOTECH_s05,97,137,101.56666666666666,-0.5279287695884705,-0.2814418249236874
TOKYOTECH_s05,97,138,101.6,-0.7392867207527161,0.0950692080311757
TOKYOTECH_s05,97,139,101.63333333333334,-0.7997395396232605,0.4413118927504377
TOKYOTECH_s05,97,140,101.66666666666667,-0.9015717506408691,0.7312750929681997
TOKYOTECH_s05,97,141,101.7,-0.9565216302871704,0.9494943674724109
TOKYOTECH_s05,97,142,101.73333333333333,-0.9951850771903992,1.0892373561264022
TOKYOTECH_s05,97,143,101.76666666666667,-0.9740457534790039,1.1510405265251522
TOKYOTECH_s05,97,144,101.8,-0.9373946785926819,1.1403901634643012
TOKYOTECH_s05,97,145,101.83333333333333,-0.49499088525772095,1.06402363366596
TOKYOTECH_s05,97,146,101.86666666666666,0.6718588471412659,0.9267440319620305
TOKYOTECH_s05,97,147,101.9,1.5448590517044067,0.7314861463424176
TOKYOTECH_s05,97,148,101.93333333333334,1.5527395009994507,0.4828336952280935
TOKYOTECH_s05,97,149,101.96666666666667,1.2107610702514648,0.1911236571059799
TOKYOTECH_s05,97,150,102.0,0.8830297589302063,-0.12588321688795673
TOKYOTECH_s05,97,151,102.03333333333333,0.5464473962783813,-0.4443664260407814
TOKYOTECH_s05,97,152,102.06666666666666,0.18096984922885895,-0.7370144616603044
TOKYOTECH_s05,97,153,102.1,0.007652065716683865,-0.9748961479741558
TOKYOTECH_s05,97,154,102.13333333333334,0.1407569944858551,-1.1292159809244264
TOKYOTECH_s05,97,155,102.16666666666667,0.3516519069671631,-1.1755272224619828
TOKYOTECH_s05,97,156,102.2,0.3543143570423126,-1.1015865237539295
TOKYOTECH_s05,97,157,102.23333333333333,0.11575306951999664,-0.9158961565941035
TOKYOTECH_s05,97,158,102.26666666666667,-0.2069738358259201,-0.6505219423317667
TOKYOTECH_s05,97,159,102.3,-0.5021234154701233,-0.35329046306202216
TOKYOTECH_s05,97,160,102.33333333333333,-0.7781104445457458,-0.07164179078816982
TOKYOTECH_s05,97,161,102.36666666666666,-0.9809200167655945,0.1627870556638191
TOKYOTECH_s05,97,162,102.4,-1.030251145362854,0.33978345562901796
TOKYOTECH_s05,97,163,102.43333333333334,-0.9680529832839966,0.4644081083221836
TOKYOTECH_s05,97,164,102.46666666666667,-0.9664323925971985,0.5459441998457337
TOKYOTECH_s05,97,165,102.5,-1.0722715854644775,0.5913129242937647
TOKYOTECH_s05,97,166,102.53333333333333,-1.0965542793273926,0.6055519719926968
TOKYOTECH_s05,97,167,102.56666666666666,-0.6617193222045898,0.594167294305595
TOKYOTECH_s05,97,168,102.6,0.5889398455619812,0.5620324166772883
TOKYOTECH_s05,97,169,102.63333333333334,1.6434500217437744,0.5092742830460365
TOKYOTECH_s05,97,170,102.66666666666667,1.737953782081604,0.4293562555314935
TOKYOTECH_s05,97,171,102.7,1.4321277141571045,0.3136775967255366
TOKYOTECH_s05,97,172,102.73333333333333,1.1909841299057007,0.16081642806818164
TOKYOTECH_s05,97,173,102.76666666666667,0.9214795231819153,-0.01680923513784299
TOKYOTECH_s05,97,174,102.8,0.6016020774841309,-0.19494208422397888
TOKYOTECH_s05,97,175,102.83333333333333,0.3273870646953583,-0.3475098265357226
TOKYOTECH_s05,97,176,102.86666666666666,0.23771843314170837,-0.45723985323671484
TOKYOTECH_s05,97,177,102.9,0.3506011664867401,-0.5187838783967901
TOKYOTECH_s05,97,178,102.93333333333334,0.4154261648654938,-0.533247969555948
TOKYOTECH_s05,97,179,102.96666666666667,0.27241048216819763,-0.5007124699929428
TOKYOTECH_s05,97,180,103.0,0.015772998332977295,-0.41826430056458613
TOKYOTECH_s05,97,181,103.03333333333333,-0.260009229183197,-0.2852760855454988
TOKYOTECH_s05,97,182,103.06666666666666,-0.4968341290950775,-0.11055570887248965
TOKYOTECH_s05,97,183,103.1,-0.7260634899139404,0.08589807974922921
TOKYOTECH_s05,97,184,103.13333333333334,-0.9102537035942078,0.2783786453922515
TOKYOTECH_s05,97,185,103.16666666666667,-0.9674652814865112,0.4434868340298375
TOKYOTECH_s05,97,186,103.2,-0.9013046622276306,0.5649666608564481
TOKYOTECH_s05,97,187,103.23333333333333,-0.8511810302734375,0.6334616991699685
TOKYOTECH_s05,97,188,103.26666666666667,-0.9695311784744263,0.6434657657936267
TOKYOTECH_s05,97,189,103.3,-1.1094034910202026,0.5912138178315655
TOKYOTECH_s05,97,190,103.33333333333333,-0.8865231275558472,0.475509941206513
TOKYOTECH_s05,97,191,103.36666666666666,0.21101373434066772,0.3006256597266565
TOKYOTECH_s05,97,192,103.4,1.392084002494812,0.07890398124128149
TOKYOTECH_s05,97,193,103.43333333333334,1.6989073753356934,-0.16890111406501904
TOKYOTECH_s05,97,194,103.46666666666667,1.443489909172058,-0.41609146158076743
TOKYOTECH_s05,97,195,103.5,1.1637896299362183,-0.6345203955321239
TOKYOTECH_s05,97,196,103.53333333333333,0.9546310901641846,-0.7998547202051558
TOKYOTECH_s05,97,197,103.56666666666666,0.6478433012962341,-0.8965016096935308
TOKYOTECH_s05,97,198,103.6,0.3084203898906708,-0.9211963742912233
TOKYOTECH_s05,97,199,103.63333333333334,0.14970605075359344,-0.8836397813323794
TOKYOTECH_s05,97,200,103.66666666666667,0.2036585956811905,-0.8019515152850829
TOKYOTECH_s05,97,201,103.7,0.2747345566749573,-0.6927119852803668
TOKYOTECH_s05,97,202,103.73333333333333,0.21145007014274597,-0.5604252725650427
TOKYOTECH_s05,97,203,103.76666666666667,0.00505194254219532,-0.3942890163627172
TOKYOTECH_s05,97,204,103.8,-0.33783483505249023,-0.17664880865105084
TOKYOTECH_s05,97,205,103.83333333333333,-0.6954764127731323,0.10064121439407836
TOKYOTECH_s05,97,206,103.86666666666666,-0.894127607345581,0.4225218906710086
TOKYOTECH_s05,97,207,103.9,-0.9403865933418274,0.7496290373461927
TOKYOTECH_s05,97,208,103.93333333333334,-1.0196547508239746,1.0308765251145697
TOKYOTECH_s05,97,209,103.96666666666667,-1.1223150491714478,1.2216186429720486
TOKYOTECH_s05,97,210,104.0,-1.0782822370529175,1.2974855593865893
TOKYOTECH_s05,97,211,104.03333333333333,-0.9979633092880249,1.2585104144531505
TOKYOTECH_s05,97,212,104.06666666666666,-1.037998080253601,1.1239147514618797
TOKYOTECH_s05,97,213,104.1,-1.1693755388259888,0.9219392610325999
TOKYOTECH_s05,97,214,104.13333333333334,-0.8921774625778198,0.6803558118653243
TOKYOTECH_s05,97,215,104.16666666666667,0.4777400493621826,0.42156183389484464
TOKYOTECH_s05,97,216,104.2,1.578624963760376,0.16255754103401096
TOKYOTECH_s05,97,217,104.23333333333333,1.6649811267852783,-0.08278234049821112
TOKYOTECH_s05,97,218,104.26666666666667,1.3547383546829224,-0.30203302248259645
TOKYOTECH_s05,97,219,104.3,1.0308895111083984,-0.48443504388451053
TOKYOTECH_s05,97,220,104.33333333333333,0.7314301133155823,-0.6225507409895883
TOKYOTECH_s05,97,221,104.36666666666666,0.426788330078125,-0.7139731901825667
TOKYOTECH_s05,97,222,104.4,0.1839083433151245,-0.7616997181939571
TOKYOTECH_s05,97,223,104.43333333333334,0.15545837581157684,-0.772358956531109
TOKYOTECH_s05,97,224,104.46666666666667,0.23637384176254272,-0.7523753611778308
TOKYOTECH_s05,97,225,104.5,0.2870495319366455,-0.7036959284597832
TOKYOTECH_s05,97,226,104.53333333333333,0.15586797893047333,-0.6223633298249747
TOKYOTECH_s05,97,227,104.56666666666666,-0.12070674449205399,-0.5025622859667982
TOKYOTECH_s05,97,228,104.6,-0.4779743254184723,-0.3447586264437096
TOKYOTECH_s05,97,229,104.63333333333334,-0.7711648941040039,-0.1623836651360498
TOKYOTECH_s05,97,230,104.66666666666667,-0.8772178888320923,0.01879090332398156
TOKYOTECH_s05,97,231,104.7,-0.9469314217567444,0.1698679495560651
TOKYOTECH_s05,97,232,104.73333333333333,-1.0416756868362427,0.271225188817772
TOKYOTECH_s05,97,233,104.76666666666667,-1.0394049882888794,0.31978184170375545
TOKYOTECH_s05,97,234,104.8,-0.9730306267738342,0.32691190027780925
TOKYOTECH_s05,97,235,104.83333333333333,-1.0705353021621704,0.3097400504570376
TOKYOTECH_s05,97,236,104.86666666666666,-1.152830958366394,0.28225852299348203
TOKYOTECH_s05,97,237,104.9,-0.9187219142913818,0.251256649562875
TOKYOTECH_s05,97,238,104.93333333333334,0.10833559930324554,0.2174790443424009
TOKYOTECH_s05,97,239,104.96666666666667,1.3106787204742432,0.1788410621021201
TOKYOTECH_s05,98,0,98.0,1.1541727781295776,-0.11339103570115129
TOKYOTECH_s05,98,1,98.03333333333333,1.859349250793457,-1.669038109559688
TOKYOTECH_s05,98,2,98.06666666666666,1.7184172868728638,-2.99803280424972
TOKYOTECH_s05,98,3,98.1,1.4132144451141357,-3.931027607698043
TOKYOTECH_s05,98,4,98.13333333333334,1.0814405679702759,-4.392380356925411
TOKYOTECH_s05,98,5,98.16666666666667,0.7011547088623047,-4.4086573376820635
TOKYOTECH_s05,98,6,98.2,0.3402363061904907,-4.083921167304091
TOKYOTECH_s05,98,7,98.23333333333333,0.1463579386472702,-3.5555090453473954
TOKYOTECH_s05,98,8,98.26666666666667,0.2899702191352844,-2.9499430531931847
TOKYOTECH_s05,98,9,98.3,0.5030556321144104,-2.353473876894365
TOKYOTECH_s05,98,10,98.33333333333333,0.4800552427768707,-1.8029472901467058
TOKYOTECH_s05,98,11,98.36666666666666,0.22673024237155914,-1.295217269163766
TOKYOTECH_s05,98,12,98.4,-0.1399405300617218,-0.808708659046238
TOKYOTECH_s05,98,13,98.43333333333334,-0.4993273913860321,-0.32756005211582045
TOKYOTECH_s05,98,14,98.46666666666667,-0.7015225887298584,0.1431086900132701
TOKYOTECH_s05,98,15,98.5,-0.7590547800064087,0.5784930511892025
TOKYOTECH_s05,98,16,98.53333333333333,-0.8404688835144043,0.9489486943250621
TOKYOTECH_s05,98,17,98.56666666666666,-0.9534673690795898,1.2361371487696913
TOKYOTECH_s05,98,18,98.6,-0.881536602973938,1.4389139784280385
TOKYOTECH_s05,98,19,98.63333333333334,-0.8927384614944458,1.566650731383537
TOKYOTECH_s05,98,20,98.66666666666667,-1.0242762565612793,1.6277579081276967
TOKYOTECH_s05,98,21,98.7,-1.045103907585144,1.6238471940659456
TOKYOTECH_s05,98,22,98.73333333333333,-0.7693573236465454,1.553015702616562
TOKYOTECH_s05,98,23,98.76666666666667,0.3909030854701996,1.417059174880663
TOKYOTECH_s05,98,24,98.8,1.4654662609100342,1.22551445740138
TOKYOTECH_s05,98,25,98.83333333333333,1.602827548980713,0.9937062856722173
TOKYOTECH_s05,98,26,98.86666666666666,1.2891476154327393,0.7371779029539078
TOKYOTECH_s05,98,27,98.9,0.9608197808265686,0.46732101439375956
TOKYOTECH_s05,98,28,98.93333333333334,0.6067221760749817,0.19159567275164738
TOKYOTECH_s05,98,29,98.96666666666667,0.2064635306596756,-0.08207425839811701
TOKYOTECH_s05,98,30,99.0,0.03433894366025925,-0.34046244858908886
TOKYOTECH_s05,98,31,99.03333333333333,0.2204703539609909,-0.5637298879023658
TOKYOTECH_s05,98,32,99.06666666666666,0.47305628657341003,-0.7285280686939335
TOKYOTECH_s05,98,33,99.1,0.4890844225883484,-0.8132463365758344
TOKYOTECH_s05,98,34,99.13333333333334,0.2990884482860565,-0.8029061644324429
TOKYOTECH_s05,98,35,99.16666666666667,0.015238725580275059,-0.693012574396142
TOKYOTECH_s05,98,36,99.2,-0.30572509765625,-0.4928317320062973
TOKYOTECH_s05,98,37,99.23333333333333,-0.565986692905426,-0.227415979048105
TOKYOTECH_s05,98,38,99.26666666666667,-0.7970771193504333,0.06466360347791358
TOKYOTECH_s05,98,39,99.3,-0.8849826455116272,0.34014230923562927
TOKYOTECH_s05,98,40,99.33333333333333,-0.8749027252197266,0.5632169533883414
TOKYOTECH_s05,98,41,99.36666666666666,-0.7934529781341553,0.713669891676835
TOKYOTECH_s05,98,42,99.4,-0.7758041620254517,0.7863630547468482
TOKYOTECH_s05,98,43,99.43333333333334,-0.9299861192703247,0.7840868358581587
TOKYOTECH_s05,98,44,99.46666666666667,-1.0346766710281372,0.7099816301687101
TOKYOTECH_s05,98,45,99.5,-0.928953230381012,0.5651019430206299
TOKYOTECH_s05,98,46,99.53333333333333,-0.359125554561615,0.35226347607456165
TOKYOTECH_s05,98,47,99.56666666666666,0.9687982201576233,0.08242491447284825
TOKYOTECH_s05,98,48,99.6,1.7636433839797974,-0.22204894643699438
TOKYOTECH_s05,98,49,99.63333333333334,1.7436527013778687,-0.5303684841616171
TOKYOTECH_s05,98,50,99.66666666666667,1.463338017463684,-0.8104264918530315
TOKYOTECH_s05,98,51,99.7,1.18580162525177,-1.0348091379390598
TOKYOTECH_s05,98,52,99.73333333333333,0.8990490436553955,-1.1826174896548582
TOKYOTECH_s05,98,53,99.76666666666667,0.5275787115097046,-1.2384956314079756
TOKYOTECH_s05,98,54,99.8,0.2645299732685089,-1.192466774551061
TOKYOTECH_s05,98,55,99.83333333333333,0.32427045702934265,-1.0425602626313775
TOKYOTECH_s05,98,56,99.86666666666666,0.4945340156555176,-0.7984835052138534
TOKYOTECH_s05,98,57,99.9,0.4932517409324646,-0.48255483579630765
TOKYOTECH_s05,98,58,99.93333333333334,0.2760346233844757,-0.12609600376560176
TOKYOTECH_s05,98,59,99.96666666666667,0.00852470938116312,0.2366165317109685
TOKYOTECH_s05,98,60,100.0,-0.3042558431625366,0.572789899918641
TOKYOTECH_s05,98,61,100.03333333333333,-0.5676251649856567,0.8521158311575131
TOKYOTECH_s05,98,62,100.06666666666666,-0.7014780640602112,1.0473381660605687
TOKYOTECH_s05,98,63,100.1,-0.7678702473640442,1.1388567867587436
TOKYOTECH_s05,98,64,100.13333333333334,-0.7692504525184631,1.122779031571709
TOKYOTECH_s05,98,65,100.16666666666667,-0.8362570405006409,1.0159735964831562
TOKYOTECH_s05,98,66,100.2,-0.7999799847602844,0.8519587561561872
TOKYOTECH_s05,98,67,100.23333333333333,-0.7877273559570312,0.6677539671180751
TOKYOTECH_s05,98,68,100.26666666666667,-0.9072083234786987,0.48901996213096016
TOKYOTECH_s05,98,69,100.3,-0.8796399235725403,0.3228179126433617
TOKYOTECH_s05,98,70,100.33333333333333,-0.15737560391426086,0.16181977350843987
TOKYOTECH_s05,98,71,100.36666666666666,1.1257405281066895,-0.004426361236716668
TOKYOTECH_s05,98,72,100.4,1.7169747352600098,-0.17979523502504935
TOKYOTECH_s05,98,73,100.43333333333334,1.5777167081832886,-0.3594559119204282
TOKYOTECH_s05,98,74,100.46666666666667,1.289744257926941,-0.5341830629072305
TOKYOTECH_s05,98,75,100.5,1.044646978378296,-0.6949932970244188
TOKYOTECH_s05,98,76,100.53333333333333,0.8191130757331848,-0.8337227296536918
TOKYOTECH_s05,98,77,100.56666666666666,0.5076325535774231,-0.9404123475913413
TOKYOTECH_s05,98,78,100.6,0.3057757616043091,-1.0014723492791582
TOKYOTECH_s05,98,79,100.63333333333334,0.29539307951927185,-1.001623060873727
TOKYOTECH_s05,98,80,100.66666666666667,0.41625428199768066,-0.9290472685189058
TOKYOTECH_s05,98,81,100.7,0.4116951525211334,-0.7802601817062953
TOKYOTECH_s05,98,82,100.73333333333333,0.15235069394111633,-0.5614833142060099
TOKYOTECH_s05,98,83,100.76666666666667,-0.15673448145389557,-0.2866152875047549
TOKYOTECH_s05,98,84,100.8,-0.4343777596950531,0.024671755211535668
TOKYOTECH_s05,98,85,100.83333333333333,-0.5943654775619507,0.3460764803501258
TOKYOTECH_s05,98,86,100.86666666666666,-0.8113065361976624,0.6439949973024821
TOKYOTECH_s05,98,87,100.9,-0.9471718668937683,0.8825106898151803
TOKYOTECH_s05,98,88,100.93333333333334,-0.8242982625961304,1.033883095201612
TOKYOTECH_s05,98,89,100.96666666666667,-0.8067830204963684,1.0875583219704008
TOKYOTECH_s05,98,90,101.0,-0.9218741059303284,1.0512194041792526
TOKYOTECH_s05,98,91,101.03333333333333,-0.922105610370636,0.9437795729127411
TOKYOTECH_s05,98,92,101.06666666666666,-0.9760760068893433,0.7860343564059686
TOKYOTECH_s05,98,93,101.1,-0.8056432604789734,0.5953231304395235
TOKYOTECH_s05,98,94,101.13333333333334,0.33585527539253235,0.38578075429223013
TOKYOTECH_s05,98,95,101.16666666666667,1.4326618909835815,0.17050276656589444
TOKYOTECH_s05,98,96,101.2,1.573068618774414,-0.03880319769696493
TOKYOTECH_s05,98,97,101.23333333333333,1.28203284740448,-0.23533182601999178
TOKYOTECH_s05,98,98,101.26666666666667,0.9794925451278687,-0.4198769861718216
TOKYOTECH_s05,98,99,101.3,0.6195269227027893,-0.5978274142375203
TOKYOTECH_s05,98,100,101.33333333333333,0.24746888875961304,-0.7701045188387609
TOKYOTECH_s05,98,101,101.36666666666666,0.06840767711400986,-0.9237313886852714
TOKYOTECH_s05,98,102,101.4,0.2206929624080658,-1.0298458979353817
TOKYOTECH_s05,98,103,101.43333333333334,0.4138856530189514,-1.052921416045053
TOKYOTECH_s05,98,104,101.46666666666667,0.3690691590309143,-0.9670024699891738
TOKYOTECH_s05,98,105,101.5,0.13585059344768524,-0.7692882391337446
TOKYOTECH_s05,98,106,101.53333333333333,-0.20883488655090332,-0.48317881444515065
TOKYOTECH_s05,98,107,101.56666666666666,-0.5279287695884705,-0.14994279880946182
TOKYOTECH_s05,98,108,101.6,-0.7392867207527161,0.185104717972999
TOKYOTECH_s05,98,109,101.63333333333334,-0.7997395396232605,0.48425326547291153
TOKYOTECH_s05,98,110,101.66666666666667,-0.9015717506408691,0.7230841852117743
TOKYOTECH_s05,98,111,101.7,-0.9565216302871704,0.8911495779442171
TOKYOTECH_s05,98,112,101.73333333333333,-0.9951850771903992,0.9897199421291513
TOKYOTECH_s05,98,113,101.76666666666667,-0.9740457534790039,1.0273579004406526
TOKYOTECH_s05,98,114,101.8,-0.9373946785926819,1.0136234763072933
TOKYOTECH_s05,98,115,101.83333333333333,-0.49499088525772095,0.9526241744362203
TOKYOTECH_s05,98,116,101.86666666666666,0.6718588471412659,0.8399544762801887
TOKYOTECH_s05,98,117,101.9,1.5448590517044067,0.6659454305518929
TOKYOTECH_s05,98,118,101.93333333333334,1.5527395009994507,0.42410388171853575
TOKYOTECH_s05,98,119,101.96666666666667,1.2107610702514648,0.11973035960092167
TOKYOTECH_s05,98,120,102.0,0.8830297589302063,-0.226248611914999
TOKYOTECH_s05,98,121,102.03333333333333,0.5464473962783813,-0.5796564930432698
TOKYOTECH_s05,98,122,102.06666666666666,0.18096984922885895,-0.899201174864825
TOKYOTECH_s05,98,123,102.1,0.007652065716683865,-1.1430323822108839
TOKYOTECH_s05,98,124,102.13333333333334,0.1407569944858551,-1.275023640390419
TOKYOTECH_s05,98,125,102.16666666666667,0.3516519069671631,-1.2722141964890268
TOKYOTECH_s05,98,126,102.2,0.3543143570423126,-1.133055591744884
TOKYOTECH_s05,98,127,102.23333333333333,0.11575306951999664,-0.8824696621029486
TOKYOTECH_s05,98,128,102.26666666666667,-0.2069738358259201,-0.5685132006769682
TOKYOTECH_s05,98,129,102.3,-0.5021234154701233,-0.24885000539120383
TOKYOTECH_s05,98,130,102.33333333333333,-0.7781104445457458,0.02814451022147947
TOKYOTECH_s05,98,131,102.36666666666666,-0.9809200167655945,0.2380666716124087
TOKYOTECH_s05,98,132,102.4,-1.030251145362854,0.3829605115036943
TOKYOTECH_s05,98,133,102.43333333333334,-0.9680529832839966,0.4811613664104704
TOKYOTECH_s05,98,134,102.46666666666667,-0.9664323925971985,0.5526556622449119
TOKYOTECH_s05,98,135,102.5,-1.0722715854644775,0.6100580254322964
TOKYOTECH_s05,98,136,102.53333333333333,-1.0965542793273926,0.6580920649988569
TOKYOTECH_s05,98,137,102.56666666666666,-0.6617193222045898,0.6963565418431238
TOKYOTECH_s05,98,138,102.6,0.5889398455619812,0.719740416801128
TOKYOTECH_s05,98,139,102.63333333333334,1.6434500217437744,0.7164160075692939
TOKYOTECH_s05,98,140,102.66666666666667,1.737953782081604,0.6681013742073998
TOKYOTECH_s05,98,141,102.7,1.4321277141571045,0.556616074904697
TOKYOTECH_s05,98,142,102.73333333333333,1.1909841299057007,0.3748702549472969
TOKYOTECH_s05,98,143,102.76666666666667,0.9214795231819153,0.13506384437269048
TOKYOTECH_s05,98,144,102.8,0.6016020774841309,-0.13242961242591
TOKYOTECH_s05,98,145,102.83333333333333,0.3273870646953583,-0.3896025477024535
TOKYOTECH_s05,98,146,102.86666666666666,0.23771843314170837,-0.6037001593339779
TOKYOTECH_s05,98,147,102.9,0.3506011664867401,-0.7538965056703162
TOKYOTECH_s05,98,148,102.93333333333334,0.4154261648654938,-0.8294827087724751
TOKYOTECH_s05,98,149,102.96666666666667,0.27241048216819763,-0.8247742286596622
TOKYOTECH_s05,98,150,103.0,0.015772998332977295,-0.7373089548225329
TOKYOTECH_s05,98,151,103.03333333333333,-0.260009229183197,-0.5711905458862415
TOKYOTECH_s05,98,152,103.06666666666666,-0.4968341290950775,-0.3415933917369962
TOKYOTECH_s05,98,153,103.1,-0.7260634899139404,-0.07498117244913846
TOKYOTECH_s05,98,154,103.13333333333334,-0.9102537035942078,0.19602898766751112
TOKYOTECH_s05,98,155,103.16666666666667,-0.9674652814865112,0.4394453578965491
TOKYOTECH_s05,98,156,103.2,-0.9013046622276306,0.6286798287869763
TOKYOTECH_s05,98,157,103.23333333333333,-0.8511810302734375,0.7446816396684427
TOKYOTECH_s05,98,158,103.26666666666667,-0.9695311784744263,0.7765588854792564
TOKYOTECH_s05,98,159,103.3,-1.1094034910202026,0.721766708271015
TOKYOTECH_s05,98,160,103.33333333333333,-0.8865231275558472,0.586288067274143
TOKYOTECH_s05,98,161,103.36666666666666,0.21101373434066772,0.3845518070638145
TOKYOTECH_s05,98,162,103.4,1.392084002494812,0.13839975997840873
TOKYOTECH_s05,98,163,103.43333333333334,1.6989073753356934,-0.12526470620287591
TOKYOTECH_s05,98,164,103.46666666666667,1.443489909172058,-0.3775583446516267
TOKYOTECH_s05,98,165,103.5,1.1637896299362183,-0.59059534364246
TOKYOTECH_s05,98,166,103.53333333333333,0.9546310901641846,-0.740603141302322
TOKYOTECH_s05,98,167,103.56666666666666,0.6478433012962341,-0.8120562162714874
TOKYOTECH_s05,98,168,103.6,0.3084203898906708,-0.8023065458701301
TOKYOTECH_s05,98,169,103.63333333333334,0.14970605075359344,-0.7238246718647813
TOKYOTECH_s05,98,170,103.66666666666667,0.2036585956811905,-0.6003818681915507
TOKYOTECH_s05,98,171,103.7,0.2747345566749573,-0.45643655459197036
TOKYOTECH_s05,98,172,103.73333333333333,0.21145007014274597,-0.30480439652154423
TOKYOTECH_s05,98,173,103.76666666666667,0.00505194254219532,-0.14120889722398106
TOKYOTECH_s05,98,174,103.8,-0.33783483505249023,0.048859083159437974
TOKYOTECH_s05,98,175,103.83333333333333,-0.6954764127731323,0.2740046958475381
TOKYOTECH_s05,98,176,103.86666666666666,-0.894127607345581,0.5224371967086218
TOKYOTECH_s05,98,177,103.9,-0.9403865933418274,0.7601454422299382
TOKYOTECH_s05,98,178,103.93333333333334,-1.0196547508239746,0.9433804715311047
TOKYOTECH_s05,98,179,103.96666666666667,-1.1223150491714478,1.0368526150093837
TOKYOTECH_s05,98,180,104.0,-1.0782822370529175,1.02689227710175
TOKYOTECH_s05,98,181,104.03333333333333,-0.9979633092880249,0.9238520953134649
TOKYOTECH_s05,98,182,104.06666666666666,-1.037998080253601,0.7545911212431731
TOKYOTECH_s05,98,183,104.1,-1.1693755388259888,0.5503419662866287
TOKYOTECH_s05,98,184,104.13333333333334,-0.8921774625778198,0.33626408409731173
TOKYOTECH_s05,98,185,104.16666666666667,0.4777400493621826,0.1267331565406372
TOKYOTECH_s05,98,186,104.2,1.578624963760376,-0.07343837604458635
TOKYOTECH_s05,98,187,104.23333333333333,1.6649811267852783,-0.2645176730125167
TOKYOTECH_s05,98,188,104.26666666666667,1.3547383546829224,-0.44710025070555237
TOKYOTECH_s05,98,189,104.3,1.0308895111083984,-0.6189180756012845
TOKYOTECH_s05,98,190,104.33333333333333,0.7314301133155823,-0.7739647393874436
TOKYOTECH_s05,98,191,104.36666666666666,0.426788330078125,-0.9037224711589741
TOKYOTECH_s05,98,192,104.4,0.1839083433151245,-0.9991278299437816
TOKYOTECH_s05,98,193,104.43333333333334,0.15545837581157684,-1.0515178120089543
TOKYOTECH_s05,98,194,104.46666666666667,0.23637384176254272,-1.0519335792335993
TOKYOTECH_s05,98,195,104.5,0.2870495319366455,-0.9901001631396388
TOKYOTECH_s05,98,196,104.53333333333333,0.15586797893047333,-0.8555725491350871
TOKYOTECH_s05,98,197,104.56666666666666,-0.12070674449205399,-0.6425342344337995
TOKYOTECH_s05,98,198,104.6,-0.4779743254184723,-0.3566244186879526
TOKYOTECH_s05,98,199,104.63333333333334,-0.7711648941040039,-0.019265027356512008
TOKYOTECH_s05,98,200,104.66666666666667,-0.8772178888320923,0.3350036644907775
TOKYOTECH_s05,98,201,104.7,-0.9469314217567444,0.668593933463829
TOKYOTECH_s05,98,202,104.73333333333333,-1.0416756868362427,0.9527419569714451
TOKYOTECH_s05,98,203,104.76666666666667,-1.0394049882888794,1.173183569182138
TOKYOTECH_s05,98,204,104.8,-0.9730306267738342,1.326164551447166
TOKYOTECH_s05,98,205,104.83333333333333,-1.0705353021621704,1.4087913580684144
TOKYOTECH_s05,98,206,104.86666666666666,-1.152830958366394,1.4118385993647815
TOKYOTECH_s05,98,207,104.9,-0.9187219142913818,1.3210388991527124
TOKYOTECH_s05,98,208,104.93333333333334,0.10833559930324554,1.126184934698073
TOKYOTECH_s05,98,209,104.96666666666667,1.3106787204742432,0.831378895391205
TOKYOTECH_s05,98,210,105.0,1.6338152885437012,0.45912661041194136
TOKYOTECH_s05,98,211,105.03333333333333,1.3105452060699463,0.04560475156133415
TOKYOTECH_s05,98,212,105.06666666666666,0.8895745873451233,-0.3693529607453261
TOKYOTECH_s05,98,213,105.1,0.485264390707016,-0.7510016814256827
TOKYOTECH_s05,98,214,105.13333333333334,0.04593264311552048,-1.0730158974678161
TOKYOTECH_s05,98,215,105.16666666666667,-0.21142610907554626,-1.315947821860977
TOKYOTECH_s05,98,216,105.2,-0.0182334054261446,-1.464093074680103
TOKYOTECH_s05,98,217,105.23333333333333,0.3253568112850189,-1.5039660069849738
TOKYOTECH_s05,98,218,105.26666666666667,0.3511621654033661,-1.4259937188808207
TOKYOTECH_s05,98,219,105.3,0.1012030690908432,-1.2293083027676517
TOKYOTECH_s05,98,220,105.33333333333333,-0.23916372656822205,-0.9281627797577426
TOKYOTECH_s05,98,221,105.36666666666666,-0.5497626662254333,-0.5566900936076778
TOKYOTECH_s05,98,222,105.4,-0.7431601881980896,-0.16694965027261477
TOKYOTECH_s05,98,223,105.43333333333334,-0.9297367930412292,0.1827493288668524
TOKYOTECH_s05,98,224,105.46666666666667,-1.0891011953353882,0.44529690855822224
TOKYOTECH_s05,98,225,105.5,-1.1397234201431274,0.5987546590535118
TOKYOTECH_s05,98,226,105.53333333333333,-1.045469045639038,0.649798499376479
TOKYOTECH_s05,98,227,105.56666666666666,-1.018604040145874,0.6261388219010464
TOKYOTECH_s05,98,228,105.6,-1.130614161491394,0.5624541887998884
TOKYOTECH_s05,98,229,105.63333333333334,-1.2002921104431152,0.4864111116071192
TOKYOTECH_s05,98,230,105.66666666666667,-0.721388578414917,0.41098334655323937
TOKYOTECH_s05,98,231,105.7,0.6692675948143005,0.33606014237052517
TOKYOTECH_s05,98,232,105.73333333333333,1.6234771013259888,0.2569103469307096
TOKYOTECH_s05,98,233,105.76666666666667,1.6386593580245972,0.1731771465010541
TOKYOTECH_s05,98,234,105.8,1.326208233833313,0.09278204106805556
TOKYOTECH_s05,98,235,105.83333333333333,0.9650405049324036,0.0292763792329848
TOKYOTECH_s05,98,236,105.86666666666666,0.6114237904548645,-0.004562585354633434
TOKYOTECH_s05,98,237,105.9,0.2389383465051651,-0.0025279342831853917
TOKYOTECH_s05,98,238,105.93333333333334,0.040117986500263214,0.03248066574896129
TOKYOTECH_s05,98,239,105.96666666666667,0.0920046865940094,0.08922808957050518
TOKYOTECH_s05,99,0,99.0,0.03433894366025925,0.0888491802610875
TOKYOTECH_s05,99,1,99.03333333333333,0.2204703539609909,-1.4136250161629231
TOKYOTECH_s05,99,2,99.06666666666666,0.47305628657341003,-2.67063396502182
TOKYOTECH_s05,99,3,99.1,0.4890844225883484,-3.497899161848464
TOKYOTECH_s05,99,4,99.13333333333334,0.2990884482860565,-3.8165248203696542
TOKYOTECH_s05,99,5,99.16666666666667,0.015238725580275059,-3.662412459604524
TOKYOTECH_s05,99,6,99.2,-0.30572509765625,-3.1600671034061985
TOKYOTECH_s05,99,7,99.23333333333333,-0.565986692905426,-2.4758165071159146
TOKYOTECH_s05,99,8,99.26666666666667,-0.7970771193504333,-1.7690313990274757
TOKYOTECH_s05,99,9,99.3,-0.8849826455116272,-1.154410738078065
TOKYOTECH_s05,99,10,99.33333333333333,-0.8749027252197266,-0.6836713047914396
TOKYOTECH_s05,99,11,99.36666666666666,-0.7934529781341553,-0.3502917524527998
TOKYOTECH_s05,99,12,99.4,-0.7758041620254517,-0.1130017294605753
TOKYOTECH_s05,99,13,99.43333333333334,-0.9299861192703247,0.07386891201570889
TOKYOTECH_s05,99,14,99.46666666666667,-1.0346766710281372,0.23685742804768198
TOKYOTECH_s05,99,15,99.5,-0.928953230381012,0.3753871130487394
TOKYOTECH_s05,99,16,99.53333333333333,-0.359125554561615,0.46938093564068534
TOKYOTECH_s05,99,17,99.56666666666666,0.9687982201576233,0.49513948716539613
TOKYOTECH_s05,99,18,99.6,1.7636433839797974,0.44005554287278115
TOKYOTECH_s05,99,19,99.63333333333334,1.7436527013778687,0.3100212990777933
TOKYOTECH_s05,99,20,99.66666666666667,1.463338017463684,0.12903815548726277
TOKYOTECH_s05,99,21,99.7,1.18580162525177,-0.0657726013536729
TOKYOTECH_s05,99,22,99.73333333333333,0.8990490436553955,-0.23103189860554846
TOKYOTECH_s05,99,23,99.76666666666667,0.5275787115097046,-0.32526989106261495
TOKYOTECH_s05,99,24,99.8,0.2645299732685089,-0.3182460235020441
TOKYOTECH_s05,99,25,99.83333333333333,0.32427045702934265,-0.19959461261667885
TOKYOTECH_s05,99,26,99.86666666666666,0.4945340156555176,0.016879386386080115
TOKYOTECH_s05,99,27,99.9,0.4932517409324646,0.296561893546954
TOKYOTECH_s05,99,28,99.93333333333334,0.2760346233844757,0.5948489411644706
TOKYOTECH_s05,99,29,99.96666666666667,0.00852470938116312,0.8705215024913211
TOKYOTECH_s05,99,30,100.0,-0.3042558431625366,1.0944589431887595
TOKYOTECH_s05,99,31,100.03333333333333,-0.5676251649856567,1.249794935353833
TOKYOTECH_s05,99,32,100.06666666666666,-0.7014780640602112,1.3272668934792755
TOKYOTECH_s05,99,33,100.1,-0.7678702473640442,1.3231963131840303
TOKYOTECH_s05,99,34,100.13333333333334,-0.7692504525184631,1.242221403336936
TOKYOTECH_s05,99,35,100.16666666666667,-0.8362570405006409,1.0997163368821656
TOKYOTECH_s05,99,36,100.2,-0.7999799847602844,0.9184976436737619
TOKYOTECH_s05,99,37,100.23333333333333,-0.7877273559570312,0.7200331457900884
TOKYOTECH_s05,99,38,100.26666666666667,-0.9072083234786987,0.5158481598573219
TOKYOTECH_s05,99,39,100.3,-0.8796399235725403,0.3054623804460125
TOKYOTECH_s05,99,40,100.33333333333333,-0.15737560391426086,0.08229818156901188
TOKYOTECH_s05,99,41,100.36666666666666,1.1257405281066895,-0.15706689124259166
TOKYOTECH_s05,99,42,100.4,1.7169747352600098,-0.4070529910252218
TOKYOTECH_s05,99,43,100.43333333333334,1.5777167081832886,-0.6542360501809338
TOKYOTECH_s05,99,44,100.46666666666667,1.289744257926941,-0.8832646688057952
TOKYOTECH_s05,99,45,100.5,1.044646978378296,-1.0818370658030123
TOKYOTECH_s05,99,46,100.53333333333333,0.8191130757331848,-1.2410282425630135
TOKYOTECH_s05,99,47,100.56666666666666,0.5076325535774231,-1.3519605231156524
TOKYOTECH_s05,99,48,100.6,0.3057757616043091,-1.4027047989135752
TOKYOTECH_s05,99,49,100.63333333333334,0.29539307951927185,-1.3787004461480172
TOKYOTECH_s05,99,50,100.66666666666667,0.41625428199768066,-1.266966647580348
TOKYOTECH_s05,99,51,100.7,0.4116951525211334,-1.0616235379324563
TOKYOTECH_s05,99,52,100.73333333333333,0.15235069394111633,-0.7679307708623232
TOKYOTECH_s05,99,53,100.76666666666667,-0.15673448145389557,-0.40401417897366737
TOKYOTECH_s05,99,54,100.8,-0.4343777596950531,-0.0014690828541053906
TOKYOTECH_s05,99,55,100.83333333333333,-0.5943654775619507,0.3950255372612268
TOKYOTECH_s05,99,56,100.86666666666666,-0.8113065361976624,0.7327246596235475
TOKYOTECH_s05,99,57,100.9,-0.9471718668937683,0.9639189442860407
TOKYOTECH_s05,99,58,100.93333333333334,-0.8242982625961304,1.0630421314453549
TOKYOTECH_s05,99,59,100.96666666666667,-0.8067830204963684,1.0370999234467257
TOKYOTECH_s05,99,60,101.0,-0.9218741059303284,0.9216135015646988
TOKYOTECH_s05,99,61,101.03333333333333,-0.922105610370636,0.7638651452159962
TOKYOTECH_s05,99,62,101.06666666666666,-0.9760760068893433,0.6032912184172395
TOKYOTECH_s05,99,63,101.1,-0.8056432604789734,0.45966638174393826
TOKYOTECH_s05,99,64,101.13333333333334,0.33585527539253235,0.3330809226961994
TOKYOTECH_s05,99,65,101.16666666666667,1.4326618909835815,0.21185731091752014
TOKYOTECH_s05,99,66,101.2,1.573068618774414,0.08177930843900984
TOKYOTECH_s05,99,67,101.23333333333333,1.28203284740448,-0.0675458931535794
TOKYOTECH_s05,99,68,101.26666666666667,0.9794925451278687,-0.239324313411064
TOKYOTECH_s05,99,69,101.3,0.6195269227027893,-0.42724262557608045
TOKYOTECH_s05,99,70,101.33333333333333,0.24746888875961304,-0.6134574951741093
TOKYOTECH_s05,99,71,101.36666666666666,0.06840767711400986,-0.7689566707950951
TOKYOTECH_s05,99,72,101.4,0.2206929624080658,-0.8593775882780029
TOKYOTECH_s05,99,73,101.43333333333334,0.4138856530189514,-0.8565688613030975
TOKYOTECH_s05,99,74,101.46666666666667,0.3690691590309143,-0.7507786403317069
TOKYOTECH_s05,99,75,101.5,0.13585059344768524,-0.5558083475836892
TOKYOTECH_s05,99,76,101.53333333333333,-0.20883488655090332,-0.3034929329027639
TOKYOTECH_s05,99,77,101.56666666666666,-0.5279287695884705,-0.031066630104206284
TOKYOTECH_s05,99,78,101.6,-0.7392867207527161,0.2306894341181831
TOKYOTECH_s05,99,79,101.63333333333334,-0.7997395396232605,0.4623036089160709
TOKYOTECH_s05,99,80,101.66666666666667,-0.9015717506408691,0.6535138267580839
TOKYOTECH_s05,99,81,101.7,-0.9565216302871704,0.7990773053717141
TOKYOTECH_s05,99,82,101.73333333333333,-0.9951850771903992,0.8963977074661169
TOKYOTECH_s05,99,83,101.76666666666667,-0.9740457534790039,0.9448925617045102
TOKYOTECH_s05,99,84,101.8,-0.9373946785926819,0.9449526912416183
TOKYOTECH_s05,99,85,101.83333333333333,-0.49499088525772095,0.8955556913387787
TOKYOTECH_s05,99,86,101.86666666666666,0.6718588471412659,0.7922985701669093
TOKYOTECH_s05,99,87,101.9,1.5448590517044067,0.6286095208656927
TOKYOTECH_s05,99,88,101.93333333333334,1.5527395009994507,0.4006164853598724
TOKYOTECH_s05,99,89,101.96666666666667,1.2107610702514648,0.11301714349318763
TOKYOTECH_s05,99,90,102.0,0.8830297589302063,-0.2175030936901843
TOKYOTECH_s05,99,91,102.03333333333333,0.5464473962783813,-0.5628259608071141
TOKYOTECH_s05,99,92,102.06666666666666,0.18096984922885895,-0.8867025560759335
TOKYOTECH_s05,99,93,102.1,0.007652065716683865,-1.1488402085409253
TOKYOTECH_s05,99,94,102.13333333333334,0.1407569944858551,-1.3098888743574406
TOKYOTECH_s05,99,95,102.16666666666667,0.3516519069671631,-1.3390549439465251
TOKYOTECH_s05,99,96,102.2,0.3543143570423126,-1.224178876069599
TOKYOTECH_s05,99,97,102.23333333333333,0.11575306951999664,-0.9801607806818168
TOKYOTECH_s05,99,98,102.26666666666667,-0.2069738358259201,-0.6494471812818264
TOKYOTECH_s05,99,99,102.3,-0.5021234154701233,-0.2909967603502613
TOKYOTECH_s05,99,100,102.33333333333333,-0.7781104445457458,0.03872482017659104
TOKYOTECH_s05,99,101,102.36666666666666,-0.9809200167655945,0.30304759806021075
TOKYOTECH_s05,99,102,102.4,-1.030251145362854,0.4913889190125257
TOKYOTECH_s05,99,103,102.43333333333334,-0.9680529832839966,0.6125092718285765
TOKYOTECH_s05,99,104,102.46666666666667,-0.9664323925971985,0.681973218880087
TOKYOTECH_s05,99,105,102.5,-1.0722715854644775,0.7137671905950889
TOKYOTECH_s05,99,106,102.53333333333333,-1.0965542793273926,0.7189498487034163
TOKYOTECH_s05,99,107,102.56666666666666,-0.6617193222045898,0.7062183751953339
TOKYOTECH_s05,99,108,102.6,0.5889398455619812,0.6795037629549988
TOKYOTECH_s05,99,109,102.63333333333334,1.6434500217437744,0.6336974265839808
TOKYOTECH_s05,99,110,102.66666666666667,1.737953782081604,0.5538564116437017
TOKYOTECH_s05,99,111,102.7,1.4321277141571045,0.4218079858392629
TOKYOTECH_s05,99,112,102.73333333333333,1.1909841299057007,0.22804399498355313
TOKYOTECH_s05,99,113,102.76666666666667,0.9214795231819153,-0.018398097920274543
TOKYOTECH_s05,99,114,102.8,0.6016020774841309,-0.28883955802607375
TOKYOTECH_s05,99,115,102.83333333333333,0.3273870646953583,-0.5435625266598066
TOKYOTECH_s05,99,116,102.86666666666666,0.23771843314170837,-0.7442988384175327
TOKYOTECH_s05,99,117,102.9,0.3506011664867401,-0.8629494699030673
TOKYOTECH_s05,99,118,102.93333333333334,0.4154261648654938,-0.8838013418489475
TOKYOTECH_s05,99,119,102.96666666666667,0.27241048216819763,-0.8026158553978822
TOKYOTECH_s05,99,120,103.0,0.015772998332977295,-0.6269866580087674
TOKYOTECH_s05,99,121,103.03333333333333,-0.260009229183197,-0.3783596345285602
TOKYOTECH_s05,99,122,103.06666666666666,-0.4968341290950775,-0.09156736813701685
TOKYOTECH_s05,99,123,103.1,-0.7260634899139404,0.19212689324789656
TOKYOTECH_s05,99,124,103.13333333333334,-0.9102537035942078,0.4366299321765762
TOKYOTECH_s05,99,125,103.16666666666667,-0.9674652814865112,0.6202306138751688
TOKYOTECH_s05,99,126,103.2,-0.9013046622276306,0.7368429305167992
TOKYOTECH_s05,99,127,103.23333333333333,-0.8511810302734375,0.7897167840363352
TOKYOTECH_s05,99,128,103.26666666666667,-0.9695311784744263,0.7830023871522556
TOKYOTECH_s05,99,129,103.3,-1.1094034910202026,0.7171330406945428
TOKYOTECH_s05,99,130,103.33333333333333,-0.8865231275558472,0.5903470453950606
TOKYOTECH_s05,99,131,103.36666666666666,0.21101373434066772,0.4041649437629809
TOKYOTECH_s05,99,132,103.4,1.392084002494812,0.16867984588186202
TOKYOTECH_s05,99,133,103.43333333333334,1.6989073753356934,-0.09553722734814495
TOKYOTECH_s05,99,134,103.46666666666667,1.443489909172058,-0.3598263259397808
TOKYOTECH_s05,99,135,103.5,1.1637896299362183,-0.5930377659098343
TOKYOTECH_s05,99,136,103.53333333333333,0.9546310901641846,-0.7684369869338877
TOKYOTECH_s05,99,137,103.56666666666666,0.6478433012962341,-0.8700122196883537
TOKYOTECH_s05,99,138,103.6,0.3084203898906708,-0.8963356631719783
TOKYOTECH_s05,99,139,103.63333333333334,0.14970605075359344,-0.8599820205792333
TOKYOTECH_s05,99,140,103.66666666666667,0.2036585956811905,-0.7809263218689868
TOKYOTECH_s05,99,141,103.7,0.2747345566749573,-0.6750806530027536
TOKYOTECH_s05,99,142,103.73333333333333,0.21145007014274597,-0.5438598041801834
TOKYOTECH_s05,99,143,103.76666666666667,0.00505194254219532,-0.37276709332890634
TOKYOTECH_s05,99,144,103.8,-0.33783483505249023,-0.1426480518481555
TOKYOTECH_s05,99,145,103.83333333333333,-0.6954764127731323,0.15156618171863465
TOKYOTECH_s05,99,146,103.86666666666666,-0.894127607345581,0.48696327665307004
TOKYOTECH_s05,99,147,103.9,-0.9403865933418274,0.8144308637132599
TOKYOTECH_s05,99,148,103.93333333333334,-1.0196547508239746,1.075887056157518
TOKYOTECH_s05,99,149,103.96666666666667,-1.1223150491714478,1.2260494587000084
TOKYOTECH_s05,99,150,104.0,-1.0782822370529175,1.2468979173878012
TOKYOTECH_s05,99,151,104.03333333333333,-0.9979633092880249,1.149539459562404
TOKYOTECH_s05,99,152,104.06666666666666,-1.037998080253601,0.9651751330863726
TOKYOTECH_s05,99,153,104.1,-1.1693755388259888,0.7310258809174829
TOKYOTECH_s05,99,154,104.13333333333334,-0.8921774625778198,0.4779709073648503
TOKYOTECH_s05,99,155,104.16666666666667,0.4777400493621826,0.22456281524886143
TOKYOTECH_s05,99,156,104.2,1.578624963760376,-0.021809641009698302
TOKYOTECH_s05,99,157,104.23333333333333,1.6649811267852783,-0.2593889635854788
TOKYOTECH_s05,99,158,104.26666666666667,1.3547383546829224,-0.4863020141752259
TOKYOTECH_s05,99,159,104.3,1.0308895111083984,-0.6976086206068697
TOKYOTECH_s05,99,160,104.33333333333333,0.7314301133155823,-0.8855410183967464
TOKYOTECH_s05,99,161,104.36666666666666,0.426788330078125,-1.0411746091377512
TOKYOTECH_s05,99,162,104.4,0.1839083433151245,-1.155442329556766
TOKYOTECH_s05,99,163,104.43333333333334,0.15545837581157684,-1.218526731244604
TOKYOTECH_s05,99,164,104.46666666666667,0.23637384176254272,-1.218180672675591
TOKYOTECH_s05,99,165,104.5,0.2870495319366455,-1.1389725314539272
TOKYOTECH_s05,99,166,104.53333333333333,0.15586797893047333,-0.9651814110058597
TOKYOTECH_s05,99,167,104.56666666666666,-0.12070674449205399,-0.6885997841051011
TOKYOTECH_s05,99,168,104.6,-0.4779743254184723,-0.31860833674586725
TOKYOTECH_s05,99,169,104.63333333333334,-0.7711648941040039,0.11173529391916122
TOKYOTECH_s05,99,170,104.66666666666667,-0.8772178888320923,0.5497434429594824
TOKYOTECH_s05,99,171,104.7,-0.9469314217567444,0.9379612074387047
TOKYOTECH_s05,99,172,104.73333333333333,-1.0416756868362427,1.2322980365767429
TOKYOTECH_s05,99,173,104.76666666666667,-1.0394049882888794,1.4124645817231172
TOKYOTECH_s05,99,174,104.8,-0.9730306267738342,1.479573674586732
TOKYOTECH_s05,99,175,104.83333333333333,-1.0705353021621704,1.4451398333110004
TOKYOTECH_s05,99,176,104.86666666666666,-1.152830958366394,1.3204272793335146
TOKYOTECH_s05,99,177,104.9,-0.9187219142913818,1.112947199275655
TOKYOTECH_s05,99,178,104.93333333333334,0.10833559930324554,0.8306258742140752
TOKYOTECH_s05,99,179,104.96666666666667,1.3106787204742432,0.48849169282116606
TOKYOTECH_s05,99,180,105.0,1.6338152885437012,0.11148439138861516
TOKYOTECH_s05,99,181,105.03333333333333,1.3105452060699463,-0.26940264047817286
TOKYOTECH_s05,99,182,105.06666666666666,0.8895745873451233,-0.6248064452573256
TOKYOTECH_s05,99,183,105.1,0.485264390707016,-0.9327525003845767
TOKYOTECH_s05,99,184,105.13333333333334,0.04593264311552048,-1.1790476233644425
TOKYOTECH_s05,99,185,105.16666666666667,-0.21142610907554626,-1.3534305336227799
TOKYOTECH_s05,99,186,105.2,-0.0182334054261446,-1.4451444856561666
TOKYOTECH_s05,99,187,105.23333333333333,0.3253568112850189,-1.441188484723916
TOKYOTECH_s05,99,188,105.26666666666667,0.3511621654033661,-1.3285411160661273
TOKYOTECH_s05,99,189,105.3,0.1012030690908432,-1.0999266132312544
TOKYOTECH_s05,99,190,105.33333333333333,-0.23916372656822205,-0.7618129407174254
TOKYOTECH_s05,99,191,105.36666666666666,-0.5497626662254333,-0.34174262180050097
TOKYOTECH_s05,99,192,105.4,-0.7431601881980896,0.11034308822592116
TOKYOTECH_s05,99,193,105.43333333333334,-0.9297367930412292,0.531257478579296
TOKYOTECH_s05,99,194,105.46666666666667,-1.0891011953353882,0.8623072370434063
TOKYOTECH_s05,99,195,105.5,-1.1397234201431274,1.067251583971293
TOKYOTECH_s05,99,196,105.53333333333333,-1.045469045639038,1.1416090606070177
TOKYOTECH_s05,99,197,105.56666666666666,-1.018604040145874,1.1094265878889562
TOKYOTECH_s05,99,198,105.6,-1.130614161491394,1.0100211430088983
TOKYOTECH_s05,99,199,105.63333333333334,-1.2002921104431152,0.881549841390097
TOKYOTECH_s05,99,200,105.66666666666667,-0.721388578414917,0.7487553565070229
TOKYOTECH_s05,99,201,105.7,0.6692675948143005,0.6190941005327505
TOKYOTECH_s05,99,202,105.73333333333333,1.6234771013259888,0.4866529910512388
TOKYOTECH_s05,99,203,105.76666666666667,1.6386593580245972,0.3397121063344599
TOKYOTECH_s05,99,204,105.8,1.326208233833313,0.16748824238361462
TOKYOTECH_s05,99,205,105.83333333333333,0.9650405049324036,-0.03599024420811778
TOKYOTECH_s05,99,206,105.86666666666666,0.6114237904548645,-0.2699575205143923
TOKYOTECH_s05,99,207,105.9,0.2389383465051651,-0.5250061430542543
TOKYOTECH_s05,99,208,105.93333333333334,0.040117986500263214,-0.7810010802319418
TOKYOTECH_s05,99,209,105.96666666666667,0.0920046865940094,-1.0067259836421638
TOKYOTECH_s05,99,210,106.0,0.2493833601474762,-1.1632477586979197
TOKYOTECH_s05,99,211,106.03333333333333,0.2875303626060486,-1.2114846333966873
TOKYOTECH_s05,99,212,106.06666666666666,0.1096801832318306,-1.1228838934202767
TOKYOTECH_s05,99,213,106.1,-0.1845255196094513,-0.8907117806108519
TOKYOTECH_s05,99,214,106.13333333333334,-0.44287267327308655,-0.5381157991291611
TOKYOTECH_s05,99,215,106.16666666666667,-0.667427122592926,-0.11840084814825985
TOKYOTECH_s05,99,216,106.2,-0.8425347208976746,0.295864776417114
TOKYOTECH_s05,99,217,106.23333333333333,-1.0255851745605469,0.633677825643256
TOKYOTECH_s05,99,218,106.26666666666667,-1.1208903789520264,0.8482377093848453
TOKYOTECH_s05,99,219,106.3,-1.0515419244766235,0.9299419812778448
TOKYOTECH_s05,99,220,106.33333333333333,-1.0348280668258667,0.9028709586933832
TOKYOTECH_s05,99,221,106.36666666666666,-1.1074445247650146,0.8074755193739981
TOKYOTECH_s05,99,222,106.4,-1.144718885421753,0.6801326307525937
TOKYOTECH_s05,99,223,106.43333333333334,-0.9464951157569885,0.5411503038016585
TOKYOTECH_s05,99,224,106.46666666666667,0.07745468616485596,0.39589249161402035
TOKYOTECH_s05,99,225,106.5,1.436001181602478,0.24447301883684258
TOKYOTECH_s05,99,226,106.53333333333333,1.8065276145935059,0.09078851375708441
TOKYOTECH_s05,99,227,106.56666666666666,1.5457227230072021,-0.05571428749367969
TOKYOTECH_s05,99,228,106.6,1.2600654363632202,-0.1846906115192503
TOKYOTECH_s05,99,229,106.63333333333334,0.9255756139755249,-0.28973262848216846
TOKYOTECH_s05,99,230,106.66666666666667,0.5596617460250854,-0.36865167948480865
TOKYOTECH_s05,99,231,106.7,0.211610347032547,-0.420049265187481
TOKYOTECH_s05,99,232,106.73333333333333,0.11171931773424149,-0.44081614038949485
TOKYOTECH_s05,99,233,106.76666666666667,0.26181408762931824,-0.4280953398490996
TOKYOTECH_s05,99,234,106.8,0.40432220697402954,-0.3843231649434795
TOKYOTECH_s05,99,235,106.83333333333333,0.315633088350296,-0.32027831026018616
TOKYOTECH_s05,99,236,106.86666666666666,0.047624506056308746,-0.2525085991378851
TOKYOTECH_s05,99,237,106.9,-0.270676851272583,-0.19612432063785687
TOKYOTECH_s05,99,238,106.93333333333334,-0.5479728579521179,-0.15745892220941962
TOKYOTECH_s05,99,239,106.96666666666667,-0.7603815197944641,-0.1312510837956454
TOKYOTECH_s05,100,0,100.0,-0.3042558431625366,0.13253963163352322
TOKYOTECH_s05,100,1,100.03333333333333,-0.5676251649856567,-0.817300362858754
TOKYOTECH_s05,100,2,100.06666666666666,-0.7014780640602112,-1.6313673687298818
TOKYOTECH_s05,100,3,100.1,-0.7678702473640442,-2.2027329504368205
TOKYOTECH_s05,100,4,100.13333333333334,-0.7692504525184631,-2.480369024754295
TOKYOTECH_s05,100,5,100.16666666666667,-0.8362570405006409,-2.4752906251860542
TOKYOTECH_s05,100,6,100.2,-0.7999799847602844,-2.248585345847999
TOKYOTECH_s05,100,7,100.23333333333333,-0.7877273559570312,-1.8894503355334482
TOKYOTECH_s05,100,8,100.26666666666667,-0.9072083234786987,-1.491929607173666
TOKYOTECH_s05,100,9,100.3,-0.8796399235725403,-1.1346918650918738
TOKYOTECH_s05,100,10,100.33333333333333,-0.15737560391426086,-0.8664072229759824
TOKYOTECH_s05,100,11,100.36666666666666,1.1257405281066895,-0.6999132652039582
TOKYOTECH_s05,100,12,100.4,1.7169747352600098,-0.6175668288860725
TOKYOTECH_s05,100,13,100.43333333333334,1.5777167081832886,-0.5861241349344205
TOKYOTECH_s05,100,14,100.46666666666667,1.289744257926941,-0.5739080088112521
TOKYOTECH_s05,100,15,100.5,1.044646978378296,-0.5612158771403546
TOKYOTECH_s05,100,16,100.53333333333333,0.8191130757331848,-0.539934428229418
TOKYOTECH_s05,100,17,100.56666666666666,0.5076325535774231,-0.5058548801295822
TOKYOTECH_s05,100,18,100.6,0.3057757616043091,-0.451048179101474
TOKYOTECH_s05,100,19,100.63333333333334,0.29539307951927185,-0.36198472585004443
TOKYOTECH_s05,100,20,100.66666666666667,0.41625428199768066,-0.2239449167090812
TOKYOTECH_s05,100,21,100.7,0.4116951525211334,-0.027854950688136808
TOKYOTECH_s05,100,22,100.73333333333333,0.15235069394111633,0.22485324194947096
TOKYOTECH_s05,100,23,100.76666666666667,-0.15673448145389557,0.5209842474368566
TOKYOTECH_s05,100,24,100.8,-0.4343777596950531,0.8364975826606256
TOKYOTECH_s05,100,25,100.83333333333333,-0.5943654775619507,1.1381516957046023
TOKYOTECH_s05,100,26,100.86666666666666,-0.8113065361976624,1.3874795812985385
TOKYOTECH_s05,100,27,100.9,-0.9471718668937683,1.549523021206575
TOKYOTECH_s05,100,28,100.93333333333334,-0.8242982625961304,1.604137604452045
TOKYOTECH_s05,100,29,100.96666666666667,-0.8067830204963684,1.5531475595659088
TOKYOTECH_s05,100,30,101.0,-0.9218741059303284,1.4182991452200666
TOKYOTECH_s05,100,31,101.03333333333333,-0.922105610370636,1.23110437034718
TOKYOTECH_s05,100,32,101.06666666666666,-0.9760760068893433,1.020738374148578
TOKYOTECH_s05,100,33,101.1,-0.8056432604789734,0.8063676995416464
TOKYOTECH_s05,100,34,101.13333333333334,0.33585527539253235,0.595774202685104
TOKYOTECH_s05,100,35,101.16666666666667,1.4326618909835815,0.38756055537023376
TOKYOTECH_s05,100,36,101.2,1.573068618774414,0.1737944141152402
TOKYOTECH_s05,100,37,101.23333333333333,1.28203284740448,-0.05727901208737653
TOKYOTECH_s05,100,38,101.26666666666667,0.9794925451278687,-0.3164761778088264
TOKYOTECH_s05,100,39,101.3,0.6195269227027893,-0.60569541653917
TOKYOTECH_s05,100,40,101.33333333333333,0.24746888875961304,-0.909394402059595
TOKYOTECH_s05,100,41,101.36666666666666,0.06840767711400986,-1.1913189506418524
TOKYOTECH_s05,100,42,101.4,0.2206929624080658,-1.4010619173640528
TOKYOTECH_s05,100,43,101.43333333333334,0.4138856530189514,-1.4898525294125877
TOKYOTECH_s05,100,44,101.46666666666667,0.3690691590309143,-1.429084806903162
TOKYOTECH_s05,100,45,101.5,0.13585059344768524,-1.2224256092817343
TOKYOTECH_s05,100,46,101.53333333333333,-0.20883488655090332,-0.9051292488361113
TOKYOTECH_s05,100,47,101.56666666666666,-0.5279287695884705,-0.5310991236779765
TOKYOTECH_s05,100,48,101.6,-0.7392867207527161,-0.15512237251751806
TOKYOTECH_s05,100,49,101.63333333333334,-0.7997395396232605,0.18064714946384344
TOKYOTECH_s05,100,50,101.66666666666667,-0.9015717506408691,0.451912694500181
TOKYOTECH_s05,100,51,101.7,-0.9565216302871704,0.6511127130322059
TOKYOTECH_s05,100,52,101.73333333333333,-0.9951850771903992,0.7832036485898434
TOKYOTECH_s05,100,53,101.76666666666667,-0.9740457534790039,0.8596996142586123
TOKYOTECH_s05,100,54,101.8,-0.9373946785926819,0.8913694880278814
TOKYOTECH_s05,100,55,101.83333333333333,-0.49499088525772095,0.8812483342775473
TOKYOTECH_s05,100,56,101.86666666666666,0.6718588471412659,0.821513353757059
TOKYOTECH_s05,100,57,101.9,1.5448590517044067,0.6972319818749633
TOKYOTECH_s05,100,58,101.93333333333334,1.5527395009994507,0.49590954160713446
TOKYOTECH_s05,100,59,101.96666666666667,1.2107610702514648,0.21771076966820874
TOKYOTECH_s05,100,60,102.0,0.8830297589302063,-0.11893678748431515
TOKYOTECH_s05,100,61,102.03333333333333,0.5464473962783813,-0.47831067219163714
TOKYOTECH_s05,100,62,102.06666666666666,0.18096984922885895,-0.8131059723762133
TOKYOTECH_s05,100,63,102.1,0.007652065716683865,-1.0719963765616591
TOKYOTECH_s05,100,64,102.13333333333334,0.1407569944858551,-1.2083041289014143
TOKYOTECH_s05,100,65,102.16666666666667,0.3516519069671631,-1.1906843120064647
TOKYOTECH_s05,100,66,102.2,0.3543143570423126,-1.0146479531020722
TOKYOTECH_s05,100,67,102.23333333333333,0.11575306951999664,-0.7097920541680528
TOKYOTECH_s05,100,68,102.26666666666667,-0.2069738358259201,-0.3361220366280982
TOKYOTECH_s05,100,69,102.3,-0.5021234154701233,0.03301460197799047
TOKYOTECH_s05,100,70,102.33333333333333,-0.7781104445457458,0.33526798125569
TOKYOTECH_s05,100,71,102.36666666666666,-0.9809200167655945,0.5385900427375122
TOKYOTECH_s05,100,72,102.4,-1.030251145362854,0.6454197040685677
TOKYOTECH_s05,100,73,102.43333333333334,-0.9680529832839966,0.6810816898153734
TOKYOTECH_s05,100,74,102.46666666666667,-0.9664323925971985,0.6757261446665177
TOKYOTECH_s05,100,75,102.5,-1.0722715854644775,0.6516342689966488
TOKYOTECH_s05,100,76,102.53333333333333,-1.0965542793273926,0.6203702535710545
TOKYOTECH_s05,100,77,102.56666666666666,-0.6617193222045898,0.5854194890917516
TOKYOTECH_s05,100,78,102.6,0.5889398455619812,0.5443677514271323
TOKYOTECH_s05,100,79,102.63333333333334,1.6434500217437744,0.48916950435448714
TOKYOTECH_s05,100,80,102.66666666666667,1.737953782081604,0.4074263163817722
TOKYOTECH_s05,100,81,102.7,1.4321277141571045,0.28754101200935167
TOKYOTECH_s05,100,82,102.73333333333333,1.1909841299057007,0.12619073266423503
TOKYOTECH_s05,100,83,102.76666666666667,0.9214795231819153,-0.06716722751916208
TOKYOTECH_s05,100,84,102.8,0.6016020774841309,-0.27257420169331653
TOKYOTECH_s05,100,85,102.83333333333333,0.3273870646953583,-0.4671738514530354
TOKYOTECH_s05,100,86,102.86666666666666,0.23771843314170837,-0.6322961123697731
TOKYOTECH_s05,100,87,102.9,0.3506011664867401,-0.7547663045681678
TOKYOTECH_s05,100,88,102.93333333333334,0.4154261648654938,-0.8229207708266083
TOKYOTECH_s05,100,89,102.96666666666667,0.27241048216819763,-0.8231970900515941
TOKYOTECH_s05,100,90,103.0,0.015772998332977295,-0.7427962418313875
TOKYOTECH_s05,100,91,103.03333333333333,-0.260009229183197,-0.5782155056096805
TOKYOTECH_s05,100,92,103.06666666666666,-0.4968341290950775,-0.343200618486463
TOKYOTECH_s05,100,93,103.1,-0.7260634899139404,-0.06876511076863702
TOKYOTECH_s05,100,94,103.13333333333334,-0.9102537035942078,0.2059111548775756
TOKYOTECH_s05,100,95,103.16666666666667,-0.9674652814865112,0.44580741910230587
TOKYOTECH_s05,100,96,103.2,-0.9013046622276306,0.6283430443632596
TOKYOTECH_s05,100,97,103.23333333333333,-0.8511810302734375,0.7442820698363544
TOKYOTECH_s05,100,98,103.26666666666667,-0.9695311784744263,0.7929676978708426
TOKYOTECH_s05,100,99,103.3,-1.1094034910202026,0.7763997583000011
TOKYOTECH_s05,100,100,103.33333333333333,-0.8865231275558472,0.6960595466542097
TOKYOTECH_s05,100,101,103.36666666666666,0.21101373434066772,0.5537044884969347
TOKYOTECH_s05,100,102,103.4,1.392084002494812,0.35482428729284654
TOKYOTECH_s05,100,103,103.43333333333334,1.6989073753356934,0.11229782528147927
TOKYOTECH_s05,100,104,103.46666666666667,1.443489909172058,-0.15192502450239218
TOKYOTECH_s05,100,105,103.5,1.1637896299362183,-0.40837951112988313
TOKYOTECH_s05,100,106,103.53333333333333,0.9546310901641846,-0.625243144506269
TOKYOTECH_s05,100,107,103.56666666666666,0.6478433012962341,-0.7761714861432142
TOKYOTECH_s05,100,108,103.6,0.3084203898906708,-0.8480017457815455
TOKYOTECH_s05,100,109,103.63333333333334,0.14970605075359344,-0.844152869479079
TOKYOTECH_s05,100,110,103.66666666666667,0.2036585956811905,-0.7803901005179261
TOKYOTECH_s05,100,111,103.7,0.2747345566749573,-0.6737113519065985
TOKYOTECH_s05,100,112,103.73333333333333,0.21145007014274597,-0.5308783650414806
TOKYOTECH_s05,100,113,103.76666666666667,0.00505194254219532,-0.3453979769619853
TOKYOTECH_s05,100,114,103.8,-0.33783483505249023,-0.10696429521206076
TOKYOTECH_s05,100,115,103.83333333333333,-0.6954764127731323,0.1818159192369926
TOKYOTECH_s05,100,116,103.86666666666666,-0.894127607345581,0.49357399785784845
TOKYOTECH_s05,100,117,103.9,-0.9403865933418274,0.7795864492425144
TOKYOTECH_s05,100,118,103.93333333333334,-1.0196547508239746,0.9878226572792022
TOKYOTECH_s05,100,119,103.96666666666667,-1.1223150491714478,1.0842225575269329
TOKYOTECH_s05,100,120,104.0,-1.0782822370529175,1.0644863140284968
TOKYOTECH_s05,100,121,104.03333333333333,-0.9979633092880249,0.9510334806410156
TOKYOTECH_s05,100,122,104.06666666666666,-1.037998080253601,0.7791538008959523
TOKYOTECH_s05,100,123,104.1,-1.1693755388259888,0.5815139224608437
TOKYOTECH_s05,100,124,104.13333333333334,-0.8921774625778198,0.37863426222983987
TOKYOTECH_s05,100,125,104.16666666666667,0.4777400493621826,0.17771001833686345
TOKYOTECH_s05,100,126,104.2,1.578624963760376,-0.02230097641394401
TOKYOTECH_s05,100,127,104.23333333333333,1.6649811267852783,-0.22346820038676096
TOKYOTECH_s05,100,128,104.26666666666667,1.3547383546829224,-0.4236276827808062
TOKYOTECH_s05,100,129,104.3,1.0308895111083984,-0.615244279766351
TOKYOTECH_s05,100,130,104.33333333333333,0.7314301133155823,-0.787718903608816
TOKYOTECH_s05,100,131,104.36666666666666,0.426788330078125,-0.9304767494359867
TOKYOTECH_s05,100,132,104.4,0.1839083433151245,-1.0343216993026894
TOKYOTECH_s05,100,133,104.43333333333334,0.15545837581157684,-1.0902442096524905
TOKYOTECH_s05,100,134,104.46666666666667,0.23637384176254272,-1.0868479512781581
TOKYOTECH_s05,100,135,104.5,0.2870495319366455,-1.0091952184368898
TOKYOTECH_s05,100,136,104.53333333333333,0.15586797893047333,-0.8423495155118608
TOKYOTECH_s05,100,137,104.56666666666666,-0.12070674449205399,-0.5804994866353639
TOKYOTECH_s05,100,138,104.6,-0.4779743254184723,-0.2374829667820308
TOKYOTECH_s05,100,139,104.63333333333334,-0.7711648941040039,0.14897314273786594
TOKYOTECH_s05,100,140,104.66666666666667,-0.8772178888320923,0.5248769487888925
TOKYOTECH_s05,100,141,104.7,-0.9469314217567444,0.8377713361553452
TOKYOTECH_s05,100,142,104.73333333333333,-1.0416756868362427,1.0551614759113792
TOKYOTECH_s05,100,143,104.76666666666667,-1.0394049882888794,1.1722770243280294
TOKYOTECH_s05,100,144,104.8,-0.9730306267738342,1.2050047904150911
TOKYOTECH_s05,100,145,104.83333333333333,-1.0705353021621704,1.173978768000707
TOKYOTECH_s05,100,146,104.86666666666666,-1.152830958366394,1.090938068019222
TOKYOTECH_s05,100,147,104.9,-0.9187219142913818,0.9555584231221325
TOKYOTECH_s05,100,148,104.93333333333334,0.10833559930324554,0.7626205159472489
TOKYOTECH_s05,100,149,104.96666666666667,1.3106787204742432,0.512238095933805
TOKYOTECH_s05,100,150,105.0,1.6338152885437012,0.21526287559034876
TOKYOTECH_s05,100,151,105.03333333333333,1.3105452060699463,-0.10885065244505672
TOKYOTECH_s05,100,152,105.06666666666666,0.8895745873451233,-0.43818106867747253
TOKYOTECH_s05,100,153,105.1,0.485264390707016,-0.7525704989839395
TOKYOTECH_s05,100,154,105.13333333333334,0.04593264311552048,-1.0332168555752357
TOKYOTECH_s05,100,155,105.16666666666667,-0.21142610907554626,-1.2596501041628896
TOKYOTECH_s05,100,156,105.2,-0.0182334054261446,-1.4078594245927307
TOKYOTECH_s05,100,157,105.23333333333333,0.3253568112850189,-1.451979915003687
TOKYOTECH_s05,100,158,105.26666666666667,0.3511621654033661,-1.3697376946945727
TOKYOTECH_s05,100,159,105.3,0.1012030690908432,-1.1503228228749565
TOKYOTECH_s05,100,160,105.33333333333333,-0.23916372656822205,-0.802656695834348
TOKYOTECH_s05,100,161,105.36666666666666,-0.5497626662254333,-0.3609032272193678
TOKYOTECH_s05,100,162,105.4,-0.7431601881980896,0.11735932591479381
TOKYOTECH_s05,100,163,105.43333333333334,-0.9297367930412292,0.5631464830881736
TOKYOTECH_s05,100,164,105.46666666666667,-1.0891011953353882,0.914828822226317
TOKYOTECH_s05,100,165,105.5,-1.1397234201431274,1.1349613088911183
TOKYOTECH_s05,100,166,105.53333333333333,-1.045469045639038,1.2176139665501424
TOKYOTECH_s05,100,167,105.56666666666666,-1.018604040145874,1.1842501971958181
TOKYOTECH_s05,100,168,105.6,-1.130614161491394,1.071522689143054
TOKYOTECH_s05,100,169,105.63333333333334,-1.2002921104431152,0.9170919754643964
TOKYOTECH_s05,100,170,105.66666666666667,-0.721388578414917,0.7493415944693345
TOKYOTECH_s05,100,171,105.7,0.6692675948143005,0.5839098523576284
TOKYOTECH_s05,100,172,105.73333333333333,1.6234771013259888,0.4257611437562396
TOKYOTECH_s05,100,173,105.76666666666667,1.6386593580245972,0.2730646921370209
TOKYOTECH_s05,100,174,105.8,1.326208233833313,0.12018283919065699
TOKYOTECH_s05,100,175,105.83333333333333,0.9650405049324036,-0.04016612888070675
TOKYOTECH_s05,100,176,105.86666666666666,0.6114237904548645,-0.21393742406088556
TOKYOTECH_s05,100,177,105.9,0.2389383465051651,-0.4012885911304861
TOKYOTECH_s05,100,178,105.93333333333334,0.040117986500263214,-0.5924199491566416
TOKYOTECH_s05,100,179,105.96666666666667,0.0920046865940094,-0.7666912817432131
TOKYOTECH_s05,100,180,106.0,0.2493833601474762,-0.8961376249868055
TOKYOTECH_s05,100,181,106.03333333333333,0.2875303626060486,-0.9520269297918627
TOKYOTECH_s05,100,182,106.06666666666666,0.1096801832318306,-0.9126079415600878
TOKYOTECH_s05,100,183,106.1,-0.1845255196094513,-0.770778643730905
TOKYOTECH_s05,100,184,106.13333333333334,-0.44287267327308655,-0.5401015043466602
TOKYOTECH_s05,100,185,106.16666666666667,-0.667427122592926,-0.2563032073851881
TOKYOTECH_s05,100,186,106.2,-0.8425347208976746,0.029132517027027807
TOKYOTECH_s05,100,187,106.23333333333333,-1.0255851745605469,0.2637593331439844
TOKYOTECH_s05,100,188,106.26666666666667,-1.1208903789520264,0.41164508949931355
TOKYOTECH_s05,100,189,106.3,-1.0515419244766235,0.46402188266914407
TOKYOTECH_s05,100,190,106.33333333333333,-1.0348280668258667,0.43697709533307194
TOKYOTECH_s05,100,191,106.36666666666666,-1.1074445247650146,0.35839001284666727
TOKYOTECH_s05,100,192,106.4,-1.144718885421753,0.25340845680580076
TOKYOTECH_s05,100,193,106.43333333333334,-0.9464951157569885,0.13801634209837801
TOKYOTECH_s05,100,194,106.46666666666667,0.07745468616485596,0.02285621403877007
TOKYOTECH_s05,100,195,106.5,1.436001181602478,-0.07922300670029232
TOKYOTECH_s05,100,196,106.53333333333333,1.8065276145935059,-0.15105125789664076
TOKYOTECH_s05,100,197,106.56666666666666,1.5457227230072021,-0.17828189941180173
TOKYOTECH_s05,100,198,106.6,1.2600654363632202,-0.16041926776977553
TOKYOTECH_s05,100,199,106.63333333333334,0.9255756139755249,-0.11554767906705468
TOKYOTECH_s05,100,200,106.66666666666667,0.5596617460250854,-0.0731133743495849
TOKYOTECH_s05,100,201,106.7,0.211610347032547,-0.05837513248984939
TOKYOTECH_s05,100,202,106.73333333333333,0.11171931773424149,-0.07816426681125878
TOKYOTECH_s05,100,203,106.76666666666667,0.26181408762931824,-0.11650185903829462
TOKYOTECH_s05,100,204,106.8,0.40432220697402954,-0.14181098471321898
TOKYOTECH_s05,100,205,106.83333333333333,0.315633088350296,-0.12078113414249003
TOKYOTECH_s05,100,206,106.86666666666666,0.047624506056308746,-0.032239692084307235
TOKYOTECH_s05,100,207,106.9,-0.270676851272583,0.12340881930976015
TOKYOTECH_s05,100,208,106.93333333333334,-0.5479728579521179,0.3211256160367321
TOKYOTECH_s05,100,209,106.96666666666667,-0.7603815197944641,0.5156345763827589
TOKYOTECH_s05,100,210,107.0,-0.8952940702438354,0.6542135118930479
TOKYOTECH_s05,100,211,107.03333333333333,-0.9854435324668884,0.6960860394469337
TOKYOTECH_s05,100,212,107.06666666666666,-1.0369384288787842,0.6306565517846482
TOKYOTECH_s05,100,213,107.1,-0.9968591332435608,0.4837648943027517
TOKYOTECH_s05,100,214,107.13333333333334,-0.8919904828071594,0.3063086114224679
TOKYOTECH_s05,100,215,107.16666666666667,-0.9016162753105164,0.15007891700785467
TOKYOTECH_s05,100,216,107.2,-1.0371966361999512,0.044123206186865944
TOKYOTECH_s05,100,217,107.23333333333333,-1.020046591758728,-0.014840767178002801
TOKYOTECH_s05,100,218,107.26666666666667,0.04852386191487312,-0.053491960139259206
TOKYOTECH_s05,100,219,107.3,1.4897221326828003,-0.10190174550864362
TOKYOTECH_s05,100,220,107.33333333333333,1.9250824451446533,-0.17621962035510308
TOKYOTECH_s05,100,221,107.36666666666666,1.6277958154678345,-0.274177956336561
TOKYOTECH_s05,100,222,107.4,1.2448654174804688,-0.3825387291467257
TOKYOTECH_s05,100,223,107.43333333333334,0.8916226625442505,-0.48694366444848425
TOKYOTECH_s05,100,224,107.46666666666667,0.485032856464386,-0.5757982222520784
TOKYOTECH_s05,100,225,107.5,0.15348157286643982,-0.6376335728267375
TOKYOTECH_s05,100,226,107.53333333333333,0.09830909222364426,-0.6578504016209612
TOKYOTECH_s05,100,227,107.56666666666666,0.2627757787704468,-0.6207300283878735
TOKYOTECH_s05,100,228,107.6,0.41586247086524963,-0.5165583206309702
TOKYOTECH_s05,100,229,107.63333333333334,0.30005013942718506,-0.3481235947509033
TOKYOTECH_s05,100,230,107.66666666666667,-0.003282698104158044,-0.13143759863432658
TOKYOTECH_s05,100,231,107.7,-0.34162816405296326,0.10918287699556842
TOKYOTECH_s05,100,232,107.73333333333333,-0.6218181252479553,0.34691072662561445
TOKYOTECH_s05,100,233,107.76666666666667,-0.7911110520362854,0.5547582566519239
TOKYOTECH_s05,100,234,107.8,-0.9059261083602905,0.705481224492064
TOKYOTECH_s05,100,235,107.83333333333333,-0.9524166584014893,0.7737131364448365
TOKYOTECH_s05,100,236,107.86666666666666,-1.013697624206543,0.7422211729541273
TOKYOTECH_s05,100,237,107.9,-1.0511144399642944,0.6091266497932186
TOKYOTECH_s05,100,238,107.93333333333334,-1.0751477479934692,0.39162337696461935
TOKYOTECH_s05,100,239,107.96666666666667,-1.058995008468628,0.12403907921795711
TOKYOTECH_s05,101,0,101.0,-0.9218741059303284,-0.07303945222038552
TOKYOTECH_s05,101,1,101.03333333333333,-0.922105610370636,-1.258934782640248
TOKYOTECH_s05,101,2,101.06666666666666,-0.9760760068893433,-2.264252457644032
TOKYOTECH_s05,101,3,101.1,-0.8056432604789734,-2.952838428984936
TOKYOTECH_s05,101,4,101.13333333333334,0.33585527539253235,-3.2646360274072217
TOKYOTECH_s05,101,5,101.16666666666667,1.4326618909835815,-3.2243459479826986
TOKYOTECH_s05,101,6,101.2,1.573068618774414,-2.924395559654096
TOKYOTECH_s05,101,7,101.23333333333333,1.28203284740448,-2.49164891424656
TOKYOTECH_s05,101,8,101.26666666666667,0.9794925451278687,-2.0505654152443373
TOKYOTECH_s05,101,9,101.3,0.6195269227027893,-1.6922453361813479
TOKYOTECH_s05,101,10,101.33333333333333,0.24746888875961304,-1.455742266069111
TOKYOTECH_s05,101,11,101.36666666666666,0.06840767711400986,-1.3256930063772947
TOKYOTECH_s05,101,12,101.4,0.2206929624080658,-1.2465004181697839
TOKYOTECH_s05,101,13,101.43333333333334,0.4138856530189514,-1.147978223453484
TOKYOTECH_s05,101,14,101.46666666666667,0.3690691590309143,-0.9726710956453333
TOKYOTECH_s05,101,15,101.5,0.13585059344768524,-0.694298433975804
TOKYOTECH_s05,101,16,101.53333333333333,-0.20883488655090332,-0.3214741207599837
TOKYOTECH_s05,101,17,101.56666666666666,-0.5279287695884705,0.11163422498203879
TOKYOTECH_s05,101,18,101.6,-0.7392867207527161,0.5602847284320539
TOKYOTECH_s05,101,19,101.63333333333334,-0.7997395396232605,0.9818235510880707
TOKYOTECH_s05,101,20,101.66666666666667,-0.9015717506408691,1.342629388709663
TOKYOTECH_s05,101,21,101.7,-0.9565216302871704,1.6206679582982797
TOKYOTECH_s05,101,22,101.73333333333333,-0.9951850771903992,1.805685212355486
TOKYOTECH_s05,101,23,101.76666666666667,-0.9740457534790039,1.8973400912074443
TOKYOTECH_s05,101,24,101.8,-0.9373946785926819,1.9009902888018073
TOKYOTECH_s05,101,25,101.83333333333333,-0.49499088525772095,1.822322751377714
TOKYOTECH_s05,101,26,101.86666666666666,0.6718588471412659,1.6639881417677673
TOKYOTECH_s05,101,27,101.9,1.5448590517044067,1.4270324044293434
TOKYOTECH_s05,101,28,101.93333333333334,1.5527395009994507,1.1163295373670565
TOKYOTECH_s05,101,29,101.96666666666667,1.2107610702514648,0.7458619410305929
TOKYOTECH_s05,101,30,102.0,0.8830297589302063,0.3400830083630286
TOKYOTECH_s05,101,31,102.03333333333333,0.5464473962783813,-0.0690363316382846
TOKYOTECH_s05,101,32,102.06666666666666,0.18096984922885895,-0.4465680962214991
TOKYOTECH_s05,101,33,102.1,0.007652065716683865,-0.758150938071749
TOKYOTECH_s05,101,34,102.13333333333334,0.1407569944858551,-0.9730657390569938
TOKYOTECH_s05,101,35,102.16666666666667,0.3516519069671631,-1.069543525592683
TOKYOTECH_s05,101,36,102.2,0.3543143570423126,-1.0425608803035589
TOKYOTECH_s05,101,37,102.23333333333333,0.11575306951999664,-0.9098513357111917
TOKYOTECH_s05,101,38,102.26666666666667,-0.2069738358259201,-0.7100484095112964
TOKYOTECH_s05,101,39,102.3,-0.5021234154701233,-0.4905444308811207
TOKYOTECH_s05,101,40,102.33333333333333,-0.7781104445457458,-0.2902205738420233
TOKYOTECH_s05,101,41,102.36666666666666,-0.9809200167655945,-0.12716676389086848
TOKYOTECH_s05,101,42,102.4,-1.030251145362854,0.0013049219848415613
TOKYOTECH_s05,101,43,102.43333333333334,-0.9680529832839966,0.10761697441035861
TOKYOTECH_s05,101,44,102.46666666666667,-0.9664323925971985,0.20089316491745873
TOKYOTECH_s05,101,45,102.5,-1.0722715854644775,0.2813472032252666
TOKYOTECH_s05,101,46,102.53333333333333,-1.0965542793273926,0.34355650150927863
TOKYOTECH_s05,101,47,102.56666666666666,-0.6617193222045898,0.3821450009277122
TOKYOTECH_s05,101,48,102.6,0.5889398455619812,0.3933926531386942
TOKYOTECH_s05,101,49,102.63333333333334,1.6434500217437744,0.3722998954573336
TOKYOTECH_s05,101,50,102.66666666666667,1.737953782081604,0.3099653280490854
TOKYOTECH_s05,101,51,102.7,1.4321277141571045,0.19624670460146446
TOKYOTECH_s05,101,52,102.73333333333333,1.1909841299057007,0.027555483872772242
TOKYOTECH_s05,101,53,102.76666666666667,0.9214795231819153,-0.1856833665364626
TOKYOTECH_s05,101,54,102.8,0.6016020774841309,-0.4178099080292645
TOKYOTECH_s05,101,55,102.83333333333333,0.3273870646953583,-0.6342757889863966
TOKYOTECH_s05,101,56,102.86666666666666,0.23771843314170837,-0.8011428743644217
TOKYOTECH_s05,101,57,102.9,0.3506011664867401,-0.8916510691449012
TOKYOTECH_s05,101,58,102.93333333333334,0.4154261648654938,-0.8880178563420459
TOKYOTECH_s05,101,59,102.96666666666667,0.27241048216819763,-0.7817472584883294
TOKYOTECH_s05,101,60,103.0,0.015772998332977295,-0.5760750894362057
TOKYOTECH_s05,101,61,103.03333333333333,-0.260009229183197,-0.2900293607290032
TOKYOTECH_s05,101,62,103.06666666666666,-0.4968341290950775,0.04070292429356299
TOKYOTECH_s05,101,63,103.1,-0.7260634899139404,0.3703974437645643
TOKYOTECH_s05,101,64,103.13333333333334,-0.9102537035942078,0.6556001291495835
TOKYOTECH_s05,101,65,103.16666666666667,-0.9674652814865112,0.8660683875348663
TOKYOTECH_s05,101,66,103.2,-0.9013046622276306,0.9886683392006317
TOKYOTECH_s05,101,67,103.23333333333333,-0.8511810302734375,1.0240534685525242
TOKYOTECH_s05,101,68,103.26666666666667,-0.9695311784744263,0.9800598443983002
TOKYOTECH_s05,101,69,103.3,-1.1094034910202026,0.8663200587775732
TOKYOTECH_s05,101,70,103.33333333333333,-0.8865231275558472,0.6924209336876346
TOKYOTECH_s05,101,71,103.36666666666666,0.21101373434066772,0.46915087947173084
TOKYOTECH_s05,101,72,103.4,1.392084002494812,0.2108687916983026
TOKYOTECH_s05,101,73,103.43333333333334,1.6989073753356934,-0.06302935890478377
TOKYOTECH_s05,101,74,103.46666666666667,1.443489909172058,-0.32885967272368716
TOKYOTECH_s05,101,75,103.5,1.1637896299362183,-0.5619298173616407
TOKYOTECH_s05,101,76,103.53333333333333,0.9546310901641846,-0.7416249712248594
TOKYOTECH_s05,101,77,103.56666666666666,0.6478433012962341,-0.8566594533266908
TOKYOTECH_s05,101,78,103.6,0.3084203898906708,-0.9082078005150669
TOKYOTECH_s05,101,79,103.63333333333334,0.14970605075359344,-0.9084586117067632
TOKYOTECH_s05,101,80,103.66666666666667,0.2036585956811905,-0.8731390729895532
TOKYOTECH_s05,101,81,103.7,0.2747345566749573,-0.8100537754947904
TOKYOTECH_s05,101,82,103.73333333333333,0.21145007014274597,-0.7106240584823809
TOKYOTECH_s05,101,83,103.76666666666667,0.00505194254219532,-0.5524113381457334
TOKYOTECH_s05,101,84,103.8,-0.33783483505249023,-0.31423076202631256
TOKYOTECH_s05,101,85,103.83333333333333,-0.6954764127731323,0.0040463439880345595
TOKYOTECH_s05,101,86,103.86666666666666,-0.894127607345581,0.37008093483836524
TOKYOTECH_s05,101,87,103.9,-0.9403865933418274,0.7251286293005121
TOKYOTECH_s05,101,88,103.93333333333334,-1.0196547508239746,1.0050730696437946
TOKYOTECH_s05,101,89,103.96666666666667,-1.1223150491714478,1.1641796823955688
TOKYOTECH_s05,101,90,104.0,-1.0782822370529175,1.1892836277110883
TOKYOTECH_s05,101,91,104.03333333333333,-0.9979633092880249,1.0993478433708659
TOKYOTECH_s05,101,92,104.06666666666666,-1.037998080253601,0.9330347762345566
TOKYOTECH_s05,101,93,104.1,-1.1693755388259888,0.7315319215741122
TOKYOTECH_s05,101,94,104.13333333333334,-0.8921774625778198,0.5245561414016716
TOKYOTECH_s05,101,95,104.16666666666667,0.4777400493621826,0.3247008768453042
TOKYOTECH_s05,101,96,104.2,1.578624963760376,0.1306666245593249
TOKYOTECH_s05,101,97,104.23333333333333,1.6649811267852783,-0.06422103698582343
TOKYOTECH_s05,101,98,104.26666666666667,1.3547383546829224,-0.26352264619800425
TOKYOTECH_s05,101,99,104.3,1.0308895111083984,-0.4633570022848014
TOKYOTECH_s05,101,100,104.33333333333333,0.7314301133155823,-0.653235841154442
TOKYOTECH_s05,101,101,104.36666666666666,0.426788330078125,-0.8199701172216632
TOKYOTECH_s05,101,102,104.4,0.1839083433151245,-0.9512777825011018
TOKYOTECH_s05,101,103,104.43333333333334,0.15545837581157684,-1.0367083436059419
TOKYOTECH_s05,101,104,104.46666666666667,0.23637384176254272,-1.0659763076167668
TOKYOTECH_s05,101,105,104.5,0.2870495319366455,-1.0272672792566313
TOKYOTECH_s05,101,106,104.53333333333333,0.15586797893047333,-0.9088782561123159
TOKYOTECH_s05,101,107,104.56666666666666,-0.12070674449205399,-0.7054800778553437
TOKYOTECH_s05,101,108,104.6,-0.4779743254184723,-0.42605209677154093
TOKYOTECH_s05,101,109,104.63333333333334,-0.7711648941040039,-0.09748274063029948
TOKYOTECH_s05,101,110,104.66666666666667,-0.8772178888320923,0.24085447983461994
TOKYOTECH_s05,101,111,104.7,-0.9469314217567444,0.550363465355953
TOKYOTECH_s05,101,112,104.73333333333333,-1.0416756868362427,0.8062747190106222
TOKYOTECH_s05,101,113,104.76666666666667,-1.0394049882888794,1.0011604311539293
TOKYOTECH_s05,101,114,104.8,-0.9730306267738342,1.1367542997354319
TOKYOTECH_s05,101,115,104.83333333333333,-1.0705353021621704,1.2111882718227054
TOKYOTECH_s05,101,116,104.86666666666666,-1.152830958366394,1.2120097579351259
TOKYOTECH_s05,101,117,104.9,-0.9187219142913818,1.1206789487057303
TOKYOTECH_s05,101,118,104.93333333333334,0.10833559930324554,0.9254258445693903
TOKYOTECH_s05,101,119,104.96666666666667,1.3106787204742432,0.6330580413171407
TOKYOTECH_s05,101,120,105.0,1.6338152885437012,0.2713037518247498
TOKYOTECH_s05,101,121,105.03333333333333,1.3105452060699463,-0.11975020581052807
TOKYOTECH_s05,101,122,105.06666666666666,0.8895745873451233,-0.5009015290437099
TOKYOTECH_s05,101,123,105.1,0.485264390707016,-0.8429452209473624
TOKYOTECH_s05,101,124,105.13333333333334,0.04593264311552048,-1.1272523361685123
TOKYOTECH_s05,101,125,105.16666666666667,-0.21142610907554626,-1.3400534192151938
TOKYOTECH_s05,101,126,105.2,-0.0182334054261446,-1.4658845431315455
TOKYOTECH_s05,101,127,105.23333333333333,0.3253568112850189,-1.4849005075879063
TOKYOTECH_s05,101,128,105.26666666666667,0.3511621654033661,-1.37624990558476
TOKYOTECH_s05,101,129,105.3,0.1012030690908432,-1.1270453668324438
TOKYOTECH_s05,101,130,105.33333333333333,-0.23916372656822205,-0.7441279895898778
TOKYOTECH_s05,101,131,105.36666666666666,-0.5497626662254333,-0.26327687731383054
TOKYOTECH_s05,101,132,105.4,-0.7431601881980896,0.2513063642622978
TOKYOTECH_s05,101,133,105.43333333333334,-0.9297367930412292,0.7213558447874164
TOKYOTECH_s05,101,134,105.46666666666667,-1.0891011953353882,1.0780258336992423
TOKYOTECH_s05,101,135,105.5,-1.1397234201431274,1.2827604182543189
TOKYOTECH_s05,101,136,105.53333333333333,-1.045469045639038,1.335527621059161
TOKYOTECH_s05,101,137,105.56666666666666,-1.018604040145874,1.2681230554370408
TOKYOTECH_s05,101,138,105.6,-1.130614161491394,1.1274322217743014
TOKYOTECH_s05,101,139,105.63333333333334,-1.2002921104431152,0.9570457380703352
TOKYOTECH_s05,101,140,105.66666666666667,-0.721388578414917,0.7850116419996241
TOKYOTECH_s05,101,141,105.7,0.6692675948143005,0.6213072682834865
TOKYOTECH_s05,101,142,105.73333333333333,1.6234771013259888,0.46290560657016666
TOKYOTECH_s05,101,143,105.76666666666667,1.6386593580245972,0.3009258187562959
TOKYOTECH_s05,101,144,105.8,1.326208233833313,0.12559052935860104
TOKYOTECH_s05,101,145,105.83333333333333,0.9650405049324036,-0.07138347175267111
TOKYOTECH_s05,101,146,105.86666666666666,0.6114237904548645,-0.2944735227985344
TOKYOTECH_s05,101,147,105.9,0.2389383465051651,-0.5401763712721397
TOKYOTECH_s05,101,148,105.93333333333334,0.040117986500263214,-0.7924294365322702
TOKYOTECH_s05,101,149,105.96666666666667,0.0920046865940094,-1.0214983173312713
TOKYOTECH_s05,101,150,106.0,0.2493833601474762,-1.1887391047142555
TOKYOTECH_s05,101,151,106.03333333333333,0.2875303626060486,-1.2562435252582416
TOKYOTECH_s05,101,152,106.06666666666666,0.1096801832318306,-1.1982505342866794
TOKYOTECH_s05,101,153,106.1,-0.1845255196094513,-1.010849856869115
TOKYOTECH_s05,101,154,106.13333333333334,-0.44287267327308655,-0.7169133199133236
TOKYOTECH_s05,101,155,106.16666666666667,-0.667427122592926,-0.3637106298348464
TOKYOTECH_s05,101,156,106.2,-0.8425347208976746,-0.011767029476319246
TOKYOTECH_s05,101,157,106.23333333333333,-1.0255851745605469,0.28303874252532835
TOKYOTECH_s05,101,158,106.26666666666667,-1.1208903789520264,0.4868242321117719
TOKYOTECH_s05,101,159,106.3,-1.0515419244766235,0.5952824400326883
TOKYOTECH_s05,101,160,106.33333333333333,-1.0348280668258667,0.6275036579503844
TOKYOTECH_s05,101,161,106.36666666666666,-1.1074445247650146,0.6106785605278695
TOKYOTECH_s05,101,162,106.4,-1.144718885421753,0.5657144374865432
TOKYOTECH_s05,101,163,106.43333333333334,-0.9464951157569885,0.5022029879221429
TOKYOTECH_s05,101,164,106.46666666666667,0.07745468616485596,0.423577743534253
TOKYOTECH_s05,101,165,106.5,1.436001181602478,0.3355261094237251
TOKYOTECH_s05,101,166,106.53333333333333,1.8065276145935059,0.2488302884044653
TOKYOTECH_s05,101,167,106.56666666666666,1.5457227230072021,0.17335143274329454
TOKYOTECH_s05,101,168,106.6,1.2600654363632202,0.1088578014107591
TOKYOTECH_s05,101,169,106.63333333333334,0.9255756139755249,0.042415281059290766
TOKYOTECH_s05,101,170,106.66666666666667,0.5596617460250854,-0.04352523945086599
TOKYOTECH_s05,101,171,106.7,0.211610347032547,-0.1574986573478001
TOKYOTECH_s05,101,172,106.73333333333333,0.11171931773424149,-0.28936182986499487
TOKYOTECH_s05,101,173,106.76666666666667,0.26181408762931824,-0.4109652235062628
TOKYOTECH_s05,101,174,106.8,0.40432220697402954,-0.48611121722878065
TOKYOTECH_s05,101,175,106.83333333333333,0.315633088350296,-0.48344745584930027
TOKYOTECH_s05,101,176,106.86666666666666,0.047624506056308746,-0.38671918642541137
TOKYOTECH_s05,101,177,106.9,-0.270676851272583,-0.2006267816161096
TOKYOTECH_s05,101,178,106.93333333333334,-0.5479728579521179,0.04749143945188096
TOKYOTECH_s05,101,179,106.96666666666667,-0.7603815197944641,0.31078680164055467
TOKYOTECH_s05,101,180,107.0,-0.8952940702438354,0.5327845460348637
TOKYOTECH_s05,101,181,107.03333333333333,-0.9854435324668884,0.6640501757113758
TOKYOTECH_s05,101,182,107.06666666666666,-1.0369384288787842,0.6799427009542415
TOKYOTECH_s05,101,183,107.1,-0.9968591332435608,0.5899055925782678
TOKYOTECH_s05,101,184,107.13333333333334,-0.8919904828071594,0.43197596530319804
TOKYOTECH_s05,101,185,107.16666666666667,-0.9016162753105164,0.2546081562695099
TOKYOTECH_s05,101,186,107.2,-1.0371966361999512,0.09559438134067236
TOKYOTECH_s05,101,187,107.23333333333333,-1.020046591758728,-0.030446149717727602
TOKYOTECH_s05,101,188,107.26666666666667,0.04852386191487312,-0.1303525310972509
TOKYOTECH_s05,101,189,107.3,1.4897221326828003,-0.220097667249487
TOKYOTECH_s05,101,190,107.33333333333333,1.9250824451446533,-0.31177087760358624
TOKYOTECH_s05,101,191,107.36666666666666,1.6277958154678345,-0.40834159643521506
TOKYOTECH_s05,101,192,107.4,1.2448654174804688,-0.506372423913096
TOKYOTECH_s05,101,193,107.43333333333334,0.8916226625442505,-0.6000563554439222
TOKYOTECH_s05,101,194,107.46666666666667,0.485032856464386,-0.6813908413527554
TOKYOTECH_s05,101,195,107.5,0.15348157286643982,-0.7376068225579441
TOKYOTECH_s05,101,196,107.53333333333333,0.09830909222364426,-0.7509142674607193
TOKYOTECH_s05,101,197,107.56666666666666,0.2627757787704468,-0.7038525905699635
TOKYOTECH_s05,101,198,107.6,0.41586247086524963,-0.5877443887638093
TOKYOTECH_s05,101,199,107.63333333333334,0.30005013942718506,-0.40780894499279524
TOKYOTECH_s05,101,200,107.66666666666667,-0.003282698104158044,-0.1807513436093659
TOKYOTECH_s05,101,201,107.7,-0.34162816405296326,0.07313181941680712
TOKYOTECH_s05,101,202,107.73333333333333,-0.6218181252479553,0.33668604203167146
TOKYOTECH_s05,101,203,107.76666666666667,-0.7911110520362854,0.5962006395707476
TOKYOTECH_s05,101,204,107.8,-0.9059261083602905,0.8367706453175884
TOKYOTECH_s05,101,205,107.83333333333333,-0.9524166584014893,1.0391063323774146
TOKYOTECH_s05,101,206,107.86666666666666,-1.013697624206543,1.1817349645415993
TOKYOTECH_s05,101,207,107.9,-1.0511144399642944,1.2467870770033223
TOKYOTECH_s05,101,208,107.93333333333334,-1.0751477479934692,1.225011624705155
TOKYOTECH_s05,101,209,107.96666666666667,-1.058995008468628,1.1173463308782654
TOKYOTECH_s05,101,210,108.0,-0.7741479277610779,0.9335418461964498
TOKYOTECH_s05,101,211,108.03333333333333,0.41590699553489685,0.6897590160663809
TOKYOTECH_s05,101,212,108.06666666666666,1.6050893068313599,0.4057012757328708
TOKYOTECH_s05,101,213,108.1,1.7332967519760132,0.10062359382482183
TOKYOTECH_s05,101,214,108.13333333333334,1.3830013275146484,-0.21100937803697573
TOKYOTECH_s05,101,215,108.16666666666667,0.9988777041435242,-0.5213843160082201
TOKYOTECH_s05,101,216,108.2,0.5651113390922546,-0.8263103973973067
TOKYOTECH_s05,101,217,108.23333333333333,0.11047268658876419,-1.1180218787310148
TOKYOTECH_s05,101,218,108.26666666666667,-0.15289662778377533,-1.3781844004421413
TOKYOTECH_s05,101,219,108.3,-0.006612992845475674,-1.5765096636814704
TOKYOTECH_s05,101,220,108.33333333333333,0.2752065062522888,-1.6773523905581844
TOKYOTECH_s05,101,221,108.36666666666666,0.3561665117740631,-1.651859695333794
TOKYOTECH_s05,101,222,108.4,0.17805807292461395,-1.4900323396388047
TOKYOTECH_s05,101,223,108.43333333333334,-0.13165931403636932,-1.2068463909421185
TOKYOTECH_s05,101,224,108.46666666666667,-0.45063742995262146,-0.8391830506545606
TOKYOTECH_s05,101,225,108.5,-0.7092338800430298,-0.4348119406117337
TOKYOTECH_s05,101,226,108.53333333333333,-0.8752945065498352,-0.03898734384968082
TOKYOTECH_s05,101,227,108.56666666666666,-1.003208041191101,0.31494134250931105
TOKYOTECH_s05,101,228,108.6,-1.0840256214141846,0.6082151306930238
TOKYOTECH_s05,101,229,108.63333333333334,-1.1011401414871216,0.8344647790808373
TOKYOTECH_s05,101,230,108.66666666666667,-1.1222259998321533,0.9957765036045381
TOKYOTECH_s05,101,231,108.7,-1.1495006084442139,1.0987994390755926
TOKYOTECH_s05,101,232,108.73333333333333,-1.1683604717254639,1.1511533406283125
TOKYOTECH_s05,101,233,108.76666666666667,-0.9357740879058838,1.158276651510694
TOKYOTECH_s05,101,234,108.8,0.2761771082878113,1.1218622369086668
TOKYOTECH_s05,101,235,108.83333333333333,1.6938763856887817,1.0411173301847882
TOKYOTECH_s05,101,236,108.86666666666666,2.009737968444824,0.916156651399712
TOKYOTECH_s05,101,237,108.9,1.6383298635482788,0.7510535863713663
TOKYOTECH_s05,101,238,108.93333333333334,1.2792903184890747,0.554679232873588
TOKYOTECH_s05,101,239,108.96666666666667,0.9734641909599304,0.3395466431875493
TOKYOTECH_s05,102,0,102.0,0.8830297589302063,-0.06476052900333183
TOKYOTECH_s05,102,1,102.03333333333333,0.5464473962783813,-1.775652064135578
TOKYOTECH_s05,102,2,102.06666666666666,0.18096984922885895,-3.2226265295371244
TOKYOTECH_s05,102,3,102.1,0.007652065716683865,-4.202259990519328
TOKYOTECH_s05,102,4,102.13333333333334,0.1407569944858551,-4.614086891697041
TOKYOTECH_s05,102,5,102.16666666666667,0.3516519069671631,-4.477228835723669
TOKYOTECH_s05,102,6,102.2,0.3543143570423126,-3.91298490003824
TOKYOTECH_s05,102,7,102.23333333333333,0.11575306951999664,-3.1019120128597266
TOKYOTECH_s05,102,8,102.26666666666667,-0.2069738358259201,-2.231334420987255
TOKYOTECH_s05,102,9,102.3,-0.5021234154701233,-1.4489196966488849
TOKYOTECH_s05,102,10,102.33333333333333,-0.7781104445457458,-0.8347010666996015
TOKYOTECH_s05,102,11,102.36666666666666,-0.9809200167655945,-0.39822536783953233
TOKYOTECH_s05,102,12,102.4,-1.030251145362854,-0.09885041756747835
TOKYOTECH_s05,102,13,102.43333333333334,-0.9680529832839966,0.12185374054026024
TOKYOTECH_s05,102,14,102.46666666666667,-0.9664323925971985,0.3115117602113888
TOKYOTECH_s05,102,15,102.5,-1.0722715854644775,0.4940828663093
TOKYOTECH_s05,102,16,102.53333333333333,-1.0965542793273926,0.6727390774141813
TOKYOTECH_s05,102,17,102.56666666666666,-0.6617193222045898,0.8387694463525568
TOKYOTECH_s05,102,18,102.6,0.5889398455619812,0.9776202473488806
TOKYOTECH_s05,102,19,102.63333333333334,1.6434500217437744,1.0708079805636364
TOKYOTECH_s05,102,20,102.66666666666667,1.737953782081604,1.0982279297142576
TOKYOTECH_s05,102,21,102.7,1.4321277141571045,1.044796455988057
TOKYOTECH_s05,102,22,102.73333333333333,1.1909841299057007,0.9096156906388555
TOKYOTECH_s05,102,23,102.76666666666667,0.9214795231819153,0.7111288432745899
TOKYOTECH_s05,102,24,102.8,0.6016020774841309,0.4832317094403899
TOKYOTECH_s05,102,25,102.83333333333333,0.3273870646953583,0.2636276985188613
TOKYOTECH_s05,102,26,102.86666666666666,0.23771843314170837,0.08155406435457849
TOKYOTECH_s05,102,27,102.9,0.3506011664867401,-0.04762859432386606
TOKYOTECH_s05,102,28,102.93333333333334,0.4154261648654938,-0.1194289417005525
TOKYOTECH_s05,102,29,102.96666666666667,0.27241048216819763,-0.13389626561939072
TOKYOTECH_s05,102,30,103.0,0.015772998332977295,-0.09240122141282182
TOKYOTECH_s05,102,31,103.03333333333333,-0.260009229183197,0.0003770102222766282
TOKYOTECH_s05,102,32,103.06666666666666,-0.4968341290950775,0.1329598646621404
TOKYOTECH_s05,102,33,103.1,-0.7260634899139404,0.28721985136594846
TOKYOTECH_s05,102,34,103.13333333333334,-0.9102537035942078,0.44260297017894185
TOKYOTECH_s05,102,35,103.16666666666667,-0.9674652814865112,0.5801862028610523
TOKYOTECH_s05,102,36,103.2,-0.9013046622276306,0.6835088934023684
TOKYOTECH_s05,102,37,103.23333333333333,-0.8511810302734375,0.7373276333869875
TOKYOTECH_s05,102,38,103.26666666666667,-0.9695311784744263,0.7273075760058796
TOKYOTECH_s05,102,39,103.3,-1.1094034910202026,0.6422894602075754
TOKYOTECH_s05,102,40,103.33333333333333,-0.8865231275558472,0.47823146788117515
TOKYOTECH_s05,102,41,103.36666666666666,0.21101373434066772,0.2414925684558736
TOKYOTECH_s05,102,42,103.4,1.392084002494812,-0.05020349806442751
TOKYOTECH_s05,102,43,103.43333333333334,1.6989073753356934,-0.3692091259817565
TOKYOTECH_s05,102,44,103.46666666666667,1.443489909172058,-0.6810864747773739
TOKYOTECH_s05,102,45,103.5,1.1637896299362183,-0.9489866257032074
TOKYOTECH_s05,102,46,103.53333333333333,0.9546310901641846,-1.139365373197335
TOKYOTECH_s05,102,47,103.56666666666666,0.6478433012962341,-1.2288520133622527
TOKYOTECH_s05,102,48,103.6,0.3084203898906708,-1.210616876350124
TOKYOTECH_s05,102,49,103.63333333333334,0.14970605075359344,-1.0969481857376628
TOKYOTECH_s05,102,50,103.66666666666667,0.2036585956811905,-0.9147833715371207
TOKYOTECH_s05,102,51,103.7,0.2747345566749573,-0.6942528040260635
TOKYOTECH_s05,102,52,103.73333333333333,0.21145007014274597,-0.45587531154916644
TOKYOTECH_s05,102,53,103.76666666666667,0.00505194254219532,-0.20490953331782719
TOKYOTECH_s05,102,54,103.8,-0.33783483505249023,0.06239688235037458
TOKYOTECH_s05,102,55,103.83333333333333,-0.6954764127731323,0.34435450996591105
TOKYOTECH_s05,102,56,103.86666666666666,-0.894127607345581,0.6219786607975413
TOKYOTECH_s05,102,57,103.9,-0.9403865933418274,0.8597237946561263
TOKYOTECH_s05,102,58,103.93333333333334,-1.0196547508239746,1.0191082949877412
TOKYOTECH_s05,102,59,103.96666666666667,-1.1223150491714478,1.075782010770733
TOKYOTECH_s05,102,60,104.0,-1.0782822370529175,1.0294346761832036
TOKYOTECH_s05,102,61,104.03333333333333,-0.9979633092880249,0.9020768138181782
TOKYOTECH_s05,102,62,104.06666666666666,-1.037998080253601,0.7273757463256377
TOKYOTECH_s05,102,63,104.1,-1.1693755388259888,0.5375016569517671
TOKYOTECH_s05,102,64,104.13333333333334,-0.8921774625778198,0.3532504309541892
TOKYOTECH_s05,102,65,104.16666666666667,0.4777400493621826,0.18033735385681113
TOKYOTECH_s05,102,66,104.2,1.578624963760376,0.012313653770262722
TOKYOTECH_s05,102,67,104.23333333333333,1.6649811267852783,-0.1614457319817728
TOKYOTECH_s05,102,68,104.26666666666667,1.3547383546829224,-0.34634788529854044
TOKYOTECH_s05,102,69,104.3,1.0308895111083984,-0.5364688444935489
TOKYOTECH_s05,102,70,104.33333333333333,0.7314301133155823,-0.7149616772445616
TOKYOTECH_s05,102,71,104.36666666666666,0.426788330078125,-0.8605372430155807
TOKYOTECH_s05,102,72,104.4,0.1839083433151245,-0.9556004049028282
TOKYOTECH_s05,102,73,104.43333333333334,0.15545837581157684,-0.9905135357169377
TOKYOTECH_s05,102,74,104.46666666666667,0.23637384176254272,-0.9617107628308709
TOKYOTECH_s05,102,75,104.5,0.2870495319366455,-0.8666111728645921
TOKYOTECH_s05,102,76,104.53333333333333,0.15586797893047333,-0.7013576891275567
TOKYOTECH_s05,102,77,104.56666666666666,-0.12070674449205399,-0.46535774370972993
TOKYOTECH_s05,102,78,104.6,-0.4779743254184723,-0.17014202067247922
TOKYOTECH_s05,102,79,104.63333333333334,-0.7711648941040039,0.15523088357441583
TOKYOTECH_s05,102,80,104.66666666666667,-0.8772178888320923,0.46889677966348786
TOKYOTECH_s05,102,81,104.7,-0.9469314217567444,0.7305336414084442
TOKYOTECH_s05,102,82,104.73333333333333,-1.0416756868362427,0.9166521388929648
TOKYOTECH_s05,102,83,104.76666666666667,-1.0394049882888794,1.0261444584355428
TOKYOTECH_s05,102,84,104.8,-0.9730306267738342,1.0724748152470251
TOKYOTECH_s05,102,85,104.83333333333333,-1.0705353021621704,1.068814662313084
TOKYOTECH_s05,102,86,104.86666666666666,-1.152830958366394,1.0169126572858866
TOKYOTECH_s05,102,87,104.9,-0.9187219142913818,0.9070203658659154
TOKYOTECH_s05,102,88,104.93333333333334,0.10833559930324554,0.7278277286275157
TOKYOTECH_s05,102,89,104.96666666666667,1.3106787204742432,0.4784687518707459
TOKYOTECH_s05,102,90,105.0,1.6338152885437012,0.17420515610429987
TOKYOTECH_s05,102,91,105.03333333333333,1.3105452060699463,-0.1571814472822171
TOKYOTECH_s05,102,92,105.06666666666666,0.8895745873451233,-0.4844207333132525
TOKYOTECH_s05,102,93,105.1,0.485264390707016,-0.7803856860701412
TOKYOTECH_s05,102,94,105.13333333333334,0.04593264311552048,-1.0244934323878534
TOKYOTECH_s05,102,95,105.16666666666667,-0.21142610907554626,-1.2010285452670988
TOKYOTECH_s05,102,96,105.2,-0.0182334054261446,-1.296680617684447
TOKYOTECH_s05,102,97,105.23333333333333,0.3253568112850189,-1.2995108215357905
TOKYOTECH_s05,102,98,105.26666666666667,0.3511621654033661,-1.1996760404589255
TOKYOTECH_s05,102,99,105.3,0.1012030690908432,-0.9918975324468486
TOKYOTECH_s05,102,100,105.33333333333333,-0.23916372656822205,-0.6807017717341661
TOKYOTECH_s05,102,101,105.36666666666666,-0.5497626662254333,-0.2879188029463775
TOKYOTECH_s05,102,102,105.4,-0.7431601881980896,0.1432184102236149
TOKYOTECH_s05,102,103,105.43333333333334,-0.9297367930412292,0.5543806665086521
TOKYOTECH_s05,102,104,105.46666666666667,-1.0891011953353882,0.8885115581862685
TOKYOTECH_s05,102,105,105.5,-1.1397234201431274,1.1074233760208514
TOKYOTECH_s05,102,106,105.53333333333333,-1.045469045639038,1.2011375083751477
TOKYOTECH_s05,102,107,105.56666666666666,-1.018604040145874,1.1854109709224994
TOKYOTECH_s05,102,108,105.6,-1.130614161491394,1.0903908924446386
TOKYOTECH_s05,102,109,105.63333333333334,-1.2002921104431152,0.9470197253235204
TOKYOTECH_s05,102,110,105.66666666666667,-0.721388578414917,0.7777292037122921
TOKYOTECH_s05,102,111,105.7,0.6692675948143005,0.5944679530737855
TOKYOTECH_s05,102,112,105.73333333333333,1.6234771013259888,0.40220936920007366
TOKYOTECH_s05,102,113,105.76666666666667,1.6386593580245972,0.20328409240489892
TOKYOTECH_s05,102,114,105.8,1.326208233833313,-0.0007883409216710314
TOKYOTECH_s05,102,115,105.83333333333333,0.9650405049324036,-0.2096686253370162
TOKYOTECH_s05,102,116,105.86666666666666,0.6114237904548645,-0.4239305794024386
TOKYOTECH_s05,102,117,105.9,0.2389383465051651,-0.6419064118969109
TOKYOTECH_s05,102,118,105.93333333333334,0.040117986500263214,-0.8545871986600533
TOKYOTECH_s05,102,119,105.96666666666667,0.0920046865940094,-1.04208088810297
TOKYOTECH_s05,102,120,106.0,0.2493833601474762,-1.1745213271228065
TOKYOTECH_s05,102,121,106.03333333333333,0.2875303626060486,-1.2178542387830071
TOKYOTECH_s05,102,122,106.06666666666666,0.1096801832318306,-1.143076340791834
TOKYOTECH_s05,102,123,106.1,-0.1845255196094513,-0.9368247711136525
TOKYOTECH_s05,102,124,106.13333333333334,-0.44287267327308655,-0.6108195577344228
TOKYOTECH_s05,102,125,106.16666666666667,-0.667427122592926,-0.2063458951555277
TOKYOTECH_s05,102,126,106.2,-0.8425347208976746,0.2113590838573199
TOKYOTECH_s05,102,127,106.23333333333333,-1.0255851745605469,0.5708427444166535
TOKYOTECH_s05,102,128,106.26666666666667,-1.1208903789520264,0.817774034225889
TOKYOTECH_s05,102,129,106.3,-1.0515419244766235,0.9313831797473112
TOKYOTECH_s05,102,130,106.33333333333333,-1.0348280668258667,0.9252727856116979
TOKYOTECH_s05,102,131,106.36666666666666,-1.1074445247650146,0.8339685778772403
TOKYOTECH_s05,102,132,106.4,-1.144718885421753,0.6948146024827818
TOKYOTECH_s05,102,133,106.43333333333334,-0.9464951157569885,0.5358446374577726
TOKYOTECH_s05,102,134,106.46666666666667,0.07745468616485596,0.37397056920389
TOKYOTECH_s05,102,135,106.5,1.436001181602478,0.21974889720124116
TOKYOTECH_s05,102,136,106.53333333333333,1.8065276145935059,0.08142047944576723
TOKYOTECH_s05,102,137,106.56666666666666,1.5457227230072021,-0.03612771889707877
TOKYOTECH_s05,102,138,106.6,1.2600654363632202,-0.1352034175471195
TOKYOTECH_s05,102,139,106.63333333333334,0.9255756139755249,-0.22576449197402304
TOKYOTECH_s05,102,140,106.66666666666667,0.5596617460250854,-0.31916332738744424
TOKYOTECH_s05,102,141,106.7,0.211610347032547,-0.4182997624440882
TOKYOTECH_s05,102,142,106.73333333333333,0.11171931773424149,-0.5112731454120145
TOKYOTECH_s05,102,143,106.76666666666667,0.26181408762931824,-0.5737157659529174
TOKYOTECH_s05,102,144,106.8,0.40432220697402954,-0.5784889955021011
TOKYOTECH_s05,102,145,106.83333333333333,0.315633088350296,-0.5064958470940923
TOKYOTECH_s05,102,146,106.86666666666666,0.047624506056308746,-0.3535457412927489
TOKYOTECH_s05,102,147,106.9,-0.270676851272583,-0.13259191794886027
TOKYOTECH_s05,102,148,106.93333333333334,-0.5479728579521179,0.12699089423680077
TOKYOTECH_s05,102,149,106.96666666666667,-0.7603815197944641,0.3826910886080284
TOKYOTECH_s05,102,150,107.0,-0.8952940702438354,0.5868453818233134
TOKYOTECH_s05,102,151,107.03333333333333,-0.9854435324668884,0.7004143605932414
TOKYOTECH_s05,102,152,107.06666666666666,-1.0369384288787842,0.7076582299458128
TOKYOTECH_s05,102,153,107.1,-0.9968591332435608,0.6225889301696054
TOKYOTECH_s05,102,154,107.13333333333334,-0.8919904828071594,0.4817584359503272
TOKYOTECH_s05,102,155,107.16666666666667,-0.9016162753105164,0.32674220565951045
TOKYOTECH_s05,102,156,107.2,-1.0371966361999512,0.18649888890104532
TOKYOTECH_s05,102,157,107.23333333333333,-1.020046591758728,0.06965412683710695
TOKYOTECH_s05,102,158,107.26666666666667,0.04852386191487312,-0.030495414251574062
TOKYOTECH_s05,102,159,107.3,1.4897221326828003,-0.12426669710047898
TOKYOTECH_s05,102,160,107.33333333333333,1.9250824451446533,-0.21688652228194855
TOKYOTECH_s05,102,161,107.36666666666666,1.6277958154678345,-0.30846778095177874
TOKYOTECH_s05,102,162,107.4,1.2448654174804688,-0.399543432210536
TOKYOTECH_s05,102,163,107.43333333333334,0.8916226625442505,-0.49380935140576804
TOKYOTECH_s05,102,164,107.46666666666667,0.485032856464386,-0.5934741943988471
TOKYOTECH_s05,102,165,107.5,0.15348157286643982,-0.6908448254584842
TOKYOTECH_s05,102,166,107.53333333333333,0.09830909222364426,-0.7644170645875257
TOKYOTECH_s05,102,167,107.56666666666666,0.2627757787704468,-0.784872637442898
TOKYOTECH_s05,102,168,107.6,0.41586247086524963,-0.7280933402841208
TOKYOTECH_s05,102,169,107.63333333333334,0.30005013942718506,-0.5861749961056746
TOKYOTECH_s05,102,170,107.66666666666667,-0.003282698104158044,-0.3693632335692375
TOKYOTECH_s05,102,171,107.7,-0.34162816405296326,-0.09955321797496727
TOKYOTECH_s05,102,172,107.73333333333333,-0.6218181252479553,0.1974261020175333
TOKYOTECH_s05,102,173,107.76666666666667,-0.7911110520362854,0.4942561062837252
TOKYOTECH_s05,102,174,107.8,-0.9059261083602905,0.7606812466361768
TOKYOTECH_s05,102,175,107.83333333333333,-0.9524166584014893,0.9650096020590987
TOKYOTECH_s05,102,176,107.86666666666666,-1.013697624206543,1.08138244208722
TOKYOTECH_s05,102,177,107.9,-1.0511144399642944,1.0983249459711357
TOKYOTECH_s05,102,178,107.93333333333334,-1.0751477479934692,1.0223846556615124
TOKYOTECH_s05,102,179,107.96666666666667,-1.058995008468628,0.8745343720307586
TOKYOTECH_s05,102,180,108.0,-0.7741479277610779,0.6816954794222585
TOKYOTECH_s05,102,181,108.03333333333333,0.41590699553489685,0.46781347746873203
TOKYOTECH_s05,102,182,108.06666666666666,1.6050893068313599,0.2477427067762002
TOKYOTECH_s05,102,183,108.1,1.7332967519760132,0.025114958719471777
TOKYOTECH_s05,102,184,108.13333333333334,1.3830013275146484,-0.20543269214603765
TOKYOTECH_s05,102,185,108.16666666666667,0.9988777041435242,-0.4517264231341106
TOKYOTECH_s05,102,186,108.2,0.5651113390922546,-0.7148422319440886
TOKYOTECH_s05,102,187,108.23333333333333,0.11047268658876419,-0.9808339833445837
TOKYOTECH_s05,102,188,108.26666666666667,-0.15289662778377533,-1.2177656468670846
TOKYOTECH_s05,102,189,108.3,-0.006612992845475674,-1.380887271715577
TOKYOTECH_s05,102,190,108.33333333333333,0.2752065062522888,-1.4252710911656779
TOKYOTECH_s05,102,191,108.36666666666666,0.3561665117740631,-1.3213738834806017
TOKYOTECH_s05,102,192,108.4,0.17805807292461395,-1.0669270096230925
TOKYOTECH_s05,102,193,108.43333333333334,-0.13165931403636932,-0.6896545217381088
TOKYOTECH_s05,102,194,108.46666666666667,-0.45063742995262146,-0.23946122590994084
TOKYOTECH_s05,102,195,108.5,-0.7092338800430298,0.2260317072191439
TOKYOTECH_s05,102,196,108.53333333333333,-0.8752945065498352,0.6553850324625093
TOKYOTECH_s05,102,197,108.56666666666666,-1.003208041191101,1.0108195362818504
TOKYOTECH_s05,102,198,108.6,-1.0840256214141846,1.2690466975618442
TOKYOTECH_s05,102,199,108.63333333333334,-1.1011401414871216,1.419547355048343
TOKYOTECH_s05,102,200,108.66666666666667,-1.1222259998321533,1.4632486941490015
TOKYOTECH_s05,102,201,108.7,-1.1495006084442139,1.4110895026752575
TOKYOTECH_s05,102,202,108.73333333333333,-1.1683604717254639,1.2809743400820717
TOKYOTECH_s05,102,203,108.76666666666667,-0.9357740879058838,1.093221119420073
TOKYOTECH_s05,102,204,108.8,0.2761771082878113,0.8663597126673357
TOKYOTECH_s05,102,205,108.83333333333333,1.6938763856887817,0.6152168289083924
TOKYOTECH_s05,102,206,108.86666666666666,2.009737968444824,0.35143887879203256
TOKYOTECH_s05,102,207,108.9,1.6383298635482788,0.08474621597312186
TOKYOTECH_s05,102,208,108.93333333333334,1.2792903184890747,-0.17686886406180186
TOKYOTECH_s05,102,209,108.96666666666667,0.9734641909599304,-0.428105747859321
TOKYOTECH_s05,102,210,109.0,0.6020027995109558,-0.6666623824953407
TOKYOTECH_s05,102,211,109.03333333333333,0.23716634511947632,-0.89096308266112
TOKYOTECH_s05,102,212,109.06666666666666,0.14697235822677612,-1.0957202004790816
TOKYOTECH_s05,102,213,109.1,0.35300537943840027,-1.268282292584949
TOKYOTECH_s05,102,214,109.13333333333334,0.5509175062179565,-1.3889009895244657
TOKYOTECH_s05,102,215,109.16666666666667,0.478719562292099,-1.4356544726047418
TOKYOTECH_s05,102,216,109.2,0.20236743986606598,-1.391563385374121
TOKYOTECH_s05,102,217,109.23333333333333,-0.1369486153125763,-1.25002989567952
TOKYOTECH_s05,102,218,109.26666666666667,-0.5186769366264343,-1.0164327836071858
TOKYOTECH_s05,102,219,109.3,-0.8567196726799011,-0.7068926302333035
TOKYOTECH_s05,102,220,109.33333333333333,-0.9712942242622375,-0.3469589939979128
TOKYOTECH_s05,102,221,109.36666666666666,-0.9530043601989746,0.028783355962214048
TOKYOTECH_s05,102,222,109.4,-0.9915164113044739,0.37914498992827483
TOKYOTECH_s05,102,223,109.43333333333334,-0.9958351254463196,0.6641977825779568
TOKYOTECH_s05,102,224,109.46666666666667,-0.934776782989502,0.8563211346866728
TOKYOTECH_s05,102,225,109.5,-0.9571360349655151,0.9472126598311572
TOKYOTECH_s05,102,226,109.53333333333333,-1.1634094715118408,0.9460937898848909
TOKYOTECH_s05,102,227,109.56666666666666,-1.0709359645843506,0.8713363493136426
TOKYOTECH_s05,102,228,109.6,0.13101543486118317,0.742397065273773
TOKYOTECH_s05,102,229,109.63333333333334,1.6560410261154175,0.577550883672709
TOKYOTECH_s05,102,230,109.66666666666667,2.0584723949432373,0.39669933418310394
TOKYOTECH_s05,102,231,109.7,1.7976497411727905,0.22352094962569977
TOKYOTECH_s05,102,232,109.73333333333333,1.4482003450393677,0.08228316152968915
TOKYOTECH_s05,102,233,109.76666666666667,1.051877498626709,-0.010022504551370789
TOKYOTECH_s05,102,234,109.8,0.6981717348098755,-0.050917454461269405
TOKYOTECH_s05,102,235,109.83333333333333,0.416610449552536,-0.0533519080554066
TOKYOTECH_s05,102,236,109.86666666666666,0.315731018781662,-0.038791413957506085
TOKYOTECH_s05,102,237,109.9,0.4457817077636719,-0.026264789830890537
TOKYOTECH_s05,102,238,109.93333333333334,0.5782900452613831,-0.02357016854794685
TOKYOTECH_s05,102,239,109.96666666666667,0.4704205393791199,-0.025196872891204546
TOKYOTECH_s05,103,0,103.0,0.015772998332977295,-0.004572001517257217
TOKYOTECH_s05,103,1,103.03333333333333,-0.260009229183197,-1.061890759209768
TOKYOTECH_s05,103,2,103.06666666666666,-0.4968341290950775,-1.9313143764224239
TOKYOTECH_s05,103,3,103.1,-0.7260634899139404,-2.47667613315338
TOKYOTECH_s05,103,4,103.13333333333334,-0.9102537035942078,-2.6479679699204066
TOKYOTECH_s05,103,5,103.16666666666667,-0.9674652814865112,-2.4869462823904382
TOKYOTECH_s05,103,6,103.2,-0.9013046622276306,-2.102203310457817
TOKYOTECH_s05,103,7,103.23333333333333,-0.8511810302734375,-1.627490466359587
TOKYOTECH_s05,103,8,103.26666666666667,-0.9695311784744263,-1.1817132588465336
TOKYOTECH_s05,103,9,103.3,-1.1094034910202026,-0.843299183073838
TOKYOTECH_s05,103,10,103.33333333333333,-0.8865231275558472,-0.642686083700763
TOKYOTECH_s05,103,11,103.36666666666666,0.21101373434066772,-0.5694194454236249
TOKYOTECH_s05,103,12,103.4,1.392084002494812,-0.5868481728709883
TOKYOTECH_s05,103,13,103.43333333333334,1.6989073753356934,-0.6475588458861071
TOKYOTECH_s05,103,14,103.46666666666667,1.443489909172058,-0.7051441318944185
TOKYOTECH_s05,103,15,103.5,1.1637896299362183,-0.7212756091328331
TOKYOTECH_s05,103,16,103.53333333333333,0.9546310901641846,-0.6698546973925881
TOKYOTECH_s05,103,17,103.56666666666666,0.6478433012962341,-0.5405308007589119
TOKYOTECH_s05,103,18,103.6,0.3084203898906708,-0.341667162400503
TOKYOTECH_s05,103,19,103.63333333333334,0.14970605075359344,-0.09981644040706472
TOKYOTECH_s05,103,20,103.66666666666667,0.2036585956811905,0.1480362756534098
TOKYOTECH_s05,103,21,103.7,0.2747345566749573,0.3694079020011794
TOKYOTECH_s05,103,22,103.73333333333333,0.21145007014274597,0.5513831065574537
TOKYOTECH_s05,103,23,103.76666666666667,0.00505194254219532,0.7054210805823401
TOKYOTECH_s05,103,24,103.8,-0.33783483505249023,0.8568473834331956
TOKYOTECH_s05,103,25,103.83333333333333,-0.6954764127731323,1.024518296452428
TOKYOTECH_s05,103,26,103.86666666666666,-0.894127607345581,1.203928675316911
TOKYOTECH_s05,103,27,103.9,-0.9403865933418274,1.3654166599943531
TOKYOTECH_s05,103,28,103.93333333333334,-1.0196547508239746,1.4681407430963929
TOKYOTECH_s05,103,29,103.96666666666667,-1.1223150491714478,1.479731532587805
TOKYOTECH_s05,103,30,104.0,-1.0782822370529175,1.3898943700228477
TOKYOTECH_s05,103,31,104.03333333333333,-0.9979633092880249,1.2122450640844762
TOKYOTECH_s05,103,32,104.06666666666666,-1.037998080253601,0.9758829651846748
TOKYOTECH_s05,103,33,104.1,-1.1693755388259888,0.7126385616552559
TOKYOTECH_s05,103,34,104.13333333333334,-0.8921774625778198,0.4464458430980475
TOKYOTECH_s05,103,35,104.16666666666667,0.4777400493621826,0.1888583150542272
TOKYOTECH_s05,103,36,104.2,1.578624963760376,-0.05873579913434224
TOKYOTECH_s05,103,37,104.23333333333333,1.6649811267852783,-0.29862207283066405
TOKYOTECH_s05,103,38,104.26666666666667,1.3547383546829224,-0.5299540649474171
TOKYOTECH_s05,103,39,104.3,1.0308895111083984,-0.7452181472762537
TOKYOTECH_s05,103,40,104.33333333333333,0.7314301133155823,-0.9314782745067975
TOKYOTECH_s05,103,41,104.36666666666666,0.426788330078125,-1.0751107609834545
TOKYOTECH_s05,103,42,104.4,0.1839083433151245,-1.1666183726311605
TOKYOTECH_s05,103,43,104.43333333333334,0.15545837581157684,-1.2020245666340588
TOKYOTECH_s05,103,44,104.46666666666667,0.23637384176254272,-1.1797389601223214
TOKYOTECH_s05,103,45,104.5,0.2870495319366455,-1.0955902709532044
TOKYOTECH_s05,103,46,104.53333333333333,0.15586797893047333,-0.9414342189679688
TOKYOTECH_s05,103,47,104.56666666666666,-0.12070674449205399,-0.7110875878820886
TOKYOTECH_s05,103,48,104.6,-0.4779743254184723,-0.41103419530890095
TOKYOTECH_s05,103,49,104.63333333333334,-0.7711648941040039,-0.0677488906397565
TOKYOTECH_s05,103,50,104.66666666666667,-0.8772178888320923,0.2758049782078985
TOKYOTECH_s05,103,51,104.7,-0.9469314217567444,0.5746846810432885
TOKYOTECH_s05,103,52,104.73333333333333,-1.0416756868362427,0.7987544189452678
TOKYOTECH_s05,103,53,104.76666666666667,-1.0394049882888794,0.9403065492268118
TOKYOTECH_s05,103,54,104.8,-0.9730306267738342,1.008083845194127
TOKYOTECH_s05,103,55,104.83333333333333,-1.0705353021621704,1.0135680880612192
TOKYOTECH_s05,103,56,104.86666666666666,-1.152830958366394,0.9602067441336597
TOKYOTECH_s05,103,57,104.9,-0.9187219142913818,0.842916529213045
TOKYOTECH_s05,103,58,104.93333333333334,0.10833559930324554,0.6568955937047578
TOKYOTECH_s05,103,59,104.96666666666667,1.3106787204742432,0.4079532946057739
TOKYOTECH_s05,103,60,105.0,1.6338152885437012,0.1162504886208828
TOKYOTECH_s05,103,61,105.03333333333333,1.3105452060699463,-0.1890044372741066
TOKYOTECH_s05,103,62,105.06666666666666,0.8895745873451233,-0.4793319285781818
TOKYOTECH_s05,103,63,105.1,0.485264390707016,-0.733902955372806
TOKYOTECH_s05,103,64,105.13333333333334,0.04593264311552048,-0.9399408300490214
TOKYOTECH_s05,103,65,105.16666666666667,-0.21142610907554626,-1.0885046800841909
TOKYOTECH_s05,103,66,105.2,-0.0182334054261446,-1.1697568447999358
TOKYOTECH_s05,103,67,105.23333333333333,0.3253568112850189,-1.1707096112917115
TOKYOTECH_s05,103,68,105.26666666666667,0.3511621654033661,-1.0766639091257924
TOKYOTECH_s05,103,69,105.3,0.1012030690908432,-0.876537360995921
TOKYOTECH_s05,103,70,105.33333333333333,-0.23916372656822205,-0.571603807194738
TOKYOTECH_s05,103,71,105.36666666666666,-0.5497626662254333,-0.18476729999477529
TOKYOTECH_s05,103,72,105.4,-0.7431601881980896,0.23626201093481708
TOKYOTECH_s05,103,73,105.43333333333334,-0.9297367930412292,0.6278833069336509
TOKYOTECH_s05,103,74,105.46666666666667,-1.0891011953353882,0.9297155610415656
TOKYOTECH_s05,103,75,105.5,-1.1397234201431274,1.1041355801332513
TOKYOTECH_s05,103,76,105.53333333333333,-1.045469045639038,1.146404220122696
TOKYOTECH_s05,103,77,105.56666666666666,-1.018604040145874,1.081666727609928
TOKYOTECH_s05,103,78,105.6,-1.130614161491394,0.9517128928856803
TOKYOTECH_s05,103,79,105.63333333333334,-1.2002921104431152,0.798374104380587
TOKYOTECH_s05,103,80,105.66666666666667,-0.721388578414917,0.6508927540858505
TOKYOTECH_s05,103,81,105.7,0.6692675948143005,0.5214134594285792
TOKYOTECH_s05,103,82,105.73333333333333,1.6234771013259888,0.40757501427755655
TOKYOTECH_s05,103,83,105.76666666666667,1.6386593580245972,0.297887381761818
TOKYOTECH_s05,103,84,105.8,1.326208233833313,0.17655849125797263
TOKYOTECH_s05,103,85,105.83333333333333,0.9650405049324036,0.02754500037183049
TOKYOTECH_s05,103,86,105.86666666666666,0.6114237904548645,-0.1606902862806046
TOKYOTECH_s05,103,87,105.9,0.2389383465051651,-0.38917711070220345
TOKYOTECH_s05,103,88,105.93333333333334,0.040117986500263214,-0.64313565818168
TOKYOTECH_s05,103,89,105.96666666666667,0.0920046865940094,-0.8907241429118581
TOKYOTECH_s05,103,90,106.0,0.2493833601474762,-1.0878406887009027
TOKYOTECH_s05,103,91,106.03333333333333,0.2875303626060486,-1.1881770495155386
TOKYOTECH_s05,103,92,106.06666666666666,0.1096801832318306,-1.155708542207608
TOKYOTECH_s05,103,93,106.1,-0.1845255196094513,-0.976442231483513
TOKYOTECH_s05,103,94,106.13333333333334,-0.44287267327308655,-0.666802351660279
TOKYOTECH_s05,103,95,106.16666666666667,-0.667427122592926,-0.2756548187148652
TOKYOTECH_s05,103,96,106.2,-0.8425347208976746,0.12410097560531902
TOKYOTECH_s05,103,97,106.23333333333333,-1.0255851745605469,0.45570010857955107
TOKYOTECH_s05,103,98,106.26666666666667,-1.1208903789520264,0.6636564000685471
TOKYOTECH_s05,103,99,106.3,-1.0515419244766235,0.7311269777943786
TOKYOTECH_s05,103,100,106.33333333333333,-1.0348280668258667,0.6801482582620253
TOKYOTECH_s05,103,101,106.36666666666666,-1.1074445247650146,0.5557341546558147
TOKYOTECH_s05,103,102,106.4,-1.144718885421753,0.4043207982481959
TOKYOTECH_s05,103,103,106.43333333333334,-0.9464951157569885,0.25900455461860983
TOKYOTECH_s05,103,104,106.46666666666667,0.07745468616485596,0.1370970462103812
TOKYOTECH_s05,103,105,106.5,1.436001181602478,0.04592251462823631
TOKYOTECH_s05,103,106,106.53333333333333,1.8065276145935059,-0.011772783376130525
TOKYOTECH_s05,103,107,106.56666666666666,1.5457227230072021,-0.038269745908395277
TOKYOTECH_s05,103,108,106.6,1.2600654363632202,-0.04491827842415493
TOKYOTECH_s05,103,109,106.63333333333334,0.9255756139755249,-0.052659973887256364
TOKYOTECH_s05,103,110,106.66666666666667,0.5596617460250854,-0.08482784796238708
TOKYOTECH_s05,103,111,106.7,0.211610347032547,-0.15508135870551895
TOKYOTECH_s05,103,112,106.73333333333333,0.11171931773424149,-0.25784386111216157
TOKYOTECH_s05,103,113,106.76666666666667,0.26181408762931824,-0.36730999531310576
TOKYOTECH_s05,103,114,106.8,0.40432220697402954,-0.4453387732492492
TOKYOTECH_s05,103,115,106.83333333333333,0.315633088350296,-0.4536613805921112
TOKYOTECH_s05,103,116,106.86666666666666,0.047624506056308746,-0.3657326561818502
TOKYOTECH_s05,103,117,106.9,-0.270676851272583,-0.17606389018508878
TOKYOTECH_s05,103,118,106.93333333333334,-0.5479728579521179,0.09402333211691234
TOKYOTECH_s05,103,119,106.96666666666667,-0.7603815197944641,0.3964953313556325
TOKYOTECH_s05,103,120,107.0,-0.8952940702438354,0.6660806450210625
TOKYOTECH_s05,103,121,107.03333333333333,-0.9854435324668884,0.8398502054369562
TOKYOTECH_s05,103,122,107.06666666666666,-1.0369384288787842,0.8801945724724342
TOKYOTECH_s05,103,123,107.1,-0.9968591332435608,0.7891675689383559
TOKYOTECH_s05,103,124,107.13333333333334,-0.8919904828071594,0.6053698750537044
TOKYOTECH_s05,103,125,107.16666666666667,-0.9016162753105164,0.3845575130644767
TOKYOTECH_s05,103,126,107.2,-1.0371966361999512,0.1750737261708214
TOKYOTECH_s05,103,127,107.23333333333333,-1.020046591758728,0.0018762041752373225
TOKYOTECH_s05,103,128,107.26666666666667,0.04852386191487312,-0.13398627740541752
TOKYOTECH_s05,103,129,107.3,1.4897221326828003,-0.24437679843074048
TOKYOTECH_s05,103,130,107.33333333333333,1.9250824451446533,-0.34190349361327527
TOKYOTECH_s05,103,131,107.36666666666666,1.6277958154678345,-0.43473811109227395
TOKYOTECH_s05,103,132,107.4,1.2448654174804688,-0.5279753254359714
TOKYOTECH_s05,103,133,107.43333333333334,0.8916226625442505,-0.6247697155320072
TOKYOTECH_s05,103,134,107.46666666666667,0.485032856464386,-0.7227908810072124
TOKYOTECH_s05,103,135,107.5,0.15348157286643982,-0.8086492938689968
TOKYOTECH_s05,103,136,107.53333333333333,0.09830909222364426,-0.8571171248802933
TOKYOTECH_s05,103,137,107.56666666666666,0.2627757787704468,-0.8393054291996539
TOKYOTECH_s05,103,138,107.6,0.41586247086524963,-0.7362852502822629
TOKYOTECH_s05,103,139,107.63333333333334,0.30005013942718506,-0.5490629011879524
TOKYOTECH_s05,103,140,107.66666666666667,-0.003282698104158044,-0.29802617953336585
TOKYOTECH_s05,103,141,107.7,-0.34162816405296326,-0.013051136004172166
TOKYOTECH_s05,103,142,107.73333333333333,-0.6218181252479553,0.277317632613167
TOKYOTECH_s05,103,143,107.76666666666667,-0.7911110520362854,0.5496270811215211
TOKYOTECH_s05,103,144,107.8,-0.9059261083602905,0.7827380213846894
TOKYOTECH_s05,103,145,107.83333333333333,-0.9524166584014893,0.9557769345547601
TOKYOTECH_s05,103,146,107.86666666666666,-1.013697624206543,1.0512105185653833
TOKYOTECH_s05,103,147,107.9,-1.0511144399642944,1.0604619119656258
TOKYOTECH_s05,103,148,107.93333333333334,-1.0751477479934692,0.987131102160264
TOKYOTECH_s05,103,149,107.96666666666667,-1.058995008468628,0.8456279965253584
TOKYOTECH_s05,103,150,108.0,-0.7741479277610779,0.6567036556992477
TOKYOTECH_s05,103,151,108.03333333333333,0.41590699553489685,0.4426436123113433
TOKYOTECH_s05,103,152,108.06666666666666,1.6050893068313599,0.22323076885047466
TOKYOTECH_s05,103,153,108.1,1.7332967519760132,0.011976060311302935
TOKYOTECH_s05,103,154,108.13333333333334,1.3830013275146484,-0.18693097138686915
TOKYOTECH_s05,103,155,108.16666666666667,0.9988777041435242,-0.3786677805867283
TOKYOTECH_s05,103,156,108.2,0.5651113390922546,-0.5727167746506441
TOKYOTECH_s05,103,157,108.23333333333333,0.11047268658876419,-0.7733297442356575
TOKYOTECH_s05,103,158,108.26666666666667,-0.15289662778377533,-0.9698019339966748
TOKYOTECH_s05,103,159,108.3,-0.006612992845475674,-1.1326004269022598
TOKYOTECH_s05,103,160,108.33333333333333,0.2752065062522888,-1.219340069404475
TOKYOTECH_s05,103,161,108.36666666666666,0.3561665117740631,-1.1894604187560527
TOKYOTECH_s05,103,162,108.4,0.17805807292461395,-1.0211033926159578
TOKYOTECH_s05,103,163,108.43333333333334,-0.13165931403636932,-0.721843065994971
TOKYOTECH_s05,103,164,108.46666666666667,-0.45063742995262146,-0.3282860974441174
TOKYOTECH_s05,103,165,108.5,-0.7092338800430298,0.10433897340248843
TOKYOTECH_s05,103,166,108.53333333333333,-0.8752945065498352,0.5168303666513138
TOKYOTECH_s05,103,167,108.56666666666666,-1.003208041191101,0.8586981857869981
TOKYOTECH_s05,103,168,108.6,-1.0840256214141846,1.096127994464366
TOKYOTECH_s05,103,169,108.63333333333334,-1.1011401414871216,1.2157470650873596
TOKYOTECH_s05,103,170,108.66666666666667,-1.1222259998321533,1.224736950936402
TOKYOTECH_s05,103,171,108.7,-1.1495006084442139,1.146539336106601
TOKYOTECH_s05,103,172,108.73333333333333,-1.1683604717254639,1.011994161759125
TOKYOTECH_s05,103,173,108.76666666666667,-0.9357740879058838,0.8483723922559655
TOKYOTECH_s05,103,174,108.8,0.2761771082878113,0.6711917052054215
TOKYOTECH_s05,103,175,108.83333333333333,1.6938763856887817,0.4830706016691902
TOKYOTECH_s05,103,176,108.86666666666666,2.009737968444824,0.27953209172647636
TOKYOTECH_s05,103,177,108.9,1.6383298635482788,0.05717678835820485
TOKYOTECH_s05,103,178,108.93333333333334,1.2792903184890747,-0.18111206986508915
TOKYOTECH_s05,103,179,108.96666666666667,0.9734641909599304,-0.4261482457665239
TOKYOTECH_s05,103,180,109.0,0.6020027995109558,-0.6655403605128707
TOKYOTECH_s05,103,181,109.03333333333333,0.23716634511947632,-0.8860042366510765
TOKYOTECH_s05,103,182,109.06666666666666,0.14697235822677612,-1.073115433019145
TOKYOTECH_s05,103,183,109.1,0.35300537943840027,-1.2101256285949766
TOKYOTECH_s05,103,184,109.13333333333334,0.5509175062179565,-1.2786294087246708
TOKYOTECH_s05,103,185,109.16666666666667,0.478719562292099,-1.262189421115481
TOKYOTECH_s05,103,186,109.2,0.20236743986606598,-1.1512425472911834
TOKYOTECH_s05,103,187,109.23333333333333,-0.1369486153125763,-0.946301415209341
TOKYOTECH_s05,103,188,109.26666666666667,-0.5186769366264343,-0.6579946629324381
TOKYOTECH_s05,103,189,109.3,-0.8567196726799011,-0.3054083089821741
TOKYOTECH_s05,103,190,109.33333333333333,-0.9712942242622375,0.08437637466567324
TOKYOTECH_s05,103,191,109.36666666666666,-0.9530043601989746,0.4750234618308429
TOKYOTECH_s05,103,192,109.4,-0.9915164113044739,0.8222119836309209
TOKYOTECH_s05,103,193,109.43333333333334,-0.9958351254463196,1.0821593870835857
TOKYOTECH_s05,103,194,109.46666666666667,-0.934776782989502,1.225153263953011
TOKYOTECH_s05,103,195,109.5,-0.9571360349655151,1.245293828343984
TOKYOTECH_s05,103,196,109.53333333333333,-1.1634094715118408,1.1596248960245423
TOKYOTECH_s05,103,197,109.56666666666666,-1.0709359645843506,0.997741661711268
TOKYOTECH_s05,103,198,109.6,0.13101543486118317,0.7893033031465551
TOKYOTECH_s05,103,199,109.63333333333334,1.6560410261154175,0.5569757967445453
TOKYOTECH_s05,103,200,109.66666666666667,2.0584723949432373,0.31657406107105884
TOKYOTECH_s05,103,201,109.7,1.7976497411727905,0.08023227500811236
TOKYOTECH_s05,103,202,109.73333333333333,1.4482003450393677,-0.14236940393095987
TOKYOTECH_s05,103,203,109.76666666666667,1.051877498626709,-0.34579173570222266
TOKYOTECH_s05,103,204,109.8,0.6981717348098755,-0.530232318147895
TOKYOTECH_s05,103,205,109.83333333333333,0.416610449552536,-0.6983806885469824
TOKYOTECH_s05,103,206,109.86666666666666,0.315731018781662,-0.847771082518323
TOKYOTECH_s05,103,207,109.9,0.4457817077636719,-0.9638718021917148
TOKYOTECH_s05,103,208,109.93333333333334,0.5782900452613831,-1.020387747982876
TOKYOTECH_s05,103,209,109.96666666666667,0.4704205393791199,-0.9890258235465506
TOKYOTECH_s05,103,210,110.0,0.19876110553741455,-0.8538881315574497
TOKYOTECH_s05,103,211,110.03333333333333,-0.15565702319145203,-0.6214788261202701
TOKYOTECH_s05,103,212,110.06666666666666,-0.5251772403717041,-0.3200435201729831
TOKYOTECH_s05,103,213,110.1,-0.6897062659263611,0.01045122131247333
TOKYOTECH_s05,103,214,110.13333333333334,-0.755617618560791,0.32991606191289086
TOKYOTECH_s05,103,215,110.16666666666667,-0.8114134073257446,0.6043592708874002
TOKYOTECH_s05,103,216,110.2,-0.900930643081665,0.8077688411850982
TOKYOTECH_s05,103,217,110.23333333333333,-0.8882594704627991,0.925429201334006
TOKYOTECH_s05,103,218,110.26666666666667,-0.8552504181861877,0.9590049341423132
TOKYOTECH_s05,103,219,110.3,-0.975087583065033,0.9270042873078587
TOKYOTECH_s05,103,220,110.33333333333333,-1.0009018182754517,0.8565186045444826
TOKYOTECH_s05,103,221,110.36666666666666,-0.9238420128822327,0.7700675372694584
TOKYOTECH_s05,103,222,110.4,-0.16660070419311523,0.6761012638138992
TOKYOTECH_s05,103,223,110.43333333333334,1.2780169248580933,0.5692927862543343
TOKYOTECH_s05,103,224,110.46666666666667,1.886605978012085,0.43921856285808647
TOKYOTECH_s05,103,225,110.5,1.6832354068756104,0.2799825943719165
TOKYOTECH_s05,103,226,110.53333333333333,1.3255226612091064,0.09404354090978301
TOKYOTECH_s05,103,227,110.56666666666666,0.9693235754966736,-0.11052025240497423
TOKYOTECH_s05,103,228,110.6,0.562252938747406,-0.32426579963528623
TOKYOTECH_s05,103,229,110.63333333333334,0.27431604266166687,-0.5365841166049949
TOKYOTECH_s05,103,230,110.66666666666667,0.22801248729228973,-0.7317714853151428
TOKYOTECH_s05,103,231,110.7,0.3980712294578552,-0.8866088081014575
TOKYOTECH_s05,103,232,110.73333333333333,0.519101619720459,-0.9749257440593642
TOKYOTECH_s05,103,233,110.76666666666667,0.44327062368392944,-0.9787873662583749
TOKYOTECH_s05,103,234,110.8,0.2322065234184265,-0.8992869588966048
TOKYOTECH_s05,103,235,110.83333333333333,-0.07995070517063141,-0.7585611656130066
TOKYOTECH_s05,103,236,110.86666666666666,-0.3954649567604065,-0.590652651569225
TOKYOTECH_s05,103,237,110.9,-0.6887713074684143,-0.4266089203388728
TOKYOTECH_s05,103,238,110.93333333333334,-0.8561230301856995,-0.2821575027794761
TOKYOTECH_s05,103,239,110.96666666666667,-0.8692928552627563,-0.15400260796918372
TOKYOTECH_s05,104,0,104.0,-1.0782822370529175,-0.1014898465476575
TOKYOTECH_s05,104,1,104.03333333333333,-0.9979633092880249,-1.284230807666525
TOKYOTECH_s05,104,2,104.06666666666666,-1.037998080253601,-2.2951652094121764
TOKYOTECH_s05,104,3,104.1,-1.1693755388259888,-3.0063538547855346
TOKYOTECH_s05,104,4,104.13333333333334,-0.8921774625778198,-3.361109078471797
TOKYOTECH_s05,104,5,104.16666666666667,0.4777400493621826,-3.3817006396945484
TOKYOTECH_s05,104,6,104.2,1.578624963760376,-3.151817822836555
TOKYOTECH_s05,104,7,104.23333333333333,1.6649811267852783,-2.7829592736774695
TOKYOTECH_s05,104,8,104.26666666666667,1.3547383546829224,-2.379208397530914
TOKYOTECH_s05,104,9,104.3,1.0308895111083984,-2.0122039961466847
TOKYOTECH_s05,104,10,104.33333333333333,0.7314301133155823,-1.7121011504191603
TOKYOTECH_s05,104,11,104.36666666666666,0.426788330078125,-1.4736718868640146
TOKYOTECH_s05,104,12,104.4,0.1839083433151245,-1.2711970263065488
TOKYOTECH_s05,104,13,104.43333333333334,0.15545837581157684,-1.0737499659669512
TOKYOTECH_s05,104,14,104.46666666666667,0.23637384176254272,-0.8548968232357687
TOKYOTECH_s05,104,15,104.5,0.2870495319366455,-0.5959862277065022
TOKYOTECH_s05,104,16,104.53333333333333,0.15586797893047333,-0.28668171285217003
TOKYOTECH_s05,104,17,104.56666666666666,-0.12070674449205399,0.07314615283001298
TOKYOTECH_s05,104,18,104.6,-0.4779743254184723,0.47002726243461246
TOKYOTECH_s05,104,19,104.63333333333334,-0.7711648941040039,0.8760279387850247
TOKYOTECH_s05,104,20,104.66666666666667,-0.8772178888320923,1.2543052887552852
TOKYOTECH_s05,104,21,104.7,-0.9469314217567444,1.5703023068368704
TOKYOTECH_s05,104,22,104.73333333333333,-1.0416756868362427,1.8022718706267
TOKYOTECH_s05,104,23,104.76666666666667,-1.0394049882888794,1.9439875987882258
TOKYOTECH_s05,104,24,104.8,-0.9730306267738342,1.998424282298515
TOKYOTECH_s05,104,25,104.83333333333333,-1.0705353021621704,1.9683240017478218
TOKYOTECH_s05,104,26,104.86666666666666,-1.152830958366394,1.851341978479313
TOKYOTECH_s05,104,27,104.9,-0.9187219142913818,1.6432944903803177
TOKYOTECH_s05,104,28,104.93333333333334,0.10833559930324554,1.3466190174578219
TOKYOTECH_s05,104,29,104.96666666666667,1.3106787204742432,0.977216537627988
TOKYOTECH_s05,104,30,105.0,1.6338152885437012,0.5641782510513299
TOKYOTECH_s05,104,31,105.03333333333333,1.3105452060699463,0.14222378979041128
TOKYOTECH_s05,104,32,105.06666666666666,0.8895745873451233,-0.25795814063808314
TOKYOTECH_s05,104,33,105.1,0.485264390707016,-0.6151105016155316
TOKYOTECH_s05,104,34,105.13333333333334,0.04593264311552048,-0.9162873630019072
TOKYOTECH_s05,104,35,105.16666666666667,-0.21142610907554626,-1.15194990021229
TOKYOTECH_s05,104,36,105.2,-0.0182334054261446,-1.3114126723450321
TOKYOTECH_s05,104,37,105.23333333333333,0.3253568112850189,-1.3811258289642283
TOKYOTECH_s05,104,38,105.26666666666667,0.3511621654033661,-1.3463880303611473
TOKYOTECH_s05,104,39,105.3,0.1012030690908432,-1.1963050201940146
TOKYOTECH_s05,104,40,105.33333333333333,-0.23916372656822205,-0.9315510716884742
TOKYOTECH_s05,104,41,105.36666666666666,-0.5497626662254333,-0.5726458628287966
TOKYOTECH_s05,104,42,105.4,-0.7431601881980896,-0.16314142288050892
TOKYOTECH_s05,104,43,105.43333333333334,-0.9297367930412292,0.2376157889101781
TOKYOTECH_s05,104,44,105.46666666666667,-1.0891011953353882,0.5708919132367966
TOKYOTECH_s05,104,45,105.5,-1.1397234201431274,0.7960101686377002
TOKYOTECH_s05,104,46,105.53333333333333,-1.045469045639038,0.900254572771925
TOKYOTECH_s05,104,47,105.56666666666666,-1.018604040145874,0.8976058180999585
TOKYOTECH_s05,104,48,105.6,-1.130614161491394,0.8183977038355498
TOKYOTECH_s05,104,49,105.63333333333334,-1.2002921104431152,0.6956845875754623
TOKYOTECH_s05,104,50,105.66666666666667,-0.721388578414917,0.5547071151901231
TOKYOTECH_s05,104,51,105.7,0.6692675948143005,0.40908238785628437
TOKYOTECH_s05,104,52,105.73333333333333,1.6234771013259888,0.26272955270078774
TOKYOTECH_s05,104,53,105.76666666666667,1.6386593580245972,0.1136954742762267
TOKYOTECH_s05,104,54,105.8,1.326208233833313,-0.04281929894611347
TOKYOTECH_s05,104,55,105.83333333333333,0.9650405049324036,-0.21198041739522694
TOKYOTECH_s05,104,56,105.86666666666666,0.6114237904548645,-0.3958065176402755
TOKYOTECH_s05,104,57,105.9,0.2389383465051651,-0.5885021986441277
TOKYOTECH_s05,104,58,105.93333333333334,0.040117986500263214,-0.7732539441743476
TOKYOTECH_s05,104,59,105.96666666666667,0.0920046865940094,-0.9237092745852774
TOKYOTECH_s05,104,60,106.0,0.2493833601474762,-1.0103133374928548
TOKYOTECH_s05,104,61,106.03333333333333,0.2875303626060486,-1.0083963210469655
TOKYOTECH_s05,104,62,106.06666666666666,0.1096801832318306,-0.9049169746534368
TOKYOTECH_s05,104,63,106.1,-0.1845255196094513,-0.7028589919828372
TOKYOTECH_s05,104,64,106.13333333333334,-0.44287267327308655,-0.4234193114724836
TOKYOTECH_s05,104,65,106.16666666666667,-0.667427122592926,-0.10513417724908752
TOKYOTECH_s05,104,66,106.2,-0.8425347208976746,0.20256362648934884
TOKYOTECH_s05,104,67,106.23333333333333,-1.0255851745605469,0.4524073068530436
TOKYOTECH_s05,104,68,106.26666666666667,-1.1208903789520264,0.614453858045361
TOKYOTECH_s05,104,69,106.3,-1.0515419244766235,0.6847775445856613
TOKYOTECH_s05,104,70,106.33333333333333,-1.0348280668258667,0.6820013185167896
TOKYOTECH_s05,104,71,106.36666666666666,-1.1074445247650146,0.6337842712700782
TOKYOTECH_s05,104,72,106.4,-1.144718885421753,0.5621277736145739
TOKYOTECH_s05,104,73,106.43333333333334,-0.9464951157569885,0.4767724059144778
TOKYOTECH_s05,104,74,106.46666666666667,0.07745468616485596,0.3792096810683762
TOKYOTECH_s05,104,75,106.5,1.436001181602478,0.2715647113818314
TOKYOTECH_s05,104,76,106.53333333333333,1.8065276145935059,0.1615823836260579
TOKYOTECH_s05,104,77,106.56666666666666,1.5457227230072021,0.059298690640289545
TOKYOTECH_s05,104,78,106.6,1.2600654363632202,-0.03070748101475857
TOKYOTECH_s05,104,79,106.63333333333334,0.9255756139755249,-0.11301781871288315
TOKYOTECH_s05,104,80,106.66666666666667,0.5596617460250854,-0.19645823590848233
TOKYOTECH_s05,104,81,106.7,0.211610347032547,-0.28394094254755897
TOKYOTECH_s05,104,82,106.73333333333333,0.11171931773424149,-0.3650328645235279
TOKYOTECH_s05,104,83,106.76666666666667,0.26181408762931824,-0.41722657507137567
TOKYOTECH_s05,104,84,106.8,0.40432220697402954,-0.41523130578971007
TOKYOTECH_s05,104,85,106.83333333333333,0.315633088350296,-0.34223950272364206
TOKYOTECH_s05,104,86,106.86666666666666,0.047624506056308746,-0.1974400125624919
TOKYOTECH_s05,104,87,106.9,-0.270676851272583,0.002087831414287657
TOKYOTECH_s05,104,88,106.93333333333334,-0.5479728579521179,0.2240454385848914
TOKYOTECH_s05,104,89,106.96666666666667,-0.7603815197944641,0.4269647809247287
TOKYOTECH_s05,104,90,107.0,-0.8952940702438354,0.5698066178575178
TOKYOTECH_s05,104,91,107.03333333333333,-0.9854435324668884,0.624567154151132
TOKYOTECH_s05,104,92,107.06666666666666,-1.0369384288787842,0.5873640697321533
TOKYOTECH_s05,104,93,107.1,-0.9968591332435608,0.48090596494277327
TOKYOTECH_s05,104,94,107.13333333333334,-0.8919904828071594,0.344623658541439
TOKYOTECH_s05,104,95,107.16666666666667,-0.9016162753105164,0.21622536367956036
TOKYOTECH_s05,104,96,107.2,-1.0371966361999512,0.11460658957836788
TOKYOTECH_s05,104,97,107.23333333333333,-1.020046591758728,0.03410724723393697
TOKYOTECH_s05,104,98,107.26666666666667,0.04852386191487312,-0.046889235375851546
TOKYOTECH_s05,104,99,107.3,1.4897221326828003,-0.1493400361837591
TOKYOTECH_s05,104,100,107.33333333333333,1.9250824451446533,-0.28025207403035163
TOKYOTECH_s05,104,101,107.36666666666666,1.6277958154678345,-0.4308038468160034
TOKYOTECH_s05,104,102,107.4,1.2448654174804688,-0.5843060841046938
TOKYOTECH_s05,104,103,107.43333333333334,0.8916226625442505,-0.725036412092933
TOKYOTECH_s05,104,104,107.46666666666667,0.485032856464386,-0.840637334209903
TOKYOTECH_s05,104,105,107.5,0.15348157286643982,-0.9183867085399909
TOKYOTECH_s05,104,106,107.53333333333333,0.09830909222364426,-0.9416843217807832
TOKYOTECH_s05,104,107,107.56666666666666,0.2627757787704468,-0.8926285819608057
TOKYOTECH_s05,104,108,107.6,0.41586247086524963,-0.7600980375944325
TOKYOTECH_s05,104,109,107.63333333333334,0.30005013942718506,-0.54686854208389
TOKYOTECH_s05,104,110,107.66666666666667,-0.003282698104158044,-0.26993207730379454
TOKYOTECH_s05,104,111,107.7,-0.34162816405296326,0.04574620605441196
TOKYOTECH_s05,104,112,107.73333333333333,-0.6218181252479553,0.3739719994645851
TOKYOTECH_s05,104,113,107.76666666666667,-0.7911110520362854,0.6889279981401801
TOKYOTECH_s05,104,114,107.8,-0.9059261083602905,0.9630901214929402
TOKYOTECH_s05,104,115,107.83333333333333,-0.9524166584014893,1.1678806514455626
TOKYOTECH_s05,104,116,107.86666666666666,-1.013697624206543,1.2796957488405487
TOKYOTECH_s05,104,117,107.9,-1.0511144399642944,1.2872457897649758
TOKYOTECH_s05,104,118,107.93333333333334,-1.0751477479934692,1.194823688055379
TOKYOTECH_s05,104,119,107.96666666666667,-1.058995008468628,1.0198123317906809
TOKYOTECH_s05,104,120,108.0,-0.7741479277610779,0.7867196354988214
TOKYOTECH_s05,104,121,108.03333333333333,0.41590699553489685,0.5212106182363476
TOKYOTECH_s05,104,122,108.06666666666666,1.6050893068313599,0.24581678155309056
TOKYOTECH_s05,104,123,108.1,1.7332967519760132,-0.023022107485591744
TOKYOTECH_s05,104,124,108.13333333333334,1.3830013275146484,-0.2768008921822659
TOKYOTECH_s05,104,125,108.16666666666667,0.9988777041435242,-0.5146052524871627
TOKYOTECH_s05,104,126,108.2,0.5651113390922546,-0.7392888335873551
TOKYOTECH_s05,104,127,108.23333333333333,0.11047268658876419,-0.9505069470964913
TOKYOTECH_s05,104,128,108.26666666666667,-0.15289662778377533,-1.1375470586258167
TOKYOTECH_s05,104,129,108.3,-0.006612992845475674,-1.2764216728508382
TOKYOTECH_s05,104,130,108.33333333333333,0.2752065062522888,-1.334436368048102
TOKYOTECH_s05,104,131,108.36666666666666,0.3561665117740631,-1.2815472842859648
TOKYOTECH_s05,104,132,108.4,0.17805807292461395,-1.1033508582279845
TOKYOTECH_s05,104,133,108.43333333333334,-0.13165931403636932,-0.8088829324940825
TOKYOTECH_s05,104,134,108.46666666666667,-0.45063742995262146,-0.4293383114206199
TOKYOTECH_s05,104,135,108.5,-0.7092338800430298,-0.009198901182444772
TOKYOTECH_s05,104,136,108.53333333333333,-0.8752945065498352,0.4048029539865598
TOKYOTECH_s05,104,137,108.56666666666666,-1.003208041191101,0.7716968824844848
TOKYOTECH_s05,104,138,108.6,-1.0840256214141846,1.0600597485644196
TOKYOTECH_s05,104,139,108.63333333333334,-1.1011401414871216,1.2497150074763133
TOKYOTECH_s05,104,140,108.66666666666667,-1.1222259998321533,1.3328642727992617
TOKYOTECH_s05,104,141,108.7,-1.1495006084442139,1.3138417396577144
TOKYOTECH_s05,104,142,108.73333333333333,-1.1683604717254639,1.2062811556446615
TOKYOTECH_s05,104,143,108.76666666666667,-0.9357740879058838,1.0282453230721005
TOKYOTECH_s05,104,144,108.8,0.2761771082878113,0.7977908537970433
TOKYOTECH_s05,104,145,108.83333333333333,1.6938763856887817,0.531412347295302
TOKYOTECH_s05,104,146,108.86666666666666,2.009737968444824,0.2453590411350316
TOKYOTECH_s05,104,147,108.9,1.6383298635482788,-0.04278587773781465
TOKYOTECH_s05,104,148,108.93333333333334,1.2792903184890747,-0.3150660168269151
TOKYOTECH_s05,104,149,108.96666666666667,0.9734641909599304,-0.5569746088070846
TOKYOTECH_s05,104,150,109.0,0.6020027995109558,-0.7612133218837354
TOKYOTECH_s05,104,151,109.03333333333333,0.23716634511947632,-0.9275303570480667
TOKYOTECH_s05,104,152,109.06666666666666,0.14697235822677612,-1.0576196729862972
TOKYOTECH_s05,104,153,109.1,0.35300537943840027,-1.1482904830079796
TOKYOTECH_s05,104,154,109.13333333333334,0.5509175062179565,-1.1881002847279838
TOKYOTECH_s05,104,155,109.16666666666667,0.478719562292099,-1.160598524992748
TOKYOTECH_s05,104,156,109.2,0.20236743986606598,-1.0524106085657428
TOKYOTECH_s05,104,157,109.23333333333333,-0.1369486153125763,-0.8606869483911066
TOKYOTECH_s05,104,158,109.26666666666667,-0.5186769366264343,-0.5952821044418459
TOKYOTECH_s05,104,159,109.3,-0.8567196726799011,-0.2755863107516372
TOKYOTECH_s05,104,160,109.33333333333333,-0.9712942242622375,0.07368975934968916
TOKYOTECH_s05,104,161,109.36666666666666,-0.9530043601989746,0.42392324240038826
TOKYOTECH_s05,104,162,109.4,-0.9915164113044739,0.7428450623785198
TOKYOTECH_s05,104,163,109.43333333333334,-0.9958351254463196,0.998426925874002
TOKYOTECH_s05,104,164,109.46666666666667,-0.934776782989502,1.166671705055668
TOKYOTECH_s05,104,165,109.5,-0.9571360349655151,1.2377897249302552
TOKYOTECH_s05,104,166,109.53333333333333,-1.1634094715118408,1.2158592545418765
TOKYOTECH_s05,104,167,109.56666666666666,-1.0709359645843506,1.1127178258522592
TOKYOTECH_s05,104,168,109.6,0.13101543486118317,0.9415524930827224
TOKYOTECH_s05,104,169,109.63333333333334,1.6560410261154175,0.7153423138825487
TOKYOTECH_s05,104,170,109.66666666666667,2.0584723949432373,0.45010685520300414
TOKYOTECH_s05,104,171,109.7,1.7976497411727905,0.16793912028128083
TOKYOTECH_s05,104,172,109.73333333333333,1.4482003450393677,-0.10507537426480162
TOKYOTECH_s05,104,173,109.76666666666667,1.051877498626709,-0.34617849280141083
TOKYOTECH_s05,104,174,109.8,0.6981717348098755,-0.5433254216593715
TOKYOTECH_s05,104,175,109.83333333333333,0.416610449552536,-0.6963459414097117
TOKYOTECH_s05,104,176,109.86666666666666,0.315731018781662,-0.8102660263038676
TOKYOTECH_s05,104,177,109.9,0.4457817077636719,-0.885677618289147
TOKYOTECH_s05,104,178,109.93333333333334,0.5782900452613831,-0.9138287198578462
TOKYOTECH_s05,104,179,109.96666666666667,0.4704205393791199,-0.8806886761816971
TOKYOTECH_s05,104,180,110.0,0.19876110553741455,-0.7768184894061645
TOKYOTECH_s05,104,181,110.03333333333333,-0.15565702319145203,-0.6051226437901281
TOKYOTECH_s05,104,182,110.06666666666666,-0.5251772403717041,-0.38114858932092016
TOKYOTECH_s05,104,183,110.1,-0.6897062659263611,-0.12747694387732889
TOKYOTECH_s05,104,184,110.13333333333334,-0.755617618560791,0.13164216401167186
TOKYOTECH_s05,104,185,110.16666666666667,-0.8114134073257446,0.37133272827533537
TOKYOTECH_s05,104,186,110.2,-0.900930643081665,0.565850318471573
TOKYOTECH_s05,104,187,110.23333333333333,-0.8882594704627991,0.6929964490343987
TOKYOTECH_s05,104,188,110.26666666666667,-0.8552504181861877,0.7426562801784777
TOKYOTECH_s05,104,189,110.3,-0.975087583065033,0.7218123257360799
TOKYOTECH_s05,104,190,110.33333333333333,-1.0009018182754517,0.6502912526726768
TOKYOTECH_s05,104,191,110.36666666666666,-0.9238420128822327,0.5495367854585786
TOKYOTECH_s05,104,192,110.4,-0.16660070419311523,0.43247100309602193
TOKYOTECH_s05,104,193,110.43333333333334,1.2780169248580933,0.30139379991814547
TOKYOTECH_s05,104,194,110.46666666666667,1.886605978012085,0.153948918894194
TOKYOTECH_s05,104,195,110.5,1.6832354068756104,-0.009148509423075418
TOKYOTECH_s05,104,196,110.53333333333333,1.3255226612091064,-0.18105163740956484
TOKYOTECH_s05,104,197,110.56666666666666,0.9693235754966736,-0.35163170558871343
TOKYOTECH_s05,104,198,110.6,0.562252938747406,-0.5119022967156845
TOKYOTECH_s05,104,199,110.63333333333334,0.27431604266166687,-0.6545849301586355
TOKYOTECH_s05,104,200,110.66666666666667,0.22801248729228973,-0.769955785544991
TOKYOTECH_s05,104,201,110.7,0.3980712294578552,-0.8416910174015425
TOKYOTECH_s05,104,202,110.73333333333333,0.519101619720459,-0.8484942680974769
TOKYOTECH_s05,104,203,110.76666666666667,0.44327062368392944,-0.7728250675017961
TOKYOTECH_s05,104,204,110.8,0.2322065234184265,-0.6114735759959777
TOKYOTECH_s05,104,205,110.83333333333333,-0.07995070517063141,-0.38009663327131676
TOKYOTECH_s05,104,206,110.86666666666666,-0.3954649567604065,-0.10825369537163519
TOKYOTECH_s05,104,207,110.9,-0.6887713074684143,0.17130978201568797
TOKYOTECH_s05,104,208,110.93333333333334,-0.8561230301856995,0.43177893116902494
TOKYOTECH_s05,104,209,110.96666666666667,-0.8692928552627563,0.6548612884674161
TOKYOTECH_s05,104,210,111.0,-0.8407983183860779,0.8280680238765551
TOKYOTECH_s05,104,211,111.03333333333333,-0.9100043773651123,0.9417489467352796
TOKYOTECH_s05,104,212,111.06666666666666,-0.9346877336502075,0.9888888477575435
TOKYOTECH_s05,104,213,111.1,-0.9169588088989258,0.9665096160331327
TOKYOTECH_s05,104,214,111.13333333333334,-0.7774871587753296,0.8764045409645216
TOKYOTECH_s05,104,215,111.16666666666667,0.11194193363189697,0.7248063136495345
TOKYOTECH_s05,104,216,111.2,1.3646758794784546,0.5224557807537583
TOKYOTECH_s05,104,217,111.23333333333333,1.8481206893920898,0.28593928581068406
TOKYOTECH_s05,104,218,111.26666666666667,1.6357742547988892,0.03830914780007903
TOKYOTECH_s05,104,219,111.3,1.2399500608444214,-0.19426322536169882
TOKYOTECH_s05,104,220,111.33333333333333,0.8535557985305786,-0.39003176150398966
TOKYOTECH_s05,104,221,111.36666666666666,0.4731898307800293,-0.5391318829694807
TOKYOTECH_s05,104,222,111.4,0.1804623007774353,-0.6451778444095162
TOKYOTECH_s05,104,223,111.43333333333334,0.16463004052639008,-0.7185249833773386
TOKYOTECH_s05,104,224,111.46666666666667,0.38516855239868164,-0.7649460305662213
TOKYOTECH_s05,104,225,111.5,0.4799216687679291,-0.7777542167630312
TOKYOTECH_s05,104,226,111.53333333333333,0.3566206395626068,-0.7397993240747642
TOKYOTECH_s05,104,227,111.56666666666666,0.08781955391168594,-0.6349191420957873
TOKYOTECH_s05,104,228,111.6,-0.23832669854164124,-0.4609773370329347
TOKYOTECH_s05,104,229,111.63333333333334,-0.5666011571884155,-0.23500071735257788
TOKYOTECH_s05,104,230,111.66666666666667,-0.7763740420341492,0.01257382398322131
TOKYOTECH_s05,104,231,111.7,-0.9320252537727356,0.24920062381784253
TOKYOTECH_s05,104,232,111.73333333333333,-1.0511411428451538,0.44904849039017625
TOKYOTECH_s05,104,233,111.76666666666667,-1.0547831058502197,0.5951704238186585
TOKYOTECH_s05,104,234,111.8,-0.9661385416984558,0.6770838823799422
TOKYOTECH_s05,104,235,111.83333333333333,-0.9143497943878174,0.6887919207007333
TOKYOTECH_s05,104,236,111.86666666666666,-1.0423167943954468,0.6295794164301695
TOKYOTECH_s05,104,237,111.9,-1.1819308996200562,0.5058422987135588
TOKYOTECH_s05,104,238,111.93333333333334,-0.6864739060401917,0.3315579915777758
TOKYOTECH_s05,104,239,111.96666666666667,0.806424081325531,0.12684113364460056
TOKYOTECH_s05,105,0,105.0,1.6338152885437012,-0.11421248275211424
TOKYOTECH_s05,105,1,105.03333333333333,1.3105452060699463,-1.7293773365968612
TOKYOTECH_s05,105,2,105.06666666666666,0.8895745873451233,-3.113818311461418
TOKYOTECH_s05,105,3,105.1,0.485264390707016,-4.09404874139646
TOKYOTECH_s05,105,4,105.13333333333334,0.04593264311552048,-4.589244689935607
TOKYOTECH_s05,105,5,105.16666666666667,-0.21142610907554626,-4.620201785432082
TOKYOTECH_s05,105,6,105.2,-0.0182334054261446,-4.285334712772223
TOKYOTECH_s05,105,7,105.23333333333333,0.3253568112850189,-3.7168971421026424
TOKYOTECH_s05,105,8,105.26666666666667,0.3511621654033661,-3.0375024499175662
TOKYOTECH_s05,105,9,105.3,0.1012030690908432,-2.3328979658372915
TOKYOTECH_s05,105,10,105.33333333333333,-0.23916372656822205,-1.6475888170112856
TOKYOTECH_s05,105,11,105.36666666666666,-0.5497626662254333,-0.9990452907433417
TOKYOTECH_s05,105,12,105.4,-0.7431601881980896,-0.397536792394587
TOKYOTECH_s05,105,13,105.43333333333334,-0.9297367930412292,0.14200666712380863
TOKYOTECH_s05,105,14,105.46666666666667,-1.0891011953353882,0.6008407262892693
TOKYOTECH_s05,105,15,105.5,-1.1397234201431274,0.964452247442461
TOKYOTECH_s05,105,16,105.53333333333333,-1.045469045639038,1.2292001616736135
TOKYOTECH_s05,105,17,105.56666666666666,-1.018604040145874,1.402699666480432
TOKYOTECH_s05,105,18,105.6,-1.130614161491394,1.498668062775524
TOKYOTECH_s05,105,19,105.63333333333334,-1.2002921104431152,1.5304428111574604
TOKYOTECH_s05,105,20,105.66666666666667,-0.721388578414917,1.5072335615709946
TOKYOTECH_s05,105,21,105.7,0.6692675948143005,1.4343302304259857
TOKYOTECH_s05,105,22,105.73333333333333,1.6234771013259888,1.315394559834894
TOKYOTECH_s05,105,23,105.76666666666667,1.6386593580245972,1.1540155985741407
TOKYOTECH_s05,105,24,105.8,1.326208233833313,0.953576699826087
TOKYOTECH_s05,105,25,105.83333333333333,0.9650405049324036,0.7170811958910909
TOKYOTECH_s05,105,26,105.86666666666666,0.6114237904548645,0.4492552304378434
TOKYOTECH_s05,105,27,105.9,0.2389383465051651,0.16114589185098901
TOKYOTECH_s05,105,28,105.93333333333334,0.040117986500263214,-0.12588127259231066
TOKYOTECH_s05,105,29,105.96666666666667,0.0920046865940094,-0.3808033989457228
TOKYOTECH_s05,105,30,106.0,0.2493833601474762,-0.5692205915559844
TOKYOTECH_s05,105,31,106.03333333333333,0.2875303626060486,-0.6623461586553824
TOKYOTECH_s05,105,32,106.06666666666666,0.1096801832318306,-0.6449446827454217
TOKYOTECH_s05,105,33,106.1,-0.1845255196094513,-0.5202331599137607
TOKYOTECH_s05,105,34,106.13333333333334,-0.44287267327308655,-0.31154886565534723
TOKYOTECH_s05,105,35,106.16666666666667,-0.667427122592926,-0.06037209991969332
TOKYOTECH_s05,105,36,106.2,-0.8425347208976746,0.18127326869055324
TOKYOTECH_s05,105,37,106.23333333333333,-1.0255851745605469,0.3647555022352622
TOKYOTECH_s05,105,38,106.26666666666667,-1.1208903789520264,0.4601944698685558
TOKYOTECH_s05,105,39,106.3,-1.0515419244766235,0.4645147310121208
TOKYOTECH_s05,105,40,106.33333333333333,-1.0348280668258667,0.3971366818720173
TOKYOTECH_s05,105,41,106.36666666666666,-1.1074445247650146,0.2864639824190236
TOKYOTECH_s05,105,42,106.4,-1.144718885421753,0.15625142692776497
TOKYOTECH_s05,105,43,106.43333333333334,-0.9464951157569885,0.020199801948655303
TOKYOTECH_s05,105,44,106.46666666666667,0.07745468616485596,-0.11388749624806536
TOKYOTECH_s05,105,45,106.5,1.436001181602478,-0.23666647854681483
TOKYOTECH_s05,105,46,106.53333333333333,1.8065276145935059,-0.33488784515245446
TOKYOTECH_s05,105,47,106.56666666666666,1.5457227230072021,-0.397364780298505
TOKYOTECH_s05,105,48,106.6,1.2600654363632202,-0.42401879970664563
TOKYOTECH_s05,105,49,106.63333333333334,0.9255756139755249,-0.4287363820702476
TOKYOTECH_s05,105,50,106.66666666666667,0.5596617460250854,-0.43177471648738275
TOKYOTECH_s05,105,51,106.7,0.211610347032547,-0.446340815847015
TOKYOTECH_s05,105,52,106.73333333333333,0.11171931773424149,-0.46865449761491634
TOKYOTECH_s05,105,53,106.76666666666667,0.26181408762931824,-0.4781254748813274
TOKYOTECH_s05,105,54,106.8,0.40432220697402954,-0.44674069363873675
TOKYOTECH_s05,105,55,106.83333333333333,0.315633088350296,-0.35111961838927636
TOKYOTECH_s05,105,56,106.86666666666666,0.047624506056308746,-0.18153563110784093
TOKYOTECH_s05,105,57,106.9,-0.270676851272583,0.053516468755744895
TOKYOTECH_s05,105,58,106.93333333333334,-0.5479728579521179,0.3262684201708556
TOKYOTECH_s05,105,59,106.96666666666667,-0.7603815197944641,0.5923148138465867
TOKYOTECH_s05,105,60,107.0,-0.8952940702438354,0.7993043445820407
TOKYOTECH_s05,105,61,107.03333333333333,-0.9854435324668884,0.9026162252471934
TOKYOTECH_s05,105,62,107.06666666666666,-1.0369384288787842,0.8826373675095185
TOKYOTECH_s05,105,63,107.1,-0.9968591332435608,0.7536149246019844
TOKYOTECH_s05,105,64,107.13333333333334,-0.8919904828071594,0.5573670093094876
TOKYOTECH_s05,105,65,107.16666666666667,-0.9016162753105164,0.344262368748
TOKYOTECH_s05,105,66,107.2,-1.0371966361999512,0.1520360485904385
TOKYOTECH_s05,105,67,107.23333333333333,-1.020046591758728,-0.005676886170550538
TOKYOTECH_s05,105,68,107.26666666666667,0.04852386191487312,-0.13606508813779702
TOKYOTECH_s05,105,69,107.3,1.4897221326828003,-0.253956483675295
TOKYOTECH_s05,105,70,107.33333333333333,1.9250824451446533,-0.3692294158235065
TOKYOTECH_s05,105,71,107.36666666666666,1.6277958154678345,-0.48281333889008476
TOKYOTECH_s05,105,72,107.4,1.2448654174804688,-0.590535790451031
TOKYOTECH_s05,105,73,107.43333333333334,0.8916226625442505,-0.6874821840766893
TOKYOTECH_s05,105,74,107.46666666666667,0.485032856464386,-0.7674032290953092
TOKYOTECH_s05,105,75,107.5,0.15348157286643982,-0.8186640590952474
TOKYOTECH_s05,105,76,107.53333333333333,0.09830909222364426,-0.8229019226013881
TOKYOTECH_s05,105,77,107.56666666666666,0.2627757787704468,-0.760803901336078
TOKYOTECH_s05,105,78,107.6,0.41586247086524963,-0.6225193481932313
TOKYOTECH_s05,105,79,107.63333333333334,0.30005013942718506,-0.4149034272699857
TOKYOTECH_s05,105,80,107.66666666666667,-0.003282698104158044,-0.15964139088603196
TOKYOTECH_s05,105,81,107.7,-0.34162816405296326,0.11634299870015098
TOKYOTECH_s05,105,82,107.73333333333333,-0.6218181252479553,0.3902358211557881
TOKYOTECH_s05,105,83,107.76666666666667,-0.7911110520362854,0.6451519953441208
TOKYOTECH_s05,105,84,107.8,-0.9059261083602905,0.8654498908298276
TOKYOTECH_s05,105,85,107.83333333333333,-0.9524166584014893,1.0331622602682877
TOKYOTECH_s05,105,86,107.86666666666666,-1.013697624206543,1.1304426123972762
TOKYOTECH_s05,105,87,107.9,-1.0511144399642944,1.145803224117892
TOKYOTECH_s05,105,88,107.93333333333334,-1.0751477479934692,1.0787485562410402
TOKYOTECH_s05,105,89,107.96666666666667,-1.058995008468628,0.9395448663316056
TOKYOTECH_s05,105,90,108.0,-0.7741479277610779,0.7449829171283806
TOKYOTECH_s05,105,91,108.03333333333333,0.41590699553489685,0.5132839761418327
TOKYOTECH_s05,105,92,108.06666666666666,1.6050893068313599,0.2602514135153514
TOKYOTECH_s05,105,93,108.1,1.7332967519760132,-0.00311766045212572
TOKYOTECH_s05,105,94,108.13333333333334,1.3830013275146484,-0.2713859125292735
TOKYOTECH_s05,105,95,108.16666666666667,0.9988777041435242,-0.5427707744167062
TOKYOTECH_s05,105,96,108.2,0.5651113390922546,-0.8139859376067836
TOKYOTECH_s05,105,97,108.23333333333333,0.11047268658876419,-1.0733227253305528
TOKYOTECH_s05,105,98,108.26666666666667,-0.15289662778377533,-1.2958388744943514
TOKYOTECH_s05,105,99,108.3,-0.006612992845475674,-1.444838610506302
TOKYOTECH_s05,105,100,108.33333333333333,0.2752065062522888,-1.4809411475244558
TOKYOTECH_s05,105,101,108.36666666666666,0.3561665117740631,-1.3757604831366066
TOKYOTECH_s05,105,102,108.4,0.17805807292461395,-1.1243490110275136
TOKYOTECH_s05,105,103,108.43333333333334,-0.13165931403636932,-0.7505038488148127
TOKYOTECH_s05,105,104,108.46666666666667,-0.45063742995262146,-0.3018803476965267
TOKYOTECH_s05,105,105,108.5,-0.7092338800430298,0.16321079095926525
TOKYOTECH_s05,105,106,108.53333333333333,-0.8752945065498352,0.5907917375134631
TOKYOTECH_s05,105,107,108.56666666666666,-1.003208041191101,0.9410599180124745
TOKYOTECH_s05,105,108,108.6,-1.0840256214141846,1.1910725194834328
TOKYOTECH_s05,105,109,108.63333333333334,-1.1011401414871216,1.333200356043621
TOKYOTECH_s05,105,110,108.66666666666667,-1.1222259998321533,1.3723821683749988
TOKYOTECH_s05,105,111,108.7,-1.1495006084442139,1.322625732697998
TOKYOTECH_s05,105,112,108.73333333333333,-1.1683604717254639,1.2022030261343994
TOKYOTECH_s05,105,113,108.76666666666667,-0.9357740879058838,1.028261185505369
TOKYOTECH_s05,105,114,108.8,0.2761771082878113,0.8132459534580648
TOKYOTECH_s05,105,115,108.83333333333333,1.6938763856887817,0.5653220130134428
TOKYOTECH_s05,105,116,108.86666666666666,2.009737968444824,0.29224646838619156
TOKYOTECH_s05,105,117,108.9,1.6383298635482788,0.005338669470799277
TOKYOTECH_s05,105,118,108.93333333333334,1.2792903184890747,-0.2799193526969761
TOKYOTECH_s05,105,119,108.96666666666667,0.9734641909599304,-0.5472596173559526
TOKYOTECH_s05,105,120,109.0,0.6020027995109558,-0.7839121851781511
TOKYOTECH_s05,105,121,109.03333333333333,0.23716634511947632,-0.9817135617169327
TOKYOTECH_s05,105,122,109.06666666666666,0.14697235822677612,-1.1340560056642832
TOKYOTECH_s05,105,123,109.1,0.35300537943840027,-1.2317337563838615
TOKYOTECH_s05,105,124,109.13333333333334,0.5509175062179565,-1.2618120132286446
TOKYOTECH_s05,105,125,109.16666666666667,0.478719562292099,-1.211268597832277
TOKYOTECH_s05,105,126,109.2,0.20236743986606598,-1.07342019632535
TOKYOTECH_s05,105,127,109.23333333333333,-0.1369486153125763,-0.8528304648567867
TOKYOTECH_s05,105,128,109.26666666666667,-0.5186769366264343,-0.5653506413720013
TOKYOTECH_s05,105,129,109.3,-0.8567196726799011,-0.2337677415658634
TOKYOTECH_s05,105,130,109.33333333333333,-0.9712942242622375,0.11661597037841896
TOKYOTECH_s05,105,131,109.36666666666666,-0.9530043601989746,0.45879364553354224
TOKYOTECH_s05,105,132,109.4,-0.9915164113044739,0.7632536529081732
TOKYOTECH_s05,105,133,109.43333333333334,-0.9958351254463196,1.0008140071234866
TOKYOTECH_s05,105,134,109.46666666666667,-0.934776782989502,1.1498511446490285
TOKYOTECH_s05,105,135,109.5,-0.9571360349655151,1.202603230776743
TOKYOTECH_s05,105,136,109.53333333333333,-1.1634094715118408,1.1653599889924804
TOKYOTECH_s05,105,137,109.56666666666666,-1.0709359645843506,1.0526759788498188
TOKYOTECH_s05,105,138,109.6,0.13101543486118317,0.8805934864046429
TOKYOTECH_s05,105,139,109.63333333333334,1.6560410261154175,0.6639946187262784
TOKYOTECH_s05,105,140,109.66666666666667,2.0584723949432373,0.41846690196295977
TOKYOTECH_s05,105,141,109.7,1.7976497411727905,0.1623972753085088
TOKYOTECH_s05,105,142,109.73333333333333,1.4482003450393677,-0.08484533323401534
TOKYOTECH_s05,105,143,109.76666666666667,1.051877498626709,-0.3084346166184876
TOKYOTECH_s05,105,144,109.8,0.6981717348098755,-0.5026351296563978
TOKYOTECH_s05,105,145,109.83333333333333,0.416610449552536,-0.6692929295555432
TOKYOTECH_s05,105,146,109.86666666666666,0.315731018781662,-0.8099644764952858
TOKYOTECH_s05,105,147,109.9,0.4457817077636719,-0.9172377026816642
TOKYOTECH_s05,105,148,109.93333333333334,0.5782900452613831,-0.9725311484928688
TOKYOTECH_s05,105,149,109.96666666666667,0.4704205393791199,-0.95349417218079
TOKYOTECH_s05,105,150,110.0,0.19876110553741455,-0.8466794632636646
TOKYOTECH_s05,105,151,110.03333333333333,-0.15565702319145203,-0.6566571190749
TOKYOTECH_s05,105,152,110.06666666666666,-0.5251772403717041,-0.4055208230356609
TOKYOTECH_s05,105,153,110.1,-0.6897062659263611,-0.12437707312496067
TOKYOTECH_s05,105,154,110.13333333333334,-0.755617618560791,0.1555078348862279
TOKYOTECH_s05,105,155,110.16666666666667,-0.8114134073257446,0.40575507099506114
TOKYOTECH_s05,105,156,110.2,-0.900930643081665,0.6004921020918808
TOKYOTECH_s05,105,157,110.23333333333333,-0.8882594704627991,0.7195777283399015
TOKYOTECH_s05,105,158,110.26666666666667,-0.8552504181861877,0.7561827689574154
TOKYOTECH_s05,105,159,110.3,-0.975087583065033,0.7214101205523006
TOKYOTECH_s05,105,160,110.33333333333333,-1.0009018182754517,0.6397723924826874
TOKYOTECH_s05,105,161,110.36666666666666,-0.9238420128822327,0.5372833290594293
TOKYOTECH_s05,105,162,110.4,-0.16660070419311523,0.4300962401860245
TOKYOTECH_s05,105,163,110.43333333333334,1.2780169248580933,0.32105713117715823
TOKYOTECH_s05,105,164,110.46666666666667,1.886605978012085,0.20493101744174153
TOKYOTECH_s05,105,165,110.5,1.6832354068756104,0.07660380815254653
TOKYOTECH_s05,105,166,110.53333333333333,1.3255226612091064,-0.06409725842197628
TOKYOTECH_s05,105,167,110.56666666666666,0.9693235754966736,-0.21286316192891863
TOKYOTECH_s05,105,168,110.6,0.562252938747406,-0.3634801886321099
TOKYOTECH_s05,105,169,110.63333333333334,0.27431604266166687,-0.5080873907682477
TOKYOTECH_s05,105,170,110.66666666666667,0.22801248729228973,-0.6343165629360421
TOKYOTECH_s05,105,171,110.7,0.3980712294578552,-0.7231277541974969
TOKYOTECH_s05,105,172,110.73333333333333,0.519101619720459,-0.751944571576653
TOKYOTECH_s05,105,173,110.76666666666667,0.44327062368392944,-0.7035932163168782
TOKYOTECH_s05,105,174,110.8,0.2322065234184265,-0.5756250607031597
TOKYOTECH_s05,105,175,110.83333333333333,-0.07995070517063141,-0.3828120001830874
TOKYOTECH_s05,105,176,110.86666666666666,-0.3954649567604065,-0.15079016371088713
TOKYOTECH_s05,105,177,110.9,-0.6887713074684143,0.09408402222346265
TOKYOTECH_s05,105,178,110.93333333333334,-0.8561230301856995,0.33132617232010975
TOKYOTECH_s05,105,179,110.96666666666667,-0.8692928552627563,0.5459768033983484
TOKYOTECH_s05,105,180,111.0,-0.8407983183860779,0.7244963944659525
TOKYOTECH_s05,105,181,111.03333333333333,-0.9100043773651123,0.8529086825153492
TOKYOTECH_s05,105,182,111.06666666666666,-0.9346877336502075,0.9193187594268026
TOKYOTECH_s05,105,183,111.1,-0.9169588088989258,0.917549488490691
TOKYOTECH_s05,105,184,111.13333333333334,-0.7774871587753296,0.8479137491867219
TOKYOTECH_s05,105,185,111.16666666666667,0.11194193363189697,0.7146485005425822
TOKYOTECH_s05,105,186,111.2,1.3646758794784546,0.523133730394765
TOKYOTECH_s05,105,187,111.23333333333333,1.8481206893920898,0.2802150569274922
TOKYOTECH_s05,105,188,111.26666666666667,1.6357742547988892,-0.0026116627730780146
TOKYOTECH_s05,105,189,111.3,1.2399500608444214,-0.30674972523559685
TOKYOTECH_s05,105,190,111.33333333333333,0.8535557985305786,-0.6077980740184671
TOKYOTECH_s05,105,191,111.36666666666666,0.4731898307800293,-0.8800352157456587
TOKYOTECH_s05,105,192,111.4,0.1804623007774353,-1.100508686429108
TOKYOTECH_s05,105,193,111.43333333333334,0.16463004052639008,-1.2496714054163496
TOKYOTECH_s05,105,194,111.46666666666667,0.38516855239868164,-1.309577259586076
TOKYOTECH_s05,105,195,111.5,0.4799216687679291,-1.264034564346775
TOKYOTECH_s05,105,196,111.53333333333333,0.3566206395626068,-1.1038824222991197
TOKYOTECH_s05,105,197,111.56666666666666,0.08781955391168594,-0.8355123182302839
TOKYOTECH_s05,105,198,111.6,-0.23832669854164124,-0.48608871664983844
TOKYOTECH_s05,105,199,111.63333333333334,-0.5666011571884155,-0.09942769502182527
TOKYOTECH_s05,105,200,111.66666666666667,-0.7763740420341492,0.27688535788527296
TOKYOTECH_s05,105,201,111.7,-0.9320252537727356,0.6057248206980279
TOKYOTECH_s05,105,202,111.73333333333333,-1.0511411428451538,0.8678111473469754
TOKYOTECH_s05,105,203,111.76666666666667,-1.0547831058502197,1.0593196124448991
TOKYOTECH_s05,105,204,111.8,-0.9661385416984558,1.1835762008057096
TOKYOTECH_s05,105,205,111.83333333333333,-0.9143497943878174,1.2436484820978528
TOKYOTECH_s05,105,206,111.86666666666666,-1.0423167943954468,1.2396861230070173
TOKYOTECH_s05,105,207,111.9,-1.1819308996200562,1.1702464349841997
TOKYOTECH_s05,105,208,111.93333333333334,-0.6864739060401917,1.035284953081946
TOKYOTECH_s05,105,209,111.96666666666667,0.806424081325531,0.8393831482949966
TOKYOTECH_s05,105,210,112.0,1.8332322835922241,0.5944142372270568
TOKYOTECH_s05,105,211,112.03333333333333,1.8429471254348755,0.32050834350980617
TOKYOTECH_s05,105,212,112.06666666666666,1.5038090944290161,0.04378130219934591
TOKYOTECH_s05,105,213,112.1,1.1856948137283325,-0.20978444943276048
TOKYOTECH_s05,105,214,112.13333333333334,0.8921836614608765,-0.42237975267564165
TOKYOTECH_s05,105,215,112.16666666666667,0.5529388189315796,-0.590159864751705
TOKYOTECH_s05,105,216,112.2,0.32786789536476135,-0.722873296943911
TOKYOTECH_s05,105,217,112.23333333333333,0.37881961464881897,-0.8365547940937514
TOKYOTECH_s05,105,218,112.26666666666667,0.5740514397621155,-0.9428788233334003
TOKYOTECH_s05,105,219,112.3,0.5811394453048706,-1.0412186867248885
TOKYOTECH_s05,105,220,112.33333333333333,0.3636285066604614,-1.1178497176098445
TOKYOTECH_s05,105,221,112.36666666666666,-0.002944326028227806,-1.1521454914702283
TOKYOTECH_s05,105,222,112.4,-0.3590454161167145,-1.1252416944090367
TOKYOTECH_s05,105,223,112.43333333333334,-0.5459515452384949,-1.0259270385129564
TOKYOTECH_s05,105,224,112.46666666666667,-0.7199638485908508,-0.8521649794474351
TOKYOTECH_s05,105,225,112.5,-0.8723204135894775,-0.6106788259298975
TOKYOTECH_s05,105,226,112.53333333333333,-0.880833089351654,-0.31732331725613727
TOKYOTECH_s05,105,227,112.56666666666666,-0.917101263999939,0.0021939975488873232
TOKYOTECH_s05,105,228,112.6,-0.9122304916381836,0.3148046692566043
TOKYOTECH_s05,105,229,112.63333333333334,-0.9031567573547363,0.5883040555489958
TOKYOTECH_s05,105,230,112.66666666666667,-1.0487191677093506,0.8021371806148019
TOKYOTECH_s05,105,231,112.7,-1.1052628755569458,0.9532345390798136
TOKYOTECH_s05,105,232,112.73333333333333,-1.1874427795410156,1.051842836058709
TOKYOTECH_s05,105,233,112.76666666666667,-0.33462029695510864,1.109544621678403
TOKYOTECH_s05,105,234,112.8,1.2908127307891846,1.1277327901262795
TOKYOTECH_s05,105,235,112.83333333333333,2.001616954803467,1.0948308099284716
TOKYOTECH_s05,105,236,112.86666666666666,1.815539002418518,0.9940637440267984
TOKYOTECH_s05,105,237,112.9,1.4058681726455688,0.8161632190847152
TOKYOTECH_s05,105,238,112.93333333333334,1.0512185096740723,0.5689481281189666
TOKYOTECH_s05,105,239,112.96666666666667,0.742854654788971,0.2787477738878281
TOKYOTECH_s05,106,0,106.0,0.2493833601474762,-0.0426662821158973
TOKYOTECH_s05,106,1,106.03333333333333,0.2875303626060486,-1.710165435431408
TOKYOTECH_s05,106,2,106.06666666666666,0.1096801832318306,-3.0722407404162615
TOKYOTECH_s05,106,3,106.1,-0.1845255196094513,-3.905965788612277
TOKYOTECH_s05,106,4,106.13333333333334,-0.44287267327308655,-4.126244371125814
TOKYOTECH_s05,106,5,106.16666666666667,-0.667427122592926,-3.79946763050741
TOKYOTECH_s05,106,6,106.2,-0.8425347208976746,-3.107169193430733
TOKYOTECH_s05,106,7,106.23333333333333,-1.0255851745605469,-2.2758335961889604
TOKYOTECH_s05,106,8,106.26666666666667,-1.1208903789520264,-1.5028677815405125
TOKYOTECH_s05,106,9,106.3,-1.0515419244766235,-0.9071907034003105
TOKYOTECH_s05,106,10,106.33333333333333,-1.0348280668258667,-0.5186501255359387
TOKYOTECH_s05,106,11,106.36666666666666,-1.1074445247650146,-0.3014005175542242
TOKYOTECH_s05,106,12,106.4,-1.144718885421753,-0.19202990175027262
TOKYOTECH_s05,106,13,106.43333333333334,-0.9464951157569885,-0.13108704579808286
TOKYOTECH_s05,106,14,106.46666666666667,0.07745468616485596,-0.07715771672431176
TOKYOTECH_s05,106,15,106.5,1.436001181602478,-0.006557428469226238
TOKYOTECH_s05,106,16,106.53333333333333,1.8065276145935059,0.09128634968436983
TOKYOTECH_s05,106,17,106.56666666666666,1.5457227230072021,0.2153502553124527
TOKYOTECH_s05,106,18,106.6,1.2600654363632202,0.35202594824751443
TOKYOTECH_s05,106,19,106.63333333333334,0.9255756139755249,0.4774122396721672
TOKYOTECH_s05,106,20,106.66666666666667,0.5596617460250854,0.5660563209981585
TOKYOTECH_s05,106,21,106.7,0.211610347032547,0.6027110145861279
TOKYOTECH_s05,106,22,106.73333333333333,0.11171931773424149,0.5900038557828212
TOKYOTECH_s05,106,23,106.76666666666667,0.26181408762931824,0.5472300885583011
TOKYOTECH_s05,106,24,106.8,0.40432220697402954,0.501857542462328
TOKYOTECH_s05,106,25,106.83333333333333,0.315633088350296,0.4797153695177096
TOKYOTECH_s05,106,26,106.86666666666666,0.047624506056308746,0.4982145721944036
TOKYOTECH_s05,106,27,106.9,-0.270676851272583,0.562627507167384
TOKYOTECH_s05,106,28,106.93333333333334,-0.5479728579521179,0.6637265179428368
TOKYOTECH_s05,106,29,106.96666666666667,-0.7603815197944641,0.7771191416274941
TOKYOTECH_s05,106,30,107.0,-0.8952940702438354,0.8676002578929379
TOKYOTECH_s05,106,31,107.03333333333333,-0.9854435324668884,0.9008130932975252
TOKYOTECH_s05,106,32,107.06666666666666,-1.0369384288787842,0.8581283300029792
TOKYOTECH_s05,106,33,107.1,-0.9968591332435608,0.7454492453401559
TOKYOTECH_s05,106,34,107.13333333333334,-0.8919904828071594,0.5891071650538323
TOKYOTECH_s05,106,35,107.16666666666667,-0.9016162753105164,0.42049474691946703
TOKYOTECH_s05,106,36,107.2,-1.0371966361999512,0.2591048213728141
TOKYOTECH_s05,106,37,107.23333333333333,-1.020046591758728,0.1050221795328023
TOKYOTECH_s05,106,38,107.26666666666667,0.04852386191487312,-0.05499051749577584
TOKYOTECH_s05,106,39,107.3,1.4897221326828003,-0.23343087646339955
TOKYOTECH_s05,106,40,107.33333333333333,1.9250824451446533,-0.43076578481660627
TOKYOTECH_s05,106,41,107.36666666666666,1.6277958154678345,-0.6344221654204353
TOKYOTECH_s05,106,42,107.4,1.2448654174804688,-0.8263283913366808
TOKYOTECH_s05,106,43,107.43333333333334,0.8916226625442505,-0.9905022576965576
TOKYOTECH_s05,106,44,107.46666666666667,0.485032856464386,-1.1142017104103032
TOKYOTECH_s05,106,45,107.5,0.15348157286643982,-1.183753563137499
TOKYOTECH_s05,106,46,107.53333333333333,0.09830909222364426,-1.1818295918083421
TOKYOTECH_s05,106,47,107.56666666666666,0.2627757787704468,-1.0917261594950811
TOKYOTECH_s05,106,48,107.6,0.41586247086524963,-0.9069256169450628
TOKYOTECH_s05,106,49,107.63333333333334,0.30005013942718506,-0.638229559683041
TOKYOTECH_s05,106,50,107.66666666666667,-0.003282698104158044,-0.31234253392513284
TOKYOTECH_s05,106,51,107.7,-0.34162816405296326,0.03702552270254281
TOKYOTECH_s05,106,52,107.73333333333333,-0.6218181252479553,0.3783173633478666
TOKYOTECH_s05,106,53,107.76666666666667,-0.7911110520362854,0.6850460339189973
TOKYOTECH_s05,106,54,107.8,-0.9059261083602905,0.9334780649962993
TOKYOTECH_s05,106,55,107.83333333333333,-0.9524166584014893,1.1016587750014382
TOKYOTECH_s05,106,56,107.86666666666666,-1.013697624206543,1.1733317613538496
TOKYOTECH_s05,106,57,107.9,-1.0511144399642944,1.14390504193062
TOKYOTECH_s05,106,58,107.93333333333334,-1.0751477479934692,1.0236360823253414
TOKYOTECH_s05,106,59,107.96666666666667,-1.058995008468628,0.8357111304257867
TOKYOTECH_s05,106,60,108.0,-0.7741479277610779,0.6100860932339494
TOKYOTECH_s05,106,61,108.03333333333333,0.41590699553489685,0.3756165595969153
TOKYOTECH_s05,106,62,108.06666666666666,1.6050893068313599,0.15288599407978293
TOKYOTECH_s05,106,63,108.1,1.7332967519760132,-0.050516899826558735
TOKYOTECH_s05,106,64,108.13333333333334,1.3830013275146484,-0.24067291029799925
TOKYOTECH_s05,106,65,108.16666666666667,0.9988777041435242,-0.43266633155318085
TOKYOTECH_s05,106,66,108.2,0.5651113390922546,-0.6408234982272192
TOKYOTECH_s05,106,67,108.23333333333333,0.11047268658876419,-0.8668375844634105
TOKYOTECH_s05,106,68,108.26666666666667,-0.15289662778377533,-1.0912939563748079
TOKYOTECH_s05,106,69,108.3,-0.006612992845475674,-1.2740154307911982
TOKYOTECH_s05,106,70,108.33333333333333,0.2752065062522888,-1.364831593640877
TOKYOTECH_s05,106,71,108.36666666666666,0.3561665117740631,-1.3210218315233218
TOKYOTECH_s05,106,72,108.4,0.17805807292461395,-1.1240717960121387
TOKYOTECH_s05,106,73,108.43333333333334,-0.13165931403636932,-0.7883140435328067
TOKYOTECH_s05,106,74,108.46666666666667,-0.45063742995262146,-0.35756551030711964
TOKYOTECH_s05,106,75,108.5,-0.7092338800430298,0.10835342878592935
TOKYOTECH_s05,106,76,108.53333333333333,-0.8752945065498352,0.550210535519592
TOKYOTECH_s05,106,77,108.56666666666666,-1.003208041191101,0.9214617416691708
TOKYOTECH_s05,106,78,108.6,-1.0840256214141846,1.1930416352294426
TOKYOTECH_s05,106,79,108.63333333333334,-1.1011401414871216,1.353085819066671
TOKYOTECH_s05,106,80,108.66666666666667,-1.1222259998321533,1.4044512282261175
TOKYOTECH_s05,106,81,108.7,-1.1495006084442139,1.3608682160639267
TOKYOTECH_s05,106,82,108.73333333333333,-1.1683604717254639,1.2417027863630419
TOKYOTECH_s05,106,83,108.76666666666667,-0.9357740879058838,1.0662821287479645
TOKYOTECH_s05,106,84,108.8,0.2761771082878113,0.8499687034449845
TOKYOTECH_s05,106,85,108.83333333333333,1.6938763856887817,0.6038046486552013
TOKYOTECH_s05,106,86,108.86666666666666,2.009737968444824,0.33716382134748657
TOKYOTECH_s05,106,87,108.9,1.6383298635482788,0.060571444658706106
TOKYOTECH_s05,106,88,108.93333333333334,1.2792903184890747,-0.21401547702004958
TOKYOTECH_s05,106,89,108.96666666666667,0.9734641909599304,-0.4756353575105107
TOKYOTECH_s05,106,90,109.0,0.6020027995109558,-0.716685925216026
TOKYOTECH_s05,106,91,109.03333333333333,0.23716634511947632,-0.9320080360850544
TOKYOTECH_s05,106,92,109.06666666666666,0.14697235822677612,-1.1145344811085072
TOKYOTECH_s05,106,93,109.1,0.35300537943840027,-1.2510104111636655
TOKYOTECH_s05,106,94,109.13333333333334,0.5509175062179565,-1.3220067520698218
TOKYOTECH_s05,106,95,109.16666666666667,0.478719562292099,-1.3075911665112514
TOKYOTECH_s05,106,96,109.2,0.20236743986606598,-1.1956896272666413
TOKYOTECH_s05,106,97,109.23333333333333,-0.1369486153125763,-0.9879280871431229
TOKYOTECH_s05,106,98,109.26666666666667,-0.5186769366264343,-0.6997038093526436
TOKYOTECH_s05,106,99,109.3,-0.8567196726799011,-0.35569356392566753
TOKYOTECH_s05,106,100,109.33333333333333,-0.9712942242622375,0.01481020344004821
TOKYOTECH_s05,106,101,109.36666666666666,-0.9530043601989746,0.3796916206532924
TOKYOTECH_s05,106,102,109.4,-0.9915164113044739,0.7050047760607728
TOKYOTECH_s05,106,103,109.43333333333334,-0.9958351254463196,0.9594812054307837
TOKYOTECH_s05,106,104,109.46666666666667,-0.934776782989502,1.122252907053549
TOKYOTECH_s05,106,105,109.5,-0.9571360349655151,1.1881636477587287
TOKYOTECH_s05,106,106,109.53333333333333,-1.1634094715118408,1.1660679318526503
TOKYOTECH_s05,106,107,109.56666666666666,-1.0709359645843506,1.0713105599693278
TOKYOTECH_s05,106,108,109.6,0.13101543486118317,0.918255219687507
TOKYOTECH_s05,106,109,109.63333333333334,1.6560410261154175,0.7182359433815534
TOKYOTECH_s05,106,110,109.66666666666667,2.0584723949432373,0.48290193999715103
TOKYOTECH_s05,106,111,109.7,1.7976497411727905,0.22794250286291026
TOKYOTECH_s05,106,112,109.73333333333333,1.4482003450393677,-0.027531911022331452
TOKYOTECH_s05,106,113,109.76666666666667,1.051877498626709,-0.2660669992613271
TOKYOTECH_s05,106,114,109.8,0.6981717348098755,-0.47692141127586823
TOKYOTECH_s05,106,115,109.83333333333333,0.416610449552536,-0.6560133118858346
TOKYOTECH_s05,106,116,109.86666666666666,0.315731018781662,-0.7999689061487419
TOKYOTECH_s05,106,117,109.9,0.4457817077636719,-0.8991040760088389
TOKYOTECH_s05,106,118,109.93333333333334,0.5782900452613831,-0.9362008125507085
TOKYOTECH_s05,106,119,109.96666666666667,0.4704205393791199,-0.8939380023207415
TOKYOTECH_s05,106,120,110.0,0.19876110553741455,-0.7661059653038848
TOKYOTECH_s05,106,121,110.03333333333333,-0.15565702319145203,-0.5637519670406502
TOKYOTECH_s05,106,122,110.06666666666666,-0.5251772403717041,-0.31191905899532646
TOKYOTECH_s05,106,123,110.1,-0.6897062659263611,-0.040814086045549126
TOKYOTECH_s05,106,124,110.13333333333334,-0.755617618560791,0.2209061372989434
TOKYOTECH_s05,106,125,110.16666666666667,-0.8114134073257446,0.44691063865729014
TOKYOTECH_s05,106,126,110.2,-0.900930643081665,0.6123388774088936
TOKYOTECH_s05,106,127,110.23333333333333,-0.8882594704627991,0.6981926373515707
TOKYOTECH_s05,106,128,110.26666666666667,-0.8552504181861877,0.700230656879594
TOKYOTECH_s05,106,129,110.3,-0.975087583065033,0.6337042521955988
TOKYOTECH_s05,106,130,110.33333333333333,-1.0009018182754517,0.5275060564360613
TOKYOTECH_s05,106,131,110.36666666666666,-0.9238420128822327,0.41041960010698575
TOKYOTECH_s05,106,132,110.4,-0.16660070419311523,0.29879078908069046
TOKYOTECH_s05,106,133,110.43333333333334,1.2780169248580933,0.19374780189023816
TOKYOTECH_s05,106,134,110.46666666666667,1.886605978012085,0.08815337045386705
TOKYOTECH_s05,106,135,110.5,1.6832354068756104,-0.0238615195706976
TOKYOTECH_s05,106,136,110.53333333333333,1.3255226612091064,-0.14217702798492898
TOKYOTECH_s05,106,137,110.56666666666666,0.9693235754966736,-0.2624581786575547
TOKYOTECH_s05,106,138,110.6,0.562252938747406,-0.3800322237541359
TOKYOTECH_s05,106,139,110.63333333333334,0.27431604266166687,-0.49023728364992913
TOKYOTECH_s05,106,140,110.66666666666667,0.22801248729228973,-0.5843306945376836
TOKYOTECH_s05,106,141,110.7,0.3980712294578552,-0.6457911493080507
TOKYOTECH_s05,106,142,110.73333333333333,0.519101619720459,-0.6528274734116484
TOKYOTECH_s05,106,143,110.76666666666667,0.44327062368392944,-0.5880319769455528
TOKYOTECH_s05,106,144,110.8,0.2322065234184265,-0.44912910589814453
TOKYOTECH_s05,106,145,110.83333333333333,-0.07995070517063141,-0.25243243370155105
TOKYOTECH_s05,106,146,110.86666666666666,-0.3954649567604065,-0.026180737505252516
TOKYOTECH_s05,106,147,110.9,-0.6887713074684143,0.20107309009900215
TOKYOTECH_s05,106,148,110.93333333333334,-0.8561230301856995,0.408803772796434
TOKYOTECH_s05,106,149,110.96666666666667,-0.8692928552627563,0.5851357256588491
TOKYOTECH_s05,106,150,111.0,-0.8407983183860779,0.7223190109049484
TOKYOTECH_s05,106,151,111.03333333333333,-0.9100043773651123,0.813242714236388
TOKYOTECH_s05,106,152,111.06666666666666,-0.9346877336502075,0.8519323194374904
TOKYOTECH_s05,106,153,111.1,-0.9169588088989258,0.8357030572857781
TOKYOTECH_s05,106,154,111.13333333333334,-0.7774871587753296,0.7654471047814623
TOKYOTECH_s05,106,155,111.16666666666667,0.11194193363189697,0.6434414794141147
TOKYOTECH_s05,106,156,111.2,1.3646758794784546,0.4713796235976614
TOKYOTECH_s05,106,157,111.23333333333333,1.8481206893920898,0.251548553659548
TOKYOTECH_s05,106,158,111.26666666666667,1.6357742547988892,-0.00934183074561075
TOKYOTECH_s05,106,159,111.3,1.2399500608444214,-0.2972552857317034
TOKYOTECH_s05,106,160,111.33333333333333,0.8535557985305786,-0.5915477040475715
TOKYOTECH_s05,106,161,111.36666666666666,0.4731898307800293,-0.8685410588402948
TOKYOTECH_s05,106,162,111.4,0.1804623007774353,-1.1047672781034865
TOKYOTECH_s05,106,163,111.43333333333334,0.16463004052639008,-1.2774917371043644
TOKYOTECH_s05,106,164,111.46666666666667,0.38516855239868164,-1.3636126477042263
TOKYOTECH_s05,106,165,111.5,0.4799216687679291,-1.3408358409847636
TOKYOTECH_s05,106,166,111.53333333333333,0.3566206395626068,-1.194016303330905
TOKYOTECH_s05,106,167,111.56666666666666,0.08781955391168594,-0.9248993940867704
TOKYOTECH_s05,106,168,111.6,-0.23832669854164124,-0.5585990492852403
TOKYOTECH_s05,106,169,111.63333333333334,-0.5666011571884155,-0.1403095345879324
TOKYOTECH_s05,106,170,111.66666666666667,-0.7763740420341492,0.27745567812110206
TOKYOTECH_s05,106,171,111.7,-0.9320252537727356,0.6496692366448594
TOKYOTECH_s05,106,172,111.73333333333333,-1.0511411428451538,0.9474914457602559
TOKYOTECH_s05,106,173,111.76666666666667,-1.0547831058502197,1.1579879899696714
TOKYOTECH_s05,106,174,111.8,-0.9661385416984558,1.278329463252523
TOKYOTECH_s05,106,175,111.83333333333333,-0.9143497943878174,1.310392379396085
TOKYOTECH_s05,106,176,111.86666666666666,-1.0423167943954468,1.2587846255152997
TOKYOTECH_s05,106,177,111.9,-1.1819308996200562,1.1312460955251202
TOKYOTECH_s05,106,178,111.93333333333334,-0.6864739060401917,0.9394513956307797
TOKYOTECH_s05,106,179,111.96666666666667,0.806424081325531,0.6995089449912936
TOKYOTECH_s05,106,180,112.0,1.8332322835922241,0.4320826637077461
TOKYOTECH_s05,106,181,112.03333333333333,1.8429471254348755,0.1615304900362119
TOKYOTECH_s05,106,182,112.06666666666666,1.5038090944290161,-0.08712983099207346
TOKYOTECH_s05,106,183,112.1,1.1856948137283325,-0.2939083422435963
TOKYOTECH_s05,106,184,112.13333333333334,0.8921836614608765,-0.4504224231485081
TOKYOTECH_s05,106,185,112.16666666666667,0.5529388189315796,-0.563584140042937
TOKYOTECH_s05,106,186,112.2,0.32786789536476135,-0.6528659434135511
TOKYOTECH_s05,106,187,112.23333333333333,0.37881961464881897,-0.7406303862729264
TOKYOTECH_s05,106,188,112.26666666666667,0.5740514397621155,-0.8393744987793755
TOKYOTECH_s05,106,189,112.3,0.5811394453048706,-0.9425353261404691
TOKYOTECH_s05,106,190,112.33333333333333,0.3636285066604614,-1.0243860297249547
TOKYOTECH_s05,106,191,112.36666666666666,-0.002944326028227806,-1.0497119653260327
TOKYOTECH_s05,106,192,112.4,-0.3590454161167145,-0.9881314335652784
TOKYOTECH_s05,106,193,112.43333333333334,-0.5459515452384949,-0.8254749908525598
TOKYOTECH_s05,106,194,112.46666666666667,-0.7199638485908508,-0.567673195457197
TOKYOTECH_s05,106,195,112.5,-0.8723204135894775,-0.2379448090737046
TOKYOTECH_s05,106,196,112.53333333333333,-0.880833089351654,0.1288786553492096
TOKYOTECH_s05,106,197,112.56666666666666,-0.917101263999939,0.491974023088206
TOKYOTECH_s05,106,198,112.6,-0.9122304916381836,0.8103140892835975
TOKYOTECH_s05,106,199,112.63333333333334,-0.9031567573547363,1.049974147335732
TOKYOTECH_s05,106,200,112.66666666666667,-1.0487191677093506,1.1914709132549832
TOKYOTECH_s05,106,201,112.7,-1.1052628755569458,1.2328998944843248
TOKYOTECH_s05,106,202,112.73333333333333,-1.1874427795410156,1.1862809059685882
TOKYOTECH_s05,106,203,112.76666666666667,-0.33462029695510864,1.0691633394885973
TOKYOTECH_s05,106,204,112.8,1.2908127307891846,0.896972075336031
TOKYOTECH_s05,106,205,112.83333333333333,2.001616954803467,0.6808099536258325
TOKYOTECH_s05,106,206,112.86666666666666,1.815539002418518,0.4307242410214466
TOKYOTECH_s05,106,207,112.9,1.4058681726455688,0.1600226484110671
TOKYOTECH_s05,106,208,112.93333333333334,1.0512185096740723,-0.11393065957845555
TOKYOTECH_s05,106,209,112.96666666666667,0.742854654788971,-0.3732922047218532
TOKYOTECH_s05,106,210,113.0,0.4772503077983856,-0.6043143535328074
TOKYOTECH_s05,106,211,113.03333333333333,0.242304265499115,-0.7985640104920484
TOKYOTECH_s05,106,212,113.06666666666666,0.31655025482177734,-0.9498279425034235
TOKYOTECH_s05,106,213,113.1,0.5036700367927551,-1.0500292617185192
TOKYOTECH_s05,106,214,113.13333333333334,0.3950258791446686,-1.0884587076459595
TOKYOTECH_s05,106,215,113.16666666666667,0.1687973588705063,-1.0556219511356744
TOKYOTECH_s05,106,216,113.2,-0.14734019339084625,-0.948635254099069
TOKYOTECH_s05,106,217,113.23333333333333,-0.447734534740448,-0.7737462062365664
TOKYOTECH_s05,106,218,113.26666666666667,-0.6411587595939636,-0.5449504938353588
TOKYOTECH_s05,106,219,113.3,-0.820148766040802,-0.2815817667714907
TOKYOTECH_s05,106,220,113.33333333333333,-0.9145723581314087,-0.007568316227284575
TOKYOTECH_s05,106,221,113.36666666666666,-0.948908269405365,0.24844109641363613
TOKYOTECH_s05,106,222,113.4,-0.9149285554885864,0.45571742232597134
TOKYOTECH_s05,106,223,113.43333333333334,-0.9043945074081421,0.5890691543503227
TOKYOTECH_s05,106,224,113.46666666666667,-0.9018923044204712,0.6381895097092303
TOKYOTECH_s05,106,225,113.5,-0.9797090291976929,0.6119447686045303
TOKYOTECH_s05,106,226,113.53333333333333,-1.1453243494033813,0.5338789446091762
TOKYOTECH_s05,106,227,113.56666666666666,-1.2624634504318237,0.4317430734836876
TOKYOTECH_s05,106,228,113.6,-0.5632174015045166,0.32784229906184076
TOKYOTECH_s05,106,229,113.63333333333334,0.9124325513839722,0.2356152145183173
TOKYOTECH_s05,106,230,113.66666666666667,1.7998847961425781,0.16240674420775725
TOKYOTECH_s05,106,231,113.7,1.7757713794708252,0.11357231363135561
TOKYOTECH_s05,106,232,113.73333333333333,1.4023241996765137,0.09293677801070169
TOKYOTECH_s05,106,233,113.76666666666667,1.0058945417404175,0.09890959506558254
TOKYOTECH_s05,106,234,113.8,0.5633482336997986,0.12054763328198251
TOKYOTECH_s05,106,235,113.83333333333333,0.25383561849594116,0.13885667928819748
TOKYOTECH_s05,106,236,113.86666666666666,0.08770380169153214,0.13415695704625868
TOKYOTECH_s05,106,237,113.9,0.21337343752384186,0.09512670140748913
TOKYOTECH_s05,106,238,113.93333333333334,0.4424959123134613,0.02424198510026042
TOKYOTECH_s05,106,239,113.96666666666667,0.3278768062591553,-0.06280265537232489
TOKYOTECH_s05,107,0,107.0,-0.8952940702438354,-0.04559771665319265
TOKYOTECH_s05,107,1,107.03333333333333,-0.9854435324668884,-1.2259211500464482
TOKYOTECH_s05,107,2,107.06666666666666,-1.0369384288787842,-2.2495158071742534
TOKYOTECH_s05,107,3,107.1,-0.9968591332435608,-2.991177896247741
TOKYOTECH_s05,107,4,107.13333333333334,-0.8919904828071594,-3.3813656206003455
TOKYOTECH_s05,107,5,107.16666666666667,-0.9016162753105164,-3.419997314482031
TOKYOTECH_s05,107,6,107.2,-1.0371966361999512,-3.171603119573598
TOKYOTECH_s05,107,7,107.23333333333333,-1.020046591758728,-2.7424715976503378
TOKYOTECH_s05,107,8,107.26666666666667,0.04852386191487312,-2.247923913365236
TOKYOTECH_s05,107,9,107.3,1.4897221326828003,-1.7817138255000862
TOKYOTECH_s05,107,10,107.33333333333333,1.9250824451446533,-1.3985935773526128
TOKYOTECH_s05,107,11,107.36666666666666,1.6277958154678345,-1.114510822670217
TOKYOTECH_s05,107,12,107.4,1.2448654174804688,-0.9190972850081989
TOKYOTECH_s05,107,13,107.43333333333334,0.8916226625442505,-0.7893678798178733
TOKYOTECH_s05,107,14,107.46666666666667,0.485032856464386,-0.696808727658966
TOKYOTECH_s05,107,15,107.5,0.15348157286643982,-0.6084303322088129
TOKYOTECH_s05,107,16,107.53333333333333,0.09830909222364426,-0.48834276507754437
TOKYOTECH_s05,107,17,107.56666666666666,0.2627757787704468,-0.30522813098896234
TOKYOTECH_s05,107,18,107.6,0.41586247086524963,-0.043779880933103324
TOKYOTECH_s05,107,19,107.63333333333334,0.30005013942718506,0.28775919074409984
TOKYOTECH_s05,107,20,107.66666666666667,-0.003282698104158044,0.6600736301840766
TOKYOTECH_s05,107,21,107.7,-0.34162816405296326,1.0339308239337754
TOKYOTECH_s05,107,22,107.73333333333333,-0.6218181252479553,1.3722506962442953
TOKYOTECH_s05,107,23,107.76666666666667,-0.7911110520362854,1.6458570810128073
TOKYOTECH_s05,107,24,107.8,-0.9059261083602905,1.8331503774367752
TOKYOTECH_s05,107,25,107.83333333333333,-0.9524166584014893,1.9195915111564341
TOKYOTECH_s05,107,26,107.86666666666666,-1.013697624206543,1.9000850144200614
TOKYOTECH_s05,107,27,107.9,-1.0511144399642944,1.781523030042353
TOKYOTECH_s05,107,28,107.93333333333334,-1.0751477479934692,1.5817240364598149
TOKYOTECH_s05,107,29,107.96666666666667,-1.058995008468628,1.3243738914884366
TOKYOTECH_s05,107,30,108.0,-0.7741479277610779,1.032844214208909
TOKYOTECH_s05,107,31,108.03333333333333,0.41590699553489685,0.726119570876615
TOKYOTECH_s05,107,32,108.06666666666666,1.6050893068313599,0.41760232331895014
TOKYOTECH_s05,107,33,108.1,1.7332967519760132,0.11524182068575875
TOKYOTECH_s05,107,34,108.13333333333334,1.3830013275146484,-0.1782527960192518
TOKYOTECH_s05,107,35,108.16666666666667,0.9988777041435242,-0.46447633000694205
TOKYOTECH_s05,107,36,108.2,0.5651113390922546,-0.7460513223151769
TOKYOTECH_s05,107,37,108.23333333333333,0.11047268658876419,-1.0204661426187471
TOKYOTECH_s05,107,38,108.26666666666667,-0.15289662778377533,-1.2730794449858462
TOKYOTECH_s05,107,39,108.3,-0.006612992845475674,-1.4736134201872382
TOKYOTECH_s05,107,40,108.33333333333333,0.2752065062522888,-1.58035720436076
TOKYOTECH_s05,107,41,108.36666666666666,0.3561665117740631,-1.5528849250768175
TOKYOTECH_s05,107,42,108.4,0.17805807292461395,-1.3686763164298603
TOKYOTECH_s05,107,43,108.43333333333334,-0.13165931403636932,-1.035510891109975
TOKYOTECH_s05,107,44,108.46666666666667,-0.45063742995262146,-0.5930295053620253
TOKYOTECH_s05,107,45,108.5,-0.7092338800430298,-0.1026423317114847
TOKYOTECH_s05,107,46,108.53333333333333,-0.8752945065498352,0.36874091349882626
TOKYOTECH_s05,107,47,108.56666666666666,-1.003208041191101,0.7635475652839617
TOKYOTECH_s05,107,48,108.6,-1.0840256214141846,1.0428058353360488
TOKYOTECH_s05,107,49,108.63333333333334,-1.1011401414871216,1.1900952878982016
TOKYOTECH_s05,107,50,108.66666666666667,-1.1222259998321533,1.2112317316091101
TOKYOTECH_s05,107,51,108.7,-1.1495006084442139,1.1295862705442878
TOKYOTECH_s05,107,52,108.73333333333333,-1.1683604717254639,0.9773438207460596
TOKYOTECH_s05,107,53,108.76666666666667,-0.9357740879058838,0.7851142322155013
TOKYOTECH_s05,107,54,108.8,0.2761771082878113,0.5740683910056081
TOKYOTECH_s05,107,55,108.83333333333333,1.6938763856887817,0.35406639521535505
TOKYOTECH_s05,107,56,108.86666666666666,2.009737968444824,0.12774304138401943
TOKYOTECH_s05,107,57,108.9,1.6383298635482788,-0.10315308564475775
TOKYOTECH_s05,107,58,108.93333333333334,1.2792903184890747,-0.3337260183260145
TOKYOTECH_s05,107,59,108.96666666666667,0.9734641909599304,-0.5562518425157851
TOKYOTECH_s05,107,60,109.0,0.6020027995109558,-0.7629123870106056
TOKYOTECH_s05,107,61,109.03333333333333,0.23716634511947632,-0.9469707726736108
TOKYOTECH_s05,107,62,109.06666666666666,0.14697235822677612,-1.100332455338923
TOKYOTECH_s05,107,63,109.1,0.35300537943840027,-1.2094508491696137
TOKYOTECH_s05,107,64,109.13333333333334,0.5509175062179565,-1.2540954139082725
TOKYOTECH_s05,107,65,109.16666666666667,0.478719562292099,-1.2121607343355012
TOKYOTECH_s05,107,66,109.2,0.20236743986606598,-1.0689488742734594
TOKYOTECH_s05,107,67,109.23333333333333,-0.1369486153125763,-0.8253134101982909
TOKYOTECH_s05,107,68,109.26666666666667,-0.5186769366264343,-0.49953336879944554
TOKYOTECH_s05,107,69,109.3,-0.8567196726799011,-0.12248823987611561
TOKYOTECH_s05,107,70,109.33333333333333,-0.9712942242622375,0.2692100765560001
TOKYOTECH_s05,107,71,109.36666666666666,-0.9530043601989746,0.6373890990067145
TOKYOTECH_s05,107,72,109.4,-0.9915164113044739,0.9447762019733266
TOKYOTECH_s05,107,73,109.43333333333334,-0.9958351254463196,1.1602651984158427
TOKYOTECH_s05,107,74,109.46666666666667,-0.934776782989502,1.267069589805353
TOKYOTECH_s05,107,75,109.5,-0.9571360349655151,1.2679560312983498
TOKYOTECH_s05,107,76,109.53333333333333,-1.1634094715118408,1.182602196820478
TOKYOTECH_s05,107,77,109.56666666666666,-1.0709359645843506,1.0382006211452506
TOKYOTECH_s05,107,78,109.6,0.13101543486118317,0.8594410748595427
TOKYOTECH_s05,107,79,109.63333333333334,1.6560410261154175,0.6637634479249646
TOKYOTECH_s05,107,80,109.66666666666667,2.0584723949432373,0.46254332945983206
TOKYOTECH_s05,107,81,109.7,1.7976497411727905,0.26391467903745613
TOKYOTECH_s05,107,82,109.73333333333333,1.4482003450393677,0.07302349519710583
TOKYOTECH_s05,107,83,109.76666666666667,1.051877498626709,-0.11031813716985103
TOKYOTECH_s05,107,84,109.8,0.6981717348098755,-0.29257950910737773
TOKYOTECH_s05,107,85,109.83333333333333,0.416610449552536,-0.4819244501055234
TOKYOTECH_s05,107,86,109.86666666666666,0.315731018781662,-0.6784581864443274
TOKYOTECH_s05,107,87,109.9,0.4457817077636719,-0.865241160667687
TOKYOTECH_s05,107,88,109.93333333333334,0.5782900452613831,-1.0078018523380354
TOKYOTECH_s05,107,89,109.96666666666667,0.4704205393791199,-1.065474417047122
TOKYOTECH_s05,107,90,110.0,0.19876110553741455,-1.0093777610910384
TOKYOTECH_s05,107,91,110.03333333333333,-0.15565702319145203,-0.8363013483416938
TOKYOTECH_s05,107,92,110.06666666666666,-0.5251772403717041,-0.5705255274420814
TOKYOTECH_s05,107,93,110.1,-0.6897062659263611,-0.25424158302314104
TOKYOTECH_s05,107,94,110.13333333333334,-0.755617618560791,0.06531358440605971
TOKYOTECH_s05,107,95,110.16666666666667,-0.8114134073257446,0.3443377913977072
TOKYOTECH_s05,107,96,110.2,-0.900930643081665,0.5470200090380144
TOKYOTECH_s05,107,97,110.23333333333333,-0.8882594704627991,0.6515881672066625
TOKYOTECH_s05,107,98,110.26666666666667,-0.8552504181861877,0.6577459861410797
TOKYOTECH_s05,107,99,110.3,-0.975087583065033,0.5883436137900269
TOKYOTECH_s05,107,100,110.33333333333333,-1.0009018182754517,0.48026646052408095
TOKYOTECH_s05,107,101,110.36666666666666,-0.9238420128822327,0.36814456151857794
TOKYOTECH_s05,107,102,110.4,-0.16660070419311523,0.2706571082517623
TOKYOTECH_s05,107,103,110.43333333333334,1.2780169248580933,0.18763444711292054
TOKYOTECH_s05,107,104,110.46666666666667,1.886605978012085,0.10785696202491599
TOKYOTECH_s05,107,105,110.5,1.6832354068756104,0.01992912829648201
TOKYOTECH_s05,107,106,110.53333333333333,1.3255226612091064,-0.08154160071016459
TOKYOTECH_s05,107,107,110.56666666666666,0.9693235754966736,-0.19634929778144528
TOKYOTECH_s05,107,108,110.6,0.562252938747406,-0.3214647847597448
TOKYOTECH_s05,107,109,110.63333333333334,0.27431604266166687,-0.45075644674676213
TOKYOTECH_s05,107,110,110.66666666666667,0.22801248729228973,-0.5708859463200928
TOKYOTECH_s05,107,111,110.7,0.3980712294578552,-0.6582222222787483
TOKYOTECH_s05,107,112,110.73333333333333,0.519101619720459,-0.6825191555910953
TOKYOTECH_s05,107,113,110.76666666666667,0.44327062368392944,-0.6182804681218164
TOKYOTECH_s05,107,114,110.8,0.2322065234184265,-0.45779778842301416
TOKYOTECH_s05,107,115,110.83333333333333,-0.07995070517063141,-0.21714769629063385
TOKYOTECH_s05,107,116,110.86666666666666,-0.3954649567604065,0.06877629735065004
TOKYOTECH_s05,107,117,110.9,-0.6887713074684143,0.35835575473726233
TOKYOTECH_s05,107,118,110.93333333333334,-0.8561230301856995,0.6146501633868502
TOKYOTECH_s05,107,119,110.96666666666667,-0.8692928552627563,0.8107544281350769
TOKYOTECH_s05,107,120,111.0,-0.8407983183860779,0.9301080424878205
TOKYOTECH_s05,107,121,111.03333333333333,-0.9100043773651123,0.9663060876347839
TOKYOTECH_s05,107,122,111.06666666666666,-0.9346877336502075,0.9239879612965419
TOKYOTECH_s05,107,123,111.1,-0.9169588088989258,0.8179703989856957
TOKYOTECH_s05,107,124,111.13333333333334,-0.7774871587753296,0.6681117542165789
TOKYOTECH_s05,107,125,111.16666666666667,0.11194193363189697,0.49152091857125474
TOKYOTECH_s05,107,126,111.2,1.3646758794784546,0.29702236924278613
TOKYOTECH_s05,107,127,111.23333333333333,1.8481206893920898,0.0858559850783677
TOKYOTECH_s05,107,128,111.26666666666667,1.6357742547988892,-0.14234946498424136
TOKYOTECH_s05,107,129,111.3,1.2399500608444214,-0.3834548037501737
TOKYOTECH_s05,107,130,111.33333333333333,0.8535557985305786,-0.6268883466986029
TOKYOTECH_s05,107,131,111.36666666666666,0.4731898307800293,-0.8579274041649531
TOKYOTECH_s05,107,132,111.4,0.1804623007774353,-1.0605075382076343
TOKYOTECH_s05,107,133,111.43333333333334,0.16463004052639008,-1.2171275756376263
TOKYOTECH_s05,107,134,111.46666666666667,0.38516855239868164,-1.3065798896363126
TOKYOTECH_s05,107,135,111.5,0.4799216687679291,-1.3040536206825635
TOKYOTECH_s05,107,136,111.53333333333333,0.3566206395626068,-1.187440710630288
TOKYOTECH_s05,107,137,111.56666666666666,0.08781955391168594,-0.9486218310429104
TOKYOTECH_s05,107,138,111.6,-0.23832669854164124,-0.6029836928242219
TOKYOTECH_s05,107,139,111.63333333333334,-0.5666011571884155,-0.18973371641628994
TOKYOTECH_s05,107,140,111.66666666666667,-0.7763740420341492,0.23843814244364203
TOKYOTECH_s05,107,141,111.7,-0.9320252537727356,0.630419715550447
TOKYOTECH_s05,107,142,111.73333333333333,-1.0511411428451538,0.9481648915265268
TOKYOTECH_s05,107,143,111.76666666666667,-1.0547831058502197,1.170111446151752
TOKYOTECH_s05,107,144,111.8,-0.9661385416984558,1.2884682793761708
TOKYOTECH_s05,107,145,111.83333333333333,-0.9143497943878174,1.305626420993824
TOKYOTECH_s05,107,146,111.86666666666666,-1.0423167943954468,1.2324095408927827
TOKYOTECH_s05,107,147,111.9,-1.1819308996200562,1.086800162406372
TOKYOTECH_s05,107,148,111.93333333333334,-0.6864739060401917,0.8912002321840972
TOKYOTECH_s05,107,149,111.96666666666667,0.806424081325531,0.6684552696010587
TOKYOTECH_s05,107,150,112.0,1.8332322835922241,0.4384776050902041
TOKYOTECH_s05,107,151,112.03333333333333,1.8429471254348755,0.21677894346664292
TOKYOTECH_s05,107,152,112.06666666666666,1.5038090944290161,0.014229789322048082
TOKYOTECH_s05,107,153,112.1,1.1856948137283325,-0.16366891283834956
TOKYOTECH_s05,107,154,112.13333333333334,0.8921836614608765,-0.3182806496337139
TOKYOTECH_s05,107,155,112.16666666666667,0.5529388189315796,-0.45817951207967433
TOKYOTECH_s05,107,156,112.2,0.32786789536476135,-0.59601634077504
TOKYOTECH_s05,107,157,112.23333333333333,0.37881961464881897,-0.7415465143505997
TOKYOTECH_s05,107,158,112.26666666666667,0.5740514397621155,-0.8935561132470862
TOKYOTECH_s05,107,159,112.3,0.5811394453048706,-1.0352809896936146
TOKYOTECH_s05,107,160,112.33333333333333,0.3636285066604614,-1.1368085645546404
TOKYOTECH_s05,107,161,112.36666666666666,-0.002944326028227806,-1.1643248710363807
TOKYOTECH_s05,107,162,112.4,-0.3590454161167145,-1.0920796706039932
TOKYOTECH_s05,107,163,112.43333333333334,-0.5459515452384949,-0.9113897352208462
TOKYOTECH_s05,107,164,112.46666666666667,-0.7199638485908508,-0.6331851735821561
TOKYOTECH_s05,107,165,112.5,-0.8723204135894775,-0.28471302072036836
TOKYOTECH_s05,107,166,112.53333333333333,-0.880833089351654,0.09613941971133709
TOKYOTECH_s05,107,167,112.56666666666666,-0.917101263999939,0.4661570066904216
TOKYOTECH_s05,107,168,112.6,-0.9122304916381836,0.7824694553924392
TOKYOTECH_s05,107,169,112.63333333333334,-0.9031567573547363,1.010623892056113
TOKYOTECH_s05,107,170,112.66666666666667,-1.0487191677093506,1.1334936987685917
TOKYOTECH_s05,107,171,112.7,-1.1052628755569458,1.1556332856039102
TOKYOTECH_s05,107,172,112.73333333333333,-1.1874427795410156,1.0990257561024295
TOKYOTECH_s05,107,173,112.76666666666667,-0.33462029695510864,0.9916334499900376
TOKYOTECH_s05,107,174,112.8,1.2908127307891846,0.8551150327174903
TOKYOTECH_s05,107,175,112.83333333333333,2.001616954803467,0.6985781630478888
TOKYOTECH_s05,107,176,112.86666666666666,1.815539002418518,0.5206748117991286
TOKYOTECH_s05,107,177,112.9,1.4058681726455688,0.3167700869386627
TOKYOTECH_s05,107,178,112.93333333333334,1.0512185096740723,0.08582505648032042
TOKYOTECH_s05,107,179,112.96666666666667,0.742854654788971,-0.16636926090687235
TOKYOTECH_s05,107,180,113.0,0.4772503077983856,-0.42727794268504815
TOKYOTECH_s05,107,181,113.03333333333333,0.242304265499115,-0.678651325172691
TOKYOTECH_s05,107,182,113.06666666666666,0.31655025482177734,-0.8973180817221044
TOKYOTECH_s05,107,183,113.1,0.5036700367927551,-1.0569406165150215
TOKYOTECH_s05,107,184,113.13333333333334,0.3950258791446686,-1.1324984767108466
TOKYOTECH_s05,107,185,113.16666666666667,0.1687973588705063,-1.1072153384076935
TOKYOTECH_s05,107,186,113.2,-0.14734019339084625,-0.9786531714935736
TOKYOTECH_s05,107,187,113.23333333333333,-0.447734534740448,-0.7601821468912358
TOKYOTECH_s05,107,188,113.26666666666667,-0.6411587595939636,-0.4774000658829204
TOKYOTECH_s05,107,189,113.3,-0.820148766040802,-0.16274730879352114
TOKYOTECH_s05,107,190,113.33333333333333,-0.9145723581314087,0.14841587062702064
TOKYOTECH_s05,107,191,113.36666666666666,-0.948908269405365,0.4202151413424011
TOKYOTECH_s05,107,192,113.4,-0.9149285554885864,0.6201530841342823
TOKYOTECH_s05,107,193,113.43333333333334,-0.9043945074081421,0.7266616826950386
TOKYOTECH_s05,107,194,113.46666666666667,-0.9018923044204712,0.7375047003197533
TOKYOTECH_s05,107,195,113.5,-0.9797090291976929,0.6726054480017292
TOKYOTECH_s05,107,196,113.53333333333333,-1.1453243494033813,0.5674035427069722
TOKYOTECH_s05,107,197,113.56666666666666,-1.2624634504318237,0.4591731722288514
TOKYOTECH_s05,107,198,113.6,-0.5632174015045166,0.37339397966939
TOKYOTECH_s05,107,199,113.63333333333334,0.9124325513839722,0.3168780530784952
TOKYOTECH_s05,107,200,113.66666666666667,1.7998847961425781,0.27936565462357044
TOKYOTECH_s05,107,201,113.7,1.7757713794708252,0.24022309775564415
TOKYOTECH_s05,107,202,113.73333333333333,1.4023241996765137,0.1758564985452256
TOKYOTECH_s05,107,203,113.76666666666667,1.0058945417404175,0.06604980875331634
TOKYOTECH_s05,107,204,113.8,0.5633482336997986,-0.09971534042521087
TOKYOTECH_s05,107,205,113.83333333333333,0.25383561849594116,-0.31524095968701255
TOKYOTECH_s05,107,206,113.86666666666666,0.08770380169153214,-0.5529327711316968
TOKYOTECH_s05,107,207,113.9,0.21337343752384186,-0.7667417372557599
TOKYOTECH_s05,107,208,113.93333333333334,0.4424959123134613,-0.9046872745535861
TOKYOTECH_s05,107,209,113.96666666666667,0.3278768062591553,-0.92656440660969
TOKYOTECH_s05,107,210,114.0,0.11461328715085983,-0.8183653907572542
TOKYOTECH_s05,107,211,114.03333333333333,-0.17782041430473328,-0.5963129703919776
TOKYOTECH_s05,107,212,114.06666666666666,-0.48836591839790344,-0.29955892456059946
TOKYOTECH_s05,107,213,114.1,-0.7130272388458252,0.023118075886412015
TOKYOTECH_s05,107,214,114.13333333333334,-0.891180157661438,0.325458617556403
TOKYOTECH_s05,107,215,114.16666666666667,-0.9950693249702454,0.5706484336084899
TOKYOTECH_s05,107,216,114.2,-0.9492021203041077,0.7339516402865899
TOKYOTECH_s05,107,217,114.23333333333333,-0.9385879039764404,0.8043333611347321
TOKYOTECH_s05,107,218,114.26666666666667,-0.9391043782234192,0.7860885237333471
TOKYOTECH_s05,107,219,114.3,-0.9314108490943909,0.698176293261134
TOKYOTECH_s05,107,220,114.33333333333333,-1.0842037200927734,0.568941757692259
TOKYOTECH_s05,107,221,114.36666666666666,-0.9003162384033203,0.4272537465677723
TOKYOTECH_s05,107,222,114.4,0.2064279019832611,0.294627029314827
TOKYOTECH_s05,107,223,114.43333333333334,1.447283148765564,0.18262455505787933
TOKYOTECH_s05,107,224,114.46666666666667,1.7682470083236694,0.09502782572426512
TOKYOTECH_s05,107,225,114.5,1.4309256076812744,0.03026653426727465
TOKYOTECH_s05,107,226,114.53333333333333,1.0144339799880981,-0.018832206846801366
TOKYOTECH_s05,107,227,114.56666666666666,0.6765693426132202,-0.06604444687338186
TOKYOTECH_s05,107,228,114.6,0.27946287393569946,-0.12880526495509273
TOKYOTECH_s05,107,229,114.63333333333334,-0.09165126085281372,-0.2193268280572349
TOKYOTECH_s05,107,230,114.66666666666667,-0.004751945845782757,-0.33449857168349834
TOKYOTECH_s05,107,231,114.7,0.27056723833084106,-0.45295145987805274
TOKYOTECH_s05,107,232,114.73333333333333,0.30315783619880676,-0.5433088642553788
TOKYOTECH_s05,107,233,114.76666666666667,0.14875325560569763,-0.5793159821469795
TOKYOTECH_s05,107,234,114.8,-0.10654854029417038,-0.5525201268066803
TOKYOTECH_s05,107,235,114.83333333333333,-0.5056318044662476,-0.474904965496968
TOKYOTECH_s05,107,236,114.86666666666666,-0.7452260255813599,-0.37085798890664823
TOKYOTECH_s05,107,237,114.9,-0.9642418622970581,-0.26440428707528923
TOKYOTECH_s05,107,238,114.93333333333334,-1.1034018993377686,-0.16903806304873686
TOKYOTECH_s05,107,239,114.96666666666667,-1.1702837944030762,-0.08457046047694329
TOKYOTECH_s05,108,0,108.0,-0.7741479277610779,-0.1732080783272187
TOKYOTECH_s05,108,1,108.03333333333333,0.41590699553489685,-1.5181951058453182
TOKYOTECH_s05,108,2,108.06666666666666,1.6050893068313599,-2.671081433719104
TOKYOTECH_s05,108,3,108.1,1.7332967519760132,-3.4916740331924268
TOKYOTECH_s05,108,4,108.13333333333334,1.3830013275146484,-3.9218223558880285
TOKYOTECH_s05,108,5,108.16666666666667,0.9988777041435242,-3.9917686627010993
TOKYOTECH_s05,108,6,108.2,0.5651113390922546,-3.7958863702270933
TOKYOTECH_s05,108,7,108.23333333333333,0.11047268658876419,-3.4501402101583465
TOKYOTECH_s05,108,8,108.26666666666667,-0.15289662778377533,-3.050964275655038
TOKYOTECH_s05,108,9,108.3,-0.006612992845475674,-2.6513442528334044
TOKYOTECH_s05,108,10,108.33333333333333,0.2752065062522888,-2.2593351028263284
TOKYOTECH_s05,108,11,108.36666666666666,0.3561665117740631,-1.8537385312377395
TOKYOTECH_s05,108,12,108.4,0.17805807292461395,-1.406317283711211
TOKYOTECH_s05,108,13,108.43333333333334,-0.13165931403636932,-0.9004798680252613
TOKYOTECH_s05,108,14,108.46666666666667,-0.45063742995262146,-0.340671046707691
TOKYOTECH_s05,108,15,108.5,-0.7092338800430298,0.2479638705103906
TOKYOTECH_s05,108,16,108.53333333333333,-0.8752945065498352,0.826183061936348
TOKYOTECH_s05,108,17,108.56666666666666,-1.003208041191101,1.349315133716665
TOKYOTECH_s05,108,18,108.6,-1.0840256214141846,1.7757717479877333
TOKYOTECH_s05,108,19,108.63333333333334,-1.1011401414871216,2.0748472377229152
TOKYOTECH_s05,108,20,108.66666666666667,-1.1222259998321533,2.2325038751576645
TOKYOTECH_s05,108,21,108.7,-1.1495006084442139,2.25276951053769
TOKYOTECH_s05,108,22,108.73333333333333,-1.1683604717254639,2.153644430399319
TOKYOTECH_s05,108,23,108.76666666666667,-0.9357740879058838,1.9594622064367992
TOKYOTECH_s05,108,24,108.8,0.2761771082878113,1.6939749558651522
TOKYOTECH_s05,108,25,108.83333333333333,1.6938763856887817,1.377738314333757
TOKYOTECH_s05,108,26,108.86666666666666,2.009737968444824,1.0296200886984352
TOKYOTECH_s05,108,27,108.9,1.6383298635482788,0.6688695577889002
TOKYOTECH_s05,108,28,108.93333333333334,1.2792903184890747,0.3143938477149384
TOKYOTECH_s05,108,29,108.96666666666667,0.9734641909599304,-0.018844370263568895
TOKYOTECH_s05,108,30,109.0,0.6020027995109558,-0.32301606107500996
TOKYOTECH_s05,108,31,109.03333333333333,0.23716634511947632,-0.5964740821905837
TOKYOTECH_s05,108,32,109.06666666666666,0.14697235822677612,-0.8382178276133656
TOKYOTECH_s05,108,33,109.1,0.35300537943840027,-1.041357756918708
TOKYOTECH_s05,108,34,109.13333333333334,0.5509175062179565,-1.1903625144758971
TOKYOTECH_s05,108,35,109.16666666666667,0.478719562292099,-1.2644929913360068
TOKYOTECH_s05,108,36,109.2,0.20236743986606598,-1.2456468105662715
TOKYOTECH_s05,108,37,109.23333333333333,-0.1369486153125763,-1.1259138646601639
TOKYOTECH_s05,108,38,109.26666666666667,-0.5186769366264343,-0.9107225629695379
TOKYOTECH_s05,108,39,109.3,-0.8567196726799011,-0.6171569575512321
TOKYOTECH_s05,108,40,109.33333333333333,-0.9712942242622375,-0.2709118260793364
TOKYOTECH_s05,108,41,109.36666666666666,-0.9530043601989746,0.09498078670541485
TOKYOTECH_s05,108,42,109.4,-0.9915164113044739,0.4415533986300947
TOKYOTECH_s05,108,43,109.43333333333334,-0.9958351254463196,0.7298504568251648
TOKYOTECH_s05,108,44,109.46666666666667,-0.934776782989502,0.9309115328053089
TOKYOTECH_s05,108,45,109.5,-0.9571360349655151,1.033305677240792
TOKYOTECH_s05,108,46,109.53333333333333,-1.1634094715118408,1.0425504882327696
TOKYOTECH_s05,108,47,109.56666666666666,-1.0709359645843506,0.9731060815930523
TOKYOTECH_s05,108,48,109.6,0.13101543486118317,0.8393568929111993
TOKYOTECH_s05,108,49,109.63333333333334,1.6560410261154175,0.6521817981458949
TOKYOTECH_s05,108,50,109.66666666666667,2.0584723949432373,0.42201799991365596
TOKYOTECH_s05,108,51,109.7,1.7976497411727905,0.16342107091742183
TOKYOTECH_s05,108,52,109.73333333333333,1.4482003450393677,-0.10435778010960656
TOKYOTECH_s05,108,53,109.76666666666667,1.051877498626709,-0.3617475376743864
TOKYOTECH_s05,108,54,109.8,0.6981717348098755,-0.5940364946979244
TOKYOTECH_s05,108,55,109.83333333333333,0.416610449552536,-0.7921296244279658
TOKYOTECH_s05,108,56,109.86666666666666,0.315731018781662,-0.9479652384417027
TOKYOTECH_s05,108,57,109.9,0.4457817077636719,-1.0491018981961682
TOKYOTECH_s05,108,58,109.93333333333334,0.5782900452613831,-1.0783326263836226
TOKYOTECH_s05,108,59,109.96666666666667,0.4704205393791199,-1.0203147426490047
TOKYOTECH_s05,108,60,110.0,0.19876110553741455,-0.8710766804685169
TOKYOTECH_s05,108,61,110.03333333333333,-0.15565702319145203,-0.6433292554948054
TOKYOTECH_s05,108,62,110.06666666666666,-0.5251772403717041,-0.3638393111946482
TOKYOTECH_s05,108,63,110.1,-0.6897062659263611,-0.06544810554037057
TOKYOTECH_s05,108,64,110.13333333333334,-0.755617618560791,0.2200846792545778
TOKYOTECH_s05,108,65,110.16666666666667,-0.8114134073257446,0.4646620416657671
TOKYOTECH_s05,108,66,110.2,-0.900930643081665,0.6445712914323648
TOKYOTECH_s05,108,67,110.23333333333333,-0.8882594704627991,0.7445357646698533
TOKYOTECH_s05,108,68,110.26666666666667,-0.8552504181861877,0.7645073322783683
TOKYOTECH_s05,108,69,110.3,-0.975087583065033,0.7222928807076265
TOKYOTECH_s05,108,70,110.33333333333333,-1.0009018182754517,0.6468190335096544
TOKYOTECH_s05,108,71,110.36666666666666,-0.9238420128822327,0.564475387630462
TOKYOTECH_s05,108,72,110.4,-0.16660070419311523,0.48710308237197186
TOKYOTECH_s05,108,73,110.43333333333334,1.2780169248580933,0.40958059090445686
TOKYOTECH_s05,108,74,110.46666666666667,1.886605978012085,0.31770204840019917
TOKYOTECH_s05,108,75,110.5,1.6832354068756104,0.1996142304811808
TOKYOTECH_s05,108,76,110.53333333333333,1.3255226612091064,0.05286947056126206
TOKYOTECH_s05,108,77,110.56666666666666,0.9693235754966736,-0.11590305121563767
TOKYOTECH_s05,108,78,110.6,0.562252938747406,-0.295263247300362
TOKYOTECH_s05,108,79,110.63333333333334,0.27431604266166687,-0.4713963937581432
TOKYOTECH_s05,108,80,110.66666666666667,0.22801248729228973,-0.6268031438097574
TOKYOTECH_s05,108,81,110.7,0.3980712294578552,-0.7387676908672405
TOKYOTECH_s05,108,82,110.73333333333333,0.519101619720459,-0.7824104712816394
TOKYOTECH_s05,108,83,110.76666666666667,0.44327062368392944,-0.7392516781283588
TOKYOTECH_s05,108,84,110.8,0.2322065234184265,-0.6064884191585183
TOKYOTECH_s05,108,85,110.83333333333333,-0.07995070517063141,-0.40009903099294947
TOKYOTECH_s05,108,86,110.86666666666666,-0.3954649567604065,-0.14913338892819256
TOKYOTECH_s05,108,87,110.9,-0.6887713074684143,0.11480904959747186
TOKYOTECH_s05,108,88,110.93333333333334,-0.8561230301856995,0.3657824477806118
TOKYOTECH_s05,108,89,110.96666666666667,-0.8692928552627563,0.585066748094148
TOKYOTECH_s05,108,90,111.0,-0.8407983183860779,0.7582141725088793
TOKYOTECH_s05,108,91,111.03333333333333,-0.9100043773651123,0.8731428676399835
TOKYOTECH_s05,108,92,111.06666666666666,-0.9346877336502075,0.9216302799352679
TOKYOTECH_s05,108,93,111.1,-0.9169588088989258,0.9015591247003968
TOKYOTECH_s05,108,94,111.13333333333334,-0.7774871587753296,0.8166219622259863
TOKYOTECH_s05,108,95,111.16666666666667,0.11194193363189697,0.6733762684951223
TOKYOTECH_s05,108,96,111.2,1.3646758794784546,0.4785454028410685
TOKYOTECH_s05,108,97,111.23333333333333,1.8481206893920898,0.23937266832627913
TOKYOTECH_s05,108,98,111.26666666666667,1.6357742547988892,-0.033372805146656685
TOKYOTECH_s05,108,99,111.3,1.2399500608444214,-0.32303648581357014
TOKYOTECH_s05,108,100,111.33333333333333,0.8535557985305786,-0.6081242204244118
TOKYOTECH_s05,108,101,111.36666666666666,0.4731898307800293,-0.8663591840890891
TOKYOTECH_s05,108,102,111.4,0.1804623007774353,-1.078582591671829
TOKYOTECH_s05,108,103,111.43333333333334,0.16463004052639008,-1.2294604283542003
TOKYOTECH_s05,108,104,111.46666666666667,0.38516855239868164,-1.3052079302545443
TOKYOTECH_s05,108,105,111.5,0.4799216687679291,-1.2918977749584977
TOKYOTECH_s05,108,106,111.53333333333333,0.3566206395626068,-1.1780558382065673
TOKYOTECH_s05,108,107,111.56666666666666,0.08781955391168594,-0.961620608158073
TOKYOTECH_s05,108,108,111.6,-0.23832669854164124,-0.6565299004272225
TOKYOTECH_s05,108,109,111.63333333333334,-0.5666011571884155,-0.2930157485431826
TOKYOTECH_s05,108,110,111.66666666666667,-0.7763740420341492,0.08974124115818378
TOKYOTECH_s05,108,111,111.7,-0.9320252537727356,0.4540841196140227
TOKYOTECH_s05,108,112,111.73333333333333,-1.0511411428451538,0.7713247297436067
TOKYOTECH_s05,108,113,111.76666666666667,-1.0547831058502197,1.0232103417492453
TOKYOTECH_s05,108,114,111.8,-0.9661385416984558,1.1993354640395673
TOKYOTECH_s05,108,115,111.83333333333333,-0.9143497943878174,1.2946011950206358
TOKYOTECH_s05,108,116,111.86666666666666,-1.0423167943954468,1.308565976243537
TOKYOTECH_s05,108,117,111.9,-1.1819308996200562,1.2454438535228525
TOKYOTECH_s05,108,118,111.93333333333334,-0.6864739060401917,1.113404442571979
TOKYOTECH_s05,108,119,111.96666666666667,0.806424081325531,0.9235771644636952
TOKYOTECH_s05,108,120,112.0,1.8332322835922241,0.6898525402127283
TOKYOTECH_s05,108,121,112.03333333333333,1.8429471254348755,0.4294453832942392
TOKYOTECH_s05,108,122,112.06666666666666,1.5038090944290161,0.16248071987973534
TOKYOTECH_s05,108,123,112.1,1.1856948137283325,-0.09118751999914612
TOKYOTECH_s05,108,124,112.13333333333334,0.8921836614608765,-0.3172565005924123
TOKYOTECH_s05,108,125,112.16666666666667,0.5529388189315796,-0.5110439241716108
TOKYOTECH_s05,108,126,112.2,0.32786789536476135,-0.6769704475430056
TOKYOTECH_s05,108,127,112.23333333333333,0.37881961464881897,-0.8228026975121862
TOKYOTECH_s05,108,128,112.26666666666667,0.5740514397621155,-0.9516442043001082
TOKYOTECH_s05,108,129,112.3,0.5811394453048706,-1.056498852196519
TOKYOTECH_s05,108,130,112.33333333333333,0.3636285066604614,-1.1207188030898163
TOKYOTECH_s05,108,131,112.36666666666666,-0.002944326028227806,-1.124001344820059
TOKYOTECH_s05,108,132,112.4,-0.3590454161167145,-1.0504031553492423
TOKYOTECH_s05,108,133,112.43333333333334,-0.5459515452384949,-0.8941708731303484
TOKYOTECH_s05,108,134,112.46666666666667,-0.7199638485908508,-0.6613736463412375
TOKYOTECH_s05,108,135,112.5,-0.8723204135894775,-0.36836649649734937
TOKYOTECH_s05,108,136,112.53333333333333,-0.880833089351654,-0.039500563860606144
TOKYOTECH_s05,108,137,112.56666666666666,-0.917101263999939,0.2948059067700581
TOKYOTECH_s05,108,138,112.6,-0.9122304916381836,0.6011639017586159
TOKYOTECH_s05,108,139,112.63333333333334,-0.9031567573547363,0.8493252293373937
TOKYOTECH_s05,108,140,112.66666666666667,-1.0487191677093506,1.0196457179182894
TOKYOTECH_s05,108,141,112.7,-1.1052628755569458,1.1071049738913339
TOKYOTECH_s05,108,142,112.73333333333333,-1.1874427795410156,1.118642689809367
TOKYOTECH_s05,108,143,112.76666666666667,-0.33462029695510864,1.06548934680148
TOKYOTECH_s05,108,144,112.8,1.2908127307891846,0.9561098465928076
TOKYOTECH_s05,108,145,112.83333333333333,2.001616954803467,0.7948368421524132
TOKYOTECH_s05,108,146,112.86666666666666,1.815539002418518,0.5862054676260173
TOKYOTECH_s05,108,147,112.9,1.4058681726455688,0.34011709272250246
TOKYOTECH_s05,108,148,112.93333333333334,1.0512185096740723,0.07282508626870081
TOKYOTECH_s05,108,149,112.96666666666667,0.742854654788971,-0.19704414738606954
TOKYOTECH_s05,108,150,113.0,0.4772503077983856,-0.4534845057726211
TOKYOTECH_s05,108,151,113.03333333333333,0.242304265499115,-0.6843215681409165
TOKYOTECH_s05,108,152,113.06666666666666,0.31655025482177734,-0.8780479823063421
TOKYOTECH_s05,108,153,113.1,0.5036700367927551,-1.0203297186726108
TOKYOTECH_s05,108,154,113.13333333333334,0.3950258791446686,-1.0944522759436959
TOKYOTECH_s05,108,155,113.16666666666667,0.1687973588705063,-1.0862770328487503
TOKYOTECH_s05,108,156,113.2,-0.14734019339084625,-0.9903243316478779
TOKYOTECH_s05,108,157,113.23333333333333,-0.447734534740448,-0.812783777144776
TOKYOTECH_s05,108,158,113.26666666666667,-0.6411587595939636,-0.5702448827245873
TOKYOTECH_s05,108,159,113.3,-0.820148766040802,-0.28634938477145727
TOKYOTECH_s05,108,160,113.33333333333333,-0.9145723581314087,0.011080499304681649
TOKYOTECH_s05,108,161,113.36666666666666,-0.948908269405365,0.292154843940129
TOKYOTECH_s05,108,162,113.4,-0.9149285554885864,0.5281327321688093
TOKYOTECH_s05,108,163,113.43333333333334,-0.9043945074081421,0.6970884538799536
TOKYOTECH_s05,108,164,113.46666666666667,-0.9018923044204712,0.7901135278709852
TOKYOTECH_s05,108,165,113.5,-0.9797090291976929,0.8137466256549069
TOKYOTECH_s05,108,166,113.53333333333333,-1.1453243494033813,0.7859502779954268
TOKYOTECH_s05,108,167,113.56666666666666,-1.2624634504318237,0.7273109004457063
TOKYOTECH_s05,108,168,113.6,-0.5632174015045166,0.6525947948902348
TOKYOTECH_s05,108,169,113.63333333333334,0.9124325513839722,0.5674252372097954
TOKYOTECH_s05,108,170,113.66666666666667,1.7998847961425781,0.4706194299429605
TOKYOTECH_s05,108,171,113.7,1.7757713794708252,0.3585553313254918
TOKYOTECH_s05,108,172,113.73333333333333,1.4023241996765137,0.22765139944741336
TOKYOTECH_s05,108,173,113.76666666666667,1.0058945417404175,0.07437175345778442
TOKYOTECH_s05,108,174,113.8,0.5633482336997986,-0.10416783006263697
TOKYOTECH_s05,108,175,113.83333333333333,0.25383561849594116,-0.3059406774074692
TOKYOTECH_s05,108,176,113.86666666666666,0.08770380169153214,-0.5176014145116661
TOKYOTECH_s05,108,177,113.9,0.21337343752384186,-0.7115831159700041
TOKYOTECH_s05,108,178,113.93333333333334,0.4424959123134613,-0.8511870696833952
TOKYOTECH_s05,108,179,113.96666666666667,0.3278768062591553,-0.9026585427038305
TOKYOTECH_s05,108,180,114.0,0.11461328715085983,-0.8479511161002443
TOKYOTECH_s05,108,181,114.03333333333333,-0.17782041430473328,-0.6911111648819328
TOKYOTECH_s05,108,182,114.06666666666666,-0.48836591839790344,-0.4558609740084526
TOKYOTECH_s05,108,183,114.1,-0.7130272388458252,-0.1776172574553531
TOKYOTECH_s05,108,184,114.13333333333334,-0.891180157661438,0.1049722200261104
TOKYOTECH_s05,108,185,114.16666666666667,-0.9950693249702454,0.35610600783247665
TOKYOTECH_s05,108,186,114.2,-0.9492021203041077,0.5470297265304187
TOKYOTECH_s05,108,187,114.23333333333333,-0.9385879039764404,0.6600194081099869
TOKYOTECH_s05,108,188,114.26666666666667,-0.9391043782234192,0.6916954063528499
TOKYOTECH_s05,108,189,114.3,-0.9314108490943909,0.6529949804665207
TOKYOTECH_s05,108,190,114.33333333333333,-1.0842037200927734,0.5641196390686402
TOKYOTECH_s05,108,191,114.36666666666666,-0.9003162384033203,0.44634924706716095
TOKYOTECH_s05,108,192,114.4,0.2064279019832611,0.31557466563932046
TOKYOTECH_s05,108,193,114.43333333333334,1.447283148765564,0.18140430916334638
TOKYOTECH_s05,108,194,114.46666666666667,1.7682470083236694,0.0506246221095022
TOKYOTECH_s05,108,195,114.5,1.4309256076812744,-0.07018735725581603
TOKYOTECH_s05,108,196,114.53333333333333,1.0144339799880981,-0.1764839316328642
TOKYOTECH_s05,108,197,114.56666666666666,0.6765693426132202,-0.2702548970767647
TOKYOTECH_s05,108,198,114.6,0.27946287393569946,-0.3615865276279256
TOKYOTECH_s05,108,199,114.63333333333334,-0.09165126085281372,-0.46312099092822206
TOKYOTECH_s05,108,200,114.66666666666667,-0.004751945845782757,-0.5796945768779438
TOKYOTECH_s05,108,201,114.7,0.27056723833084106,-0.7005474372525478
TOKYOTECH_s05,108,202,114.73333333333333,0.30315783619880676,-0.7999725516031413
TOKYOTECH_s05,108,203,114.76666666666667,0.14875325560569763,-0.8461162617621112
TOKYOTECH_s05,108,204,114.8,-0.10654854029417038,-0.8123620150920732
TOKYOTECH_s05,108,205,114.83333333333333,-0.5056318044662476,-0.6851370046309743
TOKYOTECH_s05,108,206,114.86666666666666,-0.7452260255813599,-0.46607688781295364
TOKYOTECH_s05,108,207,114.9,-0.9642418622970581,-0.17083895099104843
TOKYOTECH_s05,108,208,114.93333333333334,-1.1034018993377686,0.17263463455126918
TOKYOTECH_s05,108,209,114.96666666666667,-1.1702837944030762,0.5261728082880374
TOKYOTECH_s05,108,210,115.0,-1.1013894081115723,0.8457988584437618
TOKYOTECH_s05,108,211,115.03333333333333,-1.1402666568756104,1.089875301185787
TOKYOTECH_s05,108,212,115.06666666666666,-1.1058417558670044,1.2287835061342196
TOKYOTECH_s05,108,213,115.1,-1.120863676071167,1.2514284414467434
TOKYOTECH_s05,108,214,115.13333333333334,-1.1823939085006714,1.1654780414232715
TOKYOTECH_s05,108,215,115.16666666666667,-1.0289510488510132,0.9921805319087289
TOKYOTECH_s05,108,216,115.2,0.2473798394203186,0.7592206991029334
TOKYOTECH_s05,108,217,115.23333333333333,1.6535121202468872,0.4947923021934316
TOKYOTECH_s05,108,218,115.26666666666667,1.961911678314209,0.22371978460929445
TOKYOTECH_s05,108,219,115.3,1.7332967519760132,-0.03526481898390684
TOKYOTECH_s05,108,220,115.33333333333333,1.4678348302841187,-0.27134473633039474
TOKYOTECH_s05,108,221,115.36666666666666,1.1655704975128174,-0.481298331642298
TOKYOTECH_s05,108,222,115.4,0.7962907552719116,-0.6658362614822227
TOKYOTECH_s05,108,223,115.43333333333334,0.3982582092285156,-0.8235205430432608
TOKYOTECH_s05,108,224,115.46666666666667,0.2826952040195465,-0.9458255568489267
TOKYOTECH_s05,108,225,115.5,0.40886351466178894,-1.017013049974878
TOKYOTECH_s05,108,226,115.53333333333333,0.453127920627594,-1.0189744361500301
TOKYOTECH_s05,108,227,115.56666666666666,0.3227477967739105,-0.9375095804746614
TOKYOTECH_s05,108,228,115.6,0.06976117193698883,-0.7663923742540214
TOKYOTECH_s05,108,229,115.63333333333334,-0.20611900091171265,-0.5085846179791416
TOKYOTECH_s05,108,230,115.66666666666667,-0.5764228105545044,-0.17697118733791126
TOKYOTECH_s05,108,231,115.7,-0.8448053598403931,0.20326373333932415
TOKYOTECH_s05,108,232,115.73333333333333,-0.9729326963424683,0.5922854583228949
TOKYOTECH_s05,108,233,115.76666666666667,-1.097507119178772,0.9376494646731602
TOKYOTECH_s05,108,234,115.8,-1.105129361152649,1.1829562005206924
TOKYOTECH_s05,108,235,115.83333333333333,-1.1135441064834595,1.2808584984081193
TOKYOTECH_s05,108,236,115.86666666666666,-1.073527216911316,1.2056406533892474
TOKYOTECH_s05,108,237,115.9,-1.0940966606140137,0.9609627798744633
TOKYOTECH_s05,108,238,115.93333333333334,-1.1405515670776367,0.5804657886931933
TOKYOTECH_s05,108,239,115.96666666666667,-1.1669179201126099,0.12156489226570405
TOKYOTECH_s05,109,0,109.0,0.6020027995109558,-0.054799804127163065
TOKYOTECH_s05,109,1,109.03333333333333,0.23716634511947632,-1.7552517122252898
TOKYOTECH_s05,109,2,109.06666666666666,0.14697235822677612,-3.2086312539493096
TOKYOTECH_s05,109,3,109.1,0.35300537943840027,-4.226452955053521
TOKYOTECH_s05,109,4,109.13333333333334,0.5509175062179565,-4.715941891059174
TOKYOTECH_s05,109,5,109.16666666666667,0.478719562292099,-4.691710158464443
TOKYOTECH_s05,109,6,109.2,0.20236743986606598,-4.254770683985105
TOKYOTECH_s05,109,7,109.23333333333333,-0.1369486153125763,-3.550722944337329
TOKYOTECH_s05,109,8,109.26666666666667,-0.5186769366264343,-2.7255108640970316
TOKYOTECH_s05,109,9,109.3,-0.8567196726799011,-1.8936286739333115
TOKYOTECH_s05,109,10,109.33333333333333,-0.9712942242622375,-1.126001923395708
TOKYOTECH_s05,109,11,109.36666666666666,-0.9530043601989746,-0.4559071666685407
TOKYOTECH_s05,109,12,109.4,-0.9915164113044739,0.10635460216614827
TOKYOTECH_s05,109,13,109.43333333333334,-0.9958351254463196,0.5607993196755187
TOKYOTECH_s05,109,14,109.46666666666667,-0.934776782989502,0.9116747937285922
TOKYOTECH_s05,109,15,109.5,-0.9571360349655151,1.1652977391565975
TOKYOTECH_s05,109,16,109.53333333333333,-1.1634094715118408,1.3278244541942215
TOKYOTECH_s05,109,17,109.56666666666666,-1.0709359645843506,1.4025451020667774
TOKYOTECH_s05,109,18,109.6,0.13101543486118317,1.389679270602855
TOKYOTECH_s05,109,19,109.63333333333334,1.6560410261154175,1.2909535460247141
TOKYOTECH_s05,109,20,109.66666666666667,2.0584723949432373,1.1165424223377425
TOKYOTECH_s05,109,21,109.7,1.7976497411727905,0.8884018724879369
TOKYOTECH_s05,109,22,109.73333333333333,1.4482003450393677,0.6360871282532712
TOKYOTECH_s05,109,23,109.76666666666667,1.051877498626709,0.38708866699758215
TOKYOTECH_s05,109,24,109.8,0.6981717348098755,0.15850524354894438
TOKYOTECH_s05,109,25,109.83333333333333,0.416610449552536,-0.04361082635773274
TOKYOTECH_s05,109,26,109.86666666666666,0.315731018781662,-0.2169248070603029
TOKYOTECH_s05,109,27,109.9,0.4457817077636719,-0.3537417561689256
TOKYOTECH_s05,109,28,109.93333333333334,0.5782900452613831,-0.4379366232091906
TOKYOTECH_s05,109,29,109.96666666666667,0.4704205393791199,-0.4510603228094267
TOKYOTECH_s05,109,30,110.0,0.19876110553741455,-0.3834179197710705
TOKYOTECH_s05,109,31,110.03333333333333,-0.15565702319145203,-0.24178251727538627
TOKYOTECH_s05,109,32,110.06666666666666,-0.5251772403717041,-0.048267015983554845
TOKYOTECH_s05,109,33,110.1,-0.6897062659263611,0.16790900797221717
TOKYOTECH_s05,109,34,110.13333333333334,-0.755617618560791,0.37856041539929786
TOKYOTECH_s05,109,35,110.16666666666667,-0.8114134073257446,0.5589950435514963
TOKYOTECH_s05,109,36,110.2,-0.900930643081665,0.6870509676947353
TOKYOTECH_s05,109,37,110.23333333333333,-0.8882594704627991,0.745279431939491
TOKYOTECH_s05,109,38,110.26666666666667,-0.8552504181861877,0.7272893270317062
TOKYOTECH_s05,109,39,110.3,-0.975087583065033,0.6420133103636436
TOKYOTECH_s05,109,40,110.33333333333333,-1.0009018182754517,0.5104615412864896
TOKYOTECH_s05,109,41,110.36666666666666,-0.9238420128822327,0.3562526233038553
TOKYOTECH_s05,109,42,110.4,-0.16660070419311523,0.1963653669424286
TOKYOTECH_s05,109,43,110.43333333333334,1.2780169248580933,0.038074253952935316
TOKYOTECH_s05,109,44,110.46666666666667,1.886605978012085,-0.11733985164793162
TOKYOTECH_s05,109,45,110.5,1.6832354068756104,-0.26877268148872463
TOKYOTECH_s05,109,46,110.53333333333333,1.3255226612091064,-0.4125771441694527
TOKYOTECH_s05,109,47,110.56666666666666,0.9693235754966736,-0.5441739580401089
TOKYOTECH_s05,109,48,110.6,0.562252938747406,-0.660487964232708
TOKYOTECH_s05,109,49,110.63333333333334,0.27431604266166687,-0.7587759097649783
TOKYOTECH_s05,109,50,110.66666666666667,0.22801248729228973,-0.8317055234766773
TOKYOTECH_s05,109,51,110.7,0.3980712294578552,-0.863603492799454
TOKYOTECH_s05,109,52,110.73333333333333,0.519101619720459,-0.8332877754779306
TOKYOTECH_s05,109,53,110.76666666666667,0.44327062368392944,-0.7240423834501255
TOKYOTECH_s05,109,54,110.8,0.2322065234184265,-0.534714872951098
TOKYOTECH_s05,109,55,110.83333333333333,-0.07995070517063141,-0.28381095432510695
TOKYOTECH_s05,109,56,110.86666666666666,-0.3954649567604065,-0.003668619391687323
TOKYOTECH_s05,109,57,110.9,-0.6887713074684143,0.270814869243532
TOKYOTECH_s05,109,58,110.93333333333334,-0.8561230301856995,0.5115675637824149
TOKYOTECH_s05,109,59,110.96666666666667,-0.8692928552627563,0.7004710047734589
TOKYOTECH_s05,109,60,111.0,-0.8407983183860779,0.827449998952102
TOKYOTECH_s05,109,61,111.03333333333333,-0.9100043773651123,0.887878309376108
TOKYOTECH_s05,109,62,111.06666666666666,-0.9346877336502075,0.8817988569831287
TOKYOTECH_s05,109,63,111.1,-0.9169588088989258,0.813893198956852
TOKYOTECH_s05,109,64,111.13333333333334,-0.7774871587753296,0.6921967639291192
TOKYOTECH_s05,109,65,111.16666666666667,0.11194193363189697,0.5254811330180517
TOKYOTECH_s05,109,66,111.2,1.3646758794784546,0.3215009246881059
TOKYOTECH_s05,109,67,111.23333333333333,1.8481206893920898,0.08817037312913971
TOKYOTECH_s05,109,68,111.26666666666667,1.6357742547988892,-0.16328293405775143
TOKYOTECH_s05,109,69,111.3,1.2399500608444214,-0.41665506989489476
TOKYOTECH_s05,109,70,111.33333333333333,0.8535557985305786,-0.6529337277845372
TOKYOTECH_s05,109,71,111.36666666666666,0.4731898307800293,-0.8550077666004577
TOKYOTECH_s05,109,72,111.4,0.1804623007774353,-1.0108814631067833
TOKYOTECH_s05,109,73,111.43333333333334,0.16463004052639008,-1.1121575703654873
TOKYOTECH_s05,109,74,111.46666666666667,0.38516855239868164,-1.1488832178739052
TOKYOTECH_s05,109,75,111.5,0.4799216687679291,-1.1060773077498351
TOKYOTECH_s05,109,76,111.53333333333333,0.3566206395626068,-0.9673048732606786
TOKYOTECH_s05,109,77,111.56666666666666,0.08781955391168594,-0.7254465441592549
TOKYOTECH_s05,109,78,111.6,-0.23832669854164124,-0.3935965763798091
TOKYOTECH_s05,109,79,111.63333333333334,-0.5666011571884155,-0.007055759466671716
TOKYOTECH_s05,109,80,111.66666666666667,-0.7763740420341492,0.3859440491049078
TOKYOTECH_s05,109,81,111.7,-0.9320252537727356,0.7386665267115062
TOKYOTECH_s05,109,82,111.73333333333333,-1.0511411428451538,1.0171326366439661
TOKYOTECH_s05,109,83,111.76666666666667,-1.0547831058502197,1.203913769770918
TOKYOTECH_s05,109,84,111.8,-0.9661385416984558,1.2956292473113304
TOKYOTECH_s05,109,85,111.83333333333333,-0.9143497943878174,1.2981267196373436
TOKYOTECH_s05,109,86,111.86666666666666,-1.0423167943954468,1.222224513965247
TOKYOTECH_s05,109,87,111.9,-1.1819308996200562,1.080590048295359
TOKYOTECH_s05,109,88,111.93333333333334,-0.6864739060401917,0.8857276884328186
TOKYOTECH_s05,109,89,111.96666666666667,0.806424081325531,0.6495751215423032
TOKYOTECH_s05,109,90,112.0,1.8332322835922241,0.384995671096559
TOKYOTECH_s05,109,91,112.03333333333333,1.8429471254348755,0.10812278089034201
TOKYOTECH_s05,109,92,112.06666666666666,1.5038090944290161,-0.16088993253751338
TOKYOTECH_s05,109,93,112.1,1.1856948137283325,-0.4008484201171895
TOKYOTECH_s05,109,94,112.13333333333334,0.8921836614608765,-0.595711071695644
TOKYOTECH_s05,109,95,112.16666666666667,0.5529388189315796,-0.7404869495659728
TOKYOTECH_s05,109,96,112.2,0.32786789536476135,-0.8425643726604921
TOKYOTECH_s05,109,97,112.23333333333333,0.37881961464881897,-0.9164432057354622
TOKYOTECH_s05,109,98,112.26666666666667,0.5740514397621155,-0.9739451046200935
TOKYOTECH_s05,109,99,112.3,0.5811394453048706,-1.0153341467748893
TOKYOTECH_s05,109,100,112.33333333333333,0.3636285066604614,-1.0269555809143043
TOKYOTECH_s05,109,101,112.36666666666666,-0.002944326028227806,-0.9872995296722432
TOKYOTECH_s05,109,102,112.4,-0.3590454161167145,-0.8777838615009789
TOKYOTECH_s05,109,103,112.43333333333334,-0.5459515452384949,-0.6915756900901309
TOKYOTECH_s05,109,104,112.46666666666667,-0.7199638485908508,-0.43619947557543537
TOKYOTECH_s05,109,105,112.5,-0.8723204135894775,-0.13078007959021365
TOKYOTECH_s05,109,106,112.53333333333333,-0.880833089351654,0.19812280091955564
TOKYOTECH_s05,109,107,112.56666666666666,-0.917101263999939,0.5193203220351794
TOKYOTECH_s05,109,108,112.6,-0.9122304916381836,0.7996677739330376
TOKYOTECH_s05,109,109,112.63333333333334,-0.9031567573547363,1.0094760640501952
TOKYOTECH_s05,109,110,112.66666666666667,-1.0487191677093506,1.1300231977099104
TOKYOTECH_s05,109,111,112.7,-1.1052628755569458,1.1584590222310156
TOKYOTECH_s05,109,112,112.73333333333333,-1.1874427795410156,1.1061275050831576
TOKYOTECH_s05,109,113,112.76666666666667,-0.33462029695510864,0.9910101372737435
TOKYOTECH_s05,109,114,112.8,1.2908127307891846,0.8293227945598959
TOKYOTECH_s05,109,115,112.83333333333333,2.001616954803467,0.6316952384522654
TOKYOTECH_s05,109,116,112.86666666666666,1.815539002418518,0.4053153510918407
TOKYOTECH_s05,109,117,112.9,1.4058681726455688,0.15863926294865072
TOKYOTECH_s05,109,118,112.93333333333334,1.0512185096740723,-0.09607709458361079
TOKYOTECH_s05,109,119,112.96666666666667,0.742854654788971,-0.34437541962808177
TOKYOTECH_s05,109,120,113.0,0.4772503077983856,-0.5728997817071193
TOKYOTECH_s05,109,121,113.03333333333333,0.242304265499115,-0.7703822028580265
TOKYOTECH_s05,109,122,113.06666666666666,0.31655025482177734,-0.9253832852478103
TOKYOTECH_s05,109,123,113.1,0.5036700367927551,-1.0239886688171176
TOKYOTECH_s05,109,124,113.13333333333334,0.3950258791446686,-1.05125012711725
TOKYOTECH_s05,109,125,113.16666666666667,0.1687973588705063,-0.9968523307140474
TOKYOTECH_s05,109,126,113.2,-0.14734019339084625,-0.8612645035075929
TOKYOTECH_s05,109,127,113.23333333333333,-0.447734534740448,-0.6576009260675477
TOKYOTECH_s05,109,128,113.26666666666667,-0.6411587595939636,-0.4080368071359559
TOKYOTECH_s05,109,129,113.3,-0.820148766040802,-0.13804853662696004
TOKYOTECH_s05,109,130,113.33333333333333,-0.9145723581314087,0.12748365758603059
TOKYOTECH_s05,109,131,113.36666666666666,-0.948908269405365,0.36524431786791167
TOKYOTECH_s05,109,132,113.4,-0.9149285554885864,0.5540691769330539
TOKYOTECH_s05,109,133,113.43333333333334,-0.9043945074081421,0.6781282992259059
TOKYOTECH_s05,109,134,113.46666666666667,-0.9018923044204712,0.7319918300804433
TOKYOTECH_s05,109,135,113.5,-0.9797090291976929,0.7233897741042044
TOKYOTECH_s05,109,136,113.53333333333333,-1.1453243494033813,0.6704431458713648
TOKYOTECH_s05,109,137,113.56666666666666,-1.2624634504318237,0.5942772287814359
TOKYOTECH_s05,109,138,113.6,-0.5632174015045166,0.5112866737924614
TOKYOTECH_s05,109,139,113.63333333333334,0.9124325513839722,0.42919598397286574
TOKYOTECH_s05,109,140,113.66666666666667,1.7998847961425781,0.34760781759887854
TOKYOTECH_s05,109,141,113.7,1.7757713794708252,0.26048412814936184
TOKYOTECH_s05,109,142,113.73333333333333,1.4023241996765137,0.15813239514013253
TOKYOTECH_s05,109,143,113.76666666666667,1.0058945417404175,0.02903086362530445
TOKYOTECH_s05,109,144,113.8,0.5633482336997986,-0.1359319764260681
TOKYOTECH_s05,109,145,113.83333333333333,0.25383561849594116,-0.33558288980490164
TOKYOTECH_s05,109,146,113.86666666666666,0.08770380169153214,-0.5505757765139785
TOKYOTECH_s05,109,147,113.9,0.21337343752384186,-0.7423523748019663
TOKYOTECH_s05,109,148,113.93333333333334,0.4424959123134613,-0.8630242991026511
TOKYOTECH_s05,109,149,113.96666666666667,0.3278768062591553,-0.8731298334006874
TOKYOTECH_s05,109,150,114.0,0.11461328715085983,-0.7581162282334599
TOKYOTECH_s05,109,151,114.03333333333333,-0.17782041430473328,-0.5343452010239458
TOKYOTECH_s05,109,152,114.06666666666666,-0.48836591839790344,-0.24220244492032245
TOKYOTECH_s05,109,153,114.1,-0.7130272388458252,0.06829864245356572
TOKYOTECH_s05,109,154,114.13333333333334,-0.891180157661438,0.3513858145014812
TOKYOTECH_s05,109,155,114.16666666666667,-0.9950693249702454,0.5736363478743735
TOKYOTECH_s05,109,156,114.2,-0.9492021203041077,0.7158998991889332
TOKYOTECH_s05,109,157,114.23333333333333,-0.9385879039764404,0.771852983310399
TOKYOTECH_s05,109,158,114.26666666666667,-0.9391043782234192,0.7459557503470704
TOKYOTECH_s05,109,159,114.3,-0.9314108490943909,0.6515404540225397
TOKYOTECH_s05,109,160,114.33333333333333,-1.0842037200927734,0.5082044849807787
TOKYOTECH_s05,109,161,114.36666666666666,-0.9003162384033203,0.33803212505780816
TOKYOTECH_s05,109,162,114.4,0.2064279019832611,0.16186472631194232
TOKYOTECH_s05,109,163,114.43333333333334,1.447283148765564,-0.002747952332405987
TOKYOTECH_s05,109,164,114.46666666666667,1.7682470083236694,-0.14240423986913953
TOKYOTECH_s05,109,165,114.5,1.4309256076812744,-0.24968996348733913
TOKYOTECH_s05,109,166,114.53333333333333,1.0144339799880981,-0.32654092581535216
TOKYOTECH_s05,109,167,114.56666666666666,0.6765693426132202,-0.38622080238620077
TOKYOTECH_s05,109,168,114.6,0.27946287393569946,-0.4494621029983486
TOKYOTECH_s05,109,169,114.63333333333334,-0.09165126085281372,-0.533432630190256
TOKYOTECH_s05,109,170,114.66666666666667,-0.004751945845782757,-0.6388072728487626
TOKYOTECH_s05,109,171,114.7,0.27056723833084106,-0.7438964455437997
TOKYOTECH_s05,109,172,114.73333333333333,0.30315783619880676,-0.810819505674958
TOKYOTECH_s05,109,173,114.76666666666667,0.14875325560569763,-0.8006328798198714
TOKYOTECH_s05,109,174,114.8,-0.10654854029417038,-0.6888368209942566
TOKYOTECH_s05,109,175,114.83333333333333,-0.5056318044662476,-0.4734275456928205
TOKYOTECH_s05,109,176,114.86666666666666,-0.7452260255813599,-0.1736407781710893
TOKYOTECH_s05,109,177,114.9,-0.9642418622970581,0.17665593523068635
TOKYOTECH_s05,109,178,114.93333333333334,-1.1034018993377686,0.5359781052253296
TOKYOTECH_s05,109,179,114.96666666666667,-1.1702837944030762,0.860678555875631
TOKYOTECH_s05,109,180,115.0,-1.1013894081115723,1.1100352454293738
TOKYOTECH_s05,109,181,115.03333333333333,-1.1402666568756104,1.2525398659580302
TOKYOTECH_s05,109,182,115.06666666666666,-1.1058417558670044,1.2723389014755815
TOKYOTECH_s05,109,183,115.1,-1.120863676071167,1.1725428196898862
TOKYOTECH_s05,109,184,115.13333333333334,-1.1823939085006714,0.9732073344691548
TOKYOTECH_s05,109,185,115.16666666666667,-1.0289510488510132,0.7049123391796867
TOKYOTECH_s05,109,186,115.2,0.2473798394203186,0.4010459633292728
TOKYOTECH_s05,109,187,115.23333333333333,1.6535121202468872,0.09171282666254062
TOKYOTECH_s05,109,188,115.26666666666667,1.961911678314209,-0.19981739898442094
TOKYOTECH_s05,109,189,115.3,1.7332967519760132,-0.4588312007765387
TOKYOTECH_s05,109,190,115.33333333333333,1.4678348302841187,-0.6794724197368127
TOKYOTECH_s05,109,191,115.36666666666666,1.1655704975128174,-0.8628710587307169
TOKYOTECH_s05,109,192,115.4,0.7962907552719116,-1.0123164539870637
TOKYOTECH_s05,109,193,115.43333333333334,0.3982582092285156,-1.1266327309909658
TOKYOTECH_s05,109,194,115.46666666666667,0.2826952040195465,-1.1955912601897605
TOKYOTECH_s05,109,195,115.5,0.40886351466178894,-1.201266071849857
TOKYOTECH_s05,109,196,115.53333333333333,0.453127920627594,-1.1252234014671512
TOKYOTECH_s05,109,197,115.56666666666666,0.3227477967739105,-0.956981391257758
TOKYOTECH_s05,109,198,115.6,0.06976117193698883,-0.6986112216847556
TOKYOTECH_s05,109,199,115.63333333333334,-0.20611900091171265,-0.3639326936202822
TOKYOTECH_s05,109,200,115.66666666666667,-0.5764228105545044,0.02468345503338334
TOKYOTECH_s05,109,201,115.7,-0.8448053598403931,0.4379374038944355
TOKYOTECH_s05,109,202,115.73333333333333,-0.9729326963424683,0.8396410017546649
TOKYOTECH_s05,109,203,115.76666666666667,-1.097507119178772,1.1887853339406806
TOKYOTECH_s05,109,204,115.8,-1.105129361152649,1.445756046053738
TOKYOTECH_s05,109,205,115.83333333333333,-1.1135441064834595,1.5808724148773987
TOKYOTECH_s05,109,206,115.86666666666666,-1.073527216911316,1.5816230824115252
TOKYOTECH_s05,109,207,115.9,-1.0940966606140137,1.4556571646211085
TOKYOTECH_s05,109,208,115.93333333333334,-1.1405515670776367,1.2282107024614461
TOKYOTECH_s05,109,209,115.96666666666667,-1.1669179201126099,0.9348368949236995
TOKYOTECH_s05,109,210,116.0,-0.38105741143226624,0.612558865595344
TOKYOTECH_s05,109,211,116.03333333333333,1.2405734062194824,0.2929189676506703
TOKYOTECH_s05,109,212,116.06666666666666,2.0654001235961914,-0.0018977838323973343
TOKYOTECH_s05,109,213,116.1,1.8859648704528809,-0.26096668025039454
TOKYOTECH_s05,109,214,116.13333333333334,1.486676812171936,-0.48535063163149733
TOKYOTECH_s05,109,215,116.16666666666667,1.1890339851379395,-0.6865837362513262
TOKYOTECH_s05,109,216,116.2,0.8613383173942566,-0.8810979938748403
TOKYOTECH_s05,109,217,116.23333333333333,0.44335076212882996,-1.0808752247593927
TOKYOTECH_s05,109,218,116.26666666666667,0.28540217876434326,-1.2844886304721492
TOKYOTECH_s05,109,219,116.3,0.4393170177936554,-1.4739057234443704
TOKYOTECH_s05,109,220,116.33333333333333,0.56415855884552,-1.6185430337746824
TOKYOTECH_s05,109,221,116.36666666666666,0.512814998626709,-1.6833960962284358
TOKYOTECH_s05,109,222,116.4,0.22491371631622314,-1.637452144841974
TOKYOTECH_s05,109,223,116.43333333333334,-0.06589935719966888,-1.4610195143867692
TOKYOTECH_s05,109,224,116.46666666666667,-0.38057658076286316,-1.152335950721662
TOKYOTECH_s05,109,225,116.5,-0.6232161521911621,-0.7326027184127278
TOKYOTECH_s05,109,226,116.53333333333333,-0.800772488117218,-0.24564903579217587
TOKYOTECH_s05,109,227,116.56666666666666,-0.9057301878929138,0.2511265446946004
TOKYOTECH_s05,109,228,116.6,-0.9392112493515015,0.7018847886187197
TOKYOTECH_s05,109,229,116.63333333333334,-0.9482048153877258,1.0657110378556511
TOKYOTECH_s05,109,230,116.66666666666667,-0.9367446899414062,1.3221741404483704
TOKYOTECH_s05,109,231,116.7,-0.9146614074707031,1.4689128069615291
TOKYOTECH_s05,109,232,116.73333333333333,-1.0832687616348267,1.5151512252496164
TOKYOTECH_s05,109,233,116.76666666666667,-1.0925383567810059,1.4755650762768522
TOKYOTECH_s05,109,234,116.8,-0.2369910180568695,1.366991738911723
TOKYOTECH_s05,109,235,116.83333333333333,1.196068525314331,1.2076120211692336
TOKYOTECH_s05,109,236,116.86666666666666,1.784889578819275,1.016147389827092
TOKYOTECH_s05,109,237,116.9,1.6784803867340088,0.8090574915285469
TOKYOTECH_s05,109,238,116.93333333333334,1.3355580568313599,0.5966287839064508
TOKYOTECH_s05,109,239,116.96666666666667,0.9148812890052795,0.3812224462567985
TOKYOTECH_s05,110,0,110.0,0.19876110553741455,0.05046850744522504
TOKYOTECH_s05,110,1,110.03333333333333,-0.15565702319145203,-1.1152370732079504
TOKYOTECH_s05,110,2,110.06666666666666,-0.5251772403717041,-2.082650213006134
TOKYOTECH_s05,110,3,110.1,-0.6897062659263611,-2.704815028149083
TOKYOTECH_s05,110,4,110.13333333333334,-0.755617618560791,-2.9230109887698053
TOKYOTECH_s05,110,5,110.16666666666667,-0.8114134073257446,-2.77616722521882
TOKYOTECH_s05,110,6,110.2,-0.900930643081665,-2.3776180930385244
TOKYOTECH_s05,110,7,110.23333333333333,-0.8882594704627991,-1.869326499302096
TOKYOTECH_s05,110,8,110.26666666666667,-0.8552504181861877,-1.374359827177568
TOKYOTECH_s05,110,9,110.3,-0.975087583065033,-0.9674308949084267
TOKYOTECH_s05,110,10,110.33333333333333,-1.0009018182754517,-0.6714657830450494
TOKYOTECH_s05,110,11,110.36666666666666,-0.9238420128822327,-0.4738244458146175
TOKYOTECH_s05,110,12,110.4,-0.16660070419311523,-0.3481369527168285
TOKYOTECH_s05,110,13,110.43333333333334,1.2780169248580933,-0.2696694519455705
TOKYOTECH_s05,110,14,110.46666666666667,1.886605978012085,-0.22049742453836613
TOKYOTECH_s05,110,15,110.5,1.6832354068756104,-0.1884715072324838
TOKYOTECH_s05,110,16,110.53333333333333,1.3255226612091064,-0.16557962766006168
TOKYOTECH_s05,110,17,110.56666666666666,0.9693235754966736,-0.14772219330372663
TOKYOTECH_s05,110,18,110.6,0.562252938747406,-0.1337529558709961
TOKYOTECH_s05,110,19,110.63333333333334,0.27431604266166687,-0.12127159920625093
TOKYOTECH_s05,110,20,110.66666666666667,0.22801248729228973,-0.10078144560591022
TOKYOTECH_s05,110,21,110.7,0.3980712294578552,-0.0535886136779733
TOKYOTECH_s05,110,22,110.73333333333333,0.519101619720459,0.0425885432418782
TOKYOTECH_s05,110,23,110.76666666666667,0.44327062368392944,0.20203835049791227
TOKYOTECH_s05,110,24,110.8,0.2322065234184265,0.4206677418662817
TOKYOTECH_s05,110,25,110.83333333333333,-0.07995070517063141,0.6742963572770609
TOKYOTECH_s05,110,26,110.86666666666666,-0.3954649567604065,0.9271852300092841
TOKYOTECH_s05,110,27,110.9,-0.6887713074684143,1.1451726817835743
TOKYOTECH_s05,110,28,110.93333333333334,-0.8561230301856995,1.305331015828695
TOKYOTECH_s05,110,29,110.96666666666667,-0.8692928552627563,1.3976304097731487
TOKYOTECH_s05,110,30,111.0,-0.8407983183860779,1.4205608415872764
TOKYOTECH_s05,110,31,111.03333333333333,-0.9100043773651123,1.3763295278792347
TOKYOTECH_s05,110,32,111.06666666666666,-0.9346877336502075,1.2690659167154894
TOKYOTECH_s05,110,33,111.1,-0.9169588088989258,1.105092956001718
TOKYOTECH_s05,110,34,111.13333333333334,-0.7774871587753296,0.8927405049856626
TOKYOTECH_s05,110,35,111.16666666666667,0.11194193363189697,0.6408167634553147
TOKYOTECH_s05,110,36,111.2,1.3646758794784546,0.3572002917950273
TOKYOTECH_s05,110,37,111.23333333333333,1.8481206893920898,0.049421381292213226
TOKYOTECH_s05,110,38,111.26666666666667,1.6357742547988892,-0.2730485041874203
TOKYOTECH_s05,110,39,111.3,1.2399500608444214,-0.5970786651137221
TOKYOTECH_s05,110,40,111.33333333333333,0.8535557985305786,-0.9063244707419991
TOKYOTECH_s05,110,41,111.36666666666666,0.4731898307800293,-1.183118101558356
TOKYOTECH_s05,110,42,111.4,0.1804623007774353,-1.409721154497269
TOKYOTECH_s05,110,43,111.43333333333334,0.16463004052639008,-1.567788534035022
TOKYOTECH_s05,110,44,111.46666666666667,0.38516855239868164,-1.6374872517502912
TOKYOTECH_s05,110,45,111.5,0.4799216687679291,-1.5993699831356263
TOKYOTECH_s05,110,46,111.53333333333333,0.3566206395626068,-1.4406951064175506
TOKYOTECH_s05,110,47,111.56666666666666,0.08781955391168594,-1.1640453060017142
TOKYOTECH_s05,110,48,111.6,-0.23832669854164124,-0.7926725658385857
TOKYOTECH_s05,110,49,111.63333333333334,-0.5666011571884155,-0.3675877115706778
TOKYOTECH_s05,110,50,111.66666666666667,-0.7763740420341492,0.06321266232903022
TOKYOTECH_s05,110,51,111.7,-0.9320252537727356,0.45741094639262436
TOKYOTECH_s05,110,52,111.73333333333333,-1.0511411428451538,0.786122754119488
TOKYOTECH_s05,110,53,111.76666666666667,-1.0547831058502197,1.0340148815965375
TOKYOTECH_s05,110,54,111.8,-0.9661385416984558,1.1945840293092238
TOKYOTECH_s05,110,55,111.83333333333333,-0.9143497943878174,1.2658285310243
TOKYOTECH_s05,110,56,111.86666666666666,-1.0423167943954468,1.2490858231439708
TOKYOTECH_s05,110,57,111.9,-1.1819308996200562,1.1500573690790095
TOKYOTECH_s05,110,58,111.93333333333334,-0.6864739060401917,0.9800149012585685
TOKYOTECH_s05,110,59,111.96666666666667,0.806424081325531,0.7562318455010377
TOKYOTECH_s05,110,60,112.0,1.8332322835922241,0.5014000952911237
TOKYOTECH_s05,110,61,112.03333333333333,1.8429471254348755,0.2416044731081463
TOKYOTECH_s05,110,62,112.06666666666666,1.5038090944290161,0.002179240750944757
TOKYOTECH_s05,110,63,112.1,1.1856948137283325,-0.19836251058663465
TOKYOTECH_s05,110,64,112.13333333333334,0.8921836614608765,-0.35406043217031485
TOKYOTECH_s05,110,65,112.16666666666667,0.5529388189315796,-0.4732898347861374
TOKYOTECH_s05,110,66,112.2,0.32786789536476135,-0.5742186516898745
TOKYOTECH_s05,110,67,112.23333333333333,0.37881961464881897,-0.6749494596571762
TOKYOTECH_s05,110,68,112.26666666666667,0.5740514397621155,-0.7828368914031446
TOKYOTECH_s05,110,69,112.3,0.5811394453048706,-0.8885891278227306
TOKYOTECH_s05,110,70,112.33333333333333,0.3636285066604614,-0.9683987979577727
TOKYOTECH_s05,110,71,112.36666666666666,-0.002944326028227806,-0.9929912855728114
TOKYOTECH_s05,110,72,112.4,-0.3590454161167145,-0.9388505127222089
TOKYOTECH_s05,110,73,112.43333333333334,-0.5459515452384949,-0.7961355226237955
TOKYOTECH_s05,110,74,112.46666666666667,-0.7199638485908508,-0.570392820120331
TOKYOTECH_s05,110,75,112.5,-0.8723204135894775,-0.27931803066802957
TOKYOTECH_s05,110,76,112.53333333333333,-0.880833089351654,0.05141011018234737
TOKYOTECH_s05,110,77,112.56666666666666,-0.917101263999939,0.3903796255438276
TOKYOTECH_s05,110,78,112.6,-0.9122304916381836,0.7023407770311555
TOKYOTECH_s05,110,79,112.63333333333334,-0.9031567573547363,0.9533220521188689
TOKYOTECH_s05,110,80,112.66666666666667,-1.0487191677093506,1.1187321924737532
TOKYOTECH_s05,110,81,112.7,-1.1052628755569458,1.1895180406911177
TOKYOTECH_s05,110,82,112.73333333333333,-1.1874427795410156,1.171865188014955
TOKYOTECH_s05,110,83,112.76666666666667,-0.33462029695510864,1.0807432650228042
TOKYOTECH_s05,110,84,112.8,1.2908127307891846,0.9322076955587166
TOKYOTECH_s05,110,85,112.83333333333333,2.001616954803467,0.7396991043825212
TOKYOTECH_s05,110,86,112.86666666666666,1.815539002418518,0.5151458667725596
TOKYOTECH_s05,110,87,112.9,1.4058681726455688,0.2712054101159395
TOKYOTECH_s05,110,88,112.93333333333334,1.0512185096740723,0.0210155960067603
TOKYOTECH_s05,110,89,112.96666666666667,0.742854654788971,-0.22457959728753074
TOKYOTECH_s05,110,90,113.0,0.4772503077983856,-0.4590827298951083
TOKYOTECH_s05,110,91,113.03333333333333,0.242304265499115,-0.6785041029213698
TOKYOTECH_s05,110,92,113.06666666666666,0.31655025482177734,-0.8760921661633548
TOKYOTECH_s05,110,93,113.1,0.5036700367927551,-1.03772232097709
TOKYOTECH_s05,110,94,113.13333333333334,0.3950258791446686,-1.142106100124868
TOKYOTECH_s05,110,95,113.16666666666667,0.1687973588705063,-1.1666968180223196
TOKYOTECH_s05,110,96,113.2,-0.14734019339084625,-1.0962229011607183
TOKYOTECH_s05,110,97,113.23333333333333,-0.447734534740448,-0.9291683320547884
TOKYOTECH_s05,110,98,113.26666666666667,-0.6411587595939636,-0.6794063409007941
TOKYOTECH_s05,110,99,113.3,-0.820148766040802,-0.3735103926206041
TOKYOTECH_s05,110,100,113.33333333333333,-0.9145723581314087,-0.04610350300731724
TOKYOTECH_s05,110,101,113.36666666666666,-0.948908269405365,0.2651192398694515
TOKYOTECH_s05,110,102,113.4,-0.9149285554885864,0.5251095896616457
TOKYOTECH_s05,110,103,113.43333333333334,-0.9043945074081421,0.7086160300144093
TOKYOTECH_s05,110,104,113.46666666666667,-0.9018923044204712,0.8067281594739076
TOKYOTECH_s05,110,105,113.5,-0.9797090291976929,0.8286184219843377
TOKYOTECH_s05,110,106,113.53333333333333,-1.1453243494033813,0.7961799787391917
TOKYOTECH_s05,110,107,113.56666666666666,-1.2624634504318237,0.7337318246791943
TOKYOTECH_s05,110,108,113.6,-0.5632174015045166,0.6582079566276652
TOKYOTECH_s05,110,109,113.63333333333334,0.9124325513839722,0.574745276618271
TOKYOTECH_s05,110,110,113.66666666666667,1.7998847961425781,0.4786155594230701
TOKYOTECH_s05,110,111,113.7,1.7757713794708252,0.36053919216139907
TOKYOTECH_s05,110,112,113.73333333333333,1.4023241996765137,0.21181841529131198
TOKYOTECH_s05,110,113,113.76666666666667,1.0058945417404175,0.0280157004724318
TOKYOTECH_s05,110,114,113.8,0.5633482336997986,-0.1876742979510197
TOKYOTECH_s05,110,115,113.83333333333333,0.25383561849594116,-0.420484027342131
TOKYOTECH_s05,110,116,113.86666666666666,0.08770380169153214,-0.6418201584017394
TOKYOTECH_s05,110,117,113.9,0.21337343752384186,-0.8128258565967235
TOKYOTECH_s05,110,118,113.93333333333334,0.4424959123134613,-0.8951124326015
TOKYOTECH_s05,110,119,113.96666666666667,0.3278768062591553,-0.8647206243876381
TOKYOTECH_s05,110,120,114.0,0.11461328715085983,-0.7220922245918426
TOKYOTECH_s05,110,121,114.03333333333333,-0.17782041430473328,-0.49240785721205915
TOKYOTECH_s05,110,122,114.06666666666666,-0.48836591839790344,-0.21644466677225735
TOKYOTECH_s05,110,123,114.1,-0.7130272388458252,0.06244586181604324
TOKYOTECH_s05,110,124,114.13333333333334,-0.891180157661438,0.3087170766930741
TOKYOTECH_s05,110,125,114.16666666666667,-0.9950693249702454,0.4990435780169189
TOKYOTECH_s05,110,126,114.2,-0.9492021203041077,0.6216821085507647
TOKYOTECH_s05,110,127,114.23333333333333,-0.9385879039764404,0.6739727268308671
TOKYOTECH_s05,110,128,114.26666666666667,-0.9391043782234192,0.6603907744762716
TOKYOTECH_s05,110,129,114.3,-0.9314108490943909,0.5913129905355194
TOKYOTECH_s05,110,130,114.33333333333333,-1.0842037200927734,0.4813654446886024
TOKYOTECH_s05,110,131,114.36666666666666,-0.9003162384033203,0.3468813271780629
TOKYOTECH_s05,110,132,114.4,0.2064279019832611,0.2036637401335697
TOKYOTECH_s05,110,133,114.43333333333334,1.447283148765564,0.06630393578198389
TOKYOTECH_s05,110,134,114.46666666666667,1.7682470083236694,-0.05213815522120282
TOKYOTECH_s05,110,135,114.5,1.4309256076812744,-0.14272713003413703
TOKYOTECH_s05,110,136,114.53333333333333,1.0144339799880981,-0.20566227985380406
TOKYOTECH_s05,110,137,114.56666666666666,0.6765693426132202,-0.2538089619537166
TOKYOTECH_s05,110,138,114.6,0.27946287393569946,-0.3096278841230289
TOKYOTECH_s05,110,139,114.63333333333334,-0.09165126085281372,-0.394048594267669
TOKYOTECH_s05,110,140,114.66666666666667,-0.004751945845782757,-0.5125173324674486
TOKYOTECH_s05,110,141,114.7,0.27056723833084106,-0.6471765995486279
TOKYOTECH_s05,110,142,114.73333333333333,0.30315783619880676,-0.760762092994145
TOKYOTECH_s05,110,143,114.76666666666667,0.14875325560569763,-0.8102955134344082
TOKYOTECH_s05,110,144,114.8,-0.10654854029417038,-0.7629667063616863
TOKYOTECH_s05,110,145,114.83333333333333,-0.5056318044662476,-0.6064399902564309
TOKYOTECH_s05,110,146,114.86666666666666,-0.7452260255813599,-0.35077038558139084
TOKYOTECH_s05,110,147,114.9,-0.9642418622970581,-0.02434899224365281
TOKYOTECH_s05,110,148,114.93333333333334,-1.1034018993377686,0.3324544164840009
TOKYOTECH_s05,110,149,114.96666666666667,-1.1702837944030762,0.6740984252150889
TOKYOTECH_s05,110,150,115.0,-1.1013894081115723,0.9569927029677832
TOKYOTECH_s05,110,151,115.03333333333333,-1.1402666568756104,1.146832574338857
TOKYOTECH_s05,110,152,115.06666666666666,-1.1058417558670044,1.2247207912280236
TOKYOTECH_s05,110,153,115.1,-1.120863676071167,1.1897636407624723
TOKYOTECH_s05,110,154,115.13333333333334,-1.1823939085006714,1.0568034439896241
TOKYOTECH_s05,110,155,115.16666666666667,-1.0289510488510132,0.8502013874266016
TOKYOTECH_s05,110,156,115.2,0.2473798394203186,0.5964591677782436
TOKYOTECH_s05,110,157,115.23333333333333,1.6535121202468872,0.31861918891414426
TOKYOTECH_s05,110,158,115.26666666666667,1.961911678314209,0.033734215920276346
TOKYOTECH_s05,110,159,115.3,1.7332967519760132,-0.24708032432001725
TOKYOTECH_s05,110,160,115.33333333333333,1.4678348302841187,-0.516918201698286
TOKYOTECH_s05,110,161,115.36666666666666,1.1655704975128174,-0.7701599404790038
TOKYOTECH_s05,110,162,115.4,0.7962907552719116,-0.9988074714668947
TOKYOTECH_s05,110,163,115.43333333333334,0.3982582092285156,-1.189294250522268
TOKYOTECH_s05,110,164,115.46666666666667,0.2826952040195465,-1.321858826990564
TOKYOTECH_s05,110,165,115.5,0.40886351466178894,-1.3739945928162207
TOKYOTECH_s05,110,166,115.53333333333333,0.453127920627594,-1.3269737745775805
TOKYOTECH_s05,110,167,115.56666666666666,0.3227477967739105,-1.1720543380793536
TOKYOTECH_s05,110,168,115.6,0.06976117193698883,-0.9130988000918336
TOKYOTECH_s05,110,169,115.63333333333334,-0.20611900091171265,-0.5652409664920884
TOKYOTECH_s05,110,170,115.66666666666667,-0.5764228105545044,-0.15268016450102975
TOKYOTECH_s05,110,171,115.7,-0.8448053598403931,0.29149740867514157
TOKYOTECH_s05,110,172,115.73333333333333,-0.9729326963424683,0.7252250182635965
TOKYOTECH_s05,110,173,115.76666666666667,-1.097507119178772,1.1016636994969766
TOKYOTECH_s05,110,174,115.8,-1.105129361152649,1.3785466173180736
TOKYOTECH_s05,110,175,115.83333333333333,-1.1135441064834595,1.5281545147787172
TOKYOTECH_s05,110,176,115.86666666666666,-1.073527216911316,1.5428876270159337
TOKYOTECH_s05,110,177,115.9,-1.0940966606140137,1.4346958335640083
TOKYOTECH_s05,110,178,115.93333333333334,-1.1405515670776367,1.2297352345011188
TOKYOTECH_s05,110,179,115.96666666666667,-1.1669179201126099,0.9610351520598913
TOKYOTECH_s05,110,180,116.0,-0.38105741143226624,0.6618565663388144
TOKYOTECH_s05,110,181,116.03333333333333,1.2405734062194824,0.36109589089489047
TOKYOTECH_s05,110,182,116.06666666666666,2.0654001235961914,0.08034132128566077
TOKYOTECH_s05,110,183,116.1,1.8859648704528809,-0.1684064269104185
TOKYOTECH_s05,110,184,116.13333333333334,1.486676812171936,-0.38412230562862487
TOKYOTECH_s05,110,185,116.16666666666667,1.1890339851379395,-0.5755685971372612
TOKYOTECH_s05,110,186,116.2,0.8613383173942566,-0.7561021439082635
TOKYOTECH_s05,110,187,116.23333333333333,0.44335076212882996,-0.93536015203205
TOKYOTECH_s05,110,188,116.26666666666667,0.28540217876434326,-1.1115356289258627
TOKYOTECH_s05,110,189,116.3,0.4393170177936554,-1.2684150278758393
TOKYOTECH_s05,110,190,116.33333333333333,0.56415855884552,-1.3783509428536238
TOKYOTECH_s05,110,191,116.36666666666666,0.512814998626709,-1.4090259666440013
TOKYOTECH_s05,110,192,116.4,0.22491371631622314,-1.3314249764347428
TOKYOTECH_s05,110,193,116.43333333333334,-0.06589935719966888,-1.127940647677473
TOKYOTECH_s05,110,194,116.46666666666667,-0.38057658076286316,-0.8002146372314731
TOKYOTECH_s05,110,195,116.5,-0.6232161521911621,-0.3745897493450625
TOKYOTECH_s05,110,196,116.53333333333333,-0.800772488117218,0.09955064957855742
TOKYOTECH_s05,110,197,116.56666666666666,-0.9057301878929138,0.5616073412951338
TOKYOTECH_s05,110,198,116.6,-0.9392112493515015,0.9573286420110242
TOKYOTECH_s05,110,199,116.63333333333334,-0.9482048153877258,1.2522512711028992
TOKYOTECH_s05,110,200,116.66666666666667,-0.9367446899414062,1.4345651693273127
TOKYOTECH_s05,110,201,116.7,-0.9146614074707031,1.508858107807879
TOKYOTECH_s05,110,202,116.73333333333333,-1.0832687616348267,1.486915727827793
TOKYOTECH_s05,110,203,116.76666666666667,-1.0925383567810059,1.3813171816964778
TOKYOTECH_s05,110,204,116.8,-0.2369910180568695,1.2040147689281788
TOKYOTECH_s05,110,205,116.83333333333333,1.196068525314331,0.9681760524493297
TOKYOTECH_s05,110,206,116.86666666666666,1.784889578819275,0.6896585094704993
TOKYOTECH_s05,110,207,116.9,1.6784803867340088,0.3856821675095934
TOKYOTECH_s05,110,208,116.93333333333334,1.3355580568313599,0.07160227776365498
TOKYOTECH_s05,110,209,116.96666666666667,0.9148812890052795,-0.2409142399460533
TOKYOTECH_s05,110,210,117.0,0.5185227990150452,-0.5419317637245716
TOKYOTECH_s05,110,211,117.03333333333333,0.13639377057552338,-0.818563203482468
TOKYOTECH_s05,110,212,117.06666666666666,0.14829912781715393,-1.0516644189472393
TOKYOTECH_s05,110,213,117.1,0.355623334646225,-1.2176990380170067
TOKYOTECH_s05,110,214,117.13333333333334,0.5240614414215088,-1.2955119551396501
TOKYOTECH_s05,110,215,117.16666666666667,0.4082401990890503,-1.2738144966786114
TOKYOTECH_s05,110,216,117.2,0.11116723716259003,-1.155144856155183
TOKYOTECH_s05,110,217,117.23333333333333,-0.2207847684621811,-0.9553033705268212
TOKYOTECH_s05,110,218,117.26666666666667,-0.47987100481987,-0.7004539173823702
TOKYOTECH_s05,110,219,117.3,-0.7271854281425476,-0.4239828731820095
TOKYOTECH_s05,110,220,117.33333333333333,-0.9087399244308472,-0.16195175156728353
TOKYOTECH_s05,110,221,117.36666666666666,-0.9163978099822998,0.05504542113265141
TOKYOTECH_s05,110,222,117.4,-0.9053918123245239,0.2114351117068713
TOKYOTECH_s05,110,223,117.43333333333334,-0.9477328658103943,0.31124377768708705
TOKYOTECH_s05,110,224,117.46666666666667,-1.0010175704956055,0.37339622547904194
TOKYOTECH_s05,110,225,117.5,-1.002549171447754,0.4198797722149526
TOKYOTECH_s05,110,226,117.53333333333333,-0.9682756066322327,0.4639800711247608
TOKYOTECH_s05,110,227,117.56666666666666,-0.06308552622795105,0.5055117730031262
TOKYOTECH_s05,110,228,117.6,1.2611340284347534,0.5344873258745126
TOKYOTECH_s05,110,229,117.63333333333334,1.7614350318908691,0.5389026585742513
TOKYOTECH_s05,110,230,117.66666666666667,1.6115984916687012,0.5110289795660486
TOKYOTECH_s05,110,231,117.7,1.3043832778930664,0.4495893165268851
TOKYOTECH_s05,110,232,117.73333333333333,0.9869545698165894,0.3591330187974181
TOKYOTECH_s05,110,233,117.76666666666667,0.6132224798202515,0.24934505357909892
TOKYOTECH_s05,110,234,117.8,0.19352523982524872,0.13495733248463693
TOKYOTECH_s05,110,235,117.83333333333333,0.01550586149096489,0.034407149730000884
TOKYOTECH_s05,110,236,117.86666666666666,0.2532746493816376,-0.03438132059646959
TOKYOTECH_s05,110,237,117.9,0.3767537772655487,-0.060257778369826334
TOKYOTECH_s05,110,238,117.93333333333334,0.25436100363731384,-0.04408631786524722
TOKYOTECH_s05,110,239,117.96666666666667,0.05471251159906387,0.0002870711883391566
TOKYOTECH_s05,111,0,111.0,-0.8407983183860779,-0.07267659751613609
TOKYOTECH_s05,111,1,111.03333333333333,-0.9100043773651123,-1.2776188777812
TOKYOTECH_s05,111,2,111.06666666666666,-0.9346877336502075,-2.2964940542350423
TOKYOTECH_s05,111,3,111.1,-0.9169588088989258,-2.990522620501172
TOKYOTECH_s05,111,4,111.13333333333334,-0.7774871587753296,-3.3015241140194185
TOKYOTECH_s05,111,5,111.16666666666667,0.11194193363189697,-3.2604519341343883
TOKYOTECH_s05,111,6,111.2,1.3646758794784546,-2.966933179308955
TOKYOTECH_s05,111,7,111.23333333333333,1.8481206893920898,-2.5500127890285067
TOKYOTECH_s05,111,8,111.26666666666667,1.6357742547988892,-2.12762084914843
TOKYOTECH_s05,111,9,111.3,1.2399500608444214,-1.779473000102377
TOKYOTECH_s05,111,10,111.33333333333333,0.8535557985305786,-1.5388203417261879
TOKYOTECH_s05,111,11,111.36666666666666,0.4731898307800293,-1.399000025927689
TOKYOTECH_s05,111,12,111.4,0.1804623007774353,-1.3263188815243214
TOKYOTECH_s05,111,13,111.43333333333334,0.16463004052639008,-1.2724186216265547
TOKYOTECH_s05,111,14,111.46666666666667,0.38516855239868164,-1.1842711359044096
TOKYOTECH_s05,111,15,111.5,0.4799216687679291,-1.0139057161650513
TOKYOTECH_s05,111,16,111.53333333333333,0.3566206395626068,-0.7297326493869047
TOKYOTECH_s05,111,17,111.56666666666666,0.08781955391168594,-0.3275219288255102
TOKYOTECH_s05,111,18,111.6,-0.23832669854164124,0.16470863710873723
TOKYOTECH_s05,111,19,111.63333333333334,-0.5666011571884155,0.6929384740901691
TOKYOTECH_s05,111,20,111.66666666666667,-0.7763740420341492,1.1932924510506693
TOKYOTECH_s05,111,21,111.7,-0.9320252537727356,1.61045141645687
TOKYOTECH_s05,111,22,111.73333333333333,-1.0511411428451538,1.9099153485405158
TOKYOTECH_s05,111,23,111.76666666666667,-1.0547831058502197,2.0803905275643397
TOKYOTECH_s05,111,24,111.8,-0.9661385416984558,2.1286188471740535
TOKYOTECH_s05,111,25,111.83333333333333,-0.9143497943878174,2.0719436727917215
TOKYOTECH_s05,111,26,111.86666666666666,-1.0423167943954468,1.9322021126097382
TOKYOTECH_s05,111,27,111.9,-1.1819308996200562,1.7313675790189489
TOKYOTECH_s05,111,28,111.93333333333334,-0.6864739060401917,1.4883921402055955
TOKYOTECH_s05,111,29,111.96666666666667,0.806424081325531,1.217543305597872
TOKYOTECH_s05,111,30,112.0,1.8332322835922241,0.9289704275148325
TOKYOTECH_s05,111,31,112.03333333333333,1.8429471254348755,0.6311620265210588
TOKYOTECH_s05,111,32,112.06666666666666,1.5038090944290161,0.3330968115656975
TOKYOTECH_s05,111,33,112.1,1.1856948137283325,0.043727569819710904
TOKYOTECH_s05,111,34,112.13333333333334,0.8921836614608765,-0.23089420072748862
TOKYOTECH_s05,111,35,112.16666666666667,0.5529388189315796,-0.4898136920823475
TOKYOTECH_s05,111,36,112.2,0.32786789536476135,-0.7358586754951579
TOKYOTECH_s05,111,37,112.23333333333333,0.37881961464881897,-0.9705831870424423
TOKYOTECH_s05,111,38,112.26666666666667,0.5740514397621155,-1.187940140382654
TOKYOTECH_s05,111,39,112.3,0.5811394453048706,-1.370446507566407
TOKYOTECH_s05,111,40,112.33333333333333,0.3636285066604614,-1.4908759693227116
TOKYOTECH_s05,111,41,112.36666666666666,-0.002944326028227806,-1.5198843545882896
TOKYOTECH_s05,111,42,112.4,-0.3590454161167145,-1.4366036892589882
TOKYOTECH_s05,111,43,112.43333333333334,-0.5459515452384949,-1.2373006707973508
TOKYOTECH_s05,111,44,112.46666666666667,-0.7199638485908508,-0.9381864877649112
TOKYOTECH_s05,111,45,112.5,-0.8723204135894775,-0.5717365212248117
TOKYOTECH_s05,111,46,112.53333333333333,-0.880833089351654,-0.17922190008083774
TOKYOTECH_s05,111,47,112.56666666666666,-0.917101263999939,0.19703024961542057
TOKYOTECH_s05,111,48,112.6,-0.9122304916381836,0.520282117847257
TOKYOTECH_s05,111,49,112.63333333333334,-0.9031567573547363,0.7652807791190285
TOKYOTECH_s05,111,50,112.66666666666667,-1.0487191677093506,0.9224675141437839
TOKYOTECH_s05,111,51,112.7,-1.1052628755569458,0.9978799558726399
TOKYOTECH_s05,111,52,112.73333333333333,-1.1874427795410156,1.007392581567802
TOKYOTECH_s05,111,53,112.76666666666667,-0.33462029695510864,0.9675345236190629
TOKYOTECH_s05,111,54,112.8,1.2908127307891846,0.8880082880302996
TOKYOTECH_s05,111,55,112.83333333333333,2.001616954803467,0.7703598506648374
TOKYOTECH_s05,111,56,112.86666666666666,1.815539002418518,0.6127896771367818
TOKYOTECH_s05,111,57,112.9,1.4058681726455688,0.41666840766397756
TOKYOTECH_s05,111,58,112.93333333333334,1.0512185096740723,0.1898183583531526
TOKYOTECH_s05,111,59,112.96666666666667,0.742854654788971,-0.055029537020214535
TOKYOTECH_s05,111,60,113.0,0.4772503077983856,-0.30395237167093303
TOKYOTECH_s05,111,61,113.03333333333333,0.242304265499115,-0.5435996096201934
TOKYOTECH_s05,111,62,113.06666666666666,0.31655025482177734,-0.759553862359919
TOKYOTECH_s05,111,63,113.1,0.5036700367927551,-0.9337006013303503
TOKYOTECH_s05,111,64,113.13333333333334,0.3950258791446686,-1.04430261178133
TOKYOTECH_s05,111,65,113.16666666666667,0.1687973588705063,-1.0704331573640207
TOKYOTECH_s05,111,66,113.2,-0.14734019339084625,-0.9989136721916573
TOKYOTECH_s05,111,67,113.23333333333333,-0.447734534740448,-0.8299467477498682
TOKYOTECH_s05,111,68,113.26666666666667,-0.6411587595939636,-0.5788661035538053
TOKYOTECH_s05,111,69,113.3,-0.820148766040802,-0.27410692213308346
TOKYOTECH_s05,111,70,113.33333333333333,-0.9145723581314087,0.04702792783672546
TOKYOTECH_s05,111,71,113.36666666666666,-0.948908269405365,0.3437814981960056
TOKYOTECH_s05,111,72,113.4,-0.9149285554885864,0.5788914668441063
TOKYOTECH_s05,111,73,113.43333333333334,-0.9043945074081421,0.7271195099761653
TOKYOTECH_s05,111,74,113.46666666666667,-0.9018923044204712,0.7826438669253395
TOKYOTECH_s05,111,75,113.5,-0.9797090291976929,0.7606909746305167
TOKYOTECH_s05,111,76,113.53333333333333,-1.1453243494033813,0.6908967484130124
TOKYOTECH_s05,111,77,113.56666666666666,-1.2624634504318237,0.6048004897180526
TOKYOTECH_s05,111,78,113.6,-0.5632174015045166,0.5238429928750238
TOKYOTECH_s05,111,79,113.63333333333334,0.9124325513839722,0.453912049192619
TOKYOTECH_s05,111,80,113.66666666666667,1.7998847961425781,0.3876260254890376
TOKYOTECH_s05,111,81,113.7,1.7757713794708252,0.3106218396055005
TOKYOTECH_s05,111,82,113.73333333333333,1.4023241996765137,0.20744465346548374
TOKYOTECH_s05,111,83,113.76666666666667,1.0058945417404175,0.06570056567025195
TOKYOTECH_s05,111,84,113.8,0.5633482336997986,-0.11967282736969459
TOKYOTECH_s05,111,85,113.83333333333333,0.25383561849594116,-0.3405272858824139
TOKYOTECH_s05,111,86,113.86666666666666,0.08770380169153214,-0.5707204342442405
TOKYOTECH_s05,111,87,113.9,0.21337343752384186,-0.7679549370217037
TOKYOTECH_s05,111,88,113.93333333333334,0.4424959123134613,-0.884824957452873
TOKYOTECH_s05,111,89,113.96666666666667,0.3278768062591553,-0.8853746834847174
TOKYOTECH_s05,111,90,114.0,0.11461328715085983,-0.7591841103868241
TOKYOTECH_s05,111,91,114.03333333333333,-0.17782041430473328,-0.5258215352610405
TOKYOTECH_s05,111,92,114.06666666666666,-0.48836591839790344,-0.22798504562649052
TOKYOTECH_s05,111,93,114.1,-0.7130272388458252,0.08228028080933113
TOKYOTECH_s05,111,94,114.13333333333334,-0.891180157661438,0.35741377249008716
TOKYOTECH_s05,111,95,114.16666666666667,-0.9950693249702454,0.5631513894394362
TOKYOTECH_s05,111,96,114.2,-0.9492021203041077,0.6813183514001547
TOKYOTECH_s05,111,97,114.23333333333333,-0.9385879039764404,0.7087958275410534
TOKYOTECH_s05,111,98,114.26666666666667,-0.9391043782234192,0.6551753850559435
TOKYOTECH_s05,111,99,114.3,-0.9314108490943909,0.5399022277203249
TOKYOTECH_s05,111,100,114.33333333333333,-1.0842037200927734,0.38823725702210377
TOKYOTECH_s05,111,101,114.36666666666666,-0.9003162384033203,0.22589702864264033
TOKYOTECH_s05,111,102,114.4,0.2064279019832611,0.07432191245665772
TOKYOTECH_s05,111,103,114.43333333333334,1.447283148765564,-0.05118206210224524
TOKYOTECH_s05,111,104,114.46666666666667,1.7682470083236694,-0.14127173278832625
TOKYOTECH_s05,111,105,114.5,1.4309256076812744,-0.19355574369626352
TOKYOTECH_s05,111,106,114.53333333333333,1.0144339799880981,-0.21572237834945213
TOKYOTECH_s05,111,107,114.56666666666666,0.6765693426132202,-0.22745981693139905
TOKYOTECH_s05,111,108,114.6,0.27946287393569946,-0.256232626139268
TOKYOTECH_s05,111,109,114.63333333333334,-0.09165126085281372,-0.3254704733819971
TOKYOTECH_s05,111,110,114.66666666666667,-0.004751945845782757,-0.44041085737746816
TOKYOTECH_s05,111,111,114.7,0.27056723833084106,-0.5805613439881528
TOKYOTECH_s05,111,112,114.73333333333333,0.30315783619880676,-0.7042612668551805
TOKYOTECH_s05,111,113,114.76666666666667,0.14875325560569763,-0.7632842821480809
TOKYOTECH_s05,111,114,114.8,-0.10654854029417038,-0.7198953557694426
TOKYOTECH_s05,111,115,114.83333333333333,-0.5056318044662476,-0.5586355114938125
TOKYOTECH_s05,111,116,114.86666666666666,-0.7452260255813599,-0.2897003866384253
TOKYOTECH_s05,111,117,114.9,-0.9642418622970581,0.05438020360410669
TOKYOTECH_s05,111,118,114.93333333333334,-1.1034018993377686,0.42576281451935294
TOKYOTECH_s05,111,119,114.96666666666667,-1.1702837944030762,0.770270698056118
TOKYOTECH_s05,111,120,115.0,-1.1013894081115723,1.0375292441095132
TOKYOTECH_s05,111,121,115.03333333333333,-1.1402666568756104,1.190958097620105
TOKYOTECH_s05,111,122,115.06666666666666,-1.1058417558670044,1.2150968786603744
TOKYOTECH_s05,111,123,115.1,-1.120863676071167,1.117512853534295
TOKYOTECH_s05,111,124,115.13333333333334,-1.1823939085006714,0.9243667650424112
TOKYOTECH_s05,111,125,115.16666666666667,-1.0289510488510132,0.6715333531955027
TOKYOTECH_s05,111,126,115.2,0.2473798394203186,0.39500557463200714
TOKYOTECH_s05,111,127,115.23333333333333,1.6535121202468872,0.12384632278435705
TOKYOTECH_s05,111,128,115.26666666666667,1.961911678314209,-0.12341658750212399
TOKYOTECH_s05,111,129,115.3,1.7332967519760132,-0.3398422495776327
TOKYOTECH_s05,111,130,115.33333333333333,1.4678348302841187,-0.5289715145324002
TOKYOTECH_s05,111,131,115.36666666666666,1.1655704975128174,-0.7007918420461607
TOKYOTECH_s05,111,132,115.4,0.7962907552719116,-0.864491407957542
TOKYOTECH_s05,111,133,115.43333333333334,0.3982582092285156,-1.020057938309174
TOKYOTECH_s05,111,134,115.46666666666667,0.2826952040195465,-1.1531091099484805
TOKYOTECH_s05,111,135,115.5,0.40886351466178894,-1.2367976330962391
TOKYOTECH_s05,111,136,115.53333333333333,0.453127920627594,-1.2404168563995503
TOKYOTECH_s05,111,137,115.56666666666666,0.3227477967739105,-1.1400272174758375
TOKYOTECH_s05,111,138,115.6,0.06976117193698883,-0.9259188495901869
TOKYOTECH_s05,111,139,115.63333333333334,-0.20611900091171265,-0.6049790296369355
TOKYOTECH_s05,111,140,115.66666666666667,-0.5764228105545044,-0.19996390597439845
TOKYOTECH_s05,111,141,115.7,-0.8448053598403931,0.2517469228586039
TOKYOTECH_s05,111,142,115.73333333333333,-0.9729326963424683,0.7008266202799338
TOKYOTECH_s05,111,143,115.76666666666667,-1.097507119178772,1.0931397528916202
TOKYOTECH_s05,111,144,115.8,-1.105129361152649,1.3810713560430259
TOKYOTECH_s05,111,145,115.83333333333333,-1.1135441064834595,1.534367019155176
TOKYOTECH_s05,111,146,115.86666666666666,-1.073527216911316,1.5457533572029019
TOKYOTECH_s05,111,147,115.9,-1.0940966606140137,1.4297969143550031
TOKYOTECH_s05,111,148,115.93333333333334,-1.1405515670776367,1.2163310681675212
TOKYOTECH_s05,111,149,115.96666666666667,-1.1669179201126099,0.9414092616135156
TOKYOTECH_s05,111,150,116.0,-0.38105741143226624,0.6393136138407105
TOKYOTECH_s05,111,151,116.03333333333333,1.2405734062194824,0.3379797720243137
TOKYOTECH_s05,111,152,116.06666666666666,2.0654001235961914,0.057470096755996805
TOKYOTECH_s05,111,153,116.1,1.8859648704528809,-0.19065837933117774
TOKYOTECH_s05,111,154,116.13333333333334,1.486676812171936,-0.4042205213478305
TOKYOTECH_s05,111,155,116.16666666666667,1.1890339851379395,-0.5902912802820076
TOKYOTECH_s05,111,156,116.2,0.8613383173942566,-0.7619312413355277
TOKYOTECH_s05,111,157,116.23333333333333,0.44335076212882996,-0.9311942392258724
TOKYOTECH_s05,111,158,116.26666666666667,0.28540217876434326,-1.1010434544501866
TOKYOTECH_s05,111,159,116.3,0.4393170177936554,-1.2603249032635153
TOKYOTECH_s05,111,160,116.33333333333333,0.56415855884552,-1.3839824740576077
TOKYOTECH_s05,111,161,116.36666666666666,0.512814998626709,-1.4378013611218212
TOKYOTECH_s05,111,162,116.4,0.22491371631622314,-1.3861491041475846
TOKYOTECH_s05,111,163,116.43333333333334,-0.06589935719966888,-1.2018536874886485
TOKYOTECH_s05,111,164,116.46666666666667,-0.38057658076286316,-0.8772369960455083
TOKYOTECH_s05,111,165,116.5,-0.6232161521911621,-0.43309227702355363
TOKYOTECH_s05,111,166,116.53333333333333,-0.800772488117218,0.08034311341395914
TOKYOTECH_s05,111,167,116.56666666666666,-0.9057301878929138,0.5944756738676228
TOKYOTECH_s05,111,168,116.6,-0.9392112493515015,1.0415568851848507
TOKYOTECH_s05,111,169,116.63333333333334,-0.9482048153877258,1.371871823457714
TOKYOTECH_s05,111,170,116.66666666666667,-0.9367446899414062,1.561408153309155
TOKYOTECH_s05,111,171,116.7,-0.9146614074707031,1.6098419723375477
TOKYOTECH_s05,111,172,116.73333333333333,-1.0832687616348267,1.5333682187510822
TOKYOTECH_s05,111,173,116.76666666666667,-1.0925383567810059,1.3572256303979715
TOKYOTECH_s05,111,174,116.8,-0.2369910180568695,1.110560896871871
TOKYOTECH_s05,111,175,116.83333333333333,1.196068525314331,0.8234234852132735
TOKYOTECH_s05,111,176,116.86666666666666,1.784889578819275,0.5238830103831679
TOKYOTECH_s05,111,177,116.9,1.6784803867340088,0.23399539407117875
TOKYOTECH_s05,111,178,116.93333333333334,1.3355580568313599,-0.03382611247855556
TOKYOTECH_s05,111,179,116.96666666666667,0.9148812890052795,-0.2768604830348906
TOKYOTECH_s05,111,180,117.0,0.5185227990150452,-0.4973654688132863
TOKYOTECH_s05,111,181,117.03333333333333,0.13639377057552338,-0.6955791668751412
TOKYOTECH_s05,111,182,117.06666666666666,0.14829912781715393,-0.8648010028971282
TOKYOTECH_s05,111,183,117.1,0.355623334646225,-0.9915264177654708
TOKYOTECH_s05,111,184,117.13333333333334,0.5240614414215088,-1.0599863848450741
TOKYOTECH_s05,111,185,117.16666666666667,0.4082401990890503,-1.0577838424659123
TOKYOTECH_s05,111,186,117.2,0.11116723716259003,-0.9798655695056929
TOKYOTECH_s05,111,187,117.23333333333333,-0.2207847684621811,-0.8304005018508246
TOKYOTECH_s05,111,188,117.26666666666667,-0.47987100481987,-0.6235145152411469
TOKYOTECH_s05,111,189,117.3,-0.7271854281425476,-0.3830413469733343
TOKYOTECH_s05,111,190,117.33333333333333,-0.9087399244308472,-0.13958533802318723
TOKYOTECH_s05,111,191,117.36666666666666,-0.9163978099822998,0.07654857071285208
TOKYOTECH_s05,111,192,117.4,-0.9053918123245239,0.24437646894952397
TOKYOTECH_s05,111,193,117.43333333333334,-0.9477328658103943,0.35799526345454263
TOKYOTECH_s05,111,194,117.46666666666667,-1.0010175704956055,0.4253702306356988
TOKYOTECH_s05,111,195,117.5,-1.002549171447754,0.46112171433500776
TOKYOTECH_s05,111,196,117.53333333333333,-0.9682756066322327,0.4781403518685161
TOKYOTECH_s05,111,197,117.56666666666666,-0.06308552622795105,0.4829572015164166
TOKYOTECH_s05,111,198,117.6,1.2611340284347534,0.47608255166765895
TOKYOTECH_s05,111,199,117.63333333333334,1.7614350318908691,0.4545471006350894
TOKYOTECH_s05,111,200,117.66666666666667,1.6115984916687012,0.41320572229714836
TOKYOTECH_s05,111,201,117.7,1.3043832778930664,0.34406173973344467
TOKYOTECH_s05,111,202,117.73333333333333,0.9869545698165894,0.23625908407969834
TOKYOTECH_s05,111,203,117.76666666666667,0.6132224798202515,0.07990509881840663
TOKYOTECH_s05,111,204,117.8,0.19352523982524872,-0.12657607491068604
TOKYOTECH_s05,111,205,117.83333333333333,0.01550586149096489,-0.36959276686653075
TOKYOTECH_s05,111,206,117.86666666666666,0.2532746493816376,-0.6182429142357196
TOKYOTECH_s05,111,207,117.9,0.3767537772655487,-0.8284683911982385
TOKYOTECH_s05,111,208,117.93333333333334,0.25436100363731384,-0.9524128094722704
TOKYOTECH_s05,111,209,117.96666666666667,0.05471251159906387,-0.9504236776946214
TOKYOTECH_s05,111,210,118.0,-0.1509198248386383,-0.8027649497202551
TOKYOTECH_s05,111,211,118.03333333333333,-0.567990243434906,-0.5179233238336518
TOKYOTECH_s05,111,212,118.06666666666666,-0.840522289276123,-0.13415135206603732
TOKYOTECH_s05,111,213,118.1,-0.9421229958534241,0.2879684379296871
TOKYOTECH_s05,111,214,118.13333333333334,-0.994383692741394,0.6807815551228882
TOKYOTECH_s05,111,215,118.16666666666667,-0.9853188991546631,0.9877436613250958
TOKYOTECH_s05,111,216,118.2,-1.0498322248458862,1.1779473159769929
TOKYOTECH_s05,111,217,118.23333333333333,-0.9617218971252441,1.2513693889488808
TOKYOTECH_s05,111,218,118.26666666666667,-0.9977585077285767,1.2324041314064813
TOKYOTECH_s05,111,219,118.3,-1.1173908710479736,1.1543709227365901
TOKYOTECH_s05,111,220,118.33333333333333,-0.8239242434501648,1.042933484828428
TOKYOTECH_s05,111,221,118.36666666666666,0.4267438054084778,0.907387007696087
TOKYOTECH_s05,111,222,118.4,1.6322659254074097,0.7434244413157267
TOKYOTECH_s05,111,223,118.43333333333334,1.887772560119629,0.5434158182149365
TOKYOTECH_s05,111,224,118.46666666666667,1.661935806274414,0.30627039808935314
TOKYOTECH_s05,111,225,118.5,1.369484305381775,0.040942133723179175
TOKYOTECH_s05,111,226,118.53333333333333,1.0804966688156128,-0.23638545050592666
TOKYOTECH_s05,111,227,118.56666666666666,0.719159722328186,-0.5068906040163904
TOKYOTECH_s05,111,228,118.6,0.36833900213241577,-0.7517006060588612
TOKYOTECH_s05,111,229,118.63333333333334,0.22214441001415253,-0.9524817389332231
TOKYOTECH_s05,111,230,118.66666666666667,0.33945268392562866,-1.0924780444055593
TOKYOTECH_s05,111,231,118.7,0.47204115986824036,-1.15977242911573
TOKYOTECH_s05,111,232,118.73333333333333,0.3601290285587311,-1.1517314983977769
TOKYOTECH_s05,111,233,118.76666666666667,-0.01252560131251812,-1.0773612743116177
TOKYOTECH_s05,111,234,118.8,-0.3657238185405731,-0.9549055110793054
TOKYOTECH_s05,111,235,118.83333333333333,-0.6163151264190674,-0.8052405420477723
TOKYOTECH_s05,111,236,118.86666666666666,-0.8509405851364136,-0.6450420487899006
TOKYOTECH_s05,111,237,118.9,-1.0612388849258423,-0.48387191712916494
TOKYOTECH_s05,111,238,118.93333333333334,-1.0556023120880127,-0.32550588308832684
TOKYOTECH_s05,111,239,118.96666666666667,-1.0389776229858398,-0.17058952752254314
TOKYOTECH_s05,112,0,112.0,1.8332322835922241,-0.12613693026710177
TOKYOTECH_s05,112,1,112.03333333333333,1.8429471254348755,-1.5234322501894655
TOKYOTECH_s05,112,2,112.06666666666666,1.5038090944290161,-2.709273080432615
TOKYOTECH_s05,112,3,112.1,1.1856948137283325,-3.5270742173593588
TOKYOTECH_s05,112,4,112.13333333333334,0.8921836614608765,-3.9099470923159667
TOKYOTECH_s05,112,5,112.16666666666667,0.5529388189315796,-3.8903816795822435
TOKYOTECH_s05,112,6,112.2,0.32786789536476135,-3.5772885291800347
TOKYOTECH_s05,112,7,112.23333333333333,0.37881961464881897,-3.111192618557101
TOKYOTECH_s05,112,8,112.26666666666667,0.5740514397621155,-2.617239556591142
TOKYOTECH_s05,112,9,112.3,0.5811394453048706,-2.173687306651458
TOKYOTECH_s05,112,10,112.33333333333333,0.3636285066604614,-1.8038641288110364
TOKYOTECH_s05,112,11,112.36666666666666,-0.002944326028227806,-1.4884095057567686
TOKYOTECH_s05,112,12,112.4,-0.3590454161167145,-1.187657402813106
TOKYOTECH_s05,112,13,112.43333333333334,-0.5459515452384949,-0.8632439110256616
TOKYOTECH_s05,112,14,112.46666666666667,-0.7199638485908508,-0.4920843247086729
TOKYOTECH_s05,112,15,112.5,-0.8723204135894775,-0.07158094280602993
TOKYOTECH_s05,112,16,112.53333333333333,-0.880833089351654,0.38113301420421974
TOKYOTECH_s05,112,17,112.56666666666666,-0.917101263999939,0.8330685323838839
TOKYOTECH_s05,112,18,112.6,-0.9122304916381836,1.2423433325483693
TOKYOTECH_s05,112,19,112.63333333333334,-0.9031567573547363,1.5690140203530483
TOKYOTECH_s05,112,20,112.66666666666667,-1.0487191677093506,1.7868655661804889
TOKYOTECH_s05,112,21,112.7,-1.1052628755569458,1.8899837373229067
TOKYOTECH_s05,112,22,112.73333333333333,-1.1874427795410156,1.8902761640357828
TOKYOTECH_s05,112,23,112.76666666666667,-0.33462029695510864,1.8080467399830318
TOKYOTECH_s05,112,24,112.8,1.2908127307891846,1.662034786911431
TOKYOTECH_s05,112,25,112.83333333333333,2.001616954803467,1.4648123279488234
TOKYOTECH_s05,112,26,112.86666666666666,1.815539002418518,1.2245679754982355
TOKYOTECH_s05,112,27,112.9,1.4058681726455688,0.9494552251519452
TOKYOTECH_s05,112,28,112.93333333333334,1.0512185096740723,0.6499274063570447
TOKYOTECH_s05,112,29,112.96666666666667,0.742854654788971,0.3376122114686258
TOKYOTECH_s05,112,30,113.0,0.4772503077983856,0.023151309976112023
TOKYOTECH_s05,112,31,113.03333333333333,0.242304265499115,-0.28354460148945904
TOKYOTECH_s05,112,32,113.06666666666666,0.31655025482177734,-0.5700969018144518
TOKYOTECH_s05,112,33,113.1,0.5036700367927551,-0.8185452909635643
TOKYOTECH_s05,112,34,113.13333333333334,0.3950258791446686,-1.0058162743406744
TOKYOTECH_s05,112,35,113.16666666666667,0.1687973588705063,-1.1086600626825398
TOKYOTECH_s05,112,36,113.2,-0.14734019339084625,-1.1106967435716142
TOKYOTECH_s05,112,37,113.23333333333333,-0.447734534740448,-1.0079533977878525
TOKYOTECH_s05,112,38,113.26666666666667,-0.6411587595939636,-0.8109058040835858
TOKYOTECH_s05,112,39,113.3,-0.820148766040802,-0.5435527121601694
TOKYOTECH_s05,112,40,113.33333333333333,-0.9145723581314087,-0.24090681895289145
TOKYOTECH_s05,112,41,113.36666666666666,-0.948908269405365,0.05502448100179555
TOKYOTECH_s05,112,42,113.4,-0.9149285554885864,0.3024077666736489
TOKYOTECH_s05,112,43,113.43333333333334,-0.9043945074081421,0.4703459998227092
TOKYOTECH_s05,112,44,113.46666666666667,-0.9018923044204712,0.5490388078517136
TOKYOTECH_s05,112,45,113.5,-0.9797090291976929,0.5524405980011067
TOKYOTECH_s05,112,46,113.53333333333333,-1.1453243494033813,0.5102131931585223
TOKYOTECH_s05,112,47,113.56666666666666,-1.2624634504318237,0.45284579399199665
TOKYOTECH_s05,112,48,113.6,-0.5632174015045166,0.39829911371838117
TOKYOTECH_s05,112,49,113.63333333333334,0.9124325513839722,0.34723896006571997
TOKYOTECH_s05,112,50,113.66666666666667,1.7998847961425781,0.28782374378533543
TOKYOTECH_s05,112,51,113.7,1.7757713794708252,0.20501303107031052
TOKYOTECH_s05,112,52,113.73333333333333,1.4023241996765137,0.08806631007217397
TOKYOTECH_s05,112,53,113.76666666666667,1.0058945417404175,-0.06651848482113082
TOKYOTECH_s05,112,54,113.8,0.5633482336997986,-0.25443292609041634
TOKYOTECH_s05,112,55,113.83333333333333,0.25383561849594116,-0.46190868710146993
TOKYOTECH_s05,112,56,113.86666666666666,0.08770380169153214,-0.6635664191001003
TOKYOTECH_s05,112,57,113.9,0.21337343752384186,-0.8241511720796408
TOKYOTECH_s05,112,58,113.93333333333334,0.4424959123134613,-0.9068200577258295
TOKYOTECH_s05,112,59,113.96666666666667,0.3278768062591553,-0.8853554330168171
TOKYOTECH_s05,112,60,114.0,0.11461328715085983,-0.7540068757976522
TOKYOTECH_s05,112,61,114.03333333333333,-0.17782041430473328,-0.5296380325361889
TOKYOTECH_s05,112,62,114.06666666666666,-0.48836591839790344,-0.2458279150816701
TOKYOTECH_s05,112,63,114.1,-0.7130272388458252,0.05681171375524141
TOKYOTECH_s05,112,64,114.13333333333334,-0.891180157661438,0.33932775968459744
TOKYOTECH_s05,112,65,114.16666666666667,-0.9950693249702454,0.5699995216272555
TOKYOTECH_s05,112,66,114.2,-0.9492021203041077,0.7273616725114916
TOKYOTECH_s05,112,67,114.23333333333333,-0.9385879039764404,0.8019841103805485
TOKYOTECH_s05,112,68,114.26666666666667,-0.9391043782234192,0.7970841643737983
TOKYOTECH_s05,112,69,114.3,-0.9314108490943909,0.7268109023968378
TOKYOTECH_s05,112,70,114.33333333333333,-1.0842037200927734,0.6116156233972715
TOKYOTECH_s05,112,71,114.36666666666666,-0.9003162384033203,0.4721027881312848
TOKYOTECH_s05,112,72,114.4,0.2064279019832611,0.32430419292589435
TOKYOTECH_s05,112,73,114.43333333333334,1.447283148765564,0.17856292868405324
TOKYOTECH_s05,112,74,114.46666666666667,1.7682470083236694,0.04116880954889518
TOKYOTECH_s05,112,75,114.5,1.4309256076812744,-0.08436535515079037
TOKYOTECH_s05,112,76,114.53333333333333,1.0144339799880981,-0.19831042997309703
TOKYOTECH_s05,112,77,114.56666666666666,0.6765693426132202,-0.3064501388075828
TOKYOTECH_s05,112,78,114.6,0.27946287393569946,-0.4185658426740851
TOKYOTECH_s05,112,79,114.63333333333334,-0.09165126085281372,-0.5414958509688508
TOKYOTECH_s05,112,80,114.66666666666667,-0.004751945845782757,-0.670159600358477
TOKYOTECH_s05,112,81,114.7,0.27056723833084106,-0.7835224019042103
TOKYOTECH_s05,112,82,114.73333333333333,0.30315783619880676,-0.8495755908671585
TOKYOTECH_s05,112,83,114.76666666666667,0.14875325560569763,-0.8369738378379951
TOKYOTECH_s05,112,84,114.8,-0.10654854029417038,-0.7267496304418732
TOKYOTECH_s05,112,85,114.83333333333333,-0.5056318044662476,-0.5182861033123635
TOKYOTECH_s05,112,86,114.86666666666666,-0.7452260255813599,-0.22839479947767224
TOKYOTECH_s05,112,87,114.9,-0.9642418622970581,0.11339608511556437
TOKYOTECH_s05,112,88,114.93333333333334,-1.1034018993377686,0.4698458883859689
TOKYOTECH_s05,112,89,114.96666666666667,-1.1702837944030762,0.8002217142016294
TOKYOTECH_s05,112,90,115.0,-1.1013894081115723,1.0648008645877687
TOKYOTECH_s05,112,91,115.03333333333333,-1.1402666568756104,1.2307144928627138
TOKYOTECH_s05,112,92,115.06666666666666,-1.1058417558670044,1.2782301165156518
TOKYOTECH_s05,112,93,115.1,-1.120863676071167,1.2048943737656366
TOKYOTECH_s05,112,94,115.13333333333334,-1.1823939085006714,1.0254746008901117
TOKYOTECH_s05,112,95,115.16666666666667,-1.0289510488510132,0.7676910438766245
TOKYOTECH_s05,112,96,115.2,0.2473798394203186,0.4655197586335521
TOKYOTECH_s05,112,97,115.23333333333333,1.6535121202468872,0.15228491120589152
TOKYOTECH_s05,112,98,115.26666666666667,1.961911678314209,-0.14503311141834127
TOKYOTECH_s05,112,99,115.3,1.7332967519760132,-0.40955199801825865
TOKYOTECH_s05,112,100,115.33333333333333,1.4678348302841187,-0.635378931394043
TOKYOTECH_s05,112,101,115.36666666666666,1.1655704975128174,-0.8247150349236019
TOKYOTECH_s05,112,102,115.4,0.7962907552719116,-0.9816605421236393
TOKYOTECH_s05,112,103,115.43333333333334,0.3982582092285156,-1.1054140073700902
TOKYOTECH_s05,112,104,115.46666666666667,0.2826952040195465,-1.186789869862713
TOKYOTECH_s05,112,105,115.5,0.40886351466178894,-1.2105171756701263
TOKYOTECH_s05,112,106,115.53333333333333,0.453127920627594,-1.1618462680435988
TOKYOTECH_s05,112,107,115.56666666666666,0.3227477967739105,-1.0328885370554406
TOKYOTECH_s05,112,108,115.6,0.06976117193698883,-0.8248417620907803
TOKYOTECH_s05,112,109,115.63333333333334,-0.20611900091171265,-0.5461601953455599
TOKYOTECH_s05,112,110,115.66666666666667,-0.5764228105545044,-0.21047600517720771
TOKYOTECH_s05,112,111,115.7,-0.8448053598403931,0.16232343307940136
TOKYOTECH_s05,112,112,115.73333333333333,-0.9729326963424683,0.543392435792008
TOKYOTECH_s05,112,113,115.76666666666667,-1.097507119178772,0.8955788897520116
TOKYOTECH_s05,112,114,115.8,-1.105129361152649,1.179700846751059
TOKYOTECH_s05,112,115,115.83333333333333,-1.1135441064834595,1.3636920083950295
TOKYOTECH_s05,112,116,115.86666666666666,-1.073527216911316,1.4301552210410151
TOKYOTECH_s05,112,117,115.9,-1.0940966606140137,1.3794635769023662
TOKYOTECH_s05,112,118,115.93333333333334,-1.1405515670776367,1.2278613911478102
TOKYOTECH_s05,112,119,115.96666666666667,-1.1669179201126099,1.001946858807067
TOKYOTECH_s05,112,120,116.0,-0.38105741143226624,0.7320985518733543
TOKYOTECH_s05,112,121,116.03333333333333,1.2405734062194824,0.4470833540855561
TOKYOTECH_s05,112,122,116.06666666666666,2.0654001235961914,0.17035279459931355
TOKYOTECH_s05,112,123,116.1,1.8859648704528809,-0.08268965234971933
TOKYOTECH_s05,112,124,116.13333333333334,1.486676812171936,-0.30649050389133126
TOKYOTECH_s05,112,125,116.16666666666667,1.1890339851379395,-0.504905233897517
TOKYOTECH_s05,112,126,116.2,0.8613383173942566,-0.6871930355437831
TOKYOTECH_s05,112,127,116.23333333333333,0.44335076212882996,-0.8610903775502442
TOKYOTECH_s05,112,128,116.26666666666667,0.28540217876434326,-1.0262375217635353
TOKYOTECH_s05,112,129,116.3,0.4393170177936554,-1.1715580566179615
TOKYOTECH_s05,112,130,116.33333333333333,0.56415855884552,-1.2771190552949923
TOKYOTECH_s05,112,131,116.36666666666666,0.512814998626709,-1.3181171059219194
TOKYOTECH_s05,112,132,116.4,0.22491371631622314,-1.269260259906605
TOKYOTECH_s05,112,133,116.43333333333334,-0.06589935719966888,-1.1101678552684613
TOKYOTECH_s05,112,134,116.46666666666667,-0.38057658076286316,-0.8329019441947955
TOKYOTECH_s05,112,135,116.5,-0.6232161521911621,-0.45004269780416095
TOKYOTECH_s05,112,136,116.53333333333333,-0.800772488117218,0.0020270269087730945
TOKYOTECH_s05,112,137,116.56666666666666,-0.9057301878929138,0.46941506588897486
TOKYOTECH_s05,112,138,116.6,-0.9392112493515015,0.8946906941418511
TOKYOTECH_s05,112,139,116.63333333333334,-0.9482048153877258,1.230758150545006
TOKYOTECH_s05,112,140,116.66666666666667,-0.9367446899414062,1.4483090655580997
TOKYOTECH_s05,112,141,116.7,-0.9146614074707031,1.536273478475415
TOKYOTECH_s05,112,142,116.73333333333333,-1.0832687616348267,1.4985385042337702
TOKYOTECH_s05,112,143,116.76666666666667,-1.0925383567810059,1.3504039969079709
TOKYOTECH_s05,112,144,116.8,-0.2369910180568695,1.1161543905411855
TOKYOTECH_s05,112,145,116.83333333333333,1.196068525314331,0.826637646318924
TOKYOTECH_s05,112,146,116.86666666666666,1.784889578819275,0.5147047764240348
TOKYOTECH_s05,112,147,116.9,1.6784803867340088,0.2080757502445864
TOKYOTECH_s05,112,148,116.93333333333334,1.3355580568313599,-0.07722993803678785
TOKYOTECH_s05,112,149,116.96666666666667,0.9148812890052795,-0.33817568958527056
TOKYOTECH_s05,112,150,117.0,0.5185227990150452,-0.5789443746260401
TOKYOTECH_s05,112,151,117.03333333333333,0.13639377057552338,-0.8013661081603376
TOKYOTECH_s05,112,152,117.06666666666666,0.14829912781715393,-0.9975209181873419
TOKYOTECH_s05,112,153,117.1,0.355623334646225,-1.1489765191451762
TOKYOTECH_s05,112,154,117.13333333333334,0.5240614414215088,-1.2324742893981069
TOKYOTECH_s05,112,155,117.16666666666667,0.4082401990890503,-1.2281147731398425
TOKYOTECH_s05,112,156,117.2,0.11116723716259003,-1.126170868646113
TOKYOTECH_s05,112,157,117.23333333333333,-0.2207847684621811,-0.9310193928525459
TOKYOTECH_s05,112,158,117.26666666666667,-0.47987100481987,-0.662262331976012
TOKYOTECH_s05,112,159,117.3,-0.7271854281425476,-0.35286622232880943
TOKYOTECH_s05,112,160,117.33333333333333,-0.9087399244308472,-0.04324825086034864
TOKYOTECH_s05,112,161,117.36666666666666,-0.9163978099822998,0.22874562258098963
TOKYOTECH_s05,112,162,117.4,-0.9053918123245239,0.4384848545740519
TOKYOTECH_s05,112,163,117.43333333333334,-0.9477328658103943,0.5801630528929195
TOKYOTECH_s05,112,164,117.46666666666667,-1.0010175704956055,0.6642438482894759
TOKYOTECH_s05,112,165,117.5,-1.002549171447754,0.7087064748680871
TOKYOTECH_s05,112,166,117.53333333333333,-0.9682756066322327,0.7294470918374422
TOKYOTECH_s05,112,167,117.56666666666666,-0.06308552622795105,0.7347248763335514
TOKYOTECH_s05,112,168,117.6,1.2611340284347534,0.7248818963356116
TOKYOTECH_s05,112,169,117.63333333333334,1.7614350318908691,0.6948724640605001
TOKYOTECH_s05,112,170,117.66666666666667,1.6115984916687012,0.6363751767987217
TOKYOTECH_s05,112,171,117.7,1.3043832778930664,0.5386235840498802
TOKYOTECH_s05,112,172,117.73333333333333,0.9869545698165894,0.39023246143189905
TOKYOTECH_s05,112,173,117.76666666666667,0.6132224798202515,0.1845670105090152
TOKYOTECH_s05,112,174,117.8,0.19352523982524872,-0.0725504383256692
TOKYOTECH_s05,112,175,117.83333333333333,0.01550586149096489,-0.35765292440502294
TOKYOTECH_s05,112,176,117.86666666666666,0.2532746493816376,-0.6311682539909715
TOKYOTECH_s05,112,177,117.9,0.3767537772655487,-0.8459296777250738
TOKYOTECH_s05,112,178,117.93333333333334,0.25436100363731384,-0.9591584568540574
TOKYOTECH_s05,112,179,117.96666666666667,0.05471251159906387,-0.9433491827996104
TOKYOTECH_s05,112,180,118.0,-0.1509198248386383,-0.7932250412114412
TOKYOTECH_s05,112,181,118.03333333333333,-0.567990243434906,-0.5279773729866797
TOKYOTECH_s05,112,182,118.06666666666666,-0.840522289276123,-0.18839432529923744
TOKYOTECH_s05,112,183,118.1,-0.9421229958534241,0.17139459513264943
TOKYOTECH_s05,112,184,118.13333333333334,-0.994383692741394,0.4962136872295885
TOKYOTECH_s05,112,185,118.16666666666667,-0.9853188991546631,0.7427325433337157
TOKYOTECH_s05,112,186,118.2,-1.0498322248458862,0.8887469098224198
TOKYOTECH_s05,112,187,118.23333333333333,-0.9617218971252441,0.9354745380066134
TOKYOTECH_s05,112,188,118.26666666666667,-0.9977585077285767,0.9015777881340057
TOKYOTECH_s05,112,189,118.3,-1.1173908710479736,0.8111058131374856
TOKYOTECH_s05,112,190,118.33333333333333,-0.8239242434501648,0.6813801109017723
TOKYOTECH_s05,112,191,118.36666666666666,0.4267438054084778,0.5176050874509691
TOKYOTECH_s05,112,192,118.4,1.6322659254074097,0.316740698299698
TOKYOTECH_s05,112,193,118.43333333333334,1.887772560119629,0.07691643274431345
TOKYOTECH_s05,112,194,118.46666666666667,1.661935806274414,-0.1948173685278608
TOKYOTECH_s05,112,195,118.5,1.369484305381775,-0.48158104186225426
TOKYOTECH_s05,112,196,118.53333333333333,1.0804966688156128,-0.7615985261066706
TOKYOTECH_s05,112,197,118.56666666666666,0.719159722328186,-1.0135247041275797
TOKYOTECH_s05,112,198,118.6,0.36833900213241577,-1.2182643447695223
TOKYOTECH_s05,112,199,118.63333333333334,0.22214441001415253,-1.3580286224904978
TOKYOTECH_s05,112,200,118.66666666666667,0.33945268392562866,-1.416001373582841
TOKYOTECH_s05,112,201,118.7,0.47204115986824036,-1.378968801690798
TOKYOTECH_s05,112,202,118.73333333333333,0.3601290285587311,-1.2420678142905421
TOKYOTECH_s05,112,203,118.76666666666667,-0.01252560131251812,-1.0123158363433338
TOKYOTECH_s05,112,204,118.8,-0.3657238185405731,-0.7080141718847539
TOKYOTECH_s05,112,205,118.83333333333333,-0.6163151264190674,-0.35419793812302935
TOKYOTECH_s05,112,206,118.86666666666666,-0.8509405851364136,0.022422043177202075
TOKYOTECH_s05,112,207,118.9,-1.0612388849258423,0.39559771325355697
TOKYOTECH_s05,112,208,118.93333333333334,-1.0556023120880127,0.7393055862471745
TOKYOTECH_s05,112,209,118.96666666666667,-1.0389776229858398,1.0287423382046812
TOKYOTECH_s05,112,210,119.0,-1.021382212638855,1.2442822540734626
TOKYOTECH_s05,112,211,119.03333333333333,-1.0572763681411743,1.3760495055475388
TOKYOTECH_s05,112,212,119.06666666666666,-1.157372236251831,1.425284280419139
TOKYOTECH_s05,112,213,119.1,-1.1735962629318237,1.401025889610851
TOKYOTECH_s05,112,214,119.13333333333334,-0.9801453351974487,1.3146312975642296
TOKYOTECH_s05,112,215,119.16666666666667,0.2816622853279114,1.1763196633379558
TOKYOTECH_s05,112,216,119.2,1.6739124059677124,0.9953673841378669
TOKYOTECH_s05,112,217,119.23333333333333,1.975900650024414,0.7819441565587947
TOKYOTECH_s05,112,218,119.26666666666667,1.6670559644699097,0.5477632977036797
TOKYOTECH_s05,112,219,119.3,1.2423275709152222,0.30468599066378615
TOKYOTECH_s05,112,220,119.33333333333333,0.8361029028892517,0.06279235646913632
TOKYOTECH_s05,112,221,119.36666666666666,0.46874648332595825,-0.16999133315069645
TOKYOTECH_s05,112,222,119.4,0.23380933701992035,-0.38632203020244577
TOKYOTECH_s05,112,223,119.43333333333334,0.2690712809562683,-0.577450899768804
TOKYOTECH_s05,112,224,119.46666666666667,0.42499852180480957,-0.7324443004883218
TOKYOTECH_s05,112,225,119.5,0.47377753257751465,-0.839116737201672
TOKYOTECH_s05,112,226,119.53333333333333,0.38066285848617554,-0.8863167347425353
TOKYOTECH_s05,112,227,119.56666666666666,0.050091058015823364,-0.8669878945892006
TOKYOTECH_s05,112,228,119.6,-0.3473181426525116,-0.7814630168586205
TOKYOTECH_s05,112,229,119.63333333333334,-0.5609022378921509,-0.6402764733207221
TOKYOTECH_s05,112,230,119.66666666666667,-0.7989915609359741,-0.4652575288258423
TOKYOTECH_s05,112,231,119.7,-0.8921685814857483,-0.28721866029402787
TOKYOTECH_s05,112,232,119.73333333333333,-0.9273414611816406,-0.138998078512157
TOKYOTECH_s05,112,233,119.76666666666667,-0.9637432098388672,-0.04477896395059308
TOKYOTECH_s05,112,234,119.8,-0.9524611830711365,-0.009972871628584117
TOKYOTECH_s05,112,235,119.83333333333333,-1.0151491165161133,-0.01784786947156652
TOKYOTECH_s05,112,236,119.86666666666666,-1.1084685325622559,-0.03697214003089029
TOKYOTECH_s05,112,237,119.9,-1.0825029611587524,-0.03743838782357693
TOKYOTECH_s05,112,238,119.93333333333334,-0.17335033416748047,-0.007065594121986112
TOKYOTECH_s05,112,239,119.96666666666667,1.1167559623718262,0.042547216991045335
TOKYOTECH_s05,113,0,113.0,0.4772503077983856,-0.028639286883818418
TOKYOTECH_s05,113,1,113.03333333333333,0.242304265499115,-1.6856733421481578
TOKYOTECH_s05,113,2,113.06666666666666,0.31655025482177734,-3.098467619602594
TOKYOTECH_s05,113,3,113.1,0.5036700367927551,-4.078125429422678
TOKYOTECH_s05,113,4,113.13333333333334,0.3950258791446686,-4.53013479918267
TOKYOTECH_s05,113,5,113.16666666666667,0.1687973588705063,-4.467680276407267
TOKYOTECH_s05,113,6,113.2,-0.14734019339084625,-3.9929679321990874
TOKYOTECH_s05,113,7,113.23333333333333,-0.447734534740448,-3.2567169836769727
TOKYOTECH_s05,113,8,113.26666666666667,-0.6411587595939636,-2.413580816741672
TOKYOTECH_s05,113,9,113.3,-0.820148766040802,-1.5887711300609004
TOKYOTECH_s05,113,10,113.33333333333333,-0.9145723581314087,-0.8630775078606064
TOKYOTECH_s05,113,11,113.36666666666666,-0.948908269405365,-0.2745723785678037
TOKYOTECH_s05,113,12,113.4,-0.9149285554885864,0.17056768733440977
TOKYOTECH_s05,113,13,113.43333333333334,-0.9043945074081421,0.48611785926526774
TOKYOTECH_s05,113,14,113.46666666666667,-0.9018923044204712,0.6965020318268537
TOKYOTECH_s05,113,15,113.5,-0.9797090291976929,0.8295707244781607
TOKYOTECH_s05,113,16,113.53333333333333,-1.1453243494033813,0.9102436449631256
TOKYOTECH_s05,113,17,113.56666666666666,-1.2624634504318237,0.9556522973406754
TOKYOTECH_s05,113,18,113.6,-0.5632174015045166,0.9735638970993218
TOKYOTECH_s05,113,19,113.63333333333334,0.9124325513839722,0.9647390494259971
TOKYOTECH_s05,113,20,113.66666666666667,1.7998847961425781,0.9272262665056257
TOKYOTECH_s05,113,21,113.7,1.7757713794708252,0.8591954639300905
TOKYOTECH_s05,113,22,113.73333333333333,1.4023241996765137,0.7587092777932278
TOKYOTECH_s05,113,23,113.76666666666667,1.0058945417404175,0.6224174176733132
TOKYOTECH_s05,113,24,113.8,0.5633482336997986,0.447264532200772
TOKYOTECH_s05,113,25,113.83333333333333,0.25383561849594116,0.23708206017225175
TOKYOTECH_s05,113,26,113.86666666666666,0.08770380169153214,0.010141336269116103
TOKYOTECH_s05,113,27,113.9,0.21337343752384186,-0.1995468624871569
TOKYOTECH_s05,113,28,113.93333333333334,0.4424959123134613,-0.35072481902504
TOKYOTECH_s05,113,29,113.96666666666667,0.3278768062591553,-0.40955924666908283
TOKYOTECH_s05,113,30,114.0,0.11461328715085983,-0.36253376765832535
TOKYOTECH_s05,113,31,114.03333333333333,-0.17782041430473328,-0.22086252716177093
TOKYOTECH_s05,113,32,114.06666666666666,-0.48836591839790344,-0.015282456329557437
TOKYOTECH_s05,113,33,114.1,-0.7130272388458252,0.21451491625592922
TOKYOTECH_s05,113,34,114.13333333333334,-0.891180157661438,0.43012194632691575
TOKYOTECH_s05,113,35,114.16666666666667,-0.9950693249702454,0.6009057940185786
TOKYOTECH_s05,113,36,114.2,-0.9492021203041077,0.7066438649054777
TOKYOTECH_s05,113,37,114.23333333333333,-0.9385879039764404,0.7380487806643533
TOKYOTECH_s05,113,38,114.26666666666667,-0.9391043782234192,0.6964348980605487
TOKYOTECH_s05,113,39,114.3,-0.9314108490943909,0.5923893769068319
TOKYOTECH_s05,113,40,114.33333333333333,-1.0842037200927734,0.44294175470810776
TOKYOTECH_s05,113,41,114.36666666666666,-0.9003162384033203,0.26773619948293725
TOKYOTECH_s05,113,42,114.4,0.2064279019832611,0.08593591432861193
TOKYOTECH_s05,113,43,114.43333333333334,1.447283148765564,-0.08496124107863474
TOKYOTECH_s05,113,44,114.46666666666667,1.7682470083236694,-0.22979545662977519
TOKYOTECH_s05,113,45,114.5,1.4309256076812744,-0.3385912359964752
TOKYOTECH_s05,113,46,114.53333333333333,1.0144339799880981,-0.41170186597290326
TOKYOTECH_s05,113,47,114.56666666666666,0.6765693426132202,-0.4632571788609865
TOKYOTECH_s05,113,48,114.6,0.27946287393569946,-0.5175364707666215
TOKYOTECH_s05,113,49,114.63333333333334,-0.09165126085281372,-0.5968083878430168
TOKYOTECH_s05,113,50,114.66666666666667,-0.004751945845782757,-0.7065871179098071
TOKYOTECH_s05,113,51,114.7,0.27056723833084106,-0.8280508623002356
TOKYOTECH_s05,113,52,114.73333333333333,0.30315783619880676,-0.9228731023175437
TOKYOTECH_s05,113,53,114.76666666666667,0.14875325560569763,-0.947484645569179
TOKYOTECH_s05,113,54,114.8,-0.10654854029417038,-0.8689974695909133
TOKYOTECH_s05,113,55,114.83333333333333,-0.5056318044662476,-0.6758975169956886
TOKYOTECH_s05,113,56,114.86666666666666,-0.7452260255813599,-0.3810593569880176
TOKYOTECH_s05,113,57,114.9,-0.9642418622970581,-0.018565704804860913
TOKYOTECH_s05,113,58,114.93333333333334,-1.1034018993377686,0.3634079658359737
TOKYOTECH_s05,113,59,114.96666666666667,-1.1702837944030762,0.7122357680108234
TOKYOTECH_s05,113,60,115.0,-1.1013894081115723,0.9815571289067287
TOKYOTECH_s05,113,61,115.03333333333333,-1.1402666568756104,1.1406475110725067
TOKYOTECH_s05,113,62,115.06666666666666,-1.1058417558670044,1.1795449451053441
TOKYOTECH_s05,113,63,115.1,-1.120863676071167,1.108113345327451
TOKYOTECH_s05,113,64,115.13333333333334,-1.1823939085006714,0.9497806111486424
TOKYOTECH_s05,113,65,115.16666666666667,-1.0289510488510132,0.7330831734650388
TOKYOTECH_s05,113,66,115.2,0.2473798394203186,0.4846591812857947
TOKYOTECH_s05,113,67,115.23333333333333,1.6535121202468872,0.22569932589819033
TOKYOTECH_s05,113,68,115.26666666666667,1.961911678314209,-0.02868349786350395
TOKYOTECH_s05,113,69,115.3,1.7332967519760132,-0.2689686170166588
TOKYOTECH_s05,113,70,115.33333333333333,1.4678348302841187,-0.4903719365680793
TOKYOTECH_s05,113,71,115.36666666666666,1.1655704975128174,-0.690758995993454
TOKYOTECH_s05,113,72,115.4,0.7962907552719116,-0.8665761355591157
TOKYOTECH_s05,113,73,115.43333333333334,0.3982582092285156,-1.0081259492939079
TOKYOTECH_s05,113,74,115.46666666666667,0.2826952040195465,-1.0977533113478348
TOKYOTECH_s05,113,75,115.5,0.40886351466178894,-1.113907777401246
TOKYOTECH_s05,113,76,115.53333333333333,0.453127920627594,-1.0397967296344144
TOKYOTECH_s05,113,77,115.56666666666666,0.3227477967739105,-0.8713653659245507
TOKYOTECH_s05,113,78,115.6,0.06976117193698883,-0.6197183320596383
TOKYOTECH_s05,113,79,115.63333333333334,-0.20611900091171265,-0.3073828582546526
TOKYOTECH_s05,113,80,115.66666666666667,-0.5764228105545044,0.037643582872520634
TOKYOTECH_s05,113,81,115.7,-0.8448053598403931,0.385556105958844
TOKYOTECH_s05,113,82,115.73333333333333,-0.9729326963424683,0.7058088666326134
TOKYOTECH_s05,113,83,115.76666666666667,-1.097507119178772,0.9689102866311459
TOKYOTECH_s05,113,84,115.8,-1.105129361152649,1.1508176796174545
TOKYOTECH_s05,113,85,115.83333333333333,-1.1135441064834595,1.2380859046169175
TOKYOTECH_s05,113,86,115.86666666666666,-1.073527216911316,1.2306364376889745
TOKYOTECH_s05,113,87,115.9,-1.0940966606140137,1.1404769812268356
TOKYOTECH_s05,113,88,115.93333333333334,-1.1405515670776367,0.986945698393056
TOKYOTECH_s05,113,89,115.96666666666667,-1.1669179201126099,0.7907985760032914
TOKYOTECH_s05,113,90,116.0,-0.38105741143226624,0.5699507652632089
TOKYOTECH_s05,113,91,116.03333333333333,1.2405734062194824,0.33830786141912317
TOKYOTECH_s05,113,92,116.06666666666666,2.0654001235961914,0.1065305887589798
TOKYOTECH_s05,113,93,116.1,1.8859648704528809,-0.11765621297780017
TOKYOTECH_s05,113,94,116.13333333333334,1.486676812171936,-0.3303526950355592
TOKYOTECH_s05,113,95,116.16666666666667,1.1890339851379395,-0.5318961324161685
TOKYOTECH_s05,113,96,116.2,0.8613383173942566,-0.724766211743652
TOKYOTECH_s05,113,97,116.23333333333333,0.44335076212882996,-0.9090150106846607
TOKYOTECH_s05,113,98,116.26666666666667,0.28540217876434326,-1.077881125831829
TOKYOTECH_s05,113,99,116.3,0.4393170177936554,-1.216576095911916
TOKYOTECH_s05,113,100,116.33333333333333,0.56415855884552,-1.3044637733133027
TOKYOTECH_s05,113,101,116.36666666666666,0.512814998626709,-1.3184991179686303
TOKYOTECH_s05,113,102,116.4,0.22491371631622314,-1.2368342575538094
TOKYOTECH_s05,113,103,116.43333333333334,-0.06589935719966888,-1.04379568435124
TOKYOTECH_s05,113,104,116.46666666666667,-0.38057658076286316,-0.7373401102808486
TOKYOTECH_s05,113,105,116.5,-0.6232161521911621,-0.3367349583050153
TOKYOTECH_s05,113,106,116.53333333333333,-0.800772488117218,0.1156449747519425
TOKYOTECH_s05,113,107,116.56666666666666,-0.9057301878929138,0.5631648378056899
TOKYOTECH_s05,113,108,116.6,-0.9392112493515015,0.9511836043164646
TOKYOTECH_s05,113,109,116.63333333333334,-0.9482048153877258,1.2411165564757223
TOKYOTECH_s05,113,110,116.66666666666667,-0.9367446899414062,1.4153006443451734
TOKYOTECH_s05,113,111,116.7,-0.9146614074707031,1.4731734620565327
TOKYOTECH_s05,113,112,116.73333333333333,-1.0832687616348267,1.4240779317684242
TOKYOTECH_s05,113,113,116.76666666666667,-1.0925383567810059,1.2819473149722553
TOKYOTECH_s05,113,114,116.8,-0.2369910180568695,1.0639620207943694
TOKYOTECH_s05,113,115,116.83333333333333,1.196068525314331,0.7915098990392894
TOKYOTECH_s05,113,116,116.86666666666666,1.784889578819275,0.489826512579764
TOKYOTECH_s05,113,117,116.9,1.6784803867340088,0.18409978975133676
TOKYOTECH_s05,113,118,116.93333333333334,1.3355580568313599,-0.10623399238932578
TOKYOTECH_s05,113,119,116.96666666666667,0.9148812890052795,-0.3706549853620252
TOKYOTECH_s05,113,120,117.0,0.5185227990150452,-0.6054475601782682
TOKYOTECH_s05,113,121,117.03333333333333,0.13639377057552338,-0.8077599017095906
TOKYOTECH_s05,113,122,117.06666666666666,0.14829912781715393,-0.9703111454649873
TOKYOTECH_s05,113,123,117.1,0.355623334646225,-1.0805804177084306
TOKYOTECH_s05,113,124,117.13333333333334,0.5240614414215088,-1.124442967260436
TOKYOTECH_s05,113,125,117.16666666666667,0.4082401990890503,-1.0910683876315035
TOKYOTECH_s05,113,126,117.2,0.11116723716259003,-0.9765082115661728
TOKYOTECH_s05,113,127,117.23333333333333,-0.2207847684621811,-0.7859101799703171
TOKYOTECH_s05,113,128,117.26666666666667,-0.47987100481987,-0.5352946682389667
TOKYOTECH_s05,113,129,117.3,-0.7271854281425476,-0.25233539927894927
TOKYOTECH_s05,113,130,117.33333333333333,-0.9087399244308472,0.026614945888302318
TOKYOTECH_s05,113,131,117.36666666666666,-0.9163978099822998,0.2652479771709695
TOKYOTECH_s05,113,132,117.4,-0.9053918123245239,0.4389498898506582
TOKYOTECH_s05,113,133,117.43333333333334,-0.9477328658103943,0.542628727225733
TOKYOTECH_s05,113,134,117.46666666666667,-1.0010175704956055,0.5896877102712275
TOKYOTECH_s05,113,135,117.5,-1.002549171447754,0.6028545647983815
TOKYOTECH_s05,113,136,117.53333333333333,-0.9682756066322327,0.602543841424142
TOKYOTECH_s05,113,137,117.56666666666666,-0.06308552622795105,0.5991164030433647
TOKYOTECH_s05,113,138,117.6,1.2611340284347534,0.5915718901729669
TOKYOTECH_s05,113,139,117.63333333333334,1.7614350318908691,0.5706156898435166
TOKYOTECH_s05,113,140,117.66666666666667,1.6115984916687012,0.5225869561278138
TOKYOTECH_s05,113,141,117.7,1.3043832778930664,0.4326588579599978
TOKYOTECH_s05,113,142,117.73333333333333,0.9869545698165894,0.2885170933949152
TOKYOTECH_s05,113,143,117.76666666666667,0.6132224798202515,0.08613768002975959
TOKYOTECH_s05,113,144,117.8,0.19352523982524872,-0.16363994016293631
TOKYOTECH_s05,113,145,117.83333333333333,0.01550586149096489,-0.4319170897049109
TOKYOTECH_s05,113,146,117.86666666666666,0.2532746493816376,-0.6753709107564965
TOKYOTECH_s05,113,147,117.9,0.3767537772655487,-0.8465063747125503
TOKYOTECH_s05,113,148,117.93333333333334,0.25436100363731384,-0.9066541556099175
TOKYOTECH_s05,113,149,117.96666666666667,0.05471251159906387,-0.8367129704367325
TOKYOTECH_s05,113,150,118.0,-0.1509198248386383,-0.6424919557882566
TOKYOTECH_s05,113,151,118.03333333333333,-0.567990243434906,-0.3539534771577539
TOKYOTECH_s05,113,152,118.06666666666666,-0.840522289276123,-0.018638297417600754
TOKYOTECH_s05,113,153,118.1,-0.9421229958534241,0.30968297690694674
TOKYOTECH_s05,113,154,118.13333333333334,-0.994383692741394,0.5841541402971931
TOKYOTECH_s05,113,155,118.16666666666667,-0.9853188991546631,0.7753507578868493
TOKYOTECH_s05,113,156,118.2,-1.0498322248458862,0.8756651901018918
TOKYOTECH_s05,113,157,118.23333333333333,-0.9617218971252441,0.8963945009139717
TOKYOTECH_s05,113,158,118.26666666666667,-0.9977585077285767,0.8585969661416074
TOKYOTECH_s05,113,159,118.3,-1.1173908710479736,0.7811393159639028
TOKYOTECH_s05,113,160,118.33333333333333,-0.8239242434501648,0.6716069675445041
TOKYOTECH_s05,113,161,118.36666666666666,0.4267438054084778,0.5251944610417723
TOKYOTECH_s05,113,162,118.4,1.6322659254074097,0.33197725581697785
TOKYOTECH_s05,113,163,118.43333333333334,1.887772560119629,0.08748976792875973
TOKYOTECH_s05,113,164,118.46666666666667,1.661935806274414,-0.2002695270062327
TOKYOTECH_s05,113,165,118.5,1.369484305381775,-0.511144287815708
TOKYOTECH_s05,113,166,118.53333333333333,1.0804966688156128,-0.8184167635991648
TOKYOTECH_s05,113,167,118.56666666666666,0.719159722328186,-1.0942930360380192
TOKYOTECH_s05,113,168,118.6,0.36833900213241577,-1.311899016470277
TOKYOTECH_s05,113,169,118.63333333333334,0.22214441001415253,-1.445036881430535
TOKYOTECH_s05,113,170,118.66666666666667,0.33945268392562866,-1.4695237978133378
TOKYOTECH_s05,113,171,118.7,0.47204115986824036,-1.3685976635236137
TOKYOTECH_s05,113,172,118.73333333333333,0.3601290285587311,-1.1408457151075926
TOKYOTECH_s05,113,173,118.76666666666667,-0.01252560131251812,-0.8057359296354618
TOKYOTECH_s05,113,174,118.8,-0.3657238185405731,-0.40207810754696693
TOKYOTECH_s05,113,175,118.83333333333333,-0.6163151264190674,0.021172209250810547
TOKYOTECH_s05,113,176,118.86666666666666,-0.8509405851364136,0.4171465497141423
TOKYOTECH_s05,113,177,118.9,-1.0612388849258423,0.7500794545420373
TOKYOTECH_s05,113,178,118.93333333333334,-1.0556023120880127,0.9986278109486486
TOKYOTECH_s05,113,179,118.96666666666667,-1.0389776229858398,1.155453188886096
TOKYOTECH_s05,113,180,119.0,-1.021382212638855,1.2253486050323132
TOKYOTECH_s05,113,181,119.03333333333333,-1.0572763681411743,1.2220444296515502
TOKYOTECH_s05,113,182,119.06666666666666,-1.157372236251831,1.1630733859663873
TOKYOTECH_s05,113,183,119.1,-1.1735962629318237,1.0636547119230886
TOKYOTECH_s05,113,184,119.13333333333334,-0.9801453351974487,0.9327038842000686
TOKYOTECH_s05,113,185,119.16666666666667,0.2816622853279114,0.7737074623640016
TOKYOTECH_s05,113,186,119.2,1.6739124059677124,0.589427503167831
TOKYOTECH_s05,113,187,119.23333333333333,1.975900650024414,0.38611673102459015
TOKYOTECH_s05,113,188,119.26666666666667,1.6670559644699097,0.17384621538345457
TOKYOTECH_s05,113,189,119.3,1.2423275709152222,-0.036742830992148964
TOKYOTECH_s05,113,190,119.33333333333333,0.8361029028892517,-0.23806645907863333
TOKYOTECH_s05,113,191,119.36666666666666,0.46874648332595825,-0.4263711398544545
TOKYOTECH_s05,113,192,119.4,0.23380933701992035,-0.5989794163059939
TOKYOTECH_s05,113,193,119.43333333333334,0.2690712809562683,-0.7501801242015427
TOKYOTECH_s05,113,194,119.46666666666667,0.42499852180480957,-0.8688116956494643
TOKYOTECH_s05,113,195,119.5,0.47377753257751465,-0.939353928695846
TOKYOTECH_s05,113,196,119.53333333333333,0.38066285848617554,-0.9462375430112995
TOKYOTECH_s05,113,197,119.56666666666666,0.050091058015823364,-0.8794808451240524
TOKYOTECH_s05,113,198,119.6,-0.3473181426525116,-0.7394384110687967
TOKYOTECH_s05,113,199,119.63333333333334,-0.5609022378921509,-0.5390751497219194
TOKYOTECH_s05,113,200,119.66666666666667,-0.7989915609359741,-0.30296776852285295
TOKYOTECH_s05,113,201,119.7,-0.8921685814857483,-0.06268448118643768
TOKYOTECH_s05,113,202,119.73333333333333,-0.9273414611816406,0.1513670587647063
TOKYOTECH_s05,113,203,119.76666666666667,-0.9637432098388672,0.31981490494506765
TOKYOTECH_s05,113,204,119.8,-0.9524611830711365,0.44124172141664564
TOKYOTECH_s05,113,205,119.83333333333333,-1.0151491165161133,0.5307454654650899
TOKYOTECH_s05,113,206,119.86666666666666,-1.1084685325622559,0.6087228443340129
TOKYOTECH_s05,113,207,119.9,-1.0825029611587524,0.6851960878412778
TOKYOTECH_s05,113,208,119.93333333333334,-0.17335033416748047,0.7496897189092149
TOKYOTECH_s05,113,209,119.96666666666667,1.1167559623718262,0.774498268612394
TOKYOTECH_s05,113,210,120.0,1.6851054430007935,0.7299890320847544
TOKYOTECH_s05,113,211,120.03333333333333,1.5851342678070068,0.6017069908839384
TOKYOTECH_s05,113,212,120.06666666666666,1.2193272113800049,0.39807162328372414
TOKYOTECH_s05,113,213,120.1,0.7323651313781738,0.14472365215977492
TOKYOTECH_s05,113,214,120.13333333333334,0.3263630270957947,-0.1285429488133783
TOKYOTECH_s05,113,215,120.16666666666667,0.04359965771436691,-0.39794081160061795
TOKYOTECH_s05,113,216,120.2,-0.05015615001320839,-0.647350889951701
TOKYOTECH_s05,113,217,120.23333333333333,0.14008915424346924,-0.8637588899207662
TOKYOTECH_s05,113,218,120.26666666666667,0.36783143877983093,-1.0321833754334433
TOKYOTECH_s05,113,219,120.3,0.23335520923137665,-1.1342713318030395
TOKYOTECH_s05,113,220,120.33333333333333,-0.06263139843940735,-1.1514545778987875
TOKYOTECH_s05,113,221,120.36666666666666,-0.3082717955112457,-1.0709385162552068
TOKYOTECH_s05,113,222,120.4,-0.6324323415756226,-0.8918152884430603
TOKYOTECH_s05,113,223,120.43333333333334,-0.9237974882125854,-0.6289293387322923
TOKYOTECH_s05,113,224,120.46666666666667,-1.0223884582519531,-0.3129104668321539
TOKYOTECH_s05,113,225,120.5,-1.170444130897522,0.014465485203697516
TOKYOTECH_s05,113,226,120.53333333333333,-1.2053231000900269,0.3094776440738617
TOKYOTECH_s05,113,227,120.56666666666666,-1.1050136089324951,0.5379939500673573
TOKYOTECH_s05,113,228,120.6,-1.0619335174560547,0.6842832354773298
TOKYOTECH_s05,113,229,120.63333333333334,-1.1573455333709717,0.7519017636556029
TOKYOTECH_s05,113,230,120.66666666666667,-1.2170592546463013,0.7559862110400037
TOKYOTECH_s05,113,231,120.7,-1.1029655933380127,0.7122676832311992
TOKYOTECH_s05,113,232,120.73333333333333,-0.21402622759342194,0.6306060196954705
TOKYOTECH_s05,113,233,120.76666666666667,1.3377307653427124,0.5174706884730198
TOKYOTECH_s05,113,234,120.8,1.9860607385635376,0.3843720584846329
TOKYOTECH_s05,113,235,120.83333333333333,1.8023780584335327,0.25376304522831794
TOKYOTECH_s05,113,236,120.86666666666666,1.4779771566390991,0.15533528301639796
TOKYOTECH_s05,113,237,120.9,1.1967542171478271,0.11295539782289726
TOKYOTECH_s05,113,238,120.93333333333334,0.891871988773346,0.1304108778910012
TOKYOTECH_s05,113,239,120.96666666666667,0.5446041822433472,0.18624080267609586
TOKYOTECH_s05,114,0,114.0,0.11461328715085983,0.05927147445598634
TOKYOTECH_s05,114,1,114.03333333333333,-0.17782041430473328,-1.0408990027496936
TOKYOTECH_s05,114,2,114.06666666666666,-0.48836591839790344,-1.9413200670180488
TOKYOTECH_s05,114,3,114.1,-0.7130272388458252,-2.497000899015682
TOKYOTECH_s05,114,4,114.13333333333334,-0.891180157661438,-2.656002216693554
TOKYOTECH_s05,114,5,114.16666666666667,-0.9950693249702454,-2.46571559302945
TOKYOTECH_s05,114,6,114.2,-0.9492021203041077,-2.0454035737403826
TOKYOTECH_s05,114,7,114.23333333333333,-0.9385879039764404,-1.539162354700602
TOKYOTECH_s05,114,8,114.26666666666667,-0.9391043782234192,-1.0705222485977672
TOKYOTECH_s05,114,9,114.3,-0.9314108490943909,-0.7149642028787029
TOKYOTECH_s05,114,10,114.33333333333333,-1.0842037200927734,-0.4951201759447309
TOKYOTECH_s05,114,11,114.36666666666666,-0.9003162384033203,-0.39270435852208185
TOKYOTECH_s05,114,12,114.4,0.2064279019832611,-0.36672649368976384
TOKYOTECH_s05,114,13,114.43333333333334,1.447283148765564,-0.3698709821380616
TOKYOTECH_s05,114,14,114.46666666666667,1.7682470083236694,-0.36063250162616184
TOKYOTECH_s05,114,15,114.5,1.4309256076812744,-0.3125472363815859
TOKYOTECH_s05,114,16,114.53333333333333,1.0144339799880981,-0.2207775302971086
TOKYOTECH_s05,114,17,114.56666666666666,0.6765693426132202,-0.1032130283398108
TOKYOTECH_s05,114,18,114.6,0.27946287393569946,0.007209927290559406
TOKYOTECH_s05,114,19,114.63333333333334,-0.09165126085281372,0.07824064266445047
TOKYOTECH_s05,114,20,114.66666666666667,-0.004751945845782757,0.09512253991622187
TOKYOTECH_s05,114,21,114.7,0.27056723833084106,0.06906628385427122
TOKYOTECH_s05,114,22,114.73333333333333,0.30315783619880676,0.03288132248871163
TOKYOTECH_s05,114,23,114.76666666666667,0.14875325560569763,0.02718774998709074
TOKYOTECH_s05,114,24,114.8,-0.10654854029417038,0.08508907064832745
TOKYOTECH_s05,114,25,114.83333333333333,-0.5056318044662476,0.22200386171930003
TOKYOTECH_s05,114,26,114.86666666666666,-0.7452260255813599,0.4325687238682773
TOKYOTECH_s05,114,27,114.9,-0.9642418622970581,0.6926599792562729
TOKYOTECH_s05,114,28,114.93333333333334,-1.1034018993377686,0.9644863204003257
TOKYOTECH_s05,114,29,114.96666666666667,-1.1702837944030762,1.2041966866571245
TOKYOTECH_s05,114,30,115.0,-1.1013894081115723,1.3713395325513484
TOKYOTECH_s05,114,31,115.03333333333333,-1.1402666568756104,1.437995019723445
TOKYOTECH_s05,114,32,115.06666666666666,-1.1058417558670044,1.3944372656203645
TOKYOTECH_s05,114,33,115.1,-1.120863676071167,1.249076961424031
TOKYOTECH_s05,114,34,115.13333333333334,-1.1823939085006714,1.0230657809360695
TOKYOTECH_s05,114,35,115.16666666666667,-1.0289510488510132,0.7425378974140335
TOKYOTECH_s05,114,36,115.2,0.2473798394203186,0.43215192035060135
TOKYOTECH_s05,114,37,115.23333333333333,1.6535121202468872,0.11203300675536679
TOKYOTECH_s05,114,38,115.26666666666667,1.961911678314209,-0.20238114750267275
TOKYOTECH_s05,114,39,115.3,1.7332967519760132,-0.4994698617414473
TOKYOTECH_s05,114,40,115.33333333333333,1.4678348302841187,-0.7704839852247738
TOKYOTECH_s05,114,41,115.36666666666666,1.1655704975128174,-1.007967204205139
TOKYOTECH_s05,114,42,115.4,0.7962907552719116,-1.2030639033702712
TOKYOTECH_s05,114,43,115.43333333333334,0.3982582092285156,-1.3429158713283613
TOKYOTECH_s05,114,44,115.46666666666667,0.2826952040195465,-1.4108793606186338
TOKYOTECH_s05,114,45,115.5,0.40886351466178894,-1.3912768429627533
TOKYOTECH_s05,114,46,115.53333333333333,0.453127920627594,-1.2765694902148899
TOKYOTECH_s05,114,47,115.56666666666666,0.3227477967739105,-1.0719704564976313
TOKYOTECH_s05,114,48,115.6,0.06976117193698883,-0.7940764426670595
TOKYOTECH_s05,114,49,115.63333333333334,-0.20611900091171265,-0.46492986501243183
TOKYOTECH_s05,114,50,115.66666666666667,-0.5764228105545044,-0.1069139898237413
TOKYOTECH_s05,114,51,115.7,-0.8448053598403931,0.257214928914413
TOKYOTECH_s05,114,52,115.73333333333333,-0.9729326963424683,0.600998597548135
TOKYOTECH_s05,114,53,115.76666666666667,-1.097507119178772,0.8936681666592394
TOKYOTECH_s05,114,54,115.8,-1.105129361152649,1.1052193991207142
TOKYOTECH_s05,114,55,115.83333333333333,-1.1135441064834595,1.2143328148824302
TOKYOTECH_s05,114,56,115.86666666666666,-1.073527216911316,1.2143129100962928
TOKYOTECH_s05,114,57,115.9,-1.0940966606140137,1.1142112348874809
TOKYOTECH_s05,114,58,115.93333333333334,-1.1405515670776367,0.9352445349077712
TOKYOTECH_s05,114,59,115.96666666666667,-1.1669179201126099,0.7047834878211553
TOKYOTECH_s05,114,60,116.0,-0.38105741143226624,0.4508397848503394
TOKYOTECH_s05,114,61,116.03333333333333,1.2405734062194824,0.19866733484243673
TOKYOTECH_s05,114,62,116.06666666666666,2.0654001235961914,-0.031349054274530753
TOKYOTECH_s05,114,63,116.1,1.8859648704528809,-0.22625446683155817
TOKYOTECH_s05,114,64,116.13333333333334,1.486676812171936,-0.3832862838604351
TOKYOTECH_s05,114,65,116.16666666666667,1.1890339851379395,-0.5102468419568058
TOKYOTECH_s05,114,66,116.2,0.8613383173942566,-0.6212624605409128
TOKYOTECH_s05,114,67,116.23333333333333,0.44335076212882996,-0.728772545579255
TOKYOTECH_s05,114,68,116.26666666666667,0.28540217876434326,-0.8358718200200498
TOKYOTECH_s05,114,69,116.3,0.4393170177936554,-0.9332828311521724
TOKYOTECH_s05,114,70,116.33333333333333,0.56415855884552,-1.0015295456282174
TOKYOTECH_s05,114,71,116.36666666666666,0.512814998626709,-1.0155955401432086
TOKYOTECH_s05,114,72,116.4,0.22491371631622314,-0.950141952907137
TOKYOTECH_s05,114,73,116.43333333333334,-0.06589935719966888,-0.7859253360907728
TOKYOTECH_s05,114,74,116.46666666666667,-0.38057658076286316,-0.5182486504813986
TOKYOTECH_s05,114,75,116.5,-0.6232161521911621,-0.16502410117457295
TOKYOTECH_s05,114,76,116.53333333333333,-0.800772488117218,0.23181078703681876
TOKYOTECH_s05,114,77,116.56666666666666,-0.9057301878929138,0.6162577239817187
TOKYOTECH_s05,114,78,116.6,-0.9392112493515015,0.935925477447471
TOKYOTECH_s05,114,79,116.63333333333334,-0.9482048153877258,1.1570595653012887
TOKYOTECH_s05,114,80,116.66666666666667,-0.9367446899414062,1.2693225883961319
TOKYOTECH_s05,114,81,116.7,-0.9146614074707031,1.280678861439064
TOKYOTECH_s05,114,82,116.73333333333333,-1.0832687616348267,1.2079942207478267
TOKYOTECH_s05,114,83,116.76666666666667,-1.0925383567810059,1.0692395615808843
TOKYOTECH_s05,114,84,116.8,-0.2369910180568695,0.8802138445428542
TOKYOTECH_s05,114,85,116.83333333333333,1.196068525314331,0.6549562663125716
TOKYOTECH_s05,114,86,116.86666666666666,1.784889578819275,0.40679290107865845
TOKYOTECH_s05,114,87,116.9,1.6784803867340088,0.14763298897517238
TOKYOTECH_s05,114,88,116.93333333333334,1.3355580568313599,-0.11393721362873682
TOKYOTECH_s05,114,89,116.96666666666667,0.9148812890052795,-0.3729854344689423
TOKYOTECH_s05,114,90,117.0,0.5185227990150452,-0.6250820907688838
TOKYOTECH_s05,114,91,117.03333333333333,0.13639377057552338,-0.8608811384186941
TOKYOTECH_s05,114,92,117.06666666666666,0.14829912781715393,-1.0622834963626977
TOKYOTECH_s05,114,93,117.1,0.355623334646225,-1.2036782850428818
TOKYOTECH_s05,114,94,117.13333333333334,0.5240614414215088,-1.2582650507589626
TOKYOTECH_s05,114,95,117.16666666666667,0.4082401990890503,-1.206248912216301
TOKYOTECH_s05,114,96,117.2,0.11116723716259003,-1.04169848318688
TOKYOTECH_s05,114,97,117.23333333333333,-0.2207847684621811,-0.7766794550903737
TOKYOTECH_s05,114,98,117.26666666666667,-0.47987100481987,-0.44220874909927194
TOKYOTECH_s05,114,99,117.3,-0.7271854281425476,-0.08504967264119291
TOKYOTECH_s05,114,100,117.33333333333333,-0.9087399244308472,0.24115885942232312
TOKYOTECH_s05,114,101,117.36666666666666,-0.9163978099822998,0.4900579451137684
TOKYOTECH_s05,114,102,117.4,-0.9053918123245239,0.637149308260964
TOKYOTECH_s05,114,103,117.43333333333334,-0.9477328658103943,0.6872120433452921
TOKYOTECH_s05,114,104,117.46666666666667,-1.0010175704956055,0.6697791565734015
TOKYOTECH_s05,114,105,117.5,-1.002549171447754,0.6245167350873218
TOKYOTECH_s05,114,106,117.53333333333333,-0.9682756066322327,0.5840736077955528
TOKYOTECH_s05,114,107,117.56666666666666,-0.06308552622795105,0.5628523537688592
TOKYOTECH_s05,114,108,117.6,1.2611340284347534,0.5555634087494925
TOKYOTECH_s05,114,109,117.63333333333334,1.7614350318908691,0.543391370462404
TOKYOTECH_s05,114,110,117.66666666666667,1.6115984916687012,0.5027191048462963
TOKYOTECH_s05,114,111,117.7,1.3043832778930664,0.4125522321166622
TOKYOTECH_s05,114,112,117.73333333333333,0.9869545698165894,0.25996202763407267
TOKYOTECH_s05,114,113,117.76666666666667,0.6132224798202515,0.044676114182163364
TOKYOTECH_s05,114,114,117.8,0.19352523982524872,-0.2172579778598568
TOKYOTECH_s05,114,115,117.83333333333333,0.01550586149096489,-0.4928208307509599
TOKYOTECH_s05,114,116,117.86666666666666,0.2532746493816376,-0.7364274398513315
TOKYOTECH_s05,114,117,117.9,0.3767537772655487,-0.8993378608391464
TOKYOTECH_s05,114,118,117.93333333333334,0.25436100363731384,-0.9415801985105261
TOKYOTECH_s05,114,119,117.96666666666667,0.05471251159906387,-0.8427873294328622
TOKYOTECH_s05,114,120,118.0,-0.1509198248386383,-0.6090736156371581
TOKYOTECH_s05,114,121,118.03333333333333,-0.567990243434906,-0.2743218934138555
TOKYOTECH_s05,114,122,118.06666666666666,-0.840522289276123,0.10511658232853396
TOKYOTECH_s05,114,123,118.1,-0.9421229958534241,0.46240611463949366
TOKYOTECH_s05,114,124,118.13333333333334,-0.994383692741394,0.7367981786826056
TOKYOTECH_s05,114,125,118.16666666666667,-0.9853188991546631,0.8900130031923734
TOKYOTECH_s05,114,126,118.2,-1.0498322248458862,0.9162475776026108
TOKYOTECH_s05,114,127,118.23333333333333,-0.9617218971252441,0.8408789927760683
TOKYOTECH_s05,114,128,118.26666666666667,-0.9977585077285767,0.7071342114532198
TOKYOTECH_s05,114,129,118.3,-1.1173908710479736,0.5559130878473771
TOKYOTECH_s05,114,130,118.33333333333333,-0.8239242434501648,0.4086180379563624
TOKYOTECH_s05,114,131,118.36666666666666,0.4267438054084778,0.2621087298355531
TOKYOTECH_s05,114,132,118.4,1.6322659254074097,0.09765652964691156
TOKYOTECH_s05,114,133,118.43333333333334,1.887772560119629,-0.10281630021070823
TOKYOTECH_s05,114,134,118.46666666666667,1.661935806274414,-0.3434695287827925
TOKYOTECH_s05,114,135,118.5,1.369484305381775,-0.6109182172370904
TOKYOTECH_s05,114,136,118.53333333333333,1.0804966688156128,-0.8791309993220984
TOKYOTECH_s05,114,137,118.56666666666666,0.719159722328186,-1.1165423442687779
TOKYOTECH_s05,114,138,118.6,0.36833900213241577,-1.2907681130542994
TOKYOTECH_s05,114,139,118.63333333333334,0.22214441001415253,-1.371463798907205
TOKYOTECH_s05,114,140,118.66666666666667,0.33945268392562866,-1.3345749972358185
TOKYOTECH_s05,114,141,118.7,0.47204115986824036,-1.1693967200047009
TOKYOTECH_s05,114,142,118.73333333333333,0.3601290285587311,-0.8854607843756076
TOKYOTECH_s05,114,143,118.76666666666667,-0.01252560131251812,-0.5139816259684212
TOKYOTECH_s05,114,144,118.8,-0.3657238185405731,-0.10133828354146439
TOKYOTECH_s05,114,145,118.83333333333333,-0.6163151264190674,0.3027097606871882
TOKYOTECH_s05,114,146,118.86666666666666,-0.8509405851364136,0.6562422628206241
TOKYOTECH_s05,114,147,118.9,-1.0612388849258423,0.9312243053853627
TOKYOTECH_s05,114,148,118.93333333333334,-1.0556023120880127,1.1141832817031712
TOKYOTECH_s05,114,149,118.96666666666667,-1.0389776229858398,1.204538577201483
TOKYOTECH_s05,114,150,119.0,-1.021382212638855,1.2126488663960524
TOKYOTECH_s05,114,151,119.03333333333333,-1.0572763681411743,1.1569528424419575
TOKYOTECH_s05,114,152,119.06666666666666,-1.157372236251831,1.0589425415373035
TOKYOTECH_s05,114,153,119.1,-1.1735962629318237,0.9366500773774474
TOKYOTECH_s05,114,154,119.13333333333334,-0.9801453351974487,0.7997747960684762
TOKYOTECH_s05,114,155,119.16666666666667,0.2816622853279114,0.6496222272987402
TOKYOTECH_s05,114,156,119.2,1.6739124059677124,0.4837436004691384
TOKYOTECH_s05,114,157,119.23333333333333,1.975900650024414,0.30163744708818896
TOKYOTECH_s05,114,158,119.26666666666667,1.6670559644699097,0.10752915274528313
TOKYOTECH_s05,114,159,119.3,1.2423275709152222,-0.09097036442516608
TOKYOTECH_s05,114,160,119.33333333333333,0.8361029028892517,-0.2860860838505899
TOKYOTECH_s05,114,161,119.36666666666666,0.46874648332595825,-0.4715526036268754
TOKYOTECH_s05,114,162,119.4,0.23380933701992035,-0.6414018164831342
TOKYOTECH_s05,114,163,119.43333333333334,0.2690712809562683,-0.7874769315647349
TOKYOTECH_s05,114,164,119.46666666666667,0.42499852180480957,-0.8982289879865687
TOKYOTECH_s05,114,165,119.5,0.47377753257751465,-0.9600994769310017
TOKYOTECH_s05,114,166,119.53333333333333,0.38066285848617554,-0.9608647691892432
TOKYOTECH_s05,114,167,119.56666666666666,0.050091058015823364,-0.8933081755467234
TOKYOTECH_s05,114,168,119.6,-0.3473181426525116,-0.758074371286783
TOKYOTECH_s05,114,169,119.63333333333334,-0.5609022378921509,-0.5654702110071848
TOKYOTECH_s05,114,170,119.66666666666667,-0.7989915609359741,-0.33600160804422274
TOKYOTECH_s05,114,171,119.7,-0.8921685814857483,-0.09855244878939497
TOKYOTECH_s05,114,172,119.73333333333333,-0.9273414611816406,0.11542413598050276
TOKYOTECH_s05,114,173,119.76666666666667,-0.9637432098388672,0.28156160590881313
TOKYOTECH_s05,114,174,119.8,-0.9524611830711365,0.3919113291494233
TOKYOTECH_s05,114,175,119.83333333333333,-1.0151491165161133,0.45741918016551547
TOKYOTECH_s05,114,176,119.86666666666666,-1.1084685325622559,0.49989028296642624
TOKYOTECH_s05,114,177,119.9,-1.0825029611587524,0.5368178683098074
TOKYOTECH_s05,114,178,119.93333333333334,-0.17335033416748047,0.5688110016563799
TOKYOTECH_s05,114,179,119.96666666666667,1.1167559623718262,0.5788611560025106
TOKYOTECH_s05,114,180,120.0,1.6851054430007935,0.5439210231847197
TOKYOTECH_s05,114,181,120.03333333333333,1.5851342678070068,0.44990641892654026
TOKYOTECH_s05,114,182,120.06666666666666,1.2193272113800049,0.29962837545724896
TOKYOTECH_s05,114,183,120.1,0.7323651313781738,0.10963971482762991
TOKYOTECH_s05,114,184,120.13333333333334,0.3263630270957947,-0.09918342573184181
TOKYOTECH_s05,114,185,120.16666666666667,0.04359965771436691,-0.308763763750144
TOKYOTECH_s05,114,186,120.2,-0.05015615001320839,-0.5044603769402912
TOKYOTECH_s05,114,187,120.23333333333333,0.14008915424346924,-0.6717403155609785
TOKYOTECH_s05,114,188,120.26666666666667,0.36783143877983093,-0.7936122668719185
TOKYOTECH_s05,114,189,120.3,0.23335520923137665,-0.8514209705723195
TOKYOTECH_s05,114,190,120.33333333333333,-0.06263139843940735,-0.8287050005626022
TOKYOTECH_s05,114,191,120.36666666666666,-0.3082717955112457,-0.7162205545052827
TOKYOTECH_s05,114,192,120.4,-0.6324323415756226,-0.5162412380122187
TOKYOTECH_s05,114,193,120.43333333333334,-0.9237974882125854,-0.2449678398541552
TOKYOTECH_s05,114,194,120.46666666666667,-1.0223884582519531,0.0677246855014843
TOKYOTECH_s05,114,195,120.5,-1.170444130897522,0.382072680842919
TOKYOTECH_s05,114,196,120.53333333333333,-1.2053231000900269,0.656384547473492
TOKYOTECH_s05,114,197,120.56666666666666,-1.1050136089324951,0.8578662282621713
TOKYOTECH_s05,114,198,120.6,-1.0619335174560547,0.9716823929769967
TOKYOTECH_s05,114,199,120.63333333333334,-1.1573455333709717,1.0026649377739867
TOKYOTECH_s05,114,200,120.66666666666667,-1.2170592546463013,0.9680489302449141
TOKYOTECH_s05,114,201,120.7,-1.1029655933380127,0.8857552085570133
TOKYOTECH_s05,114,202,120.73333333333333,-0.21402622759342194,0.7660942039794638
TOKYOTECH_s05,114,203,120.76666666666667,1.3377307653427124,0.6122485757940738
TOKYOTECH_s05,114,204,120.8,1.9860607385635376,0.42767977659107775
TOKYOTECH_s05,114,205,120.83333333333333,1.8023780584335327,0.2229179615972002
TOKYOTECH_s05,114,206,120.86666666666666,1.4779771566390991,0.015266966068841339
TOKYOTECH_s05,114,207,120.9,1.1967542171478271,-0.17864933828454063
TOKYOTECH_s05,114,208,120.93333333333334,0.891871988773346,-0.35127465850117146
TOKYOTECH_s05,114,209,120.96666666666667,0.5446041822433472,-0.5061980549270417
TOKYOTECH_s05,114,210,121.0,0.3780093193054199,-0.6520257409815825
TOKYOTECH_s05,114,211,121.03333333333333,0.43376949429512024,-0.7925969753771013
TOKYOTECH_s05,114,212,121.06666666666666,0.5359668135643005,-0.9199652587107702
TOKYOTECH_s05,114,213,121.1,0.47260215878486633,-1.0138274580857842
TOKYOTECH_s05,114,214,121.13333333333334,0.24044321477413177,-1.0469960530791624
TOKYOTECH_s05,114,215,121.16666666666667,-0.04914103075861931,-0.9940439841362345
TOKYOTECH_s05,114,216,121.2,-0.3999706506729126,-0.840375492743886
TOKYOTECH_s05,114,217,121.23333333333333,-0.6880411505699158,-0.5898351865213579
TOKYOTECH_s05,114,218,121.26666666666667,-0.7907014489173889,-0.2686603783887407
TOKYOTECH_s05,114,219,121.3,-0.8905390501022339,0.07712736020630728
TOKYOTECH_s05,114,220,121.33333333333333,-0.9801097512245178,0.39279527428292466
TOKYOTECH_s05,114,221,121.36666666666666,-0.912479817867279,0.6321744876732948
TOKYOTECH_s05,114,222,121.4,-0.9180273413658142,0.7731862396911713
TOKYOTECH_s05,114,223,121.43333333333334,-0.9526125192642212,0.8223414099609524
TOKYOTECH_s05,114,224,121.46666666666667,-0.9958974719047546,0.8053350082179049
TOKYOTECH_s05,114,225,121.5,-1.1863386631011963,0.7499235489302873
TOKYOTECH_s05,114,226,121.53333333333333,-1.0872223377227783,0.6716751386937494
TOKYOTECH_s05,114,227,121.56666666666666,-0.10877467691898346,0.5703875623112954
TOKYOTECH_s05,114,228,121.6,1.4017008543014526,0.4373414698205001
TOKYOTECH_s05,114,229,121.63333333333334,1.9886252880096436,0.2666431162825722
TOKYOTECH_s05,114,230,121.66666666666667,1.8153342008590698,0.06253280948653028
TOKYOTECH_s05,114,231,121.7,1.5497742891311646,-0.16082199824544346
TOKYOTECH_s05,114,232,121.73333333333333,1.2033880949020386,-0.38370160834324957
TOKYOTECH_s05,114,233,121.76666666666667,0.8568949699401855,-0.5835292925025447
TOKYOTECH_s05,114,234,121.8,0.6022164821624756,-0.7345722935044131
TOKYOTECH_s05,114,235,121.83333333333333,0.48895975947380066,-0.8088690533738669
TOKYOTECH_s05,114,236,121.86666666666666,0.5506325364112854,-0.7824054626381517
TOKYOTECH_s05,114,237,121.9,0.5828224420547485,-0.6454923250415668
TOKYOTECH_s05,114,238,121.93333333333334,0.5243196487426758,-0.4114627964250254
TOKYOTECH_s05,114,239,121.96666666666667,0.33123379945755005,-0.11749458569267082
TOKYOTECH_s05,115,0,115.0,-1.1013894081115723,0.01360572206604168
TOKYOTECH_s05,115,1,115.03333333333333,-1.1402666568756104,-1.11923374662953
TOKYOTECH_s05,115,2,115.06666666666666,-1.1058417558670044,-2.077465868431006
TOKYOTECH_s05,115,3,115.1,-1.120863676071167,-2.7287377620862263
TOKYOTECH_s05,115,4,115.13333333333334,-1.1823939085006714,-3.018502988023917
TOKYOTECH_s05,115,5,115.16666666666667,-1.0289510488510132,-2.9772688393946076
TOKYOTECH_s05,115,6,115.2,0.2473798394203186,-2.699504106470698
TOKYOTECH_s05,115,7,115.23333333333333,1.6535121202468872,-2.305059592161856
TOKYOTECH_s05,115,8,115.26666666666667,1.961911678314209,-1.9012327386612116
TOKYOTECH_s05,115,9,115.3,1.7332967519760132,-1.5598558043867896
TOKYOTECH_s05,115,10,115.33333333333333,1.4678348302841187,-1.3127018411204534
TOKYOTECH_s05,115,11,115.36666666666666,1.1655704975128174,-1.1585676388578767
TOKYOTECH_s05,115,12,115.4,0.7962907552719116,-1.0732109887171934
TOKYOTECH_s05,115,13,115.43333333333334,0.3982582092285156,-1.017847652975135
TOKYOTECH_s05,115,14,115.46666666666667,0.2826952040195465,-0.9475126813054033
TOKYOTECH_s05,115,15,115.5,0.40886351466178894,-0.8217856384931884
TOKYOTECH_s05,115,16,115.53333333333333,0.453127920627594,-0.6161193964068223
TOKYOTECH_s05,115,17,115.56666666666666,0.3227477967739105,-0.32804568458668215
TOKYOTECH_s05,115,18,115.6,0.06976117193698883,0.025594684963763367
TOKYOTECH_s05,115,19,115.63333333333334,-0.20611900091171265,0.41812058477954966
TOKYOTECH_s05,115,20,115.66666666666667,-0.5764228105545044,0.8220672785311146
TOKYOTECH_s05,115,21,115.7,-0.8448053598403931,1.2118692852898125
TOKYOTECH_s05,115,22,115.73333333333333,-0.9729326963424683,1.561099358644539
TOKYOTECH_s05,115,23,115.76666666666667,-1.097507119178772,1.8405454612404915
TOKYOTECH_s05,115,24,115.8,-1.105129361152649,2.021450928282089
TOKYOTECH_s05,115,25,115.83333333333333,-1.1135441064834595,2.082635608551904
TOKYOTECH_s05,115,26,115.86666666666666,-1.073527216911316,2.0172192530825543
TOKYOTECH_s05,115,27,115.9,-1.0940966606140137,1.8353390832366683
TOKYOTECH_s05,115,28,115.93333333333334,-1.1405515670776367,1.561653614256114
TOKYOTECH_s05,115,29,115.96666666666667,-1.1669179201126099,1.2290230081001106
TOKYOTECH_s05,115,30,116.0,-0.38105741143226624,0.87137397240281
TOKYOTECH_s05,115,31,116.03333333333333,1.2405734062194824,0.5183024220510386
TOKYOTECH_s05,115,32,116.06666666666666,2.0654001235961914,0.1917495633181049
TOKYOTECH_s05,115,33,116.1,1.8859648704528809,-0.09638087125185844
TOKYOTECH_s05,115,34,116.13333333333334,1.486676812171936,-0.3457769175218596
TOKYOTECH_s05,115,35,116.16666666666667,1.1890339851379395,-0.5667272032166892
TOKYOTECH_s05,115,36,116.2,0.8613383173942566,-0.7748417008032287
TOKYOTECH_s05,115,37,116.23333333333333,0.44335076212882996,-0.9821793384190693
TOKYOTECH_s05,115,38,116.26666666666667,0.28540217876434326,-1.1887103655172255
TOKYOTECH_s05,115,39,116.3,0.4393170177936554,-1.3786765903844798
TOKYOTECH_s05,115,40,116.33333333333333,0.56415855884552,-1.5231154472102504
TOKYOTECH_s05,115,41,116.36666666666666,0.512814998626709,-1.5862877890359481
TOKYOTECH_s05,115,42,116.4,0.22491371631622314,-1.5336599219918292
TOKYOTECH_s05,115,43,116.43333333333334,-0.06589935719966888,-1.34103897646868
TOKYOTECH_s05,115,44,116.46666666666667,-0.38057658076286316,-1.0049323544867432
TOKYOTECH_s05,115,45,116.5,-0.6232161521911621,-0.5514136914998198
TOKYOTECH_s05,115,46,116.53333333333333,-0.800772488117218,-0.03686979855575308
TOKYOTECH_s05,115,47,116.56666666666666,-0.9057301878929138,0.464515744300357
TOKYOTECH_s05,115,48,116.6,-0.9392112493515015,0.8825942908879678
TOKYOTECH_s05,115,49,116.63333333333334,-0.9482048153877258,1.1707806411347186
TOKYOTECH_s05,115,50,116.66666666666667,-0.9367446899414062,1.3139150536076458
TOKYOTECH_s05,115,51,116.7,-0.9146614074707031,1.3235800436222391
TOKYOTECH_s05,115,52,116.73333333333333,-1.0832687616348267,1.2265564301954925
TOKYOTECH_s05,115,53,116.76666666666667,-1.0925383567810059,1.0535592967530538
TOKYOTECH_s05,115,54,116.8,-0.2369910180568695,0.8326734415272727
TOKYOTECH_s05,115,55,116.83333333333333,1.196068525314331,0.5875738646508502
TOKYOTECH_s05,115,56,116.86666666666666,1.784889578819275,0.3375778090676004
TOKYOTECH_s05,115,57,116.9,1.6784803867340088,0.09679690961960775
TOKYOTECH_s05,115,58,116.93333333333334,1.3355580568313599,-0.12734108803044267
TOKYOTECH_s05,115,59,116.96666666666667,0.9148812890052795,-0.33363857359323523
TOKYOTECH_s05,115,60,117.0,0.5185227990150452,-0.5233224839041872
TOKYOTECH_s05,115,61,117.03333333333333,0.13639377057552338,-0.6945780388173588
TOKYOTECH_s05,115,62,117.06666666666666,0.14829912781715393,-0.8389907045178578
TOKYOTECH_s05,115,63,117.1,0.355623334646225,-0.9423457536803221
TOKYOTECH_s05,115,64,117.13333333333334,0.5240614414215088,-0.9888786570232327
TOKYOTECH_s05,115,65,117.16666666666667,0.4082401990890503,-0.9658366418378623
TOKYOTECH_s05,115,66,117.2,0.11116723716259003,-0.8664053736879073
TOKYOTECH_s05,115,67,117.23333333333333,-0.2207847684621811,-0.6917060725476659
TOKYOTECH_s05,115,68,117.26666666666667,-0.47987100481987,-0.4533847911508717
TOKYOTECH_s05,115,69,117.3,-0.7271854281425476,-0.17617084854413925
TOKYOTECH_s05,115,70,117.33333333333333,-0.9087399244308472,0.10338154244797562
TOKYOTECH_s05,115,71,117.36666666666666,-0.9163978099822998,0.345336593929322
TOKYOTECH_s05,115,72,117.4,-0.9053918123245239,0.5196833161006739
TOKYOTECH_s05,115,73,117.43333333333334,-0.9477328658103943,0.616844645847173
TOKYOTECH_s05,115,74,117.46666666666667,-1.0010175704956055,0.6486786818850253
TOKYOTECH_s05,115,75,117.5,-1.002549171447754,0.6395314955423839
TOKYOTECH_s05,115,76,117.53333333333333,-0.9682756066322327,0.613360120111554
TOKYOTECH_s05,115,77,117.56666666666666,-0.06308552622795105,0.5846653747208643
TOKYOTECH_s05,115,78,117.6,1.2611340284347534,0.5567007059062047
TOKYOTECH_s05,115,79,117.63333333333334,1.7614350318908691,0.5246058374662594
TOKYOTECH_s05,115,80,117.66666666666667,1.6115984916687012,0.47895398616772933
TOKYOTECH_s05,115,81,117.7,1.3043832778930664,0.4074725085530772
TOKYOTECH_s05,115,82,117.73333333333333,0.9869545698165894,0.2965741029324652
TOKYOTECH_s05,115,83,117.76666666666667,0.6132224798202515,0.13565536166227807
TOKYOTECH_s05,115,84,117.8,0.19352523982524872,-0.07584210240576114
TOKYOTECH_s05,115,85,117.83333333333333,0.01550586149096489,-0.32238391473818895
TOKYOTECH_s05,115,86,117.86666666666666,0.2532746493816376,-0.5715434167143453
TOKYOTECH_s05,115,87,117.9,0.3767537772655487,-0.7798671851848322
TOKYOTECH_s05,115,88,117.93333333333334,0.25436100363731384,-0.9033059794419332
TOKYOTECH_s05,115,89,117.96666666666667,0.05471251159906387,-0.9084126977306979
TOKYOTECH_s05,115,90,118.0,-0.1509198248386383,-0.7813740969617379
TOKYOTECH_s05,115,91,118.03333333333333,-0.567990243434906,-0.533381446508576
TOKYOTECH_s05,115,92,118.06666666666666,-0.840522289276123,-0.20099821536449847
TOKYOTECH_s05,115,93,118.1,-0.9421229958534241,0.15995194853997954
TOKYOTECH_s05,115,94,118.13333333333334,-0.994383692741394,0.48710014082567615
TOKYOTECH_s05,115,95,118.16666666666667,-0.9853188991546631,0.7280445184637663
TOKYOTECH_s05,115,96,118.2,-1.0498322248458862,0.85485405190407
TOKYOTECH_s05,115,97,118.23333333333333,-0.9617218971252441,0.8699980814181496
TOKYOTECH_s05,115,98,118.26666666666667,-0.9977585077285767,0.8001439319709323
TOKYOTECH_s05,115,99,118.3,-1.1173908710479736,0.6803431552243735
TOKYOTECH_s05,115,100,118.33333333333333,-0.8239242434501648,0.5371215082224704
TOKYOTECH_s05,115,101,118.36666666666666,0.4267438054084778,0.3800232279541741
TOKYOTECH_s05,115,102,118.4,1.6322659254074097,0.20526357098175163
TOKYOTECH_s05,115,103,118.43333333333334,1.887772560119629,0.006880001085575792
TOKYOTECH_s05,115,104,118.46666666666667,1.661935806274414,-0.21346984539051858
TOKYOTECH_s05,115,105,118.5,1.369484305381775,-0.44434422508716354
TOKYOTECH_s05,115,106,118.53333333333333,1.0804966688156128,-0.6690627038429651
TOKYOTECH_s05,115,107,118.56666666666666,0.719159722328186,-0.8708273457224287
TOKYOTECH_s05,115,108,118.6,0.36833900213241577,-1.0337969059451768
TOKYOTECH_s05,115,109,118.63333333333334,0.22214441001415253,-1.14097903280339
TOKYOTECH_s05,115,110,118.66666666666667,0.33945268392562866,-1.1735220326935634
TOKYOTECH_s05,115,111,118.7,0.47204115986824036,-1.1148025484802255
TOKYOTECH_s05,115,112,118.73333333333333,0.3601290285587311,-0.9577102721000209
TOKYOTECH_s05,115,113,118.76666666666667,-0.01252560131251812,-0.7099308411721085
TOKYOTECH_s05,115,114,118.8,-0.3657238185405731,-0.3936773274256656
TOKYOTECH_s05,115,115,118.83333333333333,-0.6163151264190674,-0.04082145023430104
TOKYOTECH_s05,115,116,118.86666666666666,-0.8509405851364136,0.3129252092910358
TOKYOTECH_s05,115,117,118.9,-1.0612388849258423,0.6322587084396036
TOKYOTECH_s05,115,118,118.93333333333334,-1.0556023120880127,0.8858940877586752
TOKYOTECH_s05,115,119,118.96666666666667,-1.0389776229858398,1.0517891695900945
TOKYOTECH_s05,115,120,119.0,-1.021382212638855,1.1231100900874225
TOKYOTECH_s05,115,121,119.03333333333333,-1.0572763681411743,1.1106239433554004
TOKYOTECH_s05,115,122,119.06666666666666,-1.157372236251831,1.038168903612544
TOKYOTECH_s05,115,123,119.1,-1.1735962629318237,0.9325087611356825
TOKYOTECH_s05,115,124,119.13333333333334,-0.9801453351974487,0.8131972464506714
TOKYOTECH_s05,115,125,119.16666666666667,0.2816622853279114,0.6882148438142095
TOKYOTECH_s05,115,126,119.2,1.6739124059677124,0.5565070689651801
TOKYOTECH_s05,115,127,119.23333333333333,1.975900650024414,0.4136106591369831
TOKYOTECH_s05,115,128,119.26666666666667,1.6670559644699097,0.25580384758116975
TOKYOTECH_s05,115,129,119.3,1.2423275709152222,0.0812027388391734
TOKYOTECH_s05,115,130,119.33333333333333,0.8361029028892517,-0.11037357139899905
TOKYOTECH_s05,115,131,119.36666666666666,0.46874648332595825,-0.316112407972699
TOKYOTECH_s05,115,132,119.4,0.23380933701992035,-0.5271941333122813
TOKYOTECH_s05,115,133,119.43333333333334,0.2690712809562683,-0.7265459995945278
TOKYOTECH_s05,115,134,119.46666666666667,0.42499852180480957,-0.8901029451687658
TOKYOTECH_s05,115,135,119.5,0.47377753257751465,-0.9921148372095759
TOKYOTECH_s05,115,136,119.53333333333333,0.38066285848617554,-1.0123955640696833
TOKYOTECH_s05,115,137,119.56666666666666,0.050091058015823364,-0.9423580222341047
TOKYOTECH_s05,115,138,119.6,-0.3473181426525116,-0.7878885143440958
TOKYOTECH_s05,115,139,119.63333333333334,-0.5609022378921509,-0.5690354748408992
TOKYOTECH_s05,115,140,119.66666666666667,-0.7989915609359741,-0.31723110852745884
TOKYOTECH_s05,115,141,119.7,-0.8921685814857483,-0.07007382628516699
TOKYOTECH_s05,115,142,119.73333333333333,-0.9273414611816406,0.13705117433899758
TOKYOTECH_s05,115,143,119.76666666666667,-0.9637432098388672,0.28175580592888866
TOKYOTECH_s05,115,144,119.8,-0.9524611830711365,0.3632587044736962
TOKYOTECH_s05,115,145,119.83333333333333,-1.0151491165161133,0.40231957449545286
TOKYOTECH_s05,115,146,119.86666666666666,-1.1084685325622559,0.429681003001006
TOKYOTECH_s05,115,147,119.9,-1.0825029611587524,0.4678434082390025
TOKYOTECH_s05,115,148,119.93333333333334,-0.17335033416748047,0.5171748465515985
TOKYOTECH_s05,115,149,119.96666666666667,1.1167559623718262,0.5560187565428754
TOKYOTECH_s05,115,150,120.0,1.6851054430007935,0.5546921742714016
TOKYOTECH_s05,115,151,120.03333333333333,1.5851342678070068,0.49313582203047773
TOKYOTECH_s05,115,152,120.06666666666666,1.2193272113800049,0.3702276539936752
TOKYOTECH_s05,115,153,120.1,0.7323651313781738,0.20017879403918973
TOKYOTECH_s05,115,154,120.13333333333334,0.3263630270957947,0.0019157654364711637
TOKYOTECH_s05,115,155,120.16666666666667,0.04359965771436691,-0.20827319643957318
TOKYOTECH_s05,115,156,120.2,-0.05015615001320839,-0.41626669559495333
TOKYOTECH_s05,115,157,120.23333333333333,0.14008915424346924,-0.6056182008386669
TOKYOTECH_s05,115,158,120.26666666666667,0.36783143877983093,-0.7551179358129568
TOKYOTECH_s05,115,159,120.3,0.23335520923137665,-0.8411241702170222
TOKYOTECH_s05,115,160,120.33333333333333,-0.06263139843940735,-0.8433432543216154
TOKYOTECH_s05,115,161,120.36666666666666,-0.3082717955112457,-0.7509610537719272
TOKYOTECH_s05,115,162,120.4,-0.6324323415756226,-0.566828785437768
TOKYOTECH_s05,115,163,120.43333333333334,-0.9237974882125854,-0.30902578437520223
TOKYOTECH_s05,115,164,120.46666666666667,-1.0223884582519531,-0.009695945039654812
TOKYOTECH_s05,115,165,120.5,-1.170444130897522,0.2894582595365918
TOKYOTECH_s05,115,166,120.53333333333333,-1.2053231000900269,0.5458290946561921
TOKYOTECH_s05,115,167,120.56666666666666,-1.1050136089324951,0.7275384514575898
TOKYOTECH_s05,115,168,120.6,-1.0619335174560547,0.8231135858422893
TOKYOTECH_s05,115,169,120.63333333333334,-1.1573455333709717,0.8429081515471843
TOKYOTECH_s05,115,170,120.66666666666667,-1.2170592546463013,0.8101458880814829
TOKYOTECH_s05,115,171,120.7,-1.1029655933380127,0.7464886652252377
TOKYOTECH_s05,115,172,120.73333333333333,-0.21402622759342194,0.6614182410290169
TOKYOTECH_s05,115,173,120.76666666666667,1.3377307653427124,0.5523315016026047
TOKYOTECH_s05,115,174,120.8,1.9860607385635376,0.4138386934306758
TOKYOTECH_s05,115,175,120.83333333333333,1.8023780584335327,0.24767163728312397
TOKYOTECH_s05,115,176,120.86666666666666,1.4779771566390991,0.06529520132681618
TOKYOTECH_s05,115,177,120.9,1.1967542171478271,-0.11785690451980607
TOKYOTECH_s05,115,178,120.93333333333334,0.891871988773346,-0.2907521429849764
TOKYOTECH_s05,115,179,120.96666666666667,0.5446041822433472,-0.45042020314780307
TOKYOTECH_s05,115,180,121.0,0.3780093193054199,-0.5983876162292644
TOKYOTECH_s05,115,181,121.03333333333333,0.43376949429512024,-0.7334686380802937
TOKYOTECH_s05,115,182,121.06666666666666,0.5359668135643005,-0.8464302665416537
TOKYOTECH_s05,115,183,121.1,0.47260215878486633,-0.9196536409812366
TOKYOTECH_s05,115,184,121.13333333333334,0.24044321477413177,-0.9312706901816703
TOKYOTECH_s05,115,185,121.16666666666667,-0.04914103075861931,-0.8613912870599812
TOKYOTECH_s05,115,186,121.2,-0.3999706506729126,-0.6988138089509943
TOKYOTECH_s05,115,187,121.23333333333333,-0.6880411505699158,-0.4475778435455373
TOKYOTECH_s05,115,188,121.26666666666667,-0.7907014489173889,-0.13163024141827442
TOKYOTECH_s05,115,189,121.3,-0.8905390501022339,0.20590925796605775
TOKYOTECH_s05,115,190,121.33333333333333,-0.9801097512245178,0.5119715536592384
TOKYOTECH_s05,115,191,121.36666666666666,-0.912479817867279,0.7400507185494016
TOKYOTECH_s05,115,192,121.4,-0.9180273413658142,0.8664789153208259
TOKYOTECH_s05,115,193,121.43333333333334,-0.9526125192642212,0.8966716885614148
TOKYOTECH_s05,115,194,121.46666666666667,-0.9958974719047546,0.8571810788063462
TOKYOTECH_s05,115,195,121.5,-1.1863386631011963,0.7786958361216559
TOKYOTECH_s05,115,196,121.53333333333333,-1.0872223377227783,0.6808559816492993
TOKYOTECH_s05,115,197,121.56666666666666,-0.10877467691898346,0.5678704767719509
TOKYOTECH_s05,115,198,121.6,1.4017008543014526,0.4356337258709239
TOKYOTECH_s05,115,199,121.63333333333334,1.9886252880096436,0.28282059099687645
TOKYOTECH_s05,115,200,121.66666666666667,1.8153342008590698,0.11664013166258068
TOKYOTECH_s05,115,201,121.7,1.5497742891311646,-0.05064158351113224
TOKYOTECH_s05,115,202,121.73333333333333,1.2033880949020386,-0.21004494193780998
TOKYOTECH_s05,115,203,121.76666666666667,0.8568949699401855,-0.3609793722037624
TOKYOTECH_s05,115,204,121.8,0.6022164821624756,-0.5092298349556076
TOKYOTECH_s05,115,205,121.83333333333333,0.48895975947380066,-0.6605128604378434
TOKYOTECH_s05,115,206,121.86666666666666,0.5506325364112854,-0.8143225161035725
TOKYOTECH_s05,115,207,121.9,0.5828224420547485,-0.960513708545268
TOKYOTECH_s05,115,208,121.93333333333334,0.5243196487426758,-1.078424686334685
TOKYOTECH_s05,115,209,121.96666666666667,0.33123379945755005,-1.138113250805175
TOKYOTECH_s05,115,210,122.0,-0.06436777859926224,-1.1052368861233748
TOKYOTECH_s05,115,211,122.03333333333333,-0.4190797805786133,-0.9514576998968565
TOKYOTECH_s05,115,212,122.06666666666666,-0.5753275752067566,-0.6684712823167498
TOKYOTECH_s05,115,213,122.1,-0.7552347183227539,-0.27889383035119314
TOKYOTECH_s05,115,214,122.13333333333334,-0.8502638936042786,0.16380929651448245
TOKYOTECH_s05,115,215,122.16666666666667,-0.8550901412963867,0.5892723352471388
TOKYOTECH_s05,115,216,122.2,-0.8913137316703796,0.9324260277214957
TOKYOTECH_s05,115,217,122.23333333333333,-0.8409853577613831,1.1528219909925623
TOKYOTECH_s05,115,218,122.26666666666667,-0.8706730604171753,1.242312241833939
TOKYOTECH_s05,115,219,122.3,-0.9424970149993896,1.2197080874094652
TOKYOTECH_s05,115,220,122.33333333333333,-1.076991081237793,1.1176201388469889
TOKYOTECH_s05,115,221,122.36666666666666,-1.1854393482208252,0.9690651524843397
TOKYOTECH_s05,115,222,122.4,-1.0413105487823486,0.7993419826701729
TOKYOTECH_s05,115,223,122.43333333333334,0.20094271004199982,0.6243748661041993
TOKYOTECH_s05,115,224,122.46666666666667,1.6101559400558472,0.4531502947056164
TOKYOTECH_s05,115,225,122.5,1.9414223432540894,0.2907592614506588
TOKYOTECH_s05,115,226,122.53333333333333,1.6256320476531982,0.13987169602142777
TOKYOTECH_s05,115,227,122.56666666666666,1.253119945526123,0.0005742240356396335
TOKYOTECH_s05,115,228,122.6,0.9405975937843323,-0.13027836065800671
TOKYOTECH_s05,115,229,122.63333333333334,0.5367593169212341,-0.25891619247226305
TOKYOTECH_s05,115,230,122.66666666666667,0.1872742623090744,-0.3928370067462187
TOKYOTECH_s05,115,231,122.7,0.28365689516067505,-0.5370865445002079
TOKYOTECH_s05,115,232,122.73333333333333,0.4890042841434479,-0.6892757276085566
TOKYOTECH_s05,115,233,122.76666666666667,0.5418081283569336,-0.8352185619385669
TOKYOTECH_s05,115,234,122.8,0.35428765416145325,-0.9482289129399628
TOKYOTECH_s05,115,235,122.83333333333333,0.04591483622789383,-0.9946249778913878
TOKYOTECH_s05,115,236,122.86666666666666,-0.23555739223957062,-0.9450593939414063
TOKYOTECH_s05,115,237,122.9,-0.50185626745224,-0.7875025854171882
TOKYOTECH_s05,115,238,122.93333333333334,-0.7224037051200867,-0.535675057118428
TOKYOTECH_s05,115,239,122.96666666666667,-0.900147020816803,-0.22829622166100666
TOKYOTECH_s05,116,0,116.0,-0.38105741143226624,-0.12641587571669177
TOKYOTECH_s05,116,1,116.03333333333333,1.2405734062194824,-1.4397551866403862
TOKYOTECH_s05,116,2,116.06666666666666,2.0654001235961914,-2.5525064155720703
TOKYOTECH_s05,116,3,116.1,1.8859648704528809,-3.317948833654823
TOKYOTECH_s05,116,4,116.13333333333334,1.486676812171936,-3.678456940724403
TOKYOTECH_s05,116,5,116.16666666666667,1.1890339851379395,-3.67245099088576
TOKYOTECH_s05,116,6,116.2,0.8613383173942566,-3.408354452445965
TOKYOTECH_s05,116,7,116.23333333333333,0.44335076212882996,-3.0187845039132273
TOKYOTECH_s05,116,8,116.26666666666667,0.28540217876434326,-2.616114506726439
TOKYOTECH_s05,116,9,116.3,0.4393170177936554,-2.265872502743668
TOKYOTECH_s05,116,10,116.33333333333333,0.56415855884552,-1.982106712297422
TOKYOTECH_s05,116,11,116.36666666666666,0.512814998626709,-1.738288484830033
TOKYOTECH_s05,116,12,116.4,0.22491371631622314,-1.4850473784000704
TOKYOTECH_s05,116,13,116.43333333333334,-0.06589935719966888,-1.1696058002265446
TOKYOTECH_s05,116,14,116.46666666666667,-0.38057658076286316,-0.754922046747342
TOKYOTECH_s05,116,15,116.5,-0.6232161521911621,-0.23563850725989693
TOKYOTECH_s05,116,16,116.53333333333333,-0.800772488117218,0.3554905507269725
TOKYOTECH_s05,116,17,116.56666666666666,-0.9057301878929138,0.9560672183385441
TOKYOTECH_s05,116,18,116.6,-0.9392112493515015,1.4943411458983888
TOKYOTECH_s05,116,19,116.63333333333334,-0.9482048153877258,1.910519715305241
TOKYOTECH_s05,116,20,116.66666666666667,-0.9367446899414062,2.169560051894648
TOKYOTECH_s05,116,21,116.7,-0.9146614074707031,2.2631131024360784
TOKYOTECH_s05,116,22,116.73333333333333,-1.0832687616348267,2.2041427209243567
TOKYOTECH_s05,116,23,116.76666666666667,-1.0925383567810059,2.019395810778916
TOKYOTECH_s05,116,24,116.8,-0.2369910180568695,1.743132497807602
TOKYOTECH_s05,116,25,116.83333333333333,1.196068525314331,1.4124411342768013
TOKYOTECH_s05,116,26,116.86666666666666,1.784889578819275,1.0624660971561788
TOKYOTECH_s05,116,27,116.9,1.6784803867340088,0.720642310713522
TOKYOTECH_s05,116,28,116.93333333333334,1.3355580568313599,0.4019585086809061
TOKYOTECH_s05,116,29,116.96666666666667,0.9148812890052795,0.10885352688984927
TOKYOTECH_s05,116,30,117.0,0.5185227990150452,-0.1629523099971807
TOKYOTECH_s05,116,31,117.03333333333333,0.13639377057552338,-0.4156329055915055
TOKYOTECH_s05,116,32,117.06666666666666,0.14829912781715393,-0.6428219093066135
TOKYOTECH_s05,116,33,117.1,0.355623334646225,-0.8294662549130398
TOKYOTECH_s05,116,34,117.13333333333334,0.5240614414215088,-0.9573094372501078
TOKYOTECH_s05,116,35,117.16666666666667,0.4082401990890503,-1.01174719084796
TOKYOTECH_s05,116,36,117.2,0.11116723716259003,-0.9862846499868444
TOKYOTECH_s05,116,37,117.23333333333333,-0.2207847684621811,-0.8839210268797449
TOKYOTECH_s05,116,38,117.26666666666667,-0.47987100481987,-0.7170714704943643
TOKYOTECH_s05,116,39,117.3,-0.7271854281425476,-0.5071338984048691
TOKYOTECH_s05,116,40,117.33333333333333,-0.9087399244308472,-0.28234559835180667
TOKYOTECH_s05,116,41,117.36666666666666,-0.9163978099822998,-0.07192717392438837
TOKYOTECH_s05,116,42,117.4,-0.9053918123245239,0.10226309637224011
TOKYOTECH_s05,116,43,117.43333333333334,-0.9477328658103943,0.23185965052753696
TOKYOTECH_s05,116,44,117.46666666666667,-1.0010175704956055,0.3217482950403379
TOKYOTECH_s05,116,45,117.5,-1.002549171447754,0.38349262413983926
TOKYOTECH_s05,116,46,117.53333333333333,-0.9682756066322327,0.42686760976100796
TOKYOTECH_s05,116,47,117.56666666666666,-0.06308552622795105,0.45487388005843327
TOKYOTECH_s05,116,48,117.6,1.2611340284347534,0.4641057862992126
TOKYOTECH_s05,116,49,117.63333333333334,1.7614350318908691,0.4480161890587444
TOKYOTECH_s05,116,50,117.66666666666667,1.6115984916687012,0.3995218155762067
TOKYOTECH_s05,116,51,117.7,1.3043832778930664,0.311777418615364
TOKYOTECH_s05,116,52,117.73333333333333,0.9869545698165894,0.17914541155761501
TOKYOTECH_s05,116,53,117.76666666666667,0.6132224798202515,0.0008697057919641608
TOKYOTECH_s05,116,54,117.8,0.19352523982524872,-0.21332779922940398
TOKYOTECH_s05,116,55,117.83333333333333,0.01550586149096489,-0.43984164748367605
TOKYOTECH_s05,116,56,117.86666666666666,0.2532746493816376,-0.6435755006704981
TOKYOTECH_s05,116,57,117.9,0.3767537772655487,-0.7860826301805135
TOKYOTECH_s05,116,58,117.93333333333334,0.25436100363731384,-0.8358180501402799
TOKYOTECH_s05,116,59,117.96666666666667,0.05471251159906387,-0.7760783309720984
TOKYOTECH_s05,116,60,118.0,-0.1509198248386383,-0.6085866053813717
TOKYOTECH_s05,116,61,118.03333333333333,-0.567990243434906,-0.3533325613727273
TOKYOTECH_s05,116,62,118.06666666666666,-0.840522289276123,-0.04559516886081501
TOKYOTECH_s05,116,63,118.1,-0.9421229958534241,0.26988355055118424
TOKYOTECH_s05,116,64,118.13333333333334,-0.994383692741394,0.5476077080386991
TOKYOTECH_s05,116,65,118.16666666666667,-0.9853188991546631,0.7515597172791348
TOKYOTECH_s05,116,66,118.2,-1.0498322248458862,0.8637895379811779
TOKYOTECH_s05,116,67,118.23333333333333,-0.9617218971252441,0.8874008222389793
TOKYOTECH_s05,116,68,118.26666666666667,-0.9977585077285767,0.8414100589273241
TOKYOTECH_s05,116,69,118.3,-1.1173908710479736,0.748979629926631
TOKYOTECH_s05,116,70,118.33333333333333,-0.8239242434501648,0.6253325899381764
TOKYOTECH_s05,116,71,118.36666666666666,0.4267438054084778,0.47284015315062067
TOKYOTECH_s05,116,72,118.4,1.6322659254074097,0.2859899268237542
TOKYOTECH_s05,116,73,118.43333333333334,1.887772560119629,0.061886701072482724
TOKYOTECH_s05,116,74,118.46666666666667,1.661935806274414,-0.19169939907063366
TOKYOTECH_s05,116,75,118.5,1.369484305381775,-0.45609674570438713
TOKYOTECH_s05,116,76,118.53333333333333,1.0804966688156128,-0.7076912839156845
TOKYOTECH_s05,116,77,118.56666666666666,0.719159722328186,-0.9238740190288999
TOKYOTECH_s05,116,78,118.6,0.36833900213241577,-1.08507687183357
TOKYOTECH_s05,116,79,118.63333333333334,0.22214441001415253,-1.1743639245397188
TOKYOTECH_s05,116,80,118.66666666666667,0.33945268392562866,-1.1783584633681268
TOKYOTECH_s05,116,81,118.7,0.47204115986824036,-1.0910986714064241
TOKYOTECH_s05,116,82,118.73333333333333,0.3601290285587311,-0.9182984222859808
TOKYOTECH_s05,116,83,118.76666666666667,-0.01252560131251812,-0.6777376252122683
TOKYOTECH_s05,116,84,118.8,-0.3657238185405731,-0.39431803369529755
TOKYOTECH_s05,116,85,118.83333333333333,-0.6163151264190674,-0.0928395554948384
TOKYOTECH_s05,116,86,118.86666666666666,-0.8509405851364136,0.20657942731629358
TOKYOTECH_s05,116,87,118.9,-1.0612388849258423,0.487990730664748
TOKYOTECH_s05,116,88,118.93333333333334,-1.0556023120880127,0.7364698530215921
TOKYOTECH_s05,116,89,118.96666666666667,-1.0389776229858398,0.9370832303444206
TOKYOTECH_s05,116,90,119.0,-1.021382212638855,1.077626386603973
TOKYOTECH_s05,116,91,119.03333333333333,-1.0572763681411743,1.1522574731181632
TOKYOTECH_s05,116,92,119.06666666666666,-1.157372236251831,1.1622667298991973
TOKYOTECH_s05,116,93,119.1,-1.1735962629318237,1.1131961137056265
TOKYOTECH_s05,116,94,119.13333333333334,-0.9801453351974487,1.0111860443791607
TOKYOTECH_s05,116,95,119.16666666666667,0.2816622853279114,0.8621105419714262
TOKYOTECH_s05,116,96,119.2,1.6739124059677124,0.6737789328542387
TOKYOTECH_s05,116,97,119.23333333333333,1.975900650024414,0.4579982687837742
TOKYOTECH_s05,116,98,119.26666666666667,1.6670559644699097,0.2294960058174386
TOKYOTECH_s05,116,99,119.3,1.2423275709152222,0.0019366204264681273
TOKYOTECH_s05,116,100,119.33333333333333,0.8361029028892517,-0.21570417565327812
TOKYOTECH_s05,116,101,119.36666666666666,0.46874648332595825,-0.41910600045429663
TOKYOTECH_s05,116,102,119.4,0.23380933701992035,-0.6048552657605871
TOKYOTECH_s05,116,103,119.43333333333334,0.2690712809562683,-0.7661995712919977
TOKYOTECH_s05,116,104,119.46666666666667,0.42499852180480957,-0.8916631153100121
TOKYOTECH_s05,116,105,119.5,0.47377753257751465,-0.9674068571042239
TOKYOTECH_s05,116,106,119.53333333333333,0.38066285848617554,-0.9815980095588526
TOKYOTECH_s05,116,107,119.56666666666666,0.050091058015823364,-0.9282286555338893
TOKYOTECH_s05,116,108,119.6,-0.3473181426525116,-0.8091073519907525
TOKYOTECH_s05,116,109,119.63333333333334,-0.5609022378921509,-0.6344042419883237
TOKYOTECH_s05,116,110,119.66666666666667,-0.7989915609359741,-0.4223455128616981
TOKYOTECH_s05,116,111,119.7,-0.8921685814857483,-0.19750506205959004
TOKYOTECH_s05,116,112,119.73333333333333,-0.9273414611816406,0.013800260105839186
TOKYOTECH_s05,116,113,119.76666666666667,-0.9637432098388672,0.19122681129615673
TOKYOTECH_s05,116,114,119.8,-0.9524611830711365,0.32789431579374856
TOKYOTECH_s05,116,115,119.83333333333333,-1.0151491165161133,0.43199270221196717
TOKYOTECH_s05,116,116,119.86666666666666,-1.1084685325622559,0.5191555220691368
TOKYOTECH_s05,116,117,119.9,-1.0825029611587524,0.5987121543715358
TOKYOTECH_s05,116,118,119.93333333333334,-0.17335033416748047,0.6631925825298488
TOKYOTECH_s05,116,119,119.96666666666667,1.1167559623718262,0.6898787220243979
TOKYOTECH_s05,116,120,120.0,1.6851054430007935,0.6540134997527022
TOKYOTECH_s05,116,121,120.03333333333333,1.5851342678070068,0.5439359159733441
TOKYOTECH_s05,116,122,120.06666666666666,1.2193272113800049,0.3677656098435469
TOKYOTECH_s05,116,123,120.1,0.7323651313781738,0.14859354561059093
TOKYOTECH_s05,116,124,120.13333333333334,0.3263630270957947,-0.08627529693331791
TOKYOTECH_s05,116,125,120.16666666666667,0.04359965771436691,-0.31346922408144096
TOKYOTECH_s05,116,126,120.2,-0.05015615001320839,-0.5151286606511255
TOKYOTECH_s05,116,127,120.23333333333333,0.14008915424346924,-0.6764391524851082
TOKYOTECH_s05,116,128,120.26666666666667,0.36783143877983093,-0.7836244622212573
TOKYOTECH_s05,116,129,120.3,0.23335520923137665,-0.8246094514459354
TOKYOTECH_s05,116,130,120.33333333333333,-0.06263139843940735,-0.791570951437185
TOKYOTECH_s05,116,131,120.36666666666666,-0.3082717955112457,-0.683302712627479
TOKYOTECH_s05,116,132,120.4,-0.6324323415756226,-0.5061673403553164
TOKYOTECH_s05,116,133,120.43333333333334,-0.9237974882125854,-0.27397012958469624
TOKYOTECH_s05,116,134,120.46666666666667,-1.0223884582519531,-0.007582260239864151
TOKYOTECH_s05,116,135,120.5,-1.170444130897522,0.26596748857424135
TOKYOTECH_s05,116,136,120.53333333333333,-1.2053231000900269,0.5167171243764777
TOKYOTECH_s05,116,137,120.56666666666666,-1.1050136089324951,0.718321915411397
TOKYOTECH_s05,116,138,120.6,-1.0619335174560547,0.8552727969900602
TOKYOTECH_s05,116,139,120.63333333333334,-1.1573455333709717,0.9256844403828434
TOKYOTECH_s05,116,140,120.66666666666667,-1.2170592546463013,0.9370195253940813
TOKYOTECH_s05,116,141,120.7,-1.1029655933380127,0.8976325592356826
TOKYOTECH_s05,116,142,120.73333333333333,-0.21402622759342194,0.8108263825432029
TOKYOTECH_s05,116,143,120.76666666666667,1.3377307653427124,0.6763900097927494
TOKYOTECH_s05,116,144,120.8,1.9860607385635376,0.49779066696603624
TOKYOTECH_s05,116,145,120.83333333333333,1.8023780584335327,0.2877640106626431
TOKYOTECH_s05,116,146,120.86666666666666,1.4779771566390991,0.06653522200014848
TOKYOTECH_s05,116,147,120.9,1.1967542171478271,-0.14656777045411506
TOKYOTECH_s05,116,148,120.93333333333334,0.891871988773346,-0.34158625749364
TOKYOTECH_s05,116,149,120.96666666666667,0.5446041822433472,-0.5196699568489123
TOKYOTECH_s05,116,150,121.0,0.3780093193054199,-0.6868559521005287
TOKYOTECH_s05,116,151,121.03333333333333,0.43376949429512024,-0.8447803702534673
TOKYOTECH_s05,116,152,121.06666666666666,0.5359668135643005,-0.9845091245840111
TOKYOTECH_s05,116,153,121.1,0.47260215878486633,-1.0864956503516687
TOKYOTECH_s05,116,154,121.13333333333334,0.24044321477413177,-1.1256055673230343
TOKYOTECH_s05,116,155,121.16666666666667,-0.04914103075861931,-1.0782918867863027
TOKYOTECH_s05,116,156,121.2,-0.3999706506729126,-0.9300081133989849
TOKYOTECH_s05,116,157,121.23333333333333,-0.6880411505699158,-0.6821012289975591
TOKYOTECH_s05,116,158,121.26666666666667,-0.7907014489173889,-0.356419080612428
TOKYOTECH_s05,116,159,121.3,-0.8905390501022339,0.005701526833268928
TOKYOTECH_s05,116,160,121.33333333333333,-0.9801097512245178,0.3525955477898093
TOKYOTECH_s05,116,161,121.36666666666666,-0.912479817867279,0.6379067765737492
TOKYOTECH_s05,116,162,121.4,-0.9180273413658142,0.8355584850069662
TOKYOTECH_s05,116,163,121.43333333333334,-0.9526125192642212,0.9453953048361939
TOKYOTECH_s05,116,164,121.46666666666667,-0.9958974719047546,0.9861656538519443
TOKYOTECH_s05,116,165,121.5,-1.1863386631011963,0.9806573337629626
TOKYOTECH_s05,116,166,121.53333333333333,-1.0872223377227783,0.9424527123504142
TOKYOTECH_s05,116,167,121.56666666666666,-0.10877467691898346,0.8719423183069485
TOKYOTECH_s05,116,168,121.6,1.4017008543014526,0.7623239011759431
TOKYOTECH_s05,116,169,121.63333333333334,1.9886252880096436,0.6095684404091842
TOKYOTECH_s05,116,170,121.66666666666667,1.8153342008590698,0.41868250783804056
TOKYOTECH_s05,116,171,121.7,1.5497742891311646,0.20262394328686928
TOKYOTECH_s05,116,172,121.73333333333333,1.2033880949020386,-0.023463009946250543
TOKYOTECH_s05,116,173,121.76666666666667,0.8568949699401855,-0.24696899239071726
TOKYOTECH_s05,116,174,121.8,0.6022164821624756,-0.458568881591858
TOKYOTECH_s05,116,175,121.83333333333333,0.48895975947380066,-0.6505339881613298
TOKYOTECH_s05,116,176,121.86666666666666,0.5506325364112854,-0.8152308521440534
TOKYOTECH_s05,116,177,121.9,0.5828224420547485,-0.9444506464667344
TOKYOTECH_s05,116,178,121.93333333333334,0.5243196487426758,-1.028369241950573
TOKYOTECH_s05,116,179,121.96666666666667,0.33123379945755005,-1.053676720717042
TOKYOTECH_s05,116,180,122.0,-0.06436777859926224,-1.003338103309033
TOKYOTECH_s05,116,181,122.03333333333333,-0.4190797805786133,-0.8614597063628565
TOKYOTECH_s05,116,182,122.06666666666666,-0.5753275752067566,-0.623080760441901
TOKYOTECH_s05,116,183,122.1,-0.7552347183227539,-0.30349991097840573
TOKYOTECH_s05,116,184,122.13333333333334,-0.8502638936042786,0.05997956869452504
TOKYOTECH_s05,116,185,122.16666666666667,-0.8550901412963867,0.4170823681119186
TOKYOTECH_s05,116,186,122.2,-0.8913137316703796,0.7201684645354413
TOKYOTECH_s05,116,187,122.23333333333333,-0.8409853577613831,0.9375936418355647
TOKYOTECH_s05,116,188,122.26666666666667,-0.8706730604171753,1.0584096610163087
TOKYOTECH_s05,116,189,122.3,-0.9424970149993896,1.0883052937194027
TOKYOTECH_s05,116,190,122.33333333333333,-1.076991081237793,1.041337944115354
TOKYOTECH_s05,116,191,122.36666666666666,-1.1854393482208252,0.9327406668613358
TOKYOTECH_s05,116,192,122.4,-1.0413105487823486,0.7756828845758394
TOKYOTECH_s05,116,193,122.43333333333334,0.20094271004199982,0.5816219410955613
TOKYOTECH_s05,116,194,122.46666666666667,1.6101559400558472,0.3620077954266196
TOKYOTECH_s05,116,195,122.5,1.9414223432540894,0.12920475832234554
TOKYOTECH_s05,116,196,122.53333333333333,1.6256320476531982,-0.10414334094342914
TOKYOTECH_s05,116,197,122.56666666666666,1.253119945526123,-0.32674087828156007
TOKYOTECH_s05,116,198,122.6,0.9405975937843323,-0.5302816522463184
TOKYOTECH_s05,116,199,122.63333333333334,0.5367593169212341,-0.7103834412441725
TOKYOTECH_s05,116,200,122.66666666666667,0.1872742623090744,-0.8663437501135842
TOKYOTECH_s05,116,201,122.7,0.28365689516067505,-0.9992180581731613
TOKYOTECH_s05,116,202,122.73333333333333,0.4890042841434479,-1.1078567996362512
TOKYOTECH_s05,116,203,122.76666666666667,0.5418081283569336,-1.183901126646882
TOKYOTECH_s05,116,204,122.8,0.35428765416145325,-1.209076686533933
TOKYOTECH_s05,116,205,122.83333333333333,0.04591483622789383,-1.1584848282642046
TOKYOTECH_s05,116,206,122.86666666666666,-0.23555739223957062,-1.0101268561145582
TOKYOTECH_s05,116,207,122.9,-0.50185626745224,-0.7563146200981555
TOKYOTECH_s05,116,208,122.93333333333334,-0.7224037051200867,-0.41081890707110785
TOKYOTECH_s05,116,209,122.96666666666667,-0.900147020816803,-0.007804007333686233
TOKYOTECH_s05,116,210,123.0,-0.9512590765953064,0.4067494222406147
TOKYOTECH_s05,116,211,123.03333333333333,-0.920502781867981,0.7866794843670364
TOKYOTECH_s05,116,212,123.06666666666666,-0.9707778096199036,1.095476366235778
TOKYOTECH_s05,116,213,123.1,-0.9675543308258057,1.3115776278000018
TOKYOTECH_s05,116,214,123.13333333333334,-0.979851484298706,1.428852331611493
TOKYOTECH_s05,116,215,123.16666666666667,-1.0246769189834595,1.4535685772528173
TOKYOTECH_s05,116,216,123.2,-1.1410057544708252,1.3996100986449351
TOKYOTECH_s05,116,217,123.23333333333333,-1.3504313230514526,1.2835350193062371
TOKYOTECH_s05,116,218,123.26666666666667,-0.9942501187324524,1.1207831662321968
TOKYOTECH_s05,116,219,123.3,0.5205263495445251,0.9239997170390318
TOKYOTECH_s05,116,220,123.33333333333333,1.8501063585281372,0.7037803391138175
TOKYOTECH_s05,116,221,123.36666666666666,1.9759896993637085,0.4708724583335742
TOKYOTECH_s05,116,222,123.4,1.6381696462631226,0.23752167180466832
TOKYOTECH_s05,116,223,123.43333333333334,1.334836721420288,0.016041546888680792
TOKYOTECH_s05,116,224,123.46666666666667,0.9893854856491089,-0.1846131604615987
TOKYOTECH_s05,116,225,123.5,0.5392258167266846,-0.361174932269087
TOKYOTECH_s05,116,226,123.53333333333333,0.2866310179233551,-0.5149264166015938
TOKYOTECH_s05,116,227,123.56666666666666,0.34622013568878174,-0.6477721143826972
TOKYOTECH_s05,116,228,123.6,0.46343937516212463,-0.7588023302839026
TOKYOTECH_s05,116,229,123.63333333333334,0.5338742136955261,-0.84423604416617
TOKYOTECH_s05,116,230,123.66666666666667,0.38517746329307556,-0.9001598342016727
TOKYOTECH_s05,116,231,123.7,0.006423240527510643,-0.9247097095015975
TOKYOTECH_s05,116,232,123.73333333333333,-0.3004625141620636,-0.9174769502195489
TOKYOTECH_s05,116,233,123.76666666666667,-0.6163062453269958,-0.8774170660056629
TOKYOTECH_s05,116,234,123.8,-0.8219652771949768,-0.8026419590987216
TOKYOTECH_s05,116,235,123.83333333333333,-0.9687119126319885,-0.6936478184952402
TOKYOTECH_s05,116,236,123.86666666666666,-1.0647828578948975,-0.5569244094176241
TOKYOTECH_s05,116,237,123.9,-1.0494047403335571,-0.40425505114824417
TOKYOTECH_s05,116,238,123.93333333333334,-1.0432873964309692,-0.24752338377527042
TOKYOTECH_s05,116,239,123.96666666666667,-1.0574723482131958,-0.0939572087460941
TOKYOTECH_s05,117,0,117.0,0.5185227990150452,-0.03448586737269545
TOKYOTECH_s05,117,1,117.03333333333333,0.13639377057552338,-1.5977199922115777
TOKYOTECH_s05,117,2,117.06666666666666,0.14829912781715393,-2.9146818577861437
TOKYOTECH_s05,117,3,117.1,0.355623334646225,-3.7983231773892587
TOKYOTECH_s05,117,4,117.13333333333334,0.5240614414215088,-4.163997297692981
TOKYOTECH_s05,117,5,117.16666666666667,0.4082401990890503,-4.039810535859615
TOKYOTECH_s05,117,6,117.2,0.11116723716259003,-3.541706200392209
TOKYOTECH_s05,117,7,117.23333333333333,-0.2207847684621811,-2.8276891839942526
TOKYOTECH_s05,117,8,117.26666666666667,-0.47987100481987,-2.052134420728122
TOKYOTECH_s05,117,9,117.3,-0.7271854281425476,-1.3348572359772999
TOKYOTECH_s05,117,10,117.33333333333333,-0.9087399244308472,-0.7480225546046879
TOKYOTECH_s05,117,11,117.36666666666666,-0.9163978099822998,-0.31596904390843084
TOKYOTECH_s05,117,12,117.4,-0.9053918123245239,-0.022857052833660255
TOKYOTECH_s05,117,13,117.43333333333334,-0.9477328658103943,0.17378207073850704
TOKYOTECH_s05,117,14,117.46666666666667,-1.0010175704956055,0.3251231716591141
TOKYOTECH_s05,117,15,117.5,-1.002549171447754,0.47277067621681557
TOKYOTECH_s05,117,16,117.53333333333333,-0.9682756066322327,0.6361121467807307
TOKYOTECH_s05,117,17,117.56666666666666,-0.06308552622795105,0.8098358081855886
TOKYOTECH_s05,117,18,117.6,1.2611340284347534,0.9711262192893675
TOKYOTECH_s05,117,19,117.63333333333334,1.7614350318908691,1.091179765044713
TOKYOTECH_s05,117,20,117.66666666666667,1.6115984916687012,1.1447998368980261
TOKYOTECH_s05,117,21,117.7,1.3043832778930664,1.1150838382224424
TOKYOTECH_s05,117,22,117.73333333333333,0.9869545698165894,0.9947801714209991
TOKYOTECH_s05,117,23,117.76666666666667,0.6132224798202515,0.7878415351422887
TOKYOTECH_s05,117,24,117.8,0.19352523982524872,0.5123402293486389
TOKYOTECH_s05,117,25,117.83333333333333,0.01550586149096489,0.2022301144689193
TOKYOTECH_s05,117,26,117.86666666666666,0.2532746493816376,-0.09561778189044357
TOKYOTECH_s05,117,27,117.9,0.3767537772655487,-0.3303043949908246
TOKYOTECH_s05,117,28,117.93333333333334,0.25436100363731384,-0.4590675493802367
TOKYOTECH_s05,117,29,117.96666666666667,0.05471251159906387,-0.45801664404316567
TOKYOTECH_s05,117,30,118.0,-0.1509198248386383,-0.32809178535079053
TOKYOTECH_s05,117,31,118.03333333333333,-0.567990243434906,-0.09540251408628306
TOKYOTECH_s05,117,32,118.06666666666666,-0.840522289276123,0.19384366473943387
TOKYOTECH_s05,117,33,118.1,-0.9421229958534241,0.483268472945882
TOKYOTECH_s05,117,34,118.13333333333334,-0.994383692741394,0.7193468417391143
TOKYOTECH_s05,117,35,118.16666666666667,-0.9853188991546631,0.8641491757297711
TOKYOTECH_s05,117,36,118.2,-1.0498322248458862,0.9037001526805254
TOKYOTECH_s05,117,37,118.23333333333333,-0.9617218971252441,0.848626986353919
TOKYOTECH_s05,117,38,118.26666666666667,-0.9977585077285767,0.7261321943726949
TOKYOTECH_s05,117,39,118.3,-1.1173908710479736,0.5661471354413123
TOKYOTECH_s05,117,40,118.33333333333333,-0.8239242434501648,0.3883301010113903
TOKYOTECH_s05,117,41,118.36666666666666,0.4267438054084778,0.19698029242396536
TOKYOTECH_s05,117,42,118.4,1.6322659254074097,-0.013751989397388458
TOKYOTECH_s05,117,43,118.43333333333334,1.887772560119629,-0.24869066721223415
TOKYOTECH_s05,117,44,118.46666666666667,1.661935806274414,-0.5026075854914956
TOKYOTECH_s05,117,45,118.5,1.369484305381775,-0.7591567224966713
TOKYOTECH_s05,117,46,118.53333333333333,1.0804966688156128,-0.9965131777834346
TOKYOTECH_s05,117,47,118.56666666666666,0.719159722328186,-1.1933672368217558
TOKYOTECH_s05,117,48,118.6,0.36833900213241577,-1.3308004938877807
TOKYOTECH_s05,117,49,118.63333333333334,0.22214441001415253,-1.3912160538760412
TOKYOTECH_s05,117,50,118.66666666666667,0.33945268392562866,-1.3587877082006867
TOKYOTECH_s05,117,51,118.7,0.47204115986824036,-1.2242139426423444
TOKYOTECH_s05,117,52,118.73333333333333,0.3601290285587311,-0.9915718603599771
TOKYOTECH_s05,117,53,118.76666666666667,-0.01252560131251812,-0.6817453906454496
TOKYOTECH_s05,117,54,118.8,-0.3657238185405731,-0.3288254129045578
TOKYOTECH_s05,117,55,118.83333333333333,-0.6163151264190674,0.028953287373054425
TOKYOTECH_s05,117,56,118.86666666666666,-0.8509405851364136,0.3583641262218886
TOKYOTECH_s05,117,57,118.9,-1.0612388849258423,0.6358081856930785
TOKYOTECH_s05,117,58,118.93333333333334,-1.0556023120880127,0.8474835763499264
TOKYOTECH_s05,117,59,118.96666666666667,-1.0389776229858398,0.9885318795642123
TOKYOTECH_s05,117,60,119.0,-1.021382212638855,1.0628367139478303
TOKYOTECH_s05,117,61,119.03333333333333,-1.0572763681411743,1.0817182332942377
TOKYOTECH_s05,117,62,119.06666666666666,-1.157372236251831,1.059532653844582
TOKYOTECH_s05,117,63,119.1,-1.1735962629318237,1.0071917313386907
TOKYOTECH_s05,117,64,119.13333333333334,-0.9801453351974487,0.9276726151327916
TOKYOTECH_s05,117,65,119.16666666666667,0.2816622853279114,0.8172375450882499
TOKYOTECH_s05,117,66,119.2,1.6739124059677124,0.6717014453605112
TOKYOTECH_s05,117,67,119.23333333333333,1.975900650024414,0.49284790287641134
TOKYOTECH_s05,117,68,119.26666666666667,1.6670559644699097,0.2902262653162397
TOKYOTECH_s05,117,69,119.3,1.2423275709152222,0.07755068203281172
TOKYOTECH_s05,117,70,119.33333333333333,0.8361029028892517,-0.13274283260022532
TOKYOTECH_s05,117,71,119.36666666666666,0.46874648332595825,-0.3321325004834272
TOKYOTECH_s05,117,72,119.4,0.23380933701992035,-0.5143058421502124
TOKYOTECH_s05,117,73,119.43333333333334,0.2690712809562683,-0.6715771144932434
TOKYOTECH_s05,117,74,119.46666666666667,0.42499852180480957,-0.793024225584144
TOKYOTECH_s05,117,75,119.5,0.47377753257751465,-0.8660349869436734
TOKYOTECH_s05,117,76,119.53333333333333,0.38066285848617554,-0.8801540579881405
TOKYOTECH_s05,117,77,119.56666666666666,0.050091058015823364,-0.8307611364992775
TOKYOTECH_s05,117,78,119.6,-0.3473181426525116,-0.721057766722548
TOKYOTECH_s05,117,79,119.63333333333334,-0.5609022378921509,-0.562486978570485
TOKYOTECH_s05,117,80,119.66666666666667,-0.7989915609359741,-0.3740846315600818
TOKYOTECH_s05,117,81,119.7,-0.8921685814857483,-0.18025379881910994
TOKYOTECH_s05,117,82,119.73333333333333,-0.9273414611816406,-0.005572692513687927
TOKYOTECH_s05,117,83,119.76666666666667,-0.9637432098388672,0.13333635058240684
TOKYOTECH_s05,117,84,119.8,-0.9524611830711365,0.23507893015342748
TOKYOTECH_s05,117,85,119.83333333333333,-1.0151491165161133,0.31393879723594215
TOKYOTECH_s05,117,86,119.86666666666666,-1.1084685325622559,0.3905339663684883
TOKYOTECH_s05,117,87,119.9,-1.0825029611587524,0.47660503949501165
TOKYOTECH_s05,117,88,119.93333333333334,-0.17335033416748047,0.5637642510135857
TOKYOTECH_s05,117,89,119.96666666666667,1.1167559623718262,0.6250429028206103
TOKYOTECH_s05,117,90,120.0,1.6851054430007935,0.6290443355606455
TOKYOTECH_s05,117,91,120.03333333333333,1.5851342678070068,0.557022513099865
TOKYOTECH_s05,117,92,120.06666666666666,1.2193272113800049,0.4115796278786689
TOKYOTECH_s05,117,93,120.1,0.7323651313781738,0.2126214599943599
TOKYOTECH_s05,117,94,120.13333333333334,0.3263630270957947,-0.013955615197452517
TOKYOTECH_s05,117,95,120.16666666666667,0.04359965771436691,-0.2450572190755696
TOKYOTECH_s05,117,96,120.2,-0.05015615001320839,-0.4618061688424516
TOKYOTECH_s05,117,97,120.23333333333333,0.14008915424346924,-0.6464224950468371
TOKYOTECH_s05,117,98,120.26666666666667,0.36783143877983093,-0.779995761308501
TOKYOTECH_s05,117,99,120.3,0.23335520923137665,-0.8440037592480201
TOKYOTECH_s05,117,100,120.33333333333333,-0.06263139843940735,-0.824754738228878
TOKYOTECH_s05,117,101,120.36666666666666,-0.3082717955112457,-0.7179499479784319
TOKYOTECH_s05,117,102,120.4,-0.6324323415756226,-0.5310543359393276
TOKYOTECH_s05,117,103,120.43333333333334,-0.9237974882125854,-0.2829997851291998
TOKYOTECH_s05,117,104,120.46666666666667,-1.0223884582519531,-0.00206594007604777
TOKYOTECH_s05,117,105,120.5,-1.170444130897522,0.27760263532632934
TOKYOTECH_s05,117,106,120.53333333333333,-1.2053231000900269,0.5217578004502311
TOKYOTECH_s05,117,107,120.56666666666666,-1.1050136089324951,0.7043253236618047
TOKYOTECH_s05,117,108,120.6,-1.0619335174560547,0.8147489659709289
TOKYOTECH_s05,117,109,120.63333333333334,-1.1573455333709717,0.8588833644779476
TOKYOTECH_s05,117,110,120.66666666666667,-1.2170592546463013,0.8514733747131454
TOKYOTECH_s05,117,111,120.7,-1.1029655933380127,0.8047522130381857
TOKYOTECH_s05,117,112,120.73333333333333,-0.21402622759342194,0.7214173600956199
TOKYOTECH_s05,117,113,120.76666666666667,1.3377307653427124,0.5974288631422933
TOKYOTECH_s05,117,114,120.8,1.9860607385635376,0.4319210997638966
TOKYOTECH_s05,117,115,120.83333333333333,1.8023780584335327,0.23531728812824412
TOKYOTECH_s05,117,116,120.86666666666666,1.4779771566390991,0.02850457495540875
TOKYOTECH_s05,117,117,120.9,1.1967542171478271,-0.16648778909768958
TOKYOTECH_s05,117,118,120.93333333333334,0.891871988773346,-0.3369819938613158
TOKYOTECH_s05,117,119,120.96666666666667,0.5446041822433472,-0.48320221999187285
TOKYOTECH_s05,117,120,121.0,0.3780093193054199,-0.6127478110945617
TOKYOTECH_s05,117,121,121.03333333333333,0.43376949429512024,-0.7308177469496658
TOKYOTECH_s05,117,122,121.06666666666666,0.5359668135643005,-0.8329591595248137
TOKYOTECH_s05,117,123,121.1,0.47260215878486633,-0.9040734113358753
TOKYOTECH_s05,117,124,121.13333333333334,0.24044321477413177,-0.9229988360107466
TOKYOTECH_s05,117,125,121.16666666666667,-0.04914103075861931,-0.8695656882913061
TOKYOTECH_s05,117,126,121.2,-0.3999706506729126,-0.731652989632044
TOKYOTECH_s05,117,127,121.23333333333333,-0.6880411505699158,-0.511189721818905
TOKYOTECH_s05,117,128,121.26666666666667,-0.7907014489173889,-0.22782975582062198
TOKYOTECH_s05,117,129,121.3,-0.8905390501022339,0.08214427352566711
TOKYOTECH_s05,117,130,121.33333333333333,-0.9801097512245178,0.37392510873174106
TOKYOTECH_s05,117,131,121.36666666666666,-0.912479817867279,0.6081066694882779
TOKYOTECH_s05,117,132,121.4,-0.9180273413658142,0.7638657638846157
TOKYOTECH_s05,117,133,121.43333333333334,-0.9526125192642212,0.8431350862173355
TOKYOTECH_s05,117,134,121.46666666666667,-0.9958974719047546,0.8629887978244388
TOKYOTECH_s05,117,135,121.5,-1.1863386631011963,0.8417151555291689
TOKYOTECH_s05,117,136,121.53333333333333,-1.0872223377227783,0.7881783787329396
TOKYOTECH_s05,117,137,121.56666666666666,-0.10877467691898346,0.7011669066956279
TOKYOTECH_s05,117,138,121.6,1.4017008543014526,0.5775668662983404
TOKYOTECH_s05,117,139,121.63333333333334,1.9886252880096436,0.4215806313261982
TOKYOTECH_s05,117,140,121.66666666666667,1.8153342008590698,0.2471005383622542
TOKYOTECH_s05,117,141,121.7,1.5497742891311646,0.07141479843115829
TOKYOTECH_s05,117,142,121.73333333333333,1.2033880949020386,-0.09414615361776797
TOKYOTECH_s05,117,143,121.76666666666667,0.8568949699401855,-0.2486868087885813
TOKYOTECH_s05,117,144,121.8,0.6022164821624756,-0.39852118313940604
TOKYOTECH_s05,117,145,121.83333333333333,0.48895975947380066,-0.5500195491266432
TOKYOTECH_s05,117,146,121.86666666666666,0.5506325364112854,-0.7037717630179449
TOKYOTECH_s05,117,147,121.9,0.5828224420547485,-0.8521527534201945
TOKYOTECH_s05,117,148,121.93333333333334,0.5243196487426758,-0.9789892414204642
TOKYOTECH_s05,117,149,121.96666666666667,0.33123379945755005,-1.0599217604370137
TOKYOTECH_s05,117,150,122.0,-0.06436777859926224,-1.0651200739591966
TOKYOTECH_s05,117,151,122.03333333333333,-0.4190797805786133,-0.9673559454692607
TOKYOTECH_s05,117,152,122.06666666666666,-0.5753275752067566,-0.7545912094060347
TOKYOTECH_s05,117,153,122.1,-0.7552347183227539,-0.4407635347817228
TOKYOTECH_s05,117,154,122.13333333333334,-0.8502638936042786,-0.06706464474968983
TOKYOTECH_s05,117,155,122.16666666666667,-0.8550901412963867,0.3092821921835872
TOKYOTECH_s05,117,156,122.2,-0.8913137316703796,0.6336395318247
TOKYOTECH_s05,117,157,122.23333333333333,-0.8409853577613831,0.8699910230964041
TOKYOTECH_s05,117,158,122.26666666666667,-0.8706730604171753,1.0070790821688838
TOKYOTECH_s05,117,159,122.3,-0.9424970149993896,1.0541728463818811
TOKYOTECH_s05,117,160,122.33333333333333,-1.076991081237793,1.0311688610360594
TOKYOTECH_s05,117,161,122.36666666666666,-1.1854393482208252,0.958896489481406
TOKYOTECH_s05,117,162,122.4,-1.0413105487823486,0.8533917859384389
TOKYOTECH_s05,117,163,122.43333333333334,0.20094271004199982,0.7246666893149093
TOKYOTECH_s05,117,164,122.46666666666667,1.6101559400558472,0.5782562099250387
TOKYOTECH_s05,117,165,122.5,1.9414223432540894,0.41736780856642774
TOKYOTECH_s05,117,166,122.53333333333333,1.6256320476531982,0.24435091715266716
TOKYOTECH_s05,117,167,122.56666666666666,1.253119945526123,0.061351841721949116
TOKYOTECH_s05,117,168,122.6,0.9405975937843323,-0.12945958123089282
TOKYOTECH_s05,117,169,122.63333333333334,0.5367593169212341,-0.32573441292981853
TOKYOTECH_s05,117,170,122.66666666666667,0.1872742623090744,-0.5245428413281433
TOKYOTECH_s05,117,171,122.7,0.28365689516067505,-0.721135584307907
TOKYOTECH_s05,117,172,122.73333333333333,0.4890042841434479,-0.9061301240009657
TOKYOTECH_s05,117,173,122.76666666666667,0.5418081283569336,-1.0617370061582945
TOKYOTECH_s05,117,174,122.8,0.35428765416145325,-1.1603596374077878
TOKYOTECH_s05,117,175,122.83333333333333,0.04591483622789383,-1.1695298294285768
TOKYOTECH_s05,117,176,122.86666666666666,-0.23555739223957062,-1.0633671773621796
TOKYOTECH_s05,117,177,122.9,-0.50185626745224,-0.8354831032569329
TOKYOTECH_s05,117,178,122.93333333333334,-0.7224037051200867,-0.5060347742620599
TOKYOTECH_s05,117,179,122.96666666666667,-0.900147020816803,-0.11834749776842464
TOKYOTECH_s05,117,180,123.0,-0.9512590765953064,0.2734212940568685
TOKYOTECH_s05,117,181,123.03333333333333,-0.920502781867981,0.619263687206237
TOKYOTECH_s05,117,182,123.06666666666666,-0.9707778096199036,0.8844890243485776
TOKYOTECH_s05,117,183,123.1,-0.9675543308258057,1.0539576490546936
TOKYOTECH_s05,117,184,123.13333333333334,-0.979851484298706,1.1298818056345354
TOKYOTECH_s05,117,185,123.16666666666667,-1.0246769189834595,1.1257515334165535
TOKYOTECH_s05,117,186,123.2,-1.1410057544708252,1.0591880933736022
TOKYOTECH_s05,117,187,123.23333333333333,-1.3504313230514526,0.9458669579847265
TOKYOTECH_s05,117,188,123.26666666666667,-0.9942501187324524,0.7960392146010761
TOKYOTECH_s05,117,189,123.3,0.5205263495445251,0.6145861787837866
TOKYOTECH_s05,117,190,123.33333333333333,1.8501063585281372,0.4044793199291549
TOKYOTECH_s05,117,191,123.36666666666666,1.9759896993637085,0.17180972887413892
TOKYOTECH_s05,117,192,123.4,1.6381696462631226,-0.07099938172839054
TOKYOTECH_s05,117,193,123.43333333333334,1.334836721420288,-0.3065809207435022
TOKYOTECH_s05,117,194,123.46666666666667,0.9893854856491089,-0.5180457848741363
TOKYOTECH_s05,117,195,123.5,0.5392258167266846,-0.6946688346230754
TOKYOTECH_s05,117,196,123.53333333333333,0.2866310179233551,-0.8340442845664456
TOKYOTECH_s05,117,197,123.56666666666666,0.34622013568878174,-0.9397812209889533
TOKYOTECH_s05,117,198,123.6,0.46343937516212463,-1.0170414569308044
TOKYOTECH_s05,117,199,123.63333333333334,0.5338742136955261,-1.0690059711288393
TOKYOTECH_s05,117,200,123.66666666666667,0.38517746329307556,-1.095096381641857
TOKYOTECH_s05,117,201,123.7,0.006423240527510643,-1.0896887388468495
TOKYOTECH_s05,117,202,123.73333333333333,-0.3004625141620636,-1.040979572602477
TOKYOTECH_s05,117,203,123.76666666666667,-0.6163062453269958,-0.9320668785645628
TOKYOTECH_s05,117,204,123.8,-0.8219652771949768,-0.7468296908838599
TOKYOTECH_s05,117,205,123.83333333333333,-0.9687119126319885,-0.479996050717926
TOKYOTECH_s05,117,206,123.86666666666666,-1.0647828578948975,-0.14564463962734137
TOKYOTECH_s05,117,207,123.9,-1.0494047403335571,0.2227940131813978
TOKYOTECH_s05,117,208,123.93333333333334,-1.0432873964309692,0.5821711559510959
TOKYOTECH_s05,117,209,123.96666666666667,-1.0574723482131958,0.8930827566944779
TOKYOTECH_s05,117,210,124.0,-1.0400817394256592,1.129954908628156
TOKYOTECH_s05,117,211,124.03333333333333,-1.0664302110671997,1.2838653373579292
TOKYOTECH_s05,117,212,124.06666666666666,-1.2351443767547607,1.3582968467229581
TOKYOTECH_s05,117,213,124.1,-1.313815951347351,1.3612570574614482
TOKYOTECH_s05,117,214,124.13333333333334,-1.3945443630218506,1.2989593960443044
TOKYOTECH_s05,117,215,124.16666666666667,-0.5591480135917664,1.1750681402502492
TOKYOTECH_s05,117,216,124.2,1.221090316772461,0.9952795109660693
TOKYOTECH_s05,117,217,124.23333333333333,2.0753376483917236,0.7728654988615605
TOKYOTECH_s05,117,218,124.26666666666667,1.9081461429595947,0.5300582488434679
TOKYOTECH_s05,117,219,124.3,1.6261217594146729,0.2931661743750996
TOKYOTECH_s05,117,220,124.33333333333333,1.2891653776168823,0.08386075641585976
TOKYOTECH_s05,117,221,124.36666666666666,0.9366528391838074,-0.08834967230232627
TOKYOTECH_s05,117,222,124.4,0.5965265035629272,-0.22868113135645177
TOKYOTECH_s05,117,223,124.43333333333334,0.3095690906047821,-0.35385982587600207
TOKYOTECH_s05,117,224,124.46666666666667,0.33335310220718384,-0.4842646594886688
TOKYOTECH_s05,117,225,124.5,0.5580589175224304,-0.6334743911721165
TOKYOTECH_s05,117,226,124.53333333333333,0.6113525629043579,-0.7982666324148743
TOKYOTECH_s05,117,227,124.56666666666666,0.31737837195396423,-0.9532996869843806
TOKYOTECH_s05,117,228,124.6,-0.03573080897331238,-1.054897406691768
TOKYOTECH_s05,117,229,124.63333333333334,-0.3140419125556946,-1.055495044071753
TOKYOTECH_s05,117,230,124.66666666666667,-0.6455665230751038,-0.9243049379486765
TOKYOTECH_s05,117,231,124.7,-0.8622760772705078,-0.6646479429406471
TOKYOTECH_s05,117,232,124.73333333333333,-0.9495760798454285,-0.31855175986700646
TOKYOTECH_s05,117,233,124.76666666666667,-1.0502862930297852,0.044672462417366894
TOKYOTECH_s05,117,234,124.8,-1.0126736164093018,0.35041700053030533
TOKYOTECH_s05,117,235,124.83333333333333,-1.024009108543396,0.5406537110246191
TOKYOTECH_s05,117,236,124.86666666666666,-1.0173929929733276,0.5871003362149925
TOKYOTECH_s05,117,237,124.9,-1.038559079170227,0.4934258130468405
TOKYOTECH_s05,117,238,124.93333333333334,-1.1271324157714844,0.2895106504370993
TOKYOTECH_s05,117,239,124.96666666666667,-1.2055368423461914,0.022473728711627616
TOKYOTECH_s05,118,0,118.0,-0.1509198248386383,0.192482221452185
TOKYOTECH_s05,118,1,118.03333333333333,-0.567990243434906,-0.6849489017849253
TOKYOTECH_s05,118,2,118.06666666666666,-0.840522289276123,-1.4295110119464451
TOKYOTECH_s05,118,3,118.1,-0.9421229958534241,-1.939252008527129
TOKYOTECH_s05,118,4,118.13333333333334,-0.994383692741394,-2.172425350050065
TOKYOTECH_s05,118,5,118.16666666666667,-0.9853188991546631,-2.149617686983286
TOKYOTECH_s05,118,6,118.2,-1.0498322248458862,-1.9344473892061194
TOKYOTECH_s05,118,7,118.23333333333333,-0.9617218971252441,-1.6054678863537912
TOKYOTECH_s05,118,8,118.26666666666667,-0.9977585077285767,-1.234398866952985
TOKYOTECH_s05,118,9,118.3,-1.1173908710479736,-0.8778445519222798
TOKYOTECH_s05,118,10,118.33333333333333,-0.8239242434501648,-0.5786630385578468
TOKYOTECH_s05,118,11,118.36666666666666,0.4267438054084778,-0.36785735356422083
TOKYOTECH_s05,118,12,118.4,1.6322659254074097,-0.2619267522911038
TOKYOTECH_s05,118,13,118.43333333333334,1.887772560119629,-0.25833544009050247
TOKYOTECH_s05,118,14,118.46666666666667,1.661935806274414,-0.33517699502597353
TOKYOTECH_s05,118,15,118.5,1.369484305381775,-0.4579721440270787
TOKYOTECH_s05,118,16,118.53333333333333,1.0804966688156128,-0.5901145463460635
TOKYOTECH_s05,118,17,118.56666666666666,0.719159722328186,-0.7002211658690259
TOKYOTECH_s05,118,18,118.6,0.36833900213241577,-0.7631453477743457
TOKYOTECH_s05,118,19,118.63333333333334,0.22214441001415253,-0.7575623006370266
TOKYOTECH_s05,118,20,118.66666666666667,0.33945268392562866,-0.6656695443186723
TOKYOTECH_s05,118,21,118.7,0.47204115986824036,-0.4778779008817207
TOKYOTECH_s05,118,22,118.73333333333333,0.3601290285587311,-0.19988703037901312
TOKYOTECH_s05,118,23,118.76666666666667,-0.01252560131251812,0.14381844917033682
TOKYOTECH_s05,118,24,118.8,-0.3657238185405731,0.5140257008628814
TOKYOTECH_s05,118,25,118.83333333333333,-0.6163151264190674,0.8670154198889617
TOKYOTECH_s05,118,26,118.86666666666666,-0.8509405851364136,1.1653458519874416
TOKYOTECH_s05,118,27,118.9,-1.0612388849258423,1.3839397968855944
TOKYOTECH_s05,118,28,118.93333333333334,-1.0556023120880127,1.510834370632674
TOKYOTECH_s05,118,29,118.96666666666667,-1.0389776229858398,1.5457430138402113
TOKYOTECH_s05,118,30,119.0,-1.021382212638855,1.498612922470706
TOKYOTECH_s05,118,31,119.03333333333333,-1.0572763681411743,1.3873470611362713
TOKYOTECH_s05,118,32,119.06666666666666,-1.157372236251831,1.233202778360613
TOKYOTECH_s05,118,33,119.1,-1.1735962629318237,1.0545621060930936
TOKYOTECH_s05,118,34,119.13333333333334,-0.9801453351974487,0.8623474874425898
TOKYOTECH_s05,118,35,119.16666666666667,0.2816622853279114,0.6602054913027444
TOKYOTECH_s05,118,36,119.2,1.6739124059677124,0.4489264273475086
TOKYOTECH_s05,118,37,119.23333333333333,1.975900650024414,0.23107082469691786
TOKYOTECH_s05,118,38,119.26666666666667,1.6670559644699097,0.012128212924082109
TOKYOTECH_s05,118,39,119.3,1.2423275709152222,-0.20197175750450896
TOKYOTECH_s05,118,40,119.33333333333333,0.8361029028892517,-0.4077909436476294
TOKYOTECH_s05,118,41,119.36666666666666,0.46874648332595825,-0.6041935178429596
TOKYOTECH_s05,118,42,119.4,0.23380933701992035,-0.7886017327394121
TOKYOTECH_s05,118,43,119.43333333333334,0.2690712809562683,-0.9527410594564667
TOKYOTECH_s05,118,44,119.46666666666667,0.42499852180480957,-1.08146971412001
TOKYOTECH_s05,118,45,119.5,0.47377753257751465,-1.1559919443745512
TOKYOTECH_s05,118,46,119.53333333333333,0.38066285848617554,-1.1597985382705869
TOKYOTECH_s05,118,47,119.56666666666666,0.050091058015823364,-1.0842910227079936
TOKYOTECH_s05,118,48,119.6,-0.3473181426525116,-0.9320347601947787
TOKYOTECH_s05,118,49,119.63333333333334,-0.5609022378921509,-0.7174536876512537
TOKYOTECH_s05,118,50,119.66666666666667,-0.7989915609359741,-0.4655648459079685
TOKYOTECH_s05,118,51,119.7,-0.8921685814857483,-0.2086143531009284
TOKYOTECH_s05,118,52,119.73333333333333,-0.9273414611816406,0.020501873682933033
TOKYOTECH_s05,118,53,119.76666666666667,-0.9637432098388672,0.19792321986583383
TOKYOTECH_s05,118,54,119.8,-0.9524611830711365,0.3176790167331549
TOKYOTECH_s05,118,55,119.83333333333333,-1.0151491165161133,0.39336340877588427
TOKYOTECH_s05,118,56,119.86666666666666,-1.1084685325622559,0.44912851511589297
TOKYOTECH_s05,118,57,119.9,-1.0825029611587524,0.5036260636735737
TOKYOTECH_s05,118,58,119.93333333333334,-0.17335033416748047,0.5569952086628187
TOKYOTECH_s05,118,59,119.96666666666667,1.1167559623718262,0.59037257681927
TOKYOTECH_s05,118,60,120.0,1.6851054430007935,0.5782247309540736
TOKYOTECH_s05,118,61,120.03333333333333,1.5851342678070068,0.5041506271371132
TOKYOTECH_s05,118,62,120.06666666666666,1.2193272113800049,0.36934410605519175
TOKYOTECH_s05,118,63,120.1,0.7323651313781738,0.18969766627897483
TOKYOTECH_s05,118,64,120.13333333333334,0.3263630270957947,-0.013531364414032614
TOKYOTECH_s05,118,65,120.16666666666667,0.04359965771436691,-0.220909288091995
TOKYOTECH_s05,118,66,120.2,-0.05015615001320839,-0.4157381641082144
TOKYOTECH_s05,118,67,120.23333333333333,0.14008915424346924,-0.5813225297181205
TOKYOTECH_s05,118,68,120.26666666666667,0.36783143877983093,-0.6994162102325333
TOKYOTECH_s05,118,69,120.3,0.23335520923137665,-0.7522299995591399
TOKYOTECH_s05,118,70,120.33333333333333,-0.06263139843940735,-0.726908062218388
TOKYOTECH_s05,118,71,120.36666666666666,-0.3082717955112457,-0.6195983109655405
TOKYOTECH_s05,118,72,120.4,-0.6324323415756226,-0.4370237117695297
TOKYOTECH_s05,118,73,120.43333333333334,-0.9237974882125854,-0.1956826800272135
TOKYOTECH_s05,118,74,120.46666666666667,-1.0223884582519531,0.07967280307422347
TOKYOTECH_s05,118,75,120.5,-1.170444130897522,0.357605503073208
TOKYOTECH_s05,118,76,120.53333333333333,-1.2053231000900269,0.6036259334264679
TOKYOTECH_s05,118,77,120.56666666666666,-1.1050136089324951,0.7878657567669918
TOKYOTECH_s05,118,78,120.6,-1.0619335174560547,0.8940348075711548
TOKYOTECH_s05,118,79,120.63333333333334,-1.1573455333709717,0.9231869476045068
TOKYOTECH_s05,118,80,120.66666666666667,-1.2170592546463013,0.888663457465235
TOKYOTECH_s05,118,81,120.7,-1.1029655933380127,0.8055272714330006
TOKYOTECH_s05,118,82,120.73333333333333,-0.21402622759342194,0.6825257487167736
TOKYOTECH_s05,118,83,120.76666666666667,1.3377307653427124,0.5226956356892437
TOKYOTECH_s05,118,84,120.8,1.9860607385635376,0.3309432204626858
TOKYOTECH_s05,118,85,120.83333333333333,1.8023780584335327,0.12058858449064647
TOKYOTECH_s05,118,86,120.86666666666666,1.4779771566390991,-0.08780844819005984
TOKYOTECH_s05,118,87,120.9,1.1967542171478271,-0.27499510298561597
TOKYOTECH_s05,118,88,120.93333333333334,0.891871988773346,-0.43218295520041977
TOKYOTECH_s05,118,89,120.96666666666667,0.5446041822433472,-0.5633407648856648
TOKYOTECH_s05,118,90,121.0,0.3780093193054199,-0.6787847052638439
TOKYOTECH_s05,118,91,121.03333333333333,0.43376949429512024,-0.7849228164286386
TOKYOTECH_s05,118,92,121.06666666666666,0.5359668135643005,-0.8770606773965718
TOKYOTECH_s05,118,93,121.1,0.47260215878486633,-0.9390927841145562
TOKYOTECH_s05,118,94,121.13333333333334,0.24044321477413177,-0.9489511140361598
TOKYOTECH_s05,118,95,121.16666666666667,-0.04914103075861931,-0.8859786230588357
TOKYOTECH_s05,118,96,121.2,-0.3999706506729126,-0.7376267208057136
TOKYOTECH_s05,118,97,121.23333333333333,-0.6880411505699158,-0.5050556011857971
TOKYOTECH_s05,118,98,121.26666666666667,-0.7907014489173889,-0.20702230523213314
TOKYOTECH_s05,118,99,121.3,-0.8905390501022339,0.12038076136296548
TOKYOTECH_s05,118,100,121.33333333333333,-0.9801097512245178,0.431029549070231
TOKYOTECH_s05,118,101,121.36666666666666,-0.912479817867279,0.6826986909931144
TOKYOTECH_s05,118,102,121.4,-0.9180273413658142,0.8512583408203791
TOKYOTECH_s05,118,103,121.43333333333334,-0.9526125192642212,0.9363073526175537
TOKYOTECH_s05,118,104,121.46666666666667,-0.9958974719047546,0.9545340970945122
TOKYOTECH_s05,118,105,121.5,-1.1863386631011963,0.9256251168632914
TOKYOTECH_s05,118,106,121.53333333333333,-1.0872223377227783,0.8604028557363339
TOKYOTECH_s05,118,107,121.56666666666666,-0.10877467691898346,0.7586744470077464
TOKYOTECH_s05,118,108,121.6,1.4017008543014526,0.6166359415378766
TOKYOTECH_s05,118,109,121.63333333333334,1.9886252880096436,0.43668160787638083
TOKYOTECH_s05,118,110,121.66666666666667,1.8153342008590698,0.23157903563066862
TOKYOTECH_s05,118,111,121.7,1.5497742891311646,0.020216524211673574
TOKYOTECH_s05,118,112,121.73333333333333,1.2033880949020386,-0.1808359757167759
TOKYOTECH_s05,118,113,121.76666666666667,0.8568949699401855,-0.3628967365659901
TOKYOTECH_s05,118,114,121.8,0.6022164821624756,-0.5246616207861045
TOKYOTECH_s05,118,115,121.83333333333333,0.48895975947380066,-0.6679756475807586
TOKYOTECH_s05,118,116,121.86666666666666,0.5506325364112854,-0.7937763082425655
TOKYOTECH_s05,118,117,121.9,0.5828224420547485,-0.8997289891093431
TOKYOTECH_s05,118,118,121.93333333333334,0.5243196487426758,-0.9784293623615331
TOKYOTECH_s05,118,119,121.96666666666667,0.33123379945755005,-1.015335073754951
TOKYOTECH_s05,118,120,122.0,-0.06436777859926224,-0.9887787869901241
TOKYOTECH_s05,118,121,122.03333333333333,-0.4190797805786133,-0.8758171799745489
TOKYOTECH_s05,118,122,122.06666666666666,-0.5753275752067566,-0.6638511644893562
TOKYOTECH_s05,118,123,122.1,-0.7552347183227539,-0.362174115327837
TOKYOTECH_s05,118,124,122.13333333333334,-0.8502638936042786,-0.0054496032512503425
TOKYOTECH_s05,118,125,122.16666666666667,-0.8550901412963867,0.3549171104629701
TOKYOTECH_s05,118,126,122.2,-0.8913137316703796,0.667600437486597
TOKYOTECH_s05,118,127,122.23333333333333,-0.8409853577613831,0.8970314320898488
TOKYOTECH_s05,118,128,122.26666666666667,-0.8706730604171753,1.0303706332079476
TOKYOTECH_s05,118,129,122.3,-0.9424970149993896,1.07451529218007
TOKYOTECH_s05,118,130,122.33333333333333,-1.076991081237793,1.0472112461015828
TOKYOTECH_s05,118,131,122.36666666666666,-1.1854393482208252,0.967947337616174
TOKYOTECH_s05,118,132,122.4,-1.0413105487823486,0.8524008761831705
TOKYOTECH_s05,118,133,122.43333333333334,0.20094271004199982,0.711012815059008
TOKYOTECH_s05,118,134,122.46666666666667,1.6101559400558472,0.550165633583901
TOKYOTECH_s05,118,135,122.5,1.9414223432540894,0.37408836537864804
TOKYOTECH_s05,118,136,122.53333333333333,1.6256320476531982,0.18638460573757326
TOKYOTECH_s05,118,137,122.56666666666666,1.253119945526123,-0.009087745130631273
TOKYOTECH_s05,118,138,122.6,0.9405975937843323,-0.20800325419237137
TOKYOTECH_s05,118,139,122.63333333333334,0.5367593169212341,-0.4059857625606739
TOKYOTECH_s05,118,140,122.66666666666667,0.1872742623090744,-0.5991842243450652
TOKYOTECH_s05,118,141,122.7,0.28365689516067505,-0.783858700811693
TOKYOTECH_s05,118,142,122.73333333333333,0.4890042841434479,-0.9537406896284499
TOKYOTECH_s05,118,143,122.76666666666667,0.5418081283569336,-1.0956049471580405
TOKYOTECH_s05,118,144,122.8,0.35428765416145325,-1.1864671184111524
TOKYOTECH_s05,118,145,122.83333333333333,0.04591483622789383,-1.1967377380074533
TOKYOTECH_s05,118,146,122.86666666666666,-0.23555739223957062,-1.1002576726865436
TOKYOTECH_s05,118,147,122.9,-0.50185626745224,-0.8869119800406443
TOKYOTECH_s05,118,148,122.93333333333334,-0.7224037051200867,-0.5707504529958045
TOKYOTECH_s05,118,149,122.96666666666667,-0.900147020816803,-0.18856701186542565
TOKYOTECH_s05,118,150,123.0,-0.9512590765953064,0.2103347418984149
TOKYOTECH_s05,118,151,123.03333333333333,-0.920502781867981,0.5775156832765634
TOKYOTECH_s05,118,152,123.06666666666666,-0.9707778096199036,0.8758744979330152
TOKYOTECH_s05,118,153,123.1,-0.9675543308258057,1.0843021755628526
TOKYOTECH_s05,118,154,123.13333333333334,-0.979851484298706,1.196984848163695
TOKYOTECH_s05,118,155,123.16666666666667,-1.0246769189834595,1.2195609690448321
TOKYOTECH_s05,118,156,123.2,-1.1410057544708252,1.164248924321777
TOKYOTECH_s05,118,157,123.23333333333333,-1.3504313230514526,1.0453513778271635
TOKYOTECH_s05,118,158,123.26666666666667,-0.9942501187324524,0.8762868743593705
TOKYOTECH_s05,118,159,123.3,0.5205263495445251,0.6690552375984915
TOKYOTECH_s05,118,160,123.33333333333333,1.8501063585281372,0.4360099430635257
TOKYOTECH_s05,118,161,123.36666666666666,1.9759896993637085,0.19218010614220182
TOKYOTECH_s05,118,162,123.4,1.6381696462631226,-0.044674947305278614
TOKYOTECH_s05,118,163,123.43333333333334,1.334836721420288,-0.25791350425836407
TOKYOTECH_s05,118,164,123.46666666666667,0.9893854856491089,-0.4379338368104983
TOKYOTECH_s05,118,165,123.5,0.5392258167266846,-0.5857051633234959
TOKYOTECH_s05,118,166,123.53333333333333,0.2866310179233551,-0.7104950353278446
TOKYOTECH_s05,118,167,123.56666666666666,0.34622013568878174,-0.8224056184699179
TOKYOTECH_s05,118,168,123.6,0.46343937516212463,-0.9242552296207092
TOKYOTECH_s05,118,169,123.63333333333334,0.5338742136955261,-1.0079053066347503
TOKYOTECH_s05,118,170,123.66666666666667,0.38517746329307556,-1.0565906321351173
TOKYOTECH_s05,118,171,123.7,0.006423240527510643,-1.0506654166763656
TOKYOTECH_s05,118,172,123.73333333333333,-0.3004625141620636,-0.9731950034864325
TOKYOTECH_s05,118,173,123.76666666666667,-0.6163062453269958,-0.8139726896710581
TOKYOTECH_s05,118,174,123.8,-0.8219652771949768,-0.57308851399746
TOKYOTECH_s05,118,175,123.83333333333333,-0.9687119126319885,-0.2648661344677579
TOKYOTECH_s05,118,176,123.86666666666666,-1.0647828578948975,0.0804263203916517
TOKYOTECH_s05,118,177,123.9,-1.0494047403335571,0.4211870778268456
TOKYOTECH_s05,118,178,123.93333333333334,-1.0432873964309692,0.7155600800988529
TOKYOTECH_s05,118,179,123.96666666666667,-1.0574723482131958,0.9338028239874209
TOKYOTECH_s05,118,180,124.0,-1.0400817394256592,1.0655628162337443
TOKYOTECH_s05,118,181,124.03333333333333,-1.0664302110671997,1.1187492814035642
TOKYOTECH_s05,118,182,124.06666666666666,-1.2351443767547607,1.1111753442082537
TOKYOTECH_s05,118,183,124.1,-1.313815951347351,1.0597232551220483
TOKYOTECH_s05,118,184,124.13333333333334,-1.3945443630218506,0.9729088115851351
TOKYOTECH_s05,118,185,124.16666666666667,-0.5591480135917664,0.8505986657991385
TOKYOTECH_s05,118,186,124.2,1.221090316772461,0.6901280095955625
TOKYOTECH_s05,118,187,124.23333333333333,2.0753376483917236,0.49408224038340887
TOKYOTECH_s05,118,188,124.26666666666667,1.9081461429595947,0.27426417005500964
TOKYOTECH_s05,118,189,124.3,1.6261217594146729,0.049213041376968095
TOKYOTECH_s05,118,190,124.33333333333333,1.2891653776168823,-0.16288135589696193
TOKYOTECH_s05,118,191,124.36666666666666,0.9366528391838074,-0.35127042692185045
TOKYOTECH_s05,118,192,124.4,0.5965265035629272,-0.5159965638040921
TOKYOTECH_s05,118,193,124.43333333333334,0.3095690906047821,-0.6663544502045006
TOKYOTECH_s05,118,194,124.46666666666667,0.33335310220718384,-0.8151113468551887
TOKYOTECH_s05,118,195,124.5,0.5580589175224304,-0.9700791831027049
TOKYOTECH_s05,118,196,124.53333333333333,0.6113525629043579,-1.1256787949320417
TOKYOTECH_s05,118,197,124.56666666666666,0.31737837195396423,-1.258270548829558
TOKYOTECH_s05,118,198,124.6,-0.03573080897331238,-1.3291643732905496
TOKYOTECH_s05,118,199,124.63333333333334,-0.3140419125556946,-1.296688431264544
TOKYOTECH_s05,118,200,124.66666666666667,-0.6455665230751038,-1.133515352567907
TOKYOTECH_s05,118,201,124.7,-0.8622760772705078,-0.8410366985434056
TOKYOTECH_s05,118,202,124.73333333333333,-0.9495760798454285,-0.45273420767748945
TOKYOTECH_s05,118,203,124.76666666666667,-1.0502862930297852,-0.02407505989442398
TOKYOTECH_s05,118,204,124.8,-1.0126736164093018,0.3855233821791714
TOKYOTECH_s05,118,205,124.83333333333333,-1.024009108543396,0.7289325656901912
TOKYOTECH_s05,118,206,124.86666666666666,-1.0173929929733276,0.9792412100494037
TOKYOTECH_s05,118,207,124.9,-1.038559079170227,1.1293085503491465
TOKYOTECH_s05,118,208,124.93333333333334,-1.1271324157714844,1.1866377367807024
TOKYOTECH_s05,118,209,124.96666666666667,-1.2055368423461914,1.167155957979581
TOKYOTECH_s05,118,210,125.0,-1.392033338546753,1.0895800164592413
TOKYOTECH_s05,118,211,125.03333333333333,-1.4371881484985352,0.9708517270875769
TOKYOTECH_s05,118,212,125.06666666666666,-0.8177623152732849,0.8235905729241907
TOKYOTECH_s05,118,213,125.1,0.9935172200202942,0.6567618644293957
TOKYOTECH_s05,118,214,125.13333333333334,2.13293194770813,0.4790557683603473
TOKYOTECH_s05,118,215,125.16666666666667,2.044670343399048,0.3021039200389323
TOKYOTECH_s05,118,216,125.2,1.6066476106643677,0.14008525542945896
TOKYOTECH_s05,118,217,125.23333333333333,1.2094876766204834,0.004710134170125649
TOKYOTECH_s05,118,218,125.26666666666667,0.7347871661186218,-0.10119091333901212
TOKYOTECH_s05,118,219,125.3,0.23418332636356354,-0.18608240293332468
TOKYOTECH_s05,118,220,125.33333333333333,0.06399103254079819,-0.26526931403810233
TOKYOTECH_s05,118,221,125.36666666666666,0.27673807740211487,-0.3517682045586294
TOKYOTECH_s05,118,222,125.4,0.5426986217498779,-0.4481743294064773
TOKYOTECH_s05,118,223,125.43333333333334,0.48229026794433594,-0.544433961344198
TOKYOTECH_s05,118,224,125.46666666666667,0.26363062858581543,-0.6219717937867444
TOKYOTECH_s05,118,225,125.5,0.005087560974061489,-0.6606346861293274
TOKYOTECH_s05,118,226,125.53333333333333,-0.3844589591026306,-0.644819506353037
TOKYOTECH_s05,118,227,125.56666666666666,-0.7015492916107178,-0.5676070144300455
TOKYOTECH_s05,118,228,125.6,-0.9633603096008301,-0.43352034285133356
TOKYOTECH_s05,118,229,125.63333333333334,-1.0486568212509155,-0.26022152931412434
TOKYOTECH_s05,118,230,125.66666666666667,-1.0542399883270264,-0.07770945571408654
TOKYOTECH_s05,118,231,125.7,-1.0374103784561157,0.0774105406341598
TOKYOTECH_s05,118,232,125.73333333333333,-1.025772213935852,0.17330657285186196
TOKYOTECH_s05,118,233,125.76666666666667,-1.0635095834732056,0.19632397671389337
TOKYOTECH_s05,118,234,125.8,-1.0798048973083496,0.1586373384977819
TOKYOTECH_s05,118,235,125.83333333333333,-1.0931527614593506,0.09359709249296874
TOKYOTECH_s05,118,236,125.86666666666666,-1.2453044652938843,0.040170688996627
TOKYOTECH_s05,118,237,125.9,-1.2761497497558594,0.025386452789462804
TOKYOTECH_s05,118,238,125.93333333333334,-0.21501463651657104,0.05377963797174392
TOKYOTECH_s05,118,239,125.96666666666667,1.5140494108200073,0.10743693194465159
TOKYOTECH_s05,119,0,119.0,-1.021382212638855,0.058620262786336336
TOKYOTECH_s05,119,1,119.03333333333333,-1.0572763681411743,-1.1515767148862575
TOKYOTECH_s05,119,2,119.06666666666666,-1.157372236251831,-2.1437336629862322
TOKYOTECH_s05,119,3,119.1,-1.1735962629318237,-2.760807112199753
TOKYOTECH_s05,119,4,119.13333333333334,-0.9801453351974487,-2.9516360163655144
TOKYOTECH_s05,119,5,119.16666666666667,0.2816622853279114,-2.773215369101916
TOKYOTECH_s05,119,6,119.2,1.6739124059677124,-2.35450806013126
TOKYOTECH_s05,119,7,119.23333333333333,1.975900650024414,-1.8431760298932702
TOKYOTECH_s05,119,8,119.26666666666667,1.6670559644699097,-1.3610934791101548
TOKYOTECH_s05,119,9,119.3,1.2423275709152222,-0.9829851382724424
TOKYOTECH_s05,119,10,119.33333333333333,0.8361029028892517,-0.7364402752983169
TOKYOTECH_s05,119,11,119.36666666666666,0.46874648332595825,-0.6123759190821205
TOKYOTECH_s05,119,12,119.4,0.23380933701992035,-0.5771663416399447
TOKYOTECH_s05,119,13,119.43333333333334,0.2690712809562683,-0.5843445015049096
TOKYOTECH_s05,119,14,119.46666666666667,0.42499852180480957,-0.5865042269955925
TOKYOTECH_s05,119,15,119.5,0.47377753257751465,-0.546403579722917
TOKYOTECH_s05,119,16,119.53333333333333,0.38066285848617554,-0.4442974642701791
TOKYOTECH_s05,119,17,119.56666666666666,0.050091058015823364,-0.27899976837183965
TOKYOTECH_s05,119,18,119.6,-0.3473181426525116,-0.06328159967149326
TOKYOTECH_s05,119,19,119.63333333333334,-0.5609022378921509,0.18272852440621942
TOKYOTECH_s05,119,20,119.66666666666667,-0.7989915609359741,0.43630113415244537
TOKYOTECH_s05,119,21,119.7,-0.8921685814857483,0.6740749831915823
TOKYOTECH_s05,119,22,119.73333333333333,-0.9273414611816406,0.8738641252845925
TOKYOTECH_s05,119,23,119.76666666666667,-0.9637432098388672,1.0192723422274943
TOKYOTECH_s05,119,24,119.8,-0.9524611830711365,1.1059206352552948
TOKYOTECH_s05,119,25,119.83333333333333,-1.0151491165161133,1.1438176460668275
TOKYOTECH_s05,119,26,119.86666666666666,-1.1084685325622559,1.1511332898746869
TOKYOTECH_s05,119,27,119.9,-1.0825029611587524,1.1408788786025073
TOKYOTECH_s05,119,28,119.93333333333334,-0.17335033416748047,1.1093572913728924
TOKYOTECH_s05,119,29,119.96666666666667,1.1167559623718262,1.036147284709162
TOKYOTECH_s05,119,30,120.0,1.6851054430007935,0.8968728585864093
TOKYOTECH_s05,119,31,120.03333333333333,1.5851342678070068,0.6798111217540466
TOKYOTECH_s05,119,32,120.06666666666666,1.2193272113800049,0.3949000452848878
TOKYOTECH_s05,119,33,120.1,0.7323651313781738,0.07024639455397974
TOKYOTECH_s05,119,34,120.13333333333334,0.3263630270957947,-0.25886488311326533
TOKYOTECH_s05,119,35,120.16666666666667,0.04359965771436691,-0.5590641336376759
TOKYOTECH_s05,119,36,120.2,-0.05015615001320839,-0.8017818236652177
TOKYOTECH_s05,119,37,120.23333333333333,0.14008915424346924,-0.9631610773667849
TOKYOTECH_s05,119,38,120.26666666666667,0.36783143877983093,-1.025870018885351
TOKYOTECH_s05,119,39,120.3,0.23335520923137665,-0.9837457175976614
TOKYOTECH_s05,119,40,120.33333333333333,-0.06263139843940735,-0.8458266319974403
TOKYOTECH_s05,119,41,120.36666666666666,-0.3082717955112457,-0.6356087521030622
TOKYOTECH_s05,119,42,120.4,-0.6324323415756226,-0.3849371519981091
TOKYOTECH_s05,119,43,120.43333333333334,-0.9237974882125854,-0.12606496783542903
TOKYOTECH_s05,119,44,120.46666666666667,-1.0223884582519531,0.11392660847440603
TOKYOTECH_s05,119,45,120.5,-1.170444130897522,0.31497694908904256
TOKYOTECH_s05,119,46,120.53333333333333,-1.2053231000900269,0.46422580284873427
TOKYOTECH_s05,119,47,120.56666666666666,-1.1050136089324951,0.5570873108231493
TOKYOTECH_s05,119,48,120.6,-1.0619335174560547,0.5985615868373148
TOKYOTECH_s05,119,49,120.63333333333334,-1.1573455333709717,0.6014264935967621
TOKYOTECH_s05,119,50,120.66666666666667,-1.2170592546463013,0.5797111147192665
TOKYOTECH_s05,119,51,120.7,-1.1029655933380127,0.5404899238863993
TOKYOTECH_s05,119,52,120.73333333333333,-0.21402622759342194,0.48007451064255197
TOKYOTECH_s05,119,53,120.76666666666667,1.3377307653427124,0.38859957345844437
TOKYOTECH_s05,119,54,120.8,1.9860607385635376,0.2603062563055693
TOKYOTECH_s05,119,55,120.83333333333333,1.8023780584335327,0.10153194620319032
TOKYOTECH_s05,119,56,120.86666666666666,1.4779771566390991,-0.07012548715852865
TOKYOTECH_s05,119,57,120.9,1.1967542171478271,-0.23507141178913576
TOKYOTECH_s05,119,58,120.93333333333334,0.891871988773346,-0.38215667626586314
TOKYOTECH_s05,119,59,120.96666666666667,0.5446041822433472,-0.5120527022579143
TOKYOTECH_s05,119,60,121.0,0.3780093193054199,-0.6314913283244055
TOKYOTECH_s05,119,61,121.03333333333333,0.43376949429512024,-0.7435504346374662
TOKYOTECH_s05,119,62,121.06666666666666,0.5359668135643005,-0.8409734702111513
TOKYOTECH_s05,119,63,121.1,0.47260215878486633,-0.9060585932043105
TOKYOTECH_s05,119,64,121.13333333333334,0.24044321477413177,-0.9159826786708327
TOKYOTECH_s05,119,65,121.16666666666667,-0.04914103075861931,-0.850128151739697
TOKYOTECH_s05,119,66,121.2,-0.3999706506729126,-0.6970129427242219
TOKYOTECH_s05,119,67,121.23333333333333,-0.6880411505699158,-0.46006994468528395
TOKYOTECH_s05,119,68,121.26666666666667,-0.7907014489173889,-0.16111051274694926
TOKYOTECH_s05,119,69,121.3,-0.8905390501022339,0.16117271350549028
TOKYOTECH_s05,119,70,121.33333333333333,-0.9801097512245178,0.4600792309697657
TOKYOTECH_s05,119,71,121.36666666666666,-0.912479817867279,0.695786489996184
TOKYOTECH_s05,119,72,121.4,-0.9180273413658142,0.8491258418752715
TOKYOTECH_s05,119,73,121.43333333333334,-0.9526125192642212,0.9254188019396465
TOKYOTECH_s05,119,74,121.46666666666667,-0.9958974719047546,0.945515111374223
TOKYOTECH_s05,119,75,121.5,-1.1863386631011963,0.9300119412909554
TOKYOTECH_s05,119,76,121.53333333333333,-1.0872223377227783,0.8870331676787075
TOKYOTECH_s05,119,77,121.56666666666666,-0.10877467691898346,0.8110717960360505
TOKYOTECH_s05,119,78,121.6,1.4017008543014526,0.6923904496943959
TOKYOTECH_s05,119,79,121.63333333333334,1.9886252880096436,0.5291274828698559
TOKYOTECH_s05,119,80,121.66666666666667,1.8153342008590698,0.33286843581404546
TOKYOTECH_s05,119,81,121.7,1.5497742891311646,0.12386643399819927
TOKYOTECH_s05,119,82,121.73333333333333,1.2033880949020386,-0.07955915214866631
TOKYOTECH_s05,119,83,121.76666666666667,0.8568949699401855,-0.2688062222207163
TOKYOTECH_s05,119,84,121.8,0.6022164821624756,-0.4451427458945062
TOKYOTECH_s05,119,85,121.83333333333333,0.48895975947380066,-0.6140770329967725
TOKYOTECH_s05,119,86,121.86666666666666,0.5506325364112854,-0.7785851826397363
TOKYOTECH_s05,119,87,121.9,0.5828224420547485,-0.9341898171088798
TOKYOTECH_s05,119,88,121.93333333333334,0.5243196487426758,-1.0661459959986335
TOKYOTECH_s05,119,89,121.96666666666667,0.33123379945755005,-1.1485963367979675
TOKYOTECH_s05,119,90,122.0,-0.06436777859926224,-1.1478715548965468
TOKYOTECH_s05,119,91,122.03333333333333,-0.4190797805786133,-1.0326490106211292
TOKYOTECH_s05,119,92,122.06666666666666,-0.5753275752067566,-0.789214131030857
TOKYOTECH_s05,119,93,122.1,-0.7552347183227539,-0.43426457035298377
TOKYOTECH_s05,119,94,122.13333333333334,-0.8502638936042786,-0.01638937367532836
TOKYOTECH_s05,119,95,122.16666666666667,-0.8550901412963867,0.39719867850197277
TOKYOTECH_s05,119,96,122.2,-0.8913137316703796,0.7427513876452088
TOKYOTECH_s05,119,97,122.23333333333333,-0.8409853577613831,0.979234565368978
TOKYOTECH_s05,119,98,122.26666666666667,-0.8706730604171753,1.0959878616228322
TOKYOTECH_s05,119,99,122.3,-0.9424970149993896,1.1078983622589227
TOKYOTECH_s05,119,100,122.33333333333333,-1.076991081237793,1.0433500800668059
TOKYOTECH_s05,119,101,122.36666666666666,-1.1854393482208252,0.9318806860862925
TOKYOTECH_s05,119,102,122.4,-1.0413105487823486,0.7962968868834325
TOKYOTECH_s05,119,103,122.43333333333334,0.20094271004199982,0.6502989693489745
TOKYOTECH_s05,119,104,122.46666666666667,1.6101559400558472,0.49988182501317013
TOKYOTECH_s05,119,105,122.5,1.9414223432540894,0.34600706197854686
TOKYOTECH_s05,119,106,122.53333333333333,1.6256320476531982,0.18694421167676473
TOKYOTECH_s05,119,107,122.56666666666666,1.253119945526123,0.019958522072371906
TOKYOTECH_s05,119,108,122.6,0.9405975937843323,-0.15742277704273866
TOKYOTECH_s05,119,109,122.63333333333334,0.5367593169212341,-0.34639339251585843
TOKYOTECH_s05,119,110,122.66666666666667,0.1872742623090744,-0.5459352031683731
TOKYOTECH_s05,119,111,122.7,0.28365689516067505,-0.7514275743524597
TOKYOTECH_s05,119,112,122.73333333333333,0.4890042841434479,-0.9519879228190041
TOKYOTECH_s05,119,113,122.76666666666667,0.5418081283569336,-1.1269878769091515
TOKYOTECH_s05,119,114,122.8,0.35428765416145325,-1.2448965173719622
TOKYOTECH_s05,119,115,122.83333333333333,0.04591483622789383,-1.2684226849814553
TOKYOTECH_s05,119,116,122.86666666666666,-0.23555739223957062,-1.1664718022094887
TOKYOTECH_s05,119,117,122.9,-0.50185626745224,-0.9281773277783755
TOKYOTECH_s05,119,118,122.93333333333334,-0.7224037051200867,-0.5715453472466172
TOKYOTECH_s05,119,119,122.96666666666667,-0.900147020816803,-0.14143806330925135
TOKYOTECH_s05,119,120,123.0,-0.9512590765953064,0.302333527254002
TOKYOTECH_s05,119,121,123.03333333333333,-0.920502781867981,0.7008078049848557
TOKYOTECH_s05,119,122,123.06666666666666,-0.9707778096199036,1.0089836848165445
TOKYOTECH_s05,119,123,123.1,-0.9675543308258057,1.2026417004973864
TOKYOTECH_s05,119,124,123.13333333333334,-0.979851484298706,1.2786164646180058
TOKYOTECH_s05,119,125,123.16666666666667,-1.0246769189834595,1.2502679451318315
TOKYOTECH_s05,119,126,123.2,-1.1410057544708252,1.1404261807070197
TOKYOTECH_s05,119,127,123.23333333333333,-1.3504313230514526,0.9739567914830793
TOKYOTECH_s05,119,128,123.26666666666667,-0.9942501187324524,0.7720277209281067
TOKYOTECH_s05,119,129,123.3,0.5205263495445251,0.5498178802723903
TOKYOTECH_s05,119,130,123.33333333333333,1.8501063585281372,0.3181623789860901
TOKYOTECH_s05,119,131,123.36666666666666,1.9759896993637085,0.08748897741132765
TOKYOTECH_s05,119,132,123.4,1.6381696462631226,-0.1295147184512506
TOKYOTECH_s05,119,133,123.43333333333334,1.334836721420288,-0.31955810671552964
TOKYOTECH_s05,119,134,123.46666666666667,0.9893854856491089,-0.474205084389645
TOKYOTECH_s05,119,135,123.5,0.5392258167266846,-0.594918066393004
TOKYOTECH_s05,119,136,123.53333333333333,0.2866310179233551,-0.6930687281652625
TOKYOTECH_s05,119,137,123.56666666666666,0.34622013568878174,-0.783613315812953
TOKYOTECH_s05,119,138,123.6,0.46343937516212463,-0.8758141668016085
TOKYOTECH_s05,119,139,123.63333333333334,0.5338742136955261,-0.9665282790888287
TOKYOTECH_s05,119,140,123.66666666666667,0.38517746329307556,-1.0392719693423529
TOKYOTECH_s05,119,141,123.7,0.006423240527510643,-1.0683796659636469
TOKYOTECH_s05,119,142,123.73333333333333,-0.3004625141620636,-1.025821946979682
TOKYOTECH_s05,119,143,123.76666666666667,-0.6163062453269958,-0.8889924968990506
TOKYOTECH_s05,119,144,123.8,-0.8219652771949768,-0.6489593036866351
TOKYOTECH_s05,119,145,123.83333333333333,-0.9687119126319885,-0.3177835031819078
TOKYOTECH_s05,119,146,123.86666666666666,-1.0647828578948975,0.06929508345120929
TOKYOTECH_s05,119,147,123.9,-1.0494047403335571,0.4609414197399448
TOKYOTECH_s05,119,148,123.93333333333334,-1.0432873964309692,0.8046027727948719
TOKYOTECH_s05,119,149,123.96666666666667,-1.0574723482131958,1.0619015086515453
TOKYOTECH_s05,119,150,124.0,-1.0400817394256592,1.217200690489439
TOKYOTECH_s05,119,151,124.03333333333333,-1.0664302110671997,1.2764476666178477
TOKYOTECH_s05,119,152,124.06666666666666,-1.2351443767547607,1.2581722030340814
TOKYOTECH_s05,119,153,124.1,-1.313815951347351,1.1817360427161236
TOKYOTECH_s05,119,154,124.13333333333334,-1.3945443630218506,1.0589786534517316
TOKYOTECH_s05,119,155,124.16666666666667,-0.5591480135917664,0.8933548313063017
TOKYOTECH_s05,119,156,124.2,1.221090316772461,0.6859398900149608
TOKYOTECH_s05,119,157,124.23333333333333,2.0753376483917236,0.44334977010051424
TOKYOTECH_s05,119,158,124.26666666666667,1.9081461429595947,0.18174871368229478
TOKYOTECH_s05,119,159,124.3,1.6261217594146729,-0.07592075763750605
TOKYOTECH_s05,119,160,124.33333333333333,1.2891653776168823,-0.30764683000706433
TOKYOTECH_s05,119,161,124.36666666666666,0.9366528391838074,-0.5001909877491969
TOKYOTECH_s05,119,162,124.4,0.5965265035629272,-0.6530263785785309
TOKYOTECH_s05,119,163,124.43333333333334,0.3095690906047821,-0.7770814953771332
TOKYOTECH_s05,119,164,124.46666666666667,0.33335310220718384,-0.8890243983972997
TOKYOTECH_s05,119,165,124.5,0.5580589175224304,-1.0025616915405282
TOKYOTECH_s05,119,166,124.53333333333333,0.6113525629043579,-1.1186927111112381
TOKYOTECH_s05,119,167,124.56666666666666,0.31737837195396423,-1.2183876189023937
TOKYOTECH_s05,119,168,124.6,-0.03573080897331238,-1.2630905210956926
TOKYOTECH_s05,119,169,124.63333333333334,-0.3140419125556946,-1.206778557820013
TOKYOTECH_s05,119,170,124.66666666666667,-0.6455665230751038,-1.0163260299459558
TOKYOTECH_s05,119,171,124.7,-0.8622760772705078,-0.6900416728981622
TOKYOTECH_s05,119,172,124.73333333333333,-0.9495760798454285,-0.26384905043289963
TOKYOTECH_s05,119,173,124.76666666666667,-1.0502862930297852,0.19867763295784346
TOKYOTECH_s05,119,174,124.8,-1.0126736164093018,0.6267652142702754
TOKYOTECH_s05,119,175,124.83333333333333,-1.024009108543396,0.9625648385261479
TOKYOTECH_s05,119,176,124.86666666666666,-1.0173929929733276,1.1729519085083058
TOKYOTECH_s05,119,177,124.9,-1.038559079170227,1.2516413183156172
TOKYOTECH_s05,119,178,124.93333333333334,-1.1271324157714844,1.2145913946740705
TOKYOTECH_s05,119,179,124.96666666666667,-1.2055368423461914,1.0921671332922789
TOKYOTECH_s05,119,180,125.0,-1.392033338546753,0.9200607752782641
TOKYOTECH_s05,119,181,125.03333333333333,-1.4371881484985352,0.7302362245203591
TOKYOTECH_s05,119,182,125.06666666666666,-0.8177623152732849,0.5442087718399317
TOKYOTECH_s05,119,183,125.1,0.9935172200202942,0.3714571262287054
TOKYOTECH_s05,119,184,125.13333333333334,2.13293194770813,0.2134762467168557
TOKYOTECH_s05,119,185,125.16666666666667,2.044670343399048,0.0703220664005638
TOKYOTECH_s05,119,186,125.2,1.6066476106643677,-0.05541869728171868
TOKYOTECH_s05,119,187,125.23333333333333,1.2094876766204834,-0.16034212295941253
TOKYOTECH_s05,119,188,125.26666666666667,0.7347871661186218,-0.24565716960422143
TOKYOTECH_s05,119,189,125.3,0.23418332636356354,-0.3206393209982593
TOKYOTECH_s05,119,190,125.33333333333333,0.06399103254079819,-0.3997551745548003
TOKYOTECH_s05,119,191,125.36666666666666,0.27673807740211487,-0.49427328678118254
TOKYOTECH_s05,119,192,125.4,0.5426986217498779,-0.6039566302323838
TOKYOTECH_s05,119,193,125.43333333333334,0.48229026794433594,-0.7147760027074082
TOKYOTECH_s05,119,194,125.46666666666667,0.26363062858581543,-0.8038440545479864
TOKYOTECH_s05,119,195,125.5,0.005087560974061489,-0.8476128397083832
TOKYOTECH_s05,119,196,125.53333333333333,-0.3844589591026306,-0.8285084953405312
TOKYOTECH_s05,119,197,125.56666666666666,-0.7015492916107178,-0.7380893467235776
TOKYOTECH_s05,119,198,125.6,-0.9633603096008301,-0.5780734054268618
TOKYOTECH_s05,119,199,125.63333333333334,-1.0486568212509155,-0.3612442549238842
TOKYOTECH_s05,119,200,125.66666666666667,-1.0542399883270264,-0.11181746812120755
TOKYOTECH_s05,119,201,125.7,-1.0374103784561157,0.13777718603465663
TOKYOTECH_s05,119,202,125.73333333333333,-1.025772213935852,0.35608827292782624
TOKYOTECH_s05,119,203,125.76666666666667,-1.0635095834732056,0.5252793365174507
TOKYOTECH_s05,119,204,125.8,-1.0798048973083496,0.6487619306191861
TOKYOTECH_s05,119,205,125.83333333333333,-1.0931527614593506,0.7459461365460821
TOKYOTECH_s05,119,206,125.86666666666666,-1.2453044652938843,0.8359291546025251
TOKYOTECH_s05,119,207,125.9,-1.2761497497558594,0.9213893590511472
TOKYOTECH_s05,119,208,125.93333333333334,-0.21501463651657104,0.9835148627781255
TOKYOTECH_s05,119,209,125.96666666666667,1.5140494108200073,0.9905363032036417
TOKYOTECH_s05,119,210,126.0,2.08874773979187,0.91399490266596
TOKYOTECH_s05,119,211,126.03333333333333,1.7940077781677246,0.7432575612679233
TOKYOTECH_s05,119,212,126.06666666666666,1.4495182037353516,0.49108711254707826
TOKYOTECH_s05,119,213,126.1,1.0019854307174683,0.1887677515625669
TOKYOTECH_s05,119,214,126.13333333333334,0.4805360734462738,-0.12544388378052296
TOKYOTECH_s05,119,215,126.16666666666667,0.1117638424038887,-0.4184126207310776
TOKYOTECH_s05,119,216,126.2,-0.0012969877570867538,-0.6696791015976945
TOKYOTECH_s05,119,217,126.23333333333333,0.23274970054626465,-0.8724031407616181
TOKYOTECH_s05,119,218,126.26666666666667,0.42093804478645325,-1.0285962287808637
TOKYOTECH_s05,119,219,126.3,0.3387937545776367,-1.141319857671552
TOKYOTECH_s05,119,220,126.33333333333333,0.07957395911216736,-1.2070877109880487
TOKYOTECH_s05,119,221,126.36666666666666,-0.30218109488487244,-1.2119719627509609
TOKYOTECH_s05,119,222,126.4,-0.5842944383621216,-1.1348242112655207
TOKYOTECH_s05,119,223,126.43333333333334,-0.8543688654899597,-0.9582128547057328
TOKYOTECH_s05,119,224,126.46666666666667,-1.0506247282028198,-0.6818944295545418
TOKYOTECH_s05,119,225,126.5,-1.1727147102355957,-0.3303317442058546
TOKYOTECH_s05,119,226,126.53333333333333,-1.1830261945724487,0.05071135503732821
TOKYOTECH_s05,119,227,126.56666666666666,-1.1278181076049805,0.406415681892341
TOKYOTECH_s05,119,228,126.6,-1.1495273113250732,0.6872740294012645
TOKYOTECH_s05,119,229,126.63333333333334,-1.155911922454834,0.859275721835881
TOKYOTECH_s05,119,230,126.66666666666667,-1.1881195306777954,0.9078929736212182
TOKYOTECH_s05,119,231,126.7,-1.2337285280227661,0.8380098590290394
TOKYOTECH_s05,119,232,126.73333333333333,-1.3869221210479736,0.6726294363935832
TOKYOTECH_s05,119,233,126.76666666666667,-1.4409458637237549,0.4509298689222247
TOKYOTECH_s05,119,234,126.8,-0.5900378823280334,0.2237534771266432
TOKYOTECH_s05,119,235,126.83333333333333,1.279815673828125,0.044412404117317776
TOKYOTECH_s05,119,236,126.86666666666666,2.2733476161956787,-0.044572495767278085
TOKYOTECH_s05,119,237,126.9,2.163679361343384,-0.024622077396207052
TOKYOTECH_s05,119,238,126.93333333333334,1.8677195310592651,0.09157587832854493
TOKYOTECH_s05,119,239,126.96666666666667,1.5042543411254883,0.2625175711455774
TOKYOTECH_s05,120,0,120.0,1.6851054430007935,-0.03098203699411689
TOKYOTECH_s05,120,1,120.03333333333333,1.5851342678070068,-1.6185882342437716
TOKYOTECH_s05,120,2,120.06666666666666,1.2193272113800049,-2.976375764496321
TOKYOTECH_s05,120,3,120.1,0.7323651313781738,-3.9302849688280626
TOKYOTECH_s05,120,4,120.13333333333334,0.3263630270957947,-4.403562802602204
TOKYOTECH_s05,120,5,120.16666666666667,0.04359965771436691,-4.4245353433936225
TOKYOTECH_s05,120,6,120.2,-0.05015615001320839,-4.099699301702709
TOKYOTECH_s05,120,7,120.23333333333333,0.14008915424346924,-3.5675755021866924
TOKYOTECH_s05,120,8,120.26666666666667,0.36783143877983093,-2.954822347529134
TOKYOTECH_s05,120,9,120.3,0.23335520923137665,-2.349381128832299
TOKYOTECH_s05,120,10,120.33333333333333,-0.06263139843940735,-1.79398904453957
TOKYOTECH_s05,120,11,120.36666666666666,-0.3082717955112457,-1.2945723008159038
TOKYOTECH_s05,120,12,120.4,-0.6324323415756226,-0.8353963878152176
TOKYOTECH_s05,120,13,120.43333333333334,-0.9237974882125854,-0.3949743008670963
TOKYOTECH_s05,120,14,120.46666666666667,-1.0223884582519531,0.04029518724327547
TOKYOTECH_s05,120,15,120.5,-1.170444130897522,0.46704764082177447
TOKYOTECH_s05,120,16,120.53333333333333,-1.2053231000900269,0.8639047905356191
TOKYOTECH_s05,120,17,120.56666666666666,-1.1050136089324951,1.2003721147672366
TOKYOTECH_s05,120,18,120.6,-1.0619335174560547,1.451194334439053
TOKYOTECH_s05,120,19,120.63333333333334,-1.1573455333709717,1.6067776993951703
TOKYOTECH_s05,120,20,120.66666666666667,-1.2170592546463013,1.6731476453777583
TOKYOTECH_s05,120,21,120.7,-1.1029655933380127,1.6630706394532553
TOKYOTECH_s05,120,22,120.73333333333333,-0.21402622759342194,1.5865234316938275
TOKYOTECH_s05,120,23,120.76666666666667,1.3377307653427124,1.4483536515184032
TOKYOTECH_s05,120,24,120.8,1.9860607385635376,1.253750147250376
TOKYOTECH_s05,120,25,120.83333333333333,1.8023780584335327,1.0149486717612477
TOKYOTECH_s05,120,26,120.86666666666666,1.4779771566390991,0.7521230578335146
TOKYOTECH_s05,120,27,120.9,1.1967542171478271,0.4870820128601742
TOKYOTECH_s05,120,28,120.93333333333334,0.891871988773346,0.23495451803576536
TOKYOTECH_s05,120,29,120.96666666666667,0.5446041822433472,0.0009616487552744808
TOKYOTECH_s05,120,30,121.0,0.3780093193054199,-0.21514746863986256
TOKYOTECH_s05,120,31,121.03333333333333,0.43376949429512024,-0.4108510386183382
TOKYOTECH_s05,120,32,121.06666666666666,0.5359668135643005,-0.5752819637346319
TOKYOTECH_s05,120,33,121.1,0.47260215878486633,-0.6902411209914617
TOKYOTECH_s05,120,34,121.13333333333334,0.24044321477413177,-0.7365267915406323
TOKYOTECH_s05,120,35,121.16666666666667,-0.04914103075861931,-0.7011309149315874
TOKYOTECH_s05,120,36,121.2,-0.3999706506729126,-0.5821679485085367
TOKYOTECH_s05,120,37,121.23333333333333,-0.6880411505699158,-0.3913122437198095
TOKYOTECH_s05,120,38,121.26666666666667,-0.7907014489173889,-0.15421068364038193
TOKYOTECH_s05,120,39,121.3,-0.8905390501022339,0.0921389633567213
TOKYOTECH_s05,120,40,121.33333333333333,-0.9801097512245178,0.30703073663690306
TOKYOTECH_s05,120,41,121.36666666666666,-0.912479817867279,0.458312111651414
TOKYOTECH_s05,120,42,121.4,-0.9180273413658142,0.5336075684696969
TOKYOTECH_s05,120,43,121.43333333333334,-0.9526125192642212,0.5427309514868627
TOKYOTECH_s05,120,44,121.46666666666667,-0.9958974719047546,0.5087100067444266
TOKYOTECH_s05,120,45,121.5,-1.1863386631011963,0.4529836542245214
TOKYOTECH_s05,120,46,121.53333333333333,-1.0872223377227783,0.3843618095384398
TOKYOTECH_s05,120,47,121.56666666666666,-0.10877467691898346,0.2985073948194531
TOKYOTECH_s05,120,48,121.6,1.4017008543014526,0.18707917121991438
TOKYOTECH_s05,120,49,121.63333333333334,1.9886252880096436,0.048869713616643363
TOKYOTECH_s05,120,50,121.66666666666667,1.8153342008590698,-0.10565228842326456
TOKYOTECH_s05,120,51,121.7,1.5497742891311646,-0.25939719424745306
TOKYOTECH_s05,120,52,121.73333333333333,1.2033880949020386,-0.3982561491019463
TOKYOTECH_s05,120,53,121.76666666666667,0.8568949699401855,-0.5169022575294643
TOKYOTECH_s05,120,54,121.8,0.6022164821624756,-0.617254723530607
TOKYOTECH_s05,120,55,121.83333333333333,0.48895975947380066,-0.702967207111004
TOKYOTECH_s05,120,56,121.86666666666666,0.5506325364112854,-0.7750592367843394
TOKYOTECH_s05,120,57,121.9,0.5828224420547485,-0.8305645745984961
TOKYOTECH_s05,120,58,121.93333333333334,0.5243196487426758,-0.8623228101302244
TOKYOTECH_s05,120,59,121.96666666666667,0.33123379945755005,-0.8578759608634745
TOKYOTECH_s05,120,60,122.0,-0.06436777859926224,-0.7991448678055193
TOKYOTECH_s05,120,61,122.03333333333333,-0.4190797805786133,-0.6669089999903306
TOKYOTECH_s05,120,62,122.06666666666666,-0.5753275752067566,-0.45087545570567344
TOKYOTECH_s05,120,63,122.1,-0.7552347183227539,-0.16025780223574884
TOKYOTECH_s05,120,64,122.13333333333334,-0.8502638936042786,0.17291033142269585
TOKYOTECH_s05,120,65,122.16666666666667,-0.8550901412963867,0.5019696284875242
TOKYOTECH_s05,120,66,122.2,-0.8913137316703796,0.7815893199537495
TOKYOTECH_s05,120,67,122.23333333333333,-0.8409853577613831,0.9820896575550271
TOKYOTECH_s05,120,68,122.26666666666667,-0.8706730604171753,1.0946034682472092
TOKYOTECH_s05,120,69,122.3,-0.9424970149993896,1.1263578653926933
TOKYOTECH_s05,120,70,122.33333333333333,-1.076991081237793,1.0912445250995706
TOKYOTECH_s05,120,71,122.36666666666666,-1.1854393482208252,1.0022432934314554
TOKYOTECH_s05,120,72,122.4,-1.0413105487823486,0.8690985923189298
TOKYOTECH_s05,120,73,122.43333333333334,0.20094271004199982,0.7001741653744067
TOKYOTECH_s05,120,74,122.46666666666667,1.6101559400558472,0.5051317253918667
TOKYOTECH_s05,120,75,122.5,1.9414223432540894,0.2956897119533093
TOKYOTECH_s05,120,76,122.53333333333333,1.6256320476531982,0.0838950926277943
TOKYOTECH_s05,120,77,122.56666666666666,1.253119945526123,-0.12071791374485011
TOKYOTECH_s05,120,78,122.6,0.9405975937843323,-0.31319776727979953
TOKYOTECH_s05,120,79,122.63333333333334,0.5367593169212341,-0.4933121649894812
TOKYOTECH_s05,120,80,122.66666666666667,0.1872742623090744,-0.6636075706456671
TOKYOTECH_s05,120,81,122.7,0.28365689516067505,-0.8257949731712384
TOKYOTECH_s05,120,82,122.73333333333333,0.4890042841434479,-0.9759854290174828
TOKYOTECH_s05,120,83,122.76666666666667,0.5418081283569336,-1.1001102900223358
TOKYOTECH_s05,120,84,122.8,0.35428765416145325,-1.1725360768601245
TOKYOTECH_s05,120,85,122.83333333333333,0.04591483622789383,-1.161065343003059
TOKYOTECH_s05,120,86,122.86666666666666,-0.23555739223957062,-1.0384157240123848
TOKYOTECH_s05,120,87,122.9,-0.50185626745224,-0.7956388485245091
TOKYOTECH_s05,120,88,122.93333333333334,-0.7224037051200867,-0.4502873364186506
TOKYOTECH_s05,120,89,122.96666666666667,-0.900147020816803,-0.044176712860062174
TOKYOTECH_s05,120,90,123.0,-0.9512590765953064,0.36822643360301616
TOKYOTECH_s05,120,91,123.03333333333333,-0.920502781867981,0.7344916905730008
TOKYOTECH_s05,120,92,123.06666666666666,-0.9707778096199036,1.0155830676935906
TOKYOTECH_s05,120,93,123.1,-0.9675543308258057,1.1909605237775809
TOKYOTECH_s05,120,94,123.13333333333334,-0.979851484298706,1.2578207923228046
TOKYOTECH_s05,120,95,123.16666666666667,-1.0246769189834595,1.226559452953077
TOKYOTECH_s05,120,96,123.2,-1.1410057544708252,1.1148194360482702
TOKYOTECH_s05,120,97,123.23333333333333,-1.3504313230514526,0.9420531283954673
TOKYOTECH_s05,120,98,123.26666666666667,-0.9942501187324524,0.7259662012151027
TOKYOTECH_s05,120,99,123.3,0.5205263495445251,0.48165075756869224
TOKYOTECH_s05,120,100,123.33333333333333,1.8501063585281372,0.22336739152733845
TOKYOTECH_s05,120,101,123.36666666666666,1.9759896993637085,-0.03259384510214132
TOKYOTECH_s05,120,102,123.4,1.6381696462631226,-0.2671167422138256
TOKYOTECH_s05,120,103,123.43333333333334,1.334836721420288,-0.46195218842995023
TOKYOTECH_s05,120,104,123.46666666666667,0.9893854856491089,-0.6065313207427216
TOKYOTECH_s05,120,105,123.5,0.5392258167266846,-0.703085919999855
TOKYOTECH_s05,120,106,123.53333333333333,0.2866310179233551,-0.765751613872722
TOKYOTECH_s05,120,107,123.56666666666666,0.34622013568878174,-0.8132788246690459
TOKYOTECH_s05,120,108,123.6,0.46343937516212463,-0.8592816520064874
TOKYOTECH_s05,120,109,123.63333333333334,0.5338742136955261,-0.9053081316769558
TOKYOTECH_s05,120,110,123.66666666666667,0.38517746329307556,-0.9394402381800006
TOKYOTECH_s05,120,111,123.7,0.006423240527510643,-0.9396048846232511
TOKYOTECH_s05,120,112,123.73333333333333,-0.3004625141620636,-0.8795649949747797
TOKYOTECH_s05,120,113,123.76666666666667,-0.6163062453269958,-0.736515113073263
TOKYOTECH_s05,120,114,123.8,-0.8219652771949768,-0.5000416193918714
TOKYOTECH_s05,120,115,123.83333333333333,-0.9687119126319885,-0.18067186645000022
TOKYOTECH_s05,120,116,123.86666666666666,-1.0647828578948975,0.18701535904886854
TOKYOTECH_s05,120,117,123.9,-1.0494047403335571,0.5515801099909984
TOKYOTECH_s05,120,118,123.93333333333334,-1.0432873964309692,0.8607971965630936
TOKYOTECH_s05,120,119,123.96666666666667,-1.0574723482131958,1.0785589942886151
TOKYOTECH_s05,120,120,124.0,-1.0400817394256592,1.1940475060229159
TOKYOTECH_s05,120,121,124.03333333333333,-1.0664302110671997,1.2194922373809365
TOKYOTECH_s05,120,122,124.06666666666666,-1.2351443767547607,1.178779904779443
TOKYOTECH_s05,120,123,124.1,-1.313815951347351,1.0934148185091794
TOKYOTECH_s05,120,124,124.13333333333334,-1.3945443630218506,0.9733690569728657
TOKYOTECH_s05,120,125,124.16666666666667,-0.5591480135917664,0.817348329169258
TOKYOTECH_s05,120,126,124.2,1.221090316772461,0.6210736542319774
TOKYOTECH_s05,120,127,124.23333333333333,2.0753376483917236,0.387261997955421
TOKYOTECH_s05,120,128,124.26666666666667,1.9081461429595947,0.13052649952696044
TOKYOTECH_s05,120,129,124.3,1.6261217594146729,-0.1257346046131512
TOKYOTECH_s05,120,130,124.33333333333333,1.2891653776168823,-0.358067853646508
TOKYOTECH_s05,120,131,124.36666666666666,0.9366528391838074,-0.5518016048809221
TOKYOTECH_s05,120,132,124.4,0.5965265035629272,-0.7054375784543512
TOKYOTECH_s05,120,133,124.43333333333334,0.3095690906047821,-0.8292200215180898
TOKYOTECH_s05,120,134,124.46666666666667,0.33335310220718384,-0.939007745176288
TOKYOTECH_s05,120,135,124.5,0.5580589175224304,-1.0474853774173956
TOKYOTECH_s05,120,136,124.53333333333333,0.6113525629043579,-1.1548913700290817
TOKYOTECH_s05,120,137,124.56666666666666,0.31737837195396423,-1.2423846186115601
TOKYOTECH_s05,120,138,124.6,-0.03573080897331238,-1.2727442377600033
TOKYOTECH_s05,120,139,124.63333333333334,-0.3140419125556946,-1.2017305972309813
TOKYOTECH_s05,120,140,124.66666666666667,-0.6455665230751038,-0.9973220352454625
TOKYOTECH_s05,120,141,124.7,-0.8622760772705078,-0.6576751435443041
TOKYOTECH_s05,120,142,124.73333333333333,-0.9495760798454285,-0.21774840489828864
TOKYOTECH_s05,120,143,124.76666666666667,-1.0502862930297852,0.25971209653108185
TOKYOTECH_s05,120,144,124.8,-1.0126736164093018,0.7041434313369052
TOKYOTECH_s05,120,145,124.83333333333333,-1.024009108543396,1.0577172279177438
TOKYOTECH_s05,120,146,124.86666666666666,-1.0173929929733276,1.287776191511575
TOKYOTECH_s05,120,147,124.9,-1.038559079170227,1.3886057329160422
TOKYOTECH_s05,120,148,124.93333333333334,-1.1271324157714844,1.3752394897734586
TOKYOTECH_s05,120,149,124.96666666666667,-1.2055368423461914,1.273876236058938
TOKYOTECH_s05,120,150,125.0,-1.392033338546753,1.1125042227994224
TOKYOTECH_s05,120,151,125.03333333333333,-1.4371881484985352,0.9138515087329312
TOKYOTECH_s05,120,152,125.06666666666666,-0.8177623152732849,0.6923825650421855
TOKYOTECH_s05,120,153,125.1,0.9935172200202942,0.4563719774206988
TOKYOTECH_s05,120,154,125.13333333333334,2.13293194770813,0.21366546466476988
TOKYOTECH_s05,120,155,125.16666666666667,2.044670343399048,-0.022970627615731543
TOKYOTECH_s05,120,156,125.2,1.6066476106643677,-0.23547122498245052
TOKYOTECH_s05,120,157,125.23333333333333,1.2094876766204834,-0.4065528222544701
TOKYOTECH_s05,120,158,125.26666666666667,0.7347871661186218,-0.5285071776716286
TOKYOTECH_s05,120,159,125.3,0.23418332636356354,-0.6079914194281517
TOKYOTECH_s05,120,160,125.33333333333333,0.06399103254079819,-0.6625431292932298
TOKYOTECH_s05,120,161,125.36666666666666,0.27673807740211487,-0.71042066367459
TOKYOTECH_s05,120,162,125.4,0.5426986217498779,-0.7601119095391469
TOKYOTECH_s05,120,163,125.43333333333334,0.48229026794433594,-0.80592289574549
TOKYOTECH_s05,120,164,125.46666666666667,0.26363062858581543,-0.8313368314608224
TOKYOTECH_s05,120,165,125.5,0.005087560974061489,-0.8167560806827051
TOKYOTECH_s05,120,166,125.53333333333333,-0.3844589591026306,-0.7470257170366249
TOKYOTECH_s05,120,167,125.56666666666666,-0.7015492916107178,-0.6161983539841814
TOKYOTECH_s05,120,168,125.6,-0.9633603096008301,-0.4294287583662566
TOKYOTECH_s05,120,169,125.63333333333334,-1.0486568212509155,-0.2028208843261905
TOKYOTECH_s05,120,170,125.66666666666667,-1.0542399883270264,0.03870512942832976
TOKYOTECH_s05,120,171,125.7,-1.0374103784561157,0.26653770152793016
TOKYOTECH_s05,120,172,125.73333333333333,-1.025772213935852,0.4569974140312828
TOKYOTECH_s05,120,173,125.76666666666667,-1.0635095834732056,0.6006982605287954
TOKYOTECH_s05,120,174,125.8,-1.0798048973083496,0.7058646808963625
TOKYOTECH_s05,120,175,125.83333333333333,-1.0931527614593506,0.7903101099953719
TOKYOTECH_s05,120,176,125.86666666666666,-1.2453044652938843,0.8658022475897602
TOKYOTECH_s05,120,177,125.9,-1.2761497497558594,0.9260401034126625
TOKYOTECH_s05,120,178,125.93333333333334,-0.21501463651657104,0.9469263248919343
TOKYOTECH_s05,120,179,125.96666666666667,1.5140494108200073,0.898741421551047
TOKYOTECH_s05,120,180,126.0,2.08874773979187,0.7624885240455499
TOKYOTECH_s05,120,181,126.03333333333333,1.7940077781677246,0.5410462662309459
TOKYOTECH_s05,120,182,126.06666666666666,1.4495182037353516,0.25954593015437544
TOKYOTECH_s05,120,183,126.1,1.0019854307174683,-0.044306979294048296
TOKYOTECH_s05,120,184,126.13333333333334,0.4805360734462738,-0.3341245009953833
TOKYOTECH_s05,120,185,126.16666666666667,0.1117638424038887,-0.5857762059587609
TOKYOTECH_s05,120,186,126.2,-0.0012969877570867538,-0.7909576472637502
TOKYOTECH_s05,120,187,126.23333333333333,0.23274970054626465,-0.9532704499555823
TOKYOTECH_s05,120,188,126.26666666666667,0.42093804478645325,-1.0797138455370203
TOKYOTECH_s05,120,189,126.3,0.3387937545776367,-1.1714825095778545
TOKYOTECH_s05,120,190,126.33333333333333,0.07957395911216736,-1.217654273895493
TOKYOTECH_s05,120,191,126.36666666666666,-0.30218109488487244,-1.1946935773165819
TOKYOTECH_s05,120,192,126.4,-0.5842944383621216,-1.0736838487388038
TOKYOTECH_s05,120,193,126.43333333333334,-0.8543688654899597,-0.8342099948219354
TOKYOTECH_s05,120,194,126.46666666666667,-1.0506247282028198,-0.4789053741131884
TOKYOTECH_s05,120,195,126.5,-1.1727147102355957,-0.04023101291065934
TOKYOTECH_s05,120,196,126.53333333333333,-1.1830261945724487,0.4253853370956191
TOKYOTECH_s05,120,197,126.56666666666666,-1.1278181076049805,0.8536203990029546
TOKYOTECH_s05,120,198,126.6,-1.1495273113250732,1.1902573051120982
TOKYOTECH_s05,120,199,126.63333333333334,-1.155911922454834,1.4025426349595238
TOKYOTECH_s05,120,200,126.66666666666667,-1.1881195306777954,1.4808007846657203
TOKYOTECH_s05,120,201,126.7,-1.2337285280227661,1.4334593418862818
TOKYOTECH_s05,120,202,126.73333333333333,-1.3869221210479736,1.2806630133268926
TOKYOTECH_s05,120,203,126.76666666666667,-1.4409458637237549,1.0495724600401402
TOKYOTECH_s05,120,204,126.8,-0.5900378823280334,0.7712895324526685
TOKYOTECH_s05,120,205,126.83333333333333,1.279815673828125,0.47775107175551823
TOKYOTECH_s05,120,206,126.86666666666666,2.2733476161956787,0.19775577487692547
TOKYOTECH_s05,120,207,126.9,2.163679361343384,-0.04694999674628767
TOKYOTECH_s05,120,208,126.93333333333334,1.8677195310592651,-0.24393702303474976
TOKYOTECH_s05,120,209,126.96666666666667,1.5042543411254883,-0.39014965776562766
TOKYOTECH_s05,120,210,127.0,1.0310230255126953,-0.49086921057824184
TOKYOTECH_s05,120,211,127.03333333333333,0.5516833066940308,-0.5587883851490645
TOKYOTECH_s05,120,212,127.06666666666666,0.3131932318210602,-0.6122665655610785
TOKYOTECH_s05,120,213,127.1,0.4034673571586609,-0.670522535249496
TOKYOTECH_s05,120,214,127.13333333333334,0.6294999718666077,-0.7456203650881064
TOKYOTECH_s05,120,215,127.16666666666667,0.572662353515625,-0.8347715914635625
TOKYOTECH_s05,120,216,127.2,0.30489420890808105,-0.9181039821703286
TOKYOTECH_s05,120,217,127.23333333333333,0.09048201143741608,-0.9647070486121774
TOKYOTECH_s05,120,218,127.26666666666667,-0.2081492394208908,-0.9445319377401925
TOKYOTECH_s05,120,219,127.3,-0.6240442395210266,-0.8398371713011292
TOKYOTECH_s05,120,220,127.33333333333333,-0.8808242082595825,-0.6507180369913987
TOKYOTECH_s05,120,221,127.36666666666666,-0.9719709753990173,-0.39365465287331225
TOKYOTECH_s05,120,222,127.4,-1.0947110652923584,-0.09623784127264894
TOKYOTECH_s05,120,223,127.43333333333334,-1.0483273267745972,0.20800233891265515
TOKYOTECH_s05,120,224,127.46666666666667,-1.0685138702392578,0.4837027648748351
TOKYOTECH_s05,120,225,127.5,-1.0908375978469849,0.6983410585023268
TOKYOTECH_s05,120,226,127.53333333333333,-1.066937804222107,0.8279950944168056
TOKYOTECH_s05,120,227,127.56666666666666,-1.1482361555099487,0.8620372076705427
TOKYOTECH_s05,120,228,127.6,-1.214895486831665,0.8040401762521975
TOKYOTECH_s05,120,229,127.63333333333334,-1.4102075099945068,0.6682070687634181
TOKYOTECH_s05,120,230,127.66666666666667,-1.380279302597046,0.47356496717925023
TOKYOTECH_s05,120,231,127.7,-0.36788761615753174,0.23986008007191426
TOKYOTECH_s05,120,232,127.73333333333333,1.5671292543411255,-0.011935683420533185
TOKYOTECH_s05,120,233,127.76666666666667,2.3963279724121094,-0.2553732311899909
TOKYOTECH_s05,120,234,127.8,2.0977768898010254,-0.45568493837299906
TOKYOTECH_s05,120,235,127.83333333333333,1.6486413478851318,-0.5739205634709421
TOKYOTECH_s05,120,236,127.86666666666666,1.253333568572998,-0.5784345106807792
TOKYOTECH_s05,120,237,127.9,0.9289504289627075,-0.45805311971596613
TOKYOTECH_s05,120,238,127.93333333333334,0.5054954886436462,-0.22979055343052518
TOKYOTECH_s05,120,239,127.96666666666667,0.23430798947811127,0.06284255224664582
TOKYOTECH_s05,121,0,121.0,0.3780093193054199,0.04845983369926085
TOKYOTECH_s05,121,1,121.03333333333333,0.43376949429512024,-1.62838387911657
TOKYOTECH_s05,121,2,121.06666666666666,0.5359668135643005,-3.0464974786493326
TOKYOTECH_s05,121,3,121.1,0.47260215878486633,-4.006387224994423
TOKYOTECH_s05,121,4,121.13333333333334,0.24044321477413177,-4.413067704438413
TOKYOTECH_s05,121,5,121.16666666666667,-0.04914103075861931,-4.28779322161898
TOKYOTECH_s05,121,6,121.2,-0.3999706506729126,-3.7448580602109507
TOKYOTECH_s05,121,7,121.23333333333333,-0.6880411505699158,-2.947644236044571
TOKYOTECH_s05,121,8,121.26666666666667,-0.7907014489173889,-2.063452149221685
TOKYOTECH_s05,121,9,121.3,-0.8905390501022339,-1.2301098928789616
TOKYOTECH_s05,121,10,121.33333333333333,-0.9801097512245178,-0.5377631351644195
TOKYOTECH_s05,121,11,121.36666666666666,-0.912479817867279,-0.023718583150821034
TOKYOTECH_s05,121,12,121.4,-0.9180273413658142,0.32158271583741305
TOKYOTECH_s05,121,13,121.43333333333334,-0.9526125192642212,0.5384677595806002
TOKYOTECH_s05,121,14,121.46666666666667,-0.9958974719047546,0.6757562579500943
TOKYOTECH_s05,121,15,121.5,-1.1863386631011963,0.7703716874712896
TOKYOTECH_s05,121,16,121.53333333333333,-1.0872223377227783,0.8371681383013595
TOKYOTECH_s05,121,17,121.56666666666666,-0.10877467691898346,0.8723941692295554
TOKYOTECH_s05,121,18,121.6,1.4017008543014526,0.8666319101470719
TOKYOTECH_s05,121,19,121.63333333333334,1.9886252880096436,0.8177726843377537
TOKYOTECH_s05,121,20,121.66666666666667,1.8153342008590698,0.7354983610799241
TOKYOTECH_s05,121,21,121.7,1.5497742891311646,0.6353533344409968
TOKYOTECH_s05,121,22,121.73333333333333,1.2033880949020386,0.5284136057594843
TOKYOTECH_s05,121,23,121.76666666666667,0.8568949699401855,0.41534563400802527
TOKYOTECH_s05,121,24,121.8,0.6022164821624756,0.28872124688239365
TOKYOTECH_s05,121,25,121.83333333333333,0.48895975947380066,0.14051372585171074
TOKYOTECH_s05,121,26,121.86666666666666,0.5506325364112854,-0.030604759909562584
TOKYOTECH_s05,121,27,121.9,0.5828224420547485,-0.21521110669394414
TOKYOTECH_s05,121,28,121.93333333333334,0.5243196487426758,-0.392214838675508
TOKYOTECH_s05,121,29,121.96666666666667,0.33123379945755005,-0.5302653898775941
TOKYOTECH_s05,121,30,122.0,-0.06436777859926224,-0.5926517200746433
TOKYOTECH_s05,121,31,122.03333333333333,-0.4190797805786133,-0.5475554439938393
TOKYOTECH_s05,121,32,122.06666666666666,-0.5753275752067566,-0.3819705282089843
TOKYOTECH_s05,121,33,122.1,-0.7552347183227539,-0.11269268338284293
TOKYOTECH_s05,121,34,122.13333333333334,-0.8502638936042786,0.21346575257692113
TOKYOTECH_s05,121,35,122.16666666666667,-0.8550901412963867,0.5331872216589747
TOKYOTECH_s05,121,36,122.2,-0.8913137316703796,0.788030981659699
TOKYOTECH_s05,121,37,122.23333333333333,-0.8409853577613831,0.9423647549783577
TOKYOTECH_s05,121,38,122.26666666666667,-0.8706730604171753,0.9895049725502179
TOKYOTECH_s05,121,39,122.3,-0.9424970149993896,0.9456823676775529
TOKYOTECH_s05,121,40,122.33333333333333,-1.076991081237793,0.8377575618360046
TOKYOTECH_s05,121,41,122.36666666666666,-1.1854393482208252,0.692014589844408
TOKYOTECH_s05,121,42,122.4,-1.0413105487823486,0.5283150542020452
TOKYOTECH_s05,121,43,122.43333333333334,0.20094271004199982,0.3594707593770498
TOKYOTECH_s05,121,44,122.46666666666667,1.6101559400558472,0.19306893720155804
TOKYOTECH_s05,121,45,122.5,1.9414223432540894,0.03305646153423496
TOKYOTECH_s05,121,46,122.53333333333333,1.6256320476531982,-0.11983644490854185
TOKYOTECH_s05,121,47,122.56666666666666,1.253119945526123,-0.26805078493954637
TOKYOTECH_s05,121,48,122.6,0.9405975937843323,-0.4163952461167244
TOKYOTECH_s05,121,49,122.63333333333334,0.5367593169212341,-0.5700994449543456
TOKYOTECH_s05,121,50,122.66666666666667,0.1872742623090744,-0.7321536918093343
TOKYOTECH_s05,121,51,122.7,0.28365689516067505,-0.9004246365106106
TOKYOTECH_s05,121,52,122.73333333333333,0.4890042841434479,-1.064549932980685
TOKYOTECH_s05,121,53,122.76666666666667,0.5418081283569336,-1.203161128316863
TOKYOTECH_s05,121,54,122.8,0.35428765416145325,-1.2839707751407339
TOKYOTECH_s05,121,55,122.83333333333333,0.04591483622789383,-1.269901949661291
TOKYOTECH_s05,121,56,122.86666666666666,-0.23555739223957062,-1.1314630275421211
TOKYOTECH_s05,121,57,122.9,-0.50185626745224,-0.8608012449996522
TOKYOTECH_s05,121,58,122.93333333333334,-0.7224037051200867,-0.480059978971476
TOKYOTECH_s05,121,59,122.96666666666667,-0.900147020816803,-0.03849758901691271
TOKYOTECH_s05,121,60,123.0,-0.9512590765953064,0.4011150516807507
TOKYOTECH_s05,121,61,123.03333333333333,-0.920502781867981,0.7804202133028906
TOKYOTECH_s05,121,62,123.06666666666666,-0.9707778096199036,1.0598577903276878
TOKYOTECH_s05,121,63,123.1,-0.9675543308258057,1.2245710043187459
TOKYOTECH_s05,121,64,123.13333333333334,-0.979851484298706,1.28152950675878
TOKYOTECH_s05,121,65,123.16666666666667,-1.0246769189834595,1.2510724335035546
TOKYOTECH_s05,121,66,123.2,-1.1410057544708252,1.1570065642352343
TOKYOTECH_s05,121,67,123.23333333333333,-1.3504313230514526,1.018609058939073
TOKYOTECH_s05,121,68,123.26666666666667,-0.9942501187324524,0.8467847119823505
TOKYOTECH_s05,121,69,123.3,0.5205263495445251,0.6453199355716349
TOKYOTECH_s05,121,70,123.33333333333333,1.8501063585281372,0.4163018511629128
TOKYOTECH_s05,121,71,123.36666666666666,1.9759896993637085,0.16662339612527136
TOKYOTECH_s05,121,72,123.4,1.6381696462631226,-0.08875329407196494
TOKYOTECH_s05,121,73,123.43333333333334,1.334836721420288,-0.3296126196225579
TOKYOTECH_s05,121,74,123.46666666666667,0.9893854856491089,-0.5379097522470224
TOKYOTECH_s05,121,75,123.5,0.5392258167266846,-0.7046870436010656
TOKYOTECH_s05,121,76,123.53333333333333,0.2866310179233551,-0.8317095209055965
TOKYOTECH_s05,121,77,123.56666666666666,0.34622013568878174,-0.9268463678322882
TOKYOTECH_s05,121,78,123.6,0.46343937516212463,-0.9964827779197768
TOKYOTECH_s05,121,79,123.63333333333334,0.5338742136955261,-1.039817350592433
TOKYOTECH_s05,121,80,123.66666666666667,0.38517746329307556,-1.047747071995445
TOKYOTECH_s05,121,81,123.7,0.006423240527510643,-1.0056617720043517
TOKYOTECH_s05,121,82,123.73333333333333,-0.3004625141620636,-0.8979527737577523
TOKYOTECH_s05,121,83,123.76666666666667,-0.6163062453269958,-0.7129528613067478
TOKYOTECH_s05,121,84,123.8,-0.8219652771949768,-0.44860218064714547
TOKYOTECH_s05,121,85,123.83333333333333,-0.9687119126319885,-0.1184490797379373
TOKYOTECH_s05,121,86,123.86666666666666,-1.0647828578948975,0.245648183897788
TOKYOTECH_s05,121,87,123.9,-1.0494047403335571,0.5985795158518843
TOKYOTECH_s05,121,88,123.93333333333334,-1.0432873964309692,0.8944109049007031
TOKYOTECH_s05,121,89,123.96666666666667,-1.0574723482131958,1.1000561921466416
TOKYOTECH_s05,121,90,124.0,-1.0400817394256592,1.20331393256382
TOKYOTECH_s05,121,91,124.03333333333333,-1.0664302110671997,1.2121091919782385
TOKYOTECH_s05,121,92,124.06666666666666,-1.2351443767547607,1.1463977149754294
TOKYOTECH_s05,121,93,124.1,-1.313815951347351,1.027523061233723
TOKYOTECH_s05,121,94,124.13333333333334,-1.3945443630218506,0.870767293443584
TOKYOTECH_s05,121,95,124.16666666666667,-0.5591480135917664,0.6846475507306223
TOKYOTECH_s05,121,96,124.2,1.221090316772461,0.47595638784418137
TOKYOTECH_s05,121,97,124.23333333333333,2.0753376483917236,0.25564637043494604
TOKYOTECH_s05,121,98,124.26666666666667,1.9081461429595947,0.040289659223947207
TOKYOTECH_s05,121,99,124.3,1.6261217594146729,-0.1526753684928348
TOKYOTECH_s05,121,100,124.33333333333333,1.2891653776168823,-0.31270662591065507
TOKYOTECH_s05,121,101,124.36666666666666,0.9366528391838074,-0.44135305199002656
TOKYOTECH_s05,121,102,124.4,0.5965265035629272,-0.551628018397284
TOKYOTECH_s05,121,103,124.43333333333334,0.3095690906047821,-0.6623166428364338
TOKYOTECH_s05,121,104,124.46666666666667,0.33335310220718384,-0.7898484529071833
TOKYOTECH_s05,121,105,124.5,0.5580589175224304,-0.9400068594588261
TOKYOTECH_s05,121,106,124.53333333333333,0.6113525629043579,-1.10110494107003
TOKYOTECH_s05,121,107,124.56666666666666,0.31737837195396423,-1.2408411561711872
TOKYOTECH_s05,121,108,124.6,-0.03573080897331238,-1.3103389191038892
TOKYOTECH_s05,121,109,124.63333333333334,-0.3140419125556946,-1.25769823774931
TOKYOTECH_s05,121,110,124.66666666666667,-0.6455665230751038,-1.0481448802243167
TOKYOTECH_s05,121,111,124.7,-0.8622760772705078,-0.682182989904417
TOKYOTECH_s05,121,112,124.73333333333333,-0.9495760798454285,-0.20200995044373718
TOKYOTECH_s05,121,113,124.76666666666667,-1.0502862930297852,0.3184268743362876
TOKYOTECH_s05,121,114,124.8,-1.0126736164093018,0.7955148422536961
TOKYOTECH_s05,121,115,124.83333333333333,-1.024009108543396,1.1597433132674348
TOKYOTECH_s05,121,116,124.86666666666666,-1.0173929929733276,1.3715581552715677
TOKYOTECH_s05,121,117,124.9,-1.038559079170227,1.4254945593059445
TOKYOTECH_s05,121,118,124.93333333333334,-1.1271324157714844,1.3444786817820098
TOKYOTECH_s05,121,119,124.96666666666667,-1.2055368423461914,1.1687750528596204
TOKYOTECH_s05,121,120,125.0,-1.392033338546753,0.9434496870121899
TOKYOTECH_s05,121,121,125.03333333333333,-1.4371881484985352,0.7070110343347357
TOKYOTECH_s05,121,122,125.06666666666666,-0.8177623152732849,0.4839903537914649
TOKYOTECH_s05,121,123,125.1,0.9935172200202942,0.2839391115106052
TOKYOTECH_s05,121,124,125.13333333333334,2.13293194770813,0.10670659591603943
TOKYOTECH_s05,121,125,125.16666666666667,2.044670343399048,-0.04975463865999531
TOKYOTECH_s05,121,126,125.2,1.6066476106643677,-0.18452294702085262
TOKYOTECH_s05,121,127,125.23333333333333,1.2094876766204834,-0.29502286843541936
TOKYOTECH_s05,121,128,125.26666666666667,0.7347871661186218,-0.3824446315430665
TOKYOTECH_s05,121,129,125.3,0.23418332636356354,-0.4554451654753868
TOKYOTECH_s05,121,130,125.33333333333333,0.06399103254079819,-0.5278299686885591
TOKYOTECH_s05,121,131,125.36666666666666,0.27673807740211487,-0.6109886992510958
TOKYOTECH_s05,121,132,125.4,0.5426986217498779,-0.7060967980192812
TOKYOTECH_s05,121,133,125.43333333333334,0.48229026794433594,-0.8012197663918346
TOKYOTECH_s05,121,134,125.46666666666667,0.26363062858581543,-0.8744812673483243
TOKYOTECH_s05,121,135,125.5,0.005087560974061489,-0.9005846330072577
TOKYOTECH_s05,121,136,125.53333333333333,-0.3844589591026306,-0.8577479470076427
TOKYOTECH_s05,121,137,125.56666666666666,-0.7015492916107178,-0.7338922769787841
TOKYOTECH_s05,121,138,125.6,-0.9633603096008301,-0.5316035937896036
TOKYOTECH_s05,121,139,125.63333333333334,-1.0486568212509155,-0.2706478382849163
TOKYOTECH_s05,121,140,125.66666666666667,-1.0542399883270264,0.013981440855434256
TOKYOTECH_s05,121,141,125.7,-1.0374103784561157,0.2801605896708026
TOKYOTECH_s05,121,142,125.73333333333333,-1.025772213935852,0.4922876562047575
TOKYOTECH_s05,121,143,125.76666666666667,-1.0635095834732056,0.6355023242082241
TOKYOTECH_s05,121,144,125.8,-1.0798048973083496,0.7214820245016967
TOKYOTECH_s05,121,145,125.83333333333333,-1.0931527614593506,0.7793500363566502
TOKYOTECH_s05,121,146,125.86666666666666,-1.2453044652938843,0.8357757801591618
TOKYOTECH_s05,121,147,125.9,-1.2761497497558594,0.8971983842039232
TOKYOTECH_s05,121,148,125.93333333333334,-0.21501463651657104,0.9451819467372233
TOKYOTECH_s05,121,149,125.96666666666667,1.5140494108200073,0.9464477462111291
TOKYOTECH_s05,121,150,126.0,2.08874773979187,0.8705507887900295
TOKYOTECH_s05,121,151,126.03333333333333,1.7940077781677246,0.7050486873774044
TOKYOTECH_s05,121,152,126.06666666666666,1.4495182037353516,0.46077610549268055
TOKYOTECH_s05,121,153,126.1,1.0019854307174683,0.1660766479990991
TOKYOTECH_s05,121,154,126.13333333333334,0.4805360734462738,-0.14520817388286805
TOKYOTECH_s05,121,155,126.16666666666667,0.1117638424038887,-0.4448449110342494
TOKYOTECH_s05,121,156,126.2,-0.0012969877570867538,-0.7154358518191853
TOKYOTECH_s05,121,157,126.23333333333333,0.23274970054626465,-0.9489749218249842
TOKYOTECH_s05,121,158,126.26666666666667,0.42093804478645325,-1.1409879309727848
TOKYOTECH_s05,121,159,126.3,0.3387937545776367,-1.2836029865898269
TOKYOTECH_s05,121,160,126.33333333333333,0.07957395911216736,-1.360731495637414
TOKYOTECH_s05,121,161,126.36666666666666,-0.30218109488487244,-1.3479864645311992
TOKYOTECH_s05,121,162,126.4,-0.5842944383621216,-1.2190737385398123
TOKYOTECH_s05,121,163,126.43333333333334,-0.8543688654899597,-0.9579075230192413
TOKYOTECH_s05,121,164,126.46666666666667,-1.0506247282028198,-0.5715944408669759
TOKYOTECH_s05,121,165,126.5,-1.1727147102355957,-0.09695143123518059
TOKYOTECH_s05,121,166,126.53333333333333,-1.1830261945724487,0.4045871010012058
TOKYOTECH_s05,121,167,126.56666666666666,-1.1278181076049805,0.8626976354300322
TOKYOTECH_s05,121,168,126.6,-1.1495273113250732,1.2172441625110264
TOKYOTECH_s05,121,169,126.63333333333334,-1.155911922454834,1.4317041108926207
TOKYOTECH_s05,121,170,126.66666666666667,-1.1881195306777954,1.4965162289399643
TOKYOTECH_s05,121,171,126.7,-1.2337285280227661,1.4243272832932206
TOKYOTECH_s05,121,172,126.73333333333333,-1.3869221210479736,1.2420735366285234
TOKYOTECH_s05,121,173,126.76666666666667,-1.4409458637237549,0.9837765160368296
TOKYOTECH_s05,121,174,126.8,-0.5900378823280334,0.6852443322234658
TOKYOTECH_s05,121,175,126.83333333333333,1.279815673828125,0.38000406274466547
TOKYOTECH_s05,121,176,126.86666666666666,2.2733476161956787,0.09584970258780795
TOKYOTECH_s05,121,177,126.9,2.163679361343384,-0.14765963756919562
TOKYOTECH_s05,121,178,126.93333333333334,1.8677195310592651,-0.3401467549354885
TOKYOTECH_s05,121,179,126.96666666666667,1.5042543411254883,-0.479933694032584
TOKYOTECH_s05,121,180,127.0,1.0310230255126953,-0.5731294597466021
TOKYOTECH_s05,121,181,127.03333333333333,0.5516833066940308,-0.6328752129802465
TOKYOTECH_s05,121,182,127.06666666666666,0.3131932318210602,-0.6775106841475751
TOKYOTECH_s05,121,183,127.1,0.4034673571586609,-0.7257121700313384
TOKYOTECH_s05,121,184,127.13333333333334,0.6294999718666077,-0.7888601008415498
TOKYOTECH_s05,121,185,127.16666666666667,0.572662353515625,-0.8640292104749464
TOKYOTECH_s05,121,186,127.2,0.30489420890808105,-0.9319622380854166
TOKYOTECH_s05,121,187,127.23333333333333,0.09048201143741608,-0.9621875822895027
TOKYOTECH_s05,121,188,127.26666666666667,-0.2081492394208908,-0.9233881536947836
TOKYOTECH_s05,121,189,127.3,-0.6240442395210266,-0.7941975804171141
TOKYOTECH_s05,121,190,127.33333333333333,-0.8808242082595825,-0.569985094150856
TOKYOTECH_s05,121,191,127.36666666666666,-0.9719709753990173,-0.2641543948586501
TOKYOTECH_s05,121,192,127.4,-1.0947110652923584,0.09447478374311262
TOKYOTECH_s05,121,193,127.43333333333334,-1.0483273267745972,0.465955794875774
TOKYOTECH_s05,121,194,127.46666666666667,-1.0685138702392578,0.8048494268775029
TOKYOTECH_s05,121,195,127.5,-1.0908375978469849,1.0681854716247356
TOKYOTECH_s05,121,196,127.53333333333333,-1.066937804222107,1.224957261586629
TOKYOTECH_s05,121,197,127.56666666666666,-1.1482361555099487,1.2636236453671266
TOKYOTECH_s05,121,198,127.6,-1.214895486831665,1.1937485866291349
TOKYOTECH_s05,121,199,127.63333333333334,-1.4102075099945068,1.040570901885955
TOKYOTECH_s05,121,200,127.66666666666667,-1.380279302597046,0.835226405898649
TOKYOTECH_s05,121,201,127.7,-0.36788761615753174,0.6057294512716513
TOKYOTECH_s05,121,202,127.73333333333333,1.5671292543411255,0.37277521328487223
TOKYOTECH_s05,121,203,127.76666666666667,2.3963279724121094,0.15067082282240568
TOKYOTECH_s05,121,204,127.8,2.0977768898010254,-0.05004416734710875
TOKYOTECH_s05,121,205,127.83333333333333,1.6486413478851318,-0.22213969825937138
TOKYOTECH_s05,121,206,127.86666666666666,1.253333568572998,-0.36364425726968796
TOKYOTECH_s05,121,207,127.9,0.9289504289627075,-0.47899990978294904
TOKYOTECH_s05,121,208,127.93333333333334,0.5054954886436462,-0.5768414896694687
TOKYOTECH_s05,121,209,127.96666666666667,0.23430798947811127,-0.6651215779443895
TOKYOTECH_s05,121,210,128.0,0.4067264199256897,-0.746640098944565
TOKYOTECH_s05,121,211,128.03333333333333,0.6872191429138184,-0.8174203299306186
TOKYOTECH_s05,121,212,128.06666666666666,0.6151013374328613,-0.8675212062262807
TOKYOTECH_s05,121,213,128.1,0.29439577460289,-0.8821444961406342
TOKYOTECH_s05,121,214,128.13333333333333,0.02767835557460785,-0.8425056007203391
TOKYOTECH_s05,121,215,128.16666666666666,-0.26894938945770264,-0.7286884987062949
TOKYOTECH_s05,121,216,128.2,-0.634222149848938,-0.5269712535230874
TOKYOTECH_s05,121,217,128.23333333333332,-0.8253044486045837,-0.24046292177914635
TOKYOTECH_s05,121,218,128.26666666666668,-0.9888094663619995,0.10338076939616886
TOKYOTECH_s05,121,219,128.3,-1.0350862741470337,0.4557504572799438
TOKYOTECH_s05,121,220,128.33333333333334,-1.031310796737671,0.7609931718783074
TOKYOTECH_s05,121,221,128.36666666666667,-1.0040451288223267,0.9753649897604452
TOKYOTECH_s05,121,222,128.4,-1.0047129392623901,1.0798326520281853
TOKYOTECH_s05,121,223,128.43333333333334,-1.0128250122070312,1.080893837507856
TOKYOTECH_s05,121,224,128.46666666666667,-1.0866256952285767,1.0012274564098882
TOKYOTECH_s05,121,225,128.5,-1.2393651008605957,0.867339746322593
TOKYOTECH_s05,121,226,128.53333333333333,-1.0935267210006714,0.7004745363873534
TOKYOTECH_s05,121,227,128.56666666666666,-0.02288157120347023,0.512696307878193
TOKYOTECH_s05,121,228,128.6,1.611910104751587,0.3069689077325057
TOKYOTECH_s05,121,229,128.63333333333333,2.1700284481048584,0.0796708860710494
TOKYOTECH_s05,121,230,128.66666666666666,1.8389756679534912,-0.17487155190193407
TOKYOTECH_s05,121,231,128.7,1.3112753629684448,-0.45758885470832017
TOKYOTECH_s05,121,232,128.73333333333332,0.8309115767478943,-0.7565182788999979
TOKYOTECH_s05,121,233,128.76666666666668,0.305063396692276,-1.0406954444181826
TOKYOTECH_s05,121,234,128.8,-0.07051190733909607,-1.2611738419323002
TOKYOTECH_s05,121,235,128.83333333333334,-0.03297930955886841,-1.36230137406078
TOKYOTECH_s05,121,236,128.86666666666667,0.2488936185836792,-1.300461905216102
TOKYOTECH_s05,121,237,128.9,0.48085665702819824,-1.0621411736384105
TOKYOTECH_s05,121,238,128.93333333333334,0.3603249192237854,-0.6729646677289927
TOKYOTECH_s05,121,239,128.96666666666667,0.1329566240310669,-0.19396076162373346
TOKYOTECH_s05,122,0,122.0,-0.06436777859926224,0.1058050973850681
TOKYOTECH_s05,122,1,122.03333333333333,-0.4190797805786133,-1.2371280959313056
TOKYOTECH_s05,122,2,122.06666666666666,-0.5753275752067566,-2.3228433681359992
TOKYOTECH_s05,122,3,122.1,-0.7552347183227539,-2.966379007917198
TOKYOTECH_s05,122,4,122.13333333333334,-0.8502638936042786,-3.106801676994096
TOKYOTECH_s05,122,5,122.16666666666667,-0.8550901412963867,-2.811322748645298
TOKYOTECH_s05,122,6,122.2,-0.8913137316703796,-2.2350363281105627
TOKYOTECH_s05,122,7,122.23333333333333,-0.8409853577613831,-1.5591943521981901
TOKYOTECH_s05,122,8,122.26666666666667,-0.8706730604171753,-0.936036690604615
TOKYOTECH_s05,122,9,122.3,-0.9424970149993896,-0.457623381619999
TOKYOTECH_s05,122,10,122.33333333333333,-1.076991081237793,-0.15169372008776377
TOKYOTECH_s05,122,11,122.36666666666666,-1.1854393482208252,0.0029930972463074364
TOKYOTECH_s05,122,12,122.4,-1.0413105487823486,0.053362642935575536
TOKYOTECH_s05,122,13,122.43333333333334,0.20094271004199982,0.05051827158884019
TOKYOTECH_s05,122,14,122.46666666666667,1.6101559400558472,0.03515465881856801
TOKYOTECH_s05,122,15,122.5,1.9414223432540894,0.03071953148077357
TOKYOTECH_s05,122,16,122.53333333333333,1.6256320476531982,0.042924812334946036
TOKYOTECH_s05,122,17,122.56666666666666,1.253119945526123,0.06363041212008988
TOKYOTECH_s05,122,18,122.6,0.9405975937843323,0.07702377617007368
TOKYOTECH_s05,122,19,122.63333333333334,0.5367593169212341,0.06616524542992297
TOKYOTECH_s05,122,20,122.66666666666667,0.1872742623090744,0.01859097846197121
TOKYOTECH_s05,122,21,122.7,0.28365689516067505,-0.06931074545060387
TOKYOTECH_s05,122,22,122.73333333333333,0.4890042841434479,-0.18867095875782317
TOKYOTECH_s05,122,23,122.76666666666667,0.5418081283569336,-0.3155592266159875
TOKYOTECH_s05,122,24,122.8,0.35428765416145325,-0.41194423762053567
TOKYOTECH_s05,122,25,122.83333333333333,0.04591483622789383,-0.43332284380899133
TOKYOTECH_s05,122,26,122.86666666666666,-0.23555739223957062,-0.34298988076319015
TOKYOTECH_s05,122,27,122.9,-0.50185626745224,-0.12786604691972722
TOKYOTECH_s05,122,28,122.93333333333334,-0.7224037051200867,0.19220131779503952
TOKYOTECH_s05,122,29,122.96666666666667,-0.900147020816803,0.5676340437481351
TOKYOTECH_s05,122,30,123.0,-0.9512590765953064,0.9339490115600084
TOKYOTECH_s05,122,31,123.03333333333333,-0.920502781867981,1.2309577136675296
TOKYOTECH_s05,122,32,123.06666666666666,-0.9707778096199036,1.4179467312585086
TOKYOTECH_s05,122,33,123.1,-0.9675543308258057,1.4800236030785605
TOKYOTECH_s05,122,34,123.13333333333334,-0.979851484298706,1.4256679514080317
TOKYOTECH_s05,122,35,123.16666666666667,-1.0246769189834595,1.278790566251849
TOKYOTECH_s05,122,36,123.2,-1.1410057544708252,1.0691858940330663
TOKYOTECH_s05,122,37,123.23333333333333,-1.3504313230514526,0.8242970556974597
TOKYOTECH_s05,122,38,123.26666666666667,-0.9942501187324524,0.5642213044675121
TOKYOTECH_s05,122,39,123.3,0.5205263495445251,0.30092881712213254
TOKYOTECH_s05,122,40,123.33333333333333,1.8501063585281372,0.041246005466258964
TOKYOTECH_s05,122,41,123.36666666666666,1.9759896993637085,-0.2085960744982301
TOKYOTECH_s05,122,42,123.4,1.6381696462631226,-0.44016886758606016
TOKYOTECH_s05,122,43,123.43333333333334,1.334836721420288,-0.6440649780702584
TOKYOTECH_s05,122,44,123.46666666666667,0.9893854856491089,-0.8140279520542665
TOKYOTECH_s05,122,45,123.5,0.5392258167266846,-0.9501098431013515
TOKYOTECH_s05,122,46,123.53333333333333,0.2866310179233551,-1.0575143887625202
TOKYOTECH_s05,122,47,123.56666666666666,0.34622013568878174,-1.1411969712619758
TOKYOTECH_s05,122,48,123.6,0.46343937516212463,-1.19988936847753
TOKYOTECH_s05,122,49,123.63333333333334,0.5338742136955261,-1.2239133891262979
TOKYOTECH_s05,122,50,123.66666666666667,0.38517746329307556,-1.1980766643190008
TOKYOTECH_s05,122,51,123.7,0.006423240527510643,-1.1072117322571071
TOKYOTECH_s05,122,52,123.73333333333333,-0.3004625141620636,-0.9410276488418254
TOKYOTECH_s05,122,53,123.76666666666667,-0.6163062453269958,-0.6970772382423646
TOKYOTECH_s05,122,54,123.8,-0.8219652771949768,-0.38329036353846785
TOKYOTECH_s05,122,55,123.83333333333333,-0.9687119126319885,-0.02119459021550406
TOKYOTECH_s05,122,56,123.86666666666666,-1.0647828578948975,0.3528043133638039
TOKYOTECH_s05,122,57,123.9,-1.0494047403335571,0.6925554547954779
TOKYOTECH_s05,122,58,123.93333333333334,-1.0432873964309692,0.9541983272837093
TOKYOTECH_s05,122,59,123.96666666666667,-1.0574723482131958,1.1098729671433445
TOKYOTECH_s05,122,60,124.0,-1.0400817394256592,1.1561875274693707
TOKYOTECH_s05,122,61,124.03333333333333,-1.0664302110671997,1.1132178267666517
TOKYOTECH_s05,122,62,124.06666666666666,-1.2351443767547607,1.0143288893765376
TOKYOTECH_s05,122,63,124.1,-1.313815951347351,0.8915313317312439
TOKYOTECH_s05,122,64,124.13333333333334,-1.3945443630218506,0.7636569288073908
TOKYOTECH_s05,122,65,124.16666666666667,-0.5591480135917664,0.6332002213482947
TOKYOTECH_s05,122,66,124.2,1.221090316772461,0.49223513850748213
TOKYOTECH_s05,122,67,124.23333333333333,2.0753376483917236,0.3324162329068495
TOKYOTECH_s05,122,68,124.26666666666667,1.9081461429595947,0.152718493972474
TOKYOTECH_s05,122,69,124.3,1.6261217594146729,-0.03881805450166578
TOKYOTECH_s05,122,70,124.33333333333333,1.2891653776168823,-0.2290382541937346
TOKYOTECH_s05,122,71,124.36666666666666,0.9366528391838074,-0.40609101649825696
TOKYOTECH_s05,122,72,124.4,0.5965265035629272,-0.5645800447949827
TOKYOTECH_s05,122,73,124.43333333333334,0.3095690906047821,-0.7069988228060065
TOKYOTECH_s05,122,74,124.46666666666667,0.33335310220718384,-0.840742847817041
TOKYOTECH_s05,122,75,124.5,0.5580589175224304,-0.9714421676621107
TOKYOTECH_s05,122,76,124.53333333333333,0.6113525629043579,-1.094567266407383
TOKYOTECH_s05,122,77,124.56666666666666,0.31737837195396423,-1.188855862932403
TOKYOTECH_s05,122,78,124.6,-0.03573080897331238,-1.2165668658269542
TOKYOTECH_s05,122,79,124.63333333333334,-0.3140419125556946,-1.1340823530055135
TOKYOTECH_s05,122,80,124.66666666666667,-0.6455665230751038,-0.9106787371301442
TOKYOTECH_s05,122,81,124.7,-0.8622760772705078,-0.5469777836246058
TOKYOTECH_s05,122,82,124.73333333333333,-0.9495760798454285,-0.08268162737407322
TOKYOTECH_s05,122,83,124.76666666666667,-1.0502862930297852,0.41204046696812263
TOKYOTECH_s05,122,84,124.8,-1.0126736164093018,0.8579120799203638
TOKYOTECH_s05,122,85,124.83333333333333,-1.024009108543396,1.1901023223225005
TOKYOTECH_s05,122,86,124.86666666666666,-1.0173929929733276,1.3738815764885643
TOKYOTECH_s05,122,87,124.9,-1.038559079170227,1.4081281372585999
TOKYOTECH_s05,122,88,124.93333333333334,-1.1271324157714844,1.3184826036912756
TOKYOTECH_s05,122,89,124.96666666666667,-1.2055368423461914,1.1450398936004622
TOKYOTECH_s05,122,90,125.0,-1.392033338546753,0.9292770771943211
TOKYOTECH_s05,122,91,125.03333333333333,-1.4371881484985352,0.7035996591938598
TOKYOTECH_s05,122,92,125.06666666666666,-0.8177623152732849,0.4862044209007773
TOKYOTECH_s05,122,93,125.1,0.9935172200202942,0.2827106572717253
TOKYOTECH_s05,122,94,125.13333333333334,2.13293194770813,0.09297815549101131
TOKYOTECH_s05,122,95,125.16666666666667,2.044670343399048,-0.08154390995685243
TOKYOTECH_s05,122,96,125.2,1.6066476106643677,-0.23503569509342515
TOKYOTECH_s05,122,97,125.23333333333333,1.2094876766204834,-0.3609440262520632
TOKYOTECH_s05,122,98,125.26666666666667,0.7347871661186218,-0.4586129578485196
TOKYOTECH_s05,122,99,125.3,0.23418332636356354,-0.5366262824474529
TOKYOTECH_s05,122,100,125.33333333333333,0.06399103254079819,-0.6091067817944452
TOKYOTECH_s05,122,101,125.36666666666666,0.27673807740211487,-0.6868466061904627
TOKYOTECH_s05,122,102,125.4,0.5426986217498779,-0.7692680855758837
TOKYOTECH_s05,122,103,125.43333333333334,0.48229026794433594,-0.8427054576187515
TOKYOTECH_s05,122,104,125.46666666666667,0.26363062858581543,-0.8856789237671242
TOKYOTECH_s05,122,105,125.5,0.005087560974061489,-0.8771273974480212
TOKYOTECH_s05,122,106,125.53333333333333,-0.3844589591026306,-0.8029686008735022
TOKYOTECH_s05,122,107,125.56666666666666,-0.7015492916107178,-0.6591150446064044
TOKYOTECH_s05,122,108,125.6,-0.9633603096008301,-0.45201586936378596
TOKYOTECH_s05,122,109,125.63333333333334,-1.0486568212509155,-0.19855031168428358
TOKYOTECH_s05,122,110,125.66666666666667,-1.0542399883270264,0.07466640493273019
TOKYOTECH_s05,122,111,125.7,-1.0374103784561157,0.33471729655642757
TOKYOTECH_s05,122,112,125.73333333333333,-1.025772213935852,0.5505901535473288
TOKYOTECH_s05,122,113,125.76666666666667,-1.0635095834732056,0.7042702221650902
TOKYOTECH_s05,122,114,125.8,-1.0798048973083496,0.7974732752043893
TOKYOTECH_s05,122,115,125.83333333333333,-1.0931527614593506,0.8470272055525445
TOKYOTECH_s05,122,116,125.86666666666666,-1.2453044652938843,0.8706149100289824
TOKYOTECH_s05,122,117,125.9,-1.2761497497558594,0.8730747863651376
TOKYOTECH_s05,122,118,125.93333333333334,-0.21501463651657104,0.8427391211699073
TOKYOTECH_s05,122,119,125.96666666666667,1.5140494108200073,0.7594855381497055
TOKYOTECH_s05,122,120,126.0,2.08874773979187,0.6085784521433025
TOKYOTECH_s05,122,121,126.03333333333333,1.7940077781677246,0.3915886984249453
TOKYOTECH_s05,122,122,126.06666666666666,1.4495182037353516,0.1284925687442882
TOKYOTECH_s05,122,123,126.1,1.0019854307174683,-0.14917074131135308
TOKYOTECH_s05,122,124,126.13333333333334,0.4805360734462738,-0.4093436831509398
TOKYOTECH_s05,122,125,126.16666666666667,0.1117638424038887,-0.6286288633306809
TOKYOTECH_s05,122,126,126.2,-0.0012969877570867538,-0.795948826950443
TOKYOTECH_s05,122,127,126.23333333333333,0.23274970054626465,-0.9107538780079991
TOKYOTECH_s05,122,128,126.26666666666667,0.42093804478645325,-0.9780823560710186
TOKYOTECH_s05,122,129,126.3,0.3387937545776367,-1.0027388495399066
TOKYOTECH_s05,122,130,126.33333333333333,0.07957395911216736,-0.9837784973625974
TOKYOTECH_s05,122,131,126.36666666666666,-0.30218109488487244,-0.9108498935659912
TOKYOTECH_s05,122,132,126.4,-0.5842944383621216,-0.7659247519683404
TOKYOTECH_s05,122,133,126.43333333333334,-0.8543688654899597,-0.5329182881879895
TOKYOTECH_s05,122,134,126.46666666666667,-1.0506247282028198,-0.21145810027671866
TOKYOTECH_s05,122,135,126.5,-1.1727147102355957,0.17401410165251907
TOKYOTECH_s05,122,136,126.53333333333333,-1.1830261945724487,0.5762440154694192
TOKYOTECH_s05,122,137,126.56666666666666,-1.1278181076049805,0.9375167984565095
TOKYOTECH_s05,122,138,126.6,-1.1495273113250732,1.2059006568137032
TOKYOTECH_s05,122,139,126.63333333333334,-1.155911922454834,1.347954002757587
TOKYOTECH_s05,122,140,126.66666666666667,-1.1881195306777954,1.3538581035244952
TOKYOTECH_s05,122,141,126.7,-1.2337285280227661,1.2354854585351418
TOKYOTECH_s05,122,142,126.73333333333333,-1.3869221210479736,1.020402381459643
TOKYOTECH_s05,122,143,126.76666666666667,-1.4409458637237549,0.744669603741293
TOKYOTECH_s05,122,144,126.8,-0.5900378823280334,0.44588731152594024
TOKYOTECH_s05,122,145,126.83333333333333,1.279815673828125,0.15699585482072448
TOKYOTECH_s05,122,146,126.86666666666666,2.2733476161956787,-0.09833976423478788
TOKYOTECH_s05,122,147,126.9,2.163679361343384,-0.307524215203745
TOKYOTECH_s05,122,148,126.93333333333334,1.8677195310592651,-0.46760537320266393
TOKYOTECH_s05,122,149,126.96666666666667,1.5042543411254883,-0.5819908588688284
TOKYOTECH_s05,122,150,127.0,1.0310230255126953,-0.6578589225831079
TOKYOTECH_s05,122,151,127.03333333333333,0.5516833066940308,-0.7057538167315472
TOKYOTECH_s05,122,152,127.06666666666666,0.3131932318210602,-0.7397548631560474
TOKYOTECH_s05,122,153,127.1,0.4034673571586609,-0.7748577683169378
TOKYOTECH_s05,122,154,127.13333333333334,0.6294999718666077,-0.820396519260492
TOKYOTECH_s05,122,155,127.16666666666667,0.572662353515625,-0.872552534731874
TOKYOTECH_s05,122,156,127.2,0.30489420890808105,-0.9113967137172081
TOKYOTECH_s05,122,157,127.23333333333333,0.09048201143741608,-0.9060849501619112
TOKYOTECH_s05,122,158,127.26666666666667,-0.2081492394208908,-0.8265248568219079
TOKYOTECH_s05,122,159,127.3,-0.6240442395210266,-0.6554454662820731
TOKYOTECH_s05,122,160,127.33333333333333,-0.8808242082595825,-0.39507508577207656
TOKYOTECH_s05,122,161,127.36666666666666,-0.9719709753990173,-0.06659775346552838
TOKYOTECH_s05,122,162,127.4,-1.0947110652923584,0.2953079183921376
TOKYOTECH_s05,122,163,127.43333333333334,-1.0483273267745972,0.6492217207433603
TOKYOTECH_s05,122,164,127.46666666666667,-1.0685138702392578,0.9533344761616162
TOKYOTECH_s05,122,165,127.5,-1.0908375978469849,1.1718602370702778
TOKYOTECH_s05,122,166,127.53333333333333,-1.066937804222107,1.281570225544366
TOKYOTECH_s05,122,167,127.56666666666666,-1.1482361555099487,1.2766399318728407
TOKYOTECH_s05,122,168,127.6,-1.214895486831665,1.1692467194251341
TOKYOTECH_s05,122,169,127.63333333333334,-1.4102075099945068,0.9848363296448965
TOKYOTECH_s05,122,170,127.66666666666667,-1.380279302597046,0.7539288434875026
TOKYOTECH_s05,122,171,127.7,-0.36788761615753174,0.5044554290498583
TOKYOTECH_s05,122,172,127.73333333333333,1.5671292543411255,0.25799242343539125
TOKYOTECH_s05,122,173,127.76666666666667,2.3963279724121094,0.030178901686268987
TOKYOTECH_s05,122,174,127.8,2.0977768898010254,-0.16767335511566028
TOKYOTECH_s05,122,175,127.83333333333333,1.6486413478851318,-0.32902441953423917
TOKYOTECH_s05,122,176,127.86666666666666,1.253333568572998,-0.45433043117842326
TOKYOTECH_s05,122,177,127.9,0.9289504289627075,-0.5516189366080058
TOKYOTECH_s05,122,178,127.93333333333334,0.5054954886436462,-0.6330318842855384
TOKYOTECH_s05,122,179,127.96666666666667,0.23430798947811127,-0.7086224186254259
TOKYOTECH_s05,122,180,128.0,0.4067264199256897,-0.7811297673438918
TOKYOTECH_s05,122,181,128.03333333333333,0.6872191429138184,-0.84457749142082
TOKYOTECH_s05,122,182,128.06666666666666,0.6151013374328613,-0.8861682522274923
TOKYOTECH_s05,122,183,128.1,0.29439577460289,-0.888773420626819
TOKYOTECH_s05,122,184,128.13333333333333,0.02767835557460785,-0.8328306266651107
TOKYOTECH_s05,122,185,128.16666666666666,-0.26894938945770264,-0.6994064035853294
TOKYOTECH_s05,122,186,128.2,-0.634222149848938,-0.47678001083263943
TOKYOTECH_s05,122,187,128.23333333333332,-0.8253044486045837,-0.16975768132647254
TOKYOTECH_s05,122,188,128.26666666666668,-0.9888094663619995,0.19380789917662308
TOKYOTECH_s05,122,189,128.3,-1.0350862741470337,0.5657297103066866
TOKYOTECH_s05,122,190,128.33333333333334,-1.031310796737671,0.8902814555804064
TOKYOTECH_s05,122,191,128.36666666666667,-1.0040451288223267,1.120863433854221
TOKYOTECH_s05,122,192,128.4,-1.0047129392623901,1.2321527078794683
TOKYOTECH_s05,122,193,128.43333333333334,-1.0128250122070312,1.2228756513185695
TOKYOTECH_s05,122,194,128.46666666666667,-1.0866256952285767,1.110270620104199
TOKYOTECH_s05,122,195,128.5,-1.2393651008605957,0.9212471803294326
TOKYOTECH_s05,122,196,128.53333333333333,-1.0935267210006714,0.6847954422444248
TOKYOTECH_s05,122,197,128.56666666666666,-0.02288157120347023,0.42719795057915216
TOKYOTECH_s05,122,198,128.6,1.611910104751587,0.16930862964374885
TOKYOTECH_s05,122,199,128.63333333333333,2.1700284481048584,-0.07502583223497704
TOKYOTECH_s05,122,200,128.66666666666666,1.8389756679534912,-0.29909401796849405
TOKYOTECH_s05,122,201,128.7,1.3112753629684448,-0.5010857245463105
TOKYOTECH_s05,122,202,128.73333333333332,0.8309115767478943,-0.6799267324549043
TOKYOTECH_s05,122,203,128.76666666666668,0.305063396692276,-0.8316963820083828
TOKYOTECH_s05,122,204,128.8,-0.07051190733909607,-0.9496643152534896
TOKYOTECH_s05,122,205,128.83333333333334,-0.03297930955886841,-1.0284792652530736
TOKYOTECH_s05,122,206,128.86666666666667,0.2488936185836792,-1.068672171160258
TOKYOTECH_s05,122,207,128.9,0.48085665702819824,-1.075903659399838
TOKYOTECH_s05,122,208,128.93333333333334,0.3603249192237854,-1.0533022287345835
TOKYOTECH_s05,122,209,128.96666666666667,0.1329566240310669,-0.9919810062879482
TOKYOTECH_s05,122,210,129.0,-0.25710636377334595,-0.8686633750660995
TOKYOTECH_s05,122,211,129.03333333333333,-0.5982834696769714,-0.6558379310429134
TOKYOTECH_s05,122,212,129.06666666666666,-0.8946707844734192,-0.3400571910177889
TOKYOTECH_s05,122,213,129.1,-1.0747026205062866,0.06342765389361373
TOKYOTECH_s05,122,214,129.13333333333333,-1.217655897140503,0.5093370554608155
TOKYOTECH_s05,122,215,129.16666666666666,-1.237806797027588,0.935078898856817
TOKYOTECH_s05,122,216,129.2,-1.1986268758773804,1.2801207127079375
TOKYOTECH_s05,122,217,129.23333333333332,-1.1545138359069824,1.5022911598717559
TOKYOTECH_s05,122,218,129.26666666666668,-1.143276333808899,1.5852205815259448
TOKYOTECH_s05,122,219,129.3,-1.1674789190292358,1.5370115802039024
TOKYOTECH_s05,122,220,129.33333333333334,-1.2251179218292236,1.3834579238081666
TOKYOTECH_s05,122,221,129.36666666666667,-1.3447859287261963,1.1592972221990163
TOKYOTECH_s05,122,222,129.4,-1.1131701469421387,0.8999261123499883
TOKYOTECH_s05,122,223,129.43333333333334,0.3387136161327362,0.6349960150437249
TOKYOTECH_s05,122,224,129.46666666666667,2.052541971206665,0.3847229916099334
TOKYOTECH_s05,122,225,129.5,2.4488470554351807,0.15923284588307743
TOKYOTECH_s05,122,226,129.53333333333333,2.0640199184417725,-0.039579436571504464
TOKYOTECH_s05,122,227,129.56666666666666,1.5737541913986206,-0.2151084088739897
TOKYOTECH_s05,122,228,129.6,1.1817946434020996,-0.3737106733245154
TOKYOTECH_s05,122,229,129.63333333333333,0.7889267206192017,-0.5235667312858501
TOKYOTECH_s05,122,230,129.66666666666666,0.3547684848308563,-0.6732563268287208
TOKYOTECH_s05,122,231,129.7,0.3020358681678772,-0.8279522784632196
TOKYOTECH_s05,122,232,129.73333333333332,0.4521840512752533,-0.9834302325532251
TOKYOTECH_s05,122,233,129.76666666666668,0.6168199181556702,-1.1214108106548857
TOKYOTECH_s05,122,234,129.8,0.4914085268974304,-1.210918509452468
TOKYOTECH_s05,122,235,129.83333333333334,0.20842252671718597,-1.2175410451544204
TOKYOTECH_s05,122,236,129.86666666666667,-0.1445174664258957,-1.1169587410374047
TOKYOTECH_s05,122,237,129.9,-0.4844123125076294,-0.9057266354345918
TOKYOTECH_s05,122,238,129.93333333333334,-0.7644509077072144,-0.6043838776935923
TOKYOTECH_s05,122,239,129.96666666666667,-0.970466136932373,-0.2528759932821398
TOKYOTECH_s05,123,0,123.0,-0.9512590765953064,0.12835916268245204
TOKYOTECH_s05,123,1,123.03333333333333,-0.920502781867981,-0.7425391996374026
TOKYOTECH_s05,123,2,123.06666666666666,-0.9707778096199036,-1.4714358745002933
TOKYOTECH_s05,123,3,123.1,-0.9675543308258057,-1.9506893876121099
TOKYOTECH_s05,123,4,123.13333333333334,-0.979851484298706,-2.1363666721221324
TOKYOTECH_s05,123,5,123.16666666666667,-1.0246769189834595,-2.0536621506873813
TOKYOTECH_s05,123,6,123.2,-1.1410057544708252,-1.7800581573550645
TOKYOTECH_s05,123,7,123.23333333333333,-1.3504313230514526,-1.4158284714787013
TOKYOTECH_s05,123,8,123.26666666666667,-0.9942501187324524,-1.0549233956280464
TOKYOTECH_s05,123,9,123.3,0.5205263495445251,-0.7648823280592101
TOKYOTECH_s05,123,10,123.33333333333333,1.8501063585281372,-0.577913699652628
TOKYOTECH_s05,123,11,123.36666666666666,1.9759896993637085,-0.4914830923219699
TOKYOTECH_s05,123,12,123.4,1.6381696462631226,-0.4767608486844546
TOKYOTECH_s05,123,13,123.43333333333334,1.334836721420288,-0.4933690751403477
TOKYOTECH_s05,123,14,123.46666666666667,0.9893854856491089,-0.5061126568347472
TOKYOTECH_s05,123,15,123.5,0.5392258167266846,-0.4968675669887065
TOKYOTECH_s05,123,16,123.53333333333333,0.2866310179233551,-0.4665501070700054
TOKYOTECH_s05,123,17,123.56666666666666,0.34622013568878174,-0.42743109063596785
TOKYOTECH_s05,123,18,123.6,0.46343937516212463,-0.39132948280367247
TOKYOTECH_s05,123,19,123.63333333333334,0.5338742136955261,-0.36066290349380137
TOKYOTECH_s05,123,20,123.66666666666667,0.38517746329307556,-0.3259564359609834
TOKYOTECH_s05,123,21,123.7,0.006423240527510643,-0.2688081586709367
TOKYOTECH_s05,123,22,123.73333333333333,-0.3004625141620636,-0.1674806103742301
TOKYOTECH_s05,123,23,123.76666666666667,-0.6163062453269958,-0.0033944109654326232
TOKYOTECH_s05,123,24,123.8,-0.8219652771949768,0.23161445277335876
TOKYOTECH_s05,123,25,123.83333333333333,-0.9687119126319885,0.5281350221123334
TOKYOTECH_s05,123,26,123.86666666666666,-1.0647828578948975,0.8559827418814104
TOKYOTECH_s05,123,27,123.9,-1.0494047403335571,1.1693743633002616
TOKYOTECH_s05,123,28,123.93333333333334,-1.0432873964309692,1.4200198214971538
TOKYOTECH_s05,123,29,123.96666666666667,-1.0574723482131958,1.5719908018752955
TOKYOTECH_s05,123,30,124.0,-1.0400817394256592,1.6113021436365644
TOKYOTECH_s05,123,31,124.03333333333333,-1.0664302110671997,1.5464924440147438
TOKYOTECH_s05,123,32,124.06666666666666,-1.2351443767547607,1.4008662698009722
TOKYOTECH_s05,123,33,124.1,-1.313815951347351,1.2007422357697137
TOKYOTECH_s05,123,34,124.13333333333334,-1.3945443630218506,0.9659541681216419
TOKYOTECH_s05,123,35,124.16666666666667,-0.5591480135917664,0.7073715838295201
TOKYOTECH_s05,123,36,124.2,1.221090316772461,0.4314225695919958
TOKYOTECH_s05,123,37,124.23333333333333,2.0753376483917236,0.14697630932096256
TOKYOTECH_s05,123,38,124.26666666666667,1.9081461429595947,-0.1310178037704393
TOKYOTECH_s05,123,39,124.3,1.6261217594146729,-0.3838455569048882
TOKYOTECH_s05,123,40,124.33333333333333,1.2891653776168823,-0.5956268772685094
TOKYOTECH_s05,123,41,124.36666666666666,0.9366528391838074,-0.7598645238526338
TOKYOTECH_s05,123,42,124.4,0.5965265035629272,-0.8823192031546633
TOKYOTECH_s05,123,43,124.43333333333334,0.3095690906047821,-0.9790088044141397
TOKYOTECH_s05,123,44,124.46666666666667,0.33335310220718384,-1.069886923927604
TOKYOTECH_s05,123,45,124.5,0.5580589175224304,-1.1695554693872858
TOKYOTECH_s05,123,46,124.53333333333333,0.6113525629043579,-1.2771701692164654
TOKYOTECH_s05,123,47,124.56666666666666,0.31737837195396423,-1.3693380063014833
TOKYOTECH_s05,123,48,124.6,-0.03573080897331238,-1.4013872657157316
TOKYOTECH_s05,123,49,124.63333333333334,-0.3140419125556946,-1.3205371000105008
TOKYOTECH_s05,123,50,124.66666666666667,-0.6455665230751038,-1.0878971426371244
TOKYOTECH_s05,123,51,124.7,-0.8622760772705078,-0.6994839946423715
TOKYOTECH_s05,123,52,124.73333333333333,-0.9495760798454285,-0.19521297576846408
TOKYOTECH_s05,123,53,124.76666666666667,-1.0502862930297852,0.3495618848243097
TOKYOTECH_s05,123,54,124.8,-1.0126736164093018,0.846140623787755
TOKYOTECH_s05,123,55,124.83333333333333,-1.024009108543396,1.217812248193709
TOKYOTECH_s05,123,56,124.86666666666666,-1.0173929929733276,1.4184345957926345
TOKYOTECH_s05,123,57,124.9,-1.038559079170227,1.4395609324330376
TOKYOTECH_s05,123,58,124.93333333333334,-1.1271324157714844,1.3068830863579701
TOKYOTECH_s05,123,59,124.96666666666667,-1.2055368423461914,1.069522975370722
TOKYOTECH_s05,123,60,125.0,-1.392033338546753,0.7856778565831614
TOKYOTECH_s05,123,61,125.03333333333333,-1.4371881484985352,0.5077499404839528
TOKYOTECH_s05,123,62,125.06666666666666,-0.8177623152732849,0.2709534693145098
TOKYOTECH_s05,123,63,125.1,0.9935172200202942,0.08935033344952503
TOKYOTECH_s05,123,64,125.13333333333334,2.13293194770813,-0.03983913263422401
TOKYOTECH_s05,123,65,125.16666666666667,2.044670343399048,-0.12731107181203058
TOKYOTECH_s05,123,66,125.2,1.6066476106643677,-0.18427448612314076
TOKYOTECH_s05,123,67,125.23333333333333,1.2094876766204834,-0.22076698648729148
TOKYOTECH_s05,123,68,125.26666666666667,0.7347871661186218,-0.24838906385049314
TOKYOTECH_s05,123,69,125.3,0.23418332636356354,-0.28212503201570793
TOKYOTECH_s05,123,70,125.33333333333333,0.06399103254079819,-0.33730802022272044
TOKYOTECH_s05,123,71,125.36666666666666,0.27673807740211487,-0.4226337823120741
TOKYOTECH_s05,123,72,125.4,0.5426986217498779,-0.5338868597195745
TOKYOTECH_s05,123,73,125.43333333333334,0.48229026794433594,-0.6529086632724297
TOKYOTECH_s05,123,74,125.46666666666667,0.26363062858581543,-0.7525923606890614
TOKYOTECH_s05,123,75,125.5,0.005087560974061489,-0.8048326676079992
TOKYOTECH_s05,123,76,125.53333333333333,-0.3844589591026306,-0.7876059070618443
TOKYOTECH_s05,123,77,125.56666666666666,-0.7015492916107178,-0.6893063305166045
TOKYOTECH_s05,123,78,125.6,-0.9633603096008301,-0.510767580465402
TOKYOTECH_s05,123,79,125.63333333333334,-1.0486568212509155,-0.26615489011680526
TOKYOTECH_s05,123,80,125.66666666666667,-1.0542399883270264,0.01732332835187265
TOKYOTECH_s05,123,81,125.7,-1.0374103784561157,0.30277385366422227
TOKYOTECH_s05,123,82,125.73333333333333,-1.025772213935852,0.552077575041608
TOKYOTECH_s05,123,83,125.76666666666667,-1.0635095834732056,0.7380742984585917
TOKYOTECH_s05,123,84,125.8,-1.0798048973083496,0.8537499396385019
TOKYOTECH_s05,123,85,125.83333333333333,-1.0931527614593506,0.9110132720975784
TOKYOTECH_s05,123,86,125.86666666666666,-1.2453044652938843,0.928942533090785
TOKYOTECH_s05,123,87,125.9,-1.2761497497558594,0.9196474652963486
TOKYOTECH_s05,123,88,125.93333333333334,-0.21501463651657104,0.8810063653898499
TOKYOTECH_s05,123,89,125.96666666666667,1.5140494108200073,0.7999734422666718
TOKYOTECH_s05,123,90,126.0,2.08874773979187,0.6631767555236251
TOKYOTECH_s05,123,91,126.03333333333333,1.7940077781677246,0.46759015764688355
TOKYOTECH_s05,123,92,126.06666666666666,1.4495182037353516,0.22502209429746836
TOKYOTECH_s05,123,93,126.1,1.0019854307174683,-0.04143926365336644
TOKYOTECH_s05,123,94,126.13333333333334,0.4805360734462738,-0.306171150199943
TOKYOTECH_s05,123,95,126.16666666666667,0.1117638424038887,-0.5496937659450265
TOKYOTECH_s05,123,96,126.2,-0.0012969877570867538,-0.76288283862064
TOKYOTECH_s05,123,97,126.23333333333333,0.23274970054626465,-0.945185494469107
TOKYOTECH_s05,123,98,126.26666666666667,0.42093804478645325,-1.0981772930180878
TOKYOTECH_s05,123,99,126.3,0.3387937545776367,-1.2175673450752436
TOKYOTECH_s05,123,100,126.33333333333333,0.07957395911216736,-1.2872866254165596
TOKYOTECH_s05,123,101,126.36666666666666,-0.30218109488487244,-1.279080458231566
TOKYOTECH_s05,123,102,126.4,-0.5842944383621216,-1.160012968536171
TOKYOTECH_s05,123,103,126.43333333333334,-0.8543688654899597,-0.9070602535006457
TOKYOTECH_s05,123,104,126.46666666666667,-1.0506247282028198,-0.5227916598592433
TOKYOTECH_s05,123,105,126.5,-1.1727147102355957,-0.04337133639592492
TOKYOTECH_s05,123,106,126.53333333333333,-1.1830261945724487,0.46670073342190876
TOKYOTECH_s05,123,107,126.56666666666666,-1.1278181076049805,0.9315598610151444
TOKYOTECH_s05,123,108,126.6,-1.1495273113250732,1.2848992222839224
TOKYOTECH_s05,123,109,126.63333333333334,-1.155911922454834,1.48570599621394
TOKYOTECH_s05,123,110,126.66666666666667,-1.1881195306777954,1.5237866719330524
TOKYOTECH_s05,123,111,126.7,-1.2337285280227661,1.4159252505214046
TOKYOTECH_s05,123,112,126.73333333333333,-1.3869221210479736,1.1968821557211637
TOKYOTECH_s05,123,113,126.76666666666667,-1.4409458637237549,0.9094597019622099
TOKYOTECH_s05,123,114,126.8,-0.5900378823280334,0.596056282984055
TOKYOTECH_s05,123,115,126.83333333333333,1.279815673828125,0.29245516035594094
TOKYOTECH_s05,123,116,126.86666666666666,2.2733476161956787,0.024095439646819806
TOKYOTECH_s05,123,117,126.9,2.163679361343384,-0.19494278135304868
TOKYOTECH_s05,123,118,126.93333333333334,1.8677195310592651,-0.36057459671368874
TOKYOTECH_s05,123,119,126.96666666666667,1.5042543411254883,-0.47625641087413756
TOKYOTECH_s05,123,120,127.0,1.0310230255126953,-0.5511181639355743
TOKYOTECH_s05,123,121,127.03333333333333,0.5516833066940308,-0.5992366046130853
TOKYOTECH_s05,123,122,127.06666666666666,0.3131932318210602,-0.6383794125189728
TOKYOTECH_s05,123,123,127.1,0.4034673571586609,-0.685762941582941
TOKYOTECH_s05,123,124,127.13333333333334,0.6294999718666077,-0.7506904418270284
TOKYOTECH_s05,123,125,127.16666666666667,0.572662353515625,-0.8274769557905268
TOKYOTECH_s05,123,126,127.2,0.30489420890808105,-0.8936031203918043
TOKYOTECH_s05,123,127,127.23333333333333,0.09048201143741608,-0.9158546134910079
TOKYOTECH_s05,123,128,127.26666666666667,-0.2081492394208908,-0.8622961705977845
TOKYOTECH_s05,123,129,127.3,-0.6240442395210266,-0.7141981622201572
TOKYOTECH_s05,123,130,127.33333333333333,-0.8808242082595825,-0.4725931918730811
TOKYOTECH_s05,123,131,127.36666666666666,-0.9719709753990173,-0.15791641698109524
TOKYOTECH_s05,123,132,127.4,-1.0947110652923584,0.19508504213204242
TOKYOTECH_s05,123,133,127.43333333333334,-1.0483273267745972,0.5439482933341401
TOKYOTECH_s05,123,134,127.46666666666667,-1.0685138702392578,0.8452425209291604
TOKYOTECH_s05,123,135,127.5,-1.0908375978469849,1.0618761689679839
TOKYOTECH_s05,123,136,127.53333333333333,-1.066937804222107,1.1705190843233997
TOKYOTECH_s05,123,137,127.56666666666666,-1.1482361555099487,1.1667301196833075
TOKYOTECH_s05,123,138,127.6,-1.214895486831665,1.0650408289572693
TOKYOTECH_s05,123,139,127.63333333333334,-1.4102075099945068,0.8931950762269226
TOKYOTECH_s05,123,140,127.66666666666667,-1.380279302597046,0.6828011120746812
TOKYOTECH_s05,123,141,127.7,-0.36788761615753174,0.46074836187818036
TOKYOTECH_s05,123,142,127.73333333333333,1.5671292543411255,0.2452188792796744
TOKYOTECH_s05,123,143,127.76666666666667,2.3963279724121094,0.04692838312412721
TOKYOTECH_s05,123,144,127.8,2.0977768898010254,-0.12763443609402436
TOKYOTECH_s05,123,145,127.83333333333333,1.6486413478851318,-0.27502300809336117
TOKYOTECH_s05,123,146,127.86666666666666,1.253333568572998,-0.39621408484549503
TOKYOTECH_s05,123,147,127.9,0.9289504289627075,-0.49741365632991175
TOKYOTECH_s05,123,148,127.93333333333334,0.5054954886436462,-0.587652346333753
TOKYOTECH_s05,123,149,127.96666666666667,0.23430798947811127,-0.673949416276609
TOKYOTECH_s05,123,150,128.0,0.4067264199256897,-0.7573238915597417
TOKYOTECH_s05,123,151,128.03333333333333,0.6872191429138184,-0.8321237464166796
TOKYOTECH_s05,123,152,128.06666666666666,0.6151013374328613,-0.8876859068478041
TOKYOTECH_s05,123,153,128.1,0.29439577460289,-0.9092933576261724
TOKYOTECH_s05,123,154,128.13333333333333,0.02767835557460785,-0.8775714617754703
TOKYOTECH_s05,123,155,128.16666666666666,-0.26894938945770264,-0.7692790197006091
TOKYOTECH_s05,123,156,128.2,-0.634222149848938,-0.5634771235412919
TOKYOTECH_s05,123,157,128.23333333333332,-0.8253044486045837,-0.2533962744797485
TOKYOTECH_s05,123,158,128.26666666666668,-0.9888094663619995,0.14189283485611215
TOKYOTECH_s05,123,159,128.3,-1.0350862741470337,0.5746080925818033
TOKYOTECH_s05,123,160,128.33333333333334,-1.031310796737671,0.9782168260621311
TOKYOTECH_s05,123,161,128.36666666666667,-1.0040451288223267,1.286309059409574
TOKYOTECH_s05,123,162,128.4,-1.0047129392623901,1.4515234694740218
TOKYOTECH_s05,123,163,128.43333333333334,-1.0128250122070312,1.4564962064121572
TOKYOTECH_s05,123,164,128.46666666666667,-1.0866256952285767,1.31408484815021
TOKYOTECH_s05,123,165,128.5,-1.2393651008605957,1.0595451348335256
TOKYOTECH_s05,123,166,128.53333333333333,-1.0935267210006714,0.7393256951898679
TOKYOTECH_s05,123,167,128.56666666666666,-0.02288157120347023,0.40014648811373804
TOKYOTECH_s05,123,168,128.6,1.611910104751587,0.08036353824182425
TOKYOTECH_s05,123,169,128.63333333333333,2.1700284481048584,-0.1953307470486235
TOKYOTECH_s05,123,170,128.66666666666666,1.8389756679534912,-0.41705570501415934
TOKYOTECH_s05,123,171,128.7,1.3112753629684448,-0.586542185718544
TOKYOTECH_s05,123,172,128.73333333333332,0.8309115767478943,-0.7111006751220547
TOKYOTECH_s05,123,173,128.76666666666668,0.305063396692276,-0.7980455119521195
TOKYOTECH_s05,123,174,128.8,-0.07051190733909607,-0.8529123993080241
TOKYOTECH_s05,123,175,128.83333333333334,-0.03297930955886841,-0.8820103066744687
TOKYOTECH_s05,123,176,128.86666666666667,0.2488936185836792,-0.8954354922916266
TOKYOTECH_s05,123,177,128.9,0.48085665702819824,-0.9049849149337602
TOKYOTECH_s05,123,178,128.93333333333334,0.3603249192237854,-0.915331073908385
TOKYOTECH_s05,123,179,128.96666666666667,0.1329566240310669,-0.9137157202640898
TOKYOTECH_s05,123,180,129.0,-0.25710636377334595,-0.8676035966970337
TOKYOTECH_s05,123,181,129.03333333333333,-0.5982834696769714,-0.7362863775343413
TOKYOTECH_s05,123,182,129.06666666666666,-0.8946707844734192,-0.49205453605067445
TOKYOTECH_s05,123,183,129.1,-1.0747026205062866,-0.13832815554323552
TOKYOTECH_s05,123,184,129.13333333333333,-1.217655897140503,0.2861226368369709
TOKYOTECH_s05,123,185,129.16666666666666,-1.237806797027588,0.7186393389431306
TOKYOTECH_s05,123,186,129.2,-1.1986268758773804,1.092766020765379
TOKYOTECH_s05,123,187,129.23333333333332,-1.1545138359069824,1.3567581922155243
TOKYOTECH_s05,123,188,129.26666666666668,-1.143276333808899,1.4837128122041072
TOKYOTECH_s05,123,189,129.3,-1.1674789190292358,1.472445009853144
TOKYOTECH_s05,123,190,129.33333333333334,-1.2251179218292236,1.3420042317214669
TOKYOTECH_s05,123,191,129.36666666666667,-1.3447859287261963,1.1234734648969018
TOKYOTECH_s05,123,192,129.4,-1.1131701469421387,0.8518498781764143
TOKYOTECH_s05,123,193,129.43333333333334,0.3387136161327362,0.5596569009751855
TOKYOTECH_s05,123,194,129.46666666666667,2.052541971206665,0.2731086166900439
TOKYOTECH_s05,123,195,129.5,2.4488470554351807,0.010944708447480498
TOKYOTECH_s05,123,196,129.53333333333333,2.0640199184417725,-0.21482741479937498
TOKYOTECH_s05,123,197,129.56666666666666,1.5737541913986206,-0.39777119883807954
TOKYOTECH_s05,123,198,129.6,1.1817946434020996,-0.5368520544245872
TOKYOTECH_s05,123,199,129.63333333333333,0.7889267206192017,-0.6373606662881398
TOKYOTECH_s05,123,200,129.66666666666666,0.3547684848308563,-0.7111011126142591
TOKYOTECH_s05,123,201,129.7,0.3020358681678772,-0.773574316198177
TOKYOTECH_s05,123,202,129.73333333333332,0.4521840512752533,-0.8380792426440231
TOKYOTECH_s05,123,203,129.76666666666668,0.6168199181556702,-0.9095921836237935
TOKYOTECH_s05,123,204,129.8,0.4914085268974304,-0.9821552366011863
TOKYOTECH_s05,123,205,129.83333333333334,0.20842252671718597,-1.0410967001795883
TOKYOTECH_s05,123,206,129.86666666666667,-0.1445174664258957,-1.067354844944762
TOKYOTECH_s05,123,207,129.9,-0.4844123125076294,-1.0400597419766393
TOKYOTECH_s05,123,208,129.93333333333334,-0.7644509077072144,-0.9374193174899301
TOKYOTECH_s05,123,209,129.96666666666667,-0.970466136932373,-0.7399934982898333
TOKYOTECH_s05,123,210,130.0,-1.0177758932113647,-0.439226673525414
TOKYOTECH_s05,123,211,130.03333333333333,-1.0542666912078857,-0.048378864335284565
TOKYOTECH_s05,123,212,130.06666666666666,-1.1363753080368042,0.39216491301427997
TOKYOTECH_s05,123,213,130.1,-1.077828049659729,0.8219968051632305
TOKYOTECH_s05,123,214,130.13333333333333,-1.0449435710906982,1.1785063043610493
TOKYOTECH_s05,123,215,130.16666666666666,-1.112876296043396,1.4158550135935553
TOKYOTECH_s05,123,216,130.2,-1.1479512453079224,1.5157064335553527
TOKYOTECH_s05,123,217,130.23333333333332,-1.283424735069275,1.486476496790976
TOKYOTECH_s05,123,218,130.26666666666668,-1.4278918504714966,1.3540366508439308
TOKYOTECH_s05,123,219,130.3,-1.2930594682693481,1.1499244749763415
TOKYOTECH_s05,123,220,130.33333333333334,-0.047671783715486526,0.9027468388283099
TOKYOTECH_s05,123,221,130.36666666666667,1.7899295091629028,0.6353280788365661
TOKYOTECH_s05,123,222,130.4,2.4120891094207764,0.36617367953090396
TOKYOTECH_s05,123,223,130.43333333333334,2.164917230606079,0.11177036932862566
TOKYOTECH_s05,123,224,130.46666666666667,1.8098578453063965,-0.1126207826185178
TOKYOTECH_s05,123,225,130.5,1.3259410858154297,-0.2937683391566661
TOKYOTECH_s05,123,226,130.53333333333333,0.7746527194976807,-0.4220997193133305
TOKYOTECH_s05,123,227,130.56666666666666,0.4438227117061615,-0.49387577648840814
TOKYOTECH_s05,123,228,130.6,0.29653286933898926,-0.5139781225261977
TOKYOTECH_s05,123,229,130.63333333333333,0.353361576795578,-0.4983370341319232
TOKYOTECH_s05,123,230,130.66666666666666,0.5987080931663513,-0.47306492513542786
TOKYOTECH_s05,123,231,130.7,0.5616385340690613,-0.46733207787255954
TOKYOTECH_s05,123,232,130.73333333333332,0.3357662260532379,-0.5007571893296426
TOKYOTECH_s05,123,233,130.76666666666668,-0.014751734212040901,-0.5712973867200969
TOKYOTECH_s05,123,234,130.8,-0.39764654636383057,-0.6519667243578331
TOKYOTECH_s05,123,235,130.83333333333334,-0.6746398210525513,-0.7007931438346687
TOKYOTECH_s05,123,236,130.86666666666667,-0.9345274567604065,-0.6795083315578787
TOKYOTECH_s05,123,237,130.9,-1.0182032585144043,-0.5704079449577334
TOKYOTECH_s05,123,238,130.93333333333334,-1.069520115852356,-0.3834085184435507
TOKYOTECH_s05,123,239,130.96666666666667,-1.0246412754058838,-0.15240509215312578
TOKYOTECH_s05,124,0,124.0,-1.0400817394256592,0.14941967438100281
TOKYOTECH_s05,124,1,124.03333333333333,-1.0664302110671997,-0.9302908398462182
TOKYOTECH_s05,124,2,124.06666666666666,-1.2351443767547607,-1.8206396550796913
TOKYOTECH_s05,124,3,124.1,-1.313815951347351,-2.3819326664027476
TOKYOTECH_s05,124,4,124.13333333333334,-1.3945443630218506,-2.5682339212735186
TOKYOTECH_s05,124,5,124.16666666666667,-0.5591480135917664,-2.430670256071143
TOKYOTECH_s05,124,6,124.2,1.221090316772461,-2.0864061905820535
TOKYOTECH_s05,124,7,124.23333333333333,2.0753376483917236,-1.6703036733739827
TOKYOTECH_s05,124,8,124.26666666666667,1.9081461429595947,-1.2914941194473415
TOKYOTECH_s05,124,9,124.3,1.6261217594146729,-1.0098284205569608
TOKYOTECH_s05,124,10,124.33333333333333,1.2891653776168823,-0.8354305802092614
TOKYOTECH_s05,124,11,124.36666666666666,0.9366528391838074,-0.7449372647496072
TOKYOTECH_s05,124,12,124.4,0.5965265035629272,-0.703736846948199
TOKYOTECH_s05,124,13,124.43333333333334,0.3095690906047821,-0.6842856996826111
TOKYOTECH_s05,124,14,124.46666666666667,0.33335310220718384,-0.6742374245410384
TOKYOTECH_s05,124,15,124.5,0.5580589175224304,-0.6729453163513781
TOKYOTECH_s05,124,16,124.53333333333333,0.6113525629043579,-0.6796975567174578
TOKYOTECH_s05,124,17,124.56666666666666,0.31737837195396423,-0.6808501790145653
TOKYOTECH_s05,124,18,124.6,-0.03573080897331238,-0.6444411500830715
TOKYOTECH_s05,124,19,124.63333333333334,-0.3140419125556946,-0.5277730979501523
TOKYOTECH_s05,124,20,124.66666666666667,-0.6455665230751038,-0.29592872886282745
TOKYOTECH_s05,124,21,124.7,-0.8622760772705078,0.05819232907877335
TOKYOTECH_s05,124,22,124.73333333333333,-0.9495760798454285,0.5037328899110064
TOKYOTECH_s05,124,23,124.76666666666667,-1.0502862930297852,0.9780356762631397
TOKYOTECH_s05,124,24,124.8,-1.0126736164093018,1.4062255970175772
TOKYOTECH_s05,124,25,124.83333333333333,-1.024009108543396,1.7242708713195298
TOKYOTECH_s05,124,26,124.86666666666666,-1.0173929929733276,1.8954663951643747
TOKYOTECH_s05,124,27,124.9,-1.038559079170227,1.915450800580711
TOKYOTECH_s05,124,28,124.93333333333334,-1.1271324157714844,1.806702195165485
TOKYOTECH_s05,124,29,124.96666666666667,-1.2055368423461914,1.6068873927138256
TOKYOTECH_s05,124,30,125.0,-1.392033338546753,1.3558424421677744
TOKYOTECH_s05,124,31,125.03333333333333,-1.4371881484985352,1.0850169171269772
TOKYOTECH_s05,124,32,125.06666666666666,-0.8177623152732849,0.8124108442215668
TOKYOTECH_s05,124,33,125.1,0.9935172200202942,0.5444444930996479
TOKYOTECH_s05,124,34,125.13333333333334,2.13293194770813,0.2829768843287415
TOKYOTECH_s05,124,35,125.16666666666667,2.044670343399048,0.032603647349803574
TOKYOTECH_s05,124,36,125.2,1.6066476106643677,-0.1970043142613474
TOKYOTECH_s05,124,37,125.23333333333333,1.2094876766204834,-0.39550413756410685
TOKYOTECH_s05,124,38,125.26666666666667,0.7347871661186218,-0.5592425110604285
TOKYOTECH_s05,124,39,125.3,0.23418332636356354,-0.6949274634875909
TOKYOTECH_s05,124,40,125.33333333333333,0.06399103254079819,-0.815906179635466
TOKYOTECH_s05,124,41,125.36666666666666,0.27673807740211487,-0.933296717459165
TOKYOTECH_s05,124,42,125.4,0.5426986217498779,-1.048100620128197
TOKYOTECH_s05,124,43,125.43333333333334,0.48229026794433594,-1.149372327567184
TOKYOTECH_s05,124,44,125.46666666666667,0.26363062858581543,-1.2184877530033016
TOKYOTECH_s05,124,45,125.5,0.005087560974061489,-1.2353910800124823
TOKYOTECH_s05,124,46,125.53333333333333,-0.3844589591026306,-1.1831698765692134
TOKYOTECH_s05,124,47,125.56666666666666,-0.7015492916107178,-1.050583899297206
TOKYOTECH_s05,124,48,125.6,-0.9633603096008301,-0.8343609883973683
TOKYOTECH_s05,124,49,125.63333333333334,-1.0486568212509155,-0.5425406224646633
TOKYOTECH_s05,124,50,125.66666666666667,-1.0542399883270264,-0.19762629442304755
TOKYOTECH_s05,124,51,125.7,-1.0374103784561157,0.1639537743806646
TOKYOTECH_s05,124,52,125.73333333333333,-1.025772213935852,0.4991532793972591
TOKYOTECH_s05,124,53,125.76666666666667,-1.0635095834732056,0.7711894578297681
TOKYOTECH_s05,124,54,125.8,-1.0798048973083496,0.9609614533776297
TOKYOTECH_s05,124,55,125.83333333333333,-1.0931527614593506,1.0689766965590604
TOKYOTECH_s05,124,56,125.86666666666666,-1.2453044652938843,1.1066951105336449
TOKYOTECH_s05,124,57,125.9,-1.2761497497558594,1.0845028724238688
TOKYOTECH_s05,124,58,125.93333333333334,-0.21501463651657104,1.0052783230942124
TOKYOTECH_s05,124,59,125.96666666666667,1.5140494108200073,0.8673086919850902
TOKYOTECH_s05,124,60,126.0,2.08874773979187,0.6729322297910945
TOKYOTECH_s05,124,61,126.03333333333333,1.7940077781677246,0.4353489420535044
TOKYOTECH_s05,124,62,126.06666666666666,1.4495182037353516,0.17827467408987235
TOKYOTECH_s05,124,63,126.1,1.0019854307174683,-0.07130736242297861
TOKYOTECH_s05,124,64,126.13333333333334,0.4805360734462738,-0.29274715180138033
TOKYOTECH_s05,124,65,126.16666666666667,0.1117638424038887,-0.47825932977327607
TOKYOTECH_s05,124,66,126.2,-0.0012969877570867538,-0.6331635739955224
TOKYOTECH_s05,124,67,126.23333333333333,0.23274970054626465,-0.7699671164398485
TOKYOTECH_s05,124,68,126.26666666666667,0.42093804478645325,-0.8989418326008487
TOKYOTECH_s05,124,69,126.3,0.3387937545776367,-1.0188503735538135
TOKYOTECH_s05,124,70,126.33333333333333,0.07957395911216736,-1.1113195050936095
TOKYOTECH_s05,124,71,126.36666666666666,-0.30218109488487244,-1.1417910327116378
TOKYOTECH_s05,124,72,126.4,-0.5842944383621216,-1.0689302206024238
TOKYOTECH_s05,124,73,126.43333333333334,-0.8543688654899597,-0.8612358142067474
TOKYOTECH_s05,124,74,126.46666666666667,-1.0506247282028198,-0.5144810223348081
TOKYOTECH_s05,124,75,126.5,-1.1727147102355957,-0.06089312695718358
TOKYOTECH_s05,124,76,126.53333333333333,-1.1830261945724487,0.4357179218306486
TOKYOTECH_s05,124,77,126.56666666666666,-1.1278181076049805,0.8973451676474405
TOKYOTECH_s05,124,78,126.6,-1.1495273113250732,1.2537170506220257
TOKYOTECH_s05,124,79,126.63333333333334,-1.155911922454834,1.4592925128664598
TOKYOTECH_s05,124,80,126.66666666666667,-1.1881195306777954,1.4999544150374446
TOKYOTECH_s05,124,81,126.7,-1.2337285280227661,1.390025036906837
TOKYOTECH_s05,124,82,126.73333333333333,-1.3869221210479736,1.1637302786922779
TOKYOTECH_s05,124,83,126.76666666666667,-1.4409458637237549,0.8653109560791598
TOKYOTECH_s05,124,84,126.8,-0.5900378823280334,0.5401430253390603
TOKYOTECH_s05,124,85,126.83333333333333,1.279815673828125,0.22759805126720023
TOKYOTECH_s05,124,86,126.86666666666666,2.2733476161956787,-0.043895513758841355
TOKYOTECH_s05,124,87,126.9,2.163679361343384,-0.2588993049840011
TOKYOTECH_s05,124,88,126.93333333333334,1.8677195310592651,-0.4139799584122713
TOKYOTECH_s05,124,89,126.96666666666667,1.5042543411254883,-0.5148224193510138
TOKYOTECH_s05,124,90,127.0,1.0310230255126953,-0.573454902885389
TOKYOTECH_s05,124,91,127.03333333333333,0.5516833066940308,-0.6067128460748997
TOKYOTECH_s05,124,92,127.06666666666666,0.3131932318210602,-0.6345701139880582
TOKYOTECH_s05,124,93,127.1,0.4034673571586609,-0.6757314596406285
TOKYOTECH_s05,124,94,127.13333333333334,0.6294999718666077,-0.7400575755580069
TOKYOTECH_s05,124,95,127.16666666666667,0.572662353515625,-0.8211975316109639
TOKYOTECH_s05,124,96,127.2,0.30489420890808105,-0.8947275215935225
TOKYOTECH_s05,124,97,127.23333333333333,0.09048201143741608,-0.9248704887654593
TOKYOTECH_s05,124,98,127.26666666666667,-0.2081492394208908,-0.8773687649425171
TOKYOTECH_s05,124,99,127.3,-0.6240442395210266,-0.7320018187430902
TOKYOTECH_s05,124,100,127.33333333333333,-0.8808242082595825,-0.4892582548713507
TOKYOTECH_s05,124,101,127.36666666666666,-0.9719709753990173,-0.16996321399501424
TOKYOTECH_s05,124,102,127.4,-1.0947110652923584,0.1898038936185985
TOKYOTECH_s05,124,103,127.43333333333334,-1.0483273267745972,0.5455413372790289
TOKYOTECH_s05,124,104,127.46666666666667,-1.0685138702392578,0.85173382396523
TOKYOTECH_s05,124,105,127.5,-1.0908375978469849,1.070049965064942
TOKYOTECH_s05,124,106,127.53333333333333,-1.066937804222107,1.1774974812109562
TOKYOTECH_s05,124,107,127.56666666666666,-1.1482361555099487,1.171721880455626
TOKYOTECH_s05,124,108,127.6,-1.214895486831665,1.07036153606735
TOKYOTECH_s05,124,109,127.63333333333334,-1.4102075099945068,0.9037496916167682
TOKYOTECH_s05,124,110,127.66666666666667,-1.380279302597046,0.7040778281613518
TOKYOTECH_s05,124,111,127.7,-0.36788761615753174,0.4964725031543998
TOKYOTECH_s05,124,112,127.73333333333333,1.5671292543411255,0.2960828174417552
TOKYOTECH_s05,124,113,127.76666666666667,2.3963279724121094,0.11098562289544829
TOKYOTECH_s05,124,114,127.8,2.0977768898010254,-0.053465699942726
TOKYOTECH_s05,124,115,127.83333333333333,1.6486413478851318,-0.19353260000178954
TOKYOTECH_s05,124,116,127.86666666666666,1.253333568572998,-0.30956487612358846
TOKYOTECH_s05,124,117,127.9,0.9289504289627075,-0.40814830548770825
TOKYOTECH_s05,124,118,127.93333333333334,0.5054954886436462,-0.5004068955686284
TOKYOTECH_s05,124,119,127.96666666666667,0.23430798947811127,-0.5966966754977545
TOKYOTECH_s05,124,120,128.0,0.4067264199256897,-0.7010277740614619
TOKYOTECH_s05,124,121,128.03333333333333,0.6872191429138184,-0.8083788659427774
TOKYOTECH_s05,124,122,128.06666666666666,0.6151013374328613,-0.9050172049475296
TOKYOTECH_s05,124,123,128.1,0.29439577460289,-0.9697721222600817
TOKYOTECH_s05,124,124,128.13333333333333,0.02767835557460785,-0.9756383780006245
TOKYOTECH_s05,124,125,128.16666666666666,-0.26894938945770264,-0.8938055000188067
TOKYOTECH_s05,124,126,128.2,-0.634222149848938,-0.702374628458193
TOKYOTECH_s05,124,127,128.23333333333332,-0.8253044486045837,-0.3983961524982161
TOKYOTECH_s05,124,128,128.26666666666668,-0.9888094663619995,-0.006837976527803882
TOKYOTECH_s05,124,129,128.3,-1.0350862741470337,0.42078633746142674
TOKYOTECH_s05,124,130,128.33333333333334,-1.031310796737671,0.8194859824015165
TOKYOTECH_s05,124,131,128.36666666666667,-1.0040451288223267,1.1293916707890521
TOKYOTECH_s05,124,132,128.4,-1.0047129392623901,1.3110961144468884
TOKYOTECH_s05,124,133,128.43333333333334,-1.0128250122070312,1.3520091411093
TOKYOTECH_s05,124,134,128.46666666666667,-1.0866256952285767,1.2635744120061396
TOKYOTECH_s05,124,135,128.5,-1.2393651008605957,1.073392687892625
TOKYOTECH_s05,124,136,128.53333333333333,-1.0935267210006714,0.8168208385810173
TOKYOTECH_s05,124,137,128.56666666666666,-0.02288157120347023,0.5303632350345573
TOKYOTECH_s05,124,138,128.6,1.611910104751587,0.2466810621205259
TOKYOTECH_s05,124,139,128.63333333333333,2.1700284481048584,-0.009621045315661766
TOKYOTECH_s05,124,140,128.66666666666666,1.8389756679534912,-0.2249171577894728
TOKYOTECH_s05,124,141,128.7,1.3112753629684448,-0.39656409884937216
TOKYOTECH_s05,124,142,128.73333333333332,0.8309115767478943,-0.5294883557252571
TOKYOTECH_s05,124,143,128.76666666666668,0.305063396692276,-0.6313522354062018
TOKYOTECH_s05,124,144,128.8,-0.07051190733909607,-0.7096802460369085
TOKYOTECH_s05,124,145,128.83333333333334,-0.03297930955886841,-0.7724922618258272
TOKYOTECH_s05,124,146,128.86666666666667,0.2488936185836792,-0.8296296182127664
TOKYOTECH_s05,124,147,128.9,0.48085665702819824,-0.8898620521241813
TOKYOTECH_s05,124,148,128.93333333333334,0.3603249192237854,-0.9524853121649516
TOKYOTECH_s05,124,149,128.96666666666667,0.1329566240310669,-0.9986242996618293
TOKYOTECH_s05,124,150,129.0,-0.25710636377334595,-0.9909631434434985
TOKYOTECH_s05,124,151,129.03333333333333,-0.5982834696769714,-0.8867678981303209
TOKYOTECH_s05,124,152,129.06666666666666,-0.8946707844734192,-0.6590824797970549
TOKYOTECH_s05,124,153,129.1,-1.0747026205062866,-0.31360264109066593
TOKYOTECH_s05,124,154,129.13333333333333,-1.217655897140503,0.1088521144603465
TOKYOTECH_s05,124,155,129.16666666666666,-1.237806797027588,0.5450494836069509
TOKYOTECH_s05,124,156,129.2,-1.1986268758773804,0.9294971765188267
TOKYOTECH_s05,124,157,129.23333333333332,-1.1545138359069824,1.2118709596355437
TOKYOTECH_s05,124,158,129.26666666666668,-1.143276333808899,1.365768458712817
TOKYOTECH_s05,124,159,129.3,-1.1674789190292358,1.3889101757558322
TOKYOTECH_s05,124,160,129.33333333333334,-1.2251179218292236,1.2979179416077935
TOKYOTECH_s05,124,161,129.36666666666667,-1.3447859287261963,1.1207600912432762
TOKYOTECH_s05,124,162,129.4,-1.1131701469421387,0.8891275724572828
TOKYOTECH_s05,124,163,129.43333333333334,0.3387136161327362,0.6323720370939783
TOKYOTECH_s05,124,164,129.46666666666667,2.052541971206665,0.3740993910706156
TOKYOTECH_s05,124,165,129.5,2.4488470554351807,0.13167847589220563
TOKYOTECH_s05,124,166,129.53333333333333,2.0640199184417725,-0.08231119489174615
TOKYOTECH_s05,124,167,129.56666666666666,1.5737541913986206,-0.25865900257265545
TOKYOTECH_s05,124,168,129.6,1.1817946434020996,-0.39196156138546645
TOKYOTECH_s05,124,169,129.63333333333333,0.7889267206192017,-0.48305164075813745
TOKYOTECH_s05,124,170,129.66666666666666,0.3547684848308563,-0.5411007172789314
TOKYOTECH_s05,124,171,129.7,0.3020358681678772,-0.5822700367163239
TOKYOTECH_s05,124,172,129.73333333333332,0.4521840512752533,-0.6240284289174339
TOKYOTECH_s05,124,173,129.76666666666668,0.6168199181556702,-0.6777689876007661
TOKYOTECH_s05,124,174,129.8,0.4914085268974304,-0.7440804283014756
TOKYOTECH_s05,124,175,129.83333333333334,0.20842252671718597,-0.8130791394353455
TOKYOTECH_s05,124,176,129.86666666666667,-0.1445174664258957,-0.8678055345146755
TOKYOTECH_s05,124,177,129.9,-0.4844123125076294,-0.8868388243371351
TOKYOTECH_s05,124,178,129.93333333333334,-0.7644509077072144,-0.8457139851669336
TOKYOTECH_s05,124,179,129.96666666666667,-0.970466136932373,-0.7207529036778576
TOKYOTECH_s05,124,180,130.0,-1.0177758932113647,-0.4979770082833725
TOKYOTECH_s05,124,181,130.03333333333333,-1.0542666912078857,-0.18431263504920656
TOKYOTECH_s05,124,182,130.06666666666666,-1.1363753080368042,0.18676343361846273
TOKYOTECH_s05,124,183,130.1,-1.077828049659729,0.5617872760549124
TOKYOTECH_s05,124,184,130.13333333333333,-1.0449435710906982,0.8842989785100378
TOKYOTECH_s05,124,185,130.16666666666666,-1.112876296043396,1.1127440382464402
TOKYOTECH_s05,124,186,130.2,-1.1479512453079224,1.2301399847789323
TOKYOTECH_s05,124,187,130.23333333333332,-1.283424735069275,1.242559685160485
TOKYOTECH_s05,124,188,130.26666666666668,-1.4278918504714966,1.169429756459209
TOKYOTECH_s05,124,189,130.3,-1.2930594682693481,1.0317553386405234
TOKYOTECH_s05,124,190,130.33333333333334,-0.047671783715486526,0.8444239596692142
TOKYOTECH_s05,124,191,130.36666666666667,1.7899295091629028,0.6157402086943083
TOKYOTECH_s05,124,192,130.4,2.4120891094207764,0.3526160637541598
TOKYOTECH_s05,124,193,130.43333333333334,2.164917230606079,0.06667458447455836
TOKYOTECH_s05,124,194,130.46666666666667,1.8098578453063965,-0.2228908946118486
TOKYOTECH_s05,124,195,130.5,1.3259410858154297,-0.49107588556295123
TOKYOTECH_s05,124,196,130.53333333333333,0.7746527194976807,-0.7124874500793885
TOKYOTECH_s05,124,197,130.56666666666666,0.4438227117061615,-0.8683804763382463
TOKYOTECH_s05,124,198,130.6,0.29653286933898926,-0.9529177406179472
TOKYOTECH_s05,124,199,130.63333333333333,0.353361576795578,-0.9761018525262406
TOKYOTECH_s05,124,200,130.66666666666666,0.5987080931663513,-0.960941937993676
TOKYOTECH_s05,124,201,130.7,0.5616385340690613,-0.9339743369442691
TOKYOTECH_s05,124,202,130.73333333333332,0.3357662260532379,-0.9117755560584153
TOKYOTECH_s05,124,203,130.76666666666668,-0.014751734212040901,-0.8899367832760171
TOKYOTECH_s05,124,204,130.8,-0.39764654636383057,-0.8420915494326606
TOKYOTECH_s05,124,205,130.83333333333334,-0.6746398210525513,-0.7321187734237051
TOKYOTECH_s05,124,206,130.86666666666667,-0.9345274567604065,-0.5337597731800335
TOKYOTECH_s05,124,207,130.9,-1.0182032585144043,-0.2462077479323663
TOKYOTECH_s05,124,208,130.93333333333334,-1.069520115852356,0.10256112307757954
TOKYOTECH_s05,124,209,130.96666666666667,-1.0246412754058838,0.4647932992144943
TOKYOTECH_s05,124,210,131.0,-1.0038847923278809,0.7883797861865726
TOKYOTECH_s05,124,211,131.03333333333333,-1.0168676376342773,1.0315616227555835
TOKYOTECH_s05,124,212,131.06666666666666,-1.0091207027435303,1.1722244318202444
TOKYOTECH_s05,124,213,131.1,-1.1099377870559692,1.2104429993662096
TOKYOTECH_s05,124,214,131.13333333333333,-1.166677474975586,1.1650109421479957
TOKYOTECH_s05,124,215,131.16666666666666,-1.3653197288513184,1.0655495177824363
TOKYOTECH_s05,124,216,131.2,-1.396254062652588,0.9424609749118844
TOKYOTECH_s05,124,217,131.23333333333332,-0.7321096658706665,0.8177784647960755
TOKYOTECH_s05,124,218,131.26666666666668,0.9867141246795654,0.700279713581517
TOKYOTECH_s05,124,219,131.3,2.195655584335327,0.5869047745069021
TOKYOTECH_s05,124,220,131.33333333333334,2.097919464111328,0.46932000391589257
TOKYOTECH_s05,124,221,131.36666666666667,1.6486502885818481,0.3413253083284264
TOKYOTECH_s05,124,222,131.4,1.216522216796875,0.20221607412390938
TOKYOTECH_s05,124,223,131.43333333333334,0.7093825340270996,0.05438306922459956
TOKYOTECH_s05,124,224,131.46666666666667,0.19252793490886688,-0.10133154281373026
TOKYOTECH_s05,124,225,131.5,-0.07612176239490509,-0.26675377390083854
TOKYOTECH_s05,124,226,131.53333333333333,0.16960766911506653,-0.44189078272555
TOKYOTECH_s05,124,227,131.56666666666666,0.46269139647483826,-0.6185722613724737
TOKYOTECH_s05,124,228,131.6,0.5153706073760986,-0.7782532703624355
TOKYOTECH_s05,124,229,131.63333333333333,0.3614290654659271,-0.8969565206000856
TOKYOTECH_s05,124,230,131.66666666666666,-0.02616734243929386,-0.9544154267742891
TOKYOTECH_s05,124,231,131.7,-0.41316714882850647,-0.9413121331593911
TOKYOTECH_s05,124,232,131.73333333333332,-0.7342378497123718,-0.8612276824214067
TOKYOTECH_s05,124,233,131.76666666666668,-0.9915164113044739,-0.7286264132287035
TOKYOTECH_s05,124,234,131.8,-1.1254583597183228,-0.56570808764743
TOKYOTECH_s05,124,235,131.83333333333334,-1.180951476097107,-0.3990692495398839
TOKYOTECH_s05,124,236,131.86666666666667,-1.1105432510375977,-0.2548232142238931
TOKYOTECH_s05,124,237,131.9,-1.0808199644088745,-0.15126019067049892
TOKYOTECH_s05,124,238,131.93333333333334,-1.0756019353866577,-0.09162929741140338
TOKYOTECH_s05,124,239,131.96666666666667,-1.075486183166504,-0.06204339011882709
TOKYOTECH_s05,125,0,125.0,-1.392033338546753,0.039998176254847896
TOKYOTECH_s05,125,1,125.03333333333333,-1.4371881484985352,-1.0606126629309456
TOKYOTECH_s05,125,2,125.06666666666666,-0.8177623152732849,-2.008786241804745
TOKYOTECH_s05,125,3,125.1,0.9935172200202942,-2.6853079524882344
TOKYOTECH_s05,125,4,125.13333333333334,2.13293194770813,-3.033936559432701
TOKYOTECH_s05,125,5,125.16666666666667,2.044670343399048,-3.0665139041628398
TOKYOTECH_s05,125,6,125.2,1.6066476106643677,-2.847725691108317
TOKYOTECH_s05,125,7,125.23333333333333,1.2094876766204834,-2.4707523266562874
TOKYOTECH_s05,125,8,125.26666666666667,0.7347871661186218,-2.0341398394008054
TOKYOTECH_s05,125,9,125.3,0.23418332636356354,-1.623042616415656
TOKYOTECH_s05,125,10,125.33333333333333,0.06399103254079819,-1.2949754070707733
TOKYOTECH_s05,125,11,125.36666666666666,0.27673807740211487,-1.0716743638821438
TOKYOTECH_s05,125,12,125.4,0.5426986217498779,-0.9397735291269085
TOKYOTECH_s05,125,13,125.43333333333334,0.48229026794433594,-0.8610258732894891
TOKYOTECH_s05,125,14,125.46666666666667,0.26363062858581543,-0.7883792368190876
TOKYOTECH_s05,125,15,125.5,0.005087560974061489,-0.6811829000531182
TOKYOTECH_s05,125,16,125.53333333333333,-0.3844589591026306,-0.5141985184875313
TOKYOTECH_s05,125,17,125.56666666666666,-0.7015492916107178,-0.27948268489819444
TOKYOTECH_s05,125,18,125.6,-0.9633603096008301,0.015960264684124478
TOKYOTECH_s05,125,19,125.63333333333334,-1.0486568212509155,0.3531124777411795
TOKYOTECH_s05,125,20,125.66666666666667,-1.0542399883270264,0.7033116068917259
TOKYOTECH_s05,125,21,125.7,-1.0374103784561157,1.0319833381149837
TOKYOTECH_s05,125,22,125.73333333333333,-1.025772213935852,1.3061235616665516
TOKYOTECH_s05,125,23,125.76666666666667,-1.0635095834732056,1.50442402891188
TOKYOTECH_s05,125,24,125.8,-1.0798048973083496,1.6238976754849617
TOKYOTECH_s05,125,25,125.83333333333333,-1.0931527614593506,1.676692797310363
TOKYOTECH_s05,125,26,125.86666666666666,-1.2453044652938843,1.6781588597075676
TOKYOTECH_s05,125,27,125.9,-1.2761497497558594,1.6347619226530554
TOKYOTECH_s05,125,28,125.93333333333334,-0.21501463651657104,1.5402560082363561
TOKYOTECH_s05,125,29,125.96666666666667,1.5140494108200073,1.3819978689288577
TOKYOTECH_s05,125,30,126.0,2.08874773979187,1.1524884974593446
TOKYOTECH_s05,125,31,126.03333333333333,1.7940077781677246,0.8584031973327566
TOKYOTECH_s05,125,32,126.06666666666666,1.4495182037353516,0.5216594484225079
TOKYOTECH_s05,125,33,126.1,1.0019854307174683,0.17231857039372195
TOKYOTECH_s05,125,34,126.13333333333334,0.4805360734462738,-0.16218836732588143
TOKYOTECH_s05,125,35,126.16666666666667,0.1117638424038887,-0.4654456143683402
TOKYOTECH_s05,125,36,126.2,-0.0012969877570867538,-0.7340262938977793
TOKYOTECH_s05,125,37,126.23333333333333,0.23274970054626465,-0.9727444422465715
TOKYOTECH_s05,125,38,126.26666666666667,0.42093804478645325,-1.185821832959316
TOKYOTECH_s05,125,39,126.3,0.3387937545776367,-1.367881674179542
TOKYOTECH_s05,125,40,126.33333333333333,0.07957395911216736,-1.4985821329005231
TOKYOTECH_s05,125,41,126.36666666666666,-0.30218109488487244,-1.543940144630145
TOKYOTECH_s05,125,42,126.4,-0.5842944383621216,-1.4659928834177047
TOKYOTECH_s05,125,43,126.43333333333334,-0.8543688654899597,-1.2390808783284661
TOKYOTECH_s05,125,44,126.46666666666667,-1.0506247282028198,-0.8660631964492995
TOKYOTECH_s05,125,45,126.5,-1.1727147102355957,-0.3855466472746278
TOKYOTECH_s05,125,46,126.53333333333333,-1.1830261945724487,0.1349226017352263
TOKYOTECH_s05,125,47,126.56666666666666,-1.1278181076049805,0.6172435784907501
TOKYOTECH_s05,125,48,126.6,-1.1495273113250732,0.9942485014395729
TOKYOTECH_s05,125,49,126.63333333333334,-1.155911922454834,1.225029382275266
TOKYOTECH_s05,125,50,126.66666666666667,-1.1881195306777954,1.2995020337852479
TOKYOTECH_s05,125,51,126.7,-1.2337285280227661,1.2336980172397438
TOKYOTECH_s05,125,52,126.73333333333333,-1.3869221210479736,1.0604670173022939
TOKYOTECH_s05,125,53,126.76666666666667,-1.4409458637237549,0.8198884340659514
TOKYOTECH_s05,125,54,126.8,-0.5900378823280334,0.5515148889577836
TOKYOTECH_s05,125,55,126.83333333333333,1.279815673828125,0.2887367836311419
TOKYOTECH_s05,125,56,126.86666666666666,2.2733476161956787,0.055188886897502114
TOKYOTECH_s05,125,57,126.9,2.163679361343384,-0.13652319266527946
TOKYOTECH_s05,125,58,126.93333333333334,1.8677195310592651,-0.28367943797977074
TOKYOTECH_s05,125,59,126.96666666666667,1.5042543411254883,-0.3907455601612837
TOKYOTECH_s05,125,60,127.0,1.0310230255126953,-0.466865407516878
TOKYOTECH_s05,125,61,127.03333333333333,0.5516833066940308,-0.5246068886203592
TOKYOTECH_s05,125,62,127.06666666666666,0.3131932318210602,-0.5786820229262664
TOKYOTECH_s05,125,63,127.1,0.4034673571586609,-0.6422143531646608
TOKYOTECH_s05,125,64,127.13333333333334,0.6294999718666077,-0.7203060399652625
TOKYOTECH_s05,125,65,127.16666666666667,0.572662353515625,-0.804194976247203
TOKYOTECH_s05,125,66,127.2,0.30489420890808105,-0.8706964627025179
TOKYOTECH_s05,125,67,127.23333333333333,0.09048201143741608,-0.8891207299806809
TOKYOTECH_s05,125,68,127.26666666666667,-0.2081492394208908,-0.8327205855829484
TOKYOTECH_s05,125,69,127.3,-0.6240442395210266,-0.6884104648450556
TOKYOTECH_s05,125,70,127.33333333333333,-0.8808242082595825,-0.4602166577850691
TOKYOTECH_s05,125,71,127.36666666666666,-0.9719709753990173,-0.16665165076051555
TOKYOTECH_s05,125,72,127.4,-1.0947110652923584,0.1642788110595255
TOKYOTECH_s05,125,73,127.43333333333334,-1.0483273267745972,0.4990259501377608
TOKYOTECH_s05,125,74,127.46666666666667,-1.0685138702392578,0.8014544082164784
TOKYOTECH_s05,125,75,127.5,-1.0908375978469849,1.0372669825751657
TOKYOTECH_s05,125,76,127.53333333333333,-1.066937804222107,1.1806946535430511
TOKYOTECH_s05,125,77,127.56666666666666,-1.1482361555099487,1.2208575085573377
TOKYOTECH_s05,125,78,127.6,-1.214895486831665,1.1639963580536952
TOKYOTECH_s05,125,79,127.63333333333334,-1.4102075099945068,1.0297553905234194
TOKYOTECH_s05,125,80,127.66666666666667,-1.380279302597046,0.8433400193816208
TOKYOTECH_s05,125,81,127.7,-0.36788761615753174,0.6280129259337281
TOKYOTECH_s05,125,82,127.73333333333333,1.5671292543411255,0.4019246841798568
TOKYOTECH_s05,125,83,127.76666666666667,2.3963279724121094,0.17969449035291887
TOKYOTECH_s05,125,84,127.8,2.0977768898010254,-0.02508534653621025
TOKYOTECH_s05,125,85,127.83333333333333,1.6486413478851318,-0.2008299039053974
TOKYOTECH_s05,125,86,127.86666666666666,1.253333568572998,-0.3423406182672978
TOKYOTECH_s05,125,87,127.9,0.9289504289627075,-0.45403152130310964
TOKYOTECH_s05,125,88,127.93333333333334,0.5054954886436462,-0.5481126292804194
TOKYOTECH_s05,125,89,127.96666666666667,0.23430798947811127,-0.6381729388511708
TOKYOTECH_s05,125,90,128.0,0.4067264199256897,-0.7321196483293055
TOKYOTECH_s05,125,91,128.03333333333333,0.6872191429138184,-0.8283285954280384
TOKYOTECH_s05,125,92,128.06666666666666,0.6151013374328613,-0.9155576717944931
TOKYOTECH_s05,125,93,128.1,0.29439577460289,-0.9745039275193402
TOKYOTECH_s05,125,94,128.13333333333333,0.02767835557460785,-0.9798087352133585
TOKYOTECH_s05,125,95,128.16666666666666,-0.26894938945770264,-0.9040340756541101
TOKYOTECH_s05,125,96,128.2,-0.634222149848938,-0.7259069575580823
TOKYOTECH_s05,125,97,128.23333333333332,-0.8253044486045837,-0.4419379991413714
TOKYOTECH_s05,125,98,128.26666666666668,-0.9888094663619995,-0.07519683818455329
TOKYOTECH_s05,125,99,128.3,-1.0350862741470337,0.32623560187798284
TOKYOTECH_s05,125,100,128.33333333333334,-1.031310796737671,0.7024508912925643
TOKYOTECH_s05,125,101,128.36666666666667,-1.0040451288223267,0.9998393099138544
TOKYOTECH_s05,125,102,128.4,-1.0047129392623901,1.1848888645153044
TOKYOTECH_s05,125,103,128.43333333333334,-1.0128250122070312,1.2482160577856098
TOKYOTECH_s05,125,104,128.46666666666667,-1.0866256952285767,1.19991645851559
TOKYOTECH_s05,125,105,128.5,-1.2393651008605957,1.0615640292575117
TOKYOTECH_s05,125,106,128.53333333333333,-1.0935267210006714,0.8594705949141531
TOKYOTECH_s05,125,107,128.56666666666666,-0.02288157120347023,0.6204019144054657
TOKYOTECH_s05,125,108,128.6,1.611910104751587,0.36861272581449867
TOKYOTECH_s05,125,109,128.63333333333333,2.1700284481048584,0.12318577999396924
TOKYOTECH_s05,125,110,128.66666666666666,1.8389756679534912,-0.10372475056653768
TOKYOTECH_s05,125,111,128.7,1.3112753629684448,-0.30629496621718694
TOKYOTECH_s05,125,112,128.73333333333332,0.8309115767478943,-0.48196291977149835
TOKYOTECH_s05,125,113,128.76666666666668,0.305063396692276,-0.6281084109907387
TOKYOTECH_s05,125,114,128.8,-0.07051190733909607,-0.7416099986264602
TOKYOTECH_s05,125,115,128.83333333333334,-0.03297930955886841,-0.8221697817217163
TOKYOTECH_s05,125,116,128.86666666666667,0.2488936185836792,-0.8758875538406927
TOKYOTECH_s05,125,117,128.9,0.48085665702819824,-0.913590010266066
TOKYOTECH_s05,125,118,128.93333333333334,0.3603249192237854,-0.9421367075387759
TOKYOTECH_s05,125,119,128.96666666666667,0.1329566240310669,-0.9537248342725427
TOKYOTECH_s05,125,120,129.0,-0.25710636377334595,-0.9223775909666821
TOKYOTECH_s05,125,121,129.03333333333333,-0.5982834696769714,-0.8135679033642264
TOKYOTECH_s05,125,122,129.06666666666666,-0.8946707844734192,-0.6030506885126705
TOKYOTECH_s05,125,123,129.1,-1.0747026205062866,-0.29313970099015363
TOKYOTECH_s05,125,124,129.13333333333333,-1.217655897140503,0.08365872783050021
TOKYOTECH_s05,125,125,129.16666666666666,-1.237806797027588,0.47503200832718995
TOKYOTECH_s05,125,126,129.2,-1.1986268758773804,0.8262923812296885
TOKYOTECH_s05,125,127,129.23333333333332,-1.1545138359069824,1.0953198239682986
TOKYOTECH_s05,125,128,129.26666666666668,-1.143276333808899,1.2595183123550509
TOKYOTECH_s05,125,129,129.3,-1.1674789190292358,1.3152207471103268
TOKYOTECH_s05,125,130,129.33333333333334,-1.2251179218292236,1.272850353328456
TOKYOTECH_s05,125,131,129.36666666666667,-1.3447859287261963,1.150871215035092
TOKYOTECH_s05,125,132,129.4,-1.1131701469421387,0.9704047813669815
TOKYOTECH_s05,125,133,129.43333333333334,0.3387136161327362,0.7515427582637088
TOKYOTECH_s05,125,134,129.46666666666667,2.052541971206665,0.5119104008277218
TOKYOTECH_s05,125,135,129.5,2.4488470554351807,0.26738227943775705
TOKYOTECH_s05,125,136,129.53333333333333,2.0640199184417725,0.03372416845820534
TOKYOTECH_s05,125,137,129.56666666666666,1.5737541913986206,-0.1729836889414503
TOKYOTECH_s05,125,138,129.6,1.1817946434020996,-0.33894733588959414
TOKYOTECH_s05,125,139,129.63333333333333,0.7889267206192017,-0.4579271662484089
TOKYOTECH_s05,125,140,129.66666666666666,0.3547684848308563,-0.5358017852385468
TOKYOTECH_s05,125,141,129.7,0.3020358681678772,-0.5901277178318192
TOKYOTECH_s05,125,142,129.73333333333332,0.4521840512752533,-0.6433000555519496
TOKYOTECH_s05,125,143,129.76666666666668,0.6168199181556702,-0.7124534369945582
TOKYOTECH_s05,125,144,129.8,0.4914085268974304,-0.8016945205310679
TOKYOTECH_s05,125,145,129.83333333333334,0.20842252671718597,-0.9004767519540541
TOKYOTECH_s05,125,146,129.86666666666667,-0.1445174664258957,-0.9871029799427441
TOKYOTECH_s05,125,147,129.9,-0.4844123125076294,-1.0334635773689171
TOKYOTECH_s05,125,148,129.93333333333334,-0.7644509077072144,-1.0093104251237794
TOKYOTECH_s05,125,149,129.96666666666667,-0.970466136932373,-0.8879965409355913
TOKYOTECH_s05,125,150,130.0,-1.0177758932113647,-0.6556104425117264
TOKYOTECH_s05,125,151,130.03333333333333,-1.0542666912078857,-0.3212306968175414
TOKYOTECH_s05,125,152,130.06666666666666,-1.1363753080368042,0.07864126371503936
TOKYOTECH_s05,125,153,130.1,-1.077828049659729,0.48752015026491974
TOKYOTECH_s05,125,154,130.13333333333333,-1.0449435710906982,0.8462250628876394
TOKYOTECH_s05,125,155,130.16666666666666,-1.112876296043396,1.1104770344877928
TOKYOTECH_s05,125,156,130.2,-1.1479512453079224,1.2598785396982495
TOKYOTECH_s05,125,157,130.23333333333332,-1.283424735069275,1.296001824337199
TOKYOTECH_s05,125,158,130.26666666666668,-1.4278918504714966,1.2336541635669778
TOKYOTECH_s05,125,159,130.3,-1.2930594682693481,1.0917891120783347
TOKYOTECH_s05,125,160,130.33333333333334,-0.047671783715486526,0.8886462562211738
TOKYOTECH_s05,125,161,130.36666666666667,1.7899295091629028,0.6416981343538993
TOKYOTECH_s05,125,162,130.4,2.4120891094207764,0.36978139352752215
TOKYOTECH_s05,125,163,130.43333333333334,2.164917230606079,0.09413303466701715
TOKYOTECH_s05,125,164,130.46666666666667,1.8098578453063965,-0.1631635884569242
TOKYOTECH_s05,125,165,130.5,1.3259410858154297,-0.38251363158979995
TOKYOTECH_s05,125,166,130.53333333333333,0.7746527194976807,-0.5501989899385025
TOKYOTECH_s05,125,167,130.56666666666666,0.4438227117061615,-0.6606969905286345
TOKYOTECH_s05,125,168,130.6,0.29653286933898926,-0.7178012703196945
TOKYOTECH_s05,125,169,130.63333333333333,0.353361576795578,-0.73440977463138
TOKYOTECH_s05,125,170,130.66666666666666,0.5987080931663513,-0.7297190663732047
TOKYOTECH_s05,125,171,130.7,0.5616385340690613,-0.7224358379350799
TOKYOTECH_s05,125,172,130.73333333333332,0.3357662260532379,-0.7211235977244695
TOKYOTECH_s05,125,173,130.76666666666668,-0.014751734212040901,-0.7165379012684786
TOKYOTECH_s05,125,174,130.8,-0.39764654636383057,-0.682410148439931
TOKYOTECH_s05,125,175,130.83333333333334,-0.6746398210525513,-0.5873192845285738
TOKYOTECH_s05,125,176,130.86666666666667,-0.9345274567604065,-0.41200301046315674
TOKYOTECH_s05,125,177,130.9,-1.0182032585144043,-0.16145539856365262
TOKYOTECH_s05,125,178,130.93333333333334,-1.069520115852356,0.13491920260374632
TOKYOTECH_s05,125,179,130.96666666666667,-1.0246412754058838,0.4335803241526135
TOKYOTECH_s05,125,180,131.0,-1.0038847923278809,0.6909842567949441
TOKYOTECH_s05,125,181,131.03333333333333,-1.0168676376342773,0.8751639981275499
TOKYOTECH_s05,125,182,131.06666666666666,-1.0091207027435303,0.9716346066091125
TOKYOTECH_s05,125,183,131.1,-1.1099377870559692,0.9837497322266573
TOKYOTECH_s05,125,184,131.13333333333333,-1.166677474975586,0.9288245614527294
TOKYOTECH_s05,125,185,131.16666666666666,-1.3653197288513184,0.8312450179974429
TOKYOTECH_s05,125,186,131.2,-1.396254062652588,0.7140602409436452
TOKYOTECH_s05,125,187,131.23333333333332,-0.7321096658706665,0.5915117394697627
TOKYOTECH_s05,125,188,131.26666666666668,0.9867141246795654,0.46564285883859324
TOKYOTECH_s05,125,189,131.3,2.195655584335327,0.32905919085395635
TOKYOTECH_s05,125,190,131.33333333333334,2.097919464111328,0.17267050435738754
TOKYOTECH_s05,125,191,131.36666666666667,1.6486502885818481,-0.006210314528172174
TOKYOTECH_s05,125,192,131.4,1.216522216796875,-0.20090091547747455
TOKYOTECH_s05,125,193,131.43333333333334,0.7093825340270996,-0.3995605103730091
TOKYOTECH_s05,125,194,131.46666666666667,0.19252793490886688,-0.5924745201337831
TOKYOTECH_s05,125,195,131.5,-0.07612176239490509,-0.7753363718149083
TOKYOTECH_s05,125,196,131.53333333333333,0.16960766911506653,-0.9453764607756148
TOKYOTECH_s05,125,197,131.56666666666666,0.46269139647483826,-1.0939494991872165
TOKYOTECH_s05,125,198,131.6,0.5153706073760986,-1.202417933112888
TOKYOTECH_s05,125,199,131.63333333333333,0.3614290654659271,-1.245585169617796
TOKYOTECH_s05,125,200,131.66666666666666,-0.02616734243929386,-1.200811184983838
TOKYOTECH_s05,125,201,131.7,-0.41316714882850647,-1.056779525619035
TOKYOTECH_s05,125,202,131.73333333333332,-0.7342378497123718,-0.8173218294898429
TOKYOTECH_s05,125,203,131.76666666666668,-0.9915164113044739,-0.5002323356311207
TOKYOTECH_s05,125,204,131.8,-1.1254583597183228,-0.1339511982975593
TOKYOTECH_s05,125,205,131.83333333333334,-1.180951476097107,0.2456646968623715
TOKYOTECH_s05,125,206,131.86666666666667,-1.1105432510375977,0.5991893187105582
TOKYOTECH_s05,125,207,131.9,-1.0808199644088745,0.889953694140218
TOKYOTECH_s05,125,208,131.93333333333334,-1.0756019353866577,1.0919583334920673
TOKYOTECH_s05,125,209,131.96666666666667,-1.075486183166504,1.1953505477700852
TOKYOTECH_s05,125,210,132.0,-1.1236952543258667,1.2060578098553956
TOKYOTECH_s05,125,211,132.03333333333333,-1.301224946975708,1.1398689641547883
TOKYOTECH_s05,125,212,132.06666666666666,-1.2568981647491455,1.0148228417510294
TOKYOTECH_s05,125,213,132.1,-0.5320159196853638,0.8466397171938771
TOKYOTECH_s05,125,214,132.13333333333333,1.331720232963562,0.6494187345179065
TOKYOTECH_s05,125,215,132.16666666666666,2.4019646644592285,0.4395984570168049
TOKYOTECH_s05,125,216,132.2,2.24491548538208,0.23821129671159572
TOKYOTECH_s05,125,217,132.23333333333332,1.7992970943450928,0.06745472101095534
TOKYOTECH_s05,125,218,132.26666666666668,1.305158019065857,-0.05749141051563079
TOKYOTECH_s05,125,219,132.3,0.7637802958488464,-0.1358827821225257
TOKYOTECH_s05,125,220,132.33333333333334,0.35076144337654114,-0.18247752805111164
TOKYOTECH_s05,125,221,132.36666666666667,0.17809368669986725,-0.22105885832525496
TOKYOTECH_s05,125,222,132.4,0.25496649742126465,-0.27454652039741045
TOKYOTECH_s05,125,223,132.43333333333334,0.4962882101535797,-0.3572472719789235
TOKYOTECH_s05,125,224,132.46666666666667,0.6085743308067322,-0.47093616868653276
TOKYOTECH_s05,125,225,132.5,0.31923940777778625,-0.6028083130744448
TOKYOTECH_s05,125,226,132.53333333333333,-0.04758273810148239,-0.7247455634657934
TOKYOTECH_s05,125,227,132.56666666666666,-0.3480839431285858,-0.7968681330816029
TOKYOTECH_s05,125,228,132.6,-0.6776584386825562,-0.778522416189028
TOKYOTECH_s05,125,229,132.63333333333333,-0.8784645199775696,-0.6450795282588635
TOKYOTECH_s05,125,230,132.66666666666666,-1.0085597038269043,-0.402375945931626
TOKYOTECH_s05,125,231,132.7,-1.078950047492981,-0.08924752969990103
TOKYOTECH_s05,125,232,132.73333333333332,-1.1333566904067993,0.2343282795651006
TOKYOTECH_s05,125,233,132.76666666666668,-1.0976228713989258,0.5068506422868719
TOKYOTECH_s05,125,234,132.8,-1.0810070037841797,0.6827681318675641
TOKYOTECH_s05,125,235,132.83333333333334,-1.103704571723938,0.7411279152355522
TOKYOTECH_s05,125,236,132.86666666666667,-1.0922712087631226,0.6845951205848341
TOKYOTECH_s05,125,237,132.9,-1.1557782888412476,0.5325758912566702
TOKYOTECH_s05,125,238,132.93333333333334,-1.355925440788269,0.3132498406188613
TOKYOTECH_s05,125,239,132.96666666666667,-1.2406384944915771,0.05774563068517173
TOKYOTECH_s05,126,0,126.0,2.08874773979187,-0.12779046604920577
TOKYOTECH_s05,126,1,126.03333333333333,1.7940077781677246,-1.6631010902134942
TOKYOTECH_s05,126,2,126.06666666666666,1.4495182037353516,-2.9611557013532916
TOKYOTECH_s05,126,3,126.1,1.0019854307174683,-3.846675564932406
TOKYOTECH_s05,126,4,126.13333333333334,0.4805360734462738,-4.246953227362312
TOKYOTECH_s05,126,5,126.16666666666667,0.1117638424038887,-4.20076547630601
TOKYOTECH_s05,126,6,126.2,-0.0012969877570867538,-3.8312648733476258
TOKYOTECH_s05,126,7,126.23333333333333,0.23274970054626465,-3.297556516082298
TOKYOTECH_s05,126,8,126.26666666666667,0.42093804478645325,-2.7451469382750187
TOKYOTECH_s05,126,9,126.3,0.3387937545776367,-2.2699198006834913
TOKYOTECH_s05,126,10,126.33333333333333,0.07957395911216736,-1.9023527834685279
TOKYOTECH_s05,126,11,126.36666666666666,-0.30218109488487244,-1.6127224670335656
TOKYOTECH_s05,126,12,126.4,-0.5842944383621216,-1.3341119892480724
TOKYOTECH_s05,126,13,126.43333333333334,-0.8543688654899597,-0.9959160965703565
TOKYOTECH_s05,126,14,126.46666666666667,-1.0506247282028198,-0.55582446893806
TOKYOTECH_s05,126,15,126.5,-1.1727147102355957,-0.017517204334691193
TOKYOTECH_s05,126,16,126.53333333333333,-1.1830261945724487,0.5721025403410721
TOKYOTECH_s05,126,17,126.56666666666666,-1.1278181076049805,1.142193761644657
TOKYOTECH_s05,126,18,126.6,-1.1495273113250732,1.6227399984808621
TOKYOTECH_s05,126,19,126.63333333333334,-1.155911922454834,1.9634779649227065
TOKYOTECH_s05,126,20,126.66666666666667,-1.1881195306777954,2.141619883318
TOKYOTECH_s05,126,21,126.7,-1.2337285280227661,2.1600318361372066
TOKYOTECH_s05,126,22,126.73333333333333,-1.3869221210479736,2.040733439715903
TOKYOTECH_s05,126,23,126.76666666666667,-1.4409458637237549,1.817651973176164
TOKYOTECH_s05,126,24,126.8,-0.5900378823280334,1.5300325067887264
TOKYOTECH_s05,126,25,126.83333333333333,1.279815673828125,1.2163045388527207
TOKYOTECH_s05,126,26,126.86666666666666,2.2733476161956787,0.908540983962239
TOKYOTECH_s05,126,27,126.9,2.163679361343384,0.6285996473885873
TOKYOTECH_s05,126,28,126.93333333333334,1.8677195310592651,0.38690850682334077
TOKYOTECH_s05,126,29,126.96666666666667,1.5042543411254883,0.1836388900925903
TOKYOTECH_s05,126,30,127.0,1.0310230255126953,0.01089690446033047
TOKYOTECH_s05,126,31,127.03333333333333,0.5516833066940308,-0.14507384292321868
TOKYOTECH_s05,126,32,127.06666666666666,0.3131932318210602,-0.30087028775812097
TOKYOTECH_s05,126,33,127.1,0.4034673571586609,-0.4704307702745136
TOKYOTECH_s05,126,34,127.13333333333334,0.6294999718666077,-0.6573494446627846
TOKYOTECH_s05,126,35,127.16666666666667,0.572662353515625,-0.8485238888979609
TOKYOTECH_s05,126,36,127.2,0.30489420890808105,-1.0140776744590767
TOKYOTECH_s05,126,37,127.23333333333333,0.09048201143741608,-1.1159453117301255
TOKYOTECH_s05,126,38,127.26666666666667,-0.2081492394208908,-1.1218257167045564
TOKYOTECH_s05,126,39,127.3,-0.6240442395210266,-1.0172042229024176
TOKYOTECH_s05,126,40,127.33333333333333,-0.8808242082595825,-0.8096458105079851
TOKYOTECH_s05,126,41,127.36666666666666,-0.9719709753990173,-0.5248422319722368
TOKYOTECH_s05,126,42,127.4,-1.0947110652923584,-0.1985278643260907
TOKYOTECH_s05,126,43,127.43333333333334,-1.0483273267745972,0.13087336012562395
TOKYOTECH_s05,126,44,127.46666666666667,-1.0685138702392578,0.4271762752127405
TOKYOTECH_s05,126,45,127.5,-1.0908375978469849,0.6604194362594145
TOKYOTECH_s05,126,46,127.53333333333333,-1.066937804222107,0.8111546427079099
TOKYOTECH_s05,126,47,127.56666666666666,-1.1482361555099487,0.8738913154747671
TOKYOTECH_s05,126,48,127.6,-1.214895486831665,0.8571687289603076
TOKYOTECH_s05,126,49,127.63333333333334,-1.4102075099945068,0.7789764778644257
TOKYOTECH_s05,126,50,127.66666666666667,-1.380279302597046,0.6594097014369824
TOKYOTECH_s05,126,51,127.7,-0.36788761615753174,0.5147266168253561
TOKYOTECH_s05,126,52,127.73333333333333,1.5671292543411255,0.3560226768553035
TOKYOTECH_s05,126,53,127.76666666666667,2.3963279724121094,0.19206574042425514
TOKYOTECH_s05,126,54,127.8,2.0977768898010254,0.03224687011170556
TOKYOTECH_s05,126,55,127.83333333333333,1.6486413478851318,-0.11433238320869953
TOKYOTECH_s05,126,56,127.86666666666666,1.253333568572998,-0.24318514531786384
TOKYOTECH_s05,126,57,127.9,0.9289504289627075,-0.35761241552780193
TOKYOTECH_s05,126,58,127.93333333333334,0.5054954886436462,-0.4668638994406134
TOKYOTECH_s05,126,59,127.96666666666667,0.23430798947811127,-0.5797594258551215
TOKYOTECH_s05,126,60,128.0,0.4067264199256897,-0.6980285371281213
TOKYOTECH_s05,126,61,128.03333333333333,0.6872191429138184,-0.8135867047759058
TOKYOTECH_s05,126,62,128.06666666666666,0.6151013374328613,-0.9101351921481767
TOKYOTECH_s05,126,63,128.1,0.29439577460289,-0.9662506442273848
TOKYOTECH_s05,126,64,128.13333333333333,0.02767835557460785,-0.9581083751125525
TOKYOTECH_s05,126,65,128.16666666666666,-0.26894938945770264,-0.8631191763644968
TOKYOTECH_s05,126,66,128.2,-0.634222149848938,-0.6668403076077077
TOKYOTECH_s05,126,67,128.23333333333332,-0.8253044486045837,-0.37253923520455845
TOKYOTECH_s05,126,68,128.26666666666668,-0.9888094663619995,-0.007727029073058761
TOKYOTECH_s05,126,69,128.3,-1.0350862741470337,0.3790902786162099
TOKYOTECH_s05,126,70,128.33333333333334,-1.031310796737671,0.7320845419291591
TOKYOTECH_s05,126,71,128.36666666666667,-1.0040451288223267,1.0051433726803103
TOKYOTECH_s05,126,72,128.4,-1.0047129392623901,1.1731291017234182
TOKYOTECH_s05,126,73,128.43333333333334,-1.0128250122070312,1.2327339229441823
TOKYOTECH_s05,126,74,128.46666666666667,-1.0866256952285767,1.1954744066851792
TOKYOTECH_s05,126,75,128.5,-1.2393651008605957,1.0794645980581625
TOKYOTECH_s05,126,76,128.53333333333333,-1.0935267210006714,0.9046743347801788
TOKYOTECH_s05,126,77,128.56666666666666,-0.02288157120347023,0.6916184524149633
TOKYOTECH_s05,126,78,128.6,1.611910104751587,0.4606827399569413
TOKYOTECH_s05,126,79,128.63333333333333,2.1700284481048584,0.23000427840173407
TOKYOTECH_s05,126,80,128.66666666666666,1.8389756679534912,0.01248159973771303
TOKYOTECH_s05,126,81,128.7,1.3112753629684448,-0.1856749704957606
TOKYOTECH_s05,126,82,128.73333333333332,0.8309115767478943,-0.3633008105080064
TOKYOTECH_s05,126,83,128.76666666666668,0.305063396692276,-0.5207400524023691
TOKYOTECH_s05,126,84,128.8,-0.07051190733909607,-0.6576992159110566
TOKYOTECH_s05,126,85,128.83333333333334,-0.03297930955886841,-0.7745433214197814
TOKYOTECH_s05,126,86,128.86666666666667,0.2488936185836792,-0.8747163231401509
TOKYOTECH_s05,126,87,128.9,0.48085665702819824,-0.9632830316391293
TOKYOTECH_s05,126,88,128.93333333333334,0.3603249192237854,-1.0395483284599558
TOKYOTECH_s05,126,89,128.96666666666667,0.1329566240310669,-1.0881765801963441
TOKYOTECH_s05,126,90,129.0,-0.25710636377334595,-1.0775159166981216
TOKYOTECH_s05,126,91,129.03333333333333,-0.5982834696769714,-0.9707261046274714
TOKYOTECH_s05,126,92,129.06666666666666,-0.8946707844734192,-0.7452915667296226
TOKYOTECH_s05,126,93,129.1,-1.0747026205062866,-0.40870461217263304
TOKYOTECH_s05,126,94,129.13333333333333,-1.217655897140503,-0.0003661170992157641
TOKYOTECH_s05,126,95,129.16666666666666,-1.237806797027588,0.4208982663453712
TOKYOTECH_s05,126,96,129.2,-1.1986268758773804,0.7958732261972583
TOKYOTECH_s05,126,97,129.23333333333332,-1.1545138359069824,1.0805606080344332
TOKYOTECH_s05,126,98,129.26666666666668,-1.143276333808899,1.2529162657207815
TOKYOTECH_s05,126,99,129.3,-1.1674789190292358,1.311525183045744
TOKYOTECH_s05,126,100,129.33333333333334,-1.2251179218292236,1.2699264282001295
TOKYOTECH_s05,126,101,129.36666666666667,-1.3447859287261963,1.1498360616773908
TOKYOTECH_s05,126,102,129.4,-1.1131701469421387,0.9751284149698162
TOKYOTECH_s05,126,103,129.43333333333334,0.3387136161327362,0.7675108501138679
TOKYOTECH_s05,126,104,129.46666666666667,2.052541971206665,0.5444838945350314
TOKYOTECH_s05,126,105,129.5,2.4488470554351807,0.31969230389531345
TOKYOTECH_s05,126,106,129.53333333333333,2.0640199184417725,0.10466945461236063
TOKYOTECH_s05,126,107,129.56666666666666,1.5737541913986206,-0.08998282539806736
TOKYOTECH_s05,126,108,129.6,1.1817946434020996,-0.25567325646605255
TOKYOTECH_s05,126,109,129.63333333333333,0.7889267206192017,-0.3890637794469323
TOKYOTECH_s05,126,110,129.66666666666666,0.3547684848308563,-0.4950052551439768
TOKYOTECH_s05,126,111,129.7,0.3020358681678772,-0.5858841663856326
TOKYOTECH_s05,126,112,129.73333333333332,0.4521840512752533,-0.6761576974594827
TOKYOTECH_s05,126,113,129.76666666666668,0.6168199181556702,-0.7744690115436363
TOKYOTECH_s05,126,114,129.8,0.4914085268974304,-0.8780982925870658
TOKYOTECH_s05,126,115,129.83333333333334,0.20842252671718597,-0.9730799595700095
TOKYOTECH_s05,126,116,129.86666666666667,-0.1445174664258957,-1.0386217045526758
TOKYOTECH_s05,126,117,129.9,-0.4844123125076294,-1.0516553124566446
TOKYOTECH_s05,126,118,129.93333333333334,-0.7644509077072144,-0.9898797966081357
TOKYOTECH_s05,126,119,129.96666666666667,-0.970466136932373,-0.8356156404353787
TOKYOTECH_s05,126,120,130.0,-1.0177758932113647,-0.5828067542804927
TOKYOTECH_s05,126,121,130.03333333333333,-1.0542666912078857,-0.2452709733122748
TOKYOTECH_s05,126,122,130.06666666666666,-1.1363753080368042,0.140205923023675
TOKYOTECH_s05,126,123,130.1,-1.077828049659729,0.5214223327039559
TOKYOTECH_s05,126,124,130.13333333333333,-1.0449435710906982,0.8468066014385035
TOKYOTECH_s05,126,125,130.16666666666666,-1.112876296043396,1.0808712266532357
TOKYOTECH_s05,126,126,130.2,-1.1479512453079224,1.210887792255766
TOKYOTECH_s05,126,127,130.23333333333332,-1.283424735069275,1.243153901029378
TOKYOTECH_s05,126,128,130.26666666666668,-1.4278918504714966,1.1932726256146535
TOKYOTECH_s05,126,129,130.3,-1.2930594682693481,1.0770177096445068
TOKYOTECH_s05,126,130,130.33333333333334,-0.047671783715486526,0.9063645148887627
TOKYOTECH_s05,126,131,130.36666666666667,1.7899295091629028,0.6911261138284015
TOKYOTECH_s05,126,132,130.4,2.4120891094207764,0.4431433877063815
TOKYOTECH_s05,126,133,130.43333333333334,2.164917230606079,0.17910387314465054
TOKYOTECH_s05,126,134,130.46666666666667,1.8098578453063965,-0.08005767930687646
TOKYOTECH_s05,126,135,130.5,1.3259410858154297,-0.3125997777696659
TOKYOTECH_s05,126,136,130.53333333333333,0.7746527194976807,-0.5004246615587027
TOKYOTECH_s05,126,137,130.56666666666666,0.4438227117061615,-0.633046503396588
TOKYOTECH_s05,126,138,130.6,0.29653286933898926,-0.7104067026065096
TOKYOTECH_s05,126,139,130.63333333333333,0.353361576795578,-0.7438246958157974
TOKYOTECH_s05,126,140,130.66666666666666,0.5987080931663513,-0.7533913335903978
TOKYOTECH_s05,126,141,130.7,0.5616385340690613,-0.7602967578109691
TOKYOTECH_s05,126,142,130.73333333333332,0.3357662260532379,-0.775517430076836
TOKYOTECH_s05,126,143,130.76666666666668,-0.014751734212040901,-0.7904652712669998
TOKYOTECH_s05,126,144,130.8,-0.39764654636383057,-0.7770288858272233
TOKYOTECH_s05,126,145,130.83333333333334,-0.6746398210525513,-0.7001999941371698
TOKYOTECH_s05,126,146,130.86666666666667,-0.9345274567604065,-0.5371591118230425
TOKYOTECH_s05,126,147,130.9,-1.0182032585144043,-0.2909487148101879
TOKYOTECH_s05,126,148,130.93333333333334,-1.069520115852356,0.008917458576105756
TOKYOTECH_s05,126,149,130.96666666666667,-1.0246412754058838,0.317377599331476
TOKYOTECH_s05,126,150,131.0,-1.0038847923278809,0.5889792928724554
TOKYOTECH_s05,126,151,131.03333333333333,-1.0168676376342773,0.79011004978086
TOKYOTECH_s05,126,152,131.06666666666666,-1.0091207027435303,0.9049956043861481
TOKYOTECH_s05,126,153,131.1,-1.1099377870559692,0.9359300800736946
TOKYOTECH_s05,126,154,131.13333333333333,-1.166677474975586,0.899380065309206
TOKYOTECH_s05,126,155,131.16666666666666,-1.3653197288513184,0.8192101439632815
TOKYOTECH_s05,126,156,131.2,-1.396254062652588,0.7184091043230542
TOKYOTECH_s05,126,157,131.23333333333332,-0.7321096658706665,0.6116843387771058
TOKYOTECH_s05,126,158,131.26666666666668,0.9867141246795654,0.5020178210139441
TOKYOTECH_s05,126,159,131.3,2.195655584335327,0.383178014401163
TOKYOTECH_s05,126,160,131.33333333333334,2.097919464111328,0.24693214544988992
TOKYOTECH_s05,126,161,131.36666666666667,1.6486502885818481,0.09044073899841913
TOKYOTECH_s05,126,162,131.4,1.216522216796875,-0.08119557078122563
TOKYOTECH_s05,126,163,131.43333333333334,0.7093825340270996,-0.2588146330596843
TOKYOTECH_s05,126,164,131.46666666666667,0.19252793490886688,-0.4355003359679743
TOKYOTECH_s05,126,165,131.5,-0.07612176239490509,-0.6088429073376762
TOKYOTECH_s05,126,166,131.53333333333333,0.16960766911506653,-0.7764374874541516
TOKYOTECH_s05,126,167,131.56666666666666,0.46269139647483826,-0.9283056731345963
TOKYOTECH_s05,126,168,131.6,0.5153706073760986,-1.04313881549212
TOKYOTECH_s05,126,169,131.63333333333333,0.3614290654659271,-1.0926752029598814
TOKYOTECH_s05,126,170,131.66666666666666,-0.02616734243929386,-1.0520327979286872
TOKYOTECH_s05,126,171,131.7,-0.41316714882850647,-0.9093764182662838
TOKYOTECH_s05,126,172,131.73333333333332,-0.7342378497123718,-0.6700106030895098
TOKYOTECH_s05,126,173,131.76666666666668,-0.9915164113044739,-0.35497733955758926
TOKYOTECH_s05,126,174,131.8,-1.1254583597183228,0.00272529572101853
TOKYOTECH_s05,126,175,131.83333333333334,-1.180951476097107,0.362152199624341
TOKYOTECH_s05,126,176,131.86666666666667,-1.1105432510375977,0.67971469682856
TOKYOTECH_s05,126,177,131.9,-1.0808199644088745,0.9177348301414303
TOKYOTECH_s05,126,178,131.93333333333334,-1.0756019353866577,1.0545459021437373
TOKYOTECH_s05,126,179,131.96666666666667,-1.075486183166504,1.0905449337929982
TOKYOTECH_s05,126,180,132.0,-1.1236952543258667,1.0455140356889225
TOKYOTECH_s05,126,181,132.03333333333333,-1.301224946975708,0.9477797468331144
TOKYOTECH_s05,126,182,132.06666666666666,-1.2568981647491455,0.8213048735899043
TOKYOTECH_s05,126,183,132.1,-0.5320159196853638,0.6782583796146763
TOKYOTECH_s05,126,184,132.13333333333333,1.331720232963562,0.5204786533385267
TOKYOTECH_s05,126,185,132.16666666666666,2.4019646644592285,0.3469321316207134
TOKYOTECH_s05,126,186,132.2,2.24491548538208,0.16065272083568433
TOKYOTECH_s05,126,187,132.23333333333332,1.7992970943450928,-0.029877543246192198
TOKYOTECH_s05,126,188,132.26666666666668,1.305158019065857,-0.21466269027762433
TOKYOTECH_s05,126,189,132.3,0.7637802958488464,-0.3868635492565801
TOKYOTECH_s05,126,190,132.33333333333334,0.35076144337654114,-0.5440366137560567
TOKYOTECH_s05,126,191,132.36666666666667,0.17809368669986725,-0.68573448409367
TOKYOTECH_s05,126,192,132.4,0.25496649742126465,-0.8107808884815023
TOKYOTECH_s05,126,193,132.43333333333334,0.4962882101535797,-0.9171010411125661
TOKYOTECH_s05,126,194,132.46666666666667,0.6085743308067322,-1.0027578354694222
TOKYOTECH_s05,126,195,132.5,0.31923940777778625,-1.0642921675069428
TOKYOTECH_s05,126,196,132.53333333333333,-0.04758273810148239,-1.0916670512884008
TOKYOTECH_s05,126,197,132.56666666666666,-0.3480839431285858,-1.064586032239766
TOKYOTECH_s05,126,198,132.6,-0.6776584386825562,-0.9565461998346558
TOKYOTECH_s05,126,199,132.63333333333333,-0.8784645199775696,-0.7479477861255833
TOKYOTECH_s05,126,200,132.66666666666666,-1.0085597038269043,-0.44091179010836323
TOKYOTECH_s05,126,201,132.7,-1.078950047492981,-0.06489865121076399
TOKYOTECH_s05,126,202,132.73333333333332,-1.1333566904067993,0.33123810355779115
TOKYOTECH_s05,126,203,132.76666666666668,-1.0976228713989258,0.695334022189932
TOKYOTECH_s05,126,204,132.8,-1.0810070037841797,0.9867820038383771
TOKYOTECH_s05,126,205,132.83333333333334,-1.103704571723938,1.1838011404852504
TOKYOTECH_s05,126,206,132.86666666666667,-1.0922712087631226,1.2824565705086721
TOKYOTECH_s05,126,207,132.9,-1.1557782888412476,1.2910125358128086
TOKYOTECH_s05,126,208,132.93333333333334,-1.355925440788269,1.2237596147514829
TOKYOTECH_s05,126,209,132.96666666666667,-1.2406384944915771,1.096585302697037
TOKYOTECH_s05,126,210,133.0,0.21038152277469635,0.9246773595092488
TOKYOTECH_s05,126,211,133.03333333333333,1.9944754838943481,0.7218770766169607
TOKYOTECH_s05,126,212,133.06666666666666,2.448651075363159,0.5011187425675219
TOKYOTECH_s05,126,213,133.1,2.1098783016204834,0.2753817249444305
TOKYOTECH_s05,126,214,133.13333333333333,1.6814545392990112,0.05823147787911873
TOKYOTECH_s05,126,215,133.16666666666666,1.2297722101211548,-0.13712617060052182
TOKYOTECH_s05,126,216,133.2,0.7899863123893738,-0.30062329477333305
TOKYOTECH_s05,126,217,133.23333333333332,0.4743385314941406,-0.4287516599232334
TOKYOTECH_s05,126,218,133.26666666666668,0.3715001046657562,-0.526050085296987
TOKYOTECH_s05,126,219,133.3,0.44845306873321533,-0.6023970426009881
TOKYOTECH_s05,126,220,133.33333333333334,0.5414519906044006,-0.66646432742838
TOKYOTECH_s05,126,221,133.36666666666667,0.5567855834960938,-0.7189742870870224
TOKYOTECH_s05,126,222,133.4,0.3795854151248932,-0.7506943390814644
TOKYOTECH_s05,126,223,133.43333333333334,0.024793287739157677,-0.7473605414306123
TOKYOTECH_s05,126,224,133.46666666666667,-0.40804705023765564,-0.6980879298389511
TOKYOTECH_s05,126,225,133.5,-0.6587452292442322,-0.6009231466899011
TOKYOTECH_s05,126,226,133.53333333333333,-0.8709757924079895,-0.4626211851261852
TOKYOTECH_s05,126,227,133.56666666666666,-1.0342403650283813,-0.2953193393651667
TOKYOTECH_s05,126,228,133.6,-1.0289956331253052,-0.11454778318009955
TOKYOTECH_s05,126,229,133.63333333333333,-1.0064404010772705,0.060193464798659786
TOKYOTECH_s05,126,230,133.66666666666666,-1.0218274593353271,0.20583868607192374
TOKYOTECH_s05,126,231,133.7,-1.0579264163970947,0.3012302020173565
TOKYOTECH_s05,126,232,133.73333333333332,-1.061141014099121,0.33614085325431375
TOKYOTECH_s05,126,233,133.76666666666668,-1.046679973602295,0.31721513097571785
TOKYOTECH_s05,126,234,133.8,-1.1364643573760986,0.2659519440150169
TOKYOTECH_s05,126,235,133.83333333333334,-1.3184819221496582,0.20978210186401128
TOKYOTECH_s05,126,236,133.86666666666667,-1.3913832902908325,0.1714031068907699
TOKYOTECH_s05,126,237,133.9,-1.0711764097213745,0.1615514408291392
TOKYOTECH_s05,126,238,133.93333333333334,0.47411590814590454,0.17740305263179654
TOKYOTECH_s05,126,239,133.96666666666667,2.111926317214966,0.20553382892279828
TOKYOTECH_s05,127,0,127.0,1.0310230255126953,-0.0458695918963666
TOKYOTECH_s05,127,1,127.03333333333333,0.5516833066940308,-1.6006514986551383
TOKYOTECH_s05,127,2,127.06666666666666,0.3131932318210602,-2.9372228806434624
TOKYOTECH_s05,127,3,127.1,0.4034673571586609,-3.8906785936169404
TOKYOTECH_s05,127,4,127.13333333333334,0.6294999718666077,-4.385304480254233
TOKYOTECH_s05,127,5,127.16666666666667,0.572662353515625,-4.441035750453179
TOKYOTECH_s05,127,6,127.2,0.30489420890808105,-4.148791717773444
TOKYOTECH_s05,127,7,127.23333333333333,0.09048201143741608,-3.6300306445218484
TOKYOTECH_s05,127,8,127.26666666666667,-0.2081492394208908,-2.999289575136437
TOKYOTECH_s05,127,9,127.3,-0.6240442395210266,-2.3407812976527422
TOKYOTECH_s05,127,10,127.33333333333333,-0.8808242082595825,-1.7012739366422862
TOKYOTECH_s05,127,11,127.36666666666666,-0.9719709753990173,-1.0961885837718446
TOKYOTECH_s05,127,12,127.4,-1.0947110652923584,-0.5239628058270822
TOKYOTECH_s05,127,13,127.43333333333334,-1.0483273267745972,0.017161418576399648
TOKYOTECH_s05,127,14,127.46666666666667,-1.0685138702392578,0.5168852593310856
TOKYOTECH_s05,127,15,127.5,-1.0908375978469849,0.9508146706975139
TOKYOTECH_s05,127,16,127.53333333333333,-1.066937804222107,1.2888436545527895
TOKYOTECH_s05,127,17,127.56666666666666,-1.1482361555099487,1.5080858911600576
TOKYOTECH_s05,127,18,127.6,-1.214895486831665,1.602453121579928
TOKYOTECH_s05,127,19,127.63333333333334,-1.4102075099945068,1.5839512036898107
TOKYOTECH_s05,127,20,127.66666666666667,-1.380279302597046,1.476429869291613
TOKYOTECH_s05,127,21,127.7,-0.36788761615753174,1.3069473352215246
TOKYOTECH_s05,127,22,127.73333333333333,1.5671292543411255,1.1001394136077032
TOKYOTECH_s05,127,23,127.76666666666667,2.3963279724121094,0.8772475421932118
TOKYOTECH_s05,127,24,127.8,2.0977768898010254,0.6568387354851025
TOKYOTECH_s05,127,25,127.83333333333333,1.6486413478851318,0.45324536922139075
TOKYOTECH_s05,127,26,127.86666666666666,1.253333568572998,0.2727835595205671
TOKYOTECH_s05,127,27,127.9,0.9289504289627075,0.11195372074069337
TOKYOTECH_s05,127,28,127.93333333333334,0.5054954886436462,-0.03894681743053744
TOKYOTECH_s05,127,29,127.96666666666667,0.23430798947811127,-0.1879258701511428
TOKYOTECH_s05,127,30,128.0,0.4067264199256897,-0.33414056531706554
TOKYOTECH_s05,127,31,128.03333333333333,0.6872191429138184,-0.46622510155554564
TOKYOTECH_s05,127,32,128.06666666666666,0.6151013374328613,-0.5663080784127275
TOKYOTECH_s05,127,33,128.1,0.29439577460289,-0.6157215289170429
TOKYOTECH_s05,127,34,128.13333333333333,0.02767835557460785,-0.5987053503212216
TOKYOTECH_s05,127,35,128.16666666666666,-0.26894938945770264,-0.5041156601826784
TOKYOTECH_s05,127,36,128.2,-0.634222149848938,-0.3281501900799647
TOKYOTECH_s05,127,37,128.23333333333332,-0.8253044486045837,-0.07980091391459812
TOKYOTECH_s05,127,38,128.26666666666668,-0.9888094663619995,0.21440386437060757
TOKYOTECH_s05,127,39,128.3,-1.0350862741470337,0.5123945900597655
TOKYOTECH_s05,127,40,128.33333333333334,-1.031310796737671,0.7669167093635147
TOKYOTECH_s05,127,41,128.36666666666667,-1.0040451288223267,0.9391653078294685
TOKYOTECH_s05,127,42,128.4,-1.0047129392623901,1.0083966859772933
TOKYOTECH_s05,127,43,128.43333333333334,-1.0128250122070312,0.9734952548730832
TOKYOTECH_s05,127,44,128.46666666666667,-1.0866256952285767,0.8479826828551572
TOKYOTECH_s05,127,45,128.5,-1.2393651008605957,0.6533131105425625
TOKYOTECH_s05,127,46,128.53333333333333,-1.0935267210006714,0.4141982282611575
TOKYOTECH_s05,127,47,128.56666666666666,-0.02288157120347023,0.15623195823604094
TOKYOTECH_s05,127,48,128.6,1.611910104751587,-0.09619692024486444
TOKYOTECH_s05,127,49,128.63333333333333,2.1700284481048584,-0.32318285535049174
TOKYOTECH_s05,127,50,128.66666666666666,1.8389756679534912,-0.512765335281801
TOKYOTECH_s05,127,51,128.7,1.3112753629684448,-0.6619943130774798
TOKYOTECH_s05,127,52,128.73333333333332,0.8309115767478943,-0.7743767439226262
TOKYOTECH_s05,127,53,128.76666666666668,0.305063396692276,-0.8554405298245131
TOKYOTECH_s05,127,54,128.8,-0.07051190733909607,-0.9098573270315066
TOKYOTECH_s05,127,55,128.83333333333334,-0.03297930955886841,-0.9420975689469132
TOKYOTECH_s05,127,56,128.86666666666667,0.2488936185836792,-0.9586246440820878
TOKYOTECH_s05,127,57,128.9,0.48085665702819824,-0.9670671486821263
TOKYOTECH_s05,127,58,128.93333333333334,0.3603249192237854,-0.9699000972643959
TOKYOTECH_s05,127,59,128.96666666666667,0.1329566240310669,-0.9558719555162414
TOKYOTECH_s05,127,60,129.0,-0.25710636377334595,-0.8972166874608063
TOKYOTECH_s05,127,61,129.03333333333333,-0.5982834696769714,-0.7588928125943083
TOKYOTECH_s05,127,62,129.06666666666666,-0.8946707844734192,-0.5169129093736842
TOKYOTECH_s05,127,63,129.1,-1.0747026205062866,-0.17460225167447488
TOKYOTECH_s05,127,64,129.13333333333333,-1.217655897140503,0.2335565699501934
TOKYOTECH_s05,127,65,129.16666666666666,-1.237806797027588,0.6524779825789859
TOKYOTECH_s05,127,66,129.2,-1.1986268758773804,1.0245116503676972
TOKYOTECH_s05,127,67,129.23333333333332,-1.1545138359069824,1.304916158294232
TOKYOTECH_s05,127,68,129.26666666666668,-1.143276333808899,1.4689906152006293
TOKYOTECH_s05,127,69,129.3,-1.1674789190292358,1.5115971904028938
TOKYOTECH_s05,127,70,129.33333333333334,-1.2251179218292236,1.4427774038055825
TOKYOTECH_s05,127,71,129.36666666666667,-1.3447859287261963,1.2824511080582792
TOKYOTECH_s05,127,72,129.4,-1.1131701469421387,1.0555189892813923
TOKYOTECH_s05,127,73,129.43333333333334,0.3387136161327362,0.7877760972739015
TOKYOTECH_s05,127,74,129.46666666666667,2.052541971206665,0.5031081666759084
TOKYOTECH_s05,127,75,129.5,2.4488470554351807,0.22247159492389215
TOKYOTECH_s05,127,76,129.53333333333333,2.0640199184417725,-0.03571611496353322
TOKYOTECH_s05,127,77,129.56666666666666,1.5737541913986206,-0.255338727522044
TOKYOTECH_s05,127,78,129.6,1.1817946434020996,-0.4243026630734701
TOKYOTECH_s05,127,79,129.63333333333333,0.7889267206192017,-0.5384854213185059
TOKYOTECH_s05,127,80,129.66666666666666,0.3547684848308563,-0.6054778041132162
TOKYOTECH_s05,127,81,129.7,0.3020358681678772,-0.6443362725404804
TOKYOTECH_s05,127,82,129.73333333333332,0.4521840512752533,-0.6794405734124374
TOKYOTECH_s05,127,83,129.76666666666668,0.6168199181556702,-0.7305580044138846
TOKYOTECH_s05,127,84,129.8,0.4914085268974304,-0.8043386292286019
TOKYOTECH_s05,127,85,129.83333333333334,0.20842252671718597,-0.891642402811839
TOKYOTECH_s05,127,86,129.86666666666667,-0.1445174664258957,-0.9704245929198562
TOKYOTECH_s05,127,87,129.9,-0.4844123125076294,-1.010600990635116
TOKYOTECH_s05,127,88,129.93333333333334,-0.7644509077072144,-0.9791664139271788
TOKYOTECH_s05,127,89,129.96666666666667,-0.970466136932373,-0.8472610088406355
TOKYOTECH_s05,127,90,130.0,-1.0177758932113647,-0.6006289552817905
TOKYOTECH_s05,127,91,130.03333333333333,-1.0542666912078857,-0.25052986601151617
TOKYOTECH_s05,127,92,130.06666666666666,-1.1363753080368042,0.1623697114802002
TOKYOTECH_s05,127,93,130.1,-1.077828049659729,0.5770990716517664
TOKYOTECH_s05,127,94,130.13333333333333,-1.0449435710906982,0.9315514425693604
TOKYOTECH_s05,127,95,130.16666666666666,-1.112876296043396,1.1810191316873628
TOKYOTECH_s05,127,96,130.2,-1.1479512453079224,1.3067573625257813
TOKYOTECH_s05,127,97,130.23333333333332,-1.283424735069275,1.3128782679033635
TOKYOTECH_s05,127,98,130.26666666666668,-1.4278918504714966,1.2165363598285361
TOKYOTECH_s05,127,99,130.3,-1.2930594682693481,1.0384564084946135
TOKYOTECH_s05,127,100,130.33333333333334,-0.047671783715486526,0.7984799663377561
TOKYOTECH_s05,127,101,130.36666666666667,1.7899295091629028,0.5163291250013732
TOKYOTECH_s05,127,102,130.4,2.4120891094207764,0.21426526942036217
TOKYOTECH_s05,127,103,130.43333333333334,2.164917230606079,-0.08217384507494539
TOKYOTECH_s05,127,104,130.46666666666667,1.8098578453063965,-0.34673428359153374
TOKYOTECH_s05,127,105,130.5,1.3259410858154297,-0.5569043448402369
TOKYOTECH_s05,127,106,130.53333333333333,0.7746527194976807,-0.6981471600671807
TOKYOTECH_s05,127,107,130.56666666666666,0.4438227117061615,-0.7666980544505322
TOKYOTECH_s05,127,108,130.6,0.29653286933898926,-0.7706164493278458
TOKYOTECH_s05,127,109,130.63333333333333,0.353361576795578,-0.7287947506042642
TOKYOTECH_s05,127,110,130.66666666666666,0.5987080931663513,-0.6670427634729468
TOKYOTECH_s05,127,111,130.7,0.5616385340690613,-0.6104883479114576
TOKYOTECH_s05,127,112,130.73333333333332,0.3357662260532379,-0.5734055179556259
TOKYOTECH_s05,127,113,130.76666666666668,-0.014751734212040901,-0.5507708723584981
TOKYOTECH_s05,127,114,130.8,-0.39764654636383057,-0.5179330138929565
TOKYOTECH_s05,127,115,130.83333333333334,-0.6746398210525513,-0.4417404646458249
TOKYOTECH_s05,127,116,130.86666666666667,-0.9345274567604065,-0.29820427382051307
TOKYOTECH_s05,127,117,130.9,-1.0182032585144043,-0.08606038599950654
TOKYOTECH_s05,127,118,130.93333333333334,-1.069520115852356,0.1712282422613772
TOKYOTECH_s05,127,119,130.96666666666667,-1.0246412754058838,0.4344304620426602
TOKYOTECH_s05,127,120,131.0,-1.0038847923278809,0.6623102298183896
TOKYOTECH_s05,127,121,131.03333333333333,-1.0168676376342773,0.8235536267397325
TOKYOTECH_s05,127,122,131.06666666666666,-1.0091207027435303,0.9032977930209986
TOKYOTECH_s05,127,123,131.1,-1.1099377870559692,0.9041001068653695
TOKYOTECH_s05,127,124,131.13333333333333,-1.166677474975586,0.8425449889470698
TOKYOTECH_s05,127,125,131.16666666666666,-1.3653197288513184,0.742616065952976
TOKYOTECH_s05,127,126,131.2,-1.396254062652588,0.62719945598243
TOKYOTECH_s05,127,127,131.23333333333332,-0.7321096658706665,0.5101954827809231
TOKYOTECH_s05,127,128,131.26666666666668,0.9867141246795654,0.39278242646471057
TOKYOTECH_s05,127,129,131.3,2.195655584335327,0.26638354175107853
TOKYOTECH_s05,127,130,131.33333333333334,2.097919464111328,0.12113182185660594
TOKYOTECH_s05,127,131,131.36666666666667,1.6486502885818481,-0.04535370256093428
TOKYOTECH_s05,127,132,131.4,1.216522216796875,-0.22486807264323133
TOKYOTECH_s05,127,133,131.43333333333334,0.7093825340270996,-0.40336550446918334
TOKYOTECH_s05,127,134,131.46666666666667,0.19252793490886688,-0.5693384590570485
TOKYOTECH_s05,127,135,131.5,-0.07612176239490509,-0.7184324862775466
TOKYOTECH_s05,127,136,131.53333333333333,0.16960766911506653,-0.8504860674874792
TOKYOTECH_s05,127,137,131.56666666666666,0.46269139647483826,-0.961898885051137
TOKYOTECH_s05,127,138,131.6,0.5153706073760986,-1.0400182864603447
TOKYOTECH_s05,127,139,131.63333333333333,0.3614290654659271,-1.0643905227105221
TOKYOTECH_s05,127,140,131.66666666666666,-0.02616734243929386,-1.0139644283249596
TOKYOTECH_s05,127,141,131.7,-0.41316714882850647,-0.8751216558086053
TOKYOTECH_s05,127,142,131.73333333333332,-0.7342378497123718,-0.6465074323028952
TOKYOTECH_s05,127,143,131.76666666666668,-0.9915164113044739,-0.34041732442240646
TOKYOTECH_s05,127,144,131.8,-1.1254583597183228,0.017578296448676596
TOKYOTECH_s05,127,145,131.83333333333334,-1.180951476097107,0.39025268192733936
TOKYOTECH_s05,127,146,131.86666666666667,-1.1105432510375977,0.7333585263080505
TOKYOTECH_s05,127,147,131.9,-1.0808199644088745,1.0048138417641876
TOKYOTECH_s05,127,148,131.93333333333334,-1.0756019353866577,1.1759495585679984
TOKYOTECH_s05,127,149,131.96666666666667,-1.075486183166504,1.2388285393684106
TOKYOTECH_s05,127,150,132.0,-1.1236952543258667,1.2050622989625412
TOKYOTECH_s05,127,151,132.03333333333333,-1.301224946975708,1.0968275388924063
TOKYOTECH_s05,127,152,132.06666666666666,-1.2568981647491455,0.9357834106427182
TOKYOTECH_s05,127,153,132.1,-0.5320159196853638,0.7366930485379152
TOKYOTECH_s05,127,154,132.13333333333333,1.331720232963562,0.5087859232137646
TOKYOTECH_s05,127,155,132.16666666666666,2.4019646644592285,0.26208699474808755
TOKYOTECH_s05,127,156,132.2,2.24491548538208,0.012364426011582004
TOKYOTECH_s05,127,157,132.23333333333332,1.7992970943450928,-0.22014744648143006
TOKYOTECH_s05,127,158,132.26666666666668,1.305158019065857,-0.41735684782984206
TOKYOTECH_s05,127,159,132.3,0.7637802958488464,-0.5697808565064373
TOKYOTECH_s05,127,160,132.33333333333334,0.35076144337654114,-0.6782963868798294
TOKYOTECH_s05,127,161,132.36666666666667,0.17809368669986725,-0.751094112998018
TOKYOTECH_s05,127,162,132.4,0.25496649742126465,-0.7991893662748849
TOKYOTECH_s05,127,163,132.43333333333334,0.4962882101535797,-0.8333624782599237
TOKYOTECH_s05,127,164,132.46666666666667,0.6085743308067322,-0.8618121822967528
TOKYOTECH_s05,127,165,132.5,0.31923940777778625,-0.8859531403750781
TOKYOTECH_s05,127,166,132.53333333333333,-0.04758273810148239,-0.8948508430276869
TOKYOTECH_s05,127,167,132.56666666666666,-0.3480839431285858,-0.8632800840042318
TOKYOTECH_s05,127,168,132.6,-0.6776584386825562,-0.758800247014322
TOKYOTECH_s05,127,169,132.63333333333333,-0.8784645199775696,-0.5575749323859511
TOKYOTECH_s05,127,170,132.66666666666666,-1.0085597038269043,-0.2603423975373562
TOKYOTECH_s05,127,171,132.7,-1.078950047492981,0.10255319426589037
TOKYOTECH_s05,127,172,132.73333333333332,-1.1333566904067993,0.48054539876928526
TOKYOTECH_s05,127,173,132.76666666666668,-1.0976228713989258,0.8199755300359376
TOKYOTECH_s05,127,174,132.8,-1.0810070037841797,1.0790072362855252
TOKYOTECH_s05,127,175,132.83333333333334,-1.103704571723938,1.2343561361502635
TOKYOTECH_s05,127,176,132.86666666666667,-1.0922712087631226,1.2801962184244253
TOKYOTECH_s05,127,177,132.9,-1.1557782888412476,1.223564666663807
TOKYOTECH_s05,127,178,132.93333333333334,-1.355925440788269,1.0801538207998662
TOKYOTECH_s05,127,179,132.96666666666667,-1.2406384944915771,0.8714897675341665
TOKYOTECH_s05,127,180,133.0,0.21038152277469635,0.6223892128464252
TOKYOTECH_s05,127,181,133.03333333333333,1.9944754838943481,0.35772184814549235
TOKYOTECH_s05,127,182,133.06666666666666,2.448651075363159,0.09918075201083801
TOKYOTECH_s05,127,183,133.1,2.1098783016204834,-0.1363680474423396
TOKYOTECH_s05,127,184,133.13333333333333,1.6814545392990112,-0.3367097660086827
TOKYOTECH_s05,127,185,133.16666666666666,1.2297722101211548,-0.4937918282103271
TOKYOTECH_s05,127,186,133.2,0.7899863123893738,-0.6043910090118562
TOKYOTECH_s05,127,187,133.23333333333332,0.4743385314941406,-0.6717042905138725
TOKYOTECH_s05,127,188,133.26666666666668,0.3715001046657562,-0.7058892069802576
TOKYOTECH_s05,127,189,133.3,0.44845306873321533,-0.7213732633208217
TOKYOTECH_s05,127,190,133.33333333333334,0.5414519906044006,-0.7306746747259273
TOKYOTECH_s05,127,191,133.36666666666667,0.5567855834960938,-0.737553903518079
TOKYOTECH_s05,127,192,133.4,0.3795854151248932,-0.7342584487028666
TOKYOTECH_s05,127,193,133.43333333333334,0.024793287739157677,-0.7056594805682316
TOKYOTECH_s05,127,194,133.46666666666667,-0.40804705023765564,-0.6375236799359686
TOKYOTECH_s05,127,195,133.5,-0.6587452292442322,-0.5227798970785295
TOKYOTECH_s05,127,196,133.53333333333333,-0.8709757924079895,-0.3625746891579493
TOKYOTECH_s05,127,197,133.56666666666666,-1.0342403650283813,-0.16425053049897867
TOKYOTECH_s05,127,198,133.6,-1.0289956331253052,0.05983710591374996
TOKYOTECH_s05,127,199,133.63333333333333,-1.0064404010772705,0.29170132128896864
TOKYOTECH_s05,127,200,133.66666666666666,-1.0218274593353271,0.5086932544984138
TOKYOTECH_s05,127,201,133.7,-1.0579264163970947,0.6894996427493778
TOKYOTECH_s05,127,202,133.73333333333332,-1.061141014099121,0.8226977667696315
TOKYOTECH_s05,127,203,133.76666666666668,-1.046679973602295,0.9106162405543924
TOKYOTECH_s05,127,204,133.8,-1.1364643573760986,0.9641463380393033
TOKYOTECH_s05,127,205,133.83333333333334,-1.3184819221496582,0.991586358174112
TOKYOTECH_s05,127,206,133.86666666666667,-1.3913832902908325,0.9895514902962231
TOKYOTECH_s05,127,207,133.9,-1.0711764097213745,0.9428854373668496
TOKYOTECH_s05,127,208,133.93333333333334,0.47411590814590454,0.834226328914262
TOKYOTECH_s05,127,209,133.96666666666667,2.111926317214966,0.6569476349640034
TOKYOTECH_s05,127,210,134.0,2.3549487590789795,0.4225755274417104
TOKYOTECH_s05,127,211,134.03333333333333,1.9399975538253784,0.1574461700795879
TOKYOTECH_s05,127,212,134.06666666666666,1.4275418519973755,-0.10892542910827953
TOKYOTECH_s05,127,213,134.1,0.9604724645614624,-0.35564956600130015
TOKYOTECH_s05,127,214,134.13333333333333,0.5023610591888428,-0.5752840991367195
TOKYOTECH_s05,127,215,134.16666666666666,0.20806634426116943,-0.7702170222785069
TOKYOTECH_s05,127,216,134.2,0.2520280182361603,-0.9446132376893507
TOKYOTECH_s05,127,217,134.23333333333332,0.5233490467071533,-1.0975078738896902
TOKYOTECH_s05,127,218,134.26666666666668,0.678804337978363,-1.219910258090299
TOKYOTECH_s05,127,219,134.3,0.5210872888565063,-1.295202495310857
TOKYOTECH_s05,127,220,134.33333333333334,0.1842021942138672,-1.3012356662106213
TOKYOTECH_s05,127,221,134.36666666666667,-0.11497222632169724,-1.2143457066133547
TOKYOTECH_s05,127,222,134.4,-0.3955094814300537,-1.0172035903710535
TOKYOTECH_s05,127,223,134.43333333333334,-0.6802496314048767,-0.7102730744318483
TOKYOTECH_s05,127,224,134.46666666666667,-0.8964249491691589,-0.3208893635190473
TOKYOTECH_s05,127,225,134.5,-0.9556667804718018,0.09814187877402597
TOKYOTECH_s05,127,226,134.53333333333333,-0.9338417649269104,0.4821669431844547
TOKYOTECH_s05,127,227,134.56666666666666,-1.0356383323669434,0.7736473292856226
TOKYOTECH_s05,127,228,134.6,-1.0145435333251953,0.9369865281202473
TOKYOTECH_s05,127,229,134.63333333333333,-0.9541886448860168,0.9637224769945023
TOKYOTECH_s05,127,230,134.66666666666666,-1.0474724769592285,0.8688429941659875
TOKYOTECH_s05,127,231,134.7,-1.186392068862915,0.6830971652311869
TOKYOTECH_s05,127,232,134.73333333333332,-1.1952966451644897,0.4459717062245983
TOKYOTECH_s05,127,233,134.76666666666668,-0.7253689169883728,0.2009195099386653
TOKYOTECH_s05,127,234,134.8,0.8292553424835205,-0.008533729401235765
TOKYOTECH_s05,127,235,134.83333333333334,2.099210500717163,-0.1440368203890122
TOKYOTECH_s05,127,236,134.86666666666667,2.104081392288208,-0.1796910513654498
TOKYOTECH_s05,127,237,134.9,1.614875316619873,-0.10942199814411215
TOKYOTECH_s05,127,238,134.93333333333334,1.0558934211730957,0.04915322326264717
TOKYOTECH_s05,127,239,134.96666666666667,0.4954066574573517,0.25725222833270295
TOKYOTECH_s05,128,0,128.0,0.4067264199256897,0.0474973505007899
TOKYOTECH_s05,128,1,128.03333333333333,0.6872191429138184,-1.609227481497467
TOKYOTECH_s05,128,2,128.06666666666666,0.6151013374328613,-3.013037400436648
TOKYOTECH_s05,128,3,128.1,0.29439577460289,-3.966463952488159
TOKYOTECH_s05,128,4,128.13333333333333,0.02767835557460785,-4.368865326258093
TOKYOTECH_s05,128,5,128.16666666666666,-0.26894938945770264,-4.230537592386625
TOKYOTECH_s05,128,6,128.2,-0.634222149848938,-3.656131476943856
TOKYOTECH_s05,128,7,128.23333333333332,-0.8253044486045837,-2.8079216136791616
TOKYOTECH_s05,128,8,128.26666666666668,-0.9888094663619995,-1.8630869723807253
TOKYOTECH_s05,128,9,128.3,-1.0350862741470337,-0.9752742854061732
TOKYOTECH_s05,128,10,128.33333333333334,-1.031310796737671,-0.24773172836283858
TOKYOTECH_s05,128,11,128.36666666666667,-1.0040451288223267,0.2767091857757533
TOKYOTECH_s05,128,12,128.4,-1.0047129392623901,0.607714463853629
TOKYOTECH_s05,128,13,128.43333333333334,-1.0128250122070312,0.7864999472126285
TOKYOTECH_s05,128,14,128.46666666666667,-1.0866256952285767,0.8616105089391316
TOKYOTECH_s05,128,15,128.5,-1.2393651008605957,0.8714418713365694
TOKYOTECH_s05,128,16,128.53333333333333,-1.0935267210006714,0.8383019217841378
TOKYOTECH_s05,128,17,128.56666666666666,-0.02288157120347023,0.7719484217983741
TOKYOTECH_s05,128,18,128.6,1.611910104751587,0.6767187065959414
TOKYOTECH_s05,128,19,128.63333333333333,2.1700284481048584,0.5569654649833028
TOKYOTECH_s05,128,20,128.66666666666666,1.8389756679534912,0.4189528984217947
TOKYOTECH_s05,128,21,128.7,1.3112753629684448,0.27054091505845534
TOKYOTECH_s05,128,22,128.73333333333332,0.8309115767478943,0.12058419799438798
TOKYOTECH_s05,128,23,128.76666666666668,0.305063396692276,-0.021581713984159923
TOKYOTECH_s05,128,24,128.8,-0.07051190733909607,-0.14773664187599783
TOKYOTECH_s05,128,25,128.83333333333334,-0.03297930955886841,-0.2539145908073796
TOKYOTECH_s05,128,26,128.86666666666667,0.2488936185836792,-0.34260943668082533
TOKYOTECH_s05,128,27,128.9,0.48085665702819824,-0.4200625697165529
TOKYOTECH_s05,128,28,128.93333333333334,0.3603249192237854,-0.4876171283553604
TOKYOTECH_s05,128,29,128.96666666666667,0.1329566240310669,-0.5319499067183979
TOKYOTECH_s05,128,30,129.0,-0.25710636377334595,-0.5228947633545745
TOKYOTECH_s05,128,31,129.03333333333333,-0.5982834696769714,-0.4245018534538238
TOKYOTECH_s05,128,32,129.06666666666666,-0.8946707844734192,-0.21504255044600315
TOKYOTECH_s05,128,33,129.1,-1.0747026205062866,0.09641856758373253
TOKYOTECH_s05,128,34,129.13333333333333,-1.217655897140503,0.46760491403914245
TOKYOTECH_s05,128,35,129.16666666666666,-1.237806797027588,0.8361818051331882
TOKYOTECH_s05,128,36,129.2,-1.1986268758773804,1.1405102925187305
TOKYOTECH_s05,128,37,129.23333333333332,-1.1545138359069824,1.3369313906622633
TOKYOTECH_s05,128,38,129.26666666666668,-1.143276333808899,1.40714743773156
TOKYOTECH_s05,128,39,129.3,-1.1674789190292358,1.3562760085010555
TOKYOTECH_s05,128,40,129.33333333333334,-1.2251179218292236,1.2056355928512805
TOKYOTECH_s05,128,41,129.36666666666667,-1.3447859287261963,0.9841168155556153
TOKYOTECH_s05,128,42,129.4,-1.1131701469421387,0.7206915590554985
TOKYOTECH_s05,128,43,129.43333333333334,0.3387136161327362,0.4395261399785836
TOKYOTECH_s05,128,44,129.46666666666667,2.052541971206665,0.15838622385716167
TOKYOTECH_s05,128,45,129.5,2.4488470554351807,-0.10987581513253167
TOKYOTECH_s05,128,46,129.53333333333333,2.0640199184417725,-0.35421317561728993
TOKYOTECH_s05,128,47,129.56666666666666,1.5737541913986206,-0.5631512756055881
TOKYOTECH_s05,128,48,129.6,1.1817946434020996,-0.7257573409523028
TOKYOTECH_s05,128,49,129.63333333333333,0.7889267206192017,-0.8360477128675028
TOKYOTECH_s05,128,50,129.66666666666666,0.3547684848308563,-0.8978343907194438
TOKYOTECH_s05,128,51,129.7,0.3020358681678772,-0.9256167464261688
TOKYOTECH_s05,128,52,129.73333333333332,0.4521840512752533,-0.9395157558639085
TOKYOTECH_s05,128,53,129.76666666666668,0.6168199181556702,-0.956473296618034
TOKYOTECH_s05,128,54,129.8,0.4914085268974304,-0.9825451962634685
TOKYOTECH_s05,128,55,129.83333333333334,0.20842252671718597,-1.0101520310247074
TOKYOTECH_s05,128,56,129.86666666666667,-0.1445174664258957,-1.0204236957881119
TOKYOTECH_s05,128,57,129.9,-0.4844123125076294,-0.9880354952373671
TOKYOTECH_s05,128,58,129.93333333333334,-0.7644509077072144,-0.8867633515345162
TOKYOTECH_s05,128,59,129.96666666666667,-0.970466136932373,-0.6961890111800525
TOKYOTECH_s05,128,60,130.0,-1.0177758932113647,-0.41007405691883164
TOKYOTECH_s05,128,61,130.03333333333333,-1.0542666912078857,-0.04412558962432152
TOKYOTECH_s05,128,62,130.06666666666666,-1.1363753080368042,0.3623236552876309
TOKYOTECH_s05,128,63,130.1,-1.077828049659729,0.7549708475007388
TOKYOTECH_s05,128,64,130.13333333333333,-1.0449435710906982,1.0808205998288787
TOKYOTECH_s05,128,65,130.16666666666666,-1.112876296043396,1.303371090041115
TOKYOTECH_s05,128,66,130.2,-1.1479512453079224,1.409258849934421
TOKYOTECH_s05,128,67,130.23333333333332,-1.283424735069275,1.4050255198283137
TOKYOTECH_s05,128,68,130.26666666666668,-1.4278918504714966,1.3079157214455162
TOKYOTECH_s05,128,69,130.3,-1.2930594682693481,1.136598242941348
TOKYOTECH_s05,128,70,130.33333333333334,-0.047671783715486526,0.9065362633970694
TOKYOTECH_s05,128,71,130.36666666666667,1.7899295091629028,0.6312486425059868
TOKYOTECH_s05,128,72,130.4,2.4120891094207764,0.32671108575185204
TOKYOTECH_s05,128,73,130.43333333333334,2.164917230606079,0.014426671334155674
TOKYOTECH_s05,128,74,130.46666666666667,1.8098578453063965,-0.2794873543550976
TOKYOTECH_s05,128,75,130.5,1.3259410858154297,-0.5286892700902849
TOKYOTECH_s05,128,76,130.53333333333333,0.7746527194976807,-0.7122786390641205
TOKYOTECH_s05,128,77,130.56666666666666,0.4438227117061615,-0.819720358062147
TOKYOTECH_s05,128,78,130.6,0.29653286933898926,-0.8538949898394819
TOKYOTECH_s05,128,79,130.63333333333333,0.353361576795578,-0.8314325438653866
TOKYOTECH_s05,128,80,130.66666666666666,0.5987080931663513,-0.7790010733621794
TOKYOTECH_s05,128,81,130.7,0.5616385340690613,-0.7246135970663209
TOKYOTECH_s05,128,82,130.73333333333332,0.3357662260532379,-0.6856102291095163
TOKYOTECH_s05,128,83,130.76666666666668,-0.014751734212040901,-0.6586787127978057
TOKYOTECH_s05,128,84,130.8,-0.39764654636383057,-0.6190476217454377
TOKYOTECH_s05,128,85,130.83333333333334,-0.6746398210525513,-0.532199315752462
TOKYOTECH_s05,128,86,130.86666666666667,-0.9345274567604065,-0.37267251121362843
TOKYOTECH_s05,128,87,130.9,-1.0182032585144043,-0.13866579747134739
TOKYOTECH_s05,128,88,130.93333333333334,-1.069520115852356,0.14556653579472525
TOKYOTECH_s05,128,89,130.96666666666667,-1.0246412754058838,0.43904615032689875
TOKYOTECH_s05,128,90,131.0,-1.0038847923278809,0.6984658565777883
TOKYOTECH_s05,128,91,131.03333333333333,-1.0168676376342773,0.8903125564479866
TOKYOTECH_s05,128,92,131.06666666666666,-1.0091207027435303,0.9970392352617834
TOKYOTECH_s05,128,93,131.1,-1.1099377870559692,1.0176671114623894
TOKYOTECH_s05,128,94,131.13333333333333,-1.166677474975586,0.9645808194283384
TOKYOTECH_s05,128,95,131.16666666666666,-1.3653197288513184,0.8578287315662743
TOKYOTECH_s05,128,96,131.2,-1.396254062652588,0.718160496786893
TOKYOTECH_s05,128,97,131.23333333333332,-0.7321096658706665,0.5607933727713493
TOKYOTECH_s05,128,98,131.26666666666668,0.9867141246795654,0.3925214284508376
TOKYOTECH_s05,128,99,131.3,2.195655584335327,0.21382034247426462
TOKYOTECH_s05,128,100,131.33333333333334,2.097919464111328,0.02472366209991658
TOKYOTECH_s05,128,101,131.36666666666667,1.6486502885818481,-0.16959213010543295
TOKYOTECH_s05,128,102,131.4,1.216522216796875,-0.35787794045094434
TOKYOTECH_s05,128,103,131.43333333333334,0.7093825340270996,-0.5276618262508274
TOKYOTECH_s05,128,104,131.46666666666667,0.19252793490886688,-0.6719578358689212
TOKYOTECH_s05,128,105,131.5,-0.07612176239490509,-0.7917238727030315
TOKYOTECH_s05,128,106,131.53333333333333,0.16960766911506653,-0.8913867336111133
TOKYOTECH_s05,128,107,131.56666666666666,0.46269139647483826,-0.9705420798401633
TOKYOTECH_s05,128,108,131.6,0.5153706073760986,-1.0180145659037272
TOKYOTECH_s05,128,109,131.63333333333333,0.3614290654659271,-1.012848927229539
TOKYOTECH_s05,128,110,131.66666666666666,-0.02616734243929386,-0.931964146011377
TOKYOTECH_s05,128,111,131.7,-0.41316714882850647,-0.7600924035134041
TOKYOTECH_s05,128,112,131.73333333333332,-0.7342378497123718,-0.49727141483029624
TOKYOTECH_s05,128,113,131.76666666666668,-0.9915164113044739,-0.16167267425623333
TOKYOTECH_s05,128,114,131.8,-1.1254583597183228,0.21189118750071345
TOKYOTECH_s05,128,115,131.83333333333334,-1.180951476097107,0.576885252300554
TOKYOTECH_s05,128,116,131.86666666666667,-1.1105432510375977,0.8836479915470137
TOKYOTECH_s05,128,117,131.9,-1.0808199644088745,1.0915190917212367
TOKYOTECH_s05,128,118,131.93333333333334,-1.0756019353866577,1.1808419911817911
TOKYOTECH_s05,128,119,131.96666666666667,-1.075486183166504,1.1585007930694624
TOKYOTECH_s05,128,120,132.0,-1.1236952543258667,1.0529211650193002
TOKYOTECH_s05,128,121,132.03333333333333,-1.301224946975708,0.9004406254063093
TOKYOTECH_s05,128,122,132.06666666666666,-1.2568981647491455,0.7303076603018337
TOKYOTECH_s05,128,123,132.1,-0.5320159196853638,0.5564149989597257
TOKYOTECH_s05,128,124,132.13333333333333,1.331720232963562,0.3792475290278278
TOKYOTECH_s05,128,125,132.16666666666666,2.4019646644592285,0.19482222564791357
TOKYOTECH_s05,128,126,132.2,2.24491548538208,0.003400466979196862
TOKYOTECH_s05,128,127,132.23333333333332,1.7992970943450928,-0.18783131145357052
TOKYOTECH_s05,128,128,132.26666666666668,1.305158019065857,-0.36822538774374164
TOKYOTECH_s05,128,129,132.3,0.7637802958488464,-0.528725024648752
TOKYOTECH_s05,128,130,132.33333333333334,0.35076144337654114,-0.6643948776270063
TOKYOTECH_s05,128,131,132.36666666666667,0.17809368669986725,-0.7739310939085043
TOKYOTECH_s05,128,132,132.4,0.25496649742126465,-0.8581837780982745
TOKYOTECH_s05,128,133,132.43333333333334,0.4962882101535797,-0.9192430850596176
TOKYOTECH_s05,128,134,132.46666666666667,0.6085743308067322,-0.9591958174574289
TOKYOTECH_s05,128,135,132.5,0.31923940777778625,-0.9766881694397856
TOKYOTECH_s05,128,136,132.53333333333333,-0.04758273810148239,-0.9620028728258905
TOKYOTECH_s05,128,137,132.56666666666666,-0.3480839431285858,-0.8949971356436285
TOKYOTECH_s05,128,138,132.6,-0.6776584386825562,-0.7507862509883974
TOKYOTECH_s05,128,139,132.63333333333333,-0.8784645199775696,-0.5132945764881288
TOKYOTECH_s05,128,140,132.66666666666666,-1.0085597038269043,-0.18915491599615336
TOKYOTECH_s05,128,141,132.7,-1.078950047492981,0.1882526028080761
TOKYOTECH_s05,128,142,132.73333333333332,-1.1333566904067993,0.5681600595057982
TOKYOTECH_s05,128,143,132.76666666666668,-1.0976228713989258,0.8992387523901839
TOKYOTECH_s05,128,144,132.8,-1.0810070037841797,1.1443294477777175
TOKYOTECH_s05,128,145,132.83333333333334,-1.103704571723938,1.2867210151639723
TOKYOTECH_s05,128,146,132.86666666666667,-1.0922712087631226,1.3276880854851683
TOKYOTECH_s05,128,147,132.9,-1.1557782888412476,1.2794694382544392
TOKYOTECH_s05,128,148,132.93333333333334,-1.355925440788269,1.1583619351798384
TOKYOTECH_s05,128,149,132.96666666666667,-1.2406384944915771,0.9803998376365245
TOKYOTECH_s05,128,150,133.0,0.21038152277469635,0.7598233929172757
TOKYOTECH_s05,128,151,133.03333333333333,1.9944754838943481,0.5094815819620857
TOKYOTECH_s05,128,152,133.06666666666666,2.448651075363159,0.24231420862926345
TOKYOTECH_s05,128,153,133.1,2.1098783016204834,-0.026863841813912152
TOKYOTECH_s05,128,154,133.13333333333333,1.6814545392990112,-0.28049678744108636
TOKYOTECH_s05,128,155,133.16666666666666,1.2297722101211548,-0.4997374020031615
TOKYOTECH_s05,128,156,133.2,0.7899863123893738,-0.6685872609573947
TOKYOTECH_s05,128,157,133.23333333333332,0.4743385314941406,-0.77916487610114
TOKYOTECH_s05,128,158,133.26666666666668,0.3715001046657562,-0.834941379520751
TOKYOTECH_s05,128,159,133.3,0.44845306873321533,-0.8491074492605571
TOKYOTECH_s05,128,160,133.33333333333334,0.5414519906044006,-0.8379725533170357
TOKYOTECH_s05,128,161,133.36666666666667,0.5567855834960938,-0.8128053263112262
TOKYOTECH_s05,128,162,133.4,0.3795854151248932,-0.7751895362480342
TOKYOTECH_s05,128,163,133.43333333333334,0.024793287739157677,-0.7188118886345318
TOKYOTECH_s05,128,164,133.46666666666667,-0.40804705023765564,-0.6355247343727138
TOKYOTECH_s05,128,165,133.5,-0.6587452292442322,-0.520483237237195
TOKYOTECH_s05,128,166,133.53333333333333,-0.8709757924079895,-0.3734760141100389
TOKYOTECH_s05,128,167,133.56666666666666,-1.0342403650283813,-0.19796095852070494
TOKYOTECH_s05,128,168,133.6,-1.0289956331253052,-0.0008328952303878678
TOKYOTECH_s05,128,169,133.63333333333333,-1.0064404010772705,0.2064098778704727
TOKYOTECH_s05,128,170,133.66666666666666,-1.0218274593353271,0.40790102634707914
TOKYOTECH_s05,128,171,133.7,-1.0579264163970947,0.5876654459903208
TOKYOTECH_s05,128,172,133.73333333333332,-1.061141014099121,0.7355108014447894
TOKYOTECH_s05,128,173,133.76666666666668,-1.046679973602295,0.8487460154862855
TOKYOTECH_s05,128,174,133.8,-1.1364643573760986,0.9274196877429245
TOKYOTECH_s05,128,175,133.83333333333334,-1.3184819221496582,0.9670482306231507
TOKYOTECH_s05,128,176,133.86666666666667,-1.3913832902908325,0.9552047764712945
TOKYOTECH_s05,128,177,133.9,-1.0711764097213745,0.8756557940289231
TOKYOTECH_s05,128,178,133.93333333333334,0.47411590814590454,0.7185167647222032
TOKYOTECH_s05,128,179,133.96666666666667,2.111926317214966,0.49034561283852146
TOKYOTECH_s05,128,180,134.0,2.3549487590789795,0.2170060624600227
TOKYOTECH_s05,128,181,134.03333333333333,1.9399975538253784,-0.06397524627697293
TOKYOTECH_s05,128,182,134.06666666666666,1.4275418519973755,-0.3176799802845707
TOKYOTECH_s05,128,183,134.1,0.9604724645614624,-0.5241180033687629
TOKYOTECH_s05,128,184,134.13333333333333,0.5023610591888428,-0.6819010353542477
TOKYOTECH_s05,128,185,134.16666666666666,0.20806634426116943,-0.8025876320694234
TOKYOTECH_s05,128,186,134.2,0.2520280182361603,-0.900106239922867
TOKYOTECH_s05,128,187,134.23333333333332,0.5233490467071533,-0.9811048266062908
TOKYOTECH_s05,128,188,134.26666666666668,0.678804337978363,-1.039992600210147
TOKYOTECH_s05,128,189,134.3,0.5210872888565063,-1.0592082883696832
TOKYOTECH_s05,128,190,134.33333333333334,0.1842021942138672,-1.013434212065126
TOKYOTECH_s05,128,191,134.36666666666667,-0.11497222632169724,-0.8767970636062524
TOKYOTECH_s05,128,192,134.4,-0.3955094814300537,-0.6330392933211505
TOKYOTECH_s05,128,193,134.43333333333334,-0.6802496314048767,-0.2870227629928628
TOKYOTECH_s05,128,194,134.46666666666667,-0.8964249491691589,0.12840703192922384
TOKYOTECH_s05,128,195,134.5,-0.9556667804718018,0.5569551753939742
TOKYOTECH_s05,128,196,134.53333333333333,-0.9338417649269104,0.9348397527359895
TOKYOTECH_s05,128,197,134.56666666666666,-1.0356383323669434,1.2101534579098878
TOKYOTECH_s05,128,198,134.6,-1.0145435333251953,1.3559595443365193
TOKYOTECH_s05,128,199,134.63333333333333,-0.9541886448860168,1.372276651888846
TOKYOTECH_s05,128,200,134.66666666666666,-1.0474724769592285,1.27877873965182
TOKYOTECH_s05,128,201,134.7,-1.186392068862915,1.104153797734599
TOKYOTECH_s05,128,202,134.73333333333332,-1.1952966451644897,0.8776354994964527
TOKYOTECH_s05,128,203,134.76666666666668,-0.7253689169883728,0.624874596033307
TOKYOTECH_s05,128,204,134.8,0.8292553424835205,0.3670956725811765
TOKYOTECH_s05,128,205,134.83333333333334,2.099210500717163,0.1212184023371282
TOKYOTECH_s05,128,206,134.86666666666667,2.104081392288208,-0.10052413502943364
TOKYOTECH_s05,128,207,134.9,1.614875316619873,-0.29123293202383355
TOKYOTECH_s05,128,208,134.93333333333334,1.0558934211730957,-0.449122297525181
TOKYOTECH_s05,128,209,134.96666666666667,0.4954066574573517,-0.5760988801532901
TOKYOTECH_s05,128,210,135.0,0.033403970301151276,-0.676487695518417
TOKYOTECH_s05,128,211,135.03333333333333,-0.14180158078670502,-0.7570563302048675
TOKYOTECH_s05,128,212,135.06666666666666,0.05534473434090614,-0.826602289457046
TOKYOTECH_s05,128,213,135.1,0.36863285303115845,-0.8919556914856512
TOKYOTECH_s05,128,214,135.13333333333333,0.41465145349502563,-0.95059357603376
TOKYOTECH_s05,128,215,135.16666666666666,0.24372898042201996,-0.9850152709826215
TOKYOTECH_s05,128,216,135.2,0.01689496822655201,-0.9652963445337701
TOKYOTECH_s05,128,217,135.23333333333332,-0.28243082761764526,-0.8616393488590797
TOKYOTECH_s05,128,218,135.26666666666668,-0.6296897530555725,-0.6608037167195103
TOKYOTECH_s05,128,219,135.3,-0.8881882429122925,-0.37600448792849517
TOKYOTECH_s05,128,220,135.33333333333334,-0.9629685282707214,-0.04389566774968078
TOKYOTECH_s05,128,221,135.36666666666667,-1.1370699405670166,0.28896536311278714
TOKYOTECH_s05,128,222,135.4,-1.1215314865112305,0.5813379889782853
TOKYOTECH_s05,128,223,135.43333333333334,-1.0797425508499146,0.8058426817392601
TOKYOTECH_s05,128,224,135.46666666666667,-1.108530879020691,0.949103696472612
TOKYOTECH_s05,128,225,135.5,-1.0877654552459717,1.0077617929730092
TOKYOTECH_s05,128,226,135.53333333333333,-1.0893861055374146,0.9846241068525722
TOKYOTECH_s05,128,227,135.56666666666666,-1.199846863746643,0.8860550633948738
TOKYOTECH_s05,128,228,135.6,-0.799953281879425,0.7203219828995833
TOKYOTECH_s05,128,229,135.63333333333333,0.8062015175819397,0.49712902277572674
TOKYOTECH_s05,128,230,135.66666666666666,2.2519233226776123,0.22888125608299975
TOKYOTECH_s05,128,231,135.7,2.452827215194702,-0.06652958760349316
TOKYOTECH_s05,128,232,135.73333333333332,2.131934642791748,-0.36300952078690685
TOKYOTECH_s05,128,233,135.76666666666668,1.7452644109725952,-0.6260939704178663
TOKYOTECH_s05,128,234,135.8,1.357356309890747,-0.8171957255828886
TOKYOTECH_s05,128,235,135.83333333333334,0.8993250727653503,-0.9020040959681634
TOKYOTECH_s05,128,236,135.86666666666667,0.5398224592208862,-0.8601787140848882
TOKYOTECH_s05,128,237,135.9,0.5088791847229004,-0.6923209011245632
TOKYOTECH_s05,128,238,135.93333333333334,0.6831230521202087,-0.4215155880009116
TOKYOTECH_s05,128,239,135.96666666666667,0.8005560040473938,-0.08932739890760145
TOKYOTECH_s05,129,0,129.0,-0.25710636377334595,0.0761074125262813
TOKYOTECH_s05,129,1,129.03333333333333,-0.5982834696769714,-1.3605646866067105
TOKYOTECH_s05,129,2,129.06666666666666,-0.8946707844734192,-2.515494717909414
TOKYOTECH_s05,129,3,129.1,-1.0747026205062866,-3.1851889316263287
TOKYOTECH_s05,129,4,129.13333333333333,-1.217655897140503,-3.2994554181646407
TOKYOTECH_s05,129,5,129.16666666666666,-1.237806797027588,-2.9274843598421425
TOKYOTECH_s05,129,6,129.2,-1.1986268758773804,-2.237383060690665
TOKYOTECH_s05,129,7,129.23333333333332,-1.1545138359069824,-1.432380781546241
TOKYOTECH_s05,129,8,129.26666666666668,-1.143276333808899,-0.6913889702025321
TOKYOTECH_s05,129,9,129.3,-1.1674789190292358,-0.1311307482326489
TOKYOTECH_s05,129,10,129.33333333333334,-1.2251179218292236,0.2053050771251794
TOKYOTECH_s05,129,11,129.36666666666667,-1.3447859287261963,0.33740175250668997
TOKYOTECH_s05,129,12,129.4,-1.1131701469421387,0.32257825085421077
TOKYOTECH_s05,129,13,129.43333333333334,0.3387136161327362,0.2285675995831495
TOKYOTECH_s05,129,14,129.46666666666667,2.052541971206665,0.11209398393898297
TOKYOTECH_s05,129,15,129.5,2.4488470554351807,0.00912139731291891
TOKYOTECH_s05,129,16,129.53333333333333,2.0640199184417725,-0.06376043076743508
TOKYOTECH_s05,129,17,129.56666666666666,1.5737541913986206,-0.10204759048904455
TOKYOTECH_s05,129,18,129.6,1.1817946434020996,-0.10676158024532331
TOKYOTECH_s05,129,19,129.63333333333333,0.7889267206192017,-0.08257539583214836
TOKYOTECH_s05,129,20,129.66666666666666,0.3547684848308563,-0.03959936153672884
TOKYOTECH_s05,129,21,129.7,0.3020358681678772,0.005577553437719821
TOKYOTECH_s05,129,22,129.73333333333332,0.4521840512752533,0.033051029886430355
TOKYOTECH_s05,129,23,129.76666666666668,0.6168199181556702,0.026559586967144857
TOKYOTECH_s05,129,24,129.8,0.4914085268974304,-0.019484968288457815
TOKYOTECH_s05,129,25,129.83333333333334,0.20842252671718597,-0.09661865236541829
TOKYOTECH_s05,129,26,129.86666666666667,-0.1445174664258957,-0.18315211479435525
TOKYOTECH_s05,129,27,129.9,-0.4844123125076294,-0.2474456716856631
TOKYOTECH_s05,129,28,129.93333333333334,-0.7644509077072144,-0.2532062062043974
TOKYOTECH_s05,129,29,129.96666666666667,-0.970466136932373,-0.16833541228160004
TOKYOTECH_s05,129,30,130.0,-1.0177758932113647,0.02257210463501158
TOKYOTECH_s05,129,31,130.03333333333333,-1.0542666912078857,0.30653681075704076
TOKYOTECH_s05,129,32,130.06666666666666,-1.1363753080368042,0.6394538125490381
TOKYOTECH_s05,129,33,130.1,-1.077828049659729,0.9577652917626672
TOKYOTECH_s05,129,34,130.13333333333333,-1.0449435710906982,1.2003314644204688
TOKYOTECH_s05,129,35,130.16666666666666,-1.112876296043396,1.3284051646530222
TOKYOTECH_s05,129,36,130.2,-1.1479512453079224,1.3334579925975347
TOKYOTECH_s05,129,37,130.23333333333332,-1.283424735069275,1.2312293719109157
TOKYOTECH_s05,129,38,130.26666666666668,-1.4278918504714966,1.0481709762576332
TOKYOTECH_s05,129,39,130.3,-1.2930594682693481,0.8091090426329445
TOKYOTECH_s05,129,40,130.33333333333334,-0.047671783715486526,0.5320814940525816
TOKYOTECH_s05,129,41,130.36666666666667,1.7899295091629028,0.23067148086582695
TOKYOTECH_s05,129,42,130.4,2.4120891094207764,-0.0804348936235618
TOKYOTECH_s05,129,43,130.43333333333334,2.164917230606079,-0.3819113892028846
TOKYOTECH_s05,129,44,130.46666666666667,1.8098578453063965,-0.6508008722542544
TOKYOTECH_s05,129,45,130.5,1.3259410858154297,-0.8649661300055091
TOKYOTECH_s05,129,46,130.53333333333333,0.7746527194976807,-1.0082319027828361
TOKYOTECH_s05,129,47,130.56666666666666,0.4438227117061615,-1.0741328756738517
TOKYOTECH_s05,129,48,130.6,0.29653286933898926,-1.0676962031482289
TOKYOTECH_s05,129,49,130.63333333333333,0.353361576795578,-1.0052815712927268
TOKYOTECH_s05,129,50,130.66666666666666,0.5987080931663513,-0.9116834574392825
TOKYOTECH_s05,129,51,130.7,0.5616385340690613,-0.8132478221353258
TOKYOTECH_s05,129,52,130.73333333333332,0.3357662260532379,-0.7275328052062966
TOKYOTECH_s05,129,53,130.76666666666668,-0.014751734212040901,-0.653726328084901
TOKYOTECH_s05,129,54,130.8,-0.39764654636383057,-0.5707956734867434
TOKYOTECH_s05,129,55,130.83333333333334,-0.6746398210525513,-0.4476732982200727
TOKYOTECH_s05,129,56,130.86666666666667,-0.9345274567604065,-0.26123681454497916
TOKYOTECH_s05,129,57,130.9,-1.0182032585144043,-0.011234257224065009
TOKYOTECH_s05,129,58,130.93333333333334,-1.069520115852356,0.27650112269697064
TOKYOTECH_s05,129,59,130.96666666666667,-1.0246412754058838,0.5592296743354622
TOKYOTECH_s05,129,60,131.0,-1.0038847923278809,0.7928308085296291
TOKYOTECH_s05,129,61,131.03333333333333,-1.0168676376342773,0.9457991663470858
TOKYOTECH_s05,129,62,131.06666666666666,-1.0091207027435303,1.0066333600997943
TOKYOTECH_s05,129,63,131.1,-1.1099377870559692,0.9837389997444562
TOKYOTECH_s05,129,64,131.13333333333333,-1.166677474975586,0.8995106635686386
TOKYOTECH_s05,129,65,131.16666666666666,-1.3653197288513184,0.7811093826521495
TOKYOTECH_s05,129,66,131.2,-1.396254062652588,0.650873867910493
TOKYOTECH_s05,129,67,131.23333333333332,-0.7321096658706665,0.519615707310581
TOKYOTECH_s05,129,68,131.26666666666668,0.9867141246795654,0.3856611253342878
TOKYOTECH_s05,129,69,131.3,2.195655584335327,0.24045194877816178
TOKYOTECH_s05,129,70,131.33333333333334,2.097919464111328,0.07791568744697909
TOKYOTECH_s05,129,71,131.36666666666667,1.6486502885818481,-0.09809737279094873
TOKYOTECH_s05,129,72,131.4,1.216522216796875,-0.2736348253411348
TOKYOTECH_s05,129,73,131.43333333333334,0.7093825340270996,-0.4324757832328654
TOKYOTECH_s05,129,74,131.46666666666667,0.19252793490886688,-0.566261211281141
TOKYOTECH_s05,129,75,131.5,-0.07612176239490509,-0.6785751976275555
TOKYOTECH_s05,129,76,131.53333333333333,0.16960766911506653,-0.7791999633340653
TOKYOTECH_s05,129,77,131.56666666666666,0.46269139647483826,-0.8725042269332564
TOKYOTECH_s05,129,78,131.6,0.5153706073760986,-0.9483669146567953
TOKYOTECH_s05,129,79,131.63333333333333,0.3614290654659271,-0.9821898030154318
TOKYOTECH_s05,129,80,131.66666666666666,-0.02616734243929386,-0.944004318909882
TOKYOTECH_s05,129,81,131.7,-0.41316714882850647,-0.8109827013755005
TOKYOTECH_s05,129,82,131.73333333333332,-0.7342378497123718,-0.5771790172342205
TOKYOTECH_s05,129,83,131.76666666666668,-0.9915164113044739,-0.2575986234113159
TOKYOTECH_s05,129,84,131.8,-1.1254583597183228,0.11316874032780935
TOKYOTECH_s05,129,85,131.83333333333334,-1.180951476097107,0.48660754314783994
TOKYOTECH_s05,129,86,131.86666666666667,-1.1105432510375977,0.809849933913393
TOKYOTECH_s05,129,87,131.9,-1.0808199644088745,1.0383758255995506
TOKYOTECH_s05,129,88,131.93333333333334,-1.0756019353866577,1.1481394351360708
TOKYOTECH_s05,129,89,131.96666666666667,-1.075486183166504,1.1413712390130402
TOKYOTECH_s05,129,90,132.0,-1.1236952543258667,1.042551373021014
TOKYOTECH_s05,129,91,132.03333333333333,-1.301224946975708,0.8863533037662272
TOKYOTECH_s05,129,92,132.06666666666666,-1.2568981647491455,0.7039384144777279
TOKYOTECH_s05,129,93,132.1,-0.5320159196853638,0.5146884851164483
TOKYOTECH_s05,129,94,132.13333333333333,1.331720232963562,0.3265886079911794
TOKYOTECH_s05,129,95,132.16666666666666,2.4019646644592285,0.14271955530563601
TOKYOTECH_s05,129,96,132.2,2.24491548538208,-0.03233901005181356
TOKYOTECH_s05,129,97,132.23333333333332,1.7992970943450928,-0.191305530663514
TOKYOTECH_s05,129,98,132.26666666666668,1.305158019065857,-0.32813406905237796
TOKYOTECH_s05,129,99,132.3,0.7637802958488464,-0.44249851104087434
TOKYOTECH_s05,129,100,132.33333333333334,0.35076144337654114,-0.5404041637503426
TOKYOTECH_s05,129,101,132.36666666666667,0.17809368669986725,-0.6303870969112887
TOKYOTECH_s05,129,102,132.4,0.25496649742126465,-0.7184936761388551
TOKYOTECH_s05,129,103,132.43333333333334,0.4962882101535797,-0.8054513762566341
TOKYOTECH_s05,129,104,132.46666666666667,0.6085743308067322,-0.8860334888525159
TOKYOTECH_s05,129,105,132.5,0.31923940777778625,-0.9481419704848246
TOKYOTECH_s05,129,106,132.53333333333333,-0.04758273810148239,-0.9711332715120583
TOKYOTECH_s05,129,107,132.56666666666666,-0.3480839431285858,-0.926692119557241
TOKYOTECH_s05,129,108,132.6,-0.6776584386825562,-0.7862624352692156
TOKYOTECH_s05,129,109,132.63333333333333,-0.8784645199775696,-0.5347108183472177
TOKYOTECH_s05,129,110,132.66666666666666,-1.0085597038269043,-0.18315220674657365
TOKYOTECH_s05,129,111,132.7,-1.078950047492981,0.22827913374458492
TOKYOTECH_s05,129,112,132.73333333333332,-1.1333566904067993,0.6407037202186044
TOKYOTECH_s05,129,113,132.76666666666668,-1.0976228713989258,0.9940861468742442
TOKYOTECH_s05,129,114,132.8,-1.0810070037841797,1.2429643205428291
TOKYOTECH_s05,129,115,132.83333333333334,-1.103704571723938,1.3641379650642051
TOKYOTECH_s05,129,116,132.86666666666667,-1.0922712087631226,1.356024598510977
TOKYOTECH_s05,129,117,132.9,-1.1557782888412476,1.2336019236022127
TOKYOTECH_s05,129,118,132.93333333333334,-1.355925440788269,1.0228396416370227
TOKYOTECH_s05,129,119,132.96666666666667,-1.2406384944915771,0.7559037355425503
TOKYOTECH_s05,129,120,133.0,0.21038152277469635,0.4664001721762545
TOKYOTECH_s05,129,121,133.03333333333333,1.9944754838943481,0.1841654806161731
TOKYOTECH_s05,129,122,133.06666666666666,2.448651075363159,-0.06903006504669129
TOKYOTECH_s05,129,123,133.1,2.1098783016204834,-0.28071131251829334
TOKYOTECH_s05,129,124,133.13333333333333,1.6814545392990112,-0.4456221668172584
TOKYOTECH_s05,129,125,133.16666666666666,1.2297722101211548,-0.5626687282653102
TOKYOTECH_s05,129,126,133.2,0.7899863123893738,-0.6335942967777617
TOKYOTECH_s05,129,127,133.23333333333332,0.4743385314941406,-0.6640333646007116
TOKYOTECH_s05,129,128,133.26666666666668,0.3715001046657562,-0.6648381536219669
TOKYOTECH_s05,129,129,133.3,0.44845306873321533,-0.6506367151719111
TOKYOTECH_s05,129,130,133.33333333333334,0.5414519906044006,-0.634671151357376
TOKYOTECH_s05,129,131,133.36666666666667,0.5567855834960938,-0.6224321695787066
TOKYOTECH_s05,129,132,133.4,0.3795854151248932,-0.608534340106136
TOKYOTECH_s05,129,133,133.43333333333334,0.024793287739157677,-0.5795840073559276
TOKYOTECH_s05,129,134,133.46666666666667,-0.40804705023765564,-0.5212098792075279
TOKYOTECH_s05,129,135,133.5,-0.6587452292442322,-0.42437652761059236
TOKYOTECH_s05,129,136,133.53333333333333,-0.8709757924079895,-0.2877906773194267
TOKYOTECH_s05,129,137,133.56666666666666,-1.0342403650283813,-0.11720443783075613
TOKYOTECH_s05,129,138,133.6,-1.0289956331253052,0.07560024916222105
TOKYOTECH_s05,129,139,133.63333333333333,-1.0064404010772705,0.27309420094160936
TOKYOTECH_s05,129,140,133.66666666666666,-1.0218274593353271,0.4539640538929268
TOKYOTECH_s05,129,141,133.7,-1.0579264163970947,0.5992059955471493
TOKYOTECH_s05,129,142,133.73333333333332,-1.061141014099121,0.6995949585286723
TOKYOTECH_s05,129,143,133.76666666666668,-1.046679973602295,0.7579774203143326
TOKYOTECH_s05,129,144,133.8,-1.1364643573760986,0.7833791194999095
TOKYOTECH_s05,129,145,133.83333333333334,-1.3184819221496582,0.78105185578896
TOKYOTECH_s05,129,146,133.86666666666667,-1.3913832902908325,0.7462379914797037
TOKYOTECH_s05,129,147,133.9,-1.0711764097213745,0.666959746875273
TOKYOTECH_s05,129,148,133.93333333333334,0.47411590814590454,0.5344551095223885
TOKYOTECH_s05,129,149,133.96666666666667,2.111926317214966,0.35384360397446324
TOKYOTECH_s05,129,150,134.0,2.3549487590789795,0.14672847822730428
TOKYOTECH_s05,129,151,134.03333333333333,1.9399975538253784,-0.057286309655111396
TOKYOTECH_s05,129,152,134.06666666666666,1.4275418519973755,-0.23498124136218868
TOKYOTECH_s05,129,153,134.1,0.9604724645614624,-0.3800229938259074
TOKYOTECH_s05,129,154,134.13333333333333,0.5023610591888428,-0.5028763030213633
TOKYOTECH_s05,129,155,134.16666666666666,0.20806634426116943,-0.6209349808221409
TOKYOTECH_s05,129,156,134.2,0.2520280182361603,-0.7455223302770277
TOKYOTECH_s05,129,157,134.23333333333332,0.5233490467071533,-0.8730913684800228
TOKYOTECH_s05,129,158,134.26666666666668,0.678804337978363,-0.9838947413882726
TOKYOTECH_s05,129,159,134.3,0.5210872888565063,-1.0466946730721338
TOKYOTECH_s05,129,160,134.33333333333334,0.1842021942138672,-1.0265406733039533
TOKYOTECH_s05,129,161,134.36666666666667,-0.11497222632169724,-0.8940035182333835
TOKYOTECH_s05,129,162,134.4,-0.3955094814300537,-0.6356746781346302
TOKYOTECH_s05,129,163,134.43333333333334,-0.6802496314048767,-0.26430637397697315
TOKYOTECH_s05,129,164,134.46666666666667,-0.8964249491691589,0.17685505135110768
TOKYOTECH_s05,129,165,134.5,-0.9556667804718018,0.6214033464138097
TOKYOTECH_s05,129,166,134.53333333333333,-0.9338417649269104,0.998168268395252
TOKYOTECH_s05,129,167,134.56666666666666,-1.0356383323669434,1.252375486644033
TOKYOTECH_s05,129,168,134.6,-1.0145435333251953,1.3595505007815225
TOKYOTECH_s05,129,169,134.63333333333333,-0.9541886448860168,1.3268461536021205
TOKYOTECH_s05,129,170,134.66666666666666,-1.0474724769592285,1.183555841649507
TOKYOTECH_s05,129,171,134.7,-1.186392068862915,0.9674326153040113
TOKYOTECH_s05,129,172,134.73333333333332,-1.1952966451644897,0.7135121041957168
TOKYOTECH_s05,129,173,134.76666666666668,-0.7253689169883728,0.44869857249491063
TOKYOTECH_s05,129,174,134.8,0.8292553424835205,0.19146427897971063
TOKYOTECH_s05,129,175,134.83333333333334,2.099210500717163,-0.04612811430798532
TOKYOTECH_s05,129,176,134.86666666666667,2.104081392288208,-0.2565670124378945
TOKYOTECH_s05,129,177,134.9,1.614875316619873,-0.4359377827084749
TOKYOTECH_s05,129,178,134.93333333333334,1.0558934211730957,-0.5831743013708223
TOKYOTECH_s05,129,179,134.96666666666667,0.4954066574573517,-0.6990198665379966
TOKYOTECH_s05,129,180,135.0,0.033403970301151276,-0.7856101055372906
TOKYOTECH_s05,129,181,135.03333333333333,-0.14180158078670502,-0.847411865584098
TOKYOTECH_s05,129,182,135.06666666666666,0.05534473434090614,-0.8914854359678253
TOKYOTECH_s05,129,183,135.1,0.36863285303115845,-0.9238455901857379
TOKYOTECH_s05,129,184,135.13333333333333,0.41465145349502563,-0.942300622922377
TOKYOTECH_s05,129,185,135.16666666666666,0.24372898042201996,-0.9310499833813299
TOKYOTECH_s05,129,186,135.2,0.01689496822655201,-0.8631732434803231
TOKYOTECH_s05,129,187,135.23333333333332,-0.28243082761764526,-0.7124679833641829
TOKYOTECH_s05,129,188,135.26666666666668,-0.6296897530555725,-0.4688077474770649
TOKYOTECH_s05,129,189,135.3,-0.8881882429122925,-0.14739570654063208
TOKYOTECH_s05,129,190,135.33333333333334,-0.9629685282707214,0.21411822368927477
TOKYOTECH_s05,129,191,135.36666666666667,-1.1370699405670166,0.5686279575630858
TOKYOTECH_s05,129,192,135.4,-1.1215314865112305,0.8743297420418713
TOKYOTECH_s05,129,193,135.43333333333334,-1.0797425508499146,1.103091531001653
TOKYOTECH_s05,129,194,135.46666666666667,-1.108530879020691,1.2407317315752866
TOKYOTECH_s05,129,195,135.5,-1.0877654552459717,1.2834846803348188
TOKYOTECH_s05,129,196,135.53333333333333,-1.0893861055374146,1.2348842064002006
TOKYOTECH_s05,129,197,135.56666666666666,-1.199846863746643,1.1040118795319618
TOKYOTECH_s05,129,198,135.6,-0.799953281879425,0.904484323940866
TOKYOTECH_s05,129,199,135.63333333333333,0.8062015175819397,0.6538459795331476
TOKYOTECH_s05,129,200,135.66666666666666,2.2519233226776123,0.3732216048774971
TOKYOTECH_s05,129,201,135.7,2.452827215194702,0.0866872534557167
TOKYOTECH_s05,129,202,135.73333333333332,2.131934642791748,-0.18060183736065022
TOKYOTECH_s05,129,203,135.76666666666668,1.7452644109725952,-0.40627715145304844
TOKYOTECH_s05,129,204,135.8,1.357356309890747,-0.5762190062580347
TOKYOTECH_s05,129,205,135.83333333333334,0.8993250727653503,-0.6895044474177214
TOKYOTECH_s05,129,206,135.86666666666667,0.5398224592208862,-0.7595337006878324
TOKYOTECH_s05,129,207,135.9,0.5088791847229004,-0.8088444315571004
TOKYOTECH_s05,129,208,135.93333333333334,0.6831230521202087,-0.8583582109480863
TOKYOTECH_s05,129,209,135.96666666666667,0.8005560040473938,-0.9156189745507828
TOKYOTECH_s05,129,210,136.0,0.6395353674888611,-0.96827634913462
TOKYOTECH_s05,129,211,136.03333333333333,0.26908910274505615,-0.9868535718718885
TOKYOTECH_s05,129,212,136.06666666666666,-0.034760214388370514,-0.9355694511408088
TOKYOTECH_s05,129,213,136.1,-0.2851021885871887,-0.7858888008275441
TOKYOTECH_s05,129,214,136.13333333333333,-0.6012397408485413,-0.5276564345553686
TOKYOTECH_s05,129,215,136.16666666666666,-0.8530865907669067,-0.17505205649630606
TOKYOTECH_s05,129,216,136.2,-0.8286970853805542,0.2339180277360138
TOKYOTECH_s05,129,217,136.23333333333332,-0.8890163898468018,0.6448000714706369
TOKYOTECH_s05,129,218,136.26666666666668,-0.9417846202850342,0.9996416410696356
TOKYOTECH_s05,129,219,136.3,-0.8780370950698853,1.2519179293441165
TOKYOTECH_s05,129,220,136.33333333333334,-0.9716058969497681,1.3782771162009722
TOKYOTECH_s05,129,221,136.36666666666667,-0.9435744285583496,1.382328301935827
TOKYOTECH_s05,129,222,136.4,-1.0038046836853027,1.2885657433181497
TOKYOTECH_s05,129,223,136.43333333333334,-1.1754217147827148,1.1292702700674562
TOKYOTECH_s05,129,224,136.46666666666667,-0.9878299832344055,0.9315028180122945
TOKYOTECH_s05,129,225,136.5,0.26260659098625183,0.7111481595000299
TOKYOTECH_s05,129,226,136.53333333333333,1.9357056617736816,0.4752406659972881
TOKYOTECH_s05,129,227,136.56666666666666,2.4501559734344482,0.22761165291525387
TOKYOTECH_s05,129,228,136.6,2.207676649093628,-0.028134352252184826
TOKYOTECH_s05,129,229,136.63333333333333,1.8722697496414185,-0.2899715597640043
TOKYOTECH_s05,129,230,136.66666666666666,1.483195185661316,-0.559144256716973
TOKYOTECH_s05,129,231,136.7,1.122917890548706,-0.836739802266237
TOKYOTECH_s05,129,232,136.73333333333332,0.7646618485450745,-1.1145442529581258
TOKYOTECH_s05,129,233,136.76666666666668,0.5781920552253723,-1.3661358145099431
TOKYOTECH_s05,129,234,136.8,0.6783502101898193,-1.5462480766671263
TOKYOTECH_s05,129,235,136.83333333333334,0.7222139239311218,-1.6022026000291747
TOKYOTECH_s05,129,236,136.86666666666667,0.5879068970680237,-1.4934218424930124
TOKYOTECH_s05,129,237,136.9,0.34047672152519226,-1.2095250377986468
TOKYOTECH_s05,129,238,136.93333333333334,0.08749008923768997,-0.778444865078313
TOKYOTECH_s05,129,239,136.96666666666667,-0.1821034848690033,-0.26174712528444255
TOKYOTECH_s05,130,0,130.0,-1.0177758932113647,0.10778041505909958
TOKYOTECH_s05,130,1,130.03333333333333,-1.0542666912078857,-0.8216913196626421
TOKYOTECH_s05,130,2,130.06666666666666,-1.1363753080368042,-1.595783022353826
TOKYOTECH_s05,130,3,130.1,-1.077828049659729,-2.0980176573283265
TOKYOTECH_s05,130,4,130.13333333333333,-1.0449435710906982,-2.282864016428906
TOKYOTECH_s05,130,5,130.16666666666666,-1.112876296043396,-2.1809323130213696
TOKYOTECH_s05,130,6,130.2,-1.1479512453079224,-1.879331442026988
TOKYOTECH_s05,130,7,130.23333333333332,-1.283424735069275,-1.4886198936405917
TOKYOTECH_s05,130,8,130.26666666666668,-1.4278918504714966,-1.1107832464229002
TOKYOTECH_s05,130,9,130.3,-1.2930594682693481,-0.8173124729535697
TOKYOTECH_s05,130,10,130.33333333333334,-0.047671783715486526,-0.6398610446645
TOKYOTECH_s05,130,11,130.36666666666667,1.7899295091629028,-0.5720327052758302
TOKYOTECH_s05,130,12,130.4,2.4120891094207764,-0.5797427047614793
TOKYOTECH_s05,130,13,130.43333333333334,2.164917230606079,-0.6168789064207463
TOKYOTECH_s05,130,14,130.46666666666667,1.8098578453063965,-0.6411989799994953
TOKYOTECH_s05,130,15,130.5,1.3259410858154297,-0.6249979937897561
TOKYOTECH_s05,130,16,130.53333333333333,0.7746527194976807,-0.5582111711167627
TOKYOTECH_s05,130,17,130.56666666666666,0.4438227117061615,-0.44585919062481205
TOKYOTECH_s05,130,18,130.6,0.29653286933898926,-0.30353302703539903
TOKYOTECH_s05,130,19,130.63333333333333,0.353361576795578,-0.15314000941034853
TOKYOTECH_s05,130,20,130.66666666666666,0.5987080931663513,-0.01819876455485984
TOKYOTECH_s05,130,21,130.7,0.5616385340690613,0.08316846776698827
TOKYOTECH_s05,130,22,130.73333333333332,0.3357662260532379,0.1469741968235778
TOKYOTECH_s05,130,23,130.76666666666668,-0.014751734212040901,0.1893268893154343
TOKYOTECH_s05,130,24,130.8,-0.39764654636383057,0.24357565187682859
TOKYOTECH_s05,130,25,130.83333333333334,-0.6746398210525513,0.34646572070218207
TOKYOTECH_s05,130,26,130.86666666666667,-0.9345274567604065,0.5191549741482994
TOKYOTECH_s05,130,27,130.9,-1.0182032585144043,0.7539918390483249
TOKYOTECH_s05,130,28,130.93333333333334,-1.069520115852356,1.0146487184519684
TOKYOTECH_s05,130,29,130.96666666666667,-1.0246412754058838,1.2489453058010078
TOKYOTECH_s05,130,30,131.0,-1.0038847923278809,1.4072076136614178
TOKYOTECH_s05,130,31,131.03333333333333,-1.0168676376342773,1.457657834469182
TOKYOTECH_s05,130,32,131.06666666666666,-1.0091207027435303,1.3936479811023308
TOKYOTECH_s05,130,33,131.1,-1.1099377870559692,1.2322242719310093
TOKYOTECH_s05,130,34,131.13333333333333,-1.166677474975586,1.0063779562389434
TOKYOTECH_s05,130,35,131.16666666666666,-1.3653197288513184,0.7541396207894855
TOKYOTECH_s05,130,36,131.2,-1.396254062652588,0.5076516705580097
TOKYOTECH_s05,130,37,131.23333333333332,-0.7321096658706665,0.28528849577577226
TOKYOTECH_s05,130,38,131.26666666666668,0.9867141246795654,0.08957659556113176
TOKYOTECH_s05,130,39,131.3,2.195655584335327,-0.08808404162627774
TOKYOTECH_s05,130,40,131.33333333333334,2.097919464111328,-0.2583458236151425
TOKYOTECH_s05,130,41,131.36666666666667,1.6486502885818481,-0.42586764344584477
TOKYOTECH_s05,130,42,131.4,1.216522216796875,-0.5874108530396656
TOKYOTECH_s05,130,43,131.43333333333334,0.7093825340270996,-0.7369023194144048
TOKYOTECH_s05,130,44,131.46666666666667,0.19252793490886688,-0.8723189298761791
TOKYOTECH_s05,130,45,131.5,-0.07612176239490509,-0.9971565321278419
TOKYOTECH_s05,130,46,131.53333333333333,0.16960766911506653,-1.114016828292327
TOKYOTECH_s05,130,47,131.56666666666666,0.46269139647483826,-1.2150242782378193
TOKYOTECH_s05,130,48,131.6,0.5153706073760986,-1.2769506456346307
TOKYOTECH_s05,130,49,131.63333333333333,0.3614290654659271,-1.2659428729065183
TOKYOTECH_s05,130,50,131.66666666666666,-0.02616734243929386,-1.1500571727267082
TOKYOTECH_s05,130,51,131.7,-0.41316714882850647,-0.9129366446021338
TOKYOTECH_s05,130,52,131.73333333333332,-0.7342378497123718,-0.5625984510293955
TOKYOTECH_s05,130,53,131.76666666666668,-0.9915164113044739,-0.13303740565739264
TOKYOTECH_s05,130,54,131.8,-1.1254583597183228,0.32088710227824474
TOKYOTECH_s05,130,55,131.83333333333334,-1.180951476097107,0.7339422461675641
TOKYOTECH_s05,130,56,131.86666666666667,-1.1105432510375977,1.0448115982058397
TOKYOTECH_s05,130,57,131.9,-1.0808199644088745,1.2115429197133623
TOKYOTECH_s05,130,58,131.93333333333334,-1.0756019353866577,1.2235149864146269
TOKYOTECH_s05,130,59,131.96666666666667,-1.075486183166504,1.1044651629527444
TOKYOTECH_s05,130,60,132.0,-1.1236952543258667,0.9036016358433475
TOKYOTECH_s05,130,61,132.03333333333333,-1.301224946975708,0.6773643811631797
TOKYOTECH_s05,130,62,132.06666666666666,-1.2568981647491455,0.47010151026291036
TOKYOTECH_s05,130,63,132.1,-0.5320159196853638,0.30303660003375193
TOKYOTECH_s05,130,64,132.13333333333333,1.331720232963562,0.1754168566104945
TOKYOTECH_s05,130,65,132.16666666666666,2.4019646644592285,0.07407314204457018
TOKYOTECH_s05,130,66,132.2,2.24491548538208,-0.016240936804394684
TOKYOTECH_s05,130,67,132.23333333333332,1.7992970943450928,-0.10737063178852244
TOKYOTECH_s05,130,68,132.26666666666668,1.305158019065857,-0.2071792502677884
TOKYOTECH_s05,130,69,132.3,0.7637802958488464,-0.3200014501743288
TOKYOTECH_s05,130,70,132.33333333333334,0.35076144337654114,-0.44549981758929996
TOKYOTECH_s05,130,71,132.36666666666667,0.17809368669986725,-0.577085295517096
TOKYOTECH_s05,130,72,132.4,0.25496649742126465,-0.7028090366519998
TOKYOTECH_s05,130,73,132.43333333333334,0.4962882101535797,-0.809481533088961
TOKYOTECH_s05,130,74,132.46666666666667,0.6085743308067322,-0.886635098974697
TOKYOTECH_s05,130,75,132.5,0.31923940777778625,-0.9259291471388225
TOKYOTECH_s05,130,76,132.53333333333333,-0.04758273810148239,-0.9162412640683131
TOKYOTECH_s05,130,77,132.56666666666666,-0.3480839431285858,-0.8402063494012848
TOKYOTECH_s05,130,78,132.6,-0.6776584386825562,-0.6782632638317775
TOKYOTECH_s05,130,79,132.63333333333333,-0.8784645199775696,-0.4205471464926805
TOKYOTECH_s05,130,80,132.66666666666666,-1.0085597038269043,-0.07943598296298188
TOKYOTECH_s05,130,81,132.7,-1.078950047492981,0.3068638759325106
TOKYOTECH_s05,130,82,132.73333333333332,-1.1333566904067993,0.68343462603702
TOKYOTECH_s05,130,83,132.76666666666668,-1.0976228713989258,0.995577833204455
TOKYOTECH_s05,130,84,132.8,-1.0810070037841797,1.204616151117125
TOKYOTECH_s05,130,85,132.83333333333334,-1.103704571723938,1.2956721423852626
TOKYOTECH_s05,130,86,132.86666666666667,-1.0922712087631226,1.2759343829585872
TOKYOTECH_s05,130,87,132.9,-1.1557782888412476,1.1667754294050305
TOKYOTECH_s05,130,88,132.93333333333334,-1.355925440788269,0.9946807229158735
TOKYOTECH_s05,130,89,132.96666666666667,-1.2406384944915771,0.7845303196016485
TOKYOTECH_s05,130,90,133.0,0.21038152277469635,0.5562956758394463
TOKYOTECH_s05,130,91,133.03333333333333,1.9944754838943481,0.3244955129113766
TOKYOTECH_s05,130,92,133.06666666666666,2.448651075363159,0.09944365121546372
TOKYOTECH_s05,130,93,133.1,2.1098783016204834,-0.11061577054180173
TOKYOTECH_s05,130,94,133.13333333333333,1.6814545392990112,-0.2978643162418621
TOKYOTECH_s05,130,95,133.16666666666666,1.2297722101211548,-0.4552376893051193
TOKYOTECH_s05,130,96,133.2,0.7899863123893738,-0.5789113540814811
TOKYOTECH_s05,130,97,133.23333333333332,0.4743385314941406,-0.6710922271436227
TOKYOTECH_s05,130,98,133.26666666666668,0.3715001046657562,-0.740109335753192
TOKYOTECH_s05,130,99,133.3,0.44845306873321533,-0.7959408082010283
TOKYOTECH_s05,130,100,133.33333333333334,0.5414519906044006,-0.8426808494771336
TOKYOTECH_s05,130,101,133.36666666666667,0.5567855834960938,-0.8727048720816089
TOKYOTECH_s05,130,102,133.4,0.3795854151248932,-0.8675990441693157
TOKYOTECH_s05,130,103,133.43333333333334,0.024793287739157677,-0.8069850042676199
TOKYOTECH_s05,130,104,133.46666666666667,-0.40804705023765564,-0.6801755865729416
TOKYOTECH_s05,130,105,133.5,-0.6587452292442322,-0.492873095719061
TOKYOTECH_s05,130,106,133.53333333333333,-0.8709757924079895,-0.2651996566148686
TOKYOTECH_s05,130,107,133.56666666666666,-1.0342403650283813,-0.0239087901753507
TOKYOTECH_s05,130,108,133.6,-1.0289956331253052,0.20546818261159286
TOKYOTECH_s05,130,109,133.63333333333333,-1.0064404010772705,0.4029649183442006
TOKYOTECH_s05,130,110,133.66666666666666,-1.0218274593353271,0.5558479870865932
TOKYOTECH_s05,130,111,133.7,-1.0579264163970947,0.6601213986895476
TOKYOTECH_s05,130,112,133.73333333333332,-1.061141014099121,0.721388525002461
TOKYOTECH_s05,130,113,133.76666666666668,-1.046679973602295,0.7518840375927368
TOKYOTECH_s05,130,114,133.8,-1.1364643573760986,0.7627857605253926
TOKYOTECH_s05,130,115,133.83333333333334,-1.3184819221496582,0.7557010786119417
TOKYOTECH_s05,130,116,133.86666666666667,-1.3913832902908325,0.7193745428639818
TOKYOTECH_s05,130,117,133.9,-1.0711764097213745,0.6352186809323618
TOKYOTECH_s05,130,118,133.93333333333334,0.47411590814590454,0.48963261039020184
TOKYOTECH_s05,130,119,133.96666666666667,2.111926317214966,0.28594186252147497
TOKYOTECH_s05,130,120,134.0,2.3549487590789795,0.04789405859987187
TOKYOTECH_s05,130,121,134.03333333333333,1.9399975538253784,-0.18861197474450403
TOKYOTECH_s05,130,122,134.06666666666666,1.4275418519973755,-0.3908832179524294
TOKYOTECH_s05,130,123,134.1,0.9604724645614624,-0.5421880188864636
TOKYOTECH_s05,130,124,134.13333333333333,0.5023610591888428,-0.6445773555236453
TOKYOTECH_s05,130,125,134.16666666666666,0.20806634426116943,-0.7115402819057639
TOKYOTECH_s05,130,126,134.2,0.2520280182361603,-0.7563876475819652
TOKYOTECH_s05,130,127,134.23333333333332,0.5233490467071533,-0.7835773152353201
TOKYOTECH_s05,130,128,134.26666666666668,0.678804337978363,-0.7865363519853547
TOKYOTECH_s05,130,129,134.3,0.5210872888565063,-0.7507414234106631
TOKYOTECH_s05,130,130,134.33333333333334,0.1842021942138672,-0.6589067664547889
TOKYOTECH_s05,130,131,134.36666666666667,-0.11497222632169724,-0.49650392203845556
TOKYOTECH_s05,130,132,134.4,-0.3955094814300537,-0.25802429310170266
TOKYOTECH_s05,130,133,134.43333333333334,-0.6802496314048767,0.046049989373396834
TOKYOTECH_s05,130,134,134.46666666666667,-0.8964249491691589,0.385138774499988
TOKYOTECH_s05,130,135,134.5,-0.9556667804718018,0.7123507825843506
TOKYOTECH_s05,130,136,134.53333333333333,-0.9338417649269104,0.9767971063224721
TOKYOTECH_s05,130,137,134.56666666666666,-1.0356383323669434,1.1389371880129404
TOKYOTECH_s05,130,138,134.6,-1.0145435333251953,1.1814962978373311
TOKYOTECH_s05,130,139,134.63333333333333,-0.9541886448860168,1.1114338323373967
TOKYOTECH_s05,130,140,134.66666666666666,-1.0474724769592285,0.9535280256202237
TOKYOTECH_s05,130,141,134.7,-1.186392068862915,0.7400560848421771
TOKYOTECH_s05,130,142,134.73333333333332,-1.1952966451644897,0.5016935149233659
TOKYOTECH_s05,130,143,134.76666666666668,-0.7253689169883728,0.2625145560621631
TOKYOTECH_s05,130,144,134.8,0.8292553424835205,0.03885372826378031
TOKYOTECH_s05,130,145,134.83333333333334,2.099210500717163,-0.15997546651032538
TOKYOTECH_s05,130,146,134.86666666666667,2.104081392288208,-0.3305842492835779
TOKYOTECH_s05,130,147,134.9,1.614875316619873,-0.47406446611954306
TOKYOTECH_s05,130,148,134.93333333333334,1.0558934211730957,-0.5937610151183397
TOKYOTECH_s05,130,149,134.96666666666667,0.4954066574573517,-0.6928651994694273
TOKYOTECH_s05,130,150,135.0,0.033403970301151276,-0.7737114828437317
TOKYOTECH_s05,130,151,135.03333333333333,-0.14180158078670502,-0.8395111973109122
TOKYOTECH_s05,130,152,135.06666666666666,0.05534473434090614,-0.8954981449358297
TOKYOTECH_s05,130,153,135.1,0.36863285303115845,-0.9452155509632063
TOKYOTECH_s05,130,154,135.13333333333333,0.41465145349502563,-0.9823893793986431
TOKYOTECH_s05,130,155,135.16666666666666,0.24372898042201996,-0.9849183146841864
TOKYOTECH_s05,130,156,135.2,0.01689496822655201,-0.9184034502802155
TOKYOTECH_s05,130,157,135.23333333333332,-0.28243082761764526,-0.7507820398213718
TOKYOTECH_s05,130,158,135.26666666666668,-0.6296897530555725,-0.47082703877417353
TOKYOTECH_s05,130,159,135.3,-0.8881882429122925,-0.09894763130204111
TOKYOTECH_s05,130,160,135.33333333333334,-0.9629685282707214,0.31668133271189497
TOKYOTECH_s05,130,161,135.36666666666667,-1.1370699405670166,0.7161617033274349
TOKYOTECH_s05,130,162,135.4,-1.1215314865112305,1.0466480035242214
TOKYOTECH_s05,130,163,135.43333333333334,-1.0797425508499146,1.274428594466418
TOKYOTECH_s05,130,164,135.46666666666667,-1.108530879020691,1.3871230229275269
TOKYOTECH_s05,130,165,135.5,-1.0877654552459717,1.3892430185240954
TOKYOTECH_s05,130,166,135.53333333333333,-1.0893861055374146,1.295856552650532
TOKYOTECH_s05,130,167,135.56666666666666,-1.199846863746643,1.1270861910939955
TOKYOTECH_s05,130,168,135.6,-0.799953281879425,0.9043703954608537
TOKYOTECH_s05,130,169,135.63333333333333,0.8062015175819397,0.6486443926089035
TOKYOTECH_s05,130,170,135.66666666666666,2.2519233226776123,0.3800708308209434
TOKYOTECH_s05,130,171,135.7,2.452827215194702,0.11829816709062946
TOKYOTECH_s05,130,172,135.73333333333332,2.131934642791748,-0.11829891758673247
TOKYOTECH_s05,130,173,135.76666666666668,1.7452644109725952,-0.3155640342563654
TOKYOTECH_s05,130,174,135.8,1.357356309890747,-0.46819514862567074
TOKYOTECH_s05,130,175,135.83333333333334,0.8993250727653503,-0.5834556963261419
TOKYOTECH_s05,130,176,135.86666666666667,0.5398224592208862,-0.6803014253103147
TOKYOTECH_s05,130,177,135.9,0.5088791847229004,-0.7817557192449999
TOKYOTECH_s05,130,178,135.93333333333334,0.6831230521202087,-0.9023469016905898
TOKYOTECH_s05,130,179,135.96666666666667,0.8005560040473938,-1.0364494938628324
TOKYOTECH_s05,130,180,136.0,0.6395353674888611,-1.154442749730302
TOKYOTECH_s05,130,181,136.03333333333333,0.26908910274505615,-1.2102798603190361
TOKYOTECH_s05,130,182,136.06666666666666,-0.034760214388370514,-1.1577938411984345
TOKYOTECH_s05,130,183,136.1,-0.2851021885871887,-0.9684389326547327
TOKYOTECH_s05,130,184,136.13333333333333,-0.6012397408485413,-0.6434776663442952
TOKYOTECH_s05,130,185,136.16666666666666,-0.8530865907669067,-0.2169503098229074
TOKYOTECH_s05,130,186,136.2,-0.8286970853805542,0.25115709694064814
TOKYOTECH_s05,130,187,136.23333333333332,-0.8890163898468018,0.6896510241817105
TOKYOTECH_s05,130,188,136.26666666666668,-0.9417846202850342,1.0344352944100135
TOKYOTECH_s05,130,189,136.3,-0.8780370950698853,1.2445633390426312
TOKYOTECH_s05,130,190,136.33333333333334,-0.9716058969497681,1.3107995985715906
TOKYOTECH_s05,130,191,136.36666666666667,-0.9435744285583496,1.2538098021268134
TOKYOTECH_s05,130,192,136.4,-1.0038046836853027,1.1124838979491067
TOKYOTECH_s05,130,193,136.43333333333334,-1.1754217147827148,0.9270350928366503
TOKYOTECH_s05,130,194,136.46666666666667,-0.9878299832344055,0.7249728013304979
TOKYOTECH_s05,130,195,136.5,0.26260659098625183,0.5170980300101369
TOKYOTECH_s05,130,196,136.53333333333333,1.9357056617736816,0.3040590790704926
TOKYOTECH_s05,130,197,136.56666666666666,2.4501559734344482,0.08686181366839629
TOKYOTECH_s05,130,198,136.6,2.207676649093628,-0.12698541947599112
TOKYOTECH_s05,130,199,136.63333333333333,1.8722697496414185,-0.3254358733306866
TOKYOTECH_s05,130,200,136.66666666666666,1.483195185661316,-0.49861447846029766
TOKYOTECH_s05,130,201,136.7,1.122917890548706,-0.6434103652541967
TOKYOTECH_s05,130,202,136.73333333333332,0.7646618485450745,-0.7623155830885384
TOKYOTECH_s05,130,203,136.76666666666668,0.5781920552253723,-0.8587566708334982
TOKYOTECH_s05,130,204,136.8,0.6783502101898193,-0.9337609138536513
TOKYOTECH_s05,130,205,136.83333333333334,0.7222139239311218,-0.9863174282058708
TOKYOTECH_s05,130,206,136.86666666666667,0.5879068970680237,-1.0148830706711074
TOKYOTECH_s05,130,207,136.9,0.34047672152519226,-1.0157069917105426
TOKYOTECH_s05,130,208,136.93333333333334,0.08749008923768997,-0.9778127043803692
TOKYOTECH_s05,130,209,136.96666666666667,-0.1821034848690033,-0.8800924312397231
TOKYOTECH_s05,130,210,137.0,-0.5008679032325745,-0.6967715811121185
TOKYOTECH_s05,130,211,137.03333333333333,-0.7850470542907715,-0.4117688030894716
TOKYOTECH_s05,130,212,137.06666666666666,-0.8425792455673218,-0.03400603573465058
TOKYOTECH_s05,130,213,137.1,-0.8033726215362549,0.39741730829338706
TOKYOTECH_s05,130,214,137.13333333333333,-0.9071905016899109,0.8227906514702995
TOKYOTECH_s05,130,215,137.16666666666666,-0.9815790057182312,1.1807232280253024
TOKYOTECH_s05,130,216,137.2,-0.9015183448791504,1.426166799686574
TOKYOTECH_s05,130,217,137.23333333333332,-0.9310902953147888,1.5396104118940723
TOKYOTECH_s05,130,218,137.26666666666668,-1.0788966417312622,1.5260174167106815
TOKYOTECH_s05,130,219,137.3,-1.1287708282470703,1.4074462016692821
TOKYOTECH_s05,130,220,137.33333333333334,-1.2228472232818604,1.2141620780011655
TOKYOTECH_s05,130,221,137.36666666666667,-1.1322258710861206,0.9770176812243214
TOKYOTECH_s05,130,222,137.4,0.1555117964744568,0.7221413227000676
TOKYOTECH_s05,130,223,137.43333333333334,1.8426889181137085,0.4683613390902504
TOKYOTECH_s05,130,224,137.46666666666667,2.2925992012023926,0.22753807413950713
TOKYOTECH_s05,130,225,137.5,1.9842976331710815,0.007185822813246137
TOKYOTECH_s05,130,226,137.53333333333333,1.590939998626709,-0.18661393262008605
TOKYOTECH_s05,130,227,137.56666666666666,1.1855701208114624,-0.34864612706186676
TOKYOTECH_s05,130,228,137.6,0.7954893112182617,-0.47757918874022615
TOKYOTECH_s05,130,229,137.63333333333333,0.4608570635318756,-0.580586974641746
TOKYOTECH_s05,130,230,137.66666666666666,0.40187346935272217,-0.6746147082436496
TOKYOTECH_s05,130,231,137.7,0.5783078074455261,-0.7799661664799811
TOKYOTECH_s05,130,232,137.73333333333332,0.6648687720298767,-0.9072835625932472
TOKYOTECH_s05,130,233,137.76666666666668,0.5069558024406433,-1.0452328965766522
TOKYOTECH_s05,130,234,137.8,0.2194107174873352,-1.1580180743412796
TOKYOTECH_s05,130,235,137.83333333333334,-0.09036900848150253,-1.1969003524247215
TOKYOTECH_s05,130,236,137.86666666666667,-0.2976219654083252,-1.12071534651897
TOKYOTECH_s05,130,237,137.9,-0.5612940192222595,-0.9143868767903243
TOKYOTECH_s05,130,238,137.93333333333334,-0.7930522561073303,-0.5967530852757683
TOKYOTECH_s05,130,239,137.96666666666667,-0.8220008611679077,-0.21610361210776693
TOKYOTECH_s05,131,0,131.0,-1.0038847923278809,0.1021641754433533
TOKYOTECH_s05,131,1,131.03333333333333,-1.0168676376342773,-0.9252027626565661
TOKYOTECH_s05,131,2,131.06666666666666,-1.0091207027435303,-1.7980178295798364
TOKYOTECH_s05,131,3,131.1,-1.1099377870559692,-2.3953920339169525
TOKYOTECH_s05,131,4,131.13333333333333,-1.166677474975586,-2.6604176135867466
TOKYOTECH_s05,131,5,131.16666666666666,-1.3653197288513184,-2.6081457963136554
TOKYOTECH_s05,131,6,131.2,-1.396254062652588,-2.312394264278015
TOKYOTECH_s05,131,7,131.23333333333332,-0.7321096658706665,-1.879241056339108
TOKYOTECH_s05,131,8,131.26666666666668,0.9867141246795654,-1.4178343164960137
TOKYOTECH_s05,131,9,131.3,2.195655584335327,-1.0159507848708589
TOKYOTECH_s05,131,10,131.33333333333334,2.097919464111328,-0.7244965465096989
TOKYOTECH_s05,131,11,131.36666666666667,1.6486502885818481,-0.5534924434185052
TOKYOTECH_s05,131,12,131.4,1.216522216796875,-0.4804187178630702
TOKYOTECH_s05,131,13,131.43333333333334,0.7093825340270996,-0.4679039920299562
TOKYOTECH_s05,131,14,131.46666666666667,0.19252793490886688,-0.48228631734933436
TOKYOTECH_s05,131,15,131.5,-0.07612176239490509,-0.503239342370112
TOKYOTECH_s05,131,16,131.53333333333333,0.16960766911506653,-0.520972334914007
TOKYOTECH_s05,131,17,131.56666666666666,0.46269139647483826,-0.5263262158545503
TOKYOTECH_s05,131,18,131.6,0.5153706073760986,-0.5030520482791313
TOKYOTECH_s05,131,19,131.63333333333333,0.3614290654659271,-0.42850643461122595
TOKYOTECH_s05,131,20,131.66666666666666,-0.02616734243929386,-0.28186364529361724
TOKYOTECH_s05,131,21,131.7,-0.41316714882850647,-0.05374173626928435
TOKYOTECH_s05,131,22,131.73333333333332,-0.7342378497123718,0.24823312516283763
TOKYOTECH_s05,131,23,131.76666666666668,-0.9915164113044739,0.599442937668654
TOKYOTECH_s05,131,24,131.8,-1.1254583597183228,0.9625491576965169
TOKYOTECH_s05,131,25,131.83333333333334,-1.180951476097107,1.2942317447017626
TOKYOTECH_s05,131,26,131.86666666666667,-1.1105432510375977,1.55334616387226
TOKYOTECH_s05,131,27,131.9,-1.0808199644088745,1.709515455249422
TOKYOTECH_s05,131,28,131.93333333333334,-1.0756019353866577,1.749896230559234
TOKYOTECH_s05,131,29,131.96666666666667,-1.075486183166504,1.681064899639173
TOKYOTECH_s05,131,30,132.0,-1.1236952543258667,1.524530221807918
TOKYOTECH_s05,131,31,132.03333333333333,-1.301224946975708,1.3076424342269999
TOKYOTECH_s05,131,32,132.06666666666666,-1.2568981647491455,1.0544354766018273
TOKYOTECH_s05,131,33,132.1,-0.5320159196853638,0.7810522456430309
TOKYOTECH_s05,131,34,132.13333333333333,1.331720232963562,0.49731563276879176
TOKYOTECH_s05,131,35,132.16666666666666,2.4019646644592285,0.2117825531531714
TOKYOTECH_s05,131,36,132.2,2.24491548538208,-0.06468038208460072
TOKYOTECH_s05,131,37,132.23333333333332,1.7992970943450928,-0.3200771625232813
TOKYOTECH_s05,131,38,132.26666666666668,1.305158019065857,-0.5457231139193911
TOKYOTECH_s05,131,39,132.3,0.7637802958488464,-0.7392365284762864
TOKYOTECH_s05,131,40,132.33333333333334,0.35076144337654114,-0.9031335196199893
TOKYOTECH_s05,131,41,132.36666666666667,0.17809368669986725,-1.0404992660226198
TOKYOTECH_s05,131,42,132.4,0.25496649742126465,-1.1517510790653156
TOKYOTECH_s05,131,43,132.43333333333334,0.4962882101535797,-1.2348177580220325
TOKYOTECH_s05,131,44,132.46666666666667,0.6085743308067322,-1.2866059043013653
TOKYOTECH_s05,131,45,132.5,0.31923940777778625,-1.3017720076644268
TOKYOTECH_s05,131,46,132.53333333333333,-0.04758273810148239,-1.2686653442683928
TOKYOTECH_s05,131,47,132.56666666666666,-0.3480839431285858,-1.1674410115445668
TOKYOTECH_s05,131,48,132.6,-0.6776584386825562,-0.9757074478325264
TOKYOTECH_s05,131,49,132.63333333333333,-0.8784645199775696,-0.6815626468972945
TOKYOTECH_s05,131,50,132.66666666666666,-1.0085597038269043,-0.29650860301577464
TOKYOTECH_s05,131,51,132.7,-1.078950047492981,0.14125291191290448
TOKYOTECH_s05,131,52,132.73333333333332,-1.1333566904067993,0.5760590379489804
TOKYOTECH_s05,131,53,132.76666666666668,-1.0976228713989258,0.9508816318073319
TOKYOTECH_s05,131,54,132.8,-1.0810070037841797,1.2218024631725943
TOKYOTECH_s05,131,55,132.83333333333334,-1.103704571723938,1.3654992662051084
TOKYOTECH_s05,131,56,132.86666666666667,-1.0922712087631226,1.379290155144022
TOKYOTECH_s05,131,57,132.9,-1.1557782888412476,1.2767408438081538
TOKYOTECH_s05,131,58,132.93333333333334,-1.355925440788269,1.0823994139775543
TOKYOTECH_s05,131,59,132.96666666666667,-1.2406384944915771,0.8274466598976633
TOKYOTECH_s05,131,60,133.0,0.21038152277469635,0.5458153219307094
TOKYOTECH_s05,131,61,133.03333333333333,1.9944754838943481,0.26971688866158117
TOKYOTECH_s05,131,62,133.06666666666666,2.448651075363159,0.024986049314089438
TOKYOTECH_s05,131,63,133.1,2.1098783016204834,-0.1720600472495578
TOKYOTECH_s05,131,64,133.13333333333333,1.6814545392990112,-0.3153848192145809
TOKYOTECH_s05,131,65,133.16666666666666,1.2297722101211548,-0.4083982752773798
TOKYOTECH_s05,131,66,133.2,0.7899863123893738,-0.4626319727050052
TOKYOTECH_s05,131,67,133.23333333333332,0.4743385314941406,-0.4958694279912054
TOKYOTECH_s05,131,68,133.26666666666668,0.3715001046657562,-0.528399090030223
TOKYOTECH_s05,131,69,133.3,0.44845306873321533,-0.5764691497132526
TOKYOTECH_s05,131,70,133.33333333333334,0.5414519906044006,-0.6445912391167608
TOKYOTECH_s05,131,71,133.36666666666667,0.5567855834960938,-0.7209208556674581
TOKYOTECH_s05,131,72,133.4,0.3795854151248932,-0.7798159137712195
TOKYOTECH_s05,131,73,133.43333333333334,0.024793287739157677,-0.7918860758471553
TOKYOTECH_s05,131,74,133.46666666666667,-0.40804705023765564,-0.736407999421052
TOKYOTECH_s05,131,75,133.5,-0.6587452292442322,-0.6089032425416628
TOKYOTECH_s05,131,76,133.53333333333333,-0.8709757924079895,-0.4206278599010719
TOKYOTECH_s05,131,77,133.56666666666666,-1.0342403650283813,-0.1925783380270143
TOKYOTECH_s05,131,78,133.6,-1.0289956331253052,0.051069477551707876
TOKYOTECH_s05,131,79,133.63333333333333,-1.0064404010772705,0.2872029004919972
TOKYOTECH_s05,131,80,133.66666666666666,-1.0218274593353271,0.49637406678312446
TOKYOTECH_s05,131,81,133.7,-1.0579264163970947,0.6655939021502347
TOKYOTECH_s05,131,82,133.73333333333332,-1.061141014099121,0.7906375827248351
TOKYOTECH_s05,131,83,133.76666666666668,-1.046679973602295,0.8750515536629275
TOKYOTECH_s05,131,84,133.8,-1.1364643573760986,0.9249700699212222
TOKYOTECH_s05,131,85,133.83333333333334,-1.3184819221496582,0.9425407930060382
TOKYOTECH_s05,131,86,133.86666666666667,-1.3913832902908325,0.9222376711978378
TOKYOTECH_s05,131,87,133.9,-1.0711764097213745,0.8528491762202248
TOKYOTECH_s05,131,88,133.93333333333334,0.47411590814590454,0.7247423308180851
TOKYOTECH_s05,131,89,133.96666666666667,2.111926317214966,0.5384641498503183
TOKYOTECH_s05,131,90,134.0,2.3549487590789795,0.3087482046097618
TOKYOTECH_s05,131,91,134.03333333333333,1.9399975538253784,0.06020848258926002
TOKYOTECH_s05,131,92,134.06666666666666,1.4275418519973755,-0.18277018216637217
TOKYOTECH_s05,131,93,134.1,0.9604724645614624,-0.40482265758380875
TOKYOTECH_s05,131,94,134.13333333333333,0.5023610591888428,-0.6016080813744905
TOKYOTECH_s05,131,95,134.16666666666666,0.20806634426116943,-0.7751030939724592
TOKYOTECH_s05,131,96,134.2,0.2520280182361603,-0.9264962550077965
TOKYOTECH_s05,131,97,134.23333333333332,0.5233490467071533,-1.0512259706700855
TOKYOTECH_s05,131,98,134.26666666666668,0.678804337978363,-1.1376173334964932
TOKYOTECH_s05,131,99,134.3,0.5210872888565063,-1.1677991845612385
TOKYOTECH_s05,131,100,134.33333333333334,0.1842021942138672,-1.1199171628235485
TOKYOTECH_s05,131,101,134.36666666666667,-0.11497222632169724,-0.9727079684722273
TOKYOTECH_s05,131,102,134.4,-0.3955094814300537,-0.7140059958575944
TOKYOTECH_s05,131,103,134.43333333333334,-0.6802496314048767,-0.35172365530871946
TOKYOTECH_s05,131,104,134.46666666666667,-0.8964249491691589,0.07906806147352374
TOKYOTECH_s05,131,105,134.5,-0.9556667804718018,0.5200226937896644
TOKYOTECH_s05,131,106,134.53333333333333,-0.9338417649269104,0.9047755588629336
TOKYOTECH_s05,131,107,134.56666666666666,-1.0356383323669434,1.1781858673224388
TOKYOTECH_s05,131,108,134.6,-1.0145435333251953,1.3104880100117622
TOKYOTECH_s05,131,109,134.63333333333333,-0.9541886448860168,1.30132483985299
TOKYOTECH_s05,131,110,134.66666666666666,-1.0474724769592285,1.1741265949110606
TOKYOTECH_s05,131,111,134.7,-1.186392068862915,0.965189475202404
TOKYOTECH_s05,131,112,134.73333333333332,-1.1952966451644897,0.7127877623887863
TOKYOTECH_s05,131,113,134.76666666666668,-0.7253689169883728,0.44987530310411733
TOKYOTECH_s05,131,114,134.8,0.8292553424835205,0.20087822619316997
TOKYOTECH_s05,131,115,134.83333333333334,2.099210500717163,-0.01896588366621096
TOKYOTECH_s05,131,116,134.86666666666667,2.104081392288208,-0.2030807482140516
TOKYOTECH_s05,131,117,134.9,1.614875316619873,-0.35200441358832124
TOKYOTECH_s05,131,118,134.93333333333334,1.0558934211730957,-0.47065949620156133
TOKYOTECH_s05,131,119,134.96666666666667,0.4954066574573517,-0.5652510410016903
TOKYOTECH_s05,131,120,135.0,0.033403970301151276,-0.6416853637402087
TOKYOTECH_s05,131,121,135.03333333333333,-0.14180158078670502,-0.7062696731658785
TOKYOTECH_s05,131,122,135.06666666666666,0.05534473434090614,-0.7660334619505808
TOKYOTECH_s05,131,123,135.1,0.36863285303115845,-0.8249269233676818
TOKYOTECH_s05,131,124,135.13333333333333,0.41465145349502563,-0.8764363255038361
TOKYOTECH_s05,131,125,135.16666666666666,0.24372898042201996,-0.8985864901493392
TOKYOTECH_s05,131,126,135.2,0.01689496822655201,-0.8579156123442415
TOKYOTECH_s05,131,127,135.23333333333332,-0.28243082761764526,-0.7234427720887954
TOKYOTECH_s05,131,128,135.26666666666668,-0.6296897530555725,-0.48355974148480896
TOKYOTECH_s05,131,129,135.3,-0.8881882429122925,-0.15527205497740723
TOKYOTECH_s05,131,130,135.33333333333334,-0.9629685282707214,0.21978830707324068
TOKYOTECH_s05,131,131,135.36666666666667,-1.1370699405670166,0.5893687373792812
TOKYOTECH_s05,131,132,135.4,-1.1215314865112305,0.9061240785923312
TOKYOTECH_s05,131,133,135.43333333333334,-1.0797425508499146,1.1372460925672534
TOKYOTECH_s05,131,134,135.46666666666667,-1.108530879020691,1.2663389332329118
TOKYOTECH_s05,131,135,135.5,-1.0877654552459717,1.290649087672374
TOKYOTECH_s05,131,136,135.53333333333333,-1.0893861055374146,1.217405516651084
TOKYOTECH_s05,131,137,135.56666666666666,-1.199846863746643,1.060936627936121
TOKYOTECH_s05,131,138,135.6,-0.799953281879425,0.8406375995334509
TOKYOTECH_s05,131,139,135.63333333333333,0.8062015175819397,0.5794280891347521
TOKYOTECH_s05,131,140,135.66666666666666,2.2519233226776123,0.30228952112256247
TOKYOTECH_s05,131,141,135.7,2.452827215194702,0.03435835998681811
TOKYOTECH_s05,131,142,135.73333333333332,2.131934642791748,-0.20205212087427857
TOKYOTECH_s05,131,143,135.76666666666668,1.7452644109725952,-0.3917224571498283
TOKYOTECH_s05,131,144,135.8,1.357356309890747,-0.5311117898272857
TOKYOTECH_s05,131,145,135.83333333333334,0.8993250727653503,-0.6308128758867793
TOKYOTECH_s05,131,146,135.86666666666667,0.5398224592208862,-0.7128726927498599
TOKYOTECH_s05,131,147,135.9,0.5088791847229004,-0.8016544200549164
TOKYOTECH_s05,131,148,135.93333333333334,0.6831230521202087,-0.9108065104320937
TOKYOTECH_s05,131,149,135.96666666666667,0.8005560040473938,-1.0325544183645508
TOKYOTECH_s05,131,150,136.0,0.6395353674888611,-1.135952944379617
TOKYOTECH_s05,131,151,136.03333333333333,0.26908910274505615,-1.1766102565675827
TOKYOTECH_s05,131,152,136.06666666666666,-0.034760214388370514,-1.1135852571748148
TOKYOTECH_s05,131,153,136.1,-0.2851021885871887,-0.9250553439824599
TOKYOTECH_s05,131,154,136.13333333333333,-0.6012397408485413,-0.6164142688867106
TOKYOTECH_s05,131,155,136.16666666666666,-0.8530865907669067,-0.21950293781852073
TOKYOTECH_s05,131,156,136.2,-0.8286970853805542,0.21502604883163748
TOKYOTECH_s05,131,157,136.23333333333332,-0.8890163898468018,0.629332820730685
TOKYOTECH_s05,131,158,136.26666666666668,-0.9417846202850342,0.9711493741389242
TOKYOTECH_s05,131,159,136.3,-0.8780370950698853,1.2047799452219747
TOKYOTECH_s05,131,160,136.33333333333334,-0.9716058969497681,1.317361177967785
TOKYOTECH_s05,131,161,136.36666666666667,-0.9435744285583496,1.3181423908209278
TOKYOTECH_s05,131,162,136.4,-1.0038046836853027,1.2308179689504772
TOKYOTECH_s05,131,163,136.43333333333334,-1.1754217147827148,1.0822178539061436
TOKYOTECH_s05,131,164,136.46666666666667,-0.9878299832344055,0.8931236936532844
TOKYOTECH_s05,131,165,136.5,0.26260659098625183,0.6760457982774087
TOKYOTECH_s05,131,166,136.53333333333333,1.9357056617736816,0.43994913588028534
TOKYOTECH_s05,131,167,136.56666666666666,2.4501559734344482,0.1968084012070958
TOKYOTECH_s05,131,168,136.6,2.207676649093628,-0.036235461837010347
TOKYOTECH_s05,131,169,136.63333333333333,1.8722697496414185,-0.2414412609215261
TOKYOTECH_s05,131,170,136.66666666666666,1.483195185661316,-0.4079397525316787
TOKYOTECH_s05,131,171,136.7,1.122917890548706,-0.5355501091470153
TOKYOTECH_s05,131,172,136.73333333333332,0.7646618485450745,-0.6320214452793809
TOKYOTECH_s05,131,173,136.76666666666668,0.5781920552253723,-0.7067036361492647
TOKYOTECH_s05,131,174,136.8,0.6783502101898193,-0.7659997462631458
TOKYOTECH_s05,131,175,136.83333333333334,0.7222139239311218,-0.8131521844241858
TOKYOTECH_s05,131,176,136.86666666666667,0.5879068970680237,-0.8497597324930557
TOKYOTECH_s05,131,177,136.9,0.34047672152519226,-0.8743966373491675
TOKYOTECH_s05,131,178,136.93333333333334,0.08749008923768997,-0.8776145061995235
TOKYOTECH_s05,131,179,136.96666666666667,-0.1821034848690033,-0.8383003949962367
TOKYOTECH_s05,131,180,137.0,-0.5008679032325745,-0.7277796402955522
TOKYOTECH_s05,131,181,137.03333333333333,-0.7850470542907715,-0.5230963707251308
TOKYOTECH_s05,131,182,137.06666666666666,-0.8425792455673218,-0.22273963780810319
TOKYOTECH_s05,131,183,137.1,-0.8033726215362549,0.14568936529402737
TOKYOTECH_s05,131,184,137.13333333333333,-0.9071905016899109,0.5312745186606935
TOKYOTECH_s05,131,185,137.16666666666666,-0.9815790057182312,0.875517887010209
TOKYOTECH_s05,131,186,137.2,-0.9015183448791504,1.1293766536671663
TOKYOTECH_s05,131,187,137.23333333333332,-0.9310902953147888,1.264133290338823
TOKYOTECH_s05,131,188,137.26666666666668,-1.0788966417312622,1.2738147845368395
TOKYOTECH_s05,131,189,137.3,-1.1287708282470703,1.1715216851654557
TOKYOTECH_s05,131,190,137.33333333333334,-1.2228472232818604,0.9830165300861975
TOKYOTECH_s05,131,191,137.36666666666667,-1.1322258710861206,0.7396425421000449
TOKYOTECH_s05,131,192,137.4,0.1555117964744568,0.47179745397866785
TOKYOTECH_s05,131,193,137.43333333333334,1.8426889181137085,0.20414695729558954
TOKYOTECH_s05,131,194,137.46666666666667,2.2925992012023926,-0.04640608751571156
TOKYOTECH_s05,131,195,137.5,1.9842976331710815,-0.26988023589284543
TOKYOTECH_s05,131,196,137.53333333333333,1.590939998626709,-0.4608387977370162
TOKYOTECH_s05,131,197,137.56666666666666,1.1855701208114624,-0.6167452415730842
TOKYOTECH_s05,131,198,137.6,0.7954893112182617,-0.7386198695592193
TOKYOTECH_s05,131,199,137.63333333333333,0.4608570635318756,-0.8330512779181555
TOKYOTECH_s05,131,200,137.66666666666666,0.40187346935272217,-0.9118285237751181
TOKYOTECH_s05,131,201,137.7,0.5783078074455261,-0.9857745591073175
TOKYOTECH_s05,131,202,137.73333333333332,0.6648687720298767,-1.0541525388803303
TOKYOTECH_s05,131,203,137.76666666666668,0.5069558024406433,-1.096554513323349
TOKYOTECH_s05,131,204,137.8,0.2194107174873352,-1.075288616661201
TOKYOTECH_s05,131,205,137.83333333333334,-0.09036900848150253,-0.9506827017118374
TOKYOTECH_s05,131,206,137.86666666666667,-0.2976219654083252,-0.7021987911902995
TOKYOTECH_s05,131,207,137.9,-0.5612940192222595,-0.3428317814637081
TOKYOTECH_s05,131,208,137.93333333333334,-0.7930522561073303,0.08161891969661325
TOKYOTECH_s05,131,209,137.96666666666667,-0.8220008611679077,0.5072502537095118
TOKYOTECH_s05,131,210,138.0,-0.8719196915626526,0.8722422759444511
TOKYOTECH_s05,131,211,138.03333333333333,-0.9218652248382568,1.1330021059251598
TOKYOTECH_s05,131,212,138.06666666666666,-0.8360255360603333,1.2713248484645614
TOKYOTECH_s05,131,213,138.1,-0.8743239045143127,1.2932007793020421
TOKYOTECH_s05,131,214,138.13333333333333,-0.9207075834274292,1.222303245911259
TOKYOTECH_s05,131,215,138.16666666666666,-1.0434209108352661,1.0908926784006985
TOKYOTECH_s05,131,216,138.2,-1.0942835807800293,0.9303068290892471
TOKYOTECH_s05,131,217,138.23333333333332,-0.2858234643936157,0.7634070238024644
TOKYOTECH_s05,131,218,138.26666666666668,1.22702956199646,0.6016290269363234
TOKYOTECH_s05,131,219,138.3,2.004199266433716,0.4477747359447845
TOKYOTECH_s05,131,220,138.33333333333334,1.894317388534546,0.3020315998005299
TOKYOTECH_s05,131,221,138.36666666666667,1.4964183568954468,0.16619845342108563
TOKYOTECH_s05,131,222,138.4,1.0218068361282349,0.04274290197131497
TOKYOTECH_s05,131,223,138.43333333333334,0.4812840521335602,-0.07001078111955371
TOKYOTECH_s05,131,224,138.46666666666667,0.00013664166908711195,-0.18124044252247287
TOKYOTECH_s05,131,225,138.5,0.00856032781302929,-0.30444727274880096
TOKYOTECH_s05,131,226,138.53333333333333,0.22465547919273376,-0.44782634603885235
TOKYOTECH_s05,131,227,138.56666666666666,0.34698593616485596,-0.6043251325371961
TOKYOTECH_s05,131,228,138.6,0.3518032729625702,-0.7493401980933163
TOKYOTECH_s05,131,229,138.63333333333333,0.17376609146595,-0.849514343417543
TOKYOTECH_s05,131,230,138.66666666666666,-0.21521052718162537,-0.8779021463655837
TOKYOTECH_s05,131,231,138.7,-0.5252307057380676,-0.825926577058901
TOKYOTECH_s05,131,232,138.73333333333332,-0.7563032507896423,-0.7056811215498472
TOKYOTECH_s05,131,233,138.76666666666668,-0.9475191235542297,-0.5434712500679002
TOKYOTECH_s05,131,234,138.8,-1.0758512020111084,-0.3703624164075056
TOKYOTECH_s05,131,235,138.83333333333334,-1.1084240674972534,-0.21490024545998582
TOKYOTECH_s05,131,236,138.86666666666667,-1.1416646242141724,-0.09872506425271144
TOKYOTECH_s05,131,237,138.9,-1.1064916849136353,-0.03289861257088966
TOKYOTECH_s05,131,238,138.93333333333334,-1.0602861642837524,-0.014662737546058471
TOKYOTECH_s05,131,239,138.96666666666667,-1.1287975311279297,-0.027315948280438235
TOKYOTECH_s05,132,0,132.0,-1.1236952543258667,0.02115529067176422
TOKYOTECH_s05,132,1,132.03333333333333,-1.301224946975708,-1.0202744049248154
TOKYOTECH_s05,132,2,132.06666666666666,-1.2568981647491455,-1.9233709452167962
TOKYOTECH_s05,132,3,132.1,-0.5320159196853638,-2.579405786625925
TOKYOTECH_s05,132,4,132.13333333333333,1.331720232963562,-2.9351742624244985
TOKYOTECH_s05,132,5,132.16666666666666,2.4019646644592285,-2.998398698883074
TOKYOTECH_s05,132,6,132.2,2.24491548538208,-2.82524984507396
TOKYOTECH_s05,132,7,132.23333333333332,1.7992970943450928,-2.4990775329277977
TOKYOTECH_s05,132,8,132.26666666666668,1.305158019065857,-2.109106174964533
TOKYOTECH_s05,132,9,132.3,0.7637802958488464,-1.7323811519670735
TOKYOTECH_s05,132,10,132.33333333333334,0.35076144337654114,-1.4203361461071176
TOKYOTECH_s05,132,11,132.36666666666667,0.17809368669986725,-1.1925557315965756
TOKYOTECH_s05,132,12,132.4,0.25496649742126465,-1.040043273129086
TOKYOTECH_s05,132,13,132.43333333333334,0.4962882101535797,-0.9366860041952215
TOKYOTECH_s05,132,14,132.46666666666667,0.6085743308067322,-0.8525870191014011
TOKYOTECH_s05,132,15,132.5,0.31923940777778625,-0.7617502385173072
TOKYOTECH_s05,132,16,132.53333333333333,-0.04758273810148239,-0.6419456137479678
TOKYOTECH_s05,132,17,132.56666666666666,-0.3480839431285858,-0.47166017494366214
TOKYOTECH_s05,132,18,132.6,-0.6776584386825562,-0.23128059516969585
TOKYOTECH_s05,132,19,132.63333333333333,-0.8784645199775696,0.0888653031649062
TOKYOTECH_s05,132,20,132.66666666666666,-1.0085597038269043,0.4787389936222721
TOKYOTECH_s05,132,21,132.7,-1.078950047492981,0.9056403027918241
TOKYOTECH_s05,132,22,132.73333333333332,-1.1333566904067993,1.3216351931783208
TOKYOTECH_s05,132,23,132.76666666666668,-1.0976228713989258,1.6771879371067888
TOKYOTECH_s05,132,24,132.8,-1.0810070037841797,1.9337707608204922
TOKYOTECH_s05,132,25,132.83333333333334,-1.103704571723938,2.070477147466101
TOKYOTECH_s05,132,26,132.86666666666667,-1.0922712087631226,2.083889209339188
TOKYOTECH_s05,132,27,132.9,-1.1557782888412476,1.98371655334051
TOKYOTECH_s05,132,28,132.93333333333334,-1.355925440788269,1.787571575176223
TOKYOTECH_s05,132,29,132.96666666666667,-1.2406384944915771,1.5170537940332423
TOKYOTECH_s05,132,30,133.0,0.21038152277469635,1.195501992804598
TOKYOTECH_s05,132,31,133.03333333333333,1.9944754838943481,0.8466658333291879
TOKYOTECH_s05,132,32,133.06666666666666,2.448651075363159,0.4936057819598594
TOKYOTECH_s05,132,33,133.1,2.1098783016204834,0.15754886823521677
TOKYOTECH_s05,132,34,133.13333333333333,1.6814545392990112,-0.14358882366960463
TOKYOTECH_s05,132,35,133.16666666666666,1.2297722101211548,-0.3973210808912105
TOKYOTECH_s05,132,36,133.2,0.7899863123893738,-0.5990312494641128
TOKYOTECH_s05,132,37,133.23333333333332,0.4743385314941406,-0.753395432312471
TOKYOTECH_s05,132,38,133.26666666666668,0.3715001046657562,-0.872920804434596
TOKYOTECH_s05,132,39,133.3,0.44845306873321533,-0.9725874109918391
TOKYOTECH_s05,132,40,133.33333333333334,0.5414519906044006,-1.0619234397163682
TOKYOTECH_s05,132,41,133.36666666666667,0.5567855834960938,-1.1384032452409798
TOKYOTECH_s05,132,42,133.4,0.3795854151248932,-1.1867786272987886
TOKYOTECH_s05,132,43,133.43333333333334,0.024793287739157677,-1.1859711542529912
TOKYOTECH_s05,132,44,133.46666666666667,-0.40804705023765564,-1.1194946118135007
TOKYOTECH_s05,132,45,133.5,-0.6587452292442322,-0.9825363833774557
TOKYOTECH_s05,132,46,133.53333333333333,-0.8709757924079895,-0.7823325415689659
TOKYOTECH_s05,132,47,133.56666666666666,-1.0342403650283813,-0.534184932495609
TOKYOTECH_s05,132,48,133.6,-1.0289956331253052,-0.25755491716080686
TOKYOTECH_s05,132,49,133.63333333333333,-1.0064404010772705,0.02577667111014039
TOKYOTECH_s05,132,50,133.66666666666666,-1.0218274593353271,0.2933392860110306
TOKYOTECH_s05,132,51,133.7,-1.0579264163970947,0.5258749512916108
TOKYOTECH_s05,132,52,133.73333333333332,-1.061141014099121,0.7120855775652606
TOKYOTECH_s05,132,53,133.76666666666668,-1.046679973602295,0.849710173752512
TOKYOTECH_s05,132,54,133.8,-1.1364643573760986,0.9409053342962134
TOKYOTECH_s05,132,55,133.83333333333334,-1.3184819221496582,0.9850592808596338
TOKYOTECH_s05,132,56,133.86666666666667,-1.3913832902908325,0.974644116586233
TOKYOTECH_s05,132,57,133.9,-1.0711764097213745,0.8979378254966848
TOKYOTECH_s05,132,58,133.93333333333334,0.47411590814590454,0.7479049250252476
TOKYOTECH_s05,132,59,133.96666666666667,2.111926317214966,0.5318404543057202
TOKYOTECH_s05,132,60,134.0,2.3549487590789795,0.27455375389189957
TOKYOTECH_s05,132,61,134.03333333333333,1.9399975538253784,0.011298550098059423
TOKYOTECH_s05,132,62,134.06666666666666,1.4275418519973755,-0.2258495544404058
TOKYOTECH_s05,132,63,134.1,0.9604724645614624,-0.4193666900513872
TOKYOTECH_s05,132,64,134.13333333333333,0.5023610591888428,-0.56882267115352
TOKYOTECH_s05,132,65,134.16666666666666,0.20806634426116943,-0.6846875985074182
TOKYOTECH_s05,132,66,134.2,0.2520280182361603,-0.7786828097089372
TOKYOTECH_s05,132,67,134.23333333333332,0.5233490467071533,-0.8564287772180366
TOKYOTECH_s05,132,68,134.26666666666668,0.678804337978363,-0.9145319841456993
TOKYOTECH_s05,132,69,134.3,0.5210872888565063,-0.9406010972744369
TOKYOTECH_s05,132,70,134.33333333333334,0.1842021942138672,-0.9144797414707763
TOKYOTECH_s05,132,71,134.36666666666667,-0.11497222632169724,-0.8115060533673818
TOKYOTECH_s05,132,72,134.4,-0.3955094814300537,-0.610389985050461
TOKYOTECH_s05,132,73,134.43333333333334,-0.6802496314048767,-0.30575911696187313
TOKYOTECH_s05,132,74,134.46666666666667,-0.8964249491691589,0.08080576314240061
TOKYOTECH_s05,132,75,134.5,-0.9556667804718018,0.4999557218274423
TOKYOTECH_s05,132,76,134.53333333333333,-0.9338417649269104,0.886653030915292
TOKYOTECH_s05,132,77,134.56666666666666,-1.0356383323669434,1.179207221359643
TOKYOTECH_s05,132,78,134.6,-1.0145435333251953,1.3361885816421615
TOKYOTECH_s05,132,79,134.63333333333333,-0.9541886448860168,1.3449372163931326
TOKYOTECH_s05,132,80,134.66666666666666,-1.0474724769592285,1.2203598821788502
TOKYOTECH_s05,132,81,134.7,-1.186392068862915,0.9967942230276886
TOKYOTECH_s05,132,82,134.73333333333332,-1.1952966451644897,0.7173474460212997
TOKYOTECH_s05,132,83,134.76666666666668,-0.7253689169883728,0.4242854370554289
TOKYOTECH_s05,132,84,134.8,0.8292553424835205,0.15200723401448948
TOKYOTECH_s05,132,85,134.83333333333334,2.099210500717163,-0.07733098195821249
TOKYOTECH_s05,132,86,134.86666666666667,2.104081392288208,-0.25549519275800703
TOKYOTECH_s05,132,87,134.9,1.614875316619873,-0.38668874815978593
TOKYOTECH_s05,132,88,134.93333333333334,1.0558934211730957,-0.4829838089320279
TOKYOTECH_s05,132,89,134.96666666666667,0.4954066574573517,-0.5583842579953372
TOKYOTECH_s05,132,90,135.0,0.033403970301151276,-0.6245867704713178
TOKYOTECH_s05,132,91,135.03333333333333,-0.14180158078670502,-0.6901887418558841
TOKYOTECH_s05,132,92,135.06666666666666,0.05534473434090614,-0.761110047770582
TOKYOTECH_s05,132,93,135.1,0.36863285303115845,-0.8381769508909058
TOKYOTECH_s05,132,94,135.13333333333333,0.41465145349502563,-0.9115105410561404
TOKYOTECH_s05,132,95,135.16666666666666,0.24372898042201996,-0.9566946223697034
TOKYOTECH_s05,132,96,135.2,0.01689496822655201,-0.9388177247692473
TOKYOTECH_s05,132,97,135.23333333333332,-0.28243082761764526,-0.8256879808767846
TOKYOTECH_s05,132,98,135.26666666666668,-0.6296897530555725,-0.6039410733604733
TOKYOTECH_s05,132,99,135.3,-0.8881882429122925,-0.2881294704939966
TOKYOTECH_s05,132,100,135.33333333333334,-0.9629685282707214,0.08277832960406657
TOKYOTECH_s05,132,101,135.36666666666667,-1.1370699405670166,0.45872712408899274
TOKYOTECH_s05,132,102,135.4,-1.1215314865112305,0.7934790412653652
TOKYOTECH_s05,132,103,135.43333333333334,-1.0797425508499146,1.053642152041706
TOKYOTECH_s05,132,104,135.46666666666667,-1.108530879020691,1.2201677030503426
TOKYOTECH_s05,132,105,135.5,-1.0877654552459717,1.2858294736199818
TOKYOTECH_s05,132,106,135.53333333333333,-1.0893861055374146,1.2524742765393588
TOKYOTECH_s05,132,107,135.56666666666666,-1.199846863746643,1.1292876442680888
TOKYOTECH_s05,132,108,135.6,-0.799953281879425,0.9317823825530664
TOKYOTECH_s05,132,109,135.63333333333333,0.8062015175819397,0.6810637581848779
TOKYOTECH_s05,132,110,135.66666666666666,2.2519233226776123,0.40289693682068584
TOKYOTECH_s05,132,111,135.7,2.452827215194702,0.12585833226264756
TOKYOTECH_s05,132,112,135.73333333333332,2.131934642791748,-0.12223312450258789
TOKYOTECH_s05,132,113,135.76666666666668,1.7452644109725952,-0.3198041853062259
TOKYOTECH_s05,132,114,135.8,1.357356309890747,-0.4577055441016061
TOKYOTECH_s05,132,115,135.83333333333334,0.8993250727653503,-0.5432800055893202
TOKYOTECH_s05,132,116,135.86666666666667,0.5398224592208862,-0.5990083763602305
TOKYOTECH_s05,132,117,135.9,0.5088791847229004,-0.6541221624755591
TOKYOTECH_s05,132,118,135.93333333333334,0.6831230521202087,-0.7313506362629475
TOKYOTECH_s05,132,119,135.96666666666667,0.8005560040473938,-0.8345956086198595
TOKYOTECH_s05,132,120,136.0,0.6395353674888611,-0.9440935224485076
TOKYOTECH_s05,132,121,136.03333333333333,0.26908910274505615,-1.0222446246655545
TOKYOTECH_s05,132,122,136.06666666666666,-0.034760214388370514,-1.0272862343589357
TOKYOTECH_s05,132,123,136.1,-0.2851021885871887,-0.928052708141456
TOKYOTECH_s05,132,124,136.13333333333333,-0.6012397408485413,-0.7142630217044426
TOKYOTECH_s05,132,125,136.16666666666666,-0.8530865907669067,-0.40038642895554144
TOKYOTECH_s05,132,126,136.2,-0.8286970853805542,-0.02326727611594392
TOKYOTECH_s05,132,127,136.23333333333332,-0.8890163898468018,0.3657559730782544
TOKYOTECH_s05,132,128,136.26666666666668,-0.9417846202850342,0.7128407112228036
TOKYOTECH_s05,132,129,136.3,-0.8780370950698853,0.9748991954187477
TOKYOTECH_s05,132,130,136.33333333333334,-0.9716058969497681,1.1297376609313656
TOKYOTECH_s05,132,131,136.36666666666667,-0.9435744285583496,1.1787529431054415
TOKYOTECH_s05,132,132,136.4,-1.0038046836853027,1.1406942276967673
TOKYOTECH_s05,132,133,136.43333333333334,-1.1754217147827148,1.0396648171099703
TOKYOTECH_s05,132,134,136.46666666666667,-0.9878299832344055,0.8943174762058276
TOKYOTECH_s05,132,135,136.5,0.26260659098625183,0.7145958328845653
TOKYOTECH_s05,132,136,136.53333333333333,1.9357056617736816,0.5066672819674001
TOKYOTECH_s05,132,137,136.56666666666666,2.4501559734344482,0.2804669657092101
TOKYOTECH_s05,132,138,136.6,2.207676649093628,0.05277350489820674
TOKYOTECH_s05,132,139,136.63333333333333,1.8722697496414185,-0.15707657379178633
TOKYOTECH_s05,132,140,136.66666666666666,1.483195185661316,-0.33514509046345203
TOKYOTECH_s05,132,141,136.7,1.122917890548706,-0.47770569512302635
TOKYOTECH_s05,132,142,136.73333333333332,0.7646618485450745,-0.5895049783177574
TOKYOTECH_s05,132,143,136.76666666666668,0.5781920552253723,-0.6780093101379544
TOKYOTECH_s05,132,144,136.8,0.6783502101898193,-0.748832065689541
TOKYOTECH_s05,132,145,136.83333333333334,0.7222139239311218,-0.8051149995052792
TOKYOTECH_s05,132,146,136.86666666666667,0.5879068970680237,-0.848655330145778
TOKYOTECH_s05,132,147,136.9,0.34047672152519226,-0.8783653328688427
TOKYOTECH_s05,132,148,136.93333333333334,0.08749008923768997,-0.8851968507702453
TOKYOTECH_s05,132,149,136.96666666666667,-0.1821034848690033,-0.8483365829428435
TOKYOTECH_s05,132,150,137.0,-0.5008679032325745,-0.7393385755921658
TOKYOTECH_s05,132,151,137.03333333333333,-0.7850470542907715,-0.5359324341366211
TOKYOTECH_s05,132,152,137.06666666666666,-0.8425792455673218,-0.23825528965660622
TOKYOTECH_s05,132,153,137.1,-0.8033726215362549,0.12392784957924836
TOKYOTECH_s05,132,154,137.13333333333333,-0.9071905016899109,0.49839352857360464
TOKYOTECH_s05,132,155,137.16666666666666,-0.9815790057182312,0.8273898403853441
TOKYOTECH_s05,132,156,137.2,-0.9015183448791504,1.0648158171197462
TOKYOTECH_s05,132,157,137.23333333333332,-0.9310902953147888,1.1862595107997485
TOKYOTECH_s05,132,158,137.26666666666668,-1.0788966417312622,1.1902147700275918
TOKYOTECH_s05,132,159,137.3,-1.1287708282470703,1.0933435535713836
TOKYOTECH_s05,132,160,137.33333333333334,-1.2228472232818604,0.9233146048195865
TOKYOTECH_s05,132,161,137.36666666666667,-1.1322258710861206,0.7112549669768989
TOKYOTECH_s05,132,162,137.4,0.1555117964744568,0.4850305515950424
TOKYOTECH_s05,132,163,137.43333333333334,1.8426889181137085,0.26468145565408824
TOKYOTECH_s05,132,164,137.46666666666667,2.2925992012023926,0.0612121076074125
TOKYOTECH_s05,132,165,137.5,1.9842976331710815,-0.1211894082785965
TOKYOTECH_s05,132,166,137.53333333333333,1.590939998626709,-0.28128913474186834
TOKYOTECH_s05,132,167,137.56666666666666,1.1855701208114624,-0.4181943551783103
TOKYOTECH_s05,132,168,137.6,0.7954893112182617,-0.5318891133908858
TOKYOTECH_s05,132,169,137.63333333333333,0.4608570635318756,-0.6259038188353321
TOKYOTECH_s05,132,170,137.66666666666666,0.40187346935272217,-0.7081893441612691
TOKYOTECH_s05,132,171,137.7,0.5783078074455261,-0.7865079225972839
TOKYOTECH_s05,132,172,137.73333333333332,0.6648687720298767,-0.859195070128368
TOKYOTECH_s05,132,173,137.76666666666668,0.5069558024406433,-0.9075850348704246
TOKYOTECH_s05,132,174,137.8,0.2194107174873352,-0.8978607319560928
TOKYOTECH_s05,132,175,137.83333333333334,-0.09036900848150253,-0.7950305781615585
TOKYOTECH_s05,132,176,137.86666666666667,-0.2976219654083252,-0.5824914725988388
TOKYOTECH_s05,132,177,137.9,-0.5612940192222595,-0.27515135742330504
TOKYOTECH_s05,132,178,137.93333333333334,-0.7930522561073303,0.08205802966147138
TOKYOTECH_s05,132,179,137.96666666666667,-0.8220008611679077,0.42914332007856043
TOKYOTECH_s05,132,180,138.0,-0.8719196915626526,0.7111202539716939
TOKYOTECH_s05,132,181,138.03333333333333,-0.9218652248382568,0.8936321519609788
TOKYOTECH_s05,132,182,138.06666666666666,-0.8360255360603333,0.968884317076155
TOKYOTECH_s05,132,183,138.1,-0.8743239045143127,0.9523147875904208
TOKYOTECH_s05,132,184,138.13333333333333,-0.9207075834274292,0.8734311445560604
TOKYOTECH_s05,132,185,138.16666666666666,-1.0434209108352661,0.7645122609946237
TOKYOTECH_s05,132,186,138.2,-1.0942835807800293,0.6502642282821355
TOKYOTECH_s05,132,187,138.23333333333332,-0.2858234643936157,0.5411996756995873
TOKYOTECH_s05,132,188,138.26666666666668,1.22702956199646,0.4332211676338508
TOKYOTECH_s05,132,189,138.3,2.004199266433716,0.3139557482418589
TOKYOTECH_s05,132,190,138.33333333333334,1.894317388534546,0.1724970718803714
TOKYOTECH_s05,132,191,138.36666666666667,1.4964183568954468,0.0066582575824153875
TOKYOTECH_s05,132,192,138.4,1.0218068361282349,-0.17639913332173135
TOKYOTECH_s05,132,193,138.43333333333334,0.4812840521335602,-0.3654624498274
TOKYOTECH_s05,132,194,138.46666666666667,0.00013664166908711195,-0.551516943356685
TOKYOTECH_s05,132,195,138.5,0.00856032781302929,-0.7294835160883786
TOKYOTECH_s05,132,196,138.53333333333333,0.22465547919273376,-0.893968227826517
TOKYOTECH_s05,132,197,138.56666666666666,0.34698593616485596,-1.0329237774808058
TOKYOTECH_s05,132,198,138.6,0.3518032729625702,-1.1255945710514181
TOKYOTECH_s05,132,199,138.63333333333333,0.17376609146595,-1.1482183783736064
TOKYOTECH_s05,132,200,138.66666666666666,-0.21521052718162537,-1.08427375392102
TOKYOTECH_s05,132,201,138.7,-0.5252307057380676,-0.9318783564057933
TOKYOTECH_s05,132,202,138.73333333333332,-0.7563032507896423,-0.7036737134162006
TOKYOTECH_s05,132,203,138.76666666666668,-0.9475191235542297,-0.4208691169070606
TOKYOTECH_s05,132,204,138.8,-1.0758512020111084,-0.10697630555517919
TOKYOTECH_s05,132,205,138.83333333333334,-1.1084240674972534,0.21469049674390772
TOKYOTECH_s05,132,206,138.86666666666667,-1.1416646242141724,0.5207365168224953
TOKYOTECH_s05,132,207,138.9,-1.1064916849136353,0.7885607687125242
TOKYOTECH_s05,132,208,138.93333333333334,-1.0602861642837524,0.9997038582719713
TOKYOTECH_s05,132,209,138.96666666666667,-1.1287975311279297,1.1429950067382035
TOKYOTECH_s05,132,210,139.0,-1.2127851247787476,1.2146583247967764
TOKYOTECH_s05,132,211,139.03333333333333,-1.3144036531448364,1.2155076558057625
TOKYOTECH_s05,132,212,139.06666666666666,-1.1431161165237427,1.1479547413772846
TOKYOTECH_s05,132,213,139.1,0.1877283900976181,1.0157054008657302
TOKYOTECH_s05,132,214,139.13333333333333,1.9369432926177979,0.8266664862903963
TOKYOTECH_s05,132,215,139.16666666666666,2.3860700130462646,0.5964653410823083
TOKYOTECH_s05,132,216,139.2,2.099860668182373,0.3485445827385823
TOKYOTECH_s05,132,217,139.23333333333332,1.7091832160949707,0.10883822920283248
TOKYOTECH_s05,132,218,139.26666666666668,1.284018635749817,-0.1023056578646938
TOKYOTECH_s05,132,219,139.3,0.8880786299705505,-0.27552588280513896
TOKYOTECH_s05,132,220,139.33333333333334,0.5667853951454163,-0.4120340716674179
TOKYOTECH_s05,132,221,139.36666666666667,0.4389430284500122,-0.5189220494610818
TOKYOTECH_s05,132,222,139.4,0.44909417629241943,-0.6042299507070883
TOKYOTECH_s05,132,223,139.43333333333334,0.5763577222824097,-0.674397058930736
TOKYOTECH_s05,132,224,139.46666666666667,0.6364188194274902,-0.7330483366537717
TOKYOTECH_s05,132,225,139.5,0.3627825677394867,-0.7784551646690006
TOKYOTECH_s05,132,226,139.53333333333333,-0.07364629954099655,-0.7998223371467708
TOKYOTECH_s05,132,227,139.56666666666666,-0.38443222641944885,-0.7764737072686694
TOKYOTECH_s05,132,228,139.6,-0.5821573734283447,-0.6842495401997966
TOKYOTECH_s05,132,229,139.63333333333333,-0.8745643496513367,-0.5086306900759578
TOKYOTECH_s05,132,230,139.66666666666666,-1.0042855739593506,-0.25736992707382145
TOKYOTECH_s05,132,231,139.7,-0.9795220494270325,0.036492570589816115
TOKYOTECH_s05,132,232,139.73333333333332,-1.0065650939941406,0.3240846808885506
TOKYOTECH_s05,132,233,139.76666666666668,-0.978711724281311,0.5569430109331814
TOKYOTECH_s05,132,234,139.8,-0.9829413890838623,0.7010972300479994
TOKYOTECH_s05,132,235,139.83333333333334,-1.0725833177566528,0.7430928187187027
TOKYOTECH_s05,132,236,139.86666666666667,-1.0751923322677612,0.6878342805428324
TOKYOTECH_s05,132,237,139.9,-1.1834001541137695,0.5523034390090044
TOKYOTECH_s05,132,238,139.93333333333334,-1.3955951929092407,0.35940699221987626
TOKYOTECH_s05,132,239,139.96666666666667,-1.1284235715866089,0.1340149346820583
TOKYOTECH_s05,133,0,133.0,0.21038152277469635,-0.07734807997496848
TOKYOTECH_s05,133,1,133.03333333333333,1.9944754838943481,-1.3202285682497834
TOKYOTECH_s05,133,2,133.06666666666666,2.448651075363159,-2.3941508558514664
TOKYOTECH_s05,133,3,133.1,2.1098783016204834,-3.1683997896864713
TOKYOTECH_s05,133,4,133.13333333333333,1.6814545392990112,-3.577304770559853
TOKYOTECH_s05,133,5,133.16666666666666,1.2297722101211548,-3.6299835101469657
TOKYOTECH_s05,133,6,133.2,0.7899863123893738,-3.398621634331857
TOKYOTECH_s05,133,7,133.23333333333332,0.4743385314941406,-2.9920492441175783
TOKYOTECH_s05,133,8,133.26666666666668,0.3715001046657562,-2.524673593396722
TOKYOTECH_s05,133,9,133.3,0.44845306873321533,-2.0886575262349796
TOKYOTECH_s05,133,10,133.33333333333334,0.5414519906044006,-1.7351902030416804
TOKYOTECH_s05,133,11,133.36666666666667,0.5567855834960938,-1.4692574741484954
TOKYOTECH_s05,133,12,133.4,0.3795854151248932,-1.2593741554169873
TOKYOTECH_s05,133,13,133.43333333333334,0.024793287739157677,-1.0584637295342105
TOKYOTECH_s05,133,14,133.46666666666667,-0.40804705023765564,-0.8264423106958865
TOKYOTECH_s05,133,15,133.5,-0.6587452292442322,-0.5441510837964965
TOKYOTECH_s05,133,16,133.53333333333333,-0.8709757924079895,-0.2144694538951108
TOKYOTECH_s05,133,17,133.56666666666666,-1.0342403650283813,0.14544879615273976
TOKYOTECH_s05,133,18,133.6,-1.0289956331253052,0.5134149797648629
TOKYOTECH_s05,133,19,133.63333333333333,-1.0064404010772705,0.8679905155813383
TOKYOTECH_s05,133,20,133.66666666666666,-1.0218274593353271,1.1909939928402309
TOKYOTECH_s05,133,21,133.7,-1.0579264163970947,1.469280773224598
TOKYOTECH_s05,133,22,133.73333333333332,-1.061141014099121,1.69583508192653
TOKYOTECH_s05,133,23,133.76666666666668,-1.046679973602295,1.8677496244384895
TOKYOTECH_s05,133,24,133.8,-1.1364643573760986,1.980872693165329
TOKYOTECH_s05,133,25,133.83333333333334,-1.3184819221496582,2.0248649725452577
TOKYOTECH_s05,133,26,133.86666666666667,-1.3913832902908325,1.9832001859782897
TOKYOTECH_s05,133,27,133.9,-1.0711764097213745,1.8397301067148173
TOKYOTECH_s05,133,28,133.93333333333334,0.47411590814590454,1.5891134100197801
TOKYOTECH_s05,133,29,133.96666666666667,2.111926317214966,1.2451517822190654
TOKYOTECH_s05,133,30,134.0,2.3549487590789795,0.8409789128821232
TOKYOTECH_s05,133,31,134.03333333333333,1.9399975538253784,0.41934769561830587
TOKYOTECH_s05,133,32,134.06666666666666,1.4275418519973755,0.018176394176110704
TOKYOTECH_s05,133,33,134.1,0.9604724645614624,-0.33980315369425956
TOKYOTECH_s05,133,34,134.13333333333333,0.5023610591888428,-0.6478632302198051
TOKYOTECH_s05,133,35,134.16666666666666,0.20806634426116943,-0.9081486935829921
TOKYOTECH_s05,133,36,134.2,0.2520280182361603,-1.1227843542632627
TOKYOTECH_s05,133,37,134.23333333333332,0.5233490467071533,-1.2888082300737103
TOKYOTECH_s05,133,38,134.26666666666668,0.678804337978363,-1.397978638338852
TOKYOTECH_s05,133,39,134.3,0.5210872888565063,-1.4385926594924283
TOKYOTECH_s05,133,40,134.33333333333334,0.1842021942138672,-1.39677818744976
TOKYOTECH_s05,133,41,134.36666666666667,-0.11497222632169724,-1.2581180388621516
TOKYOTECH_s05,133,42,134.4,-0.3955094814300537,-1.0128963883845925
TOKYOTECH_s05,133,43,134.43333333333334,-0.6802496314048767,-0.6659089204282809
TOKYOTECH_s05,133,44,134.46666666666667,-0.8964249491691589,-0.2453518561009977
TOKYOTECH_s05,133,45,134.5,-0.9556667804718018,0.19756572321317434
TOKYOTECH_s05,133,46,134.53333333333333,-0.9338417649269104,0.6008322346776584
TOKYOTECH_s05,133,47,134.56666666666666,-1.0356383323669434,0.9096056238194629
TOKYOTECH_s05,133,48,134.6,-1.0145435333251953,1.0907315580308565
TOKYOTECH_s05,133,49,134.63333333333333,-0.9541886448860168,1.137910183278048
TOKYOTECH_s05,133,50,134.66666666666666,-1.0474724769592285,1.0676090759708763
TOKYOTECH_s05,133,51,134.7,-1.186392068862915,0.9101393762993818
TOKYOTECH_s05,133,52,134.73333333333332,-1.1952966451644897,0.7006106898414011
TOKYOTECH_s05,133,53,134.76666666666668,-0.7253689169883728,0.47209502020454186
TOKYOTECH_s05,133,54,134.8,0.8292553424835205,0.2510350598262243
TOKYOTECH_s05,133,55,134.83333333333334,2.099210500717163,0.05423198248691129
TOKYOTECH_s05,133,56,134.86666666666667,2.104081392288208,-0.1124822979109501
TOKYOTECH_s05,133,57,134.9,1.614875316619873,-0.25295534202666126
TOKYOTECH_s05,133,58,134.93333333333334,1.0558934211730957,-0.3763867497764215
TOKYOTECH_s05,133,59,134.96666666666667,0.4954066574573517,-0.4914951355880678
TOKYOTECH_s05,133,60,135.0,0.033403970301151276,-0.6025396908141142
TOKYOTECH_s05,133,61,135.03333333333333,-0.14180158078670502,-0.7094061457260187
TOKYOTECH_s05,133,62,135.06666666666666,0.05534473434090614,-0.809616041875663
TOKYOTECH_s05,133,63,135.1,0.36863285303115845,-0.8978281568028249
TOKYOTECH_s05,133,64,135.13333333333333,0.41465145349502563,-0.9619656460473287
TOKYOTECH_s05,133,65,135.16666666666666,0.24372898042201996,-0.9804544902168549
TOKYOTECH_s05,133,66,135.2,0.01689496822655201,-0.9261131583998607
TOKYOTECH_s05,133,67,135.23333333333332,-0.28243082761764526,-0.7776131581832446
TOKYOTECH_s05,133,68,135.26666666666668,-0.6296897530555725,-0.5325044754172543
TOKYOTECH_s05,133,69,135.3,-0.8881882429122925,-0.21281447673781523
TOKYOTECH_s05,133,70,135.33333333333334,-0.9629685282707214,0.14127045692488652
TOKYOTECH_s05,133,71,135.36666666666667,-1.1370699405670166,0.48587789068056275
TOKYOTECH_s05,133,72,135.4,-1.1215314865112305,0.7869562292259766
TOKYOTECH_s05,133,73,135.43333333333334,-1.0797425508499146,1.0252926013541583
TOKYOTECH_s05,133,74,135.46666666666667,-1.108530879020691,1.1928858673081588
TOKYOTECH_s05,133,75,135.5,-1.0877654552459717,1.2865859666024473
TOKYOTECH_s05,133,76,135.53333333333333,-1.0893861055374146,1.304288329958003
TOKYOTECH_s05,133,77,135.56666666666666,-1.199846863746643,1.2447542162022531
TOKYOTECH_s05,133,78,135.6,-0.799953281879425,1.1096541805820543
TOKYOTECH_s05,133,79,135.63333333333333,0.8062015175819397,0.906252569149588
TOKYOTECH_s05,133,80,135.66666666666666,2.2519233226776123,0.6494620354986163
TOKYOTECH_s05,133,81,135.7,2.452827215194702,0.36208136845952243
TOKYOTECH_s05,133,82,135.73333333333332,2.131934642791748,0.07214776182503346
TOKYOTECH_s05,133,83,135.76666666666668,1.7452644109725952,-0.19288555839881283
TOKYOTECH_s05,133,84,135.8,1.357356309890747,-0.4137471925390293
TOKYOTECH_s05,133,85,135.83333333333334,0.8993250727653503,-0.5854800905101769
TOKYOTECH_s05,133,86,135.86666666666667,0.5398224592208862,-0.7182405053825429
TOKYOTECH_s05,133,87,135.9,0.5088791847229004,-0.8307572741171292
TOKYOTECH_s05,133,88,135.93333333333334,0.6831230521202087,-0.9385769698035715
TOKYOTECH_s05,133,89,135.96666666666667,0.8005560040473938,-1.0430218642510807
TOKYOTECH_s05,133,90,136.0,0.6395353674888611,-1.1273038119068666
TOKYOTECH_s05,133,91,136.03333333333333,0.26908910274505615,-1.1624154937395423
TOKYOTECH_s05,133,92,136.06666666666666,-0.034760214388370514,-1.1192664475710532
TOKYOTECH_s05,133,93,136.1,-0.2851021885871887,-0.980119965500663
TOKYOTECH_s05,133,94,136.13333333333333,-0.6012397408485413,-0.7446778460813632
TOKYOTECH_s05,133,95,136.16666666666666,-0.8530865907669067,-0.4306346393076025
TOKYOTECH_s05,133,96,136.2,-0.8286970853805542,-0.0705033490698709
TOKYOTECH_s05,133,97,136.23333333333332,-0.8890163898468018,0.2941512882184319
TOKYOTECH_s05,133,98,136.26666666666668,-0.9417846202850342,0.6208616149850897
TOKYOTECH_s05,133,99,136.3,-0.8780370950698853,0.8758924307197385
TOKYOTECH_s05,133,100,136.33333333333334,-0.9716058969497681,1.0422498914634395
TOKYOTECH_s05,133,101,136.36666666666667,-0.9435744285583496,1.1217937838315009
TOKYOTECH_s05,133,102,136.4,-1.0038046836853027,1.1293915047613232
TOKYOTECH_s05,133,103,136.43333333333334,-1.1754217147827148,1.0818695111985754
TOKYOTECH_s05,133,104,136.46666666666667,-0.9878299832344055,0.9886982405900204
TOKYOTECH_s05,133,105,136.5,0.26260659098625183,0.8507672577339089
TOKYOTECH_s05,133,106,136.53333333333333,1.9357056617736816,0.6673998140845502
TOKYOTECH_s05,133,107,136.56666666666666,2.4501559734344482,0.44523193331265387
TOKYOTECH_s05,133,108,136.6,2.207676649093628,0.20154706069451314
TOKYOTECH_s05,133,109,136.63333333333333,1.8722697496414185,-0.04050000274683909
TOKYOTECH_s05,133,110,136.66666666666666,1.483195185661316,-0.2606387707331944
TOKYOTECH_s05,133,111,136.7,1.122917890548706,-0.44725660363480546
TOKYOTECH_s05,133,112,136.73333333333332,0.7646618485450745,-0.596849195986344
TOKYOTECH_s05,133,113,136.76666666666668,0.5781920552253723,-0.709736687633485
TOKYOTECH_s05,133,114,136.8,0.6783502101898193,-0.7871070443113021
TOKYOTECH_s05,133,115,136.83333333333334,0.7222139239311218,-0.8317884996439101
TOKYOTECH_s05,133,116,136.86666666666667,0.5879068970680237,-0.8500217053968789
TOKYOTECH_s05,133,117,136.9,0.34047672152519226,-0.849400069751523
TOKYOTECH_s05,133,118,136.93333333333334,0.08749008923768997,-0.8320494984057314
TOKYOTECH_s05,133,119,136.96666666666667,-0.1821034848690033,-0.7881292075805254
TOKYOTECH_s05,133,120,137.0,-0.5008679032325745,-0.6967605386933116
TOKYOTECH_s05,133,121,137.03333333333333,-0.7850470542907715,-0.5368626953251464
TOKYOTECH_s05,133,122,137.06666666666666,-0.8425792455673218,-0.30186456550338786
TOKYOTECH_s05,133,123,137.1,-0.8033726215362549,-0.007929682542761772
TOKYOTECH_s05,133,124,137.13333333333333,-0.9071905016899109,0.309800631284207
TOKYOTECH_s05,133,125,137.16666666666666,-0.9815790057182312,0.6095609085627466
TOKYOTECH_s05,133,126,137.2,-0.9015183448791504,0.8557144630705555
TOKYOTECH_s05,133,127,137.23333333333332,-0.9310902953147888,1.0255207309444918
TOKYOTECH_s05,133,128,137.26666666666668,-1.0788966417312622,1.1093227570938982
TOKYOTECH_s05,133,129,137.3,-1.1287708282470703,1.1078330062674517
TOKYOTECH_s05,133,130,137.33333333333334,-1.2228472232818604,1.0295602375940236
TOKYOTECH_s05,133,131,137.36666666666667,-1.1322258710861206,0.8885842726532035
TOKYOTECH_s05,133,132,137.4,0.1555117964744568,0.7018892295061874
TOKYOTECH_s05,133,133,137.43333333333334,1.8426889181137085,0.48645110914967005
TOKYOTECH_s05,133,134,137.46666666666667,2.2925992012023926,0.2572865320853654
TOKYOTECH_s05,133,135,137.5,1.9842976331710815,0.027357296460005
TOKYOTECH_s05,133,136,137.53333333333333,1.590939998626709,-0.191379476030861
TOKYOTECH_s05,133,137,137.56666666666666,1.1855701208114624,-0.3877912165530511
TOKYOTECH_s05,133,138,137.6,0.7954893112182617,-0.5536896685080989
TOKYOTECH_s05,133,139,137.63333333333333,0.4608570635318756,-0.6872084434261163
TOKYOTECH_s05,133,140,137.66666666666666,0.40187346935272217,-0.7938113164286041
TOKYOTECH_s05,133,141,137.7,0.5783078074455261,-0.8815827595366778
TOKYOTECH_s05,133,142,137.73333333333332,0.6648687720298767,-0.9517290906581763
TOKYOTECH_s05,133,143,137.76666666666668,0.5069558024406433,-0.9904069898462914
TOKYOTECH_s05,133,144,137.8,0.2194107174873352,-0.9695110855182643
TOKYOTECH_s05,133,145,137.83333333333334,-0.09036900848150253,-0.8592394868056936
TOKYOTECH_s05,133,146,137.86666666666667,-0.2976219654083252,-0.6462162817499364
TOKYOTECH_s05,133,147,137.9,-0.5612940192222595,-0.3455288048320421
TOKYOTECH_s05,133,148,137.93333333333334,-0.7930522561073303,0.0011373268644055763
TOKYOTECH_s05,133,149,137.96666666666667,-0.8220008611679077,0.33979029493631163
TOKYOTECH_s05,133,150,138.0,-0.8719196915626526,0.6222215655289037
TOKYOTECH_s05,133,151,138.03333333333333,-0.9218652248382568,0.8186644423672683
TOKYOTECH_s05,133,152,138.06666666666666,-0.8360255360603333,0.9211801224653252
TOKYOTECH_s05,133,153,138.1,-0.8743239045143127,0.9398682654702957
TOKYOTECH_s05,133,154,138.13333333333333,-0.9207075834274292,0.8957506536734391
TOKYOTECH_s05,133,155,138.16666666666666,-1.0434209108352661,0.8128103393132803
TOKYOTECH_s05,133,156,138.2,-1.0942835807800293,0.7105428066099555
TOKYOTECH_s05,133,157,138.23333333333332,-0.2858234643936157,0.5987426135376287
TOKYOTECH_s05,133,158,138.26666666666668,1.22702956199646,0.47701368177455983
TOKYOTECH_s05,133,159,138.3,2.004199266433716,0.34006739085258114
TOKYOTECH_s05,133,160,138.33333333333334,1.894317388534546,0.18569353133246894
TOKYOTECH_s05,133,161,138.36666666666667,1.4964183568954468,0.019487094828428753
TOKYOTECH_s05,133,162,138.4,1.0218068361282349,-0.14732389557230807
TOKYOTECH_s05,133,163,138.43333333333334,0.4812840521335602,-0.3050986319798378
TOKYOTECH_s05,133,164,138.46666666666667,0.00013664166908711195,-0.45196775372760933
TOKYOTECH_s05,133,165,138.5,0.00856032781302929,-0.5932570142601832
TOKYOTECH_s05,133,166,138.53333333333333,0.22465547919273376,-0.7335363182739717
TOKYOTECH_s05,133,167,138.56666666666666,0.34698593616485596,-0.8667471117924216
TOKYOTECH_s05,133,168,138.6,0.3518032729625702,-0.9721809894761089
TOKYOTECH_s05,133,169,138.63333333333333,0.17376609146595,-1.0204664113753021
TOKYOTECH_s05,133,170,138.66666666666666,-0.21521052718162537,-0.9862166031712378
TOKYOTECH_s05,133,171,138.7,-0.5252307057380676,-0.8590072442566095
TOKYOTECH_s05,133,172,138.73333333333332,-0.7563032507896423,-0.6464791351868948
TOKYOTECH_s05,133,173,138.76666666666668,-0.9475191235542297,-0.36988696863484455
TOKYOTECH_s05,133,174,138.8,-1.0758512020111084,-0.05737392817812106
TOKYOTECH_s05,133,175,138.83333333333334,-1.1084240674972534,0.2602868533159362
TOKYOTECH_s05,133,176,138.86666666666667,-1.1416646242141724,0.5518987196370381
TOKYOTECH_s05,133,177,138.9,-1.1064916849136353,0.7896795189158365
TOKYOTECH_s05,133,178,138.93333333333334,-1.0602861642837524,0.9554223580526925
TOKYOTECH_s05,133,179,138.96666666666667,-1.1287975311279297,1.044989590390161
TOKYOTECH_s05,133,180,139.0,-1.2127851247787476,1.0669897785200295
TOKYOTECH_s05,133,181,139.03333333333333,-1.3144036531448364,1.0356841051969456
TOKYOTECH_s05,133,182,139.06666666666666,-1.1431161165237427,0.962682103856605
TOKYOTECH_s05,133,183,139.1,0.1877283900976181,0.8529771349820274
TOKYOTECH_s05,133,184,139.13333333333333,1.9369432926177979,0.707290047643363
TOKYOTECH_s05,133,185,139.16666666666666,2.3860700130462646,0.5277685842257502
TOKYOTECH_s05,133,186,139.2,2.099860668182373,0.3219777468194792
TOKYOTECH_s05,133,187,139.23333333333332,1.7091832160949707,0.10216735466708322
TOKYOTECH_s05,133,188,139.26666666666668,1.284018635749817,-0.11878716075877917
TOKYOTECH_s05,133,189,139.3,0.8880786299705505,-0.330713513805961
TOKYOTECH_s05,133,190,139.33333333333334,0.5667853951454163,-0.5263034015157888
TOKYOTECH_s05,133,191,139.36666666666667,0.4389430284500122,-0.699296013036791
TOKYOTECH_s05,133,192,139.4,0.44909417629241943,-0.843660271111534
TOKYOTECH_s05,133,193,139.43333333333334,0.5763577222824097,-0.9551106301512816
TOKYOTECH_s05,133,194,139.46666666666667,0.6364188194274902,-1.032734855599806
TOKYOTECH_s05,133,195,139.5,0.3627825677394867,-1.0772020901437598
TOKYOTECH_s05,133,196,139.53333333333333,-0.07364629954099655,-1.0853184466245624
TOKYOTECH_s05,133,197,139.56666666666666,-0.38443222641944885,-1.0454330654802892
TOKYOTECH_s05,133,198,139.6,-0.5821573734283447,-0.9394434824594412
TOKYOTECH_s05,133,199,139.63333333333333,-0.8745643496513367,-0.7527863642982842
TOKYOTECH_s05,133,200,139.66666666666666,-1.0042855739593506,-0.48642495559701027
TOKYOTECH_s05,133,201,139.7,-0.9795220494270325,-0.16178177768757326
TOKYOTECH_s05,133,202,139.73333333333332,-1.0065650939941406,0.18500232488713836
TOKYOTECH_s05,133,203,139.76666666666668,-0.978711724281311,0.514805622313003
TOKYOTECH_s05,133,204,139.8,-0.9829413890838623,0.7952757437713082
TOKYOTECH_s05,133,205,139.83333333333334,-1.0725833177566528,1.0039064293949465
TOKYOTECH_s05,133,206,139.86666666666667,-1.0751923322677612,1.1260788390946095
TOKYOTECH_s05,133,207,139.9,-1.1834001541137695,1.1533706823818604
TOKYOTECH_s05,133,208,139.93333333333334,-1.3955951929092407,1.085373348281832
TOKYOTECH_s05,133,209,139.96666666666667,-1.1284235715866089,0.9336320976540036
TOKYOTECH_s05,133,210,140.0,0.2953307330608368,0.7238404595288151
TOKYOTECH_s05,133,211,140.03333333333333,1.9434258937835693,0.49308213795469247
TOKYOTECH_s05,133,212,140.06666666666666,2.3743338584899902,0.28145206573837067
TOKYOTECH_s05,133,213,140.1,2.104642391204834,0.12054609631429963
TOKYOTECH_s05,133,214,140.13333333333333,1.7141075134277344,0.023657922531772062
TOKYOTECH_s05,133,215,140.16666666666666,1.3103137016296387,-0.017697072771592028
TOKYOTECH_s05,133,216,140.2,0.9005538821220398,-0.029430588308392125
TOKYOTECH_s05,133,217,140.23333333333332,0.5476762652397156,-0.044837928663790466
TOKYOTECH_s05,133,218,140.26666666666668,0.3674485385417938,-0.09271355686665929
TOKYOTECH_s05,133,219,140.3,0.3988192081451416,-0.18741822134121913
TOKYOTECH_s05,133,220,140.33333333333334,0.4954155385494232,-0.32394467024752954
TOKYOTECH_s05,133,221,140.36666666666667,0.4533505439758301,-0.4796930417366685
TOKYOTECH_s05,133,222,140.4,0.23105783760547638,-0.6224904339535843
TOKYOTECH_s05,133,223,140.43333333333334,-0.09564049541950226,-0.7216801546404066
TOKYOTECH_s05,133,224,140.46666666666667,-0.4762735664844513,-0.7571405981561448
TOKYOTECH_s05,133,225,140.5,-0.7183165550231934,-0.722063989324629
TOKYOTECH_s05,133,226,140.53333333333333,-0.8313150405883789,-0.6196885559534118
TOKYOTECH_s05,133,227,140.56666666666666,-0.979370653629303,-0.45859690160124633
TOKYOTECH_s05,133,228,140.6,-1.018604040145874,-0.25174035344428697
TOKYOTECH_s05,133,229,140.63333333333333,-0.9715791940689087,-0.020015337643823884
TOKYOTECH_s05,133,230,140.66666666666666,-1.0558873414993286,0.20495242633942978
TOKYOTECH_s05,133,231,140.7,-1.036154866218567,0.3855595619668026
TOKYOTECH_s05,133,232,140.73333333333332,-0.9757019877433777,0.4909013637390937
TOKYOTECH_s05,133,233,140.76666666666668,-1.1051383018493652,0.5100738801749044
TOKYOTECH_s05,133,234,140.8,-1.2491422891616821,0.4574208777103073
TOKYOTECH_s05,133,235,140.83333333333334,-1.318615436553955,0.3661302604875079
TOKYOTECH_s05,133,236,140.86666666666667,-1.3837521076202393,0.27359311977625445
TOKYOTECH_s05,133,237,140.9,-0.5459604263305664,0.20618017296956181
TOKYOTECH_s05,133,238,140.93333333333334,1.3990830183029175,0.17031091250493302
TOKYOTECH_s05,133,239,140.96666666666667,2.322366952896118,0.15266434211688326
TOKYOTECH_s05,134,0,134.0,2.3549487590789795,-0.10359706275350875
TOKYOTECH_s05,134,1,134.03333333333333,1.9399975538253784,-1.7264634758345054
TOKYOTECH_s05,134,2,134.06666666666666,1.4275418519973755,-3.1095744376686842
TOKYOTECH_s05,134,3,134.1,0.9604724645614624,-4.075843138901015
TOKYOTECH_s05,134,4,134.13333333333333,0.5023610591888428,-4.550303247482387
TOKYOTECH_s05,134,5,134.16666666666666,0.20806634426116943,-4.567179966218408
TOKYOTECH_s05,134,6,134.2,0.2520280182361603,-4.240879713095627
TOKYOTECH_s05,134,7,134.23333333333332,0.5233490467071533,-3.717659132101333
TOKYOTECH_s05,134,8,134.26666666666668,0.678804337978363,-3.129273583217422
TOKYOTECH_s05,134,9,134.3,0.5210872888565063,-2.5623715054804803
TOKYOTECH_s05,134,10,134.33333333333334,0.1842021942138672,-2.048121167966109
TOKYOTECH_s05,134,11,134.36666666666667,-0.11497222632169724,-1.570610245763619
TOKYOTECH_s05,134,12,134.4,-0.3955094814300537,-1.089620771262081
TOKYOTECH_s05,134,13,134.43333333333334,-0.6802496314048767,-0.5701129675709268
TOKYOTECH_s05,134,14,134.46666666666667,-0.8964249491691589,-0.006376286276322175
TOKYOTECH_s05,134,15,134.5,-0.9556667804718018,0.5706521801692763
TOKYOTECH_s05,134,16,134.53333333333333,-0.9338417649269104,1.1051925669151477
TOKYOTECH_s05,134,17,134.56666666666666,-1.0356383323669434,1.538917171329743
TOKYOTECH_s05,134,18,134.6,-1.0145435333251953,1.831208527518457
TOKYOTECH_s05,134,19,134.63333333333333,-0.9541886448860168,1.9688555073736385
TOKYOTECH_s05,134,20,134.66666666666666,-1.0474724769592285,1.9641368496703235
TOKYOTECH_s05,134,21,134.7,-1.186392068862915,1.846001437094357
TOKYOTECH_s05,134,22,134.73333333333332,-1.1952966451644897,1.6501245948615975
TOKYOTECH_s05,134,23,134.76666666666668,-0.7253689169883728,1.4112099474637065
TOKYOTECH_s05,134,24,134.8,0.8292553424835205,1.1580699466806401
TOKYOTECH_s05,134,25,134.83333333333334,2.099210500717163,0.9107158334121609
TOKYOTECH_s05,134,26,134.86666666666667,2.104081392288208,0.6791560182368895
TOKYOTECH_s05,134,27,134.9,1.614875316619873,0.4644807447907744
TOKYOTECH_s05,134,28,134.93333333333334,1.0558934211730957,0.26254602582870074
TOKYOTECH_s05,134,29,134.96666666666667,0.4954066574573517,0.06887508759022183
TOKYOTECH_s05,134,30,135.0,0.033403970301151276,-0.11829233187948868
TOKYOTECH_s05,134,31,135.03333333333333,-0.14180158078670502,-0.29870391799298995
TOKYOTECH_s05,134,32,135.06666666666666,0.05534473434090614,-0.4721417177362812
TOKYOTECH_s05,134,33,135.1,0.36863285303115845,-0.6371511136051128
TOKYOTECH_s05,134,34,135.13333333333333,0.41465145349502563,-0.7854815432807374
TOKYOTECH_s05,134,35,135.16666666666666,0.24372898042201996,-0.8971257320192135
TOKYOTECH_s05,134,36,135.2,0.01689496822655201,-0.9426470372947123
TOKYOTECH_s05,134,37,135.23333333333332,-0.28243082761764526,-0.8948466113262522
TOKYOTECH_s05,134,38,135.26666666666668,-0.6296897530555725,-0.743657321371994
TOKYOTECH_s05,134,39,135.3,-0.8881882429122925,-0.5040233225474637
TOKYOTECH_s05,134,40,135.33333333333334,-0.9629685282707214,-0.21122220763140717
TOKYOTECH_s05,134,41,135.36666666666667,-1.1370699405670166,0.09277234619686497
TOKYOTECH_s05,134,42,135.4,-1.1215314865112305,0.37252726816594206
TOKYOTECH_s05,134,43,135.43333333333334,-1.0797425508499146,0.6044293827210726
TOKYOTECH_s05,134,44,135.46666666666667,-1.108530879020691,0.774103133679169
TOKYOTECH_s05,134,45,135.5,-1.0877654552459717,0.871982660855638
TOKYOTECH_s05,134,46,135.53333333333333,-1.0893861055374146,0.891805159993592
TOKYOTECH_s05,134,47,135.56666666666666,-1.199846863746643,0.832133244271437
TOKYOTECH_s05,134,48,135.6,-0.799953281879425,0.6988182420504946
TOKYOTECH_s05,134,49,135.63333333333333,0.8062015175819397,0.5067429287568905
TOKYOTECH_s05,134,50,135.66666666666666,2.2519233226776123,0.27984920030796523
TOKYOTECH_s05,134,51,135.7,2.452827215194702,0.04868213294622125
TOKYOTECH_s05,134,52,135.73333333333332,2.131934642791748,-0.15503667730256396
TOKYOTECH_s05,134,53,135.76666666666668,1.7452644109725952,-0.3063873372905525
TOKYOTECH_s05,134,54,135.8,1.357356309890747,-0.3957365209327702
TOKYOTECH_s05,134,55,135.83333333333334,0.8993250727653503,-0.4340795547348361
TOKYOTECH_s05,134,56,135.86666666666667,0.5398224592208862,-0.45128601663839646
TOKYOTECH_s05,134,57,135.9,0.5088791847229004,-0.485513074468556
TOKYOTECH_s05,134,58,135.93333333333334,0.6831230521202087,-0.566581128225172
TOKYOTECH_s05,134,59,135.96666666666667,0.8005560040473938,-0.7004140623113158
TOKYOTECH_s05,134,60,136.0,0.6395353674888611,-0.8626172091102553
TOKYOTECH_s05,134,61,136.03333333333333,0.26908910274505615,-1.0052968698915121
TOKYOTECH_s05,134,62,136.06666666666666,-0.034760214388370514,-1.0739533724543102
TOKYOTECH_s05,134,63,136.1,-0.2851021885871887,-1.0261414570321374
TOKYOTECH_s05,134,64,136.13333333333333,-0.6012397408485413,-0.8444686419465735
TOKYOTECH_s05,134,65,136.16666666666666,-0.8530865907669067,-0.5409558901165756
TOKYOTECH_s05,134,66,136.2,-0.8286970853805542,-0.15343070874589704
TOKYOTECH_s05,134,67,136.23333333333332,-0.8890163898468018,0.2638700546309507
TOKYOTECH_s05,134,68,136.26666666666668,-0.9417846202850342,0.6530477135555395
TOKYOTECH_s05,134,69,136.3,-0.8780370950698853,0.9658480793527146
TOKYOTECH_s05,134,70,136.33333333333334,-0.9716058969497681,1.1738554669660206
TOKYOTECH_s05,134,71,136.36666666666667,-0.9435744285583496,1.271804666328999
TOKYOTECH_s05,134,72,136.4,-1.0038046836853027,1.2723948154418032
TOKYOTECH_s05,134,73,136.43333333333334,-1.1754217147827148,1.1952549168105777
TOKYOTECH_s05,134,74,136.46666666666667,-0.9878299832344055,1.0567759903813048
TOKYOTECH_s05,134,75,136.5,0.26260659098625183,0.8672681111934215
TOKYOTECH_s05,134,76,136.53333333333333,1.9357056617736816,0.6359927038881037
TOKYOTECH_s05,134,77,136.56666666666666,2.4501559734344482,0.37812160926562
TOKYOTECH_s05,134,78,136.6,2.207676649093628,0.11644449619484551
TOKYOTECH_s05,134,79,136.63333333333333,1.8722697496414185,-0.12460435637606944
TOKYOTECH_s05,134,80,136.66666666666666,1.483195185661316,-0.3281532965927348
TOKYOTECH_s05,134,81,136.7,1.122917890548706,-0.4899458270078794
TOKYOTECH_s05,134,82,136.73333333333332,0.7646618485450745,-0.6157812398654914
TOKYOTECH_s05,134,83,136.76666666666668,0.5781920552253723,-0.7144141475565265
TOKYOTECH_s05,134,84,136.8,0.6783502101898193,-0.791941779584165
TOKYOTECH_s05,134,85,136.83333333333334,0.7222139239311218,-0.85108733600493
TOKYOTECH_s05,134,86,136.86666666666667,0.5879068970680237,-0.8931615592153606
TOKYOTECH_s05,134,87,136.9,0.34047672152519226,-0.9176061325961159
TOKYOTECH_s05,134,88,136.93333333333334,0.08749008923768997,-0.9173480515621738
TOKYOTECH_s05,134,89,136.96666666666667,-0.1821034848690033,-0.8743321761133591
TOKYOTECH_s05,134,90,137.0,-0.5008679032325745,-0.7623471532250665
TOKYOTECH_s05,134,91,137.03333333333333,-0.7850470542907715,-0.5598338842664208
TOKYOTECH_s05,134,92,137.06666666666666,-0.8425792455673218,-0.2659852487187696
TOKYOTECH_s05,134,93,137.1,-0.8033726215362549,0.09149371497415357
TOKYOTECH_s05,134,94,137.13333333333333,-0.9071905016899109,0.4628779519504296
TOKYOTECH_s05,134,95,137.16666666666666,-0.9815790057182312,0.7928250493835036
TOKYOTECH_s05,134,96,137.2,-0.9015183448791504,1.037008151698815
TOKYOTECH_s05,134,97,137.23333333333332,-0.9310902953147888,1.1713832607425037
TOKYOTECH_s05,134,98,137.26666666666668,-1.0788966417312622,1.1927586526134506
TOKYOTECH_s05,134,99,137.3,-1.1287708282470703,1.1142169655425092
TOKYOTECH_s05,134,100,137.33333333333334,-1.2228472232818604,0.9590843630786156
TOKYOTECH_s05,134,101,137.36666666666667,-1.1322258710861206,0.7548747332722167
TOKYOTECH_s05,134,102,137.4,0.1555117964744568,0.527640311378232
TOKYOTECH_s05,134,103,137.43333333333334,1.8426889181137085,0.2976781558167373
TOKYOTECH_s05,134,104,137.46666666666667,2.2925992012023926,0.0779310274264079
TOKYOTECH_s05,134,105,137.5,1.9842976331710815,-0.12445513337168444
TOKYOTECH_s05,134,106,137.53333333333333,1.590939998626709,-0.3049170890714103
TOKYOTECH_s05,134,107,137.56666666666666,1.1855701208114624,-0.45940634458862023
TOKYOTECH_s05,134,108,137.6,0.7954893112182617,-0.5853345397134696
TOKYOTECH_s05,134,109,137.63333333333333,0.4608570635318756,-0.6845297822567628
TOKYOTECH_s05,134,110,137.66666666666666,0.40187346935272217,-0.7644049511349861
TOKYOTECH_s05,134,111,137.7,0.5783078074455261,-0.8336497886229272
TOKYOTECH_s05,134,112,137.73333333333332,0.6648687720298767,-0.892863739195335
TOKYOTECH_s05,134,113,137.76666666666668,0.5069558024406433,-0.9260213552897951
TOKYOTECH_s05,134,114,137.8,0.2194107174873352,-0.901008818594053
TOKYOTECH_s05,134,115,137.83333333333334,-0.09036900848150253,-0.7830105688390695
TOKYOTECH_s05,134,116,137.86666666666667,-0.2976219654083252,-0.5546485810392076
TOKYOTECH_s05,134,117,137.9,-0.5612940192222595,-0.23023974036660066
TOKYOTECH_s05,134,118,137.93333333333334,-0.7930522561073303,0.14488481832044667
TOKYOTECH_s05,134,119,137.96666666666667,-0.8220008611679077,0.5092351367724156
TOKYOTECH_s05,134,120,138.0,-0.8719196915626526,0.8055594267427373
TOKYOTECH_s05,134,121,138.03333333333333,-0.9218652248382568,0.9967972767214247
TOKYOTECH_s05,134,122,138.06666666666666,-0.8360255360603333,1.072335620546133
TOKYOTECH_s05,134,123,138.1,-0.8743239045143127,1.045254083505568
TOKYOTECH_s05,134,124,138.13333333333333,-0.9207075834274292,0.9439304002754083
TOKYOTECH_s05,134,125,138.16666666666666,-1.0434209108352661,0.8012372806581594
TOKYOTECH_s05,134,126,138.2,-1.0942835807800293,0.6441148737641412
TOKYOTECH_s05,134,127,138.23333333333332,-0.2858234643936157,0.48653384955389983
TOKYOTECH_s05,134,128,138.26666666666668,1.22702956199646,0.32890608942908695
TOKYOTECH_s05,134,129,138.3,2.004199266433716,0.16473608876045934
TOKYOTECH_s05,134,130,138.33333333333334,1.894317388534546,-0.009434774486608889
TOKYOTECH_s05,134,131,138.36666666666667,1.4964183568954468,-0.1877654297642086
TOKYOTECH_s05,134,132,138.4,1.0218068361282349,-0.35711919145203513
TOKYOTECH_s05,134,133,138.43333333333334,0.4812840521335602,-0.5056931599548006
TOKYOTECH_s05,134,134,138.46666666666667,0.00013664166908711195,-0.631234837033479
TOKYOTECH_s05,134,135,138.5,0.00856032781302929,-0.7415924682866066
TOKYOTECH_s05,134,136,138.53333333333333,0.22465547919273376,-0.8461590849279498
TOKYOTECH_s05,134,137,138.56666666666666,0.34698593616485596,-0.9440637036158721
TOKYOTECH_s05,134,138,138.6,0.3518032729625702,-1.0179680977516807
TOKYOTECH_s05,134,139,138.63333333333333,0.17376609146595,-1.0387204866052966
TOKYOTECH_s05,134,140,138.66666666666666,-0.21521052718162537,-0.9782287692168609
TOKYOTECH_s05,134,141,138.7,-0.5252307057380676,-0.8221929855371781
TOKYOTECH_s05,134,142,138.73333333333332,-0.7563032507896423,-0.5755534891745887
TOKYOTECH_s05,134,143,138.76666666666668,-0.9475191235542297,-0.25962903703024626
TOKYOTECH_s05,134,144,138.8,-1.0758512020111084,0.0945774092229592
TOKYOTECH_s05,134,145,138.83333333333334,-1.1084240674972534,0.45188821884917035
TOKYOTECH_s05,134,146,138.86666666666667,-1.1416646242141724,0.7766144989509997
TOKYOTECH_s05,134,147,138.9,-1.1064916849136353,1.0370286796398773
TOKYOTECH_s05,134,148,138.93333333333334,-1.0602861642837524,1.2111880878220191
TOKYOTECH_s05,134,149,138.96666666666667,-1.1287975311279297,1.2909486512443342
TOKYOTECH_s05,134,150,139.0,-1.2127851247787476,1.2810962988044454
TOKYOTECH_s05,134,151,139.03333333333333,-1.3144036531448364,1.1939778839562334
TOKYOTECH_s05,134,152,139.06666666666666,-1.1431161165237427,1.0433010094488628
TOKYOTECH_s05,134,153,139.1,0.1877283900976181,0.8412372578932067
TOKYOTECH_s05,134,154,139.13333333333333,1.9369432926177979,0.6001348148225794
TOKYOTECH_s05,134,155,139.16666666666666,2.3860700130462646,0.3361947708198331
TOKYOTECH_s05,134,156,139.2,2.099860668182373,0.07050025100357579
TOKYOTECH_s05,134,157,139.23333333333332,1.7091832160949707,-0.1752199427458106
TOKYOTECH_s05,134,158,139.26666666666668,1.284018635749817,-0.38578647171692976
TOKYOTECH_s05,134,159,139.3,0.8880786299705505,-0.5572778128430277
TOKYOTECH_s05,134,160,139.33333333333334,0.5667853951454163,-0.6958228808852405
TOKYOTECH_s05,134,161,139.36666666666667,0.4389430284500122,-0.8117186090291589
TOKYOTECH_s05,134,162,139.4,0.44909417629241943,-0.9129633661644802
TOKYOTECH_s05,134,163,139.43333333333334,0.5763577222824097,-1.0015428052587472
TOKYOTECH_s05,134,164,139.46666666666667,0.6364188194274902,-1.072658083687542
TOKYOTECH_s05,134,165,139.5,0.3627825677394867,-1.1148681049419842
TOKYOTECH_s05,134,166,139.53333333333333,-0.07364629954099655,-1.1101165185261404
TOKYOTECH_s05,134,167,139.56666666666666,-0.38443222641944885,-1.0354005518603313
TOKYOTECH_s05,134,168,139.6,-0.5821573734283447,-0.8690753445116585
TOKYOTECH_s05,134,169,139.63333333333333,-0.8745643496513367,-0.6018647807177634
TOKYOTECH_s05,134,170,139.66666666666666,-1.0042855739593506,-0.24684307568930922
TOKYOTECH_s05,134,171,139.7,-0.9795220494270325,0.1593409673992512
TOKYOTECH_s05,134,172,139.73333333333332,-1.0065650939941406,0.5659138665482963
TOKYOTECH_s05,134,173,139.76666666666668,-0.978711724281311,0.9222401769574188
TOKYOTECH_s05,134,174,139.8,-0.9829413890838623,1.1888816574069023
TOKYOTECH_s05,134,175,139.83333333333334,-1.0725833177566528,1.341457589042104
TOKYOTECH_s05,134,176,139.86666666666667,-1.0751923322677612,1.3692794703996876
TOKYOTECH_s05,134,177,139.9,-1.1834001541137695,1.2737555245976826
TOKYOTECH_s05,134,178,139.93333333333334,-1.3955951929092407,1.0694428606217836
TOKYOTECH_s05,134,179,139.96666666666667,-1.1284235715866089,0.7861188182328005
TOKYOTECH_s05,134,180,140.0,0.2953307330608368,0.46763916527278676
TOKYOTECH_s05,134,181,140.03333333333333,1.9434258937835693,0.16451835910401438
TOKYOTECH_s05,134,182,140.06666666666666,2.3743338584899902,-0.07879419352596753
TOKYOTECH_s05,134,183,140.1,2.104642391204834,-0.2370130023500375
TOKYOTECH_s05,134,184,140.13333333333333,1.7141075134277344,-0.3114950608509572
TOKYOTECH_s05,134,185,140.16666666666666,1.3103137016296387,-0.3284380946226917
TOKYOTECH_s05,134,186,140.2,0.9005538821220398,-0.3283738697971677
TOKYOTECH_s05,134,187,140.23333333333332,0.5476762652397156,-0.3511145558138031
TOKYOTECH_s05,134,188,140.26666666666668,0.3674485385417938,-0.42147677822714624
TOKYOTECH_s05,134,189,140.3,0.3988192081451416,-0.5403773782687876
TOKYOTECH_s05,134,190,140.33333333333334,0.4954155385494232,-0.6843474948726015
TOKYOTECH_s05,134,191,140.36666666666667,0.4533505439758301,-0.8139936335314919
TOKYOTECH_s05,134,192,140.4,0.23105783760547638,-0.8884297653441544
TOKYOTECH_s05,134,193,140.43333333333334,-0.09564049541950226,-0.879748957150613
TOKYOTECH_s05,134,194,140.46666666666667,-0.4762735664844513,-0.7811593275164919
TOKYOTECH_s05,134,195,140.5,-0.7183165550231934,-0.6054448241644778
TOKYOTECH_s05,134,196,140.53333333333333,-0.8313150405883789,-0.375861590573909
TOKYOTECH_s05,134,197,140.56666666666666,-0.979370653629303,-0.11599913051695801
TOKYOTECH_s05,134,198,140.6,-1.018604040145874,0.1547926436238755
TOKYOTECH_s05,134,199,140.63333333333333,-0.9715791940689087,0.4187086313589956
TOKYOTECH_s05,134,200,140.66666666666666,-1.0558873414993286,0.6545869573909566
TOKYOTECH_s05,134,201,140.7,-1.036154866218567,0.8380421238504034
TOKYOTECH_s05,134,202,140.73333333333332,-0.9757019877433777,0.9484702798037312
TOKYOTECH_s05,134,203,140.76666666666668,-1.1051383018493652,0.9776651914269343
TOKYOTECH_s05,134,204,140.8,-1.2491422891616821,0.9331745340036716
TOKYOTECH_s05,134,205,140.83333333333334,-1.318615436553955,0.8337829737051354
TOKYOTECH_s05,134,206,140.86666666666667,-1.3837521076202393,0.700466027587604
TOKYOTECH_s05,134,207,140.9,-0.5459604263305664,0.5491495075308034
TOKYOTECH_s05,134,208,140.93333333333334,1.3990830183029175,0.38942016183432937
TOKYOTECH_s05,134,209,140.96666666666667,2.322366952896118,0.2281812277385777
TOKYOTECH_s05,134,210,141.0,2.0202274322509766,0.0733705863196985
TOKYOTECH_s05,134,211,141.03333333333333,1.5751433372497559,-0.0666368807423589
TOKYOTECH_s05,134,212,141.06666666666666,1.1505485773086548,-0.1876553975800021
TOKYOTECH_s05,134,213,141.1,0.6478700041770935,-0.2936674806905585
TOKYOTECH_s05,134,214,141.13333333333333,0.2353409230709076,-0.3955834570114576
TOKYOTECH_s05,134,215,141.16666666666666,0.12574395537376404,-0.5044304584400128
TOKYOTECH_s05,134,216,141.2,0.2698726952075958,-0.6233536445538124
TOKYOTECH_s05,134,217,141.23333333333332,0.4572151005268097,-0.743833381563864
TOKYOTECH_s05,134,218,141.26666666666668,0.5045070648193359,-0.8476827954193246
TOKYOTECH_s05,134,219,141.3,0.32832202315330505,-0.9120851558557482
TOKYOTECH_s05,134,220,141.33333333333334,-0.06267591565847397,-0.9146196672653325
TOKYOTECH_s05,134,221,141.36666666666667,-0.4551965296268463,-0.8379757674164945
TOKYOTECH_s05,134,222,141.4,-0.6878095865249634,-0.6759917843390475
TOKYOTECH_s05,134,223,141.43333333333334,-0.9266736507415771,-0.4406259853358789
TOKYOTECH_s05,134,224,141.46666666666667,-1.0332787036895752,-0.16460173079649573
TOKYOTECH_s05,134,225,141.5,-1.0895018577575684,0.10614694756803748
TOKYOTECH_s05,134,226,141.53333333333333,-1.0714079141616821,0.32866132486238786
TOKYOTECH_s05,134,227,141.56666666666666,-1.0844796895980835,0.47815489991407273
TOKYOTECH_s05,134,228,141.6,-1.048523187637329,0.5526928938925183
TOKYOTECH_s05,134,229,141.63333333333333,-1.1204540729522705,0.5655458708621829
TOKYOTECH_s05,134,230,141.66666666666666,-1.169063925743103,0.5322405221982404
TOKYOTECH_s05,134,231,141.7,-1.230870246887207,0.46238277586636806
TOKYOTECH_s05,134,232,141.73333333333332,-0.870566189289093,0.3611757621161388
TOKYOTECH_s05,134,233,141.76666666666668,0.6335426568984985,0.2373378371817954
TOKYOTECH_s05,134,234,141.8,1.973799228668213,0.10970592987634277
TOKYOTECH_s05,134,235,141.83333333333334,2.125345468521118,0.006353549944530291
TOKYOTECH_s05,134,236,141.86666666666667,1.7648454904556274,-0.044419623096380194
TOKYOTECH_s05,134,237,141.9,1.3278378248214722,-0.026387915631028627
TOKYOTECH_s05,134,238,141.93333333333334,0.8683105707168579,0.05582991371548969
TOKYOTECH_s05,134,239,141.96666666666667,0.3471195101737976,0.17627036956039357
TOKYOTECH_s05,135,0,135.0,0.033403970301151276,-0.060808834680964055
TOKYOTECH_s05,135,1,135.03333333333333,-0.14180158078670502,-1.6615108826788936
TOKYOTECH_s05,135,2,135.06666666666666,0.05534473434090614,-3.035569213029873
TOKYOTECH_s05,135,3,135.1,0.36863285303115845,-4.008351896080953
TOKYOTECH_s05,135,4,135.13333333333333,0.41465145349502563,-4.489865605812353
TOKYOTECH_s05,135,5,135.16666666666666,0.24372898042201996,-4.484985706446703
TOKYOTECH_s05,135,6,135.2,0.01689496822655201,-4.0764491786960395
TOKYOTECH_s05,135,7,135.23333333333332,-0.28243082761764526,-3.3923854088026966
TOKYOTECH_s05,135,8,135.26666666666668,-0.6296897530555725,-2.5723308000715814
TOKYOTECH_s05,135,9,135.3,-0.8881882429122925,-1.7394213636865095
TOKYOTECH_s05,135,10,135.33333333333334,-0.9629685282707214,-0.9815351341373629
TOKYOTECH_s05,135,11,135.36666666666667,-1.1370699405670166,-0.34312968058453985
TOKYOTECH_s05,135,12,135.4,-1.1215314865112305,0.17044395954785563
TOKYOTECH_s05,135,13,135.43333333333334,-1.0797425508499146,0.577235224422211
TOKYOTECH_s05,135,14,135.46666666666667,-1.108530879020691,0.8987891752638764
TOKYOTECH_s05,135,15,135.5,-1.0877654552459717,1.1461640263770378
TOKYOTECH_s05,135,16,135.53333333333333,-1.0893861055374146,1.3171026450068433
TOKYOTECH_s05,135,17,135.56666666666666,-1.199846863746643,1.4020021733478618
TOKYOTECH_s05,135,18,135.6,-0.799953281879425,1.3929843744110477
TOKYOTECH_s05,135,19,135.63333333333333,0.8062015175819397,1.2914469211127064
TOKYOTECH_s05,135,20,135.66666666666666,2.2519233226776123,1.1117833140506201
TOKYOTECH_s05,135,21,135.7,2.452827215194702,0.8806552022237912
TOKYOTECH_s05,135,22,135.73333333333332,2.131934642791748,0.6320243020600813
TOKYOTECH_s05,135,23,135.76666666666668,1.7452644109725952,0.3988670177269922
TOKYOTECH_s05,135,24,135.8,1.357356309890747,0.20377461587538928
TOKYOTECH_s05,135,25,135.83333333333334,0.8993250727653503,0.05200481239248878
TOKYOTECH_s05,135,26,135.86666666666667,0.5398224592208862,-0.0691955763003285
TOKYOTECH_s05,135,27,135.9,0.5088791847229004,-0.18311742360909167
TOKYOTECH_s05,135,28,135.93333333333334,0.6831230521202087,-0.310074469820359
TOKYOTECH_s05,135,29,135.96666666666667,0.8005560040473938,-0.4539024566317699
TOKYOTECH_s05,135,30,136.0,0.6395353674888611,-0.5957250663966667
TOKYOTECH_s05,135,31,136.03333333333333,0.26908910274505615,-0.6990318189938751
TOKYOTECH_s05,135,32,136.06666666666666,-0.034760214388370514,-0.723683617378737
TOKYOTECH_s05,135,33,136.1,-0.2851021885871887,-0.6416020923397323
TOKYOTECH_s05,135,34,136.13333333333333,-0.6012397408485413,-0.44730630576380476
TOKYOTECH_s05,135,35,136.16666666666666,-0.8530865907669067,-0.160440941110828
TOKYOTECH_s05,135,36,136.2,-0.8286970853805542,0.17881460801218554
TOKYOTECH_s05,135,37,136.23333333333332,-0.8890163898468018,0.5189836684160979
TOKYOTECH_s05,135,38,136.26666666666668,-0.9417846202850342,0.8089444880550994
TOKYOTECH_s05,135,39,136.3,-0.8780370950698853,1.0098186458417022
TOKYOTECH_s05,135,40,136.33333333333334,-0.9716058969497681,1.1037062138004627
TOKYOTECH_s05,135,41,136.36666666666667,-0.9435744285583496,1.0953827354912045
TOKYOTECH_s05,135,42,136.4,-1.0038046836853027,1.0054814359615734
TOKYOTECH_s05,135,43,136.43333333333334,-1.1754217147827148,0.8583446344597346
TOKYOTECH_s05,135,44,136.46666666666667,-0.9878299832344055,0.671638559159673
TOKYOTECH_s05,135,45,136.5,0.26260659098625183,0.4541282451519278
TOKYOTECH_s05,135,46,136.53333333333333,1.9357056617736816,0.2118822191115604
TOKYOTECH_s05,135,47,136.56666666666666,2.4501559734344482,-0.04337683642692529
TOKYOTECH_s05,135,48,136.6,2.207676649093628,-0.2913814910874116
TOKYOTECH_s05,135,49,136.63333333333333,1.8722697496414185,-0.508744247073884
TOKYOTECH_s05,135,50,136.66666666666666,1.483195185661316,-0.6784249570238855
TOKYOTECH_s05,135,51,136.7,1.122917890548706,-0.7956739137431311
TOKYOTECH_s05,135,52,136.73333333333332,0.7646618485450745,-0.8665675732327517
TOKYOTECH_s05,135,53,136.76666666666668,0.5781920552253723,-0.9016284974956237
TOKYOTECH_s05,135,54,136.8,0.6783502101898193,-0.9099955447276814
TOKYOTECH_s05,135,55,136.83333333333334,0.7222139239311218,-0.8975822740920028
TOKYOTECH_s05,135,56,136.86666666666667,0.5879068970680237,-0.8680798825343609
TOKYOTECH_s05,135,57,136.9,0.34047672152519226,-0.8229816894673334
TOKYOTECH_s05,135,58,136.93333333333334,0.08749008923768997,-0.7587538261631649
TOKYOTECH_s05,135,59,136.96666666666667,-0.1821034848690033,-0.6638236027628273
TOKYOTECH_s05,135,60,137.0,-0.5008679032325745,-0.5206940637346862
TOKYOTECH_s05,135,61,137.03333333333333,-0.7850470542907715,-0.31554089900132315
TOKYOTECH_s05,135,62,137.06666666666666,-0.8425792455673218,-0.050193077590013596
TOKYOTECH_s05,135,63,137.1,-0.8033726215362549,0.2526957784650958
TOKYOTECH_s05,135,64,137.13333333333333,-0.9071905016899109,0.5556918026314784
TOKYOTECH_s05,135,65,137.16666666666666,-0.9815790057182312,0.8196495579678791
TOKYOTECH_s05,135,66,137.2,-0.9015183448791504,1.0153494409040587
TOKYOTECH_s05,135,67,137.23333333333332,-0.9310902953147888,1.1278088736660619
TOKYOTECH_s05,135,68,137.26666666666668,-1.0788966417312622,1.1538336403189444
TOKYOTECH_s05,135,69,137.3,-1.1287708282470703,1.0977678055814175
TOKYOTECH_s05,135,70,137.33333333333334,-1.2228472232818604,0.9691118313901339
TOKYOTECH_s05,135,71,137.36666666666667,-1.1322258710861206,0.7818236551903687
TOKYOTECH_s05,135,72,137.4,0.1555117964744568,0.5534023982184959
TOKYOTECH_s05,135,73,137.43333333333334,1.8426889181137085,0.30287742197661705
TOKYOTECH_s05,135,74,137.46666666666667,2.2925992012023926,0.04857493555062619
TOKYOTECH_s05,135,75,137.5,1.9842976331710815,-0.19302071643092109
TOKYOTECH_s05,135,76,137.53333333333333,1.590939998626709,-0.4073949093799994
TOKYOTECH_s05,135,77,137.56666666666666,1.1855701208114624,-0.5826437386074941
TOKYOTECH_s05,135,78,137.6,0.7954893112182617,-0.7117005711442942
TOKYOTECH_s05,135,79,137.63333333333333,0.4608570635318756,-0.7951070456424791
TOKYOTECH_s05,135,80,137.66666666666666,0.40187346935272217,-0.8413241114318508
TOKYOTECH_s05,135,81,137.7,0.5783078074455261,-0.8619186434377514
TOKYOTECH_s05,135,82,137.73333333333332,0.6648687720298767,-0.8623658798630629
TOKYOTECH_s05,135,83,137.76666666666668,0.5069558024406433,-0.833801989375368
TOKYOTECH_s05,135,84,137.8,0.2194107174873352,-0.7531872473058786
TOKYOTECH_s05,135,85,137.83333333333334,-0.09036900848150253,-0.5952407580249371
TOKYOTECH_s05,135,86,137.86666666666667,-0.2976219654083252,-0.3501526319419224
TOKYOTECH_s05,135,87,137.9,-0.5612940192222595,-0.035164386490339435
TOKYOTECH_s05,135,88,137.93333333333334,-0.7930522561073303,0.3077310406774287
TOKYOTECH_s05,135,89,137.96666666666667,-0.8220008611679077,0.6259811414712659
TOKYOTECH_s05,135,90,138.0,-0.8719196915626526,0.8737766846250884
TOKYOTECH_s05,135,91,138.03333333333333,-0.9218652248382568,1.0237452778144425
TOKYOTECH_s05,135,92,138.06666666666666,-0.8360255360603333,1.0698123339514174
TOKYOTECH_s05,135,93,138.1,-0.8743239045143127,1.0235626219568574
TOKYOTECH_s05,135,94,138.13333333333333,-0.9207075834274292,0.907776406070534
TOKYOTECH_s05,135,95,138.16666666666666,-1.0434209108352661,0.7492211735515264
TOKYOTECH_s05,135,96,138.2,-1.0942835807800293,0.5716262121836642
TOKYOTECH_s05,135,97,138.23333333333332,-0.2858234643936157,0.3902613682008086
TOKYOTECH_s05,135,98,138.26666666666668,1.22702956199646,0.21055078945722067
TOKYOTECH_s05,135,99,138.3,2.004199266433716,0.03210420842744032
TOKYOTECH_s05,135,100,138.33333333333334,1.894317388534546,-0.14428159638453672
TOKYOTECH_s05,135,101,138.36666666666667,1.4964183568954468,-0.312051142338332
TOKYOTECH_s05,135,102,138.4,1.0218068361282349,-0.46062816403518086
TOKYOTECH_s05,135,103,138.43333333333334,0.4812840521335602,-0.5823315928200509
TOKYOTECH_s05,135,104,138.46666666666667,0.00013664166908711195,-0.6787004788850814
TOKYOTECH_s05,135,105,138.5,0.00856032781302929,-0.7600975883216757
TOKYOTECH_s05,135,106,138.53333333333333,0.22465547919273376,-0.837366341256883
TOKYOTECH_s05,135,107,138.56666666666666,0.34698593616485596,-0.9106903221604413
TOKYOTECH_s05,135,108,138.6,0.3518032729625702,-0.9636121845328474
TOKYOTECH_s05,135,109,138.63333333333333,0.17376609146595,-0.9671796742319094
TOKYOTECH_s05,135,110,138.66666666666666,-0.21521052718162537,-0.8922146613092633
TOKYOTECH_s05,135,111,138.7,-0.5252307057380676,-0.7223307791618865
TOKYOTECH_s05,135,112,138.73333333333332,-0.7563032507896423,-0.46089031451035606
TOKYOTECH_s05,135,113,138.76666666666668,-0.9475191235542297,-0.13014171847763797
TOKYOTECH_s05,135,114,138.8,-1.0758512020111084,0.23430592863373484
TOKYOTECH_s05,135,115,138.83333333333334,-1.1084240674972534,0.5897304001985069
TOKYOTECH_s05,135,116,138.86666666666667,-1.1416646242141724,0.8927636157559113
TOKYOTECH_s05,135,117,138.9,-1.1064916849136353,1.107786591275384
TOKYOTECH_s05,135,118,138.93333333333334,-1.0602861642837524,1.216082062020164
TOKYOTECH_s05,135,119,138.96666666666667,-1.1287975311279297,1.220762185709245
TOKYOTECH_s05,135,120,139.0,-1.2127851247787476,1.1432842825820608
TOKYOTECH_s05,135,121,139.03333333333333,-1.3144036531448364,1.012434459634201
TOKYOTECH_s05,135,122,139.06666666666666,-1.1431161165237427,0.8518782036260307
TOKYOTECH_s05,135,123,139.1,0.1877283900976181,0.6734905906800481
TOKYOTECH_s05,135,124,139.13333333333333,1.9369432926177979,0.47937771437210314
TOKYOTECH_s05,135,125,139.16666666666666,2.3860700130462646,0.26940162508641574
TOKYOTECH_s05,135,126,139.2,2.099860668182373,0.0479271228056078
TOKYOTECH_s05,135,127,139.23333333333332,1.7091832160949707,-0.1747567307141077
TOKYOTECH_s05,135,128,139.26666666666668,1.284018635749817,-0.3860052515759843
TOKYOTECH_s05,135,129,139.3,0.8880786299705505,-0.5753878654522708
TOKYOTECH_s05,135,130,139.33333333333334,0.5667853951454163,-0.7368662371287386
TOKYOTECH_s05,135,131,139.36666666666667,0.4389430284500122,-0.8682431518134247
TOKYOTECH_s05,135,132,139.4,0.44909417629241943,-0.9695802080183805
TOKYOTECH_s05,135,133,139.43333333333334,0.5763577222824097,-1.0418869610845545
TOKYOTECH_s05,135,134,139.46666666666667,0.6364188194274902,-1.0855309915906426
TOKYOTECH_s05,135,135,139.5,0.3627825677394867,-1.0971788960477091
TOKYOTECH_s05,135,136,139.53333333333333,-0.07364629954099655,-1.0661438004322359
TOKYOTECH_s05,135,137,139.56666666666666,-0.38443222641944885,-0.9737172778759154
TOKYOTECH_s05,135,138,139.6,-0.5821573734283447,-0.7991212539404271
TOKYOTECH_s05,135,139,139.63333333333333,-0.8745643496513367,-0.5315628117368574
TOKYOTECH_s05,135,140,139.66666666666666,-1.0042855739593506,-0.1816995660043948
TOKYOTECH_s05,135,141,139.7,-0.9795220494270325,0.21593568645874994
TOKYOTECH_s05,135,142,139.73333333333332,-1.0065650939941406,0.6119430896627153
TOKYOTECH_s05,135,143,139.76666666666668,-0.978711724281311,0.9568106445870853
TOKYOTECH_s05,135,144,139.8,-0.9829413890838623,1.2130549203047047
TOKYOTECH_s05,135,145,139.83333333333334,-1.0725833177566528,1.3599383193369035
TOKYOTECH_s05,135,146,139.86666666666667,-1.0751923322677612,1.3918727886323812
TOKYOTECH_s05,135,147,139.9,-1.1834001541137695,1.315080366356978
TOKYOTECH_s05,135,148,139.93333333333334,-1.3955951929092407,1.1457438764782524
TOKYOTECH_s05,135,149,139.96666666666667,-1.1284235715866089,0.9092862146026787
TOKYOTECH_s05,135,150,140.0,0.2953307330608368,0.6383842089074471
TOKYOTECH_s05,135,151,140.03333333333333,1.9434258937835693,0.3679235843624611
TOKYOTECH_s05,135,152,140.06666666666666,2.3743338584899902,0.12734409789431897
TOKYOTECH_s05,135,153,140.1,2.104642391204834,-0.06684433073116168
TOKYOTECH_s05,135,154,140.13333333333333,1.7141075134277344,-0.2146867514861451
TOKYOTECH_s05,135,155,140.16666666666666,1.3103137016296387,-0.3302806441099849
TOKYOTECH_s05,135,156,140.2,0.9005538821220398,-0.4340628368078267
TOKYOTECH_s05,135,157,140.23333333333332,0.5476762652397156,-0.5434086907839255
TOKYOTECH_s05,135,158,140.26666666666668,0.3674485385417938,-0.6652430270674928
TOKYOTECH_s05,135,159,140.3,0.3988192081451416,-0.7928485781903807
TOKYOTECH_s05,135,160,140.33333333333334,0.4954155385494232,-0.9074538324267716
TOKYOTECH_s05,135,161,140.36666666666667,0.4533505439758301,-0.9839594664722542
TOKYOTECH_s05,135,162,140.4,0.23105783760547638,-0.9990996080692481
TOKYOTECH_s05,135,163,140.43333333333334,-0.09564049541950226,-0.9392835932320255
TOKYOTECH_s05,135,164,140.46666666666667,-0.4762735664844513,-0.8047937992073173
TOKYOTECH_s05,135,165,140.5,-0.7183165550231934,-0.6082143828020001
TOKYOTECH_s05,135,166,140.53333333333333,-0.8313150405883789,-0.3682459886231705
TOKYOTECH_s05,135,167,140.56666666666666,-0.979370653629303,-0.10327867565188495
TOKYOTECH_s05,135,168,140.6,-1.018604040145874,0.17056180831590312
TOKYOTECH_s05,135,169,140.63333333333333,-0.9715791940689087,0.43603552293771547
TOKYOTECH_s05,135,170,140.66666666666666,-1.0558873414993286,0.6710491374378482
TOKYOTECH_s05,135,171,140.7,-1.036154866218567,0.8509216262211791
TOKYOTECH_s05,135,172,140.73333333333332,-0.9757019877433777,0.956953289486526
TOKYOTECH_s05,135,173,140.76666666666668,-1.1051383018493652,0.9846841377981407
TOKYOTECH_s05,135,174,140.8,-1.2491422891616821,0.9449790192165146
TOKYOTECH_s05,135,175,140.83333333333334,-1.318615436553955,0.8567602776127151
TOKYOTECH_s05,135,176,140.86666666666667,-1.3837521076202393,0.7364592132162879
TOKYOTECH_s05,135,177,140.9,-0.5459604263305664,0.5914979068317792
TOKYOTECH_s05,135,178,140.93333333333334,1.3990830183029175,0.4218511590152245
TOKYOTECH_s05,135,179,140.96666666666667,2.322366952896118,0.2276663136526788
TOKYOTECH_s05,135,180,141.0,2.0202274322509766,0.016524589239921252
TOKYOTECH_s05,135,181,141.03333333333333,1.5751433372497559,-0.19553603494004773
TOKYOTECH_s05,135,182,141.06666666666666,1.1505485773086548,-0.38985224001192564
TOKYOTECH_s05,135,183,141.1,0.6478700041770935,-0.5530291642763595
TOKYOTECH_s05,135,184,141.13333333333333,0.2353409230709076,-0.6810731485684176
TOKYOTECH_s05,135,185,141.16666666666666,0.12574395537376404,-0.7773472233136854
TOKYOTECH_s05,135,186,141.2,0.2698726952075958,-0.8466508228266599
TOKYOTECH_s05,135,187,141.23333333333332,0.4572151005268097,-0.889909101853089
TOKYOTECH_s05,135,188,141.26666666666668,0.5045070648193359,-0.9020808021639112
TOKYOTECH_s05,135,189,141.3,0.32832202315330505,-0.8728248834678005
TOKYOTECH_s05,135,190,141.33333333333334,-0.06267591565847397,-0.7886397800605628
TOKYOTECH_s05,135,191,141.36666666666667,-0.4551965296268463,-0.6366130893712614
TOKYOTECH_s05,135,192,141.4,-0.6878095865249634,-0.41105720890028635
TOKYOTECH_s05,135,193,141.43333333333334,-0.9266736507415771,-0.12207033319535719
TOKYOTECH_s05,135,194,141.46666666666667,-1.0332787036895752,0.19991167742471325
TOKYOTECH_s05,135,195,141.5,-1.0895018577575684,0.5102061332255386
TOKYOTECH_s05,135,196,141.53333333333333,-1.0714079141616821,0.7656884131320224
TOKYOTECH_s05,135,197,141.56666666666666,-1.0844796895980835,0.9408643436562906
TOKYOTECH_s05,135,198,141.6,-1.048523187637329,1.0341120450367018
TOKYOTECH_s05,135,199,141.63333333333333,-1.1204540729522705,1.0610628097883208
TOKYOTECH_s05,135,200,141.66666666666666,-1.169063925743103,1.0408526347377554
TOKYOTECH_s05,135,201,141.7,-1.230870246887207,0.9848971279969007
TOKYOTECH_s05,135,202,141.73333333333332,-0.870566189289093,0.8942797681849646
TOKYOTECH_s05,135,203,141.76666666666668,0.6335426568984985,0.7649108650571892
TOKYOTECH_s05,135,204,141.8,1.973799228668213,0.5951519058537854
TOKYOTECH_s05,135,205,141.83333333333334,2.125345468521118,0.3906028058354158
TOKYOTECH_s05,135,206,141.86666666666667,1.7648454904556274,0.1639114808334222
TOKYOTECH_s05,135,207,141.9,1.3278378248214722,-0.06901321111601849
TOKYOTECH_s05,135,208,141.93333333333334,0.8683105707168579,-0.2934888513458139
TOKYOTECH_s05,135,209,141.96666666666667,0.3471195101737976,-0.4991251378898254
TOKYOTECH_s05,135,210,142.0,-0.04005841165781021,-0.6810562607887343
TOKYOTECH_s05,135,211,142.03333333333333,0.00940625835210085,-0.8396498305532919
TOKYOTECH_s05,135,212,142.06666666666666,0.2184223085641861,-0.9781602393426337
TOKYOTECH_s05,135,213,142.1,0.33831292390823364,-1.0974716311525399
TOKYOTECH_s05,135,214,142.13333333333333,0.31962230801582336,-1.1890739591553858
TOKYOTECH_s05,135,215,142.16666666666666,0.01848888024687767,-1.2304109504670746
TOKYOTECH_s05,135,216,142.2,-0.40245500206947327,-1.1878035183651718
TOKYOTECH_s05,135,217,142.23333333333332,-0.6896706223487854,-1.0290298449012987
TOKYOTECH_s05,135,218,142.26666666666668,-0.9564504027366638,-0.7410757838497917
TOKYOTECH_s05,135,219,142.3,-1.1172573566436768,-0.343488036795557
TOKYOTECH_s05,135,220,142.33333333333334,-1.2165250778198242,0.1112173326950027
TOKYOTECH_s05,135,221,142.36666666666667,-1.276123046875,0.5517327431586194
TOKYOTECH_s05,135,222,142.4,-1.255607008934021,0.9098853313954517
TOKYOTECH_s05,135,223,142.43333333333334,-1.2500150203704834,1.1395673393305499
TOKYOTECH_s05,135,224,142.46666666666667,-1.1985913515090942,1.2254400398996745
TOKYOTECH_s05,135,225,142.5,-1.2258747816085815,1.1807693360886289
TOKYOTECH_s05,135,226,142.53333333333333,-1.3154098987579346,1.0377865654730203
TOKYOTECH_s05,135,227,142.56666666666666,-1.4568315744400024,0.8347739378775543
TOKYOTECH_s05,135,228,142.6,-1.3001118898391724,0.6036884716501157
TOKYOTECH_s05,135,229,142.63333333333333,-0.08597017079591751,0.36198389253119323
TOKYOTECH_s05,135,230,142.66666666666666,1.917736291885376,0.11211946304022008
TOKYOTECH_s05,135,231,142.7,2.62593150138855,-0.1500332726855988
TOKYOTECH_s05,135,232,142.73333333333332,2.3221445083618164,-0.4216704543518254
TOKYOTECH_s05,135,233,142.76666666666668,1.8949228525161743,-0.6822752005232864
TOKYOTECH_s05,135,234,142.8,1.4579062461853027,-0.892701011325497
TOKYOTECH_s05,135,235,142.83333333333334,0.96116703748703,-1.0058925950574464
TOKYOTECH_s05,135,236,142.86666666666667,0.4516141712665558,-0.9843455102923535
TOKYOTECH_s05,135,237,142.9,0.1945403665304184,-0.8157869254570349
TOKYOTECH_s05,135,238,142.93333333333334,0.26992613077163696,-0.5202853417782178
TOKYOTECH_s05,135,239,142.96666666666667,0.5258156061172485,-0.14689127566539453
TOKYOTECH_s05,136,0,136.0,0.6395353674888611,0.04609007988304066
TOKYOTECH_s05,136,1,136.03333333333333,0.26908910274505615,-1.7129704018699585
TOKYOTECH_s05,136,2,136.06666666666666,-0.034760214388370514,-3.166686630320528
TOKYOTECH_s05,136,3,136.1,-0.2851021885871887,-4.084517355836385
TOKYOTECH_s05,136,4,136.13333333333333,-0.6012397408485413,-4.366015257911861
TOKYOTECH_s05,136,5,136.16666666666666,-0.8530865907669067,-4.056177896521506
TOKYOTECH_s05,136,6,136.2,-0.8286970853805542,-3.3166753314759077
TOKYOTECH_s05,136,7,136.23333333333332,-0.8890163898468018,-2.3676499399559625
TOKYOTECH_s05,136,8,136.26666666666668,-0.9417846202850342,-1.4230661589706053
TOKYOTECH_s05,136,9,136.3,-0.8780370950698853,-0.6393308335749275
TOKYOTECH_s05,136,10,136.33333333333334,-0.9716058969497681,-0.0894504866172369
TOKYOTECH_s05,136,11,136.36666666666667,-0.9435744285583496,0.2335629012131917
TOKYOTECH_s05,136,12,136.4,-1.0038046836853027,0.3893003282502831
TOKYOTECH_s05,136,13,136.43333333333334,-1.1754217147827148,0.45168020168819356
TOKYOTECH_s05,136,14,136.46666666666667,-0.9878299832344055,0.47671107201517304
TOKYOTECH_s05,136,15,136.5,0.26260659098625183,0.48919261375461576
TOKYOTECH_s05,136,16,136.53333333333333,1.9357056617736816,0.4895666295628112
TOKYOTECH_s05,136,17,136.56666666666666,2.4501559734344482,0.4706639784563855
TOKYOTECH_s05,136,18,136.6,2.207676649093628,0.43097500754979723
TOKYOTECH_s05,136,19,136.63333333333333,1.8722697496414185,0.37705042765299895
TOKYOTECH_s05,136,20,136.66666666666666,1.483195185661316,0.31741899109040506
TOKYOTECH_s05,136,21,136.7,1.122917890548706,0.256179854776333
TOKYOTECH_s05,136,22,136.73333333333332,0.7646618485450745,0.19202723392435248
TOKYOTECH_s05,136,23,136.76666666666668,0.5781920552253723,0.12201871155306772
TOKYOTECH_s05,136,24,136.8,0.6783502101898193,0.045548769502333664
TOKYOTECH_s05,136,25,136.83333333333334,0.7222139239311218,-0.03477055279066222
TOKYOTECH_s05,136,26,136.86666666666667,0.5879068970680237,-0.11426393422735917
TOKYOTECH_s05,136,27,136.9,0.34047672152519226,-0.18579140933085841
TOKYOTECH_s05,136,28,136.93333333333334,0.08749008923768997,-0.23663308087144652
TOKYOTECH_s05,136,29,136.96666666666667,-0.1821034848690033,-0.24624123778628104
TOKYOTECH_s05,136,30,137.0,-0.5008679032325745,-0.1903637729329138
TOKYOTECH_s05,136,31,137.03333333333333,-0.7850470542907715,-0.0529541028561031
TOKYOTECH_s05,136,32,137.06666666666666,-0.8425792455673218,0.16078326588087635
TOKYOTECH_s05,136,33,137.1,-0.8033726215362549,0.42047428797996794
TOKYOTECH_s05,136,34,137.13333333333333,-0.9071905016899109,0.679873726340679
TOKYOTECH_s05,136,35,137.16666666666666,-0.9815790057182312,0.89362630840383
TOKYOTECH_s05,136,36,137.2,-0.9015183448791504,1.0313017998054184
TOKYOTECH_s05,136,37,137.23333333333332,-0.9310902953147888,1.0818774969456053
TOKYOTECH_s05,136,38,137.26666666666668,-1.0788966417312622,1.049400931356435
TOKYOTECH_s05,136,39,137.3,-1.1287708282470703,0.9457583079711136
TOKYOTECH_s05,136,40,137.33333333333334,-1.2228472232818604,0.7854239486245287
TOKYOTECH_s05,136,41,137.36666666666667,-1.1322258710861206,0.5830546101783071
TOKYOTECH_s05,136,42,137.4,0.1555117964744568,0.35270868302356917
TOKYOTECH_s05,136,43,137.43333333333334,1.8426889181137085,0.10773357935002677
TOKYOTECH_s05,136,44,137.46666666666667,2.2925992012023926,-0.13892331533337476
TOKYOTECH_s05,136,45,137.5,1.9842976331710815,-0.37414703726476095
TOKYOTECH_s05,136,46,137.53333333333333,1.590939998626709,-0.5845577178708776
TOKYOTECH_s05,136,47,137.56666666666666,1.1855701208114624,-0.7579749122677241
TOKYOTECH_s05,136,48,137.6,0.7954893112182617,-0.8868039479151009
TOKYOTECH_s05,136,49,137.63333333333333,0.4608570635318756,-0.9717401197759018
TOKYOTECH_s05,136,50,137.66666666666666,0.40187346935272217,-1.022219578042077
TOKYOTECH_s05,136,51,137.7,0.5783078074455261,-1.0506868544275787
TOKYOTECH_s05,136,52,137.73333333333332,0.6648687720298767,-1.062046371097929
TOKYOTECH_s05,136,53,137.76666666666668,0.5069558024406433,-1.0447068083489195
TOKYOTECH_s05,136,54,137.8,0.2194107174873352,-0.9710570142805579
TOKYOTECH_s05,136,55,137.83333333333334,-0.09036900848150253,-0.810442880888526
TOKYOTECH_s05,136,56,137.86666666666667,-0.2976219654083252,-0.5486468475630331
TOKYOTECH_s05,136,57,137.9,-0.5612940192222595,-0.2019079176823652
TOKYOTECH_s05,136,58,137.93333333333334,-0.7930522561073303,0.18360668945825606
TOKYOTECH_s05,136,59,137.96666666666667,-0.8220008611679077,0.5468280879742698
TOKYOTECH_s05,136,60,138.0,-0.8719196915626526,0.8327469811571612
TOKYOTECH_s05,136,61,138.03333333333333,-0.9218652248382568,1.0084833032872285
TOKYOTECH_s05,136,62,138.06666666666666,-0.8360255360603333,1.0686007079332434
TOKYOTECH_s05,136,63,138.1,-0.8743239045143127,1.0307139152937836
TOKYOTECH_s05,136,64,138.13333333333333,-0.9207075834274292,0.9257195826743977
TOKYOTECH_s05,136,65,138.16666666666666,-1.0434209108352661,0.786637705124953
TOKYOTECH_s05,136,66,138.2,-1.0942835807800293,0.6388549353311722
TOKYOTECH_s05,136,67,138.23333333333332,-0.2858234643936157,0.4941747157554369
TOKYOTECH_s05,136,68,138.26666666666668,1.22702956199646,0.3511178674651653
TOKYOTECH_s05,136,69,138.3,2.004199266433716,0.20203568697360938
TOKYOTECH_s05,136,70,138.33333333333334,1.894317388534546,0.043147464868222095
TOKYOTECH_s05,136,71,138.36666666666667,1.4964183568954468,-0.11938573830216131
TOKYOTECH_s05,136,72,138.4,1.0218068361282349,-0.2719643429992154
TOKYOTECH_s05,136,73,138.43333333333334,0.4812840521335602,-0.4029874795801507
TOKYOTECH_s05,136,74,138.46666666666667,0.00013664166908711195,-0.5118875447143449
TOKYOTECH_s05,136,75,138.5,0.00856032781302929,-0.6099299066692196
TOKYOTECH_s05,136,76,138.53333333333333,0.22465547919273376,-0.7108496886388094
TOKYOTECH_s05,136,77,138.56666666666666,0.34698593616485596,-0.8171961509160403
TOKYOTECH_s05,136,78,138.6,0.3518032729625702,-0.9119456174507897
TOKYOTECH_s05,136,79,138.63333333333333,0.17376609146595,-0.9618257443855344
TOKYOTECH_s05,136,80,138.66666666666666,-0.21521052718162537,-0.930820125167161
TOKYOTECH_s05,136,81,138.7,-0.5252307057380676,-0.7957283726176122
TOKYOTECH_s05,136,82,138.73333333333332,-0.7563032507896423,-0.5555148002072912
TOKYOTECH_s05,136,83,138.76666666666668,-0.9475191235542297,-0.23141724904438538
TOKYOTECH_s05,136,84,138.8,-1.0758512020111084,0.13934174115981607
TOKYOTECH_s05,136,85,138.83333333333334,-1.1084240674972534,0.5114990414517069
TOKYOTECH_s05,136,86,138.86666666666667,-1.1416646242141724,0.8394872563700537
TOKYOTECH_s05,136,87,138.9,-1.1064916849136353,1.0857159301713188
TOKYOTECH_s05,136,88,138.93333333333334,-1.0602861642837524,1.2284468876783985
TOKYOTECH_s05,136,89,138.96666666666667,-1.1287975311279297,1.2655556212357015
TOKYOTECH_s05,136,90,139.0,-1.2127851247787476,1.2113485391879832
TOKYOTECH_s05,136,91,139.03333333333333,-1.3144036531448364,1.0876827578774746
TOKYOTECH_s05,136,92,139.06666666666666,-1.1431161165237427,0.9144554343995962
TOKYOTECH_s05,136,93,139.1,0.1877283900976181,0.7049823539459802
TOKYOTECH_s05,136,94,139.13333333333333,1.9369432926177979,0.46812291320277577
TOKYOTECH_s05,136,95,139.16666666666666,2.3860700130462646,0.21398294423948847
TOKYOTECH_s05,136,96,139.2,2.099860668182373,-0.04251091469894944
TOKYOTECH_s05,136,97,139.23333333333332,1.7091832160949707,-0.28380495058612754
TOKYOTECH_s05,136,98,139.26666666666668,1.284018635749817,-0.4959266250136758
TOKYOTECH_s05,136,99,139.3,0.8880786299705505,-0.6732657380214383
TOKYOTECH_s05,136,100,139.33333333333334,0.5667853951454163,-0.8181488869414432
TOKYOTECH_s05,136,101,139.36666666666667,0.4389430284500122,-0.9361077258719944
TOKYOTECH_s05,136,102,139.4,0.44909417629241943,-1.0308236654891323
TOKYOTECH_s05,136,103,139.43333333333334,0.5763577222824097,-1.101890868585707
TOKYOTECH_s05,136,104,139.46666666666667,0.6364188194274902,-1.144881177721915
TOKYOTECH_s05,136,105,139.5,0.3627825677394867,-1.1509982488329948
TOKYOTECH_s05,136,106,139.53333333333333,-0.07364629954099655,-1.105659329413963
TOKYOTECH_s05,136,107,139.56666666666666,-0.38443222641944885,-0.9889058749135131
TOKYOTECH_s05,136,108,139.6,-0.5821573734283447,-0.7812060414619909
TOKYOTECH_s05,136,109,139.63333333333333,-0.8745643496513367,-0.4744589370628599
TOKYOTECH_s05,136,110,139.66666666666666,-1.0042855739593506,-0.08233322710492177
TOKYOTECH_s05,136,111,139.7,-0.9795220494270325,0.3575798409388209
TOKYOTECH_s05,136,112,139.73333333333332,-1.0065650939941406,0.7919638146085959
TOKYOTECH_s05,136,113,139.76666666666668,-0.978711724281311,1.165404073452584
TOKYOTECH_s05,136,114,139.8,-0.9829413890838623,1.4323187874336212
TOKYOTECH_s05,136,115,139.83333333333334,-1.0725833177566528,1.563242959107858
TOKYOTECH_s05,136,116,139.86666666666667,-1.0751923322677612,1.546425921657978
TOKYOTECH_s05,136,117,139.9,-1.1834001541137695,1.3881402066587822
TOKYOTECH_s05,136,118,139.93333333333334,-1.3955951929092407,1.1132904117407423
TOKYOTECH_s05,136,119,139.96666666666667,-1.1284235715866089,0.7644864822143105
TOKYOTECH_s05,136,120,140.0,0.2953307330608368,0.3964637522637997
TOKYOTECH_s05,136,121,140.03333333333333,1.9434258937835693,0.06477115375139114
TOKYOTECH_s05,136,122,140.06666666666666,2.3743338584899902,-0.18839707767408923
TOKYOTECH_s05,136,123,140.1,2.104642391204834,-0.3454650423114576
TOKYOTECH_s05,136,124,140.13333333333333,1.7141075134277344,-0.4166148416834633
TOKYOTECH_s05,136,125,140.16666666666666,1.3103137016296387,-0.43329332240688556
TOKYOTECH_s05,136,126,140.2,0.9005538821220398,-0.43518626804848093
TOKYOTECH_s05,136,127,140.23333333333332,0.5476762652397156,-0.45631099425561744
TOKYOTECH_s05,136,128,140.26666666666668,0.3674485385417938,-0.5149527840494921
TOKYOTECH_s05,136,129,140.3,0.3988192081451416,-0.6095308399754111
TOKYOTECH_s05,136,130,140.33333333333334,0.4954155385494232,-0.7204805702503171
TOKYOTECH_s05,136,131,140.36666666666667,0.4533505439758301,-0.817129393998181
TOKYOTECH_s05,136,132,140.4,0.23105783760547638,-0.867567597574723
TOKYOTECH_s05,136,133,140.43333333333334,-0.09564049541950226,-0.8484606582754916
TOKYOTECH_s05,136,134,140.46666666666667,-0.4762735664844513,-0.7512091637264838
TOKYOTECH_s05,136,135,140.5,-0.7183165550231934,-0.5820750352603773
TOKYOTECH_s05,136,136,140.53333333333333,-0.8313150405883789,-0.3571191553677899
TOKYOTECH_s05,136,137,140.56666666666666,-0.979370653629303,-0.09601797391530716
TOKYOTECH_s05,136,138,140.6,-1.018604040145874,0.18063495722690617
TOKYOTECH_s05,136,139,140.63333333333333,-0.9715791940689087,0.4494541340848899
TOKYOTECH_s05,136,140,140.66666666666666,-1.0558873414993286,0.682273281503988
TOKYOTECH_s05,136,141,140.7,-1.036154866218567,0.8499293998064074
TOKYOTECH_s05,136,142,140.73333333333332,-0.9757019877433777,0.9319758675841181
TOKYOTECH_s05,136,143,140.76666666666668,-1.1051383018493652,0.9256973172983223
TOKYOTECH_s05,136,144,140.8,-1.2491422891616821,0.8472333381589282
TOKYOTECH_s05,136,145,140.83333333333334,-1.318615436553955,0.723218433798444
TOKYOTECH_s05,136,146,140.86666666666667,-1.3837521076202393,0.5782390789499323
TOKYOTECH_s05,136,147,140.9,-0.5459604263305664,0.4262897990455988
TOKYOTECH_s05,136,148,140.93333333333334,1.3990830183029175,0.2709907859847174
TOKYOTECH_s05,136,149,140.96666666666667,2.322366952896118,0.11262686924220768
TOKYOTECH_s05,136,150,141.0,2.0202274322509766,-0.04470725241363051
TOKYOTECH_s05,136,151,141.03333333333333,1.5751433372497559,-0.19192638545951024
TOKYOTECH_s05,136,152,141.06666666666666,1.1505485773086548,-0.3201569793934146
TOKYOTECH_s05,136,153,141.1,0.6478700041770935,-0.42709383276245977
TOKYOTECH_s05,136,154,141.13333333333333,0.2353409230709076,-0.5185189282382686
TOKYOTECH_s05,136,155,141.16666666666666,0.12574395537376404,-0.6031762687785266
TOKYOTECH_s05,136,156,141.2,0.2698726952075958,-0.6847240375351878
TOKYOTECH_s05,136,157,141.23333333333332,0.4572151005268097,-0.7566091743747233
TOKYOTECH_s05,136,158,141.26666666666668,0.5045070648193359,-0.802601701116311
TOKYOTECH_s05,136,159,141.3,0.32832202315330505,-0.8013500598212012
TOKYOTECH_s05,136,160,141.33333333333334,-0.06267591565847397,-0.732181043658871
TOKYOTECH_s05,136,161,141.36666666666667,-0.4551965296268463,-0.581126138893685
TOKYOTECH_s05,136,162,141.4,-0.6878095865249634,-0.3476303629632135
TOKYOTECH_s05,136,163,141.43333333333334,-0.9266736507415771,-0.050776923527722936
TOKYOTECH_s05,136,164,141.46666666666667,-1.0332787036895752,0.2699871541612623
TOKYOTECH_s05,136,165,141.5,-1.0895018577575684,0.5644724045340381
TOKYOTECH_s05,136,166,141.53333333333333,-1.0714079141616821,0.7892025379700162
TOKYOTECH_s05,136,167,141.56666666666666,-1.0844796895980835,0.9227635904871758
TOKYOTECH_s05,136,168,141.6,-1.048523187637329,0.969697629819943
TOKYOTECH_s05,136,169,141.63333333333333,-1.1204540729522705,0.9513902002298329
TOKYOTECH_s05,136,170,141.66666666666666,-1.169063925743103,0.8910256207662064
TOKYOTECH_s05,136,171,141.7,-1.230870246887207,0.8026883785692096
TOKYOTECH_s05,136,172,141.73333333333332,-0.870566189289093,0.68995518943569
TOKYOTECH_s05,136,173,141.76666666666668,0.6335426568984985,0.5517782131176043
TOKYOTECH_s05,136,174,141.8,1.973799228668213,0.3894311756826313
TOKYOTECH_s05,136,175,141.83333333333334,2.125345468521118,0.20942856136289648
TOKYOTECH_s05,136,176,141.86666666666667,1.7648454904556274,0.021524962100486548
TOKYOTECH_s05,136,177,141.9,1.3278378248214722,-0.16536488943337732
TOKYOTECH_s05,136,178,141.93333333333334,0.8683105707168579,-0.3458081827599533
TOKYOTECH_s05,136,179,141.96666666666667,0.3471195101737976,-0.5176919738196737
TOKYOTECH_s05,136,180,142.0,-0.04005841165781021,-0.6806002079745292
TOKYOTECH_s05,136,181,142.03333333333333,0.00940625835210085,-0.8345877736139534
TOKYOTECH_s05,136,182,142.06666666666666,0.2184223085641861,-0.9789726727477276
TOKYOTECH_s05,136,183,142.1,0.33831292390823364,-1.109166328132389
TOKYOTECH_s05,136,184,142.13333333333333,0.31962230801582336,-1.2114963979633844
TOKYOTECH_s05,136,185,142.16666666666666,0.01848888024687767,-1.259617827076119
TOKYOTECH_s05,136,186,142.2,-0.40245500206947327,-1.2176247836223062
TOKYOTECH_s05,136,187,142.23333333333332,-0.6896706223487854,-1.052145085633719
TOKYOTECH_s05,136,188,142.26666666666668,-0.9564504027366638,-0.7494820977303746
TOKYOTECH_s05,136,189,142.3,-1.1172573566436768,-0.3287742885401258
TOKYOTECH_s05,136,190,142.33333333333334,-1.2165250778198242,0.15741906055009156
TOKYOTECH_s05,136,191,142.36666666666667,-1.276123046875,0.6371366037634755
TOKYOTECH_s05,136,192,142.4,-1.255607008934021,1.040763557257115
TOKYOTECH_s05,136,193,142.43333333333334,-1.2500150203704834,1.3194331411612044
TOKYOTECH_s05,136,194,142.46666666666667,-1.1985913515090942,1.4531376164409173
TOKYOTECH_s05,136,195,142.5,-1.2258747816085815,1.4489060732764112
TOKYOTECH_s05,136,196,142.53333333333333,-1.3154098987579346,1.333150877244821
TOKYOTECH_s05,136,197,142.56666666666666,-1.4568315744400024,1.1419128072491942
TOKYOTECH_s05,136,198,142.6,-1.3001118898391724,0.9111696632044362
TOKYOTECH_s05,136,199,142.63333333333333,-0.08597017079591751,0.6689395275538065
TOKYOTECH_s05,136,200,142.66666666666666,1.917736291885376,0.43168242686717356
TOKYOTECH_s05,136,201,142.7,2.62593150138855,0.20674223765289174
TOKYOTECH_s05,136,202,142.73333333333332,2.3221445083618164,-0.0011749348160409005
TOKYOTECH_s05,136,203,142.76666666666668,1.8949228525161743,-0.18478383325923076
TOKYOTECH_s05,136,204,142.8,1.4579062461853027,-0.33461929285602565
TOKYOTECH_s05,136,205,142.83333333333334,0.96116703748703,-0.4448633768957799
TOKYOTECH_s05,136,206,142.86666666666667,0.4516141712665558,-0.5197491428689446
TOKYOTECH_s05,136,207,142.9,0.1945403665304184,-0.5745312455310577
TOKYOTECH_s05,136,208,142.93333333333334,0.26992613077163696,-0.6286797094008177
TOKYOTECH_s05,136,209,142.96666666666667,0.5258156061172485,-0.6948499659513728
TOKYOTECH_s05,136,210,143.0,0.5938551425933838,-0.7708937652110379
TOKYOTECH_s05,136,211,143.03333333333333,0.31832224130630493,-0.8402827823560926
TOKYOTECH_s05,136,212,143.06666666666666,-0.05747567117214203,-0.8795906829311293
TOKYOTECH_s05,136,213,143.1,-0.4193914234638214,-0.8666644074326106
TOKYOTECH_s05,136,214,143.13333333333333,-0.6812736988067627,-0.7849186955583297
TOKYOTECH_s05,136,215,143.16666666666666,-0.9338952302932739,-0.6248482917567892
TOKYOTECH_s05,136,216,143.2,-1.1016298532485962,-0.3870320551980061
TOKYOTECH_s05,136,217,143.23333333333332,-1.1099555492401123,-0.08795047102187857
TOKYOTECH_s05,136,218,143.26666666666668,-1.1760183572769165,0.23689368973587946
TOKYOTECH_s05,136,219,143.3,-1.2324730157852173,0.5398752666615196
TOKYOTECH_s05,136,220,143.33333333333334,-1.1508541107177734,0.7775215358986624
TOKYOTECH_s05,136,221,143.36666666666667,-1.1824829578399658,0.926260186671041
TOKYOTECH_s05,136,222,143.4,-1.3064162731170654,0.9873548121312281
TOKYOTECH_s05,136,223,143.43333333333334,-1.2697117328643799,0.9787021899870149
TOKYOTECH_s05,136,224,143.46666666666667,-1.3402267694473267,0.920331380011851
TOKYOTECH_s05,136,225,143.5,-1.5760899782180786,0.8237435575051317
TOKYOTECH_s05,136,226,143.53333333333333,-1.3411884307861328,0.6904289199401709
TOKYOTECH_s05,136,227,143.56666666666666,0.15610840916633606,0.517439650948335
TOKYOTECH_s05,136,228,143.6,2.086637496948242,0.30436441204335457
TOKYOTECH_s05,136,229,143.63333333333333,2.679002523422241,0.05729997557757137
TOKYOTECH_s05,136,230,143.66666666666666,2.295199394226074,-0.21117170754990086
TOKYOTECH_s05,136,231,143.7,1.805102825164795,-0.4839547339327402
TOKYOTECH_s05,136,232,143.73333333333332,1.2926292419433594,-0.7404344131413327
TOKYOTECH_s05,136,233,143.76666666666668,0.7766117453575134,-0.955583830336644
TOKYOTECH_s05,136,234,143.8,0.3282953202724457,-1.0997561228722663
TOKYOTECH_s05,136,235,143.83333333333334,0.24746888875961304,-1.1428754753404922
TOKYOTECH_s05,136,236,143.86666666666667,0.3467366099357605,-1.0634764204744989
TOKYOTECH_s05,136,237,143.9,0.5383710265159607,-0.8585834594593891
TOKYOTECH_s05,136,238,143.93333333333334,0.4583905041217804,-0.5490421499320395
TOKYOTECH_s05,136,239,143.96666666666667,0.25054094195365906,-0.17730344201558718
TOKYOTECH_s05,137,0,137.0,-0.5008679032325745,0.0864043998856813
TOKYOTECH_s05,137,1,137.03333333333333,-0.7850470542907715,-1.1473334429458033
TOKYOTECH_s05,137,2,137.06666666666666,-0.8425792455673218,-2.15475969307636
TOKYOTECH_s05,137,3,137.1,-0.8033726215362549,-2.770541660028542
TOKYOTECH_s05,137,4,137.13333333333333,-0.9071905016899109,-2.9347285792285205
TOKYOTECH_s05,137,5,137.16666666666666,-0.9815790057182312,-2.6983388073009755
TOKYOTECH_s05,137,6,137.2,-0.9015183448791504,-2.1922898768227705
TOKYOTECH_s05,137,7,137.23333333333332,-0.9310902953147888,-1.5777201747040923
TOKYOTECH_s05,137,8,137.26666666666668,-1.0788966417312622,-0.99896760433613
TOKYOTECH_s05,137,9,137.3,-1.1287708282470703,-0.5523048162639358
TOKYOTECH_s05,137,10,137.33333333333334,-1.2228472232818604,-0.27485765809677365
TOKYOTECH_s05,137,11,137.36666666666667,-1.1322258710861206,-0.1520298685460984
TOKYOTECH_s05,137,12,137.4,0.1555117964744568,-0.13719604355530748
TOKYOTECH_s05,137,13,137.43333333333334,1.8426889181137085,-0.17491115248965047
TOKYOTECH_s05,137,14,137.46666666666667,2.2925992012023926,-0.21939789009505095
TOKYOTECH_s05,137,15,137.5,1.9842976331710815,-0.24352189138273422
TOKYOTECH_s05,137,16,137.53333333333333,1.590939998626709,-0.23845563259144165
TOKYOTECH_s05,137,17,137.56666666666666,1.1855701208114624,-0.20818425422490466
TOKYOTECH_s05,137,18,137.6,0.7954893112182617,-0.16377331679415197
TOKYOTECH_s05,137,19,137.63333333333333,0.4608570635318756,-0.11968013445647153
TOKYOTECH_s05,137,20,137.66666666666666,0.40187346935272217,-0.09044962576034711
TOKYOTECH_s05,137,21,137.7,0.5783078074455261,-0.08485319618193338
TOKYOTECH_s05,137,22,137.73333333333332,0.6648687720298767,-0.09784998592748065
TOKYOTECH_s05,137,23,137.76666666666668,0.5069558024406433,-0.10551802104698792
TOKYOTECH_s05,137,24,137.8,0.2194107174873352,-0.06940972556683012
TOKYOTECH_s05,137,25,137.83333333333334,-0.09036900848150253,0.047898355879029346
TOKYOTECH_s05,137,26,137.86666666666667,-0.2976219654083252,0.2628004607721224
TOKYOTECH_s05,137,27,137.9,-0.5612940192222595,0.5579327017321891
TOKYOTECH_s05,137,28,137.93333333333334,-0.7930522561073303,0.8846574251731466
TOKYOTECH_s05,137,29,137.96666666666667,-0.8220008611679077,1.1794529880480666
TOKYOTECH_s05,137,30,138.0,-0.8719196915626526,1.3853118736096617
TOKYOTECH_s05,137,31,138.03333333333333,-0.9218652248382568,1.4679532173167364
TOKYOTECH_s05,137,32,138.06666666666666,-0.8360255360603333,1.4216499377232321
TOKYOTECH_s05,137,33,138.1,-0.8743239045143127,1.2657160942529166
TOKYOTECH_s05,137,34,138.13333333333333,-0.9207075834274292,1.0354099477499457
TOKYOTECH_s05,137,35,138.16666666666666,-1.0434209108352661,0.7706504365446929
TOKYOTECH_s05,137,36,138.2,-1.0942835807800293,0.5052480646729963
TOKYOTECH_s05,137,37,138.23333333333332,-0.2858234643936157,0.2594448740144487
TOKYOTECH_s05,137,38,138.26666666666668,1.22702956199646,0.038631698310537366
TOKYOTECH_s05,137,39,138.3,2.004199266433716,-0.16096582673398274
TOKYOTECH_s05,137,40,138.33333333333334,1.894317388534546,-0.34333346099313
TOKYOTECH_s05,137,41,138.36666666666667,1.4964183568954468,-0.507024842555448
TOKYOTECH_s05,137,42,138.4,1.0218068361282349,-0.6470378184630661
TOKYOTECH_s05,137,43,138.43333333333334,0.4812840521335602,-0.7622440630309494
TOKYOTECH_s05,137,44,138.46666666666667,0.00013664166908711195,-0.8610831845977668
TOKYOTECH_s05,137,45,138.5,0.00856032781302929,-0.9585073387860208
TOKYOTECH_s05,137,46,138.53333333333333,0.22465547919273376,-1.0639568699318533
TOKYOTECH_s05,137,47,138.56666666666666,0.34698593616485596,-1.1680782278660762
TOKYOTECH_s05,137,48,138.6,0.3518032729625702,-1.2383954631223482
TOKYOTECH_s05,137,49,138.63333333333333,0.17376609146595,-1.229098579536386
TOKYOTECH_s05,137,50,138.66666666666666,-0.21521052718162537,-1.1006760780037639
TOKYOTECH_s05,137,51,138.7,-0.5252307057380676,-0.8385869578672196
TOKYOTECH_s05,137,52,138.73333333333332,-0.7563032507896423,-0.4616379137543241
TOKYOTECH_s05,137,53,138.76666666666668,-0.9475191235542297,-0.017627527877691673
TOKYOTECH_s05,137,54,138.8,-1.0758512020111084,0.4297495534694264
TOKYOTECH_s05,137,55,138.83333333333334,-1.1084240674972534,0.8164676031961119
TOKYOTECH_s05,137,56,138.86666666666667,-1.1416646242141724,1.0918645231573119
TOKYOTECH_s05,137,57,138.9,-1.1064916849136353,1.228739866599472
TOKYOTECH_s05,137,58,138.93333333333334,-1.0602861642837524,1.2284445596261322
TOKYOTECH_s05,137,59,138.96666666666667,-1.1287975311279297,1.1188838486763761
TOKYOTECH_s05,137,60,139.0,-1.2127851247787476,0.9444627633134725
TOKYOTECH_s05,137,61,139.03333333333333,-1.3144036531448364,0.7505543668680357
TOKYOTECH_s05,137,62,139.06666666666666,-1.1431161165237427,0.5690757498499046
TOKYOTECH_s05,137,63,139.1,0.1877283900976181,0.4121504072924891
TOKYOTECH_s05,137,64,139.13333333333333,1.9369432926177979,0.27582786353719424
TOKYOTECH_s05,137,65,139.16666666666666,2.3860700130462646,0.14945369155013047
TOKYOTECH_s05,137,66,139.2,2.099860668182373,0.02377844928852602
TOKYOTECH_s05,137,67,139.23333333333332,1.7091832160949707,-0.10638397455272978
TOKYOTECH_s05,137,68,139.26666666666668,1.284018635749817,-0.24371809657817087
TOKYOTECH_s05,137,69,139.3,0.8880786299705505,-0.3897550130785223
TOKYOTECH_s05,137,70,139.33333333333334,0.5667853951454163,-0.5434373234520036
TOKYOTECH_s05,137,71,139.36666666666667,0.4389430284500122,-0.6984582062065304
TOKYOTECH_s05,137,72,139.4,0.44909417629241943,-0.8427924776564392
TOKYOTECH_s05,137,73,139.43333333333334,0.5763577222824097,-0.9617749546516223
TOKYOTECH_s05,137,74,139.46666666666667,0.6364188194274902,-1.0420109577622587
TOKYOTECH_s05,137,75,139.5,0.3627825677394867,-1.0720359294302102
TOKYOTECH_s05,137,76,139.53333333333333,-0.07364629954099655,-1.039393371947498
TOKYOTECH_s05,137,77,139.56666666666666,-0.38443222641944885,-0.9286328213000918
TOKYOTECH_s05,137,78,139.6,-0.5821573734283447,-0.7252659927548234
TOKYOTECH_s05,137,79,139.63333333333333,-0.8745643496513367,-0.42596236072555005
TOKYOTECH_s05,137,80,139.66666666666666,-1.0042855739593506,-0.04872153621475122
TOKYOTECH_s05,137,81,139.7,-0.9795220494270325,0.36525758769796685
TOKYOTECH_s05,137,82,139.73333333333332,-1.0065650939941406,0.760812694593691
TOKYOTECH_s05,137,83,139.76666666666668,-0.978711724281311,1.0842361356323809
TOKYOTECH_s05,137,84,139.8,-0.9829413890838623,1.2968145002858946
TOKYOTECH_s05,137,85,139.83333333333334,-1.0725833177566528,1.3810628289991012
TOKYOTECH_s05,137,86,139.86666666666667,-1.0751923322677612,1.3395857257868165
TOKYOTECH_s05,137,87,139.9,-1.1834001541137695,1.1903289177755252
TOKYOTECH_s05,137,88,139.93333333333334,-1.3955951929092407,0.9618143233414721
TOKYOTECH_s05,137,89,139.96666666666667,-1.1284235715866089,0.6892819138708718
TOKYOTECH_s05,137,90,140.0,0.2953307330608368,0.41050654249018437
TOKYOTECH_s05,137,91,140.03333333333333,1.9434258937835693,0.15995063771575413
TOKYOTECH_s05,137,92,140.06666666666666,2.3743338584899902,-0.03835601363470367
TOKYOTECH_s05,137,93,140.1,2.104642391204834,-0.17675719831524858
TOKYOTECH_s05,137,94,140.13333333333333,1.7141075134277344,-0.2656024559896957
TOKYOTECH_s05,137,95,140.16666666666666,1.3103137016296387,-0.32890027749587836
TOKYOTECH_s05,137,96,140.2,0.9005538821220398,-0.39521283477288155
TOKYOTECH_s05,137,97,140.23333333333332,0.5476762652397156,-0.4872137123034874
TOKYOTECH_s05,137,98,140.26666666666668,0.3674485385417938,-0.613339928097095
TOKYOTECH_s05,137,99,140.3,0.3988192081451416,-0.7636921188942416
TOKYOTECH_s05,137,100,140.33333333333334,0.4954155385494232,-0.911234814113181
TOKYOTECH_s05,137,101,140.36666666666667,0.4533505439758301,-1.018451043244066
TOKYOTECH_s05,137,102,140.4,0.23105783760547638,-1.0482797071420438
TOKYOTECH_s05,137,103,140.43333333333334,-0.09564049541950226,-0.9762242434432555
TOKYOTECH_s05,137,104,140.46666666666667,-0.4762735664844513,-0.7988665964737272
TOKYOTECH_s05,137,105,140.5,-0.7183165550231934,-0.5347563938587849
TOKYOTECH_s05,137,106,140.53333333333333,-0.8313150405883789,-0.21754308236647465
TOKYOTECH_s05,137,107,140.56666666666666,-0.979370653629303,0.11438533325160948
TOKYOTECH_s05,137,108,140.6,-1.018604040145874,0.4260563133365314
TOKYOTECH_s05,137,109,140.63333333333333,-0.9715791940689087,0.6889203531107763
TOKYOTECH_s05,137,110,140.66666666666666,-1.0558873414993286,0.8807650266752959
TOKYOTECH_s05,137,111,140.7,-1.036154866218567,0.986887413665079
TOKYOTECH_s05,137,112,140.73333333333332,-0.9757019877433777,1.0037984961395052
TOKYOTECH_s05,137,113,140.76666666666668,-1.1051383018493652,0.9421267391634338
TOKYOTECH_s05,137,114,140.8,-1.2491422891616821,0.8244345015950411
TOKYOTECH_s05,137,115,140.83333333333334,-1.318615436553955,0.6771271519047621
TOKYOTECH_s05,137,116,140.86666666666667,-1.3837521076202393,0.5206047152780475
TOKYOTECH_s05,137,117,140.9,-0.5459604263305664,0.3638892907850562
TOKYOTECH_s05,137,118,140.93333333333334,1.3990830183029175,0.20686644730354778
TOKYOTECH_s05,137,119,140.96666666666667,2.322366952896118,0.047589250903707775
TOKYOTECH_s05,137,120,141.0,2.0202274322509766,-0.11156846526803181
TOKYOTECH_s05,137,121,141.03333333333333,1.5751433372497559,-0.26373309882620305
TOKYOTECH_s05,137,122,141.06666666666666,1.1505485773086548,-0.40247160096824186
TOKYOTECH_s05,137,123,141.1,0.6478700041770935,-0.5263110088866905
TOKYOTECH_s05,137,124,141.13333333333333,0.2353409230709076,-0.6380874845303693
TOKYOTECH_s05,137,125,141.16666666666666,0.12574395537376404,-0.7393238956213486
TOKYOTECH_s05,137,126,141.2,0.2698726952075958,-0.8243943757182702
TOKYOTECH_s05,137,127,141.23333333333332,0.4572151005268097,-0.8794585775069124
TOKYOTECH_s05,137,128,141.26666666666668,0.5045070648193359,-0.8867095251319829
TOKYOTECH_s05,137,129,141.3,0.32832202315330505,-0.8302334057922659
TOKYOTECH_s05,137,130,141.33333333333334,-0.06267591565847397,-0.7000999822556819
TOKYOTECH_s05,137,131,141.36666666666667,-0.4551965296268463,-0.49464821353081245
TOKYOTECH_s05,137,132,141.4,-0.6878095865249634,-0.22306935011638027
TOKYOTECH_s05,137,133,141.43333333333334,-0.9266736507415771,0.09128845715676184
TOKYOTECH_s05,137,134,141.46666666666667,-1.0332787036895752,0.4106488597263653
TOKYOTECH_s05,137,135,141.5,-1.0895018577575684,0.6901465690824417
TOKYOTECH_s05,137,136,141.53333333333333,-1.0714079141616821,0.8916841669044466
TOKYOTECH_s05,137,137,141.56666666666666,-1.0844796895980835,0.9968177845649514
TOKYOTECH_s05,137,138,141.6,-1.048523187637329,1.01095854898211
TOKYOTECH_s05,137,139,141.63333333333333,-1.1204540729522705,0.956845159238531
TOKYOTECH_s05,137,140,141.66666666666666,-1.169063925743103,0.8620045125147332
TOKYOTECH_s05,137,141,141.7,-1.230870246887207,0.7478580578848198
TOKYOTECH_s05,137,142,141.73333333333332,-0.870566189289093,0.6253908456110054
TOKYOTECH_s05,137,143,141.76666666666668,0.6335426568984985,0.4970344595523395
TOKYOTECH_s05,137,144,141.8,1.973799228668213,0.3610621338865915
TOKYOTECH_s05,137,145,141.83333333333334,2.125345468521118,0.2149428382888588
TOKYOTECH_s05,137,146,141.86666666666667,1.7648454904556274,0.05663078175200426
TOKYOTECH_s05,137,147,141.9,1.3278378248214722,-0.11495118854896663
TOKYOTECH_s05,137,148,141.93333333333334,0.8683105707168579,-0.2989110859369944
TOKYOTECH_s05,137,149,141.96666666666667,0.3471195101737976,-0.4911708980701224
TOKYOTECH_s05,137,150,142.0,-0.04005841165781021,-0.6846133545557254
TOKYOTECH_s05,137,151,142.03333333333333,0.00940625835210085,-0.871181222924669
TOKYOTECH_s05,137,152,142.06666666666666,0.2184223085641861,-1.0435841057812045
TOKYOTECH_s05,137,153,142.1,0.33831292390823364,-1.193165740330378
TOKYOTECH_s05,137,154,142.13333333333333,0.31962230801582336,-1.3038214348102064
TOKYOTECH_s05,137,155,142.16666666666666,0.01848888024687767,-1.3468744671840505
TOKYOTECH_s05,137,156,142.2,-0.40245500206947327,-1.283739324246382
TOKYOTECH_s05,137,157,142.23333333333332,-0.6896706223487854,-1.0794456445881393
TOKYOTECH_s05,137,158,142.26666666666668,-0.9564504027366638,-0.722204333569551
TOKYOTECH_s05,137,159,142.3,-1.1172573566436768,-0.23814312968767293
TOKYOTECH_s05,137,160,142.33333333333334,-1.2165250778198242,0.3085880750392218
TOKYOTECH_s05,137,161,142.36666666666667,-1.276123046875,0.8323184821141937
TOKYOTECH_s05,137,162,142.4,-1.255607008934021,1.2513518305461109
TOKYOTECH_s05,137,163,142.43333333333334,-1.2500150203704834,1.5103225165532534
TOKYOTECH_s05,137,164,142.46666666666667,-1.1985913515090942,1.5910114702870053
TOKYOTECH_s05,137,165,142.5,-1.2258747816085815,1.5106264693061242
TOKYOTECH_s05,137,166,142.53333333333333,-1.3154098987579346,1.3113911023440077
TOKYOTECH_s05,137,167,142.56666666666666,-1.4568315744400024,1.0462307080066597
TOKYOTECH_s05,137,168,142.6,-1.3001118898391724,0.7643713772714297
TOKYOTECH_s05,137,169,142.63333333333333,-0.08597017079591751,0.5001296503285563
TOKYOTECH_s05,137,170,142.66666666666666,1.917736291885376,0.2684829997404322
TOKYOTECH_s05,137,171,142.7,2.62593150138855,0.0693542280001465
TOKYOTECH_s05,137,172,142.73333333333332,2.3221445083618164,-0.10244384263830683
TOKYOTECH_s05,137,173,142.76666666666668,1.8949228525161743,-0.24872887319328338
TOKYOTECH_s05,137,174,142.8,1.4579062461853027,-0.36672966801635637
TOKYOTECH_s05,137,175,142.83333333333334,0.96116703748703,-0.45505689114843784
TOKYOTECH_s05,137,176,142.86666666666667,0.4516141712665558,-0.5208077411729121
TOKYOTECH_s05,137,177,142.9,0.1945403665304184,-0.5804055287063598
TOKYOTECH_s05,137,178,142.93333333333334,0.26992613077163696,-0.6516743117134468
TOKYOTECH_s05,137,179,142.96666666666667,0.5258156061172485,-0.7418821343137478
TOKYOTECH_s05,137,180,143.0,0.5938551425933838,-0.8402882921958414
TOKYOTECH_s05,137,181,143.03333333333333,0.31832224130630493,-0.9208605447884484
TOKYOTECH_s05,137,182,143.06666666666666,-0.05747567117214203,-0.9530140628272185
TOKYOTECH_s05,137,183,143.1,-0.4193914234638214,-0.9126929740688707
TOKYOTECH_s05,137,184,143.13333333333333,-0.6812736988067627,-0.7880987556001432
TOKYOTECH_s05,137,185,143.16666666666666,-0.9338952302932739,-0.5804168880210567
TOKYOTECH_s05,137,186,143.2,-1.1016298532485962,-0.3034473435612829
TOKYOTECH_s05,137,187,143.23333333333332,-1.1099555492401123,0.015781207745804982
TOKYOTECH_s05,137,188,143.26666666666668,-1.1760183572769165,0.3383236817028121
TOKYOTECH_s05,137,189,143.3,-1.2324730157852173,0.6210060805018167
TOKYOTECH_s05,137,190,143.33333333333334,-1.1508541107177734,0.8295418154250652
TOKYOTECH_s05,137,191,143.36666666666667,-1.1824829578399658,0.9496947553279774
TOKYOTECH_s05,137,192,143.4,-1.3064162731170654,0.9889436376344448
TOKYOTECH_s05,137,193,143.43333333333334,-1.2697117328643799,0.9673380017093086
TOKYOTECH_s05,137,194,143.46666666666667,-1.3402267694473267,0.9038375277707343
TOKYOTECH_s05,137,195,143.5,-1.5760899782180786,0.8072712487204549
TOKYOTECH_s05,137,196,143.53333333333333,-1.3411884307861328,0.6766793360005418
TOKYOTECH_s05,137,197,143.56666666666666,0.15610840916633606,0.5087391435639955
TOKYOTECH_s05,137,198,143.6,2.086637496948242,0.3061744047531482
TOKYOTECH_s05,137,199,143.63333333333333,2.679002523422241,0.08183341350620535
TOKYOTECH_s05,137,200,143.66666666666666,2.295199394226074,-0.14337550904546126
TOKYOTECH_s05,137,201,143.7,1.805102825164795,-0.34675745892444715
TOKYOTECH_s05,137,202,143.73333333333332,1.2926292419433594,-0.5104838643202724
TOKYOTECH_s05,137,203,143.76666666666668,0.7766117453575134,-0.6257194045603144
TOKYOTECH_s05,137,204,143.8,0.3282953202724457,-0.6940078679122634
TOKYOTECH_s05,137,205,143.83333333333334,0.24746888875961304,-0.7269468652018822
TOKYOTECH_s05,137,206,143.86666666666667,0.3467366099357605,-0.7434686590247421
TOKYOTECH_s05,137,207,143.9,0.5383710265159607,-0.7626665257851832
TOKYOTECH_s05,137,208,143.93333333333334,0.4583905041217804,-0.792487737957939
TOKYOTECH_s05,137,209,143.96666666666667,0.25054094195365906,-0.8195327425644977
TOKYOTECH_s05,137,210,144.0,-0.07839241623878479,-0.8082357001999207
TOKYOTECH_s05,137,211,144.03333333333333,-0.4428459703922272,-0.7141240703318446
TOKYOTECH_s05,137,212,144.06666666666666,-0.711281955242157,-0.5059696191439651
TOKYOTECH_s05,137,213,144.1,-0.9372611045837402,-0.18418569075443547
TOKYOTECH_s05,137,214,144.13333333333333,-1.061016321182251,0.21478030826780814
TOKYOTECH_s05,137,215,144.16666666666666,-1.121201992034912,0.6292745704705005
TOKYOTECH_s05,137,216,144.2,-1.1309614181518555,0.9917491141030393
TOKYOTECH_s05,137,217,144.23333333333332,-1.0728771686553955,1.247419629522868
TOKYOTECH_s05,137,218,144.26666666666668,-1.0777212381362915,1.3662439381625322
TOKYOTECH_s05,137,219,144.3,-1.1336060762405396,1.346853163527698
TOKYOTECH_s05,137,220,144.33333333333334,-1.1674165725708008,1.2134670754883232
TOKYOTECH_s05,137,221,144.36666666666667,-1.2332388162612915,1.0071750315173467
TOKYOTECH_s05,137,222,144.4,-1.3479559421539307,0.7733613118781785
TOKYOTECH_s05,137,223,144.43333333333334,-1.1563926935195923,0.5485761779458938
TOKYOTECH_s05,137,224,144.46666666666667,0.2316366285085678,0.3518648951994471
TOKYOTECH_s05,137,225,144.5,2.0187580585479736,0.18448087810654326
TOKYOTECH_s05,137,226,144.53333333333333,2.426149368286133,0.03695505837306196
TOKYOTECH_s05,137,227,144.56666666666666,1.9728820323944092,-0.10222377511861706
TOKYOTECH_s05,137,228,144.6,1.4107835292816162,-0.24206671209359484
TOKYOTECH_s05,137,229,144.63333333333333,0.7383222579956055,-0.3898995466103167
TOKYOTECH_s05,137,230,144.66666666666666,0.05833665654063225,-0.5534044504544817
TOKYOTECH_s05,137,231,144.7,-0.26463958621025085,-0.7383374477767947
TOKYOTECH_s05,137,232,144.73333333333332,-0.24181726574897766,-0.9407084239556595
TOKYOTECH_s05,137,233,144.76666666666668,0.08709829300642014,-1.13839360050205
TOKYOTECH_s05,137,234,144.8,0.40015488862991333,-1.2897294783082076
TOKYOTECH_s05,137,235,144.83333333333334,0.29096752405166626,-1.343453101092502
TOKYOTECH_s05,137,236,144.86666666666667,-0.01944442093372345,-1.2572720326750277
TOKYOTECH_s05,137,237,144.9,-0.33230510354042053,-1.0164877728967843
TOKYOTECH_s05,137,238,144.93333333333334,-0.7095722556114197,-0.6437278674630726
TOKYOTECH_s05,137,239,144.96666666666667,-0.9949357509613037,-0.1955914032575406
TOKYOTECH_s05,138,0,138.0,-0.8719196915626526,0.10761706172643337
TOKYOTECH_s05,138,1,138.03333333333333,-0.9218652248382568,-0.9716149420479667
TOKYOTECH_s05,138,2,138.06666666666666,-0.8360255360603333,-1.8922253588652185
TOKYOTECH_s05,138,3,138.1,-0.8743239045143127,-2.5301787018307027
TOKYOTECH_s05,138,4,138.13333333333333,-0.9207075834274292,-2.8279821101353178
TOKYOTECH_s05,138,5,138.16666666666666,-1.0434209108352661,-2.802338638649052
TOKYOTECH_s05,138,6,138.2,-1.0942835807800293,-2.529711435568946
TOKYOTECH_s05,138,7,138.23333333333332,-0.2858234643936157,-2.1183347232035077
TOKYOTECH_s05,138,8,138.26666666666668,1.22702956199646,-1.677295967243056
TOKYOTECH_s05,138,9,138.3,2.004199266433716,-1.2901604940687574
TOKYOTECH_s05,138,10,138.33333333333334,1.894317388534546,-0.998989785621638
TOKYOTECH_s05,138,11,138.36666666666667,1.4964183568954468,-0.8033532509658033
TOKYOTECH_s05,138,12,138.4,1.0218068361282349,-0.6744826349320806
TOKYOTECH_s05,138,13,138.43333333333334,0.4812840521335602,-0.5779018518215765
TOKYOTECH_s05,138,14,138.46666666666667,0.00013664166908711195,-0.4927771517144218
TOKYOTECH_s05,138,15,138.5,0.00856032781302929,-0.4176052474541356
TOKYOTECH_s05,138,16,138.53333333333333,0.22465547919273376,-0.36061236489584186
TOKYOTECH_s05,138,17,138.56666666666666,0.34698593616485596,-0.32333875486849356
TOKYOTECH_s05,138,18,138.6,0.3518032729625702,-0.28990008744691775
TOKYOTECH_s05,138,19,138.63333333333333,0.17376609146595,-0.2296790868028001
TOKYOTECH_s05,138,20,138.66666666666666,-0.21521052718162537,-0.1110069625060583
TOKYOTECH_s05,138,21,138.7,-0.5252307057380676,0.08398476869077635
TOKYOTECH_s05,138,22,138.73333333333332,-0.7563032507896423,0.3519227799897401
TOKYOTECH_s05,138,23,138.76666666666668,-0.9475191235542297,0.6699827509522414
TOKYOTECH_s05,138,24,138.8,-1.0758512020111084,1.0030922177783006
TOKYOTECH_s05,138,25,138.83333333333334,-1.1084240674972534,1.3117453989494607
TOKYOTECH_s05,138,26,138.86666666666667,-1.1416646242141724,1.5586059408733917
TOKYOTECH_s05,138,27,138.9,-1.1064916849136353,1.7146402584670706
TOKYOTECH_s05,138,28,138.93333333333334,-1.0602861642837524,1.7645653966770212
TOKYOTECH_s05,138,29,138.96666666666667,-1.1287975311279297,1.7093212375519593
TOKYOTECH_s05,138,30,139.0,-1.2127851247787476,1.5636509863297663
TOKYOTECH_s05,138,31,139.03333333333333,-1.3144036531448364,1.3495411780116793
TOKYOTECH_s05,138,32,139.06666666666666,-1.1431161165237427,1.0888963570126038
TOKYOTECH_s05,138,33,139.1,0.1877283900976181,0.7993338523811656
TOKYOTECH_s05,138,34,139.13333333333333,1.9369432926177979,0.4947423218518266
TOKYOTECH_s05,138,35,139.16666666666666,2.3860700130462646,0.18868756394706437
TOKYOTECH_s05,138,36,139.2,2.099860668182373,-0.103547514091404
TOKYOTECH_s05,138,37,139.23333333333332,1.7091832160949707,-0.3671926186902511
TOKYOTECH_s05,138,38,139.26666666666668,1.284018635749817,-0.592898124843289
TOKYOTECH_s05,138,39,139.3,0.8880786299705505,-0.7796792528403921
TOKYOTECH_s05,138,40,139.33333333333334,0.5667853951454163,-0.9331516997760265
TOKYOTECH_s05,138,41,139.36666666666667,0.4389430284500122,-1.060641925046604
TOKYOTECH_s05,138,42,139.4,0.44909417629241943,-1.166972075255668
TOKYOTECH_s05,138,43,139.43333333333334,0.5763577222824097,-1.2530695152701383
TOKYOTECH_s05,138,44,139.46666666666667,0.6364188194274902,-1.315796899756456
TOKYOTECH_s05,138,45,139.5,0.3627825677394867,-1.3461058221830777
TOKYOTECH_s05,138,46,139.53333333333333,-0.07364629954099655,-1.3260668691111754
TOKYOTECH_s05,138,47,139.56666666666666,-0.38443222641944885,-1.229383869643032
TOKYOTECH_s05,138,48,139.6,-0.5821573734283447,-1.0294753533869732
TOKYOTECH_s05,138,49,139.63333333333333,-0.8745643496513367,-0.7137363067916889
TOKYOTECH_s05,138,50,139.66666666666666,-1.0042855739593506,-0.29622680485581077
TOKYOTECH_s05,138,51,139.7,-0.9795220494270325,0.17998565004348388
TOKYOTECH_s05,138,52,139.73333333333332,-1.0065650939941406,0.652962932587537
TOKYOTECH_s05,138,53,139.76666666666668,-0.978711724281311,1.0585903229028575
TOKYOTECH_s05,138,54,139.8,-0.9829413890838623,1.345553641854533
TOKYOTECH_s05,138,55,139.83333333333334,-1.0725833177566528,1.4836699127915625
TOKYOTECH_s05,138,56,139.86666666666667,-1.0751923322677612,1.4656037378279145
TOKYOTECH_s05,138,57,139.9,-1.1834001541137695,1.3050093762941555
TOKYOTECH_s05,138,58,139.93333333333334,-1.3955951929092407,1.0337238617690614
TOKYOTECH_s05,138,59,139.96666666666667,-1.1284235715866089,0.6981122320485816
TOKYOTECH_s05,138,60,140.0,0.2953307330608368,0.3526869710138975
TOKYOTECH_s05,138,61,140.03333333333333,1.9434258937835693,0.049765213672631876
TOKYOTECH_s05,138,62,140.06666666666666,2.3743338584899902,-0.1728804251942701
TOKYOTECH_s05,138,63,140.1,2.104642391204834,-0.3015972901236518
TOKYOTECH_s05,138,64,140.13333333333333,1.7141075134277344,-0.34921078776394177
TOKYOTECH_s05,138,65,140.16666666666666,1.3103137016296387,-0.34892702908606826
TOKYOTECH_s05,138,66,140.2,0.9005538821220398,-0.34232966433443607
TOKYOTECH_s05,138,67,140.23333333333332,0.5476762652397156,-0.36593915608566907
TOKYOTECH_s05,138,68,140.26666666666668,0.3674485385417938,-0.44004368642296365
TOKYOTECH_s05,138,69,140.3,0.3988192081451416,-0.5620508926755631
TOKYOTECH_s05,138,70,140.33333333333334,0.4954155385494232,-0.7061997592552725
TOKYOTECH_s05,138,71,140.36666666666667,0.4533505439758301,-0.8308382120309448
TOKYOTECH_s05,138,72,140.4,0.23105783760547638,-0.8919891917089267
TOKYOTECH_s05,138,73,140.43333333333334,-0.09564049541950226,-0.8585130548320137
TOKYOTECH_s05,138,74,140.46666666666667,-0.4762735664844513,-0.7222847499357327
TOKYOTECH_s05,138,75,140.5,-0.7183165550231934,-0.4987099246590535
TOKYOTECH_s05,138,76,140.53333333333333,-0.8313150405883789,-0.21842409591201709
TOKYOTECH_s05,138,77,140.56666666666666,-0.979370653629303,0.08386435756239842
TOKYOTECH_s05,138,78,140.6,-1.018604040145874,0.376809968632264
TOKYOTECH_s05,138,79,140.63333333333333,-0.9715791940689087,0.6337820933767213
TOKYOTECH_s05,138,80,140.66666666666666,-1.0558873414993286,0.8315273112225632
TOKYOTECH_s05,138,81,140.7,-1.036154866218567,0.9514613364763037
TOKYOTECH_s05,138,82,140.73333333333332,-0.9757019877433777,0.984759873253222
TOKYOTECH_s05,138,83,140.76666666666668,-1.1051383018493652,0.9370502390934383
TOKYOTECH_s05,138,84,140.8,-1.2491422891616821,0.8276902415542466
TOKYOTECH_s05,138,85,140.83333333333334,-1.318615436553955,0.6825030209240173
TOKYOTECH_s05,138,86,140.86666666666667,-1.3837521076202393,0.5238421232602051
TOKYOTECH_s05,138,87,140.9,-0.5459604263305664,0.3640667637181753
TOKYOTECH_s05,138,88,140.93333333333334,1.3990830183029175,0.20607669484649666
TOKYOTECH_s05,138,89,140.96666666666667,2.322366952896118,0.04937617500883743
TOKYOTECH_s05,138,90,141.0,2.0202274322509766,-0.10389808482023943
TOKYOTECH_s05,138,91,141.03333333333333,1.5751433372497559,-0.2480159917879038
TOKYOTECH_s05,138,92,141.06666666666666,1.1505485773086548,-0.3776646934996399
TOKYOTECH_s05,138,93,141.1,0.6478700041770935,-0.4921147551735515
TOKYOTECH_s05,138,94,141.13333333333333,0.2353409230709076,-0.595027523802327
TOKYOTECH_s05,138,95,141.16666666666666,0.12574395537376404,-0.6897039322649452
TOKYOTECH_s05,138,96,141.2,0.2698726952075958,-0.7737226797066287
TOKYOTECH_s05,138,97,141.23333333333332,0.4572151005268097,-0.8372480178737566
TOKYOTECH_s05,138,98,141.26666666666668,0.5045070648193359,-0.865492795877582
TOKYOTECH_s05,138,99,141.3,0.32832202315330505,-0.8423742881281181
TOKYOTECH_s05,138,100,141.33333333333334,-0.06267591565847397,-0.7531780493050171
TOKYOTECH_s05,138,101,141.36666666666667,-0.4551965296268463,-0.5872365996200289
TOKYOTECH_s05,138,102,141.4,-0.6878095865249634,-0.343009189455412
TOKYOTECH_s05,138,103,141.43333333333334,-0.9266736507415771,-0.035174170800670444
TOKYOTECH_s05,138,104,141.46666666666667,-1.0332787036895752,0.3017234206190026
TOKYOTECH_s05,138,105,141.5,-1.0895018577575684,0.6192995711459924
TOKYOTECH_s05,138,106,141.53333333333333,-1.0714079141616821,0.8704286668371548
TOKYOTECH_s05,138,107,141.56666666666666,-1.0844796895980835,1.0250597825089913
TOKYOTECH_s05,138,108,141.6,-1.048523187637329,1.077644202279383
TOKYOTECH_s05,138,109,141.63333333333333,-1.1204540729522705,1.0430305226171575
TOKYOTECH_s05,138,110,141.66666666666666,-1.169063925743103,0.9450803591326428
TOKYOTECH_s05,138,111,141.7,-1.230870246887207,0.8058476626777705
TOKYOTECH_s05,138,112,141.73333333333332,-0.870566189289093,0.6408303797961878
TOKYOTECH_s05,138,113,141.76666666666668,0.6335426568984985,0.46037772072487265
TOKYOTECH_s05,138,114,141.8,1.973799228668213,0.2733249371347344
TOKYOTECH_s05,138,115,141.83333333333334,2.125345468521118,0.08868756842200391
TOKYOTECH_s05,138,116,141.86666666666667,1.7648454904556274,-0.08575638828832413
TOKYOTECH_s05,138,117,141.9,1.3278378248214722,-0.24597858735911637
TOKYOTECH_s05,138,118,141.93333333333334,0.8683105707168579,-0.39267834753791414
TOKYOTECH_s05,138,119,141.96666666666667,0.3471195101737976,-0.5299542475126909
TOKYOTECH_s05,138,120,142.0,-0.04005841165781021,-0.6630823201384587
TOKYOTECH_s05,138,121,142.03333333333333,0.00940625835210085,-0.7968322394553282
TOKYOTECH_s05,138,122,142.06666666666666,0.2184223085641861,-0.9333707221196167
TOKYOTECH_s05,138,123,142.1,0.33831292390823364,-1.0677001631871272
TOKYOTECH_s05,138,124,142.13333333333333,0.31962230801582336,-1.1814627914619251
TOKYOTECH_s05,138,125,142.16666666666666,0.01848888024687767,-1.2400193712817427
TOKYOTECH_s05,138,126,142.2,-0.40245500206947327,-1.1984329694296394
TOKYOTECH_s05,138,127,142.23333333333332,-0.6896706223487854,-1.017572185593674
TOKYOTECH_s05,138,128,142.26666666666668,-0.9564504027366638,-0.6841653363786422
TOKYOTECH_s05,138,129,142.3,-1.1172573566436768,-0.2240458871785461
TOKYOTECH_s05,138,130,142.33333333333334,-1.2165250778198242,0.2996433350764354
TOKYOTECH_s05,138,131,142.36666666666667,-1.276123046875,0.8035573297669653
TOKYOTECH_s05,138,132,142.4,-1.255607008934021,1.2087223651134973
TOKYOTECH_s05,138,133,142.43333333333334,-1.2500150203704834,1.4616214280229785
TOKYOTECH_s05,138,134,142.46666666666667,-1.1985913515090942,1.5444182893008542
TOKYOTECH_s05,138,135,142.5,-1.2258747816085815,1.4733617312946687
TOKYOTECH_s05,138,136,142.53333333333333,-1.3154098987579346,1.2887700719816721
TOKYOTECH_s05,138,137,142.56666666666666,-1.4568315744400024,1.0410981770347778
TOKYOTECH_s05,138,138,142.6,-1.3001118898391724,0.7768922999193599
TOKYOTECH_s05,138,139,142.63333333333333,-0.08597017079591751,0.5279662947353354
TOKYOTECH_s05,138,140,142.66666666666666,1.917736291885376,0.3073065401345719
TOKYOTECH_s05,138,141,142.7,2.62593150138855,0.11352574442173863
TOKYOTECH_s05,138,142,142.73333333333332,2.3221445083618164,-0.05907162360277389
TOKYOTECH_s05,138,143,142.76666666666668,1.8949228525161743,-0.21174269959433067
TOKYOTECH_s05,138,144,142.8,1.4579062461853027,-0.33982380941337137
TOKYOTECH_s05,138,145,142.83333333333334,0.96116703748703,-0.43885810950835913
TOKYOTECH_s05,138,146,142.86666666666667,0.4516141712665558,-0.5124279398724041
TOKYOTECH_s05,138,147,142.9,0.1945403665304184,-0.5740628052222464
TOKYOTECH_s05,138,148,142.93333333333334,0.26992613077163696,-0.6404792993522288
TOKYOTECH_s05,138,149,142.96666666666667,0.5258156061172485,-0.7207244025833223
TOKYOTECH_s05,138,150,143.0,0.5938551425933838,-0.8093783443109572
TOKYOTECH_s05,138,151,143.03333333333333,0.31832224130630493,-0.8887555717000176
TOKYOTECH_s05,138,152,143.06666666666666,-0.05747567117214203,-0.9372520361801214
TOKYOTECH_s05,138,153,143.1,-0.4193914234638214,-0.9362971045944398
TOKYOTECH_s05,138,154,143.13333333333333,-0.6812736988067627,-0.8718298510386772
TOKYOTECH_s05,138,155,143.16666666666666,-0.9338952302932739,-0.7332529896918202
TOKYOTECH_s05,138,156,143.2,-1.1016298532485962,-0.5157439849900749
TOKYOTECH_s05,138,157,143.23333333333332,-1.1099555492401123,-0.22762885024940036
TOKYOTECH_s05,138,158,143.26666666666668,-1.1760183572769165,0.10328505550014802
TOKYOTECH_s05,138,159,143.3,-1.2324730157852173,0.4329369517693104
TOKYOTECH_s05,138,160,143.33333333333334,-1.1508541107177734,0.7147746428296956
TOKYOTECH_s05,138,161,143.36666666666667,-1.1824829578399658,0.915646977061716
TOKYOTECH_s05,138,162,143.4,-1.3064162731170654,1.0239962372932203
TOKYOTECH_s05,138,163,143.43333333333334,-1.2697117328643799,1.0467386220792627
TOKYOTECH_s05,138,164,143.46666666666667,-1.3402267694473267,0.998950774638681
TOKYOTECH_s05,138,165,143.5,-1.5760899782180786,0.8942689896395596
TOKYOTECH_s05,138,166,143.53333333333333,-1.3411884307861328,0.741715631482423
TOKYOTECH_s05,138,167,143.56666666666666,0.15610840916633606,0.5492124606202864
TOKYOTECH_s05,138,168,143.6,2.086637496948242,0.32963800063212195
TOKYOTECH_s05,138,169,143.63333333333333,2.679002523422241,0.10420319488773057
TOKYOTECH_s05,138,170,143.66666666666666,2.295199394226074,-0.09988096859979347
TOKYOTECH_s05,138,171,143.7,1.805102825164795,-0.25672611773239873
TOKYOTECH_s05,138,172,143.73333333333332,1.2926292419433594,-0.3504382338567881
TOKYOTECH_s05,138,173,143.76666666666668,0.7766117453575134,-0.3811536637234094
TOKYOTECH_s05,138,174,143.8,0.3282953202724457,-0.3665163550894143
TOKYOTECH_s05,138,175,143.83333333333334,0.24746888875961304,-0.3384461118293997
TOKYOTECH_s05,138,176,143.86666666666667,0.3467366099357605,-0.33485961404022996
TOKYOTECH_s05,138,177,143.9,0.5383710265159607,-0.38622837646729297
TOKYOTECH_s05,138,178,143.93333333333334,0.4583905041217804,-0.49990390693995623
TOKYOTECH_s05,138,179,143.96666666666667,0.25054094195365906,-0.649398929409803
TOKYOTECH_s05,138,180,144.0,-0.07839241623878479,-0.7771981838641451
TOKYOTECH_s05,138,181,144.03333333333333,-0.4428459703922272,-0.8143729839089907
TOKYOTECH_s05,138,182,144.06666666666666,-0.711281955242157,-0.709470143503158
TOKYOTECH_s05,138,183,144.1,-0.9372611045837402,-0.4518028149622458
TOKYOTECH_s05,138,184,144.13333333333333,-1.061016321182251,-0.0775354433994506
TOKYOTECH_s05,138,185,144.16666666666666,-1.121201992034912,0.34287528765113934
TOKYOTECH_s05,138,186,144.2,-1.1309614181518555,0.7283477003714796
TOKYOTECH_s05,138,187,144.23333333333332,-1.0728771686553955,1.0111181390918638
TOKYOTECH_s05,138,188,144.26666666666668,-1.0777212381362915,1.1526836706649084
TOKYOTECH_s05,138,189,144.3,-1.1336060762405396,1.1487229029203434
TOKYOTECH_s05,138,190,144.33333333333334,-1.1674165725708008,1.024265172058654
TOKYOTECH_s05,138,191,144.36666666666667,-1.2332388162612915,0.8223138497819064
TOKYOTECH_s05,138,192,144.4,-1.3479559421539307,0.589408872210814
TOKYOTECH_s05,138,193,144.43333333333334,-1.1563926935195923,0.36199383520348094
TOKYOTECH_s05,138,194,144.46666666666667,0.2316366285085678,0.1583268292292822
TOKYOTECH_s05,138,195,144.5,2.0187580585479736,-0.02062142433415074
TOKYOTECH_s05,138,196,144.53333333333333,2.426149368286133,-0.18273024036946417
TOKYOTECH_s05,138,197,144.56666666666666,1.9728820323944092,-0.33499442471471813
TOKYOTECH_s05,138,198,144.6,1.4107835292816162,-0.4789965628610242
TOKYOTECH_s05,138,199,144.63333333333333,0.7383222579956055,-0.6134344475600925
TOKYOTECH_s05,138,200,144.66666666666666,0.05833665654063225,-0.739350339601695
TOKYOTECH_s05,138,201,144.7,-0.26463958621025085,-0.8613453722058995
TOKYOTECH_s05,138,202,144.73333333333332,-0.24181726574897766,-0.9821251779609154
TOKYOTECH_s05,138,203,144.76666666666668,0.08709829300642014,-1.0942634787966612
TOKYOTECH_s05,138,204,144.8,0.40015488862991333,-1.176238898567778
TOKYOTECH_s05,138,205,144.83333333333334,0.29096752405166626,-1.1972209561443266
TOKYOTECH_s05,138,206,144.86666666666667,-0.01944442093372345,-1.1286518178377416
TOKYOTECH_s05,138,207,144.9,-0.33230510354042053,-0.9557198680158304
TOKYOTECH_s05,138,208,144.93333333333334,-0.7095722556114197,-0.6824958866096547
TOKYOTECH_s05,138,209,144.96666666666667,-0.9949357509613037,-0.32961721500390156
TOKYOTECH_s05,138,210,145.0,-1.1118077039718628,0.07151587987325767
TOKYOTECH_s05,138,211,145.03333333333333,-1.237370491027832,0.48349142668711526
TOKYOTECH_s05,138,212,145.06666666666666,-1.261092185974121,0.8663849622994877
TOKYOTECH_s05,138,213,145.1,-1.274680495262146,1.1830475505738314
TOKYOTECH_s05,138,214,145.13333333333333,-1.281162977218628,1.406713457067989
TOKYOTECH_s05,138,215,145.16666666666666,-1.240834355354309,1.5270985371189967
TOKYOTECH_s05,138,216,145.2,-1.2930861711502075,1.5507061476457387
TOKYOTECH_s05,138,217,145.23333333333332,-1.2811006307601929,1.4946310757801313
TOKYOTECH_s05,138,218,145.26666666666668,-1.360146164894104,1.377440222024489
TOKYOTECH_s05,138,219,145.3,-1.0224241018295288,1.2125459684152529
TOKYOTECH_s05,138,220,145.33333333333334,0.6917159557342529,1.0075363525772505
TOKYOTECH_s05,138,221,145.36666666666667,2.489095449447632,0.7686551427653252
TOKYOTECH_s05,138,222,145.4,2.6738288402557373,0.506074937926168
TOKYOTECH_s05,138,223,145.43333333333334,2.139895439147949,0.23557397080346715
TOKYOTECH_s05,138,224,145.46666666666667,1.6500928401947021,-0.024132978752881343
TOKYOTECH_s05,138,225,145.5,1.160316824913025,-0.2557136065313452
TOKYOTECH_s05,138,226,145.53333333333333,0.633791983127594,-0.44660137119895627
TOKYOTECH_s05,138,227,145.56666666666666,0.22015869617462158,-0.59110530395411
TOKYOTECH_s05,138,228,145.6,0.14835256338119507,-0.6920989240894947
TOKYOTECH_s05,138,229,145.63333333333333,0.3460509479045868,-0.762013780267728
TOKYOTECH_s05,138,230,145.66666666666666,0.500847339630127,-0.8206942560600784
TOKYOTECH_s05,138,231,145.7,0.5002506971359253,-0.8877688072045409
TOKYOTECH_s05,138,232,145.73333333333332,0.2066505253314972,-0.9711829674489401
TOKYOTECH_s05,138,233,145.76666666666668,-0.1634395867586136,-1.0582911471585992
TOKYOTECH_s05,138,234,145.8,-0.5147322416305542,-1.1167639394737299
TOKYOTECH_s05,138,235,145.83333333333334,-0.8082077503204346,-1.1073272639635883
TOKYOTECH_s05,138,236,145.86666666666667,-1.0296189785003662,-1.0016822119447923
TOKYOTECH_s05,138,237,145.9,-1.1442915201187134,-0.794923214614358
TOKYOTECH_s05,138,238,145.93333333333334,-1.1676480770111084,-0.5070089550474449
TOKYOTECH_s05,138,239,145.96666666666667,-1.1730352640151978,-0.1760336158496942
TOKYOTECH_s05,139,0,139.0,-1.2127851247787476,0.018406295380256017
TOKYOTECH_s05,139,1,139.03333333333333,-1.3144036531448364,-1.0773746505455073
TOKYOTECH_s05,139,2,139.06666666666666,-1.1431161165237427,-2.0174535807075666
TOKYOTECH_s05,139,3,139.1,0.1877283900976181,-2.6823122442388527
TOKYOTECH_s05,139,4,139.13333333333333,1.9369432926177979,-3.0184187060922305
TOKYOTECH_s05,139,5,139.16666666666666,2.3860700130462646,-3.0433748729955585
TOKYOTECH_s05,139,6,139.2,2.099860668182373,-2.8289106097550922
TOKYOTECH_s05,139,7,139.23333333333332,1.7091832160949707,-2.472885411340002
TOKYOTECH_s05,139,8,139.26666666666668,1.284018635749817,-2.072240145965909
TOKYOTECH_s05,139,9,139.3,0.8880786299705505,-1.7028306375782214
TOKYOTECH_s05,139,10,139.33333333333334,0.5667853951454163,-1.4081957814931574
TOKYOTECH_s05,139,11,139.36666666666667,0.4389430284500122,-1.1982315044155998
TOKYOTECH_s05,139,12,139.4,0.44909417629241943,-1.057174326086672
TOKYOTECH_s05,139,13,139.43333333333334,0.5763577222824097,-0.9571398342819275
TOKYOTECH_s05,139,14,139.46666666666667,0.6364188194274902,-0.8703893398782045
TOKYOTECH_s05,139,15,139.5,0.3627825677394867,-0.7742630432502964
TOKYOTECH_s05,139,16,139.53333333333333,-0.07364629954099655,-0.6486380613213777
TOKYOTECH_s05,139,17,139.56666666666666,-0.38443222641944885,-0.47208591125583416
TOKYOTECH_s05,139,18,139.6,-0.5821573734283447,-0.22389159626202715
TOKYOTECH_s05,139,19,139.63333333333333,-0.8745643496513367,0.10635714813088382
TOKYOTECH_s05,139,20,139.66666666666666,-1.0042855739593506,0.5078436581621337
TOKYOTECH_s05,139,21,139.7,-0.9795220494270325,0.9454427397534034
TOKYOTECH_s05,139,22,139.73333333333332,-1.0065650939941406,1.367970925817342
TOKYOTECH_s05,139,23,139.76666666666668,-0.978711724281311,1.7229255033206727
TOKYOTECH_s05,139,24,139.8,-0.9829413890838623,1.9696829400668565
TOKYOTECH_s05,139,25,139.83333333333334,-1.0725833177566528,2.0859832542039647
TOKYOTECH_s05,139,26,139.86666666666667,-1.0751923322677612,2.06777197640118
TOKYOTECH_s05,139,27,139.9,-1.1834001541137695,1.925934295694435
TOKYOTECH_s05,139,28,139.93333333333334,-1.3955951929092407,1.6830512352808817
TOKYOTECH_s05,139,29,139.96666666666667,-1.1284235715866089,1.3707138477219882
TOKYOTECH_s05,139,30,140.0,0.2953307330608368,1.0260604584563586
TOKYOTECH_s05,139,31,140.03333333333333,1.9434258937835693,0.686254407805038
TOKYOTECH_s05,139,32,140.06666666666666,2.3743338584899902,0.38122200202153683
TOKYOTECH_s05,139,33,140.1,2.104642391204834,0.12694386719094547
TOKYOTECH_s05,139,34,140.13333333333333,1.7141075134277344,-0.07750470375141119
TOKYOTECH_s05,139,35,140.16666666666666,1.3103137016296387,-0.24719725932091974
TOKYOTECH_s05,139,36,140.2,0.9005538821220398,-0.40385709895988275
TOKYOTECH_s05,139,37,140.23333333333332,0.5476762652397156,-0.566798144487845
TOKYOTECH_s05,139,38,140.26666666666668,0.3674485385417938,-0.7452435579295756
TOKYOTECH_s05,139,39,140.3,0.3988192081451416,-0.9337060758024405
TOKYOTECH_s05,139,40,140.33333333333334,0.4954155385494232,-1.111666340357436
TOKYOTECH_s05,139,41,140.36666666666667,0.4533505439758301,-1.2484555439692722
TOKYOTECH_s05,139,42,140.4,0.23105783760547638,-1.3127079495311773
TOKYOTECH_s05,139,43,140.43333333333334,-0.09564049541950226,-1.2832258509573615
TOKYOTECH_s05,139,44,140.46666666666667,-0.4762735664844513,-1.1562576333572265
TOKYOTECH_s05,139,45,140.5,-0.7183165550231934,-0.9453414207555051
TOKYOTECH_s05,139,46,140.53333333333333,-0.8313150405883789,-0.6743989616239899
TOKYOTECH_s05,139,47,140.56666666666666,-0.979370653629303,-0.3692505233608436
TOKYOTECH_s05,139,48,140.6,-1.018604040145874,-0.05327555412761206
TOKYOTECH_s05,139,49,140.63333333333333,-0.9715791940689087,0.251175809025832
TOKYOTECH_s05,139,50,140.66666666666666,-1.0558873414993286,0.5198340167324739
TOKYOTECH_s05,139,51,140.7,-1.036154866218567,0.7279552440405176
TOKYOTECH_s05,139,52,140.73333333333332,-0.9757019877433777,0.8571567807363385
TOKYOTECH_s05,139,53,140.76666666666668,-1.1051383018493652,0.9025437626948428
TOKYOTECH_s05,139,54,140.8,-1.2491422891616821,0.874189608947079
TOKYOTECH_s05,139,55,140.83333333333334,-1.318615436553955,0.791309062273124
TOKYOTECH_s05,139,56,140.86666666666667,-1.3837521076202393,0.6727911780066937
TOKYOTECH_s05,139,57,140.9,-0.5459604263305664,0.5303160899267723
TOKYOTECH_s05,139,58,140.93333333333334,1.3990830183029175,0.36832321665589446
TOKYOTECH_s05,139,59,140.96666666666667,2.322366952896118,0.19001431534983187
TOKYOTECH_s05,139,60,141.0,2.0202274322509766,0.003893855807521619
TOKYOTECH_s05,139,61,141.03333333333333,1.5751433372497559,-0.17502424058454563
TOKYOTECH_s05,139,62,141.06666666666666,1.1505485773086548,-0.33043146756509495
TOKYOTECH_s05,139,63,141.1,0.6478700041770935,-0.4519929328545917
TOKYOTECH_s05,139,64,141.13333333333333,0.2353409230709076,-0.5390794761522069
TOKYOTECH_s05,139,65,141.16666666666666,0.12574395537376404,-0.5986636008041673
TOKYOTECH_s05,139,66,141.2,0.2698726952075958,-0.6396857765476447
TOKYOTECH_s05,139,67,141.23333333333332,0.4572151005268097,-0.667973526327114
TOKYOTECH_s05,139,68,141.26666666666668,0.5045070648193359,-0.6833754968788435
TOKYOTECH_s05,139,69,141.3,0.32832202315330505,-0.6781391685841954
TOKYOTECH_s05,139,70,141.33333333333334,-0.06267591565847397,-0.6364456897895843
TOKYOTECH_s05,139,71,141.36666666666667,-0.4551965296268463,-0.5374632337758352
TOKYOTECH_s05,139,72,141.4,-0.6878095865249634,-0.3641909337717504
TOKYOTECH_s05,139,73,141.43333333333334,-0.9266736507415771,-0.11601116973815259
TOKYOTECH_s05,139,74,141.46666666666667,-1.0332787036895752,0.18304054506110282
TOKYOTECH_s05,139,75,141.5,-1.0895018577575684,0.4884313368171452
TOKYOTECH_s05,139,76,141.53333333333333,-1.0714079141616821,0.7511453172348855
TOKYOTECH_s05,139,77,141.56666666666666,-1.0844796895980835,0.9357172903772282
TOKYOTECH_s05,139,78,141.6,-1.048523187637329,1.0297406376954572
TOKYOTECH_s05,139,79,141.63333333333333,-1.1204540729522705,1.0411543330880333
TOKYOTECH_s05,139,80,141.66666666666666,-1.169063925743103,0.987536505262688
TOKYOTECH_s05,139,81,141.7,-1.230870246887207,0.8854075231746251
TOKYOTECH_s05,139,82,141.73333333333332,-0.870566189289093,0.7454652816228555
TOKYOTECH_s05,139,83,141.76666666666668,0.6335426568984985,0.574370962326431
TOKYOTECH_s05,139,84,141.8,1.973799228668213,0.37937657094427935
TOKYOTECH_s05,139,85,141.83333333333334,2.125345468521118,0.17126397654190814
TOKYOTECH_s05,139,86,141.86666666666667,1.7648454904556274,-0.03638316916566817
TOKYOTECH_s05,139,87,141.9,1.3278378248214722,-0.2303743066130833
TOKYOTECH_s05,139,88,141.93333333333334,0.8683105707168579,-0.4012437670846031
TOKYOTECH_s05,139,89,141.96666666666667,0.3471195101737976,-0.5453437085106032
TOKYOTECH_s05,139,90,142.0,-0.04005841165781021,-0.665679986496044
TOKYOTECH_s05,139,91,142.03333333333333,0.00940625835210085,-0.7714508765114612
TOKYOTECH_s05,139,92,142.06666666666666,0.2184223085641861,-0.8748264128102043
TOKYOTECH_s05,139,93,142.1,0.33831292390823364,-0.9834982035128216
TOKYOTECH_s05,139,94,142.13333333333333,0.31962230801582336,-1.0908106962333726
TOKYOTECH_s05,139,95,142.16666666666666,0.01848888024687767,-1.1693617059716013
TOKYOTECH_s05,139,96,142.2,-0.40245500206947327,-1.1747434743713778
TOKYOTECH_s05,139,97,142.23333333333332,-0.6896706223487854,-1.0614459761689374
TOKYOTECH_s05,139,98,142.26666666666668,-0.9564504027366638,-0.8047112733335284
TOKYOTECH_s05,139,99,142.3,-1.1172573566436768,-0.41666447323695677
TOKYOTECH_s05,139,100,142.33333333333334,-1.2165250778198242,0.052602335220352986
TOKYOTECH_s05,139,101,142.36666666666667,-1.276123046875,0.529850201961814
TOKYOTECH_s05,139,102,142.4,-1.255607008934021,0.9415308526207867
TOKYOTECH_s05,139,103,142.43333333333334,-1.2500150203704834,1.2335895412366535
TOKYOTECH_s05,139,104,142.46666666666667,-1.1985913515090942,1.3813617487996899
TOKYOTECH_s05,139,105,142.5,-1.2258747816085815,1.3893501573623048
TOKYOTECH_s05,139,106,142.53333333333333,-1.3154098987579346,1.284197525661859
TOKYOTECH_s05,139,107,142.56666666666666,-1.4568315744400024,1.10422941653815
TOKYOTECH_s05,139,108,142.6,-1.3001118898391724,0.8880680459584932
TOKYOTECH_s05,139,109,142.63333333333333,-0.08597017079591751,0.6648984600731843
TOKYOTECH_s05,139,110,142.66666666666666,1.917736291885376,0.4498038207084089
TOKYOTECH_s05,139,111,142.7,2.62593150138855,0.24649342094242402
TOKYOTECH_s05,139,112,142.73333333333332,2.3221445083618164,0.05543332339739698
TOKYOTECH_s05,139,113,142.76666666666668,1.8949228525161743,-0.11868629894430804
TOKYOTECH_s05,139,114,142.8,1.4579062461853027,-0.26595205914799797
TOKYOTECH_s05,139,115,142.83333333333334,0.96116703748703,-0.3776464230242435
TOKYOTECH_s05,139,116,142.86666666666667,0.4516141712665558,-0.45485631241985675
TOKYOTECH_s05,139,117,142.9,0.1945403665304184,-0.5116541631124164
TOKYOTECH_s05,139,118,142.93333333333334,0.26992613077163696,-0.5692306834991493
TOKYOTECH_s05,139,119,142.96666666666667,0.5258156061172485,-0.6443746494300335
TOKYOTECH_s05,139,120,143.0,0.5938551425933838,-0.740024258045119
TOKYOTECH_s05,139,121,143.03333333333333,0.31832224130630493,-0.8437413045144185
TOKYOTECH_s05,139,122,143.06666666666666,-0.05747567117214203,-0.9331676412351096
TOKYOTECH_s05,139,123,143.1,-0.4193914234638214,-0.9826354054324892
TOKYOTECH_s05,139,124,143.13333333333333,-0.6812736988067627,-0.9670939673920738
TOKYOTECH_s05,139,125,143.16666666666666,-0.9338952302932739,-0.8649098670025468
TOKYOTECH_s05,139,126,143.2,-1.1016298532485962,-0.6634348592747285
TOKYOTECH_s05,139,127,143.23333333333332,-1.1099555492401123,-0.3677713358423265
TOKYOTECH_s05,139,128,143.26666666666668,-1.1760183572769165,-0.0067259837926155214
TOKYOTECH_s05,139,129,143.3,-1.2324730157852173,0.3715231316343309
TOKYOTECH_s05,139,130,143.33333333333334,-1.1508541107177734,0.7141108555215436
TOKYOTECH_s05,139,131,143.36666666666667,-1.1824829578399658,0.9799916515229138
TOKYOTECH_s05,139,132,143.4,-1.3064162731170654,1.1488929846569929
TOKYOTECH_s05,139,133,143.43333333333334,-1.2697117328643799,1.2195175168824688
TOKYOTECH_s05,139,134,143.46666666666667,-1.3402267694473267,1.2009645653452006
TOKYOTECH_s05,139,135,143.5,-1.5760899782180786,1.1045427627430577
TOKYOTECH_s05,139,136,143.53333333333333,-1.3411884307861328,0.9408428033762832
TOKYOTECH_s05,139,137,143.56666666666666,0.15610840916633606,0.721968545158931
TOKYOTECH_s05,139,138,143.6,2.086637496948242,0.46525895157896596
TOKYOTECH_s05,139,139,143.63333333333333,2.679002523422241,0.1944832964405135
TOKYOTECH_s05,139,140,143.66666666666666,2.295199394226074,-0.06316340092048357
TOKYOTECH_s05,139,141,143.7,1.805102825164795,-0.2829332178390677
TOKYOTECH_s05,139,142,143.73333333333332,1.2926292419433594,-0.4483781294374419
TOKYOTECH_s05,139,143,143.76666666666668,0.7766117453575134,-0.5549613581746426
TOKYOTECH_s05,139,144,143.8,0.3282953202724457,-0.6111084424238195
TOKYOTECH_s05,139,145,143.83333333333334,0.24746888875961304,-0.6370248849021067
TOKYOTECH_s05,139,146,143.86666666666667,0.3467366099357605,-0.6601031154515785
TOKYOTECH_s05,139,147,143.9,0.5383710265159607,-0.7051783990784014
TOKYOTECH_s05,139,148,143.93333333333334,0.4583905041217804,-0.7810343769995317
TOKYOTECH_s05,139,149,143.96666666666667,0.25054094195365906,-0.869600585152521
TOKYOTECH_s05,139,150,144.0,-0.07839241623878479,-0.926613138129365
TOKYOTECH_s05,139,151,144.03333333333333,-0.4428459703922272,-0.8977612876640789
TOKYOTECH_s05,139,152,144.06666666666666,-0.711281955242157,-0.7435762178742069
TOKYOTECH_s05,139,153,144.1,-0.9372611045837402,-0.45908595328758994
TOKYOTECH_s05,139,154,144.13333333333333,-1.061016321182251,-0.07798827015936714
TOKYOTECH_s05,139,155,144.16666666666666,-1.121201992034912,0.33880405289391785
TOKYOTECH_s05,139,156,144.2,-1.1309614181518555,0.7227245416914247
TOKYOTECH_s05,139,157,144.23333333333332,-1.0728771686553955,1.0161798850833845
TOKYOTECH_s05,139,158,144.26666666666668,-1.0777212381362915,1.1846331435523663
TOKYOTECH_s05,139,159,144.3,-1.1336060762405396,1.2209415060188071
TOKYOTECH_s05,139,160,144.33333333333334,-1.1674165725708008,1.1428826873997047
TOKYOTECH_s05,139,161,144.36666666666667,-1.2332388162612915,0.985144899856036
TOKYOTECH_s05,139,162,144.4,-1.3479559421539307,0.78760545871314
TOKYOTECH_s05,139,163,144.43333333333334,-1.1563926935195923,0.5831966705531492
TOKYOTECH_s05,139,164,144.46666666666667,0.2316366285085678,0.3900306171624478
TOKYOTECH_s05,139,165,144.5,2.0187580585479736,0.21135189399363521
TOKYOTECH_s05,139,166,144.53333333333333,2.426149368286133,0.04250486594138134
TOKYOTECH_s05,139,167,144.56666666666666,1.9728820323944092,-0.12042740298001725
TOKYOTECH_s05,139,168,144.6,1.4107835292816162,-0.27646681592267486
TOKYOTECH_s05,139,169,144.63333333333333,0.7383222579956055,-0.42229857277538524
TOKYOTECH_s05,139,170,144.66666666666666,0.05833665654063225,-0.5576789294283652
TOKYOTECH_s05,139,171,144.7,-0.26463958621025085,-0.6870334948361311
TOKYOTECH_s05,139,172,144.73333333333332,-0.24181726574897766,-0.8142456735119002
TOKYOTECH_s05,139,173,144.76666666666668,0.08709829300642014,-0.9341916975424764
TOKYOTECH_s05,139,174,144.8,0.40015488862991333,-1.028156571775143
TOKYOTECH_s05,139,175,144.83333333333334,0.29096752405166626,-1.0679626212491973
TOKYOTECH_s05,139,176,144.86666666666667,-0.01944442093372345,-1.0270093272698084
TOKYOTECH_s05,139,177,144.9,-0.33230510354042053,-0.8912158672495794
TOKYOTECH_s05,139,178,144.93333333333334,-0.7095722556114197,-0.6636751606441565
TOKYOTECH_s05,139,179,144.96666666666667,-0.9949357509613037,-0.36220630742232995
TOKYOTECH_s05,139,180,145.0,-1.1118077039718628,-0.014021535620895552
TOKYOTECH_s05,139,181,145.03333333333333,-1.237370491027832,0.34800621308445395
TOKYOTECH_s05,139,182,145.06666666666666,-1.261092185974121,0.6876105269412351
TOKYOTECH_s05,139,183,145.1,-1.274680495262146,0.9694168325057264
TOKYOTECH_s05,139,184,145.13333333333333,-1.281162977218628,1.166133578155612
TOKYOTECH_s05,139,185,145.16666666666666,-1.240834355354309,1.264956773418218
TOKYOTECH_s05,139,186,145.2,-1.2930861711502075,1.2687819261428037
TOKYOTECH_s05,139,187,145.23333333333332,-1.2811006307601929,1.1911853000807477
TOKYOTECH_s05,139,188,145.26666666666668,-1.360146164894104,1.0483545827895258
TOKYOTECH_s05,139,189,145.3,-1.0224241018295288,0.8531182134496965
TOKYOTECH_s05,139,190,145.33333333333334,0.6917159557342529,0.6145258038220459
TOKYOTECH_s05,139,191,145.36666666666667,2.489095449447632,0.3422396282640855
TOKYOTECH_s05,139,192,145.4,2.6738288402557373,0.05124919594171365
TOKYOTECH_s05,139,193,145.43333333333334,2.139895439147949,-0.23765485269434633
TOKYOTECH_s05,139,194,145.46666666666667,1.6500928401947021,-0.5021425896494774
TOKYOTECH_s05,139,195,145.5,1.160316824913025,-0.7238878544633126
TOKYOTECH_s05,139,196,145.53333333333333,0.633791983127594,-0.8920067930075366
TOKYOTECH_s05,139,197,145.56666666666666,0.22015869617462158,-1.003710874828104
TOKYOTECH_s05,139,198,145.6,0.14835256338119507,-1.0633911348900542
TOKYOTECH_s05,139,199,145.63333333333333,0.3460509479045868,-1.0809642530938972
TOKYOTECH_s05,139,200,145.66666666666666,0.500847339630127,-1.0685979870392213
TOKYOTECH_s05,139,201,145.7,0.5002506971359253,-1.0347026109223147
TOKYOTECH_s05,139,202,145.73333333333332,0.2066505253314972,-0.9768403051319813
TOKYOTECH_s05,139,203,145.76666666666668,-0.1634395867586136,-0.8785675254468135
TOKYOTECH_s05,139,204,145.8,-0.5147322416305542,-0.7153403184746202
TOKYOTECH_s05,139,205,145.83333333333334,-0.8082077503204346,-0.46936444613145706
TOKYOTECH_s05,139,206,145.86666666666667,-1.0296189785003662,-0.1451660929403063
TOKYOTECH_s05,139,207,145.9,-1.1442915201187134,0.22516539221718715
TOKYOTECH_s05,139,208,145.93333333333334,-1.1676480770111084,0.591086264400818
TOKYOTECH_s05,139,209,145.96666666666667,-1.1730352640151978,0.9011082149870958
TOKYOTECH_s05,139,210,146.0,-1.1825987100601196,1.118813516751242
TOKYOTECH_s05,139,211,146.03333333333333,-1.1457072496414185,1.230448351605293
TOKYOTECH_s05,139,212,146.06666666666666,-1.1890277862548828,1.2429879734906892
TOKYOTECH_s05,139,213,146.1,-1.2355718612670898,1.1762408268991504
TOKYOTECH_s05,139,214,146.13333333333333,-1.3036558628082275,1.0539129355210899
TOKYOTECH_s05,139,215,146.16666666666666,-1.254146695137024,0.897152285237028
TOKYOTECH_s05,139,216,146.2,-0.17648473381996155,0.7218191308322328
TOKYOTECH_s05,139,217,146.23333333333332,1.9217878580093384,0.5389771254187173
TOKYOTECH_s05,139,218,146.26666666666668,2.840646266937256,0.35732669838783065
TOKYOTECH_s05,139,219,146.3,2.503983974456787,0.1860204746650727
TOKYOTECH_s05,139,220,146.33333333333334,1.9918220043182373,0.03603436567004923
TOKYOTECH_s05,139,221,146.36666666666667,1.5246368646621704,-0.08156030285611604
TOKYOTECH_s05,139,222,146.4,1.0025464296340942,-0.16076328768522216
TOKYOTECH_s05,139,223,146.43333333333334,0.44149860739707947,-0.2069625310860266
TOKYOTECH_s05,139,224,146.46666666666667,0.18770167231559753,-0.23947866391896178
TOKYOTECH_s05,139,225,146.5,0.3610461950302124,-0.2858446033751235
TOKYOTECH_s05,139,226,146.53333333333333,0.5419862270355225,-0.3682831939071974
TOKYOTECH_s05,139,227,146.56666666666666,0.5517010688781738,-0.48930315619302767
TOKYOTECH_s05,139,228,146.6,0.45625343918800354,-0.6262181894558742
TOKYOTECH_s05,139,229,146.63333333333333,0.07984109967947006,-0.7399434763980007
TOKYOTECH_s05,139,230,146.66666666666666,-0.30131733417510986,-0.7932786691597256
TOKYOTECH_s05,139,231,146.7,-0.5823710560798645,-0.7671173328320443
TOKYOTECH_s05,139,232,146.73333333333332,-0.8421607613563538,-0.6662165347386081
TOKYOTECH_s05,139,233,146.76666666666668,-1.012335181236267,-0.5144519906443072
TOKYOTECH_s05,139,234,146.8,-1.0815680027008057,-0.3447409911873846
TOKYOTECH_s05,139,235,146.83333333333334,-1.129794955253601,-0.18898748074349386
TOKYOTECH_s05,139,236,146.86666666666667,-1.1368472576141357,-0.07074909495955752
TOKYOTECH_s05,139,237,146.9,-1.1005345582962036,-0.000898342885497519
TOKYOTECH_s05,139,238,146.93333333333334,-1.0741504430770874,0.02389913486788313
TOKYOTECH_s05,139,239,146.96666666666667,-1.0982372760772705,0.019505103746219696
TOKYOTECH_s05,140,0,140.0,0.2953307330608368,-0.10872446752598235
TOKYOTECH_s05,140,1,140.03333333333333,1.9434258937835693,-1.5973775564922714
TOKYOTECH_s05,140,2,140.06666666666666,2.3743338584899902,-2.8424732233370973
TOKYOTECH_s05,140,3,140.1,2.104642391204834,-3.665847619881806
TOKYOTECH_s05,140,4,140.13333333333333,1.7141075134277344,-3.9982730249572933
TOKYOTECH_s05,140,5,140.16666666666666,1.3103137016296387,-3.8875192212107
TOKYOTECH_s05,140,6,140.2,0.9005538821220398,-3.467918800271417
TOKYOTECH_s05,140,7,140.23333333333332,0.5476762652397156,-2.907985391291299
TOKYOTECH_s05,140,8,140.26666666666668,0.3674485385417938,-2.3584117082247005
TOKYOTECH_s05,140,9,140.3,0.3988192081451416,-1.916436948173841
TOKYOTECH_s05,140,10,140.33333333333334,0.4954155385494232,-1.6130543205683991
TOKYOTECH_s05,140,11,140.36666666666667,0.4533505439758301,-1.4215897797154853
TOKYOTECH_s05,140,12,140.4,0.23105783760547638,-1.2809152306097684
TOKYOTECH_s05,140,13,140.43333333333334,-0.09564049541950226,-1.1237145016699115
TOKYOTECH_s05,140,14,140.46666666666667,-0.4762735664844513,-0.8997263177297858
TOKYOTECH_s05,140,15,140.5,-0.7183165550231934,-0.5869973744564654
TOKYOTECH_s05,140,16,140.53333333333333,-0.8313150405883789,-0.19073496333491644
TOKYOTECH_s05,140,17,140.56666666666666,-0.979370653629303,0.26461630629593075
TOKYOTECH_s05,140,18,140.6,-1.018604040145874,0.7430928433417289
TOKYOTECH_s05,140,19,140.63333333333333,-0.9715791940689087,1.2016413209177126
TOKYOTECH_s05,140,20,140.66666666666666,-1.0558873414993286,1.5939897766092501
TOKYOTECH_s05,140,21,140.7,-1.036154866218567,1.8783568719026935
TOKYOTECH_s05,140,22,140.73333333333332,-0.9757019877433777,2.028449662411761
TOKYOTECH_s05,140,23,140.76666666666668,-1.1051383018493652,2.041654024052626
TOKYOTECH_s05,140,24,140.8,-1.2491422891616821,1.9387182736052464
TOKYOTECH_s05,140,25,140.83333333333334,-1.318615436553955,1.7544782276609372
TOKYOTECH_s05,140,26,140.86666666666667,-1.3837521076202393,1.5244458143882424
TOKYOTECH_s05,140,27,140.9,-0.5459604263305664,1.2741773381402735
TOKYOTECH_s05,140,28,140.93333333333334,1.3990830183029175,1.016308900227635
TOKYOTECH_s05,140,29,140.96666666666667,2.322366952896118,0.755110738025108
TOKYOTECH_s05,140,30,141.0,2.0202274322509766,0.49341357597284907
TOKYOTECH_s05,140,31,141.03333333333333,1.5751433372497559,0.23595326766316876
TOKYOTECH_s05,140,32,141.06666666666666,1.1505485773086548,-0.01226906635781052
TOKYOTECH_s05,140,33,141.1,0.6478700041770935,-0.24889811789652938
TOKYOTECH_s05,140,34,141.13333333333333,0.2353409230709076,-0.4741036754757303
TOKYOTECH_s05,140,35,141.16666666666666,0.12574395537376404,-0.6866990045319559
TOKYOTECH_s05,140,36,141.2,0.2698726952075958,-0.8797447420131177
TOKYOTECH_s05,140,37,141.23333333333332,0.4572151005268097,-1.0395100257370917
TOKYOTECH_s05,140,38,141.26666666666668,0.5045070648193359,-1.1482636785816729
TOKYOTECH_s05,140,39,141.3,0.32832202315330505,-1.1881454277127108
TOKYOTECH_s05,140,40,141.33333333333334,-0.06267591565847397,-1.1441067882289115
TOKYOTECH_s05,140,41,141.36666666666667,-0.4551965296268463,-1.006901040273293
TOKYOTECH_s05,140,42,141.4,-0.6878095865249634,-0.7782644115646075
TOKYOTECH_s05,140,43,141.43333333333334,-0.9266736507415771,-0.47746977917834965
TOKYOTECH_s05,140,44,141.46666666666667,-1.0332787036895752,-0.14336632285285272
TOKYOTECH_s05,140,45,141.5,-1.0895018577575684,0.17414838083766
TOKYOTECH_s05,140,46,141.53333333333333,-1.0714079141616821,0.4313036035437437
TOKYOTECH_s05,140,47,141.56666666666666,-1.0844796895980835,0.6060655967820647
TOKYOTECH_s05,140,48,141.6,-1.048523187637329,0.7022014584930072
TOKYOTECH_s05,140,49,141.63333333333333,-1.1204540729522705,0.7398722106044271
TOKYOTECH_s05,140,50,141.66666666666666,-1.169063925743103,0.73998474677484
TOKYOTECH_s05,140,51,141.7,-1.230870246887207,0.7128812361474199
TOKYOTECH_s05,140,52,141.73333333333332,-0.870566189289093,0.6571261490572697
TOKYOTECH_s05,140,53,141.76666666666668,0.6335426568984985,0.5662833593308393
TOKYOTECH_s05,140,54,141.8,1.973799228668213,0.4372703304863341
TOKYOTECH_s05,140,55,141.83333333333334,2.125345468521118,0.2748012570230822
TOKYOTECH_s05,140,56,141.86666666666667,1.7648454904556274,0.0904413853007696
TOKYOTECH_s05,140,57,141.9,1.3278378248214722,-0.10148274026201433
TOKYOTECH_s05,140,58,141.93333333333334,0.8683105707168579,-0.2878881801369922
TOKYOTECH_s05,140,59,141.96666666666667,0.3471195101737976,-0.4592236050755526
TOKYOTECH_s05,140,60,142.0,-0.04005841165781021,-0.6105577698869503
TOKYOTECH_s05,140,61,142.03333333333333,0.00940625835210085,-0.7422359353161635
TOKYOTECH_s05,140,62,142.06666666666666,0.2184223085641861,-0.8588492298897891
TOKYOTECH_s05,140,63,142.1,0.33831292390823364,-0.9642701366733316
TOKYOTECH_s05,140,64,142.13333333333333,0.31962230801582336,-1.0532338099913239
TOKYOTECH_s05,140,65,142.16666666666666,0.01848888024687767,-1.104384408682091
TOKYOTECH_s05,140,66,142.2,-0.40245500206947327,-1.0816198350144173
TOKYOTECH_s05,140,67,142.23333333333332,-0.6896706223487854,-0.9469561085145323
TOKYOTECH_s05,140,68,142.26666666666668,-0.9564504027366638,-0.6800748026275966
TOKYOTECH_s05,140,69,142.3,-1.1172573566436768,-0.2936564244901779
TOKYOTECH_s05,140,70,142.33333333333334,-1.2165250778198242,0.16486274629981523
TOKYOTECH_s05,140,71,142.36666666666667,-1.276123046875,0.6265787944783606
TOKYOTECH_s05,140,72,142.4,-1.255607008934021,1.0223024112722678
TOKYOTECH_s05,140,73,142.43333333333334,-1.2500150203704834,1.3011037864380743
TOKYOTECH_s05,140,74,142.46666666666667,-1.1985913515090942,1.4395654435032483
TOKYOTECH_s05,140,75,142.5,-1.2258747816085815,1.441538330188184
TOKYOTECH_s05,140,76,142.53333333333333,-1.3154098987579346,1.3316461571270288
TOKYOTECH_s05,140,77,142.56666666666666,-1.4568315744400024,1.1457558321413384
TOKYOTECH_s05,140,78,142.6,-1.3001118898391724,0.920595992678576
TOKYOTECH_s05,140,79,142.63333333333333,-0.08597017079591751,0.6847320268896276
TOKYOTECH_s05,140,80,142.66666666666666,1.917736291885376,0.45412505382799295
TOKYOTECH_s05,140,81,142.7,2.62593150138855,0.2345973078586025
TOKYOTECH_s05,140,82,142.73333333333332,2.3221445083618164,0.029221941304786496
TOKYOTECH_s05,140,83,142.76666666666668,1.8949228525161743,-0.15534315698559936
TOKYOTECH_s05,140,84,142.8,1.4579062461853027,-0.30896010108480454
TOKYOTECH_s05,140,85,142.83333333333334,0.96116703748703,-0.4248132846355865
TOKYOTECH_s05,140,86,142.86666666666667,0.4516141712665558,-0.5071854454050191
TOKYOTECH_s05,140,87,142.9,0.1945403665304184,-0.5727242977750987
TOKYOTECH_s05,140,88,142.93333333333334,0.26992613077163696,-0.6424302822552785
TOKYOTECH_s05,140,89,142.96666666666667,0.5258156061172485,-0.7289933024945235
TOKYOTECH_s05,140,90,143.0,0.5938551425933838,-0.8281796346430476
TOKYOTECH_s05,140,91,143.03333333333333,0.31832224130630493,-0.9202035710971068
TOKYOTECH_s05,140,92,143.06666666666666,-0.05747567117214203,-0.9790551910618142
TOKYOTECH_s05,140,93,143.1,-0.4193914234638214,-0.9820762508041806
TOKYOTECH_s05,140,94,143.13333333333333,-0.6812736988067627,-0.914238169161296
TOKYOTECH_s05,140,95,143.16666666666666,-0.9338952302932739,-0.7682292903101949
TOKYOTECH_s05,140,96,143.2,-1.1016298532485962,-0.5455148224468152
TOKYOTECH_s05,140,97,143.23333333333332,-1.1099555492401123,-0.260828323296727
TOKYOTECH_s05,140,98,143.26666666666668,-1.1760183572769165,0.0547329611683884
TOKYOTECH_s05,140,99,143.3,-1.2324730157852173,0.35940980334509215
TOKYOTECH_s05,140,100,143.33333333333334,-1.1508541107177734,0.6152566372602841
TOKYOTECH_s05,140,101,143.36666666666667,-1.1824829578399658,0.8021834360428284
TOKYOTECH_s05,140,102,143.4,-1.3064162731170654,0.9216609985519023
TOKYOTECH_s05,140,103,143.43333333333334,-1.2697117328643799,0.9878502921801261
TOKYOTECH_s05,140,104,143.46666666666667,-1.3402267694473267,1.0131039028389652
TOKYOTECH_s05,140,105,143.5,-1.5760899782180786,0.9982846035371943
TOKYOTECH_s05,140,106,143.53333333333333,-1.3411884307861328,0.9335556154404622
TOKYOTECH_s05,140,107,143.56666666666666,0.15610840916633606,0.8074065321483864
TOKYOTECH_s05,140,108,143.6,2.086637496948242,0.6173165248307527
TOKYOTECH_s05,140,109,143.63333333333333,2.679002523422241,0.3759305862646599
TOKYOTECH_s05,140,110,143.66666666666666,2.295199394226074,0.10991395307361249
TOKYOTECH_s05,140,111,143.7,1.805102825164795,-0.1473689781768752
TOKYOTECH_s05,140,112,143.73333333333332,1.2926292419433594,-0.3654231437934929
TOKYOTECH_s05,140,113,143.76666666666668,0.7766117453575134,-0.5244599507534907
TOKYOTECH_s05,140,114,143.8,0.3282953202724457,-0.619848018506978
TOKYOTECH_s05,140,115,143.83333333333334,0.24746888875961304,-0.6631474617619921
TOKYOTECH_s05,140,116,143.86666666666667,0.3467366099357605,-0.6788042480780847
TOKYOTECH_s05,140,117,143.9,0.5383710265159607,-0.6949723496062947
TOKYOTECH_s05,140,118,143.93333333333334,0.4583905041217804,-0.7296423637276515
TOKYOTECH_s05,140,119,143.96666666666667,0.25054094195365906,-0.7780065915106285
TOKYOTECH_s05,140,120,144.0,-0.07839241623878479,-0.8096199220577492
TOKYOTECH_s05,140,121,144.03333333333333,-0.4428459703922272,-0.7801348059539361
TOKYOTECH_s05,140,122,144.06666666666666,-0.711281955242157,-0.6526916146874893
TOKYOTECH_s05,140,123,144.1,-0.9372611045837402,-0.41678338939782766
TOKYOTECH_s05,140,124,144.13333333333333,-1.061016321182251,-0.09459378260318131
TOKYOTECH_s05,140,125,144.16666666666666,-1.121201992034912,0.2666687740307885
TOKYOTECH_s05,140,126,144.2,-1.1309614181518555,0.6104465895653822
TOKYOTECH_s05,140,127,144.23333333333332,-1.0728771686553955,0.8864194678416227
TOKYOTECH_s05,140,128,144.26666666666668,-1.0777212381362915,1.0610417761837612
TOKYOTECH_s05,140,129,144.3,-1.1336060762405396,1.122303572978878
TOKYOTECH_s05,140,130,144.33333333333334,-1.1674165725708008,1.079536613862043
TOKYOTECH_s05,140,131,144.36666666666667,-1.2332388162612915,0.9585721943402686
TOKYOTECH_s05,140,132,144.4,-1.3479559421539307,0.792588185284826
TOKYOTECH_s05,140,133,144.43333333333334,-1.1563926935195923,0.6108738033371798
TOKYOTECH_s05,140,134,144.46666666666667,0.2316366285085678,0.4303809317835246
TOKYOTECH_s05,140,135,144.5,2.0187580585479736,0.25473833823095615
TOKYOTECH_s05,140,136,144.53333333333333,2.426149368286133,0.0806856126367624
TOKYOTECH_s05,140,137,144.56666666666666,1.9728820323944092,-0.09349719910273323
TOKYOTECH_s05,140,138,144.6,1.4107835292816162,-0.26410684255400974
TOKYOTECH_s05,140,139,144.63333333333333,0.7383222579956055,-0.42509239388204845
TOKYOTECH_s05,140,140,144.66666666666666,0.05833665654063225,-0.5741534768333294
TOKYOTECH_s05,140,141,144.7,-0.26463958621025085,-0.7149417188799713
TOKYOTECH_s05,140,142,144.73333333333332,-0.24181726574897766,-0.8519697958975638
TOKYOTECH_s05,140,143,144.76666666666668,0.08709829300642014,-0.9815208045412243
TOKYOTECH_s05,140,144,144.8,0.40015488862991333,-1.0859032693484676
TOKYOTECH_s05,140,145,144.83333333333334,0.29096752405166626,-1.136548037733329
TOKYOTECH_s05,140,146,144.86666666666667,-0.01944442093372345,-1.104827690218798
TOKYOTECH_s05,140,147,144.9,-0.33230510354042053,-0.9738074762910894
TOKYOTECH_s05,140,148,144.93333333333334,-0.7095722556114197,-0.7443080769422438
TOKYOTECH_s05,140,149,144.96666666666667,-0.9949357509613037,-0.433701690137342
TOKYOTECH_s05,140,150,145.0,-1.1118077039718628,-0.07109266769945054
TOKYOTECH_s05,140,151,145.03333333333333,-1.237370491027832,0.3068410338062868
TOKYOTECH_s05,140,152,145.06666666666666,-1.261092185974121,0.6595198265566679
TOKYOTECH_s05,140,153,145.1,-1.274680495262146,0.9488633448017953
TOKYOTECH_s05,140,154,145.13333333333333,-1.281162977218628,1.1483892281579882
TOKYOTECH_s05,140,155,145.16666666666666,-1.240834355354309,1.2500283187679808
TOKYOTECH_s05,140,156,145.2,-1.2930861711502075,1.2635329458753448
TOKYOTECH_s05,140,157,145.23333333333332,-1.2811006307601929,1.2080828834295982
TOKYOTECH_s05,140,158,145.26666666666668,-1.360146164894104,1.101172145109583
TOKYOTECH_s05,140,159,145.3,-1.0224241018295288,0.9517522847708364
TOKYOTECH_s05,140,160,145.33333333333334,0.6917159557342529,0.7612603612739935
TOKYOTECH_s05,140,161,145.36666666666667,2.489095449447632,0.5304721998323827
TOKYOTECH_s05,140,162,145.4,2.6738288402557373,0.26650691668950655
TOKYOTECH_s05,140,163,145.43333333333334,2.139895439147949,-0.014892072706363071
TOKYOTECH_s05,140,164,145.46666666666667,1.6500928401947021,-0.2923698947344213
TOKYOTECH_s05,140,165,145.5,1.160316824913025,-0.5441215269888684
TOKYOTECH_s05,140,166,145.53333333333333,0.633791983127594,-0.7521015684382231
TOKYOTECH_s05,140,167,145.56666666666666,0.22015869617462158,-0.9045633460220827
TOKYOTECH_s05,140,168,145.6,0.14835256338119507,-0.997744159659755
TOKYOTECH_s05,140,169,145.63333333333333,0.3460509479045868,-1.0367874316320778
TOKYOTECH_s05,140,170,145.66666666666666,0.500847339630127,-1.0340404698723544
TOKYOTECH_s05,140,171,145.7,0.5002506971359253,-1.0028029235680738
TOKYOTECH_s05,140,172,145.73333333333332,0.2066505253314972,-0.9480950492571663
TOKYOTECH_s05,140,173,145.76666666666668,-0.1634395867586136,-0.8603303092183616
TOKYOTECH_s05,140,174,145.8,-0.5147322416305542,-0.7184897641352557
TOKYOTECH_s05,140,175,145.83333333333334,-0.8082077503204346,-0.5039306469290057
TOKYOTECH_s05,140,176,145.86666666666667,-1.0296189785003662,-0.2168457381701947
TOKYOTECH_s05,140,177,145.9,-1.1442915201187134,0.11653066653018203
TOKYOTECH_s05,140,178,145.93333333333334,-1.1676480770111084,0.45124792374960393
TOKYOTECH_s05,140,179,145.96666666666667,-1.1730352640151978,0.7402720985612098
TOKYOTECH_s05,140,180,146.0,-1.1825987100601196,0.9502557067086717
TOKYOTECH_s05,140,181,146.03333333333333,-1.1457072496414185,1.068752534199515
TOKYOTECH_s05,140,182,146.06666666666666,-1.1890277862548828,1.1015457373845803
TOKYOTECH_s05,140,183,146.1,-1.2355718612670898,1.0642211556030599
TOKYOTECH_s05,140,184,146.13333333333333,-1.3036558628082275,0.9735692112985768
TOKYOTECH_s05,140,185,146.16666666666666,-1.254146695137024,0.8424756883520939
TOKYOTECH_s05,140,186,146.2,-0.17648473381996155,0.6791280021644256
TOKYOTECH_s05,140,187,146.23333333333332,1.9217878580093384,0.48938666610663834
TOKYOTECH_s05,140,188,146.26666666666668,2.840646266937256,0.28054941501698544
TOKYOTECH_s05,140,189,146.3,2.503983974456787,0.06471254629373242
TOKYOTECH_s05,140,190,146.33333333333334,1.9918220043182373,-0.1402114595533089
TOKYOTECH_s05,140,191,146.36666666666667,1.5246368646621704,-0.3135179316472509
TOKYOTECH_s05,140,192,146.4,1.0025464296340942,-0.4389637818245462
TOKYOTECH_s05,140,193,146.43333333333334,0.44149860739707947,-0.5135267502737837
TOKYOTECH_s05,140,194,146.46666666666667,0.18770167231559753,-0.5520779604224584
TOKYOTECH_s05,140,195,146.5,0.3610461950302124,-0.5827300820931051
TOKYOTECH_s05,140,196,146.53333333333333,0.5419862270355225,-0.6327571058115747
TOKYOTECH_s05,140,197,146.56666666666666,0.5517010688781738,-0.7119815412489403
TOKYOTECH_s05,140,198,146.6,0.45625343918800354,-0.8041985410571071
TOKYOTECH_s05,140,199,146.63333333333333,0.07984109967947006,-0.8732904217184351
TOKYOTECH_s05,140,200,146.66666666666666,-0.30131733417510986,-0.8803759753579333
TOKYOTECH_s05,140,201,146.7,-0.5823710560798645,-0.8007614705717218
TOKYOTECH_s05,140,202,146.73333333333332,-0.8421607613563538,-0.6317360719692413
TOKYOTECH_s05,140,203,146.76666666666668,-1.012335181236267,-0.390334697756989
TOKYOTECH_s05,140,204,146.8,-1.0815680027008057,-0.10603418893439456
TOKYOTECH_s05,140,205,146.83333333333334,-1.129794955253601,0.1864266226795271
TOKYOTECH_s05,140,206,146.86666666666667,-1.1368472576141357,0.4526948704548117
TOKYOTECH_s05,140,207,146.9,-1.1005345582962036,0.6644140086113637
TOKYOTECH_s05,140,208,146.93333333333334,-1.0741504430770874,0.8050378112592518
TOKYOTECH_s05,140,209,146.96666666666667,-1.0982372760772705,0.8731335793129239
TOKYOTECH_s05,140,210,147.0,-1.198359727859497,0.8800265188756434
TOKYOTECH_s05,140,211,147.03333333333333,-1.3446255922317505,0.8420007451021099
TOKYOTECH_s05,140,212,147.06666666666666,-1.0891456604003906,0.7720557240460848
TOKYOTECH_s05,140,213,147.1,0.36807185411453247,0.6772182640786304
TOKYOTECH_s05,140,214,147.13333333333333,2.2297778129577637,0.5622999782482566
TOKYOTECH_s05,140,215,147.16666666666666,2.6007583141326904,0.4348987674761508
TOKYOTECH_s05,140,216,147.2,2.0613129138946533,0.3055877485312182
TOKYOTECH_s05,140,217,147.23333333333332,1.4942011833190918,0.18207779525482676
TOKYOTECH_s05,140,218,147.26666666666668,0.9886375069618225,0.06249907619603734
TOKYOTECH_s05,140,219,147.3,0.4611954391002655,-0.06504146010378137
TOKYOTECH_s05,140,220,147.33333333333334,-0.03280121833086014,-0.21429092034361127
TOKYOTECH_s05,140,221,147.36666666666667,0.0023805834352970123,-0.38875271440470943
TOKYOTECH_s05,140,222,147.4,0.33278319239616394,-0.5734147639552006
TOKYOTECH_s05,140,223,147.43333333333334,0.5539272427558899,-0.7357022105058915
TOKYOTECH_s05,140,224,147.46666666666667,0.5323604345321655,-0.835564776200667
TOKYOTECH_s05,140,225,147.5,0.20837800204753876,-0.8397623861770758
TOKYOTECH_s05,140,226,147.53333333333333,-0.14835532009601593,-0.7340494739764627
TOKYOTECH_s05,140,227,147.56666666666666,-0.47371795773506165,-0.5290027055640876
TOKYOTECH_s05,140,228,147.6,-0.7701675891876221,-0.2586189627410268
TOKYOTECH_s05,140,229,147.63333333333333,-0.9837160706520081,0.02693422760526456
TOKYOTECH_s05,140,230,147.66666666666666,-1.0530823469161987,0.27281659307037665
TOKYOTECH_s05,140,231,147.7,-1.0684248208999634,0.4336059554245217
TOKYOTECH_s05,140,232,147.73333333333332,-1.1169812679290771,0.4867205509854051
TOKYOTECH_s05,140,233,147.76666666666668,-1.1085131168365479,0.4400531878900835
TOKYOTECH_s05,140,234,147.8,-1.0819686651229858,0.32914776633752996
TOKYOTECH_s05,140,235,147.83333333333334,-1.0831351280212402,0.2034236768039231
TOKYOTECH_s05,140,236,147.86666666666667,-1.0454422235488892,0.10725833312381185
TOKYOTECH_s05,140,237,147.9,-0.057288676500320435,0.06488948944815097
TOKYOTECH_s05,140,238,147.93333333333334,1.686076045036316,0.07485457975883954
TOKYOTECH_s05,140,239,147.96666666666667,2.490769624710083,0.11384216620019644
TOKYOTECH_s05,141,0,141.0,2.0202274322509766,-0.08322517365111527
TOKYOTECH_s05,141,1,141.03333333333333,1.5751433372497559,-1.641932267442172
TOKYOTECH_s05,141,2,141.06666666666666,1.1505485773086548,-2.9725670764984153
TOKYOTECH_s05,141,3,141.1,0.6478700041770935,-3.9036238227733016
TOKYOTECH_s05,141,4,141.13333333333333,0.2353409230709076,-4.357627195063444
TOKYOTECH_s05,141,5,141.16666666666666,0.12574395537376404,-4.358302306291572
TOKYOTECH_s05,141,6,141.2,0.2698726952075958,-4.005822271094903
TOKYOTECH_s05,141,7,141.23333333333332,0.4572151005268097,-3.435752867341805
TOKYOTECH_s05,141,8,141.26666666666668,0.5045070648193359,-2.7795317658406957
TOKYOTECH_s05,141,9,141.3,0.32832202315330505,-2.136372621563182
TOKYOTECH_s05,141,10,141.33333333333334,-0.06267591565847397,-1.5597460521489634
TOKYOTECH_s05,141,11,141.36666666666667,-0.4551965296268463,-1.058891922577982
TOKYOTECH_s05,141,12,141.4,-0.6878095865249634,-0.6141208104978759
TOKYOTECH_s05,141,13,141.43333333333334,-0.9266736507415771,-0.20044548230494227
TOKYOTECH_s05,141,14,141.46666666666667,-1.0332787036895752,0.19192055454728965
TOKYOTECH_s05,141,15,141.5,-1.0895018577575684,0.5517242144369442
TOKYOTECH_s05,141,16,141.53333333333333,-1.0714079141616821,0.8569698238774802
TOKYOTECH_s05,141,17,141.56666666666666,-1.0844796895980835,1.0913674213671842
TOKYOTECH_s05,141,18,141.6,-1.048523187637329,1.2544800051310026
TOKYOTECH_s05,141,19,141.63333333333333,-1.1204540729522705,1.3598159839617816
TOKYOTECH_s05,141,20,141.66666666666666,-1.169063925743103,1.4244998414727736
TOKYOTECH_s05,141,21,141.7,-1.230870246887207,1.4592021544602485
TOKYOTECH_s05,141,22,141.73333333333332,-0.870566189289093,1.4646108538711915
TOKYOTECH_s05,141,23,141.76666666666668,0.6335426568984985,1.43454095217511
TOKYOTECH_s05,141,24,141.8,1.973799228668213,1.3614890683578722
TOKYOTECH_s05,141,25,141.83333333333334,2.125345468521118,1.2403343979620065
TOKYOTECH_s05,141,26,141.86666666666667,1.7648454904556274,1.068916778751592
TOKYOTECH_s05,141,27,141.9,1.3278378248214722,0.847352396232696
TOKYOTECH_s05,141,28,141.93333333333334,0.8683105707168579,0.578534409258538
TOKYOTECH_s05,141,29,141.96666666666667,0.3471195101737976,0.2702004070467593
TOKYOTECH_s05,141,30,142.0,-0.04005841165781021,-0.06364710257606651
TOKYOTECH_s05,141,31,142.03333333333333,0.00940625835210085,-0.40415784390962706
TOKYOTECH_s05,141,32,142.06666666666666,0.2184223085641861,-0.7307250143626958
TOKYOTECH_s05,141,33,142.1,0.33831292390823364,-1.022079316556723
TOKYOTECH_s05,141,34,142.13333333333333,0.31962230801582336,-1.2537799781387713
TOKYOTECH_s05,141,35,142.16666666666666,0.01848888024687767,-1.3952176165780457
TOKYOTECH_s05,141,36,142.2,-0.40245500206947327,-1.4119709548893347
TOKYOTECH_s05,141,37,142.23333333333332,-0.6896706223487854,-1.276794169969828
TOKYOTECH_s05,141,38,142.26666666666668,-0.9564504027366638,-0.9854117445511326
TOKYOTECH_s05,141,39,142.3,-1.1172573566436768,-0.5676037238102422
TOKYOTECH_s05,141,40,142.33333333333334,-1.2165250778198242,-0.08521624105763875
TOKYOTECH_s05,141,41,142.36666666666667,-1.276123046875,0.38391260320547155
TOKYOTECH_s05,141,42,142.4,-1.255607008934021,0.7686415572692948
TOKYOTECH_s05,141,43,142.43333333333334,-1.2500150203704834,1.0229483920027964
TOKYOTECH_s05,141,44,142.46666666666667,-1.1985913515090942,1.13333108334787
TOKYOTECH_s05,141,45,142.5,-1.2258747816085815,1.1154232869549185
TOKYOTECH_s05,141,46,142.53333333333333,-1.3154098987579346,1.0040198624339935
TOKYOTECH_s05,141,47,142.56666666666666,-1.4568315744400024,0.8407775457730577
TOKYOTECH_s05,141,48,142.6,-1.3001118898391724,0.6623995423627301
TOKYOTECH_s05,141,49,142.63333333333333,-0.08597017079591751,0.49162971148187873
TOKYOTECH_s05,141,50,142.66666666666666,1.917736291885376,0.3341859772594791
TOKYOTECH_s05,141,51,142.7,2.62593150138855,0.18373676008128587
TOKYOTECH_s05,141,52,142.73333333333332,2.3221445083618164,0.032420911215840655
TOKYOTECH_s05,141,53,142.76666666666668,1.8949228525161743,-0.1198690146532378
TOKYOTECH_s05,141,54,142.8,1.4579062461853027,-0.26364557813236056
TOKYOTECH_s05,141,55,142.83333333333334,0.96116703748703,-0.3864320478181767
TOKYOTECH_s05,141,56,142.86666666666667,0.4516141712665558,-0.482664974009739
TOKYOTECH_s05,141,57,142.9,0.1945403665304184,-0.559111738298677
TOKYOTECH_s05,141,58,142.93333333333334,0.26992613077163696,-0.631159886972078
TOKYOTECH_s05,141,59,142.96666666666667,0.5258156061172485,-0.7120304010956027
TOKYOTECH_s05,141,60,143.0,0.5938551425933838,-0.8024116373657374
TOKYOTECH_s05,141,61,143.03333333333333,0.31832224130630493,-0.8876624502090071
TOKYOTECH_s05,141,62,143.06666666666666,-0.05747567117214203,-0.9433405350058348
TOKYOTECH_s05,141,63,143.1,-0.4193914234638214,-0.9437966982777041
TOKYOTECH_s05,141,64,143.13333333333333,-0.6812736988067627,-0.8687368365425924
TOKYOTECH_s05,141,65,143.16666666666666,-0.9338952302932739,-0.7071672899553002
TOKYOTECH_s05,141,66,143.2,-1.1016298532485962,-0.46142202350393624
TOKYOTECH_s05,141,67,143.23333333333332,-1.1099555492401123,-0.15206110584583551
TOKYOTECH_s05,141,68,143.26666666666668,-1.1760183572769165,0.18125575328006063
TOKYOTECH_s05,141,69,143.3,-1.2324730157852173,0.48904022006339243
TOKYOTECH_s05,141,70,143.33333333333334,-1.1508541107177734,0.7296745294731083
TOKYOTECH_s05,141,71,143.36666666666667,-1.1824829578399658,0.8849891592476378
TOKYOTECH_s05,141,72,143.4,-1.3064162731170654,0.9631729008533741
TOKYOTECH_s05,141,73,143.43333333333334,-1.2697117328643799,0.9871832400389624
TOKYOTECH_s05,141,74,143.46666666666667,-1.3402267694473267,0.9771597070728201
TOKYOTECH_s05,141,75,143.5,-1.5760899782180786,0.9389884238730294
TOKYOTECH_s05,141,76,143.53333333333333,-1.3411884307861328,0.8650515709774028
TOKYOTECH_s05,141,77,143.56666666666666,0.15610840916633606,0.743898679956522
TOKYOTECH_s05,141,78,143.6,2.086637496948242,0.5711637746214885
TOKYOTECH_s05,141,79,143.63333333333333,2.679002523422241,0.3554851425788945
TOKYOTECH_s05,141,80,143.66666666666666,2.295199394226074,0.11731031283538615
TOKYOTECH_s05,141,81,143.7,1.805102825164795,-0.11744500793971425
TOKYOTECH_s05,141,82,143.73333333333332,1.2926292419433594,-0.3247889815172001
TOKYOTECH_s05,141,83,143.76666666666668,0.7766117453575134,-0.48798689849297494
TOKYOTECH_s05,141,84,143.8,0.3282953202724457,-0.6007348766068527
TOKYOTECH_s05,141,85,143.83333333333334,0.24746888875961304,-0.6691549061497483
TOKYOTECH_s05,141,86,143.86666666666667,0.3467366099357605,-0.7109817180929696
TOKYOTECH_s05,141,87,143.9,0.5383710265159607,-0.7485187692500302
TOKYOTECH_s05,141,88,143.93333333333334,0.4583905041217804,-0.79535530083845
TOKYOTECH_s05,141,89,143.96666666666667,0.25054094195365906,-0.8433092652384901
TOKYOTECH_s05,141,90,144.0,-0.07839241623878479,-0.8596758823254359
TOKYOTECH_s05,141,91,144.03333333333333,-0.4428459703922272,-0.8003929955028944
TOKYOTECH_s05,141,92,144.06666666666666,-0.711281955242157,-0.633190664971924
TOKYOTECH_s05,141,93,144.1,-0.9372611045837402,-0.3565333979890309
TOKYOTECH_s05,141,94,144.13333333333333,-1.061016321182251,-0.0034998246252501684
TOKYOTECH_s05,141,95,144.16666666666666,-1.121201992034912,0.369742884378265
TOKYOTECH_s05,141,96,144.2,-1.1309614181518555,0.702867808651899
TOKYOTECH_s05,141,97,144.23333333333332,-1.0728771686553955,0.9481830512576793
TOKYOTECH_s05,141,98,144.26666666666668,-1.0777212381362915,1.0801328701974655
TOKYOTECH_s05,141,99,144.3,-1.1336060762405396,1.0975614364977297
TOKYOTECH_s05,141,100,144.33333333333334,-1.1674165725708008,1.0205514540946838
TOKYOTECH_s05,141,101,144.36666666666667,-1.2332388162612915,0.8828541474622785
TOKYOTECH_s05,141,102,144.4,-1.3479559421539307,0.7207159537742986
TOKYOTECH_s05,141,103,144.43333333333334,-1.1563926935195923,0.5607553528075448
TOKYOTECH_s05,141,104,144.46666666666667,0.2316366285085678,0.41215777506667584
TOKYOTECH_s05,141,105,144.5,2.0187580585479736,0.2679308053664775
TOKYOTECH_s05,141,106,144.53333333333333,2.426149368286133,0.11455257287907615
TOKYOTECH_s05,141,107,144.56666666666666,1.9728820323944092,-0.0565474602942494
TOKYOTECH_s05,141,108,144.6,1.4107835292816162,-0.2432239882747029
TOKYOTECH_s05,141,109,144.63333333333333,0.7383222579956055,-0.43544698679214194
TOKYOTECH_s05,141,110,144.66666666666666,0.05833665654063225,-0.622743518508529
TOKYOTECH_s05,141,111,144.7,-0.26463958621025085,-0.7988406642222184
TOKYOTECH_s05,141,112,144.73333333333332,-0.24181726574897766,-0.9592499576500285
TOKYOTECH_s05,141,113,144.76666666666668,0.08709829300642014,-1.094174371852452
TOKYOTECH_s05,141,114,144.8,0.40015488862991333,-1.1836131884608128
TOKYOTECH_s05,141,115,144.83333333333334,0.29096752405166626,-1.2003377223925995
TOKYOTECH_s05,141,116,144.86666666666667,-0.01944442093372345,-1.1201916138455752
TOKYOTECH_s05,141,117,144.9,-0.33230510354042053,-0.9333613569765205
TOKYOTECH_s05,141,118,144.93333333333334,-0.7095722556114197,-0.6498637777947711
TOKYOTECH_s05,141,119,144.96666666666667,-0.9949357509613037,-0.29707836397663634
TOKYOTECH_s05,141,120,145.0,-1.1118077039718628,0.08742008396712844
TOKYOTECH_s05,141,121,145.03333333333333,-1.237370491027832,0.46289636033107007
TOKYOTECH_s05,141,122,145.06666666666666,-1.261092185974121,0.790902660445478
TOKYOTECH_s05,141,123,145.1,-1.274680495262146,1.0408614882712226
TOKYOTECH_s05,141,124,145.13333333333333,-1.281162977218628,1.1960245210986722
TOKYOTECH_s05,141,125,145.16666666666666,-1.240834355354309,1.2567462552099389
TOKYOTECH_s05,141,126,145.2,-1.2930861711502075,1.2377387158269686
TOKYOTECH_s05,141,127,145.23333333333332,-1.2811006307601929,1.1594309854205407
TOKYOTECH_s05,141,128,145.26666666666668,-1.360146164894104,1.038037188444481
TOKYOTECH_s05,141,129,145.3,-1.0224241018295288,0.8804718041495982
TOKYOTECH_s05,141,130,145.33333333333334,0.6917159557342529,0.6869226723309053
TOKYOTECH_s05,141,131,145.36666666666667,2.489095449447632,0.45837537513055515
TOKYOTECH_s05,141,132,145.4,2.6738288402557373,0.20305531165311477
TOKYOTECH_s05,141,133,145.43333333333334,2.139895439147949,-0.06286089498070271
TOKYOTECH_s05,141,134,145.46666666666667,1.6500928401947021,-0.31982286303188523
TOKYOTECH_s05,141,135,145.5,1.160316824913025,-0.5503929205663642
TOKYOTECH_s05,141,136,145.53333333333333,0.633791983127594,-0.7421161810521857
TOKYOTECH_s05,141,137,145.56666666666666,0.22015869617462158,-0.8877785459635156
TOKYOTECH_s05,141,138,145.6,0.14835256338119507,-0.985129129190555
TOKYOTECH_s05,141,139,145.63333333333333,0.3460509479045868,-1.0371289383781184
TOKYOTECH_s05,141,140,145.66666666666666,0.500847339630127,-1.0510782982492786
TOKYOTECH_s05,141,141,145.7,0.5002506971359253,-1.0342285333538683
TOKYOTECH_s05,141,142,145.73333333333332,0.2066505253314972,-0.9867068825851858
TOKYOTECH_s05,141,143,145.76666666666668,-0.1634395867586136,-0.8968873528286196
TOKYOTECH_s05,141,144,145.8,-0.5147322416305542,-0.7451075849757828
TOKYOTECH_s05,141,145,145.83333333333334,-0.8082077503204346,-0.5164994997281267
TOKYOTECH_s05,141,146,145.86666666666667,-1.0296189785003662,-0.21533127373481403
TOKYOTECH_s05,141,147,145.9,-1.1442915201187134,0.1299213597858906
TOKYOTECH_s05,141,148,145.93333333333334,-1.1676480770111084,0.47476328969985565
TOKYOTECH_s05,141,149,145.96666666666667,-1.1730352640151978,0.7742651744060922
TOKYOTECH_s05,141,150,146.0,-1.1825987100601196,0.9964390837998026
TOKYOTECH_s05,141,151,146.03333333333333,-1.1457072496414185,1.1272718349798847
TOKYOTECH_s05,141,152,146.06666666666666,-1.1890277862548828,1.1676958146045784
TOKYOTECH_s05,141,153,146.1,-1.2355718612670898,1.1271955977618722
TOKYOTECH_s05,141,154,146.13333333333333,-1.3036558628082275,1.0186101315369815
TOKYOTECH_s05,141,155,146.16666666666666,-1.254146695137024,0.8557748055722671
TOKYOTECH_s05,141,156,146.2,-0.17648473381996155,0.6532003664521143
TOKYOTECH_s05,141,157,146.23333333333332,1.9217878580093384,0.42636804643196236
TOKYOTECH_s05,141,158,146.26666666666668,2.840646266937256,0.1919538433604891
TOKYOTECH_s05,141,159,146.3,2.503983974456787,-0.03211234281204189
TOKYOTECH_s05,141,160,146.33333333333334,1.9918220043182373,-0.22733326553097966
TOKYOTECH_s05,141,161,146.36666666666667,1.5246368646621704,-0.37732116732810517
TOKYOTECH_s05,141,162,146.4,1.0025464296340942,-0.47307885661180105
TOKYOTECH_s05,141,163,146.43333333333334,0.44149860739707947,-0.5190846147258378
TOKYOTECH_s05,141,164,146.46666666666667,0.18770167231559753,-0.5355505705147365
TOKYOTECH_s05,141,165,146.5,0.3610461950302124,-0.5522794878044367
TOKYOTECH_s05,141,166,146.53333333333333,0.5419862270355225,-0.5942737611109933
TOKYOTECH_s05,141,167,146.56666666666666,0.5517010688781738,-0.6659671779899335
TOKYOTECH_s05,141,168,146.6,0.45625343918800354,-0.7445075797859947
TOKYOTECH_s05,141,169,146.63333333333333,0.07984109967947006,-0.7884231054731843
TOKYOTECH_s05,141,170,146.66666666666666,-0.30131733417510986,-0.7573215283109778
TOKYOTECH_s05,141,171,146.7,-0.5823710560798645,-0.630420909378182
TOKYOTECH_s05,141,172,146.73333333333332,-0.8421607613563538,-0.4141632814398798
TOKYOTECH_s05,141,173,146.76666666666668,-1.012335181236267,-0.1378658680192835
TOKYOTECH_s05,141,174,146.8,-1.0815680027008057,0.157008058514265
TOKYOTECH_s05,141,175,146.83333333333334,-1.129794955253601,0.4275849715670363
TOKYOTECH_s05,141,176,146.86666666666667,-1.1368472576141357,0.6376789369861163
TOKYOTECH_s05,141,177,146.9,-1.1005345582962036,0.7640177726143195
TOKYOTECH_s05,141,178,146.93333333333334,-1.0741504430770874,0.8009018772431319
TOKYOTECH_s05,141,179,146.96666666666667,-1.0982372760772705,0.7611415927352616
TOKYOTECH_s05,141,180,147.0,-1.198359727859497,0.6706514293123719
TOKYOTECH_s05,141,181,147.03333333333333,-1.3446255922317505,0.5574685164953548
TOKYOTECH_s05,141,182,147.06666666666666,-1.0891456604003906,0.4411685981153008
TOKYOTECH_s05,141,183,147.1,0.36807185411453247,0.3296086137074889
TOKYOTECH_s05,141,184,147.13333333333333,2.2297778129577637,0.22374728264640792
TOKYOTECH_s05,141,185,147.16666666666666,2.6007583141326904,0.12427479585892666
TOKYOTECH_s05,141,186,147.2,2.0613129138946533,0.03324533161418562
TOKYOTECH_s05,141,187,147.23333333333332,1.4942011833190918,-0.050383894534242885
TOKYOTECH_s05,141,188,147.26666666666668,0.9886375069618225,-0.1358038145917078
TOKYOTECH_s05,141,189,147.3,0.4611954391002655,-0.23900257995336924
TOKYOTECH_s05,141,190,147.33333333333334,-0.03280121833086014,-0.37349540925337116
TOKYOTECH_s05,141,191,147.36666666666667,0.0023805834352970123,-0.5386249486989089
TOKYOTECH_s05,141,192,147.4,0.33278319239616394,-0.7131006106353199
TOKYOTECH_s05,141,193,147.43333333333334,0.5539272427558899,-0.8581967853154167
TOKYOTECH_s05,141,194,147.46666666666667,0.5323604345321655,-0.9295068919677368
TOKYOTECH_s05,141,195,147.5,0.20837800204753876,-0.8918550556222049
TOKYOTECH_s05,141,196,147.53333333333333,-0.14835532009601593,-0.7311163343224657
TOKYOTECH_s05,141,197,147.56666666666666,-0.47371795773506165,-0.4591351124456939
TOKYOTECH_s05,141,198,147.6,-0.7701675891876221,-0.11160039505586344
TOKYOTECH_s05,141,199,147.63333333333333,-0.9837160706520081,0.2592200612815632
TOKYOTECH_s05,141,200,147.66666666666666,-1.0530823469161987,0.5955037623822059
TOKYOTECH_s05,141,201,147.7,-1.0684248208999634,0.8475042813453363
TOKYOTECH_s05,141,202,147.73333333333332,-1.1169812679290771,0.9863773444523779
TOKYOTECH_s05,141,203,147.76666666666668,-1.1085131168365479,1.010589436888553
TOKYOTECH_s05,141,204,147.8,-1.0819686651229858,0.9417822490740343
TOKYOTECH_s05,141,205,147.83333333333334,-1.0831351280212402,0.8115727529883492
TOKYOTECH_s05,141,206,147.86666666666667,-1.0454422235488892,0.6471937885205062
TOKYOTECH_s05,141,207,147.9,-0.057288676500320435,0.4650833794383409
TOKYOTECH_s05,141,208,147.93333333333334,1.686076045036316,0.27492331056253866
TOKYOTECH_s05,141,209,147.96666666666667,2.490769624710083,0.08800542623209082
TOKYOTECH_s05,141,210,148.0,2.3120734691619873,-0.07920128587423525
TOKYOTECH_s05,141,211,148.03333333333333,1.7326644659042358,-0.2106366494304171
TOKYOTECH_s05,141,212,148.06666666666666,1.1640924215316772,-0.3009632788972603
TOKYOTECH_s05,141,213,148.1,0.665073573589325,-0.3612673012525678
TOKYOTECH_s05,141,214,148.13333333333333,0.16114836931228638,-0.41449433478225123
TOKYOTECH_s05,141,215,148.16666666666666,0.01697511039674282,-0.48290196319785883
TOKYOTECH_s05,141,216,148.2,0.21970456838607788,-0.5749002430377254
TOKYOTECH_s05,141,217,148.23333333333332,0.46866634488105774,-0.6784575473768572
TOKYOTECH_s05,141,218,148.26666666666668,0.49035778641700745,-0.7641516142894226
TOKYOTECH_s05,141,219,148.3,0.21075551211833954,-0.7958822314309102
TOKYOTECH_s05,141,220,148.33333333333334,-0.11053777486085892,-0.744097571983933
TOKYOTECH_s05,141,221,148.36666666666667,-0.4841006398200989,-0.5964376609012183
TOKYOTECH_s05,141,222,148.4,-0.7491440176963806,-0.36312716253182203
TOKYOTECH_s05,141,223,148.43333333333334,-0.9235570430755615,-0.07644081313936428
TOKYOTECH_s05,141,224,148.46666666666667,-1.050402045249939,0.2162665966023514
TOKYOTECH_s05,141,225,148.5,-1.1319764852523804,0.4654034899445853
TOKYOTECH_s05,141,226,148.53333333333333,-1.1225554943084717,0.6335327800291892
TOKYOTECH_s05,141,227,148.56666666666666,-1.141076922416687,0.7043151416575825
TOKYOTECH_s05,141,228,148.6,-1.1355561017990112,0.6814588796883427
TOKYOTECH_s05,141,229,148.63333333333333,-1.1064382791519165,0.5793807907366558
TOKYOTECH_s05,141,230,148.66666666666666,-1.1476484537124634,0.41284150884838
TOKYOTECH_s05,141,231,148.7,-1.1043546199798584,0.1934788156430065
TOKYOTECH_s05,141,232,148.73333333333332,-0.08959431946277618,-0.0642048350853046
TOKYOTECH_s05,141,233,148.76666666666668,1.8571408987045288,-0.33258367022904717
TOKYOTECH_s05,141,234,148.8,2.6633036136627197,-0.5660859007464386
TOKYOTECH_s05,141,235,148.83333333333334,2.3826863765716553,-0.7089216756830035
TOKYOTECH_s05,141,236,148.86666666666667,1.9900054931640625,-0.7136894861479894
TOKYOTECH_s05,141,237,148.9,1.5740035772323608,-0.5613074190100289
TOKYOTECH_s05,141,238,148.93333333333334,1.080461025238037,-0.2720410472322468
TOKYOTECH_s05,141,239,148.96666666666667,0.6807633638381958,0.09722231356813243
TOKYOTECH_s05,142,0,142.0,-0.04005841165781021,-0.07958516401781457
TOKYOTECH_s05,142,1,142.03333333333333,0.00940625835210085,-1.7343977265774375
TOKYOTECH_s05,142,2,142.06666666666666,0.2184223085641861,-3.1616344963251675
TOKYOTECH_s05,142,3,142.1,0.33831292390823364,-4.1855421770229455
TOKYOTECH_s05,142,4,142.13333333333333,0.31962230801582336,-4.714112397821123
TOKYOTECH_s05,142,5,142.16666666666666,0.01848888024687767,-4.747432960429269
TOKYOTECH_s05,142,6,142.2,-0.40245500206947327,-4.359036562888322
TOKYOTECH_s05,142,7,142.23333333333332,-0.6896706223487854,-3.664397802862791
TOKYOTECH_s05,142,8,142.26666666666668,-0.9564504027366638,-2.791920418282258
TOKYOTECH_s05,142,9,142.3,-1.1172573566436768,-1.862719117643174
TOKYOTECH_s05,142,10,142.33333333333334,-1.2165250778198242,-0.9777698449847372
TOKYOTECH_s05,142,11,142.36666666666667,-1.276123046875,-0.20951475456930724
TOKYOTECH_s05,142,12,142.4,-1.255607008934021,0.4019971087342149
TOKYOTECH_s05,142,13,142.43333333333334,-1.2500150203704834,0.8465210696398847
TOKYOTECH_s05,142,14,142.46666666666667,-1.1985913515090942,1.1354123761247106
TOKYOTECH_s05,142,15,142.5,-1.2258747816085815,1.2920802559650384
TOKYOTECH_s05,142,16,142.53333333333333,-1.3154098987579346,1.344788926304494
TOKYOTECH_s05,142,17,142.56666666666666,-1.4568315744400024,1.322135507487269
TOKYOTECH_s05,142,18,142.6,-1.3001118898391724,1.2493014581337085
TOKYOTECH_s05,142,19,142.63333333333333,-0.08597017079591751,1.144173607776195
TOKYOTECH_s05,142,20,142.66666666666666,1.917736291885376,1.0155223262351039
TOKYOTECH_s05,142,21,142.7,2.62593150138855,0.8661436481102657
TOKYOTECH_s05,142,22,142.73333333333332,2.3221445083618164,0.6998745825122772
TOKYOTECH_s05,142,23,142.76666666666668,1.8949228525161743,0.5270260028508059
TOKYOTECH_s05,142,24,142.8,1.4579062461853027,0.3632318681455499
TOKYOTECH_s05,142,25,142.83333333333334,0.96116703748703,0.22174218000647672
TOKYOTECH_s05,142,26,142.86666666666667,0.4516141712665558,0.10479442065009609
TOKYOTECH_s05,142,27,142.9,0.1945403665304184,0.0013127077666601362
TOKYOTECH_s05,142,28,142.93333333333334,0.26992613077163696,-0.10606785984070624
TOKYOTECH_s05,142,29,142.96666666666667,0.5258156061172485,-0.22866708553058765
TOKYOTECH_s05,142,30,143.0,0.5938551425933838,-0.3625667747492263
TOKYOTECH_s05,142,31,143.03333333333333,0.31832224130630493,-0.48892822133508207
TOKYOTECH_s05,142,32,143.06666666666666,-0.05747567117214203,-0.5824798367502259
TOKYOTECH_s05,142,33,143.1,-0.4193914234638214,-0.6207989476141476
TOKYOTECH_s05,142,34,143.13333333333333,-0.6812736988067627,-0.5886014459062813
TOKYOTECH_s05,142,35,143.16666666666666,-0.9338952302932739,-0.4778458371848772
TOKYOTECH_s05,142,36,143.2,-1.1016298532485962,-0.28911301216168606
TOKYOTECH_s05,142,37,143.23333333333332,-1.1099555492401123,-0.037181316192520956
TOKYOTECH_s05,142,38,143.26666666666668,-1.1760183572769165,0.24450790301599618
TOKYOTECH_s05,142,39,143.3,-1.2324730157852173,0.5091558971664903
TOKYOTECH_s05,142,40,143.33333333333334,-1.1508541107177734,0.7123372464664826
TOKYOTECH_s05,142,41,143.36666666666667,-1.1824829578399658,0.8284603713694101
TOKYOTECH_s05,142,42,143.4,-1.3064162731170654,0.8570414754615329
TOKYOTECH_s05,142,43,143.43333333333334,-1.2697117328643799,0.8155730969224938
TOKYOTECH_s05,142,44,143.46666666666667,-1.3402267694473267,0.7251166109114368
TOKYOTECH_s05,142,45,143.5,-1.5760899782180786,0.5988145952296378
TOKYOTECH_s05,142,46,143.53333333333333,-1.3411884307861328,0.4397852313643926
TOKYOTECH_s05,142,47,143.56666666666666,0.15610840916633606,0.24753122113142959
TOKYOTECH_s05,142,48,143.6,2.086637496948242,0.027029554893531586
TOKYOTECH_s05,142,49,143.63333333333333,2.679002523422241,-0.20571719870855168
TOKYOTECH_s05,142,50,143.66666666666666,2.295199394226074,-0.4247317010343022
TOKYOTECH_s05,142,51,143.7,1.805102825164795,-0.6006618358464871
TOKYOTECH_s05,142,52,143.73333333333332,1.2926292419433594,-0.7093769977995589
TOKYOTECH_s05,142,53,143.76666666666668,0.7766117453575134,-0.7392680450012669
TOKYOTECH_s05,142,54,143.8,0.3282953202724457,-0.6959782751814798
TOKYOTECH_s05,142,55,143.83333333333334,0.24746888875961304,-0.6040526165427046
TOKYOTECH_s05,142,56,143.86666666666667,0.3467366099357605,-0.5033079178261809
TOKYOTECH_s05,142,57,143.9,0.5383710265159607,-0.43725623752458964
TOKYOTECH_s05,142,58,143.93333333333334,0.4583905041217804,-0.434954207704092
TOKYOTECH_s05,142,59,143.96666666666667,0.25054094195365906,-0.4940009424901901
TOKYOTECH_s05,142,60,144.0,-0.07839241623878479,-0.5756660412611166
TOKYOTECH_s05,142,61,144.03333333333333,-0.4428459703922272,-0.6184773123608187
TOKYOTECH_s05,142,62,144.06666666666666,-0.711281955242157,-0.5649371968091926
TOKYOTECH_s05,142,63,144.1,-0.9372611045837402,-0.38696944265808436
TOKYOTECH_s05,142,64,144.13333333333333,-1.061016321182251,-0.09735640084362229
TOKYOTECH_s05,142,65,144.16666666666666,-1.121201992034912,0.25620663914516023
TOKYOTECH_s05,142,66,144.2,-1.1309614181518555,0.6087599855153779
TOKYOTECH_s05,142,67,144.23333333333332,-1.0728771686553955,0.8980817033423052
TOKYOTECH_s05,142,68,144.26666666666668,-1.0777212381362915,1.0799600197381756
TOKYOTECH_s05,142,69,144.3,-1.1336060762405396,1.1361249374130493
TOKYOTECH_s05,142,70,144.33333333333334,-1.1674165725708008,1.0749528466166745
TOKYOTECH_s05,142,71,144.36666666666667,-1.2332388162612915,0.925766811646106
TOKYOTECH_s05,142,72,144.4,-1.3479559421539307,0.7280516107811008
TOKYOTECH_s05,142,73,144.43333333333334,-1.1563926935195923,0.5185558165918225
TOKYOTECH_s05,142,74,144.46666666666667,0.2316366285085678,0.32143216804570335
TOKYOTECH_s05,142,75,144.5,2.0187580585479736,0.14602221819894642
TOKYOTECH_s05,142,76,144.53333333333333,2.426149368286133,-0.00790635161086466
TOKYOTECH_s05,142,77,144.56666666666666,1.9728820323944092,-0.1427835598344522
TOKYOTECH_s05,142,78,144.6,1.4107835292816162,-0.2597650865459949
TOKYOTECH_s05,142,79,144.63333333333333,0.7383222579956055,-0.36108664189618034
TOKYOTECH_s05,142,80,144.66666666666666,0.05833665654063225,-0.45442571295467865
TOKYOTECH_s05,142,81,144.7,-0.26463958621025085,-0.5530035582198529
TOKYOTECH_s05,142,82,144.73333333333332,-0.24181726574897766,-0.6685742782268437
TOKYOTECH_s05,142,83,144.76666666666668,0.08709829300642014,-0.8008058464589584
TOKYOTECH_s05,142,84,144.8,0.40015488862991333,-0.9306277244585707
TOKYOTECH_s05,142,85,144.83333333333334,0.29096752405166626,-1.0234385389965737
TOKYOTECH_s05,142,86,144.86666666666667,-0.01944442093372345,-1.041317957906475
TOKYOTECH_s05,142,87,144.9,-0.33230510354042053,-0.9572025837152496
TOKYOTECH_s05,142,88,144.93333333333334,-0.7095722556114197,-0.7635638103661353
TOKYOTECH_s05,142,89,144.96666666666667,-0.9949357509613037,-0.4730092877110286
TOKYOTECH_s05,142,90,145.0,-1.1118077039718628,-0.11396181929242753
TOKYOTECH_s05,142,91,145.03333333333333,-1.237370491027832,0.274114527705751
TOKYOTECH_s05,142,92,145.06666666666666,-1.261092185974121,0.6455948585657698
TOKYOTECH_s05,142,93,145.1,-1.274680495262146,0.956410180988655
TOKYOTECH_s05,142,94,145.13333333333333,-1.281162977218628,1.174247239946235
TOKYOTECH_s05,142,95,145.16666666666666,-1.240834355354309,1.2861626098677106
TOKYOTECH_s05,142,96,145.2,-1.2930861711502075,1.2986432559869447
TOKYOTECH_s05,142,97,145.23333333333332,-1.2811006307601929,1.2298669970311873
TOKYOTECH_s05,142,98,145.26666666666668,-1.360146164894104,1.0990678841442414
TOKYOTECH_s05,142,99,145.3,-1.0224241018295288,0.9195805995467359
TOKYOTECH_s05,142,100,145.33333333333334,0.6917159557342529,0.6989996492147473
TOKYOTECH_s05,142,101,145.36666666666667,2.489095449447632,0.4445266821111869
TOKYOTECH_s05,142,102,145.4,2.6738288402557373,0.16807855338946015
TOKYOTECH_s05,142,103,145.43333333333334,2.139895439147949,-0.11327839478418884
TOKYOTECH_s05,142,104,145.46666666666667,1.6500928401947021,-0.38127339155309264
TOKYOTECH_s05,142,105,145.5,1.160316824913025,-0.620768395812785
TOKYOTECH_s05,142,106,145.53333333333333,0.633791983127594,-0.8214472031678532
TOKYOTECH_s05,142,107,145.56666666666666,0.22015869617462158,-0.9771662441113027
TOKYOTECH_s05,142,108,145.6,0.14835256338119507,-1.0850003608678014
TOKYOTECH_s05,142,109,145.63333333333333,0.3460509479045868,-1.1450301092279902
TOKYOTECH_s05,142,110,145.66666666666666,0.500847339630127,-1.1597347541171985
TOKYOTECH_s05,142,111,145.7,0.5002506971359253,-1.1311546608651588
TOKYOTECH_s05,142,112,145.73333333333332,0.2066505253314972,-1.0561952759191775
TOKYOTECH_s05,142,113,145.76666666666668,-0.1634395867586136,-0.9238308202367128
TOKYOTECH_s05,142,114,145.8,-0.5147322416305542,-0.7190952067941638
TOKYOTECH_s05,142,115,145.83333333333334,-0.8082077503204346,-0.4347232842735508
TOKYOTECH_s05,142,116,145.86666666666667,-1.0296189785003662,-0.08364604950963118
TOKYOTECH_s05,142,117,145.9,-1.1442915201187134,0.29772566095338066
TOKYOTECH_s05,142,118,145.93333333333334,-1.1676480770111084,0.6592578787898596
TOKYOTECH_s05,142,119,145.96666666666667,-1.1730352640151978,0.9541294617896292
TOKYOTECH_s05,142,120,146.0,-1.1825987100601196,1.1532099424553506
TOKYOTECH_s05,142,121,146.03333333333333,-1.1457072496414185,1.2497850368845993
TOKYOTECH_s05,142,122,146.06666666666666,-1.1890277862548828,1.2542504840248905
TOKYOTECH_s05,142,123,146.1,-1.2355718612670898,1.1839414221919773
TOKYOTECH_s05,142,124,146.13333333333333,-1.3036558628082275,1.0545146265473624
TOKYOTECH_s05,142,125,146.16666666666666,-1.254146695137024,0.876648828963986
TOKYOTECH_s05,142,126,146.2,-0.17648473381996155,0.6578880758037161
TOKYOTECH_s05,142,127,146.23333333333332,1.9217878580093384,0.40691079218952975
TOKYOTECH_s05,142,128,146.26666666666668,2.840646266937256,0.1374718636834816
TOKYOTECH_s05,142,129,146.3,2.503983974456787,-0.12968896051920342
TOKYOTECH_s05,142,130,146.33333333333334,1.9918220043182373,-0.3681949291118808
TOKYOTECH_s05,142,131,146.36666666666667,1.5246368646621704,-0.551488765760954
TOKYOTECH_s05,142,132,146.4,1.0025464296340942,-0.661802812244631
TOKYOTECH_s05,142,133,146.43333333333334,0.44149860739707947,-0.6993250547884704
TOKYOTECH_s05,142,134,146.46666666666667,0.18770167231559753,-0.6857564321779097
TOKYOTECH_s05,142,135,146.5,0.3610461950302124,-0.6573645724802606
TOKYOTECH_s05,142,136,146.53333333333333,0.5419862270355225,-0.6483213554492584
TOKYOTECH_s05,142,137,146.56666666666666,0.5517010688781738,-0.6722938978423332
TOKYOTECH_s05,142,138,146.6,0.45625343918800354,-0.7135588759355809
TOKYOTECH_s05,142,139,146.63333333333333,0.07984109967947006,-0.7343453493963411
TOKYOTECH_s05,142,140,146.66666666666666,-0.30131733417510986,-0.6942326553397762
TOKYOTECH_s05,142,141,146.7,-0.5823710560798645,-0.5693874270024685
TOKYOTECH_s05,142,142,146.73333333333332,-0.8421607613563538,-0.3614271451648491
TOKYOTECH_s05,142,143,146.76666666666668,-1.012335181236267,-0.09419433848639598
TOKYOTECH_s05,142,144,146.8,-1.0815680027008057,0.19620659388311976
TOKYOTECH_s05,142,145,146.83333333333334,-1.129794955253601,0.4714187377752666
TOKYOTECH_s05,142,146,146.86666666666667,-1.1368472576141357,0.6979175660870294
TOKYOTECH_s05,142,147,146.9,-1.1005345582962036,0.8520177426880531
TOKYOTECH_s05,142,148,146.93333333333334,-1.0741504430770874,0.9235848959180366
TOKYOTECH_s05,142,149,146.96666666666667,-1.0982372760772705,0.9170352671288899
TOKYOTECH_s05,142,150,147.0,-1.198359727859497,0.8476946614157339
TOKYOTECH_s05,142,151,147.03333333333333,-1.3446255922317505,0.7341534358513141
TOKYOTECH_s05,142,152,147.06666666666666,-1.0891456604003906,0.5910657463715558
TOKYOTECH_s05,142,153,147.1,0.36807185411453247,0.42744859069464625
TOKYOTECH_s05,142,154,147.13333333333333,2.2297778129577637,0.2508712993771509
TOKYOTECH_s05,142,155,147.16666666666666,2.6007583141326904,0.07239338611486909
TOKYOTECH_s05,142,156,147.2,2.0613129138946533,-0.09372072015648053
TOKYOTECH_s05,142,157,147.23333333333332,1.4942011833190918,-0.23670155015705288
TOKYOTECH_s05,142,158,147.26666666666668,0.9886375069618225,-0.35688324682531064
TOKYOTECH_s05,142,159,147.3,0.4611954391002655,-0.4664902959968978
TOKYOTECH_s05,142,160,147.33333333333334,-0.03280121833086014,-0.5811033963691652
TOKYOTECH_s05,142,161,147.36666666666667,0.0023805834352970123,-0.7067891331088767
TOKYOTECH_s05,142,162,147.4,0.33278319239616394,-0.8309157333348643
TOKYOTECH_s05,142,163,147.43333333333334,0.5539272427558899,-0.9223227470607237
TOKYOTECH_s05,142,164,147.46666666666667,0.5323604345321655,-0.9414173702427239
TOKYOTECH_s05,142,165,147.5,0.20837800204753876,-0.8557142371819455
TOKYOTECH_s05,142,166,147.53333333333333,-0.14835532009601593,-0.6536533138926348
TOKYOTECH_s05,142,167,147.56666666666666,-0.47371795773506165,-0.35077095329889774
TOKYOTECH_s05,142,168,147.6,-0.7701675891876221,0.013252780431186328
TOKYOTECH_s05,142,169,147.63333333333333,-0.9837160706520081,0.384187419590162
TOKYOTECH_s05,142,170,147.66666666666666,-1.0530823469161987,0.7061920322861718
TOKYOTECH_s05,142,171,147.7,-1.0684248208999634,0.9352627145026546
TOKYOTECH_s05,142,172,147.73333333333332,-1.1169812679290771,1.04966722548577
TOKYOTECH_s05,142,173,147.76666666666668,-1.1085131168365479,1.0532617308519772
TOKYOTECH_s05,142,174,147.8,-1.0819686651229858,0.969444845713793
TOKYOTECH_s05,142,175,147.83333333333334,-1.0831351280212402,0.8281332013565866
TOKYOTECH_s05,142,176,147.86666666666667,-1.0454422235488892,0.6530672853128197
TOKYOTECH_s05,142,177,147.9,-0.057288676500320435,0.45711942826632757
TOKYOTECH_s05,142,178,147.93333333333334,1.686076045036316,0.24712006300921158
TOKYOTECH_s05,142,179,147.96666666666667,2.490769624710083,0.03223566351911627
TOKYOTECH_s05,142,180,148.0,2.3120734691619873,-0.1723234194992708
TOKYOTECH_s05,142,181,148.03333333333333,1.7326644659042358,-0.3499618767178904
TOKYOTECH_s05,142,182,148.06666666666666,1.1640924215316772,-0.4916896350756416
TOKYOTECH_s05,142,183,148.1,0.665073573589325,-0.601310104614946
TOKYOTECH_s05,142,184,148.13333333333333,0.16114836931228638,-0.6920897319271604
TOKYOTECH_s05,142,185,148.16666666666666,0.01697511039674282,-0.7769889257230587
TOKYOTECH_s05,142,186,148.2,0.21970456838607788,-0.8584922402950557
TOKYOTECH_s05,142,187,148.23333333333332,0.46866634488105774,-0.9235545442147655
TOKYOTECH_s05,142,188,148.26666666666668,0.49035778641700745,-0.9458815090023638
TOKYOTECH_s05,142,189,148.3,0.21075551211833954,-0.8942111499643862
TOKYOTECH_s05,142,190,148.33333333333334,-0.11053777486085892,-0.7433536213395523
TOKYOTECH_s05,142,191,148.36666666666667,-0.4841006398200989,-0.48466399394136467
TOKYOTECH_s05,142,192,148.4,-0.7491440176963806,-0.133326407193334
TOKYOTECH_s05,142,193,148.43333333333334,-0.9235570430755615,0.27001912843933323
TOKYOTECH_s05,142,194,148.46666666666667,-1.050402045249939,0.6659709442278257
TOKYOTECH_s05,142,195,148.5,-1.1319764852523804,0.9917816481196451
TOKYOTECH_s05,142,196,148.53333333333333,-1.1225554943084717,1.200328847135118
TOKYOTECH_s05,142,197,148.56666666666666,-1.141076922416687,1.273501597059557
TOKYOTECH_s05,142,198,148.6,-1.1355561017990112,1.2231953835756157
TOKYOTECH_s05,142,199,148.63333333333333,-1.1064382791519165,1.0802338452949822
TOKYOTECH_s05,142,200,148.66666666666666,-1.1476484537124634,0.8784259811668668
TOKYOTECH_s05,142,201,148.7,-1.1043546199798584,0.6431162826742407
TOKYOTECH_s05,142,202,148.73333333333332,-0.08959431946277618,0.3895337655244585
TOKYOTECH_s05,142,203,148.76666666666668,1.8571408987045288,0.12901703663082095
TOKYOTECH_s05,142,204,148.8,2.6633036136627197,-0.12411377795388145
TOKYOTECH_s05,142,205,148.83333333333334,2.3826863765716553,-0.35162646850991863
TOKYOTECH_s05,142,206,148.86666666666667,1.9900054931640625,-0.5366853510979274
TOKYOTECH_s05,142,207,148.9,1.5740035772323608,-0.6699775851499792
TOKYOTECH_s05,142,208,148.93333333333334,1.080461025238037,-0.7515436229221142
TOKYOTECH_s05,142,209,148.96666666666667,0.6807633638381958,-0.7878846515073341
TOKYOTECH_s05,142,210,149.0,0.41393908858299255,-0.7878968064701616
TOKYOTECH_s05,142,211,149.03333333333333,0.5044803619384766,-0.7609361765988133
TOKYOTECH_s05,142,212,149.06666666666666,0.6692320108413696,-0.7162899324970896
TOKYOTECH_s05,142,213,149.1,0.6750377416610718,-0.6606439774061748
TOKYOTECH_s05,142,214,149.13333333333333,0.48709872364997864,-0.5927062524385933
TOKYOTECH_s05,142,215,149.16666666666666,0.12912768125534058,-0.49926069522537175
TOKYOTECH_s05,142,216,149.2,-0.1954246610403061,-0.3589712275177981
TOKYOTECH_s05,142,217,149.23333333333332,-0.5290151238441467,-0.15567966079384443
TOKYOTECH_s05,142,218,149.26666666666668,-0.7734355926513672,0.10611583412096726
TOKYOTECH_s05,142,219,149.3,-0.8895239233970642,0.39531801123555577
TOKYOTECH_s05,142,220,149.33333333333334,-1.007090449333191,0.6632827583790516
TOKYOTECH_s05,142,221,149.36666666666667,-1.0295299291610718,0.8625148981683269
TOKYOTECH_s05,142,222,149.4,-0.9947220683097839,0.9638775392784342
TOKYOTECH_s05,142,223,149.43333333333334,-1.005211591720581,0.9635170621972985
TOKYOTECH_s05,142,224,149.46666666666667,-0.9955679774284363,0.878255179561438
TOKYOTECH_s05,142,225,149.5,-1.0513014793395996,0.7349120158986172
TOKYOTECH_s05,142,226,149.53333333333333,-1.1523500680923462,0.5603100898571923
TOKYOTECH_s05,142,227,149.56666666666666,-0.7115936279296875,0.37537094363980505
TOKYOTECH_s05,142,228,149.6,0.879984438419342,0.1926629243423995
TOKYOTECH_s05,142,229,149.63333333333333,2.2903552055358887,0.0155807824202073
TOKYOTECH_s05,142,230,149.66666666666666,2.453566312789917,-0.16044455606978605
TOKYOTECH_s05,142,231,149.7,2.048971176147461,-0.3426668996825324
TOKYOTECH_s05,142,232,149.73333333333332,1.5619468688964844,-0.5319486070021655
TOKYOTECH_s05,142,233,149.76666666666668,1.1617059707641602,-0.7143664276844433
TOKYOTECH_s05,142,234,149.8,0.7415813207626343,-0.8597401719593533
TOKYOTECH_s05,142,235,149.83333333333334,0.3708856999874115,-0.9301818847342059
TOKYOTECH_s05,142,236,149.86666666666667,0.42571088671684265,-0.8951002425653741
TOKYOTECH_s05,142,237,149.9,0.6389744281768799,-0.7446005306192477
TOKYOTECH_s05,142,238,149.93333333333334,0.7051973938941956,-0.49499745445214444
TOKYOTECH_s05,142,239,149.96666666666667,0.5362250208854675,-0.18543375324131664
TOKYOTECH_s05,143,0,143.0,0.5938551425933838,0.01010462234631163
TOKYOTECH_s05,143,1,143.03333333333333,0.31832224130630493,-1.68324344660728
TOKYOTECH_s05,143,2,143.06666666666666,-0.05747567117214203,-3.1096701374138696
TOKYOTECH_s05,143,3,143.1,-0.4193914234638214,-4.0642620758219214
TOKYOTECH_s05,143,4,143.13333333333333,-0.6812736988067627,-4.449365395049575
TOKYOTECH_s05,143,5,143.16666666666666,-0.9338952302932739,-4.288086987638179
TOKYOTECH_s05,143,6,143.2,-1.1016298532485962,-3.7032150629337264
TOKYOTECH_s05,143,7,143.23333333333332,-1.1099555492401123,-2.874209413144779
TOKYOTECH_s05,143,8,143.26666666666668,-1.1760183572769165,-1.9881500542472894
TOKYOTECH_s05,143,9,143.3,-1.2324730157852173,-1.1959790345744679
TOKYOTECH_s05,143,10,143.33333333333334,-1.1508541107177734,-0.5830412222964585
TOKYOTECH_s05,143,11,143.36666666666667,-1.1824829578399658,-0.1615746281315411
TOKYOTECH_s05,143,12,143.4,-1.3064162731170654,0.11271519547356193
TOKYOTECH_s05,143,13,143.43333333333334,-1.2697117328643799,0.30716239135788975
TOKYOTECH_s05,143,14,143.46666666666667,-1.3402267694473267,0.4770460489838144
TOKYOTECH_s05,143,15,143.5,-1.5760899782180786,0.6446865485159862
TOKYOTECH_s05,143,16,143.53333333333333,-1.3411884307861328,0.7993210918390963
TOKYOTECH_s05,143,17,143.56666666666666,0.15610840916633606,0.9125442275879728
TOKYOTECH_s05,143,18,143.6,2.086637496948242,0.958066892771567
TOKYOTECH_s05,143,19,143.63333333333333,2.679002523422241,0.9257479672767654
TOKYOTECH_s05,143,20,143.66666666666666,2.295199394226074,0.8252348828683104
TOKYOTECH_s05,143,21,143.7,1.805102825164795,0.6805390541351325
TOKYOTECH_s05,143,22,143.73333333333332,1.2926292419433594,0.5205455622153066
TOKYOTECH_s05,143,23,143.76666666666668,0.7766117453575134,0.3702923657007335
TOKYOTECH_s05,143,24,143.8,0.3282953202724457,0.24487917447642255
TOKYOTECH_s05,143,25,143.83333333333334,0.24746888875961304,0.14587135357675735
TOKYOTECH_s05,143,26,143.86666666666667,0.3467366099357605,0.06126913726325163
TOKYOTECH_s05,143,27,143.9,0.5383710265159607,-0.028431081263470076
TOKYOTECH_s05,143,28,143.93333333333334,0.4583905041217804,-0.1376370991504592
TOKYOTECH_s05,143,29,143.96666666666667,0.25054094195365906,-0.26157118510687954
TOKYOTECH_s05,143,30,144.0,-0.07839241623878479,-0.37048335655983544
TOKYOTECH_s05,143,31,144.03333333333333,-0.4428459703922272,-0.41941066980994995
TOKYOTECH_s05,143,32,144.06666666666666,-0.711281955242157,-0.36973270233780087
TOKYOTECH_s05,143,33,144.1,-0.9372611045837402,-0.20930006639306908
TOKYOTECH_s05,143,34,144.13333333333333,-1.061016321182251,0.04064140665610483
TOKYOTECH_s05,143,35,144.16666666666666,-1.121201992034912,0.33385574030459164
TOKYOTECH_s05,143,36,144.2,-1.1309614181518555,0.6157891583574234
TOKYOTECH_s05,143,37,144.23333333333332,-1.0728771686553955,0.838946415367652
TOKYOTECH_s05,143,38,144.26666666666668,-1.0777212381362915,0.9720723580712805
TOKYOTECH_s05,143,39,144.3,-1.1336060762405396,1.003844672556086
TOKYOTECH_s05,143,40,144.33333333333334,-1.1674165725708008,0.9427083734830844
TOKYOTECH_s05,143,41,144.36666666666667,-1.2332388162612915,0.8125811376040931
TOKYOTECH_s05,143,42,144.4,-1.3479559421539307,0.6439329814972616
TOKYOTECH_s05,143,43,144.43333333333334,-1.1563926935195923,0.4624107056339706
TOKYOTECH_s05,143,44,144.46666666666667,0.2316366285085678,0.2805221187770969
TOKYOTECH_s05,143,45,144.5,2.0187580585479736,0.09764416178373814
TOKYOTECH_s05,143,46,144.53333333333333,2.426149368286133,-0.09188558451896764
TOKYOTECH_s05,143,47,144.56666666666666,1.9728820323944092,-0.28895250212464124
TOKYOTECH_s05,143,48,144.6,1.4107835292816162,-0.4855702401485814
TOKYOTECH_s05,143,49,144.63333333333333,0.7383222579956055,-0.6691310609762776
TOKYOTECH_s05,143,50,144.66666666666666,0.05833665654063225,-0.8305137858187535
TOKYOTECH_s05,143,51,144.7,-0.26463958621025085,-0.9682907607716056
TOKYOTECH_s05,143,52,144.73333333333332,-0.24181726574897766,-1.0850873570326507
TOKYOTECH_s05,143,53,144.76666666666668,0.08709829300642014,-1.1791291601711569
TOKYOTECH_s05,143,54,144.8,0.40015488862991333,-1.2380063385030615
TOKYOTECH_s05,143,55,144.83333333333334,0.29096752405166626,-1.240050814630436
TOKYOTECH_s05,143,56,144.86666666666667,-0.01944442093372345,-1.162970231337876
TOKYOTECH_s05,143,57,144.9,-0.33230510354042053,-0.9942214580586783
TOKYOTECH_s05,143,58,144.93333333333334,-0.7095722556114197,-0.7370611531883066
TOKYOTECH_s05,143,59,144.96666666666667,-0.9949357509613037,-0.4100431805073276
TOKYOTECH_s05,143,60,145.0,-1.1118077039718628,-0.04247309547145332
TOKYOTECH_s05,143,61,145.03333333333333,-1.237370491027832,0.33045515355676097
TOKYOTECH_s05,143,62,145.06666666666666,-1.261092185974121,0.6724061714976047
TOKYOTECH_s05,143,63,145.1,-1.274680495262146,0.9524626833357083
TOKYOTECH_s05,143,64,145.13333333333333,-1.281162977218628,1.1526498518114794
TOKYOTECH_s05,143,65,145.16666666666666,-1.240834355354309,1.2717503416740288
TOKYOTECH_s05,143,66,145.2,-1.2930861711502075,1.3214853357788654
TOKYOTECH_s05,143,67,145.23333333333332,-1.2811006307601929,1.3161409126761792
TOKYOTECH_s05,143,68,145.26666666666668,-1.360146164894104,1.2618477241406518
TOKYOTECH_s05,143,69,145.3,-1.0224241018295288,1.152732064029155
TOKYOTECH_s05,143,70,145.33333333333334,0.6917159557342529,0.9766782400782877
TOKYOTECH_s05,143,71,145.36666666666667,2.489095449447632,0.7268931304015446
TOKYOTECH_s05,143,72,145.4,2.6738288402557373,0.4117204592565912
TOKYOTECH_s05,143,73,145.43333333333334,2.139895439147949,0.05667437439478909
TOKYOTECH_s05,143,74,145.46666666666667,1.6500928401947021,-0.30174842092055354
TOKYOTECH_s05,143,75,145.5,1.160316824913025,-0.6259955478743766
TOKYOTECH_s05,143,76,145.53333333333333,0.633791983127594,-0.8861366675143014
TOKYOTECH_s05,143,77,145.56666666666666,0.22015869617462158,-1.064918326248668
TOKYOTECH_s05,143,78,145.6,0.14835256338119507,-1.1592256003979848
TOKYOTECH_s05,143,79,145.63333333333333,0.3460509479045868,-1.1785544463543176
TOKYOTECH_s05,143,80,145.66666666666666,0.500847339630127,-1.1403474071734607
TOKYOTECH_s05,143,81,145.7,0.5002506971359253,-1.0620653191031493
TOKYOTECH_s05,143,82,145.73333333333332,0.2066505253314972,-0.9520481915850783
TOKYOTECH_s05,143,83,145.76666666666668,-0.1634395867586136,-0.8042357725607374
TOKYOTECH_s05,143,84,145.8,-0.5147322416305542,-0.6024521431085473
TOKYOTECH_s05,143,85,145.83333333333334,-0.8082077503204346,-0.334838000142427
TOKYOTECH_s05,143,86,145.86666666666667,-1.0296189785003662,-0.009754836345731686
TOKYOTECH_s05,143,87,145.9,-1.1442915201187134,0.33919809152681113
TOKYOTECH_s05,143,88,145.93333333333334,-1.1676480770111084,0.6634594564232802
TOKYOTECH_s05,143,89,145.96666666666667,-1.1730352640151978,0.9179127782885855
TOKYOTECH_s05,143,90,146.0,-1.1825987100601196,1.0759281648214578
TOKYOTECH_s05,143,91,146.03333333333333,-1.1457072496414185,1.1337391584049137
TOKYOTECH_s05,143,92,146.06666666666666,-1.1890277862548828,1.1045664037356606
TOKYOTECH_s05,143,93,146.1,-1.2355718612670898,1.0084377514220675
TOKYOTECH_s05,143,94,146.13333333333333,-1.3036558628082275,0.8639377268258543
TOKYOTECH_s05,143,95,146.16666666666666,-1.254146695137024,0.6847951947500938
TOKYOTECH_s05,143,96,146.2,-0.17648473381996155,0.4807685797088647
TOKYOTECH_s05,143,97,146.23333333333332,1.9217878580093384,0.2605644078902327
TOKYOTECH_s05,143,98,146.26666666666668,2.840646266937256,0.034633212519116156
TOKYOTECH_s05,143,99,146.3,2.503983974456787,-0.18338103613575363
TOKYOTECH_s05,143,100,146.33333333333334,1.9918220043182373,-0.3770982390060658
TOKYOTECH_s05,143,101,146.36666666666667,1.5246368646621704,-0.5301278940501477
TOKYOTECH_s05,143,102,146.4,1.0025464296340942,-0.6310670589339519
TOKYOTECH_s05,143,103,146.43333333333334,0.44149860739707947,-0.6792768318739348
TOKYOTECH_s05,143,104,146.46666666666667,0.18770167231559753,-0.6876663100859274
TOKYOTECH_s05,143,105,146.5,0.3610461950302124,-0.6784592107285093
TOKYOTECH_s05,143,106,146.53333333333333,0.5419862270355225,-0.6716874054992411
TOKYOTECH_s05,143,107,146.56666666666666,0.5517010688781738,-0.6720959824136128
TOKYOTECH_s05,143,108,146.6,0.45625343918800354,-0.6637276305770613
TOKYOTECH_s05,143,109,146.63333333333333,0.07984109967947006,-0.6178439819277961
TOKYOTECH_s05,143,110,146.66666666666666,-0.30131733417510986,-0.5096646098444961
TOKYOTECH_s05,143,111,146.7,-0.5823710560798645,-0.3324078742865013
TOKYOTECH_s05,143,112,146.73333333333332,-0.8421607613563538,-0.10074287894595779
TOKYOTECH_s05,143,113,146.76666666666668,-1.012335181236267,0.15540947393381982
TOKYOTECH_s05,143,114,146.8,-1.0815680027008057,0.40076640444618294
TOKYOTECH_s05,143,115,146.83333333333334,-1.129794955253601,0.6030938087712525
TOKYOTECH_s05,143,116,146.86666666666667,-1.1368472576141357,0.7386148089271324
TOKYOTECH_s05,143,117,146.9,-1.1005345582962036,0.7955381630802084
TOKYOTECH_s05,143,118,146.93333333333334,-1.0741504430770874,0.7763635778809682
TOKYOTECH_s05,143,119,146.96666666666667,-1.0982372760772705,0.6975234858695667
TOKYOTECH_s05,143,120,147.0,-1.198359727859497,0.5842403761746416
TOKYOTECH_s05,143,121,147.03333333333333,-1.3446255922317505,0.461164308596387
TOKYOTECH_s05,143,122,147.06666666666666,-1.0891456604003906,0.3439470362370571
TOKYOTECH_s05,143,123,147.1,0.36807185411453247,0.23768150856354608
TOKYOTECH_s05,143,124,147.13333333333333,2.2297778129577637,0.14226084211946585
TOKYOTECH_s05,143,125,147.16666666666666,2.6007583141326904,0.05830539844510238
TOKYOTECH_s05,143,126,147.2,2.0613129138946533,-0.012603347974729454
TOKYOTECH_s05,143,127,147.23333333333332,1.4942011833190918,-0.07358213568718239
TOKYOTECH_s05,143,128,147.26666666666668,0.9886375069618225,-0.1376983525128613
TOKYOTECH_s05,143,129,147.3,0.4611954391002655,-0.22556373093684234
TOKYOTECH_s05,143,130,147.33333333333334,-0.03280121833086014,-0.3542263154449535
TOKYOTECH_s05,143,131,147.36666666666667,0.0023805834352970123,-0.5238155969895524
TOKYOTECH_s05,143,132,147.4,0.33278319239616394,-0.7104972788205461
TOKYOTECH_s05,143,133,147.43333333333334,0.5539272427558899,-0.8704656257838381
TOKYOTECH_s05,143,134,147.46666666666667,0.5323604345321655,-0.9534817890610181
TOKYOTECH_s05,143,135,147.5,0.20837800204753876,-0.9198802427208953
TOKYOTECH_s05,143,136,147.53333333333333,-0.14835532009601593,-0.7543124216655213
TOKYOTECH_s05,143,137,147.56666666666666,-0.47371795773506165,-0.4718804313603655
TOKYOTECH_s05,143,138,147.6,-0.7701675891876221,-0.11545093441901365
TOKYOTECH_s05,143,139,147.63333333333333,-0.9837160706520081,0.2546416309304272
TOKYOTECH_s05,143,140,147.66666666666666,-1.0530823469161987,0.5758665145645387
TOKYOTECH_s05,143,141,147.7,-1.0684248208999634,0.7999299650639444
TOKYOTECH_s05,143,142,147.73333333333332,-1.1169812679290771,0.9053004606476366
TOKYOTECH_s05,143,143,147.76666666666668,-1.1085131168365479,0.9006708637490816
TOKYOTECH_s05,143,144,147.8,-1.0819686651229858,0.8168535801679756
TOKYOTECH_s05,143,145,147.83333333333334,-1.0831351280212402,0.6902855399212543
TOKYOTECH_s05,143,146,147.86666666666667,-1.0454422235488892,0.547351235977342
TOKYOTECH_s05,143,147,147.9,-0.057288676500320435,0.3990123303330673
TOKYOTECH_s05,143,148,147.93333333333334,1.686076045036316,0.24727617416498476
TOKYOTECH_s05,143,149,147.96666666666667,2.490769624710083,0.09573198854582633
TOKYOTECH_s05,143,150,148.0,2.3120734691619873,-0.04589066872424926
TOKYOTECH_s05,143,151,148.03333333333333,1.7326644659042358,-0.16709423373576832
TOKYOTECH_s05,143,152,148.06666666666666,1.1640924215316772,-0.2664484402968859
TOKYOTECH_s05,143,153,148.1,0.665073573589325,-0.35594577249294895
TOKYOTECH_s05,143,154,148.13333333333333,0.16114836931228638,-0.4547086872768722
TOKYOTECH_s05,143,155,148.16666666666666,0.01697511039674282,-0.5756002236196285
TOKYOTECH_s05,143,156,148.2,0.21970456838607788,-0.7131715730936117
TOKYOTECH_s05,143,157,148.23333333333332,0.46866634488105774,-0.8401741384664162
TOKYOTECH_s05,143,158,148.26666666666668,0.49035778641700745,-0.9146950789627258
TOKYOTECH_s05,143,159,148.3,0.21075551211833954,-0.8945340904930155
TOKYOTECH_s05,143,160,148.33333333333334,-0.11053777486085892,-0.7527361800167565
TOKYOTECH_s05,143,161,148.36666666666667,-0.4841006398200989,-0.488716517426671
TOKYOTECH_s05,143,162,148.4,-0.7491440176963806,-0.13178398183637124
TOKYOTECH_s05,143,163,148.43333333333334,-0.9235570430755615,0.26385793152771875
TOKYOTECH_s05,143,164,148.46666666666667,-1.050402045249939,0.6321210011527122
TOKYOTECH_s05,143,165,148.5,-1.1319764852523804,0.9133457902577666
TOKYOTECH_s05,143,166,148.53333333333333,-1.1225554943084717,1.0716510821490324
TOKYOTECH_s05,143,167,148.56666666666666,-1.141076922416687,1.103406276239652
TOKYOTECH_s05,143,168,148.6,-1.1355561017990112,1.0323082770007461
TOKYOTECH_s05,143,169,148.63333333333333,-1.1064382791519165,0.8937620344864584
TOKYOTECH_s05,143,170,148.66666666666666,-1.1476484537124634,0.7178739982860456
TOKYOTECH_s05,143,171,148.7,-1.1043546199798584,0.5211408384203171
TOKYOTECH_s05,143,172,148.73333333333332,-0.08959431946277618,0.310246412095996
TOKYOTECH_s05,143,173,148.76666666666668,1.8571408987045288,0.09243270622097415
TOKYOTECH_s05,143,174,148.8,2.6633036136627197,-0.1173555474116195
TOKYOTECH_s05,143,175,148.83333333333334,2.3826863765716553,-0.2988593793590371
TOKYOTECH_s05,143,176,148.86666666666667,1.9900054931640625,-0.4360390085334886
TOKYOTECH_s05,143,177,148.9,1.5740035772323608,-0.5252724398805844
TOKYOTECH_s05,143,178,148.93333333333334,1.080461025238037,-0.5758124727279406
TOKYOTECH_s05,143,179,148.96666666666667,0.6807633638381958,-0.6030694532963232
TOKYOTECH_s05,143,180,149.0,0.41393908858299255,-0.6203794521866188
TOKYOTECH_s05,143,181,149.03333333333333,0.5044803619384766,-0.6344628948675657
TOKYOTECH_s05,143,182,149.06666666666666,0.6692320108413696,-0.6449081605981097
TOKYOTECH_s05,143,183,149.1,0.6750377416610718,-0.644389768759598
TOKYOTECH_s05,143,184,149.13333333333333,0.48709872364997864,-0.6180578445326973
TOKYOTECH_s05,143,185,149.16666666666666,0.12912768125534058,-0.5447787585538292
TOKYOTECH_s05,143,186,149.2,-0.1954246610403061,-0.4042233968074479
TOKYOTECH_s05,143,187,149.23333333333332,-0.5290151238441467,-0.18959062579380428
TOKYOTECH_s05,143,188,149.26666666666668,-0.7734355926513672,0.08140799459628635
TOKYOTECH_s05,143,189,149.3,-0.8895239233970642,0.3668737682122072
TOKYOTECH_s05,143,190,149.33333333333334,-1.007090449333191,0.6147041999244299
TOKYOTECH_s05,143,191,149.36666666666667,-1.0295299291610718,0.7824520742976686
TOKYOTECH_s05,143,192,149.4,-0.9947220683097839,0.8513848731068837
TOKYOTECH_s05,143,193,149.43333333333334,-1.005211591720581,0.8277486605710671
TOKYOTECH_s05,143,194,149.46666666666667,-0.9955679774284363,0.7334501947871634
TOKYOTECH_s05,143,195,149.5,-1.0513014793395996,0.5945580068515809
TOKYOTECH_s05,143,196,149.53333333333333,-1.1523500680923462,0.43444667179389046
TOKYOTECH_s05,143,197,149.56666666666666,-0.7115936279296875,0.27229107402954966
TOKYOTECH_s05,143,198,149.6,0.879984438419342,0.12315702538385885
TOKYOTECH_s05,143,199,149.63333333333333,2.2903552055358887,-0.003761477272143609
TOKYOTECH_s05,143,200,149.66666666666666,2.453566312789917,-0.1081967324222871
TOKYOTECH_s05,143,201,149.7,2.048971176147461,-0.1994671170657982
TOKYOTECH_s05,143,202,149.73333333333332,1.5619468688964844,-0.29234721302956296
TOKYOTECH_s05,143,203,149.76666666666668,1.1617059707641602,-0.3997950857623558
TOKYOTECH_s05,143,204,149.8,0.7415813207626343,-0.5268863567838131
TOKYOTECH_s05,143,205,149.83333333333334,0.3708856999874115,-0.6689197218564191
TOKYOTECH_s05,143,206,149.86666666666667,0.42571088671684265,-0.8121807818201362
TOKYOTECH_s05,143,207,149.9,0.6389744281768799,-0.9338802965375255
TOKYOTECH_s05,143,208,149.93333333333334,0.7051973938941956,-1.0015675189037208
TOKYOTECH_s05,143,209,149.96666666666667,0.5362250208854675,-0.9767817993479871
TOKYOTECH_s05,143,210,150.0,0.2524554133415222,-0.8265742586990351
TOKYOTECH_s05,143,211,150.03333333333333,-0.023950114846229553,-0.5400346770753203
TOKYOTECH_s05,143,212,150.06666666666666,-0.3345579504966736,-0.14039897044348987
TOKYOTECH_s05,143,213,150.1,-0.5720596313476562,0.3164845174732699
TOKYOTECH_s05,143,214,150.13333333333333,-0.7364728450775146,0.75787172852666
TOKYOTECH_s05,143,215,150.16666666666666,-0.8317157030105591,1.1154703033483897
TOKYOTECH_s05,143,216,150.2,-0.8570669293403625,1.3425179184474363
TOKYOTECH_s05,143,217,150.23333333333332,-0.8524454832077026,1.421662567063317
TOKYOTECH_s05,143,218,150.26666666666668,-0.8707976937294006,1.3641543692040439
TOKYOTECH_s05,143,219,150.3,-0.8952406644821167,1.2033049111158909
TOKYOTECH_s05,143,220,150.33333333333334,-0.9478307962417603,0.9844984211762444
TOKYOTECH_s05,143,221,150.36666666666667,-0.43370991945266724,0.7529416511170379
TOKYOTECH_s05,143,222,150.4,1.060701847076416,0.5411879790098894
TOKYOTECH_s05,143,223,150.43333333333334,2.0051164627075195,0.3604034559248231
TOKYOTECH_s05,143,224,150.46666666666667,1.8618870973587036,0.19984713537148055
TOKYOTECH_s05,143,225,150.5,1.409955382347107,0.036314844840467896
TOKYOTECH_s05,143,226,150.53333333333333,0.9731614589691162,-0.15012700971066667
TOKYOTECH_s05,143,227,150.56666666666666,0.33165231347084045,-0.3623184879090121
TOKYOTECH_s05,143,228,150.6,-0.2105712741613388,-0.5821139472622969
TOKYOTECH_s05,143,229,150.63333333333333,-0.23836231231689453,-0.7785920645057601
TOKYOTECH_s05,143,230,150.66666666666666,0.09310884773731232,-0.922265578036903
TOKYOTECH_s05,143,231,150.7,0.385195255279541,-0.9956741918903926
TOKYOTECH_s05,143,232,150.73333333333332,0.34341520071029663,-0.995666801532534
TOKYOTECH_s05,143,233,150.76666666666668,0.13789863884449005,-0.9300983436966864
TOKYOTECH_s05,143,234,150.8,-0.2203751653432846,-0.8140807570997097
TOKYOTECH_s05,143,235,150.83333333333334,-0.5060770511627197,-0.6678789198820411
TOKYOTECH_s05,143,236,150.86666666666667,-0.7759199142456055,-0.5143334074873795
TOKYOTECH_s05,143,237,150.9,-0.9895129203796387,-0.3731638316560859
TOKYOTECH_s05,143,238,150.93333333333334,-1.0811227560043335,-0.2537591896727038
TOKYOTECH_s05,143,239,150.96666666666667,-1.126224160194397,-0.1517684635369742
TOKYOTECH_s05,144,0,144.0,-0.07839241623878479,0.08821351427442861
TOKYOTECH_s05,144,1,144.03333333333333,-0.4428459703922272,-1.4461393021233786
TOKYOTECH_s05,144,2,144.06666666666666,-0.711281955242157,-2.6948932478996612
TOKYOTECH_s05,144,3,144.1,-0.9372611045837402,-3.4491449883098313
TOKYOTECH_s05,144,4,144.13333333333333,-1.061016321182251,-3.6316817625556017
TOKYOTECH_s05,144,5,144.16666666666666,-1.121201992034912,-3.3053570186985755
TOKYOTECH_s05,144,6,144.2,-1.1309614181518555,-2.635674992740342
TOKYOTECH_s05,144,7,144.23333333333332,-1.0728771686553955,-1.828533336677102
TOKYOTECH_s05,144,8,144.26666666666668,-1.0777212381362915,-1.0693410261658787
TOKYOTECH_s05,144,9,144.3,-1.1336060762405396,-0.48116475622477933
TOKYOTECH_s05,144,10,144.33333333333334,-1.1674165725708008,-0.10902160964458771
TOKYOTECH_s05,144,11,144.36666666666667,-1.2332388162612915,0.07065449223062915
TOKYOTECH_s05,144,12,144.4,-1.3479559421539307,0.12245183667012344
TOKYOTECH_s05,144,13,144.43333333333334,-1.1563926935195923,0.11792502265419094
TOKYOTECH_s05,144,14,144.46666666666667,0.2316366285085678,0.1085096445068605
TOKYOTECH_s05,144,15,144.5,2.0187580585479736,0.11512190417371443
TOKYOTECH_s05,144,16,144.53333333333333,2.426149368286133,0.13457599681137394
TOKYOTECH_s05,144,17,144.56666666666666,1.9728820323944092,0.1539071479018578
TOKYOTECH_s05,144,18,144.6,1.4107835292816162,0.16175027947992415
TOKYOTECH_s05,144,19,144.63333333333333,0.7383222579956055,0.15133293708837248
TOKYOTECH_s05,144,20,144.66666666666666,0.05833665654063225,0.1176862254355074
TOKYOTECH_s05,144,21,144.7,-0.26463958621025085,0.05589995537373278
TOKYOTECH_s05,144,22,144.73333333333332,-0.24181726574897766,-0.035563146727987584
TOKYOTECH_s05,144,23,144.76666666666668,0.08709829300642014,-0.14860823607217044
TOKYOTECH_s05,144,24,144.8,0.40015488862991333,-0.2620002075087623
TOKYOTECH_s05,144,25,144.83333333333334,0.29096752405166626,-0.34488439405274535
TOKYOTECH_s05,144,26,144.86666666666667,-0.01944442093372345,-0.36655906326318843
TOKYOTECH_s05,144,27,144.9,-0.33230510354042053,-0.307135840709411
TOKYOTECH_s05,144,28,144.93333333333334,-0.7095722556114197,-0.1632704290516133
TOKYOTECH_s05,144,29,144.96666666666667,-0.9949357509613037,0.05294923460117733
TOKYOTECH_s05,144,30,145.0,-1.1118077039718628,0.31875033739442743
TOKYOTECH_s05,144,31,145.03333333333333,-1.237370491027832,0.6046483159184302
TOKYOTECH_s05,144,32,145.06666666666666,-1.261092185974121,0.8774231330170593
TOKYOTECH_s05,144,33,145.1,-1.274680495262146,1.1051399675035674
TOKYOTECH_s05,144,34,145.13333333333333,-1.281162977218628,1.2644251260912385
TOKYOTECH_s05,144,35,145.16666666666666,-1.240834355354309,1.3456697161593776
TOKYOTECH_s05,144,36,145.2,-1.2930861711502075,1.351917799265154
TOKYOTECH_s05,144,37,145.23333333333332,-1.2811006307601929,1.2917076559871457
TOKYOTECH_s05,144,38,145.26666666666668,-1.360146164894104,1.1709044875940195
TOKYOTECH_s05,144,39,145.3,-1.0224241018295288,0.9896263676744242
TOKYOTECH_s05,144,40,145.33333333333334,0.6917159557342529,0.7465302948496646
TOKYOTECH_s05,144,41,145.36666666666667,2.489095449447632,0.447072327942486
TOKYOTECH_s05,144,42,145.4,2.6738288402557373,0.10928746836341768
TOKYOTECH_s05,144,43,145.43333333333334,2.139895439147949,-0.23757822115583016
TOKYOTECH_s05,144,44,145.46666666666667,1.6500928401947021,-0.5608205838375072
TOKYOTECH_s05,144,45,145.5,1.160316824913025,-0.8333070581292794
TOKYOTECH_s05,144,46,145.53333333333333,0.633791983127594,-1.0390608356836897
TOKYOTECH_s05,144,47,145.56666666666666,0.22015869617462158,-1.1742222613102584
TOKYOTECH_s05,144,48,145.6,0.14835256338119507,-1.2451284060104018
TOKYOTECH_s05,144,49,145.63333333333333,0.3460509479045868,-1.2653770248213507
TOKYOTECH_s05,144,50,145.66666666666666,0.500847339630127,-1.2516538856370782
TOKYOTECH_s05,144,51,145.7,0.5002506971359253,-1.2170955263957193
TOKYOTECH_s05,144,52,145.73333333333332,0.2066505253314972,-1.1633159127743193
TOKYOTECH_s05,144,53,145.76666666666668,-0.1634395867586136,-1.0759199898612555
TOKYOTECH_s05,144,54,145.8,-0.5147322416305542,-0.9292583193999276
TOKYOTECH_s05,144,55,145.83333333333334,-0.8082077503204346,-0.7013681609319439
TOKYOTECH_s05,144,56,145.86666666666667,-1.0296189785003662,-0.39134340173583715
TOKYOTECH_s05,144,57,145.9,-1.1442915201187134,-0.02720544412151992
TOKYOTECH_s05,144,58,145.93333333333334,-1.1676480770111084,0.34166880514497117
TOKYOTECH_s05,144,59,145.96666666666667,-1.1730352640151978,0.6629529771563901
TOKYOTECH_s05,144,60,146.0,-1.1825987100601196,0.8998293277799672
TOKYOTECH_s05,144,61,146.03333333333333,-1.1457072496414185,1.0401047685841431
TOKYOTECH_s05,144,62,146.06666666666666,-1.1890277862548828,1.0933292639902064
TOKYOTECH_s05,144,63,146.1,-1.2355718612670898,1.080152294937162
TOKYOTECH_s05,144,64,146.13333333333333,-1.3036558628082275,1.0208336165291385
TOKYOTECH_s05,144,65,146.16666666666666,-1.254146695137024,0.9281155094296507
TOKYOTECH_s05,144,66,146.2,-0.17648473381996155,0.8060557566929298
TOKYOTECH_s05,144,67,146.23333333333332,1.9217878580093384,0.653627097870606
TOKYOTECH_s05,144,68,146.26666666666668,2.840646266937256,0.471041537463894
TOKYOTECH_s05,144,69,146.3,2.503983974456787,0.26636457490109194
TOKYOTECH_s05,144,70,146.33333333333334,1.9918220043182373,0.058881102805252085
TOKYOTECH_s05,144,71,146.36666666666667,1.5246368646621704,-0.12425262066488829
TOKYOTECH_s05,144,72,146.4,1.0025464296340942,-0.2584021738202837
TOKYOTECH_s05,144,73,146.43333333333334,0.44149860739707947,-0.3343303570844053
TOKYOTECH_s05,144,74,146.46666666666667,0.18770167231559753,-0.36563669501624474
TOKYOTECH_s05,144,75,146.5,0.3610461950302124,-0.38425661440519326
TOKYOTECH_s05,144,76,146.53333333333333,0.5419862270355225,-0.42422706431168666
TOKYOTECH_s05,144,77,146.56666666666666,0.5517010688781738,-0.5020353610193546
TOKYOTECH_s05,144,78,146.6,0.45625343918800354,-0.605668794570427
TOKYOTECH_s05,144,79,146.63333333333333,0.07984109967947006,-0.6998920886774037
TOKYOTECH_s05,144,80,146.66666666666666,-0.30131733417510986,-0.7440427607432659
TOKYOTECH_s05,144,81,146.7,-0.5823710560798645,-0.7103540722813007
TOKYOTECH_s05,144,82,146.73333333333332,-0.8421607613563538,-0.5929077547807668
TOKYOTECH_s05,144,83,146.76666666666668,-1.012335181236267,-0.4058048304674026
TOKYOTECH_s05,144,84,146.8,-1.0815680027008057,-0.1757010829540596
TOKYOTECH_s05,144,85,146.83333333333334,-1.129794955253601,0.06552988183025953
TOKYOTECH_s05,144,86,146.86666666666667,-1.1368472576141357,0.28628642023488615
TOKYOTECH_s05,144,87,146.9,-1.1005345582962036,0.4604715335246913
TOKYOTECH_s05,144,88,146.93333333333334,-1.0741504430770874,0.572831624376092
TOKYOTECH_s05,144,89,146.96666666666667,-1.0982372760772705,0.6217149151954544
TOKYOTECH_s05,144,90,147.0,-1.198359727859497,0.6163330369820432
TOKYOTECH_s05,144,91,147.03333333333333,-1.3446255922317505,0.5693468869713524
TOKYOTECH_s05,144,92,147.06666666666666,-1.0891456604003906,0.4904041418092207
TOKYOTECH_s05,144,93,147.1,0.36807185411453247,0.3863545568028572
TOKYOTECH_s05,144,94,147.13333333333333,2.2297778129577637,0.26721467241638924
TOKYOTECH_s05,144,95,147.16666666666666,2.6007583141326904,0.1503715610457188
TOKYOTECH_s05,144,96,147.2,2.0613129138946533,0.056351069063204376
TOKYOTECH_s05,144,97,147.23333333333332,1.4942011833190918,-0.0030437418666734947
TOKYOTECH_s05,144,98,147.26666666666668,0.9886375069618225,-0.03559045409347298
TOKYOTECH_s05,144,99,147.3,0.4611954391002655,-0.06870338820191284
TOKYOTECH_s05,144,100,147.33333333333334,-0.03280121833086014,-0.13638821567384463
TOKYOTECH_s05,144,101,147.36666666666667,0.0023805834352970123,-0.2601511539899665
TOKYOTECH_s05,144,102,147.4,0.33278319239616394,-0.4343649660051155
TOKYOTECH_s05,144,103,147.43333333333334,0.5539272427558899,-0.6235544366405056
TOKYOTECH_s05,144,104,147.46666666666667,0.5323604345321655,-0.7730239120629714
TOKYOTECH_s05,144,105,147.5,0.20837800204753876,-0.8281899845117551
TOKYOTECH_s05,144,106,147.53333333333333,-0.14835532009601593,-0.7542418933760277
TOKYOTECH_s05,144,107,147.56666666666666,-0.47371795773506165,-0.5482365426222836
TOKYOTECH_s05,144,108,147.6,-0.7701675891876221,-0.24014122247288666
TOKYOTECH_s05,144,109,147.63333333333333,-0.9837160706520081,0.1159276859418641
TOKYOTECH_s05,144,110,147.66666666666666,-1.0530823469161987,0.45689462419451643
TOKYOTECH_s05,144,111,147.7,-1.0684248208999634,0.7281836109920419
TOKYOTECH_s05,144,112,147.73333333333332,-1.1169812679290771,0.8980250489884507
TOKYOTECH_s05,144,113,147.76666666666668,-1.1085131168365479,0.9628663286713255
TOKYOTECH_s05,144,114,147.8,-1.0819686651229858,0.9409688483084546
TOKYOTECH_s05,144,115,147.83333333333334,-1.0831351280212402,0.857280513572464
TOKYOTECH_s05,144,116,147.86666666666667,-1.0454422235488892,0.7287852004047426
TOKYOTECH_s05,144,117,147.9,-0.057288676500320435,0.5599561986847571
TOKYOTECH_s05,144,118,147.93333333333334,1.686076045036316,0.35035519024660994
TOKYOTECH_s05,144,119,147.96666666666667,2.490769624710083,0.10694377266500513
TOKYOTECH_s05,144,120,148.0,2.3120734691619873,-0.14970011915856732
TOKYOTECH_s05,144,121,148.03333333333333,1.7326644659042358,-0.39085130469756085
TOKYOTECH_s05,144,122,148.06666666666666,1.1640924215316772,-0.5924529484994219
TOKYOTECH_s05,144,123,148.1,0.665073573589325,-0.7449798459822489
TOKYOTECH_s05,144,124,148.13333333333333,0.16114836931228638,-0.8534558646965931
TOKYOTECH_s05,144,125,148.16666666666666,0.01697511039674282,-0.928836150076974
TOKYOTECH_s05,144,126,148.2,0.21970456838607788,-0.977185167415582
TOKYOTECH_s05,144,127,148.23333333333332,0.46866634488105774,-0.993095217145796
TOKYOTECH_s05,144,128,148.26666666666668,0.49035778641700745,-0.9602903315149917
TOKYOTECH_s05,144,129,148.3,0.21075551211833954,-0.8582519185434466
TOKYOTECH_s05,144,130,148.33333333333334,-0.11053777486085892,-0.6713879986806521
TOKYOTECH_s05,144,131,148.36666666666667,-0.4841006398200989,-0.3972783041408746
TOKYOTECH_s05,144,132,148.4,-0.7491440176963806,-0.0518070290853527
TOKYOTECH_s05,144,133,148.43333333333334,-0.9235570430755615,0.330228832639592
TOKYOTECH_s05,144,134,148.46666666666667,-1.050402045249939,0.7005766130739196
TOKYOTECH_s05,144,135,148.5,-1.1319764852523804,1.0092551574849382
TOKYOTECH_s05,144,136,148.53333333333333,-1.1225554943084717,1.2187766794900725
TOKYOTECH_s05,144,137,148.56666666666666,-1.141076922416687,1.3139689816351314
TOKYOTECH_s05,144,138,148.6,-1.1355561017990112,1.3020440652055691
TOKYOTECH_s05,144,139,148.63333333333333,-1.1064382791519165,1.203198044430739
TOKYOTECH_s05,144,140,148.66666666666666,-1.1476484537124634,1.0380456211835516
TOKYOTECH_s05,144,141,148.7,-1.1043546199798584,0.8201395349336414
TOKYOTECH_s05,144,142,148.73333333333332,-0.08959431946277618,0.557770305267585
TOKYOTECH_s05,144,143,148.76666666666668,1.8571408987045288,0.26213620738623966
TOKYOTECH_s05,144,144,148.8,2.6633036136627197,-0.04595605286961208
TOKYOTECH_s05,144,145,148.83333333333334,2.3826863765716553,-0.3374330821153307
TOKYOTECH_s05,144,146,148.86666666666667,1.9900054931640625,-0.5838830510626335
TOKYOTECH_s05,144,147,148.9,1.5740035772323608,-0.7672688881306748
TOKYOTECH_s05,144,148,148.93333333333334,1.080461025238037,-0.883769474256026
TOKYOTECH_s05,144,149,148.96666666666667,0.6807633638381958,-0.94050841865734
TOKYOTECH_s05,144,150,149.0,0.41393908858299255,-0.9493612396451081
TOKYOTECH_s05,144,151,149.03333333333333,0.5044803619384766,-0.9227356771999172
TOKYOTECH_s05,144,152,149.06666666666666,0.6692320108413696,-0.8717715850721598
TOKYOTECH_s05,144,153,149.1,0.6750377416610718,-0.8037184242284092
TOKYOTECH_s05,144,154,149.13333333333333,0.48709872364997864,-0.7172986542737704
TOKYOTECH_s05,144,155,149.16666666666666,0.12912768125534058,-0.5998491551246918
TOKYOTECH_s05,144,156,149.2,-0.1954246610403061,-0.43191641149287036
TOKYOTECH_s05,144,157,149.23333333333332,-0.5290151238441467,-0.20046202087952908
TOKYOTECH_s05,144,158,149.26666666666668,-0.7734355926513672,0.08667350490672712
TOKYOTECH_s05,144,159,149.3,-0.8895239233970642,0.3961304314844184
TOKYOTECH_s05,144,160,149.33333333333334,-1.007090449333191,0.6787927280275277
TOKYOTECH_s05,144,161,149.36666666666667,-1.0295299291610718,0.8881016883950894
TOKYOTECH_s05,144,162,149.4,-0.9947220683097839,0.9960705889080052
TOKYOTECH_s05,144,163,149.43333333333334,-1.005211591720581,0.9991285052855245
TOKYOTECH_s05,144,164,149.46666666666667,-0.9955679774284363,0.9134945804117516
TOKYOTECH_s05,144,165,149.5,-1.0513014793395996,0.7658258359783567
TOKYOTECH_s05,144,166,149.53333333333333,-1.1523500680923462,0.5851738497810497
TOKYOTECH_s05,144,167,149.56666666666666,-0.7115936279296875,0.39831772450763153
TOKYOTECH_s05,144,168,149.6,0.879984438419342,0.22669808710868766
TOKYOTECH_s05,144,169,149.63333333333333,2.2903552055358887,0.08286051724746142
TOKYOTECH_s05,144,170,149.66666666666666,2.453566312789917,-0.0324843243615217
TOKYOTECH_s05,144,171,149.7,2.048971176147461,-0.12937485233484425
TOKYOTECH_s05,144,172,149.73333333333332,1.5619468688964844,-0.22224613435341184
TOKYOTECH_s05,144,173,149.76666666666668,1.1617059707641602,-0.3215470988972792
TOKYOTECH_s05,144,174,149.8,0.7415813207626343,-0.4287694067893327
TOKYOTECH_s05,144,175,149.83333333333334,0.3708856999874115,-0.5376192794389895
TOKYOTECH_s05,144,176,149.86666666666667,0.42571088671684265,-0.6381333216166706
TOKYOTECH_s05,144,177,149.9,0.6389744281768799,-0.7180666999329409
TOKYOTECH_s05,144,178,149.93333333333334,0.7051973938941956,-0.7606354810293645
TOKYOTECH_s05,144,179,149.96666666666667,0.5362250208854675,-0.7438177811041453
TOKYOTECH_s05,144,180,150.0,0.2524554133415222,-0.6464965035784705
TOKYOTECH_s05,144,181,150.03333333333333,-0.023950114846229553,-0.4605362085693497
TOKYOTECH_s05,144,182,150.06666666666666,-0.3345579504966736,-0.20085254257244245
TOKYOTECH_s05,144,183,150.1,-0.5720596313476562,0.0951411667756288
TOKYOTECH_s05,144,184,150.13333333333333,-0.7364728450775146,0.3795089936896393
TOKYOTECH_s05,144,185,150.16666666666666,-0.8317157030105591,0.6094810316814785
TOKYOTECH_s05,144,186,150.2,-0.8570669293403625,0.7581502086035115
TOKYOTECH_s05,144,187,150.23333333333332,-0.8524454832077026,0.8169173483975035
TOKYOTECH_s05,144,188,150.26666666666668,-0.8707976937294006,0.7923361275486319
TOKYOTECH_s05,144,189,150.3,-0.8952406644821167,0.7017577252191572
TOKYOTECH_s05,144,190,150.33333333333334,-0.9478307962417603,0.5692377854546793
TOKYOTECH_s05,144,191,150.36666666666667,-0.43370991945266724,0.42015469675241063
TOKYOTECH_s05,144,192,150.4,1.060701847076416,0.27399590692368153
TOKYOTECH_s05,144,193,150.43333333333334,2.0051164627075195,0.13802882507445652
TOKYOTECH_s05,144,194,150.46666666666667,1.8618870973587036,0.006070978136155553
TOKYOTECH_s05,144,195,150.5,1.409955382347107,-0.1353690119205141
TOKYOTECH_s05,144,196,150.53333333333333,0.9731614589691162,-0.295743224208977
TOKYOTECH_s05,144,197,150.56666666666666,0.33165231347084045,-0.47014690447935575
TOKYOTECH_s05,144,198,150.6,-0.2105712741613388,-0.6368467099458647
TOKYOTECH_s05,144,199,150.63333333333333,-0.23836231231689453,-0.7649486791507072
TOKYOTECH_s05,144,200,150.66666666666666,0.09310884773731232,-0.8271085728506391
TOKYOTECH_s05,144,201,150.7,0.385195255279541,-0.8088047192341149
TOKYOTECH_s05,144,202,150.73333333333332,0.34341520071029663,-0.7101958416063069
TOKYOTECH_s05,144,203,150.76666666666668,0.13789863884449005,-0.5433484070149148
TOKYOTECH_s05,144,204,150.8,-0.2203751653432846,-0.32942025948319137
TOKYOTECH_s05,144,205,150.83333333333334,-0.5060770511627197,-0.0969159874652296
TOKYOTECH_s05,144,206,150.86666666666667,-0.7759199142456055,0.12208659416036605
TOKYOTECH_s05,144,207,150.9,-0.9895129203796387,0.3004958576105819
TOKYOTECH_s05,144,208,150.93333333333334,-1.0811227560043335,0.42645934845323935
TOKYOTECH_s05,144,209,150.96666666666667,-1.126224160194397,0.5075815214329225
TOKYOTECH_s05,144,210,151.0,-1.1464018821716309,0.5641930116575369
TOKYOTECH_s05,144,211,151.03333333333333,-1.1224308013916016,0.6147560361474631
TOKYOTECH_s05,144,212,151.06666666666666,-1.1097686290740967,0.6629071525217805
TOKYOTECH_s05,144,213,151.1,-0.6757617592811584,0.6950588537906849
TOKYOTECH_s05,144,214,151.13333333333333,0.9199034571647644,0.6896319057266264
TOKYOTECH_s05,144,215,151.16666666666666,2.135006904602051,0.6305716900317798
TOKYOTECH_s05,144,216,151.2,2.2039902210235596,0.5158173282858385
TOKYOTECH_s05,144,217,151.23333333333332,1.941110610961914,0.3563795488084256
TOKYOTECH_s05,144,218,151.26666666666668,1.5031235218048096,0.16915118800362225
TOKYOTECH_s05,144,219,151.3,1.0128310918807983,-0.029654647351128056
TOKYOTECH_s05,144,220,151.33333333333334,0.6169178485870361,-0.22636106756200117
TOKYOTECH_s05,144,221,151.36666666666667,0.2776285409927368,-0.4082874574740192
TOKYOTECH_s05,144,222,151.4,0.22085325419902802,-0.56252718438202
TOKYOTECH_s05,144,223,151.43333333333334,0.3927285075187683,-0.6770064044137111
TOKYOTECH_s05,144,224,151.46666666666667,0.4963950514793396,-0.7423484730537049
TOKYOTECH_s05,144,225,151.5,0.36037835478782654,-0.7518298827428556
TOKYOTECH_s05,144,226,151.53333333333333,0.07589638978242874,-0.6994208861118897
TOKYOTECH_s05,144,227,151.56666666666666,-0.24101586639881134,-0.5794970995327744
TOKYOTECH_s05,144,228,151.6,-0.5178844332695007,-0.3919232410715772
TOKYOTECH_s05,144,229,151.63333333333333,-0.7996416091918945,-0.15127910644097742
TOKYOTECH_s05,144,230,151.66666666666666,-0.9618109464645386,0.10770762375771946
TOKYOTECH_s05,144,231,151.7,-1.0540529489517212,0.3368134023010904
TOKYOTECH_s05,144,232,151.73333333333332,-1.064658284187317,0.492030080680272
TOKYOTECH_s05,144,233,151.76666666666668,-1.0446853637695312,0.5515914259532415
TOKYOTECH_s05,144,234,151.8,-1.0463060140609741,0.5233677981322264
TOKYOTECH_s05,144,235,151.83333333333334,-1.123339056968689,0.43829620422374677
TOKYOTECH_s05,144,236,151.86666666666667,-1.1611655950546265,0.33463828389802036
TOKYOTECH_s05,144,237,151.9,-0.6462165117263794,0.241703309082988
TOKYOTECH_s05,144,238,151.93333333333334,0.949297308921814,0.17018315302191805
TOKYOTECH_s05,144,239,151.96666666666667,2.2368390560150146,0.11181041918695626
TOKYOTECH_s05,145,0,145.0,-1.1118077039718628,0.1537850010483268
TOKYOTECH_s05,145,1,145.03333333333333,-1.237370491027832,-0.8039287327108379
TOKYOTECH_s05,145,2,145.06666666666666,-1.261092185974121,-1.6119426925396758
TOKYOTECH_s05,145,3,145.1,-1.274680495262146,-2.15322094240528
TOKYOTECH_s05,145,4,145.13333333333333,-1.281162977218628,-2.373088884043535
TOKYOTECH_s05,145,5,145.16666666666666,-1.240834355354309,-2.2861888627707754
TOKYOTECH_s05,145,6,145.2,-1.2930861711502075,-1.9632410285826887
TOKYOTECH_s05,145,7,145.23333333333332,-1.2811006307601929,-1.5064731867259695
TOKYOTECH_s05,145,8,145.26666666666668,-1.360146164894104,-1.0236427220614852
TOKYOTECH_s05,145,9,145.3,-1.0224241018295288,-0.6058820559501579
TOKYOTECH_s05,145,10,145.33333333333334,0.6917159557342529,-0.3117728732190323
TOKYOTECH_s05,145,11,145.36666666666667,2.489095449447632,-0.16002703936589746
TOKYOTECH_s05,145,12,145.4,2.6738288402557373,-0.13291322733750396
TOKYOTECH_s05,145,13,145.43333333333334,2.139895439147949,-0.1897218268626331
TOKYOTECH_s05,145,14,145.46666666666667,1.6500928401947021,-0.2846446708920778
TOKYOTECH_s05,145,15,145.5,1.160316824913025,-0.3809772734056252
TOKYOTECH_s05,145,16,145.53333333333333,0.633791983127594,-0.4567441266856775
TOKYOTECH_s05,145,17,145.56666666666666,0.22015869617462158,-0.5027448475118386
TOKYOTECH_s05,145,18,145.6,0.14835256338119507,-0.5176673223512227
TOKYOTECH_s05,145,19,145.63333333333333,0.3460509479045868,-0.5042945227291494
TOKYOTECH_s05,145,20,145.66666666666666,0.500847339630127,-0.46730349283373634
TOKYOTECH_s05,145,21,145.7,0.5002506971359253,-0.410567483024131
TOKYOTECH_s05,145,22,145.73333333333332,0.2066505253314972,-0.33299459046320307
TOKYOTECH_s05,145,23,145.76666666666668,-0.1634395867586136,-0.2253656412971706
TOKYOTECH_s05,145,24,145.8,-0.5147322416305542,-0.07260726255495514
TOKYOTECH_s05,145,25,145.83333333333334,-0.8082077503204346,0.1368482614126193
TOKYOTECH_s05,145,26,145.86666666666667,-1.0296189785003662,0.39965691635737954
TOKYOTECH_s05,145,27,145.9,-1.1442915201187134,0.6927513718334307
TOKYOTECH_s05,145,28,145.93333333333334,-1.1676480770111084,0.9792972781505914
TOKYOTECH_s05,145,29,145.96666666666667,-1.1730352640151978,1.221548455262561
TOKYOTECH_s05,145,30,146.0,-1.1825987100601196,1.3924856628888775
TOKYOTECH_s05,145,31,146.03333333333333,-1.1457072496414185,1.4801954056975961
TOKYOTECH_s05,145,32,146.06666666666666,-1.1890277862548828,1.4849792308203174
TOKYOTECH_s05,145,33,146.1,-1.2355718612670898,1.413815067198716
TOKYOTECH_s05,145,34,146.13333333333333,-1.3036558628082275,1.2764130784072558
TOKYOTECH_s05,145,35,146.16666666666666,-1.254146695137024,1.0838484344153578
TOKYOTECH_s05,145,36,146.2,-0.17648473381996155,0.8485332637801306
TOKYOTECH_s05,145,37,146.23333333333332,1.9217878580093384,0.5842438604154374
TOKYOTECH_s05,145,38,146.26666666666668,2.840646266937256,0.3060152799401114
TOKYOTECH_s05,145,39,146.3,2.503983974456787,0.03029646067323965
TOKYOTECH_s05,145,40,146.33333333333334,1.9918220043182373,-0.22502047678622583
TOKYOTECH_s05,145,41,146.36666666666667,1.5246368646621704,-0.44219669422805064
TOKYOTECH_s05,145,42,146.4,1.0025464296340942,-0.6081460658997113
TOKYOTECH_s05,145,43,146.43333333333334,0.44149860739707947,-0.7207769465614207
TOKYOTECH_s05,145,44,146.46666666666667,0.18770167231559753,-0.7928714248970936
TOKYOTECH_s05,145,45,146.5,0.3610461950302124,-0.848508113669344
TOKYOTECH_s05,145,46,146.53333333333333,0.5419862270355225,-0.9110718993202688
TOKYOTECH_s05,145,47,146.56666666666666,0.5517010688781738,-0.9883972929486863
TOKYOTECH_s05,145,48,146.6,0.45625343918800354,-1.0646740884659978
TOKYOTECH_s05,145,49,146.63333333333333,0.07984109967947006,-1.1058322936328486
TOKYOTECH_s05,145,50,146.66666666666666,-0.30131733417510986,-1.0757053917557016
TOKYOTECH_s05,145,51,146.7,-0.5823710560798645,-0.9527230647918814
TOKYOTECH_s05,145,52,146.73333333333332,-0.8421607613563538,-0.7382442674924176
TOKYOTECH_s05,145,53,146.76666666666668,-1.012335181236267,-0.45488508549194334
TOKYOTECH_s05,145,54,146.8,-1.0815680027008057,-0.13913330968956733
TOKYOTECH_s05,145,55,146.83333333333334,-1.129794955253601,0.1667265194822436
TOKYOTECH_s05,145,56,146.86666666666667,-1.1368472576141357,0.4219600335839123
TOKYOTECH_s05,145,57,146.9,-1.1005345582962036,0.5953885565797239
TOKYOTECH_s05,145,58,146.93333333333334,-1.0741504430770874,0.6737131772411951
TOKYOTECH_s05,145,59,146.96666666666667,-1.0982372760772705,0.66625200428384
TOKYOTECH_s05,145,60,147.0,-1.198359727859497,0.60162682324286
TOKYOTECH_s05,145,61,147.03333333333333,-1.3446255922317505,0.5161593035611227
TOKYOTECH_s05,145,62,147.06666666666666,-1.0891456604003906,0.44009546553375695
TOKYOTECH_s05,145,63,147.1,0.36807185411453247,0.3896781531635719
TOKYOTECH_s05,145,64,147.13333333333333,2.2297778129577637,0.36740557646952265
TOKYOTECH_s05,145,65,147.16666666666666,2.6007583141326904,0.36595320119966374
TOKYOTECH_s05,145,66,147.2,2.0613129138946533,0.3705112153276778
TOKYOTECH_s05,145,67,147.23333333333332,1.4942011833190918,0.35895972596810505
TOKYOTECH_s05,145,68,147.26666666666668,0.9886375069618225,0.3039751394524722
TOKYOTECH_s05,145,69,147.3,0.4611954391002655,0.18107762013112416
TOKYOTECH_s05,145,70,147.33333333333334,-0.03280121833086014,-0.01880814079902689
TOKYOTECH_s05,145,71,147.36666666666667,0.0023805834352970123,-0.2791180330962169
TOKYOTECH_s05,145,72,147.4,0.33278319239616394,-0.5565773843902242
TOKYOTECH_s05,145,73,147.43333333333334,0.5539272427558899,-0.7913125183534129
TOKYOTECH_s05,145,74,147.46666666666667,0.5323604345321655,-0.9244301716933729
TOKYOTECH_s05,145,75,147.5,0.20837800204753876,-0.9160119522910882
TOKYOTECH_s05,145,76,147.53333333333333,-0.14835532009601593,-0.7569553926166369
TOKYOTECH_s05,145,77,147.56666666666666,-0.47371795773506165,-0.47138322587680315
TOKYOTECH_s05,145,78,147.6,-0.7701675891876221,-0.1101569625461899
TOKYOTECH_s05,145,79,147.63333333333333,-0.9837160706520081,0.2616491170225037
TOKYOTECH_s05,145,80,147.66666666666666,-1.0530823469161987,0.5801400792821437
TOKYOTECH_s05,145,81,147.7,-1.0684248208999634,0.7977651099441915
TOKYOTECH_s05,145,82,147.73333333333332,-1.1169812679290771,0.8943506605437204
TOKYOTECH_s05,145,83,147.76666666666668,-1.1085131168365479,0.879629942440425
TOKYOTECH_s05,145,84,147.8,-1.0819686651229858,0.7848756257109012
TOKYOTECH_s05,145,85,147.83333333333334,-1.0831351280212402,0.6464716700600185
TOKYOTECH_s05,145,86,147.86666666666667,-1.0454422235488892,0.49029549542129136
TOKYOTECH_s05,145,87,147.9,-0.057288676500320435,0.32635935831156687
TOKYOTECH_s05,145,88,147.93333333333334,1.686076045036316,0.15546953438128852
TOKYOTECH_s05,145,89,147.96666666666667,2.490769624710083,-0.019606583947428476
TOKYOTECH_s05,145,90,148.0,2.3120734691619873,-0.1884939017426815
TOKYOTECH_s05,145,91,148.03333333333333,1.7326644659042358,-0.33747198791198574
TOKYOTECH_s05,145,92,148.06666666666666,1.1640924215316772,-0.4590232972025281
TOKYOTECH_s05,145,93,148.1,0.665073573589325,-0.5575203206115618
TOKYOTECH_s05,145,94,148.13333333333333,0.16114836931228638,-0.645934832445396
TOKYOTECH_s05,145,95,148.16666666666666,0.01697511039674282,-0.73597219237565
TOKYOTECH_s05,145,96,148.2,0.21970456838607788,-0.8279762983475037
TOKYOTECH_s05,145,97,148.23333333333332,0.46866634488105774,-0.9060541977945804
TOKYOTECH_s05,145,98,148.26666666666668,0.49035778641700745,-0.9405266158926102
TOKYOTECH_s05,145,99,148.3,0.21075551211833954,-0.896510800210233
TOKYOTECH_s05,145,100,148.33333333333334,-0.11053777486085892,-0.7456575646347319
TOKYOTECH_s05,145,101,148.36666666666667,-0.4841006398200989,-0.4776824820509104
TOKYOTECH_s05,145,102,148.4,-0.7491440176963806,-0.10846874618941438
TOKYOTECH_s05,145,103,148.43333333333334,-0.9235570430755615,0.3184135355399262
TOKYOTECH_s05,145,104,148.46666666666667,-1.050402045249939,0.7393804414923113
TOKYOTECH_s05,145,105,148.5,-1.1319764852523804,1.0873609837980462
TOKYOTECH_s05,145,106,148.53333333333333,-1.1225554943084717,1.311466486880141
TOKYOTECH_s05,145,107,148.56666666666666,-1.141076922416687,1.3906926687771692
TOKYOTECH_s05,145,108,148.6,-1.1355561017990112,1.3350639998600147
TOKYOTECH_s05,145,109,148.63333333333333,-1.1064382791519165,1.1746936401268526
TOKYOTECH_s05,145,110,148.66666666666666,-1.1476484537124634,0.9441426004226877
TOKYOTECH_s05,145,111,148.7,-1.1043546199798584,0.6714553005844895
TOKYOTECH_s05,145,112,148.73333333333332,-0.08959431946277618,0.37671977640774235
TOKYOTECH_s05,145,113,148.76666666666668,1.8571408987045288,0.07759137501497675
TOKYOTECH_s05,145,114,148.8,2.6633036136627197,-0.20551611957610794
TOKYOTECH_s05,145,115,148.83333333333334,2.3826863765716553,-0.4504887393872423
TOKYOTECH_s05,145,116,148.86666666666667,1.9900054931640625,-0.64027180031221
TOKYOTECH_s05,145,117,148.9,1.5740035772323608,-0.7693738389487862
TOKYOTECH_s05,145,118,148.93333333333334,1.080461025238037,-0.8448302124552689
TOKYOTECH_s05,145,119,148.96666666666667,0.6807633638381958,-0.8812491301789043
TOKYOTECH_s05,145,120,149.0,0.41393908858299255,-0.8937255493050316
TOKYOTECH_s05,145,121,149.03333333333333,0.5044803619384766,-0.8926454236507747
TOKYOTECH_s05,145,122,149.06666666666666,0.6692320108413696,-0.8811007250406707
TOKYOTECH_s05,145,123,149.1,0.6750377416610718,-0.8530468964826038
TOKYOTECH_s05,145,124,149.13333333333333,0.48709872364997864,-0.7917650574651569
TOKYOTECH_s05,145,125,149.16666666666666,0.12912768125534058,-0.671621276896629
TOKYOTECH_s05,145,126,149.2,-0.1954246610403061,-0.4670762667617254
TOKYOTECH_s05,145,127,149.23333333333332,-0.5290151238441467,-0.1684423440462843
TOKYOTECH_s05,145,128,149.26666666666668,-0.7734355926513672,0.2039428163183264
TOKYOTECH_s05,145,129,149.3,-0.8895239233970642,0.5982103575821596
TOKYOTECH_s05,145,130,149.33333333333334,-1.007090449333191,0.9457417477028894
TOKYOTECH_s05,145,131,149.36666666666667,-1.0295299291610718,1.184831309920141
TOKYOTECH_s05,145,132,149.4,-0.9947220683097839,1.2807818742604808
TOKYOTECH_s05,145,133,149.43333333333334,-1.005211591720581,1.2332904583969373
TOKYOTECH_s05,145,134,149.46666666666667,-0.9955679774284363,1.0701375210980029
TOKYOTECH_s05,145,135,149.5,-1.0513014793395996,0.8333617173911476
TOKYOTECH_s05,145,136,149.53333333333333,-1.1523500680923462,0.5659184219221488
TOKYOTECH_s05,145,137,149.56666666666666,-0.7115936279296875,0.30353183213036733
TOKYOTECH_s05,145,138,149.6,0.879984438419342,0.0715039179475285
TOKYOTECH_s05,145,139,149.63333333333333,2.2903552055358887,-0.11625948698996422
TOKYOTECH_s05,145,140,149.66666666666666,2.453566312789917,-0.25727315024767045
TOKYOTECH_s05,145,141,149.7,2.048971176147461,-0.3585203594857854
TOKYOTECH_s05,145,142,149.73333333333332,1.5619468688964844,-0.4318689905358677
TOKYOTECH_s05,145,143,149.76666666666668,1.1617059707641602,-0.48862936500761156
TOKYOTECH_s05,145,144,149.8,0.7415813207626343,-0.5365479202721029
TOKYOTECH_s05,145,145,149.83333333333334,0.3708856999874115,-0.5805977707616249
TOKYOTECH_s05,145,146,149.86666666666667,0.42571088671684265,-0.624374479362915
TOKYOTECH_s05,145,147,149.9,0.6389744281768799,-0.6674827640151412
TOKYOTECH_s05,145,148,149.93333333333334,0.7051973938941956,-0.6993695655408378
TOKYOTECH_s05,145,149,149.96666666666667,0.5362250208854675,-0.696220776400176
TOKYOTECH_s05,145,150,150.0,0.2524554133415222,-0.6276108718140447
TOKYOTECH_s05,145,151,150.03333333333333,-0.023950114846229553,-0.47242740217639795
TOKYOTECH_s05,145,152,150.06666666666666,-0.3345579504966736,-0.2343817208285308
TOKYOTECH_s05,145,153,150.1,-0.5720596313476562,0.05457210227776646
TOKYOTECH_s05,145,154,150.13333333333333,-0.7364728450775146,0.3455832861500121
TOKYOTECH_s05,145,155,150.16666666666666,-0.8317157030105591,0.590844935137671
TOKYOTECH_s05,145,156,150.2,-0.8570669293403625,0.7575890210227969
TOKYOTECH_s05,145,157,150.23333333333332,-0.8524454832077026,0.8329831291070291
TOKYOTECH_s05,145,158,150.26666666666668,-0.8707976937294006,0.8214161051912265
TOKYOTECH_s05,145,159,150.3,-0.8952406644821167,0.7387166166780854
TOKYOTECH_s05,145,160,150.33333333333334,-0.9478307962417603,0.6063534003780363
TOKYOTECH_s05,145,161,150.36666666666667,-0.43370991945266724,0.44603557522723697
TOKYOTECH_s05,145,162,150.4,1.060701847076416,0.2748210954302981
TOKYOTECH_s05,145,163,150.43333333333334,2.0051164627075195,0.10210761646042679
TOKYOTECH_s05,145,164,150.46666666666667,1.8618870973587036,-0.06971022406859516
TOKYOTECH_s05,145,165,150.5,1.409955382347107,-0.2404582063313827
TOKYOTECH_s05,145,166,150.53333333333333,0.9731614589691162,-0.4052634229845668
TOKYOTECH_s05,145,167,150.56666666666666,0.33165231347084045,-0.5496217793608038
TOKYOTECH_s05,145,168,150.6,-0.2105712741613388,-0.6506179523937549
TOKYOTECH_s05,145,169,150.63333333333333,-0.23836231231689453,-0.6849991820451176
TOKYOTECH_s05,145,170,150.66666666666666,0.09310884773731232,-0.639282414350507
TOKYOTECH_s05,145,171,150.7,0.385195255279541,-0.5151744512052322
TOKYOTECH_s05,145,172,150.73333333333332,0.34341520071029663,-0.3282764624984007
TOKYOTECH_s05,145,173,150.76666666666668,0.13789863884449005,-0.10368870498181582
TOKYOTECH_s05,145,174,150.8,-0.2203751653432846,0.12759570685827548
TOKYOTECH_s05,145,175,150.83333333333334,-0.5060770511627197,0.33154898352827866
TOKYOTECH_s05,145,176,150.86666666666667,-0.7759199142456055,0.47634044021990785
TOKYOTECH_s05,145,177,150.9,-0.9895129203796387,0.5415766515550681
TOKYOTECH_s05,145,178,150.93333333333334,-1.0811227560043335,0.527661348856076
TOKYOTECH_s05,145,179,150.96666666666667,-1.126224160194397,0.4577526104760608
TOKYOTECH_s05,145,180,151.0,-1.1464018821716309,0.3680469767024403
TOKYOTECH_s05,145,181,151.03333333333333,-1.1224308013916016,0.2902790294001464
TOKYOTECH_s05,145,182,151.06666666666666,-1.1097686290740967,0.2370474035316731
TOKYOTECH_s05,145,183,151.1,-0.6757617592811584,0.1995570045690767
TOKYOTECH_s05,145,184,151.13333333333333,0.9199034571647644,0.1579755905941591
TOKYOTECH_s05,145,185,151.16666666666666,2.135006904602051,0.09537457773806576
TOKYOTECH_s05,145,186,151.2,2.2039902210235596,0.005522348321527391
TOKYOTECH_s05,145,187,151.23333333333332,1.941110610961914,-0.10843922697792646
TOKYOTECH_s05,145,188,151.26666666666668,1.5031235218048096,-0.23980252382491926
TOKYOTECH_s05,145,189,151.3,1.0128310918807983,-0.38169990197854775
TOKYOTECH_s05,145,190,151.33333333333334,0.6169178485870361,-0.5257654127346214
TOKYOTECH_s05,145,191,151.36666666666667,0.2776285409927368,-0.6594049640467534
TOKYOTECH_s05,145,192,151.4,0.22085325419902802,-0.7658898004772206
TOKYOTECH_s05,145,193,151.43333333333334,0.3927285075187683,-0.8280123839334214
TOKYOTECH_s05,145,194,151.46666666666667,0.4963950514793396,-0.8323384383717596
TOKYOTECH_s05,145,195,151.5,0.36037835478782654,-0.7705649780594557
TOKYOTECH_s05,145,196,151.53333333333333,0.07589638978242874,-0.6377624076327677
TOKYOTECH_s05,145,197,151.56666666666666,-0.24101586639881134,-0.4311899871668692
TOKYOTECH_s05,145,198,151.6,-0.5178844332695007,-0.1538680938758789
TOKYOTECH_s05,145,199,151.63333333333333,-0.7996416091918945,0.17753875152936027
TOKYOTECH_s05,145,200,151.66666666666666,-0.9618109464645386,0.5277211312102533
TOKYOTECH_s05,145,201,151.7,-1.0540529489517212,0.8485382349842444
TOKYOTECH_s05,145,202,151.73333333333332,-1.064658284187317,1.0948131051462462
TOKYOTECH_s05,145,203,151.76666666666668,-1.0446853637695312,1.2400903296166437
TOKYOTECH_s05,145,204,151.8,-1.0463060140609741,1.2824945249749191
TOKYOTECH_s05,145,205,151.83333333333334,-1.123339056968689,1.238566015813513
TOKYOTECH_s05,145,206,151.86666666666667,-1.1611655950546265,1.130776952186217
TOKYOTECH_s05,145,207,151.9,-0.6462165117263794,0.9771397803205304
TOKYOTECH_s05,145,208,151.93333333333334,0.949297308921814,0.7879607097026784
TOKYOTECH_s05,145,209,151.96666666666667,2.2368390560150146,0.5689394527741969
TOKYOTECH_s05,145,210,152.0,2.391947031021118,0.32609135931256544
TOKYOTECH_s05,145,211,152.03333333333333,2.01809024810791,0.06827489593217484
TOKYOTECH_s05,145,212,152.06666666666666,1.707624912261963,-0.1936438765775359
TOKYOTECH_s05,145,213,152.1,1.39496910572052,-0.4489839773195597
TOKYOTECH_s05,145,214,152.13333333333333,0.9558243155479431,-0.6885688563805166
TOKYOTECH_s05,145,215,152.16666666666666,0.6656701564788818,-0.9047020145458439
TOKYOTECH_s05,145,216,152.2,0.5275253057479858,-1.0907932525490032
TOKYOTECH_s05,145,217,152.23333333333332,0.5645503401756287,-1.2413179540659742
TOKYOTECH_s05,145,218,152.26666666666668,0.62760329246521,-1.351151602961189
TOKYOTECH_s05,145,219,152.3,0.43963757157325745,-1.4130277177818835
TOKYOTECH_s05,145,220,152.33333333333334,0.23331068456172943,-1.4144064794544184
TOKYOTECH_s05,145,221,152.36666666666667,-0.11082271486520767,-1.3377860286885621
TOKYOTECH_s05,145,222,152.4,-0.48019155859947205,-1.1678067968547021
TOKYOTECH_s05,145,223,152.43333333333334,-0.7187528610229492,-0.903381955022459
TOKYOTECH_s05,145,224,152.46666666666667,-0.891019880771637,-0.5666993650285432
TOKYOTECH_s05,145,225,152.5,-0.9447142481803894,-0.20043226517245633
TOKYOTECH_s05,145,226,152.53333333333333,-0.9854079484939575,0.14715455971691416
TOKYOTECH_s05,145,227,152.56666666666666,-1.049582839012146,0.44009100822309444
TOKYOTECH_s05,145,228,152.6,-1.0179896354675293,0.6648668590389465
TOKYOTECH_s05,145,229,152.63333333333333,-1.0131633281707764,0.8282800300853375
TOKYOTECH_s05,145,230,152.66666666666666,-1.130507230758667,0.946495156017751
TOKYOTECH_s05,145,231,152.7,-1.2765772342681885,1.0331722697691095
TOKYOTECH_s05,145,232,152.73333333333332,-1.2138270139694214,1.092726056753842
TOKYOTECH_s05,145,233,152.76666666666668,-0.26649171113967896,1.1200712174089058
TOKYOTECH_s05,145,234,152.8,1.482936978340149,1.1049604937696194
TOKYOTECH_s05,145,235,152.83333333333334,2.3040149211883545,1.0380196318031485
TOKYOTECH_s05,145,236,152.86666666666667,2.2275338172912598,0.9157756650219646
TOKYOTECH_s05,145,237,152.9,1.8379071950912476,0.7429313640737326
TOKYOTECH_s05,145,238,152.93333333333334,1.3686294555664062,0.5316467956152374
TOKYOTECH_s05,145,239,152.96666666666667,1.0015491247177124,0.29904172567765236
TOKYOTECH_s05,146,0,146.0,-1.1825987100601196,0.09502056347281905
TOKYOTECH_s05,146,1,146.03333333333333,-1.1457072496414185,-1.0508290584144033
TOKYOTECH_s05,146,2,146.06666666666666,-1.1890277862548828,-2.0139176461873496
TOKYOTECH_s05,146,3,146.1,-1.2355718612670898,-2.65587402268367
TOKYOTECH_s05,146,4,146.13333333333333,-1.3036558628082275,-2.919471294023165
TOKYOTECH_s05,146,5,146.16666666666666,-1.254146695137024,-2.8355130117971314
TOKYOTECH_s05,146,6,146.2,-0.17648473381996155,-2.501679711332475
TOKYOTECH_s05,146,7,146.23333333333332,1.9217878580093384,-2.0452312232489844
TOKYOTECH_s05,146,8,146.26666666666668,2.840646266937256,-1.5849051187575325
TOKYOTECH_s05,146,9,146.3,2.503983974456787,-1.202764869853569
TOKYOTECH_s05,146,10,146.33333333333334,1.9918220043182373,-0.9316750960212629
TOKYOTECH_s05,146,11,146.36666666666667,1.5246368646621704,-0.7599553525634233
TOKYOTECH_s05,146,12,146.4,1.0025464296340942,-0.6500771585413295
TOKYOTECH_s05,146,13,146.43333333333334,0.44149860739707947,-0.5632099707805961
TOKYOTECH_s05,146,14,146.46666666666667,0.18770167231559753,-0.4782159211047568
TOKYOTECH_s05,146,15,146.5,0.3610461950302124,-0.39588548557213427
TOKYOTECH_s05,146,16,146.53333333333333,0.5419862270355225,-0.32765088533606507
TOKYOTECH_s05,146,17,146.56666666666666,0.5517010688781738,-0.2776799290578711
TOKYOTECH_s05,146,18,146.6,0.45625343918800354,-0.2314158055317805
TOKYOTECH_s05,146,19,146.63333333333333,0.07984109967947006,-0.15882837964371155
TOKYOTECH_s05,146,20,146.66666666666666,-0.30131733417510986,-0.029524174375098508
TOKYOTECH_s05,146,21,146.7,-0.5823710560798645,0.17124119378077376
TOKYOTECH_s05,146,22,146.73333333333332,-0.8421607613563538,0.4349263183459177
TOKYOTECH_s05,146,23,146.76666666666668,-1.012335181236267,0.7322813807001859
TOKYOTECH_s05,146,24,146.8,-1.0815680027008057,1.0223738884365252
TOKYOTECH_s05,146,25,146.83333333333334,-1.129794955253601,1.263235924459195
TOKYOTECH_s05,146,26,146.86666666666667,-1.1368472576141357,1.4213141189749456
TOKYOTECH_s05,146,27,146.9,-1.1005345582962036,1.4787670066905416
TOKYOTECH_s05,146,28,146.93333333333334,-1.0741504430770874,1.4373825042619637
TOKYOTECH_s05,146,29,146.96666666666667,-1.0982372760772705,1.3170283195634473
TOKYOTECH_s05,146,30,147.0,-1.198359727859497,1.1476490092575922
TOKYOTECH_s05,146,31,147.03333333333333,-1.3446255922317505,0.957421329494365
TOKYOTECH_s05,146,32,147.06666666666666,-1.0891456604003906,0.7634962365908555
TOKYOTECH_s05,146,33,147.1,0.36807185411453247,0.5711273837683641
TOKYOTECH_s05,146,34,147.13333333333333,2.2297778129577637,0.38045100603632465
TOKYOTECH_s05,146,35,147.16666666666666,2.6007583141326904,0.19386128729688112
TOKYOTECH_s05,146,36,147.2,2.0613129138946533,0.017230223554453545
TOKYOTECH_s05,146,37,147.23333333333332,1.4942011833190918,-0.14561536382667772
TOKYOTECH_s05,146,38,147.26666666666668,0.9886375069618225,-0.29915361691819997
TOKYOTECH_s05,146,39,147.3,0.4611954391002655,-0.455871904278728
TOKYOTECH_s05,146,40,147.33333333333334,-0.03280121833086014,-0.6277167773073739
TOKYOTECH_s05,146,41,147.36666666666667,0.0023805834352970123,-0.8146350353190497
TOKYOTECH_s05,146,42,147.4,0.33278319239616394,-0.9978126632545019
TOKYOTECH_s05,146,43,147.43333333333334,0.5539272427558899,-1.1421267898653087
TOKYOTECH_s05,146,44,147.46666666666667,0.5323604345321655,-1.2069758960845245
TOKYOTECH_s05,146,45,147.5,0.20837800204753876,-1.1604498394193015
TOKYOTECH_s05,146,46,147.53333333333333,-0.14835532009601593,-0.990855914559383
TOKYOTECH_s05,146,47,147.56666666666666,-0.47371795773506165,-0.7117096472529177
TOKYOTECH_s05,146,48,147.6,-0.7701675891876221,-0.3595788797529822
TOKYOTECH_s05,146,49,147.63333333333333,-0.9837160706520081,0.013618846378344289
TOKYOTECH_s05,146,50,147.66666666666666,-1.0530823469161987,0.3519848648810841
TOKYOTECH_s05,146,51,147.7,-1.0684248208999634,0.6087452277042313
TOKYOTECH_s05,146,52,147.73333333333332,-1.1169812679290771,0.7578258742720025
TOKYOTECH_s05,146,53,147.76666666666668,-1.1085131168365479,0.7992563815252971
TOKYOTECH_s05,146,54,147.8,-1.0819686651229858,0.7547805707265283
TOKYOTECH_s05,146,55,147.83333333333334,-1.0831351280212402,0.6548090137563757
TOKYOTECH_s05,146,56,147.86666666666667,-1.0454422235488892,0.524247716710131
TOKYOTECH_s05,146,57,147.9,-0.057288676500320435,0.3763026533003904
TOKYOTECH_s05,146,58,147.93333333333334,1.686076045036316,0.21674325813653916
TOKYOTECH_s05,146,59,147.96666666666667,2.490769624710083,0.05247351369747215
TOKYOTECH_s05,146,60,148.0,2.3120734691619873,-0.10434523244203096
TOKYOTECH_s05,146,61,148.03333333333333,1.7326644659042358,-0.24042493422490366
TOKYOTECH_s05,146,62,148.06666666666666,1.1640924215316772,-0.34944167592066333
TOKYOTECH_s05,146,63,148.1,0.665073573589325,-0.4359685233331008
TOKYOTECH_s05,146,64,148.13333333333333,0.16114836931228638,-0.5113139865626102
TOKYOTECH_s05,146,65,148.16666666666666,0.01697511039674282,-0.584354896370691
TOKYOTECH_s05,146,66,148.2,0.21970456838607788,-0.6534694994341362
TOKYOTECH_s05,146,67,148.23333333333332,0.46866634488105774,-0.703937231691958
TOKYOTECH_s05,146,68,148.26666666666668,0.49035778641700745,-0.711555044654613
TOKYOTECH_s05,146,69,148.3,0.21075551211833954,-0.6503519311524852
TOKYOTECH_s05,146,70,148.33333333333334,-0.11053777486085892,-0.5014482135554316
TOKYOTECH_s05,146,71,148.36666666666667,-0.4841006398200989,-0.26079791540553865
TOKYOTECH_s05,146,72,148.4,-0.7491440176963806,0.055640633123786455
TOKYOTECH_s05,146,73,148.43333333333334,-0.9235570430755615,0.41096256833663425
TOKYOTECH_s05,146,74,148.46666666666667,-1.050402045249939,0.7529456508341329
TOKYOTECH_s05,146,75,148.5,-1.1319764852523804,1.027011043849979
TOKYOTECH_s05,146,76,148.53333333333333,-1.1225554943084717,1.1924759382770238
TOKYOTECH_s05,146,77,148.56666666666666,-1.141076922416687,1.2342208404981887
TOKYOTECH_s05,146,78,148.6,-1.1355561017990112,1.1634193584138643
TOKYOTECH_s05,146,79,148.63333333333333,-1.1064382791519165,1.0073414419127174
TOKYOTECH_s05,146,80,148.66666666666666,-1.1476484537124634,0.7951734040699393
TOKYOTECH_s05,146,81,148.7,-1.1043546199798584,0.5489222442874613
TOKYOTECH_s05,146,82,148.73333333333332,-0.08959431946277618,0.2836282367837435
TOKYOTECH_s05,146,83,148.76666666666668,1.8571408987045288,0.013504351583515133
TOKYOTECH_s05,146,84,148.8,2.6633036136627197,-0.2435390039433952
TOKYOTECH_s05,146,85,148.83333333333334,2.3826863765716553,-0.4681520063894099
TOKYOTECH_s05,146,86,148.86666666666667,1.9900054931640625,-0.6467227906872813
TOKYOTECH_s05,146,87,148.9,1.5740035772323608,-0.776679780912857
TOKYOTECH_s05,146,88,148.93333333333334,1.080461025238037,-0.8651718252929985
TOKYOTECH_s05,146,89,148.96666666666667,0.6807633638381958,-0.9224091389933788
TOKYOTECH_s05,146,90,149.0,0.41393908858299255,-0.9549410528343055
TOKYOTECH_s05,146,91,149.03333333333333,0.5044803619384766,-0.9630778174324672
TOKYOTECH_s05,146,92,149.06666666666666,0.6692320108413696,-0.9419179503211591
TOKYOTECH_s05,146,93,149.1,0.6750377416610718,-0.8824362953021012
TOKYOTECH_s05,146,94,149.13333333333333,0.48709872364997864,-0.7713866908389803
TOKYOTECH_s05,146,95,149.16666666666666,0.12912768125534058,-0.5930091508772954
TOKYOTECH_s05,146,96,149.2,-0.1954246610403061,-0.33625651543921986
TOKYOTECH_s05,146,97,149.23333333333332,-0.5290151238441467,-0.006691106114287983
TOKYOTECH_s05,146,98,149.26666666666668,-0.7734355926513672,0.36447395314317527
TOKYOTECH_s05,146,99,149.3,-0.8895239233970642,0.7231472272045824
TOKYOTECH_s05,146,100,149.33333333333334,-1.007090449333191,1.0084752531613261
TOKYOTECH_s05,146,101,149.36666666666667,-1.0295299291610718,1.1741648722366236
TOKYOTECH_s05,146,102,149.4,-0.9947220683097839,1.2035467156320483
TOKYOTECH_s05,146,103,149.43333333333334,-1.005211591720581,1.1113803204464496
TOKYOTECH_s05,146,104,149.46666666666667,-0.9955679774284363,0.9336228652178665
TOKYOTECH_s05,146,105,149.5,-1.0513014793395996,0.7125285024230184
TOKYOTECH_s05,146,106,149.53333333333333,-1.1523500680923462,0.4847402862080719
TOKYOTECH_s05,146,107,149.56666666666666,-0.7115936279296875,0.2757500334246014
TOKYOTECH_s05,146,108,149.6,0.879984438419342,0.09927377811297657
TOKYOTECH_s05,146,109,149.63333333333333,2.2903552055358887,-0.041695915912870106
TOKYOTECH_s05,146,110,149.66666666666666,2.453566312789917,-0.15342087133853918
TOKYOTECH_s05,146,111,149.7,2.048971176147461,-0.24838540554910937
TOKYOTECH_s05,146,112,149.73333333333332,1.5619468688964844,-0.3399958751020515
TOKYOTECH_s05,146,113,149.76666666666668,1.1617059707641602,-0.4367605913090046
TOKYOTECH_s05,146,114,149.8,0.7415813207626343,-0.5391945266512181
TOKYOTECH_s05,146,115,149.83333333333334,0.3708856999874115,-0.6410040776071095
TOKYOTECH_s05,146,116,149.86666666666667,0.42571088671684265,-0.7320566577342328
TOKYOTECH_s05,146,117,149.9,0.6389744281768799,-0.7991283791521779
TOKYOTECH_s05,146,118,149.93333333333334,0.7051973938941956,-0.8242732413866148
TOKYOTECH_s05,146,119,149.96666666666667,0.5362250208854675,-0.7852886169989456
TOKYOTECH_s05,146,120,150.0,0.2524554133415222,-0.6624188337406403
TOKYOTECH_s05,146,121,150.03333333333333,-0.023950114846229553,-0.4500046580375465
TOKYOTECH_s05,146,122,150.06666666666666,-0.3345579504966736,-0.16573169978181412
TOKYOTECH_s05,146,123,150.1,-0.5720596313476562,0.15034463939125636
TOKYOTECH_s05,146,124,150.13333333333333,-0.7364728450775146,0.4477962514244927
TOKYOTECH_s05,146,125,150.16666666666666,-0.8317157030105591,0.6818176864447886
TOKYOTECH_s05,146,126,150.2,-0.8570669293403625,0.8248192634141596
TOKYOTECH_s05,146,127,150.23333333333332,-0.8524454832077026,0.8697936969365196
TOKYOTECH_s05,146,128,150.26666666666668,-0.8707976937294006,0.8272330271091417
TOKYOTECH_s05,146,129,150.3,-0.8952406644821167,0.7196331098416227
TOKYOTECH_s05,146,130,150.33333333333334,-0.9478307962417603,0.5755812837790762
TOKYOTECH_s05,146,131,150.36666666666667,-0.43370991945266724,0.4229082685509031
TOKYOTECH_s05,146,132,150.4,1.060701847076416,0.2810502239030662
TOKYOTECH_s05,146,133,150.43333333333334,2.0051164627075195,0.15527143023427528
TOKYOTECH_s05,146,134,150.46666666666667,1.8618870973587036,0.036416339895971934
TOKYOTECH_s05,146,135,150.5,1.409955382347107,-0.09204878704783653
TOKYOTECH_s05,146,136,150.53333333333333,0.9731614589691162,-0.24201558677298496
TOKYOTECH_s05,146,137,150.56666666666666,0.33165231347084045,-0.4098407871265038
TOKYOTECH_s05,146,138,150.6,-0.2105712741613388,-0.5733461687478444
TOKYOTECH_s05,146,139,150.63333333333333,-0.23836231231689453,-0.6992335995523674
TOKYOTECH_s05,146,140,150.66666666666666,0.09310884773731232,-0.7561959578153982
TOKYOTECH_s05,146,141,150.7,0.385195255279541,-0.7255042086871555
TOKYOTECH_s05,146,142,150.73333333333332,0.34341520071029663,-0.6049686805738906
TOKYOTECH_s05,146,143,150.76666666666668,0.13789863884449005,-0.4083357825116847
TOKYOTECH_s05,146,144,150.8,-0.2203751653432846,-0.1634763575539174
TOKYOTECH_s05,146,145,150.83333333333334,-0.5060770511627197,0.0905160591898621
TOKYOTECH_s05,146,146,150.86666666666667,-0.7759199142456055,0.31025136000937104
TOKYOTECH_s05,146,147,150.9,-0.9895129203796387,0.46040163123174116
TOKYOTECH_s05,146,148,150.93333333333334,-1.0811227560043335,0.5267912066553273
TOKYOTECH_s05,146,149,150.96666666666667,-1.126224160194397,0.5214268458862046
TOKYOTECH_s05,146,150,151.0,-1.1464018821716309,0.47434768145580647
TOKYOTECH_s05,146,151,151.03333333333333,-1.1224308013916016,0.4162390971233084
TOKYOTECH_s05,146,152,151.06666666666666,-1.1097686290740967,0.3630674980727688
TOKYOTECH_s05,146,153,151.1,-0.6757617592811584,0.31291328643667826
TOKYOTECH_s05,146,154,151.13333333333333,0.9199034571647644,0.25525146922925346
TOKYOTECH_s05,146,155,151.16666666666666,2.135006904602051,0.18320054077336342
TOKYOTECH_s05,146,156,151.2,2.2039902210235596,0.09861229414614754
TOKYOTECH_s05,146,157,151.23333333333332,1.941110610961914,0.007424808950434699
TOKYOTECH_s05,146,158,151.26666666666668,1.5031235218048096,-0.0885967374574098
TOKYOTECH_s05,146,159,151.3,1.0128310918807983,-0.19497851565245738
TOKYOTECH_s05,146,160,151.33333333333334,0.6169178485870361,-0.31936197573655795
TOKYOTECH_s05,146,161,151.36666666666667,0.2776285409927368,-0.4625666904697761
TOKYOTECH_s05,146,162,151.4,0.22085325419902802,-0.612962263623549
TOKYOTECH_s05,146,163,151.43333333333334,0.3927285075187683,-0.7478154391231802
TOKYOTECH_s05,146,164,151.46666666666667,0.4963950514793396,-0.839727655791616
TOKYOTECH_s05,146,165,151.5,0.36037835478782654,-0.8633089341382018
TOKYOTECH_s05,146,166,151.53333333333333,0.07589638978242874,-0.7991075264928014
TOKYOTECH_s05,146,167,151.56666666666666,-0.24101586639881134,-0.6359568772085327
TOKYOTECH_s05,146,168,151.6,-0.5178844332695007,-0.3748765572207929
TOKYOTECH_s05,146,169,151.63333333333333,-0.7996416091918945,-0.03488782109554534
TOKYOTECH_s05,146,170,151.66666666666666,-0.9618109464645386,0.3444457982949653
TOKYOTECH_s05,146,171,151.7,-1.0540529489517212,0.7099349713556977
TOKYOTECH_s05,146,172,151.73333333333332,-1.064658284187317,1.0101232960638922
TOKYOTECH_s05,146,173,151.76666666666668,-1.0446853637695312,1.2103419869759673
TOKYOTECH_s05,146,174,151.8,-1.0463060140609741,1.2989470418562619
TOKYOTECH_s05,146,175,151.83333333333334,-1.123339056968689,1.282923541546257
TOKYOTECH_s05,146,176,151.86666666666667,-1.1611655950546265,1.1777776494188525
TOKYOTECH_s05,146,177,151.9,-0.6462165117263794,0.9990295966279082
TOKYOTECH_s05,146,178,151.93333333333334,0.949297308921814,0.7598179356755074
TOKYOTECH_s05,146,179,151.96666666666667,2.2368390560150146,0.4738828103871308
TOKYOTECH_s05,146,180,152.0,2.391947031021118,0.15946774893047472
TOKYOTECH_s05,146,181,152.03333333333333,2.01809024810791,-0.16015644014311317
TOKYOTECH_s05,146,182,152.06666666666666,1.707624912261963,-0.46028061416531096
TOKYOTECH_s05,146,183,152.1,1.39496910572052,-0.7197975190861423
TOKYOTECH_s05,146,184,152.13333333333333,0.9558243155479431,-0.9247917062421964
TOKYOTECH_s05,146,185,152.16666666666666,0.6656701564788818,-1.0697645997921372
TOKYOTECH_s05,146,186,152.2,0.5275253057479858,-1.1571688632287849
TOKYOTECH_s05,146,187,152.23333333333332,0.5645503401756287,-1.1956762411856903
TOKYOTECH_s05,146,188,152.26666666666668,0.62760329246521,-1.1962184337582074
TOKYOTECH_s05,146,189,152.3,0.43963757157325745,-1.1651846358070157
TOKYOTECH_s05,146,190,152.33333333333334,0.23331068456172943,-1.0975043160933793
TOKYOTECH_s05,146,191,152.36666666666667,-0.11082271486520767,-0.9752818017095968
TOKYOTECH_s05,146,192,152.4,-0.48019155859947205,-0.7760811289284995
TOKYOTECH_s05,146,193,152.43333333333334,-0.7187528610229492,-0.4885049965559806
TOKYOTECH_s05,146,194,152.46666666666667,-0.891019880771637,-0.12547326886690754
TOKYOTECH_s05,146,195,152.5,-0.9447142481803894,0.2749207443707505
TOKYOTECH_s05,146,196,152.53333333333333,-0.9854079484939575,0.6621943159964283
TOKYOTECH_s05,146,197,152.56666666666666,-1.049582839012146,0.9912102975542528
TOKYOTECH_s05,146,198,152.6,-1.0179896354675293,1.2344276944084351
TOKYOTECH_s05,146,199,152.63333333333333,-1.0131633281707764,1.383859427162156
TOKYOTECH_s05,146,200,152.66666666666666,-1.130507230758667,1.4448867996141588
TOKYOTECH_s05,146,201,152.7,-1.2765772342681885,1.42774970718689
TOKYOTECH_s05,146,202,152.73333333333332,-1.2138270139694214,1.3415734749039536
TOKYOTECH_s05,146,203,152.76666666666668,-0.26649171113967896,1.1926138597791187
TOKYOTECH_s05,146,204,152.8,1.482936978340149,0.9860277326651177
TOKYOTECH_s05,146,205,152.83333333333334,2.3040149211883545,0.729351807697677
TOKYOTECH_s05,146,206,152.86666666666667,2.2275338172912598,0.43536595009763296
TOKYOTECH_s05,146,207,152.9,1.8379071950912476,0.12237587508899446
TOKYOTECH_s05,146,208,152.93333333333334,1.3686294555664062,-0.1885907873334241
TOKYOTECH_s05,146,209,152.96666666666667,1.0015491247177124,-0.4783697076470009
TOKYOTECH_s05,146,210,153.0,0.6822771430015564,-0.7336236171073791
TOKYOTECH_s05,146,211,153.03333333333333,0.37158024311065674,-0.9479843126338303
TOKYOTECH_s05,146,212,153.06666666666666,0.36628204584121704,-1.1195762565542973
TOKYOTECH_s05,146,213,153.1,0.5514072179794312,-1.2459609290182716
TOKYOTECH_s05,146,214,153.13333333333333,0.5043557286262512,-1.3189548749718472
TOKYOTECH_s05,146,215,153.16666666666666,0.3052592873573303,-1.3224092217193755
TOKYOTECH_s05,146,216,153.2,-0.010433036834001541,-1.2355552636607172
TOKYOTECH_s05,146,217,153.23333333333332,-0.34953537583351135,-1.0422009186172263
TOKYOTECH_s05,146,218,153.26666666666668,-0.5956476926803589,-0.7422706890687859
TOKYOTECH_s05,146,219,153.3,-0.8464081883430481,-0.35945309907482875
TOKYOTECH_s05,146,220,153.33333333333334,-0.9675988554954529,0.06037400581292013
TOKYOTECH_s05,146,221,153.36666666666667,-1.041337251663208,0.46040279808509194
TOKYOTECH_s05,146,222,153.4,-1.0566976070404053,0.7881758213034681
TOKYOTECH_s05,146,223,153.43333333333334,-1.0450326204299927,1.007176243341398
TOKYOTECH_s05,146,224,153.46666666666667,-0.9832975268363953,1.1013055490335764
TOKYOTECH_s05,146,225,153.5,-1.0137689113616943,1.074097748617009
TOKYOTECH_s05,146,226,153.53333333333333,-1.0933575630187988,0.9452453560776247
TOKYOTECH_s05,146,227,153.56666666666666,-1.2130076885223389,0.744899778869153
TOKYOTECH_s05,146,228,153.6,-1.3200135231018066,0.5055550677056969
TOKYOTECH_s05,146,229,153.63333333333333,-0.7903987169265747,0.25330408033955787
TOKYOTECH_s05,146,230,153.66666666666666,0.8767520785331726,0.0028752063658685823
TOKYOTECH_s05,146,231,153.7,2.1457278728485107,-0.23968624288371082
TOKYOTECH_s05,146,232,153.73333333333332,2.151132822036743,-0.46792884978953114
TOKYOTECH_s05,146,233,153.76666666666668,1.701222538948059,-0.6660924887235408
TOKYOTECH_s05,146,234,153.8,1.197555661201477,-0.8074945791987644
TOKYOTECH_s05,146,235,153.83333333333334,0.7658906579017639,-0.8623482244346552
TOKYOTECH_s05,146,236,153.86666666666667,0.3420884311199188,-0.8102671807366155
TOKYOTECH_s05,146,237,153.9,0.07328736037015915,-0.6496489353463097
TOKYOTECH_s05,146,238,153.93333333333334,0.21712225675582886,-0.3995923000440204
TOKYOTECH_s05,146,239,153.96666666666667,0.4230039119720459,-0.09559152854575581
TOKYOTECH_s05,147,0,147.0,-1.198359727859497,-0.07587736092604742
TOKYOTECH_s05,147,1,147.03333333333333,-1.3446255922317505,-1.2167799579594187
TOKYOTECH_s05,147,2,147.06666666666666,-1.0891456604003906,-2.1929538770574335
TOKYOTECH_s05,147,3,147.1,0.36807185411453247,-2.876839665615839
TOKYOTECH_s05,147,4,147.13333333333333,2.2297778129577637,-3.2046064380809645
TOKYOTECH_s05,147,5,147.16666666666666,2.6007583141326904,-3.1859661329899542
TOKYOTECH_s05,147,6,147.2,2.0613129138946533,-2.8940840554172746
TOKYOTECH_s05,147,7,147.23333333333332,1.4942011833190918,-2.4422703073108885
TOKYOTECH_s05,147,8,147.26666666666668,0.9886375069618225,-1.9551032396862273
TOKYOTECH_s05,147,9,147.3,0.4611954391002655,-1.5388408068347101
TOKYOTECH_s05,147,10,147.33333333333334,-0.03280121833086014,-1.2566845998505916
TOKYOTECH_s05,147,11,147.36666666666667,0.0023805834352970123,-1.116170724393598
TOKYOTECH_s05,147,12,147.4,0.33278319239616394,-1.073461094958535
TOKYOTECH_s05,147,13,147.43333333333334,0.5539272427558899,-1.0531080479145405
TOKYOTECH_s05,147,14,147.46666666666667,0.5323604345321655,-0.9758102616391287
TOKYOTECH_s05,147,15,147.5,0.20837800204753876,-0.7842031047476254
TOKYOTECH_s05,147,16,147.53333333333333,-0.14835532009601593,-0.45895850974792063
TOKYOTECH_s05,147,17,147.56666666666666,-0.47371795773506165,-0.02214953521819578
TOKYOTECH_s05,147,18,147.6,-0.7701675891876221,0.4710548667895555
TOKYOTECH_s05,147,19,147.63333333333333,-0.9837160706520081,0.9487989460997799
TOKYOTECH_s05,147,20,147.66666666666666,-1.0530823469161987,1.3422776317779608
TOKYOTECH_s05,147,21,147.7,-1.0684248208999634,1.6035999081732852
TOKYOTECH_s05,147,22,147.73333333333332,-1.1169812679290771,1.7167780495586922
TOKYOTECH_s05,147,23,147.76666666666668,-1.1085131168365479,1.6981283602578379
TOKYOTECH_s05,147,24,147.8,-1.0819686651229858,1.585394628949836
TOKYOTECH_s05,147,25,147.83333333333334,-1.0831351280212402,1.4198810765625391
TOKYOTECH_s05,147,26,147.86666666666667,-1.0454422235488892,1.2307379520132604
TOKYOTECH_s05,147,27,147.9,-0.057288676500320435,1.0301020877109588
TOKYOTECH_s05,147,28,147.93333333333334,1.686076045036316,0.8200507828739709
TOKYOTECH_s05,147,29,147.96666666666667,2.490769624710083,0.6036346916120575
TOKYOTECH_s05,147,30,148.0,2.3120734691619873,0.3902341945768186
TOKYOTECH_s05,147,31,148.03333333333333,1.7326644659042358,0.19135834970510246
TOKYOTECH_s05,147,32,148.06666666666666,1.1640924215316772,0.011993141427568948
TOKYOTECH_s05,147,33,148.1,0.665073573589325,-0.15336721907922116
TOKYOTECH_s05,147,34,148.13333333333333,0.16114836931228638,-0.3157803983265344
TOKYOTECH_s05,147,35,148.16666666666666,0.01697511039674282,-0.481750643892419
TOKYOTECH_s05,147,36,148.2,0.21970456838607788,-0.6450183578708076
TOKYOTECH_s05,147,37,148.23333333333332,0.46866634488105774,-0.7850728179039664
TOKYOTECH_s05,147,38,148.26666666666668,0.49035778641700745,-0.8727343155585369
TOKYOTECH_s05,147,39,148.3,0.21075551211833954,-0.8796768675621174
TOKYOTECH_s05,147,40,148.33333333333334,-0.11053777486085892,-0.7879970606197391
TOKYOTECH_s05,147,41,148.36666666666667,-0.4841006398200989,-0.5972361941272629
TOKYOTECH_s05,147,42,148.4,-0.7491440176963806,-0.32775772320063257
TOKYOTECH_s05,147,43,148.43333333333334,-0.9235570430755615,-0.019498581771067305
TOKYOTECH_s05,147,44,148.46666666666667,-1.050402045249939,0.2756701875756978
TOKYOTECH_s05,147,45,148.5,-1.1319764852523804,0.5080956795095175
TOKYOTECH_s05,147,46,148.53333333333333,-1.1225554943084717,0.645955645762405
TOKYOTECH_s05,147,47,148.56666666666666,-1.141076922416687,0.6838293261810909
TOKYOTECH_s05,147,48,148.6,-1.1355561017990112,0.63894719146331
TOKYOTECH_s05,147,49,148.63333333333333,-1.1064382791519165,0.5376562004796936
TOKYOTECH_s05,147,50,148.66666666666666,-1.1476484537124634,0.40114178829011626
TOKYOTECH_s05,147,51,148.7,-1.1043546199798584,0.23963864542723068
TOKYOTECH_s05,147,52,148.73333333333332,-0.08959431946277618,0.05755502097392154
TOKYOTECH_s05,147,53,148.76666666666668,1.8571408987045288,-0.1364183394392264
TOKYOTECH_s05,147,54,148.8,2.6633036136627197,-0.323486663280649
TOKYOTECH_s05,147,55,148.83333333333334,2.3826863765716553,-0.4786058923058084
TOKYOTECH_s05,147,56,148.86666666666667,1.9900054931640625,-0.5812409034662834
TOKYOTECH_s05,147,57,148.9,1.5740035772323608,-0.6247970147054497
TOKYOTECH_s05,147,58,148.93333333333334,1.080461025238037,-0.6184478122493837
TOKYOTECH_s05,147,59,148.96666666666667,0.6807633638381958,-0.5814799228461349
TOKYOTECH_s05,147,60,149.0,0.41393908858299255,-0.5350535333149989
TOKYOTECH_s05,147,61,149.03333333333333,0.5044803619384766,-0.4960057549319626
TOKYOTECH_s05,147,62,149.06666666666666,0.6692320108413696,-0.47307264122156667
TOKYOTECH_s05,147,63,149.1,0.6750377416610718,-0.46327055333451067
TOKYOTECH_s05,147,64,149.13333333333333,0.48709872364997864,-0.44880524069460054
TOKYOTECH_s05,147,65,149.16666666666666,0.12912768125534058,-0.39886004450373014
TOKYOTECH_s05,147,66,149.2,-0.1954246610403061,-0.28018568021921925
TOKYOTECH_s05,147,67,149.23333333333332,-0.5290151238441467,-0.0744882575716808
TOKYOTECH_s05,147,68,149.26666666666668,-0.7734355926513672,0.2067628842968244
TOKYOTECH_s05,147,69,149.3,-0.8895239233970642,0.5208186909385125
TOKYOTECH_s05,147,70,149.33333333333334,-1.007090449333191,0.8080680440012605
TOKYOTECH_s05,147,71,149.36666666666667,-1.0295299291610718,1.014389367012747
TOKYOTECH_s05,147,72,149.4,-0.9947220683097839,1.1091233996411194
TOKYOTECH_s05,147,73,149.43333333333334,-1.005211591720581,1.0904236837125039
TOKYOTECH_s05,147,74,149.46666666666667,-0.9955679774284363,0.9783800805278439
TOKYOTECH_s05,147,75,149.5,-1.0513014793395996,0.8030188476621406
TOKYOTECH_s05,147,76,149.53333333333333,-1.1523500680923462,0.5946099482598919
TOKYOTECH_s05,147,77,149.56666666666666,-0.7115936279296875,0.3791070314919311
TOKYOTECH_s05,147,78,149.6,0.879984438419342,0.17664641891482166
TOKYOTECH_s05,147,79,149.63333333333333,2.2903552055358887,-0.00019102612509480296
TOKYOTECH_s05,147,80,149.66666666666666,2.453566312789917,-0.14863271586626955
TOKYOTECH_s05,147,81,149.7,2.048971176147461,-0.2756606103152566
TOKYOTECH_s05,147,82,149.73333333333332,1.5619468688964844,-0.3936218580851631
TOKYOTECH_s05,147,83,149.76666666666668,1.1617059707641602,-0.5131336820978708
TOKYOTECH_s05,147,84,149.8,0.7415813207626343,-0.6376400693015807
TOKYOTECH_s05,147,85,149.83333333333334,0.3708856999874115,-0.7625900416100964
TOKYOTECH_s05,147,86,149.86666666666667,0.42571088671684265,-0.8773289458351179
TOKYOTECH_s05,147,87,149.9,0.6389744281768799,-0.9654799618877872
TOKYOTECH_s05,147,88,149.93333333333334,0.7051973938941956,-1.0036091654306447
TOKYOTECH_s05,147,89,149.96666666666667,0.5362250208854675,-0.9630148432713753
TOKYOTECH_s05,147,90,150.0,0.2524554133415222,-0.8188027545732323
TOKYOTECH_s05,147,91,150.03333333333333,-0.023950114846229553,-0.5640601887910225
TOKYOTECH_s05,147,92,150.06666666666666,-0.3345579504966736,-0.2203126791781652
TOKYOTECH_s05,147,93,150.1,-0.5720596313476562,0.16444621301647128
TOKYOTECH_s05,147,94,150.13333333333333,-0.7364728450775146,0.5302673222821066
TOKYOTECH_s05,147,95,150.16666666666666,-0.8317157030105591,0.8236790571730995
TOKYOTECH_s05,147,96,150.2,-0.8570669293403625,1.010806354478244
TOKYOTECH_s05,147,97,150.23333333333332,-0.8524454832077026,1.0815155665326186
TOKYOTECH_s05,147,98,150.26666666666668,-0.8707976937294006,1.0463544429299263
TOKYOTECH_s05,147,99,150.3,-0.8952406644821167,0.930055115735747
TOKYOTECH_s05,147,100,150.33333333333334,-0.9478307962417603,0.7641270473288987
TOKYOTECH_s05,147,101,150.36666666666667,-0.43370991945266724,0.5791932842078445
TOKYOTECH_s05,147,102,150.4,1.060701847076416,0.3976053844653699
TOKYOTECH_s05,147,103,150.43333333333334,2.0051164627075195,0.22823780959471085
TOKYOTECH_s05,147,104,150.46666666666667,1.8618870973587036,0.06630570994899065
TOKYOTECH_s05,147,105,150.5,1.409955382347107,-0.10022409203507972
TOKYOTECH_s05,147,106,150.53333333333333,0.9731614589691162,-0.27970471646145334
TOKYOTECH_s05,147,107,150.56666666666666,0.33165231347084045,-0.4670672534729768
TOKYOTECH_s05,147,108,150.6,-0.2105712741613388,-0.6414807649223949
TOKYOTECH_s05,147,109,150.63333333333333,-0.23836231231689453,-0.7734387123574995
TOKYOTECH_s05,147,110,150.66666666666666,0.09310884773731232,-0.8364860261874353
TOKYOTECH_s05,147,111,150.7,0.385195255279541,-0.8158514130823118
TOKYOTECH_s05,147,112,150.73333333333332,0.34341520071029663,-0.7106701808358771
TOKYOTECH_s05,147,113,150.76666666666668,0.13789863884449005,-0.5326019260293754
TOKYOTECH_s05,147,114,150.8,-0.2203751653432846,-0.30462201027956426
TOKYOTECH_s05,147,115,150.83333333333334,-0.5060770511627197,-0.06002237013913633
TOKYOTECH_s05,147,116,150.86666666666667,-0.7759199142456055,0.16196560706575924
TOKYOTECH_s05,147,117,150.9,-0.9895129203796387,0.32645872934184145
TOKYOTECH_s05,147,118,150.93333333333334,-1.0811227560043335,0.4156598696361564
TOKYOTECH_s05,147,119,150.96666666666667,-1.126224160194397,0.4359240876213547
TOKYOTECH_s05,147,120,151.0,-1.1464018821716309,0.41339791995953207
TOKYOTECH_s05,147,121,151.03333333333333,-1.1224308013916016,0.38004411961877493
TOKYOTECH_s05,147,122,151.06666666666666,-1.1097686290740967,0.35853047417046974
TOKYOTECH_s05,147,123,151.1,-0.6757617592811584,0.3548070870592468
TOKYOTECH_s05,147,124,151.13333333333333,0.9199034571647644,0.3605782393441038
TOKYOTECH_s05,147,125,151.16666666666666,2.135006904602051,0.36067848100190936
TOKYOTECH_s05,147,126,151.2,2.2039902210235596,0.3390231187523152
TOKYOTECH_s05,147,127,151.23333333333332,1.941110610961914,0.2808702303818106
TOKYOTECH_s05,147,128,151.26666666666668,1.5031235218048096,0.17395535011939742
TOKYOTECH_s05,147,129,151.3,1.0128310918807983,0.012119824306998251
TOKYOTECH_s05,147,130,151.33333333333334,0.6169178485870361,-0.19871038191047904
TOKYOTECH_s05,147,131,151.36666666666667,0.2776285409927368,-0.4366292634614393
TOKYOTECH_s05,147,132,151.4,0.22085325419902802,-0.6664240594188993
TOKYOTECH_s05,147,133,151.43333333333334,0.3927285075187683,-0.8489668411606724
TOKYOTECH_s05,147,134,151.46666666666667,0.4963950514793396,-0.9522672835957497
TOKYOTECH_s05,147,135,151.5,0.36037835478782654,-0.9578088273036401
TOKYOTECH_s05,147,136,151.53333333333333,0.07589638978242874,-0.8601576030785285
TOKYOTECH_s05,147,137,151.56666666666666,-0.24101586639881134,-0.6636808162423695
TOKYOTECH_s05,147,138,151.6,-0.5178844332695007,-0.38193420573647013
TOKYOTECH_s05,147,139,151.63333333333333,-0.7996416091918945,-0.04106520942407376
TOKYOTECH_s05,147,140,151.66666666666666,-0.9618109464645386,0.318182697234602
TOKYOTECH_s05,147,141,151.7,-1.0540529489517212,0.646715625050781
TOKYOTECH_s05,147,142,151.73333333333332,-1.064658284187317,0.9011041936837051
TOKYOTECH_s05,147,143,151.76666666666668,-1.0446853637695312,1.0569101622873533
TOKYOTECH_s05,147,144,151.8,-1.0463060140609741,1.1130634139920712
TOKYOTECH_s05,147,145,151.83333333333334,-1.123339056968689,1.0857326422725848
TOKYOTECH_s05,147,146,151.86666666666667,-1.1611655950546265,0.9967091309215628
TOKYOTECH_s05,147,147,151.9,-0.6462165117263794,0.8635981114108064
TOKYOTECH_s05,147,148,151.93333333333334,0.949297308921814,0.6964632310795487
TOKYOTECH_s05,147,149,151.96666666666667,2.2368390560150146,0.5005914217932974
TOKYOTECH_s05,147,150,152.0,2.391947031021118,0.28137093460135354
TOKYOTECH_s05,147,151,152.03333333333333,2.01809024810791,0.04710805691260104
TOKYOTECH_s05,147,152,152.06666666666666,1.707624912261963,-0.19143478097838504
TOKYOTECH_s05,147,153,152.1,1.39496910572052,-0.4230490557783268
TOKYOTECH_s05,147,154,152.13333333333333,0.9558243155479431,-0.6376141793287888
TOKYOTECH_s05,147,155,152.16666666666666,0.6656701564788818,-0.8266703492156631
TOKYOTECH_s05,147,156,152.2,0.5275253057479858,-0.9836382016305272
TOKYOTECH_s05,147,157,152.23333333333332,0.5645503401756287,-1.1037878605921754
TOKYOTECH_s05,147,158,152.26666666666668,0.62760329246521,-1.182725111602626
TOKYOTECH_s05,147,159,152.3,0.43963757157325745,-1.2126333626409926
TOKYOTECH_s05,147,160,152.33333333333334,0.23331068456172943,-1.1787438584246799
TOKYOTECH_s05,147,161,152.36666666666667,-0.11082271486520767,-1.0609358013761574
TOKYOTECH_s05,147,162,152.4,-0.48019155859947205,-0.843197672236173
TOKYOTECH_s05,147,163,152.43333333333334,-0.7187528610229492,-0.5274003075162337
TOKYOTECH_s05,147,164,152.46666666666667,-0.891019880771637,-0.14194810823599324
TOKYOTECH_s05,147,165,152.5,-0.9447142481803894,0.2630497897590184
TOKYOTECH_s05,147,166,152.53333333333333,-0.9854079484939575,0.6328967501319406
TOKYOTECH_s05,147,167,152.56666666666666,-1.049582839012146,0.9272206316534156
TOKYOTECH_s05,147,168,152.6,-1.0179896354675293,1.1298694039680135
TOKYOTECH_s05,147,169,152.63333333333333,-1.0131633281707764,1.2461357063465344
TOKYOTECH_s05,147,170,152.66666666666666,-1.130507230758667,1.291544333303436
TOKYOTECH_s05,147,171,152.7,-1.2765772342681885,1.2800532107783966
TOKYOTECH_s05,147,172,152.73333333333332,-1.2138270139694214,1.217592170817189
TOKYOTECH_s05,147,173,152.76666666666668,-0.26649171113967896,1.1023328976735953
TOKYOTECH_s05,147,174,152.8,1.482936978340149,0.9296831143028155
TOKYOTECH_s05,147,175,152.83333333333334,2.3040149211883545,0.6987226077970226
TOKYOTECH_s05,147,176,152.86666666666667,2.2275338172912598,0.41698657899251074
TOKYOTECH_s05,147,177,152.9,1.8379071950912476,0.10157151667993937
TOKYOTECH_s05,147,178,152.93333333333334,1.3686294555664062,-0.22390368924007287
TOKYOTECH_s05,147,179,152.96666666666667,1.0015491247177124,-0.5352067309801561
TOKYOTECH_s05,147,180,153.0,0.6822771430015564,-0.8135319960729016
TOKYOTECH_s05,147,181,153.03333333333333,0.37158024311065674,-1.0485533981692567
TOKYOTECH_s05,147,182,153.06666666666666,0.36628204584121704,-1.2365791837258422
TOKYOTECH_s05,147,183,153.1,0.5514072179794312,-1.374277446772998
TOKYOTECH_s05,147,184,153.13333333333333,0.5043557286262512,-1.451042103259327
TOKYOTECH_s05,147,185,153.16666666666666,0.3052592873573303,-1.4449430924171958
TOKYOTECH_s05,147,186,153.2,-0.010433036834001541,-1.3270409049095933
TOKYOTECH_s05,147,187,153.23333333333332,-0.34953537583351135,-1.0748882953691903
TOKYOTECH_s05,147,188,153.26666666666668,-0.5956476926803589,-0.6891974823195223
TOKYOTECH_s05,147,189,153.3,-0.8464081883430481,-0.20359537861986565
TOKYOTECH_s05,147,190,153.33333333333334,-0.9675988554954529,0.3194006257448139
TOKYOTECH_s05,147,191,153.36666666666667,-1.041337251663208,0.8049497595017336
TOKYOTECH_s05,147,192,153.4,-1.0566976070404053,1.186668864657178
TOKYOTECH_s05,147,193,153.43333333333334,-1.0450326204299927,1.4220044703035206
TOKYOTECH_s05,147,194,153.46666666666667,-0.9832975268363953,1.4976279612822583
TOKYOTECH_s05,147,195,153.5,-1.0137689113616943,1.426493386662842
TOKYOTECH_s05,147,196,153.53333333333333,-1.0933575630187988,1.24044243764343
TOKYOTECH_s05,147,197,153.56666666666666,-1.2130076885223389,0.9811309152310836
TOKYOTECH_s05,147,198,153.6,-1.3200135231018066,0.6907427959571186
TOKYOTECH_s05,147,199,153.63333333333333,-0.7903987169265747,0.403996925760396
TOKYOTECH_s05,147,200,153.66666666666666,0.8767520785331726,0.14373607522368037
TOKYOTECH_s05,147,201,153.7,2.1457278728485107,-0.07835619422229362
TOKYOTECH_s05,147,202,153.73333333333332,2.151132822036743,-0.2575528536566207
TOKYOTECH_s05,147,203,153.76666666666668,1.701222538948059,-0.3927383511639337
TOKYOTECH_s05,147,204,153.8,1.197555661201477,-0.4872488383081389
TOKYOTECH_s05,147,205,153.83333333333334,0.7658906579017639,-0.55271708589603
TOKYOTECH_s05,147,206,153.86666666666667,0.3420884311199188,-0.6101483261111328
TOKYOTECH_s05,147,207,153.9,0.07328736037015915,-0.6827803506235836
TOKYOTECH_s05,147,208,153.93333333333334,0.21712225675582886,-0.7820250610784332
TOKYOTECH_s05,147,209,153.96666666666667,0.4230039119720459,-0.8951591834078583
TOKYOTECH_s05,147,210,154.0,0.43210434913635254,-0.9845116501711959
TOKYOTECH_s05,147,211,154.03333333333333,0.234548419713974,-1.0013394422472837
TOKYOTECH_s05,147,212,154.06666666666666,-0.05989770591259003,-0.9076782554827886
TOKYOTECH_s05,147,213,154.1,-0.38276708126068115,-0.6940194000868334
TOKYOTECH_s05,147,214,154.13333333333333,-0.621791422367096,-0.38420203613648174
TOKYOTECH_s05,147,215,154.16666666666666,-0.8313595652580261,-0.027018250773482702
TOKYOTECH_s05,147,216,154.2,-0.9913561344146729,0.32008383347912267
TOKYOTECH_s05,147,217,154.23333333333332,-1.0530378818511963,0.608058032090742
TOKYOTECH_s05,147,218,154.26666666666668,-1.048763632774353,0.8081245675080422
TOKYOTECH_s05,147,219,154.3,-1.0377309322357178,0.9152957756732142
TOKYOTECH_s05,147,220,154.33333333333334,-1.102502465248108,0.94367720658723
TOKYOTECH_s05,147,221,154.36666666666667,-1.112074851989746,0.9163419782967512
TOKYOTECH_s05,147,222,154.4,-1.174103856086731,0.8540941120292314
TOKYOTECH_s05,147,223,154.43333333333334,-0.9419894218444824,0.7677503367331746
TOKYOTECH_s05,147,224,154.46666666666667,0.3894694447517395,0.6574882370290848
TOKYOTECH_s05,147,225,154.5,1.8631515502929688,0.5195078056963266
TOKYOTECH_s05,147,226,154.53333333333333,2.1207773685455322,0.35542690573205393
TOKYOTECH_s05,147,227,154.56666666666666,1.6793798208236694,0.17728095815011632
TOKYOTECH_s05,147,228,154.6,1.2108055353164673,0.0037426859957655385
TOKYOTECH_s05,147,229,154.63333333333333,0.8284984230995178,-0.15027584713682351
TOKYOTECH_s05,147,230,154.66666666666666,0.279213547706604,-0.2826920509528728
TOKYOTECH_s05,147,231,154.7,-0.05979975685477257,-0.40399214331662436
TOKYOTECH_s05,147,232,154.73333333333332,-0.1104932501912117,-0.5264958302599183
TOKYOTECH_s05,147,233,154.76666666666668,0.1416652500629425,-0.6503359202240137
TOKYOTECH_s05,147,234,154.8,0.3115993142127991,-0.7563999166730339
TOKYOTECH_s05,147,235,154.83333333333334,0.23504707217216492,-0.8120014330894687
TOKYOTECH_s05,147,236,154.86666666666667,-0.08587222546339035,-0.786107004956939
TOKYOTECH_s05,147,237,154.9,-0.40798473358154297,-0.6647762735104779
TOKYOTECH_s05,147,238,154.93333333333334,-0.7082098722457886,-0.4588955134521055
TOKYOTECH_s05,147,239,154.96666666666667,-0.9705730080604553,-0.20208450088659446
TOKYOTECH_s05,148,0,148.0,2.3120734691619873,-0.08748633943489653
TOKYOTECH_s05,148,1,148.03333333333333,1.7326644659042358,-1.5755813324482246
TOKYOTECH_s05,148,2,148.06666666666666,1.1640924215316772,-2.836797302697777
TOKYOTECH_s05,148,3,148.1,0.665073573589325,-3.7034840673196827
TOKYOTECH_s05,148,4,148.13333333333333,0.16114836931228638,-4.105411558426946
TOKYOTECH_s05,148,5,148.16666666666666,0.01697511039674282,-4.076603799716237
TOKYOTECH_s05,148,6,148.2,0.21970456838607788,-3.7271148763112745
TOKYOTECH_s05,148,7,148.23333333333332,0.46866634488105774,-3.1954756798593
TOKYOTECH_s05,148,8,148.26666666666668,0.49035778641700745,-2.6034398635046863
TOKYOTECH_s05,148,9,148.3,0.21075551211833954,-2.0284024948419037
TOKYOTECH_s05,148,10,148.33333333333334,-0.11053777486085892,-1.4984738975183098
TOKYOTECH_s05,148,11,148.36666666666667,-0.4841006398200989,-1.006274636936494
TOKYOTECH_s05,148,12,148.4,-0.7491440176963806,-0.5323450394847413
TOKYOTECH_s05,148,13,148.43333333333334,-0.9235570430755615,-0.06727838457304544
TOKYOTECH_s05,148,14,148.46666666666667,-1.050402045249939,0.37722039374400573
TOKYOTECH_s05,148,15,148.5,-1.1319764852523804,0.7726832029904156
TOKYOTECH_s05,148,16,148.53333333333333,-1.1225554943084717,1.0888379328889146
TOKYOTECH_s05,148,17,148.56666666666666,-1.141076922416687,1.3080421502136104
TOKYOTECH_s05,148,18,148.6,-1.1355561017990112,1.429964980915286
TOKYOTECH_s05,148,19,148.63333333333333,-1.1064382791519165,1.4653959844026232
TOKYOTECH_s05,148,20,148.66666666666666,-1.1476484537124634,1.426030018100265
TOKYOTECH_s05,148,21,148.7,-1.1043546199798584,1.3191291510759995
TOKYOTECH_s05,148,22,148.73333333333332,-0.08959431946277618,1.1506545185677666
TOKYOTECH_s05,148,23,148.76666666666668,1.8571408987045288,0.9328243433234923
TOKYOTECH_s05,148,24,148.8,2.6633036136627197,0.6885015258306704
TOKYOTECH_s05,148,25,148.83333333333334,2.3826863765716553,0.44756923799588844
TOKYOTECH_s05,148,26,148.86666666666667,1.9900054931640625,0.2371205696593153
TOKYOTECH_s05,148,27,148.9,1.5740035772323608,0.0721878152518714
TOKYOTECH_s05,148,28,148.93333333333334,1.080461025238037,-0.047225976398481195
TOKYOTECH_s05,148,29,148.96666666666667,0.6807633638381958,-0.13216223417634546
TOKYOTECH_s05,148,30,149.0,0.41393908858299255,-0.19771898228138352
TOKYOTECH_s05,148,31,149.03333333333333,0.5044803619384766,-0.2574657012182836
TOKYOTECH_s05,148,32,149.06666666666666,0.6692320108413696,-0.32002297165444754
TOKYOTECH_s05,148,33,149.1,0.6750377416610718,-0.38570183518978796
TOKYOTECH_s05,148,34,149.13333333333333,0.48709872364997864,-0.4428736478744167
TOKYOTECH_s05,148,35,149.16666666666666,0.12912768125534058,-0.4676354716295659
TOKYOTECH_s05,148,36,149.2,-0.1954246610403061,-0.43125805149480734
TOKYOTECH_s05,148,37,149.23333333333332,-0.5290151238441467,-0.3151621255690009
TOKYOTECH_s05,148,38,149.26666666666668,-0.7734355926513672,-0.12528723893955088
TOKYOTECH_s05,148,39,149.3,-0.8895239233970642,0.10491455541608091
TOKYOTECH_s05,148,40,149.33333333333334,-1.007090449333191,0.32623383306159076
TOKYOTECH_s05,148,41,149.36666666666667,-1.0295299291610718,0.4931443303136581
TOKYOTECH_s05,148,42,149.4,-0.9947220683097839,0.5797695170386046
TOKYOTECH_s05,148,43,149.43333333333334,-1.005211591720581,0.5849468482071805
TOKYOTECH_s05,148,44,149.46666666666667,-0.9955679774284363,0.5263799683830384
TOKYOTECH_s05,148,45,149.5,-1.0513014793395996,0.4296085636382764
TOKYOTECH_s05,148,46,149.53333333333333,-1.1523500680923462,0.318252441338258
TOKYOTECH_s05,148,47,149.56666666666666,-0.7115936279296875,0.2087557834974805
TOKYOTECH_s05,148,48,149.6,0.879984438419342,0.1090528917992431
TOKYOTECH_s05,148,49,149.63333333333333,2.2903552055358887,0.019053699155414855
TOKYOTECH_s05,148,50,149.66666666666666,2.453566312789917,-0.06785329659890932
TOKYOTECH_s05,148,51,149.7,2.048971176147461,-0.16153121021055383
TOKYOTECH_s05,148,52,149.73333333333332,1.5619468688964844,-0.26998022156181084
TOKYOTECH_s05,148,53,149.76666666666668,1.1617059707641602,-0.39445130116853583
TOKYOTECH_s05,148,54,149.8,0.7415813207626343,-0.5279537584331855
TOKYOTECH_s05,148,55,149.83333333333334,0.3708856999874115,-0.6582511817006047
TOKYOTECH_s05,148,56,149.86666666666667,0.42571088671684265,-0.7720938924163977
TOKYOTECH_s05,148,57,149.9,0.6389744281768799,-0.8560107854198871
TOKYOTECH_s05,148,58,149.93333333333334,0.7051973938941956,-0.8934388055142904
TOKYOTECH_s05,148,59,149.96666666666667,0.5362250208854675,-0.8633512484950981
TOKYOTECH_s05,148,60,150.0,0.2524554133415222,-0.7455724726677518
TOKYOTECH_s05,148,61,150.03333333333333,-0.023950114846229553,-0.5322113632965808
TOKYOTECH_s05,148,62,150.06666666666666,-0.3345579504966736,-0.2377960035962373
TOKYOTECH_s05,148,63,150.1,-0.5720596313476562,0.1002927718075054
TOKYOTECH_s05,148,64,150.13333333333333,-0.7364728450775146,0.432309012679645
TOKYOTECH_s05,148,65,150.16666666666666,-0.8317157030105591,0.7108771271106885
TOKYOTECH_s05,148,66,150.2,-0.8570669293403625,0.9023969115397673
TOKYOTECH_s05,148,67,150.23333333333332,-0.8524454832077026,0.9920019165305136
TOKYOTECH_s05,148,68,150.26666666666668,-0.8707976937294006,0.9831637060065723
TOKYOTECH_s05,148,69,150.3,-0.8952406644821167,0.8942241414669825
TOKYOTECH_s05,148,70,150.33333333333334,-0.9478307962417603,0.7528292628084525
TOKYOTECH_s05,148,71,150.36666666666667,-0.43370991945266724,0.5882442380337293
TOKYOTECH_s05,148,72,150.4,1.060701847076416,0.42282467477224855
TOKYOTECH_s05,148,73,150.43333333333334,2.0051164627075195,0.2659313265638925
TOKYOTECH_s05,148,74,150.46666666666667,1.8618870973587036,0.11369286964591892
TOKYOTECH_s05,148,75,150.5,1.409955382347107,-0.04440511901539888
TOKYOTECH_s05,148,76,150.53333333333333,0.9731614589691162,-0.2149199734326627
TOKYOTECH_s05,148,77,150.56666666666666,0.33165231347084045,-0.3916325928904633
TOKYOTECH_s05,148,78,150.6,-0.2105712741613388,-0.5542314238763064
TOKYOTECH_s05,148,79,150.63333333333333,-0.23836231231689453,-0.675907385157822
TOKYOTECH_s05,148,80,150.66666666666666,0.09310884773731232,-0.7347268309205132
TOKYOTECH_s05,148,81,150.7,0.385195255279541,-0.721065504763454
TOKYOTECH_s05,148,82,150.73333333333332,0.34341520071029663,-0.6380357127537569
TOKYOTECH_s05,148,83,150.76666666666668,0.13789863884449005,-0.49813497806924134
TOKYOTECH_s05,148,84,150.8,-0.2203751653432846,-0.3205339185950029
TOKYOTECH_s05,148,85,150.83333333333334,-0.5060770511627197,-0.12971532430296812
TOKYOTECH_s05,148,86,150.86666666666667,-0.7759199142456055,0.04774189988988848
TOKYOTECH_s05,148,87,150.9,-0.9895129203796387,0.19075659109845858
TOKYOTECH_s05,148,88,150.93333333333334,-1.0811227560043335,0.29250961642230217
TOKYOTECH_s05,148,89,150.96666666666667,-1.126224160194397,0.36299345219807155
TOKYOTECH_s05,148,90,151.0,-1.1464018821716309,0.42116235388771
TOKYOTECH_s05,148,91,151.03333333333333,-1.1224308013916016,0.4805489176848551
TOKYOTECH_s05,148,92,151.06666666666666,-1.1097686290740967,0.5382025763919882
TOKYOTECH_s05,148,93,151.1,-0.6757617592811584,0.5752174442895298
TOKYOTECH_s05,148,94,151.13333333333333,0.9199034571647644,0.5681667290332127
TOKYOTECH_s05,148,95,151.16666666666666,2.135006904602051,0.5025234346337967
TOKYOTECH_s05,148,96,151.2,2.2039902210235596,0.3790583529323518
TOKYOTECH_s05,148,97,151.23333333333332,1.941110610961914,0.2108282969759774
TOKYOTECH_s05,148,98,151.26666666666668,1.5031235218048096,0.015398381457159344
TOKYOTECH_s05,148,99,151.3,1.0128310918807983,-0.19092764887297006
TOKYOTECH_s05,148,100,151.33333333333334,0.6169178485870361,-0.39395662029531303
TOKYOTECH_s05,148,101,151.36666666666667,0.2776285409927368,-0.5798329570470877
TOKYOTECH_s05,148,102,151.4,0.22085325419902802,-0.7343997170753181
TOKYOTECH_s05,148,103,151.43333333333334,0.3927285075187683,-0.8449589461770031
TOKYOTECH_s05,148,104,151.46666666666667,0.4963950514793396,-0.9023500042308127
TOKYOTECH_s05,148,105,151.5,0.36037835478782654,-0.9005067403865386
TOKYOTECH_s05,148,106,151.53333333333333,0.07589638978242874,-0.8335878847977721
TOKYOTECH_s05,148,107,151.56666666666666,-0.24101586639881134,-0.6944310116335616
TOKYOTECH_s05,148,108,151.6,-0.5178844332695007,-0.4784404545293527
TOKYOTECH_s05,148,109,151.63333333333333,-0.7996416091918945,-0.1925190921157377
TOKYOTECH_s05,148,110,151.66666666666666,-0.9618109464645386,0.13784261821036506
TOKYOTECH_s05,148,111,151.7,-1.0540529489517212,0.47126040205339226
TOKYOTECH_s05,148,112,151.73333333333332,-1.064658284187317,0.7631767161525779
TOKYOTECH_s05,148,113,151.76666666666668,-1.0446853637695312,0.9803417381551655
TOKYOTECH_s05,148,114,151.8,-1.0463060140609741,1.1082168083698518
TOKYOTECH_s05,148,115,151.83333333333334,-1.123339056968689,1.1486269467556842
TOKYOTECH_s05,148,116,151.86666666666667,-1.1611655950546265,1.1116217065518401
TOKYOTECH_s05,148,117,151.9,-0.6462165117263794,1.0081100452679572
TOKYOTECH_s05,148,118,151.93333333333334,0.949297308921814,0.8474161170359618
TOKYOTECH_s05,148,119,151.96666666666667,2.2368390560150146,0.6392555375975243
TOKYOTECH_s05,148,120,152.0,2.391947031021118,0.39657627788558
TOKYOTECH_s05,148,121,152.03333333333333,2.01809024810791,0.13602380968567046
TOKYOTECH_s05,148,122,152.06666666666666,1.707624912261963,-0.12435721920807526
TOKYOTECH_s05,148,123,152.1,1.39496910572052,-0.36817766143873426
TOKYOTECH_s05,148,124,152.13333333333333,0.9558243155479431,-0.582753735391106
TOKYOTECH_s05,148,125,152.16666666666666,0.6656701564788818,-0.7600597866736944
TOKYOTECH_s05,148,126,152.2,0.5275253057479858,-0.8972403139398799
TOKYOTECH_s05,148,127,152.23333333333332,0.5645503401756287,-0.9964150084981201
TOKYOTECH_s05,148,128,152.26666666666668,0.62760329246521,-1.062112713129499
TOKYOTECH_s05,148,129,152.3,0.43963757157325745,-1.095438349636912
TOKYOTECH_s05,148,130,152.33333333333334,0.23331068456172943,-1.0877684498720361
TOKYOTECH_s05,148,131,152.36666666666667,-0.11082271486520767,-1.0196990395262095
TOKYOTECH_s05,148,132,152.4,-0.48019155859947205,-0.8691427552395
TOKYOTECH_s05,148,133,152.43333333333334,-0.7187528610229492,-0.6259870088177594
TOKYOTECH_s05,148,134,152.46666666666667,-0.891019880771637,-0.3039404653914467
TOKYOTECH_s05,148,135,152.5,-0.9447142481803894,0.059857288542982195
TOKYOTECH_s05,148,136,152.53333333333333,-0.9854079484939575,0.41801455960529865
TOKYOTECH_s05,148,137,152.56666666666666,-1.049582839012146,0.7299344508880029
TOKYOTECH_s05,148,138,152.6,-1.0179896354675293,0.9725388598545234
TOKYOTECH_s05,148,139,152.63333333333333,-1.0131633281707764,1.1404475474715676
TOKYOTECH_s05,148,140,152.66666666666666,-1.130507230758667,1.2384820074853087
TOKYOTECH_s05,148,141,152.7,-1.2765772342681885,1.2728532845005445
TOKYOTECH_s05,148,142,152.73333333333332,-1.2138270139694214,1.2459626352837252
TOKYOTECH_s05,148,143,152.76666666666668,-0.26649171113967896,1.156077095023417
TOKYOTECH_s05,148,144,152.8,1.482936978340149,1.0005704122405943
TOKYOTECH_s05,148,145,152.83333333333334,2.3040149211883545,0.7804815490805082
TOKYOTECH_s05,148,146,152.86666666666667,2.2275338172912598,0.5040423822079276
TOKYOTECH_s05,148,147,152.9,1.8379071950912476,0.1874271497952952
TOKYOTECH_s05,148,148,152.93333333333334,1.3686294555664062,-0.14769242877492414
TOKYOTECH_s05,148,149,152.96666666666667,1.0015491247177124,-0.47861105053485187
TOKYOTECH_s05,148,150,153.0,0.6822771430015564,-0.7857928540107628
TOKYOTECH_s05,148,151,153.03333333333333,0.37158024311065674,-1.0545980455865136
TOKYOTECH_s05,148,152,153.06666666666666,0.36628204584121704,-1.2736806811395747
TOKYOTECH_s05,148,153,153.1,0.5514072179794312,-1.4311186583812063
TOKYOTECH_s05,148,154,153.13333333333333,0.5043557286262512,-1.5108039247464327
TOKYOTECH_s05,148,155,153.16666666666666,0.3052592873573303,-1.4920960420399374
TOKYOTECH_s05,148,156,153.2,-0.010433036834001541,-1.3548364306861613
TOKYOTECH_s05,148,157,153.23333333333332,-0.34953537583351135,-1.089035793919235
TOKYOTECH_s05,148,158,153.26666666666668,-0.5956476926803589,-0.7047706109456698
TOKYOTECH_s05,148,159,153.3,-0.8464081883430481,-0.23629062528780326
TOKYOTECH_s05,148,160,153.33333333333334,-0.9675988554954529,0.2628312373597104
TOKYOTECH_s05,148,161,153.36666666666667,-1.041337251663208,0.7315977841305258
TOKYOTECH_s05,148,162,153.4,-1.0566976070404053,1.1150822029131897
TOKYOTECH_s05,148,163,153.43333333333334,-1.0450326204299927,1.3742912187787775
TOKYOTECH_s05,148,164,153.46666666666667,-0.9832975268363953,1.4906138964411237
TOKYOTECH_s05,148,165,153.5,-1.0137689113616943,1.4662132266666827
TOKYOTECH_s05,148,166,153.53333333333333,-1.0933575630187988,1.3218214547483624
TOKYOTECH_s05,148,167,153.56666666666666,-1.2130076885223389,1.0918907994519418
TOKYOTECH_s05,148,168,153.6,-1.3200135231018066,0.8167301864184974
TOKYOTECH_s05,148,169,153.63333333333333,-0.7903987169265747,0.5329705442577675
TOKYOTECH_s05,148,170,153.66666666666666,0.8767520785331726,0.26603385778123234
TOKYOTECH_s05,148,171,153.7,2.1457278728485107,0.028251928958800365
TOKYOTECH_s05,148,172,153.73333333333332,2.151132822036743,-0.17733638861650983
TOKYOTECH_s05,148,173,153.76666666666668,1.701222538948059,-0.35149765909438835
TOKYOTECH_s05,148,174,153.8,1.197555661201477,-0.49614967104938656
TOKYOTECH_s05,148,175,153.83333333333334,0.7658906579017639,-0.6155901344511409
TOKYOTECH_s05,148,176,153.86666666666667,0.3420884311199188,-0.7179837401991265
TOKYOTECH_s05,148,177,153.9,0.07328736037015915,-0.8124049434007181
TOKYOTECH_s05,148,178,153.93333333333334,0.21712225675582886,-0.9012342998607109
TOKYOTECH_s05,148,179,153.96666666666667,0.4230039119720459,-0.9732603276030128
TOKYOTECH_s05,148,180,154.0,0.43210434913635254,-1.0038196809811837
TOKYOTECH_s05,148,181,154.03333333333333,0.234548419713974,-0.963867986714271
TOKYOTECH_s05,148,182,154.06666666666666,-0.05989770591259003,-0.8333877633192709
TOKYOTECH_s05,148,183,154.1,-0.38276708126068115,-0.611400408513756
TOKYOTECH_s05,148,184,154.13333333333333,-0.621791422367096,-0.31779754821138134
TOKYOTECH_s05,148,185,154.16666666666666,-0.8313595652580261,0.012294866416228746
TOKYOTECH_s05,148,186,154.2,-0.9913561344146729,0.337777696748873
TOKYOTECH_s05,148,187,154.23333333333332,-1.0530378818511963,0.6208196214482486
TOKYOTECH_s05,148,188,154.26666666666668,-1.048763632774353,0.83416349370795
TOKYOTECH_s05,148,189,154.3,-1.0377309322357178,0.9656229588542921
TOKYOTECH_s05,148,190,154.33333333333334,-1.102502465248108,1.0185089701883416
TOKYOTECH_s05,148,191,154.36666666666667,-1.112074851989746,1.0068717262968798
TOKYOTECH_s05,148,192,154.4,-1.174103856086731,0.9467940334357791
TOKYOTECH_s05,148,193,154.43333333333334,-0.9419894218444824,0.8480349917253837
TOKYOTECH_s05,148,194,154.46666666666667,0.3894694447517395,0.7112534007244969
TOKYOTECH_s05,148,195,154.5,1.8631515502929688,0.5331034602043199
TOKYOTECH_s05,148,196,154.53333333333333,2.1207773685455322,0.3157607233788875
TOKYOTECH_s05,148,197,154.56666666666666,1.6793798208236694,0.0734085226765158
TOKYOTECH_s05,148,198,154.6,1.2108055353164673,-0.17020644597981105
TOKYOTECH_s05,148,199,154.63333333333333,0.8284984230995178,-0.3924728568154714
TOKYOTECH_s05,148,200,154.66666666666666,0.279213547706604,-0.5831192905576147
TOKYOTECH_s05,148,201,154.7,-0.05979975685477257,-0.7467956022368233
TOKYOTECH_s05,148,202,154.73333333333332,-0.1104932501912117,-0.8944771312532241
TOKYOTECH_s05,148,203,154.76666666666668,0.1416652500629425,-1.0298208037156331
TOKYOTECH_s05,148,204,154.8,0.3115993142127991,-1.1400146850637312
TOKYOTECH_s05,148,205,154.83333333333334,0.23504707217216492,-1.1970581435321543
TOKYOTECH_s05,148,206,154.86666666666667,-0.08587222546339035,-1.1681081720763011
TOKYOTECH_s05,148,207,154.9,-0.40798473358154297,-1.0284290332960273
TOKYOTECH_s05,148,208,154.93333333333334,-0.7082098722457886,-0.7711460218179952
TOKYOTECH_s05,148,209,154.96666666666667,-0.9705730080604553,-0.41173211336413257
TOKYOTECH_s05,148,210,155.0,-1.1514774560928345,0.012487958550131231
TOKYOTECH_s05,148,211,155.03333333333333,-1.2308435440063477,0.44762765101487323
TOKYOTECH_s05,148,212,155.06666666666666,-1.297200083732605,0.833906949714039
TOKYOTECH_s05,148,213,155.1,-1.24882173538208,1.1208665760599628
TOKYOTECH_s05,148,214,155.13333333333333,-1.242517352104187,1.2821368652703593
TOKYOTECH_s05,148,215,155.16666666666666,-1.2895866632461548,1.3220386480201987
TOKYOTECH_s05,148,216,155.2,-1.2722495794296265,1.269144652967053
TOKYOTECH_s05,148,217,155.23333333333332,-1.366049885749817,1.1596062345666818
TOKYOTECH_s05,148,218,155.26666666666668,-1.3636012077331543,1.0204933767613067
TOKYOTECH_s05,148,219,155.3,-0.26709723472595215,0.8636193118232919
TOKYOTECH_s05,148,220,155.33333333333334,1.6044303178787231,0.6914662905542791
TOKYOTECH_s05,148,221,155.36666666666667,2.454296588897705,0.507295084578998
TOKYOTECH_s05,148,222,155.4,2.265965700149536,0.3201851517884749
TOKYOTECH_s05,148,223,155.43333333333334,1.8418073654174805,0.14201697373725744
TOKYOTECH_s05,148,224,155.46666666666667,1.3256651163101196,-0.019141611627876004
TOKYOTECH_s05,148,225,155.5,0.8743478655815125,-0.16245976780615057
TOKYOTECH_s05,148,226,155.53333333333333,0.5161007642745972,-0.29226869579883163
TOKYOTECH_s05,148,227,155.56666666666666,0.20580458641052246,-0.41385598753042435
TOKYOTECH_s05,148,228,155.6,0.21390771865844727,-0.5312960062871829
TOKYOTECH_s05,148,229,155.63333333333333,0.48531782627105713,-0.647731792582491
TOKYOTECH_s05,148,230,155.66666666666666,0.459574818611145,-0.7647073916961117
TOKYOTECH_s05,148,231,155.7,0.18748797476291656,-0.8779279811218551
TOKYOTECH_s05,148,232,155.73333333333332,-0.04184821993112564,-0.972453213821935
TOKYOTECH_s05,148,233,155.76666666666668,-0.3752160370349884,-1.02392024975415
TOKYOTECH_s05,148,234,155.8,-0.7821887135505676,-1.0083650026498057
TOKYOTECH_s05,148,235,155.83333333333334,-0.9697359800338745,-0.9152631630177279
TOKYOTECH_s05,148,236,155.86666666666667,-1.1051650047302246,-0.7541507924883154
TOKYOTECH_s05,148,237,155.9,-1.143596887588501,-0.549083132725856
TOKYOTECH_s05,148,238,155.93333333333334,-1.1634807586669922,-0.32520242598223503
TOKYOTECH_s05,148,239,155.96666666666667,-1.1834357976913452,-0.0984197575649477
TOKYOTECH_s05,149,0,149.0,0.41393908858299255,0.012045588929393804
TOKYOTECH_s05,149,1,149.03333333333333,0.5044803619384766,-1.5557206306821645
TOKYOTECH_s05,149,2,149.06666666666666,0.6692320108413696,-2.8942674634639007
TOKYOTECH_s05,149,3,149.1,0.6750377416610718,-3.824900251351894
TOKYOTECH_s05,149,4,149.13333333333333,0.48709872364997864,-4.25720149976783
TOKYOTECH_s05,149,5,149.16666666666666,0.12912768125534058,-4.200557940532382
TOKYOTECH_s05,149,6,149.2,-0.1954246610403061,-3.747654455701008
TOKYOTECH_s05,149,7,149.23333333333332,-0.5290151238441467,-3.0411574483880295
TOKYOTECH_s05,149,8,149.26666666666668,-0.7734355926513672,-2.236670691177851
TOKYOTECH_s05,149,9,149.3,-0.8895239233970642,-1.4696093631374294
TOKYOTECH_s05,149,10,149.33333333333334,-1.007090449333191,-0.8308021343529539
TOKYOTECH_s05,149,11,149.36666666666667,-1.0295299291610718,-0.3556349952858535
TOKYOTECH_s05,149,12,149.4,-0.9947220683097839,-0.029890686808466814
TOKYOTECH_s05,149,13,149.43333333333334,-1.005211591720581,0.18995974339512334
TOKYOTECH_s05,149,14,149.46666666666667,-0.9955679774284363,0.3513225738129924
TOKYOTECH_s05,149,15,149.5,-1.0513014793395996,0.48681604910718623
TOKYOTECH_s05,149,16,149.53333333333333,-1.1523500680923462,0.6088345407941714
TOKYOTECH_s05,149,17,149.56666666666666,-0.7115936279296875,0.7150089826609949
TOKYOTECH_s05,149,18,149.6,0.879984438419342,0.7971018321317074
TOKYOTECH_s05,149,19,149.63333333333333,2.2903552055358887,0.8468702852397872
TOKYOTECH_s05,149,20,149.66666666666666,2.453566312789917,0.8574985431308411
TOKYOTECH_s05,149,21,149.7,2.048971176147461,0.8235418690439023
TOKYOTECH_s05,149,22,149.73333333333332,1.5619468688964844,0.742391104572665
TOKYOTECH_s05,149,23,149.76666666666668,1.1617059707641602,0.6171489634438544
TOKYOTECH_s05,149,24,149.8,0.7415813207626343,0.45811864038241623
TOKYOTECH_s05,149,25,149.83333333333334,0.3708856999874115,0.28084747864974996
TOKYOTECH_s05,149,26,149.86666666666667,0.42571088671684265,0.1025411448505714
TOKYOTECH_s05,149,27,149.9,0.6389744281768799,-0.059262957354312196
TOKYOTECH_s05,149,28,149.93333333333334,0.7051973938941956,-0.18500682746051353
TOKYOTECH_s05,149,29,149.96666666666667,0.5362250208854675,-0.2523356045110024
TOKYOTECH_s05,149,30,150.0,0.2524554133415222,-0.24085968801015914
TOKYOTECH_s05,149,31,150.03333333333333,-0.023950114846229553,-0.142381156336308
TOKYOTECH_s05,149,32,150.06666666666666,-0.3345579504966736,0.03011818827056016
TOKYOTECH_s05,149,33,150.1,-0.5720596313476562,0.24289659692244125
TOKYOTECH_s05,149,34,150.13333333333333,-0.7364728450775146,0.4526089359277151
TOKYOTECH_s05,149,35,150.16666666666666,-0.8317157030105591,0.6212188752282491
TOKYOTECH_s05,149,36,150.2,-0.8570669293403625,0.7259748619736629
TOKYOTECH_s05,149,37,150.23333333333332,-0.8524454832077026,0.7606995670383799
TOKYOTECH_s05,149,38,150.26666666666668,-0.8707976937294006,0.731122735387977
TOKYOTECH_s05,149,39,150.3,-0.8952406644821167,0.6495891664428661
TOKYOTECH_s05,149,40,150.33333333333334,-0.9478307962417603,0.531563502516514
TOKYOTECH_s05,149,41,150.36666666666667,-0.43370991945266724,0.3925742943046563
TOKYOTECH_s05,149,42,150.4,1.060701847076416,0.24431026558864838
TOKYOTECH_s05,149,43,150.43333333333334,2.0051164627075195,0.09115755699064992
TOKYOTECH_s05,149,44,150.46666666666667,1.8618870973587036,-0.0701379924739947
TOKYOTECH_s05,149,45,150.5,1.409955382347107,-0.24611279667259348
TOKYOTECH_s05,149,46,150.53333333333333,0.9731614589691162,-0.438819877507148
TOKYOTECH_s05,149,47,150.56666666666666,0.33165231347084045,-0.6387986114552318
TOKYOTECH_s05,149,48,150.6,-0.2105712741613388,-0.823652507585393
TOKYOTECH_s05,149,49,150.63333333333333,-0.23836231231689453,-0.964038521991232
TOKYOTECH_s05,149,50,150.66666666666666,0.09310884773731232,-1.0333043613569175
TOKYOTECH_s05,149,51,150.7,0.385195255279541,-1.0145845422268702
TOKYOTECH_s05,149,52,150.73333333333332,0.34341520071029663,-0.903045399904111
TOKYOTECH_s05,149,53,150.76666666666668,0.13789863884449005,-0.7059989297208213
TOKYOTECH_s05,149,54,150.8,-0.2203751653432846,-0.44374483665054415
TOKYOTECH_s05,149,55,150.83333333333334,-0.5060770511627197,-0.15009577737248686
TOKYOTECH_s05,149,56,150.86666666666667,-0.7759199142456055,0.1316166581047795
TOKYOTECH_s05,149,57,150.9,-0.9895129203796387,0.35953720657204813
TOKYOTECH_s05,149,58,150.93333333333334,-1.0811227560043335,0.5073694543775007
TOKYOTECH_s05,149,59,150.96666666666667,-1.126224160194397,0.5729926352852214
TOKYOTECH_s05,149,60,151.0,-1.1464018821716309,0.5756859185237806
TOKYOTECH_s05,149,61,151.03333333333333,-1.1224308013916016,0.5436441529819608
TOKYOTECH_s05,149,62,151.06666666666666,-1.1097686290740967,0.4998182712747801
TOKYOTECH_s05,149,63,151.1,-0.6757617592811584,0.45437442527144384
TOKYOTECH_s05,149,64,151.13333333333333,0.9199034571647644,0.405999960671948
TOKYOTECH_s05,149,65,151.16666666666666,2.135006904602051,0.34764281385184936
TOKYOTECH_s05,149,66,151.2,2.2039902210235596,0.27088079267004506
TOKYOTECH_s05,149,67,151.23333333333332,1.941110610961914,0.16699767991266387
TOKYOTECH_s05,149,68,151.26666666666668,1.5031235218048096,0.02777318775310975
TOKYOTECH_s05,149,69,151.3,1.0128310918807983,-0.15024132893459424
TOKYOTECH_s05,149,70,151.33333333333334,0.6169178485870361,-0.3589579383616466
TOKYOTECH_s05,149,71,151.36666666666667,0.2776285409927368,-0.5750746795449524
TOKYOTECH_s05,149,72,151.4,0.22085325419902802,-0.7638280111170938
TOKYOTECH_s05,149,73,151.43333333333334,0.3927285075187683,-0.8890975173474195
TOKYOTECH_s05,149,74,151.46666666666667,0.4963950514793396,-0.9242796087029097
TOKYOTECH_s05,149,75,151.5,0.36037835478782654,-0.8581546845804977
TOKYOTECH_s05,149,76,151.53333333333333,0.07589638978242874,-0.6941418569359705
TOKYOTECH_s05,149,77,151.56666666666666,-0.24101586639881134,-0.44622109959384154
TOKYOTECH_s05,149,78,151.6,-0.5178844332695007,-0.13628024825497598
TOKYOTECH_s05,149,79,151.63333333333333,-0.7996416091918945,0.205502280226726
TOKYOTECH_s05,149,80,151.66666666666666,-0.9618109464645386,0.5407679479711699
TOKYOTECH_s05,149,81,151.7,-1.0540529489517212,0.8283691720782337
TOKYOTECH_s05,149,82,151.73333333333332,-1.064658284187317,1.034651069483994
TOKYOTECH_s05,149,83,151.76666666666668,-1.0446853637695312,1.142603814757015
TOKYOTECH_s05,149,84,151.8,-1.0463060140609741,1.1542214841585603
TOKYOTECH_s05,149,85,151.83333333333334,-1.123339056968689,1.0853589827609131
TOKYOTECH_s05,149,86,151.86666666666667,-1.1611655950546265,0.9569599020554447
TOKYOTECH_s05,149,87,151.9,-0.6462165117263794,0.7878111479219431
TOKYOTECH_s05,149,88,151.93333333333334,0.949297308921814,0.5917741090595915
TOKYOTECH_s05,149,89,151.96666666666667,2.2368390560150146,0.3788803793828169
TOKYOTECH_s05,149,90,152.0,2.391947031021118,0.15746521372941602
TOKYOTECH_s05,149,91,152.03333333333333,2.01809024810791,-0.06498668185922903
TOKYOTECH_s05,149,92,152.06666666666666,1.707624912261963,-0.28215591102780224
TOKYOTECH_s05,149,93,152.1,1.39496910572052,-0.48869422182189265
TOKYOTECH_s05,149,94,152.13333333333333,0.9558243155479431,-0.679014759410982
TOKYOTECH_s05,149,95,152.16666666666666,0.6656701564788818,-0.8464653572881673
TOKYOTECH_s05,149,96,152.2,0.5275253057479858,-0.9842460140886434
TOKYOTECH_s05,149,97,152.23333333333332,0.5645503401756287,-1.0873836574258753
TOKYOTECH_s05,149,98,152.26666666666668,0.62760329246521,-1.1530518748217047
TOKYOTECH_s05,149,99,152.3,0.43963757157325745,-1.1772381688797067
TOKYOTECH_s05,149,100,152.33333333333334,0.23331068456172943,-1.1497221058406317
TOKYOTECH_s05,149,101,152.36666666666667,-0.11082271486520767,-1.0528097439538242
TOKYOTECH_s05,149,102,152.4,-0.48019155859947205,-0.8681628625010924
TOKYOTECH_s05,149,103,152.43333333333334,-0.7187528610229492,-0.5899777369102941
TOKYOTECH_s05,149,104,152.46666666666667,-0.891019880771637,-0.23576812886049184
TOKYOTECH_s05,149,105,152.5,-0.9447142481803894,0.1545003813770597
TOKYOTECH_s05,149,106,152.53333333333333,-0.9854079484939575,0.5315466098855449
TOKYOTECH_s05,149,107,152.56666666666666,-1.049582839012146,0.8534451206003763
TOKYOTECH_s05,149,108,152.6,-1.0179896354675293,1.095996555880291
TOKYOTECH_s05,149,109,152.63333333333333,-1.0131633281707764,1.2529572391363974
TOKYOTECH_s05,149,110,152.66666666666666,-1.130507230758667,1.329082000245243
TOKYOTECH_s05,149,111,152.7,-1.2765772342681885,1.3320340725521724
TOKYOTECH_s05,149,112,152.73333333333332,-1.2138270139694214,1.2676284846210915
TOKYOTECH_s05,149,113,152.76666666666668,-0.26649171113967896,1.1393315922293146
TOKYOTECH_s05,149,114,152.8,1.482936978340149,0.9506585395550425
TOKYOTECH_s05,149,115,152.83333333333334,2.3040149211883545,0.7085271748791148
TOKYOTECH_s05,149,116,152.86666666666667,2.2275338172912598,0.4257528251173082
TOKYOTECH_s05,149,117,152.9,1.8379071950912476,0.12122710244458083
TOKYOTECH_s05,149,118,152.93333333333334,1.3686294555664062,-0.18298534616415663
TOKYOTECH_s05,149,119,152.96666666666667,1.0015491247177124,-0.46697493965059456
TOKYOTECH_s05,149,120,153.0,0.6822771430015564,-0.7181841900666677
TOKYOTECH_s05,149,121,153.03333333333333,0.37158024311065674,-0.9331476060905438
TOKYOTECH_s05,149,122,153.06666666666666,0.36628204584121704,-1.1139869968510743
TOKYOTECH_s05,149,123,153.1,0.5514072179794312,-1.2608042147579266
TOKYOTECH_s05,149,124,153.13333333333333,0.5043557286262512,-1.3636687666342695
TOKYOTECH_s05,149,125,153.16666666666666,0.3052592873573303,-1.3990151792398335
TOKYOTECH_s05,149,126,153.2,-0.010433036834001541,-1.334280382615838
TOKYOTECH_s05,149,127,153.23333333333332,-0.34953537583351135,-1.1409119155098673
TOKYOTECH_s05,149,128,153.26666666666668,-0.5956476926803589,-0.8105224629104966
TOKYOTECH_s05,149,129,153.3,-0.8464081883430481,-0.36571637652617295
TOKYOTECH_s05,149,130,153.33333333333334,-0.9675988554954529,0.14092884492068797
TOKYOTECH_s05,149,131,153.36666666666667,-1.041337251663208,0.6398909767396473
TOKYOTECH_s05,149,132,153.4,-1.0566976070404053,1.063127211257517
TOKYOTECH_s05,149,133,153.43333333333334,-1.0450326204299927,1.3592488678778754
TOKYOTECH_s05,149,134,153.46666666666667,-0.9832975268363953,1.501163350372676
TOKYOTECH_s05,149,135,153.5,-1.0137689113616943,1.4873826117364084
TOKYOTECH_s05,149,136,153.53333333333333,-1.0933575630187988,1.3394247975976832
TOKYOTECH_s05,149,137,153.56666666666666,-1.2130076885223389,1.0959585784407
TOKYOTECH_s05,149,138,153.6,-1.3200135231018066,0.803479627235262
TOKYOTECH_s05,149,139,153.63333333333333,-0.7903987169265747,0.5049062939323805
TOKYOTECH_s05,149,140,153.66666666666666,0.8767520785331726,0.23016356155535805
TOKYOTECH_s05,149,141,153.7,2.1457278728485107,-0.0069368144445930684
TOKYOTECH_s05,149,142,153.73333333333332,2.151132822036743,-0.2050783071920237
TOKYOTECH_s05,149,143,153.76666666666668,1.701222538948059,-0.36910582273224546
TOKYOTECH_s05,149,144,153.8,1.197555661201477,-0.5057593151417737
TOKYOTECH_s05,149,145,153.83333333333334,0.7658906579017639,-0.6229559431786088
TOKYOTECH_s05,149,146,153.86666666666667,0.3420884311199188,-0.7297369831186236
TOKYOTECH_s05,149,147,153.9,0.07328736037015915,-0.8330096595057107
TOKYOTECH_s05,149,148,153.93333333333334,0.21712225675582886,-0.9312219132081628
TOKYOTECH_s05,149,149,153.96666666666667,0.4230039119720459,-1.0097689650339834
TOKYOTECH_s05,149,150,154.0,0.43210434913635254,-1.0431824879387142
TOKYOTECH_s05,149,151,154.03333333333333,0.234548419713974,-1.004765034716459
TOKYOTECH_s05,149,152,154.06666666666666,-0.05989770591259003,-0.8787631713579335
TOKYOTECH_s05,149,153,154.1,-0.38276708126068115,-0.6679760047841924
TOKYOTECH_s05,149,154,154.13333333333333,-0.621791422367096,-0.39293268750951804
TOKYOTECH_s05,149,155,154.16666666666666,-0.8313595652580261,-0.08437572167811494
TOKYOTECH_s05,149,156,154.2,-0.9913561344146729,0.2258086327845111
TOKYOTECH_s05,149,157,154.23333333333332,-1.0530378818511963,0.5107661804523926
TOKYOTECH_s05,149,158,154.26666666666668,-1.048763632774353,0.7510332286544136
TOKYOTECH_s05,149,159,154.3,-1.0377309322357178,0.9347924836921958
TOKYOTECH_s05,149,160,154.33333333333334,-1.102502465248108,1.0571556427127942
TOKYOTECH_s05,149,161,154.36666666666667,-1.112074851989746,1.1179998201155223
TOKYOTECH_s05,149,162,154.4,-1.174103856086731,1.1182555730676424
TOKYOTECH_s05,149,163,154.43333333333334,-0.9419894218444824,1.0565878583585315
TOKYOTECH_s05,149,164,154.46666666666667,0.3894694447517395,0.9297342130622772
TOKYOTECH_s05,149,165,154.5,1.8631515502929688,0.7380118391606134
TOKYOTECH_s05,149,166,154.53333333333333,2.1207773685455322,0.49285810548040393
TOKYOTECH_s05,149,167,154.56666666666666,1.6793798208236694,0.2199289867716789
TOKYOTECH_s05,149,168,154.6,1.2108055353164673,-0.04685001754096252
TOKYOTECH_s05,149,169,154.63333333333333,0.8284984230995178,-0.278511902480305
TOKYOTECH_s05,149,170,154.66666666666666,0.279213547706604,-0.46333115268013025
TOKYOTECH_s05,149,171,154.7,-0.05979975685477257,-0.6091622224351573
TOKYOTECH_s05,149,172,154.73333333333332,-0.1104932501912117,-0.7336588554174676
TOKYOTECH_s05,149,173,154.76666666666668,0.1416652500629425,-0.848938402255355
TOKYOTECH_s05,149,174,154.8,0.3115993142127991,-0.9507256669328054
TOKYOTECH_s05,149,175,154.83333333333334,0.23504707217216492,-1.0182315891467708
TOKYOTECH_s05,149,176,154.86666666666667,-0.08587222546339035,-1.0232455700810879
TOKYOTECH_s05,149,177,154.9,-0.40798473358154297,-0.9416832060310871
TOKYOTECH_s05,149,178,154.93333333333334,-0.7082098722457886,-0.7620866843846282
TOKYOTECH_s05,149,179,154.96666666666667,-0.9705730080604553,-0.4899256153562735
TOKYOTECH_s05,149,180,155.0,-1.1514774560928345,-0.1487437810850573
TOKYOTECH_s05,149,181,155.03333333333333,-1.2308435440063477,0.22171989195872682
TOKYOTECH_s05,149,182,155.06666666666666,-1.297200083732605,0.5719499776342929
TOKYOTECH_s05,149,183,155.1,-1.24882173538208,0.8541380366590802
TOKYOTECH_s05,149,184,155.13333333333333,-1.242517352104187,1.0349946892048882
TOKYOTECH_s05,149,185,155.16666666666666,-1.2895866632461548,1.1032091673418167
TOKYOTECH_s05,149,186,155.2,-1.2722495794296265,1.0674470946180348
TOKYOTECH_s05,149,187,155.23333333333332,-1.366049885749817,0.9471073624396811
TOKYOTECH_s05,149,188,155.26666666666668,-1.3636012077331543,0.7630515671741173
TOKYOTECH_s05,149,189,155.3,-0.26709723472595215,0.534724645842593
TOKYOTECH_s05,149,190,155.33333333333334,1.6044303178787231,0.28344539032781924
TOKYOTECH_s05,149,191,155.36666666666667,2.454296588897705,0.03554180337687617
TOKYOTECH_s05,149,192,155.4,2.265965700149536,-0.1805603407217036
TOKYOTECH_s05,149,193,155.43333333333334,1.8418073654174805,-0.34326937928753054
TOKYOTECH_s05,149,194,155.46666666666667,1.3256651163101196,-0.44672210906038173
TOKYOTECH_s05,149,195,155.5,0.8743478655815125,-0.5026927185356601
TOKYOTECH_s05,149,196,155.53333333333333,0.5161007642745972,-0.5339506434608097
TOKYOTECH_s05,149,197,155.56666666666666,0.20580458641052246,-0.5637808203600894
TOKYOTECH_s05,149,198,155.6,0.21390771865844727,-0.6077518622868696
TOKYOTECH_s05,149,199,155.63333333333333,0.48531782627105713,-0.6702548883364561
TOKYOTECH_s05,149,200,155.66666666666666,0.459574818611145,-0.7438680937007695
TOKYOTECH_s05,149,201,155.7,0.18748797476291656,-0.8089851072246201
TOKYOTECH_s05,149,202,155.73333333333332,-0.04184821993112564,-0.8352080223015034
TOKYOTECH_s05,149,203,155.76666666666668,-0.3752160370349884,-0.7886771909589452
TOKYOTECH_s05,149,204,155.8,-0.7821887135505676,-0.6457251252613935
TOKYOTECH_s05,149,205,155.83333333333334,-0.9697359800338745,-0.40646778546056933
TOKYOTECH_s05,149,206,155.86666666666667,-1.1051650047302246,-0.09903423205366321
TOKYOTECH_s05,149,207,155.9,-1.143596887588501,0.23031213874806272
TOKYOTECH_s05,149,208,155.93333333333334,-1.1634807586669922,0.5360687738689417
TOKYOTECH_s05,149,209,155.96666666666667,-1.1834357976913452,0.7894271316211351
TOKYOTECH_s05,149,210,156.0,-1.19461989402771,0.9817743885522472
TOKYOTECH_s05,149,211,156.03333333333333,-1.2313154935836792,1.1156131867869974
TOKYOTECH_s05,149,212,156.06666666666666,-1.2145482301712036,1.1914475208943072
TOKYOTECH_s05,149,213,156.1,-1.345898985862732,1.2009918724749673
TOKYOTECH_s05,149,214,156.13333333333333,-1.315650224685669,1.1308786878495207
TOKYOTECH_s05,149,215,156.16666666666666,-0.4299432933330536,0.9729474314255147
TOKYOTECH_s05,149,216,156.2,1.5198551416397095,0.7338169377033895
TOKYOTECH_s05,149,217,156.23333333333332,2.462738037109375,0.4382171720893011
TOKYOTECH_s05,149,218,156.26666666666668,2.179565191268921,0.12451381188340124
TOKYOTECH_s05,149,219,156.3,1.718898057937622,-0.16538837433714867
TOKYOTECH_s05,149,220,156.33333333333334,1.2612942457199097,-0.3974591204848958
TOKYOTECH_s05,149,221,156.36666666666667,0.8501542806625366,-0.5540772939166951
TOKYOTECH_s05,149,222,156.4,0.43971771001815796,-0.6372624321603054
TOKYOTECH_s05,149,223,156.43333333333334,0.11409682780504227,-0.665940306397887
TOKYOTECH_s05,149,224,156.46666666666667,0.1731516718864441,-0.6674781208810585
TOKYOTECH_s05,149,225,156.5,0.47377753257751465,-0.6652167034918178
TOKYOTECH_s05,149,226,156.53333333333333,0.48097240924835205,-0.6666340613557883
TOKYOTECH_s05,149,227,156.56666666666666,0.19413965940475464,-0.6586191974047704
TOKYOTECH_s05,149,228,156.6,-0.07419838011264801,-0.614166903536196
TOKYOTECH_s05,149,229,156.63333333333333,-0.36698827147483826,-0.5084104491940691
TOKYOTECH_s05,149,230,156.66666666666666,-0.697568953037262,-0.33481320433971967
TOKYOTECH_s05,149,231,156.7,-0.8995682597160339,-0.11127545574632657
TOKYOTECH_s05,149,232,156.73333333333332,-1.085450291633606,0.1265221781974527
TOKYOTECH_s05,149,233,156.76666666666668,-1.137292504310608,0.3383740679424022
TOKYOTECH_s05,149,234,156.8,-1.1535077095031738,0.49118286973117453
TOKYOTECH_s05,149,235,156.83333333333334,-1.1009441614151,0.5647889048238173
TOKYOTECH_s05,149,236,156.86666666666667,-1.139313817024231,0.552766021124528
TOKYOTECH_s05,149,237,156.9,-1.134834885597229,0.4611312104489157
TOKYOTECH_s05,149,238,156.93333333333334,-1.180711030960083,0.30667506917776177
TOKYOTECH_s05,149,239,156.96666666666667,-1.2335683107376099,0.11459525838020387
TOKYOTECH_s05,150,0,150.0,0.2524554133415222,0.04566907135669512
TOKYOTECH_s05,150,1,150.03333333333333,-0.023950114846229553,-0.9781787619717152
TOKYOTECH_s05,150,2,150.06666666666666,-0.3345579504966736,-1.824631202158927
TOKYOTECH_s05,150,3,150.1,-0.5720596313476562,-2.3634434072355184
TOKYOTECH_s05,150,4,150.13333333333333,-0.7364728450775146,-2.54472395497524
TOKYOTECH_s05,150,5,150.16666666666666,-0.8317157030105591,-2.4047586299347237
TOKYOTECH_s05,150,6,150.2,-0.8570669293403625,-2.04343716130453
TOKYOTECH_s05,150,7,150.23333333333332,-0.8524454832077026,-1.5853979127131774
TOKYOTECH_s05,150,8,150.26666666666668,-0.8707976937294006,-1.1414362770118665
TOKYOTECH_s05,150,9,150.3,-0.8952406644821167,-0.7824934386485387
TOKYOTECH_s05,150,10,150.33333333333334,-0.9478307962417603,-0.5318984686524364
TOKYOTECH_s05,150,11,150.36666666666667,-0.43370991945266724,-0.3749455212738593
TOKYOTECH_s05,150,12,150.4,1.060701847076416,-0.2790450810673178
TOKYOTECH_s05,150,13,150.43333333333334,2.0051164627075195,-0.21449072231503924
TOKYOTECH_s05,150,14,150.46666666666667,1.8618870973587036,-0.16691647682377672
TOKYOTECH_s05,150,15,150.5,1.409955382347107,-0.13741015546719293
TOKYOTECH_s05,150,16,150.53333333333333,0.9731614589691162,-0.13280047096992517
TOKYOTECH_s05,150,17,150.56666666666666,0.33165231347084045,-0.1535020362187328
TOKYOTECH_s05,150,18,150.6,-0.2105712741613388,-0.18677821030396916
TOKYOTECH_s05,150,19,150.63333333333333,-0.23836231231689453,-0.2089482465398393
TOKYOTECH_s05,150,20,150.66666666666666,0.09310884773731232,-0.19360798039151692
TOKYOTECH_s05,150,21,150.7,0.385195255279541,-0.11984732602456068
TOKYOTECH_s05,150,22,150.73333333333332,0.34341520071029663,0.022631535218691563
TOKYOTECH_s05,150,23,150.76666666666668,0.13789863884449005,0.23040235714392673
TOKYOTECH_s05,150,24,150.8,-0.2203751653432846,0.4840108886953251
TOKYOTECH_s05,150,25,150.83333333333334,-0.5060770511627197,0.7482839103016274
TOKYOTECH_s05,150,26,150.86666666666667,-0.7759199142456055,0.9788281016389793
TOKYOTECH_s05,150,27,150.9,-0.9895129203796387,1.135545928283326
TOKYOTECH_s05,150,28,150.93333333333334,-1.0811227560043335,1.1975811332582957
TOKYOTECH_s05,150,29,150.96666666666667,-1.126224160194397,1.1704066098194232
TOKYOTECH_s05,150,30,151.0,-1.1464018821716309,1.079769077027531
TOKYOTECH_s05,150,31,151.03333333333333,-1.1224308013916016,0.9560170979834034
TOKYOTECH_s05,150,32,151.06666666666666,-1.1097686290740967,0.8190521938096432
TOKYOTECH_s05,150,33,151.1,-0.6757617592811584,0.6732987048658171
TOKYOTECH_s05,150,34,151.13333333333333,0.9199034571647644,0.5137481762746818
TOKYOTECH_s05,150,35,151.16666666666666,2.135006904602051,0.3358484669334702
TOKYOTECH_s05,150,36,151.2,2.2039902210235596,0.14101859716703072
TOKYOTECH_s05,150,37,151.23333333333332,1.941110610961914,-0.06482128478940463
TOKYOTECH_s05,150,38,151.26666666666668,1.5031235218048096,-0.27573610948363475
TOKYOTECH_s05,150,39,151.3,1.0128310918807983,-0.48740490338868714
TOKYOTECH_s05,150,40,151.33333333333334,0.6169178485870361,-0.6942610093696937
TOKYOTECH_s05,150,41,151.36666666666667,0.2776285409927368,-0.8857186629435494
TOKYOTECH_s05,150,42,151.4,0.22085325419902802,-1.0456806163527408
TOKYOTECH_s05,150,43,151.43333333333334,0.3927285075187683,-1.1560032689058557
TOKYOTECH_s05,150,44,151.46666666666667,0.4963950514793396,-1.2008674515323459
TOKYOTECH_s05,150,45,151.5,0.36037835478782654,-1.1685486369283584
TOKYOTECH_s05,150,46,151.53333333333333,0.07589638978242874,-1.0504894539245662
TOKYOTECH_s05,150,47,151.56666666666666,-0.24101586639881134,-0.8412770494896653
TOKYOTECH_s05,150,48,151.6,-0.5178844332695007,-0.5430390070256097
TOKYOTECH_s05,150,49,151.63333333333333,-0.7996416091918945,-0.17320240898681694
TOKYOTECH_s05,150,50,151.66666666666666,-0.9618109464645386,0.2310503730679213
TOKYOTECH_s05,150,51,151.7,-1.0540529489517212,0.6183499661646437
TOKYOTECH_s05,150,52,151.73333333333332,-1.064658284187317,0.9376973390968747
TOKYOTECH_s05,150,53,151.76666666666668,-1.0446853637695312,1.1533046303068828
TOKYOTECH_s05,150,54,151.8,-1.0463060140609741,1.2514359139250224
TOKYOTECH_s05,150,55,151.83333333333334,-1.123339056968689,1.2374866647928362
TOKYOTECH_s05,150,56,151.86666666666667,-1.1611655950546265,1.1276606950259829
TOKYOTECH_s05,150,57,151.9,-0.6462165117263794,0.9415207580345897
TOKYOTECH_s05,150,58,151.93333333333334,0.949297308921814,0.6991111026862086
TOKYOTECH_s05,150,59,151.96666666666667,2.2368390560150146,0.42188957602932053
TOKYOTECH_s05,150,60,152.0,2.391947031021118,0.1337924545521326
TOKYOTECH_s05,150,61,152.03333333333333,2.01809024810791,-0.14067754952552833
TOKYOTECH_s05,150,62,152.06666666666666,1.707624912261963,-0.3810778912573433
TOKYOTECH_s05,150,63,152.1,1.39496910572052,-0.5753269015608896
TOKYOTECH_s05,150,64,152.13333333333333,0.9558243155479431,-0.7210939517502063
TOKYOTECH_s05,150,65,152.16666666666666,0.6656701564788818,-0.824127704361445
TOKYOTECH_s05,150,66,152.2,0.5275253057479858,-0.8950167032016629
TOKYOTECH_s05,150,67,152.23333333333332,0.5645503401756287,-0.9454340351691742
TOKYOTECH_s05,150,68,152.26666666666668,0.62760329246521,-0.9833206414223892
TOKYOTECH_s05,150,69,152.3,0.43963757157325745,-1.0066851280209324
TOKYOTECH_s05,150,70,152.33333333333334,0.23331068456172943,-0.9988936688979784
TOKYOTECH_s05,150,71,152.36666666666667,-0.11082271486520767,-0.9307336782692345
TOKYOTECH_s05,150,72,152.4,-0.48019155859947205,-0.7721050709183873
TOKYOTECH_s05,150,73,152.43333333333334,-0.7187528610229492,-0.5094380728974329
TOKYOTECH_s05,150,74,152.46666666666667,-0.891019880771637,-0.15855661561545398
TOKYOTECH_s05,150,75,152.5,-0.9447142481803894,0.23655942503178548
TOKYOTECH_s05,150,76,152.53333333333333,-0.9854079484939575,0.6191332450938128
TOKYOTECH_s05,150,77,152.56666666666666,-1.049582839012146,0.9393532665175455
TOKYOTECH_s05,150,78,152.6,-1.0179896354675293,1.1676377594562477
TOKYOTECH_s05,150,79,152.63333333333333,-1.0131633281707764,1.2966781568361159
TOKYOTECH_s05,150,80,152.66666666666666,-1.130507230758667,1.3347718649839393
TOKYOTECH_s05,150,81,152.7,-1.2765772342681885,1.2965955054782672
TOKYOTECH_s05,150,82,152.73333333333332,-1.2138270139694214,1.1964107468277656
TOKYOTECH_s05,150,83,152.76666666666668,-0.26649171113967896,1.0453309971491316
TOKYOTECH_s05,150,84,152.8,1.482936978340149,0.8518873038296295
TOKYOTECH_s05,150,85,152.83333333333334,2.3040149211883545,0.6242072704092698
TOKYOTECH_s05,150,86,152.86666666666667,2.2275338172912598,0.37190937555297815
TOKYOTECH_s05,150,87,152.9,1.8379071950912476,0.10627050357368571
TOKYOTECH_s05,150,88,152.93333333333334,1.3686294555664062,-0.16156711255716064
TOKYOTECH_s05,150,89,152.96666666666667,1.0015491247177124,-0.4231240339602878
TOKYOTECH_s05,150,90,153.0,0.6822771430015564,-0.6737591184233783
TOKYOTECH_s05,150,91,153.03333333333333,0.37158024311065674,-0.9109345319075929
TOKYOTECH_s05,150,92,153.06666666666666,0.36628204584121704,-1.129868604402634
TOKYOTECH_s05,150,93,153.1,0.5514072179794312,-1.3186268959862175
TOKYOTECH_s05,150,94,153.13333333333333,0.5043557286262512,-1.4551482194241874
TOKYOTECH_s05,150,95,153.16666666666666,0.3052592873573303,-1.5083554188287684
TOKYOTECH_s05,150,96,153.2,-0.010433036834001541,-1.4448743180749783
TOKYOTECH_s05,150,97,153.23333333333332,-0.34953537583351135,-1.240873857444136
TOKYOTECH_s05,150,98,153.26666666666668,-0.5956476926803589,-0.8949209208684574
TOKYOTECH_s05,150,99,153.3,-0.8464081883430481,-0.4353490566409915
TOKYOTECH_s05,150,100,153.33333333333334,-0.9675988554954529,0.08272794706529715
TOKYOTECH_s05,150,101,153.36666666666667,-1.041337251663208,0.5904234587372889
TOKYOTECH_s05,150,102,153.4,-1.0566976070404053,1.0221950667359287
TOKYOTECH_s05,150,103,153.43333333333334,-1.0450326204299927,1.3295729396476028
TOKYOTECH_s05,150,104,153.46666666666667,-0.9832975268363953,1.4878281312422637
TOKYOTECH_s05,150,105,153.5,-1.0137689113616943,1.496646951002787
TOKYOTECH_s05,150,106,153.53333333333333,-1.0933575630187988,1.376963643187765
TOKYOTECH_s05,150,107,153.56666666666666,-1.2130076885223389,1.1647055645191906
TOKYOTECH_s05,150,108,153.6,-1.3200135231018066,0.9016776008587525
TOKYOTECH_s05,150,109,153.63333333333333,-0.7903987169265747,0.6252615853718738
TOKYOTECH_s05,150,110,153.66666666666666,0.8767520785331726,0.3606761460848039
TOKYOTECH_s05,150,111,153.7,2.1457278728485107,0.11930624675085225
TOKYOTECH_s05,150,112,153.73333333333332,2.151132822036743,-0.09708246193922154
TOKYOTECH_s05,150,113,153.76666666666668,1.701222538948059,-0.29029843074330675
TOKYOTECH_s05,150,114,153.8,1.197555661201477,-0.46220230257983624
TOKYOTECH_s05,150,115,153.83333333333334,0.7658906579017639,-0.6147898162104062
TOKYOTECH_s05,150,116,153.86666666666667,0.3420884311199188,-0.751029230243012
TOKYOTECH_s05,150,117,153.9,0.07328736037015915,-0.872862753971339
TOKYOTECH_s05,150,118,153.93333333333334,0.21712225675582886,-0.9764221836795292
TOKYOTECH_s05,150,119,153.96666666666667,0.4230039119720459,-1.0485303933535552
TOKYOTECH_s05,150,120,154.0,0.43210434913635254,-1.0685801294996362
TOKYOTECH_s05,150,121,154.03333333333333,0.234548419713974,-1.0161067937985493
TOKYOTECH_s05,150,122,154.06666666666666,-0.05989770591259003,-0.880054844641369
TOKYOTECH_s05,150,123,154.1,-0.38276708126068115,-0.6644261283446852
TOKYOTECH_s05,150,124,154.13333333333333,-0.621791422367096,-0.38783828706255213
TOKYOTECH_s05,150,125,154.16666666666666,-0.8313595652580261,-0.07850181479663354
TOKYOTECH_s05,150,126,154.2,-0.9913561344146729,0.2322492672110156
TOKYOTECH_s05,150,127,154.23333333333332,-1.0530378818511963,0.5156453249121549
TOKYOTECH_s05,150,128,154.26666666666668,-1.048763632774353,0.7497645947132493
TOKYOTECH_s05,150,129,154.3,-1.0377309322357178,0.9223324076681181
TOKYOTECH_s05,150,130,154.33333333333334,-1.102502465248108,1.0311461193326827
TOKYOTECH_s05,150,131,154.36666666666667,-1.112074851989746,1.0809656883278391
TOKYOTECH_s05,150,132,154.4,-1.174103856086731,1.0775196317244453
TOKYOTECH_s05,150,133,154.43333333333334,-0.9419894218444824,1.021939235633303
TOKYOTECH_s05,150,134,154.46666666666667,0.3894694447517395,0.9099091070784872
TOKYOTECH_s05,150,135,154.5,1.8631515502929688,0.737316606534382
TOKYOTECH_s05,150,136,154.53333333333333,2.1207773685455322,0.5090301029697863
TOKYOTECH_s05,150,137,154.56666666666666,1.6793798208236694,0.2439605024388717
TOKYOTECH_s05,150,138,154.6,1.2108055353164673,-0.02858781101627222
TOKYOTECH_s05,150,139,154.63333333333333,0.8284984230995178,-0.28011089526716043
TOKYOTECH_s05,150,140,154.66666666666666,0.279213547706604,-0.49438069397638906
TOKYOTECH_s05,150,141,154.7,-0.05979975685477257,-0.6709947285814422
TOKYOTECH_s05,150,142,154.73333333333332,-0.1104932501912117,-0.8185609552349636
TOKYOTECH_s05,150,143,154.76666666666668,0.1416652500629425,-0.9426379102463236
TOKYOTECH_s05,150,144,154.8,0.3115993142127991,-1.0367444251083593
TOKYOTECH_s05,150,145,154.83333333333334,0.23504707217216492,-1.0818950304113513
TOKYOTECH_s05,150,146,154.86666666666667,-0.08587222546339035,-1.0538674570775606
TOKYOTECH_s05,150,147,154.9,-0.40798473358154297,-0.9330119957253974
TOKYOTECH_s05,150,148,154.93333333333334,-0.7082098722457886,-0.7121004555010891
TOKYOTECH_s05,150,149,154.96666666666667,-0.9705730080604553,-0.40097907148250217
TOKYOTECH_s05,150,150,155.0,-1.1514774560928345,-0.0284644428971362
TOKYOTECH_s05,150,151,155.03333333333333,-1.2308435440063477,0.35916228902689196
TOKYOTECH_s05,150,152,155.06666666666666,-1.297200083732605,0.7055241892651632
TOKYOTECH_s05,150,153,155.1,-1.24882173538208,0.9583894024982212
TOKYOTECH_s05,150,154,155.13333333333333,-1.242517352104187,1.0860762669903696
TOKYOTECH_s05,150,155,155.16666666666666,-1.2895866632461548,1.0870728251002264
TOKYOTECH_s05,150,156,155.2,-1.2722495794296265,0.9867030828228831
TOKYOTECH_s05,150,157,155.23333333333332,-1.366049885749817,0.8228340548472515
TOKYOTECH_s05,150,158,155.26666666666668,-1.3636012077331543,0.6299670461727167
TOKYOTECH_s05,150,159,155.3,-0.26709723472595215,0.4313289210524186
TOKYOTECH_s05,150,160,155.33333333333334,1.6044303178787231,0.2408151940343888
TOKYOTECH_s05,150,161,155.36666666666667,2.454296588897705,0.06852172866911148
TOKYOTECH_s05,150,162,155.4,2.265965700149536,-0.0772191327444798
TOKYOTECH_s05,150,163,155.43333333333334,1.8418073654174805,-0.19292020408630736
TOKYOTECH_s05,150,164,155.46666666666667,1.3256651163101196,-0.28389201520810325
TOKYOTECH_s05,150,165,155.5,0.8743478655815125,-0.3635917559309036
TOKYOTECH_s05,150,166,155.53333333333333,0.5161007642745972,-0.4472672743312901
TOKYOTECH_s05,150,167,155.56666666666666,0.20580458641052246,-0.5440487512859361
TOKYOTECH_s05,150,168,155.6,0.21390771865844727,-0.6526093158418542
TOKYOTECH_s05,150,169,155.63333333333333,0.48531782627105713,-0.7619627964888344
TOKYOTECH_s05,150,170,155.66666666666666,0.459574818611145,-0.8544998639116557
TOKYOTECH_s05,150,171,155.7,0.18748797476291656,-0.9078018558275354
TOKYOTECH_s05,150,172,155.73333333333332,-0.04184821993112564,-0.8961798573965958
TOKYOTECH_s05,150,173,155.76666666666668,-0.3752160370349884,-0.7961869475163512
TOKYOTECH_s05,150,174,155.8,-0.7821887135505676,-0.5972323870766596
TOKYOTECH_s05,150,175,155.83333333333334,-0.9697359800338745,-0.3119641673561982
TOKYOTECH_s05,150,176,155.86666666666667,-1.1051650047302246,0.022047922983273394
TOKYOTECH_s05,150,177,155.9,-1.143596887588501,0.35368693303115867
TOKYOTECH_s05,150,178,155.93333333333334,-1.1634807586669922,0.6375536407005057
TOKYOTECH_s05,150,179,155.96666666666667,-1.1834357976913452,0.8493121562894121
TOKYOTECH_s05,150,180,156.0,-1.19461989402771,0.9880628205751962
TOKYOTECH_s05,150,181,156.03333333333333,-1.2313154935836792,1.0659408725763144
TOKYOTECH_s05,150,182,156.06666666666666,-1.2145482301712036,1.0933863975987017
TOKYOTECH_s05,150,183,156.1,-1.345898985862732,1.0702193062854597
TOKYOTECH_s05,150,184,156.13333333333333,-1.315650224685669,0.9871139289127647
TOKYOTECH_s05,150,185,156.16666666666666,-0.4299432933330536,0.8345803980391089
TOKYOTECH_s05,150,186,156.2,1.5198551416397095,0.6128994168432927
TOKYOTECH_s05,150,187,156.23333333333332,2.462738037109375,0.33740157800894693
TOKYOTECH_s05,150,188,156.26666666666668,2.179565191268921,0.03680499195130072
TOKYOTECH_s05,150,189,156.3,1.718898057937622,-0.2541266060291968
TOKYOTECH_s05,150,190,156.33333333333334,1.2612942457199097,-0.5040847589279301
TOKYOTECH_s05,150,191,156.36666666666667,0.8501542806625366,-0.693076451317653
TOKYOTECH_s05,150,192,156.4,0.43971771001815796,-0.8161586239971924
TOKYOTECH_s05,150,193,156.43333333333334,0.11409682780504227,-0.8821134856511376
TOKYOTECH_s05,150,194,156.46666666666667,0.1731516718864441,-0.9071432926028798
TOKYOTECH_s05,150,195,156.5,0.47377753257751465,-0.9051522690485435
TOKYOTECH_s05,150,196,156.53333333333333,0.48097240924835205,-0.8786594252464502
TOKYOTECH_s05,150,197,156.56666666666666,0.19413965940475464,-0.815776105246728
TOKYOTECH_s05,150,198,156.6,-0.07419838011264801,-0.6966161032654437
TOKYOTECH_s05,150,199,156.63333333333333,-0.36698827147483826,-0.506892088044575
TOKYOTECH_s05,150,200,156.66666666666666,-0.697568953037262,-0.2504438741903874
TOKYOTECH_s05,150,201,156.7,-0.8995682597160339,0.047930385691161335
TOKYOTECH_s05,150,202,156.73333333333332,-1.085450291633606,0.3506114809409157
TOKYOTECH_s05,150,203,156.76666666666668,-1.137292504310608,0.6196168752406301
TOKYOTECH_s05,150,204,156.8,-1.1535077095031738,0.8257585572981395
TOKYOTECH_s05,150,205,156.83333333333334,-1.1009441614151,0.9516579410675364
TOKYOTECH_s05,150,206,156.86666666666667,-1.139313817024231,0.9907827727120381
TOKYOTECH_s05,150,207,156.9,-1.134834885597229,0.9461178730714503
TOKYOTECH_s05,150,208,156.93333333333334,-1.180711030960083,0.829663386878798
TOKYOTECH_s05,150,209,156.96666666666667,-1.2335683107376099,0.6611424727398653
TOKYOTECH_s05,150,210,157.0,-1.1003209352493286,0.4643871112552747
TOKYOTECH_s05,150,211,157.03333333333333,0.2899613082408905,0.26215472317317007
TOKYOTECH_s05,150,212,157.06666666666666,1.9434614181518555,0.07190562510192926
TOKYOTECH_s05,150,213,157.1,2.2205259799957275,-0.09554501442799472
TOKYOTECH_s05,150,214,157.13333333333333,1.7666263580322266,-0.23525906344077374
TOKYOTECH_s05,150,215,157.16666666666666,1.2837337255477905,-0.3477262124770857
TOKYOTECH_s05,150,216,157.2,0.6726335287094116,-0.43961723349647586
TOKYOTECH_s05,150,217,157.23333333333332,0.041329000145196915,-0.5236313248430573
TOKYOTECH_s05,150,218,157.26666666666668,-0.30165570974349976,-0.6142322020608267
TOKYOTECH_s05,150,219,157.3,-0.23493406176567078,-0.7186083397601986
TOKYOTECH_s05,150,220,157.33333333333334,0.1761436015367508,-0.827145916135887
TOKYOTECH_s05,150,221,157.36666666666667,0.4082491099834442,-0.9106852442812294
TOKYOTECH_s05,150,222,157.4,0.3502271771430969,-0.9292455875567126
TOKYOTECH_s05,150,223,157.43333333333334,0.033475205302238464,-0.849688871493152
TOKYOTECH_s05,150,224,157.46666666666667,-0.37178781628608704,-0.6627062246169292
TOKYOTECH_s05,150,225,157.5,-0.7187172174453735,-0.38887922432855176
TOKYOTECH_s05,150,226,157.53333333333333,-0.9396742582321167,-0.07119946142402449
TOKYOTECH_s05,150,227,157.56666666666666,-1.1467758417129517,0.23978595526482444
TOKYOTECH_s05,150,228,157.6,-1.2265158891677856,0.4997318160911312
TOKYOTECH_s05,150,229,157.63333333333333,-1.20438814163208,0.6784702998591972
TOKYOTECH_s05,150,230,157.66666666666666,-1.2742708921432495,0.7625681259128751
TOKYOTECH_s05,150,231,157.7,-1.276363492012024,0.7551463303515727
TOKYOTECH_s05,150,232,157.73333333333332,-1.2498903274536133,0.6742727150882856
TOKYOTECH_s05,150,233,157.76666666666668,-1.2818843126296997,0.5491294506620313
TOKYOTECH_s05,150,234,157.8,-0.4434870779514313,0.41337015020676415
TOKYOTECH_s05,150,235,157.83333333333334,1.4945484399795532,0.2969939450898359
TOKYOTECH_s05,150,236,157.86666666666667,2.507429838180542,0.21942159017485593
TOKYOTECH_s05,150,237,157.9,2.2304365634918213,0.18609135281950925
TOKYOTECH_s05,150,238,157.93333333333334,1.7708470821380615,0.18910427407792532
TOKYOTECH_s05,150,239,157.96666666666667,1.337419033050537,0.2108118620366591
TOKYOTECH_s05,151,0,151.0,-1.1464018821716309,-0.05912771242223921
TOKYOTECH_s05,151,1,151.03333333333333,-1.1224308013916016,-1.1526486509726341
TOKYOTECH_s05,151,2,151.06666666666666,-1.1097686290740967,-2.0800209212995755
TOKYOTECH_s05,151,3,151.1,-0.6757617592811584,-2.716258247541287
TOKYOTECH_s05,151,4,151.13333333333333,0.9199034571647644,-3.0073034415632285
TOKYOTECH_s05,151,5,151.16666666666666,2.135006904602051,-2.9770308048109206
TOKYOTECH_s05,151,6,151.2,2.2039902210235596,-2.710043997554034
TOKYOTECH_s05,151,7,151.23333333333332,1.941110610961914,-2.3201740851063954
TOKYOTECH_s05,151,8,151.26666666666668,1.5031235218048096,-1.9172978711386772
TOKYOTECH_s05,151,9,151.3,1.0128310918807983,-1.5812608137593374
TOKYOTECH_s05,151,10,151.33333333333334,0.6169178485870361,-1.3481990509512394
TOKYOTECH_s05,151,11,151.36666666666667,0.2776285409927368,-1.211595243878058
TOKYOTECH_s05,151,12,151.4,0.22085325419902802,-1.1358894037543719
TOKYOTECH_s05,151,13,151.43333333333334,0.3927285075187683,-1.07567114461316
TOKYOTECH_s05,151,14,151.46666666666667,0.4963950514793396,-0.9914355273960508
TOKYOTECH_s05,151,15,151.5,0.36037835478782654,-0.855872885826115
TOKYOTECH_s05,151,16,151.53333333333333,0.07589638978242874,-0.6518013493590177
TOKYOTECH_s05,151,17,151.56666666666666,-0.24101586639881134,-0.36879372587632264
TOKYOTECH_s05,151,18,151.6,-0.5178844332695007,-0.005244291078953613
TOKYOTECH_s05,151,19,151.63333333333333,-0.7996416091918945,0.42397088323071014
TOKYOTECH_s05,151,20,151.66666666666666,-0.9618109464645386,0.8819269708550954
TOKYOTECH_s05,151,21,151.7,-1.0540529489517212,1.3147987671508263
TOKYOTECH_s05,151,22,151.73333333333332,-1.064658284187317,1.6676633085020247
TOKYOTECH_s05,151,23,151.76666666666668,-1.0446853637695312,1.901743129899491
TOKYOTECH_s05,151,24,151.8,-1.0463060140609741,2.003625344086118
TOKYOTECH_s05,151,25,151.83333333333334,-1.123339056968689,1.9835240002948127
TOKYOTECH_s05,151,26,151.86666666666667,-1.1611655950546265,1.8659488971504432
TOKYOTECH_s05,151,27,151.9,-0.6462165117263794,1.6787221876261997
TOKYOTECH_s05,151,28,151.93333333333334,0.949297308921814,1.4451047904114802
TOKYOTECH_s05,151,29,151.96666666666667,2.2368390560150146,1.1807342755832901
TOKYOTECH_s05,151,30,152.0,2.391947031021118,0.8944394658379347
TOKYOTECH_s05,151,31,152.03333333333333,2.01809024810791,0.5910195315845405
TOKYOTECH_s05,151,32,152.06666666666666,1.707624912261963,0.2745709085658582
TOKYOTECH_s05,151,33,152.1,1.39496910572052,-0.04846485530002109
TOKYOTECH_s05,151,34,152.13333333333333,0.9558243155479431,-0.3675762902558269
TOKYOTECH_s05,151,35,152.16666666666666,0.6656701564788818,-0.668870027538787
TOKYOTECH_s05,151,36,152.2,0.5275253057479858,-0.9380192022344338
TOKYOTECH_s05,151,37,152.23333333333332,0.5645503401756287,-1.1633707465021725
TOKYOTECH_s05,151,38,152.26666666666668,0.62760329246521,-1.3361812620393942
TOKYOTECH_s05,151,39,152.3,0.43963757157325745,-1.4468280029940264
TOKYOTECH_s05,151,40,152.33333333333334,0.23331068456172943,-1.4801238772861187
TOKYOTECH_s05,151,41,152.36666666666667,-0.11082271486520767,-1.4155793568677624
TOKYOTECH_s05,151,42,152.4,-0.48019155859947205,-1.2360515528828577
TOKYOTECH_s05,151,43,152.43333333333334,-0.7187528610229492,-0.9415281542207936
TOKYOTECH_s05,151,44,152.46666666666667,-0.891019880771637,-0.5585626735331721
TOKYOTECH_s05,151,45,152.5,-0.9447142481803894,-0.13670869712268177
TOKYOTECH_s05,151,46,152.53333333333333,-0.9854079484939575,0.2673506005509946
TOKYOTECH_s05,151,47,152.56666666666666,-1.049582839012146,0.6081463783453862
TOKYOTECH_s05,151,48,152.6,-1.0179896354675293,0.8620660489006722
TOKYOTECH_s05,151,49,152.63333333333333,-1.0131633281707764,1.026704691657175
TOKYOTECH_s05,151,50,152.66666666666666,-1.130507230758667,1.1122030973791819
TOKYOTECH_s05,151,51,152.7,-1.2765772342681885,1.130972533786151
TOKYOTECH_s05,151,52,152.73333333333332,-1.2138270139694214,1.0909896091422193
TOKYOTECH_s05,151,53,152.76666666666668,-0.26649171113967896,0.9944932761474956
TOKYOTECH_s05,151,54,152.8,1.482936978340149,0.8411044632731728
TOKYOTECH_s05,151,55,152.83333333333334,2.3040149211883545,0.6329234860094589
TOKYOTECH_s05,151,56,152.86666666666667,2.2275338172912598,0.37878154248750373
TOKYOTECH_s05,151,57,152.9,1.8379071950912476,0.09542876115408526
TOKYOTECH_s05,151,58,152.93333333333334,1.3686294555664062,-0.19510758268625245
TOKYOTECH_s05,151,59,152.96666666666667,1.0015491247177124,-0.4709339684098875
TOKYOTECH_s05,151,60,153.0,0.6822771430015564,-0.7159037677542851
TOKYOTECH_s05,151,61,153.03333333333333,0.37158024311065674,-0.9224253506771843
TOKYOTECH_s05,151,62,153.06666666666666,0.36628204584121704,-1.0895157039416863
TOKYOTECH_s05,151,63,153.1,0.5514072179794312,-1.2165097800596192
TOKYOTECH_s05,151,64,153.13333333333333,0.5043557286262512,-1.295573698049935
TOKYOTECH_s05,151,65,153.16666666666666,0.3052592873573303,-1.3077791974915751
TOKYOTECH_s05,151,66,153.2,-0.010433036834001541,-1.226626785277498
TOKYOTECH_s05,151,67,153.23333333333332,-0.34953537583351135,-1.0291488030056604
TOKYOTECH_s05,151,68,153.26666666666668,-0.5956476926803589,-0.7096410798466372
TOKYOTECH_s05,151,69,153.3,-0.8464081883430481,-0.2884846784504764
TOKYOTECH_s05,151,70,153.33333333333334,-0.9675988554954529,0.18900688997047213
TOKYOTECH_s05,151,71,153.36666666666667,-1.041337251663208,0.6630682853143108
TOKYOTECH_s05,151,72,153.4,-1.0566976070404053,1.0737682635389736
TOKYOTECH_s05,151,73,153.43333333333334,-1.0450326204299927,1.3728849439295916
TOKYOTECH_s05,151,74,153.46666666666667,-0.9832975268363953,1.5307861812659964
TOKYOTECH_s05,151,75,153.5,-1.0137689113616943,1.5393894292619321
TOKYOTECH_s05,151,76,153.53333333333333,-1.0933575630187988,1.4123199014202232
TOKYOTECH_s05,151,77,153.56666666666666,-1.2130076885223389,1.1815649645015929
TOKYOTECH_s05,151,78,153.6,-1.3200135231018066,0.8897206874133191
TOKYOTECH_s05,151,79,153.63333333333333,-0.7903987169265747,0.5791839231056027
TOKYOTECH_s05,151,80,153.66666666666666,0.8767520785331726,0.282539360217312
TOKYOTECH_s05,151,81,153.7,2.1457278728485107,0.018579794526249815
TOKYOTECH_s05,151,82,153.73333333333332,2.151132822036743,-0.20543295671127676
TOKYOTECH_s05,151,83,153.76666666666668,1.701222538948059,-0.38900783314052106
TOKYOTECH_s05,151,84,153.8,1.197555661201477,-0.5356008225456552
TOKYOTECH_s05,151,85,153.83333333333334,0.7658906579017639,-0.6528026207205253
TOKYOTECH_s05,151,86,153.86666666666667,0.3420884311199188,-0.752218385207456
TOKYOTECH_s05,151,87,153.9,0.07328736037015915,-0.8450141769740436
TOKYOTECH_s05,151,88,153.93333333333334,0.21712225675582886,-0.9337553832715355
TOKYOTECH_s05,151,89,153.96666666666667,0.4230039119720459,-1.0062595318684422
TOKYOTECH_s05,151,90,154.0,0.43210434913635254,-1.0371994081697509
TOKYOTECH_s05,151,91,154.03333333333333,0.234548419713974,-0.9982186480586158
TOKYOTECH_s05,151,92,154.06666666666666,-0.05989770591259003,-0.8713379992774787
TOKYOTECH_s05,151,93,154.1,-0.38276708126068115,-0.6580305603308029
TOKYOTECH_s05,151,94,154.13333333333333,-0.621791422367096,-0.3794651731752641
TOKYOTECH_s05,151,95,154.16666666666666,-0.8313595652580261,-0.06907756208295245
TOKYOTECH_s05,151,96,154.2,-0.9913561344146729,0.2376083092331595
TOKYOTECH_s05,151,97,154.23333333333332,-1.0530378818511963,0.5110630812192346
TOKYOTECH_s05,151,98,154.26666666666668,-1.048763632774353,0.7318334970883842
TOKYOTECH_s05,151,99,154.3,-1.0377309322357178,0.8913297458341353
TOKYOTECH_s05,151,100,154.33333333333334,-1.102502465248108,0.9901577732263221
TOKYOTECH_s05,151,101,154.36666666666667,-1.112074851989746,1.0340951248186743
TOKYOTECH_s05,151,102,154.4,-1.174103856086731,1.0285068537063613
TOKYOTECH_s05,151,103,154.43333333333334,-0.9419894218444824,0.9738095973779214
TOKYOTECH_s05,151,104,154.46666666666667,0.3894694447517395,0.8654675771880863
TOKYOTECH_s05,151,105,154.5,1.8631515502929688,0.6998845722467052
TOKYOTECH_s05,151,106,154.53333333333333,2.1207773685455322,0.4827689277742131
TOKYOTECH_s05,151,107,154.56666666666666,1.6793798208236694,0.23326635947464663
TOKYOTECH_s05,151,108,154.6,1.2108055353164673,-0.0208448364248035
TOKYOTECH_s05,151,109,154.63333333333333,0.8284984230995178,-0.2551364574694235
TOKYOTECH_s05,151,110,154.66666666666666,0.279213547706604,-0.45950062861937535
TOKYOTECH_s05,151,111,154.7,-0.05979975685477257,-0.6393209594257442
TOKYOTECH_s05,151,112,154.73333333333332,-0.1104932501912117,-0.8051277409664996
TOKYOTECH_s05,151,113,154.76666666666668,0.1416652500629425,-0.957816788786055
TOKYOTECH_s05,151,114,154.8,0.3115993142127991,-1.0797087919963166
TOKYOTECH_s05,151,115,154.83333333333334,0.23504707217216492,-1.1375455750388006
TOKYOTECH_s05,151,116,154.86666666666667,-0.08587222546339035,-1.0954281774217889
TOKYOTECH_s05,151,117,154.9,-0.40798473358154297,-0.9301347827817261
TOKYOTECH_s05,151,118,154.93333333333334,-0.7082098722457886,-0.6420583550416035
TOKYOTECH_s05,151,119,154.96666666666667,-0.9705730080604553,-0.2589701962580527
TOKYOTECH_s05,151,120,155.0,-1.1514774560928345,0.16768669146057688
TOKYOTECH_s05,151,121,155.03333333333333,-1.2308435440063477,0.5732854743288364
TOKYOTECH_s05,151,122,155.06666666666666,-1.297200083732605,0.8952551284094045
TOKYOTECH_s05,151,123,155.1,-1.24882173538208,1.0891033473584009
TOKYOTECH_s05,151,124,155.13333333333333,-1.242517352104187,1.139793040938504
TOKYOTECH_s05,151,125,155.16666666666666,-1.2895866632461548,1.0635011128702425
TOKYOTECH_s05,151,126,155.2,-1.2722495794296265,0.8980831218077253
TOKYOTECH_s05,151,127,155.23333333333332,-1.366049885749817,0.6862546136806069
TOKYOTECH_s05,151,128,155.26666666666668,-1.3636012077331543,0.460674335847183
TOKYOTECH_s05,151,129,155.3,-0.26709723472595215,0.23936090556508655
TOKYOTECH_s05,151,130,155.33333333333334,1.6044303178787231,0.03170086458138245
TOKYOTECH_s05,151,131,155.36666666666667,2.454296588897705,-0.1528485254437486
TOKYOTECH_s05,151,132,155.4,2.265965700149536,-0.3017212507983432
TOKYOTECH_s05,151,133,155.43333333333334,1.8418073654174805,-0.403914055775932
TOKYOTECH_s05,151,134,155.46666666666667,1.3256651163101196,-0.4573836845962075
TOKYOTECH_s05,151,135,155.5,0.8743478655815125,-0.47222488821506464
TOKYOTECH_s05,151,136,155.53333333333333,0.5161007642745972,-0.467185963797924
TOKYOTECH_s05,151,137,155.56666666666666,0.20580458641052246,-0.46272991706927896
TOKYOTECH_s05,151,138,155.6,0.21390771865844727,-0.474988879154574
TOKYOTECH_s05,151,139,155.63333333333333,0.48531782627105713,-0.5119941269299415
TOKYOTECH_s05,151,140,155.66666666666666,0.459574818611145,-0.5705530754652126
TOKYOTECH_s05,151,141,155.7,0.18748797476291656,-0.6328907262011989
TOKYOTECH_s05,151,142,155.73333333333332,-0.04184821993112564,-0.6664901588640995
TOKYOTECH_s05,151,143,155.76666666666668,-0.3752160370349884,-0.6322683813525489
TOKYOTECH_s05,151,144,155.8,-0.7821887135505676,-0.5009096125578301
TOKYOTECH_s05,151,145,155.83333333333334,-0.9697359800338745,-0.2693568979307268
TOKYOTECH_s05,151,146,155.86666666666667,-1.1051650047302246,0.03335471672955207
TOKYOTECH_s05,151,147,155.9,-1.143596887588501,0.3562863318954727
TOKYOTECH_s05,151,148,155.93333333333334,-1.1634807586669922,0.6473803382322388
TOKYOTECH_s05,151,149,155.96666666666667,-1.1834357976913452,0.8720184934104765
TOKYOTECH_s05,151,150,156.0,-1.19461989402771,1.0190089891339928
TOKYOTECH_s05,151,151,156.03333333333333,-1.2313154935836792,1.0930787689627839
TOKYOTECH_s05,151,152,156.06666666666666,-1.2145482301712036,1.1016975593871656
TOKYOTECH_s05,151,153,156.1,-1.345898985862732,1.0463339459457253
TOKYOTECH_s05,151,154,156.13333333333333,-1.315650224685669,0.9231055290662653
TOKYOTECH_s05,151,155,156.16666666666666,-0.4299432933330536,0.7303558952193706
TOKYOTECH_s05,151,156,156.2,1.5198551416397095,0.47682423603241025
TOKYOTECH_s05,151,157,156.23333333333332,2.462738037109375,0.1849003885783539
TOKYOTECH_s05,151,158,156.26666666666668,2.179565191268921,-0.11302164259099001
TOKYOTECH_s05,151,159,156.3,1.718898057937622,-0.3832592025600306
TOKYOTECH_s05,151,160,156.33333333333334,1.2612942457199097,-0.6005359355301818
TOKYOTECH_s05,151,161,156.36666666666667,0.8501542806625366,-0.7545955074240521
TOKYOTECH_s05,151,162,156.4,0.43971771001815796,-0.8514181151970265
TOKYOTECH_s05,151,163,156.43333333333334,0.11409682780504227,-0.9085942560761635
TOKYOTECH_s05,151,164,156.46666666666667,0.1731516718864441,-0.9456142725463246
TOKYOTECH_s05,151,165,156.5,0.47377753257751465,-0.9717459194821468
TOKYOTECH_s05,151,166,156.53333333333333,0.48097240924835205,-0.9771685828209434
TOKYOTECH_s05,151,167,156.56666666666666,0.19413965940475464,-0.9337730185081242
TOKYOTECH_s05,151,168,156.6,-0.07419838011264801,-0.8077378695550633
TOKYOTECH_s05,151,169,156.63333333333333,-0.36698827147483826,-0.5786666885172209
TOKYOTECH_s05,151,170,156.66666666666666,-0.697568953037262,-0.25469667306032634
TOKYOTECH_s05,151,171,156.7,-0.8995682597160339,0.12553529081843112
TOKYOTECH_s05,151,172,156.73333333333332,-1.085450291633606,0.5046617881413514
TOKYOTECH_s05,151,173,156.76666666666668,-1.137292504310608,0.8244690831753602
TOKYOTECH_s05,151,174,156.8,-1.1535077095031738,1.041155072456902
TOKYOTECH_s05,151,175,156.83333333333334,-1.1009441614151,1.1335414555216412
TOKYOTECH_s05,151,176,156.86666666666667,-1.139313817024231,1.1043254805814082
TOKYOTECH_s05,151,177,156.9,-1.134834885597229,0.9764052156543515
TOKYOTECH_s05,151,178,156.93333333333334,-1.180711030960083,0.7858455716204968
TOKYOTECH_s05,151,179,156.96666666666667,-1.2335683107376099,0.5722863365411406
TOKYOTECH_s05,151,180,157.0,-1.1003209352493286,0.368363975529952
TOKYOTECH_s05,151,181,157.03333333333333,0.2899613082408905,0.19151253943807175
TOKYOTECH_s05,151,182,157.06666666666666,1.9434614181518555,0.042202108401419317
TOKYOTECH_s05,151,183,157.1,2.2205259799957275,-0.08997201847142122
TOKYOTECH_s05,151,184,157.13333333333333,1.7666263580322266,-0.21633757423752376
TOKYOTECH_s05,151,185,157.16666666666666,1.2837337255477905,-0.34227175431009693
TOKYOTECH_s05,151,186,157.2,0.6726335287094116,-0.46707380307568885
TOKYOTECH_s05,151,187,157.23333333333332,0.041329000145196915,-0.5879704298610369
TOKYOTECH_s05,151,188,157.26666666666668,-0.30165570974349976,-0.7021878314162843
TOKYOTECH_s05,151,189,157.3,-0.23493406176567078,-0.8034222899274639
TOKYOTECH_s05,151,190,157.33333333333334,0.1761436015367508,-0.8756418740724884
TOKYOTECH_s05,151,191,157.36666666666667,0.4082491099834442,-0.8916245428155195
TOKYOTECH_s05,151,192,157.4,0.3502271771430969,-0.8210931364699736
TOKYOTECH_s05,151,193,157.43333333333334,0.033475205302238464,-0.6458864457389389
TOKYOTECH_s05,151,194,157.46666666666667,-0.37178781628608704,-0.3732966547052239
TOKYOTECH_s05,151,195,157.5,-0.7187172174453735,-0.03864378095164867
TOKYOTECH_s05,151,196,157.53333333333333,-0.9396742582321167,0.30498436685720504
TOKYOTECH_s05,151,197,157.56666666666666,-1.1467758417129517,0.6038558164222737
TOKYOTECH_s05,151,198,157.6,-1.2265158891677856,0.8186666957133019
TOKYOTECH_s05,151,199,157.63333333333333,-1.20438814163208,0.9316220810157576
TOKYOTECH_s05,151,200,157.66666666666666,-1.2742708921432495,0.9452490023341932
TOKYOTECH_s05,151,201,157.7,-1.276363492012024,0.8766431001247003
TOKYOTECH_s05,151,202,157.73333333333332,-1.2498903274536133,0.7508048997667622
TOKYOTECH_s05,151,203,157.76666666666668,-1.2818843126296997,0.5946234303948915
TOKYOTECH_s05,151,204,157.8,-0.4434870779514313,0.4318786552441947
TOKYOTECH_s05,151,205,157.83333333333334,1.4945484399795532,0.2797053008430123
TOKYOTECH_s05,151,206,157.86666666666667,2.507429838180542,0.1471345294847152
TOKYOTECH_s05,151,207,157.9,2.2304365634918213,0.03573990850406158
TOKYOTECH_s05,151,208,157.93333333333334,1.7708470821380615,-0.05874878600243332
TOKYOTECH_s05,151,209,157.96666666666667,1.337419033050537,-0.14519615894624696
TOKYOTECH_s05,151,210,158.0,0.7438519597053528,-0.23594205239730726
TOKYOTECH_s05,151,211,158.03333333333333,0.1907559335231781,-0.34400390468624975
TOKYOTECH_s05,151,212,158.06666666666666,0.016360696405172348,-0.4773047363658288
TOKYOTECH_s05,151,213,158.1,0.09778372943401337,-0.6312815874437034
TOKYOTECH_s05,151,214,158.13333333333333,0.36613067984580994,-0.784126949052542
TOKYOTECH_s05,151,215,158.16666666666666,0.522663414478302,-0.8991373212599841
TOKYOTECH_s05,151,216,158.2,0.27791348099708557,-0.9350549196584378
TOKYOTECH_s05,151,217,158.23333333333332,-0.05002257972955704,-0.8607152864467278
TOKYOTECH_s05,151,218,158.26666666666668,-0.41271302103996277,-0.6681412738646764
TOKYOTECH_s05,151,219,158.3,-0.7571046352386475,-0.3788103289035435
TOKYOTECH_s05,151,220,158.33333333333334,-0.9417757391929626,-0.04010343546892285
TOKYOTECH_s05,151,221,158.36666666666667,-1.1169100999832153,0.2875172728511606
TOKYOTECH_s05,151,222,158.4,-1.1670781373977661,0.5480936683370833
TOKYOTECH_s05,151,223,158.43333333333334,-1.2135063409805298,0.705813426046833
TOKYOTECH_s05,151,224,158.46666666666667,-1.1573811769485474,0.7530705931478129
TOKYOTECH_s05,151,225,158.5,-1.1235617399215698,0.708579413274069
TOKYOTECH_s05,151,226,158.53333333333333,-1.1924738883972168,0.6067608777244164
TOKYOTECH_s05,151,227,158.56666666666666,-1.3196306228637695,0.48271675576384865
TOKYOTECH_s05,151,228,158.6,-1.1993749141693115,0.35910898071194874
TOKYOTECH_s05,151,229,158.63333333333333,0.1505252569913864,0.24083110555738693
TOKYOTECH_s05,151,230,158.66666666666666,2.0567359924316406,0.11980208210661067
TOKYOTECH_s05,151,231,158.7,2.593287467956543,-0.013182411004278057
TOKYOTECH_s05,151,232,158.73333333333332,2.2313003540039062,-0.15694077492613304
TOKYOTECH_s05,151,233,158.76666666666668,1.7967325448989868,-0.29592165875515414
TOKYOTECH_s05,151,234,158.8,1.3534561395645142,-0.40548796921342384
TOKYOTECH_s05,151,235,158.83333333333334,0.8547579050064087,-0.46211094732917
TOKYOTECH_s05,151,236,158.86666666666667,0.3565761148929596,-0.45221784453918457
TOKYOTECH_s05,151,237,158.9,0.22237592935562134,-0.3758744694824165
TOKYOTECH_s05,151,238,158.93333333333334,0.40417081117630005,-0.24542695882412482
TOKYOTECH_s05,151,239,158.96666666666667,0.5327255129814148,-0.0817353457100829
TOKYOTECH_s05,152,0,152.0,2.391947031021118,-0.12673981411281163
TOKYOTECH_s05,152,1,152.03333333333333,2.01809024810791,-1.4399915031736927
TOKYOTECH_s05,152,2,152.06666666666666,1.707624912261963,-2.5706720482706946
TOKYOTECH_s05,152,3,152.1,1.39496910572052,-3.379012715186605
TOKYOTECH_s05,152,4,152.13333333333333,0.9558243155479431,-3.7970798539784836
TOKYOTECH_s05,152,5,152.16666666666666,0.6656701564788818,-3.8389227039765905
TOKYOTECH_s05,152,6,152.2,0.5275253057479858,-3.5864171219435645
TOKYOTECH_s05,152,7,152.23333333333332,0.5645503401756287,-3.158073747680584
TOKYOTECH_s05,152,8,152.26666666666668,0.62760329246521,-2.6722484689546415
TOKYOTECH_s05,152,9,152.3,0.43963757157325745,-2.214984814142668
TOKYOTECH_s05,152,10,152.33333333333334,0.23331068456172943,-1.8213007118704925
TOKYOTECH_s05,152,11,152.36666666666667,-0.11082271486520767,-1.4761024056677403
TOKYOTECH_s05,152,12,152.4,-0.48019155859947205,-1.1344919708184205
TOKYOTECH_s05,152,13,152.43333333333334,-0.7187528610229492,-0.7524924562296049
TOKYOTECH_s05,152,14,152.46666666666667,-0.891019880771637,-0.31298256276927033
TOKYOTECH_s05,152,15,152.5,-0.9447142481803894,0.16608575541364787
TOKYOTECH_s05,152,16,152.53333333333333,-0.9854079484939575,0.6426218735544424
TOKYOTECH_s05,152,17,152.56666666666666,-1.049582839012146,1.0704360720044233
TOKYOTECH_s05,152,18,152.6,-1.0179896354675293,1.4159238004681334
TOKYOTECH_s05,152,19,152.63333333333333,-1.0131633281707764,1.6645085528260337
TOKYOTECH_s05,152,20,152.66666666666666,-1.130507230758667,1.8172871996486721
TOKYOTECH_s05,152,21,152.7,-1.2765772342681885,1.8828683368387504
TOKYOTECH_s05,152,22,152.73333333333332,-1.2138270139694214,1.8697312513363573
TOKYOTECH_s05,152,23,152.76666666666668,-0.26649171113967896,1.782303467483328
TOKYOTECH_s05,152,24,152.8,1.482936978340149,1.6217299079335767
TOKYOTECH_s05,152,25,152.83333333333334,2.3040149211883545,1.3903901002611843
TOKYOTECH_s05,152,26,152.86666666666667,2.2275338172912598,1.0974084969667297
TOKYOTECH_s05,152,27,152.9,1.8379071950912476,0.7615425576633431
TOKYOTECH_s05,152,28,152.93333333333334,1.3686294555664062,0.40889587453913184
TOKYOTECH_s05,152,29,152.96666666666667,1.0015491247177124,0.06588808926476036
TOKYOTECH_s05,152,30,153.0,0.6822771430015564,-0.24860894394542968
TOKYOTECH_s05,152,31,153.03333333333333,0.37158024311065674,-0.5268509510946521
TOKYOTECH_s05,152,32,153.06666666666666,0.36628204584121704,-0.7689440506833563
TOKYOTECH_s05,152,33,153.1,0.5514072179794312,-0.9744542352081096
TOKYOTECH_s05,152,34,153.13333333333333,0.5043557286262512,-1.1337247026038093
TOKYOTECH_s05,152,35,153.16666666666666,0.3052592873573303,-1.2243080915784506
TOKYOTECH_s05,152,36,153.2,-0.010433036834001541,-1.215958382560264
TOKYOTECH_s05,152,37,153.23333333333332,-0.34953537583351135,-1.0833389698778886
TOKYOTECH_s05,152,38,153.26666666666668,-0.5956476926803589,-0.8206167258291455
TOKYOTECH_s05,152,39,153.3,-0.8464081883430481,-0.4500958808172216
TOKYOTECH_s05,152,40,153.33333333333334,-0.9675988554954529,-0.020185338122266767
TOKYOTECH_s05,152,41,153.36666666666667,-1.041337251663208,0.4060832196732493
TOKYOTECH_s05,152,42,153.4,-1.0566976070404053,0.7662871849530676
TOKYOTECH_s05,152,43,153.43333333333334,-1.0450326204299927,1.0115579265718309
TOKYOTECH_s05,152,44,153.46666666666667,-0.9832975268363953,1.11458009310525
TOKYOTECH_s05,152,45,153.5,-1.0137689113616943,1.0731198839806264
TOKYOTECH_s05,152,46,153.53333333333333,-1.0933575630187988,0.9094555563695526
TOKYOTECH_s05,152,47,153.56666666666666,-1.2130076885223389,0.6647294844011449
TOKYOTECH_s05,152,48,153.6,-1.3200135231018066,0.38791555095502595
TOKYOTECH_s05,152,49,153.63333333333333,-0.7903987169265747,0.12214751209095673
TOKYOTECH_s05,152,50,153.66666666666666,0.8767520785331726,-0.1057775519308213
TOKYOTECH_s05,152,51,153.7,2.1457278728485107,-0.2874781570287805
TOKYOTECH_s05,152,52,153.73333333333332,2.151132822036743,-0.42670274233095873
TOKYOTECH_s05,152,53,153.76666666666668,1.701222538948059,-0.5303549294160976
TOKYOTECH_s05,152,54,153.8,1.197555661201477,-0.6034074738689588
TOKYOTECH_s05,152,55,153.83333333333334,0.7658906579017639,-0.6499083826648079
TOKYOTECH_s05,152,56,153.86666666666667,0.3420884311199188,-0.6762263214993994
TOKYOTECH_s05,152,57,153.9,0.07328736037015915,-0.6907223017701314
TOKYOTECH_s05,152,58,153.93333333333334,0.21712225675582886,-0.6985670648602752
TOKYOTECH_s05,152,59,153.96666666666667,0.4230039119720459,-0.6962517456005612
TOKYOTECH_s05,152,60,154.0,0.43210434913635254,-0.6712588353718422
TOKYOTECH_s05,152,61,154.03333333333333,0.234548419713974,-0.6081403355811309
TOKYOTECH_s05,152,62,154.06666666666666,-0.05989770591259003,-0.4969023651540278
TOKYOTECH_s05,152,63,154.1,-0.38276708126068115,-0.3379495570146898
TOKYOTECH_s05,152,64,154.13333333333333,-0.621791422367096,-0.14147848151301984
TOKYOTECH_s05,152,65,154.16666666666666,-0.8313595652580261,0.0762861122120997
TOKYOTECH_s05,152,66,154.2,-0.9913561344146729,0.29687865546645154
TOKYOTECH_s05,152,67,154.23333333333332,-1.0530378818511963,0.5023587189508008
TOKYOTECH_s05,152,68,154.26666666666668,-1.048763632774353,0.6776496767710791
TOKYOTECH_s05,152,69,154.3,-1.0377309322357178,0.8127784997751352
TOKYOTECH_s05,152,70,154.33333333333334,-1.102502465248108,0.903864093877758
TOKYOTECH_s05,152,71,154.36666666666667,-1.112074851989746,0.9512230259036467
TOKYOTECH_s05,152,72,154.4,-1.174103856086731,0.9548644792733647
TOKYOTECH_s05,152,73,154.43333333333334,-0.9419894218444824,0.9104401280181332
TOKYOTECH_s05,152,74,154.46666666666667,0.3894694447517395,0.8096935441844337
TOKYOTECH_s05,152,75,154.5,1.8631515502929688,0.6469052160286007
TOKYOTECH_s05,152,76,154.53333333333333,2.1207773685455322,0.4277217353901414
TOKYOTECH_s05,152,77,154.56666666666666,1.6793798208236694,0.17338895175896452
TOKYOTECH_s05,152,78,154.6,1.2108055353164673,-0.08455348982114558
TOKYOTECH_s05,152,79,154.63333333333333,0.8284984230995178,-0.31739838305688395
TOKYOTECH_s05,152,80,154.66666666666666,0.279213547706604,-0.5117293603973952
TOKYOTECH_s05,152,81,154.7,-0.05979975685477257,-0.6718823987670601
TOKYOTECH_s05,152,82,154.73333333333332,-0.1104932501912117,-0.8102137741161267
TOKYOTECH_s05,152,83,154.76666666666668,0.1416652500629425,-0.9320707243996269
TOKYOTECH_s05,152,84,154.8,0.3115993142127991,-1.025861293719217
TOKYOTECH_s05,152,85,154.83333333333334,0.23504707217216492,-1.0645523017112257
TOKYOTECH_s05,152,86,154.86666666666667,-0.08587222546339035,-1.016789887492922
TOKYOTECH_s05,152,87,154.9,-0.40798473358154297,-0.8604339950199795
TOKYOTECH_s05,152,88,154.93333333333334,-0.7082098722457886,-0.5925628557843954
TOKYOTECH_s05,152,89,154.96666666666667,-0.9705730080604553,-0.23407787806479874
TOKYOTECH_s05,152,90,155.0,-1.1514774560928345,0.17126394323551453
TOKYOTECH_s05,152,91,155.03333333333333,-1.2308435440063477,0.5639084559140283
TOKYOTECH_s05,152,92,155.06666666666666,-1.297200083732605,0.8816907996893733
TOKYOTECH_s05,152,93,155.1,-1.24882173538208,1.0766002960648455
TOKYOTECH_s05,152,94,155.13333333333333,-1.242517352104187,1.1290481869803768
TOKYOTECH_s05,152,95,155.16666666666666,-1.2895866632461548,1.0524832849326224
TOKYOTECH_s05,152,96,155.2,-1.2722495794296265,0.8850092989075912
TOKYOTECH_s05,152,97,155.23333333333332,-1.366049885749817,0.6719056713004785
TOKYOTECH_s05,152,98,155.26666666666668,-1.3636012077331543,0.4490608309920702
TOKYOTECH_s05,152,99,155.3,-0.26709723472595215,0.23662918493867985
TOKYOTECH_s05,152,100,155.33333333333334,1.6044303178787231,0.043765443899029116
TOKYOTECH_s05,152,101,155.36666666666667,2.454296588897705,-0.12313189977128645
TOKYOTECH_s05,152,102,155.4,2.265965700149536,-0.25686418277063566
TOKYOTECH_s05,152,103,155.43333333333334,1.8418073654174805,-0.3526419835116053
TOKYOTECH_s05,152,104,155.46666666666667,1.3256651163101196,-0.4134417783434384
TOKYOTECH_s05,152,105,155.5,0.8743478655815125,-0.4512277357571349
TOKYOTECH_s05,152,106,155.53333333333333,0.5161007642745972,-0.4823047245619499
TOKYOTECH_s05,152,107,155.56666666666666,0.20580458641052246,-0.5205001416571143
TOKYOTECH_s05,152,108,155.6,0.21390771865844727,-0.5726136821409838
TOKYOTECH_s05,152,109,155.63333333333333,0.48531782627105713,-0.6371007009907703
TOKYOTECH_s05,152,110,155.66666666666666,0.459574818611145,-0.7035066592921532
TOKYOTECH_s05,152,111,155.7,0.18748797476291656,-0.7509291314370317
TOKYOTECH_s05,152,112,155.73333333333332,-0.04184821993112564,-0.7486328276426182
TOKYOTECH_s05,152,113,155.76666666666668,-0.3752160370349884,-0.6640603595872017
TOKYOTECH_s05,152,114,155.8,-0.7821887135505676,-0.47803435876565736
TOKYOTECH_s05,152,115,155.83333333333334,-0.9697359800338745,-0.19902517417062915
TOKYOTECH_s05,152,116,155.86666666666667,-1.1051650047302246,0.13396281251179054
TOKYOTECH_s05,152,117,155.9,-1.143596887588501,0.4642638192676457
TOKYOTECH_s05,152,118,155.93333333333334,-1.1634807586669922,0.7397533408190736
TOKYOTECH_s05,152,119,155.96666666666667,-1.1834357976913452,0.9311619521448239
TOKYOTECH_s05,152,120,156.0,-1.19461989402771,1.0365184149473847
TOKYOTECH_s05,152,121,156.03333333333333,-1.2313154935836792,1.0714393810522524
TOKYOTECH_s05,152,122,156.06666666666666,-1.2145482301712036,1.0534105818702755
TOKYOTECH_s05,152,123,156.1,-1.345898985862732,0.9903627295401591
TOKYOTECH_s05,152,124,156.13333333333333,-1.315650224685669,0.8792835923383439
TOKYOTECH_s05,152,125,156.16666666666666,-0.4299432933330536,0.7135049553948134
TOKYOTECH_s05,152,126,156.2,1.5198551416397095,0.49266088113549805
TOKYOTECH_s05,152,127,156.23333333333332,2.462738037109375,0.22900061424355747
TOKYOTECH_s05,152,128,156.26666666666668,2.179565191268921,-0.05317767311402538
TOKYOTECH_s05,152,129,156.3,1.718898057937622,-0.32411970543266877
TOKYOTECH_s05,152,130,156.33333333333334,1.2612942457199097,-0.557633163944422
TOKYOTECH_s05,152,131,156.36666666666667,0.8501542806625366,-0.7384433459491884
TOKYOTECH_s05,152,132,156.4,0.43971771001815796,-0.8651036858933318
TOKYOTECH_s05,152,133,156.43333333333334,0.11409682780504227,-0.9474177848833831
TOKYOTECH_s05,152,134,156.46666666666667,0.1731516718864441,-0.9987373548053541
TOKYOTECH_s05,152,135,156.5,0.47377753257751465,-1.0255063195519023
TOKYOTECH_s05,152,136,156.53333333333333,0.48097240924835205,-1.0191776843229496
TOKYOTECH_s05,152,137,156.56666666666666,0.19413965940475464,-0.9563912195573707
TOKYOTECH_s05,152,138,156.6,-0.07419838011264801,-0.809700368246626
TOKYOTECH_s05,152,139,156.63333333333333,-0.36698827147483826,-0.5644947610333914
TOKYOTECH_s05,152,140,156.66666666666666,-0.697568953037262,-0.23235182025561582
TOKYOTECH_s05,152,141,156.7,-0.8995682597160339,0.147882959445227
TOKYOTECH_s05,152,142,156.73333333333332,-1.085450291633606,0.521691065286792
TOKYOTECH_s05,152,143,156.76666666666668,-1.137292504310608,0.8355809437411813
TOKYOTECH_s05,152,144,156.8,-1.1535077095031738,1.0506662887446234
TOKYOTECH_s05,152,145,156.83333333333334,-1.1009441614151,1.1494019385319603
TOKYOTECH_s05,152,146,156.86666666666667,-1.139313817024231,1.1358256924714574
TOKYOTECH_s05,152,147,156.9,-1.134834885597229,1.0312082488546659
TOKYOTECH_s05,152,148,156.93333333333334,-1.180711030960083,0.8668017361867492
TOKYOTECH_s05,152,149,156.96666666666667,-1.2335683107376099,0.6750440449523712
TOKYOTECH_s05,152,150,157.0,-1.1003209352493286,0.4811616571564407
TOKYOTECH_s05,152,151,157.03333333333333,0.2899613082408905,0.2978967164466442
TOKYOTECH_s05,152,152,157.06666666666666,1.9434614181518555,0.12563524851347974
TOKYOTECH_s05,152,153,157.1,2.2205259799957275,-0.042186205067253485
TOKYOTECH_s05,152,154,157.13333333333333,1.7666263580322266,-0.2118543142168434
TOKYOTECH_s05,152,155,157.16666666666666,1.2837337255477905,-0.38499996868565367
TOKYOTECH_s05,152,156,157.2,0.6726335287094116,-0.5589866716480958
TOKYOTECH_s05,152,157,157.23333333333332,0.041329000145196915,-0.7295611460477563
TOKYOTECH_s05,152,158,157.26666666666668,-0.30165570974349976,-0.8910592486490958
TOKYOTECH_s05,152,159,157.3,-0.23493406176567078,-1.0318524719689952
TOKYOTECH_s05,152,160,157.33333333333334,0.1761436015367508,-1.1284952434988327
TOKYOTECH_s05,152,161,157.36666666666667,0.4082491099834442,-1.1457531313064946
TOKYOTECH_s05,152,162,157.4,0.3502271771430969,-1.0469796961840696
TOKYOTECH_s05,152,163,157.43333333333334,0.033475205302238464,-0.8118004668554797
TOKYOTECH_s05,152,164,157.46666666666667,-0.37178781628608704,-0.4513285113709789
TOKYOTECH_s05,152,165,157.5,-0.7187172174453735,-0.01103611420045166
TOKYOTECH_s05,152,166,157.53333333333333,-0.9396742582321167,0.44090729197104556
TOKYOTECH_s05,152,167,157.56666666666666,-1.1467758417129517,0.8333330456867064
TOKYOTECH_s05,152,168,157.6,-1.2265158891677856,1.1106584190859188
TOKYOTECH_s05,152,169,157.63333333333333,-1.20438814163208,1.2441894335507335
TOKYOTECH_s05,152,170,157.66666666666666,-1.2742708921432495,1.2344696960727186
TOKYOTECH_s05,152,171,157.7,-1.276363492012024,1.106288355348992
TOKYOTECH_s05,152,172,157.73333333333332,-1.2498903274536133,0.8992293429784876
TOKYOTECH_s05,152,173,157.76666666666668,-1.2818843126296997,0.6566677084032182
TOKYOTECH_s05,152,174,157.8,-0.4434870779514313,0.41593637554122576
TOKYOTECH_s05,152,175,157.83333333333334,1.4945484399795532,0.20200166891788426
TOKYOTECH_s05,152,176,157.86666666666667,2.507429838180542,0.025909992200534412
TOKYOTECH_s05,152,177,157.9,2.2304365634918213,-0.11263977118449109
TOKYOTECH_s05,152,178,157.93333333333334,1.7708470821380615,-0.2211982339190267
TOKYOTECH_s05,152,179,157.96666666666667,1.337419033050537,-0.31165177678540196
TOKYOTECH_s05,152,180,158.0,0.7438519597053528,-0.3987752937029133
TOKYOTECH_s05,152,181,158.03333333333333,0.1907559335231781,-0.49794605431491623
TOKYOTECH_s05,152,182,158.06666666666666,0.016360696405172348,-0.6197416259511938
TOKYOTECH_s05,152,183,158.1,0.09778372943401337,-0.7620976904524931
TOKYOTECH_s05,152,184,158.13333333333333,0.36613067984580994,-0.9044299398871211
TOKYOTECH_s05,152,185,158.16666666666666,0.522663414478302,-1.0090230440459456
TOKYOTECH_s05,152,186,158.2,0.27791348099708557,-1.0313726442858544
TOKYOTECH_s05,152,187,158.23333333333332,-0.05002257972955704,-0.9359352279553784
TOKYOTECH_s05,152,188,158.26666666666668,-0.41271302103996277,-0.7108202315468586
TOKYOTECH_s05,152,189,158.3,-0.7571046352386475,-0.3753615032678907
TOKYOTECH_s05,152,190,158.33333333333334,-0.9417757391929626,0.02269192163163479
TOKYOTECH_s05,152,191,158.36666666666667,-1.1169100999832153,0.41965373126926836
TOKYOTECH_s05,152,192,158.4,-1.1670781373977661,0.7536149975878913
TOKYOTECH_s05,152,193,158.43333333333334,-1.2135063409805298,0.9810256347938814
TOKYOTECH_s05,152,194,158.46666666666667,-1.1573811769485474,1.0864365533895681
TOKYOTECH_s05,152,195,158.5,-1.1235617399215698,1.0824246064960603
TOKYOTECH_s05,152,196,158.53333333333333,-1.1924738883972168,1.0003273367581713
TOKYOTECH_s05,152,197,158.56666666666666,-1.3196306228637695,0.8758693157857872
TOKYOTECH_s05,152,198,158.6,-1.1993749141693115,0.7359411159452878
TOKYOTECH_s05,152,199,158.63333333333333,0.1505252569913864,0.5922822231493474
TOKYOTECH_s05,152,200,158.66666666666666,2.0567359924316406,0.44419530332201596
TOKYOTECH_s05,152,201,158.7,2.593287467956543,0.28730359948071343
TOKYOTECH_s05,152,202,158.73333333333332,2.2313003540039062,0.1217073805868006
TOKYOTECH_s05,152,203,158.76666666666668,1.7967325448989868,-0.04627839020090334
TOKYOTECH_s05,152,204,158.8,1.3534561395645142,-0.20914556301931558
TOKYOTECH_s05,152,205,158.83333333333334,0.8547579050064087,-0.36477237144837116
TOKYOTECH_s05,152,206,158.86666666666667,0.3565761148929596,-0.5184285004511517
TOKYOTECH_s05,152,207,158.9,0.22237592935562134,-0.6778061001696175
TOKYOTECH_s05,152,208,158.93333333333334,0.40417081117630005,-0.8439256182578213
TOKYOTECH_s05,152,209,158.96666666666667,0.5327255129814148,-1.0037835872578638
TOKYOTECH_s05,152,210,159.0,0.523064136505127,-1.1294280142663626
TOKYOTECH_s05,152,211,159.03333333333333,0.2432125210762024,-1.1842466041508453
TOKYOTECH_s05,152,212,159.06666666666666,-0.09761729836463928,-1.1336976350632604
TOKYOTECH_s05,152,213,159.1,-0.39176955819129944,-0.956744506659824
TOKYOTECH_s05,152,214,159.13333333333333,-0.7411566376686096,-0.6555840279061556
TOKYOTECH_s05,152,215,159.16666666666666,-0.9325595498085022,-0.26141925804299754
TOKYOTECH_s05,152,216,159.2,-1.0651390552520752,0.16812550712166355
TOKYOTECH_s05,152,217,159.23333333333332,-1.0971686840057373,0.5632672424333172
TOKYOTECH_s05,152,218,159.26666666666668,-1.0868661403656006,0.8638019164952815
TOKYOTECH_s05,152,219,159.3,-1.0796178579330444,1.037449217186723
TOKYOTECH_s05,152,220,159.33333333333334,-1.08073091506958,1.0857297821905545
TOKYOTECH_s05,152,221,159.36666666666667,-1.1445051431655884,1.0360031462152706
TOKYOTECH_s05,152,222,159.4,-1.2144681215286255,0.9252675259571052
TOKYOTECH_s05,152,223,159.43333333333334,-1.2394007444381714,0.7844200662975581
TOKYOTECH_s05,152,224,159.46666666666667,-0.41088759899139404,0.6304408759301652
TOKYOTECH_s05,152,225,159.5,1.4898290634155273,0.4688213536581309
TOKYOTECH_s05,152,226,159.53333333333333,2.520394802093506,0.3019095133336341
TOKYOTECH_s05,152,227,159.56666666666666,2.3285112380981445,0.13555679369867282
TOKYOTECH_s05,152,228,159.6,1.908992052078247,-0.020656243922366185
TOKYOTECH_s05,152,229,159.63333333333333,1.4887070655822754,-0.15827186595904433
TOKYOTECH_s05,152,230,159.66666666666666,0.9512830376625061,-0.27448490601441095
TOKYOTECH_s05,152,231,159.7,0.3993801772594452,-0.3718016892010526
TOKYOTECH_s05,152,232,159.73333333333332,0.23143182694911957,-0.4531398308007765
TOKYOTECH_s05,152,233,159.76666666666668,0.3325338661670685,-0.5168259556511463
TOKYOTECH_s05,152,234,159.8,0.5441945791244507,-0.555547314804111
TOKYOTECH_s05,152,235,159.83333333333334,0.6496865749359131,-0.5597468980109441
TOKYOTECH_s05,152,236,159.86666666666667,0.3557034730911255,-0.5228320843721418
TOKYOTECH_s05,152,237,159.9,-0.027262600138783455,-0.44491759860364166
TOKYOTECH_s05,152,238,159.93333333333334,-0.30251947045326233,-0.3335329886657482
TOKYOTECH_s05,152,239,159.96666666666667,-0.612726628780365,-0.20186523440556212
TOKYOTECH_s05,153,0,153.0,0.6822771430015564,-0.04652768447426366
TOKYOTECH_s05,153,1,153.03333333333333,0.37158024311065674,-1.6123084853196328
TOKYOTECH_s05,153,2,153.06666666666666,0.36628204584121704,-2.9617188349864474
TOKYOTECH_s05,153,3,153.1,0.5514072179794312,-3.928920593947328
TOKYOTECH_s05,153,4,153.13333333333333,0.5043557286262512,-4.4312536096586745
TOKYOTECH_s05,153,5,153.16666666666666,0.3052592873573303,-4.476377587880308
TOKYOTECH_s05,153,6,153.2,-0.010433036834001541,-4.141744767857205
TOKYOTECH_s05,153,7,153.23333333333332,-0.34953537583351135,-3.5407927379688795
TOKYOTECH_s05,153,8,153.26666666666668,-0.5956476926803589,-2.791842431004555
TOKYOTECH_s05,153,9,153.3,-0.8464081883430481,-1.9973159179089641
TOKYOTECH_s05,153,10,153.33333333333334,-0.9675988554954529,-1.2335344006406133
TOKYOTECH_s05,153,11,153.36666666666667,-1.041337251663208,-0.548777496376606
TOKYOTECH_s05,153,12,153.4,-1.0566976070404053,0.03240073870502594
TOKYOTECH_s05,153,13,153.43333333333334,-1.0450326204299927,0.5008269952932335
TOKYOTECH_s05,153,14,153.46666666666667,-0.9832975268363953,0.8545782358218322
TOKYOTECH_s05,153,15,153.5,-1.0137689113616943,1.095569571243062
TOKYOTECH_s05,153,16,153.53333333333333,-1.0933575630187988,1.2312510687945568
TOKYOTECH_s05,153,17,153.56666666666666,-1.2130076885223389,1.2770573891967707
TOKYOTECH_s05,153,18,153.6,-1.3200135231018066,1.254759088839555
TOKYOTECH_s05,153,19,153.63333333333333,-0.7903987169265747,1.1858946204454635
TOKYOTECH_s05,153,20,153.66666666666666,0.8767520785331726,1.0845765305089075
TOKYOTECH_s05,153,21,153.7,2.1457278728485107,0.9553879444506014
TOKYOTECH_s05,153,22,153.73333333333332,2.151132822036743,0.7979541074589919
TOKYOTECH_s05,153,23,153.76666666666668,1.701222538948059,0.6142456861032333
TOKYOTECH_s05,153,24,153.8,1.197555661201477,0.4129603012423949
TOKYOTECH_s05,153,25,153.83333333333334,0.7658906579017639,0.2083371161613756
TOKYOTECH_s05,153,26,153.86666666666667,0.3420884311199188,0.01565027039945703
TOKYOTECH_s05,153,27,153.9,0.07328736037015915,-0.1521263153069179
TOKYOTECH_s05,153,28,153.93333333333334,0.21712225675582886,-0.2845132039129727
TOKYOTECH_s05,153,29,153.96666666666667,0.4230039119720459,-0.37252452037621364
TOKYOTECH_s05,153,30,154.0,0.43210434913635254,-0.4093859330179799
TOKYOTECH_s05,153,31,154.03333333333333,0.234548419713974,-0.39350407773806284
TOKYOTECH_s05,153,32,154.06666666666666,-0.05989770591259003,-0.33105226664044396
TOKYOTECH_s05,153,33,154.1,-0.38276708126068115,-0.2349294369956783
TOKYOTECH_s05,153,34,154.13333333333333,-0.621791422367096,-0.1199243447365671
TOKYOTECH_s05,153,35,154.16666666666666,-0.8313595652580261,0.0025271405641134215
TOKYOTECH_s05,153,36,154.2,-0.9913561344146729,0.12625415286475494
TOKYOTECH_s05,153,37,154.23333333333332,-1.0530378818511963,0.24817596353245314
TOKYOTECH_s05,153,38,154.26666666666668,-1.048763632774353,0.3648966461809741
TOKYOTECH_s05,153,39,154.3,-1.0377309322357178,0.47152370659520415
TOKYOTECH_s05,153,40,154.33333333333334,-1.102502465248108,0.5627953438548523
TOKYOTECH_s05,153,41,154.36666666666667,-1.112074851989746,0.633542175317521
TOKYOTECH_s05,153,42,154.4,-1.174103856086731,0.6767209611752343
TOKYOTECH_s05,153,43,154.43333333333334,-0.9419894218444824,0.6809680213130938
TOKYOTECH_s05,153,44,154.46666666666667,0.3894694447517395,0.6316271376452557
TOKYOTECH_s05,153,45,154.5,1.8631515502929688,0.5172047049823643
TOKYOTECH_s05,153,46,154.53333333333333,2.1207773685455322,0.3382237081276402
TOKYOTECH_s05,153,47,154.56666666666666,1.6793798208236694,0.11195638483257067
TOKYOTECH_s05,153,48,154.6,1.2108055353164673,-0.13175186367992675
TOKYOTECH_s05,153,49,154.63333333333333,0.8284984230995178,-0.36234742805308
TOKYOTECH_s05,153,50,154.66666666666666,0.279213547706604,-0.5608917045706208
TOKYOTECH_s05,153,51,154.7,-0.05979975685477257,-0.7245284527835396
TOKYOTECH_s05,153,52,154.73333333333332,-0.1104932501912117,-0.8602557066407094
TOKYOTECH_s05,153,53,154.76666666666668,0.1416652500629425,-0.9727752518927213
TOKYOTECH_s05,153,54,154.8,0.3115993142127991,-1.0549674952842683
TOKYOTECH_s05,153,55,154.83333333333334,0.23504707217216492,-1.087031116246661
TOKYOTECH_s05,153,56,154.86666666666667,-0.08587222546339035,-1.0437011348286644
TOKYOTECH_s05,153,57,154.9,-0.40798473358154297,-0.9043157745937794
TOKYOTECH_s05,153,58,154.93333333333334,-0.7082098722457886,-0.6615955095812718
TOKYOTECH_s05,153,59,154.96666666666667,-0.9705730080604553,-0.32799119699242435
TOKYOTECH_s05,153,60,155.0,-1.1514774560928345,0.06142518592238878
TOKYOTECH_s05,153,61,155.03333333333333,-1.2308435440063477,0.4521016883835765
TOKYOTECH_s05,153,62,155.06666666666666,-1.297200083732605,0.7813341836507955
TOKYOTECH_s05,153,63,155.1,-1.24882173538208,0.9961819941686668
TOKYOTECH_s05,153,64,155.13333333333333,-1.242517352104187,1.0710780302525564
TOKYOTECH_s05,153,65,155.16666666666666,-1.2895866632461548,1.015926667345344
TOKYOTECH_s05,153,66,155.2,-1.2722495794296265,0.8693959619124565
TOKYOTECH_s05,153,67,155.23333333333332,-1.366049885749817,0.6805512709216179
TOKYOTECH_s05,153,68,155.26666666666668,-1.3636012077331543,0.48951996353995497
TOKYOTECH_s05,153,69,155.3,-0.26709723472595215,0.3180755887716635
TOKYOTECH_s05,153,70,155.33333333333334,1.6044303178787231,0.17254155592883344
TOKYOTECH_s05,153,71,155.36666666666667,2.454296588897705,0.05222470637081004
TOKYOTECH_s05,153,72,155.4,2.265965700149536,-0.045025397324189906
TOKYOTECH_s05,153,73,155.43333333333334,1.8418073654174805,-0.12311449756147436
TOKYOTECH_s05,153,74,155.46666666666667,1.3256651163101196,-0.19030717574630543
TOKYOTECH_s05,153,75,155.5,0.8743478655815125,-0.25871537440550496
TOKYOTECH_s05,153,76,155.53333333333333,0.5161007642745972,-0.3394869385845183
TOKYOTECH_s05,153,77,155.56666666666666,0.20580458641052246,-0.43755145138140394
TOKYOTECH_s05,153,78,155.6,0.21390771865844727,-0.5499908540038156
TOKYOTECH_s05,153,79,155.63333333333333,0.48531782627105713,-0.667988758184622
TOKYOTECH_s05,153,80,155.66666666666666,0.459574818611145,-0.7783882088504142
TOKYOTECH_s05,153,81,155.7,0.18748797476291656,-0.861870832120116
TOKYOTECH_s05,153,82,155.73333333333332,-0.04184821993112564,-0.8907778784263303
TOKYOTECH_s05,153,83,155.76666666666668,-0.3752160370349884,-0.8332521400398002
TOKYOTECH_s05,153,84,155.8,-0.7821887135505676,-0.6658793743859439
TOKYOTECH_s05,153,85,155.83333333333334,-0.9697359800338745,-0.3885828768019702
TOKYOTECH_s05,153,86,155.86666666666667,-1.1051650047302246,-0.031292895823011826
TOKYOTECH_s05,153,87,155.9,-1.143596887588501,0.3539318866032435
TOKYOTECH_s05,153,88,155.93333333333334,-1.1634807586669922,0.7113995360822474
TOKYOTECH_s05,153,89,155.96666666666667,-1.1834357976913452,0.9994207628085472
TOKYOTECH_s05,153,90,156.0,-1.19461989402771,1.1975356359017355
TOKYOTECH_s05,153,91,156.03333333333333,-1.2313154935836792,1.3021144520807877
TOKYOTECH_s05,153,92,156.06666666666666,-1.2145482301712036,1.316489995967533
TOKYOTECH_s05,153,93,156.1,-1.345898985862732,1.2436211424653119
TOKYOTECH_s05,153,94,156.13333333333333,-1.315650224685669,1.085416901999309
TOKYOTECH_s05,153,95,156.16666666666666,-0.4299432933330536,0.8473370491744037
TOKYOTECH_s05,153,96,156.2,1.5198551416397095,0.5439960506402479
TOKYOTECH_s05,153,97,156.23333333333332,2.462738037109375,0.20171644953269557
TOKYOTECH_s05,153,98,156.26666666666668,2.179565191268921,-0.14416604673098224
TOKYOTECH_s05,153,99,156.3,1.718898057937622,-0.4568593850634888
TOKYOTECH_s05,153,100,156.33333333333334,1.2612942457199097,-0.7076450952914862
TOKYOTECH_s05,153,101,156.36666666666667,0.8501542806625366,-0.8833841299866299
TOKYOTECH_s05,153,102,156.4,0.43971771001815796,-0.9888989448944722
TOKYOTECH_s05,153,103,156.43333333333334,0.11409682780504227,-1.0429577997466184
TOKYOTECH_s05,153,104,156.46666666666667,0.1731516718864441,-1.06834092035858
TOKYOTECH_s05,153,105,156.5,0.47377753257751465,-1.0788435696205878
TOKYOTECH_s05,153,106,156.53333333333333,0.48097240924835205,-1.0690565125637432
TOKYOTECH_s05,153,107,156.56666666666666,0.19413965940475464,-1.013556194078766
TOKYOTECH_s05,153,108,156.6,-0.07419838011264801,-0.8783308356862091
TOKYOTECH_s05,153,109,156.63333333333333,-0.36698827147483826,-0.6400927067737843
TOKYOTECH_s05,153,110,156.66666666666666,-0.697568953037262,-0.3029457136137171
TOKYOTECH_s05,153,111,156.7,-0.8995682597160339,0.09760702273956193
TOKYOTECH_s05,153,112,156.73333333333332,-1.085450291633606,0.5049343836903123
TOKYOTECH_s05,153,113,156.76666666666668,-1.137292504310608,0.8587003899161593
TOKYOTECH_s05,153,114,156.8,-1.1535077095031738,1.1106554894450993
TOKYOTECH_s05,153,115,156.83333333333334,-1.1009441614151,1.2340710160137844
TOKYOTECH_s05,153,116,156.86666666666667,-1.139313817024231,1.2265456128715642
TOKYOTECH_s05,153,117,156.9,-1.134834885597229,1.107818425288643
TOKYOTECH_s05,153,118,156.93333333333334,-1.180711030960083,0.9136507988623608
TOKYOTECH_s05,153,119,156.96666666666667,-1.2335683107376099,0.6861623359299405
TOKYOTECH_s05,153,120,157.0,-1.1003209352493286,0.46222343486495543
TOKYOTECH_s05,153,121,157.03333333333333,0.2899613082408905,0.2637572577332162
TOKYOTECH_s05,153,122,157.06666666666666,1.9434614181518555,0.09459760947299459
TOKYOTECH_s05,153,123,157.1,2.2205259799957275,-0.054253371023718126
TOKYOTECH_s05,153,124,157.13333333333333,1.7666263580322266,-0.1947214390858768
TOKYOTECH_s05,153,125,157.16666666666666,1.2837337255477905,-0.33409418386835277
TOKYOTECH_s05,153,126,157.2,0.6726335287094116,-0.47386836401050136
TOKYOTECH_s05,153,127,157.23333333333332,0.041329000145196915,-0.6129379883830774
TOKYOTECH_s05,153,128,157.26666666666668,-0.30165570974349976,-0.7492985885177365
TOKYOTECH_s05,153,129,157.3,-0.23493406176567078,-0.876434737910791
TOKYOTECH_s05,153,130,157.33333333333334,0.1761436015367508,-0.9770453760916347
TOKYOTECH_s05,153,131,157.36666666666667,0.4082491099834442,-1.0214162543558791
TOKYOTECH_s05,153,132,157.4,0.3502271771430969,-0.9754413512435954
TOKYOTECH_s05,153,133,157.43333333333334,0.033475205302238464,-0.8159404409755411
TOKYOTECH_s05,153,134,157.46666666666667,-0.37178781628608704,-0.5445012626630149
TOKYOTECH_s05,153,135,157.5,-0.7187172174453735,-0.1910514013499423
TOKYOTECH_s05,153,136,157.53333333333333,-0.9396742582321167,0.1945863405033016
TOKYOTECH_s05,153,137,157.56666666666666,-1.1467758417129517,0.5573107931666951
TOKYOTECH_s05,153,138,157.6,-1.2265158891677856,0.8500154343568954
TOKYOTECH_s05,153,139,157.63333333333333,-1.20438814163208,1.0414639807409871
TOKYOTECH_s05,153,140,157.66666666666666,-1.2742708921432495,1.1188988060152443
TOKYOTECH_s05,153,141,157.7,-1.276363492012024,1.0873517710283263
TOKYOTECH_s05,153,142,157.73333333333332,-1.2498903274536133,0.9667268525278861
TOKYOTECH_s05,153,143,157.76666666666668,-1.2818843126296997,0.7865078776539761
TOKYOTECH_s05,153,144,157.8,-0.4434870779514313,0.5785776546547522
TOKYOTECH_s05,153,145,157.83333333333334,1.4945484399795532,0.37011982416706507
TOKYOTECH_s05,153,146,157.86666666666667,2.507429838180542,0.1789139690719515
TOKYOTECH_s05,153,147,157.9,2.2304365634918213,0.012136473956517776
TOKYOTECH_s05,153,148,157.93333333333334,1.7708470821380615,-0.1320178210234818
TOKYOTECH_s05,153,149,157.96666666666667,1.337419033050537,-0.2615191124182668
TOKYOTECH_s05,153,150,158.0,0.7438519597053528,-0.38747419795229204
TOKYOTECH_s05,153,151,158.03333333333333,0.1907559335231781,-0.5205936029941443
TOKYOTECH_s05,153,152,158.06666666666666,0.016360696405172348,-0.6664466297390262
TOKYOTECH_s05,153,153,158.1,0.09778372943401337,-0.8199212691897275
TOKYOTECH_s05,153,154,158.13333333333333,0.36613067984580994,-0.9613190993879236
TOKYOTECH_s05,153,155,158.16666666666666,0.522663414478302,-1.0574631440918354
TOKYOTECH_s05,153,156,158.2,0.27791348099708557,-1.0696142564395679
TOKYOTECH_s05,153,157,158.23333333333332,-0.05002257972955704,-0.9665569021628891
TOKYOTECH_s05,153,158,158.26666666666668,-0.41271302103996277,-0.7379609294736763
TOKYOTECH_s05,153,159,158.3,-0.7571046352386475,-0.402130828820809
TOKYOTECH_s05,153,160,158.33333333333334,-0.9417757391929626,-0.004361153171200911
TOKYOTECH_s05,153,161,158.36666666666667,-1.1169100999832153,0.39395021379451084
TOKYOTECH_s05,153,162,158.4,-1.1670781373977661,0.7316529934705036
TOKYOTECH_s05,153,163,158.43333333333334,-1.2135063409805298,0.9640396848658607
TOKYOTECH_s05,153,164,158.46666666666667,-1.1573811769485474,1.0736092461394813
TOKYOTECH_s05,153,165,158.5,-1.1235617399215698,1.0719276954443033
TOKYOTECH_s05,153,166,158.53333333333333,-1.1924738883972168,0.9916649335384142
TOKYOTECH_s05,153,167,158.56666666666666,-1.3196306228637695,0.8714425511411745
TOKYOTECH_s05,153,168,158.6,-1.1993749141693115,0.7400380387275016
TOKYOTECH_s05,153,169,158.63333333333333,0.1505252569913864,0.6076946251382449
TOKYOTECH_s05,153,170,158.66666666666666,2.0567359924316406,0.4686300941817719
TOKYOTECH_s05,153,171,158.7,2.593287467956543,0.3122287083038757
TOKYOTECH_s05,153,172,158.73333333333332,2.2313003540039062,0.1350642801541404
TOKYOTECH_s05,153,173,158.76666666666668,1.7967325448989868,-0.05425871136240466
TOKYOTECH_s05,153,174,158.8,1.3534561395645142,-0.2398324003697976
TOKYOTECH_s05,153,175,158.83333333333334,0.8547579050064087,-0.40817855361182764
TOKYOTECH_s05,153,176,158.86666666666667,0.3565761148929596,-0.5554240061401132
TOKYOTECH_s05,153,177,158.9,0.22237592935562134,-0.686827052957175
TOKYOTECH_s05,153,178,158.93333333333334,0.40417081117630005,-0.8093254428601476
TOKYOTECH_s05,153,179,158.96666666666667,0.5327255129814148,-0.922347811159012
TOKYOTECH_s05,153,180,159.0,0.523064136505127,-1.012346483794899
TOKYOTECH_s05,153,181,159.03333333333333,0.2432125210762024,-1.0535672375455685
TOKYOTECH_s05,153,182,159.06666666666666,-0.09761729836463928,-1.0145132802569337
TOKYOTECH_s05,153,183,159.1,-0.39176955819129944,-0.8681314442720002
TOKYOTECH_s05,153,184,159.13333333333333,-0.7411566376686096,-0.6036151136192144
TOKYOTECH_s05,153,185,159.16666666666666,-0.9325595498085022,-0.2366190788897516
TOKYOTECH_s05,153,186,159.2,-1.0651390552520752,0.18771789035574693
TOKYOTECH_s05,153,187,159.23333333333332,-1.0971686840057373,0.6037311036553561
TOKYOTECH_s05,153,188,159.26666666666668,-1.0868661403656006,0.9443405295915621
TOKYOTECH_s05,153,189,159.3,-1.0796178579330444,1.16152700234384
TOKYOTECH_s05,153,190,159.33333333333334,-1.08073091506958,1.238507021889956
TOKYOTECH_s05,153,191,159.36666666666667,-1.1445051431655884,1.1889552812442101
TOKYOTECH_s05,153,192,159.4,-1.2144681215286255,1.0454952155318193
TOKYOTECH_s05,153,193,159.43333333333334,-1.2394007444381714,0.8446400448458066
TOKYOTECH_s05,153,194,159.46666666666667,-0.41088759899139404,0.6160521557271749
TOKYOTECH_s05,153,195,159.5,1.4898290634155273,0.38001015151771106
TOKYOTECH_s05,153,196,159.53333333333333,2.520394802093506,0.1507082371765647
TOKYOTECH_s05,153,197,159.56666666666666,2.3285112380981445,-0.060559588085965295
TOKYOTECH_s05,153,198,159.6,1.908992052078247,-0.24613635962636773
TOKYOTECH_s05,153,199,159.63333333333333,1.4887070655822754,-0.4053530185557415
TOKYOTECH_s05,153,200,159.66666666666666,0.9512830376625061,-0.5459473222538804
TOKYOTECH_s05,153,201,159.7,0.3993801772594452,-0.6801326243954238
TOKYOTECH_s05,153,202,159.73333333333332,0.23143182694911957,-0.8164181447111448
TOKYOTECH_s05,153,203,159.76666666666668,0.3325338661670685,-0.952003606009486
TOKYOTECH_s05,153,204,159.8,0.5441945791244507,-1.0701282221166593
TOKYOTECH_s05,153,205,159.83333333333334,0.6496865749359131,-1.1432978933065667
TOKYOTECH_s05,153,206,159.86666666666667,0.3557034730911255,-1.1401801624171235
TOKYOTECH_s05,153,207,159.9,-0.027262600138783455,-1.0335038465773696
TOKYOTECH_s05,153,208,159.93333333333334,-0.30251947045326233,-0.8082098010274535
TOKYOTECH_s05,153,209,159.96666666666667,-0.612726628780365,-0.4698013567703169
TOKYOTECH_s05,153,210,160.0,-0.8319828510284424,-0.05022032387109138
TOKYOTECH_s05,153,211,160.03333333333333,-0.9706175327301025,0.3939861422251806
TOKYOTECH_s05,153,212,160.06666666666666,-1.0345609188079834,0.7946244018479278
TOKYOTECH_s05,153,213,160.1,-1.0360212326049805,1.092998843843076
TOKYOTECH_s05,153,214,160.13333333333333,-0.9675187468528748,1.2593834065853793
TOKYOTECH_s05,153,215,160.16666666666666,-0.9740101099014282,1.2998625229084253
TOKYOTECH_s05,153,216,160.2,-1.0681309700012207,1.2469953318580633
TOKYOTECH_s05,153,217,160.23333333333332,-1.1207656860351562,1.140892868478018
TOKYOTECH_s05,153,218,160.26666666666668,-1.0819776058197021,1.012265575925148
TOKYOTECH_s05,153,219,160.3,-0.025339221581816673,0.8759873947473118
TOKYOTECH_s05,153,220,160.33333333333334,1.7007328271865845,0.7353974196331641
TOKYOTECH_s05,153,221,160.36666666666667,2.359579086303711,0.590426387829218
TOKYOTECH_s05,153,222,160.4,2.1004483699798584,0.4419384260465276
TOKYOTECH_s05,153,223,160.43333333333334,1.519338607788086,0.2898502759990353
TOKYOTECH_s05,153,224,160.46666666666667,0.8482486605644226,0.12901861433166067
TOKYOTECH_s05,153,225,160.5,0.3390074670314789,-0.05080972548748279
TOKYOTECH_s05,153,226,160.53333333333333,-0.10474982857704163,-0.2585537047851865
TOKYOTECH_s05,153,227,160.56666666666666,-0.13075995445251465,-0.49238916042912717
TOKYOTECH_s05,153,228,160.6,0.25168073177337646,-0.7335972014376659
TOKYOTECH_s05,153,229,160.63333333333333,0.5113992094993591,-0.9479492784591964
TOKYOTECH_s05,153,230,160.66666666666666,0.4526737928390503,-1.094436872483171
TOKYOTECH_s05,153,231,160.7,0.08383923023939133,-1.1378848374225852
TOKYOTECH_s05,153,232,160.73333333333332,-0.2728317379951477,-1.06178340412593
TOKYOTECH_s05,153,233,160.76666666666668,-0.579379141330719,-0.8779011250154651
TOKYOTECH_s05,153,234,160.8,-0.8578416109085083,-0.6279772318484658
TOKYOTECH_s05,153,235,160.83333333333334,-1.0460478067398071,-0.37359281755013424
TOKYOTECH_s05,153,236,160.86666666666667,-1.0965899229049683,-0.17595487129370263
TOKYOTECH_s05,153,237,160.9,-1.1199287176132202,-0.07369516747243385
TOKYOTECH_s05,153,238,160.93333333333334,-1.1199642419815063,-0.06848927017972559
TOKYOTECH_s05,153,239,160.96666666666667,-1.1117098331451416,-0.12483767052698486
TOKYOTECH_s05,154,0,154.0,0.43210434913635254,0.03738396675217869
TOKYOTECH_s05,154,1,154.03333333333333,0.234548419713974,-1.459012099301295
TOKYOTECH_s05,154,2,154.06666666666666,-0.05989770591259003,-2.7005834168982226
TOKYOTECH_s05,154,3,154.1,-0.38276708126068115,-3.4961296787129172
TOKYOTECH_s05,154,4,154.13333333333333,-0.621791422367096,-3.7649573165913557
TOKYOTECH_s05,154,5,154.16666666666666,-0.8313595652580261,-3.547530366410279
TOKYOTECH_s05,154,6,154.2,-0.9913561344146729,-2.97763584962851
TOKYOTECH_s05,154,7,154.23333333333332,-1.0530378818511963,-2.2308535685702506
TOKYOTECH_s05,154,8,154.26666666666668,-1.048763632774353,-1.4712117935860334
TOKYOTECH_s05,154,9,154.3,-1.0377309322357178,-0.8134393074785538
TOKYOTECH_s05,154,10,154.33333333333334,-1.102502465248108,-0.3091963866204715
TOKYOTECH_s05,154,11,154.36666666666667,-1.112074851989746,0.04362438760140726
TOKYOTECH_s05,154,12,154.4,-1.174103856086731,0.27691399876038764
TOKYOTECH_s05,154,13,154.43333333333334,-0.9419894218444824,0.42612000643485987
TOKYOTECH_s05,154,14,154.46666666666667,0.3894694447517395,0.5135880882536445
TOKYOTECH_s05,154,15,154.5,1.8631515502929688,0.547144933502913
TOKYOTECH_s05,154,16,154.53333333333333,2.1207773685455322,0.5299836233366185
TOKYOTECH_s05,154,17,154.56666666666666,1.6793798208236694,0.47126249401265485
TOKYOTECH_s05,154,18,154.6,1.2108055353164673,0.3882523370336573
TOKYOTECH_s05,154,19,154.63333333333333,0.8284984230995178,0.2988153260217839
TOKYOTECH_s05,154,20,154.66666666666666,0.279213547706604,0.2114307202464409
TOKYOTECH_s05,154,21,154.7,-0.05979975685477257,0.12220215193199695
TOKYOTECH_s05,154,22,154.73333333333332,-0.1104932501912117,0.02214850429221248
TOKYOTECH_s05,154,23,154.76666666666668,0.1416652500629425,-0.09052517366083972
TOKYOTECH_s05,154,24,154.8,0.3115993142127991,-0.2021210165014999
TOKYOTECH_s05,154,25,154.83333333333334,0.23504707217216492,-0.284750422933852
TOKYOTECH_s05,154,26,154.86666666666667,-0.08587222546339035,-0.30584220126007017
TOKYOTECH_s05,154,27,154.9,-0.40798473358154297,-0.23974513838365952
TOKYOTECH_s05,154,28,154.93333333333334,-0.7082098722457886,-0.07648419041703146
TOKYOTECH_s05,154,29,154.96666666666667,-0.9705730080604553,0.17355720995292312
TOKYOTECH_s05,154,30,155.0,-1.1514774560928345,0.47875565214299054
TOKYOTECH_s05,154,31,155.03333333333333,-1.2308435440063477,0.7898521601188403
TOKYOTECH_s05,154,32,155.06666666666666,-1.297200083732605,1.0495242094367139
TOKYOTECH_s05,154,33,155.1,-1.24882173538208,1.2074636725254808
TOKYOTECH_s05,154,34,155.13333333333333,-1.242517352104187,1.2359426367831299
TOKYOTECH_s05,154,35,155.16666666666666,-1.2895866632461548,1.1380285321631471
TOKYOTECH_s05,154,36,155.2,-1.2722495794296265,0.9434147017950435
TOKYOTECH_s05,154,37,155.23333333333332,-1.366049885749817,0.6940502788189931
TOKYOTECH_s05,154,38,155.26666666666668,-1.3636012077331543,0.42841783742103257
TOKYOTECH_s05,154,39,155.3,-0.26709723472595215,0.17355772805275416
TOKYOTECH_s05,154,40,155.33333333333334,1.6044303178787231,-0.05344697533302955
TOKYOTECH_s05,154,41,155.36666666666667,2.454296588897705,-0.24063586930014919
TOKYOTECH_s05,154,42,155.4,2.265965700149536,-0.3799349340446063
TOKYOTECH_s05,154,43,155.43333333333334,1.8418073654174805,-0.4709083414219468
TOKYOTECH_s05,154,44,155.46666666666667,1.3256651163101196,-0.5246340372749724
TOKYOTECH_s05,154,45,155.5,0.8743478655815125,-0.5617629643182129
TOKYOTECH_s05,154,46,155.53333333333333,0.5161007642745972,-0.6042719428262661
TOKYOTECH_s05,154,47,155.56666666666666,0.20580458641052246,-0.6663605000087072
TOKYOTECH_s05,154,48,155.6,0.21390771865844727,-0.7501175010279612
TOKYOTECH_s05,154,49,155.63333333333333,0.48531782627105713,-0.8467496276099806
TOKYOTECH_s05,154,50,155.66666666666666,0.459574818611145,-0.9394023501008804
TOKYOTECH_s05,154,51,155.7,0.18748797476291656,-1.0038888399022434
TOKYOTECH_s05,154,52,155.73333333333332,-0.04184821993112564,-1.0092041887139773
TOKYOTECH_s05,154,53,155.76666666666668,-0.3752160370349884,-0.9233714544783612
TOKYOTECH_s05,154,54,155.8,-0.7821887135505676,-0.7261919750393057
TOKYOTECH_s05,154,55,155.83333333333334,-0.9697359800338745,-0.42279412993195475
TOKYOTECH_s05,154,56,155.86666666666667,-1.1051650047302246,-0.04820987938720417
TOKYOTECH_s05,154,57,155.9,-1.143596887588501,0.34247423368276364
TOKYOTECH_s05,154,58,155.93333333333334,-1.1634807586669922,0.693809524935965
TOKYOTECH_s05,154,59,155.96666666666667,-1.1834357976913452,0.9677299078048214
TOKYOTECH_s05,154,60,156.0,-1.19461989402771,1.1497383018531748
TOKYOTECH_s05,154,61,156.03333333333333,-1.2313154935836792,1.2425520714147529
TOKYOTECH_s05,154,62,156.06666666666666,-1.2145482301712036,1.254034049926175
TOKYOTECH_s05,154,63,156.1,-1.345898985862732,1.1883993482352324
TOKYOTECH_s05,154,64,156.13333333333333,-1.315650224685669,1.0456436039071622
TOKYOTECH_s05,154,65,156.16666666666666,-0.4299432933330536,0.8277627862335271
TOKYOTECH_s05,154,66,156.2,1.5198551416397095,0.5463053950104892
TOKYOTECH_s05,154,67,156.23333333333332,2.462738037109375,0.22579124655045826
TOKYOTECH_s05,154,68,156.26666666666668,2.179565191268921,-0.09941953696167861
TOKYOTECH_s05,154,69,156.3,1.718898057937622,-0.3934075395652776
TOKYOTECH_s05,154,70,156.33333333333334,1.2612942457199097,-0.6283284974797172
TOKYOTECH_s05,154,71,156.36666666666667,0.8501542806625366,-0.7914282764930527
TOKYOTECH_s05,154,72,156.4,0.43971771001815796,-0.8869546874215972
TOKYOTECH_s05,154,73,156.43333333333334,0.11409682780504227,-0.9322274311480301
TOKYOTECH_s05,154,74,156.46666666666667,0.1731516718864441,-0.948412072908978
TOKYOTECH_s05,154,75,156.5,0.47377753257751465,-0.9484883424427644
TOKYOTECH_s05,154,76,156.53333333333333,0.48097240924835205,-0.927783314634149
TOKYOTECH_s05,154,77,156.56666666666666,0.19413965940475464,-0.863390337427374
TOKYOTECH_s05,154,78,156.6,-0.07419838011264801,-0.7251934566401634
TOKYOTECH_s05,154,79,156.63333333333333,-0.36698827147483826,-0.49416827293893995
TOKYOTECH_s05,154,80,156.66666666666666,-0.697568953037262,-0.17753571110031413
TOKYOTECH_s05,154,81,156.7,-0.8995682597160339,0.18890313862911928
TOKYOTECH_s05,154,82,156.73333333333332,-1.085450291633606,0.5521482287752145
TOKYOTECH_s05,154,83,156.76666666666668,-1.137292504310608,0.8591940249683548
TOKYOTECH_s05,154,84,156.8,-1.1535077095031738,1.0710456199212361
TOKYOTECH_s05,154,85,156.83333333333334,-1.1009441614151,1.169395803434575
TOKYOTECH_s05,154,86,156.86666666666667,-1.139313817024231,1.1566572115205203
TOKYOTECH_s05,154,87,156.9,-1.134834885597229,1.051928598106798
TOKYOTECH_s05,154,88,156.93333333333334,-1.180711030960083,0.8846436170020928
TOKYOTECH_s05,154,89,156.96666666666667,-1.2335683107376099,0.6865629843921881
TOKYOTECH_s05,154,90,157.0,-1.1003209352493286,0.48340965739554415
TOKYOTECH_s05,154,91,157.03333333333333,0.2899613082408905,0.28892707921816835
TOKYOTECH_s05,154,92,157.06666666666666,1.9434614181518555,0.10430278840384857
TOKYOTECH_s05,154,93,157.1,2.2205259799957275,-0.07650197754398769
TOKYOTECH_s05,154,94,157.13333333333333,1.7666263580322266,-0.25893791859712256
TOKYOTECH_s05,154,95,157.16666666666666,1.2837337255477905,-0.44283711311948915
TOKYOTECH_s05,154,96,157.2,0.6726335287094116,-0.6227549554932208
TOKYOTECH_s05,154,97,157.23333333333332,0.041329000145196915,-0.7914131771899976
TOKYOTECH_s05,154,98,157.26666666666668,-0.30165570974349976,-0.94124903329742
TOKYOTECH_s05,154,99,157.3,-0.23493406176567078,-1.0611787238221513
TOKYOTECH_s05,154,100,157.33333333333334,0.1761436015367508,-1.1314904724194126
TOKYOTECH_s05,154,101,157.36666666666667,0.4082491099834442,-1.1236767843588682
TOKYOTECH_s05,154,102,157.4,0.3502271771430969,-1.0094612672152647
TOKYOTECH_s05,154,103,157.43333333333334,0.033475205302238464,-0.7760348932132092
TOKYOTECH_s05,154,104,157.46666666666667,-0.37178781628608704,-0.43827437834166666
TOKYOTECH_s05,154,105,157.5,-0.7187172174453735,-0.039125882676079374
TOKYOTECH_s05,154,106,157.53333333333333,-0.9396742582321167,0.36278122985425987
TOKYOTECH_s05,154,107,157.56666666666666,-1.1467758417129517,0.710861793870581
TOKYOTECH_s05,154,108,157.6,-1.2265158891677856,0.9644824155988516
TOKYOTECH_s05,154,109,157.63333333333333,-1.20438814163208,1.1043338944736982
TOKYOTECH_s05,154,110,157.66666666666666,-1.2742708921432495,1.1304129076621807
TOKYOTECH_s05,154,111,157.7,-1.276363492012024,1.0568205689179164
TOKYOTECH_s05,154,112,157.73333333333332,-1.2498903274536133,0.9065355263348465
TOKYOTECH_s05,154,113,157.76666666666668,-1.2818843126296997,0.7068315153329611
TOKYOTECH_s05,154,114,157.8,-0.4434870779514313,0.48513479461096426
TOKYOTECH_s05,154,115,157.83333333333334,1.4945484399795532,0.265629558115718
TOKYOTECH_s05,154,116,157.86666666666667,2.507429838180542,0.06716582285084745
TOKYOTECH_s05,154,117,157.9,2.2304365634918213,-0.09761225625382049
TOKYOTECH_s05,154,118,157.93333333333334,1.7708470821380615,-0.2229582599176023
TOKYOTECH_s05,154,119,157.96666666666667,1.337419033050537,-0.3115065280565036
TOKYOTECH_s05,154,120,158.0,0.7438519597053528,-0.3758008205301373
TOKYOTECH_s05,154,121,158.03333333333333,0.1907559335231781,-0.43711577922652056
TOKYOTECH_s05,154,122,158.06666666666666,0.016360696405172348,-0.5186791874347974
TOKYOTECH_s05,154,123,158.1,0.09778372943401337,-0.6335238658389555
TOKYOTECH_s05,154,124,158.13333333333333,0.36613067984580994,-0.7723731472197904
TOKYOTECH_s05,154,125,158.16666666666666,0.522663414478302,-0.8995891025374531
TOKYOTECH_s05,154,126,158.2,0.27791348099708557,-0.9619406318819248
TOKYOTECH_s05,154,127,158.23333333333332,-0.05002257972955704,-0.9079657432314793
TOKYOTECH_s05,154,128,158.26666666666668,-0.41271302103996277,-0.7097310930706087
TOKYOTECH_s05,154,129,158.3,-0.7571046352386475,-0.37715059136304147
TOKYOTECH_s05,154,130,158.33333333333334,-0.9417757391929626,0.041553322581028805
TOKYOTECH_s05,154,131,158.36666666666667,-1.1169100999832153,0.4733262805222172
TOKYOTECH_s05,154,132,158.4,-1.1670781373977661,0.8419314138891948
TOKYOTECH_s05,154,133,158.43333333333334,-1.2135063409805298,1.0893491739672663
TOKYOTECH_s05,154,134,158.46666666666667,-1.1573811769485474,1.1897809404480018
TOKYOTECH_s05,154,135,158.5,-1.1235617399215698,1.1525432556289712
TOKYOTECH_s05,154,136,158.53333333333333,-1.1924738883972168,1.0137090888238935
TOKYOTECH_s05,154,137,158.56666666666666,-1.3196306228637695,0.819938072337846
TOKYOTECH_s05,154,138,158.6,-1.1993749141693115,0.6112893675846804
TOKYOTECH_s05,154,139,158.63333333333333,0.1505252569913864,0.41058356499297327
TOKYOTECH_s05,154,140,158.66666666666666,2.0567359924316406,0.22337695758615553
TOKYOTECH_s05,154,141,158.7,2.593287467956543,0.04648228124438563
TOKYOTECH_s05,154,142,158.73333333333332,2.2313003540039062,-0.12203696322272307
TOKYOTECH_s05,154,143,158.76666666666668,1.7967325448989868,-0.2785782518509447
TOKYOTECH_s05,154,144,158.8,1.3534561395645142,-0.41721601957579213
TOKYOTECH_s05,154,145,158.83333333333334,0.8547579050064087,-0.5360167981041228
TOKYOTECH_s05,154,146,158.86666666666667,0.3565761148929596,-0.6401675560160028
TOKYOTECH_s05,154,147,158.9,0.22237592935562134,-0.7387580184165353
TOKYOTECH_s05,154,148,158.93333333333334,0.40417081117630005,-0.8372814822277282
TOKYOTECH_s05,154,149,158.96666666666667,0.5327255129814148,-0.9309589177688934
TOKYOTECH_s05,154,150,159.0,0.523064136505127,-1.0026266265819797
TOKYOTECH_s05,154,151,159.03333333333333,0.2432125210762024,-1.0255687521561159
TOKYOTECH_s05,154,152,159.06666666666666,-0.09761729836463928,-0.9697975692471142
TOKYOTECH_s05,154,153,159.1,-0.39176955819129944,-0.8105176367765728
TOKYOTECH_s05,154,154,159.13333333333333,-0.7411566376686096,-0.5381448065173708
TOKYOTECH_s05,154,155,159.16666666666666,-0.9325595498085022,-0.16775625949724138
TOKYOTECH_s05,154,156,159.2,-1.0651390552520752,0.2575305964791654
TOKYOTECH_s05,154,157,159.23333333333332,-1.0971686840057373,0.6746490349448241
TOKYOTECH_s05,154,158,159.26666666666668,-1.0868661403656006,1.018884350280503
TOKYOTECH_s05,154,159,159.3,-1.0796178579330444,1.243714159398228
TOKYOTECH_s05,154,160,159.33333333333334,-1.08073091506958,1.3323879864181074
TOKYOTECH_s05,154,161,159.36666666666667,-1.1445051431655884,1.2966560423854783
TOKYOTECH_s05,154,162,159.4,-1.2144681215286255,1.1653290481351577
TOKYOTECH_s05,154,163,159.43333333333334,-1.2394007444381714,0.9703303606231124
TOKYOTECH_s05,154,164,159.46666666666667,-0.41088759899139404,0.7379349119833828
TOKYOTECH_s05,154,165,159.5,1.4898290634155273,0.48815034290270837
TOKYOTECH_s05,154,166,159.53333333333333,2.520394802093506,0.23876507835611022
TOKYOTECH_s05,154,167,159.56666666666666,2.3285112380981445,0.007520341970198255
TOKYOTECH_s05,154,168,159.6,1.908992052078247,-0.191139052963965
TOKYOTECH_s05,154,169,159.63333333333333,1.4887070655822754,-0.3523049973264864
TOKYOTECH_s05,154,170,159.66666666666666,0.9512830376625061,-0.48374175198189606
TOKYOTECH_s05,154,171,159.7,0.3993801772594452,-0.6015159079065654
TOKYOTECH_s05,154,172,159.73333333333332,0.23143182694911957,-0.7196889492156907
TOKYOTECH_s05,154,173,159.76666666666668,0.3325338661670685,-0.8403772567382436
TOKYOTECH_s05,154,174,159.8,0.5441945791244507,-0.9496856598865582
TOKYOTECH_s05,154,175,159.83333333333334,0.6496865749359131,-1.0207131590876304
TOKYOTECH_s05,154,176,159.86666666666667,0.3557034730911255,-1.0213836629151767
TOKYOTECH_s05,154,177,159.9,-0.027262600138783455,-0.9241446283411288
TOKYOTECH_s05,154,178,159.93333333333334,-0.30251947045326233,-0.7157385583217241
TOKYOTECH_s05,154,179,159.96666666666667,-0.612726628780365,-0.40560185628906
TOKYOTECH_s05,154,180,160.0,-0.8319828510284424,-0.029741328844973415
TOKYOTECH_s05,154,181,160.03333333333333,-0.9706175327301025,0.3540446454273815
TOKYOTECH_s05,154,182,160.06666666666666,-1.0345609188079834,0.6809811540673237
TOKYOTECH_s05,154,183,160.1,-1.0360212326049805,0.8997998045100442
TOKYOTECH_s05,154,184,160.13333333333333,-0.9675187468528748,0.9894817175085721
TOKYOTECH_s05,154,185,160.16666666666666,-0.9740101099014282,0.9631505669970339
TOKYOTECH_s05,154,186,160.2,-1.0681309700012207,0.8570559752940249
TOKYOTECH_s05,154,187,160.23333333333332,-1.1207656860351562,0.7115603420044225
TOKYOTECH_s05,154,188,160.26666666666668,-1.0819776058197021,0.5554037820369575
TOKYOTECH_s05,154,189,160.3,-0.025339221581816673,0.4012686506084264
TOKYOTECH_s05,154,190,160.33333333333334,1.7007328271865845,0.2519416899729174
TOKYOTECH_s05,154,191,160.36666666666667,2.359579086303711,0.10919677377248546
TOKYOTECH_s05,154,192,160.4,2.1004483699798584,-0.022440008279135434
TOKYOTECH_s05,154,193,160.43333333333334,1.519338607788086,-0.13898719695412465
TOKYOTECH_s05,154,194,160.46666666666667,0.8482486605644226,-0.24289697611108907
TOKYOTECH_s05,154,195,160.5,0.3390074670314789,-0.34492688261774684
TOKYOTECH_s05,154,196,160.53333333333333,-0.10474982857704163,-0.45892149120363424
TOKYOTECH_s05,154,197,160.56666666666666,-0.13075995445251465,-0.5921411592527213
TOKYOTECH_s05,154,198,160.6,0.25168073177337646,-0.7369888271653052
TOKYOTECH_s05,154,199,160.63333333333333,0.5113992094993591,-0.8689904753720873
TOKYOTECH_s05,154,200,160.66666666666666,0.4526737928390503,-0.9520415775765181
TOKYOTECH_s05,154,201,160.7,0.08383923023939133,-0.9486272819341135
TOKYOTECH_s05,154,202,160.73333333333332,-0.2728317379951477,-0.8320075773875482
TOKYOTECH_s05,154,203,160.76666666666668,-0.579379141330719,-0.5972382440969924
TOKYOTECH_s05,154,204,160.8,-0.8578416109085083,-0.26669583214379794
TOKYOTECH_s05,154,205,160.83333333333334,-1.0460478067398071,0.11376171128200796
TOKYOTECH_s05,154,206,160.86666666666667,-1.0965899229049683,0.48750194636407373
TOKYOTECH_s05,154,207,160.9,-1.1199287176132202,0.8030642405178897
TOKYOTECH_s05,154,208,160.93333333333334,-1.1199642419815063,1.0261428163609552
TOKYOTECH_s05,154,209,160.96666666666667,-1.1117098331451416,1.1431584746374128
TOKYOTECH_s05,154,210,161.0,-1.095245361328125,1.1569677348936067
TOKYOTECH_s05,154,211,161.03333333333333,-1.157505750656128,1.0792777332114039
TOKYOTECH_s05,154,212,161.06666666666666,-1.2007194757461548,0.9249774001166488
TOKYOTECH_s05,154,213,161.1,-0.5102710723876953,0.7108983460204723
TOKYOTECH_s05,154,214,161.13333333333333,1.3796888589859009,0.45754688937794696
TOKYOTECH_s05,154,215,161.16666666666666,2.4634058475494385,0.1900738306015957
TOKYOTECH_s05,154,216,161.2,2.280043840408325,-0.06416036817413553
TOKYOTECH_s05,154,217,161.23333333333332,1.8179609775543213,-0.28094562432585957
TOKYOTECH_s05,154,218,161.26666666666668,1.3490750789642334,-0.44457919093784953
TOKYOTECH_s05,154,219,161.3,0.8952913284301758,-0.5504454979653447
TOKYOTECH_s05,154,220,161.33333333333334,0.39746570587158203,-0.6045144610205796
TOKYOTECH_s05,154,221,161.36666666666667,0.12305478751659393,-0.6211808872934106
TOKYOTECH_s05,154,222,161.4,0.3099430799484253,-0.6198053011505524
TOKYOTECH_s05,154,223,161.43333333333334,0.4973834455013275,-0.6187493477991148
TOKYOTECH_s05,154,224,161.46666666666667,0.4732610881328583,-0.6267172804362532
TOKYOTECH_s05,154,225,161.5,0.3752043843269348,-0.634816934814718
TOKYOTECH_s05,154,226,161.53333333333333,0.03463279455900192,-0.6158769285677861
TOKYOTECH_s05,154,227,161.56666666666666,-0.4308871626853943,-0.5354680133879279
TOKYOTECH_s05,154,228,161.6,-0.7177555561065674,-0.3709022366985922
TOKYOTECH_s05,154,229,161.63333333333333,-0.9446874856948853,-0.127262534111213
TOKYOTECH_s05,154,230,161.66666666666666,-1.065860390663147,0.15967346645170502
TOKYOTECH_s05,154,231,161.7,-1.0945507287979126,0.4357987506323117
TOKYOTECH_s05,154,232,161.73333333333332,-1.1631245613098145,0.6493454087321808
TOKYOTECH_s05,154,233,161.76666666666668,-1.1790190935134888,0.7686240850158317
TOKYOTECH_s05,154,234,161.8,-1.12596595287323,0.7888252152678427
TOKYOTECH_s05,154,235,161.83333333333334,-1.1300175189971924,0.7270769057756468
TOKYOTECH_s05,154,236,161.86666666666667,-1.1360191106796265,0.6107312810097172
TOKYOTECH_s05,154,237,161.9,-1.2747339010238647,0.4655578153224602
TOKYOTECH_s05,154,238,161.93333333333334,-1.1650478839874268,0.3085086634636263
TOKYOTECH_s05,154,239,161.96666666666667,0.01957523263990879,0.1464138895002638
TOKYOTECH_s05,155,0,155.0,-1.1514774560928345,0.030345753012307214
TOKYOTECH_s05,155,1,155.03333333333333,-1.2308435440063477,-0.8823196174537918
TOKYOTECH_s05,155,2,155.06666666666666,-1.297200083732605,-1.6671352206419292
TOKYOTECH_s05,155,3,155.1,-1.24882173538208,-2.2279057936845885
TOKYOTECH_s05,155,4,155.13333333333333,-1.242517352104187,-2.519897985514221
TOKYOTECH_s05,155,5,155.16666666666666,-1.2895866632461548,-2.5546303863074757
TOKYOTECH_s05,155,6,155.2,-1.2722495794296265,-2.3878295738559436
TOKYOTECH_s05,155,7,155.23333333333332,-1.366049885749817,-2.098615944182182
TOKYOTECH_s05,155,8,155.26666666666668,-1.3636012077331543,-1.76783347432242
TOKYOTECH_s05,155,9,155.3,-0.26709723472595215,-1.4592810201609132
TOKYOTECH_s05,155,10,155.33333333333334,1.6044303178787231,-1.2071257427295101
TOKYOTECH_s05,155,11,155.36666666666667,2.454296588897705,-1.0136111615486756
TOKYOTECH_s05,155,12,155.4,2.265965700149536,-0.858284459847862
TOKYOTECH_s05,155,13,155.43333333333334,1.8418073654174805,-0.7143661082929591
TOKYOTECH_s05,155,14,155.46666666666667,1.3256651163101196,-0.5639046146721017
TOKYOTECH_s05,155,15,155.5,0.8743478655815125,-0.40447975971329275
TOKYOTECH_s05,155,16,155.53333333333333,0.5161007642745972,-0.24630832511843073
TOKYOTECH_s05,155,17,155.56666666666666,0.20580458641052246,-0.10452071605819648
TOKYOTECH_s05,155,18,155.6,0.21390771865844727,0.007764230525097192
TOKYOTECH_s05,155,19,155.63333333333333,0.48531782627105713,0.0835951940989262
TOKYOTECH_s05,155,20,155.66666666666666,0.459574818611145,0.1255422346354611
TOKYOTECH_s05,155,21,155.7,0.18748797476291656,0.1497041035559993
TOKYOTECH_s05,155,22,155.73333333333332,-0.04184821993112564,0.18669308943245758
TOKYOTECH_s05,155,23,155.76666666666668,-0.3752160370349884,0.2736708008982916
TOKYOTECH_s05,155,24,155.8,-0.7821887135505676,0.4375567359404703
TOKYOTECH_s05,155,25,155.83333333333334,-0.9697359800338745,0.6782531055629868
TOKYOTECH_s05,155,26,155.86666666666667,-1.1051650047302246,0.9633179651215534
TOKYOTECH_s05,155,27,155.9,-1.143596887588501,1.2392645677190697
TOKYOTECH_s05,155,28,155.93333333333334,-1.1634807586669922,1.4535532276439953
TOKYOTECH_s05,155,29,155.96666666666667,-1.1834357976913452,1.5740659383837592
TOKYOTECH_s05,155,30,156.0,-1.19461989402771,1.5954571160579958
TOKYOTECH_s05,155,31,156.03333333333333,-1.2313154935836792,1.5312745018130425
TOKYOTECH_s05,155,32,156.06666666666666,-1.2145482301712036,1.3996534576947381
TOKYOTECH_s05,155,33,156.1,-1.345898985862732,1.2128559450324414
TOKYOTECH_s05,155,34,156.13333333333333,-1.315650224685669,0.9759366487816966
TOKYOTECH_s05,155,35,156.16666666666666,-0.4299432933330536,0.692521475109569
TOKYOTECH_s05,155,36,156.2,1.5198551416397095,0.3719206181106561
TOKYOTECH_s05,155,37,156.23333333333332,2.462738037109375,0.032530700281946545
TOKYOTECH_s05,155,38,156.26666666666668,2.179565191268921,-0.30038511450910294
TOKYOTECH_s05,155,39,156.3,1.718898057937622,-0.6011038224326412
TOKYOTECH_s05,155,40,156.33333333333334,1.2612942457199097,-0.8506378572826473
TOKYOTECH_s05,155,41,156.36666666666667,0.8501542806625366,-1.0413947643126984
TOKYOTECH_s05,155,42,156.4,0.43971771001815796,-1.177567753679376
TOKYOTECH_s05,155,43,156.43333333333334,0.11409682780504227,-1.2710999943861216
TOKYOTECH_s05,155,44,156.46666666666667,0.1731516718864441,-1.3338606787301621
TOKYOTECH_s05,155,45,156.5,0.47377753257751465,-1.3680448971128023
TOKYOTECH_s05,155,46,156.53333333333333,0.48097240924835205,-1.3593565393118563
TOKYOTECH_s05,155,47,156.56666666666666,0.19413965940475464,-1.2785394765873874
TOKYOTECH_s05,155,48,156.6,-0.07419838011264801,-1.0936004691417829
TOKYOTECH_s05,155,49,156.63333333333333,-0.36698827147483826,-0.7884600037756966
TOKYOTECH_s05,155,50,156.66666666666666,-0.697568953037262,-0.3778880687561208
TOKYOTECH_s05,155,51,156.7,-0.8995682597160339,0.09081882773077296
TOKYOTECH_s05,155,52,156.73333333333332,-1.085450291633606,0.5505385855139084
TOKYOTECH_s05,155,53,156.76666666666668,-1.137292504310608,0.93374997959455
TOKYOTECH_s05,155,54,156.8,-1.1535077095031738,1.189424905870927
TOKYOTECH_s05,155,55,156.83333333333334,-1.1009441614151,1.2924594183242224
TOKYOTECH_s05,155,56,156.86666666666667,-1.139313817024231,1.2456405164508662
TOKYOTECH_s05,155,57,156.9,-1.134834885597229,1.076327884386035
TOKYOTECH_s05,155,58,156.93333333333334,-1.180711030960083,0.8292573720569436
TOKYOTECH_s05,155,59,156.96666666666667,-1.2335683107376099,0.5557828716409473
TOKYOTECH_s05,155,60,157.0,-1.1003209352493286,0.30091515010322917
TOKYOTECH_s05,155,61,157.03333333333333,0.2899613082408905,0.09205429724424313
TOKYOTECH_s05,155,62,157.06666666666666,1.9434614181518555,-0.0653718583175757
TOKYOTECH_s05,155,63,157.1,2.2205259799957275,-0.18289767535311036
TOKYOTECH_s05,155,64,157.13333333333333,1.7666263580322266,-0.2784252374054204
TOKYOTECH_s05,155,65,157.16666666666666,1.2837337255477905,-0.367478743414096
TOKYOTECH_s05,155,66,157.2,0.6726335287094116,-0.4603828517569982
TOKYOTECH_s05,155,67,157.23333333333332,0.041329000145196915,-0.563046139807103
TOKYOTECH_s05,155,68,157.26666666666668,-0.30165570974349976,-0.6761242217962091
TOKYOTECH_s05,155,69,157.3,-0.23493406176567078,-0.7901633992077491
TOKYOTECH_s05,155,70,157.33333333333334,0.1761436015367508,-0.8803805864040649
TOKYOTECH_s05,155,71,157.36666666666667,0.4082491099834442,-0.9081969937812386
TOKYOTECH_s05,155,72,157.4,0.3502271771430969,-0.8334294618565585
TOKYOTECH_s05,155,73,157.43333333333334,0.033475205302238464,-0.6332299688427814
TOKYOTECH_s05,155,74,157.46666666666667,-0.37178781628608704,-0.31732354068713786
TOKYOTECH_s05,155,75,157.5,-0.7187172174453735,0.07038593320449288
TOKYOTECH_s05,155,76,157.53333333333333,-0.9396742582321167,0.4653175195960013
TOKYOTECH_s05,155,77,157.56666666666666,-1.1467758417129517,0.8029393795437917
TOKYOTECH_s05,155,78,157.6,-1.2265158891677856,1.03609355072346
TOKYOTECH_s05,155,79,157.63333333333333,-1.20438814163208,1.1425981762678579
TOKYOTECH_s05,155,80,157.66666666666666,-1.2742708921432495,1.1237085185598639
TOKYOTECH_s05,155,81,157.7,-1.276363492012024,0.9982117412936513
TOKYOTECH_s05,155,82,157.73333333333332,-1.2498903274536133,0.7960367032851646
TOKYOTECH_s05,155,83,157.76666666666668,-1.2818843126296997,0.5523423202437991
TOKYOTECH_s05,155,84,157.8,-0.4434870779514313,0.30195949392591626
TOKYOTECH_s05,155,85,157.83333333333334,1.4945484399795532,0.07460010060453655
TOKYOTECH_s05,155,86,157.86666666666667,2.507429838180542,-0.10851397549482554
TOKYOTECH_s05,155,87,157.9,2.2304365634918213,-0.23657962740989089
TOKYOTECH_s05,155,88,157.93333333333334,1.7708470821380615,-0.3104510485000258
TOKYOTECH_s05,155,89,157.96666666666667,1.337419033050537,-0.3434816144980046
TOKYOTECH_s05,155,90,158.0,0.7438519597053528,-0.3603965489432764
TOKYOTECH_s05,155,91,158.03333333333333,0.1907559335231781,-0.39171579559364444
TOKYOTECH_s05,155,92,158.06666666666666,0.016360696405172348,-0.4632511462442216
TOKYOTECH_s05,155,93,158.1,0.09778372943401337,-0.5838216741783635
TOKYOTECH_s05,155,94,158.13333333333333,0.36613067984580994,-0.736812423382219
TOKYOTECH_s05,155,95,158.16666666666666,0.522663414478302,-0.8807318226907094
TOKYOTECH_s05,155,96,158.2,0.27791348099708557,-0.960382569196651
TOKYOTECH_s05,155,97,158.23333333333332,-0.05002257972955704,-0.9254001206175546
TOKYOTECH_s05,155,98,158.26666666666668,-0.41271302103996277,-0.7492198228514795
TOKYOTECH_s05,155,99,158.3,-0.7571046352386475,-0.4408473041900099
TOKYOTECH_s05,155,100,158.33333333333334,-0.9417757391929626,-0.04456593898881088
TOKYOTECH_s05,155,101,158.36666666666667,-1.1169100999832153,0.3723955110020601
TOKYOTECH_s05,155,102,158.4,-1.1670781373977661,0.7394464246323753
TOKYOTECH_s05,155,103,158.43333333333334,-1.2135063409805298,1.002160522011858
TOKYOTECH_s05,155,104,158.46666666666667,-1.1573811769485474,1.1351010565191242
TOKYOTECH_s05,155,105,158.5,-1.1235617399215698,1.1442281475292442
TOKYOTECH_s05,155,106,158.53333333333333,-1.1924738883972168,1.0588616159280166
TOKYOTECH_s05,155,107,158.56666666666666,-1.3196306228637695,0.9168764757678706
TOKYOTECH_s05,155,108,158.6,-1.1993749141693115,0.7496609326964656
TOKYOTECH_s05,155,109,158.63333333333333,0.1505252569913864,0.5735832758413587
TOKYOTECH_s05,155,110,158.66666666666666,2.0567359924316406,0.3912899088581017
TOKYOTECH_s05,155,111,158.7,2.593287467956543,0.20045773627779154
TOKYOTECH_s05,155,112,158.73333333333332,2.2313003540039062,0.0029184317687537672
TOKYOTECH_s05,155,113,158.76666666666668,1.7967325448989868,-0.19269492938396107
TOKYOTECH_s05,155,114,158.8,1.3534561395645142,-0.37574737905662364
TOKYOTECH_s05,155,115,158.83333333333334,0.8547579050064087,-0.5405514842047185
TOKYOTECH_s05,155,116,158.86666666666667,0.3565761148929596,-0.6890473951182147
TOKYOTECH_s05,155,117,158.9,0.22237592935562134,-0.8267922884794426
TOKYOTECH_s05,155,118,158.93333333333334,0.40417081117630005,-0.9552002981490689
TOKYOTECH_s05,155,119,158.96666666666667,0.5327255129814148,-1.0654415567896809
TOKYOTECH_s05,155,120,159.0,0.523064136505127,-1.1373484607244242
TOKYOTECH_s05,155,121,159.03333333333333,0.2432125210762024,-1.1431293036404682
TOKYOTECH_s05,155,122,159.06666666666666,-0.09761729836463928,-1.0542263096390982
TOKYOTECH_s05,155,123,159.1,-0.39176955819129944,-0.8501253054551642
TOKYOTECH_s05,155,124,159.13333333333333,-0.7411566376686096,-0.5281451738978638
TOKYOTECH_s05,155,125,159.16666666666666,-0.9325595498085022,-0.11155475297202008
TOKYOTECH_s05,155,126,159.2,-1.0651390552520752,0.3492381502666776
TOKYOTECH_s05,155,127,159.23333333333332,-1.0971686840057373,0.7867014117051291
TOKYOTECH_s05,155,128,159.26666666666668,-1.0868661403656006,1.1351301212373544
TOKYOTECH_s05,155,129,159.3,-1.0796178579330444,1.349812225872001
TOKYOTECH_s05,155,130,159.33333333333334,-1.08073091506958,1.4174523321897474
TOKYOTECH_s05,155,131,159.36666666666667,-1.1445051431655884,1.35408759585427
TOKYOTECH_s05,155,132,159.4,-1.2144681215286255,1.1930731124278362
TOKYOTECH_s05,155,133,159.43333333333334,-1.2394007444381714,0.9701758884155995
TOKYOTECH_s05,155,134,159.46666666666667,-0.41088759899139404,0.7136009874631133
TOKYOTECH_s05,155,135,159.5,1.4898290634155273,0.4428791400464266
TOKYOTECH_s05,155,136,159.53333333333333,2.520394802093506,0.17375500883559872
TOKYOTECH_s05,155,137,159.56666666666666,2.3285112380981445,-0.07786900175028239
TOKYOTECH_s05,155,138,159.6,1.908992052078247,-0.2974441929011764
TOKYOTECH_s05,155,139,159.63333333333333,1.4887070655822754,-0.47722531263396784
TOKYOTECH_s05,155,140,159.66666666666666,0.9512830376625061,-0.6200795330022093
TOKYOTECH_s05,155,141,159.7,0.3993801772594452,-0.7370616858317635
TOKYOTECH_s05,155,142,159.73333333333332,0.23143182694911957,-0.8393083406004362
TOKYOTECH_s05,155,143,159.76666666666668,0.3325338661670685,-0.9293141148658012
TOKYOTECH_s05,155,144,159.8,0.5441945791244507,-0.9965883724929225
TOKYOTECH_s05,155,145,159.83333333333334,0.6496865749359131,-1.0193360223335843
TOKYOTECH_s05,155,146,159.86666666666667,0.3557034730911255,-0.9707088677834548
TOKYOTECH_s05,155,147,159.9,-0.027262600138783455,-0.8273355561069776
TOKYOTECH_s05,155,148,159.93333333333334,-0.30251947045326233,-0.5788023501154532
TOKYOTECH_s05,155,149,159.96666666666667,-0.612726628780365,-0.23675926296601776
TOKYOTECH_s05,155,150,160.0,-0.8319828510284424,0.15998688733062186
TOKYOTECH_s05,155,151,160.03333333333333,-0.9706175327301025,0.5495391862920338
TOKYOTECH_s05,155,152,160.06666666666666,-1.0345609188079834,0.8624753989050886
TOKYOTECH_s05,155,153,160.1,-1.0360212326049805,1.0446099317863156
TOKYOTECH_s05,155,154,160.13333333333333,-0.9675187468528748,1.076298692306085
TOKYOTECH_s05,155,155,160.16666666666666,-0.9740101099014282,0.9774240845041957
TOKYOTECH_s05,155,156,160.2,-1.0681309700012207,0.7952255735475148
TOKYOTECH_s05,155,157,160.23333333333332,-1.1207656860351562,0.5825335577065196
TOKYOTECH_s05,155,158,160.26666666666668,-1.0819776058197021,0.3789059333003141
TOKYOTECH_s05,155,159,160.3,-0.025339221581816673,0.20369526846468852
TOKYOTECH_s05,155,160,160.33333333333334,1.7007328271865845,0.06093235272283182
TOKYOTECH_s05,155,161,160.36666666666667,2.359579086303711,-0.05170005379773979
TOKYOTECH_s05,155,162,160.4,2.1004483699798584,-0.1379041609291355
TOKYOTECH_s05,155,163,160.43333333333334,1.519338607788086,-0.20415629951939182
TOKYOTECH_s05,155,164,160.46666666666667,0.8482486605644226,-0.26319653332623805
TOKYOTECH_s05,155,165,160.5,0.3390074670314789,-0.3332670568134248
TOKYOTECH_s05,155,166,160.53333333333333,-0.10474982857704163,-0.4307887024546546
TOKYOTECH_s05,155,167,160.56666666666666,-0.13075995445251465,-0.560077501699422
TOKYOTECH_s05,155,168,160.6,0.25168073177337646,-0.7062321884364884
TOKYOTECH_s05,155,169,160.63333333333333,0.5113992094993591,-0.8354794172250056
TOKYOTECH_s05,155,170,160.66666666666666,0.4526737928390503,-0.9032503971044474
TOKYOTECH_s05,155,171,160.7,0.08383923023939133,-0.8671919976507164
TOKYOTECH_s05,155,172,160.73333333333332,-0.2728317379951477,-0.7016188957156775
TOKYOTECH_s05,155,173,160.76666666666668,-0.579379141330719,-0.40954991212076114
TOKYOTECH_s05,155,174,160.8,-0.8578416109085083,-0.027159614364347457
TOKYOTECH_s05,155,175,160.83333333333334,-1.0460478067398071,0.38352991893382776
TOKYOTECH_s05,155,176,160.86666666666667,-1.0965899229049683,0.752349720944364
TOKYOTECH_s05,155,177,160.9,-1.1199287176132202,1.0216610027660087
TOKYOTECH_s05,155,178,160.93333333333334,-1.1199642419815063,1.1611097184921682
TOKYOTECH_s05,155,179,160.96666666666667,-1.1117098331451416,1.1709844060292658
TOKYOTECH_s05,155,180,161.0,-1.095245361328125,1.0744014327423488
TOKYOTECH_s05,155,181,161.03333333333333,-1.157505750656128,0.9036853190084597
TOKYOTECH_s05,155,182,161.06666666666666,-1.2007194757461548,0.6884942089225307
TOKYOTECH_s05,155,183,161.1,-0.5102710723876953,0.45092696296075846
TOKYOTECH_s05,155,184,161.13333333333333,1.3796888589859009,0.20720411987584023
TOKYOTECH_s05,155,185,161.16666666666666,2.4634058475494385,-0.028698761348595822
TOKYOTECH_s05,155,186,161.2,2.280043840408325,-0.24339691798330257
TOKYOTECH_s05,155,187,161.23333333333332,1.8179609775543213,-0.424922595801714
TOKYOTECH_s05,155,188,161.26666666666668,1.3490750789642334,-0.5643616532725391
TOKYOTECH_s05,155,189,161.3,0.8952913284301758,-0.657079007297918
TOKYOTECH_s05,155,190,161.33333333333334,0.39746570587158203,-0.7040475686750245
TOKYOTECH_s05,155,191,161.36666666666667,0.12305478751659393,-0.713890641013422
TOKYOTECH_s05,155,192,161.4,0.3099430799484253,-0.7036561963723696
TOKYOTECH_s05,155,193,161.43333333333334,0.4973834455013275,-0.6945524278286237
TOKYOTECH_s05,155,194,161.46666666666667,0.4732610881328583,-0.7014052234460463
TOKYOTECH_s05,155,195,161.5,0.3752043843269348,-0.7203826024103708
TOKYOTECH_s05,155,196,161.53333333333333,0.03463279455900192,-0.7240378214953027
TOKYOTECH_s05,155,197,161.56666666666666,-0.4308871626853943,-0.6705748153365558
TOKYOTECH_s05,155,198,161.6,-0.7177555561065674,-0.5247092478953191
TOKYOTECH_s05,155,199,161.63333333333333,-0.9446874856948853,-0.27826484946868235
TOKYOTECH_s05,155,200,161.66666666666666,-1.065860390663147,0.042151419798921654
TOKYOTECH_s05,155,201,161.7,-1.0945507287979126,0.3850421350013931
TOKYOTECH_s05,155,202,161.73333333333332,-1.1631245613098145,0.6950440212080736
TOKYOTECH_s05,155,203,161.76666666666668,-1.1790190935134888,0.9323865746298707
TOKYOTECH_s05,155,204,161.8,-1.12596595287323,1.0809863133786637
TOKYOTECH_s05,155,205,161.83333333333334,-1.1300175189971924,1.1438673337963576
TOKYOTECH_s05,155,206,161.86666666666667,-1.1360191106796265,1.131943938102955
TOKYOTECH_s05,155,207,161.9,-1.2747339010238647,1.0543106955963022
TOKYOTECH_s05,155,208,161.93333333333334,-1.1650478839874268,0.9149462083320283
TOKYOTECH_s05,155,209,161.96666666666667,0.01957523263990879,0.7158071748992401
TOKYOTECH_s05,155,210,162.0,1.994715929031372,0.4633251414757415
TOKYOTECH_s05,155,211,162.03333333333333,2.635316848754883,0.17439805394399266
TOKYOTECH_s05,155,212,162.06666666666666,2.2689754962921143,-0.12196856433043647
TOKYOTECH_s05,155,213,162.1,1.839349627494812,-0.3895522547810619
TOKYOTECH_s05,155,214,162.13333333333333,1.396126627922058,-0.59499989039364
TOKYOTECH_s05,155,215,162.16666666666666,0.8950508832931519,-0.7185464528445734
TOKYOTECH_s05,155,216,162.2,0.4083292484283447,-0.7601780401749529
TOKYOTECH_s05,155,217,162.23333333333332,0.1800794005393982,-0.7381483910568682
TOKYOTECH_s05,155,218,162.26666666666668,0.3580097258090973,-0.6803030095857602
TOKYOTECH_s05,155,219,162.3,0.5968203544616699,-0.6122139844898807
TOKYOTECH_s05,155,220,162.33333333333334,0.5495996475219727,-0.5480086348310906
TOKYOTECH_s05,155,221,162.36666666666667,0.217059925198555,-0.4881442311553145
TOKYOTECH_s05,155,222,162.4,-0.17683200538158417,-0.4236377276037767
TOKYOTECH_s05,155,223,162.43333333333334,-0.44210687279701233,-0.34265370281683377
TOKYOTECH_s05,155,224,162.46666666666667,-0.720409095287323,-0.23609521351749205
TOKYOTECH_s05,155,225,162.5,-1.000946283340454,-0.10164114593084925
TOKYOTECH_s05,155,226,162.53333333333333,-1.0657624006271362,0.05322073771758638
TOKYOTECH_s05,155,227,162.56666666666666,-1.1002318859100342,0.20982941383497888
TOKYOTECH_s05,155,228,162.6,-1.192723274230957,0.3409381327559009
TOKYOTECH_s05,155,229,162.63333333333333,-1.1022086143493652,0.41879871833700705
TOKYOTECH_s05,155,230,162.66666666666666,-1.063099980354309,0.42645968433196063
TOKYOTECH_s05,155,231,162.7,-1.1155743598937988,0.36643248298566267
TOKYOTECH_s05,155,232,162.73333333333332,-1.1236062049865723,0.26127308400380167
TOKYOTECH_s05,155,233,162.76666666666668,-1.2723830938339233,0.14503393439862303
TOKYOTECH_s05,155,234,162.8,-1.3775278329849243,0.05007608545578254
TOKYOTECH_s05,155,235,162.83333333333334,-0.5349722504615784,-0.0036353074934857765
TOKYOTECH_s05,155,236,162.86666666666667,1.454193115234375,-0.01195341625710149
TOKYOTECH_s05,155,237,162.9,2.5391924381256104,0.01712769571037691
TOKYOTECH_s05,155,238,162.93333333333334,2.3111650943756104,0.07026367115943839
TOKYOTECH_s05,155,239,162.96666666666667,1.8137580156326294,0.13407108562563705
TOKYOTECH_s05,156,0,156.0,-1.19461989402771,-0.01102882513033816
TOKYOTECH_s05,156,1,156.03333333333333,-1.2313154935836792,-1.0466044244284436
TOKYOTECH_s05,156,2,156.06666666666666,-1.2145482301712036,-1.9301383984849827
TOKYOTECH_s05,156,3,156.1,-1.345898985862732,-2.547241417886504
TOKYOTECH_s05,156,4,156.13333333333333,-1.315650224685669,-2.8498340185400837
TOKYOTECH_s05,156,5,156.16666666666666,-0.4299432933330536,-2.861223352947377
TOKYOTECH_s05,156,6,156.2,1.5198551416397095,-2.657736124181433
TOKYOTECH_s05,156,7,156.23333333333332,2.462738037109375,-2.3375957050582805
TOKYOTECH_s05,156,8,156.26666666666668,2.179565191268921,-1.9909188229791808
TOKYOTECH_s05,156,9,156.3,1.718898057937622,-1.6799679829873861
TOKYOTECH_s05,156,10,156.33333333333334,1.2612942457199097,-1.4326770247262663
TOKYOTECH_s05,156,11,156.36666666666667,0.8501542806625366,-1.2478267188519356
TOKYOTECH_s05,156,12,156.4,0.43971771001815796,-1.1072564632307178
TOKYOTECH_s05,156,13,156.43333333333334,0.11409682780504227,-0.9889355101165999
TOKYOTECH_s05,156,14,156.46666666666667,0.1731516718864441,-0.8748731845756582
TOKYOTECH_s05,156,15,156.5,0.47377753257751465,-0.7509914728927785
TOKYOTECH_s05,156,16,156.53333333333333,0.48097240924835205,-0.601836844005073
TOKYOTECH_s05,156,17,156.56666666666666,0.19413965940475464,-0.4072561658421557
TOKYOTECH_s05,156,18,156.6,-0.07419838011264801,-0.14694480740315205
TOKYOTECH_s05,156,19,156.63333333333333,-0.36698827147483826,0.18773400736984802
TOKYOTECH_s05,156,20,156.66666666666666,-0.697568953037262,0.5826532449268056
TOKYOTECH_s05,156,21,156.7,-0.8995682597160339,0.9997519354731458
TOKYOTECH_s05,156,22,156.73333333333332,-1.085450291633606,1.3875606748623386
TOKYOTECH_s05,156,23,156.76666666666668,-1.137292504310608,1.6967875839745232
TOKYOTECH_s05,156,24,156.8,-1.1535077095031738,1.8929670833728336
TOKYOTECH_s05,156,25,156.83333333333334,-1.1009441614151,1.9623632996166058
TOKYOTECH_s05,156,26,156.86666666666667,-1.139313817024231,1.9115417694943682
TOKYOTECH_s05,156,27,156.9,-1.134834885597229,1.7627309082501914
TOKYOTECH_s05,156,28,156.93333333333334,-1.180711030960083,1.546676458299599
TOKYOTECH_s05,156,29,156.96666666666667,-1.2335683107376099,1.2941352244994455
TOKYOTECH_s05,156,30,157.0,-1.1003209352493286,1.0278880081853154
TOKYOTECH_s05,156,31,157.03333333333333,0.2899613082408905,0.7582075732444857
TOKYOTECH_s05,156,32,157.06666666666666,1.9434614181518555,0.48423991722364035
TOKYOTECH_s05,156,33,157.1,2.2205259799957275,0.20095975583481487
TOKYOTECH_s05,156,34,157.13333333333333,1.7666263580322266,-0.09247360246144155
TOKYOTECH_s05,156,35,157.16666666666666,1.2837337255477905,-0.3885010562967008
TOKYOTECH_s05,156,36,157.2,0.6726335287094116,-0.6734253570843989
TOKYOTECH_s05,156,37,157.23333333333332,0.041329000145196915,-0.9331581852304427
TOKYOTECH_s05,156,38,157.26666666666668,-0.30165570974349976,-1.1564478314326465
TOKYOTECH_s05,156,39,157.3,-0.23493406176567078,-1.3319175190574937
TOKYOTECH_s05,156,40,157.33333333333334,0.1761436015367508,-1.441863042210213
TOKYOTECH_s05,156,41,157.36666666666667,0.4082491099834442,-1.4603968287880151
TOKYOTECH_s05,156,42,157.4,0.3502271771430969,-1.3610566750110933
TOKYOTECH_s05,156,43,157.43333333333334,0.033475205302238464,-1.131381668926519
TOKYOTECH_s05,156,44,157.46666666666667,-0.37178781628608704,-0.7853440038317763
TOKYOTECH_s05,156,45,157.5,-0.7187172174453735,-0.36468310484486316
TOKYOTECH_s05,156,46,157.53333333333333,-0.9396742582321167,0.07215135907803936
TOKYOTECH_s05,156,47,157.56666666666666,-1.1467758417129517,0.4666147470083677
TOKYOTECH_s05,156,48,157.6,-1.2265158891677856,0.7737909355642901
TOKYOTECH_s05,156,49,157.63333333333333,-1.20438814163208,0.9688372786071955
TOKYOTECH_s05,156,50,157.66666666666666,-1.2742708921432495,1.0467308733611085
TOKYOTECH_s05,156,51,157.7,-1.276363492012024,1.018362266941743
TOKYOTECH_s05,156,52,157.73333333333332,-1.2498903274536133,0.9053460658829368
TOKYOTECH_s05,156,53,157.76666666666668,-1.2818843126296997,0.7343981842299574
TOKYOTECH_s05,156,54,157.8,-0.4434870779514313,0.5319899899773269
TOKYOTECH_s05,156,55,157.83333333333334,1.4945484399795532,0.3204961069585347
TOKYOTECH_s05,156,56,157.86666666666667,2.507429838180542,0.11662444035960094
TOKYOTECH_s05,156,57,157.9,2.2304365634918213,-0.06837509441351311
TOKYOTECH_s05,156,58,157.93333333333334,1.7708470821380615,-0.22826792543880958
TOKYOTECH_s05,156,59,157.96666666666667,1.337419033050537,-0.36240169741779815
TOKYOTECH_s05,156,60,158.0,0.7438519597053528,-0.47675383880030875
TOKYOTECH_s05,156,61,158.03333333333333,0.1907559335231781,-0.5830974630244882
TOKYOTECH_s05,156,62,158.06666666666666,0.016360696405172348,-0.693877388288198
TOKYOTECH_s05,156,63,158.1,0.09778372943401337,-0.8130910145124439
TOKYOTECH_s05,156,64,158.13333333333333,0.36613067984580994,-0.9276744611146521
TOKYOTECH_s05,156,65,158.16666666666666,0.522663414478302,-1.0057072709217962
TOKYOTECH_s05,156,66,158.2,0.27791348099708557,-1.00463108167109
TOKYOTECH_s05,156,67,158.23333333333332,-0.05002257972955704,-0.8870031858745787
TOKYOTECH_s05,156,68,158.26666666666668,-0.41271302103996277,-0.6371567800494434
TOKYOTECH_s05,156,69,158.3,-0.7571046352386475,-0.2714726443030701
TOKYOTECH_s05,156,70,158.33333333333334,-0.9417757391929626,0.16234301826958186
TOKYOTECH_s05,156,71,158.36666666666667,-1.1169100999832153,0.5969833466697765
TOKYOTECH_s05,156,72,158.4,-1.1670781373977661,0.9638651280393795
TOKYOTECH_s05,156,73,158.43333333333334,-1.2135063409805298,1.2113480264526646
TOKYOTECH_s05,156,74,158.46666666666667,-1.1573811769485474,1.316752929128357
TOKYOTECH_s05,156,75,158.5,-1.1235617399215698,1.2886749552095398
TOKYOTECH_s05,156,76,158.53333333333333,-1.1924738883972168,1.1593322102757613
TOKYOTECH_s05,156,77,158.56666666666666,-1.3196306228637695,0.9701672590794719
TOKYOTECH_s05,156,78,158.6,-1.1993749141693115,0.7569122568076022
TOKYOTECH_s05,156,79,158.63333333333333,0.1505252569913864,0.5407740768061725
TOKYOTECH_s05,156,80,158.66666666666666,2.0567359924316406,0.3290383618659678
TOKYOTECH_s05,156,81,158.7,2.593287467956543,0.12281772560248463
TOKYOTECH_s05,156,82,158.73333333333332,2.2313003540039062,-0.07472143130059358
TOKYOTECH_s05,156,83,158.76666666666668,1.7967325448989868,-0.25605884432483467
TOKYOTECH_s05,156,84,158.8,1.3534561395645142,-0.41397615807621907
TOKYOTECH_s05,156,85,158.83333333333334,0.8547579050064087,-0.5482315027090332
TOKYOTECH_s05,156,86,158.86666666666667,0.3565761148929596,-0.6677451347765821
TOKYOTECH_s05,156,87,158.9,0.22237592935562134,-0.7853479918850589
TOKYOTECH_s05,156,88,158.93333333333334,0.40417081117630005,-0.9079242401904689
TOKYOTECH_s05,156,89,158.96666666666667,0.5327255129814148,-1.0282021767837293
TOKYOTECH_s05,156,90,159.0,0.523064136505127,-1.1229245435947983
TOKYOTECH_s05,156,91,159.03333333333333,0.2432125210762024,-1.1579079102138412
TOKYOTECH_s05,156,92,159.06666666666666,-0.09761729836463928,-1.0974252044606716
TOKYOTECH_s05,156,93,159.1,-0.39176955819129944,-0.9150650854445892
TOKYOTECH_s05,156,94,159.13333333333333,-0.7411566376686096,-0.6045501257430771
TOKYOTECH_s05,156,95,159.16666666666666,-0.9325595498085022,-0.18847147366398914
TOKYOTECH_s05,156,96,159.2,-1.0651390552520752,0.2801952789616836
TOKYOTECH_s05,156,97,159.23333333333332,-1.0971686840057373,0.728814549069339
TOKYOTECH_s05,156,98,159.26666666666668,-1.0868661403656006,1.0860835355093494
TOKYOTECH_s05,156,99,159.3,-1.0796178579330444,1.303710388582043
TOKYOTECH_s05,156,100,159.33333333333334,-1.08073091506958,1.368491408521897
TOKYOTECH_s05,156,101,159.36666666666667,-1.1445051431655884,1.3002025949229636
TOKYOTECH_s05,156,102,159.4,-1.2144681215286255,1.1380337644257466
TOKYOTECH_s05,156,103,159.43333333333334,-1.2394007444381714,0.9234335544244551
TOKYOTECH_s05,156,104,159.46666666666667,-0.41088759899139404,0.6880249592124572
TOKYOTECH_s05,156,105,159.5,1.4898290634155273,0.4511067584416862
TOKYOTECH_s05,156,106,159.53333333333333,2.520394802093506,0.2243520287437514
TOKYOTECH_s05,156,107,159.56666666666666,2.3285112380981445,0.016847784990188505
TOKYOTECH_s05,156,108,159.6,1.908992052078247,-0.1647612420849182
TOKYOTECH_s05,156,109,159.63333333333333,1.4887070655822754,-0.32046395789436033
TOKYOTECH_s05,156,110,159.66666666666666,0.9512830376625061,-0.4598576266764626
TOKYOTECH_s05,156,111,159.7,0.3993801772594452,-0.5985768520992825
TOKYOTECH_s05,156,112,159.73333333333332,0.23143182694911957,-0.748564633144814
TOKYOTECH_s05,156,113,159.76666666666668,0.3325338661670685,-0.9080169508195693
TOKYOTECH_s05,156,114,159.8,0.5441945791244507,-1.0567879696007274
TOKYOTECH_s05,156,115,159.83333333333334,0.6496865749359131,-1.1591879941423473
TOKYOTECH_s05,156,116,159.86666666666667,0.3557034730911255,-1.1727659305050888
TOKYOTECH_s05,156,117,159.9,-0.027262600138783455,-1.0605863457424216
TOKYOTECH_s05,156,118,159.93333333333334,-0.30251947045326233,-0.8047896731265173
TOKYOTECH_s05,156,119,159.96666666666667,-0.612726628780365,-0.4184202641943637
TOKYOTECH_s05,156,120,160.0,-0.8319828510284424,0.04988830470432703
TOKYOTECH_s05,156,121,160.03333333333333,-0.9706175327301025,0.5237928065093918
TOKYOTECH_s05,156,122,160.06666666666666,-1.0345609188079834,0.919757882228625
TOKYOTECH_s05,156,123,160.1,-1.0360212326049805,1.1728208191482143
TOKYOTECH_s05,156,124,160.13333333333333,-0.9675187468528748,1.2561859059013407
TOKYOTECH_s05,156,125,160.16666666666666,-0.9740101099014282,1.1855739287429956
TOKYOTECH_s05,156,126,160.2,-1.0681309700012207,1.0070504499553297
TOKYOTECH_s05,156,127,160.23333333333332,-1.1207656860351562,0.7756431529333653
TOKYOTECH_s05,156,128,160.26666666666668,-1.0819776058197021,0.5361685159426609
TOKYOTECH_s05,156,129,160.3,-0.025339221581816673,0.3148383823279068
TOKYOTECH_s05,156,130,160.33333333333334,1.7007328271865845,0.12219817991663912
TOKYOTECH_s05,156,131,160.36666666666667,2.359579086303711,-0.03917867411759411
TOKYOTECH_s05,156,132,160.4,2.1004483699798584,-0.16981299727760793
TOKYOTECH_s05,156,133,160.43333333333334,1.519338607788086,-0.27402671306034626
TOKYOTECH_s05,156,134,160.46666666666667,0.8482486605644226,-0.3627527093935314
TOKYOTECH_s05,156,135,160.5,0.3390074670314789,-0.4526168169872688
TOKYOTECH_s05,156,136,160.53333333333333,-0.10474982857704163,-0.5590909237180237
TOKYOTECH_s05,156,137,160.56666666666666,-0.13075995445251465,-0.6869973325549065
TOKYOTECH_s05,156,138,160.6,0.25168073177337646,-0.82382267250092
TOKYOTECH_s05,156,139,160.63333333333333,0.5113992094993591,-0.939519931071391
TOKYOTECH_s05,156,140,160.66666666666666,0.4526737928390503,-0.9930915354658091
TOKYOTECH_s05,156,141,160.7,0.08383923023939133,-0.9439613038567679
TOKYOTECH_s05,156,142,160.73333333333332,-0.2728317379951477,-0.7657631438195899
TOKYOTECH_s05,156,143,160.76666666666668,-0.579379141330719,-0.45924174233109727
TOKYOTECH_s05,156,144,160.8,-0.8578416109085083,-0.05845518381601941
TOKYOTECH_s05,156,145,160.83333333333334,-1.0460478067398071,0.3752088784510113
TOKYOTECH_s05,156,146,160.86666666666667,-1.0965899229049683,0.7705647311976037
TOKYOTECH_s05,156,147,160.9,-1.1199287176132202,1.0679855560018745
TOKYOTECH_s05,156,148,160.93333333333334,-1.1199642419815063,1.2349770985753923
TOKYOTECH_s05,156,149,160.96666666666667,-1.1117098331451416,1.270006792318214
TOKYOTECH_s05,156,150,161.0,-1.095245361328125,1.1946636039217702
TOKYOTECH_s05,156,151,161.03333333333333,-1.157505750656128,1.0395865172043086
TOKYOTECH_s05,156,152,161.06666666666666,-1.2007194757461548,0.8319411702729416
TOKYOTECH_s05,156,153,161.1,-0.5102710723876953,0.5902358472094476
TOKYOTECH_s05,156,154,161.13333333333333,1.3796888589859009,0.3269494664676214
TOKYOTECH_s05,156,155,161.16666666666666,2.4634058475494385,0.054632202451624756
TOKYOTECH_s05,156,156,161.2,2.280043840408325,-0.20983115137292302
TOKYOTECH_s05,156,157,161.23333333333332,1.8179609775543213,-0.4455226887919406
TOKYOTECH_s05,156,158,161.26666666666668,1.3490750789642334,-0.6315595835079072
TOKYOTECH_s05,156,159,161.3,0.8952913284301758,-0.7524472597721152
TOKYOTECH_s05,156,160,161.33333333333334,0.39746570587158203,-0.8031189006854798
TOKYOTECH_s05,156,161,161.36666666666667,0.12305478751659393,-0.7928361274430668
TOKYOTECH_s05,156,162,161.4,0.3099430799484253,-0.7457647503216351
TOKYOTECH_s05,156,163,161.43333333333334,0.4973834455013275,-0.6948811332660451
TOKYOTECH_s05,156,164,161.46666666666667,0.4732610881328583,-0.6681579356800709
TOKYOTECH_s05,156,165,161.5,0.3752043843269348,-0.6719201897604391
TOKYOTECH_s05,156,166,161.53333333333333,0.03463279455900192,-0.6820189079701585
TOKYOTECH_s05,156,167,161.56666666666666,-0.4308871626853943,-0.6519503032936899
TOKYOTECH_s05,156,168,161.6,-0.7177555561065674,-0.5360783758358192
TOKYOTECH_s05,156,169,161.63333333333333,-0.9446874856948853,-0.31479632062404395
TOKYOTECH_s05,156,170,161.66666666666666,-1.065860390663147,-0.006861911510396012
TOKYOTECH_s05,156,171,161.7,-1.0945507287979126,0.3374782541071159
TOKYOTECH_s05,156,172,161.73333333333332,-1.1631245613098145,0.657206461536283
TOKYOTECH_s05,156,173,161.76666666666668,-1.1790190935134888,0.9025703872302441
TOKYOTECH_s05,156,174,161.8,-1.12596595287323,1.047640257191969
TOKYOTECH_s05,156,175,161.83333333333334,-1.1300175189971924,1.090170178929048
TOKYOTECH_s05,156,176,161.86666666666667,-1.1360191106796265,1.0428694274721426
TOKYOTECH_s05,156,177,161.9,-1.2747339010238647,0.9232350220703743
TOKYOTECH_s05,156,178,161.93333333333334,-1.1650478839874268,0.7472593777256052
TOKYOTECH_s05,156,179,161.96666666666667,0.01957523263990879,0.5283722357890165
TOKYOTECH_s05,156,180,162.0,1.994715929031372,0.280093673888892
TOKYOTECH_s05,156,181,162.03333333333333,2.635316848754883,0.019745803456805072
TOKYOTECH_s05,156,182,162.06666666666666,2.2689754962921143,-0.22949152054234911
TOKYOTECH_s05,156,183,162.1,1.839349627494812,-0.44026567449540377
TOKYOTECH_s05,156,184,162.13333333333333,1.396126627922058,-0.5871831744153441
TOKYOTECH_s05,156,185,162.16666666666666,0.8950508832931519,-0.6556727720394542
TOKYOTECH_s05,156,186,162.2,0.4083292484283447,-0.6491047252644981
TOKYOTECH_s05,156,187,162.23333333333332,0.1800794005393982,-0.5891214235579939
TOKYOTECH_s05,156,188,162.26666666666668,0.3580097258090973,-0.507376840919087
TOKYOTECH_s05,156,189,162.3,0.5968203544616699,-0.4321635130641025
TOKYOTECH_s05,156,190,162.33333333333334,0.5495996475219727,-0.3770886870634041
TOKYOTECH_s05,156,191,162.36666666666667,0.217059925198555,-0.3378472445041329
TOKYOTECH_s05,156,192,162.4,-0.17683200538158417,-0.29743677391410506
TOKYOTECH_s05,156,193,162.43333333333334,-0.44210687279701233,-0.23517669635143276
TOKYOTECH_s05,156,194,162.46666666666667,-0.720409095287323,-0.13497994088841628
TOKYOTECH_s05,156,195,162.5,-1.000946283340454,0.008741089820470976
TOKYOTECH_s05,156,196,162.53333333333333,-1.0657624006271362,0.1875650814841743
TOKYOTECH_s05,156,197,162.56666666666666,-1.1002318859100342,0.37856483458043966
TOKYOTECH_s05,156,198,162.6,-1.192723274230957,0.5484486486565784
TOKYOTECH_s05,156,199,162.63333333333333,-1.1022086143493652,0.6630121042807862
TOKYOTECH_s05,156,200,162.66666666666666,-1.063099980354309,0.6991353482810806
TOKYOTECH_s05,156,201,162.7,-1.1155743598937988,0.6537196973791809
TOKYOTECH_s05,156,202,162.73333333333332,-1.1236062049865723,0.5448156529464585
TOKYOTECH_s05,156,203,162.76666666666668,-1.2723830938339233,0.4042199726571069
TOKYOTECH_s05,156,204,162.8,-1.3775278329849243,0.26526879541524084
TOKYOTECH_s05,156,205,162.83333333333334,-0.5349722504615784,0.1517207735141582
TOKYOTECH_s05,156,206,162.86666666666667,1.454193115234375,0.07226174442234812
TOKYOTECH_s05,156,207,162.9,2.5391924381256104,0.021384125686246352
TOKYOTECH_s05,156,208,162.93333333333334,2.3111650943756104,-0.016163080014337916
TOKYOTECH_s05,156,209,162.96666666666667,1.8137580156326294,-0.060707078767855374
TOKYOTECH_s05,156,210,163.0,1.2896106243133545,-0.1333216821866885
TOKYOTECH_s05,156,211,163.03333333333333,0.7062035799026489,-0.24997270408770572
TOKYOTECH_s05,156,212,163.06666666666666,0.1586194783449173,-0.4135884974825515
TOKYOTECH_s05,156,213,163.1,-0.034181419759988785,-0.60723417389288
TOKYOTECH_s05,156,214,163.13333333333333,0.2216012328863144,-0.7938889686709509
TOKYOTECH_s05,156,215,163.16666666666666,0.6045851111412048,-0.9261428344816389
TOKYOTECH_s05,156,216,163.2,0.6312808990478516,-0.9627820070718973
TOKYOTECH_s05,156,217,163.23333333333332,0.32332658767700195,-0.8838818501746708
TOKYOTECH_s05,156,218,163.26666666666668,-0.0793452039361,-0.6965575462383059
TOKYOTECH_s05,156,219,163.3,-0.43063783645629883,-0.4294979802829038
TOKYOTECH_s05,156,220,163.33333333333334,-0.6705437302589417,-0.1213977169932456
TOKYOTECH_s05,156,221,163.36666666666667,-0.8553038239479065,0.18914935269761532
TOKYOTECH_s05,156,222,163.4,-1.025950312614441,0.4686934139309567
TOKYOTECH_s05,156,223,163.43333333333334,-1.0851119756698608,0.6905153998622552
TOKYOTECH_s05,156,224,163.46666666666667,-0.9955234527587891,0.8354420280592065
TOKYOTECH_s05,156,225,163.5,-0.9950693249702454,0.8927345407696716
TOKYOTECH_s05,156,226,163.53333333333333,-1.1238466501235962,0.8606449124246927
TOKYOTECH_s05,156,227,163.56666666666666,-1.1207923889160156,0.7461801126983058
TOKYOTECH_s05,156,228,163.6,-0.8608068227767944,0.5639246686285211
TOKYOTECH_s05,156,229,163.63333333333333,0.37645992636680603,0.33425399407131784
TOKYOTECH_s05,156,230,163.66666666666666,1.8553600311279297,0.08171200075493353
TOKYOTECH_s05,156,231,163.7,2.1096110343933105,-0.16618570895943352
TOKYOTECH_s05,156,232,163.73333333333332,1.6489708423614502,-0.3809150650419673
TOKYOTECH_s05,156,233,163.76666666666668,1.1333361864089966,-0.5370880194684721
TOKYOTECH_s05,156,234,163.8,0.5039371848106384,-0.6179619148628873
TOKYOTECH_s05,156,235,163.83333333333334,-0.12603165209293365,-0.619272107606143
TOKYOTECH_s05,156,236,163.86666666666667,-0.4625338912010193,-0.5488615861833218
TOKYOTECH_s05,156,237,163.9,-0.1881585717201233,-0.422286261982911
TOKYOTECH_s05,156,238,163.93333333333334,0.2782607674598694,-0.25715095805189253
TOKYOTECH_s05,156,239,163.96666666666667,0.40504348278045654,-0.06951146958742987
TOKYOTECH_s05,157,0,157.0,-1.1003209352493286,-0.13321455041237554
TOKYOTECH_s05,157,1,157.03333333333333,0.2899613082408905,-1.3133427251559207
TOKYOTECH_s05,157,2,157.06666666666666,1.9434614181518555,-2.3416886297879556
TOKYOTECH_s05,157,3,157.1,2.2205259799957275,-3.1014281930172167
TOKYOTECH_s05,157,4,157.13333333333333,1.7666263580322266,-3.5331189710065956
TOKYOTECH_s05,157,5,157.16666666666666,1.2837337255477905,-3.6442930641407476
TOKYOTECH_s05,157,6,157.2,0.6726335287094116,-3.49936743008838
TOKYOTECH_s05,157,7,157.23333333333332,0.041329000145196915,-3.194635721557023
TOKYOTECH_s05,157,8,157.26666666666668,-0.30165570974349976,-2.827286688678777
TOKYOTECH_s05,157,9,157.3,-0.23493406176567078,-2.4673210794598517
TOKYOTECH_s05,157,10,157.33333333333334,0.1761436015367508,-2.1405631012186372
TOKYOTECH_s05,157,11,157.36666666666667,0.4082491099834442,-1.8288129530472024
TOKYOTECH_s05,157,12,157.4,0.3502271771430969,-1.4876190769421753
TOKYOTECH_s05,157,13,157.43333333333334,0.033475205302238464,-1.0743563593904362
TOKYOTECH_s05,157,14,157.46666666666667,-0.37178781628608704,-0.5733318723297609
TOKYOTECH_s05,157,15,157.5,-0.7187172174453735,-0.005850511241161489
TOKYOTECH_s05,157,16,157.53333333333333,-0.9396742582321167,0.5774494488265771
TOKYOTECH_s05,157,17,157.56666666666666,-1.1467758417129517,1.1146451420040138
TOKYOTECH_s05,157,18,157.6,-1.2265158891677856,1.5506504320953682
TOKYOTECH_s05,157,19,157.63333333333333,-1.20438814163208,1.8488326799808323
TOKYOTECH_s05,157,20,157.66666666666666,-1.2742708921432495,1.9951216325735008
TOKYOTECH_s05,157,21,157.7,-1.276363492012024,1.996912647047876
TOKYOTECH_s05,157,22,157.73333333333332,-1.2498903274536133,1.8788448499206007
TOKYOTECH_s05,157,23,157.76666666666668,-1.2818843126296997,1.6761858800820253
TOKYOTECH_s05,157,24,157.8,-0.4434870779514313,1.4267158569283718
TOKYOTECH_s05,157,25,157.83333333333334,1.4945484399795532,1.1631264591167594
TOKYOTECH_s05,157,26,157.86666666666667,2.507429838180542,0.9081801540694755
TOKYOTECH_s05,157,27,157.9,2.2304365634918213,0.6735208353432478
TOKYOTECH_s05,157,28,157.93333333333334,1.7708470821380615,0.4609430274802541
TOKYOTECH_s05,157,29,157.96666666666667,1.337419033050537,0.264238369906789
TOKYOTECH_s05,157,30,158.0,0.7438519597053528,0.07139490264037157
TOKYOTECH_s05,157,31,158.03333333333333,0.1907559335231781,-0.13127434137956767
TOKYOTECH_s05,157,32,158.06666666666666,0.016360696405172348,-0.3520717253516399
TOKYOTECH_s05,157,33,158.1,0.09778372943401337,-0.5857277539262307
TOKYOTECH_s05,157,34,158.13333333333333,0.36613067984580994,-0.8086701878967608
TOKYOTECH_s05,157,35,158.16666666666666,0.522663414478302,-0.9821673514603575
TOKYOTECH_s05,157,36,158.2,0.27791348099708557,-1.063734362626217
TOKYOTECH_s05,157,37,158.23333333333332,-0.05002257972955704,-1.0223245795535851
TOKYOTECH_s05,157,38,158.26666666666668,-0.41271302103996277,-0.8507796273386276
TOKYOTECH_s05,157,39,158.3,-0.7571046352386475,-0.5705049961896699
TOKYOTECH_s05,157,40,158.33333333333334,-0.9417757391929626,-0.22692379557770542
TOKYOTECH_s05,157,41,158.36666666666667,-1.1169100999832153,0.12217646420250565
TOKYOTECH_s05,157,42,158.4,-1.1670781373977661,0.4213115724018769
TOKYOTECH_s05,157,43,158.43333333333334,-1.2135063409805298,0.6305845932008114
TOKYOTECH_s05,157,44,158.46666666666667,-1.1573811769485474,0.7339097941228545
TOKYOTECH_s05,157,45,158.5,-1.1235617399215698,0.7398116879213311
TOKYOTECH_s05,157,46,158.53333333333333,-1.1924738883972168,0.6743322227347341
TOKYOTECH_s05,157,47,158.56666666666666,-1.3196306228637695,0.5684133141910421
TOKYOTECH_s05,157,48,158.6,-1.1993749141693115,0.4452465959378467
TOKYOTECH_s05,157,49,158.63333333333333,0.1505252569913864,0.3139359512252906
TOKYOTECH_s05,157,50,158.66666666666666,2.0567359924316406,0.17260418040839354
TOKYOTECH_s05,157,51,158.7,2.593287467956543,0.018295941697639054
TOKYOTECH_s05,157,52,158.73333333333332,2.2313003540039062,-0.14365415487706393
TOKYOTECH_s05,157,53,158.76666666666668,1.7967325448989868,-0.2978937619285842
TOKYOTECH_s05,157,54,158.8,1.3534561395645142,-0.4262647889050447
TOKYOTECH_s05,157,55,158.83333333333334,0.8547579050064087,-0.518505155505959
TOKYOTECH_s05,157,56,158.86666666666667,0.3565761148929596,-0.5786429150460424
TOKYOTECH_s05,157,57,158.9,0.22237592935562134,-0.6225223906041758
TOKYOTECH_s05,157,58,158.93333333333334,0.40417081117630005,-0.6680732201943927
TOKYOTECH_s05,157,59,158.96666666666667,0.5327255129814148,-0.7243081435387548
TOKYOTECH_s05,157,60,159.0,0.523064136505127,-0.7846207355220302
TOKYOTECH_s05,157,61,159.03333333333333,0.2432125210762024,-0.8265838707731263
TOKYOTECH_s05,157,62,159.06666666666666,-0.09761729836463928,-0.8175890786120632
TOKYOTECH_s05,157,63,159.1,-0.39176955819129944,-0.7246837271056891
TOKYOTECH_s05,157,64,159.13333333333333,-0.7411566376686096,-0.5269599084126219
TOKYOTECH_s05,157,65,159.16666666666666,-0.9325595498085022,-0.22750088384901443
TOKYOTECH_s05,157,66,159.2,-1.0651390552520752,0.1409437178834079
TOKYOTECH_s05,157,67,159.23333333333332,-1.0971686840057373,0.522079419439413
TOKYOTECH_s05,157,68,159.26666666666668,-1.0868661403656006,0.8532544339163325
TOKYOTECH_s05,157,69,159.3,-1.0796178579330444,1.0857359679893603
TOKYOTECH_s05,157,70,159.33333333333334,-1.08073091506958,1.1982113688257396
TOKYOTECH_s05,157,71,159.36666666666667,-1.1445051431655884,1.197833904737202
TOKYOTECH_s05,157,72,159.4,-1.2144681215286255,1.1101329096931456
TOKYOTECH_s05,157,73,159.43333333333334,-1.2394007444381714,0.964809893618868
TOKYOTECH_s05,157,74,159.46666666666667,-0.41088759899139404,0.7856738026074748
TOKYOTECH_s05,157,75,159.5,1.4898290634155273,0.5889411969550141
TOKYOTECH_s05,157,76,159.53333333333333,2.520394802093506,0.38733680020272515
TOKYOTECH_s05,157,77,159.56666666666666,2.3285112380981445,0.193397840533811
TOKYOTECH_s05,157,78,159.6,1.908992052078247,0.01765805044654509
TOKYOTECH_s05,157,79,159.63333333333333,1.4887070655822754,-0.13671210656984334
TOKYOTECH_s05,157,80,159.66666666666666,0.9512830376625061,-0.2770829349014577
TOKYOTECH_s05,157,81,159.7,0.3993801772594452,-0.41775942953861783
TOKYOTECH_s05,157,82,159.73333333333332,0.23143182694911957,-0.5707073888415296
TOKYOTECH_s05,157,83,159.76666666666668,0.3325338661670685,-0.7364618393826763
TOKYOTECH_s05,157,84,159.8,0.5441945791244507,-0.900306286743791
TOKYOTECH_s05,157,85,159.83333333333334,0.6496865749359131,-1.0346017430574872
TOKYOTECH_s05,157,86,159.86666666666667,0.3557034730911255,-1.1050181206295724
TOKYOTECH_s05,157,87,159.9,-0.027262600138783455,-1.078376308445089
TOKYOTECH_s05,157,88,159.93333333333334,-0.30251947045326233,-0.9317130378558144
TOKYOTECH_s05,157,89,159.96666666666667,-0.612726628780365,-0.6624973921042069
TOKYOTECH_s05,157,90,160.0,-0.8319828510284424,-0.2968884784464395
TOKYOTECH_s05,157,91,160.03333333333333,-0.9706175327301025,0.1100839388987955
TOKYOTECH_s05,157,92,160.06666666666666,-1.0345609188079834,0.48704032257937274
TOKYOTECH_s05,157,93,160.1,-1.0360212326049805,0.7692180418968848
TOKYOTECH_s05,157,94,160.13333333333333,-0.9675187468528748,0.9211896220848299
TOKYOTECH_s05,157,95,160.16666666666666,-0.9740101099014282,0.9463872620387915
TOKYOTECH_s05,157,96,160.2,-1.0681309700012207,0.8783460087844688
TOKYOTECH_s05,157,97,160.23333333333332,-1.1207656860351562,0.7602381406425514
TOKYOTECH_s05,157,98,160.26666666666668,-1.0819776058197021,0.6255403880028356
TOKYOTECH_s05,157,99,160.3,-0.025339221581816673,0.48992766603967886
TOKYOTECH_s05,157,100,160.33333333333334,1.7007328271865845,0.3553865078775881
TOKYOTECH_s05,157,101,160.36666666666667,2.359579086303711,0.21941984631909067
TOKYOTECH_s05,157,102,160.4,2.1004483699798584,0.08106775861530195
TOKYOTECH_s05,157,103,160.43333333333334,1.519338607788086,-0.05943314576972476
TOKYOTECH_s05,157,104,160.46666666666667,0.8482486605644226,-0.20412786560714874
TOKYOTECH_s05,157,105,160.5,0.3390074670314789,-0.3581201072105672
TOKYOTECH_s05,157,106,160.53333333333333,-0.10474982857704163,-0.5248659746260828
TOKYOTECH_s05,157,107,160.56666666666666,-0.13075995445251465,-0.698551243769087
TOKYOTECH_s05,157,108,160.6,0.25168073177337646,-0.8589892946007801
TOKYOTECH_s05,157,109,160.63333333333333,0.5113992094993591,-0.9730597782787815
TOKYOTECH_s05,157,110,160.66666666666666,0.4526737928390503,-1.0025358720961437
TOKYOTECH_s05,157,111,160.7,0.08383923023939133,-0.9151631909436843
TOKYOTECH_s05,157,112,160.73333333333332,-0.2728317379951477,-0.6961590291270079
TOKYOTECH_s05,157,113,160.76666666666668,-0.579379141330719,-0.35776056724227445
TOKYOTECH_s05,157,114,160.8,-0.8578416109085083,0.057356527579324565
TOKYOTECH_s05,157,115,160.83333333333334,-1.0460478067398071,0.483205302711948
TOKYOTECH_s05,157,116,160.86666666666667,-1.0965899229049683,0.8478028783756927
TOKYOTECH_s05,157,117,160.9,-1.1199287176132202,1.0941092398147092
TOKYOTECH_s05,157,118,160.93333333333334,-1.1199642419815063,1.1956946888132385
TOKYOTECH_s05,157,119,160.96666666666667,-1.1117098331451416,1.160768351507055
TOKYOTECH_s05,157,120,161.0,-1.095245361328125,1.0236165082601618
TOKYOTECH_s05,157,121,161.03333333333333,-1.157505750656128,0.828290068417402
TOKYOTECH_s05,157,122,161.06666666666666,-1.2007194757461548,0.612850943782567
TOKYOTECH_s05,157,123,161.1,-0.5102710723876953,0.40118251333243926
TOKYOTECH_s05,157,124,161.13333333333333,1.3796888589859009,0.20364454764736725
TOKYOTECH_s05,157,125,161.16666666666666,2.4634058475494385,0.022484056180579116
TOKYOTECH_s05,157,126,161.2,2.280043840408325,-0.14289200904874375
TOKYOTECH_s05,157,127,161.23333333333332,1.8179609775543213,-0.2929973133742956
TOKYOTECH_s05,157,128,161.26666666666668,1.3490750789642334,-0.4272308040292022
TOKYOTECH_s05,157,129,161.3,0.8952913284301758,-0.5436678432938911
TOKYOTECH_s05,157,130,161.33333333333334,0.39746570587158203,-0.6398421379740862
TOKYOTECH_s05,157,131,161.36666666666667,0.12305478751659393,-0.7150824246574982
TOKYOTECH_s05,157,132,161.4,0.3099430799484253,-0.7729693962759054
TOKYOTECH_s05,157,133,161.43333333333334,0.4973834455013275,-0.8204932570977365
TOKYOTECH_s05,157,134,161.46666666666667,0.4732610881328583,-0.8617021594222936
TOKYOTECH_s05,157,135,161.5,0.3752043843269348,-0.8883555575668608
TOKYOTECH_s05,157,136,161.53333333333333,0.03463279455900192,-0.8751653645219443
TOKYOTECH_s05,157,137,161.56666666666666,-0.4308871626853943,-0.7868173187333394
TOKYOTECH_s05,157,138,161.6,-0.7177555561065674,-0.5959546985716435
TOKYOTECH_s05,157,139,161.63333333333333,-0.9446874856948853,-0.3021040290241801
TOKYOTECH_s05,157,140,161.66666666666666,-1.065860390663147,0.06081397373281793
TOKYOTECH_s05,157,141,161.7,-1.0945507287979126,0.4342304448227085
TOKYOTECH_s05,157,142,161.73333333333332,-1.1631245613098145,0.75668182605611
TOKYOTECH_s05,157,143,161.76666666666668,-1.1790190935134888,0.9850202390739717
TOKYOTECH_s05,157,144,161.8,-1.12596595287323,1.1045243484216858
TOKYOTECH_s05,157,145,161.83333333333334,-1.1300175189971924,1.1254278646479183
TOKYOTECH_s05,157,146,161.86666666666667,-1.1360191106796265,1.070800965374042
TOKYOTECH_s05,157,147,161.9,-1.2747339010238647,0.9636176380794905
TOKYOTECH_s05,157,148,161.93333333333334,-1.1650478839874268,0.8189507635770794
TOKYOTECH_s05,157,149,161.96666666666667,0.01957523263990879,0.6431916739161996
TOKYOTECH_s05,157,150,162.0,1.994715929031372,0.4388665573509904
TOKYOTECH_s05,157,151,162.03333333333333,2.635316848754883,0.2115915910137283
TOKYOTECH_s05,157,152,162.06666666666666,2.2689754962921143,-0.02519354007786922
TOKYOTECH_s05,157,153,162.1,1.839349627494812,-0.25093698981862406
TOKYOTECH_s05,157,154,162.13333333333333,1.396126627922058,-0.444003658432949
TOKYOTECH_s05,157,155,162.16666666666666,0.8950508832931519,-0.5895454303657117
TOKYOTECH_s05,157,156,162.2,0.4083292484283447,-0.6847251607650017
TOKYOTECH_s05,157,157,162.23333333333332,0.1800794005393982,-0.7382563593169286
TOKYOTECH_s05,157,158,162.26666666666668,0.3580097258090973,-0.7640458271005937
TOKYOTECH_s05,157,159,162.3,0.5968203544616699,-0.7720047894806156
TOKYOTECH_s05,157,160,162.33333333333334,0.5495996475219727,-0.7613827675051297
TOKYOTECH_s05,157,161,162.36666666666667,0.217059925198555,-0.7208614226619523
TOKYOTECH_s05,157,162,162.4,-0.17683200538158417,-0.6349003585617141
TOKYOTECH_s05,157,163,162.43333333333334,-0.44210687279701233,-0.4918043652152109
TOKYOTECH_s05,157,164,162.46666666666667,-0.720409095287323,-0.2894287317182317
TOKYOTECH_s05,157,165,162.5,-1.000946283340454,-0.03756440372826332
TOKYOTECH_s05,157,166,162.53333333333333,-1.0657624006271362,0.2419179480424421
TOKYOTECH_s05,157,167,162.56666666666666,-1.1002318859100342,0.5165609074963667
TOKYOTECH_s05,157,168,162.6,-1.192723274230957,0.7476345000318853
TOKYOTECH_s05,157,169,162.63333333333333,-1.1022086143493652,0.8985799431883995
TOKYOTECH_s05,157,170,162.66666666666666,-1.063099980354309,0.9459327862058323
TOKYOTECH_s05,157,171,162.7,-1.1155743598937988,0.8878598968403802
TOKYOTECH_s05,157,172,162.73333333333332,-1.1236062049865723,0.7454726269761608
TOKYOTECH_s05,157,173,162.76666666666668,-1.2723830938339233,0.5556133116825274
TOKYOTECH_s05,157,174,162.8,-1.3775278329849243,0.3585004405612631
TOKYOTECH_s05,157,175,162.83333333333334,-0.5349722504615784,0.18611101808240726
TOKYOTECH_s05,157,176,162.86666666666667,1.454193115234375,0.055671734080013226
TOKYOTECH_s05,157,177,162.9,2.5391924381256104,-0.031175678580522777
TOKYOTECH_s05,157,178,162.93333333333334,2.3111650943756104,-0.08590835192555593
TOKYOTECH_s05,157,179,162.96666666666667,1.8137580156326294,-0.12972578735279194
TOKYOTECH_s05,157,180,163.0,1.2896106243133545,-0.1890726339817825
TOKYOTECH_s05,157,181,163.03333333333333,0.7062035799026489,-0.28821065759019177
TOKYOTECH_s05,157,182,163.06666666666666,0.1586194783449173,-0.43871916525564175
TOKYOTECH_s05,157,183,163.1,-0.034181419759988785,-0.6297579936795132
TOKYOTECH_s05,157,184,163.13333333333333,0.2216012328863144,-0.8254940809744623
TOKYOTECH_s05,157,185,163.16666666666666,0.6045851111412048,-0.9739597273642514
TOKYOTECH_s05,157,186,163.2,0.6312808990478516,-1.0248427840938958
TOKYOTECH_s05,157,187,163.23333333333332,0.32332658767700195,-0.9475668386348511
TOKYOTECH_s05,157,188,163.26666666666668,-0.0793452039361,-0.7407772344960402
TOKYOTECH_s05,157,189,163.3,-0.43063783645629883,-0.4300273741507344
TOKYOTECH_s05,157,190,163.33333333333334,-0.6705437302589417,-0.057793349462586886
TOKYOTECH_s05,157,191,163.36666666666667,-0.8553038239479065,0.3270325385032257
TOKYOTECH_s05,157,192,163.4,-1.025950312614441,0.6765669621342127
TOKYOTECH_s05,157,193,163.43333333333334,-1.0851119756698608,0.9494451822864799
TOKYOTECH_s05,157,194,163.46666666666667,-0.9955234527587891,1.1160225099188779
TOKYOTECH_s05,157,195,163.5,-0.9950693249702454,1.1626226066660377
TOKYOTECH_s05,157,196,163.53333333333333,-1.1238466501235962,1.0931806817269678
TOKYOTECH_s05,157,197,163.56666666666666,-1.1207923889160156,0.9273028994722399
TOKYOTECH_s05,157,198,163.6,-0.8608068227767944,0.6948831288922618
TOKYOTECH_s05,157,199,163.63333333333333,0.37645992636680603,0.4286218113257229
TOKYOTECH_s05,157,200,163.66666666666666,1.8553600311279297,0.15681582387226187
TOKYOTECH_s05,157,201,163.7,2.1096110343933105,-0.10136298663456841
TOKYOTECH_s05,157,202,163.73333333333332,1.6489708423614502,-0.33741724204695484
TOKYOTECH_s05,157,203,163.76666666666668,1.1333361864089966,-0.5523193325123239
TOKYOTECH_s05,157,204,163.8,0.5039371848106384,-0.7524620682919005
TOKYOTECH_s05,157,205,163.83333333333334,-0.12603165209293365,-0.9423843431258467
TOKYOTECH_s05,157,206,163.86666666666667,-0.4625338912010193,-1.1157028870019734
TOKYOTECH_s05,157,207,163.9,-0.1881585717201233,-1.2485292343254237
TOKYOTECH_s05,157,208,163.93333333333334,0.2782607674598694,-1.3008277399563195
TOKYOTECH_s05,157,209,163.96666666666667,0.40504348278045654,-1.228400347864626
TOKYOTECH_s05,157,210,164.0,0.17939375340938568,-1.0018827095155343
TOKYOTECH_s05,157,211,164.03333333333333,-0.12789270281791687,-0.623674501663626
TOKYOTECH_s05,157,212,164.06666666666666,-0.4368354082107544,-0.13359830247714358
TOKYOTECH_s05,157,213,164.1,-0.7514681220054626,0.4000977577099031
TOKYOTECH_s05,157,214,164.13333333333333,-1.0578463077545166,0.8995008013878206
TOKYOTECH_s05,157,215,164.16666666666666,-1.2141653299331665,1.2962406325986315
TOKYOTECH_s05,157,216,164.2,-1.2057327032089233,1.5445486355183213
TOKYOTECH_s05,157,217,164.23333333333332,-1.2378336191177368,1.627058715504053
TOKYOTECH_s05,157,218,164.26666666666668,-1.2889010906219482,1.5548374845970867
TOKYOTECH_s05,157,219,164.3,-1.255286455154419,1.362672466941767
TOKYOTECH_s05,157,220,164.33333333333334,-1.181530237197876,1.0998787597860555
TOKYOTECH_s05,157,221,164.36666666666667,-0.8999155163764954,0.8176625860084036
TOKYOTECH_s05,157,222,164.4,0.5909968018531799,0.5562883965717978
TOKYOTECH_s05,157,223,164.43333333333334,2.2311935424804688,0.33665105947487334
TOKYOTECH_s05,157,224,164.46666666666667,2.504598379135132,0.15935718049520922
TOKYOTECH_s05,157,225,164.5,2.135763645172119,0.010761617179166398
TOKYOTECH_s05,157,226,164.53333333333333,1.6999136209487915,-0.12800058094564676
TOKYOTECH_s05,157,227,164.56666666666666,1.1970213651657104,-0.27361054457385053
TOKYOTECH_s05,157,228,164.6,0.7046096920967102,-0.4367617848220973
TOKYOTECH_s05,157,229,164.63333333333333,0.2893112897872925,-0.6205780655662448
TOKYOTECH_s05,157,230,164.66666666666666,0.1686192750930786,-0.8189096296261207
TOKYOTECH_s05,157,231,164.7,0.3251965343952179,-1.0142359629938964
TOKYOTECH_s05,157,232,164.73333333333332,0.5246046185493469,-1.1780297830743658
TOKYOTECH_s05,157,233,164.76666666666668,0.4458351135253906,-1.2768730604886491
TOKYOTECH_s05,157,234,164.8,0.1632053107023239,-1.283683471612484
TOKYOTECH_s05,157,235,164.83333333333334,-0.1731366217136383,-1.1885228553402019
TOKYOTECH_s05,157,236,164.86666666666667,-0.5225860476493835,-1.0022908308809
TOKYOTECH_s05,157,237,164.9,-0.8632645010948181,-0.7506813593328981
TOKYOTECH_s05,157,238,164.93333333333334,-1.0967947244644165,-0.46264550677313543
TOKYOTECH_s05,157,239,164.96666666666667,-1.115592122077942,-0.16153875631969675
TOKYOTECH_s05,158,0,158.0,0.7438519597053528,-0.10887241608032508
TOKYOTECH_s05,158,1,158.03333333333333,0.1907559335231781,-1.4075714161966753
TOKYOTECH_s05,158,2,158.06666666666666,0.016360696405172348,-2.525899259183994
TOKYOTECH_s05,158,3,158.1,0.09778372943401337,-3.3283572280113307
TOKYOTECH_s05,158,4,158.13333333333333,0.36613067984580994,-3.7484817033022573
TOKYOTECH_s05,158,5,158.16666666666666,0.522663414478302,-3.794569162401394
TOKYOTECH_s05,158,6,158.2,0.27791348099708557,-3.5318690228527956
TOKYOTECH_s05,158,7,158.23333333333332,-0.05002257972955704,-3.0533078098519844
TOKYOTECH_s05,158,8,158.26666666666668,-0.41271302103996277,-2.453292992880794
TOKYOTECH_s05,158,9,158.3,-0.7571046352386475,-1.8122163640196733
TOKYOTECH_s05,158,10,158.33333333333334,-0.9417757391929626,-1.1911801850971657
TOKYOTECH_s05,158,11,158.36666666666667,-1.1169100999832153,-0.6322665958000824
TOKYOTECH_s05,158,12,158.4,-1.1670781373977661,-0.1601923042189913
TOKYOTECH_s05,158,13,158.43333333333334,-1.2135063409805298,0.2161678935490688
TOKYOTECH_s05,158,14,158.46666666666667,-1.1573811769485474,0.5020694463807547
TOKYOTECH_s05,158,15,158.5,-1.1235617399215698,0.7138471810429484
TOKYOTECH_s05,158,16,158.53333333333333,-1.1924738883972168,0.8730878677234597
TOKYOTECH_s05,158,17,158.56666666666666,-1.3196306228637695,0.9980462156689375
TOKYOTECH_s05,158,18,158.6,-1.1993749141693115,1.0956149778056374
TOKYOTECH_s05,158,19,158.63333333333333,0.1505252569913864,1.1589027439134
TOKYOTECH_s05,158,20,158.66666666666666,2.0567359924316406,1.1728449771235827
TOKYOTECH_s05,158,21,158.7,2.593287467956543,1.1249191017540145
TOKYOTECH_s05,158,22,158.73333333333332,2.2313003540039062,1.0140524250447993
TOKYOTECH_s05,158,23,158.76666666666668,1.7967325448989868,0.8517356376881957
TOKYOTECH_s05,158,24,158.8,1.3534561395645142,0.6552554808917056
TOKYOTECH_s05,158,25,158.83333333333334,0.8547579050064087,0.4388483674855467
TOKYOTECH_s05,158,26,158.86666666666667,0.3565761148929596,0.20946995937410917
TOKYOTECH_s05,158,27,158.9,0.22237592935562134,-0.030137176537609722
TOKYOTECH_s05,158,28,158.93333333333334,0.40417081117630005,-0.2738345506446833
TOKYOTECH_s05,158,29,158.96666666666667,0.5327255129814148,-0.5056297394646613
TOKYOTECH_s05,158,30,159.0,0.523064136505127,-0.6986568236447768
TOKYOTECH_s05,158,31,159.03333333333333,0.2432125210762024,-0.8200939810353033
TOKYOTECH_s05,158,32,159.06666666666666,-0.09761729836463928,-0.8395799618753794
TOKYOTECH_s05,158,33,159.1,-0.39176955819129944,-0.7381917646201736
TOKYOTECH_s05,158,34,159.13333333333333,-0.7411566376686096,-0.5162509836042465
TOKYOTECH_s05,158,35,159.16666666666666,-0.9325595498085022,-0.19838110236591272
TOKYOTECH_s05,158,36,159.2,-1.0651390552520752,0.16752479272465734
TOKYOTECH_s05,158,37,159.23333333333332,-1.0971686840057373,0.5204187380930237
TOKYOTECH_s05,158,38,159.26666666666668,-1.0868661403656006,0.8031674097588188
TOKYOTECH_s05,158,39,159.3,-1.0796178579330444,0.9790282448947802
TOKYOTECH_s05,158,40,159.33333333333334,-1.08073091506958,1.0397131146047267
TOKYOTECH_s05,158,41,159.36666666666667,-1.1445051431655884,1.0018690156655183
TOKYOTECH_s05,158,42,159.4,-1.2144681215286255,0.8948406998704083
TOKYOTECH_s05,158,43,159.43333333333334,-1.2394007444381714,0.7467519082239927
TOKYOTECH_s05,158,44,159.46666666666667,-0.41088759899139404,0.5761709441308416
TOKYOTECH_s05,158,45,159.5,1.4898290634155273,0.392478717362535
TOKYOTECH_s05,158,46,159.53333333333333,2.520394802093506,0.2017558793054866
TOKYOTECH_s05,158,47,159.56666666666666,2.3285112380981445,0.011518441789680998
TOKYOTECH_s05,158,48,159.6,1.908992052078247,-0.16993940335413898
TOKYOTECH_s05,158,49,159.63333333333333,1.4887070655822754,-0.3381796377100835
TOKYOTECH_s05,158,50,159.66666666666666,0.9512830376625061,-0.4959474398528105
TOKYOTECH_s05,158,51,159.7,0.3993801772594452,-0.6508210746318953
TOKYOTECH_s05,158,52,159.73333333333332,0.23143182694911957,-0.80778225191096
TOKYOTECH_s05,158,53,159.76666666666668,0.3325338661670685,-0.9616203465549811
TOKYOTECH_s05,158,54,159.8,0.5441945791244507,-1.0938827875697799
TOKYOTECH_s05,158,55,159.83333333333334,0.6496865749359131,-1.1757782269208634
TOKYOTECH_s05,158,56,159.86666666666667,0.3557034730911255,-1.17552796251834
TOKYOTECH_s05,158,57,159.9,-0.027262600138783455,-1.0677752014470296
TOKYOTECH_s05,158,58,159.93333333333334,-0.30251947045326233,-0.843225337334249
TOKYOTECH_s05,158,59,159.96666666666667,-0.612726628780365,-0.5165365918712763
TOKYOTECH_s05,158,60,160.0,-0.8319828510284424,-0.12880588075172986
TOKYOTECH_s05,158,61,160.03333333333333,-0.9706175327301025,0.25934428966645817
TOKYOTECH_s05,158,62,160.06666666666666,-1.0345609188079834,0.5844540113020077
TOKYOTECH_s05,158,63,160.1,-1.0360212326049805,0.8010269844029589
TOKYOTECH_s05,158,64,160.13333333333333,-0.9675187468528748,0.8964723973546024
TOKYOTECH_s05,158,65,160.16666666666666,-0.9740101099014282,0.891714009890692
TOKYOTECH_s05,158,66,160.2,-1.0681309700012207,0.8268395619897537
TOKYOTECH_s05,158,67,160.23333333333332,-1.1207656860351562,0.7401217544366877
TOKYOTECH_s05,158,68,160.26666666666668,-1.0819776058197021,0.6523959387125513
TOKYOTECH_s05,158,69,160.3,-0.025339221581816673,0.5646416660284491
TOKYOTECH_s05,158,70,160.33333333333334,1.7007328271865845,0.46731413390918264
TOKYOTECH_s05,158,71,160.36666666666667,2.359579086303711,0.3525873717429087
TOKYOTECH_s05,158,72,160.4,2.1004483699798584,0.22072605307210177
TOKYOTECH_s05,158,73,160.43333333333334,1.519338607788086,0.07787585987357665
TOKYOTECH_s05,158,74,160.46666666666667,0.8482486605644226,-0.07066213196014236
TOKYOTECH_s05,158,75,160.5,0.3390074670314789,-0.2248852982710797
TOKYOTECH_s05,158,76,160.53333333333333,-0.10474982857704163,-0.3883174358569896
TOKYOTECH_s05,158,77,160.56666666666666,-0.13075995445251465,-0.5612917366374917
TOKYOTECH_s05,158,78,160.6,0.25168073177337646,-0.733895381726404
TOKYOTECH_s05,158,79,160.63333333333333,0.5113992094993591,-0.8829817037053107
TOKYOTECH_s05,158,80,160.66666666666666,0.4526737928390503,-0.9749821986338927
TOKYOTECH_s05,158,81,160.7,0.08383923023939133,-0.9737738593665106
TOKYOTECH_s05,158,82,160.73333333333332,-0.2728317379951477,-0.8520339426937192
TOKYOTECH_s05,158,83,160.76666666666668,-0.579379141330719,-0.6033882584763003
TOKYOTECH_s05,158,84,160.8,-0.8578416109085083,-0.2501458665195836
TOKYOTECH_s05,158,85,160.83333333333334,-1.0460478067398071,0.15885577780930202
TOKYOTECH_s05,158,86,160.86666666666667,-1.0965899229049683,0.5610365213797176
TOKYOTECH_s05,158,87,160.9,-1.1199287176132202,0.8979885038342937
TOKYOTECH_s05,158,88,160.93333333333334,-1.1199642419815063,1.1303354599074986
TOKYOTECH_s05,158,89,160.96666666666667,-1.1117098331451416,1.2435093470532328
TOKYOTECH_s05,158,90,161.0,-1.095245361328125,1.2435975731450362
TOKYOTECH_s05,158,91,161.03333333333333,-1.157505750656128,1.1474866065639133
TOKYOTECH_s05,158,92,161.06666666666666,-1.2007194757461548,0.9736884066092877
TOKYOTECH_s05,158,93,161.1,-0.5102710723876953,0.738476263150164
TOKYOTECH_s05,158,94,161.13333333333333,1.3796888589859009,0.4575567628130763
TOKYOTECH_s05,158,95,161.16666666666666,2.4634058475494385,0.14974750183209393
TOKYOTECH_s05,158,96,161.2,2.280043840408325,-0.16136234806764563
TOKYOTECH_s05,158,97,161.23333333333332,1.8179609775543213,-0.4494358030995623
TOKYOTECH_s05,158,98,161.26666666666668,1.3490750789642334,-0.6898678719107361
TOKYOTECH_s05,158,99,161.3,0.8952913284301758,-0.864419925791461
TOKYOTECH_s05,158,100,161.33333333333334,0.39746570587158203,-0.9649233456673912
TOKYOTECH_s05,158,101,161.36666666666667,0.12305478751659393,-0.9959067567406106
TOKYOTECH_s05,158,102,161.4,0.3099430799484253,-0.9747660490680539
TOKYOTECH_s05,158,103,161.43333333333334,0.4973834455013275,-0.9268262712990457
TOKYOTECH_s05,158,104,161.46666666666667,0.4732610881328583,-0.8743230025225697
TOKYOTECH_s05,158,105,161.5,0.3752043843269348,-0.8231418024577513
TOKYOTECH_s05,158,106,161.53333333333333,0.03463279455900192,-0.7558743448237507
TOKYOTECH_s05,158,107,161.56666666666666,-0.4308871626853943,-0.638621011212401
TOKYOTECH_s05,158,108,161.6,-0.7177555561065674,-0.4401421297881939
TOKYOTECH_s05,158,109,161.63333333333333,-0.9446874856948853,-0.15250413257844683
TOKYOTECH_s05,158,110,161.66666666666666,-1.065860390663147,0.19944792699085528
TOKYOTECH_s05,158,111,161.7,-1.0945507287979126,0.5654652863227729
TOKYOTECH_s05,158,112,161.73333333333332,-1.1631245613098145,0.8890035070187674
TOKYOTECH_s05,158,113,161.76666666666668,-1.1790190935134888,1.1263404792912912
TOKYOTECH_s05,158,114,161.8,-1.12596595287323,1.256238440426564
TOKYOTECH_s05,158,115,161.83333333333334,-1.1300175189971924,1.2782539901943932
TOKYOTECH_s05,158,116,161.86666666666667,-1.1360191106796265,1.204197717164492
TOKYOTECH_s05,158,117,161.9,-1.2747339010238647,1.0493238346076157
TOKYOTECH_s05,158,118,161.93333333333334,-1.1650478839874268,0.8278299823749534
TOKYOTECH_s05,158,119,161.96666666666667,0.01957523263990879,0.5535110019370679
TOKYOTECH_s05,158,120,162.0,1.994715929031372,0.243480947415251
TOKYOTECH_s05,158,121,162.03333333333333,2.635316848754883,-0.07831153484650086
TOKYOTECH_s05,158,122,162.06666666666666,2.2689754962921143,-0.3806953860961953
TOKYOTECH_s05,158,123,162.1,1.839349627494812,-0.6294793112386463
TOKYOTECH_s05,158,124,162.13333333333333,1.396126627922058,-0.7956330943916274
TOKYOTECH_s05,158,125,162.16666666666666,0.8950508832931519,-0.8645990622107383
TOKYOTECH_s05,158,126,162.2,0.4083292484283447,-0.8423072730468592
TOKYOTECH_s05,158,127,162.23333333333332,0.1800794005393982,-0.753981696221851
TOKYOTECH_s05,158,128,162.26666666666668,0.3580097258090973,-0.6350090584596855
TOKYOTECH_s05,158,129,162.3,0.5968203544616699,-0.5174851324183715
TOKYOTECH_s05,158,130,162.33333333333334,0.5495996475219727,-0.41890570964608914
TOKYOTECH_s05,158,131,162.36666666666667,0.217059925198555,-0.33848015756224226
TOKYOTECH_s05,158,132,162.4,-0.17683200538158417,-0.26183011168436077
TOKYOTECH_s05,158,133,162.43333333333334,-0.44210687279701233,-0.17026492310079405
TOKYOTECH_s05,158,134,162.46666666666667,-0.720409095287323,-0.049900686887607515
TOKYOTECH_s05,158,135,162.5,-1.000946283340454,0.1021946298113471
TOKYOTECH_s05,158,136,162.53333333333333,-1.0657624006271362,0.2755745694812981
TOKYOTECH_s05,158,137,162.56666666666666,-1.1002318859100342,0.44767138733912165
TOKYOTECH_s05,158,138,162.6,-1.192723274230957,0.5889367602329577
TOKYOTECH_s05,158,139,162.63333333333333,-1.1022086143493652,0.6715937251775811
TOKYOTECH_s05,158,140,162.66666666666666,-1.063099980354309,0.6796198050589989
TOKYOTECH_s05,158,141,162.7,-1.1155743598937988,0.6155837056574096
TOKYOTECH_s05,158,142,162.73333333333332,-1.1236062049865723,0.5003748888078641
TOKYOTECH_s05,158,143,162.76666666666668,-1.2723830938339233,0.36512283910151566
TOKYOTECH_s05,158,144,162.8,-1.3775278329849243,0.23903503939879348
TOKYOTECH_s05,158,145,162.83333333333334,-0.5349722504615784,0.13931566377866525
TOKYOTECH_s05,158,146,162.86666666666667,1.454193115234375,0.06771256546527343
TOKYOTECH_s05,158,147,162.9,2.5391924381256104,0.013916413550980042
TOKYOTECH_s05,158,148,162.93333333333334,2.3111650943756104,-0.03783639736977329
TOKYOTECH_s05,158,149,162.96666666666667,1.8137580156326294,-0.10327162385076168
TOKYOTECH_s05,158,150,163.0,1.2896106243133545,-0.19512783116959465
TOKYOTECH_s05,158,151,163.03333333333333,0.7062035799026489,-0.32089342765767775
TOKYOTECH_s05,158,152,163.06666666666666,0.1586194783449173,-0.4790320843448584
TOKYOTECH_s05,158,153,163.1,-0.034181419759988785,-0.654328485307928
TOKYOTECH_s05,158,154,163.13333333333333,0.2216012328863144,-0.8163960243408617
TOKYOTECH_s05,158,155,163.16666666666666,0.6045851111412048,-0.9254382860862733
TOKYOTECH_s05,158,156,163.2,0.6312808990478516,-0.9446612590485152
TOKYOTECH_s05,158,157,163.23333333333332,0.32332658767700195,-0.8533727797796445
TOKYOTECH_s05,158,158,163.26666666666668,-0.0793452039361,-0.6537461785113844
TOKYOTECH_s05,158,159,163.3,-0.43063783645629883,-0.36833566737044
TOKYOTECH_s05,158,160,163.33333333333334,-0.6705437302589417,-0.03161465323906025
TOKYOTECH_s05,158,161,163.36666666666667,-0.8553038239479065,0.31833080399989794
TOKYOTECH_s05,158,162,163.4,-1.025950312614441,0.6447865008404292
TOKYOTECH_s05,158,163,163.43333333333334,-1.0851119756698608,0.9152951329481634
TOKYOTECH_s05,158,164,163.46666666666667,-0.9955234527587891,1.1044852437667543
TOKYOTECH_s05,158,165,163.5,-0.9950693249702454,1.1970224702200007
TOKYOTECH_s05,158,166,163.53333333333333,-1.1238466501235962,1.1894712686911983
TOKYOTECH_s05,158,167,163.56666666666666,-1.1207923889160156,1.089857040059604
TOKYOTECH_s05,158,168,163.6,-0.8608068227767944,0.9146141477148519
TOKYOTECH_s05,158,169,163.63333333333333,0.37645992636680603,0.6839099855778032
TOKYOTECH_s05,158,170,163.66666666666666,1.8553600311279297,0.41734517840450075
TOKYOTECH_s05,158,171,163.7,2.1096110343933105,0.13166254412566114
TOKYOTECH_s05,158,172,163.73333333333332,1.6489708423614502,-0.15963611039026032
TOKYOTECH_s05,158,173,163.76666666666668,1.1333361864089966,-0.4458161757263545
TOKYOTECH_s05,158,174,163.8,0.5039371848106384,-0.7175186865299895
TOKYOTECH_s05,158,175,163.83333333333334,-0.12603165209293365,-0.9634405681900421
TOKYOTECH_s05,158,176,163.86666666666667,-0.4625338912010193,-1.1655615811679094
TOKYOTECH_s05,158,177,163.9,-0.1881585717201233,-1.296142286076969
TOKYOTECH_s05,158,178,163.93333333333334,0.2782607674598694,-1.3208324154289657
TOKYOTECH_s05,158,179,163.96666666666667,0.40504348278045654,-1.2095886720574747
TOKYOTECH_s05,158,180,164.0,0.17939375340938568,-0.951462490656017
TOKYOTECH_s05,158,181,164.03333333333333,-0.12789270281791687,-0.5652980972438063
TOKYOTECH_s05,158,182,164.06666666666666,-0.4368354082107544,-0.0998735711662669
TOKYOTECH_s05,158,183,164.1,-0.7514681220054626,0.3771898871314165
TOKYOTECH_s05,158,184,164.13333333333333,-1.0578463077545166,0.7965080741069235
TOKYOTECH_s05,158,185,164.16666666666666,-1.2141653299331665,1.1026157031136532
TOKYOTECH_s05,158,186,164.2,-1.2057327032089233,1.263543856607274
TOKYOTECH_s05,158,187,164.23333333333332,-1.2378336191177368,1.2738356955447643
TOKYOTECH_s05,158,188,164.26666666666668,-1.2889010906219482,1.152612576793527
TOKYOTECH_s05,158,189,164.3,-1.255286455154419,0.937854923169986
TOKYOTECH_s05,158,190,164.33333333333334,-1.181530237197876,0.6770633895619332
TOKYOTECH_s05,158,191,164.36666666666667,-0.8999155163764954,0.41512445380930674
TOKYOTECH_s05,158,192,164.4,0.5909968018531799,0.18278939450413242
TOKYOTECH_s05,158,193,164.43333333333334,2.2311935424804688,-0.009306117165179732
TOKYOTECH_s05,158,194,164.46666666666667,2.504598379135132,-0.16832714218110154
TOKYOTECH_s05,158,195,164.5,2.135763645172119,-0.31043106510880514
TOKYOTECH_s05,158,196,164.53333333333333,1.6999136209487915,-0.4508347459971997
TOKYOTECH_s05,158,197,164.56666666666666,1.1970213651657104,-0.5979667220477283
TOKYOTECH_s05,158,198,164.6,0.7046096920967102,-0.7529168616206271
TOKYOTECH_s05,158,199,164.63333333333333,0.2893112897872925,-0.9110865551917363
TOKYOTECH_s05,158,200,164.66666666666666,0.1686192750930786,-1.0620905097454918
TOKYOTECH_s05,158,201,164.7,0.3251965343952179,-1.1870985680998765
TOKYOTECH_s05,158,202,164.73333333333332,0.5246046185493469,-1.257275446618547
TOKYOTECH_s05,158,203,164.76666666666668,0.4458351135253906,-1.2382422160382076
TOKYOTECH_s05,158,204,164.8,0.1632053107023239,-1.101395870155915
TOKYOTECH_s05,158,205,164.83333333333334,-0.1731366217136383,-0.8370638782588995
TOKYOTECH_s05,158,206,164.86666666666667,-0.5225860476493835,-0.4620343593610849
TOKYOTECH_s05,158,207,164.9,-0.8632645010948181,-0.017009760282248744
TOKYOTECH_s05,158,208,164.93333333333334,-1.0967947244644165,0.4440858550291273
TOKYOTECH_s05,158,209,164.96666666666667,-1.115592122077942,0.8667583635369926
TOKYOTECH_s05,158,210,165.0,-1.1146126985549927,1.205724349683331
TOKYOTECH_s05,158,211,165.03333333333333,-1.1655733585357666,1.4308427241315183
TOKYOTECH_s05,158,212,165.06666666666666,-1.121638298034668,1.5300186406317755
TOKYOTECH_s05,158,213,165.1,-1.0416311025619507,1.5093447289005957
TOKYOTECH_s05,158,214,165.13333333333333,-1.1523056030273438,1.3899397272839493
TOKYOTECH_s05,158,215,165.16666666666666,-1.2508965730667114,1.2015491777418323
TOKYOTECH_s05,158,216,165.2,-0.47239118814468384,0.9749623844610397
TOKYOTECH_s05,158,217,165.23333333333332,1.5176290273666382,0.7364783635130447
TOKYOTECH_s05,158,218,165.26666666666668,2.6303303241729736,0.5062222151461316
TOKYOTECH_s05,158,219,165.3,2.431990623474121,0.29912266021923584
TOKYOTECH_s05,158,220,165.33333333333334,1.9967639446258545,0.1253585142680155
TOKYOTECH_s05,158,221,165.36666666666667,1.5620893239974976,-0.011865082199539427
TOKYOTECH_s05,158,222,165.4,1.1392933130264282,-0.11958792248049813
TOKYOTECH_s05,158,223,165.43333333333334,0.744617760181427,-0.21506682720816306
TOKYOTECH_s05,158,224,165.46666666666667,0.4640359878540039,-0.31962131241459574
TOKYOTECH_s05,158,225,165.5,0.41340482234954834,-0.448183291688986
TOKYOTECH_s05,158,226,165.53333333333333,0.5153172016143799,-0.6004160387261763
TOKYOTECH_s05,158,227,165.56666666666666,0.5813353657722473,-0.7589890561085084
TOKYOTECH_s05,158,228,165.6,0.409344345331192,-0.8955865553017991
TOKYOTECH_s05,158,229,165.63333333333333,0.09489865601062775,-0.9802836871869877
TOKYOTECH_s05,158,230,165.66666666666666,-0.2289680391550064,-0.9895811835930508
TOKYOTECH_s05,158,231,165.7,-0.4950176179409027,-0.9115798290073451
TOKYOTECH_s05,158,232,165.73333333333332,-0.7518777251243591,-0.7495839690965326
TOKYOTECH_s05,158,233,165.76666666666668,-0.9470204710960388,-0.5249534704548637
TOKYOTECH_s05,158,234,165.8,-1.0611587762832642,-0.2767513526820246
TOKYOTECH_s05,158,235,165.83333333333334,-1.0956904888153076,-0.05440733658921128
TOKYOTECH_s05,158,236,165.86666666666667,-1.047606110572815,0.09657282772723177
TOKYOTECH_s05,158,237,165.9,-1.0295833349227905,0.15045586039533881
TOKYOTECH_s05,158,238,165.93333333333334,-1.0905882120132446,0.11144682209290799
TOKYOTECH_s05,158,239,165.96666666666667,-1.174424409866333,0.013281208184007057
TOKYOTECH_s05,159,0,159.0,0.523064136505127,0.037707800988886174
TOKYOTECH_s05,159,1,159.03333333333333,0.2432125210762024,-1.6320405242639722
TOKYOTECH_s05,159,2,159.06666666666666,-0.09761729836463928,-3.0126630959558867
TOKYOTECH_s05,159,3,159.1,-0.39176955819129944,-3.8839491074767793
TOKYOTECH_s05,159,4,159.13333333333333,-0.7411566376686096,-4.146297209270351
TOKYOTECH_s05,159,5,159.16666666666666,-0.9325595498085022,-3.8384339279548607
TOKYOTECH_s05,159,6,159.2,-1.0651390552520752,-3.113725199337347
TOKYOTECH_s05,159,7,159.23333333333332,-1.0971686840057373,-2.1853924484709264
TOKYOTECH_s05,159,8,159.26666666666668,-1.0868661403656006,-1.2622784211143137
TOKYOTECH_s05,159,9,159.3,-1.0796178579330444,-0.4972999298985428
TOKYOTECH_s05,159,10,159.33333333333334,-1.08073091506958,0.03708304540301553
TOKYOTECH_s05,159,11,159.36666666666667,-1.1445051431655884,0.3437585506675154
TOKYOTECH_s05,159,12,159.4,-1.2144681215286255,0.4744774583309269
TOKYOTECH_s05,159,13,159.43333333333334,-1.2394007444381714,0.4965209619112628
TOKYOTECH_s05,159,14,159.46666666666667,-0.41088759899139404,0.46673613091314087
TOKYOTECH_s05,159,15,159.5,1.4898290634155273,0.4206054124230514
TOKYOTECH_s05,159,16,159.53333333333333,2.520394802093506,0.3745484045884236
TOKYOTECH_s05,159,17,159.56666666666666,2.3285112380981445,0.3333653752716947
TOKYOTECH_s05,159,18,159.6,1.908992052078247,0.2955347595589836
TOKYOTECH_s05,159,19,159.63333333333333,1.4887070655822754,0.25456412599528033
TOKYOTECH_s05,159,20,159.66666666666666,0.9512830376625061,0.19950309228159527
TOKYOTECH_s05,159,21,159.7,0.3993801772594452,0.11840379112432052
TOKYOTECH_s05,159,22,159.73333333333332,0.23143182694911957,0.004938216269631368
TOKYOTECH_s05,159,23,159.76666666666668,0.3325338661670685,-0.1352907020613993
TOKYOTECH_s05,159,24,159.8,0.5441945791244507,-0.2822694298607652
TOKYOTECH_s05,159,25,159.83333333333334,0.6496865749359131,-0.4040273035377687
TOKYOTECH_s05,159,26,159.86666666666667,0.3557034730911255,-0.46314381791942877
TOKYOTECH_s05,159,27,159.9,-0.027262600138783455,-0.4259101772944421
TOKYOTECH_s05,159,28,159.93333333333334,-0.30251947045326233,-0.27290162091495096
TOKYOTECH_s05,159,29,159.96666666666667,-0.612726628780365,-0.008868426685845424
TOKYOTECH_s05,159,30,160.0,-0.8319828510284424,0.33224844351309246
TOKYOTECH_s05,159,31,160.03333333333333,-0.9706175327301025,0.6918775954347326
TOKYOTECH_s05,159,32,160.06666666666666,-1.0345609188079834,1.0021295860302832
TOKYOTECH_s05,159,33,160.1,-1.0360212326049805,1.2069366478863666
TOKYOTECH_s05,159,34,160.13333333333333,-0.9675187468528748,1.2794110996739227
TOKYOTECH_s05,159,35,160.16666666666666,-0.9740101099014282,1.226653922705656
TOKYOTECH_s05,159,36,160.2,-1.0681309700012207,1.0803145900993794
TOKYOTECH_s05,159,37,160.23333333333332,-1.1207656860351562,0.8794798791231351
TOKYOTECH_s05,159,38,160.26666666666668,-1.0819776058197021,0.6559530689998597
TOKYOTECH_s05,159,39,160.3,-0.025339221581816673,0.42883339696822703
TOKYOTECH_s05,159,40,160.33333333333334,1.7007328271865845,0.2080429477166968
TOKYOTECH_s05,159,41,160.36666666666667,2.359579086303711,0.0005888678680454097
TOKYOTECH_s05,159,42,160.4,2.1004483699798584,-0.1868562262528891
TOKYOTECH_s05,159,43,160.43333333333334,1.519338607788086,-0.35076509483570006
TOKYOTECH_s05,159,44,160.46666666666667,0.8482486605644226,-0.49511425426741656
TOKYOTECH_s05,159,45,160.5,0.3390074670314789,-0.6315450978196185
TOKYOTECH_s05,159,46,160.53333333333333,-0.10474982857704163,-0.7729780942310517
TOKYOTECH_s05,159,47,160.56666666666666,-0.13075995445251465,-0.9236480311960457
TOKYOTECH_s05,159,48,160.6,0.25168073177337646,-1.071270726155621
TOKYOTECH_s05,159,49,160.63333333333333,0.5113992094993591,-1.1858794880247714
TOKYOTECH_s05,159,50,160.66666666666666,0.4526737928390503,-1.226301310093295
TOKYOTECH_s05,159,51,160.7,0.08383923023939133,-1.1522690527766688
TOKYOTECH_s05,159,52,160.73333333333332,-0.2728317379951477,-0.9392850250683917
TOKYOTECH_s05,159,53,160.76666666666668,-0.579379141330719,-0.5923381090061889
TOKYOTECH_s05,159,54,160.8,-0.8578416109085083,-0.15225565097519042
TOKYOTECH_s05,159,55,160.83333333333334,-1.0460478067398071,0.31106730522378634
TOKYOTECH_s05,159,56,160.86666666666667,-1.0965899229049683,0.7181662232051589
TOKYOTECH_s05,159,57,160.9,-1.1199287176132202,1.004401499889777
TOKYOTECH_s05,159,58,160.93333333333334,-1.1199642419815063,1.1386419653046105
TOKYOTECH_s05,159,59,160.96666666666667,-1.1117098331451416,1.1285265735261605
TOKYOTECH_s05,159,60,161.0,-1.095245361328125,1.0109020808911193
TOKYOTECH_s05,159,61,161.03333333333333,-1.157505750656128,0.8329822618473968
TOKYOTECH_s05,159,62,161.06666666666666,-1.2007194757461548,0.6341928170836679
TOKYOTECH_s05,159,63,161.1,-0.5102710723876953,0.4372469869109873
TOKYOTECH_s05,159,64,161.13333333333333,1.3796888589859009,0.249917607113448
TOKYOTECH_s05,159,65,161.16666666666666,2.4634058475494385,0.0723223256606013
TOKYOTECH_s05,159,66,161.2,2.280043840408325,-0.09630944984546642
TOKYOTECH_s05,159,67,161.23333333333332,1.8179609775543213,-0.25410245296935374
TOKYOTECH_s05,159,68,161.26666666666668,1.3490750789642334,-0.39590288795583295
TOKYOTECH_s05,159,69,161.3,0.8952913284301758,-0.5144412111366933
TOKYOTECH_s05,159,70,161.33333333333334,0.39746570587158203,-0.6030170961067779
TOKYOTECH_s05,159,71,161.36666666666667,0.12305478751659393,-0.659492469311943
TOKYOTECH_s05,159,72,161.4,0.3099430799484253,-0.6894563093901145
TOKYOTECH_s05,159,73,161.43333333333334,0.4973834455013275,-0.704833387563683
TOKYOTECH_s05,159,74,161.46666666666667,0.4732610881328583,-0.7158852807282028
TOKYOTECH_s05,159,75,161.5,0.3752043843269348,-0.7197882214150344
TOKYOTECH_s05,159,76,161.53333333333333,0.03463279455900192,-0.6944238268610698
TOKYOTECH_s05,159,77,161.56666666666666,-0.4308871626853943,-0.6052634497216116
TOKYOTECH_s05,159,78,161.6,-0.7177555561065674,-0.42406325798874
TOKYOTECH_s05,159,79,161.63333333333333,-0.9446874856948853,-0.14827275772126552
TOKYOTECH_s05,159,80,161.66666666666666,-1.065860390663147,0.19146971449441255
TOKYOTECH_s05,159,81,161.7,-1.0945507287979126,0.5408562021022171
TOKYOTECH_s05,159,82,161.73333333333332,-1.1631245613098145,0.842609404197964
TOKYOTECH_s05,159,83,161.76666666666668,-1.1790190935134888,1.0560770532327317
TOKYOTECH_s05,159,84,161.8,-1.12596595287323,1.1659078645849912
TOKYOTECH_s05,159,85,161.83333333333334,-1.1300175189971924,1.1780403548962097
TOKYOTECH_s05,159,86,161.86666666666667,-1.1360191106796265,1.1083972445688992
TOKYOTECH_s05,159,87,161.9,-1.2747339010238647,0.972142254581555
TOKYOTECH_s05,159,88,161.93333333333334,-1.1650478839874268,0.7788858563816989
TOKYOTECH_s05,159,89,161.96666666666667,0.01957523263990879,0.5347144852180282
TOKYOTECH_s05,159,90,162.0,1.994715929031372,0.24851920848535575
TOKYOTECH_s05,159,91,162.03333333333333,2.635316848754883,-0.06153790088428045
TOKYOTECH_s05,159,92,162.06666666666666,2.2689754962921143,-0.3657862314841654
TOKYOTECH_s05,159,93,162.1,1.839349627494812,-0.6276217125006827
TOKYOTECH_s05,159,94,162.13333333333333,1.396126627922058,-0.8137883377082284
TOKYOTECH_s05,159,95,162.16666666666666,0.8950508832931519,-0.905783047088341
TOKYOTECH_s05,159,96,162.2,0.4083292484283447,-0.9067704709628238
TOKYOTECH_s05,159,97,162.23333333333332,0.1800794005393982,-0.8401424173238217
TOKYOTECH_s05,159,98,162.26666666666668,0.3580097258090973,-0.7394927535108992
TOKYOTECH_s05,159,99,162.3,0.5968203544616699,-0.6342001307076933
TOKYOTECH_s05,159,100,162.33333333333334,0.5495996475219727,-0.5379927168245089
TOKYOTECH_s05,159,101,162.36666666666667,0.217059925198555,-0.4465540130425278
TOKYOTECH_s05,159,102,162.4,-0.17683200538158417,-0.34407268710502714
TOKYOTECH_s05,159,103,162.43333333333334,-0.44210687279701233,-0.21330756170354917
TOKYOTECH_s05,159,104,162.46666666666667,-0.720409095287323,-0.04405320964603887
TOKYOTECH_s05,159,105,162.5,-1.000946283340454,0.1616608491125509
TOKYOTECH_s05,159,106,162.53333333333333,-1.0657624006271362,0.38739569798864515
TOKYOTECH_s05,159,107,162.56666666666666,-1.1002318859100342,0.6034000148880764
TOKYOTECH_s05,159,108,162.6,-1.192723274230957,0.772214860268966
TOKYOTECH_s05,159,109,162.63333333333333,-1.1022086143493652,0.8591372168853362
TOKYOTECH_s05,159,110,162.66666666666666,-1.063099980354309,0.8446270024947155
TOKYOTECH_s05,159,111,162.7,-1.1155743598937988,0.7330177705134552
TOKYOTECH_s05,159,112,162.73333333333332,-1.1236062049865723,0.5527169881907057
TOKYOTECH_s05,159,113,162.76666666666668,-1.2723830938339233,0.34709342525900455
TOKYOTECH_s05,159,114,162.8,-1.3775278329849243,0.15989381806488753
TOKYOTECH_s05,159,115,162.83333333333334,-0.5349722504615784,0.021560253758920116
TOKYOTECH_s05,159,116,162.86666666666667,1.454193115234375,-0.05821484562581445
TOKYOTECH_s05,159,117,162.9,2.5391924381256104,-0.09006348713460695
TOKYOTECH_s05,159,118,162.93333333333334,2.3111650943756104,-0.09891802317520212
TOKYOTECH_s05,159,119,162.96666666666667,1.8137580156326294,-0.11601909222429944
TOKYOTECH_s05,159,120,163.0,1.2896106243133545,-0.1707637361191103
TOKYOTECH_s05,159,121,163.03333333333333,0.7062035799026489,-0.28220277180504877
TOKYOTECH_s05,159,122,163.06666666666666,0.1586194783449173,-0.45070935782170873
TOKYOTECH_s05,159,123,163.1,-0.034181419759988785,-0.6528655706625692
TOKYOTECH_s05,159,124,163.13333333333333,0.2216012328863144,-0.843947855683848
TOKYOTECH_s05,159,125,163.16666666666666,0.6045851111412048,-0.9700475208439903
TOKYOTECH_s05,159,126,163.2,0.6312808990478516,-0.9861655286167995
TOKYOTECH_s05,159,127,163.23333333333332,0.32332658767700195,-0.8719191993060756
TOKYOTECH_s05,159,128,163.26666666666668,-0.0793452039361,-0.6370857099604698
TOKYOTECH_s05,159,129,163.3,-0.43063783645629883,-0.31515566429448766
TOKYOTECH_s05,159,130,163.33333333333334,-0.6705437302589417,0.04954173346390389
TOKYOTECH_s05,159,131,163.36666666666667,-0.8553038239479065,0.41291161238119894
TOKYOTECH_s05,159,132,163.4,-1.025950312614441,0.7366083703089467
TOKYOTECH_s05,159,133,163.43333333333334,-1.0851119756698608,0.9900364523293551
TOKYOTECH_s05,159,134,163.46666666666667,-0.9955234527587891,1.1518647855279567
TOKYOTECH_s05,159,135,163.5,-0.9950693249702454,1.2117170079645556
TOKYOTECH_s05,159,136,163.53333333333333,-1.1238466501235962,1.1710994826961847
TOKYOTECH_s05,159,137,163.56666666666666,-1.1207923889160156,1.0425519700257961
TOKYOTECH_s05,159,138,163.6,-0.8608068227767944,0.8465488174464365
TOKYOTECH_s05,159,139,163.63333333333333,0.37645992636680603,0.6066938700726133
TOKYOTECH_s05,159,140,163.66666666666666,1.8553600311279297,0.34492483545218705
TOKYOTECH_s05,159,141,163.7,2.1096110343933105,0.07840575361883152
TOKYOTECH_s05,159,142,163.73333333333332,1.6489708423614502,-0.18179730255389948
TOKYOTECH_s05,159,143,163.76666666666668,1.1333361864089966,-0.43092987582058206
TOKYOTECH_s05,159,144,163.8,0.5039371848106384,-0.6688766918669597
TOKYOTECH_s05,159,145,163.83333333333334,-0.12603165209293365,-0.894960781058032
TOKYOTECH_s05,159,146,163.86666666666667,-0.4625338912010193,-1.0999314915957061
TOKYOTECH_s05,159,147,163.9,-0.1881585717201233,-1.2596084955151512
TOKYOTECH_s05,159,148,163.93333333333334,0.2782607674598694,-1.3360515128516677
TOKYOTECH_s05,159,149,163.96666666666667,0.40504348278045654,-1.2889929224997805
TOKYOTECH_s05,159,150,164.0,0.17939375340938568,-1.0936682992206999
TOKYOTECH_s05,159,151,164.03333333333333,-0.12789270281791687,-0.7559004262565743
TOKYOTECH_s05,159,152,164.06666666666666,-0.4368354082107544,-0.3157701283431746
TOKYOTECH_s05,159,153,164.1,-0.7514681220054626,0.1625308026985614
TOKYOTECH_s05,159,154,164.13333333333333,-1.0578463077545166,0.6090090642424366
TOKYOTECH_s05,159,155,164.16666666666666,-1.2141653299331665,0.9649399561187261
TOKYOTECH_s05,159,156,164.2,-1.2057327032089233,1.1927071735895294
TOKYOTECH_s05,159,157,164.23333333333332,-1.2378336191177368,1.2784282362011017
TOKYOTECH_s05,159,158,164.26666666666668,-1.2889010906219482,1.2302017875980886
TOKYOTECH_s05,159,159,164.3,-1.255286455154419,1.07397367737779
TOKYOTECH_s05,159,160,164.33333333333334,-1.181530237197876,0.8472249793415981
TOKYOTECH_s05,159,161,164.36666666666667,-0.8999155163764954,0.5903917196217541
TOKYOTECH_s05,159,162,164.4,0.5909968018531799,0.3376717837843953
TOKYOTECH_s05,159,163,164.43333333333334,2.2311935424804688,0.11047896825947706
TOKYOTECH_s05,159,164,164.46666666666667,2.504598379135132,-0.08396543579289424
TOKYOTECH_s05,159,165,164.5,2.135763645172119,-0.24912392768729746
TOKYOTECH_s05,159,166,164.53333333333333,1.6999136209487915,-0.3935166442169332
TOKYOTECH_s05,159,167,164.56666666666666,1.1970213651657104,-0.5261949710409933
TOKYOTECH_s05,159,168,164.6,0.7046096920967102,-0.6543563176055316
TOKYOTECH_s05,159,169,164.63333333333333,0.2893112897872925,-0.7814838414252069
TOKYOTECH_s05,159,170,164.66666666666666,0.1686192750930786,-0.9038774283894007
TOKYOTECH_s05,159,171,164.7,0.3251965343952179,-1.0059497024362676
TOKYOTECH_s05,159,172,164.73333333333332,0.5246046185493469,-1.058408675884364
TOKYOTECH_s05,159,173,164.76666666666668,0.4458351135253906,-1.0241456022993571
TOKYOTECH_s05,159,174,164.8,0.1632053107023239,-0.8720549626826722
TOKYOTECH_s05,159,175,164.83333333333334,-0.1731366217136383,-0.5927535377621076
TOKYOTECH_s05,159,176,164.86666666666667,-0.5225860476493835,-0.2075827224232278
TOKYOTECH_s05,159,177,164.9,-0.8632645010948181,0.23443279368688016
TOKYOTECH_s05,159,178,164.93333333333334,-1.0967947244644165,0.6698593808190779
TOKYOTECH_s05,159,179,164.96666666666667,-1.115592122077942,1.0372827937138582
TOKYOTECH_s05,159,180,165.0,-1.1146126985549927,1.2903837991189053
TOKYOTECH_s05,159,181,165.03333333333333,-1.1655733585357666,1.405078168766191
TOKYOTECH_s05,159,182,165.06666666666666,-1.121638298034668,1.3810174041684657
TOKYOTECH_s05,159,183,165.1,-1.0416311025619507,1.2384678924562424
TOKYOTECH_s05,159,184,165.13333333333333,-1.1523056030273438,1.0113879237564158
TOKYOTECH_s05,159,185,165.16666666666666,-1.2508965730667114,0.738038788654513
TOKYOTECH_s05,159,186,165.2,-0.47239118814468384,0.4520307779293353
TOKYOTECH_s05,159,187,165.23333333333332,1.5176290273666382,0.1772703633897125
TOKYOTECH_s05,159,188,165.26666666666668,2.6303303241729736,-0.07181834310596569
TOKYOTECH_s05,159,189,165.3,2.431990623474121,-0.28676906754823933
TOKYOTECH_s05,159,190,165.33333333333334,1.9967639446258545,-0.4621153935596249
TOKYOTECH_s05,159,191,165.36666666666667,1.5620893239974976,-0.595659094908416
TOKYOTECH_s05,159,192,165.4,1.1392933130264282,-0.6909620629371345
TOKYOTECH_s05,159,193,165.43333333333334,0.744617760181427,-0.7583088709824506
TOKYOTECH_s05,159,194,165.46666666666667,0.4640359878540039,-0.8113334875504952
TOKYOTECH_s05,159,195,165.5,0.41340482234954834,-0.8602705922641147
TOKYOTECH_s05,159,196,165.53333333333333,0.5153172016143799,-0.9061691120660156
TOKYOTECH_s05,159,197,165.56666666666666,0.5813353657722473,-0.9401104662516113
TOKYOTECH_s05,159,198,165.6,0.409344345331192,-0.9472226153241551
TOKYOTECH_s05,159,199,165.63333333333333,0.09489865601062775,-0.9116679546174419
TOKYOTECH_s05,159,200,165.66666666666666,-0.2289680391550064,-0.8197321159930049
TOKYOTECH_s05,159,201,165.7,-0.4950176179409027,-0.661644282153298
TOKYOTECH_s05,159,202,165.73333333333332,-0.7518777251243591,-0.4345664741821519
TOKYOTECH_s05,159,203,165.76666666666668,-0.9470204710960388,-0.14740468847184326
TOKYOTECH_s05,159,204,165.8,-1.0611587762832642,0.17577529464316272
TOKYOTECH_s05,159,205,165.83333333333334,-1.0956904888153076,0.49837214861695445
TOKYOTECH_s05,159,206,165.86666666666667,-1.047606110572815,0.780890962626028
TOKYOTECH_s05,159,207,165.9,-1.0295833349227905,0.9932127043065443
TOKYOTECH_s05,159,208,165.93333333333334,-1.0905882120132446,1.122907877946141
TOKYOTECH_s05,159,209,165.96666666666667,-1.174424409866333,1.1751798427545592
TOKYOTECH_s05,159,210,166.0,-1.2706201076507568,1.1648374214215922
TOKYOTECH_s05,159,211,166.03333333333333,-1.3426132202148438,1.1053798632743164
TOKYOTECH_s05,159,212,166.06666666666666,-0.8478150963783264,1.0020952817515827
TOKYOTECH_s05,159,213,166.1,1.0133386850357056,0.8534271493358463
TOKYOTECH_s05,159,214,166.13333333333333,2.442239761352539,0.6588975614301236
TOKYOTECH_s05,159,215,166.16666666666666,2.497955560684204,0.42712643846489645
TOKYOTECH_s05,159,216,166.2,2.0665221214294434,0.17779502208652131
TOKYOTECH_s05,159,217,166.23333333333332,1.562454342842102,-0.06392982729509643
TOKYOTECH_s05,159,218,166.26666666666668,1.070888638496399,-0.2766320067883043
TOKYOTECH_s05,159,219,166.3,0.6602651476860046,-0.44956708367435877
TOKYOTECH_s05,159,220,166.33333333333334,0.3829513192176819,-0.5838065030759149
TOKYOTECH_s05,159,221,166.36666666666667,0.3711884319782257,-0.6881353604900471
TOKYOTECH_s05,159,222,166.4,0.604006290435791,-0.7721415284801283
TOKYOTECH_s05,159,223,166.43333333333334,0.6831765174865723,-0.8388885862447398
TOKYOTECH_s05,159,224,166.46666666666667,0.4895029366016388,-0.879405829007475
TOKYOTECH_s05,159,225,166.5,0.16416700184345245,-0.871825837427371
TOKYOTECH_s05,159,226,166.53333333333333,-0.22277048230171204,-0.7882989155747335
TOKYOTECH_s05,159,227,166.56666666666666,-0.5697978734970093,-0.6098314329694936
TOKYOTECH_s05,159,228,166.6,-0.7839251160621643,-0.3426576069020601
TOKYOTECH_s05,159,229,166.63333333333333,-0.8833709359169006,-0.02564799830335679
TOKYOTECH_s05,159,230,166.66666666666666,-0.9798871278762817,0.27812292434459146
TOKYOTECH_s05,159,231,166.7,-0.9936535358428955,0.5034481523635534
TOKYOTECH_s05,159,232,166.73333333333332,-0.9535118937492371,0.6082391597764569
TOKYOTECH_s05,159,233,166.76666666666668,-0.9927185773849487,0.5892857694625755
TOKYOTECH_s05,159,234,166.8,-0.9968324303627014,0.48111862292549157
TOKYOTECH_s05,159,235,166.83333333333334,-1.0523254871368408,0.3395508429612373
TOKYOTECH_s05,159,236,166.86666666666667,-1.261252522468567,0.21858987819097642
TOKYOTECH_s05,159,237,166.9,-1.2720625400543213,0.1511517923494072
TOKYOTECH_s05,159,238,166.93333333333334,-0.5783461928367615,0.1403003636384018
TOKYOTECH_s05,159,239,166.96666666666667,1.1995235681533813,0.16204356216745375
TOKYOTECH_s05,160,0,160.0,-0.8319828510284424,0.08768794429001281
TOKYOTECH_s05,160,1,160.03333333333333,-0.9706175327301025,-0.9291009549026439
TOKYOTECH_s05,160,2,160.06666666666666,-1.0345609188079834,-1.8000307282839842
TOKYOTECH_s05,160,3,160.1,-1.0360212326049805,-2.411862278800848
TOKYOTECH_s05,160,4,160.13333333333333,-0.9675187468528748,-2.7105779589602252
TOKYOTECH_s05,160,5,160.16666666666666,-0.9740101099014282,-2.7092570014599175
TOKYOTECH_s05,160,6,160.2,-1.0681309700012207,-2.4761696813444205
TOKYOTECH_s05,160,7,160.23333333333332,-1.1207656860351562,-2.1096507036633843
TOKYOTECH_s05,160,8,160.26666666666668,-1.0819776058197021,-1.7092983608670993
TOKYOTECH_s05,160,9,160.3,-0.025339221581816673,-1.3512035477667483
TOKYOTECH_s05,160,10,160.33333333333334,1.7007328271865845,-1.0732133466430847
TOKYOTECH_s05,160,11,160.36666666666667,2.359579086303711,-0.8742957679896579
TOKYOTECH_s05,160,12,160.4,2.1004483699798584,-0.727795153331124
TOKYOTECH_s05,160,13,160.43333333333334,1.519338607788086,-0.6025364464200903
TOKYOTECH_s05,160,14,160.46666666666667,0.8482486605644226,-0.4814364891467739
TOKYOTECH_s05,160,15,160.5,0.3390074670314789,-0.3682547500498492
TOKYOTECH_s05,160,16,160.53333333333333,-0.10474982857704163,-0.2801276882104238
TOKYOTECH_s05,160,17,160.56666666666666,-0.13075995445251465,-0.23171459461671426
TOKYOTECH_s05,160,18,160.6,0.25168073177337646,-0.22053014924018052
TOKYOTECH_s05,160,19,160.63333333333333,0.5113992094993591,-0.22114695228780498
TOKYOTECH_s05,160,20,160.66666666666666,0.4526737928390503,-0.19069879004010853
TOKYOTECH_s05,160,21,160.7,0.08383923023939133,-0.08311852518325856
TOKYOTECH_s05,160,22,160.73333333333332,-0.2728317379951477,0.13295480088759887
TOKYOTECH_s05,160,23,160.76666666666668,-0.579379141330719,0.4587976183421543
TOKYOTECH_s05,160,24,160.8,-0.8578416109085083,0.8596226375448554
TOKYOTECH_s05,160,25,160.83333333333334,-1.0460478067398071,1.2724516481916435
TOKYOTECH_s05,160,26,160.86666666666667,-1.0965899229049683,1.625536019252963
TOKYOTECH_s05,160,27,160.9,-1.1199287176132202,1.8605906357021724
TOKYOTECH_s05,160,28,160.93333333333334,-1.1199642419815063,1.9481222413167127
TOKYOTECH_s05,160,29,160.96666666666667,-1.1117098331451416,1.8904133629291728
TOKYOTECH_s05,160,30,161.0,-1.095245361328125,1.7129820900873691
TOKYOTECH_s05,160,31,161.03333333333333,-1.157505750656128,1.450433721285991
TOKYOTECH_s05,160,32,161.06666666666666,-1.2007194757461548,1.134354053184114
TOKYOTECH_s05,160,33,161.1,-0.5102710723876953,0.788432455296341
TOKYOTECH_s05,160,34,161.13333333333333,1.3796888589859009,0.43071148295366446
TOKYOTECH_s05,160,35,161.16666666666666,2.4634058475494385,0.07843926322233964
TOKYOTECH_s05,160,36,161.2,2.280043840408325,-0.2495073532610498
TOKYOTECH_s05,160,37,161.23333333333332,1.8179609775543213,-0.5346080950255584
TOKYOTECH_s05,160,38,161.26666666666668,1.3490750789642334,-0.7631746022191486
TOKYOTECH_s05,160,39,161.3,0.8952913284301758,-0.9298429920242955
TOKYOTECH_s05,160,40,161.33333333333334,0.39746570587158203,-1.0384112706703736
TOKYOTECH_s05,160,41,161.36666666666667,0.12305478751659393,-1.1005940673383838
TOKYOTECH_s05,160,42,161.4,0.3099430799484253,-1.1331521079024016
TOKYOTECH_s05,160,43,161.43333333333334,0.4973834455013275,-1.152599005686563
TOKYOTECH_s05,160,44,161.46666666666667,0.4732610881328583,-1.1670462234670034
TOKYOTECH_s05,160,45,161.5,0.3752043843269348,-1.1678200873625488
TOKYOTECH_s05,160,46,161.53333333333333,0.03463279455900192,-1.1272272044852478
TOKYOTECH_s05,160,47,161.56666666666666,-0.4308871626853943,-1.0079564067628874
TOKYOTECH_s05,160,48,161.6,-0.7177555561065674,-0.7819762858519969
TOKYOTECH_s05,160,49,161.63333333333333,-0.9446874856948853,-0.4487569249555921
TOKYOTECH_s05,160,50,161.66666666666666,-1.065860390663147,-0.041697367660089524
TOKYOTECH_s05,160,51,161.7,-1.0945507287979126,0.3814746087994013
TOKYOTECH_s05,160,52,161.73333333333332,-1.1631245613098145,0.7586795031272141
TOKYOTECH_s05,160,53,161.76666666666668,-1.1790190935134888,1.0424646220936382
TOKYOTECH_s05,160,54,161.8,-1.12596595287323,1.2091099443782156
TOKYOTECH_s05,160,55,161.83333333333334,-1.1300175189971924,1.2564499623110796
TOKYOTECH_s05,160,56,161.86666666666667,-1.1360191106796265,1.1953603886217283
TOKYOTECH_s05,160,57,161.9,-1.2747339010238647,1.0417105283908723
TOKYOTECH_s05,160,58,161.93333333333334,-1.1650478839874268,0.8129372962077862
TOKYOTECH_s05,160,59,161.96666666666667,0.01957523263990879,0.5291167934707304
TOKYOTECH_s05,160,60,162.0,1.994715929031372,0.21561766099876012
TOKYOTECH_s05,160,61,162.03333333333333,2.635316848754883,-0.09603630293482375
TOKYOTECH_s05,160,62,162.06666666666666,2.2689754962921143,-0.3712145511172571
TOKYOTECH_s05,160,63,162.1,1.839349627494812,-0.5790647701673788
TOKYOTECH_s05,160,64,162.13333333333333,1.396126627922058,-0.700881186879035
TOKYOTECH_s05,160,65,162.16666666666666,0.8950508832931519,-0.7361988707164243
TOKYOTECH_s05,160,66,162.2,0.4083292484283447,-0.7031064380117902
TOKYOTECH_s05,160,67,162.23333333333332,0.1800794005393982,-0.6314857535290025
TOKYOTECH_s05,160,68,162.26666666666668,0.3580097258090973,-0.5513924565749536
TOKYOTECH_s05,160,69,162.3,0.5968203544616699,-0.4817005064436488
TOKYOTECH_s05,160,70,162.33333333333334,0.5495996475219727,-0.42447966352830924
TOKYOTECH_s05,160,71,162.36666666666667,0.217059925198555,-0.36754753130035606
TOKYOTECH_s05,160,72,162.4,-0.17683200538158417,-0.29270814924279104
TOKYOTECH_s05,160,73,162.43333333333334,-0.44210687279701233,-0.1843943609295733
TOKYOTECH_s05,160,74,162.46666666666667,-0.720409095287323,-0.03519614852392481
TOKYOTECH_s05,160,75,162.5,-1.000946283340454,0.1516610356268084
TOKYOTECH_s05,160,76,162.53333333333333,-1.0657624006271362,0.3613505194467538
TOKYOTECH_s05,160,77,162.56666666666666,-1.1002318859100342,0.5677887815235667
TOKYOTECH_s05,160,78,162.6,-1.192723274230957,0.7371976097694776
TOKYOTECH_s05,160,79,162.63333333333333,-1.1022086143493652,0.8365566443536164
TOKYOTECH_s05,160,80,162.66666666666666,-1.063099980354309,0.8450137279171003
TOKYOTECH_s05,160,81,162.7,-1.1155743598937988,0.7627372024289699
TOKYOTECH_s05,160,82,162.73333333333332,-1.1236062049865723,0.6119328958243594
TOKYOTECH_s05,160,83,162.76666666666668,-1.2723830938339233,0.42877935247031285
TOKYOTECH_s05,160,84,162.8,-1.3775278329849243,0.25009499548308145
TOKYOTECH_s05,160,85,162.83333333333334,-0.5349722504615784,0.10127432114603109
TOKYOTECH_s05,160,86,162.86666666666667,1.454193115234375,-0.009386118372025739
TOKYOTECH_s05,160,87,162.9,2.5391924381256104,-0.08905068623620095
TOKYOTECH_s05,160,88,162.93333333333334,2.3111650943756104,-0.15440323918292503
TOKYOTECH_s05,160,89,162.96666666666667,1.8137580156326294,-0.22536150101070707
TOKYOTECH_s05,160,90,163.0,1.2896106243133545,-0.3200106215363221
TOKYOTECH_s05,160,91,163.03333333333333,0.7062035799026489,-0.44958420685728884
TOKYOTECH_s05,160,92,163.06666666666666,0.1586194783449173,-0.6124006276779816
TOKYOTECH_s05,160,93,163.1,-0.034181419759988785,-0.7885717586075927
TOKYOTECH_s05,160,94,163.13333333333333,0.2216012328863144,-0.9402631618487145
TOKYOTECH_s05,160,95,163.16666666666666,0.6045851111412048,-1.0212599181734319
TOKYOTECH_s05,160,96,163.2,0.6312808990478516,-0.9935486058208084
TOKYOTECH_s05,160,97,163.23333333333332,0.32332658767700195,-0.8426452178564917
TOKYOTECH_s05,160,98,163.26666666666668,-0.0793452039361,-0.5831567167060027
TOKYOTECH_s05,160,99,163.3,-0.43063783645629883,-0.251975929800748
TOKYOTECH_s05,160,100,163.33333333333334,-0.6705437302589417,0.10562471257310832
TOKYOTECH_s05,160,101,163.36666666666667,-0.8553038239479065,0.4483145197449436
TOKYOTECH_s05,160,102,163.4,-1.025950312614441,0.7445949377720432
TOKYOTECH_s05,160,103,163.43333333333334,-1.0851119756698608,0.9733810940770112
TOKYOTECH_s05,160,104,163.46666666666667,-0.9955234527587891,1.1225085274076827
TOKYOTECH_s05,160,105,163.5,-0.9950693249702454,1.1871237912619033
TOKYOTECH_s05,160,106,163.53333333333333,-1.1238466501235962,1.1684207719465507
TOKYOTECH_s05,160,107,163.56666666666666,-1.1207923889160156,1.0725052137394655
TOKYOTECH_s05,160,108,163.6,-0.8608068227767944,0.9090657979641451
TOKYOTECH_s05,160,109,163.63333333333333,0.37645992636680603,0.6899199467837136
TOKYOTECH_s05,160,110,163.66666666666666,1.8553600311279297,0.42804263320509495
TOKYOTECH_s05,160,111,163.7,2.1096110343933105,0.1374343706329876
TOKYOTECH_s05,160,112,163.73333333333332,1.6489708423614502,-0.16694306945671678
TOKYOTECH_s05,160,113,163.76666666666668,1.1333361864089966,-0.4700744380127757
TOKYOTECH_s05,160,114,163.8,0.5039371848106384,-0.7577699255502612
TOKYOTECH_s05,160,115,163.83333333333334,-0.12603165209293365,-1.0154160279724929
TOKYOTECH_s05,160,116,163.86666666666667,-0.4625338912010193,-1.2241969375789445
TOKYOTECH_s05,160,117,163.9,-0.1881585717201233,-1.3577332339948471
TOKYOTECH_s05,160,118,163.93333333333334,0.2782607674598694,-1.3839060123555373
TOKYOTECH_s05,160,119,163.96666666666667,0.40504348278045654,-1.2744246125154162
TOKYOTECH_s05,160,120,164.0,0.17939375340938568,-1.018942401615203
TOKYOTECH_s05,160,121,164.03333333333333,-0.12789270281791687,-0.6358763654164722
TOKYOTECH_s05,160,122,164.06666666666666,-0.4368354082107544,-0.17286721271704136
TOKYOTECH_s05,160,123,164.1,-0.7514681220054626,0.30441555671379494
TOKYOTECH_s05,160,124,164.13333333333333,-1.0578463077545166,0.7296461905299108
TOKYOTECH_s05,160,125,164.16666666666666,-1.2141653299331665,1.0510989185869317
TOKYOTECH_s05,160,126,164.2,-1.2057327032089233,1.2396271105720686
TOKYOTECH_s05,160,127,164.23333333333332,-1.2378336191177368,1.2895026625569992
TOKYOTECH_s05,160,128,164.26666666666668,-1.2889010906219482,1.2149675632514567
TOKYOTECH_s05,160,129,164.3,-1.255286455154419,1.0448445665913686
TOKYOTECH_s05,160,130,164.33333333333334,-1.181530237197876,0.8158897981331399
TOKYOTECH_s05,160,131,164.36666666666667,-0.8999155163764954,0.5650027482473013
TOKYOTECH_s05,160,132,164.4,0.5909968018531799,0.3216454046862856
TOKYOTECH_s05,160,133,164.43333333333334,2.2311935424804688,0.1029885635746891
TOKYOTECH_s05,160,134,164.46666666666667,2.504598379135132,-0.08653682820016015
TOKYOTECH_s05,160,135,164.5,2.135763645172119,-0.25188482169293475
TOKYOTECH_s05,160,136,164.53333333333333,1.6999136209487915,-0.40266134077789334
TOKYOTECH_s05,160,137,164.56666666666666,1.1970213651657104,-0.5493063368035019
TOKYOTECH_s05,160,138,164.6,0.7046096920967102,-0.7004187626365204
TOKYOTECH_s05,160,139,164.63333333333333,0.2893112897872925,-0.8595256586429061
TOKYOTECH_s05,160,140,164.66666666666666,0.1686192750930786,-1.0199698567668123
TOKYOTECH_s05,160,141,164.7,0.3251965343952179,-1.1594840337589871
TOKYOTECH_s05,160,142,164.73333333333332,0.5246046185493469,-1.2393128385208496
TOKYOTECH_s05,160,143,164.76666666666668,0.4458351135253906,-1.212555856291701
TOKYOTECH_s05,160,144,164.8,0.1632053107023239,-1.0411180812048766
TOKYOTECH_s05,160,145,164.83333333333334,-0.1731366217136383,-0.7141380100809175
TOKYOTECH_s05,160,146,164.86666666666667,-0.5225860476493835,-0.2583150151716403
TOKYOTECH_s05,160,147,164.9,-0.8632645010948181,0.26577861223483945
TOKYOTECH_s05,160,148,164.93333333333334,-1.0967947244644165,0.7796613934226928
TOKYOTECH_s05,160,149,164.96666666666667,-1.115592122077942,1.2074635563335874
TOKYOTECH_s05,160,150,165.0,-1.1146126985549927,1.493092061480476
TOKYOTECH_s05,160,151,165.03333333333333,-1.1655733585357666,1.6098144045439986
TOKYOTECH_s05,160,152,165.06666666666666,-1.121638298034668,1.561621862850958
TOKYOTECH_s05,160,153,165.1,-1.0416311025619507,1.377747433187189
TOKYOTECH_s05,160,154,165.13333333333333,-1.1523056030273438,1.102577034900479
TOKYOTECH_s05,160,155,165.16666666666666,-1.2508965730667114,0.7837452932397547
TOKYOTECH_s05,160,156,165.2,-0.47239118814468384,0.4617517064817271
TOKYOTECH_s05,160,157,165.23333333333332,1.5176290273666382,0.16410226160728053
TOKYOTECH_s05,160,158,165.26666666666668,2.6303303241729736,-0.09494258928917756
TOKYOTECH_s05,160,159,165.3,2.431990623474121,-0.3106728892228719
TOKYOTECH_s05,160,160,165.33333333333334,1.9967639446258545,-0.48379722875977754
TOKYOTECH_s05,160,161,165.36666666666667,1.5620893239974976,-0.6186805415976024
TOKYOTECH_s05,160,162,165.4,1.1392933130264282,-0.7236052912868879
TOKYOTECH_s05,160,163,165.43333333333334,0.744617760181427,-0.8100517282939967
TOKYOTECH_s05,160,164,165.46666666666667,0.4640359878540039,-0.8885853427589445
TOKYOTECH_s05,160,165,165.5,0.41340482234954834,-0.962368373254971
TOKYOTECH_s05,160,166,165.53333333333333,0.5153172016143799,-1.0226932637137038
TOKYOTECH_s05,160,167,165.56666666666666,0.5813353657722473,-1.050622683390321
TOKYOTECH_s05,160,168,165.6,0.409344345331192,-1.0241371425297217
TOKYOTECH_s05,160,169,165.63333333333333,0.09489865601062775,-0.9259915980574093
TOKYOTECH_s05,160,170,165.66666666666666,-0.2289680391550064,-0.7482367433326813
TOKYOTECH_s05,160,171,165.7,-0.4950176179409027,-0.49339071595114814
TOKYOTECH_s05,160,172,165.73333333333332,-0.7518777251243591,-0.17506750162306603
TOKYOTECH_s05,160,173,165.76666666666668,-0.9470204710960388,0.18034069123445717
TOKYOTECH_s05,160,174,165.8,-1.0611587762832642,0.5335419473794559
TOKYOTECH_s05,160,175,165.83333333333334,-1.0956904888153076,0.8381723880119748
TOKYOTECH_s05,160,176,165.86666666666667,-1.047606110572815,1.0528992191179543
TOKYOTECH_s05,160,177,165.9,-1.0295833349227905,1.1545133773587024
TOKYOTECH_s05,160,178,165.93333333333334,-1.0905882120132446,1.1452329856835666
TOKYOTECH_s05,160,179,165.96666666666667,-1.174424409866333,1.0502403406525929
TOKYOTECH_s05,160,180,166.0,-1.2706201076507568,0.9060255336147479
TOKYOTECH_s05,160,181,166.03333333333333,-1.3426132202148438,0.744880548217171
TOKYOTECH_s05,160,182,166.06666666666666,-0.8478150963783264,0.5839459354661385
TOKYOTECH_s05,160,183,166.1,1.0133386850357056,0.42499371322368723
TOKYOTECH_s05,160,184,166.13333333333333,2.442239761352539,0.2633624137459148
TOKYOTECH_s05,160,185,166.16666666666666,2.497955560684204,0.09792369368861463
TOKYOTECH_s05,160,186,166.2,2.0665221214294434,-0.06522090346469628
TOKYOTECH_s05,160,187,166.23333333333332,1.562454342842102,-0.21646558429883458
TOKYOTECH_s05,160,188,166.26666666666668,1.070888638496399,-0.3493672850974268
TOKYOTECH_s05,160,189,166.3,0.6602651476860046,-0.4645444440809463
TOKYOTECH_s05,160,190,166.33333333333334,0.3829513192176819,-0.5684236492564595
TOKYOTECH_s05,160,191,166.36666666666667,0.3711884319782257,-0.6684619132348839
TOKYOTECH_s05,160,192,166.4,0.604006290435791,-0.7675850059676089
TOKYOTECH_s05,160,193,166.43333333333334,0.6831765174865723,-0.8595630988342411
TOKYOTECH_s05,160,194,166.46666666666667,0.4895029366016388,-0.9263906142382015
TOKYOTECH_s05,160,195,166.5,0.16416700184345245,-0.9393669863179815
TOKYOTECH_s05,160,196,166.53333333333333,-0.22277048230171204,-0.8662769719685394
TOKYOTECH_s05,160,197,166.56666666666666,-0.5697978734970093,-0.684948215568466
TOKYOTECH_s05,160,198,166.6,-0.7839251160621643,-0.39801786857903926
TOKYOTECH_s05,160,199,166.63333333333333,-0.8833709359169006,-0.039967658181966945
TOKYOTECH_s05,160,200,166.66666666666666,-0.9798871278762817,0.3298620453280378
TOKYOTECH_s05,160,201,166.7,-0.9936535358428955,0.6468068496607287
TOKYOTECH_s05,160,202,166.73333333333332,-0.9535118937492371,0.8637486712951776
TOKYOTECH_s05,160,203,166.76666666666668,-0.9927185773849487,0.9656257738125763
TOKYOTECH_s05,160,204,166.8,-0.9968324303627014,0.9687121800766602
TOKYOTECH_s05,160,205,166.83333333333334,-1.0523254871368408,0.9066088563744358
TOKYOTECH_s05,160,206,166.86666666666667,-1.261252522468567,0.8119731979118576
TOKYOTECH_s05,160,207,166.9,-1.2720625400543213,0.7040633003924384
TOKYOTECH_s05,160,208,166.93333333333334,-0.5783461928367615,0.5868383566679772
TOKYOTECH_s05,160,209,166.96666666666667,1.1995235681533813,0.4553511965087436
TOKYOTECH_s05,160,210,167.0,2.2963123321533203,0.3046054497478743
TOKYOTECH_s05,160,211,167.03333333333333,2.1055150032043457,0.13575284606252686
TOKYOTECH_s05,160,212,167.06666666666666,1.5499435663223267,-0.042550092135005296
TOKYOTECH_s05,160,213,167.1,1.0542906522750854,-0.2170163402303318
TOKYOTECH_s05,160,214,167.13333333333333,0.5434109568595886,-0.37491311383306686
TOKYOTECH_s05,160,215,167.16666666666666,0.10459569096565247,-0.5091874982374397
TOKYOTECH_s05,160,216,167.2,-0.06337937712669373,-0.6207957315493311
TOKYOTECH_s05,160,217,167.23333333333332,0.09793510288000107,-0.7160390481779255
TOKYOTECH_s05,160,218,167.26666666666668,0.3464427590370178,-0.7990717017723574
TOKYOTECH_s05,160,219,167.3,0.39697596430778503,-0.8632639332606742
TOKYOTECH_s05,160,220,167.33333333333334,0.21260765194892883,-0.8876181677275424
TOKYOTECH_s05,160,221,167.36666666666667,-0.18253090977668762,-0.84307244586585
TOKYOTECH_s05,160,222,167.4,-0.6147212386131287,-0.7075928034587791
TOKYOTECH_s05,160,223,167.43333333333334,-0.8263017535209656,-0.48213647355170736
TOKYOTECH_s05,160,224,167.46666666666667,-1.0253002643585205,-0.19705600679025917
TOKYOTECH_s05,160,225,167.5,-1.1813966035842896,0.09655016588354937
TOKYOTECH_s05,160,226,167.53333333333333,-1.208288311958313,0.3458033317054191
TOKYOTECH_s05,160,227,167.56666666666666,-1.224245309829712,0.513745535795245
TOKYOTECH_s05,160,228,167.6,-1.1690549850463867,0.5869896158299571
TOKYOTECH_s05,160,229,167.63333333333333,-1.1562858819961548,0.5727263699749391
TOKYOTECH_s05,160,230,167.66666666666666,-1.167817234992981,0.4904002371054525
TOKYOTECH_s05,160,231,167.7,-1.2288399934768677,0.364095741916735
TOKYOTECH_s05,160,232,167.73333333333332,-1.3769044876098633,0.21855317205771263
TOKYOTECH_s05,160,233,167.76666666666668,-0.8936289548873901,0.07798808533332532
TOKYOTECH_s05,160,234,167.8,0.9397160410881042,-0.03473005970043086
TOKYOTECH_s05,160,235,167.83333333333334,2.4372265338897705,-0.10029389105619242
TOKYOTECH_s05,160,236,167.86666666666667,2.451892375946045,-0.106626696903818
TOKYOTECH_s05,160,237,167.9,1.969551682472229,-0.052547028612472804
TOKYOTECH_s05,160,238,167.93333333333334,1.4387348890304565,0.05058055284106604
TOKYOTECH_s05,160,239,167.96666666666667,0.9604012370109558,0.18052794594699187
TOKYOTECH_s05,161,0,161.0,-1.095245361328125,-0.04874474399179655
TOKYOTECH_s05,161,1,161.03333333333333,-1.157505750656128,-1.2112882298138072
TOKYOTECH_s05,161,2,161.06666666666666,-1.2007194757461548,-2.2174229898986364
TOKYOTECH_s05,161,3,161.1,-0.5102710723876953,-2.945451427010038
TOKYOTECH_s05,161,4,161.13333333333333,1.3796888589859009,-3.3350768619944797
TOKYOTECH_s05,161,5,161.16666666666666,2.4634058475494385,-3.396177867981573
TOKYOTECH_s05,161,6,161.2,2.280043840408325,-3.1964476120988845
TOKYOTECH_s05,161,7,161.23333333333332,1.8179609775543213,-2.834608573811859
TOKYOTECH_s05,161,8,161.26666666666668,1.3490750789642334,-2.410370078677778
TOKYOTECH_s05,161,9,161.3,0.8952913284301758,-2.0008005138739198
TOKYOTECH_s05,161,10,161.33333333333334,0.39746570587158203,-1.6492596716460803
TOKYOTECH_s05,161,11,161.36666666666667,0.12305478751659393,-1.3680423079088075
TOKYOTECH_s05,161,12,161.4,0.3099430799484253,-1.149749334266886
TOKYOTECH_s05,161,13,161.43333333333334,0.4973834455013275,-0.9786537551711393
TOKYOTECH_s05,161,14,161.46666666666667,0.4732610881328583,-0.8351966730952701
TOKYOTECH_s05,161,15,161.5,0.3752043843269348,-0.693571071813164
TOKYOTECH_s05,161,16,161.53333333333333,0.03463279455900192,-0.5196244934318475
TOKYOTECH_s05,161,17,161.56666666666666,-0.4308871626853943,-0.2772423362145227
TOKYOTECH_s05,161,18,161.6,-0.7177555561065674,0.056373783165880056
TOKYOTECH_s05,161,19,161.63333333333333,-0.9446874856948853,0.47535051058952
TOKYOTECH_s05,161,20,161.66666666666666,-1.065860390663147,0.9406294560306602
TOKYOTECH_s05,161,21,161.7,-1.0945507287979126,1.3908541695079946
TOKYOTECH_s05,161,22,161.73333333333332,-1.1631245613098145,1.7632469642667874
TOKYOTECH_s05,161,23,161.76666666666668,-1.1790190935134888,2.013078257799314
TOKYOTECH_s05,161,24,161.8,-1.12596595287323,2.122748774152566
TOKYOTECH_s05,161,25,161.83333333333334,-1.1300175189971924,2.0989276448698204
TOKYOTECH_s05,161,26,161.86666666666667,-1.1360191106796265,1.9624310581288993
TOKYOTECH_s05,161,27,161.9,-1.2747339010238647,1.7375681822605384
TOKYOTECH_s05,161,28,161.93333333333334,-1.1650478839874268,1.4457705728231995
TOKYOTECH_s05,161,29,161.96666666666667,0.01957523263990879,1.1047898910609462
TOKYOTECH_s05,161,30,162.0,1.994715929031372,0.7319640835027115
TOKYOTECH_s05,161,31,162.03333333333333,2.635316848754883,0.3485392136549917
TOKYOTECH_s05,161,32,162.06666666666666,2.2689754962921143,-0.01839601627096714
TOKYOTECH_s05,161,33,162.1,1.839349627494812,-0.33868597372083525
TOKYOTECH_s05,161,34,162.13333333333333,1.396126627922058,-0.5862285522719924
TOKYOTECH_s05,161,35,162.16666666666666,0.8950508832931519,-0.7472909733036471
TOKYOTECH_s05,161,36,162.2,0.4083292484283447,-0.8256939306592699
TOKYOTECH_s05,161,37,162.23333333333332,0.1800794005393982,-0.8415206120306615
TOKYOTECH_s05,161,38,162.26666666666668,0.3580097258090973,-0.8227897174226417
TOKYOTECH_s05,161,39,162.3,0.5968203544616699,-0.7933077656935817
TOKYOTECH_s05,161,40,162.33333333333334,0.5495996475219727,-0.7628703852448658
TOKYOTECH_s05,161,41,162.36666666666667,0.217059925198555,-0.7251544673523561
TOKYOTECH_s05,161,42,162.4,-0.17683200538158417,-0.663540336884413
TOKYOTECH_s05,161,43,162.43333333333334,-0.44210687279701233,-0.5604240097045878
TOKYOTECH_s05,161,44,162.46666666666667,-0.720409095287323,-0.4054994347857593
TOKYOTECH_s05,161,45,162.5,-1.000946283340454,-0.20118189629836195
TOKYOTECH_s05,161,46,162.53333333333333,-1.0657624006271362,0.03498254228877275
TOKYOTECH_s05,161,47,162.56666666666666,-1.1002318859100342,0.2713969897810101
TOKYOTECH_s05,161,48,162.6,-1.192723274230957,0.468317731710336
TOKYOTECH_s05,161,49,162.63333333333333,-1.1022086143493652,0.588894673314275
TOKYOTECH_s05,161,50,162.66666666666666,-1.063099980354309,0.6121272480710321
TOKYOTECH_s05,161,51,162.7,-1.1155743598937988,0.541637415476269
TOKYOTECH_s05,161,52,162.73333333333332,-1.1236062049865723,0.4052112877323709
TOKYOTECH_s05,161,53,162.76666666666668,-1.2723830938339233,0.2445824290605918
TOKYOTECH_s05,161,54,162.8,-1.3775278329849243,0.10003007414783015
TOKYOTECH_s05,161,55,162.83333333333334,-0.5349722504615784,-0.0030849466606321903
TOKYOTECH_s05,161,56,162.86666666666667,1.454193115234375,-0.06028928681754982
TOKYOTECH_s05,161,57,162.9,2.5391924381256104,-0.08533719275211073
TOKYOTECH_s05,161,58,162.93333333333334,2.3111650943756104,-0.10215282550660956
TOKYOTECH_s05,161,59,162.96666666666667,1.8137580156326294,-0.1360589988879835
TOKYOTECH_s05,161,60,163.0,1.2896106243133545,-0.20686911800383562
TOKYOTECH_s05,161,61,163.03333333333333,0.7062035799026489,-0.3235975132860033
TOKYOTECH_s05,161,62,163.06666666666666,0.1586194783449173,-0.48007311460192037
TOKYOTECH_s05,161,63,163.1,-0.034181419759988785,-0.6526024178915432
TOKYOTECH_s05,161,64,163.13333333333333,0.2216012328863144,-0.802679974606341
TOKYOTECH_s05,161,65,163.16666666666666,0.6045851111412048,-0.8866819963381698
TOKYOTECH_s05,161,66,163.2,0.6312808990478516,-0.8699809515899684
TOKYOTECH_s05,161,67,163.23333333333332,0.32332658767700195,-0.738853214188042
TOKYOTECH_s05,161,68,163.26666666666668,-0.0793452039361,-0.5040247545046741
TOKYOTECH_s05,161,69,163.3,-0.43063783645629883,-0.19472582828541754
TOKYOTECH_s05,161,70,163.33333333333334,-0.6705437302589417,0.15183603279788604
TOKYOTECH_s05,161,71,163.36666666666667,-0.8553038239479065,0.49879666755861873
TOKYOTECH_s05,161,72,163.4,-1.025950312614441,0.8130824791174377
TOKYOTECH_s05,161,73,163.43333333333334,-1.0851119756698608,1.0662986144757376
TOKYOTECH_s05,161,74,163.46666666666667,-0.9955234527587891,1.235960067474401
TOKYOTECH_s05,161,75,163.5,-0.9950693249702454,1.3076139292263478
TOKYOTECH_s05,161,76,163.53333333333333,-1.1238466501235962,1.2768264974305983
TOKYOTECH_s05,161,77,163.56666666666666,-1.1207923889160156,1.149874346790879
TOKYOTECH_s05,161,78,163.6,-0.8608068227767944,0.9424207147189642
TOKYOTECH_s05,161,79,163.63333333333333,0.37645992636680603,0.6762808785443845
TOKYOTECH_s05,161,80,163.66666666666666,1.8553600311279297,0.37537063525264797
TOKYOTECH_s05,161,81,163.7,2.1096110343933105,0.062147696969994747
TOKYOTECH_s05,161,82,163.73333333333332,1.6489708423614502,-0.24499386505205933
TOKYOTECH_s05,161,83,163.76666666666668,1.1333361864089966,-0.5333465498187577
TOKYOTECH_s05,161,84,163.8,0.5039371848106384,-0.7956115096833153
TOKYOTECH_s05,161,85,163.83333333333334,-0.12603165209293365,-1.0263683320795567
TOKYOTECH_s05,161,86,163.86666666666667,-0.4625338912010193,-1.2157287452012289
TOKYOTECH_s05,161,87,163.9,-0.1881585717201233,-1.3436452922124054
TOKYOTECH_s05,161,88,163.93333333333334,0.2782607674598694,-1.3800013359540488
TOKYOTECH_s05,161,89,163.96666666666667,0.40504348278045654,-1.2934415225094573
TOKYOTECH_s05,161,90,164.0,0.17939375340938568,-1.0661444194754828
TOKYOTECH_s05,161,91,164.03333333333333,-0.12789270281791687,-0.7067893072317558
TOKYOTECH_s05,161,92,164.06666666666666,-0.4368354082107544,-0.2541534079082405
TOKYOTECH_s05,161,93,164.1,-0.7514681220054626,0.2309474409985012
TOKYOTECH_s05,161,94,164.13333333333333,-1.0578463077545166,0.6809417385970852
TOKYOTECH_s05,161,95,164.16666666666666,-1.2141653299331665,1.0365564771803564
TOKYOTECH_s05,161,96,164.2,-1.2057327032089233,1.2569999302101107
TOKYOTECH_s05,161,97,164.23333333333332,-1.2378336191177368,1.3250703714821026
TOKYOTECH_s05,161,98,164.26666666666668,-1.2889010906219482,1.2483288005289317
TOKYOTECH_s05,161,99,164.3,-1.255286455154419,1.0563440095809893
TOKYOTECH_s05,161,100,164.33333333333334,-1.181530237197876,0.7934045370977735
TOKYOTECH_s05,161,101,164.36666666666667,-0.8999155163764954,0.5073466402217501
TOKYOTECH_s05,161,102,164.4,0.5909968018531799,0.2375945985127969
TOKYOTECH_s05,161,103,164.43333333333334,2.2311935424804688,0.006931979545191508
TOKYOTECH_s05,161,104,164.46666666666667,2.504598379135132,-0.17983803472316304
TOKYOTECH_s05,161,105,164.5,2.135763645172119,-0.33074762040646516
TOKYOTECH_s05,161,106,164.53333333333333,1.6999136209487915,-0.45888913716718405
TOKYOTECH_s05,161,107,164.56666666666666,1.1970213651657104,-0.5764363464789966
TOKYOTECH_s05,161,108,164.6,0.7046096920967102,-0.6918833373990599
TOKYOTECH_s05,161,109,164.63333333333333,0.2893112897872925,-0.8084451170732776
TOKYOTECH_s05,161,110,164.66666666666666,0.1686192750930786,-0.9211028590086365
TOKYOTECH_s05,161,111,164.7,0.3251965343952179,-1.0126368580729885
TOKYOTECH_s05,161,112,164.73333333333332,0.5246046185493469,-1.0526169872445068
TOKYOTECH_s05,161,113,164.76666666666668,0.4458351135253906,-1.0037888460686575
TOKYOTECH_s05,161,114,164.8,0.1632053107023239,-0.8359223893350387
TOKYOTECH_s05,161,115,164.83333333333334,-0.1731366217136383,-0.5413087267620617
TOKYOTECH_s05,161,116,164.86666666666667,-0.5225860476493835,-0.14355044259600797
TOKYOTECH_s05,161,117,164.9,-0.8632645010948181,0.30568130538985233
TOKYOTECH_s05,161,118,164.93333333333334,-1.0967947244644165,0.7403472709160921
TOKYOTECH_s05,161,119,164.96666666666667,-1.115592122077942,1.097293412749657
TOKYOTECH_s05,161,120,165.0,-1.1146126985549927,1.3303516245551767
TOKYOTECH_s05,161,121,165.03333333333333,-1.1655733585357666,1.418148351836157
TOKYOTECH_s05,161,122,165.06666666666666,-1.121638298034668,1.365374480607484
TOKYOTECH_s05,161,123,165.1,-1.0416311025619507,1.198428927022227
TOKYOTECH_s05,161,124,165.13333333333333,-1.1523056030273438,0.9567436248896491
TOKYOTECH_s05,161,125,165.16666666666666,-1.2508965730667114,0.6818817375560637
TOKYOTECH_s05,161,126,165.2,-0.47239118814468384,0.4077839465844354
TOKYOTECH_s05,161,127,165.23333333333332,1.5176290273666382,0.15568084292395842
TOKYOTECH_s05,161,128,165.26666666666668,2.6303303241729736,-0.06503804389744362
TOKYOTECH_s05,161,129,165.3,2.431990623474121,-0.2520539540163378
TOKYOTECH_s05,161,130,165.33333333333334,1.9967639446258545,-0.40556857465045815
TOKYOTECH_s05,161,131,165.36666666666667,1.5620893239974976,-0.5271576989883875
TOKYOTECH_s05,161,132,165.4,1.1392933130264282,-0.6216389978602603
TOKYOTECH_s05,161,133,165.43333333333334,0.744617760181427,-0.6984433374103481
TOKYOTECH_s05,161,134,165.46666666666667,0.4640359878540039,-0.7692009421180355
TOKYOTECH_s05,161,135,165.5,0.41340482234954834,-0.8416415810001828
TOKYOTECH_s05,161,136,165.53333333333333,0.5153172016143799,-0.9137305732411514
TOKYOTECH_s05,161,137,165.56666666666666,0.5813353657722473,-0.9724594070041912
TOKYOTECH_s05,161,138,165.6,0.409344345331192,-0.9978348795624508
TOKYOTECH_s05,161,139,165.63333333333333,0.09489865601062775,-0.968697295646716
TOKYOTECH_s05,161,140,165.66666666666666,-0.2289680391550064,-0.8672547899928037
TOKYOTECH_s05,161,141,165.7,-0.4950176179409027,-0.682298504819956
TOKYOTECH_s05,161,142,165.73333333333332,-0.7518777251243591,-0.4130597827042612
TOKYOTECH_s05,161,143,165.76666666666668,-0.9470204710960388,-0.07418125319388058
TOKYOTECH_s05,161,144,165.8,-1.0611587762832642,0.30162767290760895
TOKYOTECH_s05,161,145,165.83333333333334,-1.0956904888153076,0.6679392377888369
TOKYOTECH_s05,161,146,165.86666666666667,-1.047606110572815,0.9762932657426118
TOKYOTECH_s05,161,147,165.9,-1.0295833349227905,1.1899459630513032
TOKYOTECH_s05,161,148,165.93333333333334,-1.0905882120132446,1.2930355356323575
TOKYOTECH_s05,161,149,165.96666666666667,-1.174424409866333,1.2913331541564121
TOKYOTECH_s05,161,150,166.0,-1.2706201076507568,1.2049650999473287
TOKYOTECH_s05,161,151,166.03333333333333,-1.3426132202148438,1.0573898793291654
TOKYOTECH_s05,161,152,166.06666666666666,-0.8478150963783264,0.8670067633881968
TOKYOTECH_s05,161,153,166.1,1.0133386850357056,0.6458934892225521
TOKYOTECH_s05,161,154,166.13333333333333,2.442239761352539,0.40452111831991594
TOKYOTECH_s05,161,155,166.16666666666666,2.497955560684204,0.15667123186888954
TOKYOTECH_s05,161,156,166.2,2.0665221214294434,-0.08053425808646476
TOKYOTECH_s05,161,157,166.23333333333332,1.562454342842102,-0.2917739309710754
TOKYOTECH_s05,161,158,166.26666666666668,1.070888638496399,-0.4694815388562558
TOKYOTECH_s05,161,159,166.3,0.6602651476860046,-0.6156098476696104
TOKYOTECH_s05,161,160,166.33333333333334,0.3829513192176819,-0.7380455208818754
TOKYOTECH_s05,161,161,166.36666666666667,0.3711884319782257,-0.8445068205958774
TOKYOTECH_s05,161,162,166.4,0.604006290435791,-0.9370009594816743
TOKYOTECH_s05,161,163,166.43333333333334,0.6831765174865723,-1.0080446853244234
TOKYOTECH_s05,161,164,166.46666666666667,0.4895029366016388,-1.0391531040440565
TOKYOTECH_s05,161,165,166.5,0.16416700184345245,-1.0030385276482208
TOKYOTECH_s05,161,166,166.53333333333333,-0.22277048230171204,-0.8716316554773863
TOKYOTECH_s05,161,167,166.56666666666666,-0.5697978734970093,-0.629734036170497
TOKYOTECH_s05,161,168,166.6,-0.7839251160621643,-0.28880807645607925
TOKYOTECH_s05,161,169,166.63333333333333,-0.8833709359169006,0.10785356252943085
TOKYOTECH_s05,161,170,166.66666666666666,-0.9798871278762817,0.49415092484312034
TOKYOTECH_s05,161,171,166.7,-0.9936535358428955,0.8021318995231889
TOKYOTECH_s05,161,172,166.73333333333332,-0.9535118937492371,0.9854010319267719
TOKYOTECH_s05,161,173,166.76666666666668,-0.9927185773849487,1.0335197989814704
TOKYOTECH_s05,161,174,166.8,-0.9968324303627014,0.9706950500607013
TOKYOTECH_s05,161,175,166.83333333333334,-1.0523254871368408,0.8405393365983644
TOKYOTECH_s05,161,176,166.86666666666667,-1.261252522468567,0.68576737078544
TOKYOTECH_s05,161,177,166.9,-1.2720625400543213,0.5332222228544731
TOKYOTECH_s05,161,178,166.93333333333334,-0.5783461928367615,0.3899276187313203
TOKYOTECH_s05,161,179,166.96666666666667,1.1995235681533813,0.24898567299937382
TOKYOTECH_s05,161,180,167.0,2.2963123321533203,0.09985668348678135
TOKYOTECH_s05,161,181,167.03333333333333,2.1055150032043457,-0.06275769293222531
TOKYOTECH_s05,161,182,167.06666666666666,1.5499435663223267,-0.23482514068369081
TOKYOTECH_s05,161,183,167.1,1.0542906522750854,-0.40419479707817996
TOKYOTECH_s05,161,184,167.13333333333333,0.5434109568595886,-0.555754807254242
TOKYOTECH_s05,161,185,167.16666666666666,0.10459569096565247,-0.6780660178736817
TOKYOTECH_s05,161,186,167.2,-0.06337937712669373,-0.7680959015144004
TOKYOTECH_s05,161,187,167.23333333333332,0.09793510288000107,-0.8307682135718373
TOKYOTECH_s05,161,188,167.26666666666668,0.3464427590370178,-0.8721744824833757
TOKYOTECH_s05,161,189,167.3,0.39697596430778503,-0.889419005432423
TOKYOTECH_s05,161,190,167.33333333333334,0.21260765194892883,-0.8641215647575872
TOKYOTECH_s05,161,191,167.36666666666667,-0.18253090977668762,-0.7664136682841185
TOKYOTECH_s05,161,192,167.4,-0.6147212386131287,-0.5699811121658559
TOKYOTECH_s05,161,193,167.43333333333334,-0.8263017535209656,-0.27044463927345497
TOKYOTECH_s05,161,194,167.46666666666667,-1.0253002643585205,0.10454476348794371
TOKYOTECH_s05,161,195,167.5,-1.1813966035842896,0.5008859243667834
TOKYOTECH_s05,161,196,167.53333333333333,-1.208288311958313,0.8562439343707949
TOKYOTECH_s05,161,197,167.56666666666666,-1.224245309829712,1.120025575960123
TOKYOTECH_s05,161,198,167.6,-1.1690549850463867,1.2655896576148735
TOKYOTECH_s05,161,199,167.63333333333333,-1.1562858819961548,1.2919888739407799
TOKYOTECH_s05,161,200,167.66666666666666,-1.167817234992981,1.2178542326073758
TOKYOTECH_s05,161,201,167.7,-1.2288399934768677,1.0718085923670637
TOKYOTECH_s05,161,202,167.73333333333332,-1.3769044876098633,0.8832439722651946
TOKYOTECH_s05,161,203,167.76666666666668,-0.8936289548873901,0.6758322273651316
TOKYOTECH_s05,161,204,167.8,0.9397160410881042,0.4647328997916876
TOKYOTECH_s05,161,205,167.83333333333334,2.4372265338897705,0.25734845030951725
TOKYOTECH_s05,161,206,167.86666666666667,2.451892375946045,0.05651142364245068
TOKYOTECH_s05,161,207,167.9,1.969551682472229,-0.1358129047860781
TOKYOTECH_s05,161,208,167.93333333333334,1.4387348890304565,-0.3164970190152184
TOKYOTECH_s05,161,209,167.96666666666667,0.9604012370109558,-0.48213377044944195
TOKYOTECH_s05,161,210,168.0,0.563535213470459,-0.6318770601551912
TOKYOTECH_s05,161,211,168.03333333333333,0.21689073741436005,-0.7692801196433842
TOKYOTECH_s05,161,212,168.06666666666666,0.17348113656044006,-0.9000833260085339
TOKYOTECH_s05,161,213,168.1,0.4637332260608673,-1.0254368765065374
TOKYOTECH_s05,161,214,168.13333333333333,0.5063770413398743,-1.1340366556941013
TOKYOTECH_s05,161,215,168.16666666666666,0.2829534411430359,-1.1989509269202179
TOKYOTECH_s05,161,216,168.2,0.03132030740380287,-1.183183881902348
TOKYOTECH_s05,161,217,168.23333333333332,-0.2805875837802887,-1.0533045415813072
TOKYOTECH_s05,161,218,168.26666666666668,-0.6758864521980286,-0.7956938406445008
TOKYOTECH_s05,161,219,168.3,-0.9318649768829346,-0.42776716876637105
TOKYOTECH_s05,161,220,168.33333333333334,-1.0106077194213867,0.0017933418884182057
TOKYOTECH_s05,161,221,168.36666666666667,-1.133027195930481,0.42490135093393155
TOKYOTECH_s05,161,222,168.4,-1.1702570915222168,0.7734509568627462
TOKYOTECH_s05,161,223,168.43333333333334,-1.1544604301452637,0.9983688641585373
TOKYOTECH_s05,161,224,168.46666666666667,-1.197656273841858,1.0813733785671387
TOKYOTECH_s05,161,225,168.5,-1.167639136314392,1.0361130843952902
TOKYOTECH_s05,161,226,168.53333333333333,-1.2187511920928955,0.8992668270139537
TOKYOTECH_s05,161,227,168.56666666666666,-1.292222499847412,0.7152948368418516
TOKYOTECH_s05,161,228,168.6,-1.3836719989776611,0.5205495937618907
TOKYOTECH_s05,161,229,168.63333333333333,-1.0141695737838745,0.33294774975136937
TOKYOTECH_s05,161,230,168.66666666666666,0.8016423583030701,0.15173227901255476
TOKYOTECH_s05,161,231,168.7,2.4249651432037354,-0.032586628030863596
TOKYOTECH_s05,161,232,168.73333333333332,2.5164947509765625,-0.2239087058738528
TOKYOTECH_s05,161,233,168.76666666666668,2.04767107963562,-0.4105365085420951
TOKYOTECH_s05,161,234,168.8,1.6003164052963257,-0.5651551189891307
TOKYOTECH_s05,161,235,168.83333333333334,1.078395128250122,-0.6541949708505631
TOKYOTECH_s05,161,236,168.86666666666667,0.5461268424987793,-0.6511353458095951
TOKYOTECH_s05,161,237,168.9,0.1789129078388214,-0.5472719536818238
TOKYOTECH_s05,161,238,168.93333333333334,0.1979507952928543,-0.35594048975281606
TOKYOTECH_s05,161,239,168.96666666666667,0.37927374243736267,-0.10983020087376356
TOKYOTECH_s05,162,0,162.0,1.994715929031372,-0.08930803085638801
TOKYOTECH_s05,162,1,162.03333333333333,2.635316848754883,-1.635217270463155
TOKYOTECH_s05,162,2,162.06666666666666,2.2689754962921143,-2.954443173349901
TOKYOTECH_s05,162,3,162.1,1.839349627494812,-3.8719833303570987
TOKYOTECH_s05,162,4,162.13333333333333,1.396126627922058,-4.299755363797499
TOKYOTECH_s05,162,5,162.16666666666666,0.8950508832931519,-4.2520877396502
TOKYOTECH_s05,162,6,162.2,0.4083292484283447,-3.831802937955105
TOKYOTECH_s05,162,7,162.23333333333332,0.1800794005393982,-3.1926051186405524
TOKYOTECH_s05,162,8,162.26666666666668,0.3580097258090973,-2.491876002111134
TOKYOTECH_s05,162,9,162.3,0.5968203544616699,-1.8496699050052103
TOKYOTECH_s05,162,10,162.33333333333334,0.5495996475219727,-1.326454289116606
TOKYOTECH_s05,162,11,162.36666666666667,0.217059925198555,-0.9244211718229094
TOKYOTECH_s05,162,12,162.4,-0.17683200538158417,-0.6070149200612828
TOKYOTECH_s05,162,13,162.43333333333334,-0.44210687279701233,-0.3248407817724129
TOKYOTECH_s05,162,14,162.46666666666667,-0.720409095287323,-0.03744796825102519
TOKYOTECH_s05,162,15,162.5,-1.000946283340454,0.2738158915004666
TOKYOTECH_s05,162,16,162.53333333333333,-1.0657624006271362,0.6021514941233022
TOKYOTECH_s05,162,17,162.56666666666666,-1.1002318859100342,0.9193676384805682
TOKYOTECH_s05,162,18,162.6,-1.192723274230957,1.1859028539161618
TOKYOTECH_s05,162,19,162.63333333333333,-1.1022086143493652,1.3644704226196713
TOKYOTECH_s05,162,20,162.66666666666666,-1.063099980354309,1.4333969665434827
TOKYOTECH_s05,162,21,162.7,-1.1155743598937988,1.3947042712663351
TOKYOTECH_s05,162,22,162.73333333333332,-1.1236062049865723,1.2733788028557687
TOKYOTECH_s05,162,23,162.76666666666668,-1.2723830938339233,1.1079907662701118
TOKYOTECH_s05,162,24,162.8,-1.3775278329849243,0.93701843698338
TOKYOTECH_s05,162,25,162.83333333333334,-0.5349722504615784,0.7871607035135034
TOKYOTECH_s05,162,26,162.86666666666667,1.454193115234375,0.6680871777767982
TOKYOTECH_s05,162,27,162.9,2.5391924381256104,0.5739738301117079
TOKYOTECH_s05,162,28,162.93333333333334,2.3111650943756104,0.4887580240558336
TOKYOTECH_s05,162,29,162.96666666666667,1.8137580156326294,0.3916927939764726
TOKYOTECH_s05,162,30,163.0,1.2896106243133545,0.2624119310411097
TOKYOTECH_s05,162,31,163.03333333333333,0.7062035799026489,0.08691749245404504
TOKYOTECH_s05,162,32,163.06666666666666,0.1586194783449173,-0.13521166992096298
TOKYOTECH_s05,162,33,163.1,-0.034181419759988785,-0.38522856886476325
TOKYOTECH_s05,162,34,163.13333333333333,0.2216012328863144,-0.625860030177648
TOKYOTECH_s05,162,35,163.16666666666666,0.6045851111412048,-0.8107197758966924
TOKYOTECH_s05,162,36,163.2,0.6312808990478516,-0.8995575424259495
TOKYOTECH_s05,162,37,163.23333333333332,0.32332658767700195,-0.871884833548406
TOKYOTECH_s05,162,38,163.26666666666668,-0.0793452039361,-0.7320534922269838
TOKYOTECH_s05,162,39,163.3,-0.43063783645629883,-0.5042342158899937
TOKYOTECH_s05,162,40,163.33333333333334,-0.6705437302589417,-0.22214117381035597
TOKYOTECH_s05,162,41,163.36666666666667,-0.8553038239479065,0.07949299316890368
TOKYOTECH_s05,162,42,163.4,-1.025950312614441,0.36864808170933805
TOKYOTECH_s05,162,43,163.43333333333334,-1.0851119756698608,0.61696162834476
TOKYOTECH_s05,162,44,163.46666666666667,-0.9955234527587891,0.8007806947416554
TOKYOTECH_s05,162,45,163.5,-0.9950693249702454,0.9031016247171697
TOKYOTECH_s05,162,46,163.53333333333333,-1.1238466501235962,0.9155809977193454
TOKYOTECH_s05,162,47,163.56666666666666,-1.1207923889160156,0.839535080814896
TOKYOTECH_s05,162,48,163.6,-0.8608068227767944,0.6852498947466462
TOKYOTECH_s05,162,49,163.63333333333333,0.37645992636680603,0.46970490529510855
TOKYOTECH_s05,162,50,163.66666666666666,1.8553600311279297,0.21361260938142027
TOKYOTECH_s05,162,51,163.7,2.1096110343933105,-0.061365371189724474
TOKYOTECH_s05,162,52,163.73333333333332,1.6489708423614502,-0.33529268045316973
TOKYOTECH_s05,162,53,163.76666666666668,1.1333361864089966,-0.5926589266194376
TOKYOTECH_s05,162,54,163.8,0.5039371848106384,-0.8236589623186513
TOKYOTECH_s05,162,55,163.83333333333334,-0.12603165209293365,-1.0218494059069663
TOKYOTECH_s05,162,56,163.86666666666667,-0.4625338912010193,-1.178239025909149
TOKYOTECH_s05,162,57,163.9,-0.1881585717201233,-1.2755105260600068
TOKYOTECH_s05,162,58,163.93333333333334,0.2782607674598694,-1.2877418825131097
TOKYOTECH_s05,162,59,163.96666666666667,0.40504348278045654,-1.188475639489769
TOKYOTECH_s05,162,60,164.0,0.17939375340938568,-0.9641059043233375
TOKYOTECH_s05,162,61,164.03333333333333,-0.12789270281791687,-0.6249543055224733
TOKYOTECH_s05,162,62,164.06666666666666,-0.4368354082107544,-0.20719169655122988
TOKYOTECH_s05,162,63,164.1,-0.7514681220054626,0.23570562216937063
TOKYOTECH_s05,162,64,164.13333333333333,-1.0578463077545166,0.6470014412118997
TOKYOTECH_s05,162,65,164.16666666666666,-1.2141653299331665,0.9789956665094707
TOKYOTECH_s05,162,66,164.2,-1.2057327032089233,1.199648387617913
TOKYOTECH_s05,162,67,164.23333333333332,-1.2378336191177368,1.2944638672150037
TOKYOTECH_s05,162,68,164.26666666666668,-1.2889010906219482,1.266243101651248
TOKYOTECH_s05,162,69,164.3,-1.255286455154419,1.1337526901552826
TOKYOTECH_s05,162,70,164.33333333333334,-1.181530237197876,0.9282706354841805
TOKYOTECH_s05,162,71,164.36666666666667,-0.8999155163764954,0.6868428327320253
TOKYOTECH_s05,162,72,164.4,0.5909968018531799,0.4433857514881005
TOKYOTECH_s05,162,73,164.43333333333334,2.2311935424804688,0.22102214344557827
TOKYOTECH_s05,162,74,164.46666666666667,2.504598379135132,0.028738446497188097
TOKYOTECH_s05,162,75,164.5,2.135763645172119,-0.1369641177084848
TOKYOTECH_s05,162,76,164.53333333333333,1.6999136209487915,-0.2872274189817039
TOKYOTECH_s05,162,77,164.56666666666666,1.1970213651657104,-0.43537905491297707
TOKYOTECH_s05,162,78,164.6,0.7046096920967102,-0.5921696862045878
TOKYOTECH_s05,162,79,164.63333333333333,0.2893112897872925,-0.7613455800013307
TOKYOTECH_s05,162,80,164.66666666666666,0.1686192750930786,-0.9350316559298727
TOKYOTECH_s05,162,81,164.7,0.3251965343952179,-1.0901236094722027
TOKYOTECH_s05,162,82,164.73333333333332,0.5246046185493469,-1.189044627516965
TOKYOTECH_s05,162,83,164.76666666666668,0.4458351135253906,-1.1879825324538684
TOKYOTECH_s05,162,84,164.8,0.1632053107023239,-1.0517980007451893
TOKYOTECH_s05,162,85,164.83333333333334,-0.1731366217136383,-0.7697977756937847
TOKYOTECH_s05,162,86,164.86666666666667,-0.5225860476493835,-0.3644587840182998
TOKYOTECH_s05,162,87,164.9,-0.8632645010948181,0.11188945638427437
TOKYOTECH_s05,162,88,164.93333333333334,-1.0967947244644165,0.5907828540506496
TOKYOTECH_s05,162,89,164.96666666666667,-1.115592122077942,1.0048895954602806
TOKYOTECH_s05,162,90,165.0,-1.1146126985549927,1.3021102988816664
TOKYOTECH_s05,162,91,165.03333333333333,-1.1655733585357666,1.4534442585163623
TOKYOTECH_s05,162,92,165.06666666666666,-1.121638298034668,1.4547998206184865
TOKYOTECH_s05,162,93,165.1,-1.0416311025619507,1.3241565311903487
TOKYOTECH_s05,162,94,165.13333333333333,-1.1523056030273438,1.0952589413275646
TOKYOTECH_s05,162,95,165.16666666666666,-1.2508965730667114,0.8089893381082184
TOKYOTECH_s05,162,96,165.2,-0.47239118814468384,0.5045674948314983
TOKYOTECH_s05,162,97,165.23333333333332,1.5176290273666382,0.21329241391874829
TOKYOTECH_s05,162,98,165.26666666666668,2.6303303241729736,-0.043785859596428674
TOKYOTECH_s05,162,99,165.3,2.431990623474121,-0.255183736902373
TOKYOTECH_s05,162,100,165.33333333333334,1.9967639446258545,-0.4175861421659798
TOKYOTECH_s05,162,101,165.36666666666667,1.5620893239974976,-0.5353558390713368
TOKYOTECH_s05,162,102,165.4,1.1392933130264282,-0.6203135792967087
TOKYOTECH_s05,162,103,165.43333333333334,0.744617760181427,-0.6895140716674649
TOKYOTECH_s05,162,104,165.46666666666667,0.4640359878540039,-0.7595973012762812
TOKYOTECH_s05,162,105,165.5,0.41340482234954834,-0.839210977622717
TOKYOTECH_s05,162,106,165.53333333333333,0.5153172016143799,-0.9236741144585816
TOKYOTECH_s05,162,107,165.56666666666666,0.5813353657722473,-0.9955145185187978
TOKYOTECH_s05,162,108,165.6,0.409344345331192,-1.0303249272483959
TOKYOTECH_s05,162,109,165.63333333333333,0.09489865601062775,-1.0038397372205323
TOKYOTECH_s05,162,110,165.66666666666666,-0.2289680391550064,-0.8969994817522748
TOKYOTECH_s05,162,111,165.7,-0.4950176179409027,-0.6992177647318452
TOKYOTECH_s05,162,112,165.73333333333332,-0.7518777251243591,-0.4120219002744699
TOKYOTECH_s05,162,113,165.76666666666668,-0.9470204710960388,-0.0536333870459685
TOKYOTECH_s05,162,114,165.8,-1.0611587762832642,0.3387840489729013
TOKYOTECH_s05,162,115,165.83333333333334,-1.0956904888153076,0.7138557639347101
TOKYOTECH_s05,162,116,165.86666666666667,-1.047606110572815,1.018456585148125
TOKYOTECH_s05,162,117,165.9,-1.0295833349227905,1.213086579064819
TOKYOTECH_s05,162,118,165.93333333333334,-1.0905882120132446,1.2831167054625023
TOKYOTECH_s05,162,119,165.96666666666667,-1.174424409866333,1.2407628352685793
TOKYOTECH_s05,162,120,166.0,-1.2706201076507568,1.116949397059275
TOKYOTECH_s05,162,121,166.03333333333333,-1.3426132202148438,0.9471871250253567
TOKYOTECH_s05,162,122,166.06666666666666,-0.8478150963783264,0.75897140674616
TOKYOTECH_s05,162,123,166.1,1.0133386850357056,0.5669564682396089
TOKYOTECH_s05,162,124,166.13333333333333,2.442239761352539,0.37611680254651897
TOKYOTECH_s05,162,125,166.16666666666666,2.497955560684204,0.1876869426734324
TOKYOTECH_s05,162,126,166.2,2.0665221214294434,0.002743617668123992
TOKYOTECH_s05,162,127,166.23333333333332,1.562454342842102,-0.17771016160380546
TOKYOTECH_s05,162,128,166.26666666666668,1.070888638496399,-0.35380594558268563
TOKYOTECH_s05,162,129,166.3,0.6602651476860046,-0.5262765658199666
TOKYOTECH_s05,162,130,166.33333333333334,0.3829513192176819,-0.6940198284942234
TOKYOTECH_s05,162,131,166.36666666666667,0.3711884319782257,-0.8516346725594677
TOKYOTECH_s05,162,132,166.4,0.604006290435791,-0.9883472551114693
TOKYOTECH_s05,162,133,166.43333333333334,0.6831765174865723,-1.0880199291809922
TOKYOTECH_s05,162,134,166.46666666666667,0.4895029366016388,-1.1295137549076815
TOKYOTECH_s05,162,135,166.5,0.16416700184345245,-1.0882414138813807
TOKYOTECH_s05,162,136,166.53333333333333,-0.22277048230171204,-0.9416145502165818
TOKYOTECH_s05,162,137,166.56666666666666,-0.5697978734970093,-0.6797541248439275
TOKYOTECH_s05,162,138,166.6,-0.7839251160621643,-0.31745295445631905
TOKYOTECH_s05,162,139,166.63333333333333,-0.8833709359169006,0.10081567377968473
TOKYOTECH_s05,162,140,166.66666666666666,-0.9798871278762817,0.5088962901643299
TOKYOTECH_s05,162,141,166.7,-0.9936535358428955,0.8386482996039096
TOKYOTECH_s05,162,142,166.73333333333332,-0.9535118937492371,1.0425450610562061
TOKYOTECH_s05,162,143,166.76666666666668,-0.9927185773849487,1.1078924481946957
TOKYOTECH_s05,162,144,166.8,-0.9968324303627014,1.0559416807855466
TOKYOTECH_s05,162,145,166.83333333333334,-1.0523254871368408,0.9276624035448148
TOKYOTECH_s05,162,146,166.86666666666667,-1.261252522468567,0.764878722142785
TOKYOTECH_s05,162,147,166.9,-1.2720625400543213,0.596580040360045
TOKYOTECH_s05,162,148,166.93333333333334,-0.5783461928367615,0.4351027673506091
TOKYOTECH_s05,162,149,166.96666666666667,1.1995235681533813,0.280263502321834
TOKYOTECH_s05,162,150,167.0,2.2963123321533203,0.12643073008105554
TOKYOTECH_s05,162,151,167.03333333333333,2.1055150032043457,-0.031537192568686215
TOKYOTECH_s05,162,152,167.06666666666666,1.5499435663223267,-0.19494938722984714
TOKYOTECH_s05,162,153,167.1,1.0542906522750854,-0.3602377353693826
TOKYOTECH_s05,162,154,167.13333333333333,0.5434109568595886,-0.5199256096414999
TOKYOTECH_s05,162,155,167.16666666666666,0.10459569096565247,-0.6654400550316695
TOKYOTECH_s05,162,156,167.2,-0.06337937712669373,-0.7903190703213908
TOKYOTECH_s05,162,157,167.23333333333332,0.09793510288000107,-0.8910386735433906
TOKYOTECH_s05,162,158,167.26666666666668,0.3464427590370178,-0.963466009824075
TOKYOTECH_s05,162,159,167.3,0.39697596430778503,-0.9963472793739021
TOKYOTECH_s05,162,160,167.33333333333334,0.21260765194892883,-0.9673174372688766
TOKYOTECH_s05,162,161,167.36666666666667,-0.18253090977668762,-0.8474803867997297
TOKYOTECH_s05,162,162,167.4,-0.6147212386131287,-0.615429360732748
TOKYOTECH_s05,162,163,167.43333333333334,-0.8263017535209656,-0.27395845771467986
TOKYOTECH_s05,162,164,167.46666666666667,-1.0253002643585205,0.14145305831295185
TOKYOTECH_s05,162,165,167.5,-1.1813966035842896,0.5696008725793077
TOKYOTECH_s05,162,166,167.53333333333333,-1.208288311958313,0.942860039534787
TOKYOTECH_s05,162,167,167.56666666666666,-1.224245309829712,1.2077905143871934
TOKYOTECH_s05,162,168,167.6,-1.1690549850463867,1.3374778824752533
TOKYOTECH_s05,162,169,167.63333333333333,-1.1562858819961548,1.3331339388742487
TOKYOTECH_s05,162,170,167.66666666666666,-1.167817234992981,1.217873885085646
TOKYOTECH_s05,162,171,167.7,-1.2288399934768677,1.0270464505126065
TOKYOTECH_s05,162,172,167.73333333333332,-1.3769044876098633,0.7984127410840004
TOKYOTECH_s05,162,173,167.76666666666668,-0.8936289548873901,0.5639117522159656
TOKYOTECH_s05,162,174,167.8,0.9397160410881042,0.34407515050749193
TOKYOTECH_s05,162,175,167.83333333333334,2.4372265338897705,0.14608328793746633
TOKYOTECH_s05,162,176,167.86666666666667,2.451892375946045,-0.03402040219349942
TOKYOTECH_s05,162,177,167.9,1.969551682472229,-0.20581967817475408
TOKYOTECH_s05,162,178,167.93333333333334,1.4387348890304565,-0.3783230671393421
TOKYOTECH_s05,162,179,167.96666666666667,0.9604012370109558,-0.556096051807389
TOKYOTECH_s05,162,180,168.0,0.563535213470459,-0.7388895024666001
TOKYOTECH_s05,162,181,168.03333333333333,0.21689073741436005,-0.9230979684503053
TOKYOTECH_s05,162,182,168.06666666666666,0.17348113656044006,-1.1019009865063705
TOKYOTECH_s05,162,183,168.1,0.4637332260608673,-1.2623631960314239
TOKYOTECH_s05,162,184,168.13333333333333,0.5063770413398743,-1.381490207898011
TOKYOTECH_s05,162,185,168.16666666666666,0.2829534411430359,-1.4259192109050323
TOKYOTECH_s05,162,186,168.2,0.03132030740380287,-1.3587306968827453
TOKYOTECH_s05,162,187,168.23333333333332,-0.2805875837802887,-1.1525519219325904
TOKYOTECH_s05,162,188,168.26666666666668,-0.6758864521980286,-0.8036366956878974
TOKYOTECH_s05,162,189,168.3,-0.9318649768829346,-0.3398874745382616
TOKYOTECH_s05,162,190,168.33333333333334,-1.0106077194213867,0.1818760356267757
TOKYOTECH_s05,162,191,168.36666666666667,-1.133027195930481,0.6891317080890885
TOKYOTECH_s05,162,192,168.4,-1.1702570915222168,1.1123336310662857
TOKYOTECH_s05,162,193,168.43333333333334,-1.1544604301452637,1.4019986039813
TOKYOTECH_s05,162,194,168.46666666666667,-1.197656273841858,1.5386265105779653
TOKYOTECH_s05,162,195,168.5,-1.167639136314392,1.5332413930541746
TOKYOTECH_s05,162,196,168.53333333333333,-1.2187511920928955,1.4194559540670029
TOKYOTECH_s05,162,197,168.56666666666666,-1.292222499847412,1.2402204361376556
TOKYOTECH_s05,162,198,168.6,-1.3836719989776611,1.0338876216376436
TOKYOTECH_s05,162,199,168.63333333333333,-1.0141695737838745,0.8245640038963774
TOKYOTECH_s05,162,200,168.66666666666666,0.8016423583030701,0.6203148129701754
TOKYOTECH_s05,162,201,168.7,2.4249651432037354,0.41920732582562503
TOKYOTECH_s05,162,202,168.73333333333332,2.5164947509765625,0.21860287018616886
TOKYOTECH_s05,162,203,168.76666666666668,2.04767107963562,0.02120442328101158
TOKYOTECH_s05,162,204,168.8,1.6003164052963257,-0.16562465246173624
TOKYOTECH_s05,162,205,168.83333333333334,1.078395128250122,-0.33544594123613486
TOKYOTECH_s05,162,206,168.86666666666667,0.5461268424987793,-0.48804305125993314
TOKYOTECH_s05,162,207,168.9,0.1789129078388214,-0.6298517711522746
TOKYOTECH_s05,162,208,168.93333333333334,0.1979507952928543,-0.7687948712953692
TOKYOTECH_s05,162,209,168.96666666666667,0.37927374243736267,-0.9068130089227171
TOKYOTECH_s05,162,210,169.0,0.4373134970664978,-1.0346750043354311
TOKYOTECH_s05,162,211,169.03333333333333,0.31602486968040466,-1.131867640330199
TOKYOTECH_s05,162,212,169.06666666666666,0.07279761135578156,-1.171259566882816
TOKYOTECH_s05,162,213,169.1,-0.2838466465473175,-1.1264310786463347
TOKYOTECH_s05,162,214,169.13333333333333,-0.6847642660140991,-0.98010228748791
TOKYOTECH_s05,162,215,169.16666666666666,-0.9725853800773621,-0.7326794727406404
TOKYOTECH_s05,162,216,169.2,-1.0283812284469604,-0.40851842328003835
TOKYOTECH_s05,162,217,169.23333333333332,-1.1299641132354736,-0.05570029844075958
TOKYOTECH_s05,162,218,169.26666666666668,-1.1604976654052734,0.2641194681288644
TOKYOTECH_s05,162,219,169.3,-1.2318052053451538,0.49465078419990577
TOKYOTECH_s05,162,220,169.33333333333334,-1.2014763355255127,0.6051333967925461
TOKYOTECH_s05,162,221,169.36666666666667,-1.1648342609405518,0.6012755746910166
TOKYOTECH_s05,162,222,169.4,-1.1673452854156494,0.5207774203666697
TOKYOTECH_s05,162,223,169.43333333333334,-1.2229896783828735,0.4158379668306331
TOKYOTECH_s05,162,224,169.46666666666667,-1.3920066356658936,0.3320512746374329
TOKYOTECH_s05,162,225,169.5,-1.3041455745697021,0.2940244379894232
TOKYOTECH_s05,162,226,169.53333333333333,-0.10457173734903336,0.30250871277473945
TOKYOTECH_s05,162,227,169.56666666666666,1.8361084461212158,0.34072221096914773
TOKYOTECH_s05,162,228,169.6,2.4951417446136475,0.3841197797245307
TOKYOTECH_s05,162,229,169.63333333333333,2.1125407218933105,0.4088235293773776
TOKYOTECH_s05,162,230,169.66666666666666,1.56734299659729,0.39696448795995465
TOKYOTECH_s05,162,231,169.7,1.0524206161499023,0.33969560295865675
TOKYOTECH_s05,162,232,169.73333333333332,0.47976139187812805,0.23908382671548647
TOKYOTECH_s05,162,233,169.76666666666668,-0.019355377182364464,0.10886416576290436
TOKYOTECH_s05,162,234,169.8,-0.00314022577367723,-0.027285088596201455
TOKYOTECH_s05,162,235,169.83333333333334,0.3759167492389679,-0.14114412839530996
TOKYOTECH_s05,162,236,169.86666666666667,0.5399115085601807,-0.2082700629595116
TOKYOTECH_s05,162,237,169.9,0.4431370496749878,-0.21628284567296527
TOKYOTECH_s05,162,238,169.93333333333334,0.1936677098274231,-0.1695945115981482
TOKYOTECH_s05,162,239,169.96666666666667,-0.26494234800338745,-0.08840436655397627
TOKYOTECH_s05,163,0,163.0,1.2896106243133545,-0.04541310667975844
TOKYOTECH_s05,163,1,163.03333333333333,0.7062035799026489,-1.5611397865715977
TOKYOTECH_s05,163,2,163.06666666666666,0.1586194783449173,-2.853025612708104
TOKYOTECH_s05,163,3,163.1,-0.034181419759988785,-3.748872206387804
TOKYOTECH_s05,163,4,163.13333333333333,0.2216012328863144,-4.163286821913257
TOKYOTECH_s05,163,5,163.16666666666666,0.6045851111412048,-4.110156338771008
TOKYOTECH_s05,163,6,163.2,0.6312808990478516,-3.6861497229784743
TOKYOTECH_s05,163,7,163.23333333333332,0.32332658767700195,-3.0340260763069598
TOKYOTECH_s05,163,8,163.26666666666668,-0.0793452039361,-2.299962744077916
TOKYOTECH_s05,163,9,163.3,-0.43063783645629883,-1.5977579761163798
TOKYOTECH_s05,163,10,163.33333333333334,-0.6705437302589417,-0.989799500741521
TOKYOTECH_s05,163,11,163.36666666666667,-0.8553038239479065,-0.4890948729425143
TOKYOTECH_s05,163,12,163.4,-1.025950312614441,-0.07755204161886645
TOKYOTECH_s05,163,13,163.43333333333334,-1.0851119756698608,0.271033190880922
TOKYOTECH_s05,163,14,163.46666666666667,-0.9955234527587891,0.5738927361168036
TOKYOTECH_s05,163,15,163.5,-0.9950693249702454,0.8327365696008905
TOKYOTECH_s05,163,16,163.53333333333333,-1.1238466501235962,1.036728487159422
TOKYOTECH_s05,163,17,163.56666666666666,-1.1207923889160156,1.1707738970614745
TOKYOTECH_s05,163,18,163.6,-0.8608068227767944,1.2240642879449786
TOKYOTECH_s05,163,19,163.63333333333333,0.37645992636680603,1.1950993899630096
TOKYOTECH_s05,163,20,163.66666666666666,1.8553600311279297,1.0920121449091353
TOKYOTECH_s05,163,21,163.7,2.1096110343933105,0.9292869151018999
TOKYOTECH_s05,163,22,163.73333333333332,1.6489708423614502,0.7228480055191346
TOKYOTECH_s05,163,23,163.76666666666668,1.1333361864089966,0.4857897337582684
TOKYOTECH_s05,163,24,163.8,0.5039371848106384,0.22735931499374404
TOKYOTECH_s05,163,25,163.83333333333334,-0.12603165209293365,-0.04314587935573366
TOKYOTECH_s05,163,26,163.86666666666667,-0.4625338912010193,-0.3090357818080729
TOKYOTECH_s05,163,27,163.9,-0.1881585717201233,-0.5403400211982904
TOKYOTECH_s05,163,28,163.93333333333334,0.2782607674598694,-0.6951391042041736
TOKYOTECH_s05,163,29,163.96666666666667,0.40504348278045654,-0.7306024404605485
TOKYOTECH_s05,163,30,164.0,0.17939375340938568,-0.6199875378818872
TOKYOTECH_s05,163,31,164.03333333333333,-0.12789270281791687,-0.3670475055672343
TOKYOTECH_s05,163,32,164.06666666666666,-0.4368354082107544,-0.009805373497209753
TOKYOTECH_s05,163,33,164.1,-0.7514681220054626,0.3887169496079145
TOKYOTECH_s05,163,34,164.13333333333333,-1.0578463077545166,0.7580781372744453
TOKYOTECH_s05,163,35,164.16666666666666,-1.2141653299331665,1.0379635536624479
TOKYOTECH_s05,163,36,164.2,-1.2057327032089233,1.1896773275111194
TOKYOTECH_s05,163,37,164.23333333333332,-1.2378336191177368,1.200391416425167
TOKYOTECH_s05,163,38,164.26666666666668,-1.2889010906219482,1.0817741329191166
TOKYOTECH_s05,163,39,164.3,-1.255286455154419,0.8647491418330205
TOKYOTECH_s05,163,40,164.33333333333334,-1.181530237197876,0.5913546722041858
TOKYOTECH_s05,163,41,164.36666666666667,-0.8999155163764954,0.3047486440263103
TOKYOTECH_s05,163,42,164.4,0.5909968018531799,0.03969394106534058
TOKYOTECH_s05,163,43,164.43333333333334,2.2311935424804688,-0.1834374508596938
TOKYOTECH_s05,163,44,164.46666666666667,2.504598379135132,-0.359529208898893
TOKYOTECH_s05,163,45,164.5,2.135763645172119,-0.4953545367218613
TOKYOTECH_s05,163,46,164.53333333333333,1.6999136209487915,-0.60445828880079
TOKYOTECH_s05,163,47,164.56666666666666,1.1970213651657104,-0.7024314777691302
TOKYOTECH_s05,163,48,164.6,0.7046096920967102,-0.8029429082337363
TOKYOTECH_s05,163,49,164.63333333333333,0.2893112897872925,-0.9134400129418626
TOKYOTECH_s05,163,50,164.66666666666666,0.1686192750930786,-1.0298835725668016
TOKYOTECH_s05,163,51,164.7,0.3251965343952179,-1.1322026749806733
TOKYOTECH_s05,163,52,164.73333333333332,0.5246046185493469,-1.1845321910893527
TOKYOTECH_s05,163,53,164.76666666666668,0.4458351135253906,-1.143716732557199
TOKYOTECH_s05,163,54,164.8,0.1632053107023239,-0.9749736078548554
TOKYOTECH_s05,163,55,164.83333333333334,-0.1731366217136383,-0.6683255097776375
TOKYOTECH_s05,163,56,164.86666666666667,-0.5225860476493835,-0.24771492475852785
TOKYOTECH_s05,163,57,164.9,-0.8632645010948181,0.23205069622836189
TOKYOTECH_s05,163,58,164.93333333333334,-1.0967947244644165,0.6991414884877826
TOKYOTECH_s05,163,59,164.96666666666667,-1.115592122077942,1.0831331988894801
TOKYOTECH_s05,163,60,165.0,-1.1146126985549927,1.3314474863875814
TOKYOTECH_s05,163,61,165.03333333333333,-1.1655733585357666,1.4197165080231
TOKYOTECH_s05,163,62,165.06666666666666,-1.121638298034668,1.3543915460094262
TOKYOTECH_s05,163,63,165.1,-1.0416311025619507,1.1676470334307332
TOKYOTECH_s05,163,64,165.13333333333333,-1.1523056030273438,0.906313118193082
TOKYOTECH_s05,163,65,165.16666666666666,-1.2508965730667114,0.6183534458217256
TOKYOTECH_s05,163,66,165.2,-0.47239118814468384,0.34161520777047893
TOKYOTECH_s05,163,67,165.23333333333332,1.5176290273666382,0.09879837664301394
TOKYOTECH_s05,163,68,165.26666666666668,2.6303303241729736,-0.10066257981387364
TOKYOTECH_s05,163,69,165.3,2.431990623474121,-0.2549769103953027
TOKYOTECH_s05,163,70,165.33333333333334,1.9967639446258545,-0.3656095805319459
TOKYOTECH_s05,163,71,165.36666666666667,1.5620893239974976,-0.43724035209263673
TOKYOTECH_s05,163,72,165.4,1.1392933130264282,-0.48059399041718875
TOKYOTECH_s05,163,73,165.43333333333334,0.744617760181427,-0.5133223996684685
TOKYOTECH_s05,163,74,165.46666666666667,0.4640359878540039,-0.55530086733555
TOKYOTECH_s05,163,75,165.5,0.41340482234954834,-0.619486482454626
TOKYOTECH_s05,163,76,165.53333333333333,0.5153172016143799,-0.7040266024347103
TOKYOTECH_s05,163,77,165.56666666666666,0.5813353657722473,-0.7912534467101902
TOKYOTECH_s05,163,78,165.6,0.409344345331192,-0.8538433518367795
TOKYOTECH_s05,163,79,165.63333333333333,0.09489865601062775,-0.8633743301124082
TOKYOTECH_s05,163,80,165.66666666666666,-0.2289680391550064,-0.7969043626059937
TOKYOTECH_s05,163,81,165.7,-0.4950176179409027,-0.6410416482926533
TOKYOTECH_s05,163,82,165.73333333333332,-0.7518777251243591,-0.3954693825709034
TOKYOTECH_s05,163,83,165.76666666666668,-0.9470204710960388,-0.07674115111649915
TOKYOTECH_s05,163,84,165.8,-1.0611587762832642,0.280302454003969
TOKYOTECH_s05,163,85,165.83333333333334,-1.0956904888153076,0.6274756845528
TOKYOTECH_s05,163,86,165.86666666666667,-1.047606110572815,0.9150310684604854
TOKYOTECH_s05,163,87,165.9,-1.0295833349227905,1.1057104251961227
TOKYOTECH_s05,163,88,165.93333333333334,-1.0905882120132446,1.1845315021250529
TOKYOTECH_s05,163,89,165.96666666666667,-1.174424409866333,1.1598307837893784
TOKYOTECH_s05,163,90,166.0,-1.2706201076507568,1.0554824574966684
TOKYOTECH_s05,163,91,166.03333333333333,-1.3426132202148438,0.8988151114802054
TOKYOTECH_s05,163,92,166.06666666666666,-0.8478150963783264,0.7111608736429035
TOKYOTECH_s05,163,93,166.1,1.0133386850357056,0.5059037361757233
TOKYOTECH_s05,163,94,166.13333333333333,2.442239761352539,0.29289446983875683
TOKYOTECH_s05,163,95,166.16666666666666,2.497955560684204,0.08329262527228609
TOKYOTECH_s05,163,96,166.2,2.0665221214294434,-0.11031258238480345
TOKYOTECH_s05,163,97,166.23333333333332,1.562454342842102,-0.27861180640725414
TOKYOTECH_s05,163,98,166.26666666666668,1.070888638496399,-0.420507487094323
TOKYOTECH_s05,163,99,166.3,0.6602651476860046,-0.543268225256701
TOKYOTECH_s05,163,100,166.33333333333334,0.3829513192176819,-0.6572606363374899
TOKYOTECH_s05,163,101,166.36666666666667,0.3711884319782257,-0.7689702196865158
TOKYOTECH_s05,163,102,166.4,0.604006290435791,-0.8760802042306971
TOKYOTECH_s05,163,103,166.43333333333334,0.6831765174865723,-0.9656530625986554
TOKYOTECH_s05,163,104,166.46666666666667,0.4895029366016388,-1.014716690442949
TOKYOTECH_s05,163,105,166.5,0.16416700184345245,-0.993346953037386
TOKYOTECH_s05,163,106,166.53333333333333,-0.22277048230171204,-0.872176987607272
TOKYOTECH_s05,163,107,166.56666666666666,-0.5697978734970093,-0.6351563229235438
TOKYOTECH_s05,163,108,166.6,-0.7839251160621643,-0.29303053160488396
TOKYOTECH_s05,163,109,166.63333333333333,-0.8833709359169006,0.11109931090775663
TOKYOTECH_s05,163,110,166.66666666666666,-0.9798871278762817,0.5101892739463093
TOKYOTECH_s05,163,111,166.7,-0.9936535358428955,0.833914689403006
TOKYOTECH_s05,163,112,166.73333333333332,-0.9535118937492371,1.0323678410583563
TOKYOTECH_s05,163,113,166.76666666666668,-0.9927185773849487,1.0912382538610443
TOKYOTECH_s05,163,114,166.8,-0.9968324303627014,1.0314536962722336
TOKYOTECH_s05,163,115,166.83333333333334,-1.0523254871368408,0.8947727830550356
TOKYOTECH_s05,163,116,166.86666666666667,-1.261252522468567,0.7241036822747591
TOKYOTECH_s05,163,117,166.9,-1.2720625400543213,0.5489158877563417
TOKYOTECH_s05,163,118,166.93333333333334,-0.5783461928367615,0.38118823441295946
TOKYOTECH_s05,163,119,166.96666666666667,1.1995235681533813,0.22029510149193265
TOKYOTECH_s05,163,120,167.0,2.2963123321533203,0.06125255619031908
TOKYOTECH_s05,163,121,167.03333333333333,2.1055150032043457,-0.09882750468970641
TOKYOTECH_s05,163,122,167.06666666666666,1.5499435663223267,-0.25815738343173555
TOKYOTECH_s05,163,123,167.1,1.0542906522750854,-0.4109140299121692
TOKYOTECH_s05,163,124,167.13333333333333,0.5434109568595886,-0.5497917511807018
TOKYOTECH_s05,163,125,167.16666666666666,0.10459569096565247,-0.6692874969690515
TOKYOTECH_s05,163,126,167.2,-0.06337937712669373,-0.7678880905650741
TOKYOTECH_s05,163,127,167.23333333333332,0.09793510288000107,-0.8469089521406252
TOKYOTECH_s05,163,128,167.26666666666668,0.3464427590370178,-0.9051766201684055
TOKYOTECH_s05,163,129,167.3,0.39697596430778503,-0.9319923769868955
TOKYOTECH_s05,163,130,167.33333333333334,0.21260765194892883,-0.9038886470364759
TOKYOTECH_s05,163,131,167.36666666666667,-0.18253090977668762,-0.7903121739003366
TOKYOTECH_s05,163,132,167.4,-0.6147212386131287,-0.5681801605184537
TOKYOTECH_s05,163,133,167.43333333333334,-0.8263017535209656,-0.23841499065725832
TOKYOTECH_s05,163,134,167.46666666666667,-1.0253002643585205,0.16581235482235673
TOKYOTECH_s05,163,135,167.5,-1.1813966035842896,0.5856583345043631
TOKYOTECH_s05,163,136,167.53333333333333,-1.208288311958313,0.9550162895646412
TOKYOTECH_s05,163,137,167.56666666666666,-1.224245309829712,1.220491329443789
TOKYOTECH_s05,163,138,167.6,-1.1690549850463867,1.353850095489173
TOKYOTECH_s05,163,139,167.63333333333333,-1.1562858819961548,1.354201053454781
TOKYOTECH_s05,163,140,167.66666666666666,-1.167817234992981,1.2422677800994972
TOKYOTECH_s05,163,141,167.7,-1.2288399934768677,1.0509355581138495
TOKYOTECH_s05,163,142,167.73333333333332,-1.3769044876098633,0.8157349987369154
TOKYOTECH_s05,163,143,167.76666666666668,-0.8936289548873901,0.5674350480453851
TOKYOTECH_s05,163,144,167.8,0.9397160410881042,0.32757511692203733
TOKYOTECH_s05,163,145,167.83333333333334,2.4372265338897705,0.10706158245708508
TOKYOTECH_s05,163,146,167.86666666666667,2.451892375946045,-0.0923424281315214
TOKYOTECH_s05,163,147,167.9,1.969551682472229,-0.2744065744611296
TOKYOTECH_s05,163,148,167.93333333333334,1.4387348890304565,-0.44449734448970485
TOKYOTECH_s05,163,149,167.96666666666667,0.9604012370109558,-0.6072779546889152
TOKYOTECH_s05,163,150,168.0,0.563535213470459,-0.7664311683266695
TOKYOTECH_s05,163,151,168.03333333333333,0.21689073741436005,-0.9246616169787014
TOKYOTECH_s05,163,152,168.06666666666666,0.17348113656044006,-1.0815275743984605
TOKYOTECH_s05,163,153,168.1,0.4637332260608673,-1.2285107895582936
TOKYOTECH_s05,163,154,168.13333333333333,0.5063770413398743,-1.344256928400486
TOKYOTECH_s05,163,155,168.16666666666666,0.2829534411430359,-1.394772012779069
TOKYOTECH_s05,163,156,168.2,0.03132030740380287,-1.3411899147008082
TOKYOTECH_s05,163,157,168.23333333333332,-0.2805875837802887,-1.153249111525704
TOKYOTECH_s05,163,158,168.26666666666668,-0.6758864521980286,-0.8231271357291519
TOKYOTECH_s05,163,159,168.3,-0.9318649768829346,-0.37356930706689123
TOKYOTECH_s05,163,160,168.33333333333334,-1.0106077194213867,0.14357836381399583
TOKYOTECH_s05,163,161,168.36666666666667,-1.133027195930481,0.6584410512459984
TOKYOTECH_s05,163,162,168.4,-1.1702570915222168,1.1000287730001461
TOKYOTECH_s05,163,163,168.43333333333334,-1.1544604301452637,1.413233261508082
TOKYOTECH_s05,163,164,168.46666666666667,-1.197656273841858,1.5706251439967556
TOKYOTECH_s05,163,165,168.5,-1.167639136314392,1.5759289067271371
TOKYOTECH_s05,163,166,168.53333333333333,-1.2187511920928955,1.458696734621129
TOKYOTECH_s05,163,167,168.56666666666666,-1.292222499847412,1.2622987515555737
TOKYOTECH_s05,163,168,168.6,-1.3836719989776611,1.0295479630070976
TOKYOTECH_s05,163,169,168.63333333333333,-1.0141695737838745,0.7913327778356208
TOKYOTECH_s05,163,170,168.66666666666666,0.8016423583030701,0.5626387005477009
TOKYOTECH_s05,163,171,168.7,2.4249651432037354,0.34672608917430303
TOKYOTECH_s05,163,172,168.73333333333332,2.5164947509765625,0.14328600317311768
TOKYOTECH_s05,163,173,168.76666666666668,2.04767107963562,-0.04586569330835535
TOKYOTECH_s05,163,174,168.8,1.6003164052963257,-0.21707760923338992
TOKYOTECH_s05,163,175,168.83333333333334,1.078395128250122,-0.36930472350686766
TOKYOTECH_s05,163,176,168.86666666666667,0.5461268424987793,-0.5076095784882432
TOKYOTECH_s05,163,177,168.9,0.1789129078388214,-0.6416185693457778
TOKYOTECH_s05,163,178,168.93333333333334,0.1979507952928543,-0.7791034345363471
TOKYOTECH_s05,163,179,168.96666666666667,0.37927374243736267,-0.9187547996778372
TOKYOTECH_s05,163,180,169.0,0.4373134970664978,-1.0466124719658976
TOKYOTECH_s05,163,181,169.03333333333333,0.31602486968040466,-1.1379274776414425
TOKYOTECH_s05,163,182,169.06666666666666,0.07279761135578156,-1.1630438413285467
TOKYOTECH_s05,163,183,169.1,-0.2838466465473175,-1.0948028255646258
TOKYOTECH_s05,163,184,169.13333333333333,-0.6847642660140991,-0.9164072524236618
TOKYOTECH_s05,163,185,169.16666666666666,-0.9725853800773621,-0.6296194382759586
TOKYOTECH_s05,163,186,169.2,-1.0283812284469604,-0.2612755611400189
TOKYOTECH_s05,163,187,169.23333333333332,-1.1299641132354736,0.13644672777879535
TOKYOTECH_s05,163,188,169.26666666666668,-1.1604976654052734,0.49612168233511605
TOKYOTECH_s05,163,189,169.3,-1.2318052053451538,0.7548176513665715
TOKYOTECH_s05,163,190,169.33333333333334,-1.2014763355255127,0.8758093277036737
TOKYOTECH_s05,163,191,169.36666666666667,-1.1648342609405518,0.861232915032084
TOKYOTECH_s05,163,192,169.4,-1.1673452854156494,0.7487923774709809
TOKYOTECH_s05,163,193,169.43333333333334,-1.2229896783828735,0.5943957992254459
TOKYOTECH_s05,163,194,169.46666666666667,-1.3920066356658936,0.44997296380538976
TOKYOTECH_s05,163,195,169.5,-1.3041455745697021,0.3471844841528508
TOKYOTECH_s05,163,196,169.53333333333333,-0.10457173734903336,0.2927007575426438
TOKYOTECH_s05,163,197,169.56666666666666,1.8361084461212158,0.27354471525283364
TOKYOTECH_s05,163,198,169.6,2.4951417446136475,0.26675731969400784
TOKYOTECH_s05,163,199,169.63333333333333,2.1125407218933105,0.24791405788743287
TOKYOTECH_s05,163,200,169.66666666666666,1.56734299659729,0.19626103978686155
TOKYOTECH_s05,163,201,169.7,1.0524206161499023,0.09743527231490784
TOKYOTECH_s05,163,202,169.73333333333332,0.47976139187812805,-0.05440416747635461
TOKYOTECH_s05,163,203,169.76666666666668,-0.019355377182364464,-0.2544258826617231
TOKYOTECH_s05,163,204,169.8,-0.00314022577367723,-0.48590387718372846
TOKYOTECH_s05,163,205,169.83333333333334,0.3759167492389679,-0.7211485365051451
TOKYOTECH_s05,163,206,169.86666666666667,0.5399115085601807,-0.9246272587740986
TOKYOTECH_s05,163,207,169.9,0.4431370496749878,-1.057563684639985
TOKYOTECH_s05,163,208,169.93333333333334,0.1936677098274231,-1.084173575718894
TOKYOTECH_s05,163,209,169.96666666666667,-0.26494234800338745,-0.9801332038549764
TOKYOTECH_s05,163,210,170.0,-0.6110614538192749,-0.7419507565498367
TOKYOTECH_s05,163,211,170.03333333333333,-0.8323301672935486,-0.3931274111586081
TOKYOTECH_s05,163,212,170.06666666666666,-0.9946063160896301,0.017721833806933377
TOKYOTECH_s05,163,213,170.1,-1.1390289068222046,0.42860819881883067
TOKYOTECH_s05,163,214,170.13333333333333,-1.1724565029144287,0.7819079392408186
TOKYOTECH_s05,163,215,170.16666666666666,-1.184691309928894,1.0400573673630538
TOKYOTECH_s05,163,216,170.2,-1.1349416971206665,1.1920492103465519
TOKYOTECH_s05,163,217,170.23333333333332,-1.194424033164978,1.2489033235116689
TOKYOTECH_s05,163,218,170.26666666666668,-1.2539775371551514,1.232458239067067
TOKYOTECH_s05,163,219,170.3,-1.2101404666900635,1.1645956561585185
TOKYOTECH_s05,163,220,170.33333333333334,-0.3506929576396942,1.0616019932717806
TOKYOTECH_s05,163,221,170.36666666666667,1.5058305263519287,0.9337093969737644
TOKYOTECH_s05,163,222,170.4,2.398064374923706,0.7869789891791014
TOKYOTECH_s05,163,223,170.43333333333334,2.1021134853363037,0.6248370121703036
TOKYOTECH_s05,163,224,170.46666666666667,1.5364710092544556,0.44857606642594267
TOKYOTECH_s05,163,225,170.5,1.002038836479187,0.25772614898697066
TOKYOTECH_s05,163,226,170.53333333333333,0.4328345060348511,0.05097588455653052
TOKYOTECH_s05,163,227,170.56666666666666,-0.0555344857275486,-0.17273973762919037
TOKYOTECH_s05,163,228,170.6,-0.22577130794525146,-0.41359983757127783
TOKYOTECH_s05,163,229,170.63333333333333,0.041533805429935455,-0.6703192282908406
TOKYOTECH_s05,163,230,170.66666666666666,0.3461310863494873,-0.9381019940092048
TOKYOTECH_s05,163,231,170.7,0.3584015369415283,-1.2044596045720448
TOKYOTECH_s05,163,232,170.73333333333332,0.15541385114192963,-1.4453719980708615
TOKYOTECH_s05,163,233,170.76666666666668,-0.27693673968315125,-1.625978256333025
TOKYOTECH_s05,163,234,170.8,-0.5832526087760925,-1.707451766594271
TOKYOTECH_s05,163,235,170.83333333333334,-0.940039336681366,-1.6576545847386608
TOKYOTECH_s05,163,236,170.86666666666667,-1.1529110670089722,-1.4613930592680373
TOKYOTECH_s05,163,237,170.9,-1.2777258157730103,-1.1267011910599063
TOKYOTECH_s05,163,238,170.93333333333334,-1.314937949180603,-0.6851287819067965
TOKYOTECH_s05,163,239,170.96666666666667,-1.329300880432129,-0.18630293135212905
TOKYOTECH_s05,164,0,164.0,0.17939375340938568,0.06623058271448269
TOKYOTECH_s05,164,1,164.03333333333333,-0.12789270281791687,-0.9212657954554561
TOKYOTECH_s05,164,2,164.06666666666666,-0.4368354082107544,-1.7299241726422838
TOKYOTECH_s05,164,3,164.1,-0.7514681220054626,-2.2307976096210984
TOKYOTECH_s05,164,4,164.13333333333333,-1.0578463077545166,-2.378636337174856
TOKYOTECH_s05,164,5,164.16666666666666,-1.2141653299331665,-2.2179214119987383
TOKYOTECH_s05,164,6,164.2,-1.2057327032089233,-1.858422869714347
TOKYOTECH_s05,164,7,164.23333333333332,-1.2378336191177368,-1.432416018339403
TOKYOTECH_s05,164,8,164.26666666666668,-1.2889010906219482,-1.051993835856827
TOKYOTECH_s05,164,9,164.3,-1.255286455154419,-0.7814908251031952
TOKYOTECH_s05,164,10,164.33333333333334,-1.181530237197876,-0.6316446040214151
TOKYOTECH_s05,164,11,164.36666666666667,-0.8999155163764954,-0.5728878052696049
TOKYOTECH_s05,164,12,164.4,0.5909968018531799,-0.5583232343240527
TOKYOTECH_s05,164,13,164.43333333333334,2.2311935424804688,-0.5451922429847407
TOKYOTECH_s05,164,14,164.46666666666667,2.504598379135132,-0.5074163234077235
TOKYOTECH_s05,164,15,164.5,2.135763645172119,-0.43810011121580883
TOKYOTECH_s05,164,16,164.53333333333333,1.6999136209487915,-0.3457057431829986
TOKYOTECH_s05,164,17,164.56666666666666,1.1970213651657104,-0.24846991473837024
TOKYOTECH_s05,164,18,164.6,0.7046096920967102,-0.1688921289954687
TOKYOTECH_s05,164,19,164.63333333333333,0.2893112897872925,-0.12716323523580314
TOKYOTECH_s05,164,20,164.66666666666666,0.1686192750930786,-0.13247924524344346
TOKYOTECH_s05,164,21,164.7,0.3251965343952179,-0.17434779349336849
TOKYOTECH_s05,164,22,164.73333333333332,0.5246046185493469,-0.2194248966558423
TOKYOTECH_s05,164,23,164.76666666666668,0.4458351135253906,-0.218960642212906
TOKYOTECH_s05,164,24,164.8,0.1632053107023239,-0.12614710721799105
TOKYOTECH_s05,164,25,164.83333333333334,-0.1731366217136383,0.08412335487981142
TOKYOTECH_s05,164,26,164.86666666666667,-0.5225860476493835,0.40286719481966277
TOKYOTECH_s05,164,27,164.9,-0.8632645010948181,0.787993056343482
TOKYOTECH_s05,164,28,164.93333333333334,-1.0967947244644165,1.1773411375448248
TOKYOTECH_s05,164,29,164.96666666666667,-1.115592122077942,1.5067783917067494
TOKYOTECH_s05,164,30,165.0,-1.1146126985549927,1.72592359601763
TOKYOTECH_s05,164,31,165.03333333333333,-1.1655733585357666,1.8073174462712218
TOKYOTECH_s05,164,32,165.06666666666666,-1.121638298034668,1.7482730081124334
TOKYOTECH_s05,164,33,165.1,-1.0416311025619507,1.566749450098418
TOKYOTECH_s05,164,34,165.13333333333333,-1.1523056030273438,1.2935201381134644
TOKYOTECH_s05,164,35,165.16666666666666,-1.2508965730667114,0.9633092072591685
TOKYOTECH_s05,164,36,165.2,-0.47239118814468384,0.6077520420108459
TOKYOTECH_s05,164,37,165.23333333333332,1.5176290273666382,0.2523251852296058
TOKYOTECH_s05,164,38,165.26666666666668,2.6303303241729736,-0.08267185619878012
TOKYOTECH_s05,164,39,165.3,2.431990623474121,-0.3794943557711169
TOKYOTECH_s05,164,40,165.33333333333334,1.9967639446258545,-0.6223112143789188
TOKYOTECH_s05,164,41,165.36666666666667,1.5620893239974976,-0.8005511796419207
TOKYOTECH_s05,164,42,165.4,1.1392933130264282,-0.9142589685879648
TOKYOTECH_s05,164,43,165.43333333333334,0.744617760181427,-0.9766595252894658
TOKYOTECH_s05,164,44,165.46666666666667,0.4640359878540039,-1.0104154011686155
TOKYOTECH_s05,164,45,165.5,0.41340482234954834,-1.038365108268151
TOKYOTECH_s05,164,46,165.53333333333333,0.5153172016143799,-1.0734516848872488
TOKYOTECH_s05,164,47,165.56666666666666,0.5813353657722473,-1.1130293834946294
TOKYOTECH_s05,164,48,165.6,0.409344345331192,-1.1393938247712134
TOKYOTECH_s05,164,49,165.63333333333333,0.09489865601062775,-1.124822961400921
TOKYOTECH_s05,164,50,165.66666666666666,-0.2289680391550064,-1.03891686714842
TOKYOTECH_s05,164,51,165.7,-0.4950176179409027,-0.8574170478047483
TOKYOTECH_s05,164,52,165.73333333333332,-0.7518777251243591,-0.5720697982930311
TOKYOTECH_s05,164,53,165.76666666666668,-0.9470204710960388,-0.19925788484571627
TOKYOTECH_s05,164,54,165.8,-1.0611587762832642,0.21749329517778773
TOKYOTECH_s05,164,55,165.83333333333334,-1.0956904888153076,0.6155273950851724
TOKYOTECH_s05,164,56,165.86666666666667,-1.047606110572815,0.9306076351969699
TOKYOTECH_s05,164,57,165.9,-1.0295833349227905,1.1169876291175376
TOKYOTECH_s05,164,58,165.93333333333334,-1.0905882120132446,1.161257630119251
TOKYOTECH_s05,164,59,165.96666666666667,-1.174424409866333,1.084046493099704
TOKYOTECH_s05,164,60,166.0,-1.2706201076507568,0.9288345782744762
TOKYOTECH_s05,164,61,166.03333333333333,-1.3426132202148438,0.7431006119020949
TOKYOTECH_s05,164,62,166.06666666666666,-0.8478150963783264,0.5614695438616666
TOKYOTECH_s05,164,63,166.1,1.0133386850357056,0.39928487686674
TOKYOTECH_s05,164,64,166.13333333333333,2.442239761352539,0.25733026154112226
TOKYOTECH_s05,164,65,166.16666666666666,2.497955560684204,0.1309748246533126
TOKYOTECH_s05,164,66,166.2,2.0665221214294434,0.016329425085404657
TOKYOTECH_s05,164,67,166.23333333333332,1.562454342842102,-0.08917749834346425
TOKYOTECH_s05,164,68,166.26666666666668,1.070888638496399,-0.18924580197909613
TOKYOTECH_s05,164,69,166.3,0.6602651476860046,-0.28991633385918913
TOKYOTECH_s05,164,70,166.33333333333334,0.3829513192176819,-0.3976063864845247
TOKYOTECH_s05,164,71,166.36666666666667,0.3711884319782257,-0.5151799782086277
TOKYOTECH_s05,164,72,166.4,0.604006290435791,-0.6381290104507599
TOKYOTECH_s05,164,73,166.43333333333334,0.6831765174865723,-0.7520315778627475
TOKYOTECH_s05,164,74,166.46666666666667,0.4895029366016388,-0.8318827015147342
TOKYOTECH_s05,164,75,166.5,0.16416700184345245,-0.8446530528514286
TOKYOTECH_s05,164,76,166.53333333333333,-0.22277048230171204,-0.7574113814006729
TOKYOTECH_s05,164,77,166.56666666666666,-0.5697978734970093,-0.551327479365326
TOKYOTECH_s05,164,78,166.6,-0.7839251160621643,-0.2361884057891017
TOKYOTECH_s05,164,79,166.63333333333333,-0.8833709359169006,0.1437776294021941
TOKYOTECH_s05,164,80,166.66666666666666,-0.9798871278762817,0.5188728208543683
TOKYOTECH_s05,164,81,166.7,-0.9936535358428955,0.8156662783328232
TOKYOTECH_s05,164,82,166.73333333333332,-0.9535118937492371,0.9819489985764291
TOKYOTECH_s05,164,83,166.76666666666668,-0.9927185773849487,1.0031472955147969
TOKYOTECH_s05,164,84,166.8,-0.9968324303627014,0.9029551982968349
TOKYOTECH_s05,164,85,166.83333333333334,-1.0523254871368408,0.7292217179672247
TOKYOTECH_s05,164,86,166.86666666666667,-1.261252522468567,0.5332069249151973
TOKYOTECH_s05,164,87,166.9,-1.2720625400543213,0.3523379476345998
TOKYOTECH_s05,164,88,166.93333333333334,-0.5783461928367615,0.2028253696854493
TOKYOTECH_s05,164,89,166.96666666666667,1.1995235681533813,0.0822959886600777
TOKYOTECH_s05,164,90,167.0,2.2963123321533203,-0.021822849406421686
TOKYOTECH_s05,164,91,167.03333333333333,2.1055150032043457,-0.12338079779156567
TOKYOTECH_s05,164,92,167.06666666666666,1.5499435663223267,-0.23145856652974686
TOKYOTECH_s05,164,93,167.1,1.0542906522750854,-0.3481845417514398
TOKYOTECH_s05,164,94,167.13333333333333,0.5434109568595886,-0.46996737928610083
TOKYOTECH_s05,164,95,167.16666666666666,0.10459569096565247,-0.590851512242907
TOKYOTECH_s05,164,96,167.2,-0.06337937712669373,-0.7056927213597056
TOKYOTECH_s05,164,97,167.23333333333332,0.09793510288000107,-0.8104032749370632
TOKYOTECH_s05,164,98,167.26666666666668,0.3464427590370178,-0.8978382249261894
TOKYOTECH_s05,164,99,167.3,0.39697596430778503,-0.9513598210010994
TOKYOTECH_s05,164,100,167.33333333333334,0.21260765194892883,-0.9419770378243073
TOKYOTECH_s05,164,101,167.36666666666667,-0.18253090977668762,-0.8349506437002585
TOKYOTECH_s05,164,102,167.4,-0.6147212386131287,-0.6058033980384491
TOKYOTECH_s05,164,103,167.43333333333334,-0.8263017535209656,-0.25784859524425796
TOKYOTECH_s05,164,104,167.46666666666667,-1.0253002643585205,0.17003525726247284
TOKYOTECH_s05,164,105,167.5,-1.1813966035842896,0.6119354584977377
TOKYOTECH_s05,164,106,167.53333333333333,-1.208288311958313,0.9956678620038955
TOKYOTECH_s05,164,107,167.56666666666666,-1.224245309829712,1.2642231284875427
TOKYOTECH_s05,164,108,167.6,-1.1690549850463867,1.3885081912253934
TOKYOTECH_s05,164,109,167.63333333333333,-1.1562858819961548,1.3692863811639553
TOKYOTECH_s05,164,110,167.66666666666666,-1.167817234992981,1.231163115144036
TOKYOTECH_s05,164,111,167.7,-1.2288399934768677,1.0126131530091598
TOKYOTECH_s05,164,112,167.73333333333332,-1.3769044876098633,0.7553866577925136
TOKYOTECH_s05,164,113,167.76666666666668,-0.8936289548873901,0.4955648793232255
TOKYOTECH_s05,164,114,167.8,0.9397160410881042,0.25765898100828677
TOKYOTECH_s05,164,115,167.83333333333334,2.4372265338897705,0.052517821845631016
TOKYOTECH_s05,164,116,167.86666666666667,2.451892375946045,-0.12088380990501522
TOKYOTECH_s05,164,117,167.9,1.969551682472229,-0.2708168283024847
TOKYOTECH_s05,164,118,167.93333333333334,1.4387348890304565,-0.40762394464014096
TOKYOTECH_s05,164,119,167.96666666666667,0.9604012370109558,-0.5404171282137901
TOKYOTECH_s05,164,120,168.0,0.563535213470459,-0.6763186515393022
TOKYOTECH_s05,164,121,168.03333333333333,0.21689073741436005,-0.8204910393182338
TOKYOTECH_s05,164,122,168.06666666666666,0.17348113656044006,-0.9741356787524803
TOKYOTECH_s05,164,123,168.1,0.4637332260608673,-1.1293963838666758
TOKYOTECH_s05,164,124,168.13333333333333,0.5063770413398743,-1.2639923481608246
TOKYOTECH_s05,164,125,168.16666666666666,0.2829534411430359,-1.3408526946599102
TOKYOTECH_s05,164,126,168.2,0.03132030740380287,-1.316167700708208
TOKYOTECH_s05,164,127,168.23333333333332,-0.2805875837802887,-1.1543278679069895
TOKYOTECH_s05,164,128,168.26666666666668,-0.6758864521980286,-0.8436378374118807
TOKYOTECH_s05,164,129,168.3,-0.9318649768829346,-0.40543890733127547
TOKYOTECH_s05,164,130,168.33333333333334,-1.0106077194213867,0.10776525787719013
TOKYOTECH_s05,164,131,168.36666666666667,-1.133027195930481,0.6244941100518506
TOKYOTECH_s05,164,132,168.4,-1.1702570915222168,1.0719568944071638
TOKYOTECH_s05,164,133,168.43333333333334,-1.1544604301452637,1.392982313385004
TOKYOTECH_s05,164,134,168.46666666666667,-1.197656273841858,1.5573953828922302
TOKYOTECH_s05,164,135,168.5,-1.167639136314392,1.56560344203216
TOKYOTECH_s05,164,136,168.53333333333333,-1.2187511920928955,1.4443169832015559
TOKYOTECH_s05,164,137,168.56666666666666,-1.292222499847412,1.2360330262602963
TOKYOTECH_s05,164,138,168.6,-1.3836719989776611,0.985582778994499
TOKYOTECH_s05,164,139,168.63333333333333,-1.0141695737838745,0.7283363539698704
TOKYOTECH_s05,164,140,168.66666666666666,0.8016423583030701,0.48453058260039483
TOKYOTECH_s05,164,141,168.7,2.4249651432037354,0.26145188681307774
TOKYOTECH_s05,164,142,168.73333333333332,2.5164947509765625,0.060500546912911256
TOKYOTECH_s05,164,143,168.76666666666668,2.04767107963562,-0.11674964414742192
TOKYOTECH_s05,164,144,168.8,1.6003164052963257,-0.26762333637578944
TOKYOTECH_s05,164,145,168.83333333333334,1.078395128250122,-0.3919951538237523
TOKYOTECH_s05,164,146,168.86666666666667,0.5461268424987793,-0.49622671274434876
TOKYOTECH_s05,164,147,168.9,0.1789129078388214,-0.5929321817376475
TOKYOTECH_s05,164,148,168.93333333333334,0.1979507952928543,-0.6955438773418839
TOKYOTECH_s05,164,149,168.96666666666667,0.37927374243736267,-0.8106427001846305
TOKYOTECH_s05,164,150,169.0,0.4373134970664978,-0.9323816480015367
TOKYOTECH_s05,164,151,169.03333333333333,0.31602486968040466,-1.0415988205965359
TOKYOTECH_s05,164,152,169.06666666666666,0.07279761135578156,-1.1092541534266056
TOKYOTECH_s05,164,153,169.1,-0.2838466465473175,-1.1025315125290795
TOKYOTECH_s05,164,154,169.13333333333333,-0.6847642660140991,-0.9932111631024103
TOKYOTECH_s05,164,155,169.16666666666666,-0.9725853800773621,-0.7684546073825811
TOKYOTECH_s05,164,156,169.2,-1.0283812284469604,-0.4413708153333319
TOKYOTECH_s05,164,157,169.23333333333332,-1.1299641132354736,-0.05533362232772347
TOKYOTECH_s05,164,158,169.26666666666668,-1.1604976654052734,0.32367820603589886
TOKYOTECH_s05,164,159,169.3,-1.2318052053451538,0.6269171832276302
TOKYOTECH_s05,164,160,169.33333333333334,-1.2014763355255127,0.8069544754970062
TOKYOTECH_s05,164,161,169.36666666666667,-1.1648342609405518,0.8538863472206877
TOKYOTECH_s05,164,162,169.4,-1.1673452854156494,0.7955499404844466
TOKYOTECH_s05,164,163,169.43333333333334,-1.2229896783828735,0.682649537986667
TOKYOTECH_s05,164,164,169.46666666666667,-1.3920066356658936,0.56725949713851
TOKYOTECH_s05,164,165,169.5,-1.3041455745697021,0.48516127170157697
TOKYOTECH_s05,164,166,169.53333333333333,-0.10457173734903336,0.44849444546462336
TOKYOTECH_s05,164,167,169.56666666666666,1.8361084461212158,0.44865511792389545
TOKYOTECH_s05,164,168,169.6,2.4951417446136475,0.46462291891321006
TOKYOTECH_s05,164,169,169.63333333333333,2.1125407218933105,0.4712231676663628
TOKYOTECH_s05,164,170,169.66666666666666,1.56734299659729,0.4446888241171409
TOKYOTECH_s05,164,171,169.7,1.0524206161499023,0.36621787927539873
TOKYOTECH_s05,164,172,169.73333333333332,0.47976139187812805,0.22522478183184202
TOKYOTECH_s05,164,173,169.76666666666668,-0.019355377182364464,0.022693241669293273
TOKYOTECH_s05,164,174,169.8,-0.00314022577367723,-0.2266954618970392
TOKYOTECH_s05,164,175,169.83333333333334,0.3759167492389679,-0.4952273619043833
TOKYOTECH_s05,164,176,169.86666666666667,0.5399115085601807,-0.7456224664824385
TOKYOTECH_s05,164,177,169.9,0.4431370496749878,-0.9362578781688835
TOKYOTECH_s05,164,178,169.93333333333334,0.1936677098274231,-1.0280587680070066
TOKYOTECH_s05,164,179,169.96666666666667,-0.26494234800338745,-0.9935833652897181
TOKYOTECH_s05,164,180,170.0,-0.6110614538192749,-0.8268311398485705
TOKYOTECH_s05,164,181,170.03333333333333,-0.8323301672935486,-0.5494364293119108
TOKYOTECH_s05,164,182,170.06666666666666,-0.9946063160896301,-0.20840729882362752
TOKYOTECH_s05,164,183,170.1,-1.1390289068222046,0.13607099877061565
TOKYOTECH_s05,164,184,170.13333333333333,-1.1724565029144287,0.4284505524706756
TOKYOTECH_s05,164,185,170.16666666666666,-1.184691309928894,0.6330997668403171
TOKYOTECH_s05,164,186,170.2,-1.1349416971206665,0.7403825426943945
TOKYOTECH_s05,164,187,170.23333333333332,-1.194424033164978,0.7623271950202914
TOKYOTECH_s05,164,188,170.26666666666668,-1.2539775371551514,0.7221573485478617
TOKYOTECH_s05,164,189,170.3,-1.2101404666900635,0.6440325386759675
TOKYOTECH_s05,164,190,170.33333333333334,-0.3506929576396942,0.5470803279426146
TOKYOTECH_s05,164,191,170.36666666666667,1.5058305263519287,0.44380845721236334
TOKYOTECH_s05,164,192,170.4,2.398064374923706,0.34060122246254554
TOKYOTECH_s05,164,193,170.43333333333334,2.1021134853363037,0.23827657513161266
TOKYOTECH_s05,164,194,170.46666666666667,1.5364710092544556,0.1325477028701389
TOKYOTECH_s05,164,195,170.5,1.002038836479187,0.01553888417731385
TOKYOTECH_s05,164,196,170.53333333333333,0.4328345060348511,-0.12110141772189546
TOKYOTECH_s05,164,197,170.56666666666666,-0.0555344857275486,-0.28248402705781656
TOKYOTECH_s05,164,198,170.6,-0.22577130794525146,-0.46779495838247004
TOKYOTECH_s05,164,199,170.63333333333333,0.041533805429935455,-0.669202184064375
TOKYOTECH_s05,164,200,170.66666666666666,0.3461310863494873,-0.8711008781113327
TOKYOTECH_s05,164,201,170.7,0.3584015369415283,-1.0487340984570983
TOKYOTECH_s05,164,202,170.73333333333332,0.15541385114192963,-1.1683702903448985
TOKYOTECH_s05,164,203,170.76666666666668,-0.27693673968315125,-1.1928491227570226
TOKYOTECH_s05,164,204,170.8,-0.5832526087760925,-1.0929966871217665
TOKYOTECH_s05,164,205,170.83333333333334,-0.940039336681366,-0.8604090934414216
TOKYOTECH_s05,164,206,170.86666666666667,-1.1529110670089722,-0.5152144825642084
TOKYOTECH_s05,164,207,170.9,-1.2777258157730103,-0.10423746580808559
TOKYOTECH_s05,164,208,170.93333333333334,-1.314937949180603,0.31110146928716237
TOKYOTECH_s05,164,209,170.96666666666667,-1.329300880432129,0.672853357990218
TOKYOTECH_s05,164,210,171.0,-1.2927923202514648,0.9422124273288767
TOKYOTECH_s05,164,211,171.03333333333333,-1.2563550472259521,1.105261411264991
TOKYOTECH_s05,164,212,171.06666666666666,-1.246177077293396,1.16801381994291
TOKYOTECH_s05,164,213,171.1,-1.2853659391403198,1.146733052984473
TOKYOTECH_s05,164,214,171.13333333333333,-1.3156057596206665,1.0603167985404476
TOKYOTECH_s05,164,215,171.16666666666666,-0.23644784092903137,0.9273388389120825
TOKYOTECH_s05,164,216,171.2,1.8252182006835938,0.7657635069335883
TOKYOTECH_s05,164,217,171.23333333333332,2.6924660205841064,0.5920784054768701
TOKYOTECH_s05,164,218,171.26666666666668,2.3799171447753906,0.41910210646144425
TOKYOTECH_s05,164,219,171.3,1.9048781394958496,0.2543525366779154
TOKYOTECH_s05,164,220,171.33333333333334,1.428788423538208,0.100352025773724
TOKYOTECH_s05,164,221,171.36666666666667,0.9967049956321716,-0.04394102101556272
TOKYOTECH_s05,164,222,171.4,0.5364476442337036,-0.18217496523850582
TOKYOTECH_s05,164,223,171.43333333333334,0.23226885497570038,-0.32022358184356847
TOKYOTECH_s05,164,224,171.46666666666667,0.3324982523918152,-0.46422693118904473
TOKYOTECH_s05,164,225,171.5,0.6149588823318481,-0.6150702076759933
TOKYOTECH_s05,164,226,171.53333333333333,0.6689559817314148,-0.7610766933726674
TOKYOTECH_s05,164,227,171.56666666666666,0.3538246154785156,-0.8743496204602856
TOKYOTECH_s05,164,228,171.6,-0.03391428291797638,-0.9156125051545849
TOKYOTECH_s05,164,229,171.63333333333333,-0.2963753342628479,-0.8476441660997455
TOKYOTECH_s05,164,230,171.66666666666666,-0.6619953513145447,-0.6517502103685452
TOKYOTECH_s05,164,231,171.7,-0.9600745439529419,-0.3393472619468783
TOKYOTECH_s05,164,232,171.73333333333332,-1.0154340267181396,0.046454146045418816
TOKYOTECH_s05,164,233,171.76666666666668,-1.0838475227355957,0.4391864892743851
TOKYOTECH_s05,164,234,171.8,-1.0672227144241333,0.7636138309660723
TOKYOTECH_s05,164,235,171.83333333333334,-1.1200889348983765,0.9522881959042215
TOKYOTECH_s05,164,236,171.86666666666667,-1.1110419034957886,0.9610174308419313
TOKYOTECH_s05,164,237,171.9,-1.130507230758667,0.7807806462164314
TOKYOTECH_s05,164,238,171.93333333333334,-1.1429914236068726,0.4426803179397568
TOKYOTECH_s05,164,239,171.96666666666667,-1.2115830183029175,0.012841663389541695
TOKYOTECH_s05,165,0,165.0,-1.1146126985549927,0.0926206999691786
TOKYOTECH_s05,165,1,165.03333333333333,-1.1655733585357666,-1.0755354056213249
TOKYOTECH_s05,165,2,165.06666666666666,-1.121638298034668,-2.0805922006286166
TOKYOTECH_s05,165,3,165.1,-1.0416311025619507,-2.793737750525869
TOKYOTECH_s05,165,4,165.13333333333333,-1.1523056030273438,-3.150626715625213
TOKYOTECH_s05,165,5,165.16666666666666,-1.2508965730667114,-3.162325663239076
TOKYOTECH_s05,165,6,165.2,-0.47239118814468384,-2.9039217030917093
TOKYOTECH_s05,165,7,165.23333333333332,1.5176290273666382,-2.4857352323282083
TOKYOTECH_s05,165,8,165.26666666666668,2.6303303241729736,-2.0189979669357405
TOKYOTECH_s05,165,9,165.3,2.431990623474121,-1.5883989385523993
TOKYOTECH_s05,165,10,165.33333333333334,1.9967639446258545,-1.2394536776894207
TOKYOTECH_s05,165,11,165.36666666666667,1.5620893239974976,-0.9816797216698983
TOKYOTECH_s05,165,12,165.4,1.1392933130264282,-0.8020362127689455
TOKYOTECH_s05,165,13,165.43333333333334,0.744617760181427,-0.6799510873649747
TOKYOTECH_s05,165,14,165.46666666666667,0.4640359878540039,-0.5968488827437155
TOKYOTECH_s05,165,15,165.5,0.41340482234954834,-0.5380239970761483
TOKYOTECH_s05,165,16,165.53333333333333,0.5153172016143799,-0.4898066782714998
TOKYOTECH_s05,165,17,165.56666666666666,0.5813353657722473,-0.4367761028463582
TOKYOTECH_s05,165,18,165.6,0.409344345331192,-0.36139703971020365
TOKYOTECH_s05,165,19,165.63333333333333,0.09489865601062775,-0.24543635090778393
TOKYOTECH_s05,165,20,165.66666666666666,-0.2289680391550064,-0.07226722499040777
TOKYOTECH_s05,165,21,165.7,-0.4950176179409027,0.16943853011169158
TOKYOTECH_s05,165,22,165.73333333333332,-0.7518777251243591,0.4799809325463507
TOKYOTECH_s05,165,23,165.76666666666668,-0.9470204710960388,0.8424005354193507
TOKYOTECH_s05,165,24,165.8,-1.0611587762832642,1.2202356164378474
TOKYOTECH_s05,165,25,165.83333333333334,-1.0956904888153076,1.5635703253988
TOKYOTECH_s05,165,26,165.86666666666667,-1.047606110572815,1.8226739855461054
TOKYOTECH_s05,165,27,165.9,-1.0295833349227905,1.9630282691831844
TOKYOTECH_s05,165,28,165.93333333333334,-1.0905882120132446,1.9744822348898243
TOKYOTECH_s05,165,29,165.96666666666667,-1.174424409866333,1.8706074363362666
TOKYOTECH_s05,165,30,166.0,-1.2706201076507568,1.6792708198681423
TOKYOTECH_s05,165,31,166.03333333333333,-1.3426132202148438,1.4297500244493606
TOKYOTECH_s05,165,32,166.06666666666666,-0.8478150963783264,1.1435086542714272
TOKYOTECH_s05,165,33,166.1,1.0133386850357056,0.8332524145397118
TOKYOTECH_s05,165,34,166.13333333333333,2.442239761352539,0.5088178364205048
TOKYOTECH_s05,165,35,166.16666666666666,2.497955560684204,0.18356071327392376
TOKYOTECH_s05,165,36,166.2,2.0665221214294434,-0.12462602477492753
TOKYOTECH_s05,165,37,166.23333333333332,1.562454342842102,-0.39860397622303706
TOKYOTECH_s05,165,38,166.26666666666668,1.070888638496399,-0.629205253205859
TOKYOTECH_s05,165,39,166.3,0.6602651476860046,-0.818490953173012
TOKYOTECH_s05,165,40,166.33333333333334,0.3829513192176819,-0.9766706927802454
TOKYOTECH_s05,165,41,166.36666666666667,0.3711884319782257,-1.1149250761084657
TOKYOTECH_s05,165,42,166.4,0.604006290435791,-1.2379399019760338
TOKYOTECH_s05,165,43,166.43333333333334,0.6831765174865723,-1.3387613926039061
TOKYOTECH_s05,165,44,166.46666666666667,0.4895029366016388,-1.3971150141550577
TOKYOTECH_s05,165,45,166.5,0.16416700184345245,-1.3821772107359414
TOKYOTECH_s05,165,46,166.53333333333333,-0.22277048230171204,-1.261340626926325
TOKYOTECH_s05,165,47,166.56666666666666,-0.5697978734970093,-1.01473046798219
TOKYOTECH_s05,165,48,166.6,-0.7839251160621643,-0.6501726400192884
TOKYOTECH_s05,165,49,166.63333333333333,-0.8833709359169006,-0.20980393637895392
TOKYOTECH_s05,165,50,166.66666666666666,-0.9798871278762817,0.23772285763138554
TOKYOTECH_s05,165,51,166.7,-0.9936535358428955,0.6178085384563096
TOKYOTECH_s05,165,52,166.73333333333332,-0.9535118937492371,0.8740875040043183
TOKYOTECH_s05,165,53,166.76666666666668,-0.9927185773849487,0.984610901168319
TOKYOTECH_s05,165,54,166.8,-0.9968324303627014,0.9629560426581757
TOKYOTECH_s05,165,55,166.83333333333334,-1.0523254871368408,0.8456110651152451
TOKYOTECH_s05,165,56,166.86666666666667,-1.261252522468567,0.6739888445983742
TOKYOTECH_s05,165,57,166.9,-1.2720625400543213,0.48092799814243614
TOKYOTECH_s05,165,58,166.93333333333334,-0.5783461928367615,0.2869205927013602
TOKYOTECH_s05,165,59,166.96666666666667,1.1995235681533813,0.10439968793156093
TOKYOTECH_s05,165,60,167.0,2.2963123321533203,-0.055940452826496456
TOKYOTECH_s05,165,61,167.03333333333333,2.1055150032043457,-0.18252035435438096
TOKYOTECH_s05,165,62,167.06666666666666,1.5499435663223267,-0.2657047074976132
TOKYOTECH_s05,165,63,167.1,1.0542906522750854,-0.30351908141202166
TOKYOTECH_s05,165,64,167.13333333333333,0.5434109568595886,-0.30598352145588864
TOKYOTECH_s05,165,65,167.16666666666666,0.10459569096565247,-0.2948677592230399
TOKYOTECH_s05,165,66,167.2,-0.06337937712669373,-0.29798839558973056
TOKYOTECH_s05,165,67,167.23333333333332,0.09793510288000107,-0.3391912579264453
TOKYOTECH_s05,165,68,167.26666666666668,0.3464427590370178,-0.4264472988760949
TOKYOTECH_s05,165,69,167.3,0.39697596430778503,-0.54221441061363
TOKYOTECH_s05,165,70,167.33333333333334,0.21260765194892883,-0.6422427254082194
TOKYOTECH_s05,165,71,167.36666666666667,-0.18253090977668762,-0.6676040695161531
TOKYOTECH_s05,165,72,167.4,-0.6147212386131287,-0.56784122603367
TOKYOTECH_s05,165,73,167.43333333333334,-0.8263017535209656,-0.32509567700535796
TOKYOTECH_s05,165,74,167.46666666666667,-1.0253002643585205,0.033723232307696756
TOKYOTECH_s05,165,75,167.5,-1.1813966035842896,0.4440979789896042
TOKYOTECH_s05,165,76,167.53333333333333,-1.208288311958313,0.8264560403247394
TOKYOTECH_s05,165,77,167.56666666666666,-1.224245309829712,1.1118549806891063
TOKYOTECH_s05,165,78,167.6,-1.1690549850463867,1.2595787335601207
TOKYOTECH_s05,165,79,167.63333333333333,-1.1562858819961548,1.2623742985127502
TOKYOTECH_s05,165,80,167.66666666666666,-1.167817234992981,1.1411597837999592
TOKYOTECH_s05,165,81,167.7,-1.2288399934768677,0.9338642370792583
TOKYOTECH_s05,165,82,167.73333333333332,-1.3769044876098633,0.683221759436627
TOKYOTECH_s05,165,83,167.76666666666668,-0.8936289548873901,0.4269035102494551
TOKYOTECH_s05,165,84,167.8,0.9397160410881042,0.19147444558470164
TOKYOTECH_s05,165,85,167.83333333333334,2.4372265338897705,-0.009711462046326835
TOKYOTECH_s05,165,86,167.86666666666667,2.451892375946045,-0.17516013636682962
TOKYOTECH_s05,165,87,167.9,1.969551682472229,-0.3114338668771458
TOKYOTECH_s05,165,88,167.93333333333334,1.4387348890304565,-0.4287384640012145
TOKYOTECH_s05,165,89,167.96666666666667,0.9604012370109558,-0.5379004849191532
TOKYOTECH_s05,165,90,168.0,0.563535213470459,-0.6493344896170845
TOKYOTECH_s05,165,91,168.03333333333333,0.21689073741436005,-0.7724399626198108
TOKYOTECH_s05,165,92,168.06666666666666,0.17348113656044006,-0.9127519313717406
TOKYOTECH_s05,165,93,168.1,0.4637332260608673,-1.0658052603542107
TOKYOTECH_s05,165,94,168.13333333333333,0.5063770413398743,-1.2106688540005082
TOKYOTECH_s05,165,95,168.16666666666666,0.2829534411430359,-1.3087920997229252
TOKYOTECH_s05,165,96,168.2,0.03132030740380287,-1.3120450826154322
TOKYOTECH_s05,165,97,168.23333333333332,-0.2805875837802887,-1.178702132751142
TOKYOTECH_s05,165,98,168.26666666666668,-0.6758864521980286,-0.8910861212744408
TOKYOTECH_s05,165,99,168.3,-0.9318649768829346,-0.4668012409595248
TOKYOTECH_s05,165,100,168.33333333333334,-1.0106077194213867,0.04188078557395319
TOKYOTECH_s05,165,101,168.36666666666667,-1.133027195930481,0.5605826150551343
TOKYOTECH_s05,165,102,168.4,-1.1702570915222168,1.0124348177991138
TOKYOTECH_s05,165,103,168.43333333333334,-1.1544604301452637,1.3375147555166615
TOKYOTECH_s05,165,104,168.46666666666667,-1.197656273841858,1.5058990474793665
TOKYOTECH_s05,165,105,168.5,-1.167639136314392,1.521117466906827
TOKYOTECH_s05,165,106,168.53333333333333,-1.2187511920928955,1.4139730417459033
TOKYOTECH_s05,165,107,168.56666666666666,-1.292222499847412,1.2293798829327958
TOKYOTECH_s05,165,108,168.6,-1.3836719989776611,1.010916352542519
TOKYOTECH_s05,165,109,168.63333333333333,-1.0141695737838745,0.7887149567382211
TOKYOTECH_s05,165,110,168.66666666666666,0.8016423583030701,0.5753347255588094
TOKYOTECH_s05,165,111,168.7,2.4249651432037354,0.3706451904951074
TOKYOTECH_s05,165,112,168.73333333333332,2.5164947509765625,0.171556325040275
TOKYOTECH_s05,165,113,168.76666666666668,2.04767107963562,-0.020368774783015613
TOKYOTECH_s05,165,114,168.8,1.6003164052963257,-0.19801775603019067
TOKYOTECH_s05,165,115,168.83333333333334,1.078395128250122,-0.35381601241311955
TOKYOTECH_s05,165,116,168.86666666666667,0.5461268424987793,-0.485974022776838
TOKYOTECH_s05,165,117,168.9,0.1789129078388214,-0.6007761057183441
TOKYOTECH_s05,165,118,168.93333333333334,0.1979507952928543,-0.7091152978508288
TOKYOTECH_s05,165,119,168.96666666666667,0.37927374243736267,-0.8194957553604033
TOKYOTECH_s05,165,120,169.0,0.4373134970664978,-0.9314453378183666
TOKYOTECH_s05,165,121,169.03333333333333,0.31602486968040466,-1.0323018214230262
TOKYOTECH_s05,165,122,169.06666666666666,0.07279761135578156,-1.098181827428733
TOKYOTECH_s05,165,123,169.1,-0.2838466465473175,-1.0986880130260699
TOKYOTECH_s05,165,124,169.13333333333333,-0.6847642660140991,-1.0051767973310992
TOKYOTECH_s05,165,125,169.16666666666666,-0.9725853800773621,-0.8020343891481868
TOKYOTECH_s05,165,126,169.2,-1.0283812284469604,-0.4977947441688083
TOKYOTECH_s05,165,127,169.23333333333332,-1.1299641132354736,-0.13015334759524813
TOKYOTECH_s05,165,128,169.26666666666668,-1.1604976654052734,0.24064121379315057
TOKYOTECH_s05,165,129,169.3,-1.2318052053451538,0.5502880604234923
TOKYOTECH_s05,165,130,169.33333333333334,-1.2014763355255127,0.7531824148036375
TOKYOTECH_s05,165,131,169.36666666666667,-1.1648342609405518,0.8376306226804278
TOKYOTECH_s05,165,132,169.4,-1.1673452854156494,0.825804870886319
TOKYOTECH_s05,165,133,169.43333333333334,-1.2229896783828735,0.7596562930476349
TOKYOTECH_s05,165,134,169.46666666666667,-1.3920066356658936,0.6813000414344927
TOKYOTECH_s05,165,135,169.5,-1.3041455745697021,0.6178892587045305
TOKYOTECH_s05,165,136,169.53333333333333,-0.10457173734903336,0.5765420633804107
TOKYOTECH_s05,165,137,169.56666666666666,1.8361084461212158,0.5483910963153297
TOKYOTECH_s05,165,138,169.6,2.4951417446136475,0.5167902452475416
TOKYOTECH_s05,165,139,169.63333333333333,2.1125407218933105,0.46466072060311536
TOKYOTECH_s05,165,140,169.66666666666666,1.56734299659729,0.3787032865093653
TOKYOTECH_s05,165,141,169.7,1.0524206161499023,0.251125459889707
TOKYOTECH_s05,165,142,169.73333333333332,0.47976139187812805,0.08054837937813092
TOKYOTECH_s05,165,143,169.76666666666668,-0.019355377182364464,-0.12702271625736328
TOKYOTECH_s05,165,144,169.8,-0.00314022577367723,-0.3574895129069553
TOKYOTECH_s05,165,145,169.83333333333334,0.3759167492389679,-0.588958589223409
TOKYOTECH_s05,165,146,169.86666666666667,0.5399115085601807,-0.7932550836862244
TOKYOTECH_s05,165,147,169.9,0.4431370496749878,-0.9386723928360938
TOKYOTECH_s05,165,148,169.93333333333334,0.1936677098274231,-0.9947848006403572
TOKYOTECH_s05,165,149,169.96666666666667,-0.26494234800338745,-0.9401212418164152
TOKYOTECH_s05,165,150,170.0,-0.6110614538192749,-0.771196704309962
TOKYOTECH_s05,165,151,170.03333333333333,-0.8323301672935486,-0.5085275598146073
TOKYOTECH_s05,165,152,170.06666666666666,-0.9946063160896301,-0.19471340300463397
TOKYOTECH_s05,165,153,170.1,-1.1390289068222046,0.11699629372750678
TOKYOTECH_s05,165,154,170.13333333333333,-1.1724565029144287,0.3793176710858825
TOKYOTECH_s05,165,155,170.16666666666666,-1.184691309928894,0.564477650155011
TOKYOTECH_s05,165,156,170.2,-1.1349416971206665,0.6681237502624291
TOKYOTECH_s05,165,157,170.23333333333332,-1.194424033164978,0.7030234444759941
TOKYOTECH_s05,165,158,170.26666666666668,-1.2539775371551514,0.6879739040869555
TOKYOTECH_s05,165,159,170.3,-1.2101404666900635,0.6390918733365805
TOKYOTECH_s05,165,160,170.33333333333334,-0.3506929576396942,0.5670240741839578
TOKYOTECH_s05,165,161,170.36666666666667,1.5058305263519287,0.47848729619704916
TOKYOTECH_s05,165,162,170.4,2.398064374923706,0.37840276071882495
TOKYOTECH_s05,165,163,170.43333333333334,2.1021134853363037,0.2702843984794366
TOKYOTECH_s05,165,164,170.46666666666667,1.5364710092544556,0.15530791113328266
TOKYOTECH_s05,165,165,170.5,1.002038836479187,0.03201594205909289
TOKYOTECH_s05,165,166,170.53333333333333,0.4328345060348511,-0.10228641707726509
TOKYOTECH_s05,165,167,170.56666666666666,-0.0555344857275486,-0.24925216862801944
TOKYOTECH_s05,165,168,170.6,-0.22577130794525146,-0.40779095443875724
TOKYOTECH_s05,165,169,170.63333333333333,0.041533805429935455,-0.5732303699410567
TOKYOTECH_s05,165,170,170.66666666666666,0.3461310863494873,-0.7359142848820489
TOKYOTECH_s05,165,171,170.7,0.3584015369415283,-0.8783599149426895
TOKYOTECH_s05,165,172,170.73333333333332,0.15541385114192963,-0.9734866910135297
TOKYOTECH_s05,165,173,170.76666666666668,-0.27693673968315125,-0.9882783910712234
TOKYOTECH_s05,165,174,170.8,-0.5832526087760925,-0.8940793904563058
TOKYOTECH_s05,165,175,170.83333333333334,-0.940039336681366,-0.6795853394756094
TOKYOTECH_s05,165,176,170.86666666666667,-1.1529110670089722,-0.3601500314712067
TOKYOTECH_s05,165,177,170.9,-1.2777258157730103,0.021882184533294678
TOKYOTECH_s05,165,178,170.93333333333334,-1.314937949180603,0.4076394448052112
TOKYOTECH_s05,165,179,170.96666666666667,-1.329300880432129,0.7395230317248396
TOKYOTECH_s05,165,180,171.0,-1.2927923202514648,0.9778182343048527
TOKYOTECH_s05,165,181,171.03333333333333,-1.2563550472259521,1.1076361456654396
TOKYOTECH_s05,165,182,171.06666666666666,-1.246177077293396,1.1346274139971873
TOKYOTECH_s05,165,183,171.1,-1.2853659391403198,1.0753613156094897
TOKYOTECH_s05,165,184,171.13333333333333,-1.3156057596206665,0.9495059295309404
TOKYOTECH_s05,165,185,171.16666666666666,-0.23644784092903137,0.776675851630638
TOKYOTECH_s05,165,186,171.2,1.8252182006835938,0.5759188909364328
TOKYOTECH_s05,165,187,171.23333333333332,2.6924660205841064,0.3644942987562449
TOKYOTECH_s05,165,188,171.26666666666668,2.3799171447753906,0.15548014727090892
TOKYOTECH_s05,165,189,171.3,1.9048781394958496,-0.043480619802883654
TOKYOTECH_s05,165,190,171.33333333333334,1.428788423538208,-0.22904296325861748
TOKYOTECH_s05,165,191,171.36666666666667,0.9967049956321716,-0.40014106072515443
TOKYOTECH_s05,165,192,171.4,0.5364476442337036,-0.5572360304293563
TOKYOTECH_s05,165,193,171.43333333333334,0.23226885497570038,-0.7028138510752783
TOKYOTECH_s05,165,194,171.46666666666667,0.3324982523918152,-0.8403774656685199
TOKYOTECH_s05,165,195,171.5,0.6149588823318481,-0.9695054927303884
TOKYOTECH_s05,165,196,171.53333333333333,0.6689559817314148,-1.078971263088499
TOKYOTECH_s05,165,197,171.56666666666666,0.3538246154785156,-1.1438595868977097
TOKYOTECH_s05,165,198,171.6,-0.03391428291797638,-1.1313827423426945
TOKYOTECH_s05,165,199,171.63333333333333,-0.2963753342628479,-1.0144400205932758
TOKYOTECH_s05,165,200,171.66666666666666,-0.6619953513145447,-0.7861448107807864
TOKYOTECH_s05,165,201,171.7,-0.9600745439529419,-0.4669773750728371
TOKYOTECH_s05,165,202,171.73333333333332,-1.0154340267181396,-0.10042416454279571
TOKYOTECH_s05,165,203,171.76666666666668,-1.0838475227355957,0.2604484073582432
TOKYOTECH_s05,165,204,171.8,-1.0672227144241333,0.5688002741242614
TOKYOTECH_s05,165,205,171.83333333333334,-1.1200889348983765,0.7957149553888276
TOKYOTECH_s05,165,206,171.86666666666667,-1.1110419034957886,0.9347905022980957
TOKYOTECH_s05,165,207,171.9,-1.130507230758667,0.9997005893814191
TOKYOTECH_s05,165,208,171.93333333333334,-1.1429914236068726,1.0154260200687883
TOKYOTECH_s05,165,209,171.96666666666667,-1.2115830183029175,1.0050753683496532
TOKYOTECH_s05,165,210,172.0,-1.3312599658966064,0.9779898856512226
TOKYOTECH_s05,165,211,172.03333333333333,-0.7621089816093445,0.9264022597613345
TOKYOTECH_s05,165,212,172.06666666666666,1.1396316289901733,0.8331390832993653
TOKYOTECH_s05,165,213,172.1,2.5962259769439697,0.6854409995860342
TOKYOTECH_s05,165,214,172.13333333333333,2.558746814727783,0.48612548411221335
TOKYOTECH_s05,165,215,172.16666666666666,2.0572702884674072,0.25530383958054187
TOKYOTECH_s05,165,216,172.2,1.6312507390975952,0.022047756737018767
TOKYOTECH_s05,165,217,172.23333333333332,1.1336033344268799,-0.1883069101450584
TOKYOTECH_s05,165,218,172.26666666666668,0.6462137699127197,-0.36315274791246627
TOKYOTECH_s05,165,219,172.3,0.33467987179756165,-0.5028564057464632
TOKYOTECH_s05,165,220,172.33333333333334,0.34826818108558655,-0.613668409617257
TOKYOTECH_s05,165,221,172.36666666666667,0.5969449877738953,-0.699480595184166
TOKYOTECH_s05,165,222,172.4,0.7088304162025452,-0.7579309257005911
TOKYOTECH_s05,165,223,172.43333333333334,0.48524656891822815,-0.7817352598122547
TOKYOTECH_s05,165,224,172.46666666666667,0.15127325057983398,-0.7619668580819607
TOKYOTECH_s05,165,225,172.5,-0.13315528631210327,-0.6900738235424193
TOKYOTECH_s05,165,226,172.53333333333333,-0.4816875159740448,-0.5595754320739237
TOKYOTECH_s05,165,227,172.56666666666666,-0.77413010597229,-0.37089178813493157
TOKYOTECH_s05,165,228,172.6,-0.9221145510673523,-0.1393463519875585
TOKYOTECH_s05,165,229,172.63333333333333,-0.9427106976509094,0.09941105920129735
TOKYOTECH_s05,165,230,172.66666666666666,-0.9448477625846863,0.2941181693257804
TOKYOTECH_s05,165,231,172.7,-0.977571964263916,0.39522582469481765
TOKYOTECH_s05,165,232,172.73333333333332,-0.9775630235671997,0.3778212871151657
TOKYOTECH_s05,165,233,172.76666666666668,-0.9368871450424194,0.25691179521904606
TOKYOTECH_s05,165,234,172.8,-1.0394940376281738,0.08487164146313082
TOKYOTECH_s05,165,235,172.83333333333334,-1.1793931722640991,-0.06885910219981584
TOKYOTECH_s05,165,236,172.86666666666667,-1.1974960565567017,-0.14529945710843284
TOKYOTECH_s05,165,237,172.9,-0.6121299862861633,-0.1168853867314849
TOKYOTECH_s05,165,238,172.93333333333334,1.138848066329956,0.005886114789717914
TOKYOTECH_s05,165,239,172.96666666666667,2.332197666168213,0.1810187304031468
TOKYOTECH_s05,166,0,166.0,-1.2706201076507568,-0.07561223703040529
TOKYOTECH_s05,166,1,166.03333333333333,-1.3426132202148438,-1.1595938795855991
TOKYOTECH_s05,166,2,166.06666666666666,-0.8478150963783264,-2.099104263811984
TOKYOTECH_s05,166,3,166.1,1.0133386850357056,-2.781643590199888
TOKYOTECH_s05,166,4,166.13333333333333,2.442239761352539,-3.14980358668735
TOKYOTECH_s05,166,5,166.16666666666666,2.497955560684204,-3.2095039858638423
TOKYOTECH_s05,166,6,166.2,2.0665221214294434,-3.020172307207607
TOKYOTECH_s05,166,7,166.23333333333332,1.562454342842102,-2.673247742533547
TOKYOTECH_s05,166,8,166.26666666666668,1.070888638496399,-2.2675830323245676
TOKYOTECH_s05,166,9,166.3,0.6602651476860046,-1.8875336797671005
TOKYOTECH_s05,166,10,166.33333333333334,0.3829513192176819,-1.5874286632011492
TOKYOTECH_s05,166,11,166.36666666666667,0.3711884319782257,-1.3849273119361176
TOKYOTECH_s05,166,12,166.4,0.604006290435791,-1.2636147238785285
TOKYOTECH_s05,166,13,166.43333333333334,0.6831765174865723,-1.1825202887850477
TOKYOTECH_s05,166,14,166.46666666666667,0.4895029366016388,-1.0887301858045633
TOKYOTECH_s05,166,15,166.5,0.16416700184345245,-0.9301130285562917
TOKYOTECH_s05,166,16,166.53333333333333,-0.22277048230171204,-0.6676084842128236
TOKYOTECH_s05,166,17,166.56666666666666,-0.5697978734970093,-0.28704040007135545
TOKYOTECH_s05,166,18,166.6,-0.7839251160621643,0.19258758691176373
TOKYOTECH_s05,166,19,166.63333333333333,-0.8833709359169006,0.7197581952320564
TOKYOTECH_s05,166,20,166.66666666666666,-0.9798871278762817,1.2230220444987039
TOKYOTECH_s05,166,21,166.7,-0.9936535358428955,1.6323077890463036
TOKYOTECH_s05,166,22,166.73333333333332,-0.9535118937492371,1.900343799496734
TOKYOTECH_s05,166,23,166.76666666666668,-0.9927185773849487,2.014650449719359
TOKYOTECH_s05,166,24,166.8,-0.9968324303627014,1.9952199348179271
TOKYOTECH_s05,166,25,166.83333333333334,-1.0523254871368408,1.8803742322034216
TOKYOTECH_s05,166,26,166.86666666666667,-1.261252522468567,1.7089163182482774
TOKYOTECH_s05,166,27,166.9,-1.2720625400543213,1.5073869683845393
TOKYOTECH_s05,166,28,166.93333333333334,-0.5783461928367615,1.2868609865389538
TOKYOTECH_s05,166,29,166.96666666666667,1.1995235681533813,1.0478255980934479
TOKYOTECH_s05,166,30,167.0,2.2963123321533203,0.7882506687542685
TOKYOTECH_s05,166,31,167.03333333333333,2.1055150032043457,0.5100214915846318
TOKYOTECH_s05,166,32,167.06666666666666,1.5499435663223267,0.22123574814955074
TOKYOTECH_s05,166,33,167.1,1.0542906522750854,-0.06552680165321015
TOKYOTECH_s05,166,34,167.13333333333333,0.5434109568595886,-0.3373553636245105
TOKYOTECH_s05,166,35,167.16666666666666,0.10459569096565247,-0.5853455165304867
TOKYOTECH_s05,166,36,167.2,-0.06337937712669373,-0.8065796902827134
TOKYOTECH_s05,166,37,167.23333333333332,0.09793510288000107,-1.001734460476412
TOKYOTECH_s05,166,38,167.26666666666668,0.3464427590370178,-1.1683235296684862
TOKYOTECH_s05,166,39,167.3,0.39697596430778503,-1.2928183033842489
TOKYOTECH_s05,166,40,167.33333333333334,0.21260765194892883,-1.347584827189848
TOKYOTECH_s05,166,41,167.36666666666667,-0.18253090977668762,-1.297683492222342
TOKYOTECH_s05,166,42,167.4,-0.6147212386131287,-1.1169229169725665
TOKYOTECH_s05,166,43,167.43333333333334,-0.8263017535209656,-0.805436385849488
TOKYOTECH_s05,166,44,167.46666666666667,-1.0253002643585205,-0.3977626238651397
TOKYOTECH_s05,166,45,167.5,-1.1813966035842896,0.04510012132580619
TOKYOTECH_s05,166,46,167.53333333333333,-1.208288311958313,0.45554321863933417
TOKYOTECH_s05,166,47,167.56666666666666,-1.224245309829712,0.7793946519433443
TOKYOTECH_s05,166,48,167.6,-1.1690549850463867,0.9868455946041481
TOKYOTECH_s05,166,49,167.63333333333333,-1.1562858819961548,1.0727762425138956
TOKYOTECH_s05,166,50,167.66666666666666,-1.167817234992981,1.0503987369885806
TOKYOTECH_s05,166,51,167.7,-1.2288399934768677,0.9430534864685926
TOKYOTECH_s05,166,52,167.73333333333332,-1.3769044876098633,0.7772791383317543
TOKYOTECH_s05,166,53,167.76666666666668,-0.8936289548873901,0.5781083788996505
TOKYOTECH_s05,166,54,167.8,0.9397160410881042,0.3663596042428599
TOKYOTECH_s05,166,55,167.83333333333334,2.4372265338897705,0.1575660018324633
TOKYOTECH_s05,166,56,167.86666666666667,2.451892375946045,-0.03767749246569215
TOKYOTECH_s05,166,57,167.9,1.969551682472229,-0.21254171829766047
TOKYOTECH_s05,166,58,167.93333333333334,1.4387348890304565,-0.36334295318759224
TOKYOTECH_s05,166,59,167.96666666666667,0.9604012370109558,-0.49061374037107275
TOKYOTECH_s05,166,60,168.0,0.563535213470459,-0.601000511493586
TOKYOTECH_s05,166,61,168.03333333333333,0.21689073741436005,-0.7070856965954891
TOKYOTECH_s05,166,62,168.06666666666666,0.17348113656044006,-0.8224129777513872
TOKYOTECH_s05,166,63,168.1,0.4637332260608673,-0.9519459956016241
TOKYOTECH_s05,166,64,168.13333333333333,0.5063770413398743,-1.0823710490361018
TOKYOTECH_s05,166,65,168.16666666666666,0.2829534411430359,-1.1788484100862202
TOKYOTECH_s05,166,66,168.2,0.03132030740380287,-1.192670427171961
TOKYOTECH_s05,166,67,168.23333333333332,-0.2805875837802887,-1.078605824608312
TOKYOTECH_s05,166,68,168.26666666666668,-0.6758864521980286,-0.814727142088502
TOKYOTECH_s05,166,69,168.3,-0.9318649768829346,-0.41523885970126706
TOKYOTECH_s05,166,70,168.33333333333334,-1.0106077194213867,0.06986720115550472
TOKYOTECH_s05,166,71,168.36666666666667,-1.133027195930481,0.5680326623859678
TOKYOTECH_s05,166,72,168.4,-1.1702570915222168,1.0043892533321992
TOKYOTECH_s05,166,73,168.43333333333334,-1.1544604301452637,1.3211617067732437
TOKYOTECH_s05,166,74,168.46666666666667,-1.197656273841858,1.4900386546814117
TOKYOTECH_s05,166,75,168.5,-1.167639136314392,1.5148188063317143
TOKYOTECH_s05,166,76,168.53333333333333,-1.2187511920928955,1.4247462851168908
TOKYOTECH_s05,166,77,168.56666666666666,-1.292222499847412,1.2613182528463875
TOKYOTECH_s05,166,78,168.6,-1.3836719989776611,1.063259184346893
TOKYOTECH_s05,166,79,168.63333333333333,-1.0141695737838745,0.8553081034340368
TOKYOTECH_s05,166,80,168.66666666666666,0.8016423583030701,0.6454299579424423
TOKYOTECH_s05,166,81,168.7,2.4249651432037354,0.43114056855870364
TOKYOTECH_s05,166,82,168.73333333333332,2.5164947509765625,0.2100382718244538
TOKYOTECH_s05,166,83,168.76666666666668,2.04767107963562,-0.013127785823074263
TOKYOTECH_s05,166,84,168.8,1.6003164052963257,-0.22739374378286464
TOKYOTECH_s05,166,85,168.83333333333334,1.078395128250122,-0.4227208852568146
TOKYOTECH_s05,166,86,168.86666666666667,0.5461268424987793,-0.5969770491084022
TOKYOTECH_s05,166,87,168.9,0.1789129078388214,-0.7566222533370266
TOKYOTECH_s05,166,88,168.93333333333334,0.1979507952928543,-0.9097338063439189
TOKYOTECH_s05,166,89,168.96666666666667,0.37927374243736267,-1.0557831267947346
TOKYOTECH_s05,166,90,169.0,0.4373134970664978,-1.1792205571493257
TOKYOTECH_s05,166,91,169.03333333333333,0.31602486968040466,-1.2516214071382925
TOKYOTECH_s05,166,92,169.06666666666666,0.07279761135578156,-1.2414276147713332
TOKYOTECH_s05,166,93,169.1,-0.2838466465473175,-1.1258525678782723
TOKYOTECH_s05,166,94,169.13333333333333,-0.6847642660140991,-0.8997308224230552
TOKYOTECH_s05,166,95,169.16666666666666,-0.9725853800773621,-0.5793269961299925
TOKYOTECH_s05,166,96,169.2,-1.0283812284469604,-0.2016495792616771
TOKYOTECH_s05,166,97,169.23333333333332,-1.1299641132354736,0.18034116068206257
TOKYOTECH_s05,166,98,169.26666666666668,-1.1604976654052734,0.507933933628649
TOKYOTECH_s05,166,99,169.3,-1.2318052053451538,0.7324920740916688
TOKYOTECH_s05,166,100,169.33333333333334,-1.2014763355255127,0.8317246099541517
TOKYOTECH_s05,166,101,169.36666666666667,-1.1648342609405518,0.8175298995980049
TOKYOTECH_s05,166,102,169.4,-1.1673452854156494,0.7300915067768772
TOKYOTECH_s05,166,103,169.43333333333334,-1.2229896783828735,0.6208166796289057
TOKYOTECH_s05,166,104,169.46666666666667,-1.3920066356658936,0.53265301025196
TOKYOTECH_s05,166,105,169.5,-1.3041455745697021,0.4868821937527497
TOKYOTECH_s05,166,106,169.53333333333333,-0.10457173734903336,0.48094689241570643
TOKYOTECH_s05,166,107,169.56666666666666,1.8361084461212158,0.4956075897699841
TOKYOTECH_s05,166,108,169.6,2.4951417446136475,0.5056786711925468
TOKYOTECH_s05,166,109,169.63333333333333,2.1125407218933105,0.4885601530829401
TOKYOTECH_s05,166,110,169.66666666666666,1.56734299659729,0.42804362461504
TOKYOTECH_s05,166,111,169.7,1.0524206161499023,0.3146841794568781
TOKYOTECH_s05,166,112,169.73333333333332,0.47976139187812805,0.1457022960806932
TOKYOTECH_s05,166,113,169.76666666666668,-0.019355377182364464,-0.07375079453897578
TOKYOTECH_s05,166,114,169.8,-0.00314022577367723,-0.3286894839070328
TOKYOTECH_s05,166,115,169.83333333333334,0.3759167492389679,-0.5938276819953259
TOKYOTECH_s05,166,116,169.86666666666667,0.5399115085601807,-0.8355253875974304
TOKYOTECH_s05,166,117,169.9,0.4431370496749878,-1.0157675209636896
TOKYOTECH_s05,166,118,169.93333333333334,0.1936677098274231,-1.0981754938044512
TOKYOTECH_s05,166,119,169.96666666666667,-0.26494234800338745,-1.0564504561448516
TOKYOTECH_s05,166,120,170.0,-0.6110614538192749,-0.8839600372056957
TOKYOTECH_s05,166,121,170.03333333333333,-0.8323301672935486,-0.6004463809704514
TOKYOTECH_s05,166,122,170.06666666666666,-0.9946063160896301,-0.25080007516238534
TOKYOTECH_s05,166,123,170.1,-1.1390289068222046,0.10626985024287716
TOKYOTECH_s05,166,124,170.13333333333333,-1.1724565029144287,0.4157412127635571
TOKYOTECH_s05,166,125,170.16666666666666,-1.184691309928894,0.6416197608422881
TOKYOTECH_s05,166,126,170.2,-1.1349416971206665,0.7731434932035919
TOKYOTECH_s05,166,127,170.23333333333332,-1.194424033164978,0.8205332909182773
TOKYOTECH_s05,166,128,170.26666666666668,-1.2539775371551514,0.8045823775143693
TOKYOTECH_s05,166,129,170.3,-1.2101404666900635,0.7465261520301583
TOKYOTECH_s05,166,130,170.33333333333334,-0.3506929576396942,0.662479530500754
TOKYOTECH_s05,166,131,170.36666666666667,1.5058305263519287,0.5626621729540723
TOKYOTECH_s05,166,132,170.4,2.398064374923706,0.4528666170646174
TOKYOTECH_s05,166,133,170.43333333333334,2.1021134853363037,0.33556695201364073
TOKYOTECH_s05,166,134,170.46666666666667,1.5364710092544556,0.21005686918387878
TOKYOTECH_s05,166,135,170.5,1.002038836479187,0.07286757141142979
TOKYOTECH_s05,166,136,170.53333333333333,0.4328345060348511,-0.08031808418120916
TOKYOTECH_s05,166,137,170.56666666666666,-0.0555344857275486,-0.2515995986074567
TOKYOTECH_s05,166,138,170.6,-0.22577130794525146,-0.43834765421251365
TOKYOTECH_s05,166,139,170.63333333333333,0.041533805429935455,-0.6323729563165187
TOKYOTECH_s05,166,140,170.66666666666666,0.3461310863494873,-0.8196668707635189
TOKYOTECH_s05,166,141,170.7,0.3584015369415283,-0.9792348328312225
TOKYOTECH_s05,166,142,170.73333333333332,0.15541385114192963,-1.082686921336546
TOKYOTECH_s05,166,143,170.76666666666668,-0.27693673968315125,-1.0984015494051997
TOKYOTECH_s05,166,144,170.8,-0.5832526087760925,-1.0012401533013637
TOKYOTECH_s05,166,145,170.83333333333334,-0.940039336681366,-0.7839791149331252
TOKYOTECH_s05,166,146,170.86666666666667,-1.1529110670089722,-0.4646316321793787
TOKYOTECH_s05,166,147,170.9,-1.2777258157730103,-0.08525094912745182
TOKYOTECH_s05,166,148,170.93333333333334,-1.314937949180603,0.2987968457811984
TOKYOTECH_s05,166,149,170.96666666666667,-1.329300880432129,0.635324238358081
TOKYOTECH_s05,166,150,171.0,-1.2927923202514648,0.8894646366213584
TOKYOTECH_s05,166,151,171.03333333333333,-1.2563550472259521,1.048018147373712
TOKYOTECH_s05,166,152,171.06666666666666,-1.246177077293396,1.1136781278933205
TOKYOTECH_s05,166,153,171.1,-1.2853659391403198,1.0959117159356309
TOKYOTECH_s05,166,154,171.13333333333333,-1.3156057596206665,1.0056661512025247
TOKYOTECH_s05,166,155,171.16666666666666,-0.23644784092903137,0.8557753988736639
TOKYOTECH_s05,166,156,171.2,1.8252182006835938,0.6633327150719199
TOKYOTECH_s05,166,157,171.23333333333332,2.6924660205841064,0.44915074210047773
TOKYOTECH_s05,166,158,171.26666666666668,2.3799171447753906,0.23348458570009517
TOKYOTECH_s05,166,159,171.3,1.9048781394958496,0.03136729900771777
TOKYOTECH_s05,166,160,171.33333333333334,1.428788423538208,-0.14942988834192986
TOKYOTECH_s05,166,161,171.36666666666667,0.9967049956321716,-0.3078272785320808
TOKYOTECH_s05,166,162,171.4,0.5364476442337036,-0.44791529904168076
TOKYOTECH_s05,166,163,171.43333333333334,0.23226885497570038,-0.5771811823229869
TOKYOTECH_s05,166,164,171.46666666666667,0.3324982523918152,-0.703193451954166
TOKYOTECH_s05,166,165,171.5,0.6149588823318481,-0.827542576338107
TOKYOTECH_s05,166,166,171.53333333333333,0.6689559817314148,-0.9391484116919289
TOKYOTECH_s05,166,167,171.56666666666666,0.3538246154785156,-1.012089514593098
TOKYOTECH_s05,166,168,171.6,-0.03391428291797638,-1.0119981226101349
TOKYOTECH_s05,166,169,171.63333333333333,-0.2963753342628479,-0.9100014382024254
TOKYOTECH_s05,166,170,171.66666666666666,-0.6619953513145447,-0.6975849152500724
TOKYOTECH_s05,166,171,171.7,-0.9600745439529419,-0.39406226963965185
TOKYOTECH_s05,166,172,171.73333333333332,-1.0154340267181396,-0.04246354601410604
TOKYOTECH_s05,166,173,171.76666666666668,-1.0838475227355957,0.3037312878610776
TOKYOTECH_s05,166,174,171.8,-1.0672227144241333,0.5963317387636914
TOKYOTECH_s05,166,175,171.83333333333334,-1.1200889348983765,0.8042111641899389
TOKYOTECH_s05,166,176,171.86666666666667,-1.1110419034957886,0.9182379394902118
TOKYOTECH_s05,166,177,171.9,-1.130507230758667,0.9495268928647624
TOKYOTECH_s05,166,178,171.93333333333334,-1.1429914236068726,0.921617867551295
TOKYOTECH_s05,166,179,171.96666666666667,-1.2115830183029175,0.8582236829552168
TOKYOTECH_s05,166,180,172.0,-1.3312599658966064,0.771936984734451
TOKYOTECH_s05,166,181,172.03333333333333,-0.7621089816093445,0.6609618478936629
TOKYOTECH_s05,166,182,172.06666666666666,1.1396316289901733,0.5162578185205988
TOKYOTECH_s05,166,183,172.1,2.5962259769439697,0.33404231332070355
TOKYOTECH_s05,166,184,172.13333333333333,2.558746814727783,0.12471963669355884
TOKYOTECH_s05,166,185,172.16666666666666,2.0572702884674072,-0.08823689399489028
TOKYOTECH_s05,166,186,172.2,1.6312507390975952,-0.27875605830386724
TOKYOTECH_s05,166,187,172.23333333333332,1.1336033344268799,-0.4306531111559121
TOKYOTECH_s05,166,188,172.26666666666668,0.6462137699127197,-0.5435377688555557
TOKYOTECH_s05,166,189,172.3,0.33467987179756165,-0.62839878708848
TOKYOTECH_s05,166,190,172.33333333333334,0.34826818108558655,-0.6966691693914961
TOKYOTECH_s05,166,191,172.36666666666667,0.5969449877738953,-0.7509680681911071
TOKYOTECH_s05,166,192,172.4,0.7088304162025452,-0.783379461293804
TOKYOTECH_s05,166,193,172.43333333333334,0.48524656891822815,-0.7806997271311361
TOKYOTECH_s05,166,194,172.46666666666667,0.15127325057983398,-0.731113842967664
TOKYOTECH_s05,166,195,172.5,-0.13315528631210327,-0.6273136874948629
TOKYOTECH_s05,166,196,172.53333333333333,-0.4816875159740448,-0.46657291522111255
TOKYOTECH_s05,166,197,172.56666666666666,-0.77413010597229,-0.252210270956123
TOKYOTECH_s05,166,198,172.6,-0.9221145510673523,0.0017688635805687561
TOKYOTECH_s05,166,199,172.63333333333333,-0.9427106976509094,0.26683818379909335
TOKYOTECH_s05,166,200,172.66666666666666,-0.9448477625846863,0.503289842372169
TOKYOTECH_s05,166,201,172.7,-0.977571964263916,0.6730860135114995
TOKYOTECH_s05,166,202,172.73333333333332,-0.9775630235671997,0.7563927236005761
TOKYOTECH_s05,166,203,172.76666666666668,-0.9368871450424194,0.7608653738618988
TOKYOTECH_s05,166,204,172.8,-1.0394940376281738,0.7162564001490931
TOKYOTECH_s05,166,205,172.83333333333334,-1.1793931722640991,0.6568069267988736
TOKYOTECH_s05,166,206,172.86666666666667,-1.1974960565567017,0.6029324478230192
TOKYOTECH_s05,166,207,172.9,-0.6121299862861633,0.5543544179927341
TOKYOTECH_s05,166,208,172.93333333333334,1.138848066329956,0.49749855531691817
TOKYOTECH_s05,166,209,172.96666666666667,2.332197666168213,0.4191728835451948
TOKYOTECH_s05,166,210,173.0,2.291771173477173,0.3156137210281631
TOKYOTECH_s05,166,211,173.03333333333333,1.8372125625610352,0.1916778025725983
TOKYOTECH_s05,166,212,173.06666666666666,1.2804924249649048,0.053674090710786236
TOKYOTECH_s05,166,213,173.1,0.6286362409591675,-0.09612057816235277
TOKYOTECH_s05,166,214,173.13333333333333,0.07874584197998047,-0.25831652325083343
TOKYOTECH_s05,166,215,173.16666666666666,-0.022694574669003487,-0.4304319126076927
TOKYOTECH_s05,166,216,173.2,0.26511767506599426,-0.6018837996553852
TOKYOTECH_s05,166,217,173.23333333333332,0.5218797922134399,-0.7542786959798747
TOKYOTECH_s05,166,218,173.26666666666668,0.5014439225196838,-0.8661646605029912
TOKYOTECH_s05,166,219,173.3,0.30815327167510986,-0.9179995252875582
TOKYOTECH_s05,166,220,173.33333333333334,0.029129793867468834,-0.8949550535010702
TOKYOTECH_s05,166,221,173.36666666666667,-0.371004194021225,-0.7891335761278512
TOKYOTECH_s05,166,222,173.4,-0.7307383418083191,-0.6037450961449522
TOKYOTECH_s05,166,223,173.43333333333334,-0.8844839930534363,-0.3583817472618023
TOKYOTECH_s05,166,224,173.46666666666667,-1.0125311613082886,-0.08981926547000561
TOKYOTECH_s05,166,225,173.5,-1.1044615507125854,0.15676908427587985
TOKYOTECH_s05,166,226,173.53333333333333,-1.090419054031372,0.3435005680201173
TOKYOTECH_s05,166,227,173.56666666666666,-1.1542199850082397,0.4525790536497075
TOKYOTECH_s05,166,228,173.6,-1.1036601066589355,0.48805900025645704
TOKYOTECH_s05,166,229,173.63333333333333,-1.1256364583969116,0.46667264731172914
TOKYOTECH_s05,166,230,173.66666666666666,-1.1842906475067139,0.4053137793021577
TOKYOTECH_s05,166,231,173.7,-1.0757710933685303,0.31419649723058507
TOKYOTECH_s05,166,232,173.73333333333332,0.10718691349029541,0.19934143749574426
TOKYOTECH_s05,166,233,173.76666666666668,1.963692545890808,0.07063106503685483
TOKYOTECH_s05,166,234,173.8,2.5176613330841064,-0.052073717907278834
TOKYOTECH_s05,166,235,173.83333333333334,2.168755054473877,-0.14047017145781746
TOKYOTECH_s05,166,236,173.86666666666667,1.6528887748718262,-0.16718812718243767
TOKYOTECH_s05,166,237,173.9,1.1162127256393433,-0.11792494447463575
TOKYOTECH_s05,166,238,173.93333333333334,0.5705074667930603,0.00032864115205244807
TOKYOTECH_s05,166,239,173.96666666666667,0.2449221909046173,0.1592764991621812
TOKYOTECH_s05,167,0,167.0,2.2963123321533203,-0.12484196913644151
TOKYOTECH_s05,167,1,167.03333333333333,2.1055150032043457,-1.6558682890469378
TOKYOTECH_s05,167,2,167.06666666666666,1.5499435663223267,-2.9607315290608165
TOKYOTECH_s05,167,3,167.1,1.0542906522750854,-3.869333679975421
TOKYOTECH_s05,167,4,167.13333333333333,0.5434109568595886,-4.3043669409575225
TOKYOTECH_s05,167,5,167.16666666666666,0.10459569096565247,-4.29320610096945
TOKYOTECH_s05,167,6,167.2,-0.06337937712669373,-3.9469503557080627
TOKYOTECH_s05,167,7,167.23333333333332,0.09793510288000107,-3.4161613425123627
TOKYOTECH_s05,167,8,167.26666666666668,0.3464427590370178,-2.8408318845812475
TOKYOTECH_s05,167,9,167.3,0.39697596430778503,-2.311639039053975
TOKYOTECH_s05,167,10,167.33333333333334,0.21260765194892883,-1.8543840961966425
TOKYOTECH_s05,167,11,167.36666666666667,-0.18253090977668762,-1.4410686565342081
TOKYOTECH_s05,167,12,167.4,-0.6147212386131287,-1.0206392333736616
TOKYOTECH_s05,167,13,167.43333333333334,-0.8263017535209656,-0.5541840176134294
TOKYOTECH_s05,167,14,167.46666666666667,-1.0253002643585205,-0.03785064484154048
TOKYOTECH_s05,167,15,167.5,-1.1813966035842896,0.4958668689254477
TOKYOTECH_s05,167,16,167.53333333333333,-1.208288311958313,0.9947267767509947
TOKYOTECH_s05,167,17,167.56666666666666,-1.224245309829712,1.408273113181019
TOKYOTECH_s05,167,18,167.6,-1.1690549850463867,1.7027946560981329
TOKYOTECH_s05,167,19,167.63333333333333,-1.1562858819961548,1.8659993323814248
TOKYOTECH_s05,167,20,167.66666666666666,-1.167817234992981,1.9039749604367906
TOKYOTECH_s05,167,21,167.7,-1.2288399934768677,1.8349550978573592
TOKYOTECH_s05,167,22,167.73333333333332,-1.3769044876098633,1.683164028173721
TOKYOTECH_s05,167,23,167.76666666666668,-0.8936289548873901,1.4739254481058084
TOKYOTECH_s05,167,24,167.8,0.9397160410881042,1.230141658594528
TOKYOTECH_s05,167,25,167.83333333333334,2.4372265338897705,0.9702124658949938
TOKYOTECH_s05,167,26,167.86666666666667,2.451892375946045,0.7075360142231124
TOKYOTECH_s05,167,27,167.9,1.969551682472229,0.45130196264566147
TOKYOTECH_s05,167,28,167.93333333333334,1.4387348890304565,0.20750748994405194
TOKYOTECH_s05,167,29,167.96666666666667,0.9604012370109558,-0.020970086362785616
TOKYOTECH_s05,167,30,168.0,0.563535213470459,-0.23518289739100803
TOKYOTECH_s05,167,31,168.03333333333333,0.21689073741436005,-0.44007434927444583
TOKYOTECH_s05,167,32,168.06666666666666,0.17348113656044006,-0.641336071601254
TOKYOTECH_s05,167,33,168.1,0.4637332260608673,-0.8386520332266638
TOKYOTECH_s05,167,34,168.13333333333333,0.5063770413398743,-1.0182949788751052
TOKYOTECH_s05,167,35,168.16666666666666,0.2829534411430359,-1.1504099208304472
TOKYOTECH_s05,167,36,168.2,0.03132030740380287,-1.195036418129043
TOKYOTECH_s05,167,37,168.23333333333332,-0.2805875837802887,-1.1162487798149139
TOKYOTECH_s05,167,38,168.26666666666668,-0.6758864521980286,-0.898442303124173
TOKYOTECH_s05,167,39,168.3,-0.9318649768829346,-0.5566284280613679
TOKYOTECH_s05,167,40,168.33333333333334,-1.0106077194213867,-0.13557221047198584
TOKYOTECH_s05,167,41,168.36666666666667,-1.133027195930481,0.3016623232004227
TOKYOTECH_s05,167,42,168.4,-1.1702570915222168,0.6905857026799584
TOKYOTECH_s05,167,43,168.43333333333334,-1.1544604301452637,0.9810123379890436
TOKYOTECH_s05,167,44,168.46666666666667,-1.197656273841858,1.146819341469341
TOKYOTECH_s05,167,45,168.5,-1.167639136314392,1.1879060530296355
TOKYOTECH_s05,167,46,168.53333333333333,-1.2187511920928955,1.1249534979873095
TOKYOTECH_s05,167,47,168.56666666666666,-1.292222499847412,0.9892841880208634
TOKYOTECH_s05,167,48,168.6,-1.3836719989776611,0.8114887044464341
TOKYOTECH_s05,167,49,168.63333333333333,-1.0141695737838745,0.6131187790779418
TOKYOTECH_s05,167,50,168.66666666666666,0.8016423583030701,0.404807910795075
TOKYOTECH_s05,167,51,168.7,2.4249651432037354,0.19106411110651622
TOKYOTECH_s05,167,52,168.73333333333332,2.5164947509765625,-0.02227280236608478
TOKYOTECH_s05,167,53,168.76666666666668,2.04767107963562,-0.22383294275428395
TOKYOTECH_s05,167,54,168.8,1.6003164052963257,-0.39903232746867623
TOKYOTECH_s05,167,55,168.83333333333334,1.078395128250122,-0.5371439703473994
TOKYOTECH_s05,167,56,168.86666666666667,0.5461268424987793,-0.6379151298504883
TOKYOTECH_s05,167,57,168.9,0.1789129078388214,-0.7127741476466306
TOKYOTECH_s05,167,58,168.93333333333334,0.1979507952928543,-0.779250639365387
TOKYOTECH_s05,167,59,168.96666666666667,0.37927374243736267,-0.8514421999805221
TOKYOTECH_s05,167,60,169.0,0.4373134970664978,-0.931378332208112
TOKYOTECH_s05,167,61,169.03333333333333,0.31602486968040466,-1.0052118883090737
TOKYOTECH_s05,167,62,169.06666666666666,0.07279761135578156,-1.0454772167982853
TOKYOTECH_s05,167,63,169.1,-0.2838466465473175,-1.0184229286679736
TOKYOTECH_s05,167,64,169.13333333333333,-0.6847642660140991,-0.8948193635283236
TOKYOTECH_s05,167,65,169.16666666666666,-0.9725853800773621,-0.6621468024119298
TOKYOTECH_s05,167,66,169.2,-1.0283812284469604,-0.33436035711898926
TOKYOTECH_s05,167,67,169.23333333333332,-1.1299641132354736,0.04591166713323562
TOKYOTECH_s05,167,68,169.26666666666668,-1.1604976654052734,0.41641246702500173
TOKYOTECH_s05,167,69,169.3,-1.2318052053451538,0.7142416308373982
TOKYOTECH_s05,167,70,169.33333333333334,-1.2014763355255127,0.8971348460449038
TOKYOTECH_s05,167,71,169.36666666666667,-1.1648342609405518,0.9566856895940435
TOKYOTECH_s05,167,72,169.4,-1.1673452854156494,0.9172105672898069
TOKYOTECH_s05,167,73,169.43333333333334,-1.2229896783828735,0.821886506721605
TOKYOTECH_s05,167,74,169.46666666666667,-1.3920066356658936,0.714142869014871
TOKYOTECH_s05,167,75,169.5,-1.3041455745697021,0.6234215922483862
TOKYOTECH_s05,167,76,169.53333333333333,-0.10457173734903336,0.5601618375911117
TOKYOTECH_s05,167,77,169.56666666666666,1.8361084461212158,0.5188972596360197
TOKYOTECH_s05,167,78,169.6,2.4951417446136475,0.48487708124713685
TOKYOTECH_s05,167,79,169.63333333333333,2.1125407218933105,0.4399364318479041
TOKYOTECH_s05,167,80,169.66666666666666,1.56734299659729,0.36615327264612607
TOKYOTECH_s05,167,81,169.7,1.0524206161499023,0.24851976706771348
TOKYOTECH_s05,167,82,169.73333333333332,0.47976139187812805,0.07835956307237919
TOKYOTECH_s05,167,83,169.76666666666668,-0.019355377182364464,-0.14238300021877115
TOKYOTECH_s05,167,84,169.8,-0.00314022577367723,-0.39790491763423974
TOKYOTECH_s05,167,85,169.83333333333334,0.3759167492389679,-0.6586951519681291
TOKYOTECH_s05,167,86,169.86666666666667,0.5399115085601807,-0.8856349544542256
TOKYOTECH_s05,167,87,169.9,0.4431370496749878,-1.0369167146900784
TOKYOTECH_s05,167,88,169.93333333333334,0.1936677098274231,-1.0768111768056794
TOKYOTECH_s05,167,89,169.96666666666667,-0.26494234800338745,-0.9855164080016128
TOKYOTECH_s05,167,90,170.0,-0.6110614538192749,-0.7677005492248024
TOKYOTECH_s05,167,91,170.03333333333333,-0.8323301672935486,-0.4555222139789703
TOKYOTECH_s05,167,92,170.06666666666666,-0.9946063160896301,-0.10256040221747433
TOKYOTECH_s05,167,93,170.1,-1.1390289068222046,0.2310187801936269
TOKYOTECH_s05,167,94,170.13333333333333,-1.1724565029144287,0.49640960876751183
TOKYOTECH_s05,167,95,170.16666666666666,-1.184691309928894,0.6689017636754954
TOKYOTECH_s05,167,96,170.2,-1.1349416971206665,0.7497580113486185
TOKYOTECH_s05,167,97,170.23333333333332,-1.194424033164978,0.7578055907797127
TOKYOTECH_s05,167,98,170.26666666666668,-1.2539775371551514,0.7168273549185484
TOKYOTECH_s05,167,99,170.3,-1.2101404666900635,0.6460249595692537
TOKYOTECH_s05,167,100,170.33333333333334,-0.3506929576396942,0.5570504648590565
TOKYOTECH_s05,167,101,170.36666666666667,1.5058305263519287,0.4559990232740223
TOKYOTECH_s05,167,102,170.4,2.398064374923706,0.34643057035172214
TOKYOTECH_s05,167,103,170.43333333333334,2.1021134853363037,0.2306297618991804
TOKYOTECH_s05,167,104,170.46666666666667,1.5364710092544556,0.10907442889205013
TOKYOTECH_s05,167,105,170.5,1.002038836479187,-0.020061083658068597
TOKYOTECH_s05,167,106,170.53333333333333,0.4328345060348511,-0.15997246695468115
TOKYOTECH_s05,167,107,170.56666666666666,-0.0555344857275486,-0.31311674552205454
TOKYOTECH_s05,167,108,170.6,-0.22577130794525146,-0.47911550470194714
TOKYOTECH_s05,167,109,170.63333333333333,0.041533805429935455,-0.6531779669301225
TOKYOTECH_s05,167,110,170.66666666666666,0.3461310863494873,-0.824145641683332
TOKYOTECH_s05,167,111,170.7,0.3584015369415283,-0.9717552932826107
TOKYOTECH_s05,167,112,170.73333333333332,0.15541385114192963,-1.0657672673313872
TOKYOTECH_s05,167,113,170.76666666666668,-0.27693673968315125,-1.0710213441603877
TOKYOTECH_s05,167,114,170.8,-0.5832526087760925,-0.9590132823172448
TOKYOTECH_s05,167,115,170.83333333333334,-0.940039336681366,-0.7213912032181573
TOKYOTECH_s05,167,116,170.86666666666667,-1.1529110670089722,-0.37856697546975426
TOKYOTECH_s05,167,117,170.9,-1.2777258157730103,0.021803486611388173
TOKYOTECH_s05,167,118,170.93333333333334,-1.314937949180603,0.41768105714424253
TOKYOTECH_s05,167,119,170.96666666666667,-1.329300880432129,0.7523303626951682
TOKYOTECH_s05,167,120,171.0,-1.2927923202514648,0.9911744155071758
TOKYOTECH_s05,167,121,171.03333333333333,-1.2563550472259521,1.126721973063295
TOKYOTECH_s05,167,122,171.06666666666666,-1.246177077293396,1.1704705157560025
TOKYOTECH_s05,167,123,171.1,-1.2853659391403198,1.1393636792112134
TOKYOTECH_s05,167,124,171.13333333333333,-1.3156057596206665,1.0462592516002795
TOKYOTECH_s05,167,125,171.16666666666666,-0.23644784092903137,0.8988140148490427
TOKYOTECH_s05,167,126,171.2,1.8252182006835938,0.7041416848379887
TOKYOTECH_s05,167,127,171.23333333333332,2.6924660205841064,0.47331590057690587
TOKYOTECH_s05,167,128,171.26666666666668,2.3799171447753906,0.22240061236842418
TOKYOTECH_s05,167,129,171.3,1.9048781394958496,-0.029259309788575393
TOKYOTECH_s05,167,130,171.33333333333334,1.428788423538208,-0.2619888654827892
TOKYOTECH_s05,167,131,171.36666666666667,0.9967049956321716,-0.45969762467365116
TOKYOTECH_s05,167,132,171.4,0.5364476442337036,-0.6144257765793865
TOKYOTECH_s05,167,133,171.43333333333334,0.23226885497570038,-0.7295202405601748
TOKYOTECH_s05,167,134,171.46666666666667,0.3324982523918152,-0.8180931073579482
TOKYOTECH_s05,167,135,171.5,0.6149588823318481,-0.894907985567178
TOKYOTECH_s05,167,136,171.53333333333333,0.6689559817314148,-0.9645407106448827
TOKYOTECH_s05,167,137,171.56666666666666,0.3538246154785156,-1.0128887146349486
TOKYOTECH_s05,167,138,171.6,-0.03391428291797638,-1.0087808647891252
TOKYOTECH_s05,167,139,171.63333333333333,-0.2963753342628479,-0.9170172792082437
TOKYOTECH_s05,167,140,171.66666666666666,-0.6619953513145447,-0.7167328543399989
TOKYOTECH_s05,167,141,171.7,-0.9600745439529419,-0.41498752039104997
TOKYOTECH_s05,167,142,171.73333333333332,-1.0154340267181396,-0.048265505787742906
TOKYOTECH_s05,167,143,171.76666666666668,-1.0838475227355957,0.32845225522733207
TOKYOTECH_s05,167,144,171.8,-1.0672227144241333,0.6592179192490686
TOKYOTECH_s05,167,145,171.83333333333334,-1.1200889348983765,0.9032943303259486
TOKYOTECH_s05,167,146,171.86666666666667,-1.1110419034957886,1.044177964656932
TOKYOTECH_s05,167,147,171.9,-1.130507230758667,1.0893726175546432
TOKYOTECH_s05,167,148,171.93333333333334,-1.1429914236068726,1.0616671314476367
TOKYOTECH_s05,167,149,171.96666666666667,-1.2115830183029175,0.9854861862800427
TOKYOTECH_s05,167,150,172.0,-1.3312599658966064,0.8750643204081199
TOKYOTECH_s05,167,151,172.03333333333333,-0.7621089816093445,0.7312678130263003
TOKYOTECH_s05,167,152,172.06666666666666,1.1396316289901733,0.5485986380629652
TOKYOTECH_s05,167,153,172.1,2.5962259769439697,0.32700676141196844
TOKYOTECH_s05,167,154,172.13333333333333,2.558746814727783,0.08001736458393503
TOKYOTECH_s05,167,155,172.16666666666666,2.0572702884674072,-0.1666397490616107
TOKYOTECH_s05,167,156,172.2,1.6312507390975952,-0.3850491694547069
TOKYOTECH_s05,167,157,172.23333333333332,1.1336033344268799,-0.5569765364246939
TOKYOTECH_s05,167,158,172.26666666666668,0.6462137699127197,-0.6797312521899065
TOKYOTECH_s05,167,159,172.3,0.33467987179756165,-0.7625242237455083
TOKYOTECH_s05,167,160,172.33333333333334,0.34826818108558655,-0.8165643199578932
TOKYOTECH_s05,167,161,172.36666666666667,0.5969449877738953,-0.8462090886977236
TOKYOTECH_s05,167,162,172.4,0.7088304162025452,-0.846716621279102
TOKYOTECH_s05,167,163,172.43333333333334,0.48524656891822815,-0.8085105387170749
TOKYOTECH_s05,167,164,172.46666666666667,0.15127325057983398,-0.7230879332117499
TOKYOTECH_s05,167,165,172.5,-0.13315528631210327,-0.5858061328672555
TOKYOTECH_s05,167,166,172.53333333333333,-0.4816875159740448,-0.3957395389762996
TOKYOTECH_s05,167,167,172.56666666666666,-0.77413010597229,-0.15673293556003498
TOKYOTECH_s05,167,168,172.6,-0.9221145510673523,0.11819923635393394
TOKYOTECH_s05,167,169,172.63333333333333,-0.9427106976509094,0.4023856499948639
TOKYOTECH_s05,167,170,172.66666666666666,-0.9448477625846863,0.6572023082238576
TOKYOTECH_s05,167,171,172.7,-0.977571964263916,0.843174391040801
TOKYOTECH_s05,167,172,172.73333333333332,-0.9775630235671997,0.9357858715524504
TOKYOTECH_s05,167,173,172.76666666666668,-0.9368871450424194,0.9357277381405236
TOKYOTECH_s05,167,174,172.8,-1.0394940376281738,0.8660019613666872
TOKYOTECH_s05,167,175,172.83333333333334,-1.1793931722640991,0.7573197106519565
TOKYOTECH_s05,167,176,172.86666666666667,-1.1974960565567017,0.631734805766629
TOKYOTECH_s05,167,177,172.9,-0.6121299862861633,0.49553795067576
TOKYOTECH_s05,167,178,172.93333333333334,1.138848066329956,0.3445551806797184
TOKYOTECH_s05,167,179,172.96666666666667,2.332197666168213,0.17531573462064878
TOKYOTECH_s05,167,180,173.0,2.291771173477173,-0.007622624050577053
TOKYOTECH_s05,167,181,173.03333333333333,1.8372125625610352,-0.19314501331919925
TOKYOTECH_s05,167,182,173.06666666666666,1.2804924249649048,-0.3706125139334473
TOKYOTECH_s05,167,183,173.1,0.6286362409591675,-0.5348303388741095
TOKYOTECH_s05,167,184,173.13333333333333,0.07874584197998047,-0.6845669604753921
TOKYOTECH_s05,167,185,173.16666666666666,-0.022694574669003487,-0.8168346911434675
TOKYOTECH_s05,167,186,173.2,0.26511767506599426,-0.9225205336260246
TOKYOTECH_s05,167,187,173.23333333333332,0.5218797922134399,-0.9869418172200172
TOKYOTECH_s05,167,188,173.26666666666668,0.5014439225196838,-0.9939181965493629
TOKYOTECH_s05,167,189,173.3,0.30815327167510986,-0.9293746879322619
TOKYOTECH_s05,167,190,173.33333333333334,0.029129793867468834,-0.783155696050191
TOKYOTECH_s05,167,191,173.36666666666667,-0.371004194021225,-0.5515369606628634
TOKYOTECH_s05,167,192,173.4,-0.7307383418083191,-0.24265970528267763
TOKYOTECH_s05,167,193,173.43333333333334,-0.8844839930534363,0.11725302237451404
TOKYOTECH_s05,167,194,173.46666666666667,-1.0125311613082886,0.4833179938757297
TOKYOTECH_s05,167,195,173.5,-1.1044615507125854,0.8020299047286121
TOKYOTECH_s05,167,196,173.53333333333333,-1.090419054031372,1.028734797747725
TOKYOTECH_s05,167,197,173.56666666666666,-1.1542199850082397,1.1423767382069219
TOKYOTECH_s05,167,198,173.6,-1.1036601066589355,1.1489702743765433
TOKYOTECH_s05,167,199,173.63333333333333,-1.1256364583969116,1.0731427339839832
TOKYOTECH_s05,167,200,173.66666666666666,-1.1842906475067139,0.9443161730273448
TOKYOTECH_s05,167,201,173.7,-1.0757710933685303,0.785967920013302
TOKYOTECH_s05,167,202,173.73333333333332,0.10718691349029541,0.6123927770384022
TOKYOTECH_s05,167,203,173.76666666666668,1.963692545890808,0.4314090528181676
TOKYOTECH_s05,167,204,173.8,2.5176613330841064,0.2481982849424962
TOKYOTECH_s05,167,205,173.83333333333334,2.168755054473877,0.06655106235352898
TOKYOTECH_s05,167,206,173.86666666666667,1.6528887748718262,-0.11239061474402555
TOKYOTECH_s05,167,207,173.9,1.1162127256393433,-0.2909420549348776
TOKYOTECH_s05,167,208,173.93333333333334,0.5705074667930603,-0.4729253736310795
TOKYOTECH_s05,167,209,173.96666666666667,0.2449221909046173,-0.6594714893441861
TOKYOTECH_s05,167,210,174.0,0.18633928894996643,-0.8451193782315849
TOKYOTECH_s05,167,211,174.03333333333333,0.32021892070770264,-1.016252613895618
TOKYOTECH_s05,167,212,174.06666666666666,0.4442679286003113,-1.1515667160943608
TOKYOTECH_s05,167,213,174.1,0.37806275486946106,-1.2234157181523873
TOKYOTECH_s05,167,214,174.13333333333333,0.20828895270824432,-1.2011232611234546
TOKYOTECH_s05,167,215,174.16666666666666,-0.1238945722579956,-1.058849180191701
TOKYOTECH_s05,167,216,174.2,-0.549593448638916,-0.7877400729677647
TOKYOTECH_s05,167,217,174.23333333333332,-0.8003450632095337,-0.40695698794851803
TOKYOTECH_s05,167,218,174.26666666666668,-0.9490952491760254,0.03434614900943475
TOKYOTECH_s05,167,219,174.3,-1.1382808685302734,0.4684298908313661
TOKYOTECH_s05,167,220,174.33333333333334,-1.1353602409362793,0.8295355151004458
TOKYOTECH_s05,167,221,174.36666666666667,-1.1324751377105713,1.0730571317651825
TOKYOTECH_s05,167,222,174.4,-1.0977563858032227,1.1844535806447771
TOKYOTECH_s05,167,223,174.43333333333334,-1.1169100999832153,1.1760741132424959
TOKYOTECH_s05,167,224,174.46666666666667,-1.183355689048767,1.0763304652157846
TOKYOTECH_s05,167,225,174.5,-1.229347586631775,0.917724942905906
TOKYOTECH_s05,167,226,174.53333333333333,-1.2987850904464722,0.7281553121654896
TOKYOTECH_s05,167,227,174.56666666666666,-0.6054070591926575,0.5264151026040856
TOKYOTECH_s05,167,228,174.6,1.3238040208816528,0.32085061482718646
TOKYOTECH_s05,167,229,174.63333333333333,2.539379358291626,0.11041438044882478
TOKYOTECH_s05,167,230,174.66666666666666,2.453566312789917,-0.1114150883050704
TOKYOTECH_s05,167,231,174.7,2.0017950534820557,-0.3493495193681884
TOKYOTECH_s05,167,232,174.73333333333332,1.517682433128357,-0.5973208948357017
TOKYOTECH_s05,167,233,174.76666666666668,1.0926424264907837,-0.8321936931631305
TOKYOTECH_s05,167,234,174.8,0.6083071827888489,-1.0150448786655504
TOKYOTECH_s05,167,235,174.83333333333334,0.22903650999069214,-1.1017272223907804
TOKYOTECH_s05,167,236,174.86666666666667,0.22503837943077087,-1.0587920795295522
TOKYOTECH_s05,167,237,174.9,0.4389430284500122,-0.8771972883172985
TOKYOTECH_s05,167,238,174.93333333333334,0.5172761678695679,-0.5777931811969359
TOKYOTECH_s05,167,239,174.96666666666667,0.35773369669914246,-0.20732061477875932
TOKYOTECH_s05,168,0,168.0,0.563535213470459,-0.1354239957835413
TOKYOTECH_s05,168,1,168.03333333333333,0.21689073741436005,-1.7999446049068866
TOKYOTECH_s05,168,2,168.06666666666666,0.17348113656044006,-3.2359408151809586
TOKYOTECH_s05,168,3,168.1,0.4637332260608673,-4.267498433202431
TOKYOTECH_s05,168,4,168.13333333333333,0.5063770413398743,-4.802754658382778
TOKYOTECH_s05,168,5,168.16666666666666,0.2829534411430359,-4.844477454463802
TOKYOTECH_s05,168,6,168.2,0.03132030740380287,-4.4725445186102375
TOKYOTECH_s05,168,7,168.23333333333332,-0.2805875837802887,-3.809724718469249
TOKYOTECH_s05,168,8,168.26666666666668,-0.6758864521980286,-2.986779298412487
TOKYOTECH_s05,168,9,168.3,-0.9318649768829346,-2.117556098443536
TOKYOTECH_s05,168,10,168.33333333333334,-1.0106077194213867,-1.2868999225325477
TOKYOTECH_s05,168,11,168.36666666666667,-1.133027195930481,-0.5487658456731842
TOKYOTECH_s05,168,12,168.4,-1.1702570915222168,0.06969427767040046
TOKYOTECH_s05,168,13,168.43333333333334,-1.1544604301452637,0.5615530364174509
TOKYOTECH_s05,168,14,168.46666666666667,-1.197656273841858,0.9334259448273688
TOKYOTECH_s05,168,15,168.5,-1.167639136314392,1.1998992818872005
TOKYOTECH_s05,168,16,168.53333333333333,-1.2187511920928955,1.3788718196056784
TOKYOTECH_s05,168,17,168.56666666666666,-1.292222499847412,1.4870300430999608
TOKYOTECH_s05,168,18,168.6,-1.3836719989776611,1.5356465483400756
TOKYOTECH_s05,168,19,168.63333333333333,-1.0141695737838745,1.5283975003661463
TOKYOTECH_s05,168,20,168.66666666666666,0.8016423583030701,1.463211990304809
TOKYOTECH_s05,168,21,168.7,2.4249651432037354,1.3382291779710258
TOKYOTECH_s05,168,22,168.73333333333332,2.5164947509765625,1.158590799856363
TOKYOTECH_s05,168,23,168.76666666666668,2.04767107963562,0.9392641347836689
TOKYOTECH_s05,168,24,168.8,1.6003164052963257,0.7015312284887316
TOKYOTECH_s05,168,25,168.83333333333334,1.078395128250122,0.4651921499873613
TOKYOTECH_s05,168,26,168.86666666666667,0.5461268424987793,0.241409242444529
TOKYOTECH_s05,168,27,168.9,0.1789129078388214,0.03069903187962593
TOKYOTECH_s05,168,28,168.93333333333334,0.1979507952928543,-0.17271675201852255
TOKYOTECH_s05,168,29,168.96666666666667,0.37927374243736267,-0.37288921014298754
TOKYOTECH_s05,168,30,169.0,0.4373134970664978,-0.5651158855678687
TOKYOTECH_s05,168,31,169.03333333333333,0.31602486968040466,-0.7335112007713669
TOKYOTECH_s05,168,32,169.06666666666666,0.07279761135578156,-0.8536334118769741
TOKYOTECH_s05,168,33,169.1,-0.2838466465473175,-0.8983807863932003
TOKYOTECH_s05,168,34,169.13333333333333,-0.6847642660140991,-0.8457201139126721
TOKYOTECH_s05,168,35,169.16666666666666,-0.9725853800773621,-0.6875036575270751
TOKYOTECH_s05,168,36,169.2,-1.0283812284469604,-0.4372645077172883
TOKYOTECH_s05,168,37,169.23333333333332,-1.1299641132354736,-0.13275193493487547
TOKYOTECH_s05,168,38,169.26666666666668,-1.1604976654052734,0.17095056926798907
TOKYOTECH_s05,168,39,169.3,-1.2318052053451538,0.417788854459776
TOKYOTECH_s05,168,40,169.33333333333334,-1.2014763355255127,0.5700426619397494
TOKYOTECH_s05,168,41,169.36666666666667,-1.1648342609405518,0.6205302126540833
TOKYOTECH_s05,168,42,169.4,-1.1673452854156494,0.5912933396638909
TOKYOTECH_s05,168,43,169.43333333333334,-1.2229896783828735,0.5202853922789182
TOKYOTECH_s05,168,44,169.46666666666667,-1.3920066356658936,0.4440200862367716
TOKYOTECH_s05,168,45,169.5,-1.3041455745697021,0.38514123947086165
TOKYOTECH_s05,168,46,169.53333333333333,-0.10457173734903336,0.3492729252541913
TOKYOTECH_s05,168,47,169.56666666666666,1.8361084461212158,0.32936556653916005
TOKYOTECH_s05,168,48,169.6,2.4951417446136475,0.31252740401632406
TOKYOTECH_s05,168,49,169.63333333333333,2.1125407218933105,0.28503067295000745
TOKYOTECH_s05,168,50,169.66666666666666,1.56734299659729,0.23419764271645582
TOKYOTECH_s05,168,51,169.7,1.0524206161499023,0.1487719662477926
TOKYOTECH_s05,168,52,169.73333333333332,0.47976139187812805,0.02026176864574863
TOKYOTECH_s05,168,53,169.76666666666668,-0.019355377182364464,-0.1536989240933071
TOKYOTECH_s05,168,54,169.8,-0.00314022577367723,-0.3653759422280191
TOKYOTECH_s05,168,55,169.83333333333334,0.3759167492389679,-0.594896150736007
TOKYOTECH_s05,168,56,169.86666666666667,0.5399115085601807,-0.8114864362135479
TOKYOTECH_s05,168,57,169.9,0.4431370496749878,-0.9777799724374429
TOKYOTECH_s05,168,58,169.93333333333334,0.1936677098274231,-1.0568958092360707
TOKYOTECH_s05,168,59,169.96666666666667,-0.26494234800338745,-1.0219295611480197
TOKYOTECH_s05,168,60,170.0,-0.6110614538192749,-0.8657561661896693
TOKYOTECH_s05,168,61,170.03333333333333,-0.8323301672935486,-0.6068859716123067
TOKYOTECH_s05,168,62,170.06666666666666,-0.9946063160896301,-0.2870126029544553
TOKYOTECH_s05,168,63,170.1,-1.1390289068222046,0.0407580547822023
TOKYOTECH_s05,168,64,170.13333333333333,-1.1724565029144287,0.3284170853985782
TOKYOTECH_s05,168,65,170.16666666666666,-1.184691309928894,0.5462296485357886
TOKYOTECH_s05,168,66,170.2,-1.1349416971206665,0.6864626999217506
TOKYOTECH_s05,168,67,170.23333333333332,-1.194424033164978,0.7574433206052531
TOKYOTECH_s05,168,68,170.26666666666668,-1.2539775371551514,0.7733327260520644
TOKYOTECH_s05,168,69,170.3,-1.2101404666900635,0.7464568012519944
TOKYOTECH_s05,168,70,170.33333333333334,-0.3506929576396942,0.6854657609240404
TOKYOTECH_s05,168,71,170.36666666666667,1.5058305263519287,0.5975844395213988
TOKYOTECH_s05,168,72,170.4,2.398064374923706,0.4909448036576853
TOKYOTECH_s05,168,73,170.43333333333334,2.1021134853363037,0.37424222337659674
TOKYOTECH_s05,168,74,170.46666666666667,1.5364710092544556,0.25395260841197137
TOKYOTECH_s05,168,75,170.5,1.002038836479187,0.13158758009666188
TOKYOTECH_s05,168,76,170.53333333333333,0.4328345060348511,0.00336033205816187
TOKYOTECH_s05,168,77,170.56666666666666,-0.0555344857275486,-0.13725643123512882
TOKYOTECH_s05,168,78,170.6,-0.22577130794525146,-0.29548468358165464
TOKYOTECH_s05,168,79,170.63333333333333,0.041533805429935455,-0.4713368019244601
TOKYOTECH_s05,168,80,170.66666666666666,0.3461310863494873,-0.6561477936782192
TOKYOTECH_s05,168,81,170.7,0.3584015369415283,-0.8296664463414649
TOKYOTECH_s05,168,82,170.73333333333332,0.15541385114192963,-0.9600364350480418
TOKYOTECH_s05,168,83,170.76666666666668,-0.27693673968315125,-1.0098609842543793
TOKYOTECH_s05,168,84,170.8,-0.5832526087760925,-0.9480959999332396
TOKYOTECH_s05,168,85,170.83333333333334,-0.940039336681366,-0.7630067855669187
TOKYOTECH_s05,168,86,170.86666666666667,-1.1529110670089722,-0.47017713195392646
TOKYOTECH_s05,168,87,170.9,-1.2777258157730103,-0.11137201337144909
TOKYOTECH_s05,168,88,170.93333333333334,-1.314937949180603,0.25679371712724247
TOKYOTECH_s05,168,89,170.96666666666667,-1.329300880432129,0.5807003043360486
TOKYOTECH_s05,168,90,171.0,-1.2927923202514648,0.8253407533719569
TOKYOTECH_s05,168,91,171.03333333333333,-1.2563550472259521,0.9791241614835502
TOKYOTECH_s05,168,92,171.06666666666666,-1.246177077293396,1.0470419899510763
TOKYOTECH_s05,168,93,171.1,-1.2853659391403198,1.0396300012585875
TOKYOTECH_s05,168,94,171.13333333333333,-1.3156057596206665,0.9661441202812248
TOKYOTECH_s05,168,95,171.16666666666666,-0.23644784092903137,0.834838640035791
TOKYOTECH_s05,168,96,171.2,1.8252182006835938,0.6568667730385918
TOKYOTECH_s05,168,97,171.23333333333332,2.6924660205841064,0.4482220239885477
TOKYOTECH_s05,168,98,171.26666666666668,2.3799171447753906,0.22749240385824093
TOKYOTECH_s05,168,99,171.3,1.9048781394958496,0.011555410367954997
TOKYOTECH_s05,168,100,171.33333333333334,1.428788423538208,-0.18784392974353653
TOKYOTECH_s05,168,101,171.36666666666667,0.9967049956321716,-0.3655664523621942
TOKYOTECH_s05,168,102,171.4,0.5364476442337036,-0.5229953987175479
TOKYOTECH_s05,168,103,171.43333333333334,0.23226885497570038,-0.666495487840574
TOKYOTECH_s05,168,104,171.46666666666667,0.3324982523918152,-0.8033715267908212
TOKYOTECH_s05,168,105,171.5,0.6149588823318481,-0.9348691084202826
TOKYOTECH_s05,168,106,171.53333333333333,0.6689559817314148,-1.0489961316773126
TOKYOTECH_s05,168,107,171.56666666666666,0.3538246154785156,-1.1184602443165974
TOKYOTECH_s05,168,108,171.6,-0.03391428291797638,-1.107369673113189
TOKYOTECH_s05,168,109,171.63333333333333,-0.2963753342628479,-0.985361170226822
TOKYOTECH_s05,168,110,171.66666666666666,-0.6619953513145447,-0.7429010347356056
TOKYOTECH_s05,168,111,171.7,-0.9600745439529419,-0.3999264490898441
TOKYOTECH_s05,168,112,171.73333333333332,-1.0154340267181396,-0.003034159538048438
TOKYOTECH_s05,168,113,171.76666666666668,-1.0838475227355957,0.3878140966384263
TOKYOTECH_s05,168,114,171.8,-1.0672227144241333,0.7170702323115754
TOKYOTECH_s05,168,115,171.83333333333334,-1.1200889348983765,0.9484405111436585
TOKYOTECH_s05,168,116,171.86666666666667,-1.1110419034957886,1.0719611035056265
TOKYOTECH_s05,168,117,171.9,-1.130507230758667,1.102063564796435
TOKYOTECH_s05,168,118,171.93333333333334,-1.1429914236068726,1.0674940592791267
TOKYOTECH_s05,168,119,171.96666666666667,-1.2115830183029175,0.9962760669504249
TOKYOTECH_s05,168,120,172.0,-1.3312599658966064,0.9025040109399314
TOKYOTECH_s05,168,121,172.03333333333333,-0.7621089816093445,0.7825740904491298
TOKYOTECH_s05,168,122,172.06666666666666,1.1396316289901733,0.6232834474178611
TOKYOTECH_s05,168,123,172.1,2.5962259769439697,0.4164961712312162
TOKYOTECH_s05,168,124,172.13333333333333,2.558746814727783,0.17066492755207227
TOKYOTECH_s05,168,125,172.16666666666666,2.0572702884674072,-0.08849386026552378
TOKYOTECH_s05,168,126,172.2,1.6312507390975952,-0.32853154041018445
TOKYOTECH_s05,168,127,172.23333333333332,1.1336033344268799,-0.5248457369937543
TOKYOTECH_s05,168,128,172.26666666666668,0.6462137699127197,-0.6697428135422019
TOKYOTECH_s05,168,129,172.3,0.33467987179756165,-0.7705878198033467
TOKYOTECH_s05,168,130,172.33333333333334,0.34826818108558655,-0.8395269220369247
TOKYOTECH_s05,168,131,172.36666666666667,0.5969449877738953,-0.8827977136648292
TOKYOTECH_s05,168,132,172.4,0.7088304162025452,-0.8965459637788251
TOKYOTECH_s05,168,133,172.43333333333334,0.48524656891822815,-0.8701626835351164
TOKYOTECH_s05,168,134,172.46666666666667,0.15127325057983398,-0.7926191445257733
TOKYOTECH_s05,168,135,172.5,-0.13315528631210327,-0.6566515902022652
TOKYOTECH_s05,168,136,172.53333333333333,-0.4816875159740448,-0.4602120276254111
TOKYOTECH_s05,168,137,172.56666666666666,-0.77413010597229,-0.20848057715581564
TOKYOTECH_s05,168,138,172.6,-0.9221145510673523,0.08201643825614349
TOKYOTECH_s05,168,139,172.63333333333333,-0.9427106976509094,0.380372608139166
TOKYOTECH_s05,168,140,172.66666666666666,-0.9448477625846863,0.6446348868372566
TOKYOTECH_s05,168,141,172.7,-0.977571964263916,0.8335199462607755
TOKYOTECH_s05,168,142,172.73333333333332,-0.9775630235671997,0.9216652706949456
TOKYOTECH_s05,168,143,172.76666666666668,-0.9368871450424194,0.9091346848831091
TOKYOTECH_s05,168,144,172.8,-1.0394940376281738,0.8186173821884225
TOKYOTECH_s05,168,145,172.83333333333334,-1.1793931722640991,0.6818909937811415
TOKYOTECH_s05,168,146,172.86666666666667,-1.1974960565567017,0.5247290492823273
TOKYOTECH_s05,168,147,172.9,-0.6121299862861633,0.3602936321338626
TOKYOTECH_s05,168,148,172.93333333333334,1.138848066329956,0.193686004004961
TOKYOTECH_s05,168,149,172.96666666666667,2.332197666168213,0.03126376292838186
TOKYOTECH_s05,168,150,173.0,2.291771173477173,-0.11466847172767834
TOKYOTECH_s05,168,151,173.03333333333333,1.8372125625610352,-0.230388468486636
TOKYOTECH_s05,168,152,173.06666666666666,1.2804924249649048,-0.3105306727206445
TOKYOTECH_s05,168,153,173.1,0.6286362409591675,-0.36412934391419455
TOKYOTECH_s05,168,154,173.13333333333333,0.07874584197998047,-0.4110311508235882
TOKYOTECH_s05,168,155,173.16666666666666,-0.022694574669003487,-0.4705928289545654
TOKYOTECH_s05,168,156,173.2,0.26511767506599426,-0.5503469742305939
TOKYOTECH_s05,168,157,173.23333333333332,0.5218797922134399,-0.6415211926387904
TOKYOTECH_s05,168,158,173.26666666666668,0.5014439225196838,-0.7218345520044361
TOKYOTECH_s05,168,159,173.3,0.30815327167510986,-0.7611829463247026
TOKYOTECH_s05,168,160,173.33333333333334,0.029129793867468834,-0.7277632380621302
TOKYOTECH_s05,168,161,173.36666666666667,-0.371004194021225,-0.5961491034408509
TOKYOTECH_s05,168,162,173.4,-0.7307383418083191,-0.35825430323860713
TOKYOTECH_s05,168,163,173.43333333333334,-0.8844839930534363,-0.03333964206293483
TOKYOTECH_s05,168,164,173.46666666666667,-1.0125311613082886,0.33066995406519256
TOKYOTECH_s05,168,165,173.5,-1.1044615507125854,0.6696805496935339
TOKYOTECH_s05,168,166,173.53333333333333,-1.090419054031372,0.9253955025386494
TOKYOTECH_s05,168,167,173.56666666666666,-1.1542199850082397,1.0647024933361475
TOKYOTECH_s05,168,168,173.6,-1.1036601066589355,1.0862535783158387
TOKYOTECH_s05,168,169,173.63333333333333,-1.1256364583969116,1.0127686235750961
TOKYOTECH_s05,168,170,173.66666666666666,-1.1842906475067139,0.8758344767230731
TOKYOTECH_s05,168,171,173.7,-1.0757710933685303,0.702723557852028
TOKYOTECH_s05,168,172,173.73333333333332,0.10718691349029541,0.5111954020829347
TOKYOTECH_s05,168,173,173.76666666666668,1.963692545890808,0.31177705191327254
TOKYOTECH_s05,168,174,173.8,2.5176613330841064,0.11240207192033297
TOKYOTECH_s05,168,175,173.83333333333334,2.168755054473877,-0.07962266452961846
TOKYOTECH_s05,168,176,173.86666666666667,1.6528887748718262,-0.25918076855380057
TOKYOTECH_s05,168,177,173.9,1.1162127256393433,-0.425377430355439
TOKYOTECH_s05,168,178,173.93333333333334,0.5705074667930603,-0.5809727441919295
TOKYOTECH_s05,168,179,173.96666666666667,0.2449221909046173,-0.7290278168767467
TOKYOTECH_s05,168,180,174.0,0.18633928894996643,-0.8690307457722642
TOKYOTECH_s05,168,181,174.03333333333333,0.32021892070770264,-0.9945989941492973
TOKYOTECH_s05,168,182,174.06666666666666,0.4442679286003113,-1.0925277572610381
TOKYOTECH_s05,168,183,174.1,0.37806275486946106,-1.1420718710197606
TOKYOTECH_s05,168,184,174.13333333333333,0.20828895270824432,-1.115836934827983
TOKYOTECH_s05,168,185,174.16666666666666,-0.1238945722579956,-0.9856952780819531
TOKYOTECH_s05,168,186,174.2,-0.549593448638916,-0.7346792760326465
TOKYOTECH_s05,168,187,174.23333333333332,-0.8003450632095337,-0.3702308515433695
TOKYOTECH_s05,168,188,174.26666666666668,-0.9490952491760254,0.06971963945212174
TOKYOTECH_s05,168,189,174.3,-1.1382808685302734,0.5239785177433096
TOKYOTECH_s05,168,190,174.33333333333334,-1.1353602409362793,0.9261420082765999
TOKYOTECH_s05,168,191,174.36666666666667,-1.1324751377105713,1.2237299440441514
TOKYOTECH_s05,168,192,174.4,-1.0977563858032227,1.3893627742388446
TOKYOTECH_s05,168,193,174.43333333333334,-1.1169100999832153,1.4213262248206047
TOKYOTECH_s05,168,194,174.46666666666667,-1.183355689048767,1.3368148237646886
TOKYOTECH_s05,168,195,174.5,-1.229347586631775,1.1633026970224531
TOKYOTECH_s05,168,196,174.53333333333333,-1.2987850904464722,0.9317757893470213
TOKYOTECH_s05,168,197,174.56666666666666,-0.6054070591926575,0.6723567384697384
TOKYOTECH_s05,168,198,174.6,1.3238040208816528,0.410945922196998
TOKYOTECH_s05,168,199,174.63333333333333,2.539379358291626,0.16596990809994164
TOKYOTECH_s05,168,200,174.66666666666666,2.453566312789917,-0.05377536911232178
TOKYOTECH_s05,168,201,174.7,2.0017950534820557,-0.2483472805787616
TOKYOTECH_s05,168,202,174.73333333333332,1.517682433128357,-0.42277285890214195
TOKYOTECH_s05,168,203,174.76666666666668,1.0926424264907837,-0.582444387793051
TOKYOTECH_s05,168,204,174.8,0.6083071827888489,-0.730914968833309
TOKYOTECH_s05,168,205,174.83333333333334,0.22903650999069214,-0.8708327920345295
TOKYOTECH_s05,168,206,174.86666666666667,0.22503837943077087,-1.0047772601725118
TOKYOTECH_s05,168,207,174.9,0.4389430284500122,-1.1317751735462702
TOKYOTECH_s05,168,208,174.93333333333334,0.5172761678695679,-1.2397132836284765
TOKYOTECH_s05,168,209,174.96666666666667,0.35773369669914246,-1.2996120710048775
TOKYOTECH_s05,168,210,175.0,0.04929855838418007,-1.269045963504073
TOKYOTECH_s05,168,211,175.03333333333333,-0.2692788541316986,-1.1071700561459836
TOKYOTECH_s05,168,212,175.06666666666666,-0.6421738862991333,-0.7956134618056735
TOKYOTECH_s05,168,213,175.1,-0.9739923477172852,-0.35393593327720246
TOKYOTECH_s05,168,214,175.13333333333333,-1.098219394683838,0.1599326759422192
TOKYOTECH_s05,168,215,175.16666666666666,-1.1028586626052856,0.6657325243702578
TOKYOTECH_s05,168,216,175.2,-1.1144790649414062,1.0855073193075084
TOKYOTECH_s05,168,217,175.23333333333332,-1.1779506206512451,1.3649734513076448
TOKYOTECH_s05,168,218,175.26666666666668,-1.1870331764221191,1.4838921738798427
TOKYOTECH_s05,168,219,175.3,-1.1387083530426025,1.4549059330731906
TOKYOTECH_s05,168,220,175.33333333333334,-1.1546385288238525,1.3143806650870693
TOKYOTECH_s05,168,221,175.36666666666667,-1.3033086061477661,1.109282205301409
TOKYOTECH_s05,168,222,175.4,-1.3980438709259033,0.8835214269933328
TOKYOTECH_s05,168,223,175.43333333333334,-0.746846616268158,0.6671330640074862
TOKYOTECH_s05,168,224,175.46666666666667,1.1703790426254272,0.47181269718249474
TOKYOTECH_s05,168,225,175.5,2.450850486755371,0.2945144790775672
TOKYOTECH_s05,168,226,175.53333333333333,2.328653573989868,0.12636247655483485
TOKYOTECH_s05,168,227,175.56666666666666,1.8601417541503906,-0.03915785583345413
TOKYOTECH_s05,168,228,175.6,1.428815245628357,-0.20334261437385978
TOKYOTECH_s05,168,229,175.63333333333333,0.9245961308479309,-0.36463038892035415
TOKYOTECH_s05,168,230,175.66666666666666,0.4466632604598999,-0.5219679822188273
TOKYOTECH_s05,168,231,175.7,0.15089035034179688,-0.6746310969081583
TOKYOTECH_s05,168,232,175.73333333333332,0.231520876288414,-0.8177407539252541
TOKYOTECH_s05,168,233,175.76666666666668,0.5277835130691528,-0.9373598377612944
TOKYOTECH_s05,168,234,175.8,0.5707479119300842,-1.0105448202972263
TOKYOTECH_s05,168,235,175.83333333333334,0.3211538791656494,-1.0125337208609155
TOKYOTECH_s05,168,236,175.86666666666667,-0.02275690622627735,-0.9274491917554138
TOKYOTECH_s05,168,237,175.9,-0.38794952630996704,-0.7558973747325083
TOKYOTECH_s05,168,238,175.93333333333334,-0.7689833045005798,-0.5157903623881538
TOKYOTECH_s05,168,239,175.96666666666667,-0.9794151782989502,-0.2377746305158808
