recording_id,measurement_id,sample_index,time_seconds,gt_signal,predicted_signal
COHFACE_s04_session3_natural,0,0,0.0,-9.281941413879395,-0.08049222503434685
COHFACE_s04_session3_natural,0,1,0.03333333333333333,-6.384627342224121,0.37916191723705517
COHFACE_s04_session3_natural,0,2,0.06666666666666667,0.7935959100723267,0.7579053951102981
COHFACE_s04_session3_natural,0,3,0.1,1.834537148475647,0.9889721892978515
COHFACE_s04_session3_natural,0,4,0.13333333333333333,0.7249815464019775,1.0403961548710343
COHFACE_s04_session3_natural,0,5,0.16666666666666666,0.8669006824493408,0.9207844400581873
COHFACE_s04_session3_natural,0,6,0.2,0.8159759640693665,0.6714633426054609
COHFACE_s04_session3_natural,0,7,0.23333333333333334,0.4067188799381256,0.3524718337018505
COHFACE_s04_session3_natural,0,8,0.26666666666666666,0.21060849726200104,0.028120086215631446
COHFACE_s04_session3_natural,0,9,0.3,0.19357217848300934,-0.24511902505310804
COHFACE_s04_session3_natural,0,10,0.3333333333333333,0.14717037975788116,-0.4269499452395644
COHFACE_s04_session3_natural,0,11,0.36666666666666664,0.04123358428478241,-0.4976167293987336
COHFACE_s04_session3_natural,0,12,0.4,-0.08840665966272354,-0.4585363110371848
COHFACE_s04_session3_natural,0,13,0.43333333333333335,-0.22647292912006378,-0.32964237283303
COHFACE_s04_session3_natural,0,14,0.4666666666666667,-0.3647402226924896,-0.14380894690449164
COHFACE_s04_session3_natural,0,15,0.5,-0.4906448423862457,0.06132069604229165
COHFACE_s04_session3_natural,0,16,0.5333333333333333,-0.6040025949478149,0.25173737239519367
COHFACE_s04_session3_natural,0,17,0.5666666666666667,-0.7113465070724487,0.4016838937394354
COHFACE_s04_session3_natural,0,18,0.6,-0.8053897023200989,0.49378100140869
COHFACE_s04_session3_natural,0,19,0.6333333333333333,-0.8739370703697205,0.5172968245110554
COHFACE_s04_session3_natural,0,20,0.6666666666666666,-0.9539927244186401,0.4671935932596759
COHFACE_s04_session3_natural,0,21,0.7,-1.02158522605896,0.34582505516236156
COHFACE_s04_session3_natural,0,22,0.7333333333333333,-1.0783729553222656,0.16605768314748734
COHFACE_s04_session3_natural,0,23,0.7666666666666667,-1.148176670074463,-0.0481862591171663
COHFACE_s04_session3_natural,0,24,0.8,-1.2110954523086548,-0.2656160040083537
COHFACE_s04_session3_natural,0,25,0.8333333333333334,-1.2527565956115723,-0.4542872970737625
COHFACE_s04_session3_natural,0,26,0.8666666666666667,-1.2935465574264526,-0.5893282882512307
COHFACE_s04_session3_natural,0,27,0.9,-1.333214282989502,-0.65918914261417
COHFACE_s04_session3_natural,0,28,0.9333333333333333,-1.3492120504379272,-0.6678357906243293
COHFACE_s04_session3_natural,0,29,0.9666666666666667,-1.1200006008148193,-0.6307653240135879
COHFACE_s04_session3_natural,0,30,1.0,-0.3733002543449402,-0.5668254513990004
COHFACE_s04_session3_natural,0,31,1.0333333333333334,0.5195070505142212,-0.491478265616579
COHFACE_s04_session3_natural,0,32,1.0666666666666667,1.0740336179733276,-0.41476796395408955
COHFACE_s04_session3_natural,0,33,1.1,1.207509994506836,-0.3441267681129357
COHFACE_s04_session3_natural,0,34,1.1333333333333333,1.256340742111206,-0.28761548786699703
COHFACE_s04_session3_natural,0,35,1.1666666666666667,1.3573859930038452,-0.24996549963925804
COHFACE_s04_session3_natural,0,36,1.2,1.3175173997879028,-0.22456799198203742
COHFACE_s04_session3_natural,0,37,1.2333333333333334,1.1423463821411133,-0.19448910111958562
COHFACE_s04_session3_natural,0,38,1.2666666666666666,0.8712226152420044,-0.1430716453441072
COHFACE_s04_session3_natural,0,39,1.3,0.7179291844367981,-0.06193188069141542
COHFACE_s04_session3_natural,0,40,1.3333333333333333,0.6619454622268677,0.04855928915220045
COHFACE_s04_session3_natural,0,41,1.3666666666666667,0.5908184051513672,0.18271209934284396
COHFACE_s04_session3_natural,0,42,1.4,0.4802246689796448,0.3330232213339907
COHFACE_s04_session3_natural,0,43,1.4333333333333333,0.3221905529499054,0.4907520468820408
COHFACE_s04_session3_natural,0,44,1.4666666666666666,0.1658148616552353,0.6444601059340686
COHFACE_s04_session3_natural,0,45,1.5,0.0033583303447812796,0.7809697954963866
COHFACE_s04_session3_natural,0,46,1.5333333333333334,-0.13433940708637238,0.8892733495262594
COHFACE_s04_session3_natural,0,47,1.5666666666666667,-0.2629913091659546,0.9637786304707074
COHFACE_s04_session3_natural,0,48,1.6,-0.3832506835460663,1.003640446240514
COHFACE_s04_session3_natural,0,49,1.6333333333333333,-0.4826878607273102,1.0062164586714581
COHFACE_s04_session3_natural,0,50,1.6666666666666667,-0.5667806267738342,0.959658116069315
COHFACE_s04_session3_natural,0,51,1.7,-0.6682447791099548,0.8453069520542493
COHFACE_s04_session3_natural,0,52,1.7333333333333334,-0.742872953414917,0.649609245561897
COHFACE_s04_session3_natural,0,53,1.7666666666666666,-0.8007160425186157,0.37428549791859667
COHFACE_s04_session3_natural,0,54,1.8,-0.8655948042869568,0.03885363439022974
COHFACE_s04_session3_natural,0,55,1.8333333333333333,-0.9203221201896667,-0.3236012438179966
COHFACE_s04_session3_natural,0,56,1.8666666666666667,-0.9723188877105713,-0.674044811820393
COHFACE_s04_session3_natural,0,57,1.9,-1.018519639968872,-0.9735814895640532
COHFACE_s04_session3_natural,0,58,1.9333333333333333,-1.0650386810302734,-1.187278528373809
COHFACE_s04_session3_natural,0,59,1.9666666666666666,-1.0070950984954834,-1.2891325218483243
COHFACE_s04_session3_natural,0,60,2.0,-0.519290030002594,-1.2678884488184206
COHFACE_s04_session3_natural,0,61,2.033333333333333,0.4223480820655823,-1.1295915428611054
COHFACE_s04_session3_natural,0,62,2.066666666666667,1.2654870748519897,-0.8954911169790672
COHFACE_s04_session3_natural,0,63,2.1,1.6790995597839355,-0.596991208687626
COHFACE_s04_session3_natural,0,64,2.1333333333333333,1.8271664381027222,-0.26989583614547313
COHFACE_s04_session3_natural,0,65,2.1666666666666665,1.9235047101974487,0.04975320021085492
COHFACE_s04_session3_natural,0,66,2.2,2.005352735519409,0.32839632946936387
COHFACE_s04_session3_natural,0,67,2.2333333333333334,1.9879813194274902,0.5385996896300184
COHFACE_s04_session3_natural,0,68,2.2666666666666666,1.7836291790008545,0.6635265478778088
COHFACE_s04_session3_natural,0,69,2.3,1.4728041887283325,0.6995553862530924
COHFACE_s04_session3_natural,0,70,2.3333333333333335,1.2363561391830444,0.6555645456769801
COHFACE_s04_session3_natural,0,71,2.3666666666666667,1.096765398979187,0.5489786560824975
COHFACE_s04_session3_natural,0,72,2.4,0.9764893054962158,0.4001947527627531
COHFACE_s04_session3_natural,0,73,2.433333333333333,0.8248208165168762,0.2281939809647499
COHFACE_s04_session3_natural,0,74,2.466666666666667,0.6412070393562317,0.049295828954516466
COHFACE_s04_session3_natural,0,75,2.5,0.4483632445335388,-0.12028023316838489
COHFACE_s04_session3_natural,0,76,2.533333333333333,0.2676642835140228,-0.2608711779985271
COHFACE_s04_session3_natural,0,77,2.566666666666667,0.10668188333511353,-0.3503833638034427
COHFACE_s04_session3_natural,0,78,2.6,-0.04438358545303345,-0.3709216517365337
COHFACE_s04_session3_natural,0,79,2.6333333333333333,-0.1873580515384674,-0.31723169411949015
COHFACE_s04_session3_natural,0,80,2.6666666666666665,-0.30378133058547974,-0.2022725859311625
COHFACE_s04_session3_natural,0,81,2.7,-0.40913182497024536,-0.05547865544223113
COHFACE_s04_session3_natural,0,82,2.7333333333333334,-0.5037948489189148,0.0864524155600286
COHFACE_s04_session3_natural,0,83,2.7666666666666666,-0.5867987275123596,0.19199709060340345
COHFACE_s04_session3_natural,0,84,2.8,-0.6666366457939148,0.2447716778535662
COHFACE_s04_session3_natural,0,85,2.8333333333333335,-0.7342961430549622,0.24514622310118953
COHFACE_s04_session3_natural,0,86,2.8666666666666667,-0.7903635501861572,0.2036792021440711
COHFACE_s04_session3_natural,0,87,2.9,-0.8452919125556946,0.13247518885811188
COHFACE_s04_session3_natural,0,88,2.933333333333333,-0.8958313465118408,0.04001284577220596
COHFACE_s04_session3_natural,0,89,2.966666666666667,-0.9391173124313354,-0.06695482990038316
COHFACE_s04_session3_natural,0,90,3.0,-0.9848993420600891,-0.17737875253219407
COHFACE_s04_session3_natural,0,91,3.033333333333333,-0.980661153793335,-0.27440153144684526
COHFACE_s04_session3_natural,0,92,3.066666666666667,-0.6776591539382935,-0.34015933636098805
COHFACE_s04_session3_natural,0,93,3.1,0.14779019355773926,-0.36137355809215377
COHFACE_s04_session3_natural,0,94,3.1333333333333333,1.0894283056259155,-0.33250900213579077
COHFACE_s04_session3_natural,0,95,3.1666666666666665,1.6530508995056152,-0.25637220030516616
COHFACE_s04_session3_natural,0,96,3.2,1.8661975860595703,-0.14284751191182357
COHFACE_s04_session3_natural,0,97,3.2333333333333334,1.9883164167404175,-0.007031655237182207
COHFACE_s04_session3_natural,0,98,3.2666666666666666,2.08162260055542,0.13288572512013175
COHFACE_s04_session3_natural,0,99,3.3,2.0842525959014893,0.2585861395887646
COHFACE_s04_session3_natural,0,100,3.3333333333333335,1.9214106798171997,0.3549683382395947
COHFACE_s04_session3_natural,0,101,3.3666666666666667,1.6003170013427734,0.41237501457335196
COHFACE_s04_session3_natural,0,102,3.4,1.305456280708313,0.4273575013696591
COHFACE_s04_session3_natural,0,103,3.433333333333333,1.1425474882125854,0.40280601256971954
COHFACE_s04_session3_natural,0,104,3.466666666666667,1.0346506834030151,0.3475617608930688
COHFACE_s04_session3_natural,0,105,3.5,0.9039216041564941,0.27487387975419414
COHFACE_s04_session3_natural,0,106,3.533333333333333,0.7289349436759949,0.1997158922522113
COHFACE_s04_session3_natural,0,107,3.566666666666667,0.5419206619262695,0.13569671474844291
COHFACE_s04_session3_natural,0,108,3.6,0.36800605058670044,0.09241579243762849
COHFACE_s04_session3_natural,0,109,3.6333333333333333,0.20487946271896362,0.07409239235660972
COHFACE_s04_session3_natural,0,110,3.6666666666666665,0.04624229669570923,0.0789507964146849
COHFACE_s04_session3_natural,0,111,3.7,-0.09554281830787659,0.09773405544019775
COHFACE_s04_session3_natural,0,112,3.7333333333333334,-0.2225530594587326,0.11281408363981217
COHFACE_s04_session3_natural,0,113,3.7666666666666666,-0.33845701813697815,0.10205637332114001
COHFACE_s04_session3_natural,0,114,3.8,-0.43501296639442444,0.04701580261339972
COHFACE_s04_session3_natural,0,115,3.8333333333333335,-0.532272458076477,-0.059590125223897214
COHFACE_s04_session3_natural,0,116,3.8666666666666667,-0.6289456486701965,-0.21100445786891212
COHFACE_s04_session3_natural,0,117,3.9,-0.7198060750961304,-0.38993384606670095
COHFACE_s04_session3_natural,0,118,3.933333333333333,-0.8118725419044495,-0.575270201282751
COHFACE_s04_session3_natural,0,119,3.966666666666667,-0.8880083560943604,-0.7447990780767707
COHFACE_s04_session3_natural,0,120,4.0,-0.9572592377662659,-0.8739101184932716
COHFACE_s04_session3_natural,0,121,4.033333333333333,-1.017280101776123,-0.9374442871466065
COHFACE_s04_session3_natural,0,122,4.066666666666666,-1.0776358842849731,-0.9158484007881024
COHFACE_s04_session3_natural,0,123,4.1,-1.1449100971221924,-0.8003830330792191
COHFACE_s04_session3_natural,0,124,4.133333333333334,-1.1661678552627563,-0.5945574631394624
COHFACE_s04_session3_natural,0,125,4.166666666666667,-0.9282791018486023,-0.31208229191956927
COHFACE_s04_session3_natural,0,126,4.2,-0.18378998339176178,0.02599044473041292
COHFACE_s04_session3_natural,0,127,4.233333333333333,0.734127938747406,0.39067717604609437
COHFACE_s04_session3_natural,0,128,4.266666666666667,1.297566294670105,0.7430044536266971
COHFACE_s04_session3_natural,0,129,4.3,1.5039118528366089,1.0381051221881379
COHFACE_s04_session3_natural,0,130,4.333333333333333,1.5857096910476685,1.2355739985086311
COHFACE_s04_session3_natural,0,131,4.366666666666666,1.6343729496002197,1.3084606993562975
COHFACE_s04_session3_natural,0,132,4.4,1.621909737586975,1.247046451526745
COHFACE_s04_session3_natural,0,133,4.433333333333334,1.4427016973495483,1.0581688922575885
COHFACE_s04_session3_natural,0,134,4.466666666666667,1.1221776008605957,0.7620922516810479
COHFACE_s04_session3_natural,0,135,4.5,0.8514055013656616,0.3895344654613862
COHFACE_s04_session3_natural,0,136,4.533333333333333,0.7066218852996826,-0.020348256210839397
COHFACE_s04_session3_natural,0,137,4.566666666666666,0.5964301824569702,-0.4221608723297741
COHFACE_s04_session3_natural,0,138,4.6,0.45911774039268494,-0.7679757457767801
COHFACE_s04_session3_natural,0,139,4.633333333333334,0.2961418926715851,-1.0135401366111045
COHFACE_s04_session3_natural,0,140,4.666666666666667,0.1154261976480484,-1.1263749328090071
COHFACE_s04_session3_natural,0,141,4.7,-0.058957431465387344,-1.0934755278866382
COHFACE_s04_session3_natural,0,142,4.733333333333333,-0.2163884937763214,-0.9254606501678022
COHFACE_s04_session3_natural,0,143,4.766666666666667,-0.3610548675060272,-0.6538221925637819
COHFACE_s04_session3_natural,0,144,4.8,-0.4841117560863495,-0.32261345583499385
COHFACE_s04_session3_natural,0,145,4.833333333333333,-0.5954257845878601,0.019714491740281097
COHFACE_s04_session3_natural,0,146,4.866666666666666,-0.6924842596054077,0.3260690282546843
COHFACE_s04_session3_natural,0,147,4.9,-0.7853381037712097,0.555621606215357
COHFACE_s04_session3_natural,0,148,4.933333333333334,-0.8694643974304199,0.679149557254337
COHFACE_s04_session3_natural,0,149,4.966666666666667,-0.9440255165100098,0.6851909375908671
COHFACE_s04_session3_natural,0,150,5.0,-1.0185699462890625,0.5845726275172721
COHFACE_s04_session3_natural,0,151,5.033333333333333,-1.084637999534607,0.4085708628424864
COHFACE_s04_session3_natural,0,152,5.066666666666666,-1.1425817012786865,0.20048042119785964
COHFACE_s04_session3_natural,0,153,5.1,-1.1833046674728394,0.005046949562560906
COHFACE_s04_session3_natural,0,154,5.133333333333334,-1.2240946292877197,-0.1411145452979288
COHFACE_s04_session3_natural,0,155,5.166666666666667,-1.2653203010559082,-0.21684154298607322
COHFACE_s04_session3_natural,0,156,5.2,-1.2895430326461792,-0.2197435702757554
COHFACE_s04_session3_natural,0,157,5.233333333333333,-1.1973927021026611,-0.16353517841083323
COHFACE_s04_session3_natural,0,158,5.266666666666667,-0.6777094006538391,-0.07080504587564979
COHFACE_s04_session3_natural,0,159,5.3,0.1836720108985901,0.03427082717795511
COHFACE_s04_session3_natural,0,160,5.333333333333333,0.8566822409629822,0.13041440877766133
COHFACE_s04_session3_natural,0,161,5.366666666666666,1.1177551746368408,0.20030540249424045
COHFACE_s04_session3_natural,0,162,5.4,1.1914787292480469,0.22989592443144838
COHFACE_s04_session3_natural,0,163,5.433333333333334,1.2400916814804077,0.20937420029904677
COHFACE_s04_session3_natural,0,164,5.466666666666667,1.2258696556091309,0.13613314997075618
COHFACE_s04_session3_natural,0,165,5.5,1.0484037399291992,0.016911478369957524
COHFACE_s04_session3_natural,0,166,5.533333333333333,0.7454687356948853,-0.13233608889164558
COHFACE_s04_session3_natural,0,167,5.566666666666666,0.530613362789154,-0.2885248902287537
COHFACE_s04_session3_natural,0,168,5.6,0.45605218410491943,-0.4250405298150447
COHFACE_s04_session3_natural,0,169,5.633333333333334,0.389414519071579,-0.5163391792797583
COHFACE_s04_session3_natural,0,170,5.666666666666667,0.28202036023139954,-0.5426174643561148
COHFACE_s04_session3_natural,0,171,5.7,0.1471368819475174,-0.4932986022206853
COHFACE_s04_session3_natural,0,172,5.733333333333333,-0.0020021654199808836,-0.3690757320843451
COHFACE_s04_session3_natural,0,173,5.766666666666667,-0.14464160799980164,-0.18316764567008503
COHFACE_s04_session3_natural,0,174,5.8,-0.26846906542778015,0.0389349157310626
COHFACE_s04_session3_natural,0,175,5.833333333333333,-0.38511011004447937,0.26316052692446895
COHFACE_s04_session3_natural,0,176,5.866666666666666,-0.48960626125335693,0.4539661383381274
COHFACE_s04_session3_natural,0,177,5.9,-0.582711398601532,0.5827311677419442
COHFACE_s04_session3_natural,0,178,5.933333333333334,-0.6621807217597961,0.633844242476866
COHFACE_s04_session3_natural,0,179,5.966666666666667,-0.7323529720306396,0.6042181652268125
COHFACE_s04_session3_natural,0,180,6.0,-0.7964443564414978,0.4981885125900468
COHFACE_s04_session3_natural,0,181,6.033333333333333,-0.849530041217804,0.3253654469899042
COHFACE_s04_session3_natural,0,182,6.066666666666666,-0.9016273617744446,0.10270504227813664
COHFACE_s04_session3_natural,0,183,6.1,-0.9491180181503296,-0.1445467614107337
COHFACE_s04_session3_natural,0,184,6.133333333333334,-0.9887354373931885,-0.3853947808387651
COHFACE_s04_session3_natural,0,185,6.166666666666667,-1.0299609899520874,-0.5877736561431086
COHFACE_s04_session3_natural,0,186,6.2,-1.078171968460083,-0.7235222030592342
COHFACE_s04_session3_natural,0,187,6.233333333333333,-1.0671828985214233,-0.7717172974880435
COHFACE_s04_session3_natural,0,188,6.266666666666667,-0.7635610699653625,-0.720712867414232
COHFACE_s04_session3_natural,0,189,6.3,-0.017095310613512993,-0.5712483783435376
COHFACE_s04_session3_natural,0,190,6.333333333333333,0.76932293176651,-0.33963966336625434
COHFACE_s04_session3_natural,0,191,6.366666666666666,1.2185492515563965,-0.056886771671898914
COHFACE_s04_session3_natural,0,192,6.4,1.3901352882385254,0.23706971601208746
COHFACE_s04_session3_natural,0,193,6.433333333333334,1.4745464324951172,0.5010312605437586
COHFACE_s04_session3_natural,0,194,6.466666666666667,1.5103611946105957,0.6998667952808091
COHFACE_s04_session3_natural,0,195,6.5,1.4542100429534912,0.8101987872832349
COHFACE_s04_session3_natural,0,196,6.533333333333333,1.2214640378952026,0.8236240564560565
COHFACE_s04_session3_natural,0,197,6.566666666666666,0.912632405757904,0.7471072796816938
COHFACE_s04_session3_natural,0,198,6.6,0.7034055590629578,0.6006756851254175
COHFACE_s04_session3_natural,0,199,6.633333333333334,0.588573694229126,0.41298067610234196
COHFACE_s04_session3_natural,0,200,6.666666666666667,0.48764562606811523,0.2156322612967908
COHFACE_s04_session3_natural,0,201,6.7,0.35825663805007935,0.03746844588853827
COHFACE_s04_session3_natural,0,202,6.733333333333333,0.20506373047828674,-0.10018201843735902
COHFACE_s04_session3_natural,0,203,6.766666666666667,0.04342803731560707,-0.1863682200997121
COHFACE_s04_session3_natural,0,204,6.8,-0.11720257252454758,-0.22116424041949695
COHFACE_s04_session3_natural,0,205,6.833333333333333,-0.2615674138069153,-0.214252734183653
COHFACE_s04_session3_natural,0,206,6.866666666666666,-0.3944072127342224,-0.182129031781472
COHFACE_s04_session3_natural,0,207,6.9,-0.512756884098053,-0.1449843157449531
COHFACE_s04_session3_natural,0,208,6.933333333333334,-0.6197155714035034,-0.12361346144510887
COHFACE_s04_session3_natural,0,209,6.966666666666667,-0.7180806398391724,-0.1360122624253369
COHFACE_s04_session3_natural,0,210,7.0,-0.8004647493362427,-0.19371671578113298
COHFACE_s04_session3_natural,0,211,7.033333333333333,-0.885227620601654,-0.29846533939914466
COHFACE_s04_session3_natural,0,212,7.066666666666666,-0.9656015038490295,-0.43991060452548986
COHFACE_s04_session3_natural,0,213,7.1,-1.0310330390930176,-0.5951770724477198
COHFACE_s04_session3_natural,0,214,7.133333333333334,-1.1015236377716064,-0.7313823068223972
COHFACE_s04_session3_natural,0,215,7.166666666666667,-1.1577752828598022,-0.8122210702580595
COHFACE_s04_session3_natural,0,216,7.2,-1.1896367073059082,-0.8076049535720063
COHFACE_s04_session3_natural,0,217,7.233333333333333,-1.2239104509353638,-0.7032567713699052
COHFACE_s04_session3_natural,0,218,7.266666666666667,-1.2650187015533447,-0.5062387196069017
COHFACE_s04_session3_natural,0,219,7.3,-1.2759742736816406,-0.24232869545398897
COHFACE_s04_session3_natural,0,220,7.333333333333333,-1.094370722770691,0.05333433515315539
COHFACE_s04_session3_natural,0,221,7.366666666666666,-0.46958816051483154,0.3457451872270748
COHFACE_s04_session3_natural,0,222,7.4,0.4040386378765106,0.6059135568146887
COHFACE_s04_session3_natural,0,223,7.433333333333334,1.035069465637207,0.8129880698297333
COHFACE_s04_session3_natural,0,224,7.466666666666667,1.3186062574386597,0.9531582402804883
COHFACE_s04_session3_natural,0,225,7.5,1.4454154968261719,1.016290724719986
COHFACE_s04_session3_natural,0,226,7.533333333333333,1.534248948097229,0.993508133911622
COHFACE_s04_session3_natural,0,227,7.566666666666666,1.5553725957870483,0.8803038738418453
COHFACE_s04_session3_natural,0,228,7.6,1.4214439392089844,0.6836805174618324
COHFACE_s04_session3_natural,0,229,7.633333333333334,1.120301365852356,0.4260376302824156
COHFACE_s04_session3_natural,0,230,7.666666666666667,0.8493953347206116,0.14298158839669878
COHFACE_s04_session3_natural,0,231,7.7,0.691847026348114,-0.12260641682977479
COHFACE_s04_session3_natural,0,232,7.733333333333333,0.5865132808685303,-0.32787647484692395
COHFACE_s04_session3_natural,0,233,7.766666666666667,0.4706595540046692,-0.4368084582334442
COHFACE_s04_session3_natural,0,234,7.8,0.3204149007797241,-0.42653996454483845
COHFACE_s04_session3_natural,0,235,7.833333333333333,0.14315000176429749,-0.29484480005760527
COHFACE_s04_session3_natural,0,236,7.866666666666666,-0.013426722027361393,-0.06613478769231886
COHFACE_s04_session3_natural,0,237,7.9,-0.1600697785615921,0.2103992037495416
COHFACE_s04_session3_natural,0,238,7.933333333333334,-0.294383704662323,0.4715595872741271
COHFACE_s04_session3_natural,0,239,7.966666666666667,-0.42281782627105713,0.6551292425752618
COHFACE_s04_session3_natural,0,240,8.0,-0.5398944020271301,0.7140353197733542
COHFACE_s04_session3_natural,0,241,8.033333333333333,-0.6383935213088989,0.6252559814676434
COHFACE_s04_session3_natural,0,242,8.066666666666666,-0.7335423231124878,0.392075588464772
COHFACE_s04_session3_natural,0,243,8.1,-0.8127771615982056,0.041371684576063064
COHFACE_s04_session3_natural,0,244,8.133333333333333,-0.8873215317726135,-0.38188698589454795
COHFACE_s04_session3_natural,0,245,8.166666666666666,-0.9606932997703552,-0.8208372720607015
COHFACE_s04_session3_natural,0,246,8.2,-1.035103678703308,-1.2139752243304844
COHFACE_s04_session3_natural,0,247,8.233333333333333,-1.1090115308761597,-1.5058764664623365
COHFACE_s04_session3_natural,0,248,8.266666666666667,-1.1715785264968872,-1.659675476029626
COHFACE_s04_session3_natural,0,249,8.3,-1.2205935716629028,-1.6655354060530465
COHFACE_s04_session3_natural,0,250,8.333333333333334,-1.2559393644332886,-1.5398692686997255
COHFACE_s04_session3_natural,0,251,8.366666666666667,-1.2936638593673706,-1.3119444244606802
COHFACE_s04_session3_natural,0,252,8.4,-1.3437174558639526,-1.0060080800813915
COHFACE_s04_session3_natural,0,253,8.433333333333334,-1.2897775173187256,-0.6365778870667262
COHFACE_s04_session3_natural,0,254,8.466666666666667,-0.8549575209617615,-0.21837756391602137
COHFACE_s04_session3_natural,0,255,8.5,0.012655439786612988,0.2240317068263138
COHFACE_s04_session3_natural,0,256,8.533333333333333,0.8304158449172974,0.6548127085383416
COHFACE_s04_session3_natural,0,257,8.566666666666666,1.2743319272994995,1.0323478895760432
COHFACE_s04_session3_natural,0,258,8.6,1.4546120166778564,1.3182844846069104
COHFACE_s04_session3_natural,0,259,8.633333333333333,1.5523741245269775,1.4854987513590903
COHFACE_s04_session3_natural,0,260,8.666666666666666,1.5933315753936768,1.5229490235868657
COHFACE_s04_session3_natural,0,261,8.7,1.5094901323318481,1.4382694513175107
COHFACE_s04_session3_natural,0,262,8.733333333333333,1.2471609115600586,1.257327082534703
COHFACE_s04_session3_natural,0,263,8.766666666666667,0.9459847807884216,1.0184617183836489
COHFACE_s04_session3_natural,0,264,8.8,0.7730585336685181,0.7627414261162941
COHFACE_s04_session3_natural,0,265,8.833333333333334,0.6827173829078674,0.5250174350945656
COHFACE_s04_session3_natural,0,266,8.866666666666667,0.5803989171981812,0.32878852513033324
COHFACE_s04_session3_natural,0,267,8.9,0.44454386830329895,0.18554265773306414
COHFACE_s04_session3_natural,0,268,8.933333333333334,0.288117915391922,0.09698606206253085
COHFACE_s04_session3_natural,0,269,8.966666666666667,0.11323174089193344,0.056849620083650874
COHFACE_s04_session3_natural,0,270,9.0,-0.05870616063475609,0.05125196658473053
COHFACE_s04_session3_natural,0,271,9.033333333333333,-0.20611979067325592,0.05912963751576239
COHFACE_s04_session3_natural,0,272,9.066666666666666,-0.34500688314437866,0.05466521761605535
COHFACE_s04_session3_natural,0,273,9.1,-0.4835589528083801,0.013416967059683656
COHFACE_s04_session3_natural,0,274,9.133333333333333,-0.6108037233352661,-0.07959565671456591
COHFACE_s04_session3_natural,0,275,9.166666666666666,-0.7162044644355774,-0.2247611328934611
COHFACE_s04_session3_natural,0,276,9.2,-0.8148878216743469,-0.40773840407334494
COHFACE_s04_session3_natural,0,277,9.233333333333333,-0.9125996232032776,-0.6030585457297706
COHFACE_s04_session3_natural,0,278,9.266666666666667,-0.9966086745262146,-0.7798635311834964
COHFACE_s04_session3_natural,0,279,9.3,-1.07550847530365,-0.9081864400588767
COHFACE_s04_session3_natural,0,280,9.333333333333334,-1.1486457586288452,-0.965166193184773
COHFACE_s04_session3_natural,0,281,9.366666666666667,-1.206622838973999,-0.9414698100603228
COHFACE_s04_session3_natural,0,282,9.4,-1.2635613679885864,-0.8448203686760141
COHFACE_s04_session3_natural,0,283,9.433333333333334,-1.3201313018798828,-0.6948687943010432
COHFACE_s04_session3_natural,0,284,9.466666666666667,-1.369766116142273,-0.5124814070546416
COHFACE_s04_session3_natural,0,285,9.5,-1.2849195003509521,-0.3145962489609624
COHFACE_s04_session3_natural,0,286,9.533333333333333,-0.7861924171447754,-0.11655811820836412
COHFACE_s04_session3_natural,0,287,9.566666666666666,0.038603588938713074,0.06578189778193819
COHFACE_s04_session3_natural,0,288,9.6,0.694811999797821,0.21755051018441954
COHFACE_s04_session3_natural,0,289,9.633333333333333,0.9583641290664673,0.3279161660343424
COHFACE_s04_session3_natural,0,290,9.666666666666666,1.0201773643493652,0.39214363316061013
COHFACE_s04_session3_natural,0,291,9.7,1.0542333126068115,0.41018551378995405
COHFACE_s04_session3_natural,0,292,9.733333333333333,1.0136945247650146,0.38391474519719104
COHFACE_s04_session3_natural,0,293,9.766666666666667,0.806243360042572,0.31903533452421456
COHFACE_s04_session3_natural,0,294,9.8,0.5228908658027649,0.23035175065660493
COHFACE_s04_session3_natural,0,295,9.833333333333334,0.38420480489730835,0.14204930667151588
COHFACE_s04_session3_natural,0,296,9.866666666666667,0.37272998690605164,0.08038285369345204
COHFACE_s04_session3_natural,0,297,9.9,0.3401147127151489,0.06275256896877175
COHFACE_s04_session3_natural,0,298,9.933333333333334,0.24920406937599182,0.08908352577713176
COHFACE_s04_session3_natural,0,299,9.966666666666667,0.11999936401844025,0.14195279472432248
COHFACE_s04_session3_natural,1,0,10.0,-0.02528681792318821,0.012566623736088092
COHFACE_s04_session3_natural,1,1,10.033333333333333,-0.16638511419296265,0.24325294458383945
COHFACE_s04_session3_natural,1,2,10.066666666666666,-0.2885206639766693,0.3801759306127047
COHFACE_s04_session3_natural,1,3,10.1,-0.393000066280365,0.3575186287201231
COHFACE_s04_session3_natural,1,4,10.133333333333333,-0.4855523705482483,0.16194227012369417
COHFACE_s04_session3_natural,1,5,10.166666666666666,-0.5738162994384766,-0.16452549672338823
COHFACE_s04_session3_natural,1,6,10.2,-0.6370869278907776,-0.5443845193710093
COHFACE_s04_session3_natural,1,7,10.233333333333333,-0.6892344951629639,-0.8928894021705884
COHFACE_s04_session3_natural,1,8,10.266666666666667,-0.7423871159553528,-1.1424277841138777
COHFACE_s04_session3_natural,1,9,10.3,-0.783679723739624,-1.2557420672469404
COHFACE_s04_session3_natural,1,10,10.333333333333334,-0.8249220252037048,-1.227526156310876
COHFACE_s04_session3_natural,1,11,10.366666666666667,-0.8644053936004639,-1.0802729314091268
COHFACE_s04_session3_natural,1,12,10.4,-0.9054969549179077,-0.8568616159008122
COHFACE_s04_session3_natural,1,13,10.433333333333334,-0.951630711555481,-0.6083974387203057
COHFACE_s04_session3_natural,1,14,10.466666666666667,-0.9833917021751404,-0.3787846243550663
COHFACE_s04_session3_natural,1,15,10.5,-0.8575037717819214,-0.1906165121288454
COHFACE_s04_session3_natural,1,16,10.533333333333333,-0.2598085105419159,-0.038520443936416716
COHFACE_s04_session3_natural,1,17,10.566666666666666,0.6690816283226013,0.10367889644438816
COHFACE_s04_session3_natural,1,18,10.6,1.368877649307251,0.26462505224421684
COHFACE_s04_session3_natural,1,19,10.633333333333333,1.6623815298080444,0.45709114273641943
COHFACE_s04_session3_natural,1,20,10.666666666666666,1.7684690952301025,0.6688911614128783
COHFACE_s04_session3_natural,1,21,10.7,1.8323259353637695,0.8682657898838151
COHFACE_s04_session3_natural,1,22,10.733333333333333,1.810431718826294,1.0191630987509859
COHFACE_s04_session3_natural,1,23,10.766666666666667,1.6229315996170044,1.093281665233524
COHFACE_s04_session3_natural,1,24,10.8,1.281535029411316,1.075027881684273
COHFACE_s04_session3_natural,1,25,10.833333333333334,1.004430890083313,0.9654821550370551
COHFACE_s04_session3_natural,1,26,10.866666666666667,0.8917432427406311,0.7855292494225529
COHFACE_s04_session3_natural,1,27,10.9,0.8147698640823364,0.5721105446190973
COHFACE_s04_session3_natural,1,28,10.933333333333334,0.7059183120727539,0.36702095571379634
COHFACE_s04_session3_natural,1,29,10.966666666666667,0.5585549473762512,0.20351620114751082
COHFACE_s04_session3_natural,1,30,11.0,0.3840372860431671,0.09603502251364177
COHFACE_s04_session3_natural,1,31,11.033333333333333,0.2100221961736679,0.03729514811371844
COHFACE_s04_session3_natural,1,32,11.066666666666666,0.055757176131010056,0.0032952606680831664
COHFACE_s04_session3_natural,1,33,11.1,-0.07931056618690491,-0.037003377604991644
COHFACE_s04_session3_natural,1,34,11.133333333333333,-0.2042771279811859,-0.1104485558748185
COHFACE_s04_session3_natural,1,35,11.166666666666666,-0.3145023286342621,-0.22941965780806686
COHFACE_s04_session3_natural,1,36,11.2,-0.4105389416217804,-0.38604636915852686
COHFACE_s04_session3_natural,1,37,11.233333333333333,-0.49625661969184875,-0.5548646444125173
COHFACE_s04_session3_natural,1,38,11.266666666666667,-0.5713035464286804,-0.7025208483216893
COHFACE_s04_session3_natural,1,39,11.3,-0.6333680748939514,-0.7981298596112381
COHFACE_s04_session3_natural,1,40,11.333333333333334,-0.7016305923461914,-0.8206518160047
COHFACE_s04_session3_natural,1,41,11.366666666666667,-0.7734780311584473,-0.7630935087517969
COHFACE_s04_session3_natural,1,42,11.4,-0.8360450267791748,-0.6339816226581773
COHFACE_s04_session3_natural,1,43,11.433333333333334,-0.8820280432701111,-0.4568362780025305
COHFACE_s04_session3_natural,1,44,11.466666666666667,-0.9361522793769836,-0.26667230552920257
COHFACE_s04_session3_natural,1,45,11.5,-0.9967091679573059,-0.10119975852401998
COHFACE_s04_session3_natural,1,46,11.533333333333333,-0.9736757874488831,0.01110021703177432
COHFACE_s04_session3_natural,1,47,11.566666666666666,-0.5795285701751709,0.059626974883578196
COHFACE_s04_session3_natural,1,48,11.6,0.32860639691352844,0.05358338531197572
COHFACE_s04_session3_natural,1,49,11.633333333333333,1.254866600036621,0.017368107850144917
COHFACE_s04_session3_natural,1,50,11.666666666666666,1.7567429542541504,-0.018141807476102143
COHFACE_s04_session3_natural,1,51,11.7,1.9404237270355225,-0.024343230746572166
COHFACE_s04_session3_natural,1,52,11.733333333333333,2.026660680770874,0.018342167003801493
COHFACE_s04_session3_natural,1,53,11.766666666666667,2.073364019393921,0.11548022495145639
COHFACE_s04_session3_natural,1,54,11.8,2.0140466690063477,0.25608982355393384
COHFACE_s04_session3_natural,1,55,11.833333333333334,1.7648675441741943,0.4141999103352909
COHFACE_s04_session3_natural,1,56,11.866666666666667,1.4017274379730225,0.5556972506762786
COHFACE_s04_session3_natural,1,57,11.9,1.1161470413208008,0.6507451495398546
COHFACE_s04_session3_natural,1,58,11.933333333333334,0.9646627306938171,0.6862745679837706
COHFACE_s04_session3_natural,1,59,11.966666666666667,0.834905207157135,0.6684642866052068
COHFACE_s04_session3_natural,1,60,12.0,0.6644582152366638,0.6134787238615093
COHFACE_s04_session3_natural,1,61,12.033333333333333,0.45399174094200134,0.5335485575331793
COHFACE_s04_session3_natural,1,62,12.066666666666666,0.18873097002506256,0.42722078241994743
COHFACE_s04_session3_natural,1,63,12.1,-0.08398424834012985,0.28214603817550304
COHFACE_s04_session3_natural,1,64,12.133333333333333,-0.257463276386261,0.08831492928995417
COHFACE_s04_session3_natural,1,65,12.166666666666666,-0.38050341606140137,-0.15025169183865492
COHFACE_s04_session3_natural,1,66,12.2,-0.5186869502067566,-0.41186882853223744
COHFACE_s04_session3_natural,1,67,12.233333333333333,-0.5495768189430237,-0.6610946337186231
COHFACE_s04_session3_natural,1,68,12.266666666666667,-0.4926215410232544,-0.8577789442729948
COHFACE_s04_session3_natural,1,69,12.3,-0.46908560395240784,-0.9675873505721436
COHFACE_s04_session3_natural,1,70,12.333333333333334,-0.47766241431236267,-0.9707577051258078
COHFACE_s04_session3_natural,1,71,12.366666666666667,-0.4919849932193756,-0.8668195189319774
COHFACE_s04_session3_natural,1,72,12.4,-0.504163384437561,-0.6748468955724045
COHFACE_s04_session3_natural,1,73,12.433333333333334,-0.5236454010009766,-0.43055900465947583
COHFACE_s04_session3_natural,1,74,12.466666666666667,-0.5468295216560364,-0.17976690310232402
COHFACE_s04_session3_natural,1,75,12.5,-0.568790853023529,0.033844401267025
COHFACE_s04_session3_natural,1,76,12.533333333333333,-0.5802656412124634,0.18243515203313418
COHFACE_s04_session3_natural,1,77,12.566666666666666,-0.5927790403366089,0.25966837751325816
COHFACE_s04_session3_natural,1,78,12.6,-0.6113564968109131,0.2765976247014338
COHFACE_s04_session3_natural,1,79,12.633333333333333,-0.6173535585403442,0.2542261449130138
COHFACE_s04_session3_natural,1,80,12.666666666666666,-0.4686165750026703,0.21661572691983766
COHFACE_s04_session3_natural,1,81,12.7,0.17522922158241272,0.18495988891116566
COHFACE_s04_session3_natural,1,82,12.733333333333333,1.1974422931671143,0.17350000486570918
COHFACE_s04_session3_natural,1,83,12.766666666666667,1.9920854568481445,0.18862954947989902
COHFACE_s04_session3_natural,1,84,12.8,2.3182382583618164,0.23040720891034133
COHFACE_s04_session3_natural,1,85,12.833333333333334,2.430992841720581,0.2938626295843434
COHFACE_s04_session3_natural,1,86,12.866666666666667,2.5026559829711914,0.3693106774906174
COHFACE_s04_session3_natural,1,87,12.9,2.5171964168548584,0.4429095142850438
COHFACE_s04_session3_natural,1,88,12.933333333333334,2.3903870582580566,0.49877596935029417
COHFACE_s04_session3_natural,1,89,12.966666666666667,2.0887250900268555,0.5235894752312015
COHFACE_s04_session3_natural,1,90,13.0,1.8047361373901367,0.5119911042855991
COHFACE_s04_session3_natural,1,91,13.033333333333333,1.617587924003601,0.4687916522272053
COHFACE_s04_session3_natural,1,92,13.066666666666666,1.415044903755188,0.4065551918135689
COHFACE_s04_session3_natural,1,93,13.1,1.1837897300720215,0.3400426388563197
COHFACE_s04_session3_natural,1,94,13.133333333333333,0.9688171148300171,0.28028505900433803
COHFACE_s04_session3_natural,1,95,13.166666666666666,0.8062601089477539,0.2317071009155876
COHFACE_s04_session3_natural,1,96,13.2,0.502939760684967,0.19278274308090548
COHFACE_s04_session3_natural,1,97,13.233333333333333,0.20035654306411743,0.15775378858947647
COHFACE_s04_session3_natural,1,98,13.266666666666667,-0.017932888120412827,0.11794904995286662
COHFACE_s04_session3_natural,1,99,13.3,-0.19263479113578796,0.06264902040246063
COHFACE_s04_session3_natural,1,100,13.333333333333334,-0.3418911099433899,-0.019866026292553275
COHFACE_s04_session3_natural,1,101,13.366666666666667,-0.4555000960826874,-0.14000049646580823
COHFACE_s04_session3_natural,1,102,13.4,-0.5434625148773193,-0.30318501726868624
COHFACE_s04_session3_natural,1,103,13.433333333333334,-0.6383935213088989,-0.5059431278388934
COHFACE_s04_session3_natural,1,104,13.466666666666667,-0.7376464605331421,-0.733667198376412
COHFACE_s04_session3_natural,1,105,13.5,-0.8374019265174866,-0.9625473239732344
COHFACE_s04_session3_natural,1,106,13.533333333333333,-0.9450976252555847,-1.164704475491844
COHFACE_s04_session3_natural,1,107,13.566666666666666,-1.0365108251571655,-1.312417004158686
COHFACE_s04_session3_natural,1,108,13.6,-1.1027464866638184,-1.3810435521374422
COHFACE_s04_session3_natural,1,109,13.633333333333333,-1.1473557949066162,-1.353893723839228
COHFACE_s04_session3_natural,1,110,13.666666666666666,-1.1844102144241333,-1.228758092035642
COHFACE_s04_session3_natural,1,111,13.7,-1.2140605449676514,-1.0221248287829028
COHFACE_s04_session3_natural,1,112,13.733333333333333,-1.2528067827224731,-0.7659681468445017
COHFACE_s04_session3_natural,1,113,13.766666666666667,-1.2713675498962402,-0.4923422813024974
COHFACE_s04_session3_natural,1,114,13.8,-1.119280219078064,-0.21458347843921305
COHFACE_s04_session3_natural,1,115,13.833333333333334,-0.4918174743652344,0.07463887540062966
COHFACE_s04_session3_natural,1,116,13.866666666666667,0.4544440507888794,0.387092478086558
COHFACE_s04_session3_natural,1,117,13.9,1.1480586528778076,0.7225080031223927
COHFACE_s04_session3_natural,1,118,13.933333333333334,1.4172561168670654,1.0618222267963633
COHFACE_s04_session3_natural,1,119,13.966666666666667,1.4752163887023926,1.3696899224629424
COHFACE_s04_session3_natural,1,120,14.0,1.4939111471176147,1.6037581913594978
COHFACE_s04_session3_natural,1,121,14.033333333333333,1.466689944267273,1.7268671216498823
COHFACE_s04_session3_natural,1,122,14.066666666666666,1.2866442203521729,1.7180852535319424
COHFACE_s04_session3_natural,1,123,14.1,0.9611616730690002,1.5789739216277074
COHFACE_s04_session3_natural,1,124,14.133333333333333,0.6694836616516113,1.3331979013070832
COHFACE_s04_session3_natural,1,125,14.166666666666666,0.5061560869216919,1.019629327151329
COHFACE_s04_session3_natural,1,126,14.2,0.4157479703426361,0.681786755303635
COHFACE_s04_session3_natural,1,127,14.233333333333333,0.2903626263141632,0.35854663425881617
COHFACE_s04_session3_natural,1,128,14.266666666666667,0.11966433376073837,0.07863241909199845
COHFACE_s04_session3_natural,1,129,14.3,-0.05498731508851051,-0.14142433644791558
COHFACE_s04_session3_natural,1,130,14.333333333333334,-0.21340671181678772,-0.2969863081397872
COHFACE_s04_session3_natural,1,131,14.366666666666667,-0.35241106152534485,-0.39418366055118037
COHFACE_s04_session3_natural,1,132,14.4,-0.4725029170513153,-0.4482392000188008
COHFACE_s04_session3_natural,1,133,14.433333333333334,-0.5827448964118958,-0.48027199228444734
COHFACE_s04_session3_natural,1,134,14.466666666666667,-0.6945112347602844,-0.5124489661659299
COHFACE_s04_session3_natural,1,135,14.5,-0.7886549234390259,-0.5623934618358534
COHFACE_s04_session3_natural,1,136,14.533333333333333,-0.8708715438842773,-0.6379893550739228
COHFACE_s04_session3_natural,1,137,14.566666666666666,-0.9307917952537537,-0.733845220147912
COHFACE_s04_session3_natural,1,138,14.6,-0.9891709685325623,-0.8311906068138775
COHFACE_s04_session3_natural,1,139,14.633333333333333,-1.05192232131958,-0.9030737406993574
COHFACE_s04_session3_natural,1,140,14.666666666666666,-1.1065993309020996,-0.9237323225899329
COHFACE_s04_session3_natural,1,141,14.7,-1.1680774688720703,-0.8781217403209368
COHFACE_s04_session3_natural,1,142,14.733333333333333,-1.2241449356079102,-0.7677576598348949
COHFACE_s04_session3_natural,1,143,14.766666666666667,-1.2684862613677979,-0.6099925672203246
COHFACE_s04_session3_natural,1,144,14.8,-1.3142682313919067,-0.430988099044256
COHFACE_s04_session3_natural,1,145,14.833333333333334,-1.3568674325942993,-0.25574031372586203
COHFACE_s04_session3_natural,1,146,14.866666666666667,-1.361189365386963,-0.09985720829362177
COHFACE_s04_session3_natural,1,147,14.9,-1.0485217571258545,0.03192092511405989
COHFACE_s04_session3_natural,1,148,14.933333333333334,-0.2650350034236908,0.1411873451190339
COHFACE_s04_session3_natural,1,149,14.966666666666667,0.5663946270942688,0.23146067958465374
COHFACE_s04_session3_natural,1,150,15.0,0.9916159510612488,0.30656968171573096
COHFACE_s04_session3_natural,1,151,15.033333333333333,1.079997181892395,0.37037339735182345
COHFACE_s04_session3_natural,1,152,15.066666666666666,1.0846540927886963,0.42622158809694544
COHFACE_s04_session3_natural,1,153,15.1,1.0856424570083618,0.47496804713557383
COHFACE_s04_session3_natural,1,154,15.133333333333333,0.9812970161437988,0.5129941482614675
COHFACE_s04_session3_natural,1,155,15.166666666666666,0.7060858011245728,0.5339581369993182
COHFACE_s04_session3_natural,1,156,15.2,0.4387143552303314,0.5337722892638448
COHFACE_s04_session3_natural,1,157,15.233333333333333,0.31902453303337097,0.5141670511813075
COHFACE_s04_session3_natural,1,158,15.266666666666667,0.274465411901474,0.4821930058576626
COHFACE_s04_session3_natural,1,159,15.3,0.20955315232276917,0.4456978342593416
COHFACE_s04_session3_natural,1,160,15.333333333333334,0.09498930722475052,0.40783524928072135
COHFACE_s04_session3_natural,1,161,15.366666666666667,-0.03423214703798294,0.3659002192007333
COHFACE_s04_session3_natural,1,162,15.4,-0.1675577312707901,0.3148883742418997
COHFACE_s04_session3_natural,1,163,15.433333333333334,-0.28669473528862,0.25121018662463934
COHFACE_s04_session3_natural,1,164,15.466666666666667,-0.3920452296733856,0.17422020738129737
COHFACE_s04_session3_natural,1,165,15.5,-0.48486557602882385,0.08603690242058006
COHFACE_s04_session3_natural,1,166,15.533333333333333,-0.5813042521476746,-0.009407397836230475
COHFACE_s04_session3_natural,1,167,15.566666666666666,-0.6524815559387207,-0.10698671335453681
COHFACE_s04_session3_natural,1,168,15.6,-0.7179968953132629,-0.2006309180762318
COHFACE_s04_session3_natural,1,169,15.633333333333333,-0.7652027606964111,-0.2842040727969631
COHFACE_s04_session3_natural,1,170,15.666666666666666,-0.8083379864692688,-0.35287924243059
COHFACE_s04_session3_natural,1,171,15.7,-0.8511716723442078,-0.4037471436947094
COHFACE_s04_session3_natural,1,172,15.733333333333333,-0.9055137038230896,-0.4357383680363769
COHFACE_s04_session3_natural,1,173,15.766666666666667,-0.9538084268569946,-0.45022486620776686
COHFACE_s04_session3_natural,1,174,15.8,-0.9754514694213867,-0.4521117439508879
COHFACE_s04_session3_natural,1,175,15.833333333333334,-0.9956203103065491,-0.4497040266446932
COHFACE_s04_session3_natural,1,176,15.866666666666667,-1.0192400217056274,-0.4525019474401705
COHFACE_s04_session3_natural,1,177,15.9,-1.0155043601989746,-0.4672308004775038
COHFACE_s04_session3_natural,1,178,15.933333333333334,-0.8259941339492798,-0.49356178565199554
COHFACE_s04_session3_natural,1,179,15.966666666666667,-0.15395547449588776,-0.5218521806470404
COHFACE_s04_session3_natural,1,180,16.0,0.7961254119873047,-0.5342993177204564
COHFACE_s04_session3_natural,1,181,16.033333333333335,1.4854182004928589,-0.5096306802485198
COHFACE_s04_session3_natural,1,182,16.066666666666666,1.759456753730774,-0.4301359240141773
COHFACE_s04_session3_natural,1,183,16.1,1.8385072946548462,-0.2886940471243933
COHFACE_s04_session3_natural,1,184,16.133333333333333,1.8768683671951294,-0.09242366213361777
COHFACE_s04_session3_natural,1,185,16.166666666666668,1.8522268533706665,0.14067507844308352
COHFACE_s04_session3_natural,1,186,16.2,1.6680434942245483,0.3897260539874634
COHFACE_s04_session3_natural,1,187,16.233333333333334,1.3297626972198486,0.6358873491956765
COHFACE_s04_session3_natural,1,188,16.266666666666666,1.0351029634475708,0.8616235080619656
COHFACE_s04_session3_natural,1,189,16.3,0.8774374127388,1.0476036250754086
COHFACE_s04_session3_natural,1,190,16.333333333333332,0.7784525156021118,1.1715837920663534
COHFACE_s04_session3_natural,1,191,16.366666666666667,0.6555799245834351,1.213460954591424
COHFACE_s04_session3_natural,1,192,16.4,0.492838591337204,1.1641731986661892
COHFACE_s04_session3_natural,1,193,16.433333333333334,0.3008490800857544,1.0301381942151489
COHFACE_s04_session3_natural,1,194,16.466666666666665,0.12470655143260956,0.830806819230801
COHFACE_s04_session3_natural,1,195,16.5,-0.020261354744434357,0.5933700792180974
COHFACE_s04_session3_natural,1,196,16.533333333333335,-0.15851189196109772,0.3470070266985371
COHFACE_s04_session3_natural,1,197,16.566666666666666,-0.29383090138435364,0.11687911267259622
COHFACE_s04_session3_natural,1,198,16.6,-0.40586525201797485,-0.08133924457905703
COHFACE_s04_session3_natural,1,199,16.633333333333333,-0.5153701305389404,-0.24498365833524427
COHFACE_s04_session3_natural,1,200,16.666666666666668,-0.6029639840126038,-0.3839149437863574
COHFACE_s04_session3_natural,1,201,16.7,-0.6822658181190491,-0.513827766466172
COHFACE_s04_session3_natural,1,202,16.733333333333334,-0.7625560164451599,-0.6462672401963034
COHFACE_s04_session3_natural,1,203,16.766666666666666,-0.8381724953651428,-0.7827617288617151
COHFACE_s04_session3_natural,1,204,16.8,-0.9106229543685913,-0.9152311671769665
COHFACE_s04_session3_natural,1,205,16.833333333333332,-0.9757696986198425,-1.0291667824005812
COHFACE_s04_session3_natural,1,206,16.866666666666667,-1.032691478729248,-1.1074092396488229
COHFACE_s04_session3_natural,1,207,16.9,-1.0722419023513794,-1.1342429002336356
COHFACE_s04_session3_natural,1,208,16.933333333333334,-1.1127471923828125,-1.0993763258656188
COHFACE_s04_session3_natural,1,209,16.966666666666665,-1.1527330875396729,-1.0011662316029821
COHFACE_s04_session3_natural,1,210,17.0,-1.1628007888793945,-0.8479856790436648
COHFACE_s04_session3_natural,1,211,17.033333333333335,-0.906267523765564,-0.6563833322953385
COHFACE_s04_session3_natural,1,212,17.066666666666666,-0.12757177650928497,-0.4462397351879618
COHFACE_s04_session3_natural,1,213,17.1,0.8564309477806091,-0.23471148890859353
COHFACE_s04_session3_natural,1,214,17.133333333333333,1.4882993698120117,-0.03150207481666415
COHFACE_s04_session3_natural,1,215,17.166666666666668,1.7069071531295776,0.16178991716296112
COHFACE_s04_session3_natural,1,216,17.2,1.783930778503418,0.34803960022679187
COHFACE_s04_session3_natural,1,217,17.233333333333334,1.8220405578613281,0.5290641451378507
COHFACE_s04_session3_natural,1,218,17.266666666666666,1.7874318361282349,0.7010790209894064
COHFACE_s04_session3_natural,1,219,17.3,1.5816055536270142,0.8538708513732869
COHFACE_s04_session3_natural,1,220,17.333333333333332,1.2257188558578491,0.9736256487428713
COHFACE_s04_session3_natural,1,221,17.366666666666667,0.9391165971755981,1.0466315420565557
COHFACE_s04_session3_natural,1,222,17.4,0.8028092384338379,1.0626982201536925
COHFACE_s04_session3_natural,1,223,17.433333333333334,0.7224186062812805,1.018954211598011
COHFACE_s04_session3_natural,1,224,17.466666666666665,0.6120928525924683,0.922919308178592
COHFACE_s04_session3_natural,1,225,17.5,0.46042436361312866,0.7921526159366243
COHFACE_s04_session3_natural,1,226,17.533333333333335,0.28736409544944763,0.6500405508603909
COHFACE_s04_session3_natural,1,227,17.566666666666666,0.12103796005249023,0.5197069632442439
COHFACE_s04_session3_natural,1,228,17.6,-0.023527905344963074,0.417673445762016
COHFACE_s04_session3_natural,1,229,17.633333333333333,-0.15358693897724152,0.3483083703369399
COHFACE_s04_session3_natural,1,230,17.666666666666668,-0.2729584872722626,0.3008372627545326
COHFACE_s04_session3_natural,1,231,17.7,-0.39078888297080994,0.2511199729830789
COHFACE_s04_session3_natural,1,232,17.733333333333334,-0.4948662519454956,0.16856503258502148
COHFACE_s04_session3_natural,1,233,17.766666666666666,-0.5767310857772827,0.0265120832794579
COHFACE_s04_session3_natural,1,234,17.8,-0.6505048871040344,-0.1868479489820295
COHFACE_s04_session3_natural,1,235,17.833333333333332,-0.7266741991043091,-0.4607608733772275
COHFACE_s04_session3_natural,1,236,17.866666666666667,-0.8038820624351501,-0.7605630081215616
COHFACE_s04_session3_natural,1,237,17.9,-0.8760979771614075,-1.0346255904936075
COHFACE_s04_session3_natural,1,238,17.933333333333334,-0.947191596031189,-1.2289105509080507
COHFACE_s04_session3_natural,1,239,17.966666666666665,-1.0074301958084106,-1.3057351928413459
COHFACE_s04_session3_natural,1,240,18.0,-1.0570147037506104,-1.2583137694575495
COHFACE_s04_session3_natural,1,241,18.033333333333335,-1.0979889631271362,-1.1094645674220163
COHFACE_s04_session3_natural,1,242,18.066666666666666,-1.1415765285491943,-0.8969310763270478
COHFACE_s04_session3_natural,1,243,18.1,-1.1803898811340332,-0.6610835168159508
COHFACE_s04_session3_natural,1,244,18.133333333333333,-1.0700809955596924,-0.43931840316651066
COHFACE_s04_session3_natural,1,245,18.166666666666668,-0.48838338255882263,-0.2592162668931746
COHFACE_s04_session3_natural,1,246,18.2,0.48364201188087463,-0.13011257223214728
COHFACE_s04_session3_natural,1,247,18.233333333333334,1.2689378261566162,-0.040784471027453986
COHFACE_s04_session3_natural,1,248,18.266666666666666,1.5869492292404175,0.034009135272092254
COHFACE_s04_session3_natural,1,249,18.3,1.6478914022445679,0.12116567357024358
COHFACE_s04_session3_natural,1,250,18.333333333333332,1.6670384407043457,0.23653959391834897
COHFACE_s04_session3_natural,1,251,18.366666666666667,1.6480087041854858,0.3786590031737555
COHFACE_s04_session3_natural,1,252,18.4,1.4764728546142578,0.5311144094010005
COHFACE_s04_session3_natural,1,253,18.433333333333334,1.1444571018218994,0.6709483746766636
COHFACE_s04_session3_natural,1,254,18.466666666666665,0.8338666558265686,0.7783228446927399
COHFACE_s04_session3_natural,1,255,18.5,0.6735040545463562,0.841821357611322
COHFACE_s04_session3_natural,1,256,18.533333333333335,0.5853239297866821,0.8580691112586332
COHFACE_s04_session3_natural,1,257,18.566666666666666,0.47040826082229614,0.8288480888713583
COHFACE_s04_session3_natural,1,258,18.6,0.31905803084373474,0.758598238793293
COHFACE_s04_session3_natural,1,259,18.633333333333333,0.14474140107631683,0.6541050991259346
COHFACE_s04_session3_natural,1,260,18.666666666666668,-0.031149860471487045,0.5256690025601176
COHFACE_s04_session3_natural,1,261,18.7,-0.18343819677829742,0.38679505297330946
COHFACE_s04_session3_natural,1,262,18.733333333333334,-0.31815415620803833,0.25192630952367223
COHFACE_s04_session3_natural,1,263,18.766666666666666,-0.43325403332710266,0.13438816730800596
COHFACE_s04_session3_natural,1,264,18.8,-0.5340146422386169,0.04483831181309966
COHFACE_s04_session3_natural,1,265,18.833333333333332,-0.616030216217041,-0.011360159598592781
COHFACE_s04_session3_natural,1,266,18.866666666666667,-0.6939751505851746,-0.03740278337167514
COHFACE_s04_session3_natural,1,267,18.9,-0.7685530781745911,-0.04649402933147745
COHFACE_s04_session3_natural,1,268,18.933333333333334,-0.8408862352371216,-0.059938415520926575
COHFACE_s04_session3_natural,1,269,18.966666666666665,-0.9016273617744446,-0.10166064410505471
COHFACE_s04_session3_natural,1,270,19.0,-0.9640436172485352,-0.19059250546639794
COHFACE_s04_session3_natural,1,271,19.033333333333335,-1.0310163497924805,-0.33380479542891195
COHFACE_s04_session3_natural,1,272,19.066666666666666,-1.090752363204956,-0.5225872561715903
COHFACE_s04_session3_natural,1,273,19.1,-1.1207376718521118,-0.7326222622218642
COHFACE_s04_session3_natural,1,274,19.133333333333333,-1.151342749595642,-0.9285582275182024
COHFACE_s04_session3_natural,1,275,19.166666666666668,-1.185917854309082,-1.0723476699435452
COHFACE_s04_session3_natural,1,276,19.2,-1.1313413381576538,-1.1334182231385812
COHFACE_s04_session3_natural,1,277,19.233333333333334,-0.7038753032684326,-1.0976756260684186
COHFACE_s04_session3_natural,1,278,19.266666666666666,0.19873164594173431,-0.9722811323230849
COHFACE_s04_session3_natural,1,279,19.3,1.076295018196106,-0.7836513663039834
COHFACE_s04_session3_natural,1,280,19.333333333333332,1.48654043674469,-0.5683341136434072
COHFACE_s04_session3_natural,1,281,19.366666666666667,1.5745363235473633,-0.3588416795548419
COHFACE_s04_session3_natural,1,282,19.4,1.5992449522018433,-0.17039493085635257
COHFACE_s04_session3_natural,1,283,19.433333333333334,1.6109542846679688,0.002845353978272097
COHFACE_s04_session3_natural,1,284,19.466666666666665,1.4771596193313599,0.18007610391066853
COHFACE_s04_session3_natural,1,285,19.5,1.1524308919906616,0.37976049689685365
COHFACE_s04_session3_natural,1,286,19.533333333333335,0.8412205576896667,0.6057612442027367
COHFACE_s04_session3_natural,1,287,19.566666666666666,0.6987653970718384,0.8403897907109185
COHFACE_s04_session3_natural,1,288,19.6,0.6278728246688843,1.0475358709954576
COHFACE_s04_session3_natural,1,289,19.633333333333333,0.5242477655410767,1.1848382234706556
COHFACE_s04_session3_natural,1,290,19.666666666666668,0.3799331486225128,1.2196823396425025
COHFACE_s04_session3_natural,1,291,19.7,0.21694058179855347,1.1407494429679954
COHFACE_s04_session3_natural,1,292,19.733333333333334,0.05569016933441162,0.9613573593047222
COHFACE_s04_session3_natural,1,293,19.766666666666666,-0.0969666987657547,0.7160035868267315
COHFACE_s04_session3_natural,1,294,19.8,-0.22107893228530884,0.4517698286893434
COHFACE_s04_session3_natural,1,295,19.833333333333332,-0.3446550965309143,0.2161131660208248
COHFACE_s04_session3_natural,1,296,19.866666666666667,-0.4518817663192749,0.04438249706017832
COHFACE_s04_session3_natural,1,297,19.9,-0.5440152883529663,-0.04828616887148324
COHFACE_s04_session3_natural,1,298,19.933333333333334,-0.6244897246360779,-0.06866302864558511
COHFACE_s04_session3_natural,1,299,19.966666666666665,-0.6886816620826721,-0.04156929608827964
COHFACE_s04_session3_natural,2,0,20.0,-0.7384002804756165,-0.0975733048743416
COHFACE_s04_session3_natural,2,1,20.033333333333335,-0.7860919237136841,1.0374370083337605
COHFACE_s04_session3_natural,2,2,20.066666666666666,-0.8424106240272522,1.975827138895098
COHFACE_s04_session3_natural,2,3,20.1,-0.9012253284454346,2.5604874160598428
COHFACE_s04_session3_natural,2,4,20.133333333333333,-0.943439245223999,2.7178461161893313
COHFACE_s04_session3_natural,2,5,20.166666666666668,-0.9693203568458557,2.476028755631636
COHFACE_s04_session3_natural,2,6,20.2,-0.9901760816574097,1.948037947082647
COHFACE_s04_session3_natural,2,7,20.233333333333334,-1.005436658859253,1.2893132668711555
COHFACE_s04_session3_natural,2,8,20.266666666666666,-0.9534733891487122,0.6468691229949537
COHFACE_s04_session3_natural,2,9,20.3,-0.5505483746528625,0.12150153870424779
COHFACE_s04_session3_natural,2,10,20.333333333333332,0.3538844883441925,-0.24547157662350708
COHFACE_s04_session3_natural,2,11,20.366666666666667,1.282590389251709,-0.4614325726057452
COHFACE_s04_session3_natural,2,12,20.4,1.7929766178131104,-0.5582053567230445
COHFACE_s04_session3_natural,2,13,20.433333333333334,1.9503909349441528,-0.5720622828109007
COHFACE_s04_session3_natural,2,14,20.466666666666665,1.998802900314331,-0.534532724884935
COHFACE_s04_session3_natural,2,15,20.5,2.028118133544922,-0.4682331914396059
COHFACE_s04_session3_natural,2,16,20.533333333333335,1.9553828239440918,-0.3847442744602071
COHFACE_s04_session3_natural,2,17,20.566666666666666,1.689334750175476,-0.28555253050392276
COHFACE_s04_session3_natural,2,18,20.6,1.327166199684143,-0.16614393080195725
COHFACE_s04_session3_natural,2,19,20.633333333333333,1.0887079238891602,-0.022295362729391966
COHFACE_s04_session3_natural,2,20,20.666666666666668,0.9723516702651978,0.1430250424584031
COHFACE_s04_session3_natural,2,21,20.7,0.8761308193206787,0.3141953485728462
COHFACE_s04_session3_natural,2,22,20.733333333333334,0.7406442761421204,0.462071127193313
COHFACE_s04_session3_natural,2,23,20.766666666666666,0.5684216022491455,0.551231242913136
COHFACE_s04_session3_natural,2,24,20.8,0.3884596824645996,0.5528028534609659
COHFACE_s04_session3_natural,2,25,20.833333333333332,0.2362886220216751,0.45475988645305504
COHFACE_s04_session3_natural,2,26,20.866666666666667,0.09232580661773682,0.26555048030749867
COHFACE_s04_session3_natural,2,27,20.9,-0.048102427273988724,0.011722576020010764
COHFACE_s04_session3_natural,2,28,20.933333333333334,-0.17261669039726257,-0.26862628558294255
COHFACE_s04_session3_natural,2,29,20.966666666666665,-0.28580692410469055,-0.5340845310758899
COHFACE_s04_session3_natural,2,30,21.0,-0.38913047313690186,-0.7484497623924408
COHFACE_s04_session3_natural,2,31,21.033333333333335,-0.470325231552124,-0.8892909703711511
COHFACE_s04_session3_natural,2,32,21.066666666666666,-0.5391405820846558,-0.9540955219898986
COHFACE_s04_session3_natural,2,33,21.1,-0.6031147837638855,-0.959731809467764
COHFACE_s04_session3_natural,2,34,21.133333333333333,-0.6716620922088623,-0.9333097528626048
COHFACE_s04_session3_natural,2,35,21.166666666666668,-0.7433419823646545,-0.8955549257580824
COHFACE_s04_session3_natural,2,36,21.2,-0.8132796883583069,-0.8452879141051399
COHFACE_s04_session3_natural,2,37,21.233333333333334,-0.8743558526039124,-0.7590918437857328
COHFACE_s04_session3_natural,2,38,21.266666666666666,-0.9146600961685181,-0.6072879230031475
COHFACE_s04_session3_natural,2,39,21.3,-0.9477611184120178,-0.3740198709743493
COHFACE_s04_session3_natural,2,40,21.333333333333332,-0.9944477081298828,-0.06993960070218595
COHFACE_s04_session3_natural,2,41,21.366666666666667,-1.032942771911621,0.270544668737265
COHFACE_s04_session3_natural,2,42,21.4,-0.9270059466362,0.60386588686212
COHFACE_s04_session3_natural,2,43,21.433333333333334,-0.3377031981945038,0.8895865482381753
COHFACE_s04_session3_natural,2,44,21.466666666666665,0.656283438205719,1.0954627370236176
COHFACE_s04_session3_natural,2,45,21.5,1.4619994163513184,1.2006246738848465
COHFACE_s04_session3_natural,2,46,21.533333333333335,1.7871973514556885,1.1984632635678447
COHFACE_s04_session3_natural,2,47,21.566666666666666,1.8457942008972168,1.09639048332509
COHFACE_s04_session3_natural,2,48,21.6,1.857905626296997,0.9125454190386845
COHFACE_s04_session3_natural,2,49,21.633333333333333,1.8400987386703491,0.6724216581469861
COHFACE_s04_session3_natural,2,50,21.666666666666668,1.7014628648757935,0.4065006419622836
COHFACE_s04_session3_natural,2,51,21.7,1.4176748991012573,0.14788169617020058
COHFACE_s04_session3_natural,2,52,21.733333333333334,1.139666199684143,-0.07121064708084704
COHFACE_s04_session3_natural,2,53,21.766666666666666,0.9975460171699524,-0.22480738647047896
COHFACE_s04_session3_natural,2,54,21.8,0.9231188893318176,-0.29882361050115147
COHFACE_s04_session3_natural,2,55,21.833333333333332,0.8125419020652771,-0.29318490321020785
COHFACE_s04_session3_natural,2,56,21.866666666666667,0.6400847434997559,-0.2199331800278805
COHFACE_s04_session3_natural,2,57,21.9,0.4437900483608246,-0.10009860314037378
COHFACE_s04_session3_natural,2,58,21.933333333333334,0.2667596936225891,0.03920733442691963
COHFACE_s04_session3_natural,2,59,21.966666666666665,0.10582755506038666,0.16768794103887974
COHFACE_s04_session3_natural,2,60,22.0,-0.02679445780813694,0.2553275926968652
COHFACE_s04_session3_natural,2,61,22.033333333333335,-0.1423298865556717,0.2770648059247615
COHFACE_s04_session3_natural,2,62,22.066666666666666,-0.25402921438217163,0.21809732131329385
COHFACE_s04_session3_natural,2,63,22.1,-0.3554598391056061,0.07801045387801699
COHFACE_s04_session3_natural,2,64,22.133333333333333,-0.4473923444747925,-0.12778898183247997
COHFACE_s04_session3_natural,2,65,22.166666666666668,-0.5351201891899109,-0.370258948461582
COHFACE_s04_session3_natural,2,66,22.2,-0.6078386902809143,-0.6118758636313972
COHFACE_s04_session3_natural,2,67,22.233333333333334,-0.6963203549385071,-0.8126434571915797
COHFACE_s04_session3_natural,2,68,22.266666666666666,-0.7830933928489685,-0.9364743643888295
COHFACE_s04_session3_natural,2,69,22.3,-0.8586093783378601,-0.9589697464527459
COHFACE_s04_session3_natural,2,70,22.333333333333332,-0.9263526201248169,-0.8750782700332806
COHFACE_s04_session3_natural,2,71,22.366666666666667,-0.9843465089797974,-0.7026944433414768
COHFACE_s04_session3_natural,2,72,22.4,-1.0330432653427124,-0.4794543635665614
COHFACE_s04_session3_natural,2,73,22.433333333333334,-1.083532452583313,-0.2519111326103711
COHFACE_s04_session3_natural,2,74,22.466666666666665,-1.1275889873504639,-0.06017405352492861
COHFACE_s04_session3_natural,2,75,22.5,-1.1462167501449585,0.0754793429558738
COHFACE_s04_session3_natural,2,76,22.533333333333335,-0.9163184762001038,0.15931482841533848
COHFACE_s04_session3_natural,2,77,22.566666666666666,-0.16472671926021576,0.21083387959866404
COHFACE_s04_session3_natural,2,78,22.6,0.7837125062942505,0.24776792953875493
COHFACE_s04_session3_natural,2,79,22.633333333333333,1.3695812225341797,0.2777535200281987
COHFACE_s04_session3_natural,2,80,22.666666666666668,1.5129241943359375,0.3021825645198055
COHFACE_s04_session3_natural,2,81,22.7,1.504414439201355,0.32210599372534393
COHFACE_s04_session3_natural,2,82,22.733333333333334,1.4908791780471802,0.3408901872714078
COHFACE_s04_session3_natural,2,83,22.766666666666666,1.411292552947998,0.3645888655963096
COHFACE_s04_session3_natural,2,84,22.8,1.1445409059524536,0.3999089002324673
COHFACE_s04_session3_natural,2,85,22.833333333333332,0.7884196639060974,0.4485748137149259
COHFACE_s04_session3_natural,2,86,22.866666666666667,0.5963966846466064,0.501311985472807
COHFACE_s04_session3_natural,2,87,22.9,0.5370124578475952,0.5383112379622339
COHFACE_s04_session3_natural,2,88,22.933333333333334,0.45521461963653564,0.537514245065126
COHFACE_s04_session3_natural,2,89,22.966666666666665,0.32858964800834656,0.48607212402246436
COHFACE_s04_session3_natural,2,90,23.0,0.16040410101413727,0.3887362038062047
COHFACE_s04_session3_natural,2,91,23.033333333333335,-0.007061133161187172,0.26682853931039546
COHFACE_s04_session3_natural,2,92,23.066666666666666,-0.15549661219120026,0.14839583261242958
COHFACE_s04_session3_natural,2,93,23.1,-0.2802286446094513,0.056954792139122856
COHFACE_s04_session3_natural,2,94,23.133333333333333,-0.39057108759880066,0.004227434931748087
COHFACE_s04_session3_natural,2,95,23.166666666666668,-0.47808119654655457,-0.010962346699710454
COHFACE_s04_session3_natural,2,96,23.2,-0.5606998205184937,0.0009232460871969363
COHFACE_s04_session3_natural,2,97,23.233333333333334,-0.6410737633705139,0.023935100405816093
COHFACE_s04_session3_natural,2,98,23.266666666666666,-0.7073596715927124,0.038735561758986015
COHFACE_s04_session3_natural,2,99,23.3,-0.7629747986793518,0.02418655714256871
COHFACE_s04_session3_natural,2,100,23.333333333333332,-0.8215717077255249,-0.0397972099865077
COHFACE_s04_session3_natural,2,101,23.366666666666667,-0.8763325214385986,-0.16642501760467288
COHFACE_s04_session3_natural,2,102,23.4,-0.9260008931159973,-0.3543107393303168
COHFACE_s04_session3_natural,2,103,23.433333333333334,-0.9757696986198425,-0.5816475821875168
COHFACE_s04_session3_natural,2,104,23.466666666666665,-1.0088037252426147,-0.8066383334269175
COHFACE_s04_session3_natural,2,105,23.5,-1.0293747186660767,-0.9779783413326295
COHFACE_s04_session3_natural,2,106,23.533333333333335,-1.0668646097183228,-1.0529054268222975
COHFACE_s04_session3_natural,2,107,23.566666666666666,-1.0910371541976929,-1.0143489279618896
COHFACE_s04_session3_natural,2,108,23.6,-0.9729387164115906,-0.8786415052230631
COHFACE_s04_session3_natural,2,109,23.633333333333333,-0.4103044271469116,-0.687150284313414
COHFACE_s04_session3_natural,2,110,23.666666666666668,0.5707333087921143,-0.4848798313849797
COHFACE_s04_session3_natural,2,111,23.7,1.3910399675369263,-0.29822420417365736
COHFACE_s04_session3_natural,2,112,23.733333333333334,1.7503104209899902,-0.12356466519735318
COHFACE_s04_session3_natural,2,113,23.766666666666666,1.8168810606002808,0.06480479195901609
COHFACE_s04_session3_natural,2,114,23.8,1.823933482170105,0.29211037354055835
COHFACE_s04_session3_natural,2,115,23.833333333333332,1.8082540035247803,0.5626104315515977
COHFACE_s04_session3_natural,2,116,23.866666666666667,1.6642576456069946,0.8514643952786
COHFACE_s04_session3_natural,2,117,23.9,1.3330962657928467,1.110463600490363
COHFACE_s04_session3_natural,2,118,23.933333333333334,1.0079319477081299,1.2843417782927882
COHFACE_s04_session3_natural,2,119,23.966666666666665,0.8376525044441223,1.3304109883103377
COHFACE_s04_session3_natural,2,120,24.0,0.7443631291389465,1.2333620768744724
COHFACE_s04_session3_natural,2,121,24.033333333333335,0.6411065459251404,1.00787158297727
COHFACE_s04_session3_natural,2,122,24.066666666666666,0.4930061101913452,0.6899572991446887
COHFACE_s04_session3_natural,2,123,24.1,0.3154899477958679,0.3258816811259296
COHFACE_s04_session3_natural,2,124,24.133333333333333,0.14001746475696564,-0.03664927085579406
COHFACE_s04_session3_natural,2,125,24.166666666666668,-0.009456604719161987,-0.3553148846815605
COHFACE_s04_session3_natural,2,126,24.2,-0.14418931305408478,-0.5982811663810697
COHFACE_s04_session3_natural,2,127,24.233333333333334,-0.26660963892936707,-0.7473402257439938
COHFACE_s04_session3_natural,2,128,24.266666666666666,-0.36770522594451904,-0.7984605074967602
COHFACE_s04_session3_natural,2,129,24.3,-0.4603915512561798,-0.7588099170726443
COHFACE_s04_session3_natural,2,130,24.333333333333332,-0.546846330165863,-0.6420799776017198
COHFACE_s04_session3_natural,2,131,24.366666666666667,-0.6239369511604309,-0.46626461842285455
COHFACE_s04_session3_natural,2,132,24.4,-0.6896030306816101,-0.2545029522042229
COHFACE_s04_session3_natural,2,133,24.433333333333334,-0.7484679222106934,-0.03594802525521674
COHFACE_s04_session3_natural,2,134,24.466666666666665,-0.8106664419174194,0.15574163724512163
COHFACE_s04_session3_natural,2,135,24.5,-0.8670521378517151,0.28733605483285174
COHFACE_s04_session3_natural,2,136,24.533333333333335,-0.9206236004829407,0.3334510603890047
COHFACE_s04_session3_natural,2,137,24.566666666666666,-0.9597887396812439,0.2836065135161564
COHFACE_s04_session3_natural,2,138,24.6,-0.9907791018486023,0.14657023861498747
COHFACE_s04_session3_natural,2,139,24.633333333333333,-1.0210826396942139,-0.04945161558850226
COHFACE_s04_session3_natural,2,140,24.666666666666668,-1.0534131526947021,-0.26172183300675406
COHFACE_s04_session3_natural,2,141,24.7,-1.0210826396942139,-0.4431340996741944
COHFACE_s04_session3_natural,2,142,24.733333333333334,-0.6112895011901855,-0.554649215654544
COHFACE_s04_session3_natural,2,143,24.766666666666666,0.32234132289886475,-0.5743792321376592
COHFACE_s04_session3_natural,2,144,24.8,1.2763588428497314,-0.5000977630704253
COHFACE_s04_session3_natural,2,145,24.833333333333332,1.78086519241333,-0.34498967263363267
COHFACE_s04_session3_natural,2,146,24.866666666666667,1.9106897115707397,-0.13123463092866153
COHFACE_s04_session3_natural,2,147,24.9,1.9421826601028442,0.11050133919249722
COHFACE_s04_session3_natural,2,148,24.933333333333334,1.941412091255188,0.33948219086828363
COHFACE_s04_session3_natural,2,149,24.966666666666665,1.8470003604888916,0.5156488641791831
COHFACE_s04_session3_natural,2,150,25.0,1.5753237009048462,0.6184821516192228
COHFACE_s04_session3_natural,2,151,25.033333333333335,1.1960183382034302,0.6519981209774255
COHFACE_s04_session3_natural,2,152,25.066666666666666,0.9101364612579346,0.6324068700072144
COHFACE_s04_session3_natural,2,153,25.1,0.7612989544868469,0.5743967093181918
COHFACE_s04_session3_natural,2,154,25.133333333333333,0.6514255404472351,0.4860294787464927
COHFACE_s04_session3_natural,2,155,25.166666666666668,0.5023032426834106,0.37364789139633986
COHFACE_s04_session3_natural,2,156,25.2,0.32121896743774414,0.24991536650775414
COHFACE_s04_session3_natural,2,157,25.233333333333334,0.13777275383472443,0.1318551422839014
COHFACE_s04_session3_natural,2,158,25.266666666666666,-0.037029653787612915,0.029288616507721417
COHFACE_s04_session3_natural,2,159,25.3,-0.17931731045246124,-0.06243587640923393
COHFACE_s04_session3_natural,2,160,25.333333333333332,-0.3040325939655304,-0.15938772448704322
COHFACE_s04_session3_natural,2,161,25.366666666666667,-0.43203118443489075,-0.2791223642917843
COHFACE_s04_session3_natural,2,162,25.4,-0.5605490803718567,-0.42794140071856224
COHFACE_s04_session3_natural,2,163,25.433333333333334,-0.6555973887443542,-0.589202506567004
COHFACE_s04_session3_natural,2,164,25.466666666666665,-0.7339443564414978,-0.7210185623549604
COHFACE_s04_session3_natural,2,165,25.5,-0.8170487880706787,-0.77401467756457
COHFACE_s04_session3_natural,2,166,25.533333333333335,-0.9033024907112122,-0.7206210723240043
COHFACE_s04_session3_natural,2,167,25.566666666666666,-0.9794215559959412,-0.570107955610209
COHFACE_s04_session3_natural,2,168,25.6,-1.0513359308242798,-0.3613635359650875
COHFACE_s04_session3_natural,2,169,25.633333333333333,-1.1201512813568115,-0.14508796941283444
COHFACE_s04_session3_natural,2,170,25.666666666666668,-1.1898545026779175,0.03505134000332063
COHFACE_s04_session3_natural,2,171,25.7,-1.245268702507019,0.15714211715388876
COHFACE_s04_session3_natural,2,172,25.733333333333334,-1.2855393886566162,0.22664214104747443
COHFACE_s04_session3_natural,2,173,25.766666666666666,-1.3182718753814697,0.26897833360042517
COHFACE_s04_session3_natural,2,174,25.8,-1.3529644012451172,0.31275534072171324
COHFACE_s04_session3_natural,2,175,25.833333333333332,-1.3622279167175293,0.37392619491267637
COHFACE_s04_session3_natural,2,176,25.866666666666667,-1.1397171020507812,0.44822406478953425
COHFACE_s04_session3_natural,2,177,25.9,-0.37978309392929077,0.5145021398262648
COHFACE_s04_session3_natural,2,178,25.933333333333334,0.6098313927650452,0.5461474491460874
COHFACE_s04_session3_natural,2,179,25.966666666666665,1.2670783996582031,0.5230225061794777
COHFACE_s04_session3_natural,2,180,26.0,1.4670249223709106,0.4387406013691264
COHFACE_s04_session3_natural,2,181,26.033333333333335,1.4617817401885986,0.301539094907795
COHFACE_s04_session3_natural,2,182,26.066666666666666,1.4437402486801147,0.12990884873404668
COHFACE_s04_session3_natural,2,183,26.1,1.3777726888656616,-0.05339816331124235
COHFACE_s04_session3_natural,2,184,26.133333333333333,1.150822639465332,-0.2259975101571888
COHFACE_s04_session3_natural,2,185,26.166666666666668,0.7833942174911499,-0.3674788724416633
COHFACE_s04_session3_natural,2,186,26.2,0.4774104058742523,-0.45937578864923295
COHFACE_s04_session3_natural,2,187,26.233333333333334,0.3375517427921295,-0.4874030768151291
COHFACE_s04_session3_natural,2,188,26.266666666666666,0.23504900932312012,-0.4460205823053985
COHFACE_s04_session3_natural,2,189,26.3,0.098088338971138,-0.34141745810811264
COHFACE_s04_session3_natural,2,190,26.333333333333332,-0.06180519610643387,-0.19112438555351566
COHFACE_s04_session3_natural,2,191,26.366666666666667,-0.2397904098033905,-0.021015741316637505
COHFACE_s04_session3_natural,2,192,26.4,-0.41737356781959534,0.13943136705657416
COHFACE_s04_session3_natural,2,193,26.433333333333334,-0.563731849193573,0.2627991444105617
COHFACE_s04_session3_natural,2,194,26.466666666666665,-0.6967894434928894,0.32907079665065964
COHFACE_s04_session3_natural,2,195,26.5,-0.823833167552948,0.3291326355415828
COHFACE_s04_session3_natural,2,196,26.533333333333335,-0.9292506575584412,0.2656528757370392
COHFACE_s04_session3_natural,2,197,26.566666666666666,-1.0181846618652344,0.15138504116893686
COHFACE_s04_session3_natural,2,198,26.6,-1.0874691009521484,0.006144324875713834
COHFACE_s04_session3_natural,2,199,26.633333333333333,-1.1386282444000244,-0.1454227462012272
COHFACE_s04_session3_natural,2,200,26.666666666666668,-1.1849966049194336,-0.27606656665188234
COHFACE_s04_session3_natural,2,201,26.7,-1.2367253303527832,-0.3615008670090186
COHFACE_s04_session3_natural,2,202,26.733333333333334,-1.2798103094100952,-0.38786121616078184
COHFACE_s04_session3_natural,2,203,26.766666666666666,-1.322744607925415,-0.355035845775744
COHFACE_s04_session3_natural,2,204,26.8,-1.3505520820617676,-0.2739846810336309
COHFACE_s04_session3_natural,2,205,26.833333333333332,-1.364908218383789,-0.16076595043644767
COHFACE_s04_session3_natural,2,206,26.866666666666667,-1.3817100524902344,-0.030688380668146432
COHFACE_s04_session3_natural,2,207,26.9,-1.392213225364685,0.10412094446308194
COHFACE_s04_session3_natural,2,208,26.933333333333334,-1.3889466524124146,0.23347392541241024
COHFACE_s04_session3_natural,2,209,26.966666666666665,-1.1908595561981201,0.34694764883670115
COHFACE_s04_session3_natural,2,210,27.0,-0.47607100009918213,0.4327414610401697
COHFACE_s04_session3_natural,2,211,27.033333333333335,0.5143643617630005,0.47822578482150835
COHFACE_s04_session3_natural,2,212,27.066666666666666,1.1888822317123413,0.47222233644446027
COHFACE_s04_session3_natural,2,213,27.1,1.394708514213562,0.40840922818222575
COHFACE_s04_session3_natural,2,214,27.133333333333333,1.4095839262008667,0.28872603704435423
COHFACE_s04_session3_natural,2,215,27.166666666666668,1.4237221479415894,0.12533699146682234
COHFACE_s04_session3_natural,2,216,27.2,1.3797829151153564,-0.05985675293924543
COHFACE_s04_session3_natural,2,217,27.233333333333334,1.1329320669174194,-0.23850812477862102
COHFACE_s04_session3_natural,2,218,27.266666666666666,0.7776819467544556,-0.3809370869936534
COHFACE_s04_session3_natural,2,219,27.3,0.5674164891242981,-0.4609286744909157
COHFACE_s04_session3_natural,2,220,27.333333333333332,0.5136105418205261,-0.4607292388179642
COHFACE_s04_session3_natural,2,221,27.366666666666667,0.4528191387653351,-0.3790016286497022
COHFACE_s04_session3_natural,2,222,27.4,0.333682119846344,-0.23721617437819062
COHFACE_s04_session3_natural,2,223,27.433333333333334,0.17926634848117828,-0.07376689786855785
COHFACE_s04_session3_natural,2,224,27.466666666666665,0.012789452448487282,0.07249246074760148
COHFACE_s04_session3_natural,2,225,27.5,-0.14464160799980164,0.17546108560387486
COHFACE_s04_session3_natural,2,226,27.533333333333335,-0.27349451184272766,0.22555015184569685
COHFACE_s04_session3_natural,2,227,27.566666666666666,-0.3905543386936188,0.2268112597970801
COHFACE_s04_session3_natural,2,228,27.6,-0.504967451095581,0.19098083188703247
COHFACE_s04_session3_natural,2,229,27.633333333333333,-0.6043376326560974,0.1316951225773475
COHFACE_s04_session3_natural,2,230,27.666666666666668,-0.6844602823257446,0.06069717986295123
COHFACE_s04_session3_natural,2,231,27.7,-0.7441293001174927,-0.013875331273363777
COHFACE_s04_session3_natural,2,232,27.733333333333334,-0.7939651608467102,-0.08783906645172834
COHFACE_s04_session3_natural,2,233,27.766666666666666,-0.8413888216018677,-0.1611526188644353
COHFACE_s04_session3_natural,2,234,27.8,-0.8825808763504028,-0.23705578806893948
COHFACE_s04_session3_natural,2,235,27.833333333333332,-0.9147103428840637,-0.3174803975244269
COHFACE_s04_session3_natural,2,236,27.866666666666667,-0.9587836265563965,-0.3968843776089488
COHFACE_s04_session3_natural,2,237,27.9,-1.000830054283142,-0.4610257075694624
COHFACE_s04_session3_natural,2,238,27.933333333333334,-1.0210156440734863,-0.49157992412197093
COHFACE_s04_session3_natural,2,239,27.966666666666665,-1.0294417142868042,-0.4716672337841232
COHFACE_s04_session3_natural,2,240,28.0,-1.0409332513809204,-0.38976909801981313
COHFACE_s04_session3_natural,2,241,28.033333333333335,-0.945717453956604,-0.24249154081816093
COHFACE_s04_session3_natural,2,242,28.066666666666666,-0.4085119962692261,-0.03644983523029931
COHFACE_s04_session3_natural,2,243,28.1,0.6012881398200989,0.21086486001137475
COHFACE_s04_session3_natural,2,244,28.133333333333333,1.4982162714004517,0.4724302049582255
COHFACE_s04_session3_natural,2,245,28.166666666666668,1.921745777130127,0.7171506148753405
COHFACE_s04_session3_natural,2,246,28.2,2.02716326713562,0.9175500125596755
COHFACE_s04_session3_natural,2,247,28.233333333333334,2.071873188018799,1.054401576875616
COHFACE_s04_session3_natural,2,248,28.266666666666666,2.0949065685272217,1.1165156135253231
COHFACE_s04_session3_natural,2,249,28.3,1.9930403232574463,1.0978033620576588
COHFACE_s04_session3_natural,2,250,28.333333333333332,1.70523202419281,0.9947249496408461
COHFACE_s04_session3_natural,2,251,28.366666666666667,1.3373512029647827,0.8073592156391655
COHFACE_s04_session3_natural,2,252,28.4,1.0937836170196533,0.5436570059213159
COHFACE_s04_session3_natural,2,253,28.433333333333334,0.9678287506103516,0.22285715480702226
COHFACE_s04_session3_natural,2,254,28.466666666666665,0.8499146103858948,-0.1251206773282317
COHFACE_s04_session3_natural,2,255,28.5,0.6951135396957397,-0.4657889837201119
COHFACE_s04_session3_natural,2,256,28.533333333333335,0.49881890416145325,-0.7686309941531411
COHFACE_s04_session3_natural,2,257,28.566666666666666,0.29738152027130127,-1.0111546147559098
COHFACE_s04_session3_natural,2,258,28.6,0.1253766119480133,-1.1773884317711076
COHFACE_s04_session3_natural,2,259,28.633333333333333,-0.029139675199985504,-1.2557584451022308
COHFACE_s04_session3_natural,2,260,28.666666666666668,-0.17429184913635254,-1.2401827347519068
COHFACE_s04_session3_natural,2,261,28.7,-0.3104819357395172,-1.1359687173126192
COHFACE_s04_session3_natural,2,262,28.733333333333334,-0.42586660385131836,-0.9648230078523905
COHFACE_s04_session3_natural,2,263,28.766666666666666,-0.5216687321662903,-0.7575985549802527
COHFACE_s04_session3_natural,2,264,28.8,-0.6091453433036804,-0.5377888462652735
COHFACE_s04_session3_natural,2,265,28.833333333333332,-0.6840415000915527,-0.3125316995578729
COHFACE_s04_session3_natural,2,266,28.866666666666667,-0.760562539100647,-0.0770797912956736
COHFACE_s04_session3_natural,2,267,28.9,-0.8335825800895691,0.17363832801874096
COHFACE_s04_session3_natural,2,268,28.933333333333334,-0.8997344374656677,0.4335394304422338
COHFACE_s04_session3_natural,2,269,28.966666666666665,-0.9564216732978821,0.6801928448681197
COHFACE_s04_session3_natural,2,270,29.0,-1.0075138807296753,0.8782689172418816
COHFACE_s04_session3_natural,2,271,29.033333333333335,-1.0430271625518799,0.9896480443809687
COHFACE_s04_session3_natural,2,272,29.066666666666666,-1.0556410551071167,0.9863353476971745
COHFACE_s04_session3_natural,2,273,29.1,-1.089278221130371,0.8612244764131757
COHFACE_s04_session3_natural,2,274,29.133333333333333,-1.1112395524978638,0.6333435968329175
COHFACE_s04_session3_natural,2,275,29.166666666666668,-0.9632060527801514,0.34636387875033225
COHFACE_s04_session3_natural,2,276,29.2,-0.3123413622379303,0.05961971672676023
COHFACE_s04_session3_natural,2,277,29.233333333333334,0.7166057825088501,-0.1683341940884967
COHFACE_s04_session3_natural,2,278,29.266666666666666,1.5384200811386108,-0.2978781769782539
COHFACE_s04_session3_natural,2,279,29.3,1.8869025707244873,-0.3178089099758572
COHFACE_s04_session3_natural,2,280,29.333333333333332,1.9669749736785889,-0.24281609100222962
COHFACE_s04_session3_natural,2,281,29.366666666666667,2.0075137615203857,-0.10332220758796655
COHFACE_s04_session3_natural,2,282,29.4,1.9989200830459595,0.06653613888321379
COHFACE_s04_session3_natural,2,283,29.433333333333334,1.8610045909881592,0.23698478168601975
COHFACE_s04_session3_natural,2,284,29.466666666666665,1.529022455215454,0.38486381127495956
COHFACE_s04_session3_natural,2,285,29.5,1.1469027996063232,0.49231693377173846
COHFACE_s04_session3_natural,2,286,29.533333333333335,0.9047759175300598,0.5444163225428164
COHFACE_s04_session3_natural,2,287,29.566666666666666,0.7792230844497681,0.5277311641765846
COHFACE_s04_session3_natural,2,288,29.6,0.6551610827445984,0.4311383130579898
COHFACE_s04_session3_natural,2,289,29.633333333333333,0.48178258538246155,0.2491370587116364
COHFACE_s04_session3_natural,2,290,29.666666666666668,0.2808477282524109,-0.01330291383117035
COHFACE_s04_session3_natural,2,291,29.7,0.09230905771255493,-0.33640685220975586
COHFACE_s04_session3_natural,2,292,29.733333333333334,-0.06632811576128006,-0.6841231425367708
COHFACE_s04_session3_natural,2,293,29.766666666666666,-0.21012341976165771,-1.0076311994766622
COHFACE_s04_session3_natural,2,294,29.8,-0.3499820828437805,-1.2531208340175521
COHFACE_s04_session3_natural,2,295,29.833333333333332,-0.4809289574623108,-1.370406858166378
COHFACE_s04_session3_natural,2,296,29.866666666666667,-0.5928795337677002,-1.32245299998077
COHFACE_s04_session3_natural,2,297,29.9,-0.6833714246749878,-1.0989557540258472
COHFACE_s04_session3_natural,2,298,29.933333333333334,-0.767648458480835,-0.7281890139224119
COHFACE_s04_session3_natural,2,299,29.966666666666665,-0.8507863879203796,-0.2735955055660338
COHFACE_s04_session3_natural,3,0,30.0,-0.9220809936523438,-0.03451707547159961
COHFACE_s04_session3_natural,3,1,30.033333333333335,-0.9994229078292847,0.8936054197017657
COHFACE_s04_session3_natural,3,2,30.066666666666666,-1.0794283151626587,1.6559776002546405
COHFACE_s04_session3_natural,3,3,30.1,-1.144055724143982,2.124772255340349
COHFACE_s04_session3_natural,3,4,30.133333333333333,-1.201011061668396,2.249604409299853
COHFACE_s04_session3_natural,3,5,30.166666666666668,-1.2415330410003662,2.0676530743831725
COHFACE_s04_session3_natural,3,6,30.2,-1.2808489799499512,1.6798128582219907
COHFACE_s04_session3_natural,3,7,30.233333333333334,-1.3253411054611206,1.2099273210076948
COHFACE_s04_session3_natural,3,8,30.266666666666666,-1.3580232858657837,0.7643497233002169
COHFACE_s04_session3_natural,3,9,30.3,-1.228986144065857,0.40563324453881944
COHFACE_s04_session3_natural,3,10,30.333333333333332,-0.6095808744430542,0.1466645875213605
COHFACE_s04_session3_natural,3,11,30.366666666666667,0.3978238105773926,-0.03672226629495902
COHFACE_s04_session3_natural,3,12,30.4,1.1790155172348022,-0.18253428456131435
COHFACE_s04_session3_natural,3,13,30.433333333333334,1.4895222187042236,-0.3207008834914622
COHFACE_s04_session3_natural,3,14,30.466666666666665,1.5398774147033691,-0.46058345793449584
COHFACE_s04_session3_natural,3,15,30.5,1.5388890504837036,-0.5907451982290295
COHFACE_s04_session3_natural,3,16,30.533333333333335,1.5100764036178589,-0.6881854027342342
COHFACE_s04_session3_natural,3,17,30.566666666666666,1.3383060693740845,-0.7295498037454883
COHFACE_s04_session3_natural,3,18,30.6,0.9716145992279053,-0.6997250350903353
COHFACE_s04_session3_natural,3,19,30.633333333333333,0.6376557350158691,-0.5970567012706717
COHFACE_s04_session3_natural,3,20,30.666666666666668,0.47533321380615234,-0.4358781373175793
COHFACE_s04_session3_natural,3,21,30.7,0.38308244943618774,-0.24797163408729983
COHFACE_s04_session3_natural,3,22,30.733333333333334,0.27604004740715027,-0.07942070293629534
COHFACE_s04_session3_natural,3,23,30.766666666666666,0.12840864062309265,0.024763829689547778
COHFACE_s04_session3_natural,3,24,30.8,-0.05096694454550743,0.042597775444942615
COHFACE_s04_session3_natural,3,25,30.833333333333332,-0.2197723090648651,-0.014158742228847245
COHFACE_s04_session3_natural,3,26,30.866666666666667,-0.369983434677124,-0.10735665071520295
COHFACE_s04_session3_natural,3,27,30.9,-0.5097416043281555,-0.19201834204659524
COHFACE_s04_session3_natural,3,28,30.933333333333334,-0.6269857287406921,-0.23689600426236584
COHFACE_s04_session3_natural,3,29,30.966666666666665,-0.7304600477218628,-0.2322006276822291
COHFACE_s04_session3_natural,3,30,31.0,-0.8250895142555237,-0.18363861005178392
COHFACE_s04_session3_natural,3,31,31.033333333333335,-0.9068036079406738,-0.10475464204135533
COHFACE_s04_session3_natural,3,32,31.066666666666666,-0.9786007404327393,-0.013411344802342455
COHFACE_s04_session3_natural,3,33,31.1,-1.0348021984100342,0.06946648545003178
COHFACE_s04_session3_natural,3,34,31.133333333333333,-1.0985418558120728,0.12252050398816162
COHFACE_s04_session3_natural,3,35,31.166666666666668,-1.1643084287643433,0.13208980272867793
COHFACE_s04_session3_natural,3,36,31.2,-1.2215484380722046,0.10264667112920894
COHFACE_s04_session3_natural,3,37,31.233333333333334,-1.267816185951233,0.05965637563697132
COHFACE_s04_session3_natural,3,38,31.266666666666666,-1.2931110858917236,0.04011272773733397
COHFACE_s04_session3_natural,3,39,31.3,-1.3080366849899292,0.07256425949233
COHFACE_s04_session3_natural,3,40,31.333333333333332,-1.3402833938598633,0.15681369039320356
COHFACE_s04_session3_natural,3,41,31.366666666666667,-1.3584588766098022,0.2594966398640006
COHFACE_s04_session3_natural,3,42,31.4,-1.21476411819458,0.329736895964153
COHFACE_s04_session3_natural,3,43,31.433333333333334,-0.5854418873786926,0.32590513626172474
COHFACE_s04_session3_natural,3,44,31.466666666666665,0.41425707936286926,0.23963673779517775
COHFACE_s04_session3_natural,3,45,31.5,1.1747941970825195,0.10160377153162031
COHFACE_s04_session3_natural,3,46,31.533333333333335,1.447459101676941,-0.03390285654276024
COHFACE_s04_session3_natural,3,47,31.566666666666666,1.4879810810089111,-0.11529073723626417
COHFACE_s04_session3_natural,3,48,31.6,1.4961726665496826,-0.11757691950121564
COHFACE_s04_session3_natural,3,49,31.633333333333333,1.4549806118011475,-0.05063151838304613
COHFACE_s04_session3_natural,3,50,31.666666666666668,1.2465745210647583,0.0497805247563569
COHFACE_s04_session3_natural,3,51,31.7,0.8972880244255066,0.13788672066030483
COHFACE_s04_session3_natural,3,52,31.733333333333334,0.630703866481781,0.17431222409867744
COHFACE_s04_session3_natural,3,53,31.766666666666666,0.5292397141456604,0.14175803615049376
COHFACE_s04_session3_natural,3,54,31.8,0.476706862449646,0.05384298545817383
COHFACE_s04_session3_natural,3,55,31.833333333333332,0.3706360459327698,-0.05264237983675676
COHFACE_s04_session3_natural,3,56,31.866666666666667,0.2217147797346115,-0.1384761548306086
COHFACE_s04_session3_natural,3,57,31.9,0.05481908842921257,-0.1795864800241938
COHFACE_s04_session3_natural,3,58,31.933333333333334,-0.10277948528528214,-0.17293570799332703
COHFACE_s04_session3_natural,3,59,31.966666666666665,-0.23776346445083618,-0.13171537620603138
COHFACE_s04_session3_natural,3,60,32.0,-0.3491780161857605,-0.07488532001752482
COHFACE_s04_session3_natural,3,61,32.03333333333333,-0.4553661048412323,-0.0186988939101653
COHFACE_s04_session3_natural,3,62,32.06666666666667,-0.5511514544487,0.026372207917124916
COHFACE_s04_session3_natural,3,63,32.1,-0.6345239281654358,0.054821701783787744
COHFACE_s04_session3_natural,3,64,32.13333333333333,-0.7061702609062195,0.06376119540529313
COHFACE_s04_session3_natural,3,65,32.166666666666664,-0.7538954615592957,0.051522070815958554
COHFACE_s04_session3_natural,3,66,32.2,-0.7950372695922852,0.018122491295682407
COHFACE_s04_session3_natural,3,67,32.233333333333334,-0.8456604480743408,-0.033271836601006945
COHFACE_s04_session3_natural,3,68,32.266666666666666,-0.8875393271446228,-0.09482070813459234
COHFACE_s04_session3_natural,3,69,32.3,-0.9249455332756042,-0.15317189969686795
COHFACE_s04_session3_natural,3,70,32.333333333333336,-0.9566729664802551,-0.19028449638438696
COHFACE_s04_session3_natural,3,71,32.36666666666667,-0.9891374707221985,-0.18683580850498735
COHFACE_s04_session3_natural,3,72,32.4,-1.0196754932403564,-0.1292410627778142
COHFACE_s04_session3_natural,3,73,32.43333333333333,-1.0327417850494385,-0.020906450646656118
COHFACE_s04_session3_natural,3,74,32.46666666666667,-0.8847585320472717,0.11007033034306063
COHFACE_s04_session3_natural,3,75,32.5,-0.241130530834198,0.2209428822206209
COHFACE_s04_session3_natural,3,76,32.53333333333333,0.7921720147132874,0.27799284406743013
COHFACE_s04_session3_natural,3,77,32.56666666666667,1.5934991836547852,0.2722840891176702
COHFACE_s04_session3_natural,3,78,32.6,1.930875301361084,0.21921103991862717
COHFACE_s04_session3_natural,3,79,32.63333333333333,2.02716326713562,0.14877230734108815
COHFACE_s04_session3_natural,3,80,32.666666666666664,2.0682380199432373,0.09179337260803262
COHFACE_s04_session3_natural,3,81,32.7,2.0521397590637207,0.06438799264034016
COHFACE_s04_session3_natural,3,82,32.733333333333334,1.8899178504943848,0.05748439770703223
COHFACE_s04_session3_natural,3,83,32.766666666666666,1.5412510633468628,0.04132378841067107
COHFACE_s04_session3_natural,3,84,32.8,1.1788145303726196,-0.015598069379830617
COHFACE_s04_session3_natural,3,85,32.833333333333336,0.9734405279159546,-0.12417950998440885
COHFACE_s04_session3_natural,3,86,32.86666666666667,0.8592117428779602,-0.2618229731660782
COHFACE_s04_session3_natural,3,87,32.9,0.7226028442382812,-0.38060958199079514
COHFACE_s04_session3_natural,3,88,32.93333333333333,0.5478339195251465,-0.4321727597167606
COHFACE_s04_session3_natural,3,89,32.96666666666667,0.34865802526474,-0.3899759679710481
COHFACE_s04_session3_natural,3,90,33.0,0.1541222780942917,-0.2588114612855663
COHFACE_s04_session3_natural,3,91,33.03333333333333,-0.01056220754981041,-0.0726779220386559
COHFACE_s04_session3_natural,3,92,33.06666666666667,-0.16186219453811646,0.11677078744435672
COHFACE_s04_session3_natural,3,93,33.1,-0.305154949426651,0.25860537432626546
COHFACE_s04_session3_natural,3,94,33.13333333333333,-0.43633633852005005,0.3211158337803077
COHFACE_s04_session3_natural,3,95,33.166666666666664,-0.551285445690155,0.30088295741667853
COHFACE_s04_session3_natural,3,96,33.2,-0.6443738341331482,0.21930866247022096
COHFACE_s04_session3_natural,3,97,33.233333333333334,-0.7208613753318787,0.11048862365147998
COHFACE_s04_session3_natural,3,98,33.266666666666666,-0.7905478477478027,0.006338978433507518
COHFACE_s04_session3_natural,3,99,33.3,-0.8612728714942932,-0.07441234876021992
COHFACE_s04_session3_natural,3,100,33.333333333333336,-0.9343096613883972,-0.12932650902814435
COHFACE_s04_session3_natural,3,101,33.36666666666667,-0.9992554187774658,-0.16675251461528337
COHFACE_s04_session3_natural,3,102,33.4,-1.0543512105941772,-0.19558126218569039
COHFACE_s04_session3_natural,3,103,33.43333333333333,-1.0924443006515503,-0.21768467089673413
COHFACE_s04_session3_natural,3,104,33.46666666666667,-1.1213406324386597,-0.22659391535897244
COHFACE_s04_session3_natural,3,105,33.5,-1.1620469093322754,-0.21131836841182672
COHFACE_s04_session3_natural,3,106,33.53333333333333,-1.1967394351959229,-0.16263566346598934
COHFACE_s04_session3_natural,3,107,33.56666666666667,-1.0849061012268066,-0.07830369217077637
COHFACE_s04_session3_natural,3,108,33.6,-0.5033592581748962,0.03446899741701357
COHFACE_s04_session3_natural,3,109,33.63333333333333,0.4995559751987457,0.15879751354656663
COHFACE_s04_session3_natural,3,110,33.666666666666664,1.3517743349075317,0.2704344178814861
COHFACE_s04_session3_natural,3,111,33.7,1.7168910503387451,0.34363517274241406
COHFACE_s04_session3_natural,3,112,33.733333333333334,1.7953720092773438,0.35957376098869004
COHFACE_s04_session3_natural,3,113,33.766666666666666,1.821671962738037,0.314331678166009
COHFACE_s04_session3_natural,3,114,33.8,1.8086057901382446,0.22265329083236018
COHFACE_s04_session3_natural,3,115,33.833333333333336,1.6614266633987427,0.1136843632612395
COHFACE_s04_session3_natural,3,116,33.86666666666667,1.3287409543991089,0.020318185050179818
COHFACE_s04_session3_natural,3,117,33.9,0.9445776343345642,-0.031146558803525997
COHFACE_s04_session3_natural,3,118,33.93333333333333,0.692550539970398,-0.02737082024092465
COHFACE_s04_session3_natural,3,119,33.96666666666667,0.5522395968437195,0.029568110861604074
COHFACE_s04_session3_natural,3,120,34.0,0.4204719066619873,0.12323944408167009
COHFACE_s04_session3_natural,3,121,34.03333333333333,0.25479909777641296,0.22698358223753312
COHFACE_s04_session3_natural,3,122,34.06666666666667,0.06465224921703339,0.31027680074578784
COHFACE_s04_session3_natural,3,123,34.1,-0.12504228949546814,0.3462167485061199
COHFACE_s04_session3_natural,3,124,34.13333333333333,-0.29709744453430176,0.3187879985388633
COHFACE_s04_session3_natural,3,125,34.166666666666664,-0.44566693902015686,0.22841705998909995
COHFACE_s04_session3_natural,3,126,34.2,-0.5935161113739014,0.09345208768448919
COHFACE_s04_session3_natural,3,127,34.233333333333334,-0.7234076261520386,-0.05516640161571372
COHFACE_s04_session3_natural,3,128,34.266666666666666,-0.8372344374656677,-0.18489380685812146
COHFACE_s04_session3_natural,3,129,34.3,-0.9410772323608398,-0.27330409577602227
COHFACE_s04_session3_natural,3,130,34.333333333333336,-1.038588047027588,-0.315773431807358
COHFACE_s04_session3_natural,3,131,34.36666666666667,-1.1265671253204346,-0.32548896065316646
COHFACE_s04_session3_natural,3,132,34.4,-1.204210638999939,-0.3259659419326351
COHFACE_s04_session3_natural,3,133,34.43333333333333,-1.2748016119003296,-0.3400190003700774
COHFACE_s04_session3_natural,3,134,34.46666666666667,-1.3417240381240845,-0.3796148823301941
COHFACE_s04_session3_natural,3,135,34.5,-1.3957310914993286,-0.44061831749537833
COHFACE_s04_session3_natural,3,136,34.53333333333333,-1.4291001558303833,-0.505015106350485
COHFACE_s04_session3_natural,3,137,34.56666666666667,-1.4461699724197388,-0.5511781743064155
COHFACE_s04_session3_natural,3,138,34.6,-1.4780983924865723,-0.5663040851139675
COHFACE_s04_session3_natural,3,139,34.63333333333333,-1.5095410346984863,-0.5501271397008787
COHFACE_s04_session3_natural,3,140,34.666666666666664,-1.4619834423065186,-0.5087482579642938
COHFACE_s04_session3_natural,3,141,34.7,-1.0331437587738037,-0.4473454137165489
COHFACE_s04_session3_natural,3,142,34.733333333333334,-0.13293227553367615,-0.36628257286506233
COHFACE_s04_session3_natural,3,143,34.766666666666666,0.7161200046539307,-0.25977345414323805
COHFACE_s04_session3_natural,3,144,34.8,1.111875295639038,-0.11729438143536507
COHFACE_s04_session3_natural,3,145,34.833333333333336,1.1973249912261963,0.07100561976613781
COHFACE_s04_session3_natural,3,146,34.86666666666667,1.2194370031356812,0.30579761830550656
COHFACE_s04_session3_natural,3,147,34.9,1.228667140007019,0.5700059379186867
COHFACE_s04_session3_natural,3,148,34.93333333333333,1.132999062538147,0.8262102972332428
COHFACE_s04_session3_natural,3,149,34.96666666666667,0.8481054306030273,1.027491739074451
COHFACE_s04_session3_natural,3,150,35.0,0.5317859649658203,1.1367947168598387
COHFACE_s04_session3_natural,3,151,35.03333333333333,0.3721436858177185,1.1385719866098307
COHFACE_s04_session3_natural,3,152,35.06666666666667,0.3084208071231842,1.0379892923162355
COHFACE_s04_session3_natural,3,153,35.1,0.22885093092918396,0.8554587934215745
COHFACE_s04_session3_natural,3,154,35.13333333333333,0.11105404049158096,0.6208197735384071
COHFACE_s04_session3_natural,3,155,35.166666666666664,-0.04103327542543411,0.3668836431595492
COHFACE_s04_session3_natural,3,156,35.2,-0.21092748641967773,0.12329049686315857
COHFACE_s04_session3_natural,3,157,35.233333333333334,-0.356330931186676,-0.08713984037131078
COHFACE_s04_session3_natural,3,158,35.266666666666666,-0.48322391510009766,-0.2492901940905346
COHFACE_s04_session3_natural,3,159,35.3,-0.6013056039810181,-0.35542988685830024
COHFACE_s04_session3_natural,3,160,35.333333333333336,-0.7136917114257812,-0.40471005146810757
COHFACE_s04_session3_natural,3,161,35.36666666666667,-0.8106161952018738,-0.4026226531976863
COHFACE_s04_session3_natural,3,162,35.4,-0.8918277025222778,-0.3606133295593411
COHFACE_s04_session3_natural,3,163,35.43333333333333,-0.9568069577217102,-0.2960407851489769
COHFACE_s04_session3_natural,3,164,35.46666666666667,-1.0074468851089478,-0.23132975944696102
COHFACE_s04_session3_natural,3,165,35.5,-1.0600299835205078,-0.19018702289319767
COHFACE_s04_session3_natural,3,166,35.53333333333333,-1.117923378944397,-0.19122680862538474
COHFACE_s04_session3_natural,3,167,35.56666666666667,-1.1694176197052002,-0.2418900500672184
COHFACE_s04_session3_natural,3,168,35.6,-1.2023009061813354,-0.33506137901647765
COHFACE_s04_session3_natural,3,169,35.63333333333333,-1.2259540557861328,-0.4498146753856808
COHFACE_s04_session3_natural,3,170,35.666666666666664,-1.243794560432434,-0.556375839971953
COHFACE_s04_session3_natural,3,171,35.7,-1.2568272352218628,-0.6239883590293751
COHFACE_s04_session3_natural,3,172,35.733333333333334,-1.1949301958084106,-0.6294106571424631
COHFACE_s04_session3_natural,3,173,35.766666666666666,-0.7569442391395569,-0.5631803370549411
COHFACE_s04_session3_natural,3,174,35.8,0.14085504412651062,-0.4318959833846786
COHFACE_s04_session3_natural,3,175,35.833333333333336,0.9638084173202515,-0.25615152683757964
COHFACE_s04_session3_natural,3,176,35.86666666666667,1.3343526124954224,-0.06372850461326267
COHFACE_s04_session3_natural,3,177,35.9,1.4317461252212524,0.12213247646260753
COHFACE_s04_session3_natural,3,178,35.93333333333333,1.473524570465088,0.29323811964764485
COHFACE_s04_session3_natural,3,179,35.96666666666667,1.4891034364700317,0.45470102264531065
COHFACE_s04_session3_natural,3,180,36.0,1.3843560218811035,0.6117058251520067
COHFACE_s04_session3_natural,3,181,36.03333333333333,1.0888922214508057,0.7571767138864101
COHFACE_s04_session3_natural,3,182,36.06666666666667,0.7917364835739136,0.8680681689456007
COHFACE_s04_session3_natural,3,183,36.1,0.659080982208252,0.9114252473774725
COHFACE_s04_session3_natural,3,184,36.13333333333333,0.5913209319114685,0.8575269311845768
COHFACE_s04_session3_natural,3,185,36.166666666666664,0.491163432598114,0.6941883071035654
COHFACE_s04_session3_natural,3,186,36.2,0.36554357409477234,0.43601933742682264
COHFACE_s04_session3_natural,3,187,36.233333333333334,0.21611975133419037,0.12347580131991827
COHFACE_s04_session3_natural,3,188,36.266666666666666,0.054886095225811005,-0.18892151598975498
COHFACE_s04_session3_natural,3,189,36.3,-0.08483857661485672,-0.45103959979982
COHFACE_s04_session3_natural,3,190,36.333333333333336,-0.19590134918689728,-0.6340151825776247
COHFACE_s04_session3_natural,3,191,36.36666666666667,-0.30324527621269226,-0.735044037025545
COHFACE_s04_session3_natural,3,192,36.4,-0.4005885124206543,-0.7687912569883204
COHFACE_s04_session3_natural,3,193,36.43333333333333,-0.4784832298755646,-0.753575067370787
COHFACE_s04_session3_natural,3,194,36.46666666666667,-0.5531951189041138,-0.700491812398484
COHFACE_s04_session3_natural,3,195,36.5,-0.6147738099098206,-0.6116799901780553
COHFACE_s04_session3_natural,3,196,36.53333333333333,-0.6705229878425598,-0.4867815069284254
COHFACE_s04_session3_natural,3,197,36.56666666666667,-0.7262721657752991,-0.32991780843169305
COHFACE_s04_session3_natural,3,198,36.6,-0.7803126573562622,-0.15277732967188729
COHFACE_s04_session3_natural,3,199,36.63333333333333,-0.8223925232887268,0.026227518231070262
COHFACE_s04_session3_natural,3,200,36.666666666666664,-0.8539022207260132,0.18575625315691088
COHFACE_s04_session3_natural,3,201,36.7,-0.8806712031364441,0.30659271795339843
COHFACE_s04_session3_natural,3,202,36.733333333333334,-0.9025654792785645,0.37669160401056845
COHFACE_s04_session3_natural,3,203,36.766666666666666,-0.920573353767395,0.39555715616422865
COHFACE_s04_session3_natural,3,204,36.8,-0.8461964726448059,0.37632058449530276
COHFACE_s04_session3_natural,3,205,36.833333333333336,-0.3761480152606964,0.34322557014551397
COHFACE_s04_session3_natural,3,206,36.86666666666667,0.5423561930656433,0.3242528988682016
COHFACE_s04_session3_natural,3,207,36.9,1.3692796230316162,0.340848011552241
COHFACE_s04_session3_natural,3,208,36.93333333333333,1.7570780515670776,0.39848223689341344
COHFACE_s04_session3_natural,3,209,36.96666666666667,1.8720606565475464,0.48283127870909176
COHFACE_s04_session3_natural,3,210,37.0,1.9278600215911865,0.5634186349726573
COHFACE_s04_session3_natural,3,211,37.03333333333333,1.941596269607544,0.6032237420413754
COHFACE_s04_session3_natural,3,212,37.06666666666667,1.8563811779022217,0.5709851265957017
COHFACE_s04_session3_natural,3,213,37.1,1.5940686464309692,0.4517599221625693
COHFACE_s04_session3_natural,3,214,37.13333333333333,1.2455694675445557,0.253022806925794
COHFACE_s04_session3_natural,3,215,37.166666666666664,1.005100965499878,0.005669039511392895
COHFACE_s04_session3_natural,3,216,37.2,0.8755277395248413,-0.24119605566619054
COHFACE_s04_session3_natural,3,217,37.233333333333334,0.7653862833976746,-0.4329729348892319
COHFACE_s04_session3_natural,3,218,37.266666666666666,0.633266806602478,-0.5271150984178965
COHFACE_s04_session3_natural,3,219,37.3,0.47007325291633606,-0.5091151564555524
COHFACE_s04_session3_natural,3,220,37.333333333333336,0.2935789227485657,-0.39981705673774637
COHFACE_s04_session3_natural,3,221,37.36666666666667,0.13877785205841064,-0.24776805908029062
COHFACE_s04_session3_natural,3,222,37.4,-0.006039288826286793,-0.10909998773469258
COHFACE_s04_session3_natural,3,223,37.43333333333333,-0.15908144414424896,-0.025770992339276978
COHFACE_s04_session3_natural,3,224,37.46666666666667,-0.28888919949531555,-0.013333052861471439
COHFACE_s04_session3_natural,3,225,37.5,-0.41199633479118347,-0.06711491284457119
COHFACE_s04_session3_natural,3,226,37.53333333333333,-0.5149680972099304,-0.17849839065161577
COHFACE_s04_session3_natural,3,227,37.56666666666667,-0.5897135138511658,-0.33817883360050105
COHFACE_s04_session3_natural,3,228,37.6,-0.673571765422821,-0.5252962111579924
COHFACE_s04_session3_natural,3,229,37.63333333333333,-0.7682347893714905,-0.7035191664406123
COHFACE_s04_session3_natural,3,230,37.666666666666664,-0.8539859652519226,-0.8297965299582423
COHFACE_s04_session3_natural,3,231,37.7,-0.9314786195755005,-0.8644565829019333
COHFACE_s04_session3_natural,3,232,37.733333333333334,-1.0031249523162842,-0.7790847683037695
COHFACE_s04_session3_natural,3,233,37.766666666666666,-1.0512522459030151,-0.5670578569418003
COHFACE_s04_session3_natural,3,234,37.8,-1.0909868478775024,-0.2528884732654675
COHFACE_s04_session3_natural,3,235,37.833333333333336,-1.1308890581130981,0.11145162908722636
COHFACE_s04_session3_natural,3,236,37.86666666666667,-1.1653469800949097,0.46391883495069736
COHFACE_s04_session3_natural,3,237,37.9,-1.1506391763687134,0.7526340976914812
COHFACE_s04_session3_natural,3,238,37.93333333333333,-0.813815712928772,0.9489962169319076
COHFACE_s04_session3_natural,3,239,37.96666666666667,0.02664298377931118,1.0468876754473726
COHFACE_s04_session3_natural,3,240,38.0,0.9272900223731995,1.051391406457921
COHFACE_s04_session3_natural,3,241,38.03333333333333,1.3963836431503296,0.9695775014404326
COHFACE_s04_session3_natural,3,242,38.06666666666667,1.5144988298416138,0.8089646884276358
COHFACE_s04_session3_natural,3,243,38.1,1.5245665311813354,0.5809390467490123
COHFACE_s04_session3_natural,3,244,38.13333333333333,1.5173466205596924,0.30574866662160516
COHFACE_s04_session3_natural,3,245,38.166666666666664,1.4364533424377441,0.01595966790409131
COHFACE_s04_session3_natural,3,246,38.2,1.1701204776763916,-0.24527632463295596
COHFACE_s04_session3_natural,3,247,38.233333333333334,0.8018209338188171,-0.4343309170908503
COHFACE_s04_session3_natural,3,248,38.266666666666666,0.5334275960922241,-0.5222019504614781
COHFACE_s04_session3_natural,3,249,38.3,0.3952440619468689,-0.5052869830619732
COHFACE_s04_session3_natural,3,250,38.333333333333336,0.2862919867038727,-0.4062839884073745
COHFACE_s04_session3_natural,3,251,38.36666666666667,0.14432261884212494,-0.26475111337174156
COHFACE_s04_session3_natural,3,252,38.4,-0.02724675089120865,-0.12242184843428366
COHFACE_s04_session3_natural,3,253,38.43333333333333,-0.19935216009616852,-0.012720128632032878
COHFACE_s04_session3_natural,3,254,38.46666666666667,-0.3580228388309479,0.0431844972773902
COHFACE_s04_session3_natural,3,255,38.5,-0.49893686175346375,0.03880118922656596
COHFACE_s04_session3_natural,3,256,38.53333333333333,-0.6288116574287415,-0.01569755167842161
COHFACE_s04_session3_natural,3,257,38.56666666666667,-0.7308118343353271,-0.09525806644158487
COHFACE_s04_session3_natural,3,258,38.6,-0.8138325214385986,-0.16681793563344446
COHFACE_s04_session3_natural,3,259,38.63333333333333,-0.8949602246284485,-0.20005520863256043
COHFACE_s04_session3_natural,3,260,38.666666666666664,-0.9724193811416626,-0.17852362715211936
COHFACE_s04_session3_natural,3,261,38.7,-1.037113904953003,-0.10601906272451203
COHFACE_s04_session3_natural,3,262,38.733333333333334,-1.0959118604660034,-0.004807371313715622
COHFACE_s04_session3_natural,3,263,38.766666666666666,-1.1541234254837036,0.09507210257945573
COHFACE_s04_session3_natural,3,264,38.8,-1.2151159048080444,0.17029896033955697
COHFACE_s04_session3_natural,3,265,38.833333333333336,-1.2678329944610596,0.21266612719516073
COHFACE_s04_session3_natural,3,266,38.86666666666667,-1.3094438314437866,0.2273818902134896
COHFACE_s04_session3_natural,3,267,38.9,-1.3461799621582031,0.22408727333864478
COHFACE_s04_session3_natural,3,268,38.93333333333333,-1.380135416984558,0.20742013281492758
COHFACE_s04_session3_natural,3,269,38.96666666666667,-1.4071221351623535,0.17618500574091145
COHFACE_s04_session3_natural,3,270,39.0,-1.3396971225738525,0.1297254139019123
COHFACE_s04_session3_natural,3,271,39.03333333333333,-0.8631322979927063,0.07014869856765318
COHFACE_s04_session3_natural,3,272,39.06666666666667,0.039089385420084,-0.0013187280572854016
COHFACE_s04_session3_natural,3,273,39.1,0.8228608965873718,-0.08548541061134306
COHFACE_s04_session3_natural,3,274,39.13333333333333,1.1600862741470337,-0.1815634840965378
COHFACE_s04_session3_natural,3,275,39.166666666666664,1.249003529548645,-0.2832328968718993
COHFACE_s04_session3_natural,3,276,39.2,1.2853543758392334,-0.37739738313039217
COHFACE_s04_session3_natural,3,277,39.233333333333334,1.2746669054031372,-0.44635942923100963
COHFACE_s04_session3_natural,3,278,39.266666666666666,1.1130144596099854,-0.47272789417710404
COHFACE_s04_session3_natural,3,279,39.3,0.7831596732139587,-0.44508616141945984
COHFACE_s04_session3_natural,3,280,39.333333333333336,0.5056535601615906,-0.36244878527685165
COHFACE_s04_session3_natural,3,281,39.36666666666667,0.4089803397655487,-0.23590140870465673
COHFACE_s04_session3_natural,3,282,39.4,0.37569501996040344,-0.08698626730764342
COHFACE_s04_session3_natural,3,283,39.43333333333333,0.2759898006916046,0.056382770745878
COHFACE_s04_session3_natural,3,284,39.46666666666667,0.13211074471473694,0.16616336156481876
COHFACE_s04_session3_natural,3,285,39.5,-0.03533774986863136,0.2226499990238581
COHFACE_s04_session3_natural,3,286,39.53333333333333,-0.1949632614850998,0.22253293833937177
COHFACE_s04_session3_natural,3,287,39.56666666666667,-0.32624515891075134,0.18167265969657603
COHFACE_s04_session3_natural,3,288,39.6,-0.43717390298843384,0.13049422446458903
COHFACE_s04_session3_natural,3,289,39.63333333333333,-0.5384202599525452,0.10323876673268127
COHFACE_s04_session3_natural,3,290,39.666666666666664,-0.6331167817115784,0.1251028772952245
COHFACE_s04_session3_natural,3,291,39.7,-0.7054834961891174,0.20329744465545632
COHFACE_s04_session3_natural,3,292,39.733333333333334,-0.7552690505981445,0.32488829396065827
COHFACE_s04_session3_natural,3,293,39.766666666666666,-0.7992251515388489,0.4606188325232727
COHFACE_s04_session3_natural,3,294,39.8,-0.8362963199615479,0.5729776126416984
COHFACE_s04_session3_natural,3,295,39.833333333333336,-0.8797833323478699,0.626223202654964
COHFACE_s04_session3_natural,3,296,39.86666666666667,-0.9383299946784973,0.5960182266963784
COHFACE_s04_session3_natural,3,297,39.9,-0.9763057827949524,0.4765401851644226
COHFACE_s04_session3_natural,3,298,39.93333333333333,-0.9938446283340454,0.28289174165899383
COHFACE_s04_session3_natural,3,299,39.96666666666667,-1.0142983198165894,0.046954820265129815
COHFACE_s04_session3_natural,4,0,40.0,-1.0492252111434937,0.14500074565834611
COHFACE_s04_session3_natural,4,1,40.03333333333333,-1.062140703201294,0.8273237283843986
COHFACE_s04_session3_natural,4,2,40.06666666666667,-0.8538016676902771,1.4218123989215703
COHFACE_s04_session3_natural,4,3,40.1,-0.12614789605140686,1.8589171108208
COHFACE_s04_session3_natural,4,4,40.13333333333333,0.8499481081962585,2.10009521071993
COHFACE_s04_session3_natural,4,5,40.166666666666664,1.4813475608825684,2.1441549457814304
COHFACE_s04_session3_natural,4,6,40.2,1.7008095979690552,2.0196218930244427
COHFACE_s04_session3_natural,4,7,40.233333333333334,1.7661405801773071,1.7694360727333687
COHFACE_s04_session3_natural,4,8,40.266666666666666,1.801318883895874,1.4353381328695742
COHFACE_s04_session3_natural,4,9,40.3,1.766542673110962,1.0487033236135623
COHFACE_s04_session3_natural,4,10,40.333333333333336,1.5506151914596558,0.6298543258186053
COHFACE_s04_session3_natural,4,11,40.36666666666667,1.1828181743621826,0.1929321781649338
COHFACE_s04_session3_natural,4,12,40.4,0.9025144577026367,-0.24754143577923132
COHFACE_s04_session3_natural,4,13,40.43333333333333,0.7936294078826904,-0.6722294378189644
COHFACE_s04_session3_natural,4,14,40.46666666666667,0.7188337445259094,-1.0564053426034448
COHFACE_s04_session3_natural,4,15,40.5,0.6094293594360352,-1.3725764833600052
COHFACE_s04_session3_natural,4,16,40.53333333333333,0.46042436361312866,-1.5947040284228093
COHFACE_s04_session3_natural,4,17,40.56666666666667,0.29607489705085754,-1.7019048984732421
COHFACE_s04_session3_natural,4,18,40.6,0.13713620603084564,-1.681524750374893
COHFACE_s04_session3_natural,4,19,40.63333333333333,0.0009461072040721774,-1.5333356080593272
COHFACE_s04_session3_natural,4,20,40.666666666666664,-0.11909549683332443,-1.2725720734424617
COHFACE_s04_session3_natural,4,21,40.7,-0.23243647813796997,-0.9260291607896819
COHFACE_s04_session3_natural,4,22,40.733333333333334,-0.320884644985199,-0.5237323609171671
COHFACE_s04_session3_natural,4,23,40.766666666666666,-0.3860984444618225,-0.09633155932888565
COHFACE_s04_session3_natural,4,24,40.8,-0.4405912160873413,0.3217182393204444
COHFACE_s04_session3_natural,4,25,40.833333333333336,-0.5011983513832092,0.6931322524325787
COHFACE_s04_session3_natural,4,26,40.86666666666667,-0.5702314376831055,0.9841544452838976
COHFACE_s04_session3_natural,4,27,40.9,-0.6334183216094971,1.1683934684271522
COHFACE_s04_session3_natural,4,28,40.93333333333333,-0.6967056393623352,1.2274087711389055
COHFACE_s04_session3_natural,4,29,40.96666666666667,-0.750645637512207,1.1545746113432442
COHFACE_s04_session3_natural,4,30,41.0,-0.7946854829788208,0.9613819854599528
COHFACE_s04_session3_natural,4,31,41.03333333333333,-0.8324937224388123,0.6780580291392692
COHFACE_s04_session3_natural,4,32,41.06666666666667,-0.8582073450088501,0.34659659845100943
COHFACE_s04_session3_natural,4,33,41.1,-0.887103796005249,0.011095539656369816
COHFACE_s04_session3_natural,4,34,41.13333333333333,-0.8719603419303894,-0.2899007495979786
COHFACE_s04_session3_natural,4,35,41.166666666666664,-0.532942533493042,-0.5256508571055317
COHFACE_s04_session3_natural,4,36,41.2,0.3381045460700989,-0.6716774977950465
COHFACE_s04_session3_natural,4,37,41.233333333333334,1.296778917312622,-0.7104688837266638
COHFACE_s04_session3_natural,4,38,41.266666666666666,1.8548065423965454,-0.6357580851658255
COHFACE_s04_session3_natural,4,39,41.3,2.0516371726989746,-0.45657539716001816
COHFACE_s04_session3_natural,4,40,41.333333333333336,2.128208637237549,-0.19794915496723184
COHFACE_s04_session3_natural,4,41,41.36666666666667,2.150689125061035,0.10335824574161852
COHFACE_s04_session3_natural,4,42,41.4,2.0758097171783447,0.40641901655690693
COHFACE_s04_session3_natural,4,43,41.43333333333333,1.8381555080413818,0.6724366885909161
COHFACE_s04_session3_natural,4,44,41.46666666666667,1.463121771812439,0.8683267965886275
COHFACE_s04_session3_natural,4,45,41.5,1.1418774127960205,0.9694621730407734
COHFACE_s04_session3_natural,4,46,41.53333333333333,0.9697719812393188,0.9621975569538377
COHFACE_s04_session3_natural,4,47,41.56666666666667,0.8527121543884277,0.8452117075521236
COHFACE_s04_session3_natural,4,48,41.6,0.7144113183021545,0.6293675371112224
COHFACE_s04_session3_natural,4,49,41.63333333333333,0.5471303462982178,0.33650060188423925
COHFACE_s04_session3_natural,4,50,41.666666666666664,0.369798481464386,-0.0026230958945211123
COHFACE_s04_session3_natural,4,51,41.7,0.20392462611198425,-0.3511368580666256
COHFACE_s04_session3_natural,4,52,41.733333333333334,0.049006301909685135,-0.6698933950875889
COHFACE_s04_session3_natural,4,53,41.766666666666666,-0.09401842206716537,-0.9225417604977982
COHFACE_s04_session3_natural,4,54,41.8,-0.22243580222129822,-1.0819452207614089
COHFACE_s04_session3_natural,4,55,41.833333333333336,-0.33117011189460754,-1.1375818327992495
COHFACE_s04_session3_natural,4,56,41.86666666666667,-0.4236889183521271,-1.0996838824956592
COHFACE_s04_session3_natural,4,57,41.9,-0.5043643712997437,-0.9930345635599552
COHFACE_s04_session3_natural,4,58,41.93333333333333,-0.5770158171653748,-0.8421357016830961
COHFACE_s04_session3_natural,4,59,41.96666666666667,-0.6521632671356201,-0.6580189995276947
COHFACE_s04_session3_natural,4,60,42.0,-0.7245802283287048,-0.4357293905461662
COHFACE_s04_session3_natural,4,61,42.03333333333333,-0.793328583240509,-0.16793805304582143
COHFACE_s04_session3_natural,4,62,42.06666666666667,-0.8653602600097656,0.1341984165123262
COHFACE_s04_session3_natural,4,63,42.1,-0.9324837327003479,0.43393518279491805
COHFACE_s04_session3_natural,4,64,42.13333333333333,-0.9891542196273804,0.6810552004844139
COHFACE_s04_session3_natural,4,65,42.166666666666664,-1.027448296546936,0.8317092727751179
COHFACE_s04_session3_natural,4,66,42.2,-1.0535471439361572,0.8646485044638681
COHFACE_s04_session3_natural,4,67,42.233333333333334,-1.0783226490020752,0.7854411737321546
COHFACE_s04_session3_natural,4,68,42.266666666666666,-1.0834319591522217,0.6191201873608086
COHFACE_s04_session3_natural,4,69,42.3,-0.8865007162094116,0.40019883281715796
COHFACE_s04_session3_natural,4,70,42.333333333333336,-0.1831701695919037,0.16505650245583986
COHFACE_s04_session3_natural,4,71,42.36666666666667,0.8241172432899475,-0.05339402664361625
COHFACE_s04_session3_natural,4,72,42.4,1.5345672369003296,-0.22953525847411693
COHFACE_s04_session3_natural,4,73,42.43333333333333,1.7969634532928467,-0.34832532803171595
COHFACE_s04_session3_natural,4,74,42.46666666666667,1.865845799446106,-0.40654131895822404
COHFACE_s04_session3_natural,4,75,42.5,1.9188141822814941,-0.4084092869507158
COHFACE_s04_session3_natural,4,76,42.53333333333333,1.909852147102356,-0.35829184969741057
COHFACE_s04_session3_natural,4,77,42.56666666666667,1.7396564483642578,-0.2587074873154196
COHFACE_s04_session3_natural,4,78,42.6,1.3783254623413086,-0.11458089853442384
COHFACE_s04_session3_natural,4,79,42.63333333333333,1.0148670673370361,0.0629479059643299
COHFACE_s04_session3_natural,4,80,42.666666666666664,0.8124581575393677,0.25605281980658723
COHFACE_s04_session3_natural,4,81,42.7,0.7079787254333496,0.44146152733030347
COHFACE_s04_session3_natural,4,82,42.733333333333334,0.5991271734237671,0.5927703536151125
COHFACE_s04_session3_natural,4,83,42.766666666666666,0.4410930573940277,0.6843639174514283
COHFACE_s04_session3_natural,4,84,42.8,0.24900305271148682,0.6964574226587276
COHFACE_s04_session3_natural,4,85,42.833333333333336,0.07195592671632767,0.6197477307098697
COHFACE_s04_session3_natural,4,86,42.86666666666667,-0.08410150557756424,0.4583781921499332
COHFACE_s04_session3_natural,4,87,42.9,-0.21725957095623016,0.2303430583611217
COHFACE_s04_session3_natural,4,88,42.93333333333333,-0.3462130129337311,-0.03483525375753794
COHFACE_s04_session3_natural,4,89,42.96666666666667,-0.45695748925209045,-0.300588650004493
COHFACE_s04_session3_natural,4,90,43.0,-0.5471813082695007,-0.529258669002857
COHFACE_s04_session3_natural,4,91,43.03333333333333,-0.6253775358200073,-0.6887393812597385
COHFACE_s04_session3_natural,4,92,43.06666666666667,-0.7030377388000488,-0.7583216987328824
COHFACE_s04_session3_natural,4,93,43.1,-0.7703621983528137,-0.7317320088639543
COHFACE_s04_session3_natural,4,94,43.13333333333333,-0.8267814517021179,-0.616595750894857
COHFACE_s04_session3_natural,4,95,43.166666666666664,-0.8887454271316528,-0.4309130974110174
COHFACE_s04_session3_natural,4,96,43.2,-0.950927197933197,-0.19807979879749207
COHFACE_s04_session3_natural,4,97,43.233333333333334,-1.0072290897369385,0.05739364030947597
COHFACE_s04_session3_natural,4,98,43.266666666666666,-1.0459587574005127,0.31225722859825417
COHFACE_s04_session3_natural,4,99,43.3,-1.0727444887161255,0.5449280054578949
COHFACE_s04_session3_natural,4,100,43.333333333333336,-1.097469687461853,0.7345781681658351
COHFACE_s04_session3_natural,4,101,43.36666666666667,-1.1337535381317139,0.8600641319272504
COHFACE_s04_session3_natural,4,102,43.4,-1.2143620252609253,0.9003358629571782
COHFACE_s04_session3_natural,4,103,43.43333333333333,-1.18817937374115,0.8379894031860553
COHFACE_s04_session3_natural,4,104,43.46666666666667,-0.744749128818512,0.6652254966707557
COHFACE_s04_session3_natural,4,105,43.5,0.16367065906524658,0.3891567395287579
COHFACE_s04_session3_natural,4,106,43.53333333333333,1.0283018350601196,0.03386558582424855
COHFACE_s04_session3_natural,4,107,43.56666666666667,1.470693588256836,-0.3623393560784723
COHFACE_s04_session3_natural,4,108,43.6,1.5744693279266357,-0.7539890723547998
COHFACE_s04_session3_natural,4,109,43.63333333333333,1.5973855257034302,-1.0973703300060254
COHFACE_s04_session3_natural,4,110,43.666666666666664,1.58688223361969,-1.3576944060799452
COHFACE_s04_session3_natural,4,111,43.7,1.4666229486465454,-1.5105667839873087
COHFACE_s04_session3_natural,4,112,43.733333333333334,1.1646260023117065,-1.5395902533693782
COHFACE_s04_session3_natural,4,113,43.766666666666666,0.8286234140396118,-1.4370703500072686
COHFACE_s04_session3_natural,4,114,43.8,0.6158117055892944,-1.2080028733524297
COHFACE_s04_session3_natural,4,115,43.833333333333336,0.5020519495010376,-0.8706606711471652
COHFACE_s04_session3_natural,4,116,43.86666666666667,0.3910394310951233,-0.4525221706169785
COHFACE_s04_session3_natural,4,117,43.9,0.24292223155498505,0.013905218754291638
COHFACE_s04_session3_natural,4,118,43.93333333333333,0.08053271472454071,0.4927548106936365
COHFACE_s04_session3_natural,4,119,43.96666666666667,-0.08683200925588608,0.943975894025207
COHFACE_s04_session3_natural,4,120,44.0,-0.24690981209278107,1.323057571735111
COHFACE_s04_session3_natural,4,121,44.03333333333333,-0.3894990086555481,1.5864501525098804
COHFACE_s04_session3_natural,4,122,44.06666666666667,-0.5084015130996704,1.7016535492182507
COHFACE_s04_session3_natural,4,123,44.1,-0.6232166290283203,1.6548677863858399
COHFACE_s04_session3_natural,4,124,44.13333333333333,-0.7250157594680786,1.452976858748944
COHFACE_s04_session3_natural,4,125,44.166666666666664,-0.8071653842926025,1.1212132121102745
COHFACE_s04_session3_natural,4,126,44.2,-0.8770025968551636,0.6985984715289172
COHFACE_s04_session3_natural,4,127,44.233333333333334,-0.9471413493156433,0.2334192043831573
COHFACE_s04_session3_natural,4,128,44.266666666666666,-1.0181511640548706,-0.22090019024247143
COHFACE_s04_session3_natural,4,129,44.3,-1.0915396213531494,-0.6109871050217845
COHFACE_s04_session3_natural,4,130,44.333333333333336,-1.159785509109497,-0.8906100929223096
COHFACE_s04_session3_natural,4,131,44.36666666666667,-1.204512119293213,-1.0293871688335139
COHFACE_s04_session3_natural,4,132,44.4,-1.231096863746643,-1.0198549034033828
COHFACE_s04_session3_natural,4,133,44.43333333333333,-1.2588038444519043,-0.8773345294314353
COHFACE_s04_session3_natural,4,134,44.46666666666667,-1.2887054681777954,-0.6326721368519846
COHFACE_s04_session3_natural,4,135,44.5,-1.283411979675293,-0.32356307824320274
COHFACE_s04_session3_natural,4,136,44.53333333333333,-1.0107637643814087,0.011711553673421849
COHFACE_s04_session3_natural,4,137,44.56666666666667,-0.2616511881351471,0.3370346908266459
COHFACE_s04_session3_natural,4,138,44.6,0.5969159603118896,0.6187046648239379
COHFACE_s04_session3_natural,4,139,44.63333333333333,1.086279034614563,0.8258834491550248
COHFACE_s04_session3_natural,4,140,44.666666666666664,1.2140765190124512,0.9327631577079912
COHFACE_s04_session3_natural,4,141,44.7,1.2222346067428589,0.9223158319466812
COHFACE_s04_session3_natural,4,142,44.733333333333334,1.2120999097824097,0.7906237346007482
COHFACE_s04_session3_natural,4,143,44.766666666666666,1.1165658235549927,0.5500843995201579
COHFACE_s04_session3_natural,4,144,44.8,0.8312534093856812,0.22971592381736666
COHFACE_s04_session3_natural,4,145,44.833333333333336,0.5046484470367432,-0.12886057262242062
COHFACE_s04_session3_natural,4,146,44.86666666666667,0.33497199416160583,-0.47930051487575814
COHFACE_s04_session3_natural,4,147,44.9,0.2811660170555115,-0.7799033175766833
COHFACE_s04_session3_natural,4,148,44.93333333333333,0.21313798427581787,-1.001065168808133
COHFACE_s04_session3_natural,4,149,44.96666666666667,0.09135422110557556,-1.1270692716282973
COHFACE_s04_session3_natural,4,150,45.0,-0.06297780573368073,-1.1532501396689216
COHFACE_s04_session3_natural,4,151,45.03333333333333,-0.21124576032161713,-1.083946837690784
COHFACE_s04_session3_natural,4,152,45.06666666666667,-0.3337666094303131,-0.9324961640698011
COHFACE_s04_session3_natural,4,153,45.1,-0.45008936524391174,-0.7200551424362807
COHFACE_s04_session3_natural,4,154,45.13333333333333,-0.5506321787834167,-0.4721928131552054
COHFACE_s04_session3_natural,4,155,45.166666666666664,-0.6394823789596558,-0.21474533691099973
COHFACE_s04_session3_natural,4,156,45.2,-0.7209619283676147,0.02944538839490589
COHFACE_s04_session3_natural,4,157,45.233333333333334,-0.7827081084251404,0.2415132621059506
COHFACE_s04_session3_natural,4,158,45.266666666666666,-0.8344201445579529,0.4061831654871078
COHFACE_s04_session3_natural,4,159,45.3,-0.8830834031105042,0.5129138366984654
COHFACE_s04_session3_natural,4,160,45.333333333333336,-0.9281115531921387,0.5585669949355727
COHFACE_s04_session3_natural,4,161,45.36666666666667,-0.9700071811676025,0.5486625284722235
COHFACE_s04_session3_natural,4,162,45.4,-0.9974629878997803,0.49582635163439764
COHFACE_s04_session3_natural,4,163,45.43333333333333,-1.016660213470459,0.41598445477196533
COHFACE_s04_session3_natural,4,164,45.46666666666667,-1.038185954093933,0.32408635759997634
COHFACE_s04_session3_natural,4,165,45.5,-1.0632965564727783,0.23196494721361496
COHFACE_s04_session3_natural,4,166,45.53333333333333,-0.977428138256073,0.14868418292195257
COHFACE_s04_session3_natural,4,167,45.56666666666667,-0.48690927028656006,0.08144925784853924
COHFACE_s04_session3_natural,4,168,45.6,0.39403796195983887,0.03603131654214924
COHFACE_s04_session3_natural,4,169,45.63333333333333,1.1687133312225342,0.016821560554725307
COHFACE_s04_session3_natural,4,170,45.666666666666664,1.5361250638961792,0.026782819149560835
COHFACE_s04_session3_natural,4,171,45.7,1.635830283164978,0.06761579628301784
COHFACE_s04_session3_natural,4,172,45.733333333333334,1.6769051551818848,0.13961619944627876
COHFACE_s04_session3_natural,4,173,45.766666666666666,1.6696181297302246,0.2400200538858381
COHFACE_s04_session3_natural,4,174,45.8,1.523159384727478,0.3601633971603907
COHFACE_s04_session3_natural,4,175,45.833333333333336,1.203271746635437,0.4832970148913598
COHFACE_s04_session3_natural,4,176,45.86666666666667,0.8930498361587524,0.5849474520140154
COHFACE_s04_session3_natural,4,177,45.9,0.7177281379699707,0.6372694973802933
COHFACE_s04_session3_natural,4,178,45.93333333333333,0.6201838850975037,0.616077640993771
COHFACE_s04_session3_natural,4,179,45.96666666666667,0.5150678753852844,0.506721183502469
COHFACE_s04_session3_natural,4,180,46.0,0.36870962381362915,0.30727739739452614
COHFACE_s04_session3_natural,4,181,46.03333333333333,0.20372360944747925,0.03006574139930948
COHFACE_s04_session3_natural,4,182,46.06666666666667,0.03753149136900902,-0.2982030259468639
COHFACE_s04_session3_natural,4,183,46.1,-0.11267965286970139,-0.638205752282368
COHFACE_s04_session3_natural,4,184,46.13333333333333,-0.23612181842327118,-0.9425624845112838
COHFACE_s04_session3_natural,4,185,46.166666666666664,-0.3479216694831848,-1.1639560289256576
COHFACE_s04_session3_natural,4,186,46.2,-0.45305436849594116,-1.2658751480817938
COHFACE_s04_session3_natural,4,187,46.233333333333334,-0.5443838238716125,-1.2332383916943255
COHFACE_s04_session3_natural,4,188,46.266666666666666,-0.621139407157898,-1.0779318454606348
COHFACE_s04_session3_natural,4,189,46.3,-0.6925680041313171,-0.8331935750979874
COHFACE_s04_session3_natural,4,190,46.333333333333336,-0.7569944858551025,-0.5387225399911597
COHFACE_s04_session3_natural,4,191,46.36666666666667,-0.8197792768478394,-0.22600758776820634
COHFACE_s04_session3_natural,4,192,46.4,-0.8913251757621765,0.0885833156378793
COHFACE_s04_session3_natural,4,193,46.43333333333333,-0.9508601427078247,0.3991300127302044
COHFACE_s04_session3_natural,4,194,46.46666666666667,-0.9881658554077148,0.697686781905518
COHFACE_s04_session3_natural,4,195,46.5,-1.0240979194641113,0.9644164870930405
COHFACE_s04_session3_natural,4,196,46.53333333333333,-1.0662280321121216,1.1663704508730892
COHFACE_s04_session3_natural,4,197,46.56666666666667,-1.0994631052017212,1.265125775122192
COHFACE_s04_session3_natural,4,198,46.6,-0.9869597554206848,1.229712371726863
COHFACE_s04_session3_natural,4,199,46.63333333333333,-0.4421156048774719,1.0482991133390978
COHFACE_s04_session3_natural,4,200,46.666666666666664,0.4504571855068207,0.7342329801055921
COHFACE_s04_session3_natural,4,201,46.7,1.1766536235809326,0.3250121858611431
COHFACE_s04_session3_natural,4,202,46.733333333333334,1.4909628629684448,-0.12466694971909442
COHFACE_s04_session3_natural,4,203,46.766666666666666,1.5699297189712524,-0.552438023681978
COHFACE_s04_session3_natural,4,204,46.8,1.6023104190826416,-0.8984096473808514
COHFACE_s04_session3_natural,4,205,46.833333333333336,1.6035500764846802,-1.115562790002498
COHFACE_s04_session3_natural,4,206,46.86666666666667,1.4535064697265625,-1.1786358643924453
COHFACE_s04_session3_natural,4,207,46.9,1.133937120437622,-1.0884260928945346
COHFACE_s04_session3_natural,4,208,46.93333333333333,0.8100962042808533,-0.869946638557873
COHFACE_s04_session3_natural,4,209,46.96666666666667,0.6107025146484375,-0.5647094655336564
COHFACE_s04_session3_natural,4,210,47.0,0.502135694026947,-0.22015784716875667
COHFACE_s04_session3_natural,4,211,47.03333333333333,0.3862987458705902,0.11859116613568312
COHFACE_s04_session3_natural,4,212,47.06666666666667,0.24362580478191376,0.4131175727907515
COHFACE_s04_session3_natural,4,213,47.1,0.08602722734212875,0.6343238620589938
COHFACE_s04_session3_natural,4,214,47.13333333333333,-0.06870683282613754,0.7642770659796789
COHFACE_s04_session3_natural,4,215,47.166666666666664,-0.20494718849658966,0.7966374040205169
COHFACE_s04_session3_natural,4,216,47.2,-0.33937835693359375,0.7356147177904937
COHFACE_s04_session3_natural,4,217,47.233333333333334,-0.4607098400592804,0.5939895584516796
COHFACE_s04_session3_natural,4,218,47.266666666666666,-0.5638155937194824,0.3909136958129973
COHFACE_s04_session3_natural,4,219,47.3,-0.6435195207595825,0.15024733811355295
COHFACE_s04_session3_natural,4,220,47.333333333333336,-0.7122678756713867,-0.10112170017196342
COHFACE_s04_session3_natural,4,221,47.36666666666667,-0.7889229655265808,-0.3365925555106639
COHFACE_s04_session3_natural,4,222,47.4,-0.8656952977180481,-0.533779997121801
COHFACE_s04_session3_natural,4,223,47.43333333333333,-0.9331369996070862,-0.6755997975003155
COHFACE_s04_session3_natural,4,224,47.46666666666667,-0.9945816993713379,-0.7486957761523605
COHFACE_s04_session3_natural,4,225,47.5,-1.0557583570480347,-0.7429477332751862
COHFACE_s04_session3_natural,4,226,47.53333333333333,-1.112864375114441,-0.6529974833642269
COHFACE_s04_session3_natural,4,227,47.56666666666667,-1.1581605672836304,-0.47966291832964003
COHFACE_s04_session3_natural,4,228,47.6,-1.2083817720413208,-0.23079873196555667
COHFACE_s04_session3_natural,4,229,47.63333333333333,-1.258133888244629,0.07707118638712164
COHFACE_s04_session3_natural,4,230,47.666666666666664,-1.2556880712509155,0.4169032678488111
COHFACE_s04_session3_natural,4,231,47.7,-0.9965583682060242,0.7514170997680807
COHFACE_s04_session3_natural,4,232,47.733333333333334,-0.30388182401657104,1.0369626135849994
COHFACE_s04_session3_natural,4,233,47.766666666666666,0.48846644163131714,1.2310593741398164
COHFACE_s04_session3_natural,4,234,47.8,0.9555331468582153,1.3013816521915702
COHFACE_s04_session3_natural,4,235,47.833333333333336,1.0986583232879639,1.2320369273377862
COHFACE_s04_session3_natural,4,236,47.86666666666667,1.133501648902893,1.0257292218047467
COHFACE_s04_session3_natural,4,237,47.9,1.1363996267318726,0.7033092167039384
COHFACE_s04_session3_natural,4,238,47.93333333333333,1.057818055152893,0.30101533811849135
COHFACE_s04_session3_natural,4,239,47.96666666666667,0.8155571818351746,-0.1355670110570054
COHFACE_s04_session3_natural,4,240,48.0,0.508668839931488,-0.5593602606195028
COHFACE_s04_session3_natural,4,241,48.03333333333333,0.30840402841567993,-0.9277590232249053
COHFACE_s04_session3_natural,4,242,48.06666666666667,0.21809643507003784,-1.2060147112989714
COHFACE_s04_session3_natural,4,243,48.1,0.12924621999263763,-1.3703296945643768
COHFACE_s04_session3_natural,4,244,48.13333333333333,0.0028390323277562857,-1.4105127496491712
COHFACE_s04_session3_natural,4,245,48.166666666666664,-0.15092343091964722,-1.3295365962961572
COHFACE_s04_session3_natural,4,246,48.2,-0.30500417947769165,-1.1402030659715168
COHFACE_s04_session3_natural,4,247,48.233333333333334,-0.4386312961578369,-0.8619581721949244
COHFACE_s04_session3_natural,4,248,48.266666666666666,-0.5634303092956543,-0.5200676096608248
COHFACE_s04_session3_natural,4,249,48.3,-0.6682447791099548,-0.14794628675198934
COHFACE_s04_session3_natural,4,250,48.333333333333336,-0.7470273375511169,0.21135338361454375
COHFACE_s04_session3_natural,4,251,48.36666666666667,-0.818740725517273,0.5121054424502879
COHFACE_s04_session3_natural,4,252,48.4,-0.8819777965545654,0.7194044170343628
COHFACE_s04_session3_natural,4,253,48.43333333333333,-0.9354822635650635,0.8180501349047341
COHFACE_s04_session3_natural,4,254,48.46666666666667,-0.9847317934036255,0.8122609531475999
COHFACE_s04_session3_natural,4,255,48.5,-1.025856852531433,0.7193125080469379
COHFACE_s04_session3_natural,4,256,48.53333333333333,-1.0755586624145508,0.5618076049730909
COHFACE_s04_session3_natural,4,257,48.56666666666667,-1.116331934928894,0.36365995007802526
COHFACE_s04_session3_natural,4,258,48.6,-1.1520463228225708,0.15031872970273022
COHFACE_s04_session3_natural,4,259,48.63333333333333,-1.184058427810669,-0.050780153075409014
COHFACE_s04_session3_natural,4,260,48.666666666666664,-1.207862377166748,-0.2120635132314543
COHFACE_s04_session3_natural,4,261,48.7,-1.226975917816162,-0.3102285480685069
COHFACE_s04_session3_natural,4,262,48.733333333333334,-1.164894700050354,-0.3315578196232292
COHFACE_s04_session3_natural,4,263,48.766666666666666,-0.767749011516571,-0.2749319945889769
COHFACE_s04_session3_natural,4,264,48.8,-0.016140472143888474,-0.151005957332699
COHFACE_s04_session3_natural,4,265,48.833333333333336,0.6373206973075867,0.021943716707195398
COHFACE_s04_session3_natural,4,266,48.86666666666667,0.930037260055542,0.22310960734166066
COHFACE_s04_session3_natural,4,267,48.9,0.9913144707679749,0.4314946570823854
COHFACE_s04_session3_natural,4,268,48.93333333333333,1.020763635635376,0.6248990831456244
COHFACE_s04_session3_natural,4,269,48.96666666666667,1.025571346282959,0.7781358297107304
COHFACE_s04_session3_natural,4,270,49.0,0.8978910446166992,0.8632946845915824
COHFACE_s04_session3_natural,4,271,49.03333333333333,0.630988597869873,0.854302043950502
COHFACE_s04_session3_natural,4,272,49.06666666666667,0.4299197793006897,0.7348187888526063
COHFACE_s04_session3_natural,4,273,49.1,0.3719259202480316,0.5054225478267648
COHFACE_s04_session3_natural,4,274,49.13333333333333,0.3408350348472595,0.18676006864887326
COHFACE_s04_session3_natural,4,275,49.166666666666664,0.27062928676605225,-0.18317195751159424
COHFACE_s04_session3_natural,4,276,49.2,0.16125842928886414,-0.556926042100067
COHFACE_s04_session3_natural,4,277,49.233333333333334,0.02868667244911194,-0.8875663283006029
COHFACE_s04_session3_natural,4,278,49.266666666666666,-0.1007692962884903,-1.1378170446509004
COHFACE_s04_session3_natural,4,279,49.3,-0.20514820516109467,-1.2862302768765084
COHFACE_s04_session3_natural,4,280,49.333333333333336,-0.30210617184638977,-1.3285572577224476
COHFACE_s04_session3_natural,4,281,49.36666666666667,-0.3960488438606262,-1.2731747294214033
COHFACE_s04_session3_natural,4,282,49.4,-0.4671759307384491,-1.1326984510006803
COHFACE_s04_session3_natural,4,283,49.43333333333333,-0.5283693671226501,-0.9167486109726927
COHFACE_s04_session3_natural,4,284,49.46666666666667,-0.5861622095108032,-0.6307345285031039
COHFACE_s04_session3_natural,4,285,49.5,-0.6431677341461182,-0.2841827375934455
COHFACE_s04_session3_natural,4,286,49.53333333333333,-0.6895694732666016,0.09730171151619697
COHFACE_s04_session3_natural,4,287,49.56666666666667,-0.7345474362373352,0.47027856568774307
COHFACE_s04_session3_natural,4,288,49.6,-0.7864437103271484,0.78447249125759
COHFACE_s04_session3_natural,4,289,49.63333333333333,-0.8255250453948975,0.9970766677935944
COHFACE_s04_session3_natural,4,290,49.666666666666664,-0.8472015857696533,1.0837858299306902
COHFACE_s04_session3_natural,4,291,49.7,-0.8744395971298218,1.0443369682726378
COHFACE_s04_session3_natural,4,292,49.733333333333334,-0.9057817459106445,0.9018300756098013
COHFACE_s04_session3_natural,4,293,49.766666666666666,-0.853014349937439,0.6965562783532175
COHFACE_s04_session3_natural,4,294,49.8,-0.47305572032928467,0.4759561374046585
COHFACE_s04_session3_natural,4,295,49.833333333333336,0.30161964893341064,0.28299405206251493
COHFACE_s04_session3_natural,4,296,49.86666666666667,1.0556236505508423,0.14618816086785233
COHFACE_s04_session3_natural,4,297,49.9,1.45973801612854,0.07498627146249363
COHFACE_s04_session3_natural,4,298,49.93333333333333,1.5935158729553223,0.061088744458263455
COHFACE_s04_session3_natural,4,299,49.96666666666667,1.6561834812164307,0.08324670255614752
