recording_id,measurement_id,sample_index,time_seconds,gt_signal,predicted_signal
COHFACE_s09_session2_natural,0,0,0.0,-7.693410396575928,-0.15004010109639399
COHFACE_s09_session2_natural,0,1,0.03333333333333333,-5.764875888824463,0.1864182172489946
COHFACE_s09_session2_natural,0,2,0.06666666666666667,-1.0685360431671143,0.4931451022107501
COHFACE_s09_session2_natural,0,3,0.1,-0.49957624077796936,0.7412513654010591
COHFACE_s09_session2_natural,0,4,0.13333333333333333,-1.3037554025650024,0.9134799227490252
COHFACE_s09_session2_natural,0,5,0.16666666666666666,-1.2285268306732178,1.0066889490809028
COHFACE_s09_session2_natural,0,6,0.2,-1.2211194038391113,1.0289915452646226
COHFACE_s09_session2_natural,0,7,0.23333333333333334,-1.3730356693267822,0.9961374988752282
COHFACE_s09_session2_natural,0,8,0.26666666666666666,-1.2028160095214844,0.9284790395790207
COHFACE_s09_session2_natural,0,9,0.3,-0.3697851896286011,0.8463568621490623
COHFACE_s09_session2_natural,0,10,0.3333333333333333,0.6166767477989197,0.7645812759240365
COHFACE_s09_session2_natural,0,11,0.36666666666666664,1.0356937646865845,0.6895242216705818
COHFACE_s09_session2_natural,0,12,0.4,1.0391960144042969,0.6200261237395344
COHFACE_s09_session2_natural,0,13,0.43333333333333335,0.95729660987854,0.5507452788490083
COHFACE_s09_session2_natural,0,14,0.4666666666666667,0.8679202198982239,0.47587830636863526
COHFACE_s09_session2_natural,0,15,0.5,0.7054833769798279,0.39099019127982887
COHFACE_s09_session2_natural,0,16,0.5333333333333333,0.4812849164009094,0.2928659551164503
COHFACE_s09_session2_natural,0,17,0.5666666666666667,0.31734713912010193,0.17940629586016313
COHFACE_s09_session2_natural,0,18,0.6,0.26040807366371155,0.0503141760236578
COHFACE_s09_session2_natural,0,19,0.6333333333333333,0.2426467388868332,-0.09219218149911954
COHFACE_s09_session2_natural,0,20,0.6666666666666666,0.16361026465892792,-0.24330547761855584
COHFACE_s09_session2_natural,0,21,0.7,0.026133771985769272,-0.39657204134580115
COHFACE_s09_session2_natural,0,22,0.7333333333333333,-0.12354494631290436,-0.5453388000256554
COHFACE_s09_session2_natural,0,23,0.7666666666666667,-0.29280558228492737,-0.6834244341305057
COHFACE_s09_session2_natural,0,24,0.8,-0.48223185539245605,-0.8046217870249734
COHFACE_s09_session2_natural,0,25,0.8333333333333334,-0.6425979137420654,-0.9016268941431839
COHFACE_s09_session2_natural,0,26,0.8666666666666667,-0.7657875418663025,-0.9651117413015792
COHFACE_s09_session2_natural,0,27,0.9,-0.8688115477561951,-0.9836077169435503
COHFACE_s09_session2_natural,0,28,0.9333333333333333,-0.9561588764190674,-0.9449581813326825
COHFACE_s09_session2_natural,0,29,0.9666666666666667,-1.0393785238265991,-0.8399560271302949
COHFACE_s09_session2_natural,0,30,1.0,-1.111090898513794,-0.6677289319936555
COHFACE_s09_session2_natural,0,31,1.0333333333333334,-1.1840957403182983,-0.44133944146503634
COHFACE_s09_session2_natural,0,32,1.0666666666666667,-1.2830616235733032,-0.19021941749141114
COHFACE_s09_session2_natural,0,33,1.1,-1.2541821002960205,0.04496940222247005
COHFACE_s09_session2_natural,0,34,1.1333333333333333,-0.6901282072067261,0.22427462260134834
COHFACE_s09_session2_natural,0,35,1.1666666666666667,0.2944575250148773,0.32124715653177804
COHFACE_s09_session2_natural,0,36,1.2,0.8526604771614075,0.33119720157851223
COHFACE_s09_session2_natural,0,37,1.2333333333333334,0.9025672674179077,0.2712170511838076
COHFACE_s09_session2_natural,0,38,1.2666666666666666,0.7958325743675232,0.17286367036511488
COHFACE_s09_session2_natural,0,39,1.3,0.6759228706359863,0.07268363052961194
COHFACE_s09_session2_natural,0,40,1.3333333333333333,0.5157791376113892,0.003916673940198671
COHFACE_s09_session2_natural,0,41,1.3666666666666667,0.29363757371902466,-0.009766843882394974
COHFACE_s09_session2_natural,0,42,1.4,0.12411287426948547,0.04190562458197075
COHFACE_s09_session2_natural,0,43,1.4333333333333333,0.04250531643629074,0.15452793557990854
COHFACE_s09_session2_natural,0,44,1.4666666666666666,0.024354860186576843,0.31008930102727666
COHFACE_s09_session2_natural,0,45,1.5,-0.01184876635670662,0.4800240732251831
COHFACE_s09_session2_natural,0,46,1.5333333333333334,-0.13253678381443024,0.6303614583631801
COHFACE_s09_session2_natural,0,47,1.5666666666666667,-0.29978224635124207,0.7294136603449456
COHFACE_s09_session2_natural,0,48,1.6,-0.46101000905036926,0.755970399607448
COHFACE_s09_session2_natural,0,49,1.6333333333333333,-0.6327027678489685,0.7037962387337102
COHFACE_s09_session2_natural,0,50,1.6666666666666667,-0.7975577712059021,0.5811100488080577
COHFACE_s09_session2_natural,0,51,1.7,-0.9317682981491089,0.4068316186479071
COHFACE_s09_session2_natural,0,52,1.7333333333333334,-1.0433533191680908,0.20558814952539606
COHFACE_s09_session2_natural,0,53,1.7666666666666666,-1.1287410259246826,0.003212823235782829
COHFACE_s09_session2_natural,0,54,1.8,-1.1950610876083374,-0.17661821801800176
COHFACE_s09_session2_natural,0,55,1.8333333333333333,-1.2528479099273682,-0.3150477879171581
COHFACE_s09_session2_natural,0,56,1.8666666666666667,-1.3019208908081055,-0.4001318872977029
COHFACE_s09_session2_natural,0,57,1.9,-1.369338870048523,-0.42803533727998394
COHFACE_s09_session2_natural,0,58,1.9333333333333333,-1.4518496990203857,-0.4030161229032468
COHFACE_s09_session2_natural,0,59,1.9666666666666666,-1.375064730644226,-0.33595914775351293
COHFACE_s09_session2_natural,0,60,2.0,-0.6849860548973083,-0.2419288483576949
COHFACE_s09_session2_natural,0,61,2.033333333333333,0.4167160093784332,-0.137836224521439
COHFACE_s09_session2_natural,0,62,2.066666666666667,0.9985312223434448,-0.04042105131139748
COHFACE_s09_session2_natural,0,63,2.1,1.0479098558425903,0.03610431221113015
COHFACE_s09_session2_natural,0,64,2.1333333333333333,0.9806170463562012,0.0825269841578736
COHFACE_s09_session2_natural,0,65,2.1666666666666665,0.9070701599121094,0.09609045219634549
COHFACE_s09_session2_natural,0,66,2.2,0.7839916944503784,0.0804808975678462
COHFACE_s09_session2_natural,0,67,2.2333333333333334,0.5821825861930847,0.04464792327413916
COHFACE_s09_session2_natural,0,68,2.2666666666666666,0.3906160295009613,0.00091729766992555
COHFACE_s09_session2_natural,0,69,2.3,0.2858409285545349,-0.03708785211347695
COHFACE_s09_session2_natural,0,70,2.3333333333333335,0.2558912932872772,-0.05680402859537705
COHFACE_s09_session2_natural,0,71,2.3666666666666667,0.22615012526512146,-0.04992469805798392
COHFACE_s09_session2_natural,0,72,2.4,0.11469020694494247,-0.015838502499674334
COHFACE_s09_session2_natural,0,73,2.433333333333333,-0.041992977261543274,0.03641377092194195
COHFACE_s09_session2_natural,0,74,2.466666666666667,-0.2113230973482132,0.0888566087461529
COHFACE_s09_session2_natural,0,75,2.5,-0.38041695952415466,0.1183459434281313
COHFACE_s09_session2_natural,0,76,2.533333333333333,-0.5425897836685181,0.10256796615491567
COHFACE_s09_session2_natural,0,77,2.566666666666667,-0.6838464140892029,0.026354051537367064
COHFACE_s09_session2_natural,0,78,2.6,-0.7973909974098206,-0.11328737996835955
COHFACE_s09_session2_natural,0,79,2.6333333333333333,-0.8999285697937012,-0.3044894575849573
COHFACE_s09_session2_natural,0,80,2.6666666666666665,-0.9876094460487366,-0.5209568651000728
COHFACE_s09_session2_natural,0,81,2.7,-1.0436313152313232,-0.7258533797441623
COHFACE_s09_session2_natural,0,82,2.7333333333333334,-1.0874230861663818,-0.8783307836679135
COHFACE_s09_session2_natural,0,83,2.7666666666666666,-1.163957953453064,-0.9408158026225552
COHFACE_s09_session2_natural,0,84,2.8,-1.2370878458023071,-0.8861186968605439
COHFACE_s09_session2_natural,0,85,2.8333333333333335,-1.0799599885940552,-0.7043390210966689
COHFACE_s09_session2_natural,0,86,2.8666666666666667,-0.260465532541275,-0.40843554887488837
COHFACE_s09_session2_natural,0,87,2.9,0.7742772102355957,-0.03624914607292722
COHFACE_s09_session2_natural,0,88,2.933333333333333,1.242631196975708,0.3544519452239723
COHFACE_s09_session2_natural,0,89,2.966666666666667,1.26981520652771,0.7015312867246071
COHFACE_s09_session2_natural,0,90,3.0,1.193085789680481,0.9585901975950787
COHFACE_s09_session2_natural,0,91,3.033333333333333,1.0983030796051025,1.1051177481852121
COHFACE_s09_session2_natural,0,92,3.066666666666667,0.9472763538360596,1.143248120627328
COHFACE_s09_session2_natural,0,93,3.1,0.7427154183387756,1.089403250052738
COHFACE_s09_session2_natural,0,94,3.1333333333333333,0.5743164420127869,0.9664300323734963
COHFACE_s09_session2_natural,0,95,3.1666666666666665,0.5001441836357117,0.7977562928449874
COHFACE_s09_session2_natural,0,96,3.2,0.492681086063385,0.6040393077503539
COHFACE_s09_session2_natural,0,97,3.2333333333333334,0.43686774373054504,0.4018696838444592
COHFACE_s09_session2_natural,0,98,3.2666666666666666,0.2973482608795166,0.2038239363840701
COHFACE_s09_session2_natural,0,99,3.3,0.12211159616708755,0.01916830717680197
COHFACE_s09_session2_natural,0,100,3.3333333333333335,-0.06632792949676514,-0.14542612999442026
COHFACE_s09_session2_natural,0,101,3.3666666666666667,-0.2547118663787842,-0.2855832523173585
COHFACE_s09_session2_natural,0,102,3.4,-0.4382871687412262,-0.39907035311273575
COHFACE_s09_session2_natural,0,103,3.433333333333333,-0.6000430583953857,-0.4849514485566698
COHFACE_s09_session2_natural,0,104,3.466666666666667,-0.7280134558677673,-0.5424910988075243
COHFACE_s09_session2_natural,0,105,3.5,-0.8248668909072876,-0.5714417367074047
COHFACE_s09_session2_natural,0,106,3.533333333333333,-0.8931742906570435,-0.5735193116155629
COHFACE_s09_session2_natural,0,107,3.566666666666667,-0.962051510810852,-0.5530906262183315
COHFACE_s09_session2_natural,0,108,3.6,-1.0516363382339478,-0.5161145824411836
COHFACE_s09_session2_natural,0,109,3.6333333333333333,-1.1339387893676758,-0.46767725515784636
COHFACE_s09_session2_natural,0,110,3.6666666666666665,-1.0594607591629028,-0.409387757849655
COHFACE_s09_session2_natural,0,111,3.7,-0.3868377208709717,-0.3385336224734355
COHFACE_s09_session2_natural,0,112,3.7333333333333334,0.6953657865524292,-0.24962230034075666
COHFACE_s09_session2_natural,0,113,3.7666666666666666,1.3043510913848877,-0.13749965457163982
COHFACE_s09_session2_natural,0,114,3.8,1.3858336210250854,-0.0010236417326755596
COHFACE_s09_session2_natural,0,115,3.8333333333333335,1.297666311264038,0.1537650910599075
COHFACE_s09_session2_natural,0,116,3.8666666666666667,1.173392653465271,0.3126585028999981
COHFACE_s09_session2_natural,0,117,3.9,1.0040485858917236,0.4564000875289439
COHFACE_s09_session2_natural,0,118,3.933333333333333,0.7918022274971008,0.5666963760285982
COHFACE_s09_session2_natural,0,119,3.966666666666667,0.6117708683013916,0.6310307193490471
COHFACE_s09_session2_natural,0,120,4.0,0.5374596118927002,0.6442007324189748
COHFACE_s09_session2_natural,0,121,4.033333333333333,0.539447009563446,0.6069649744201058
COHFACE_s09_session2_natural,0,122,4.066666666666666,0.5048971772193909,0.5235001998642598
COHFACE_s09_session2_natural,0,123,4.1,0.38131844997406006,0.40019830007756524
COHFACE_s09_session2_natural,0,124,4.133333333333334,0.20328833162784576,0.24583612623731216
COHFACE_s09_session2_natural,0,125,4.166666666666667,0.012263821437954903,0.07070840263324295
COHFACE_s09_session2_natural,0,126,4.2,-0.18746067583560944,-0.11537676825353903
COHFACE_s09_session2_natural,0,127,4.233333333333333,-0.3720088303089142,-0.30395911731059994
COHFACE_s09_session2_natural,0,128,4.266666666666667,-0.525481641292572,-0.487020650500346
COHFACE_s09_session2_natural,0,129,4.3,-0.6708937287330627,-0.6555211834641523
COHFACE_s09_session2_natural,0,130,4.333333333333333,-0.781644880771637,-0.7983530584069501
COHFACE_s09_session2_natural,0,131,4.366666666666666,-0.8578323125839233,-0.902228114974991
COHFACE_s09_session2_natural,0,132,4.4,-0.9439427256584167,-0.9525712153338511
COHFACE_s09_session2_natural,0,133,4.433333333333334,-1.033833384513855,-0.9350545635641582
COHFACE_s09_session2_natural,0,134,4.466666666666667,-0.9603142738342285,-0.8380965946460321
COHFACE_s09_session2_natural,0,135,4.5,-0.29744744300842285,-0.6571651414866577
COHFACE_s09_session2_natural,0,136,4.533333333333333,0.7468847632408142,-0.39985903462797134
COHFACE_s09_session2_natural,0,137,4.566666666666666,1.325989842414856,-0.08899475260344793
COHFACE_s09_session2_natural,0,138,4.6,1.3796212673187256,0.23898877563323326
COHFACE_s09_session2_natural,0,139,4.633333333333334,1.2594614028930664,0.5421886272155648
COHFACE_s09_session2_natural,0,140,4.666666666666667,1.0829460620880127,0.7848510464441744
COHFACE_s09_session2_natural,0,141,4.7,0.8536611199378967,0.9449761840048806
COHFACE_s09_session2_natural,0,142,4.733333333333333,0.616398811340332,1.0155092122634042
COHFACE_s09_session2_natural,0,143,4.766666666666667,0.4730435609817505,1.0021990593035148
COHFACE_s09_session2_natural,0,144,4.8,0.43485257029533386,0.920168552760501
COHFACE_s09_session2_natural,0,145,4.833333333333333,0.43357396125793457,0.7896448813699091
COHFACE_s09_session2_natural,0,146,4.866666666666666,0.38607147336006165,0.6314045555571943
COHFACE_s09_session2_natural,0,147,4.9,0.24535679817199707,0.46262587314338577
COHFACE_s09_session2_natural,0,148,4.933333333333334,0.05966902896761894,0.29449391826717547
COHFACE_s09_session2_natural,0,149,4.966666666666667,-0.12372561544179916,0.13330564625932045
COHFACE_s09_session2_natural,0,150,5.0,-0.29369503259658813,-0.01597885896680891
COHFACE_s09_session2_natural,0,151,5.033333333333333,-0.43982982635498047,-0.1473199294537142
COHFACE_s09_session2_natural,0,152,5.066666666666666,-0.5828237533569336,-0.2537049735399887
COHFACE_s09_session2_natural,0,153,5.1,-0.7381865978240967,-0.3286506713849274
COHFACE_s09_session2_natural,0,154,5.133333333333334,-0.8374165296554565,-0.36821237858142974
COHFACE_s09_session2_natural,0,155,5.166666666666667,-0.9111718535423279,-0.37307315440185357
COHFACE_s09_session2_natural,0,156,5.2,-0.9756296277046204,-0.349781890897255
COHFACE_s09_session2_natural,0,157,5.233333333333333,-0.7673857808113098,-0.30990354042636703
COHFACE_s09_session2_natural,0,158,5.266666666666667,0.04870370775461197,-0.2670678897750076
COHFACE_s09_session2_natural,0,159,5.3,0.9832019805908203,-0.23316718182945176
COHFACE_s09_session2_natural,0,160,5.333333333333333,1.3743817806243896,-0.21517751853017186
COHFACE_s09_session2_natural,0,161,5.366666666666666,1.3474619388580322,-0.21400126964938587
COHFACE_s09_session2_natural,0,162,5.4,1.1973801851272583,-0.225193211294798
COHFACE_s09_session2_natural,0,163,5.433333333333334,1.0071200132369995,-0.24000025620883034
COHFACE_s09_session2_natural,0,164,5.466666666666667,0.7687875628471375,-0.24702779325319485
COHFACE_s09_session2_natural,0,165,5.5,0.5543453693389893,-0.23657048334456812
COHFACE_s09_session2_natural,0,166,5.533333333333333,0.4612443745136261,-0.2061872372853967
COHFACE_s09_session2_natural,0,167,5.566666666666666,0.46444085240364075,-0.16289032125659317
COHFACE_s09_session2_natural,0,168,5.6,0.45957663655281067,-0.1201306013951186
COHFACE_s09_session2_natural,0,169,5.633333333333334,0.36404356360435486,-0.09106534849300746
COHFACE_s09_session2_natural,0,170,5.666666666666667,0.22010460495948792,-0.0816639129535607
COHFACE_s09_session2_natural,0,171,5.7,0.05064939334988594,-0.08844251639056769
COHFACE_s09_session2_natural,0,172,5.733333333333333,-0.14073646068572998,-0.1012693731140428
COHFACE_s09_session2_natural,0,173,5.766666666666667,-0.3014221787452698,-0.10730480390847912
COHFACE_s09_session2_natural,0,174,5.8,-0.4420812726020813,-0.09421050146525575
COHFACE_s09_session2_natural,0,175,5.833333333333333,-0.5828376412391663,-0.05325208103893317
COHFACE_s09_session2_natural,0,176,5.866666666666666,-0.7043178081512451,0.017964052193295978
COHFACE_s09_session2_natural,0,177,5.9,-0.7986835241317749,0.11433155934024429
COHFACE_s09_session2_natural,0,178,5.933333333333334,-0.7488183975219727,0.2244218843594874
COHFACE_s09_session2_natural,0,179,5.966666666666667,-0.18047010898590088,0.3341093212741714
COHFACE_s09_session2_natural,0,180,6.0,0.7617692351341248,0.43068237159890965
COHFACE_s09_session2_natural,0,181,6.033333333333333,1.3528542518615723,0.5038791623519431
COHFACE_s09_session2_natural,0,182,6.066666666666666,1.461159348487854,0.5443005001167427
COHFACE_s09_session2_natural,0,183,6.1,1.3560645580291748,0.5434776192300542
COHFACE_s09_session2_natural,0,184,6.133333333333334,1.2025779485702515,0.49665641959700635
COHFACE_s09_session2_natural,0,185,6.166666666666667,0.9885804057121277,0.40579798660182254
COHFACE_s09_session2_natural,0,186,6.2,0.7431740164756775,0.28071372768642455
COHFACE_s09_session2_natural,0,187,6.233333333333333,0.5876165628433228,0.1372101343874688
COHFACE_s09_session2_natural,0,188,6.266666666666667,0.5494950413703918,-0.006981449712646282
COHFACE_s09_session2_natural,0,189,6.3,0.5461317896842957,-0.13598454106693744
COHFACE_s09_session2_natural,0,190,6.333333333333333,0.4729740619659424,-0.23809328741407496
COHFACE_s09_session2_natural,0,191,6.366666666666666,0.3176945745944977,-0.30698872736213
COHFACE_s09_session2_natural,0,192,6.4,0.15100501477718353,-0.3417419193798353
COHFACE_s09_session2_natural,0,193,6.433333333333334,-0.025565840303897858,-0.34499853175781764
COHFACE_s09_session2_natural,0,194,6.466666666666667,-0.22509576380252838,-0.32037885066425714
COHFACE_s09_session2_natural,0,195,6.5,-0.3877132833003998,-0.27152288971084826
COHFACE_s09_session2_natural,0,196,6.533333333333333,-0.5093046426773071,-0.20314882397164577
COHFACE_s09_session2_natural,0,197,6.566666666666666,-0.638748288154602,-0.12235526077968492
COHFACE_s09_session2_natural,0,198,6.6,-0.7721249461174011,-0.03872498864339793
COHFACE_s09_session2_natural,0,199,6.633333333333334,-0.8261037468910217,0.03748154628615738
COHFACE_s09_session2_natural,0,200,6.666666666666667,-0.5131404399871826,0.09806228382894541
COHFACE_s09_session2_natural,0,201,6.7,0.37814974784851074,0.1381086800363542
COHFACE_s09_session2_natural,0,202,6.733333333333333,1.2058160305023193,0.15545961783289838
COHFACE_s09_session2_natural,0,203,6.766666666666667,1.512539267539978,0.15028020086930233
COHFACE_s09_session2_natural,0,204,6.8,1.516917109489441,0.12530056614659524
COHFACE_s09_session2_natural,0,205,6.833333333333333,1.4337947368621826,0.0857253902647789
COHFACE_s09_session2_natural,0,206,6.866666666666666,1.3006125688552856,0.03831561224458554
COHFACE_s09_session2_natural,0,207,6.9,1.0731760263442993,-0.010196534153109924
COHFACE_s09_session2_natural,0,208,6.933333333333334,0.8259767889976501,-0.05480978941582325
COHFACE_s09_session2_natural,0,209,6.966666666666667,0.6759506464004517,-0.0932409365457683
COHFACE_s09_session2_natural,0,210,7.0,0.6100058555603027,-0.12610156721675897
COHFACE_s09_session2_natural,0,211,7.033333333333333,0.549856424331665,-0.15688915553561103
COHFACE_s09_session2_natural,0,212,7.066666666666666,0.4294324517250061,-0.1912850523377725
COHFACE_s09_session2_natural,0,213,7.1,0.2393529713153839,-0.23428963186896387
COHFACE_s09_session2_natural,0,214,7.133333333333334,0.03593168035149574,-0.2862008022654134
COHFACE_s09_session2_natural,0,215,7.166666666666667,-0.16430702805519104,-0.34073344422970203
COHFACE_s09_session2_natural,0,216,7.2,-0.3703272044658661,-0.3862630098399532
COHFACE_s09_session2_natural,0,217,7.233333333333333,-0.5378923416137695,-0.4086380960384632
COHFACE_s09_session2_natural,0,218,7.266666666666667,-0.66117924451828,-0.3944996379153357
COHFACE_s09_session2_natural,0,219,7.3,-0.7710409164428711,-0.33475342522902046
COHFACE_s09_session2_natural,0,220,7.333333333333333,-0.8793460130691528,-0.22774406681190623
COHFACE_s09_session2_natural,0,221,7.366666666666666,-0.9805632829666138,-0.08155489859817075
COHFACE_s09_session2_natural,0,222,7.4,-0.9218036532402039,0.08613964201839121
COHFACE_s09_session2_natural,0,223,7.433333333333334,-0.29514041543006897,0.25283738643261033
COHFACE_s09_session2_natural,0,224,7.466666666666667,0.6624976396560669,0.3988000305169431
COHFACE_s09_session2_natural,0,225,7.5,1.2351958751678467,0.5120849051555507
COHFACE_s09_session2_natural,0,226,7.533333333333333,1.3899612426757812,0.5887575343664865
COHFACE_s09_session2_natural,0,227,7.566666666666666,1.3931715488433838,0.6296573016774101
COHFACE_s09_session2_natural,0,228,7.6,1.3380948305130005,0.6364804029537457
COHFACE_s09_session2_natural,0,229,7.633333333333334,1.1971856355667114,0.6105946004649723
COHFACE_s09_session2_natural,0,230,7.666666666666667,0.9552258253097534,0.5545252450245608
COHFACE_s09_session2_natural,0,231,7.7,0.7266635298728943,0.4726626367068432
COHFACE_s09_session2_natural,0,232,7.733333333333333,0.6063507199287415,0.370319827956274
COHFACE_s09_session2_natural,0,233,7.766666666666667,0.5441027283668518,0.2530979051369061
COHFACE_s09_session2_natural,0,234,7.8,0.44811099767684937,0.12718584534934158
COHFACE_s09_session2_natural,0,235,7.833333333333333,0.2879256010055542,-0.00029101171477107467
COHFACE_s09_session2_natural,0,236,7.866666666666666,0.08834008127450943,-0.12148848788950528
COHFACE_s09_session2_natural,0,237,7.9,-0.11912546306848526,-0.22879101074958155
COHFACE_s09_session2_natural,0,238,7.933333333333334,-0.31494468450546265,-0.3161514388584481
COHFACE_s09_session2_natural,0,239,7.966666666666667,-0.48954206705093384,-0.38005397681997294
COHFACE_s09_session2_natural,0,240,8.0,-0.6322441101074219,-0.41981259909676866
COHFACE_s09_session2_natural,0,241,8.033333333333333,-0.7484709620475769,-0.43744782937561616
COHFACE_s09_session2_natural,0,242,8.066666666666666,-0.849535346031189,-0.4370613060353061
COHFACE_s09_session2_natural,0,243,8.1,-0.9270986914634705,-0.42333743543929536
COHFACE_s09_session2_natural,0,244,8.133333333333333,-0.9952254295349121,-0.39960611368092525
COHFACE_s09_session2_natural,0,245,8.166666666666666,-1.0749567747116089,-0.36663732419535844
COHFACE_s09_session2_natural,0,246,8.2,-1.177633285522461,-0.3226310798289218
COHFACE_s09_session2_natural,0,247,8.233333333333333,-1.213350534439087,-0.26406666846511717
COHFACE_s09_session2_natural,0,248,8.266666666666667,-0.807814359664917,-0.18710066494254363
COHFACE_s09_session2_natural,0,249,8.3,0.16351298987865448,-0.0892889376074536
COHFACE_s09_session2_natural,0,250,8.333333333333334,0.9689151048660278,0.02856255345079665
COHFACE_s09_session2_natural,0,251,8.366666666666667,1.2793768644332886,0.16060905134422135
COHFACE_s09_session2_natural,0,252,8.4,1.3354681730270386,0.29500985633289145
COHFACE_s09_session2_natural,0,253,8.433333333333334,1.3262817859649658,0.4149937178110562
COHFACE_s09_session2_natural,0,254,8.466666666666667,1.26119863986969,0.5019331682852965
COHFACE_s09_session2_natural,0,255,8.5,1.0744684934616089,0.5391711083798237
COHFACE_s09_session2_natural,0,256,8.533333333333333,0.848783016204834,0.5159052825914959
COHFACE_s09_session2_natural,0,257,8.566666666666666,0.7121542692184448,0.4310420533133313
COHFACE_s09_session2_natural,0,258,8.6,0.6541590094566345,0.29525464429122267
COHFACE_s09_session2_natural,0,259,8.633333333333333,0.5876582860946655,0.12819622666005112
COHFACE_s09_session2_natural,0,260,8.666666666666666,0.4610915184020996,-0.04814912268070934
COHFACE_s09_session2_natural,0,261,8.7,0.27866971492767334,-0.2151491820677193
COHFACE_s09_session2_natural,0,262,8.733333333333333,0.0746924951672554,-0.359906912189385
COHFACE_s09_session2_natural,0,263,8.766666666666667,-0.11774958670139313,-0.47500067910056387
COHFACE_s09_session2_natural,0,264,8.8,-0.3008245825767517,-0.556650527099644
COHFACE_s09_session2_natural,0,265,8.833333333333334,-0.4623441696166992,-0.602466327581338
COHFACE_s09_session2_natural,0,266,8.866666666666667,-0.5995982885360718,-0.6100708198132289
COHFACE_s09_session2_natural,0,267,8.9,-0.7170064449310303,-0.5777265172917223
COHFACE_s09_session2_natural,0,268,8.933333333333334,-0.8071472644805908,-0.5060087215760296
COHFACE_s09_session2_natural,0,269,8.966666666666667,-0.8872955441474915,-0.39777105539738183
COHFACE_s09_session2_natural,0,270,9.0,-0.9699593186378479,-0.25711496351998747
COHFACE_s09_session2_natural,0,271,9.033333333333333,-1.0430058240890503,-0.09130041255283412
COHFACE_s09_session2_natural,0,272,9.066666666666666,-1.132354497909546,0.08575394111156845
COHFACE_s09_session2_natural,0,273,9.1,-1.234502911567688,0.2546813008369206
COHFACE_s09_session2_natural,0,274,9.133333333333333,-1.1442092657089233,0.39716939960347525
COHFACE_s09_session2_natural,0,275,9.166666666666666,-0.4342707395553589,0.5023718360196343
COHFACE_s09_session2_natural,0,276,9.2,0.5873664021492004,0.569372055925486
COHFACE_s09_session2_natural,0,277,9.233333333333333,1.160843014717102,0.6043307094776065
COHFACE_s09_session2_natural,0,278,9.266666666666667,1.303072452545166,0.6145854072634966
COHFACE_s09_session2_natural,0,279,9.3,1.3039897680282593,0.6050075369199595
COHFACE_s09_session2_natural,0,280,9.333333333333334,1.2433955669403076,0.5777577286319199
COHFACE_s09_session2_natural,0,281,9.366666666666667,1.0817370414733887,0.5322304853631934
COHFACE_s09_session2_natural,0,282,9.4,0.8536611199378967,0.46499006274406
COHFACE_s09_session2_natural,0,283,9.433333333333334,0.6803840398788452,0.3725773283250192
COHFACE_s09_session2_natural,0,284,9.466666666666667,0.6071429252624512,0.25618750794166384
COHFACE_s09_session2_natural,0,285,9.5,0.5639348030090332,0.12352054730791709
COHFACE_s09_session2_natural,0,286,9.533333333333333,0.4717232882976532,-0.01356672338858273
COHFACE_s09_session2_natural,0,287,9.566666666666666,0.32372617721557617,-0.1432935740680779
COHFACE_s09_session2_natural,0,288,9.6,0.14354191720485687,-0.25755378868951384
COHFACE_s09_session2_natural,0,289,9.633333333333333,-0.040061190724372864,-0.3527761014584404
COHFACE_s09_session2_natural,0,290,9.666666666666666,-0.2182997763156891,-0.42821844031224654
COHFACE_s09_session2_natural,0,291,9.7,-0.3946343660354614,-0.48404544535696054
COHFACE_s09_session2_natural,0,292,9.733333333333333,-0.536419153213501,-0.520223687085187
COHFACE_s09_session2_natural,0,293,9.766666666666667,-0.6476567387580872,-0.5357149208423504
COHFACE_s09_session2_natural,0,294,9.8,-0.736560583114624,-0.5280174327000604
COHFACE_s09_session2_natural,0,295,9.833333333333334,-0.8026999831199646,-0.4937039436826854
COHFACE_s09_session2_natural,0,296,9.866666666666667,-0.8802632689476013,-0.430139544988728
COHFACE_s09_session2_natural,0,297,9.9,-0.9553666710853577,-0.3380086288479333
COHFACE_s09_session2_natural,0,298,9.933333333333334,-1.0334581136703491,-0.22337994955865886
COHFACE_s09_session2_natural,0,299,9.966666666666667,-1.133633017539978,-0.09742708530005097
COHFACE_s09_session2_natural,1,0,10.0,-1.1848880052566528,-0.010469760726369315
COHFACE_s09_session2_natural,1,1,10.033333333333333,-0.8781924843788147,0.09717326175344243
COHFACE_s09_session2_natural,1,2,10.066666666666666,0.006802007555961609,0.17398508426925463
COHFACE_s09_session2_natural,1,3,10.1,0.8301877975463867,0.19786351940216548
COHFACE_s09_session2_natural,1,4,10.133333333333333,1.113632321357727,0.16159504740861266
COHFACE_s09_session2_natural,1,5,10.166666666666666,1.0771785974502563,0.07326045553400752
COHFACE_s09_session2_natural,1,6,10.2,0.9613547325134277,-0.04941469880598828
COHFACE_s09_session2_natural,1,7,10.233333333333333,0.8048800230026245,-0.18562284091788434
COHFACE_s09_session2_natural,1,8,10.266666666666667,0.5779993534088135,-0.31578322298423595
COHFACE_s09_session2_natural,1,9,10.3,0.36868539452552795,-0.4231234001422639
COHFACE_s09_session2_natural,1,10,10.333333333333334,0.2914695143699646,-0.49354029718646464
COHFACE_s09_session2_natural,1,11,10.366666666666667,0.2837979793548584,-0.515829666509927
COHFACE_s09_session2_natural,1,12,10.4,0.2387692779302597,-0.48314239619704613
COHFACE_s09_session2_natural,1,13,10.433333333333334,0.13284066319465637,-0.3950174174237977
COHFACE_s09_session2_natural,1,14,10.466666666666667,-0.02930433489382267,-0.2590947998919758
COHFACE_s09_session2_natural,1,15,10.5,-0.20322072505950928,-0.09156368982905713
COHFACE_s09_session2_natural,1,16,10.533333333333333,-0.3609045445919037,0.08441630822154068
COHFACE_s09_session2_natural,1,17,10.566666666666666,-0.5232858061790466,0.24267915441414503
COHFACE_s09_session2_natural,1,18,10.6,-0.6799828410148621,0.35972085673673
COHFACE_s09_session2_natural,1,19,10.633333333333333,-0.7842715382575989,0.42039034286205684
COHFACE_s09_session2_natural,1,20,10.666666666666666,-0.8688532114028931,0.42157998519257284
COHFACE_s09_session2_natural,1,21,10.7,-0.9437342882156372,0.3719445749245767
COHFACE_s09_session2_natural,1,22,10.733333333333333,-0.9937244653701782,0.2880348330189226
COHFACE_s09_session2_natural,1,23,10.766666666666667,-1.0669795274734497,0.18947873930172204
COHFACE_s09_session2_natural,1,24,10.8,-1.1700034141540527,0.0948245154159505
COHFACE_s09_session2_natural,1,25,10.833333333333334,-1.2284573316574097,0.018344759274889887
COHFACE_s09_session2_natural,1,26,10.866666666666667,-0.999158501625061,-0.03194661575656891
COHFACE_s09_session2_natural,1,27,10.9,-0.17707906663417816,-0.054792482432676023
COHFACE_s09_session2_natural,1,28,10.933333333333334,0.6939204335212708,-0.05471626303225038
COHFACE_s09_session2_natural,1,29,10.966666666666667,1.0224214792251587,-0.03984587429464398
COHFACE_s09_session2_natural,1,30,11.0,1.001713752746582,-0.019112297443340077
COHFACE_s09_session2_natural,1,31,11.033333333333333,0.8847503662109375,0.00037909134465076433
COHFACE_s09_session2_natural,1,32,11.066666666666666,0.7229111194610596,0.0149528517762088
COHFACE_s09_session2_natural,1,33,11.1,0.49868491291999817,0.024189891072057143
COHFACE_s09_session2_natural,1,34,11.133333333333333,0.2864663302898407,0.029370135851628794
COHFACE_s09_session2_natural,1,35,11.166666666666666,0.17458948493003845,0.03195733254997159
COHFACE_s09_session2_natural,1,36,11.2,0.1528395116329193,0.032811438829884555
COHFACE_s09_session2_natural,1,37,11.233333333333333,0.1372462511062622,0.03192819091971306
COHFACE_s09_session2_natural,1,38,11.266666666666667,0.033874813467264175,0.028517916651696576
COHFACE_s09_session2_natural,1,39,11.3,-0.13129988312721252,0.021325452267116008
COHFACE_s09_session2_natural,1,40,11.333333333333334,-0.2975864112377167,0.009074984639878884
COHFACE_s09_session2_natural,1,41,11.366666666666667,-0.4661104679107666,-0.009072252682519618
COHFACE_s09_session2_natural,1,42,11.4,-0.6302428245544434,-0.03310756328211372
COHFACE_s09_session2_natural,1,43,11.433333333333334,-0.7702765464782715,-0.061823574694104155
COHFACE_s09_session2_natural,1,44,11.466666666666667,-0.8901028633117676,-0.09274019134053406
COHFACE_s09_session2_natural,1,45,11.5,-0.9862197041511536,-0.12267788485942122
COHFACE_s09_session2_natural,1,46,11.533333333333333,-1.050719141960144,-0.14870080060266616
COHFACE_s09_session2_natural,1,47,11.566666666666666,-1.0948584079742432,-0.16856867253254113
COHFACE_s09_session2_natural,1,48,11.6,-1.1667096614837646,-0.18072969709498213
COHFACE_s09_session2_natural,1,49,11.633333333333333,-1.2573368549346924,-0.18474697624718353
COHFACE_s09_session2_natural,1,50,11.666666666666666,-1.3154572248458862,-0.18196086233335587
COHFACE_s09_session2_natural,1,51,11.7,-1.0866587162017822,-0.1751434528350782
COHFACE_s09_session2_natural,1,52,11.733333333333333,-0.18950363993644714,-0.1666684919700589
COHFACE_s09_session2_natural,1,53,11.766666666666667,0.7853537201881409,-0.15566622957413276
COHFACE_s09_session2_natural,1,54,11.8,1.1635252237319946,-0.13601689844175913
COHFACE_s09_session2_natural,1,55,11.833333333333334,1.1714746952056885,-0.09795628496335262
COHFACE_s09_session2_natural,1,56,11.866666666666667,1.1064889430999756,-0.033133813738209554
COHFACE_s09_session2_natural,1,57,11.9,1.007217288017273,0.05999695898477021
COHFACE_s09_session2_natural,1,58,11.933333333333334,0.8297569751739502,0.17345754719855772
COHFACE_s09_session2_natural,1,59,11.966666666666667,0.6008472442626953,0.2918599142070126
COHFACE_s09_session2_natural,1,60,12.0,0.42697253823280334,0.39769695146823814
COHFACE_s09_session2_natural,1,61,12.033333333333333,0.35363414883613586,0.47477055570697496
COHFACE_s09_session2_natural,1,62,12.066666666666666,0.3141923248767853,0.5088675946380945
COHFACE_s09_session2_natural,1,63,12.1,0.2328905314207077,0.48907296083968493
COHFACE_s09_session2_natural,1,64,12.133333333333333,0.08123832941055298,0.4104976514076233
COHFACE_s09_session2_natural,1,65,12.166666666666666,-0.10864656418561935,0.27627442143634007
COHFACE_s09_session2_natural,1,66,12.2,-0.3081625998020172,0.09787243740718612
COHFACE_s09_session2_natural,1,67,12.233333333333333,-0.49961793422698975,-0.10580406218661292
COHFACE_s09_session2_natural,1,68,12.266666666666667,-0.665529191493988,-0.31030357683688453
COHFACE_s09_session2_natural,1,69,12.3,-0.8010183572769165,-0.4885512353192845
COHFACE_s09_session2_natural,1,70,12.333333333333334,-0.9099905490875244,-0.6146935260258216
COHFACE_s09_session2_natural,1,71,12.366666666666667,-1.000478744506836,-0.6684937752244947
COHFACE_s09_session2_natural,1,72,12.4,-1.0547633171081543,-0.6396345790442667
COHFACE_s09_session2_natural,1,73,12.433333333333334,-1.0991944074630737,-0.5310155340655252
COHFACE_s09_session2_natural,1,74,12.466666666666667,-1.1782587766647339,-0.3593650495961872
COHFACE_s09_session2_natural,1,75,12.5,-1.272026777267456,-0.15110988081447377
COHFACE_s09_session2_natural,1,76,12.533333333333333,-1.2369627952575684,0.06501704610508584
COHFACE_s09_session2_natural,1,77,12.566666666666666,-0.642764687538147,0.26390144616098876
COHFACE_s09_session2_natural,1,78,12.6,0.45574086904525757,0.4269256289227414
COHFACE_s09_session2_natural,1,79,12.633333333333333,1.181592345237732,0.5436068693642059
COHFACE_s09_session2_natural,1,80,12.666666666666666,1.3469338417053223,0.6121796698266408
COHFACE_s09_session2_natural,1,81,12.7,1.3032392263412476,0.6375540800663899
COHFACE_s09_session2_natural,1,82,12.733333333333333,1.2263569831848145,0.6272929777329326
COHFACE_s09_session2_natural,1,83,12.766666666666667,1.095426321029663,0.588364245141291
COHFACE_s09_session2_natural,1,84,12.8,0.8732152581214905,0.5259974538826407
COHFACE_s09_session2_natural,1,85,12.833333333333334,0.6512821316719055,0.4442728285273493
COHFACE_s09_session2_natural,1,86,12.866666666666667,0.519378662109375,0.34728316320341474
COHFACE_s09_session2_natural,1,87,12.9,0.47050029039382935,0.2392706730053931
COHFACE_s09_session2_natural,1,88,12.933333333333334,0.42028772830963135,0.12356601589267807
COHFACE_s09_session2_natural,1,89,12.966666666666667,0.29411008954048157,0.0016270298116591595
COHFACE_s09_session2_natural,1,90,13.0,0.09947217255830765,-0.12711264337538447
COHFACE_s09_session2_natural,1,91,13.033333333333333,-0.10403250902891159,-0.26464837431985383
COHFACE_s09_session2_natural,1,92,13.066666666666666,-0.30321499705314636,-0.4131837161561814
COHFACE_s09_session2_natural,1,93,13.1,-0.5009104013442993,-0.5734499970857204
COHFACE_s09_session2_natural,1,94,13.133333333333333,-0.6668078303337097,-0.7427723134627798
COHFACE_s09_session2_natural,1,95,13.166666666666666,-0.7946392893791199,-0.9131469371290356
COHFACE_s09_session2_natural,1,96,13.2,-0.89899742603302,-1.069845150600173
COHFACE_s09_session2_natural,1,97,13.233333333333333,-0.9862752556800842,-1.1912471420745132
COHFACE_s09_session2_natural,1,98,13.266666666666667,-1.0498018264770508,-1.2507129216468946
COHFACE_s09_session2_natural,1,99,13.3,-1.1064212322235107,-1.2211617778576003
COHFACE_s09_session2_natural,1,100,13.333333333333334,-1.1910029649734497,-1.0818752078530516
COHFACE_s09_session2_natural,1,101,13.366666666666667,-1.2906359434127808,-0.8258270481122028
COHFACE_s09_session2_natural,1,102,13.4,-1.203233003616333,-0.46493041018632303
COHFACE_s09_session2_natural,1,103,13.433333333333334,-0.4586334824562073,-0.03017310546436524
COHFACE_s09_session2_natural,1,104,13.466666666666667,0.6633870601654053,0.43389015826542554
COHFACE_s09_session2_natural,1,105,13.5,1.272928237915039,0.8781664344812716
COHFACE_s09_session2_natural,1,106,13.533333333333333,1.3440014123916626,1.2583425836616655
COHFACE_s09_session2_natural,1,107,13.566666666666666,1.249510645866394,1.540789785636777
COHFACE_s09_session2_natural,1,108,13.6,1.123207926750183,1.704374685254126
COHFACE_s09_session2_natural,1,109,13.633333333333333,0.9374645352363586,1.7404775334319684
COHFACE_s09_session2_natural,1,110,13.666666666666666,0.6929059028625488,1.6525949410206773
COHFACE_s09_session2_natural,1,111,13.7,0.49084657430648804,1.4555478232089578
COHFACE_s09_session2_natural,1,112,13.733333333333333,0.3947019875049591,1.1735962318058881
COHFACE_s09_session2_natural,1,113,13.766666666666667,0.3741472065448761,0.8363187263304848
COHFACE_s09_session2_natural,1,114,13.8,0.32215574383735657,0.4731816404523534
COHFACE_s09_session2_natural,1,115,13.833333333333334,0.1699337363243103,0.10967791894784416
COHFACE_s09_session2_natural,1,116,13.866666666666667,-0.027497628703713417,-0.23402027220814497
COHFACE_s09_session2_natural,1,117,13.9,-0.22573506832122803,-0.5430269253535202
COHFACE_s09_session2_natural,1,118,13.933333333333334,-0.42306914925575256,-0.80707308274374
COHFACE_s09_session2_natural,1,119,13.966666666666667,-0.6060607433319092,-1.0193433491087127
COHFACE_s09_session2_natural,1,120,14.0,-0.7535714507102966,-1.175090731672961
COHFACE_s09_session2_natural,1,121,14.033333333333333,-0.8714659810066223,-1.2704208137846051
COHFACE_s09_session2_natural,1,122,14.066666666666666,-0.9653174877166748,-1.3015777268198014
COHFACE_s09_session2_natural,1,123,14.1,-1.0250778198242188,-1.2649664486309888
COHFACE_s09_session2_natural,1,124,14.133333333333333,-1.0883680582046509,-1.158146410952083
COHFACE_s09_session2_natural,1,125,14.166666666666666,-1.1827337741851807,-0.9819547733020354
COHFACE_s09_session2_natural,1,126,14.2,-1.2790729999542236,-0.7430630900476181
COHFACE_s09_session2_natural,1,127,14.233333333333333,-1.3334826231002808,-0.4555331600608554
COHFACE_s09_session2_natural,1,128,14.266666666666667,-1.0846712589263916,-0.1402651669049149
COHFACE_s09_session2_natural,1,129,14.3,-0.13822096586227417,0.1781654981861471
COHFACE_s09_session2_natural,1,130,14.333333333333334,0.8967857956886292,0.47573698093990024
COHFACE_s09_session2_natural,1,131,14.366666666666667,1.2742903232574463,0.7310496033185968
COHFACE_s09_session2_natural,1,132,14.4,1.224355697631836,0.9252820908245298
COHFACE_s09_session2_natural,1,133,14.433333333333334,1.0811116695404053,1.0432559384737923
COHFACE_s09_session2_natural,1,134,14.466666666666667,0.8989260792732239,1.0763546818381662
COHFACE_s09_session2_natural,1,135,14.5,0.6673340201377869,1.0252844582144134
COHFACE_s09_session2_natural,1,136,14.533333333333333,0.4397584795951843,0.9006118336270134
COHFACE_s09_session2_natural,1,137,14.566666666666666,0.30112844705581665,0.7195141176246566
COHFACE_s09_session2_natural,1,138,14.6,0.27691859006881714,0.5003073561987091
COHFACE_s09_session2_natural,1,139,14.633333333333333,0.28333935141563416,0.25908857310507194
COHFACE_s09_session2_natural,1,140,14.666666666666666,0.21114055812358856,0.009764595372131514
COHFACE_s09_session2_natural,1,141,14.7,0.06453324109315872,-0.2345885543831382
COHFACE_s09_session2_natural,1,142,14.733333333333333,-0.1092163696885109,-0.4604702636471319
COHFACE_s09_session2_natural,1,143,14.766666666666667,-0.2893589437007904,-0.6532313743650117
COHFACE_s09_session2_natural,1,144,14.8,-0.4652627110481262,-0.7972692573821188
COHFACE_s09_session2_natural,1,145,14.833333333333334,-0.6244613528251648,-0.8774203821865026
COHFACE_s09_session2_natural,1,146,14.866666666666667,-0.7567400932312012,-0.8814220173384589
COHFACE_s09_session2_natural,1,147,14.9,-0.8595973253250122,-0.8028944073379215
COHFACE_s09_session2_natural,1,148,14.933333333333334,-0.9330052137374878,-0.6441026458525753
COHFACE_s09_session2_natural,1,149,14.966666666666667,-0.9853858351707458,-0.4176625100361692
COHFACE_s09_session2_natural,1,150,15.0,-1.055847406387329,-0.1466423076587156
COHFACE_s09_session2_natural,1,151,15.033333333333333,-1.1403179168701172,0.13711678885333378
COHFACE_s09_session2_natural,1,152,15.066666666666666,-1.0852967500686646,0.3971010524926909
COHFACE_s09_session2_natural,1,153,15.1,-0.4980752766132355,0.5994699765476936
COHFACE_s09_session2_natural,1,154,15.133333333333333,0.5019925832748413,0.7213314778787095
COHFACE_s09_session2_natural,1,155,15.166666666666666,1.1175514459609985,0.7549059761860504
COHFACE_s09_session2_natural,1,156,15.2,1.1522680521011353,0.7064002406378775
COHFACE_s09_session2_natural,1,157,15.233333333333333,0.9465119242668152,0.592466944490884
COHFACE_s09_session2_natural,1,158,15.266666666666667,0.7021617889404297,0.43595701346062915
COHFACE_s09_session2_natural,1,159,15.3,0.42372047901153564,0.26111949676179835
COHFACE_s09_session2_natural,1,160,15.333333333333334,0.16750162839889526,0.08912691280576707
COHFACE_s09_session2_natural,1,161,15.366666666666667,0.041754838079214096,-0.06453013799829539
COHFACE_s09_session2_natural,1,162,15.4,0.04097656160593033,-0.1905094091255286
COHFACE_s09_session2_natural,1,163,15.433333333333334,0.0666595995426178,-0.2849243388146227
COHFACE_s09_session2_natural,1,164,15.466666666666667,0.03297146037220955,-0.34822516863850783
COHFACE_s09_session2_natural,1,165,15.5,-0.09356750547885895,-0.38394627219816924
COHFACE_s09_session2_natural,1,166,15.533333333333333,-0.26173022389411926,-0.3973192397342704
COHFACE_s09_session2_natural,1,167,15.566666666666666,-0.428239107131958,-0.3935279898638447
COHFACE_s09_session2_natural,1,168,15.6,-0.6040177941322327,-0.37588438197170815
COHFACE_s09_session2_natural,1,169,15.633333333333333,-0.7751129269599915,-0.3447012902665811
COHFACE_s09_session2_natural,1,170,15.666666666666666,-0.9038060307502747,-0.29747301925409175
COHFACE_s09_session2_natural,1,171,15.7,-1.001937985420227,-0.2306588740169426
COHFACE_s09_session2_natural,1,172,15.733333333333333,-1.086603045463562,-0.14229282268338825
COHFACE_s09_session2_natural,1,173,15.766666666666667,-1.1525895595550537,-0.03373362577232547
COHFACE_s09_session2_natural,1,174,15.8,-1.211404800415039,0.09006432797949819
COHFACE_s09_session2_natural,1,175,15.833333333333334,-1.190585970878601,0.221200022161136
COHFACE_s09_session2_natural,1,176,15.866666666666667,-0.7118920683860779,0.3498714029825833
COHFACE_s09_session2_natural,1,177,15.9,0.36138907074928284,0.4654754828629757
COHFACE_s09_session2_natural,1,178,15.933333333333334,1.2159336805343628,0.5576217900970653
COHFACE_s09_session2_natural,1,179,15.966666666666667,1.4138931035995483,0.6171170709057368
COHFACE_s09_session2_natural,1,180,16.0,1.2816839218139648,0.6368628958329241
COHFACE_s09_session2_natural,1,181,16.033333333333335,1.0862815380096436,0.6124705606904641
COHFACE_s09_session2_natural,1,182,16.066666666666666,0.8528411388397217,0.5424569870840872
COHFACE_s09_session2_natural,1,183,16.1,0.5744832158088684,0.4279673890463446
COHFACE_s09_session2_natural,1,184,16.133333333333333,0.3662254810333252,0.2721355080852103
COHFACE_s09_session2_natural,1,185,16.166666666666668,0.2806292772293091,0.07934068698410073
COHFACE_s09_session2_natural,1,186,16.2,0.2778358459472656,-0.14505108540360695
COHFACE_s09_session2_natural,1,187,16.233333333333334,0.2647441625595093,-0.39370382242760255
COHFACE_s09_session2_natural,1,188,16.266666666666666,0.14657163619995117,-0.6553418746560694
COHFACE_s09_session2_natural,1,189,16.3,-0.03540544584393501,-0.9130392489104798
COHFACE_s09_session2_natural,1,190,16.333333333333332,-0.2290705293416977,-1.1436669449618324
COHFACE_s09_session2_natural,1,191,16.366666666666667,-0.4327280819416046,-1.3188619293743982
COHFACE_s09_session2_natural,1,192,16.4,-0.6206533908843994,-1.4079917992475004
COHFACE_s09_session2_natural,1,193,16.433333333333334,-0.7766138911247253,-1.3835208975624806
COHFACE_s09_session2_natural,1,194,16.466666666666665,-0.911241352558136,-1.2278687537430741
COHFACE_s09_session2_natural,1,195,16.5,-0.9968514442443848,-0.9395856571590956
COHFACE_s09_session2_natural,1,196,16.533333333333335,-1.0497045516967773,-0.5369866849959218
COHFACE_s09_session2_natural,1,197,16.566666666666666,-1.113509178161621,-0.058004715679443916
COHFACE_s09_session2_natural,1,198,16.6,-1.1747982501983643,0.4447495971597496
COHFACE_s09_session2_natural,1,199,16.633333333333333,-1.0132230520248413,0.9141809689492036
COHFACE_s09_session2_natural,1,200,16.666666666666668,-0.1340099424123764,1.3008063694339875
COHFACE_s09_session2_natural,1,201,16.7,1.0597507953643799,1.5702209846220732
COHFACE_s09_session2_natural,1,202,16.733333333333334,1.6614536046981812,1.7044490414059417
COHFACE_s09_session2_natural,1,203,16.766666666666666,1.72499418258667,1.700893078689422
COHFACE_s09_session2_natural,1,204,16.8,1.6464163064956665,1.5708983210697562
COHFACE_s09_session2_natural,1,205,16.833333333333332,1.513498306274414,1.3376580125839497
COHFACE_s09_session2_natural,1,206,16.866666666666667,1.3151357173919678,1.0327075389268445
COHFACE_s09_session2_natural,1,207,16.9,1.0587084293365479,0.6901322635241265
COHFACE_s09_session2_natural,1,208,16.933333333333334,0.8412781953811646,0.33997352669240877
COHFACE_s09_session2_natural,1,209,16.966666666666665,0.7412005662918091,0.004458773323324873
COHFACE_s09_session2_natural,1,210,17.0,0.7196590304374695,-0.30193302244005094
COHFACE_s09_session2_natural,1,211,17.033333333333335,0.6568968296051025,-0.5703439942283345
COHFACE_s09_session2_natural,1,212,17.066666666666666,0.5017285346984863,-0.7950371868170053
COHFACE_s09_session2_natural,1,213,17.1,0.28338104486465454,-0.9716990864418689
COHFACE_s09_session2_natural,1,214,17.133333333333333,0.03914206102490425,-1.0966972966246469
COHFACE_s09_session2_natural,1,215,17.166666666666668,-0.19522951543331146,-1.1664727621993727
COHFACE_s09_session2_natural,1,216,17.2,-0.40722572803497314,-1.1769586863674273
COHFACE_s09_session2_natural,1,217,17.233333333333334,-0.5955401659011841,-1.123703924028871
COHFACE_s09_session2_natural,1,218,17.266666666666666,-0.7280274033546448,-1.0031209207777514
COHFACE_s09_session2_natural,1,219,17.3,-0.8119419813156128,-0.8148764889163735
COHFACE_s09_session2_natural,1,220,17.333333333333332,-0.8890049457550049,-0.5648915604902383
COHFACE_s09_session2_natural,1,221,17.366666666666667,-0.9866921901702881,-0.26791283660400367
COHFACE_s09_session2_natural,1,222,17.4,-1.0741924047470093,0.052187079105894096
COHFACE_s09_session2_natural,1,223,17.433333333333334,-0.8782619833946228,0.36656325512450416
COHFACE_s09_session2_natural,1,224,17.466666666666665,0.041032154113054276,0.6479409104381305
COHFACE_s09_session2_natural,1,225,17.5,1.192460298538208,0.8737277119681383
COHFACE_s09_session2_natural,1,226,17.533333333333335,1.754512906074524,1.0254019087994402
COHFACE_s09_session2_natural,1,227,17.566666666666666,1.822611927986145,1.0893680574277362
COHFACE_s09_session2_natural,1,228,17.6,1.7307617664337158,1.060174383848702
COHFACE_s09_session2_natural,1,229,17.633333333333333,1.6004008054733276,0.9423646906928158
COHFACE_s09_session2_natural,1,230,17.666666666666668,1.3976606130599976,0.7493142784035075
COHFACE_s09_session2_natural,1,231,17.7,1.1269185543060303,0.4999348744835864
COHFACE_s09_session2_natural,1,232,17.733333333333334,0.9186052680015564,0.21490923303038215
COHFACE_s09_session2_natural,1,233,17.766666666666666,0.8442106246948242,-0.08549977401393308
COHFACE_s09_session2_natural,1,234,17.8,0.8139274716377258,-0.38159457846568434
COHFACE_s09_session2_natural,1,235,17.833333333333332,0.7204234600067139,-0.6535096409553458
COHFACE_s09_session2_natural,1,236,17.866666666666667,0.5416011214256287,-0.8806524617905258
COHFACE_s09_session2_natural,1,237,17.9,0.309147447347641,-1.0419747954193572
COHFACE_s09_session2_natural,1,238,17.933333333333334,0.06485288590192795,-1.1176676492468434
COHFACE_s09_session2_natural,1,239,17.966666666666665,-0.16565510630607605,-1.092627329202984
COHFACE_s09_session2_natural,1,240,18.0,-0.3835439682006836,-0.9612880213254197
COHFACE_s09_session2_natural,1,241,18.033333333333335,-0.5738040804862976,-0.7326319470627244
COHFACE_s09_session2_natural,1,242,18.066666666666666,-0.7150468826293945,-0.4324671227815888
COHFACE_s09_session2_natural,1,243,18.1,-0.8099823594093323,-0.09904393940252212
COHFACE_s09_session2_natural,1,244,18.133333333333333,-0.8868786096572876,0.22674830430624993
COHFACE_s09_session2_natural,1,245,18.166666666666668,-0.9626629948616028,0.510400763548779
COHFACE_s09_session2_natural,1,246,18.2,-1.0607671737670898,0.7284019258249403
COHFACE_s09_session2_natural,1,247,18.233333333333334,-1.1284769773483276,0.8681853989093734
COHFACE_s09_session2_natural,1,248,18.266666666666666,-0.804451048374176,0.9258594913725293
COHFACE_s09_session2_natural,1,249,18.3,0.263201504945755,0.9060978158990076
COHFACE_s09_session2_natural,1,250,18.333333333333332,1.3538131713867188,0.8234796973934633
COHFACE_s09_session2_natural,1,251,18.366666666666667,1.8082833290100098,0.6997289639750274
COHFACE_s09_session2_natural,1,252,18.4,1.8532147407531738,0.5568047083204887
COHFACE_s09_session2_natural,1,253,18.433333333333334,1.7637827396392822,0.4114514502926113
COHFACE_s09_session2_natural,1,254,18.466666666666665,1.5947166681289673,0.2732754237202782
COHFACE_s09_session2_natural,1,255,18.5,1.326920986175537,0.1444533450377334
COHFACE_s09_session2_natural,1,256,18.533333333333335,1.0543028116226196,0.020611036838472447
COHFACE_s09_session2_natural,1,257,18.566666666666666,0.8970359563827515,-0.10600012577889144
COHFACE_s09_session2_natural,1,258,18.6,0.8525354266166687,-0.24180873707714587
COHFACE_s09_session2_natural,1,259,18.633333333333333,0.8068674206733704,-0.38830764251751826
COHFACE_s09_session2_natural,1,260,18.666666666666668,0.6729626059532166,-0.5407250673190472
COHFACE_s09_session2_natural,1,261,18.7,0.47850537300109863,-0.6885875419970002
COHFACE_s09_session2_natural,1,262,18.733333333333334,0.26399368047714233,-0.8173663852236581
COHFACE_s09_session2_natural,1,263,18.766666666666666,0.0020906717982143164,-0.9102309906779191
COHFACE_s09_session2_natural,1,264,18.8,-0.27305689454078674,-0.9497066174882728
COHFACE_s09_session2_natural,1,265,18.833333333333332,-0.4860398471355438,-0.9197985914994687
COHFACE_s09_session2_natural,1,266,18.866666666666667,-0.6314102411270142,-0.8089329021329432
COHFACE_s09_session2_natural,1,267,18.9,-0.7579908967018127,-0.613640552197616
COHFACE_s09_session2_natural,1,268,18.933333333333334,-0.854024350643158,-0.34227211372165367
COHFACE_s09_session2_natural,1,269,18.966666666666665,-0.9323381185531616,-0.017437573889741768
COHFACE_s09_session2_natural,1,270,19.0,-1.017698049545288,0.3248736748518172
COHFACE_s09_session2_natural,1,271,19.033333333333335,-1.1130783557891846,0.6417393094423274
COHFACE_s09_session2_natural,1,272,19.066666666666666,-1.1116607189178467,0.8936267563320263
COHFACE_s09_session2_natural,1,273,19.1,-0.6060190796852112,1.0532194984163927
COHFACE_s09_session2_natural,1,274,19.133333333333333,0.4946545660495758,1.10951568481869
COHFACE_s09_session2_natural,1,275,19.166666666666668,1.4147547483444214,1.066752826622286
COHFACE_s09_session2_natural,1,276,19.2,1.7023268938064575,0.9399794248054885
COHFACE_s09_session2_natural,1,277,19.233333333333334,1.6312955617904663,0.7508249115331569
COHFACE_s09_session2_natural,1,278,19.266666666666666,1.456809401512146,0.524656912370099
COHFACE_s09_session2_natural,1,279,19.3,1.2120144367218018,0.28776968247607954
COHFACE_s09_session2_natural,1,280,19.333333333333332,0.9149918556213379,0.06413171080224017
COHFACE_s09_session2_natural,1,281,19.366666666666667,0.7036905288696289,-0.12761546918877642
COHFACE_s09_session2_natural,1,282,19.4,0.6388158798217773,-0.276168364273856
COHFACE_s09_session2_natural,1,283,19.433333333333334,0.63721764087677,-0.3779112149610145
COHFACE_s09_session2_natural,1,284,19.466666666666665,0.5683681964874268,-0.4357211523051967
COHFACE_s09_session2_natural,1,285,19.5,0.40550053119659424,-0.457089788513555
COHFACE_s09_session2_natural,1,286,19.533333333333335,0.18567988276481628,-0.45199436440758933
COHFACE_s09_session2_natural,1,287,19.566666666666666,-0.05967090651392937,-0.43047772482231916
COHFACE_s09_session2_natural,1,288,19.6,-0.3026590943336487,-0.4005118418883683
COHFACE_s09_session2_natural,1,289,19.633333333333333,-0.5134462118148804,-0.367261092104268
COHFACE_s09_session2_natural,1,290,19.666666666666668,-0.6837352514266968,-0.33368065812540226
COHFACE_s09_session2_natural,1,291,19.7,-0.8164031505584717,-0.30125359944921276
COHFACE_s09_session2_natural,1,292,19.733333333333334,-0.9126172065734863,-0.27025408992384314
COHFACE_s09_session2_natural,1,293,19.766666666666666,-1.0068578720092773,-0.23966705222857518
COHFACE_s09_session2_natural,1,294,19.8,-1.1170530319213867,-0.20718323755756357
COHFACE_s09_session2_natural,1,295,19.833333333333332,-1.1570924520492554,-0.16984105162251584
COHFACE_s09_session2_natural,1,296,19.866666666666667,-0.8438233733177185,-0.12530027992787512
COHFACE_s09_session2_natural,1,297,19.9,0.08454599231481552,-0.07312002898690718
COHFACE_s09_session2_natural,1,298,19.933333333333334,1.0944534540176392,-0.015400310983394576
COHFACE_s09_session2_natural,1,299,19.966666666666665,1.5385558605194092,0.04371808420236968
COHFACE_s09_session2_natural,2,0,20.0,1.5193352699279785,0.12535343543464206
COHFACE_s09_session2_natural,2,1,20.033333333333335,1.3421390056610107,0.23219547163488677
COHFACE_s09_session2_natural,2,2,20.066666666666666,1.0839189291000366,0.3089968274237335
COHFACE_s09_session2_natural,2,3,20.1,0.7486775517463684,0.3351688236349908
COHFACE_s09_session2_natural,2,4,20.133333333333333,0.47988125681877136,0.30117317477068944
COHFACE_s09_session2_natural,2,5,20.166666666666668,0.37978968024253845,0.20840091569350983
COHFACE_s09_session2_natural,2,6,20.2,0.366850882768631,0.06452191740899184
COHFACE_s09_session2_natural,2,7,20.233333333333334,0.3314255475997925,-0.11961057398734737
COHFACE_s09_session2_natural,2,8,20.266666666666666,0.19664520025253296,-0.32959471380707567
COHFACE_s09_session2_natural,2,9,20.3,-0.03586407005786896,-0.5464021847227265
COHFACE_s09_session2_natural,2,10,20.333333333333332,-0.2713196575641632,-0.7466921762682154
COHFACE_s09_session2_natural,2,11,20.366666666666667,-0.4952123463153839,-0.9053520379315608
COHFACE_s09_session2_natural,2,12,20.4,-0.7247197031974792,-0.9996827698341347
COHFACE_s09_session2_natural,2,13,20.433333333333334,-0.9223317503929138,-1.0133190501792202
COHFACE_s09_session2_natural,2,14,20.466666666666665,-1.0707736015319824,-0.9389696430992849
COHFACE_s09_session2_natural,2,15,20.5,-1.1752984523773193,-0.7801800163419339
COHFACE_s09_session2_natural,2,16,20.533333333333335,-1.2382692098617554,-0.5518116514078649
COHFACE_s09_session2_natural,2,17,20.566666666666666,-1.3035191297531128,-0.2784393613436763
COHFACE_s09_session2_natural,2,18,20.6,-1.3956055641174316,0.009536117784525823
COHFACE_s09_session2_natural,2,19,20.633333333333333,-1.4424548149108887,0.2815285393742117
COHFACE_s09_session2_natural,2,20,20.666666666666668,-1.089063048362732,0.5125109032397043
COHFACE_s09_session2_natural,2,21,20.7,-0.004052131436765194,0.6863773595386594
COHFACE_s09_session2_natural,2,22,20.733333333333334,1.1785348653793335,0.7961873292690295
COHFACE_s09_session2_natural,2,23,20.766666666666666,1.7460492849349976,0.8424014983652974
COHFACE_s09_session2_natural,2,24,20.8,1.817817211151123,0.830554862319507
COHFACE_s09_session2_natural,2,25,20.833333333333332,1.7455905675888062,0.7697698640669658
COHFACE_s09_session2_natural,2,26,20.866666666666667,1.6369380950927734,0.6722491941066319
COHFACE_s09_session2_natural,2,27,20.9,1.3950477838516235,0.5526511985042981
COHFACE_s09_session2_natural,2,28,20.933333333333334,1.0923131704330444,0.4264879806908246
COHFACE_s09_session2_natural,2,29,20.966666666666665,0.8689347505569458,0.30722801151208523
COHFACE_s09_session2_natural,2,30,21.0,0.7578083872795105,0.20319154164931366
COHFACE_s09_session2_natural,2,31,21.033333333333335,0.6950739622116089,0.11650789517121571
COHFACE_s09_session2_natural,2,32,21.066666666666666,0.5689241290092468,0.0445529748572293
COHFACE_s09_session2_natural,2,33,21.1,0.3365399241447449,-0.017658338422296437
COHFACE_s09_session2_natural,2,34,21.133333333333333,0.052970316261053085,-0.07515788325663846
COHFACE_s09_session2_natural,2,35,21.166666666666668,-0.22170472145080566,-0.1311110130458969
COHFACE_s09_session2_natural,2,36,21.2,-0.4773537516593933,-0.1855926574552412
COHFACE_s09_session2_natural,2,37,21.233333333333334,-0.6967435479164124,-0.23530825516445697
COHFACE_s09_session2_natural,2,38,21.266666666666666,-0.871702253818512,-0.2744201006861658
COHFACE_s09_session2_natural,2,39,21.3,-1.000020146369934,-0.29650398879049344
COHFACE_s09_session2_natural,2,40,21.333333333333332,-1.0847547054290771,-0.29694902354310987
COHFACE_s09_session2_natural,2,41,21.366666666666667,-1.1569812297821045,-0.2745286261503458
COHFACE_s09_session2_natural,2,42,21.4,-1.2526811361312866,-0.23170174855331252
COHFACE_s09_session2_natural,2,43,21.433333333333334,-1.369144320487976,-0.17409946265890766
COHFACE_s09_session2_natural,2,44,21.466666666666665,-1.3951607942581177,-0.10947183833924279
COHFACE_s09_session2_natural,2,45,21.5,-0.8903252482414246,-0.04612262263375654
COHFACE_s09_session2_natural,2,46,21.533333333333335,0.30967557430267334,0.008795155641342204
COHFACE_s09_session2_natural,2,47,21.566666666666666,1.364403247833252,0.05045182830286555
COHFACE_s09_session2_natural,2,48,21.6,1.775998830795288,0.07679809167686462
COHFACE_s09_session2_natural,2,49,21.633333333333333,1.8128139972686768,0.08861494669813513
COHFACE_s09_session2_natural,2,50,21.666666666666668,1.741351842880249,0.08913774171099974
COHFACE_s09_session2_natural,2,51,21.7,1.5903805494308472,0.08291416366546087
COHFACE_s09_session2_natural,2,52,21.733333333333334,1.317901372909546,0.07415915304320503
COHFACE_s09_session2_natural,2,53,21.766666666666666,1.0073840618133545,0.0654439769535091
COHFACE_s09_session2_natural,2,54,21.8,0.801794707775116,0.05716811728396638
COHFACE_s09_session2_natural,2,55,21.833333333333332,0.7068036198616028,0.04779087412575578
COHFACE_s09_session2_natural,2,56,21.866666666666667,0.6305606365203857,0.034736909070151784
COHFACE_s09_session2_natural,2,57,21.9,0.47312694787979126,0.015842062397889652
COHFACE_s09_session2_natural,2,58,21.933333333333334,0.22933270037174225,-0.009337685071601782
COHFACE_s09_session2_natural,2,59,21.966666666666665,-0.04898354038596153,-0.03942498489923413
COHFACE_s09_session2_natural,2,60,22.0,-0.3343459367752075,-0.07246643861328358
COHFACE_s09_session2_natural,2,61,22.033333333333335,-0.588841438293457,-0.10768824699941301
COHFACE_s09_session2_natural,2,62,22.066666666666666,-0.7961263060569763,-0.14677696792210632
COHFACE_s09_session2_natural,2,63,22.1,-0.9759631752967834,-0.1937837031514099
COHFACE_s09_session2_natural,2,64,22.133333333333333,-1.1126753091812134,-0.2534386435246819
COHFACE_s09_session2_natural,2,65,22.166666666666668,-1.198438286781311,-0.32842413188558
COHFACE_s09_session2_natural,2,66,22.2,-1.2643969058990479,-0.4162606672048444
COHFACE_s09_session2_natural,2,67,22.233333333333334,-1.3203214406967163,-0.5064944822319494
COHFACE_s09_session2_natural,2,68,22.266666666666666,-1.3981211185455322,-0.579508007276388
COHFACE_s09_session2_natural,2,69,22.3,-1.4941266775131226,-0.6086288085039702
COHFACE_s09_session2_natural,2,70,22.333333333333332,-1.5117629766464233,-0.5658779178165768
COHFACE_s09_session2_natural,2,71,22.366666666666667,-0.9699870944023132,-0.43016203437541617
COHFACE_s09_session2_natural,2,72,22.4,0.26007452607154846,-0.19616610909853444
COHFACE_s09_session2_natural,2,73,22.433333333333334,1.327560305595398,0.11818112968647855
COHFACE_s09_session2_natural,2,74,22.466666666666665,1.7353897094726562,0.47008262073547463
COHFACE_s09_session2_natural,2,75,22.5,1.7386417388916016,0.801719153196739
COHFACE_s09_session2_natural,2,76,22.533333333333335,1.6190377473831177,1.0582789792473946
COHFACE_s09_session2_natural,2,77,22.566666666666666,1.4297782182693481,1.2025758536302897
COHFACE_s09_session2_natural,2,78,22.6,1.1251674890518188,1.220635581747282
COHFACE_s09_session2_natural,2,79,22.633333333333333,0.8230583071708679,1.1197486138164223
COHFACE_s09_session2_natural,2,80,22.666666666666668,0.6479467153549194,0.921873324827551
COHFACE_s09_session2_natural,2,81,22.7,0.5796114802360535,0.6558235770438665
COHFACE_s09_session2_natural,2,82,22.733333333333334,0.525743842124939,0.3508404753428029
COHFACE_s09_session2_natural,2,83,22.766666666666666,0.3708256483078003,0.03285399219480614
COHFACE_s09_session2_natural,2,84,22.8,0.11264723539352417,-0.27656763822688263
COHFACE_s09_session2_natural,2,85,22.833333333333332,-0.1605546474456787,-0.559720020051069
COHFACE_s09_session2_natural,2,86,22.866666666666667,-0.43239453434944153,-0.801467635029618
COHFACE_s09_session2_natural,2,87,22.9,-0.7004125714302063,-0.9873238886559174
COHFACE_s09_session2_natural,2,88,22.933333333333334,-0.9227486848831177,-1.1021364269183167
COHFACE_s09_session2_natural,2,89,22.966666666666665,-1.0976656675338745,-1.1313841817998462
COHFACE_s09_session2_natural,2,90,23.0,-1.2244964838027954,-1.0651047985841369
COHFACE_s09_session2_natural,2,91,23.033333333333335,-1.290343999862671,-0.9024249387460005
COHFACE_s09_session2_natural,2,92,23.066666666666666,-1.3320094347000122,-0.654925263710317
COHFACE_s09_session2_natural,2,93,23.1,-1.390769124031067,-0.34768185082434183
COHFACE_s09_session2_natural,2,94,23.133333333333333,-1.4738637208938599,-0.016728783001849004
COHFACE_s09_session2_natural,2,95,23.166666666666668,-1.581390619277954,0.29806496879147537
COHFACE_s09_session2_natural,2,96,23.2,-1.6240427494049072,0.5624975554848862
COHFACE_s09_session2_natural,2,97,23.233333333333334,-1.1632213592529297,0.7548850367326934
COHFACE_s09_session2_natural,2,98,23.266666666666666,-0.05304168537259102,0.8679980176448486
COHFACE_s09_session2_natural,2,99,23.3,0.9787408113479614,0.9070096357865213
COHFACE_s09_session2_natural,2,100,23.333333333333332,1.3848745822906494,0.8847793404918195
COHFACE_s09_session2_natural,2,101,23.366666666666667,1.3233909606933594,0.8158761801478762
COHFACE_s09_session2_natural,2,102,23.4,1.0937724113464355,0.7116345481921685
COHFACE_s09_session2_natural,2,103,23.433333333333334,0.8087992072105408,0.5789725252520427
COHFACE_s09_session2_natural,2,104,23.466666666666665,0.4887063205242157,0.4227340400054766
COHFACE_s09_session2_natural,2,105,23.5,0.25186094641685486,0.24847650262615117
COHFACE_s09_session2_natural,2,106,23.533333333333335,0.1965896189212799,0.0636731989522393
COHFACE_s09_session2_natural,2,107,23.566666666666666,0.22940219938755035,-0.12313456248472518
COHFACE_s09_session2_natural,2,108,23.6,0.1864025741815567,-0.3041130720892471
COHFACE_s09_session2_natural,2,109,23.633333333333333,0.04300563409924507,-0.47246876626700124
COHFACE_s09_session2_natural,2,110,23.666666666666668,-0.16562731564044952,-0.6210574136149049
COHFACE_s09_session2_natural,2,111,23.7,-0.4062667787075043,-0.7411644456577503
COHFACE_s09_session2_natural,2,112,23.733333333333334,-0.6361910700798035,-0.8224631438688635
COHFACE_s09_session2_natural,2,113,23.766666666666666,-0.856192409992218,-0.8540089849369392
COHFACE_s09_session2_natural,2,114,23.8,-1.0526787042617798,-0.8261033398490855
COHFACE_s09_session2_natural,2,115,23.833333333333332,-1.1931570768356323,-0.7328494979926302
COHFACE_s09_session2_natural,2,116,23.866666666666667,-1.2875645160675049,-0.5750294292610532
COHFACE_s09_session2_natural,2,117,23.9,-1.337777018547058,-0.36272892658552514
COHFACE_s09_session2_natural,2,118,23.933333333333334,-1.3764961957931519,-0.11606179544891584
COHFACE_s09_session2_natural,2,119,23.966666666666665,-1.4517663717269897,0.13832759369666645
COHFACE_s09_session2_natural,2,120,24.0,-1.5467852354049683,0.3735470815919636
COHFACE_s09_session2_natural,2,121,24.033333333333335,-1.510762333869934,0.5666455585029874
COHFACE_s09_session2_natural,2,122,24.066666666666666,-0.9158276319503784,0.6998051985970637
COHFACE_s09_session2_natural,2,123,24.1,0.25723937153816223,0.7617158938290187
COHFACE_s09_session2_natural,2,124,24.133333333333333,1.2492464780807495,0.7496955441504162
COHFACE_s09_session2_natural,2,125,24.166666666666668,1.5956339836120605,0.6702623847260805
COHFACE_s09_session2_natural,2,126,24.2,1.5126644372940063,0.5374603208218223
COHFACE_s09_session2_natural,2,127,24.233333333333334,1.3091180324554443,0.37003929882153475
COHFACE_s09_session2_natural,2,128,24.266666666666666,1.0506339073181152,0.18848604776110336
COHFACE_s09_session2_natural,2,129,24.3,0.7253710031509399,0.012596486573366842
COHFACE_s09_session2_natural,2,130,24.333333333333332,0.46699804067611694,-0.14033533635491438
COHFACE_s09_session2_natural,2,131,24.366666666666667,0.36913013458251953,-0.25717204348835904
COHFACE_s09_session2_natural,2,132,24.4,0.36105552315711975,-0.33045126332444785
COHFACE_s09_session2_natural,2,133,24.433333333333334,0.30415815114974976,-0.35927198620322687
COHFACE_s09_session2_natural,2,134,24.466666666666665,0.14880916476249695,-0.34928396504115766
COHFACE_s09_session2_natural,2,135,24.5,-0.0810595378279686,-0.311794086407907
COHFACE_s09_session2_natural,2,136,24.533333333333335,-0.35145407915115356,-0.2617632747038777
COHFACE_s09_session2_natural,2,137,24.566666666666666,-0.610188364982605,-0.2143433333542611
COHFACE_s09_session2_natural,2,138,24.6,-0.8477564454078674,-0.18073963297254755
COHFACE_s09_session2_natural,2,139,24.633333333333333,-1.0529149770736694,-0.16523025051924425
COHFACE_s09_session2_natural,2,140,24.666666666666668,-1.2010093927383423,-0.1642261807704736
COHFACE_s09_session2_natural,2,141,24.7,-1.3027547597885132,-0.16716603726739374
COHFACE_s09_session2_natural,2,142,24.733333333333334,-1.3575257062911987,-0.15921722422393403
COHFACE_s09_session2_natural,2,143,24.766666666666666,-1.3971620798110962,-0.1258989789941001
COHFACE_s09_session2_natural,2,144,24.8,-1.472612977027893,-0.05830410915175509
COHFACE_s09_session2_natural,2,145,24.833333333333332,-1.5708283185958862,0.04363611570919309
COHFACE_s09_session2_natural,2,146,24.866666666666667,-1.51190185546875,0.17094495587866212
COHFACE_s09_session2_natural,2,147,24.9,-0.777711808681488,0.3078973165180789
COHFACE_s09_session2_natural,2,148,24.933333333333334,0.54850834608078,0.43579822724247175
COHFACE_s09_session2_natural,2,149,24.966666666666665,1.5549830198287964,0.5369763477306787
COHFACE_s09_session2_natural,2,150,25.0,1.8924897909164429,0.5979720799993301
COHFACE_s09_session2_natural,2,151,25.033333333333335,1.8676128387451172,0.6112893030108455
COHFACE_s09_session2_natural,2,152,25.066666666666666,1.7367238998413086,0.5754278575789686
COHFACE_s09_session2_natural,2,153,25.1,1.5325103998184204,0.4932789853558169
COHFACE_s09_session2_natural,2,154,25.133333333333333,1.2309154272079468,0.3698360039247229
COHFACE_s09_session2_natural,2,155,25.166666666666668,0.9259710907936096,0.21081793865366336
COHFACE_s09_session2_natural,2,156,25.2,0.7409642934799194,0.02268734749134018
COHFACE_s09_session2_natural,2,157,25.233333333333334,0.6614552736282349,-0.18666145956231553
COHFACE_s09_session2_natural,2,158,25.266666666666666,0.5902154445648193,-0.4070942874921098
COHFACE_s09_session2_natural,2,159,25.3,0.43902188539505005,-0.6255475807444237
COHFACE_s09_session2_natural,2,160,25.333333333333332,0.1991885006427765,-0.8257670596129078
COHFACE_s09_session2_natural,2,161,25.366666666666667,-0.06799566000699997,-0.9888040408646771
COHFACE_s09_session2_natural,2,162,25.4,-0.35189878940582275,-1.0945593612698403
COHFACE_s09_session2_natural,2,163,25.433333333333334,-0.6225295662879944,-1.1245235389772599
COHFACE_s09_session2_natural,2,164,25.466666666666665,-0.8506471514701843,-1.0652332097817292
COHFACE_s09_session2_natural,2,165,25.5,-1.0362515449523926,-0.9113721628915887
COHFACE_s09_session2_natural,2,166,25.533333333333335,-1.1693363189697266,-0.6684226601784984
COHFACE_s09_session2_natural,2,167,25.566666666666666,-1.2476918697357178,-0.35562572791789837
COHFACE_s09_session2_natural,2,168,25.6,-1.3057982921600342,-0.006708031219362398
COHFACE_s09_session2_natural,2,169,25.633333333333333,-1.3799149990081787,0.3367871323994816
COHFACE_s09_session2_natural,2,170,25.666666666666668,-1.477782964706421,0.6375227226340002
COHFACE_s09_session2_natural,2,171,25.7,-1.5598351955413818,0.8708543930575608
COHFACE_s09_session2_natural,2,172,25.733333333333334,-1.2718461751937866,1.0261777824963665
COHFACE_s09_session2_natural,2,173,25.766666666666666,-0.19408990442752838,1.103605662089048
COHFACE_s09_session2_natural,2,174,25.8,1.084641695022583,1.1091360958893217
COHFACE_s09_session2_natural,2,175,25.833333333333332,1.74656343460083,1.0513033707779236
COHFACE_s09_session2_natural,2,176,25.866666666666667,1.8558275699615479,0.9401536082891883
COHFACE_s09_session2_natural,2,177,25.9,1.7626570463180542,0.7871343289559414
COHFACE_s09_session2_natural,2,178,25.933333333333334,1.6023743152618408,0.6049756408303362
COHFACE_s09_session2_natural,2,179,25.966666666666665,1.3510335683822632,0.4074288980328562
COHFACE_s09_session2_natural,2,180,26.0,1.0275635719299316,0.20856835436294663
COHFACE_s09_session2_natural,2,181,26.033333333333335,0.7568077445030212,0.021295045742615464
COHFACE_s09_session2_natural,2,182,26.066666666666666,0.6269611120223999,-0.14448204066126788
COHFACE_s09_session2_natural,2,183,26.1,0.5656442642211914,-0.28277101152541384
COHFACE_s09_session2_natural,2,184,26.133333333333333,0.4602576494216919,-0.39133265537092754
COHFACE_s09_session2_natural,2,185,26.166666666666668,0.26812130212783813,-0.47127648744951134
COHFACE_s09_session2_natural,2,186,26.2,0.01604400761425495,-0.5263967502587077
COHFACE_s09_session2_natural,2,187,26.233333333333334,-0.2581306993961334,-0.5613871621922659
COHFACE_s09_session2_natural,2,188,26.266666666666666,-0.5226603746414185,-0.579374905812219
COHFACE_s09_session2_natural,2,189,26.3,-0.7587831020355225,-0.5804609218212238
COHFACE_s09_session2_natural,2,190,26.333333333333332,-0.9561310410499573,-0.5619322601078085
COHFACE_s09_session2_natural,2,191,26.366666666666667,-1.1015849113464355,-0.5196434695033
COHFACE_s09_session2_natural,2,192,26.4,-1.2155325412750244,-0.4500434603290942
COHFACE_s09_session2_natural,2,193,26.433333333333334,-1.2967231273651123,-0.35240498080506527
COHFACE_s09_session2_natural,2,194,26.466666666666665,-1.3512579202651978,-0.23071611184321356
COHFACE_s09_session2_natural,2,195,26.5,-1.414200782775879,-0.09465571166118109
COHFACE_s09_session2_natural,2,196,26.533333333333335,-1.5110541582107544,0.041202122552259246
COHFACE_s09_session2_natural,2,197,26.566666666666666,-1.6130497455596924,0.16085886958796586
COHFACE_s09_session2_natural,2,198,26.6,-1.472696304321289,0.2516983122613818
COHFACE_s09_session2_natural,2,199,26.633333333333333,-0.6099660396575928,0.30731994195935464
COHFACE_s09_session2_natural,2,200,26.666666666666668,0.6091024875640869,0.3273938875505997
COHFACE_s09_session2_natural,2,201,26.7,1.2755132913589478,0.31603106899389855
COHFACE_s09_session2_natural,2,202,26.733333333333334,1.36605703830719,0.2798521963287004
COHFACE_s09_session2_natural,2,203,26.766666666666666,1.2510532140731812,0.22632288774301265
COHFACE_s09_session2_natural,2,204,26.8,1.0772202014923096,0.16268163284315643
COHFACE_s09_session2_natural,2,205,26.833333333333332,0.846684455871582,0.09552096462395798
COHFACE_s09_session2_natural,2,206,26.866666666666667,0.5726209282875061,0.030806194703208598
COHFACE_s09_session2_natural,2,207,26.9,0.33699852228164673,-0.026075522018177574
COHFACE_s09_session2_natural,2,208,26.933333333333334,0.23674020171165466,-0.07049736179233171
COHFACE_s09_session2_natural,2,209,26.966666666666665,0.22275906801223755,-0.09904659560302057
COHFACE_s09_session2_natural,2,210,27.0,0.15909349918365479,-0.11034986017491095
COHFACE_s09_session2_natural,2,211,27.033333333333335,0.007760951761156321,-0.10637616334123948
COHFACE_s09_session2_natural,2,212,27.066666666666666,-0.19471529126167297,-0.09327883297224307
COHFACE_s09_session2_natural,2,213,27.1,-0.41839951276779175,-0.08003520497173316
COHFACE_s09_session2_natural,2,214,27.133333333333333,-0.637108325958252,-0.07493487123263703
COHFACE_s09_session2_natural,2,215,27.166666666666668,-0.827924370765686,-0.08180969228347192
COHFACE_s09_session2_natural,2,216,27.2,-0.9975185394287109,-0.09771662594238101
COHFACE_s09_session2_natural,2,217,27.233333333333334,-1.1290607452392578,-0.11322862459525963
COHFACE_s09_session2_natural,2,218,27.266666666666666,-1.2215640544891357,-0.11529563609642988
COHFACE_s09_session2_natural,2,219,27.3,-1.2824918031692505,-0.09144634045469892
COHFACE_s09_session2_natural,2,220,27.333333333333332,-1.3285906314849854,-0.0340538895262444
COHFACE_s09_session2_natural,2,221,27.366666666666667,-1.3662396669387817,0.05644742743934627
COHFACE_s09_session2_natural,2,222,27.4,-1.4258748292922974,0.17060412458893934
COHFACE_s09_session2_natural,2,223,27.433333333333334,-1.5164464712142944,0.29231336736555713
COHFACE_s09_session2_natural,2,224,27.466666666666665,-1.554915428161621,0.4034903488900934
COHFACE_s09_session2_natural,2,225,27.5,-1.1748815774917603,0.4881284012243499
COHFACE_s09_session2_natural,2,226,27.533333333333335,-0.10597819834947586,0.5345656179164732
COHFACE_s09_session2_natural,2,227,27.566666666666666,0.9100164771080017,0.536685491923602
COHFACE_s09_session2_natural,2,228,27.6,1.2397822141647339,0.4944164214613674
COHFACE_s09_session2_natural,2,229,27.633333333333333,1.1705992221832275,0.4133590102784779
COHFACE_s09_session2_natural,2,230,27.666666666666668,1.0273550748825073,0.30329423688358936
COHFACE_s09_session2_natural,2,231,27.7,0.8460729718208313,0.17535587498546187
COHFACE_s09_session2_natural,2,232,27.733333333333334,0.6005553603172302,0.03876485420689334
COHFACE_s09_session2_natural,2,233,27.766666666666666,0.3721042275428772,-0.10101648706372095
COHFACE_s09_session2_natural,2,234,27.8,0.2523195743560791,-0.24208144012519198
COHFACE_s09_session2_natural,2,235,27.833333333333332,0.2285822331905365,-0.3845455693089378
COHFACE_s09_session2_natural,2,236,27.866666666666667,0.21140460669994354,-0.5283718615661523
COHFACE_s09_session2_natural,2,237,27.9,0.13099226355552673,-0.6710694221941201
COHFACE_s09_session2_natural,2,238,27.933333333333334,-0.017810899764299393,-0.8057983115563536
COHFACE_s09_session2_natural,2,239,27.966666666666665,-0.20360985398292542,-0.9203808392375676
COHFACE_s09_session2_natural,2,240,28.0,-0.39459267258644104,-0.997898745798786
COHFACE_s09_session2_natural,2,241,28.033333333333335,-0.5743322372436523,-1.0195720122267304
COHFACE_s09_session2_natural,2,242,28.066666666666666,-0.7342813611030579,-0.9693415172369101
COHFACE_s09_session2_natural,2,243,28.1,-0.8683946132659912,-0.8383611392782631
COHFACE_s09_session2_natural,2,244,28.133333333333333,-0.9716826677322388,-0.6284464665116931
COHFACE_s09_session2_natural,2,245,28.166666666666668,-1.0377107858657837,-0.3544590490250177
COHFACE_s09_session2_natural,2,246,28.2,-1.076151967048645,-0.04403525691923592
COHFACE_s09_session2_natural,2,247,28.233333333333334,-1.1084086894989014,0.2681014407730894
COHFACE_s09_session2_natural,2,248,28.266666666666666,-1.1630823612213135,0.5494659133264705
COHFACE_s09_session2_natural,2,249,28.3,-1.2421327829360962,0.7767691291680164
COHFACE_s09_session2_natural,2,250,28.333333333333332,-1.2761961221694946,0.9378841794850331
COHFACE_s09_session2_natural,2,251,28.366666666666667,-0.92191481590271,1.0301115364153328
COHFACE_s09_session2_natural,2,252,28.4,0.0652003362774849,1.0567399429170665
COHFACE_s09_session2_natural,2,253,28.433333333333334,1.0084959268569946,1.0240474218403748
COHFACE_s09_session2_natural,2,254,28.466666666666665,1.31752610206604,0.9397682864343803
COHFACE_s09_session2_natural,2,255,28.5,1.2178932428359985,0.8127526713549799
COHFACE_s09_session2_natural,2,256,28.533333333333335,1.0330671072006226,0.6533178292652009
COHFACE_s09_session2_natural,2,257,28.566666666666666,0.8192781209945679,0.4737376050895372
COHFACE_s09_session2_natural,2,258,28.6,0.5642683506011963,0.288070355805054
COHFACE_s09_session2_natural,2,259,28.633333333333333,0.3631540834903717,0.11050435332821433
COHFACE_s09_session2_natural,2,260,28.666666666666668,0.28535452485084534,-0.04731638519706505
COHFACE_s09_session2_natural,2,261,28.7,0.2914695143699646,-0.17832058910455673
COHFACE_s09_session2_natural,2,262,28.733333333333334,0.2876337468624115,-0.28056651669007976
COHFACE_s09_session2_natural,2,263,28.766666666666666,0.1993274688720703,-0.3565173910897061
COHFACE_s09_session2_natural,2,264,28.8,0.045396044850349426,-0.41130608348065456
COHFACE_s09_session2_natural,2,265,28.833333333333332,-0.12282226234674454,-0.45028958392757695
COHFACE_s09_session2_natural,2,266,28.866666666666667,-0.3028675615787506,-0.47662564614702646
COHFACE_s09_session2_natural,2,267,28.9,-0.48515036702156067,-0.4899182474898886
COHFACE_s09_session2_natural,2,268,28.933333333333334,-0.6341342329978943,-0.4864536675611296
COHFACE_s09_session2_natural,2,269,28.966666666666665,-0.7541690468788147,-0.460919024540991
COHFACE_s09_session2_natural,2,270,29.0,-0.8528013229370117,-0.4089757468618384
COHFACE_s09_session2_natural,2,271,29.033333333333335,-0.9124921560287476,-0.32965918209804357
COHFACE_s09_session2_natural,2,272,29.066666666666666,-0.9591608047485352,-0.22665838889291032
COHFACE_s09_session2_natural,2,273,29.1,-1.0284548997879028,-0.10780170423780328
COHFACE_s09_session2_natural,2,274,29.133333333333333,-1.0925374031066895,0.016856446270851
COHFACE_s09_session2_natural,2,275,29.166666666666668,-1.0985829830169678,0.1369902849484073
COHFACE_s09_session2_natural,2,276,29.2,-0.7134625315666199,0.243351176181636
COHFACE_s09_session2_natural,2,277,29.233333333333334,0.2581566274166107,0.32869173298753185
COHFACE_s09_session2_natural,2,278,29.266666666666666,1.1096714735031128,0.3883429761204853
COHFACE_s09_session2_natural,2,279,29.3,1.3395540714263916,0.4203513048297557
COHFACE_s09_session2_natural,2,280,29.333333333333332,1.2083733081817627,0.42526459456569327
COHFACE_s09_session2_natural,2,281,29.366666666666667,0.9978363513946533,0.40580733423816817
COHFACE_s09_session2_natural,2,282,29.4,0.757641613483429,0.3663697210278747
COHFACE_s09_session2_natural,2,283,29.433333333333334,0.49255600571632385,0.3119628142881035
COHFACE_s09_session2_natural,2,284,29.466666666666665,0.2909553050994873,0.24670736519247816
COHFACE_s09_session2_natural,2,285,29.5,0.22455188632011414,0.17236995128338656
COHFACE_s09_session2_natural,2,286,29.533333333333335,0.2489563226699829,0.08763365458363481
COHFACE_s09_session2_natural,2,287,29.566666666666666,0.24897022545337677,-0.01118844887529432
COHFACE_s09_session2_natural,2,288,29.6,0.1511300951242447,-0.12804944887923125
COHFACE_s09_session2_natural,2,289,29.633333333333333,-0.01728278584778309,-0.26450600087948656
COHFACE_s09_session2_natural,2,290,29.666666666666668,-0.18960092961788177,-0.41726528744257035
COHFACE_s09_session2_natural,2,291,29.7,-0.36486539244651794,-0.5765313681752517
COHFACE_s09_session2_natural,2,292,29.733333333333334,-0.5504280924797058,-0.7257578520100012
COHFACE_s09_session2_natural,2,293,29.766666666666666,-0.7064858675003052,-0.8433247747689966
COHFACE_s09_session2_natural,2,294,29.8,-0.8069387674331665,-0.9062430662420048
COHFACE_s09_session2_natural,2,295,29.833333333333332,-0.8947030305862427,-0.8954700534061275
COHFACE_s09_session2_natural,2,296,29.866666666666667,-0.966623842716217,-0.8015583055880979
COHFACE_s09_session2_natural,2,297,29.9,-0.9995198249816895,-0.6286614192086648
COHFACE_s09_session2_natural,2,298,29.933333333333334,-1.055625081062317,-0.39509572289603495
COHFACE_s09_session2_natural,2,299,29.966666666666665,-1.1438617706298828,-0.1292260894129624
COHFACE_s09_session2_natural,3,0,30.0,-1.0981659889221191,-0.08774442938228454
COHFACE_s09_session2_natural,3,1,30.033333333333335,-0.4805085361003876,0.2596850877527439
COHFACE_s09_session2_natural,3,2,30.066666666666666,0.6401222348213196,0.5658479953438368
COHFACE_s09_session2_natural,3,3,30.1,1.3991754055023193,0.7962038316324326
COHFACE_s09_session2_natural,3,4,30.133333333333333,1.5350397825241089,0.9320758304972543
COHFACE_s09_session2_natural,3,5,30.166666666666668,1.4187850952148438,0.9725386146928784
COHFACE_s09_session2_natural,3,6,30.2,1.2641726732254028,0.9294588293316943
COHFACE_s09_session2_natural,3,7,30.233333333333334,1.0835853815078735,0.8219986079399654
COHFACE_s09_session2_natural,3,8,30.266666666666666,0.8402358889579773,0.6731105484347564
COHFACE_s09_session2_natural,3,9,30.3,0.6323117017745972,0.5062130639692846
COHFACE_s09_session2_natural,3,10,30.333333333333332,0.5505929589271545,0.34155747558270366
COHFACE_s09_session2_natural,3,11,30.366666666666667,0.5380710959434509,0.19343856272490445
COHFACE_s09_session2_natural,3,12,30.4,0.4991435408592224,0.06905013999407066
COHFACE_s09_session2_natural,3,13,30.433333333333334,0.3808737099170685,-0.03070620117524023
COHFACE_s09_session2_natural,3,14,30.466666666666665,0.1923230141401291,-0.10891699111340197
COHFACE_s09_session2_natural,3,15,30.5,-0.017894286662340164,-0.16998339442908833
COHFACE_s09_session2_natural,3,16,30.533333333333335,-0.2240256369113922,-0.21743947996187313
COHFACE_s09_session2_natural,3,17,30.566666666666666,-0.41891372203826904,-0.2527143837900681
COHFACE_s09_session2_natural,3,18,30.6,-0.5736234188079834,-0.2750072836082032
COHFACE_s09_session2_natural,3,19,30.633333333333333,-0.6927827000617981,-0.28216670782711545
COHFACE_s09_session2_natural,3,20,30.666666666666668,-0.7974883317947388,-0.27198562162807544
COHFACE_s09_session2_natural,3,21,30.7,-0.8629744648933411,-0.24299107381860124
COHFACE_s09_session2_natural,3,22,30.733333333333334,-0.8993726968765259,-0.19473581208654214
COHFACE_s09_session2_natural,3,23,30.766666666666666,-0.9549497365951538,-0.12848283564847315
COHFACE_s09_session2_natural,3,24,30.8,-1.0528037548065186,-0.04823602934441692
COHFACE_s09_session2_natural,3,25,30.833333333333332,-1.093927264213562,0.038890444679946505
COHFACE_s09_session2_natural,3,26,30.866666666666667,-0.6751047372817993,0.1233605091454134
COHFACE_s09_session2_natural,3,27,30.9,0.4108372628688812,0.1946413887264149
COHFACE_s09_session2_natural,3,28,30.933333333333334,1.4055545330047607,0.24307604061536217
COHFACE_s09_session2_natural,3,29,30.966666666666665,1.7644915580749512,0.2619750037086837
COHFACE_s09_session2_natural,3,30,31.0,1.7626153230667114,0.249150134752451
COHFACE_s09_session2_natural,3,31,31.033333333333335,1.6793817281723022,0.20672035553423754
COHFACE_s09_session2_natural,3,32,31.066666666666666,1.5671435594558716,0.13932493741865468
COHFACE_s09_session2_natural,3,33,31.1,1.366654634475708,0.05215490043800469
COHFACE_s09_session2_natural,3,34,31.133333333333333,1.116703748703003,-0.050402318867941956
COHFACE_s09_session2_natural,3,35,31.166666666666668,0.9554343223571777,-0.1654859794974118
COHFACE_s09_session2_natural,3,36,31.2,0.904610276222229,-0.29155444226069055
COHFACE_s09_session2_natural,3,37,31.233333333333334,0.8814705014228821,-0.42673279758537547
COHFACE_s09_session2_natural,3,38,31.266666666666666,0.7873966693878174,-0.5662312313767315
COHFACE_s09_session2_natural,3,39,31.3,0.6056697368621826,-0.7003010845271312
COHFACE_s09_session2_natural,3,40,31.333333333333332,0.375967800617218,-0.8136880028307715
COHFACE_s09_session2_natural,3,41,31.366666666666667,0.1475861668586731,-0.8868349565600154
COHFACE_s09_session2_natural,3,42,31.4,-0.0683847963809967,-0.8989632266721579
COHFACE_s09_session2_natural,3,43,31.433333333333334,-0.2676645517349243,-0.8329475214252213
COHFACE_s09_session2_natural,3,44,31.466666666666665,-0.42636290192604065,-0.6807840418053785
COHFACE_s09_session2_natural,3,45,31.5,-0.5517761707305908,-0.4474928302053466
COHFACE_s09_session2_natural,3,46,31.533333333333335,-0.6557313203811646,-0.15213926673589495
COHFACE_s09_session2_natural,3,47,31.566666666666666,-0.7262762784957886,0.17426251861467276
COHFACE_s09_session2_natural,3,48,31.6,-0.7827566862106323,0.4939258430140458
COHFACE_s09_session2_natural,3,49,31.633333333333333,-0.8547887206077576,0.7701529650099329
COHFACE_s09_session2_natural,3,50,31.666666666666668,-0.9536294937133789,0.975453961930778
COHFACE_s09_session2_natural,3,51,31.7,-1.0619345903396606,1.0958858622027587
COHFACE_s09_session2_natural,3,52,31.733333333333334,-0.9994086623191833,1.1305118151113183
COHFACE_s09_session2_natural,3,53,31.766666666666666,-0.2718755900859833,1.087980274978536
COHFACE_s09_session2_natural,3,54,31.8,0.9559763073921204,0.982482787487966
COHFACE_s09_session2_natural,3,55,31.833333333333332,1.7420467138290405,0.8310417523838963
COHFACE_s09_session2_natural,3,56,31.866666666666667,1.9233983755111694,0.6520981499156016
COHFACE_s09_session2_natural,3,57,31.9,1.8768131732940674,0.4635301045413195
COHFACE_s09_session2_natural,3,58,31.933333333333334,1.7762351036071777,0.2799797450893176
COHFACE_s09_session2_natural,3,59,31.966666666666665,1.6170086860656738,0.11123791609847188
COHFACE_s09_session2_natural,3,60,32.0,1.3538131713867188,-0.03755725880423387
COHFACE_s09_session2_natural,3,61,32.03333333333333,1.1137990951538086,-0.16432984739067102
COHFACE_s09_session2_natural,3,62,32.06666666666667,0.9976973533630371,-0.26809541856189
COHFACE_s09_session2_natural,3,63,32.1,0.9546838402748108,-0.3479671952884018
COHFACE_s09_session2_natural,3,64,32.13333333333333,0.8945760726928711,-0.40335172561653526
COHFACE_s09_session2_natural,3,65,32.166666666666664,0.7623251080513,-0.4343859266365877
COHFACE_s09_session2_natural,3,66,32.2,0.5499258637428284,-0.44198968917264186
COHFACE_s09_session2_natural,3,67,32.233333333333334,0.3155404329299927,-0.42741451981823253
COHFACE_s09_session2_natural,3,68,32.266666666666666,0.07957059890031815,-0.3916955990676153
COHFACE_s09_session2_natural,3,69,32.3,-0.14643453061580658,-0.33582669509037466
COHFACE_s09_session2_natural,3,70,32.333333333333336,-0.32739707827568054,-0.26176286065231125
COHFACE_s09_session2_natural,3,71,32.36666666666667,-0.47109976410865784,-0.17359360217945247
COHFACE_s09_session2_natural,3,72,32.4,-0.5927188992500305,-0.07857278982849364
COHFACE_s09_session2_natural,3,73,32.43333333333333,-0.6839715242385864,0.011930245315535173
COHFACE_s09_session2_natural,3,74,32.46666666666667,-0.7446073889732361,0.0825201258572976
COHFACE_s09_session2_natural,3,75,32.5,-0.796098530292511,0.11663579178390651
COHFACE_s09_session2_natural,3,76,32.53333333333333,-0.8653231859207153,0.10160245052567764
COHFACE_s09_session2_natural,3,77,32.56666666666667,-0.9630938172340393,0.033042176893154765
COHFACE_s09_session2_natural,3,78,32.6,-1.0621848106384277,-0.08308767508164235
COHFACE_s09_session2_natural,3,79,32.63333333333333,-1.0341252088546753,-0.23110599915939786
COHFACE_s09_session2_natural,3,80,32.666666666666664,-0.4277387857437134,-0.3884545338332917
COHFACE_s09_session2_natural,3,81,32.7,0.7238283753395081,-0.5297865671950265
COHFACE_s09_session2_natural,3,82,32.733333333333334,1.5639193058013916,-0.631240606739186
COHFACE_s09_session2_natural,3,83,32.766666666666666,1.7994165420532227,-0.6739361711695417
COHFACE_s09_session2_natural,3,84,32.8,1.7490233182907104,-0.6463348048653242
COHFACE_s09_session2_natural,3,85,32.833333333333336,1.6125892400741577,-0.5456747980493032
COHFACE_s09_session2_natural,3,86,32.86666666666667,1.4073889255523682,-0.3786093011656193
COHFACE_s09_session2_natural,3,87,32.9,1.1486824750900269,-0.16099297167652143
COHFACE_s09_session2_natural,3,88,32.93333333333333,0.9300570487976074,0.08393311542269272
COHFACE_s09_session2_natural,3,89,32.96666666666667,0.8345795273780823,0.3301468220950694
COHFACE_s09_session2_natural,3,90,33.0,0.8095079660415649,0.5540134461044602
COHFACE_s09_session2_natural,3,91,33.03333333333333,0.7545424103736877,0.7348976866533552
COHFACE_s09_session2_natural,3,92,33.06666666666667,0.6232225894927979,0.8528640653716808
COHFACE_s09_session2_natural,3,93,33.1,0.42134395241737366,0.8913222305197395
COHFACE_s09_session2_natural,3,94,33.13333333333333,0.19089153409004211,0.8443452980168572
COHFACE_s09_session2_natural,3,95,33.166666666666664,-0.027970151975750923,0.7202318120975795
COHFACE_s09_session2_natural,3,96,33.2,-0.21501991152763367,0.5387826695957546
COHFACE_s09_session2_natural,3,97,33.233333333333334,-0.3933279812335968,0.3263222545491073
COHFACE_s09_session2_natural,3,98,33.266666666666666,-0.5322915315628052,0.11102171324375472
COHFACE_s09_session2_natural,3,99,33.3,-0.6287001967430115,-0.08099869387518667
COHFACE_s09_session2_natural,3,100,33.333333333333336,-0.7142407894134521,-0.22872985502080806
COHFACE_s09_session2_natural,3,101,33.36666666666667,-0.7908729910850525,-0.31869746269912524
COHFACE_s09_session2_natural,3,102,33.4,-0.8531765937805176,-0.3463737045445817
COHFACE_s09_session2_natural,3,103,33.43333333333333,-0.9366464018821716,-0.31564648438776977
COHFACE_s09_session2_natural,3,104,33.46666666666667,-1.0554583072662354,-0.2368545689727453
COHFACE_s09_session2_natural,3,105,33.5,-1.1438201665878296,-0.12520109654067452
COHFACE_s09_session2_natural,3,106,33.53333333333333,-0.9060435891151428,0.0004195884793818695
COHFACE_s09_session2_natural,3,107,33.56666666666667,0.0015486597549170256,0.11986320829371908
COHFACE_s09_session2_natural,3,108,33.6,1.064503788948059,0.21559427330928527
COHFACE_s09_session2_natural,3,109,33.63333333333333,1.5523980855941772,0.27642028748030073
COHFACE_s09_session2_natural,3,110,33.666666666666664,1.5467833280563354,0.29954381664423585
COHFACE_s09_session2_natural,3,111,33.7,1.3699901103973389,0.28969872549540016
COHFACE_s09_session2_natural,3,112,33.733333333333334,1.1406912803649902,0.2559304962720748
COHFACE_s09_session2_natural,3,113,33.766666666666666,0.8568853735923767,0.2082391565848139
COHFACE_s09_session2_natural,3,114,33.8,0.6027511954307556,0.15530428672802235
COHFACE_s09_session2_natural,3,115,33.833333333333336,0.49006831645965576,0.10327922159291657
COHFACE_s09_session2_natural,3,116,33.86666666666667,0.4869968891143799,0.05522850310796671
COHFACE_s09_session2_natural,3,117,33.9,0.4775047302246094,0.010568900869541197
COHFACE_s09_session2_natural,3,118,33.93333333333333,0.3729103207588196,-0.03525466248054968
COHFACE_s09_session2_natural,3,119,33.96666666666667,0.18531854450702667,-0.08980554017172256
COHFACE_s09_session2_natural,3,120,34.0,-0.01664348877966404,-0.16137354654796662
COHFACE_s09_session2_natural,3,121,34.03333333333333,-0.22374768555164337,-0.2564220723169767
COHFACE_s09_session2_natural,3,122,34.06666666666667,-0.43599405884742737,-0.3775337645758771
COHFACE_s09_session2_natural,3,123,34.1,-0.6165674328804016,-0.5222169312757533
COHFACE_s09_session2_natural,3,124,34.13333333333333,-0.7599087953567505,-0.6825491817958745
COHFACE_s09_session2_natural,3,125,34.166666666666664,-0.8880321383476257,-0.8453182263411639
COHFACE_s09_session2_natural,3,126,34.2,-0.9613705277442932,-0.9925049269078632
COHFACE_s09_session2_natural,3,127,34.233333333333334,-0.998338520526886,-1.1021941510447277
COHFACE_s09_session2_natural,3,128,34.266666666666666,-1.0506079196929932,-1.1503161755853306
COHFACE_s09_session2_natural,3,129,34.3,-1.1303114891052246,-1.1137804453166982
COHFACE_s09_session2_natural,3,130,34.333333333333336,-1.2425636053085327,-0.9749037730596058
COHFACE_s09_session2_natural,3,131,34.36666666666667,-1.2584069967269897,-0.7262704419557965
COHFACE_s09_session2_natural,3,132,34.4,-0.7321411371231079,-0.37539578330528284
COHFACE_s09_session2_natural,3,133,34.43333333333333,0.4332682192325592,0.051236634425141446
COHFACE_s09_session2_natural,3,134,34.46666666666667,1.4184237718582153,0.507893178631693
COHFACE_s09_session2_natural,3,135,34.5,1.7517751455307007,0.9380761526665394
COHFACE_s09_session2_natural,3,136,34.53333333333333,1.732888102531433,1.2892559247593631
COHFACE_s09_session2_natural,3,137,34.56666666666667,1.6163833141326904,1.524225469506177
COHFACE_s09_session2_natural,3,138,34.6,1.438158631324768,1.625092002845383
COHFACE_s09_session2_natural,3,139,34.63333333333333,1.1773812770843506,1.5923315345733133
COHFACE_s09_session2_natural,3,140,34.666666666666664,0.9172849655151367,1.441345736690704
COHFACE_s09_session2_natural,3,141,34.7,0.764604389667511,1.1982318411881279
COHFACE_s09_session2_natural,3,142,34.733333333333334,0.72214674949646,0.8954719912430944
COHFACE_s09_session2_natural,3,143,34.766666666666666,0.6815097332000732,0.5672239684073364
COHFACE_s09_session2_natural,3,144,34.8,0.5575140714645386,0.24477902175263655
COHFACE_s09_session2_natural,3,145,34.833333333333336,0.34977057576179504,-0.046336173282265386
COHFACE_s09_session2_natural,3,146,34.86666666666667,0.11078494042158127,-0.2875805562853998
COHFACE_s09_session2_natural,3,147,34.9,-0.13655322790145874,-0.4682472073513036
COHFACE_s09_session2_natural,3,148,34.93333333333333,-0.36975741386413574,-0.585960145122162
COHFACE_s09_session2_natural,3,149,34.96666666666667,-0.5637004375457764,-0.645526949194173
COHFACE_s09_session2_natural,3,150,35.0,-0.721884548664093,-0.6559655594478186
COHFACE_s09_session2_natural,3,151,35.03333333333333,-0.8440318703651428,-0.6267615807746354
COHFACE_s09_session2_natural,3,152,35.06666666666667,-0.9247777462005615,-0.564915980898537
COHFACE_s09_session2_natural,3,153,35.1,-0.9806327819824219,-0.47451764152028697
COHFACE_s09_session2_natural,3,154,35.13333333333333,-1.0431725978851318,-0.35910641704348517
COHFACE_s09_session2_natural,3,155,35.166666666666664,-1.1224870681762695,-0.2255444967961086
COHFACE_s09_session2_natural,3,156,35.2,-1.2395477294921875,-0.0867605184390595
COHFACE_s09_session2_natural,3,157,35.233333333333334,-1.2567254304885864,0.03996285464219562
COHFACE_s09_session2_natural,3,158,35.266666666666666,-0.6692538261413574,0.1385461675855035
COHFACE_s09_session2_natural,3,159,35.3,0.5769430994987488,0.1990907329385437
COHFACE_s09_session2_natural,3,160,35.333333333333336,1.5720077753067017,0.21979597227298614
COHFACE_s09_session2_natural,3,161,35.36666666666667,1.9116547107696533,0.20585492353882295
COHFACE_s09_session2_natural,3,162,35.4,1.910751461982727,0.1663082652836848
COHFACE_s09_session2_natural,3,163,35.43333333333333,1.829241156578064,0.11051360639029839
COHFACE_s09_session2_natural,3,164,35.46666666666667,1.6840931177139282,0.045611045444005405
COHFACE_s09_session2_natural,3,165,35.5,1.4201054573059082,-0.024187299089609454
COHFACE_s09_session2_natural,3,166,35.53333333333333,1.1216930150985718,-0.096757577842519
COHFACE_s09_session2_natural,3,167,35.56666666666667,0.9221214056015015,-0.17092768617432588
COHFACE_s09_session2_natural,3,168,35.6,0.8339819312095642,-0.245932001922852
COHFACE_s09_session2_natural,3,169,35.63333333333333,0.7786549925804138,-0.3217481355869708
COHFACE_s09_session2_natural,3,170,35.666666666666664,0.6505177617073059,-0.3993973406517493
COHFACE_s09_session2_natural,3,171,35.7,0.42609697580337524,-0.4793710427073727
COHFACE_s09_session2_natural,3,172,35.733333333333334,0.17375561594963074,-0.5586143299690259
COHFACE_s09_session2_natural,3,173,35.766666666666666,-0.07529197633266449,-0.6287075658549002
COHFACE_s09_session2_natural,3,174,35.8,-0.32096242904663086,-0.6762507084101607
COHFACE_s09_session2_natural,3,175,35.833333333333336,-0.5428816080093384,-0.6845891286760586
COHFACE_s09_session2_natural,3,176,35.86666666666667,-0.7071807384490967,-0.6365847627457895
COHFACE_s09_session2_natural,3,177,35.9,-0.8339142799377441,-0.5187258116980769
COHFACE_s09_session2_natural,3,178,35.93333333333333,-0.9400513768196106,-0.32617913478671423
COHFACE_s09_session2_natural,3,179,35.96666666666667,-1.0083448886871338,-0.06762743405316363
COHFACE_s09_session2_natural,3,180,36.0,-1.0502188205718994,0.23233695187522552
COHFACE_s09_session2_natural,3,181,36.03333333333333,-1.131645679473877,0.5360763643178114
COHFACE_s09_session2_natural,3,182,36.06666666666667,-1.2628265619277954,0.8014107533913176
COHFACE_s09_session2_natural,3,183,36.1,-1.355038046836853,0.9934485370899638
COHFACE_s09_session2_natural,3,184,36.13333333333333,-1.1005980968475342,1.0946260026736025
COHFACE_s09_session2_natural,3,185,36.166666666666664,-0.08960665017366409,1.1061390037012269
COHFACE_s09_session2_natural,3,186,36.2,1.1147441864013672,1.0413865951173369
COHFACE_s09_session2_natural,3,187,36.233333333333334,1.6925429105758667,0.9192168576070163
COHFACE_s09_session2_natural,3,188,36.266666666666666,1.7475918531417847,0.760212891758838
COHFACE_s09_session2_natural,3,189,36.3,1.6450821161270142,0.5839783465033029
COHFACE_s09_session2_natural,3,190,36.333333333333336,1.4765303134918213,0.40653127290237706
COHFACE_s09_session2_natural,3,191,36.36666666666667,1.2303178310394287,0.23848859433975345
COHFACE_s09_session2_natural,3,192,36.4,0.9283336997032166,0.08487804662015817
COHFACE_s09_session2_natural,3,193,36.43333333333333,0.7176855802536011,-0.052634484151265995
COHFACE_s09_session2_natural,3,194,36.46666666666667,0.6294904947280884,-0.17232990172756182
COHFACE_s09_session2_natural,3,195,36.5,0.5818629264831543,-0.2707962295788786
COHFACE_s09_session2_natural,3,196,36.53333333333333,0.49170824885368347,-0.3438556540624171
COHFACE_s09_session2_natural,3,197,36.56666666666667,0.3113710880279541,-0.3885046327445714
COHFACE_s09_session2_natural,3,198,36.6,0.0692862719297409,-0.4045109333309832
COHFACE_s09_session2_natural,3,199,36.63333333333333,-0.16824010014533997,-0.3948582600143926
COHFACE_s09_session2_natural,3,200,36.666666666666664,-0.3977891504764557,-0.36500683530246886
COHFACE_s09_session2_natural,3,201,36.7,-0.6080620288848877,-0.32169863227702394
COHFACE_s09_session2_natural,3,202,36.733333333333334,-0.772361159324646,-0.2719222635015092
COHFACE_s09_session2_natural,3,203,36.766666666666666,-0.90169358253479,-0.2223896062047886
COHFACE_s09_session2_natural,3,204,36.8,-0.9887212514877319,-0.17946374521075692
COHFACE_s09_session2_natural,3,205,36.833333333333336,-1.0313873291015625,-0.14910337567759682
COHFACE_s09_session2_natural,3,206,36.86666666666667,-1.0629769563674927,-0.13638244941987776
COHFACE_s09_session2_natural,3,207,36.9,-1.1218894720077515,-0.14427856835936131
COHFACE_s09_session2_natural,3,208,36.93333333333333,-1.22528874874115,-0.17230701946002402
COHFACE_s09_session2_natural,3,209,36.96666666666667,-1.31830632686615,-0.2163272761954137
COHFACE_s09_session2_natural,3,210,37.0,-1.234919786453247,-0.2698061076332731
COHFACE_s09_session2_natural,3,211,37.03333333333333,-0.5502335429191589,-0.3256945791882717
COHFACE_s09_session2_natural,3,212,37.06666666666667,0.5950796604156494,-0.3778332969818818
COHFACE_s09_session2_natural,3,213,37.1,1.3549805879592896,-0.4208263778253802
COHFACE_s09_session2_natural,3,214,37.13333333333333,1.4879263639450073,-0.4489461462884365
COHFACE_s09_session2_natural,3,215,37.166666666666664,1.3210840225219727,-0.4560800963329455
COHFACE_s09_session2_natural,3,216,37.2,1.0840996503829956,-0.4368085685696609
COHFACE_s09_session2_natural,3,217,37.233333333333334,0.7994877099990845,-0.3867625509043851
COHFACE_s09_session2_natural,3,218,37.266666666666666,0.49457117915153503,-0.3022370627139814
COHFACE_s09_session2_natural,3,219,37.3,0.30426934361457825,-0.18086046075265888
COHFACE_s09_session2_natural,3,220,37.333333333333336,0.2737498879432678,-0.023843324952157605
COHFACE_s09_session2_natural,3,221,37.36666666666667,0.29733437299728394,0.1611531905874951
COHFACE_s09_session2_natural,3,222,37.4,0.22951337695121765,0.35863779258911604
COHFACE_s09_session2_natural,3,223,37.43333333333333,0.059113118797540665,0.5481074289593884
COHFACE_s09_session2_natural,3,224,37.46666666666667,-0.1492418795824051,0.7095424289840231
COHFACE_s09_session2_natural,3,225,37.5,-0.36811745166778564,0.8262011579400033
COHFACE_s09_session2_natural,3,226,37.53333333333333,-0.598389208316803,0.8845383125195668
COHFACE_s09_session2_natural,3,227,37.56666666666667,-0.7883991599082947,0.8762013436556981
COHFACE_s09_session2_natural,3,228,37.6,-0.9414828419685364,0.8022174446048286
COHFACE_s09_session2_natural,3,229,37.63333333333333,-1.085282802581787,0.6745091087022363
COHFACE_s09_session2_natural,3,230,37.666666666666664,-1.1698088645935059,0.5129869983737939
COHFACE_s09_session2_natural,3,231,37.7,-1.2019405364990234,0.3400816321121252
COHFACE_s09_session2_natural,3,232,37.733333333333334,-1.2465384006500244,0.17521377909000688
COHFACE_s09_session2_natural,3,233,37.766666666666666,-1.3084388971328735,0.03178102765151884
COHFACE_s09_session2_natural,3,234,37.8,-1.392853856086731,-0.08282255647843267
COHFACE_s09_session2_natural,3,235,37.833333333333336,-1.456241488456726,-0.16572843057037182
COHFACE_s09_session2_natural,3,236,37.86666666666667,-1.1419994831085205,-0.21703180929966423
COHFACE_s09_session2_natural,3,237,37.9,-0.05933736264705658,-0.23895219617761257
COHFACE_s09_session2_natural,3,238,37.93333333333333,1.1392875909805298,-0.23576109284763888
COHFACE_s09_session2_natural,3,239,37.96666666666667,1.686844825744629,-0.21379144058058946
COHFACE_s09_session2_natural,3,240,38.0,1.70799720287323,-0.18105379387771575
COHFACE_s09_session2_natural,3,241,38.03333333333333,1.5483120679855347,-0.14634471949497782
COHFACE_s09_session2_natural,3,242,38.06666666666667,1.353771448135376,-0.11787285721705186
COHFACE_s09_session2_natural,3,243,38.1,1.092813491821289,-0.10159564356507488
COHFACE_s09_session2_natural,3,244,38.13333333333333,0.7867295742034912,-0.09993105750394926
COHFACE_s09_session2_natural,3,245,38.166666666666664,0.5874220132827759,-0.11183708391223283
COHFACE_s09_session2_natural,3,246,38.2,0.5314974784851074,-0.13420224020242955
COHFACE_s09_session2_natural,3,247,38.233333333333334,0.5103451013565063,-0.1634509567137742
COHFACE_s09_session2_natural,3,248,38.266666666666666,0.409572571516037,-0.19663074771720093
COHFACE_s09_session2_natural,3,249,38.3,0.21458719670772552,-0.23177064036759193
COHFACE_s09_session2_natural,3,250,38.333333333333336,-0.02352287247776985,-0.26747235253242074
COHFACE_s09_session2_natural,3,251,38.36666666666667,-0.28317445516586304,-0.3018646785957225
COHFACE_s09_session2_natural,3,252,38.4,-0.5238834023475647,-0.33160362201292376
COHFACE_s09_session2_natural,3,253,38.43333333333333,-0.7260261178016663,-0.35198518106127447
COHFACE_s09_session2_natural,3,254,38.46666666666667,-0.905626654624939,-0.35827087981220235
COHFACE_s09_session2_natural,3,255,38.5,-1.0462579727172852,-0.34732453535214225
COHFACE_s09_session2_natural,3,256,38.53333333333333,-1.1411100625991821,-0.31880303008382915
COHFACE_s09_session2_natural,3,257,38.56666666666667,-1.2092646360397339,-0.2754571194320817
COHFACE_s09_session2_natural,3,258,38.6,-1.2519307136535645,-0.22245753784314282
COHFACE_s09_session2_natural,3,259,38.63333333333333,-1.3126637935638428,-0.16603297219531726
COHFACE_s09_session2_natural,3,260,38.666666666666664,-1.4296966791152954,-0.1117138223697269
COHFACE_s09_session2_natural,3,261,38.7,-1.529232382774353,-0.06245499787052331
COHFACE_s09_session2_natural,3,262,38.733333333333334,-1.2746813297271729,-0.017499006125633508
COHFACE_s09_session2_natural,3,263,38.766666666666666,-0.20673684775829315,0.026761442749801106
COHFACE_s09_session2_natural,3,264,38.8,1.1473900079727173,0.07501154552493358
COHFACE_s09_session2_natural,3,265,38.833333333333336,1.8874865770339966,0.13345035266405728
COHFACE_s09_session2_natural,3,266,38.86666666666667,2.0184450149536133,0.2108086021708132
COHFACE_s09_session2_natural,3,267,38.9,1.9402285814285278,0.314092732125167
COHFACE_s09_session2_natural,3,268,38.93333333333333,1.7979295253753662,0.4405858805184908
COHFACE_s09_session2_natural,3,269,38.96666666666667,1.5723413228988647,0.5747354543991541
COHFACE_s09_session2_natural,3,270,39.0,1.255625605583191,0.6925065773408712
COHFACE_s09_session2_natural,3,271,39.03333333333333,0.9696655869483948,0.7690421279223685
COHFACE_s09_session2_natural,3,272,39.06666666666667,0.8205844759941101,0.7859219143383479
COHFACE_s09_session2_natural,3,273,39.1,0.7648962140083313,0.7356141351492698
COHFACE_s09_session2_natural,3,274,39.13333333333333,0.6709474325180054,0.6223070694986582
COHFACE_s09_session2_natural,3,275,39.166666666666664,0.4859684705734253,0.45995134059928194
COHFACE_s09_session2_natural,3,276,39.2,0.23572567105293274,0.2686384003503762
COHFACE_s09_session2_natural,3,277,39.233333333333334,-0.04272955656051636,0.0704639443873676
COHFACE_s09_session2_natural,3,278,39.266666666666666,-0.3179883062839508,-0.11420714215175709
COHFACE_s09_session2_natural,3,279,39.3,-0.5692873001098633,-0.26949150220100887
COHFACE_s09_session2_natural,3,280,39.333333333333336,-0.7728893160820007,-0.38535564976105
COHFACE_s09_session2_natural,3,281,39.36666666666667,-0.9290721416473389,-0.4573960751879419
COHFACE_s09_session2_natural,3,282,39.4,-1.0465080738067627,-0.48572248597949513
COHFACE_s09_session2_natural,3,283,39.43333333333333,-1.1392199993133545,-0.47432660136626387
COHFACE_s09_session2_natural,3,284,39.46666666666667,-1.2083195447921753,-0.43106291322406565
COHFACE_s09_session2_natural,3,285,39.5,-1.259935736656189,-0.3671030252510416
COHFACE_s09_session2_natural,3,286,39.53333333333333,-1.336832046508789,-0.2953021986323411
COHFACE_s09_session2_natural,3,287,39.56666666666667,-1.4527252912521362,-0.22769976780367465
COHFACE_s09_session2_natural,3,288,39.6,-1.5497454404830933,-0.17302615354763315
COHFACE_s09_session2_natural,3,289,39.63333333333333,-1.2463576793670654,-0.1355673748987196
COHFACE_s09_session2_natural,3,290,39.666666666666664,-0.07932232320308685,-0.11550083504809457
COHFACE_s09_session2_natural,3,291,39.7,1.282017469406128,-0.10959173764886379
COHFACE_s09_session2_natural,3,292,39.733333333333334,1.9582955837249756,-0.1119497551204925
COHFACE_s09_session2_natural,3,293,39.766666666666666,2.06394624710083,-0.11541753634841673
COHFACE_s09_session2_natural,3,294,39.8,1.984256625175476,-0.11340501940972927
COHFACE_s09_session2_natural,3,295,39.833333333333336,1.8343276977539062,-0.101219619460172
COHFACE_s09_session2_natural,3,296,39.86666666666667,1.5938133001327515,-0.07663213174772787
COHFACE_s09_session2_natural,3,297,39.9,1.2646729946136475,-0.040131474802379684
COHFACE_s09_session2_natural,3,298,39.93333333333333,0.9879828095436096,0.005076925787817425
COHFACE_s09_session2_natural,3,299,39.96666666666667,0.8466149568557739,0.0537008752432399
COHFACE_s09_session2_natural,4,0,40.0,0.795123815536499,0.0578450297923003
COHFACE_s09_session2_natural,4,1,40.03333333333333,0.7022868990898132,0.0815250520848633
COHFACE_s09_session2_natural,4,2,40.06666666666667,0.4948074221611023,0.0842277296300183
COHFACE_s09_session2_natural,4,3,40.1,0.2211330384016037,0.05164379481735278
COHFACE_s09_session2_natural,4,4,40.13333333333333,-0.0576140433549881,-0.02252356207289673
COHFACE_s09_session2_natural,4,5,40.166666666666664,-0.328300416469574,-0.1355736965869465
COHFACE_s09_session2_natural,4,6,40.2,-0.5808780193328857,-0.2779248614874419
COHFACE_s09_session2_natural,4,7,40.233333333333334,-0.7799215316772461,-0.4355299388541652
COHFACE_s09_session2_natural,4,8,40.266666666666666,-0.9257506132125854,-0.5912912366874474
COHFACE_s09_session2_natural,4,9,40.3,-1.0392534732818604,-0.7259890854575424
COHFACE_s09_session2_natural,4,10,40.333333333333336,-1.1261005401611328,-0.8197413951294436
COHFACE_s09_session2_natural,4,11,40.36666666666667,-1.1858747005462646,-0.8551441437673298
COHFACE_s09_session2_natural,4,12,40.4,-1.2454265356063843,-0.821523492889976
COHFACE_s09_session2_natural,4,13,40.43333333333333,-1.3184869289398193,-0.7180550716242419
COHFACE_s09_session2_natural,4,14,40.46666666666667,-1.41782808303833,-0.5541486881103455
COHFACE_s09_session2_natural,4,15,40.5,-1.5282317399978638,-0.34651920245108664
COHFACE_s09_session2_natural,4,16,40.53333333333333,-1.444039225578308,-0.11457586043082205
COHFACE_s09_session2_natural,4,17,40.56666666666667,-0.6095073819160461,0.12242153051020392
COHFACE_s09_session2_natural,4,18,40.6,0.8079653382301331,0.34601612570443213
COHFACE_s09_session2_natural,4,19,40.63333333333333,1.789854884147644,0.5396266150959949
COHFACE_s09_session2_natural,4,20,40.666666666666664,2.049186944961548,0.6906745351703493
COHFACE_s09_session2_natural,4,21,40.7,1.9757511615753174,0.7921790102936905
COHFACE_s09_session2_natural,4,22,40.733333333333334,1.816774845123291,0.8429857714219828
COHFACE_s09_session2_natural,4,23,40.766666666666666,1.5717437267303467,0.8467583279585267
COHFACE_s09_session2_natural,4,24,40.8,1.2440348863601685,0.8101503078204602
COHFACE_s09_session2_natural,4,25,40.833333333333336,0.9546699523925781,0.7407850340646068
COHFACE_s09_session2_natural,4,26,40.86666666666667,0.7974030375480652,0.6458116445661557
COHFACE_s09_session2_natural,4,27,40.9,0.7526383996009827,0.5317947046169069
COHFACE_s09_session2_natural,4,28,40.93333333333333,0.6892368793487549,0.4054971270789851
COHFACE_s09_session2_natural,4,29,40.96666666666667,0.5192396640777588,0.2740622336752987
COHFACE_s09_session2_natural,4,30,41.0,0.27833616733551025,0.1443002453457497
COHFACE_s09_session2_natural,4,31,41.03333333333333,0.021950550377368927,0.022063184523787843
COHFACE_s09_session2_natural,4,32,41.06666666666667,-0.24131444096565247,-0.08791516581119327
COHFACE_s09_session2_natural,4,33,41.1,-0.49082064628601074,-0.1820446750515298
COHFACE_s09_session2_natural,4,34,41.13333333333333,-0.7048737406730652,-0.25787990227841945
COHFACE_s09_session2_natural,4,35,41.166666666666664,-0.8686447739601135,-0.31395286327346
COHFACE_s09_session2_natural,4,36,41.2,-0.9719188809394836,-0.349501917974395
COHFACE_s09_session2_natural,4,37,41.233333333333334,-1.0485650300979614,-0.36435871773801076
COHFACE_s09_session2_natural,4,38,41.266666666666666,-1.1161080598831177,-0.35914817801994
COHFACE_s09_session2_natural,4,39,41.3,-1.1728802919387817,-0.3358027232932597
COHFACE_s09_session2_natural,4,40,41.333333333333336,-1.2445787191390991,-0.2979757791847812
COHFACE_s09_session2_natural,4,41,41.36666666666667,-1.3469078540802002,-0.25063127990448647
COHFACE_s09_session2_natural,4,42,41.4,-1.4460127353668213,-0.19892576637331905
COHFACE_s09_session2_natural,4,43,41.43333333333333,-1.2796428203582764,-0.147317268944781
COHFACE_s09_session2_natural,4,44,41.46666666666667,-0.40076327323913574,-0.09935674861902145
COHFACE_s09_session2_natural,4,45,41.5,0.8291038274765015,-0.05802856152260605
COHFACE_s09_session2_natural,4,46,41.53333333333333,1.5466305017471313,-0.026249647076494624
COHFACE_s09_session2_natural,4,47,41.56666666666667,1.6136871576309204,-0.006986932584472362
COHFACE_s09_session2_natural,4,48,41.6,1.4057629108428955,-0.0029383572512984863
COHFACE_s09_session2_natural,4,49,41.63333333333333,1.1405245065689087,-0.01621570027283698
COHFACE_s09_session2_natural,4,50,41.666666666666664,0.8132603764533997,-0.04799760006337848
COHFACE_s09_session2_natural,4,51,41.7,0.5012698769569397,-0.09767585801034423
COHFACE_s09_session2_natural,4,52,41.733333333333334,0.33687347173690796,-0.1616670046261355
COHFACE_s09_session2_natural,4,53,41.766666666666666,0.3154292404651642,-0.23269934806811365
COHFACE_s09_session2_natural,4,54,41.8,0.3284514248371124,-0.3000600774491951
COHFACE_s09_session2_natural,4,55,41.833333333333336,0.25457102060317993,-0.35084520659056817
COHFACE_s09_session2_natural,4,56,41.86666666666667,0.07460910826921463,-0.3720102179156021
COHFACE_s09_session2_natural,4,57,41.9,-0.14655961096286774,-0.352789097153289
COHFACE_s09_session2_natural,4,58,41.93333333333333,-0.3765256106853485,-0.28694660137695566
COHFACE_s09_session2_natural,4,59,41.96666666666667,-0.6004460453987122,-0.1742898984834395
COHFACE_s09_session2_natural,4,60,42.0,-0.7988085746765137,-0.021603436968522953
COHFACE_s09_session2_natural,4,61,42.03333333333333,-0.9670130014419556,0.15622239143282202
COHFACE_s09_session2_natural,4,62,42.06666666666667,-1.0949417352676392,0.33601818838232217
COHFACE_s09_session2_natural,4,63,42.1,-1.1564115285873413,0.4898747209916151
COHFACE_s09_session2_natural,4,64,42.13333333333333,-1.1876397132873535,0.5922985014726776
COHFACE_s09_session2_natural,4,65,42.166666666666664,-1.2470803260803223,0.6279004442003843
COHFACE_s09_session2_natural,4,66,42.2,-1.3291465044021606,0.5962082675835189
COHFACE_s09_session2_natural,4,67,42.233333333333334,-1.4075853824615479,0.5106155302641915
COHFACE_s09_session2_natural,4,68,42.266666666666666,-1.292762279510498,0.39229110779364634
COHFACE_s09_session2_natural,4,69,42.3,-0.5117923617362976,0.26346637558590513
COHFACE_s09_session2_natural,4,70,42.333333333333336,0.714169442653656,0.1427334882706047
COHFACE_s09_session2_natural,4,71,42.36666666666667,1.5029220581054688,0.04266771558918685
COHFACE_s09_session2_natural,4,72,42.4,1.6442065238952637,-0.030837335190321162
COHFACE_s09_session2_natural,4,73,42.43333333333333,1.4832568168640137,-0.07874323677432954
COHFACE_s09_session2_natural,4,74,42.46666666666667,1.2497329711914062,-0.10827742241270633
COHFACE_s09_session2_natural,4,75,42.5,0.9658576250076294,-0.12990669558537718
COHFACE_s09_session2_natural,4,76,42.53333333333333,0.6572859883308411,-0.15273095047004498
COHFACE_s09_session2_natural,4,77,42.56666666666667,0.45059871673583984,-0.18155747854226661
COHFACE_s09_session2_natural,4,78,42.6,0.3824024796485901,-0.2166702527713045
COHFACE_s09_session2_natural,4,79,42.63333333333333,0.3878781795501709,-0.2548715550336802
COHFACE_s09_session2_natural,4,80,42.666666666666664,0.33267635107040405,-0.2907713994904546
COHFACE_s09_session2_natural,4,81,42.7,0.17214348912239075,-0.31798188126727367
COHFACE_s09_session2_natural,4,82,42.733333333333334,-0.04127029329538345,-0.33019645578758927
COHFACE_s09_session2_natural,4,83,42.766666666666666,-0.2793247699737549,-0.3224028124362356
COHFACE_s09_session2_natural,4,84,42.8,-0.5179212689399719,-0.2920476527105428
COHFACE_s09_session2_natural,4,85,42.833333333333336,-0.7231353521347046,-0.23954347281911922
COHFACE_s09_session2_natural,4,86,42.86666666666667,-0.891506552696228,-0.16785154119249193
COHFACE_s09_session2_natural,4,87,42.9,-1.024243950843811,-0.08128541940381727
COHFACE_s09_session2_natural,4,88,42.93333333333333,-1.1234182119369507,0.015619658335842614
COHFACE_s09_session2_natural,4,89,42.96666666666667,-1.1741172075271606,0.11784496403816604
COHFACE_s09_session2_natural,4,90,43.0,-1.211780071258545,0.21845799518293213
COHFACE_s09_session2_natural,4,91,43.03333333333333,-1.2884817123413086,0.3077340777057367
COHFACE_s09_session2_natural,4,92,43.06666666666667,-1.401206374168396,0.37410832286176066
COHFACE_s09_session2_natural,4,93,43.1,-1.386558175086975,0.40742386878963327
COHFACE_s09_session2_natural,4,94,43.13333333333333,-0.7415637969970703,0.40281753132613474
COHFACE_s09_session2_natural,4,95,43.166666666666664,0.5640043020248413,0.361850132599922
COHFACE_s09_session2_natural,4,96,43.2,1.5825839042663574,0.290550249733231
COHFACE_s09_session2_natural,4,97,43.233333333333334,1.891780972480774,0.19715591582792155
COHFACE_s09_session2_natural,4,98,43.266666666666666,1.8481976985931396,0.09103034986434201
COHFACE_s09_session2_natural,4,99,43.3,1.7228399515151978,-0.0174584888312587
COHFACE_s09_session2_natural,4,100,43.333333333333336,1.5444207191467285,-0.11686547280072884
COHFACE_s09_session2_natural,4,101,43.36666666666667,1.2647424936294556,-0.1954825292350423
COHFACE_s09_session2_natural,4,102,43.4,0.9596036076545715,-0.2433405665376186
COHFACE_s09_session2_natural,4,103,43.43333333333333,0.7607268691062927,-0.25479156394506774
COHFACE_s09_session2_natural,4,104,43.46666666666667,0.6927947402000427,-0.2307213985346552
COHFACE_s09_session2_natural,4,105,43.5,0.6416926980018616,-0.1792889131270397
COHFACE_s09_session2_natural,4,106,43.53333333333333,0.5013810396194458,-0.11443532557352314
COHFACE_s09_session2_natural,4,107,43.56666666666667,0.2801845669746399,-0.05196659803975342
COHFACE_s09_session2_natural,4,108,43.6,0.028927218168973923,-0.0047029263908809306
COHFACE_s09_session2_natural,4,109,43.63333333333333,-0.22504018247127533,0.02042109466792947
COHFACE_s09_session2_natural,4,110,43.666666666666664,-0.4638034403324127,0.02258952154596134
COHFACE_s09_session2_natural,4,111,43.7,-0.6664742827415466,0.006218458103791879
COHFACE_s09_session2_natural,4,112,43.733333333333334,-0.8296893835067749,-0.02037405174567301
COHFACE_s09_session2_natural,4,113,43.766666666666666,-0.9529067873954773,-0.04711235730340166
COHFACE_s09_session2_natural,4,114,43.8,-1.0373356342315674,-0.06480651533405271
COHFACE_s09_session2_natural,4,115,43.833333333333336,-1.092954397201538,-0.06729023108339671
COHFACE_s09_session2_natural,4,116,43.86666666666667,-1.1473779678344727,-0.05243579387978268
COHFACE_s09_session2_natural,4,117,43.9,-1.236420750617981,-0.021916472788359773
COHFACE_s09_session2_natural,4,118,43.93333333333333,-1.362376093864441,0.01994418787251439
COHFACE_s09_session2_natural,4,119,43.96666666666667,-1.3628486394882202,0.06752411682008995
COHFACE_s09_session2_natural,4,120,44.0,-0.7243861556053162,0.11503792261786512
COHFACE_s09_session2_natural,4,121,44.03333333333333,0.5713422894477844,0.15740175083430052
COHFACE_s09_session2_natural,4,122,44.06666666666667,1.5589995384216309,0.19088287219019
COHFACE_s09_session2_natural,4,123,44.1,1.8512134552001953,0.21363841019525376
COHFACE_s09_session2_natural,4,124,44.13333333333333,1.8096035718917847,0.22592920434190206
COHFACE_s09_session2_natural,4,125,44.166666666666664,1.6918758153915405,0.22952328751687393
COHFACE_s09_session2_natural,4,126,44.2,1.524296760559082,0.22650476322418023
COHFACE_s09_session2_natural,4,127,44.233333333333334,1.2407828569412231,0.218365919752092
COHFACE_s09_session2_natural,4,128,44.266666666666666,0.9348239302635193,0.20563326238781407
COHFACE_s09_session2_natural,4,129,44.3,0.7525967359542847,0.18761527731546912
COHFACE_s09_session2_natural,4,130,44.333333333333336,0.6824826002120972,0.16229557652152288
COHFACE_s09_session2_natural,4,131,44.36666666666667,0.6256685853004456,0.12683714544148855
COHFACE_s09_session2_natural,4,132,44.4,0.48809483647346497,0.07853649112984948
COHFACE_s09_session2_natural,4,133,44.43333333333333,0.2631736993789673,0.015469538001224092
COHFACE_s09_session2_natural,4,134,44.46666666666667,0.009470374323427677,-0.0633369592974821
COHFACE_s09_session2_natural,4,135,44.5,-0.23949383199214935,-0.15775721892641
COHFACE_s09_session2_natural,4,136,44.53333333333333,-0.4753246605396271,-0.26626722311394635
COHFACE_s09_session2_natural,4,137,44.56666666666667,-0.6847915053367615,-0.3856601856626257
COHFACE_s09_session2_natural,4,138,44.6,-0.8529680967330933,-0.5107841231117014
COHFACE_s09_session2_natural,4,139,44.63333333333333,-0.9791596531867981,-0.6341642177513542
COHFACE_s09_session2_natural,4,140,44.666666666666664,-1.0748872756958008,-0.7456610238970068
COHFACE_s09_session2_natural,4,141,44.7,-1.1486148834228516,-0.8325812695077364
COHFACE_s09_session2_natural,4,142,44.733333333333334,-1.1980490684509277,-0.8805296967351091
COHFACE_s09_session2_natural,4,143,44.766666666666666,-1.249818205833435,-0.875074633561792
COHFACE_s09_session2_natural,4,144,44.8,-1.349993109703064,-0.804305046577564
COHFACE_s09_session2_natural,4,145,44.833333333333336,-1.461314082145691,-0.6622643419278998
COHFACE_s09_session2_natural,4,146,44.86666666666667,-1.444150447845459,-0.45245487839056925
COHFACE_s09_session2_natural,4,147,44.9,-0.8079810738563538,-0.18991138021342105
COHFACE_s09_session2_natural,4,148,44.93333333333333,0.5018258094787598,0.09996776181012729
COHFACE_s09_session2_natural,4,149,44.96666666666667,1.5179733037948608,0.3874618891455607
COHFACE_s09_session2_natural,4,150,45.0,1.8030577898025513,0.6465572341660784
COHFACE_s09_session2_natural,4,151,45.03333333333333,1.7345001697540283,0.8582267369809733
COHFACE_s09_session2_natural,4,152,45.06666666666667,1.5925347805023193,1.008848281043627
COHFACE_s09_session2_natural,4,153,45.1,1.3993839025497437,1.0901613064361617
COHFACE_s09_session2_natural,4,154,45.13333333333333,1.103028416633606,1.1016566766689349
COHFACE_s09_session2_natural,4,155,45.166666666666664,0.8173602223396301,1.050509228364198
COHFACE_s09_session2_natural,4,156,45.2,0.6751723885536194,0.948279492801395
COHFACE_s09_session2_natural,4,157,45.233333333333334,0.6415676474571228,0.8079921239934033
COHFACE_s09_session2_natural,4,158,45.266666666666666,0.5995269417762756,0.642867333903631
COHFACE_s09_session2_natural,4,159,45.3,0.4680403769016266,0.4653680433396017
COHFACE_s09_session2_natural,4,160,45.333333333333336,0.2515135109424591,0.2861584438049867
COHFACE_s09_session2_natural,4,161,45.36666666666667,0.012903117574751377,0.11367359206342714
COHFACE_s09_session2_natural,4,162,45.4,-0.22419241070747375,-0.04553550863917151
COHFACE_s09_session2_natural,4,163,45.43333333333333,-0.4511009156703949,-0.1860979274892544
COHFACE_s09_session2_natural,4,164,45.46666666666667,-0.6383730173110962,-0.3032940404233777
COHFACE_s09_session2_natural,4,165,45.5,-0.7819228172302246,-0.3932211009326884
COHFACE_s09_session2_natural,4,166,45.53333333333333,-0.8858779668807983,-0.45359481267025337
COHFACE_s09_session2_natural,4,167,45.56666666666667,-0.9610508680343628,-0.4845651149413078
COHFACE_s09_session2_natural,4,168,45.6,-1.0132368803024292,-0.48910019179700964
COHFACE_s09_session2_natural,4,169,45.63333333333333,-1.0556806325912476,-0.4727721336909291
COHFACE_s09_session2_natural,4,170,45.666666666666664,-1.114565372467041,-0.44280862391327647
COHFACE_s09_session2_natural,4,171,45.7,-1.2257473468780518,-0.4063566897919125
COHFACE_s09_session2_natural,4,172,45.733333333333334,-1.3472691774368286,-0.3685565762023107
COHFACE_s09_session2_natural,4,173,45.766666666666666,-1.2612838745117188,-0.33156101829689866
COHFACE_s09_session2_natural,4,174,45.8,-0.4994094669818878,-0.2948377017248256
COHFACE_s09_session2_natural,4,175,45.833333333333336,0.7129186391830444,-0.2562292592645875
COHFACE_s09_session2_natural,4,176,45.86666666666667,1.4634941816329956,-0.21319986539201521
COHFACE_s09_session2_natural,4,177,45.9,1.5461024045944214,-0.1637856042703877
COHFACE_s09_session2_natural,4,178,45.93333333333333,1.3508390188217163,-0.10718817954427415
COHFACE_s09_session2_natural,4,179,45.96666666666667,1.0932860374450684,-0.044345160535267714
COHFACE_s09_session2_natural,4,180,46.0,0.7819904685020447,0.021574226394236673
COHFACE_s09_session2_natural,4,181,46.03333333333333,0.46899932622909546,0.08519560647724032
COHFACE_s09_session2_natural,4,182,46.06666666666667,0.29780688881874084,0.13973907248234682
COHFACE_s09_session2_natural,4,183,46.1,0.28713342547416687,0.1785631644442983
COHFACE_s09_session2_natural,4,184,46.13333333333333,0.3042137622833252,0.1968340538051063
COHFACE_s09_session2_natural,4,185,46.166666666666664,0.22941608726978302,0.1922405991128226
COHFACE_s09_session2_natural,4,186,46.2,0.07037029415369034,0.16476396945458877
COHFACE_s09_session2_natural,4,187,46.233333333333334,-0.12895116209983826,0.11656196191096589
COHFACE_s09_session2_natural,4,188,46.266666666666666,-0.3611963987350464,0.05231147642131401
COHFACE_s09_session2_natural,4,189,46.3,-0.6004321575164795,-0.020473481537384937
COHFACE_s09_session2_natural,4,190,46.333333333333336,-0.8047845959663391,-0.0915605264999311
COHFACE_s09_session2_natural,4,191,46.36666666666667,-0.9782701730728149,-0.14878357116884233
COHFACE_s09_session2_natural,4,192,46.4,-1.1136759519577026,-0.17968821711804545
COHFACE_s09_session2_natural,4,193,46.43333333333333,-1.192781925201416,-0.17410480942034437
COHFACE_s09_session2_natural,4,194,46.46666666666667,-1.2386305332183838,-0.1271564974534341
COHFACE_s09_session2_natural,4,195,46.5,-1.2714014053344727,-0.041688918737651785
COHFACE_s09_session2_natural,4,196,46.53333333333333,-1.3253108263015747,0.07105300058910156
COHFACE_s09_session2_natural,4,197,46.56666666666667,-1.437187671661377,0.1935719797459797
COHFACE_s09_session2_natural,4,198,46.6,-1.4813685417175293,0.30645264462941163
COHFACE_s09_session2_natural,4,199,46.63333333333333,-1.0340418815612793,0.3926485598294923
COHFACE_s09_session2_natural,4,200,46.666666666666664,0.15263104438781738,0.44049051409241297
COHFACE_s09_session2_natural,4,201,46.7,1.296818494796753,0.4453875149049689
COHFACE_s09_session2_natural,4,202,46.733333333333334,1.7188235521316528,0.41008550183328013
COHFACE_s09_session2_natural,4,203,46.766666666666666,1.6628295183181763,0.3432087991530218
COHFACE_s09_session2_natural,4,204,46.8,1.4865227937698364,0.25646268167499825
COHFACE_s09_session2_natural,4,205,46.833333333333336,1.2710521221160889,0.16148107419418725
COHFACE_s09_session2_natural,4,206,46.86666666666667,0.9783933758735657,0.06723289825438655
COHFACE_s09_session2_natural,4,207,46.9,0.6804257035255432,-0.021314933060799728
COHFACE_s09_session2_natural,4,208,46.93333333333333,0.5127772092819214,-0.10304062771322704
COHFACE_s09_session2_natural,4,209,46.96666666666667,0.48003414273262024,-0.17925667587385524
COHFACE_s09_session2_natural,4,210,47.0,0.4567832052707672,-0.2518169935149426
COHFACE_s09_session2_natural,4,211,47.03333333333333,0.3432803153991699,-0.321866632081485
COHFACE_s09_session2_natural,4,212,47.06666666666667,0.14917050302028656,-0.38945400822369936
COHFACE_s09_session2_natural,4,213,47.1,-0.0975283682346344,-0.45331329849185126
COHFACE_s09_session2_natural,4,214,47.13333333333333,-0.35645726323127747,-0.5104125090823323
COHFACE_s09_session2_natural,4,215,47.166666666666664,-0.5972217917442322,-0.5552975475120436
COHFACE_s09_session2_natural,4,216,47.2,-0.7918875217437744,-0.5797181843981245
COHFACE_s09_session2_natural,4,217,47.233333333333334,-0.9582991003990173,-0.5733554596543243
COHFACE_s09_session2_natural,4,218,47.266666666666666,-1.0877844095230103,-0.5260191799394424
COHFACE_s09_session2_natural,4,219,47.3,-1.1686276197433472,-0.4310811270468452
COHFACE_s09_session2_natural,4,220,47.333333333333336,-1.215601921081543,-0.2890179081598309
COHFACE_s09_session2_natural,4,221,47.36666666666667,-1.2571284770965576,-0.10924606319859925
COHFACE_s09_session2_natural,4,222,47.4,-1.3255609273910522,0.09072252107686596
COHFACE_s09_session2_natural,4,223,47.43333333333333,-1.4326986074447632,0.288707763608024
COHFACE_s09_session2_natural,4,224,47.46666666666667,-1.4885953664779663,0.46273390881646803
COHFACE_s09_session2_natural,4,225,47.5,-1.0683553218841553,0.5953824877255887
COHFACE_s09_session2_natural,4,226,47.53333333333333,0.16240116953849792,0.6764172302899845
COHFACE_s09_session2_natural,4,227,47.56666666666667,1.4080144166946411,0.7034193077132662
COHFACE_s09_session2_natural,4,228,47.6,1.9422714710235596,0.6806712800194785
COHFACE_s09_session2_natural,4,229,47.63333333333333,1.96553635597229,0.6169261236048866
COHFACE_s09_session2_natural,4,230,47.666666666666664,1.8305058479309082,0.5230033322574473
COHFACE_s09_session2_natural,4,231,47.7,1.661759376525879,0.4102623268870322
COHFACE_s09_session2_natural,4,232,47.733333333333334,1.4058046340942383,0.28991245217816713
COHFACE_s09_session2_natural,4,233,47.766666666666666,1.081695318222046,0.1721115230423234
COHFACE_s09_session2_natural,4,234,47.8,0.8416534662246704,0.06465322050413773
COHFACE_s09_session2_natural,4,235,47.833333333333336,0.7377261519432068,-0.02800636915291261
COHFACE_s09_session2_natural,4,236,47.86666666666667,0.6963525414466858,-0.10477588301499656
COHFACE_s09_session2_natural,4,237,47.9,0.6101309061050415,-0.16670542725773857
COHFACE_s09_session2_natural,4,238,47.93333333333333,0.41053152084350586,-0.21523080410948786
COHFACE_s09_session2_natural,4,239,47.96666666666667,0.14565438032150269,-0.25145254274641443
COHFACE_s09_session2_natural,4,240,48.0,-0.11691571772098541,-0.27679918475000337
COHFACE_s09_session2_natural,4,241,48.03333333333333,-0.37180036306381226,-0.29412473830148755
COHFACE_s09_session2_natural,4,242,48.06666666666667,-0.6000569462776184,-0.30802921773336556
COHFACE_s09_session2_natural,4,243,48.1,-0.7812557220458984,-0.32327084419332625
COHFACE_s09_session2_natural,4,244,48.13333333333333,-0.9216090440750122,-0.34194770456173307
COHFACE_s09_session2_natural,4,245,48.166666666666664,-1.023048758506775,-0.36178950141491695
COHFACE_s09_session2_natural,4,246,48.2,-1.08966064453125,-0.376491300702446
COHFACE_s09_session2_natural,4,247,48.233333333333334,-1.1453211307525635,-0.3773927368247854
COHFACE_s09_session2_natural,4,248,48.266666666666666,-1.2241768836975098,-0.3558353629210811
COHFACE_s09_session2_natural,4,249,48.3,-1.339986801147461,-0.30569953784321685
COHFACE_s09_session2_natural,4,250,48.333333333333336,-1.4361591339111328,-0.22546380432871282
COHFACE_s09_session2_natural,4,251,48.36666666666667,-1.1555776596069336,-0.11906219707941754
COHFACE_s09_session2_natural,4,252,48.4,-0.05675237998366356,0.00465669866907705
COHFACE_s09_session2_natural,4,253,48.43333333333333,1.2272186279296875,0.1335156063852981
COHFACE_s09_session2_natural,4,254,48.46666666666667,1.8248772621154785,0.25429433146303937
COHFACE_s09_session2_natural,4,255,48.5,1.8526726961135864,0.3554161115597505
COHFACE_s09_session2_natural,4,256,48.53333333333333,1.6889711618423462,0.42904872322865567
COHFACE_s09_session2_natural,4,257,48.56666666666667,1.4625213146209717,0.4711459651287565
COHFACE_s09_session2_natural,4,258,48.6,1.1778260469436646,0.4800126644054813
COHFACE_s09_session2_natural,4,259,48.63333333333333,0.8662246465682983,0.45584637127513833
COHFACE_s09_session2_natural,4,260,48.666666666666664,0.6526719331741333,0.40162095492172084
COHFACE_s09_session2_natural,4,261,48.7,0.5887005925178528,0.3234946256627685
COHFACE_s09_session2_natural,4,262,48.733333333333334,0.5807650089263916,0.22995987199685597
COHFACE_s09_session2_natural,4,263,48.766666666666666,0.5013254880905151,0.13022345576043756
COHFACE_s09_session2_natural,4,264,48.8,0.3185701370239258,0.032623086754923605
COHFACE_s09_session2_natural,4,265,48.833333333333336,0.08890988677740097,-0.05598664537394783
COHFACE_s09_session2_natural,4,266,48.86666666666667,-0.15217429399490356,-0.13000345141072675
COHFACE_s09_session2_natural,4,267,48.9,-0.38546186685562134,-0.1851181771878836
COHFACE_s09_session2_natural,4,268,48.93333333333333,-0.5979722738265991,-0.21893165787778127
COHFACE_s09_session2_natural,4,269,48.96666666666667,-0.7681362628936768,-0.2315425112049819
COHFACE_s09_session2_natural,4,270,49.0,-0.876566469669342,-0.22566945336468883
COHFACE_s09_session2_natural,4,271,49.03333333333333,-0.9447765946388245,-0.20615625663225803
COHFACE_s09_session2_natural,4,272,49.06666666666667,-1.0035362243652344,-0.17901824985593842
COHFACE_s09_session2_natural,4,273,49.1,-1.0660204887390137,-0.15046897269729542
COHFACE_s09_session2_natural,4,274,49.13333333333333,-1.1670571565628052,-0.1261496224849597
COHFACE_s09_session2_natural,4,275,49.166666666666664,-1.2727911472320557,-0.11053790063227997
COHFACE_s09_session2_natural,4,276,49.2,-1.0718575716018677,-0.106286648831505
COHFACE_s09_session2_natural,4,277,49.233333333333334,-0.1825130730867386,-0.11312513237654873
COHFACE_s09_session2_natural,4,278,49.266666666666666,0.8922273516654968,-0.1269947332614464
COHFACE_s09_session2_natural,4,279,49.3,1.3861254453659058,-0.14096207649243442
COHFACE_s09_session2_natural,4,280,49.333333333333336,1.3310903310775757,-0.14751235768315168
COHFACE_s09_session2_natural,4,281,49.36666666666667,1.0937168598175049,-0.13997449607679321
COHFACE_s09_session2_natural,4,282,49.4,0.8173463344573975,-0.11291675912863446
COHFACE_s09_session2_natural,4,283,49.43333333333333,0.48674672842025757,-0.06342441913227101
COHFACE_s09_session2_natural,4,284,49.46666666666667,0.20592890679836273,0.006704692096424195
COHFACE_s09_session2_natural,4,285,49.5,0.0998891070485115,0.08976249655885472
COHFACE_s09_session2_natural,4,286,49.53333333333333,0.11555186659097672,0.17301710575095613
COHFACE_s09_session2_natural,4,287,49.56666666666667,0.12226447463035583,0.24164467545293583
COHFACE_s09_session2_natural,4,288,49.6,0.02133904956281185,0.2826837022667371
COHFACE_s09_session2_natural,4,289,49.63333333333333,-0.1594984084367752,0.2882014098263917
COHFACE_s09_session2_natural,4,290,49.666666666666664,-0.3527604639530182,0.256894552982767
COHFACE_s09_session2_natural,4,291,49.7,-0.5511090755462646,0.1944804456892365
COHFACE_s09_session2_natural,4,292,49.733333333333334,-0.7514728903770447,0.11281829809578678
COHFACE_s09_session2_natural,4,293,49.766666666666666,-0.9301422834396362,0.027284880606040007
COHFACE_s09_session2_natural,4,294,49.8,-1.0736503601074219,-0.047031437121499764
COHFACE_s09_session2_natural,4,295,49.833333333333336,-1.1610532999038696,-0.09877266684795817
COHFACE_s09_session2_natural,4,296,49.86666666666667,-1.2041641473770142,-0.12235622142267928
COHFACE_s09_session2_natural,4,297,49.9,-1.2438005208969116,-0.11827762260268569
COHFACE_s09_session2_natural,4,298,49.93333333333333,-1.310620903968811,-0.09193934855064967
COHFACE_s09_session2_natural,4,299,49.96666666666667,-1.3790255784988403,-0.051789020002465935
