recording_id,measurement_id,sample_index,time_seconds,gt_signal,predicted_signal
BH_s10_medium,0,0,0.0,0.6788252592086792,0.058586427323564144
BH_s10_medium,0,1,0.03333333333333333,1.521498203277588,0.2551231250027064
BH_s10_medium,0,2,0.06666666666666667,1.7884798049926758,0.43701196088295896
BH_s10_medium,0,3,0.1,1.687450885772705,0.5894721894346463
BH_s10_medium,0,4,0.13333333333333333,1.479067087173462,0.698360661286358
BH_s10_medium,0,5,0.16666666666666666,1.1166799068450928,0.7508080234531547
BH_s10_medium,0,6,0.2,0.7486695051193237,0.7359950068203992
BH_s10_medium,0,7,0.23333333333333334,0.4767676293849945,0.6473011763523935
BH_s10_medium,0,8,0.26666666666666666,0.3136264681816101,0.48523051010804863
BH_s10_medium,0,9,0.3,0.10875719785690308,0.2587858994852641
BH_s10_medium,0,10,0.3333333333333333,-0.10173530131578445,-0.015078229017370166
BH_s10_medium,0,11,0.36666666666666664,-0.4104450047016144,-0.31229212662377115
BH_s10_medium,0,12,0.4,-0.6816440224647522,-0.6025383593753192
BH_s10_medium,0,13,0.43333333333333335,-0.8921365141868591,-0.8513341646532793
BH_s10_medium,0,14,0.4666666666666667,-1.0594950914382935,-1.0238505954850092
BH_s10_medium,0,15,0.5,-1.1647413969039917,-1.0900820919258047
BH_s10_medium,0,16,0.5333333333333333,-1.2699875831604004,-1.03078182912023
BH_s10_medium,0,17,0.5666666666666667,-1.3752338886260986,-0.843336344328654
BH_s10_medium,0,18,0.6,-1.1729193925857544,-0.5458724534717622
BH_s10_medium,0,19,0.6333333333333333,-0.39491358399391174,-0.17727769392945275
BH_s10_medium,0,20,0.6666666666666666,0.5523026585578918,0.20841376352736782
BH_s10_medium,0,21,0.7,1.3319034576416016,0.5535548817242569
BH_s10_medium,0,22,0.7333333333333333,1.5264184474945068,0.8110085449824318
BH_s10_medium,0,23,0.7666666666666667,1.3468537330627441,0.9544589497646253
BH_s10_medium,0,24,0.8,1.064151406288147,0.9815811241221015
BH_s10_medium,0,25,0.8333333333333334,0.6961410045623779,0.9104126293278908
BH_s10_medium,0,26,0.8666666666666667,0.36282971501350403,0.7705863138401867
BH_s10_medium,0,27,0.9,0.1680579036474228,0.592050028251021
BH_s10_medium,0,28,0.9333333333333333,0.06281165778636932,0.39516962322111016
BH_s10_medium,0,29,0.9666666666666667,-0.07502496987581253,0.18666986763171822
BH_s10_medium,0,30,1.0,-0.3384920358657837,-0.036857466351428836
BH_s10_medium,0,31,1.0333333333333334,-0.6331436634063721,-0.2792565540389537
BH_s10_medium,0,32,1.0666666666666667,-0.8654261827468872,-0.5338282907706887
BH_s10_medium,0,33,1.1,-1.0461399555206299,-0.7784005773636093
BH_s10_medium,0,34,1.1333333333333333,-1.1513861417770386,-0.9784156103432167
BH_s10_medium,0,35,1.1666666666666667,-1.2566324472427368,-1.0942679367777408
BH_s10_medium,0,36,1.2,-1.334208607673645,-1.0903732417586467
BH_s10_medium,0,37,1.2333333333333334,-1.2003326416015625,-0.945177516885645
BH_s10_medium,0,38,1.2666666666666666,-0.5680845975875854,-0.6601641546776613
BH_s10_medium,0,39,1.3,0.35171839594841003,-0.2649004930880185
BH_s10_medium,0,40,1.3333333333333333,1.1987979412078857,0.18523119224715023
BH_s10_medium,0,41,1.3666666666666667,1.5264184474945068,0.6215289674461878
BH_s10_medium,0,42,1.4,1.479513168334961,0.9805472758610104
BH_s10_medium,0,43,1.4333333333333333,1.2160460948944092,1.2183189926833533
BH_s10_medium,0,44,1.4666666666666666,0.9084854125976562,1.3155900127084375
BH_s10_medium,0,45,1.5,0.5618188977241516,1.2760798747675934
BH_s10_medium,0,46,1.5333333333333334,0.31969577074050903,1.1204268437150076
BH_s10_medium,0,47,1.5666666666666667,0.18211597204208374,0.8783545530442304
BH_s10_medium,0,48,1.6,0.0238951463252306,0.5812260407487317
BH_s10_medium,0,49,1.6333333333333333,-0.17139029502868652,0.256467922482859
BH_s10_medium,0,50,1.6666666666666667,-0.46929964423179626,-0.07516036422357218
BH_s10_medium,0,51,1.7,-0.7327666878700256,-0.3990422870095023
BH_s10_medium,0,52,1.7333333333333334,-0.9432592391967773,-0.7035476286146847
BH_s10_medium,0,53,1.7666666666666666,-1.0850564241409302,-0.975750542586074
BH_s10_medium,0,54,1.8,-1.1903027296066284,-1.1979303586098882
BH_s10_medium,0,55,1.8333333333333333,-1.295548915863037,-1.3467836191175873
BH_s10_medium,0,56,1.8666666666666667,-1.334208607673645,-1.3962882702836334
BH_s10_medium,0,57,1.9,-1.163714051246643,-1.323928284757707
BH_s10_medium,0,58,1.9333333333333333,-0.4175281822681427,-1.1186296752753357
BH_s10_medium,0,59,1.9666666666666666,0.5819597244262695,-0.7876410886855973
BH_s10_medium,0,60,2.0,1.5274457931518555,-0.359706835780183
BH_s10_medium,0,61,2.033333333333333,1.90733802318573,0.11748761658063539
BH_s10_medium,0,62,2.066666666666667,1.8878459930419922,0.5854082431245852
BH_s10_medium,0,63,2.1,1.720933437347412,0.9858652932426798
BH_s10_medium,0,64,2.1333333333333333,1.4414888620376587,1.272164397842809
BH_s10_medium,0,65,2.1666666666666665,1.0734784603118896,1.41687732473737
BH_s10_medium,0,66,2.2,0.6656593680381775,1.4146739002231203
BH_s10_medium,0,67,2.2333333333333334,0.45516687631607056,1.280588031796479
BH_s10_medium,0,68,2.2666666666666666,0.23949722945690155,1.0442301426914151
BH_s10_medium,0,69,2.3,-0.01879270188510418,0.740532674237229
BH_s10_medium,0,70,2.3333333333333335,-0.2860311269760132,0.4003853524585995
BH_s10_medium,0,71,2.3666666666666667,-0.5987014174461365,0.04663997497303412
BH_s10_medium,0,72,2.4,-0.8621684908866882,-0.30353686408749564
BH_s10_medium,0,73,2.433333333333333,-1.0196864604949951,-0.6336348977999354
BH_s10_medium,0,74,2.466666666666667,-1.1762446165084839,-0.9232972928778788
BH_s10_medium,0,75,2.5,-1.2814909219741821,-1.1463118743932785
BH_s10_medium,0,76,2.533333333333333,-1.334208607673645,-1.272321944381708
BH_s10_medium,0,77,2.566666666666667,-1.4390088319778442,-1.2724740176552944
BH_s10_medium,0,78,2.6,-1.2867896556854248,-1.128008130369642
BH_s10_medium,0,79,2.6333333333333333,-0.6130028963088989,-0.8396427872928649
BH_s10_medium,0,80,2.6666666666666665,0.43435004353523254,-0.4340681303537184
BH_s10_medium,0,81,2.7,1.4417591094970703,0.036944662403938754
BH_s10_medium,0,82,2.7333333333333334,1.9362245798110962,0.5059197120783058
BH_s10_medium,0,83,2.7666666666666666,1.955581545829773,0.9048698368505573
BH_s10_medium,0,84,2.8,1.8034299612045288,1.1810377607841374
BH_s10_medium,0,85,2.8333333333333335,1.493760585784912,1.3063262894832786
BH_s10_medium,0,86,2.8666666666666667,1.1325223445892334,1.2785699451420383
BH_s10_medium,0,87,2.9,0.8093084692955017,1.1179758493966268
BH_s10_medium,0,88,2.933333333333333,0.5906379818916321,0.860433466867778
BH_s10_medium,0,89,2.966666666666667,0.38014546036720276,0.5473993888226489
BH_s10_medium,0,90,3.0,0.07399054616689682,0.2150383547054372
BH_s10_medium,0,91,3.033333333333333,-0.18877363204956055,-0.1121024123149448
BH_s10_medium,0,92,3.066666666666667,-0.46323034167289734,-0.42095186796207285
BH_s10_medium,0,93,3.1,-0.7266973853111267,-0.7050618589564922
BH_s10_medium,0,94,3.1333333333333333,-0.89731365442276,-0.9579376515604962
BH_s10_medium,0,95,3.1666666666666665,-1.0555344820022583,-1.1679099390573817
BH_s10_medium,0,96,3.2,-1.1607807874679565,-1.3164359072333234
BH_s10_medium,0,97,3.2333333333333334,-1.2660269737243652,-1.3799138969895257
BH_s10_medium,0,98,3.2666666666666666,-1.3712732791900635,-1.334689284608304
BH_s10_medium,0,99,3.3,-1.4765194654464722,-1.1645552854112107
BH_s10_medium,0,100,3.3333333333333335,-1.2975225448608398,-0.86861538908233
BH_s10_medium,0,101,3.3666666666666667,-0.507878303527832,-0.4662634596488582
BH_s10_medium,0,102,3.4,0.5788371562957764,0.0030323606710053116
BH_s10_medium,0,103,3.433333333333333,1.462846279144287,0.4860278442317812
BH_s10_medium,0,104,3.466666666666667,1.7181894779205322,0.9262188187194177
BH_s10_medium,0,105,3.5,1.6210535764694214,1.2742877291752976
BH_s10_medium,0,106,3.533333333333333,1.3261451721191406,1.4958669524753117
BH_s10_medium,0,107,3.566666666666667,0.9796679019927979,1.576046904221502
BH_s10_medium,0,108,3.6,0.6416930556297302,1.519974461838028
BH_s10_medium,0,109,3.6333333333333333,0.40826159715652466,1.3488187273636763
BH_s10_medium,0,110,3.6666666666666665,0.2793734669685364,1.0922984088368914
BH_s10_medium,0,111,3.7,0.14620032906532288,0.7807026662252495
BH_s10_medium,0,112,3.7333333333333334,-0.06429216265678406,0.4391937413475165
BH_s10_medium,0,113,3.7666666666666666,-0.3542803227901459,0.08650740812773036
BH_s10_medium,0,114,3.8,-0.6170445084571838,-0.2625669597563389
BH_s10_medium,0,115,3.8333333333333335,-0.8546934127807617,-0.5940338044033626
BH_s10_medium,0,116,3.8666666666666667,-0.9877989292144775,-0.8925021898717965
BH_s10_medium,0,117,3.9,-1.0930452346801758,-1.139774645724539
BH_s10_medium,0,118,3.933333333333333,-1.1982914209365845,-1.314484553288922
BH_s10_medium,0,119,3.966666666666667,-1.3035377264022827,-1.3935201794509677
BH_s10_medium,0,120,4.0,-1.3871831893920898,-1.355708837271985
BH_s10_medium,0,121,4.033333333333333,-1.3983620405197144,-1.1877608205623886
BH_s10_medium,0,122,4.066666666666666,-0.9809457063674927,-0.8913647869728718
BH_s10_medium,0,123,4.1,-0.026822146028280258,-0.4892833759313804
BH_s10_medium,0,124,4.133333333333334,1.1315895318984985,-0.027353020863267248
BH_s10_medium,0,125,4.166666666666667,1.8636362552642822,0.4309621063792328
BH_s10_medium,0,126,4.2,2.0917553901672363,0.8177620276753228
BH_s10_medium,0,127,4.233333333333333,1.9698288440704346,1.07855598284167
BH_s10_medium,0,128,4.266666666666667,1.743358850479126,1.188059067450411
BH_s10_medium,0,129,4.3,1.4123454093933105,1.1549706086182994
BH_s10_medium,0,130,4.333333333333333,0.9913604259490967,1.0139752962788846
BH_s10_medium,0,131,4.366666666666666,0.6510876417160034,0.8107754057119626
BH_s10_medium,0,132,4.4,0.4405951499938965,0.586519729444553
BH_s10_medium,0,133,4.433333333333334,0.23010265827178955,0.36720894260646314
BH_s10_medium,0,134,4.466666666666667,-0.03336441516876221,0.16074213823593486
BH_s10_medium,0,135,4.5,-0.3078886866569519,-0.03900048658194037
BH_s10_medium,0,136,4.533333333333333,-0.6132731437683105,-0.24368016867156292
BH_s10_medium,0,137,4.566666666666666,-0.867088794708252,-0.461659931382167
BH_s10_medium,0,138,4.6,-1.025309681892395,-0.691345379918643
BH_s10_medium,0,139,4.633333333333334,-1.1305558681488037,-0.9173880941878116
BH_s10_medium,0,140,4.666666666666667,-1.235802173614502,-1.1105481951856693
BH_s10_medium,0,141,4.7,-1.3410483598709106,-1.2320769801346783
BH_s10_medium,0,142,4.733333333333333,-1.393320083618164,-1.242335171574692
BH_s10_medium,0,143,4.766666666666667,-1.3708813190460205,-1.112107000959727
BH_s10_medium,0,144,4.8,-0.8678324222564697,-0.8336886777711706
BH_s10_medium,0,145,4.833333333333333,0.14444290101528168,-0.4278474504296703
BH_s10_medium,0,146,4.866666666666666,1.3411222696304321,0.05622020854494886
BH_s10_medium,0,147,4.9,2.008434295654297,0.5491880615454873
BH_s10_medium,0,148,4.933333333333334,2.160193920135498,0.9766150036504161
BH_s10_medium,0,149,4.966666666666667,2.0537312030792236,1.276453760978715
BH_s10_medium,0,150,5.0,1.7897504568099976,1.413531469654236
BH_s10_medium,0,151,5.033333333333333,1.4212263822555542,1.3851530128022862
BH_s10_medium,0,152,5.066666666666666,1.0002413988113403,1.216746292613515
BH_s10_medium,0,153,5.1,0.6820154190063477,0.9513342773592321
BH_s10_medium,0,154,5.133333333333334,0.47152289748191833,0.6370430831373917
BH_s10_medium,0,155,5.166666666666667,0.2610304057598114,0.3164239606808597
BH_s10_medium,0,156,5.2,-0.002436667913571,0.019935185231077093
BH_s10_medium,0,157,5.233333333333333,-0.31447163224220276,-0.2357564271265523
BH_s10_medium,0,158,5.266666666666667,-0.6302103996276855,-0.4454493339179303
BH_s10_medium,0,159,5.3,-0.8458124399185181,-0.6109883738970654
BH_s10_medium,0,160,5.333333333333333,-1.056304931640625,-0.7364937902539596
BH_s10_medium,0,161,5.366666666666666,-1.1680666208267212,-0.8244604207262832
BH_s10_medium,0,162,5.4,-1.2733128070831299,-0.8733904112246096
BH_s10_medium,0,163,5.433333333333334,-1.4229096174240112,-0.8770548325239003
BH_s10_medium,0,164,5.466666666666667,-1.5367798805236816,-0.8255657315667349
BH_s10_medium,0,165,5.5,-1.3113237619400024,-0.7085080788456262
BH_s10_medium,0,166,5.533333333333333,-0.4772615134716034,-0.5195920366863462
BH_s10_medium,0,167,5.566666666666666,0.6589816212654114,-0.2615150616833486
BH_s10_medium,0,168,5.6,1.5473973751068115,0.05005751953788428
BH_s10_medium,0,169,5.633333333333334,1.791291356086731,0.38416612597433725
BH_s10_medium,0,170,5.666666666666667,1.7124310731887817,0.696223003929129
BH_s10_medium,0,171,5.7,1.4632112979888916,0.9369431562127488
BH_s10_medium,0,172,5.733333333333333,1.1094481945037842,1.0665383369625592
BH_s10_medium,0,173,5.766666666666667,0.7257846593856812,1.067128947061107
BH_s10_medium,0,174,5.8,0.4466644525527954,0.9474376952199497
BH_s10_medium,0,175,5.833333333333333,0.2891465425491333,0.7362898601016096
BH_s10_medium,0,176,5.866666666666666,0.13162861764431,0.46868839968362774
BH_s10_medium,0,177,5.9,-0.11337371170520782,0.17456504217234492
BH_s10_medium,0,178,5.933333333333334,-0.4291124641895294,-0.12503801795472697
BH_s10_medium,0,179,5.966666666666667,-0.7448512315750122,-0.4159586390366445
BH_s10_medium,0,180,6.0,-0.9428131580352783,-0.6859654395412564
BH_s10_medium,0,181,6.033333333333333,-1.1010339260101318,-0.9202152024563001
BH_s10_medium,0,182,6.066666666666666,-1.1752848625183105,-1.0990886715510926
BH_s10_medium,0,183,6.1,-1.258551836013794,-1.198617731947998
BH_s10_medium,0,184,6.133333333333334,-1.3637981414794922,-1.1937252095974182
BH_s10_medium,0,185,6.166666666666667,-1.2475488185882568,-1.0644394291948929
BH_s10_medium,0,186,6.2,-0.5508095622062683,-0.8040821008411022
BH_s10_medium,0,187,6.233333333333333,0.5043428540229797,-0.42728500188986873
BH_s10_medium,0,188,6.266666666666667,1.448990821838379,0.02573007971864583
BH_s10_medium,0,189,6.3,1.817366361618042,0.49284223249650494
BH_s10_medium,0,190,6.333333333333333,1.7659193277359009,0.9027365415372397
BH_s10_medium,0,191,6.366666666666666,1.5053855180740356,1.1939744587325958
BH_s10_medium,0,192,6.4,1.1656805276870728,1.332836127061265
BH_s10_medium,0,193,6.433333333333334,0.7679588794708252,1.318974162062094
BH_s10_medium,0,194,6.466666666666667,0.4747805893421173,1.1773604027891555
BH_s10_medium,0,195,6.5,0.3172626793384552,0.9446892082523903
BH_s10_medium,0,196,6.533333333333333,0.1597447544336319,0.657225220239775
BH_s10_medium,0,197,6.566666666666666,-0.07119950652122498,0.34429247655676226
BH_s10_medium,0,198,6.6,-0.3869382441043854,0.027650861278423526
BH_s10_medium,0,199,6.633333333333334,-0.6836310625076294,-0.2767103246224855
BH_s10_medium,0,200,6.666666666666667,-0.9470981359481812,-0.5563526205524902
BH_s10_medium,0,201,6.7,-1.1046160459518433,-0.7997199157820152
BH_s10_medium,0,202,6.733333333333333,-1.2451967000961304,-0.993597818832302
BH_s10_medium,0,203,6.766666666666667,-1.3504430055618286,-1.1218542464550272
BH_s10_medium,0,204,6.8,-1.4556891918182373,-1.1662821620924169
BH_s10_medium,0,205,6.833333333333333,-1.4931323528289795,-1.1098479748824588
BH_s10_medium,0,206,6.866666666666666,-1.2494548559188843,-0.9418833102160009
BH_s10_medium,0,207,6.9,-0.40536266565322876,-0.6639899343904373
BH_s10_medium,0,208,6.933333333333334,0.7657687664031982,-0.29491664913111826
BH_s10_medium,0,209,6.966666666666667,1.7574437856674194,0.1275790951661099
BH_s10_medium,0,210,7.0,2.120452880859375,0.5500305889580714
BH_s10_medium,0,211,7.033333333333333,2.098527669906616,0.9134385633665305
BH_s10_medium,0,212,7.066666666666666,1.9204905033111572,1.1675842173712905
BH_s10_medium,0,213,7.1,1.542571783065796,1.2827034689016046
BH_s10_medium,0,214,7.133333333333334,1.1130844354629517,1.2545191453408875
BH_s10_medium,0,215,7.166666666666667,0.7006018161773682,1.1021572896925338
BH_s10_medium,0,216,7.2,0.3997592031955719,0.8603589482803466
BH_s10_medium,0,217,7.233333333333333,0.18287299573421478,0.5689336563880738
BH_s10_medium,0,218,7.266666666666667,-0.07989116758108139,0.2628143154833492
BH_s10_medium,0,219,7.3,-0.3956299126148224,-0.03409486640761417
BH_s10_medium,0,220,7.333333333333333,-0.7113686800003052,-0.30992624504654603
BH_s10_medium,0,221,7.366666666666666,-0.9705507755279541,-0.5613580277316864
BH_s10_medium,0,222,7.4,-1.181043267250061,-0.7876216844669118
BH_s10_medium,0,223,7.433333333333334,-1.336384892463684,-0.984898955148811
BH_s10_medium,0,224,7.466666666666667,-1.4416311979293823,-1.1429193206478996
BH_s10_medium,0,225,7.5,-1.546877384185791,-1.2441982925414274
BH_s10_medium,0,226,7.533333333333333,-1.6521236896514893,-1.2662675420471738
BH_s10_medium,0,227,7.566666666666666,-1.7050306797027588,-1.1870988630133361
BH_s10_medium,0,228,7.6,-1.5501216650009155,-0.9925735390786792
BH_s10_medium,0,229,7.633333333333334,-0.7168840169906616,-0.6836099141236525
BH_s10_medium,0,230,7.666666666666667,0.489717036485672,-0.28038822201190783
BH_s10_medium,0,231,7.7,1.6013450622558594,0.17858305047378217
BH_s10_medium,0,232,7.733333333333333,2.096689224243164,0.6423674653125497
BH_s10_medium,0,233,7.766666666666667,2.1621134281158447,1.0558686739220609
BH_s10_medium,0,234,7.8,2.014301061630249,1.368625002083188
BH_s10_medium,0,235,7.833333333333333,1.7041178941726685,1.5432714821455658
BH_s10_medium,0,236,7.866666666666666,1.2433784008026123,1.5624025727202413
BH_s10_medium,0,237,7.9,0.770121693611145,1.4321799548924699
BH_s10_medium,0,238,7.933333333333334,0.4836615025997162,1.1806876799373078
BH_s10_medium,0,239,7.966666666666667,0.22926461696624756,0.8491885112079389
BH_s10_medium,0,240,8.0,0.009701946750283241,0.47957872029509696
BH_s10_medium,0,241,8.033333333333333,-0.24328914284706116,0.10582794446223528
BH_s10_medium,0,242,8.066666666666666,-0.6120024919509888,-0.24803280725774865
BH_s10_medium,0,243,8.1,-0.8747666478157043,-0.5664729792177613
BH_s10_medium,0,244,8.133333333333333,-1.097140908241272,-0.8396493461442908
BH_s10_medium,0,245,8.166666666666666,-1.267946481704712,-1.059688588374848
BH_s10_medium,0,246,8.2,-1.334208607673645,-1.2171676738030852
BH_s10_medium,0,247,8.233333333333333,-1.425464391708374,-1.299380967897595
BH_s10_medium,0,248,8.266666666666667,-1.5307105779647827,-1.291369767329936
BH_s10_medium,0,249,8.3,-1.635956883430481,-1.1798600365337466
BH_s10_medium,0,250,8.333333333333334,-1.4905641078948975,-0.9592617417149857
BH_s10_medium,0,251,8.366666666666667,-0.7146401405334473,-0.6379727648222355
BH_s10_medium,0,252,8.4,0.4073556363582611,-0.2423489390684565
BH_s10_medium,0,253,8.433333333333334,1.428106427192688,0.1846429054070704
BH_s10_medium,0,254,8.466666666666667,1.8580130338668823,0.5904652513938069
BH_s10_medium,0,255,8.5,1.8116079568862915,0.9233493419583169
BH_s10_medium,0,256,8.533333333333333,1.5684576034545898,1.1429158027299242
BH_s10_medium,0,257,8.566666666666666,1.1895116567611694,1.2279399037291348
BH_s10_medium,0,258,8.6,0.7990759015083313,1.1793626554448027
BH_s10_medium,0,259,8.633333333333333,0.4303625524044037,1.018142718740474
BH_s10_medium,0,260,8.666666666666666,0.2497163861989975,0.7788183497996055
BH_s10_medium,0,261,8.7,0.0921984612941742,0.5007500454585093
BH_s10_medium,0,262,8.733333333333333,-0.14603164792060852,0.21952805539561857
BH_s10_medium,0,263,8.766666666666667,-0.4617703855037689,-0.0388478901269137
BH_s10_medium,0,264,8.8,-0.7775091528892517,-0.25997839998094924
BH_s10_medium,0,265,8.833333333333334,-1.0676189661026,-0.4398665600025242
BH_s10_medium,0,266,8.866666666666667,-1.2251368761062622,-0.5813632168443875
BH_s10_medium,0,267,8.9,-1.3584316968917847,-0.6891574472794731
BH_s10_medium,0,268,8.933333333333334,-1.463678002357483,-0.7650305783467158
BH_s10_medium,0,269,8.966666666666667,-1.5689241886138916,-0.8056096571326585
BH_s10_medium,0,270,9.0,-1.652056097984314,-0.8032369380412107
BH_s10_medium,0,271,9.033333333333333,-1.4920240640640259,-0.7488685280358821
BH_s10_medium,0,272,9.066666666666666,-0.7033261656761169,-0.6355510481146206
BH_s10_medium,0,273,9.1,0.38914772868156433,-0.46099567101292044
BH_s10_medium,0,274,9.133333333333333,1.4496396780014038,-0.22912515102914333
BH_s10_medium,0,275,9.166666666666666,1.8628658056259155,0.04826767823870058
BH_s10_medium,0,276,9.2,1.8614466190338135,0.34993518444944277
BH_s10_medium,0,277,9.233333333333333,1.6509541273117065,0.6452098962683612
BH_s10_medium,0,278,9.266666666666667,1.3545047044754028,0.8972143246137455
BH_s10_medium,0,279,9.3,0.9335196614265442,1.0703150219131357
BH_s10_medium,0,280,9.333333333333334,0.5276200175285339,1.1398613600939766
BH_s10_medium,0,281,9.366666666666667,0.2792383134365082,1.0995097360677195
BH_s10_medium,0,282,9.4,0.12172040343284607,0.9626290269358699
BH_s10_medium,0,283,9.433333333333334,-0.08877208828926086,0.75627763748027
BH_s10_medium,0,284,9.466666666666667,-0.37678664922714233,0.5106689623978423
BH_s10_medium,0,285,9.5,-0.7216553688049316,0.25081003291275805
BH_s10_medium,0,286,9.533333333333333,-0.9851224422454834,-0.006554218312049397
BH_s10_medium,0,287,9.566666666666666,-1.1426403522491455,-0.2517331907377397
BH_s10_medium,0,288,9.6,-1.290696144104004,-0.4785108641460286
BH_s10_medium,0,289,9.633333333333333,-1.3959424495697021,-0.6803906447122359
BH_s10_medium,0,290,9.666666666666666,-1.5011886358261108,-0.8484199425460826
BH_s10_medium,0,291,9.7,-1.5990815162658691,-0.971539319254874
BH_s10_medium,0,292,9.733333333333333,-1.6454055309295654,-1.039223311502801
BH_s10_medium,0,293,9.766666666666667,-1.4044721126556396,-1.04507127714994
BH_s10_medium,0,294,9.8,-0.5348727107048035,-0.9896048094965245
BH_s10_medium,0,295,9.833333333333334,0.6803523898124695,-0.8805217391709389
BH_s10_medium,0,296,9.866666666666667,1.7575113773345947,-0.730353709509297
BH_s10_medium,0,297,9.9,2.1652493476867676,-0.5531726499266483
BH_s10_medium,0,298,9.933333333333334,2.1596803665161133,-0.36165726380148533
BH_s10_medium,0,299,9.966666666666667,1.9979990720748901,-0.16522499614731528
BH_s10_medium,1,0,10.0,1.6812330484390259,0.043292049675937694
BH_s10_medium,1,1,10.033333333333333,1.2599236965179443,-0.05145438298639213
BH_s10_medium,1,2,10.066666666666666,0.7862884998321533,-0.14150893955787927
BH_s10_medium,1,3,10.1,0.4701712131500244,-0.22193936371247835
BH_s10_medium,1,4,10.133333333333333,0.25859731435775757,-0.28877946573712326
BH_s10_medium,1,5,10.166666666666666,-0.0023825429379940033,-0.3411600767534649
BH_s10_medium,1,6,10.2,-0.2651467025279999,-0.3828427004760828
BH_s10_medium,1,7,10.233333333333333,-0.5808854699134827,-0.42119294774092725
BH_s10_medium,1,8,10.266666666666667,-0.8966242074966431,-0.4637318354660648
BH_s10_medium,1,9,10.3,-1.1117126941680908,-0.5145075860291329
BH_s10_medium,1,10,10.333333333333334,-1.269230604171753,-0.5716438009906698
BH_s10_medium,1,11,10.366666666666667,-1.3804785013198853,-0.6262709098344932
BH_s10_medium,1,12,10.4,-1.4857248067855835,-0.6631507729511612
BH_s10_medium,1,13,10.433333333333334,-1.5909709930419922,-0.6633678151735326
BH_s10_medium,1,14,10.466666666666667,-1.6962172985076904,-0.6086910508623592
BH_s10_medium,1,15,10.5,-1.7580052614212036,-0.4864476290842332
BH_s10_medium,1,16,10.533333333333333,-1.246819019317627,-0.2938321414237328
BH_s10_medium,1,17,10.566666666666666,-0.14090898633003235,-0.04077457934486245
BH_s10_medium,1,18,10.6,1.1220459938049316,0.2494518934310925
BH_s10_medium,1,19,10.633333333333333,1.941550374031067,0.5425253025311865
BH_s10_medium,1,20,10.666666666666666,2.1091387271881104,0.7983520552267911
BH_s10_medium,1,21,10.7,1.9247078895568848,0.9787225612795385
BH_s10_medium,1,22,10.733333333333333,1.6756774187088013,1.0558444481417162
BH_s10_medium,1,23,10.766666666666667,1.322103500366211,1.019484815789996
BH_s10_medium,1,24,10.8,0.9011185765266418,0.8798240078363699
BH_s10_medium,1,25,10.833333333333334,0.5695374011993408,0.6631054778057204
BH_s10_medium,1,26,10.866666666666667,0.3954741954803467,0.40209470284293675
BH_s10_medium,1,27,10.9,0.20293280482292175,0.127843819443015
BH_s10_medium,1,28,10.933333333333334,-0.025510787963867188,-0.1340742936817634
BH_s10_medium,1,29,10.966666666666667,-0.3755701184272766,-0.3636773422979483
BH_s10_medium,1,30,11.0,-0.6583940982818604,-0.5448315531717176
BH_s10_medium,1,31,11.033333333333333,-0.8896492719650269,-0.6638704839922547
BH_s10_medium,1,32,11.066666666666666,-1.04787015914917,-0.7097421204574756
BH_s10_medium,1,33,11.1,-1.2060909271240234,-0.6755167041064487
BH_s10_medium,1,34,11.133333333333333,-1.3113372325897217,-0.5608870093604356
BH_s10_medium,1,35,11.166666666666666,-1.4165834188461304,-0.3751463424769982
BH_s10_medium,1,36,11.2,-1.4644349813461304,-0.1393567248469338
BH_s10_medium,1,37,11.233333333333333,-1.113267421722412,0.11409166201467832
BH_s10_medium,1,38,11.266666666666667,-0.21369999647140503,0.3461561069463951
BH_s10_medium,1,39,11.3,0.9447116255760193,0.5209661928034474
BH_s10_medium,1,40,11.333333333333334,1.6570502519607544,0.6170289768314536
BH_s10_medium,1,41,11.366666666666667,1.766108512878418,0.6321312438502035
BH_s10_medium,1,42,11.4,1.6119024753570557,0.5797006114608887
BH_s10_medium,1,43,11.433333333333334,1.2723866701126099,0.48033950277373105
BH_s10_medium,1,44,11.466666666666667,0.8744757771492004,0.35316371335162977
BH_s10_medium,1,45,11.5,0.5057624578475952,0.21139757756133057
BH_s10_medium,1,46,11.533333333333333,0.28633493185043335,0.06271416258104005
BH_s10_medium,1,47,11.566666666666666,0.1810886710882187,-0.08909569171082024
BH_s10_medium,1,48,11.6,0.022867852821946144,-0.24284908000986025
BH_s10_medium,1,49,11.633333333333333,-0.2274467498064041,-0.39864778800108114
BH_s10_medium,1,50,11.666666666666666,-0.5431854724884033,-0.5558553168923
BH_s10_medium,1,51,11.7,-0.840770423412323,-0.7098119125503631
BH_s10_medium,1,52,11.733333333333333,-1.0512629747390747,-0.8483337969462886
BH_s10_medium,1,53,11.766666666666667,-1.2450073957443237,-0.9504865791881147
BH_s10_medium,1,54,11.8,-1.334208607673645,-0.9890653776982913
BH_s10_medium,1,55,11.833333333333334,-1.4025254249572754,-0.9367640005411292
BH_s10_medium,1,56,11.866666666666667,-1.4547970294952393,-0.774646603763624
BH_s10_medium,1,57,11.9,-1.518234133720398,-0.5003249185958443
BH_s10_medium,1,58,11.933333333333334,-1.069417119026184,-0.1332324761303892
BH_s10_medium,1,59,11.966666666666667,-0.030931677669286728,0.2851823969749384
BH_s10_medium,1,60,12.0,1.167923927307129,0.6977690846344076
BH_s10_medium,1,61,12.033333333333333,1.9835894107818604,1.0447220408326598
BH_s10_medium,1,62,12.066666666666666,2.151691436767578,1.2792289071499536
BH_s10_medium,1,63,12.1,1.9837517738342285,1.3779548992248944
BH_s10_medium,1,64,12.133333333333333,1.711268663406372,1.342824036081427
BH_s10_medium,1,65,12.166666666666666,1.342555284500122,1.1954472141610175
BH_s10_medium,1,66,12.2,0.9662317633628845,0.9676447303281188
BH_s10_medium,1,67,12.233333333333333,0.6120359897613525,0.6927620957854599
BH_s10_medium,1,68,12.266666666666667,0.40774795413017273,0.4000028678065374
BH_s10_medium,1,69,12.3,0.23852404952049255,0.11122631200496534
BH_s10_medium,1,70,12.333333333333334,-0.02424011379480362,-0.16021572769562203
BH_s10_medium,1,71,12.366666666666667,-0.3399788737297058,-0.4086189536888512
BH_s10_medium,1,72,12.4,-0.6557176113128662,-0.6333398876914644
BH_s10_medium,1,73,12.433333333333334,-0.9157918691635132,-0.8350258820129562
BH_s10_medium,1,74,12.466666666666667,-1.0733097791671753,-1.0115049861714565
BH_s10_medium,1,75,12.5,-1.2308276891708374,-1.1544072636556657
BH_s10_medium,1,76,12.533333333333333,-1.3877644538879395,-1.2477117968192415
BH_s10_medium,1,77,12.566666666666666,-1.4401577711105347,-1.2693282464742512
BH_s10_medium,1,78,12.6,-1.5452823638916016,-1.196139531097197
BH_s10_medium,1,79,12.633333333333333,-1.6505285501480103,-1.012040010102652
BH_s10_medium,1,80,12.666666666666666,-1.6035423278808594,-0.7164871107172017
BH_s10_medium,1,81,12.7,-0.9338784217834473,-0.32948124032669907
BH_s10_medium,1,82,12.733333333333333,0.2643687427043915,0.10948016922371412
BH_s10_medium,1,83,12.766666666666667,1.5316628217697144,0.548752290015566
BH_s10_medium,1,84,12.8,2.2428524494171143,0.9357613395379722
BH_s10_medium,1,85,12.833333333333334,2.374011754989624,1.2274026780122862
BH_s10_medium,1,86,12.866666666666667,2.2279837131500244,1.3966398237034956
BH_s10_medium,1,87,12.9,2.017491102218628,1.4345239292322052
BH_s10_medium,1,88,12.933333333333334,1.6108075380325317,1.3483471310399722
BH_s10_medium,1,89,12.966666666666667,1.136847972869873,1.1578215203014024
BH_s10_medium,1,90,13.0,0.768837571144104,0.8904896296508568
BH_s10_medium,1,91,13.033333333333333,0.5398262143135071,0.5766872397568825
BH_s10_medium,1,92,13.066666666666666,0.2763591408729553,0.24488972378975882
BH_s10_medium,1,93,13.1,-0.040082503110170364,-0.08125079415300171
BH_s10_medium,1,94,13.133333333333333,-0.39742767810821533,-0.3838735018535728
BH_s10_medium,1,95,13.166666666666666,-0.7131664156913757,-0.6505572141308026
BH_s10_medium,1,96,13.2,-0.9364328980445862,-0.8730844175635933
BH_s10_medium,1,97,13.233333333333333,-1.0939507484436035,-1.0454152060251811
BH_s10_medium,1,98,13.266666666666667,-1.213376760482788,-1.161186651041418
BH_s10_medium,1,99,13.3,-1.3560121059417725,-1.2112945850647072
BH_s10_medium,1,100,13.333333333333334,-1.4768438339233398,-1.1831659621446393
BH_s10_medium,1,101,13.366666666666667,-1.6180733442306519,-1.06398602483093
BH_s10_medium,1,102,13.4,-1.7403109073638916,-0.8473307011294241
BH_s10_medium,1,103,13.433333333333334,-1.8109798431396484,-0.5398605681167155
BH_s10_medium,1,104,13.466666666666667,-1.5356581211090088,-0.16489533078657984
BH_s10_medium,1,105,13.5,-0.618302047252655,0.23944970830277004
BH_s10_medium,1,106,13.533333333333333,0.6771215796470642,0.627136172364897
BH_s10_medium,1,107,13.566666666666666,1.8017535209655762,0.952980078676286
BH_s10_medium,1,108,13.6,2.19317626953125,1.1807031577398897
BH_s10_medium,1,109,13.633333333333333,2.101393461227417,1.2885534724382752
BH_s10_medium,1,110,13.666666666666666,1.8612438440322876,1.271700605199744
BH_s10_medium,1,111,13.7,1.5165510177612305,1.1415209886767959
BH_s10_medium,1,112,13.733333333333333,1.095565915107727,0.9219524348952045
BH_s10_medium,1,113,13.766666666666667,0.7551038861274719,0.6431481802895784
BH_s10_medium,1,114,13.8,0.5191851854324341,0.33446643414594057
BH_s10_medium,1,115,13.833333333333334,0.30869269371032715,0.020277255121951523
BH_s10_medium,1,116,13.866666666666667,0.09820020198822021,-0.28056371673384306
BH_s10_medium,1,117,13.9,-0.16176579892635345,-0.5534484348606137
BH_s10_medium,1,118,13.933333333333334,-0.5057423710823059,-0.7863159926932434
BH_s10_medium,1,119,13.966666666666667,-0.7685065269470215,-0.9680057531546884
BH_s10_medium,1,120,14.0,-0.9860146045684814,-1.0870350606698216
BH_s10_medium,1,121,14.033333333333333,-1.0912609100341797,-1.1310432582356227
BH_s10_medium,1,122,14.066666666666666,-1.2494816780090332,-1.0876283465546153
BH_s10_medium,1,123,14.1,-1.3547279834747314,-0.9475912948988844
BH_s10_medium,1,124,14.133333333333333,-1.4599741697311401,-0.7101329970477921
BH_s10_medium,1,125,14.166666666666666,-1.5652204751968384,-0.38806533671862936
BH_s10_medium,1,126,14.2,-1.419489860534668,-0.010468629249601145
BH_s10_medium,1,127,14.233333333333333,-0.715627133846283,0.37983287362562684
BH_s10_medium,1,128,14.266666666666667,0.45908641815185547,0.7338718282966581
BH_s10_medium,1,129,14.3,1.5345827341079712,1.0063110160326756
BH_s10_medium,1,130,14.333333333333334,2.0187885761260986,1.1646380683986277
BH_s10_medium,1,131,14.366666666666667,1.920422911643982,1.195625948884812
BH_s10_medium,1,132,14.4,1.6427626609802246,1.1071906113454035
BH_s10_medium,1,133,14.433333333333334,1.2740492820739746,0.9243732823892655
BH_s10_medium,1,134,14.466666666666667,0.8925485610961914,0.6809507968699516
BH_s10_medium,1,135,14.5,0.548707127571106,0.4106638231197318
BH_s10_medium,1,136,14.533333333333333,0.39118921756744385,0.14076338981353853
BH_s10_medium,1,137,14.566666666666666,0.23367129266262054,-0.11117344684937785
BH_s10_medium,1,138,14.6,0.02317880094051361,-0.3371480927864079
BH_s10_medium,1,139,14.633333333333333,-0.24956114590168,-0.5361566548605153
BH_s10_medium,1,140,14.666666666666666,-0.5652998685836792,-0.710194048142766
BH_s10_medium,1,141,14.7,-0.8201969861984253,-0.8600019875253537
BH_s10_medium,1,142,14.733333333333333,-1.0306894779205322,-0.981531650757755
BH_s10_medium,1,143,14.766666666666667,-1.1882073879241943,-1.0638173385945573
BH_s10_medium,1,144,14.8,-1.3399670124053955,-1.0893644702320875
BH_s10_medium,1,145,14.833333333333334,-1.4452131986618042,-1.0383169151009022
BH_s10_medium,1,146,14.866666666666667,-1.5504595041275024,-0.8953803800736777
BH_s10_medium,1,147,14.9,-1.652056097984314,-0.6563242285654984
BH_s10_medium,1,148,14.933333333333334,-1.6432158946990967,-0.33187818961319493
BH_s10_medium,1,149,14.966666666666667,-1.0998718738555908,0.05177593087219061
BH_s10_medium,1,150,15.0,0.06316256523132324,0.45582301610474746
BH_s10_medium,1,151,15.033333333333333,1.428849697113037,0.8340294703383995
BH_s10_medium,1,152,15.066666666666666,2.2683327198028564,1.139914894141482
BH_s10_medium,1,153,15.1,2.4264185428619385,1.3358236424167178
BH_s10_medium,1,154,15.133333333333333,2.2176294326782227,1.4015826755590572
BH_s10_medium,1,155,15.166666666666666,1.9031612873077393,1.3385059261372119
BH_s10_medium,1,156,15.2,1.5371243953704834,1.1671305757806312
BH_s10_medium,1,157,15.233333333333333,1.0631648302078247,0.9200409768330359
BH_s10_medium,1,158,15.266666666666667,0.744046688079834,0.6325526205481128
BH_s10_medium,1,159,15.3,0.5294719338417053,0.3348895327253714
BH_s10_medium,1,160,15.333333333333334,0.3189794421195984,0.04774559087192443
BH_s10_medium,1,161,15.366666666666667,0.008728778921067715,-0.21886502162801078
BH_s10_medium,1,162,15.4,-0.3070099651813507,-0.46379079635445475
BH_s10_medium,1,163,15.433333333333334,-0.6227487325668335,-0.6903642413532556
BH_s10_medium,1,164,15.466666666666667,-0.8938125967979431,-0.9006979239394527
BH_s10_medium,1,165,15.5,-1.1043051481246948,-1.0905550982181018
BH_s10_medium,1,166,15.533333333333333,-1.2715284824371338,-1.2464988523836547
BH_s10_medium,1,167,15.566666666666666,-1.4297493696212769,-1.3465405211538386
BH_s10_medium,1,168,15.6,-1.5349955558776855,-1.3645665938025422
BH_s10_medium,1,169,15.633333333333333,-1.6402418613433838,-1.2777697277793292
BH_s10_medium,1,170,15.666666666666666,-1.7454880475997925,-1.0747202486112173
BH_s10_medium,1,171,15.7,-1.8109798431396484,-0.7605378091087329
BH_s10_medium,1,172,15.733333333333333,-1.5627470016479492,-0.35763490769045697
BH_s10_medium,1,173,15.766666666666667,-0.6091508865356445,0.0972444337159422
BH_s10_medium,1,174,15.8,0.7820703387260437,0.5586143865748393
BH_s10_medium,1,175,15.833333333333334,2.0178287029266357,0.9792601799116054
BH_s10_medium,1,176,15.866666666666667,2.4994664192199707,1.3173088122561643
BH_s10_medium,1,177,15.9,2.4618611335754395,1.5419579870428433
BH_s10_medium,1,178,15.933333333333334,2.251368761062622,1.6368197965560392
BH_s10_medium,1,179,15.966666666666667,1.919638991355896,1.6002784798258323
BH_s10_medium,1,180,16.0,1.4986540079116821,1.4432822286029865
BH_s10_medium,1,181,16.033333333333335,1.0776690244674683,1.1858721756740558
BH_s10_medium,1,182,16.066666666666666,0.7207292318344116,0.853443008847642
BH_s10_medium,1,183,16.1,0.4572621285915375,0.4732678216577393
BH_s10_medium,1,184,16.133333333333333,0.2161528468132019,0.0718343662865926
BH_s10_medium,1,185,16.166666666666668,-0.06967201083898544,-0.3264688887935635
BH_s10_medium,1,186,16.2,-0.4153246581554413,-0.6994022722540026
BH_s10_medium,1,187,16.233333333333334,-0.7310634255409241,-1.0263036262437504
BH_s10_medium,1,188,16.266666666666666,-0.9660223722457886,-1.2876157800273518
BH_s10_medium,1,189,16.3,-1.1494126319885254,-1.4651296857606888
BH_s10_medium,1,190,16.333333333333332,-1.254658818244934,-1.5431907850872169
BH_s10_medium,1,191,16.366666666666667,-1.3599051237106323,-1.5106771098598941
BH_s10_medium,1,192,16.4,-1.5181258916854858,-1.3635595843018309
BH_s10_medium,1,193,16.433333333333334,-1.623372197151184,-1.1078301029873332
BH_s10_medium,1,194,16.466666666666665,-1.7815929651260376,-0.7615254401344965
BH_s10_medium,1,195,16.5,-1.8410694599151611,-0.35378494504748137
BH_s10_medium,1,196,16.533333333333335,-1.4216258525848389,0.07921898658639782
BH_s10_medium,1,197,16.566666666666666,-0.3133368194103241,0.4996554036079122
BH_s10_medium,1,198,16.6,1.1078389883041382,0.872798549478255
BH_s10_medium,1,199,16.633333333333333,2.103555917739868,1.1695634222994835
BH_s10_medium,1,200,16.666666666666668,2.3210370540618896,1.3673025276297412
BH_s10_medium,1,201,16.7,2.1247785091400146,1.4512010487719833
BH_s10_medium,1,202,16.733333333333334,1.8253823518753052,1.4164966888599846
BH_s10_medium,1,203,16.766666666666666,1.4043973684310913,1.269516497469996
BH_s10_medium,1,204,16.8,1.0363869667053223,1.02651543880666
BH_s10_medium,1,205,16.833333333333332,0.7000882029533386,0.7105834249959943
BH_s10_medium,1,206,16.866666666666667,0.5425702929496765,0.347888910769773
BH_s10_medium,1,207,16.9,0.3320777714252472,-0.03474692830723963
BH_s10_medium,1,208,16.933333333333334,0.06861069798469543,-0.4104410483186085
BH_s10_medium,1,209,16.966666666666665,-0.2608751654624939,-0.7520601890344148
BH_s10_medium,1,210,17.0,-0.5766139030456543,-1.0324429038629468
BH_s10_medium,1,211,17.033333333333335,-0.8807142376899719,-1.2260055249428545
BH_s10_medium,1,212,17.066666666666666,-1.0382322072982788,-1.3116112900374
BH_s10_medium,1,213,17.1,-1.195750117301941,-1.2754778495411132
BH_s10_medium,1,214,17.133333333333333,-1.343738317489624,-1.113895650187201
BH_s10_medium,1,215,17.166666666666668,-1.4489846229553223,-0.8364690681810344
BH_s10_medium,1,216,17.2,-1.554230809211731,-0.4686341432178512
BH_s10_medium,1,217,17.233333333333334,-1.6297930479049683,-0.050488146530465794
BH_s10_medium,1,218,17.266666666666666,-1.1081039905548096,0.3689996506143129
BH_s10_medium,1,219,17.3,0.0623379722237587,0.74095102445928
BH_s10_medium,1,220,17.333333333333332,1.3676429986953735,1.0257330660472739
BH_s10_medium,1,221,17.366666666666667,2.1713321208953857,1.1983512465170076
BH_s10_medium,1,222,17.4,2.207275152206421,1.2493242985678972
BH_s10_medium,1,223,17.433333333333334,1.9406044483184814,1.183486054121958
BH_s10_medium,1,224,17.466666666666665,1.5693904161453247,1.017813917716661
BH_s10_medium,1,225,17.5,1.1484054327011108,0.7777497984279629
BH_s10_medium,1,226,17.533333333333335,0.7814898490905762,0.4922916983693053
BH_s10_medium,1,227,17.566666666666666,0.4665350019931793,0.18903675551143456
BH_s10_medium,1,228,17.6,0.30862513184547424,-0.1096793008271652
BH_s10_medium,1,229,17.633333333333333,0.09813264012336731,-0.38858379576341756
BH_s10_medium,1,230,17.666666666666668,-0.16361768543720245,-0.638887102397221
BH_s10_medium,1,231,17.7,-0.47935643792152405,-0.8556760746677863
BH_s10_medium,1,232,17.733333333333334,-0.7982177138328552,-1.0343070132347163
BH_s10_medium,1,233,17.766666666666666,-1.0616848468780518,-1.167309502746466
BH_s10_medium,1,234,17.8,-1.2237310409545898,-1.2429990215678663
BH_s10_medium,1,235,17.833333333333332,-1.381951928138733,-1.246461512285921
BH_s10_medium,1,236,17.866666666666667,-1.4401577711105347,-1.1629292372763005
BH_s10_medium,1,237,17.9,-1.539469838142395,-0.982878117237892
BH_s10_medium,1,238,17.933333333333334,-1.6447161436080933,-0.7071722966224003
BH_s10_medium,1,239,17.966666666666665,-1.6071243286132812,-0.34987410989510614
BH_s10_medium,1,240,18.0,-0.936149537563324,0.06222495416797246
BH_s10_medium,1,241,18.033333333333335,0.29111939668655396,0.492700145775837
BH_s10_medium,1,242,18.066666666666666,1.6694722175598145,0.90015512220917
BH_s10_medium,1,243,18.1,2.4365427494049072,1.2431983136169455
BH_s10_medium,1,244,18.133333333333333,2.544492721557617,1.4852890657754796
BH_s10_medium,1,245,18.166666666666668,2.3048434257507324,1.5997416885978368
BH_s10_medium,1,246,18.2,1.9891047477722168,1.574166788015288
BH_s10_medium,1,247,18.233333333333334,1.5810829401016235,1.4126324719522443
BH_s10_medium,1,248,18.266666666666666,1.1071233749389648,1.1346630829548983
BH_s10_medium,1,249,18.3,0.7619436979293823,0.771221148927246
BH_s10_medium,1,250,18.333333333333332,0.49847662448883057,0.35887364518769865
BH_s10_medium,1,251,18.366666666666667,0.25148725509643555,-0.06580504608488086
BH_s10_medium,1,252,18.4,-0.028457533568143845,-0.4702529637881947
BH_s10_medium,1,253,18.433333333333334,-0.37999022006988525,-0.8279206199863922
BH_s10_medium,1,254,18.466666666666665,-0.6957289576530457,-1.1184280092765997
BH_s10_medium,1,255,18.5,-0.9777824878692627,-1.32654868127875
BH_s10_medium,1,256,18.533333333333335,-1.1023180484771729,-1.4407872346086779
BH_s10_medium,1,257,18.566666666666666,-1.260538935661316,-1.4522426535308328
BH_s10_medium,1,258,18.6,-1.3657851219177246,-1.3548884979451268
BH_s10_medium,1,259,18.633333333333333,-1.418056845664978,-1.1485397245538127
BH_s10_medium,1,260,18.666666666666668,-1.5233030319213867,-0.8433520782566976
BH_s10_medium,1,261,18.7,-1.4577034711837769,-0.4625036916028933
BH_s10_medium,1,262,18.733333333333334,-0.8104515075683594,-0.04102459493282274
BH_s10_medium,1,263,18.766666666666666,0.35496190190315247,0.379427008951069
BH_s10_medium,1,264,18.8,1.6684449911117554,0.7578495862542021
BH_s10_medium,1,265,18.833333333333332,2.3480312824249268,1.0594841685866587
BH_s10_medium,1,266,18.866666666666667,2.454007625579834,1.258676306013673
BH_s10_medium,1,267,18.9,2.270536422729492,1.3408111133838931
BH_s10_medium,1,268,18.933333333333334,1.9579743146896362,1.3037344071535901
BH_s10_medium,1,269,18.966666666666665,1.5369893312454224,1.1574768096765775
BH_s10_medium,1,270,19.0,1.116004228591919,0.9219338855254695
BH_s10_medium,1,271,19.033333333333335,0.7928714156150818,0.623126857188046
BH_s10_medium,1,272,19.066666666666666,0.6353535056114197,0.2893084726025393
BH_s10_medium,1,273,19.1,0.40382805466651917,-0.05142524122986518
BH_s10_medium,1,274,19.133333333333333,0.08808929473161697,-0.37190345211163
BH_s10_medium,1,275,19.166666666666668,-0.1746748834848404,-0.646407873595883
BH_s10_medium,1,276,19.2,-0.4714893698692322,-0.8519408810160912
BH_s10_medium,1,277,19.233333333333334,-0.6819818615913391,-0.9705000255101379
BH_s10_medium,1,278,19.266666666666666,-0.8394997715950012,-0.9918288060085343
BH_s10_medium,1,279,19.3,-0.9802021384239197,-0.9154008740442355
BH_s10_medium,1,280,19.333333333333332,-1.1015610694885254,-0.7511186390875437
BH_s10_medium,1,281,19.366666666666667,-1.2966437339782715,-0.5190062554997145
BH_s10_medium,1,282,19.4,-1.35776948928833,-0.24777080217932856
BH_s10_medium,1,283,19.433333333333334,-0.9043295979499817,0.028258268789004736
BH_s10_medium,1,284,19.466666666666665,0.14976824820041656,0.2739557202228461
BH_s10_medium,1,285,19.5,1.3749288320541382,0.45961383163405156
BH_s10_medium,1,286,19.533333333333335,2.0918500423431396,0.5666663405088335
BH_s10_medium,1,287,19.566666666666666,2.1927032470703125,0.5898820841358132
BH_s10_medium,1,288,19.6,1.9822108745574951,0.5358638797014376
BH_s10_medium,1,289,19.633333333333333,1.699170708656311,0.4205225889423541
BH_s10_medium,1,290,19.666666666666668,1.2781857252120972,0.26644042223660636
BH_s10_medium,1,291,19.7,0.8655814528465271,0.09910632879951961
BH_s10_medium,1,292,19.733333333333334,0.6104950904846191,-0.057649424052666855
BH_s10_medium,1,293,19.766666666666666,0.4000025689601898,-0.1852817110510346
BH_s10_medium,1,294,19.8,0.18323807418346405,-0.27226530197782445
BH_s10_medium,1,295,19.833333333333332,-0.07952609658241272,-0.3139248147127812
BH_s10_medium,1,296,19.866666666666667,-0.3952648341655731,-0.3111907762088272
BH_s10_medium,1,297,19.9,-0.7068402767181396,-0.2697048072320503
BH_s10_medium,1,298,19.933333333333334,-0.9173327684402466,-0.19937742199180675
BH_s10_medium,1,299,19.966666666666665,-1.0748506784439087,-0.11319671221212205
BH_s10_medium,2,0,20.0,-1.230314016342163,-0.03809486325107251
BH_s10_medium,2,1,20.033333333333335,-1.2825857400894165,-0.23023151630948333
BH_s10_medium,2,2,20.066666666666666,-1.3878319263458252,-0.3544179817006867
BH_s10_medium,2,3,20.1,-1.5459986925125122,-0.3600986302357685
BH_s10_medium,2,4,20.133333333333333,-1.651298999786377,-0.22498821652845138
BH_s10_medium,2,5,20.166666666666668,-1.4975121021270752,0.03691103430016145
BH_s10_medium,2,6,20.2,-0.6141929030418396,0.3774559698455858
BH_s10_medium,2,7,20.233333333333334,0.6916795372962952,0.7290569952130969
BH_s10_medium,2,8,20.266666666666666,1.9639346599578857,1.0263618221603847
BH_s10_medium,2,9,20.3,2.520120859146118,1.2225320537469453
BH_s10_medium,2,10,20.333333333333332,2.5859100818634033,1.2950296033048039
BH_s10_medium,2,11,20.366666666666667,2.432663679122925,1.2440271792630784
BH_s10_medium,2,12,20.4,2.128279685974121,1.0868801852715908
BH_s10_medium,2,13,20.433333333333334,1.6677833795547485,0.8513902144816058
BH_s10_medium,2,14,20.466666666666665,1.186740756034851,0.5695368963559987
BH_s10_medium,2,15,20.5,0.8102413415908813,0.2720980326313695
BH_s10_medium,2,16,20.533333333333335,0.547477126121521,-0.0154734894358113
BH_s10_medium,2,17,20.566666666666666,0.2847129702568054,-0.27546366154679813
BH_s10_medium,2,18,20.6,-0.03102576546370983,-0.49856798198536667
BH_s10_medium,2,19,20.633333333333333,-0.38843852281570435,-0.6831135239019407
BH_s10_medium,2,20,20.666666666666668,-0.7154778242111206,-0.8331029701617949
BH_s10_medium,2,21,20.7,-0.9379737973213196,-0.9552904000355931
BH_s10_medium,2,22,20.733333333333334,-1.108901023864746,-1.055750581834756
BH_s10_medium,2,23,20.766666666666666,-1.2671217918395996,-1.1366558756690888
BH_s10_medium,2,24,20.8,-1.4253426790237427,-1.1939177250618762
BH_s10_medium,2,25,20.833333333333332,-1.5305888652801514,-1.2162427907052802
BH_s10_medium,2,26,20.866666666666667,-1.6358351707458496,-1.1861548734350034
BH_s10_medium,2,27,20.9,-1.7410814762115479,-1.0834096108001459
BH_s10_medium,2,28,20.933333333333334,-1.7933530807495117,-0.8905863215203164
BH_s10_medium,2,29,20.966666666666665,-1.8293094635009766,-0.5999062408344732
BH_s10_medium,2,30,21.0,-1.3614870309829712,-0.21952860660919662
BH_s10_medium,2,31,21.033333333333335,-0.21343009173870087,0.2229915420679307
BH_s10_medium,2,32,21.066666666666666,1.2402819395065308,0.6819963476676654
BH_s10_medium,2,33,21.1,2.331972360610962,1.1008399735042504
BH_s10_medium,2,34,21.133333333333333,2.722989559173584,1.4237438347888531
BH_s10_medium,2,35,21.166666666666668,2.6614315509796143,1.6091824566706938
BH_s10_medium,2,36,21.2,2.4734861850738525,1.6401342413581876
BH_s10_medium,2,37,21.233333333333334,1.5715408325195312,1.5259656639888057
BH_s10_medium,2,38,21.266666666666666,0.7811113595962524,1.2959274669263274
BH_s10_medium,2,39,21.3,0.5176442861557007,0.989375869718714
BH_s10_medium,2,40,21.333333333333332,0.3601263463497162,0.6465491684991479
BH_s10_medium,2,41,21.366666666666667,0.22881853580474854,0.301670883503053
BH_s10_medium,2,42,21.4,0.09806507080793381,-0.020913850166690277
BH_s10_medium,2,43,21.433333333333334,-0.0594528466463089,-0.3078305738945796
BH_s10_medium,2,44,21.466666666666665,-0.2169707715511322,-0.5553652214827668
BH_s10_medium,2,45,21.5,-0.3510901927947998,-0.766075160454224
BH_s10_medium,2,46,21.533333333333335,-0.45633643865585327,-0.9441625864209904
BH_s10_medium,2,47,21.566666666666666,-0.5086081027984619,-1.0908804409546449
BH_s10_medium,2,48,21.6,-0.5925645232200623,-1.2011132255204808
BH_s10_medium,2,49,21.633333333333333,-0.666126012802124,-1.262014728580502
BH_s10_medium,2,50,21.666666666666668,-0.7183976769447327,-1.2545173470151982
BH_s10_medium,2,51,21.7,-0.7706693410873413,-1.1582698798102453
BH_s10_medium,2,52,21.733333333333334,-0.8229410648345947,-0.9589889477353504
BH_s10_medium,2,53,21.766666666666666,-0.8752127289772034,-0.6557270430707965
BH_s10_medium,2,54,21.8,-0.8933396339416504,-0.2655590534394837
BH_s10_medium,2,55,21.833333333333332,-0.7023798823356628,0.17636163948814934
BH_s10_medium,2,56,21.866666666666667,-0.18071766197681427,0.6215484668681459
BH_s10_medium,2,57,21.9,0.5037344098091125,1.0159911071682342
BH_s10_medium,2,58,21.933333333333334,1.0394550561904907,1.3096678224566047
BH_s10_medium,2,59,21.966666666666665,1.2085710763931274,1.4668596293174725
BH_s10_medium,2,60,22.0,1.1427414417266846,1.4744636309345698
BH_s10_medium,2,61,22.033333333333335,0.984520673751831,1.3440306739728167
BH_s10_medium,2,62,22.066666666666666,0.8148506879806519,1.106514956993921
BH_s10_medium,2,63,22.1,0.6043581962585449,0.802229800126359
BH_s10_medium,2,64,22.133333333333333,0.4039090573787689,0.4700487239747322
BH_s10_medium,2,65,22.166666666666668,0.29866281151771545,0.14060125896798037
BH_s10_medium,2,66,22.2,0.1934165507555008,-0.16537253885410408
BH_s10_medium,2,67,22.233333333333334,0.0351957231760025,-0.43599229779579035
BH_s10_medium,2,68,22.266666666666666,-0.07728225737810135,-0.666158376461442
BH_s10_medium,2,69,22.3,-0.2877747416496277,-0.8547334281467719
BH_s10_medium,2,70,22.333333333333332,-0.4394667446613312,-1.0013587385133926
BH_s10_medium,2,71,22.366666666666667,-0.544713020324707,-1.1033844266723425
BH_s10_medium,2,72,22.4,-0.5969846844673157,-1.1538412930216193
BH_s10_medium,2,73,22.433333333333334,-0.6492563486099243,-1.1416912999445872
BH_s10_medium,2,74,22.466666666666665,-0.7514882683753967,-1.054566320172141
BH_s10_medium,2,75,22.5,-0.8044628500938416,-0.8831022534309569
BH_s10_medium,2,76,22.533333333333335,-0.8574374318122864,-0.625926897188234
BH_s10_medium,2,77,22.566666666666666,-0.9095063805580139,-0.2944003374738156
BH_s10_medium,2,78,22.6,-0.7506774663925171,0.08471213726784647
BH_s10_medium,2,79,22.633333333333333,-0.27721813321113586,0.47102770473172356
BH_s10_medium,2,80,22.666666666666668,0.352556049823761,0.8172502943336167
BH_s10_medium,2,81,22.7,0.9360740780830383,1.0790936806398954
BH_s10_medium,2,82,22.733333333333334,1.1529875993728638,1.2256764073992108
BH_s10_medium,2,83,22.766666666666666,1.105933666229248,1.2470205402522516
BH_s10_medium,2,84,22.8,1.0006874799728394,1.155718810545785
BH_s10_medium,2,85,22.833333333333332,0.8424666523933411,0.9808730842446912
BH_s10_medium,2,86,22.866666666666667,0.5837171673774719,0.7570143167647905
BH_s10_medium,2,87,22.9,0.373224675655365,0.5147341896016474
BH_s10_medium,2,88,22.933333333333334,0.26185500621795654,0.276319514915725
BH_s10_medium,2,89,22.966666666666665,0.15660874545574188,0.055614294179592544
BH_s10_medium,2,90,23.0,0.006620069034397602,-0.14000102064934838
BH_s10_medium,2,91,23.033333333333335,-0.09792327880859375,-0.3082730830990607
BH_s10_medium,2,92,23.066666666666666,-0.3084157705307007,-0.45181820247011467
BH_s10_medium,2,93,23.1,-0.4659336805343628,-0.5769943667360719
BH_s10_medium,2,94,23.133333333333333,-0.5815207958221436,-0.6909900179396301
BH_s10_medium,2,95,23.166666666666668,-0.6455391049385071,-0.7976171936351013
BH_s10_medium,2,96,23.2,-0.7390387058258057,-0.8932938980649754
BH_s10_medium,2,97,23.233333333333334,-0.7913103699684143,-0.9654231043983368
BH_s10_medium,2,98,23.266666666666666,-0.843582034111023,-0.9941106910229458
BH_s10_medium,2,99,23.3,-0.9104120135307312,-0.9566795953614063
BH_s10_medium,2,100,23.333333333333332,-0.948125422000885,-0.8339451925422159
BH_s10_medium,2,101,23.366666666666667,-0.963386595249176,-0.6168476981338721
BH_s10_medium,2,102,23.4,-1.016361117362976,-0.3118438525375329
BH_s10_medium,2,103,23.433333333333334,-0.8921772241592407,0.05654236539177947
BH_s10_medium,2,104,23.466666666666665,-0.4361284077167511,0.4474538110569195
BH_s10_medium,2,105,23.5,0.31672143936157227,0.8106731292043989
BH_s10_medium,2,106,23.533333333333335,1.005228877067566,1.097278491908449
BH_s10_medium,2,107,23.566666666666666,1.2943387031555176,1.27010230688595
BH_s10_medium,2,108,23.6,1.314520239830017,1.3111077713797037
BH_s10_medium,2,109,23.633333333333333,1.177183747291565,1.22424060666141
BH_s10_medium,2,110,23.666666666666668,1.0412530899047852,1.0331098574532807
BH_s10_medium,2,111,23.7,0.8007791638374329,0.773729713103208
BH_s10_medium,2,112,23.733333333333334,0.5672935843467712,0.48463091091020977
BH_s10_medium,2,113,23.766666666666666,0.3853767216205597,0.19832775573451966
BH_s10_medium,2,114,23.8,0.2271559089422226,-0.06360353871954459
BH_s10_medium,2,115,23.833333333333332,0.09473981708288193,-0.29164040538795316
BH_s10_medium,2,116,23.866666666666667,-0.036311160773038864,-0.4861494921508743
BH_s10_medium,2,117,23.9,-0.22029602527618408,-0.6529792706195825
BH_s10_medium,2,118,23.933333333333334,-0.4057273864746094,-0.7981656997980302
BH_s10_medium,2,119,23.966666666666665,-0.5639482140541077,-0.9232175385089786
BH_s10_medium,2,120,24.0,-0.6455391049385071,-1.0221410099084547
BH_s10_medium,2,121,24.033333333333335,-0.7214661240577698,-1.0809233074870708
BH_s10_medium,2,122,24.066666666666666,-0.7737377882003784,-1.0797988518907926
BH_s10_medium,2,123,24.1,-0.8574374318122864,-0.9981552138275742
BH_s10_medium,2,124,24.133333333333333,-0.9104120135307312,-0.821098884854231
BH_s10_medium,2,125,24.166666666666668,-0.963386595249176,-0.5459456027612627
BH_s10_medium,2,126,24.2,-1.016361117362976,-0.1867246054422837
BH_s10_medium,2,127,24.233333333333334,-1.069335699081421,0.22509101522421043
BH_s10_medium,2,128,24.266666666666666,-1.0332715511322021,0.6441848494892767
BH_s10_medium,2,129,24.3,-0.6475130915641785,1.0185281032827616
BH_s10_medium,2,130,24.333333333333332,0.03693900257349014,1.2986034289621589
BH_s10_medium,2,131,24.366666666666667,0.7213910818099976,1.446791949518187
BH_s10_medium,2,132,24.4,1.1178423166275024,1.4451233180688945
BH_s10_medium,2,133,24.433333333333334,1.1555964946746826,1.299862510816038
BH_s10_medium,2,134,24.466666666666665,1.0358326435089111,1.040802337382411
BH_s10_medium,2,135,24.5,0.9174745678901672,0.7130088720632289
BH_s10_medium,2,136,24.533333333333335,0.6945732235908508,0.3636101348137148
BH_s10_medium,2,137,24.566666666666666,0.44351503252983093,0.030615019328082176
BH_s10_medium,2,138,24.6,0.2970001697540283,-0.26257955138229655
BH_s10_medium,2,139,24.633333333333333,0.19175392389297485,-0.5073288616230889
BH_s10_medium,2,140,24.666666666666668,0.1298849880695343,-0.7059792110693078
BH_s10_medium,2,141,24.7,-0.018738577142357826,-0.8663082163909543
BH_s10_medium,2,142,24.733333333333334,-0.1851508617401123,-0.9957715636582902
BH_s10_medium,2,143,24.766666666666666,-0.3881548047065735,-1.09643390577248
BH_s10_medium,2,144,24.8,-0.5001866817474365,-1.1616897701505333
BH_s10_medium,2,145,24.833333333333332,-0.5986472964286804,-1.1760117492902804
BH_s10_medium,2,146,24.866666666666667,-0.6985136866569519,-1.1182585513220389
BH_s10_medium,2,147,24.9,-0.7561652064323425,-0.9682152356479327
BH_s10_medium,2,148,24.933333333333334,-0.8084368705749512,-0.714812490965053
BH_s10_medium,2,149,24.966666666666665,-0.8607085943222046,-0.3634297433179061
BH_s10_medium,2,150,25.0,-0.9129802584648132,0.060172773698618884
BH_s10_medium,2,151,25.033333333333335,-0.9652519226074219,0.5111786205587008
BH_s10_medium,2,152,25.066666666666666,-0.9598993062973022,0.9327363911570807
BH_s10_medium,2,153,25.1,-0.5898074507713318,1.2674850530749908
BH_s10_medium,2,154,25.133333333333333,0.041670069098472595,1.470394367652073
BH_s10_medium,2,155,25.166666666666668,0.7781504392623901,1.5182358630322983
BH_s10_medium,2,156,25.2,1.150648832321167,1.413280567791871
BH_s10_medium,2,157,25.233333333333334,1.1555964946746826,1.1814363981692877
BH_s10_medium,2,158,25.266666666666666,0.999727725982666,0.8654925377886118
BH_s10_medium,2,159,25.3,0.792290210723877,0.5144700071734235
BH_s10_medium,2,160,25.333333333333332,0.58179771900177,0.1721127569016585
BH_s10_medium,2,161,25.366666666666667,0.3713052272796631,-0.1308905720324818
BH_s10_medium,2,162,25.4,0.20792070031166077,-0.3792806538796294
BH_s10_medium,2,163,25.433333333333334,0.14907951653003693,-0.5716258098670393
BH_s10_medium,2,164,25.466666666666665,0.05040277540683746,-0.7162098039827187
BH_s10_medium,2,165,25.5,-0.0548434741795063,-0.8255294177662851
BH_s10_medium,2,166,25.533333333333335,-0.25736063718795776,-0.9105332861639714
BH_s10_medium,2,167,25.566666666666666,-0.4678531587123871,-0.975661722531585
BH_s10_medium,2,168,25.6,-0.6354550719261169,-1.015884383199414
BH_s10_medium,2,169,25.633333333333333,-0.6985136866569519,-1.0169300894063622
BH_s10_medium,2,170,25.666666666666668,-0.7514882683753967,-0.9588886559794533
BH_s10_medium,2,171,25.7,-0.8044628500938416,-0.8222836201331315
BH_s10_medium,2,172,25.733333333333334,-0.8574374318122864,-0.5954490499410963
BH_s10_medium,2,173,25.766666666666666,-0.9104120135307312,-0.28185592852408853
BH_s10_medium,2,174,25.8,-0.963386595249176,0.09524305850274406
BH_s10_medium,2,175,25.833333333333332,-1.016361117362976,0.49427010418607875
BH_s10_medium,2,176,25.866666666666667,-0.9045591950416565,0.8630579240346098
BH_s10_medium,2,177,25.9,-0.42615261673927307,1.1496905033580227
BH_s10_medium,2,178,25.933333333333334,0.3300224542617798,1.313483065682318
BH_s10_medium,2,179,25.966666666666665,1.0135420560836792,1.3338014595063767
BH_s10_medium,2,180,26.0,1.3489758968353271,1.2144569836274735
BH_s10_medium,2,181,26.033333333333335,1.3337419033050537,0.9817683679977492
BH_s10_medium,2,182,26.066666666666666,1.1755211353302002,0.6766658210370106
BH_s10_medium,2,183,26.1,0.9849532842636108,0.3434742511264915
BH_s10_medium,2,184,26.133333333333333,0.7744607925415039,0.019247556355217646
BH_s10_medium,2,185,26.166666666666668,0.563968300819397,-0.2719648699775284
BH_s10_medium,2,186,26.2,0.40645039081573486,-0.5188125605570691
BH_s10_medium,2,187,26.233333333333334,0.2784678637981415,-0.718567863538232
BH_s10_medium,2,188,26.266666666666666,0.17322160303592682,-0.8717357488414876
BH_s10_medium,2,189,26.3,0.0150007838383317,-0.9774155615658416
BH_s10_medium,2,190,26.333333333333332,-0.17064671218395233,-1.0307788046302144
BH_s10_medium,2,191,26.366666666666667,-0.3544154465198517,-1.0231287374239926
BH_s10_medium,2,192,26.4,-0.48568254709243774,-0.944299249589406
BH_s10_medium,2,193,26.433333333333334,-0.564907968044281,-0.7865268775113624
BH_s10_medium,2,194,26.466666666666665,-0.6455391049385071,-0.5488352995366532
BH_s10_medium,2,195,26.5,-0.7224258780479431,-0.2409951202303441
BH_s10_medium,2,196,26.533333333333335,-0.7746975421905518,0.11421260539820711
BH_s10_medium,2,197,26.566666666666666,-0.8269692063331604,0.4818304315340338
BH_s10_medium,2,198,26.6,-0.8574374318122864,0.8190247280725388
BH_s10_medium,2,199,26.633333333333333,-0.7200607061386108,1.0820498691234586
BH_s10_medium,2,200,26.666666666666668,-0.20530584454536438,1.234672760354947
BH_s10_medium,2,201,26.7,0.5518155694007874,1.2565244258832498
BH_s10_medium,2,202,26.733333333333334,1.1256146430969238,1.148648748140716
BH_s10_medium,2,203,26.766666666666666,1.3674947023391724,0.9328188980986674
BH_s10_medium,2,204,26.8,1.2969341278076172,0.6445427447026698
BH_s10_medium,2,205,26.833333333333332,1.1387133598327637,0.3230934839880164
BH_s10_medium,2,206,26.866666666666667,0.9643123149871826,0.0022693300051981743
BH_s10_medium,2,207,26.9,0.7538198232650757,-0.2947778816827102
BH_s10_medium,2,208,26.933333333333334,0.5581017136573792,-0.5556409516027827
BH_s10_medium,2,209,26.966666666666665,0.4528554677963257,-0.7751069026709689
BH_s10_medium,2,210,27.0,0.3476092219352722,-0.9501347730003284
BH_s10_medium,2,211,27.033333333333335,0.18938837945461273,-1.0757781821927486
BH_s10_medium,2,212,27.066666666666666,0.031167561188340187,-1.1433066405293704
BH_s10_medium,2,213,27.1,-0.08533858507871628,-1.1404315651603794
BH_s10_medium,2,214,27.133333333333333,-0.28527408838272095,-1.0536515536509774
BH_s10_medium,2,215,27.166666666666668,-0.3905203342437744,-0.8728354262215994
BH_s10_medium,2,216,27.2,-0.486615389585495,-0.596949956547727
BH_s10_medium,2,217,27.233333333333334,-0.5395900011062622,-0.2387553805916241
BH_s10_medium,2,218,27.266666666666666,-0.5925645232200623,0.17323406702702743
BH_s10_medium,2,219,27.3,-0.6525816321372986,0.5964449742953178
BH_s10_medium,2,220,27.333333333333332,-0.6921741366386414,0.9799284130288756
BH_s10_medium,2,221,27.366666666666667,-0.45843204855918884,1.2736120974955705
BH_s10_medium,2,222,27.4,0.07273294776678085,1.4388724131239257
BH_s10_medium,2,223,27.433333333333334,0.7487232685089111,1.4566549704010028
BH_s10_medium,2,224,27.466666666666665,1.1061497926712036,1.330652166257068
BH_s10_medium,2,225,27.5,1.1527713537216187,1.084759969214245
BH_s10_medium,2,226,27.533333333333335,1.045403003692627,0.7559162004594838
BH_s10_medium,2,227,27.566666666666666,0.83491051197052,0.3850712668856755
BH_s10_medium,2,228,27.6,0.6251343488693237,0.009020155557132831
BH_s10_medium,2,229,27.633333333333333,0.4669000804424286,-0.34465623552596497
BH_s10_medium,2,230,27.666666666666668,0.30869269371032715,-0.6586628419647944
BH_s10_medium,2,231,27.7,0.2564210295677185,-0.9236294176130888
BH_s10_medium,2,232,27.733333333333334,0.15117478370666504,-1.1337338620484037
BH_s10_medium,2,233,27.766666666666666,-0.00424787076190114,-1.2822724407704578
BH_s10_medium,2,234,27.8,-0.11229228973388672,-1.3589167313361465
BH_s10_medium,2,235,27.833333333333332,-0.270513117313385,-1.3498492655746939
BH_s10_medium,2,236,27.866666666666667,-0.4287339448928833,-1.2410130383555893
BH_s10_medium,2,237,27.9,-0.486615389585495,-1.0236816668910995
BH_s10_medium,2,238,27.933333333333334,-0.5862518548965454,-0.7006476906026331
BH_s10_medium,2,239,27.966666666666665,-0.638523519039154,-0.2906944116127728
BH_s10_medium,2,240,28.0,-0.6907951831817627,0.17062600425855307
BH_s10_medium,2,241,28.033333333333335,-0.7430669069290161,0.6351202769529192
BH_s10_medium,2,242,28.066666666666666,-0.6546634435653687,1.050147031555415
BH_s10_medium,2,243,28.1,-0.2179039716720581,1.368081527867502
BH_s10_medium,2,244,28.133333333333333,0.39321619272232056,1.5545301533948865
BH_s10_medium,2,245,28.166666666666668,1.0464568138122559,1.593431888911169
BH_s10_medium,2,246,28.2,1.3025842905044556,1.4881569813193514
BH_s10_medium,2,247,28.233333333333334,1.2741844654083252,1.2587459797213774
BH_s10_medium,2,248,28.266666666666666,1.168938159942627,0.9363277616518555
BH_s10_medium,2,249,28.3,0.9717873930931091,0.5564536366279642
BH_s10_medium,2,250,28.333333333333332,0.7612949013710022,0.15323263541096913
BH_s10_medium,2,251,28.366666666666667,0.5508024096488953,-0.24399996087599007
BH_s10_medium,2,252,28.4,0.39328449964523315,-0.6113160732681258
BH_s10_medium,2,253,28.433333333333334,0.2718849182128906,-0.9294487781692538
BH_s10_medium,2,254,28.466666666666665,0.16663865745067596,-1.1826108250089213
BH_s10_medium,2,255,28.5,0.008417830802500248,-1.357206834145045
BH_s10_medium,2,256,28.533333333333335,-0.1308380365371704,-1.4409330173619685
BH_s10_medium,2,257,28.566666666666666,-0.3080238103866577,-1.422853054149122
BH_s10_medium,2,258,28.6,-0.4132700562477112,-1.2949390435893178
BH_s10_medium,2,259,28.633333333333333,-0.5185163021087646,-1.0553158172943038
BH_s10_medium,2,260,28.666666666666668,-0.5707879662513733,-0.7124133901612341
BH_s10_medium,2,261,28.7,-0.6455391049385071,-0.28829383690071547
BH_s10_medium,2,262,28.733333333333334,-0.6985136866569519,0.18066255424201674
BH_s10_medium,2,263,28.766666666666666,-0.7514882683753967,0.6471988697738408
BH_s10_medium,2,264,28.8,-0.613354504108429,1.060392042871703
BH_s10_medium,2,265,28.833333333333332,-0.16159069538116455,1.3744058585537406
BH_s10_medium,2,266,28.866666666666667,0.46988677978515625,1.5563353359243772
BH_s10_medium,2,267,28.9,1.022531270980835,1.5908686006290382
BH_s10_medium,2,268,28.933333333333334,1.2085710763931274,1.4810037929891722
BH_s10_medium,2,269,28.966666666666665,1.183699131011963,1.2456097633040533
BH_s10_medium,2,270,29.0,1.0542839765548706,0.9147429189155448
BH_s10_medium,2,271,29.033333333333335,0.8967660069465637,0.5235838738467798
BH_s10_medium,2,272,29.066666666666666,0.633298933506012,0.10656290468478893
BH_s10_medium,2,273,29.1,0.42280644178390503,-0.3062785065891743
BH_s10_medium,2,274,29.133333333333333,0.23367129266262054,-0.6900658635790905
BH_s10_medium,2,275,29.166666666666668,0.12842504680156708,-1.0238623361386792
BH_s10_medium,2,276,29.2,0.02317880094051361,-1.2887363066258577
BH_s10_medium,2,277,29.233333333333334,-0.10131610184907913,-1.4665492501743598
BH_s10_medium,2,278,29.266666666666666,-0.31180858612060547,-1.5404566035692946
BH_s10_medium,2,279,29.3,-0.46932652592658997,-1.4974460224543547
BH_s10_medium,2,280,29.333333333333332,-0.5925645232200623,-1.3324165661783989
BH_s10_medium,2,281,29.366666666666667,-0.6455391049385071,-1.0525280221072653
BH_s10_medium,2,282,29.4,-0.6985136866569519,-0.6801056030642698
BH_s10_medium,2,283,29.433333333333334,-0.7135449647903442,-0.2522769959731023
BH_s10_medium,2,284,29.466666666666665,-0.7658166289329529,0.18355177136695472
BH_s10_medium,2,285,29.5,-0.7772120237350464,0.5780579306417828
BH_s10_medium,2,286,29.533333333333335,-0.42200276255607605,0.8896865596933479
BH_s10_medium,2,287,29.566666666666666,0.11644808948040009,1.0913937484965612
BH_s10_medium,2,288,29.6,0.7364088892936707,1.1728770372468635
BH_s10_medium,2,289,29.633333333333333,1.060461163520813,1.1396206521044647
BH_s10_medium,2,290,29.666666666666668,1.0925109386444092,1.0100880171566453
BH_s10_medium,2,291,29.7,0.9872646927833557,0.8120174995191611
BH_s10_medium,2,292,29.733333333333334,0.820338785648346,0.5782811388170422
BH_s10_medium,2,293,29.766666666666666,0.609846293926239,0.34229513970835584
BH_s10_medium,2,294,29.8,0.40665310621261597,0.13333863734456047
BH_s10_medium,2,295,29.833333333333332,0.3014068603515625,-0.02740663028669339
BH_s10_medium,2,296,29.866666666666667,0.20205408334732056,-0.12939374510380408
BH_s10_medium,2,297,29.9,0.09091434627771378,-0.17329039851641642
BH_s10_medium,2,298,29.933333333333334,-0.014331900514662266,-0.16961839890631183
BH_s10_medium,2,299,29.966666666666665,-0.17633751034736633,-0.13599806987286012
BH_s10_medium,3,0,30.0,-0.33077356219291687,0.08518947675795262
BH_s10_medium,3,1,30.033333333333335,-0.43601980805397034,0.43557447002368294
BH_s10_medium,3,2,30.066666666666666,-0.5412660241127014,0.7524366424714023
BH_s10_medium,3,3,30.1,-0.5935377478599548,1.0086313570483896
BH_s10_medium,3,4,30.133333333333333,-0.6458094120025635,1.1843093500738786
BH_s10_medium,3,5,30.166666666666668,-0.6985136866569519,1.2697937605144167
BH_s10_medium,3,6,30.2,-0.49002203345298767,1.265828382843757
BH_s10_medium,3,7,30.233333333333334,-0.019036445766687393,1.1825909510388883
BH_s10_medium,3,8,30.266666666666666,0.5071948170661926,1.0374704601098794
BH_s10_medium,3,9,30.3,0.9339653849601746,0.8502663775105037
BH_s10_medium,3,10,30.333333333333332,0.9966727495193481,0.6370673937019756
BH_s10_medium,3,11,30.366666666666667,0.8953736424446106,0.40649178996560553
BH_s10_medium,3,12,30.4,0.7425057888031006,0.16006926455906081
BH_s10_medium,3,13,30.433333333333334,0.5320132970809937,-0.10376526997798505
BH_s10_medium,3,14,30.466666666666665,0.32152077555656433,-0.3840433758433352
BH_s10_medium,3,15,30.5,0.2095157653093338,-0.6729857572791648
BH_s10_medium,3,16,30.533333333333335,0.10426951199769974,-0.9544651091227454
BH_s10_medium,3,17,30.566666666666666,-0.0009767361916601658,-1.204775956694126
BH_s10_medium,3,18,30.6,-0.1496271789073944,-1.3952685160460296
BH_s10_medium,3,19,30.633333333333333,-0.3071450889110565,-1.496521084350527
BH_s10_medium,3,20,30.666666666666668,-0.4756392240524292,-1.4834618945200162
BH_s10_medium,3,21,30.7,-0.5808854699134827,-1.340591332359333
BH_s10_medium,3,22,30.733333333333334,-0.6455391049385071,-1.0665959782287215
BH_s10_medium,3,23,30.766666666666666,-0.6985136866569519,-0.6777667389341102
BH_s10_medium,3,24,30.8,-0.7514882683753967,-0.2088044751300899
BH_s10_medium,3,25,30.833333333333332,-0.8044628500938416,0.2909460734661009
BH_s10_medium,3,26,30.866666666666667,-0.8422438502311707,0.765603859976809
BH_s10_medium,3,27,30.9,-0.6932286620140076,1.1626941709487713
BH_s10_medium,3,28,30.933333333333334,-0.21538986265659332,1.4421666797300623
BH_s10_medium,3,29,30.966666666666665,0.41608762741088867,1.5819213689135674
BH_s10_medium,3,30,31.0,0.977626383304596,1.578910388478219
BH_s10_medium,3,31,31.033333333333335,1.1555964946746826,1.4465774329095853
BH_s10_medium,3,32,31.066666666666666,1.122032880783081,1.2098709357799806
BH_s10_medium,3,33,31.1,1.0167866945266724,0.8992757723920546
BH_s10_medium,3,34,31.133333333333333,0.8264080882072449,0.5452571997335351
BH_s10_medium,3,35,31.166666666666668,0.6159155964851379,0.17429325904716714
BH_s10_medium,3,36,31.2,0.405423104763031,-0.19280313775533559
BH_s10_medium,3,37,31.233333333333334,0.27795422077178955,-0.5401013574048603
BH_s10_medium,3,38,31.266666666666666,0.1727079600095749,-0.8541383505985781
BH_s10_medium,3,39,31.3,0.014487138018012047,-1.1214960351061591
BH_s10_medium,3,40,31.333333333333332,-0.11869943141937256,-1.3274334998673956
BH_s10_medium,3,41,31.366666666666667,-0.27621734142303467,-1.4558737483431226
BH_s10_medium,3,42,31.4,-0.43373528122901917,-1.4907112048182103
BH_s10_medium,3,43,31.433333333333334,-0.5654215812683105,-1.4181057369826542
BH_s10_medium,3,44,31.466666666666665,-0.6176932454109192,-1.229734199747937
BH_s10_medium,3,45,31.5,-0.6985136866569519,-0.9271788212990515
BH_s10_medium,3,46,31.533333333333335,-0.7514882683753967,-0.5262089029499506
BH_s10_medium,3,47,31.566666666666666,-0.8044628500938416,-0.05847150208336388
BH_s10_medium,3,48,31.6,-0.8797545433044434,0.4308344981513053
BH_s10_medium,3,49,31.633333333333333,-0.8887978196144104,0.8893063055722653
BH_s10_medium,3,50,31.666666666666668,-0.6469318270683289,1.266259424768604
BH_s10_medium,3,51,31.7,-0.10049223154783249,1.5215155734007826
BH_s10_medium,3,52,31.733333333333334,0.5839598178863525,1.63201022029383
BH_s10_medium,3,53,31.766666666666666,1.0342779159545898,1.5950984610670509
BH_s10_medium,3,54,31.8,1.1555964946746826,1.4276849771589875
BH_s10_medium,3,55,31.833333333333332,1.0852251052856445,1.1606901783863475
BH_s10_medium,3,56,31.866666666666667,0.9799788594245911,0.830626033581287
BH_s10_medium,3,57,31.9,0.789776086807251,0.472008748539993
BH_s10_medium,3,58,31.933333333333334,0.5422999858856201,0.11272336359788833
BH_s10_medium,3,59,31.966666666666665,0.3318074941635132,-0.22749120373381113
BH_s10_medium,3,60,32.0,0.18817183375358582,-0.5360958866622885
BH_s10_medium,3,61,32.03333333333333,0.0697462409734726,-0.8055627332810938
BH_s10_medium,3,62,32.06666666666667,-0.03479710593819618,-1.0307101846222557
BH_s10_medium,3,63,32.1,-0.23351606726646423,-1.2057595584936749
BH_s10_medium,3,64,32.13333333333333,-0.3917368948459625,-1.3218986997472304
BH_s10_medium,3,65,32.166666666666664,-0.5499576926231384,-1.3666357358608399
BH_s10_medium,3,66,32.2,-0.6552039384841919,-1.3255992827192904
BH_s10_medium,3,67,32.233333333333334,-0.7074756026268005,-1.1866423580206005
BH_s10_medium,3,68,32.266666666666666,-0.759747326374054,-0.9452456549936012
BH_s10_medium,3,69,32.3,-0.8120189905166626,-0.6094802377718908
BH_s10_medium,3,70,32.333333333333336,-0.8642906546592712,-0.20261104492524964
BH_s10_medium,3,71,32.36666666666667,-0.9165623188018799,0.23838466177714737
BH_s10_medium,3,72,32.4,-0.9688339829444885,0.6678511764561531
BH_s10_medium,3,73,32.43333333333333,-1.0116167068481445,1.0373783415698483
BH_s10_medium,3,74,32.46666666666667,-0.8372294306755066,1.3023243603721912
BH_s10_medium,3,75,32.5,-0.2546848952770233,1.4308442755617612
BH_s10_medium,3,76,32.53333333333333,0.43240296840667725,1.4129546886343145
BH_s10_medium,3,77,32.56666666666667,1.0024714469909668,1.263171203572299
BH_s10_medium,3,78,32.6,1.2085710763931274,1.015000081394112
BH_s10_medium,3,79,32.63333333333333,1.155069351196289,0.7107529019352723
BH_s10_medium,3,80,32.666666666666664,1.0498231649398804,0.39076046473930537
BH_s10_medium,3,81,32.7,0.8924810290336609,0.0858259259832117
BH_s10_medium,3,82,32.733333333333334,0.6305955648422241,-0.18565758223438214
BH_s10_medium,3,83,32.766666666666666,0.4185214340686798,-0.41702391887296913
BH_s10_medium,3,84,32.8,0.31099066138267517,-0.6101718335603843
BH_s10_medium,3,85,32.833333333333336,0.2057444155216217,-0.770696689327905
BH_s10_medium,3,86,32.86666666666667,0.04752359539270401,-0.9025815712727548
BH_s10_medium,3,87,32.9,-0.10560108721256256,-1.004052250171611
BH_s10_medium,3,88,32.93333333333333,-0.26311901211738586,-1.0657856158105758
BH_s10_medium,3,89,32.96666666666667,-0.4271388649940491,-1.0720737402809595
BH_s10_medium,3,90,33.0,-0.5323851108551025,-1.0047779743949974
BH_s10_medium,3,91,33.03333333333333,-0.637631356716156,-0.8491426601575001
BH_s10_medium,3,92,33.06666666666667,-0.6899030208587646,-0.6002088813007707
BH_s10_medium,3,93,33.1,-0.7514882683753967,-0.26836027612701724
BH_s10_medium,3,94,33.13333333333333,-0.8044628500938416,0.11811300444848843
BH_s10_medium,3,95,33.166666666666664,-0.8996926546096802,0.5157874035226464
BH_s10_medium,3,96,33.2,-0.9519643187522888,0.8742742337490018
BH_s10_medium,3,97,33.233333333333334,-0.7878637909889221,1.147406971040543
BH_s10_medium,3,98,33.266666666666666,-0.29871097207069397,1.3037960099730623
BH_s10_medium,3,99,33.3,0.33276650309562683,1.3324900429655857
BH_s10_medium,3,100,33.333333333333336,0.8867626190185547,1.2423916423691503
BH_s10_medium,3,101,33.36666666666667,1.0347105264663696,1.0571618593752519
BH_s10_medium,3,102,33.4,0.9593378305435181,0.8079582194213693
BH_s10_medium,3,103,33.43333333333333,0.7644850611686707,0.5264472813269134
BH_s10_medium,3,104,33.46666666666667,0.571038007736206,0.23952223540187875
BH_s10_medium,3,105,33.5,0.3435000479221344,-0.03398431869345232
BH_s10_medium,3,106,33.53333333333333,0.1859821230173111,-0.28432618624759143
BH_s10_medium,3,107,33.56666666666667,0.0961049348115921,-0.509307097262537
BH_s10_medium,3,108,33.6,0.010012894868850708,-0.7107277383034807
BH_s10_medium,3,109,33.63333333333333,-0.07467333972454071,-0.8901245486859677
BH_s10_medium,3,110,33.666666666666664,-0.25345417857170105,-1.0450925703868987
BH_s10_medium,3,111,33.7,-0.44268375635147095,-1.1672700809261172
BH_s10_medium,3,112,33.733333333333334,-0.5698958039283752,-1.2425103674109768
BH_s10_medium,3,113,33.766666666666666,-0.6751420497894287,-1.2531527814510974
BH_s10_medium,3,114,33.8,-0.7514882683753967,-1.181983790156561
BH_s10_medium,3,115,33.833333333333336,-0.8326600193977356,-1.0171867306075146
BH_s10_medium,3,116,33.86666666666667,-0.8849316835403442,-0.7571214284394925
BH_s10_medium,3,117,33.9,-0.963386595249176,-0.41345319882188347
BH_s10_medium,3,118,33.93333333333333,-1.0424495935440063,-0.01156166865100383
BH_s10_medium,3,119,33.96666666666667,-1.069335699081421,0.41224174095272026
BH_s10_medium,3,120,34.0,-0.8646560907363892,0.8161145425503191
BH_s10_medium,3,121,34.03333333333333,-0.26578277349472046,1.159154174900504
BH_s10_medium,3,122,34.06666666666667,0.41796639561653137,1.4076271855732334
BH_s10_medium,3,123,34.1,1.0114198923110962,1.5400136778463334
BH_s10_medium,3,124,34.13333333333333,1.2085710763931274,1.549744958639674
BH_s10_medium,3,125,34.166666666666664,1.1344283819198608,1.4444726952659244
BH_s10_medium,3,126,34.2,0.9557422995567322,1.2423104991864211
BH_s10_medium,3,127,34.233333333333334,0.7452498078346252,0.9669940915369396
BH_s10_medium,3,128,34.266666666666666,0.5347573161125183,0.6435225135364353
BH_s10_medium,3,129,34.3,0.3242648243904114,0.2951820331128124
BH_s10_medium,3,130,34.333333333333336,0.1844004988670349,-0.05783601975828563
BH_s10_medium,3,131,34.36666666666667,0.07915424555540085,-0.3986400475666197
BH_s10_medium,3,132,34.4,-0.042339786887168884,-0.7130400104634217
BH_s10_medium,3,133,34.43333333333333,-0.23728740215301514,-0.9883684612551282
BH_s10_medium,3,134,34.46666666666667,-0.4103502035140991,-1.2121054263229607
BH_s10_medium,3,135,34.5,-0.6067036390304565,-1.3708102073727393
BH_s10_medium,3,136,34.53333333333333,-0.71194988489151,-1.4499560044146893
BH_s10_medium,3,137,34.56666666666667,-0.8044628500938416,-1.435233012893708
BH_s10_medium,3,138,34.6,-0.8574374318122864,-1.3154011216124009
BH_s10_medium,3,139,34.63333333333333,-0.9217394590377808,-1.0862087414767918
BH_s10_medium,3,140,34.666666666666664,-0.9740111231803894,-0.7544356273474789
BH_s10_medium,3,141,34.7,-1.026282787322998,-0.3407705549048763
BH_s10_medium,3,142,34.733333333333334,-1.0785545110702515,0.11990024271192386
BH_s10_medium,3,143,34.766666666666666,-1.1137944459915161,0.5820460456585644
BH_s10_medium,3,144,34.8,-0.8635343313217163,0.9963393447505596
BH_s10_medium,3,145,34.833333333333336,-0.17197223007678986,1.3174853495631926
BH_s10_medium,3,146,34.86666666666667,0.6177260875701904,1.511308611214157
BH_s10_medium,3,147,34.9,1.2199795246124268,1.5601675346479948
BH_s10_medium,3,148,34.93333333333333,1.3674947023391724,1.465714512519628
BH_s10_medium,3,149,34.96666666666667,1.305923342704773,1.2480383213962458
BH_s10_medium,3,150,35.0,1.1484054327011108,0.9408527163349766
BH_s10_medium,3,151,35.03333333333333,0.9379129409790039,0.5831817939605465
BH_s10_medium,3,152,35.06666666666667,0.6744458675384521,0.210229440062049
BH_s10_medium,3,153,35.1,0.4639533460140228,-0.15212433188194313
BH_s10_medium,3,154,35.13333333333333,0.30721932649612427,-0.48762536791000766
BH_s10_medium,3,155,35.166666666666664,0.14899849891662598,-0.7863073147994147
BH_s10_medium,3,156,35.2,-0.008600423112511635,-1.0397122931083385
BH_s10_medium,3,157,35.233333333333334,-0.1661183387041092,-1.2369790113322492
BH_s10_medium,3,158,35.266666666666666,-0.3766108453273773,-1.3632227798564103
BH_s10_medium,3,159,35.3,-0.5341287851333618,-1.400502971142281
BH_s10_medium,3,160,35.333333333333336,-0.6421056389808655,-1.3313899398094997
BH_s10_medium,3,161,35.36666666666667,-0.747351884841919,-1.1448223440574947
BH_s10_medium,3,162,35.4,-0.8525981307029724,-0.8426319173889829
BH_s10_medium,3,163,35.43333333333333,-0.904869794845581,-0.4440373235220507
BH_s10_medium,3,164,35.46666666666667,-0.963386595249176,0.01405594501379113
BH_s10_medium,3,165,35.5,-1.016361117362976,0.48210700802830103
BH_s10_medium,3,166,35.53333333333333,-1.1146594285964966,0.9068026964815762
BH_s10_medium,3,167,35.56666666666667,-1.077689528465271,1.2397809854203437
BH_s10_medium,3,168,35.6,-0.6378482580184937,1.4444372475817047
BH_s10_medium,3,169,35.63333333333333,0.08076202869415283,1.501390091504683
BH_s10_medium,3,170,35.666666666666664,0.8279483318328857,1.411711162220362
BH_s10_medium,3,171,35.7,1.1862401962280273,1.1955952877145626
BH_s10_medium,3,172,35.733333333333334,1.1674648523330688,0.8864544220338499
BH_s10_medium,3,173,35.766666666666666,1.0218151807785034,0.5228059245995785
BH_s10_medium,3,174,35.8,0.8113227486610413,0.1407529186852107
BH_s10_medium,3,175,35.833333333333336,0.6008302569389343,-0.23024858596677697
BH_s10_medium,3,176,35.86666666666667,0.390337735414505,-0.5677882477140903
BH_s10_medium,3,177,35.9,0.27041152119636536,-0.854662542735476
BH_s10_medium,3,178,35.93333333333333,0.2181398570537567,-1.0763506178871916
BH_s10_medium,3,179,35.96666666666667,0.07670770585536957,-1.2189283360114067
BH_s10_medium,3,180,36.0,-0.045327216386795044,-1.2685109104853083
BH_s10_medium,3,181,36.03333333333333,-0.23832812905311584,-1.2130552750576291
BH_s10_medium,3,182,36.06666666666667,-0.41474345326423645,-1.046367779242944
BH_s10_medium,3,183,36.1,-0.5729642510414124,-0.7731466030881464
BH_s10_medium,3,184,36.13333333333333,-0.6782104969024658,-0.4130308838239433
BH_s10_medium,3,185,36.166666666666664,-0.7304821610450745,-0.0011748313947864547
BH_s10_medium,3,186,36.2,-0.8044628500938416,0.4158207255790419
BH_s10_medium,3,187,36.233333333333334,-0.8574374318122864,0.788142227182844
BH_s10_medium,3,188,36.266666666666666,-0.9104120135307312,1.072717961580744
BH_s10_medium,3,189,36.3,-0.6878353953361511,1.2409047156033994
BH_s10_medium,3,190,36.333333333333336,-0.10399330407381058,1.2817910449213945
BH_s10_medium,3,191,36.36666666666667,0.5804587602615356,1.2012134102898357
BH_s10_medium,3,192,36.4,1.0778172016143799,1.0176516585656856
BH_s10_medium,3,193,36.43333333333333,1.12925124168396,0.7569201081876564
BH_s10_medium,3,194,36.46666666666667,0.9453880190849304,0.44717641252819396
BH_s10_medium,3,195,36.5,0.7348955273628235,0.11513890210356141
BH_s10_medium,3,196,36.53333333333333,0.5244030356407166,-0.21606664746995075
BH_s10_medium,3,197,36.56666666666667,0.3139105439186096,-0.5274477912954874
BH_s10_medium,3,198,36.6,0.17922334372997284,-0.8032811974673005
BH_s10_medium,3,199,36.63333333333333,0.1269516795873642,-1.0291752909985508
BH_s10_medium,3,200,36.666666666666664,0.021705428138375282,-1.1900878833185147
BH_s10_medium,3,201,36.7,-0.05128827318549156,-1.2698108510101265
BH_s10_medium,3,202,36.733333333333334,-0.2617807686328888,-1.2527601301311753
BH_s10_medium,3,203,36.766666666666666,-0.45295703411102295,-1.1280050870668348
BH_s10_medium,3,204,36.8,-0.6111778616905212,-0.8943693800865856
BH_s10_medium,3,205,36.833333333333336,-0.6985136866569519,-0.5645205687160336
BH_s10_medium,3,206,36.86666666666667,-0.7686957716941833,-0.1663159913263416
BH_s10_medium,3,207,36.9,-0.820967435836792,0.259625087331286
BH_s10_medium,3,208,36.93333333333333,-0.8732391595840454,0.6658870587957071
BH_s10_medium,3,209,36.96666666666667,-0.9104120135307312,1.0062417277618694
BH_s10_medium,3,210,37.0,-0.8142497539520264,1.2437137209135214
BH_s10_medium,3,211,37.03333333333333,-0.29850828647613525,1.3566413815799194
BH_s10_medium,3,212,37.06666666666667,0.41192397475242615,1.3412862859340842
BH_s10_medium,3,213,37.1,1.098796010017395,1.2103802788399003
BH_s10_medium,3,214,37.13333333333333,1.3674947023391724,0.9882015949218594
BH_s10_medium,3,215,37.166666666666664,1.3036388158798218,0.7038634632720613
BH_s10_medium,3,216,37.2,1.1352394819259644,0.3850641838172448
BH_s10_medium,3,217,37.233333333333334,0.9247469902038574,0.05470221475712635
BH_s10_medium,3,218,37.266666666666666,0.7054818272590637,-0.2691555226643024
BH_s10_medium,3,219,37.3,0.45078742504119873,-0.5713918791208283
BH_s10_medium,3,220,37.333333333333336,0.3006363809108734,-0.8374208207251493
BH_s10_medium,3,221,37.36666666666667,0.19539013504981995,-1.0512157166771985
BH_s10_medium,3,222,37.4,0.03716930374503136,-1.194727786033077
BH_s10_medium,3,223,37.43333333333333,-0.07333509624004364,-1.2494137106256709
BH_s10_medium,3,224,37.46666666666667,-0.28382760286331177,-1.1998460297210332
BH_s10_medium,3,225,37.5,-0.49046775698661804,-1.0385829222569063
BH_s10_medium,3,226,37.53333333333333,-0.5957139730453491,-0.7709564817940584
BH_s10_medium,3,227,37.56666666666667,-0.7009602189064026,-0.4181175041138112
BH_s10_medium,3,228,37.6,-0.753231942653656,-0.016623298995675048
BH_s10_medium,3,229,37.63333333333333,-0.8055036067962646,0.38680122732853434
BH_s10_medium,3,230,37.666666666666664,-0.8577752709388733,0.7440661737303289
BH_s10_medium,3,231,37.7,-0.9104120135307312,1.0143687385839972
BH_s10_medium,3,232,37.733333333333334,-0.6498110294342041,1.1704591763494967
BH_s10_medium,3,233,37.766666666666666,-0.07344406843185425,1.2020950391101084
BH_s10_medium,3,234,37.8,0.6615087985992432,1.1162968735722887
BH_s10_medium,3,235,37.833333333333336,1.1958643198013306,0.9340310063844852
BH_s10_medium,3,236,37.86666666666667,1.314520239830017,0.6843452033515244
BH_s10_medium,3,237,37.9,1.2131534814834595,0.39821584442437463
BH_s10_medium,3,238,37.93333333333333,1.060218095779419,0.10367150647841748
BH_s10_medium,3,239,37.96666666666667,0.849725604057312,-0.17715643691419838
BH_s10_medium,3,240,38.0,0.5862585306167603,-0.428735915489496
BH_s10_medium,3,241,38.03333333333333,0.3757660388946533,-0.6405813133860313
BH_s10_medium,3,242,38.06666666666667,0.2101510912179947,-0.8044206769657931
BH_s10_medium,3,243,38.1,0.10490485280752182,-0.9118243570107192
BH_s10_medium,3,244,38.13333333333333,-0.0003413988742977381,-0.9534505860729583
BH_s10_medium,3,245,38.166666666666664,-0.20133107900619507,-0.9202358246850391
BH_s10_medium,3,246,38.2,-0.411823570728302,-0.8064858620990761
BH_s10_medium,3,247,38.233333333333334,-0.5693414807319641,-0.6144116667516466
BH_s10_medium,3,248,38.266666666666666,-0.6861992478370667,-0.3582539799321752
BH_s10_medium,3,249,38.3,-0.7914454936981201,-0.06511404980902841
BH_s10_medium,3,250,38.333333333333336,-0.8437172174453735,0.22870144004945636
BH_s10_medium,3,251,38.36666666666667,-0.8959888815879822,0.4849906771399536
BH_s10_medium,3,252,38.4,-0.9482605457305908,0.6723518315080071
BH_s10_medium,3,253,38.43333333333333,-0.9262409806251526,0.7729547581621248
BH_s10_medium,3,254,38.46666666666667,-0.5692746639251709,0.785075198535782
BH_s10_medium,3,255,38.5,0.04567098617553711,0.7205112599952092
BH_s10_medium,3,256,38.53333333333333,0.6771484613418579,0.5985225015372878
BH_s10_medium,3,257,38.56666666666667,1.0653407573699951,0.4400492282687342
BH_s10_medium,3,258,38.6,1.1219652891159058,0.2643073138417835
BH_s10_medium,3,259,38.63333333333333,1.016719102859497,0.08778532004785312
BH_s10_medium,3,260,38.666666666666664,0.8584982752799988,-0.07529836267387585
BH_s10_medium,3,261,38.7,0.6372326612472534,-0.21264577444974336
BH_s10_medium,3,262,38.733333333333334,0.43610745668411255,-0.3142234934397025
BH_s10_medium,3,263,38.766666666666666,0.3308612108230591,-0.3727516937753215
BH_s10_medium,3,264,38.8,0.2256149798631668,-0.38417421388815515
BH_s10_medium,3,265,38.833333333333336,0.09165793657302856,-0.34837329356646596
BH_s10_medium,3,266,38.86666666666667,-0.037852101027965546,-0.27019268751797243
BH_s10_medium,3,267,38.9,-0.19607292115688324,-0.16057498923138674
BH_s10_medium,3,268,38.93333333333333,-0.3542937636375427,-0.036871295606416804
BH_s10_medium,3,269,38.96666666666667,-0.4595400094985962,0.07912382099886152
BH_s10_medium,3,270,39.0,-0.5647862553596497,0.16553585275797708
BH_s10_medium,3,271,39.03333333333333,-0.6170579195022583,0.20584754120374066
BH_s10_medium,3,272,39.06666666666667,-0.6455391049385071,0.1938565567775819
BH_s10_medium,3,273,39.1,-0.6985136866569519,0.13661847594656507
BH_s10_medium,3,274,39.13333333333333,-0.6313597559928894,0.0534460591559923
BH_s10_medium,3,275,39.166666666666664,-0.2505757212638855,-0.030866875493061566
BH_s10_medium,3,276,39.2,0.32792720198631287,-0.0961440241009407
BH_s10_medium,3,277,39.233333333333334,0.8985768556594849,-0.13397864846358995
BH_s10_medium,3,278,39.266666666666666,1.1026219129562378,-0.14887715653483644
BH_s10_medium,3,279,39.3,1.0307772159576416,-0.15419289550669227
BH_s10_medium,3,280,39.333333333333336,0.8543891310691833,-0.16523237338273875
BH_s10_medium,3,281,39.36666666666667,0.6438965797424316,-0.192922011090126
BH_s10_medium,3,282,39.4,0.4334041178226471,-0.23983166556691748
BH_s10_medium,3,283,39.43333333333333,0.2919447124004364,-0.2984932379330662
BH_s10_medium,3,284,39.46666666666667,0.23967303335666656,-0.3521529023104715
BH_s10_medium,3,285,39.5,0.1344267874956131,-0.37834207824215005
BH_s10_medium,3,286,39.53333333333333,0.02918054349720478,-0.35488797674256684
BH_s10_medium,3,287,39.56666666666667,-0.14228719472885132,-0.26717060012105304
BH_s10_medium,3,288,39.6,-0.2998051047325134,-0.11446897543747056
BH_s10_medium,3,289,39.63333333333333,-0.44548192620277405,0.0873772879229144
BH_s10_medium,3,290,39.666666666666664,-0.5507282018661499,0.3082293588552945
BH_s10_medium,3,291,39.7,-0.6455391049385071,0.510269018576419
BH_s10_medium,3,292,39.733333333333334,-0.6985136866569519,0.6576923005792096
BH_s10_medium,3,293,39.766666666666666,-0.7605177760124207,0.727571088951887
BH_s10_medium,3,294,39.8,-0.7878096699714661,0.7176764253609478
BH_s10_medium,3,295,39.833333333333336,-0.5014715194702148,0.6456070159916889
BH_s10_medium,3,296,39.86666666666667,0.03168048709630966,0.5392715683222511
BH_s10_medium,3,297,39.9,0.7099146842956543,0.4245160637358999
BH_s10_medium,3,298,39.93333333333333,1.1081368923187256,0.31561620653787015
BH_s10_medium,3,299,39.96666666666667,1.1507843732833862,0.2130223478611002
BH_s10_medium,4,0,40.0,1.0414289236068726,-0.08842920001356558
BH_s10_medium,4,1,40.03333333333333,0.8309364914894104,-0.537380389481203
BH_s10_medium,4,2,40.06666666666667,0.6204439401626587,-0.9576269393331127
BH_s10_medium,4,3,40.1,0.4119519293308258,-1.3200579359784448
BH_s10_medium,4,4,40.13333333333333,0.2550286650657654,-1.592980485142126
BH_s10_medium,4,5,40.166666666666664,0.20145943760871887,-1.745902740639321
BH_s10_medium,4,6,40.2,0.09621318429708481,-1.754726857978278
BH_s10_medium,4,7,40.233333333333334,-0.062007639557123184,-1.607507071017115
BH_s10_medium,4,8,40.266666666666666,-0.2187144011259079,-1.3097576554548715
BH_s10_medium,4,9,40.3,-0.37844929099082947,-0.888172848565852
BH_s10_medium,4,10,40.333333333333336,-0.5366700887680054,-0.39045031253642715
BH_s10_medium,4,11,40.36666666666667,-0.6419163346290588,0.12170495170751766
BH_s10_medium,4,12,40.4,-0.6941880583763123,0.5853297364016722
BH_s10_medium,4,13,40.43333333333333,-0.7464597225189209,0.9496805292896845
BH_s10_medium,4,14,40.46666666666667,-0.7987313866615295,1.185583776471128
BH_s10_medium,4,15,40.5,-0.7579226493835449,1.2869312298380586
BH_s10_medium,4,16,40.53333333333333,-0.4621899724006653,1.2651519256027017
BH_s10_medium,4,17,40.56666666666667,0.15501296520233154,1.1417282764656
BH_s10_medium,4,18,40.6,0.8394650220870972,0.9419843906078235
BH_s10_medium,4,19,40.63333333333333,1.1900790929794312,0.6908562295724913
BH_s10_medium,4,20,40.666666666666664,1.218519926071167,0.4106516034714769
BH_s10_medium,4,21,40.7,1.1239254474639893,0.12030513036753883
BH_s10_medium,4,22,40.733333333333334,0.9664075374603271,-0.1642522333239131
BH_s10_medium,4,23,40.766666666666666,0.7559150457382202,-0.4287399129656495
BH_s10_medium,4,24,40.8,0.5454225540161133,-0.6587477529842567
BH_s10_medium,4,25,40.833333333333336,0.3744412362575531,-0.8384268128315949
BH_s10_medium,4,26,40.86666666666667,0.2162204086780548,-0.9504451026052569
BH_s10_medium,4,27,40.9,0.07286880165338516,-0.9777279567447852
BH_s10_medium,4,28,40.93333333333333,-0.04724666848778725,-0.9071403759796943
BH_s10_medium,4,29,40.96666666666667,-0.20546749234199524,-0.7347795726669948
BH_s10_medium,4,30,41.0,-0.36368831992149353,-0.4712052695935363
BH_s10_medium,4,31,41.03333333333333,-0.5219091176986694,-0.14387443773942382
BH_s10_medium,4,32,41.06666666666667,-0.5925645232200623,0.20514901879404554
BH_s10_medium,4,33,41.1,-0.6455391049385071,0.526841532384597
BH_s10_medium,4,34,41.13333333333333,-0.6985136866569519,0.7763743470402421
BH_s10_medium,4,35,41.166666666666664,-0.7514882683753967,0.9236943038711701
BH_s10_medium,4,36,41.2,-0.7832674980163574,0.9598044129980152
BH_s10_medium,4,37,41.233333333333334,-0.6582593321800232,0.8960908869708096
BH_s10_medium,4,38,41.266666666666666,-0.1758245825767517,0.7572600999645155
BH_s10_medium,4,39,41.3,0.4627222716808319,0.5715280668724066
BH_s10_medium,4,40,41.333333333333336,1.0065940618515015,0.36199750714030454
BH_s10_medium,4,41,41.36666666666667,1.2085710763931274,0.1426477015741659
BH_s10_medium,4,42,41.4,1.1810091733932495,-0.08038974169346236
BH_s10_medium,4,43,41.43333333333333,1.022788405418396,-0.3043804661410045
BH_s10_medium,4,44,41.46666666666667,0.8384115695953369,-0.5247731401048158
BH_s10_medium,4,45,41.5,0.6024659872055054,-0.7313829789046798
BH_s10_medium,4,46,41.53333333333333,0.41742658615112305,-0.9069834484222233
BH_s10_medium,4,47,41.56666666666667,0.28395596146583557,-1.0280503267212042
BH_s10_medium,4,48,41.6,0.1787097007036209,-1.0678188179799921
BH_s10_medium,4,49,41.63333333333333,0.050821974873542786,-1.0021611066646778
BH_s10_medium,4,50,41.666666666666664,-0.05372137203812599,-0.8174683073281758
BH_s10_medium,4,51,41.7,-0.24297820031642914,-0.5183778009327129
BH_s10_medium,4,52,41.733333333333334,-0.40119901299476624,-0.13227926368534573
BH_s10_medium,4,53,41.766666666666666,-0.5064452886581421,0.29276195379653014
BH_s10_medium,4,54,41.8,-0.5587169528007507,0.6969637244627402
BH_s10_medium,4,55,41.833333333333336,-0.6109886169433594,1.021728205537442
BH_s10_medium,4,56,41.86666666666667,-0.663260281085968,1.2227754072609263
BH_s10_medium,4,57,41.9,-0.6985136866569519,1.279633399966944
BH_s10_medium,4,58,41.93333333333333,-0.5802777409553528,1.1986549791083927
BH_s10_medium,4,59,41.96666666666667,-0.14368028938770294,1.0082546234348089
BH_s10_medium,4,60,42.0,0.450435072183609,0.7480834921602508
BH_s10_medium,4,61,42.03333333333333,0.8803689479827881,0.45656864158490446
BH_s10_medium,4,62,42.06666666666667,0.9966727495193481,0.16134449260438125
BH_s10_medium,4,63,42.1,0.8779227137565613,-0.12366659682562357
BH_s10_medium,4,64,42.13333333333333,0.7076039910316467,-0.39449331898928347
BH_s10_medium,4,65,42.166666666666664,0.4971114993095398,-0.6502530162902552
BH_s10_medium,4,66,42.2,0.28661900758743286,-0.886494332688988
BH_s10_medium,4,67,42.233333333333334,0.13909028470516205,-1.0910620258351715
BH_s10_medium,4,68,42.266666666666666,0.0868186205625534,-1.243434943181122
BH_s10_medium,4,69,42.3,-0.01842762902379036,-1.3170444422109684
BH_s10_medium,4,70,42.333333333333336,-0.13155439496040344,-1.28422997876065
BH_s10_medium,4,71,42.36666666666667,-0.33486926555633545,-1.123652734181087
BH_s10_medium,4,72,42.4,-0.49309009313583374,-0.8289353400423188
BH_s10_medium,4,73,42.43333333333333,-0.5983363389968872,-0.41627703999226456
BH_s10_medium,4,74,42.46666666666667,-0.6985136866569519,0.0722643943674407
BH_s10_medium,4,75,42.5,-0.7514882683753967,0.5735006821971226
BH_s10_medium,4,76,42.53333333333333,-0.7551513910293579,1.0158365078478728
BH_s10_medium,4,77,42.56666666666667,-0.8074230551719666,1.3360807302797333
BH_s10_medium,4,78,42.6,-0.8551801443099976,1.494964991503238
BH_s10_medium,4,79,42.63333333333333,-0.6393216252326965,1.4854766713937504
BH_s10_medium,4,80,42.666666666666664,-0.16365908086299896,1.3313178723636672
BH_s10_medium,4,81,42.7,0.46766984462738037,1.0764950940674463
BH_s10_medium,4,82,42.733333333333334,0.941480815410614,0.7702818032361379
BH_s10_medium,4,83,42.766666666666666,1.049647331237793,0.4541626346322589
BH_s10_medium,4,84,42.8,0.9986328482627869,0.15468959087331285
BH_s10_medium,4,85,42.833333333333336,0.8933866024017334,-0.11715101417011414
BH_s10_medium,4,86,42.86666666666667,0.6855571866035461,-0.36147612197832063
BH_s10_medium,4,87,42.9,0.422090083360672,-0.5829040802063787
BH_s10_medium,4,88,42.93333333333333,0.2645721733570099,-0.7841547570402225
BH_s10_medium,4,89,42.96666666666667,0.15455417335033417,-0.9611650405502364
BH_s10_medium,4,90,43.0,0.049307916313409805,-1.1008313594487082
BH_s10_medium,4,91,43.03333333333333,-0.05593832954764366,-1.1821871476510377
BH_s10_medium,4,92,43.06666666666667,-0.21415916085243225,-1.1809320359029731
BH_s10_medium,4,93,43.1,-0.37237998843193054,-1.0763175855068678
BH_s10_medium,4,94,43.13333333333333,-0.5306007862091064,-0.8588744454442094
BH_s10_medium,4,95,43.166666666666664,-0.6358470320701599,-0.5370997220923293
BH_s10_medium,4,96,43.2,-0.6985136866569519,-0.140608378491535
BH_s10_medium,4,97,43.233333333333334,-0.7514882683753967,0.28288850032192064
BH_s10_medium,4,98,43.266666666666666,-0.8044628500938416,0.6767333560711984
BH_s10_medium,4,99,43.3,-0.8449337482452393,0.9877586396984768
BH_s10_medium,4,100,43.333333333333336,-0.9104120135307312,1.1782767525223203
BH_s10_medium,4,101,43.36666666666667,-0.7793072462081909,1.2336299494249057
BH_s10_medium,4,102,43.4,-0.36239147186279297,1.1631878744260085
BH_s10_medium,4,103,43.43333333333333,0.25377070903778076,0.9948979306813277
BH_s10_medium,4,104,43.46666666666667,0.8636071085929871,0.765582358620244
BH_s10_medium,4,105,43.5,1.1388753652572632,0.510821758075831
BH_s10_medium,4,106,43.53333333333333,1.1200459003448486,0.25727692637910665
BH_s10_medium,4,107,43.56666666666667,1.0147995948791504,0.018874272536025395
BH_s10_medium,4,108,43.6,0.8224340677261353,-0.20233401623654024
BH_s10_medium,4,109,43.63333333333333,0.6119415760040283,-0.410533598795231
BH_s10_medium,4,110,43.666666666666664,0.401449054479599,-0.6082042116414377
BH_s10_medium,4,111,43.7,0.22299261391162872,-0.7903998211688208
BH_s10_medium,4,112,43.733333333333334,0.11774636805057526,-0.9433424012347322
BH_s10_medium,4,113,43.766666666666666,-0.009844215586781502,-1.0465945415019628
BH_s10_medium,4,114,43.8,-0.1457207053899765,-1.07757802691206
BH_s10_medium,4,115,43.833333333333336,-0.3331659734249115,-1.017018727546931
BH_s10_medium,4,116,43.86666666666667,-0.4906838834285736,-0.854343557700075
BH_s10_medium,4,117,43.9,-0.6203832030296326,-0.59255210798577
BH_s10_medium,4,118,43.93333333333333,-0.6985136866569519,-0.25141228581052794
BH_s10_medium,4,119,43.96666666666667,-0.7779011130332947,0.13271781635985735
BH_s10_medium,4,120,44.0,-0.8044628500938416,0.5114701054948629
BH_s10_medium,4,121,44.03333333333333,-0.8574374318122864,0.8334801285402041
BH_s10_medium,4,122,44.06666666666667,-0.9104120135307312,1.0558835518571077
BH_s10_medium,4,123,44.1,-0.939785361289978,1.1545774983778918
BH_s10_medium,4,124,44.13333333333333,-0.7658442258834839,1.1293518070258086
BH_s10_medium,4,125,44.166666666666664,-0.1945192664861679,1.00060897392817
BH_s10_medium,4,126,44.2,0.4369582235813141,0.7994323950424882
BH_s10_medium,4,127,44.233333333333334,0.9530923366546631,0.557397918585545
BH_s10_medium,4,128,44.266666666666666,1.1026219129562378,0.3000954188293423
BH_s10_medium,4,129,44.3,1.0302635431289673,0.04509697979107618
BH_s10_medium,4,130,44.333333333333336,0.872042715549469,-0.19664922667453685
BH_s10_medium,4,131,44.36666666666667,0.6778659224510193,-0.4183561756237972
BH_s10_medium,4,132,44.4,0.43237680196762085,-0.6150235236309171
BH_s10_medium,4,133,44.43333333333333,0.2914310693740845,-0.7808761300503385
BH_s10_medium,4,134,44.46666666666667,0.186184823513031,-0.9070497747873817
BH_s10_medium,4,135,44.5,0.08093857020139694,-0.980674411927436
BH_s10_medium,4,136,44.53333333333333,-0.024307679384946823,-0.9860394943448529
BH_s10_medium,4,137,44.56666666666667,-0.1962890625,-0.9078947457741784
BH_s10_medium,4,138,44.6,-0.39372390508651733,-0.7364690643512835
BH_s10_medium,4,139,44.63333333333333,-0.4989701509475708,-0.47329594199209224
BH_s10_medium,4,140,44.666666666666664,-0.6042163968086243,-0.13603586404792728
BH_s10_medium,4,141,44.7,-0.6564880609512329,0.24011992272581645
BH_s10_medium,4,142,44.733333333333334,-0.7087597250938416,0.6064699406534988
BH_s10_medium,4,143,44.766666666666666,-0.761031448841095,0.9112735677278292
BH_s10_medium,4,144,44.8,-0.8133031129837036,1.1132828736297529
BH_s10_medium,4,145,44.833333333333336,-0.8574374318122864,1.1911465976872986
BH_s10_medium,4,146,44.86666666666667,-0.7217505574226379,1.1456613508290596
BH_s10_medium,4,147,44.9,-0.24105946719646454,0.9965525006157696
BH_s10_medium,4,148,44.93333333333333,0.39112094044685364,0.7757584168942258
BH_s10_medium,4,149,44.96666666666667,0.8537261486053467,0.5189998940240687
BH_s10_medium,4,150,45.0,0.9920499324798584,0.2576796058424853
BH_s10_medium,4,151,45.03333333333333,0.8868036866188049,0.01316407370815782
BH_s10_medium,4,152,45.06666666666667,0.7253658175468445,-0.205357396392137
BH_s10_medium,4,153,45.1,0.4618987441062927,-0.3992229737189465
BH_s10_medium,4,154,45.13333333333333,0.2532174587249756,-0.5756757083498104
BH_s10_medium,4,155,45.166666666666664,0.0961049348115921,-0.7419480415878476
BH_s10_medium,4,156,45.2,0.042724963277578354,-0.8997635527432946
BH_s10_medium,4,157,45.233333333333334,-0.009844215586781502,-1.0417438416345433
BH_s10_medium,4,158,45.266666666666666,-0.11479295790195465,-1.1503826219293778
BH_s10_medium,4,159,45.3,-0.32428503036499023,-1.1994016067637323
BH_s10_medium,4,160,45.333333333333336,-0.48420917987823486,-1.1580881208899025
BH_s10_medium,4,161,45.36666666666667,-0.6424300074577332,-0.9997478660545801
BH_s10_medium,4,162,45.4,-0.7476762533187866,-0.7127248653327067
BH_s10_medium,4,163,45.43333333333333,-0.7999479174613953,-0.30984651527193735
BH_s10_medium,4,164,45.46666666666667,-0.8522195816040039,0.16808286220681407
BH_s10_medium,4,165,45.5,-0.9044912457466125,0.6583961174386213
BH_s10_medium,4,166,45.53333333333333,-0.956762969493866,1.0909123930972429
BH_s10_medium,4,167,45.56666666666667,-1.0090346336364746,1.404293658522282
BH_s10_medium,4,168,45.6,-0.9714160561561584,1.5592410829436025
BH_s10_medium,4,169,45.63333333333333,-0.6804684996604919,1.5453358672682176
BH_s10_medium,4,170,45.666666666666664,-0.013481145724654198,1.380138865133071
BH_s10_medium,4,171,45.7,0.7138073444366455,1.1011086036518793
BH_s10_medium,4,172,45.733333333333334,1.1760478019714355,0.7535533494874895
BH_s10_medium,4,173,45.766666666666666,1.2615456581115723,0.3798412898048965
BH_s10_medium,4,174,45.8,1.1271156072616577,0.012847303661016274
BH_s10_medium,4,175,45.833333333333336,0.9695976972579956,-0.3260862487152886
BH_s10_medium,4,176,45.86666666666667,0.7591052055358887,-0.6254129546926672
BH_s10_medium,4,177,45.9,0.4956381320953369,-0.8793080886927973
BH_s10_medium,4,178,45.93333333333333,0.3381201922893524,-1.0827926157089192
BH_s10_medium,4,179,45.96666666666667,0.21781547367572784,-1.2274215481917847
BH_s10_medium,4,180,46.0,0.11256922036409378,-1.2991707660674183
BH_s10_medium,4,181,46.03333333333333,-0.04565160349011421,-1.280126731481419
BH_s10_medium,4,182,46.06666666666667,-0.23897691071033478,-1.153939731209888
BH_s10_medium,4,183,46.1,-0.3964948356151581,-0.9132947358690947
BH_s10_medium,4,184,46.13333333333333,-0.52031409740448,-0.5669354268608983
BH_s10_medium,4,185,46.166666666666664,-0.6255603432655334,-0.14348632160734168
BH_s10_medium,4,186,46.2,-0.6985136866569519,0.3100984307373271
BH_s10_medium,4,187,46.233333333333334,-0.7830782532691956,0.7365471066017599
BH_s10_medium,4,188,46.266666666666666,-0.8353499174118042,1.0806823414104354
BH_s10_medium,4,189,46.3,-0.8876215815544128,1.3013304193009845
BH_s10_medium,4,190,46.333333333333336,-0.9398932456970215,1.3791127216313537
BH_s10_medium,4,191,46.36666666666667,-0.9346082210540771,1.318411544481488
BH_s10_medium,4,192,46.4,-0.6640856266021729,1.143472327739489
BH_s10_medium,4,193,46.43333333333333,-0.0575072355568409,0.8902029726724593
BH_s10_medium,4,194,46.46666666666667,0.7065890431404114,0.596377379426965
BH_s10_medium,4,195,46.5,1.180522084236145,0.2936160229889479
BH_s10_medium,4,196,46.53333333333333,1.2892563343048096,0.0031222839834081475
BH_s10_medium,4,197,46.56666666666667,1.1840101480484009,-0.2645066817522036
BH_s10_medium,4,198,46.6,1.0019311904907227,-0.5061741783114029
BH_s10_medium,4,199,46.63333333333333,0.7914387583732605,-0.7215190806756543
BH_s10_medium,4,200,46.666666666666664,0.5809462666511536,-0.9080767795595235
BH_s10_medium,4,201,46.7,0.37045374512672424,-1.0576412978230223
BH_s10_medium,4,202,46.733333333333334,0.23398225009441376,-1.1548574511720258
BH_s10_medium,4,203,46.766666666666666,0.1287360042333603,-1.1786890969007469
BH_s10_medium,4,204,46.8,-0.009844215586781502,-1.106921850730809
BH_s10_medium,4,205,46.833333333333336,-0.15366877615451813,-0.9232571141378675
BH_s10_medium,4,206,46.86666666666667,-0.36416128277778625,-0.6255148593080175
BH_s10_medium,4,207,46.9,-0.5041472911834717,-0.23255154053569158
BH_s10_medium,4,208,46.93333333333333,-0.6093935370445251,0.21356385337764108
BH_s10_medium,4,209,46.96666666666667,-0.6985136866569519,0.6538622981336664
BH_s10_medium,4,210,47.0,-0.7514882683753967,1.0258531509079116
BH_s10_medium,4,211,47.03333333333333,-0.8191831707954407,1.2775587515613926
BH_s10_medium,4,212,47.06666666666667,-0.8714548349380493,1.377862884457684
BH_s10_medium,4,213,47.1,-0.8970975279808044,1.3216539465718327
BH_s10_medium,4,214,47.13333333333333,-0.635455846786499,1.128786748753587
BH_s10_medium,4,215,47.166666666666664,-0.044341329485177994,0.8365123604083253
BH_s10_medium,4,216,47.2,0.6289049983024597,0.4880964025885791
BH_s10_medium,4,217,47.233333333333334,1.060150146484375,0.12290391874404395
BH_s10_medium,4,218,47.266666666666666,1.0928219556808472,-0.22898883557466854
BH_s10_medium,4,219,47.3,0.9346010684967041,-0.5473434271187703
BH_s10_medium,4,220,47.333333333333336,0.7679861187934875,-0.8187177820151736
BH_s10_medium,4,221,47.36666666666667,0.5574936270713806,-1.03223788684141
BH_s10_medium,4,222,47.4,0.35398945212364197,-1.1761847443815685
BH_s10_medium,4,223,47.43333333333333,0.2487432211637497,-1.236585566869436
BH_s10_medium,4,224,47.46666666666667,0.19647154211997986,-1.1984627028171395
BH_s10_medium,4,225,47.5,0.08634565770626068,-1.0497371055750688
BH_s10_medium,4,226,47.53333333333333,-0.0669955313205719,-0.7868381285802594
BH_s10_medium,4,227,47.56666666666667,-0.22869019210338593,-0.42024598129058677
BH_s10_medium,4,228,47.6,-0.3834371864795685,0.02169568672756127
BH_s10_medium,4,229,47.63333333333333,-0.48868343234062195,0.4920003077237387
BH_s10_medium,4,230,47.666666666666664,-0.5925645232200623,0.9293571362056832
BH_s10_medium,4,231,47.7,-0.6455391049385071,1.2697675015079353
BH_s10_medium,4,232,47.733333333333334,-0.6984730362892151,1.4627104100467805
BH_s10_medium,4,233,47.766666666666666,-0.7507447004318237,1.4844092928716557
BH_s10_medium,4,234,47.8,-0.5954575538635254,1.3428621722585914
BH_s10_medium,4,235,47.833333333333336,-0.17951491475105286,1.0725052469260874
BH_s10_medium,4,236,47.86666666666667,0.44981318712234497,0.72139296900811
BH_s10_medium,4,237,47.9,0.9330325722694397,0.3381118704783011
BH_s10_medium,4,238,47.93333333333333,1.0983637571334839,-0.03725650258983333
BH_s10_medium,4,239,47.96666666666667,0.953620195388794,-0.37748875677177557
BH_s10_medium,4,240,48.0,0.7961022257804871,-0.6681517560065553
BH_s10_medium,4,241,48.03333333333333,0.5326351523399353,-0.903997226644435
BH_s10_medium,4,242,48.06666666666667,0.3680475354194641,-1.0834294811245277
BH_s10_medium,4,243,48.1,0.20982670783996582,-1.2030692868592574
BH_s10_medium,4,244,48.13333333333333,0.14907951653003693,-1.2544419390621988
BH_s10_medium,4,245,48.166666666666664,0.052308786660432816,-1.2244516053718095
BH_s10_medium,4,246,48.2,-0.05293745920062065,-1.0996161468582695
BH_s10_medium,4,247,48.233333333333334,-0.25354862213134766,-0.8723426921864996
BH_s10_medium,4,248,48.266666666666666,-0.4640411138534546,-0.5471650178278332
BH_s10_medium,4,249,48.3,-0.5805745124816895,-0.14486708613197766
BH_s10_medium,4,250,48.333333333333336,-0.6455391049385071,0.2971345034115053
BH_s10_medium,4,251,48.36666666666667,-0.6985136866569519,0.7290216179795874
BH_s10_medium,4,252,48.4,-0.7514882683753967,1.0969458054137047
BH_s10_medium,4,253,48.43333333333333,-0.8044628500938416,1.3536937171825638
BH_s10_medium,4,254,48.46666666666667,-0.8574374318122864,1.4685579827629422
BH_s10_medium,4,255,48.5,-0.6941615343093872,1.432594372944836
BH_s10_medium,4,256,48.53333333333333,-0.20034518837928772,1.2578329349865256
BH_s10_medium,4,257,48.56666666666667,0.4495832324028015,0.9716269484617069
BH_s10_medium,4,258,48.6,0.9763826131820679,0.6088851819957295
BH_s10_medium,4,259,48.63333333333333,1.1365773677825928,0.20587478484977406
BH_s10_medium,4,260,48.666666666666664,1.0693693161010742,-0.20310706716214785
BH_s10_medium,4,261,48.7,0.964123010635376,-0.5874195556256956
BH_s10_medium,4,262,48.733333333333334,0.7740554213523865,-0.9208448197918276
BH_s10_medium,4,263,48.766666666666666,0.5635629296302795,-1.1813649276560474
BH_s10_medium,4,264,48.8,0.3530704379081726,-1.350506463833291
BH_s10_medium,4,265,48.833333333333336,0.22529058158397675,-1.413302401178424
BH_s10_medium,4,266,48.86666666666667,0.12004433572292328,-1.3595611263743643
BH_s10_medium,4,267,48.9,0.014798086136579514,-1.1865702652979873
BH_s10_medium,4,268,48.93333333333333,-0.11807753145694733,-0.902194510029053
BH_s10_medium,4,269,48.96666666666667,-0.3016435503959656,-0.5263700014443937
BH_s10_medium,4,270,49.0,-0.43311336636543274,-0.09028654648565868
BH_s10_medium,4,271,49.03333333333333,-0.5395900011062622,0.36602069419671884
BH_s10_medium,4,272,49.06666666666667,-0.617382287979126,0.7973029838122485
BH_s10_medium,4,273,49.1,-0.6696540117263794,1.157974229840398
BH_s10_medium,4,274,49.13333333333333,-0.721925675868988,1.4080873354632808
BH_s10_medium,4,275,49.166666666666664,-0.8044628500938416,1.5199393830890626
BH_s10_medium,4,276,49.2,-0.760450541973114,1.4835383327933929
BH_s10_medium,4,277,49.233333333333334,-0.4330737888813019,1.3081463722629336
BH_s10_medium,4,278,49.266666666666666,0.09315747022628784,1.0192705661993966
BH_s10_medium,4,279,49.3,0.5994912981987,0.6527656961980649
BH_s10_medium,4,280,49.333333333333336,0.9099181294441223,0.2481121544520434
BH_s10_medium,4,281,49.36666666666667,0.9436981678009033,-0.15706747915272493
BH_s10_medium,4,282,49.4,0.872934877872467,-0.5300894815911904
BH_s10_medium,4,283,49.43333333333333,0.7506027817726135,-0.8437631558238847
BH_s10_medium,4,284,49.46666666666667,0.5401102900505066,-1.0755534482700988
BH_s10_medium,4,285,49.5,0.34529781341552734,-1.207383394315028
BH_s10_medium,4,286,49.53333333333333,0.18707697093486786,-1.2270910287500907
BH_s10_medium,4,287,49.56666666666667,0.08183073252439499,-1.1312421783514202
BH_s10_medium,4,288,49.6,-0.009844215586781502,-0.9281626959254099
BH_s10_medium,4,289,49.63333333333333,-0.12866176664829254,-0.6394548173265173
BH_s10_medium,4,290,49.666666666666664,-0.28688257932662964,-0.2986685901855252
BH_s10_medium,4,291,49.7,-0.44510340690612793,0.05344812895974793
BH_s10_medium,4,292,49.733333333333334,-0.5395900011062622,0.3759038907558584
BH_s10_medium,4,293,49.766666666666666,-0.60262131690979,0.6338026629294062
BH_s10_medium,4,294,49.8,-0.6455391049385071,0.8027021068929279
BH_s10_medium,4,295,49.833333333333336,-0.6985136866569519,0.871240214298499
BH_s10_medium,4,296,49.86666666666667,-0.7514882683753967,0.8418449862041785
BH_s10_medium,4,297,49.9,-0.684023380279541,0.7288564397702257
BH_s10_medium,4,298,49.93333333333333,-0.3479548990726471,0.5546366780479722
BH_s10_medium,4,299,49.96666666666667,0.1253017634153366,0.34539832181510843
