recording_id,measurement_id,sample_index,time_seconds,gt_signal,predicted_signal
BH_s34_medium,0,0,0.0,1.0224463939666748,-0.17008599313757436
BH_s34_medium,0,1,0.03333333333333333,1.6359633207321167,-0.3707836602311326
BH_s34_medium,0,2,0.06666666666666667,1.5418577194213867,-0.5915365430109806
BH_s34_medium,0,3,0.1,1.1357561349868774,-0.8434262958035349
BH_s34_medium,0,4,0.13333333333333333,0.676491379737854,-1.1170485798527638
BH_s34_medium,0,5,0.16666666666666666,0.41416698694229126,-1.380236145371972
BH_s34_medium,0,6,0.2,0.3078405559062958,-1.5829014632787717
BH_s34_medium,0,7,0.23333333333333334,0.3026030361652374,-1.6684905026797912
BH_s34_medium,0,8,0.26666666666666666,0.34703707695007324,-1.5897370295018627
BH_s34_medium,0,9,0.3,0.3540204167366028,-1.3246734394300592
BH_s34_medium,0,10,0.3333333333333333,0.21722662448883057,-0.8878660093943272
BH_s34_medium,0,11,0.36666666666666664,-0.03811444342136383,-0.332162579703842
BH_s34_medium,0,12,0.4,-0.2934555113315582,0.26157794132796297
BH_s34_medium,0,13,0.43333333333333335,-0.5487965941429138,0.8047708821201561
BH_s34_medium,0,14,0.4666666666666667,-0.6621063947677612,1.223973558603043
BH_s34_medium,0,15,0.5,-0.7257446050643921,1.4770930941207525
BH_s34_medium,0,16,0.5333333333333333,-0.7257446050643921,1.5579369166886505
BH_s34_medium,0,17,0.5666666666666667,-0.7257446050643921,1.490323950575337
BH_s34_medium,0,18,0.6,-0.7614494562149048,1.3161843222916918
BH_s34_medium,0,19,0.6333333333333333,-0.7771620154380798,1.0822850174689889
BH_s34_medium,0,20,0.6666666666666666,-0.8625383973121643,0.8294464640383544
BH_s34_medium,0,21,0.7,-0.9645002484321594,0.5866843953302936
BH_s34_medium,0,22,0.7333333333333333,-1.09867525100708,0.37050932728812463
BH_s34_medium,0,23,0.7666666666666667,-1.157160758972168,0.18766858813442666
BH_s34_medium,0,24,0.8,-0.7181426882743835,0.03897721705686452
BH_s34_medium,0,25,0.8333333333333334,0.18720827996730804,-0.0775126482822541
BH_s34_medium,0,26,0.8666666666666667,1.1493836641311646,-0.16465267300456976
BH_s34_medium,0,27,0.9,1.6158862113952637,-0.22545359616516847
BH_s34_medium,0,28,0.9333333333333333,1.4287174940109253,-0.26301510008874035
BH_s34_medium,0,29,0.9666666666666667,0.9947673678398132,-0.280752355983865
BH_s34_medium,0,30,1.0,0.5616053342819214,-0.28256822496924905
BH_s34_medium,0,31,1.0333333333333334,0.3053065836429596,-0.2728107476817985
BH_s34_medium,0,32,1.0666666666666667,0.25118565559387207,-0.2563128230194324
BH_s34_medium,0,33,1.1,0.32521411776542664,-0.23893934901168312
BH_s34_medium,0,34,1.1333333333333333,0.40543779730796814,-0.22846868769289455
BH_s34_medium,0,35,1.1666666666666667,0.3845725357532501,-0.2349362812857945
BH_s34_medium,0,36,1.2,0.19120866060256958,-0.26953801012215994
BH_s34_medium,0,37,1.2333333333333334,-0.06325950473546982,-0.34179500501973503
BH_s34_medium,0,38,1.2666666666666666,-0.317727655172348,-0.45547184631960697
BH_s34_medium,0,39,1.3,-0.5374486446380615,-0.6043948153257789
BH_s34_medium,0,40,1.3333333333333333,-0.6394104957580566,-0.7696768673875083
BH_s34_medium,0,41,1.3666666666666667,-0.6743272542953491,-0.9198909587382964
BH_s34_medium,0,42,1.4,-0.6743272542953491,-1.015347044539657
BH_s34_medium,0,43,1.4333333333333333,-0.6743272542953491,-1.0165390924928166
BH_s34_medium,0,44,1.4666666666666666,-0.7257446050643921,-0.8950901810258245
BH_s34_medium,0,45,1.5,-0.7892980575561523,-0.6439433011127051
BH_s34_medium,0,46,1.5333333333333334,-0.8398424983024597,-0.2830708218450385
BH_s34_medium,0,47,1.5666666666666667,-0.9418043494224548,0.14201802083257695
BH_s34_medium,0,48,1.6,-1.0437662601470947,0.5694322895717141
BH_s34_medium,0,49,1.6333333333333333,-1.1457281112670898,0.935376061478347
BH_s34_medium,0,50,1.6666666666666667,-0.9876200556755066,1.1893569616283683
BH_s34_medium,0,51,1.7,-0.2454199343919754,1.30507240723326
BH_s34_medium,0,52,1.7333333333333334,0.8316415548324585,1.283707206679342
BH_s34_medium,0,53,1.7666666666666666,1.7577478885650635,1.1494185918588107
BH_s34_medium,0,54,1.8,1.935119867324829,0.9395035466461461
BH_s34_medium,0,55,1.8333333333333333,1.625827431678772,0.6930254039147357
BH_s34_medium,0,56,1.8666666666666667,1.2205140590667725,0.4413081088674716
BH_s34_medium,0,57,1.9,0.9677069187164307,0.20248892878668268
BH_s34_medium,0,58,1.9333333333333333,0.8159887194633484,-0.018895081308679715
BH_s34_medium,0,59,1.9666666666666666,0.7140268683433533,-0.22751172562793545
BH_s34_medium,0,60,2.0,0.6625247001647949,-0.4296304005316025
BH_s34_medium,0,61,2.033333333333333,0.611107349395752,-0.6251133118478548
BH_s34_medium,0,62,2.066666666666667,0.46226224303245544,-0.8022063957017237
BH_s34_medium,0,63,2.1,0.26191502809524536,-0.9374810637838268
BH_s34_medium,0,64,2.1333333333333333,0.007446859963238239,-1.001268368320137
BH_s34_medium,0,65,2.1666666666666665,-0.20092619955539703,-0.9666658377539056
BH_s34_medium,0,66,2.2,-0.4048498868942261,-0.8187879250569987
BH_s34_medium,0,67,2.2333333333333334,-0.5644243359565735,-0.5609971663104176
BH_s34_medium,0,68,2.2666666666666666,-0.6149687767028809,-0.2162669892402179
BH_s34_medium,0,69,2.3,-0.665513277053833,0.1763313190692569
BH_s34_medium,0,70,2.3333333333333335,-0.6743272542953491,0.5687010919590988
BH_s34_medium,0,71,2.3666666666666667,-0.7257446050643921,0.9124737382223012
BH_s34_medium,0,72,2.4,-0.8171466588973999,1.1675249525754543
BH_s34_medium,0,73,2.433333333333333,-0.8799967765808105,1.308484016948011
BH_s34_medium,0,74,2.466666666666667,-0.9696529507637024,1.3277394463616845
BH_s34_medium,0,75,2.5,-1.0716148614883423,1.2342391343354837
BH_s34_medium,0,76,2.533333333333333,-1.137083649635315,1.0488048739431954
BH_s34_medium,0,77,2.566666666666667,-1.22412109375,0.7978804640958108
BH_s34_medium,0,78,2.6,-1.2746655941009521,0.5077756460442817
BH_s34_medium,0,79,2.6333333333333333,-1.2574615478515625,0.2007235426199712
BH_s34_medium,0,80,2.6666666666666665,-0.7188209891319275,-0.10689695563274695
BH_s34_medium,0,81,2.7,0.29609379172325134,-0.40451408771463565
BH_s34_medium,0,82,2.7333333333333334,1.437835931777954,-0.6860347578821723
BH_s34_medium,0,83,2.7666666666666666,2.0087244510650635,-0.9475492596453934
BH_s34_medium,0,84,2.8,1.9108476638793945,-1.184111219459802
BH_s34_medium,0,85,2.8333333333333335,1.4734907150268555,-1.3859703216754977
BH_s34_medium,0,86,2.8666666666666667,1.144824504852295,-1.5356839228898973
BH_s34_medium,0,87,2.9,0.9441381096839905,-1.608271028540337
BH_s34_medium,0,88,2.933333333333333,0.8421762585639954,-1.5759347190611699
BH_s34_medium,0,89,2.966666666666667,0.7402144074440002,-1.4169135465201619
BH_s34_medium,0,90,3.0,0.6382525563240051,-1.1256593185949377
BH_s34_medium,0,91,3.033333333333333,0.53629070520401,-0.7200410209110448
BH_s34_medium,0,92,3.066666666666667,0.4118025600910187,-0.24168836700662527
BH_s34_medium,0,93,3.1,0.18622548878192902,0.2517950763879824
BH_s34_medium,0,94,3.1333333333333333,-0.06824266165494919,0.7001814923395416
BH_s34_medium,0,95,3.1666666666666665,-0.30280327796936035,1.054247062208977
BH_s34_medium,0,96,3.2,-0.48769232630729675,1.2846299505896028
BH_s34_medium,0,97,3.2333333333333334,-0.5896541476249695,1.383642968301125
BH_s34_medium,0,98,3.2666666666666666,-0.6743272542953491,1.3612330600951976
BH_s34_medium,0,99,3.3,-0.7257446050643921,1.2384458389571633
BH_s34_medium,0,100,3.3333333333333335,-0.7412875890731812,1.0416072106684673
BH_s34_medium,0,101,3.3666666666666667,-0.7918320298194885,0.7986973422644565
BH_s34_medium,0,102,3.4,-0.8937938809394836,0.5375537119762464
BH_s34_medium,0,103,3.433333333333333,-0.9957557320594788,0.28466252405768555
BH_s34_medium,0,104,3.466666666666667,-1.097717523574829,0.0636074095583263
BH_s34_medium,0,105,3.5,-1.1996793746948242,-0.10693601406288528
BH_s34_medium,0,106,3.533333333333333,-1.3016412258148193,-0.21522556986632455
BH_s34_medium,0,107,3.566666666666667,-1.4036030769348145,-0.2578860068665802
BH_s34_medium,0,108,3.6,-1.4284687042236328,-0.24017682808247204
BH_s34_medium,0,109,3.6333333333333333,-1.0164860486984253,-0.17491177259420676
BH_s34_medium,0,110,3.6666666666666665,0.017632924020290375,-0.08050615833293981
BH_s34_medium,0,111,3.7,1.1846897602081299,0.021183680171278786
BH_s34_medium,0,112,3.7333333333333334,1.9016097784042358,0.10717678120521638
BH_s34_medium,0,113,3.7666666666666666,1.832539439201355,0.15622271145276087
BH_s34_medium,0,114,3.8,1.4138528108596802,0.15203338150777354
BH_s34_medium,0,115,3.8333333333333335,0.9098148941993713,0.08598150884322285
BH_s34_medium,0,116,3.8666666666666667,0.6079548001289368,-0.041584488257219186
BH_s34_medium,0,117,3.9,0.4568551778793335,-0.22159931934846222
BH_s34_medium,0,118,3.933333333333333,0.4568551778793335,-0.43770436746973074
BH_s34_medium,0,119,3.966666666666667,0.5082725882530212,-0.6680653114383327
BH_s34_medium,0,120,4.0,0.5596899390220642,-0.8867525031305895
BH_s34_medium,0,121,4.033333333333333,0.4110144376754761,-1.0644486059360125
BH_s34_medium,0,122,4.066666666666666,0.15933459997177124,-1.1694519049725811
BH_s34_medium,0,123,4.1,-0.09966771304607391,-1.1707493581644008
BH_s34_medium,0,124,4.133333333333334,-0.40642616152763367,-1.0443228608369513
BH_s34_medium,0,125,4.166666666666667,-0.6103498339653015,-0.7817922339021209
BH_s34_medium,0,126,4.2,-0.7185916900634766,-0.39804552622431594
BH_s34_medium,0,127,4.233333333333333,-0.7257446050643921,0.0665128307576042
BH_s34_medium,0,128,4.266666666666667,-0.7257446050643921,0.5518469662858968
BH_s34_medium,0,129,4.3,-0.7673903107643127,0.9914407070467948
BH_s34_medium,0,130,4.333333333333333,-0.8179348111152649,1.328175931469671
BH_s34_medium,0,131,4.366666666666666,-0.91989666223526,1.5269103733726348
BH_s34_medium,0,132,4.4,-1.0218584537506104,1.579447696599816
BH_s34_medium,0,133,4.433333333333334,-1.1238203048706055,1.5012278132975796
BH_s34_medium,0,134,4.466666666666667,-1.188501000404358,1.3223873742656207
BH_s34_medium,0,135,4.5,-1.2763266563415527,1.0773519849497395
BH_s34_medium,0,136,4.533333333333333,-1.3427531719207764,0.7965006390440641
BH_s34_medium,0,137,4.566666666666666,-1.0319441556930542,0.5015613377970219
BH_s34_medium,0,138,4.6,-0.04555630683898926,0.20458559861440154
BH_s34_medium,0,139,4.633333333333334,1.211775302886963,-0.09043385458096752
BH_s34_medium,0,140,4.666666666666667,2.140220880508423,-0.3839821840013901
BH_s34_medium,0,141,4.7,2.245539426803589,-0.6759750009113261
BH_s34_medium,0,142,4.733333333333333,1.8478877544403076,-0.9604443233175268
BH_s34_medium,0,143,4.766666666666667,1.3675034046173096,-1.2219968596938693
BH_s34_medium,0,144,4.8,1.0167598724365234,-1.4359219716104736
BH_s34_medium,0,145,4.833333333333333,0.8405151963233948,-1.5725184337561253
BH_s34_medium,0,146,4.866666666666666,0.7653594613075256,-1.6044168798969376
BH_s34_medium,0,147,4.9,0.7139421105384827,-1.5143867177232224
BH_s34_medium,0,148,4.933333333333334,0.6888818144798279,-1.3010131104243723
BH_s34_medium,0,149,4.966666666666667,0.5627326369285583,-0.9805566811526513
BH_s34_medium,0,150,5.0,0.3354944884777069,-0.584646901328973
BH_s34_medium,0,151,5.033333333333333,0.05205046385526657,-0.15462434942305645
BH_s34_medium,0,152,5.066666666666666,-0.2547079920768738,0.2659406359795593
BH_s34_medium,0,153,5.1,-0.510049045085907,0.6386085014190491
BH_s34_medium,0,154,5.133333333333334,-0.6427326202392578,0.9352423264764502
BH_s34_medium,0,155,5.166666666666667,-0.7257446050643921,1.1397136564514354
BH_s34_medium,0,156,5.2,-0.7438215613365173,1.2466480795111097
BH_s34_medium,0,157,5.233333333333333,-0.7771620154380798,1.25904543552114
BH_s34_medium,0,158,5.266666666666667,-0.8285793662071228,1.1862987901429827
BH_s34_medium,0,159,5.3,-0.8954549431800842,1.0429555596738374
BH_s34_medium,0,160,5.333333333333333,-0.9828315377235413,0.8478163188050463
BH_s34_medium,0,161,5.366666666666666,-1.0479612350463867,0.6228788293962687
BH_s34_medium,0,162,5.4,-1.1499230861663818,0.39182286721549736
BH_s34_medium,0,163,5.433333333333334,-1.251884937286377,0.17792065132807397
BH_s34_medium,0,164,5.466666666666667,-1.3427531719207764,0.0013975521577848354
BH_s34_medium,0,165,5.5,-1.4043912887573242,-0.12347221902881618
BH_s34_medium,0,166,5.533333333333333,-1.4081969261169434,-0.19082279816404307
BH_s34_medium,0,167,5.566666666666666,-0.7353562116622925,-0.20426356192893946
BH_s34_medium,0,168,5.6,0.4528453052043915,-0.17591983561583913
BH_s34_medium,0,169,5.633333333333334,1.8028507232666016,-0.12353164568736606
BH_s34_medium,0,170,5.666666666666667,2.4621331691741943,-0.06643533474059042
BH_s34_medium,0,171,5.7,2.2879483699798584,-0.02165119000837251
BH_s34_medium,0,172,5.733333333333333,1.773155927658081,-0.0011627045299083122
BH_s34_medium,0,173,5.766666666666667,1.318001389503479,-0.010864702255615798
BH_s34_medium,0,174,5.8,1.0177175998687744,-0.05092860558651599
BH_s34_medium,0,175,5.833333333333333,0.8667027354240417,-0.11704889966692007
BH_s34_medium,0,176,5.866666666666666,0.7647408843040466,-0.2023395106910919
BH_s34_medium,0,177,5.9,0.7139421105384827,-0.2998059859279084
BH_s34_medium,0,178,5.933333333333334,0.6122345924377441,-0.40475821003704227
BH_s34_medium,0,179,5.966666666666667,0.46085554361343384,-0.5158160017247292
BH_s34_medium,0,180,6.0,0.2083875834941864,-0.6332506141018887
BH_s34_medium,0,181,6.033333333333333,-0.10124398022890091,-0.7546969047762497
BH_s34_medium,0,182,6.066666666666666,-0.4033834934234619,-0.8702005375737991
BH_s34_medium,0,183,6.1,-0.6633434891700745,-0.95958303580582
BH_s34_medium,0,184,6.133333333333334,-0.8222146034240723,-0.9941983794611089
BH_s34_medium,0,185,6.166666666666667,-0.8799967765808105,-0.9431732439722648
BH_s34_medium,0,186,6.2,-0.8799967765808105,-0.7825357631064203
BH_s34_medium,0,187,6.233333333333333,-0.9224306344985962,-0.504611727950325
BH_s34_medium,0,188,6.266666666666667,-0.9729750752449036,-0.12461987002783163
BH_s34_medium,0,189,6.3,-1.023519515991211,0.3182906480257978
BH_s34_medium,0,190,6.333333333333333,-1.125481367111206,0.7669921722349939
BH_s34_medium,0,191,6.366666666666666,-1.2274432182312012,1.1584033868486039
BH_s34_medium,0,192,6.4,-1.3294050693511963,1.4380112544969808
BH_s34_medium,0,193,6.433333333333334,-1.4313669204711914,1.5719812550004273
BH_s34_medium,0,194,6.466666666666667,-1.5333287715911865,1.5530265736224713
BH_s34_medium,0,195,6.5,-1.5998401641845703,1.398894681223212
BH_s34_medium,0,196,6.533333333333333,-1.2549622058868408,1.1450149299695687
BH_s34_medium,0,197,6.566666666666666,-0.2184537798166275,0.834441641527314
BH_s34_medium,0,198,6.6,1.1735866069793701,0.5083487707933001
BH_s34_medium,0,199,6.633333333333334,2.242547035217285,0.19926352460077656
BH_s34_medium,0,200,6.666666666666667,2.348543882369995,-0.07229565253799349
BH_s34_medium,0,201,6.7,1.8695160150527954,-0.2981908236996187
BH_s34_medium,0,202,6.733333333333333,1.2577449083328247,-0.4806687553024495
BH_s34_medium,0,203,6.766666666666667,0.7029082179069519,-0.6284157490459114
BH_s34_medium,0,204,6.8,0.4806783199310303,-0.7511836310696034
BH_s34_medium,0,205,6.833333333333333,0.4321591258049011,-0.8541807634936982
BH_s34_medium,0,206,6.866666666666666,0.5599693655967712,-0.9342336157854899
BH_s34_medium,0,207,6.9,0.6875001788139343,-0.979617748784894
BH_s34_medium,0,208,6.933333333333334,0.6384221315383911,-0.973946142295509
BH_s34_medium,0,209,6.966666666666667,0.38716620206832886,-0.9026694149548093
BH_s34_medium,0,210,7.0,0.02986329235136509,-0.7598306486736862
BH_s34_medium,0,211,7.033333333333333,-0.3489234447479248,-0.5526770650817672
BH_s34_medium,0,212,7.066666666666666,-0.6127142906188965,-0.30217631081098784
BH_s34_medium,0,213,7.1,-0.7968999743461609,-0.0387313165758131
BH_s34_medium,0,214,7.133333333333334,-0.8285793662071228,0.20553768270520442
BH_s34_medium,0,215,7.166666666666667,-0.8285793662071228,0.40485852421828905
BH_s34_medium,0,216,7.2,-0.7942812442779541,0.5450010670788897
BH_s34_medium,0,217,7.233333333333333,-0.8285793662071228,0.6238572246023755
BH_s34_medium,0,218,7.266666666666667,-0.8953701257705688,0.6479154734958252
BH_s34_medium,0,219,7.3,-0.9828315377235413,0.6270802424006082
BH_s34_medium,0,220,7.333333333333333,-1.099293828010559,0.570907607720267
BH_s34_medium,0,221,7.366666666666666,-1.2012556791305542,0.4880033281773578
BH_s34_medium,0,222,7.4,-1.3032175302505493,0.38766234076858236
BH_s34_medium,0,223,7.433333333333334,-1.236291766166687,0.2810618750515847
BH_s34_medium,0,224,7.466666666666667,-0.40858033299446106,0.1800754647173978
BH_s34_medium,0,225,7.5,0.8950409889221191,0.09403141265726425
BH_s34_medium,0,226,7.533333333333333,2.1609418392181396,0.02649112723729535
BH_s34_medium,0,227,7.566666666666666,2.557450771331787,-0.02560248328566032
BH_s34_medium,0,228,7.6,2.2232425212860107,-0.06928322412227846
BH_s34_medium,0,229,7.633333333333334,1.6562446355819702,-0.11053348101454988
BH_s34_medium,0,230,7.666666666666667,1.1571049690246582,-0.14999295147794645
BH_s34_medium,0,231,7.7,0.8601433038711548,-0.18246815733045804
BH_s34_medium,0,232,7.733333333333333,0.7139421105384827,-0.20062601862689813
BH_s34_medium,0,233,7.766666666666667,0.7162216901779175,-0.20021217829805166
BH_s34_medium,0,234,7.8,0.7653594613075256,-0.183293832511693
BH_s34_medium,0,235,7.833333333333333,0.7134082913398743,-0.15763212566823484
BH_s34_medium,0,236,7.866666666666666,0.5092899799346924,-0.13290103305184098
BH_s34_medium,0,237,7.9,0.15319909155368805,-0.11622378411541207
BH_s34_medium,0,238,7.933333333333334,-0.15389850735664368,-0.10935444318920659
BH_s34_medium,0,239,7.966666666666667,-0.45978403091430664,-0.10847953948256217
BH_s34_medium,1,0,1.0,0.5616053342819214,-0.039788712966597875
BH_s34_medium,1,1,1.0333333333333334,0.3053065836429596,-0.18340375091212047
BH_s34_medium,1,2,1.0666666666666667,0.25118565559387207,-0.32035729466520263
BH_s34_medium,1,3,1.1,0.32521411776542664,-0.44786312386281174
BH_s34_medium,1,4,1.1333333333333333,0.40543779730796814,-0.5679225581456
BH_s34_medium,1,5,1.1666666666666667,0.3845725357532501,-0.6871234157823914
BH_s34_medium,1,6,1.2,0.19120866060256958,-0.8139026136199078
BH_s34_medium,1,7,1.2333333333333334,-0.06325950473546982,-0.9540992558259498
BH_s34_medium,1,8,1.2666666666666666,-0.317727655172348,-1.1062224620754655
BH_s34_medium,1,9,1.3,-0.5374486446380615,-1.25787556271767
BH_s34_medium,1,10,1.3333333333333333,-0.6394104957580566,-1.3847366722013212
BH_s34_medium,1,11,1.3666666666666667,-0.6743272542953491,-1.4532622342620833
BH_s34_medium,1,12,1.4,-0.6743272542953491,-1.4274885799108274
BH_s34_medium,1,13,1.4333333333333333,-0.6743272542953491,-1.278927336005481
BH_s34_medium,1,14,1.4666666666666666,-0.7257446050643921,-0.9969793218113522
BH_s34_medium,1,15,1.5,-0.7892980575561523,-0.596273043787361
BH_s34_medium,1,16,1.5333333333333334,-0.8398424983024597,-0.11759127008056747
BH_s34_medium,1,17,1.5666666666666667,-0.9418043494224548,0.37914543607366263
BH_s34_medium,1,18,1.6,-1.0437662601470947,0.828431341631395
BH_s34_medium,1,19,1.6333333333333333,-1.1457281112670898,1.1749371547023872
BH_s34_medium,1,20,1.6666666666666667,-0.9876200556755066,1.3857272886013658
BH_s34_medium,1,21,1.7,-0.2454199343919754,1.4544584808708465
BH_s34_medium,1,22,1.7333333333333334,0.8316415548324585,1.3968581245749885
BH_s34_medium,1,23,1.7666666666666666,1.7577478885650635,1.2407022881361518
BH_s34_medium,1,24,1.8,1.935119867324829,1.0152195774194788
BH_s34_medium,1,25,1.8333333333333333,1.625827431678772,0.7440575623824857
BH_s34_medium,1,26,1.8666666666666667,1.2205140590667725,0.4436974001535227
BH_s34_medium,1,27,1.9,0.9677069187164307,0.12665092753054277
BH_s34_medium,1,28,1.9333333333333333,0.8159887194633484,-0.19311716592849906
BH_s34_medium,1,29,1.9666666666666666,0.7140268683433533,-0.4957542259200617
BH_s34_medium,1,30,2.0,0.6625247001647949,-0.7545862353770184
BH_s34_medium,1,31,2.033333333333333,0.611107349395752,-0.9394703841912702
BH_s34_medium,1,32,2.066666666666667,0.46226224303245544,-1.0231961403928107
BH_s34_medium,1,33,2.1,0.26191502809524536,-0.9884294908206225
BH_s34_medium,1,34,2.1333333333333333,0.007446859963238239,-0.8327745567607633
BH_s34_medium,1,35,2.1666666666666665,-0.20092619955539703,-0.5704959340969805
BH_s34_medium,1,36,2.2,-0.4048498868942261,-0.23055640437672476
BH_s34_medium,1,37,2.2333333333333334,-0.5644243359565735,0.14834737921715954
BH_s34_medium,1,38,2.2666666666666666,-0.6149687767028809,0.5242120273484869
BH_s34_medium,1,39,2.3,-0.665513277053833,0.8577941116908328
BH_s34_medium,1,40,2.3333333333333335,-0.6743272542953491,1.1170288330519578
BH_s34_medium,1,41,2.3666666666666667,-0.7257446050643921,1.2795091929393416
BH_s34_medium,1,42,2.4,-0.8171466588973999,1.333550567684874
BH_s34_medium,1,43,2.433333333333333,-0.8799967765808105,1.2785006576420237
BH_s34_medium,1,44,2.466666666666667,-0.9696529507637024,1.1243993208474166
BH_s34_medium,1,45,2.5,-1.0716148614883423,0.8904938516000597
BH_s34_medium,1,46,2.533333333333333,-1.137083649635315,0.6021256676822867
BH_s34_medium,1,47,2.566666666666667,-1.22412109375,0.28613398901112097
BH_s34_medium,1,48,2.6,-1.2746655941009521,-0.034224557885966254
BH_s34_medium,1,49,2.6333333333333333,-1.2574615478515625,-0.3431779040686037
BH_s34_medium,1,50,2.6666666666666665,-0.7188209891319275,-0.6334360120872258
BH_s34_medium,1,51,2.7,0.29609379172325134,-0.9034564946087911
BH_s34_medium,1,52,2.7333333333333334,1.437835931777954,-1.1518515306847699
BH_s34_medium,1,53,2.7666666666666666,2.0087244510650635,-1.3713235225770533
BH_s34_medium,1,54,2.8,1.9108476638793945,-1.54488935360401
BH_s34_medium,1,55,2.8333333333333335,1.4734907150268555,-1.6463268982983903
BH_s34_medium,1,56,2.8666666666666667,1.144824504852295,-1.6453012967081864
BH_s34_medium,1,57,2.9,0.9441381096839905,-1.5161785498632445
BH_s34_medium,1,58,2.933333333333333,0.8421762585639954,-1.2484194093243386
BH_s34_medium,1,59,2.966666666666667,0.7402144074440002,-0.8553084907239781
BH_s34_medium,1,60,3.0,0.6382525563240051,-0.3768515324290659
BH_s34_medium,1,61,3.033333333333333,0.53629070520401,0.12625403174582212
BH_s34_medium,1,62,3.066666666666667,0.4118025600910187,0.5867886689177274
BH_s34_medium,1,63,3.1,0.18622548878192902,0.9482085057649839
BH_s34_medium,1,64,3.1333333333333333,-0.06824266165494919,1.178030901279994
BH_s34_medium,1,65,3.1666666666666665,-0.30280327796936035,1.2723326077820105
BH_s34_medium,1,66,3.2,-0.48769232630729675,1.2504547876790275
BH_s34_medium,1,67,3.2333333333333334,-0.5896541476249695,1.1433272146995348
BH_s34_medium,1,68,3.2666666666666666,-0.6743272542953491,0.9811450451555022
BH_s34_medium,1,69,3.3,-0.7257446050643921,0.7856180902277591
BH_s34_medium,1,70,3.3333333333333335,-0.7412875890731812,0.5691918828884518
BH_s34_medium,1,71,3.3666666666666667,-0.7918320298194885,0.3400562752112398
BH_s34_medium,1,72,3.4,-0.8937938809394836,0.10914284674998731
BH_s34_medium,1,73,3.433333333333333,-0.9957557320594788,-0.10525105709467193
BH_s34_medium,1,74,3.466666666666667,-1.097717523574829,-0.2780097380735514
BH_s34_medium,1,75,3.5,-1.1996793746948242,-0.3830033020971636
BH_s34_medium,1,76,3.533333333333333,-1.3016412258148193,-0.40171665150546376
BH_s34_medium,1,77,3.566666666666667,-1.4036030769348145,-0.3309064069327152
BH_s34_medium,1,78,3.6,-1.4284687042236328,-0.18576106717671753
BH_s34_medium,1,79,3.6333333333333333,-1.0164860486984253,0.0030019119855462205
BH_s34_medium,1,80,3.6666666666666665,0.017632924020290375,0.19679949248014747
BH_s34_medium,1,81,3.7,1.1846897602081299,0.3582664960971067
BH_s34_medium,1,82,3.7333333333333334,1.9016097784042358,0.4584674925201776
BH_s34_medium,1,83,3.7666666666666666,1.832539439201355,0.4805628676922315
BH_s34_medium,1,84,3.8,1.4138528108596802,0.4200845356599468
BH_s34_medium,1,85,3.8333333333333335,0.9098148941993713,0.2830257238598922
BH_s34_medium,1,86,3.8666666666666667,0.6079548001289368,0.08297941587832229
BH_s34_medium,1,87,3.9,0.4568551778793335,-0.16184005039360833
BH_s34_medium,1,88,3.933333333333333,0.4568551778793335,-0.4310290715922872
BH_s34_medium,1,89,3.966666666666667,0.5082725882530212,-0.7031745863349694
BH_s34_medium,1,90,4.0,0.5596899390220642,-0.9552895446701869
BH_s34_medium,1,91,4.033333333333333,0.4110144376754761,-1.160969306564732
BH_s34_medium,1,92,4.066666666666666,0.15933459997177124,-1.2892482926913127
BH_s34_medium,1,93,4.1,-0.09966771304607391,-1.306935224972991
BH_s34_medium,1,94,4.133333333333334,-0.40642616152763367,-1.1860767876011342
BH_s34_medium,1,95,4.166666666666667,-0.6103498339653015,-0.9151848634000268
BH_s34_medium,1,96,4.2,-0.7185916900634766,-0.5094491551629815
BH_s34_medium,1,97,4.233333333333333,-0.7257446050643921,-0.013904534420839767
BH_s34_medium,1,98,4.266666666666667,-0.7257446050643921,0.5039717064395253
BH_s34_medium,1,99,4.3,-0.7673903107643127,0.9706277507858702
BH_s34_medium,1,100,4.333333333333333,-0.8179348111152649,1.3253378264692688
BH_s34_medium,1,101,4.366666666666666,-0.91989666223526,1.5337914216187867
BH_s34_medium,1,102,4.4,-1.0218584537506104,1.591632851930903
BH_s34_medium,1,103,4.433333333333334,-1.1238203048706055,1.5184078884605754
BH_s34_medium,1,104,4.466666666666667,-1.188501000404358,1.3462471015354653
BH_s34_medium,1,105,4.5,-1.2763266563415527,1.108600012610112
BH_s34_medium,1,106,4.533333333333333,-1.3427531719207764,0.8327492041512384
BH_s34_medium,1,107,4.566666666666666,-1.0319441556930542,0.5372422046939003
BH_s34_medium,1,108,4.6,-0.04555630683898926,0.23334501689858433
BH_s34_medium,1,109,4.633333333333334,1.211775302886963,-0.07141202262064555
BH_s34_medium,1,110,4.666666666666667,2.140220880508423,-0.3697070105965843
BH_s34_medium,1,111,4.7,2.245539426803589,-0.6523646879653187
BH_s34_medium,1,112,4.733333333333333,1.8478877544403076,-0.9079645110078023
BH_s34_medium,1,113,4.766666666666667,1.3675034046173096,-1.1233946495468088
BH_s34_medium,1,114,4.8,1.0167598724365234,-1.284673888468123
BH_s34_medium,1,115,4.833333333333333,0.8405151963233948,-1.3780468234890082
BH_s34_medium,1,116,4.866666666666666,0.7653594613075256,-1.3918543922521562
BH_s34_medium,1,117,4.9,0.7139421105384827,-1.319379264318576
BH_s34_medium,1,118,4.933333333333334,0.6888818144798279,-1.1618539744090561
BH_s34_medium,1,119,4.966666666666667,0.5627326369285583,-0.930093851284234
BH_s34_medium,1,120,5.0,0.3354944884777069,-0.6436172581881319
BH_s34_medium,1,121,5.033333333333333,0.05205046385526657,-0.32731736874491113
BH_s34_medium,1,122,5.066666666666666,-0.2547079920768738,-0.006904912354372323
BH_s34_medium,1,123,5.1,-0.510049045085907,0.2950883224538672
BH_s34_medium,1,124,5.133333333333334,-0.6427326202392578,0.5612249248382007
BH_s34_medium,1,125,5.166666666666667,-0.7257446050643921,0.7786668133800628
BH_s34_medium,1,126,5.2,-0.7438215613365173,0.9375438507154907
BH_s34_medium,1,127,5.233333333333333,-0.7771620154380798,1.0301711168259202
BH_s34_medium,1,128,5.266666666666667,-0.8285793662071228,1.052151510246813
BH_s34_medium,1,129,5.3,-0.8954549431800842,1.0047125509404649
BH_s34_medium,1,130,5.333333333333333,-0.9828315377235413,0.8966065870380441
BH_s34_medium,1,131,5.366666666666666,-1.0479612350463867,0.7440712238715884
BH_s34_medium,1,132,5.4,-1.1499230861663818,0.5684026653479755
BH_s34_medium,1,133,5.433333333333334,-1.251884937286377,0.39189567062937486
BH_s34_medium,1,134,5.466666666666667,-1.3427531719207764,0.2335737433051512
BH_s34_medium,1,135,5.5,-1.4043912887573242,0.1061215394755416
BH_s34_medium,1,136,5.533333333333333,-1.4081969261169434,0.01489876188785528
BH_s34_medium,1,137,5.566666666666666,-0.7353562116622925,-0.04096986849504202
BH_s34_medium,1,138,5.6,0.4528453052043915,-0.06635554493502886
BH_s34_medium,1,139,5.633333333333334,1.8028507232666016,-0.06806088287986316
BH_s34_medium,1,140,5.666666666666667,2.4621331691741943,-0.05381966300375645
BH_s34_medium,1,141,5.7,2.2879483699798584,-0.03236101374659595
BH_s34_medium,1,142,5.733333333333333,1.773155927658081,-0.013809884999290617
BH_s34_medium,1,143,5.766666666666667,1.318001389503479,-0.00946977981433824
BH_s34_medium,1,144,5.8,1.0177175998687744,-0.0303591661343521
BH_s34_medium,1,145,5.833333333333333,0.8667027354240417,-0.08458934363596733
BH_s34_medium,1,146,5.866666666666666,0.7647408843040466,-0.17447035800681876
BH_s34_medium,1,147,5.9,0.7139421105384827,-0.29475356847572914
BH_s34_medium,1,148,5.933333333333334,0.6122345924377441,-0.4332783661112807
BH_s34_medium,1,149,5.966666666666667,0.46085554361343384,-0.5741441104507172
BH_s34_medium,1,150,6.0,0.2083875834941864,-0.7017773516953788
BH_s34_medium,1,151,6.033333333333333,-0.10124398022890091,-0.8034669505830235
BH_s34_medium,1,152,6.066666666666666,-0.4033834934234619,-0.869110728049357
BH_s34_medium,1,153,6.1,-0.6633434891700745,-0.8890100374128337
BH_s34_medium,1,154,6.133333333333334,-0.8222146034240723,-0.851902135958761
BH_s34_medium,1,155,6.166666666666667,-0.8799967765808105,-0.7454310202964202
BH_s34_medium,1,156,6.2,-0.8799967765808105,-0.5600955299341656
BH_s34_medium,1,157,6.233333333333333,-0.9224306344985962,-0.2957759727118737
BH_s34_medium,1,158,6.266666666666667,-0.9729750752449036,0.03200728447697877
BH_s34_medium,1,159,6.3,-1.023519515991211,0.3897439341313871
BH_s34_medium,1,160,6.333333333333333,-1.125481367111206,0.7299972290134492
BH_s34_medium,1,161,6.366666666666666,-1.2274432182312012,1.0016435145590568
BH_s34_medium,1,162,6.4,-1.3294050693511963,1.1629909396246105
BH_s34_medium,1,163,6.433333333333334,-1.4313669204711914,1.192885240858652
BH_s34_medium,1,164,6.466666666666667,-1.5333287715911865,1.095784350694208
BH_s34_medium,1,165,6.5,-1.5998401641845703,0.8993285192628685
BH_s34_medium,1,166,6.533333333333333,-1.2549622058868408,0.6456295958817404
BH_s34_medium,1,167,6.566666666666666,-0.2184537798166275,0.3793840101591343
BH_s34_medium,1,168,6.6,1.1735866069793701,0.13660370373904937
BH_s34_medium,1,169,6.633333333333334,2.242547035217285,-0.06270682326055646
BH_s34_medium,1,170,6.666666666666667,2.348543882369995,-0.2159677219622422
BH_s34_medium,1,171,6.7,1.8695160150527954,-0.33354517517202975
BH_s34_medium,1,172,6.733333333333333,1.2577449083328247,-0.43043667890412207
BH_s34_medium,1,173,6.766666666666667,0.7029082179069519,-0.5174428167539201
BH_s34_medium,1,174,6.8,0.4806783199310303,-0.5950535457450964
BH_s34_medium,1,175,6.833333333333333,0.4321591258049011,-0.6521277914314234
BH_s34_medium,1,176,6.866666666666666,0.5599693655967712,-0.6698457231066406
BH_s34_medium,1,177,6.9,0.6875001788139343,-0.6296623233911194
BH_s34_medium,1,178,6.933333333333334,0.6384221315383911,-0.5224105350952961
BH_s34_medium,1,179,6.966666666666667,0.38716620206832886,-0.3549712956229212
BH_s34_medium,1,180,7.0,0.02986329235136509,-0.151546922887711
BH_s34_medium,1,181,7.033333333333333,-0.3489234447479248,0.05167590007383618
BH_s34_medium,1,182,7.066666666666666,-0.6127142906188965,0.21734471796020788
BH_s34_medium,1,183,7.1,-0.7968999743461609,0.3195931655863268
BH_s34_medium,1,184,7.133333333333334,-0.8285793662071228,0.3531258351011391
BH_s34_medium,1,185,7.166666666666667,-0.8285793662071228,0.33420685272969325
BH_s34_medium,1,186,7.2,-0.7942812442779541,0.29300255002829906
BH_s34_medium,1,187,7.233333333333333,-0.8285793662071228,0.26108257800980667
BH_s34_medium,1,188,7.266666666666667,-0.8953701257705688,0.25962957081949534
BH_s34_medium,1,189,7.3,-0.9828315377235413,0.2928769909879748
BH_s34_medium,1,190,7.333333333333333,-1.099293828010559,0.3487887310348205
BH_s34_medium,1,191,7.366666666666666,-1.2012556791305542,0.405969910755825
BH_s34_medium,1,192,7.4,-1.3032175302505493,0.44319962698704346
BH_s34_medium,1,193,7.433333333333334,-1.236291766166687,0.4471329856715937
BH_s34_medium,1,194,7.466666666666667,-0.40858033299446106,0.4152306419169283
BH_s34_medium,1,195,7.5,0.8950409889221191,0.3537804105090409
BH_s34_medium,1,196,7.533333333333333,2.1609418392181396,0.27325257865435604
BH_s34_medium,1,197,7.566666666666666,2.557450771331787,0.1839851035060305
BH_s34_medium,1,198,7.6,2.2232425212860107,0.09411455384115999
BH_s34_medium,1,199,7.633333333333334,1.6562446355819702,0.009628337319072986
BH_s34_medium,1,200,7.666666666666667,1.1571049690246582,-0.06519930757394696
BH_s34_medium,1,201,7.7,0.8601433038711548,-0.12874966867321855
BH_s34_medium,1,202,7.733333333333333,0.7139421105384827,-0.1844787273006367
BH_s34_medium,1,203,7.766666666666667,0.7162216901779175,-0.24296484979201183
BH_s34_medium,1,204,7.8,0.7653594613075256,-0.3211269327268469
BH_s34_medium,1,205,7.833333333333333,0.7134082913398743,-0.4373424199540758
BH_s34_medium,1,206,7.866666666666666,0.5092899799346924,-0.6034751375653998
BH_s34_medium,1,207,7.9,0.15319909155368805,-0.8167446148723688
BH_s34_medium,1,208,7.933333333333334,-0.15389850735664368,-1.0547947523965913
BH_s34_medium,1,209,7.966666666666667,-0.45978403091430664,-1.2763673995338887
BH_s34_medium,1,210,8.0,-0.619079053401947,-1.4283475945501904
BH_s34_medium,1,211,8.033333333333333,-0.7210409045219421,-1.4580633287901452
BH_s34_medium,1,212,8.066666666666666,-0.7257446050643921,-1.3278948358617269
BH_s34_medium,1,213,8.1,-0.7257446050643921,-1.027849689012153
BH_s34_medium,1,214,8.133333333333333,-0.7771620154380798,-0.5814598113513407
BH_s34_medium,1,215,8.166666666666666,-0.8285793662071228,-0.04212747195359625
BH_s34_medium,1,216,8.2,-0.9223458170890808,0.5191984388196115
BH_s34_medium,1,217,8.233333333333333,-1.0243077278137207,1.0305833664765385
BH_s34_medium,1,218,8.266666666666667,-1.1262695789337158,1.4343060015075157
BH_s34_medium,1,219,8.3,-1.2282313108444214,1.6963635933846624
BH_s34_medium,1,220,8.333333333333334,-1.3301931619644165,1.8084746620380094
BH_s34_medium,1,221,8.366666666666667,-1.3941705226898193,1.7834122010541789
BH_s34_medium,1,222,8.4,-0.8916085362434387,1.646423451316342
BH_s34_medium,1,223,8.433333333333334,0.22329293191432953,1.4262259768990107
BH_s34_medium,1,224,8.466666666666667,1.671818733215332,1.1485511740345595
BH_s34_medium,1,225,8.5,2.5831797122955322,0.8337376192177886
BH_s34_medium,1,226,8.533333333333333,2.6183602809906006,0.4980494229692523
BH_s34_medium,1,227,8.566666666666666,2.195563554763794,0.15697372153297745
BH_s34_medium,1,228,8.6,1.6662108898162842,-0.17174269361569203
BH_s34_medium,1,229,8.633333333333333,1.3203657865524292,-0.46717796957900887
BH_s34_medium,1,230,8.666666666666666,1.1465703248977661,-0.7073509938035145
BH_s34_medium,1,231,8.7,1.044608473777771,-0.8739533986475247
BH_s34_medium,1,232,8.733333333333333,0.9426466226577759,-0.9578986714467219
BH_s34_medium,1,233,8.766666666666667,0.8406847715377808,-0.963086381174443
BH_s34_medium,1,234,8.8,0.6606690287590027,-0.9061442176854906
BH_s34_medium,1,235,8.833333333333334,0.43098169565200806,-0.8115566767482779
BH_s34_medium,1,236,8.866666666666667,0.07367876172065735,-0.7038776698431495
BH_s34_medium,1,237,8.9,-0.18078939616680145,-0.6002395534137962
BH_s34_medium,1,238,8.933333333333334,-0.4635300636291504,-0.5061062519031968
BH_s34_medium,1,239,8.966666666666667,-0.6451817750930786,-0.4156319078420878
BH_s34_medium,2,0,2.0,0.6625247001647949,0.05026299663234461
BH_s34_medium,2,1,2.033333333333333,0.611107349395752,-0.04412444094952257
BH_s34_medium,2,2,2.066666666666667,0.46226224303245544,-0.11166329925063806
BH_s34_medium,2,3,2.1,0.26191502809524536,-0.13027033472668104
BH_s34_medium,2,4,2.1333333333333333,0.007446859963238239,-0.08521238648170146
BH_s34_medium,2,5,2.1666666666666665,-0.20092619955539703,0.0289239998854825
BH_s34_medium,2,6,2.2,-0.4048498868942261,0.20767059839987667
BH_s34_medium,2,7,2.2333333333333334,-0.5644243359565735,0.437043662493295
BH_s34_medium,2,8,2.2666666666666666,-0.6149687767028809,0.6944961151898642
BH_s34_medium,2,9,2.3,-0.665513277053833,0.9506450317755436
BH_s34_medium,2,10,2.3333333333333335,-0.6743272542953491,1.1722741264148326
BH_s34_medium,2,11,2.3666666666666667,-0.7257446050643921,1.3268761504213964
BH_s34_medium,2,12,2.4,-0.8171466588973999,1.388274400137783
BH_s34_medium,2,13,2.433333333333333,-0.8799967765808105,1.34202374287471
BH_s34_medium,2,14,2.466666666666667,-0.9696529507637024,1.188844620974754
BH_s34_medium,2,15,2.5,-1.0716148614883423,0.9446647139778425
BH_s34_medium,2,16,2.533333333333333,-1.137083649635315,0.6369337803025577
BH_s34_medium,2,17,2.566666666666667,-1.22412109375,0.2982285893631163
BH_s34_medium,2,18,2.6,-1.2746655941009521,-0.04088201467440354
BH_s34_medium,2,19,2.6333333333333333,-1.2574615478515625,-0.3575835042517876
BH_s34_medium,2,20,2.6666666666666665,-0.7188209891319275,-0.6396821738642678
BH_s34_medium,2,21,2.7,0.29609379172325134,-0.8851220422474018
BH_s34_medium,2,22,2.7333333333333334,1.437835931777954,-1.098607379555689
BH_s34_medium,2,23,2.7666666666666666,2.0087244510650635,-1.2863938135539918
BH_s34_medium,2,24,2.8,1.9108476638793945,-1.45061821100742
BH_s34_medium,2,25,2.8333333333333335,1.4734907150268555,-1.5846839052211423
BH_s34_medium,2,26,2.8666666666666667,1.144824504852295,-1.6712544199254733
BH_s34_medium,2,27,2.9,0.9441381096839905,-1.684157384282172
BH_s34_medium,2,28,2.933333333333333,0.8421762585639954,-1.5946964241278139
BH_s34_medium,2,29,2.966666666666667,0.7402144074440002,-1.381387871998112
BH_s34_medium,2,30,3.0,0.6382525563240051,-1.0403018102347026
BH_s34_medium,2,31,3.033333333333333,0.53629070520401,-0.5918996370098741
BH_s34_medium,2,32,3.066666666666667,0.4118025600910187,-0.08059802010747241
BH_s34_medium,2,33,3.1,0.18622548878192902,0.434082279567798
BH_s34_medium,2,34,3.1333333333333333,-0.06824266165494919,0.8917995338210557
BH_s34_medium,2,35,3.1666666666666665,-0.30280327796936035,1.245288816741037
BH_s34_medium,2,36,3.2,-0.48769232630729675,1.4686869547805812
BH_s34_medium,2,37,3.2333333333333334,-0.5896541476249695,1.5583231963039195
BH_s34_medium,2,38,3.2666666666666666,-0.6743272542953491,1.527504926278635
BH_s34_medium,2,39,3.3,-0.7257446050643921,1.3988486194141976
BH_s34_medium,2,40,3.3333333333333335,-0.7412875890731812,1.1976380563530986
BH_s34_medium,2,41,3.3666666666666667,-0.7918320298194885,0.948115861174905
BH_s34_medium,2,42,3.4,-0.8937938809394836,0.6726898095723144
BH_s34_medium,2,43,3.433333333333333,-0.9957557320594788,0.39274211986844954
BH_s34_medium,2,44,3.466666666666667,-1.097717523574829,0.12946713003707097
BH_s34_medium,2,45,3.5,-1.1996793746948242,-0.09640924598257862
BH_s34_medium,2,46,3.533333333333333,-1.3016412258148193,-0.2665388147311264
BH_s34_medium,2,47,3.566666666666667,-1.4036030769348145,-0.3681871825493591
BH_s34_medium,2,48,3.6,-1.4284687042236328,-0.39759072047473243
BH_s34_medium,2,49,3.6333333333333333,-1.0164860486984253,-0.3618673896109911
BH_s34_medium,2,50,3.6666666666666665,0.017632924020290375,-0.2785104896815192
BH_s34_medium,2,51,3.7,1.1846897602081299,-0.17252792826510593
BH_s34_medium,2,52,3.7333333333333334,1.9016097784042358,-0.07200898360612962
BH_s34_medium,2,53,3.7666666666666666,1.832539439201355,-0.003098186447049252
BH_s34_medium,2,54,3.8,1.4138528108596802,0.014725552746576396
BH_s34_medium,2,55,3.8333333333333335,0.9098148941993713,-0.02789113830014201
BH_s34_medium,2,56,3.8666666666666667,0.6079548001289368,-0.12912072776014016
BH_s34_medium,2,57,3.9,0.4568551778793335,-0.2779446530730267
BH_s34_medium,2,58,3.933333333333333,0.4568551778793335,-0.4582403300798908
BH_s34_medium,2,59,3.966666666666667,0.5082725882530212,-0.652463269917898
BH_s34_medium,2,60,4.0,0.5596899390220642,-0.8424010225272144
BH_s34_medium,2,61,4.033333333333333,0.4110144376754761,-1.006515602308811
BH_s34_medium,2,62,4.066666666666666,0.15933459997177124,-1.1165195493977267
BH_s34_medium,2,63,4.1,-0.09966771304607391,-1.1376138127435995
BH_s34_medium,2,64,4.133333333333334,-0.40642616152763367,-1.0353984015482878
BH_s34_medium,2,65,4.166666666666667,-0.6103498339653015,-0.78845679622999
BH_s34_medium,2,66,4.2,-0.7185916900634766,-0.4013704011079893
BH_s34_medium,2,67,4.233333333333333,-0.7257446050643921,0.08881259455735248
BH_s34_medium,2,68,4.266666666666667,-0.7257446050643921,0.6173489967786325
BH_s34_medium,2,69,4.3,-0.7673903107643127,1.1072233599484222
BH_s34_medium,2,70,4.333333333333333,-0.8179348111152649,1.4891927107781877
BH_s34_medium,2,71,4.366666666666666,-0.91989666223526,1.718208556155295
BH_s34_medium,2,72,4.4,-1.0218584537506104,1.7804630386398859
BH_s34_medium,2,73,4.433333333333334,-1.1238203048706055,1.6903127586797797
BH_s34_medium,2,74,4.466666666666667,-1.188501000404358,1.480475083275756
BH_s34_medium,2,75,4.5,-1.2763266563415527,1.1904283102232556
BH_s34_medium,2,76,4.533333333333333,-1.3427531719207764,0.8569408132602777
BH_s34_medium,2,77,4.566666666666666,-1.0319441556930542,0.5084571597028106
BH_s34_medium,2,78,4.6,-0.04555630683898926,0.16323114849075834
BH_s34_medium,2,79,4.633333333333334,1.211775302886963,-0.16968985904939488
BH_s34_medium,2,80,4.666666666666667,2.140220880508423,-0.4874617650006342
BH_s34_medium,2,81,4.7,2.245539426803589,-0.7891150711981916
BH_s34_medium,2,82,4.733333333333333,1.8478877544403076,-1.0709114666523547
BH_s34_medium,2,83,4.766666666666667,1.3675034046173096,-1.3227912717895738
BH_s34_medium,2,84,4.8,1.0167598724365234,-1.5272023516300102
BH_s34_medium,2,85,4.833333333333333,0.8405151963233948,-1.6609913897729047
BH_s34_medium,2,86,4.866666666666666,0.7653594613075256,-1.7001993797785828
BH_s34_medium,2,87,4.9,0.7139421105384827,-1.6266231108600184
BH_s34_medium,2,88,4.933333333333334,0.6888818144798279,-1.4340954492822267
BH_s34_medium,2,89,4.966666666666667,0.5627326369285583,-1.1321841270660913
BH_s34_medium,2,90,5.0,0.3354944884777069,-0.7458139065658671
BH_s34_medium,2,91,5.033333333333333,0.05205046385526657,-0.3108639963193608
BH_s34_medium,2,92,5.066666666666666,-0.2547079920768738,0.13265348640835387
BH_s34_medium,2,93,5.1,-0.510049045085907,0.5473825753694407
BH_s34_medium,2,94,5.133333333333334,-0.6427326202392578,0.9032064905474031
BH_s34_medium,2,95,5.166666666666667,-0.7257446050643921,1.1787657062822843
BH_s34_medium,2,96,5.2,-0.7438215613365173,1.3607523216768014
BH_s34_medium,2,97,5.233333333333333,-0.7771620154380798,1.4428112492996308
BH_s34_medium,2,98,5.266666666666667,-0.8285793662071228,1.4254696947199885
BH_s34_medium,2,99,5.3,-0.8954549431800842,1.317144682916832
BH_s34_medium,2,100,5.333333333333333,-0.9828315377235413,1.1349799954752107
BH_s34_medium,2,101,5.366666666666666,-1.0479612350463867,0.9039395403452101
BH_s34_medium,2,102,5.4,-1.1499230861663818,0.653463401827786
BH_s34_medium,2,103,5.433333333333334,-1.251884937286377,0.4123481150901978
BH_s34_medium,2,104,5.466666666666667,-1.3427531719207764,0.20341264816912824
BH_s34_medium,2,105,5.5,-1.4043912887573242,0.03963071525704155
BH_s34_medium,2,106,5.533333333333333,-1.4081969261169434,-0.07711338760750241
BH_s34_medium,2,107,5.566666666666666,-0.7353562116622925,-0.15435179280270683
BH_s34_medium,2,108,5.6,0.4528453052043915,-0.20504873162381354
BH_s34_medium,2,109,5.633333333333334,1.8028507232666016,-0.24266236909335914
BH_s34_medium,2,110,5.666666666666667,2.4621331691741943,-0.2770122847875652
BH_s34_medium,2,111,5.7,2.2879483699798584,-0.31243309835356964
BH_s34_medium,2,112,5.733333333333333,1.773155927658081,-0.3486460740326227
BH_s34_medium,2,113,5.766666666666667,1.318001389503479,-0.3834382088950752
BH_s34_medium,2,114,5.8,1.0177175998687744,-0.4153816536201949
BH_s34_medium,2,115,5.833333333333333,0.8667027354240417,-0.4451485060692886
BH_s34_medium,2,116,5.866666666666666,0.7647408843040466,-0.4753532046437623
BH_s34_medium,2,117,5.9,0.7139421105384827,-0.5099188296659446
BH_s34_medium,2,118,5.933333333333334,0.6122345924377441,-0.5536098302138428
BH_s34_medium,2,119,5.966666666666667,0.46085554361343384,-0.6111603985483116
BH_s34_medium,2,120,6.0,0.2083875834941864,-0.6847612402110005
BH_s34_medium,2,121,6.033333333333333,-0.10124398022890091,-0.7696290757484405
BH_s34_medium,2,122,6.066666666666666,-0.4033834934234619,-0.8496699896365041
BH_s34_medium,2,123,6.1,-0.6633434891700745,-0.8966747699320962
BH_s34_medium,2,124,6.133333333333334,-0.8222146034240723,-0.8752952794315629
BH_s34_medium,2,125,6.166666666666667,-0.8799967765808105,-0.7530991984775972
BH_s34_medium,2,126,6.2,-0.8799967765808105,-0.5123236277882373
BH_s34_medium,2,127,6.233333333333333,-0.9224306344985962,-0.15890454525399747
BH_s34_medium,2,128,6.266666666666667,-0.9729750752449036,0.27471426300432406
BH_s34_medium,2,129,6.3,-1.023519515991211,0.7342640903211234
BH_s34_medium,2,130,6.333333333333333,-1.125481367111206,1.154642104134275
BH_s34_medium,2,131,6.366666666666666,-1.2274432182312012,1.4741345780928317
BH_s34_medium,2,132,6.4,-1.3294050693511963,1.647924995008509
BH_s34_medium,2,133,6.433333333333334,-1.4313669204711914,1.6572557406825543
BH_s34_medium,2,134,6.466666666666667,-1.5333287715911865,1.5119744944227413
BH_s34_medium,2,135,6.5,-1.5998401641845703,1.2461488761282316
BH_s34_medium,2,136,6.533333333333333,-1.2549622058868408,0.9083874700463503
BH_s34_medium,2,137,6.566666666666666,-0.2184537798166275,0.5499207724737818
BH_s34_medium,2,138,6.6,1.1735866069793701,0.21392146707530307
BH_s34_medium,2,139,6.633333333333334,2.242547035217285,-0.07132042710130436
BH_s34_medium,2,140,6.666666666666667,2.348543882369995,-0.29458881148150917
BH_s34_medium,2,141,6.7,1.8695160150527954,-0.46010594443643127
BH_s34_medium,2,142,6.733333333333333,1.2577449083328247,-0.583266459365891
BH_s34_medium,2,143,6.766666666666667,0.7029082179069519,-0.6845256360169658
BH_s34_medium,2,144,6.8,0.4806783199310303,-0.7820200404238825
BH_s34_medium,2,145,6.833333333333333,0.4321591258049011,-0.8841521928183611
BH_s34_medium,2,146,6.866666666666666,0.5599693655967712,-0.9845554658497404
BH_s34_medium,2,147,6.9,0.6875001788139343,-1.0620626753079914
BH_s34_medium,2,148,6.933333333333334,0.6384221315383911,-1.0865697206223348
BH_s34_medium,2,149,6.966666666666667,0.38716620206832886,-1.0291470693852203
BH_s34_medium,2,150,7.0,0.02986329235136509,-0.8730488234830989
BH_s34_medium,2,151,7.033333333333333,-0.3489234447479248,-0.6217836368756526
BH_s34_medium,2,152,7.066666666666666,-0.6127142906188965,-0.30101699544903104
BH_s34_medium,2,153,7.1,-0.7968999743461609,0.046987055359014984
BH_s34_medium,2,154,7.133333333333334,-0.8285793662071228,0.374650126948464
BH_s34_medium,2,155,7.166666666666667,-0.8285793662071228,0.6417259536988904
BH_s34_medium,2,156,7.2,-0.7942812442779541,0.8243282854054325
BH_s34_medium,2,157,7.233333333333333,-0.8285793662071228,0.9172688782185305
BH_s34_medium,2,158,7.266666666666667,-0.8953701257705688,0.9301394632194406
BH_s34_medium,2,159,7.3,-0.9828315377235413,0.8804318593323519
BH_s34_medium,2,160,7.333333333333333,-1.099293828010559,0.7874156273077225
BH_s34_medium,2,161,7.366666666666666,-1.2012556791305542,0.6687319244261335
BH_s34_medium,2,162,7.4,-1.3032175302505493,0.5393109055613476
BH_s34_medium,2,163,7.433333333333334,-1.236291766166687,0.4110556653301724
BH_s34_medium,2,164,7.466666666666667,-0.40858033299446106,0.29240005127118
BH_s34_medium,2,165,7.5,0.8950409889221191,0.18800788566298393
BH_s34_medium,2,166,7.533333333333333,2.1609418392181396,0.09908377316007712
BH_s34_medium,2,167,7.566666666666666,2.557450771331787,0.024300191304796957
BH_s34_medium,2,168,7.6,2.2232425212860107,-0.03894941013807147
BH_s34_medium,2,169,7.633333333333334,1.6562446355819702,-0.09341205379662744
BH_s34_medium,2,170,7.666666666666667,1.1571049690246582,-0.1415766662925833
BH_s34_medium,2,171,7.7,0.8601433038711548,-0.18641727554695786
BH_s34_medium,2,172,7.733333333333333,0.7139421105384827,-0.2328079398916281
BH_s34_medium,2,173,7.766666666666667,0.7162216901779175,-0.28834671126231504
BH_s34_medium,2,174,7.8,0.7653594613075256,-0.3624222654283739
BH_s34_medium,2,175,7.833333333333333,0.7134082913398743,-0.46329635109867473
BH_s34_medium,2,176,7.866666666666666,0.5092899799346924,-0.5941164683791672
BH_s34_medium,2,177,7.9,0.15319909155368805,-0.7493632402761121
BH_s34_medium,2,178,7.933333333333334,-0.15389850735664368,-0.912963227628515
BH_s34_medium,2,179,7.966666666666667,-0.45978403091430664,-1.0586684021161716
BH_s34_medium,2,180,8.0,-0.619079053401947,-1.1529484276481579
BH_s34_medium,2,181,8.033333333333333,-0.7210409045219421,-1.16059353675781
BH_s34_medium,2,182,8.066666666666666,-0.7257446050643921,-1.0529367490660524
BH_s34_medium,2,183,8.1,-0.7257446050643921,-0.8172420707097305
BH_s34_medium,2,184,8.133333333333333,-0.7771620154380798,-0.46370503929763957
BH_s34_medium,2,185,8.166666666666666,-0.8285793662071228,-0.026117554896738965
BH_s34_medium,2,186,8.2,-0.9223458170890808,0.4449361321388104
BH_s34_medium,2,187,8.233333333333333,-1.0243077278137207,0.8936425198614473
BH_s34_medium,2,188,8.266666666666667,-1.1262695789337158,1.2707064401479913
BH_s34_medium,2,189,8.3,-1.2282313108444214,1.5414656880115702
BH_s34_medium,2,190,8.333333333333334,-1.3301931619644165,1.6888492869440481
BH_s34_medium,2,191,8.366666666666667,-1.3941705226898193,1.7119295459470611
BH_s34_medium,2,192,8.4,-0.8916085362434387,1.6219541859544129
BH_s34_medium,2,193,8.433333333333334,0.22329293191432953,1.4377391671703956
BH_s34_medium,2,194,8.466666666666667,1.671818733215332,1.1817208319909274
BH_s34_medium,2,195,8.5,2.5831797122955322,0.8772233519719115
BH_s34_medium,2,196,8.533333333333333,2.6183602809906006,0.5468267644173331
BH_s34_medium,2,197,8.566666666666666,2.195563554763794,0.2112581630802812
BH_s34_medium,2,198,8.6,1.6662108898162842,-0.1118820571481795
BH_s34_medium,2,199,8.633333333333333,1.3203657865524292,-0.40977398647923985
BH_s34_medium,2,200,8.666666666666666,1.1465703248977661,-0.675707563446254
BH_s34_medium,2,201,8.7,1.044608473777771,-0.9088460832301325
BH_s34_medium,2,202,8.733333333333333,0.9426466226577759,-1.1116837912472555
BH_s34_medium,2,203,8.766666666666667,0.8406847715377808,-1.2856636234826853
BH_s34_medium,2,204,8.8,0.6606690287590027,-1.4265248308083955
BH_s34_medium,2,205,8.833333333333334,0.43098169565200806,-1.521362220905509
BH_s34_medium,2,206,8.866666666666667,0.07367876172065735,-1.5489633609766496
BH_s34_medium,2,207,8.9,-0.18078939616680145,-1.4841393223192598
BH_s34_medium,2,208,8.933333333333334,-0.4635300636291504,-1.305744520107792
BH_s34_medium,2,209,8.966666666666667,-0.6451817750930786,-1.0064971272197751
BH_s34_medium,2,210,9.0,-0.6957262754440308,-0.6007938594586071
BH_s34_medium,2,211,9.033333333333333,-0.7257446050643921,-0.12632740327594538
BH_s34_medium,2,212,9.066666666666666,-0.7771620154380798,0.3622710464019724
BH_s34_medium,2,213,9.1,-0.8285793662071228,0.8057512249894985
BH_s34_medium,2,214,9.133333333333333,-0.897904098033905,1.1538031091520093
BH_s34_medium,2,215,9.166666666666666,-0.9998659491539001,1.374941955522222
BH_s34_medium,2,216,9.2,-1.10182785987854,1.460027623794051
BH_s34_medium,2,217,9.233333333333333,-1.2037897109985352,1.4197395555565393
BH_s34_medium,2,218,9.266666666666667,-1.3057515621185303,1.278349462873581
BH_s34_medium,2,219,9.3,-1.4077132940292358,1.066574960412986
BH_s34_medium,2,220,9.333333333333334,-1.458257794380188,0.8155488201041022
BH_s34_medium,2,221,9.366666666666667,-1.271971583366394,0.5528043934768462
BH_s34_medium,2,222,9.4,-0.3484934866428375,0.3003197786585798
BH_s34_medium,2,223,9.433333333333334,0.9574922919273376,0.07416971898081133
BH_s34_medium,2,224,9.466666666666667,2.157280445098877,-0.11493362281516926
BH_s34_medium,2,225,9.5,2.4455225467681885,-0.260906341619327
BH_s34_medium,2,226,9.533333333333333,2.116466999053955,-0.361727166342039
BH_s34_medium,2,227,9.566666666666666,1.5552403926849365,-0.41904836654462174
BH_s34_medium,2,228,9.6,1.1596390008926392,-0.4378697134653204
BH_s34_medium,2,229,9.633333333333333,0.9099844098091125,-0.4261759776892817
BH_s34_medium,2,230,9.666666666666666,0.8128361701965332,-0.39436746237640236
BH_s34_medium,2,231,9.7,0.7139421105384827,-0.3540953550961659
BH_s34_medium,2,232,9.733333333333333,0.7117472290992737,-0.3160380222059972
BH_s34_medium,2,233,9.766666666666667,0.60846346616745,-0.28688127495226823
BH_s34_medium,2,234,9.8,0.35267341136932373,-0.2671517570245753
BH_s34_medium,2,235,9.833333333333334,0.046787865459918976,-0.25181711937934703
BH_s34_medium,2,236,9.866666666666667,-0.2590976655483246,-0.23369906977175398
BH_s34_medium,2,237,9.9,-0.5649831891059875,-0.2076282681270134
BH_s34_medium,2,238,9.933333333333334,-0.7227019667625427,-0.17304496236446285
BH_s34_medium,2,239,9.966666666666667,-0.8246638178825378,-0.13407119426427044
BH_s34_medium,3,0,3.0,0.6382525563240051,0.028190471608536834
BH_s34_medium,3,1,3.033333333333333,0.53629070520401,0.31775086417494963
BH_s34_medium,3,2,3.066666666666667,0.4118025600910187,0.5777889919349413
BH_s34_medium,3,3,3.1,0.18622548878192902,0.7839269743563596
BH_s34_medium,3,4,3.1333333333333333,-0.06824266165494919,0.9194206883677802
BH_s34_medium,3,5,3.1666666666666665,-0.30280327796936035,0.9783366037004813
BH_s34_medium,3,6,3.2,-0.48769232630729675,0.966155260923488
BH_s34_medium,3,7,3.2333333333333334,-0.5896541476249695,0.8967476224481498
BH_s34_medium,3,8,3.2666666666666666,-0.6743272542953491,0.7868332713912056
BH_s34_medium,3,9,3.3,-0.7257446050643921,0.6506833942706309
BH_s34_medium,3,10,3.3333333333333335,-0.7412875890731812,0.4975212407779131
BH_s34_medium,3,11,3.3666666666666667,-0.7918320298194885,0.3323055472310283
BH_s34_medium,3,12,3.4,-0.8937938809394836,0.15878687904583955
BH_s34_medium,3,13,3.433333333333333,-0.9957557320594788,-0.017114771988141056
BH_s34_medium,3,14,3.466666666666667,-1.097717523574829,-0.185232594517082
BH_s34_medium,3,15,3.5,-1.1996793746948242,-0.3310574172447564
BH_s34_medium,3,16,3.533333333333333,-1.3016412258148193,-0.437523937010606
BH_s34_medium,3,17,3.566666666666667,-1.4036030769348145,-0.48831477156420255
BH_s34_medium,3,18,3.6,-1.4284687042236328,-0.47237819132927383
BH_s34_medium,3,19,3.6333333333333333,-1.0164860486984253,-0.38908401654006464
BH_s34_medium,3,20,3.6666666666666665,0.017632924020290375,-0.25251725162359445
BH_s34_medium,3,21,3.7,1.1846897602081299,-0.09248935469123735
BH_s34_medium,3,22,3.7333333333333334,1.9016097784042358,0.04999280123342449
BH_s34_medium,3,23,3.7666666666666666,1.832539439201355,0.13312347344605802
BH_s34_medium,3,24,3.8,1.4138528108596802,0.1276354789342263
BH_s34_medium,3,25,3.8333333333333335,0.9098148941993713,0.027583531753586896
BH_s34_medium,3,26,3.8666666666666667,0.6079548001289368,-0.14679524463245744
BH_s34_medium,3,27,3.9,0.4568551778793335,-0.3562333795915706
BH_s34_medium,3,28,3.933333333333333,0.4568551778793335,-0.5566872387995155
BH_s34_medium,3,29,3.966666666666667,0.5082725882530212,-0.7140549159097369
BH_s34_medium,3,30,4.0,0.5596899390220642,-0.8126149068215558
BH_s34_medium,3,31,4.033333333333333,0.4110144376754761,-0.853661929685652
BH_s34_medium,3,32,4.066666666666666,0.15933459997177124,-0.8455630113173747
BH_s34_medium,3,33,4.1,-0.09966771304607391,-0.7910111210258072
BH_s34_medium,3,34,4.133333333333334,-0.40642616152763367,-0.6796006340638843
BH_s34_medium,3,35,4.166666666666667,-0.6103498339653015,-0.49148973148508335
BH_s34_medium,3,36,4.2,-0.7185916900634766,-0.210945174632177
BH_s34_medium,3,37,4.233333333333333,-0.7257446050643921,0.15809965696618256
BH_s34_medium,3,38,4.266666666666667,-0.7257446050643921,0.5837157179226475
BH_s34_medium,3,39,4.3,-0.7673903107643127,1.0099695223603586
BH_s34_medium,3,40,4.333333333333333,-0.8179348111152649,1.3717254538463457
BH_s34_medium,3,41,4.366666666666666,-0.91989666223526,1.6134938497187936
BH_s34_medium,3,42,4.4,-1.0218584537506104,1.7042733157623458
BH_s34_medium,3,43,4.433333333333334,-1.1238203048706055,1.643061958512819
BH_s34_medium,3,44,4.466666666666667,-1.188501000404358,1.4544644606735153
BH_s34_medium,3,45,4.5,-1.2763266563415527,1.177762010387453
BH_s34_medium,3,46,4.533333333333333,-1.3427531719207764,0.8541439730115605
BH_s34_medium,3,47,4.566666666666666,-1.0319441556930542,0.5161912024509366
BH_s34_medium,3,48,4.6,-0.04555630683898926,0.18250375455777681
BH_s34_medium,3,49,4.633333333333334,1.211775302886963,-0.14130042954116867
BH_s34_medium,3,50,4.666666666666667,2.140220880508423,-0.4562492958391604
BH_s34_medium,3,51,4.7,2.245539426803589,-0.7614164789565799
BH_s34_medium,3,52,4.733333333333333,1.8478877544403076,-1.0469433741612737
BH_s34_medium,3,53,4.766666666666667,1.3675034046173096,-1.291827324190717
BH_s34_medium,3,54,4.8,1.0167598724365234,-1.4676491853960982
BH_s34_medium,3,55,4.833333333333333,0.8405151963233948,-1.5470018259717404
BH_s34_medium,3,56,4.866666666666666,0.7653594613075256,-1.5134344288713317
BH_s34_medium,3,57,4.9,0.7139421105384827,-1.3689177459621968
BH_s34_medium,3,58,4.933333333333334,0.6888818144798279,-1.1354915878016176
BH_s34_medium,3,59,4.966666666666667,0.5627326369285583,-0.8498044057507177
BH_s34_medium,3,60,5.0,0.3354944884777069,-0.552124248304833
BH_s34_medium,3,61,5.033333333333333,0.05205046385526657,-0.27403004509222745
BH_s34_medium,3,62,5.066666666666666,-0.2547079920768738,-0.030114419138378135
BH_s34_medium,3,63,5.1,-0.510049045085907,0.1824062959307162
BH_s34_medium,3,64,5.133333333333334,-0.6427326202392578,0.3760944885959348
BH_s34_medium,3,65,5.166666666666667,-0.7257446050643921,0.5617658458539945
BH_s34_medium,3,66,5.2,-0.7438215613365173,0.739115599934536
BH_s34_medium,3,67,5.233333333333333,-0.7771620154380798,0.894300757659801
BH_s34_medium,3,68,5.266666666666667,-0.8285793662071228,1.0053466516423162
BH_s34_medium,3,69,5.3,-0.8954549431800842,1.0520405930186374
BH_s34_medium,3,70,5.333333333333333,-0.9828315377235413,1.0249678732142673
BH_s34_medium,3,71,5.366666666666666,-1.0479612350463867,0.9293909814913883
BH_s34_medium,3,72,5.4,-1.1499230861663818,0.7828797416923123
BH_s34_medium,3,73,5.433333333333334,-1.251884937286377,0.6087813775014791
BH_s34_medium,3,74,5.466666666666667,-1.3427531719207764,0.4289583397695575
BH_s34_medium,3,75,5.5,-1.4043912887573242,0.25873667431146025
BH_s34_medium,3,76,5.533333333333333,-1.4081969261169434,0.10561763868863845
BH_s34_medium,3,77,5.566666666666666,-0.7353562116622925,-0.028379409557962483
BH_s34_medium,3,78,5.6,0.4528453052043915,-0.14240608365248886
BH_s34_medium,3,79,5.633333333333334,1.8028507232666016,-0.23299109730255968
BH_s34_medium,3,80,5.666666666666667,2.4621331691741943,-0.29300597111002413
BH_s34_medium,3,81,5.7,2.2879483699798584,-0.31445413761258145
BH_s34_medium,3,82,5.733333333333333,1.773155927658081,-0.29438715389891257
BH_s34_medium,3,83,5.766666666666667,1.318001389503479,-0.2412206561032408
BH_s34_medium,3,84,5.8,1.0177175998687744,-0.1772684226479935
BH_s34_medium,3,85,5.833333333333333,0.8667027354240417,-0.1341418298139626
BH_s34_medium,3,86,5.866666666666666,0.7647408843040466,-0.14139623697193374
BH_s34_medium,3,87,5.9,0.7139421105384827,-0.21336131708372477
BH_s34_medium,3,88,5.933333333333334,0.6122345924377441,-0.34129243826290984
BH_s34_medium,3,89,5.966666666666667,0.46085554361343384,-0.4956670995974953
BH_s34_medium,3,90,6.0,0.2083875834941864,-0.6374045115758087
BH_s34_medium,3,91,6.033333333333333,-0.10124398022890091,-0.7315864659017044
BH_s34_medium,3,92,6.066666666666666,-0.4033834934234619,-0.7568930272768504
BH_s34_medium,3,93,6.1,-0.6633434891700745,-0.7076689524360569
BH_s34_medium,3,94,6.133333333333334,-0.8222146034240723,-0.5900155678712833
BH_s34_medium,3,95,6.166666666666667,-0.8799967765808105,-0.4158667251562956
BH_s34_medium,3,96,6.2,-0.8799967765808105,-0.1986733714377203
BH_s34_medium,3,97,6.233333333333333,-0.9224306344985962,0.047779574049268136
BH_s34_medium,3,98,6.266666666666667,-0.9729750752449036,0.3079813226208959
BH_s34_medium,3,99,6.3,-1.023519515991211,0.5625125432151653
BH_s34_medium,3,100,6.333333333333333,-1.125481367111206,0.7871543222523759
BH_s34_medium,3,101,6.366666666666666,-1.2274432182312012,0.9549194084815661
BH_s34_medium,3,102,6.4,-1.3294050693511963,1.04155242426861
BH_s34_medium,3,103,6.433333333333334,-1.4313669204711914,1.03318955950799
BH_s34_medium,3,104,6.466666666666667,-1.5333287715911865,0.9327604341968372
BH_s34_medium,3,105,6.5,-1.5998401641845703,0.761185323673278
BH_s34_medium,3,106,6.533333333333333,-1.2549622058868408,0.5516268893143964
BH_s34_medium,3,107,6.566666666666666,-0.2184537798166275,0.33867670892253676
BH_s34_medium,3,108,6.6,1.1735866069793701,0.14707221687199648
BH_s34_medium,3,109,6.633333333333334,2.242547035217285,-0.015118776282935564
BH_s34_medium,3,110,6.666666666666667,2.348543882369995,-0.15606352216615665
BH_s34_medium,3,111,6.7,1.8695160150527954,-0.2930795192211717
BH_s34_medium,3,112,6.733333333333333,1.2577449083328247,-0.4423111369105311
BH_s34_medium,3,113,6.766666666666667,0.7029082179069519,-0.6094966475297718
BH_s34_medium,3,114,6.8,0.4806783199310303,-0.785025508801228
BH_s34_medium,3,115,6.833333333333333,0.4321591258049011,-0.9446196640992714
BH_s34_medium,3,116,6.866666666666666,0.5599693655967712,-1.0555381226020681
BH_s34_medium,3,117,6.9,0.6875001788139343,-1.0867928507050553
BH_s34_medium,3,118,6.933333333333334,0.6384221315383911,-1.0200862536100892
BH_s34_medium,3,119,6.966666666666667,0.38716620206832886,-0.8572473951147231
BH_s34_medium,3,120,7.0,0.02986329235136509,-0.6210394707068306
BH_s34_medium,3,121,7.033333333333333,-0.3489234447479248,-0.3487744664985246
BH_s34_medium,3,122,7.066666666666666,-0.6127142906188965,-0.08089393375310809
BH_s34_medium,3,123,7.1,-0.7968999743461609,0.15127252577115158
BH_s34_medium,3,124,7.133333333333334,-0.8285793662071228,0.3336774692216176
BH_s34_medium,3,125,7.166666666666667,-0.8285793662071228,0.47035831387565447
BH_s34_medium,3,126,7.2,-0.7942812442779541,0.5771869126766722
BH_s34_medium,3,127,7.233333333333333,-0.8285793662071228,0.6720440730306281
BH_s34_medium,3,128,7.266666666666667,-0.8953701257705688,0.7655769777145048
BH_s34_medium,3,129,7.3,-0.9828315377235413,0.8557196267418238
BH_s34_medium,3,130,7.333333333333333,-1.099293828010559,0.9279567667479849
BH_s34_medium,3,131,7.366666666666666,-1.2012556791305542,0.9615501683325924
BH_s34_medium,3,132,7.4,-1.3032175302505493,0.9392577223887345
BH_s34_medium,3,133,7.433333333333334,-1.236291766166687,0.8559032683517244
BH_s34_medium,3,134,7.466666666666667,-0.40858033299446106,0.7212923757825832
BH_s34_medium,3,135,7.5,0.8950409889221191,0.5558548073730043
BH_s34_medium,3,136,7.533333333333333,2.1609418392181396,0.38167884580369155
BH_s34_medium,3,137,7.566666666666666,2.557450771331787,0.21436077247966162
BH_s34_medium,3,138,7.6,2.2232425212860107,0.06015985552411428
BH_s34_medium,3,139,7.633333333333334,1.6562446355819702,-0.08097594954635008
BH_s34_medium,3,140,7.666666666666667,1.1571049690246582,-0.21012187197915078
BH_s34_medium,3,141,7.7,0.8601433038711548,-0.326640122887369
BH_s34_medium,3,142,7.733333333333333,0.7139421105384827,-0.4299478646682323
BH_s34_medium,3,143,7.766666666666667,0.7162216901779175,-0.5236127457064826
BH_s34_medium,3,144,7.8,0.7653594613075256,-0.6177300996502701
BH_s34_medium,3,145,7.833333333333333,0.7134082913398743,-0.7267552052376388
BH_s34_medium,3,146,7.866666666666666,0.5092899799346924,-0.8629442180638301
BH_s34_medium,3,147,7.9,0.15319909155368805,-1.0281621869859574
BH_s34_medium,3,148,7.933333333333334,-0.15389850735664368,-1.207567345158271
BH_s34_medium,3,149,7.966666666666667,-0.45978403091430664,-1.3679149612286554
BH_s34_medium,3,150,8.0,-0.619079053401947,-1.461944511980355
BH_s34_medium,3,151,8.033333333333333,-0.7210409045219421,-1.4388594336519394
BH_s34_medium,3,152,8.066666666666666,-0.7257446050643921,-1.2591327651768078
BH_s34_medium,3,153,8.1,-0.7257446050643921,-0.9096033976028226
BH_s34_medium,3,154,8.133333333333333,-0.7771620154380798,-0.4129119107894079
BH_s34_medium,3,155,8.166666666666666,-0.8285793662071228,0.17383304550830148
BH_s34_medium,3,156,8.2,-0.9223458170890808,0.7717125125243399
BH_s34_medium,3,157,8.233333333333333,-1.0243077278137207,1.299316425184793
BH_s34_medium,3,158,8.266666666666667,-1.1262695789337158,1.691745072665675
BH_s34_medium,3,159,8.3,-1.2282313108444214,1.9132844436382654
BH_s34_medium,3,160,8.333333333333334,-1.3301931619644165,1.9606021529673654
BH_s34_medium,3,161,8.366666666666667,-1.3941705226898193,1.856820788148795
BH_s34_medium,3,162,8.4,-0.8916085362434387,1.639896491878374
BH_s34_medium,3,163,8.433333333333334,0.22329293191432953,1.3502081181301462
BH_s34_medium,3,164,8.466666666666667,1.671818733215332,1.0216077432006752
BH_s34_medium,3,165,8.5,2.5831797122955322,0.6780027753327762
BH_s34_medium,3,166,8.533333333333333,2.6183602809906006,0.3349708323335873
BH_s34_medium,3,167,8.566666666666666,2.195563554763794,0.0039030986038780906
BH_s34_medium,3,168,8.6,1.6662108898162842,-0.30457316801587697
BH_s34_medium,3,169,8.633333333333333,1.3203657865524292,-0.5801786568727375
BH_s34_medium,3,170,8.666666666666666,1.1465703248977661,-0.8155181854886775
BH_s34_medium,3,171,8.7,1.044608473777771,-1.0092195192004556
BH_s34_medium,3,172,8.733333333333333,0.9426466226577759,-1.1665400316540118
BH_s34_medium,3,173,8.766666666666667,0.8406847715377808,-1.295466813125292
BH_s34_medium,3,174,8.8,0.6606690287590027,-1.3989372996184004
BH_s34_medium,3,175,8.833333333333334,0.43098169565200806,-1.466778499314871
BH_s34_medium,3,176,8.866666666666667,0.07367876172065735,-1.4727109459319931
BH_s34_medium,3,177,8.9,-0.18078939616680145,-1.3804628846359601
BH_s34_medium,3,178,8.933333333333334,-0.4635300636291504,-1.1584190230637963
BH_s34_medium,3,179,8.966666666666667,-0.6451817750930786,-0.7968699820599603
BH_s34_medium,3,180,9.0,-0.6957262754440308,-0.31932160774621926
BH_s34_medium,3,181,9.033333333333333,-0.7257446050643921,0.21849820519742696
BH_s34_medium,3,182,9.066666666666666,-0.7771620154380798,0.7421371978434856
BH_s34_medium,3,183,9.1,-0.8285793662071228,1.178535024271887
BH_s34_medium,3,184,9.133333333333333,-0.897904098033905,1.474637667690201
BH_s34_medium,3,185,9.166666666666666,-0.9998659491539001,1.6081299739998707
BH_s34_medium,3,186,9.2,-1.10182785987854,1.5876883734945577
BH_s34_medium,3,187,9.233333333333333,-1.2037897109985352,1.4442361679699123
BH_s34_medium,3,188,9.266666666666667,-1.3057515621185303,1.2177087508954825
BH_s34_medium,3,189,9.3,-1.4077132940292358,0.9447908713403907
BH_s34_medium,3,190,9.333333333333334,-1.458257794380188,0.6517569202398354
BH_s34_medium,3,191,9.366666666666667,-1.271971583366394,0.35378300550899927
BH_s34_medium,3,192,9.4,-0.3484934866428375,0.05925128677537158
BH_s34_medium,3,193,9.433333333333334,0.9574922919273376,-0.2242042848979412
BH_s34_medium,3,194,9.466666666666667,2.157280445098877,-0.485288404257862
BH_s34_medium,3,195,9.5,2.4455225467681885,-0.7083727350696781
BH_s34_medium,3,196,9.533333333333333,2.116466999053955,-0.8767370685016402
BH_s34_medium,3,197,9.566666666666666,1.5552403926849365,-0.9781714733781088
BH_s34_medium,3,198,9.6,1.1596390008926392,-1.0104268163016366
BH_s34_medium,3,199,9.633333333333333,0.9099844098091125,-0.9838347939936828
BH_s34_medium,3,200,9.666666666666666,0.8128361701965332,-0.9190359312976878
BH_s34_medium,3,201,9.7,0.7139421105384827,-0.8395300250599534
BH_s34_medium,3,202,9.733333333333333,0.7117472290992737,-0.7615405968311555
BH_s34_medium,3,203,9.766666666666667,0.60846346616745,-0.6860076903242465
BH_s34_medium,3,204,9.8,0.35267341136932373,-0.5976149459928627
BH_s34_medium,3,205,9.833333333333334,0.046787865459918976,-0.4727245844289632
BH_s34_medium,3,206,9.866666666666667,-0.2590976655483246,-0.29299439298518304
BH_s34_medium,3,207,9.9,-0.5649831891059875,-0.05766622441948367
BH_s34_medium,3,208,9.933333333333334,-0.7227019667625427,0.21208474978556502
BH_s34_medium,3,209,9.966666666666667,-0.8246638178825378,0.47912768809098827
BH_s34_medium,3,210,10.0,-0.8752082586288452,0.7036441392585935
BH_s34_medium,3,211,10.033333333333333,-0.8799967765808105,0.8571654682384334
BH_s34_medium,3,212,10.066666666666666,-0.8799967765808105,0.9311399595663084
BH_s34_medium,3,213,10.1,-0.9754242897033691,0.9369991607283887
BH_s34_medium,3,214,10.133333333333333,-1.0259686708450317,0.8986818360835729
BH_s34_medium,3,215,10.166666666666666,-1.1279305219650269,0.8416009117837301
BH_s34_medium,3,216,10.2,-1.229892373085022,0.7830718577176963
BH_s34_medium,3,217,10.233333333333333,-1.3723727464675903,0.7279664976114288
BH_s34_medium,3,218,10.266666666666667,-1.4852335453033447,0.6704988040449871
BH_s34_medium,3,219,10.3,-1.5484226942062378,0.6002318721992155
BH_s34_medium,3,220,10.333333333333334,-1.2181898355484009,0.5090301835189547
BH_s34_medium,3,221,10.366666666666667,-0.17858849465847015,0.3958836893018605
BH_s34_medium,3,222,10.4,1.2200961112976074,0.26773002015663216
BH_s34_medium,3,223,10.433333333333334,2.159644842147827,0.1361413245008293
BH_s34_medium,3,224,10.466666666666667,2.239064931869507,0.011540483420645634
BH_s34_medium,3,225,10.5,1.7467485666275024,-0.10222979584945127
BH_s34_medium,3,226,10.533333333333333,1.1349775791168213,-0.2102130826116207
BH_s34_medium,3,227,10.566666666666666,0.6382023692131042,-0.3241064942746813
BH_s34_medium,3,228,10.6,0.42593881487846375,-0.4562075789823609
BH_s34_medium,3,229,10.633333333333333,0.4354812204837799,-0.6120395309470952
BH_s34_medium,3,230,10.666666666666666,0.5666136145591736,-0.7847018403423094
BH_s34_medium,3,231,10.7,0.6625247001647949,-0.9534284005821844
BH_s34_medium,3,232,10.733333333333333,0.6076753735542297,-1.0876010264938316
BH_s34_medium,3,233,10.766666666666667,0.29923075437545776,-1.1556179450414248
BH_s34_medium,3,234,10.8,-0.08293779194355011,-1.1357531073127858
BH_s34_medium,3,235,10.833333333333334,-0.4136292636394501,-1.0243329194368267
BH_s34_medium,3,236,10.866666666666667,-0.6707758903503418,-0.8366089168467404
BH_s34_medium,3,237,10.9,-0.7771620154380798,-0.5990820556766947
BH_s34_medium,3,238,10.933333333333334,-0.7771620154380798,-0.33780341634186695
BH_s34_medium,3,239,10.966666666666667,-0.7771620154380798,-0.07045842111494739
BH_s34_medium,4,0,4.0,0.5596899390220642,0.05502145735437548
BH_s34_medium,4,1,4.033333333333333,0.4110144376754761,-0.11812876963135019
BH_s34_medium,4,2,4.066666666666666,0.15933459997177124,-0.2556717880726426
BH_s34_medium,4,3,4.1,-0.09966771304607391,-0.3263835094181864
BH_s34_medium,4,4,4.133333333333334,-0.40642616152763367,-0.3073762120616265
BH_s34_medium,4,5,4.166666666666667,-0.6103498339653015,-0.19009091954632823
BH_s34_medium,4,6,4.2,-0.7185916900634766,0.015019300996645397
BH_s34_medium,4,7,4.233333333333333,-0.7257446050643921,0.2782022513753751
BH_s34_medium,4,8,4.266666666666667,-0.7257446050643921,0.5559642234670081
BH_s34_medium,4,9,4.3,-0.7673903107643127,0.8011666262670873
BH_s34_medium,4,10,4.333333333333333,-0.8179348111152649,0.9743021861524751
BH_s34_medium,4,11,4.366666666666666,-0.91989666223526,1.0521186736349586
BH_s34_medium,4,12,4.4,-1.0218584537506104,1.0308796850929016
BH_s34_medium,4,13,4.433333333333334,-1.1238203048706055,0.9237608371270938
BH_s34_medium,4,14,4.466666666666667,-1.188501000404358,0.754198485958428
BH_s34_medium,4,15,4.5,-1.2763266563415527,0.54816204845273
BH_s34_medium,4,16,4.533333333333333,-1.3427531719207764,0.3277883850612908
BH_s34_medium,4,17,4.566666666666666,-1.0319441556930542,0.1076080274590002
BH_s34_medium,4,18,4.6,-0.04555630683898926,-0.10617285631338184
BH_s34_medium,4,19,4.633333333333334,1.211775302886963,-0.3133663009793124
BH_s34_medium,4,20,4.666666666666667,2.140220880508423,-0.5152885428632045
BH_s34_medium,4,21,4.7,2.245539426803589,-0.709791674868333
BH_s34_medium,4,22,4.733333333333333,1.8478877544403076,-0.8880909650386348
BH_s34_medium,4,23,4.766666666666667,1.3675034046173096,-1.0351155017501263
BH_s34_medium,4,24,4.8,1.0167598724365234,-1.1335244713141936
BH_s34_medium,4,25,4.833333333333333,0.8405151963233948,-1.169724641830391
BH_s34_medium,4,26,4.866666666666666,0.7653594613075256,-1.1392157329036823
BH_s34_medium,4,27,4.9,0.7139421105384827,-1.048797164384369
BH_s34_medium,4,28,4.933333333333334,0.6888818144798279,-0.9144510501073148
BH_s34_medium,4,29,4.966666666666667,0.5627326369285583,-0.7555729420167077
BH_s34_medium,4,30,5.0,0.3354944884777069,-0.5879025012926912
BH_s34_medium,4,31,5.033333333333333,0.05205046385526657,-0.4181829008349032
BH_s34_medium,4,32,5.066666666666666,-0.2547079920768738,-0.24287259256640067
BH_s34_medium,4,33,5.1,-0.510049045085907,-0.05162177814458501
BH_s34_medium,4,34,5.133333333333334,-0.6427326202392578,0.16557342447856754
BH_s34_medium,4,35,5.166666666666667,-0.7257446050643921,0.41028829019265073
BH_s34_medium,4,36,5.2,-0.7438215613365173,0.6704322945773475
BH_s34_medium,4,37,5.233333333333333,-0.7771620154380798,0.9208884880845596
BH_s34_medium,4,38,5.266666666666667,-0.8285793662071228,1.1302186333843438
BH_s34_medium,4,39,5.3,-0.8954549431800842,1.2703567510724312
BH_s34_medium,4,40,5.333333333333333,-0.9828315377235413,1.3246973717251314
BH_s34_medium,4,41,5.366666666666666,-1.0479612350463867,1.2911684358812405
BH_s34_medium,4,42,5.4,-1.1499230861663818,1.1800063857205891
BH_s34_medium,4,43,5.433333333333334,-1.251884937286377,1.0086842416113024
BH_s34_medium,4,44,5.466666666666667,-1.3427531719207764,0.7969329744650481
BH_s34_medium,4,45,5.5,-1.4043912887573242,0.5635323591021488
BH_s34_medium,4,46,5.533333333333333,-1.4081969261169434,0.3250276357135648
BH_s34_medium,4,47,5.566666666666666,-0.7353562116622925,0.09558677343815111
BH_s34_medium,4,48,5.6,0.4528453052043915,-0.11297102907867665
BH_s34_medium,4,49,5.633333333333334,1.8028507232666016,-0.2915496589249019
BH_s34_medium,4,50,5.666666666666667,2.4621331691741943,-0.4345348182747646
BH_s34_medium,4,51,5.7,2.2879483699798584,-0.5405184098170305
BH_s34_medium,4,52,5.733333333333333,1.773155927658081,-0.6125268751242339
BH_s34_medium,4,53,5.766666666666667,1.318001389503479,-0.6574152883550044
BH_s34_medium,4,54,5.8,1.0177175998687744,-0.6842387761721033
BH_s34_medium,4,55,5.833333333333333,0.8667027354240417,-0.7018603706319488
BH_s34_medium,4,56,5.866666666666666,0.7647408843040466,-0.7167901729509338
BH_s34_medium,4,57,5.9,0.7139421105384827,-0.7324092373003612
BH_s34_medium,4,58,5.933333333333334,0.6122345924377441,-0.7497242934587283
BH_s34_medium,4,59,5.966666666666667,0.46085554361343384,-0.7683652680492401
BH_s34_medium,4,60,6.0,0.2083875834941864,-0.7859961568503149
BH_s34_medium,4,61,6.033333333333333,-0.10124398022890091,-0.7955518812496825
BH_s34_medium,4,62,6.066666666666666,-0.4033834934234619,-0.7822280497995248
BH_s34_medium,4,63,6.1,-0.6633434891700745,-0.723602166015027
BH_s34_medium,4,64,6.133333333333334,-0.8222146034240723,-0.5948894001516901
BH_s34_medium,4,65,6.166666666666667,-0.8799967765808105,-0.37814929934907504
BH_s34_medium,4,66,6.2,-0.8799967765808105,-0.07160066433695951
BH_s34_medium,4,67,6.233333333333333,-0.9224306344985962,0.3052314848091137
BH_s34_medium,4,68,6.266666666666667,-0.9729750752449036,0.7128229147711667
BH_s34_medium,4,69,6.3,-1.023519515991211,1.0988998443902174
BH_s34_medium,4,70,6.333333333333333,-1.125481367111206,1.4092926079614556
BH_s34_medium,4,71,6.366666666666666,-1.2274432182312012,1.5994924352943682
BH_s34_medium,4,72,6.4,-1.3294050693511963,1.644182782092668
BH_s34_medium,4,73,6.433333333333334,-1.4313669204711914,1.5425189350302053
BH_s34_medium,4,74,6.466666666666667,-1.5333287715911865,1.3176986617325803
BH_s34_medium,4,75,6.5,-1.5998401641845703,1.0106661369839343
BH_s34_medium,4,76,6.533333333333333,-1.2549622058868408,0.6696159415092063
BH_s34_medium,4,77,6.566666666666666,-0.2184537798166275,0.3385237218854856
BH_s34_medium,4,78,6.6,1.1735866069793701,0.0482787607990982
BH_s34_medium,4,79,6.633333333333334,2.242547035217285,-0.18722452606064988
BH_s34_medium,4,80,6.666666666666667,2.348543882369995,-0.3699294930274472
BH_s34_medium,4,81,6.7,1.8695160150527954,-0.5131372119532636
BH_s34_medium,4,82,6.733333333333333,1.2577449083328247,-0.635790532372548
BH_s34_medium,4,83,6.766666666666667,0.7029082179069519,-0.7567667895912734
BH_s34_medium,4,84,6.8,0.4806783199310303,-0.889501044359898
BH_s34_medium,4,85,6.833333333333333,0.4321591258049011,-1.037235874872319
BH_s34_medium,4,86,6.866666666666666,0.5599693655967712,-1.190069806495297
BH_s34_medium,4,87,6.9,0.6875001788139343,-1.325372009184234
BH_s34_medium,4,88,6.933333333333334,0.6384221315383911,-1.4120548481384874
BH_s34_medium,4,89,6.966666666666667,0.38716620206832886,-1.4176760637534946
BH_s34_medium,4,90,7.0,0.02986329235136509,-1.3166597442441497
BH_s34_medium,4,91,7.033333333333333,-0.3489234447479248,-1.0977616221944801
BH_s34_medium,4,92,7.066666666666666,-0.6127142906188965,-0.768690218844156
BH_s34_medium,4,93,7.1,-0.7968999743461609,-0.35612874414217466
BH_s34_medium,4,94,7.133333333333334,-0.8285793662071228,0.09914607940522861
BH_s34_medium,4,95,7.166666666666667,-0.8285793662071228,0.5504871951453885
BH_s34_medium,4,96,7.2,-0.7942812442779541,0.9542190898226569
BH_s34_medium,4,97,7.233333333333333,-0.8285793662071228,1.276406873666376
BH_s34_medium,4,98,7.266666666666667,-0.8953701257705688,1.495996736120233
BH_s34_medium,4,99,7.3,-0.9828315377235413,1.604554617564161
BH_s34_medium,4,100,7.333333333333333,-1.099293828010559,1.6043658735866115
BH_s34_medium,4,101,7.366666666666666,-1.2012556791305542,1.5067032663522277
BH_s34_medium,4,102,7.4,-1.3032175302505493,1.330456004377896
BH_s34_medium,4,103,7.433333333333334,-1.236291766166687,1.0999655134603843
BH_s34_medium,4,104,7.466666666666667,-0.40858033299446106,0.8414443068632437
BH_s34_medium,4,105,7.5,0.8950409889221191,0.5787866725071236
BH_s34_medium,4,106,7.533333333333333,2.1609418392181396,0.3302176017091301
BH_s34_medium,4,107,7.566666666666666,2.557450771331787,0.10680607167242138
BH_s34_medium,4,108,7.6,2.2232425212860107,-0.08702993253040531
BH_s34_medium,4,109,7.633333333333334,1.6562446355819702,-0.2517739858631941
BH_s34_medium,4,110,7.666666666666667,1.1571049690246582,-0.3910147062818644
BH_s34_medium,4,111,7.7,0.8601433038711548,-0.5104976204302268
BH_s34_medium,4,112,7.733333333333333,0.7139421105384827,-0.6179587433334717
BH_s34_medium,4,113,7.766666666666667,0.7162216901779175,-0.722767264835094
BH_s34_medium,4,114,7.8,0.7653594613075256,-0.8342790954322719
BH_s34_medium,4,115,7.833333333333333,0.7134082913398743,-0.9585626147529328
BH_s34_medium,4,116,7.866666666666666,0.5092899799346924,-1.094348102230012
BH_s34_medium,4,117,7.9,0.15319909155368805,-1.2299197023486974
BH_s34_medium,4,118,7.933333333333334,-0.15389850735664368,-1.342625437708276
BH_s34_medium,4,119,7.966666666666667,-0.45978403091430664,-1.4017185085101882
BH_s34_medium,4,120,8.0,-0.619079053401947,-1.3739681852641894
BH_s34_medium,4,121,8.033333333333333,-0.7210409045219421,-1.2309230551513874
BH_s34_medium,4,122,8.066666666666666,-0.7257446050643921,-0.9570283691334714
BH_s34_medium,4,123,8.1,-0.7257446050643921,-0.5573553778925985
BH_s34_medium,4,124,8.133333333333333,-0.7771620154380798,-0.06188703319027233
BH_s34_medium,4,125,8.166666666666666,-0.8285793662071228,0.4771053044977991
BH_s34_medium,4,126,8.2,-0.9223458170890808,0.9950284429429682
BH_s34_medium,4,127,8.233333333333333,-1.0243077278137207,1.4288248179821597
BH_s34_medium,4,128,8.266666666666667,-1.1262695789337158,1.7299054451966358
BH_s34_medium,4,129,8.3,-1.2282313108444214,1.8725171080276073
BH_s34_medium,4,130,8.333333333333334,-1.3301931619644165,1.8559699556105802
BH_s34_medium,4,131,8.366666666666667,-1.3941705226898193,1.7011127583400536
BH_s34_medium,4,132,8.4,-0.8916085362434387,1.4428700651877773
BH_s34_medium,4,133,8.433333333333334,0.22329293191432953,1.1213188815776174
BH_s34_medium,4,134,8.466666666666667,1.671818733215332,0.7736866396387553
BH_s34_medium,4,135,8.5,2.5831797122955322,0.4290343136055963
BH_s34_medium,4,136,8.533333333333333,2.6183602809906006,0.10645559727904363
BH_s34_medium,4,137,8.566666666666666,2.195563554763794,-0.18362846435246702
BH_s34_medium,4,138,8.6,1.6662108898162842,-0.43676229279959317
BH_s34_medium,4,139,8.633333333333333,1.3203657865524292,-0.652277507544021
BH_s34_medium,4,140,8.666666666666666,1.1465703248977661,-0.8323803121115642
BH_s34_medium,4,141,8.7,1.044608473777771,-0.9817464915919073
BH_s34_medium,4,142,8.733333333333333,0.9426466226577759,-1.1063990962898997
BH_s34_medium,4,143,8.766666666666667,0.8406847715377808,-1.2111366194042101
BH_s34_medium,4,144,8.8,0.6606690287590027,-1.295626355838759
BH_s34_medium,4,145,8.833333333333334,0.43098169565200806,-1.3503665604687516
BH_s34_medium,4,146,8.866666666666667,0.07367876172065735,-1.3548248022687384
BH_s34_medium,4,147,8.9,-0.18078939616680145,-1.2802651884906056
BH_s34_medium,4,148,8.933333333333334,-0.4635300636291504,-1.0983088333505764
BH_s34_medium,4,149,8.966666666666667,-0.6451817750930786,-0.7933473045442964
BH_s34_medium,4,150,9.0,-0.6957262754440308,-0.3739138866801755
BH_s34_medium,4,151,9.033333333333333,-0.7257446050643921,0.12277197072566227
BH_s34_medium,4,152,9.066666666666666,-0.7771620154380798,0.6363763588205833
BH_s34_medium,4,153,9.1,-0.8285793662071228,1.0977868820715049
BH_s34_medium,4,154,9.133333333333333,-0.897904098033905,1.446681285346011
BH_s34_medium,4,155,9.166666666666666,-0.9998659491539001,1.6454357485775533
BH_s34_medium,4,156,9.2,-1.10182785987854,1.6847053231678437
BH_s34_medium,4,157,9.233333333333333,-1.2037897109985352,1.580187937811812
BH_s34_medium,4,158,9.266666666666667,-1.3057515621185303,1.363695267785375
BH_s34_medium,4,159,9.3,-1.4077132940292358,1.0730507778889888
BH_s34_medium,4,160,9.333333333333334,-1.458257794380188,0.7443099112888495
BH_s34_medium,4,161,9.366666666666667,-1.271971583366394,0.4076282413153089
BH_s34_medium,4,162,9.4,-0.3484934866428375,0.08630743444196595
BH_s34_medium,4,163,9.433333333333334,0.9574922919273376,-0.2023572679015749
BH_s34_medium,4,164,9.466666666666667,2.157280445098877,-0.4459431419954569
BH_s34_medium,4,165,9.5,2.4455225467681885,-0.6365197917760265
BH_s34_medium,4,166,9.533333333333333,2.116466999053955,-0.7712165182192806
BH_s34_medium,4,167,9.566666666666666,1.5552403926849365,-0.8531243814140291
BH_s34_medium,4,168,9.6,1.1596390008926392,-0.8915137117354265
BH_s34_medium,4,169,9.633333333333333,0.9099844098091125,-0.900456887568825
BH_s34_medium,4,170,9.666666666666666,0.8128361701965332,-0.895455978357398
BH_s34_medium,4,171,9.7,0.7139421105384827,-0.888321482586735
BH_s34_medium,4,172,9.733333333333333,0.7117472290992737,-0.8812852101392747
BH_s34_medium,4,173,9.766666666666667,0.60846346616745,-0.862564241999015
BH_s34_medium,4,174,9.8,0.35267341136932373,-0.806852903839881
BH_s34_medium,4,175,9.833333333333334,0.046787865459918976,-0.6832451759906545
BH_s34_medium,4,176,9.866666666666667,-0.2590976655483246,-0.46892696884593366
BH_s34_medium,4,177,9.9,-0.5649831891059875,-0.16262818688878167
BH_s34_medium,4,178,9.933333333333334,-0.7227019667625427,0.2090798667314356
BH_s34_medium,4,179,9.966666666666667,-0.8246638178825378,0.5964041691664859
BH_s34_medium,4,180,10.0,-0.8752082586288452,0.9403232741785879
BH_s34_medium,4,181,10.033333333333333,-0.8799967765808105,1.1899785456306233
BH_s34_medium,4,182,10.066666666666666,-0.8799967765808105,1.316304268094593
BH_s34_medium,4,183,10.1,-0.9754242897033691,1.316996428472333
BH_s34_medium,4,184,10.133333333333333,-1.0259686708450317,1.212149783611679
BH_s34_medium,4,185,10.166666666666666,-1.1279305219650269,1.0339677484856127
BH_s34_medium,4,186,10.2,-1.229892373085022,0.8159471794230778
BH_s34_medium,4,187,10.233333333333333,-1.3723727464675903,0.5859029892380827
BH_s34_medium,4,188,10.266666666666667,-1.4852335453033447,0.36388799920243026
BH_s34_medium,4,189,10.3,-1.5484226942062378,0.16314402754120486
BH_s34_medium,4,190,10.333333333333334,-1.2181898355484009,-0.008280880980194114
BH_s34_medium,4,191,10.366666666666667,-0.17858849465847015,-0.14653511181657577
BH_s34_medium,4,192,10.4,1.2200961112976074,-0.2519144656339151
BH_s34_medium,4,193,10.433333333333334,2.159644842147827,-0.3295306450177009
BH_s34_medium,4,194,10.466666666666667,2.239064931869507,-0.38996511697315733
BH_s34_medium,4,195,10.5,1.7467485666275024,-0.4488703385847261
BH_s34_medium,4,196,10.533333333333333,1.1349775791168213,-0.5246388340619281
BH_s34_medium,4,197,10.566666666666666,0.6382023692131042,-0.6338450369989266
BH_s34_medium,4,198,10.6,0.42593881487846375,-0.7850049973466815
BH_s34_medium,4,199,10.633333333333333,0.4354812204837799,-0.972192087258856
BH_s34_medium,4,200,10.666666666666666,0.5666136145591736,-1.1709350054529102
BH_s34_medium,4,201,10.7,0.6625247001647949,-1.3390433073520387
BH_s34_medium,4,202,10.733333333333333,0.6076753735542297,-1.4240435543114889
BH_s34_medium,4,203,10.766666666666667,0.29923075437545776,-1.3767184689580985
BH_s34_medium,4,204,10.8,-0.08293779194355011,-1.1673989048929352
BH_s34_medium,4,205,10.833333333333334,-0.4136292636394501,-0.7993266257685756
BH_s34_medium,4,206,10.866666666666667,-0.6707758903503418,-0.31302454780160294
BH_s34_medium,4,207,10.9,-0.7771620154380798,0.22162938170304786
BH_s34_medium,4,208,10.933333333333334,-0.7771620154380798,0.7235611188032138
BH_s34_medium,4,209,10.966666666666667,-0.7771620154380798,1.122022891858081
BH_s34_medium,4,210,11.0,-0.7771620154380798,1.373440460182247
BH_s34_medium,4,211,11.033333333333333,-0.7967303991317749,1.4682453881385262
BH_s34_medium,4,212,11.066666666666666,-0.8799967765808105,1.4270366419104674
BH_s34_medium,4,213,11.1,-0.9492367506027222,1.2895021499657149
BH_s34_medium,4,214,11.133333333333333,-1.0681482553482056,1.1011764184709747
BH_s34_medium,4,215,11.166666666666666,-1.2045778036117554,0.9023176683485862
BH_s34_medium,4,216,11.2,-1.3579570055007935,0.7211189959460846
BH_s34_medium,4,217,11.233333333333333,-1.2710986137390137,0.571417420277429
BH_s34_medium,4,218,11.266666666666667,-0.4614139497280121,0.4538605812145447
BH_s34_medium,4,219,11.3,0.8387157320976257,0.35915367800855075
BH_s34_medium,4,220,11.333333333333334,2.081361770629883,0.2721572089040464
BH_s34_medium,4,221,11.366666666666667,2.4512939453125,0.1759817792530589
BH_s34_medium,4,222,11.4,2.103797197341919,0.05569713905250163
BH_s34_medium,4,223,11.433333333333334,1.5334771871566772,-0.09826397025715841
BH_s34_medium,4,224,11.466666666666667,1.0409818887710571,-0.28671109317629945
BH_s34_medium,4,225,11.5,0.7506643533706665,-0.4985222384294353
BH_s34_medium,4,226,11.533333333333333,0.611107349395752,-0.7090781779007327
BH_s34_medium,4,227,11.566666666666666,0.6167090535163879,-0.882389449744883
BH_s34_medium,4,228,11.6,0.6625247001647949,-0.9781792136246139
BH_s34_medium,4,229,11.633333333333333,0.6033955216407776,-0.9631041063141567
BH_s34_medium,4,230,11.666666666666666,0.39350590109825134,-0.8229967708725843
BH_s34_medium,4,231,11.7,0.03918595239520073,-0.5715245723008308
BH_s34_medium,4,232,11.733333333333333,-0.3181169629096985,-0.2508945156726818
BH_s34_medium,4,233,11.766666666666667,-0.5722209215164185,0.07713838415581824
BH_s34_medium,4,234,11.8,-0.7761446237564087,0.3473490315431559
BH_s34_medium,4,235,11.833333333333334,-0.8285793662071228,0.5081615468358583
BH_s34_medium,4,236,11.866666666666667,-0.8285793662071228,0.5336079001762382
BH_s34_medium,4,237,11.9,-0.8285793662071228,0.4268984093893239
BH_s34_medium,4,238,11.933333333333334,-0.8799967765808105,0.21646892057834505
BH_s34_medium,4,239,11.966666666666667,-0.9314141273498535,-0.05202879682940269
BH_s34_medium,5,0,5.0,0.3354944884777069,-0.04515478465385777
BH_s34_medium,5,1,5.033333333333333,0.05205046385526657,-0.2339039242193271
BH_s34_medium,5,2,5.066666666666666,-0.2547079920768738,-0.37540512258336567
BH_s34_medium,5,3,5.1,-0.510049045085907,-0.4349410665864824
BH_s34_medium,5,4,5.133333333333334,-0.6427326202392578,-0.39689412008051367
BH_s34_medium,5,5,5.166666666666667,-0.7257446050643921,-0.26859410738101014
BH_s34_medium,5,6,5.2,-0.7438215613365173,-0.07760520855373003
BH_s34_medium,5,7,5.233333333333333,-0.7771620154380798,0.1372766627953459
BH_s34_medium,5,8,5.266666666666667,-0.8285793662071228,0.3379571484442989
BH_s34_medium,5,9,5.3,-0.8954549431800842,0.49698520981640903
BH_s34_medium,5,10,5.333333333333333,-0.9828315377235413,0.6020702127743979
BH_s34_medium,5,11,5.366666666666666,-1.0479612350463867,0.6547823685473793
BH_s34_medium,5,12,5.4,-1.1499230861663818,0.6653254294660536
BH_s34_medium,5,13,5.433333333333334,-1.251884937286377,0.6461358457961882
BH_s34_medium,5,14,5.466666666666667,-1.3427531719207764,0.6068455933795764
BH_s34_medium,5,15,5.5,-1.4043912887573242,0.5521292548800275
BH_s34_medium,5,16,5.533333333333333,-1.4081969261169434,0.48250889677632064
BH_s34_medium,5,17,5.566666666666666,-0.7353562116622925,0.39695436637213055
BH_s34_medium,5,18,5.6,0.4528453052043915,0.29562629970017557
BH_s34_medium,5,19,5.633333333333334,1.8028507232666016,0.1814484149056926
BH_s34_medium,5,20,5.666666666666667,2.4621331691741943,0.06004810398882979
BH_s34_medium,5,21,5.7,2.2879483699798584,-0.06157749739662069
BH_s34_medium,5,22,5.733333333333333,1.773155927658081,-0.17692645278835564
BH_s34_medium,5,23,5.766666666666667,1.318001389503479,-0.2816349583575137
BH_s34_medium,5,24,5.8,1.0177175998687744,-0.3743371666162896
BH_s34_medium,5,25,5.833333333333333,0.8667027354240417,-0.4566321408901605
BH_s34_medium,5,26,5.866666666666666,0.7647408843040466,-0.5326065903100923
BH_s34_medium,5,27,5.9,0.7139421105384827,-0.6083032077995408
BH_s34_medium,5,28,5.933333333333334,0.6122345924377441,-0.6906324325292987
BH_s34_medium,5,29,5.966666666666667,0.46085554361343384,-0.7846693077874095
BH_s34_medium,5,30,6.0,0.2083875834941864,-0.8891236648046664
BH_s34_medium,5,31,6.033333333333333,-0.10124398022890091,-0.9915166450458638
BH_s34_medium,5,32,6.066666666666666,-0.4033834934234619,-1.0659287100738335
BH_s34_medium,5,33,6.1,-0.6633434891700745,-1.0760862471659451
BH_s34_medium,5,34,6.133333333333334,-0.8222146034240723,-0.984697989241547
BH_s34_medium,5,35,6.166666666666667,-0.8799967765808105,-0.7668919193847127
BH_s34_medium,5,36,6.2,-0.8799967765808105,-0.4227326447883716
BH_s34_medium,5,37,6.233333333333333,-0.9224306344985962,0.017004605534978432
BH_s34_medium,5,38,6.266666666666667,-0.9729750752449036,0.4953384202133899
BH_s34_medium,5,39,6.3,-1.023519515991211,0.9429633702022757
BH_s34_medium,5,40,6.333333333333333,-1.125481367111206,1.2963074636634302
BH_s34_medium,5,41,6.366666666666666,-1.2274432182312012,1.5129046475829713
BH_s34_medium,5,42,6.4,-1.3294050693511963,1.5791664994710637
BH_s34_medium,5,43,6.433333333333334,-1.4313669204711914,1.509334401627118
BH_s34_medium,5,44,6.466666666666667,-1.5333287715911865,1.3374107751474384
BH_s34_medium,5,45,6.5,-1.5998401641845703,1.105517655047493
BH_s34_medium,5,46,6.533333333333333,-1.2549622058868408,0.8526189509861536
BH_s34_medium,5,47,6.566666666666666,-0.2184537798166275,0.6067922572484918
BH_s34_medium,5,48,6.6,1.1735866069793701,0.38240712019248724
BH_s34_medium,5,49,6.633333333333334,2.242547035217285,0.1815977064973882
BH_s34_medium,5,50,6.666666666666667,2.348543882369995,-0.0017214270714713507
BH_s34_medium,5,51,6.7,1.8695160150527954,-0.17709741480559468
BH_s34_medium,5,52,6.733333333333333,1.2577449083328247,-0.35316681848774945
BH_s34_medium,5,53,6.766666666666667,0.7029082179069519,-0.5340984830153612
BH_s34_medium,5,54,6.8,0.4806783199310303,-0.7171076927708613
BH_s34_medium,5,55,6.833333333333333,0.4321591258049011,-0.8916609313086064
BH_s34_medium,5,56,6.866666666666666,0.5599693655967712,-1.0413008714604237
BH_s34_medium,5,57,6.9,0.6875001788139343,-1.148292716220967
BH_s34_medium,5,58,6.933333333333334,0.6384221315383911,-1.1994280468219256
BH_s34_medium,5,59,6.966666666666667,0.38716620206832886,-1.1900374627923767
BH_s34_medium,5,60,7.0,0.02986329235136509,-1.1240747216538531
BH_s34_medium,5,61,7.033333333333333,-0.3489234447479248,-1.010382541770599
BH_s34_medium,5,62,7.066666666666666,-0.6127142906188965,-0.8573065866385123
BH_s34_medium,5,63,7.1,-0.7968999743461609,-0.6686594341984963
BH_s34_medium,5,64,7.133333333333334,-0.8285793662071228,-0.443344101186354
BH_s34_medium,5,65,7.166666666666667,-0.8285793662071228,-0.17902240614472392
BH_s34_medium,5,66,7.2,-0.7942812442779541,0.12203273705271173
BH_s34_medium,5,67,7.233333333333333,-0.8285793662071228,0.4479809226855794
BH_s34_medium,5,68,7.266666666666667,-0.8953701257705688,0.7758802257314265
BH_s34_medium,5,69,7.3,-0.9828315377235413,1.0744730835134033
BH_s34_medium,5,70,7.333333333333333,-1.099293828010559,1.3105601806599294
BH_s34_medium,5,71,7.366666666666666,-1.2012556791305542,1.4569124497806683
BH_s34_medium,5,72,7.4,-1.3032175302505493,1.4988429255199853
BH_s34_medium,5,73,7.433333333333334,-1.236291766166687,1.4369298480210912
BH_s34_medium,5,74,7.466666666666667,-0.40858033299446106,1.2851932885337105
BH_s34_medium,5,75,7.5,0.8950409889221191,1.0661710108544997
BH_s34_medium,5,76,7.533333333333333,2.1609418392181396,0.8054153326639256
BH_s34_medium,5,77,7.566666666666666,2.557450771331787,0.5274271213085334
BH_s34_medium,5,78,7.6,2.2232425212860107,0.25346635311836047
BH_s34_medium,5,79,7.633333333333334,1.6562446355819702,0.00033719548360092687
BH_s34_medium,5,80,7.666666666666667,1.1571049690246582,-0.22086193717082797
BH_s34_medium,5,81,7.7,0.8601433038711548,-0.4061765358987262
BH_s34_medium,5,82,7.733333333333333,0.7139421105384827,-0.5596421326180706
BH_s34_medium,5,83,7.766666666666667,0.7162216901779175,-0.6923752222518986
BH_s34_medium,5,84,7.8,0.7653594613075256,-0.8191615975314493
BH_s34_medium,5,85,7.833333333333333,0.7134082913398743,-0.9528994319205475
BH_s34_medium,5,86,7.866666666666666,0.5092899799346924,-1.0985158301715123
BH_s34_medium,5,87,7.9,0.15319909155368805,-1.2485255181700412
BH_s34_medium,5,88,7.933333333333334,-0.15389850735664368,-1.3818118473233383
BH_s34_medium,5,89,7.966666666666667,-0.45978403091430664,-1.4661225994485771
BH_s34_medium,5,90,8.0,-0.619079053401947,-1.4639928816735854
BH_s34_medium,5,91,8.033333333333333,-0.7210409045219421,-1.3413803144699359
BH_s34_medium,5,92,8.066666666666666,-0.7257446050643921,-1.0777751047963708
BH_s34_medium,5,93,8.1,-0.7257446050643921,-0.6754766234165951
BH_s34_medium,5,94,8.133333333333333,-0.7771620154380798,-0.16451333841006302
BH_s34_medium,5,95,8.166666666666666,-0.8285793662071228,0.399957975262851
BH_s34_medium,5,96,8.2,-0.9223458170890808,0.9481003166742041
BH_s34_medium,5,97,8.233333333333333,-1.0243077278137207,1.4104854405700038
BH_s34_medium,5,98,8.266666666666667,-1.1262695789337158,1.7328014347167455
BH_s34_medium,5,99,8.3,-1.2282313108444214,1.8857799093803196
BH_s34_medium,5,100,8.333333333333334,-1.3301931619644165,1.8682493447494595
BH_s34_medium,5,101,8.366666666666667,-1.3941705226898193,1.703690950902095
BH_s34_medium,5,102,8.4,-0.8916085362434387,1.4321452403105088
BH_s34_medium,5,103,8.433333333333334,0.22329293191432953,1.0998841021930956
BH_s34_medium,5,104,8.466666666666667,1.671818733215332,0.7494346111129148
BH_s34_medium,5,105,8.5,2.5831797122955322,0.4122876108071458
BH_s34_medium,5,106,8.533333333333333,2.6183602809906006,0.10574998414307481
BH_s34_medium,5,107,8.566666666666666,2.195563554763794,-0.16593986298318986
BH_s34_medium,5,108,8.6,1.6662108898162842,-0.4074504656471588
BH_s34_medium,5,109,8.633333333333333,1.3203657865524292,-0.6270693717219553
BH_s34_medium,5,110,8.666666666666666,1.1465703248977661,-0.8319524559953105
BH_s34_medium,5,111,8.7,1.044608473777771,-1.0247206976760541
BH_s34_medium,5,112,8.733333333333333,0.9426466226577759,-1.2014161881571381
BH_s34_medium,5,113,8.766666666666667,0.8406847715377808,-1.3505507587898093
BH_s34_medium,5,114,8.8,0.6606690287590027,-1.4532902066099131
BH_s34_medium,5,115,8.833333333333334,0.43098169565200806,-1.4853336809504465
BH_s34_medium,5,116,8.866666666666667,0.07367876172065735,-1.4212107485369114
BH_s34_medium,5,117,8.9,-0.18078939616680145,-1.2411312489429112
BH_s34_medium,5,118,8.933333333333334,-0.4635300636291504,-0.9391849169414309
BH_s34_medium,5,119,8.966666666666667,-0.6451817750930786,-0.5300967437971431
BH_s34_medium,5,120,9.0,-0.6957262754440308,-0.05093095865996877
BH_s34_medium,5,121,9.033333333333333,-0.7257446050643921,0.4445638690719564
BH_s34_medium,5,122,9.066666666666666,-0.7771620154380798,0.8978014238357017
BH_s34_medium,5,123,9.1,-0.8285793662071228,1.2589256333869545
BH_s34_medium,5,124,9.133333333333333,-0.897904098033905,1.496916911507259
BH_s34_medium,5,125,9.166666666666666,-0.9998659491539001,1.6030223673447603
BH_s34_medium,5,126,9.2,-1.10182785987854,1.5874711109999142
BH_s34_medium,5,127,9.233333333333333,-1.2037897109985352,1.4720653290879488
BH_s34_medium,5,128,9.266666666666667,-1.3057515621185303,1.282169195552226
BH_s34_medium,5,129,9.3,-1.4077132940292358,1.040912955070195
BH_s34_medium,5,130,9.333333333333334,-1.458257794380188,0.7668501630467215
BH_s34_medium,5,131,9.366666666666667,-1.271971583366394,0.47461255517603357
BH_s34_medium,5,132,9.4,-0.3484934866428375,0.1769308896499089
BH_s34_medium,5,133,9.433333333333334,0.9574922919273376,-0.11380689856199128
BH_s34_medium,5,134,9.466666666666667,2.157280445098877,-0.3855007574987594
BH_s34_medium,5,135,9.5,2.4455225467681885,-0.6276554852136892
BH_s34_medium,5,136,9.533333333333333,2.116466999053955,-0.8331000143085722
BH_s34_medium,5,137,9.566666666666666,1.5552403926849365,-0.9989587032358527
BH_s34_medium,5,138,9.6,1.1596390008926392,-1.1261392782610677
BH_s34_medium,5,139,9.633333333333333,0.9099844098091125,-1.2173048506846071
BH_s34_medium,5,140,9.666666666666666,0.8128361701965332,-1.273937817510739
BH_s34_medium,5,141,9.7,0.7139421105384827,-1.2934823374495266
BH_s34_medium,5,142,9.733333333333333,0.7117472290992737,-1.2676573538035227
BH_s34_medium,5,143,9.766666666666667,0.60846346616745,-1.183005624585709
BH_s34_medium,5,144,9.8,0.35267341136932373,-1.0244978124943402
BH_s34_medium,5,145,9.833333333333334,0.046787865459918976,-0.7819830630279493
BH_s34_medium,5,146,9.866666666666667,-0.2590976655483246,-0.4574310412266879
BH_s34_medium,5,147,9.9,-0.5649831891059875,-0.06953404438302065
BH_s34_medium,5,148,9.933333333333334,-0.7227019667625427,0.347279471771329
BH_s34_medium,5,149,9.966666666666667,-0.8246638178825378,0.7498761880536184
BH_s34_medium,5,150,10.0,-0.8752082586288452,1.096704765740475
BH_s34_medium,5,151,10.033333333333333,-0.8799967765808105,1.3568577866921805
BH_s34_medium,5,152,10.066666666666666,-0.8799967765808105,1.5146120123215425
BH_s34_medium,5,153,10.1,-0.9754242897033691,1.5688540763439338
BH_s34_medium,5,154,10.133333333333333,-1.0259686708450317,1.5289341891751431
BH_s34_medium,5,155,10.166666666666666,-1.1279305219650269,1.4093920212229505
BH_s34_medium,5,156,10.2,-1.229892373085022,1.2258567360844594
BH_s34_medium,5,157,10.233333333333333,-1.3723727464675903,0.9933950676572921
BH_s34_medium,5,158,10.266666666666667,-1.4852335453033447,0.7270468817875017
BH_s34_medium,5,159,10.3,-1.5484226942062378,0.44308643527043706
BH_s34_medium,5,160,10.333333333333334,-1.2181898355484009,0.1593441727056452
BH_s34_medium,5,161,10.366666666666667,-0.17858849465847015,-0.10636897006210486
BH_s34_medium,5,162,10.4,1.2200961112976074,-0.33957173524489886
BH_s34_medium,5,163,10.433333333333334,2.159644842147827,-0.5329058670817647
BH_s34_medium,5,164,10.466666666666667,2.239064931869507,-0.6885334067131109
BH_s34_medium,5,165,10.5,1.7467485666275024,-0.8175362961101461
BH_s34_medium,5,166,10.533333333333333,1.1349775791168213,-0.9359285192682918
BH_s34_medium,5,167,10.566666666666666,0.6382023692131042,-1.058335653433689
BH_s34_medium,5,168,10.6,0.42593881487846375,-1.1912770096582703
BH_s34_medium,5,169,10.633333333333333,0.4354812204837799,-1.3280697766409004
BH_s34_medium,5,170,10.666666666666666,0.5666136145591736,-1.4469040038207759
BH_s34_medium,5,171,10.7,0.6625247001647949,-1.5130751113906777
BH_s34_medium,5,172,10.733333333333333,0.6076753735542297,-1.4858487483880904
BH_s34_medium,5,173,10.766666666666667,0.29923075437545776,-1.3294356752448104
BH_s34_medium,5,174,10.8,-0.08293779194355011,-1.0257508075406614
BH_s34_medium,5,175,10.833333333333334,-0.4136292636394501,-0.5847430234766965
BH_s34_medium,5,176,10.866666666666667,-0.6707758903503418,-0.047489195836492026
BH_s34_medium,5,177,10.9,-0.7771620154380798,0.5207580238389781
BH_s34_medium,5,178,10.933333333333334,-0.7771620154380798,1.0460029356601313
BH_s34_medium,5,179,10.966666666666667,-0.7771620154380798,1.4637236949174872
BH_s34_medium,5,180,11.0,-0.7771620154380798,1.7330423642777975
BH_s34_medium,5,181,11.033333333333333,-0.7967303991317749,1.842361170569812
BH_s34_medium,5,182,11.066666666666666,-0.8799967765808105,1.806223314974853
BH_s34_medium,5,183,11.1,-0.9492367506027222,1.6565722757068275
BH_s34_medium,5,184,11.133333333333333,-1.0681482553482056,1.4323631865585515
BH_s34_medium,5,185,11.166666666666666,-1.2045778036117554,1.1704124746088194
BH_s34_medium,5,186,11.2,-1.3579570055007935,0.8990987489361338
BH_s34_medium,5,187,11.233333333333333,-1.2710986137390137,0.6355570016183397
BH_s34_medium,5,188,11.266666666666667,-0.4614139497280121,0.3861800095588472
BH_s34_medium,5,189,11.3,0.8387157320976257,0.1495262252072143
BH_s34_medium,5,190,11.333333333333334,2.081361770629883,-0.07974062496015144
BH_s34_medium,5,191,11.366666666666667,2.4512939453125,-0.30727349044898183
BH_s34_medium,5,192,11.4,2.103797197341919,-0.5366733913331326
BH_s34_medium,5,193,11.433333333333334,1.5334771871566772,-0.7682590501393363
BH_s34_medium,5,194,11.466666666666667,1.0409818887710571,-0.9981292296497335
BH_s34_medium,5,195,11.5,0.7506643533706665,-1.216789075861699
BH_s34_medium,5,196,11.533333333333333,0.611107349395752,-1.4077520478468633
BH_s34_medium,5,197,11.566666666666666,0.6167090535163879,-1.5476000411973094
BH_s34_medium,5,198,11.6,0.6625247001647949,-1.608902853310254
BH_s34_medium,5,199,11.633333333333333,0.6033955216407776,-1.5663291201762402
BH_s34_medium,5,200,11.666666666666666,0.39350590109825134,-1.40486379248321
BH_s34_medium,5,201,11.7,0.03918595239520073,-1.1274783353297286
BH_s34_medium,5,202,11.733333333333333,-0.3181169629096985,-0.7584585964158518
BH_s34_medium,5,203,11.766666666666667,-0.5722209215164185,-0.33947702931092133
BH_s34_medium,5,204,11.8,-0.7761446237564087,0.08102227329046775
BH_s34_medium,5,205,11.833333333333334,-0.8285793662071228,0.4606375571839254
BH_s34_medium,5,206,11.866666666666667,-0.8285793662071228,0.7720486045925441
BH_s34_medium,5,207,11.9,-0.8285793662071228,1.0044741025227957
BH_s34_medium,5,208,11.933333333333334,-0.8799967765808105,1.1584086585498508
BH_s34_medium,5,209,11.966666666666667,-0.9314141273498535,1.238287666585948
BH_s34_medium,5,210,12.0,-1.0285027027130127,1.247901963975891
BH_s34_medium,5,211,12.033333333333333,-1.1304645538330078,1.1904994696731979
BH_s34_medium,5,212,12.066666666666666,-1.232426404953003,1.0720239765553983
BH_s34_medium,5,213,12.1,-1.334388256072998,0.9041548794061389
BH_s34_medium,5,214,12.133333333333333,-1.4363501071929932,0.7046214695850833
BH_s34_medium,5,215,12.166666666666666,-1.4556987285614014,0.49447024919173305
BH_s34_medium,5,216,12.2,-0.8760154247283936,0.2937457334661703
BH_s34_medium,5,217,12.233333333333333,0.3541363477706909,0.11762260370724269
BH_s34_medium,5,218,12.266666666666667,1.8211629390716553,-0.025512013305240267
BH_s34_medium,5,219,12.3,2.6133928298950195,-0.13372067680544367
BH_s34_medium,5,220,12.333333333333334,2.556976556777954,-0.20978396695910012
BH_s34_medium,5,221,12.366666666666667,2.0400490760803223,-0.2593765950138641
BH_s34_medium,5,222,12.4,1.5500876903533936,-0.2899296173003298
BH_s34_medium,5,223,12.433333333333334,1.210886836051941,-0.3100199027419578
BH_s34_medium,5,224,12.466666666666667,1.040413498878479,-0.3285430146502116
BH_s34_medium,5,225,12.5,0.8870342373847961,-0.35303990233470667
BH_s34_medium,5,226,12.533333333333333,0.785072386264801,-0.387235104749597
BH_s34_medium,5,227,12.566666666666666,0.7036963105201721,-0.4286272539569467
BH_s34_medium,5,228,12.6,0.5511900186538696,-0.4673699030971537
BH_s34_medium,5,229,12.633333333333333,0.23767748475074768,-0.487546223460342
BH_s34_medium,5,230,12.666666666666666,-0.09053970873355865,-0.47132274856164724
BH_s34_medium,5,231,12.7,-0.4237651526927948,-0.40542223582084025
BH_s34_medium,5,232,12.733333333333333,-0.6758437752723694,-0.2880769165443857
BH_s34_medium,5,233,12.766666666666667,-0.8541734218597412,-0.1335397646771184
BH_s34_medium,5,234,12.8,-0.9047179222106934,0.02889323455455608
BH_s34_medium,5,235,12.833333333333334,-0.9314141273498535,0.16257160270772267
BH_s34_medium,5,236,12.866666666666667,-0.9314141273498535,0.23557816824311392
BH_s34_medium,5,237,12.9,-0.9828315377235413,0.23215873384256996
BH_s34_medium,5,238,12.933333333333334,-1.0554783344268799,0.1586792070172238
BH_s34_medium,5,239,12.966666666666667,-1.157440185546875,0.04195059022374935
BH_s34_medium,6,0,6.0,0.2083875834941864,0.030455592373241986
BH_s34_medium,6,1,6.033333333333333,-0.10124398022890091,0.008951210870329412
BH_s34_medium,6,2,6.066666666666666,-0.4033834934234619,0.010325242591463672
BH_s34_medium,6,3,6.1,-0.6633434891700745,0.04855509836510055
BH_s34_medium,6,4,6.133333333333334,-0.8222146034240723,0.12458983548958173
BH_s34_medium,6,5,6.166666666666667,-0.8799967765808105,0.22765096003513008
BH_s34_medium,6,6,6.2,-0.8799967765808105,0.34100990494499034
BH_s34_medium,6,7,6.233333333333333,-0.9224306344985962,0.4481535210391105
BH_s34_medium,6,8,6.266666666666667,-0.9729750752449036,0.5359601154713645
BH_s34_medium,6,9,6.3,-1.023519515991211,0.5945386773531725
BH_s34_medium,6,10,6.333333333333333,-1.125481367111206,0.6159488478979832
BH_s34_medium,6,11,6.366666666666666,-1.2274432182312012,0.5943078094854095
BH_s34_medium,6,12,6.4,-1.3294050693511963,0.5278310556277545
BH_s34_medium,6,13,6.433333333333334,-1.4313669204711914,0.4211500809301916
BH_s34_medium,6,14,6.466666666666667,-1.5333287715911865,0.28577779341742504
BH_s34_medium,6,15,6.5,-1.5998401641845703,0.13784161443707066
BH_s34_medium,6,16,6.533333333333333,-1.2549622058868408,-0.006044786807134721
BH_s34_medium,6,17,6.566666666666666,-0.2184537798166275,-0.13284476659074315
BH_s34_medium,6,18,6.6,1.1735866069793701,-0.23540458421001784
BH_s34_medium,6,19,6.633333333333334,2.242547035217285,-0.31248538120356395
BH_s34_medium,6,20,6.666666666666667,2.348543882369995,-0.3672577675208772
BH_s34_medium,6,21,6.7,1.8695160150527954,-0.4055359747514041
BH_s34_medium,6,22,6.733333333333333,1.2577449083328247,-0.4345688144218227
BH_s34_medium,6,23,6.766666666666667,0.7029082179069519,-0.4621964186543464
BH_s34_medium,6,24,6.8,0.4806783199310303,-0.4954887892375859
BH_s34_medium,6,25,6.833333333333333,0.4321591258049011,-0.5383955204982388
BH_s34_medium,6,26,6.866666666666666,0.5599693655967712,-0.5893146168179
BH_s34_medium,6,27,6.9,0.6875001788139343,-0.6402765678088109
BH_s34_medium,6,28,6.933333333333334,0.6384221315383911,-0.6785380847772715
BH_s34_medium,6,29,6.966666666666667,0.38716620206832886,-0.6898383683108744
BH_s34_medium,6,30,7.0,0.02986329235136509,-0.6618643100567309
BH_s34_medium,6,31,7.033333333333333,-0.3489234447479248,-0.5866182738410156
BH_s34_medium,6,32,7.066666666666666,-0.6127142906188965,-0.46092093011636237
BH_s34_medium,6,33,7.1,-0.7968999743461609,-0.2854043330439867
BH_s34_medium,6,34,7.133333333333334,-0.8285793662071228,-0.06375854837353444
BH_s34_medium,6,35,7.166666666666667,-0.8285793662071228,0.19604998198402226
BH_s34_medium,6,36,7.2,-0.7942812442779541,0.47909248410215804
BH_s34_medium,6,37,7.233333333333333,-0.8285793662071228,0.7618632093801775
BH_s34_medium,6,38,7.266666666666667,-0.8953701257705688,1.0138498857426224
BH_s34_medium,6,39,7.3,-0.9828315377235413,1.2024921226868865
BH_s34_medium,6,40,7.333333333333333,-1.099293828010559,1.3002616491362788
BH_s34_medium,6,41,7.366666666666666,-1.2012556791305542,1.2918163097753026
BH_s34_medium,6,42,7.4,-1.3032175302505493,1.178767613972132
BH_s34_medium,6,43,7.433333333333334,-1.236291766166687,0.9800204742812214
BH_s34_medium,6,44,7.466666666666667,-0.40858033299446106,0.7272053428931771
BH_s34_medium,6,45,7.5,0.8950409889221191,0.4566431355888811
BH_s34_medium,6,46,7.533333333333333,2.1609418392181396,0.20050931148213824
BH_s34_medium,6,47,7.566666666666666,2.557450771331787,-0.01999550134601876
BH_s34_medium,6,48,7.6,2.2232425212860107,-0.19750956891035587
BH_s34_medium,6,49,7.633333333333334,1.6562446355819702,-0.3370152796834227
BH_s34_medium,6,50,7.666666666666667,1.1571049690246582,-0.45126990990283633
BH_s34_medium,6,51,7.7,0.8601433038711548,-0.5552400850188436
BH_s34_medium,6,52,7.733333333333333,0.7139421105384827,-0.6611038866733021
BH_s34_medium,6,53,7.766666666666667,0.7162216901779175,-0.7744701340091635
BH_s34_medium,6,54,7.8,0.7653594613075256,-0.8921514504204161
BH_s34_medium,6,55,7.833333333333333,0.7134082913398743,-1.00197380459318
BH_s34_medium,6,56,7.866666666666666,0.5092899799346924,-1.0850338882547468
BH_s34_medium,6,57,7.9,0.15319909155368805,-1.1201654045844365
BH_s34_medium,6,58,7.933333333333334,-0.15389850735664368,-1.0893258997676944
BH_s34_medium,6,59,7.966666666666667,-0.45978403091430664,-0.9818895865451884
BH_s34_medium,6,60,8.0,-0.619079053401947,-0.7961875382494165
BH_s34_medium,6,61,8.033333333333333,-0.7210409045219421,-0.5383044534617899
BH_s34_medium,6,62,8.066666666666666,-0.7257446050643921,-0.2202112663882917
BH_s34_medium,6,63,8.1,-0.7257446050643921,0.14041392098968353
BH_s34_medium,6,64,8.133333333333333,-0.7771620154380798,0.5187231944174601
BH_s34_medium,6,65,8.166666666666666,-0.8285793662071228,0.8821587970001846
BH_s34_medium,6,66,8.2,-0.9223458170890808,1.1933145227681292
BH_s34_medium,6,67,8.233333333333333,-1.0243077278137207,1.4164363571794036
BH_s34_medium,6,68,8.266666666666667,-1.1262695789337158,1.5254390120839412
BH_s34_medium,6,69,8.3,-1.2282313108444214,1.5102649738204628
BH_s34_medium,6,70,8.333333333333334,-1.3301931619644165,1.379081746199184
BH_s34_medium,6,71,8.366666666666667,-1.3941705226898193,1.1555626604985183
BH_s34_medium,6,72,8.4,-0.8916085362434387,0.8723056307444381
BH_s34_medium,6,73,8.433333333333334,0.22329293191432953,0.56265131795026
BH_s34_medium,6,74,8.466666666666667,1.671818733215332,0.2535124214529121
BH_s34_medium,6,75,8.5,2.5831797122955322,-0.0386311826295058
BH_s34_medium,6,76,8.533333333333333,2.6183602809906006,-0.3075092072720822
BH_s34_medium,6,77,8.566666666666666,2.195563554763794,-0.5531320046052353
BH_s34_medium,6,78,8.6,1.6662108898162842,-0.7762850431710865
BH_s34_medium,6,79,8.633333333333333,1.3203657865524292,-0.9741697356689873
BH_s34_medium,6,80,8.666666666666666,1.1465703248977661,-1.1389328586146878
BH_s34_medium,6,81,8.7,1.044608473777771,-1.2590856265571106
BH_s34_medium,6,82,8.733333333333333,0.9426466226577759,-1.3225303841980238
BH_s34_medium,6,83,8.766666666666667,0.8406847715377808,-1.319612568577291
BH_s34_medium,6,84,8.8,0.6606690287590027,-1.2451501182417397
BH_s34_medium,6,85,8.833333333333334,0.43098169565200806,-1.0992122191342368
BH_s34_medium,6,86,8.866666666666667,0.07367876172065735,-0.8869894104694802
BH_s34_medium,6,87,8.9,-0.18078939616680145,-0.6182719199842059
BH_s34_medium,6,88,8.933333333333334,-0.4635300636291504,-0.3069310023343115
BH_s34_medium,6,89,8.966666666666667,-0.6451817750930786,0.02951113459819101
BH_s34_medium,6,90,9.0,-0.6957262754440308,0.3704756144310391
BH_s34_medium,6,91,9.033333333333333,-0.7257446050643921,0.6934678486530295
BH_s34_medium,6,92,9.066666666666666,-0.7771620154380798,0.975959500183954
BH_s34_medium,6,93,9.1,-0.8285793662071228,1.1978826130086428
BH_s34_medium,6,94,9.133333333333333,-0.897904098033905,1.3443463446553692
BH_s34_medium,6,95,9.166666666666666,-0.9998659491539001,1.4079300950248166
BH_s34_medium,6,96,9.2,-1.10182785987854,1.3896852585338848
BH_s34_medium,6,97,9.233333333333333,-1.2037897109985352,1.2982067164825573
BH_s34_medium,6,98,9.266666666666667,-1.3057515621185303,1.1469895842675728
BH_s34_medium,6,99,9.3,-1.4077132940292358,0.9511533542768927
BH_s34_medium,6,100,9.333333333333334,-1.458257794380188,0.7248113155042017
BH_s34_medium,6,101,9.366666666666667,-1.271971583366394,0.4798904666606843
BH_s34_medium,6,102,9.4,-0.3484934866428375,0.2264529997848087
BH_s34_medium,6,103,9.433333333333334,0.9574922919273376,-0.026123576992264974
BH_s34_medium,6,104,9.466666666666667,2.157280445098877,-0.2681261931061556
BH_s34_medium,6,105,9.5,2.4455225467681885,-0.489545835144902
BH_s34_medium,6,106,9.533333333333333,2.116466999053955,-0.6814916038868224
BH_s34_medium,6,107,9.566666666666666,1.5552403926849365,-0.8385395584857803
BH_s34_medium,6,108,9.6,1.1596390008926392,-0.9609741615803044
BH_s34_medium,6,109,9.633333333333333,0.9099844098091125,-1.0555305162854585
BH_s34_medium,6,110,9.666666666666666,0.8128361701965332,-1.1332941699390562
BH_s34_medium,6,111,9.7,0.7139421105384827,-1.2042607920547945
BH_s34_medium,6,112,9.733333333333333,0.7117472290992737,-1.2698171587878309
BH_s34_medium,6,113,9.766666666666667,0.60846346616745,-1.3164385933049232
BH_s34_medium,6,114,9.8,0.35267341136932373,-1.3148878763012892
BH_s34_medium,6,115,9.833333333333334,0.046787865459918976,-1.2275634589416855
BH_s34_medium,6,116,9.866666666666667,-0.2590976655483246,-1.0223826358456367
BH_s34_medium,6,117,9.9,-0.5649831891059875,-0.6875849073279426
BH_s34_medium,6,118,9.933333333333334,-0.7227019667625427,-0.2409866656361919
BH_s34_medium,6,119,9.966666666666667,-0.8246638178825378,0.2705286439491538
BH_s34_medium,6,120,10.0,-0.8752082586288452,0.7817095384622922
BH_s34_medium,6,121,10.033333333333333,-0.8799967765808105,1.2261647157006226
BH_s34_medium,6,122,10.066666666666666,-0.8799967765808105,1.5534608257614138
BH_s34_medium,6,123,10.1,-0.9754242897033691,1.7394461040299585
BH_s34_medium,6,124,10.133333333333333,-1.0259686708450317,1.7867333908303058
BH_s34_medium,6,125,10.166666666666666,-1.1279305219650269,1.7170286146250688
BH_s34_medium,6,126,10.2,-1.229892373085022,1.559982366925419
BH_s34_medium,6,127,10.233333333333333,-1.3723727464675903,1.343521944766751
BH_s34_medium,6,128,10.266666666666667,-1.4852335453033447,1.0888036358587683
BH_s34_medium,6,129,10.3,-1.5484226942062378,0.8102403743771187
BH_s34_medium,6,130,10.333333333333334,-1.2181898355484009,0.5187754141291498
BH_s34_medium,6,131,10.366666666666667,-0.17858849465847015,0.22549906281007476
BH_s34_medium,6,132,10.4,1.2200961112976074,-0.056928022571848605
BH_s34_medium,6,133,10.433333333333334,2.159644842147827,-0.31607584265833905
BH_s34_medium,6,134,10.466666666666667,2.239064931869507,-0.5438499401000151
BH_s34_medium,6,135,10.5,1.7467485666275024,-0.740451735264073
BH_s34_medium,6,136,10.533333333333333,1.1349775791168213,-0.9153719954313946
BH_s34_medium,6,137,10.566666666666666,0.6382023692131042,-1.0836799794032437
BH_s34_medium,6,138,10.6,0.42593881487846375,-1.2580802383838319
BH_s34_medium,6,139,10.633333333333333,0.4354812204837799,-1.4395336785468573
BH_s34_medium,6,140,10.666666666666666,0.5666136145591736,-1.6105291974399627
BH_s34_medium,6,141,10.7,0.6625247001647949,-1.734656823890306
BH_s34_medium,6,142,10.733333333333333,0.6076753735542297,-1.7640115156087568
BH_s34_medium,6,143,10.766666666666667,0.29923075437545776,-1.6529957430172213
BH_s34_medium,6,144,10.8,-0.08293779194355011,-1.374428208042757
BH_s34_medium,6,145,10.833333333333334,-0.4136292636394501,-0.9323586783408202
BH_s34_medium,6,146,10.866666666666667,-0.6707758903503418,-0.3663010228001242
BH_s34_medium,6,147,10.9,-0.7771620154380798,0.2557344524517552
BH_s34_medium,6,148,10.933333333333334,-0.7771620154380798,0.8535513679501542
BH_s34_medium,6,149,10.966666666666667,-0.7771620154380798,1.3545632585580445
BH_s34_medium,6,150,11.0,-0.7771620154380798,1.7099657262480943
BH_s34_medium,6,151,11.033333333333333,-0.7967303991317749,1.9021180044603816
BH_s34_medium,6,152,11.066666666666666,-0.8799967765808105,1.9419405405557157
BH_s34_medium,6,153,11.1,-0.9492367506027222,1.8590600504707164
BH_s34_medium,6,154,11.133333333333333,-1.0681482553482056,1.6895143616199968
BH_s34_medium,6,155,11.166666666666666,-1.2045778036117554,1.4656000863405185
BH_s34_medium,6,156,11.2,-1.3579570055007935,1.2105279958727297
BH_s34_medium,6,157,11.233333333333333,-1.2710986137390137,0.9380946466965769
BH_s34_medium,6,158,11.266666666666667,-0.4614139497280121,0.6556737056228018
BH_s34_medium,6,159,11.3,0.8387157320976257,0.3680156982860838
BH_s34_medium,6,160,11.333333333333334,2.081361770629883,0.07967702008290653
BH_s34_medium,6,161,11.366666666666667,2.4512939453125,-0.20484352455422036
BH_s34_medium,6,162,11.4,2.103797197341919,-0.482533912940519
BH_s34_medium,6,163,11.433333333333334,1.5334771871566772,-0.752918654901518
BH_s34_medium,6,164,11.466666666666667,1.0409818887710571,-1.0167412803215345
BH_s34_medium,6,165,11.5,0.7506643533706665,-1.2717260773898518
BH_s34_medium,6,166,11.533333333333333,0.611107349395752,-1.5071766755736986
BH_s34_medium,6,167,11.566666666666666,0.6167090535163879,-1.7007159180089435
BH_s34_medium,6,168,11.6,0.6625247001647949,-1.8199871905631433
BH_s34_medium,6,169,11.633333333333333,0.6033955216407776,-1.8300328691501104
BH_s34_medium,6,170,11.666666666666666,0.39350590109825134,-1.7045409984167985
BH_s34_medium,6,171,11.7,0.03918595239520073,-1.4370684252998973
BH_s34_medium,6,172,11.733333333333333,-0.3181169629096985,-1.0474470061764551
BH_s34_medium,6,173,11.766666666666667,-0.5722209215164185,-0.5797025891672017
BH_s34_medium,6,174,11.8,-0.7761446237564087,-0.09112041483791597
BH_s34_medium,6,175,11.833333333333334,-0.8285793662071228,0.3636140381818007
BH_s34_medium,6,176,11.866666666666667,-0.8285793662071228,0.7462272230231548
BH_s34_medium,6,177,11.9,-0.8285793662071228,1.040413918186659
BH_s34_medium,6,178,11.933333333333334,-0.8799967765808105,1.2478408571613766
BH_s34_medium,6,179,11.966666666666667,-0.9314141273498535,1.3787251769554967
BH_s34_medium,6,180,12.0,-1.0285027027130127,1.4431000579256936
BH_s34_medium,6,181,12.033333333333333,-1.1304645538330078,1.4469275329723679
BH_s34_medium,6,182,12.066666666666666,-1.232426404953003,1.3933616599856025
BH_s34_medium,6,183,12.1,-1.334388256072998,1.2864342844046164
BH_s34_medium,6,184,12.133333333333333,-1.4363501071929932,1.133945258543521
BH_s34_medium,6,185,12.166666666666666,-1.4556987285614014,0.9478312949052642
BH_s34_medium,6,186,12.2,-0.8760154247283936,0.7421644140163485
BH_s34_medium,6,187,12.233333333333333,0.3541363477706909,0.5301193526873107
BH_s34_medium,6,188,12.266666666666667,1.8211629390716553,0.3214143839832261
BH_s34_medium,6,189,12.3,2.6133928298950195,0.1211680181469248
BH_s34_medium,6,190,12.333333333333334,2.556976556777954,-0.06962755770387008
BH_s34_medium,6,191,12.366666666666667,2.0400490760803223,-0.2523692832451004
BH_s34_medium,6,192,12.4,1.5500876903533936,-0.4284710445470477
BH_s34_medium,6,193,12.433333333333334,1.210886836051941,-0.597138480850474
BH_s34_medium,6,194,12.466666666666667,1.040413498878479,-0.7541677938563857
BH_s34_medium,6,195,12.5,0.8870342373847961,-0.8923831263687733
BH_s34_medium,6,196,12.533333333333333,0.785072386264801,-1.0035610694572032
BH_s34_medium,6,197,12.566666666666666,0.7036963105201721,-1.080905379273443
BH_s34_medium,6,198,12.6,0.5511900186538696,-1.1208929805217385
BH_s34_medium,6,199,12.633333333333333,0.23767748475074768,-1.123663864514924
BH_s34_medium,6,200,12.666666666666666,-0.09053970873355865,-1.0918201278810802
BH_s34_medium,6,201,12.7,-0.4237651526927948,-1.0282823135006016
BH_s34_medium,6,202,12.733333333333333,-0.6758437752723694,-0.9343828472954977
BH_s34_medium,6,203,12.766666666666667,-0.8541734218597412,-0.809170263075142
BH_s34_medium,6,204,12.8,-0.9047179222106934,-0.6500261814614587
BH_s34_medium,6,205,12.833333333333334,-0.9314141273498535,-0.45427898751496326
BH_s34_medium,6,206,12.866666666666667,-0.9314141273498535,-0.2219709600476618
BH_s34_medium,6,207,12.9,-0.9828315377235413,0.04035994618565947
BH_s34_medium,6,208,12.933333333333334,-1.0554783344268799,0.3169094184389967
BH_s34_medium,6,209,12.966666666666667,-1.157440185546875,0.5837695512891826
BH_s34_medium,6,210,13.0,-1.2788857221603394,0.814717097332254
BH_s34_medium,6,211,13.033333333333333,-1.4127812385559082,0.9889960950526807
BH_s34_medium,6,212,13.066666666666666,-1.5147430896759033,1.097135326060723
BH_s34_medium,6,213,13.1,-1.6167049407958984,1.1420878817751736
BH_s34_medium,6,214,13.133333333333333,-1.6032816171646118,1.135585590171175
BH_s34_medium,6,215,13.166666666666666,-0.9193568229675293,1.091929882307186
BH_s34_medium,6,216,13.2,0.36204278469085693,1.022299998575212
BH_s34_medium,6,217,13.233333333333333,1.786560297012329,0.9319530107623917
BH_s34_medium,6,218,13.266666666666667,2.5135505199432373,0.8210634162205235
BH_s34_medium,6,219,13.3,2.35257887840271,0.6882178656205804
BH_s34_medium,6,220,13.333333333333334,1.7805978059768677,0.5344578822444231
BH_s34_medium,6,221,13.366666666666667,1.1885898113250732,0.36566380310692287
BH_s34_medium,6,222,13.4,0.7987596392631531,0.19200180723752136
BH_s34_medium,6,223,13.433333333333334,0.6543890237808228,0.02470416673147869
BH_s34_medium,6,224,13.466666666666667,0.6183701157569885,-0.12808274696048388
BH_s34_medium,6,225,13.5,0.6689145565032959,-0.26406047970575836
BH_s34_medium,6,226,13.533333333333333,0.7084251642227173,-0.38652011997656277
BH_s34_medium,6,227,13.566666666666666,0.5457578897476196,-0.5010463062871849
BH_s34_medium,6,228,13.6,0.18468382954597473,-0.6108382490305617
BH_s34_medium,6,229,13.633333333333333,-0.12032879143953323,-0.7130871474245715
BH_s34_medium,6,230,13.666666666666666,-0.47473353147506714,-0.7982864164673749
BH_s34_medium,6,231,13.7,-0.7268969416618347,-0.8528752576202453
BH_s34_medium,6,232,13.733333333333333,-0.8285793662071228,-0.8640969211551801
BH_s34_medium,6,233,13.766666666666667,-0.8285793662071228,-0.8251065135617013
BH_s34_medium,6,234,13.8,-0.8285793662071228,-0.7384054703471418
BH_s34_medium,6,235,13.833333333333334,-0.877657413482666,-0.6161710117448678
BH_s34_medium,6,236,13.866666666666667,-0.9282019138336182,-0.4767309882871626
BH_s34_medium,6,237,13.9,-0.9787463545799255,-0.33791708569643697
BH_s34_medium,6,238,13.933333333333334,-1.0807082653045654,-0.21025962507577672
BH_s34_medium,6,239,13.966666666666667,-1.2340874671936035,-0.09398540527999265
BH_s34_medium,7,0,7.0,0.02986329235136509,0.027109505591527343
BH_s34_medium,7,1,7.033333333333333,-0.3489234447479248,0.06828688497196539
BH_s34_medium,7,2,7.066666666666666,-0.6127142906188965,0.0765620976517074
BH_s34_medium,7,3,7.1,-0.7968999743461609,0.03271547322157796
BH_s34_medium,7,4,7.133333333333334,-0.8285793662071228,-0.0590947243170652
BH_s34_medium,7,5,7.166666666666667,-0.8285793662071228,-0.17100409771596137
BH_s34_medium,7,6,7.2,-0.7942812442779541,-0.2607030398108434
BH_s34_medium,7,7,7.233333333333333,-0.8285793662071228,-0.2874005827549776
BH_s34_medium,7,8,7.266666666666667,-0.8953701257705688,-0.22842780765193263
BH_s34_medium,7,9,7.3,-0.9828315377235413,-0.08936331823026543
BH_s34_medium,7,10,7.333333333333333,-1.099293828010559,0.09724500291180858
BH_s34_medium,7,11,7.366666666666666,-1.2012556791305542,0.28436002372223035
BH_s34_medium,7,12,7.4,-1.3032175302505493,0.4280998543805918
BH_s34_medium,7,13,7.433333333333334,-1.236291766166687,0.501907867986201
BH_s34_medium,7,14,7.466666666666667,-0.40858033299446106,0.5014131238954068
BH_s34_medium,7,15,7.5,0.8950409889221191,0.4398507493656814
BH_s34_medium,7,16,7.533333333333333,2.1609418392181396,0.33844054645112537
BH_s34_medium,7,17,7.566666666666666,2.557450771331787,0.21743585196275916
BH_s34_medium,7,18,7.6,2.2232425212860107,0.09170024720559702
BH_s34_medium,7,19,7.633333333333334,1.6562446355819702,-0.028927614060500453
BH_s34_medium,7,20,7.666666666666667,1.1571049690246582,-0.13736004921557968
BH_s34_medium,7,21,7.7,0.8601433038711548,-0.2284768537153522
BH_s34_medium,7,22,7.733333333333333,0.7139421105384827,-0.3007752962203724
BH_s34_medium,7,23,7.766666666666667,0.7162216901779175,-0.3584945544043396
BH_s34_medium,7,24,7.8,0.7653594613075256,-0.41155875624317345
BH_s34_medium,7,25,7.833333333333333,0.7134082913398743,-0.472176730035281
BH_s34_medium,7,26,7.866666666666666,0.5092899799346924,-0.5490779912727716
BH_s34_medium,7,27,7.9,0.15319909155368805,-0.6417913072571984
BH_s34_medium,7,28,7.933333333333334,-0.15389850735664368,-0.7374342330913266
BH_s34_medium,7,29,7.966666666666667,-0.45978403091430664,-0.811473583870893
BH_s34_medium,7,30,8.0,-0.619079053401947,-0.8325612647883156
BH_s34_medium,7,31,8.033333333333333,-0.7210409045219421,-0.7703790385104765
BH_s34_medium,7,32,8.066666666666666,-0.7257446050643921,-0.6046419252736265
BH_s34_medium,7,33,8.1,-0.7257446050643921,-0.33290315974492274
BH_s34_medium,7,34,8.133333333333333,-0.7771620154380798,0.02539008878979874
BH_s34_medium,7,35,8.166666666666666,-0.8285793662071228,0.43049806859072276
BH_s34_medium,7,36,8.2,-0.9223458170890808,0.8298032456458979
BH_s34_medium,7,37,8.233333333333333,-1.0243077278137207,1.1690199877068164
BH_s34_medium,7,38,8.266666666666667,-1.1262695789337158,1.4037009281421606
BH_s34_medium,7,39,8.3,-1.2282313108444214,1.50760066849582
BH_s34_medium,7,40,8.333333333333334,-1.3301931619644165,1.4760336164576866
BH_s34_medium,7,41,8.366666666666667,-1.3941705226898193,1.3242633766415404
BH_s34_medium,7,42,8.4,-0.8916085362434387,1.0820744804927007
BH_s34_medium,7,43,8.433333333333334,0.22329293191432953,0.786138488126374
BH_s34_medium,7,44,8.466666666666667,1.671818733215332,0.47209219572988764
BH_s34_medium,7,45,8.5,2.5831797122955322,0.1682491280502653
BH_s34_medium,7,46,8.533333333333333,2.6183602809906006,-0.10773468773604866
BH_s34_medium,7,47,8.566666666666666,2.195563554763794,-0.3489674906985439
BH_s34_medium,7,48,8.6,1.6662108898162842,-0.5569572439291046
BH_s34_medium,7,49,8.633333333333333,1.3203657865524292,-0.7380243345711884
BH_s34_medium,7,50,8.666666666666666,1.1465703248977661,-0.8995109885816056
BH_s34_medium,7,51,8.7,1.044608473777771,-1.046272949547291
BH_s34_medium,7,52,8.733333333333333,0.9426466226577759,-1.177646280465319
BH_s34_medium,7,53,8.766666666666667,0.8406847715377808,-1.2852026671838268
BH_s34_medium,7,54,8.8,0.6606690287590027,-1.3519732854711748
BH_s34_medium,7,55,8.833333333333334,0.43098169565200806,-1.3541023478225847
BH_s34_medium,7,56,8.866666666666667,0.07367876172065735,-1.265715053849698
BH_s34_medium,7,57,8.9,-0.18078939616680145,-1.0668970778742712
BH_s34_medium,7,58,8.933333333333334,-0.4635300636291504,-0.7531119962305262
BH_s34_medium,7,59,8.966666666666667,-0.6451817750930786,-0.3425292593947563
BH_s34_medium,7,60,9.0,-0.6957262754440308,0.12319464685592754
BH_s34_medium,7,61,9.033333333333333,-0.7257446050643921,0.5871046501822179
BH_s34_medium,7,62,9.066666666666666,-0.7771620154380798,0.9915084779524528
BH_s34_medium,7,63,9.1,-0.8285793662071228,1.2924189055537305
BH_s34_medium,7,64,9.133333333333333,-0.897904098033905,1.4681319000904778
BH_s34_medium,7,65,9.166666666666666,-0.9998659491539001,1.5199772700596927
BH_s34_medium,7,66,9.2,-1.10182785987854,1.4666794573682238
BH_s34_medium,7,67,9.233333333333333,-1.2037897109985352,1.3355011942447457
BH_s34_medium,7,68,9.266666666666667,-1.3057515621185303,1.1535911442388567
BH_s34_medium,7,69,9.3,-1.4077132940292358,0.9420980793896018
BH_s34_medium,7,70,9.333333333333334,-1.458257794380188,0.7141437734187617
BH_s34_medium,7,71,9.366666666666667,-1.271971583366394,0.4762596094572934
BH_s34_medium,7,72,9.4,-0.3484934866428375,0.23186255928164298
BH_s34_medium,7,73,9.433333333333334,0.9574922919273376,-0.015019376561819332
BH_s34_medium,7,74,9.466666666666667,2.157280445098877,-0.25731654494767003
BH_s34_medium,7,75,9.5,2.4455225467681885,-0.4847073046688263
BH_s34_medium,7,76,9.533333333333333,2.116466999053955,-0.6857565782252727
BH_s34_medium,7,77,9.566666666666666,1.5552403926849365,-0.8515490986814734
BH_s34_medium,7,78,9.6,1.1596390008926392,-0.9789870827108559
BH_s34_medium,7,79,9.633333333333333,0.9099844098091125,-1.0716629449227553
BH_s34_medium,7,80,9.666666666666666,0.8128361701965332,-1.1371779568866855
BH_s34_medium,7,81,9.7,0.7139421105384827,-1.1815548452659594
BH_s34_medium,7,82,9.733333333333333,0.7117472290992737,-1.2031021611395536
BH_s34_medium,7,83,9.766666666666667,0.60846346616745,-1.1889552398468328
BH_s34_medium,7,84,9.8,0.35267341136932373,-1.1169853332605824
BH_s34_medium,7,85,9.833333333333334,0.046787865459918976,-0.9635879003379477
BH_s34_medium,7,86,9.866666666666667,-0.2590976655483246,-0.7147020283309229
BH_s34_medium,7,87,9.9,-0.5649831891059875,-0.3751623312200676
BH_s34_medium,7,88,9.933333333333334,-0.7227019667625427,0.028225544620802862
BH_s34_medium,7,89,9.966666666666667,-0.8246638178825378,0.45173168400649605
BH_s34_medium,7,90,10.0,-0.8752082586288452,0.8459187221368388
BH_s34_medium,7,91,10.033333333333333,-0.8799967765808105,1.168273842942576
BH_s34_medium,7,92,10.066666666666666,-0.8799967765808105,1.3921848650994566
BH_s34_medium,7,93,10.1,-0.9754242897033691,1.5093530146768657
BH_s34_medium,7,94,10.133333333333333,-1.0259686708450317,1.5261067141569078
BH_s34_medium,7,95,10.166666666666666,-1.1279305219650269,1.4567460495937117
BH_s34_medium,7,96,10.2,-1.229892373085022,1.3176061310201634
BH_s34_medium,7,97,10.233333333333333,-1.3723727464675903,1.1240509662643359
BH_s34_medium,7,98,10.266666666666667,-1.4852335453033447,0.8902948121984876
BH_s34_medium,7,99,10.3,-1.5484226942062378,0.6304012760911881
BH_s34_medium,7,100,10.333333333333334,-1.2181898355484009,0.3588810756086675
BH_s34_medium,7,101,10.366666666666667,-0.17858849465847015,0.09024691697038673
BH_s34_medium,7,102,10.4,1.2200961112976074,-0.1624209927036985
BH_s34_medium,7,103,10.433333333333334,2.159644842147827,-0.3895257050221018
BH_s34_medium,7,104,10.466666666666667,2.239064931869507,-0.5869756843511678
BH_s34_medium,7,105,10.5,1.7467485666275024,-0.757241711211076
BH_s34_medium,7,106,10.533333333333333,1.1349775791168213,-0.9084179748261942
BH_s34_medium,7,107,10.566666666666666,0.6382023692131042,-1.0507375106036392
BH_s34_medium,7,108,10.6,0.42593881487846375,-1.1911115514006867
BH_s34_medium,7,109,10.633333333333333,0.4354812204837799,-1.3274026720650607
BH_s34_medium,7,110,10.666666666666666,0.5666136145591736,-1.4446190584754606
BH_s34_medium,7,111,10.7,0.6625247001647949,-1.5149344482214586
BH_s34_medium,7,112,10.733333333333333,0.6076753735542297,-1.502575340187131
BH_s34_medium,7,113,10.766666666666667,0.29923075437545776,-1.3732642441286536
BH_s34_medium,7,114,10.8,-0.08293779194355011,-1.1062023353586958
BH_s34_medium,7,115,10.833333333333334,-0.4136292636394501,-0.7048673982688615
BH_s34_medium,7,116,10.866666666666667,-0.6707758903503418,-0.2020158263991317
BH_s34_medium,7,117,10.9,-0.7771620154380798,0.3444973815901988
BH_s34_medium,7,118,10.933333333333334,-0.7771620154380798,0.8648192572305297
BH_s34_medium,7,119,10.966666666666667,-0.7771620154380798,1.2946317196195367
BH_s34_medium,7,120,11.0,-0.7771620154380798,1.5903721894816418
BH_s34_medium,7,121,11.033333333333333,-0.7967303991317749,1.7366082324351015
BH_s34_medium,7,122,11.066666666666666,-0.8799967765808105,1.744157536907604
BH_s34_medium,7,123,11.1,-0.9492367506027222,1.6416848950004526
BH_s34_medium,7,124,11.133333333333333,-1.0681482553482056,1.4650746598683144
BH_s34_medium,7,125,11.166666666666666,-1.2045778036117554,1.2480740113634248
BH_s34_medium,7,126,11.2,-1.3579570055007935,1.016098452604682
BH_s34_medium,7,127,11.233333333333333,-1.2710986137390137,0.7837344813128401
BH_s34_medium,7,128,11.266666666666667,-0.4614139497280121,0.5556394970153213
BH_s34_medium,7,129,11.3,0.8387157320976257,0.32986827772899346
BH_s34_medium,7,130,11.333333333333334,2.081361770629883,0.1019542112838115
BH_s34_medium,7,131,11.366666666666667,2.4512939453125,-0.13199859649306717
BH_s34_medium,7,132,11.4,2.103797197341919,-0.3739327611265627
BH_s34_medium,7,133,11.433333333333334,1.5334771871566772,-0.6235098972207809
BH_s34_medium,7,134,11.466666666666667,1.0409818887710571,-0.8775301410024058
BH_s34_medium,7,135,11.5,0.7506643533706665,-1.1282500336195178
BH_s34_medium,7,136,11.533333333333333,0.611107349395752,-1.3610002629555251
BH_s34_medium,7,137,11.566666666666666,0.6167090535163879,-1.5527495680191836
BH_s34_medium,7,138,11.6,0.6625247001647949,-1.6736668886673904
BH_s34_medium,7,139,11.633333333333333,0.6033955216407776,-1.6928939500476214
BH_s34_medium,7,140,11.666666666666666,0.39350590109825134,-1.587798671157901
BH_s34_medium,7,141,11.7,0.03918595239520073,-1.3535990381440866
BH_s34_medium,7,142,11.733333333333333,-0.3181169629096985,-1.0087067550999114
BH_s34_medium,7,143,11.766666666666667,-0.5722209215164185,-0.5921466764704528
BH_s34_medium,7,144,11.8,-0.7761446237564087,-0.15327389608228328
BH_s34_medium,7,145,11.833333333333334,-0.8285793662071228,0.2617138722547412
BH_s34_medium,7,146,11.866666666666667,-0.8285793662071228,0.6202709885733786
BH_s34_medium,7,147,11.9,-0.8285793662071228,0.9067369665785622
BH_s34_medium,7,148,11.933333333333334,-0.8799967765808105,1.1184212337014707
BH_s34_medium,7,149,11.966666666666667,-0.9314141273498535,1.258564242955857
BH_s34_medium,7,150,12.0,-1.0285027027130127,1.3310820147068718
BH_s34_medium,7,151,12.033333333333333,-1.1304645538330078,1.3396286810432523
BH_s34_medium,7,152,12.066666666666666,-1.232426404953003,1.2897538000466353
BH_s34_medium,7,153,12.1,-1.334388256072998,1.190763102264538
BH_s34_medium,7,154,12.133333333333333,-1.4363501071929932,1.0549507056384475
BH_s34_medium,7,155,12.166666666666666,-1.4556987285614014,0.8945559063974007
BH_s34_medium,7,156,12.2,-0.8760154247283936,0.7185648037697978
BH_s34_medium,7,157,12.233333333333333,0.3541363477706909,0.5314603619936004
BH_s34_medium,7,158,12.266666666666667,1.8211629390716553,0.33469119872069175
BH_s34_medium,7,159,12.3,2.6133928298950195,0.12992196781512663
BH_s34_medium,7,160,12.333333333333334,2.556976556777954,-0.07796826201927318
BH_s34_medium,7,161,12.366666666666667,2.0400490760803223,-0.2800445163188525
BH_s34_medium,7,162,12.4,1.5500876903533936,-0.4652402960680921
BH_s34_medium,7,163,12.433333333333334,1.210886836051941,-0.6240046667247544
BH_s34_medium,7,164,12.466666666666667,1.040413498878479,-0.7516067395678908
BH_s34_medium,7,165,12.5,0.8870342373847961,-0.8491705813422371
BH_s34_medium,7,166,12.533333333333333,0.785072386264801,-0.9217415670836843
BH_s34_medium,7,167,12.566666666666666,0.7036963105201721,-0.9743746350707047
BH_s34_medium,7,168,12.6,0.5511900186538696,-1.0084508046586915
BH_s34_medium,7,169,12.633333333333333,0.23767748475074768,-1.0202912958732921
BH_s34_medium,7,170,12.666666666666666,-0.09053970873355865,-1.0025936768875197
BH_s34_medium,7,171,12.7,-0.4237651526927948,-0.9475125428128373
BH_s34_medium,7,172,12.733333333333333,-0.6758437752723694,-0.8495993269496402
BH_s34_medium,7,173,12.766666666666667,-0.8541734218597412,-0.7072661265624839
BH_s34_medium,7,174,12.8,-0.9047179222106934,-0.5223678364807003
BH_s34_medium,7,175,12.833333333333334,-0.9314141273498535,-0.29869739433652703
BH_s34_medium,7,176,12.866666666666667,-0.9314141273498535,-0.04122331586477509
BH_s34_medium,7,177,12.9,-0.9828315377235413,0.24240847067931956
BH_s34_medium,7,178,12.933333333333334,-1.0554783344268799,0.5386327682094226
BH_s34_medium,7,179,12.966666666666667,-1.157440185546875,0.8256628407856258
BH_s34_medium,7,180,13.0,-1.2788857221603394,1.0750679719009235
BH_s34_medium,7,181,13.033333333333333,-1.4127812385559082,1.2580029952902272
BH_s34_medium,7,182,13.066666666666666,-1.5147430896759033,1.3535237544701861
BH_s34_medium,7,183,13.1,-1.6167049407958984,1.354601105514711
BH_s34_medium,7,184,13.133333333333333,-1.6032816171646118,1.268847012188625
BH_s34_medium,7,185,13.166666666666666,-0.9193568229675293,1.1142550040833838
BH_s34_medium,7,186,13.2,0.36204278469085693,0.9128542547852802
BH_s34_medium,7,187,13.233333333333333,1.786560297012329,0.6855034297244057
BH_s34_medium,7,188,13.266666666666667,2.5135505199432373,0.4492403774929211
BH_s34_medium,7,189,13.3,2.35257887840271,0.2165516363899716
BH_s34_medium,7,190,13.333333333333334,1.7805978059768677,-0.004641331929656278
BH_s34_medium,7,191,13.366666666666667,1.1885898113250732,-0.21081340077568111
BH_s34_medium,7,192,13.4,0.7987596392631531,-0.40225763127053554
BH_s34_medium,7,193,13.433333333333334,0.6543890237808228,-0.5816319415490966
BH_s34_medium,7,194,13.466666666666667,0.6183701157569885,-0.7515065659268789
BH_s34_medium,7,195,13.5,0.6689145565032959,-0.9114260886712505
BH_s34_medium,7,196,13.533333333333333,0.7084251642227173,-1.055512617368287
BH_s34_medium,7,197,13.566666666666666,0.5457578897476196,-1.1717151409834634
BH_s34_medium,7,198,13.6,0.18468382954597473,-1.2433573958349269
BH_s34_medium,7,199,13.633333333333333,-0.12032879143953323,-1.2528060905184362
BH_s34_medium,7,200,13.666666666666666,-0.47473353147506714,-1.1862229109358742
BH_s34_medium,7,201,13.7,-0.7268969416618347,-1.0379071600287701
BH_s34_medium,7,202,13.733333333333333,-0.8285793662071228,-0.8128912909603904
BH_s34_medium,7,203,13.766666666666667,-0.8285793662071228,-0.5269792308493626
BH_s34_medium,7,204,13.8,-0.8285793662071228,-0.20406769906830516
BH_s34_medium,7,205,13.833333333333334,-0.877657413482666,0.12849573049849927
BH_s34_medium,7,206,13.866666666666667,-0.9282019138336182,0.4447550006487693
BH_s34_medium,7,207,13.9,-0.9787463545799255,0.7233598034388825
BH_s34_medium,7,208,13.933333333333334,-1.0807082653045654,0.9486521683782875
BH_s34_medium,7,209,13.966666666666667,-1.2340874671936035,1.1104609206376046
BH_s34_medium,7,210,14.0,-1.3360493183135986,1.2034723471616346
BH_s34_medium,7,211,14.033333333333333,-1.4894285202026367,1.2264231446122575
BH_s34_medium,7,212,14.066666666666666,-1.4540376663208008,1.1811969139073428
BH_s34_medium,7,213,14.1,-0.6226243376731873,1.072110496459051
BH_s34_medium,7,214,14.133333333333333,0.6638431549072266,0.9056707621873278
BH_s34_medium,7,215,14.166666666666666,2.0208067893981934,0.690723480132991
BH_s34_medium,7,216,14.2,2.5016090869903564,0.43850231857361527
BH_s34_medium,7,217,14.233333333333333,2.217700481414795,0.1621649740519731
BH_s34_medium,7,218,14.266666666666667,1.618743658065796,-0.12391584707173904
BH_s34_medium,7,219,14.3,1.0806870460510254,-0.4043920678426189
BH_s34_medium,7,220,14.333333333333334,0.7088239789009094,-0.6624621033381629
BH_s34_medium,7,221,14.366666666666667,0.611107349395752,-0.879284104095569
BH_s34_medium,7,222,14.4,0.611107349395752,-1.0343155841179958
BH_s34_medium,7,223,14.433333333333334,0.6958902478218079,-1.1075010091960666
BH_s34_medium,7,224,14.466666666666667,0.6814494729042053,-1.0836792677492186
BH_s34_medium,7,225,14.5,0.44503316283226013,-0.9583538844480953
BH_s34_medium,7,226,14.533333333333333,0.07678112387657166,-0.7423445259586949
BH_s34_medium,7,227,14.566666666666666,-0.2497750073671341,-0.46229515045818265
BH_s34_medium,7,228,14.6,-0.5556605458259583,-0.15561484596323674
BH_s34_medium,7,229,14.633333333333333,-0.7538726329803467,0.13868862695737458
BH_s34_medium,7,230,14.666666666666666,-0.7771620154380798,0.3894865869726327
BH_s34_medium,7,231,14.7,-0.7771620154380798,0.5792072998952809
BH_s34_medium,7,232,14.733333333333333,-0.8026712536811829,0.7036428383757128
BH_s34_medium,7,233,14.766666666666667,-0.8285793662071228,0.7670019262540546
BH_s34_medium,7,234,14.8,-0.9037601947784424,0.7757455836437571
BH_s34_medium,7,235,14.833333333333334,-0.9543046355247498,0.734848014455552
BH_s34_medium,7,236,14.866666666666667,-1.0562665462493896,0.6478339978538273
BH_s34_medium,7,237,14.9,-1.2096457481384277,0.5192082719175858
BH_s34_medium,7,238,14.933333333333334,-1.3116075992584229,0.35679847810390586
BH_s34_medium,7,239,14.966666666666667,-1.413569450378418,0.17238247824198777
BH_s34_medium,8,0,8.0,-0.619079053401947,0.14175284009945935
BH_s34_medium,8,1,8.033333333333333,-0.7210409045219421,0.26548793369083606
BH_s34_medium,8,2,8.066666666666666,-0.7257446050643921,0.40633096852881606
BH_s34_medium,8,3,8.1,-0.7257446050643921,0.5713979480241418
BH_s34_medium,8,4,8.133333333333333,-0.7771620154380798,0.7491946408591597
BH_s34_medium,8,5,8.166666666666666,-0.8285793662071228,0.9128934420126866
BH_s34_medium,8,6,8.2,-0.9223458170890808,1.0308211771451166
BH_s34_medium,8,7,8.233333333333333,-1.0243077278137207,1.0780614700768105
BH_s34_medium,8,8,8.266666666666667,-1.1262695789337158,1.0437313855221741
BH_s34_medium,8,9,8.3,-1.2282313108444214,0.9320802206284581
BH_s34_medium,8,10,8.333333333333334,-1.3301931619644165,0.7587811525686912
BH_s34_medium,8,11,8.366666666666667,-1.3941705226898193,0.5451647429565669
BH_s34_medium,8,12,8.4,-0.8916085362434387,0.31281611498641476
BH_s34_medium,8,13,8.433333333333334,0.22329293191432953,0.07982000320222
BH_s34_medium,8,14,8.466666666666667,1.671818733215332,-0.14106622710381622
BH_s34_medium,8,15,8.5,2.5831797122955322,-0.34254726063088375
BH_s34_medium,8,16,8.533333333333333,2.6183602809906006,-0.5216254462063015
BH_s34_medium,8,17,8.566666666666666,2.195563554763794,-0.677631958014109
BH_s34_medium,8,18,8.6,1.6662108898162842,-0.810152198112735
BH_s34_medium,8,19,8.633333333333333,1.3203657865524292,-0.9176345974741479
BH_s34_medium,8,20,8.666666666666666,1.1465703248977661,-0.9971746541143429
BH_s34_medium,8,21,8.7,1.044608473777771,-1.0453119948684484
BH_s34_medium,8,22,8.733333333333333,0.9426466226577759,-1.0590110374053867
BH_s34_medium,8,23,8.766666666666667,0.8406847715377808,-1.0358526362083813
BH_s34_medium,8,24,8.8,0.6606690287590027,-0.9731052673081495
BH_s34_medium,8,25,8.833333333333334,0.43098169565200806,-0.8663722523442366
BH_s34_medium,8,26,8.866666666666667,0.07367876172065735,-0.7092334826131379
BH_s34_medium,8,27,8.9,-0.18078939616680145,-0.4952059688806452
BH_s34_medium,8,28,8.933333333333334,-0.4635300636291504,-0.2222832301241637
BH_s34_medium,8,29,8.966666666666667,-0.6451817750930786,0.10144430196477357
BH_s34_medium,8,30,9.0,-0.6957262754440308,0.45413046934911283
BH_s34_medium,8,31,9.033333333333333,-0.7257446050643921,0.8013768974152515
BH_s34_medium,8,32,9.066666666666666,-0.7771620154380798,1.102851204897084
BH_s34_medium,8,33,9.1,-0.8285793662071228,1.3219545252074494
BH_s34_medium,8,34,9.133333333333333,-0.897904098033905,1.4347283637185841
BH_s34_medium,8,35,9.166666666666666,-0.9998659491539001,1.4347615661224564
BH_s34_medium,8,36,9.2,-1.10182785987854,1.3327915862364348
BH_s34_medium,8,37,9.233333333333333,-1.2037897109985352,1.1518554248780548
BH_s34_medium,8,38,9.266666666666667,-1.3057515621185303,0.9202349110134099
BH_s34_medium,8,39,9.3,-1.4077132940292358,0.664709438572934
BH_s34_medium,8,40,9.333333333333334,-1.458257794380188,0.4059865681196226
BH_s34_medium,8,41,9.366666666666667,-1.271971583366394,0.15713342446768255
BH_s34_medium,8,42,9.4,-0.3484934866428375,-0.07517210733044336
BH_s34_medium,8,43,9.433333333333334,0.9574922919273376,-0.28759402691708014
BH_s34_medium,8,44,9.466666666666667,2.157280445098877,-0.4769256588857725
BH_s34_medium,8,45,9.5,2.4455225467681885,-0.6383910210970866
BH_s34_medium,8,46,9.533333333333333,2.116466999053955,-0.7663961362696291
BH_s34_medium,8,47,9.566666666666666,1.5552403926849365,-0.8573490855431806
BH_s34_medium,8,48,9.6,1.1596390008926392,-0.9128495298595766
BH_s34_medium,8,49,9.633333333333333,0.9099844098091125,-0.9409403579445347
BH_s34_medium,8,50,9.666666666666666,0.8128361701965332,-0.9537203181487897
BH_s34_medium,8,51,9.7,0.7139421105384827,-0.9614194173435469
BH_s34_medium,8,52,9.733333333333333,0.7117472290992737,-0.9653125643569103
BH_s34_medium,8,53,9.766666666666667,0.60846346616745,-0.9532155388417648
BH_s34_medium,8,54,9.8,0.35267341136932373,-0.9007055392600656
BH_s34_medium,8,55,9.833333333333334,0.046787865459918976,-0.7787819127882292
BH_s34_medium,8,56,9.866666666666667,-0.2590976655483246,-0.5655721910823016
BH_s34_medium,8,57,9.9,-0.5649831891059875,-0.2574893175066321
BH_s34_medium,8,58,9.933333333333334,-0.7227019667625427,0.12486448070242198
BH_s34_medium,8,59,9.966666666666667,-0.8246638178825378,0.5387697683770144
BH_s34_medium,8,60,10.0,-0.8752082586288452,0.9290188612664441
BH_s34_medium,8,61,10.033333333333333,-0.8799967765808105,1.2417543138093072
BH_s34_medium,8,62,10.066666666666666,-0.8799967765808105,1.4376840381481826
BH_s34_medium,8,63,10.1,-0.9754242897033691,1.5003506062076533
BH_s34_medium,8,64,10.133333333333333,-1.0259686708450317,1.4373212349903106
BH_s34_medium,8,65,10.166666666666666,-1.1279305219650269,1.2748813755264472
BH_s34_medium,8,66,10.2,-1.229892373085022,1.0488415614621711
BH_s34_medium,8,67,10.233333333333333,-1.3723727464675903,0.7948576782225708
BH_s34_medium,8,68,10.266666666666667,-1.4852335453033447,0.5412228905486248
BH_s34_medium,8,69,10.3,-1.5484226942062378,0.3056967803603781
BH_s34_medium,8,70,10.333333333333334,-1.2181898355484009,0.09614873073894849
BH_s34_medium,8,71,10.366666666666667,-0.17858849465847015,-0.08659989156241348
BH_s34_medium,8,72,10.4,1.2200961112976074,-0.24573950530312533
BH_s34_medium,8,73,10.433333333333334,2.159644842147827,-0.38657454348904724
BH_s34_medium,8,74,10.466666666666667,2.239064931869507,-0.5158425754922802
BH_s34_medium,8,75,10.5,1.7467485666275024,-0.6413328352371794
BH_s34_medium,8,76,10.533333333333333,1.1349775791168213,-0.7707422393666051
BH_s34_medium,8,77,10.566666666666666,0.6382023692131042,-0.9092590511532498
BH_s34_medium,8,78,10.6,0.42593881487846375,-1.0561443523111165
BH_s34_medium,8,79,10.633333333333333,0.4354812204837799,-1.2013328328670208
BH_s34_medium,8,80,10.666666666666666,0.5666136145591736,-1.3236222797591242
BH_s34_medium,8,81,10.7,0.6625247001647949,-1.3921040522030244
BH_s34_medium,8,82,10.733333333333333,0.6076753735542297,-1.37184003669146
BH_s34_medium,8,83,10.766666666666667,0.29923075437545776,-1.2332873070698844
BH_s34_medium,8,84,10.8,-0.08293779194355011,-0.9629769248523492
BH_s34_medium,8,85,10.833333333333334,-0.4136292636394501,-0.5715167772556226
BH_s34_medium,8,86,10.866666666666667,-0.6707758903503418,-0.09518035826831683
BH_s34_medium,8,87,10.9,-0.7771620154380798,0.4104867468574127
BH_s34_medium,8,88,10.933333333333334,-0.7771620154380798,0.8832375023772722
BH_s34_medium,8,89,10.966666666666667,-0.7771620154380798,1.2684154458929426
BH_s34_medium,8,90,11.0,-0.7771620154380798,1.5301502615300973
BH_s34_medium,8,91,11.033333333333333,-0.7967303991317749,1.6563647039209841
BH_s34_medium,8,92,11.066666666666666,-0.8799967765808105,1.6570762872431082
BH_s34_medium,8,93,11.1,-0.9492367506027222,1.557667691784511
BH_s34_medium,8,94,11.133333333333333,-1.0681482553482056,1.3898856512054334
BH_s34_medium,8,95,11.166666666666666,-1.2045778036117554,1.183380279401707
BH_s34_medium,8,96,11.2,-1.3579570055007935,0.9599885996876232
BH_s34_medium,8,97,11.233333333333333,-1.2710986137390137,0.7318436993649068
BH_s34_medium,8,98,11.266666666666667,-0.4614139497280121,0.5029493231774098
BH_s34_medium,8,99,11.3,0.8387157320976257,0.2726568904461719
BH_s34_medium,8,100,11.333333333333334,2.081361770629883,0.039081998572751145
BH_s34_medium,8,101,11.366666666666667,2.4512939453125,-0.19891471314643516
BH_s34_medium,8,102,11.4,2.103797197341919,-0.44129858341421907
BH_s34_medium,8,103,11.433333333333334,1.5334771871566772,-0.686955318254929
BH_s34_medium,8,104,11.466666666666667,1.0409818887710571,-0.9329830712145338
BH_s34_medium,8,105,11.5,0.7506643533706665,-1.172585502986281
BH_s34_medium,8,106,11.533333333333333,0.611107349395752,-1.392306477281079
BH_s34_medium,8,107,11.566666666666666,0.6167090535163879,-1.570442765798854
BH_s34_medium,8,108,11.6,0.6625247001647949,-1.6785786317455074
BH_s34_medium,8,109,11.633333333333333,0.6033955216407776,-1.6871718741201382
BH_s34_medium,8,110,11.666666666666666,0.39350590109825134,-1.5743310336550578
BH_s34_medium,8,111,11.7,0.03918595239520073,-1.3349201196076088
BH_s34_medium,8,112,11.733333333333333,-0.3181169629096985,-0.9858508850328059
BH_s34_medium,8,113,11.766666666666667,-0.5722209215164185,-0.5641706689313182
BH_s34_medium,8,114,11.8,-0.7761446237564087,-0.1177053443471418
BH_s34_medium,8,115,11.833333333333334,-0.8285793662071228,0.3079835980863408
BH_s34_medium,8,116,11.866666666666667,-0.8285793662071228,0.680212582249711
BH_s34_medium,8,117,11.9,-0.8285793662071228,0.9825515836804347
BH_s34_medium,8,118,11.933333333333334,-0.8799967765808105,1.210832795866682
BH_s34_medium,8,119,11.966666666666667,-0.9314141273498535,1.3660946324935022
BH_s34_medium,8,120,12.0,-1.0285027027130127,1.4495394057710127
BH_s34_medium,8,121,12.033333333333333,-1.1304645538330078,1.4619644047699352
BH_s34_medium,8,122,12.066666666666666,-1.232426404953003,1.406557947742829
BH_s34_medium,8,123,12.1,-1.334388256072998,1.2917949367890147
BH_s34_medium,8,124,12.133333333333333,-1.4363501071929932,1.1315830785792749
BH_s34_medium,8,125,12.166666666666666,-1.4556987285614014,0.9421374470705559
BH_s34_medium,8,126,12.2,-0.8760154247283936,0.7375411091262494
BH_s34_medium,8,127,12.233333333333333,0.3541363477706909,0.5268380752048176
BH_s34_medium,8,128,12.266666666666667,1.8211629390716553,0.31421558595654486
BH_s34_medium,8,129,12.3,2.6133928298950195,0.10164464982746381
BH_s34_medium,8,130,12.333333333333334,2.556976556777954,-0.10801986879464123
BH_s34_medium,8,131,12.366666666666667,2.0400490760803223,-0.30942414853179623
BH_s34_medium,8,132,12.4,1.5500876903533936,-0.49540518538244804
BH_s34_medium,8,133,12.433333333333334,1.210886836051941,-0.6593992486861967
BH_s34_medium,8,134,12.466666666666667,1.040413498878479,-0.7980598237174557
BH_s34_medium,8,135,12.5,0.8870342373847961,-0.9124594810667661
BH_s34_medium,8,136,12.533333333333333,0.785072386264801,-1.0069118113318474
BH_s34_medium,8,137,12.566666666666666,0.7036963105201721,-1.0856942138211396
BH_s34_medium,8,138,12.6,0.5511900186538696,-1.1492500503995227
BH_s34_medium,8,139,12.633333333333333,0.23767748475074768,-1.1918798872812058
BH_s34_medium,8,140,12.666666666666666,-0.09053970873355865,-1.2020681389563765
BH_s34_medium,8,141,12.7,-0.4237651526927948,-1.1652142145197621
BH_s34_medium,8,142,12.733333333333333,-0.6758437752723694,-1.0676535222233037
BH_s34_medium,8,143,12.766666666666667,-0.8541734218597412,-0.9006528548948695
BH_s34_medium,8,144,12.8,-0.9047179222106934,-0.6633132761443965
BH_s34_medium,8,145,12.833333333333334,-0.9314141273498535,-0.3638983623777333
BH_s34_medium,8,146,12.866666666666667,-0.9314141273498535,-0.019763083710325265
BH_s34_medium,8,147,12.9,-0.9828315377235413,0.3438559333060439
BH_s34_medium,8,148,12.933333333333334,-1.0554783344268799,0.6965041733694979
BH_s34_medium,8,149,12.966666666666667,-1.157440185546875,1.007013556145314
BH_s34_medium,8,150,13.0,-1.2788857221603394,1.2490704218418776
BH_s34_medium,8,151,13.033333333333333,-1.4127812385559082,1.405894687960108
BH_s34_medium,8,152,13.066666666666666,-1.5147430896759033,1.472282844328667
BH_s34_medium,8,153,13.1,-1.6167049407958984,1.4535417702833942
BH_s34_medium,8,154,13.133333333333333,-1.6032816171646118,1.3621223269665947
BH_s34_medium,8,155,13.166666666666666,-0.9193568229675293,1.2134730859310563
BH_s34_medium,8,156,13.2,0.36204278469085693,1.022644426784936
BH_s34_medium,8,157,13.233333333333333,1.786560297012329,0.8025870335607295
BH_s34_medium,8,158,13.266666666666667,2.5135505199432373,0.5641950883114547
BH_s34_medium,8,159,13.3,2.35257887840271,0.3173334509459815
BH_s34_medium,8,160,13.333333333333334,1.7805978059768677,0.07171538431049199
BH_s34_medium,8,161,13.366666666666667,1.1885898113250732,-0.16324181902355026
BH_s34_medium,8,162,13.4,0.7987596392631531,-0.37967146313822736
BH_s34_medium,8,163,13.433333333333334,0.6543890237808228,-0.5728702928251636
BH_s34_medium,8,164,13.466666666666667,0.6183701157569885,-0.7421212739803716
BH_s34_medium,8,165,13.5,0.6689145565032959,-0.8898198424254677
BH_s34_medium,8,166,13.533333333333333,0.7084251642227173,-1.0187875326635454
BH_s34_medium,8,167,13.566666666666666,0.5457578897476196,-1.1287242673449809
BH_s34_medium,8,168,13.6,0.18468382954597473,-1.213574899574531
BH_s34_medium,8,169,13.633333333333333,-0.12032879143953323,-1.2614350677108292
BH_s34_medium,8,170,13.666666666666666,-0.47473353147506714,-1.2572978658857366
BH_s34_medium,8,171,13.7,-0.7268969416618347,-1.1873530490720494
BH_s34_medium,8,172,13.733333333333333,-0.8285793662071228,-1.0428740368234273
BH_s34_medium,8,173,13.766666666666667,-0.8285793662071228,-0.8224689100558832
BH_s34_medium,8,174,13.8,-0.8285793662071228,-0.5330136708594995
BH_s34_medium,8,175,13.833333333333334,-0.877657413482666,-0.19018616877943698
BH_s34_medium,8,176,13.866666666666667,-0.9282019138336182,0.18162112696192714
BH_s34_medium,8,177,13.9,-0.9787463545799255,0.5512972734198606
BH_s34_medium,8,178,13.933333333333334,-1.0807082653045654,0.8854435193969203
BH_s34_medium,8,179,13.966666666666667,-1.2340874671936035,1.1541311476178961
BH_s34_medium,8,180,14.0,-1.3360493183135986,1.3360927492459547
BH_s34_medium,8,181,14.033333333333333,-1.4894285202026367,1.4217278753907645
BH_s34_medium,8,182,14.066666666666666,-1.4540376663208008,1.4131077583879381
BH_s34_medium,8,183,14.1,-0.6226243376731873,1.3212509113460147
BH_s34_medium,8,184,14.133333333333333,0.6638431549072266,1.1620041643355208
BH_s34_medium,8,185,14.166666666666666,2.0208067893981934,0.9521832395884541
BH_s34_medium,8,186,14.2,2.5016090869903564,0.7069319856630503
BH_s34_medium,8,187,14.233333333333333,2.217700481414795,0.4384303887818951
BH_s34_medium,8,188,14.266666666666667,1.618743658065796,0.15592587520801376
BH_s34_medium,8,189,14.3,1.0806870460510254,-0.13285277126925343
BH_s34_medium,8,190,14.333333333333334,0.7088239789009094,-0.4191960476285004
BH_s34_medium,8,191,14.366666666666667,0.611107349395752,-0.6907553159164721
BH_s34_medium,8,192,14.4,0.611107349395752,-0.9300220528220016
BH_s34_medium,8,193,14.433333333333334,0.6958902478218079,-1.1151113730933468
BH_s34_medium,8,194,14.466666666666667,0.6814494729042053,-1.2233639683554385
BH_s34_medium,8,195,14.5,0.44503316283226013,-1.2371741172132489
BH_s34_medium,8,196,14.533333333333333,0.07678112387657166,-1.1502179726127584
BH_s34_medium,8,197,14.566666666666666,-0.2497750073671341,-0.9715615931867649
BH_s34_medium,8,198,14.6,-0.5556605458259583,-0.7255402727735794
BH_s34_medium,8,199,14.633333333333333,-0.7538726329803467,-0.44684102332905773
BH_s34_medium,8,200,14.666666666666666,-0.7771620154380798,-0.17228592332913564
BH_s34_medium,8,201,14.7,-0.7771620154380798,0.06769380305517991
BH_s34_medium,8,202,14.733333333333333,-0.8026712536811829,0.2548554945639483
BH_s34_medium,8,203,14.766666666666667,-0.8285793662071228,0.38454560684928446
BH_s34_medium,8,204,14.8,-0.9037601947784424,0.46303918067600697
BH_s34_medium,8,205,14.833333333333334,-0.9543046355247498,0.5026499057836178
BH_s34_medium,8,206,14.866666666666667,-1.0562665462493896,0.51671335675744
BH_s34_medium,8,207,14.9,-1.2096457481384277,0.5159292354855178
BH_s34_medium,8,208,14.933333333333334,-1.3116075992584229,0.5067342573206814
BH_s34_medium,8,209,14.966666666666667,-1.413569450378418,0.4916239538053265
BH_s34_medium,8,210,15.0,-1.4784793853759766,0.4707113307802803
BH_s34_medium,8,211,15.033333333333333,-1.0119708776474,0.44350655341588036
BH_s34_medium,8,212,15.066666666666666,0.21224001049995422,0.41005023761583465
BH_s34_medium,8,213,15.1,1.6405787467956543,0.37096688992485244
BH_s34_medium,8,214,15.133333333333333,2.5586533546447754,0.326511263384436
BH_s34_medium,8,215,15.166666666666666,2.5083224773406982,0.27523589823880046
BH_s34_medium,8,216,15.2,2.0224809646606445,0.21337773691255657
BH_s34_medium,8,217,15.233333333333333,1.4231252670288086,0.13595013418678023
BH_s34_medium,8,218,15.266666666666667,1.0392359495162964,0.039592888406242255
BH_s34_medium,8,219,15.3,0.857524573802948,-0.07396527571349307
BH_s34_medium,8,220,15.333333333333334,0.8069800734519958,-0.19563887506845584
BH_s34_medium,8,221,15.366666666666667,0.7653594613075256,-0.30945682292928395
BH_s34_medium,8,222,15.4,0.7573085427284241,-0.3962172291625301
BH_s34_medium,8,223,15.433333333333334,0.59675133228302,-0.4393095815656247
BH_s34_medium,8,224,15.466666666666667,0.3288000822067261,-0.430550060962026
BH_s34_medium,8,225,15.5,-0.022197749465703964,-0.37370183148351077
BH_s34_medium,8,226,15.533333333333333,-0.3280832767486572,-0.28428490733824757
BH_s34_medium,8,227,15.566666666666666,-0.578865110874176,-0.18566253799625773
BH_s34_medium,8,228,15.6,-0.7285580039024353,-0.10249726403555603
BH_s34_medium,8,229,15.633333333333333,-0.7791025042533875,-0.05342005030671561
BH_s34_medium,8,230,15.666666666666666,-0.8285793662071228,-0.04523112486264142
BH_s34_medium,8,231,15.7,-0.8287740349769592,-0.07086502884047317
BH_s34_medium,8,232,15.733333333333333,-0.8799967765808105,-0.11233887814704901
BH_s34_medium,8,233,15.766666666666667,-0.9314141273498535,-0.14791546083789398
BH_s34_medium,8,234,15.8,-1.0318248271942139,-0.16046035926414765
BH_s34_medium,8,235,15.833333333333334,-1.133786678314209,-0.14306038317969388
BH_s34_medium,8,236,15.866666666666667,-1.235748529434204,-0.09943148436561172
BH_s34_medium,8,237,15.9,-1.3377103805541992,-0.039618124878559494
BH_s34_medium,8,238,15.933333333333334,-1.4396722316741943,0.025911837410691
BH_s34_medium,8,239,15.966666666666667,-1.4970053434371948,0.090109028161834
BH_s34_medium,9,0,9.0,-0.6957262754440308,0.015826489109540896
BH_s34_medium,9,1,9.033333333333333,-0.7257446050643921,0.12118624254733758
BH_s34_medium,9,2,9.066666666666666,-0.7771620154380798,0.20877712567760914
BH_s34_medium,9,3,9.1,-0.8285793662071228,0.2655728294156167
BH_s34_medium,9,4,9.133333333333333,-0.897904098033905,0.2853040845692762
BH_s34_medium,9,5,9.166666666666666,-0.9998659491539001,0.27030934599579953
BH_s34_medium,9,6,9.2,-1.10182785987854,0.23088211668305209
BH_s34_medium,9,7,9.233333333333333,-1.2037897109985352,0.18139533503526356
BH_s34_medium,9,8,9.266666666666667,-1.3057515621185303,0.13436055012074136
BH_s34_medium,9,9,9.3,-1.4077132940292358,0.09528156560468672
BH_s34_medium,9,10,9.333333333333334,-1.458257794380188,0.061026420073861706
BH_s34_medium,9,11,9.366666666666667,-1.271971583366394,0.022595050136846435
BH_s34_medium,9,12,9.4,-0.3484934866428375,-0.02916252600493309
BH_s34_medium,9,13,9.433333333333334,0.9574922919273376,-0.09785871818113528
BH_s34_medium,9,14,9.466666666666667,2.157280445098877,-0.17883608328160275
BH_s34_medium,9,15,9.5,2.4455225467681885,-0.2606449611894565
BH_s34_medium,9,16,9.533333333333333,2.116466999053955,-0.32959094609499234
BH_s34_medium,9,17,9.566666666666666,1.5552403926849365,-0.3747098121708462
BH_s34_medium,9,18,9.6,1.1596390008926392,-0.3908920632631892
BH_s34_medium,9,19,9.633333333333333,0.9099844098091125,-0.37931329929723817
BH_s34_medium,9,20,9.666666666666666,0.8128361701965332,-0.34553666431163116
BH_s34_medium,9,21,9.7,0.7139421105384827,-0.29626809060558723
BH_s34_medium,9,22,9.733333333333333,0.7117472290992737,-0.23600086749646482
BH_s34_medium,9,23,9.766666666666667,0.60846346616745,-0.16495589975294153
BH_s34_medium,9,24,9.8,0.35267341136932373,-0.07966954158660723
BH_s34_medium,9,25,9.833333333333334,0.046787865459918976,0.023461369509350856
BH_s34_medium,9,26,9.866666666666667,-0.2590976655483246,0.14342768672283165
BH_s34_medium,9,27,9.9,-0.5649831891059875,0.2716963653944875
BH_s34_medium,9,28,9.933333333333334,-0.7227019667625427,0.3932216842269098
BH_s34_medium,9,29,9.966666666666667,-0.8246638178825378,0.49105328390822583
BH_s34_medium,9,30,10.0,-0.8752082586288452,0.5521769147069875
BH_s34_medium,9,31,10.033333333333333,-0.8799967765808105,0.5716805248229153
BH_s34_medium,9,32,10.066666666666666,-0.8799967765808105,0.553419716583453
BH_s34_medium,9,33,10.1,-0.9754242897033691,0.5072555012384877
BH_s34_medium,9,34,10.133333333333333,-1.0259686708450317,0.44453644428336225
BH_s34_medium,9,35,10.166666666666666,-1.1279305219650269,0.3740676394233625
BH_s34_medium,9,36,10.2,-1.229892373085022,0.3002178371213427
BH_s34_medium,9,37,10.233333333333333,-1.3723727464675903,0.2235330747345032
BH_s34_medium,9,38,10.266666666666667,-1.4852335453033447,0.14298742978642523
BH_s34_medium,9,39,10.3,-1.5484226942062378,0.058416374624387216
BH_s34_medium,9,40,10.333333333333334,-1.2181898355484009,-0.028076800002258383
BH_s34_medium,9,41,10.366666666666667,-0.17858849465847015,-0.11227120006866327
BH_s34_medium,9,42,10.4,1.2200961112976074,-0.18942272765920812
BH_s34_medium,9,43,10.433333333333334,2.159644842147827,-0.2566491183246369
BH_s34_medium,9,44,10.466666666666667,2.239064931869507,-0.31500885276489665
BH_s34_medium,9,45,10.5,1.7467485666275024,-0.3701288651778357
BH_s34_medium,9,46,10.533333333333333,1.1349775791168213,-0.4307723593732756
BH_s34_medium,9,47,10.566666666666666,0.6382023692131042,-0.5055454288428965
BH_s34_medium,9,48,10.6,0.42593881487846375,-0.5985989698315668
BH_s34_medium,9,49,10.633333333333333,0.4354812204837799,-0.7055861046240844
BH_s34_medium,9,50,10.666666666666666,0.5666136145591736,-0.811310991513591
BH_s34_medium,9,51,10.7,0.6625247001647949,-0.890384918068759
BH_s34_medium,9,52,10.733333333333333,0.6076753735542297,-0.911662885177597
BH_s34_medium,9,53,10.766666666666667,0.29923075437545776,-0.8461848038635003
BH_s34_medium,9,54,10.8,-0.08293779194355011,-0.6768954118700752
BH_s34_medium,9,55,10.833333333333334,-0.4136292636394501,-0.40696103893645136
BH_s34_medium,9,56,10.866666666666667,-0.6707758903503418,-0.06287946054040189
BH_s34_medium,9,57,10.9,-0.7771620154380798,0.3100128856312673
BH_s34_medium,9,58,10.933333333333334,-0.7771620154380798,0.6585877218270941
BH_s34_medium,9,59,10.966666666666667,-0.7771620154380798,0.9353216400787371
BH_s34_medium,9,60,11.0,-0.7771620154380798,1.1092244019995734
BH_s34_medium,9,61,11.033333333333333,-0.7967303991317749,1.171186932206005
BH_s34_medium,9,62,11.066666666666666,-0.8799967765808105,1.1331106927377566
BH_s34_medium,9,63,11.1,-0.9492367506027222,1.0221192400090742
BH_s34_medium,9,64,11.133333333333333,-1.0681482553482056,0.872020546282966
BH_s34_medium,9,65,11.166666666666666,-1.2045778036117554,0.7143714437012378
BH_s34_medium,9,66,11.2,-1.3579570055007935,0.5714432367329925
BH_s34_medium,9,67,11.233333333333333,-1.2710986137390137,0.4528015011896118
BH_s34_medium,9,68,11.266666666666667,-0.4614139497280121,0.35585349958460544
BH_s34_medium,9,69,11.3,0.8387157320976257,0.2692458961023655
BH_s34_medium,9,70,11.333333333333334,2.081361770629883,0.177290957465201
BH_s34_medium,9,71,11.366666666666667,2.4512939453125,0.06396670214694919
BH_s34_medium,9,72,11.4,2.103797197341919,-0.08389081023369678
BH_s34_medium,9,73,11.433333333333334,1.5334771871566772,-0.27370754875531644
BH_s34_medium,9,74,11.466666666666667,1.0409818887710571,-0.504136800807606
BH_s34_medium,9,75,11.5,0.7506643533706665,-0.7622151056829058
BH_s34_medium,9,76,11.533333333333333,0.611107349395752,-1.0220080822748001
BH_s34_medium,9,77,11.566666666666666,0.6167090535163879,-1.2464812142229227
BH_s34_medium,9,78,11.6,0.6625247001647949,-1.393776794951186
BH_s34_medium,9,79,11.633333333333333,0.6033955216407776,-1.4274146031067623
BH_s34_medium,9,80,11.666666666666666,0.39350590109825134,-1.3276730403030563
BH_s34_medium,9,81,11.7,0.03918595239520073,-1.099758726635744
BH_s34_medium,9,82,11.733333333333333,-0.3181169629096985,-0.7745873834761428
BH_s34_medium,9,83,11.766666666666667,-0.5722209215164185,-0.40061641702455786
BH_s34_medium,9,84,11.8,-0.7761446237564087,-0.029385337699915047
BH_s34_medium,9,85,11.833333333333334,-0.8285793662071228,0.29910087734401936
BH_s34_medium,9,86,11.866666666666667,-0.8285793662071228,0.5645954511679429
BH_s34_medium,9,87,11.9,-0.8285793662071228,0.765236284542028
BH_s34_medium,9,88,11.933333333333334,-0.8799967765808105,0.9088724360814693
BH_s34_medium,9,89,11.966666666666667,-0.9314141273498535,1.0032678543507698
BH_s34_medium,9,90,12.0,-1.0285027027130127,1.0508466039613154
BH_s34_medium,9,91,12.033333333333333,-1.1304645538330078,1.0497920782365742
BH_s34_medium,9,92,12.066666666666666,-1.232426404953003,0.9991596802308272
BH_s34_medium,9,93,12.1,-1.334388256072998,0.9037047074159722
BH_s34_medium,9,94,12.133333333333333,-1.4363501071929932,0.7751751963312586
BH_s34_medium,9,95,12.166666666666666,-1.4556987285614014,0.6295103788772138
BH_s34_medium,9,96,12.2,-0.8760154247283936,0.48171912544772183
BH_s34_medium,9,97,12.233333333333333,0.3541363477706909,0.34124239838130604
BH_s34_medium,9,98,12.266666666666667,1.8211629390716553,0.21020731712843102
BH_s34_medium,9,99,12.3,2.6133928298950195,0.08533809853107725
BH_s34_medium,9,100,12.333333333333334,2.556976556777954,-0.03786384723416051
BH_s34_medium,9,101,12.366666666666667,2.0400490760803223,-0.16133336163088183
BH_s34_medium,9,102,12.4,1.5500876903533936,-0.28317541471486735
BH_s34_medium,9,103,12.433333333333334,1.210886836051941,-0.3991872745052665
BH_s34_medium,9,104,12.466666666666667,1.040413498878479,-0.5055702185013994
BH_s34_medium,9,105,12.5,0.8870342373847961,-0.600616611527403
BH_s34_medium,9,106,12.533333333333333,0.785072386264801,-0.6841901586041899
BH_s34_medium,9,107,12.566666666666666,0.7036963105201721,-0.755545913212004
BH_s34_medium,9,108,12.6,0.5511900186538696,-0.8111484275807126
BH_s34_medium,9,109,12.633333333333333,0.23767748475074768,-0.8440635624839496
BH_s34_medium,9,110,12.666666666666666,-0.09053970873355865,-0.8454493715284449
BH_s34_medium,9,111,12.7,-0.4237651526927948,-0.8074596118372759
BH_s34_medium,9,112,12.733333333333333,-0.6758437752723694,-0.7262351343505374
BH_s34_medium,9,113,12.766666666666667,-0.8541734218597412,-0.6036667575101805
BH_s34_medium,9,114,12.8,-0.9047179222106934,-0.44708654505905476
BH_s34_medium,9,115,12.833333333333334,-0.9314141273498535,-0.26701574120542554
BH_s34_medium,9,116,12.866666666666667,-0.9314141273498535,-0.07430632926893768
BH_s34_medium,9,117,12.9,-0.9828315377235413,0.1215031723915417
BH_s34_medium,9,118,12.933333333333334,-1.0554783344268799,0.31172273556656965
BH_s34_medium,9,119,12.966666666666667,-1.157440185546875,0.48686932159154905
BH_s34_medium,9,120,13.0,-1.2788857221603394,0.6361398340604613
BH_s34_medium,9,121,13.033333333333333,-1.4127812385559082,0.7496321118831788
BH_s34_medium,9,122,13.066666666666666,-1.5147430896759033,0.8222550534544523
BH_s34_medium,9,123,13.1,-1.6167049407958984,0.8561595083181595
BH_s34_medium,9,124,13.133333333333333,-1.6032816171646118,0.8593080069033572
BH_s34_medium,9,125,13.166666666666666,-0.9193568229675293,0.8406451950147108
BH_s34_medium,9,126,13.2,0.36204278469085693,0.8048237581330808
BH_s34_medium,9,127,13.233333333333333,1.786560297012329,0.7497959195519155
BH_s34_medium,9,128,13.266666666666667,2.5135505199432373,0.6685800976396257
BH_s34_medium,9,129,13.3,2.35257887840271,0.5538558952399493
BH_s34_medium,9,130,13.333333333333334,1.7805978059768677,0.40267123147179595
BH_s34_medium,9,131,13.366666666666667,1.1885898113250732,0.21891902597958396
BH_s34_medium,9,132,13.4,0.7987596392631531,0.012725544755210396
BH_s34_medium,9,133,13.433333333333334,0.6543890237808228,-0.2024476296248951
BH_s34_medium,9,134,13.466666666666667,0.6183701157569885,-0.41318342660432716
BH_s34_medium,9,135,13.5,0.6689145565032959,-0.6082193887383126
BH_s34_medium,9,136,13.533333333333333,0.7084251642227173,-0.7785022566611017
BH_s34_medium,9,137,13.566666666666666,0.5457578897476196,-0.915657919992369
BH_s34_medium,9,138,13.6,0.18468382954597473,-1.0102304502232264
BH_s34_medium,9,139,13.633333333333333,-0.12032879143953323,-1.0512699057816008
BH_s34_medium,9,140,13.666666666666666,-0.47473353147506714,-1.0283297953993336
BH_s34_medium,9,141,13.7,-0.7268969416618347,-0.9355621429754692
BH_s34_medium,9,142,13.733333333333333,-0.8285793662071228,-0.7758719805050854
BH_s34_medium,9,143,13.766666666666667,-0.8285793662071228,-0.5625256522044062
BH_s34_medium,9,144,13.8,-0.8285793662071228,-0.31704030225687263
BH_s34_medium,9,145,13.833333333333334,-0.877657413482666,-0.06433225870945333
BH_s34_medium,9,146,13.866666666666667,-0.9282019138336182,0.17273363995621105
BH_s34_medium,9,147,13.9,-0.9787463545799255,0.3773488136146702
BH_s34_medium,9,148,13.933333333333334,-1.0807082653045654,0.5401341896662497
BH_s34_medium,9,149,13.966666666666667,-1.2340874671936035,0.6579678346591056
BH_s34_medium,9,150,14.0,-1.3360493183135986,0.7315667036454132
BH_s34_medium,9,151,14.033333333333333,-1.4894285202026367,0.7634348388430909
BH_s34_medium,9,152,14.066666666666666,-1.4540376663208008,0.756901381238633
BH_s34_medium,9,153,14.1,-0.6226243376731873,0.7158516295953972
BH_s34_medium,9,154,14.133333333333333,0.6638431549072266,0.6444569249244604
BH_s34_medium,9,155,14.166666666666666,2.0208067893981934,0.5466674549338969
BH_s34_medium,9,156,14.2,2.5016090869903564,0.42579071837433113
BH_s34_medium,9,157,14.233333333333333,2.217700481414795,0.2846569490088965
BH_s34_medium,9,158,14.266666666666667,1.618743658065796,0.12656819695780405
BH_s34_medium,9,159,14.3,1.0806870460510254,-0.04324275926734416
BH_s34_medium,9,160,14.333333333333334,0.7088239789009094,-0.21619690810665834
BH_s34_medium,9,161,14.366666666666667,0.611107349395752,-0.379625415797556
BH_s34_medium,9,162,14.4,0.611107349395752,-0.5172906632472677
BH_s34_medium,9,163,14.433333333333334,0.6958902478218079,-0.6115465399166108
BH_s34_medium,9,164,14.466666666666667,0.6814494729042053,-0.6470250783346724
BH_s34_medium,9,165,14.5,0.44503316283226013,-0.6150544017480815
BH_s34_medium,9,166,14.533333333333333,0.07678112387657166,-0.5173903776470176
BH_s34_medium,9,167,14.566666666666666,-0.2497750073671341,-0.3676555393693087
BH_s34_medium,9,168,14.6,-0.5556605458259583,-0.1894132846066104
BH_s34_medium,9,169,14.633333333333333,-0.7538726329803467,-0.011056165537459367
BH_s34_medium,9,170,14.666666666666666,-0.7771620154380798,0.14083769378517808
BH_s34_medium,9,171,14.7,-0.7771620154380798,0.24731338531040795
BH_s34_medium,9,172,14.733333333333333,-0.8026712536811829,0.3002613482892731
BH_s34_medium,9,173,14.766666666666667,-0.8285793662071228,0.30260541981317973
BH_s34_medium,9,174,14.8,-0.9037601947784424,0.2660326890984331
BH_s34_medium,9,175,14.833333333333334,-0.9543046355247498,0.2072455898699313
BH_s34_medium,9,176,14.866666666666667,-1.0562665462493896,0.14368192566804314
BH_s34_medium,9,177,14.9,-1.2096457481384277,0.0895469576066546
BH_s34_medium,9,178,14.933333333333334,-1.3116075992584229,0.05302522911852336
BH_s34_medium,9,179,14.966666666666667,-1.413569450378418,0.03543392711627111
BH_s34_medium,9,180,15.0,-1.4784793853759766,0.03255649076180352
BH_s34_medium,9,181,15.033333333333333,-1.0119708776474,0.037582847598867826
BH_s34_medium,9,182,15.066666666666666,0.21224001049995422,0.044367600824536356
BH_s34_medium,9,183,15.1,1.6405787467956543,0.04948183470107962
BH_s34_medium,9,184,15.133333333333333,2.5586533546447754,0.052038616606373336
BH_s34_medium,9,185,15.166666666666666,2.5083224773406982,0.051547838494109856
BH_s34_medium,9,186,15.2,2.0224809646606445,0.045546024055968984
BH_s34_medium,9,187,15.233333333333333,1.4231252670288086,0.029175475709282445
BH_s34_medium,9,188,15.266666666666667,1.0392359495162964,-0.002449213978954131
BH_s34_medium,9,189,15.3,0.857524573802948,-0.050378213110738194
BH_s34_medium,9,190,15.333333333333334,0.8069800734519958,-0.10906440624134675
BH_s34_medium,9,191,15.366666666666667,0.7653594613075256,-0.16681489561224258
BH_s34_medium,9,192,15.4,0.7573085427284241,-0.2095375650531253
BH_s34_medium,9,193,15.433333333333334,0.59675133228302,-0.22586454572389097
BH_s34_medium,9,194,15.466666666666667,0.3288000822067261,-0.2112000945475509
BH_s34_medium,9,195,15.5,-0.022197749465703964,-0.16905738305512258
BH_s34_medium,9,196,15.533333333333333,-0.3280832767486572,-0.10935876759239657
BH_s34_medium,9,197,15.566666666666666,-0.578865110874176,-0.04462218741000092
BH_s34_medium,9,198,15.6,-0.7285580039024353,0.014235015811571832
BH_s34_medium,9,199,15.633333333333333,-0.7791025042533875,0.060789057393243744
BH_s34_medium,9,200,15.666666666666666,-0.8285793662071228,0.09391189437443691
BH_s34_medium,9,201,15.7,-0.8287740349769592,0.11669954038593637
BH_s34_medium,9,202,15.733333333333333,-0.8799967765808105,0.1342039928251938
BH_s34_medium,9,203,15.766666666666667,-0.9314141273498535,0.15078478738036458
BH_s34_medium,9,204,15.8,-1.0318248271942139,0.1680574066729691
BH_s34_medium,9,205,15.833333333333334,-1.133786678314209,0.1842892804538599
BH_s34_medium,9,206,15.866666666666667,-1.235748529434204,0.19540590304623845
BH_s34_medium,9,207,15.9,-1.3377103805541992,0.19698852638972267
BH_s34_medium,9,208,15.933333333333334,-1.4396722316741943,0.18632933555101436
BH_s34_medium,9,209,15.966666666666667,-1.4970053434371948,0.16371748156598234
BH_s34_medium,9,210,16.0,-0.8461164832115173,0.13241096226665094
BH_s34_medium,9,211,16.033333333333335,0.3544408679008484,0.09720588036566917
BH_s34_medium,9,212,16.066666666666666,1.722827672958374,0.06212358584803559
BH_s34_medium,9,213,16.1,2.4312920570373535,0.02817076995114316
BH_s34_medium,9,214,16.133333333333333,2.249659299850464,-0.007892457928861667
BH_s34_medium,9,215,16.166666666666668,1.6722209453582764,-0.05320278491130496
BH_s34_medium,9,216,16.2,1.1383593082427979,-0.11673021632859439
BH_s34_medium,9,217,16.233333333333334,0.7552582025527954,-0.2057675015617463
BH_s34_medium,9,218,16.266666666666666,0.611107349395752,-0.32163826803919005
BH_s34_medium,9,219,16.3,0.611107349395752,-0.4558463225125088
BH_s34_medium,9,220,16.333333333333332,0.6625247001647949,-0.5884635103994035
BH_s34_medium,9,221,16.366666666666667,0.6283710598945618,-0.6904469635993935
BH_s34_medium,9,222,16.4,0.4931284189224243,-0.7302895688190544
BH_s34_medium,9,223,16.433333333333334,0.1539621353149414,-0.6833754172325275
BH_s34_medium,9,224,16.466666666666665,-0.1834583282470703,-0.5407438960089451
BH_s34_medium,9,225,16.5,-0.5092263221740723,-0.31390435702145086
BH_s34_medium,9,226,16.533333333333335,-0.7555336952209473,-0.03410689914703209
BH_s34_medium,9,227,16.566666666666666,-0.8799967765808105,0.25353703762483115
BH_s34_medium,9,228,16.6,-0.9314141273498535,0.4998062796525498
BH_s34_medium,9,229,16.633333333333333,-0.9314141273498535,0.6630747048380622
BH_s34_medium,9,230,16.666666666666668,-0.9314141273498535,0.7198256122124865
BH_s34_medium,9,231,16.7,-0.9568386077880859,0.6704036373545881
BH_s34_medium,9,232,16.733333333333334,-1.034248948097229,0.538091152137014
BH_s34_medium,9,233,16.766666666666666,-1.1093449592590332,0.3621988101003178
BH_s34_medium,9,234,16.8,-1.2341125011444092,0.18762484697797233
BH_s34_medium,9,235,16.833333333333332,-1.3646860122680664,0.05387389819964313
BH_s34_medium,9,236,16.866666666666667,-1.4666478633880615,-0.013768219841435402
BH_s34_medium,9,237,16.9,-1.5686097145080566,-0.009025105615860882
BH_s34_medium,9,238,16.933333333333334,-1.5418978929519653,0.05536159678567489
BH_s34_medium,9,239,16.966666666666665,-0.77997887134552,0.15193530524227356
BH_s34_medium,10,0,10.0,-0.8752082586288452,0.13948413118243969
BH_s34_medium,10,1,10.033333333333333,-0.8799967765808105,0.17927971451165836
BH_s34_medium,10,2,10.066666666666666,-0.8799967765808105,0.20052572202921878
BH_s34_medium,10,3,10.1,-0.9754242897033691,0.19218258300148208
BH_s34_medium,10,4,10.133333333333333,-1.0259686708450317,0.15346859197931384
BH_s34_medium,10,5,10.166666666666666,-1.1279305219650269,0.09306449998796183
BH_s34_medium,10,6,10.2,-1.229892373085022,0.024387245857605006
BH_s34_medium,10,7,10.233333333333333,-1.3723727464675903,-0.04048165540211769
BH_s34_medium,10,8,10.266666666666667,-1.4852335453033447,-0.09504113634284636
BH_s34_medium,10,9,10.3,-1.5484226942062378,-0.1388390989885116
BH_s34_medium,10,10,10.333333333333334,-1.2181898355484009,-0.17468579963222036
BH_s34_medium,10,11,10.366666666666667,-0.17858849465847015,-0.20509560670513097
BH_s34_medium,10,12,10.4,1.2200961112976074,-0.23048325117687035
BH_s34_medium,10,13,10.433333333333334,2.159644842147827,-0.25011842206845714
BH_s34_medium,10,14,10.466666666666667,2.239064931869507,-0.26500078211950945
BH_s34_medium,10,15,10.5,1.7467485666275024,-0.2806182324132702
BH_s34_medium,10,16,10.533333333333333,1.1349775791168213,-0.3074567076252719
BH_s34_medium,10,17,10.566666666666666,0.6382023692131042,-0.35808083897019555
BH_s34_medium,10,18,10.6,0.42593881487846375,-0.44117943231650886
BH_s34_medium,10,19,10.633333333333333,0.4354812204837799,-0.5546167190843829
BH_s34_medium,10,20,10.666666666666666,0.5666136145591736,-0.6806045036874335
BH_s34_medium,10,21,10.7,0.6625247001647949,-0.785952473511
BH_s34_medium,10,22,10.733333333333333,0.6076753735542297,-0.8287351447550931
BH_s34_medium,10,23,10.766666666666667,0.29923075437545776,-0.770193123170902
BH_s34_medium,10,24,10.8,-0.08293779194355011,-0.5882880212506992
BH_s34_medium,10,25,10.833333333333334,-0.4136292636394501,-0.2880732533089517
BH_s34_medium,10,26,10.866666666666667,-0.6707758903503418,0.09538757097289433
BH_s34_medium,10,27,10.9,-0.7771620154380798,0.5033617715435913
BH_s34_medium,10,28,10.933333333333334,-0.7771620154380798,0.8673446890916771
BH_s34_medium,10,29,10.966666666666667,-0.7771620154380798,1.1260196831453948
BH_s34_medium,10,30,11.0,-0.7771620154380798,1.2401079376986486
BH_s34_medium,10,31,11.033333333333333,-0.7967303991317749,1.2011785415791998
BH_s34_medium,10,32,11.066666666666666,-0.8799967765808105,1.0326248995010006
BH_s34_medium,10,33,11.1,-0.9492367506027222,0.7831157286269673
BH_s34_medium,10,34,11.133333333333333,-1.0681482553482056,0.5143828874641382
BH_s34_medium,10,35,11.166666666666666,-1.2045778036117554,0.2861900227692489
BH_s34_medium,10,36,11.2,-1.3579570055007935,0.14187995431857353
BH_s34_medium,10,37,11.233333333333333,-1.2710986137390137,0.09799494623687802
BH_s34_medium,10,38,11.266666666666667,-0.4614139497280121,0.14085619545256645
BH_s34_medium,10,39,11.3,0.8387157320976257,0.23135278370902343
BH_s34_medium,10,40,11.333333333333334,2.081361770629883,0.316665859628339
BH_s34_medium,10,41,11.366666666666667,2.4512939453125,0.34526216631494977
BH_s34_medium,10,42,11.4,2.103797197341919,0.28046101920195526
BH_s34_medium,10,43,11.433333333333334,1.5334771871566772,0.10884271733319029
BH_s34_medium,10,44,11.466666666666667,1.0409818887710571,-0.1577278203403438
BH_s34_medium,10,45,11.5,0.7506643533706665,-0.4853195169039082
BH_s34_medium,10,46,11.533333333333333,0.611107349395752,-0.8244578141192842
BH_s34_medium,10,47,11.566666666666666,0.6167090535163879,-1.1186400627368907
BH_s34_medium,10,48,11.6,0.6625247001647949,-1.314420235315024
BH_s34_medium,10,49,11.633333333333333,0.6033955216407776,-1.3725815348321946
BH_s34_medium,10,50,11.666666666666666,0.39350590109825134,-1.2785273253329368
BH_s34_medium,10,51,11.7,0.03918595239520073,-1.048270573024701
BH_s34_medium,10,52,11.733333333333333,-0.3181169629096985,-0.726030872523817
BH_s34_medium,10,53,11.766666666666667,-0.5722209215164185,-0.37200792990025433
BH_s34_medium,10,54,11.8,-0.7761446237564087,-0.043973339488575604
BH_s34_medium,10,55,11.833333333333334,-0.8285793662071228,0.2195352430941124
BH_s34_medium,10,56,11.866666666666667,-0.8285793662071228,0.40683129555843994
BH_s34_medium,10,57,11.9,-0.8285793662071228,0.5286779269943286
BH_s34_medium,10,58,11.933333333333334,-0.8799967765808105,0.6056378562486838
BH_s34_medium,10,59,11.966666666666667,-0.9314141273498535,0.6550496554395073
BH_s34_medium,10,60,12.0,-1.0285027027130127,0.6843542313173279
BH_s34_medium,10,61,12.033333333333333,-1.1304645538330078,0.6925508754963713
BH_s34_medium,10,62,12.066666666666666,-1.232426404953003,0.6764900593622942
BH_s34_medium,10,63,12.1,-1.334388256072998,0.6366185099796662
BH_s34_medium,10,64,12.133333333333333,-1.4363501071929932,0.5785888933821243
BH_s34_medium,10,65,12.166666666666666,-1.4556987285614014,0.5107429482986394
BH_s34_medium,10,66,12.2,-0.8760154247283936,0.4400385272614166
BH_s34_medium,10,67,12.233333333333333,0.3541363477706909,0.3693817698682825
BH_s34_medium,10,68,12.266666666666667,1.8211629390716553,0.2978879344151207
BH_s34_medium,10,69,12.3,2.6133928298950195,0.22338024867977055
BH_s34_medium,10,70,12.333333333333334,2.556976556777954,0.1448319598423488
BH_s34_medium,10,71,12.366666666666667,2.0400490760803223,0.06271790217000035
BH_s34_medium,10,72,12.4,1.5500876903533936,-0.02266068450245469
BH_s34_medium,10,73,12.433333333333334,1.210886836051941,-0.11286914409761821
BH_s34_medium,10,74,12.466666666666667,1.040413498878479,-0.21107073882481306
BH_s34_medium,10,75,12.5,0.8870342373847961,-0.31942429164183034
BH_s34_medium,10,76,12.533333333333333,0.785072386264801,-0.43549089377537836
BH_s34_medium,10,77,12.566666666666666,0.7036963105201721,-0.549813621248289
BH_s34_medium,10,78,12.6,0.5511900186538696,-0.6464151954170859
BH_s34_medium,10,79,12.633333333333333,0.23767748475074768,-0.7065434405971568
BH_s34_medium,10,80,12.666666666666666,-0.09053970873355865,-0.7143212651465202
BH_s34_medium,10,81,12.7,-0.4237651526927948,-0.6620104284065257
BH_s34_medium,10,82,12.733333333333333,-0.6758437752723694,-0.5529111927422536
BH_s34_medium,10,83,12.766666666666667,-0.8541734218597412,-0.40104034979193237
BH_s34_medium,10,84,12.8,-0.9047179222106934,-0.22790497062030662
BH_s34_medium,10,85,12.833333333333334,-0.9314141273498535,-0.05761842397182177
BH_s34_medium,10,86,12.866666666666667,-0.9314141273498535,0.08791202027131177
BH_s34_medium,10,87,12.9,-0.9828315377235413,0.19244112757906043
BH_s34_medium,10,88,12.933333333333334,-1.0554783344268799,0.24748152507572563
BH_s34_medium,10,89,12.966666666666667,-1.157440185546875,0.25383928925712146
BH_s34_medium,10,90,13.0,-1.2788857221603394,0.2227350809272025
BH_s34_medium,10,91,13.033333333333333,-1.4127812385559082,0.17532892910891937
BH_s34_medium,10,92,13.066666666666666,-1.5147430896759033,0.13896559592892088
BH_s34_medium,10,93,13.1,-1.6167049407958984,0.13964128278812782
BH_s34_medium,10,94,13.133333333333333,-1.6032816171646118,0.19266888199637192
BH_s34_medium,10,95,13.166666666666666,-0.9193568229675293,0.29551839744949343
BH_s34_medium,10,96,13.2,0.36204278469085693,0.42661840203384455
BH_s34_medium,10,97,13.233333333333333,1.786560297012329,0.5513303101222807
BH_s34_medium,10,98,13.266666666666667,2.5135505199432373,0.6327087737391626
BH_s34_medium,10,99,13.3,2.35257887840271,0.6424224536355976
BH_s34_medium,10,100,13.333333333333334,1.7805978059768677,0.5678213413792788
BH_s34_medium,10,101,13.366666666666667,1.1885898113250732,0.4136031120284202
BH_s34_medium,10,102,13.4,0.7987596392631531,0.19891420304799343
BH_s34_medium,10,103,13.433333333333334,0.6543890237808228,-0.04802192172535343
BH_s34_medium,10,104,13.466666666666667,0.6183701157569885,-0.2956527002667766
BH_s34_medium,10,105,13.5,0.6689145565032959,-0.5139255853514296
BH_s34_medium,10,106,13.533333333333333,0.7084251642227173,-0.6778598290484943
BH_s34_medium,10,107,13.566666666666666,0.5457578897476196,-0.770162654434313
BH_s34_medium,10,108,13.6,0.18468382954597473,-0.7832791734923696
BH_s34_medium,10,109,13.633333333333333,-0.12032879143953323,-0.7207590888838631
BH_s34_medium,10,110,13.666666666666666,-0.47473353147506714,-0.597086149733166
BH_s34_medium,10,111,13.7,-0.7268969416618347,-0.43497321855042614
BH_s34_medium,10,112,13.733333333333333,-0.8285793662071228,-0.26007821862716257
BH_s34_medium,10,113,13.766666666666667,-0.8285793662071228,-0.09464402875852149
BH_s34_medium,10,114,13.8,-0.8285793662071228,0.04737787473213648
BH_s34_medium,10,115,13.833333333333334,-0.877657413482666,0.16160173119260102
BH_s34_medium,10,116,13.866666666666667,-0.9282019138336182,0.25074381439456356
BH_s34_medium,10,117,13.9,-0.9787463545799255,0.32034498556307545
BH_s34_medium,10,118,13.933333333333334,-1.0807082653045654,0.3751843099456449
BH_s34_medium,10,119,13.966666666666667,-1.2340874671936035,0.41778995341113134
BH_s34_medium,10,120,14.0,-1.3360493183135986,0.4486518138995681
BH_s34_medium,10,121,14.033333333333333,-1.4894285202026367,0.4667665364064903
BH_s34_medium,10,122,14.066666666666666,-1.4540376663208008,0.46975174940421294
BH_s34_medium,10,123,14.1,-0.6226243376731873,0.4539179412290674
BH_s34_medium,10,124,14.133333333333333,0.6638431549072266,0.41500566408898865
BH_s34_medium,10,125,14.166666666666666,2.0208067893981934,0.3496280112426232
BH_s34_medium,10,126,14.2,2.5016090869903564,0.25658679457772865
BH_s34_medium,10,127,14.233333333333333,2.217700481414795,0.13719919177650924
BH_s34_medium,10,128,14.266666666666667,1.618743658065796,-0.005150668631175361
BH_s34_medium,10,129,14.3,1.0806870460510254,-0.16505311175685525
BH_s34_medium,10,130,14.333333333333334,0.7088239789009094,-0.33387541413707306
BH_s34_medium,10,131,14.366666666666667,0.611107349395752,-0.49785104239722744
BH_s34_medium,10,132,14.4,0.611107349395752,-0.6371926456245917
BH_s34_medium,10,133,14.433333333333334,0.6958902478218079,-0.7280489090994051
BH_s34_medium,10,134,14.466666666666667,0.6814494729042053,-0.7478208612442062
BH_s34_medium,10,135,14.5,0.44503316283226013,-0.6824163939739776
BH_s34_medium,10,136,14.533333333333333,0.07678112387657166,-0.5325964773415771
BH_s34_medium,10,137,14.566666666666666,-0.2497750073671341,-0.31641973028137155
BH_s34_medium,10,138,14.6,-0.5556605458259583,-0.06612740190169879
BH_s34_medium,10,139,14.633333333333333,-0.7538726329803467,0.17976435783737735
BH_s34_medium,10,140,14.666666666666666,-0.7771620154380798,0.38599926856888156
BH_s34_medium,10,141,14.7,-0.7771620154380798,0.5279052380489833
BH_s34_medium,10,142,14.733333333333333,-0.8026712536811829,0.5944178445285963
BH_s34_medium,10,143,14.766666666666667,-0.8285793662071228,0.587308457923623
BH_s34_medium,10,144,14.8,-0.9037601947784424,0.5185286555946473
BH_s34_medium,10,145,14.833333333333334,-0.9543046355247498,0.4072360827680543
BH_s34_medium,10,146,14.866666666666667,-1.0562665462493896,0.27673538104050643
BH_s34_medium,10,147,14.9,-1.2096457481384277,0.1506881272983307
BH_s34_medium,10,148,14.933333333333334,-1.3116075992584229,0.04844424378558859
BH_s34_medium,10,149,14.966666666666667,-1.413569450378418,-0.01931390549042728
BH_s34_medium,10,150,15.0,-1.4784793853759766,-0.05254472485348815
BH_s34_medium,10,151,15.033333333333333,-1.0119708776474,-0.059991290002563154
BH_s34_medium,10,152,15.066666666666666,0.21224001049995422,-0.05416155096290828
BH_s34_medium,10,153,15.1,1.6405787467956543,-0.04593945837688333
BH_s34_medium,10,154,15.133333333333333,2.5586533546447754,-0.04201449456213538
BH_s34_medium,10,155,15.166666666666666,2.5083224773406982,-0.04626799496137039
BH_s34_medium,10,156,15.2,2.0224809646606445,-0.06289584853757409
BH_s34_medium,10,157,15.233333333333333,1.4231252670288086,-0.0974321941249523
BH_s34_medium,10,158,15.266666666666667,1.0392359495162964,-0.15384314481906408
BH_s34_medium,10,159,15.3,0.857524573802948,-0.2295171997388161
BH_s34_medium,10,160,15.333333333333334,0.8069800734519958,-0.31206760174113385
BH_s34_medium,10,161,15.366666666666667,0.7653594613075256,-0.38097655540965547
BH_s34_medium,10,162,15.4,0.7573085427284241,-0.4139871374826531
BH_s34_medium,10,163,15.433333333333334,0.59675133228302,-0.3951735564509844
BH_s34_medium,10,164,15.466666666666667,0.3288000822067261,-0.32086790155448836
BH_s34_medium,10,165,15.5,-0.022197749465703964,-0.20103512491972386
BH_s34_medium,10,166,15.533333333333333,-0.3280832767486572,-0.05595996647040404
BH_s34_medium,10,167,15.566666666666666,-0.578865110874176,0.09001824826599215
BH_s34_medium,10,168,15.6,-0.7285580039024353,0.21522573420034366
BH_s34_medium,10,169,15.633333333333333,-0.7791025042533875,0.3055983997289096
BH_s34_medium,10,170,15.666666666666666,-0.8285793662071228,0.35650101272314255
BH_s34_medium,10,171,15.7,-0.8287740349769592,0.37135127281647773
BH_s34_medium,10,172,15.733333333333333,-0.8799967765808105,0.35831211228845994
BH_s34_medium,10,173,15.766666666666667,-0.9314141273498535,0.3269373557353067
BH_s34_medium,10,174,15.8,-1.0318248271942139,0.28610710666908595
BH_s34_medium,10,175,15.833333333333334,-1.133786678314209,0.2433649106894288
BH_s34_medium,10,176,15.866666666666667,-1.235748529434204,0.2047894642390938
BH_s34_medium,10,177,15.9,-1.3377103805541992,0.1744676760937474
BH_s34_medium,10,178,15.933333333333334,-1.4396722316741943,0.15348460517592238
BH_s34_medium,10,179,15.966666666666667,-1.4970053434371948,0.13928518489980188
BH_s34_medium,10,180,16.0,-0.8461164832115173,0.12638833058243454
BH_s34_medium,10,181,16.033333333333335,0.3544408679008484,0.1085395448142936
BH_s34_medium,10,182,16.066666666666666,1.722827672958374,0.08107919273245227
BH_s34_medium,10,183,16.1,2.4312920570373535,0.041791384908281555
BH_s34_medium,10,184,16.133333333333333,2.249659299850464,-0.010493383923614895
BH_s34_medium,10,185,16.166666666666668,1.6722209453582764,-0.07842608991264359
BH_s34_medium,10,186,16.2,1.1383593082427979,-0.16738613548096096
BH_s34_medium,10,187,16.233333333333334,0.7552582025527954,-0.2833705034726876
BH_s34_medium,10,188,16.266666666666666,0.611107349395752,-0.4275086686087033
BH_s34_medium,10,189,16.3,0.611107349395752,-0.589737619575094
BH_s34_medium,10,190,16.333333333333332,0.6625247001647949,-0.7455396044862586
BH_s34_medium,10,191,16.366666666666667,0.6283710598945618,-0.858796855485928
BH_s34_medium,10,192,16.4,0.4931284189224243,-0.890956313252624
BH_s34_medium,10,193,16.433333333333334,0.1539621353149414,-0.8134536996990261
BH_s34_medium,10,194,16.466666666666665,-0.1834583282470703,-0.6186060120189321
BH_s34_medium,10,195,16.5,-0.5092263221740723,-0.3248180193352592
BH_s34_medium,10,196,16.533333333333335,-0.7555336952209473,0.025555509154643444
BH_s34_medium,10,197,16.566666666666666,-0.8799967765808105,0.37481140725245055
BH_s34_medium,10,198,16.6,-0.9314141273498535,0.6628013527047903
BH_s34_medium,10,199,16.633333333333333,-0.9314141273498535,0.8412010154490137
BH_s34_medium,10,200,16.666666666666668,-0.9314141273498535,0.8852588010117524
BH_s34_medium,10,201,16.7,-0.9568386077880859,0.7994022793780572
BH_s34_medium,10,202,16.733333333333334,-1.034248948097229,0.6154766237978753
BH_s34_medium,10,203,16.766666666666666,-1.1093449592590332,0.3849128573979187
BH_s34_medium,10,204,16.8,-1.2341125011444092,0.16683057292982453
BH_s34_medium,10,205,16.833333333333332,-1.3646860122680664,0.014017173801676986
BH_s34_medium,10,206,16.866666666666667,-1.4666478633880615,-0.040509031149182265
BH_s34_medium,10,207,16.9,-1.5686097145080566,0.007453956868665043
BH_s34_medium,10,208,16.933333333333334,-1.5418978929519653,0.13229903934231982
BH_s34_medium,10,209,16.966666666666665,-0.77997887134552,0.2868715084396604
BH_s34_medium,10,210,17.0,0.49714091420173645,0.41705819253031856
BH_s34_medium,10,211,17.033333333333335,1.806408166885376,0.4769877698810857
BH_s34_medium,10,212,17.066666666666666,2.343475818634033,0.4399029553056178
BH_s34_medium,10,213,17.1,2.063931941986084,0.302723309367165
BH_s34_medium,10,214,17.133333333333333,1.4007434844970703,0.084853177382853
BH_s34_medium,10,215,17.166666666666668,0.8021759986877441,-0.17712251300131854
BH_s34_medium,10,216,17.2,0.3807763457298279,-0.43727294412475726
BH_s34_medium,10,217,17.233333333333334,0.3026030361652374,-0.6494997759351615
BH_s34_medium,10,218,17.266666666666666,0.4160226881504059,-0.7768966514628359
BH_s34_medium,10,219,17.3,0.5694019198417664,-0.7997149922314201
BH_s34_medium,10,220,17.333333333333332,0.6022682785987854,-0.7199504113487304
BH_s34_medium,10,221,17.366666666666667,0.4329567849636078,-0.5607327613474246
BH_s34_medium,10,222,17.4,0.07565385848283768,-0.35987528794854556
BH_s34_medium,10,223,17.433333333333334,-0.2878693640232086,-0.15910215836650451
BH_s34_medium,10,224,17.466666666666665,-0.6336045861244202,0.0072653387704115
BH_s34_medium,10,225,17.5,-0.8330538272857666,0.11988360382956081
BH_s34_medium,10,226,17.533333333333335,-0.8799967765808105,0.17605231334777138
BH_s34_medium,10,227,17.566666666666666,-0.8772681355476379,0.1862219698388189
BH_s34_medium,10,228,17.6,-0.8285793662071228,0.16768893450709324
BH_s34_medium,10,229,17.633333333333333,-0.8295621871948242,0.13800579964946585
BH_s34_medium,10,230,17.666666666666668,-0.8801066279411316,0.1101805167834594
BH_s34_medium,10,231,17.7,-0.9820684790611267,0.09078845140935234
BH_s34_medium,10,232,17.733333333333334,-1.084030270576477,0.08077871520776007
BH_s34_medium,10,233,17.766666666666666,-1.1859921216964722,0.07775574254621874
BH_s34_medium,10,234,17.8,-1.2879539728164673,0.07842646475445321
BH_s34_medium,10,235,17.833333333333332,-1.441333293914795,0.08037180671447004
BH_s34_medium,10,236,17.866666666666667,-1.1164320707321167,0.0827537008064789
BH_s34_medium,10,237,17.9,-0.07790791243314743,0.0859558865417485
BH_s34_medium,10,238,17.933333333333334,1.2861394882202148,0.09058379091761176
BH_s34_medium,10,239,17.966666666666665,2.2099852561950684,0.0965279906902778
BH_s34_medium,11,0,11.0,-0.7771620154380798,0.17324463246239208
BH_s34_medium,11,1,11.033333333333333,-0.7967303991317749,0.07019923318858551
BH_s34_medium,11,2,11.066666666666666,-0.8799967765808105,-0.02313725997494146
BH_s34_medium,11,3,11.1,-0.9492367506027222,-0.08870268669316055
BH_s34_medium,11,4,11.133333333333333,-1.0681482553482056,-0.10452574622197358
BH_s34_medium,11,5,11.166666666666666,-1.2045778036117554,-0.04903886104041869
BH_s34_medium,11,6,11.2,-1.3579570055007935,0.09037421404703358
BH_s34_medium,11,7,11.233333333333333,-1.2710986137390137,0.30773631568449056
BH_s34_medium,11,8,11.266666666666667,-0.4614139497280121,0.5728879624289451
BH_s34_medium,11,9,11.3,0.8387157320976257,0.8344478567581779
BH_s34_medium,11,10,11.333333333333334,2.081361770629883,1.0318451556111008
BH_s34_medium,11,11,11.366666666666667,2.4512939453125,1.1121098772932538
BH_s34_medium,11,12,11.4,2.103797197341919,1.0446579040042776
BH_s34_medium,11,13,11.433333333333334,1.5334771871566772,0.8286147728605465
BH_s34_medium,11,14,11.466666666666667,1.0409818887710571,0.49131144096434026
BH_s34_medium,11,15,11.5,0.7506643533706665,0.08048396709113714
BH_s34_medium,11,16,11.533333333333333,0.611107349395752,-0.3460476269246452
BH_s34_medium,11,17,11.566666666666666,0.6167090535163879,-0.730572318744589
BH_s34_medium,11,18,11.6,0.6625247001647949,-1.024607468099101
BH_s34_medium,11,19,11.633333333333333,0.6033955216407776,-1.196762313269949
BH_s34_medium,11,20,11.666666666666666,0.39350590109825134,-1.2385019197391327
BH_s34_medium,11,21,11.7,0.03918595239520073,-1.1657331864749099
BH_s34_medium,11,22,11.733333333333333,-0.3181169629096985,-1.0138776625677395
BH_s34_medium,11,23,11.766666666666667,-0.5722209215164185,-0.8261154570256439
BH_s34_medium,11,24,11.8,-0.7761446237564087,-0.6384237232740771
BH_s34_medium,11,25,11.833333333333334,-0.8285793662071228,-0.46811004253195115
BH_s34_medium,11,26,11.866666666666667,-0.8285793662071228,-0.31188570091118767
BH_s34_medium,11,27,11.9,-0.8285793662071228,-0.15467003809198251
BH_s34_medium,11,28,11.933333333333334,-0.8799967765808105,0.016256093672813027
BH_s34_medium,11,29,11.966666666666667,-0.9314141273498535,0.20055552754396536
BH_s34_medium,11,30,12.0,-1.0285027027130127,0.3836669209379236
BH_s34_medium,11,31,12.033333333333333,-1.1304645538330078,0.5447629437451381
BH_s34_medium,11,32,12.066666666666666,-1.232426404953003,0.66800177412635
BH_s34_medium,11,33,12.1,-1.334388256072998,0.7499974730979589
BH_s34_medium,11,34,12.133333333333333,-1.4363501071929932,0.7996560036126436
BH_s34_medium,11,35,12.166666666666666,-1.4556987285614014,0.8314032549491568
BH_s34_medium,11,36,12.2,-0.8760154247283936,0.8560797554754396
BH_s34_medium,11,37,12.233333333333333,0.3541363477706909,0.8742796183993972
BH_s34_medium,11,38,12.266666666666667,1.8211629390716553,0.8751860905778297
BH_s34_medium,11,39,12.3,2.6133928298950195,0.8410457396929436
BH_s34_medium,11,40,12.333333333333334,2.556976556777954,0.7546889916136179
BH_s34_medium,11,41,12.366666666666667,2.0400490760803223,0.6063863162572601
BH_s34_medium,11,42,12.4,1.5500876903533936,0.397363685486637
BH_s34_medium,11,43,12.433333333333334,1.210886836051941,0.13943999361053536
BH_s34_medium,11,44,12.466666666666667,1.040413498878479,-0.14800543925904067
BH_s34_medium,11,45,12.5,0.8870342373847961,-0.44187775541988533
BH_s34_medium,11,46,12.533333333333333,0.785072386264801,-0.7185660727136431
BH_s34_medium,11,47,12.566666666666666,0.7036963105201721,-0.9560186278676048
BH_s34_medium,11,48,12.6,0.5511900186538696,-1.1351467948131733
BH_s34_medium,11,49,12.633333333333333,0.23767748475074768,-1.241399474810046
BH_s34_medium,11,50,12.666666666666666,-0.09053970873355865,-1.2669834478522954
BH_s34_medium,11,51,12.7,-0.4237651526927948,-1.2132263645186445
BH_s34_medium,11,52,12.733333333333333,-0.6758437752723694,-1.0915477938908555
BH_s34_medium,11,53,12.766666666666667,-0.8541734218597412,-0.9213106534302048
BH_s34_medium,11,54,12.8,-0.9047179222106934,-0.7240700355042841
BH_s34_medium,11,55,12.833333333333334,-0.9314141273498535,-0.5161676035306253
BH_s34_medium,11,56,12.866666666666667,-0.9314141273498535,-0.3038065237286114
BH_s34_medium,11,57,12.9,-0.9828315377235413,-0.08424693386835788
BH_s34_medium,11,58,12.933333333333334,-1.0554783344268799,0.14715658021125827
BH_s34_medium,11,59,12.966666666666667,-1.157440185546875,0.388643329161182
BH_s34_medium,11,60,13.0,-1.2788857221603394,0.6280464524832876
BH_s34_medium,11,61,13.033333333333333,-1.4127812385559082,0.8456861440905533
BH_s34_medium,11,62,13.066666666666666,-1.5147430896759033,1.0218231644324807
BH_s34_medium,11,63,13.1,-1.6167049407958984,1.1433809279009919
BH_s34_medium,11,64,13.133333333333333,-1.6032816171646118,1.2060096898891826
BH_s34_medium,11,65,13.166666666666666,-0.9193568229675293,1.2114531680125447
BH_s34_medium,11,66,13.2,0.36204278469085693,1.1632084205982236
BH_s34_medium,11,67,13.233333333333333,1.786560297012329,1.0638425464367387
BH_s34_medium,11,68,13.266666666666667,2.5135505199432373,0.915282974815942
BH_s34_medium,11,69,13.3,2.35257887840271,0.7208787224058602
BH_s34_medium,11,70,13.333333333333334,1.7805978059768677,0.4870132589908164
BH_s34_medium,11,71,13.366666666666667,1.1885898113250732,0.22289850616523005
BH_s34_medium,11,72,13.4,0.7987596392631531,-0.061048041248170704
BH_s34_medium,11,73,13.433333333333334,0.6543890237808228,-0.3545951830286427
BH_s34_medium,11,74,13.466666666666667,0.6183701157569885,-0.6474265489939873
BH_s34_medium,11,75,13.5,0.6689145565032959,-0.9270639882126641
BH_s34_medium,11,76,13.533333333333333,0.7084251642227173,-1.176226778311316
BH_s34_medium,11,77,13.566666666666666,0.5457578897476196,-1.3716880620473184
BH_s34_medium,11,78,13.6,0.18468382954597473,-1.4865449628638803
BH_s34_medium,11,79,13.633333333333333,-0.12032879143953323,-1.4964106515744615
BH_s34_medium,11,80,13.666666666666666,-0.47473353147506714,-1.3877204878312375
BH_s34_medium,11,81,13.7,-0.7268969416618347,-1.1644684428876353
BH_s34_medium,11,82,13.733333333333333,-0.8285793662071228,-0.849670817539418
BH_s34_medium,11,83,13.766666666666667,-0.8285793662071228,-0.4801610008115749
BH_s34_medium,11,84,13.8,-0.8285793662071228,-0.09691600155232091
BH_s34_medium,11,85,13.833333333333334,-0.877657413482666,0.26455454750098045
BH_s34_medium,11,86,13.866666666666667,-0.9282019138336182,0.5799262270637684
BH_s34_medium,11,87,13.9,-0.9787463545799255,0.8367163757030667
BH_s34_medium,11,88,13.933333333333334,-1.0807082653045654,1.0311942567992494
BH_s34_medium,11,89,13.966666666666667,-1.2340874671936035,1.1640511625672076
BH_s34_medium,11,90,14.0,-1.3360493183135986,1.2370811091663734
BH_s34_medium,11,91,14.033333333333333,-1.4894285202026367,1.2517793349669661
BH_s34_medium,11,92,14.066666666666666,-1.4540376663208008,1.2092138866620228
BH_s34_medium,11,93,14.1,-0.6226243376731873,1.1100166890340832
BH_s34_medium,11,94,14.133333333333333,0.6638431549072266,0.9542631944656786
BH_s34_medium,11,95,14.166666666666666,2.0208067893981934,0.7420020914460084
BH_s34_medium,11,96,14.2,2.5016090869903564,0.47496213692572564
BH_s34_medium,11,97,14.233333333333333,2.217700481414795,0.15904411143298744
BH_s34_medium,11,98,14.266666666666667,1.618743658065796,-0.19329948314629683
BH_s34_medium,11,99,14.3,1.0806870460510254,-0.5616362898759402
BH_s34_medium,11,100,14.333333333333334,0.7088239789009094,-0.9176457083855878
BH_s34_medium,11,101,14.366666666666667,0.611107349395752,-1.2270139881939532
BH_s34_medium,11,102,14.4,0.611107349395752,-1.4531792878887952
BH_s34_medium,11,103,14.433333333333334,0.6958902478218079,-1.5627937096006537
BH_s34_medium,11,104,14.466666666666667,0.6814494729042053,-1.5324795690334254
BH_s34_medium,11,105,14.5,0.44503316283226013,-1.3556697280762773
BH_s34_medium,11,106,14.533333333333333,0.07678112387657166,-1.047186775807167
BH_s34_medium,11,107,14.566666666666666,-0.2497750073671341,-0.6429403971507522
BH_s34_medium,11,108,14.6,-0.5556605458259583,-0.19363908038666697
BH_s34_medium,11,109,14.633333333333333,-0.7538726329803467,0.2459069485427419
BH_s34_medium,11,110,14.666666666666666,-0.7771620154380798,0.6280699088571637
BH_s34_medium,11,111,14.7,-0.7771620154380798,0.920236597989862
BH_s34_medium,11,112,14.733333333333333,-0.8026712536811829,1.1073031473687553
BH_s34_medium,11,113,14.766666666666667,-0.8285793662071228,1.1897635413684082
BH_s34_medium,11,114,14.8,-0.9037601947784424,1.1797696730849376
BH_s34_medium,11,115,14.833333333333334,-0.9543046355247498,1.0970832975392597
BH_s34_medium,11,116,14.866666666666667,-1.0562665462493896,0.965319079218759
BH_s34_medium,11,117,14.9,-1.2096457481384277,0.8078619736174174
BH_s34_medium,11,118,14.933333333333334,-1.3116075992584229,0.6433425194768009
BH_s34_medium,11,119,14.966666666666667,-1.413569450378418,0.4819834524386925
BH_s34_medium,11,120,15.0,-1.4784793853759766,0.3249967029532128
BH_s34_medium,11,121,15.033333333333333,-1.0119708776474,0.1681876147792854
BH_s34_medium,11,122,15.066666666666666,0.21224001049995422,0.008124954154310544
BH_s34_medium,11,123,15.1,1.6405787467956543,-0.1530819385842932
BH_s34_medium,11,124,15.133333333333333,2.5586533546447754,-0.30790273265200035
BH_s34_medium,11,125,15.166666666666666,2.5083224773406982,-0.44854128066076454
BH_s34_medium,11,126,15.2,2.0224809646606445,-0.5731270063504305
BH_s34_medium,11,127,15.233333333333333,1.4231252670288086,-0.6876765625896447
BH_s34_medium,11,128,15.266666666666667,1.0392359495162964,-0.801797053373053
BH_s34_medium,11,129,15.3,0.857524573802948,-0.92069544384817
BH_s34_medium,11,130,15.333333333333334,0.8069800734519958,-1.0380844324842409
BH_s34_medium,11,131,15.366666666666667,0.7653594613075256,-1.1336000304951095
BH_s34_medium,11,132,15.4,0.7573085427284241,-1.1760148744441203
BH_s34_medium,11,133,15.433333333333334,0.59675133228302,-1.1313816646102541
BH_s34_medium,11,134,15.466666666666667,0.3288000822067261,-0.9739641331623403
BH_s34_medium,11,135,15.5,-0.022197749465703964,-0.69694854252591
BH_s34_medium,11,136,15.533333333333333,-0.3280832767486572,-0.3191707253403284
BH_s34_medium,11,137,15.566666666666666,-0.578865110874176,0.1155407369227413
BH_s34_medium,11,138,15.6,-0.7285580039024353,0.5474588255966425
BH_s34_medium,11,139,15.633333333333333,-0.7791025042533875,0.9160544361764493
BH_s34_medium,11,140,15.666666666666666,-0.8285793662071228,1.1757973829507764
BH_s34_medium,11,141,15.7,-0.8287740349769592,1.3067009556008655
BH_s34_medium,11,142,15.733333333333333,-0.8799967765808105,1.3157825433903387
BH_s34_medium,11,143,15.766666666666667,-0.9314141273498535,1.229660721097643
BH_s34_medium,11,144,15.8,-1.0318248271942139,1.0825036805835964
BH_s34_medium,11,145,15.833333333333334,-1.133786678314209,0.9051888591298534
BH_s34_medium,11,146,15.866666666666667,-1.235748529434204,0.7197815773843411
BH_s34_medium,11,147,15.9,-1.3377103805541992,0.5396693495208933
BH_s34_medium,11,148,15.933333333333334,-1.4396722316741943,0.3724542049935672
BH_s34_medium,11,149,15.966666666666667,-1.4970053434371948,0.22209835040221998
BH_s34_medium,11,150,16.0,-0.8461164832115173,0.08902416686427628
BH_s34_medium,11,151,16.033333333333335,0.3544408679008484,-0.030543970178958643
BH_s34_medium,11,152,16.066666666666666,1.722827672958374,-0.14417086599726836
BH_s34_medium,11,153,16.1,2.4312920570373535,-0.2612744392712252
BH_s34_medium,11,154,16.133333333333333,2.249659299850464,-0.39075802238528035
BH_s34_medium,11,155,16.166666666666668,1.6722209453582764,-0.5394124132501991
BH_s34_medium,11,156,16.2,1.1383593082427979,-0.7107396549745851
BH_s34_medium,11,157,16.233333333333334,0.7552582025527954,-0.9026359153018318
BH_s34_medium,11,158,16.266666666666666,0.611107349395752,-1.1032968402548293
BH_s34_medium,11,159,16.3,0.611107349395752,-1.2870804796763342
BH_s34_medium,11,160,16.333333333333332,0.6625247001647949,-1.4138868456838811
BH_s34_medium,11,161,16.366666666666667,0.6283710598945618,-1.4353365608684934
BH_s34_medium,11,162,16.4,0.4931284189224243,-1.3082444857059725
BH_s34_medium,11,163,16.433333333333334,0.1539621353149414,-1.0116500316905104
BH_s34_medium,11,164,16.466666666666665,-0.1834583282470703,-0.5602431325860678
BH_s34_medium,11,165,16.5,-0.5092263221740723,-0.007108910543771541
BH_s34_medium,11,166,16.533333333333335,-0.7555336952209473,0.5668382180389154
BH_s34_medium,11,167,16.566666666666666,-0.8799967765808105,1.073226706999654
BH_s34_medium,11,168,16.6,-0.9314141273498535,1.4387636521271174
BH_s34_medium,11,169,16.633333333333333,-0.9314141273498535,1.6219543109571861
BH_s34_medium,11,170,16.666666666666668,-0.9314141273498535,1.6191761317457125
BH_s34_medium,11,171,16.7,-0.9568386077880859,1.4599332513432755
BH_s34_medium,11,172,16.733333333333334,-1.034248948097229,1.19490212732247
BH_s34_medium,11,173,16.766666666666666,-1.1093449592590332,0.8818318579135446
BH_s34_medium,11,174,16.8,-1.2341125011444092,0.5733716534780466
BH_s34_medium,11,175,16.833333333333332,-1.3646860122680664,0.3086765702624747
BH_s34_medium,11,176,16.866666666666667,-1.4666478633880615,0.10878545298330207
BH_s34_medium,11,177,16.9,-1.5686097145080566,-0.024751856754799854
BH_s34_medium,11,178,16.933333333333334,-1.5418978929519653,-0.10791236343279911
BH_s34_medium,11,179,16.966666666666665,-0.77997887134552,-0.16856494091471208
BH_s34_medium,11,180,17.0,0.49714091420173645,-0.2379380495311821
BH_s34_medium,11,181,17.033333333333335,1.806408166885376,-0.34145358377952495
BH_s34_medium,11,182,17.066666666666666,2.343475818634033,-0.4916130891398496
BH_s34_medium,11,183,17.1,2.063931941986084,-0.6848476760825497
BH_s34_medium,11,184,17.133333333333333,1.4007434844970703,-0.9028145974506927
BH_s34_medium,11,185,17.166666666666668,0.8021759986877441,-1.1169116626641213
BH_s34_medium,11,186,17.2,0.3807763457298279,-1.2934771692133022
BH_s34_medium,11,187,17.233333333333334,0.3026030361652374,-1.3976194157131807
BH_s34_medium,11,188,17.266666666666666,0.4160226881504059,-1.3960727496724232
BH_s34_medium,11,189,17.3,0.5694019198417664,-1.2615007979632469
BH_s34_medium,11,190,17.333333333333332,0.6022682785987854,-0.9798962070166765
BH_s34_medium,11,191,17.366666666666667,0.4329567849636078,-0.5594991107799142
BH_s34_medium,11,192,17.4,0.07565385848283768,-0.03642419914847794
BH_s34_medium,11,193,17.433333333333334,-0.2878693640232086,0.52794427966433
BH_s34_medium,11,194,17.466666666666665,-0.6336045861244202,1.0587637419922646
BH_s34_medium,11,195,17.5,-0.8330538272857666,1.4847688576038383
BH_s34_medium,11,196,17.533333333333335,-0.8799967765808105,1.7543047659635789
BH_s34_medium,11,197,17.566666666666666,-0.8772681355476379,1.8451719548302266
BH_s34_medium,11,198,17.6,-0.8285793662071228,1.7659967469194007
BH_s34_medium,11,199,17.633333333333333,-0.8295621871948242,1.5499888865017946
BH_s34_medium,11,200,17.666666666666668,-0.8801066279411316,1.2441282337700028
BH_s34_medium,11,201,17.7,-0.9820684790611267,0.8975515907238746
BH_s34_medium,11,202,17.733333333333334,-1.084030270576477,0.5523080668096381
BH_s34_medium,11,203,17.766666666666666,-1.1859921216964722,0.23815906035386944
BH_s34_medium,11,204,17.8,-1.2879539728164673,-0.02864511718559512
BH_s34_medium,11,205,17.833333333333332,-1.441333293914795,-0.24396309191490306
BH_s34_medium,11,206,17.866666666666667,-1.1164320707321167,-0.41340583182951707
BH_s34_medium,11,207,17.9,-0.07790791243314743,-0.549980598569267
BH_s34_medium,11,208,17.933333333333334,1.2861394882202148,-0.6714508086037686
BH_s34_medium,11,209,17.966666666666665,2.2099852561950684,-0.79642126467681
BH_s34_medium,11,210,18.0,2.2737021446228027,-0.9386978849910217
BH_s34_medium,11,211,18.033333333333335,1.7059005498886108,-1.1008605196646892
BH_s34_medium,11,212,18.066666666666666,1.033219814300537,-1.26927535272566
BH_s34_medium,11,213,18.1,0.501807451248169,-1.413211662666039
BH_s34_medium,11,214,18.133333333333333,0.26329663395881653,-1.489929695045088
BH_s34_medium,11,215,18.166666666666668,0.34103652834892273,-1.4556120957722898
BH_s34_medium,11,216,18.2,0.48055893182754517,-1.279433185048908
BH_s34_medium,11,217,18.233333333333334,0.6477949619293213,-0.956056301443599
BH_s34_medium,11,218,18.266666666666666,0.5394778847694397,-0.5115754932162953
BH_s34_medium,11,219,18.3,0.2656705677509308,9.240551367871008e-05
BH_s34_medium,11,220,18.333333333333332,-0.10810793936252594,0.509645947671662
BH_s34_medium,11,221,18.366666666666667,-0.46541085839271545,0.949264929957613
BH_s34_medium,11,222,18.4,-0.7389733195304871,1.267775305448196
BH_s34_medium,11,223,18.433333333333334,-0.8600295186042786,1.4391765927165514
BH_s34_medium,11,224,18.466666666666665,-0.8799967765808105,1.4630821040559072
BH_s34_medium,11,225,18.5,-0.850292444229126,1.3590867483043003
BH_s34_medium,11,226,18.533333333333335,-0.8285793662071228,1.1584959170421119
BH_s34_medium,11,227,18.566666666666666,-0.8565378189086914,0.8963184461226752
BH_s34_medium,11,228,18.6,-0.9070823192596436,0.6051569993854217
BH_s34_medium,11,229,18.633333333333333,-1.0090441703796387,0.31156437806355697
BH_s34_medium,11,230,18.666666666666668,-1.1110060214996338,0.03490110425115914
BH_s34_medium,11,231,18.7,-1.212967872619629,-0.21159781471176003
BH_s34_medium,11,232,18.733333333333334,-1.366347074508667,-0.41834485568293966
BH_s34_medium,11,233,18.766666666666666,-1.1550101041793823,-0.5768290165774543
BH_s34_medium,11,234,18.8,-0.2064812183380127,-0.6783706345934484
BH_s34_medium,11,235,18.833333333333332,1.1828210353851318,-0.7150177029394817
BH_s34_medium,11,236,18.866666666666667,2.34576153755188,-0.6822350015765227
BH_s34_medium,11,237,18.9,2.5779266357421875,-0.5820063122526694
BH_s34_medium,11,238,18.933333333333334,2.1977427005767822,-0.4247341977103409
BH_s34_medium,11,239,18.966666666666665,1.5859715938568115,-0.22892677356601085
BH_s34_medium,12,0,12.0,-1.0285027027130127,0.11592937571103498
BH_s34_medium,12,1,12.033333333333333,-1.1304645538330078,0.32029310678099926
BH_s34_medium,12,2,12.066666666666666,-1.232426404953003,0.488832012345166
BH_s34_medium,12,3,12.1,-1.334388256072998,0.6003203626712897
BH_s34_medium,12,4,12.133333333333333,-1.4363501071929932,0.6534607165596706
BH_s34_medium,12,5,12.166666666666666,-1.4556987285614014,0.6667156286529283
BH_s34_medium,12,6,12.2,-0.8760154247283936,0.6688543458044693
BH_s34_medium,12,7,12.233333333333333,0.3541363477706909,0.6835049943839812
BH_s34_medium,12,8,12.266666666666667,1.8211629390716553,0.7156395121927295
BH_s34_medium,12,9,12.3,2.6133928298950195,0.7482231170018434
BH_s34_medium,12,10,12.333333333333334,2.556976556777954,0.7513222222338702
BH_s34_medium,12,11,12.366666666666667,2.0400490760803223,0.6979847271833689
BH_s34_medium,12,12,12.4,1.5500876903533936,0.5771874579856012
BH_s34_medium,12,13,12.433333333333334,1.210886836051941,0.3968502307942058
BH_s34_medium,12,14,12.466666666666667,1.040413498878479,0.1774077525489292
BH_s34_medium,12,15,12.5,0.8870342373847961,-0.05763325055727118
BH_s34_medium,12,16,12.533333333333333,0.785072386264801,-0.28806841606830974
BH_s34_medium,12,17,12.566666666666666,0.7036963105201721,-0.4986220491044733
BH_s34_medium,12,18,12.6,0.5511900186538696,-0.6778239022037533
BH_s34_medium,12,19,12.633333333333333,0.23767748475074768,-0.8170326174912848
BH_s34_medium,12,20,12.666666666666666,-0.09053970873355865,-0.9110327035928907
BH_s34_medium,12,21,12.7,-0.4237651526927948,-0.9594022664941234
BH_s34_medium,12,22,12.733333333333333,-0.6758437752723694,-0.9665959346863663
BH_s34_medium,12,23,12.766666666666667,-0.8541734218597412,-0.9392322005452484
BH_s34_medium,12,24,12.8,-0.9047179222106934,-0.8811299467599465
BH_s34_medium,12,25,12.833333333333334,-0.9314141273498535,-0.7890126040176475
BH_s34_medium,12,26,12.866666666666667,-0.9314141273498535,-0.6527492290325819
BH_s34_medium,12,27,12.9,-0.9828315377235413,-0.4618588388398627
BH_s34_medium,12,28,12.933333333333334,-1.0554783344268799,-0.21527704171518616
BH_s34_medium,12,29,12.966666666666667,-1.157440185546875,0.07194703097355287
BH_s34_medium,12,30,13.0,-1.2788857221603394,0.3699237031741022
BH_s34_medium,12,31,13.033333333333333,-1.4127812385559082,0.6430364900740972
BH_s34_medium,12,32,13.066666666666666,-1.5147430896759033,0.8618375966537151
BH_s34_medium,12,33,13.1,-1.6167049407958984,1.0111156778158836
BH_s34_medium,12,34,13.133333333333333,-1.6032816171646118,1.0903609043871088
BH_s34_medium,12,35,13.166666666666666,-0.9193568229675293,1.1077804753050302
BH_s34_medium,12,36,13.2,0.36204278469085693,1.0725961885943045
BH_s34_medium,12,37,13.233333333333333,1.786560297012329,0.9905120027206
BH_s34_medium,12,38,13.266666666666667,2.5135505199432373,0.8641803538099274
BH_s34_medium,12,39,13.3,2.35257887840271,0.6967814860717412
BH_s34_medium,12,40,13.333333333333334,1.7805978059768677,0.495164646248005
BH_s34_medium,12,41,13.366666666666667,1.1885898113250732,0.2700230757240258
BH_s34_medium,12,42,13.4,0.7987596392631531,0.03316591913145529
BH_s34_medium,12,43,13.433333333333334,0.6543890237808228,-0.20582527965447345
BH_s34_medium,12,44,13.466666666666667,0.6183701157569885,-0.44091142103733255
BH_s34_medium,12,45,13.5,0.6689145565032959,-0.6677619501334052
BH_s34_medium,12,46,13.533333333333333,0.7084251642227173,-0.8799208491366975
BH_s34_medium,12,47,13.566666666666666,0.5457578897476196,-1.0655952853310295
BH_s34_medium,12,48,13.6,0.18468382954597473,-1.2073851152572672
BH_s34_medium,12,49,13.633333333333333,-0.12032879143953323,-1.2855111625687972
BH_s34_medium,12,50,13.666666666666666,-0.47473353147506714,-1.2830647905969197
BH_s34_medium,12,51,13.7,-0.7268969416618347,-1.190785410487888
BH_s34_medium,12,52,13.733333333333333,-0.8285793662071228,-1.0094780330839328
BH_s34_medium,12,53,13.766666666666667,-0.8285793662071228,-0.7497669267018489
BH_s34_medium,12,54,13.8,-0.8285793662071228,-0.4302393707583192
BH_s34_medium,12,55,13.833333333333334,-0.877657413482666,-0.07526988208629845
BH_s34_medium,12,56,13.866666666666667,-0.9282019138336182,0.2870795671108313
BH_s34_medium,12,57,13.9,-0.9787463545799255,0.6276105294175247
BH_s34_medium,12,58,13.933333333333334,-1.0807082653045654,0.9194225097046177
BH_s34_medium,12,59,13.966666666666667,-1.2340874671936035,1.1416980420531875
BH_s34_medium,12,60,14.0,-1.3360493183135986,1.2823999635534178
BH_s34_medium,12,61,14.033333333333333,-1.4894285202026367,1.3385726356839645
BH_s34_medium,12,62,14.066666666666666,-1.4540376663208008,1.3142811195510369
BH_s34_medium,12,63,14.1,-0.6226243376731873,1.2176155088566287
BH_s34_medium,12,64,14.133333333333333,0.6638431549072266,1.05840202554493
BH_s34_medium,12,65,14.166666666666666,2.0208067893981934,0.847299512102858
BH_s34_medium,12,66,14.2,2.5016090869903564,0.595710998250146
BH_s34_medium,12,67,14.233333333333333,2.217700481414795,0.3155025517566604
BH_s34_medium,12,68,14.266666666666667,1.618743658065796,0.018288204165313633
BH_s34_medium,12,69,14.3,1.0806870460510254,-0.2849250199344763
BH_s34_medium,12,70,14.333333333333334,0.7088239789009094,-0.5827865564515206
BH_s34_medium,12,71,14.366666666666667,0.611107349395752,-0.8613056719825352
BH_s34_medium,12,72,14.4,0.611107349395752,-1.1015152469051248
BH_s34_medium,12,73,14.433333333333334,0.6958902478218079,-1.2792889400116398
BH_s34_medium,12,74,14.466666666666667,0.6814494729042053,-1.3691157101703055
BH_s34_medium,12,75,14.5,0.44503316283226013,-1.3516276781475716
BH_s34_medium,12,76,14.533333333333333,0.07678112387657166,-1.2218422082617375
BH_s34_medium,12,77,14.566666666666666,-0.2497750073671341,-0.9935806837878238
BH_s34_medium,12,78,14.6,-0.5556605458259583,-0.6969961311861527
BH_s34_medium,12,79,14.633333333333333,-0.7538726329803467,-0.3699039818296014
BH_s34_medium,12,80,14.666666666666666,-0.7771620154380798,-0.047316403885208136
BH_s34_medium,12,81,14.7,-0.7771620154380798,0.24551969249771544
BH_s34_medium,12,82,14.733333333333333,-0.8026712536811829,0.49410177030416275
BH_s34_medium,12,83,14.766666666666667,-0.8285793662071228,0.691232907260237
BH_s34_medium,12,84,14.8,-0.9037601947784424,0.8328415628177437
BH_s34_medium,12,85,14.833333333333334,-0.9543046355247498,0.9160630485781994
BH_s34_medium,12,86,14.866666666666667,-1.0562665462493896,0.9401817072731107
BH_s34_medium,12,87,14.9,-1.2096457481384277,0.9087507974281639
BH_s34_medium,12,88,14.933333333333334,-1.3116075992584229,0.8305513145272002
BH_s34_medium,12,89,14.966666666666667,-1.413569450378418,0.718203302548923
BH_s34_medium,12,90,15.0,-1.4784793853759766,0.5851967636443438
BH_s34_medium,12,91,15.033333333333333,-1.0119708776474,0.44323564609176885
BH_s34_medium,12,92,15.066666666666666,0.21224001049995422,0.3011680593376998
BH_s34_medium,12,93,15.1,1.6405787467956543,0.16524207459158127
BH_s34_medium,12,94,15.133333333333333,2.5586533546447754,0.039456728001504196
BH_s34_medium,12,95,15.166666666666666,2.5083224773406982,-0.07485576847808434
BH_s34_medium,12,96,15.2,2.0224809646606445,-0.17971661274553244
BH_s34_medium,12,97,15.233333333333333,1.4231252670288086,-0.2800027796731921
BH_s34_medium,12,98,15.266666666666667,1.0392359495162964,-0.3808707456707708
BH_s34_medium,12,99,15.3,0.857524573802948,-0.48381091767946366
BH_s34_medium,12,100,15.333333333333334,0.8069800734519958,-0.5834097814512729
BH_s34_medium,12,101,15.366666666666667,0.7653594613075256,-0.6670051542470562
BH_s34_medium,12,102,15.4,0.7573085427284241,-0.7180487973655997
BH_s34_medium,12,103,15.433333333333334,0.59675133228302,-0.7219815388852061
BH_s34_medium,12,104,15.466666666666667,0.3288000822067261,-0.6719896035451733
BH_s34_medium,12,105,15.5,-0.022197749465703964,-0.5719077027771071
BH_s34_medium,12,106,15.533333333333333,-0.3280832767486572,-0.4348416013497373
BH_s34_medium,12,107,15.566666666666666,-0.578865110874176,-0.2781724438745965
BH_s34_medium,12,108,15.6,-0.7285580039024353,-0.11743844417923208
BH_s34_medium,12,109,15.633333333333333,-0.7791025042533875,0.03785830057063168
BH_s34_medium,12,110,15.666666666666666,-0.8285793662071228,0.1846046200903515
BH_s34_medium,12,111,15.7,-0.8287740349769592,0.32285082618064775
BH_s34_medium,12,112,15.733333333333333,-0.8799967765808105,0.4512616079169073
BH_s34_medium,12,113,15.766666666666667,-0.9314141273498535,0.56413505780106
BH_s34_medium,12,114,15.8,-1.0318248271942139,0.6517531995353165
BH_s34_medium,12,115,15.833333333333334,-1.133786678314209,0.7037305797533634
BH_s34_medium,12,116,15.866666666666667,-1.235748529434204,0.7132804692040606
BH_s34_medium,12,117,15.9,-1.3377103805541992,0.6799051761758388
BH_s34_medium,12,118,15.933333333333334,-1.4396722316741943,0.6091371051751377
BH_s34_medium,12,119,15.966666666666667,-1.4970053434371948,0.5098428262724105
BH_s34_medium,12,120,16.0,-0.8461164832115173,0.3910081420463542
BH_s34_medium,12,121,16.033333333333335,0.3544408679008484,0.25978202238448284
BH_s34_medium,12,122,16.066666666666666,1.722827672958374,0.12095398693441259
BH_s34_medium,12,123,16.1,2.4312920570373535,-0.023267271001494724
BH_s34_medium,12,124,16.133333333333333,2.249659299850464,-0.17385912271956006
BH_s34_medium,12,125,16.166666666666668,1.6722209453582764,-0.33515159356075985
BH_s34_medium,12,126,16.2,1.1383593082427979,-0.512857212503687
BH_s34_medium,12,127,16.233333333333334,0.7552582025527954,-0.7091453163853648
BH_s34_medium,12,128,16.266666666666666,0.611107349395752,-0.9163056761213055
BH_s34_medium,12,129,16.3,0.611107349395752,-1.1124578597542323
BH_s34_medium,12,130,16.333333333333332,0.6625247001647949,-1.262472384364924
BH_s34_medium,12,131,16.366666666666667,0.6283710598945618,-1.3250224909964705
BH_s34_medium,12,132,16.4,0.4931284189224243,-1.2639015831025517
BH_s34_medium,12,133,16.433333333333334,0.1539621353149414,-1.0597895834244921
BH_s34_medium,12,134,16.466666666666665,-0.1834583282470703,-0.7183518262640676
BH_s34_medium,12,135,16.5,-0.5092263221740723,-0.2718763932783345
BH_s34_medium,12,136,16.533333333333335,-0.7555336952209473,0.22609415799356983
BH_s34_medium,12,137,16.566666666666666,-0.8799967765808105,0.7115103782714826
BH_s34_medium,12,138,16.6,-0.9314141273498535,1.122978920252545
BH_s34_medium,12,139,16.633333333333333,-0.9314141273498535,1.4139323168522535
BH_s34_medium,12,140,16.666666666666668,-0.9314141273498535,1.5607037496475697
BH_s34_medium,12,141,16.7,-0.9568386077880859,1.5646111613238805
BH_s34_medium,12,142,16.733333333333334,-1.034248948097229,1.4481281098273493
BH_s34_medium,12,143,16.766666666666666,-1.1093449592590332,1.2470159940869878
BH_s34_medium,12,144,16.8,-1.2341125011444092,1.001025655671302
BH_s34_medium,12,145,16.833333333333332,-1.3646860122680664,0.7454660752479331
BH_s34_medium,12,146,16.866666666666667,-1.4666478633880615,0.5051541702714045
BH_s34_medium,12,147,16.9,-1.5686097145080566,0.2915936903227498
BH_s34_medium,12,148,16.933333333333334,-1.5418978929519653,0.10380360558885349
BH_s34_medium,12,149,16.966666666666665,-0.77997887134552,-0.06756751440372544
BH_s34_medium,12,150,17.0,0.49714091420173645,-0.23452382853212822
BH_s34_medium,12,151,17.033333333333335,1.806408166885376,-0.4067512618787305
BH_s34_medium,12,152,17.066666666666666,2.343475818634033,-0.5888264238498462
BH_s34_medium,12,153,17.1,2.063931941986084,-0.7794214977304245
BH_s34_medium,12,154,17.133333333333333,1.4007434844970703,-0.9713930717743019
BH_s34_medium,12,155,17.166666666666668,0.8021759986877441,-1.1517994815229218
BH_s34_medium,12,156,17.2,0.3807763457298279,-1.301773161597506
BH_s34_medium,12,157,17.233333333333334,0.3026030361652374,-1.397190077617845
BH_s34_medium,12,158,17.266666666666666,0.4160226881504059,-1.4115504627689532
BH_s34_medium,12,159,17.3,0.5694019198417664,-1.3218294020473573
BH_s34_medium,12,160,17.333333333333332,0.6022682785987854,-1.1162977086054127
BH_s34_medium,12,161,17.366666666666667,0.4329567849636078,-0.8014037494255556
BH_s34_medium,12,162,17.4,0.07565385848283768,-0.4040960826042097
BH_s34_medium,12,163,17.433333333333334,-0.2878693640232086,0.032522268117694535
BH_s34_medium,12,164,17.466666666666665,-0.6336045861244202,0.458972257594378
BH_s34_medium,12,165,17.5,-0.8330538272857666,0.830575162840725
BH_s34_medium,12,166,17.533333333333335,-0.8799967765808105,1.115806146236358
BH_s34_medium,12,167,17.566666666666666,-0.8772681355476379,1.2995867998089252
BH_s34_medium,12,168,17.6,-0.8285793662071228,1.3817341664825604
BH_s34_medium,12,169,17.633333333333333,-0.8295621871948242,1.3724487395025884
BH_s34_medium,12,170,17.666666666666668,-0.8801066279411316,1.2871181780444076
BH_s34_medium,12,171,17.7,-0.9820684790611267,1.1421595003686613
BH_s34_medium,12,172,17.733333333333334,-1.084030270576477,0.9527303730343216
BH_s34_medium,12,173,17.766666666666666,-1.1859921216964722,0.7322480851172275
BH_s34_medium,12,174,17.8,-1.2879539728164673,0.4929495373923234
BH_s34_medium,12,175,17.833333333333332,-1.441333293914795,0.24644735553459327
BH_s34_medium,12,176,17.866666666666667,-1.1164320707321167,0.003487046133859398
BH_s34_medium,12,177,17.9,-0.07790791243314743,-0.22731592897533087
BH_s34_medium,12,178,17.933333333333334,1.2861394882202148,-0.44132365890665753
BH_s34_medium,12,179,17.966666666666665,2.2099852561950684,-0.6391615294550065
BH_s34_medium,12,180,18.0,2.2737021446228027,-0.8257606341072204
BH_s34_medium,12,181,18.033333333333335,1.7059005498886108,-1.0058583529915746
BH_s34_medium,12,182,18.066666666666666,1.033219814300537,-1.1764837639001122
BH_s34_medium,12,183,18.1,0.501807451248169,-1.3198092983448388
BH_s34_medium,12,184,18.133333333333333,0.26329663395881653,-1.4018713460838548
BH_s34_medium,12,185,18.166666666666668,0.34103652834892273,-1.381135537474905
BH_s34_medium,12,186,18.2,0.48055893182754517,-1.2250363813651697
BH_s34_medium,12,187,18.233333333333334,0.6477949619293213,-0.92663564621982
BH_s34_medium,12,188,18.266666666666666,0.5394778847694397,-0.512297235289052
BH_s34_medium,12,189,18.3,0.2656705677509308,-0.035825676252051644
BH_s34_medium,12,190,18.333333333333332,-0.10810793936252594,0.4378944383536229
BH_s34_medium,12,191,18.366666666666667,-0.46541085839271545,0.8512680347533993
BH_s34_medium,12,192,18.4,-0.7389733195304871,1.166204561133878
BH_s34_medium,12,193,18.433333333333334,-0.8600295186042786,1.366845155513547
BH_s34_medium,12,194,18.466666666666665,-0.8799967765808105,1.4549315165700851
BH_s34_medium,12,195,18.5,-0.850292444229126,1.442766849910236
BH_s34_medium,12,196,18.533333333333335,-0.8285793662071228,1.347776096769568
BH_s34_medium,12,197,18.566666666666666,-0.8565378189086914,1.1896902394788782
BH_s34_medium,12,198,18.6,-0.9070823192596436,0.9890146350425161
BH_s34_medium,12,199,18.633333333333333,-1.0090441703796387,0.7651025747628747
BH_s34_medium,12,200,18.666666666666668,-1.1110060214996338,0.5335758866482178
BH_s34_medium,12,201,18.7,-1.212967872619629,0.30432001923779123
BH_s34_medium,12,202,18.733333333333334,-1.366347074508667,0.08132448837598621
BH_s34_medium,12,203,18.766666666666666,-1.1550101041793823,-0.13557017875420202
BH_s34_medium,12,204,18.8,-0.2064812183380127,-0.3482073794413424
BH_s34_medium,12,205,18.833333333333332,1.1828210353851318,-0.5582504953627838
BH_s34_medium,12,206,18.866666666666667,2.34576153755188,-0.7660835745287018
BH_s34_medium,12,207,18.9,2.5779266357421875,-0.9695516180727637
BH_s34_medium,12,208,18.933333333333334,2.1977427005767822,-1.1618613640263347
BH_s34_medium,12,209,18.966666666666665,1.5859715938568115,-1.3291565540259813
BH_s34_medium,12,210,19.0,1.1268669366836548,-1.4493250324839924
BH_s34_medium,12,211,19.033333333333335,0.8524566292762756,-1.4939030411736371
BH_s34_medium,12,212,19.066666666666666,0.8167768716812134,-1.4342419777978235
BH_s34_medium,12,213,19.1,0.8167768716812134,-1.2511531482973268
BH_s34_medium,12,214,19.133333333333333,0.8167768716812134,-0.9446378963980075
BH_s34_medium,12,215,19.166666666666668,0.7408676147460938,-0.5389608207524602
BH_s34_medium,12,216,19.2,0.4741534888744354,-0.07975283988147616
BH_s34_medium,12,217,19.233333333333334,0.15776784718036652,0.3764963975259791
BH_s34_medium,12,218,19.266666666666666,-0.18903496861457825,0.7763401484817759
BH_s34_medium,12,219,19.3,-0.48616623878479004,1.080903053887764
BH_s34_medium,12,220,19.333333333333332,-0.630791187286377,1.271114724863235
BH_s34_medium,12,221,19.366666666666667,-0.6743272542953491,1.3463080678333297
BH_s34_medium,12,222,19.4,-0.6743272542953491,1.3186616519818608
BH_s34_medium,12,223,19.433333333333334,-0.7257446050643921,1.206845938447107
BH_s34_medium,12,224,19.466666666666665,-0.7301343083381653,1.0313250427135678
BH_s34_medium,12,225,19.5,-0.8285793662071228,0.8120614349857863
BH_s34_medium,12,226,19.533333333333335,-0.8826406002044678,0.5679951506404066
BH_s34_medium,12,227,19.566666666666666,-0.9863733649253845,0.3171920333742136
BH_s34_medium,12,228,19.6,-1.137981653213501,0.0768807444526405
BH_s34_medium,12,229,19.633333333333333,-1.239943504333496,-0.13689117149154886
BH_s34_medium,12,230,19.666666666666668,-1.3419053554534912,-0.31007577775266243
BH_s34_medium,12,231,19.7,-1.1439666748046875,-0.43204824982737366
BH_s34_medium,12,232,19.733333333333334,-0.18868371844291687,-0.49763282581424173
BH_s34_medium,12,233,19.766666666666666,1.131632924079895,-0.5092781770652696
BH_s34_medium,12,234,19.8,2.3202428817749023,-0.47829870947122655
BH_s34_medium,12,235,19.833333333333332,2.5135505199432373,-0.42364147777702327
BH_s34_medium,12,236,19.866666666666667,2.1840555667877197,-0.36698496732509095
BH_s34_medium,12,237,19.9,1.6297870874404907,-0.32492275059120596
BH_s34_medium,12,238,19.933333333333334,1.251609444618225,-0.3019018563281097
BH_s34_medium,12,239,19.966666666666665,1.0398545265197754,-0.2884087662531629
BH_s34_medium,13,0,13.0,-1.2788857221603394,0.14164091713783528
BH_s34_medium,13,1,13.033333333333333,-1.4127812385559082,0.1880339702701508
BH_s34_medium,13,2,13.066666666666666,-1.5147430896759033,0.2691328390973819
BH_s34_medium,13,3,13.1,-1.6167049407958984,0.40709113267669217
BH_s34_medium,13,4,13.133333333333333,-1.6032816171646118,0.599143453500052
BH_s34_medium,13,5,13.166666666666666,-0.9193568229675293,0.8173388329890107
BH_s34_medium,13,6,13.2,0.36204278469085693,1.0174572298206879
BH_s34_medium,13,7,13.233333333333333,1.786560297012329,1.1532156643007945
BH_s34_medium,13,8,13.266666666666667,2.5135505199432373,1.190083038051819
BH_s34_medium,13,9,13.3,2.35257887840271,1.1139427794783363
BH_s34_medium,13,10,13.333333333333334,1.7805978059768677,0.932721904782752
BH_s34_medium,13,11,13.366666666666667,1.1885898113250732,0.67196867726448
BH_s34_medium,13,12,13.4,0.7987596392631531,0.3667171241681581
BH_s34_medium,13,13,13.433333333333334,0.6543890237808228,0.05226255537358519
BH_s34_medium,13,14,13.466666666666667,0.6183701157569885,-0.24345241927077163
BH_s34_medium,13,15,13.5,0.6689145565032959,-0.5036047213681448
BH_s34_medium,13,16,13.533333333333333,0.7084251642227173,-0.7216630021785087
BH_s34_medium,13,17,13.566666666666666,0.5457578897476196,-0.8972007537158134
BH_s34_medium,13,18,13.6,0.18468382954597473,-1.0309667669787346
BH_s34_medium,13,19,13.633333333333333,-0.12032879143953323,-1.121649074256986
BH_s34_medium,13,20,13.666666666666666,-0.47473353147506714,-1.1650731172034727
BH_s34_medium,13,21,13.7,-0.7268969416618347,-1.1549236210048108
BH_s34_medium,13,22,13.733333333333333,-0.8285793662071228,-1.0838930297308422
BH_s34_medium,13,23,13.766666666666667,-0.8285793662071228,-0.945140154284294
BH_s34_medium,13,24,13.8,-0.8285793662071228,-0.7348065734220112
BH_s34_medium,13,25,13.833333333333334,-0.877657413482666,-0.45594265026242226
BH_s34_medium,13,26,13.866666666666667,-0.9282019138336182,-0.12252839161703771
BH_s34_medium,13,27,13.9,-0.9787463545799255,0.2390208660502955
BH_s34_medium,13,28,13.933333333333334,-1.0807082653045654,0.5928433204701609
BH_s34_medium,13,29,13.966666666666667,-1.2340874671936035,0.9008101403919646
BH_s34_medium,13,30,14.0,-1.3360493183135986,1.1311575649393566
BH_s34_medium,13,31,14.033333333333333,-1.4894285202026367,1.264909109660826
BH_s34_medium,13,32,14.066666666666666,-1.4540376663208008,1.2977111331028537
BH_s34_medium,13,33,14.1,-0.6226243376731873,1.2371664983146433
BH_s34_medium,13,34,14.133333333333333,0.6638431549072266,1.0977406997295451
BH_s34_medium,13,35,14.166666666666666,2.0208067893981934,0.8958874248107173
BH_s34_medium,13,36,14.2,2.5016090869903564,0.6471888315374764
BH_s34_medium,13,37,14.233333333333333,2.217700481414795,0.3658542067246215
BH_s34_medium,13,38,14.266666666666667,1.618743658065796,0.06581383710472666
BH_s34_medium,13,39,14.3,1.0806870460510254,-0.23775657975614795
BH_s34_medium,13,40,14.333333333333334,0.7088239789009094,-0.5274645552484556
BH_s34_medium,13,41,14.366666666666667,0.611107349395752,-0.7838268323774845
BH_s34_medium,13,42,14.4,0.611107349395752,-0.986641849421202
BH_s34_medium,13,43,14.433333333333334,0.6958902478218079,-1.1175039977886358
BH_s34_medium,13,44,14.466666666666667,0.6814494729042053,-1.1631501839111518
BH_s34_medium,13,45,14.5,0.44503316283226013,-1.1189901235009434
BH_s34_medium,13,46,14.533333333333333,0.07678112387657166,-0.9916877967922598
BH_s34_medium,13,47,14.566666666666666,-0.2497750073671341,-0.7993774440601347
BH_s34_medium,13,48,14.6,-0.5556605458259583,-0.5684959825369704
BH_s34_medium,13,49,14.633333333333333,-0.7538726329803467,-0.32759812698867313
BH_s34_medium,13,50,14.666666666666666,-0.7771620154380798,-0.1003993794199978
BH_s34_medium,13,51,14.7,-0.7771620154380798,0.09892072689007471
BH_s34_medium,13,52,14.733333333333333,-0.8026712536811829,0.2664120053710723
BH_s34_medium,13,53,14.766666666666667,-0.8285793662071228,0.40554875041838806
BH_s34_medium,13,54,14.8,-0.9037601947784424,0.5228961685190013
BH_s34_medium,13,55,14.833333333333334,-0.9543046355247498,0.6242309825611598
BH_s34_medium,13,56,14.866666666666667,-1.0562665462493896,0.7120658038006704
BH_s34_medium,13,57,14.9,-1.2096457481384277,0.7845095596431069
BH_s34_medium,13,58,14.933333333333334,-1.3116075992584229,0.8351958994133534
BH_s34_medium,13,59,14.966666666666667,-1.413569450378418,0.8543897318386003
BH_s34_medium,13,60,15.0,-1.4784793853759766,0.8315824073062834
BH_s34_medium,13,61,15.033333333333333,-1.0119708776474,0.7593693959627991
BH_s34_medium,13,62,15.066666666666666,0.21224001049995422,0.6373116687908734
BH_s34_medium,13,63,15.1,1.6405787467956543,0.47381189852223043
BH_s34_medium,13,64,15.133333333333333,2.5586533546447754,0.28465957269508
BH_s34_medium,13,65,15.166666666666666,2.5083224773406982,0.08858999545637296
BH_s34_medium,13,66,15.2,2.0224809646606445,-0.09806446272806081
BH_s34_medium,13,67,15.233333333333333,1.4231252670288086,-0.2649989294872433
BH_s34_medium,13,68,15.266666666666667,1.0392359495162964,-0.40833523411361555
BH_s34_medium,13,69,15.3,0.857524573802948,-0.5282308917189606
BH_s34_medium,13,70,15.333333333333334,0.8069800734519958,-0.6255459974391231
BH_s34_medium,13,71,15.366666666666667,0.7653594613075256,-0.6996083393676727
BH_s34_medium,13,72,15.4,0.7573085427284241,-0.7481488000538875
BH_s34_medium,13,73,15.433333333333334,0.59675133228302,-0.7690274732550193
BH_s34_medium,13,74,15.466666666666667,0.3288000822067261,-0.7622874886873106
BH_s34_medium,13,75,15.5,-0.022197749465703964,-0.7309048502386684
BH_s34_medium,13,76,15.533333333333333,-0.3280832767486572,-0.6794267964480186
BH_s34_medium,13,77,15.566666666666666,-0.578865110874176,-0.6111023516460984
BH_s34_medium,13,78,15.6,-0.7285580039024353,-0.5252971521545782
BH_s34_medium,13,79,15.633333333333333,-0.7791025042533875,-0.416967337282423
BH_s34_medium,13,80,15.666666666666666,-0.8285793662071228,-0.2785972438055123
BH_s34_medium,13,81,15.7,-0.8287740349769592,-0.10367015581044245
BH_s34_medium,13,82,15.733333333333333,-0.8799967765808105,0.10940775698770072
BH_s34_medium,13,83,15.766666666666667,-0.9314141273498535,0.35370375946119464
BH_s34_medium,13,84,15.8,-1.0318248271942139,0.6115014803008896
BH_s34_medium,13,85,15.833333333333334,-1.133786678314209,0.8548312848672265
BH_s34_medium,13,86,15.866666666666667,-1.235748529434204,1.0498736671779878
BH_s34_medium,13,87,15.9,-1.3377103805541992,1.1648816187945512
BH_s34_medium,13,88,15.933333333333334,-1.4396722316741943,1.1792762687531646
BH_s34_medium,13,89,15.966666666666667,-1.4970053434371948,1.0903027687799718
BH_s34_medium,13,90,16.0,-0.8461164832115173,0.9141553492621222
BH_s34_medium,13,91,16.033333333333335,0.3544408679008484,0.680715094015139
BH_s34_medium,13,92,16.066666666666666,1.722827672958374,0.4239212360401101
BH_s34_medium,13,93,16.1,2.4312920570373535,0.17173671884367744
BH_s34_medium,13,94,16.133333333333333,2.249659299850464,-0.060411079307991486
BH_s34_medium,13,95,16.166666666666668,1.6722209453582764,-0.2706680663867595
BH_s34_medium,13,96,16.2,1.1383593082427979,-0.4666669748901324
BH_s34_medium,13,97,16.233333333333334,0.7552582025527954,-0.6584757458817015
BH_s34_medium,13,98,16.266666666666666,0.611107349395752,-0.8511612012492561
BH_s34_medium,13,99,16.3,0.611107349395752,-1.0391199734130683
BH_s34_medium,13,100,16.333333333333332,0.6625247001647949,-1.203788309854358
BH_s34_medium,13,101,16.366666666666667,0.6283710598945618,-1.3157438493232363
BH_s34_medium,13,102,16.4,0.4931284189224243,-1.3412629230655952
BH_s34_medium,13,103,16.433333333333334,0.1539621353149414,-1.2519924636229334
BH_s34_medium,13,104,16.466666666666665,-0.1834583282470703,-1.034912224703514
BH_s34_medium,13,105,16.5,-0.5092263221740723,-0.699139637581001
BH_s34_medium,13,106,16.533333333333335,-0.7555336952209473,-0.2769888340406096
BH_s34_medium,13,107,16.566666666666666,-0.8799967765808105,0.18147119949532442
BH_s34_medium,13,108,16.6,-0.9314141273498535,0.6191308510661646
BH_s34_medium,13,109,16.633333333333333,-0.9314141273498535,0.9847348630672166
BH_s34_medium,13,110,16.666666666666668,-0.9314141273498535,1.24360478695183
BH_s34_medium,13,111,16.7,-0.9568386077880859,1.3825008352394434
BH_s34_medium,13,112,16.733333333333334,-1.034248948097229,1.4078640269102765
BH_s34_medium,13,113,16.766666666666666,-1.1093449592590332,1.3396916331927653
BH_s34_medium,13,114,16.8,-1.2341125011444092,1.2041966628411274
BH_s34_medium,13,115,16.833333333333332,-1.3646860122680664,1.0274673794003704
BH_s34_medium,13,116,16.866666666666667,-1.4666478633880615,0.8310284398380077
BH_s34_medium,13,117,16.9,-1.5686097145080566,0.6294092458718898
BH_s34_medium,13,118,16.933333333333334,-1.5418978929519653,0.429646103016029
BH_s34_medium,13,119,16.966666666666665,-0.77997887134552,0.23251337282970502
BH_s34_medium,13,120,17.0,0.49714091420173645,0.034815693283857314
BH_s34_medium,13,121,17.033333333333335,1.806408166885376,-0.16815738792634238
BH_s34_medium,13,122,17.066666666666666,2.343475818634033,-0.3804366999527074
BH_s34_medium,13,123,17.1,2.063931941986084,-0.6033045927487416
BH_s34_medium,13,124,17.133333333333333,1.4007434844970703,-0.8332833742701736
BH_s34_medium,13,125,17.166666666666668,0.8021759986877441,-1.0605214042236137
BH_s34_medium,13,126,17.2,0.3807763457298279,-1.2681050677302055
BH_s34_medium,13,127,17.233333333333334,0.3026030361652374,-1.4327524916089343
BH_s34_medium,13,128,17.266666666666666,0.4160226881504059,-1.5272178641847638
BH_s34_medium,13,129,17.3,0.5694019198417664,-1.5246230510263206
BH_s34_medium,13,130,17.333333333333332,0.6022682785987854,-1.4046287137475397
BH_s34_medium,13,131,17.366666666666667,0.4329567849636078,-1.1603820236180902
BH_s34_medium,13,132,17.4,0.07565385848283768,-0.8037337002544064
BH_s34_medium,13,133,17.433333333333334,-0.2878693640232086,-0.3658423127118525
BH_s34_medium,13,134,17.466666666666665,-0.6336045861244202,0.10797871115124198
BH_s34_medium,13,135,17.5,-0.8330538272857666,0.5676127008290645
BH_s34_medium,13,136,17.533333333333335,-0.8799967765808105,0.9683200991260876
BH_s34_medium,13,137,17.566666666666666,-0.8772681355476379,1.2782765133420413
BH_s34_medium,13,138,17.6,-0.8285793662071228,1.481428247962908
BH_s34_medium,13,139,17.633333333333333,-0.8295621871948242,1.5757922414289172
BH_s34_medium,13,140,17.666666666666668,-0.8801066279411316,1.5691562973077104
BH_s34_medium,13,141,17.7,-0.9820684790611267,1.4746728621703264
BH_s34_medium,13,142,17.733333333333334,-1.084030270576477,1.3078890807006642
BH_s34_medium,13,143,17.766666666666666,-1.1859921216964722,1.0852545701015788
BH_s34_medium,13,144,17.8,-1.2879539728164673,0.8232413725365257
BH_s34_medium,13,145,17.833333333333332,-1.441333293914795,0.537279626538872
BH_s34_medium,13,146,17.866666666666667,-1.1164320707321167,0.2404325093376038
BH_s34_medium,13,147,17.9,-0.07790791243314743,-0.05759939833359781
BH_s34_medium,13,148,17.933333333333334,1.2861394882202148,-0.35046691015250736
BH_s34_medium,13,149,17.966666666666665,2.2099852561950684,-0.6338475805036
BH_s34_medium,13,150,18.0,2.2737021446228027,-0.9029613107478667
BH_s34_medium,13,151,18.033333333333335,1.7059005498886108,-1.1494948228826178
BH_s34_medium,13,152,18.066666666666666,1.033219814300537,-1.3589029996494157
BH_s34_medium,13,153,18.1,0.501807451248169,-1.5094835898215906
BH_s34_medium,13,154,18.133333333333333,0.26329663395881653,-1.5747831886706913
BH_s34_medium,13,155,18.166666666666668,0.34103652834892273,-1.5299766675720758
BH_s34_medium,13,156,18.2,0.48055893182754517,-1.360685228499167
BH_s34_medium,13,157,18.233333333333334,0.6477949619293213,-1.0706273318224393
BH_s34_medium,13,158,18.266666666666666,0.5394778847694397,-0.6842080719594922
BH_s34_medium,13,159,18.3,0.2656705677509308,-0.2422056833632041
BH_s34_medium,13,160,18.333333333333332,-0.10810793936252594,0.2078228430883309
BH_s34_medium,13,161,18.366666666666667,-0.46541085839271545,0.622187957373831
BH_s34_medium,13,162,18.4,-0.7389733195304871,0.9685529736167685
BH_s34_medium,13,163,18.433333333333334,-0.8600295186042786,1.2282890752775844
BH_s34_medium,13,164,18.466666666666665,-0.8799967765808105,1.394518811322903
BH_s34_medium,13,165,18.5,-0.850292444229126,1.4683478038828743
BH_s34_medium,13,166,18.533333333333335,-0.8285793662071228,1.4556095765045336
BH_s34_medium,13,167,18.566666666666666,-0.8565378189086914,1.365090200675776
BH_s34_medium,13,168,18.6,-0.9070823192596436,1.207886522103224
BH_s34_medium,13,169,18.633333333333333,-1.0090441703796387,0.9970429908510422
BH_s34_medium,13,170,18.666666666666668,-1.1110060214996338,0.746938893749514
BH_s34_medium,13,171,18.7,-1.212967872619629,0.4724078686994519
BH_s34_medium,13,172,18.733333333333334,-1.366347074508667,0.18769034027763457
BH_s34_medium,13,173,18.766666666666666,-1.1550101041793823,-0.09475070483954788
BH_s34_medium,13,174,18.8,-0.2064812183380127,-0.3653812246834319
BH_s34_medium,13,175,18.833333333333332,1.1828210353851318,-0.6182679386424058
BH_s34_medium,13,176,18.866666666666667,2.34576153755188,-0.8506962057473737
BH_s34_medium,13,177,18.9,2.5779266357421875,-1.0613374468296446
BH_s34_medium,13,178,18.933333333333334,2.1977427005767822,-1.2470804733426242
BH_s34_medium,13,179,18.966666666666665,1.5859715938568115,-1.3994278577835075
BH_s34_medium,13,180,19.0,1.1268669366836548,-1.5021426204122592
BH_s34_medium,13,181,19.033333333333335,0.8524566292762756,-1.5320662824013782
BH_s34_medium,13,182,19.066666666666666,0.8167768716812134,-1.4642372831189254
BH_s34_medium,13,183,19.1,0.8167768716812134,-1.2805682908803941
BH_s34_medium,13,184,19.133333333333333,0.8167768716812134,-0.9790843271819174
BH_s34_medium,13,185,19.166666666666668,0.7408676147460938,-0.5795515238295137
BH_s34_medium,13,186,19.2,0.4741534888744354,-0.1223318994283421
BH_s34_medium,13,187,19.233333333333334,0.15776784718036652,0.339883981225036
BH_s34_medium,13,188,19.266666666666666,-0.18903496861457825,0.7546065836745973
BH_s34_medium,13,189,19.3,-0.48616623878479004,1.0815876685279795
BH_s34_medium,13,190,19.333333333333332,-0.630791187286377,1.300075077330966
BH_s34_medium,13,191,19.366666666666667,-0.6743272542953491,1.4093850633694147
BH_s34_medium,13,192,19.4,-0.6743272542953491,1.423858236710393
BH_s34_medium,13,193,19.433333333333334,-0.7257446050643921,1.3651887313534536
BH_s34_medium,13,194,19.466666666666665,-0.7301343083381653,1.2551864567756494
BH_s34_medium,13,195,19.5,-0.8285793662071228,1.110930709708529
BH_s34_medium,13,196,19.533333333333335,-0.8826406002044678,0.9430805798955556
BH_s34_medium,13,197,19.566666666666666,-0.9863733649253845,0.7571309963349698
BH_s34_medium,13,198,19.6,-1.137981653213501,0.5565748268436724
BH_s34_medium,13,199,19.633333333333333,-1.239943504333496,0.34638641046821356
BH_s34_medium,13,200,19.666666666666668,-1.3419053554534912,0.13518445753559127
BH_s34_medium,13,201,19.7,-1.1439666748046875,-0.06506882280896206
BH_s34_medium,13,202,19.733333333333334,-0.18868371844291687,-0.24198749686052345
BH_s34_medium,13,203,19.766666666666666,1.131632924079895,-0.3871752810298358
BH_s34_medium,13,204,19.8,2.3202428817749023,-0.49993706604225296
BH_s34_medium,13,205,19.833333333333332,2.5135505199432373,-0.588087221707321
BH_s34_medium,13,206,19.866666666666667,2.1840555667877197,-0.6650721632131856
BH_s34_medium,13,207,19.9,1.6297870874404907,-0.7446325185421321
BH_s34_medium,13,208,19.933333333333334,1.251609444618225,-0.8355024948867966
BH_s34_medium,13,209,19.966666666666665,1.0398545265197754,-0.9382699367523619
BH_s34_medium,13,210,20.0,0.92918860912323,-1.0447481369846194
BH_s34_medium,13,211,20.033333333333335,0.8786441683769226,-1.1387590152803413
BH_s34_medium,13,212,20.066666666666666,0.8167768716812134,-1.1974632527941445
BH_s34_medium,13,213,20.1,0.6869162321090698,-1.193642156621166
BH_s34_medium,13,214,20.133333333333333,0.44464385509490967,-1.1001135720375088
BH_s34_medium,13,215,20.166666666666668,0.13875830173492432,-0.896855493029151
BH_s34_medium,13,216,20.2,-0.11570985615253448,-0.5795611104017179
BH_s34_medium,13,217,20.233333333333334,-0.3858654499053955,-0.16644723885088195
BH_s34_medium,13,218,20.266666666666666,-0.5549321174621582,0.3004106356070642
BH_s34_medium,13,219,20.3,-0.6568939685821533,0.7614636669962426
BH_s34_medium,13,220,20.333333333333332,-0.6743272542953491,1.152911845997506
BH_s34_medium,13,221,20.366666666666667,-0.7065654993057251,1.4225211086379297
BH_s34_medium,13,222,20.4,-0.7571099400520325,1.5420530118288645
BH_s34_medium,13,223,20.433333333333334,-0.8076544404029846,1.5116439880437713
BH_s34_medium,13,224,20.466666666666665,-0.9096162915229797,1.3554995186463472
BH_s34_medium,13,225,20.5,-1.01157808303833,1.1120801858194973
BH_s34_medium,13,226,20.533333333333335,-1.1135399341583252,0.8230268166568044
BH_s34_medium,13,227,20.566666666666666,-1.2155017852783203,0.5240588069598178
BH_s34_medium,13,228,20.6,-1.3174636363983154,0.23974167638186913
BH_s34_medium,13,229,20.633333333333333,-1.3941705226898193,-0.017214647780520485
BH_s34_medium,13,230,20.666666666666668,-1.1964610815048218,-0.24278890950561405
BH_s34_medium,13,231,20.7,-0.31289243698120117,-0.4364628693492476
BH_s34_medium,13,232,20.733333333333334,0.9567949771881104,-0.596444405606336
BH_s34_medium,13,233,20.766666666666666,2.0785388946533203,-0.7172862597870683
BH_s34_medium,13,234,20.8,2.3689351081848145,-0.7905220961403212
BH_s34_medium,13,235,20.833333333333332,2.053541660308838,-0.8075320518399574
BH_s34_medium,13,236,20.866666666666667,1.5114595890045166,-0.7632027749459139
BH_s34_medium,13,237,20.9,1.121883749961853,-0.6589813460265235
BH_s34_medium,13,238,20.933333333333334,0.9022129774093628,-0.5042557896194547
BH_s34_medium,13,239,20.966666666666665,0.8002511262893677,-0.3156111547571137
BH_s34_medium,14,0,14.0,-1.3360493183135986,-0.07607448659794923
BH_s34_medium,14,1,14.033333333333333,-1.4894285202026367,0.07416303229567116
BH_s34_medium,14,2,14.066666666666666,-1.4540376663208008,0.1951664485423668
BH_s34_medium,14,3,14.1,-0.6226243376731873,0.2622600060405425
BH_s34_medium,14,4,14.133333333333333,0.6638431549072266,0.259938247231237
BH_s34_medium,14,5,14.166666666666666,2.0208067893981934,0.18519113845209564
BH_s34_medium,14,6,14.2,2.5016090869903564,0.04780014444003837
BH_s34_medium,14,7,14.233333333333333,2.217700481414795,-0.13336291007856468
BH_s34_medium,14,8,14.266666666666667,1.618743658065796,-0.33636047928506896
BH_s34_medium,14,9,14.3,1.0806870460510254,-0.5409978381667156
BH_s34_medium,14,10,14.333333333333334,0.7088239789009094,-0.7299517098540368
BH_s34_medium,14,11,14.366666666666667,0.611107349395752,-0.8867001639377905
BH_s34_medium,14,12,14.4,0.611107349395752,-0.9930720459035964
BH_s34_medium,14,13,14.433333333333334,0.6958902478218079,-1.029455031753146
BH_s34_medium,14,14,14.466666666666667,0.6814494729042053,-0.9787921909927051
BH_s34_medium,14,15,14.5,0.44503316283226013,-0.8329016607573865
BH_s34_medium,14,16,14.533333333333333,0.07678112387657166,-0.5980511241251361
BH_s34_medium,14,17,14.566666666666666,-0.2497750073671341,-0.29674856036778074
BH_s34_medium,14,18,14.6,-0.5556605458259583,0.03581226204896961
BH_s34_medium,14,19,14.633333333333333,-0.7538726329803467,0.35983272766919316
BH_s34_medium,14,20,14.666666666666666,-0.7771620154380798,0.6404291100965555
BH_s34_medium,14,21,14.7,-0.7771620154380798,0.8547947125835881
BH_s34_medium,14,22,14.733333333333333,-0.8026712536811829,0.994678208641203
BH_s34_medium,14,23,14.766666666666667,-0.8285793662071228,1.0642906554964866
BH_s34_medium,14,24,14.8,-0.9037601947784424,1.0754933274910468
BH_s34_medium,14,25,14.833333333333334,-0.9543046355247498,1.0425375937951782
BH_s34_medium,14,26,14.866666666666667,-1.0562665462493896,0.9780022930200921
BH_s34_medium,14,27,14.9,-1.2096457481384277,0.8905965442544196
BH_s34_medium,14,28,14.933333333333334,-1.3116075992584229,0.7847814145223322
BH_s34_medium,14,29,14.966666666666667,-1.413569450378418,0.661839024448242
BH_s34_medium,14,30,15.0,-1.4784793853759766,0.5218776157054618
BH_s34_medium,14,31,15.033333333333333,-1.0119708776474,0.36606202119624087
BH_s34_medium,14,32,15.066666666666666,0.21224001049995422,0.19810429543944508
BH_s34_medium,14,33,15.1,1.6405787467956543,0.02414872238944452
BH_s34_medium,14,34,15.133333333333333,2.5586533546447754,-0.1490738305094896
BH_s34_medium,14,35,15.166666666666666,2.5083224773406982,-0.31690556489968735
BH_s34_medium,14,36,15.2,2.0224809646606445,-0.4786295137175097
BH_s34_medium,14,37,15.233333333333333,1.4231252670288086,-0.6371202986677199
BH_s34_medium,14,38,15.266666666666667,1.0392359495162964,-0.7959495456955765
BH_s34_medium,14,39,15.3,0.857524573802948,-0.9550220930403164
BH_s34_medium,14,40,15.333333333333334,0.8069800734519958,-1.106725540435316
BH_s34_medium,14,41,15.366666666666667,0.7653594613075256,-1.234509551554294
BH_s34_medium,14,42,15.4,0.7573085427284241,-1.314822187549529
BH_s34_medium,14,43,15.433333333333334,0.59675133228302,-1.3220166288185453
BH_s34_medium,14,44,15.466666666666667,0.3288000822067261,-1.234866423354556
BH_s34_medium,14,45,15.5,-0.022197749465703964,-1.0429390739950912
BH_s34_medium,14,46,15.533333333333333,-0.3280832767486572,-0.7511856284786065
BH_s34_medium,14,47,15.566666666666666,-0.578865110874176,-0.3814665855677902
BH_s34_medium,14,48,15.6,-0.7285580039024353,0.029781759144857534
BH_s34_medium,14,49,15.633333333333333,-0.7791025042533875,0.4377909221274442
BH_s34_medium,14,50,15.666666666666666,-0.8285793662071228,0.7985270016621137
BH_s34_medium,14,51,15.7,-0.8287740349769592,1.0781550369856037
BH_s34_medium,14,52,15.733333333333333,-0.8799967765808105,1.2596128732572718
BH_s34_medium,14,53,15.766666666666667,-0.9314141273498535,1.3437092153315737
BH_s34_medium,14,54,15.8,-1.0318248271942139,1.3446520484790734
BH_s34_medium,14,55,15.833333333333334,-1.133786678314209,1.2825560008518009
BH_s34_medium,14,56,15.866666666666667,-1.235748529434204,1.1764311752990528
BH_s34_medium,14,57,15.9,-1.3377103805541992,1.040130773975521
BH_s34_medium,14,58,15.933333333333334,-1.4396722316741943,0.8816963438525978
BH_s34_medium,14,59,15.966666666666667,-1.4970053434371948,0.7049725184503047
BH_s34_medium,14,60,16.0,-0.8461164832115173,0.5120956675443488
BH_s34_medium,14,61,16.033333333333335,0.3544408679008484,0.3057909208062376
BH_s34_medium,14,62,16.066666666666666,1.722827672958374,0.09050885158520182
BH_s34_medium,14,63,16.1,2.4312920570373535,-0.12826084715848973
BH_s34_medium,14,64,16.133333333333333,2.249659299850464,-0.3460986801255948
BH_s34_medium,14,65,16.166666666666668,1.6722209453582764,-0.5615659491020084
BH_s34_medium,14,66,16.2,1.1383593082427979,-0.7759370452237652
BH_s34_medium,14,67,16.233333333333334,0.7552582025527954,-0.9897975370568978
BH_s34_medium,14,68,16.266666666666666,0.611107349395752,-1.1975866304643696
BH_s34_medium,14,69,16.3,0.611107349395752,-1.3828854274950946
BH_s34_medium,14,70,16.333333333333332,0.6625247001647949,-1.5174612957376905
BH_s34_medium,14,71,16.366666666666667,0.6283710598945618,-1.5657368488623895
BH_s34_medium,14,72,16.4,0.4931284189224243,-1.4941657882087624
BH_s34_medium,14,73,16.433333333333334,0.1539621353149414,-1.2827730886983852
BH_s34_medium,14,74,16.466666666666665,-0.1834583282470703,-0.9347059261472671
BH_s34_medium,14,75,16.5,-0.5092263221740723,-0.47986499765648166
BH_s34_medium,14,76,16.533333333333335,-0.7555336952209473,0.029283142170376354
BH_s34_medium,14,77,16.566666666666666,-0.8799967765808105,0.5287089176963496
BH_s34_medium,14,78,16.6,-0.9314141273498535,0.9571864803292479
BH_s34_medium,14,79,16.633333333333333,-0.9314141273498535,1.2694759310528911
BH_s34_medium,14,80,16.666666666666668,-0.9314141273498535,1.4443589040867204
BH_s34_medium,14,81,16.7,-0.9568386077880859,1.4856199737608773
BH_s34_medium,14,82,16.733333333333334,-1.034248948097229,1.4167530812043188
BH_s34_medium,14,83,16.766666666666666,-1.1093449592590332,1.2721191413828004
BH_s34_medium,14,84,16.8,-1.2341125011444092,1.0875986762999081
BH_s34_medium,14,85,16.833333333333332,-1.3646860122680664,0.892906194004327
BH_s34_medium,14,86,16.866666666666667,-1.4666478633880615,0.7066625033497824
BH_s34_medium,14,87,16.9,-1.5686097145080566,0.5347062595758145
BH_s34_medium,14,88,16.933333333333334,-1.5418978929519653,0.37187984602215124
BH_s34_medium,14,89,16.966666666666665,-0.77997887134552,0.2067910051640124
BH_s34_medium,14,90,17.0,0.49714091420173645,0.027626367323067058
BH_s34_medium,14,91,17.033333333333335,1.806408166885376,-0.17344789868854274
BH_s34_medium,14,92,17.066666666666666,2.343475818634033,-0.398327798341752
BH_s34_medium,14,93,17.1,2.063931941986084,-0.6425736260891906
BH_s34_medium,14,94,17.133333333333333,1.4007434844970703,-0.8952051482420761
BH_s34_medium,14,95,17.166666666666668,0.8021759986877441,-1.138219747422987
BH_s34_medium,14,96,17.2,0.3807763457298279,-1.3465353088847567
BH_s34_medium,14,97,17.233333333333334,0.3026030361652374,-1.4896316783742012
BH_s34_medium,14,98,17.266666666666666,0.4160226881504059,-1.5358054062100874
BH_s34_medium,14,99,17.3,0.5694019198417664,-1.4589605582376084
BH_s34_medium,14,100,17.333333333333332,0.6022682785987854,-1.2466854627272415
BH_s34_medium,14,101,17.366666666666667,0.4329567849636078,-0.9071272664746073
BH_s34_medium,14,102,17.4,0.07565385848283768,-0.4713568387599984
BH_s34_medium,14,103,17.433333333333334,-0.2878693640232086,0.011124476598371246
BH_s34_medium,14,104,17.466666666666665,-0.6336045861244202,0.48297514379015305
BH_s34_medium,14,105,17.5,-0.8330538272857666,0.8918329873436807
BH_s34_medium,14,106,17.533333333333335,-0.8799967765808105,1.2006975597753915
BH_s34_medium,14,107,17.566666666666666,-0.8772681355476379,1.3927147023658226
BH_s34_medium,14,108,17.6,-0.8285793662071228,1.4697217647131053
BH_s34_medium,14,109,17.633333333333333,-0.8295621871948242,1.4463077382247398
BH_s34_medium,14,110,17.666666666666668,-0.8801066279411316,1.3425554071889942
BH_s34_medium,14,111,17.7,-0.9820684790611267,1.178463576154589
BH_s34_medium,14,112,17.733333333333334,-1.084030270576477,0.9714330120832911
BH_s34_medium,14,113,17.766666666666666,-1.1859921216964722,0.7362745019033352
BH_s34_medium,14,114,17.8,-1.2879539728164673,0.4861372319707843
BH_s34_medium,14,115,17.833333333333332,-1.441333293914795,0.2328386184924448
BH_s34_medium,14,116,17.866666666666667,-1.1164320707321167,-0.014053669574229549
BH_s34_medium,14,117,17.9,-0.07790791243314743,-0.24889567215913297
BH_s34_medium,14,118,17.933333333333334,1.2861394882202148,-0.4710575751928849
BH_s34_medium,14,119,17.966666666666665,2.2099852561950684,-0.6840463841197018
BH_s34_medium,14,120,18.0,2.2737021446228027,-0.8921342298548977
BH_s34_medium,14,121,18.033333333333335,1.7059005498886108,-1.0951891267464628
BH_s34_medium,14,122,18.066666666666666,1.033219814300537,-1.283403658490871
BH_s34_medium,14,123,18.1,0.501807451248169,-1.4343178360857947
BH_s34_medium,14,124,18.133333333333333,0.26329663395881653,-1.5146972027784313
BH_s34_medium,14,125,18.166666666666668,0.34103652834892273,-1.488497335255848
BH_s34_medium,14,126,18.2,0.48055893182754517,-1.3291167252145688
BH_s34_medium,14,127,18.233333333333334,0.6477949619293213,-1.0312018454559744
BH_s34_medium,14,128,18.266666666666666,0.5394778847694397,-0.6165862998339489
BH_s34_medium,14,129,18.3,0.2656705677509308,-0.13122292661502166
BH_s34_medium,14,130,18.333333333333332,-0.10810793936252594,0.3658513772414545
BH_s34_medium,14,131,18.366666666666667,-0.46541085839271545,0.8168999103173343
BH_s34_medium,14,132,18.4,-0.7389733195304871,1.177716700689044
BH_s34_medium,14,133,18.433333333333334,-0.8600295186042786,1.4239723067159118
BH_s34_medium,14,134,18.466666666666665,-0.8799967765808105,1.5509514787464136
BH_s34_medium,14,135,18.5,-0.850292444229126,1.568577131606973
BH_s34_medium,14,136,18.533333333333335,-0.8285793662071228,1.4947537884227773
BH_s34_medium,14,137,18.566666666666666,-0.8565378189086914,1.349662054545864
BH_s34_medium,14,138,18.6,-0.9070823192596436,1.1523318362856079
BH_s34_medium,14,139,18.633333333333333,-1.0090441703796387,0.919425998334752
BH_s34_medium,14,140,18.666666666666668,-1.1110060214996338,0.6652996485138077
BH_s34_medium,14,141,18.7,-1.212967872619629,0.4022527358633691
BH_s34_medium,14,142,18.733333333333334,-1.366347074508667,0.14029962399396548
BH_s34_medium,14,143,18.766666666666666,-1.1550101041793823,-0.11359349248241613
BH_s34_medium,14,144,18.8,-0.2064812183380127,-0.35631085362330656
BH_s34_medium,14,145,18.833333333333332,1.1828210353851318,-0.5886086407335359
BH_s34_medium,14,146,18.866666666666667,2.34576153755188,-0.8135342212668871
BH_s34_medium,14,147,18.9,2.5779266357421875,-1.0329937184901952
BH_s34_medium,14,148,18.933333333333334,2.1977427005767822,-1.2433255412948432
BH_s34_medium,14,149,18.966666666666665,1.5859715938568115,-1.431728214393232
BH_s34_medium,14,150,19.0,1.1268669366836548,-1.5755413402250968
BH_s34_medium,14,151,19.033333333333335,0.8524566292762756,-1.645488093384498
BH_s34_medium,14,152,19.066666666666666,0.8167768716812134,-1.6124264057325923
BH_s34_medium,14,153,19.1,0.8167768716812134,-1.4557262986698738
BH_s34_medium,14,154,19.133333333333333,0.8167768716812134,-1.1707612683816382
BH_s34_medium,14,155,19.166666666666668,0.7408676147460938,-0.7731953019928374
BH_s34_medium,14,156,19.2,0.4741534888744354,-0.29848780494179544
BH_s34_medium,14,157,19.233333333333334,0.15776784718036652,0.20384182346833837
BH_s34_medium,14,158,19.266666666666666,-0.18903496861457825,0.6802007393615951
BH_s34_medium,14,159,19.3,-0.48616623878479004,1.0844281805366056
BH_s34_medium,14,160,19.333333333333332,-0.630791187286377,1.386711699388136
BH_s34_medium,14,161,19.366666666666667,-0.6743272542953491,1.5764269965365734
BH_s34_medium,14,162,19.4,-0.6743272542953491,1.6585433791917699
BH_s34_medium,14,163,19.433333333333334,-0.7257446050643921,1.646544067178008
BH_s34_medium,14,164,19.466666666666665,-0.7301343083381653,1.5557806561469325
BH_s34_medium,14,165,19.5,-0.8285793662071228,1.3998460917386815
BH_s34_medium,14,166,19.533333333333335,-0.8826406002044678,1.1903858243401053
BH_s34_medium,14,167,19.566666666666666,-0.9863733649253845,0.9390774376049631
BH_s34_medium,14,168,19.6,-1.137981653213501,0.6599293521056944
BH_s34_medium,14,169,19.633333333333333,-1.239943504333496,0.37035196768644507
BH_s34_medium,14,170,19.666666666666668,-1.3419053554534912,0.09013092488999504
BH_s34_medium,14,171,19.7,-1.1439666748046875,-0.16167798548163864
BH_s34_medium,14,172,19.733333333333334,-0.18868371844291687,-0.37093359288922184
BH_s34_medium,14,173,19.766666666666666,1.131632924079895,-0.5320526552709405
BH_s34_medium,14,174,19.8,2.3202428817749023,-0.6495915498364886
BH_s34_medium,14,175,19.833333333333332,2.5135505199432373,-0.7369575151119552
BH_s34_medium,14,176,19.866666666666667,2.1840555667877197,-0.8124221317500216
BH_s34_medium,14,177,19.9,1.6297870874404907,-0.8935975033059245
BH_s34_medium,14,178,19.933333333333334,1.251609444618225,-0.9921551454256767
BH_s34_medium,14,179,19.966666666666665,1.0398545265197754,-1.1102065613749244
BH_s34_medium,14,180,20.0,0.92918860912323,-1.23851328550163
BH_s34_medium,14,181,20.033333333333335,0.8786441683769226,-1.356024491291191
BH_s34_medium,14,182,20.066666666666666,0.8167768716812134,-1.4310806863896786
BH_s34_medium,14,183,20.1,0.6869162321090698,-1.4256634818796001
BH_s34_medium,14,184,20.133333333333333,0.44464385509490967,-1.3036371929203376
BH_s34_medium,14,185,20.166666666666668,0.13875830173492432,-1.0420189800009776
BH_s34_medium,14,186,20.2,-0.11570985615253448,-0.6420422323466618
BH_s34_medium,14,187,20.233333333333334,-0.3858654499053955,-0.13536441035573613
BH_s34_medium,14,188,20.266666666666666,-0.5549321174621582,0.41871059991983245
BH_s34_medium,14,189,20.3,-0.6568939685821533,0.9460325263759543
BH_s34_medium,14,190,20.333333333333332,-0.6743272542953491,1.3766655618913437
BH_s34_medium,14,191,20.366666666666667,-0.7065654993057251,1.66288586970866
BH_s34_medium,14,192,20.4,-0.7571099400520325,1.789040348178645
BH_s34_medium,14,193,20.433333333333334,-0.8076544404029846,1.770069428186704
BH_s34_medium,14,194,20.466666666666665,-0.9096162915229797,1.6407502506491969
BH_s34_medium,14,195,20.5,-1.01157808303833,1.4413944605146887
BH_s34_medium,14,196,20.533333333333335,-1.1135399341583252,1.2060036110605106
BH_s34_medium,14,197,20.566666666666666,-1.2155017852783203,0.9564223078700466
BH_s34_medium,14,198,20.6,-1.3174636363983154,0.7027802767470994
BH_s34_medium,14,199,20.633333333333333,-1.3941705226898193,0.44808826327372725
BH_s34_medium,14,200,20.666666666666668,-1.1964610815048218,0.19399495316695003
BH_s34_medium,14,201,20.7,-0.31289243698120117,-0.05484434838687732
BH_s34_medium,14,202,20.733333333333334,0.9567949771881104,-0.289270709712734
BH_s34_medium,14,203,20.766666666666666,2.0785388946533203,-0.49720969249017444
BH_s34_medium,14,204,20.8,2.3689351081848145,-0.6673723780852874
BH_s34_medium,14,205,20.833333333333332,2.053541660308838,-0.7933824269955227
BH_s34_medium,14,206,20.866666666666667,1.5114595890045166,-0.8766099066923798
BH_s34_medium,14,207,20.9,1.121883749961853,-0.9264447746351063
BH_s34_medium,14,208,20.933333333333334,0.9022129774093628,-0.9574372968724117
BH_s34_medium,14,209,20.966666666666665,0.8002511262893677,-0.9837127730917752
BH_s34_medium,14,210,21.0,0.7653594613075256,-1.012277397620609
BH_s34_medium,14,211,21.033333333333335,0.7139421105384827,-1.0377505952605595
BH_s34_medium,14,212,21.066666666666666,0.6347107291221619,-1.041089837919316
BH_s34_medium,14,213,21.1,0.4177529513835907,-0.9938094399637037
BH_s34_medium,14,214,21.133333333333333,0.11186741292476654,-0.8672370731899809
BH_s34_medium,14,215,21.166666666666668,-0.14260074496269226,-0.6440393000918263
BH_s34_medium,14,216,21.2,-0.43807095289230347,-0.3275713522633375
BH_s34_medium,14,217,21.233333333333334,-0.6324522495269775,0.05508058898365249
BH_s34_medium,14,218,21.266666666666666,-0.6829966902732849,0.45783239690209154
BH_s34_medium,14,219,21.3,-0.7257446050643921,0.8262463136250869
BH_s34_medium,14,220,21.333333333333332,-0.7326682806015015,1.1102330583256181
BH_s34_medium,14,221,21.366666666666667,-0.7771620154380798,1.2748321592029772
BH_s34_medium,14,222,21.4,-0.8337571620941162,1.3063232637444122
BH_s34_medium,14,223,21.433333333333334,-0.9357190132141113,1.2127756377537222
BH_s34_medium,14,224,21.466666666666665,-0.9862635135650635,1.0198762973745992
BH_s34_medium,14,225,21.5,-1.0882253646850586,0.7638877632873409
BH_s34_medium,14,226,21.533333333333335,-1.1901872158050537,0.4837385249497676
BH_s34_medium,14,227,21.566666666666666,-1.2913358211517334,0.21402737617831263
BH_s34_medium,14,228,21.6,-1.3426934480667114,-0.019532484033431968
BH_s34_medium,14,229,21.633333333333333,-1.3941705226898193,-0.2014342853876009
BH_s34_medium,14,230,21.666666666666668,-1.0450820922851562,-0.3250891149221363
BH_s34_medium,14,231,21.7,-0.03536418825387955,-0.39070594823764393
BH_s34_medium,14,232,21.733333333333334,1.3326489925384521,-0.4039991282611058
BH_s34_medium,14,233,21.766666666666666,2.2299177646636963,-0.3761273261851158
BH_s34_medium,14,234,21.8,2.313178062438965,-0.3237667181442434
BH_s34_medium,14,235,21.833333333333332,1.8307278156280518,-0.26745544593939413
BH_s34_medium,14,236,21.866666666666667,1.3147485256195068,-0.22698583484324578
BH_s34_medium,14,237,21.9,0.8919420838356018,-0.21470221309448723
BH_s34_medium,14,238,21.933333333333334,0.7227309942245483,-0.22997376702702635
BH_s34_medium,14,239,21.966666666666665,0.6625247001647949,-0.2585332397152705
BH_s34_medium,15,0,15.0,-1.4784793853759766,-0.04258537017270302
BH_s34_medium,15,1,15.033333333333333,-1.0119708776474,0.018421791763669898
BH_s34_medium,15,2,15.066666666666666,0.21224001049995422,0.06622018959494723
BH_s34_medium,15,3,15.1,1.6405787467956543,0.08796462935276021
BH_s34_medium,15,4,15.133333333333333,2.5586533546447754,0.07426831105058661
BH_s34_medium,15,5,15.166666666666666,2.5083224773406982,0.020922549364946592
BH_s34_medium,15,6,15.2,2.0224809646606445,-0.07002100690933119
BH_s34_medium,15,7,15.233333333333333,1.4231252670288086,-0.19035269513157177
BH_s34_medium,15,8,15.266666666666667,1.0392359495162964,-0.3269144918777813
BH_s34_medium,15,9,15.3,0.857524573802948,-0.46324525572196823
BH_s34_medium,15,10,15.333333333333334,0.8069800734519958,-0.5811718337351447
BH_s34_medium,15,11,15.366666666666667,0.7653594613075256,-0.6625561022007695
BH_s34_medium,15,12,15.4,0.7573085427284241,-0.6918384059448682
BH_s34_medium,15,13,15.433333333333334,0.59675133228302,-0.6595644466656143
BH_s34_medium,15,14,15.466666666666667,0.3288000822067261,-0.5658652006149816
BH_s34_medium,15,15,15.5,-0.022197749465703964,-0.42199701647116994
BH_s34_medium,15,16,15.533333333333333,-0.3280832767486572,-0.2485232093008036
BH_s34_medium,15,17,15.566666666666666,-0.578865110874176,-0.07026734740436932
BH_s34_medium,15,18,15.6,-0.7285580039024353,0.09023671923913301
BH_s34_medium,15,19,15.633333333333333,-0.7791025042533875,0.21846164039356958
BH_s34_medium,15,20,15.666666666666666,-0.8285793662071228,0.3110660138133291
BH_s34_medium,15,21,15.7,-0.8287740349769592,0.37572729322296816
BH_s34_medium,15,22,15.733333333333333,-0.8799967765808105,0.4272859865207704
BH_s34_medium,15,23,15.766666666666667,-0.9314141273498535,0.4808402310768882
BH_s34_medium,15,24,15.8,-1.0318248271942139,0.5443907942458528
BH_s34_medium,15,25,15.833333333333334,-1.133786678314209,0.6146550891269549
BH_s34_medium,15,26,15.866666666666667,-1.235748529434204,0.6781021469773411
BH_s34_medium,15,27,15.9,-1.3377103805541992,0.7163739017630801
BH_s34_medium,15,28,15.933333333333334,-1.4396722316741943,0.7132646695898286
BH_s34_medium,15,29,15.966666666666667,-1.4970053434371948,0.6601743009041031
BH_s34_medium,15,30,16.0,-0.8461164832115173,0.5581014567967992
BH_s34_medium,15,31,16.033333333333335,0.3544408679008484,0.4159240220111291
BH_s34_medium,15,32,16.066666666666666,1.722827672958374,0.24609932762618453
BH_s34_medium,15,33,16.1,2.4312920570373535,0.059745514072986526
BH_s34_medium,15,34,16.133333333333333,2.249659299850464,-0.13670881461555343
BH_s34_medium,15,35,16.166666666666668,1.6722209453582764,-0.34172444712577305
BH_s34_medium,15,36,16.2,1.1383593082427979,-0.5555193022683853
BH_s34_medium,15,37,16.233333333333334,0.7552582025527954,-0.7749189862551972
BH_s34_medium,15,38,16.266666666666666,0.611107349395752,-0.9883591392169818
BH_s34_medium,15,39,16.3,0.611107349395752,-1.1732782257189502
BH_s34_medium,15,40,16.333333333333332,0.6625247001647949,-1.297582744868331
BH_s34_medium,15,41,16.366666666666667,0.6283710598945618,-1.3257766507599282
BH_s34_medium,15,42,16.4,0.4931284189224243,-1.2288079032823365
BH_s34_medium,15,43,16.433333333333334,0.1539621353149414,-0.9948978394052038
BH_s34_medium,15,44,16.466666666666665,-0.1834583282470703,-0.6372608914530147
BH_s34_medium,15,45,16.5,-0.5092263221740723,-0.1949759570794824
BH_s34_medium,15,46,16.533333333333335,-0.7555336952209473,0.2741614141542027
BH_s34_medium,15,47,16.566666666666666,-0.8799967765808105,0.7066421952182135
BH_s34_medium,15,48,16.6,-0.9314141273498535,1.0477627080496692
BH_s34_medium,15,49,16.633333333333333,-0.9314141273498535,1.2630653376156777
BH_s34_medium,15,50,16.666666666666668,-0.9314141273498535,1.3435545288785813
BH_s34_medium,15,51,16.7,-0.9568386077880859,1.30396578793264
BH_s34_medium,15,52,16.733333333333334,-1.034248948097229,1.17573681251729
BH_s34_medium,15,53,16.766666666666666,-1.1093449592590332,0.9975546157749541
BH_s34_medium,15,54,16.8,-1.2341125011444092,0.806056111413303
BH_s34_medium,15,55,16.833333333333332,-1.3646860122680664,0.6283139876740069
BH_s34_medium,15,56,16.866666666666667,-1.4666478633880615,0.4771481227845426
BH_s34_medium,15,57,16.9,-1.5686097145080566,0.35009581732568595
BH_s34_medium,15,58,16.933333333333334,-1.5418978929519653,0.23248259908525962
BH_s34_medium,15,59,16.966666666666665,-0.77997887134552,0.1039486827709508
BH_s34_medium,15,60,17.0,0.49714091420173645,-0.05374648872739247
BH_s34_medium,15,61,17.033333333333335,1.806408166885376,-0.25041634124931306
BH_s34_medium,15,62,17.066666666666666,2.343475818634033,-0.4842572006570978
BH_s34_medium,15,63,17.1,2.063931941986084,-0.7417508044372048
BH_s34_medium,15,64,17.133333333333333,1.4007434844970703,-0.9999233667652738
BH_s34_medium,15,65,17.166666666666668,0.8021759986877441,-1.2301215486167032
BH_s34_medium,15,66,17.2,0.3807763457298279,-1.4022709728985996
BH_s34_medium,15,67,17.233333333333334,0.3026030361652374,-1.4887521284929623
BH_s34_medium,15,68,17.266666666666666,0.4160226881504059,-1.4679156718953896
BH_s34_medium,15,69,17.3,0.5694019198417664,-1.32787434315811
BH_s34_medium,15,70,17.333333333333332,0.6022682785987854,-1.070575347654009
BH_s34_medium,15,71,17.366666666666667,0.4329567849636078,-0.714688636596357
BH_s34_medium,15,72,17.4,0.07565385848283768,-0.29488498830598003
BH_s34_medium,15,73,17.433333333333334,-0.2878693640232086,0.14397566957361532
BH_s34_medium,15,74,17.466666666666665,-0.6336045861244202,0.5563748557674203
BH_s34_medium,15,75,17.5,-0.8330538272857666,0.905596648568662
BH_s34_medium,15,76,17.533333333333335,-0.8799967765808105,1.1694723199063222
BH_s34_medium,15,77,17.566666666666666,-0.8772681355476379,1.3408938236936578
BH_s34_medium,15,78,17.6,-0.8285793662071228,1.4239496928763808
BH_s34_medium,15,79,17.633333333333333,-0.8295621871948242,1.428112110143323
BH_s34_medium,15,80,17.666666666666668,-0.8801066279411316,1.3632944902543833
BH_s34_medium,15,81,17.7,-0.9820684790611267,1.2377086787800342
BH_s34_medium,15,82,17.733333333333334,-1.084030270576477,1.0586871025715134
BH_s34_medium,15,83,17.766666666666666,-1.1859921216964722,0.834994951864448
BH_s34_medium,15,84,17.8,-1.2879539728164673,0.5785582760173565
BH_s34_medium,15,85,17.833333333333332,-1.441333293914795,0.30417536933902434
BH_s34_medium,15,86,17.866666666666667,-1.1164320707321167,0.027171837712879045
BH_s34_medium,15,87,17.9,-0.07790791243314743,-0.23981614566249695
BH_s34_medium,15,88,17.933333333333334,1.2861394882202148,-0.4893482015139162
BH_s34_medium,15,89,17.966666666666665,2.2099852561950684,-0.7196447176560836
BH_s34_medium,15,90,18.0,2.2737021446228027,-0.9322347969530288
BH_s34_medium,15,91,18.033333333333335,1.7059005498886108,-1.1270418290344335
BH_s34_medium,15,92,18.066666666666666,1.033219814300537,-1.2966737808376156
BH_s34_medium,15,93,18.1,0.501807451248169,-1.422879384767878
BH_s34_medium,15,94,18.133333333333333,0.26329663395881653,-1.4780176668023435
BH_s34_medium,15,95,18.166666666666668,0.34103652834892273,-1.4325485818222814
BH_s34_medium,15,96,18.2,0.48055893182754517,-1.2665054336833024
BH_s34_medium,15,97,18.233333333333334,0.6477949619293213,-0.9801695696202101
BH_s34_medium,15,98,18.266666666666666,0.5394778847694397,-0.5984995544595089
BH_s34_medium,15,99,18.3,0.2656705677509308,-0.16636608715382448
BH_s34_medium,15,100,18.333333333333332,-0.10810793936252594,0.2635297728275678
BH_s34_medium,15,101,18.366666666666667,-0.46541085839271545,0.6443914288660917
BH_s34_medium,15,102,18.4,-0.7389733195304871,0.9450479247585551
BH_s34_medium,15,103,18.433333333333334,-0.8600295186042786,1.1529554780590467
BH_s34_medium,15,104,18.466666666666665,-0.8799967765808105,1.2711875707956504
BH_s34_medium,15,105,18.5,-0.850292444229126,1.3122228522844994
BH_s34_medium,15,106,18.533333333333335,-0.8285793662071228,1.2915588795044057
BH_s34_medium,15,107,18.566666666666666,-0.8565378189086914,1.2231009591304889
BH_s34_medium,15,108,18.6,-0.9070823192596436,1.116922854620771
BH_s34_medium,15,109,18.633333333333333,-1.0090441703796387,0.9790329778261079
BH_s34_medium,15,110,18.666666666666668,-1.1110060214996338,0.8123960154665574
BH_s34_medium,15,111,18.7,-1.212967872619629,0.6184750446908318
BH_s34_medium,15,112,18.733333333333334,-1.366347074508667,0.39870945141341296
BH_s34_medium,15,113,18.766666666666666,-1.1550101041793823,0.15557096590065192
BH_s34_medium,15,114,18.8,-0.2064812183380127,-0.1068425617578966
BH_s34_medium,15,115,18.833333333333332,1.1828210353851318,-0.38240484377148704
BH_s34_medium,15,116,18.866666666666667,2.34576153755188,-0.6623504305078288
BH_s34_medium,15,117,18.9,2.5779266357421875,-0.9342917987089634
BH_s34_medium,15,118,18.933333333333334,2.1977427005767822,-1.1812756175342258
BH_s34_medium,15,119,18.966666666666665,1.5859715938568115,-1.3818244004386897
BH_s34_medium,15,120,19.0,1.1268669366836548,-1.5119475966975406
BH_s34_medium,15,121,19.033333333333335,0.8524566292762756,-1.5494360613713722
BH_s34_medium,15,122,19.066666666666666,0.8167768716812134,-1.4795773125247875
BH_s34_medium,15,123,19.1,0.8167768716812134,-1.300384972935465
BH_s34_medium,15,124,19.133333333333333,0.8167768716812134,-1.025179312317498
BH_s34_medium,15,125,19.166666666666668,0.7408676147460938,-0.6811094850256425
BH_s34_medium,15,126,19.2,0.4741534888744354,-0.3037082543213388
BH_s34_medium,15,127,19.233333333333334,0.15776784718036652,0.07084385755673364
BH_s34_medium,15,128,19.266666666666666,-0.18903496861457825,0.4131131337515346
BH_s34_medium,15,129,19.3,-0.48616623878479004,0.704921860147213
BH_s34_medium,15,130,19.333333333333332,-0.630791187286377,0.9395743428634551
BH_s34_medium,15,131,19.366666666666667,-0.6743272542953491,1.1182259559070198
BH_s34_medium,15,132,19.4,-0.6743272542953491,1.2445425929793597
BH_s34_medium,15,133,19.433333333333334,-0.7257446050643921,1.320367299451965
BH_s34_medium,15,134,19.466666666666665,-0.7301343083381653,1.3441187150246736
BH_s34_medium,15,135,19.5,-0.8285793662071228,1.3120186313305444
BH_s34_medium,15,136,19.533333333333335,-0.8826406002044678,1.2211192699256745
BH_s34_medium,15,137,19.566666666666666,-0.9863733649253845,1.0726560789488913
BH_s34_medium,15,138,19.6,-1.137981653213501,0.8742550156712982
BH_s34_medium,15,139,19.633333333333333,-1.239943504333496,0.6400100432742397
BH_s34_medium,15,140,19.666666666666668,-1.3419053554534912,0.38836771799840025
BH_s34_medium,15,141,19.7,-1.1439666748046875,0.13861123410668538
BH_s34_medium,15,142,19.733333333333334,-0.18868371844291687,-0.09293485764308129
BH_s34_medium,15,143,19.766666666666666,1.131632924079895,-0.2960019089572729
BH_s34_medium,15,144,19.8,2.3202428817749023,-0.4681059873336287
BH_s34_medium,15,145,19.833333333333332,2.5135505199432373,-0.6144828144841868
BH_s34_medium,15,146,19.866666666666667,2.1840555667877197,-0.7460005767362726
BH_s34_medium,15,147,19.9,1.6297870874404907,-0.8752554251351569
BH_s34_medium,15,148,19.933333333333334,1.251609444618225,-1.011763317465751
BH_s34_medium,15,149,19.966666666666665,1.0398545265197754,-1.1575333109919987
BH_s34_medium,15,150,20.0,0.92918860912323,-1.303970649384222
BH_s34_medium,15,151,20.033333333333335,0.8786441683769226,-1.4306913006568365
BH_s34_medium,15,152,20.066666666666666,0.8167768716812134,-1.5070049650822968
BH_s34_medium,15,153,20.1,0.6869162321090698,-1.496915844783089
BH_s34_medium,15,154,20.133333333333333,0.44464385509490967,-1.367684588653672
BH_s34_medium,15,155,20.166666666666668,0.13875830173492432,-1.1004053348390332
BH_s34_medium,15,156,20.2,-0.11570985615253448,-0.699446744556758
BH_s34_medium,15,157,20.233333333333334,-0.3858654499053955,-0.1968635828275419
BH_s34_medium,15,158,20.266666666666666,-0.5549321174621582,0.3512531880935053
BH_s34_medium,15,159,20.3,-0.6568939685821533,0.8767304522424848
BH_s34_medium,15,160,20.333333333333332,-0.6743272542953491,1.3159401257393213
BH_s34_medium,15,161,20.366666666666667,-0.7065654993057251,1.624866634562971
BH_s34_medium,15,162,20.4,-0.7571099400520325,1.7869655493237682
BH_s34_medium,15,163,20.433333333333334,-0.8076544404029846,1.8115352111657876
BH_s34_medium,15,164,20.466666666666665,-0.9096162915229797,1.7245565729985266
BH_s34_medium,15,165,20.5,-1.01157808303833,1.5568805411032984
BH_s34_medium,15,166,20.533333333333335,-1.1135399341583252,1.3349110588480777
BH_s34_medium,15,167,20.566666666666666,-1.2155017852783203,1.0768044154186005
BH_s34_medium,15,168,20.6,-1.3174636363983154,0.794062512525305
BH_s34_medium,15,169,20.633333333333333,-1.3941705226898193,0.4959403578923239
BH_s34_medium,15,170,20.666666666666668,-1.1964610815048218,0.19343812401859978
BH_s34_medium,15,171,20.7,-0.31289243698120117,-0.09930998795314994
BH_s34_medium,15,172,20.733333333333334,0.9567949771881104,-0.36663175153415023
BH_s34_medium,15,173,20.766666666666666,2.0785388946533203,-0.5947807064834152
BH_s34_medium,15,174,20.8,2.3689351081848145,-0.7755961619697085
BH_s34_medium,15,175,20.833333333333332,2.053541660308838,-0.9089017598255281
BH_s34_medium,15,176,20.866666666666667,1.5114595890045166,-1.0026796246676608
BH_s34_medium,15,177,20.9,1.121883749961853,-1.0706124492879234
BH_s34_medium,15,178,20.933333333333334,0.9022129774093628,-1.1272230422074336
BH_s34_medium,15,179,20.966666666666665,0.8002511262893677,-1.1816579102292848
BH_s34_medium,15,180,21.0,0.7653594613075256,-1.2320341154724375
BH_s34_medium,15,181,21.033333333333335,0.7139421105384827,-1.262652622958927
BH_s34_medium,15,182,21.066666666666666,0.6347107291221619,-1.245830781762415
BH_s34_medium,15,183,21.1,0.4177529513835907,-1.1488002817947198
BH_s34_medium,15,184,21.133333333333333,0.11186741292476654,-0.944468554987164
BH_s34_medium,15,185,21.166666666666668,-0.14260074496269226,-0.6230708241969067
BH_s34_medium,15,186,21.2,-0.43807095289230347,-0.20039532743920235
BH_s34_medium,15,187,21.233333333333334,-0.6324522495269775,0.28142315995593487
BH_s34_medium,15,188,21.266666666666666,-0.6829966902732849,0.7619409473918094
BH_s34_medium,15,189,21.3,-0.7257446050643921,1.1768899977763565
BH_s34_medium,15,190,21.333333333333332,-0.7326682806015015,1.4737956094276794
BH_s34_medium,15,191,21.366666666666667,-0.7771620154380798,1.623095788303782
BH_s34_medium,15,192,21.4,-0.8337571620941162,1.621693625656185
BH_s34_medium,15,193,21.433333333333334,-0.9357190132141113,1.489374166564727
BH_s34_medium,15,194,21.466666666666665,-0.9862635135650635,1.2607577541008135
BH_s34_medium,15,195,21.5,-1.0882253646850586,0.9759702958094879
BH_s34_medium,15,196,21.533333333333335,-1.1901872158050537,0.6725946740165413
BH_s34_medium,15,197,21.566666666666666,-1.2913358211517334,0.38038663438212555
BH_s34_medium,15,198,21.6,-1.3426934480667114,0.1191506730212307
BH_s34_medium,15,199,21.633333333333333,-1.3941705226898193,-0.10075436023713817
BH_s34_medium,15,200,21.666666666666668,-1.0450820922851562,-0.27645950849771334
BH_s34_medium,15,201,21.7,-0.03536418825387955,-0.4104219092419222
BH_s34_medium,15,202,21.733333333333334,1.3326489925384521,-0.5086891585620904
BH_s34_medium,15,203,21.766666666666666,2.2299177646636963,-0.5794686632809521
BH_s34_medium,15,204,21.8,2.313178062438965,-0.6315402612978532
BH_s34_medium,15,205,21.833333333333332,1.8307278156280518,-0.6722167593778843
BH_s34_medium,15,206,21.866666666666667,1.3147485256195068,-0.7050341246992302
BH_s34_medium,15,207,21.9,0.8919420838356018,-0.7279747127657509
BH_s34_medium,15,208,21.933333333333334,0.7227309942245483,-0.7334397074717021
BH_s34_medium,15,209,21.966666666666665,0.6625247001647949,-0.7107209007488475
BH_s34_medium,15,210,22.0,0.7139421105384827,-0.6502883043322292
BH_s34_medium,15,211,22.033333333333335,0.7139421105384827,-0.5479872094282001
BH_s34_medium,15,212,22.066666666666666,0.5842510461807251,-0.40731978122864143
BH_s34_medium,15,213,22.1,0.34206342697143555,-0.2390486659169898
BH_s34_medium,15,214,22.133333333333333,0.03617788851261139,-0.05850310973174015
BH_s34_medium,15,215,22.166666666666668,-0.26970764994621277,0.11824937720339317
BH_s34_medium,15,216,22.2,-0.539948046207428,0.27789780228923255
BH_s34_medium,15,217,22.233333333333334,-0.6576821208000183,0.4118146573590358
BH_s34_medium,15,218,22.266666666666666,-0.6743272542953491,0.5158857436665857
BH_s34_medium,15,219,22.3,-0.7073536515235901,0.5886261972450544
BH_s34_medium,15,220,22.333333333333332,-0.7257446050643921,0.6287300489352268
BH_s34_medium,15,221,22.366666666666667,-0.7771620154380798,0.6334945886997818
BH_s34_medium,15,222,22.4,-0.858987033367157,0.5992062787048986
BH_s34_medium,15,223,22.433333333333334,-0.9609488844871521,0.5236221482887673
BH_s34_medium,15,224,22.466666666666665,-1.0629106760025024,0.4094723037319028
BH_s34_medium,15,225,22.5,-1.1648725271224976,0.2670562107885468
BH_s34_medium,15,226,22.533333333333335,-1.2668343782424927,0.11407114073008857
BH_s34_medium,15,227,22.566666666666666,-1.3687962293624878,-0.0280203663066
BH_s34_medium,15,228,22.6,-1.4455879926681519,-0.1399417108735176
BH_s34_medium,15,229,22.633333333333333,-1.2726844549179077,-0.21031659804094266
BH_s34_medium,15,230,22.666666666666668,-0.3652424216270447,-0.23855105594806447
BH_s34_medium,15,231,22.7,0.8754094243049622,-0.23366575166183703
BH_s34_medium,15,232,22.733333333333334,1.9968738555908203,-0.20988772532022482
BH_s34_medium,15,233,22.766666666666666,2.2662699222564697,-0.1812657800685871
BH_s34_medium,15,234,22.8,1.899713397026062,-0.15762804058081928
BH_s34_medium,15,235,22.833333333333332,1.3194271326065063,-0.14311021752022385
BH_s34_medium,15,236,22.866666666666667,0.8136338591575623,-0.13708646416324152
BH_s34_medium,15,237,22.9,0.5423760414123535,-0.1363659430747823
BH_s34_medium,15,238,22.933333333333334,0.5082725882530212,-0.13733206490922148
BH_s34_medium,15,239,22.966666666666665,0.5752580165863037,-0.13715299424576782
BH_s34_medium,16,0,16.0,-0.8461164832115173,-0.13654355929650144
BH_s34_medium,16,1,16.033333333333335,0.3544408679008484,-0.17414492653403954
BH_s34_medium,16,2,16.066666666666666,1.722827672958374,-0.22882156594222183
BH_s34_medium,16,3,16.1,2.4312920570373535,-0.31473636861322424
BH_s34_medium,16,4,16.133333333333333,2.249659299850464,-0.43663684609669323
BH_s34_medium,16,5,16.166666666666668,1.6722209453582764,-0.5891081560302494
BH_s34_medium,16,6,16.2,1.1383593082427979,-0.7590096537637272
BH_s34_medium,16,7,16.233333333333334,0.7552582025527954,-0.9298835066401729
BH_s34_medium,16,8,16.266666666666666,0.611107349395752,-1.0856613793537448
BH_s34_medium,16,9,16.3,0.611107349395752,-1.2111612044170819
BH_s34_medium,16,10,16.333333333333332,0.6625247001647949,-1.2894872933452122
BH_s34_medium,16,11,16.366666666666667,0.6283710598945618,-1.2994769120450864
BH_s34_medium,16,12,16.4,0.4931284189224243,-1.2170987191024825
BH_s34_medium,16,13,16.433333333333334,0.1539621353149414,-1.0224325262966536
BH_s34_medium,16,14,16.466666666666665,-0.1834583282470703,-0.7098996418751887
BH_s34_medium,16,15,16.5,-0.5092263221740723,-0.2966691849449448
BH_s34_medium,16,16,16.533333333333335,-0.7555336952209473,0.17534733114340142
BH_s34_medium,16,17,16.566666666666666,-0.8799967765808105,0.6457550187043092
BH_s34_medium,16,18,16.6,-0.9314141273498535,1.0489832643113886
BH_s34_medium,16,19,16.633333333333333,-0.9314141273498535,1.3307639587283935
BH_s34_medium,16,20,16.666666666666668,-0.9314141273498535,1.4620842462516772
BH_s34_medium,16,21,16.7,-0.9568386077880859,1.4453889083510323
BH_s34_medium,16,22,16.733333333333334,-1.034248948097229,1.3110885194585196
BH_s34_medium,16,23,16.766666666666666,-1.1093449592590332,1.1064810548136383
BH_s34_medium,16,24,16.8,-1.2341125011444092,0.8815625276936669
BH_s34_medium,16,25,16.833333333333332,-1.3646860122680664,0.6762933777480364
BH_s34_medium,16,26,16.866666666666667,-1.4666478633880615,0.5124678618878956
BH_s34_medium,16,27,16.9,-1.5686097145080566,0.39156299741149564
BH_s34_medium,16,28,16.933333333333334,-1.5418978929519653,0.29849427628421055
BH_s34_medium,16,29,16.966666666666665,-0.77997887134552,0.20969438364706902
BH_s34_medium,16,30,17.0,0.49714091420173645,0.10229177239422314
BH_s34_medium,16,31,17.033333333333335,1.806408166885376,-0.03914095894889795
BH_s34_medium,16,32,17.066666666666666,2.343475818634033,-0.21988516933073501
BH_s34_medium,16,33,17.1,2.063931941986084,-0.4355366294860119
BH_s34_medium,16,34,17.133333333333333,1.4007434844970703,-0.6736722496658762
BH_s34_medium,16,35,17.166666666666668,0.8021759986877441,-0.9152461408171958
BH_s34_medium,16,36,17.2,0.3807763457298279,-1.1353797193156825
BH_s34_medium,16,37,17.233333333333334,0.3026030361652374,-1.3043648044479483
BH_s34_medium,16,38,17.266666666666666,0.4160226881504059,-1.3903567388653137
BH_s34_medium,16,39,17.3,0.5694019198417664,-1.3648534697526713
BH_s34_medium,16,40,17.333333333333332,0.6022682785987854,-1.2105264883243163
BH_s34_medium,16,41,17.366666666666667,0.4329567849636078,-0.9289642597608136
BH_s34_medium,16,42,17.4,0.07565385848283768,-0.544642556556826
BH_s34_medium,16,43,17.433333333333334,-0.2878693640232086,-0.1022687652614906
BH_s34_medium,16,44,17.466666666666665,-0.6336045861244202,0.3423679476805939
BH_s34_medium,16,45,17.5,-0.8330538272857666,0.7348480464721552
BH_s34_medium,16,46,17.533333333333335,-0.8799967765808105,1.0336190366864246
BH_s34_medium,16,47,17.566666666666666,-0.8772681355476379,1.217144086202753
BH_s34_medium,16,48,17.6,-0.8285793662071228,1.2850456092569067
BH_s34_medium,16,49,17.633333333333333,-0.8295621871948242,1.253656489719092
BH_s34_medium,16,50,17.666666666666668,-0.8801066279411316,1.1483093992082825
BH_s34_medium,16,51,17.7,-0.9820684790611267,0.9955347087627345
BH_s34_medium,16,52,17.733333333333334,-1.084030270576477,0.8176003288895579
BH_s34_medium,16,53,17.766666666666666,-1.1859921216964722,0.6302077105810295
BH_s34_medium,16,54,17.8,-1.2879539728164673,0.4427130210290557
BH_s34_medium,16,55,17.833333333333332,-1.441333293914795,0.25946561985061595
BH_s34_medium,16,56,17.866666666666667,-1.1164320707321167,0.08087484102756602
BH_s34_medium,16,57,17.9,-0.07790791243314743,-0.09629027208804672
BH_s34_medium,16,58,17.933333333333334,1.2861394882202148,-0.2785085617321732
BH_s34_medium,16,59,17.966666666666665,2.2099852561950684,-0.4735301229255272
BH_s34_medium,16,60,18.0,2.2737021446228027,-0.6861738274507161
BH_s34_medium,16,61,18.033333333333335,1.7059005498886108,-0.912872371467362
BH_s34_medium,16,62,18.066666666666666,1.033219814300537,-1.13713973792051
BH_s34_medium,16,63,18.1,0.501807451248169,-1.3284616146759902
BH_s34_medium,16,64,18.133333333333333,0.26329663395881653,-1.4464916662925094
BH_s34_medium,16,65,18.166666666666668,0.34103652834892273,-1.4507734468901987
BH_s34_medium,16,66,18.2,0.48055893182754517,-1.3137467104032252
BH_s34_medium,16,67,18.233333333333334,0.6477949619293213,-1.0324497579519238
BH_s34_medium,16,68,18.266666666666666,0.5394778847694397,-0.6334966691492007
BH_s34_medium,16,69,18.3,0.2656705677509308,-0.16802006381235665
BH_s34_medium,16,70,18.333333333333332,-0.10810793936252594,0.30194260673461865
BH_s34_medium,16,71,18.366666666666667,-0.46541085839271545,0.719804278503657
BH_s34_medium,16,72,18.4,-0.7389733195304871,1.0468677077592934
BH_s34_medium,16,73,18.433333333333334,-0.8600295186042786,1.2668573039937552
BH_s34_medium,16,74,18.466666666666665,-0.8799967765808105,1.382692861478947
BH_s34_medium,16,75,18.5,-0.850292444229126,1.4088707907061728
BH_s34_medium,16,76,18.533333333333335,-0.8285793662071228,1.363606439814309
BH_s34_medium,16,77,18.566666666666666,-0.8565378189086914,1.263531677841426
BH_s34_medium,16,78,18.6,-0.9070823192596436,1.1215771838460884
BH_s34_medium,16,79,18.633333333333333,-1.0090441703796387,0.9470578978571624
BH_s34_medium,16,80,18.666666666666668,-1.1110060214996338,0.7466042307239329
BH_s34_medium,16,81,18.7,-1.212967872619629,0.5250563856680689
BH_s34_medium,16,82,18.733333333333334,-1.366347074508667,0.2860286159167679
BH_s34_medium,16,83,18.766666666666666,-1.1550101041793823,0.03227510697790676
BH_s34_medium,16,84,18.8,-0.2064812183380127,-0.23376085943770541
BH_s34_medium,16,85,18.833333333333332,1.1828210353851318,-0.5088134074610073
BH_s34_medium,16,86,18.866666666666667,2.34576153755188,-0.7869340050418122
BH_s34_medium,16,87,18.9,2.5779266357421875,-1.0572651490040847
BH_s34_medium,16,88,18.933333333333334,2.1977427005767822,-1.3023709439478475
BH_s34_medium,16,89,18.966666666666665,1.5859715938568115,-1.498325627914177
BH_s34_medium,16,90,19.0,1.1268669366836548,-1.6174634831828036
BH_s34_medium,16,91,19.033333333333335,0.8524566292762756,-1.633805726118218
BH_s34_medium,16,92,19.066666666666666,0.8167768716812134,-1.5299928606838407
BH_s34_medium,16,93,19.1,0.8167768716812134,-1.3035932363343057
BH_s34_medium,16,94,19.133333333333333,0.8167768716812134,-0.9704421180473922
BH_s34_medium,16,95,19.166666666666668,0.7408676147460938,-0.563409937860008
BH_s34_medium,16,96,19.2,0.4741534888744354,-0.12650246420701472
BH_s34_medium,16,97,19.233333333333334,0.15776784718036652,0.29417792489364075
BH_s34_medium,16,98,19.266666666666666,-0.18903496861457825,0.6599813011440461
BH_s34_medium,16,99,19.3,-0.48616623878479004,0.946812317558585
BH_s34_medium,16,100,19.333333333333332,-0.630791187286377,1.1474008874717532
BH_s34_medium,16,101,19.366666666666667,-0.6743272542953491,1.268108748055035
BH_s34_medium,16,102,19.4,-0.6743272542953491,1.3221553121575695
BH_s34_medium,16,103,19.433333333333334,-0.7257446050643921,1.3227129503145567
BH_s34_medium,16,104,19.466666666666665,-0.7301343083381653,1.2787073766517176
BH_s34_medium,16,105,19.5,-0.8285793662071228,1.1942441848352756
BH_s34_medium,16,106,19.533333333333335,-0.8826406002044678,1.070894901663563
BH_s34_medium,16,107,19.566666666666666,-0.9863733649253845,0.9111267057159568
BH_s34_medium,16,108,19.6,-1.137981653213501,0.7209258915348067
BH_s34_medium,16,109,19.633333333333333,-1.239943504333496,0.5102735705682712
BH_s34_medium,16,110,19.666666666666668,-1.3419053554534912,0.29142862076650156
BH_s34_medium,16,111,19.7,-1.1439666748046875,0.07614291368601682
BH_s34_medium,16,112,19.733333333333334,-0.18868371844291687,-0.1267683900812269
BH_s34_medium,16,113,19.766666666666666,1.131632924079895,-0.3126246006707669
BH_s34_medium,16,114,19.8,2.3202428817749023,-0.48079653179466747
BH_s34_medium,16,115,19.833333333333332,2.5135505199432373,-0.6337403176787558
BH_s34_medium,16,116,19.866666666666667,2.1840555667877197,-0.7754252989052619
BH_s34_medium,16,117,19.9,1.6297870874404907,-0.9094076471762587
BH_s34_medium,16,118,19.933333333333334,1.251609444618225,-1.0371901230905691
BH_s34_medium,16,119,19.966666666666665,1.0398545265197754,-1.1572753735768369
BH_s34_medium,16,120,20.0,0.92918860912323,-1.2641082847974923
BH_s34_medium,16,121,20.033333333333335,0.8786441683769226,-1.345976079562064
BH_s34_medium,16,122,20.066666666666666,0.8167768716812134,-1.3830905722168556
BH_s34_medium,16,123,20.1,0.6869162321090698,-1.3489030901498105
BH_s34_medium,16,124,20.133333333333333,0.44464385509490967,-1.2165097611629159
BH_s34_medium,16,125,20.166666666666668,0.13875830173492432,-0.9688394578518958
BH_s34_medium,16,126,20.2,-0.11570985615253448,-0.6087181623847289
BH_s34_medium,16,127,20.233333333333334,-0.3858654499053955,-0.16408083331223344
BH_s34_medium,16,128,20.266666666666666,-0.5549321174621582,0.31517734007385534
BH_s34_medium,16,129,20.3,-0.6568939685821533,0.7689416782291361
BH_s34_medium,16,130,20.333333333333332,-0.6743272542953491,1.1431676187434918
BH_s34_medium,16,131,20.366666666666667,-0.7065654993057251,1.404008131726235
BH_s34_medium,16,132,20.4,-0.7571099400520325,1.5439979643856734
BH_s34_medium,16,133,20.433333333333334,-0.8076544404029846,1.5784003221032035
BH_s34_medium,16,134,20.466666666666665,-0.9096162915229797,1.534385553417855
BH_s34_medium,16,135,20.5,-1.01157808303833,1.4385666959440546
BH_s34_medium,16,136,20.533333333333335,-1.1135399341583252,1.3082644798301293
BH_s34_medium,16,137,20.566666666666666,-1.2155017852783203,1.1493085749336405
BH_s34_medium,16,138,20.6,-1.3174636363983154,0.9598544473582924
BH_s34_medium,16,139,20.633333333333333,-1.3941705226898193,0.7371946269719708
BH_s34_medium,16,140,20.666666666666668,-1.1964610815048218,0.4838307678838547
BH_s34_medium,16,141,20.7,-0.31289243698120117,0.21016490060772866
BH_s34_medium,16,142,20.733333333333334,0.9567949771881104,-0.06675741836806014
BH_s34_medium,16,143,20.766666666666666,2.0785388946533203,-0.32727517819092544
BH_s34_medium,16,144,20.8,2.3689351081848145,-0.5541715750198143
BH_s34_medium,16,145,20.833333333333332,2.053541660308838,-0.7372962636635129
BH_s34_medium,16,146,20.866666666666667,1.5114595890045166,-0.8765938209562818
BH_s34_medium,16,147,20.9,1.121883749961853,-0.9823989170756925
BH_s34_medium,16,148,20.933333333333334,0.9022129774093628,-1.0719228738886932
BH_s34_medium,16,149,20.966666666666665,0.8002511262893677,-1.1618827476372133
BH_s34_medium,16,150,21.0,0.7653594613075256,-1.2594057953802291
BH_s34_medium,16,151,21.033333333333335,0.7139421105384827,-1.3551355765116275
BH_s34_medium,16,152,21.066666666666666,0.6347107291221619,-1.4222236240451918
BH_s34_medium,16,153,21.1,0.4177529513835907,-1.4226000939115664
BH_s34_medium,16,154,21.133333333333333,0.11186741292476654,-1.318785961375332
BH_s34_medium,16,155,21.166666666666668,-0.14260074496269226,-1.0871330477359522
BH_s34_medium,16,156,21.2,-0.43807095289230347,-0.7278536542524175
BH_s34_medium,16,157,21.233333333333334,-0.6324522495269775,-0.2684206077155903
BH_s34_medium,16,158,21.266666666666666,-0.6829966902732849,0.24087245936706206
BH_s34_medium,16,159,21.3,-0.7257446050643921,0.7379010874467389
BH_s34_medium,16,160,21.333333333333332,-0.7326682806015015,1.1628352633826184
BH_s34_medium,16,161,21.366666666666667,-0.7771620154380798,1.470938179565832
BH_s34_medium,16,162,21.4,-0.8337571620941162,1.6401105907422593
BH_s34_medium,16,163,21.433333333333334,-0.9357190132141113,1.6714044376051735
BH_s34_medium,16,164,21.466666666666665,-0.9862635135650635,1.5837073601724392
BH_s34_medium,16,165,21.5,-1.0882253646850586,1.4058739522258736
BH_s34_medium,16,166,21.533333333333335,-1.1901872158050537,1.1695326902825771
BH_s34_medium,16,167,21.566666666666666,-1.2913358211517334,0.904202068912482
BH_s34_medium,16,168,21.6,-1.3426934480667114,0.634621573639695
BH_s34_medium,16,169,21.633333333333333,-1.3941705226898193,0.37938335489887237
BH_s34_medium,16,170,21.666666666666668,-1.0450820922851562,0.15024992677619223
BH_s34_medium,16,171,21.7,-0.03536418825387955,-0.04776321860458933
BH_s34_medium,16,172,21.733333333333334,1.3326489925384521,-0.2152329065532736
BH_s34_medium,16,173,21.766666666666666,2.2299177646636963,-0.35619411136583295
BH_s34_medium,16,174,21.8,2.313178062438965,-0.4757146856201852
BH_s34_medium,16,175,21.833333333333332,1.8307278156280518,-0.577982782793683
BH_s34_medium,16,176,21.866666666666667,1.3147485256195068,-0.6651650676666778
BH_s34_medium,16,177,21.9,0.8919420838356018,-0.7369315259715999
BH_s34_medium,16,178,21.933333333333334,0.7227309942245483,-0.7908869390352355
BH_s34_medium,16,179,21.966666666666665,0.6625247001647949,-0.8242080800751067
BH_s34_medium,16,180,22.0,0.7139421105384827,-0.8357955591396203
BH_s34_medium,16,181,22.033333333333335,0.7139421105384827,-0.8273268701812904
BH_s34_medium,16,182,22.066666666666666,0.5842510461807251,-0.8020486117689992
BH_s34_medium,16,183,22.1,0.34206342697143555,-0.7616643099264898
BH_s34_medium,16,184,22.133333333333333,0.03617788851261139,-0.7030923726973652
BH_s34_medium,16,185,22.166666666666668,-0.26970764994621277,-0.6172517293699747
BH_s34_medium,16,186,22.2,-0.539948046207428,-0.4911309863275532
BH_s34_medium,16,187,22.233333333333334,-0.6576821208000183,-0.31284969756782477
BH_s34_medium,16,188,22.266666666666666,-0.6743272542953491,-0.0780926855042816
BH_s34_medium,16,189,22.3,-0.7073536515235901,0.2044298571832288
BH_s34_medium,16,190,22.333333333333332,-0.7257446050643921,0.510850330666182
BH_s34_medium,16,191,22.366666666666667,-0.7771620154380798,0.8048200576647371
BH_s34_medium,16,192,22.4,-0.858987033367157,1.0448323945526463
BH_s34_medium,16,193,22.433333333333334,-0.9609488844871521,1.1942679392814415
BH_s34_medium,16,194,22.466666666666665,-1.0629106760025024,1.231086987344666
BH_s34_medium,16,195,22.5,-1.1648725271224976,1.1538946772880339
BH_s34_medium,16,196,22.533333333333335,-1.2668343782424927,0.982004315017761
BH_s34_medium,16,197,22.566666666666666,-1.3687962293624878,0.7492797692097362
BH_s34_medium,16,198,22.6,-1.4455879926681519,0.49431800347741295
BH_s34_medium,16,199,22.633333333333333,-1.2726844549179077,0.251004273678953
BH_s34_medium,16,200,22.666666666666668,-0.3652424216270447,0.04242526627437878
BH_s34_medium,16,201,22.7,0.8754094243049622,-0.12113690382988988
BH_s34_medium,16,202,22.733333333333334,1.9968738555908203,-0.24098961563291793
BH_s34_medium,16,203,22.766666666666666,2.2662699222564697,-0.3269657914398302
BH_s34_medium,16,204,22.8,1.899713397026062,-0.3937463936148363
BH_s34_medium,16,205,22.833333333333332,1.3194271326065063,-0.4572412346202171
BH_s34_medium,16,206,22.866666666666667,0.8136338591575623,-0.5310033403710176
BH_s34_medium,16,207,22.9,0.5423760414123535,-0.6224677429872264
BH_s34_medium,16,208,22.933333333333334,0.5082725882530212,-0.7294308927965615
BH_s34_medium,16,209,22.966666666666665,0.5752580165863037,-0.8380041813816617
BH_s34_medium,16,210,23.0,0.6625247001647949,-0.923454479232585
BH_s34_medium,16,211,23.033333333333335,0.5972850918769836,-0.9546428064643201
BH_s34_medium,16,212,23.066666666666666,0.36658990383148193,-0.9015096139677595
BH_s34_medium,16,213,23.1,0.06070437654852867,-0.7438910041183401
BH_s34_medium,16,214,23.133333333333333,-0.29659855365753174,-0.479387509437623
BH_s34_medium,16,215,23.166666666666668,-0.5921535491943359,-0.12796562172623377
BH_s34_medium,16,216,23.2,-0.7352022528648376,0.2686805035878305
BH_s34_medium,16,217,23.233333333333334,-0.7771620154380798,0.6539364403520624
BH_s34_medium,16,218,23.266666666666666,-0.7771620154380798,0.9682784976733697
BH_s34_medium,16,219,23.3,-0.7771620154380798,1.163365834291104
BH_s34_medium,16,220,23.333333333333332,-0.8285793662071228,1.213746003188458
BH_s34_medium,16,221,23.366666666666667,-0.8850898146629333,1.1222359734541725
BH_s34_medium,16,222,23.4,-0.9356342554092407,0.9175522894574498
BH_s34_medium,16,223,23.433333333333334,-1.0375961065292358,0.645754145713968
BH_s34_medium,16,224,23.466666666666665,-1.139557957649231,0.35880618553148513
BH_s34_medium,16,225,23.5,-1.2431211471557617,0.10356501455678556
BH_s34_medium,16,226,23.533333333333335,-1.3948990106582642,-0.08668920370588762
BH_s34_medium,16,227,23.566666666666666,-1.3943150043487549,-0.19731649327406703
BH_s34_medium,16,228,23.6,-0.6834837794303894,-0.23366650218274773
BH_s34_medium,16,229,23.633333333333333,0.48558881878852844,-0.21842024520945685
BH_s34_medium,16,230,23.666666666666668,1.7633116245269775,-0.1848108005448701
BH_s34_medium,16,231,23.7,2.2491912841796875,-0.16649690065387704
BH_s34_medium,16,232,23.733333333333334,1.9659955501556396,-0.18641080820210254
BH_s34_medium,16,233,23.766666666666666,1.3172072172164917,-0.24827560019689177
BH_s34_medium,16,234,23.8,0.6937991976737976,-0.33457508552308296
BH_s34_medium,16,235,23.833333333333332,0.27256911993026733,-0.4128587033288508
BH_s34_medium,16,236,23.866666666666667,0.1997682750225067,-0.44872777904553784
BH_s34_medium,16,237,23.9,0.3876904845237732,-0.420400994878238
BH_s34_medium,16,238,23.933333333333334,0.5916141867637634,-0.3284448018104576
BH_s34_medium,16,239,23.966666666666665,0.6217268109321594,-0.1962212840495754
BH_s34_medium,17,0,17.0,0.49714091420173645,-0.07798220163894272
BH_s34_medium,17,1,17.033333333333335,1.806408166885376,-0.011062838552565485
BH_s34_medium,17,2,17.066666666666666,2.343475818634033,0.007037293243482401
BH_s34_medium,17,3,17.1,2.063931941986084,-0.060656169664656895
BH_s34_medium,17,4,17.133333333333333,1.4007434844970703,-0.2257771990664812
BH_s34_medium,17,5,17.166666666666668,0.8021759986877441,-0.46876389252502704
BH_s34_medium,17,6,17.2,0.3807763457298279,-0.7415083345871849
BH_s34_medium,17,7,17.233333333333334,0.3026030361652374,-0.9794552837358842
BH_s34_medium,17,8,17.266666666666666,0.4160226881504059,-1.1197281534977266
BH_s34_medium,17,9,17.3,0.5694019198417664,-1.1186396675730712
BH_s34_medium,17,10,17.333333333333332,0.6022682785987854,-0.9628261274639852
BH_s34_medium,17,11,17.366666666666667,0.4329567849636078,-0.6716421105143238
BH_s34_medium,17,12,17.4,0.07565385848283768,-0.2913826270898721
BH_s34_medium,17,13,17.433333333333334,-0.2878693640232086,0.11641963509325777
BH_s34_medium,17,14,17.466666666666665,-0.6336045861244202,0.4894559818319617
BH_s34_medium,17,15,17.5,-0.8330538272857666,0.7782588487366223
BH_s34_medium,17,16,17.533333333333335,-0.8799967765808105,0.9555181402835142
BH_s34_medium,17,17,17.566666666666666,-0.8772681355476379,1.018769875729783
BH_s34_medium,17,18,17.6,-0.8285793662071228,0.9862797079730196
BH_s34_medium,17,19,17.633333333333333,-0.8295621871948242,0.8882091859186129
BH_s34_medium,17,20,17.666666666666668,-0.8801066279411316,0.7564487232093853
BH_s34_medium,17,21,17.7,-0.9820684790611267,0.6164055115268715
BH_s34_medium,17,22,17.733333333333334,-1.084030270576477,0.4827620937107064
BH_s34_medium,17,23,17.766666666666666,-1.1859921216964722,0.35942166797458774
BH_s34_medium,17,24,17.8,-1.2879539728164673,0.24234492189264228
BH_s34_medium,17,25,17.833333333333332,-1.441333293914795,0.1234502142360752
BH_s34_medium,17,26,17.866666666666667,-1.1164320707321167,-0.005753585697082458
BH_s34_medium,17,27,17.9,-0.07790791243314743,-0.151469630745587
BH_s34_medium,17,28,17.933333333333334,1.2861394882202148,-0.31629749241555144
BH_s34_medium,17,29,17.966666666666665,2.2099852561950684,-0.49929707698999304
BH_s34_medium,17,30,18.0,2.2737021446228027,-0.6963138146061395
BH_s34_medium,17,31,18.033333333333335,1.7059005498886108,-0.8988615390720184
BH_s34_medium,17,32,18.066666666666666,1.033219814300537,-1.0910245885670016
BH_s34_medium,17,33,18.1,0.501807451248169,-1.246312584117682
BH_s34_medium,17,34,18.133333333333333,0.26329663395881653,-1.3283581467692902
BH_s34_medium,17,35,18.166666666666668,0.34103652834892273,-1.298468356385548
BH_s34_medium,17,36,18.2,0.48055893182754517,-1.128848342261164
BH_s34_medium,17,37,18.233333333333334,0.6477949619293213,-0.815852455806458
BH_s34_medium,17,38,18.266666666666666,0.5394778847694397,-0.3864466609056969
BH_s34_medium,17,39,18.3,0.2656705677509308,0.10598865738860558
BH_s34_medium,17,40,18.333333333333332,-0.10810793936252594,0.5950979032868838
BH_s34_medium,17,41,18.366666666666667,-0.46541085839271545,1.018501245533625
BH_s34_medium,17,42,18.4,-0.7389733195304871,1.3316971802271305
BH_s34_medium,17,43,18.433333333333334,-0.8600295186042786,1.5146721034814314
BH_s34_medium,17,44,18.466666666666665,-0.8799967765808105,1.570515651665571
BH_s34_medium,17,45,18.5,-0.850292444229126,1.518358564898432
BH_s34_medium,17,46,18.533333333333335,-0.8285793662071228,1.384370689288657
BH_s34_medium,17,47,18.566666666666666,-0.8565378189086914,1.1941944691576594
BH_s34_medium,17,48,18.6,-0.9070823192596436,0.9686153387543653
BH_s34_medium,17,49,18.633333333333333,-1.0090441703796387,0.7224847593611863
BH_s34_medium,17,50,18.666666666666668,-1.1110060214996338,0.4657653053973232
BH_s34_medium,17,51,18.7,-1.212967872619629,0.20529533068854555
BH_s34_medium,17,52,18.733333333333334,-1.366347074508667,-0.05375431082286718
BH_s34_medium,17,53,18.766666666666666,-1.1550101041793823,-0.30712325761748827
BH_s34_medium,17,54,18.8,-0.2064812183380127,-0.5512465796778071
BH_s34_medium,17,55,18.833333333333332,1.1828210353851318,-0.783123269494059
BH_s34_medium,17,56,18.866666666666667,2.34576153755188,-0.9997752909393505
BH_s34_medium,17,57,18.9,2.5779266357421875,-1.1969972446712775
BH_s34_medium,17,58,18.933333333333334,2.1977427005767822,-1.3674716034318926
BH_s34_medium,17,59,18.966666666666665,1.5859715938568115,-1.4988549829763296
BH_s34_medium,17,60,19.0,1.1268669366836548,-1.5729943955524026
BH_s34_medium,17,61,19.033333333333335,0.8524566292762756,-1.5676849422075652
BH_s34_medium,17,62,19.066666666666666,0.8167768716812134,-1.4618731728561518
BH_s34_medium,17,63,19.1,0.8167768716812134,-1.2435138263161554
BH_s34_medium,17,64,19.133333333333333,0.8167768716812134,-0.9169588191162142
BH_s34_medium,17,65,19.166666666666668,0.7408676147460938,-0.5058995580276843
BH_s34_medium,17,66,19.2,0.4741534888744354,-0.049838955989576814
BH_s34_medium,17,67,19.233333333333334,0.15776784718036652,0.4046523187738795
BH_s34_medium,17,68,19.266666666666666,-0.18903496861457825,0.814383912822183
BH_s34_medium,17,69,19.3,-0.48616623878479004,1.1478633334861919
BH_s34_medium,17,70,19.333333333333332,-0.630791187286377,1.3889762078844545
BH_s34_medium,17,71,19.366666666666667,-0.6743272542953491,1.535679843034775
BH_s34_medium,17,72,19.4,-0.6743272542953491,1.5953257712611477
BH_s34_medium,17,73,19.433333333333334,-0.7257446050643921,1.5791271219889613
BH_s34_medium,17,74,19.466666666666665,-0.7301343083381653,1.4978780629540047
BH_s34_medium,17,75,19.5,-0.8285793662071228,1.3599635293704895
BH_s34_medium,17,76,19.533333333333335,-0.8826406002044678,1.1717356080859374
BH_s34_medium,17,77,19.566666666666666,-0.9863733649253845,0.9396072021028626
BH_s34_medium,17,78,19.6,-1.137981653213501,0.6726619159997941
BH_s34_medium,17,79,19.633333333333333,-1.239943504333496,0.38447397953597945
BH_s34_medium,17,80,19.666666666666668,-1.3419053554534912,0.09328843952492542
BH_s34_medium,17,81,19.7,-1.1439666748046875,-0.1797725353739412
BH_s34_medium,17,82,19.733333333333334,-0.18868371844291687,-0.4145355869663958
BH_s34_medium,17,83,19.766666666666666,1.131632924079895,-0.5970493121602056
BH_s34_medium,17,84,19.8,2.3202428817749023,-0.7244540771189336
BH_s34_medium,17,85,19.833333333333332,2.5135505199432373,-0.8069182527235692
BH_s34_medium,17,86,19.866666666666667,2.1840555667877197,-0.8651036565409682
BH_s34_medium,17,87,19.9,1.6297870874404907,-0.923665894821839
BH_s34_medium,17,88,19.933333333333334,1.251609444618225,-1.00301376644107
BH_s34_medium,17,89,19.966666666666665,1.0398545265197754,-1.1120620812573156
BH_s34_medium,17,90,20.0,0.92918860912323,-1.2439607841287237
BH_s34_medium,17,91,20.033333333333335,0.8786441683769226,-1.3755829701279498
BH_s34_medium,17,92,20.066666666666666,0.8167768716812134,-1.4707425884800176
BH_s34_medium,17,93,20.1,0.6869162321090698,-1.486753298564934
BH_s34_medium,17,94,20.133333333333333,0.44464385509490967,-1.3836576497388766
BH_s34_medium,17,95,20.166666666666668,0.13875830173492432,-1.1349557047210153
BH_s34_medium,17,96,20.2,-0.11570985615253448,-0.7378105453456616
BH_s34_medium,17,97,20.233333333333334,-0.3858654499053955,-0.21954419814453932
BH_s34_medium,17,98,20.266666666666666,-0.5549321174621582,0.36341792778402926
BH_s34_medium,17,99,20.3,-0.6568939685821533,0.9363266286743546
BH_s34_medium,17,100,20.333333333333332,-0.6743272542953491,1.4243472626479206
BH_s34_medium,17,101,20.366666666666667,-0.7065654993057251,1.7716125739184334
BH_s34_medium,17,102,20.4,-0.7571099400520325,1.9534520290323805
BH_s34_medium,17,103,20.433333333333334,-0.8076544404029846,1.9773227321785556
BH_s34_medium,17,104,20.466666666666665,-0.9096162915229797,1.8734982988075115
BH_s34_medium,17,105,20.5,-1.01157808303833,1.6810104215111297
BH_s34_medium,17,106,20.533333333333335,-1.1135399341583252,1.4351367655818816
BH_s34_medium,17,107,20.566666666666666,-1.2155017852783203,1.1604756336568027
BH_s34_medium,17,108,20.6,-1.3174636363983154,0.870446083705792
BH_s34_medium,17,109,20.633333333333333,-1.3941705226898193,0.5714446464120608
BH_s34_medium,17,110,20.666666666666668,-1.1964610815048218,0.2686092543580776
BH_s34_medium,17,111,20.7,-0.31289243698120117,-0.0297651366175591
BH_s34_medium,17,112,20.733333333333334,0.9567949771881104,-0.31102996002301997
BH_s34_medium,17,113,20.766666666666666,2.0785388946533203,-0.5604866895483553
BH_s34_medium,17,114,20.8,2.3689351081848145,-0.7659366041342877
BH_s34_medium,17,115,20.833333333333332,2.053541660308838,-0.9223650096715752
BH_s34_medium,17,116,20.866666666666667,1.5114595890045166,-1.034732052418762
BH_s34_medium,17,117,20.9,1.121883749961853,-1.1174615188674157
BH_s34_medium,17,118,20.933333333333334,0.9022129774093628,-1.1899765746618003
BH_s34_medium,17,119,20.966666666666665,0.8002511262893677,-1.2687480778567293
BH_s34_medium,17,120,21.0,0.7653594613075256,-1.3579607282580062
BH_s34_medium,17,121,21.033333333333335,0.7139421105384827,-1.442487811125338
BH_s34_medium,17,122,21.066666666666666,0.6347107291221619,-1.4873219666831927
BH_s34_medium,17,123,21.1,0.4177529513835907,-1.4458883275626506
BH_s34_medium,17,124,21.133333333333333,0.11186741292476654,-1.2758117025557485
BH_s34_medium,17,125,21.166666666666668,-0.14260074496269226,-0.9565895400400701
BH_s34_medium,17,126,21.2,-0.43807095289230347,-0.5016840351558397
BH_s34_medium,17,127,21.233333333333334,-0.6324522495269775,0.040718078503625174
BH_s34_medium,17,128,21.266666666666666,-0.6829966902732849,0.5990856634442152
BH_s34_medium,17,129,21.3,-0.7257446050643921,1.0975192583784315
BH_s34_medium,17,130,21.333333333333332,-0.7326682806015015,1.4749846204725638
BH_s34_medium,17,131,21.366666666666667,-0.7771620154380798,1.6981429932853667
BH_s34_medium,17,132,21.4,-0.8337571620941162,1.7644103946457474
BH_s34_medium,17,133,21.433333333333334,-0.9357190132141113,1.6959806493650322
BH_s34_medium,17,134,21.466666666666665,-0.9862635135650635,1.5286288633348772
BH_s34_medium,17,135,21.5,-1.0882253646850586,1.3001560810844237
BH_s34_medium,17,136,21.533333333333335,-1.1901872158050537,1.0422961964363124
BH_s34_medium,17,137,21.566666666666666,-1.2913358211517334,0.7775800050415691
BH_s34_medium,17,138,21.6,-1.3426934480667114,0.5202438957098121
BH_s34_medium,17,139,21.633333333333333,-1.3941705226898193,0.2788958721291018
BH_s34_medium,17,140,21.666666666666668,-1.0450820922851562,0.058797126603195936
BH_s34_medium,17,141,21.7,-0.03536418825387955,-0.1371664927147974
BH_s34_medium,17,142,21.733333333333334,1.3326489925384521,-0.308421016326077
BH_s34_medium,17,143,21.766666666666666,2.2299177646636963,-0.4565966740359074
BH_s34_medium,17,144,21.8,2.313178062438965,-0.5848520539238728
BH_s34_medium,17,145,21.833333333333332,1.8307278156280518,-0.6966895191288578
BH_s34_medium,17,146,21.866666666666667,1.3147485256195068,-0.7944028259404505
BH_s34_medium,17,147,21.9,0.8919420838356018,-0.8774713512364299
BH_s34_medium,17,148,21.933333333333334,0.7227309942245483,-0.941870738194059
BH_s34_medium,17,149,21.966666666666665,0.6625247001647949,-0.9812385702713451
BH_s34_medium,17,150,22.0,0.7139421105384827,-0.9893924459293094
BH_s34_medium,17,151,22.033333333333335,0.7139421105384827,-0.962411234499786
BH_s34_medium,17,152,22.066666666666666,0.5842510461807251,-0.898925614232296
BH_s34_medium,17,153,22.1,0.34206342697143555,-0.7986859082368237
BH_s34_medium,17,154,22.133333333333333,0.03617788851261139,-0.6604972092431204
BH_s34_medium,17,155,22.166666666666668,-0.26970764994621277,-0.4810846767300848
BH_s34_medium,17,156,22.2,-0.539948046207428,-0.25649754055102686
BH_s34_medium,17,157,22.233333333333334,-0.6576821208000183,0.01337735071845928
BH_s34_medium,17,158,22.266666666666666,-0.6743272542953491,0.3188521111396488
BH_s34_medium,17,159,22.3,-0.7073536515235901,0.6365171727596023
BH_s34_medium,17,160,22.333333333333332,-0.7257446050643921,0.9305975003883513
BH_s34_medium,17,161,22.366666666666667,-0.7771620154380798,1.160372247659107
BH_s34_medium,17,162,22.4,-0.858987033367157,1.291177998893464
BH_s34_medium,17,163,22.433333333333334,-0.9609488844871521,1.3046004582801618
BH_s34_medium,17,164,22.466666666666665,-1.0629106760025024,1.2040958131276671
BH_s34_medium,17,165,22.5,-1.1648725271224976,1.0142943936768665
BH_s34_medium,17,166,22.533333333333335,-1.2668343782424927,0.7740729559422419
BH_s34_medium,17,167,22.566666666666666,-1.3687962293624878,0.5252493961810604
BH_s34_medium,17,168,22.6,-1.4455879926681519,0.3006690357062313
BH_s34_medium,17,169,22.633333333333333,-1.2726844549179077,0.1162229698375527
BH_s34_medium,17,170,22.666666666666668,-0.3652424216270447,-0.030210972901786065
BH_s34_medium,17,171,22.7,0.8754094243049622,-0.1531517387009012
BH_s34_medium,17,172,22.733333333333334,1.9968738555908203,-0.27057897337260306
BH_s34_medium,17,173,22.766666666666666,2.2662699222564697,-0.39608064462894305
BH_s34_medium,17,174,22.8,1.899713397026062,-0.534843534089006
BH_s34_medium,17,175,22.833333333333332,1.3194271326065063,-0.6835395751366766
BH_s34_medium,17,176,22.866666666666667,0.8136338591575623,-0.8324608621657491
BH_s34_medium,17,177,22.9,0.5423760414123535,-0.9681391028342977
BH_s34_medium,17,178,22.933333333333334,0.5082725882530212,-1.0755368277207638
BH_s34_medium,17,179,22.966666666666665,0.5752580165863037,-1.1396733826153493
BH_s34_medium,17,180,23.0,0.6625247001647949,-1.1466754916234512
BH_s34_medium,17,181,23.033333333333335,0.5972850918769836,-1.0842732450035373
BH_s34_medium,17,182,23.066666666666666,0.36658990383148193,-0.9423022768579679
BH_s34_medium,17,183,23.1,0.06070437654852867,-0.7143843101538675
BH_s34_medium,17,184,23.133333333333333,-0.29659855365753174,-0.40172936235068885
BH_s34_medium,17,185,23.166666666666668,-0.5921535491943359,-0.018360609359834055
BH_s34_medium,17,186,23.2,-0.7352022528648376,0.4052760218346252
BH_s34_medium,17,187,23.233333333333334,-0.7771620154380798,0.8239680699767385
BH_s34_medium,17,188,23.266666666666666,-0.7771620154380798,1.1857823672427577
BH_s34_medium,17,189,23.3,-0.7771620154380798,1.4439275832950198
BH_s34_medium,17,190,23.333333333333332,-0.8285793662071228,1.5678602211740966
BH_s34_medium,17,191,23.366666666666667,-0.8850898146629333,1.5496833111769557
BH_s34_medium,17,192,23.4,-0.9356342554092407,1.404309027507932
BH_s34_medium,17,193,23.433333333333334,-1.0375961065292358,1.164328984653089
BH_s34_medium,17,194,23.466666666666665,-1.139557957649231,0.8717149648157374
BH_s34_medium,17,195,23.5,-1.2431211471557617,0.5685213557583625
BH_s34_medium,17,196,23.533333333333335,-1.3948990106582642,0.2884681120044733
BH_s34_medium,17,197,23.566666666666666,-1.3943150043487549,0.050979630225469336
BH_s34_medium,17,198,23.6,-0.6834837794303894,-0.14111271041106835
BH_s34_medium,17,199,23.633333333333333,0.48558881878852844,-0.2995739372326905
BH_s34_medium,17,200,23.666666666666668,1.7633116245269775,-0.4447290496394038
BH_s34_medium,17,201,23.7,2.2491912841796875,-0.5967395162409957
BH_s34_medium,17,202,23.733333333333334,1.9659955501556396,-0.7665652957893336
BH_s34_medium,17,203,23.766666666666666,1.3172072172164917,-0.9495116381751869
BH_s34_medium,17,204,23.8,0.6937991976737976,-1.123900582969455
BH_s34_medium,17,205,23.833333333333332,0.27256911993026733,-1.2559859533744904
BH_s34_medium,17,206,23.866666666666667,0.1997682750225067,-1.309996415457576
BH_s34_medium,17,207,23.9,0.3876904845237732,-1.2599212326977436
BH_s34_medium,17,208,23.933333333333334,0.5916141867637634,-1.0984604270454252
BH_s34_medium,17,209,23.966666666666665,0.6217268109321594,-0.8395197951977342
BH_s34_medium,17,210,24.0,0.4399150311946869,-0.5136996433178197
BH_s34_medium,17,211,24.033333333333335,0.04356005787849426,-0.15951482262392727
BH_s34_medium,17,212,24.066666666666666,-0.31286993622779846,0.18550360403288432
BH_s34_medium,17,213,24.1,-0.6319937109947205,0.49071685093004663
BH_s34_medium,17,214,24.133333333333333,-0.8135952949523926,0.7346998836396067
BH_s34_medium,17,215,24.166666666666668,-0.8285793662071228,0.9053173764204872
BH_s34_medium,17,216,24.2,-0.8285793662071228,0.9989682258703126
BH_s34_medium,17,217,24.233333333333334,-0.7771620154380798,1.0195342930787916
BH_s34_medium,17,218,24.266666666666666,-0.7771620154380798,0.9771158781000205
BH_s34_medium,17,219,24.3,-0.8606480956077576,0.8865570805670406
BH_s34_medium,17,220,24.333333333333332,-0.9111925363540649,0.7655530569383562
BH_s34_medium,17,221,24.366666666666667,-1.01315438747406,0.6320046495565227
BH_s34_medium,17,222,24.4,-1.1665335893630981,0.5006451177058447
BH_s34_medium,17,223,24.433333333333334,-1.2970725297927856,0.37975066640410726
BH_s34_medium,17,224,24.466666666666665,-1.2596408128738403,0.2694527147606202
BH_s34_medium,17,225,24.5,-0.5334361791610718,0.16304127775729885
BH_s34_medium,17,226,24.533333333333335,0.743394672870636,0.05135407802500104
BH_s34_medium,17,227,24.566666666666666,2.044560670852661,-0.07148599761059982
BH_s34_medium,17,228,24.6,2.5649678707122803,-0.20390500838092845
BH_s34_medium,17,229,24.633333333333333,2.294018030166626,-0.33663493507131753
BH_s34_medium,17,230,24.666666666666668,1.7103248834609985,-0.4563984014392824
BH_s34_medium,17,231,24.7,1.193158507347107,-0.5510645438085652
BH_s34_medium,17,232,24.733333333333334,0.8781700730323792,-0.6131180888190051
BH_s34_medium,17,233,24.766666666666666,0.7455115914344788,-0.6398526143174501
BH_s34_medium,17,234,24.8,0.7329170107841492,-0.6313999686685784
BH_s34_medium,17,235,24.833333333333332,0.7834615111351013,-0.5890965240472583
BH_s34_medium,17,236,24.866666666666667,0.7481303811073303,-0.5154614339945769
BH_s34_medium,17,237,24.9,0.562038779258728,-0.41504574469740446
BH_s34_medium,17,238,24.933333333333334,0.2047358602285385,-0.2948674063935429
BH_s34_medium,17,239,24.966666666666665,-0.11576002836227417,-0.1639477390698222
BH_s34_medium,18,0,18.0,2.2737021446228027,-0.008938090143174118
BH_s34_medium,18,1,18.033333333333335,1.7059005498886108,-0.08221736790131122
BH_s34_medium,18,2,18.066666666666666,1.033219814300537,-0.1648340155394362
BH_s34_medium,18,3,18.1,0.501807451248169,-0.25753663087570206
BH_s34_medium,18,4,18.133333333333333,0.26329663395881653,-0.3449274123852867
BH_s34_medium,18,5,18.166666666666668,0.34103652834892273,-0.3971476267397347
BH_s34_medium,18,6,18.2,0.48055893182754517,-0.37976121613460945
BH_s34_medium,18,7,18.233333333333334,0.6477949619293213,-0.2687018262594551
BH_s34_medium,18,8,18.266666666666666,0.5394778847694397,-0.0633435817053527
BH_s34_medium,18,9,18.3,0.2656705677509308,0.20949973432048105
BH_s34_medium,18,10,18.333333333333332,-0.10810793936252594,0.5028769645622975
BH_s34_medium,18,11,18.366666666666667,-0.46541085839271545,0.7642055926386956
BH_s34_medium,18,12,18.4,-0.7389733195304871,0.9500109450619618
BH_s34_medium,18,13,18.433333333333334,-0.8600295186042786,1.0353546077122189
BH_s34_medium,18,14,18.466666666666665,-0.8799967765808105,1.0161294516146666
BH_s34_medium,18,15,18.5,-0.850292444229126,0.9057184626651248
BH_s34_medium,18,16,18.533333333333335,-0.8285793662071228,0.7287317129804701
BH_s34_medium,18,17,18.566666666666666,-0.8565378189086914,0.5141349872519677
BH_s34_medium,18,18,18.6,-0.9070823192596436,0.2893338182074867
BH_s34_medium,18,19,18.633333333333333,-1.0090441703796387,0.07609289768876612
BH_s34_medium,18,20,18.666666666666668,-1.1110060214996338,-0.11149274473965123
BH_s34_medium,18,21,18.7,-1.212967872619629,-0.2672689723359521
BH_s34_medium,18,22,18.733333333333334,-1.366347074508667,-0.39207468936604806
BH_s34_medium,18,23,18.766666666666666,-1.1550101041793823,-0.4921988011328082
BH_s34_medium,18,24,18.8,-0.2064812183380127,-0.5778089424603325
BH_s34_medium,18,25,18.833333333333332,1.1828210353851318,-0.6614006173766329
BH_s34_medium,18,26,18.866666666666667,2.34576153755188,-0.7554490266937114
BH_s34_medium,18,27,18.9,2.5779266357421875,-0.8683665668931462
BH_s34_medium,18,28,18.933333333333334,2.1977427005767822,-0.9992443063473455
BH_s34_medium,18,29,18.966666666666665,1.5859715938568115,-1.1335606103418687
BH_s34_medium,18,30,19.0,1.1268669366836548,-1.242559418560927
BH_s34_medium,18,31,19.033333333333335,0.8524566292762756,-1.2880081140463955
BH_s34_medium,18,32,19.066666666666666,0.8167768716812134,-1.2320397747042753
BH_s34_medium,18,33,19.1,0.8167768716812134,-1.0494590494569214
BH_s34_medium,18,34,19.133333333333333,0.8167768716812134,-0.7381689280048362
BH_s34_medium,18,35,19.166666666666668,0.7408676147460938,-0.32335916150420013
BH_s34_medium,18,36,19.2,0.4741534888744354,0.14677685787093572
BH_s34_medium,18,37,19.233333333333334,0.15776784718036652,0.6126766933453357
BH_s34_medium,18,38,19.266666666666666,-0.18903496861457825,1.0182859278235903
BH_s34_medium,18,39,19.3,-0.48616623878479004,1.32381386889163
BH_s34_medium,18,40,19.333333333333332,-0.630791187286377,1.5120845959799862
BH_s34_medium,18,41,19.366666666666667,-0.6743272542953491,1.5871099804892854
BH_s34_medium,18,42,19.4,-0.6743272542953491,1.5668601306461256
BH_s34_medium,18,43,19.433333333333334,-0.7257446050643921,1.4742007643218196
BH_s34_medium,18,44,19.466666666666665,-0.7301343083381653,1.3296482052257685
BH_s34_medium,18,45,19.5,-0.8285793662071228,1.1477821845339635
BH_s34_medium,18,46,19.533333333333335,-0.8826406002044678,0.9372910165034849
BH_s34_medium,18,47,19.566666666666666,-0.9863733649253845,0.7034362463129703
BH_s34_medium,18,48,19.6,-1.137981653213501,0.4513195386560807
BH_s34_medium,18,49,19.633333333333333,-1.239943504333496,0.18852951131551515
BH_s34_medium,18,50,19.666666666666668,-1.3419053554534912,-0.07373168913110695
BH_s34_medium,18,51,19.7,-1.1439666748046875,-0.32127470426490606
BH_s34_medium,18,52,19.733333333333334,-0.18868371844291687,-0.5389230546471153
BH_s34_medium,18,53,19.766666666666666,1.131632924079895,-0.7132916448229438
BH_s34_medium,18,54,19.8,2.3202428817749023,-0.8359270796718153
BH_s34_medium,18,55,19.833333333333332,2.5135505199432373,-0.9062854235268558
BH_s34_medium,18,56,19.866666666666667,2.1840555667877197,-0.9333762516304291
BH_s34_medium,18,57,19.9,1.6297870874404907,-0.9348022428658165
BH_s34_medium,18,58,19.933333333333334,1.251609444618225,-0.9330303561740615
BH_s34_medium,18,59,19.966666666666665,1.0398545265197754,-0.9496749642174144
BH_s34_medium,18,60,20.0,0.92918860912323,-0.998378066928869
BH_s34_medium,18,61,20.033333333333335,0.8786441683769226,-1.0771804670332028
BH_s34_medium,18,62,20.066666666666666,0.8167768716812134,-1.1632303935182178
BH_s34_medium,18,63,20.1,0.6869162321090698,-1.2140033791316918
BH_s34_medium,18,64,20.133333333333333,0.44464385509490967,-1.177410018780365
BH_s34_medium,18,65,20.166666666666668,0.13875830173492432,-1.008896085311553
BH_s34_medium,18,66,20.2,-0.11570985615253448,-0.6894537435505892
BH_s34_medium,18,67,20.233333333333334,-0.3858654499053955,-0.23685026163572956
BH_s34_medium,18,68,20.266666666666666,-0.5549321174621582,0.2954362446085268
BH_s34_medium,18,69,20.3,-0.6568939685821533,0.8319640061279656
BH_s34_medium,18,70,20.333333333333332,-0.6743272542953491,1.2965060712000527
BH_s34_medium,18,71,20.366666666666667,-0.7065654993057251,1.6322005641264603
BH_s34_medium,18,72,20.4,-0.7571099400520325,1.8132011519594171
BH_s34_medium,18,73,20.433333333333334,-0.8076544404029846,1.844732748432504
BH_s34_medium,18,74,20.466666666666665,-0.9096162915229797,1.7537447153733188
BH_s34_medium,18,75,20.5,-1.01157808303833,1.5758001899102179
BH_s34_medium,18,76,20.533333333333335,-1.1135399341583252,1.343935566514989
BH_s34_medium,18,77,20.566666666666666,-1.2155017852783203,1.0827549679639414
BH_s34_medium,18,78,20.6,-1.3174636363983154,0.8079267293697621
BH_s34_medium,18,79,20.633333333333333,-1.3941705226898193,0.5291432089810727
BH_s34_medium,18,80,20.666666666666668,-1.1964610815048218,0.25410389230646097
BH_s34_medium,18,81,20.7,-0.31289243698120117,-0.008469621512303203
BH_s34_medium,18,82,20.733333333333334,0.9567949771881104,-0.2481567420292857
BH_s34_medium,18,83,20.766666666666666,2.0785388946533203,-0.4548739676662589
BH_s34_medium,18,84,20.8,2.3689351081848145,-0.62251820032068
BH_s34_medium,18,85,20.833333333333332,2.053541660308838,-0.7521876304572831
BH_s34_medium,18,86,20.866666666666667,1.5114595890045166,-0.8533545600478556
BH_s34_medium,18,87,20.9,1.121883749961853,-0.94225391242074
BH_s34_medium,18,88,20.933333333333334,0.9022129774093628,-1.0372390319522768
BH_s34_medium,18,89,20.966666666666665,0.8002511262893677,-1.1515477537130245
BH_s34_medium,18,90,21.0,0.7653594613075256,-1.2853997247777469
BH_s34_medium,18,91,21.033333333333335,0.7139421105384827,-1.4206484351163522
BH_s34_medium,18,92,21.066666666666666,0.6347107291221619,-1.5210742531073476
BH_s34_medium,18,93,21.1,0.4177529513835907,-1.5396932734684703
BH_s34_medium,18,94,21.133333333333333,0.11186741292476654,-1.431847143489163
BH_s34_medium,18,95,21.166666666666668,-0.14260074496269226,-1.1702459228070832
BH_s34_medium,18,96,21.2,-0.43807095289230347,-0.7566509019748253
BH_s34_medium,18,97,21.233333333333334,-0.6324522495269775,-0.22561056284219366
BH_s34_medium,18,98,21.266666666666666,-0.6829966902732849,0.36133504899680147
BH_s34_medium,18,99,21.3,-0.7257446050643921,0.9290173959311331
BH_s34_medium,18,100,21.333333333333332,-0.7326682806015015,1.4053623808051683
BH_s34_medium,18,101,21.366666666666667,-0.7771620154380798,1.7366312183583417
BH_s34_medium,18,102,21.4,-0.8337571620941162,1.8969616485509895
BH_s34_medium,18,103,21.433333333333334,-0.9357190132141113,1.8899242282053854
BH_s34_medium,18,104,21.466666666666665,-0.9862635135650635,1.7427090936097613
BH_s34_medium,18,105,21.5,-1.0882253646850586,1.4959592938765451
BH_s34_medium,18,106,21.533333333333335,-1.1901872158050537,1.1929457181730163
BH_s34_medium,18,107,21.566666666666666,-1.2913358211517334,0.8710579798183362
BH_s34_medium,18,108,21.6,-1.3426934480667114,0.5573263903346442
BH_s34_medium,18,109,21.633333333333333,-1.3941705226898193,0.26816364966359657
BH_s34_medium,18,110,21.666666666666668,-1.0450820922851562,0.011946590875652665
BH_s34_medium,18,111,21.7,-0.03536418825387955,-0.20776631516289007
BH_s34_medium,18,112,21.733333333333334,1.3326489925384521,-0.3901220609497157
BH_s34_medium,18,113,21.766666666666666,2.2299177646636963,-0.5364029179170822
BH_s34_medium,18,114,21.8,2.313178062438965,-0.6502154207494302
BH_s34_medium,18,115,21.833333333333332,1.8307278156280518,-0.7372209249299988
BH_s34_medium,18,116,21.866666666666667,1.3147485256195068,-0.8037427513574269
BH_s34_medium,18,117,21.9,0.8919420838356018,-0.8547045129846101
BH_s34_medium,18,118,21.933333333333334,0.7227309942245483,-0.8922128680382783
BH_s34_medium,18,119,21.966666666666665,0.6625247001647949,-0.915825719540582
BH_s34_medium,18,120,22.0,0.7139421105384827,-0.9240989789490224
BH_s34_medium,18,121,22.033333333333335,0.7139421105384827,-0.9157144873984564
BH_s34_medium,18,122,22.066666666666666,0.5842510461807251,-0.8886869621681381
BH_s34_medium,18,123,22.1,0.34206342697143555,-0.8377548857695928
BH_s34_medium,18,124,22.133333333333333,0.03617788851261139,-0.7519541251765031
BH_s34_medium,18,125,22.166666666666668,-0.26970764994621277,-0.6151342909891149
BH_s34_medium,18,126,22.2,-0.539948046207428,-0.4110130578837198
BH_s34_medium,18,127,22.233333333333334,-0.6576821208000183,-0.13181959350680103
BH_s34_medium,18,128,22.266666666666666,-0.6743272542953491,0.21295327860868862
BH_s34_medium,18,129,22.3,-0.7073536515235901,0.5922452966123185
BH_s34_medium,18,130,22.333333333333332,-0.7257446050643921,0.9569143517877827
BH_s34_medium,18,131,22.366666666666667,-0.7771620154380798,1.2511105383185894
BH_s34_medium,18,132,22.4,-0.858987033367157,1.4277778000517127
BH_s34_medium,18,133,22.433333333333334,-0.9609488844871521,1.4622470604454718
BH_s34_medium,18,134,22.466666666666665,-1.0629106760025024,1.3586541709422784
BH_s34_medium,18,135,22.5,-1.1648725271224976,1.1471210688764006
BH_s34_medium,18,136,22.533333333333335,-1.2668343782424927,0.8734502979765792
BH_s34_medium,18,137,22.566666666666666,-1.3687962293624878,0.5856720144949293
BH_s34_medium,18,138,22.6,-1.4455879926681519,0.3221641716835306
BH_s34_medium,18,139,22.633333333333333,-1.2726844549179077,0.10463272796804599
BH_s34_medium,18,140,22.666666666666668,-0.3652424216270447,-0.06295844752126217
BH_s34_medium,18,141,22.7,0.8754094243049622,-0.19052242026206093
BH_s34_medium,18,142,22.733333333333334,1.9968738555908203,-0.2954455510591778
BH_s34_medium,18,143,22.766666666666666,2.2662699222564697,-0.396215522935736
BH_s34_medium,18,144,22.8,1.899713397026062,-0.5076615610866647
BH_s34_medium,18,145,22.833333333333332,1.3194271326065063,-0.6380578913136079
BH_s34_medium,18,146,22.866666666666667,0.8136338591575623,-0.7875604391727379
BH_s34_medium,18,147,22.9,0.5423760414123535,-0.9474645652993844
BH_s34_medium,18,148,22.933333333333334,0.5082725882530212,-1.1002813119563033
BH_s34_medium,18,149,22.966666666666665,0.5752580165863037,-1.2210597908618153
BH_s34_medium,18,150,23.0,0.6625247001647949,-1.2803372787788323
BH_s34_medium,18,151,23.033333333333335,0.5972850918769836,-1.2487096101570276
BH_s34_medium,18,152,23.066666666666666,0.36658990383148193,-1.1026228578129853
BH_s34_medium,18,153,23.1,0.06070437654852867,-0.8307437448591587
BH_s34_medium,18,154,23.133333333333333,-0.29659855365753174,-0.4400130293937085
BH_s34_medium,18,155,23.166666666666668,-0.5921535491943359,0.040217039622991106
BH_s34_medium,18,156,23.2,-0.7352022528648376,0.5584912499110762
BH_s34_medium,18,157,23.233333333333334,-0.7771620154380798,1.048176670086124
BH_s34_medium,18,158,23.266666666666666,-0.7771620154380798,1.4406274476098093
BH_s34_medium,18,159,23.3,-0.7771620154380798,1.6809302537615536
BH_s34_medium,18,160,23.333333333333332,-0.8285793662071228,1.7408192901910706
BH_s34_medium,18,161,23.366666666666667,-0.8850898146629333,1.6242979702914637
BH_s34_medium,18,162,23.4,-0.9356342554092407,1.3646792773508019
BH_s34_medium,18,163,23.433333333333334,-1.0375961065292358,1.015054382432662
BH_s34_medium,18,164,23.466666666666665,-1.139557957649231,0.6356993800095944
BH_s34_medium,18,165,23.5,-1.2431211471557617,0.2815941140695503
BH_s34_medium,18,166,23.533333333333335,-1.3948990106582642,-0.007863411866462677
BH_s34_medium,18,167,23.566666666666666,-1.3943150043487549,-0.21565440386249538
BH_s34_medium,18,168,23.6,-0.6834837794303894,-0.349271818903036
BH_s34_medium,18,169,23.633333333333333,0.48558881878852844,-0.43706650609850517
BH_s34_medium,18,170,23.666666666666668,1.7633116245269775,-0.5185448491887087
BH_s34_medium,18,171,23.7,2.2491912841796875,-0.6302653171723477
BH_s34_medium,18,172,23.733333333333334,1.9659955501556396,-0.7912933927471558
BH_s34_medium,18,173,23.766666666666666,1.3172072172164917,-0.9934405036776925
BH_s34_medium,18,174,23.8,0.6937991976737976,-1.2005462897269514
BH_s34_medium,18,175,23.833333333333332,0.27256911993026733,-1.3579926632874617
BH_s34_medium,18,176,23.866666666666667,0.1997682750225067,-1.4096780828167859
BH_s34_medium,18,177,23.9,0.3876904845237732,-1.316568224876987
BH_s34_medium,18,178,23.933333333333334,0.5916141867637634,-1.0701228117205372
BH_s34_medium,18,179,23.966666666666665,0.6217268109321594,-0.6957778188491913
BH_s34_medium,18,180,24.0,0.4399150311946869,-0.24551616912226262
BH_s34_medium,18,181,24.033333333333335,0.04356005787849426,0.21724480478284217
BH_s34_medium,18,182,24.066666666666666,-0.31286993622779846,0.6344831256757191
BH_s34_medium,18,183,24.1,-0.6319937109947205,0.9660438384201113
BH_s34_medium,18,184,24.133333333333333,-0.8135952949523926,1.194187515003017
BH_s34_medium,18,185,24.166666666666668,-0.8285793662071228,1.3203655360313888
BH_s34_medium,18,186,24.2,-0.8285793662071228,1.3574225401846665
BH_s34_medium,18,187,24.233333333333334,-0.7771620154380798,1.3215383905134686
BH_s34_medium,18,188,24.266666666666666,-0.7771620154380798,1.2271576419220607
BH_s34_medium,18,189,24.3,-0.8606480956077576,1.085817043715506
BH_s34_medium,18,190,24.333333333333332,-0.9111925363540649,0.9075681352307533
BH_s34_medium,18,191,24.366666666666667,-1.01315438747406,0.7027310842562133
BH_s34_medium,18,192,24.4,-1.1665335893630981,0.48232873382984026
BH_s34_medium,18,193,24.433333333333334,-1.2970725297927856,0.2570053338785968
BH_s34_medium,18,194,24.466666666666665,-1.2596408128738403,0.03541340037838834
BH_s34_medium,18,195,24.5,-0.5334361791610718,-0.17677674601920162
BH_s34_medium,18,196,24.533333333333335,0.743394672870636,-0.37686189653711044
BH_s34_medium,18,197,24.566666666666666,2.044560670852661,-0.5644607790767563
BH_s34_medium,18,198,24.6,2.5649678707122803,-0.7405819608629178
BH_s34_medium,18,199,24.633333333333333,2.294018030166626,-0.9063017621105253
BH_s34_medium,18,200,24.666666666666668,1.7103248834609985,-1.060823113705719
BH_s34_medium,18,201,24.7,1.193158507347107,-1.199031059205555
BH_s34_medium,18,202,24.733333333333334,0.8781700730323792,-1.309247439690692
BH_s34_medium,18,203,24.766666666666666,0.7455115914344788,-1.3724648285235876
BH_s34_medium,18,204,24.8,0.7329170107841492,-1.364523257496457
BH_s34_medium,18,205,24.833333333333332,0.7834615111351013,-1.2619289825768252
BH_s34_medium,18,206,24.866666666666667,0.7481303811073303,-1.0502437080100429
BH_s34_medium,18,207,24.9,0.562038779258728,-0.732136652127554
BH_s34_medium,18,208,24.933333333333334,0.2047358602285385,-0.33150884890128496
BH_s34_medium,18,209,24.966666666666665,-0.11576002836227417,0.10880525585527219
BH_s34_medium,18,210,25.0,-0.4447151720523834,0.5356867202418517
BH_s34_medium,18,211,25.033333333333335,-0.6357743740081787,0.8979068108906711
BH_s34_medium,18,212,25.066666666666666,-0.7257446050643921,1.1575363544998294
BH_s34_medium,18,213,25.1,-0.7257446050643921,1.2969013690073266
BH_s34_medium,18,214,25.133333333333333,-0.7359903454780579,1.3196828445252888
BH_s34_medium,18,215,25.166666666666668,-0.78653484582901,1.2470781471652996
BH_s34_medium,18,216,25.2,-0.8370792865753174,1.1109235504259938
BH_s34_medium,18,217,25.233333333333334,-0.9390411376953125,0.9456142629378537
BH_s34_medium,18,218,25.266666666666666,-1.0410029888153076,0.7804525160293376
BH_s34_medium,18,219,25.3,-1.1429648399353027,0.6339583833726758
BH_s34_medium,18,220,25.333333333333332,-1.2449266910552979,0.5114373339717705
BH_s34_medium,18,221,25.366666666666667,-1.346888542175293,0.4063605374072979
BH_s34_medium,18,222,25.4,-1.4358006715774536,0.30488993680900217
BH_s34_medium,18,223,25.433333333333334,-0.9051296710968018,0.19187252891184275
BH_s34_medium,18,224,25.466666666666665,0.2739343047142029,0.05647370544308801
BH_s34_medium,18,225,25.5,1.7493699789047241,-0.1038588361922441
BH_s34_medium,18,226,25.533333333333335,2.6150097846984863,-0.28174154849227445
BH_s34_medium,18,227,25.566666666666666,2.5671722888946533,-0.46065523172450024
BH_s34_medium,18,228,25.6,2.112086772918701,-0.6180401509055857
BH_s34_medium,18,229,25.633333333333333,1.5994296073913574,-0.7302196099923719
BH_s34_medium,18,230,25.666666666666668,1.290696144104004,-0.7782340394416919
BH_s34_medium,18,231,25.7,1.1298749446868896,-0.7532514562707152
BH_s34_medium,18,232,25.733333333333334,0.9819625616073608,-0.6601080020536357
BH_s34_medium,18,233,25.766666666666666,0.8745339512825012,-0.5177981102219898
BH_s34_medium,18,234,25.8,0.7725721001625061,-0.3563131036750105
BH_s34_medium,18,235,25.833333333333332,0.6272783875465393,-0.20999971828841735
BH_s34_medium,18,236,25.866666666666667,0.380895733833313,-0.1085428165948496
BH_s34_medium,18,237,25.9,0.023592814803123474,-0.06789625769654907
BH_s34_medium,18,238,25.933333333333334,-0.23087534308433533,-0.08457866527230709
BH_s34_medium,18,239,25.966666666666665,-0.49692070484161377,-0.1363248350498508
BH_s34_medium,19,0,19.0,1.1268669366836548,-0.029764759891474875
BH_s34_medium,19,1,19.033333333333335,0.8524566292762756,0.021318456493346204
BH_s34_medium,19,2,19.066666666666666,0.8167768716812134,0.10103523928633036
BH_s34_medium,19,3,19.1,0.8167768716812134,0.2247098834109434
BH_s34_medium,19,4,19.133333333333333,0.8167768716812134,0.39063227531492023
BH_s34_medium,19,5,19.166666666666668,0.7408676147460938,0.5802669810625503
BH_s34_medium,19,6,19.2,0.4741534888744354,0.7645865487912064
BH_s34_medium,19,7,19.233333333333334,0.15776784718036652,0.9135603407584508
BH_s34_medium,19,8,19.266666666666666,-0.18903496861457825,1.0050259992585855
BH_s34_medium,19,9,19.3,-0.48616623878479004,1.030017709773777
BH_s34_medium,19,10,19.333333333333332,-0.630791187286377,0.993303585675398
BH_s34_medium,19,11,19.366666666666667,-0.6743272542953491,0.909645234413193
BH_s34_medium,19,12,19.4,-0.6743272542953491,0.7976083915025005
BH_s34_medium,19,13,19.433333333333334,-0.7257446050643921,0.6733349745457663
BH_s34_medium,19,14,19.466666666666665,-0.7301343083381653,0.5464380108183964
BH_s34_medium,19,15,19.5,-0.8285793662071228,0.41913604829819745
BH_s34_medium,19,16,19.533333333333335,-0.8826406002044678,0.28828369246491936
BH_s34_medium,19,17,19.566666666666666,-0.9863733649253845,0.1489320012957247
BH_s34_medium,19,18,19.6,-1.137981653213501,-0.001993701650712264
BH_s34_medium,19,19,19.633333333333333,-1.239943504333496,-0.16281764789654984
BH_s34_medium,19,20,19.666666666666668,-1.3419053554534912,-0.32562522934192056
BH_s34_medium,19,21,19.7,-1.1439666748046875,-0.4767479522583287
BH_s34_medium,19,22,19.733333333333334,-0.18868371844291687,-0.5997709535138953
BH_s34_medium,19,23,19.766666666666666,1.131632924079895,-0.6808755089011833
BH_s34_medium,19,24,19.8,2.3202428817749023,-0.7148197279555261
BH_s34_medium,19,25,19.833333333333332,2.5135505199432373,-0.7087489636539621
BH_s34_medium,19,26,19.866666666666667,2.1840555667877197,-0.6815278111309095
BH_s34_medium,19,27,19.9,1.6297870874404907,-0.6583861652088361
BH_s34_medium,19,28,19.933333333333334,1.251609444618225,-0.6631317592884606
BH_s34_medium,19,29,19.966666666666665,1.0398545265197754,-0.7110042095997166
BH_s34_medium,19,30,20.0,0.92918860912323,-0.8037527184419788
BH_s34_medium,19,31,20.033333333333335,0.8786441683769226,-0.9269071195106479
BH_s34_medium,19,32,20.066666666666666,0.8167768716812134,-1.0494968619357394
BH_s34_medium,19,33,20.1,0.6869162321090698,-1.12755593956259
BH_s34_medium,19,34,20.133333333333333,0.44464385509490967,-1.1125935483408596
BH_s34_medium,19,35,20.166666666666668,0.13875830173492432,-0.9644217642796348
BH_s34_medium,19,36,20.2,-0.11570985615253448,-0.6652093716989388
BH_s34_medium,19,37,20.233333333333334,-0.3858654499053955,-0.22968081901135687
BH_s34_medium,19,38,20.266666666666666,-0.5549321174621582,0.2936470436230314
BH_s34_medium,19,39,20.3,-0.6568939685821533,0.8324655160511187
BH_s34_medium,19,40,20.333333333333332,-0.6743272542953491,1.3091872474207376
BH_s34_medium,19,41,20.366666666666667,-0.7065654993057251,1.6610629956167717
BH_s34_medium,19,42,20.4,-0.7571099400520325,1.8543855936169742
BH_s34_medium,19,43,20.433333333333334,-0.8076544404029846,1.8882821114197788
BH_s34_medium,19,44,20.466666666666665,-0.9096162915229797,1.7882960803864156
BH_s34_medium,19,45,20.5,-1.01157808303833,1.5937859368979124
BH_s34_medium,19,46,20.533333333333335,-1.1135399341583252,1.344454183567872
BH_s34_medium,19,47,20.566666666666666,-1.2155017852783203,1.070447624503138
BH_s34_medium,19,48,20.6,-1.3174636363983154,0.7885800942240815
BH_s34_medium,19,49,20.633333333333333,-1.3941705226898193,0.5048264005882965
BH_s34_medium,19,50,20.666666666666668,-1.1964610815048218,0.22078004048648192
BH_s34_medium,19,51,20.7,-0.31289243698120117,-0.05962884565842858
BH_s34_medium,19,52,20.733333333333334,0.9567949771881104,-0.32641954636350495
BH_s34_medium,19,53,20.766666666666666,2.0785388946533203,-0.5643344536458383
BH_s34_medium,19,54,20.8,2.3689351081848145,-0.7575208020221598
BH_s34_medium,19,55,20.833333333333332,2.053541660308838,-0.8959688086650446
BH_s34_medium,19,56,20.866666666666667,1.5114595890045166,-0.9808646816188646
BH_s34_medium,19,57,20.9,1.121883749961853,-1.0262713849405412
BH_s34_medium,19,58,20.933333333333334,0.9022129774093628,-1.0556318809613587
BH_s34_medium,19,59,20.966666666666665,0.8002511262893677,-1.0933379614767318
BH_s34_medium,19,60,21.0,0.7653594613075256,-1.15370209140755
BH_s34_medium,19,61,21.033333333333335,0.7139421105384827,-1.2315234998367153
BH_s34_medium,19,62,21.066666666666666,0.6347107291221619,-1.2990761164603772
BH_s34_medium,19,63,21.1,0.4177529513835907,-1.3125163964086763
BH_s34_medium,19,64,21.133333333333333,0.11186741292476654,-1.2264351906602822
BH_s34_medium,19,65,21.166666666666668,-0.14260074496269226,-1.01099595075463
BH_s34_medium,19,66,21.2,-0.43807095289230347,-0.6645763706319563
BH_s34_medium,19,67,21.233333333333334,-0.6324522495269775,-0.21688797559681988
BH_s34_medium,19,68,21.266666666666666,-0.6829966902732849,0.27804369064776885
BH_s34_medium,19,69,21.3,-0.7257446050643921,0.7556180215779931
BH_s34_medium,19,70,21.333333333333332,-0.7326682806015015,1.1561101136983187
BH_s34_medium,19,71,21.366666666666667,-0.7771620154380798,1.4373027067926258
BH_s34_medium,19,72,21.4,-0.8337571620941162,1.5811019430037174
BH_s34_medium,19,73,21.433333333333334,-0.9357190132141113,1.592945725782364
BH_s34_medium,19,74,21.466666666666665,-0.9862635135650635,1.4953649702237453
BH_s34_medium,19,75,21.5,-1.0882253646850586,1.3190002324727508
BH_s34_medium,19,76,21.533333333333335,-1.1901872158050537,1.0946093674840738
BH_s34_medium,19,77,21.566666666666666,-1.2913358211517334,0.8482024403208612
BH_s34_medium,19,78,21.6,-1.3426934480667114,0.5993906716912863
BH_s34_medium,19,79,21.633333333333333,-1.3941705226898193,0.3616603291481108
BH_s34_medium,19,80,21.666666666666668,-1.0450820922851562,0.1432974602689499
BH_s34_medium,19,81,21.7,-0.03536418825387955,-0.051487095081773064
BH_s34_medium,19,82,21.733333333333334,1.3326489925384521,-0.22111310865979358
BH_s34_medium,19,83,21.766666666666666,2.2299177646636963,-0.3649875334434946
BH_s34_medium,19,84,21.8,2.313178062438965,-0.4824803567343382
BH_s34_medium,19,85,21.833333333333332,1.8307278156280518,-0.5732261480393668
BH_s34_medium,19,86,21.866666666666667,1.3147485256195068,-0.6381116701320574
BH_s34_medium,19,87,21.9,0.8919420838356018,-0.6795418307323549
BH_s34_medium,19,88,21.933333333333334,0.7227309942245483,-0.700706459319726
BH_s34_medium,19,89,21.966666666666665,0.6625247001647949,-0.704896529640521
BH_s34_medium,19,90,22.0,0.7139421105384827,-0.6955289053836974
BH_s34_medium,19,91,22.033333333333335,0.7139421105384827,-0.676215822807279
BH_s34_medium,19,92,22.066666666666666,0.5842510461807251,-0.6497092475686206
BH_s34_medium,19,93,22.1,0.34206342697143555,-0.6154388961980204
BH_s34_medium,19,94,22.133333333333333,0.03617788851261139,-0.5670041617344831
BH_s34_medium,19,95,22.166666666666668,-0.26970764994621277,-0.49196290257924696
BH_s34_medium,19,96,22.2,-0.539948046207428,-0.37550781316284
BH_s34_medium,19,97,22.233333333333334,-0.6576821208000183,-0.20739401443799269
BH_s34_medium,19,98,22.266666666666666,-0.6743272542953491,0.010881775861497082
BH_s34_medium,19,99,22.3,-0.7073536515235901,0.26240357589382735
BH_s34_medium,19,100,22.333333333333332,-0.7257446050643921,0.5168011892669849
BH_s34_medium,19,101,22.366666666666667,-0.7771620154380798,0.7373102616867248
BH_s34_medium,19,102,22.4,-0.858987033367157,0.890397987155086
BH_s34_medium,19,103,22.433333333333334,-0.9609488844871521,0.9547412007464894
BH_s34_medium,19,104,22.466666666666665,-1.0629106760025024,0.9267321516732839
BH_s34_medium,19,105,22.5,-1.1648725271224976,0.8207714264375743
BH_s34_medium,19,106,22.533333333333335,-1.2668343782424927,0.6641054252362415
BH_s34_medium,19,107,22.566666666666666,-1.3687962293624878,0.4878008926682909
BH_s34_medium,19,108,22.6,-1.4455879926681519,0.31718702819134187
BH_s34_medium,19,109,22.633333333333333,-1.2726844549179077,0.1655355867992256
BH_s34_medium,19,110,22.666666666666668,-0.3652424216270447,0.0331762288696369
BH_s34_medium,19,111,22.7,0.8754094243049622,-0.08842517233758933
BH_s34_medium,19,112,22.733333333333334,1.9968738555908203,-0.21023539138930167
BH_s34_medium,19,113,22.766666666666666,2.2662699222564697,-0.3399197632642883
BH_s34_medium,19,114,22.8,1.899713397026062,-0.4785669417253028
BH_s34_medium,19,115,22.833333333333332,1.3194271326065063,-0.6199843156954941
BH_s34_medium,19,116,22.866666666666667,0.8136338591575623,-0.751944079447023
BH_s34_medium,19,117,22.9,0.5423760414123535,-0.8587505761006837
BH_s34_medium,19,118,22.933333333333334,0.5082725882530212,-0.9244556518634833
BH_s34_medium,19,119,22.966666666666665,0.5752580165863037,-0.9357877075267239
BH_s34_medium,19,120,23.0,0.6625247001647949,-0.8837483043799688
BH_s34_medium,19,121,23.033333333333335,0.5972850918769836,-0.7634858323804504
BH_s34_medium,19,122,23.066666666666666,0.36658990383148193,-0.5734640743094181
BH_s34_medium,19,123,23.1,0.06070437654852867,-0.31582276663457454
BH_s34_medium,19,124,23.133333333333333,-0.29659855365753174,0.0009629501474849142
BH_s34_medium,19,125,23.166666666666668,-0.5921535491943359,0.3580844779281973
BH_s34_medium,19,126,23.2,-0.7352022528648376,0.7239212076567191
BH_s34_medium,19,127,23.233333333333334,-0.7771620154380798,1.0560696574615955
BH_s34_medium,19,128,23.266666666666666,-0.7771620154380798,1.3087333809266506
BH_s34_medium,19,129,23.3,-0.7771620154380798,1.4433940306498023
BH_s34_medium,19,130,23.333333333333332,-0.8285793662071228,1.438923664163118
BH_s34_medium,19,131,23.366666666666667,-0.8850898146629333,1.2975384079297856
BH_s34_medium,19,132,23.4,-0.9356342554092407,1.0448031428495113
BH_s34_medium,19,133,23.433333333333334,-1.0375961065292358,0.723911616884269
BH_s34_medium,19,134,23.466666666666665,-1.139557957649231,0.38567435591327626
BH_s34_medium,19,135,23.5,-1.2431211471557617,0.07645734155932238
BH_s34_medium,19,136,23.533333333333335,-1.3948990106582642,-0.17277765653293076
BH_s34_medium,19,137,23.566666666666666,-1.3943150043487549,-0.3529274724037905
BH_s34_medium,19,138,23.6,-0.6834837794303894,-0.47650928579230967
BH_s34_medium,19,139,23.633333333333333,0.48558881878852844,-0.5708001072202638
BH_s34_medium,19,140,23.666666666666668,1.7633116245269775,-0.6666573501796019
BH_s34_medium,19,141,23.7,2.2491912841796875,-0.7866495722412332
BH_s34_medium,19,142,23.733333333333334,1.9659955501556396,-0.9361386948013489
BH_s34_medium,19,143,23.766666666666666,1.3172072172164917,-1.099868401899408
BH_s34_medium,19,144,23.8,0.6937991976737976,-1.2449634621324024
BH_s34_medium,19,145,23.833333333333332,0.27256911993026733,-1.3295493134761744
BH_s34_medium,19,146,23.866666666666667,0.1997682750225067,-1.3147625871260877
BH_s34_medium,19,147,23.9,0.3876904845237732,-1.176753498983028
BH_s34_medium,19,148,23.933333333333334,0.5916141867637634,-0.914683156893213
BH_s34_medium,19,149,23.966666666666665,0.6217268109321594,-0.5516738223047359
BH_s34_medium,19,150,24.0,0.4399150311946869,-0.12849728101778382
BH_s34_medium,19,151,24.033333333333335,0.04356005787849426,0.30702601511904737
BH_s34_medium,19,152,24.066666666666666,-0.31286993622779846,0.7103947246459366
BH_s34_medium,19,153,24.1,-0.6319937109947205,1.0470481765117923
BH_s34_medium,19,154,24.133333333333333,-0.8135952949523926,1.2945744533989632
BH_s34_medium,19,155,24.166666666666668,-0.8285793662071228,1.4421748405557735
BH_s34_medium,19,156,24.2,-0.8285793662071228,1.4891859758869392
BH_s34_medium,19,157,24.233333333333334,-0.7771620154380798,1.4433142973987687
BH_s34_medium,19,158,24.266666666666666,-0.7771620154380798,1.3185233794810165
BH_s34_medium,19,159,24.3,-0.8606480956077576,1.1326109338422423
BH_s34_medium,19,160,24.333333333333332,-0.9111925363540649,0.9048804724202997
BH_s34_medium,19,161,24.366666666666667,-1.01315438747406,0.6543190172310016
BH_s34_medium,19,162,24.4,-1.1665335893630981,0.3982016063246582
BH_s34_medium,19,163,24.433333333333334,-1.2970725297927856,0.1507891663174831
BH_s34_medium,19,164,24.466666666666665,-1.2596408128738403,-0.07775678169600249
BH_s34_medium,19,165,24.5,-0.5334361791610718,-0.28174942288963806
BH_s34_medium,19,166,24.533333333333335,0.743394672870636,-0.4595944046891872
BH_s34_medium,19,167,24.566666666666666,2.044560670852661,-0.6132053198682607
BH_s34_medium,19,168,24.6,2.5649678707122803,-0.7476210437412758
BH_s34_medium,19,169,24.633333333333333,2.294018030166626,-0.8704104692034188
BH_s34_medium,19,170,24.666666666666668,1.7103248834609985,-0.989761053304648
BH_s34_medium,19,171,24.7,1.193158507347107,-1.1105022815910435
BH_s34_medium,19,172,24.733333333333334,0.8781700730323792,-1.228893544810212
BH_s34_medium,19,173,24.766666666666666,0.7455115914344788,-1.3286792080735517
BH_s34_medium,19,174,24.8,0.7329170107841492,-1.3812818507285918
BH_s34_medium,19,175,24.833333333333332,0.7834615111351013,-1.3515726514405388
BH_s34_medium,19,176,24.866666666666667,0.7481303811073303,-1.2080731122671473
BH_s34_medium,19,177,24.9,0.562038779258728,-0.934324838556047
BH_s34_medium,19,178,24.933333333333334,0.2047358602285385,-0.5376787264571967
BH_s34_medium,19,179,24.966666666666665,-0.11576002836227417,-0.05236966216260842
BH_s34_medium,19,180,25.0,-0.4447151720523834,0.4651859108414644
BH_s34_medium,19,181,25.033333333333335,-0.6357743740081787,0.9486475472515344
BH_s34_medium,19,182,25.066666666666666,-0.7257446050643921,1.3378081290312813
BH_s34_medium,19,183,25.1,-0.7257446050643921,1.5924737917844067
BH_s34_medium,19,184,25.133333333333333,-0.7359903454780579,1.6994111605809872
BH_s34_medium,19,185,25.166666666666668,-0.78653484582901,1.6710254044931883
BH_s34_medium,19,186,25.2,-0.8370792865753174,1.5375771548975967
BH_s34_medium,19,187,25.233333333333334,-0.9390411376953125,1.3364744804879425
BH_s34_medium,19,188,25.266666666666666,-1.0410029888153076,1.102369812701571
BH_s34_medium,19,189,25.3,-1.1429648399353027,0.860662761851617
BH_s34_medium,19,190,25.333333333333332,-1.2449266910552979,0.6251952773983325
BH_s34_medium,19,191,25.366666666666667,-1.346888542175293,0.39951282510031405
BH_s34_medium,19,192,25.4,-1.4358006715774536,0.1806240875335426
BH_s34_medium,19,193,25.433333333333334,-0.9051296710968018,-0.035954525669528614
BH_s34_medium,19,194,25.466666666666665,0.2739343047142029,-0.2515702224954951
BH_s34_medium,19,195,25.5,1.7493699789047241,-0.46211287600912443
BH_s34_medium,19,196,25.533333333333335,2.6150097846984863,-0.6590029842516938
BH_s34_medium,19,197,25.566666666666666,2.5671722888946533,-0.8328223232690667
BH_s34_medium,19,198,25.6,2.112086772918701,-0.9774426640092646
BH_s34_medium,19,199,25.633333333333333,1.5994296073913574,-1.0921496927052416
BH_s34_medium,19,200,25.666666666666668,1.290696144104004,-1.18036408813356
BH_s34_medium,19,201,25.7,1.1298749446868896,-1.245517463000731
BH_s34_medium,19,202,25.733333333333334,0.9819625616073608,-1.2863239630644354
BH_s34_medium,19,203,25.766666666666666,0.8745339512825012,-1.2940843776216147
BH_s34_medium,19,204,25.8,0.7725721001625061,-1.2535355898234606
BH_s34_medium,19,205,25.833333333333332,0.6272783875465393,-1.1470631580684947
BH_s34_medium,19,206,25.866666666666667,0.380895733833313,-0.960915145227734
BH_s34_medium,19,207,25.9,0.023592814803123474,-0.6915625364770565
BH_s34_medium,19,208,25.933333333333334,-0.23087534308433533,-0.3502425983345654
BH_s34_medium,19,209,25.966666666666665,-0.49692070484161377,0.036167406884327305
BH_s34_medium,19,210,26.0,-0.6618770956993103,0.4292205729414606
BH_s34_medium,19,211,26.033333333333335,-0.7124215960502625,0.7874649540563586
BH_s34_medium,19,212,26.066666666666666,-0.7629660367965698,1.0764569119542478
BH_s34_medium,19,213,26.1,-0.7771620154380798,1.275942275792813
BH_s34_medium,19,214,26.133333333333333,-0.8640549778938293,1.3816111538959015
BH_s34_medium,19,215,26.166666666666668,-0.9314141273498535,1.4019061027981965
BH_s34_medium,19,216,26.2,-1.0165612697601318,1.352395964456592
BH_s34_medium,19,217,26.233333333333334,-1.118523120880127,1.2504187595260459
BH_s34_medium,19,218,26.266666666666666,-1.220484972000122,1.1115852058736155
BH_s34_medium,19,219,26.3,-1.3224468231201172,0.9483992063939737
BH_s34_medium,19,220,26.333333333333332,-1.3729913234710693,0.77050225463693
BH_s34_medium,19,221,26.366666666666667,-1.4749531745910645,0.585787406754202
BH_s34_medium,19,222,26.4,-1.4970053434371948,0.4014853403492876
BH_s34_medium,19,223,26.433333333333334,-1.1217985153198242,0.2243853538822543
BH_s34_medium,19,224,26.466666666666665,-0.0448659285902977,0.05983443945039259
BH_s34_medium,19,225,26.5,1.2818405628204346,-0.09001270364425114
BH_s34_medium,19,226,26.533333333333335,2.2786316871643066,-0.22743457496979028
BH_s34_medium,19,227,26.566666666666666,2.3624603748321533,-0.3584956726191822
BH_s34_medium,19,228,26.6,1.9859377145767212,-0.4900098232998957
BH_s34_medium,19,229,26.633333333333333,1.5499277114868164,-0.6251031343791063
BH_s34_medium,19,230,26.666666666666668,1.2365155220031738,-0.7595783829478828
BH_s34_medium,19,231,26.7,1.0532277822494507,-0.8812402428162043
BH_s34_medium,19,232,26.733333333333334,0.9512659311294556,-0.9728094867660789
BH_s34_medium,19,233,26.766666666666666,0.7978867292404175,-1.0171202619594044
BH_s34_medium,19,234,26.8,0.6959248781204224,-1.002282368201618
BH_s34_medium,19,235,26.833333333333332,0.5254012942314148,-0.9247999348004342
BH_s34_medium,19,236,26.866666666666667,0.30520620942115784,-0.7898583229858185
BH_s34_medium,19,237,26.9,0.06613653898239136,-0.6092980831183645
BH_s34_medium,19,238,26.933333333333334,-0.20373010635375977,-0.3985369391656777
BH_s34_medium,19,239,26.966666666666665,-0.4581982493400574,-0.17388133337714917
BH_s34_medium,20,0,20.0,0.92918860912323,-0.0369203128845595
BH_s34_medium,20,1,20.033333333333335,0.8786441683769226,-0.18611575510237652
BH_s34_medium,20,2,20.066666666666666,0.8167768716812134,-0.30197323596331577
BH_s34_medium,20,3,20.1,0.6869162321090698,-0.3572802053030596
BH_s34_medium,20,4,20.133333333333333,0.44464385509490967,-0.3322244536877001
BH_s34_medium,20,5,20.166666666666668,0.13875830173492432,-0.21820598875547934
BH_s34_medium,20,6,20.2,-0.11570985615253448,-0.021014150001642876
BH_s34_medium,20,7,20.233333333333334,-0.3858654499053955,0.2377113156112653
BH_s34_medium,20,8,20.266666666666666,-0.5549321174621582,0.5223940400804774
BH_s34_medium,20,9,20.3,-0.6568939685821533,0.7899340071494154
BH_s34_medium,20,10,20.333333333333332,-0.6743272542953491,0.99943943383613
BH_s34_medium,20,11,20.366666666666667,-0.7065654993057251,1.1218102083130832
BH_s34_medium,20,12,20.4,-0.7571099400520325,1.1454976764404166
BH_s34_medium,20,13,20.433333333333334,-0.8076544404029846,1.076646856548244
BH_s34_medium,20,14,20.466666666666665,-0.9096162915229797,0.9344228718184534
BH_s34_medium,20,15,20.5,-1.01157808303833,0.7440417710942777
BH_s34_medium,20,16,20.533333333333335,-1.1135399341583252,0.5300934811402394
BH_s34_medium,20,17,20.566666666666666,-1.2155017852783203,0.3119012268459497
BH_s34_medium,20,18,20.6,-1.3174636363983154,0.10185775162311163
BH_s34_medium,20,19,20.633333333333333,-1.3941705226898193,-0.09323281032998286
BH_s34_medium,20,20,20.666666666666668,-1.1964610815048218,-0.2690370638884915
BH_s34_medium,20,21,20.7,-0.31289243698120117,-0.42089564687205866
BH_s34_medium,20,22,20.733333333333334,0.9567949771881104,-0.5431386189305253
BH_s34_medium,20,23,20.766666666666666,2.0785388946533203,-0.6309982665323283
BH_s34_medium,20,24,20.8,2.3689351081848145,-0.6840622942283139
BH_s34_medium,20,25,20.833333333333332,2.053541660308838,-0.709212430177968
BH_s34_medium,20,26,20.866666666666667,1.5114595890045166,-0.7210213250494715
BH_s34_medium,20,27,20.9,1.121883749961853,-0.7385957311306233
BH_s34_medium,20,28,20.933333333333334,0.9022129774093628,-0.7793899454969294
BH_s34_medium,20,29,20.966666666666665,0.8002511262893677,-0.8518846545661214
BH_s34_medium,20,30,21.0,0.7653594613075256,-0.949674743592091
BH_s34_medium,20,31,21.033333333333335,0.7139421105384827,-1.0493052242647622
BH_s34_medium,20,32,21.066666666666666,0.6347107291221619,-1.1132879471828712
BH_s34_medium,20,33,21.1,0.4177529513835907,-1.0983594104228502
BH_s34_medium,20,34,21.133333333333333,0.11186741292476654,-0.9674395743287634
BH_s34_medium,20,35,21.166666666666668,-0.14260074496269226,-0.7021319812220049
BH_s34_medium,20,36,21.2,-0.43807095289230347,-0.311532481429879
BH_s34_medium,20,37,21.233333333333334,-0.6324522495269775,0.16630013033595598
BH_s34_medium,20,38,21.266666666666666,-0.6829966902732849,0.6712536022158863
BH_s34_medium,20,39,21.3,-0.7257446050643921,1.1343560472150782
BH_s34_medium,20,40,21.333333333333332,-0.7326682806015015,1.4932313434524611
BH_s34_medium,20,41,21.366666666666667,-0.7771620154380798,1.7054156407583299
BH_s34_medium,20,42,21.4,-0.8337571620941162,1.7559466816638285
BH_s34_medium,20,43,21.433333333333334,-0.9357190132141113,1.6574799836929859
BH_s34_medium,20,44,21.466666666666665,-0.9862635135650635,1.4436664932892718
BH_s34_medium,20,45,21.5,-1.0882253646850586,1.1585870702499577
BH_s34_medium,20,46,21.533333333333335,-1.1901872158050537,0.8457738768177268
BH_s34_medium,20,47,21.566666666666666,-1.2913358211517334,0.5397864783286828
BH_s34_medium,20,48,21.6,-1.3426934480667114,0.2619916428585507
BH_s34_medium,20,49,21.633333333333333,-1.3941705226898193,0.020628627305844548
BH_s34_medium,20,50,21.666666666666668,-1.0450820922851562,-0.18607137320198142
BH_s34_medium,20,51,21.7,-0.03536418825387955,-0.3654403733891358
BH_s34_medium,20,52,21.733333333333334,1.3326489925384521,-0.5259210052247562
BH_s34_medium,20,53,21.766666666666666,2.2299177646636963,-0.6733481694329371
BH_s34_medium,20,54,21.8,2.313178062438965,-0.8085662838950699
BH_s34_medium,20,55,21.833333333333332,1.8307278156280518,-0.9268521443877418
BH_s34_medium,20,56,21.866666666666667,1.3147485256195068,-1.0190370314818287
BH_s34_medium,20,57,21.9,0.8919420838356018,-1.0737321303077696
BH_s34_medium,20,58,21.933333333333334,0.7227309942245483,-1.0801440676252454
BH_s34_medium,20,59,21.966666666666665,0.6625247001647949,-1.0310446330584884
BH_s34_medium,20,60,22.0,0.7139421105384827,-0.9250679582118985
BH_s34_medium,20,61,22.033333333333335,0.7139421105384827,-0.7674174701910752
BH_s34_medium,20,62,22.066666666666666,0.5842510461807251,-0.5688570331181044
BH_s34_medium,20,63,22.1,0.34206342697143555,-0.3435819225835135
BH_s34_medium,20,64,22.133333333333333,0.03617788851261139,-0.10642928898235395
BH_s34_medium,20,65,22.166666666666668,-0.26970764994621277,0.13010191218613645
BH_s34_medium,20,66,22.2,-0.539948046207428,0.35768662905318377
BH_s34_medium,20,67,22.233333333333334,-0.6576821208000183,0.571339002091546
BH_s34_medium,20,68,22.266666666666666,-0.6743272542953491,0.7660848667984373
BH_s34_medium,20,69,22.3,-0.7073536515235901,0.9333747481870586
BH_s34_medium,20,70,22.333333333333332,-0.7257446050643921,1.0598354031535973
BH_s34_medium,20,71,22.366666666666667,-0.7771620154380798,1.12958279504469
BH_s34_medium,20,72,22.4,-0.858987033367157,1.129337170151009
BH_s34_medium,20,73,22.433333333333334,-0.9609488844871521,1.0540590840938526
BH_s34_medium,20,74,22.466666666666665,-1.0629106760025024,0.9104414719460201
BH_s34_medium,20,75,22.5,-1.1648725271224976,0.7164661491579729
BH_s34_medium,20,76,22.533333333333335,-1.2668343782424927,0.49694378476541495
BH_s34_medium,20,77,22.566666666666666,-1.3687962293624878,0.27670958192889866
BH_s34_medium,20,78,22.6,-1.4455879926681519,0.07414400551187407
BH_s34_medium,20,79,22.633333333333333,-1.2726844549179077,-0.10250461409053771
BH_s34_medium,20,80,22.666666666666668,-0.3652424216270447,-0.25482782038715096
BH_s34_medium,20,81,22.7,0.8754094243049622,-0.3906646558856971
BH_s34_medium,20,82,22.733333333333334,1.9968738555908203,-0.519342096973571
BH_s34_medium,20,83,22.766666666666666,2.2662699222564697,-0.6480617660724034
BH_s34_medium,20,84,22.8,1.899713397026062,-0.780432263916655
BH_s34_medium,20,85,22.833333333333332,1.3194271326065063,-0.9162993048358449
BH_s34_medium,20,86,22.866666666666667,0.8136338591575623,-1.0510736511979077
BH_s34_medium,20,87,22.9,0.5423760414123535,-1.1737000563860216
BH_s34_medium,20,88,22.933333333333334,0.5082725882530212,-1.2647540417645866
BH_s34_medium,20,89,22.966666666666665,0.5752580165863037,-1.2974293220883173
BH_s34_medium,20,90,23.0,0.6625247001647949,-1.2427077636211399
BH_s34_medium,20,91,23.033333333333335,0.5972850918769836,-1.0773557148551387
BH_s34_medium,20,92,23.066666666666666,0.36658990383148193,-0.7919521878156798
BH_s34_medium,20,93,23.1,0.06070437654852867,-0.3963901848710219
BH_s34_medium,20,94,23.133333333333333,-0.29659855365753174,0.07862495158452855
BH_s34_medium,20,95,23.166666666666668,-0.5921535491943359,0.5846178095705632
BH_s34_medium,20,96,23.2,-0.7352022528648376,1.0629442261110031
BH_s34_medium,20,97,23.233333333333334,-0.7771620154380798,1.4559226641753724
BH_s34_medium,20,98,23.266666666666666,-0.7771620154380798,1.7185506962701753
BH_s34_medium,20,99,23.3,-0.7771620154380798,1.8269051597223291
BH_s34_medium,20,100,23.333333333333332,-0.8285793662071228,1.7808153988050976
BH_s34_medium,20,101,23.366666666666667,-0.8850898146629333,1.601042039129131
BH_s34_medium,20,102,23.4,-0.9356342554092407,1.3229233094338984
BH_s34_medium,20,103,23.433333333333334,-1.0375961065292358,0.9887203853422859
BH_s34_medium,20,104,23.466666666666665,-1.139557957649231,0.6402367782574556
BH_s34_medium,20,105,23.5,-1.2431211471557617,0.31246777366082723
BH_s34_medium,20,106,23.533333333333335,-1.3948990106582642,0.028640460109192648
BH_s34_medium,20,107,23.566666666666666,-1.3943150043487549,-0.20284465606651153
BH_s34_medium,20,108,23.6,-0.6834837794303894,-0.38871001266408584
BH_s34_medium,20,109,23.633333333333333,0.48558881878852844,-0.547551953180235
BH_s34_medium,20,110,23.666666666666668,1.7633116245269775,-0.7031151741850522
BH_s34_medium,20,111,23.7,2.2491912841796875,-0.875401803088875
BH_s34_medium,20,112,23.733333333333334,1.9659955501556396,-1.0719145344089551
BH_s34_medium,20,113,23.766666666666666,1.3172072172164917,-1.2817385272357114
BH_s34_medium,20,114,23.8,0.6937991976737976,-1.4748238070361288
BH_s34_medium,20,115,23.833333333333332,0.27256911993026733,-1.6075718289132894
BH_s34_medium,20,116,23.866666666666667,0.1997682750225067,-1.6338232399814199
BH_s34_medium,20,117,23.9,0.3876904845237732,-1.518352871140312
BH_s34_medium,20,118,23.933333333333334,0.5916141867637634,-1.248832510949634
BH_s34_medium,20,119,23.966666666666665,0.6217268109321594,-0.8422439138989385
BH_s34_medium,20,120,24.0,0.4399150311946869,-0.34302541942329345
BH_s34_medium,20,121,24.033333333333335,0.04356005787849426,0.1870148442005964
BH_s34_medium,20,122,24.066666666666666,-0.31286993622779846,0.6835148053840584
BH_s34_medium,20,123,24.1,-0.6319937109947205,1.0936709359311765
BH_s34_medium,20,124,24.133333333333333,-0.8135952949523926,1.3852989111640077
BH_s34_medium,20,125,24.166666666666668,-0.8285793662071228,1.5491730278669016
BH_s34_medium,20,126,24.2,-0.8285793662071228,1.595219826367195
BH_s34_medium,20,127,24.233333333333334,-0.7771620154380798,1.5447213597651954
BH_s34_medium,20,128,24.266666666666666,-0.7771620154380798,1.4218375033381605
BH_s34_medium,20,129,24.3,-0.8606480956077576,1.2476846853721393
BH_s34_medium,20,130,24.333333333333332,-0.9111925363540649,1.0384291117540043
BH_s34_medium,20,131,24.366666666666667,-1.01315438747406,0.8065336630933023
BH_s34_medium,20,132,24.4,-1.1665335893630981,0.5629813328633761
BH_s34_medium,20,133,24.433333333333334,-1.2970725297927856,0.31849146382090326
BH_s34_medium,20,134,24.466666666666665,-1.2596408128738403,0.08299408597955653
BH_s34_medium,20,135,24.5,-0.5334361791610718,-0.13606377205061468
BH_s34_medium,20,136,24.533333333333335,0.743394672870636,-0.3354455196596137
BH_s34_medium,20,137,24.566666666666666,2.044560670852661,-0.5169374013947137
BH_s34_medium,20,138,24.6,2.5649678707122803,-0.6867673026895613
BH_s34_medium,20,139,24.633333333333333,2.294018030166626,-0.8534987752559632
BH_s34_medium,20,140,24.666666666666668,1.7103248834609985,-1.0244159458375732
BH_s34_medium,20,141,24.7,1.193158507347107,-1.2007262384911626
BH_s34_medium,20,142,24.733333333333334,0.8781700730323792,-1.3726811570741466
BH_s34_medium,20,143,24.766666666666666,0.7455115914344788,-1.5166910364906907
BH_s34_medium,20,144,24.8,0.7329170107841492,-1.5969306022760026
BH_s34_medium,20,145,24.833333333333332,0.7834615111351013,-1.5728524751968256
BH_s34_medium,20,146,24.866666666666667,0.7481303811073303,-1.411361846928178
BH_s34_medium,20,147,24.9,0.562038779258728,-1.0996955388889857
BH_s34_medium,20,148,24.933333333333334,0.2047358602285385,-0.6540299492488844
BH_s34_medium,20,149,24.966666666666665,-0.11576002836227417,-0.11992082018439246
BH_s34_medium,20,150,25.0,-0.4447151720523834,0.43662276032481473
BH_s34_medium,20,151,25.033333333333335,-0.6357743740081787,0.9449884058474178
BH_s34_medium,20,152,25.066666666666666,-0.7257446050643921,1.3470460789924898
BH_s34_medium,20,153,25.1,-0.7257446050643921,1.6091128658060172
BH_s34_medium,20,154,25.133333333333333,-0.7359903454780579,1.7252409418323797
BH_s34_medium,20,155,25.166666666666668,-0.78653484582901,1.7123785733027885
BH_s34_medium,20,156,25.2,-0.8370792865753174,1.6006705604261064
BH_s34_medium,20,157,25.233333333333334,-0.9390411376953125,1.4229169799279324
BH_s34_medium,20,158,25.266666666666666,-1.0410029888153076,1.2066019992349832
BH_s34_medium,20,159,25.3,-1.1429648399353027,0.9703736333604956
BH_s34_medium,20,160,25.333333333333332,-1.2449266910552979,0.7248728827122055
BH_s34_medium,20,161,25.366666666666667,-1.346888542175293,0.4761839156963829
BH_s34_medium,20,162,25.4,-1.4358006715774536,0.22956860690355385
BH_s34_medium,20,163,25.433333333333334,-0.9051296710968018,-0.008361273339728118
BH_s34_medium,20,164,25.466666666666665,0.2739343047142029,-0.22972505462856047
BH_s34_medium,20,165,25.5,1.7493699789047241,-0.42730237623874967
BH_s34_medium,20,166,25.533333333333335,2.6150097846984863,-0.5973225371729072
BH_s34_medium,20,167,25.566666666666666,2.5671722888946533,-0.7418100776305843
BH_s34_medium,20,168,25.6,2.112086772918701,-0.8689333634642388
BH_s34_medium,20,169,25.633333333333333,1.5994296073913574,-0.9901514226828763
BH_s34_medium,20,170,25.666666666666668,1.290696144104004,-1.1143469882271408
BH_s34_medium,20,171,25.7,1.1298749446868896,-1.2410921139317956
BH_s34_medium,20,172,25.733333333333334,0.9819625616073608,-1.3564921585738317
BH_s34_medium,20,173,25.766666666666666,0.8745339512825012,-1.4342413897625756
BH_s34_medium,20,174,25.8,0.7725721001625061,-1.4416211143758753
BH_s34_medium,20,175,25.833333333333332,0.6272783875465393,-1.3478315514131962
BH_s34_medium,20,176,25.866666666666667,0.380895733833313,-1.1323102200119899
BH_s34_medium,20,177,25.9,0.023592814803123474,-0.791998477745919
BH_s34_medium,20,178,25.933333333333334,-0.23087534308433533,-0.3465594241706577
BH_s34_medium,20,179,25.966666666666665,-0.49692070484161377,0.1606357319191172
BH_s34_medium,20,180,26.0,-0.6618770956993103,0.6685231327591272
BH_s34_medium,20,181,26.033333333333335,-0.7124215960502625,1.111903416306861
BH_s34_medium,20,182,26.066666666666666,-0.7629660367965698,1.438216451737999
BH_s34_medium,20,183,26.1,-0.7771620154380798,1.620123848626045
BH_s34_medium,20,184,26.133333333333333,-0.8640549778938293,1.6587109308063532
BH_s34_medium,20,185,26.166666666666668,-0.9314141273498535,1.5774474100216174
BH_s34_medium,20,186,26.2,-1.0165612697601318,1.4111785362489957
BH_s34_medium,20,187,26.233333333333334,-1.118523120880127,1.1953531516067628
BH_s34_medium,20,188,26.266666666666666,-1.220484972000122,0.9588439563852831
BH_s34_medium,20,189,26.3,-1.3224468231201172,0.7210909909567943
BH_s34_medium,20,190,26.333333333333332,-1.3729913234710693,0.492711117458175
BH_s34_medium,20,191,26.366666666666667,-1.4749531745910645,0.27817086174314387
BH_s34_medium,20,192,26.4,-1.4970053434371948,0.07893116364301618
BH_s34_medium,20,193,26.433333333333334,-1.1217985153198242,-0.10437152527610266
BH_s34_medium,20,194,26.466666666666665,-0.0448659285902977,-0.2714462236729271
BH_s34_medium,20,195,26.5,1.2818405628204346,-0.42328417357606163
BH_s34_medium,20,196,26.533333333333335,2.2786316871643066,-0.5633445065966928
BH_s34_medium,20,197,26.566666666666666,2.3624603748321533,-0.6975641053409405
BH_s34_medium,20,198,26.6,1.9859377145767212,-0.832329151175084
BH_s34_medium,20,199,26.633333333333333,1.5499277114868164,-0.9706368770909669
BH_s34_medium,20,200,26.666666666666668,1.2365155220031738,-1.1077775078023253
BH_s34_medium,20,201,26.7,1.0532277822494507,-1.2285570376781332
BH_s34_medium,20,202,26.733333333333334,0.9512659311294556,-1.3080185350204516
BH_s34_medium,20,203,26.766666666666666,0.7978867292404175,-1.3165272355320035
BH_s34_medium,20,204,26.8,0.6959248781204224,-1.2282021604332165
BH_s34_medium,20,205,26.833333333333332,0.5254012942314148,-1.0300485731847708
BH_s34_medium,20,206,26.866666666666667,0.30520620942115784,-0.7286777154157563
BH_s34_medium,20,207,26.9,0.06613653898239136,-0.35205986798561406
BH_s34_medium,20,208,26.933333333333334,-0.20373010635375977,0.05502861506678172
BH_s34_medium,20,209,26.966666666666665,-0.4581982493400574,0.44114035012416347
BH_s34_medium,20,210,27.0,-0.6356895565986633,0.7605846867866883
BH_s34_medium,20,211,27.033333333333335,-0.7376514077186584,0.9835916458038195
BH_s34_medium,20,212,27.066666666666666,-0.7881959080696106,1.1009539378149749
BH_s34_medium,20,213,27.1,-0.8285793662071228,1.1226328778154406
BH_s34_medium,20,214,27.133333333333333,-0.8892847895622253,1.0720594206205012
BH_s34_medium,20,215,27.166666666666668,-0.9398292899131775,0.9786756501472921
BH_s34_medium,20,216,27.2,-1.0417910814285278,0.870793444510991
BH_s34_medium,20,217,27.233333333333334,-1.137083649635315,0.7699776063796451
BH_s34_medium,20,218,27.266666666666666,-1.194297432899475,0.6876555815130285
BH_s34_medium,20,219,27.3,-1.2962592840194702,0.6244271617085938
BH_s34_medium,20,220,27.333333333333332,-1.3941705226898193,0.5721332482314796
BH_s34_medium,20,221,27.366666666666667,-1.4487656354904175,0.5179600081960927
BH_s34_medium,20,222,27.4,-1.5461180210113525,0.4490154415526023
BH_s34_medium,20,223,27.433333333333334,-1.228464126586914,0.35571805325798644
BH_s34_medium,20,224,27.466666666666665,-0.2568405270576477,0.2333237643119655
BH_s34_medium,20,225,27.5,0.91584312915802,0.08208691604547613
BH_s34_medium,20,226,27.533333333333335,1.7865853309631348,-0.09311540405286232
BH_s34_medium,20,227,27.566666666666666,1.847184419631958,-0.2833448900692598
BH_s34_medium,20,228,27.6,1.4969340562820435,-0.4765853839278132
BH_s34_medium,20,229,27.633333333333333,1.03766930103302,-0.6593356254402926
BH_s34_medium,20,230,27.666666666666668,0.7232993841171265,-0.8182785685153355
BH_s34_medium,20,231,27.7,0.5652415156364441,-0.9412113997447743
BH_s34_medium,20,232,27.733333333333334,0.5146970152854919,-1.017298967035482
BH_s34_medium,20,233,27.766666666666666,0.46415257453918457,-1.037718161365513
BH_s34_medium,20,234,27.8,0.4568551778793335,-0.997550517640952
BH_s34_medium,20,235,27.833333333333332,0.36306363344192505,-0.8983101464193715
BH_s34_medium,20,236,27.866666666666667,0.12668192386627197,-0.748985117257568
BH_s34_medium,20,237,27.9,-0.08715790510177612,-0.5638407491737454
BH_s34_medium,20,238,27.933333333333334,-0.3424989879131317,-0.3579157786966288
BH_s34_medium,20,239,27.966666666666665,-0.558957576751709,-0.14348621821011026
BH_s34_medium,21,0,21.0,0.7653594613075256,0.023143783587116593
BH_s34_medium,21,1,21.033333333333335,0.7139421105384827,-0.11446406272115844
BH_s34_medium,21,2,21.066666666666666,0.6347107291221619,-0.20232330448379612
BH_s34_medium,21,3,21.1,0.4177529513835907,-0.20433699197889582
BH_s34_medium,21,4,21.133333333333333,0.11186741292476654,-0.10802869090141055
BH_s34_medium,21,5,21.166666666666668,-0.14260074496269226,0.07286633175820276
BH_s34_medium,21,6,21.2,-0.43807095289230347,0.30369908620890856
BH_s34_medium,21,7,21.233333333333334,-0.6324522495269775,0.5395789508003027
BH_s34_medium,21,8,21.266666666666666,-0.6829966902732849,0.7371079355723289
BH_s34_medium,21,9,21.3,-0.7257446050643921,0.8633666523893216
BH_s34_medium,21,10,21.333333333333332,-0.7326682806015015,0.9005199753230999
BH_s34_medium,21,11,21.366666666666667,-0.7771620154380798,0.8464897433500355
BH_s34_medium,21,12,21.4,-0.8337571620941162,0.7128273831768669
BH_s34_medium,21,13,21.433333333333334,-0.9357190132141113,0.520778834748162
BH_s34_medium,21,14,21.466666666666665,-0.9862635135650635,0.2965610841836998
BH_s34_medium,21,15,21.5,-1.0882253646850586,0.0669095725567645
BH_s34_medium,21,16,21.533333333333335,-1.1901872158050537,-0.14443441344525962
BH_s34_medium,21,17,21.566666666666666,-1.2913358211517334,-0.3191635504623991
BH_s34_medium,21,18,21.6,-1.3426934480667114,-0.44587528062281423
BH_s34_medium,21,19,21.633333333333333,-1.3941705226898193,-0.5206384242808434
BH_s34_medium,21,20,21.666666666666668,-1.0450820922851562,-0.5466538876965252
BH_s34_medium,21,21,21.7,-0.03536418825387955,-0.5330486069913419
BH_s34_medium,21,22,21.733333333333334,1.3326489925384521,-0.4929811873173927
BH_s34_medium,21,23,21.766666666666666,2.2299177646636963,-0.44135670997457327
BH_s34_medium,21,24,21.8,2.313178062438965,-0.3924377056549344
BH_s34_medium,21,25,21.833333333333332,1.8307278156280518,-0.3575164112933254
BH_s34_medium,21,26,21.866666666666667,1.3147485256195068,-0.34273772073630976
BH_s34_medium,21,27,21.9,0.8919420838356018,-0.3473817321745863
BH_s34_medium,21,28,21.933333333333334,0.7227309942245483,-0.3633688502649212
BH_s34_medium,21,29,21.966666666666665,0.6625247001647949,-0.37680258164316727
BH_s34_medium,21,30,22.0,0.7139421105384827,-0.3715895882225901
BH_s34_medium,21,31,22.033333333333335,0.7139421105384827,-0.3340777171991953
BH_s34_medium,21,32,22.066666666666666,0.5842510461807251,-0.25701812401134266
BH_s34_medium,21,33,22.1,0.34206342697143555,-0.1412934029067834
BH_s34_medium,21,34,22.133333333333333,0.03617788851261139,0.005268836169335864
BH_s34_medium,21,35,22.166666666666668,-0.26970764994621277,0.17118569284646218
BH_s34_medium,21,36,22.2,-0.539948046207428,0.34447927748709195
BH_s34_medium,21,37,22.233333333333334,-0.6576821208000183,0.5135954863277626
BH_s34_medium,21,38,22.266666666666666,-0.6743272542953491,0.6660958025558354
BH_s34_medium,21,39,22.3,-0.7073536515235901,0.7872957033309469
BH_s34_medium,21,40,22.333333333333332,-0.7257446050643921,0.8611384823939036
BH_s34_medium,21,41,22.366666666666667,-0.7771620154380798,0.873871714547575
BH_s34_medium,21,42,22.4,-0.858987033367157,0.8190294648692361
BH_s34_medium,21,43,22.433333333333334,-0.9609488844871521,0.7011188473990141
BH_s34_medium,21,44,22.466666666666665,-1.0629106760025024,0.5358717125581821
BH_s34_medium,21,45,22.5,-1.1648725271224976,0.3466221949514758
BH_s34_medium,21,46,22.533333333333335,-1.2668343782424927,0.15827552254550736
BH_s34_medium,21,47,22.566666666666666,-1.3687962293624878,-0.0088265879911921
BH_s34_medium,21,48,22.6,-1.4455879926681519,-0.14347072970128977
BH_s34_medium,21,49,22.633333333333333,-1.2726844549179077,-0.24578417230295357
BH_s34_medium,21,50,22.666666666666668,-0.3652424216270447,-0.3264414287761652
BH_s34_medium,21,51,22.7,0.8754094243049622,-0.4024299831836038
BH_s34_medium,21,52,22.733333333333334,1.9968738555908203,-0.49020216430353997
BH_s34_medium,21,53,22.766666666666666,2.2662699222564697,-0.5985710006715095
BH_s34_medium,21,54,22.8,1.899713397026062,-0.7241807016193214
BH_s34_medium,21,55,22.833333333333332,1.3194271326065063,-0.8513653892393663
BH_s34_medium,21,56,22.866666666666667,0.8136338591575623,-0.9562461610329059
BH_s34_medium,21,57,22.9,0.5423760414123535,-1.0132553219892921
BH_s34_medium,21,58,22.933333333333334,0.5082725882530212,-1.0018049039601307
BH_s34_medium,21,59,22.966666666666665,0.5752580165863037,-0.9111529468333415
BH_s34_medium,21,60,23.0,0.6625247001647949,-0.7420915679505424
BH_s34_medium,21,61,23.033333333333335,0.5972850918769836,-0.5052028797281867
BH_s34_medium,21,62,23.066666666666666,0.36658990383148193,-0.21713186600132314
BH_s34_medium,21,63,23.1,0.06070437654852867,0.10273936763911802
BH_s34_medium,21,64,23.133333333333333,-0.29659855365753174,0.4337039711501858
BH_s34_medium,21,65,23.166666666666668,-0.5921535491943359,0.7535199960049177
BH_s34_medium,21,66,23.2,-0.7352022528648376,1.0380762531957946
BH_s34_medium,21,67,23.233333333333334,-0.7771620154380798,1.2623861180976634
BH_s34_medium,21,68,23.266666666666666,-0.7771620154380798,1.403337002670147
BH_s34_medium,21,69,23.3,-0.7771620154380798,1.4435545554533469
BH_s34_medium,21,70,23.333333333333332,-0.8285793662071228,1.3753520310812177
BH_s34_medium,21,71,23.366666666666667,-0.8850898146629333,1.2037985445781823
BH_s34_medium,21,72,23.4,-0.9356342554092407,0.9479698080974749
BH_s34_medium,21,73,23.433333333333334,-1.0375961065292358,0.6394788532464152
BH_s34_medium,21,74,23.466666666666665,-1.139557957649231,0.3177363326663168
BH_s34_medium,21,75,23.5,-1.2431211471557617,0.022253651276700166
BH_s34_medium,21,76,23.533333333333335,-1.3948990106582642,-0.21645805652710193
BH_s34_medium,21,77,23.566666666666666,-1.3943150043487549,-0.3847763405375549
BH_s34_medium,21,78,23.6,-0.6834837794303894,-0.4897698928899956
BH_s34_medium,21,79,23.633333333333333,0.48558881878852844,-0.5568959194057026
BH_s34_medium,21,80,23.666666666666668,1.7633116245269775,-0.6214285589995292
BH_s34_medium,21,81,23.7,2.2491912841796875,-0.7157924614059864
BH_s34_medium,21,82,23.733333333333334,1.9659955501556396,-0.8569018769431292
BH_s34_medium,21,83,23.766666666666666,1.3172072172164917,-1.0380320364050777
BH_s34_medium,21,84,23.8,0.6937991976737976,-1.228216465846942
BH_s34_medium,21,85,23.833333333333332,0.27256911993026733,-1.3795040765423836
BH_s34_medium,21,86,23.866666666666667,0.1997682750225067,-1.4399056109211368
BH_s34_medium,21,87,23.9,0.3876904845237732,-1.3682910724345292
BH_s34_medium,21,88,23.933333333333334,0.5916141867637634,-1.1470652360694618
BH_s34_medium,21,89,23.966666666666665,0.6217268109321594,-0.7888801819610888
BH_s34_medium,21,90,24.0,0.4399150311946869,-0.3348474798618884
BH_s34_medium,21,91,24.033333333333335,0.04356005787849426,0.15579957174579173
BH_s34_medium,21,92,24.066666666666666,-0.31286993622779846,0.6211304608686201
BH_s34_medium,21,93,24.1,-0.6319937109947205,1.0111723527888368
BH_s34_medium,21,94,24.133333333333333,-0.8135952949523926,1.2965632548071315
BH_s34_medium,21,95,24.166666666666668,-0.8285793662071228,1.4691302218858144
BH_s34_medium,21,96,24.2,-0.8285793662071228,1.5360852913615857
BH_s34_medium,21,97,24.233333333333334,-0.7771620154380798,1.5119471719969277
BH_s34_medium,21,98,24.266666666666666,-0.7771620154380798,1.4122890212908794
BH_s34_medium,21,99,24.3,-0.8606480956077576,1.251386186217521
BH_s34_medium,21,100,24.333333333333332,-0.9111925363540649,1.0431709847296282
BH_s34_medium,21,101,24.366666666666667,-1.01315438747406,0.8031551461444054
BH_s34_medium,21,102,24.4,-1.1665335893630981,0.5490094901966551
BH_s34_medium,21,103,24.433333333333334,-1.2970725297927856,0.29883412037365115
BH_s34_medium,21,104,24.466666666666665,-1.2596408128738403,0.0677306098872553
BH_s34_medium,21,105,24.5,-0.5334361791610718,-0.13571971526846222
BH_s34_medium,21,106,24.533333333333335,0.743394672870636,-0.31140948976703703
BH_s34_medium,21,107,24.566666666666666,2.044560670852661,-0.46715969415952446
BH_s34_medium,21,108,24.6,2.5649678707122803,-0.6157744866144982
BH_s34_medium,21,109,24.633333333333333,2.294018030166626,-0.770544906147616
BH_s34_medium,21,110,24.666666666666668,1.7103248834609985,-0.940228389870226
BH_s34_medium,21,111,24.7,1.193158507347107,-1.1244110971213928
BH_s34_medium,21,112,24.733333333333334,0.8781700730323792,-1.3101701286451763
BH_s34_medium,21,113,24.766666666666666,0.7455115914344788,-1.4712292122378834
BH_s34_medium,21,114,24.8,0.7329170107841492,-1.5709714436208853
BH_s34_medium,21,115,24.833333333333332,0.7834615111351013,-1.5698847140907763
BH_s34_medium,21,116,24.866666666666667,0.7481303811073303,-1.4360885758110196
BH_s34_medium,21,117,24.9,0.562038779258728,-1.1559130403738804
BH_s34_medium,21,118,24.933333333333334,0.2047358602285385,-0.7412888172816862
BH_s34_medium,21,119,24.966666666666665,-0.11576002836227417,-0.23133295408550503
BH_s34_medium,21,120,25.0,-0.4447151720523834,0.3136543742845066
BH_s34_medium,21,121,25.033333333333335,-0.6357743740081787,0.8254019123829286
BH_s34_medium,21,122,25.066666666666666,-0.7257446050643921,1.2439999648041666
BH_s34_medium,21,123,25.1,-0.7257446050643921,1.5310430255952436
BH_s34_medium,21,124,25.133333333333333,-0.7359903454780579,1.6750171070626896
BH_s34_medium,21,125,25.166666666666668,-0.78653484582901,1.6883404056510876
BH_s34_medium,21,126,25.2,-0.8370792865753174,1.5986308540342653
BH_s34_medium,21,127,25.233333333333334,-0.9390411376953125,1.4381518810390646
BH_s34_medium,21,128,25.266666666666666,-1.0410029888153076,1.2352411933977612
BH_s34_medium,21,129,25.3,-1.1429648399353027,1.0100794253298508
BH_s34_medium,21,130,25.333333333333332,-1.2449266910552979,0.774919863588463
BH_s34_medium,21,131,25.366666666666667,-1.346888542175293,0.5370115567405302
BH_s34_medium,21,132,25.4,-1.4358006715774536,0.3018273293636464
BH_s34_medium,21,133,25.433333333333334,-0.9051296710968018,0.07480953410914856
BH_s34_medium,21,134,25.466666666666665,0.2739343047142029,-0.13894184223493813
BH_s34_medium,21,135,25.5,1.7493699789047241,-0.3364035406769201
BH_s34_medium,21,136,25.533333333333335,2.6150097846984863,-0.5183976960183642
BH_s34_medium,21,137,25.566666666666666,2.5671722888946533,-0.6899418271268155
BH_s34_medium,21,138,25.6,2.112086772918701,-0.8583375488690271
BH_s34_medium,21,139,25.633333333333333,1.5994296073913574,-1.0292190061301927
BH_s34_medium,21,140,25.666666666666668,1.290696144104004,-1.201859276357537
BH_s34_medium,21,141,25.7,1.1298749446868896,-1.3655237089448011
BH_s34_medium,21,142,25.733333333333334,0.9819625616073608,-1.4983317035930923
BH_s34_medium,21,143,25.766666666666666,0.8745339512825012,-1.569480462870927
BH_s34_medium,21,144,25.8,0.7725721001625061,-1.5451945152383701
BH_s34_medium,21,145,25.833333333333332,0.6272783875465393,-1.3978540548662755
BH_s34_medium,21,146,25.866666666666667,0.380895733833313,-1.116095736415099
BH_s34_medium,21,147,25.9,0.023592814803123474,-0.7122366702123786
BH_s34_medium,21,148,25.933333333333334,-0.23087534308433533,-0.2234572850863078
BH_s34_medium,21,149,25.966666666666665,-0.49692070484161377,0.2947155376974001
BH_s34_medium,21,150,26.0,-0.6618770956993103,0.7807337963502194
BH_s34_medium,21,151,26.033333333333335,-0.7124215960502625,1.18072671508158
BH_s34_medium,21,152,26.066666666666666,-0.7629660367965698,1.4590039002183317
BH_s34_medium,21,153,26.1,-0.7771620154380798,1.6026608518943932
BH_s34_medium,21,154,26.133333333333333,-0.8640549778938293,1.6200261039395265
BH_s34_medium,21,155,26.166666666666668,-0.9314141273498535,1.5345900653105953
BH_s34_medium,21,156,26.2,-1.0165612697601318,1.376902359124914
BH_s34_medium,21,157,26.233333333333334,-1.118523120880127,1.1768388765619127
BH_s34_medium,21,158,26.266666666666666,-1.220484972000122,0.9580331667133314
BH_s34_medium,21,159,26.3,-1.3224468231201172,0.7354490140165031
BH_s34_medium,21,160,26.333333333333332,-1.3729913234710693,0.5161745005177286
BH_s34_medium,21,161,26.366666666666667,-1.4749531745910645,0.3025470424940817
BH_s34_medium,21,162,26.4,-1.4970053434371948,0.0958554767694555
BH_s34_medium,21,163,26.433333333333334,-1.1217985153198242,-0.10131170133523637
BH_s34_medium,21,164,26.466666666666665,-0.0448659285902977,-0.28513855667855426
BH_s34_medium,21,165,26.5,1.2818405628204346,-0.4526860851168337
BH_s34_medium,21,166,26.533333333333335,2.2786316871643066,-0.6044267611836571
BH_s34_medium,21,167,26.566666666666666,2.3624603748321533,-0.7452876438489937
BH_s34_medium,21,168,26.6,1.9859377145767212,-0.8829936862918034
BH_s34_medium,21,169,26.633333333333333,1.5499277114868164,-1.0237128461282219
BH_s34_medium,21,170,26.666666666666668,1.2365155220031738,-1.1661516561352672
BH_s34_medium,21,171,26.7,1.0532277822494507,-1.2963593218498288
BH_s34_medium,21,172,26.733333333333334,0.9512659311294556,-1.386331634928191
BH_s34_medium,21,173,26.766666666666666,0.7978867292404175,-1.3988618271272306
BH_s34_medium,21,174,26.8,0.6959248781204224,-1.2983991922773703
BH_s34_medium,21,175,26.833333333333332,0.5254012942314148,-1.0644473222951258
BH_s34_medium,21,176,26.866666666666667,0.30520620942115784,-0.7022879361433373
BH_s34_medium,21,177,26.9,0.06613653898239136,-0.2463419951151815
BH_s34_medium,21,178,26.933333333333334,-0.20373010635375977,0.2459749711696406
BH_s34_medium,21,179,26.966666666666665,-0.4581982493400574,0.7082853696274759
BH_s34_medium,21,180,27.0,-0.6356895565986633,1.0820640407698707
BH_s34_medium,21,181,27.033333333333335,-0.7376514077186584,1.3299936667817962
BH_s34_medium,21,182,27.066666666666666,-0.7881959080696106,1.4417193240982211
BH_s34_medium,21,183,27.1,-0.8285793662071228,1.431457595012708
BH_s34_medium,21,184,27.133333333333333,-0.8892847895622253,1.3296974380546815
BH_s34_medium,21,185,27.166666666666668,-0.9398292899131775,1.1724787653266049
BH_s34_medium,21,186,27.2,-1.0417910814285278,0.991731186394203
BH_s34_medium,21,187,27.233333333333334,-1.137083649635315,0.8092201091332958
BH_s34_medium,21,188,27.266666666666666,-1.194297432899475,0.6351208464503786
BH_s34_medium,21,189,27.3,-1.2962592840194702,0.4705673250462222
BH_s34_medium,21,190,27.333333333333332,-1.3941705226898193,0.3122133713104827
BH_s34_medium,21,191,27.366666666666667,-1.4487656354904175,0.1564342823950343
BH_s34_medium,21,192,27.4,-1.5461180210113525,0.001477037045280731
BH_s34_medium,21,193,27.433333333333334,-1.228464126586914,-0.15278950277343026
BH_s34_medium,21,194,27.466666666666665,-0.2568405270576477,-0.30659587217291556
BH_s34_medium,21,195,27.5,0.91584312915802,-0.4619486033600106
BH_s34_medium,21,196,27.533333333333335,1.7865853309631348,-0.6230053404478819
BH_s34_medium,21,197,27.566666666666666,1.847184419631958,-0.7945000063143475
BH_s34_medium,21,198,27.6,1.4969340562820435,-0.9781155364181461
BH_s34_medium,21,199,27.633333333333333,1.03766930103302,-1.1675158355506887
BH_s34_medium,21,200,27.666666666666668,0.7232993841171265,-1.34399833221708
BH_s34_medium,21,201,27.7,0.5652415156364441,-1.475572222709506
BH_s34_medium,21,202,27.733333333333334,0.5146970152854919,-1.5217140548325268
BH_s34_medium,21,203,27.766666666666666,0.46415257453918457,-1.4439505958170051
BH_s34_medium,21,204,27.8,0.4568551778793335,-1.2195249755962865
BH_s34_medium,21,205,27.833333333333332,0.36306363344192505,-0.8531337466138458
BH_s34_medium,21,206,27.866666666666667,0.12668192386627197,-0.38144487956665996
BH_s34_medium,21,207,27.9,-0.08715790510177612,0.13263345061049148
BH_s34_medium,21,208,27.933333333333334,-0.3424989879131317,0.6148743912578308
BH_s34_medium,21,209,27.966666666666665,-0.558957576751709,0.9988881621216527
BH_s34_medium,21,210,28.0,-0.7123367786407471,1.2428392943485989
BH_s34_medium,21,211,28.033333333333335,-0.7771620154380798,1.3381187098820058
BH_s34_medium,21,212,28.066666666666666,-0.8134257197380066,1.3075598197008433
BH_s34_medium,21,213,28.1,-0.8285793662071228,1.1946818577087193
BH_s34_medium,21,214,28.133333333333333,-0.8285793662071228,1.0484448844528593
BH_s34_medium,21,215,28.166666666666668,-0.8799967765808105,0.9089778155833825
BH_s34_medium,21,216,28.2,-0.9641861915588379,0.79852744882404
BH_s34_medium,21,217,28.233333333333334,-1.066148042678833,0.7194964583521982
BH_s34_medium,21,218,28.266666666666666,-1.1681098937988281,0.6590794009266409
BH_s34_medium,21,219,28.3,-1.2399184703826904,0.5980490503100723
BH_s34_medium,21,220,28.333333333333332,-1.3206162452697754,0.5199033559624635
BH_s34_medium,21,221,28.366666666666667,-1.4225780963897705,0.41658494533224977
BH_s34_medium,21,222,28.4,-1.362984299659729,0.2887661295053587
BH_s34_medium,21,223,28.433333333333334,-0.6400420665740967,0.14158504381672335
BH_s34_medium,21,224,28.466666666666665,0.40639808773994446,-0.020737197070677532
BH_s34_medium,21,225,28.5,1.4274423122406006,-0.19741848617587282
BH_s34_medium,21,226,28.533333333333335,1.7422897815704346,-0.3888147579148245
BH_s34_medium,21,227,28.566666666666666,1.4439404010772705,-0.5905105477207157
BH_s34_medium,21,228,28.6,0.9109611511230469,-0.7873696130746655
BH_s34_medium,21,229,28.633333333333333,0.4739934504032135,-0.9516772064301291
BH_s34_medium,21,230,28.666666666666668,0.23063445091247559,-1.0481449867676615
BH_s34_medium,21,231,28.7,0.1997682750225067,-1.0455487768052432
BH_s34_medium,21,232,28.733333333333334,0.269991010427475,-0.9310919166840143
BH_s34_medium,21,233,28.766666666666666,0.3719528615474701,-0.7209601657950817
BH_s34_medium,21,234,28.8,0.40543779730796814,-0.46071376459002045
BH_s34_medium,21,235,28.833333333333332,0.2702297866344452,-0.21305454702815874
BH_s34_medium,21,236,28.866666666666667,0.014888723380863667,-0.03685960525547234
BH_s34_medium,21,237,28.9,-0.25489312410354614,0.03379623986667453
BH_s34_medium,21,238,28.933333333333334,-0.4957934319972992,0.0018618152497058386
BH_s34_medium,21,239,28.966666666666665,-0.6356047987937927,-0.09395919654548661
BH_s34_medium,22,0,22.0,0.7139421105384827,0.048134862850023455
BH_s34_medium,22,1,22.033333333333335,0.7139421105384827,0.21079067404634422
BH_s34_medium,22,2,22.066666666666666,0.5842510461807251,0.3481627233331983
BH_s34_medium,22,3,22.1,0.34206342697143555,0.44241602756850723
BH_s34_medium,22,4,22.133333333333333,0.03617788851261139,0.48816097696594885
BH_s34_medium,22,5,22.166666666666668,-0.26970764994621277,0.4934517710374057
BH_s34_medium,22,6,22.2,-0.539948046207428,0.4758962440338418
BH_s34_medium,22,7,22.233333333333334,-0.6576821208000183,0.4550737265908988
BH_s34_medium,22,8,22.266666666666666,-0.6743272542953491,0.44438570799639077
BH_s34_medium,22,9,22.3,-0.7073536515235901,0.4459244381385546
BH_s34_medium,22,10,22.333333333333332,-0.7257446050643921,0.4503401955060094
BH_s34_medium,22,11,22.366666666666667,-0.7771620154380798,0.4412580955806658
BH_s34_medium,22,12,22.4,-0.858987033367157,0.4021329726720965
BH_s34_medium,22,13,22.433333333333334,-0.9609488844871521,0.32290705245917617
BH_s34_medium,22,14,22.466666666666665,-1.0629106760025024,0.2041557867258273
BH_s34_medium,22,15,22.5,-1.1648725271224976,0.0573954086647535
BH_s34_medium,22,16,22.533333333333335,-1.2668343782424927,-0.0983691813366609
BH_s34_medium,22,17,22.566666666666666,-1.3687962293624878,-0.24251194230669162
BH_s34_medium,22,18,22.6,-1.4455879926681519,-0.3590510215664548
BH_s34_medium,22,19,22.633333333333333,-1.2726844549179077,-0.4411939646394198
BH_s34_medium,22,20,22.666666666666668,-0.3652424216270447,-0.4924604699546492
BH_s34_medium,22,21,22.7,0.8754094243049622,-0.523902197173861
BH_s34_medium,22,22,22.733333333333334,1.9968738555908203,-0.548782920823024
BH_s34_medium,22,23,22.766666666666666,2.2662699222564697,-0.5772270673460125
BH_s34_medium,22,24,22.8,1.899713397026062,-0.6128243613683434
BH_s34_medium,22,25,22.833333333333332,1.3194271326065063,-0.6517637501932356
BH_s34_medium,22,26,22.866666666666667,0.8136338591575623,-0.6840176515225705
BH_s34_medium,22,27,22.9,0.5423760414123535,-0.6957438341525107
BH_s34_medium,22,28,22.933333333333334,0.5082725882530212,-0.6721612444508899
BH_s34_medium,22,29,22.966666666666665,0.5752580165863037,-0.6004096930919323
BH_s34_medium,22,30,23.0,0.6625247001647949,-0.4721034020044372
BH_s34_medium,22,31,23.033333333333335,0.5972850918769836,-0.285306885713234
BH_s34_medium,22,32,23.066666666666666,0.36658990383148193,-0.04559084198585336
BH_s34_medium,22,33,23.1,0.06070437654852867,0.23399153426684885
BH_s34_medium,22,34,23.133333333333333,-0.29659855365753174,0.533688406397129
BH_s34_medium,22,35,23.166666666666668,-0.5921535491943359,0.828175984062285
BH_s34_medium,22,36,23.2,-0.7352022528648376,1.0882573663773176
BH_s34_medium,22,37,23.233333333333334,-0.7771620154380798,1.2838958015687172
BH_s34_medium,22,38,23.266666666666666,-0.7771620154380798,1.3888860720490064
BH_s34_medium,22,39,23.3,-0.7771620154380798,1.3863451720358673
BH_s34_medium,22,40,23.333333333333332,-0.8285793662071228,1.2733078802286255
BH_s34_medium,22,41,23.366666666666667,-0.8850898146629333,1.062626607815189
BH_s34_medium,22,42,23.4,-0.9356342554092407,0.78118571611458
BH_s34_medium,22,43,23.433333333333334,-1.0375961065292358,0.46472525950086757
BH_s34_medium,22,44,23.466666666666665,-1.139557957649231,0.15067826000666126
BH_s34_medium,22,45,23.5,-1.2431211471557617,-0.12916581339920047
BH_s34_medium,22,46,23.533333333333335,-1.3948990106582642,-0.3546859301498317
BH_s34_medium,22,47,23.566666666666666,-1.3943150043487549,-0.521080407867617
BH_s34_medium,22,48,23.6,-0.6834837794303894,-0.63915222054602
BH_s34_medium,22,49,23.633333333333333,0.48558881878852844,-0.7314459053507668
BH_s34_medium,22,50,23.666666666666668,1.7633116245269775,-0.8244139014052189
BH_s34_medium,22,51,23.7,2.2491912841796875,-0.93833943785936
BH_s34_medium,22,52,23.733333333333334,1.9659955501556396,-1.0781109313569257
BH_s34_medium,22,53,23.766666666666666,1.3172072172164917,-1.2281853890449659
BH_s34_medium,22,54,23.8,0.6937991976737976,-1.3538451296730305
BH_s34_medium,22,55,23.833333333333332,0.27256911993026733,-1.4089706712759675
BH_s34_medium,22,56,23.866666666666667,0.1997682750225067,-1.3488838009297928
BH_s34_medium,22,57,23.9,0.3876904845237732,-1.14516763063204
BH_s34_medium,22,58,23.933333333333334,0.5916141867637634,-0.7977354834152326
BH_s34_medium,22,59,23.966666666666665,0.6217268109321594,-0.33909666034159014
BH_s34_medium,22,60,24.0,0.4399150311946869,0.17202313096812522
BH_s34_medium,22,61,24.033333333333335,0.04356005787849426,0.6661631254791052
BH_s34_medium,22,62,24.066666666666666,-0.31286993622779846,1.0816415126010306
BH_s34_medium,22,63,24.1,-0.6319937109947205,1.3785290788055289
BH_s34_medium,22,64,24.133333333333333,-0.8135952949523926,1.5434756672212988
BH_s34_medium,22,65,24.166666666666668,-0.8285793662071228,1.5856835976620092
BH_s34_medium,22,66,24.2,-0.8285793662071228,1.527717032231301
BH_s34_medium,22,67,24.233333333333334,-0.7771620154380798,1.395714355743762
BH_s34_medium,22,68,24.266666666666666,-0.7771620154380798,1.2125473097966581
BH_s34_medium,22,69,24.3,-0.8606480956077576,0.9953963851218519
BH_s34_medium,22,70,24.333333333333332,-0.9111925363540649,0.757006605388697
BH_s34_medium,22,71,24.366666666666667,-1.01315438747406,0.5084633186632596
BH_s34_medium,22,72,24.4,-1.1665335893630981,0.2611902834341957
BH_s34_medium,22,73,24.433333333333334,-1.2970725297927856,0.02685759721481025
BH_s34_medium,22,74,24.466666666666665,-1.2596408128738403,-0.1846381874647897
BH_s34_medium,22,75,24.5,-0.5334361791610718,-0.3677711429704558
BH_s34_medium,22,76,24.533333333333335,0.743394672870636,-0.5229030107405055
BH_s34_medium,22,77,24.566666666666666,2.044560670852661,-0.6557937438624197
BH_s34_medium,22,78,24.6,2.5649678707122803,-0.7754515108767738
BH_s34_medium,22,79,24.633333333333333,2.294018030166626,-0.8913541153968768
BH_s34_medium,22,80,24.666666666666668,1.7103248834609985,-1.01058323817641
BH_s34_medium,22,81,24.7,1.193158507347107,-1.1346414727668257
BH_s34_medium,22,82,24.733333333333334,0.8781700730323792,-1.2558751681170872
BH_s34_medium,22,83,24.766666666666666,0.7455115914344788,-1.3547107620548853
BH_s34_medium,22,84,24.8,0.7329170107841492,-1.40030620624879
BH_s34_medium,22,85,24.833333333333332,0.7834615111351013,-1.3567746369245568
BH_s34_medium,22,86,24.866666666666667,0.7481303811073303,-1.1941718094775666
BH_s34_medium,22,87,24.9,0.562038779258728,-0.9002541026975663
BH_s34_medium,22,88,24.933333333333334,0.2047358602285385,-0.48819322718247227
BH_s34_medium,22,89,24.966666666666665,-0.11576002836227417,0.0029945009316882376
BH_s34_medium,22,90,25.0,-0.4447151720523834,0.5158750436416089
BH_s34_medium,22,91,25.033333333333335,-0.6357743740081787,0.9876290201569269
BH_s34_medium,22,92,25.066666666666666,-0.7257446050643921,1.3643152927276008
BH_s34_medium,22,93,25.1,-0.7257446050643921,1.6116242026766965
BH_s34_medium,22,94,25.133333333333333,-0.7359903454780579,1.7191203221543023
BH_s34_medium,22,95,25.166666666666668,-0.78653484582901,1.6977249611193834
BH_s34_medium,22,96,25.2,-0.8370792865753174,1.5724758155331542
BH_s34_medium,22,97,25.233333333333334,-0.9390411376953125,1.3737377736350198
BH_s34_medium,22,98,25.266666666666666,-1.0410029888153076,1.1299404810392497
BH_s34_medium,22,99,25.3,-1.1429648399353027,0.8637287461369835
BH_s34_medium,22,100,25.333333333333332,-1.2449266910552979,0.5916177981995899
BH_s34_medium,22,101,25.366666666666667,-1.346888542175293,0.32573613338542906
BH_s34_medium,22,102,25.4,-1.4358006715774536,0.07573278424502583
BH_s34_medium,22,103,25.433333333333334,-0.9051296710968018,-0.15053928607150893
BH_s34_medium,22,104,25.466666666666665,0.2739343047142029,-0.3478439829497633
BH_s34_medium,22,105,25.5,1.7493699789047241,-0.5151302347011497
BH_s34_medium,22,106,25.533333333333335,2.6150097846984863,-0.6566043592254981
BH_s34_medium,22,107,25.566666666666666,2.5671722888946533,-0.7811847944459329
BH_s34_medium,22,108,25.6,2.112086772918701,-0.8997960191462231
BH_s34_medium,22,109,25.633333333333333,1.5994296073913574,-1.0208955787079055
BH_s34_medium,22,110,25.666666666666668,1.290696144104004,-1.1456606773696387
BH_s34_medium,22,111,25.7,1.1298749446868896,-1.264795010742393
BH_s34_medium,22,112,25.733333333333334,0.9819625616073608,-1.3585070079390955
BH_s34_medium,22,113,25.766666666666666,0.8745339512825012,-1.400019782268432
BH_s34_medium,22,114,25.8,0.7725721001625061,-1.3616222324772573
BH_s34_medium,22,115,25.833333333333332,0.6272783875465393,-1.2215359501428877
BH_s34_medium,22,116,25.866666666666667,0.380895733833313,-0.9700695428867977
BH_s34_medium,22,117,25.9,0.023592814803123474,-0.6140759235700693
BH_s34_medium,22,118,25.933333333333334,-0.23087534308433533,-0.1788919559626469
BH_s34_medium,22,119,25.966666666666665,-0.49692070484161377,0.2933565668171204
BH_s34_medium,22,120,26.0,-0.6618770956993103,0.7502406593697376
BH_s34_medium,22,121,26.033333333333335,-0.7124215960502625,1.1399561127665534
BH_s34_medium,22,122,26.066666666666666,-0.7629660367965698,1.4233651391053916
BH_s34_medium,22,123,26.1,-0.7771620154380798,1.582157812644541
BH_s34_medium,22,124,26.133333333333333,-0.8640549778938293,1.619954076642912
BH_s34_medium,22,125,26.166666666666668,-0.9314141273498535,1.5568332582768147
BH_s34_medium,22,126,26.2,-1.0165612697601318,1.4204518623766456
BH_s34_medium,22,127,26.233333333333334,-1.118523120880127,1.2375485759636407
BH_s34_medium,22,128,26.266666666666666,-1.220484972000122,1.0285994883302003
BH_s34_medium,22,129,26.3,-1.3224468231201172,0.8065268939736522
BH_s34_medium,22,130,26.333333333333332,-1.3729913234710693,0.578609584310249
BH_s34_medium,22,131,26.366666666666667,-1.4749531745910645,0.349743117185103
BH_s34_medium,22,132,26.4,-1.4970053434371948,0.125151359716874
BH_s34_medium,22,133,26.433333333333334,-1.1217985153198242,-0.0887226755005944
BH_s34_medium,22,134,26.466666666666665,-0.0448659285902977,-0.2855002158857894
BH_s34_medium,22,135,26.5,1.2818405628204346,-0.4616057761147989
BH_s34_medium,22,136,26.533333333333335,2.2786316871643066,-0.6187630902243703
BH_s34_medium,22,137,26.566666666666666,2.3624603748321533,-0.7643256518086726
BH_s34_medium,22,138,26.6,1.9859377145767212,-0.9084506645576857
BH_s34_medium,22,139,26.633333333333333,1.5499277114868164,-1.0587115833610912
BH_s34_medium,22,140,26.666666666666668,1.2365155220031738,-1.2141059981732665
BH_s34_medium,22,141,26.7,1.0532277822494507,-1.360938407522011
BH_s34_medium,22,142,26.733333333333334,0.9512659311294556,-1.4725830405716085
BH_s34_medium,22,143,26.766666666666666,0.7978867292404175,-1.514001498118663
BH_s34_medium,22,144,26.8,0.6959248781204224,-1.4505191251029526
BH_s34_medium,22,145,26.833333333333332,0.5254012942314148,-1.2588545805143123
BH_s34_medium,22,146,26.866666666666667,0.30520620942115784,-0.9369968673673008
BH_s34_medium,22,147,26.9,0.06613653898239136,-0.5090197367524785
BH_s34_medium,22,148,26.933333333333334,-0.20373010635375977,-0.022066886779061594
BH_s34_medium,22,149,26.966666666666665,-0.4581982493400574,0.46441450689867597
BH_s34_medium,22,150,27.0,-0.6356895565986633,0.8935867757128741
BH_s34_medium,22,151,27.033333333333335,-0.7376514077186584,1.2245434773126072
BH_s34_medium,22,152,27.066666666666666,-0.7881959080696106,1.4391085666030923
BH_s34_medium,22,153,27.1,-0.8285793662071228,1.540462823322307
BH_s34_medium,22,154,27.133333333333333,-0.8892847895622253,1.5457977325080565
BH_s34_medium,22,155,27.166666666666668,-0.9398292899131775,1.4773229005093784
BH_s34_medium,22,156,27.2,-1.0417910814285278,1.3552944366687059
BH_s34_medium,22,157,27.233333333333334,-1.137083649635315,1.1946174682262376
BH_s34_medium,22,158,27.266666666666666,-1.194297432899475,1.0048484633858783
BH_s34_medium,22,159,27.3,-1.2962592840194702,0.7924580432770794
BH_s34_medium,22,160,27.333333333333332,-1.3941705226898193,0.5636980128426161
BH_s34_medium,22,161,27.366666666666667,-1.4487656354904175,0.32640707639402855
BH_s34_medium,22,162,27.4,-1.5461180210113525,0.08974222592101966
BH_s34_medium,22,163,27.433333333333334,-1.228464126586914,-0.13800332672041926
BH_s34_medium,22,164,27.466666666666665,-0.2568405270576477,-0.35213228378005834
BH_s34_medium,22,165,27.5,0.91584312915802,-0.5530051705989547
BH_s34_medium,22,166,27.533333333333335,1.7865853309631348,-0.7450899437232887
BH_s34_medium,22,167,27.566666666666666,1.847184419631958,-0.9337301806373569
BH_s34_medium,22,168,27.6,1.4969340562820435,-1.1207832341307578
BH_s34_medium,22,169,27.633333333333333,1.03766930103302,-1.300613505372655
BH_s34_medium,22,170,27.666666666666668,0.7232993841171265,-1.457660386654319
BH_s34_medium,22,171,27.7,0.5652415156364441,-1.5664533551789306
BH_s34_medium,22,172,27.733333333333334,0.5146970152854919,-1.594836646006056
BH_s34_medium,22,173,27.766666666666666,0.46415257453918457,-1.5109019766488636
BH_s34_medium,22,174,27.8,0.4568551778793335,-1.293077943945773
BH_s34_medium,22,175,27.833333333333332,0.36306363344192505,-0.9407305697697862
BH_s34_medium,22,176,27.866666666666667,0.12668192386627197,-0.4804696042441936
BH_s34_medium,22,177,27.9,-0.08715790510177612,0.036343997612200446
BH_s34_medium,22,178,27.933333333333334,-0.3424989879131317,0.5454397495938985
BH_s34_medium,22,179,27.966666666666665,-0.558957576751709,0.9863628560162774
BH_s34_medium,22,180,28.0,-0.7123367786407471,1.317117629361477
BH_s34_medium,22,181,28.033333333333335,-0.7771620154380798,1.521133718259578
BH_s34_medium,22,182,28.066666666666666,-0.8134257197380066,1.605135883659646
BH_s34_medium,22,183,28.1,-0.8285793662071228,1.5906556383584138
BH_s34_medium,22,184,28.133333333333333,-0.8285793662071228,1.5036871383610642
BH_s34_medium,22,185,28.166666666666668,-0.8799967765808105,1.366401371341992
BH_s34_medium,22,186,28.2,-0.9641861915588379,1.19314167900812
BH_s34_medium,22,187,28.233333333333334,-1.066148042678833,0.9910035255690649
BH_s34_medium,22,188,28.266666666666666,-1.1681098937988281,0.7636456352085967
BH_s34_medium,22,189,28.3,-1.2399184703826904,0.5159342769659921
BH_s34_medium,22,190,28.333333333333332,-1.3206162452697754,0.2568555526364437
BH_s34_medium,22,191,28.366666666666667,-1.4225780963897705,-0.0009256324193984752
BH_s34_medium,22,192,28.4,-1.362984299659729,-0.2446304311356387
BH_s34_medium,22,193,28.433333333333334,-0.6400420665740967,-0.4660025196598983
BH_s34_medium,22,194,28.466666666666665,0.40639808773994446,-0.6642078203054229
BH_s34_medium,22,195,28.5,1.4274423122406006,-0.8449553174117298
BH_s34_medium,22,196,28.533333333333335,1.7422897815704346,-1.0157475593992626
BH_s34_medium,22,197,28.566666666666666,1.4439404010772705,-1.1792144771350659
BH_s34_medium,22,198,28.6,0.9109611511230469,-1.3275371573464259
BH_s34_medium,22,199,28.633333333333333,0.4739934504032135,-1.4406917868168723
BH_s34_medium,22,200,28.666666666666668,0.23063445091247559,-1.4899059114706954
BH_s34_medium,22,201,28.7,0.1997682750225067,-1.4458789521301707
BH_s34_medium,22,202,28.733333333333334,0.269991010427475,-1.289501907995595
BH_s34_medium,22,203,28.766666666666666,0.3719528615474701,-1.0212583669226278
BH_s34_medium,22,204,28.8,0.40543779730796814,-0.664851406693654
BH_s34_medium,22,205,28.833333333333332,0.2702297866344452,-0.2623778889742115
BH_s34_medium,22,206,28.866666666666667,0.014888723380863667,0.13733983347623688
BH_s34_medium,22,207,28.9,-0.25489312410354614,0.49193629299050534
BH_s34_medium,22,208,28.933333333333334,-0.4957934319972992,0.7746492783110619
BH_s34_medium,22,209,28.966666666666665,-0.6356047987937927,0.976609233762739
BH_s34_medium,22,210,29.0,-0.6861492395401001,1.1028612885696716
BH_s34_medium,22,211,29.033333333333335,-0.7257446050643921,1.1651417586281856
BH_s34_medium,22,212,29.066666666666666,-0.7257446050643921,1.1751011104291735
BH_s34_medium,22,213,29.1,-0.7257446050643921,1.1405702491037735
BH_s34_medium,22,214,29.133333333333333,-0.7771620154380798,1.0653882207449648
BH_s34_medium,22,215,29.166666666666668,-0.8285793662071228,0.9516006441266874
BH_s34_medium,22,216,29.2,-0.886581301689148,0.8023626342116432
BH_s34_medium,22,217,29.233333333333334,-0.9885430932044983,0.6241730690121757
BH_s34_medium,22,218,29.266666666666666,-1.0905050039291382,0.42743635437987504
BH_s34_medium,22,219,29.3,-1.1924668550491333,0.22500745092127655
BH_s34_medium,22,220,29.333333333333332,-1.118526577949524,0.029495554650981054
BH_s34_medium,22,221,29.366666666666667,-0.34362363815307617,-0.14915504267641524
BH_s34_medium,22,222,29.4,0.78017657995224,-0.30463875350576014
BH_s34_medium,22,223,29.433333333333334,1.743712067604065,-0.43358570395997764
BH_s34_medium,22,224,29.466666666666665,1.8965418338775635,-0.5336833757055793
BH_s34_medium,22,225,29.5,1.593124508857727,-0.6016055558301887
BH_s34_medium,22,226,29.533333333333335,1.0845870971679688,-0.6320505869519617
BH_s34_medium,22,227,29.566666666666666,0.7229948043823242,-0.6189257628237028
BH_s34_medium,22,228,29.6,0.5121630430221558,-0.5586173390141577
BH_s34_medium,22,229,29.633333333333333,0.4568551778793335,-0.4539433680956236
BH_s34_medium,22,230,29.666666666666668,0.5082725882530212,-0.3166673228917467
BH_s34_medium,22,231,29.7,0.5596899390220642,-0.16682403976938778
BH_s34_medium,22,232,29.733333333333334,0.5156547427177429,-0.02846256750024314
BH_s34_medium,22,233,29.766666666666666,0.3705306053161621,0.07695160890507745
BH_s34_medium,22,234,29.8,0.07290013879537582,0.1370543865870078
BH_s34_medium,22,235,29.833333333333332,-0.18156801164150238,0.1521494433362294
BH_s34_medium,22,236,29.866666666666667,-0.39549264311790466,0.13354424645805296
BH_s34_medium,22,237,29.9,-0.559745728969574,0.0967905842543519
BH_s34_medium,22,238,29.933333333333334,-0.5714924931526184,0.053575908478716835
BH_s34_medium,22,239,29.966666666666665,-0.6229098439216614,0.007475952362488998
BH_s34_medium,23,0,23.0,0.6625247001647949,0.10635559357657208
BH_s34_medium,23,1,23.033333333333335,0.5972850918769836,0.305319484815919
BH_s34_medium,23,2,23.066666666666666,0.36658990383148193,0.4931211130686884
BH_s34_medium,23,3,23.1,0.06070437654852867,0.658922094823156
BH_s34_medium,23,4,23.133333333333333,-0.29659855365753174,0.7898034758232229
BH_s34_medium,23,5,23.166666666666668,-0.5921535491943359,0.8727036197036167
BH_s34_medium,23,6,23.2,-0.7352022528648376,0.897743612258705
BH_s34_medium,23,7,23.233333333333334,-0.7771620154380798,0.8611254392738507
BH_s34_medium,23,8,23.266666666666666,-0.7771620154380798,0.7660598699444321
BH_s34_medium,23,9,23.3,-0.7771620154380798,0.621465707705437
BH_s34_medium,23,10,23.333333333333332,-0.8285793662071228,0.43960589408343276
BH_s34_medium,23,11,23.366666666666667,-0.8850898146629333,0.2342417030357584
BH_s34_medium,23,12,23.4,-0.9356342554092407,0.01991570439500593
BH_s34_medium,23,13,23.433333333333334,-1.0375961065292358,-0.18824836567795122
BH_s34_medium,23,14,23.466666666666665,-1.139557957649231,-0.37513288512221604
BH_s34_medium,23,15,23.5,-1.2431211471557617,-0.5270972245579423
BH_s34_medium,23,16,23.533333333333335,-1.3948990106582642,-0.6343847343469489
BH_s34_medium,23,17,23.566666666666666,-1.3943150043487549,-0.6940006280385452
BH_s34_medium,23,18,23.6,-0.6834837794303894,-0.7118927058725238
BH_s34_medium,23,19,23.633333333333333,0.48558881878852844,-0.7028671689236601
BH_s34_medium,23,20,23.666666666666668,1.7633116245269775,-0.687127570605175
BH_s34_medium,23,21,23.7,2.2491912841796875,-0.6836464870843147
BH_s34_medium,23,22,23.733333333333334,1.9659955501556396,-0.7022507919928024
BH_s34_medium,23,23,23.766666666666666,1.3172072172164917,-0.7374817390911005
BH_s34_medium,23,24,23.8,0.6937991976737976,-0.767250931990438
BH_s34_medium,23,25,23.833333333333332,0.27256911993026733,-0.7578719305926624
BH_s34_medium,23,26,23.866666666666667,0.1997682750225067,-0.6746225986501758
BH_s34_medium,23,27,23.9,0.3876904845237732,-0.4944928742418205
BH_s34_medium,23,28,23.933333333333334,0.5916141867637634,-0.21632185432348416
BH_s34_medium,23,29,23.966666666666665,0.6217268109321594,0.13591441914449204
BH_s34_medium,23,30,24.0,0.4399150311946869,0.5182372170551977
BH_s34_medium,23,31,24.033333333333335,0.04356005787849426,0.8782456374968864
BH_s34_medium,23,32,24.066666666666666,-0.31286993622779846,1.1685275796678898
BH_s34_medium,23,33,24.1,-0.6319937109947205,1.356948914769815
BH_s34_medium,23,34,24.133333333333333,-0.8135952949523926,1.430972050930008
BH_s34_medium,23,35,24.166666666666668,-0.8285793662071228,1.396121085581214
BH_s34_medium,23,36,24.2,-0.8285793662071228,1.2707284966392958
BH_s34_medium,23,37,24.233333333333334,-0.7771620154380798,1.0796239165673347
BH_s34_medium,23,38,24.266666666666666,-0.7771620154380798,0.8488162800587061
BH_s34_medium,23,39,24.3,-0.8606480956077576,0.6020544699557699
BH_s34_medium,23,40,24.333333333333332,-0.9111925363540649,0.3590362056053077
BH_s34_medium,23,41,24.366666666666667,-1.01315438747406,0.1344687935486476
BH_s34_medium,23,42,24.4,-1.1665335893630981,-0.06267106603797766
BH_s34_medium,23,43,24.433333333333334,-1.2970725297927856,-0.22976132254263382
BH_s34_medium,23,44,24.466666666666665,-1.2596408128738403,-0.37058493997638653
BH_s34_medium,23,45,24.5,-0.5334361791610718,-0.4941494462096704
BH_s34_medium,23,46,24.533333333333335,0.743394672870636,-0.6119126156544613
BH_s34_medium,23,47,24.566666666666666,2.044560670852661,-0.7338661097220025
BH_s34_medium,23,48,24.6,2.5649678707122803,-0.8648607551486156
BH_s34_medium,23,49,24.633333333333333,2.294018030166626,-1.0026400464382121
BH_s34_medium,23,50,24.666666666666668,1.7103248834609985,-1.1378964186676672
BH_s34_medium,23,51,24.7,1.193158507347107,-1.2554012309649127
BH_s34_medium,23,52,24.733333333333334,0.8781700730323792,-1.3351529726009745
BH_s34_medium,23,53,24.766666666666666,0.7455115914344788,-1.3535255932537527
BH_s34_medium,23,54,24.8,0.7329170107841492,-1.2856153949236198
BH_s34_medium,23,55,24.833333333333332,0.7834615111351013,-1.1101768659386897
BH_s34_medium,23,56,24.866666666666667,0.7481303811073303,-0.8171386724805664
BH_s34_medium,23,57,24.9,0.562038779258728,-0.41541966334326813
BH_s34_medium,23,58,24.933333333333334,0.2047358602285385,0.06287491890349468
BH_s34_medium,23,59,24.966666666666665,-0.11576002836227417,0.5653443124584326
BH_s34_medium,23,60,25.0,-0.4447151720523834,1.0298481166309998
BH_s34_medium,23,61,25.033333333333335,-0.6357743740081787,1.3994649125359653
BH_s34_medium,23,62,25.066666666666666,-0.7257446050643921,1.6360815495565781
BH_s34_medium,23,63,25.1,-0.7257446050643921,1.727380081894346
BH_s34_medium,23,64,25.133333333333333,-0.7359903454780579,1.6854739886127197
BH_s34_medium,23,65,25.166666666666668,-0.78653484582901,1.5393144682146092
BH_s34_medium,23,66,25.2,-0.8370792865753174,1.3247215291168475
BH_s34_medium,23,67,25.233333333333334,-0.9390411376953125,1.0754431148835304
BH_s34_medium,23,68,25.266666666666666,-1.0410029888153076,0.8172573994579795
BH_s34_medium,23,69,25.3,-1.1429648399353027,0.5657405343250466
BH_s34_medium,23,70,25.333333333333332,-1.2449266910552979,0.327315758520074
BH_s34_medium,23,71,25.366666666666667,-1.346888542175293,0.10250486814302558
BH_s34_medium,23,72,25.4,-1.4358006715774536,-0.11019223090508366
BH_s34_medium,23,73,25.433333333333334,-0.9051296710968018,-0.31139202964885593
BH_s34_medium,23,74,25.466666666666665,0.2739343047142029,-0.49983876746512845
BH_s34_medium,23,75,25.5,1.7493699789047241,-0.6732142729720303
BH_s34_medium,23,76,25.533333333333335,2.6150097846984863,-0.8297176230841915
BH_s34_medium,23,77,25.566666666666666,2.5671722888946533,-0.9691127467355908
BH_s34_medium,23,78,25.6,2.112086772918701,-1.0924129184519953
BH_s34_medium,23,79,25.633333333333333,1.5994296073913574,-1.2001318218523807
BH_s34_medium,23,80,25.666666666666668,1.290696144104004,-1.2896137275405755
BH_s34_medium,23,81,25.7,1.1298749446868896,-1.3524002514633353
BH_s34_medium,23,82,25.733333333333334,0.9819625616073608,-1.3729852135691443
BH_s34_medium,23,83,25.766666666666666,0.8745339512825012,-1.3303178258734656
BH_s34_medium,23,84,25.8,0.7725721001625061,-1.2026682016174937
BH_s34_medium,23,85,25.833333333333332,0.6272783875465393,-0.9750140091567675
BH_s34_medium,23,86,25.866666666666667,0.380895733833313,-0.6465205745926174
BH_s34_medium,23,87,25.9,0.023592814803123474,-0.23498698437659032
BH_s34_medium,23,88,25.933333333333334,-0.23087534308433533,0.22399598793708028
BH_s34_medium,23,89,25.966666666666665,-0.49692070484161377,0.6833297677611939
BH_s34_medium,23,90,26.0,-0.6618770956993103,1.0940320763210165
BH_s34_medium,23,91,26.033333333333335,-0.7124215960502625,1.4149355702915647
BH_s34_medium,23,92,26.066666666666666,-0.7629660367965698,1.6196843367278195
BH_s34_medium,23,93,26.1,-0.7771620154380798,1.699653601819764
BH_s34_medium,23,94,26.133333333333333,-0.8640549778938293,1.662723389088811
BH_s34_medium,23,95,26.166666666666668,-0.9314141273498535,1.5288325912845735
BH_s34_medium,23,96,26.2,-1.0165612697601318,1.3239944425470576
BH_s34_medium,23,97,26.233333333333334,-1.118523120880127,1.0746835962976402
BH_s34_medium,23,98,26.266666666666666,-1.220484972000122,0.8040009168717578
BH_s34_medium,23,99,26.3,-1.3224468231201172,0.5301032674656533
BH_s34_medium,23,100,26.333333333333332,-1.3729913234710693,0.2665222324236452
BH_s34_medium,23,101,26.366666666666667,-1.4749531745910645,0.023404689373333662
BH_s34_medium,23,102,26.4,-1.4970053434371948,-0.19150916934969467
BH_s34_medium,23,103,26.433333333333334,-1.1217985153198242,-0.3730419974394809
BH_s34_medium,23,104,26.466666666666665,-0.0448659285902977,-0.5199081137504357
BH_s34_medium,23,105,26.5,1.2818405628204346,-0.6362682809331979
BH_s34_medium,23,106,26.533333333333335,2.2786316871643066,-0.7320031414432505
BH_s34_medium,23,107,26.566666666666666,2.3624603748321533,-0.8206018356574409
BH_s34_medium,23,108,26.6,1.9859377145767212,-0.9148733312968489
BH_s34_medium,23,109,26.633333333333333,1.5499277114868164,-1.021902337163099
BH_s34_medium,23,110,26.666666666666668,1.2365155220031738,-1.1389123675914938
BH_s34_medium,23,111,26.7,1.0532277822494507,-1.251233526797282
BH_s34_medium,23,112,26.733333333333334,0.9512659311294556,-1.333079098143445
BH_s34_medium,23,113,26.766666666666666,0.7978867292404175,-1.3515279924649481
BH_s34_medium,23,114,26.8,0.6959248781204224,-1.2737296640738534
BH_s34_medium,23,115,26.833333333333332,0.5254012942314148,-1.0763826301108268
BH_s34_medium,23,116,26.866666666666667,0.30520620942115784,-0.754994693789366
BH_s34_medium,23,117,26.9,0.06613653898239136,-0.32939338498266674
BH_s34_medium,23,118,26.933333333333334,-0.20373010635375977,0.15743407408264615
BH_s34_medium,23,119,26.966666666666665,-0.4581982493400574,0.6477255958768248
BH_s34_medium,23,120,27.0,-0.6356895565986633,1.0820007455662572
BH_s34_medium,23,121,27.033333333333335,-0.7376514077186584,1.4122006490688104
BH_s34_medium,23,122,27.066666666666666,-0.7881959080696106,1.6106186658293473
BH_s34_medium,23,123,27.1,-0.8285793662071228,1.6724767732285288
BH_s34_medium,23,124,27.133333333333333,-0.8892847895622253,1.6125969216272635
BH_s34_medium,23,125,27.166666666666668,-0.9398292899131775,1.458416069142927
BH_s34_medium,23,126,27.2,-1.0417910814285278,1.242044347123188
BH_s34_medium,23,127,27.233333333333334,-1.137083649635315,0.9935441126787857
BH_s34_medium,23,128,27.266666666666666,-1.194297432899475,0.7367467527084511
BH_s34_medium,23,129,27.3,-1.2962592840194702,0.4879181369213158
BH_s34_medium,23,130,27.333333333333332,-1.3941705226898193,0.2565550274254517
BH_s34_medium,23,131,27.366666666666667,-1.4487656354904175,0.04702237962428793
BH_s34_medium,23,132,27.4,-1.5461180210113525,-0.1400430092272242
BH_s34_medium,23,133,27.433333333333334,-1.228464126586914,-0.3069237166572289
BH_s34_medium,23,134,27.466666666666665,-0.2568405270576477,-0.4583157977579064
BH_s34_medium,23,135,27.5,0.91584312915802,-0.6006265641530353
BH_s34_medium,23,136,27.533333333333335,1.7865853309631348,-0.740808816853433
BH_s34_medium,23,137,27.566666666666666,1.847184419631958,-0.8846771716175746
BH_s34_medium,23,138,27.6,1.4969340562820435,-1.0345822416581607
BH_s34_medium,23,139,27.633333333333333,1.03766930103302,-1.1864417249534502
BH_s34_medium,23,140,27.666666666666668,0.7232993841171265,-1.326842795307029
BH_s34_medium,23,141,27.7,0.5652415156364441,-1.4317643824921202
BH_s34_medium,23,142,27.733333333333334,0.5146970152854919,-1.4686648198066659
BH_s34_medium,23,143,27.766666666666666,0.46415257453918457,-1.4029315052107616
BH_s34_medium,23,144,27.8,0.4568551778793335,-1.2080853608966258
BH_s34_medium,23,145,27.833333333333332,0.36306363344192505,-0.8770081580150656
BH_s34_medium,23,146,27.866666666666667,0.12668192386627197,-0.42971288345376746
BH_s34_medium,23,147,27.9,-0.08715790510177612,0.08666223009403433
BH_s34_medium,23,148,27.933333333333334,-0.3424989879131317,0.6071447823373988
BH_s34_medium,23,149,27.966666666666665,-0.558957576751709,1.06482353502833
BH_s34_medium,23,150,28.0,-0.7123367786407471,1.4074179585347188
BH_s34_medium,23,151,28.033333333333335,-0.7771620154380798,1.608278806835036
BH_s34_medium,23,152,28.066666666666666,-0.8134257197380066,1.6685200728637581
BH_s34_medium,23,153,28.1,-0.8285793662071228,1.6110336733487711
BH_s34_medium,23,154,28.133333333333333,-0.8285793662071228,1.4698318247860738
BH_s34_medium,23,155,28.166666666666668,-0.8799967765808105,1.2789083230828078
BH_s34_medium,23,156,28.2,-0.9641861915588379,1.0641369493746498
BH_s34_medium,23,157,28.233333333333334,-1.066148042678833,0.8401461576094243
BH_s34_medium,23,158,28.266666666666666,-1.1681098937988281,0.6121179943123851
BH_s34_medium,23,159,28.3,-1.2399184703826904,0.3806476013710137
BH_s34_medium,23,160,28.333333333333332,-1.3206162452697754,0.1467801088501089
BH_s34_medium,23,161,28.366666666666667,-1.4225780963897705,-0.08535803406305484
BH_s34_medium,23,162,28.4,-1.362984299659729,-0.30930898156648673
BH_s34_medium,23,163,28.433333333333334,-0.6400420665740967,-0.5193473835523457
BH_s34_medium,23,164,28.466666666666665,0.40639808773994446,-0.713449594927379
BH_s34_medium,23,165,28.5,1.4274423122406006,-0.8938393482203404
BH_s34_medium,23,166,28.533333333333335,1.7422897815704346,-1.064230802603231
BH_s34_medium,23,167,28.566666666666666,1.4439404010772705,-1.2247865085520053
BH_s34_medium,23,168,28.6,0.9109611511230469,-1.367099594231128
BH_s34_medium,23,169,28.633333333333333,0.4739934504032135,-1.4717781248306157
BH_s34_medium,23,170,28.666666666666668,0.23063445091247559,-1.5105096483287421
BH_s34_medium,23,171,28.7,0.1997682750225067,-1.4530476795747518
BH_s34_medium,23,172,28.733333333333334,0.269991010427475,-1.2776763115219019
BH_s34_medium,23,173,28.766666666666666,0.3719528615474701,-0.9816479741881962
BH_s34_medium,23,174,28.8,0.40543779730796814,-0.5867410890886577
BH_s34_medium,23,175,28.833333333333332,0.2702297866344452,-0.13626450455991565
BH_s34_medium,23,176,28.866666666666667,0.014888723380863667,0.31601844327795503
BH_s34_medium,23,177,28.9,-0.25489312410354614,0.7202604401401154
BH_s34_medium,23,178,28.933333333333334,-0.4957934319972992,1.0420604605208472
BH_s34_medium,23,179,28.966666666666665,-0.6356047987937927,1.267031178682397
BH_s34_medium,23,180,29.0,-0.6861492395401001,1.3980309347638467
BH_s34_medium,23,181,29.033333333333335,-0.7257446050643921,1.4479397220953258
BH_s34_medium,23,182,29.066666666666666,-0.7257446050643921,1.431996283074581
BH_s34_medium,23,183,29.1,-0.7257446050643921,1.3626911736277578
BH_s34_medium,23,184,29.133333333333333,-0.7771620154380798,1.2481253806627595
BH_s34_medium,23,185,29.166666666666668,-0.8285793662071228,1.0930414644755473
BH_s34_medium,23,186,29.2,-0.886581301689148,0.9012152253103316
BH_s34_medium,23,187,29.233333333333334,-0.9885430932044983,0.6780306663575899
BH_s34_medium,23,188,29.266666666666666,-1.0905050039291382,0.4321364624071411
BH_s34_medium,23,189,29.3,-1.1924668550491333,0.1753740322439898
BH_s34_medium,23,190,29.333333333333332,-1.118526577949524,-0.07896564342997192
BH_s34_medium,23,191,29.366666666666667,-0.34362363815307617,-0.31859268195359486
BH_s34_medium,23,192,29.4,0.78017657995224,-0.5341417971332655
BH_s34_medium,23,193,29.433333333333334,1.743712067604065,-0.7196894193170321
BH_s34_medium,23,194,29.466666666666665,1.8965418338775635,-0.8716819134446732
BH_s34_medium,23,195,29.5,1.593124508857727,-0.9870549706887765
BH_s34_medium,23,196,29.533333333333335,1.0845870971679688,-1.062186072924703
BH_s34_medium,23,197,29.566666666666666,0.7229948043823242,-1.094050049405105
BH_s34_medium,23,198,29.6,0.5121630430221558,-1.0831857622571714
BH_s34_medium,23,199,29.633333333333333,0.4568551778793335,-1.03625827936681
BH_s34_medium,23,200,29.666666666666668,0.5082725882530212,-0.9657471031662243
BH_s34_medium,23,201,29.7,0.5596899390220642,-0.8857571918192323
BH_s34_medium,23,202,29.733333333333334,0.5156547427177429,-0.8052511903016254
BH_s34_medium,23,203,29.766666666666666,0.3705306053161621,-0.7220269248598994
BH_s34_medium,23,204,29.8,0.07290013879537582,-0.6213572955009433
BH_s34_medium,23,205,29.833333333333332,-0.18156801164150238,-0.4814096495811021
BH_s34_medium,23,206,29.866666666666667,-0.39549264311790466,-0.28377582183778005
BH_s34_medium,23,207,29.9,-0.559745728969574,-0.0241585556618304
BH_s34_medium,23,208,29.933333333333334,-0.5714924931526184,0.2821385160478845
BH_s34_medium,23,209,29.966666666666665,-0.6229098439216614,0.6026810264772465
BH_s34_medium,23,210,30.0,-0.6229098439216614,0.897157710554401
BH_s34_medium,23,211,30.033333333333335,-0.6590887904167175,1.1291878727501878
BH_s34_medium,23,212,30.066666666666666,-0.7096332311630249,1.2758295924488001
BH_s34_medium,23,213,30.1,-0.760177731513977,1.3315706483228873
BH_s34_medium,23,214,30.133333333333333,-0.8621395826339722,1.3062580414819838
BH_s34_medium,23,215,30.166666666666668,-0.9314141273498535,1.2188402796255058
BH_s34_medium,23,216,30.2,-1.0146459341049194,1.0900355703018252
BH_s34_medium,23,217,30.233333333333334,-1.1166077852249146,0.9368191635933196
BH_s34_medium,23,218,30.266666666666666,-1.1584324836730957,0.7702726257685221
BH_s34_medium,23,219,30.3,-0.617236316204071,0.5965994610443165
BH_s34_medium,23,220,30.333333333333332,0.3853883743286133,0.41977008751671785
BH_s34_medium,23,221,30.366666666666667,1.5540310144424438,0.24379530724373316
BH_s34_medium,23,222,30.4,2.0773708820343018,0.07317014555164755
BH_s34_medium,23,223,30.433333333333334,1.9736822843551636,-0.08860084691233423
BH_s34_medium,23,224,30.466666666666665,1.540130853652954,-0.24093283084176187
BH_s34_medium,23,225,30.5,1.1562416553497314,-0.38644931109349995
BH_s34_medium,23,226,30.533333333333335,0.9479438066482544,-0.5284874935549
BH_s34_medium,23,227,30.566666666666666,0.8459819555282593,-0.6666597102397726
BH_s34_medium,23,228,30.6,0.7653594613075256,-0.7930238713852453
BH_s34_medium,23,229,30.633333333333333,0.7448930740356445,-0.891574982977819
BH_s34_medium,23,230,30.666666666666668,0.6943485736846924,-0.9420807901069702
BH_s34_medium,23,231,30.7,0.5736661553382874,-0.9270731393318763
BH_s34_medium,23,232,30.733333333333334,0.3518947958946228,-0.839514060552954
BH_s34_medium,23,233,30.766666666666666,0.06298399716615677,-0.6883322319074853
BH_s34_medium,23,234,30.8,-0.14093969762325287,-0.49927329044300794
BH_s34_medium,23,235,30.833333333333332,-0.3296344578266144,-0.3095479403920182
BH_s34_medium,23,236,30.866666666666667,-0.4315963089466095,-0.15686272100836784
BH_s34_medium,23,237,30.9,-0.4686577022075653,-0.06620206424647893
BH_s34_medium,23,238,30.933333333333334,-0.5200750827789307,-0.039932440165174714
BH_s34_medium,23,239,30.966666666666665,-0.531812310218811,-0.05643076547326481
BH_s34_medium,24,0,24.0,0.4399150311946869,0.13231413452183782
BH_s34_medium,24,1,24.033333333333335,0.04356005787849426,0.26019567554302775
BH_s34_medium,24,2,24.066666666666666,-0.31286993622779846,0.37108444240944966
BH_s34_medium,24,3,24.1,-0.6319937109947205,0.45197306897594763
BH_s34_medium,24,4,24.133333333333333,-0.8135952949523926,0.49289712741319275
BH_s34_medium,24,5,24.166666666666668,-0.8285793662071228,0.489392005981266
BH_s34_medium,24,6,24.2,-0.8285793662071228,0.44402808724146636
BH_s34_medium,24,7,24.233333333333334,-0.7771620154380798,0.3653785919134402
BH_s34_medium,24,8,24.266666666666666,-0.7771620154380798,0.2648331930518467
BH_s34_medium,24,9,24.3,-0.8606480956077576,0.15347957267817122
BH_s34_medium,24,10,24.333333333333332,-0.9111925363540649,0.04057383704705738
BH_s34_medium,24,11,24.366666666666667,-1.01315438747406,-0.0667667355584423
BH_s34_medium,24,12,24.4,-1.1665335893630981,-0.1637743790621893
BH_s34_medium,24,13,24.433333333333334,-1.2970725297927856,-0.24858701417898818
BH_s34_medium,24,14,24.466666666666665,-1.2596408128738403,-0.3225163711573674
BH_s34_medium,24,15,24.5,-0.5334361791610718,-0.38913918387067425
BH_s34_medium,24,16,24.533333333333335,0.743394672870636,-0.45227127579985427
BH_s34_medium,24,17,24.566666666666666,2.044560670852661,-0.5139547271238779
BH_s34_medium,24,18,24.6,2.5649678707122803,-0.5735983005335221
BH_s34_medium,24,19,24.633333333333333,2.294018030166626,-0.6284864191294091
BH_s34_medium,24,20,24.666666666666668,1.7103248834609985,-0.6748583858475408
BH_s34_medium,24,21,24.7,1.193158507347107,-0.708357001301611
BH_s34_medium,24,22,24.733333333333334,0.8781700730323792,-0.7231556472174611
BH_s34_medium,24,23,24.766666666666666,0.7455115914344788,-0.7102911160439958
BH_s34_medium,24,24,24.8,0.7329170107841492,-0.6569246342363246
BH_s34_medium,24,25,24.833333333333332,0.7834615111351013,-0.5483487627845803
BH_s34_medium,24,26,24.866666666666667,0.7481303811073303,-0.3730973336448836
BH_s34_medium,24,27,24.9,0.562038779258728,-0.12942255982669817
BH_s34_medium,24,28,24.933333333333334,0.2047358602285385,0.16990214611044696
BH_s34_medium,24,29,24.966666666666665,-0.11576002836227417,0.49717659607473946
BH_s34_medium,24,30,25.0,-0.4447151720523834,0.81462822568962
BH_s34_medium,24,31,25.033333333333335,-0.6357743740081787,1.0830192707410895
BH_s34_medium,24,32,25.066666666666666,-0.7257446050643921,1.2708913095901653
BH_s34_medium,24,33,25.1,-0.7257446050643921,1.361215073252457
BH_s34_medium,24,34,25.133333333333333,-0.7359903454780579,1.3535213678735576
BH_s34_medium,24,35,25.166666666666668,-0.78653484582901,1.2614559429287517
BH_s34_medium,24,36,25.2,-0.8370792865753174,1.1071658226308618
BH_s34_medium,24,37,25.233333333333334,-0.9390411376953125,0.9146160333718457
BH_s34_medium,24,38,25.266666666666666,-1.0410029888153076,0.7039095460586504
BH_s34_medium,24,39,25.3,-1.1429648399353027,0.4881182921828214
BH_s34_medium,24,40,25.333333333333332,-1.2449266910552979,0.2732294796129232
BH_s34_medium,24,41,25.366666666666667,-1.346888542175293,0.06074392542605938
BH_s34_medium,24,42,25.4,-1.4358006715774536,-0.14852321745078784
BH_s34_medium,24,43,25.433333333333334,-0.9051296710968018,-0.3513998961956054
BH_s34_medium,24,44,25.466666666666665,0.2739343047142029,-0.5417008260203137
BH_s34_medium,24,45,25.5,1.7493699789047241,-0.7122846698355603
BH_s34_medium,24,46,25.533333333333335,2.6150097846984863,-0.8583752249493324
BH_s34_medium,24,47,25.566666666666666,2.5671722888946533,-0.9797081150476711
BH_s34_medium,24,48,25.6,2.112086772918701,-1.0797529974751372
BH_s34_medium,24,49,25.633333333333333,1.5994296073913574,-1.1621082930863358
BH_s34_medium,24,50,25.666666666666668,1.290696144104004,-1.2259224587605753
BH_s34_medium,24,51,25.7,1.1298749446868896,-1.262823997348144
BH_s34_medium,24,52,25.733333333333334,0.9819625616073608,-1.257050915307748
BH_s34_medium,24,53,25.766666666666666,0.8745339512825012,-1.1889833339619118
BH_s34_medium,24,54,25.8,0.7725721001625061,-1.0410302147756176
BH_s34_medium,24,55,25.833333333333332,0.6272783875465393,-0.8040990145102166
BH_s34_medium,24,56,25.866666666666667,0.380895733833313,-0.4826565002962283
BH_s34_medium,24,57,25.9,0.023592814803123474,-0.0967356894613449
BH_s34_medium,24,58,25.933333333333334,-0.23087534308433533,0.3198802067174271
BH_s34_medium,24,59,25.966666666666665,-0.49692070484161377,0.7250151401914388
BH_s34_medium,24,60,26.0,-0.6618770956993103,1.075841486392599
BH_s34_medium,24,61,26.033333333333335,-0.7124215960502625,1.3371964843949453
BH_s34_medium,24,62,26.066666666666666,-0.7629660367965698,1.4882928521905168
BH_s34_medium,24,63,26.1,-0.7771620154380798,1.5258830867802073
BH_s34_medium,24,64,26.133333333333333,-0.8640549778938293,1.4629837369963916
BH_s34_medium,24,65,26.166666666666668,-0.9314141273498535,1.3237524061702315
BH_s34_medium,24,66,26.2,-1.0165612697601318,1.136380851988171
BH_s34_medium,24,67,26.233333333333334,-1.118523120880127,0.926351968247317
BH_s34_medium,24,68,26.266666666666666,-1.220484972000122,0.7119362913773221
BH_s34_medium,24,69,26.3,-1.3224468231201172,0.5027974748452596
BH_s34_medium,24,70,26.333333333333332,-1.3729913234710693,0.3015613690408499
BH_s34_medium,24,71,26.366666666666667,-1.4749531745910645,0.10732874314066695
BH_s34_medium,24,72,26.4,-1.4970053434371948,-0.08054469712881904
BH_s34_medium,24,73,26.433333333333334,-1.1217985153198242,-0.2601792054859513
BH_s34_medium,24,74,26.466666666666665,-0.0448659285902977,-0.4274597709048372
BH_s34_medium,24,75,26.5,1.2818405628204346,-0.5784947576248683
BH_s34_medium,24,76,26.533333333333335,2.2786316871643066,-0.7123989176399531
BH_s34_medium,24,77,26.566666666666666,2.3624603748321533,-0.8322374045911597
BH_s34_medium,24,78,26.6,1.9859377145767212,-0.9432469582767895
BH_s34_medium,24,79,26.633333333333333,1.5499277114868164,-1.0491437948524243
BH_s34_medium,24,80,26.666666666666668,1.2365155220031738,-1.1481133985916163
BH_s34_medium,24,81,26.7,1.0532277822494507,-1.2300263005528724
BH_s34_medium,24,82,26.733333333333334,0.9512659311294556,-1.2761172631717188
BH_s34_medium,24,83,26.766666666666666,0.7978867292404175,-1.2618357906023334
BH_s34_medium,24,84,26.8,0.6959248781204224,-1.1626877630181989
BH_s34_medium,24,85,26.833333333333332,0.5254012942314148,-0.9618347657152837
BH_s34_medium,24,86,26.866666666666667,0.30520620942115784,-0.6573548359773198
BH_s34_medium,24,87,26.9,0.06613653898239136,-0.26667522395708554
BH_s34_medium,24,88,26.933333333333334,-0.20373010635375977,0.1739621542748105
BH_s34_medium,24,89,26.966666666666665,-0.4581982493400574,0.6157668861245846
BH_s34_medium,24,90,27.0,-0.6356895565986633,1.0079666100809082
BH_s34_medium,24,91,27.033333333333335,-0.7376514077186584,1.3092693557719355
BH_s34_medium,24,92,27.066666666666666,-0.7881959080696106,1.4962191366410946
BH_s34_medium,24,93,27.1,-0.8285793662071228,1.5656660011738759
BH_s34_medium,24,94,27.133333333333333,-0.8892847895622253,1.5311274220615174
BH_s34_medium,24,95,27.166666666666668,-0.9398292899131775,1.4153388664684676
BH_s34_medium,24,96,27.2,-1.0417910814285278,1.2424581155368581
BH_s34_medium,24,97,27.233333333333334,-1.137083649635315,1.032828651840491
BH_s34_medium,24,98,27.266666666666666,-1.194297432899475,0.8014285830683413
BH_s34_medium,24,99,27.3,-1.2962592840194702,0.5591766621822957
BH_s34_medium,24,100,27.333333333333332,-1.3941705226898193,0.3151374563240912
BH_s34_medium,24,101,27.366666666666667,-1.4487656354904175,0.07779056484589941
BH_s34_medium,24,102,27.4,-1.5461180210113525,-0.145356398874837
BH_s34_medium,24,103,27.433333333333334,-1.228464126586914,-0.3492578678998327
BH_s34_medium,24,104,27.466666666666665,-0.2568405270576477,-0.5327216613498853
BH_s34_medium,24,105,27.5,0.91584312915802,-0.6986331837941291
BH_s34_medium,24,106,27.533333333333335,1.7865853309631348,-0.8525656202871373
BH_s34_medium,24,107,27.566666666666666,1.847184419631958,-1.0000236506445854
BH_s34_medium,24,108,27.6,1.4969340562820435,-1.1430228320556013
BH_s34_medium,24,109,27.633333333333333,1.03766930103302,-1.27687292029924
BH_s34_medium,24,110,27.666666666666668,0.7232993841171265,-1.3880414884352406
BH_s34_medium,24,111,27.7,0.5652415156364441,-1.4539880471706401
BH_s34_medium,24,112,27.733333333333334,0.5146970152854919,-1.445860431353792
BH_s34_medium,24,113,27.766666666666666,0.46415257453918457,-1.3346195740358144
BH_s34_medium,24,114,27.8,0.4568551778793335,-1.1001353193815924
BH_s34_medium,24,115,27.833333333333332,0.36306363344192505,-0.7409560116367963
BH_s34_medium,24,116,27.866666666666667,0.12668192386627197,-0.2805999230881446
BH_s34_medium,24,117,27.9,-0.08715790510177612,0.23367015277111416
BH_s34_medium,24,118,27.933333333333334,-0.3424989879131317,0.7405350318731994
BH_s34_medium,24,119,27.966666666666665,-0.558957576751709,1.1794632376492507
BH_s34_medium,24,120,28.0,-0.7123367786407471,1.5048061871384237
BH_s34_medium,24,121,28.033333333333335,-0.7771620154380798,1.6938642192837656
BH_s34_medium,24,122,28.066666666666666,-0.8134257197380066,1.7470569294852496
BH_s34_medium,24,123,28.1,-0.8285793662071228,1.682042892028016
BH_s34_medium,24,124,28.133333333333333,-0.8285793662071228,1.5253374120744716
BH_s34_medium,24,125,28.166666666666668,-0.8799967765808105,1.3046551972196951
BH_s34_medium,24,126,28.2,-0.9641861915588379,1.0439814357961736
BH_s34_medium,24,127,28.233333333333334,-1.066148042678833,0.7619865122699211
BH_s34_medium,24,128,28.266666666666666,-1.1681098937988281,0.4731618519968157
BH_s34_medium,24,129,28.3,-1.2399184703826904,0.19007747278358725
BH_s34_medium,24,130,28.333333333333332,-1.3206162452697754,-0.07530714171587255
BH_s34_medium,24,131,28.366666666666667,-1.4225780963897705,-0.3126833687752563
BH_s34_medium,24,132,28.4,-1.362984299659729,-0.5163498957977718
BH_s34_medium,24,133,28.433333333333334,-0.6400420665740967,-0.6879505609254946
BH_s34_medium,24,134,28.466666666666665,0.40639808773994446,-0.8366280435714345
BH_s34_medium,24,135,28.5,1.4274423122406006,-0.9754392741789369
BH_s34_medium,24,136,28.533333333333335,1.7422897815704346,-1.1147205973698413
BH_s34_medium,24,137,28.566666666666666,1.4439404010772705,-1.2547954136227233
BH_s34_medium,24,138,28.6,0.9109611511230469,-1.381285750640111
BH_s34_medium,24,139,28.633333333333333,0.4739934504032135,-1.4657011289182964
BH_s34_medium,24,140,28.666666666666668,0.23063445091247559,-1.4719671475319396
BH_s34_medium,24,141,28.7,0.1997682750225067,-1.367206733943348
BH_s34_medium,24,142,28.733333333333334,0.269991010427475,-1.133506660891003
BH_s34_medium,24,143,28.766666666666666,0.3719528615474701,-0.776719516106614
BH_s34_medium,24,144,28.8,0.40543779730796814,-0.32860797310508605
BH_s34_medium,24,145,28.833333333333332,0.2702297866344452,0.15938404916001125
BH_s34_medium,24,146,28.866666666666667,0.014888723380863667,0.6288144602302839
BH_s34_medium,24,147,28.9,-0.25489312410354614,1.028415407079911
BH_s34_medium,24,148,28.933333333333334,-0.4957934319972992,1.3244872322199808
BH_s34_medium,24,149,28.966666666666665,-0.6356047987937927,1.5044584473183638
BH_s34_medium,24,150,29.0,-0.6861492395401001,1.5736982275082536
BH_s34_medium,24,151,29.033333333333335,-0.7257446050643921,1.5482569123090097
BH_s34_medium,24,152,29.066666666666666,-0.7257446050643921,1.4472601658127964
BH_s34_medium,24,153,29.1,-0.7257446050643921,1.2878922176333412
BH_s34_medium,24,154,29.133333333333333,-0.7771620154380798,1.0838608878066203
BH_s34_medium,24,155,29.166666666666668,-0.8285793662071228,0.8463599802180227
BH_s34_medium,24,156,29.2,-0.886581301689148,0.585898668141789
BH_s34_medium,24,157,29.233333333333334,-0.9885430932044983,0.3136580538144805
BH_s34_medium,24,158,29.266666666666666,-1.0905050039291382,0.04155211447187784
BH_s34_medium,24,159,29.3,-1.1924668550491333,-0.2191497505256872
BH_s34_medium,24,160,29.333333333333332,-1.118526577949524,-0.45991069323538275
BH_s34_medium,24,161,29.366666666666667,-0.34362363815307617,-0.6764407820411941
BH_s34_medium,24,162,29.4,0.78017657995224,-0.8685456378227735
BH_s34_medium,24,163,29.433333333333334,1.743712067604065,-1.037918295588387
BH_s34_medium,24,164,29.466666666666665,1.8965418338775635,-1.184308155662029
BH_s34_medium,24,165,29.5,1.593124508857727,-1.3014657629479693
BH_s34_medium,24,166,29.533333333333335,1.0845870971679688,-1.37513129367655
BH_s34_medium,24,167,29.566666666666666,0.7229948043823242,-1.385088855629844
BH_s34_medium,24,168,29.6,0.5121630430221558,-1.3114316544835085
BH_s34_medium,24,169,29.633333333333333,0.4568551778793335,-1.1428061581044155
BH_s34_medium,24,170,29.666666666666668,0.5082725882530212,-0.8830954651228654
BH_s34_medium,24,171,29.7,0.5596899390220642,-0.5533786523407652
BH_s34_medium,24,172,29.733333333333334,0.5156547427177429,-0.18783852737825038
BH_s34_medium,24,173,29.766666666666666,0.3705306053161621,0.1751136577184573
BH_s34_medium,24,174,29.8,0.07290013879537582,0.50294490706324
BH_s34_medium,24,175,29.833333333333332,-0.18156801164150238,0.7760528357582284
BH_s34_medium,24,176,29.866666666666667,-0.39549264311790466,0.9889091283992343
BH_s34_medium,24,177,29.9,-0.559745728969574,1.1454028442973632
BH_s34_medium,24,178,29.933333333333334,-0.5714924931526184,1.2514670176173024
BH_s34_medium,24,179,29.966666666666665,-0.6229098439216614,1.309310900915771
BH_s34_medium,24,180,30.0,-0.6229098439216614,1.3162390562142177
BH_s34_medium,24,181,30.033333333333335,-0.6590887904167175,1.2680196211201398
BH_s34_medium,24,182,30.066666666666666,-0.7096332311630249,1.1639623869211724
BH_s34_medium,24,183,30.1,-0.760177731513977,1.0100770183936432
BH_s34_medium,24,184,30.133333333333333,-0.8621395826339722,0.8184073837660512
BH_s34_medium,24,185,30.166666666666668,-0.9314141273498535,0.6033693842100895
BH_s34_medium,24,186,30.2,-1.0146459341049194,0.37763486232539895
BH_s34_medium,24,187,30.233333333333334,-1.1166077852249146,0.14993129134131428
BH_s34_medium,24,188,30.266666666666666,-1.1584324836730957,-0.0745443163390121
BH_s34_medium,24,189,30.3,-0.617236316204071,-0.29226841053772373
BH_s34_medium,24,190,30.333333333333332,0.3853883743286133,-0.5000044859119362
BH_s34_medium,24,191,30.366666666666667,1.5540310144424438,-0.6949405286740564
BH_s34_medium,24,192,30.4,2.0773708820343018,-0.8756175660782708
BH_s34_medium,24,193,30.433333333333334,1.9736822843551636,-1.0419015406696535
BH_s34_medium,24,194,30.466666666666665,1.540130853652954,-1.1930698493366345
BH_s34_medium,24,195,30.5,1.1562416553497314,-1.3247671266972567
BH_s34_medium,24,196,30.533333333333335,0.9479438066482544,-1.4265753018250353
BH_s34_medium,24,197,30.566666666666666,0.8459819555282593,-1.4817614279997913
BH_s34_medium,24,198,30.6,0.7653594613075256,-1.4697990724259458
BH_s34_medium,24,199,30.633333333333333,0.7448930740356445,-1.371213510789892
BH_s34_medium,24,200,30.666666666666668,0.6943485736846924,-1.173647783880556
BH_s34_medium,24,201,30.7,0.5736661553382874,-0.8775936293385035
BH_s34_medium,24,202,30.733333333333334,0.3518947958946228,-0.49981739505308137
BH_s34_medium,24,203,30.766666666666666,0.06298399716615677,-0.07265672845394214
BH_s34_medium,24,204,30.8,-0.14093969762325287,0.3614344380961411
BH_s34_medium,24,205,30.833333333333332,-0.3296344578266144,0.7587450791865972
BH_s34_medium,24,206,30.866666666666667,-0.4315963089466095,1.0834697721362925
BH_s34_medium,24,207,30.9,-0.4686577022075653,1.3138453969312252
BH_s34_medium,24,208,30.933333333333334,-0.5200750827789307,1.4436429479053223
BH_s34_medium,24,209,30.966666666666665,-0.531812310218811,1.4796541208128822
BH_s34_medium,24,210,31.0,-0.5823568105697632,1.437020143553506
BH_s34_medium,24,211,31.033333333333335,-0.6329012513160706,1.334245554698869
BH_s34_medium,24,212,31.066666666666666,-0.7348631024360657,1.189160501779321
BH_s34_medium,24,213,31.1,-0.8368249535560608,1.0164520719711152
BH_s34_medium,24,214,31.133333333333333,-0.9387868046760559,0.8269064153296091
BH_s34_medium,24,215,31.166666666666668,-0.9893312454223633,0.628143388804184
BH_s34_medium,24,216,31.2,-1.0912930965423584,0.4262600066415264
BH_s34_medium,24,217,31.233333333333334,-1.1275758743286133,0.22745169177282928
BH_s34_medium,24,218,31.266666666666666,-0.6908157467842102,0.03857127619638722
BH_s34_medium,24,219,31.3,0.2842743694782257,-0.1339279338125875
BH_s34_medium,24,220,31.333333333333332,1.3994492292404175,-0.28614314525348183
BH_s34_medium,24,221,31.366666666666667,1.9492214918136597,-0.4185239480154011
BH_s34_medium,24,222,31.4,1.8949846029281616,-0.5358433585259509
BH_s34_medium,24,223,31.433333333333334,1.4871371984481812,-0.6446516533774845
BH_s34_medium,24,224,31.466666666666665,1.1293507814407349,-0.7487033841857411
BH_s34_medium,24,225,31.5,0.9240705370903015,-0.8440458219436792
BH_s34_medium,24,226,31.533333333333335,0.8198792338371277,-0.9162543817045933
BH_s34_medium,24,227,31.566666666666666,0.7179173827171326,-0.9420941828087241
BH_s34_medium,24,228,31.6,0.6673728823661804,-0.8963487614494358
BH_s34_medium,24,229,31.633333333333333,0.616828441619873,-0.7620596783935656
BH_s34_medium,24,230,31.666666666666668,0.5148665904998779,-0.5400882698836275
BH_s34_medium,24,231,31.7,0.31753695011138916,-0.2533718429890214
BH_s34_medium,24,232,31.733333333333334,0.019118351861834526,0.056661556757760995
BH_s34_medium,24,233,31.766666666666666,-0.18393242359161377,0.34036893004755336
BH_s34_medium,24,234,31.8,-0.39706891775131226,0.5525409277936324
BH_s34_medium,24,235,31.833333333333332,-0.5091164708137512,0.6624622077624364
BH_s34_medium,24,236,31.866666666666667,-0.5714924931526184,0.6586886527052818
BH_s34_medium,24,237,31.9,-0.5714924931526184,0.5488605046242013
BH_s34_medium,24,238,31.933333333333334,-0.6229098439216614,0.3563387223249595
BH_s34_medium,24,239,31.966666666666665,-0.6598769426345825,0.11534365400482997
BH_s34_medium,25,0,25.0,-0.4447151720523834,0.1632845165999909
BH_s34_medium,25,1,25.033333333333335,-0.6357743740081787,0.3828736936348947
BH_s34_medium,25,2,25.066666666666666,-0.7257446050643921,0.5556885477588013
BH_s34_medium,25,3,25.1,-0.7257446050643921,0.6486836779973242
BH_s34_medium,25,4,25.133333333333333,-0.7359903454780579,0.6485110484336892
BH_s34_medium,25,5,25.166666666666668,-0.78653484582901,0.5654744339328082
BH_s34_medium,25,6,25.2,-0.8370792865753174,0.43019433418697856
BH_s34_medium,25,7,25.233333333333334,-0.9390411376953125,0.28267331101361143
BH_s34_medium,25,8,25.266666666666666,-1.0410029888153076,0.15752036808598358
BH_s34_medium,25,9,25.3,-1.1429648399353027,0.07190730668786047
BH_s34_medium,25,10,25.333333333333332,-1.2449266910552979,0.021637784625446913
BH_s34_medium,25,11,25.366666666666667,-1.346888542175293,-0.013530128543210306
BH_s34_medium,25,12,25.4,-1.4358006715774536,-0.058605261779781176
BH_s34_medium,25,13,25.433333333333334,-0.9051296710968018,-0.13180461224155188
BH_s34_medium,25,14,25.466666666666665,0.2739343047142029,-0.23778002810859206
BH_s34_medium,25,15,25.5,1.7493699789047241,-0.3677526073943305
BH_s34_medium,25,16,25.533333333333335,2.6150097846984863,-0.5051102878369934
BH_s34_medium,25,17,25.566666666666666,2.5671722888946533,-0.6327664075694108
BH_s34_medium,25,18,25.6,2.112086772918701,-0.7386498767164599
BH_s34_medium,25,19,25.633333333333333,1.5994296073913574,-0.8174180937865315
BH_s34_medium,25,20,25.666666666666668,1.290696144104004,-0.8684973921834775
BH_s34_medium,25,21,25.7,1.1298749446868896,-0.892038926930708
BH_s34_medium,25,22,25.733333333333334,0.9819625616073608,-0.885023366424452
BH_s34_medium,25,23,25.766666666666666,0.8745339512825012,-0.839531562872651
BH_s34_medium,25,24,25.8,0.7725721001625061,-0.7442574704722066
BH_s34_medium,25,25,25.833333333333332,0.6272783875465393,-0.5888630729933141
BH_s34_medium,25,26,25.866666666666667,0.380895733833313,-0.3692847940674264
BH_s34_medium,25,27,25.9,0.023592814803123474,-0.09161527525873679
BH_s34_medium,25,28,25.933333333333334,-0.23087534308433533,0.226856202192096
BH_s34_medium,25,29,25.966666666666665,-0.49692070484161377,0.5594759228892778
BH_s34_medium,25,30,26.0,-0.6618770956993103,0.8742688520266649
BH_s34_medium,25,31,26.033333333333335,-0.7124215960502625,1.1393868716445443
BH_s34_medium,25,32,26.066666666666666,-0.7629660367965698,1.3289513920485818
BH_s34_medium,25,33,26.1,-0.7771620154380798,1.4279206706775633
BH_s34_medium,25,34,26.133333333333333,-0.8640549778938293,1.4344490575907813
BH_s34_medium,25,35,26.166666666666668,-0.9314141273498535,1.358732119485591
BH_s34_medium,25,36,26.2,-1.0165612697601318,1.2186504034733487
BH_s34_medium,25,37,26.233333333333334,-1.118523120880127,1.033938623335853
BH_s34_medium,25,38,26.266666666666666,-1.220484972000122,0.8212420700187824
BH_s34_medium,25,39,26.3,-1.3224468231201172,0.5919339068846926
BH_s34_medium,25,40,26.333333333333332,-1.3729913234710693,0.3531808773927452
BH_s34_medium,25,41,26.366666666666667,-1.4749531745910645,0.11111999002908284
BH_s34_medium,25,42,26.4,-1.4970053434371948,-0.12606531910646634
BH_s34_medium,25,43,26.433333333333334,-1.1217985153198242,-0.3473290042752307
BH_s34_medium,25,44,26.466666666666665,-0.0448659285902977,-0.5411000617347346
BH_s34_medium,25,45,26.5,1.2818405628204346,-0.6997294375228109
BH_s34_medium,25,46,26.533333333333335,2.2786316871643066,-0.8233967674782303
BH_s34_medium,25,47,26.566666666666666,2.3624603748321533,-0.920692220030837
BH_s34_medium,25,48,26.6,1.9859377145767212,-1.0047929404119238
BH_s34_medium,25,49,26.633333333333333,1.5499277114868164,-1.086648560853283
BH_s34_medium,25,50,26.666666666666668,1.2365155220031738,-1.1683231768658742
BH_s34_medium,25,51,26.7,1.0532277822494507,-1.2396515348700576
BH_s34_medium,25,52,26.733333333333334,0.9512659311294556,-1.279709302113636
BH_s34_medium,25,53,26.766666666666666,0.7978867292404175,-1.2624177403988746
BH_s34_medium,25,54,26.8,0.6959248781204224,-1.164161538410105
BH_s34_medium,25,55,26.833333333333332,0.5254012942314148,-0.9709894117714473
BH_s34_medium,25,56,26.866666666666667,0.30520620942115784,-0.6835007015822957
BH_s34_medium,25,57,26.9,0.06613653898239136,-0.3183403122320102
BH_s34_medium,25,58,26.933333333333334,-0.20373010635375977,0.09402485677046774
BH_s34_medium,25,59,26.966666666666665,-0.4581982493400574,0.5147187983559827
BH_s34_medium,25,60,27.0,-0.6356895565986633,0.9035135595739074
BH_s34_medium,25,61,27.033333333333335,-0.7376514077186584,1.2254701227275202
BH_s34_medium,25,62,27.066666666666666,-0.7881959080696106,1.455598558029552
BH_s34_medium,25,63,27.1,-0.8285793662071228,1.580998769884506
BH_s34_medium,25,64,27.133333333333333,-0.8892847895622253,1.6007412316180567
BH_s34_medium,25,65,27.166666666666668,-0.9398292899131775,1.5240852793824236
BH_s34_medium,25,66,27.2,-1.0417910814285278,1.3676598139725824
BH_s34_medium,25,67,27.233333333333334,-1.137083649635315,1.1521793412563361
BH_s34_medium,25,68,27.266666666666666,-1.194297432899475,0.8992631995622907
BH_s34_medium,25,69,27.3,-1.2962592840194702,0.6288667536189806
BH_s34_medium,25,70,27.333333333333332,-1.3941705226898193,0.3576057646121827
BH_s34_medium,25,71,27.366666666666667,-1.4487656354904175,0.09796034007662316
BH_s34_medium,25,72,27.4,-1.5461180210113525,-0.1418565457147687
BH_s34_medium,25,73,27.433333333333334,-1.228464126586914,-0.35764768098657845
BH_s34_medium,25,74,27.466666666666665,-0.2568405270576477,-0.5488239999130724
BH_s34_medium,25,75,27.5,0.91584312915802,-0.717877886588481
BH_s34_medium,25,76,27.533333333333335,1.7865853309631348,-0.8695086954691285
BH_s34_medium,25,77,27.566666666666666,1.847184419631958,-1.0090311474613711
BH_s34_medium,25,78,27.6,1.4969340562820435,-1.1398665653647406
BH_s34_medium,25,79,27.633333333333333,1.03766930103302,-1.2603988484111348
BH_s34_medium,25,80,27.666666666666668,0.7232993841171265,-1.3610829433444989
BH_s34_medium,25,81,27.7,0.5652415156364441,-1.423103127952547
BH_s34_medium,25,82,27.733333333333334,0.5146970152854919,-1.4198505628262537
BH_s34_medium,25,83,27.766666666666666,0.46415257453918457,-1.322055655631202
BH_s34_medium,25,84,27.8,0.4568551778793335,-1.1065030818684296
BH_s34_medium,25,85,27.833333333333332,0.36306363344192505,-0.7664369614499424
BH_s34_medium,25,86,27.866666666666667,0.12668192386627197,-0.31950452462092144
BH_s34_medium,25,87,27.9,-0.08715790510177612,0.19133293819920338
BH_s34_medium,25,88,27.933333333333334,-0.3424989879131317,0.7056560057878312
BH_s34_medium,25,89,27.966666666666665,-0.558957576751709,1.1597141927671752
BH_s34_medium,25,90,28.0,-0.7123367786407471,1.501568579447569
BH_s34_medium,25,91,28.033333333333335,-0.7771620154380798,1.7019064717967198
BH_s34_medium,25,92,28.066666666666666,-0.8134257197380066,1.7573861521277323
BH_s34_medium,25,93,28.1,-0.8285793662071228,1.68650989611545
BH_s34_medium,25,94,28.133333333333333,-0.8285793662071228,1.5206072304049296
BH_s34_medium,25,95,28.166666666666668,-0.8799967765808105,1.2936873377303142
BH_s34_medium,25,96,28.2,-0.9641861915588379,1.0345664714832281
BH_s34_medium,25,97,28.233333333333334,-1.066148042678833,0.7632516859904793
BH_s34_medium,25,98,28.266666666666666,-1.1681098937988281,0.4917263704604446
BH_s34_medium,25,99,28.3,-1.2399184703826904,0.2275386566035977
BH_s34_medium,25,100,28.333333333333332,-1.3206162452697754,-0.022534448568911257
BH_s34_medium,25,101,28.366666666666667,-1.4225780963897705,-0.25127867826843137
BH_s34_medium,25,102,28.4,-1.362984299659729,-0.4531070073495474
BH_s34_medium,25,103,28.433333333333334,-0.6400420665740967,-0.6278714108573861
BH_s34_medium,25,104,28.466666666666665,0.40639808773994446,-0.7833075365131649
BH_s34_medium,25,105,28.5,1.4274423122406006,-0.9332529392578769
BH_s34_medium,25,106,28.533333333333335,1.7422897815704346,-1.0910002853681515
BH_s34_medium,25,107,28.566666666666666,1.4439404010772705,-1.2601227814764313
BH_s34_medium,25,108,28.6,0.9109611511230469,-1.427123426127249
BH_s34_medium,25,109,28.633333333333333,0.4739934504032135,-1.5601055245133069
BH_s34_medium,25,110,28.666666666666668,0.23063445091247559,-1.615265616446678
BH_s34_medium,25,111,28.7,0.1997682750225067,-1.549698091592551
BH_s34_medium,25,112,28.733333333333334,0.269991010427475,-1.3363719211825222
BH_s34_medium,25,113,28.766666666666666,0.3719528615474701,-0.9758941775114451
BH_s34_medium,25,114,28.8,0.40543779730796814,-0.5001542616992147
BH_s34_medium,25,115,28.833333333333332,0.2702297866344452,0.03430244623961892
BH_s34_medium,25,116,28.866666666666667,0.014888723380863667,0.5608440769090207
BH_s34_medium,25,117,28.9,-0.25489312410354614,1.0193732217050233
BH_s34_medium,25,118,28.933333333333334,-0.4957934319972992,1.3687904942067202
BH_s34_medium,25,119,28.966666666666665,-0.6356047987937927,1.5917122171195102
BH_s34_medium,25,120,29.0,-0.6861492395401001,1.6915366240957472
BH_s34_medium,25,121,29.033333333333335,-0.7257446050643921,1.684831062903395
BH_s34_medium,25,122,29.066666666666666,-0.7257446050643921,1.5929630674922608
BH_s34_medium,25,123,29.1,-0.7257446050643921,1.4359659216351992
BH_s34_medium,25,124,29.133333333333333,-0.7771620154380798,1.229741827785001
BH_s34_medium,25,125,29.166666666666668,-0.8285793662071228,0.9861312561738285
BH_s34_medium,25,126,29.2,-0.886581301689148,0.7147991173534471
BH_s34_medium,25,127,29.233333333333334,-0.9885430932044983,0.4257646318528374
BH_s34_medium,25,128,29.266666666666666,-1.0905050039291382,0.1311418846776353
BH_s34_medium,25,129,29.3,-1.1924668550491333,-0.15522303751611805
BH_s34_medium,25,130,29.333333333333332,-1.118526577949524,-0.4204480602928626
BH_s34_medium,25,131,29.366666666666667,-0.34362363815307617,-0.656282507485737
BH_s34_medium,25,132,29.4,0.78017657995224,-0.8613093480597087
BH_s34_medium,25,133,29.433333333333334,1.743712067604065,-1.0395515291559383
BH_s34_medium,25,134,29.466666666666665,1.8965418338775635,-1.1951985830809946
BH_s34_medium,25,135,29.5,1.593124508857727,-1.325692702571962
BH_s34_medium,25,136,29.533333333333335,1.0845870971679688,-1.417154645867255
BH_s34_medium,25,137,29.566666666666666,0.7229948043823242,-1.4457155791621532
BH_s34_medium,25,138,29.6,0.5121630430221558,-1.3854841894049732
BH_s34_medium,25,139,29.633333333333333,0.4568551778793335,-1.2201344133462544
BH_s34_medium,25,140,29.666666666666668,0.5082725882530212,-0.9526553550738146
BH_s34_medium,25,141,29.7,0.5596899390220642,-0.6081997477977724
BH_s34_medium,25,142,29.733333333333334,0.5156547427177429,-0.2282089912944327
BH_s34_medium,25,143,29.766666666666666,0.3705306053161621,0.14180843543998845
BH_s34_medium,25,144,29.8,0.07290013879537582,0.4656020268196337
BH_s34_medium,25,145,29.833333333333332,-0.18156801164150238,0.7249164790215742
BH_s34_medium,25,146,29.866666666666667,-0.39549264311790466,0.919981613343321
BH_s34_medium,25,147,29.9,-0.559745728969574,1.0620930140866358
BH_s34_medium,25,148,29.933333333333334,-0.5714924931526184,1.1629194055893644
BH_s34_medium,25,149,29.966666666666665,-0.6229098439216614,1.2267700739766603
BH_s34_medium,25,150,30.0,-0.6229098439216614,1.2494415846438696
BH_s34_medium,25,151,30.033333333333335,-0.6590887904167175,1.222753536548659
BH_s34_medium,25,152,30.066666666666666,-0.7096332311630249,1.1408960082998205
BH_s34_medium,25,153,30.1,-0.760177731513977,1.0046702627558104
BH_s34_medium,25,154,30.133333333333333,-0.8621395826339722,0.8219657975805811
BH_s34_medium,25,155,30.166666666666668,-0.9314141273498535,0.60537290234757
BH_s34_medium,25,156,30.2,-1.0146459341049194,0.36893909631315064
BH_s34_medium,25,157,30.233333333333334,-1.1166077852249146,0.1257172216480774
BH_s34_medium,25,158,30.266666666666666,-1.1584324836730957,-0.11324429342566983
BH_s34_medium,25,159,30.3,-0.617236316204071,-0.33891873398217753
BH_s34_medium,25,160,30.333333333333332,0.3853883743286133,-0.544481995580607
BH_s34_medium,25,161,30.366666666666667,1.5540310144424438,-0.7263692044121345
BH_s34_medium,25,162,30.4,2.0773708820343018,-0.8853840967121318
BH_s34_medium,25,163,30.433333333333334,1.9736822843551636,-1.026052153668747
BH_s34_medium,25,164,30.466666666666665,1.540130853652954,-1.1532739008437098
BH_s34_medium,25,165,30.5,1.1562416553497314,-1.267216169829219
BH_s34_medium,25,166,30.533333333333335,0.9479438066482544,-1.3587214607819493
BH_s34_medium,25,167,30.566666666666666,0.8459819555282593,-1.4077357828255626
BH_s34_medium,25,168,30.6,0.7653594613075256,-1.3864178215417287
BH_s34_medium,25,169,30.633333333333333,0.7448930740356445,-1.266867370010736
BH_s34_medium,25,170,30.666666666666668,0.6943485736846924,-1.0313090444810868
BH_s34_medium,25,171,30.7,0.5736661553382874,-0.6810909220404008
BH_s34_medium,25,172,30.733333333333334,0.3518947958946228,-0.24084695518129748
BH_s34_medium,25,173,30.766666666666666,0.06298399716615677,0.24433986637775998
BH_s34_medium,25,174,30.8,-0.14093969762325287,0.7184720046562248
BH_s34_medium,25,175,30.833333333333332,-0.3296344578266144,1.1278312724745527
BH_s34_medium,25,176,30.866666666666667,-0.4315963089466095,1.4329079412363672
BH_s34_medium,25,177,30.9,-0.4686577022075653,1.6146866579903358
BH_s34_medium,25,178,30.933333333333334,-0.5200750827789307,1.674091989832106
BH_s34_medium,25,179,30.966666666666665,-0.531812310218811,1.6266587191290987
BH_s34_medium,25,180,31.0,-0.5823568105697632,1.4954608767935211
BH_s34_medium,25,181,31.033333333333335,-0.6329012513160706,1.3046413000883745
BH_s34_medium,25,182,31.066666666666666,-0.7348631024360657,1.0750797356850283
BH_s34_medium,25,183,31.1,-0.8368249535560608,0.8228978609442971
BH_s34_medium,25,184,31.133333333333333,-0.9387868046760559,0.5603148290058183
BH_s34_medium,25,185,31.166666666666668,-0.9893312454223633,0.29744780741488447
BH_s34_medium,25,186,31.2,-1.0912930965423584,0.043639584304330674
BH_s34_medium,25,187,31.233333333333334,-1.1275758743286133,-0.19247310488237418
BH_s34_medium,25,188,31.266666666666666,-0.6908157467842102,-0.40421159119889094
BH_s34_medium,25,189,31.3,0.2842743694782257,-0.5888109404369334
BH_s34_medium,25,190,31.333333333333332,1.3994492292404175,-0.7488772286054546
BH_s34_medium,25,191,31.366666666666667,1.9492214918136597,-0.8919590282316567
BH_s34_medium,25,192,31.4,1.8949846029281616,-1.027364640148729
BH_s34_medium,25,193,31.433333333333334,1.4871371984481812,-1.160570139922276
BH_s34_medium,25,194,31.466666666666665,1.1293507814407349,-1.2870786958859963
BH_s34_medium,25,195,31.5,0.9240705370903015,-1.3886923051736135
BH_s34_medium,25,196,31.533333333333335,0.8198792338371277,-1.435066067862442
BH_s34_medium,25,197,31.566666666666666,0.7179173827171326,-1.3916421370299086
BH_s34_medium,25,198,31.6,0.6673728823661804,-1.2320145618647032
BH_s34_medium,25,199,31.633333333333333,0.616828441619873,-0.9500872864571367
BH_s34_medium,25,200,31.666666666666668,0.5148665904998779,-0.5667180430686704
BH_s34_medium,25,201,31.7,0.31753695011138916,-0.1273329701991254
BH_s34_medium,25,202,31.733333333333334,0.019118351861834526,0.3094200727705693
BH_s34_medium,25,203,31.766666666666666,-0.18393242359161377,0.6879022910837659
BH_s34_medium,25,204,31.8,-0.39706891775131226,0.9699428554872607
BH_s34_medium,25,205,31.833333333333332,-0.5091164708137512,1.141649196398991
BH_s34_medium,25,206,31.866666666666667,-0.5714924931526184,1.2109399615970882
BH_s34_medium,25,207,31.9,-0.5714924931526184,1.1988792511998472
BH_s34_medium,25,208,31.933333333333334,-0.6229098439216614,1.1298901032676547
BH_s34_medium,25,209,31.966666666666665,-0.6598769426345825,1.0248808764857005
BH_s34_medium,25,210,32.0,-0.7618387937545776,0.8987296780679296
BH_s34_medium,25,211,32.03333333333333,-0.812383234500885,0.7611416766730816
BH_s34_medium,25,212,32.06666666666667,-0.9657624959945679,0.6187614626493435
BH_s34_medium,25,213,32.1,-1.067724347114563,0.47668845129860365
BH_s34_medium,25,214,32.13333333333333,-1.169686198234558,0.3386027777742258
BH_s34_medium,25,215,32.166666666666664,-1.2202305793762207,0.20580583590288543
BH_s34_medium,25,216,32.2,-1.2913358211517334,0.07611990752343079
BH_s34_medium,25,217,32.233333333333334,-0.9571812152862549,-0.05618801523033251
BH_s34_medium,25,218,32.266666666666666,-0.07471470534801483,-0.1984026346308714
BH_s34_medium,25,219,32.3,1.0759763717651367,-0.3549775653629337
BH_s34_medium,25,220,32.333333333333336,1.8003323078155518,-0.5219757724975852
BH_s34_medium,25,221,32.36666666666667,1.817065715789795,-0.6830859596764733
BH_s34_medium,25,222,32.4,1.408524513244629,-0.8104295830998423
BH_s34_medium,25,223,32.43333333333333,0.9748788475990295,-0.8717607720943085
BH_s34_medium,25,224,32.46666666666667,0.6147781014442444,-0.8422414944091633
BH_s34_medium,25,225,32.5,0.4852721691131592,-0.715931923339612
BH_s34_medium,25,226,32.53333333333333,0.4568551778793335,-0.5116237838585457
BH_s34_medium,25,227,32.56666666666667,0.5295271277427673,-0.26980049898346037
BH_s34_medium,25,228,32.6,0.5596899390220642,-0.04111574236841859
BH_s34_medium,25,229,32.63333333333333,0.48876383900642395,0.1296515446334675
BH_s34_medium,25,230,32.666666666666664,0.29811298847198486,0.21806484248307065
BH_s34_medium,25,231,32.7,0.009990346617996693,0.2270366785590019
BH_s34_medium,25,232,32.733333333333334,-0.2622407078742981,0.1832378782559636
BH_s34_medium,25,233,32.766666666666666,-0.4492744207382202,0.12426958382752042
BH_s34_medium,25,234,32.8,-0.5714924931526184,0.0824234086042043
BH_s34_medium,25,235,32.833333333333336,-0.6229098439216614,0.07279736419243195
BH_s34_medium,25,236,32.86666666666667,-0.6229098439216614,0.0913481127463614
BH_s34_medium,25,237,32.9,-0.6229098439216614,0.12283763766967307
BH_s34_medium,25,238,32.93333333333333,-0.6743272542953491,0.15259265872653946
BH_s34_medium,25,239,32.96666666666667,-0.7365241646766663,0.17405257939779986
BH_s34_medium,26,0,26.0,-0.6618770956993103,0.1251979840378792
BH_s34_medium,26,1,26.033333333333335,-0.7124215960502625,0.4032610920160688
BH_s34_medium,26,2,26.066666666666666,-0.7629660367965698,0.6557409510066738
BH_s34_medium,26,3,26.1,-0.7771620154380798,0.8622595018612436
BH_s34_medium,26,4,26.133333333333333,-0.8640549778938293,1.0087526816439156
BH_s34_medium,26,5,26.166666666666668,-0.9314141273498535,1.0894230949035786
BH_s34_medium,26,6,26.2,-1.0165612697601318,1.1065302479523866
BH_s34_medium,26,7,26.233333333333334,-1.118523120880127,1.0678539738079573
BH_s34_medium,26,8,26.266666666666666,-1.220484972000122,0.9829489455930465
BH_s34_medium,26,9,26.3,-1.3224468231201172,0.8600241085762084
BH_s34_medium,26,10,26.333333333333332,-1.3729913234710693,0.7049023229439701
BH_s34_medium,26,11,26.366666666666667,-1.4749531745910645,0.5222758323694251
BH_s34_medium,26,12,26.4,-1.4970053434371948,0.3181191051491824
BH_s34_medium,26,13,26.433333333333334,-1.1217985153198242,0.10148787359344064
BH_s34_medium,26,14,26.466666666666665,-0.0448659285902977,-0.11558895562692983
BH_s34_medium,26,15,26.5,1.2818405628204346,-0.32026474132626126
BH_s34_medium,26,16,26.533333333333335,2.2786316871643066,-0.5021297171475823
BH_s34_medium,26,17,26.566666666666666,2.3624603748321533,-0.6560314212715128
BH_s34_medium,26,18,26.6,1.9859377145767212,-0.7830040092151401
BH_s34_medium,26,19,26.633333333333333,1.5499277114868164,-0.8885791195715167
BH_s34_medium,26,20,26.666666666666668,1.2365155220031738,-0.9788812862567289
BH_s34_medium,26,21,26.7,1.0532277822494507,-1.0559235395884197
BH_s34_medium,26,22,26.733333333333334,0.9512659311294556,-1.113960096576485
BH_s34_medium,26,23,26.766666666666666,0.7978867292404175,-1.1385446141321436
BH_s34_medium,26,24,26.8,0.6959248781204224,-1.1091875538165246
BH_s34_medium,26,25,26.833333333333332,0.5254012942314148,-1.0052751476948436
BH_s34_medium,26,26,26.866666666666667,0.30520620942115784,-0.813502577488729
BH_s34_medium,26,27,26.9,0.06613653898239136,-0.5342018127668794
BH_s34_medium,26,28,26.933333333333334,-0.20373010635375977,-0.1841783232512201
BH_s34_medium,26,29,26.966666666666665,-0.4581982493400574,0.2051228453029647
BH_s34_medium,26,30,27.0,-0.6356895565986633,0.5936675655256038
BH_s34_medium,26,31,27.033333333333335,-0.7376514077186584,0.9411454830372185
BH_s34_medium,26,32,27.066666666666666,-0.7881959080696106,1.2147792154981207
BH_s34_medium,26,33,27.1,-0.8285793662071228,1.3942550252510715
BH_s34_medium,26,34,27.133333333333333,-0.8892847895622253,1.4729103844068705
BH_s34_medium,26,35,27.166666666666668,-0.9398292899131775,1.4558822393386506
BH_s34_medium,26,36,27.2,-1.0417910814285278,1.3565825504846978
BH_s34_medium,26,37,27.233333333333334,-1.137083649635315,1.192770219460026
BH_s34_medium,26,38,27.266666666666666,-1.194297432899475,0.9831801249850234
BH_s34_medium,26,39,27.3,-1.2962592840194702,0.7452689293758258
BH_s34_medium,26,40,27.333333333333332,-1.3941705226898193,0.4941149225306711
BH_s34_medium,26,41,27.366666666666667,-1.4487656354904175,0.2420665813052539
BH_s34_medium,26,42,27.4,-1.5461180210113525,-0.0014099088298611916
BH_s34_medium,26,43,27.433333333333334,-1.228464126586914,-0.23007340570032767
BH_s34_medium,26,44,27.466666666666665,-0.2568405270576477,-0.4414603348571168
BH_s34_medium,26,45,27.5,0.91584312915802,-0.6371556886929127
BH_s34_medium,26,46,27.533333333333335,1.7865853309631348,-0.8218875010676886
BH_s34_medium,26,47,27.566666666666666,1.847184419631958,-1.000808109894342
BH_s34_medium,26,48,27.6,1.4969340562820435,-1.1753882334743704
BH_s34_medium,26,49,27.633333333333333,1.03766930103302,-1.3393746547252383
BH_s34_medium,26,50,27.666666666666668,0.7232993841171265,-1.476430392173509
BH_s34_medium,26,51,27.7,0.5652415156364441,-1.560595130038417
BH_s34_medium,26,52,27.733333333333334,0.5146970152854919,-1.560120812998986
BH_s34_medium,26,53,27.766666666666666,0.46415257453918457,-1.444648131683644
BH_s34_medium,26,54,27.8,0.4568551778793335,-1.1948216749559615
BH_s34_medium,26,55,27.833333333333332,0.36306363344192505,-0.8119359083937377
BH_s34_medium,26,56,27.866666666666667,0.12668192386627197,-0.3235786477689823
BH_s34_medium,26,57,27.9,-0.08715790510177612,0.21855409369306858
BH_s34_medium,26,58,27.933333333333334,-0.3424989879131317,0.7493606164941141
BH_s34_medium,26,59,27.966666666666665,-0.558957576751709,1.205977066063477
BH_s34_medium,26,60,28.0,-0.7123367786407471,1.5422382160940322
BH_s34_medium,26,61,28.033333333333335,-0.7771620154380798,1.7365984283766203
BH_s34_medium,26,62,28.066666666666666,-0.8134257197380066,1.7917699341751694
BH_s34_medium,26,63,28.1,-0.8285793662071228,1.7281754736405381
BH_s34_medium,26,64,28.133333333333333,-0.8285793662071228,1.5749697136767404
BH_s34_medium,26,65,28.166666666666668,-0.8799967765808105,1.3618869086291532
BH_s34_medium,26,66,28.2,-0.9641861915588379,1.1138016586627228
BH_s34_medium,26,67,28.233333333333334,-1.066148042678833,0.8485699845357769
BH_s34_medium,26,68,28.266666666666666,-1.1681098937988281,0.5777733301861054
BH_s34_medium,26,69,28.3,-1.2399184703826904,0.30922082274922197
BH_s34_medium,26,70,28.333333333333332,-1.3206162452697754,0.04941374784973131
BH_s34_medium,26,71,28.366666666666667,-1.4225780963897705,-0.195717239429337
BH_s34_medium,26,72,28.4,-1.362984299659729,-0.42222414999569746
BH_s34_medium,26,73,28.433333333333334,-0.6400420665740967,-0.6304340184576742
BH_s34_medium,26,74,28.466666666666665,0.40639808773994446,-0.8258850677082334
BH_s34_medium,26,75,28.5,1.4274423122406006,-1.0170793792978141
BH_s34_medium,26,76,28.533333333333335,1.7422897815704346,-1.209909415258154
BH_s34_medium,26,77,28.566666666666666,1.4439404010772705,-1.4007069481578291
BH_s34_medium,26,78,28.6,0.9109611511230469,-1.5712273388689728
BH_s34_medium,26,79,28.633333333333333,0.4739934504032135,-1.6887234297780818
BH_s34_medium,26,80,28.666666666666668,0.23063445091247559,-1.71249096824438
BH_s34_medium,26,81,28.7,0.1997682750225067,-1.605663163741979
BH_s34_medium,26,82,28.733333333333334,0.269991010427475,-1.3486767747026531
BH_s34_medium,26,83,28.766666666666666,0.3719528615474701,-0.9494657017404446
BH_s34_medium,26,84,28.8,0.40543779730796814,-0.44571819502405935
BH_s34_medium,26,85,28.833333333333332,0.2702297866344452,0.10278105689345655
BH_s34_medium,26,86,28.866666666666667,0.014888723380863667,0.6291782737570122
BH_s34_medium,26,87,28.9,-0.25489312410354614,1.0759209929141018
BH_s34_medium,26,88,28.933333333333334,-0.4957934319972992,1.4064284133885123
BH_s34_medium,26,89,28.966666666666665,-0.6356047987937927,1.6087681636150568
BH_s34_medium,26,90,29.0,-0.6861492395401001,1.6914900523557526
BH_s34_medium,26,91,29.033333333333335,-0.7257446050643921,1.6746166576064916
BH_s34_medium,26,92,29.066666666666666,-0.7257446050643921,1.5802585491208576
BH_s34_medium,26,93,29.1,-0.7257446050643921,1.426638638041551
BH_s34_medium,26,94,29.133333333333333,-0.7771620154380798,1.2267098899602502
BH_s34_medium,26,95,29.166666666666668,-0.8285793662071228,0.9899695281808133
BH_s34_medium,26,96,29.2,-0.886581301689148,0.725216680771586
BH_s34_medium,26,97,29.233333333333334,-0.9885430932044983,0.44253937061805654
BH_s34_medium,26,98,29.266666666666666,-1.0905050039291382,0.15365756124429245
BH_s34_medium,26,99,29.3,-1.1924668550491333,-0.1294412072066956
BH_s34_medium,26,100,29.333333333333332,-1.118526577949524,-0.3968275007870885
BH_s34_medium,26,101,29.366666666666667,-0.34362363815307617,-0.642557508184029
BH_s34_medium,26,102,29.4,0.78017657995224,-0.8647583015048025
BH_s34_medium,26,103,29.433333333333334,1.743712067604065,-1.0631544986930976
BH_s34_medium,26,104,29.466666666666665,1.8965418338775635,-1.2347528152813918
BH_s34_medium,26,105,29.5,1.593124508857727,-1.3698163996249084
BH_s34_medium,26,106,29.533333333333335,1.0845870971679688,-1.4507601556425123
BH_s34_medium,26,107,29.566666666666666,0.7229948043823242,-1.4556445148070223
BH_s34_medium,26,108,29.6,0.5121630430221558,-1.365750141257315
BH_s34_medium,26,109,29.633333333333333,0.4568551778793335,-1.1743920419436937
BH_s34_medium,26,110,29.666666666666668,0.5082725882530212,-0.8929789830193282
BH_s34_medium,26,111,29.7,0.5596899390220642,-0.5510299051906218
BH_s34_medium,26,112,29.733333333333334,0.5156547427177429,-0.18926777385554686
BH_s34_medium,26,113,29.766666666666666,0.3705306053161621,0.1519673579844481
BH_s34_medium,26,114,29.8,0.07290013879537582,0.44432884316836563
BH_s34_medium,26,115,29.833333333333332,-0.18156801164150238,0.6780205850499145
BH_s34_medium,26,116,29.866666666666667,-0.39549264311790466,0.860287679737327
BH_s34_medium,26,117,29.9,-0.559745728969574,1.0065835399835383
BH_s34_medium,26,118,29.933333333333334,-0.5714924931526184,1.128850428661274
BH_s34_medium,26,119,29.966666666666665,-0.6229098439216614,1.2269011322378294
BH_s34_medium,26,120,30.0,-0.6229098439216614,1.287207585077469
BH_s34_medium,26,121,30.033333333333335,-0.6590887904167175,1.289423067507393
BH_s34_medium,26,122,30.066666666666666,-0.7096332311630249,1.2169005455363768
BH_s34_medium,26,123,30.1,-0.760177731513977,1.065641987388465
BH_s34_medium,26,124,30.133333333333333,-0.8621395826339722,0.8475134729020921
BH_s34_medium,26,125,30.166666666666668,-0.9314141273498535,0.5868689491750433
BH_s34_medium,26,126,30.2,-1.0146459341049194,0.31278123444666794
BH_s34_medium,26,127,30.233333333333334,-1.1166077852249146,0.05058120371092696
BH_s34_medium,26,128,30.266666666666666,-1.1584324836730957,-0.1839443779334185
BH_s34_medium,26,129,30.3,-0.617236316204071,-0.3860650933773977
BH_s34_medium,26,130,30.333333333333332,0.3853883743286133,-0.5597977119490315
BH_s34_medium,26,131,30.366666666666667,1.5540310144424438,-0.7136219449375314
BH_s34_medium,26,132,30.4,2.0773708820343018,-0.8561474324151399
BH_s34_medium,26,133,30.433333333333334,1.9736822843551636,-0.9928297242109438
BH_s34_medium,26,134,30.466666666666665,1.540130853652954,-1.1239009466372343
BH_s34_medium,26,135,30.5,1.1562416553497314,-1.2431992912303629
BH_s34_medium,26,136,30.533333333333335,0.9479438066482544,-1.3377123882848998
BH_s34_medium,26,137,30.566666666666666,0.8459819555282593,-1.3881850298418539
BH_s34_medium,26,138,30.6,0.7653594613075256,-1.3715676837027204
BH_s34_medium,26,139,30.633333333333333,0.7448930740356445,-1.2657632236914595
BH_s34_medium,26,140,30.666666666666668,0.6943485736846924,-1.055952786079939
BH_s34_medium,26,141,30.7,0.5736661553382874,-0.7406053031091576
BH_s34_medium,26,142,30.733333333333334,0.3518947958946228,-0.3350208522939952
BH_s34_medium,26,143,30.766666666666666,0.06298399716615677,0.1290332959197087
BH_s34_medium,26,144,30.8,-0.14093969762325287,0.6078086226320307
BH_s34_medium,26,145,30.833333333333332,-0.3296344578266144,1.053044243241462
BH_s34_medium,26,146,30.866666666666667,-0.4315963089466095,1.4202517733333946
BH_s34_medium,26,147,30.9,-0.4686577022075653,1.6755615535336603
BH_s34_medium,26,148,30.933333333333334,-0.5200750827789307,1.7998580367502806
BH_s34_medium,26,149,30.966666666666665,-0.531812310218811,1.7901327607320816
BH_s34_medium,26,150,31.0,-0.5823568105697632,1.6585309235075745
BH_s34_medium,26,151,31.033333333333335,-0.6329012513160706,1.4295142517951223
BH_s34_medium,26,152,31.066666666666666,-0.7348631024360657,1.1354391828195054
BH_s34_medium,26,153,31.1,-0.8368249535560608,0.8110292559979458
BH_s34_medium,26,154,31.133333333333333,-0.9387868046760559,0.48769028989654595
BH_s34_medium,26,155,31.166666666666668,-0.9893312454223633,0.1889204703600158
BH_s34_medium,26,156,31.2,-1.0912930965423584,-0.07219460434240807
BH_s34_medium,26,157,31.233333333333334,-1.1275758743286133,-0.2930909122877736
BH_s34_medium,26,158,31.266666666666666,-0.6908157467842102,-0.47980523193985514
BH_s34_medium,26,159,31.3,0.2842743694782257,-0.6437497674880377
BH_s34_medium,26,160,31.333333333333332,1.3994492292404175,-0.7978739565630968
BH_s34_medium,26,161,31.366666666666667,1.9492214918136597,-0.9526934937664036
BH_s34_medium,26,162,31.4,1.8949846029281616,-1.1125363591177875
BH_s34_medium,26,163,31.433333333333334,1.4871371984481812,-1.2723687260217673
BH_s34_medium,26,164,31.466666666666665,1.1293507814407349,-1.4157368198637132
BH_s34_medium,26,165,31.5,0.9240705370903015,-1.514830950553977
BH_s34_medium,26,166,31.533333333333335,0.8198792338371277,-1.5341540465970926
BH_s34_medium,26,167,31.566666666666666,0.7179173827171326,-1.43869158380358
BH_s34_medium,26,168,31.6,0.6673728823661804,-1.2053340862953381
BH_s34_medium,26,169,31.633333333333333,0.616828441619873,-0.8338262098905094
BH_s34_medium,26,170,31.666666666666668,0.5148665904998779,-0.35250041451626657
BH_s34_medium,26,171,31.7,0.31753695011138916,0.18458153475852437
BH_s34_medium,26,172,31.733333333333334,0.019118351861834526,0.709068867761366
BH_s34_medium,26,173,31.766666666666666,-0.18393242359161377,1.1545601325559534
BH_s34_medium,26,174,31.8,-0.39706891775131226,1.4716907339784455
BH_s34_medium,26,175,31.833333333333332,-0.5091164708137512,1.6368491148450346
BH_s34_medium,26,176,31.866666666666667,-0.5714924931526184,1.6526397304642155
BH_s34_medium,26,177,31.9,-0.5714924931526184,1.5419550493264713
BH_s34_medium,26,178,31.933333333333334,-0.6229098439216614,1.3393878533616492
BH_s34_medium,26,179,31.966666666666665,-0.6598769426345825,1.0831880405317897
BH_s34_medium,26,180,32.0,-0.7618387937545776,0.8090658007152058
BH_s34_medium,26,181,32.03333333333333,-0.812383234500885,0.5456573464121234
BH_s34_medium,26,182,32.06666666666667,-0.9657624959945679,0.31143626753061177
BH_s34_medium,26,183,32.1,-1.067724347114563,0.1133917305273392
BH_s34_medium,26,184,32.13333333333333,-1.169686198234558,-0.05227772813224848
BH_s34_medium,26,185,32.166666666666664,-1.2202305793762207,-0.19765350448892724
BH_s34_medium,26,186,32.2,-1.2913358211517334,-0.3391317387990079
BH_s34_medium,26,187,32.233333333333334,-0.9571812152862549,-0.49234274838740505
BH_s34_medium,26,188,32.266666666666666,-0.07471470534801483,-0.6664908595718776
BH_s34_medium,26,189,32.3,1.0759763717651367,-0.8591966130797596
BH_s34_medium,26,190,32.333333333333336,1.8003323078155518,-1.053543631246614
BH_s34_medium,26,191,32.36666666666667,1.817065715789795,-1.2191017324259694
BH_s34_medium,26,192,32.4,1.408524513244629,-1.3177732919713498
BH_s34_medium,26,193,32.43333333333333,0.9748788475990295,-1.3136314613890585
BH_s34_medium,26,194,32.46666666666667,0.6147781014442444,-1.1841893819754294
BH_s34_medium,26,195,32.5,0.4852721691131592,-0.9295393018289093
BH_s34_medium,26,196,32.53333333333333,0.4568551778793335,-0.5760348017117874
BH_s34_medium,26,197,32.56666666666667,0.5295271277427673,-0.17259267979523502
BH_s34_medium,26,198,32.6,0.5596899390220642,0.22011641059074755
BH_s34_medium,26,199,32.63333333333333,0.48876383900642395,0.544745763373616
BH_s34_medium,26,200,32.666666666666664,0.29811298847198486,0.7616696655472925
BH_s34_medium,26,201,32.7,0.009990346617996693,0.8576160780123816
BH_s34_medium,26,202,32.733333333333334,-0.2622407078742981,0.8458997416331883
BH_s34_medium,26,203,32.766666666666666,-0.4492744207382202,0.759064347977053
BH_s34_medium,26,204,32.8,-0.5714924931526184,0.6371992980876763
BH_s34_medium,26,205,32.833333333333336,-0.6229098439216614,0.5161853477502873
BH_s34_medium,26,206,32.86666666666667,-0.6229098439216614,0.41979168188899835
BH_s34_medium,26,207,32.9,-0.6229098439216614,0.35763191066197464
BH_s34_medium,26,208,32.93333333333333,-0.6743272542953491,0.32793139289062784
BH_s34_medium,26,209,32.96666666666667,-0.7365241646766663,0.3219375860697565
BH_s34_medium,26,210,33.0,-0.7870686054229736,0.32721820338867874
BH_s34_medium,26,211,33.03333333333333,-0.8980641961097717,0.3292093108976769
BH_s34_medium,26,212,33.06666666666667,-1.0424096584320068,0.3122848756651242
BH_s34_medium,26,213,33.1,-1.144371509552002,0.2620577757995498
BH_s34_medium,26,214,33.13333333333333,-1.2206735610961914,0.16944734929576258
BH_s34_medium,26,215,33.166666666666664,-0.7328256964683533,0.035271149843043956
BH_s34_medium,26,216,33.2,0.1997111737728119,-0.1269580399859904
BH_s34_medium,26,217,33.233333333333334,1.3613202571868896,-0.29208210382109057
BH_s34_medium,26,218,33.266666666666666,1.947959303855896,-0.4287785282224983
BH_s34_medium,26,219,33.3,1.7855056524276733,-0.5081716580612151
BH_s34_medium,26,220,33.333333333333336,1.2736461162567139,-0.5128862347776292
BH_s34_medium,26,221,33.36666666666667,0.7641413807868958,-0.4434732058737314
BH_s34_medium,26,222,33.4,0.4071429669857025,-0.3198256235006053
BH_s34_medium,26,223,33.43333333333333,0.3026030361652374,-0.176662098920746
BH_s34_medium,26,224,33.46666666666667,0.3517061769962311,-0.053949020246193934
BH_s34_medium,26,225,33.5,0.5018982887268066,0.015111164642447975
BH_s34_medium,26,226,33.53333333333333,0.5596899390220642,0.014663732240660565
BH_s34_medium,26,227,33.56666666666667,0.4153037667274475,-0.04851159698069407
BH_s34_medium,26,228,33.6,0.1657685786485672,-0.14726294738467308
BH_s34_medium,26,229,33.63333333333333,-0.14011695981025696,-0.24331218939540714
BH_s34_medium,26,230,33.666666666666664,-0.45355424284935,-0.3000652982259628
BH_s34_medium,26,231,33.7,-0.6574779152870178,-0.29424147558757685
BH_s34_medium,26,232,33.733333333333334,-0.7164470553398132,-0.22253937153183234
BH_s34_medium,26,233,33.766666666666666,-0.7257446050643921,-0.10182622647691073
BH_s34_medium,26,234,33.8,-0.7257446050643921,0.036559136815551826
BH_s34_medium,26,235,33.833333333333336,-0.7257446050643921,0.15642809935708246
BH_s34_medium,26,236,33.86666666666667,-0.7643727660179138,0.227609807369475
BH_s34_medium,26,237,33.9,-0.8285793662071228,0.23509274058248877
BH_s34_medium,26,238,33.93333333333333,-0.9168790578842163,0.18362613042202983
BH_s34_medium,26,239,33.96666666666667,-1.0188409090042114,0.09606165105418595
BH_s34_medium,27,0,27.0,-0.6356895565986633,0.1671405029742993
BH_s34_medium,27,1,27.033333333333335,-0.7376514077186584,0.4406901801992778
BH_s34_medium,27,2,27.066666666666666,-0.7881959080696106,0.6763898116379027
BH_s34_medium,27,3,27.1,-0.8285793662071228,0.8466320936521382
BH_s34_medium,27,4,27.133333333333333,-0.8892847895622253,0.9378058832996239
BH_s34_medium,27,5,27.166666666666668,-0.9398292899131775,0.9531259707233704
BH_s34_medium,27,6,27.2,-1.0417910814285278,0.9100421746723918
BH_s34_medium,27,7,27.233333333333334,-1.137083649635315,0.832424706770548
BH_s34_medium,27,8,27.266666666666666,-1.194297432899475,0.7408973722846616
BH_s34_medium,27,9,27.3,-1.2962592840194702,0.6461549119258259
BH_s34_medium,27,10,27.333333333333332,-1.3941705226898193,0.5480892168176553
BH_s34_medium,27,11,27.366666666666667,-1.4487656354904175,0.43984404936917587
BH_s34_medium,27,12,27.4,-1.5461180210113525,0.31345313455000173
BH_s34_medium,27,13,27.433333333333334,-1.228464126586914,0.16375704183619577
BH_s34_medium,27,14,27.466666666666665,-0.2568405270576477,-0.010670024163905494
BH_s34_medium,27,15,27.5,0.91584312915802,-0.20854520619557324
BH_s34_medium,27,16,27.533333333333335,1.7865853309631348,-0.42684563653827506
BH_s34_medium,27,17,27.566666666666666,1.847184419631958,-0.6603414353821967
BH_s34_medium,27,18,27.6,1.4969340562820435,-0.8997555195748482
BH_s34_medium,27,19,27.633333333333333,1.03766930103302,-1.1297176673989948
BH_s34_medium,27,20,27.666666666666668,0.7232993841171265,-1.3277877734050454
BH_s34_medium,27,21,27.7,0.5652415156364441,-1.465390782415158
BH_s34_medium,27,22,27.733333333333334,0.5146970152854919,-1.511184741224171
BH_s34_medium,27,23,27.766666666666666,0.46415257453918457,-1.4370528483384648
BH_s34_medium,27,24,27.8,0.4568551778793335,-1.2261275566988377
BH_s34_medium,27,25,27.833333333333332,0.36306363344192505,-0.8808783216341098
BH_s34_medium,27,26,27.866666666666667,0.12668192386627197,-0.42793413953020826
BH_s34_medium,27,27,27.9,-0.08715790510177612,0.08356351128145495
BH_s34_medium,27,28,27.933333333333334,-0.3424989879131317,0.5909120461072389
BH_s34_medium,27,29,27.966666666666665,-0.558957576751709,1.0316328485899364
BH_s34_medium,27,30,28.0,-0.7123367786407471,1.3574190336181489
BH_s34_medium,27,31,28.033333333333335,-0.7771620154380798,1.5436238938958966
BH_s34_medium,27,32,28.066666666666666,-0.8134257197380066,1.591779022799261
BH_s34_medium,27,33,28.1,-0.8285793662071228,1.5252997337612195
BH_s34_medium,27,34,28.133333333333333,-0.8285793662071228,1.3803332939242678
BH_s34_medium,27,35,28.166666666666668,-0.8799967765808105,1.194562260708007
BH_s34_medium,27,36,28.2,-0.9641861915588379,0.9971468503166214
BH_s34_medium,27,37,28.233333333333334,-1.066148042678833,0.802854733155547
BH_s34_medium,27,38,28.266666666666666,-1.1681098937988281,0.6123810030794676
BH_s34_medium,27,39,28.3,-1.2399184703826904,0.4184891953710709
BH_s34_medium,27,40,28.333333333333332,-1.3206162452697754,0.2145128208660397
BH_s34_medium,27,41,28.366666666666667,-1.4225780963897705,0.00021638881247674352
BH_s34_medium,27,42,28.4,-1.362984299659729,-0.21826878145789144
BH_s34_medium,27,43,28.433333333333334,-0.6400420665740967,-0.4337085609894316
BH_s34_medium,27,44,28.466666666666665,0.40639808773994446,-0.6438186181523745
BH_s34_medium,27,45,28.5,1.4274423122406006,-0.8529665655595575
BH_s34_medium,27,46,28.533333333333335,1.7422897815704346,-1.067384270729394
BH_s34_medium,27,47,28.566666666666666,1.4439404010772705,-1.2861683716905152
BH_s34_medium,27,48,28.6,0.9109611511230469,-1.4931332162071442
BH_s34_medium,27,49,28.633333333333333,0.4739934504032135,-1.654524366230969
BH_s34_medium,27,50,28.666666666666668,0.23063445091247559,-1.725108955052519
BH_s34_medium,27,51,28.7,0.1997682750225067,-1.6614937145102402
BH_s34_medium,27,52,28.733333333333334,0.269991010427475,-1.438196597378904
BH_s34_medium,27,53,28.766666666666666,0.3719528615474701,-1.0601739604301377
BH_s34_medium,27,54,28.8,0.40543779730796814,-0.5660361045310157
BH_s34_medium,27,55,28.833333333333332,0.2702297866344452,-0.019649552080457655
BH_s34_medium,27,56,28.866666666666667,0.014888723380863667,0.5067875134581794
BH_s34_medium,27,57,28.9,-0.25489312410354614,0.951208221607507
BH_s34_medium,27,58,28.933333333333334,-0.4957934319972992,1.2749055342234679
BH_s34_medium,27,59,28.966666666666665,-0.6356047987937927,1.4670112792099526
BH_s34_medium,27,60,29.0,-0.6861492395401001,1.540428024608033
BH_s34_medium,27,61,29.033333333333335,-0.7257446050643921,1.5221542408964848
BH_s34_medium,27,62,29.066666666666666,-0.7257446050643921,1.4421865335859576
BH_s34_medium,27,63,29.1,-0.7257446050643921,1.3247289803380293
BH_s34_medium,27,64,29.133333333333333,-0.7771620154380798,1.1836904020500119
BH_s34_medium,27,65,29.166666666666668,-0.8285793662071228,1.0225765204924615
BH_s34_medium,27,66,29.2,-0.886581301689148,0.837782211985645
BH_s34_medium,27,67,29.233333333333334,-0.9885430932044983,0.6237080322568215
BH_s34_medium,27,68,29.266666666666666,-1.0905050039291382,0.37768423842485327
BH_s34_medium,27,69,29.3,-1.1924668550491333,0.1029051015257314
BH_s34_medium,27,70,29.333333333333332,-1.118526577949524,-0.1912058235544701
BH_s34_medium,27,71,29.366666666666667,-0.34362363815307617,-0.49047197671055265
BH_s34_medium,27,72,29.4,0.78017657995224,-0.7781098413710517
BH_s34_medium,27,73,29.433333333333334,1.743712067604065,-1.0365702239445023
BH_s34_medium,27,74,29.466666666666665,1.8965418338775635,-1.2484408492263637
BH_s34_medium,27,75,29.5,1.593124508857727,-1.3964564158550776
BH_s34_medium,27,76,29.533333333333335,1.0845870971679688,-1.4637393226673714
BH_s34_medium,27,77,29.566666666666666,0.7229948043823242,-1.4359899067917212
BH_s34_medium,27,78,29.6,0.5121630430221558,-1.3065102111269267
BH_s34_medium,27,79,29.633333333333333,0.4568551778793335,-1.0826171696167584
BH_s34_medium,27,80,29.666666666666668,0.5082725882530212,-0.7894496678115822
BH_s34_medium,27,81,29.7,0.5596899390220642,-0.46689914481113787
BH_s34_medium,27,82,29.733333333333334,0.5156547427177429,-0.15870941621994022
BH_s34_medium,27,83,29.766666666666666,0.3705306053161621,0.10221322878195391
BH_s34_medium,27,84,29.8,0.07290013879537582,0.3049746964657871
BH_s34_medium,27,85,29.833333333333332,-0.18156801164150238,0.4620803289675439
BH_s34_medium,27,86,29.866666666666667,-0.39549264311790466,0.6000267273385049
BH_s34_medium,27,87,29.9,-0.559745728969574,0.7440226088353196
BH_s34_medium,27,88,29.933333333333334,-0.5714924931526184,0.9044471663306213
BH_s34_medium,27,89,29.966666666666665,-0.6229098439216614,1.071078415943929
BH_s34_medium,27,90,30.0,-0.6229098439216614,1.2167637815420902
BH_s34_medium,27,91,30.033333333333335,-0.6590887904167175,1.3077622204280177
BH_s34_medium,27,92,30.066666666666666,-0.7096332311630249,1.3157443585608286
BH_s34_medium,27,93,30.1,-0.760177731513977,1.2268528256233031
BH_s34_medium,27,94,30.133333333333333,-0.8621395826339722,1.0453371542097285
BH_s34_medium,27,95,30.166666666666668,-0.9314141273498535,0.791562920306988
BH_s34_medium,27,96,30.2,-1.0146459341049194,0.4956623709531957
BH_s34_medium,27,97,30.233333333333334,-1.1166077852249146,0.18906603653638449
BH_s34_medium,27,98,30.266666666666666,-1.1584324836730957,-0.10306359875766809
BH_s34_medium,27,99,30.3,-0.617236316204071,-0.36586249139428256
BH_s34_medium,27,100,30.333333333333332,0.3853883743286133,-0.5946707659771225
BH_s34_medium,27,101,30.366666666666667,1.5540310144424438,-0.7922806925630039
BH_s34_medium,27,102,30.4,2.0773708820343018,-0.9653709580426143
BH_s34_medium,27,103,30.433333333333334,1.9736822843551636,-1.1210516170230274
BH_s34_medium,27,104,30.466666666666665,1.540130853652954,-1.2635337581302268
BH_s34_medium,27,105,30.5,1.1562416553497314,-1.390773010839107
BH_s34_medium,27,106,30.533333333333335,0.9479438066482544,-1.491550949011905
BH_s34_medium,27,107,30.566666666666666,0.8459819555282593,-1.54435051954425
BH_s34_medium,27,108,30.6,0.7653594613075256,-1.5197669081217957
BH_s34_medium,27,109,30.633333333333333,0.7448930740356445,-1.3873878305980185
BH_s34_medium,27,110,30.666666666666668,0.6943485736846924,-1.1260590028503064
BH_s34_medium,27,111,30.7,0.5736661553382874,-0.7342172079979032
BH_s34_medium,27,112,30.733333333333334,0.3518947958946228,-0.2359175795621919
BH_s34_medium,27,113,30.766666666666666,0.06298399716615677,0.32071887410467087
BH_s34_medium,27,114,30.8,-0.14093969762325287,0.8728216301583394
BH_s34_medium,27,115,30.833333333333332,-0.3296344578266144,1.3566270690834232
BH_s34_medium,27,116,30.866666666666667,-0.4315963089466095,1.720867107107328
BH_s34_medium,27,117,30.9,-0.4686577022075653,1.9353859789262764
BH_s34_medium,27,118,30.933333333333334,-0.5200750827789307,1.9933149865471902
BH_s34_medium,27,119,30.966666666666665,-0.531812310218811,1.9078486253212403
BH_s34_medium,27,120,31.0,-0.5823568105697632,1.7059234810203994
BH_s34_medium,27,121,31.033333333333335,-0.6329012513160706,1.4211061891239345
BH_s34_medium,27,122,31.066666666666666,-0.7348631024360657,1.0875526851650035
BH_s34_medium,27,123,31.1,-0.8368249535560608,0.7360978237191457
BH_s34_medium,27,124,31.133333333333333,-0.9387868046760559,0.39238012787414034
BH_s34_medium,27,125,31.166666666666668,-0.9893312454223633,0.07604954455734134
BH_s34_medium,27,126,31.2,-1.0912930965423584,-0.19988561332680752
BH_s34_medium,27,127,31.233333333333334,-1.1275758743286133,-0.42986390886738624
BH_s34_medium,27,128,31.266666666666666,-0.6908157467842102,-0.6163170289508983
BH_s34_medium,27,129,31.3,0.2842743694782257,-0.769216177748289
BH_s34_medium,27,130,31.333333333333332,1.3994492292404175,-0.9040149924527482
BH_s34_medium,27,131,31.366666666666667,1.9492214918136597,-1.0377308935934408
BH_s34_medium,27,132,31.4,1.8949846029281616,-1.1832733635679276
BH_s34_medium,27,133,31.433333333333334,1.4871371984481812,-1.342762472037213
BH_s34_medium,27,134,31.466666666666665,1.1293507814407349,-1.5016424271346134
BH_s34_medium,27,135,31.5,0.9240705370903015,-1.6264509089884884
BH_s34_medium,27,136,31.533333333333335,0.8198792338371277,-1.6692314413957838
BH_s34_medium,27,137,31.566666666666666,0.7179173827171326,-1.5797262987882528
BH_s34_medium,27,138,31.6,0.6673728823661804,-1.3227402679805267
BH_s34_medium,27,139,31.633333333333333,0.616828441619873,-0.8944931958712699
BH_s34_medium,27,140,31.666666666666668,0.5148665904998779,-0.33079655870756575
BH_s34_medium,27,141,31.7,0.31753695011138916,0.2976110447364995
BH_s34_medium,27,142,31.733333333333334,0.019118351861834526,0.9020897352222819
BH_s34_medium,27,143,31.766666666666666,-0.18393242359161377,1.399466657698678
BH_s34_medium,27,144,31.8,-0.39706891775131226,1.7325942755844514
BH_s34_medium,27,145,31.833333333333332,-0.5091164708137512,1.8804482609392956
BH_s34_medium,27,146,31.866666666666667,-0.5714924931526184,1.8558617165832971
BH_s34_medium,27,147,31.9,-0.5714924931526184,1.694788835664239
BH_s34_medium,27,148,31.933333333333334,-0.6229098439216614,1.4429955312057732
BH_s34_medium,27,149,31.966666666666665,-0.6598769426345825,1.1447561070100545
BH_s34_medium,27,150,32.0,-0.7618387937545776,0.8358420881448498
BH_s34_medium,27,151,32.03333333333333,-0.812383234500885,0.5409921007480601
BH_s34_medium,27,152,32.06666666666667,-0.9657624959945679,0.2745395863959315
BH_s34_medium,27,153,32.1,-1.067724347114563,0.04236073043949849
BH_s34_medium,27,154,32.13333333333333,-1.169686198234558,-0.1561969190535921
BH_s34_medium,27,155,32.166666666666664,-1.2202305793762207,-0.32693387417442266
BH_s34_medium,27,156,32.2,-1.2913358211517334,-0.47991857077852823
BH_s34_medium,27,157,32.233333333333334,-0.9571812152862549,-0.6283641624907503
BH_s34_medium,27,158,32.266666666666666,-0.07471470534801483,-0.785684560549448
BH_s34_medium,27,159,32.3,1.0759763717651367,-0.9595680878707661
BH_s34_medium,27,160,32.333333333333336,1.8003323078155518,-1.1443317616067932
BH_s34_medium,27,161,32.36666666666667,1.817065715789795,-1.3155430673033104
BH_s34_medium,27,162,32.4,1.408524513244629,-1.4315066917608328
BH_s34_medium,27,163,32.43333333333333,0.9748788475990295,-1.4437090113396402
BH_s34_medium,27,164,32.46666666666667,0.6147781014442444,-1.3136729502698032
BH_s34_medium,27,165,32.5,0.4852721691131592,-1.029723562323391
BH_s34_medium,27,166,32.53333333333333,0.4568551778793335,-0.6164288996366595
BH_s34_medium,27,167,32.56666666666667,0.5295271277427673,-0.13212811189307108
BH_s34_medium,27,168,32.6,0.5596899390220642,0.34544211774822775
BH_s34_medium,27,169,32.63333333333333,0.48876383900642395,0.7406625616167286
BH_s34_medium,27,170,32.666666666666664,0.29811298847198486,1.0008766364894472
BH_s34_medium,27,171,32.7,0.009990346617996693,1.10896188142526
BH_s34_medium,27,172,32.733333333333334,-0.2622407078742981,1.0836546696405043
BH_s34_medium,27,173,32.766666666666666,-0.4492744207382202,0.9687379599193978
BH_s34_medium,27,174,32.8,-0.5714924931526184,0.8162161175983041
BH_s34_medium,27,175,32.833333333333336,-0.6229098439216614,0.6701855856619916
BH_s34_medium,27,176,32.86666666666667,-0.6229098439216614,0.5569794955712675
BH_s34_medium,27,177,32.9,-0.6229098439216614,0.48372679830078424
BH_s34_medium,27,178,32.93333333333333,-0.6743272542953491,0.44321900958938704
BH_s34_medium,27,179,32.96666666666667,-0.7365241646766663,0.4205876526584859
BH_s34_medium,27,180,33.0,-0.7870686054229736,0.39827933753719874
BH_s34_medium,27,181,33.03333333333333,-0.8980641961097717,0.35862783437649554
BH_s34_medium,27,182,33.06666666666667,-1.0424096584320068,0.2854401612554154
BH_s34_medium,27,183,33.1,-1.144371509552002,0.1663328498529169
BH_s34_medium,27,184,33.13333333333333,-1.2206735610961914,-0.003632792851164304
BH_s34_medium,27,185,33.166666666666664,-0.7328256964683533,-0.218047228526669
BH_s34_medium,27,186,33.2,0.1997111737728119,-0.4568902773516988
BH_s34_medium,27,187,33.233333333333334,1.3613202571868896,-0.6877140879847808
BH_s34_medium,27,188,33.266666666666666,1.947959303855896,-0.8711882118274483
BH_s34_medium,27,189,33.3,1.7855056524276733,-0.9704625895954537
BH_s34_medium,27,190,33.333333333333336,1.2736461162567139,-0.9621169039531059
BH_s34_medium,27,191,33.36666666666667,0.7641413807868958,-0.8451531272212156
BH_s34_medium,27,192,33.4,0.4071429669857025,-0.6442559244378049
BH_s34_medium,27,193,33.43333333333333,0.3026030361652374,-0.404939675033234
BH_s34_medium,27,194,33.46666666666667,0.3517061769962311,-0.18107993488303736
BH_s34_medium,27,195,33.5,0.5018982887268066,-0.018509748638437497
BH_s34_medium,27,196,33.53333333333333,0.5596899390220642,0.05962982306584177
BH_s34_medium,27,197,33.56666666666667,0.4153037667274475,0.060159657824765664
BH_s34_medium,27,198,33.6,0.1657685786485672,0.01646410170191421
BH_s34_medium,27,199,33.63333333333333,-0.14011695981025696,-0.02474986418549764
BH_s34_medium,27,200,33.666666666666664,-0.45355424284935,-0.021329920233768052
BH_s34_medium,27,201,33.7,-0.6574779152870178,0.04913971571305764
BH_s34_medium,27,202,33.733333333333334,-0.7164470553398132,0.1825543742106892
BH_s34_medium,27,203,33.766666666666666,-0.7257446050643921,0.35147725798788826
BH_s34_medium,27,204,33.8,-0.7257446050643921,0.5157656594511979
BH_s34_medium,27,205,33.833333333333336,-0.7257446050643921,0.6359131229092889
BH_s34_medium,27,206,33.86666666666667,-0.7643727660179138,0.6846406446176465
BH_s34_medium,27,207,33.9,-0.8285793662071228,0.6538691919152404
BH_s34_medium,27,208,33.93333333333333,-0.9168790578842163,0.5557989010096079
BH_s34_medium,27,209,33.96666666666667,-1.0188409090042114,0.4181464989222866
BH_s34_medium,27,210,34.0,-1.1208027601242065,0.2749281721233342
BH_s34_medium,27,211,34.03333333333333,-1.2227646112442017,0.1555169973753336
BH_s34_medium,27,212,34.06666666666667,-1.2913358211517334,0.0756261513950405
BH_s34_medium,27,213,34.1,-0.9608770608901978,0.03360980720246645
BH_s34_medium,27,214,34.13333333333333,0.033687181770801544,0.013577002998141486
BH_s34_medium,27,215,34.166666666666664,1.3196460008621216,-0.006251164799262835
BH_s34_medium,27,216,34.2,2.251706123352051,-0.04427184442205585
BH_s34_medium,27,217,34.233333333333334,2.352663516998291,-0.10995687302698687
BH_s34_medium,27,218,34.266666666666666,1.9614458084106445,-0.2037780147785983
BH_s34_medium,27,219,34.3,1.451636552810669,-0.3205004836329753
BH_s34_medium,27,220,34.333333333333336,1.0724666118621826,-0.45191433532934794
BH_s34_medium,27,221,34.36666666666667,0.8940772414207458,-0.5863512364380553
BH_s34_medium,27,222,34.4,0.8167768716812134,-0.7057314017844278
BH_s34_medium,27,223,34.43333333333333,0.7929883003234863,-0.7838804109522662
BH_s34_medium,27,224,34.46666666666667,0.7653594613075256,-0.7901025099903454
BH_s34_medium,27,225,34.5,0.6698567271232605,-0.6989867099948688
BH_s34_medium,27,226,34.53333333333333,0.4447632431983948,-0.5028265783651261
BH_s34_medium,27,227,34.56666666666667,0.11858083307743073,-0.22024797866081844
BH_s34_medium,27,228,34.6,-0.16700784862041473,0.1040672368025037
BH_s34_medium,27,229,34.63333333333333,-0.4543423652648926,0.4096036646690609
BH_s34_medium,27,230,34.666666666666664,-0.5891705751419067,0.6370692525638632
BH_s34_medium,27,231,34.7,-0.6743272542953491,0.7464035975605677
BH_s34_medium,27,232,34.733333333333334,-0.6902595162391663,0.7291144043670319
BH_s34_medium,27,233,34.766666666666666,-0.7257446050643921,0.6101249780577139
BH_s34_medium,27,234,34.8,-0.7771620154380798,0.4383411893774514
BH_s34_medium,27,235,34.833333333333336,-0.8418928980827332,0.26966594419734347
BH_s34_medium,27,236,34.86666666666667,-0.9438547492027283,0.14905654469415583
BH_s34_medium,27,237,34.9,-1.0458165407180786,0.09801464060688175
BH_s34_medium,27,238,34.93333333333333,-1.1477783918380737,0.11082420523528745
BH_s34_medium,27,239,34.96666666666667,-1.2399184703826904,0.15912703232397302
BH_s34_medium,28,0,28.0,-0.7123367786407471,0.1701586179314396
BH_s34_medium,28,1,28.033333333333335,-0.7771620154380798,0.14713100732647919
BH_s34_medium,28,2,28.066666666666666,-0.8134257197380066,0.10790757507509668
BH_s34_medium,28,3,28.1,-0.8285793662071228,0.05190507954928191
BH_s34_medium,28,4,28.133333333333333,-0.8285793662071228,-0.002915770908273693
BH_s34_medium,28,5,28.166666666666668,-0.8799967765808105,-0.025305652273245258
BH_s34_medium,28,6,28.2,-0.9641861915588379,0.0142012036028593
BH_s34_medium,28,7,28.233333333333334,-1.066148042678833,0.1255994712256538
BH_s34_medium,28,8,28.266666666666666,-1.1681098937988281,0.2889772102932136
BH_s34_medium,28,9,28.3,-1.2399184703826904,0.45831537354431867
BH_s34_medium,28,10,28.333333333333332,-1.3206162452697754,0.5786468982199711
BH_s34_medium,28,11,28.366666666666667,-1.4225780963897705,0.6076832922728722
BH_s34_medium,28,12,28.4,-1.362984299659729,0.5302632319463214
BH_s34_medium,28,13,28.433333333333334,-0.6400420665740967,0.358570789341893
BH_s34_medium,28,14,28.466666666666665,0.40639808773994446,0.12040882366111365
BH_s34_medium,28,15,28.5,1.4274423122406006,-0.15506561780808165
BH_s34_medium,28,16,28.533333333333335,1.7422897815704346,-0.4451019958685727
BH_s34_medium,28,17,28.566666666666666,1.4439404010772705,-0.731608201890199
BH_s34_medium,28,18,28.6,0.9109611511230469,-0.9934605286203656
BH_s34_medium,28,19,28.633333333333333,0.4739934504032135,-1.1999808677390056
BH_s34_medium,28,20,28.666666666666668,0.23063445091247559,-1.3118817592768846
BH_s34_medium,28,21,28.7,0.1997682750225067,-1.291548664302809
BH_s34_medium,28,22,28.733333333333334,0.269991010427475,-1.1187924201109238
BH_s34_medium,28,23,28.766666666666666,0.3719528615474701,-0.8041675698048649
BH_s34_medium,28,24,28.8,0.40543779730796814,-0.39198377719762356
BH_s34_medium,28,25,28.833333333333332,0.2702297866344452,0.05020658108208161
BH_s34_medium,28,26,28.866666666666667,0.014888723380863667,0.4516745382408988
BH_s34_medium,28,27,28.9,-0.25489312410354614,0.7591311621439212
BH_s34_medium,28,28,28.933333333333334,-0.4957934319972992,0.9493825061222102
BH_s34_medium,28,29,28.966666666666665,-0.6356047987937927,1.03012983020525
BH_s34_medium,28,30,29.0,-0.6861492395401001,1.0303224603295018
BH_s34_medium,28,31,29.033333333333335,-0.7257446050643921,0.985290928761884
BH_s34_medium,28,32,29.066666666666666,-0.7257446050643921,0.9232114514961515
BH_s34_medium,28,33,29.1,-0.7257446050643921,0.8578179942331795
BH_s34_medium,28,34,29.133333333333333,-0.7771620154380798,0.7885084268532757
BH_s34_medium,28,35,29.166666666666668,-0.8285793662071228,0.7055787305521051
BH_s34_medium,28,36,29.2,-0.886581301689148,0.5972081856963475
BH_s34_medium,28,37,29.233333333333334,-0.9885430932044983,0.4554491198471509
BH_s34_medium,28,38,29.266666666666666,-1.0905050039291382,0.27948455608496114
BH_s34_medium,28,39,29.3,-1.1924668550491333,0.07557310687263957
BH_s34_medium,28,40,29.333333333333332,-1.118526577949524,-0.14551970192036368
BH_s34_medium,28,41,29.366666666666667,-0.34362363815307617,-0.37182035040890815
BH_s34_medium,28,42,29.4,0.78017657995224,-0.5923829129183009
BH_s34_medium,28,43,29.433333333333334,1.743712067604065,-0.7974080554653047
BH_s34_medium,28,44,29.466666666666665,1.8965418338775635,-0.9762353037134708
BH_s34_medium,28,45,29.5,1.593124508857727,-1.1144830277566498
BH_s34_medium,28,46,29.533333333333335,1.0845870971679688,-1.1928274673873234
BH_s34_medium,28,47,29.566666666666666,0.7229948043823242,-1.189976156549104
BH_s34_medium,28,48,29.6,0.5121630430221558,-1.0904939311056365
BH_s34_medium,28,49,29.633333333333333,0.4568551778793335,-0.8947851358727199
BH_s34_medium,28,50,29.666666666666668,0.5082725882530212,-0.6255835528249086
BH_s34_medium,28,51,29.7,0.5596899390220642,-0.32544499217153455
BH_s34_medium,28,52,29.733333333333334,0.5156547427177429,-0.04405285831420084
BH_s34_medium,28,53,29.766666666666666,0.3705306053161621,0.17984345972605378
BH_s34_medium,28,54,29.8,0.07290013879537582,0.33318313149968376
BH_s34_medium,28,55,29.833333333333332,-0.18156801164150238,0.4321577081716496
BH_s34_medium,28,56,29.866666666666667,-0.39549264311790466,0.5120832485869828
BH_s34_medium,28,57,29.9,-0.559745728969574,0.6081041303150598
BH_s34_medium,28,58,29.933333333333334,-0.5714924931526184,0.7360755306955293
BH_s34_medium,28,59,29.966666666666665,-0.6229098439216614,0.8831577264224564
BH_s34_medium,28,60,30.0,-0.6229098439216614,1.0129857254085384
BH_s34_medium,28,61,30.033333333333335,-0.6590887904167175,1.082910634485018
BH_s34_medium,28,62,30.066666666666666,-0.7096332311630249,1.0643999152215227
BH_s34_medium,28,63,30.1,-0.760177731513977,0.9560120891530651
BH_s34_medium,28,64,30.133333333333333,-0.8621395826339722,0.7827436724700217
BH_s34_medium,28,65,30.166666666666668,-0.9314141273498535,0.5830229760960076
BH_s34_medium,28,66,30.2,-1.0146459341049194,0.3907123487562513
BH_s34_medium,28,67,30.233333333333334,-1.1166077852249146,0.2213781086505926
BH_s34_medium,28,68,30.266666666666666,-1.1584324836730957,0.06925608260942194
BH_s34_medium,28,69,30.3,-0.617236316204071,-0.0846575427163344
BH_s34_medium,28,70,30.333333333333332,0.3853883743286133,-0.25901297209989765
BH_s34_medium,28,71,30.366666666666667,1.5540310144424438,-0.46109499133254994
BH_s34_medium,28,72,30.4,2.0773708820343018,-0.6837512397244789
BH_s34_medium,28,73,30.433333333333334,1.9736822843551636,-0.9100585066534749
BH_s34_medium,28,74,30.466666666666665,1.540130853652954,-1.1210266303725775
BH_s34_medium,28,75,30.5,1.1562416553497314,-1.3007480778518472
BH_s34_medium,28,76,30.533333333333335,0.9479438066482544,-1.4362663236697117
BH_s34_medium,28,77,30.566666666666666,0.8459819555282593,-1.5136483414903563
BH_s34_medium,28,78,30.6,0.7653594613075256,-1.5143847047175893
BH_s34_medium,28,79,30.633333333333333,0.7448930740356445,-1.4160392186516897
BH_s34_medium,28,80,30.666666666666668,0.6943485736846924,-1.1984775305384723
BH_s34_medium,28,81,30.7,0.5736661553382874,-0.8536449281079964
BH_s34_medium,28,82,30.733333333333334,0.3518947958946228,-0.3945552092010598
BH_s34_medium,28,83,30.766666666666666,0.06298399716615677,0.1410943747304363
BH_s34_medium,28,84,30.8,-0.14093969762325287,0.6953602575179695
BH_s34_medium,28,85,30.833333333333332,-0.3296344578266144,1.2018430023462248
BH_s34_medium,28,86,30.866666666666667,-0.4315963089466095,1.600751093478449
BH_s34_medium,28,87,30.9,-0.4686577022075653,1.8517755661064175
BH_s34_medium,28,88,30.933333333333334,-0.5200750827789307,1.9408136729965622
BH_s34_medium,28,89,30.966666666666665,-0.531812310218811,1.879441080476028
BH_s34_medium,28,90,31.0,-0.5823568105697632,1.6982973285221963
BH_s34_medium,28,91,31.033333333333335,-0.6329012513160706,1.4368708724719719
BH_s34_medium,28,92,31.066666666666666,-0.7348631024360657,1.1329072005574365
BH_s34_medium,28,93,31.1,-0.8368249535560608,0.8147075683790044
BH_s34_medium,28,94,31.133333333333333,-0.9387868046760559,0.4986046427173403
BH_s34_medium,28,95,31.166666666666668,-0.9893312454223633,0.19178978838383692
BH_s34_medium,28,96,31.2,-1.0912930965423584,-0.10194399115909851
BH_s34_medium,28,97,31.233333333333334,-1.1275758743286133,-0.37747465746367526
BH_s34_medium,28,98,31.266666666666666,-0.6908157467842102,-0.6276778749931007
BH_s34_medium,28,99,31.3,0.2842743694782257,-0.846905753096936
BH_s34_medium,28,100,31.333333333333332,1.3994492292404175,-1.0354641611643867
BH_s34_medium,28,101,31.366666666666667,1.9492214918136597,-1.2007784911741524
BH_s34_medium,28,102,31.4,1.8949846029281616,-1.3529955049362195
BH_s34_medium,28,103,31.433333333333334,1.4871371984481812,-1.496374799259227
BH_s34_medium,28,104,31.466666666666665,1.1293507814407349,-1.6205088278601014
BH_s34_medium,28,105,31.5,0.9240705370903015,-1.6961449638769979
BH_s34_medium,28,106,31.533333333333335,0.8198792338371277,-1.6791539253001428
BH_s34_medium,28,107,31.566666666666666,0.7179173827171326,-1.5232604748375627
BH_s34_medium,28,108,31.6,0.6673728823661804,-1.1982864908793656
BH_s34_medium,28,109,31.633333333333333,0.616828441619873,-0.7072591436432605
BH_s34_medium,28,110,31.666666666666668,0.5148665904998779,-0.09454030577474301
BH_s34_medium,28,111,31.7,0.31753695011138916,0.5603599567826304
BH_s34_medium,28,112,31.733333333333334,0.019118351861834526,1.1626237627465048
BH_s34_medium,28,113,31.766666666666666,-0.18393242359161377,1.6283842245114453
BH_s34_medium,28,114,31.8,-0.39706891775131226,1.9067430409209074
BH_s34_medium,28,115,31.833333333333332,-0.5091164708137512,1.9888658734782283
BH_s34_medium,28,116,31.866666666666667,-0.5714924931526184,1.9021228602925386
BH_s34_medium,28,117,31.9,-0.5714924931526184,1.6942973032240003
BH_s34_medium,28,118,31.933333333333334,-0.6229098439216614,1.416089436466979
BH_s34_medium,28,119,31.966666666666665,-0.6598769426345825,1.1087158261726469
BH_s34_medium,28,120,32.0,-0.7618387937545776,0.799234230080717
BH_s34_medium,28,121,32.03333333333333,-0.812383234500885,0.5021455011091953
BH_s34_medium,28,122,32.06666666666667,-0.9657624959945679,0.22389617929937014
BH_s34_medium,28,123,32.1,-1.067724347114563,-0.0329052880832246
BH_s34_medium,28,124,32.13333333333333,-1.169686198234558,-0.26747982822297256
BH_s34_medium,28,125,32.166666666666664,-1.2202305793762207,-0.4813175404512537
BH_s34_medium,28,126,32.2,-1.2913358211517334,-0.6796684201990888
BH_s34_medium,28,127,32.233333333333334,-0.9571812152862549,-0.8716707080019187
BH_s34_medium,28,128,32.266666666666666,-0.07471470534801483,-1.0669181983685914
BH_s34_medium,28,129,32.3,1.0759763717651367,-1.2681635263291597
BH_s34_medium,28,130,32.333333333333336,1.8003323078155518,-1.462920551165542
BH_s34_medium,28,131,32.36666666666667,1.817065715789795,-1.61901688837653
BH_s34_medium,28,132,32.4,1.408524513244629,-1.6887063357940673
BH_s34_medium,28,133,32.43333333333333,0.9748788475990295,-1.6223571549486644
BH_s34_medium,28,134,32.46666666666667,0.6147781014442444,-1.3874951109790339
BH_s34_medium,28,135,32.5,0.4852721691131592,-0.9852663014634183
BH_s34_medium,28,136,32.53333333333333,0.4568551778793335,-0.456707453929742
BH_s34_medium,28,137,32.56666666666667,0.5295271277427673,0.12471199995958861
BH_s34_medium,28,138,32.6,0.5596899390220642,0.6721331455871987
BH_s34_medium,28,139,32.63333333333333,0.48876383900642395,1.109039398240732
BH_s34_medium,28,140,32.666666666666664,0.29811298847198486,1.3889484997202035
BH_s34_medium,28,141,32.7,0.009990346617996693,1.5041639993250957
BH_s34_medium,28,142,32.733333333333334,-0.2622407078742981,1.481364690165355
BH_s34_medium,28,143,32.766666666666666,-0.4492744207382202,1.3671015288310684
BH_s34_medium,28,144,32.8,-0.5714924931526184,1.209789405188461
BH_s34_medium,28,145,32.833333333333336,-0.6229098439216614,1.045283370897131
BH_s34_medium,28,146,32.86666666666667,-0.6229098439216614,0.8906852661866446
BH_s34_medium,28,147,32.9,-0.6229098439216614,0.7468345344077469
BH_s34_medium,28,148,32.93333333333333,-0.6743272542953491,0.6059508838283885
BH_s34_medium,28,149,32.96666666666667,-0.7365241646766663,0.45925968232271785
BH_s34_medium,28,150,33.0,-0.7870686054229736,0.3009716497927212
BH_s34_medium,28,151,33.03333333333333,-0.8980641961097717,0.12815581164763287
BH_s34_medium,28,152,33.06666666666667,-1.0424096584320068,-0.06141933585158404
BH_s34_medium,28,153,33.1,-1.144371509552002,-0.27060050880116476
BH_s34_medium,28,154,33.13333333333333,-1.2206735610961914,-0.5013854736220796
BH_s34_medium,28,155,33.166666666666664,-0.7328256964683533,-0.7507921193742523
BH_s34_medium,28,156,33.2,0.1997111737728119,-1.0062231869975815
BH_s34_medium,28,157,33.233333333333334,1.3613202571868896,-1.2432795052419001
BH_s34_medium,28,158,33.266666666666666,1.947959303855896,-1.427997190861812
BH_s34_medium,28,159,33.3,1.7855056524276733,-1.5236433323424265
BH_s34_medium,28,160,33.333333333333336,1.2736461162567139,-1.5005989130762107
BH_s34_medium,28,161,33.36666666666667,0.7641413807868958,-1.3465567317290195
BH_s34_medium,28,162,33.4,0.4071429669857025,-1.073274552450519
BH_s34_medium,28,163,33.43333333333333,0.3026030361652374,-0.716358302649645
BH_s34_medium,28,164,33.46666666666667,0.3517061769962311,-0.3267447356207131
BH_s34_medium,28,165,33.5,0.5018982887268066,0.043849650957223436
BH_s34_medium,28,166,33.53333333333333,0.5596899390220642,0.35790986688721094
BH_s34_medium,28,167,33.56666666666667,0.4153037667274475,0.6009981588707519
BH_s34_medium,28,168,33.6,0.1657685786485672,0.7805688675452818
BH_s34_medium,28,169,33.63333333333333,-0.14011695981025696,0.9156886856197569
BH_s34_medium,28,170,33.666666666666664,-0.45355424284935,1.0232675306021555
BH_s34_medium,28,171,33.7,-0.6574779152870178,1.1080207067942525
BH_s34_medium,28,172,33.733333333333334,-0.7164470553398132,1.1608529596241528
BH_s34_medium,28,173,33.766666666666666,-0.7257446050643921,1.1653909795950805
BH_s34_medium,28,174,33.8,-0.7257446050643921,1.1080704551121707
BH_s34_medium,28,175,33.833333333333336,-0.7257446050643921,0.9860316820488635
BH_s34_medium,28,176,33.86666666666667,-0.7643727660179138,0.809490977937007
BH_s34_medium,28,177,33.9,-0.8285793662071228,0.5987087042901927
BH_s34_medium,28,178,33.93333333333333,-0.9168790578842163,0.37759817655481837
BH_s34_medium,28,179,33.96666666666667,-1.0188409090042114,0.16657518595127324
BH_s34_medium,28,180,34.0,-1.1208027601242065,-0.022610316574198843
BH_s34_medium,28,181,34.03333333333333,-1.2227646112442017,-0.18805362065853848
BH_s34_medium,28,182,34.06666666666667,-1.2913358211517334,-0.33486888017002225
BH_s34_medium,28,183,34.1,-0.9608770608901978,-0.4703184385194803
BH_s34_medium,28,184,34.13333333333333,0.033687181770801544,-0.5994375219659279
BH_s34_medium,28,185,34.166666666666664,1.3196460008621216,-0.722950040870343
BH_s34_medium,28,186,34.2,2.251706123352051,-0.8379394194634903
BH_s34_medium,28,187,34.233333333333334,2.352663516998291,-0.9401988171976536
BH_s34_medium,28,188,34.266666666666666,1.9614458084106445,-1.0259882316060351
BH_s34_medium,28,189,34.3,1.451636552810669,-1.0912507343812854
BH_s34_medium,28,190,34.333333333333336,1.0724666118621826,-1.12849515956361
BH_s34_medium,28,191,34.36666666666667,0.8940772414207458,-1.1237723039238796
BH_s34_medium,28,192,34.4,0.8167768716812134,-1.0566086525920726
BH_s34_medium,28,193,34.43333333333333,0.7929883003234863,-0.9045166380940803
BH_s34_medium,28,194,34.46666666666667,0.7653594613075256,-0.6517236526469788
BH_s34_medium,28,195,34.5,0.6698567271232605,-0.2994892452513809
BH_s34_medium,28,196,34.53333333333333,0.4447632431983948,0.12655368388866067
BH_s34_medium,28,197,34.56666666666667,0.11858083307743073,0.5767222109343625
BH_s34_medium,28,198,34.6,-0.16700784862041473,0.9873196960120364
BH_s34_medium,28,199,34.63333333333333,-0.4543423652648926,1.2978739691377996
BH_s34_medium,28,200,34.666666666666664,-0.5891705751419067,1.4688768443184415
BH_s34_medium,28,201,34.7,-0.6743272542953491,1.4923241277335668
BH_s34_medium,28,202,34.733333333333334,-0.6902595162391663,1.390716406861361
BH_s34_medium,28,203,34.766666666666666,-0.7257446050643921,1.205764176230264
BH_s34_medium,28,204,34.8,-0.7771620154380798,0.9825076557627664
BH_s34_medium,28,205,34.833333333333336,-0.8418928980827332,0.7558718337576468
BH_s34_medium,28,206,34.86666666666667,-0.9438547492027283,0.5445745888726958
BH_s34_medium,28,207,34.9,-1.0458165407180786,0.353209699722622
BH_s34_medium,28,208,34.93333333333333,-1.1477783918380737,0.17939221081296086
BH_s34_medium,28,209,34.96666666666667,-1.2399184703826904,0.020871401159382984
BH_s34_medium,28,210,35.0,-1.300284743309021,-0.12168342824321025
BH_s34_medium,28,211,35.03333333333333,-1.4022465944290161,-0.2473678394800113
BH_s34_medium,28,212,35.06666666666667,-1.2995346784591675,-0.3604514064448204
BH_s34_medium,28,213,35.1,-0.45044320821762085,-0.47348700021835344
BH_s34_medium,28,214,35.13333333333333,0.7903436422348022,-0.6040649044149435
BH_s34_medium,28,215,35.166666666666664,2.0828843116760254,-0.76503731940858
BH_s34_medium,28,216,35.2,2.5098390579223633,-0.9527140819953601
BH_s34_medium,28,217,35.233333333333334,2.2422711849212646,-1.13991320280358
BH_s34_medium,28,218,35.266666666666666,1.6830099821090698,-1.279004878065652
BH_s34_medium,28,219,35.3,1.275162696838379,-1.315446326497265
BH_s34_medium,28,220,35.333333333333336,0.970809280872345,-1.2074286044617857
BH_s34_medium,28,221,35.36666666666667,0.8688474297523499,-0.9441634311867227
BH_s34_medium,28,222,35.4,0.8167768716812134,-0.5551680049053845
BH_s34_medium,28,223,35.43333333333333,0.7653594613075256,-0.10594567694917045
BH_s34_medium,28,224,35.46666666666667,0.717214047908783,0.3192645863129595
BH_s34_medium,28,225,35.5,0.516562283039093,0.6418301502989127
BH_s34_medium,28,226,35.53333333333333,0.21482156217098236,0.8115596483935106
BH_s34_medium,28,227,35.56666666666667,-0.0910639762878418,0.8199344500913348
BH_s34_medium,28,228,35.6,-0.39694952964782715,0.6990872936695984
BH_s34_medium,28,229,35.63333333333333,-0.6076368093490601,0.5073082054482195
BH_s34_medium,28,230,35.666666666666664,-0.7172351479530334,0.3073781535509725
BH_s34_medium,28,231,35.7,-0.7771620154380798,0.14680499217056162
BH_s34_medium,28,232,35.733333333333334,-0.818324089050293,0.04734904766958186
BH_s34_medium,28,233,35.766666666666666,-0.8285793662071228,0.006269598298982755
BH_s34_medium,28,234,35.8,-0.8799967765808105,0.006280125750671978
BH_s34_medium,28,235,35.833333333333336,-0.9699574708938599,0.02785284342749553
BH_s34_medium,28,236,35.86666666666667,-1.071919322013855,0.05768060032986876
BH_s34_medium,28,237,35.9,-1.17388117313385,0.09046450823239753
BH_s34_medium,28,238,35.93333333333333,-1.2758430242538452,0.12571336927123225
BH_s34_medium,28,239,35.96666666666667,-1.3778048753738403,0.16374685727404983
BH_s34_medium,29,0,29.0,-0.6861492395401001,-0.03464289405318034
BH_s34_medium,29,1,29.033333333333335,-0.7257446050643921,0.03150411830016084
BH_s34_medium,29,2,29.066666666666666,-0.7257446050643921,0.10092344231097017
BH_s34_medium,29,3,29.1,-0.7257446050643921,0.17321617159391156
BH_s34_medium,29,4,29.133333333333333,-0.7771620154380798,0.24021375013093865
BH_s34_medium,29,5,29.166666666666668,-0.8285793662071228,0.2865456510114476
BH_s34_medium,29,6,29.2,-0.886581301689148,0.2941920300252012
BH_s34_medium,29,7,29.233333333333334,-0.9885430932044983,0.24981332572261553
BH_s34_medium,29,8,29.266666666666666,-1.0905050039291382,0.15176225388514372
BH_s34_medium,29,9,29.3,-1.1924668550491333,0.012989503943468135
BH_s34_medium,29,10,29.333333333333332,-1.118526577949524,-0.14232464358879385
BH_s34_medium,29,11,29.366666666666667,-0.34362363815307617,-0.2872176306636077
BH_s34_medium,29,12,29.4,0.78017657995224,-0.40107904505383796
BH_s34_medium,29,13,29.433333333333334,1.743712067604065,-0.47441455440624886
BH_s34_medium,29,14,29.466666666666665,1.8965418338775635,-0.5069885569029466
BH_s34_medium,29,15,29.5,1.593124508857727,-0.5014865307067473
BH_s34_medium,29,16,29.533333333333335,1.0845870971679688,-0.4577680779961618
BH_s34_medium,29,17,29.566666666666666,0.7229948043823242,-0.3721544468349378
BH_s34_medium,29,18,29.6,0.5121630430221558,-0.24226042876168832
BH_s34_medium,29,19,29.633333333333333,0.4568551778793335,-0.07377671477692342
BH_s34_medium,29,20,29.666666666666668,0.5082725882530212,0.11560154994680295
BH_s34_medium,29,21,29.7,0.5596899390220642,0.2981319302055695
BH_s34_medium,29,22,29.733333333333334,0.5156547427177429,0.44377243614571615
BH_s34_medium,29,23,29.766666666666666,0.3705306053161621,0.5306495413091925
BH_s34_medium,29,24,29.8,0.07290013879537582,0.5535323503013502
BH_s34_medium,29,25,29.833333333333332,-0.18156801164150238,0.5260889456546634
BH_s34_medium,29,26,29.866666666666667,-0.39549264311790466,0.4752964528615864
BH_s34_medium,29,27,29.9,-0.559745728969574,0.4299609746002778
BH_s34_medium,29,28,29.933333333333334,-0.5714924931526184,0.40823657896375454
BH_s34_medium,29,29,29.966666666666665,-0.6229098439216614,0.40988089621702983
BH_s34_medium,29,30,30.0,-0.6229098439216614,0.41711920248886936
BH_s34_medium,29,31,30.033333333333335,-0.6590887904167175,0.4039916563396801
BH_s34_medium,29,32,30.066666666666666,-0.7096332311630249,0.3496867323300599
BH_s34_medium,29,33,30.1,-0.760177731513977,0.24912749695748593
BH_s34_medium,29,34,30.133333333333333,-0.8621395826339722,0.1155214122287932
BH_s34_medium,29,35,30.166666666666668,-0.9314141273498535,-0.02615704666959901
BH_s34_medium,29,36,30.2,-1.0146459341049194,-0.15109473342778287
BH_s34_medium,29,37,30.233333333333334,-1.1166077852249146,-0.2457322298566982
BH_s34_medium,29,38,30.266666666666666,-1.1584324836730957,-0.31263781562892257
BH_s34_medium,29,39,30.3,-0.617236316204071,-0.36737406318029375
BH_s34_medium,29,40,30.333333333333332,0.3853883743286133,-0.4297820158411549
BH_s34_medium,29,41,30.366666666666667,1.5540310144424438,-0.5145792350574271
BH_s34_medium,29,42,30.4,2.0773708820343018,-0.6256070901328423
BH_s34_medium,29,43,30.433333333333334,1.9736822843551636,-0.7552022808584228
BH_s34_medium,29,44,30.466666666666665,1.540130853652954,-0.887039198620019
BH_s34_medium,29,45,30.5,1.1562416553497314,-0.9995689039799959
BH_s34_medium,29,46,30.533333333333335,0.9479438066482544,-1.0685604366262906
BH_s34_medium,29,47,30.566666666666666,0.8459819555282593,-1.0693978404319047
BH_s34_medium,29,48,30.6,0.7653594613075256,-0.9805122944047268
BH_s34_medium,29,49,30.633333333333333,0.7448930740356445,-0.7883598456392757
BH_s34_medium,29,50,30.666666666666668,0.6943485736846924,-0.4927434069309821
BH_s34_medium,29,51,30.7,0.5736661553382874,-0.11028608421027958
BH_s34_medium,29,52,30.733333333333334,0.3518947958946228,0.32579426147923574
BH_s34_medium,29,53,30.766666666666666,0.06298399716615677,0.7701566829768184
BH_s34_medium,29,54,30.8,-0.14093969762325287,1.173149442679892
BH_s34_medium,29,55,30.833333333333332,-0.3296344578266144,1.4899209182891133
BH_s34_medium,29,56,30.866666666666667,-0.4315963089466095,1.688272195869453
BH_s34_medium,29,57,30.9,-0.4686577022075653,1.7531716234538857
BH_s34_medium,29,58,30.933333333333334,-0.5200750827789307,1.6872305866222728
BH_s34_medium,29,59,30.966666666666665,-0.531812310218811,1.507771240940292
BH_s34_medium,29,60,31.0,-0.5823568105697632,1.2416778968393554
BH_s34_medium,29,61,31.033333333333335,-0.6329012513160706,0.919483253118763
BH_s34_medium,29,62,31.066666666666666,-0.7348631024360657,0.5705012223496809
BH_s34_medium,29,63,31.1,-0.8368249535560608,0.22042900684653902
BH_s34_medium,29,64,31.133333333333333,-0.9387868046760559,-0.10879193888374965
BH_s34_medium,29,65,31.166666666666668,-0.9893312454223633,-0.39857399018014167
BH_s34_medium,29,66,31.2,-1.0912930965423584,-0.6343857022318509
BH_s34_medium,29,67,31.233333333333334,-1.1275758743286133,-0.8078465727243407
BH_s34_medium,29,68,31.266666666666666,-0.6908157467842102,-0.9190936724521952
BH_s34_medium,29,69,31.3,0.2842743694782257,-0.9778372256021161
BH_s34_medium,29,70,31.333333333333332,1.3994492292404175,-1.0021707475654966
BH_s34_medium,29,71,31.366666666666667,1.9492214918136597,-1.0150325639244158
BH_s34_medium,29,72,31.4,1.8949846029281616,-1.0384844842068333
BH_s34_medium,29,73,31.433333333333334,1.4871371984481812,-1.0862749496944093
BH_s34_medium,29,74,31.466666666666665,1.1293507814407349,-1.1562194463238542
BH_s34_medium,29,75,31.5,0.9240705370903015,-1.2253514431406582
BH_s34_medium,29,76,31.533333333333335,0.8198792338371277,-1.2513998403188311
BH_s34_medium,29,77,31.566666666666666,0.7179173827171326,-1.1827503852957217
BH_s34_medium,29,78,31.6,0.6673728823661804,-0.9754942604225687
BH_s34_medium,29,79,31.633333333333333,0.616828441619873,-0.6120476279855066
BH_s34_medium,29,80,31.666666666666668,0.5148665904998779,-0.1135261752523566
BH_s34_medium,29,81,31.7,0.31753695011138916,0.4605647685271253
BH_s34_medium,29,82,31.733333333333334,0.019118351861834526,1.026629075771164
BH_s34_medium,29,83,31.766666666666666,-0.18393242359161377,1.5000934842668794
BH_s34_medium,29,84,31.8,-0.39706891775131226,1.8178718596763586
BH_s34_medium,29,85,31.833333333333332,-0.5091164708137512,1.951436701640218
BH_s34_medium,29,86,31.866666666666667,-0.5714924931526184,1.9073530229619524
BH_s34_medium,29,87,31.9,-0.5714924931526184,1.7182755593450585
BH_s34_medium,29,88,31.933333333333334,-0.6229098439216614,1.4299629534353067
BH_s34_medium,29,89,31.966666666666665,-0.6598769426345825,1.0890840501477816
BH_s34_medium,29,90,32.0,-0.7618387937545776,0.7347144926056985
BH_s34_medium,29,91,32.03333333333333,-0.812383234500885,0.3945420858091605
BH_s34_medium,29,92,32.06666666666667,-0.9657624959945679,0.0851906329995103
BH_s34_medium,29,93,32.1,-1.067724347114563,-0.185047394702322
BH_s34_medium,29,94,32.13333333333333,-1.169686198234558,-0.4132156899387099
BH_s34_medium,29,95,32.166666666666664,-1.2202305793762207,-0.6001764068439693
BH_s34_medium,29,96,32.2,-1.2913358211517334,-0.7510575534056454
BH_s34_medium,29,97,32.233333333333334,-0.9571812152862549,-0.876346519065133
BH_s34_medium,29,98,32.266666666666666,-0.07471470534801483,-0.9908643449903838
BH_s34_medium,29,99,32.3,1.0759763717651367,-1.1083641786264815
BH_s34_medium,29,100,32.333333333333336,1.8003323078155518,-1.232522330466743
BH_s34_medium,29,101,32.36666666666667,1.817065715789795,-1.3487788264758394
BH_s34_medium,29,102,32.4,1.408524513244629,-1.4230084081388177
BH_s34_medium,29,103,32.43333333333333,0.9748788475990295,-1.4104510646602388
BH_s34_medium,29,104,32.46666666666667,0.6147781014442444,-1.2724579483330638
BH_s34_medium,29,105,32.5,0.4852721691131592,-0.9936176515557803
BH_s34_medium,29,106,32.53333333333333,0.4568551778793335,-0.5914316457937125
BH_s34_medium,29,107,32.56666666666667,0.5295271277427673,-0.11434318897102562
BH_s34_medium,29,108,32.6,0.5596899390220642,0.3711188617579231
BH_s34_medium,29,109,32.63333333333333,0.48876383900642395,0.7990845362580984
BH_s34_medium,29,110,32.666666666666664,0.29811298847198486,1.1218147458756202
BH_s34_medium,29,111,32.7,0.009990346617996693,1.3195655642982462
BH_s34_medium,29,112,32.733333333333334,-0.2622407078742981,1.4000855496173072
BH_s34_medium,29,113,32.766666666666666,-0.4492744207382202,1.3894612127030297
BH_s34_medium,29,114,32.8,-0.5714924931526184,1.319203157424607
BH_s34_medium,29,115,32.833333333333336,-0.6229098439216614,1.2151519627872118
BH_s34_medium,29,116,32.86666666666667,-0.6229098439216614,1.0919977333202076
BH_s34_medium,29,117,32.9,-0.6229098439216614,0.9540306177651716
BH_s34_medium,29,118,32.93333333333333,-0.6743272542953491,0.7997771354837605
BH_s34_medium,29,119,32.96666666666667,-0.7365241646766663,0.6269081465702175
BH_s34_medium,29,120,33.0,-0.7870686054229736,0.4347531049340107
BH_s34_medium,29,121,33.03333333333333,-0.8980641961097717,0.2239849585697679
BH_s34_medium,29,122,33.06666666666667,-1.0424096584320068,-0.004967103175454053
BH_s34_medium,29,123,33.1,-1.144371509552002,-0.2525184957730007
BH_s34_medium,29,124,33.13333333333333,-1.2206735610961914,-0.5181290910650184
BH_s34_medium,29,125,33.166666666666664,-0.7328256964683533,-0.7964775322160655
BH_s34_medium,29,126,33.2,0.1997111737728119,-1.0736509176774098
BH_s34_medium,29,127,33.233333333333334,1.3613202571868896,-1.3259180590068185
BH_s34_medium,29,128,33.266666666666666,1.947959303855896,-1.5226342772241586
BH_s34_medium,29,129,33.3,1.7855056524276733,-1.632806408304816
BH_s34_medium,29,130,33.333333333333336,1.2736461162567139,-1.6329688223537004
BH_s34_medium,29,131,33.36666666666667,0.7641413807868958,-1.5134470042904693
BH_s34_medium,29,132,33.4,0.4071429669857025,-1.2811376137443264
BH_s34_medium,29,133,33.43333333333333,0.3026030361652374,-0.9585345027264027
BH_s34_medium,29,134,33.46666666666667,0.3517061769962311,-0.5796602485140984
BH_s34_medium,29,135,33.5,0.5018982887268066,-0.18373299942942886
BH_s34_medium,29,136,33.53333333333333,0.5596899390220642,0.192521381854393
BH_s34_medium,29,137,33.56666666666667,0.4153037667274475,0.5222740424297134
BH_s34_medium,29,138,33.6,0.1657685786485672,0.792957162741265
BH_s34_medium,29,139,33.63333333333333,-0.14011695981025696,1.0051633375660447
BH_s34_medium,29,140,33.666666666666664,-0.45355424284935,1.1664135252506562
BH_s34_medium,29,141,33.7,-0.6574779152870178,1.2832384562720656
BH_s34_medium,29,142,33.733333333333334,-0.7164470553398132,1.3558699742338296
BH_s34_medium,29,143,33.766666666666666,-0.7257446050643921,1.3780176904514565
BH_s34_medium,29,144,33.8,-0.7257446050643921,1.3410943619660192
BH_s34_medium,29,145,33.833333333333336,-0.7257446050643921,1.2399632100297608
BH_s34_medium,29,146,33.86666666666667,-0.7643727660179138,1.0771590318820914
BH_s34_medium,29,147,33.9,-0.8285793662071228,0.8639860979376914
BH_s34_medium,29,148,33.93333333333333,-0.9168790578842163,0.6185350982571948
BH_s34_medium,29,149,33.96666666666667,-1.0188409090042114,0.3617133949786741
BH_s34_medium,29,150,34.0,-1.1208027601242065,0.11271188990618392
BH_s34_medium,29,151,34.03333333333333,-1.2227646112442017,-0.1148057101849442
BH_s34_medium,29,152,34.06666666666667,-1.2913358211517334,-0.3147992054181264
BH_s34_medium,29,153,34.1,-0.9608770608901978,-0.4886390467980087
BH_s34_medium,29,154,34.13333333333333,0.033687181770801544,-0.6426151448344124
BH_s34_medium,29,155,34.166666666666664,1.3196460008621216,-0.7841642389124416
BH_s34_medium,29,156,34.2,2.251706123352051,-0.9186815462726543
BH_s34_medium,29,157,34.233333333333334,2.352663516998291,-1.048285640603401
BH_s34_medium,29,158,34.266666666666666,1.9614458084106445,-1.171829851245164
BH_s34_medium,29,159,34.3,1.451636552810669,-1.2841168730514703
BH_s34_medium,29,160,34.333333333333336,1.0724666118621826,-1.3735258562288017
BH_s34_medium,29,161,34.36666666666667,0.8940772414207458,-1.4196558535443122
BH_s34_medium,29,162,34.4,0.8167768716812134,-1.3937427866400436
BH_s34_medium,29,163,34.43333333333333,0.7929883003234863,-1.2639359820028213
BH_s34_medium,29,164,34.46666666666667,0.7653594613075256,-1.0055294312793004
BH_s34_medium,29,165,34.5,0.6698567271232605,-0.613434896583254
BH_s34_medium,29,166,34.53333333333333,0.4447632431983948,-0.11162363723203217
BH_s34_medium,29,167,34.56666666666667,0.11858083307743073,0.4460732019058581
BH_s34_medium,29,168,34.6,-0.16700784862041473,0.9863405825164204
BH_s34_medium,29,169,34.63333333333333,-0.4543423652648926,1.4351160847347204
BH_s34_medium,29,170,34.666666666666664,-0.5891705751419067,1.7371473315073136
BH_s34_medium,29,171,34.7,-0.6743272542953491,1.8681565171551062
BH_s34_medium,29,172,34.733333333333334,-0.6902595162391663,1.835760705226035
BH_s34_medium,29,173,34.766666666666666,-0.7257446050643921,1.6711298358475397
BH_s34_medium,29,174,34.8,-0.7771620154380798,1.4165345075859601
BH_s34_medium,29,175,34.833333333333336,-0.8418928980827332,1.1138553401547815
BH_s34_medium,29,176,34.86666666666667,-0.9438547492027283,0.7972427763483204
BH_s34_medium,29,177,34.9,-1.0458165407180786,0.49068112309321094
BH_s34_medium,29,178,34.93333333333333,-1.1477783918380737,0.20911952934491954
BH_s34_medium,29,179,34.96666666666667,-1.2399184703826904,-0.03926888313755297
BH_s34_medium,29,180,35.0,-1.300284743309021,-0.25192109313900624
BH_s34_medium,29,181,35.03333333333333,-1.4022465944290161,-0.43248799862542414
BH_s34_medium,29,182,35.06666666666667,-1.2995346784591675,-0.59174309799859
BH_s34_medium,29,183,35.1,-0.45044320821762085,-0.7462359025742114
BH_s34_medium,29,184,35.13333333333333,0.7903436422348022,-0.9131597680520791
BH_s34_medium,29,185,35.166666666666664,2.0828843116760254,-1.1022831365145358
BH_s34_medium,29,186,35.2,2.5098390579223633,-1.307913695971253
BH_s34_medium,29,187,35.233333333333334,2.2422711849212646,-1.5046046637038086
BH_s34_medium,29,188,35.266666666666666,1.6830099821090698,-1.6493568672281298
BH_s34_medium,29,189,35.3,1.275162696838379,-1.6909630010686942
BH_s34_medium,29,190,35.333333333333336,0.970809280872345,-1.584683812281713
BH_s34_medium,29,191,35.36666666666667,0.8688474297523499,-1.3080960203265126
BH_s34_medium,29,192,35.4,0.8167768716812134,-0.8724058223924316
BH_s34_medium,29,193,35.43333333333333,0.7653594613075256,-0.32415670001267916
BH_s34_medium,29,194,35.46666666666667,0.717214047908783,0.264355958887002
BH_s34_medium,29,195,35.5,0.516562283039093,0.8130711943879462
BH_s34_medium,29,196,35.53333333333333,0.21482156217098236,1.2542316274151257
BH_s34_medium,29,197,35.56666666666667,-0.0910639762878418,1.5474754494159908
BH_s34_medium,29,198,35.6,-0.39694952964782715,1.6851055343890209
BH_s34_medium,29,199,35.63333333333333,-0.6076368093490601,1.6867943962667564
BH_s34_medium,29,200,35.666666666666664,-0.7172351479530334,1.5871557092656021
BH_s34_medium,29,201,35.7,-0.7771620154380798,1.422036306313769
BH_s34_medium,29,202,35.733333333333334,-0.818324089050293,1.219047374912594
BH_s34_medium,29,203,35.766666666666666,-0.8285793662071228,0.9951254120530537
BH_s34_medium,29,204,35.8,-0.8799967765808105,0.7601892217750718
BH_s34_medium,29,205,35.833333333333336,-0.9699574708938599,0.5230500110717697
BH_s34_medium,29,206,35.86666666666667,-1.071919322013855,0.2950729188743404
BH_s34_medium,29,207,35.9,-1.17388117313385,0.08906242031542536
BH_s34_medium,29,208,35.93333333333333,-1.2758430242538452,-0.0856168389405922
BH_s34_medium,29,209,35.96666666666667,-1.3778048753738403,-0.2280053146483795
BH_s34_medium,29,210,36.0,-1.4797667264938354,-0.34699265621220526
BH_s34_medium,29,211,36.03333333333333,-1.4970053434371948,-0.45800480896251966
BH_s34_medium,29,212,36.06666666666667,-0.9480220675468445,-0.5765561044252809
BH_s34_medium,29,213,36.1,0.19870935380458832,-0.7118462734207885
BH_s34_medium,29,214,36.13333333333333,1.575630784034729,-0.8630477691271389
BH_s34_medium,29,215,36.166666666666664,2.3973233699798584,-1.0190836355558066
BH_s34_medium,29,216,36.2,2.3463680744171143,-1.1609872257065348
BH_s34_medium,29,217,36.233333333333334,1.830966591835022,-1.265359996699666
BH_s34_medium,29,218,36.266666666666666,1.24639093875885,-1.3080978426528538
BH_s34_medium,29,219,36.3,0.840644121170044,-1.268537750349405
BH_s34_medium,29,220,36.333333333333336,0.6370751261711121,-1.1343917308091143
BH_s34_medium,29,221,36.36666666666667,0.611107349395752,-0.9068692422747487
BH_s34_medium,29,222,36.4,0.6348111033439636,-0.6038911441964799
BH_s34_medium,29,223,36.43333333333333,0.6396938562393188,-0.2589222137564375
BH_s34_medium,29,224,36.46666666666667,0.515774130821228,0.08535270078000304
BH_s34_medium,29,225,36.5,0.23934805393218994,0.3867247974742712
BH_s34_medium,29,226,36.53333333333333,-0.08674956858158112,0.6131617895063208
BH_s34_medium,29,227,36.56666666666667,-0.4752577841281891,0.7492147343238362
BH_s34_medium,29,228,36.6,-0.7112597227096558,0.7973022304603434
BH_s34_medium,29,229,36.63333333333333,-0.8799967765808105,0.7742546750268299
BH_s34_medium,29,230,36.666666666666664,-0.9314141273498535,0.7053560371221272
BH_s34_medium,29,231,36.7,-0.9314141273498535,0.6181829767747944
BH_s34_medium,29,232,36.733333333333334,-0.9314141273498535,0.5368328749283825
BH_s34_medium,29,233,36.766666666666666,-0.9828315377235413,0.47634801174896463
BH_s34_medium,29,234,36.8,-1.0474776029586792,0.438845753081078
BH_s34_medium,29,235,36.833333333333336,-1.1494394540786743,0.4141900799638638
BH_s34_medium,29,236,36.86666666666667,-1.2514013051986694,0.3861167350816948
BH_s34_medium,29,237,36.9,-1.3533631563186646,0.3411445517395314
BH_s34_medium,29,238,36.93333333333333,-1.4553250074386597,0.275630921513988
BH_s34_medium,29,239,36.96666666666667,-1.5572868585586548,0.19738738327359942
BH_s34_medium,30,0,30.0,-0.6229098439216614,0.08054357406333934
BH_s34_medium,30,1,30.033333333333335,-0.6590887904167175,0.0738593335222466
BH_s34_medium,30,2,30.066666666666666,-0.7096332311630249,0.05180893189994904
BH_s34_medium,30,3,30.1,-0.760177731513977,0.0089434363975405
BH_s34_medium,30,4,30.133333333333333,-0.8621395826339722,-0.050500819432337536
BH_s34_medium,30,5,30.166666666666668,-0.9314141273498535,-0.1133408713104119
BH_s34_medium,30,6,30.2,-1.0146459341049194,-0.16307502830542187
BH_s34_medium,30,7,30.233333333333334,-1.1166077852249146,-0.18852148485301448
BH_s34_medium,30,8,30.266666666666666,-1.1584324836730957,-0.19091359228680266
BH_s34_medium,30,9,30.3,-0.617236316204071,-0.18473526555256006
BH_s34_medium,30,10,30.333333333333332,0.3853883743286133,-0.1913897023172948
BH_s34_medium,30,11,30.366666666666667,1.5540310144424438,-0.2295645583108466
BH_s34_medium,30,12,30.4,2.0773708820343018,-0.30789158721887366
BH_s34_medium,30,13,30.433333333333334,1.9736822843551636,-0.42312589387033767
BH_s34_medium,30,14,30.466666666666665,1.540130853652954,-0.5625919389363768
BH_s34_medium,30,15,30.5,1.1562416553497314,-0.7071097608260793
BH_s34_medium,30,16,30.533333333333335,0.9479438066482544,-0.8323091085180289
BH_s34_medium,30,17,30.566666666666666,0.8459819555282593,-0.9095972291056192
BH_s34_medium,30,18,30.6,0.7653594613075256,-0.9093523917903219
BH_s34_medium,30,19,30.633333333333333,0.7448930740356445,-0.8074283037137567
BH_s34_medium,30,20,30.666666666666668,0.6943485736846924,-0.5932902636722408
BH_s34_medium,30,21,30.7,0.5736661553382874,-0.27622027737502386
BH_s34_medium,30,22,30.733333333333334,0.3518947958946228,0.11359688193994319
BH_s34_medium,30,23,30.766666666666666,0.06298399716615677,0.5301730022248925
BH_s34_medium,30,24,30.8,-0.14093969762325287,0.921580489486464
BH_s34_medium,30,25,30.833333333333332,-0.3296344578266144,1.2412748028677976
BH_s34_medium,30,26,30.866666666666667,-0.4315963089466095,1.4569593271087429
BH_s34_medium,30,27,30.9,-0.4686577022075653,1.5543344461590956
BH_s34_medium,30,28,30.933333333333334,-0.5200750827789307,1.5357754917958122
BH_s34_medium,30,29,30.966666666666665,-0.531812310218811,1.4160922223486445
BH_s34_medium,30,30,31.0,-0.5823568105697632,1.21754114703172
BH_s34_medium,30,31,31.033333333333335,-0.6329012513160706,0.9651773563112205
BH_s34_medium,30,32,31.066666666666666,-0.7348631024360657,0.6830289731133792
BH_s34_medium,30,33,31.1,-0.8368249535560608,0.3915622445087924
BH_s34_medium,30,34,31.133333333333333,-0.9387868046760559,0.10681690419327265
BH_s34_medium,30,35,31.166666666666668,-0.9893312454223633,-0.1589425661956579
BH_s34_medium,30,36,31.2,-1.0912930965423584,-0.39602525778183245
BH_s34_medium,30,37,31.233333333333334,-1.1275758743286133,-0.596892670863512
BH_s34_medium,30,38,31.266666666666666,-0.6908157467842102,-0.7572406593582761
BH_s34_medium,30,39,31.3,0.2842743694782257,-0.8780867672444137
BH_s34_medium,30,40,31.333333333333332,1.3994492292404175,-0.9673050757091477
BH_s34_medium,30,41,31.366666666666667,1.9492214918136597,-1.0387022002118191
BH_s34_medium,30,42,31.4,1.8949846029281616,-1.1074006985290339
BH_s34_medium,30,43,31.433333333333334,1.4871371984481812,-1.1820841605611212
BH_s34_medium,30,44,31.466666666666665,1.1293507814407349,-1.25698249092773
BH_s34_medium,30,45,31.5,0.9240705370903015,-1.3078630636603283
BH_s34_medium,30,46,31.533333333333335,0.8198792338371277,-1.2954794860953742
BH_s34_medium,30,47,31.566666666666666,0.7179173827171326,-1.1769628574102617
BH_s34_medium,30,48,31.6,0.6673728823661804,-0.9218100787029355
BH_s34_medium,30,49,31.633333333333333,0.616828441619873,-0.5264683589762161
BH_s34_medium,30,50,31.666666666666668,0.5148665904998779,-0.021540200132167096
BH_s34_medium,30,51,31.7,0.31753695011138916,0.5318260414922581
BH_s34_medium,30,52,31.733333333333334,0.019118351861834526,1.0558870506472717
BH_s34_medium,30,53,31.766666666666666,-0.18393242359161377,1.4760612129725899
BH_s34_medium,30,54,31.8,-0.39706891775131226,1.7392673930925062
BH_s34_medium,30,55,31.833333333333332,-0.5091164708137512,1.8242543996582272
BH_s34_medium,30,56,31.866666666666667,-0.5714924931526184,1.74153518265496
BH_s34_medium,30,57,31.9,-0.5714924931526184,1.5252904217664758
BH_s34_medium,30,58,31.933333333333334,-0.6229098439216614,1.2217735594161008
BH_s34_medium,30,59,31.966666666666665,-0.6598769426345825,0.8782697141444369
BH_s34_medium,30,60,32.0,-0.7618387937545776,0.5350555345572873
BH_s34_medium,30,61,32.03333333333333,-0.812383234500885,0.22115605762561444
BH_s34_medium,30,62,32.06666666666667,-0.9657624959945679,-0.04652815418066373
BH_s34_medium,30,63,32.1,-1.067724347114563,-0.26190293037501594
BH_s34_medium,30,64,32.13333333333333,-1.169686198234558,-0.4276473500472691
BH_s34_medium,30,65,32.166666666666664,-1.2202305793762207,-0.553494942007932
BH_s34_medium,30,66,32.2,-1.2913358211517334,-0.6546882079250245
BH_s34_medium,30,67,32.233333333333334,-0.9571812152862549,-0.7494238317127814
BH_s34_medium,30,68,32.266666666666666,-0.07471470534801483,-0.8541170902387878
BH_s34_medium,30,69,32.3,1.0759763717651367,-0.9765600540505718
BH_s34_medium,30,70,32.333333333333336,1.8003323078155518,-1.1089824796824481
BH_s34_medium,30,71,32.36666666666667,1.817065715789795,-1.224639874900908
BH_s34_medium,30,72,32.4,1.408524513244629,-1.2816026281287145
BH_s34_medium,30,73,32.43333333333333,0.9748788475990295,-1.2348058525046184
BH_s34_medium,30,74,32.46666666666667,0.6147781014442444,-1.052761324025505
BH_s34_medium,30,75,32.5,0.4852721691131592,-0.7319144903168023
BH_s34_medium,30,76,32.53333333333333,0.4568551778793335,-0.3022360277607771
BH_s34_medium,30,77,32.56666666666667,0.5295271277427673,0.17849009101046037
BH_s34_medium,30,78,32.6,0.5596899390220642,0.6395946389981526
BH_s34_medium,30,79,32.63333333333333,0.48876383900642395,1.016116244942997
BH_s34_medium,30,80,32.666666666666664,0.29811298847198486,1.2643523512619672
BH_s34_medium,30,81,32.7,0.009990346617996693,1.3692957721512375
BH_s34_medium,30,82,32.733333333333334,-0.2622407078742981,1.342653869095959
BH_s34_medium,30,83,32.766666666666666,-0.4492744207382202,1.214058734768725
BH_s34_medium,30,84,32.8,-0.5714924931526184,1.0201615749147617
BH_s34_medium,30,85,32.833333333333336,-0.6229098439216614,0.7959413402903739
BH_s34_medium,30,86,32.86666666666667,-0.6229098439216614,0.5703397814356671
BH_s34_medium,30,87,32.9,-0.6229098439216614,0.3655675299300516
BH_s34_medium,30,88,32.93333333333333,-0.6743272542953491,0.19756041103867086
BH_s34_medium,30,89,32.96666666666667,-0.7365241646766663,0.07512602121016747
BH_s34_medium,30,90,33.0,-0.7870686054229736,-0.0027404691978224864
BH_s34_medium,30,91,33.03333333333333,-0.8980641961097717,-0.04947961841542779
BH_s34_medium,30,92,33.06666666666667,-1.0424096584320068,-0.09046248645553656
BH_s34_medium,30,93,33.1,-1.144371509552002,-0.15720496687524968
BH_s34_medium,30,94,33.13333333333333,-1.2206735610961914,-0.2768484806240408
BH_s34_medium,30,95,33.166666666666664,-0.7328256964683533,-0.46054345149603937
BH_s34_medium,30,96,33.2,0.1997111737728119,-0.696009459369739
BH_s34_medium,30,97,33.233333333333334,1.3613202571868896,-0.948273030375401
BH_s34_medium,30,98,33.266666666666666,1.947959303855896,-1.1686727308318554
BH_s34_medium,30,99,33.3,1.7855056524276733,-1.3084274844525259
BH_s34_medium,30,100,33.333333333333336,1.2736461162567139,-1.3318878184985274
BH_s34_medium,30,101,33.36666666666667,0.7641413807868958,-1.2256587962136791
BH_s34_medium,30,102,33.4,0.4071429669857025,-1.001519323132382
BH_s34_medium,30,103,33.43333333333333,0.3026030361652374,-0.6927306530997718
BH_s34_medium,30,104,33.46666666666667,0.3517061769962311,-0.34485955913599264
BH_s34_medium,30,105,33.5,0.5018982887268066,-0.003703452277987198
BH_s34_medium,30,106,33.53333333333333,0.5596899390220642,0.29594489990752193
BH_s34_medium,30,107,33.56666666666667,0.4153037667274475,0.5369254015097343
BH_s34_medium,30,108,33.6,0.1657685786485672,0.719586911581055
BH_s34_medium,30,109,33.63333333333333,-0.14011695981025696,0.8554679902926798
BH_s34_medium,30,110,33.666666666666664,-0.45355424284935,0.9579045175714521
BH_s34_medium,30,111,33.7,-0.6574779152870178,1.0339570684475552
BH_s34_medium,30,112,33.733333333333334,-0.7164470553398132,1.081321329771885
BH_s34_medium,30,113,33.766666666666666,-0.7257446050643921,1.0912194547490792
BH_s34_medium,30,114,33.8,-0.7257446050643921,1.054882104935368
BH_s34_medium,30,115,33.833333333333336,-0.7257446050643921,0.9694698596253337
BH_s34_medium,30,116,33.86666666666667,-0.7643727660179138,0.8404544891563259
BH_s34_medium,30,117,33.9,-0.8285793662071228,0.6800416065253692
BH_s34_medium,30,118,33.93333333333333,-0.9168790578842163,0.5030011606254554
BH_s34_medium,30,119,33.96666666666667,-1.0188409090042114,0.32189486069541645
BH_s34_medium,30,120,34.0,-1.1208027601242065,0.14363549030958028
BH_s34_medium,30,121,34.03333333333333,-1.2227646112442017,-0.03130386877124472
BH_s34_medium,30,122,34.06666666666667,-1.2913358211517334,-0.20683644862035966
BH_s34_medium,30,123,34.1,-0.9608770608901978,-0.3873910695445684
BH_s34_medium,30,124,34.13333333333333,0.033687181770801544,-0.5740292834291533
BH_s34_medium,30,125,34.166666666666664,1.3196460008621216,-0.7623020181130546
BH_s34_medium,30,126,34.2,2.251706123352051,-0.9426694758405147
BH_s34_medium,30,127,34.233333333333334,2.352663516998291,-1.1029169260704044
BH_s34_medium,30,128,34.266666666666666,1.9614458084106445,-1.2308880813047642
BH_s34_medium,30,129,34.3,1.451636552810669,-1.3158572914026758
BH_s34_medium,30,130,34.333333333333336,1.0724666118621826,-1.3481101415138577
BH_s34_medium,30,131,34.36666666666667,0.8940772414207458,-1.3177114691569205
BH_s34_medium,30,132,34.4,0.8167768716812134,-1.2139497427445247
BH_s34_medium,30,133,34.43333333333333,0.7929883003234863,-1.0267435827629543
BH_s34_medium,30,134,34.46666666666667,0.7653594613075256,-0.7507399607744649
BH_s34_medium,30,135,34.5,0.6698567271232605,-0.3913720360582053
BH_s34_medium,30,136,34.53333333333333,0.4447632431983948,0.030078867204748047
BH_s34_medium,30,137,34.56666666666667,0.11858083307743073,0.47618401435157554
BH_s34_medium,30,138,34.6,-0.16700784862041473,0.8994654004227257
BH_s34_medium,30,139,34.63333333333333,-0.4543423652648926,1.2530528107974572
BH_s34_medium,30,140,34.666666666666664,-0.5891705751419067,1.5017974899071818
BH_s34_medium,30,141,34.7,-0.6743272542953491,1.6296389563895413
BH_s34_medium,30,142,34.733333333333334,-0.6902595162391663,1.6407391014159756
BH_s34_medium,30,143,34.766666666666666,-0.7257446050643921,1.5545367921151707
BH_s34_medium,30,144,34.8,-0.7771620154380798,1.3972929080758003
BH_s34_medium,30,145,34.833333333333336,-0.8418928980827332,1.1938295540281203
BH_s34_medium,30,146,34.86666666666667,-0.9438547492027283,0.9625496001235169
BH_s34_medium,30,147,34.9,-1.0458165407180786,0.7149161489814548
BH_s34_medium,30,148,34.93333333333333,-1.1477783918380737,0.4583478002055523
BH_s34_medium,30,149,34.96666666666667,-1.2399184703826904,0.19988225285295388
BH_s34_medium,30,150,35.0,-1.300284743309021,-0.05228185577343826
BH_s34_medium,30,151,35.03333333333333,-1.4022465944290161,-0.2907200369438095
BH_s34_medium,30,152,35.06666666666667,-1.2995346784591675,-0.5127992460773289
BH_s34_medium,30,153,35.1,-0.45044320821762085,-0.7232928734487662
BH_s34_medium,30,154,35.13333333333333,0.7903436422348022,-0.9323715467873888
BH_s34_medium,30,155,35.166666666666664,2.0828843116760254,-1.14840039662639
BH_s34_medium,30,156,35.2,2.5098390579223633,-1.3685256059512996
BH_s34_medium,30,157,35.233333333333334,2.2422711849212646,-1.5721440206146955
BH_s34_medium,30,158,35.266666666666666,1.6830099821090698,-1.7214738178284739
BH_s34_medium,30,159,35.3,1.275162696838379,-1.770218834786832
BH_s34_medium,30,160,35.333333333333336,0.970809280872345,-1.677641060902389
BH_s34_medium,30,161,35.36666666666667,0.8688474297523499,-1.423051986856518
BH_s34_medium,30,162,35.4,0.8167768716812134,-1.015674074887177
BH_s34_medium,30,163,35.43333333333333,0.7653594613075256,-0.49638640149785895
BH_s34_medium,30,164,35.46666666666667,0.717214047908783,0.0698756499506071
BH_s34_medium,30,165,35.5,0.516562283039093,0.6094282199704141
BH_s34_medium,30,166,35.53333333333333,0.21482156217098236,1.0580872572423232
BH_s34_medium,30,167,35.56666666666667,-0.0910639762878418,1.3758717849129494
BH_s34_medium,30,168,35.6,-0.39694952964782715,1.5528476191814267
BH_s34_medium,30,169,35.63333333333333,-0.6076368093490601,1.6045681578104178
BH_s34_medium,30,170,35.666666666666664,-0.7172351479530334,1.5601650295051237
BH_s34_medium,30,171,35.7,-0.7771620154380798,1.4490769459286716
BH_s34_medium,30,172,35.733333333333334,-0.818324089050293,1.2920865375170838
BH_s34_medium,30,173,35.766666666666666,-0.8285793662071228,1.0993752706899638
BH_s34_medium,30,174,35.8,-0.8799967765808105,0.8746272405550306
BH_s34_medium,30,175,35.833333333333336,-0.9699574708938599,0.6217513346561875
BH_s34_medium,30,176,35.86666666666667,-1.071919322013855,0.3504781663097524
BH_s34_medium,30,177,35.9,-1.17388117313385,0.07822795850961035
BH_s34_medium,30,178,35.93333333333333,-1.2758430242538452,-0.1728066785121601
BH_s34_medium,30,179,35.96666666666667,-1.3778048753738403,-0.3825629703535316
BH_s34_medium,30,180,36.0,-1.4797667264938354,-0.5411250890668218
BH_s34_medium,30,181,36.03333333333333,-1.4970053434371948,-0.6537711039622702
BH_s34_medium,30,182,36.06666666666667,-0.9480220675468445,-0.7397069137615944
BH_s34_medium,30,183,36.1,0.19870935380458832,-0.8239185471745483
BH_s34_medium,30,184,36.13333333333333,1.575630784034729,-0.9252008810511849
BH_s34_medium,30,185,36.166666666666664,2.3973233699798584,-1.0456791888464074
BH_s34_medium,30,186,36.2,2.3463680744171143,-1.1664991873755297
BH_s34_medium,30,187,36.233333333333334,1.830966591835022,-1.2515018812473477
BH_s34_medium,30,188,36.266666666666666,1.24639093875885,-1.25744895288456
BH_s34_medium,30,189,36.3,0.840644121170044,-1.1472754235966798
BH_s34_medium,30,190,36.333333333333336,0.6370751261711121,-0.9024827578169125
BH_s34_medium,30,191,36.36666666666667,0.611107349395752,-0.5314056579679766
BH_s34_medium,30,192,36.4,0.6348111033439636,-0.07087141226712566
BH_s34_medium,30,193,36.43333333333333,0.6396938562393188,0.4200238753797089
BH_s34_medium,30,194,36.46666666666667,0.515774130821228,0.8731717358725158
BH_s34_medium,30,195,36.5,0.23934805393218994,1.2281084305758025
BH_s34_medium,30,196,36.53333333333333,-0.08674956858158112,1.4462668857047185
BH_s34_medium,30,197,36.56666666666667,-0.4752577841281891,1.5174785433219717
BH_s34_medium,30,198,36.6,-0.7112597227096558,1.4570901432942391
BH_s34_medium,30,199,36.63333333333333,-0.8799967765808105,1.296493669508134
BH_s34_medium,30,200,36.666666666666664,-0.9314141273498535,1.0720232255691031
BH_s34_medium,30,201,36.7,-0.9314141273498535,0.8164075936085591
BH_s34_medium,30,202,36.733333333333334,-0.9314141273498535,0.5544744801218557
BH_s34_medium,30,203,36.766666666666666,-0.9828315377235413,0.3024389043634844
BH_s34_medium,30,204,36.8,-1.0474776029586792,0.06915290086472581
BH_s34_medium,30,205,36.833333333333336,-1.1494394540786743,-0.1420913831897061
BH_s34_medium,30,206,36.86666666666667,-1.2514013051986694,-0.332033957512266
BH_s34_medium,30,207,36.9,-1.3533631563186646,-0.5043301088285427
BH_s34_medium,30,208,36.93333333333333,-1.4553250074386597,-0.6642904512679475
BH_s34_medium,30,209,36.96666666666667,-1.5572868585586548,-0.8167335079882762
BH_s34_medium,30,210,37.0,-1.6352750062942505,-0.9628087485235358
BH_s34_medium,30,211,37.03333333333333,-1.1101996898651123,-1.0966112357029625
BH_s34_medium,30,212,37.06666666666667,0.08777955174446106,-1.2030668749509776
BH_s34_medium,30,213,37.1,1.595717430114746,-1.2585979198273478
BH_s34_medium,30,214,37.13333333333333,2.466632604598999,-1.2354259191451462
BH_s34_medium,30,215,37.166666666666664,2.341165065765381,-1.1090956517264374
BH_s34_medium,30,216,37.2,1.7230137586593628,-0.8672892410609853
BH_s34_medium,30,217,37.233333333333334,1.0625790357589722,-0.517042217868022
BH_s34_medium,30,218,37.266666666666666,0.5566663146018982,-0.08766327808932133
BH_s34_medium,30,219,37.3,0.3540204167366028,0.37220220112254293
BH_s34_medium,30,220,37.333333333333336,0.40469983220100403,0.8032824343342639
BH_s34_medium,30,221,37.36666666666667,0.6078855991363525,1.1480604789722
BH_s34_medium,30,222,37.4,0.7114583253860474,1.362895115167758
BH_s34_medium,30,223,37.43333333333333,0.6178207397460938,1.4258909066522567
BH_s34_medium,30,224,37.46666666666667,0.2681041657924652,1.3388704188928158
BH_s34_medium,30,225,37.5,-0.09342838078737259,1.1245817644685139
BH_s34_medium,30,226,37.53333333333333,-0.496173232793808,0.8213009076304053
BH_s34_medium,30,227,37.56666666666667,-0.7634652256965637,0.47628353389691414
BH_s34_medium,30,228,37.6,-0.8722754716873169,0.13843537128360964
BH_s34_medium,30,229,37.63333333333333,-0.8799967765808105,-0.14962352414736743
BH_s34_medium,30,230,37.666666666666664,-0.8380464911460876,-0.3589372457929303
BH_s34_medium,30,231,37.7,-0.8285793662071228,-0.47887522881703465
BH_s34_medium,30,232,37.733333333333334,-0.8687837719917297,-0.5172175392654985
BH_s34_medium,30,233,37.766666666666666,-0.9193282723426819,-0.4954437180640256
BH_s34_medium,30,234,37.8,-1.0212900638580322,-0.44100819473934927
BH_s34_medium,30,235,37.833333333333336,-1.1232519149780273,-0.3794208148880138
BH_s34_medium,30,236,37.86666666666667,-1.2766311168670654,-0.32838380755419583
BH_s34_medium,30,237,37.9,-1.3427531719207764,-0.29492995297358643
BH_s34_medium,30,238,37.93333333333333,-0.7709642052650452,-0.27557183524289786
BH_s34_medium,30,239,37.96666666666667,0.4373205006122589,-0.25897394752367764
BH_s34_medium,31,0,31.0,-0.5823568105697632,0.0558396614550833
BH_s34_medium,31,1,31.033333333333335,-0.6329012513160706,0.1765416561712416
BH_s34_medium,31,2,31.066666666666666,-0.7348631024360657,0.24861721934311617
BH_s34_medium,31,3,31.1,-0.8368249535560608,0.24071324900908073
BH_s34_medium,31,4,31.133333333333333,-0.9387868046760559,0.14376700726695824
BH_s34_medium,31,5,31.166666666666668,-0.9893312454223633,-0.026417843573659314
BH_s34_medium,31,6,31.2,-1.0912930965423584,-0.23487190115434525
BH_s34_medium,31,7,31.233333333333334,-1.1275758743286133,-0.4400988278592917
BH_s34_medium,31,8,31.266666666666666,-0.6908157467842102,-0.6088453482198674
BH_s34_medium,31,9,31.3,0.2842743694782257,-0.7266155411317362
BH_s34_medium,31,10,31.333333333333332,1.3994492292404175,-0.7995281987638301
BH_s34_medium,31,11,31.366666666666667,1.9492214918136597,-0.8474058426860641
BH_s34_medium,31,12,31.4,1.8949846029281616,-0.8919221178944928
BH_s34_medium,31,13,31.433333333333334,1.4871371984481812,-0.9451953409119149
BH_s34_medium,31,14,31.466666666666665,1.1293507814407349,-1.0029794219782697
BH_s34_medium,31,15,31.5,0.9240705370903015,-1.0441398013255392
BH_s34_medium,31,16,31.533333333333335,0.8198792338371277,-1.0361562913710904
BH_s34_medium,31,17,31.566666666666666,0.7179173827171326,-0.9451232054569052
BH_s34_medium,31,18,31.6,0.6673728823661804,-0.7476153563538225
BH_s34_medium,31,19,31.633333333333333,0.616828441619873,-0.44089821250367345
BH_s34_medium,31,20,31.666666666666668,0.5148665904998779,-0.04778700902968077
BH_s34_medium,31,21,31.7,0.31753695011138916,0.3863921030017569
BH_s34_medium,31,22,31.733333333333334,0.019118351861834526,0.8046580830094129
BH_s34_medium,31,23,31.766666666666666,-0.18393242359161377,1.1536141517199383
BH_s34_medium,31,24,31.8,-0.39706891775131226,1.3971573303338833
BH_s34_medium,31,25,31.833333333333332,-0.5091164708137512,1.5231477877552455
BH_s34_medium,31,26,31.866666666666667,-0.5714924931526184,1.54123787084708
BH_s34_medium,31,27,31.9,-0.5714924931526184,1.4744543399195311
BH_s34_medium,31,28,31.933333333333334,-0.6229098439216614,1.349236536896586
BH_s34_medium,31,29,31.966666666666665,-0.6598769426345825,1.187959412171842
BH_s34_medium,31,30,32.0,-0.7618387937545776,1.005708584601632
BH_s34_medium,31,31,32.03333333333333,-0.812383234500885,0.810748806185918
BH_s34_medium,31,32,32.06666666666667,-0.9657624959945679,0.6068528938113109
BH_s34_medium,31,33,32.1,-1.067724347114563,0.39563800748335637
BH_s34_medium,31,34,32.13333333333333,-1.169686198234558,0.17787101946698095
BH_s34_medium,31,35,32.166666666666664,-1.2202305793762207,-0.04620196072792409
BH_s34_medium,31,36,32.2,-1.2913358211517334,-0.27662822558064243
BH_s34_medium,31,37,32.233333333333334,-0.9571812152862549,-0.5126497222911772
BH_s34_medium,31,38,32.266666666666666,-0.07471470534801483,-0.7504316560331474
BH_s34_medium,31,39,32.3,1.0759763717651367,-0.9802727290930979
BH_s34_medium,31,40,32.333333333333336,1.8003323078155518,-1.1846296544011246
BH_s34_medium,31,41,32.36666666666667,1.817065715789795,-1.3385366062213362
BH_s34_medium,31,42,32.4,1.408524513244629,-1.4136821914322941
BH_s34_medium,31,43,32.43333333333333,0.9748788475990295,-1.3860552766464451
BH_s34_medium,31,44,32.46666666666667,0.6147781014442444,-1.244880019497143
BH_s34_medium,31,45,32.5,0.4852721691131592,-0.9991364917753864
BH_s34_medium,31,46,32.53333333333333,0.4568551778793335,-0.6786151685054568
BH_s34_medium,31,47,32.56666666666667,0.5295271277427673,-0.32854803077779593
BH_s34_medium,31,48,32.6,0.5596899390220642,0.0009202040913435516
BH_s34_medium,31,49,32.63333333333333,0.48876383900642395,0.2673513233485815
BH_s34_medium,31,50,32.666666666666664,0.29811298847198486,0.4465840873408495
BH_s34_medium,31,51,32.7,0.009990346617996693,0.5375060706755199
BH_s34_medium,31,52,32.733333333333334,-0.2622407078742981,0.5593999059455205
BH_s34_medium,31,53,32.766666666666666,-0.4492744207382202,0.543134527149348
BH_s34_medium,31,54,32.8,-0.5714924931526184,0.5197601752833381
BH_s34_medium,31,55,32.833333333333336,-0.6229098439216614,0.5108805328218307
BH_s34_medium,31,56,32.86666666666667,-0.6229098439216614,0.5242127075969483
BH_s34_medium,31,57,32.9,-0.6229098439216614,0.555175152840879
BH_s34_medium,31,58,32.93333333333333,-0.6743272542953491,0.5922234275109759
BH_s34_medium,31,59,32.96666666666667,-0.7365241646766663,0.6220593568756826
BH_s34_medium,31,60,33.0,-0.7870686054229736,0.6320061235107698
BH_s34_medium,31,61,33.03333333333333,-0.8980641961097717,0.6095873750117109
BH_s34_medium,31,62,33.06666666666667,-1.0424096584320068,0.5415588424827867
BH_s34_medium,31,63,33.1,-1.144371509552002,0.4150768554602265
BH_s34_medium,31,64,33.13333333333333,-1.2206735610961914,0.22222998109884914
BH_s34_medium,31,65,33.166666666666664,-0.7328256964683533,-0.03334828407627602
BH_s34_medium,31,66,33.2,0.1997111737728119,-0.3311896482989704
BH_s34_medium,31,67,33.233333333333334,1.3613202571868896,-0.6337062839894256
BH_s34_medium,31,68,33.266666666666666,1.947959303855896,-0.8925854615627812
BH_s34_medium,31,69,33.3,1.7855056524276733,-1.0605164912779959
BH_s34_medium,31,70,33.333333333333336,1.2736461162567139,-1.1045649663726513
BH_s34_medium,31,71,33.36666666666667,0.7641413807868958,-1.0165683890519301
BH_s34_medium,31,72,33.4,0.4071429669857025,-0.8165202494068613
BH_s34_medium,31,73,33.43333333333333,0.3026030361652374,-0.5471457293581673
BH_s34_medium,31,74,33.46666666666667,0.3517061769962311,-0.26123356118974667
BH_s34_medium,31,75,33.5,0.5018982887268066,-0.0061744061598918015
BH_s34_medium,31,76,33.53333333333333,0.5596899390220642,0.1889021939515625
BH_s34_medium,31,77,33.56666666666667,0.4153037667274475,0.3191369989080383
BH_s34_medium,31,78,33.6,0.1657685786485672,0.40134403818770764
BH_s34_medium,31,79,33.63333333333333,-0.14011695981025696,0.46406099784960636
BH_s34_medium,31,80,33.666666666666664,-0.45355424284935,0.5341002994565631
BH_s34_medium,31,81,33.7,-0.6574779152870178,0.6247601111063331
BH_s34_medium,31,82,33.733333333333334,-0.7164470553398132,0.7302555100013688
BH_s34_medium,31,83,33.766666666666666,-0.7257446050643921,0.8283502457676937
BH_s34_medium,31,84,33.8,-0.7257446050643921,0.8895147329142977
BH_s34_medium,31,85,33.833333333333336,-0.7257446050643921,0.8882451042114772
BH_s34_medium,31,86,33.86666666666667,-0.7643727660179138,0.8119550511553191
BH_s34_medium,31,87,33.9,-0.8285793662071228,0.664573298097867
BH_s34_medium,31,88,33.93333333333333,-0.9168790578842163,0.46426744612420495
BH_s34_medium,31,89,33.96666666666667,-1.0188409090042114,0.23674170242941708
BH_s34_medium,31,90,34.0,-1.1208027601242065,0.0068948920170641415
BH_s34_medium,31,91,34.03333333333333,-1.2227646112442017,-0.2080871870211059
BH_s34_medium,31,92,34.06666666666667,-1.2913358211517334,-0.4019515053816676
BH_s34_medium,31,93,34.1,-0.9608770608901978,-0.5781333683456036
BH_s34_medium,31,94,34.13333333333333,0.033687181770801544,-0.7448153320097848
BH_s34_medium,31,95,34.166666666666664,1.3196460008621216,-0.9083024577988078
BH_s34_medium,31,96,34.2,2.251706123352051,-1.0673592440930313
BH_s34_medium,31,97,34.233333333333334,2.352663516998291,-1.210740428740537
BH_s34_medium,31,98,34.266666666666666,1.9614458084106445,-1.3187072966496018
BH_s34_medium,31,99,34.3,1.451636552810669,-1.3677713775030875
BH_s34_medium,31,100,34.333333333333336,1.0724666118621826,-1.3370589490926585
BH_s34_medium,31,101,34.36666666666667,0.8940772414207458,-1.214309746323479
BH_s34_medium,31,102,34.4,0.8167768716812134,-0.9993668184855213
BH_s34_medium,31,103,34.43333333333333,0.7929883003234863,-0.7038060508003888
BH_s34_medium,31,104,34.46666666666667,0.7653594613075256,-0.3473743301830094
BH_s34_medium,31,105,34.5,0.6698567271232605,0.04629433195454441
BH_s34_medium,31,106,34.53333333333333,0.4447632431983948,0.45223206047100417
BH_s34_medium,31,107,34.56666666666667,0.11858083307743073,0.8443996693392216
BH_s34_medium,31,108,34.6,-0.16700784862041473,1.1954744380581317
BH_s34_medium,31,109,34.63333333333333,-0.4543423652648926,1.4786458931116795
BH_s34_medium,31,110,34.666666666666664,-0.5891705751419067,1.6719505032427502
BH_s34_medium,31,111,34.7,-0.6743272542953491,1.7630655772343184
BH_s34_medium,31,112,34.733333333333334,-0.6902595162391663,1.751687046694151
BH_s34_medium,31,113,34.766666666666666,-0.7257446050643921,1.6480639832900263
BH_s34_medium,31,114,34.8,-0.7771620154380798,1.468711806852392
BH_s34_medium,31,115,34.833333333333336,-0.8418928980827332,1.2318766016357732
BH_s34_medium,31,116,34.86666666666667,-0.9438547492027283,0.9548543946899518
BH_s34_medium,31,117,34.9,-1.0458165407180786,0.6535607102430809
BH_s34_medium,31,118,34.93333333333333,-1.1477783918380737,0.34325624601266896
BH_s34_medium,31,119,34.96666666666667,-1.2399184703826904,0.038761356193866406
BH_s34_medium,31,120,35.0,-1.300284743309021,-0.24704680328111045
BH_s34_medium,31,121,35.03333333333333,-1.4022465944290161,-0.5062352368147846
BH_s34_medium,31,122,35.06666666666667,-1.2995346784591675,-0.7383785116609337
BH_s34_medium,31,123,35.1,-0.45044320821762085,-0.9502171198885779
BH_s34_medium,31,124,35.13333333333333,0.7903436422348022,-1.1514044447818372
BH_s34_medium,31,125,35.166666666666664,2.0828843116760254,-1.3476841376210928
BH_s34_medium,31,126,35.2,2.5098390579223633,-1.5343942864148519
BH_s34_medium,31,127,35.233333333333334,2.2422711849212646,-1.6932494993610054
BH_s34_medium,31,128,35.266666666666666,1.6830099821090698,-1.7941109997597033
BH_s34_medium,31,129,35.3,1.275162696838379,-1.8016543655495858
BH_s34_medium,31,130,35.333333333333336,0.970809280872345,-1.685257287138407
BH_s34_medium,31,131,35.36666666666667,0.8688474297523499,-1.4294146788618487
BH_s34_medium,31,132,35.4,0.8167768716812134,-1.041625773071214
BH_s34_medium,31,133,35.43333333333333,0.7653594613075256,-0.5550030416634029
BH_s34_medium,31,134,35.46666666666667,0.717214047908783,-0.02388944527590313
BH_s34_medium,31,135,35.5,0.516562283039093,0.4873472685899535
BH_s34_medium,31,136,35.53333333333333,0.21482156217098236,0.9196735365541459
BH_s34_medium,31,137,35.56666666666667,-0.0910639762878418,1.233986248784802
BH_s34_medium,31,138,35.6,-0.39694952964782715,1.419325992236432
BH_s34_medium,31,139,35.63333333333333,-0.6076368093490601,1.4911329893492662
BH_s34_medium,31,140,35.666666666666664,-0.7172351479530334,1.4804902059594223
BH_s34_medium,31,141,35.7,-0.7771620154380798,1.4195951627665322
BH_s34_medium,31,142,35.733333333333334,-0.818324089050293,1.330007295529125
BH_s34_medium,31,143,35.766666666666666,-0.8285793662071228,1.218093733856371
BH_s34_medium,31,144,35.8,-0.8799967765808105,1.0780980663282174
BH_s34_medium,31,145,35.833333333333336,-0.9699574708938599,0.8999197085979572
BH_s34_medium,31,146,35.86666666666667,-1.071919322013855,0.6776989649670596
BH_s34_medium,31,147,35.9,-1.17388117313385,0.4160389109581397
BH_s34_medium,31,148,35.93333333333333,-1.2758430242538452,0.13183842742561955
BH_s34_medium,31,149,35.96666666666667,-1.3778048753738403,-0.14899446204850805
BH_s34_medium,31,150,36.0,-1.4797667264938354,-0.39902889872712427
BH_s34_medium,31,151,36.03333333333333,-1.4970053434371948,-0.5982807682133268
BH_s34_medium,31,152,36.06666666666667,-0.9480220675468445,-0.7407605382163077
BH_s34_medium,31,153,36.1,0.19870935380458832,-0.8352592230549922
BH_s34_medium,31,154,36.13333333333333,1.575630784034729,-0.899647187342222
BH_s34_medium,31,155,36.166666666666664,2.3973233699798584,-0.951081578804502
BH_s34_medium,31,156,36.2,2.3463680744171143,-0.9962943945660251
BH_s34_medium,31,157,36.233333333333334,1.830966591835022,-1.0260465676955455
BH_s34_medium,31,158,36.266666666666666,1.24639093875885,-1.0162949916007842
BH_s34_medium,31,159,36.3,0.840644121170044,-0.9362840628380046
BH_s34_medium,31,160,36.333333333333336,0.6370751261711121,-0.761284767531842
BH_s34_medium,31,161,36.36666666666667,0.611107349395752,-0.48553938578992323
BH_s34_medium,31,162,36.4,0.6348111033439636,-0.12987609659155894
BH_s34_medium,31,163,36.43333333333333,0.6396938562393188,0.2602975431570564
BH_s34_medium,31,164,36.46666666666667,0.515774130821228,0.6269572880542805
BH_s34_medium,31,165,36.5,0.23934805393218994,0.9167780191357388
BH_s34_medium,31,166,36.53333333333333,-0.08674956858158112,1.096100110298067
BH_s34_medium,31,167,36.56666666666667,-0.4752577841281891,1.157007827557323
BH_s34_medium,31,168,36.6,-0.7112597227096558,1.1132816166999826
BH_s34_medium,31,169,36.63333333333333,-0.8799967765808105,0.9904633403518324
BH_s34_medium,31,170,36.666666666666664,-0.9314141273498535,0.8159855463736524
BH_s34_medium,31,171,36.7,-0.9314141273498535,0.613153352021088
BH_s34_medium,31,172,36.733333333333334,-0.9314141273498535,0.3991811782084468
BH_s34_medium,31,173,36.766666666666666,-0.9828315377235413,0.1852838798337687
BH_s34_medium,31,174,36.8,-1.0474776029586792,-0.02275023041272183
BH_s34_medium,31,175,36.833333333333336,-1.1494394540786743,-0.2235621105532264
BH_s34_medium,31,176,36.86666666666667,-1.2514013051986694,-0.418322409533664
BH_s34_medium,31,177,36.9,-1.3533631563186646,-0.6080562707147307
BH_s34_medium,31,178,36.93333333333333,-1.4553250074386597,-0.7910842510077778
BH_s34_medium,31,179,36.96666666666667,-1.5572868585586548,-0.9615236727844358
BH_s34_medium,31,180,37.0,-1.6352750062942505,-1.1090061602446
BH_s34_medium,31,181,37.03333333333333,-1.1101996898651123,-1.2190731460392532
BH_s34_medium,31,182,37.06666666666667,0.08777955174446106,-1.2739386899444296
BH_s34_medium,31,183,37.1,1.595717430114746,-1.2540521740243311
BH_s34_medium,31,184,37.13333333333333,2.466632604598999,-1.141250293622156
BH_s34_medium,31,185,37.166666666666664,2.341165065765381,-0.9238049098263063
BH_s34_medium,31,186,37.2,1.7230137586593628,-0.6024692448090586
BH_s34_medium,31,187,37.233333333333334,1.0625790357589722,-0.19529890500317132
BH_s34_medium,31,188,37.266666666666666,0.5566663146018982,0.26154574060216595
BH_s34_medium,31,189,37.3,0.3540204167366028,0.7188092609414072
BH_s34_medium,31,190,37.333333333333336,0.40469983220100403,1.124228715201669
BH_s34_medium,31,191,37.36666666666667,0.6078855991363525,1.4343213034791245
BH_s34_medium,31,192,37.4,0.7114583253860474,1.6234140018190664
BH_s34_medium,31,193,37.43333333333333,0.6178207397460938,1.6866496526123764
BH_s34_medium,31,194,37.46666666666667,0.2681041657924652,1.6365970664481315
BH_s34_medium,31,195,37.5,-0.09342838078737259,1.4959420453522903
BH_s34_medium,31,196,37.53333333333333,-0.496173232793808,1.2899166091673422
BH_s34_medium,31,197,37.56666666666667,-0.7634652256965637,1.041358380249784
BH_s34_medium,31,198,37.6,-0.8722754716873169,0.7693176228534178
BH_s34_medium,31,199,37.63333333333333,-0.8799967765808105,0.49004099924756694
BH_s34_medium,31,200,37.666666666666664,-0.8380464911460876,0.2180295573215949
BH_s34_medium,31,201,37.7,-0.8285793662071228,-0.03461238908439677
BH_s34_medium,31,202,37.733333333333334,-0.8687837719917297,-0.2604726192441935
BH_s34_medium,31,203,37.766666666666666,-0.9193282723426819,-0.4591450134287074
BH_s34_medium,31,204,37.8,-1.0212900638580322,-0.6378630590479781
BH_s34_medium,31,205,37.833333333333336,-1.1232519149780273,-0.8094291185482632
BH_s34_medium,31,206,37.86666666666667,-1.2766311168670654,-0.9869488712327998
BH_s34_medium,31,207,37.9,-1.3427531719207764,-1.1760085126786308
BH_s34_medium,31,208,37.93333333333333,-0.7709642052650452,-1.367064971538169
BH_s34_medium,31,209,37.96666666666667,0.4373205006122589,-1.5321934183972372
BH_s34_medium,31,210,38.0,1.7810208797454834,-1.6292170088435831
BH_s34_medium,31,211,38.03333333333333,2.5077600479125977,-1.6132026485478663
BH_s34_medium,31,212,38.06666666666667,2.3362321853637695,-1.4520443706961992
BH_s34_medium,31,213,38.1,1.7337430715560913,-1.1406380945522023
BH_s34_medium,31,214,38.13333333333333,1.0497395992279053,-0.7078007907177825
BH_s34_medium,31,215,38.166666666666664,0.5985161662101746,-0.21208614479138635
BH_s34_medium,31,216,38.2,0.42887163162231445,0.2732791700842138
BH_s34_medium,31,217,38.233333333333334,0.48396581411361694,0.6812932058130959
BH_s34_medium,31,218,38.266666666666666,0.5859276652336121,0.969530227523354
BH_s34_medium,31,219,38.3,0.6625247001647949,1.1283220757226207
BH_s34_medium,31,220,38.333333333333336,0.5107061862945557,1.1763956255231613
BH_s34_medium,31,221,38.36666666666667,0.20812717080116272,1.1476715446063002
BH_s34_medium,31,222,38.4,-0.1483028382062912,1.0758934976008805
BH_s34_medium,31,223,38.43333333333333,-0.534277081489563,0.9832218529886045
BH_s34_medium,31,224,38.46666666666667,-0.7981622219085693,0.8763879254851974
BH_s34_medium,31,225,38.5,-0.9001240730285645,0.7505552168370532
BH_s34_medium,31,226,38.53333333333333,-0.9314141273498535,0.5977511877109398
BH_s34_medium,31,227,38.56666666666667,-0.8799967765808105,0.4151923200265179
BH_s34_medium,31,228,38.6,-0.9314141273498535,0.20982652955555084
BH_s34_medium,31,229,38.63333333333333,-0.948049783706665,-0.0020703201001020227
BH_s34_medium,31,230,38.666666666666664,-1.034248948097229,-0.1990899301464468
BH_s34_medium,31,231,38.7,-1.1005560159683228,-0.36044692148867447
BH_s34_medium,31,232,38.733333333333334,-1.2165347337722778,-0.4712878894525646
BH_s34_medium,31,233,38.766666666666666,-1.3558971881866455,-0.5262380249800787
BH_s34_medium,31,234,38.8,-1.433316946029663,-0.5302929036856003
BH_s34_medium,31,235,38.833333333333336,-0.9716851711273193,-0.49660069814722807
BH_s34_medium,31,236,38.86666666666667,0.20339404046535492,-0.44161331621072714
BH_s34_medium,31,237,38.9,1.713517189025879,-0.37927525234286713
BH_s34_medium,31,238,38.93333333333333,2.685361385345459,-0.3166489974163326
BH_s34_medium,31,239,38.96666666666667,2.679687738418579,-0.25292100170784265
BH_s34_medium,32,0,32.0,-0.7618387937545776,-0.03616408755393734
BH_s34_medium,32,1,32.03333333333333,-0.812383234500885,0.15114184156524443
BH_s34_medium,32,2,32.06666666666667,-0.9657624959945679,0.31025099220202546
BH_s34_medium,32,3,32.1,-1.067724347114563,0.4158155780493452
BH_s34_medium,32,4,32.13333333333333,-1.169686198234558,0.4491277484723703
BH_s34_medium,32,5,32.166666666666664,-1.2202305793762207,0.40161881633273255
BH_s34_medium,32,6,32.2,-1.2913358211517334,0.2768372797075522
BH_s34_medium,32,7,32.233333333333334,-0.9571812152862549,0.0897351321712488
BH_s34_medium,32,8,32.266666666666666,-0.07471470534801483,-0.13636573799137644
BH_s34_medium,32,9,32.3,1.0759763717651367,-0.3735175941196524
BH_s34_medium,32,10,32.333333333333336,1.8003323078155518,-0.5923744461797705
BH_s34_medium,32,11,32.36666666666667,1.817065715789795,-0.7649783377898258
BH_s34_medium,32,12,32.4,1.408524513244629,-0.8679283170327425
BH_s34_medium,32,13,32.43333333333333,0.9748788475990295,-0.8862595097592904
BH_s34_medium,32,14,32.46666666666667,0.6147781014442444,-0.8170222741747605
BH_s34_medium,32,15,32.5,0.4852721691131592,-0.6707399533704398
BH_s34_medium,32,16,32.53333333333333,0.4568551778793335,-0.46958827254074575
BH_s34_medium,32,17,32.56666666666667,0.5295271277427673,-0.2425952970120314
BH_s34_medium,32,18,32.6,0.5596899390220642,-0.01924442662572663
BH_s34_medium,32,19,32.63333333333333,0.48876383900642395,0.17674557194358004
BH_s34_medium,32,20,32.666666666666664,0.29811298847198486,0.3318078571730301
BH_s34_medium,32,21,32.7,0.009990346617996693,0.44390015908979463
BH_s34_medium,32,22,32.733333333333334,-0.2622407078742981,0.5204537258605068
BH_s34_medium,32,23,32.766666666666666,-0.4492744207382202,0.57357745988888
BH_s34_medium,32,24,32.8,-0.5714924931526184,0.6143734149939748
BH_s34_medium,32,25,32.833333333333336,-0.6229098439216614,0.6487992579241633
BH_s34_medium,32,26,32.86666666666667,-0.6229098439216614,0.6768622624828681
BH_s34_medium,32,27,32.9,-0.6229098439216614,0.6950276518231822
BH_s34_medium,32,28,32.93333333333333,-0.6743272542953491,0.6995331912073728
BH_s34_medium,32,29,32.96666666666667,-0.7365241646766663,0.6877519641691987
BH_s34_medium,32,30,33.0,-0.7870686054229736,0.6566995023951417
BH_s34_medium,32,31,33.03333333333333,-0.8980641961097717,0.6003874266207209
BH_s34_medium,32,32,33.06666666666667,-1.0424096584320068,0.5086925694772418
BH_s34_medium,32,33,33.1,-1.144371509552002,0.3694471786642086
BH_s34_medium,32,34,33.13333333333333,-1.2206735610961914,0.17355452707444782
BH_s34_medium,32,35,33.166666666666664,-0.7328256964683533,-0.07881585839908758
BH_s34_medium,32,36,33.2,0.1997111737728119,-0.3736975333391491
BH_s34_medium,32,37,33.233333333333334,1.3613202571868896,-0.6827894788411283
BH_s34_medium,32,38,33.266666666666666,1.947959303855896,-0.9678311356883939
BH_s34_medium,32,39,33.3,1.7855056524276733,-1.188940000446911
BH_s34_medium,32,40,33.333333333333336,1.2736461162567139,-1.314324066990512
BH_s34_medium,32,41,33.36666666666667,0.7641413807868958,-1.3280468123296514
BH_s34_medium,32,42,33.4,0.4071429669857025,-1.2331102143752675
BH_s34_medium,32,43,33.43333333333333,0.3026030361652374,-1.048997432765748
BH_s34_medium,32,44,33.46666666666667,0.3517061769962311,-0.8051935480061316
BH_s34_medium,32,45,33.5,0.5018982887268066,-0.53349156532696
BH_s34_medium,32,46,33.53333333333333,0.5596899390220642,-0.26130639642652836
BH_s34_medium,32,47,33.56666666666667,0.4153037667274475,-0.007076975282705463
BH_s34_medium,32,48,33.6,0.1657685786485672,0.22150195414636958
BH_s34_medium,32,49,33.63333333333333,-0.14011695981025696,0.42581248072151984
BH_s34_medium,32,50,33.666666666666664,-0.45355424284935,0.6115481921447194
BH_s34_medium,32,51,33.7,-0.6574779152870178,0.7826065481290922
BH_s34_medium,32,52,33.733333333333334,-0.7164470553398132,0.9362789613169268
BH_s34_medium,32,53,33.766666666666666,-0.7257446050643921,1.0620251673158863
BH_s34_medium,32,54,33.8,-0.7257446050643921,1.1444966028460106
BH_s34_medium,32,55,33.833333333333336,-0.7257446050643921,1.169377802229155
BH_s34_medium,32,56,33.86666666666667,-0.7643727660179138,1.1291850055556034
BH_s34_medium,32,57,33.9,-0.8285793662071228,1.0262710943811588
BH_s34_medium,32,58,33.93333333333333,-0.9168790578842163,0.871922185328284
BH_s34_medium,32,59,33.96666666666667,-1.0188409090042114,0.682369974879409
BH_s34_medium,32,60,34.0,-1.1208027601242065,0.4735729903168289
BH_s34_medium,32,61,34.03333333333333,-1.2227646112442017,0.2567176951609055
BH_s34_medium,32,62,34.06666666666667,-1.2913358211517334,0.036024687311761436
BH_s34_medium,32,63,34.1,-0.9608770608901978,-0.19028299253075048
BH_s34_medium,32,64,34.13333333333333,0.033687181770801544,-0.42608871268670984
BH_s34_medium,32,65,34.166666666666664,1.3196460008621216,-0.6720223239632183
BH_s34_medium,32,66,34.2,2.251706123352051,-0.9209151474786533
BH_s34_medium,32,67,34.233333333333334,2.352663516998291,-1.156165128245179
BH_s34_medium,32,68,34.266666666666666,1.9614458084106445,-1.3537777402657205
BH_s34_medium,32,69,34.3,1.451636552810669,-1.487248534383624
BH_s34_medium,32,70,34.333333333333336,1.0724666118621826,-1.5335333981054666
BH_s34_medium,32,71,34.36666666666667,0.8940772414207458,-1.478215320250419
BH_s34_medium,32,72,34.4,0.8167768716812134,-1.3183734761450836
BH_s34_medium,32,73,34.43333333333333,0.7929883003234863,-1.0625855883648434
BH_s34_medium,32,74,34.46666666666667,0.7653594613075256,-0.7287455220957286
BH_s34_medium,32,75,34.5,0.6698567271232605,-0.34116015845168013
BH_s34_medium,32,76,34.53333333333333,0.4447632431983948,0.07190016662859361
BH_s34_medium,32,77,34.56666666666667,0.11858083307743073,0.48006235279060633
BH_s34_medium,32,78,34.6,-0.16700784862041473,0.8529020733752549
BH_s34_medium,32,79,34.63333333333333,-0.4543423652648926,1.1629171021467246
BH_s34_medium,32,80,34.666666666666664,-0.5891705751419067,1.3890792375919832
BH_s34_medium,32,81,34.7,-0.6743272542953491,1.5196730123429996
BH_s34_medium,32,82,34.733333333333334,-0.6902595162391663,1.5533047290205502
BH_s34_medium,32,83,34.766666666666666,-0.7257446050643921,1.4978112465584656
BH_s34_medium,32,84,34.8,-0.7771620154380798,1.3674725523742641
BH_s34_medium,32,85,34.833333333333336,-0.8418928980827332,1.1794000945207572
BH_s34_medium,32,86,34.86666666666667,-0.9438547492027283,0.9503555035056331
BH_s34_medium,32,87,34.9,-1.0458165407180786,0.6951204864993191
BH_s34_medium,32,88,34.93333333333333,-1.1477783918380737,0.42660149726784563
BH_s34_medium,32,89,34.96666666666667,-1.2399184703826904,0.15664999116060804
BH_s34_medium,32,90,35.0,-1.300284743309021,-0.10397718811975308
BH_s34_medium,32,91,35.03333333333333,-1.4022465944290161,-0.34733560906273586
BH_s34_medium,32,92,35.06666666666667,-1.2995346784591675,-0.5707001684428537
BH_s34_medium,32,93,35.1,-0.45044320821762085,-0.777341309020331
BH_s34_medium,32,94,35.13333333333333,0.7903436422348022,-0.9738298502382225
BH_s34_medium,32,95,35.166666666666664,2.0828843116760254,-1.1640500901201405
BH_s34_medium,32,96,35.2,2.5098390579223633,-1.3423565073730457
BH_s34_medium,32,97,35.233333333333334,2.2422711849212646,-1.4894053900364426
BH_s34_medium,32,98,35.266666666666666,1.6830099821090698,-1.5734227612570755
BH_s34_medium,32,99,35.3,1.275162696838379,-1.557560488960852
BH_s34_medium,32,100,35.333333333333336,0.970809280872345,-1.4115917419939117
BH_s34_medium,32,101,35.36666666666667,0.8688474297523499,-1.1242378895952803
BH_s34_medium,32,102,35.4,0.8167768716812134,-0.7115000924794332
BH_s34_medium,32,103,35.43333333333333,0.7653594613075256,-0.2171515361141544
BH_s34_medium,32,104,35.46666666666667,0.717214047908783,0.295827525804378
BH_s34_medium,32,105,35.5,0.516562283039093,0.7605021703458875
BH_s34_medium,32,106,35.53333333333333,0.21482156217098236,1.122574885010343
BH_s34_medium,32,107,35.56666666666667,-0.0910639762878418,1.352264425879744
BH_s34_medium,32,108,35.6,-0.39694952964782715,1.4475943778325167
BH_s34_medium,32,109,35.63333333333333,-0.6076368093490601,1.4289749697010896
BH_s34_medium,32,110,35.666666666666664,-0.7172351479530334,1.3282924357827357
BH_s34_medium,32,111,35.7,-0.7771620154380798,1.1772715073209394
BH_s34_medium,32,112,35.733333333333334,-0.818324089050293,0.9992941898924413
BH_s34_medium,32,113,35.766666666666666,-0.8285793662071228,0.8067833173272609
BH_s34_medium,32,114,35.8,-0.8799967765808105,0.6037761229445417
BH_s34_medium,32,115,35.833333333333336,-0.9699574708938599,0.3913334395252526
BH_s34_medium,32,116,35.86666666666667,-1.071919322013855,0.17260223256224977
BH_s34_medium,32,117,35.9,-1.17388117313385,-0.044947980267217885
BH_s34_medium,32,118,35.93333333333333,-1.2758430242538452,-0.2506891071530562
BH_s34_medium,32,119,35.96666666666667,-1.3778048753738403,-0.43413686942201435
BH_s34_medium,32,120,36.0,-1.4797667264938354,-0.5884428605800933
BH_s34_medium,32,121,36.03333333333333,-1.4970053434371948,-0.7124438693480633
BH_s34_medium,32,122,36.06666666666667,-0.9480220675468445,-0.8103363737823114
BH_s34_medium,32,123,36.1,0.19870935380458832,-0.8889296638617654
BH_s34_medium,32,124,36.13333333333333,1.575630784034729,-0.9533873030688826
BH_s34_medium,32,125,36.166666666666664,2.3973233699798584,-1.0029594721280268
BH_s34_medium,32,126,36.2,2.3463680744171143,-1.02818143841621
BH_s34_medium,32,127,36.233333333333334,1.830966591835022,-1.0107317406818672
BH_s34_medium,32,128,36.266666666666666,1.24639093875885,-0.9268660055630732
BH_s34_medium,32,129,36.3,0.840644121170044,-0.7545797028949665
BH_s34_medium,32,130,36.333333333333336,0.6370751261711121,-0.4830611450154988
BH_s34_medium,32,131,36.36666666666667,0.611107349395752,-0.12124317381454772
BH_s34_medium,32,132,36.4,0.6348111033439636,0.29847770748851066
BH_s34_medium,32,133,36.43333333333333,0.6396938562393188,0.7240999707589115
BH_s34_medium,32,134,36.46666666666667,0.515774130821228,1.095187440154455
BH_s34_medium,32,135,36.5,0.23934805393218994,1.3577940293793147
BH_s34_medium,32,136,36.53333333333333,-0.08674956858158112,1.4778533325925551
BH_s34_medium,32,137,36.56666666666667,-0.4752577841281891,1.44842433678321
BH_s34_medium,32,138,36.6,-0.7112597227096558,1.2888789480633052
BH_s34_medium,32,139,36.63333333333333,-0.8799967765808105,1.0372947931584477
BH_s34_medium,32,140,36.666666666666664,-0.9314141273498535,0.7393761740932931
BH_s34_medium,32,141,36.7,-0.9314141273498535,0.43753165851382403
BH_s34_medium,32,142,36.733333333333334,-0.9314141273498535,0.162680962146716
BH_s34_medium,32,143,36.766666666666666,-0.9828315377235413,-0.06991984592897953
BH_s34_medium,32,144,36.8,-1.0474776029586792,-0.26033537660985395
BH_s34_medium,32,145,36.833333333333336,-1.1494394540786743,-0.4194736021631516
BH_s34_medium,32,146,36.86666666666667,-1.2514013051986694,-0.5622848616302207
BH_s34_medium,32,147,36.9,-1.3533631563186646,-0.7013482288874336
BH_s34_medium,32,148,36.93333333333333,-1.4553250074386597,-0.8428826956890659
BH_s34_medium,32,149,36.96666666666667,-1.5572868585586548,-0.9855471115928389
BH_s34_medium,32,150,37.0,-1.6352750062942505,-1.1209844873859347
BH_s34_medium,32,151,37.03333333333333,-1.1101996898651123,-1.2346966615250825
BH_s34_medium,32,152,37.06666666666667,0.08777955174446106,-1.306589294944259
BH_s34_medium,32,153,37.1,1.595717430114746,-1.3118582177588765
BH_s34_medium,32,154,37.13333333333333,2.466632604598999,-1.223854070787399
BH_s34_medium,32,155,37.166666666666664,2.341165065765381,-1.02020779121337
BH_s34_medium,32,156,37.2,1.7230137586593628,-0.6916069143626793
BH_s34_medium,32,157,37.233333333333334,1.0625790357589722,-0.25020283758502554
BH_s34_medium,32,158,37.266666666666666,0.5566663146018982,0.26666489882902517
BH_s34_medium,32,159,37.3,0.3540204167366028,0.8005771755263746
BH_s34_medium,32,160,37.333333333333336,0.40469983220100403,1.2836169620766407
BH_s34_medium,32,161,37.36666666666667,0.6078855991363525,1.6534437695372362
BH_s34_medium,32,162,37.4,0.7114583253860474,1.8665178812558658
BH_s34_medium,32,163,37.43333333333333,0.6178207397460938,1.9054793671437826
BH_s34_medium,32,164,37.46666666666667,0.2681041657924652,1.7796028930951597
BH_s34_medium,32,165,37.5,-0.09342838078737259,1.5198551950663388
BH_s34_medium,32,166,37.53333333333333,-0.496173232793808,1.1710491267389675
BH_s34_medium,32,167,37.56666666666667,-0.7634652256965637,0.7831559660436008
BH_s34_medium,32,168,37.6,-0.8722754716873169,0.40302178611919054
BH_s34_medium,32,169,37.63333333333333,-0.8799967765808105,0.06727824154484809
BH_s34_medium,32,170,37.666666666666664,-0.8380464911460876,-0.2026991128981417
BH_s34_medium,32,171,37.7,-0.8285793662071228,-0.4028124537332253
BH_s34_medium,32,172,37.733333333333334,-0.8687837719917297,-0.5446492126949941
BH_s34_medium,32,173,37.766666666666666,-0.9193282723426819,-0.6506290631893341
BH_s34_medium,32,174,37.8,-1.0212900638580322,-0.7472681744114448
BH_s34_medium,32,175,37.833333333333336,-1.1232519149780273,-0.8581392857373269
BH_s34_medium,32,176,37.86666666666667,-1.2766311168670654,-0.9973120887945894
BH_s34_medium,32,177,37.9,-1.3427531719207764,-1.1636694088657915
BH_s34_medium,32,178,37.93333333333333,-0.7709642052650452,-1.3374376998052526
BH_s34_medium,32,179,37.96666666666667,0.4373205006122589,-1.48117009350645
BH_s34_medium,32,180,38.0,1.7810208797454834,-1.5466468073363608
BH_s34_medium,32,181,38.03333333333333,2.5077600479125977,-1.4870209950549713
BH_s34_medium,32,182,38.06666666666667,2.3362321853637695,-1.2713003950519646
BH_s34_medium,32,183,38.1,1.7337430715560913,-0.8967846154365338
BH_s34_medium,32,184,38.13333333333333,1.0497395992279053,-0.39489726466942926
BH_s34_medium,32,185,38.166666666666664,0.5985161662101746,0.172724769997195
BH_s34_medium,32,186,38.2,0.42887163162231445,0.7280450221882373
BH_s34_medium,32,187,38.233333333333334,0.48396581411361694,1.196534112577361
BH_s34_medium,32,188,38.266666666666666,0.5859276652336121,1.5259638095322454
BH_s34_medium,32,189,38.3,0.6625247001647949,1.6966957301049461
BH_s34_medium,32,190,38.333333333333336,0.5107061862945557,1.7201604701675544
BH_s34_medium,32,191,38.36666666666667,0.20812717080116272,1.6279190359146771
BH_s34_medium,32,192,38.4,-0.1483028382062912,1.4573696971844738
BH_s34_medium,32,193,38.43333333333333,-0.534277081489563,1.2403130243070168
BH_s34_medium,32,194,38.46666666666667,-0.7981622219085693,0.9978334515124399
BH_s34_medium,32,195,38.5,-0.9001240730285645,0.7412778248248675
BH_s34_medium,32,196,38.53333333333333,-0.9314141273498535,0.4765571089421533
BH_s34_medium,32,197,38.56666666666667,-0.8799967765808105,0.20846133937487507
BH_s34_medium,32,198,38.6,-0.9314141273498535,-0.05711891461540203
BH_s34_medium,32,199,38.63333333333333,-0.948049783706665,-0.3132994957261386
BH_s34_medium,32,200,38.666666666666664,-1.034248948097229,-0.5534989146747766
BH_s34_medium,32,201,38.7,-1.1005560159683228,-0.7725025026253557
BH_s34_medium,32,202,38.733333333333334,-1.2165347337722778,-0.9665195907307347
BH_s34_medium,32,203,38.766666666666666,-1.3558971881866455,-1.1322145336364167
BH_s34_medium,32,204,38.8,-1.433316946029663,-1.2649734959281482
BH_s34_medium,32,205,38.833333333333336,-0.9716851711273193,-1.356881274969454
BH_s34_medium,32,206,38.86666666666667,0.20339404046535492,-1.3954384267359865
BH_s34_medium,32,207,38.9,1.713517189025879,-1.3643896692791921
BH_s34_medium,32,208,38.93333333333333,2.685361385345459,-1.2474759911188114
BH_s34_medium,32,209,38.96666666666667,2.679687738418579,-1.034595320571658
BH_s34_medium,32,210,39.0,2.1558115482330322,-0.7284177153275092
BH_s34_medium,32,211,39.03333333333333,1.505817174911499,-0.34865168277730796
BH_s34_medium,32,212,39.06666666666667,1.1094180345535278,0.06853528114122538
BH_s34_medium,32,213,39.1,0.8637794852256775,0.476721933337145
BH_s34_medium,32,214,39.13333333333333,0.8132349848747253,0.8292770345580729
BH_s34_medium,32,215,39.166666666666664,0.7653594613075256,1.0896393919140668
BH_s34_medium,32,216,39.2,0.7635634541511536,1.2383857343534221
BH_s34_medium,32,217,39.233333333333334,0.6083380579948425,1.2752794781319778
BH_s34_medium,32,218,39.266666666666666,0.3024525046348572,1.2164118206652321
BH_s34_medium,32,219,39.3,-0.0034330403432250023,1.0879846645205258
BH_s34_medium,32,220,39.333333333333336,-0.41045770049095154,0.9189529351111266
BH_s34_medium,32,221,39.36666666666667,-0.7180388569831848,0.7346349805138964
BH_s34_medium,32,222,39.4,-0.8765552639961243,0.5526990907727422
BH_s34_medium,32,223,39.43333333333333,-0.9314141273498535,0.38191760074755365
BH_s34_medium,32,224,39.46666666666667,-0.9828315377235413,0.2231791318254944
BH_s34_medium,32,225,39.5,-0.9828315377235413,0.07207439214855658
BH_s34_medium,32,226,39.53333333333333,-1.0273157358169556,-0.07712760923474121
BH_s34_medium,32,227,39.56666666666667,-1.1292775869369507,-0.22639132546161508
BH_s34_medium,32,228,39.6,-1.2312394380569458,-0.36936659213376
BH_s34_medium,32,229,39.63333333333333,-1.3750667572021484,-0.49021351179099426
BH_s34_medium,32,230,39.666666666666664,-1.5275729894638062,-0.5678366587710729
BH_s34_medium,32,231,39.7,-1.639959692955017,-0.5847302154781912
BH_s34_medium,32,232,39.733333333333334,-1.7540922164916992,-0.5363752712421698
BH_s34_medium,32,233,39.766666666666666,-1.164684772491455,-0.4360137873247092
BH_s34_medium,32,234,39.8,0.10777188837528229,-0.3119435225324993
BH_s34_medium,32,235,39.833333333333336,1.6747004985809326,-0.19845454177473487
BH_s34_medium,32,236,39.86666666666667,2.6051533222198486,-0.12442573623890958
BH_s34_medium,32,237,39.9,2.5282740592956543,-0.10416931002254225
BH_s34_medium,32,238,39.93333333333333,1.9495736360549927,-0.13359140914039933
BH_s34_medium,32,239,39.96666666666667,1.286385178565979,-0.19232922163810096
BH_s34_medium,33,0,33.0,-0.7870686054229736,-0.007886859856504629
BH_s34_medium,33,1,33.03333333333333,-0.8980641961097717,0.2066515755321821
BH_s34_medium,33,2,33.06666666666667,-1.0424096584320068,0.35213732790654223
BH_s34_medium,33,3,33.1,-1.144371509552002,0.3791067345240157
BH_s34_medium,33,4,33.13333333333333,-1.2206735610961914,0.2688414157559664
BH_s34_medium,33,5,33.166666666666664,-0.7328256964683533,0.03845181362152143
BH_s34_medium,33,6,33.2,0.1997111737728119,-0.2644551352291505
BH_s34_medium,33,7,33.233333333333334,1.3613202571868896,-0.5763295664538429
BH_s34_medium,33,8,33.266666666666666,1.947959303855896,-0.8363404196766849
BH_s34_medium,33,9,33.3,1.7855056524276733,-1.0022632080956342
BH_s34_medium,33,10,33.333333333333336,1.2736461162567139,-1.058588384997114
BH_s34_medium,33,11,33.36666666666667,0.7641413807868958,-1.0156800763177494
BH_s34_medium,33,12,33.4,0.4071429669857025,-0.9019991635808325
BH_s34_medium,33,13,33.43333333333333,0.3026030361652374,-0.7529288240229821
BH_s34_medium,33,14,33.46666666666667,0.3517061769962311,-0.5997850936486588
BH_s34_medium,33,15,33.5,0.5018982887268066,-0.46166767639559236
BH_s34_medium,33,16,33.53333333333333,0.5596899390220642,-0.34156257841295196
BH_s34_medium,33,17,33.56666666666667,0.4153037667274475,-0.22721128571395005
BH_s34_medium,33,18,33.6,0.1657685786485672,-0.09677266118190585
BH_s34_medium,33,19,33.63333333333333,-0.14011695981025696,0.07163430867007117
BH_s34_medium,33,20,33.666666666666664,-0.45355424284935,0.2892124077888146
BH_s34_medium,33,21,33.7,-0.6574779152870178,0.5487236335911894
BH_s34_medium,33,22,33.733333333333334,-0.7164470553398132,0.8233579075205826
BH_s34_medium,33,23,33.766666666666666,-0.7257446050643921,1.073317871503859
BH_s34_medium,33,24,33.8,-0.7257446050643921,1.2576135029429734
BH_s34_medium,33,25,33.833333333333336,-0.7257446050643921,1.3461289096626734
BH_s34_medium,33,26,33.86666666666667,-0.7643727660179138,1.327305661038232
BH_s34_medium,33,27,33.9,-0.8285793662071228,1.2092888294888577
BH_s34_medium,33,28,33.93333333333333,-0.9168790578842163,1.0153969998400436
BH_s34_medium,33,29,33.96666666666667,-1.0188409090042114,0.7766119820971775
BH_s34_medium,33,30,34.0,-1.1208027601242065,0.5237402892276902
BH_s34_medium,33,31,34.03333333333333,-1.2227646112442017,0.28085579401430927
BH_s34_medium,33,32,34.06666666666667,-1.2913358211517334,0.060869138435915
BH_s34_medium,33,33,34.1,-0.9608770608901978,-0.1360126118216708
BH_s34_medium,33,34,34.13333333333333,0.033687181770801544,-0.3200527842999897
BH_s34_medium,33,35,34.166666666666664,1.3196460008621216,-0.505741177909478
BH_s34_medium,33,36,34.2,2.251706123352051,-0.7031016828548106
BH_s34_medium,33,37,34.233333333333334,2.352663516998291,-0.9100303391806874
BH_s34_medium,33,38,34.266666666666666,1.9614458084106445,-1.1095973626678546
BH_s34_medium,33,39,34.3,1.451636552810669,-1.2742821616108404
BH_s34_medium,33,40,34.333333333333336,1.0724666118621826,-1.3753263807241534
BH_s34_medium,33,41,34.36666666666667,0.8940772414207458,-1.3923205464778416
BH_s34_medium,33,42,34.4,0.8167768716812134,-1.3181367166730629
BH_s34_medium,33,43,34.43333333333333,0.7929883003234863,-1.157450033938594
BH_s34_medium,33,44,34.46666666666667,0.7653594613075256,-0.9213479844736528
BH_s34_medium,33,45,34.5,0.6698567271232605,-0.6227865412614629
BH_s34_medium,33,46,34.53333333333333,0.4447632431983948,-0.27611422123024026
BH_s34_medium,33,47,34.56666666666667,0.11858083307743073,0.0999885460174462
BH_s34_medium,33,48,34.6,-0.16700784862041473,0.47992922138891153
BH_s34_medium,33,49,34.63333333333333,-0.4543423652648926,0.8326630085901483
BH_s34_medium,33,50,34.666666666666664,-0.5891705751419067,1.1274952161148553
BH_s34_medium,33,51,34.7,-0.6743272542953491,1.3410398508195052
BH_s34_medium,33,52,34.733333333333334,-0.6902595162391663,1.4616013653715365
BH_s34_medium,33,53,34.766666666666666,-0.7257446050643921,1.4892823006135487
BH_s34_medium,33,54,34.8,-0.7771620154380798,1.4326559127589198
BH_s34_medium,33,55,34.833333333333336,-0.8418928980827332,1.304393097773834
BH_s34_medium,33,56,34.86666666666667,-0.9438547492027283,1.1182017923644245
BH_s34_medium,33,57,34.9,-1.0458165407180786,0.8880492830810663
BH_s34_medium,33,58,34.93333333333333,-1.1477783918380737,0.6287984271797558
BH_s34_medium,33,59,34.96666666666667,-1.2399184703826904,0.35633346591579645
BH_s34_medium,33,60,35.0,-1.300284743309021,0.08576386703565853
BH_s34_medium,33,61,35.03333333333333,-1.4022465944290161,-0.17191956006336148
BH_s34_medium,33,62,35.06666666666667,-1.2995346784591675,-0.4125270351834328
BH_s34_medium,33,63,35.1,-0.45044320821762085,-0.6382443014737775
BH_s34_medium,33,64,35.13333333333333,0.7903436422348022,-0.8535777156778588
BH_s34_medium,33,65,35.166666666666664,2.0828843116760254,-1.0596094755622893
BH_s34_medium,33,66,35.2,2.5098390579223633,-1.2495056083576828
BH_s34_medium,33,67,35.233333333333334,2.2422711849212646,-1.4073613419942046
BH_s34_medium,33,68,35.266666666666666,1.6830099821090698,-1.5106170602783295
BH_s34_medium,33,69,35.3,1.275162696838379,-1.5347834184446632
BH_s34_medium,33,70,35.333333333333336,0.970809280872345,-1.4589319690522624
BH_s34_medium,33,71,35.36666666666667,0.8688474297523499,-1.2709481626014252
BH_s34_medium,33,72,35.4,0.8167768716812134,-0.9720092556479462
BH_s34_medium,33,73,35.43333333333333,0.7653594613075256,-0.5796486668371932
BH_s34_medium,33,74,35.46666666666667,0.717214047908783,-0.12821461713361595
BH_s34_medium,33,75,35.5,0.516562283039093,0.33482225905118634
BH_s34_medium,33,76,35.53333333333333,0.21482156217098236,0.7575362552002712
BH_s34_medium,33,77,35.56666666666667,-0.0910639762878418,1.0955841916810354
BH_s34_medium,33,78,35.6,-0.39694952964782715,1.3228487072925745
BH_s34_medium,33,79,35.63333333333333,-0.6076368093490601,1.435309055824587
BH_s34_medium,33,80,35.666666666666664,-0.7172351479530334,1.446470962996828
BH_s34_medium,33,81,35.7,-0.7771620154380798,1.3777046055470186
BH_s34_medium,33,82,35.733333333333334,-0.818324089050293,1.2491166374165696
BH_s34_medium,33,83,35.766666666666666,-0.8285793662071228,1.0752015102511183
BH_s34_medium,33,84,35.8,-0.8799967765808105,0.8660106135282023
BH_s34_medium,33,85,35.833333333333336,-0.9699574708938599,0.631346713997679
BH_s34_medium,33,86,35.86666666666667,-1.071919322013855,0.38436228148153057
BH_s34_medium,33,87,35.9,-1.17388117313385,0.1420003589844168
BH_s34_medium,33,88,35.93333333333333,-1.2758430242538452,-0.07811169769745144
BH_s34_medium,33,89,35.96666666666667,-1.3778048753738403,-0.262712233296128
BH_s34_medium,33,90,36.0,-1.4797667264938354,-0.4073922893328675
BH_s34_medium,33,91,36.03333333333333,-1.4970053434371948,-0.5183228797260753
BH_s34_medium,33,92,36.06666666666667,-0.9480220675468445,-0.6101524218303264
BH_s34_medium,33,93,36.1,0.19870935380458832,-0.7004355456292305
BH_s34_medium,33,94,36.13333333333333,1.575630784034729,-0.8022065892285902
BH_s34_medium,33,95,36.166666666666664,2.3973233699798584,-0.9170197093739041
BH_s34_medium,33,96,36.2,2.3463680744171143,-1.0308222156007425
BH_s34_medium,33,97,36.233333333333334,1.830966591835022,-1.1145908849991084
BH_s34_medium,33,98,36.266666666666666,1.24639093875885,-1.1307789680368816
BH_s34_medium,33,99,36.3,0.840644121170044,-1.0448741426688164
BH_s34_medium,33,100,36.333333333333336,0.6370751261711121,-0.8388334128866837
BH_s34_medium,33,101,36.36666666666667,0.611107349395752,-0.5212012539998454
BH_s34_medium,33,102,36.4,0.6348111033439636,-0.12890423517938768
BH_s34_medium,33,103,36.43333333333333,0.6396938562393188,0.2814279547108326
BH_s34_medium,33,104,36.46666666666667,0.515774130821228,0.6501052252916545
BH_s34_medium,33,105,36.5,0.23934805393218994,0.9321696195053996
BH_s34_medium,33,106,36.53333333333333,-0.08674956858158112,1.1081512523177928
BH_s34_medium,33,107,36.56666666666667,-0.4752577841281891,1.1830065474394011
BH_s34_medium,33,108,36.6,-0.7112597227096558,1.1754994691325316
BH_s34_medium,33,109,36.63333333333333,-0.8799967765808105,1.1056301932465946
BH_s34_medium,33,110,36.666666666666664,-0.9314141273498535,0.9870951558120914
BH_s34_medium,33,111,36.7,-0.9314141273498535,0.8268594605182339
BH_s34_medium,33,112,36.733333333333334,-0.9314141273498535,0.6291647170131157
BH_s34_medium,33,113,36.766666666666666,-0.9828315377235413,0.3996714682112456
BH_s34_medium,33,114,36.8,-1.0474776029586792,0.14726556015789596
BH_s34_medium,33,115,36.833333333333336,-1.1494394540786743,-0.1161560576420718
BH_s34_medium,33,116,36.86666666666667,-1.2514013051986694,-0.37652152636090164
BH_s34_medium,33,117,36.9,-1.3533631563186646,-0.6184501819719098
BH_s34_medium,33,118,36.93333333333333,-1.4553250074386597,-0.8267552669755519
BH_s34_medium,33,119,36.96666666666667,-1.5572868585586548,-0.9890802533619508
BH_s34_medium,33,120,37.0,-1.6352750062942505,-1.0984889801826205
BH_s34_medium,33,121,37.03333333333333,-1.1101996898651123,-1.1537879929526715
BH_s34_medium,33,122,37.06666666666667,0.08777955174446106,-1.156730111056022
BH_s34_medium,33,123,37.1,1.595717430114746,-1.107653195766174
BH_s34_medium,33,124,37.13333333333333,2.466632604598999,-1.0023191580998922
BH_s34_medium,33,125,37.166666666666664,2.341165065765381,-0.8323029845425471
BH_s34_medium,33,126,37.2,1.7230137586593628,-0.589753046310037
BH_s34_medium,33,127,37.233333333333334,1.0625790357589722,-0.2749893711887783
BH_s34_medium,33,128,37.266666666666666,0.5566663146018982,0.09692014599063664
BH_s34_medium,33,129,37.3,0.3540204167366028,0.49476314134990335
BH_s34_medium,33,130,37.333333333333336,0.40469983220100403,0.8764352626392438
BH_s34_medium,33,131,37.36666666666667,0.6078855991363525,1.1985915544240744
BH_s34_medium,33,132,37.4,0.7114583253860474,1.4263954604789788
BH_s34_medium,33,133,37.43333333333333,0.6178207397460938,1.5396805493833838
BH_s34_medium,33,134,37.46666666666667,0.2681041657924652,1.5343488913619339
BH_s34_medium,33,135,37.5,-0.09342838078737259,1.4202540470348026
BH_s34_medium,33,136,37.53333333333333,-0.496173232793808,1.2175829176978672
BH_s34_medium,33,137,37.56666666666667,-0.7634652256965637,0.9530846199223054
BH_s34_medium,33,138,37.6,-0.8722754716873169,0.6564841085934865
BH_s34_medium,33,139,37.63333333333333,-0.8799967765808105,0.3567777537343069
BH_s34_medium,33,140,37.666666666666664,-0.8380464911460876,0.07814680876669888
BH_s34_medium,33,141,37.7,-0.8285793662071228,-0.1640049724489398
BH_s34_medium,33,142,37.733333333333334,-0.8687837719917297,-0.3654223263148844
BH_s34_medium,33,143,37.766666666666666,-0.9193282723426819,-0.5323901521482964
BH_s34_medium,33,144,37.8,-1.0212900638580322,-0.6782744058948087
BH_s34_medium,33,145,37.833333333333336,-1.1232519149780273,-0.8186604062456231
BH_s34_medium,33,146,37.86666666666667,-1.2766311168670654,-0.9662630498760182
BH_s34_medium,33,147,37.9,-1.3427531719207764,-1.1259209763901994
BH_s34_medium,33,148,37.93333333333333,-0.7709642052650452,-1.2900677388078932
BH_s34_medium,33,149,37.96666666666667,0.4373205006122589,-1.4360716397253477
BH_s34_medium,33,150,38.0,1.7810208797454834,-1.5276745474316566
BH_s34_medium,33,151,38.03333333333333,2.5077600479125977,-1.5222819424375038
BH_s34_medium,33,152,38.06666666666667,2.3362321853637695,-1.383625944976354
BH_s34_medium,33,153,38.1,1.7337430715560913,-1.0961888037274752
BH_s34_medium,33,154,38.13333333333333,1.0497395992279053,-0.6754690405779271
BH_s34_medium,33,155,38.166666666666664,0.5985161662101746,-0.16853294837081198
BH_s34_medium,33,156,38.2,0.42887163162231445,0.35702431754838065
BH_s34_medium,33,157,38.233333333333334,0.48396581411361694,0.8320701649315779
BH_s34_medium,33,158,38.266666666666666,0.5859276652336121,1.2048321034203513
BH_s34_medium,33,159,38.3,0.6625247001647949,1.4514702535154034
BH_s34_medium,33,160,38.333333333333336,0.5107061862945557,1.5748753753010725
BH_s34_medium,33,161,38.36666666666667,0.20812717080116272,1.5945857697827543
BH_s34_medium,33,162,38.4,-0.1483028382062912,1.5343887955681093
BH_s34_medium,33,163,38.43333333333333,-0.534277081489563,1.4136982548746138
BH_s34_medium,33,164,38.46666666666667,-0.7981622219085693,1.2452602886832849
BH_s34_medium,33,165,38.5,-0.9001240730285645,1.0376842640256498
BH_s34_medium,33,166,38.53333333333333,-0.9314141273498535,0.7991429021496176
BH_s34_medium,33,167,38.56666666666667,-0.8799967765808105,0.5391776346906986
BH_s34_medium,33,168,38.6,-0.9314141273498535,0.2680002468810322
BH_s34_medium,33,169,38.63333333333333,-0.948049783706665,-0.005126452520189768
BH_s34_medium,33,170,38.666666666666664,-1.034248948097229,-0.27257936872846533
BH_s34_medium,33,171,38.7,-1.1005560159683228,-0.5276525975358252
BH_s34_medium,33,172,38.733333333333334,-1.2165347337722778,-0.7634352569636774
BH_s34_medium,33,173,38.766666666666666,-1.3558971881866455,-0.9724435148510292
BH_s34_medium,33,174,38.8,-1.433316946029663,-1.1467725876835129
BH_s34_medium,33,175,38.833333333333336,-0.9716851711273193,-1.277527923762172
BH_s34_medium,33,176,38.86666666666667,0.20339404046535492,-1.3532551823404266
BH_s34_medium,33,177,38.9,1.713517189025879,-1.3590045717942743
BH_s34_medium,33,178,38.93333333333333,2.685361385345459,-1.2784671713136417
BH_s34_medium,33,179,38.96666666666667,2.679687738418579,-1.1001814095465001
BH_s34_medium,33,180,39.0,2.1558115482330322,-0.8257111837351748
BH_s34_medium,33,181,39.03333333333333,1.505817174911499,-0.4753430724226237
BH_s34_medium,33,182,39.06666666666667,1.1094180345535278,-0.08734770011665814
BH_s34_medium,33,183,39.1,0.8637794852256775,0.29002168262150346
BH_s34_medium,33,184,39.13333333333333,0.8132349848747253,0.6107804970861508
BH_s34_medium,33,185,39.166666666666664,0.7653594613075256,0.8425216210226221
BH_s34_medium,33,186,39.2,0.7635634541511536,0.9723928086513121
BH_s34_medium,33,187,39.233333333333334,0.6083380579948425,1.0062807186760885
BH_s34_medium,33,188,39.266666666666666,0.3024525046348572,0.9628429391912736
BH_s34_medium,33,189,39.3,-0.0034330403432250023,0.8657070864665799
BH_s34_medium,33,190,39.333333333333336,-0.41045770049095154,0.7368640812583647
BH_s34_medium,33,191,39.36666666666667,-0.7180388569831848,0.5928423698247739
BH_s34_medium,33,192,39.4,-0.8765552639961243,0.44382418273357566
BH_s34_medium,33,193,39.43333333333333,-0.9314141273498535,0.2948870711790406
BH_s34_medium,33,194,39.46666666666667,-0.9828315377235413,0.1480980447063418
BH_s34_medium,33,195,39.5,-0.9828315377235413,0.004485600088517048
BH_s34_medium,33,196,39.53333333333333,-1.0273157358169556,-0.13424194083514007
BH_s34_medium,33,197,39.56666666666667,-1.1292775869369507,-0.2640723535184832
BH_s34_medium,33,198,39.6,-1.2312394380569458,-0.3777817383351848
BH_s34_medium,33,199,39.63333333333333,-1.3750667572021484,-0.4659468615112607
BH_s34_medium,33,200,39.666666666666664,-1.5275729894638062,-0.5201953179997109
BH_s34_medium,33,201,39.7,-1.639959692955017,-0.5372114001972105
BH_s34_medium,33,202,39.733333333333334,-1.7540922164916992,-0.5208290022330925
BH_s34_medium,33,203,39.766666666666666,-1.164684772491455,-0.48019984360201395
BH_s34_medium,33,204,39.8,0.10777188837528229,-0.42454668585931665
BH_s34_medium,33,205,39.833333333333336,1.6747004985809326,-0.35773501835052063
BH_s34_medium,33,206,39.86666666666667,2.6051533222198486,-0.276695968599518
BH_s34_medium,33,207,39.9,2.5282740592956543,-0.17546218432149532
BH_s34_medium,33,208,39.93333333333333,1.9495736360549927,-0.0522987285201318
BH_s34_medium,33,209,39.96666666666667,1.286385178565979,0.08521775510679663
BH_s34_medium,33,210,40.0,0.8419755697250366,0.22072289300753073
BH_s34_medium,33,211,40.03333333333333,0.6311342716217041,0.334726146916551
BH_s34_medium,33,212,40.06666666666667,0.611107349395752,0.411919031957506
BH_s34_medium,33,213,40.1,0.6407519578933716,0.44626988320488037
BH_s34_medium,33,214,40.13333333333333,0.6851704120635986,0.44201753920567033
BH_s34_medium,33,215,40.166666666666664,0.5553097724914551,0.41121916689642435
BH_s34_medium,33,216,40.2,0.24591699242591858,0.36982411830417244
BH_s34_medium,33,217,40.233333333333334,-0.11051300913095474,0.3338902273921596
BH_s34_medium,33,218,40.266666666666666,-0.5183603763580322,0.3163003933922522
BH_s34_medium,33,219,40.3,-0.8259761929512024,0.3235615615805326
BH_s34_medium,33,220,40.333333333333336,-1.0063656568527222,0.35282734692524637
BH_s34_medium,33,221,40.36666666666667,-1.034248948097229,0.3905828026907086
BH_s34_medium,33,222,40.4,-1.034248948097229,0.41499918123398755
BH_s34_medium,33,223,40.43333333333333,-1.034248948097229,0.40243843889855974
BH_s34_medium,33,224,40.46666666666667,-1.034248948097229,0.3354391996534056
BH_s34_medium,33,225,40.5,-1.104835867881775,0.20806869383123197
BH_s34_medium,33,226,40.53333333333333,-1.20679771900177,0.026838010545432067
BH_s34_medium,33,227,40.56666666666667,-1.3087595701217651,-0.19137613110094717
BH_s34_medium,33,228,40.6,-1.4621387720108032,-0.42223466288015854
BH_s34_medium,33,229,40.63333333333333,-1.6155179738998413,-0.6368856301157623
BH_s34_medium,33,230,40.666666666666664,-1.5624275207519531,-0.8055371910255005
BH_s34_medium,33,231,40.7,-0.5960448980331421,-0.9024772192990063
BH_s34_medium,33,232,40.733333333333334,0.8069947957992554,-0.9124256245013418
BH_s34_medium,33,233,40.766666666666666,2.1482839584350586,-0.8364357660664723
BH_s34_medium,33,234,40.8,2.4909238815307617,-0.6941908828984938
BH_s34_medium,33,235,40.833333333333336,2.0291285514831543,-0.5199096796409409
BH_s34_medium,33,236,40.86666666666667,1.3058280944824219,-0.3517479831702969
BH_s34_medium,33,237,40.9,0.6190518140792847,-0.21824144859447978
BH_s34_medium,33,238,40.93333333333333,0.23554234206676483,-0.12776586236967236
BH_s34_medium,33,239,40.96666666666667,0.1622483730316162,-0.06645726773344565
BH_s34_medium,34,0,34.0,-1.1208027601242065,-0.051786054032368974
BH_s34_medium,34,1,34.03333333333333,-1.2227646112442017,-0.10068539678264656
BH_s34_medium,34,2,34.06666666666667,-1.2913358211517334,-0.157347276512488
BH_s34_medium,34,3,34.1,-0.9608770608901978,-0.22721610814721047
BH_s34_medium,34,4,34.13333333333333,0.033687181770801544,-0.31139522406445336
BH_s34_medium,34,5,34.166666666666664,1.3196460008621216,-0.40572612369154254
BH_s34_medium,34,6,34.2,2.251706123352051,-0.5016046141143449
BH_s34_medium,34,7,34.233333333333334,2.352663516998291,-0.5889979201201893
BH_s34_medium,34,8,34.266666666666666,1.9614458084106445,-0.6604366477630274
BH_s34_medium,34,9,34.3,1.451636552810669,-0.7134345308446718
BH_s34_medium,34,10,34.333333333333336,1.0724666118621826,-0.7496333945936037
BH_s34_medium,34,11,34.36666666666667,0.8940772414207458,-0.7711325506001724
BH_s34_medium,34,12,34.4,0.8167768716812134,-0.776124780688115
BH_s34_medium,34,13,34.43333333333333,0.7929883003234863,-0.7563872432997875
BH_s34_medium,34,14,34.46666666666667,0.7653594613075256,-0.6984107806532907
BH_s34_medium,34,15,34.5,0.6698567271232605,-0.5882517325849903
BH_s34_medium,34,16,34.53333333333333,0.4447632431983948,-0.418207591496172
BH_s34_medium,34,17,34.56666666666667,0.11858083307743073,-0.19227620799467274
BH_s34_medium,34,18,34.6,-0.16700784862041473,0.07218324055928978
BH_s34_medium,34,19,34.63333333333333,-0.4543423652648926,0.347458456289404
BH_s34_medium,34,20,34.666666666666664,-0.5891705751419067,0.6020317125166263
BH_s34_medium,34,21,34.7,-0.6743272542953491,0.8081475872996935
BH_s34_medium,34,22,34.733333333333334,-0.6902595162391663,0.9476540815878834
BH_s34_medium,34,23,34.766666666666666,-0.7257446050643921,1.0143378256321554
BH_s34_medium,34,24,34.8,-0.7771620154380798,1.012630743633511
BH_s34_medium,34,25,34.833333333333336,-0.8418928980827332,0.9539994061185331
BH_s34_medium,34,26,34.86666666666667,-0.9438547492027283,0.8528277322318095
BH_s34_medium,34,27,34.9,-1.0458165407180786,0.7231803169568561
BH_s34_medium,34,28,34.93333333333333,-1.1477783918380737,0.5769676733608222
BH_s34_medium,34,29,34.96666666666667,-1.2399184703826904,0.4232754449741609
BH_s34_medium,34,30,35.0,-1.300284743309021,0.2683182573028839
BH_s34_medium,34,31,35.03333333333333,-1.4022465944290161,0.11561809085214933
BH_s34_medium,34,32,35.06666666666667,-1.2995346784591675,-0.0336547090647006
BH_s34_medium,34,33,35.1,-0.45044320821762085,-0.1799526439351916
BH_s34_medium,34,34,35.13333333333333,0.7903436422348022,-0.32395942269474626
BH_s34_medium,34,35,35.166666666666664,2.0828843116760254,-0.4645252553421899
BH_s34_medium,34,36,35.2,2.5098390579223633,-0.5964220686628767
BH_s34_medium,34,37,35.233333333333334,2.2422711849212646,-0.7089251706259037
BH_s34_medium,34,38,35.266666666666666,1.6830099821090698,-0.7864075123349132
BH_s34_medium,34,39,35.3,1.275162696838379,-0.811616477577809
BH_s34_medium,34,40,35.333333333333336,0.970809280872345,-0.7710893422416485
BH_s34_medium,34,41,35.36666666666667,0.8688474297523499,-0.6608744678581484
BH_s34_medium,34,42,35.4,0.8167768716812134,-0.4901597140074287
BH_s34_medium,34,43,35.43333333333333,0.7653594613075256,-0.2810061387677134
BH_s34_medium,34,44,35.46666666666667,0.717214047908783,-0.06392564876374165
BH_s34_medium,34,45,35.5,0.516562283039093,0.12942884947224137
BH_s34_medium,34,46,35.53333333333333,0.21482156217098236,0.2743998680822477
BH_s34_medium,34,47,35.56666666666667,-0.0910639762878418,0.3598275827485246
BH_s34_medium,34,48,35.6,-0.39694952964782715,0.3902698261886055
BH_s34_medium,34,49,35.63333333333333,-0.6076368093490601,0.3823998599347115
BH_s34_medium,34,50,35.666666666666664,-0.7172351479530334,0.3568811527535097
BH_s34_medium,34,51,35.7,-0.7771620154380798,0.3296634481346586
BH_s34_medium,34,52,35.733333333333334,-0.818324089050293,0.3069286154002651
BH_s34_medium,34,53,35.766666666666666,-0.8285793662071228,0.2857036712174135
BH_s34_medium,34,54,35.8,-0.8799967765808105,0.25890577675286536
BH_s34_medium,34,55,35.833333333333336,-0.9699574708938599,0.22132339656702496
BH_s34_medium,34,56,35.86666666666667,-1.071919322013855,0.17309680542248443
BH_s34_medium,34,57,35.9,-1.17388117313385,0.11924312783808197
BH_s34_medium,34,58,35.93333333333333,-1.2758430242538452,0.06624385381438458
BH_s34_medium,34,59,35.96666666666667,-1.3778048753738403,0.018232176650070007
BH_s34_medium,34,60,36.0,-1.4797667264938354,-0.024869283436491058
BH_s34_medium,34,61,36.03333333333333,-1.4970053434371948,-0.06642500396926317
BH_s34_medium,34,62,36.06666666666667,-0.9480220675468445,-0.11030890898155594
BH_s34_medium,34,63,36.1,0.19870935380458832,-0.1581019479568447
BH_s34_medium,34,64,36.13333333333333,1.575630784034729,-0.2076603631336574
BH_s34_medium,34,65,36.166666666666664,2.3973233699798584,-0.25332724545459445
BH_s34_medium,34,66,36.2,2.3463680744171143,-0.28722636542721397
BH_s34_medium,34,67,36.233333333333334,1.830966591835022,-0.3009758162321591
BH_s34_medium,34,68,36.266666666666666,1.24639093875885,-0.28758623117990134
BH_s34_medium,34,69,36.3,0.840644121170044,-0.24356779091122302
BH_s34_medium,34,70,36.333333333333336,0.6370751261711121,-0.17088960290652663
BH_s34_medium,34,71,36.36666666666667,0.611107349395752,-0.07778027188484565
BH_s34_medium,34,72,36.4,0.6348111033439636,0.0227676118171925
BH_s34_medium,34,73,36.43333333333333,0.6396938562393188,0.1168908648226884
BH_s34_medium,34,74,36.46666666666667,0.515774130821228,0.19440517741769178
BH_s34_medium,34,75,36.5,0.23934805393218994,0.25137514750191675
BH_s34_medium,34,76,36.53333333333333,-0.08674956858158112,0.28932506157375104
BH_s34_medium,34,77,36.56666666666667,-0.4752577841281891,0.3119833410531271
BH_s34_medium,34,78,36.6,-0.7112597227096558,0.32185727403036374
BH_s34_medium,34,79,36.63333333333333,-0.8799967765808105,0.3186957521531496
BH_s34_medium,34,80,36.666666666666664,-0.9314141273498535,0.300391764995797
BH_s34_medium,34,81,36.7,-0.9314141273498535,0.2652351009839184
BH_s34_medium,34,82,36.733333333333334,-0.9314141273498535,0.2137253788039304
BH_s34_medium,34,83,36.766666666666666,-0.9828315377235413,0.14865157551422867
BH_s34_medium,34,84,36.8,-1.0474776029586792,0.07339791682029335
BH_s34_medium,34,85,36.833333333333336,-1.1494394540786743,-0.010321954645317186
BH_s34_medium,34,86,36.86666666666667,-1.2514013051986694,-0.10361282408011224
BH_s34_medium,34,87,36.9,-1.3533631563186646,-0.20937622164155606
BH_s34_medium,34,88,36.93333333333333,-1.4553250074386597,-0.32949286933255884
BH_s34_medium,34,89,36.96666666666667,-1.5572868585586548,-0.4616590530403329
BH_s34_medium,34,90,37.0,-1.6352750062942505,-0.5972462039148431
BH_s34_medium,34,91,37.03333333333333,-1.1101996898651123,-0.7208263103398271
BH_s34_medium,34,92,37.06666666666667,0.08777955174446106,-0.8115058329993534
BH_s34_medium,34,93,37.1,1.595717430114746,-0.8460980974608534
BH_s34_medium,34,94,37.13333333333333,2.466632604598999,-0.8040673994051637
BH_s34_medium,34,95,37.166666666666664,2.341165065765381,-0.6736170736159052
BH_s34_medium,34,96,37.2,1.7230137586593628,-0.45724259251509886
BH_s34_medium,34,97,37.233333333333334,1.0625790357589722,-0.17432647240966367
BH_s34_medium,34,98,37.266666666666666,0.5566663146018982,0.1411860677938594
BH_s34_medium,34,99,37.3,0.3540204167366028,0.4481363393462638
BH_s34_medium,34,100,37.333333333333336,0.40469983220100403,0.7081542797995944
BH_s34_medium,34,101,37.36666666666667,0.6078855991363525,0.8944598773096389
BH_s34_medium,34,102,37.4,0.7114583253860474,0.9962504588059229
BH_s34_medium,34,103,37.43333333333333,0.6178207397460938,1.0176606222678257
BH_s34_medium,34,104,37.46666666666667,0.2681041657924652,0.9726475920243733
BH_s34_medium,34,105,37.5,-0.09342838078737259,0.8785776714237895
BH_s34_medium,34,106,37.53333333333333,-0.496173232793808,0.7512692941258985
BH_s34_medium,34,107,37.56666666666667,-0.7634652256965637,0.6029972806703003
BH_s34_medium,34,108,37.6,-0.8722754716873169,0.4432069927954522
BH_s34_medium,34,109,37.63333333333333,-0.8799967765808105,0.28033414915665406
BH_s34_medium,34,110,37.666666666666664,-0.8380464911460876,0.1228413532603822
BH_s34_medium,34,111,37.7,-0.8285793662071228,-0.02154976451296964
BH_s34_medium,34,112,37.733333333333334,-0.8687837719917297,-0.1479880867388221
BH_s34_medium,34,113,37.766666666666666,-0.9193282723426819,-0.2565263373626686
BH_s34_medium,34,114,37.8,-1.0212900638580322,-0.35269037388243535
BH_s34_medium,34,115,37.833333333333336,-1.1232519149780273,-0.4459620719674555
BH_s34_medium,34,116,37.86666666666667,-1.2766311168670654,-0.5462570785435927
BH_s34_medium,34,117,37.9,-1.3427531719207764,-0.6591129452138303
BH_s34_medium,34,118,37.93333333333333,-0.7709642052650452,-0.7810035199398375
BH_s34_medium,34,119,37.96666666666667,0.4373205006122589,-0.8966760496526687
BH_s34_medium,34,120,38.0,1.7810208797454834,-0.9802386048028461
BH_s34_medium,34,121,38.03333333333333,2.5077600479125977,-1.0007176135411389
BH_s34_medium,34,122,38.06666666666667,2.3362321853637695,-0.931141220370578
BH_s34_medium,34,123,38.1,1.7337430715560913,-0.7584677829857208
BH_s34_medium,34,124,38.13333333333333,1.0497395992279053,-0.4906574415440347
BH_s34_medium,34,125,38.166666666666664,0.5985161662101746,-0.15756532173069052
BH_s34_medium,34,126,38.2,0.42887163162231445,0.1956354729925198
BH_s34_medium,34,127,38.233333333333334,0.48396581411361694,0.5205764922019909
BH_s34_medium,34,128,38.266666666666666,0.5859276652336121,0.7784679450651775
BH_s34_medium,34,129,38.3,0.6625247001647949,0.9481873260366194
BH_s34_medium,34,130,38.333333333333336,0.5107061862945557,1.0272597582165899
BH_s34_medium,34,131,38.36666666666667,0.20812717080116272,1.0271425173085549
BH_s34_medium,34,132,38.4,-0.1483028382062912,0.9661406095223651
BH_s34_medium,34,133,38.43333333333333,-0.534277081489563,0.8629887116593945
BH_s34_medium,34,134,38.46666666666667,-0.7981622219085693,0.7328030385119062
BH_s34_medium,34,135,38.5,-0.9001240730285645,0.5857179201315239
BH_s34_medium,34,136,38.53333333333333,-0.9314141273498535,0.4276003237559717
BH_s34_medium,34,137,38.56666666666667,-0.8799967765808105,0.26182842055626243
BH_s34_medium,34,138,38.6,-0.9314141273498535,0.0910821801427313
BH_s34_medium,34,139,38.63333333333333,-0.948049783706665,-0.08158134985491487
BH_s34_medium,34,140,38.666666666666664,-1.034248948097229,-0.25248177154686857
BH_s34_medium,34,141,38.7,-1.1005560159683228,-0.4174634025957159
BH_s34_medium,34,142,38.733333333333334,-1.2165347337722778,-0.5718696304861515
BH_s34_medium,34,143,38.766666666666666,-1.3558971881866455,-0.7101137258606013
BH_s34_medium,34,144,38.8,-1.433316946029663,-0.8251539427923158
BH_s34_medium,34,145,38.833333333333336,-0.9716851711273193,-0.9084047333713954
BH_s34_medium,34,146,38.86666666666667,0.20339404046535492,-0.9503051151976551
BH_s34_medium,34,147,38.9,1.713517189025879,-0.9414024796224775
BH_s34_medium,34,148,38.93333333333333,2.685361385345459,-0.8738579106981637
BH_s34_medium,34,149,38.96666666666667,2.679687738418579,-0.743472210518593
BH_s34_medium,34,150,39.0,2.1558115482330322,-0.5521853971696133
BH_s34_medium,34,151,39.03333333333333,1.505817174911499,-0.31042037052621
BH_s34_medium,34,152,39.06666666666667,1.1094180345535278,-0.03799842843575284
BH_s34_medium,34,153,39.1,0.8637794852256775,0.23762770514168316
BH_s34_medium,34,154,39.13333333333333,0.8132349848747253,0.4860359042705951
BH_s34_medium,34,155,39.166666666666664,0.7653594613075256,0.6801249940035746
BH_s34_medium,34,156,39.2,0.7635634541511536,0.8018188003930935
BH_s34_medium,34,157,39.233333333333334,0.6083380579948425,0.8451802335092741
BH_s34_medium,34,158,39.266666666666666,0.3024525046348572,0.8162089980310261
BH_s34_medium,34,159,39.3,-0.0034330403432250023,0.7299998574677716
BH_s34_medium,34,160,39.333333333333336,-0.41045770049095154,0.606584008026719
BH_s34_medium,34,161,39.36666666666667,-0.7180388569831848,0.46669388421836927
BH_s34_medium,34,162,39.4,-0.8765552639961243,0.3283173866540179
BH_s34_medium,34,163,39.43333333333333,-0.9314141273498535,0.20444128425235086
BH_s34_medium,34,164,39.46666666666667,-0.9828315377235413,0.10196158545869569
BH_s34_medium,34,165,39.5,-0.9828315377235413,0.02165307872981042
BH_s34_medium,34,166,39.53333333333333,-1.0273157358169556,-0.040656853815143945
BH_s34_medium,34,167,39.56666666666667,-1.1292775869369507,-0.0915875493587096
BH_s34_medium,34,168,39.6,-1.2312394380569458,-0.1369435995067067
BH_s34_medium,34,169,39.63333333333333,-1.3750667572021484,-0.17903122830372525
BH_s34_medium,34,170,39.666666666666664,-1.5275729894638062,-0.2159207565837694
BH_s34_medium,34,171,39.7,-1.639959692955017,-0.24309175341250266
BH_s34_medium,34,172,39.733333333333334,-1.7540922164916992,-0.25647763070717644
BH_s34_medium,34,173,39.766666666666666,-1.164684772491455,-0.2550050830079188
BH_s34_medium,34,174,39.8,0.10777188837528229,-0.24106084599071642
BH_s34_medium,34,175,39.833333333333336,1.6747004985809326,-0.21877096476147523
BH_s34_medium,34,176,39.86666666666667,2.6051533222198486,-0.19159031395152917
BH_s34_medium,34,177,39.9,2.5282740592956543,-0.16110214680734258
BH_s34_medium,34,178,39.93333333333333,1.9495736360549927,-0.12763694907047568
BH_s34_medium,34,179,39.96666666666667,1.286385178565979,-0.09170651815823526
BH_s34_medium,34,180,40.0,0.8419755697250366,-0.05485007327077205
BH_s34_medium,34,181,40.03333333333333,0.6311342716217041,-0.019271883042162256
BH_s34_medium,34,182,40.06666666666667,0.611107349395752,0.013301397940268174
BH_s34_medium,34,183,40.1,0.6407519578933716,0.04257342854873642
BH_s34_medium,34,184,40.13333333333333,0.6851704120635986,0.06973146219923236
BH_s34_medium,34,185,40.166666666666664,0.5553097724914551,0.09663928241980548
BH_s34_medium,34,186,40.2,0.24591699242591858,0.1248189392180547
BH_s34_medium,34,187,40.233333333333334,-0.11051300913095474,0.15481660551286283
BH_s34_medium,34,188,40.266666666666666,-0.5183603763580322,0.18588261029242806
BH_s34_medium,34,189,40.3,-0.8259761929512024,0.21549170231168172
BH_s34_medium,34,190,40.333333333333336,-1.0063656568527222,0.23871381296787414
BH_s34_medium,34,191,40.36666666666667,-1.034248948097229,0.24823646459081622
BH_s34_medium,34,192,40.4,-1.034248948097229,0.2359281494319463
BH_s34_medium,34,193,40.43333333333333,-1.034248948097229,0.1957563659401454
BH_s34_medium,34,194,40.46666666666667,-1.034248948097229,0.12629969227714963
BH_s34_medium,34,195,40.5,-1.104835867881775,0.03091633074408995
BH_s34_medium,34,196,40.53333333333333,-1.20679771900177,-0.08434690964479216
BH_s34_medium,34,197,40.56666666666667,-1.3087595701217651,-0.21299260837554537
BH_s34_medium,34,198,40.6,-1.4621387720108032,-0.34855392463219315
BH_s34_medium,34,199,40.63333333333333,-1.6155179738998413,-0.4831920878792249
BH_s34_medium,34,200,40.666666666666664,-1.5624275207519531,-0.6057673216263934
BH_s34_medium,34,201,40.7,-0.5960448980331421,-0.701062848184073
BH_s34_medium,34,202,40.733333333333334,0.8069947957992554,-0.7511082414701864
BH_s34_medium,34,203,40.766666666666666,2.1482839584350586,-0.7384302108410649
BH_s34_medium,34,204,40.8,2.4909238815307617,-0.6502845487668532
BH_s34_medium,34,205,40.833333333333336,2.0291285514831543,-0.4827836773861512
BH_s34_medium,34,206,40.86666666666667,1.3058280944824219,-0.2440850811451097
BH_s34_medium,34,207,40.9,0.6190518140792847,0.04421922383286327
BH_s34_medium,34,208,40.93333333333333,0.23554234206676483,0.3487785303221359
BH_s34_medium,34,209,40.96666666666667,0.1622483730316162,0.6301147861647877
BH_s34_medium,34,210,41.0,0.3722478747367859,0.8512284103363765
BH_s34_medium,34,211,41.03333333333333,0.6163102388381958,0.9861380875713738
BH_s34_medium,34,212,41.06666666666667,0.6538647413253784,1.0248540181656804
BH_s34_medium,34,213,41.1,0.39506658911705017,0.9729121498721882
BH_s34_medium,34,214,41.13333333333333,-0.01365370862185955,0.8464076570595217
BH_s34_medium,34,215,41.166666666666664,-0.42408522963523865,0.6655714946481438
BH_s34_medium,34,216,41.2,-0.7788386344909668,0.4499558904945662
BH_s34_medium,34,217,41.233333333333334,-0.982762336730957,0.21666265232484647
BH_s34_medium,34,218,41.266666666666666,-1.034248948097229,-0.01889766369885923
BH_s34_medium,34,219,41.3,-1.034248948097229,-0.24143146196536153
BH_s34_medium,34,220,41.333333333333336,-0.9828315377235413,-0.43511205665546476
BH_s34_medium,34,221,41.36666666666667,-0.9828315377235413,-0.5847001790819611
BH_s34_medium,34,222,41.4,-1.0298497676849365,-0.6781059261230141
BH_s34_medium,34,223,41.43333333333333,-1.0803941488265991,-0.7091846244469145
BH_s34_medium,34,224,41.46666666666667,-1.1823559999465942,-0.6793461706090276
BH_s34_medium,34,225,41.5,-1.3287173509597778,-0.5970907536082921
BH_s34_medium,34,226,41.53333333333333,-1.4376970529556274,-0.4756046477434479
BH_s34_medium,34,227,41.56666666666667,-1.232319951057434,-0.3295041897003854
BH_s34_medium,34,228,41.6,-0.13117839395999908,-0.17217045606969675
BH_s34_medium,34,229,41.63333333333333,1.4198836088180542,-0.014670040148026673
BH_s34_medium,34,230,41.666666666666664,2.668194532394409,0.13375153180328722
BH_s34_medium,34,231,41.7,2.885727643966675,0.2645420085856565
BH_s34_medium,34,232,41.733333333333334,2.3866512775421143,0.36926267063024565
BH_s34_medium,34,233,41.766666666666666,1.6860466003417969,0.44019265120689827
BH_s34_medium,34,234,41.8,1.1482348442077637,0.47180440630149234
BH_s34_medium,34,235,41.833333333333336,0.8482711315155029,0.462165870681733
BH_s34_medium,34,236,41.86666666666667,0.7653594613075256,0.41347045611142264
BH_s34_medium,34,237,41.9,0.7992838621139526,0.33153013957062244
BH_s34_medium,34,238,41.93333333333333,0.8681942224502563,0.22463341018228952
BH_s34_medium,34,239,41.96666666666667,0.7845982909202576,0.10241419007640515
BH_s34_medium,35,0,35.0,-1.300284743309021,-0.04554468519221308
BH_s34_medium,35,1,35.03333333333333,-1.4022465944290161,-0.10092243465616646
BH_s34_medium,35,2,35.06666666666667,-1.2995346784591675,-0.17597289127815652
BH_s34_medium,35,3,35.1,-0.45044320821762085,-0.28433687286521764
BH_s34_medium,35,4,35.13333333333333,0.7903436422348022,-0.42961027431301235
BH_s34_medium,35,5,35.166666666666664,2.0828843116760254,-0.6034642349188204
BH_s34_medium,35,6,35.2,2.5098390579223633,-0.7862498969881851
BH_s34_medium,35,7,35.233333333333334,2.2422711849212646,-0.9498607318562942
BH_s34_medium,35,8,35.266666666666666,1.6830099821090698,-1.0625050579844506
BH_s34_medium,35,9,35.3,1.275162696838379,-1.0949716831622287
BH_s34_medium,35,10,35.333333333333336,0.970809280872345,-1.027696203539813
BH_s34_medium,35,11,35.36666666666667,0.8688474297523499,-0.8571842496603658
BH_s34_medium,35,12,35.4,0.8167768716812134,-0.5994517308607368
BH_s34_medium,35,13,35.43333333333333,0.7653594613075256,-0.2883729411497551
BH_s34_medium,35,14,35.46666666666667,0.717214047908783,0.031240748182389956
BH_s34_medium,35,15,35.5,0.516562283039093,0.3138969308516854
BH_s34_medium,35,16,35.53333333333333,0.21482156217098236,0.5242658554832414
BH_s34_medium,35,17,35.56666666666667,-0.0910639762878418,0.645694415026977
BH_s34_medium,35,18,35.6,-0.39694952964782715,0.6832888207494848
BH_s34_medium,35,19,35.63333333333333,-0.6076368093490601,0.6596681313712764
BH_s34_medium,35,20,35.666666666666664,-0.7172351479530334,0.6048599600281334
BH_s34_medium,35,21,35.7,-0.7771620154380798,0.5449864864834659
BH_s34_medium,35,22,35.733333333333334,-0.818324089050293,0.4947127168208314
BH_s34_medium,35,23,35.766666666666666,-0.8285793662071228,0.4559558627229002
BH_s34_medium,35,24,35.8,-0.8799967765808105,0.42192906488399273
BH_s34_medium,35,25,35.833333333333336,-0.9699574708938599,0.38328259084297966
BH_s34_medium,35,26,35.86666666666667,-1.071919322013855,0.3330484258481286
BH_s34_medium,35,27,35.9,-1.17388117313385,0.26871704897563603
BH_s34_medium,35,28,35.93333333333333,-1.2758430242538452,0.19170283181987283
BH_s34_medium,35,29,35.96666666666667,-1.3778048753738403,0.10565379088241884
BH_s34_medium,35,30,36.0,-1.4797667264938354,0.015114075049802167
BH_s34_medium,35,31,36.03333333333333,-1.4970053434371948,-0.07482764278896875
BH_s34_medium,35,32,36.06666666666667,-0.9480220675468445,-0.15837540208744114
BH_s34_medium,35,33,36.1,0.19870935380458832,-0.2292862028802915
BH_s34_medium,35,34,36.13333333333333,1.575630784034729,-0.28195756368108016
BH_s34_medium,35,35,36.166666666666664,2.3973233699798584,-0.312839484240001
BH_s34_medium,35,36,36.2,2.3463680744171143,-0.32125573368762184
BH_s34_medium,35,37,36.233333333333334,1.830966591835022,-0.30908566777879964
BH_s34_medium,35,38,36.266666666666666,1.24639093875885,-0.27959137734150347
BH_s34_medium,35,39,36.3,0.840644121170044,-0.2362919132413037
BH_s34_medium,35,40,36.333333333333336,0.6370751261711121,-0.18264378982291737
BH_s34_medium,35,41,36.36666666666667,0.611107349395752,-0.12244601647440331
BH_s34_medium,35,42,36.4,0.6348111033439636,-0.06001767753996132
BH_s34_medium,35,43,36.43333333333333,0.6396938562393188,0.0006689247332772371
BH_s34_medium,35,44,36.46666666666667,0.515774130821228,0.0573838499885279
BH_s34_medium,35,45,36.5,0.23934805393218994,0.11003598807077335
BH_s34_medium,35,46,36.53333333333333,-0.08674956858158112,0.15918983879697537
BH_s34_medium,35,47,36.56666666666667,-0.4752577841281891,0.20345748159626048
BH_s34_medium,35,48,36.6,-0.7112597227096558,0.23763418439767456
BH_s34_medium,35,49,36.63333333333333,-0.8799967765808105,0.253198917984473
BH_s34_medium,35,50,36.666666666666664,-0.9314141273498535,0.2413253883558517
BH_s34_medium,35,51,36.7,-0.9314141273498535,0.19688231879226115
BH_s34_medium,35,52,36.733333333333334,-0.9314141273498535,0.1212037887282228
BH_s34_medium,35,53,36.766666666666666,-0.9828315377235413,0.02213755257178132
BH_s34_medium,35,54,36.8,-1.0474776029586792,-0.08845022637398146
BH_s34_medium,35,55,36.833333333333336,-1.1494394540786743,-0.19823455851256078
BH_s34_medium,35,56,36.86666666666667,-1.2514013051986694,-0.2975618926764267
BH_s34_medium,35,57,36.9,-1.3533631563186646,-0.38139344902392214
BH_s34_medium,35,58,36.93333333333333,-1.4553250074386597,-0.4498064172423213
BH_s34_medium,35,59,36.96666666666667,-1.5572868585586548,-0.5067926985765929
BH_s34_medium,35,60,37.0,-1.6352750062942505,-0.5570415975124449
BH_s34_medium,35,61,37.03333333333333,-1.1101996898651123,-0.6011695257351973
BH_s34_medium,35,62,37.06666666666667,0.08777955174446106,-0.6314917738282191
BH_s34_medium,35,63,37.1,1.595717430114746,-0.6311855917399731
BH_s34_medium,35,64,37.13333333333333,2.466632604598999,-0.5782484249220854
BH_s34_medium,35,65,37.166666666666664,2.341165065765381,-0.45315185042766876
BH_s34_medium,35,66,37.2,1.7230137586593628,-0.24736563734890046
BH_s34_medium,35,67,37.233333333333334,1.0625790357589722,0.030516816196872493
BH_s34_medium,35,68,37.266666666666666,0.5566663146018982,0.3536728084494685
BH_s34_medium,35,69,37.3,0.3540204167366028,0.6818820300876137
BH_s34_medium,35,70,37.333333333333336,0.40469983220100403,0.9708350568088424
BH_s34_medium,35,71,37.36666666666667,0.6078855991363525,1.1825743335440593
BH_s34_medium,35,72,37.4,0.7114583253860474,1.2934190115873174
BH_s34_medium,35,73,37.43333333333333,0.6178207397460938,1.2971149205968224
BH_s34_medium,35,74,37.46666666666667,0.2681041657924652,1.203220397795722
BH_s34_medium,35,75,37.5,-0.09342838078737259,1.032483765031189
BH_s34_medium,35,76,37.53333333333333,-0.496173232793808,0.8112816127247764
BH_s34_medium,35,77,37.56666666666667,-0.7634652256965637,0.5665334226131442
BH_s34_medium,35,78,37.6,-0.8722754716873169,0.3217990718759061
BH_s34_medium,35,79,37.63333333333333,-0.8799967765808105,0.09480741132036115
BH_s34_medium,35,80,37.666666666666664,-0.8380464911460876,-0.10362498203956676
BH_s34_medium,35,81,37.7,-0.8285793662071228,-0.2695120074512027
BH_s34_medium,35,82,37.733333333333334,-0.8687837719917297,-0.4047864653381519
BH_s34_medium,35,83,37.766666666666666,-0.9193282723426819,-0.5159012742395709
BH_s34_medium,35,84,37.8,-1.0212900638580322,-0.6121703271238907
BH_s34_medium,35,85,37.833333333333336,-1.1232519149780273,-0.7038407676770745
BH_s34_medium,35,86,37.86666666666667,-1.2766311168670654,-0.7996743961097751
BH_s34_medium,35,87,37.9,-1.3427531719207764,-0.9039411734466438
BH_s34_medium,35,88,37.93333333333333,-0.7709642052650452,-1.0133111446891643
BH_s34_medium,35,89,37.96666666666667,0.4373205006122589,-1.1147850748686863
BH_s34_medium,35,90,38.0,1.7810208797454834,-1.1860101869597344
BH_s34_medium,35,91,38.03333333333333,2.5077600479125977,-1.1988764889541712
BH_s34_medium,35,92,38.06666666666667,2.3362321853637695,-1.1262634418713378
BH_s34_medium,35,93,38.1,1.7337430715560913,-0.9504806922752216
BH_s34_medium,35,94,38.13333333333333,1.0497395992279053,-0.6707970133429193
BH_s34_medium,35,95,38.166666666666664,0.5985161662101746,-0.30708908991904726
BH_s34_medium,35,96,38.2,0.42887163162231445,0.10248151883838878
BH_s34_medium,35,97,38.233333333333334,0.48396581411361694,0.5097481371617589
BH_s34_medium,35,98,38.266666666666666,0.5859276652336121,0.8681398513460533
BH_s34_medium,35,99,38.3,0.6625247001647949,1.1432647363572057
BH_s34_medium,35,100,38.333333333333336,0.5107061862945557,1.3185210425316405
BH_s34_medium,35,101,38.36666666666667,0.20812717080116272,1.3942181454932137
BH_s34_medium,35,102,38.4,-0.1483028382062912,1.3819190605633977
BH_s34_medium,35,103,38.43333333333333,-0.534277081489563,1.2976604760155124
BH_s34_medium,35,104,38.46666666666667,-0.7981622219085693,1.1571353544499317
BH_s34_medium,35,105,38.5,-0.9001240730285645,0.9738192826314747
BH_s34_medium,35,106,38.53333333333333,-0.9314141273498535,0.759178667578548
BH_s34_medium,35,107,38.56666666666667,-0.8799967765808105,0.5234646652901522
BH_s34_medium,35,108,38.6,-0.9314141273498535,0.27612537123563263
BH_s34_medium,35,109,38.63333333333333,-0.948049783706665,0.025771286357966078
BH_s34_medium,35,110,38.666666666666664,-1.034248948097229,-0.2198996077120492
BH_s34_medium,35,111,38.7,-1.1005560159683228,-0.4538986226053104
BH_s34_medium,35,112,38.733333333333334,-1.2165347337722778,-0.6694688125897458
BH_s34_medium,35,113,38.766666666666666,-1.3558971881866455,-0.8595218901997297
BH_s34_medium,35,114,38.8,-1.433316946029663,-1.016084532358457
BH_s34_medium,35,115,38.833333333333336,-0.9716851711273193,-1.1297357241927957
BH_s34_medium,35,116,38.86666666666667,0.20339404046535492,-1.189206590216729
BH_s34_medium,35,117,38.9,1.713517189025879,-1.181824048319274
BH_s34_medium,35,118,38.93333333333333,2.685361385345459,-1.0958504616115907
BH_s34_medium,35,119,38.96666666666667,2.679687738418579,-0.925117402921834
BH_s34_medium,35,120,39.0,2.1558115482330322,-0.6745312100946341
BH_s34_medium,35,121,39.03333333333333,1.505817174911499,-0.36353025641585013
BH_s34_medium,35,122,39.06666666666667,1.1094180345535278,-0.024928312907410453
BH_s34_medium,35,123,39.1,0.8637794852256775,0.30129696819913515
BH_s34_medium,35,124,39.13333333333333,0.8132349848747253,0.5771045037403351
BH_s34_medium,35,125,39.166666666666664,0.7653594613075256,0.7747669618790538
BH_s34_medium,35,126,39.2,0.7635634541511536,0.8815358428515658
BH_s34_medium,35,127,39.233333333333334,0.6083380579948425,0.8996432110460285
BH_s34_medium,35,128,39.266666666666666,0.3024525046348572,0.8427438030768782
BH_s34_medium,35,129,39.3,-0.0034330403432250023,0.7308906357924942
BH_s34_medium,35,130,39.333333333333336,-0.41045770049095154,0.5858083326610485
BH_s34_medium,35,131,39.36666666666667,-0.7180388569831848,0.42734919764228535
BH_s34_medium,35,132,39.4,-0.8765552639961243,0.27141550890788135
BH_s34_medium,35,133,39.43333333333333,-0.9314141273498535,0.12926823098545157
BH_s34_medium,35,134,39.46666666666667,-0.9828315377235413,0.007782184480893777
BH_s34_medium,35,135,39.5,-0.9828315377235413,-0.0898272939500347
BH_s34_medium,35,136,39.53333333333333,-1.0273157358169556,-0.1628696567780805
BH_s34_medium,35,137,39.56666666666667,-1.1292775869369507,-0.21160748295715934
BH_s34_medium,35,138,39.6,-1.2312394380569458,-0.23589042546748384
BH_s34_medium,35,139,39.63333333333333,-1.3750667572021484,-0.235126221336774
BH_s34_medium,35,140,39.666666666666664,-1.5275729894638062,-0.2100497839961948
BH_s34_medium,35,141,39.7,-1.639959692955017,-0.1653139730305316
BH_s34_medium,35,142,39.733333333333334,-1.7540922164916992,-0.11087573191576507
BH_s34_medium,35,143,39.766666666666666,-1.164684772491455,-0.06047598941648864
BH_s34_medium,35,144,39.8,0.10777188837528229,-0.027292695911854223
BH_s34_medium,35,145,39.833333333333336,1.6747004985809326,-0.018851227101711266
BH_s34_medium,35,146,39.86666666666667,2.6051533222198486,-0.0340140757834598
BH_s34_medium,35,147,39.9,2.5282740592956543,-0.0637627832055083
BH_s34_medium,35,148,39.93333333333333,1.9495736360549927,-0.09518254620757165
BH_s34_medium,35,149,39.96666666666667,1.286385178565979,-0.11632062507846724
BH_s34_medium,35,150,40.0,0.8419755697250366,-0.11968649257197819
BH_s34_medium,35,151,40.03333333333333,0.6311342716217041,-0.10349191148135103
BH_s34_medium,35,152,40.06666666666667,0.611107349395752,-0.07097094837948958
BH_s34_medium,35,153,40.1,0.6407519578933716,-0.02863221277525917
BH_s34_medium,35,154,40.13333333333333,0.6851704120635986,0.015855526541890562
BH_s34_medium,35,155,40.166666666666664,0.5553097724914551,0.05575657214412601
BH_s34_medium,35,156,40.2,0.24591699242591858,0.08698943289914515
BH_s34_medium,35,157,40.233333333333334,-0.11051300913095474,0.10895320633689135
BH_s34_medium,35,158,40.266666666666666,-0.5183603763580322,0.12393110205360111
BH_s34_medium,35,159,40.3,-0.8259761929512024,0.13504239024967407
BH_s34_medium,35,160,40.333333333333336,-1.0063656568527222,0.1436336666380464
BH_s34_medium,35,161,40.36666666666667,-1.034248948097229,0.14761513110159621
BH_s34_medium,35,162,40.4,-1.034248948097229,0.1418621947754939
BH_s34_medium,35,163,40.43333333333333,-1.034248948097229,0.12044136592511501
BH_s34_medium,35,164,40.46666666666667,-1.034248948097229,0.0789682467263199
BH_s34_medium,35,165,40.5,-1.104835867881775,0.01540402655981821
BH_s34_medium,35,166,40.53333333333333,-1.20679771900177,-0.07056597118648751
BH_s34_medium,35,167,40.56666666666667,-1.3087595701217651,-0.17786478274472045
BH_s34_medium,35,168,40.6,-1.4621387720108032,-0.30291949228474185
BH_s34_medium,35,169,40.63333333333333,-1.6155179738998413,-0.43758470993745696
BH_s34_medium,35,170,40.666666666666664,-1.5624275207519531,-0.567395213442723
BH_s34_medium,35,171,40.7,-0.5960448980331421,-0.6713684354149951
BH_s34_medium,35,172,40.733333333333334,0.8069947957992554,-0.7241669650102899
BH_s34_medium,35,173,40.766666666666666,2.1482839584350586,-0.7007640095264932
BH_s34_medium,35,174,40.8,2.4909238815307617,-0.5828219027230547
BH_s34_medium,35,175,40.833333333333336,2.0291285514831543,-0.3652097221768975
BH_s34_medium,35,176,40.86666666666667,1.3058280944824219,-0.06079436894815461
BH_s34_medium,35,177,40.9,0.6190518140792847,0.2983645136791825
BH_s34_medium,35,178,40.93333333333333,0.23554234206676483,0.6649943078113376
BH_s34_medium,35,179,40.96666666666667,0.1622483730316162,0.9859285190130783
BH_s34_medium,35,180,41.0,0.3722478747367859,1.214293592008151
BH_s34_medium,35,181,41.03333333333333,0.6163102388381958,1.3201466144670244
BH_s34_medium,35,182,41.06666666666667,0.6538647413253784,1.2956870067035882
BH_s34_medium,35,183,41.1,0.39506658911705017,1.1537117360752536
BH_s34_medium,35,184,41.13333333333333,-0.01365370862185955,0.9208550988454832
BH_s34_medium,35,185,41.166666666666664,-0.42408522963523865,0.6289477974329631
BH_s34_medium,35,186,41.2,-0.7788386344909668,0.30789018272258656
BH_s34_medium,35,187,41.233333333333334,-0.982762336730957,-0.01795727832510398
BH_s34_medium,35,188,41.266666666666666,-1.034248948097229,-0.3298195221775407
BH_s34_medium,35,189,41.3,-1.034248948097229,-0.6124554531010524
BH_s34_medium,35,190,41.333333333333336,-0.9828315377235413,-0.8519341442118078
BH_s34_medium,35,191,41.36666666666667,-0.9828315377235413,-1.0346917800894704
BH_s34_medium,35,192,41.4,-1.0298497676849365,-1.1484111875535794
BH_s34_medium,35,193,41.43333333333333,-1.0803941488265991,-1.18429869850472
BH_s34_medium,35,194,41.46666666666667,-1.1823559999465942,-1.139635047285077
BH_s34_medium,35,195,41.5,-1.3287173509597778,-1.0193994868163276
BH_s34_medium,35,196,41.53333333333333,-1.4376970529556274,-0.8363388635814573
BH_s34_medium,35,197,41.56666666666667,-1.232319951057434,-0.6095366802381473
BH_s34_medium,35,198,41.6,-0.13117839395999908,-0.3618514101636686
BH_s34_medium,35,199,41.63333333333333,1.4198836088180542,-0.11670089591053659
BH_s34_medium,35,200,41.666666666666664,2.668194532394409,0.10516572066007016
BH_s34_medium,35,201,41.7,2.885727643966675,0.288251511396769
BH_s34_medium,35,202,41.733333333333334,2.3866512775421143,0.4239063095208194
BH_s34_medium,35,203,41.766666666666666,1.6860466003417969,0.510879370852516
BH_s34_medium,35,204,41.8,1.1482348442077637,0.5547448617189734
BH_s34_medium,35,205,41.833333333333336,0.8482711315155029,0.566052842026161
BH_s34_medium,35,206,41.86666666666667,0.7653594613075256,0.5573503153409036
BH_s34_medium,35,207,41.9,0.7992838621139526,0.5397835198538592
BH_s34_medium,35,208,41.93333333333333,0.8681942224502563,0.5204247029982507
BH_s34_medium,35,209,41.96666666666667,0.7845982909202576,0.501305688084511
BH_s34_medium,35,210,42.0,0.5171903371810913,0.48031383846676673
BH_s34_medium,35,211,42.03333333333333,0.09902192652225494,0.4532239487025608
BH_s34_medium,35,212,42.06666666666667,-0.2783927023410797,0.41584294010518297
BH_s34_medium,35,213,42.1,-0.6061357855796814,0.3655420816591201
BH_s34_medium,35,214,42.13333333333333,-0.8049759864807129,0.30197817558954887
BH_s34_medium,35,215,42.166666666666664,-0.906937837600708,0.22720998706185142
BH_s34_medium,35,216,42.2,-0.9314141273498535,0.14550208785912816
BH_s34_medium,35,217,42.233333333333334,-0.9314141273498535,0.06290041081639126
BH_s34_medium,35,218,42.266666666666666,-0.9828315377235413,-0.013623120847776019
BH_s34_medium,35,219,42.3,-1.0062808990478516,-0.07772305563130623
BH_s34_medium,35,220,42.333333333333336,-1.1082427501678467,-0.1258609039297855
BH_s34_medium,35,221,42.36666666666667,-1.2102046012878418,-0.1594335351703395
BH_s34_medium,35,222,42.4,-1.3329970836639404,-0.18565637598912865
BH_s34_medium,35,223,42.43333333333333,-1.465545654296875,-0.21606565186505838
BH_s34_medium,35,224,42.46666666666667,-1.5998401641845703,-0.262368293971892
BH_s34_medium,35,225,42.5,-1.281680941581726,-0.3307674795760925
BH_s34_medium,35,226,42.53333333333333,-0.12307730317115784,-0.4171005943367524
BH_s34_medium,35,227,42.56666666666667,1.4401553869247437,-0.5052058196653014
BH_s34_medium,35,228,42.6,2.6943509578704834,-0.5696205654689138
BH_s34_medium,35,229,42.63333333333333,2.8807289600372314,-0.5820810050837012
BH_s34_medium,35,230,42.666666666666664,2.379049301147461,-0.5203374754739652
BH_s34_medium,35,231,42.7,1.7672781944274902,-0.3771249184434848
BH_s34_medium,35,232,42.733333333333334,1.2432289123535156,-0.16630147931736067
BH_s34_medium,35,233,42.766666666666666,0.9598004817962646,0.07691582464251767
BH_s34_medium,35,234,42.8,0.8681942224502563,0.30308613012003416
BH_s34_medium,35,235,42.833333333333336,0.8167768716812134,0.4616161982807868
BH_s34_medium,35,236,42.86666666666667,0.808167040348053,0.5155286665488362
BH_s34_medium,35,237,42.9,0.6984683275222778,0.45265840424440884
BH_s34_medium,35,238,42.93333333333333,0.4293993413448334,0.2895134342320266
BH_s34_medium,35,239,42.96666666666667,0.02754300646483898,0.06698947570993075
BH_s34_medium,36,0,36.0,-1.4797667264938354,-0.0028244271902455225
BH_s34_medium,36,1,36.03333333333333,-1.4970053434371948,-0.015187275919319277
BH_s34_medium,36,2,36.06666666666667,-0.9480220675468445,-0.03393385612188457
BH_s34_medium,36,3,36.1,0.19870935380458832,-0.06327614234929654
BH_s34_medium,36,4,36.13333333333333,1.575630784034729,-0.1019639951661802
BH_s34_medium,36,5,36.166666666666664,2.3973233699798584,-0.14318694706839222
BH_s34_medium,36,6,36.2,2.3463680744171143,-0.17669337490772705
BH_s34_medium,36,7,36.233333333333334,1.830966591835022,-0.1926132933103461
BH_s34_medium,36,8,36.266666666666666,1.24639093875885,-0.18541262709422118
BH_s34_medium,36,9,36.3,0.840644121170044,-0.1560243346583605
BH_s34_medium,36,10,36.333333333333336,0.6370751261711121,-0.1112626374168223
BH_s34_medium,36,11,36.36666666666667,0.611107349395752,-0.061110571065038415
BH_s34_medium,36,12,36.4,0.6348111033439636,-0.015148014781469727
BH_s34_medium,36,13,36.43333333333333,0.6396938562393188,0.020541351288754346
BH_s34_medium,36,14,36.46666666666667,0.515774130821228,0.04470046633882614
BH_s34_medium,36,15,36.5,0.23934805393218994,0.05983837344161179
BH_s34_medium,36,16,36.53333333333333,-0.08674956858158112,0.06959610852682999
BH_s34_medium,36,17,36.56666666666667,-0.4752577841281891,0.07634085320433048
BH_s34_medium,36,18,36.6,-0.7112597227096558,0.08027512163713317
BH_s34_medium,36,19,36.63333333333333,-0.8799967765808105,0.08009974919565718
BH_s34_medium,36,20,36.666666666666664,-0.9314141273498535,0.07448455502015809
BH_s34_medium,36,21,36.7,-0.9314141273498535,0.0633821606905933
BH_s34_medium,36,22,36.733333333333334,-0.9314141273498535,0.048288544991630225
BH_s34_medium,36,23,36.766666666666666,-0.9828315377235413,0.03109596699920707
BH_s34_medium,36,24,36.8,-1.0474776029586792,0.012186007483150227
BH_s34_medium,36,25,36.833333333333336,-1.1494394540786743,-0.010957476223913883
BH_s34_medium,36,26,36.86666666666667,-1.2514013051986694,-0.04370334141811289
BH_s34_medium,36,27,36.9,-1.3533631563186646,-0.09272881200360918
BH_s34_medium,36,28,36.93333333333333,-1.4553250074386597,-0.16344760247892504
BH_s34_medium,36,29,36.96666666666667,-1.5572868585586548,-0.2570488856526137
BH_s34_medium,36,30,37.0,-1.6352750062942505,-0.3678701209497591
BH_s34_medium,36,31,37.03333333333333,-1.1101996898651123,-0.481970269918095
BH_s34_medium,36,32,37.06666666666667,0.08777955174446106,-0.5778361345034736
BH_s34_medium,36,33,37.1,1.595717430114746,-0.6297478423229627
BH_s34_medium,36,34,37.13333333333333,2.466632604598999,-0.6133482499929137
BH_s34_medium,36,35,37.166666666666664,2.341165065765381,-0.5120479609505636
BH_s34_medium,36,36,37.2,1.7230137586593628,-0.3226445278812394
BH_s34_medium,36,37,37.233333333333334,1.0625790357589722,-0.05870355144693999
BH_s34_medium,36,38,37.266666666666666,0.5566663146018982,0.24954870033932067
BH_s34_medium,36,39,37.3,0.3540204167366028,0.5596722127333115
BH_s34_medium,36,40,37.333333333333336,0.40469983220100403,0.8256560293887146
BH_s34_medium,36,41,37.36666666666667,0.6078855991363525,1.0088626361512054
BH_s34_medium,36,42,37.4,0.7114583253860474,1.0875533142360208
BH_s34_medium,36,43,37.43333333333333,0.6178207397460938,1.061126444365419
BH_s34_medium,36,44,37.46666666666667,0.2681041657924652,0.9476006733539165
BH_s34_medium,36,45,37.5,-0.09342838078737259,0.7761220322953691
BH_s34_medium,36,46,37.53333333333333,-0.496173232793808,0.578071500188872
BH_s34_medium,36,47,37.56666666666667,-0.7634652256965637,0.3799964560993597
BH_s34_medium,36,48,37.6,-0.8722754716873169,0.19981865740363078
BH_s34_medium,36,49,37.63333333333333,-0.8799967765808105,0.04606468063447627
BH_s34_medium,36,50,37.666666666666664,-0.8380464911460876,-0.08076743692134924
BH_s34_medium,36,51,37.7,-0.8285793662071228,-0.1855794040625965
BH_s34_medium,36,52,37.733333333333334,-0.8687837719917297,-0.27574206982834126
BH_s34_medium,36,53,37.766666666666666,-0.9193282723426819,-0.3588398407297758
BH_s34_medium,36,54,37.8,-1.0212900638580322,-0.4415857734648228
BH_s34_medium,36,55,37.833333333333336,-1.1232519149780273,-0.529537604158154
BH_s34_medium,36,56,37.86666666666667,-1.2766311168670654,-0.6265515215710499
BH_s34_medium,36,57,37.9,-1.3427531719207764,-0.7330970528480917
BH_s34_medium,36,58,37.93333333333333,-0.7709642052650452,-0.8437174475620014
BH_s34_medium,36,59,37.96666666666667,0.4373205006122589,-0.9450014779710382
BH_s34_medium,36,60,38.0,1.7810208797454834,-1.0155105596762568
BH_s34_medium,36,61,38.03333333333333,2.5077600479125977,-1.028604701099438
BH_s34_medium,36,62,38.06666666666667,2.3362321853637695,-0.9585673467594101
BH_s34_medium,36,63,38.1,1.7337430715560913,-0.7892565044385216
BH_s34_medium,36,64,38.13333333333333,1.0497395992279053,-0.5224923776958904
BH_s34_medium,36,65,38.166666666666664,0.5985161662101746,-0.1820469085926181
BH_s34_medium,36,66,38.2,0.42887163162231445,0.18990508571076797
BH_s34_medium,36,67,38.233333333333334,0.48396581411361694,0.5436085195914017
BH_s34_medium,36,68,38.266666666666666,0.5859276652336121,0.8354643426101784
BH_s34_medium,36,69,38.3,0.6625247001647949,1.0385552462257566
BH_s34_medium,36,70,38.333333333333336,0.5107061862945557,1.1460177019757494
BH_s34_medium,36,71,38.36666666666667,0.20812717080116272,1.1674271018066695
BH_s34_medium,36,72,38.4,-0.1483028382062912,1.121341947911525
BH_s34_medium,36,73,38.43333333333333,-0.534277081489563,1.0278228996882188
BH_s34_medium,36,74,38.46666666666667,-0.7981622219085693,0.903516458858314
BH_s34_medium,36,75,38.5,-0.9001240730285645,0.7598960443819278
BH_s34_medium,36,76,38.53333333333333,-0.9314141273498535,0.6036963635720477
BH_s34_medium,36,77,38.56666666666667,-0.8799967765808105,0.43817916442215593
BH_s34_medium,36,78,38.6,-0.9314141273498535,0.26451120262444566
BH_s34_medium,36,79,38.63333333333333,-0.948049783706665,0.08323899003219715
BH_s34_medium,36,80,38.666666666666664,-1.034248948097229,-0.1041770944363511
BH_s34_medium,36,81,38.7,-1.1005560159683228,-0.2942057639068205
BH_s34_medium,36,82,38.733333333333334,-1.2165347337722778,-0.4809507639505579
BH_s34_medium,36,83,38.766666666666666,-1.3558971881866455,-0.6567207714579231
BH_s34_medium,36,84,38.8,-1.433316946029663,-0.8128143149807581
BH_s34_medium,36,85,38.833333333333336,-0.9716851711273193,-0.9397561485130919
BH_s34_medium,36,86,38.86666666666667,0.20339404046535492,-1.0269558880396215
BH_s34_medium,36,87,38.9,1.713517189025879,-1.0626999647059443
BH_s34_medium,36,88,38.93333333333333,2.685361385345459,-1.0356362939428243
BH_s34_medium,36,89,38.96666666666667,2.679687738418579,-0.938130763643879
BH_s34_medium,36,90,39.0,2.1558115482330322,-0.7704595976349341
BH_s34_medium,36,91,39.03333333333333,1.505817174911499,-0.5437692840237344
BH_s34_medium,36,92,39.06666666666667,1.1094180345535278,-0.2799320200677892
BH_s34_medium,36,93,39.1,0.8637794852256775,-0.007775094806029656
BH_s34_medium,36,94,39.13333333333333,0.8132349848747253,0.24310616951171451
BH_s34_medium,36,95,39.166666666666664,0.7653594613075256,0.4486384925891064
BH_s34_medium,36,96,39.2,0.7635634541511536,0.5944922631635677
BH_s34_medium,36,97,39.233333333333334,0.6083380579948425,0.6771908795667912
BH_s34_medium,36,98,39.266666666666666,0.3024525046348572,0.70242423677988
BH_s34_medium,36,99,39.3,-0.0034330403432250023,0.6817641103868702
BH_s34_medium,36,100,39.333333333333336,-0.41045770049095154,0.6290744114302389
BH_s34_medium,36,101,39.36666666666667,-0.7180388569831848,0.5575146400147736
BH_s34_medium,36,102,39.4,-0.8765552639961243,0.47759286079675906
BH_s34_medium,36,103,39.43333333333333,-0.9314141273498535,0.3963460974680398
BH_s34_medium,36,104,39.46666666666667,-0.9828315377235413,0.31741043971707433
BH_s34_medium,36,105,39.5,-0.9828315377235413,0.24165331701625697
BH_s34_medium,36,106,39.53333333333333,-1.0273157358169556,0.1682079163489824
BH_s34_medium,36,107,39.56666666666667,-1.1292775869369507,0.0958256233672982
BH_s34_medium,36,108,39.6,-1.2312394380569458,0.024219888244508832
BH_s34_medium,36,109,39.63333333333333,-1.3750667572021484,-0.0451437609365094
BH_s34_medium,36,110,39.666666666666664,-1.5275729894638062,-0.10917023222465448
BH_s34_medium,36,111,39.7,-1.639959692955017,-0.1640706352567035
BH_s34_medium,36,112,39.733333333333334,-1.7540922164916992,-0.20662941660634188
BH_s34_medium,36,113,39.766666666666666,-1.164684772491455,-0.23518754163913788
BH_s34_medium,36,114,39.8,0.10777188837528229,-0.24988002440673315
BH_s34_medium,36,115,39.833333333333336,1.6747004985809326,-0.252089934379319
BH_s34_medium,36,116,39.86666666666667,2.6051533222198486,-0.24358672301890363
BH_s34_medium,36,117,39.9,2.5282740592956543,-0.22598870357576417
BH_s34_medium,36,118,39.93333333333333,1.9495736360549927,-0.20081899477475113
BH_s34_medium,36,119,39.96666666666667,1.286385178565979,-0.16987018399588283
BH_s34_medium,36,120,40.0,0.8419755697250366,-0.1353607721049516
BH_s34_medium,36,121,40.03333333333333,0.6311342716217041,-0.09962911305425702
BH_s34_medium,36,122,40.06666666666667,0.611107349395752,-0.06462706676326942
BH_s34_medium,36,123,40.1,0.6407519578933716,-0.03167563938035516
BH_s34_medium,36,124,40.13333333333333,0.6851704120635986,-0.0015577737238814953
BH_s34_medium,36,125,40.166666666666664,0.5553097724914551,0.025418016365235923
BH_s34_medium,36,126,40.2,0.24591699242591858,0.0496566440545477
BH_s34_medium,36,127,40.233333333333334,-0.11051300913095474,0.07259122992481755
BH_s34_medium,36,128,40.266666666666666,-0.5183603763580322,0.09646181628762739
BH_s34_medium,36,129,40.3,-0.8259761929512024,0.1231092381195356
BH_s34_medium,36,130,40.333333333333336,-1.0063656568527222,0.15209026329698064
BH_s34_medium,36,131,40.36666666666667,-1.034248948097229,0.1792697831224818
BH_s34_medium,36,132,40.4,-1.034248948097229,0.19724122294609503
BH_s34_medium,36,133,40.43333333333333,-1.034248948097229,0.19788060235158117
BH_s34_medium,36,134,40.46666666666667,-1.034248948097229,0.17551060129891202
BH_s34_medium,36,135,40.5,-1.104835867881775,0.12850359538313108
BH_s34_medium,36,136,40.53333333333333,-1.20679771900177,0.05873068305675108
BH_s34_medium,36,137,40.56666666666667,-1.3087595701217651,-0.029879189873984503
BH_s34_medium,36,138,40.6,-1.4621387720108032,-0.13232645473636465
BH_s34_medium,36,139,40.63333333333333,-1.6155179738998413,-0.24268939500110015
BH_s34_medium,36,140,40.666666666666664,-1.5624275207519531,-0.35355575868241634
BH_s34_medium,36,141,40.7,-0.5960448980331421,-0.45500725837003264
BH_s34_medium,36,142,40.733333333333334,0.8069947957992554,-0.5337885335685699
BH_s34_medium,36,143,40.766666666666666,2.1482839584350586,-0.5736034705828152
BH_s34_medium,36,144,40.8,2.4909238815307617,-0.5572755754840617
BH_s34_medium,36,145,40.833333333333336,2.0291285514831543,-0.4708660372515674
BH_s34_medium,36,146,40.86666666666667,1.3058280944824219,-0.3090361946988665
BH_s34_medium,36,147,40.9,0.6190518140792847,-0.080025911855127
BH_s34_medium,36,148,40.93333333333333,0.23554234206676483,0.1921112962326706
BH_s34_medium,36,149,40.96666666666667,0.1622483730316162,0.4700557390985877
BH_s34_medium,36,150,41.0,0.3722478747367859,0.7107681552424201
BH_s34_medium,36,151,41.03333333333333,0.6163102388381958,0.8757736116263906
BH_s34_medium,36,152,41.06666666666667,0.6538647413253784,0.9402898548841183
BH_s34_medium,36,153,41.1,0.39506658911705017,0.897757334051116
BH_s34_medium,36,154,41.13333333333333,-0.01365370862185955,0.7588252493474392
BH_s34_medium,36,155,41.166666666666664,-0.42408522963523865,0.5465301233928387
BH_s34_medium,36,156,41.2,-0.7788386344909668,0.29039927191308373
BH_s34_medium,36,157,41.233333333333334,-0.982762336730957,0.021439940350139797
BH_s34_medium,36,158,41.266666666666666,-1.034248948097229,-0.23148860582983527
BH_s34_medium,36,159,41.3,-1.034248948097229,-0.4443972365009055
BH_s34_medium,36,160,41.333333333333336,-0.9828315377235413,-0.6003891337882651
BH_s34_medium,36,161,41.36666666666667,-0.9828315377235413,-0.6911825662855166
BH_s34_medium,36,162,41.4,-1.0298497676849365,-0.7174087879182868
BH_s34_medium,36,163,41.43333333333333,-1.0803941488265991,-0.6873542282334331
BH_s34_medium,36,164,41.46666666666667,-1.1823559999465942,-0.6143352368115771
BH_s34_medium,36,165,41.5,-1.3287173509597778,-0.5134123277157788
BH_s34_medium,36,166,41.53333333333333,-1.4376970529556274,-0.3983780762421707
BH_s34_medium,36,167,41.56666666666667,-1.232319951057434,-0.279777077845843
BH_s34_medium,36,168,41.6,-0.13117839395999908,-0.16424760611574005
BH_s34_medium,36,169,41.63333333333333,1.4198836088180542,-0.05501512469921784
BH_s34_medium,36,170,41.666666666666664,2.668194532394409,0.04687008120070938
BH_s34_medium,36,171,41.7,2.885727643966675,0.14108658658394532
BH_s34_medium,36,172,41.733333333333334,2.3866512775421143,0.22702283792534145
BH_s34_medium,36,173,41.766666666666666,1.6860466003417969,0.30362576552037623
BH_s34_medium,36,174,41.8,1.1482348442077637,0.3699475997203475
BH_s34_medium,36,175,41.833333333333336,0.8482711315155029,0.42568906692063047
BH_s34_medium,36,176,41.86666666666667,0.7653594613075256,0.4710949973717344
BH_s34_medium,36,177,41.9,0.7992838621139526,0.5061344760459017
BH_s34_medium,36,178,41.93333333333333,0.8681942224502563,0.5295301429347016
BH_s34_medium,36,179,41.96666666666667,0.7845982909202576,0.5383842176319085
BH_s34_medium,36,180,42.0,0.5171903371810913,0.5287195262032969
BH_s34_medium,36,181,42.03333333333333,0.09902192652225494,0.4966467940159502
BH_s34_medium,36,182,42.06666666666667,-0.2783927023410797,0.43960841869930967
BH_s34_medium,36,183,42.1,-0.6061357855796814,0.35731091384578406
BH_s34_medium,36,184,42.13333333333333,-0.8049759864807129,0.2522820204498774
BH_s34_medium,36,185,42.166666666666664,-0.906937837600708,0.130116036453156
BH_s34_medium,36,186,42.2,-0.9314141273498535,-0.000715035798559048
BH_s34_medium,36,187,42.233333333333334,-0.9314141273498535,-0.12975307070663403
BH_s34_medium,36,188,42.266666666666666,-0.9828315377235413,-0.24621239913737666
BH_s34_medium,36,189,42.3,-1.0062808990478516,-0.34114222807260436
BH_s34_medium,36,190,42.333333333333336,-1.1082427501678467,-0.40968057575373923
BH_s34_medium,36,191,42.36666666666667,-1.2102046012878418,-0.45290155123961007
BH_s34_medium,36,192,42.4,-1.3329970836639404,-0.47855782067845526
BH_s34_medium,36,193,42.43333333333333,-1.465545654296875,-0.4998441453833411
BH_s34_medium,36,194,42.46666666666667,-1.5998401641845703,-0.5315478785035775
BH_s34_medium,36,195,42.5,-1.281680941581726,-0.5840518775924948
BH_s34_medium,36,196,42.53333333333333,-0.12307730317115784,-0.6573314757308752
BH_s34_medium,36,197,42.56666666666667,1.4401553869247437,-0.7378467435701641
BH_s34_medium,36,198,42.6,2.6943509578704834,-0.8000901695325303
BH_s34_medium,36,199,42.63333333333333,2.8807289600372314,-0.8125876036188178
BH_s34_medium,36,200,42.666666666666664,2.379049301147461,-0.746794945087587
BH_s34_medium,36,201,42.7,1.7672781944274902,-0.586553972825507
BH_s34_medium,36,202,42.733333333333334,1.2432289123535156,-0.3351968520893322
BH_s34_medium,36,203,42.766666666666666,0.9598004817962646,-0.017539656068267444
BH_s34_medium,36,204,42.8,0.8681942224502563,0.3245636752904331
BH_s34_medium,36,205,42.833333333333336,0.8167768716812134,0.6420954001083046
BH_s34_medium,36,206,42.86666666666667,0.808167040348053,0.8909494742103085
BH_s34_medium,36,207,42.9,0.6984683275222778,1.0420731461576267
BH_s34_medium,36,208,42.93333333333333,0.4293993413448334,1.0865155009698901
BH_s34_medium,36,209,42.96666666666667,0.02754300646483898,1.03447976766144
BH_s34_medium,36,210,43.0,-0.3862954080104828,0.9097796552630858
BH_s34_medium,36,211,43.03333333333333,-0.7384802103042603,0.7423325624234335
BH_s34_medium,36,212,43.06666666666667,-0.9862037897109985,0.5611111507150325
BH_s34_medium,36,213,43.1,-1.0881656408309937,0.38904419231555004
BH_s34_medium,36,214,43.13333333333333,-1.137083649635315,0.2405463443133991
BH_s34_medium,36,215,43.166666666666664,-1.137083649635315,0.12165893910288234
BH_s34_medium,36,216,43.2,-1.137083649635315,0.03201487782675705
BH_s34_medium,36,217,43.233333333333334,-1.1875087022781372,-0.03261168594707628
BH_s34_medium,36,218,43.266666666666666,-1.2894705533981323,-0.07820004427669937
BH_s34_medium,36,219,43.3,-1.3886942863464355,-0.1113030922963096
BH_s34_medium,36,220,43.333333333333336,-1.4933942556381226,-0.13880026473693816
BH_s34_medium,36,221,43.36666666666667,-1.5953561067581177,-0.1681015239127249
BH_s34_medium,36,222,43.4,-1.6973179578781128,-0.20681675762375987
BH_s34_medium,36,223,43.43333333333333,-1.799279808998108,-0.2610231484499854
BH_s34_medium,36,224,43.46666666666667,-1.583936333656311,-0.33232941902758095
BH_s34_medium,36,225,43.5,-0.37464725971221924,-0.41511489577889094
BH_s34_medium,36,226,43.53333333333333,1.2319424152374268,-0.49560550999710534
BH_s34_medium,36,227,43.56666666666667,2.5705878734588623,-0.5537289889670729
BH_s34_medium,36,228,43.6,2.8326492309570312,-0.5675428961905586
BH_s34_medium,36,229,43.63333333333333,1.4578335285186768,-0.5192457684385094
BH_s34_medium,36,230,43.666666666666664,0.8147204518318176,-0.4015804014867549
BH_s34_medium,36,231,43.7,0.4964946508407593,-0.22293048911919808
BH_s34_medium,36,232,43.733333333333334,0.3166891038417816,-0.008452583210290254
BH_s34_medium,36,233,43.766666666666666,0.3026030361652374,0.20474555269117778
BH_s34_medium,36,234,43.8,0.338188499212265,0.3771005608070308
BH_s34_medium,36,235,43.833333333333336,0.3887329697608948,0.47667848260133555
BH_s34_medium,36,236,43.86666666666667,0.37159815430641174,0.4862945939981847
BH_s34_medium,36,237,43.9,0.2366696000099182,0.40647945969978005
BH_s34_medium,36,238,43.93333333333333,0.032745908945798874,0.25462614124402555
BH_s34_medium,36,239,43.96666666666667,-0.17117778956890106,0.06108692335276368
BH_s34_medium,37,0,37.0,-1.6352750062942505,-0.001995545099129057
BH_s34_medium,37,1,37.03333333333333,-1.1101996898651123,-0.16866494389967993
BH_s34_medium,37,2,37.06666666666667,0.08777955174446106,-0.31783204815321564
BH_s34_medium,37,3,37.1,1.595717430114746,-0.4315373801697825
BH_s34_medium,37,4,37.13333333333333,2.466632604598999,-0.49112381636341934
BH_s34_medium,37,5,37.166666666666664,2.341165065765381,-0.48059059867464154
BH_s34_medium,37,6,37.2,1.7230137586593628,-0.39191840408587936
BH_s34_medium,37,7,37.233333333333334,1.0625790357589722,-0.2304672260159649
BH_s34_medium,37,8,37.266666666666666,0.5566663146018982,-0.017630145006023678
BH_s34_medium,37,9,37.3,0.3540204167366028,0.21170120645090915
BH_s34_medium,37,10,37.333333333333336,0.40469983220100403,0.41705972171940847
BH_s34_medium,37,11,37.36666666666667,0.6078855991363525,0.5631096754800603
BH_s34_medium,37,12,37.4,0.7114583253860474,0.629014244405784
BH_s34_medium,37,13,37.43333333333333,0.6178207397460938,0.6129142036024893
BH_s34_medium,37,14,37.46666666666667,0.2681041657924652,0.5302470054305979
BH_s34_medium,37,15,37.5,-0.09342838078737259,0.40728636402869023
BH_s34_medium,37,16,37.53333333333333,-0.496173232793808,0.2728882558534737
BH_s34_medium,37,17,37.56666666666667,-0.7634652256965637,0.15134937381512678
BH_s34_medium,37,18,37.6,-0.8722754716873169,0.057901330103077374
BH_s34_medium,37,19,37.63333333333333,-0.8799967765808105,-0.00302356603697399
BH_s34_medium,37,20,37.666666666666664,-0.8380464911460876,-0.0370622599439664
BH_s34_medium,37,21,37.7,-0.8285793662071228,-0.05700317270349584
BH_s34_medium,37,22,37.733333333333334,-0.8687837719917297,-0.07829448493666691
BH_s34_medium,37,23,37.766666666666666,-0.9193282723426819,-0.11431526189802796
BH_s34_medium,37,24,37.8,-1.0212900638580322,-0.17319971887705468
BH_s34_medium,37,25,37.833333333333336,-1.1232519149780273,-0.25733229127411156
BH_s34_medium,37,26,37.86666666666667,-1.2766311168670654,-0.3648292921050894
BH_s34_medium,37,27,37.9,-1.3427531719207764,-0.49097000576010247
BH_s34_medium,37,28,37.93333333333333,-0.7709642052650452,-0.6279933944805036
BH_s34_medium,37,29,37.96666666666667,0.4373205006122589,-0.7633391154903132
BH_s34_medium,37,30,38.0,1.7810208797454834,-0.8778822172695546
BH_s34_medium,37,31,38.03333333333333,2.5077600479125977,-0.9462298863796736
BH_s34_medium,37,32,38.06666666666667,2.3362321853637695,-0.9405589570864801
BH_s34_medium,37,33,38.1,1.7337430715560913,-0.8379670578600991
BH_s34_medium,37,34,38.13333333333333,1.0497395992279053,-0.6293989565229375
BH_s34_medium,37,35,38.166666666666664,0.5985161662101746,-0.32662183242241377
BH_s34_medium,37,36,38.2,0.42887163162231445,0.036601852302878636
BH_s34_medium,37,37,38.233333333333334,0.48396581411361694,0.4110709125046206
BH_s34_medium,37,38,38.266666666666666,0.5859276652336121,0.7445306747579576
BH_s34_medium,37,39,38.3,0.6625247001647949,0.9948561467844572
BH_s34_medium,37,40,38.333333333333336,0.5107061862945557,1.1389223431070372
BH_s34_medium,37,41,38.36666666666667,0.20812717080116272,1.174669470509772
BH_s34_medium,37,42,38.4,-0.1483028382062912,1.1172014031957782
BH_s34_medium,37,43,38.43333333333333,-0.534277081489563,0.9918098309862059
BH_s34_medium,37,44,38.46666666666667,-0.7981622219085693,0.8267469359225628
BH_s34_medium,37,45,38.5,-0.9001240730285645,0.647345857149317
BH_s34_medium,37,46,38.53333333333333,-0.9314141273498535,0.4720982274546514
BH_s34_medium,37,47,38.56666666666667,-0.8799967765808105,0.31086066930567496
BH_s34_medium,37,48,38.6,-0.9314141273498535,0.16516395044506807
BH_s34_medium,37,49,38.63333333333333,-0.948049783706665,0.030412797013562642
BH_s34_medium,37,50,38.666666666666664,-1.034248948097229,-0.10052118013268659
BH_s34_medium,37,51,38.7,-1.1005560159683228,-0.23322774315038994
BH_s34_medium,37,52,38.733333333333334,-1.2165347337722778,-0.3684743927275247
BH_s34_medium,37,53,38.766666666666666,-1.3558971881866455,-0.500807684781473
BH_s34_medium,37,54,38.8,-1.433316946029663,-0.6193000070033892
BH_s34_medium,37,55,38.833333333333336,-0.9716851711273193,-0.7098429626167403
BH_s34_medium,37,56,38.86666666666667,0.20339404046535492,-0.7581550800634276
BH_s34_medium,37,57,38.9,1.713517189025879,-0.752938655142049
BH_s34_medium,37,58,38.93333333333333,2.685361385345459,-0.6888715495885389
BH_s34_medium,37,59,38.96666666666667,2.679687738418579,-0.568981809856857
BH_s34_medium,37,60,39.0,2.1558115482330322,-0.4055319219489746
BH_s34_medium,37,61,39.03333333333333,1.505817174911499,-0.21853916591985392
BH_s34_medium,37,62,39.06666666666667,1.1094180345535278,-0.03192779022414342
BH_s34_medium,37,63,39.1,0.8637794852256775,0.13152374297118902
BH_s34_medium,37,64,39.13333333333333,0.8132349848747253,0.25468671152742284
BH_s34_medium,37,65,39.166666666666664,0.7653594613075256,0.3286023719069816
BH_s34_medium,37,66,39.2,0.7635634541511536,0.3525867072286595
BH_s34_medium,37,67,39.233333333333334,0.6083380579948425,0.3325718428204257
BH_s34_medium,37,68,39.266666666666666,0.3024525046348572,0.2788905456729652
BH_s34_medium,37,69,39.3,-0.0034330403432250023,0.20448163667689195
BH_s34_medium,37,70,39.333333333333336,-0.41045770049095154,0.12369083042027122
BH_s34_medium,37,71,39.36666666666667,-0.7180388569831848,0.0510784640095775
BH_s34_medium,37,72,39.4,-0.8765552639961243,-0.0004946639216302721
BH_s34_medium,37,73,39.43333333333333,-0.9314141273498535,-0.022624258906889676
BH_s34_medium,37,74,39.46666666666667,-0.9828315377235413,-0.014094671278094866
BH_s34_medium,37,75,39.5,-0.9828315377235413,0.01793670646793918
BH_s34_medium,37,76,39.53333333333333,-1.0273157358169556,0.05955084305202981
BH_s34_medium,37,77,39.56666666666667,-1.1292775869369507,0.09447779228684189
BH_s34_medium,37,78,39.6,-1.2312394380569458,0.10970614812069726
BH_s34_medium,37,79,39.63333333333333,-1.3750667572021484,0.09983994629664247
BH_s34_medium,37,80,39.666666666666664,-1.5275729894638062,0.06835162408723298
BH_s34_medium,37,81,39.7,-1.639959692955017,0.02542759848359255
BH_s34_medium,37,82,39.733333333333334,-1.7540922164916992,-0.01641139894498859
BH_s34_medium,37,83,39.766666666666666,-1.164684772491455,-0.046973795643070214
BH_s34_medium,37,84,39.8,0.10777188837528229,-0.06155713703217599
BH_s34_medium,37,85,39.833333333333336,1.6747004985809326,-0.06163724729256316
BH_s34_medium,37,86,39.86666666666667,2.6051533222198486,-0.053165925767045735
BH_s34_medium,37,87,39.9,2.5282740592956543,-0.04346561984838902
BH_s34_medium,37,88,39.93333333333333,1.9495736360549927,-0.03817605787520102
BH_s34_medium,37,89,39.96666666666667,1.286385178565979,-0.03945253363919248
BH_s34_medium,37,90,40.0,0.8419755697250366,-0.045749213102049845
BH_s34_medium,37,91,40.03333333333333,0.6311342716217041,-0.052783041949694125
BH_s34_medium,37,92,40.06666666666667,0.611107349395752,-0.05517861815451939
BH_s34_medium,37,93,40.1,0.6407519578933716,-0.04838420001274825
BH_s34_medium,37,94,40.13333333333333,0.6851704120635986,-0.030236697121692312
BH_s34_medium,37,95,40.166666666666664,0.5553097724914551,-0.0014586963069404086
BH_s34_medium,37,96,40.2,0.24591699242591858,0.035118479016300615
BH_s34_medium,37,97,40.233333333333334,-0.11051300913095474,0.07602799836564396
BH_s34_medium,37,98,40.266666666666666,-0.5183603763580322,0.11833989761007538
BH_s34_medium,37,99,40.3,-0.8259761929512024,0.15977188575817355
BH_s34_medium,37,100,40.333333333333336,-1.0063656568527222,0.19775007358523633
BH_s34_medium,37,101,40.36666666666667,-1.034248948097229,0.22828677620293342
BH_s34_medium,37,102,40.4,-1.034248948097229,0.24586616453624704
BH_s34_medium,37,103,40.43333333333333,-1.034248948097229,0.24478832103241763
BH_s34_medium,37,104,40.46666666666667,-1.034248948097229,0.2209564370986436
BH_s34_medium,37,105,40.5,-1.104835867881775,0.1725487600465215
BH_s34_medium,37,106,40.53333333333333,-1.20679771900177,0.09930826801436708
BH_s34_medium,37,107,40.56666666666667,-1.3087595701217651,0.0017283656416185985
BH_s34_medium,37,108,40.6,-1.4621387720108032,-0.11857700742987107
BH_s34_medium,37,109,40.63333333333333,-1.6155179738998413,-0.25718662046691293
BH_s34_medium,37,110,40.666666666666664,-1.5624275207519531,-0.4047907832802977
BH_s34_medium,37,111,40.7,-0.5960448980331421,-0.546033906360454
BH_s34_medium,37,112,40.733333333333334,0.8069947957992554,-0.6603223469888749
BH_s34_medium,37,113,40.766666666666666,2.1482839584350586,-0.724835311625055
BH_s34_medium,37,114,40.8,2.4909238815307617,-0.7190241841950306
BH_s34_medium,37,115,40.833333333333336,2.0291285514831543,-0.6294056999481715
BH_s34_medium,37,116,40.86666666666667,1.3058280944824219,-0.4536855437536874
BH_s34_medium,37,117,40.9,0.6190518140792847,-0.20357236084138433
BH_s34_medium,37,118,40.93333333333333,0.23554234206676483,0.09451476199381074
BH_s34_medium,37,119,40.96666666666667,0.1622483730316162,0.4019415996748133
BH_s34_medium,37,120,41.0,0.3722478747367859,0.6742964448767802
BH_s34_medium,37,121,41.03333333333333,0.6163102388381958,0.8709216929306395
BH_s34_medium,37,122,41.06666666666667,0.6538647413253784,0.9644331403032111
BH_s34_medium,37,123,41.1,0.39506658911705017,0.9463316215169144
BH_s34_medium,37,124,41.13333333333333,-0.01365370862185955,0.8267852521573058
BH_s34_medium,37,125,41.166666666666664,-0.42408522963523865,0.6297060082571497
BH_s34_medium,37,126,41.2,-0.7788386344909668,0.38595512140468813
BH_s34_medium,37,127,41.233333333333334,-0.982762336730957,0.12729433931104706
BH_s34_medium,37,128,41.266666666666666,-1.034248948097229,-0.11769505682712861
BH_s34_medium,37,129,41.3,-1.034248948097229,-0.32595181982816174
BH_s34_medium,37,130,41.333333333333336,-0.9828315377235413,-0.48139307675684617
BH_s34_medium,37,131,41.36666666666667,-0.9828315377235413,-0.5760433374523253
BH_s34_medium,37,132,41.4,-1.0298497676849365,-0.6106179600634575
BH_s34_medium,37,133,41.43333333333333,-1.0803941488265991,-0.5938559153561703
BH_s34_medium,37,134,41.46666666666667,-1.1823559999465942,-0.5401531423422096
BH_s34_medium,37,135,41.5,-1.3287173509597778,-0.46582807802013615
BH_s34_medium,37,136,41.53333333333333,-1.4376970529556274,-0.3850906845224255
BH_s34_medium,37,137,41.56666666666667,-1.232319951057434,-0.30704941519285633
BH_s34_medium,37,138,41.6,-0.13117839395999908,-0.2347300683413087
BH_s34_medium,37,139,41.63333333333333,1.4198836088180542,-0.16630086000865646
BH_s34_medium,37,140,41.666666666666664,2.668194532394409,-0.09784776967549993
BH_s34_medium,37,141,41.7,2.885727643966675,-0.026380205586375036
BH_s34_medium,37,142,41.733333333333334,2.3866512775421143,0.04843744375873575
BH_s34_medium,37,143,41.766666666666666,1.6860466003417969,0.12462172021124136
BH_s34_medium,37,144,41.8,1.1482348442077637,0.19961125968057922
BH_s34_medium,37,145,41.833333333333336,0.8482711315155029,0.2717578994676524
BH_s34_medium,37,146,41.86666666666667,0.7653594613075256,0.34033824117157935
BH_s34_medium,37,147,41.9,0.7992838621139526,0.4041830683531197
BH_s34_medium,37,148,41.93333333333333,0.8681942224502563,0.46010017842369605
BH_s34_medium,37,149,41.96666666666667,0.7845982909202576,0.50239303453776
BH_s34_medium,37,150,42.0,0.5171903371810913,0.523965896886791
BH_s34_medium,37,151,42.03333333333333,0.09902192652225494,0.5184759909328452
BH_s34_medium,37,152,42.06666666666667,-0.2783927023410797,0.4825005768119174
BH_s34_medium,37,153,42.1,-0.6061357855796814,0.4168565162728324
BH_s34_medium,37,154,42.13333333333333,-0.8049759864807129,0.3267341004689706
BH_s34_medium,37,155,42.166666666666664,-0.906937837600708,0.22079852242328377
BH_s34_medium,37,156,42.2,-0.9314141273498535,0.10962661798073287
BH_s34_medium,37,157,42.233333333333334,-0.9314141273498535,0.00382808127266785
BH_s34_medium,37,158,42.266666666666666,-0.9828315377235413,-0.08788176340367378
BH_s34_medium,37,159,42.3,-1.0062808990478516,-0.16044849532617075
BH_s34_medium,37,160,42.333333333333336,-1.1082427501678467,-0.21386208450596908
BH_s34_medium,37,161,42.36666666666667,-1.2102046012878418,-0.2537834395865658
BH_s34_medium,37,162,42.4,-1.3329970836639404,-0.29083974439809224
BH_s34_medium,37,163,42.43333333333333,-1.465545654296875,-0.338117878368409
BH_s34_medium,37,164,42.46666666666667,-1.5998401641845703,-0.4070095057624546
BH_s34_medium,37,165,42.5,-1.281680941581726,-0.5024262936575234
BH_s34_medium,37,166,42.53333333333333,-0.12307730317115784,-0.6189865165395059
BH_s34_medium,37,167,42.56666666666667,1.4401553869247437,-0.7396696370109511
BH_s34_medium,37,168,42.6,2.6943509578704834,-0.8376518842357563
BH_s34_medium,37,169,42.63333333333333,2.8807289600372314,-0.8811520660925671
BH_s34_medium,37,170,42.666666666666664,2.379049301147461,-0.8405759850774539
BH_s34_medium,37,171,42.7,1.7672781944274902,-0.6967370437798214
BH_s34_medium,37,172,42.733333333333334,1.2432289123535156,-0.44816968576191424
BH_s34_medium,37,173,42.766666666666666,0.9598004817962646,-0.11505704824415755
BH_s34_medium,37,174,42.8,0.8681942224502563,0.26224101031422886
BH_s34_medium,37,175,42.833333333333336,0.8167768716812134,0.6305258266966444
BH_s34_medium,37,176,42.86666666666667,0.808167040348053,0.9353093742303472
BH_s34_medium,37,177,42.9,0.6984683275222778,1.133214823491089
BH_s34_medium,37,178,42.93333333333333,0.4293993413448334,1.2014474583693275
BH_s34_medium,37,179,42.96666666666667,0.02754300646483898,1.1415887693678817
BH_s34_medium,37,180,43.0,-0.3862954080104828,0.9769916865385664
BH_s34_medium,37,181,43.03333333333333,-0.7384802103042603,0.745215309858543
BH_s34_medium,37,182,43.06666666666667,-0.9862037897109985,0.4883527380482965
BH_s34_medium,37,183,43.1,-1.0881656408309937,0.24423552786550204
BH_s34_medium,37,184,43.13333333333333,-1.137083649635315,0.04044098020347468
BH_s34_medium,37,185,43.166666666666664,-1.137083649635315,-0.10837376693741056
BH_s34_medium,37,186,43.2,-1.137083649635315,-0.20022429757578084
BH_s34_medium,37,187,43.233333333333334,-1.1875087022781372,-0.24346062921758233
BH_s34_medium,37,188,43.266666666666666,-1.2894705533981323,-0.25330967520281034
BH_s34_medium,37,189,43.3,-1.3886942863464355,-0.24822462587297459
BH_s34_medium,37,190,43.333333333333336,-1.4933942556381226,-0.2466949787072692
BH_s34_medium,37,191,43.36666666666667,-1.5953561067581177,-0.26472270455945857
BH_s34_medium,37,192,43.4,-1.6973179578781128,-0.3137381199297088
BH_s34_medium,37,193,43.43333333333333,-1.799279808998108,-0.398651246047819
BH_s34_medium,37,194,43.46666666666667,-1.583936333656311,-0.516106258653224
BH_s34_medium,37,195,43.5,-0.37464725971221924,-0.6533856497912817
BH_s34_medium,37,196,43.53333333333333,1.2319424152374268,-0.7884428580815509
BH_s34_medium,37,197,43.56666666666667,2.5705878734588623,-0.8915415425854832
BH_s34_medium,37,198,43.6,2.8326492309570312,-0.929170939571422
BH_s34_medium,37,199,43.63333333333333,1.4578335285186768,-0.8707198616758253
BH_s34_medium,37,200,43.666666666666664,0.8147204518318176,-0.6972487293768842
BH_s34_medium,37,201,43.7,0.4964946508407593,-0.40984471060323013
BH_s34_medium,37,202,43.733333333333334,0.3166891038417816,-0.033675053693425924
BH_s34_medium,37,203,43.766666666666666,0.3026030361652374,0.3851947107830709
BH_s34_medium,37,204,43.8,0.338188499212265,0.7895908425694924
BH_s34_medium,37,205,43.833333333333336,0.3887329697608948,1.1237253916722445
BH_s34_medium,37,206,43.86666666666667,0.37159815430641174,1.3441744634649881
BH_s34_medium,37,207,43.9,0.2366696000099182,1.4269249047624397
BH_s34_medium,37,208,43.93333333333333,0.032745908945798874,1.3698665693005163
BH_s34_medium,37,209,43.96666666666667,-0.17117778956890106,1.191150570770994
BH_s34_medium,37,210,44.0,-0.3447535037994385,0.9243194825430289
BH_s34_medium,37,211,44.03333333333333,-0.4467153549194336,0.6112851419612718
BH_s34_medium,37,212,44.06666666666667,-0.4686577022075653,0.2943210335549161
BH_s34_medium,37,213,44.1,-0.4686577022075653,0.008467095013820492
BH_s34_medium,37,214,44.13333333333333,-0.4686577022075653,-0.22399927222008023
BH_s34_medium,37,215,44.166666666666664,-0.4686577022075653,-0.39568207961913454
BH_s34_medium,37,216,44.2,-0.4937681555747986,-0.5125772960406966
BH_s34_medium,37,217,44.233333333333334,-0.544312596321106,-0.5900124062703209
BH_s34_medium,37,218,44.266666666666666,-0.5948570966720581,-0.6474914132151384
BH_s34_medium,37,219,44.3,-0.6454015374183655,-0.703476575952739
BH_s34_medium,37,220,44.333333333333336,-0.7257446050643921,-0.7704264039327415
BH_s34_medium,37,221,44.36666666666667,-0.7049987316131592,-0.8503853883399606
BH_s34_medium,37,222,44.4,-0.2980026602745056,-0.9323028044699382
BH_s34_medium,37,223,44.43333333333333,0.35176849365234375,-0.9927772453974684
BH_s34_medium,37,224,44.46666666666667,1.0616645812988281,-1.000999707364673
BH_s34_medium,37,225,44.5,1.3309507369995117,-0.9270265959893881
BH_s34_medium,37,226,44.53333333333333,1.1789721250534058,-0.7513216809566915
BH_s34_medium,37,227,44.56666666666667,0.8061608076095581,-0.47284853473765803
BH_s34_medium,37,228,44.6,0.46436625719070435,-0.11277731797040184
BH_s34_medium,37,229,44.63333333333333,0.2374231368303299,0.288254109265728
BH_s34_medium,37,230,44.666666666666664,0.1997682750225067,0.6790801510965865
BH_s34_medium,37,231,44.7,0.2117849588394165,1.0101817111076667
BH_s34_medium,37,232,44.733333333333334,0.3137468099594116,1.2445666634788202
BH_s34_medium,37,233,44.766666666666666,0.3437495827674866,1.3635367838099681
BH_s34_medium,37,234,44.8,0.23238979279994965,1.3662903314688595
BH_s34_medium,37,235,44.833333333333336,0.03699111193418503,1.2652078319084623
BH_s34_medium,37,236,44.86666666666667,-0.12404020875692368,1.0798245909345083
BH_s34_medium,37,237,44.9,-0.3279638886451721,0.831825768442946
BH_s34_medium,37,238,44.93333333333333,-0.4686577022075653,0.5419946693359784
BH_s34_medium,37,239,44.96666666666667,-0.5200750827789307,0.22911555441100634
BH_s34_medium,38,0,38.0,1.7810208797454834,0.0075101768598254326
BH_s34_medium,38,1,38.03333333333333,2.5077600479125977,-0.023126000287276856
BH_s34_medium,38,2,38.06666666666667,2.3362321853637695,-0.014037627849057736
BH_s34_medium,38,3,38.1,1.7337430715560913,0.057834902940292185
BH_s34_medium,38,4,38.13333333333333,1.0497395992279053,0.18984725779989267
BH_s34_medium,38,5,38.166666666666664,0.5985161662101746,0.3548418073918957
BH_s34_medium,38,6,38.2,0.42887163162231445,0.5125163559033533
BH_s34_medium,38,7,38.233333333333334,0.48396581411361694,0.6254833462213735
BH_s34_medium,38,8,38.266666666666666,0.5859276652336121,0.6724893925164219
BH_s34_medium,38,9,38.3,0.6625247001647949,0.6532930357399586
BH_s34_medium,38,10,38.333333333333336,0.5107061862945557,0.5845911156175604
BH_s34_medium,38,11,38.36666666666667,0.20812717080116272,0.4907237060839141
BH_s34_medium,38,12,38.4,-0.1483028382062912,0.3940074986623102
BH_s34_medium,38,13,38.43333333333333,-0.534277081489563,0.308148939723576
BH_s34_medium,38,14,38.46666666666667,-0.7981622219085693,0.23623271556588732
BH_s34_medium,38,15,38.5,-0.9001240730285645,0.17299637432418938
BH_s34_medium,38,16,38.53333333333333,-0.9314141273498535,0.10962038506331445
BH_s34_medium,38,17,38.56666666666667,-0.8799967765808105,0.038565328189958684
BH_s34_medium,38,18,38.6,-0.9314141273498535,-0.04356095397625068
BH_s34_medium,38,19,38.63333333333333,-0.948049783706665,-0.13576539765605794
BH_s34_medium,38,20,38.666666666666664,-1.034248948097229,-0.23420303073033408
BH_s34_medium,38,21,38.7,-1.1005560159683228,-0.33393531073339305
BH_s34_medium,38,22,38.733333333333334,-1.2165347337722778,-0.42991018688291105
BH_s34_medium,38,23,38.766666666666666,-1.3558971881866455,-0.5171484029968472
BH_s34_medium,38,24,38.8,-1.433316946029663,-0.5905916065592355
BH_s34_medium,38,25,38.833333333333336,-0.9716851711273193,-0.6449416194863595
BH_s34_medium,38,26,38.86666666666667,0.20339404046535492,-0.6745432162044338
BH_s34_medium,38,27,38.9,1.713517189025879,-0.6733382762907878
BH_s34_medium,38,28,38.93333333333333,2.685361385345459,-0.6351951462070707
BH_s34_medium,38,29,38.96666666666667,2.679687738418579,-0.555036129504414
BH_s34_medium,38,30,39.0,2.1558115482330322,-0.4307987428853958
BH_s34_medium,38,31,39.03333333333333,1.505817174911499,-0.2657041721912552
BH_s34_medium,38,32,39.06666666666667,1.1094180345535278,-0.07002302045642736
BH_s34_medium,38,33,39.1,0.8637794852256775,0.13850562886877246
BH_s34_medium,38,34,39.13333333333333,0.8132349848747253,0.3363380484489392
BH_s34_medium,38,35,39.166666666666664,0.7653594613075256,0.4981273363583581
BH_s34_medium,38,36,39.2,0.7635634541511536,0.6023535190737194
BH_s34_medium,38,37,39.233333333333334,0.6083380579948425,0.6368809072509474
BH_s34_medium,38,38,39.266666666666666,0.3024525046348572,0.6023789885952634
BH_s34_medium,38,39,39.3,-0.0034330403432250023,0.5122075566286132
BH_s34_medium,38,40,39.333333333333336,-0.41045770049095154,0.38884220150607934
BH_s34_medium,38,41,39.36666666666667,-0.7180388569831848,0.25823276599118855
BH_s34_medium,38,42,39.4,-0.8765552639961243,0.14384708057897755
BH_s34_medium,38,43,39.43333333333333,-0.9314141273498535,0.06178152248175804
BH_s34_medium,38,44,39.46666666666667,-0.9828315377235413,0.017842682131303716
BH_s34_medium,38,45,39.5,-0.9828315377235413,0.0071894133845290436
BH_s34_medium,38,46,39.53333333333333,-1.0273157358169556,0.016804770048746854
BH_s34_medium,38,47,39.56666666666667,-1.1292775869369507,0.030279050270349724
BH_s34_medium,38,48,39.6,-1.2312394380569458,0.03318342801507056
BH_s34_medium,38,49,39.63333333333333,-1.3750667572021484,0.016862395140006564
BH_s34_medium,38,50,39.666666666666664,-1.5275729894638062,-0.02044945939903481
BH_s34_medium,38,51,39.7,-1.639959692955017,-0.07465886913393266
BH_s34_medium,38,52,39.733333333333334,-1.7540922164916992,-0.13768231330303188
BH_s34_medium,38,53,39.766666666666666,-1.164684772491455,-0.19916391309028056
BH_s34_medium,38,54,39.8,0.10777188837528229,-0.2479118332249147
BH_s34_medium,38,55,39.833333333333336,1.6747004985809326,-0.27349101118833263
BH_s34_medium,38,56,39.86666666666667,2.6051533222198486,-0.26823851738209403
BH_s34_medium,38,57,39.9,2.5282740592956543,-0.22941931066442733
BH_s34_medium,38,58,39.93333333333333,1.9495736360549927,-0.16086509937757004
BH_s34_medium,38,59,39.96666666666667,1.286385178565979,-0.07328665643922487
BH_s34_medium,38,60,40.0,0.8419755697250366,0.017490769299568488
BH_s34_medium,38,61,40.03333333333333,0.6311342716217041,0.09447303328122209
BH_s34_medium,38,62,40.06666666666667,0.611107349395752,0.14448451172591195
BH_s34_medium,38,63,40.1,0.6407519578933716,0.16219492585474946
BH_s34_medium,38,64,40.13333333333333,0.6851704120635986,0.1515357141920652
BH_s34_medium,38,65,40.166666666666664,0.5553097724914551,0.12402097208147528
BH_s34_medium,38,66,40.2,0.24591699242591858,0.09463102110640445
BH_s34_medium,38,67,40.233333333333334,-0.11051300913095474,0.07671847944451965
BH_s34_medium,38,68,40.266666666666666,-0.5183603763580322,0.07775380701547856
BH_s34_medium,38,69,40.3,-0.8259761929512024,0.0973772764040569
BH_s34_medium,38,70,40.333333333333336,-1.0063656568527222,0.1281922552210249
BH_s34_medium,38,71,40.36666666666667,-1.034248948097229,0.15870905322393852
BH_s34_medium,38,72,40.4,-1.034248948097229,0.17736503516927835
BH_s34_medium,38,73,40.43333333333333,-1.034248948097229,0.17625464368434102
BH_s34_medium,38,74,40.46666666666667,-1.034248948097229,0.152919715972961
BH_s34_medium,38,75,40.5,-1.104835867881775,0.10920146298158274
BH_s34_medium,38,76,40.53333333333333,-1.20679771900177,0.04808827445917174
BH_s34_medium,38,77,40.56666666666667,-1.3087595701217651,-0.02900610502650266
BH_s34_medium,38,78,40.6,-1.4621387720108032,-0.12260008430308947
BH_s34_medium,38,79,40.63333333333333,-1.6155179738998413,-0.2329492677743655
BH_s34_medium,38,80,40.666666666666664,-1.5624275207519531,-0.35654797121875675
BH_s34_medium,38,81,40.7,-0.5960448980331421,-0.4831650266554354
BH_s34_medium,38,82,40.733333333333334,0.8069947957992554,-0.5950738920759681
BH_s34_medium,38,83,40.766666666666666,2.1482839584350586,-0.6692658621824178
BH_s34_medium,38,84,40.8,2.4909238815307617,-0.6821921048124002
BH_s34_medium,38,85,40.833333333333336,2.0291285514831543,-0.6157390165574931
BH_s34_medium,38,86,40.86666666666667,1.3058280944824219,-0.4630876572762147
BH_s34_medium,38,87,40.9,0.6190518140792847,-0.2331605894398808
BH_s34_medium,38,88,40.93333333333333,0.23554234206676483,0.04798269330229556
BH_s34_medium,38,89,40.96666666666667,0.1622483730316162,0.3403650236111445
BH_s34_medium,38,90,41.0,0.3722478747367859,0.5981327721792558
BH_s34_medium,38,91,41.03333333333333,0.6163102388381958,0.780417301764679
BH_s34_medium,38,92,41.06666666666667,0.6538647413253784,0.8612611647300801
BH_s34_medium,38,93,41.1,0.39506658911705017,0.8349549374150932
BH_s34_medium,38,94,41.13333333333333,-0.01365370862185955,0.715364301562054
BH_s34_medium,38,95,41.166666666666664,-0.42408522963523865,0.5305177743267562
BH_s34_medium,38,96,41.2,-0.7788386344909668,0.31503663913960095
BH_s34_medium,38,97,41.233333333333334,-0.982762336730957,0.1027437869969365
BH_s34_medium,38,98,41.266666666666666,-1.034248948097229,-0.07916998269424846
BH_s34_medium,38,99,41.3,-1.034248948097229,-0.21386231454629684
BH_s34_medium,38,100,41.333333333333336,-0.9828315377235413,-0.2961829608516579
BH_s34_medium,38,101,41.36666666666667,-0.9828315377235413,-0.33152460690607516
BH_s34_medium,38,102,41.4,-1.0298497676849365,-0.3324761636369024
BH_s34_medium,38,103,41.43333333333333,-1.0803941488265991,-0.3141689389122919
BH_s34_medium,38,104,41.46666666666667,-1.1823559999465942,-0.28962125467191807
BH_s34_medium,38,105,41.5,-1.3287173509597778,-0.2664150483160342
BH_s34_medium,38,106,41.53333333333333,-1.4376970529556274,-0.245632467698173
BH_s34_medium,38,107,41.56666666666667,-1.232319951057434,-0.22322600676399576
BH_s34_medium,38,108,41.6,-0.13117839395999908,-0.1931270410856867
BH_s34_medium,38,109,41.63333333333333,1.4198836088180542,-0.15078020013752008
BH_s34_medium,38,110,41.666666666666664,2.668194532394409,-0.09570434289554135
BH_s34_medium,38,111,41.7,2.885727643966675,-0.03211831146979627
BH_s34_medium,38,112,41.733333333333334,2.3866512775421143,0.03255329840871512
BH_s34_medium,38,113,41.766666666666666,1.6860466003417969,0.09058265836644064
BH_s34_medium,38,114,41.8,1.1482348442077637,0.13684610448995496
BH_s34_medium,38,115,41.833333333333336,0.8482711315155029,0.1703002786232561
BH_s34_medium,38,116,41.86666666666667,0.7653594613075256,0.1933765841427013
BH_s34_medium,38,117,41.9,0.7992838621139526,0.20976909048669912
BH_s34_medium,38,118,41.93333333333333,0.8681942224502563,0.22187594533596713
BH_s34_medium,38,119,41.96666666666667,0.7845982909202576,0.22922117882358994
BH_s34_medium,38,120,42.0,0.5171903371810913,0.22856996306724806
BH_s34_medium,38,121,42.03333333333333,0.09902192652225494,0.21557995649428627
BH_s34_medium,38,122,42.06666666666667,-0.2783927023410797,0.18718001515994057
BH_s34_medium,38,123,42.1,-0.6061357855796814,0.14363009515104713
BH_s34_medium,38,124,42.13333333333333,-0.8049759864807129,0.08937809738215509
BH_s34_medium,38,125,42.166666666666664,-0.906937837600708,0.03230300988392816
BH_s34_medium,38,126,42.2,-0.9314141273498535,-0.018444916463637752
BH_s34_medium,38,127,42.233333333333334,-0.9314141273498535,-0.05526598866208224
BH_s34_medium,38,128,42.266666666666666,-0.9828315377235413,-0.07461430955061937
BH_s34_medium,38,129,42.3,-1.0062808990478516,-0.07830879387547499
BH_s34_medium,38,130,42.333333333333336,-1.1082427501678467,-0.0731825541568353
BH_s34_medium,38,131,42.36666666666667,-1.2102046012878418,-0.0692018812629672
BH_s34_medium,38,132,42.4,-1.3329970836639404,-0.07675635195799729
BH_s34_medium,38,133,42.43333333333333,-1.465545654296875,-0.10397900986331846
BH_s34_medium,38,134,42.46666666666667,-1.5998401641845703,-0.15459200822897481
BH_s34_medium,38,135,42.5,-1.281680941581726,-0.2263859280734818
BH_s34_medium,38,136,42.53333333333333,-0.12307730317115784,-0.31047037135094097
BH_s34_medium,38,137,42.56666666666667,1.4401553869247437,-0.39163549701383266
BH_s34_medium,38,138,42.6,2.6943509578704834,-0.45014692025507336
BH_s34_medium,38,139,42.63333333333333,2.8807289600372314,-0.46511737035197714
BH_s34_medium,38,140,42.666666666666664,2.379049301147461,-0.4193459940411896
BH_s34_medium,38,141,42.7,1.7672781944274902,-0.3048918213631493
BH_s34_medium,38,142,42.733333333333334,1.2432289123535156,-0.12765715923182933
BH_s34_medium,38,143,42.766666666666666,0.9598004817962646,0.09122501873356588
BH_s34_medium,38,144,42.8,0.8681942224502563,0.3186038253148147
BH_s34_medium,38,145,42.833333333333336,0.8167768716812134,0.5167474435469553
BH_s34_medium,38,146,42.86666666666667,0.808167040348053,0.652804449851507
BH_s34_medium,38,147,42.9,0.6984683275222778,0.7071079214950521
BH_s34_medium,38,148,42.93333333333333,0.4293993413448334,0.6774869021694309
BH_s34_medium,38,149,42.96666666666667,0.02754300646483898,0.5782699677237955
BH_s34_medium,38,150,43.0,-0.3862954080104828,0.4346928551628228
BH_s34_medium,38,151,43.03333333333333,-0.7384802103042603,0.2750389796997155
BH_s34_medium,38,152,43.06666666666667,-0.9862037897109985,0.12336242856428695
BH_s34_medium,38,153,43.1,-1.0881656408309937,-0.004981663355269689
BH_s34_medium,38,154,43.13333333333333,-1.137083649635315,-0.10412653044040864
BH_s34_medium,38,155,43.166666666666664,-1.137083649635315,-0.17540884558568906
BH_s34_medium,38,156,43.2,-1.137083649635315,-0.2236594721463098
BH_s34_medium,38,157,43.233333333333334,-1.1875087022781372,-0.2539912997279188
BH_s34_medium,38,158,43.266666666666666,-1.2894705533981323,-0.2704496815223615
BH_s34_medium,38,159,43.3,-1.3886942863464355,-0.27673451030686086
BH_s34_medium,38,160,43.333333333333336,-1.4933942556381226,-0.2779469401144993
BH_s34_medium,38,161,43.36666666666667,-1.5953561067581177,-0.28164984674168586
BH_s34_medium,38,162,43.4,-1.6973179578781128,-0.2968947787985106
BH_s34_medium,38,163,43.43333333333333,-1.799279808998108,-0.3310624173897644
BH_s34_medium,38,164,43.46666666666667,-1.583936333656311,-0.3857253528432482
BH_s34_medium,38,165,43.5,-0.37464725971221924,-0.45346445807576213
BH_s34_medium,38,166,43.53333333333333,1.2319424152374268,-0.5172389173331111
BH_s34_medium,38,167,43.56666666666667,2.5705878734588623,-0.552903261452155
BH_s34_medium,38,168,43.6,2.8326492309570312,-0.5344494861233156
BH_s34_medium,38,169,43.63333333333333,1.4578335285186768,-0.4409040111593753
BH_s34_medium,38,170,43.666666666666664,0.8147204518318176,-0.26345277090367664
BH_s34_medium,38,171,43.7,0.4964946508407593,-0.010816371494758968
BH_s34_medium,38,172,43.733333333333334,0.3166891038417816,0.2896823384674537
BH_s34_medium,38,173,43.766666666666666,0.3026030361652374,0.5969730429285871
BH_s34_medium,38,174,43.8,0.338188499212265,0.8656626789765299
BH_s34_medium,38,175,43.833333333333336,0.3887329697608948,1.056279367016021
BH_s34_medium,38,176,43.86666666666667,0.37159815430641174,1.1430337342925112
BH_s34_medium,38,177,43.9,0.2366696000099182,1.117747245196334
BH_s34_medium,38,178,43.93333333333333,0.032745908945798874,0.9898615324026978
BH_s34_medium,38,179,43.96666666666667,-0.17117778956890106,0.783040125989029
BH_s34_medium,38,180,44.0,-0.3447535037994385,0.5295423149317595
BH_s34_medium,38,181,44.03333333333333,-0.4467153549194336,0.2639385769556618
BH_s34_medium,38,182,44.06666666666667,-0.4686577022075653,0.01738020034352259
BH_s34_medium,38,183,44.1,-0.4686577022075653,-0.18698729197937278
BH_s34_medium,38,184,44.13333333333333,-0.4686577022075653,-0.33712078388146255
BH_s34_medium,38,185,44.166666666666664,-0.4686577022075653,-0.4332288581061406
BH_s34_medium,38,186,44.2,-0.4937681555747986,-0.48647972656805233
BH_s34_medium,38,187,44.233333333333334,-0.544312596321106,-0.5151990318361639
BH_s34_medium,38,188,44.266666666666666,-0.5948570966720581,-0.5393545632262794
BH_s34_medium,38,189,44.3,-0.6454015374183655,-0.5748019088169576
BH_s34_medium,38,190,44.333333333333336,-0.7257446050643921,-0.6287407859576944
BH_s34_medium,38,191,44.36666666666667,-0.7049987316131592,-0.6973979719646638
BH_s34_medium,38,192,44.4,-0.2980026602745056,-0.7665227683337325
BH_s34_medium,38,193,44.43333333333333,0.35176849365234375,-0.8146930363577507
BH_s34_medium,38,194,44.46666666666667,1.0616645812988281,-0.8185793190959233
BH_s34_medium,38,195,44.5,1.3309507369995117,-0.758775069975367
BH_s34_medium,38,196,44.53333333333333,1.1789721250534058,-0.624975843385275
BH_s34_medium,38,197,44.56666666666667,0.8061608076095581,-0.4196172842837016
BH_s34_medium,38,198,44.6,0.46436625719070435,-0.1590472546751169
BH_s34_medium,38,199,44.63333333333333,0.2374231368303299,0.12858792833359364
BH_s34_medium,38,200,44.666666666666664,0.1997682750225067,0.4087233340626236
BH_s34_medium,38,201,44.7,0.2117849588394165,0.6477237381455314
BH_s34_medium,38,202,44.733333333333334,0.3137468099594116,0.8199634910538001
BH_s34_medium,38,203,44.766666666666666,0.3437495827674866,0.9124320024728283
BH_s34_medium,38,204,44.8,0.23238979279994965,0.9257361018510499
BH_s34_medium,38,205,44.833333333333336,0.03699111193418503,0.8717855452271357
BH_s34_medium,38,206,44.86666666666667,-0.12404020875692368,0.7693986724057142
BH_s34_medium,38,207,44.9,-0.3279638886451721,0.6393550412467368
BH_s34_medium,38,208,44.93333333333333,-0.4686577022075653,0.5002226745000133
BH_s34_medium,38,209,44.96666666666667,-0.5200750827789307,0.36578129475834553
BH_s34_medium,38,210,45.0,-0.5200750827789307,0.2442318296710742
BH_s34_medium,38,211,45.03333333333333,-0.5200750827789307,0.13883781131337714
BH_s34_medium,38,212,45.06666666666667,-0.5200750827789307,0.0493506162677569
BH_s34_medium,38,213,45.1,-0.5200750827789307,-0.02641250338945945
BH_s34_medium,38,214,45.13333333333333,-0.5714924931526184,-0.09123105829229541
BH_s34_medium,38,215,45.166666666666664,-0.6227056980133057,-0.14755999060824834
BH_s34_medium,38,216,45.2,-0.673250138759613,-0.19712594295752223
BH_s34_medium,38,217,45.233333333333334,-0.7237945795059204,-0.24101869050012115
BH_s34_medium,38,218,45.266666666666666,-0.7285675406455994,-0.2799619611091641
BH_s34_medium,38,219,45.3,-0.3328847587108612,-0.3143023116732138
BH_s34_medium,38,220,45.333333333333336,0.368887722492218,-0.3435350797723512
BH_s34_medium,38,221,45.36666666666667,1.1386067867279053,-0.36566091447260823
BH_s34_medium,38,222,45.4,1.4788882732391357,-0.37694118741815524
BH_s34_medium,38,223,45.43333333333333,1.3967430591583252,-0.37255284239143466
BH_s34_medium,38,224,45.46666666666667,1.0546880960464478,-0.34826457203624567
BH_s34_medium,38,225,45.5,0.7407421469688416,-0.30264144076055743
BH_s34_medium,38,226,45.53333333333333,0.569496214389801,-0.23870177252785468
BH_s34_medium,38,227,45.56666666666667,0.4675343632698059,-0.16393055233059317
BH_s34_medium,38,228,45.6,0.4568551778793335,-0.08834049658485604
BH_s34_medium,38,229,45.63333333333333,0.4568551778793335,-0.021354653521409923
BH_s34_medium,38,230,45.666666666666664,0.4187357425689697,0.031066529646744393
BH_s34_medium,38,231,45.7,0.3167738914489746,0.06774460215434863
BH_s34_medium,38,232,45.733333333333334,0.12702105939388275,0.09152590313774268
BH_s34_medium,38,233,45.766666666666666,-0.0414019450545311,0.10698922253228514
BH_s34_medium,38,234,45.8,-0.19478116929531097,0.11794598154316192
BH_s34_medium,38,235,45.833333333333336,-0.34816041588783264,0.12604309361323218
BH_s34_medium,38,236,45.86666666666667,-0.41724032163619995,0.13091458134958406
BH_s34_medium,38,237,45.9,-0.4686577022075653,0.13134088266674088
BH_s34_medium,38,238,45.93333333333333,-0.4686577022075653,0.12649836997857472
BH_s34_medium,38,239,45.96666666666667,-0.4686577022075653,0.11661325621912967
BH_s34_medium,39,0,39.0,2.1558115482330322,-0.061733322244923394
BH_s34_medium,39,1,39.03333333333333,1.505817174911499,0.0050420361337538185
BH_s34_medium,39,2,39.06666666666667,1.1094180345535278,0.07305217864901142
BH_s34_medium,39,3,39.1,0.8637794852256775,0.1409022816427961
BH_s34_medium,39,4,39.13333333333333,0.8132349848747253,0.20471077004529903
BH_s34_medium,39,5,39.166666666666664,0.7653594613075256,0.25869461574970076
BH_s34_medium,39,6,39.2,0.7635634541511536,0.29678152328338664
BH_s34_medium,39,7,39.233333333333334,0.6083380579948425,0.31440934362935596
BH_s34_medium,39,8,39.266666666666666,0.3024525046348572,0.3098194407319522
BH_s34_medium,39,9,39.3,-0.0034330403432250023,0.2845983223856729
BH_s34_medium,39,10,39.333333333333336,-0.41045770049095154,0.24349752711565617
BH_s34_medium,39,11,39.36666666666667,-0.7180388569831848,0.19362252801972243
BH_s34_medium,39,12,39.4,-0.8765552639961243,0.1431012565892338
BH_s34_medium,39,13,39.43333333333333,-0.9314141273498535,0.09940676530108507
BH_s34_medium,39,14,39.46666666666667,-0.9828315377235413,0.06762598799770646
BH_s34_medium,39,15,39.5,-0.9828315377235413,0.04912109281976967
BH_s34_medium,39,16,39.53333333333333,-1.0273157358169556,0.041124480718959765
BH_s34_medium,39,17,39.56666666666667,-1.1292775869369507,0.037651195636320474
BH_s34_medium,39,18,39.6,-1.2312394380569458,0.03162582284697977
BH_s34_medium,39,19,39.63333333333333,-1.3750667572021484,0.017518700542139266
BH_s34_medium,39,20,39.666666666666664,-1.5275729894638062,-0.0065758649126776356
BH_s34_medium,39,21,39.7,-1.639959692955017,-0.038324724234573074
BH_s34_medium,39,22,39.733333333333334,-1.7540922164916992,-0.07222208052298758
BH_s34_medium,39,23,39.766666666666666,-1.164684772491455,-0.10174233731924096
BH_s34_medium,39,24,39.8,0.10777188837528229,-0.12154906000690566
BH_s34_medium,39,25,39.833333333333336,1.6747004985809326,-0.12892738296818845
BH_s34_medium,39,26,39.86666666666667,2.6051533222198486,-0.12425843367834162
BH_s34_medium,39,27,39.9,2.5282740592956543,-0.1108060036400645
BH_s34_medium,39,28,39.93333333333333,1.9495736360549927,-0.09394873707955083
BH_s34_medium,39,29,39.96666666666667,1.286385178565979,-0.07975616833877336
BH_s34_medium,39,30,40.0,0.8419755697250366,-0.07303999909258477
BH_s34_medium,39,31,40.03333333333333,0.6311342716217041,-0.07552082154758162
BH_s34_medium,39,32,40.06666666666667,0.611107349395752,-0.08498800943589005
BH_s34_medium,39,33,40.1,0.6407519578933716,-0.09595887855808645
BH_s34_medium,39,34,40.13333333333333,0.6851704120635986,-0.10149674412844024
BH_s34_medium,39,35,40.166666666666664,0.5553097724914551,-0.09521218529682542
BH_s34_medium,39,36,40.2,0.24591699242591858,-0.07261193205501335
BH_s34_medium,39,37,40.233333333333334,-0.11051300913095474,-0.03168550942976314
BH_s34_medium,39,38,40.266666666666666,-0.5183603763580322,0.026723736056089062
BH_s34_medium,39,39,40.3,-0.8259761929512024,0.09827817751164902
BH_s34_medium,39,40,40.333333333333336,-1.0063656568527222,0.17457740549392542
BH_s34_medium,39,41,40.36666666666667,-1.034248948097229,0.24368619175276465
BH_s34_medium,39,42,40.4,-1.034248948097229,0.2924447069462948
BH_s34_medium,39,43,40.43333333333333,-1.034248948097229,0.31002265775353754
BH_s34_medium,39,44,40.46666666666667,-1.034248948097229,0.2909962727825372
BH_s34_medium,39,45,40.5,-1.104835867881775,0.23625317327289352
BH_s34_medium,39,46,40.53333333333333,-1.20679771900177,0.15153101433450292
BH_s34_medium,39,47,40.56666666666667,-1.3087595701217651,0.04493858054220885
BH_s34_medium,39,48,40.6,-1.4621387720108032,-0.07500482630010728
BH_s34_medium,39,49,40.63333333333333,-1.6155179738998413,-0.2000970370885916
BH_s34_medium,39,50,40.666666666666664,-1.5624275207519531,-0.32205364190303964
BH_s34_medium,39,51,40.7,-0.5960448980331421,-0.43156031391644706
BH_s34_medium,39,52,40.733333333333334,0.8069947957992554,-0.5175355924037014
BH_s34_medium,39,53,40.766666666666666,2.1482839584350586,-0.5672711739638818
BH_s34_medium,39,54,40.8,2.4909238815307617,-0.5678158143674183
BH_s34_medium,39,55,40.833333333333336,2.0291285514831543,-0.5086475895803472
BH_s34_medium,39,56,40.86666666666667,1.3058280944824219,-0.3853739791422444
BH_s34_medium,39,57,40.9,0.6190518140792847,-0.20359945779214983
BH_s34_medium,39,58,40.93333333333333,0.23554234206676483,0.018764143501973207
BH_s34_medium,39,59,40.96666666666667,0.1622483730316162,0.25269261114481695
BH_s34_medium,39,60,41.0,0.3722478747367859,0.46352549467575643
BH_s34_medium,39,61,41.03333333333333,0.6163102388381958,0.6193489585583462
BH_s34_medium,39,62,41.06666666666667,0.6538647413253784,0.699056425180978
BH_s34_medium,39,63,41.1,0.39506658911705017,0.6967633457814678
BH_s34_medium,39,64,41.13333333333333,-0.01365370862185955,0.6212731155571314
BH_s34_medium,39,65,41.166666666666664,-0.42408522963523865,0.4917669217063944
BH_s34_medium,39,66,41.2,-0.7788386344909668,0.3320105731723704
BH_s34_medium,39,67,41.233333333333334,-0.982762336730957,0.1650670125858397
BH_s34_medium,39,68,41.266666666666666,-1.034248948097229,0.009617365944053196
BH_s34_medium,39,69,41.3,-1.034248948097229,-0.12187394687097487
BH_s34_medium,39,70,41.333333333333336,-0.9828315377235413,-0.2234631277737764
BH_s34_medium,39,71,41.36666666666667,-0.9828315377235413,-0.2949359955848155
BH_s34_medium,39,72,41.4,-1.0298497676849365,-0.3402023471124463
BH_s34_medium,39,73,41.43333333333333,-1.0803941488265991,-0.36509262353146743
BH_s34_medium,39,74,41.46666666666667,-1.1823559999465942,-0.3750054151514559
BH_s34_medium,39,75,41.5,-1.3287173509597778,-0.373102951085791
BH_s34_medium,39,76,41.53333333333333,-1.4376970529556274,-0.35965858284661545
BH_s34_medium,39,77,41.56666666666667,-1.232319951057434,-0.33272899203313416
BH_s34_medium,39,78,41.6,-0.13117839395999908,-0.28979935653456457
BH_s34_medium,39,79,41.63333333333333,1.4198836088180542,-0.2297072526663737
BH_s34_medium,39,80,41.666666666666664,2.668194532394409,-0.1541248512461214
BH_s34_medium,39,81,41.7,2.885727643966675,-0.06804523136851065
BH_s34_medium,39,82,41.733333333333334,2.3866512775421143,0.02103498090325489
BH_s34_medium,39,83,41.766666666666666,1.6860466003417969,0.10507893893380048
BH_s34_medium,39,84,41.8,1.1482348442077637,0.17780109361753393
BH_s34_medium,39,85,41.833333333333336,0.8482711315155029,0.236154874541376
BH_s34_medium,39,86,41.86666666666667,0.7653594613075256,0.28032200448095007
BH_s34_medium,39,87,41.9,0.7992838621139526,0.3123512205434768
BH_s34_medium,39,88,41.93333333333333,0.8681942224502563,0.33424261507488545
BH_s34_medium,39,89,41.96666666666667,0.7845982909202576,0.3464676173086449
BH_s34_medium,39,90,42.0,0.5171903371810913,0.3476510388596012
BH_s34_medium,39,91,42.03333333333333,0.09902192652225494,0.33550964491357893
BH_s34_medium,39,92,42.06666666666667,-0.2783927023410797,0.30841970108437095
BH_s34_medium,39,93,42.1,-0.6061357855796814,0.26667994020843955
BH_s34_medium,39,94,42.13333333333333,-0.8049759864807129,0.2128860948513383
BH_s34_medium,39,95,42.166666666666664,-0.906937837600708,0.15141328333191637
BH_s34_medium,39,96,42.2,-0.9314141273498535,0.08731919869928224
BH_s34_medium,39,97,42.233333333333334,-0.9314141273498535,0.025077905111363052
BH_s34_medium,39,98,42.266666666666666,-0.9828315377235413,-0.032396171388989946
BH_s34_medium,39,99,42.3,-1.0062808990478516,-0.08412277389962061
BH_s34_medium,39,100,42.333333333333336,-1.1082427501678467,-0.13092688933348998
BH_s34_medium,39,101,42.36666666666667,-1.2102046012878418,-0.1751616739722153
BH_s34_medium,39,102,42.4,-1.3329970836639404,-0.2204113241378093
BH_s34_medium,39,103,42.43333333333333,-1.465545654296875,-0.2708681484348824
BH_s34_medium,39,104,42.46666666666667,-1.5998401641845703,-0.32994338661473105
BH_s34_medium,39,105,42.5,-1.281680941581726,-0.39808811321857357
BH_s34_medium,39,106,42.53333333333333,-0.12307730317115784,-0.47056559417363064
BH_s34_medium,39,107,42.56666666666667,1.4401553869247437,-0.5363517655351796
BH_s34_medium,39,108,42.6,2.6943509578704834,-0.5790084321863391
BH_s34_medium,39,109,42.63333333333333,2.8807289600372314,-0.5797022894668982
BH_s34_medium,39,110,42.666666666666664,2.379049301147461,-0.5220282602868537
BH_s34_medium,39,111,42.7,1.7672781944274902,-0.39770765508641265
BH_s34_medium,39,112,42.733333333333334,1.2432289123535156,-0.21140349323629654
BH_s34_medium,39,113,42.766666666666666,0.9598004817962646,0.017514945654651528
BH_s34_medium,39,114,42.8,0.8681942224502563,0.2577244705175081
BH_s34_medium,39,115,42.833333333333336,0.8167768716812134,0.4729991101921611
BH_s34_medium,39,116,42.86666666666667,0.808167040348053,0.6314396356866372
BH_s34_medium,39,117,42.9,0.6984683275222778,0.7136221548722801
BH_s34_medium,39,118,42.93333333333333,0.4293993413448334,0.716711801234724
BH_s34_medium,39,119,42.96666666666667,0.02754300646483898,0.6532698699469953
BH_s34_medium,39,120,43.0,-0.3862954080104828,0.5457476937266579
BH_s34_medium,39,121,43.03333333333333,-0.7384802103042603,0.41923654005512556
BH_s34_medium,39,122,43.06666666666667,-0.9862037897109985,0.29512085259895277
BH_s34_medium,39,123,43.1,-1.0881656408309937,0.18728570969000283
BH_s34_medium,39,124,43.13333333333333,-1.137083649635315,0.10133315172629925
BH_s34_medium,39,125,43.166666666666664,-1.137083649635315,0.03629537246477691
BH_s34_medium,39,126,43.2,-1.137083649635315,-0.012307246183344805
BH_s34_medium,39,127,43.233333333333334,-1.1875087022781372,-0.049495022965229285
BH_s34_medium,39,128,43.266666666666666,-1.2894705533981323,-0.07922329785769701
BH_s34_medium,39,129,43.3,-1.3886942863464355,-0.10468277275697457
BH_s34_medium,39,130,43.333333333333336,-1.4933942556381226,-0.12987045666251507
BH_s34_medium,39,131,43.36666666666667,-1.5953561067581177,-0.16091188322629063
BH_s34_medium,39,132,43.4,-1.6973179578781128,-0.20569120932820298
BH_s34_medium,39,133,43.43333333333333,-1.799279808998108,-0.271341556008741
BH_s34_medium,39,134,43.46666666666667,-1.583936333656311,-0.3604559304125776
BH_s34_medium,39,135,43.5,-0.37464725971221924,-0.46766456673748735
BH_s34_medium,39,136,43.53333333333333,1.2319424152374268,-0.5780655285767704
BH_s34_medium,39,137,43.56666666666667,2.5705878734588623,-0.6683619116883805
BH_s34_medium,39,138,43.6,2.8326492309570312,-0.7109982703217682
BH_s34_medium,39,139,43.63333333333333,1.4578335285186768,-0.680925631316667
BH_s34_medium,39,140,43.666666666666664,0.8147204518318176,-0.5635706449472301
BH_s34_medium,39,141,43.7,0.4964946508407593,-0.3614201202987862
BH_s34_medium,39,142,43.733333333333334,0.3166891038417816,-0.09617172611169333
BH_s34_medium,39,143,43.766666666666666,0.3026030361652374,0.1953200721818423
BH_s34_medium,39,144,43.8,0.338188499212265,0.4701362328667182
BH_s34_medium,39,145,43.833333333333336,0.3887329697608948,0.6897920048303535
BH_s34_medium,39,146,43.86666666666667,0.37159815430641174,0.8284008042519571
BH_s34_medium,39,147,43.9,0.2366696000099182,0.876414025480325
BH_s34_medium,39,148,43.93333333333333,0.032745908945798874,0.8397212677121043
BH_s34_medium,39,149,43.96666666666667,-0.17117778956890106,0.7353263886085197
BH_s34_medium,39,150,44.0,-0.3447535037994385,0.5856351334389909
BH_s34_medium,39,151,44.03333333333333,-0.4467153549194336,0.4133257887457816
BH_s34_medium,39,152,44.06666666666667,-0.4686577022075653,0.23787688775014748
BH_s34_medium,39,153,44.1,-0.4686577022075653,0.07383227845371557
BH_s34_medium,39,154,44.13333333333333,-0.4686577022075653,-0.06955801263885812
BH_s34_medium,39,155,44.166666666666664,-0.4686577022075653,-0.18772434446177863
BH_s34_medium,39,156,44.2,-0.4937681555747986,-0.2796294619182689
BH_s34_medium,39,157,44.233333333333334,-0.544312596321106,-0.34654265868495376
BH_s34_medium,39,158,44.266666666666666,-0.5948570966720581,-0.39104287011886424
BH_s34_medium,39,159,44.3,-0.6454015374183655,-0.4162813985102001
BH_s34_medium,39,160,44.333333333333336,-0.7257446050643921,-0.4253184413608148
BH_s34_medium,39,161,44.36666666666667,-0.7049987316131592,-0.4204060434587005
BH_s34_medium,39,162,44.4,-0.2980026602745056,-0.402421553301886
BH_s34_medium,39,163,44.43333333333333,0.35176849365234375,-0.37088005566712745
BH_s34_medium,39,164,44.46666666666667,1.0616645812988281,-0.3247444563385968
BH_s34_medium,39,165,44.5,1.3309507369995117,-0.2637489450056163
BH_s34_medium,39,166,44.53333333333333,1.1789721250534058,-0.1895496604423215
BH_s34_medium,39,167,44.56666666666667,0.8061608076095581,-0.1060448641412545
BH_s34_medium,39,168,44.6,0.46436625719070435,-0.018695219987278675
BH_s34_medium,39,169,44.63333333333333,0.2374231368303299,0.06677124675096914
BH_s34_medium,39,170,44.666666666666664,0.1997682750225067,0.1456545869185235
BH_s34_medium,39,171,44.7,0.2117849588394165,0.21502341248655382
BH_s34_medium,39,172,44.733333333333334,0.3137468099594116,0.27354755231320693
BH_s34_medium,39,173,44.766666666666666,0.3437495827674866,0.3204920230839889
BH_s34_medium,39,174,44.8,0.23238979279994965,0.3545156552389849
BH_s34_medium,39,175,44.833333333333336,0.03699111193418503,0.3731170501682966
BH_s34_medium,39,176,44.86666666666667,-0.12404020875692368,0.3730810035517518
BH_s34_medium,39,177,44.9,-0.3279638886451721,0.35160040285873534
BH_s34_medium,39,178,44.93333333333333,-0.4686577022075653,0.3074916115582178
BH_s34_medium,39,179,44.96666666666667,-0.5200750827789307,0.24206272207624627
BH_s34_medium,39,180,45.0,-0.5200750827789307,0.15942015942170382
BH_s34_medium,39,181,45.03333333333333,-0.5200750827789307,0.06615745371007506
BH_s34_medium,39,182,45.06666666666667,-0.5200750827789307,-0.029537143203333636
BH_s34_medium,39,183,45.1,-0.5200750827789307,-0.11921560885078035
BH_s34_medium,39,184,45.13333333333333,-0.5714924931526184,-0.19565555067486576
BH_s34_medium,39,185,45.166666666666664,-0.6227056980133057,-0.25407613652904465
BH_s34_medium,39,186,45.2,-0.673250138759613,-0.29267886769574464
BH_s34_medium,39,187,45.233333333333334,-0.7237945795059204,-0.312313198614173
BH_s34_medium,39,188,45.266666666666666,-0.7285675406455994,-0.31540059788664937
BH_s34_medium,39,189,45.3,-0.3328847587108612,-0.30452762293635444
BH_s34_medium,39,190,45.333333333333336,0.368887722492218,-0.2812007430977704
BH_s34_medium,39,191,45.36666666666667,1.1386067867279053,-0.24520028192180263
BH_s34_medium,39,192,45.4,1.4788882732391357,-0.19485410018137705
BH_s34_medium,39,193,45.43333333333333,1.3967430591583252,-0.12829843338424032
BH_s34_medium,39,194,45.46666666666667,1.0546880960464478,-0.0453705111315747
BH_s34_medium,39,195,45.5,0.7407421469688416,0.05061948748182112
BH_s34_medium,39,196,45.53333333333333,0.569496214389801,0.15210529579584645
BH_s34_medium,39,197,45.56666666666667,0.4675343632698059,0.24806121428990877
BH_s34_medium,39,198,45.6,0.4568551778793335,0.32636651194531824
BH_s34_medium,39,199,45.63333333333333,0.4568551778793335,0.3770265421773704
BH_s34_medium,39,200,45.666666666666664,0.4187357425689697,0.39504938968153297
BH_s34_medium,39,201,45.7,0.3167738914489746,0.38175723254111543
BH_s34_medium,39,202,45.733333333333334,0.12702105939388275,0.34387076361483965
BH_s34_medium,39,203,45.766666666666666,-0.0414019450545311,0.2907144837719771
BH_s34_medium,39,204,45.8,-0.19478116929531097,0.23089822322248646
BH_s34_medium,39,205,45.833333333333336,-0.34816041588783264,0.1700949706183443
BH_s34_medium,39,206,45.86666666666667,-0.41724032163619995,0.11073605241767083
BH_s34_medium,39,207,45.9,-0.4686577022075653,0.053249851909404455
BH_s34_medium,39,208,45.93333333333333,-0.4686577022075653,-0.0022435946122293564
BH_s34_medium,39,209,45.96666666666667,-0.4686577022075653,-0.054862799687110005
BH_s34_medium,39,210,46.0,-0.49804794788360596,-0.10308682723756721
BH_s34_medium,39,211,46.03333333333333,-0.5200750827789307,-0.1459392142935874
BH_s34_medium,39,212,46.06666666666667,-0.5714924931526184,-0.18453443232303887
BH_s34_medium,39,213,46.1,-0.6229098439216614,-0.22304917431062007
BH_s34_medium,39,214,46.13333333333333,-0.700225830078125,-0.26833510856146603
BH_s34_medium,39,215,46.166666666666664,-0.7507702708244324,-0.32785881796503796
BH_s34_medium,39,216,46.2,-0.7530092597007751,-0.40629739392387276
BH_s34_medium,39,217,46.233333333333334,-0.43181344866752625,-0.5018046547616221
BH_s34_medium,39,218,46.266666666666666,0.22477145493030548,-0.6034773825682485
BH_s34_medium,39,219,46.3,0.9973981976509094,-0.6915376555562962
BH_s34_medium,39,220,46.333333333333336,1.3516117334365845,-0.7409786866567006
BH_s34_medium,39,221,46.36666666666667,1.2715861797332764,-0.7280596473030221
BH_s34_medium,39,222,46.4,0.965700626373291,-0.6376509130582094
BH_s34_medium,39,223,46.43333333333333,0.6598151326179504,-0.4688716502709007
BH_s34_medium,39,224,46.46666666666667,0.43968576192855835,-0.23711234729463745
BH_s34_medium,39,225,46.5,0.3540204167366028,0.02826682331697292
BH_s34_medium,39,226,46.53333333333333,0.3540204167366028,0.2902158616113392
BH_s34_medium,39,227,46.56666666666667,0.3540204167366028,0.5127451617433013
BH_s34_medium,39,228,46.6,0.3403426706790924,0.6693387198791109
BH_s34_medium,39,229,46.63333333333333,0.23838083446025848,0.7480270355249552
BH_s34_medium,39,230,46.666666666666664,0.07306970655918121,0.7517924626884026
BH_s34_medium,39,231,46.7,-0.07943660765886307,0.6952010097669706
BH_s34_medium,39,232,46.733333333333334,-0.2731742262840271,0.599248906293076
BH_s34_medium,39,233,46.766666666666666,-0.41724032163619995,0.48623169257056925
BH_s34_medium,39,234,46.8,-0.4686577022075653,0.3756996730458013
BH_s34_medium,39,235,46.833333333333336,-0.4686577022075653,0.2818474973097898
BH_s34_medium,39,236,46.86666666666667,-0.4686577022075653,0.21228021427010552
BH_s34_medium,39,237,46.9,-0.4686577022075653,0.16795643808579516
BH_s34_medium,39,238,46.93333333333333,-0.5200750827789307,0.14406801119959525
BH_s34_medium,39,239,46.96666666666667,-0.5241507291793823,0.1316439273167445
BH_s34_medium,40,0,40.0,0.8419755697250366,0.061160744895186386
BH_s34_medium,40,1,40.03333333333333,0.6311342716217041,0.03481662795418725
BH_s34_medium,40,2,40.06666666666667,0.611107349395752,0.0043872182439797834
BH_s34_medium,40,3,40.1,0.6407519578933716,-0.03271376212338838
BH_s34_medium,40,4,40.13333333333333,0.6851704120635986,-0.07595154688485284
BH_s34_medium,40,5,40.166666666666664,0.5553097724914551,-0.12129660622163381
BH_s34_medium,40,6,40.2,0.24591699242591858,-0.16175583258058054
BH_s34_medium,40,7,40.233333333333334,-0.11051300913095474,-0.18885780772547148
BH_s34_medium,40,8,40.266666666666666,-0.5183603763580322,-0.19500598454641488
BH_s34_medium,40,9,40.3,-0.8259761929512024,-0.17623922496670383
BH_s34_medium,40,10,40.333333333333336,-1.0063656568527222,-0.13455510676446614
BH_s34_medium,40,11,40.36666666666667,-1.034248948097229,-0.07867712918113191
BH_s34_medium,40,12,40.4,-1.034248948097229,-0.02226739939991043
BH_s34_medium,40,13,40.43333333333333,-1.034248948097229,0.020275579764779127
BH_s34_medium,40,14,40.46666666666667,-1.034248948097229,0.03840576096190267
BH_s34_medium,40,15,40.5,-1.104835867881775,0.02775961863437244
BH_s34_medium,40,16,40.53333333333333,-1.20679771900177,-0.010587072098182711
BH_s34_medium,40,17,40.56666666666667,-1.3087595701217651,-0.07243315659114519
BH_s34_medium,40,18,40.6,-1.4621387720108032,-0.1523111885657419
BH_s34_medium,40,19,40.63333333333333,-1.6155179738998413,-0.24380151557393828
BH_s34_medium,40,20,40.666666666666664,-1.5624275207519531,-0.33830841852685667
BH_s34_medium,40,21,40.7,-0.5960448980331421,-0.42331298779442145
BH_s34_medium,40,22,40.733333333333334,0.8069947957992554,-0.481924717207209
BH_s34_medium,40,23,40.766666666666666,2.1482839584350586,-0.49522105920970705
BH_s34_medium,40,24,40.8,2.4909238815307617,-0.44708284527263864
BH_s34_medium,40,25,40.833333333333336,2.0291285514831543,-0.3295768976906266
BH_s34_medium,40,26,40.86666666666667,1.3058280944824219,-0.1468514423343693
BH_s34_medium,40,27,40.9,0.6190518140792847,0.08364292566120535
BH_s34_medium,40,28,40.93333333333333,0.23554234206676483,0.3331391646717407
BH_s34_medium,40,29,40.96666666666667,0.1622483730316162,0.5666799063957535
BH_s34_medium,40,30,41.0,0.3722478747367859,0.7503296741597503
BH_s34_medium,40,31,41.03333333333333,0.6163102388381958,0.8584063121762191
BH_s34_medium,40,32,41.06666666666667,0.6538647413253784,0.8783623938812243
BH_s34_medium,40,33,41.1,0.39506658911705017,0.8118292032290789
BH_s34_medium,40,34,41.13333333333333,-0.01365370862185955,0.6721231477144757
BH_s34_medium,40,35,41.166666666666664,-0.42408522963523865,0.47995036797253526
BH_s34_medium,40,36,41.2,-0.7788386344909668,0.2591260277940214
BH_s34_medium,40,37,41.233333333333334,-0.982762336730957,0.033233325970188396
BH_s34_medium,40,38,41.266666666666666,-1.034248948097229,-0.17676443819693707
BH_s34_medium,40,39,41.3,-1.034248948097229,-0.35436716944087526
BH_s34_medium,40,40,41.333333333333336,-0.9828315377235413,-0.4891051028730522
BH_s34_medium,40,41,41.36666666666667,-0.9828315377235413,-0.5775767643838415
BH_s34_medium,40,42,41.4,-1.0298497676849365,-0.6232267848751927
BH_s34_medium,40,43,41.43333333333333,-1.0803941488265991,-0.6342702038222553
BH_s34_medium,40,44,41.46666666666667,-1.1823559999465942,-0.6200838863808389
BH_s34_medium,40,45,41.5,-1.3287173509597778,-0.5874179978830861
BH_s34_medium,40,46,41.53333333333333,-1.4376970529556274,-0.5381231659097646
BH_s34_medium,40,47,41.56666666666667,-1.232319951057434,-0.4695222625479761
BH_s34_medium,40,48,41.6,-0.13117839395999908,-0.3773587740420495
BH_s34_medium,40,49,41.63333333333333,1.4198836088180542,-0.2599525847700828
BH_s34_medium,40,50,41.666666666666664,2.668194532394409,-0.12142640847529539
BH_s34_medium,40,51,41.7,2.885727643966675,0.02780264839544259
BH_s34_medium,40,52,41.733333333333334,2.3866512775421143,0.17363625102992408
BH_s34_medium,40,53,41.766666666666666,1.6860466003417969,0.302710478176094
BH_s34_medium,40,54,41.8,1.1482348442077637,0.4064255359909134
BH_s34_medium,40,55,41.833333333333336,0.8482711315155029,0.4827029275708766
BH_s34_medium,40,56,41.86666666666667,0.7653594613075256,0.5348271031460518
BH_s34_medium,40,57,41.9,0.7992838621139526,0.5682031982373152
BH_s34_medium,40,58,41.93333333333333,0.8681942224502563,0.5867988181198227
BH_s34_medium,40,59,41.96666666666667,0.7845982909202576,0.5910190456651473
BH_s34_medium,40,60,42.0,0.5171903371810913,0.5778665614338896
BH_s34_medium,40,61,42.03333333333333,0.09902192652225494,0.5430193562421224
BH_s34_medium,40,62,42.06666666666667,-0.2783927023410797,0.48358894819287773
BH_s34_medium,40,63,42.1,-0.6061357855796814,0.4002016095976493
BH_s34_medium,40,64,42.13333333333333,-0.8049759864807129,0.29762576591148615
BH_s34_medium,40,65,42.166666666666664,-0.906937837600708,0.1839344710996136
BH_s34_medium,40,66,42.2,-0.9314141273498535,0.06865909917874441
BH_s34_medium,40,67,42.233333333333334,-0.9314141273498535,-0.039431758421981294
BH_s34_medium,40,68,42.266666666666666,-0.9828315377235413,-0.13425244733034977
BH_s34_medium,40,69,42.3,-1.0062808990478516,-0.21353355302814941
BH_s34_medium,40,70,42.333333333333336,-1.1082427501678467,-0.27911190986794976
BH_s34_medium,40,71,42.36666666666667,-1.2102046012878418,-0.33659331726236363
BH_s34_medium,40,72,42.4,-1.3329970836639404,-0.3944234100295732
BH_s34_medium,40,73,42.43333333333333,-1.465545654296875,-0.4620409433637108
BH_s34_medium,40,74,42.46666666666667,-1.5998401641845703,-0.5467641765290486
BH_s34_medium,40,75,42.5,-1.281680941581726,-0.6497054610170079
BH_s34_medium,40,76,42.53333333333333,-0.12307730317115784,-0.7620904210550634
BH_s34_medium,40,77,42.56666666666667,1.4401553869247437,-0.8639380643511393
BH_s34_medium,40,78,42.6,2.6943509578704834,-0.9264557620391498
BH_s34_medium,40,79,42.63333333333333,2.8807289600372314,-0.9181808233889301
BH_s34_medium,40,80,42.666666666666664,2.379049301147461,-0.8136420545481771
BH_s34_medium,40,81,42.7,1.7672781944274902,-0.6023122362861106
BH_s34_medium,40,82,42.733333333333334,1.2432289123535156,-0.29496409359162323
BH_s34_medium,40,83,42.766666666666666,0.9598004817962646,0.07527814472681603
BH_s34_medium,40,84,42.8,0.8681942224502563,0.458489507399308
BH_s34_medium,40,85,42.833333333333336,0.8167768716812134,0.7990175186360198
BH_s34_medium,40,86,42.86666666666667,0.808167040348053,1.048615610326915
BH_s34_medium,40,87,42.9,0.6984683275222778,1.177229692067476
BH_s34_medium,40,88,42.93333333333333,0.4293993413448334,1.178241253029525
BH_s34_medium,40,89,42.96666666666667,0.02754300646483898,1.0673421050008154
BH_s34_medium,40,90,43.0,-0.3862954080104828,0.8762786304434391
BH_s34_medium,40,91,43.03333333333333,-0.7384802103042603,0.6438612004614078
BH_s34_medium,40,92,43.06666666666667,-0.9862037897109985,0.4069257160517213
BH_s34_medium,40,93,43.1,-1.0881656408309937,0.1935541278594741
BH_s34_medium,40,94,43.13333333333333,-1.137083649635315,0.01998992424526567
BH_s34_medium,40,95,43.166666666666664,-1.137083649635315,-0.10859151971511143
BH_s34_medium,40,96,43.2,-1.137083649635315,-0.19471987472191027
BH_s34_medium,40,97,43.233333333333334,-1.1875087022781372,-0.24484430401606397
BH_s34_medium,40,98,43.266666666666666,-1.2894705533981323,-0.267104788316624
BH_s34_medium,40,99,43.3,-1.3886942863464355,-0.27133331811451317
BH_s34_medium,40,100,43.333333333333336,-1.4933942556381226,-0.27019261254115345
BH_s34_medium,40,101,43.36666666666667,-1.5953561067581177,-0.2793373550424409
BH_s34_medium,40,102,43.4,-1.6973179578781128,-0.31499567835778425
BH_s34_medium,40,103,43.43333333333333,-1.799279808998108,-0.38898293235446657
BH_s34_medium,40,104,43.46666666666667,-1.583936333656311,-0.5028170333772546
BH_s34_medium,40,105,43.5,-0.37464725971221924,-0.6434350885987606
BH_s34_medium,40,106,43.53333333333333,1.2319424152374268,-0.782672471110296
BH_s34_medium,40,107,43.56666666666667,2.5705878734588623,-0.8814968653886811
BH_s34_medium,40,108,43.6,2.8326492309570312,-0.8985644681586403
BH_s34_medium,40,109,43.63333333333333,1.4578335285186768,-0.80131641018402
BH_s34_medium,40,110,43.666666666666664,0.8147204518318176,-0.5767466190653495
BH_s34_medium,40,111,43.7,0.4964946508407593,-0.23834717006493636
BH_s34_medium,40,112,43.733333333333334,0.3166891038417816,0.17394580966734635
BH_s34_medium,40,113,43.766666666666666,0.3026030361652374,0.6019058877014846
BH_s34_medium,40,114,43.8,0.338188499212265,0.9828154882387559
BH_s34_medium,40,115,43.833333333333336,0.3887329697608948,1.2638557397316375
BH_s34_medium,40,116,43.86666666666667,0.37159815430641174,1.4123845862952906
BH_s34_medium,40,117,43.9,0.2366696000099182,1.419807902318846
BH_s34_medium,40,118,43.93333333333333,0.032745908945798874,1.2992622076214733
BH_s34_medium,40,119,43.96666666666667,-0.17117778956890106,1.0791173397616263
BH_s34_medium,40,120,44.0,-0.3447535037994385,0.7951697269220245
BH_s34_medium,40,121,44.03333333333333,-0.4467153549194336,0.4840072210165959
BH_s34_medium,40,122,44.06666666666667,-0.4686577022075653,0.17852195896569223
BH_s34_medium,40,123,44.1,-0.4686577022075653,-0.09499198000231385
BH_s34_medium,40,124,44.13333333333333,-0.4686577022075653,-0.31920517780144514
BH_s34_medium,40,125,44.166666666666664,-0.4686577022075653,-0.487894182846362
BH_s34_medium,40,126,44.2,-0.4937681555747986,-0.6069027274477108
BH_s34_medium,40,127,44.233333333333334,-0.544312596321106,-0.6923611368086257
BH_s34_medium,40,128,44.266666666666666,-0.5948570966720581,-0.7653986694898414
BH_s34_medium,40,129,44.3,-0.6454015374183655,-0.8443224057947252
BH_s34_medium,40,130,44.333333333333336,-0.7257446050643921,-0.9368225466362514
BH_s34_medium,40,131,44.36666666666667,-0.7049987316131592,-1.035277147228613
BH_s34_medium,40,132,44.4,-0.2980026602745056,-1.117303372391912
BH_s34_medium,40,133,44.43333333333333,0.35176849365234375,-1.1517354110454803
BH_s34_medium,40,134,44.46666666666667,1.0616645812988281,-1.1080982773767467
BH_s34_medium,40,135,44.5,1.3309507369995117,-0.9663757166985906
BH_s34_medium,40,136,44.53333333333333,1.1789721250534058,-0.7239560589186194
BH_s34_medium,40,137,44.56666666666667,0.8061608076095581,-0.3977289971641472
BH_s34_medium,40,138,44.6,0.46436625719070435,-0.0207991240952749
BH_s34_medium,40,139,44.63333333333333,0.2374231368303299,0.36503313299241663
BH_s34_medium,40,140,44.666666666666664,0.1997682750225067,0.7183382361492556
BH_s34_medium,40,141,44.7,0.2117849588394165,1.0055485315312476
BH_s34_medium,40,142,44.733333333333334,0.3137468099594116,1.2049221314017968
BH_s34_medium,40,143,44.766666666666666,0.3437495827674866,1.30696311048425
BH_s34_medium,40,144,44.8,0.23238979279994965,1.312699598975518
BH_s34_medium,40,145,44.833333333333336,0.03699111193418503,1.2314817678620875
BH_s34_medium,40,146,44.86666666666667,-0.12404020875692368,1.079193863845151
BH_s34_medium,40,147,44.9,-0.3279638886451721,0.876726735086716
BH_s34_medium,40,148,44.93333333333333,-0.4686577022075653,0.6480199540678855
BH_s34_medium,40,149,44.96666666666667,-0.5200750827789307,0.41722169908360784
BH_s34_medium,40,150,45.0,-0.5200750827789307,0.20525867535981396
BH_s34_medium,40,151,45.03333333333333,-0.5200750827789307,0.026738482941379156
BH_s34_medium,40,152,45.06666666666667,-0.5200750827789307,-0.11185294361328812
BH_s34_medium,40,153,45.1,-0.5200750827789307,-0.2121494684136908
BH_s34_medium,40,154,45.13333333333333,-0.5714924931526184,-0.28218260846203014
BH_s34_medium,40,155,45.166666666666664,-0.6227056980133057,-0.33354259880541015
BH_s34_medium,40,156,45.2,-0.673250138759613,-0.3783157029449209
BH_s34_medium,40,157,45.233333333333334,-0.7237945795059204,-0.42655049467092615
BH_s34_medium,40,158,45.266666666666666,-0.7285675406455994,-0.4844682864317132
BH_s34_medium,40,159,45.3,-0.3328847587108612,-0.553166208453869
BH_s34_medium,40,160,45.333333333333336,0.368887722492218,-0.6276005833244139
BH_s34_medium,40,161,45.36666666666667,1.1386067867279053,-0.6961284438084292
BH_s34_medium,40,162,45.4,1.4788882732391357,-0.7413931146058874
BH_s34_medium,40,163,45.43333333333333,1.3967430591583252,-0.7433190349866553
BH_s34_medium,40,164,45.46666666666667,1.0546880960464478,-0.6841980215426133
BH_s34_medium,40,165,45.5,0.7407421469688416,-0.5547021629818207
BH_s34_medium,40,166,45.53333333333333,0.569496214389801,-0.35882531896584646
BH_s34_medium,40,167,45.56666666666667,0.4675343632698059,-0.11572920579252459
BH_s34_medium,40,168,45.6,0.4568551778793335,0.14267894564007688
BH_s34_medium,40,169,45.63333333333333,0.4568551778793335,0.37834403636459635
BH_s34_medium,40,170,45.666666666666664,0.4187357425689697,0.5564939976872012
BH_s34_medium,40,171,45.7,0.3167738914489746,0.6552355223827236
BH_s34_medium,40,172,45.733333333333334,0.12702105939388275,0.6715897902261462
BH_s34_medium,40,173,45.766666666666666,-0.0414019450545311,0.6209813881060712
BH_s34_medium,40,174,45.8,-0.19478116929531097,0.5303070656726742
BH_s34_medium,40,175,45.833333333333336,-0.34816041588783264,0.42801348969945024
BH_s34_medium,40,176,45.86666666666667,-0.41724032163619995,0.3355997300271721
BH_s34_medium,40,177,45.9,-0.4686577022075653,0.2634057291346365
BH_s34_medium,40,178,45.93333333333333,-0.4686577022075653,0.21088879193385704
BH_s34_medium,40,179,45.96666666666667,-0.4686577022075653,0.16970769631479093
BH_s34_medium,40,180,46.0,-0.49804794788360596,0.1277884525851552
BH_s34_medium,40,181,46.03333333333333,-0.5200750827789307,0.07321972139732871
BH_s34_medium,40,182,46.06666666666667,-0.5714924931526184,-0.0028400168455990395
BH_s34_medium,40,183,46.1,-0.6229098439216614,-0.10479791938826559
BH_s34_medium,40,184,46.13333333333333,-0.700225830078125,-0.23262491386568404
BH_s34_medium,40,185,46.166666666666664,-0.7507702708244324,-0.38231630339063183
BH_s34_medium,40,186,46.2,-0.7530092597007751,-0.5458865830571237
BH_s34_medium,40,187,46.233333333333334,-0.43181344866752625,-0.7105689582144645
BH_s34_medium,40,188,46.266666666666666,0.22477145493030548,-0.8577013698131558
BH_s34_medium,40,189,46.3,0.9973981976509094,-0.9625529648604944
BH_s34_medium,40,190,46.333333333333336,1.3516117334365845,-0.9967139541846992
BH_s34_medium,40,191,46.36666666666667,1.2715861797332764,-0.9339523183385119
BH_s34_medium,40,192,46.4,0.965700626373291,-0.7585339529062131
BH_s34_medium,40,193,46.43333333333333,0.6598151326179504,-0.47311150746904373
BH_s34_medium,40,194,46.46666666666667,0.43968576192855835,-0.10274969203995024
BH_s34_medium,40,195,46.5,0.3540204167366028,0.3073010239304628
BH_s34_medium,40,196,46.53333333333333,0.3540204167366028,0.7003379085140987
BH_s34_medium,40,197,46.56666666666667,0.3540204167366028,1.0211034707144495
BH_s34_medium,40,198,46.6,0.3403426706790924,1.2284469782163732
BH_s34_medium,40,199,46.63333333333333,0.23838083446025848,1.3033305544270255
BH_s34_medium,40,200,46.666666666666664,0.07306970655918121,1.2502023601895975
BH_s34_medium,40,201,46.7,-0.07943660765886307,1.092792548005778
BH_s34_medium,40,202,46.733333333333334,-0.2731742262840271,0.8669143816154828
BH_s34_medium,40,203,46.766666666666666,-0.41724032163619995,0.6126633961385214
BH_s34_medium,40,204,46.8,-0.4686577022075653,0.3674292715434162
BH_s34_medium,40,205,46.833333333333336,-0.4686577022075653,0.16026819967565453
BH_s34_medium,40,206,46.86666666666667,-0.4686577022075653,0.007901884731432109
BH_s34_medium,40,207,46.9,-0.4686577022075653,-0.08721491072622554
BH_s34_medium,40,208,46.93333333333333,-0.5200750827789307,-0.1361355840994286
BH_s34_medium,40,209,46.96666666666667,-0.5241507291793823,-0.15953495389372613
BH_s34_medium,40,210,47.0,-0.5746951699256897,-0.1810217923033644
BH_s34_medium,40,211,47.03333333333333,-0.6743272542953491,-0.21933452476672088
BH_s34_medium,40,212,47.06666666666667,-0.727201521396637,-0.28240819477502827
BH_s34_medium,40,213,47.1,-0.8285793662071228,-0.3660752661881324
BH_s34_medium,40,214,47.13333333333333,-0.7774509191513062,-0.45783119322603144
BH_s34_medium,40,215,47.166666666666664,-0.26995939016342163,-0.5434102973334957
BH_s34_medium,40,216,47.2,0.39119428396224976,-0.6128623251966959
BH_s34_medium,40,217,47.233333333333334,1.1078349351882935,-0.6634297563991706
BH_s34_medium,40,218,47.266666666666666,1.2795332670211792,-0.6979824209069311
BH_s34_medium,40,219,47.3,1.0878243446350098,-0.7197603624858676
BH_s34_medium,40,220,47.333333333333336,0.7360479235649109,-0.7262667735653764
BH_s34_medium,40,221,47.36666666666667,0.3732185661792755,-0.7061335104802196
BH_s34_medium,40,222,47.4,0.20704056322574615,-0.6416737171549988
BH_s34_medium,40,223,47.43333333333333,0.14835089445114136,-0.5168890364105245
BH_s34_medium,40,224,47.46666666666667,0.24216751754283905,-0.3273491971066959
BH_s34_medium,40,225,47.5,0.3026030361652374,-0.08676358459539137
BH_s34_medium,40,226,47.53333333333333,0.31336700916290283,0.1735248169130034
BH_s34_medium,40,227,47.56666666666667,0.21140515804290771,0.41244878519682304
BH_s34_medium,40,228,47.6,0.019118351861834526,0.5914126494525969
BH_s34_medium,40,229,47.63333333333333,-0.18480533361434937,0.6858006726004428
BH_s34_medium,40,230,47.666666666666664,-0.3515672981739044,0.6912837077020993
BH_s34_medium,40,231,47.7,-0.45352914929389954,0.622933993449677
BH_s34_medium,40,232,47.733333333333334,-0.5040736198425293,0.5085050984725527
BH_s34_medium,40,233,47.766666666666666,-0.4686577022075653,0.37945530839632696
BH_s34_medium,40,234,47.8,-0.4686577022075653,0.2631967225601918
BH_s34_medium,40,235,47.833333333333336,-0.4686577022075653,0.17838979677383357
BH_s34_medium,40,236,47.86666666666667,-0.5005819201469421,0.13337112637805892
BH_s34_medium,40,237,47.9,-0.5511264204978943,0.12683113167355473
BH_s34_medium,40,238,47.93333333333333,-0.6016708612442017,0.1497432420672867
BH_s34_medium,40,239,47.96666666666667,-0.6743272542953491,0.18789253619515978
BH_s34_medium,41,0,41.0,0.3722478747367859,0.007644006542900044
BH_s34_medium,41,1,41.03333333333333,0.6163102388381958,-0.07525070147580286
BH_s34_medium,41,2,41.06666666666667,0.6538647413253784,-0.16220280380440255
BH_s34_medium,41,3,41.1,0.39506658911705017,-0.2562612156346868
BH_s34_medium,41,4,41.13333333333333,-0.01365370862185955,-0.3603463948791914
BH_s34_medium,41,5,41.166666666666664,-0.42408522963523865,-0.475959258892895
BH_s34_medium,41,6,41.2,-0.7788386344909668,-0.6009806267300597
BH_s34_medium,41,7,41.233333333333334,-0.982762336730957,-0.7274648126824669
BH_s34_medium,41,8,41.266666666666666,-1.034248948097229,-0.8409661141633381
BH_s34_medium,41,9,41.3,-1.034248948097229,-0.9226084468866361
BH_s34_medium,41,10,41.333333333333336,-0.9828315377235413,-0.953658532539172
BH_s34_medium,41,11,41.36666666666667,-0.9828315377235413,-0.9208756453422269
BH_s34_medium,41,12,41.4,-1.0298497676849365,-0.8205376529309489
BH_s34_medium,41,13,41.43333333333333,-1.0803941488265991,-0.659795908526727
BH_s34_medium,41,14,41.46666666666667,-1.1823559999465942,-0.4552155744505066
BH_s34_medium,41,15,41.5,-1.3287173509597778,-0.22934197556030886
BH_s34_medium,41,16,41.53333333333333,-1.4376970529556274,-0.006508281736561547
BH_s34_medium,41,17,41.56666666666667,-1.232319951057434,0.19109176400070568
BH_s34_medium,41,18,41.6,-0.13117839395999908,0.34649512925326476
BH_s34_medium,41,19,41.63333333333333,1.4198836088180542,0.4500453653231986
BH_s34_medium,41,20,41.666666666666664,2.668194532394409,0.5004290208978953
BH_s34_medium,41,21,41.7,2.885727643966675,0.504629716994381
BH_s34_medium,41,22,41.733333333333334,2.3866512775421143,0.476720878493752
BH_s34_medium,41,23,41.766666666666666,1.6860466003417969,0.435441410539727
BH_s34_medium,41,24,41.8,1.1482348442077637,0.4006268608837912
BH_s34_medium,41,25,41.833333333333336,0.8482711315155029,0.38887536159140673
BH_s34_medium,41,26,41.86666666666667,0.7653594613075256,0.40929287315897134
BH_s34_medium,41,27,41.9,0.7992838621139526,0.46058327920374864
BH_s34_medium,41,28,41.93333333333333,0.8681942224502563,0.5307841929779369
BH_s34_medium,41,29,41.96666666666667,0.7845982909202576,0.6002455466725479
BH_s34_medium,41,30,42.0,0.5171903371810913,0.647098042158806
BH_s34_medium,41,31,42.03333333333333,0.09902192652225494,0.653305563083852
BH_s34_medium,41,32,42.06666666666667,-0.2783927023410797,0.6092350370758456
BH_s34_medium,41,33,42.1,-0.6061357855796814,0.5154592934653627
BH_s34_medium,41,34,42.13333333333333,-0.8049759864807129,0.38167075965133196
BH_s34_medium,41,35,42.166666666666664,-0.906937837600708,0.22354773633829905
BH_s34_medium,41,36,42.2,-0.9314141273498535,0.05883097674516536
BH_s34_medium,41,37,42.233333333333334,-0.9314141273498535,-0.09624085736609292
BH_s34_medium,41,38,42.266666666666666,-0.9828315377235413,-0.2294198425743561
BH_s34_medium,41,39,42.3,-1.0062808990478516,-0.3337432476217285
BH_s34_medium,41,40,42.333333333333336,-1.1082427501678467,-0.4080438942819545
BH_s34_medium,41,41,42.36666666666667,-1.2102046012878418,-0.45711721765716307
BH_s34_medium,41,42,42.4,-1.3329970836639404,-0.49140295037295817
BH_s34_medium,41,43,42.43333333333333,-1.465545654296875,-0.5254272948186823
BH_s34_medium,41,44,42.46666666666667,-1.5998401641845703,-0.5743042257236468
BH_s34_medium,41,45,42.5,-1.281680941581726,-0.6484697022624218
BH_s34_medium,41,46,42.53333333333333,-0.12307730317115784,-0.7480987405852318
BH_s34_medium,41,47,42.56666666666667,1.4401553869247437,-0.8595099813544337
BH_s34_medium,41,48,42.6,2.6943509578704834,-0.9556267947507066
BH_s34_medium,41,49,42.63333333333333,2.8807289600372314,-1.001247574237359
BH_s34_medium,41,50,42.666666666666664,2.379049301147461,-0.9620506946971125
BH_s34_medium,41,51,42.7,1.7672781944274902,-0.8147580768403081
BH_s34_medium,41,52,42.733333333333334,1.2432289123535156,-0.5553474071319572
BH_s34_medium,41,53,42.766666666666666,0.9598004817962646,-0.20268671480315292
BH_s34_medium,41,54,42.8,0.8681942224502563,0.20378112157140515
BH_s34_medium,41,55,42.833333333333336,0.8167768716812134,0.6118652841439829
BH_s34_medium,41,56,42.86666666666667,0.808167040348053,0.9676265419868301
BH_s34_medium,41,57,42.9,0.6984683275222778,1.226163033065554
BH_s34_medium,41,58,42.93333333333333,0.4293993413448334,1.3592460425918234
BH_s34_medium,41,59,42.96666666666667,0.02754300646483898,1.358452892411654
BH_s34_medium,41,60,43.0,-0.3862954080104828,1.2342160110438765
BH_s34_medium,41,61,43.03333333333333,-0.7384802103042603,1.0122470713260188
BH_s34_medium,41,62,43.06666666666667,-0.9862037897109985,0.7287152501637857
BH_s34_medium,41,63,43.1,-1.0881656408309937,0.42480736152376536
BH_s34_medium,41,64,43.13333333333333,-1.137083649635315,0.14070452554084845
BH_s34_medium,41,65,43.166666666666664,-1.137083649635315,-0.09079410371067471
BH_s34_medium,41,66,43.2,-1.137083649635315,-0.24987313504926154
BH_s34_medium,41,67,43.233333333333334,-1.1875087022781372,-0.3328273533780682
BH_s34_medium,41,68,43.266666666666666,-1.2894705533981323,-0.3516040540967453
BH_s34_medium,41,69,43.3,-1.3886942863464355,-0.3300081313296281
BH_s34_medium,41,70,43.333333333333336,-1.4933942556381226,-0.2979390622427675
BH_s34_medium,41,71,43.36666666666667,-1.5953561067581177,-0.2852084821835343
BH_s34_medium,41,72,43.4,-1.6973179578781128,-0.3157716425369946
BH_s34_medium,41,73,43.43333333333333,-1.799279808998108,-0.40257401702532175
BH_s34_medium,41,74,43.46666666666667,-1.583936333656311,-0.5434349472778304
BH_s34_medium,41,75,43.5,-0.37464725971221924,-0.7189922640838552
BH_s34_medium,41,76,43.53333333333333,1.2319424152374268,-0.8938842191604632
BH_s34_medium,41,77,43.56666666666667,2.5705878734588623,-1.0218926466277003
BH_s34_medium,41,78,43.6,2.8326492309570312,-1.0549325137930965
BH_s34_medium,41,79,43.63333333333333,1.4578335285186768,-0.9547071994435617
BH_s34_medium,41,80,43.666666666666664,0.8147204518318176,-0.7046507054308212
BH_s34_medium,41,81,43.7,0.4964946508407593,-0.3185275049877079
BH_s34_medium,41,82,43.733333333333334,0.3166891038417816,0.15847516887767799
BH_s34_medium,41,83,43.766666666666666,0.3026030361652374,0.6583657264099616
BH_s34_medium,41,84,43.8,0.338188499212265,1.1062804468191971
BH_s34_medium,41,85,43.833333333333336,0.3887329697608948,1.4376639444676755
BH_s34_medium,41,86,43.86666666666667,0.37159815430641174,1.6110153513447922
BH_s34_medium,41,87,43.9,0.2366696000099182,1.6135955028631728
BH_s34_medium,41,88,43.93333333333333,0.032745908945798874,1.4603253334842297
BH_s34_medium,41,89,43.96666666666667,-0.17117778956890106,1.1876075372862944
BH_s34_medium,41,90,44.0,-0.3447535037994385,0.8442274741312994
BH_s34_medium,41,91,44.03333333333333,-0.4467153549194336,0.4813567791274467
BH_s34_medium,41,92,44.06666666666667,-0.4686577022075653,0.14342068930233157
BH_s34_medium,41,93,44.1,-0.4686577022075653,-0.13871359591125104
BH_s34_medium,41,94,44.13333333333333,-0.4686577022075653,-0.3512262675905621
BH_s34_medium,41,95,44.166666666666664,-0.4686577022075653,-0.4971712368518129
BH_s34_medium,41,96,44.2,-0.4937681555747986,-0.5930776492511022
BH_s34_medium,41,97,44.233333333333334,-0.544312596321106,-0.6634042832585441
BH_s34_medium,41,98,44.266666666666666,-0.5948570966720581,-0.7341300473563357
BH_s34_medium,41,99,44.3,-0.6454015374183655,-0.8263749433069685
BH_s34_medium,41,100,44.333333333333336,-0.7257446050643921,-0.9503308157912852
BH_s34_medium,41,101,44.36666666666667,-0.7049987316131592,-1.1000195843142808
BH_s34_medium,41,102,44.4,-0.2980026602745056,-1.2507448781050252
BH_s34_medium,41,103,44.43333333333333,0.35176849365234375,-1.3618115487932847
BH_s34_medium,41,104,44.46666666666667,1.0616645812988281,-1.3855910928569939
BH_s34_medium,41,105,44.5,1.3309507369995117,-1.2810960826372855
BH_s34_medium,41,106,44.53333333333333,1.1789721250534058,-1.027773800956815
BH_s34_medium,41,107,44.56666666666667,0.8061608076095581,-0.6345246773535118
BH_s34_medium,41,108,44.6,0.46436625719070435,-0.14038849597230074
BH_s34_medium,41,109,44.63333333333333,0.2374231368303299,0.393605663481142
BH_s34_medium,41,110,44.666666666666664,0.1997682750225067,0.898540913989106
BH_s34_medium,41,111,44.7,0.2117849588394165,1.312706992844122
BH_s34_medium,41,112,44.733333333333334,0.3137468099594116,1.5929879559210636
BH_s34_medium,41,113,44.766666666666666,0.3437495827674866,1.7199988426192034
BH_s34_medium,41,114,44.8,0.23238979279994965,1.697158139029733
BH_s34_medium,41,115,44.833333333333336,0.03699111193418503,1.545801506557726
BH_s34_medium,41,116,44.86666666666667,-0.12404020875692368,1.2988186587586703
BH_s34_medium,41,117,44.9,-0.3279638886451721,0.9945174665261372
BH_s34_medium,41,118,44.93333333333333,-0.4686577022075653,0.6713641074662554
BH_s34_medium,41,119,44.96666666666667,-0.5200750827789307,0.3635231749676848
BH_s34_medium,41,120,45.0,-0.5200750827789307,0.09699127811554602
BH_s34_medium,41,121,45.03333333333333,-0.5200750827789307,-0.11341956200499993
BH_s34_medium,41,122,45.06666666666667,-0.5200750827789307,-0.2653528370947756
BH_s34_medium,41,123,45.1,-0.5200750827789307,-0.36754145326773957
BH_s34_medium,41,124,45.13333333333333,-0.5714924931526184,-0.43592458036346926
BH_s34_medium,41,125,45.166666666666664,-0.6227056980133057,-0.488598637424019
BH_s34_medium,41,126,45.2,-0.673250138759613,-0.5413792339555185
BH_s34_medium,41,127,45.233333333333334,-0.7237945795059204,-0.6051225459835909
BH_s34_medium,41,128,45.266666666666666,-0.7285675406455994,-0.6847373407445901
BH_s34_medium,41,129,45.3,-0.3328847587108612,-0.7788672217136643
BH_s34_medium,41,130,45.333333333333336,0.368887722492218,-0.8792169073347842
BH_s34_medium,41,131,45.36666666666667,1.1386067867279053,-0.9694447529374005
BH_s34_medium,41,132,45.4,1.4788882732391357,-1.0248453748068374
BH_s34_medium,41,133,45.43333333333333,1.3967430591583252,-1.0147744417363376
BH_s34_medium,41,134,45.46666666666667,1.0546880960464478,-0.9091942615269644
BH_s34_medium,41,135,45.5,0.7407421469688416,-0.6887970464232345
BH_s34_medium,41,136,45.53333333333333,0.569496214389801,-0.35567061782626835
BH_s34_medium,41,137,45.56666666666667,0.4675343632698059,0.06013943251937911
BH_s34_medium,41,138,45.6,0.4568551778793335,0.5023360524669491
BH_s34_medium,41,139,45.63333333333333,0.4568551778793335,0.899862065912384
BH_s34_medium,41,140,45.666666666666664,0.4187357425689697,1.1857440628003444
BH_s34_medium,41,141,45.7,0.3167738914489746,1.3169654633966474
BH_s34_medium,41,142,45.733333333333334,0.12702105939388275,1.287148529370441
BH_s34_medium,41,143,45.766666666666666,-0.0414019450545311,1.1261948081426918
BH_s34_medium,41,144,45.8,-0.19478116929531097,0.8875031523128024
BH_s34_medium,41,145,45.833333333333336,-0.34816041588783264,0.6293860633206856
BH_s34_medium,41,146,45.86666666666667,-0.41724032163619995,0.3985653677977113
BH_s34_medium,41,147,45.9,-0.4686577022075653,0.22075926456577477
BH_s34_medium,41,148,45.93333333333333,-0.4686577022075653,0.09938136239365694
BH_s34_medium,41,149,45.96666666666667,-0.4686577022075653,0.020363321698019746
BH_s34_medium,41,150,46.0,-0.49804794788360596,-0.04009165075936718
BH_s34_medium,41,151,46.03333333333333,-0.5200750827789307,-0.1076720730965738
BH_s34_medium,41,152,46.06666666666667,-0.5714924931526184,-0.20377912521103672
BH_s34_medium,41,153,46.1,-0.6229098439216614,-0.34154538595695516
BH_s34_medium,41,154,46.13333333333333,-0.700225830078125,-0.5237295288136286
BH_s34_medium,41,155,46.166666666666664,-0.7507702708244324,-0.7418693872399351
BH_s34_medium,41,156,46.2,-0.7530092597007751,-0.9763020143447788
BH_s34_medium,41,157,46.233333333333334,-0.43181344866752625,-1.1971115215046995
BH_s34_medium,41,158,46.266666666666666,0.22477145493030548,-1.3664666466136524
BH_s34_medium,41,159,46.3,0.9973981976509094,-1.443138762639463
BH_s34_medium,41,160,46.333333333333336,1.3516117334365845,-1.3899863350351171
BH_s34_medium,41,161,46.36666666666667,1.2715861797332764,-1.183993496350284
BH_s34_medium,41,162,46.4,0.965700626373291,-0.8260682853012346
BH_s34_medium,41,163,46.43333333333333,0.6598151326179504,-0.3462522710670338
BH_s34_medium,41,164,46.46666666666667,0.43968576192855835,0.19893744033249705
BH_s34_medium,41,165,46.5,0.3540204167366028,0.7372473360542489
BH_s34_medium,41,166,46.53333333333333,0.3540204167366028,1.1964896617570142
BH_s34_medium,41,167,46.56666666666667,0.3540204167366028,1.5203893028916675
BH_s34_medium,41,168,46.6,0.3403426706790924,1.6794407958956752
BH_s34_medium,41,169,46.63333333333333,0.23838083446025848,1.6738026803087553
BH_s34_medium,41,170,46.666666666666664,0.07306970655918121,1.5285470800941805
BH_s34_medium,41,171,46.7,-0.07943660765886307,1.284284640519465
BH_s34_medium,41,172,46.733333333333334,-0.2731742262840271,0.9868976177140006
BH_s34_medium,41,173,46.766666666666666,-0.41724032163619995,0.67907662766231
BH_s34_medium,41,174,46.8,-0.4686577022075653,0.3947038344726881
BH_s34_medium,41,175,46.833333333333336,-0.4686577022075653,0.1558649508969415
BH_s34_medium,41,176,46.86666666666667,-0.4686577022075653,-0.02812983184037695
BH_s34_medium,41,177,46.9,-0.4686577022075653,-0.16011712402789519
BH_s34_medium,41,178,46.93333333333333,-0.5200750827789307,-0.25290676605865264
BH_s34_medium,41,179,46.96666666666667,-0.5241507291793823,-0.32542105976804664
BH_s34_medium,41,180,47.0,-0.5746951699256897,-0.3971533516968046
BH_s34_medium,41,181,47.03333333333333,-0.6743272542953491,-0.48186686904448245
BH_s34_medium,41,182,47.06666666666667,-0.727201521396637,-0.5828197170521291
BH_s34_medium,41,183,47.1,-0.8285793662071228,-0.6919680446215924
BH_s34_medium,41,184,47.13333333333333,-0.7774509191513062,-0.7936369751043654
BH_s34_medium,41,185,47.166666666666664,-0.26995939016342163,-0.8706566210592505
BH_s34_medium,41,186,47.2,0.39119428396224976,-0.9099824316568383
BH_s34_medium,41,187,47.233333333333334,1.1078349351882935,-0.9055829567158146
BH_s34_medium,41,188,47.266666666666666,1.2795332670211792,-0.8579992203038475
BH_s34_medium,41,189,47.3,1.0878243446350098,-0.7715614710694291
BH_s34_medium,41,190,47.333333333333336,0.7360479235649109,-0.6511309063985516
BH_s34_medium,41,191,47.36666666666667,0.3732185661792755,-0.500116430034286
BH_s34_medium,41,192,47.4,0.20704056322574615,-0.3205727925383589
BH_s34_medium,41,193,47.43333333333333,0.14835089445114136,-0.11503542551472008
BH_s34_medium,41,194,47.46666666666667,0.24216751754283905,0.11099328779597528
BH_s34_medium,41,195,47.5,0.3026030361652374,0.34712603843596423
BH_s34_medium,41,196,47.53333333333333,0.31336700916290283,0.5776354040287086
BH_s34_medium,41,197,47.56666666666667,0.21140515804290771,0.7828652736937254
BH_s34_medium,41,198,47.6,0.019118351861834526,0.9424269102203942
BH_s34_medium,41,199,47.63333333333333,-0.18480533361434937,1.0394778761006778
BH_s34_medium,41,200,47.666666666666664,-0.3515672981739044,1.0646756571043954
BH_s34_medium,41,201,47.7,-0.45352914929389954,1.0182480914009222
BH_s34_medium,41,202,47.733333333333334,-0.5040736198425293,0.9094441968120266
BH_s34_medium,41,203,47.766666666666666,-0.4686577022075653,0.7538397172155512
BH_s34_medium,41,204,47.8,-0.4686577022075653,0.5697000588732705
BH_s34_medium,41,205,47.833333333333336,-0.4686577022075653,0.37450467785331903
BH_s34_medium,41,206,47.86666666666667,-0.5005819201469421,0.18210279192886658
BH_s34_medium,41,207,47.9,-0.5511264204978943,0.0005907428767880701
BH_s34_medium,41,208,47.93333333333333,-0.6016708612442017,-0.16867944832170004
BH_s34_medium,41,209,47.96666666666667,-0.6743272542953491,-0.33011953721103776
BH_s34_medium,41,210,48.0,-0.7257446050643921,-0.4903907132868971
BH_s34_medium,41,211,48.03333333333333,-0.48511162400245667,-0.652929905694503
BH_s34_medium,41,212,48.06666666666667,0.10280169546604156,-0.8125037753194736
BH_s34_medium,41,213,48.1,0.8432213664054871,-0.9524003654618759
BH_s34_medium,41,214,48.13333333333333,1.3294150829315186,-1.0460647842255324
BH_s34_medium,41,215,48.166666666666664,1.3342320919036865,-1.0633251752539976
BH_s34_medium,41,216,48.2,1.0556960105895996,-0.9797529233057163
BH_s34_medium,41,217,48.233333333333334,0.6983930468559265,-0.7864663081558667
BH_s34_medium,41,218,48.266666666666666,0.4653741419315338,-0.49696804557202373
BH_s34_medium,41,219,48.3,0.33344411849975586,-0.14787419065957833
BH_s34_medium,41,220,48.333333333333336,0.3026030361652374,0.20796001654291726
BH_s34_medium,41,221,48.36666666666667,0.3540204167366028,0.5145368571598516
BH_s34_medium,41,222,48.4,0.3874802589416504,0.7276146026162349
BH_s34_medium,41,223,48.43333333333333,0.3198511600494385,0.8257594158111412
BH_s34_medium,41,224,48.46666666666667,0.1673448532819748,0.8136187484029793
BH_s34_medium,41,225,48.5,-0.036578837782144547,0.7169054138708371
BH_s34_medium,41,226,48.53333333333333,-0.2260366529226303,0.5716801799783469
BH_s34_medium,41,227,48.56666666666667,-0.379415899515152,0.41228671832594144
BH_s34_medium,41,228,48.6,-0.42996034026145935,0.2624318314847523
BH_s34_medium,41,229,48.63333333333333,-0.4686577022075653,0.13230651314710115
BH_s34_medium,41,230,48.666666666666664,-0.4686577022075653,0.02178056865244682
BH_s34_medium,41,231,48.7,-0.4686577022075653,-0.0730841881451104
BH_s34_medium,41,232,48.733333333333334,-0.5200750827789307,-0.15420518776040246
BH_s34_medium,41,233,48.766666666666666,-0.5284305214881897,-0.21927546474640072
BH_s34_medium,41,234,48.8,-0.5789749622344971,-0.2633408369957317
BH_s34_medium,41,235,48.833333333333336,-0.6295194625854492,-0.2819532154419371
BH_s34_medium,41,236,48.86666666666667,-0.6800639033317566,-0.27348337360261205
BH_s34_medium,41,237,48.9,-0.7771620154380798,-0.23961288307217807
BH_s34_medium,41,238,48.93333333333333,-0.6069464087486267,-0.18456022636749525
BH_s34_medium,41,239,48.96666666666667,-0.038611024618148804,-0.1141818388159765
BH_s34_medium,42,0,42.0,0.5171903371810913,0.08278871013590842
BH_s34_medium,42,1,42.03333333333333,0.09902192652225494,0.4045610582924118
BH_s34_medium,42,2,42.06666666666667,-0.2783927023410797,0.6933907142811064
BH_s34_medium,42,3,42.1,-0.6061357855796814,0.9205988227179884
BH_s34_medium,42,4,42.13333333333333,-0.8049759864807129,1.0634201837243336
BH_s34_medium,42,5,42.166666666666664,-0.906937837600708,1.110307159577866
BH_s34_medium,42,6,42.2,-0.9314141273498535,1.0650895319459215
BH_s34_medium,42,7,42.233333333333334,-0.9314141273498535,0.9471783001645065
BH_s34_medium,42,8,42.266666666666666,-0.9828315377235413,0.78668509371623
BH_s34_medium,42,9,42.3,-1.0062808990478516,0.6157728289642143
BH_s34_medium,42,10,42.333333333333336,-1.1082427501678467,0.45925799780642124
BH_s34_medium,42,11,42.36666666666667,-1.2102046012878418,0.32777716876342633
BH_s34_medium,42,12,42.4,-1.3329970836639404,0.21583690661148533
BH_s34_medium,42,13,42.43333333333333,-1.465545654296875,0.10542549679325919
BH_s34_medium,42,14,42.46666666666667,-1.5998401641845703,-0.025792108894142303
BH_s34_medium,42,15,42.5,-1.281680941581726,-0.19415953783778322
BH_s34_medium,42,16,42.53333333333333,-0.12307730317115784,-0.401127248001398
BH_s34_medium,42,17,42.56666666666667,1.4401553869247437,-0.6292064035359656
BH_s34_medium,42,18,42.6,2.6943509578704834,-0.8445640047623978
BH_s34_medium,42,19,42.63333333333333,2.8807289600372314,-1.0055471654126733
BH_s34_medium,42,20,42.666666666666664,2.379049301147461,-1.074286621285173
BH_s34_medium,42,21,42.7,1.7672781944274902,-1.0276118575810407
BH_s34_medium,42,22,42.733333333333334,1.2432289123535156,-0.863996172529711
BH_s34_medium,42,23,42.766666666666666,0.9598004817962646,-0.6045289683541205
BH_s34_medium,42,24,42.8,0.8681942224502563,-0.28745907918940045
BH_s34_medium,42,25,42.833333333333336,0.8167768716812134,0.0420378647242626
BH_s34_medium,42,26,42.86666666666667,0.808167040348053,0.3428683298900949
BH_s34_medium,42,27,42.9,0.6984683275222778,0.5853399794113425
BH_s34_medium,42,28,42.93333333333333,0.4293993413448334,0.7529052451752697
BH_s34_medium,42,29,42.96666666666667,0.02754300646483898,0.8398322077345687
BH_s34_medium,42,30,43.0,-0.3862954080104828,0.8477438225563145
BH_s34_medium,42,31,43.03333333333333,-0.7384802103042603,0.7832422283935436
BH_s34_medium,42,32,43.06666666666667,-0.9862037897109985,0.6572425101318129
BH_s34_medium,42,33,43.1,-1.0881656408309937,0.48537749404012176
BH_s34_medium,42,34,43.13333333333333,-1.137083649635315,0.288416919545832
BH_s34_medium,42,35,43.166666666666664,-1.137083649635315,0.091648206717558
BH_s34_medium,42,36,43.2,-1.137083649635315,-0.07781315239461893
BH_s34_medium,42,37,43.233333333333334,-1.1875087022781372,-0.19626765080299427
BH_s34_medium,42,38,43.266666666666666,-1.2894705533981323,-0.25026482109802395
BH_s34_medium,42,39,43.3,-1.3886942863464355,-0.24250653568654545
BH_s34_medium,42,40,43.333333333333336,-1.4933942556381226,-0.19380698863130508
BH_s34_medium,42,41,43.36666666666667,-1.5953561067581177,-0.13919002862393906
BH_s34_medium,42,42,43.4,-1.6973179578781128,-0.11850519329233655
BH_s34_medium,42,43,43.43333333333333,-1.799279808998108,-0.1641803003099652
BH_s34_medium,42,44,43.46666666666667,-1.583936333656311,-0.2897906267776773
BH_s34_medium,42,45,43.5,-0.37464725971221924,-0.4830361641272725
BH_s34_medium,42,46,43.53333333333333,1.2319424152374268,-0.7058238465571979
BH_s34_medium,42,47,43.56666666666667,2.5705878734588623,-0.9022714552703025
BH_s34_medium,42,48,43.6,2.8326492309570312,-1.0127666446491064
BH_s34_medium,42,49,43.63333333333333,1.4578335285186768,-0.9900817471161911
BH_s34_medium,42,50,43.666666666666664,0.8147204518318176,-0.8130270175769133
BH_s34_medium,42,51,43.7,0.4964946508407593,-0.49362302062696545
BH_s34_medium,42,52,43.733333333333334,0.3166891038417816,-0.07483713425224887
BH_s34_medium,42,53,43.766666666666666,0.3026030361652374,0.38113648280362117
BH_s34_medium,42,54,43.8,0.338188499212265,0.8093468628518861
BH_s34_medium,42,55,43.833333333333336,0.3887329697608948,1.1561477346134936
BH_s34_medium,42,56,43.86666666666667,0.37159815430641174,1.3864058351371797
BH_s34_medium,42,57,43.9,0.2366696000099182,1.484200172672525
BH_s34_medium,42,58,43.93333333333333,0.032745908945798874,1.4498971313400357
BH_s34_medium,42,59,43.96666666666667,-0.17117778956890106,1.2963867643177776
BH_s34_medium,42,60,44.0,-0.3447535037994385,1.0460930086209206
BH_s34_medium,42,61,44.03333333333333,-0.4467153549194336,0.7289241740254356
BH_s34_medium,42,62,44.06666666666667,-0.4686577022075653,0.3800677348970669
BH_s34_medium,42,63,44.1,-0.4686577022075653,0.03621476150178773
BH_s34_medium,42,64,44.13333333333333,-0.4686577022075653,-0.27020750106926494
BH_s34_medium,42,65,44.166666666666664,-0.4686577022075653,-0.5175208918483498
BH_s34_medium,42,66,44.2,-0.4937681555747986,-0.6994210385761308
BH_s34_medium,42,67,44.233333333333334,-0.544312596321106,-0.8251493269637256
BH_s34_medium,42,68,44.266666666666666,-0.5948570966720581,-0.9141683714390894
BH_s34_medium,42,69,44.3,-0.6454015374183655,-0.9868049811810301
BH_s34_medium,42,70,44.333333333333336,-0.7257446050643921,-1.0545522665477742
BH_s34_medium,42,71,44.36666666666667,-0.7049987316131592,-1.1142663714432888
BH_s34_medium,42,72,44.4,-0.2980026602745056,-1.148779846805218
BH_s34_medium,42,73,44.43333333333333,0.35176849365234375,-1.1334856040064591
BH_s34_medium,42,74,44.46666666666667,1.0616645812988281,-1.0458960173290286
BH_s34_medium,42,75,44.5,1.3309507369995117,-0.8742753130220783
BH_s34_medium,42,76,44.53333333333333,1.1789721250534058,-0.6224038338193244
BH_s34_medium,42,77,44.56666666666667,0.8061608076095581,-0.309379276586788
BH_s34_medium,42,78,44.6,0.46436625719070435,0.035010997903595756
BH_s34_medium,42,79,44.63333333333333,0.2374231368303299,0.3775861097157411
BH_s34_medium,42,80,44.666666666666664,0.1997682750225067,0.6891130159569301
BH_s34_medium,42,81,44.7,0.2117849588394165,0.949077042900404
BH_s34_medium,42,82,44.733333333333334,0.3137468099594116,1.1464973782763312
BH_s34_medium,42,83,44.766666666666666,0.3437495827674866,1.2773435310912598
BH_s34_medium,42,84,44.8,0.23238979279994965,1.3407338014961356
BH_s34_medium,42,85,44.833333333333336,0.03699111193418503,1.336427840490731
BH_s34_medium,42,86,44.86666666666667,-0.12404020875692368,1.2649032797031188
BH_s34_medium,42,87,44.9,-0.3279638886451721,1.129427872254016
BH_s34_medium,42,88,44.93333333333333,-0.4686577022075653,0.9382728526982466
BH_s34_medium,42,89,44.96666666666667,-0.5200750827789307,0.7052948878987297
BH_s34_medium,42,90,45.0,-0.5200750827789307,0.44836902108933696
BH_s34_medium,42,91,45.03333333333333,-0.5200750827789307,0.18646150172827788
BH_s34_medium,42,92,45.06666666666667,-0.5200750827789307,-0.06346900850609376
BH_s34_medium,42,93,45.1,-0.5200750827789307,-0.28883806381626675
BH_s34_medium,42,94,45.13333333333333,-0.5714924931526184,-0.4825524879188434
BH_s34_medium,42,95,45.166666666666664,-0.6227056980133057,-0.6428411691036494
BH_s34_medium,42,96,45.2,-0.673250138759613,-0.7723221011365876
BH_s34_medium,42,97,45.233333333333334,-0.7237945795059204,-0.8768495996672863
BH_s34_medium,42,98,45.266666666666666,-0.7285675406455994,-0.9639469742645057
BH_s34_medium,42,99,45.3,-0.3328847587108612,-1.0401460995601306
BH_s34_medium,42,100,45.333333333333336,0.368887722492218,-1.1072046249953706
BH_s34_medium,42,101,45.36666666666667,1.1386067867279053,-1.158367937067072
BH_s34_medium,42,102,45.4,1.4788882732391357,-1.1765316189584323
BH_s34_medium,42,103,45.43333333333333,1.3967430591583252,-1.1360059396906985
BH_s34_medium,42,104,45.46666666666667,1.0546880960464478,-1.008667397632345
BH_s34_medium,42,105,45.5,0.7407421469688416,-0.7736706225894291
BH_s34_medium,42,106,45.53333333333333,0.569496214389801,-0.4279693743437586
BH_s34_medium,42,107,45.56666666666667,0.4675343632698059,0.0064088102460158215
BH_s34_medium,42,108,45.6,0.4568551778793335,0.48213127989278187
BH_s34_medium,42,109,45.63333333333333,0.4568551778793335,0.9350214567313003
BH_s34_medium,42,110,45.666666666666664,0.4187357425689697,1.2993975320427502
BH_s34_medium,42,111,45.7,0.3167738914489746,1.525184192632915
BH_s34_medium,42,112,45.733333333333334,0.12702105939388275,1.5903530679516127
BH_s34_medium,42,113,45.766666666666666,-0.0414019450545311,1.5041023471034276
BH_s34_medium,42,114,45.8,-0.19478116929531097,1.3006541881516671
BH_s34_medium,42,115,45.833333333333336,-0.34816041588783264,1.0275335781221258
BH_s34_medium,42,116,45.86666666666667,-0.41724032163619995,0.7330973188215044
BH_s34_medium,42,117,45.9,-0.4686577022075653,0.4566080484887572
BH_s34_medium,42,118,45.93333333333333,-0.4686577022075653,0.2223158234854101
BH_s34_medium,42,119,45.96666666666667,-0.4686577022075653,0.03774781929203464
BH_s34_medium,42,120,46.0,-0.49804794788360596,-0.10429688535886232
BH_s34_medium,42,121,46.03333333333333,-0.5200750827789307,-0.221049466364903
BH_s34_medium,42,122,46.06666666666667,-0.5714924931526184,-0.3338383162965796
BH_s34_medium,42,123,46.1,-0.6229098439216614,-0.4624053622164939
BH_s34_medium,42,124,46.13333333333333,-0.700225830078125,-0.6202668223421755
BH_s34_medium,42,125,46.166666666666664,-0.7507702708244324,-0.8111357270457867
BH_s34_medium,42,126,46.2,-0.7530092597007751,-1.0262815580865718
BH_s34_medium,42,127,46.233333333333334,-0.43181344866752625,-1.2432161498356575
BH_s34_medium,42,128,46.266666666666666,0.22477145493030548,-1.4267453746138123
BH_s34_medium,42,129,46.3,0.9973981976509094,-1.5335389335572227
BH_s34_medium,42,130,46.333333333333336,1.3516117334365845,-1.520549260192389
BH_s34_medium,42,131,46.36666666666667,1.2715861797332764,-1.356081508809443
BH_s34_medium,42,132,46.4,0.965700626373291,-1.0307282942311116
BH_s34_medium,42,133,46.43333333333333,0.6598151326179504,-0.5644535717398854
BH_s34_medium,42,134,46.46666666666667,0.43968576192855835,-0.006479829810622331
BH_s34_medium,42,135,46.5,0.3540204167366028,0.5733262473922154
BH_s34_medium,42,136,46.53333333333333,0.3540204167366028,1.099611737664693
BH_s34_medium,42,137,46.56666666666667,0.3540204167366028,1.50837388548399
BH_s34_medium,42,138,46.6,0.3403426706790924,1.7597347002526957
BH_s34_medium,42,139,46.63333333333333,0.23838083446025848,1.8427181272357187
BH_s34_medium,42,140,46.666666666666664,0.07306970655918121,1.7717829696387695
BH_s34_medium,42,141,46.7,-0.07943660765886307,1.5782449343595821
BH_s34_medium,42,142,46.733333333333334,-0.2731742262840271,1.30085333487016
BH_s34_medium,42,143,46.766666666666666,-0.41724032163619995,0.9785312914738928
BH_s34_medium,42,144,46.8,-0.4686577022075653,0.6459045315170547
BH_s34_medium,42,145,46.833333333333336,-0.4686577022075653,0.3305242831840064
BH_s34_medium,42,146,46.86666666666667,-0.4686577022075653,0.050675095864940234
BH_s34_medium,42,147,46.9,-0.4686577022075653,-0.18630609629287978
BH_s34_medium,42,148,46.93333333333333,-0.5200750827789307,-0.3843835353916397
BH_s34_medium,42,149,46.96666666666667,-0.5241507291793823,-0.5566954684813336
BH_s34_medium,42,150,47.0,-0.5746951699256897,-0.7201486061581923
BH_s34_medium,42,151,47.03333333333333,-0.6743272542953491,-0.8874616854871337
BH_s34_medium,42,152,47.06666666666667,-0.727201521396637,-1.0596458362869667
BH_s34_medium,42,153,47.1,-0.8285793662071228,-1.2226728638981619
BH_s34_medium,42,154,47.13333333333333,-0.7774509191513062,-1.350025017628065
BH_s34_medium,42,155,47.166666666666664,-0.26995939016342163,-1.4099183319152047
BH_s34_medium,42,156,47.2,0.39119428396224976,-1.3746301851620033
BH_s34_medium,42,157,47.233333333333334,1.1078349351882935,-1.2293161830713655
BH_s34_medium,42,158,47.266666666666666,1.2795332670211792,-0.9778680039994638
BH_s34_medium,42,159,47.3,1.0878243446350098,-0.6438052335991593
BH_s34_medium,42,160,47.333333333333336,0.7360479235649109,-0.26543010931865685
BH_s34_medium,42,161,47.36666666666667,0.3732185661792755,0.11351199340905259
BH_s34_medium,42,162,47.4,0.20704056322574615,0.4543856786941823
BH_s34_medium,42,163,47.43333333333333,0.14835089445114136,0.7314757503258648
BH_s34_medium,42,164,47.46666666666667,0.24216751754283905,0.9345434601122062
BH_s34_medium,42,165,47.5,0.3026030361652374,1.0662343320250542
BH_s34_medium,42,166,47.53333333333333,0.31336700916290283,1.1365871122481108
BH_s34_medium,42,167,47.56666666666667,0.21140515804290771,1.1574771048133072
BH_s34_medium,42,168,47.6,0.019118351861834526,1.1388117412913943
BH_s34_medium,42,169,47.63333333333333,-0.18480533361434937,1.0867990856060608
BH_s34_medium,42,170,47.666666666666664,-0.3515672981739044,1.003803317833623
BH_s34_medium,42,171,47.7,-0.45352914929389954,0.8893403703500716
BH_s34_medium,42,172,47.733333333333334,-0.5040736198425293,0.7420823855058898
BH_s34_medium,42,173,47.766666666666666,-0.4686577022075653,0.5626252179617852
BH_s34_medium,42,174,47.8,-0.4686577022075653,0.35604671405430294
BH_s34_medium,42,175,47.833333333333336,-0.4686577022075653,0.13271411532897734
BH_s34_medium,42,176,47.86666666666667,-0.5005819201469421,-0.09374696266056759
BH_s34_medium,42,177,47.9,-0.5511264204978943,-0.3108946728463635
BH_s34_medium,42,178,47.93333333333333,-0.6016708612442017,-0.5121061462637954
BH_s34_medium,42,179,47.96666666666667,-0.6743272542953491,-0.6983994937839995
BH_s34_medium,42,180,48.0,-0.7257446050643921,-0.8755057344086308
BH_s34_medium,42,181,48.03333333333333,-0.48511162400245667,-1.0468067690430747
BH_s34_medium,42,182,48.06666666666667,0.10280169546604156,-1.2054559300175594
BH_s34_medium,42,183,48.1,0.8432213664054871,-1.3301630611448267
BH_s34_medium,42,184,48.13333333333333,1.3294150829315186,-1.38781956104834
BH_s34_medium,42,185,48.166666666666664,1.3342320919036865,-1.3430390488712025
BH_s34_medium,42,186,48.2,1.0556960105895996,-1.171394305146696
BH_s34_medium,42,187,48.233333333333334,0.6983930468559265,-0.8711732374387229
BH_s34_medium,42,188,48.266666666666666,0.4653741419315338,-0.46874153528083884
BH_s34_medium,42,189,48.3,0.33344411849975586,-0.014934323151663305
BH_s34_medium,42,190,48.333333333333336,0.3026030361652374,0.4267007363727413
BH_s34_medium,42,191,48.36666666666667,0.3540204167366028,0.7959740150394246
BH_s34_medium,42,192,48.4,0.3874802589416504,1.0511422687750966
BH_s34_medium,42,193,48.43333333333333,0.3198511600494385,1.1780537141140086
BH_s34_medium,42,194,48.46666666666667,0.1673448532819748,1.190284182631187
BH_s34_medium,42,195,48.5,-0.036578837782144547,1.1204217220413968
BH_s34_medium,42,196,48.53333333333333,-0.2260366529226303,1.006306032577733
BH_s34_medium,42,197,48.56666666666667,-0.379415899515152,0.8780650548263498
BH_s34_medium,42,198,48.6,-0.42996034026145935,0.7508499698096971
BH_s34_medium,42,199,48.63333333333333,-0.4686577022075653,0.6252020441770968
BH_s34_medium,42,200,48.666666666666664,-0.4686577022075653,0.4937506181620493
BH_s34_medium,42,201,48.7,-0.4686577022075653,0.35031136583567896
BH_s34_medium,42,202,48.733333333333334,-0.5200750827789307,0.19620800388826656
BH_s34_medium,42,203,48.766666666666666,-0.5284305214881897,0.04024980846378986
BH_s34_medium,42,204,48.8,-0.5789749622344971,-0.10683570046497147
BH_s34_medium,42,205,48.833333333333336,-0.6295194625854492,-0.23900171773370196
BH_s34_medium,42,206,48.86666666666667,-0.6800639033317566,-0.3579813032975453
BH_s34_medium,42,207,48.9,-0.7771620154380798,-0.471149088272749
BH_s34_medium,42,208,48.93333333333333,-0.6069464087486267,-0.5854336299477161
BH_s34_medium,42,209,48.96666666666667,-0.038611024618148804,-0.7003681431393776
BH_s34_medium,42,210,49.0,0.7296572327613831,-0.8036306122990053
BH_s34_medium,42,211,49.03333333333333,1.3336949348449707,-0.8715383378888208
BH_s34_medium,42,212,49.06666666666667,1.4327870607376099,-0.8754007376072993
BH_s34_medium,42,213,49.1,1.2288633584976196,-0.7924356527120507
BH_s34_medium,42,214,49.13333333333333,0.9233515858650208,-0.6174847966034382
BH_s34_medium,42,215,49.166666666666664,0.6667638421058655,-0.37037704887503886
BH_s34_medium,42,216,49.2,0.5112650394439697,-0.09472814469186132
BH_s34_medium,42,217,49.233333333333334,0.46072059869766235,0.15280257632444325
BH_s34_medium,42,218,49.266666666666666,0.4568551778793335,0.31957254422944753
BH_s34_medium,42,219,49.3,0.4110490381717682,0.3741137096493567
BH_s34_medium,42,220,49.333333333333336,0.3605045676231384,0.3169961177929849
BH_s34_medium,42,221,49.36666666666667,0.21448242664337158,0.18141766449169128
BH_s34_medium,42,222,49.4,0.010558737441897392,0.023196406104413255
BH_s34_medium,42,223,49.43333333333333,-0.14194756746292114,-0.09666448753554704
BH_s34_medium,42,224,49.46666666666667,-0.3458712697029114,-0.13136089203707563
BH_s34_medium,42,225,49.5,-0.4578089416027069,-0.06339799179952088
BH_s34_medium,42,226,49.53333333333333,-0.5083534121513367,0.08982950866317999
BH_s34_medium,42,227,49.56666666666667,-0.558897852897644,0.28229752778154654
BH_s34_medium,42,228,49.6,-0.5714924931526184,0.4553497671911848
BH_s34_medium,42,229,49.63333333333333,-0.5714924931526184,0.5574519525401873
BH_s34_medium,42,230,49.666666666666664,-0.6229098439216614,0.5604058075091988
BH_s34_medium,42,231,49.7,-0.6582409739494324,0.4664555206190374
BH_s34_medium,42,232,49.733333333333334,-0.7257446050643921,0.3046055283960542
BH_s34_medium,42,233,49.766666666666666,-0.7771620154380798,0.11877451619935028
BH_s34_medium,42,234,49.8,-0.861291766166687,-0.0467453259444313
BH_s34_medium,42,235,49.833333333333336,-0.9118362069129944,-0.15897732009848045
BH_s34_medium,42,236,49.86666666666667,-0.869481086730957,-0.20209990116205218
BH_s34_medium,42,237,49.9,-0.41225454211235046,-0.1776155533175481
BH_s34_medium,42,238,49.93333333333333,0.33069905638694763,-0.10082642154600137
BH_s34_medium,42,239,49.96666666666667,1.089698314666748,0.004223590613242304
BH_s34_medium,43,0,43.0,-0.3862954080104828,0.0968251888949531
BH_s34_medium,43,1,43.03333333333333,-0.7384802103042603,0.17732781726394198
BH_s34_medium,43,2,43.06666666666667,-0.9862037897109985,0.21710964170191804
BH_s34_medium,43,3,43.1,-1.0881656408309937,0.1917132079106295
BH_s34_medium,43,4,43.13333333333333,-1.137083649635315,0.09584852174981366
BH_s34_medium,43,5,43.166666666666664,-1.137083649635315,-0.05329734136561976
BH_s34_medium,43,6,43.2,-1.137083649635315,-0.21992443487560775
BH_s34_medium,43,7,43.233333333333334,-1.1875087022781372,-0.36111279742664165
BH_s34_medium,43,8,43.266666666666666,-1.2894705533981323,-0.44272672400675417
BH_s34_medium,43,9,43.3,-1.3886942863464355,-0.4533653228629623
BH_s34_medium,43,10,43.333333333333336,-1.4933942556381226,-0.4100484018446113
BH_s34_medium,43,11,43.36666666666667,-1.5953561067581177,-0.3526401272553024
BH_s34_medium,43,12,43.4,-1.6973179578781128,-0.3287816637727852
BH_s34_medium,43,13,43.43333333333333,-1.799279808998108,-0.3750437545300364
BH_s34_medium,43,14,43.46666666666667,-1.583936333656311,-0.501404389144431
BH_s34_medium,43,15,43.5,-0.37464725971221924,-0.6846984924709134
BH_s34_medium,43,16,43.53333333333333,1.2319424152374268,-0.8732545101756916
BH_s34_medium,43,17,43.56666666666667,2.5705878734588623,-1.001066767699455
BH_s34_medium,43,18,43.6,2.8326492309570312,-1.0069908132151553
BH_s34_medium,43,19,43.63333333333333,1.4578335285186768,-0.8532745394497386
BH_s34_medium,43,20,43.666666666666664,0.8147204518318176,-0.5381437960135677
BH_s34_medium,43,21,43.7,0.4964946508407593,-0.09843832869041023
BH_s34_medium,43,22,43.733333333333334,0.3166891038417816,0.3996436472520244
BH_s34_medium,43,23,43.766666666666666,0.3026030361652374,0.8794706845702932
BH_s34_medium,43,24,43.8,0.338188499212265,1.2748123819889312
BH_s34_medium,43,25,43.833333333333336,0.3887329697608948,1.5432573978477975
BH_s34_medium,43,26,43.86666666666667,0.37159815430641174,1.6683871166474031
BH_s34_medium,43,27,43.9,0.2366696000099182,1.6541227231624631
BH_s34_medium,43,28,43.93333333333333,0.032745908945798874,1.5172236988770513
BH_s34_medium,43,29,43.96666666666667,-0.17117778956890106,1.2819081268888834
BH_s34_medium,43,30,44.0,-0.3447535037994385,0.9773392631742677
BH_s34_medium,43,31,44.03333333333333,-0.4467153549194336,0.6363233739744031
BH_s34_medium,43,32,44.06666666666667,-0.4686577022075653,0.2928108505047681
BH_s34_medium,43,33,44.1,-0.4686577022075653,-0.02306987059767037
BH_s34_medium,43,34,44.13333333333333,-0.4686577022075653,-0.2913558817480668
BH_s34_medium,43,35,44.166666666666664,-0.4686577022075653,-0.5069345267389661
BH_s34_medium,43,36,44.2,-0.4937681555747986,-0.679467778659357
BH_s34_medium,43,37,44.233333333333334,-0.544312596321106,-0.8274744701508414
BH_s34_medium,43,38,44.266666666666666,-0.5948570966720581,-0.9685355399464296
BH_s34_medium,43,39,44.3,-0.6454015374183655,-1.1097865122277872
BH_s34_medium,43,40,44.333333333333336,-0.7257446050643921,-1.2428271242826334
BH_s34_medium,43,41,44.36666666666667,-0.7049987316131592,-1.3451599180650338
BH_s34_medium,43,42,44.4,-0.2980026602745056,-1.3874625476618463
BH_s34_medium,43,43,44.43333333333333,0.35176849365234375,-1.3435762160864544
BH_s34_medium,43,44,44.46666666666667,1.0616645812988281,-1.199039891991891
BH_s34_medium,43,45,44.5,1.3309507369995117,-0.9550022712901333
BH_s34_medium,43,46,44.53333333333333,1.1789721250534058,-0.6270164812222095
BH_s34_medium,43,47,44.56666666666667,0.8061608076095581,-0.24067672757370245
BH_s34_medium,43,48,44.6,0.46436625719070435,0.17332961809374023
BH_s34_medium,43,49,44.63333333333333,0.2374231368303299,0.5831086964197939
BH_s34_medium,43,50,44.666666666666664,0.1997682750225067,0.9580216912018111
BH_s34_medium,43,51,44.7,0.2117849588394165,1.2702459097880847
BH_s34_medium,43,52,44.733333333333334,0.3137468099594116,1.4962315676254871
BH_s34_medium,43,53,44.766666666666666,0.3437495827674866,1.6186478902032244
BH_s34_medium,43,54,44.8,0.23238979279994965,1.628942301750508
BH_s34_medium,43,55,44.833333333333336,0.03699111193418503,1.529883645316828
BH_s34_medium,43,56,44.86666666666667,-0.12404020875692368,1.3366473927112603
BH_s34_medium,43,57,44.9,-0.3279638886451721,1.074952244069873
BH_s34_medium,43,58,44.93333333333333,-0.4686577022075653,0.7759589258137788
BH_s34_medium,43,59,44.96666666666667,-0.5200750827789307,0.4693934267741465
BH_s34_medium,43,60,45.0,-0.5200750827789307,0.17749553789289324
BH_s34_medium,43,61,45.03333333333333,-0.5200750827789307,-0.08779547414635527
BH_s34_medium,43,62,45.06666666666667,-0.5200750827789307,-0.323529587428039
BH_s34_medium,43,63,45.1,-0.5200750827789307,-0.5315422193295127
BH_s34_medium,43,64,45.13333333333333,-0.5714924931526184,-0.7141302883905633
BH_s34_medium,43,65,45.166666666666664,-0.6227056980133057,-0.8721805113909152
BH_s34_medium,43,66,45.2,-0.673250138759613,-1.0062500492958457
BH_s34_medium,43,67,45.233333333333334,-0.7237945795059204,-1.1186963192321508
BH_s34_medium,43,68,45.266666666666666,-0.7285675406455994,-1.214034364504459
BH_s34_medium,43,69,45.3,-0.3328847587108612,-1.295849388281655
BH_s34_medium,43,70,45.333333333333336,0.368887722492218,-1.361098564837648
BH_s34_medium,43,71,45.36666666666667,1.1386067867279053,-1.3948972501917247
BH_s34_medium,43,72,45.4,1.4788882732391357,-1.3694742016424315
BH_s34_medium,43,73,45.43333333333333,1.3967430591583252,-1.2496542630375838
BH_s34_medium,43,74,45.46666666666667,1.0546880960464478,-1.004574074339087
BH_s34_medium,43,75,45.5,0.7407421469688416,-0.6222016964925495
BH_s34_medium,43,76,45.53333333333333,0.569496214389801,-0.12083897489627753
BH_s34_medium,43,77,45.56666666666667,0.4675343632698059,0.4482916327601492
BH_s34_medium,43,78,45.6,0.4568551778793335,1.0102566424995691
BH_s34_medium,43,79,45.63333333333333,0.4568551778793335,1.4851871135298516
BH_s34_medium,43,80,45.666666666666664,0.4187357425689697,1.8096080256848093
BH_s34_medium,43,81,45.7,0.3167738914489746,1.951820129163266
BH_s34_medium,43,82,45.733333333333334,0.12702105939388275,1.9159106459602793
BH_s34_medium,43,83,45.766666666666666,-0.0414019450545311,1.7344923458082895
BH_s34_medium,43,84,45.8,-0.19478116929531097,1.4548823136424451
BH_s34_medium,43,85,45.833333333333336,-0.34816041588783264,1.1250761981471622
BH_s34_medium,43,86,45.86666666666667,-0.41724032163619995,0.7843150206059443
BH_s34_medium,43,87,45.9,-0.4686577022075653,0.4597455592781592
BH_s34_medium,43,88,45.93333333333333,-0.4686577022075653,0.16764035776657807
BH_s34_medium,43,89,45.96666666666667,-0.4686577022075653,-0.08384773844327764
BH_s34_medium,43,90,46.0,-0.49804794788360596,-0.2930152444284878
BH_s34_medium,43,91,46.03333333333333,-0.5200750827789307,-0.46479673305498426
BH_s34_medium,43,92,46.06666666666667,-0.5714924931526184,-0.6114201957915659
BH_s34_medium,43,93,46.1,-0.6229098439216614,-0.7510675778686982
BH_s34_medium,43,94,46.13333333333333,-0.700225830078125,-0.9029005835434137
BH_s34_medium,43,95,46.166666666666664,-0.7507702708244324,-1.0789666936305877
BH_s34_medium,43,96,46.2,-0.7530092597007751,-1.2757053776382559
BH_s34_medium,43,97,46.233333333333334,-0.43181344866752625,-1.4688871237511407
BH_s34_medium,43,98,46.266666666666666,0.22477145493030548,-1.6152309700588452
BH_s34_medium,43,99,46.3,0.9973981976509094,-1.6618253770965816
BH_s34_medium,43,100,46.333333333333336,1.3516117334365845,-1.5615416210491584
BH_s34_medium,43,101,46.36666666666667,1.2715861797332764,-1.2898105324267863
BH_s34_medium,43,102,46.4,0.965700626373291,-0.8565646815000582
BH_s34_medium,43,103,46.43333333333333,0.6598151326179504,-0.3080198797267321
BH_s34_medium,43,104,46.46666666666667,0.43968576192855835,0.2834248070986259
BH_s34_medium,43,105,46.5,0.3540204167366028,0.837917616072876
BH_s34_medium,43,106,46.53333333333333,0.3540204167366028,1.2883165395749356
BH_s34_medium,43,107,46.56666666666667,0.3540204167366028,1.59404377584193
BH_s34_medium,43,108,46.6,0.3403426706790924,1.7443966325582427
BH_s34_medium,43,109,46.63333333333333,0.23838083446025848,1.7523269599646962
BH_s34_medium,43,110,46.666666666666664,0.07306970655918121,1.6435624859330313
BH_s34_medium,43,111,46.7,-0.07943660765886307,1.4468124838729224
BH_s34_medium,43,112,46.733333333333334,-0.2731742262840271,1.1887648633432273
BH_s34_medium,43,113,46.766666666666666,-0.41724032163619995,0.8940256049715507
BH_s34_medium,43,114,46.8,-0.4686577022075653,0.5870591728286886
BH_s34_medium,43,115,46.833333333333336,-0.4686577022075653,0.2923076569484847
BH_s34_medium,43,116,46.86666666666667,-0.4686577022075653,0.030501435910619205
BH_s34_medium,43,117,46.9,-0.4686577022075653,-0.18759961854925628
BH_s34_medium,43,118,46.93333333333333,-0.5200750827789307,-0.3662295482166464
BH_s34_medium,43,119,46.96666666666667,-0.5241507291793823,-0.5241360387616872
BH_s34_medium,43,120,47.0,-0.5746951699256897,-0.6864726628330771
BH_s34_medium,43,121,47.03333333333333,-0.6743272542953491,-0.8711969689693629
BH_s34_medium,43,122,47.06666666666667,-0.727201521396637,-1.0764251010472792
BH_s34_medium,43,123,47.1,-0.8285793662071228,-1.2760046615371563
BH_s34_medium,43,124,47.13333333333333,-0.7774509191513062,-1.426311280513482
BH_s34_medium,43,125,47.166666666666664,-0.26995939016342163,-1.481243875915065
BH_s34_medium,43,126,47.2,0.39119428396224976,-1.40883337986851
BH_s34_medium,43,127,47.233333333333334,1.1078349351882935,-1.2027751170739411
BH_s34_medium,43,128,47.266666666666666,1.2795332670211792,-0.8845978505277027
BH_s34_medium,43,129,47.3,1.0878243446350098,-0.496173858734132
BH_s34_medium,43,130,47.333333333333336,0.7360479235649109,-0.08647840173910516
BH_s34_medium,43,131,47.36666666666667,0.3732185661792755,0.3013380745945829
BH_s34_medium,43,132,47.4,0.20704056322574615,0.6376932220473156
BH_s34_medium,43,133,47.43333333333333,0.14835089445114136,0.9075633473313605
BH_s34_medium,43,134,47.46666666666667,0.24216751754283905,1.1063737576097035
BH_s34_medium,43,135,47.5,0.3026030361652374,1.2342637787603512
BH_s34_medium,43,136,47.53333333333333,0.31336700916290283,1.2921855514020626
BH_s34_medium,43,137,47.56666666666667,0.21140515804290771,1.2815601777329242
BH_s34_medium,43,138,47.6,0.019118351861834526,1.2066321067829364
BH_s34_medium,43,139,47.63333333333333,-0.18480533361434937,1.0768486175275784
BH_s34_medium,43,140,47.666666666666664,-0.3515672981739044,0.906747755486886
BH_s34_medium,43,141,47.7,-0.45352914929389954,0.7127327221956149
BH_s34_medium,43,142,47.733333333333334,-0.5040736198425293,0.5084342779559109
BH_s34_medium,43,143,47.766666666666666,-0.4686577022075653,0.30146753000751125
BH_s34_medium,43,144,47.8,-0.4686577022075653,0.09344522134707907
BH_s34_medium,43,145,47.833333333333336,-0.4686577022075653,-0.11704035103362125
BH_s34_medium,43,146,47.86666666666667,-0.5005819201469421,-0.33052288302151983
BH_s34_medium,43,147,47.9,-0.5511264204978943,-0.5441571124716819
BH_s34_medium,43,148,47.93333333333333,-0.6016708612442017,-0.7515536552003099
BH_s34_medium,43,149,47.96666666666667,-0.6743272542953491,-0.9441640861226372
BH_s34_medium,43,150,48.0,-0.7257446050643921,-1.1126293564140353
BH_s34_medium,43,151,48.03333333333333,-0.48511162400245667,-1.2469178035667354
BH_s34_medium,43,152,48.06666666666667,0.10280169546604156,-1.3352073781065952
BH_s34_medium,43,153,48.1,0.8432213664054871,-1.3626237490523267
BH_s34_medium,43,154,48.13333333333333,1.3294150829315186,-1.3115281468591067
BH_s34_medium,43,155,48.166666666666664,1.3342320919036865,-1.1647625629447964
BH_s34_medium,43,156,48.2,1.0556960105895996,-0.9120857517402216
BH_s34_medium,43,157,48.233333333333334,0.6983930468559265,-0.558141243795296
BH_s34_medium,43,158,48.266666666666666,0.4653741419315338,-0.1284194769118925
BH_s34_medium,43,159,48.3,0.33344411849975586,0.33074911683712105
BH_s34_medium,43,160,48.333333333333336,0.3026030361652374,0.7601781622676115
BH_s34_medium,43,161,48.36666666666667,0.3540204167366028,1.1021645229657067
BH_s34_medium,43,162,48.4,0.3874802589416504,1.3161038125949192
BH_s34_medium,43,163,48.43333333333333,0.3198511600494385,1.3890971849662768
BH_s34_medium,43,164,48.46666666666667,0.1673448532819748,1.337269211474416
BH_s34_medium,43,165,48.5,-0.036578837782144547,1.197565711611265
BH_s34_medium,43,166,48.53333333333333,-0.2260366529226303,1.0137312023073746
BH_s34_medium,43,167,48.56666666666667,-0.379415899515152,0.8222484152518306
BH_s34_medium,43,168,48.6,-0.42996034026145935,0.6435038333594519
BH_s34_medium,43,169,48.63333333333333,-0.4686577022075653,0.4807808156121053
BH_s34_medium,43,170,48.666666666666664,-0.4686577022075653,0.32615590542940126
BH_s34_medium,43,171,48.7,-0.4686577022075653,0.16951034765588216
BH_s34_medium,43,172,48.733333333333334,-0.5200750827789307,0.005906109508423482
BH_s34_medium,43,173,48.766666666666666,-0.5284305214881897,-0.1619875263932718
BH_s34_medium,43,174,48.8,-0.5789749622344971,-0.3265701587528205
BH_s34_medium,43,175,48.833333333333336,-0.6295194625854492,-0.48028953444081424
BH_s34_medium,43,176,48.86666666666667,-0.6800639033317566,-0.6191591005074905
BH_s34_medium,43,177,48.9,-0.7771620154380798,-0.7423555692028507
BH_s34_medium,43,178,48.93333333333333,-0.6069464087486267,-0.8480878509228151
BH_s34_medium,43,179,48.96666666666667,-0.038611024618148804,-0.928457849932769
BH_s34_medium,43,180,49.0,0.7296572327613831,-0.9670794788727315
BH_s34_medium,43,181,49.03333333333333,1.3336949348449707,-0.9421187285535644
BH_s34_medium,43,182,49.06666666666667,1.4327870607376099,-0.8345654865754577
BH_s34_medium,43,183,49.1,1.2288633584976196,-0.6384573557276395
BH_s34_medium,43,184,49.13333333333333,0.9233515858650208,-0.36816067450483553
BH_s34_medium,43,185,49.166666666666664,0.6667638421058655,-0.05859995987828409
BH_s34_medium,43,186,49.2,0.5112650394439697,0.24268311846517623
BH_s34_medium,43,187,49.233333333333334,0.46072059869766235,0.48889650616553004
BH_s34_medium,43,188,49.266666666666666,0.4568551778793335,0.6472542129863882
BH_s34_medium,43,189,49.3,0.4110490381717682,0.7066800968334075
BH_s34_medium,43,190,49.333333333333336,0.3605045676231384,0.677685863722495
BH_s34_medium,43,191,49.36666666666667,0.21448242664337158,0.5860097726749322
BH_s34_medium,43,192,49.4,0.010558737441897392,0.46357362748854664
BH_s34_medium,43,193,49.43333333333333,-0.14194756746292114,0.34002732851014505
BH_s34_medium,43,194,49.46666666666667,-0.3458712697029114,0.23669146640754826
BH_s34_medium,43,195,49.5,-0.4578089416027069,0.16335523617162484
BH_s34_medium,43,196,49.53333333333333,-0.5083534121513367,0.11781951333323726
BH_s34_medium,43,197,49.56666666666667,-0.558897852897644,0.0879095680064343
BH_s34_medium,43,198,49.6,-0.5714924931526184,0.05535891792314119
BH_s34_medium,43,199,49.63333333333333,-0.5714924931526184,0.0006900597313260542
BH_s34_medium,43,200,49.666666666666664,-0.6229098439216614,-0.09167177158646178
BH_s34_medium,43,201,49.7,-0.6582409739494324,-0.22855536062067705
BH_s34_medium,43,202,49.733333333333334,-0.7257446050643921,-0.40399327406203084
BH_s34_medium,43,203,49.766666666666666,-0.7771620154380798,-0.5969431226441705
BH_s34_medium,43,204,49.8,-0.861291766166687,-0.7723286941397164
BH_s34_medium,43,205,49.833333333333336,-0.9118362069129944,-0.8868328689656915
BH_s34_medium,43,206,49.86666666666667,-0.869481086730957,-0.899496214452967
BH_s34_medium,43,207,49.9,-0.41225454211235046,-0.7848455375453041
BH_s34_medium,43,208,49.93333333333333,0.33069905638694763,-0.5440728422656798
BH_s34_medium,43,209,49.96666666666667,1.089698314666748,-0.20912366611048183
BH_s34_medium,43,210,50.0,1.4098429679870605,0.16359625753591542
BH_s34_medium,43,211,50.03333333333333,1.2777467966079712,0.509034755281396
BH_s34_medium,43,212,50.06666666666667,0.9452593326568604,0.7731833088390234
BH_s34_medium,43,213,50.1,0.639373779296875,0.9284817054038182
BH_s34_medium,43,214,50.13333333333333,0.4328719973564148,0.9785014315840622
BH_s34_medium,43,215,50.166666666666664,0.3540204167366028,0.9505870341990103
BH_s34_medium,43,216,50.2,0.3540204167366028,0.8808693093764761
BH_s34_medium,43,217,50.233333333333334,0.3753848373889923,0.7992870003230136
BH_s34_medium,43,218,50.266666666666666,0.3540204167366028,0.7212189188084872
BH_s34_medium,43,219,50.3,0.26336583495140076,0.6479679499261342
BH_s34_medium,43,220,50.333333333333336,0.059442147612571716,0.5733524824088736
BH_s34_medium,43,221,50.36666666666667,-0.09306415915489197,0.49104555961215257
BH_s34_medium,43,222,50.4,-0.2969878613948822,0.39842047452561796
BH_s34_medium,43,223,50.43333333333333,-0.4333672523498535,0.2959248323852832
BH_s34_medium,43,224,50.46666666666667,-0.4686577022075653,0.1838322102313409
BH_s34_medium,43,225,50.5,-0.5200750827789307,0.059283529850464756
BH_s34_medium,43,226,50.53333333333333,-0.5200750827789307,-0.08417003893457711
BH_s34_medium,43,227,50.56666666666667,-0.5200750827789307,-0.2538840543001002
BH_s34_medium,43,228,50.6,-0.5200750827789307,-0.4531402531938847
BH_s34_medium,43,229,50.63333333333333,-0.5714924931526184,-0.6758157998769402
BH_s34_medium,43,230,50.666666666666664,-0.6229098439216614,-0.9032770037809124
BH_s34_medium,43,231,50.7,-0.6834707856178284,-1.1057537066215701
BH_s34_medium,43,232,50.733333333333334,-0.7340152859687805,-1.248888325825347
BH_s34_medium,43,233,50.766666666666666,-0.8285793662071228,-1.3037771300511363
BH_s34_medium,43,234,50.8,-0.6482279300689697,-1.2566569590470602
BH_s34_medium,43,235,50.833333333333336,-0.07482457906007767,-1.1137003998083674
BH_s34_medium,43,236,50.86666666666667,0.6493392586708069,-0.8980173671233129
BH_s34_medium,43,237,50.9,1.2873454093933105,-0.63976122659729
BH_s34_medium,43,238,50.93333333333333,1.3279175758361816,-0.3645200961595447
BH_s34_medium,43,239,50.96666666666667,1.1166402101516724,-0.08679111011262909
BH_s34_medium,44,0,44.0,-0.3447535037994385,-0.07225297485270504
BH_s34_medium,44,1,44.03333333333333,-0.4467153549194336,-0.3196932063244461
BH_s34_medium,44,2,44.06666666666667,-0.4686577022075653,-0.538801421379779
BH_s34_medium,44,3,44.1,-0.4686577022075653,-0.7053023741218922
BH_s34_medium,44,4,44.13333333333333,-0.4686577022075653,-0.8044531478686644
BH_s34_medium,44,5,44.166666666666664,-0.4686577022075653,-0.834373204192628
BH_s34_medium,44,6,44.2,-0.4937681555747986,-0.8072604894795383
BH_s34_medium,44,7,44.233333333333334,-0.544312596321106,-0.7482882363200513
BH_s34_medium,44,8,44.266666666666666,-0.5948570966720581,-0.6916821375600962
BH_s34_medium,44,9,44.3,-0.6454015374183655,-0.6732021721508491
BH_s34_medium,44,10,44.333333333333336,-0.7257446050643921,-0.7194221987816722
BH_s34_medium,44,11,44.36666666666667,-0.7049987316131592,-0.8366127607795337
BH_s34_medium,44,12,44.4,-0.2980026602745056,-1.0040364299355005
BH_s34_medium,44,13,44.43333333333333,0.35176849365234375,-1.1757770101233898
BH_s34_medium,44,14,44.46666666666667,1.0616645812988281,-1.2913657135885717
BH_s34_medium,44,15,44.5,1.3309507369995117,-1.2915460340882747
BH_s34_medium,44,16,44.53333333333333,1.1789721250534058,-1.1344332775936357
BH_s34_medium,44,17,44.56666666666667,0.8061608076095581,-0.8080886121562751
BH_s34_medium,44,18,44.6,0.46436625719070435,-0.33624033557936583
BH_s34_medium,44,19,44.63333333333333,0.2374231368303299,0.225028983095789
BH_s34_medium,44,20,44.666666666666664,0.1997682750225067,0.7993884704991394
BH_s34_medium,44,21,44.7,0.2117849588394165,1.3077832445964335
BH_s34_medium,44,22,44.733333333333334,0.3137468099594116,1.6857750481653555
BH_s34_medium,44,23,44.766666666666666,0.3437495827674866,1.8953370429629932
BH_s34_medium,44,24,44.8,0.23238979279994965,1.928625374701642
BH_s34_medium,44,25,44.833333333333336,0.03699111193418503,1.8047002811229087
BH_s34_medium,44,26,44.86666666666667,-0.12404020875692368,1.5619728278072444
BH_s34_medium,44,27,44.9,-0.3279638886451721,1.249087623107489
BH_s34_medium,44,28,44.93333333333333,-0.4686577022075653,0.9159950988676582
BH_s34_medium,44,29,44.96666666666667,-0.5200750827789307,0.6060760713678677
BH_s34_medium,44,30,45.0,-0.5200750827789307,0.34985041409033313
BH_s34_medium,44,31,45.03333333333333,-0.5200750827789307,0.16086909910410752
BH_s34_medium,44,32,45.06666666666667,-0.5200750827789307,0.03444487316739675
BH_s34_medium,44,33,45.1,-0.5200750827789307,-0.05023298198133542
BH_s34_medium,44,34,45.13333333333333,-0.5714924931526184,-0.12442791451487534
BH_s34_medium,44,35,45.166666666666664,-0.6227056980133057,-0.22134352695176407
BH_s34_medium,44,36,45.2,-0.673250138759613,-0.36674330643715675
BH_s34_medium,44,37,45.233333333333334,-0.7237945795059204,-0.571399653003761
BH_s34_medium,44,38,45.266666666666666,-0.7285675406455994,-0.8274933566601009
BH_s34_medium,44,39,45.3,-0.3328847587108612,-1.1095079071506935
BH_s34_medium,44,40,45.333333333333336,0.368887722492218,-1.3785589402244314
BH_s34_medium,44,41,45.36666666666667,1.1386067867279053,-1.5884901943227046
BH_s34_medium,44,42,45.4,1.4788882732391357,-1.6927384303733521
BH_s34_medium,44,43,45.43333333333333,1.3967430591583252,-1.651965411352569
BH_s34_medium,44,44,45.46666666666667,1.0546880960464478,-1.4425857616950133
BH_s34_medium,44,45,45.5,0.7407421469688416,-1.0652520713703093
BH_s34_medium,44,46,45.53333333333333,0.569496214389801,-0.5507130032352482
BH_s34_medium,44,47,45.56666666666667,0.4675343632698059,0.04047740132862065
BH_s34_medium,44,48,45.6,0.4568551778793335,0.6269542465477524
BH_s34_medium,44,49,45.63333333333333,0.4568551778793335,1.1236122501781436
BH_s34_medium,44,50,45.666666666666664,0.4187357425689697,1.4619377491742258
BH_s34_medium,44,51,45.7,0.3167738914489746,1.6064047684890208
BH_s34_medium,44,52,45.733333333333334,0.12702105939388275,1.5611487365186496
BH_s34_medium,44,53,45.766666666666666,-0.0414019450545311,1.3653214188909937
BH_s34_medium,44,54,45.8,-0.19478116929531097,1.0799118386017164
BH_s34_medium,44,55,45.833333333333336,-0.34816041588783264,0.7711816728938995
BH_s34_medium,44,56,45.86666666666667,-0.41724032163619995,0.49548591902202005
BH_s34_medium,44,57,45.9,-0.4686577022075653,0.28843083328606217
BH_s34_medium,44,58,45.93333333333333,-0.4686577022075653,0.15974104965786196
BH_s34_medium,44,59,45.96666666666667,-0.4686577022075653,0.09425302422863938
BH_s34_medium,44,60,46.0,-0.49804794788360596,0.058640682748943476
BH_s34_medium,44,61,46.03333333333333,-0.5200750827789307,0.012290906454614751
BH_s34_medium,44,62,46.06666666666667,-0.5714924931526184,-0.08068856282271686
BH_s34_medium,44,63,46.1,-0.6229098439216614,-0.24186565380998132
BH_s34_medium,44,64,46.13333333333333,-0.700225830078125,-0.47358030038645194
BH_s34_medium,44,65,46.166666666666664,-0.7507702708244324,-0.7587969874211874
BH_s34_medium,44,66,46.2,-0.7530092597007751,-1.064046077789713
BH_s34_medium,44,67,46.233333333333334,-0.43181344866752625,-1.3436986842946474
BH_s34_medium,44,68,46.266666666666666,0.22477145493030548,-1.5452933168862448
BH_s34_medium,44,69,46.3,0.9973981976509094,-1.6170515091212747
BH_s34_medium,44,70,46.333333333333336,1.3516117334365845,-1.5184251592447207
BH_s34_medium,44,71,46.36666666666667,1.2715861797332764,-1.2323316558232487
BH_s34_medium,44,72,46.4,0.965700626373291,-0.7749871324790496
BH_s34_medium,44,73,46.43333333333333,0.6598151326179504,-0.1982142751317969
BH_s34_medium,44,74,46.46666666666667,0.43968576192855835,0.4187662822949471
BH_s34_medium,44,75,46.5,0.3540204167366028,0.9866326463774078
BH_s34_medium,44,76,46.53333333333333,0.3540204167366028,1.4266417170000947
BH_s34_medium,44,77,46.56666666666667,0.3540204167366028,1.6874757627722676
BH_s34_medium,44,78,46.6,0.3403426706790924,1.7532910752749067
BH_s34_medium,44,79,46.63333333333333,0.23838083446025848,1.6421326414743522
BH_s34_medium,44,80,46.666666666666664,0.07306970655918121,1.3972013225125623
BH_s34_medium,44,81,46.7,-0.07943660765886307,1.0747983802044911
BH_s34_medium,44,82,46.733333333333334,-0.2731742262840271,0.7323222682940692
BH_s34_medium,44,83,46.766666666666666,-0.41724032163619995,0.41838195550078566
BH_s34_medium,44,84,46.8,-0.4686577022075653,0.16589529255042224
BH_s34_medium,44,85,46.833333333333336,-0.4686577022075653,-0.01161883280284789
BH_s34_medium,44,86,46.86666666666667,-0.4686577022075653,-0.12053356447950869
BH_s34_medium,44,87,46.9,-0.4686577022075653,-0.18435762513935355
BH_s34_medium,44,88,46.93333333333333,-0.5200750827789307,-0.2377711143318252
BH_s34_medium,44,89,46.96666666666667,-0.5241507291793823,-0.3177978250721224
BH_s34_medium,44,90,47.0,-0.5746951699256897,-0.4531213350527276
BH_s34_medium,44,91,47.03333333333333,-0.6743272542953491,-0.653842390637357
BH_s34_medium,44,92,47.06666666666667,-0.727201521396637,-0.905339544320927
BH_s34_medium,44,93,47.1,-0.8285793662071228,-1.169385910745875
BH_s34_medium,44,94,47.13333333333333,-0.7774509191513062,-1.3925580250544607
BH_s34_medium,44,95,47.166666666666664,-0.26995939016342163,-1.5189037247513917
BH_s34_medium,44,96,47.2,0.39119428396224976,-1.5033115894557312
BH_s34_medium,44,97,47.233333333333334,1.1078349351882935,-1.3229130872968697
BH_s34_medium,44,98,47.266666666666666,1.2795332670211792,-0.984214013360912
BH_s34_medium,44,99,47.3,1.0878243446350098,-0.5238394141126915
BH_s34_medium,44,100,47.333333333333336,0.7360479235649109,-0.0019416358780438127
BH_s34_medium,44,101,47.36666666666667,0.3732185661792755,0.5104652279020475
BH_s34_medium,44,102,47.4,0.20704056322574615,0.9466668181857792
BH_s34_medium,44,103,47.43333333333333,0.14835089445114136,1.2573834580013545
BH_s34_medium,44,104,47.46666666666667,0.24216751754283905,1.4185420166408056
BH_s34_medium,44,105,47.5,0.3026030361652374,1.4327004171185977
BH_s34_medium,44,106,47.53333333333333,0.31336700916290283,1.3251232463561908
BH_s34_medium,44,107,47.56666666666667,0.21140515804290771,1.136331135650998
BH_s34_medium,44,108,47.6,0.019118351861834526,0.9127640151676016
BH_s34_medium,44,109,47.63333333333333,-0.18480533361434937,0.6969194974305746
BH_s34_medium,44,110,47.666666666666664,-0.3515672981739044,0.518601677861244
BH_s34_medium,44,111,47.7,-0.45352914929389954,0.3892679413972954
BH_s34_medium,44,112,47.733333333333334,-0.5040736198425293,0.3011115192699984
BH_s34_medium,44,113,47.766666666666666,-0.4686577022075653,0.23136140850565873
BH_s34_medium,44,114,47.8,-0.4686577022075653,0.15069229112589863
BH_s34_medium,44,115,47.833333333333336,-0.4686577022075653,0.03310639195122467
BH_s34_medium,44,116,47.86666666666667,-0.5005819201469421,-0.13614265535600434
BH_s34_medium,44,117,47.9,-0.5511264204978943,-0.3572373320128836
BH_s34_medium,44,118,47.93333333333333,-0.6016708612442017,-0.6173751312140702
BH_s34_medium,44,119,47.96666666666667,-0.6743272542953491,-0.8950257383233472
BH_s34_medium,44,120,48.0,-0.7257446050643921,-1.1637563001730147
BH_s34_medium,44,121,48.03333333333333,-0.48511162400245667,-1.3937889363383091
BH_s34_medium,44,122,48.06666666666667,0.10280169546604156,-1.552079012197907
BH_s34_medium,44,123,48.1,0.8432213664054871,-1.6037048081309158
BH_s34_medium,44,124,48.13333333333333,1.3294150829315186,-1.5171263474458987
BH_s34_medium,44,125,48.166666666666664,1.3342320919036865,-1.2735362104969485
BH_s34_medium,44,126,48.2,1.0556960105895996,-0.8774639048435864
BH_s34_medium,44,127,48.233333333333334,0.6983930468559265,-0.36369069979691093
BH_s34_medium,44,128,48.266666666666666,0.4653741419315338,0.20425991913549976
BH_s34_medium,44,129,48.3,0.33344411849975586,0.7458140552767251
BH_s34_medium,44,130,48.333333333333336,0.3026030361652374,1.182313903449461
BH_s34_medium,44,131,48.36666666666667,0.3540204167366028,1.4567414516884245
BH_s34_medium,44,132,48.4,0.3874802589416504,1.5473426783737707
BH_s34_medium,44,133,48.43333333333333,0.3198511600494385,1.4708765439997697
BH_s34_medium,44,134,48.46666666666667,0.1673448532819748,1.2749942865619772
BH_s34_medium,44,135,48.5,-0.036578837782144547,1.0227335170189116
BH_s34_medium,44,136,48.53333333333333,-0.2260366529226303,0.7742925109306643
BH_s34_medium,44,137,48.56666666666667,-0.379415899515152,0.5716922769862878
BH_s34_medium,44,138,48.6,-0.42996034026145935,0.43067002889821704
BH_s34_medium,44,139,48.63333333333333,-0.4686577022075653,0.34155559575691513
BH_s34_medium,44,140,48.666666666666664,-0.4686577022075653,0.27772880536795497
BH_s34_medium,44,141,48.7,-0.4686577022075653,0.2076932621786305
BH_s34_medium,44,142,48.733333333333334,-0.5200750827789307,0.10591838221879496
BH_s34_medium,44,143,48.766666666666666,-0.5284305214881897,-0.041061044200344565
BH_s34_medium,44,144,48.8,-0.5789749622344971,-0.23383322104305665
BH_s34_medium,44,145,48.833333333333336,-0.6295194625854492,-0.4625055591847081
BH_s34_medium,44,146,48.86666666666667,-0.6800639033317566,-0.7096007411912018
BH_s34_medium,44,147,48.9,-0.7771620154380798,-0.9519122511502826
BH_s34_medium,44,148,48.93333333333333,-0.6069464087486267,-1.1614895784468948
BH_s34_medium,44,149,48.96666666666667,-0.038611024618148804,-1.3070441982996437
BH_s34_medium,44,150,49.0,0.7296572327613831,-1.3570992588441495
BH_s34_medium,44,151,49.03333333333333,1.3336949348449707,-1.2855212178705213
BH_s34_medium,44,152,49.06666666666667,1.4327870607376099,-1.079118378745049
BH_s34_medium,44,153,49.1,1.2288633584976196,-0.7455342435335506
BH_s34_medium,44,154,49.13333333333333,0.9233515858650208,-0.317966462651512
BH_s34_medium,44,155,49.166666666666664,0.6667638421058655,0.14696684768874124
BH_s34_medium,44,156,49.2,0.5112650394439697,0.5794678108015481
BH_s34_medium,44,157,49.233333333333334,0.46072059869766235,0.9124516398630216
BH_s34_medium,44,158,49.266666666666666,0.4568551778793335,1.0979540800555299
BH_s34_medium,44,159,49.3,0.4110490381717682,1.1186339896260389
BH_s34_medium,44,160,49.333333333333336,0.3605045676231384,0.9910558594548318
BH_s34_medium,44,161,49.36666666666667,0.21448242664337158,0.7605354710882447
BH_s34_medium,44,162,49.4,0.010558737441897392,0.4897397396383598
BH_s34_medium,44,163,49.43333333333333,-0.14194756746292114,0.24409200083208882
BH_s34_medium,44,164,49.46666666666667,-0.3458712697029114,0.07666858112307169
BH_s34_medium,44,165,49.5,-0.4578089416027069,0.015079446748968611
BH_s34_medium,44,166,49.53333333333333,-0.5083534121513367,0.053506648541487706
BH_s34_medium,44,167,49.56666666666667,-0.558897852897644,0.1532290598786139
BH_s34_medium,44,168,49.6,-0.5714924931526184,0.25306181539288547
BH_s34_medium,44,169,49.63333333333333,-0.5714924931526184,0.2876391025627535
BH_s34_medium,44,170,49.666666666666664,-0.6229098439216614,0.20811558103377245
BH_s34_medium,44,171,49.7,-0.6582409739494324,-0.0015153523223916145
BH_s34_medium,44,172,49.733333333333334,-0.7257446050643921,-0.31779392702489745
BH_s34_medium,44,173,49.766666666666666,-0.7771620154380798,-0.6825937583871098
BH_s34_medium,44,174,49.8,-0.861291766166687,-1.0172268254899233
BH_s34_medium,44,175,49.833333333333336,-0.9118362069129944,-1.2413833216702914
BH_s34_medium,44,176,49.86666666666667,-0.869481086730957,-1.292261840064706
BH_s34_medium,44,177,49.9,-0.41225454211235046,-1.1400618495352473
BH_s34_medium,44,178,49.93333333333333,0.33069905638694763,-0.7965626005311195
BH_s34_medium,44,179,49.96666666666667,1.089698314666748,-0.314159395175047
BH_s34_medium,44,180,50.0,1.4098429679870605,0.22551269419128248
BH_s34_medium,44,181,50.03333333333333,1.2777467966079712,0.7310220373465725
BH_s34_medium,44,182,50.06666666666667,0.9452593326568604,1.1227380440873322
BH_s34_medium,44,183,50.1,0.639373779296875,1.3494670769259811
BH_s34_medium,44,184,50.13333333333333,0.4328719973564148,1.3956881989092136
BH_s34_medium,44,185,50.166666666666664,0.3540204167366028,1.27938323586054
BH_s34_medium,44,186,50.2,0.3540204167366028,1.0435287452533677
BH_s34_medium,44,187,50.233333333333334,0.3753848373889923,0.7448997322097026
BH_s34_medium,44,188,50.266666666666666,0.3540204167366028,0.4426040271571432
BH_s34_medium,44,189,50.3,0.26336583495140076,0.18734397560710472
BH_s34_medium,44,190,50.333333333333336,0.059442147612571716,0.0120841222048091
BH_s34_medium,44,191,50.36666666666667,-0.09306415915489197,-0.07450473938987656
BH_s34_medium,44,192,50.4,-0.2969878613948822,-0.0897671801317686
BH_s34_medium,44,193,50.43333333333333,-0.4333672523498535,-0.07228088317647724
BH_s34_medium,44,194,50.46666666666667,-0.4686577022075653,-0.07078558286488677
BH_s34_medium,44,195,50.5,-0.5200750827789307,-0.1297009240491637
BH_s34_medium,44,196,50.53333333333333,-0.5200750827789307,-0.27605796242034947
BH_s34_medium,44,197,50.56666666666667,-0.5200750827789307,-0.5123267788730201
BH_s34_medium,44,198,50.6,-0.5200750827789307,-0.8167222620518542
BH_s34_medium,44,199,50.63333333333333,-0.5714924931526184,-1.149100886010175
BH_s34_medium,44,200,50.666666666666664,-0.6229098439216614,-1.458896257524538
BH_s34_medium,44,201,50.7,-0.6834707856178284,-1.6924267844209304
BH_s34_medium,44,202,50.733333333333334,-0.7340152859687805,-1.7993449947629607
BH_s34_medium,44,203,50.766666666666666,-0.8285793662071228,-1.7397647907064842
BH_s34_medium,44,204,50.8,-0.6482279300689697,-1.4930289136211508
BH_s34_medium,44,205,50.833333333333336,-0.07482457906007767,-1.0665844758809504
BH_s34_medium,44,206,50.86666666666667,0.6493392586708069,-0.5009436842334537
BH_s34_medium,44,207,50.9,1.2873454093933105,0.1335382558523584
BH_s34_medium,44,208,50.93333333333333,1.3279175758361816,0.7494440391666634
BH_s34_medium,44,209,50.96666666666667,1.1166402101516724,1.2616425920989103
BH_s34_medium,44,210,51.0,0.7614974975585938,1.6070163722324822
BH_s34_medium,44,211,51.03333333333333,0.4560263752937317,1.7580467520335135
BH_s34_medium,44,212,51.06666666666667,0.3030615448951721,1.7263327385140737
BH_s34_medium,44,213,51.1,0.25118565559387207,1.5559341966756088
BH_s34_medium,44,214,51.13333333333333,0.3026030361652374,1.3094729356834436
BH_s34_medium,44,215,51.166666666666664,0.3540204167366028,1.051407983932856
BH_s34_medium,44,216,51.2,0.3065532147884369,0.8329275792192136
BH_s34_medium,44,217,51.233333333333334,0.15799710154533386,0.6818443869511753
BH_s34_medium,44,218,51.266666666666666,-0.00020523220882751048,0.5992423786562382
BH_s34_medium,44,219,51.3,-0.19843289256095886,0.5629513828767474
BH_s34_medium,44,220,51.333333333333336,-0.358381062746048,0.5365258383526549
BH_s34_medium,44,221,51.36666666666667,-0.4603429138660431,0.4811981901321352
BH_s34_medium,44,222,51.4,-0.5108873844146729,0.3673771403562259
BH_s34_medium,44,223,51.43333333333333,-0.5200750827789307,0.18242203521459055
BH_s34_medium,44,224,51.46666666666667,-0.5200750827789307,-0.06695707113101643
BH_s34_medium,44,225,51.5,-0.5200750827789307,-0.3571516051995063
BH_s34_medium,44,226,51.53333333333333,-0.5200750827789307,-0.6530330495822406
BH_s34_medium,44,227,51.56666666666667,-0.5714924931526184,-0.9144054147852649
BH_s34_medium,44,228,51.6,-0.6229098439216614,-1.1028392423782527
BH_s34_medium,44,229,51.63333333333333,-0.6743272542953491,-1.18888987083496
BH_s34_medium,44,230,51.666666666666664,-0.7257446050643921,-1.1589412612254677
BH_s34_medium,44,231,51.7,-0.7771620154380798,-1.0197349842374577
BH_s34_medium,44,232,51.733333333333334,-0.6766604781150818,-0.7985467672203301
BH_s34_medium,44,233,51.766666666666666,-0.1374298483133316,-0.5381635221204495
BH_s34_medium,44,234,51.8,0.6080577373504639,-0.28759390207908486
BH_s34_medium,44,235,51.833333333333336,1.279689908027649,-0.09095106451737187
BH_s34_medium,44,236,51.86666666666667,1.4852027893066406,0.022472713472902826
BH_s34_medium,44,237,51.9,1.294960379600525,0.04439940189817203
BH_s34_medium,44,238,51.93333333333333,0.9890747666358948,-0.011310365432024268
BH_s34_medium,44,239,51.96666666666667,0.7105793356895447,-0.11265401657192047
BH_s34_medium,45,0,45.0,-0.5200750827789307,-0.16529401903089205
BH_s34_medium,45,1,45.03333333333333,-0.5200750827789307,-0.04531780527987214
BH_s34_medium,45,2,45.06666666666667,-0.5200750827789307,0.04718753129170142
BH_s34_medium,45,3,45.1,-0.5200750827789307,0.08613229439352914
BH_s34_medium,45,4,45.13333333333333,-0.5714924931526184,0.05399409611895135
BH_s34_medium,45,5,45.166666666666664,-0.6227056980133057,-0.05450146414657843
BH_s34_medium,45,6,45.2,-0.673250138759613,-0.23089136476671648
BH_s34_medium,45,7,45.233333333333334,-0.7237945795059204,-0.4550967404119691
BH_s34_medium,45,8,45.266666666666666,-0.7285675406455994,-0.7005336323854657
BH_s34_medium,45,9,45.3,-0.3328847587108612,-0.9394458726335594
BH_s34_medium,45,10,45.333333333333336,0.368887722492218,-1.1455897823594379
BH_s34_medium,45,11,45.36666666666667,1.1386067867279053,-1.2936188584791586
BH_s34_medium,45,12,45.4,1.4788882732391357,-1.3575388063298017
BH_s34_medium,45,13,45.43333333333333,1.3967430591583252,-1.3118808580502832
BH_s34_medium,45,14,45.46666666666667,1.0546880960464478,-1.1373971166143297
BH_s34_medium,45,15,45.5,0.7407421469688416,-0.8296791933849247
BH_s34_medium,45,16,45.53333333333333,0.569496214389801,-0.40667995248672933
BH_s34_medium,45,17,45.56666666666667,0.4675343632698059,0.08912213342301216
BH_s34_medium,45,18,45.6,0.4568551778793335,0.596309869016503
BH_s34_medium,45,19,45.63333333333333,0.4568551778793335,1.0471376812133144
BH_s34_medium,45,20,45.666666666666664,0.4187357425689697,1.3833774861130697
BH_s34_medium,45,21,45.7,0.3167738914489746,1.5699743056991933
BH_s34_medium,45,22,45.733333333333334,0.12702105939388275,1.6017249994328053
BH_s34_medium,45,23,45.766666666666666,-0.0414019450545311,1.5010094591719267
BH_s34_medium,45,24,45.8,-0.19478116929531097,1.308357843885443
BH_s34_medium,45,25,45.833333333333336,-0.34816041588783264,1.0701244105752583
BH_s34_medium,45,26,45.86666666666667,-0.41724032163619995,0.8274057843475645
BH_s34_medium,45,27,45.9,-0.4686577022075653,0.6085960713167307
BH_s34_medium,45,28,45.93333333333333,-0.4686577022075653,0.42627444729572195
BH_s34_medium,45,29,45.96666666666667,-0.4686577022075653,0.2779238049723008
BH_s34_medium,45,30,46.0,-0.49804794788360596,0.14921143938410525
BH_s34_medium,45,31,46.03333333333333,-0.5200750827789307,0.018552355580147978
BH_s34_medium,45,32,46.06666666666667,-0.5714924931526184,-0.13757182524866565
BH_s34_medium,45,33,46.1,-0.6229098439216614,-0.33849947683189197
BH_s34_medium,45,34,46.13333333333333,-0.700225830078125,-0.5928465766313306
BH_s34_medium,45,35,46.166666666666664,-0.7507702708244324,-0.892845746209828
BH_s34_medium,45,36,46.2,-0.7530092597007751,-1.21147103376177
BH_s34_medium,45,37,46.233333333333334,-0.43181344866752625,-1.504086493782269
BH_s34_medium,45,38,46.266666666666666,0.22477145493030548,-1.7154327376578264
BH_s34_medium,45,39,46.3,0.9973981976509094,-1.7912969145126216
BH_s34_medium,45,40,46.333333333333336,1.3516117334365845,-1.6925586578242076
BH_s34_medium,45,41,46.36666666666667,1.2715861797332764,-1.4078935626823723
BH_s34_medium,45,42,46.4,0.965700626373291,-0.9608225110501584
BH_s34_medium,45,43,46.43333333333333,0.6598151326179504,-0.4077114532271974
BH_s34_medium,45,44,46.46666666666667,0.43968576192855835,0.17399975058251263
BH_s34_medium,45,45,46.5,0.3540204167366028,0.704326278372616
BH_s34_medium,45,46,46.53333333333333,0.3540204167366028,1.1198174148721183
BH_s34_medium,45,47,46.56666666666667,0.3540204167366028,1.386418332939589
BH_s34_medium,45,48,46.6,0.3403426706790924,1.5022292482227049
BH_s34_medium,45,49,46.63333333333333,0.23838083446025848,1.4907176994606652
BH_s34_medium,45,50,46.666666666666664,0.07306970655918121,1.3883456415913022
BH_s34_medium,45,51,46.7,-0.07943660765886307,1.2318129132217641
BH_s34_medium,45,52,46.733333333333334,-0.2731742262840271,1.0492565690122877
BH_s34_medium,45,53,46.766666666666666,-0.41724032163619995,0.8573801491014041
BH_s34_medium,45,54,46.8,-0.4686577022075653,0.6636521955270417
BH_s34_medium,45,55,46.833333333333336,-0.4686577022075653,0.4707253900803601
BH_s34_medium,45,56,46.86666666666667,-0.4686577022075653,0.2799730836437302
BH_s34_medium,45,57,46.9,-0.4686577022075653,0.09240212431966918
BH_s34_medium,45,58,46.93333333333333,-0.5200750827789307,-0.09265649754451641
BH_s34_medium,45,59,46.96666666666667,-0.5241507291793823,-0.27882589734240854
BH_s34_medium,45,60,47.0,-0.5746951699256897,-0.4712349354692299
BH_s34_medium,45,61,47.03333333333333,-0.6743272542953491,-0.6715372658061531
BH_s34_medium,45,62,47.06666666666667,-0.727201521396637,-0.8720780797369241
BH_s34_medium,45,63,47.1,-0.8285793662071228,-1.053746135090124
BH_s34_medium,45,64,47.13333333333333,-0.7774509191513062,-1.1900360550307036
BH_s34_medium,45,65,47.166666666666664,-0.26995939016342163,-1.2558411829154452
BH_s34_medium,45,66,47.2,0.39119428396224976,-1.236712688914422
BH_s34_medium,45,67,47.233333333333334,1.1078349351882935,-1.1340273490627684
BH_s34_medium,45,68,47.266666666666666,1.2795332670211792,-0.9634614395326037
BH_s34_medium,45,69,47.3,1.0878243446350098,-0.7475668018686793
BH_s34_medium,45,70,47.333333333333336,0.7360479235649109,-0.5065563171654193
BH_s34_medium,45,71,47.36666666666667,0.3732185661792755,-0.2524317100254326
BH_s34_medium,45,72,47.4,0.20704056322574615,0.010686302803072022
BH_s34_medium,45,73,47.43333333333333,0.14835089445114136,0.28108674171823284
BH_s34_medium,45,74,47.46666666666667,0.24216751754283905,0.5528266905402238
BH_s34_medium,45,75,47.5,0.3026030361652374,0.8121233923126413
BH_s34_medium,45,76,47.53333333333333,0.31336700916290283,1.0386282114294745
BH_s34_medium,45,77,47.56666666666667,0.21140515804290771,1.2104427981295698
BH_s34_medium,45,78,47.6,0.019118351861834526,1.3101374282091969
BH_s34_medium,45,79,47.63333333333333,-0.18480533361434937,1.329129814866013
BH_s34_medium,45,80,47.666666666666664,-0.3515672981739044,1.2689116889523042
BH_s34_medium,45,81,47.7,-0.45352914929389954,1.1391825550084629
BH_s34_medium,45,82,47.733333333333334,-0.5040736198425293,0.9543426995954957
BH_s34_medium,45,83,47.766666666666666,-0.4686577022075653,0.730203297329768
BH_s34_medium,45,84,47.8,-0.4686577022075653,0.4819443179212466
BH_s34_medium,45,85,47.833333333333336,-0.4686577022075653,0.22316334704597074
BH_s34_medium,45,86,47.86666666666667,-0.5005819201469421,-0.03468784179615757
BH_s34_medium,45,87,47.9,-0.5511264204978943,-0.2829713771944806
BH_s34_medium,45,88,47.93333333333333,-0.6016708612442017,-0.5165612165887191
BH_s34_medium,45,89,47.96666666666667,-0.6743272542953491,-0.7339262659417821
BH_s34_medium,45,90,48.0,-0.7257446050643921,-0.935730463004648
BH_s34_medium,45,91,48.03333333333333,-0.48511162400245667,-1.1215920478039252
BH_s34_medium,45,92,48.06666666666667,0.10280169546604156,-1.2858430468830335
BH_s34_medium,45,93,48.1,0.8432213664054871,-1.414216238790242
BH_s34_medium,45,94,48.13333333333333,1.3294150829315186,-1.4835476547912914
BH_s34_medium,45,95,48.166666666666664,1.3342320919036865,-1.4657587344007263
BH_s34_medium,45,96,48.2,1.0556960105895996,-1.3359028168586977
BH_s34_medium,45,97,48.233333333333334,0.6983930468559265,-1.0821830763319022
BH_s34_medium,45,98,48.266666666666666,0.4653741419315338,-0.7141908587687509
BH_s34_medium,45,99,48.3,0.33344411849975586,-0.26543222573325603
BH_s34_medium,45,100,48.333333333333336,0.3026030361652374,0.21181600052242588
BH_s34_medium,45,101,48.36666666666667,0.3540204167366028,0.658136620938048
BH_s34_medium,45,102,48.4,0.3874802589416504,1.021242111470288
BH_s34_medium,45,103,48.43333333333333,0.3198511600494385,1.2679465064914115
BH_s34_medium,45,104,48.46666666666667,0.1673448532819748,1.3897564769823116
BH_s34_medium,45,105,48.5,-0.036578837782144547,1.4004978917416964
BH_s34_medium,45,106,48.53333333333333,-0.2260366529226303,1.3275838998158398
BH_s34_medium,45,107,48.56666666666667,-0.379415899515152,1.2009896277595487
BH_s34_medium,45,108,48.6,-0.42996034026145935,1.0445383464270874
BH_s34_medium,45,109,48.63333333333333,-0.4686577022075653,0.8724292253562749
BH_s34_medium,45,110,48.666666666666664,-0.4686577022075653,0.6908864920120827
BH_s34_medium,45,111,48.7,-0.4686577022075653,0.5022469936634334
BH_s34_medium,45,112,48.733333333333334,-0.5200750827789307,0.30827430897549346
BH_s34_medium,45,113,48.766666666666666,-0.5284305214881897,0.1110003739815595
BH_s34_medium,45,114,48.8,-0.5789749622344971,-0.08826526364259318
BH_s34_medium,45,115,48.833333333333336,-0.6295194625854492,-0.2896517884743821
BH_s34_medium,45,116,48.86666666666667,-0.6800639033317566,-0.49347084518093803
BH_s34_medium,45,117,48.9,-0.7771620154380798,-0.6969770523799461
BH_s34_medium,45,118,48.93333333333333,-0.6069464087486267,-0.8907620469630738
BH_s34_medium,45,119,48.96666666666667,-0.038611024618148804,-1.0569944105606683
BH_s34_medium,45,120,49.0,0.7296572327613831,-1.1710448557097568
BH_s34_medium,45,121,49.03333333333333,1.3336949348449707,-1.2066836452860006
BH_s34_medium,45,122,49.06666666666667,1.4327870607376099,-1.14373003815829
BH_s34_medium,45,123,49.1,1.2288633584976196,-0.9759459777188386
BH_s34_medium,45,124,49.13333333333333,0.9233515858650208,-0.7162547328297426
BH_s34_medium,45,125,49.166666666666664,0.6667638421058655,-0.3966811348895381
BH_s34_medium,45,126,49.2,0.5112650394439697,-0.06215426865085056
BH_s34_medium,45,127,49.233333333333334,0.46072059869766235,0.2400965687804263
BH_s34_medium,45,128,49.266666666666666,0.4568551778793335,0.4717162333377697
BH_s34_medium,45,129,49.3,0.4110490381717682,0.6110468288591822
BH_s34_medium,45,130,49.333333333333336,0.3605045676231384,0.6558822228141397
BH_s34_medium,45,131,49.36666666666667,0.21448242664337158,0.6219037970369485
BH_s34_medium,45,132,49.4,0.010558737441897392,0.538274157050436
BH_s34_medium,45,133,49.43333333333333,-0.14194756746292114,0.4411430140217692
BH_s34_medium,45,134,49.46666666666667,-0.3458712697029114,0.3651998425615948
BH_s34_medium,45,135,49.5,-0.4578089416027069,0.3341600651269786
BH_s34_medium,45,136,49.53333333333333,-0.5083534121513367,0.3529718805806033
BH_s34_medium,45,137,49.56666666666667,-0.558897852897644,0.4053070193167984
BH_s34_medium,45,138,49.6,-0.5714924931526184,0.4579501035701682
BH_s34_medium,45,139,49.63333333333333,-0.5714924931526184,0.47059417446060503
BH_s34_medium,45,140,49.666666666666664,-0.6229098439216614,0.4077033117838269
BH_s34_medium,45,141,49.7,-0.6582409739494324,0.24914941977247798
BH_s34_medium,45,142,49.733333333333334,-0.7257446050643921,-0.0025165955751380604
BH_s34_medium,45,143,49.766666666666666,-0.7771620154380798,-0.3193345774872599
BH_s34_medium,45,144,49.8,-0.861291766166687,-0.6507392320480528
BH_s34_medium,45,145,49.833333333333336,-0.9118362069129944,-0.9325377818873455
BH_s34_medium,45,146,49.86666666666667,-0.869481086730957,-1.1011619507483643
BH_s34_medium,45,147,49.9,-0.41225454211235046,-1.110048511664422
BH_s34_medium,45,148,49.93333333333333,0.33069905638694763,-0.9433550878745413
BH_s34_medium,45,149,49.96666666666667,1.089698314666748,-0.6222769272473484
BH_s34_medium,45,150,50.0,1.4098429679870605,-0.2013299900973542
BH_s34_medium,45,151,50.03333333333333,1.2777467966079712,0.244698263868437
BH_s34_medium,45,152,50.06666666666667,0.9452593326568604,0.6392305670074991
BH_s34_medium,45,153,50.1,0.639373779296875,0.922067108980533
BH_s34_medium,45,154,50.13333333333333,0.4328719973564148,1.0617277240960696
BH_s34_medium,45,155,50.166666666666664,0.3540204167366028,1.058802616832685
BH_s34_medium,45,156,50.2,0.3540204167366028,0.9406822772982792
BH_s34_medium,45,157,50.233333333333334,0.3753848373889923,0.7509317320062926
BH_s34_medium,45,158,50.266666666666666,0.3540204167366028,0.5373838470336975
BH_s34_medium,45,159,50.3,0.26336583495140076,0.341872769446648
BH_s34_medium,45,160,50.333333333333336,0.059442147612571716,0.19266940001189659
BH_s34_medium,45,161,50.36666666666667,-0.09306415915489197,0.09970160995067803
BH_s34_medium,45,162,50.4,-0.2969878613948822,0.05309338984718292
BH_s34_medium,45,163,50.43333333333333,-0.4333672523498535,0.026057873505791397
BH_s34_medium,45,164,50.46666666666667,-0.4686577022075653,-0.017661561724798713
BH_s34_medium,45,165,50.5,-0.5200750827789307,-0.11326380203879248
BH_s34_medium,45,166,50.53333333333333,-0.5200750827789307,-0.2839600522615621
BH_s34_medium,45,167,50.56666666666667,-0.5200750827789307,-0.5326365914814002
BH_s34_medium,45,168,50.6,-0.5200750827789307,-0.8385158198969956
BH_s34_medium,45,169,50.63333333333333,-0.5714924931526184,-1.1597952261420574
BH_s34_medium,45,170,50.666666666666664,-0.6229098439216614,-1.4414092159761318
BH_s34_medium,45,171,50.7,-0.6834707856178284,-1.6258218523345331
BH_s34_medium,45,172,50.733333333333334,-0.7340152859687805,-1.6646952408576356
BH_s34_medium,45,173,50.766666666666666,-0.8285793662071228,-1.529686125370827
BH_s34_medium,45,174,50.8,-0.6482279300689697,-1.2205815587502638
BH_s34_medium,45,175,50.833333333333336,-0.07482457906007767,-0.7684689485450167
BH_s34_medium,45,176,50.86666666666667,0.6493392586708069,-0.2315541135527387
BH_s34_medium,45,177,50.9,1.2873454093933105,0.31698725059823385
BH_s34_medium,45,178,50.93333333333333,1.3279175758361816,0.8060833443779863
BH_s34_medium,45,179,50.96666666666667,1.1166402101516724,1.18290786349854
BH_s34_medium,45,180,51.0,0.7614974975585938,1.4227055563742446
BH_s34_medium,45,181,51.03333333333333,0.4560263752937317,1.5298696281256108
BH_s34_medium,45,182,51.06666666666667,0.3030615448951721,1.5310774629947028
BH_s34_medium,45,183,51.1,0.25118565559387207,1.4635751145169804
BH_s34_medium,45,184,51.13333333333333,0.3026030361652374,1.3626558465807193
BH_s34_medium,45,185,51.166666666666664,0.3540204167366028,1.2520546191822333
BH_s34_medium,45,186,51.2,0.3065532147884369,1.1396843830369408
BH_s34_medium,45,187,51.233333333333334,0.15799710154533386,1.0192776384486681
BH_s34_medium,45,188,51.266666666666666,-0.00020523220882751048,0.8765800110458688
BH_s34_medium,45,189,51.3,-0.19843289256095886,0.6974099453660361
BH_s34_medium,45,190,51.333333333333336,-0.358381062746048,0.4746240413926974
BH_s34_medium,45,191,51.36666666666667,-0.4603429138660431,0.21185144633315306
BH_s34_medium,45,192,51.4,-0.5108873844146729,-0.0766472525444336
BH_s34_medium,45,193,51.43333333333333,-0.5200750827789307,-0.36929713936288977
BH_s34_medium,45,194,51.46666666666667,-0.5200750827789307,-0.6423804373228567
BH_s34_medium,45,195,51.5,-0.5200750827789307,-0.875661058453523
BH_s34_medium,45,196,51.53333333333333,-0.5200750827789307,-1.0571128719759022
BH_s34_medium,45,197,51.56666666666667,-0.5714924931526184,-1.1855254520175234
BH_s34_medium,45,198,51.6,-0.6229098439216614,-1.2700902028217074
BH_s34_medium,45,199,51.63333333333333,-0.6743272542953491,-1.3266615189518285
BH_s34_medium,45,200,51.666666666666664,-0.7257446050643921,-1.3712293884143893
BH_s34_medium,45,201,51.7,-0.7771620154380798,-1.4121640709615224
BH_s34_medium,45,202,51.733333333333334,-0.6766604781150818,-1.4437463593243067
BH_s34_medium,45,203,51.766666666666666,-0.1374298483133316,-1.4438902002667715
BH_s34_medium,45,204,51.8,0.6080577373504639,-1.3782763661227753
BH_s34_medium,45,205,51.833333333333336,1.279689908027649,-1.2110798676782195
BH_s34_medium,45,206,51.86666666666667,1.4852027893066406,-0.9194964538405833
BH_s34_medium,45,207,51.9,1.294960379600525,-0.5066440802441775
BH_s34_medium,45,208,51.93333333333333,0.9890747666358948,-0.006771010905199024
BH_s34_medium,45,209,51.96666666666667,0.7105793356895447,0.5207408549396593
BH_s34_medium,45,210,52.0,0.5331727862358093,1.0069158536708638
BH_s34_medium,45,211,52.03333333333333,0.4568551778793335,1.3919864648117157
BH_s34_medium,45,212,52.06666666666667,0.4568551778793335,1.640081565578821
BH_s34_medium,45,213,52.1,0.4568551778793335,1.7448866846950306
BH_s34_medium,45,214,52.13333333333333,0.382412314414978,1.7255366714150546
BH_s34_medium,45,215,52.166666666666664,0.2582978904247284,1.6158318215920167
BH_s34_medium,45,216,52.2,0.05437420681118965,1.451810996943771
BH_s34_medium,45,217,52.233333333333334,-0.09813210368156433,1.2622262515354494
BH_s34_medium,45,218,52.266666666666666,-0.2506384253501892,1.0641729834399984
BH_s34_medium,45,219,52.3,-0.38448384404182434,0.8636661534737109
BH_s34_medium,45,220,52.333333333333336,-0.4350282847881317,0.6595998428899229
BH_s34_medium,45,221,52.36666666666667,-0.4686577022075653,0.44909142798686225
BH_s34_medium,45,222,52.4,-0.4686577022075653,0.23211133371380238
BH_s34_medium,45,223,52.43333333333333,-0.4838269352912903,0.013757204034547409
BH_s34_medium,45,224,52.46666666666667,-0.5200750827789307,-0.1962645917161535
BH_s34_medium,45,225,52.5,-0.5714924931526184,-0.38617106911235877
BH_s34_medium,45,226,52.53333333333333,-0.6229098439216614,-0.545389434172416
BH_s34_medium,45,227,52.56666666666667,-0.6743272542953491,-0.6674467161281333
BH_s34_medium,45,228,52.6,-0.7257446050643921,-0.7515591425069383
BH_s34_medium,45,229,52.63333333333333,-0.7870936989784241,-0.802360128225288
BH_s34_medium,45,230,52.666666666666664,-0.8285793662071228,-0.8277522387807826
BH_s34_medium,45,231,52.7,-0.6848152279853821,-0.835555333652006
BH_s34_medium,45,232,52.733333333333334,-0.06485825777053833,-0.8302053439125803
BH_s34_medium,45,233,52.766666666666666,0.662627637386322,-0.8108861908733221
BH_s34_medium,45,234,52.8,1.2906675338745117,-0.7719696731932215
BH_s34_medium,45,235,52.833333333333336,1.377673864364624,-0.7057176775068927
BH_s34_medium,45,236,52.86666666666667,1.1614134311676025,-0.6062733476922125
BH_s34_medium,45,237,52.9,0.8079317212104797,-0.4733489893299299
BH_s34_medium,45,238,52.93333333333333,0.5555390119552612,-0.3139978674077642
BH_s34_medium,45,239,52.96666666666667,0.40423527359962463,-0.14173751197288975
BH_s34_medium,46,0,46.0,-0.49804794788360596,-0.16586633494747371
BH_s34_medium,46,1,46.03333333333333,-0.5200750827789307,-0.23057472146272456
BH_s34_medium,46,2,46.06666666666667,-0.5714924931526184,-0.3239292333642145
BH_s34_medium,46,3,46.1,-0.6229098439216614,-0.46949618884162614
BH_s34_medium,46,4,46.13333333333333,-0.700225830078125,-0.6765420993087194
BH_s34_medium,46,5,46.166666666666664,-0.7507702708244324,-0.935131451461606
BH_s34_medium,46,6,46.2,-0.7530092597007751,-1.2150282711517213
BH_s34_medium,46,7,46.233333333333334,-0.43181344866752625,-1.4703309577231896
BH_s34_medium,46,8,46.266666666666666,0.22477145493030548,-1.6494858904459555
BH_s34_medium,46,9,46.3,0.9973981976509094,-1.7076999433605262
BH_s34_medium,46,10,46.333333333333336,1.3516117334365845,-1.6180227141316295
BH_s34_medium,46,11,46.36666666666667,1.2715861797332764,-1.3781609079579729
BH_s34_medium,46,12,46.4,0.965700626373291,-1.0112452707686137
BH_s34_medium,46,13,46.43333333333333,0.6598151326179504,-0.5602602785090964
BH_s34_medium,46,14,46.46666666666667,0.43968576192855835,-0.07780841864853119
BH_s34_medium,46,15,46.5,0.3540204167366028,0.38547332679810425
BH_s34_medium,46,16,46.53333333333333,0.3540204167366028,0.7901533887530887
BH_s34_medium,46,17,46.56666666666667,0.3540204167366028,1.1123437703912873
BH_s34_medium,46,18,46.6,0.3403426706790924,1.342721948855874
BH_s34_medium,46,19,46.63333333333333,0.23838083446025848,1.481950561872169
BH_s34_medium,46,20,46.666666666666664,0.07306970655918121,1.5353355038860845
BH_s34_medium,46,21,46.7,-0.07943660765886307,1.5092842365263177
BH_s34_medium,46,22,46.733333333333334,-0.2731742262840271,1.4106925680935125
BH_s34_medium,46,23,46.766666666666666,-0.41724032163619995,1.2485860517380016
BH_s34_medium,46,24,46.8,-0.4686577022075653,1.036102386412681
BH_s34_medium,46,25,46.833333333333336,-0.4686577022075653,0.7908755966881518
BH_s34_medium,46,26,46.86666666666667,-0.4686577022075653,0.5330351149612343
BH_s34_medium,46,27,46.9,-0.4686577022075653,0.2814617044972439
BH_s34_medium,46,28,46.93333333333333,-0.5200750827789307,0.04976491535181689
BH_s34_medium,46,29,46.96666666666667,-0.5241507291793823,-0.1563574066289416
BH_s34_medium,46,30,47.0,-0.5746951699256897,-0.3390058196008792
BH_s34_medium,46,31,47.03333333333333,-0.6743272542953491,-0.5050215135056157
BH_s34_medium,46,32,47.06666666666667,-0.727201521396637,-0.6616489345648255
BH_s34_medium,46,33,47.1,-0.8285793662071228,-0.8133283569767992
BH_s34_medium,46,34,47.13333333333333,-0.7774509191513062,-0.9605857600210018
BH_s34_medium,46,35,47.166666666666664,-0.26995939016342163,-1.1000150581975296
BH_s34_medium,46,36,47.2,0.39119428396224976,-1.2238928487474379
BH_s34_medium,46,37,47.233333333333334,1.1078349351882935,-1.318977489865275
BH_s34_medium,46,38,47.266666666666666,1.2795332670211792,-1.365394765108606
BH_s34_medium,46,39,47.3,1.0878243446350098,-1.337432437145072
BH_s34_medium,46,40,47.333333333333336,0.7360479235649109,-1.208036428430225
BH_s34_medium,46,41,47.36666666666667,0.3732185661792755,-0.9573599174942592
BH_s34_medium,46,42,47.4,0.20704056322574615,-0.5831608887333162
BH_s34_medium,46,43,47.43333333333333,0.14835089445114136,-0.10868334737935506
BH_s34_medium,46,44,47.46666666666667,0.24216751754283905,0.4164921392706486
BH_s34_medium,46,45,47.5,0.3026030361652374,0.9247757439416749
BH_s34_medium,46,46,47.53333333333333,0.31336700916290283,1.3462189824548019
BH_s34_medium,46,47,47.56666666666667,0.21140515804290771,1.6260910293745923
BH_s34_medium,46,48,47.6,0.019118351861834526,1.7378946938203859
BH_s34_medium,46,49,47.63333333333333,-0.18480533361434937,1.6872863084239733
BH_s34_medium,46,50,47.666666666666664,-0.3515672981739044,1.5063659425669413
BH_s34_medium,46,51,47.7,-0.45352914929389954,1.2416285295089795
BH_s34_medium,46,52,47.733333333333334,-0.5040736198425293,0.940572664170586
BH_s34_medium,46,53,47.766666666666666,-0.4686577022075653,0.6412957364475649
BH_s34_medium,46,54,47.8,-0.4686577022075653,0.3672737913439103
BH_s34_medium,46,55,47.833333333333336,-0.4686577022075653,0.12714653177235094
BH_s34_medium,46,56,47.86666666666667,-0.5005819201469421,-0.08226556973133861
BH_s34_medium,46,57,47.9,-0.5511264204978943,-0.271794097742986
BH_s34_medium,46,58,47.93333333333333,-0.6016708612442017,-0.4558622398279927
BH_s34_medium,46,59,47.96666666666667,-0.6743272542953491,-0.6485409293284924
BH_s34_medium,46,60,48.0,-0.7257446050643921,-0.8589937259396344
BH_s34_medium,46,61,48.03333333333333,-0.48511162400245667,-1.086092966126874
BH_s34_medium,46,62,48.06666666666667,0.10280169546604156,-1.313613256499931
BH_s34_medium,46,63,48.1,0.8432213664054871,-1.5087873098544524
BH_s34_medium,46,64,48.13333333333333,1.3294150829315186,-1.6267487535663039
BH_s34_medium,46,65,48.166666666666664,1.3342320919036865,-1.621293419093532
BH_s34_medium,46,66,48.2,1.0556960105895996,-1.4593763872628123
BH_s34_medium,46,67,48.233333333333334,0.6983930468559265,-1.1343608820519815
BH_s34_medium,46,68,48.266666666666666,0.4653741419315338,-0.6726320489304796
BH_s34_medium,46,69,48.3,0.33344411849975586,-0.13024980990004245
BH_s34_medium,46,70,48.333333333333336,0.3026030361652374,0.4198516734259787
BH_s34_medium,46,71,48.36666666666667,0.3540204167366028,0.9057603379674447
BH_s34_medium,46,72,48.4,0.3874802589416504,1.2732146986519146
BH_s34_medium,46,73,48.43333333333333,0.3198511600494385,1.4953892434693163
BH_s34_medium,46,74,48.46666666666667,0.1673448532819748,1.5734661457306813
BH_s34_medium,46,75,48.5,-0.036578837782144547,1.52950250216412
BH_s34_medium,46,76,48.53333333333333,-0.2260366529226303,1.3957103017613681
BH_s34_medium,46,77,48.56666666666667,-0.379415899515152,1.204632916681017
BH_s34_medium,46,78,48.6,-0.42996034026145935,0.983062815451554
BH_s34_medium,46,79,48.63333333333333,-0.4686577022075653,0.7501802168772834
BH_s34_medium,46,80,48.666666666666664,-0.4686577022075653,0.5186352891210397
BH_s34_medium,46,81,48.7,-0.4686577022075653,0.2966058115738121
BH_s34_medium,46,82,48.733333333333334,-0.5200750827789307,0.08912217941747416
BH_s34_medium,46,83,48.766666666666666,-0.5284305214881897,-0.1020365648077204
BH_s34_medium,46,84,48.8,-0.5789749622344971,-0.27922807229663305
BH_s34_medium,46,85,48.833333333333336,-0.6295194625854492,-0.44903589192837107
BH_s34_medium,46,86,48.86666666666667,-0.6800639033317566,-0.6200788703440867
BH_s34_medium,46,87,48.9,-0.7771620154380798,-0.7982125000776777
BH_s34_medium,46,88,48.93333333333333,-0.6069464087486267,-0.9804920306995727
BH_s34_medium,46,89,48.96666666666667,-0.038611024618148804,-1.1506275187305426
BH_s34_medium,46,90,49.0,0.7296572327613831,-1.278847862679902
BH_s34_medium,46,91,49.03333333333333,1.3336949348449707,-1.3277373487556197
BH_s34_medium,46,92,49.06666666666667,1.4327870607376099,-1.2631084002695858
BH_s34_medium,46,93,49.1,1.2288633584976196,-1.0665435237564116
BH_s34_medium,46,94,49.13333333333333,0.9233515858650208,-0.7450937534828075
BH_s34_medium,46,95,49.166666666666664,0.6667638421058655,-0.3341423045154205
BH_s34_medium,46,96,49.2,0.5112650394439697,0.10855098774510712
BH_s34_medium,46,97,49.233333333333334,0.46072059869766235,0.5164870724108753
BH_s34_medium,46,98,49.266666666666666,0.4568551778793335,0.8313667824735949
BH_s34_medium,46,99,49.3,0.4110490381717682,1.0174327306101674
BH_s34_medium,46,100,49.333333333333336,0.3605045676231384,1.0686117857732755
BH_s34_medium,46,101,49.36666666666667,0.21448242664337158,1.00690064457771
BH_s34_medium,46,102,49.4,0.010558737441897392,0.8733881497675076
BH_s34_medium,46,103,49.43333333333333,-0.14194756746292114,0.7151412670975584
BH_s34_medium,46,104,49.46666666666667,-0.3458712697029114,0.5717500071616414
BH_s34_medium,46,105,49.5,-0.4578089416027069,0.4650766418320494
BH_s34_medium,46,106,49.53333333333333,-0.5083534121513367,0.3950062279986846
BH_s34_medium,46,107,49.56666666666667,-0.558897852897644,0.3423927233014515
BH_s34_medium,46,108,49.6,-0.5714924931526184,0.27789447426529285
BH_s34_medium,46,109,49.63333333333333,-0.5714924931526184,0.1731894197039657
BH_s34_medium,46,110,49.666666666666664,-0.6229098439216614,0.010518926274278693
BH_s34_medium,46,111,49.7,-0.6582409739494324,-0.2120301969682672
BH_s34_medium,46,112,49.733333333333334,-0.7257446050643921,-0.4795617892139552
BH_s34_medium,46,113,49.766666666666666,-0.7771620154380798,-0.7621679803885756
BH_s34_medium,46,114,49.8,-0.861291766166687,-1.018435546570317
BH_s34_medium,46,115,49.833333333333336,-0.9118362069129944,-1.201088976482941
BH_s34_medium,46,116,49.86666666666667,-0.869481086730957,-1.265707458724142
BH_s34_medium,46,117,49.9,-0.41225454211235046,-1.1820811629611088
BH_s34_medium,46,118,49.93333333333333,0.33069905638694763,-0.9451626411344526
BH_s34_medium,46,119,49.96666666666667,1.089698314666748,-0.5808040960520698
BH_s34_medium,46,120,50.0,1.4098429679870605,-0.14240418724296197
BH_s34_medium,46,121,50.03333333333333,1.2777467966079712,0.3018055800092037
BH_s34_medium,46,122,50.06666666666667,0.9452593326568604,0.6866003758147396
BH_s34_medium,46,123,50.1,0.639373779296875,0.9658544767908264
BH_s34_medium,46,124,50.13333333333333,0.4328719973564148,1.121026539894375
BH_s34_medium,46,125,50.166666666666664,0.3540204167366028,1.1599866221348898
BH_s34_medium,46,126,50.2,0.3540204167366028,1.1083986976031641
BH_s34_medium,46,127,50.233333333333334,0.3753848373889923,0.9983940167202289
BH_s34_medium,46,128,50.266666666666666,0.3540204167366028,0.8590419759335862
BH_s34_medium,46,129,50.3,0.26336583495140076,0.7109393923414848
BH_s34_medium,46,130,50.333333333333336,0.059442147612571716,0.5647831492384553
BH_s34_medium,46,131,50.36666666666667,-0.09306415915489197,0.4224891346974501
BH_s34_medium,46,132,50.4,-0.2969878613948822,0.27962274302328294
BH_s34_medium,46,133,50.43333333333333,-0.4333672523498535,0.12853078413278723
BH_s34_medium,46,134,50.46666666666667,-0.4686577022075653,-0.03843373748573804
BH_s34_medium,46,135,50.5,-0.5200750827789307,-0.22643040266531114
BH_s34_medium,46,136,50.53333333333333,-0.5200750827789307,-0.43689280303564837
BH_s34_medium,46,137,50.56666666666667,-0.5200750827789307,-0.6671628991990692
BH_s34_medium,46,138,50.6,-0.5200750827789307,-0.9099003136533796
BH_s34_medium,46,139,50.63333333333333,-0.5714924931526184,-1.1514204835590214
BH_s34_medium,46,140,50.666666666666664,-0.6229098439216614,-1.3695308553704324
BH_s34_medium,46,141,50.7,-0.6834707856178284,-1.5329581964871075
BH_s34_medium,46,142,50.733333333333334,-0.7340152859687805,-1.6047309942595274
BH_s34_medium,46,143,50.766666666666666,-0.8285793662071228,-1.5503152733513512
BH_s34_medium,46,144,50.8,-0.6482279300689697,-1.3485370166105695
BH_s34_medium,46,145,50.833333333333336,-0.07482457906007767,-1.0012114126583977
BH_s34_medium,46,146,50.86666666666667,0.6493392586708069,-0.5374230753229916
BH_s34_medium,46,147,50.9,1.2873454093933105,-0.010214753262394813
BH_s34_medium,46,148,50.93333333333333,1.3279175758361816,0.5140611726712384
BH_s34_medium,46,149,50.96666666666667,1.1166402101516724,0.9708867892500069
BH_s34_medium,46,150,51.0,0.7614974975585938,1.3123611530951604
BH_s34_medium,46,151,51.03333333333333,0.4560263752937317,1.5166046299659435
BH_s34_medium,46,152,51.06666666666667,0.3030615448951721,1.5890053457771722
BH_s34_medium,46,153,51.1,0.25118565559387207,1.555768633362313
BH_s34_medium,46,154,51.13333333333333,0.3026030361652374,1.452682643060408
BH_s34_medium,46,155,51.166666666666664,0.3540204167366028,1.3131123651314394
BH_s34_medium,46,156,51.2,0.3065532147884369,1.15907649840037
BH_s34_medium,46,157,51.233333333333334,0.15799710154533386,0.9978411119721778
BH_s34_medium,46,158,51.266666666666666,-0.00020523220882751048,0.8241720950250383
BH_s34_medium,46,159,51.3,-0.19843289256095886,0.6264513617187415
BH_s34_medium,46,160,51.333333333333336,-0.358381062746048,0.39420388542839535
BH_s34_medium,46,161,51.36666666666667,-0.4603429138660431,0.12481394241240572
BH_s34_medium,46,162,51.4,-0.5108873844146729,-0.17240188835735049
BH_s34_medium,46,163,51.43333333333333,-0.5200750827789307,-0.47607264059751236
BH_s34_medium,46,164,51.46666666666667,-0.5200750827789307,-0.7569724920161981
BH_s34_medium,46,165,51.5,-0.5200750827789307,-0.9855800747604022
BH_s34_medium,46,166,51.53333333333333,-0.5200750827789307,-1.1406895310680925
BH_s34_medium,46,167,51.56666666666667,-0.5714924931526184,-1.2160734554002541
BH_s34_medium,46,168,51.6,-0.6229098439216614,-1.2226323983103933
BH_s34_medium,46,169,51.63333333333333,-0.6743272542953491,-1.1848452940373018
BH_s34_medium,46,170,51.666666666666664,-0.7257446050643921,-1.1321337679734231
BH_s34_medium,46,171,51.7,-0.7771620154380798,-1.0874809954828208
BH_s34_medium,46,172,51.733333333333334,-0.6766604781150818,-1.0569190806165454
BH_s34_medium,46,173,51.766666666666666,-0.1374298483133316,-1.0240649184115012
BH_s34_medium,46,174,51.8,0.6080577373504639,-0.9532524095792988
BH_s34_medium,46,175,51.833333333333336,1.279689908027649,-0.8020982915544285
BH_s34_medium,46,176,51.86666666666667,1.4852027893066406,-0.5397898651720595
BH_s34_medium,46,177,51.9,1.294960379600525,-0.16350255313164427
BH_s34_medium,46,178,51.93333333333333,0.9890747666358948,0.2949944080705938
BH_s34_medium,46,179,51.96666666666667,0.7105793356895447,0.776275571988127
BH_s34_medium,46,180,52.0,0.5331727862358093,1.2105403744563739
BH_s34_medium,46,181,52.03333333333333,0.4568551778793335,1.5371150149718098
BH_s34_medium,46,182,52.06666666666667,0.4568551778793335,1.7185106291087142
BH_s34_medium,46,183,52.1,0.4568551778793335,1.745478685399783
BH_s34_medium,46,184,52.13333333333333,0.382412314414978,1.6336703315503485
BH_s34_medium,46,185,52.166666666666664,0.2582978904247284,1.415115281299523
BH_s34_medium,46,186,52.2,0.05437420681118965,1.1285694426139925
BH_s34_medium,46,187,52.233333333333334,-0.09813210368156433,0.811868467286764
BH_s34_medium,46,188,52.266666666666666,-0.2506384253501892,0.49736071195910964
BH_s34_medium,46,189,52.3,-0.38448384404182434,0.20965209851364064
BH_s34_medium,46,190,52.333333333333336,-0.4350282847881317,-0.035613421743578975
BH_s34_medium,46,191,52.36666666666667,-0.4686577022075653,-0.23246695360609268
BH_s34_medium,46,192,52.4,-0.4686577022075653,-0.3842694431522511
BH_s34_medium,46,193,52.43333333333333,-0.4838269352912903,-0.5014543481751634
BH_s34_medium,46,194,52.46666666666667,-0.5200750827789307,-0.597419048464254
BH_s34_medium,46,195,52.5,-0.5714924931526184,-0.683928135538992
BH_s34_medium,46,196,52.53333333333333,-0.6229098439216614,-0.767911716725805
BH_s34_medium,46,197,52.56666666666667,-0.6743272542953491,-0.8508362741755077
BH_s34_medium,46,198,52.6,-0.7257446050643921,-0.9302825789343853
BH_s34_medium,46,199,52.63333333333333,-0.7870936989784241,-1.0020042540561163
BH_s34_medium,46,200,52.666666666666664,-0.8285793662071228,-1.0605261366674823
BH_s34_medium,46,201,52.7,-0.6848152279853821,-1.0975056919467967
BH_s34_medium,46,202,52.733333333333334,-0.06485825777053833,-1.099025143824804
BH_s34_medium,46,203,52.766666666666666,0.662627637386322,-1.0444696486096992
BH_s34_medium,46,204,52.8,1.2906675338745117,-0.909570617034821
BH_s34_medium,46,205,52.833333333333336,1.377673864364624,-0.6743277750102655
BH_s34_medium,46,206,52.86666666666667,1.1614134311676025,-0.3336504042288515
BH_s34_medium,46,207,52.9,0.8079317212104797,0.0937476080415025
BH_s34_medium,46,208,52.93333333333333,0.5555390119552612,0.5629521061349348
BH_s34_medium,46,209,52.96666666666667,0.40423527359962463,1.0095707075430926
BH_s34_medium,46,210,53.0,0.3540204167366028,1.3644264373679555
BH_s34_medium,46,211,53.03333333333333,0.3540204167366028,1.5714623842739741
BH_s34_medium,46,212,53.06666666666667,0.3540204167366028,1.6024675850986414
BH_s34_medium,46,213,53.1,0.3048921823501587,1.4634985792119033
BH_s34_medium,46,214,53.13333333333333,0.15467499196529388,1.1914531203706098
BH_s34_medium,46,215,53.166666666666664,-0.0018662854563444853,0.8429926526054952
BH_s34_medium,46,216,53.2,-0.20175500214099884,0.47998743961597035
BH_s34_medium,46,217,53.233333333333334,-0.3542613089084625,0.1558623127879195
BH_s34_medium,46,218,53.266666666666666,-0.4620039761066437,-0.0936536674319184
BH_s34_medium,46,219,53.3,-0.5200750827789307,-0.2538004668745809
BH_s34_medium,46,220,53.333333333333336,-0.5200750827789307,-0.3290708338560536
BH_s34_medium,46,221,53.36666666666667,-0.5200750827789307,-0.33886970652374454
BH_s34_medium,46,222,53.4,-0.5613470673561096,-0.31209325827752327
BH_s34_medium,46,223,53.43333333333333,-0.5714924931526184,-0.28082309454372156
BH_s34_medium,46,224,53.46666666666667,-0.6229098439216614,-0.2733049080184287
BH_s34_medium,46,225,53.5,-0.6743272542953491,-0.3071634318680926
BH_s34_medium,46,226,53.53333333333333,-0.7257446050643921,-0.38418357364503736
BH_s34_medium,46,227,53.56666666666667,-0.7771620154380798,-0.4880023130714506
BH_s34_medium,46,228,53.6,-0.8646138310432434,-0.5860634063201229
BH_s34_medium,46,229,53.63333333333333,-0.8448352217674255,-0.6367970754658054
BH_s34_medium,46,230,53.666666666666664,-0.41717803478240967,-0.601659870723243
BH_s34_medium,46,231,53.7,0.2614244818687439,-0.4594389908498422
BH_s34_medium,46,232,53.733333333333334,1.0120337009429932,-0.2179780732581865
BH_s34_medium,46,233,53.766666666666666,1.3626205921173096,0.08212276487917121
BH_s34_medium,46,234,53.8,1.2179393768310547,0.37511212603710414
BH_s34_medium,46,235,53.833333333333336,0.8513328433036804,0.5879537336960922
BH_s34_medium,46,236,53.86666666666667,0.472536563873291,0.6628524894468362
BH_s34_medium,46,237,53.9,0.2462466061115265,0.5763795222782525
BH_s34_medium,46,238,53.93333333333333,0.14835089445114136,0.3481926716171444
BH_s34_medium,46,239,53.96666666666667,0.2262006402015686,0.03634028883277557
BH_s34_medium,47,0,47.0,-0.5746951699256897,-0.13015697415317232
BH_s34_medium,47,1,47.03333333333333,-0.6743272542953491,-0.2817754581959272
BH_s34_medium,47,2,47.06666666666667,-0.727201521396637,-0.4384601114531573
BH_s34_medium,47,3,47.1,-0.8285793662071228,-0.6016742715679063
BH_s34_medium,47,4,47.13333333333333,-0.7774509191513062,-0.7618976762591658
BH_s34_medium,47,5,47.166666666666664,-0.26995939016342163,-0.8985280330276229
BH_s34_medium,47,6,47.2,0.39119428396224976,-0.9846545158850659
BH_s34_medium,47,7,47.233333333333334,1.1078349351882935,-0.9956489360413292
BH_s34_medium,47,8,47.266666666666666,1.2795332670211792,-0.918129973043438
BH_s34_medium,47,9,47.3,1.0878243446350098,-0.754900361704022
BH_s34_medium,47,10,47.333333333333336,0.7360479235649109,-0.5234899160069144
BH_s34_medium,47,11,47.36666666666667,0.3732185661792755,-0.24960410372849864
BH_s34_medium,47,12,47.4,0.20704056322574615,0.040524596525402384
BH_s34_medium,47,13,47.43333333333333,0.14835089445114136,0.32486697863029806
BH_s34_medium,47,14,47.46666666666667,0.24216751754283905,0.5860039362798133
BH_s34_medium,47,15,47.5,0.3026030361652374,0.8090052603564851
BH_s34_medium,47,16,47.53333333333333,0.31336700916290283,0.9800227336018521
BH_s34_medium,47,17,47.56666666666667,0.21140515804290771,1.0876616636016445
BH_s34_medium,47,18,47.6,0.019118351861834526,1.1263521431397223
BH_s34_medium,47,19,47.63333333333333,-0.18480533361434937,1.0988990664846907
BH_s34_medium,47,20,47.666666666666664,-0.3515672981739044,1.0159060304733454
BH_s34_medium,47,21,47.7,-0.45352914929389954,0.8919694460732218
BH_s34_medium,47,22,47.733333333333334,-0.5040736198425293,0.740496306947531
BH_s34_medium,47,23,47.766666666666666,-0.4686577022075653,0.5696780764731423
BH_s34_medium,47,24,47.8,-0.4686577022075653,0.38143906924757964
BH_s34_medium,47,25,47.833333333333336,-0.4686577022075653,0.17355198285302723
BH_s34_medium,47,26,47.86666666666667,-0.5005819201469421,-0.05651849213346976
BH_s34_medium,47,27,47.9,-0.5511264204978943,-0.3080854969541884
BH_s34_medium,47,28,47.93333333333333,-0.6016708612442017,-0.57528428218012
BH_s34_medium,47,29,47.96666666666667,-0.6743272542953491,-0.8466792827396531
BH_s34_medium,47,30,48.0,-0.7257446050643921,-1.1057481340527688
BH_s34_medium,47,31,48.03333333333333,-0.48511162400245667,-1.3316782048350932
BH_s34_medium,47,32,48.06666666666667,0.10280169546604156,-1.500448704298987
BH_s34_medium,47,33,48.1,0.8432213664054871,-1.586706478889924
BH_s34_medium,47,34,48.13333333333333,1.3294150829315186,-1.567114776196015
BH_s34_medium,47,35,48.166666666666664,1.3342320919036865,-1.4254224663191417
BH_s34_medium,47,36,48.2,1.0556960105895996,-1.1585076443343376
BH_s34_medium,47,37,48.233333333333334,0.6983930468559265,-0.7814888571119076
BH_s34_medium,47,38,48.266666666666666,0.4653741419315338,-0.3293255363416698
BH_s34_medium,47,39,48.3,0.33344411849975586,0.14715397467218755
BH_s34_medium,47,40,48.333333333333336,0.3026030361652374,0.5909399882957282
BH_s34_medium,47,41,48.36666666666667,0.3540204167366028,0.9517471816075446
BH_s34_medium,47,42,48.4,0.3874802589416504,1.197613351078959
BH_s34_medium,47,43,48.43333333333333,0.3198511600494385,1.3207316610871431
BH_s34_medium,47,44,48.46666666666667,0.1673448532819748,1.3355966838078628
BH_s34_medium,47,45,48.5,-0.036578837782144547,1.2709409193516752
BH_s34_medium,47,46,48.53333333333333,-0.2260366529226303,1.1591520373957163
BH_s34_medium,47,47,48.56666666666667,-0.379415899515152,1.0271335490495497
BH_s34_medium,47,48,48.6,-0.42996034026145935,0.8912539635076987
BH_s34_medium,47,49,48.63333333333333,-0.4686577022075653,0.75703953694655
BH_s34_medium,47,50,48.666666666666664,-0.4686577022075653,0.6225017203753468
BH_s34_medium,47,51,48.7,-0.4686577022075653,0.4828380301168681
BH_s34_medium,47,52,48.733333333333334,-0.5200750827789307,0.33395048912370606
BH_s34_medium,47,53,48.766666666666666,-0.5284305214881897,0.17327567978530503
BH_s34_medium,47,54,48.8,-0.5789749622344971,-0.0013987318774755907
BH_s34_medium,47,55,48.833333333333336,-0.6295194625854492,-0.19277793991629383
BH_s34_medium,47,56,48.86666666666667,-0.6800639033317566,-0.40248823009049295
BH_s34_medium,47,57,48.9,-0.7771620154380798,-0.626957624754092
BH_s34_medium,47,58,48.93333333333333,-0.6069464087486267,-0.8528199806908829
BH_s34_medium,47,59,48.96666666666667,-0.038611024618148804,-1.0548782746852807
BH_s34_medium,47,60,49.0,0.7296572327613831,-1.1987391827213665
BH_s34_medium,47,61,49.03333333333333,1.3336949348449707,-1.248238934302183
BH_s34_medium,47,62,49.06666666666667,1.4327870607376099,-1.175947559545802
BH_s34_medium,47,63,49.1,1.2288633584976196,-0.9738412830638702
BH_s34_medium,47,64,49.13333333333333,0.9233515858650208,-0.6607162543967111
BH_s34_medium,47,65,49.166666666666664,0.6667638421058655,-0.28316920342794194
BH_s34_medium,47,66,49.2,0.5112650394439697,0.09179803794858434
BH_s34_medium,47,67,49.233333333333334,0.46072059869766235,0.3920329567360009
BH_s34_medium,47,68,49.266666666666666,0.4568551778793335,0.5595893497247924
BH_s34_medium,47,69,49.3,0.4110490381717682,0.568065427370778
BH_s34_medium,47,70,49.333333333333336,0.3605045676231384,0.4318633776109093
BH_s34_medium,47,71,49.36666666666667,0.21448242664337158,0.20389132338872998
BH_s34_medium,47,72,49.4,0.010558737441897392,-0.03786803124390402
BH_s34_medium,47,73,49.43333333333333,-0.14194756746292114,-0.21118933804613768
BH_s34_medium,47,74,49.46666666666667,-0.3458712697029114,-0.2525495040097138
BH_s34_medium,47,75,49.5,-0.4578089416027069,-0.13635347128881364
BH_s34_medium,47,76,49.53333333333333,-0.5083534121513367,0.11550751056614049
BH_s34_medium,47,77,49.56666666666667,-0.558897852897644,0.43797821697512446
BH_s34_medium,47,78,49.6,-0.5714924931526184,0.7407662236262201
BH_s34_medium,47,79,49.63333333333333,-0.5714924931526184,0.9344440222855313
BH_s34_medium,47,80,49.666666666666664,-0.6229098439216614,0.9563228415333618
BH_s34_medium,47,81,49.7,-0.6582409739494324,0.7879188015733167
BH_s34_medium,47,82,49.733333333333334,-0.7257446050643921,0.45887574134335984
BH_s34_medium,47,83,49.766666666666666,-0.7771620154380798,0.03708471064743284
BH_s34_medium,47,84,49.8,-0.861291766166687,-0.39036248521002176
BH_s34_medium,47,85,49.833333333333336,-0.9118362069129944,-0.7384560634998408
BH_s34_medium,47,86,49.86666666666667,-0.869481086730957,-0.9422525090004661
BH_s34_medium,47,87,49.9,-0.41225454211235046,-0.968810842569615
BH_s34_medium,47,88,49.93333333333333,0.33069905638694763,-0.8219348715605662
BH_s34_medium,47,89,49.96666666666667,1.089698314666748,-0.5392234736974758
BH_s34_medium,47,90,50.0,1.4098429679870605,-0.18195738412003187
BH_s34_medium,47,91,50.03333333333333,1.2777467966079712,0.17999335060185662
BH_s34_medium,47,92,50.06666666666667,0.9452593326568604,0.4844207598365419
BH_s34_medium,47,93,50.1,0.639373779296875,0.689702228416785
BH_s34_medium,47,94,50.13333333333333,0.4328719973564148,0.7808809223275658
BH_s34_medium,47,95,50.166666666666664,0.3540204167366028,0.7678319394418168
BH_s34_medium,47,96,50.2,0.3540204167366028,0.677386500873578
BH_s34_medium,47,97,50.233333333333334,0.3753848373889923,0.5432449790808014
BH_s34_medium,47,98,50.266666666666666,0.3540204167366028,0.3974209564630595
BH_s34_medium,47,99,50.3,0.26336583495140076,0.2650083388879406
BH_s34_medium,47,100,50.333333333333336,0.059442147612571716,0.16161719098470387
BH_s34_medium,47,101,50.36666666666667,-0.09306415915489197,0.09194412051122115
BH_s34_medium,47,102,50.4,-0.2969878613948822,0.049319134780396436
BH_s34_medium,47,103,50.43333333333333,-0.4333672523498535,0.017514287430588044
BH_s34_medium,47,104,50.46666666666667,-0.4686577022075653,-0.024547972013000872
BH_s34_medium,47,105,50.5,-0.5200750827789307,-0.09652883667997493
BH_s34_medium,47,106,50.53333333333333,-0.5200750827789307,-0.2114479538091361
BH_s34_medium,47,107,50.56666666666667,-0.5200750827789307,-0.3734423664566154
BH_s34_medium,47,108,50.6,-0.5200750827789307,-0.5782225632271204
BH_s34_medium,47,109,50.63333333333333,-0.5714924931526184,-0.8140498122549008
BH_s34_medium,47,110,50.666666666666664,-0.6229098439216614,-1.0612478147061655
BH_s34_medium,47,111,50.7,-0.6834707856178284,-1.290382471783822
BH_s34_medium,47,112,50.733333333333334,-0.7340152859687805,-1.4617262126688406
BH_s34_medium,47,113,50.766666666666666,-0.8285793662071228,-1.5294785406938234
BH_s34_medium,47,114,50.8,-0.6482279300689697,-1.452299662176222
BH_s34_medium,47,115,50.833333333333336,-0.07482457906007767,-1.2077292148798366
BH_s34_medium,47,116,50.86666666666667,0.6493392586708069,-0.80430286190025
BH_s34_medium,47,117,50.9,1.2873454093933105,-0.2846625653311775
BH_s34_medium,47,118,50.93333333333333,1.3279175758361816,0.28311266019318115
BH_s34_medium,47,119,50.96666666666667,1.1166402101516724,0.8228913255265804
BH_s34_medium,47,120,51.0,0.7614974975585938,1.2695453488361206
BH_s34_medium,47,121,51.03333333333333,0.4560263752937317,1.582533104089537
BH_s34_medium,47,122,51.06666666666667,0.3030615448951721,1.7502729277759175
BH_s34_medium,47,123,51.1,0.25118565559387207,1.7859011507795837
BH_s34_medium,47,124,51.13333333333333,0.3026030361652374,1.717705673859463
BH_s34_medium,47,125,51.166666666666664,0.3540204167366028,1.5781690463759017
BH_s34_medium,47,126,51.2,0.3065532147884369,1.3949329835703723
BH_s34_medium,47,127,51.233333333333334,0.15799710154533386,1.1857650237243242
BH_s34_medium,47,128,51.266666666666666,-0.00020523220882751048,0.9581638198477859
BH_s34_medium,47,129,51.3,-0.19843289256095886,0.7128099047487079
BH_s34_medium,47,130,51.333333333333336,-0.358381062746048,0.4489128418856527
BH_s34_medium,47,131,51.36666666666667,-0.4603429138660431,0.16910079531888533
BH_s34_medium,47,132,51.4,-0.5108873844146729,-0.11793277284762242
BH_s34_medium,47,133,51.43333333333333,-0.5200750827789307,-0.39772442025286364
BH_s34_medium,47,134,51.46666666666667,-0.5200750827789307,-0.6529728993856807
BH_s34_medium,47,135,51.5,-0.5200750827789307,-0.868073730231094
BH_s34_medium,47,136,51.53333333333333,-0.5200750827789307,-1.0337632176535427
BH_s34_medium,47,137,51.56666666666667,-0.5714924931526184,-1.1502735829589874
BH_s34_medium,47,138,51.6,-0.6229098439216614,-1.2277160384811046
BH_s34_medium,47,139,51.63333333333333,-0.6743272542953491,-1.2830598441383934
BH_s34_medium,47,140,51.666666666666664,-0.7257446050643921,-1.3339355417184073
BH_s34_medium,47,141,51.7,-0.7771620154380798,-1.3904815065521068
BH_s34_medium,47,142,51.733333333333334,-0.6766604781150818,-1.4474898820241027
BH_s34_medium,47,143,51.766666666666666,-0.1374298483133316,-1.4800359248283605
BH_s34_medium,47,144,51.8,0.6080577373504639,-1.4459995093055948
BH_s34_medium,47,145,51.833333333333336,1.279689908027649,-1.2972615939320726
BH_s34_medium,47,146,51.86666666666667,1.4852027893066406,-0.9975686779656666
BH_s34_medium,47,147,51.9,1.294960379600525,-0.5407764364468313
BH_s34_medium,47,148,51.93333333333333,0.9890747666358948,0.038904907553529336
BH_s34_medium,47,149,51.96666666666667,0.7105793356895447,0.6707072488677688
BH_s34_medium,47,150,52.0,0.5331727862358093,1.2647202878630885
BH_s34_medium,47,151,52.03333333333333,0.4568551778793335,1.7359333850737093
BH_s34_medium,47,152,52.06666666666667,0.4568551778793335,2.0254448239010365
BH_s34_medium,47,153,52.1,0.4568551778793335,2.111751363946425
BH_s34_medium,47,154,52.13333333333333,0.382412314414978,2.0101961218158544
BH_s34_medium,47,155,52.166666666666664,0.2582978904247284,1.763413094679066
BH_s34_medium,47,156,52.2,0.05437420681118965,1.4276556923099777
BH_s34_medium,47,157,52.233333333333334,-0.09813210368156433,1.0594239239140923
BH_s34_medium,47,158,52.266666666666666,-0.2506384253501892,0.7052253856793654
BH_s34_medium,47,159,52.3,-0.38448384404182434,0.3956221721043607
BH_s34_medium,47,160,52.333333333333336,-0.4350282847881317,0.14347701349676362
BH_s34_medium,47,161,52.36666666666667,-0.4686577022075653,-0.05416646588921704
BH_s34_medium,47,162,52.4,-0.4686577022075653,-0.21110838227112438
BH_s34_medium,47,163,52.43333333333333,-0.4838269352912903,-0.34487229637508465
BH_s34_medium,47,164,52.46666666666667,-0.5200750827789307,-0.46958514767767917
BH_s34_medium,47,165,52.5,-0.5714924931526184,-0.5917242882197244
BH_s34_medium,47,166,52.53333333333333,-0.6229098439216614,-0.7105472650014332
BH_s34_medium,47,167,52.56666666666667,-0.6743272542953491,-0.822496995209754
BH_s34_medium,47,168,52.6,-0.7257446050643921,-0.9263579568643442
BH_s34_medium,47,169,52.63333333333333,-0.7870936989784241,-1.0251955589803348
BH_s34_medium,47,170,52.666666666666664,-0.8285793662071228,-1.1229653143174312
BH_s34_medium,47,171,52.7,-0.6848152279853821,-1.2170823316246022
BH_s34_medium,47,172,52.733333333333334,-0.06485825777053833,-1.2911712376871984
BH_s34_medium,47,173,52.766666666666666,0.662627637386322,-1.3129187624292487
BH_s34_medium,47,174,52.8,1.2906675338745117,-1.239904680138703
BH_s34_medium,47,175,52.833333333333336,1.377673864364624,-1.0327592178267717
BH_s34_medium,47,176,52.86666666666667,1.1614134311676025,-0.6717661961646793
BH_s34_medium,47,177,52.9,0.8079317212104797,-0.17100901607050564
BH_s34_medium,47,178,52.93333333333333,0.5555390119552612,0.416117783414954
BH_s34_medium,47,179,52.96666666666667,0.40423527359962463,1.0040061596951677
BH_s34_medium,47,180,53.0,0.3540204167366028,1.4939611595328819
BH_s34_medium,47,181,53.03333333333333,0.3540204167366028,1.7997202215230292
BH_s34_medium,47,182,53.06666666666667,0.3540204167366028,1.8706760061973364
BH_s34_medium,47,183,53.1,0.3048921823501587,1.7048465544395224
BH_s34_medium,47,184,53.13333333333333,0.15467499196529388,1.347987708217203
BH_s34_medium,47,185,53.166666666666664,-0.0018662854563444853,0.880464486939512
BH_s34_medium,47,186,53.2,-0.20175500214099884,0.39677931626031493
BH_s34_medium,47,187,53.233333333333334,-0.3542613089084625,-0.016437757844589257
BH_s34_medium,47,188,53.266666666666666,-0.4620039761066437,-0.2987908565624444
BH_s34_medium,47,189,53.3,-0.5200750827789307,-0.4271696766576716
BH_s34_medium,47,190,53.333333333333336,-0.5200750827789307,-0.41778950535368053
BH_s34_medium,47,191,53.36666666666667,-0.5200750827789307,-0.31933178543541535
BH_s34_medium,47,192,53.4,-0.5613470673561096,-0.1987431231587783
BH_s34_medium,47,193,53.43333333333333,-0.5714924931526184,-0.12277515927296989
BH_s34_medium,47,194,53.46666666666667,-0.6229098439216614,-0.13994076746183545
BH_s34_medium,47,195,53.5,-0.6743272542953491,-0.26787991775151965
BH_s34_medium,47,196,53.53333333333333,-0.7257446050643921,-0.4892450177379632
BH_s34_medium,47,197,53.56666666666667,-0.7771620154380798,-0.756308433595853
BH_s34_medium,47,198,53.6,-0.8646138310432434,-1.002310506383014
BH_s34_medium,47,199,53.63333333333333,-0.8448352217674255,-1.1567052418712669
BH_s34_medium,47,200,53.666666666666664,-0.41717803478240967,-1.1615026462158755
BH_s34_medium,47,201,53.7,0.2614244818687439,-0.9859303278170075
BH_s34_medium,47,202,53.733333333333334,1.0120337009429932,-0.63624042640617
BH_s34_medium,47,203,53.766666666666666,1.3626205921173096,-0.15751799215107368
BH_s34_medium,47,204,53.8,1.2179393768310547,0.37419310500431263
BH_s34_medium,47,205,53.833333333333336,0.8513328433036804,0.8683183393293921
BH_s34_medium,47,206,53.86666666666667,0.472536563873291,1.2405238836699164
BH_s34_medium,47,207,53.9,0.2462466061115265,1.4318926190788737
BH_s34_medium,47,208,53.93333333333333,0.14835089445114136,1.421199606562658
BH_s34_medium,47,209,53.96666666666667,0.2262006402015686,1.227367572112534
BH_s34_medium,47,210,54.0,0.3281624913215637,0.9020627427470572
BH_s34_medium,47,211,54.03333333333333,0.3540204167366028,0.5149578344936631
BH_s34_medium,47,212,54.06666666666667,0.2549757957458496,0.13599264759216143
BH_s34_medium,47,213,54.1,0.05105210095643997,-0.1803397739697411
BH_s34_medium,47,214,54.13333333333333,-0.15287159383296967,-0.40433690128733163
BH_s34_medium,47,215,54.166666666666664,-0.3567952811717987,-0.5319242163424726
BH_s34_medium,47,216,54.2,-0.48897963762283325,-0.5780742171434469
BH_s34_medium,47,217,54.233333333333334,-0.5200750827789307,-0.5666154367134768
BH_s34_medium,47,218,54.266666666666666,-0.5200750827789307,-0.521019629429388
BH_s34_medium,47,219,54.3,-0.5200750827789307,-0.4593399242740739
BH_s34_medium,47,220,54.333333333333336,-0.5200750827789307,-0.39376576540068375
BH_s34_medium,47,221,54.36666666666667,-0.5200750827789307,-0.33293021759271585
BH_s34_medium,47,222,54.4,-0.5714924931526184,-0.28435750851839225
BH_s34_medium,47,223,54.43333333333333,-0.6229098439216614,-0.2549995131650067
BH_s34_medium,47,224,54.46666666666667,-0.6876658201217651,-0.24895817817676927
BH_s34_medium,47,225,54.5,-0.7771620154380798,-0.263182724694344
BH_s34_medium,47,226,54.53333333333333,-0.816986620426178,-0.28385270048217026
BH_s34_medium,47,227,54.56666666666667,-0.5071733593940735,-0.2868648249589944
BH_s34_medium,47,228,54.6,0.17570896446704865,-0.24421380296839224
BH_s34_medium,47,229,54.63333333333333,0.9824297428131104,-0.13472529448692686
BH_s34_medium,47,230,54.666666666666664,1.4418865442276,0.04550716738784969
BH_s34_medium,47,231,54.7,1.412100911140442,0.27823787674040795
BH_s34_medium,47,232,54.733333333333334,1.0998600721359253,0.5262903129260726
BH_s34_medium,47,233,54.766666666666666,0.7489124536514282,0.7433744566480476
BH_s34_medium,47,234,54.8,0.4990537166595459,0.8862735548439655
BH_s34_medium,47,235,54.833333333333336,0.3540204167366028,0.9249994846393692
BH_s34_medium,47,236,54.86666666666667,0.3540204167366028,0.8484143486347997
BH_s34_medium,47,237,54.9,0.3560110926628113,0.665094455094348
BH_s34_medium,47,238,54.93333333333333,0.4043200612068176,0.4004654579695776
BH_s34_medium,47,239,54.96666666666667,0.3023582100868225,0.09165018833471675
BH_s34_medium,48,0,48.0,-0.7257446050643921,-0.1545457458237529
BH_s34_medium,48,1,48.03333333333333,-0.48511162400245667,-0.29524916893533115
BH_s34_medium,48,2,48.06666666666667,0.10280169546604156,-0.4292243343685065
BH_s34_medium,48,3,48.1,0.8432213664054871,-0.5507630962238431
BH_s34_medium,48,4,48.13333333333333,1.3294150829315186,-0.648636083652281
BH_s34_medium,48,5,48.166666666666664,1.3342320919036865,-0.7059185750275853
BH_s34_medium,48,6,48.2,1.0556960105895996,-0.703189971106843
BH_s34_medium,48,7,48.233333333333334,0.6983930468559265,-0.6254993389049556
BH_s34_medium,48,8,48.266666666666666,0.4653741419315338,-0.4705519990940624
BH_s34_medium,48,9,48.3,0.33344411849975586,-0.25342456538354247
BH_s34_medium,48,10,48.333333333333336,0.3026030361652374,-0.004502681201153955
BH_s34_medium,48,11,48.36666666666667,0.3540204167366028,0.2389608988246422
BH_s34_medium,48,12,48.4,0.3874802589416504,0.44408255609454755
BH_s34_medium,48,13,48.43333333333333,0.3198511600494385,0.5916177401007913
BH_s34_medium,48,14,48.46666666666667,0.1673448532819748,0.6795284994742327
BH_s34_medium,48,15,48.5,-0.036578837782144547,0.7197112596615126
BH_s34_medium,48,16,48.53333333333333,-0.2260366529226303,0.7297576472197542
BH_s34_medium,48,17,48.56666666666667,-0.379415899515152,0.7237234474800697
BH_s34_medium,48,18,48.6,-0.42996034026145935,0.7061377756008773
BH_s34_medium,48,19,48.63333333333333,-0.4686577022075653,0.6717787240478088
BH_s34_medium,48,20,48.666666666666664,-0.4686577022075653,0.6108077046878927
BH_s34_medium,48,21,48.7,-0.4686577022075653,0.5160818801110643
BH_s34_medium,48,22,48.733333333333334,-0.5200750827789307,0.38832213175426816
BH_s34_medium,48,23,48.766666666666666,-0.5284305214881897,0.23621759796864483
BH_s34_medium,48,24,48.8,-0.5789749622344971,0.07193916078194927
BH_s34_medium,48,25,48.833333333333336,-0.6295194625854492,-0.0945357531560907
BH_s34_medium,48,26,48.86666666666667,-0.6800639033317566,-0.2585481497379564
BH_s34_medium,48,27,48.9,-0.7771620154380798,-0.4195755701972162
BH_s34_medium,48,28,48.93333333333333,-0.6069464087486267,-0.5766636120875414
BH_s34_medium,48,29,48.96666666666667,-0.038611024618148804,-0.7233061253279168
BH_s34_medium,48,30,49.0,0.7296572327613831,-0.8449250365113801
BH_s34_medium,48,31,49.03333333333333,1.3336949348449707,-0.920805627778563
BH_s34_medium,48,32,49.06666666666667,1.4327870607376099,-0.930144657413109
BH_s34_medium,48,33,49.1,1.2288633584976196,-0.8598858457131938
BH_s34_medium,48,34,49.13333333333333,0.9233515858650208,-0.7111820952883606
BH_s34_medium,48,35,49.166666666666664,0.6667638421058655,-0.5018580771161233
BH_s34_medium,48,36,49.2,0.5112650394439697,-0.2637939320254932
BH_s34_medium,48,37,49.233333333333334,0.46072059869766235,-0.036058254443260475
BH_s34_medium,48,38,49.266666666666666,0.4568551778793335,0.14393629911072878
BH_s34_medium,48,39,49.3,0.4110490381717682,0.24881681486900542
BH_s34_medium,48,40,49.333333333333336,0.3605045676231384,0.2677879935335051
BH_s34_medium,48,41,49.36666666666667,0.21448242664337158,0.21070978588296166
BH_s34_medium,48,42,49.4,0.010558737441897392,0.10854565271078845
BH_s34_medium,48,43,49.43333333333333,-0.14194756746292114,0.00821174047617455
BH_s34_medium,48,44,49.46666666666667,-0.3458712697029114,-0.03937825452239786
BH_s34_medium,48,45,49.5,-0.4578089416027069,0.0038317440933067146
BH_s34_medium,48,46,49.53333333333333,-0.5083534121513367,0.14730686666817042
BH_s34_medium,48,47,49.56666666666667,-0.558897852897644,0.36479484071336166
BH_s34_medium,48,48,49.6,-0.5714924931526184,0.5998752983537737
BH_s34_medium,48,49,49.63333333333333,-0.5714924931526184,0.7824758089567435
BH_s34_medium,48,50,49.666666666666664,-0.6229098439216614,0.8503909570675897
BH_s34_medium,48,51,49.7,-0.6582409739494324,0.7685245279803086
BH_s34_medium,48,52,49.733333333333334,-0.7257446050643921,0.539852806831489
BH_s34_medium,48,53,49.766666666666666,-0.7771620154380798,0.20518637417411886
BH_s34_medium,48,54,49.8,-0.861291766166687,-0.16747396883026258
BH_s34_medium,48,55,49.833333333333336,-0.9118362069129944,-0.5003080730682795
BH_s34_medium,48,56,49.86666666666667,-0.869481086730957,-0.7249147512422158
BH_s34_medium,48,57,49.9,-0.41225454211235046,-0.7986589473990373
BH_s34_medium,48,58,49.93333333333333,0.33069905638694763,-0.7141010185410938
BH_s34_medium,48,59,49.96666666666667,1.089698314666748,-0.498992375349696
BH_s34_medium,48,60,50.0,1.4098429679870605,-0.20684101189270723
BH_s34_medium,48,61,50.03333333333333,1.2777467966079712,0.098973928840125
BH_s34_medium,48,62,50.06666666666667,0.9452593326568604,0.36227237823448777
BH_s34_medium,48,63,50.1,0.639373779296875,0.5467465880187399
BH_s34_medium,48,64,50.13333333333333,0.4328719973564148,0.6407487686197086
BH_s34_medium,48,65,50.166666666666664,0.3540204167366028,0.6540333109403306
BH_s34_medium,48,66,50.2,0.3540204167366028,0.6091602437664363
BH_s34_medium,48,67,50.233333333333334,0.3753848373889923,0.5316652937845268
BH_s34_medium,48,68,50.266666666666666,0.3540204167366028,0.44271297431403106
BH_s34_medium,48,69,50.3,0.26336583495140076,0.35593045038722165
BH_s34_medium,48,70,50.333333333333336,0.059442147612571716,0.2775010933457279
BH_s34_medium,48,71,50.36666666666667,-0.09306415915489197,0.20739673895912944
BH_s34_medium,48,72,50.4,-0.2969878613948822,0.14071865702750275
BH_s34_medium,48,73,50.43333333333333,-0.4333672523498535,0.0695466800453572
BH_s34_medium,48,74,50.46666666666667,-0.4686577022075653,-0.014530229374614113
BH_s34_medium,48,75,50.5,-0.5200750827789307,-0.11818014121781295
BH_s34_medium,48,76,50.53333333333333,-0.5200750827789307,-0.24567007921314774
BH_s34_medium,48,77,50.56666666666667,-0.5200750827789307,-0.3998290271720098
BH_s34_medium,48,78,50.6,-0.5200750827789307,-0.5827379979822976
BH_s34_medium,48,79,50.63333333333333,-0.5714924931526184,-0.7937336056505717
BH_s34_medium,48,80,50.666666666666664,-0.6229098439216614,-1.0243870493902318
BH_s34_medium,48,81,50.7,-0.6834707856178284,-1.2531189152714337
BH_s34_medium,48,82,50.733333333333334,-0.7340152859687805,-1.4435247632448351
BH_s34_medium,48,83,50.766666666666666,-0.8285793662071228,-1.5493339723660888
BH_s34_medium,48,84,50.8,-0.6482279300689697,-1.525807292679208
BH_s34_medium,48,85,50.833333333333336,-0.07482457906007767,-1.3439888994715037
BH_s34_medium,48,86,50.86666666666667,0.6493392586708069,-1.0023717866978474
BH_s34_medium,48,87,50.9,1.2873454093933105,-0.5311191033757885
BH_s34_medium,48,88,50.93333333333333,1.3279175758361816,0.01323062731670634
BH_s34_medium,48,89,50.96666666666667,1.1166402101516724,0.5609659444430647
BH_s34_medium,48,90,51.0,0.7614974975585938,1.0457723100823386
BH_s34_medium,48,91,51.03333333333333,0.4560263752937317,1.4191208510806783
BH_s34_medium,48,92,51.06666666666667,0.3030615448951721,1.6581370365644224
BH_s34_medium,48,93,51.1,0.25118565559387207,1.765286698181386
BH_s34_medium,48,94,51.13333333333333,0.3026030361652374,1.7611561176478787
BH_s34_medium,48,95,51.166666666666664,0.3540204167366028,1.673808239134198
BH_s34_medium,48,96,51.2,0.3065532147884369,1.528980645739994
BH_s34_medium,48,97,51.233333333333334,0.15799710154533386,1.3443933047458976
BH_s34_medium,48,98,51.266666666666666,-0.00020523220882751048,1.1290869198905695
BH_s34_medium,48,99,51.3,-0.19843289256095886,0.8864863767164202
BH_s34_medium,48,100,51.333333333333336,-0.358381062746048,0.6189958754560755
BH_s34_medium,48,101,51.36666666666667,-0.4603429138660431,0.33218364745319706
BH_s34_medium,48,102,51.4,-0.5108873844146729,0.037206771814631195
BH_s34_medium,48,103,51.43333333333333,-0.5200750827789307,-0.24932712496776205
BH_s34_medium,48,104,51.46666666666667,-0.5200750827789307,-0.5083103272233753
BH_s34_medium,48,105,51.5,-0.5200750827789307,-0.7232925189793084
BH_s34_medium,48,106,51.53333333333333,-0.5200750827789307,-0.8861074730495713
BH_s34_medium,48,107,51.56666666666667,-0.5714924931526184,-1.0005718958187635
BH_s34_medium,48,108,51.6,-0.6229098439216614,-1.0823092699778103
BH_s34_medium,48,109,51.63333333333333,-0.6743272542953491,-1.1539874144732507
BH_s34_medium,48,110,51.666666666666664,-0.7257446050643921,-1.2366936889095945
BH_s34_medium,48,111,51.7,-0.7771620154380798,-1.3397014093667357
BH_s34_medium,48,112,51.733333333333334,-0.6766604781150818,-1.4522610738449773
BH_s34_medium,48,113,51.766666666666666,-0.1374298483133316,-1.5413449630462164
BH_s34_medium,48,114,51.8,0.6080577373504639,-1.5577608731640946
BH_s34_medium,48,115,51.833333333333336,1.279689908027649,-1.4501409794024869
BH_s34_medium,48,116,51.86666666666667,1.4852027893066406,-1.1830836431864125
BH_s34_medium,48,117,51.9,1.294960379600525,-0.7532598459771305
BH_s34_medium,48,118,51.93333333333333,0.9890747666358948,-0.19675923504798815
BH_s34_medium,48,119,51.96666666666667,0.7105793356895447,0.41646150449247166
BH_s34_medium,48,120,52.0,0.5331727862358093,0.9998037189613659
BH_s34_medium,48,121,52.03333333333333,0.4568551778793335,1.4725702589194716
BH_s34_medium,48,122,52.06666666666667,0.4568551778793335,1.779630136083935
BH_s34_medium,48,123,52.1,0.4568551778793335,1.9019055086039791
BH_s34_medium,48,124,52.13333333333333,0.382412314414978,1.855542500405208
BH_s34_medium,48,125,52.166666666666664,0.2582978904247284,1.6819134788624883
BH_s34_medium,48,126,52.2,0.05437420681118965,1.433208508689696
BH_s34_medium,48,127,52.233333333333334,-0.09813210368156433,1.1586302031309132
BH_s34_medium,48,128,52.266666666666666,-0.2506384253501892,0.8946004510075056
BH_s34_medium,48,129,52.3,-0.38448384404182434,0.6602697072698805
BH_s34_medium,48,130,52.333333333333336,-0.4350282847881317,0.4581216072430597
BH_s34_medium,48,131,52.36666666666667,-0.4686577022075653,0.2786107354674171
BH_s34_medium,48,132,52.4,-0.4686577022075653,0.10713192014698497
BH_s34_medium,48,133,52.43333333333333,-0.4838269352912903,-0.0688510163612944
BH_s34_medium,48,134,52.46666666666667,-0.5200750827789307,-0.25474909648282956
BH_s34_medium,48,135,52.5,-0.5714924931526184,-0.44748785760166016
BH_s34_medium,48,136,52.53333333333333,-0.6229098439216614,-0.6381254799466649
BH_s34_medium,48,137,52.56666666666667,-0.6743272542953491,-0.8169806824899545
BH_s34_medium,48,138,52.6,-0.7257446050643921,-0.9783944555192203
BH_s34_medium,48,139,52.63333333333333,-0.7870936989784241,-1.1222390700488292
BH_s34_medium,48,140,52.666666666666664,-0.8285793662071228,-1.251032041763426
BH_s34_medium,48,141,52.7,-0.6848152279853821,-1.3638951668659112
BH_s34_medium,48,142,52.733333333333334,-0.06485825777053833,-1.4502304234495724
BH_s34_medium,48,143,52.766666666666666,0.662627637386322,-1.4864804101163598
BH_s34_medium,48,144,52.8,1.2906675338745117,-1.4387318636838011
BH_s34_medium,48,145,52.833333333333336,1.377673864364624,-1.2719748805659892
BH_s34_medium,48,146,52.86666666666667,1.1614134311676025,-0.9637952364961174
BH_s34_medium,48,147,52.9,0.8079317212104797,-0.5175165354561414
BH_s34_medium,48,148,52.93333333333333,0.5555390119552612,0.031052413644553627
BH_s34_medium,48,149,52.96666666666667,0.40423527359962463,0.6172201521979382
BH_s34_medium,48,150,53.0,0.3540204167366028,1.161170625121407
BH_s34_medium,48,151,53.03333333333333,0.3540204167366028,1.5872737553361562
BH_s34_medium,48,152,53.06666666666667,0.3540204167366028,1.8419991987775002
BH_s34_medium,48,153,53.1,0.3048921823501587,1.9045049968151926
BH_s34_medium,48,154,53.13333333333333,0.15467499196529388,1.7877775907730344
BH_s34_medium,48,155,53.166666666666664,-0.0018662854563444853,1.5320619319392135
BH_s34_medium,48,156,53.2,-0.20175500214099884,1.1938696643596431
BH_s34_medium,48,157,53.233333333333334,-0.3542613089084625,0.8333663115999703
BH_s34_medium,48,158,53.266666666666666,-0.4620039761066437,0.5020424922751834
BH_s34_medium,48,159,53.3,-0.5200750827789307,0.23246037483193582
BH_s34_medium,48,160,53.333333333333336,-0.5200750827789307,0.03249404057342371
BH_s34_medium,48,161,53.36666666666667,-0.5200750827789307,-0.11363261243109472
BH_s34_medium,48,162,53.4,-0.5613470673561096,-0.23719494795334786
BH_s34_medium,48,163,53.43333333333333,-0.5714924931526184,-0.3723281232289066
BH_s34_medium,48,164,53.46666666666667,-0.6229098439216614,-0.5435067225099504
BH_s34_medium,48,165,53.5,-0.6743272542953491,-0.7573705529676761
BH_s34_medium,48,166,53.53333333333333,-0.7257446050643921,-1.0005082151493798
BH_s34_medium,48,167,53.56666666666667,-0.7771620154380798,-1.242111469722138
BH_s34_medium,48,168,53.6,-0.8646138310432434,-1.4396126102113935
BH_s34_medium,48,169,53.63333333333333,-0.8448352217674255,-1.5462390793162728
BH_s34_medium,48,170,53.666666666666664,-0.41717803478240967,-1.5203176979501325
BH_s34_medium,48,171,53.7,0.2614244818687439,-1.3357989139020254
BH_s34_medium,48,172,53.733333333333334,1.0120337009429932,-0.9917872216477144
BH_s34_medium,48,173,53.766666666666666,1.3626205921173096,-0.5175838022850165
BH_s34_medium,48,174,53.8,1.2179393768310547,0.029533397443995593
BH_s34_medium,48,175,53.833333333333336,0.8513328433036804,0.574289272739341
BH_s34_medium,48,176,53.86666666666667,0.472536563873291,1.0391231431807422
BH_s34_medium,48,177,53.9,0.2462466061115265,1.361561064291603
BH_s34_medium,48,178,53.93333333333333,0.14835089445114136,1.5081453441323134
BH_s34_medium,48,179,53.96666666666667,0.2262006402015686,1.4805563391539076
BH_s34_medium,48,180,54.0,0.3281624913215637,1.3121829349353056
BH_s34_medium,48,181,54.03333333333333,0.3540204167366028,1.05662321770812
BH_s34_medium,48,182,54.06666666666667,0.2549757957458496,0.7719628689771558
BH_s34_medium,48,183,54.1,0.05105210095643997,0.5057720715959656
BH_s34_medium,48,184,54.13333333333333,-0.15287159383296967,0.28553061535562574
BH_s34_medium,48,185,54.166666666666664,-0.3567952811717987,0.11721730369606108
BH_s34_medium,48,186,54.2,-0.48897963762283325,-0.008679832799840477
BH_s34_medium,48,187,54.233333333333334,-0.5200750827789307,-0.10769261556401155
BH_s34_medium,48,188,54.266666666666666,-0.5200750827789307,-0.19344569112613527
BH_s34_medium,48,189,54.3,-0.5200750827789307,-0.27459692922333123
BH_s34_medium,48,190,54.333333333333336,-0.5200750827789307,-0.3565524942550663
BH_s34_medium,48,191,54.36666666666667,-0.5200750827789307,-0.4449203073223726
BH_s34_medium,48,192,54.4,-0.5714924931526184,-0.5470163411356198
BH_s34_medium,48,193,54.43333333333333,-0.6229098439216614,-0.6693713137306834
BH_s34_medium,48,194,54.46666666666667,-0.6876658201217651,-0.8119167602873762
BH_s34_medium,48,195,54.5,-0.7771620154380798,-0.9620346259540942
BH_s34_medium,48,196,54.53333333333333,-0.816986620426178,-1.0926532047079942
BH_s34_medium,48,197,54.56666666666667,-0.5071733593940735,-1.167016889342751
BH_s34_medium,48,198,54.6,0.17570896446704865,-1.1490426295848448
BH_s34_medium,48,199,54.63333333333333,0.9824297428131104,-1.0148664444196107
BH_s34_medium,48,200,54.666666666666664,1.4418865442276,-0.7606918847622217
BH_s34_medium,48,201,54.7,1.412100911140442,-0.40435235606651637
BH_s34_medium,48,202,54.733333333333334,1.0998600721359253,0.018704010078471386
BH_s34_medium,48,203,54.766666666666666,0.7489124536514282,0.46227007082846944
BH_s34_medium,48,204,54.8,0.4990537166595459,0.876696448730269
BH_s34_medium,48,205,54.833333333333336,0.3540204167366028,1.2158575335162733
BH_s34_medium,48,206,54.86666666666667,0.3540204167366028,1.4438537761165442
BH_s34_medium,48,207,54.9,0.3560110926628113,1.5410088762602632
BH_s34_medium,48,208,54.93333333333333,0.4043200612068176,1.5074176388110745
BH_s34_medium,48,209,54.96666666666667,0.3023582100868225,1.361975631652143
BH_s34_medium,48,210,55.0,0.14960706233978271,1.1365016193454593
BH_s34_medium,48,211,55.03333333333333,-0.05581763759255409,0.8669972228751761
BH_s34_medium,48,212,55.06666666666667,-0.25824034214019775,0.5853781565360524
BH_s34_medium,48,213,55.1,-0.4139934778213501,0.31450842087209996
BH_s34_medium,48,214,55.13333333333333,-0.4686577022075653,0.06753040935477404
BH_s34_medium,48,215,55.166666666666664,-0.5200750827789307,-0.1496523226606938
BH_s34_medium,48,216,55.2,-0.5200750827789307,-0.33518303126534743
BH_s34_medium,48,217,55.233333333333334,-0.5200750827789307,-0.48952630016253795
BH_s34_medium,48,218,55.266666666666666,-0.5200750827789307,-0.6156988787013041
BH_s34_medium,48,219,55.3,-0.5714924931526184,-0.720056572185297
BH_s34_medium,48,220,55.333333333333336,-0.6135525703430176,-0.8115080495131501
BH_s34_medium,48,221,55.36666666666667,-0.6640970706939697,-0.898004319394326
BH_s34_medium,48,222,55.4,-0.7146415114402771,-0.9812694856607377
BH_s34_medium,48,223,55.43333333333333,-0.7771620154380798,-1.0524251362077843
BH_s34_medium,48,224,55.46666666666667,-0.8285793662071228,-1.0911586127764656
BH_s34_medium,48,225,55.5,-0.6640754342079163,-1.0696427891593332
BH_s34_medium,48,226,55.53333333333333,-0.09346990287303925,-0.9605323885949071
BH_s34_medium,48,227,55.56666666666667,0.7289850115776062,-0.746798773551372
BH_s34_medium,48,228,55.6,1.403499722480774,-0.4303077687970527
BH_s34_medium,48,229,55.63333333333333,1.5366202592849731,-0.03593485230028477
BH_s34_medium,48,230,55.666666666666664,1.3337926864624023,0.39118454766396826
BH_s34_medium,48,231,55.7,0.9954490661621094,0.7953525016749237
BH_s34_medium,48,232,55.733333333333334,0.7536066770553589,1.1236165604849648
BH_s34_medium,48,233,55.766666666666666,0.5803951621055603,1.337344827880651
BH_s34_medium,48,234,55.8,0.5082725882530212,1.4180315552237428
BH_s34_medium,48,235,55.833333333333336,0.5082725882530212,1.3666500121339427
BH_s34_medium,48,236,55.86666666666667,0.4568551778793335,1.198743911997219
BH_s34_medium,48,237,55.9,0.37821727991104126,0.9384038262343234
BH_s34_medium,48,238,55.93333333333333,0.24990785121917725,0.6133697060687985
BH_s34_medium,48,239,55.96666666666667,0.04598415642976761,0.2521197021615706
BH_s34_medium,49,0,49.0,0.7296572327613831,-0.08587819142762186
BH_s34_medium,49,1,49.03333333333333,1.3336949348449707,-0.26311914021370786
BH_s34_medium,49,2,49.06666666666667,1.4327870607376099,-0.39314715625489083
BH_s34_medium,49,3,49.1,1.2288633584976196,-0.44581020483489764
BH_s34_medium,49,4,49.13333333333333,0.9233515858650208,-0.41855566563675833
BH_s34_medium,49,5,49.166666666666664,0.6667638421058655,-0.3390674226962602
BH_s34_medium,49,6,49.2,0.5112650394439697,-0.25717079618348077
BH_s34_medium,49,7,49.233333333333334,0.46072059869766235,-0.22815770727697798
BH_s34_medium,49,8,49.266666666666666,0.4568551778793335,-0.2932028749690465
BH_s34_medium,49,9,49.3,0.4110490381717682,-0.4637244627931755
BH_s34_medium,49,10,49.333333333333336,0.3605045676231384,-0.714774138889033
BH_s34_medium,49,11,49.36666666666667,0.21448242664337158,-0.9891977385650123
BH_s34_medium,49,12,49.4,0.010558737441897392,-1.211228531022164
BH_s34_medium,49,13,49.43333333333333,-0.14194756746292114,-1.3060793072471013
BH_s34_medium,49,14,49.46666666666667,-0.3458712697029114,-1.2208749536219548
BH_s34_medium,49,15,49.5,-0.4578089416027069,-0.9415928164672996
BH_s34_medium,49,16,49.53333333333333,-0.5083534121513367,-0.5007136712291032
BH_s34_medium,49,17,49.56666666666667,-0.558897852897644,0.027975222600530734
BH_s34_medium,49,18,49.6,-0.5714924931526184,0.5470942040657574
BH_s34_medium,49,19,49.63333333333333,-0.5714924931526184,0.9609225506713216
BH_s34_medium,49,20,49.666666666666664,-0.6229098439216614,1.2000747313587685
BH_s34_medium,49,21,49.7,-0.6582409739494324,1.237688614945832
BH_s34_medium,49,22,49.733333333333334,-0.7257446050643921,1.09288016791734
BH_s34_medium,49,23,49.766666666666666,-0.7771620154380798,0.8220996686624721
BH_s34_medium,49,24,49.8,-0.861291766166687,0.5024855909750809
BH_s34_medium,49,25,49.833333333333336,-0.9118362069129944,0.21241084929368192
BH_s34_medium,49,26,49.86666666666667,-0.869481086730957,0.013725099245624667
BH_s34_medium,49,27,49.9,-0.41225454211235046,-0.06090827155326704
BH_s34_medium,49,28,49.93333333333333,0.33069905638694763,-0.012949754593151798
BH_s34_medium,49,29,49.96666666666667,1.089698314666748,0.12610231117180623
BH_s34_medium,49,30,50.0,1.4098429679870605,0.3064593471683027
BH_s34_medium,49,31,50.03333333333333,1.2777467966079712,0.47526783104072395
BH_s34_medium,49,32,50.06666666666667,0.9452593326568604,0.5899958249832795
BH_s34_medium,49,33,50.1,0.639373779296875,0.626158404254774
BH_s34_medium,49,34,50.13333333333333,0.4328719973564148,0.578906906469853
BH_s34_medium,49,35,50.166666666666664,0.3540204167366028,0.4605347149204863
BH_s34_medium,49,36,50.2,0.3540204167366028,0.29586851054207636
BH_s34_medium,49,37,50.233333333333334,0.3753848373889923,0.11629929643893352
BH_s34_medium,49,38,50.266666666666666,0.3540204167366028,-0.04704740535148191
BH_s34_medium,49,39,50.3,0.26336583495140076,-0.16995873043248483
BH_s34_medium,49,40,50.333333333333336,0.059442147612571716,-0.24026593403260307
BH_s34_medium,49,41,50.36666666666667,-0.09306415915489197,-0.2602843282799876
BH_s34_medium,49,42,50.4,-0.2969878613948822,-0.2458186019418477
BH_s34_medium,49,43,50.43333333333333,-0.4333672523498535,-0.22179903476131946
BH_s34_medium,49,44,50.46666666666667,-0.4686577022075653,-0.2157408027734645
BH_s34_medium,49,45,50.5,-0.5200750827789307,-0.25105806255452495
BH_s34_medium,49,46,50.53333333333333,-0.5200750827789307,-0.34218502288424146
BH_s34_medium,49,47,50.56666666666667,-0.5200750827789307,-0.49237044397138235
BH_s34_medium,49,48,50.6,-0.5200750827789307,-0.693503952413905
BH_s34_medium,49,49,50.63333333333333,-0.5714924931526184,-0.926542847516605
BH_s34_medium,49,50,50.666666666666664,-0.6229098439216614,-1.1617570037649612
BH_s34_medium,49,51,50.7,-0.6834707856178284,-1.3595673682405232
BH_s34_medium,49,52,50.733333333333334,-0.7340152859687805,-1.4739680740637138
BH_s34_medium,49,53,50.766666666666666,-0.8285793662071228,-1.4602315418791032
BH_s34_medium,49,54,50.8,-0.6482279300689697,-1.2865096068601203
BH_s34_medium,49,55,50.833333333333336,-0.07482457906007767,-0.9461237129122022
BH_s34_medium,49,56,50.86666666666667,0.6493392586708069,-0.4654846996255964
BH_s34_medium,49,57,50.9,1.2873454093933105,0.09694306156069217
BH_s34_medium,49,58,50.93333333333333,1.3279175758361816,0.6621578820285564
BH_s34_medium,49,59,50.96666666666667,1.1166402101516724,1.1497743742762268
BH_s34_medium,49,60,51.0,0.7614974975585938,1.4984014235309153
BH_s34_medium,49,61,51.03333333333333,0.4560263752937317,1.679978345426623
BH_s34_medium,49,62,51.06666666666667,0.3030615448951721,1.7032848022178666
BH_s34_medium,49,63,51.1,0.25118565559387207,1.606234134463842
BH_s34_medium,49,64,51.13333333333333,0.3026030361652374,1.4406349831305025
BH_s34_medium,49,65,51.166666666666664,0.3540204167366028,1.255261751772251
BH_s34_medium,49,66,51.2,0.3065532147884369,1.082780265230622
BH_s34_medium,49,67,51.233333333333334,0.15799710154533386,0.9339585491745056
BH_s34_medium,49,68,51.266666666666666,-0.00020523220882751048,0.7998040088538894
BH_s34_medium,49,69,51.3,-0.19843289256095886,0.6597829680207146
BH_s34_medium,49,70,51.333333333333336,-0.358381062746048,0.4927139858946944
BH_s34_medium,49,71,51.36666666666667,-0.4603429138660431,0.28652154449528006
BH_s34_medium,49,72,51.4,-0.5108873844146729,0.043732225207119314
BH_s34_medium,49,73,51.43333333333333,-0.5200750827789307,-0.2188634417032133
BH_s34_medium,49,74,51.46666666666667,-0.5200750827789307,-0.47598130701893215
BH_s34_medium,49,75,51.5,-0.5200750827789307,-0.7027665941327609
BH_s34_medium,49,76,51.53333333333333,-0.5200750827789307,-0.8834274083686872
BH_s34_medium,49,77,51.56666666666667,-0.5714924931526184,-1.0162663512328196
BH_s34_medium,49,78,51.6,-0.6229098439216614,-1.1132622764686515
BH_s34_medium,49,79,51.63333333333333,-0.6743272542953491,-1.1942950504850849
BH_s34_medium,49,80,51.666666666666664,-0.7257446050643921,-1.2776786473725876
BH_s34_medium,49,81,51.7,-0.7771620154380798,-1.3698901834195578
BH_s34_medium,49,82,51.733333333333334,-0.6766604781150818,-1.4582796180293878
BH_s34_medium,49,83,51.766666666666666,-0.1374298483133316,-1.5103336324137715
BH_s34_medium,49,84,51.8,0.6080577373504639,-1.4811483939194117
BH_s34_medium,49,85,51.833333333333336,1.279689908027649,-1.3277511569968625
BH_s34_medium,49,86,51.86666666666667,1.4852027893066406,-1.0259941262402439
BH_s34_medium,49,87,51.9,1.294960379600525,-0.5838849058679793
BH_s34_medium,49,88,51.93333333333333,0.9890747666358948,-0.04534782718693062
BH_s34_medium,49,89,51.96666666666667,0.7105793356895447,0.5184751442688139
BH_s34_medium,49,90,52.0,0.5331727862358093,1.0277781592659532
BH_s34_medium,49,91,52.03333333333333,0.4568551778793335,1.415363636325009
BH_s34_medium,49,92,52.06666666666667,0.4568551778793335,1.6428859035819119
BH_s34_medium,49,93,52.1,0.4568551778793335,1.7071394130035225
BH_s34_medium,49,94,52.13333333333333,0.382412314414978,1.6355367802597092
BH_s34_medium,49,95,52.166666666666664,0.2582978904247284,1.4736353820425365
BH_s34_medium,49,96,52.2,0.05437420681118965,1.2698822952659377
BH_s34_medium,49,97,52.233333333333334,-0.09813210368156433,1.0629096908718472
BH_s34_medium,49,98,52.266666666666666,-0.2506384253501892,0.8747860708454853
BH_s34_medium,49,99,52.3,-0.38448384404182434,0.7108061069896029
BH_s34_medium,49,100,52.333333333333336,-0.4350282847881317,0.5641094188526273
BH_s34_medium,49,101,52.36666666666667,-0.4686577022075653,0.4224016985889662
BH_s34_medium,49,102,52.4,-0.4686577022075653,0.2742838781108966
BH_s34_medium,49,103,52.43333333333333,-0.4838269352912903,0.11355909870484208
BH_s34_medium,49,104,52.46666666666667,-0.5200750827789307,-0.05924513471667987
BH_s34_medium,49,105,52.5,-0.5714924931526184,-0.23816086800413738
BH_s34_medium,49,106,52.53333333333333,-0.6229098439216614,-0.4151583108671874
BH_s34_medium,49,107,52.56666666666667,-0.6743272542953491,-0.5841927140040667
BH_s34_medium,49,108,52.6,-0.7257446050643921,-0.7440364820792791
BH_s34_medium,49,109,52.63333333333333,-0.7870936989784241,-0.8982665236036629
BH_s34_medium,49,110,52.666666666666664,-0.8285793662071228,-1.051903958730035
BH_s34_medium,49,111,52.7,-0.6848152279853821,-1.2056558556674009
BH_s34_medium,49,112,52.733333333333334,-0.06485825777053833,-1.3498373056032045
BH_s34_medium,49,113,52.766666666666666,0.662627637386322,-1.4607372251706436
BH_s34_medium,49,114,52.8,1.2906675338745117,-1.5022431809469503
BH_s34_medium,49,115,52.833333333333336,1.377673864364624,-1.434192638683672
BH_s34_medium,49,116,52.86666666666667,1.1614134311676025,-1.225985603818001
BH_s34_medium,49,117,52.9,0.8079317212104797,-0.870880476416914
BH_s34_medium,49,118,52.93333333333333,0.5555390119552612,-0.3949846270733453
BH_s34_medium,49,119,52.96666666666667,0.40423527359962463,0.14374635368657868
BH_s34_medium,49,120,53.0,0.3540204167366028,0.6674638360734512
BH_s34_medium,49,121,53.03333333333333,0.3540204167366028,1.097796416937439
BH_s34_medium,49,122,53.06666666666667,0.3540204167366028,1.3759489324198146
BH_s34_medium,49,123,53.1,0.3048921823501587,1.4766482536275831
BH_s34_medium,49,124,53.13333333333333,0.15467499196529388,1.4119259914228859
BH_s34_medium,49,125,53.166666666666664,-0.0018662854563444853,1.2248108683119618
BH_s34_medium,49,126,53.2,-0.20175500214099884,0.9760727609734045
BH_s34_medium,49,127,53.233333333333334,-0.3542613089084625,0.7282813506459449
BH_s34_medium,49,128,53.266666666666666,-0.4620039761066437,0.5309589302798857
BH_s34_medium,49,129,53.3,-0.5200750827789307,0.40966979846194745
BH_s34_medium,49,130,53.333333333333336,-0.5200750827789307,0.3612771250194532
BH_s34_medium,49,131,53.36666666666667,-0.5200750827789307,0.3568063484854321
BH_s34_medium,49,132,53.4,-0.5613470673561096,0.35163496337040345
BH_s34_medium,49,133,53.43333333333333,-0.5714924931526184,0.30029672385743794
BH_s34_medium,49,134,53.46666666666667,-0.6229098439216614,0.17117446818965495
BH_s34_medium,49,135,53.5,-0.6743272542953491,-0.04365343016597206
BH_s34_medium,49,136,53.53333333333333,-0.7257446050643921,-0.3257398615367334
BH_s34_medium,49,137,53.56666666666667,-0.7771620154380798,-0.6342700653783246
BH_s34_medium,49,138,53.6,-0.8646138310432434,-0.9149793188908718
BH_s34_medium,49,139,53.63333333333333,-0.8448352217674255,-1.1121446923202563
BH_s34_medium,49,140,53.666666666666664,-0.41717803478240967,-1.181623443111219
BH_s34_medium,49,141,53.7,0.2614244818687439,-1.1023059626223668
BH_s34_medium,49,142,53.733333333333334,1.0120337009429932,-0.8828798459628673
BH_s34_medium,49,143,53.766666666666666,1.3626205921173096,-0.5613765510980203
BH_s34_medium,49,144,53.8,1.2179393768310547,-0.19698368903500849
BH_s34_medium,49,145,53.833333333333336,0.8513328433036804,0.1438074346215345
BH_s34_medium,49,146,53.86666666666667,0.472536563873291,0.40279130738821217
BH_s34_medium,49,147,53.9,0.2462466061115265,0.5430794114725201
BH_s34_medium,49,148,53.93333333333333,0.14835089445114136,0.55638130393616
BH_s34_medium,49,149,53.96666666666667,0.2262006402015686,0.4631174253951961
BH_s34_medium,49,150,54.0,0.3281624913215637,0.3056111411787707
BH_s34_medium,49,151,54.03333333333333,0.3540204167366028,0.13611522747510862
BH_s34_medium,49,152,54.06666666666667,0.2549757957458496,0.002834332873978957
BH_s34_medium,49,153,54.1,0.05105210095643997,-0.06208826981609389
BH_s34_medium,49,154,54.13333333333333,-0.15287159383296967,-0.04907916238269411
BH_s34_medium,49,155,54.166666666666664,-0.3567952811717987,0.029536309861510342
BH_s34_medium,49,156,54.2,-0.48897963762283325,0.14628545480388383
BH_s34_medium,49,157,54.233333333333334,-0.5200750827789307,0.26793977946478853
BH_s34_medium,49,158,54.266666666666666,-0.5200750827789307,0.3635271294270824
BH_s34_medium,49,159,54.3,-0.5200750827789307,0.40857582373722684
BH_s34_medium,49,160,54.333333333333336,-0.5200750827789307,0.3861368035881126
BH_s34_medium,49,161,54.36666666666667,-0.5200750827789307,0.28710203671786627
BH_s34_medium,49,162,54.4,-0.5714924931526184,0.11179796063644944
BH_s34_medium,49,163,54.43333333333333,-0.6229098439216614,-0.1272551066866566
BH_s34_medium,49,164,54.46666666666667,-0.6876658201217651,-0.4032678220882981
BH_s34_medium,49,165,54.5,-0.7771620154380798,-0.6761164599756581
BH_s34_medium,49,166,54.53333333333333,-0.816986620426178,-0.8977533635744807
BH_s34_medium,49,167,54.56666666666667,-0.5071733593940735,-1.0217088212084582
BH_s34_medium,49,168,54.6,0.17570896446704865,-1.014247401641852
BH_s34_medium,49,169,54.63333333333333,0.9824297428131104,-0.8636240895873412
BH_s34_medium,49,170,54.666666666666664,1.4418865442276,-0.5843713731234225
BH_s34_medium,49,171,54.7,1.412100911140442,-0.21515966907167813
BH_s34_medium,49,172,54.733333333333334,1.0998600721359253,0.1893398808824225
BH_s34_medium,49,173,54.766666666666666,0.7489124536514282,0.5703806541676947
BH_s34_medium,49,174,54.8,0.4990537166595459,0.8773679048266647
BH_s34_medium,49,175,54.833333333333336,0.3540204167366028,1.0770076853473196
BH_s34_medium,49,176,54.86666666666667,0.3540204167366028,1.1576670169053411
BH_s34_medium,49,177,54.9,0.3560110926628113,1.1289925884715535
BH_s34_medium,49,178,54.93333333333333,0.4043200612068176,1.0174190322086158
BH_s34_medium,49,179,54.96666666666667,0.3023582100868225,0.8583061444428302
BH_s34_medium,49,180,55.0,0.14960706233978271,0.686169512352969
BH_s34_medium,49,181,55.03333333333333,-0.05581763759255409,0.5255739631079306
BH_s34_medium,49,182,55.06666666666667,-0.25824034214019775,0.3857342417342951
BH_s34_medium,49,183,55.1,-0.4139934778213501,0.2608647617874835
BH_s34_medium,49,184,55.13333333333333,-0.4686577022075653,0.13590428984227584
BH_s34_medium,49,185,55.166666666666664,-0.5200750827789307,-0.0051781534654060605
BH_s34_medium,49,186,55.2,-0.5200750827789307,-0.17218263848926216
BH_s34_medium,49,187,55.233333333333334,-0.5200750827789307,-0.3652741933029484
BH_s34_medium,49,188,55.266666666666666,-0.5200750827789307,-0.5758832260620347
BH_s34_medium,49,189,55.3,-0.5714924931526184,-0.7903494930482554
BH_s34_medium,49,190,55.333333333333336,-0.6135525703430176,-0.9938781027273766
BH_s34_medium,49,191,55.36666666666667,-0.6640970706939697,-1.1728573996252065
BH_s34_medium,49,192,55.4,-0.7146415114402771,-1.3148898833835567
BH_s34_medium,49,193,55.43333333333333,-0.7771620154380798,-1.4072505882270552
BH_s34_medium,49,194,55.46666666666667,-0.8285793662071228,-1.4353055043315677
BH_s34_medium,49,195,55.5,-0.6640754342079163,-1.382526932264807
BH_s34_medium,49,196,55.53333333333333,-0.09346990287303925,-1.2331858622089602
BH_s34_medium,49,197,55.56666666666667,0.7289850115776062,-0.9776034186738695
BH_s34_medium,49,198,55.6,1.403499722480774,-0.618314675362562
BH_s34_medium,49,199,55.63333333333333,1.5366202592849731,-0.17447952577818465
BH_s34_medium,49,200,55.666666666666664,1.3337926864624023,0.3178794673071636
BH_s34_medium,49,201,55.7,0.9954490661621094,0.8106887259819527
BH_s34_medium,49,202,55.733333333333334,0.7536066770553589,1.2524147729170432
BH_s34_medium,49,203,55.766666666666666,0.5803951621055603,1.5976093297026002
BH_s34_medium,49,204,55.8,0.5082725882530212,1.814494745180283
BH_s34_medium,49,205,55.833333333333336,0.5082725882530212,1.8888977063791357
BH_s34_medium,49,206,55.86666666666667,0.4568551778793335,1.8244972178224041
BH_s34_medium,49,207,55.9,0.37821727991104126,1.6404052382736647
BH_s34_medium,49,208,55.93333333333333,0.24990785121917725,1.3670872781325614
BH_s34_medium,49,209,55.96666666666667,0.04598415642976761,1.0411861720628612
BH_s34_medium,49,210,56.0,-0.10652215033769608,0.6997198057989764
BH_s34_medium,49,211,56.03333333333333,-0.2867169976234436,0.37435526487797827
BH_s34_medium,49,212,56.06666666666667,-0.3886788487434387,0.08665536139028705
BH_s34_medium,49,213,56.1,-0.4686577022075653,-0.15472309396873707
BH_s34_medium,49,214,56.13333333333333,-0.5200750827789307,-0.3539864435290696
BH_s34_medium,49,215,56.166666666666664,-0.5200750827789307,-0.5249959455753298
BH_s34_medium,49,216,56.2,-0.5200750827789307,-0.6856531729190826
BH_s34_medium,49,217,56.233333333333334,-0.5714924931526184,-0.8515067652737238
BH_s34_medium,49,218,56.266666666666666,-0.5891108512878418,-1.0302264470110032
BH_s34_medium,49,219,56.3,-0.639655351638794,-1.2180030269099096
BH_s34_medium,49,220,56.333333333333336,-0.7257446050643921,-1.3983535019409452
BH_s34_medium,49,221,56.36666666666667,-0.7921616435050964,-1.543579116693267
BH_s34_medium,49,222,56.4,-0.8427060842514038,-1.6191356600276847
BH_s34_medium,49,223,56.43333333333333,-0.8667429089546204,-1.590907163022341
BH_s34_medium,49,224,56.46666666666667,-0.5486244559288025,-1.4344343321180852
BH_s34_medium,49,225,56.5,0.09767060726881027,-1.143782374741668
BH_s34_medium,49,226,56.53333333333333,0.9320046305656433,-0.7367788534246
BH_s34_medium,49,227,56.56666666666667,1.3921302556991577,-0.25392500987898464
BH_s34_medium,49,228,56.6,1.3131722211837769,0.2493464867721713
BH_s34_medium,49,229,56.63333333333333,1.04179847240448,0.7146475933494406
BH_s34_medium,49,230,56.666666666666664,0.6925119161605835,1.0929560624179995
BH_s34_medium,49,231,56.7,0.44431424140930176,1.3535544818228462
BH_s34_medium,49,232,56.733333333333334,0.3026030361652374,1.487239005116286
BH_s34_medium,49,233,56.766666666666666,0.3026030361652374,1.5036238279531777
BH_s34_medium,49,234,56.8,0.3540204167366028,1.4245812071255919
BH_s34_medium,49,235,56.833333333333336,0.3540204167366028,1.2767798979124412
BH_s34_medium,49,236,56.86666666666667,0.2987912595272064,1.0853911046485132
BH_s34_medium,49,237,56.9,0.09486756473779678,0.8696925409468532
BH_s34_medium,49,238,56.93333333333333,-0.0576387420296669,0.6409150254932078
BH_s34_medium,49,239,56.96666666666667,-0.26156243681907654,0.4028339855681775
BH_s34_medium,50,0,50.0,1.4098429679870605,0.20219231944869723
BH_s34_medium,50,1,50.03333333333333,1.2777467966079712,0.3213438119935819
BH_s34_medium,50,2,50.06666666666667,0.9452593326568604,0.42392838189312576
BH_s34_medium,50,3,50.1,0.639373779296875,0.4965141588043904
BH_s34_medium,50,4,50.13333333333333,0.4328719973564148,0.5276518764696222
BH_s34_medium,50,5,50.166666666666664,0.3540204167366028,0.5104923389159375
BH_s34_medium,50,6,50.2,0.3540204167366028,0.44526852527192606
BH_s34_medium,50,7,50.233333333333334,0.3753848373889923,0.3399461266747225
BH_s34_medium,50,8,50.266666666666666,0.3540204167366028,0.20862303558862288
BH_s34_medium,50,9,50.3,0.26336583495140076,0.06869347312799264
BH_s34_medium,50,10,50.333333333333336,0.059442147612571716,-0.06227450302979503
BH_s34_medium,50,11,50.36666666666667,-0.09306415915489197,-0.16978056669439467
BH_s34_medium,50,12,50.4,-0.2969878613948822,-0.2456675673649018
BH_s34_medium,50,13,50.43333333333333,-0.4333672523498535,-0.29076669588883286
BH_s34_medium,50,14,50.46666666666667,-0.4686577022075653,-0.3157937960511566
BH_s34_medium,50,15,50.5,-0.5200750827789307,-0.3395501063287993
BH_s34_medium,50,16,50.53333333333333,-0.5200750827789307,-0.38430766471590094
BH_s34_medium,50,17,50.56666666666667,-0.5200750827789307,-0.46928958586784353
BH_s34_medium,50,18,50.6,-0.5200750827789307,-0.603864035235956
BH_s34_medium,50,19,50.63333333333333,-0.5714924931526184,-0.7822875999336832
BH_s34_medium,50,20,50.666666666666664,-0.6229098439216614,-0.9816176008431978
BH_s34_medium,50,21,50.7,-0.6834707856178284,-1.1638647396301405
BH_s34_medium,50,22,50.733333333333334,-0.7340152859687805,-1.2826347277470003
BH_s34_medium,50,23,50.766666666666666,-0.8285793662071228,-1.2934034602839275
BH_s34_medium,50,24,50.8,-0.6482279300689697,-1.1652863268595157
BH_s34_medium,50,25,50.833333333333336,-0.07482457906007767,-0.8910520293080211
BH_s34_medium,50,26,50.86666666666667,0.6493392586708069,-0.4918155360697422
BH_s34_medium,50,27,50.9,1.2873454093933105,-0.014054666978220963
BH_s34_medium,50,28,50.93333333333333,1.3279175758361816,0.4806929972287558
BH_s34_medium,50,29,50.96666666666667,1.1166402101516724,0.9302990883952731
BH_s34_medium,50,30,51.0,0.7614974975585938,1.2861509624394374
BH_s34_medium,50,31,51.03333333333333,0.4560263752937317,1.5226672604882348
BH_s34_medium,50,32,51.06666666666667,0.3030615448951721,1.6395283062638286
BH_s34_medium,50,33,51.1,0.25118565559387207,1.6562988477858438
BH_s34_medium,50,34,51.13333333333333,0.3026030361652374,1.601749346348182
BH_s34_medium,50,35,51.166666666666664,0.3540204167366028,1.502074051465362
BH_s34_medium,50,36,51.2,0.3065532147884369,1.3724750507657852
BH_s34_medium,50,37,51.233333333333334,0.15799710154533386,1.2150073148545457
BH_s34_medium,50,38,51.266666666666666,-0.00020523220882751048,1.022776571715418
BH_s34_medium,50,39,51.3,-0.19843289256095886,0.7879521482401622
BH_s34_medium,50,40,51.333333333333336,-0.358381062746048,0.5098422896499792
BH_s34_medium,50,41,51.36666666666667,-0.4603429138660431,0.19968193271291368
BH_s34_medium,50,42,51.4,-0.5108873844146729,-0.11968796194071918
BH_s34_medium,50,43,51.43333333333333,-0.5200750827789307,-0.41906732353297427
BH_s34_medium,50,44,51.46666666666667,-0.5200750827789307,-0.6710886287643555
BH_s34_medium,50,45,51.5,-0.5200750827789307,-0.8583859997567791
BH_s34_medium,50,46,51.53333333333333,-0.5200750827789307,-0.9789073937183667
BH_s34_medium,50,47,51.56666666666667,-0.5714924931526184,-1.0466194848963546
BH_s34_medium,50,48,51.6,-0.6229098439216614,-1.0873777385405627
BH_s34_medium,50,49,51.63333333333333,-0.6743272542953491,-1.1310392093184238
BH_s34_medium,50,50,51.666666666666664,-0.7257446050643921,-1.201622941177426
BH_s34_medium,50,51,51.7,-0.7771620154380798,-1.3077157761687577
BH_s34_medium,50,52,51.733333333333334,-0.6766604781150818,-1.4356849296786176
BH_s34_medium,50,53,51.766666666666666,-0.1374298483133316,-1.5484299887173298
BH_s34_medium,50,54,51.8,0.6080577373504639,-1.5918303345722813
BH_s34_medium,50,55,51.833333333333336,1.279689908027649,-1.5090869880240423
BH_s34_medium,50,56,51.86666666666667,1.4852027893066406,-1.259878798770696
BH_s34_medium,50,57,51.9,1.294960379600525,-0.8379529989360021
BH_s34_medium,50,58,51.93333333333333,0.9890747666358948,-0.27949848012343764
BH_s34_medium,50,59,51.96666666666667,0.7105793356895447,0.34270288290269346
BH_s34_medium,50,60,52.0,0.5331727862358093,0.938097387375733
BH_s34_medium,50,61,52.03333333333333,0.4568551778793335,1.4228720335437754
BH_s34_medium,50,62,52.06666666666667,0.4568551778793335,1.7409151828793497
BH_s34_medium,50,63,52.1,0.4568551778793335,1.8744135347461097
BH_s34_medium,50,64,52.13333333333333,0.382412314414978,1.842072320808897
BH_s34_medium,50,65,52.166666666666664,0.2582978904247284,1.6876549525741604
BH_s34_medium,50,66,52.2,0.05437420681118965,1.4642781525189734
BH_s34_medium,50,67,52.233333333333334,-0.09813210368156433,1.220063873756509
BH_s34_medium,50,68,52.266666666666666,-0.2506384253501892,0.9888812115310017
BH_s34_medium,50,69,52.3,-0.38448384404182434,0.7872515158835746
BH_s34_medium,50,70,52.333333333333336,-0.4350282847881317,0.616304850157129
BH_s34_medium,50,71,52.36666666666667,-0.4686577022075653,0.46667082459006404
BH_s34_medium,50,72,52.4,-0.4686577022075653,0.32432748220101487
BH_s34_medium,50,73,52.43333333333333,-0.4838269352912903,0.17603470378409136
BH_s34_medium,50,74,52.46666666666667,-0.5200750827789307,0.01338783650350822
BH_s34_medium,50,75,52.5,-0.5714924931526184,-0.16527893359526888
BH_s34_medium,50,76,52.53333333333333,-0.6229098439216614,-0.3555735731734784
BH_s34_medium,50,77,52.56666666666667,-0.6743272542953491,-0.549967651579017
BH_s34_medium,50,78,52.6,-0.7257446050643921,-0.7415240651122561
BH_s34_medium,50,79,52.63333333333333,-0.7870936989784241,-0.9263430005396432
BH_s34_medium,50,80,52.666666666666664,-0.8285793662071228,-1.1030854031176074
BH_s34_medium,50,81,52.7,-0.6848152279853821,-1.2693525148939027
BH_s34_medium,50,82,52.733333333333334,-0.06485825777053833,-1.4164257745950815
BH_s34_medium,50,83,52.766666666666666,0.662627637386322,-1.5251359083760432
BH_s34_medium,50,84,52.8,1.2906675338745117,-1.5657992584735754
BH_s34_medium,50,85,52.833333333333336,1.377673864364624,-1.5039518165842451
BH_s34_medium,50,86,52.86666666666667,1.1614134311676025,-1.311262985037825
BH_s34_medium,50,87,52.9,0.8079317212104797,-0.9783201389352413
BH_s34_medium,50,88,52.93333333333333,0.5555390119552612,-0.5241565712197833
BH_s34_medium,50,89,52.96666666666667,0.40423527359962463,0.0022550182624164593
BH_s34_medium,50,90,53.0,0.3540204167366028,0.5304387744709227
BH_s34_medium,50,91,53.03333333333333,0.3540204167366028,0.9845933842426409
BH_s34_medium,50,92,53.06666666666667,0.3540204167366028,1.3020960387637432
BH_s34_medium,50,93,53.1,0.3048921823501587,1.448106579994989
BH_s34_medium,50,94,53.13333333333333,0.15467499196529388,1.4219847445736515
BH_s34_medium,50,95,53.166666666666664,-0.0018662854563444853,1.2546769793047199
BH_s34_medium,50,96,53.2,-0.20175500214099884,0.9992823082820952
BH_s34_medium,50,97,53.233333333333334,-0.3542613089084625,0.7182209946716744
BH_s34_medium,50,98,53.266666666666666,-0.4620039761066437,0.46974489981947987
BH_s34_medium,50,99,53.3,-0.5200750827789307,0.29567667644373785
BH_s34_medium,50,100,53.333333333333336,-0.5200750827789307,0.21255329833229847
BH_s34_medium,50,101,53.36666666666667,-0.5200750827789307,0.20870012990430217
BH_s34_medium,50,102,53.4,-0.5613470673561096,0.2486683113054601
BH_s34_medium,50,103,53.43333333333333,-0.5714924931526184,0.28418551730379854
BH_s34_medium,50,104,53.46666666666667,-0.6229098439216614,0.2685744198703052
BH_s34_medium,50,105,53.5,-0.6743272542953491,0.17063024634882754
BH_s34_medium,50,106,53.53333333333333,-0.7257446050643921,-0.01548842106312104
BH_s34_medium,50,107,53.56666666666667,-0.7771620154380798,-0.26668645859882645
BH_s34_medium,50,108,53.6,-0.8646138310432434,-0.5350910880404531
BH_s34_medium,50,109,53.63333333333333,-0.8448352217674255,-0.759872352240108
BH_s34_medium,50,110,53.666666666666664,-0.41717803478240967,-0.8840451261649115
BH_s34_medium,50,111,53.7,0.2614244818687439,-0.8711761230692836
BH_s34_medium,50,112,53.733333333333334,1.0120337009429932,-0.7164811845999415
BH_s34_medium,50,113,53.766666666666666,1.3626205921173096,-0.4487320853158092
BH_s34_medium,50,114,53.8,1.2179393768310547,-0.12278537505824974
BH_s34_medium,50,115,53.833333333333336,0.8513328433036804,0.194405163941655
BH_s34_medium,50,116,53.86666666666667,0.472536563873291,0.44007362016283297
BH_s34_medium,50,117,53.9,0.2462466061115265,0.5700927107432362
BH_s34_medium,50,118,53.93333333333333,0.14835089445114136,0.5681937968786056
BH_s34_medium,50,119,53.96666666666667,0.2262006402015686,0.44776759213116313
BH_s34_medium,50,120,54.0,0.3281624913215637,0.24587515668923487
BH_s34_medium,50,121,54.03333333333333,0.3540204167366028,0.011440636170168252
BH_s34_medium,50,122,54.06666666666667,0.2549757957458496,-0.20824074615998292
BH_s34_medium,50,123,54.1,0.05105210095643997,-0.3780058385612421
BH_s34_medium,50,124,54.13333333333333,-0.15287159383296967,-0.47947675786642385
BH_s34_medium,50,125,54.166666666666664,-0.3567952811717987,-0.5099268006848602
BH_s34_medium,50,126,54.2,-0.48897963762283325,-0.4776401874822602
BH_s34_medium,50,127,54.233333333333334,-0.5200750827789307,-0.3967399578677089
BH_s34_medium,50,128,54.266666666666666,-0.5200750827789307,-0.28371171176130244
BH_s34_medium,50,129,54.3,-0.5200750827789307,-0.15625033602391594
BH_s34_medium,50,130,54.333333333333336,-0.5200750827789307,-0.03343740032458725
BH_s34_medium,50,131,54.36666666666667,-0.5200750827789307,0.06458214940189828
BH_s34_medium,50,132,54.4,-0.5714924931526184,0.11892077894127592
BH_s34_medium,50,133,54.43333333333333,-0.6229098439216614,0.11650670842551246
BH_s34_medium,50,134,54.46666666666667,-0.6876658201217651,0.055583881626788206
BH_s34_medium,50,135,54.5,-0.7771620154380798,-0.050284087831933576
BH_s34_medium,50,136,54.53333333333333,-0.816986620426178,-0.17230124921134302
BH_s34_medium,50,137,54.56666666666667,-0.5071733593940735,-0.27199814402479355
BH_s34_medium,50,138,54.6,0.17570896446704865,-0.31130087588961675
BH_s34_medium,50,139,54.63333333333333,0.9824297428131104,-0.26381215604561703
BH_s34_medium,50,140,54.666666666666664,1.4418865442276,-0.12301641917836606
BH_s34_medium,50,141,54.7,1.412100911140442,0.09575778096944058
BH_s34_medium,50,142,54.733333333333334,1.0998600721359253,0.3599436621143952
BH_s34_medium,50,143,54.766666666666666,0.7489124536514282,0.6284208406607089
BH_s34_medium,50,144,54.8,0.4990537166595459,0.8607001053978081
BH_s34_medium,50,145,54.833333333333336,0.3540204167366028,1.0239424467817615
BH_s34_medium,50,146,54.86666666666667,0.3540204167366028,1.0970961128458052
BH_s34_medium,50,147,54.9,0.3560110926628113,1.0728344943239754
BH_s34_medium,50,148,54.93333333333333,0.4043200612068176,0.957888305167766
BH_s34_medium,50,149,54.96666666666667,0.3023582100868225,0.7714796122847996
BH_s34_medium,50,150,55.0,0.14960706233978271,0.5412116175639269
BH_s34_medium,50,151,55.03333333333333,-0.05581763759255409,0.29666609487261847
BH_s34_medium,50,152,55.06666666666667,-0.25824034214019775,0.06264552910746794
BH_s34_medium,50,153,55.1,-0.4139934778213501,-0.14525727035772484
BH_s34_medium,50,154,55.13333333333333,-0.4686577022075653,-0.3213736658867905
BH_s34_medium,50,155,55.166666666666664,-0.5200750827789307,-0.4677154182257097
BH_s34_medium,50,156,55.2,-0.5200750827789307,-0.5907205699526756
BH_s34_medium,50,157,55.233333333333334,-0.5200750827789307,-0.6986480403245316
BH_s34_medium,50,158,55.266666666666666,-0.5200750827789307,-0.8000453862969759
BH_s34_medium,50,159,55.3,-0.5714924931526184,-0.9024979726353469
BH_s34_medium,50,160,55.333333333333336,-0.6135525703430176,-1.0105291392150948
BH_s34_medium,50,161,55.36666666666667,-0.6640970706939697,-1.1223350332120434
BH_s34_medium,50,162,55.4,-0.7146415114402771,-1.2265096279426537
BH_s34_medium,50,163,55.43333333333333,-0.7771620154380798,-1.3008793499531348
BH_s34_medium,50,164,55.46666666666667,-0.8285793662071228,-1.3151512099710274
BH_s34_medium,50,165,55.5,-0.6640754342079163,-1.237573361891207
BH_s34_medium,50,166,55.53333333333333,-0.09346990287303925,-1.0441058735438173
BH_s34_medium,50,167,55.56666666666667,0.7289850115776062,-0.727440037148223
BH_s34_medium,50,168,55.6,1.403499722480774,-0.30294629939126083
BH_s34_medium,50,169,55.63333333333333,1.5366202592849731,0.1908316623455534
BH_s34_medium,50,170,55.666666666666664,1.3337926864624023,0.6982950948078285
BH_s34_medium,50,171,55.7,0.9954490661621094,1.1585141341739251
BH_s34_medium,50,172,55.733333333333334,0.7536066770553589,1.5188841704480232
BH_s34_medium,50,173,55.766666666666666,0.5803951621055603,1.7457933457556152
BH_s34_medium,50,174,55.8,0.5082725882530212,1.8289030241034645
BH_s34_medium,50,175,55.833333333333336,0.5082725882530212,1.7788039231042
BH_s34_medium,50,176,55.86666666666667,0.4568551778793335,1.6204708153481024
BH_s34_medium,50,177,55.9,0.37821727991104126,1.3857811666462991
BH_s34_medium,50,178,55.93333333333333,0.24990785121917725,1.1073443921500614
BH_s34_medium,50,179,55.96666666666667,0.04598415642976761,0.8142140031040054
BH_s34_medium,50,180,56.0,-0.10652215033769608,0.5290680014487815
BH_s34_medium,50,181,56.03333333333333,-0.2867169976234436,0.26651949752766696
BH_s34_medium,50,182,56.06666666666667,-0.3886788487434387,0.03281410468401995
BH_s34_medium,50,183,56.1,-0.4686577022075653,-0.17275954545674027
BH_s34_medium,50,184,56.13333333333333,-0.5200750827789307,-0.3552832539121016
BH_s34_medium,50,185,56.166666666666664,-0.5200750827789307,-0.5217031324814064
BH_s34_medium,50,186,56.2,-0.5200750827789307,-0.6792080632633604
BH_s34_medium,50,187,56.233333333333334,-0.5714924931526184,-0.8342213776850869
BH_s34_medium,50,188,56.266666666666666,-0.5891108512878418,-0.9911149882358539
BH_s34_medium,50,189,56.3,-0.639655351638794,-1.1499442103510458
BH_s34_medium,50,190,56.333333333333336,-0.7257446050643921,-1.303343937235567
BH_s34_medium,50,191,56.36666666666667,-0.7921616435050964,-1.4339628203097268
BH_s34_medium,50,192,56.4,-0.8427060842514038,-1.5147654478542094
BH_s34_medium,50,193,56.43333333333333,-0.8667429089546204,-1.513980573145625
BH_s34_medium,50,194,56.46666666666667,-0.5486244559288025,-1.4040836896582074
BH_s34_medium,50,195,56.5,0.09767060726881027,-1.1716621186734988
BH_s34_medium,50,196,56.53333333333333,0.9320046305656433,-0.8242363672635061
BH_s34_medium,50,197,56.56666666666667,1.3921302556991577,-0.3913462110898112
BH_s34_medium,50,198,56.6,1.3131722211837769,0.08050774447008928
BH_s34_medium,50,199,56.63333333333333,1.04179847240448,0.5374324227374387
BH_s34_medium,50,200,56.666666666666664,0.6925119161605835,0.9295364981148921
BH_s34_medium,50,201,56.7,0.44431424140930176,1.2210409060953473
BH_s34_medium,50,202,56.733333333333334,0.3026030361652374,1.3959621182469568
BH_s34_medium,50,203,56.766666666666666,0.3026030361652374,1.457600971743826
BH_s34_medium,50,204,56.8,0.3540204167366028,1.4230817992984839
BH_s34_medium,50,205,56.833333333333336,0.3540204167366028,1.3164809146877057
BH_s34_medium,50,206,56.86666666666667,0.2987912595272064,1.1635752264610983
BH_s34_medium,50,207,56.9,0.09486756473779678,0.988898038562117
BH_s34_medium,50,208,56.93333333333333,-0.0576387420296669,0.8138350225264226
BH_s34_medium,50,209,56.96666666666667,-0.26156243681907654,0.654154726777112
BH_s34_medium,50,210,57.0,-0.4156545400619507,0.5166051230361542
BH_s34_medium,50,211,57.03333333333333,-0.4686577022075653,0.39594961237232335
BH_s34_medium,50,212,57.06666666666667,-0.5200750827789307,0.2747578580667942
BH_s34_medium,50,213,57.1,-0.47286224365234375,0.12773903255789
BH_s34_medium,50,214,57.13333333333333,-0.4686577022075653,-0.06944889181834304
BH_s34_medium,50,215,57.166666666666664,-0.4686577022075653,-0.329294708866372
BH_s34_medium,50,216,57.2,-0.5200750827789307,-0.6434296459051386
BH_s34_medium,50,217,57.233333333333334,-0.5714924931526184,-0.9795145670379252
BH_s34_medium,50,218,57.266666666666666,-0.6229098439216614,-1.2861588398147223
BH_s34_medium,50,219,57.3,-0.7163025736808777,-1.5050388057914397
BH_s34_medium,50,220,57.333333333333336,-0.7771620154380798,-1.5865828934171864
BH_s34_medium,50,221,57.36666666666667,-0.6967030167579651,-1.5042531693457697
BH_s34_medium,50,222,57.4,-0.14174425601959229,-1.2631222190593077
BH_s34_medium,50,223,57.43333333333333,0.559054970741272,-0.9003904030985592
BH_s34_medium,50,224,57.46666666666667,1.1728893518447876,-0.47765603391866157
BH_s34_medium,50,225,57.5,1.294212818145752,-0.06672270354978976
BH_s34_medium,50,226,57.53333333333333,1.0691038370132446,0.2675973259084391
BH_s34_medium,50,227,57.56666666666667,0.7118008732795715,0.48310294718889907
BH_s34_medium,50,228,57.6,0.38861703872680664,0.5695738855583763
BH_s34_medium,50,229,57.63333333333333,0.21793949604034424,0.5487234670022624
BH_s34_medium,50,230,57.666666666666664,0.1997682750225067,0.4646348371661643
BH_s34_medium,50,231,57.7,0.2826859652996063,0.3679924695223446
BH_s34_medium,50,232,57.733333333333334,0.3332304358482361,0.29963403502115926
BH_s34_medium,50,233,57.766666666666666,0.3242659270763397,0.27908160755790584
BH_s34_medium,50,234,57.8,0.14200514554977417,0.30172476775864415
BH_s34_medium,50,235,57.833333333333336,-0.03390990570187569,0.34499539304428484
BH_s34_medium,50,236,57.86666666666667,-0.21442486345767975,0.3804676723010025
BH_s34_medium,50,237,57.9,-0.3920857310295105,0.3866859716994015
BH_s34_medium,50,238,57.93333333333333,-0.4686577022075653,0.3575580383024834
BH_s34_medium,50,239,57.96666666666667,-0.5200750827789307,0.30334697078628664
